,R513A_UNIT,R513A_UNIT,R513A_UNIT,R513A_UNIT,R513A_UNIT,R513A_UNIT,R513A_UNIT,R513A_UNIT,R513A_UNIT,R513A_UNIT,R513A_UNIT,R513A_UNIT,R513A_UNIT,R513A_UNIT,R513A_UNIT,R513A_UNIT,R513A_UNIT,R513A_UNIT,R513A_UNIT,R513A_UNIT,R513A_UNIT,R513A_UNIT,R513A_UNIT,R513A_UNIT,R513A_UNIT,R513A_UNIT,R513A_UNIT,R513A_UNIT,R513A_UNIT,R513A_UNIT,R513A_UNIT,R513A_UNIT,R513A_UNIT,R513A_UNIT,R513A_UNIT,R513A_UNIT,R513A_UNIT,R513A_UNIT,R513A_UNIT,R513A_UNIT,R513A_UNIT,R513A_UNIT,R513A_UNIT,R513A_UNIT,R513A_UNIT,R513A_UNIT,R513A_UNIT,R513A_UNIT,R513A_UNIT,R513A_UNIT,R513A_UNIT,R513A_UNIT,R513A_UNIT,R513A_UNIT,R513A_UNIT,R513A_UNIT,R513A_UNIT,R513A_UNIT,R513A_UNIT,R513A_UNIT,R513A_UNIT,R513A_UNIT,R513A_UNIT,R513A_UNIT,R513A_UNIT,R513A_UNIT,R513A_UNIT,R513A_UNIT,R513A_UNIT,R513A_UNIT,R513A_UNIT,R513A_UNIT,R513A_UNIT,R513A_UNIT,R513A_UNIT,R513A_UNIT,R513A_UNIT,R513A_UNIT,R513A_UNIT,R513A_UNIT,R513A_UNIT,R513A_UNIT,R513A_UNIT,R513A_UNIT,R513A_UNIT,R513A_UNIT,R513A_UNIT,R513A_UNIT,R513A_UNIT,R513A_UNIT,R513A_UNIT,R513A_UNIT,R513A_UNIT,R513A_UNIT,R513A_UNIT,R513A_UNIT,R513A_UNIT,R513A_UNIT,R513A_UNIT,R513A_UNIT,R513A_UNIT,R513A_UNIT,R513A_UNIT,R513A_UNIT,R513A_UNIT,R513A_UNIT,R513A_UNIT,R513A_UNIT,R513A_UNIT,R513A_UNIT,R513A_UNIT,R513A_UNIT,R513A_UNIT,R513A_UNIT,R513A_UNIT,R513A_UNIT,R513A_UNIT,R513A_UNIT,R513A_UNIT,R513A_UNIT,R513A_UNIT,R513A_UNIT,R513A_UNIT,R513A_UNIT,R513A_UNIT,LOGGER,LOGGER,LOGGER,LOGGER,LOGGER,LOGGER,LOGGER,LOGGER,LOGGER,LOGGER,LOGGER,LOGGER,LOGGER,LOGGER,LOGGER,LOGGER,LOGGER,LOGGER,LOGGER,LOGGER,LOGGER,LOGGER,LOGGER,LOGGER,LOGGER,LOGGER,LOGGER,LOGGER,LOGGER,LOGGER,LOGGER,LOGGER,LOGGER,LOGGER,LOGGER,LOGGER,LOGGER,LOGGER,LOGGER,LOGGER,LOGGER,LOGGER,LOGGER,LOGGER,LOGGER,LOGGER,LOGGER,LOGGER,LOGGER,LOGGER,LOGGER,LOGGER,LOGGER,LOGGER,LOGGER,LOGGER,LOGGER,LOGGER,LOGGER,LOGGER,LOGGER,LOGGER,LOGGER,LOGGER,LOGGER,LOGGER,LOGGER,LOGGER,LOGGER,LOGGER,LOGGER,LOGGER,LOGGER,LOGGER,LOGGER,LOGGER,LOGGER,LOGGER,LOGGER,LOGGER,LOGGER,LOGGER,LOGGER,LOGGER,LOGGER,LOGGER,LOGGER,LOGGER,LOGGER,LOGGER,LOGGER,LOGGER,LOGGER,LOGGER,LOGGER,LOGGER,LOGGER,LOGGER,LOGGER,LOGGER,LOGGER,LOGGER,LOGGER,LOGGER,LOGGER,LOGGER,LOGGER,LOGGER,LOGGER,LOGGER,LOGGER,LOGGER,LOGGER,LOGGER,LOGGER,LOGGER,LOGGER,LOGGER,LOGGER,LOGGER,LOGGER,LOGGER,LOGGER,LOGGER,LOGGER,LOGGER,LOGGER,LOGGER,LOGGER,LOGGER,LOGGER,LOGGER,LOGGER,LOGGER,LOGGER,LOGGER,LOGGER,LOGGER,LOGGER,LOGGER,LOGGER,LOGGER,LOGGER,LOGGER,LOGGER,LOGGER,TEST_STATION,TEST_STATION,TEST_STATION,TEST_STATION,TEST_STATION,TEST_STATION,TEST_STATION,TEST_STATION,TEST_STATION,TEST_STATION,TEST_STATION,TEST_STATION,TEST_STATION,TEST_STATION,TEST_STATION,TEST_STATION,TEST_STATION,TEST_STATION,TEST_STATION,TEST_STATION,TEST_STATION,TEST_STATION,TEST_STATION,TEST_STATION,TEST_STATION,TEST_STATION,TEST_STATION,TEST_STATION,TEST_STATION,TEST_STATION,TEST_STATION,TEST_STATION,TEST_STATION,TEST_STATION,TEST_STATION,TEST_STATION,TEST_STATION,TEST_STATION,TEST_STATION,TEST_STATION,TEST_STATION,TEST_STATION,TEST_STATION,TEST_STATION,TEST_STATION,TEST_STATION,TEST_STATION,TEST_STATION,TEST_STATION,TEST_STATION,TEST_STATION,TEST_STATION,TEST_STATION,TEST_STATION,TEST_STATION,TEST_STATION,TEST_STATION,TEST_STATION,TEST_STATION,TEST_STATION,TEST_STATION,TEST_STATION,TEST_STATION,TEST_STATION,TEST_STATION,TEST_STATION,TEST_STATION,CHAMBER,CHAMBER,CHAMBER,CHAMBER,CHAMBER,CHAMBER,CHAMBER,CHAMBER,CHAMBER,CHAMBER,CHAMBER,CHAMBER,CHAMBER,CHAMBER,CHAMBER,CHAMBER,CHAMBER,CHAMBER,CHAMBER,CHAMBER,CHAMBER,CHAMBER,CHAMBER,CHAMBER,CHAMBER,CHAMBER,CHAMBER,CHAMBER,CHAMBER,CHAMBER,CHAMBER,CHAMBER,CHAMBER,CHAMBER,CHAMBER,CHAMBER,CHAMBER,CHAMBER,CHAMBER,CHAMBER,CHAMBER
TIME,Cycle_Status,Unit_SN,Heat_Call,Defrost,Alarm_Register_1,Alarm_Register_2,Alarm_Register_3,AMB_Fahr_W,Cond_LWT_Fahr_W,Cond_EWT_Fahr_W,Cond_Flow_F,Evap1_Fahr_W,Evap2_Fahr_W,Cold_Sensor_Fahr_W,Warm_Sensor_Fahr_W,SLT_Fahr_W,SH_F,DLP_W,SLP_W,Flow_Percent_Set_W,VFP_Head_ft_F,Circ_Pump_Output,Evap_Flow_Output,LLSV_Output,Comp_Output,HGBV_Output,AOTS,Remote_Enable,Comp_Feedback,MMP_Aux,Voltage_Monitor,O.P.S.S.,F.C._Aux,Evap_Flow,Pan_Sensor,Damper_Switch,TT_High,TT_ODR,Cond_Heat_Output,Defrost_Heat_Output,Pan_Heat_Output,PD_ctl,SP_HC_Cut_In,EWT_Block,MP_HC_Cut_In,MP_HC_Cut_Out,BMS_Heat_Call,MCP6_HC_Rgstr,Master_Comm_Status,Member_Unit_Status,MCPLA_HeatCall,mqtt_member_status,Cond_Flow_Verif,Flow_Valve_Verif,PID_Start,Pump_OFF_Delay,HGBV_Max,Post_HGBV_Fan,Defrost_Enable,VFP_Setpoint_W,Hardware_IO_Map_W,K2_EEV_POS,Tank_Storage_Temp,Demand_Diff,Cold_Sensor_Cut_In_F,Hot_Sensor_Cut_In_F,Cond_LWT_Input_F,Startup_GPM_F,CFlow_Low_Limit_F,Start_Valve_Pos_F,Min_Valve_Pos_F,Defrost_Cut_In_F,Defrost_Cut_Out_F,HGBV_PSIG_Cut_In_F,HGBV_PSIG_Cut_Out_F,Freeze_Po_1_Cut_In,Freeze_Po_1_Cut_Out,Freeze_Pro_2_Cut_In,Freeze_Pro_2_Cut_Out,WS_FrzPro2_Cut_In,WS_FrzPro2_Cut_Out,Purge_Cut_Out_Fahr_F,Kp_Input,Ki_Input,Kd_Input,PID_Start_Diff_F,Pump_Delay_Time,Max_Pump_Duration,CFlow_VerifFail_Time,Manual_EvapFlow_TIME,EFlow_VerifFail_Time,Defr_Cut_In_Delay_W,Def_Enable_Time_W,Def_Max_Dur_Time_W,Post_Def_Fan_Time_W,HGBV_Duration_W,PostHGBVFan_Time_W,Max_Purge_Time,SinglePass_Config,Glycol_Source_Config,CWP_Config,K2_Config,Standby_Valve_Pos,HGBV_Defrost_Enable,HGBV_Disable,Unit_Model,Pump_Down_PSIG_F,Amb_Range_LOW,InitSV_Max_F,SrcTemp_SwitchTemp_F,EWT_Cut_Out_F,Demand_Mode,Unit_number,StaticIP_Status,ODR_LWT_Min_F,ODR_LWT_Max_F,ODR_Amb_Min_F,ODR_Amb_Max_F,HPB_WWSD_F,Password_Lock,Dev_psswrd_Lock,Service_Lock,Manual_Ctl_Status_W,Ducted_Config,Fans_Adj_Input_F,EWT_float,LWT_float,dT_float,GPM_float,Capacity,KW_float,KWX3412_float,COP,VFD_Hz_W,CompVFD_ErrorCode,CompVFD_Status,GPMXdT,VFD_Hz_Setpoint_W,FlowValve_FB%,FlowValve_SetPont,GPM_ps_1X10_float,GPM_ps_2X100_float,GPM_ps_1_float,GPM_ps_2_float,Amb_unit,VFP_ctl_Word_1_W,VFP_Ctl_Mode_W,VFP_Operation_Mode_W,VFP_Ctl_Setpoint_W,Fans_Spd_Disp_F,VFP_Status_Word_1_W,VFP_ProcFB_Status_W,VFP_CtlMode_Status_W,VFP_OpMode_Status_W,VFP_Alarm_Code_W,VFP_Warning_Code_W,VFP_Head_W,VFP_Flow_W,VFP_Performance_W,VFP_Speed_W,VFP_Freq_W,VFP_Dig_Inputs_W,VFP_Dig_Outputs_W,VFP_Pwr_Lo_W,VFP_RemoteFlow_W,VFP_InletPress_W,VFP_RemotePress1_W,VFP_FeedTankLvl_W,VFP_PwrEleTemp_W,VFP_MotorTemp_W,VFP_RemoteTemp1_W,VFP_EleTemp_W,VFP_LiquidTemp_W,CMRC_Alarm_1,CMRC_Alarm_2,CMRC_Alarm_3,CMRC_Alarm_4,CMRC_Alarm_5,CMRC_Alarm_6,CMRC_Alarm_7,CMRC_Alarm_8,CMRC_Alarm_9,CMRC_Alarm_10,K2_SuperHeat,K2_SLP,K2_SatT,K2_SLT,K2_NA1,K2_EEV_POS,K2_DLT,K2_Relay,K2_Alarm,K2_System,K2_Firm,VFP_head_F_feet,GPM_vfp,VFP_SetPoint_F,EWT_Raw,LWT_Raw,LLT_Raw,DLT_Raw,GPM_prosense_1X10,GPM_prosense_2X100,Temp_prosense_1,Temp_prosense_2,LLP,Water_Pressure_Out,LLT_Raw_C270,DLT_Raw_C270,SourceWater_EWT_C270,SourceWater_LWT_C270,Tekmar_Loop_LWT_C270,Compressor_head_Temp,LWT_SM_3_Raw,Compressor_head_X10,Compressor_head_F,EWT_Float,LWT_Float,LLT_Float,DLT_Float,LLP_SM_I_Float,LWT_SM_I_Float,LWT_SM_2_Float,LWT_SM_3_Float,AIR_TEMP_F_FL_ub,RH_FL,RH_FL_UB,EWT_Thermowell_ANSI,LWT_Thermowell_ANSI,LLT,DLT,EWT_SM_Internal,LWT_SM_Internal,LWT_SM_2,LWT_SM_3,DLP_Word,Ambient_air_temp,RH,DefrostCutOut,DefrostDelayTimer,DefrostMaxDurTimer,DefrostEnableTimer,DefrostEnableTC,LWTSet,Voltage_monitor,AlarmReg_1,AlarmReg_2,AlarmReg_3,PhAVolt_C90,PhAAmps_C90,PhBVolt_C90,PhBAmp_C90,PhCVolt_C90,PhCAmp_C90,TruPwr3Ph_C90,ReacPwr3Ph_C90,AprntPwr3Ph_C90,NetEnergy_C90,UnsignedEnergy_C90,PositiveEng_C90,NegativeEng_C90,NetReactiveEng_C90,NetApparentEng_C90,PowFac3ph_C90,PSIG_Table_START,SSLT_Table_START,Fist_Match_LLP_W,x2_LLP_First_Match_D,SLLT_Lookup_I,SLLT_F,SubCooling_F,CondFlowLoss_Fault,HotTankT_lo,HotTankT_hi,Cooler_EWT_lo,Cooler_EWT_hi,Cooler_LWT_lo,Cooler_LWT_hi,CoolFlowRt_lo,CoolFlowRt_hi,HW_Pump_set,HTank_cutIn,HTank_cutOut,ChillerFanPercent,ColdTankT_lo,ColdTankT_hi,EvapHeadrRetT_lo,EvapHeadrRetT_hi,EvapHeadrSupT_lo,EvapHeadrSupT_hi,Evap_Pump_set,CTank_cutIn,CTank_cutOut,HeatingEnable,Cond_hd_Sply,condReturnT_hi,EvapHeadrFlowIn_l,EvapHeadrFlowIn_h,CoolerFanFreq,condPumpFreq,evapPumpFreq_l,evapPumpFreq_h,AMTemp_low,AMTemp_high,Cooling_Cap,AMB_RH,HTank_cutIn_F,SupplyHeaderInletR,SupplyHeaderInletS,ReturnHeaderOutletR,ReturnHeaderOutletS,BoilerControlVR,BoilerControlVS,HotTankR,HotTankS,FluidCoolerInletR,FluidCoolerInletS,FluidCoolerOutletR,FluidCoolerOutletS,EvapInletR,EvapInletS,EvapOutletR,EvapOutletS,ColdTankR,ColdTankS,AuxTempRaw,HeatedTank_Float,SourceTank_Float,AuxTmpFlot,AuxTmpScld,TempC1,TempC1_ub,TempF,RH1,ABS_H1,DPC1,DPF1,MR1,Amb_temp_set_epic_F,RH_set_epic_F,Hum_manual_override,TempF1,RH1,ABS_H1,DPF1,TempF2,RH2,ABS_H2,DPF2,TempF3,RH3,DPC3,DPF3,TempF4,RH4,ABS_H4,DPF4,FloorTC,K2_SUP1_In,K2_SLP1_In,K2_ET1_In,K2_SAT1_In,K2_RT1_In,K2_ValvePos1_In,K2_AUX1a_In,K2_RLY1,K2_Alarm1,K2_System1,K2_Firmware1,K2_AUX1b_In,K2_SLP2_In,K2_ET2_In,TempC1,TempF,RH1,ABS_H1,DPC1,DPF1,MR1
2026-05-17T18:00:00,ERR,ERR,ERR,ERR,ERR,ERR,ERR,ERR,ERR,ERR,ERR,ERR,ERR,ERR,ERR,ERR,ERR,ERR,ERR,ERR,ERR,ERR,ERR,ERR,ERR,ERR,ERR,ERR,ERR,ERR,ERR,ERR,ERR,ERR,ERR,ERR,ERR,ERR,ERR,ERR,ERR,ERR,ERR,ERR,ERR,ERR,ERR,ERR,ERR,ERR,ERR,ERR,ERR,ERR,ERR,ERR,ERR,ERR,ERR,ERR,ERR,ERR,ERR,ERR,ERR,ERR,ERR,ERR,ERR,ERR,ERR,ERR,ERR,ERR,ERR,ERR,ERR,ERR,ERR,ERR,ERR,ERR,ERR,ERR,ERR,ERR,ERR,ERR,ERR,ERR,ERR,ERR,ERR,ERR,ERR,ERR,ERR,ERR,ERR,ERR,ERR,ERR,ERR,ERR,ERR,ERR,ERR,ERR,ERR,ERR,ERR,ERR,ERR,ERR,ERR,ERR,ERR,ERR,ERR,ERR,ERR,ERR,ERR,ERR,ERR,-107615288.0,-0.0,-134474944.0,0.0,0.0,1.3936040501711995e+18,7.805,0.0,0,0,4,0,8422,0.0,45,0.0,0.0,0.0,0.0,0.0,0,0,0,0,0.0,0,0,0,0,0,0,0,0,0,0,0,0,0,0,0,0,0,0,0,0,0,0,0,0,0,0,0,0,0,0,0,0,0,38,14,7,45,65476,0,300,0,0,8,21553,0.0,-107605600.0,0.0,0.0,0.0,0.0,0.0,0.0,0.0,0.0,0.0,0.0,0.0,0.0,0.0,0.0,0.0,0.0,0.0,0.0,0.0,0.0,-2.004,-2.004,2.004,-2.004,0.0,0.0,0.0,0.0,5017.0,-2.004,0.0,-107615288.0,-0.0,-0.0,0.0,0.0,0.0,0.0,0.0,53,-0.0,-0.0,0.0,0.0,0.0,0.0,0.0,0.0,0.0,0,0,0,0.0,0.0,0.0,0.0,0.0,0.0,0.0,0.0,0.0,0.0,0.0,0.0,0.0,0.0,0.0,0.0,0,-107875648.0,53,0.0,106,-107614832.0,-0.0,ERR,ERR,ERR,ERR,ERR,ERR,ERR,ERR,ERR,ERR,ERR,ERR,ERR,ERR,ERR,ERR,ERR,ERR,ERR,ERR,ERR,ERR,ERR,ERR,ERR,ERR,ERR,ERR,ERR,ERR,ERR,ERR,ERR,ERR,ERR,ERR,ERR,ERR,ERR,ERR,ERR,ERR,ERR,ERR,ERR,ERR,ERR,ERR,ERR,ERR,ERR,ERR,ERR,ERR,ERR,ERR,ERR,ERR,ERR,ERR,ERR,ERR,ERR,ERR,ERR,ERR,ERR,50.0,60.0,100,0.0,0.0,0.0,0.0,0.0,0.0,0.0,0.0,0.0,0.0,0.0,0.0,0.0,0.0,0.0,0.0,61.6,75,13,65511,50,65476,0,300,0,0,8,20529,65476,0,0,26214,60.0,0.0,0.0,0.0,0.0,0.0
2026-05-17T18:00:01,ERR,ERR,ERR,ERR,ERR,ERR,ERR,ERR,ERR,ERR,ERR,ERR,ERR,ERR,ERR,ERR,ERR,ERR,ERR,ERR,ERR,ERR,ERR,ERR,ERR,ERR,ERR,ERR,ERR,ERR,ERR,ERR,ERR,ERR,ERR,ERR,ERR,ERR,ERR,ERR,ERR,ERR,ERR,ERR,ERR,ERR,ERR,ERR,ERR,ERR,ERR,ERR,ERR,ERR,ERR,ERR,ERR,ERR,ERR,ERR,ERR,ERR,ERR,ERR,ERR,ERR,ERR,ERR,ERR,ERR,ERR,ERR,ERR,ERR,ERR,ERR,ERR,ERR,ERR,ERR,ERR,ERR,ERR,ERR,ERR,ERR,ERR,ERR,ERR,ERR,ERR,ERR,ERR,ERR,ERR,ERR,ERR,ERR,ERR,ERR,ERR,ERR,ERR,ERR,ERR,ERR,ERR,ERR,ERR,ERR,ERR,ERR,ERR,ERR,ERR,ERR,ERR,ERR,ERR,ERR,ERR,ERR,ERR,ERR,ERR,-107615288.0,-0.0,-134474944.0,0.0,0.0,1.3936040501711995e+18,7.805,0.0,0,0,4,0,8422,0.0,45,0.0,0.0,0.0,0.0,0.0,0,0,0,0,0.0,0,0,0,0,0,0,0,0,0,0,0,0,0,0,0,0,0,0,0,0,0,0,0,0,0,0,0,0,0,0,0,0,0,38,14,7,45,65476,0,300,0,0,8,21553,0.0,-107605600.0,0.0,0.0,0.0,0.0,0.0,0.0,0.0,0.0,0.0,0.0,0.0,0.0,0.0,0.0,0.0,0.0,0.0,0.0,0.0,0.0,-2.004,-2.004,2.004,-2.004,0.0,0.0,0.0,0.0,5017.0,-2.004,0.0,-107615288.0,-0.0,-0.0,0.0,0.0,0.0,0.0,0.0,53,-0.0,-0.0,0.0,0.0,0.0,0.0,0.0,0.0,0.0,0,0,0,0.0,0.0,0.0,0.0,0.0,0.0,0.0,0.0,0.0,0.0,0.0,0.0,0.0,0.0,0.0,0.0,0,-107875648.0,53,0.0,106,-107614832.0,-0.0,ERR,ERR,ERR,ERR,ERR,ERR,ERR,ERR,ERR,ERR,ERR,ERR,ERR,ERR,ERR,ERR,ERR,ERR,ERR,ERR,ERR,ERR,ERR,ERR,ERR,ERR,ERR,ERR,ERR,ERR,ERR,ERR,ERR,ERR,ERR,ERR,ERR,ERR,ERR,ERR,ERR,ERR,ERR,ERR,ERR,ERR,ERR,ERR,ERR,ERR,ERR,ERR,ERR,ERR,ERR,ERR,ERR,ERR,ERR,ERR,ERR,ERR,ERR,ERR,ERR,ERR,ERR,50.0,60.0,100,0.0,0.0,0.0,0.0,0.0,0.0,0.0,0.0,0.0,0.0,0.0,0.0,0.0,0.0,0.0,0.0,61.6,75,13,65511,50,65476,0,300,0,0,8,20529,65476,0,0,26214,60.0,0.0,0.0,0.0,0.0,0.0
2026-05-17T18:00:02,ERR,ERR,ERR,ERR,ERR,ERR,ERR,ERR,ERR,ERR,ERR,ERR,ERR,ERR,ERR,ERR,ERR,ERR,ERR,ERR,ERR,ERR,ERR,ERR,ERR,ERR,ERR,ERR,ERR,ERR,ERR,ERR,ERR,ERR,ERR,ERR,ERR,ERR,ERR,ERR,ERR,ERR,ERR,ERR,ERR,ERR,ERR,ERR,ERR,ERR,ERR,ERR,ERR,ERR,ERR,ERR,ERR,ERR,ERR,ERR,ERR,ERR,ERR,ERR,ERR,ERR,ERR,ERR,ERR,ERR,ERR,ERR,ERR,ERR,ERR,ERR,ERR,ERR,ERR,ERR,ERR,ERR,ERR,ERR,ERR,ERR,ERR,ERR,ERR,ERR,ERR,ERR,ERR,ERR,ERR,ERR,ERR,ERR,ERR,ERR,ERR,ERR,ERR,ERR,ERR,ERR,ERR,ERR,ERR,ERR,ERR,ERR,ERR,ERR,ERR,ERR,ERR,ERR,ERR,ERR,ERR,ERR,ERR,ERR,ERR,-107615288.0,-0.0,-134474944.0,0.0,0.0,1.3936040501711995e+18,7.805,0.0,0,0,4,0,8422,0.0,45,0.0,0.0,0.0,0.0,0.0,0,0,0,0,0.0,0,0,0,0,0,0,0,0,0,0,0,0,0,0,0,0,0,0,0,0,0,0,0,0,0,0,0,0,0,0,0,0,0,38,14,7,45,65476,0,300,0,0,8,21553,0.0,-107605600.0,0.0,0.0,0.0,0.0,0.0,0.0,0.0,0.0,0.0,0.0,0.0,0.0,0.0,0.0,0.0,0.0,0.0,0.0,0.0,0.0,-2.004,-2.004,2.004,-2.004,0.0,0.0,0.0,0.0,5012.0,-564145833377792.0,0.0,-107615288.0,-0.0,-0.0,0.0,0.0,0.0,0.0,0.0,53,-0.0,-3.222002767243768e+26,0.0,0.0,0.0,0.0,0.0,0.0,0.0,0,0,0,0.0,0.0,0.0,0.0,0.0,0.0,0.0,0.0,0.0,0.0,0.0,0.0,0.0,0.0,0.0,0.0,0,-107875648.0,53,0.0,106,-107614832.0,-0.0,ERR,ERR,ERR,ERR,ERR,ERR,ERR,ERR,ERR,ERR,ERR,ERR,ERR,ERR,ERR,ERR,ERR,ERR,ERR,ERR,ERR,ERR,ERR,ERR,ERR,ERR,ERR,ERR,ERR,ERR,ERR,ERR,ERR,ERR,ERR,ERR,ERR,ERR,ERR,ERR,ERR,ERR,ERR,ERR,ERR,ERR,ERR,ERR,ERR,ERR,ERR,ERR,ERR,ERR,ERR,ERR,ERR,ERR,ERR,ERR,ERR,ERR,ERR,ERR,ERR,ERR,ERR,50.0,60.0,100,0.0,0.0,0.0,0.0,0.0,0.0,0.0,0.0,0.0,0.0,0.0,0.0,0.0,0.0,0.0,0.0,61.6,75,13,65511,50,65476,0,300,0,0,8,20529,65476,0,0,26214,60.0,0.0,0.0,0.0,0.0,0.0
2026-05-17T18:00:03,ERR,ERR,ERR,ERR,ERR,ERR,ERR,ERR,ERR,ERR,ERR,ERR,ERR,ERR,ERR,ERR,ERR,ERR,ERR,ERR,ERR,ERR,ERR,ERR,ERR,ERR,ERR,ERR,ERR,ERR,ERR,ERR,ERR,ERR,ERR,ERR,ERR,ERR,ERR,ERR,ERR,ERR,ERR,ERR,ERR,ERR,ERR,ERR,ERR,ERR,ERR,ERR,ERR,ERR,ERR,ERR,ERR,ERR,ERR,ERR,ERR,ERR,ERR,ERR,ERR,ERR,ERR,ERR,ERR,ERR,ERR,ERR,ERR,ERR,ERR,ERR,ERR,ERR,ERR,ERR,ERR,ERR,ERR,ERR,ERR,ERR,ERR,ERR,ERR,ERR,ERR,ERR,ERR,ERR,ERR,ERR,ERR,ERR,ERR,ERR,ERR,ERR,ERR,ERR,ERR,ERR,ERR,ERR,ERR,ERR,ERR,ERR,ERR,ERR,ERR,ERR,ERR,ERR,ERR,ERR,ERR,ERR,ERR,ERR,ERR,-107615288.0,-0.0,-134474944.0,0.0,0.0,1.3936040501711995e+18,7.805,0.0,0,0,4,0,8422,0.0,45,0.0,0.0,0.0,0.0,0.0,0,0,0,0,0.0,0,0,0,0,0,0,0,0,0,0,0,0,0,0,0,0,0,0,0,0,0,0,0,0,0,0,0,0,0,0,0,0,0,38,14,7,45,65476,0,300,0,0,8,21553,0.0,-107605600.0,0.0,0.0,0.0,0.0,0.0,0.0,0.0,0.0,0.0,0.0,0.0,0.0,0.0,0.0,0.0,0.0,0.0,0.0,0.0,0.0,-2.004,-2.004,2.004,-2.004,0.0,0.0,0.0,0.0,5012.0,-564145833377792.0,0.0,-107615288.0,-0.0,-0.0,0.0,0.0,0.0,0.0,0.0,53,-0.0,-3.222002767243768e+26,0.0,0.0,0.0,0.0,0.0,0.0,0.0,0,0,0,0.0,0.0,0.0,0.0,0.0,0.0,0.0,0.0,0.0,0.0,0.0,0.0,0.0,0.0,0.0,0.0,0,-107875648.0,53,0.0,106,-107614832.0,-0.0,ERR,ERR,ERR,ERR,ERR,ERR,ERR,ERR,ERR,ERR,ERR,ERR,ERR,ERR,ERR,ERR,ERR,ERR,ERR,ERR,ERR,ERR,ERR,ERR,ERR,ERR,ERR,ERR,ERR,ERR,ERR,ERR,ERR,ERR,ERR,ERR,ERR,ERR,ERR,ERR,ERR,ERR,ERR,ERR,ERR,ERR,ERR,ERR,ERR,ERR,ERR,ERR,ERR,ERR,ERR,ERR,ERR,ERR,ERR,ERR,ERR,ERR,ERR,ERR,ERR,ERR,ERR,50.0,60.0,100,0.0,0.0,0.0,0.0,0.0,0.0,0.0,0.0,0.0,0.0,0.0,0.0,0.0,0.0,0.0,0.0,61.6,75,13,65511,50,65476,0,300,0,0,8,20529,65476,0,0,26214,60.0,0.0,0.0,0.0,0.0,0.0
2026-05-17T18:00:04,ERR,ERR,ERR,ERR,ERR,ERR,ERR,ERR,ERR,ERR,ERR,ERR,ERR,ERR,ERR,ERR,ERR,ERR,ERR,ERR,ERR,ERR,ERR,ERR,ERR,ERR,ERR,ERR,ERR,ERR,ERR,ERR,ERR,ERR,ERR,ERR,ERR,ERR,ERR,ERR,ERR,ERR,ERR,ERR,ERR,ERR,ERR,ERR,ERR,ERR,ERR,ERR,ERR,ERR,ERR,ERR,ERR,ERR,ERR,ERR,ERR,ERR,ERR,ERR,ERR,ERR,ERR,ERR,ERR,ERR,ERR,ERR,ERR,ERR,ERR,ERR,ERR,ERR,ERR,ERR,ERR,ERR,ERR,ERR,ERR,ERR,ERR,ERR,ERR,ERR,ERR,ERR,ERR,ERR,ERR,ERR,ERR,ERR,ERR,ERR,ERR,ERR,ERR,ERR,ERR,ERR,ERR,ERR,ERR,ERR,ERR,ERR,ERR,ERR,ERR,ERR,ERR,ERR,ERR,ERR,ERR,ERR,ERR,ERR,ERR,-107615288.0,-0.0,-134474944.0,0.0,0.0,1.3936040501711995e+18,7.805,0.0,0,0,4,0,8422,0.0,45,0.0,0.0,0.0,0.0,0.0,0,0,0,0,0.0,0,0,0,0,0,0,0,0,0,0,0,0,0,0,0,0,0,0,0,0,0,0,0,0,0,0,0,0,0,0,0,0,0,38,14,7,45,65476,0,300,0,0,8,21553,0.0,-107605600.0,0.0,0.0,0.0,0.0,0.0,0.0,0.0,0.0,0.0,0.0,0.0,0.0,0.0,0.0,0.0,0.0,0.0,0.0,0.0,0.0,-2.004,-2.004,2.004,-2.004,0.0,0.0,0.0,0.0,5012.0,-564145833377792.0,0.0,-107615288.0,-0.0,-0.0,0.0,0.0,0.0,0.0,0.0,53,-0.0,-3.222002767243768e+26,0.0,0.0,0.0,0.0,0.0,0.0,0.0,0,0,0,0.0,0.0,0.0,0.0,0.0,0.0,0.0,0.0,0.0,0.0,0.0,0.0,0.0,0.0,0.0,0.0,0,-107875648.0,53,0.0,106,-107614832.0,-0.0,ERR,ERR,ERR,ERR,ERR,ERR,ERR,ERR,ERR,ERR,ERR,ERR,ERR,ERR,ERR,ERR,ERR,ERR,ERR,ERR,ERR,ERR,ERR,ERR,ERR,ERR,ERR,ERR,ERR,ERR,ERR,ERR,ERR,ERR,ERR,ERR,ERR,ERR,ERR,ERR,ERR,ERR,ERR,ERR,ERR,ERR,ERR,ERR,ERR,ERR,ERR,ERR,ERR,ERR,ERR,ERR,ERR,ERR,ERR,ERR,ERR,ERR,ERR,ERR,ERR,ERR,ERR,50.0,60.0,100,0.0,0.0,0.0,0.0,0.0,0.0,0.0,0.0,0.0,0.0,0.0,0.0,0.0,0.0,0.0,0.0,61.6,75,13,65511,50,65476,0,300,0,0,8,20529,65476,0,0,26214,60.0,0.0,0.0,0.0,0.0,0.0
2026-05-17T18:00:05,ERR,ERR,ERR,ERR,ERR,ERR,ERR,ERR,ERR,ERR,ERR,ERR,ERR,ERR,ERR,ERR,ERR,ERR,ERR,ERR,ERR,ERR,ERR,ERR,ERR,ERR,ERR,ERR,ERR,ERR,ERR,ERR,ERR,ERR,ERR,ERR,ERR,ERR,ERR,ERR,ERR,ERR,ERR,ERR,ERR,ERR,ERR,ERR,ERR,ERR,ERR,ERR,ERR,ERR,ERR,ERR,ERR,ERR,ERR,ERR,ERR,ERR,ERR,ERR,ERR,ERR,ERR,ERR,ERR,ERR,ERR,ERR,ERR,ERR,ERR,ERR,ERR,ERR,ERR,ERR,ERR,ERR,ERR,ERR,ERR,ERR,ERR,ERR,ERR,ERR,ERR,ERR,ERR,ERR,ERR,ERR,ERR,ERR,ERR,ERR,ERR,ERR,ERR,ERR,ERR,ERR,ERR,ERR,ERR,ERR,ERR,ERR,ERR,ERR,ERR,ERR,ERR,ERR,ERR,ERR,ERR,ERR,ERR,ERR,ERR,-107615288.0,-0.0,-134474944.0,0.0,0.0,1.3936040501711995e+18,7.805,0.0,0,0,4,0,8422,0.0,45,0.0,0.0,0.0,0.0,0.0,0,0,0,0,0.0,0,0,0,0,0,0,0,0,0,0,0,0,0,0,0,0,0,0,0,0,0,0,0,0,0,0,0,0,0,0,0,0,0,38,14,7,45,65476,0,300,0,0,8,21553,0.0,-107605600.0,0.0,0.0,0.0,0.0,0.0,0.0,0.0,0.0,0.0,0.0,0.0,0.0,0.0,0.0,0.0,0.0,0.0,0.0,0.0,0.0,-2.004,-2.004,2.004,-2.004,0.0,0.0,0.0,0.0,5012.0,-564145833377792.0,0.0,-107615288.0,-0.0,-0.0,0.0,0.0,0.0,0.0,0.0,53,-0.0,-3.222002767243768e+26,0.0,0.0,0.0,0.0,0.0,0.0,0.0,0,0,0,0.0,0.0,0.0,0.0,0.0,0.0,0.0,0.0,0.0,0.0,0.0,0.0,0.0,0.0,0.0,0.0,0,-107875648.0,53,0.0,106,-107614832.0,-0.0,ERR,ERR,ERR,ERR,ERR,ERR,ERR,ERR,ERR,ERR,ERR,ERR,ERR,ERR,ERR,ERR,ERR,ERR,ERR,ERR,ERR,ERR,ERR,ERR,ERR,ERR,ERR,ERR,ERR,ERR,ERR,ERR,ERR,ERR,ERR,ERR,ERR,ERR,ERR,ERR,ERR,ERR,ERR,ERR,ERR,ERR,ERR,ERR,ERR,ERR,ERR,ERR,ERR,ERR,ERR,ERR,ERR,ERR,ERR,ERR,ERR,ERR,ERR,ERR,ERR,ERR,ERR,50.0,60.0,100,0.0,0.0,0.0,0.0,0.0,0.0,0.0,0.0,0.0,0.0,0.0,0.0,0.0,0.0,0.0,0.0,62.0,75,13,65511,50,65476,0,300,0,0,8,20529,65476,0,0,26214,60.0,0.0,0.0,0.0,0.0,0.0
2026-05-17T18:00:06,ERR,ERR,ERR,ERR,ERR,ERR,ERR,ERR,ERR,ERR,ERR,ERR,ERR,ERR,ERR,ERR,ERR,ERR,ERR,ERR,ERR,ERR,ERR,ERR,ERR,ERR,ERR,ERR,ERR,ERR,ERR,ERR,ERR,ERR,ERR,ERR,ERR,ERR,ERR,ERR,ERR,ERR,ERR,ERR,ERR,ERR,ERR,ERR,ERR,ERR,ERR,ERR,ERR,ERR,ERR,ERR,ERR,ERR,ERR,ERR,ERR,ERR,ERR,ERR,ERR,ERR,ERR,ERR,ERR,ERR,ERR,ERR,ERR,ERR,ERR,ERR,ERR,ERR,ERR,ERR,ERR,ERR,ERR,ERR,ERR,ERR,ERR,ERR,ERR,ERR,ERR,ERR,ERR,ERR,ERR,ERR,ERR,ERR,ERR,ERR,ERR,ERR,ERR,ERR,ERR,ERR,ERR,ERR,ERR,ERR,ERR,ERR,ERR,ERR,ERR,ERR,ERR,ERR,ERR,ERR,ERR,ERR,ERR,ERR,ERR,-107615288.0,-0.0,-134474944.0,0.0,0.0,1.3936040501711995e+18,7.805,0.0,0,0,4,0,8422,0.0,45,0.0,0.0,0.0,0.0,0.0,0,0,0,0,0.0,0,0,0,0,0,0,0,0,0,0,0,0,0,0,0,0,0,0,0,0,0,0,0,0,0,0,0,0,0,0,0,0,0,38,14,7,45,65476,0,300,0,0,8,21553,0.0,-107605600.0,0.0,0.0,0.0,0.0,0.0,0.0,0.0,0.0,0.0,0.0,0.0,0.0,0.0,0.0,0.0,0.0,0.0,0.0,0.0,0.0,-2.004,-2.004,2.004,-2.004,0.0,0.0,0.0,0.0,5012.0,-564145833377792.0,0.0,-107615288.0,-0.0,-0.0,0.0,0.0,0.0,0.0,0.0,53,-0.0,-3.222002767243768e+26,0.0,0.0,0.0,0.0,0.0,0.0,0.0,0,0,0,0.0,0.0,0.0,0.0,0.0,0.0,0.0,0.0,0.0,0.0,0.0,0.0,0.0,0.0,0.0,0.0,0,-107875648.0,53,0.0,106,-107614832.0,-0.0,ERR,ERR,ERR,ERR,ERR,ERR,ERR,ERR,ERR,ERR,ERR,ERR,ERR,ERR,ERR,ERR,ERR,ERR,ERR,ERR,ERR,ERR,ERR,ERR,ERR,ERR,ERR,ERR,ERR,ERR,ERR,ERR,ERR,ERR,ERR,ERR,ERR,ERR,ERR,ERR,ERR,ERR,ERR,ERR,ERR,ERR,ERR,ERR,ERR,ERR,ERR,ERR,ERR,ERR,ERR,ERR,ERR,ERR,ERR,ERR,ERR,ERR,ERR,ERR,ERR,ERR,ERR,50.0,60.0,100,0.0,0.0,0.0,0.0,0.0,0.0,0.0,0.0,0.0,0.0,0.0,0.0,0.0,0.0,0.0,0.0,62.0,75,13,65511,50,65476,0,300,0,0,8,20529,65476,0,0,26214,60.0,0.0,0.0,0.0,0.0,0.0
2026-05-17T18:00:07,ERR,ERR,ERR,ERR,ERR,ERR,ERR,ERR,ERR,ERR,ERR,ERR,ERR,ERR,ERR,ERR,ERR,ERR,ERR,ERR,ERR,ERR,ERR,ERR,ERR,ERR,ERR,ERR,ERR,ERR,ERR,ERR,ERR,ERR,ERR,ERR,ERR,ERR,ERR,ERR,ERR,ERR,ERR,ERR,ERR,ERR,ERR,ERR,ERR,ERR,ERR,ERR,ERR,ERR,ERR,ERR,ERR,ERR,ERR,ERR,ERR,ERR,ERR,ERR,ERR,ERR,ERR,ERR,ERR,ERR,ERR,ERR,ERR,ERR,ERR,ERR,ERR,ERR,ERR,ERR,ERR,ERR,ERR,ERR,ERR,ERR,ERR,ERR,ERR,ERR,ERR,ERR,ERR,ERR,ERR,ERR,ERR,ERR,ERR,ERR,ERR,ERR,ERR,ERR,ERR,ERR,ERR,ERR,ERR,ERR,ERR,ERR,ERR,ERR,ERR,ERR,ERR,ERR,ERR,ERR,ERR,ERR,ERR,ERR,ERR,-107615288.0,-0.0,-134474944.0,0.0,0.0,1.3936040501711995e+18,7.805,0.0,0,0,4,0,8422,0.0,45,0.0,0.0,0.0,0.0,0.0,0,0,0,0,0.0,0,0,0,0,0,0,0,0,0,0,0,0,0,0,0,0,0,0,0,0,0,0,0,0,0,0,0,0,0,0,0,0,0,38,14,7,45,65476,0,300,0,0,8,21553,0.0,-107605600.0,0.0,0.0,0.0,0.0,0.0,0.0,0.0,0.0,0.0,0.0,0.0,0.0,0.0,0.0,0.0,0.0,0.0,0.0,0.0,0.0,-2.004,-2.004,2.004,-2.004,0.0,0.0,0.0,0.0,5049.0,0.0,0.0,-107615288.0,-0.0,-0.0,0.0,0.0,0.0,0.0,0.0,53,-0.0,0.0,0.0,0.0,0.0,0.0,0.0,0.0,0.0,0,0,0,0.0,0.0,0.0,0.0,0.0,0.0,0.0,0.0,0.0,0.0,0.0,0.0,0.0,0.0,0.0,0.0,0,-107875648.0,53,0.0,106,-107614832.0,-0.0,ERR,ERR,ERR,ERR,ERR,ERR,ERR,ERR,ERR,ERR,ERR,ERR,ERR,ERR,ERR,ERR,ERR,ERR,ERR,ERR,ERR,ERR,ERR,ERR,ERR,ERR,ERR,ERR,ERR,ERR,ERR,ERR,ERR,ERR,ERR,ERR,ERR,ERR,ERR,ERR,ERR,ERR,ERR,ERR,ERR,ERR,ERR,ERR,ERR,ERR,ERR,ERR,ERR,ERR,ERR,ERR,ERR,ERR,ERR,ERR,ERR,ERR,ERR,ERR,ERR,ERR,ERR,50.0,60.0,100,0.0,0.0,0.0,0.0,0.0,0.0,0.0,0.0,0.0,0.0,0.0,0.0,0.0,0.0,0.0,0.0,62.0,75,13,65511,50,65476,0,300,0,0,8,20529,65476,0,0,26214,60.0,0.0,0.0,0.0,0.0,0.0
2026-05-17T18:00:08,ERR,ERR,ERR,ERR,ERR,ERR,ERR,ERR,ERR,ERR,ERR,ERR,ERR,ERR,ERR,ERR,ERR,ERR,ERR,ERR,ERR,ERR,ERR,ERR,ERR,ERR,ERR,ERR,ERR,ERR,ERR,ERR,ERR,ERR,ERR,ERR,ERR,ERR,ERR,ERR,ERR,ERR,ERR,ERR,ERR,ERR,ERR,ERR,ERR,ERR,ERR,ERR,ERR,ERR,ERR,ERR,ERR,ERR,ERR,ERR,ERR,ERR,ERR,ERR,ERR,ERR,ERR,ERR,ERR,ERR,ERR,ERR,ERR,ERR,ERR,ERR,ERR,ERR,ERR,ERR,ERR,ERR,ERR,ERR,ERR,ERR,ERR,ERR,ERR,ERR,ERR,ERR,ERR,ERR,ERR,ERR,ERR,ERR,ERR,ERR,ERR,ERR,ERR,ERR,ERR,ERR,ERR,ERR,ERR,ERR,ERR,ERR,ERR,ERR,ERR,ERR,ERR,ERR,ERR,ERR,ERR,ERR,ERR,ERR,ERR,-107615288.0,-0.0,-134474944.0,0.0,0.0,1.3936040501711995e+18,7.805,0.0,0,0,4,0,8422,0.0,45,0.0,0.0,0.0,0.0,0.0,0,0,0,0,0.0,0,0,0,0,0,0,0,0,0,0,0,0,0,0,0,0,0,0,0,0,0,0,0,0,0,0,0,0,0,0,0,0,0,38,14,7,45,65476,0,300,0,0,8,21553,0.0,-107605600.0,0.0,0.0,0.0,0.0,0.0,0.0,0.0,0.0,0.0,0.0,0.0,0.0,0.0,0.0,0.0,0.0,0.0,0.0,0.0,0.0,-2.004,-2.004,2.004,-2.004,0.0,0.0,0.0,0.0,5049.0,0.0,0.0,-107615288.0,-0.0,-0.0,0.0,0.0,0.0,0.0,0.0,53,-0.0,0.0,0.0,0.0,0.0,0.0,0.0,0.0,0.0,0,0,0,0.0,0.0,0.0,0.0,0.0,0.0,0.0,0.0,0.0,0.0,0.0,0.0,0.0,0.0,0.0,0.0,0,-107875648.0,53,0.0,106,-107614832.0,-0.0,ERR,ERR,ERR,ERR,ERR,ERR,ERR,ERR,ERR,ERR,ERR,ERR,ERR,ERR,ERR,ERR,ERR,ERR,ERR,ERR,ERR,ERR,ERR,ERR,ERR,ERR,ERR,ERR,ERR,ERR,ERR,ERR,ERR,ERR,ERR,ERR,ERR,ERR,ERR,ERR,ERR,ERR,ERR,ERR,ERR,ERR,ERR,ERR,ERR,ERR,ERR,ERR,ERR,ERR,ERR,ERR,ERR,ERR,ERR,ERR,ERR,ERR,ERR,ERR,ERR,ERR,ERR,50.0,60.0,100,0.0,0.0,0.0,0.0,0.0,0.0,0.0,0.0,0.0,0.0,0.0,0.0,0.0,0.0,0.0,0.0,62.0,75,13,65511,50,65476,0,300,0,0,8,20529,65476,0,0,26214,60.0,0.0,0.0,0.0,0.0,0.0
2026-05-17T18:00:09,ERR,ERR,ERR,ERR,ERR,ERR,ERR,ERR,ERR,ERR,ERR,ERR,ERR,ERR,ERR,ERR,ERR,ERR,ERR,ERR,ERR,ERR,ERR,ERR,ERR,ERR,ERR,ERR,ERR,ERR,ERR,ERR,ERR,ERR,ERR,ERR,ERR,ERR,ERR,ERR,ERR,ERR,ERR,ERR,ERR,ERR,ERR,ERR,ERR,ERR,ERR,ERR,ERR,ERR,ERR,ERR,ERR,ERR,ERR,ERR,ERR,ERR,ERR,ERR,ERR,ERR,ERR,ERR,ERR,ERR,ERR,ERR,ERR,ERR,ERR,ERR,ERR,ERR,ERR,ERR,ERR,ERR,ERR,ERR,ERR,ERR,ERR,ERR,ERR,ERR,ERR,ERR,ERR,ERR,ERR,ERR,ERR,ERR,ERR,ERR,ERR,ERR,ERR,ERR,ERR,ERR,ERR,ERR,ERR,ERR,ERR,ERR,ERR,ERR,ERR,ERR,ERR,ERR,ERR,ERR,ERR,ERR,ERR,ERR,ERR,-107615288.0,-0.0,-134474944.0,0.0,0.0,1.3936040501711995e+18,7.805,0.0,0,0,4,0,8422,0.0,45,0.0,0.0,0.0,0.0,0.0,0,0,0,0,0.0,0,0,0,0,0,0,0,0,0,0,0,0,0,0,0,0,0,0,0,0,0,0,0,0,0,0,0,0,0,0,0,0,0,38,14,7,45,65476,0,300,0,0,8,21553,0.0,-107605600.0,0.0,0.0,0.0,0.0,0.0,0.0,0.0,0.0,0.0,0.0,0.0,0.0,0.0,0.0,0.0,0.0,0.0,0.0,0.0,0.0,-2.004,-2.004,2.004,-2.004,0.0,0.0,0.0,0.0,5049.0,0.0,0.0,-107615288.0,-0.0,-0.0,0.0,0.0,0.0,0.0,0.0,53,-0.0,0.0,0.0,0.0,0.0,0.0,0.0,0.0,0.0,0,0,0,0.0,0.0,0.0,0.0,0.0,0.0,0.0,0.0,0.0,0.0,0.0,0.0,0.0,0.0,0.0,0.0,0,-107875648.0,53,0.0,106,-107614832.0,-0.0,ERR,ERR,ERR,ERR,ERR,ERR,ERR,ERR,ERR,ERR,ERR,ERR,ERR,ERR,ERR,ERR,ERR,ERR,ERR,ERR,ERR,ERR,ERR,ERR,ERR,ERR,ERR,ERR,ERR,ERR,ERR,ERR,ERR,ERR,ERR,ERR,ERR,ERR,ERR,ERR,ERR,ERR,ERR,ERR,ERR,ERR,ERR,ERR,ERR,ERR,ERR,ERR,ERR,ERR,ERR,ERR,ERR,ERR,ERR,ERR,ERR,ERR,ERR,ERR,ERR,ERR,ERR,50.0,60.0,100,0.0,0.0,0.0,0.0,0.0,0.0,0.0,0.0,0.0,0.0,0.0,0.0,0.0,0.0,0.0,0.0,62.0,75,13,65511,50,65476,0,300,0,0,8,20529,65476,0,0,26214,60.0,0.0,0.0,0.0,0.0,0.0
2026-05-17T18:00:10,ERR,ERR,ERR,ERR,ERR,ERR,ERR,ERR,ERR,ERR,ERR,ERR,ERR,ERR,ERR,ERR,ERR,ERR,ERR,ERR,ERR,ERR,ERR,ERR,ERR,ERR,ERR,ERR,ERR,ERR,ERR,ERR,ERR,ERR,ERR,ERR,ERR,ERR,ERR,ERR,ERR,ERR,ERR,ERR,ERR,ERR,ERR,ERR,ERR,ERR,ERR,ERR,ERR,ERR,ERR,ERR,ERR,ERR,ERR,ERR,ERR,ERR,ERR,ERR,ERR,ERR,ERR,ERR,ERR,ERR,ERR,ERR,ERR,ERR,ERR,ERR,ERR,ERR,ERR,ERR,ERR,ERR,ERR,ERR,ERR,ERR,ERR,ERR,ERR,ERR,ERR,ERR,ERR,ERR,ERR,ERR,ERR,ERR,ERR,ERR,ERR,ERR,ERR,ERR,ERR,ERR,ERR,ERR,ERR,ERR,ERR,ERR,ERR,ERR,ERR,ERR,ERR,ERR,ERR,ERR,ERR,ERR,ERR,ERR,ERR,-107615288.0,-0.0,-134474944.0,0.0,0.0,1.3936040501711995e+18,7.805,0.0,0,0,4,0,8422,0.0,45,0.0,0.0,0.0,0.0,0.0,0,0,0,0,0.0,0,0,0,0,0,0,0,0,0,0,0,0,0,0,0,0,0,0,0,0,0,0,0,0,0,0,0,0,0,0,0,0,0,38,14,7,45,65476,0,300,0,0,8,21553,0.0,-107605600.0,0.0,0.0,0.0,0.0,0.0,0.0,0.0,0.0,0.0,0.0,0.0,0.0,0.0,0.0,0.0,0.0,0.0,0.0,0.0,0.0,-2.004,-2.004,2.004,-2.004,0.0,0.0,0.0,0.0,5049.0,0.0,0.0,-107615288.0,-0.0,-0.0,0.0,0.0,0.0,0.0,0.0,53,-0.0,0.0,0.0,0.0,0.0,0.0,0.0,0.0,0.0,0,0,0,0.0,0.0,0.0,0.0,0.0,0.0,0.0,0.0,0.0,0.0,0.0,0.0,0.0,0.0,0.0,0.0,0,-107875648.0,53,0.0,106,-107614832.0,-0.0,ERR,ERR,ERR,ERR,ERR,ERR,ERR,ERR,ERR,ERR,ERR,ERR,ERR,ERR,ERR,ERR,ERR,ERR,ERR,ERR,ERR,ERR,ERR,ERR,ERR,ERR,ERR,ERR,ERR,ERR,ERR,ERR,ERR,ERR,ERR,ERR,ERR,ERR,ERR,ERR,ERR,ERR,ERR,ERR,ERR,ERR,ERR,ERR,ERR,ERR,ERR,ERR,ERR,ERR,ERR,ERR,ERR,ERR,ERR,ERR,ERR,ERR,ERR,ERR,ERR,ERR,ERR,50.0,60.0,100,0.0,0.0,0.0,0.0,0.0,0.0,0.0,0.0,0.0,0.0,0.0,0.0,0.0,0.0,0.0,0.0,61.6,75,13,65511,50,65476,0,300,0,0,8,20529,65476,0,0,26214,60.0,0.0,0.0,0.0,0.0,0.0
2026-05-17T18:00:11,ERR,ERR,ERR,ERR,ERR,ERR,ERR,ERR,ERR,ERR,ERR,ERR,ERR,ERR,ERR,ERR,ERR,ERR,ERR,ERR,ERR,ERR,ERR,ERR,ERR,ERR,ERR,ERR,ERR,ERR,ERR,ERR,ERR,ERR,ERR,ERR,ERR,ERR,ERR,ERR,ERR,ERR,ERR,ERR,ERR,ERR,ERR,ERR,ERR,ERR,ERR,ERR,ERR,ERR,ERR,ERR,ERR,ERR,ERR,ERR,ERR,ERR,ERR,ERR,ERR,ERR,ERR,ERR,ERR,ERR,ERR,ERR,ERR,ERR,ERR,ERR,ERR,ERR,ERR,ERR,ERR,ERR,ERR,ERR,ERR,ERR,ERR,ERR,ERR,ERR,ERR,ERR,ERR,ERR,ERR,ERR,ERR,ERR,ERR,ERR,ERR,ERR,ERR,ERR,ERR,ERR,ERR,ERR,ERR,ERR,ERR,ERR,ERR,ERR,ERR,ERR,ERR,ERR,ERR,ERR,ERR,ERR,ERR,ERR,ERR,-107615288.0,-0.0,-134474944.0,0.0,0.0,1.3936040501711995e+18,7.805,0.0,0,0,4,0,8422,0.0,45,0.0,0.0,0.0,0.0,0.0,0,0,0,0,0.0,0,0,0,0,0,0,0,0,0,0,0,0,0,0,0,0,0,0,0,0,0,0,0,0,0,0,0,0,0,0,0,0,0,38,14,7,45,65476,0,300,0,0,8,21553,0.0,-107605600.0,0.0,0.0,0.0,0.0,0.0,0.0,0.0,0.0,0.0,0.0,0.0,0.0,0.0,0.0,0.0,0.0,0.0,0.0,0.0,0.0,-2.004,-2.004,2.004,-2.004,0.0,0.0,0.0,0.0,5049.0,0.0,0.0,-107615288.0,-0.0,-0.0,0.0,0.0,0.0,0.0,0.0,53,-0.0,0.0,0.0,0.0,0.0,0.0,0.0,0.0,0.0,0,0,0,0.0,0.0,0.0,0.0,0.0,0.0,0.0,0.0,0.0,0.0,0.0,0.0,0.0,0.0,0.0,0.0,0,-107875648.0,53,0.0,106,-107614832.0,-0.0,ERR,ERR,ERR,ERR,ERR,ERR,ERR,ERR,ERR,ERR,ERR,ERR,ERR,ERR,ERR,ERR,ERR,ERR,ERR,ERR,ERR,ERR,ERR,ERR,ERR,ERR,ERR,ERR,ERR,ERR,ERR,ERR,ERR,ERR,ERR,ERR,ERR,ERR,ERR,ERR,ERR,ERR,ERR,ERR,ERR,ERR,ERR,ERR,ERR,ERR,ERR,ERR,ERR,ERR,ERR,ERR,ERR,ERR,ERR,ERR,ERR,ERR,ERR,ERR,ERR,ERR,ERR,50.0,60.0,100,0.0,0.0,0.0,0.0,0.0,0.0,0.0,0.0,0.0,0.0,0.0,0.0,0.0,0.0,0.0,0.0,61.6,75,13,65511,50,65476,0,300,0,0,8,20529,65476,0,0,26214,60.0,0.0,0.0,0.0,0.0,0.0
2026-05-17T18:00:12,ERR,ERR,ERR,ERR,ERR,ERR,ERR,ERR,ERR,ERR,ERR,ERR,ERR,ERR,ERR,ERR,ERR,ERR,ERR,ERR,ERR,ERR,ERR,ERR,ERR,ERR,ERR,ERR,ERR,ERR,ERR,ERR,ERR,ERR,ERR,ERR,ERR,ERR,ERR,ERR,ERR,ERR,ERR,ERR,ERR,ERR,ERR,ERR,ERR,ERR,ERR,ERR,ERR,ERR,ERR,ERR,ERR,ERR,ERR,ERR,ERR,ERR,ERR,ERR,ERR,ERR,ERR,ERR,ERR,ERR,ERR,ERR,ERR,ERR,ERR,ERR,ERR,ERR,ERR,ERR,ERR,ERR,ERR,ERR,ERR,ERR,ERR,ERR,ERR,ERR,ERR,ERR,ERR,ERR,ERR,ERR,ERR,ERR,ERR,ERR,ERR,ERR,ERR,ERR,ERR,ERR,ERR,ERR,ERR,ERR,ERR,ERR,ERR,ERR,ERR,ERR,ERR,ERR,ERR,ERR,ERR,ERR,ERR,ERR,ERR,-107615288.0,-0.0,-134474944.0,0.0,0.0,1.3936040501711995e+18,7.805,0.0,0,0,4,0,8422,0.0,45,0.0,0.0,0.0,0.0,0.0,0,0,0,0,0.0,0,0,0,0,0,0,0,0,0,0,0,0,0,0,0,0,0,0,0,0,0,0,0,0,0,0,0,0,0,0,0,0,0,38,14,7,45,65476,0,300,0,0,8,21553,0.0,-107605600.0,0.0,0.0,0.0,0.0,0.0,0.0,0.0,0.0,0.0,0.0,0.0,0.0,0.0,0.0,0.0,0.0,0.0,0.0,0.0,0.0,-2.004,-2.004,2.004,-2.004,0.0,0.0,0.0,0.0,5051.0,0.0,0.0,-107615288.0,-0.0,-0.0,0.0,0.0,0.0,0.0,0.0,53,-0.0,0.0,0.0,0.0,0.0,0.0,0.0,0.0,0.0,0,0,0,0.0,0.0,0.0,0.0,0.0,0.0,0.0,0.0,0.0,0.0,0.0,0.0,0.0,0.0,0.0,0.0,0,-107875648.0,53,0.0,106,-107614832.0,-0.0,ERR,ERR,ERR,ERR,ERR,ERR,ERR,ERR,ERR,ERR,ERR,ERR,ERR,ERR,ERR,ERR,ERR,ERR,ERR,ERR,ERR,ERR,ERR,ERR,ERR,ERR,ERR,ERR,ERR,ERR,ERR,ERR,ERR,ERR,ERR,ERR,ERR,ERR,ERR,ERR,ERR,ERR,ERR,ERR,ERR,ERR,ERR,ERR,ERR,ERR,ERR,ERR,ERR,ERR,ERR,ERR,ERR,ERR,ERR,ERR,ERR,ERR,ERR,ERR,ERR,ERR,ERR,50.0,60.0,100,0.0,0.0,0.0,0.0,0.0,0.0,0.0,0.0,0.0,0.0,0.0,0.0,0.0,0.0,0.0,0.0,61.6,75,13,65511,50,65476,0,300,0,0,8,20529,65476,0,0,26214,60.0,0.0,0.0,0.0,0.0,0.0
2026-05-17T18:00:13,ERR,ERR,ERR,ERR,ERR,ERR,ERR,ERR,ERR,ERR,ERR,ERR,ERR,ERR,ERR,ERR,ERR,ERR,ERR,ERR,ERR,ERR,ERR,ERR,ERR,ERR,ERR,ERR,ERR,ERR,ERR,ERR,ERR,ERR,ERR,ERR,ERR,ERR,ERR,ERR,ERR,ERR,ERR,ERR,ERR,ERR,ERR,ERR,ERR,ERR,ERR,ERR,ERR,ERR,ERR,ERR,ERR,ERR,ERR,ERR,ERR,ERR,ERR,ERR,ERR,ERR,ERR,ERR,ERR,ERR,ERR,ERR,ERR,ERR,ERR,ERR,ERR,ERR,ERR,ERR,ERR,ERR,ERR,ERR,ERR,ERR,ERR,ERR,ERR,ERR,ERR,ERR,ERR,ERR,ERR,ERR,ERR,ERR,ERR,ERR,ERR,ERR,ERR,ERR,ERR,ERR,ERR,ERR,ERR,ERR,ERR,ERR,ERR,ERR,ERR,ERR,ERR,ERR,ERR,ERR,ERR,ERR,ERR,ERR,ERR,-107615288.0,-0.0,-134474944.0,0.0,0.0,1.3936040501711995e+18,7.805,0.0,0,0,4,0,8422,0.0,45,0.0,0.0,0.0,0.0,0.0,0,0,0,0,0.0,0,0,0,0,0,0,0,0,0,0,0,0,0,0,0,0,0,0,0,0,0,0,0,0,0,0,0,0,0,0,0,0,0,38,14,7,45,65476,0,300,0,0,8,21553,0.0,-107605600.0,0.0,0.0,0.0,0.0,0.0,0.0,0.0,0.0,0.0,0.0,0.0,0.0,0.0,0.0,0.0,0.0,0.0,0.0,0.0,0.0,-2.004,-2.004,2.004,-2.004,0.0,0.0,0.0,0.0,5051.0,0.0,0.0,-107615288.0,-0.0,-0.0,0.0,0.0,0.0,0.0,0.0,53,-0.0,0.0,0.0,0.0,0.0,0.0,0.0,0.0,0.0,0,0,0,0.0,0.0,0.0,0.0,0.0,0.0,0.0,0.0,0.0,0.0,0.0,0.0,0.0,0.0,0.0,0.0,0,-107875648.0,53,0.0,106,-107614832.0,-0.0,ERR,ERR,ERR,ERR,ERR,ERR,ERR,ERR,ERR,ERR,ERR,ERR,ERR,ERR,ERR,ERR,ERR,ERR,ERR,ERR,ERR,ERR,ERR,ERR,ERR,ERR,ERR,ERR,ERR,ERR,ERR,ERR,ERR,ERR,ERR,ERR,ERR,ERR,ERR,ERR,ERR,ERR,ERR,ERR,ERR,ERR,ERR,ERR,ERR,ERR,ERR,ERR,ERR,ERR,ERR,ERR,ERR,ERR,ERR,ERR,ERR,ERR,ERR,ERR,ERR,ERR,ERR,50.0,60.0,100,0.0,0.0,0.0,0.0,0.0,0.0,0.0,0.0,0.0,0.0,0.0,0.0,0.0,0.0,0.0,0.0,61.6,75,13,65511,50,65476,0,300,0,0,8,20529,65476,0,0,26214,60.0,0.0,0.0,0.0,0.0,0.0
2026-05-17T18:00:14,ERR,ERR,ERR,ERR,ERR,ERR,ERR,ERR,ERR,ERR,ERR,ERR,ERR,ERR,ERR,ERR,ERR,ERR,ERR,ERR,ERR,ERR,ERR,ERR,ERR,ERR,ERR,ERR,ERR,ERR,ERR,ERR,ERR,ERR,ERR,ERR,ERR,ERR,ERR,ERR,ERR,ERR,ERR,ERR,ERR,ERR,ERR,ERR,ERR,ERR,ERR,ERR,ERR,ERR,ERR,ERR,ERR,ERR,ERR,ERR,ERR,ERR,ERR,ERR,ERR,ERR,ERR,ERR,ERR,ERR,ERR,ERR,ERR,ERR,ERR,ERR,ERR,ERR,ERR,ERR,ERR,ERR,ERR,ERR,ERR,ERR,ERR,ERR,ERR,ERR,ERR,ERR,ERR,ERR,ERR,ERR,ERR,ERR,ERR,ERR,ERR,ERR,ERR,ERR,ERR,ERR,ERR,ERR,ERR,ERR,ERR,ERR,ERR,ERR,ERR,ERR,ERR,ERR,ERR,ERR,ERR,ERR,ERR,ERR,ERR,-107615288.0,-0.0,-134474944.0,0.0,0.0,1.3936040501711995e+18,7.805,0.0,0,0,4,0,8422,0.0,45,0.0,0.0,0.0,0.0,0.0,0,0,0,0,0.0,0,0,0,0,0,0,0,0,0,0,0,0,0,0,0,0,0,0,0,0,0,0,0,0,0,0,0,0,0,0,0,0,0,38,14,7,45,65476,0,300,0,0,8,21553,0.0,-107605600.0,0.0,0.0,0.0,0.0,0.0,0.0,0.0,0.0,0.0,0.0,0.0,0.0,0.0,0.0,0.0,0.0,0.0,0.0,0.0,0.0,-2.004,-2.004,2.004,-2.004,0.0,0.0,0.0,0.0,5051.0,0.0,0.0,-107615288.0,-0.0,-0.0,0.0,0.0,0.0,0.0,0.0,53,-0.0,0.0,0.0,0.0,0.0,0.0,0.0,0.0,0.0,0,0,0,0.0,0.0,0.0,0.0,0.0,0.0,0.0,0.0,0.0,0.0,0.0,0.0,0.0,0.0,0.0,0.0,0,-107875648.0,53,0.0,106,-107614832.0,-0.0,ERR,ERR,ERR,ERR,ERR,ERR,ERR,ERR,ERR,ERR,ERR,ERR,ERR,ERR,ERR,ERR,ERR,ERR,ERR,ERR,ERR,ERR,ERR,ERR,ERR,ERR,ERR,ERR,ERR,ERR,ERR,ERR,ERR,ERR,ERR,ERR,ERR,ERR,ERR,ERR,ERR,ERR,ERR,ERR,ERR,ERR,ERR,ERR,ERR,ERR,ERR,ERR,ERR,ERR,ERR,ERR,ERR,ERR,ERR,ERR,ERR,ERR,ERR,ERR,ERR,ERR,ERR,50.0,60.0,100,0.0,0.0,0.0,0.0,0.0,0.0,0.0,0.0,0.0,0.0,0.0,0.0,0.0,0.0,0.0,0.0,61.6,75,13,65511,50,65476,0,300,0,0,8,20529,65476,0,0,26214,60.0,0.0,0.0,0.0,0.0,0.0
2026-05-17T18:00:15,ERR,ERR,ERR,ERR,ERR,ERR,ERR,ERR,ERR,ERR,ERR,ERR,ERR,ERR,ERR,ERR,ERR,ERR,ERR,ERR,ERR,ERR,ERR,ERR,ERR,ERR,ERR,ERR,ERR,ERR,ERR,ERR,ERR,ERR,ERR,ERR,ERR,ERR,ERR,ERR,ERR,ERR,ERR,ERR,ERR,ERR,ERR,ERR,ERR,ERR,ERR,ERR,ERR,ERR,ERR,ERR,ERR,ERR,ERR,ERR,ERR,ERR,ERR,ERR,ERR,ERR,ERR,ERR,ERR,ERR,ERR,ERR,ERR,ERR,ERR,ERR,ERR,ERR,ERR,ERR,ERR,ERR,ERR,ERR,ERR,ERR,ERR,ERR,ERR,ERR,ERR,ERR,ERR,ERR,ERR,ERR,ERR,ERR,ERR,ERR,ERR,ERR,ERR,ERR,ERR,ERR,ERR,ERR,ERR,ERR,ERR,ERR,ERR,ERR,ERR,ERR,ERR,ERR,ERR,ERR,ERR,ERR,ERR,ERR,ERR,-107615288.0,-0.0,-134474944.0,0.0,0.0,1.3936040501711995e+18,7.805,0.0,0,0,4,0,8422,0.0,45,0.0,0.0,0.0,0.0,0.0,0,0,0,0,0.0,0,0,0,0,0,0,0,0,0,0,0,0,0,0,0,0,0,0,0,0,0,0,0,0,0,0,0,0,0,0,0,0,0,38,14,7,45,65476,0,300,0,0,8,21553,0.0,-107605600.0,0.0,0.0,0.0,0.0,0.0,0.0,0.0,0.0,0.0,0.0,0.0,0.0,0.0,0.0,0.0,0.0,0.0,0.0,0.0,0.0,-2.004,-2.004,2.004,-2.004,0.0,0.0,0.0,0.0,5051.0,0.0,0.0,-107615288.0,-0.0,-0.0,0.0,0.0,0.0,0.0,0.0,53,-0.0,0.0,0.0,0.0,0.0,0.0,0.0,0.0,0.0,0,0,0,0.0,0.0,0.0,0.0,0.0,0.0,0.0,0.0,0.0,0.0,0.0,0.0,0.0,0.0,0.0,0.0,0,-107875648.0,53,0.0,106,-107614832.0,-0.0,ERR,ERR,ERR,ERR,ERR,ERR,ERR,ERR,ERR,ERR,ERR,ERR,ERR,ERR,ERR,ERR,ERR,ERR,ERR,ERR,ERR,ERR,ERR,ERR,ERR,ERR,ERR,ERR,ERR,ERR,ERR,ERR,ERR,ERR,ERR,ERR,ERR,ERR,ERR,ERR,ERR,ERR,ERR,ERR,ERR,ERR,ERR,ERR,ERR,ERR,ERR,ERR,ERR,ERR,ERR,ERR,ERR,ERR,ERR,ERR,ERR,ERR,ERR,ERR,ERR,ERR,ERR,50.0,60.0,100,0.0,0.0,0.0,0.0,0.0,0.0,0.0,0.0,0.0,0.0,0.0,0.0,0.0,0.0,0.0,0.0,61.6,75,13,65511,50,65476,0,300,0,0,8,20529,65476,0,0,26214,60.0,0.0,0.0,0.0,0.0,0.0
2026-05-17T18:00:16,ERR,ERR,ERR,ERR,ERR,ERR,ERR,ERR,ERR,ERR,ERR,ERR,ERR,ERR,ERR,ERR,ERR,ERR,ERR,ERR,ERR,ERR,ERR,ERR,ERR,ERR,ERR,ERR,ERR,ERR,ERR,ERR,ERR,ERR,ERR,ERR,ERR,ERR,ERR,ERR,ERR,ERR,ERR,ERR,ERR,ERR,ERR,ERR,ERR,ERR,ERR,ERR,ERR,ERR,ERR,ERR,ERR,ERR,ERR,ERR,ERR,ERR,ERR,ERR,ERR,ERR,ERR,ERR,ERR,ERR,ERR,ERR,ERR,ERR,ERR,ERR,ERR,ERR,ERR,ERR,ERR,ERR,ERR,ERR,ERR,ERR,ERR,ERR,ERR,ERR,ERR,ERR,ERR,ERR,ERR,ERR,ERR,ERR,ERR,ERR,ERR,ERR,ERR,ERR,ERR,ERR,ERR,ERR,ERR,ERR,ERR,ERR,ERR,ERR,ERR,ERR,ERR,ERR,ERR,ERR,ERR,ERR,ERR,ERR,ERR,-107615288.0,-0.0,-134474944.0,0.0,0.0,1.3936040501711995e+18,7.805,0.0,0,0,4,0,8422,0.0,45,0.0,0.0,0.0,0.0,0.0,0,0,0,0,0.0,0,0,0,0,0,0,0,0,0,0,0,0,0,0,0,0,0,0,0,0,0,0,0,0,0,0,0,0,0,0,0,0,0,38,14,7,45,65476,0,300,0,0,8,21553,0.0,-107605600.0,0.0,0.0,0.0,0.0,0.0,0.0,0.0,0.0,0.0,0.0,0.0,0.0,0.0,0.0,0.0,0.0,0.0,0.0,0.0,0.0,-2.004,-2.004,2.004,-2.004,0.0,0.0,0.0,0.0,5051.0,0.0,0.0,-107615288.0,-0.0,-0.0,0.0,0.0,0.0,0.0,0.0,53,-0.0,0.0,0.0,0.0,0.0,0.0,0.0,0.0,0.0,0,0,0,0.0,0.0,0.0,0.0,0.0,0.0,0.0,0.0,0.0,0.0,0.0,0.0,0.0,0.0,0.0,0.0,0,-107875648.0,53,0.0,106,-107614832.0,-0.0,ERR,ERR,ERR,ERR,ERR,ERR,ERR,ERR,ERR,ERR,ERR,ERR,ERR,ERR,ERR,ERR,ERR,ERR,ERR,ERR,ERR,ERR,ERR,ERR,ERR,ERR,ERR,ERR,ERR,ERR,ERR,ERR,ERR,ERR,ERR,ERR,ERR,ERR,ERR,ERR,ERR,ERR,ERR,ERR,ERR,ERR,ERR,ERR,ERR,ERR,ERR,ERR,ERR,ERR,ERR,ERR,ERR,ERR,ERR,ERR,ERR,ERR,ERR,ERR,ERR,ERR,ERR,50.0,60.0,100,0.0,0.0,0.0,0.0,0.0,0.0,0.0,0.0,0.0,0.0,0.0,0.0,0.0,0.0,0.0,0.0,61.6,75,13,65511,50,65476,0,300,0,0,8,20529,65476,0,0,26214,60.0,0.0,0.0,0.0,0.0,0.0
2026-05-17T18:00:17,ERR,ERR,ERR,ERR,ERR,ERR,ERR,ERR,ERR,ERR,ERR,ERR,ERR,ERR,ERR,ERR,ERR,ERR,ERR,ERR,ERR,ERR,ERR,ERR,ERR,ERR,ERR,ERR,ERR,ERR,ERR,ERR,ERR,ERR,ERR,ERR,ERR,ERR,ERR,ERR,ERR,ERR,ERR,ERR,ERR,ERR,ERR,ERR,ERR,ERR,ERR,ERR,ERR,ERR,ERR,ERR,ERR,ERR,ERR,ERR,ERR,ERR,ERR,ERR,ERR,ERR,ERR,ERR,ERR,ERR,ERR,ERR,ERR,ERR,ERR,ERR,ERR,ERR,ERR,ERR,ERR,ERR,ERR,ERR,ERR,ERR,ERR,ERR,ERR,ERR,ERR,ERR,ERR,ERR,ERR,ERR,ERR,ERR,ERR,ERR,ERR,ERR,ERR,ERR,ERR,ERR,ERR,ERR,ERR,ERR,ERR,ERR,ERR,ERR,ERR,ERR,ERR,ERR,ERR,ERR,ERR,ERR,ERR,ERR,ERR,-107615288.0,-0.0,-134474944.0,0.0,0.0,1.3936040501711995e+18,7.805,0.0,0,0,4,0,8422,0.0,45,0.0,0.0,0.0,0.0,0.0,0,0,0,0,0.0,0,0,0,0,0,0,0,0,0,0,0,0,0,0,0,0,0,0,0,0,0,0,0,0,0,0,0,0,0,0,0,0,0,38,14,7,45,65476,0,300,0,0,8,21553,0.0,-107605600.0,0.0,0.0,0.0,0.0,0.0,0.0,0.0,0.0,0.0,0.0,0.0,0.0,0.0,0.0,0.0,0.0,0.0,0.0,0.0,0.0,-2.004,-2.004,2.004,-2.004,0.0,0.0,0.0,0.0,5021.0,-3.697186133624698e+19,0.0,-107615288.0,-0.0,-0.0,0.0,0.0,0.0,0.0,0.0,53,-0.0,-107614784.0,0.0,0.0,0.0,0.0,0.0,0.0,0.0,0,0,0,0.0,0.0,0.0,0.0,0.0,0.0,0.0,0.0,0.0,0.0,0.0,0.0,0.0,0.0,0.0,0.0,0,-107875648.0,53,0.0,106,-107614832.0,-0.0,ERR,ERR,ERR,ERR,ERR,ERR,ERR,ERR,ERR,ERR,ERR,ERR,ERR,ERR,ERR,ERR,ERR,ERR,ERR,ERR,ERR,ERR,ERR,ERR,ERR,ERR,ERR,ERR,ERR,ERR,ERR,ERR,ERR,ERR,ERR,ERR,ERR,ERR,ERR,ERR,ERR,ERR,ERR,ERR,ERR,ERR,ERR,ERR,ERR,ERR,ERR,ERR,ERR,ERR,ERR,ERR,ERR,ERR,ERR,ERR,ERR,ERR,ERR,ERR,ERR,ERR,ERR,50.0,60.0,100,0.0,0.0,0.0,0.0,0.0,0.0,0.0,0.0,0.0,0.0,0.0,0.0,0.0,0.0,0.0,0.0,61.6,75,13,65511,50,65476,0,300,0,0,8,20529,65476,0,0,26214,60.0,0.0,0.0,0.0,0.0,0.0
2026-05-17T18:00:18,ERR,ERR,ERR,ERR,ERR,ERR,ERR,ERR,ERR,ERR,ERR,ERR,ERR,ERR,ERR,ERR,ERR,ERR,ERR,ERR,ERR,ERR,ERR,ERR,ERR,ERR,ERR,ERR,ERR,ERR,ERR,ERR,ERR,ERR,ERR,ERR,ERR,ERR,ERR,ERR,ERR,ERR,ERR,ERR,ERR,ERR,ERR,ERR,ERR,ERR,ERR,ERR,ERR,ERR,ERR,ERR,ERR,ERR,ERR,ERR,ERR,ERR,ERR,ERR,ERR,ERR,ERR,ERR,ERR,ERR,ERR,ERR,ERR,ERR,ERR,ERR,ERR,ERR,ERR,ERR,ERR,ERR,ERR,ERR,ERR,ERR,ERR,ERR,ERR,ERR,ERR,ERR,ERR,ERR,ERR,ERR,ERR,ERR,ERR,ERR,ERR,ERR,ERR,ERR,ERR,ERR,ERR,ERR,ERR,ERR,ERR,ERR,ERR,ERR,ERR,ERR,ERR,ERR,ERR,ERR,ERR,ERR,ERR,ERR,ERR,-107615288.0,-0.0,-134474944.0,0.0,0.0,1.3936040501711995e+18,7.805,0.0,0,0,4,0,8422,0.0,45,0.0,0.0,0.0,0.0,0.0,0,0,0,0,0.0,0,0,0,0,0,0,0,0,0,0,0,0,0,0,0,0,0,0,0,0,0,0,0,0,0,0,0,0,0,0,0,0,0,38,14,7,45,65476,0,300,0,0,8,21553,0.0,-107605600.0,0.0,0.0,0.0,0.0,0.0,0.0,0.0,0.0,0.0,0.0,0.0,0.0,0.0,0.0,0.0,0.0,0.0,0.0,0.0,0.0,-2.004,-2.004,2.004,-2.004,0.0,0.0,0.0,0.0,5021.0,-3.697186133624698e+19,0.0,-107615288.0,-0.0,-0.0,0.0,0.0,0.0,0.0,0.0,53,-0.0,-107614784.0,0.0,0.0,0.0,0.0,0.0,0.0,0.0,0,0,0,0.0,0.0,0.0,0.0,0.0,0.0,0.0,0.0,0.0,0.0,0.0,0.0,0.0,0.0,0.0,0.0,0,-107875648.0,53,0.0,106,-107614832.0,-0.0,ERR,ERR,ERR,ERR,ERR,ERR,ERR,ERR,ERR,ERR,ERR,ERR,ERR,ERR,ERR,ERR,ERR,ERR,ERR,ERR,ERR,ERR,ERR,ERR,ERR,ERR,ERR,ERR,ERR,ERR,ERR,ERR,ERR,ERR,ERR,ERR,ERR,ERR,ERR,ERR,ERR,ERR,ERR,ERR,ERR,ERR,ERR,ERR,ERR,ERR,ERR,ERR,ERR,ERR,ERR,ERR,ERR,ERR,ERR,ERR,ERR,ERR,ERR,ERR,ERR,ERR,ERR,50.0,60.0,100,0.0,0.0,0.0,0.0,0.0,0.0,0.0,0.0,0.0,0.0,0.0,0.0,0.0,0.0,0.0,0.0,61.6,75,13,65511,50,65476,0,300,0,0,8,20529,65476,0,0,26214,60.0,0.0,0.0,0.0,0.0,0.0
2026-05-17T18:00:19,ERR,ERR,ERR,ERR,ERR,ERR,ERR,ERR,ERR,ERR,ERR,ERR,ERR,ERR,ERR,ERR,ERR,ERR,ERR,ERR,ERR,ERR,ERR,ERR,ERR,ERR,ERR,ERR,ERR,ERR,ERR,ERR,ERR,ERR,ERR,ERR,ERR,ERR,ERR,ERR,ERR,ERR,ERR,ERR,ERR,ERR,ERR,ERR,ERR,ERR,ERR,ERR,ERR,ERR,ERR,ERR,ERR,ERR,ERR,ERR,ERR,ERR,ERR,ERR,ERR,ERR,ERR,ERR,ERR,ERR,ERR,ERR,ERR,ERR,ERR,ERR,ERR,ERR,ERR,ERR,ERR,ERR,ERR,ERR,ERR,ERR,ERR,ERR,ERR,ERR,ERR,ERR,ERR,ERR,ERR,ERR,ERR,ERR,ERR,ERR,ERR,ERR,ERR,ERR,ERR,ERR,ERR,ERR,ERR,ERR,ERR,ERR,ERR,ERR,ERR,ERR,ERR,ERR,ERR,ERR,ERR,ERR,ERR,ERR,ERR,-107615288.0,-0.0,-134474944.0,0.0,0.0,1.3936040501711995e+18,7.805,0.0,0,0,4,0,8422,0.0,45,0.0,0.0,0.0,0.0,0.0,0,0,0,0,0.0,0,0,0,0,0,0,0,0,0,0,0,0,0,0,0,0,0,0,0,0,0,0,0,0,0,0,0,0,0,0,0,0,0,38,14,7,45,65476,0,300,0,0,8,21553,0.0,-107605600.0,0.0,0.0,0.0,0.0,0.0,0.0,0.0,0.0,0.0,0.0,0.0,0.0,0.0,0.0,0.0,0.0,0.0,0.0,0.0,0.0,-2.004,-2.004,2.004,-2.004,0.0,0.0,0.0,0.0,5021.0,-3.697186133624698e+19,0.0,-107615288.0,-0.0,-0.0,0.0,0.0,0.0,0.0,0.0,53,-0.0,-107614784.0,0.0,0.0,0.0,0.0,0.0,0.0,0.0,0,0,0,0.0,0.0,0.0,0.0,0.0,0.0,0.0,0.0,0.0,0.0,0.0,0.0,0.0,0.0,0.0,0.0,0,-107875648.0,53,0.0,106,-107614832.0,-0.0,ERR,ERR,ERR,ERR,ERR,ERR,ERR,ERR,ERR,ERR,ERR,ERR,ERR,ERR,ERR,ERR,ERR,ERR,ERR,ERR,ERR,ERR,ERR,ERR,ERR,ERR,ERR,ERR,ERR,ERR,ERR,ERR,ERR,ERR,ERR,ERR,ERR,ERR,ERR,ERR,ERR,ERR,ERR,ERR,ERR,ERR,ERR,ERR,ERR,ERR,ERR,ERR,ERR,ERR,ERR,ERR,ERR,ERR,ERR,ERR,ERR,ERR,ERR,ERR,ERR,ERR,ERR,50.0,60.0,100,0.0,0.0,0.0,0.0,0.0,0.0,0.0,0.0,0.0,0.0,0.0,0.0,0.0,0.0,0.0,0.0,61.6,75,13,65511,50,65476,0,300,0,0,8,20529,65476,0,0,26214,60.0,0.0,0.0,0.0,0.0,0.0
2026-05-17T18:00:20,ERR,ERR,ERR,ERR,ERR,ERR,ERR,ERR,ERR,ERR,ERR,ERR,ERR,ERR,ERR,ERR,ERR,ERR,ERR,ERR,ERR,ERR,ERR,ERR,ERR,ERR,ERR,ERR,ERR,ERR,ERR,ERR,ERR,ERR,ERR,ERR,ERR,ERR,ERR,ERR,ERR,ERR,ERR,ERR,ERR,ERR,ERR,ERR,ERR,ERR,ERR,ERR,ERR,ERR,ERR,ERR,ERR,ERR,ERR,ERR,ERR,ERR,ERR,ERR,ERR,ERR,ERR,ERR,ERR,ERR,ERR,ERR,ERR,ERR,ERR,ERR,ERR,ERR,ERR,ERR,ERR,ERR,ERR,ERR,ERR,ERR,ERR,ERR,ERR,ERR,ERR,ERR,ERR,ERR,ERR,ERR,ERR,ERR,ERR,ERR,ERR,ERR,ERR,ERR,ERR,ERR,ERR,ERR,ERR,ERR,ERR,ERR,ERR,ERR,ERR,ERR,ERR,ERR,ERR,ERR,ERR,ERR,ERR,ERR,ERR,-107615288.0,-0.0,-134474944.0,0.0,0.0,1.3936040501711995e+18,7.805,0.0,0,0,4,0,8422,0.0,45,0.0,0.0,0.0,0.0,0.0,0,0,0,0,0.0,0,0,0,0,0,0,0,0,0,0,0,0,0,0,0,0,0,0,0,0,0,0,0,0,0,0,0,0,0,0,0,0,0,38,14,7,45,65476,0,300,0,0,8,21553,0.0,-107605600.0,0.0,0.0,0.0,0.0,0.0,0.0,0.0,0.0,0.0,0.0,0.0,0.0,0.0,0.0,0.0,0.0,0.0,0.0,0.0,0.0,-2.004,-2.004,2.004,-2.004,0.0,0.0,0.0,0.0,5021.0,-3.697186133624698e+19,0.0,-107615288.0,-0.0,-0.0,0.0,0.0,0.0,0.0,0.0,53,-0.0,-107614784.0,0.0,0.0,0.0,0.0,0.0,0.0,0.0,0,0,0,0.0,0.0,0.0,0.0,0.0,0.0,0.0,0.0,0.0,0.0,0.0,0.0,0.0,0.0,0.0,0.0,0,-107875648.0,53,0.0,106,-107614832.0,-0.0,ERR,ERR,ERR,ERR,ERR,ERR,ERR,ERR,ERR,ERR,ERR,ERR,ERR,ERR,ERR,ERR,ERR,ERR,ERR,ERR,ERR,ERR,ERR,ERR,ERR,ERR,ERR,ERR,ERR,ERR,ERR,ERR,ERR,ERR,ERR,ERR,ERR,ERR,ERR,ERR,ERR,ERR,ERR,ERR,ERR,ERR,ERR,ERR,ERR,ERR,ERR,ERR,ERR,ERR,ERR,ERR,ERR,ERR,ERR,ERR,ERR,ERR,ERR,ERR,ERR,ERR,ERR,50.0,60.0,100,0.0,0.0,0.0,0.0,0.0,0.0,0.0,0.0,0.0,0.0,0.0,0.0,0.0,0.0,0.0,0.0,61.6,75,13,65511,50,65476,0,300,0,0,8,20529,65476,0,0,26214,60.0,0.0,0.0,0.0,0.0,0.0
2026-05-17T18:00:21,ERR,ERR,ERR,ERR,ERR,ERR,ERR,ERR,ERR,ERR,ERR,ERR,ERR,ERR,ERR,ERR,ERR,ERR,ERR,ERR,ERR,ERR,ERR,ERR,ERR,ERR,ERR,ERR,ERR,ERR,ERR,ERR,ERR,ERR,ERR,ERR,ERR,ERR,ERR,ERR,ERR,ERR,ERR,ERR,ERR,ERR,ERR,ERR,ERR,ERR,ERR,ERR,ERR,ERR,ERR,ERR,ERR,ERR,ERR,ERR,ERR,ERR,ERR,ERR,ERR,ERR,ERR,ERR,ERR,ERR,ERR,ERR,ERR,ERR,ERR,ERR,ERR,ERR,ERR,ERR,ERR,ERR,ERR,ERR,ERR,ERR,ERR,ERR,ERR,ERR,ERR,ERR,ERR,ERR,ERR,ERR,ERR,ERR,ERR,ERR,ERR,ERR,ERR,ERR,ERR,ERR,ERR,ERR,ERR,ERR,ERR,ERR,ERR,ERR,ERR,ERR,ERR,ERR,ERR,ERR,ERR,ERR,ERR,ERR,ERR,-107615288.0,-0.0,-134474944.0,0.0,0.0,1.3936040501711995e+18,7.805,0.0,0,0,4,0,8422,0.0,45,0.0,0.0,0.0,0.0,0.0,0,0,0,0,0.0,0,0,0,0,0,0,0,0,0,0,0,0,0,0,0,0,0,0,0,0,0,0,0,0,0,0,0,0,0,0,0,0,0,38,14,7,45,65476,0,300,0,0,8,21553,0.0,-107605600.0,0.0,0.0,0.0,0.0,0.0,0.0,0.0,0.0,0.0,0.0,0.0,0.0,0.0,0.0,0.0,0.0,0.0,0.0,0.0,0.0,-2.004,-2.004,2.004,-2.004,0.0,0.0,0.0,0.0,5021.0,-3.697186133624698e+19,0.0,-107615288.0,-0.0,-0.0,0.0,0.0,0.0,0.0,0.0,53,-0.0,-107614784.0,0.0,0.0,0.0,0.0,0.0,0.0,0.0,0,0,0,0.0,0.0,0.0,0.0,0.0,0.0,0.0,0.0,0.0,0.0,0.0,0.0,0.0,0.0,0.0,0.0,0,-107875648.0,53,0.0,106,-107614832.0,-0.0,ERR,ERR,ERR,ERR,ERR,ERR,ERR,ERR,ERR,ERR,ERR,ERR,ERR,ERR,ERR,ERR,ERR,ERR,ERR,ERR,ERR,ERR,ERR,ERR,ERR,ERR,ERR,ERR,ERR,ERR,ERR,ERR,ERR,ERR,ERR,ERR,ERR,ERR,ERR,ERR,ERR,ERR,ERR,ERR,ERR,ERR,ERR,ERR,ERR,ERR,ERR,ERR,ERR,ERR,ERR,ERR,ERR,ERR,ERR,ERR,ERR,ERR,ERR,ERR,ERR,ERR,ERR,50.0,60.0,100,0.0,0.0,0.0,0.0,0.0,0.0,0.0,0.0,0.0,0.0,0.0,0.0,0.0,0.0,0.0,0.0,61.6,75,13,65511,50,65476,0,300,0,0,8,20529,65476,0,0,26214,60.0,0.0,0.0,0.0,0.0,0.0
2026-05-17T18:00:22,ERR,ERR,ERR,ERR,ERR,ERR,ERR,ERR,ERR,ERR,ERR,ERR,ERR,ERR,ERR,ERR,ERR,ERR,ERR,ERR,ERR,ERR,ERR,ERR,ERR,ERR,ERR,ERR,ERR,ERR,ERR,ERR,ERR,ERR,ERR,ERR,ERR,ERR,ERR,ERR,ERR,ERR,ERR,ERR,ERR,ERR,ERR,ERR,ERR,ERR,ERR,ERR,ERR,ERR,ERR,ERR,ERR,ERR,ERR,ERR,ERR,ERR,ERR,ERR,ERR,ERR,ERR,ERR,ERR,ERR,ERR,ERR,ERR,ERR,ERR,ERR,ERR,ERR,ERR,ERR,ERR,ERR,ERR,ERR,ERR,ERR,ERR,ERR,ERR,ERR,ERR,ERR,ERR,ERR,ERR,ERR,ERR,ERR,ERR,ERR,ERR,ERR,ERR,ERR,ERR,ERR,ERR,ERR,ERR,ERR,ERR,ERR,ERR,ERR,ERR,ERR,ERR,ERR,ERR,ERR,ERR,ERR,ERR,ERR,ERR,-107615288.0,-0.0,-134474944.0,0.0,0.0,1.3936040501711995e+18,7.805,0.0,0,0,4,0,8422,0.0,45,0.0,0.0,0.0,0.0,0.0,0,0,0,0,0.0,0,0,0,0,0,0,0,0,0,0,0,0,0,0,0,0,0,0,0,0,0,0,0,0,0,0,0,0,0,0,0,0,0,38,14,7,45,65476,0,300,0,0,8,21553,0.0,-107605600.0,0.0,0.0,0.0,0.0,0.0,0.0,0.0,0.0,0.0,0.0,0.0,0.0,0.0,0.0,0.0,0.0,0.0,0.0,0.0,0.0,-2.004,-2.004,2.004,-2.004,0.0,0.0,0.0,0.0,5047.0,0.0,0.0,-107615288.0,-0.0,-0.0,0.0,0.0,0.0,0.0,0.0,53,-0.0,0.0,0.0,0.0,0.0,0.0,0.0,0.0,0.0,0,0,0,0.0,0.0,0.0,0.0,0.0,0.0,0.0,0.0,0.0,0.0,0.0,0.0,0.0,0.0,0.0,0.0,0,-107875648.0,53,0.0,106,-107614832.0,-0.0,ERR,ERR,ERR,ERR,ERR,ERR,ERR,ERR,ERR,ERR,ERR,ERR,ERR,ERR,ERR,ERR,ERR,ERR,ERR,ERR,ERR,ERR,ERR,ERR,ERR,ERR,ERR,ERR,ERR,ERR,ERR,ERR,ERR,ERR,ERR,ERR,ERR,ERR,ERR,ERR,ERR,ERR,ERR,ERR,ERR,ERR,ERR,ERR,ERR,ERR,ERR,ERR,ERR,ERR,ERR,ERR,ERR,ERR,ERR,ERR,ERR,ERR,ERR,ERR,ERR,ERR,ERR,50.0,60.0,100,0.0,0.0,0.0,0.0,0.0,0.0,0.0,0.0,0.0,0.0,0.0,0.0,0.0,0.0,0.0,0.0,61.6,75,13,65511,50,65476,0,300,0,0,8,20529,65476,0,0,26214,60.0,0.0,0.0,0.0,0.0,0.0
2026-05-17T18:00:23,ERR,ERR,ERR,ERR,ERR,ERR,ERR,ERR,ERR,ERR,ERR,ERR,ERR,ERR,ERR,ERR,ERR,ERR,ERR,ERR,ERR,ERR,ERR,ERR,ERR,ERR,ERR,ERR,ERR,ERR,ERR,ERR,ERR,ERR,ERR,ERR,ERR,ERR,ERR,ERR,ERR,ERR,ERR,ERR,ERR,ERR,ERR,ERR,ERR,ERR,ERR,ERR,ERR,ERR,ERR,ERR,ERR,ERR,ERR,ERR,ERR,ERR,ERR,ERR,ERR,ERR,ERR,ERR,ERR,ERR,ERR,ERR,ERR,ERR,ERR,ERR,ERR,ERR,ERR,ERR,ERR,ERR,ERR,ERR,ERR,ERR,ERR,ERR,ERR,ERR,ERR,ERR,ERR,ERR,ERR,ERR,ERR,ERR,ERR,ERR,ERR,ERR,ERR,ERR,ERR,ERR,ERR,ERR,ERR,ERR,ERR,ERR,ERR,ERR,ERR,ERR,ERR,ERR,ERR,ERR,ERR,ERR,ERR,ERR,ERR,-107615288.0,-0.0,-134474944.0,0.0,0.0,1.3936040501711995e+18,7.805,0.0,0,0,4,0,8422,0.0,45,0.0,0.0,0.0,0.0,0.0,0,0,0,0,0.0,0,0,0,0,0,0,0,0,0,0,0,0,0,0,0,0,0,0,0,0,0,0,0,0,0,0,0,0,0,0,0,0,0,38,14,7,45,65476,0,300,0,0,8,21553,0.0,-107605600.0,0.0,0.0,0.0,0.0,0.0,0.0,0.0,0.0,0.0,0.0,0.0,0.0,0.0,0.0,0.0,0.0,0.0,0.0,0.0,0.0,-2.004,-2.004,2.004,-2.004,0.0,0.0,0.0,0.0,5047.0,0.0,0.0,-107615288.0,-0.0,-0.0,0.0,0.0,0.0,0.0,0.0,53,-0.0,0.0,0.0,0.0,0.0,0.0,0.0,0.0,0.0,0,0,0,0.0,0.0,0.0,0.0,0.0,0.0,0.0,0.0,0.0,0.0,0.0,0.0,0.0,0.0,0.0,0.0,0,-107875648.0,53,0.0,106,-107614832.0,-0.0,ERR,ERR,ERR,ERR,ERR,ERR,ERR,ERR,ERR,ERR,ERR,ERR,ERR,ERR,ERR,ERR,ERR,ERR,ERR,ERR,ERR,ERR,ERR,ERR,ERR,ERR,ERR,ERR,ERR,ERR,ERR,ERR,ERR,ERR,ERR,ERR,ERR,ERR,ERR,ERR,ERR,ERR,ERR,ERR,ERR,ERR,ERR,ERR,ERR,ERR,ERR,ERR,ERR,ERR,ERR,ERR,ERR,ERR,ERR,ERR,ERR,ERR,ERR,ERR,ERR,ERR,ERR,50.0,60.0,100,0.0,0.0,0.0,0.0,0.0,0.0,0.0,0.0,0.0,0.0,0.0,0.0,0.0,0.0,0.0,0.0,61.6,75,13,65511,50,65476,0,300,0,0,8,20529,65476,0,0,26214,60.0,0.0,0.0,0.0,0.0,0.0
2026-05-17T18:00:24,ERR,ERR,ERR,ERR,ERR,ERR,ERR,ERR,ERR,ERR,ERR,ERR,ERR,ERR,ERR,ERR,ERR,ERR,ERR,ERR,ERR,ERR,ERR,ERR,ERR,ERR,ERR,ERR,ERR,ERR,ERR,ERR,ERR,ERR,ERR,ERR,ERR,ERR,ERR,ERR,ERR,ERR,ERR,ERR,ERR,ERR,ERR,ERR,ERR,ERR,ERR,ERR,ERR,ERR,ERR,ERR,ERR,ERR,ERR,ERR,ERR,ERR,ERR,ERR,ERR,ERR,ERR,ERR,ERR,ERR,ERR,ERR,ERR,ERR,ERR,ERR,ERR,ERR,ERR,ERR,ERR,ERR,ERR,ERR,ERR,ERR,ERR,ERR,ERR,ERR,ERR,ERR,ERR,ERR,ERR,ERR,ERR,ERR,ERR,ERR,ERR,ERR,ERR,ERR,ERR,ERR,ERR,ERR,ERR,ERR,ERR,ERR,ERR,ERR,ERR,ERR,ERR,ERR,ERR,ERR,ERR,ERR,ERR,ERR,ERR,-107615288.0,-0.0,-134474944.0,0.0,0.0,1.3936040501711995e+18,7.805,0.0,0,0,4,0,8422,0.0,45,0.0,0.0,0.0,0.0,0.0,0,0,0,0,0.0,0,0,0,0,0,0,0,0,0,0,0,0,0,0,0,0,0,0,0,0,0,0,0,0,0,0,0,0,0,0,0,0,0,38,14,7,45,65476,0,300,0,0,8,21553,0.0,-107605600.0,0.0,0.0,0.0,0.0,0.0,0.0,0.0,0.0,0.0,0.0,0.0,0.0,0.0,0.0,0.0,0.0,0.0,0.0,0.0,0.0,-2.004,-2.004,2.004,-2.004,0.0,0.0,0.0,0.0,5047.0,0.0,0.0,-107615288.0,-0.0,-0.0,0.0,0.0,0.0,0.0,0.0,53,-0.0,0.0,0.0,0.0,0.0,0.0,0.0,0.0,0.0,0,0,0,0.0,0.0,0.0,0.0,0.0,0.0,0.0,0.0,0.0,0.0,0.0,0.0,0.0,0.0,0.0,0.0,0,-107875648.0,53,0.0,106,-107614832.0,-0.0,ERR,ERR,ERR,ERR,ERR,ERR,ERR,ERR,ERR,ERR,ERR,ERR,ERR,ERR,ERR,ERR,ERR,ERR,ERR,ERR,ERR,ERR,ERR,ERR,ERR,ERR,ERR,ERR,ERR,ERR,ERR,ERR,ERR,ERR,ERR,ERR,ERR,ERR,ERR,ERR,ERR,ERR,ERR,ERR,ERR,ERR,ERR,ERR,ERR,ERR,ERR,ERR,ERR,ERR,ERR,ERR,ERR,ERR,ERR,ERR,ERR,ERR,ERR,ERR,ERR,ERR,ERR,50.0,60.0,100,0.0,0.0,0.0,0.0,0.0,0.0,0.0,0.0,0.0,0.0,0.0,0.0,0.0,0.0,0.0,0.0,62.0,75,13,65511,50,65476,0,300,0,0,8,20529,65476,0,0,26214,60.0,0.0,0.0,0.0,0.0,0.0
2026-05-17T18:00:25,ERR,ERR,ERR,ERR,ERR,ERR,ERR,ERR,ERR,ERR,ERR,ERR,ERR,ERR,ERR,ERR,ERR,ERR,ERR,ERR,ERR,ERR,ERR,ERR,ERR,ERR,ERR,ERR,ERR,ERR,ERR,ERR,ERR,ERR,ERR,ERR,ERR,ERR,ERR,ERR,ERR,ERR,ERR,ERR,ERR,ERR,ERR,ERR,ERR,ERR,ERR,ERR,ERR,ERR,ERR,ERR,ERR,ERR,ERR,ERR,ERR,ERR,ERR,ERR,ERR,ERR,ERR,ERR,ERR,ERR,ERR,ERR,ERR,ERR,ERR,ERR,ERR,ERR,ERR,ERR,ERR,ERR,ERR,ERR,ERR,ERR,ERR,ERR,ERR,ERR,ERR,ERR,ERR,ERR,ERR,ERR,ERR,ERR,ERR,ERR,ERR,ERR,ERR,ERR,ERR,ERR,ERR,ERR,ERR,ERR,ERR,ERR,ERR,ERR,ERR,ERR,ERR,ERR,ERR,ERR,ERR,ERR,ERR,ERR,ERR,-107615288.0,-0.0,-134474944.0,0.0,0.0,1.3936040501711995e+18,7.805,0.0,0,0,4,0,8422,0.0,45,0.0,0.0,0.0,0.0,0.0,0,0,0,0,0.0,0,0,0,0,0,0,0,0,0,0,0,0,0,0,0,0,0,0,0,0,0,0,0,0,0,0,0,0,0,0,0,0,0,38,14,7,45,65476,0,300,0,0,8,21553,0.0,-107605600.0,0.0,0.0,0.0,0.0,0.0,0.0,0.0,0.0,0.0,0.0,0.0,0.0,0.0,0.0,0.0,0.0,0.0,0.0,0.0,0.0,-2.004,-2.004,2.004,-2.004,0.0,0.0,0.0,0.0,5047.0,0.0,0.0,-107615288.0,-0.0,-0.0,0.0,0.0,0.0,0.0,0.0,53,-0.0,0.0,0.0,0.0,0.0,0.0,0.0,0.0,0.0,0,0,0,0.0,0.0,0.0,0.0,0.0,0.0,0.0,0.0,0.0,0.0,0.0,0.0,0.0,0.0,0.0,0.0,0,-107875648.0,53,0.0,106,-107614832.0,-0.0,ERR,ERR,ERR,ERR,ERR,ERR,ERR,ERR,ERR,ERR,ERR,ERR,ERR,ERR,ERR,ERR,ERR,ERR,ERR,ERR,ERR,ERR,ERR,ERR,ERR,ERR,ERR,ERR,ERR,ERR,ERR,ERR,ERR,ERR,ERR,ERR,ERR,ERR,ERR,ERR,ERR,ERR,ERR,ERR,ERR,ERR,ERR,ERR,ERR,ERR,ERR,ERR,ERR,ERR,ERR,ERR,ERR,ERR,ERR,ERR,ERR,ERR,ERR,ERR,ERR,ERR,ERR,50.0,60.0,100,0.0,0.0,0.0,0.0,0.0,0.0,0.0,0.0,0.0,0.0,0.0,0.0,0.0,0.0,0.0,0.0,62.0,75,13,65511,50,65476,0,300,0,0,8,20529,65476,0,0,26214,60.0,0.0,0.0,0.0,0.0,0.0
2026-05-17T18:00:26,ERR,ERR,ERR,ERR,ERR,ERR,ERR,ERR,ERR,ERR,ERR,ERR,ERR,ERR,ERR,ERR,ERR,ERR,ERR,ERR,ERR,ERR,ERR,ERR,ERR,ERR,ERR,ERR,ERR,ERR,ERR,ERR,ERR,ERR,ERR,ERR,ERR,ERR,ERR,ERR,ERR,ERR,ERR,ERR,ERR,ERR,ERR,ERR,ERR,ERR,ERR,ERR,ERR,ERR,ERR,ERR,ERR,ERR,ERR,ERR,ERR,ERR,ERR,ERR,ERR,ERR,ERR,ERR,ERR,ERR,ERR,ERR,ERR,ERR,ERR,ERR,ERR,ERR,ERR,ERR,ERR,ERR,ERR,ERR,ERR,ERR,ERR,ERR,ERR,ERR,ERR,ERR,ERR,ERR,ERR,ERR,ERR,ERR,ERR,ERR,ERR,ERR,ERR,ERR,ERR,ERR,ERR,ERR,ERR,ERR,ERR,ERR,ERR,ERR,ERR,ERR,ERR,ERR,ERR,ERR,ERR,ERR,ERR,ERR,ERR,-107615288.0,-0.0,-134474944.0,0.0,0.0,1.3936040501711995e+18,7.805,0.0,0,0,4,0,8422,0.0,45,0.0,0.0,0.0,0.0,0.0,0,0,0,0,0.0,0,0,0,0,0,0,0,0,0,0,0,0,0,0,0,0,0,0,0,0,0,0,0,0,0,0,0,0,0,0,0,0,0,38,14,7,45,65476,0,300,0,0,8,21553,0.0,-107605600.0,0.0,0.0,0.0,0.0,0.0,0.0,0.0,0.0,0.0,0.0,0.0,0.0,0.0,0.0,0.0,0.0,0.0,0.0,0.0,0.0,-2.004,-2.004,2.004,-2.004,0.0,0.0,0.0,0.0,5047.0,0.0,0.0,-107615288.0,-0.0,-0.0,0.0,0.0,0.0,0.0,0.0,53,-0.0,0.0,0.0,0.0,0.0,0.0,0.0,0.0,0.0,0,0,0,0.0,0.0,0.0,0.0,0.0,0.0,0.0,0.0,0.0,0.0,0.0,0.0,0.0,0.0,0.0,0.0,0,-107875648.0,53,0.0,106,-107614832.0,-0.0,ERR,ERR,ERR,ERR,ERR,ERR,ERR,ERR,ERR,ERR,ERR,ERR,ERR,ERR,ERR,ERR,ERR,ERR,ERR,ERR,ERR,ERR,ERR,ERR,ERR,ERR,ERR,ERR,ERR,ERR,ERR,ERR,ERR,ERR,ERR,ERR,ERR,ERR,ERR,ERR,ERR,ERR,ERR,ERR,ERR,ERR,ERR,ERR,ERR,ERR,ERR,ERR,ERR,ERR,ERR,ERR,ERR,ERR,ERR,ERR,ERR,ERR,ERR,ERR,ERR,ERR,ERR,50.0,60.0,100,0.0,0.0,0.0,0.0,0.0,0.0,0.0,0.0,0.0,0.0,0.0,0.0,0.0,0.0,0.0,0.0,61.6,75,13,65511,50,65476,0,300,0,0,8,20529,65476,0,0,26214,60.0,0.0,0.0,0.0,0.0,0.0
2026-05-17T18:00:27,ERR,ERR,ERR,ERR,ERR,ERR,ERR,ERR,ERR,ERR,ERR,ERR,ERR,ERR,ERR,ERR,ERR,ERR,ERR,ERR,ERR,ERR,ERR,ERR,ERR,ERR,ERR,ERR,ERR,ERR,ERR,ERR,ERR,ERR,ERR,ERR,ERR,ERR,ERR,ERR,ERR,ERR,ERR,ERR,ERR,ERR,ERR,ERR,ERR,ERR,ERR,ERR,ERR,ERR,ERR,ERR,ERR,ERR,ERR,ERR,ERR,ERR,ERR,ERR,ERR,ERR,ERR,ERR,ERR,ERR,ERR,ERR,ERR,ERR,ERR,ERR,ERR,ERR,ERR,ERR,ERR,ERR,ERR,ERR,ERR,ERR,ERR,ERR,ERR,ERR,ERR,ERR,ERR,ERR,ERR,ERR,ERR,ERR,ERR,ERR,ERR,ERR,ERR,ERR,ERR,ERR,ERR,ERR,ERR,ERR,ERR,ERR,ERR,ERR,ERR,ERR,ERR,ERR,ERR,ERR,ERR,ERR,ERR,ERR,ERR,-107615288.0,-0.0,-134474944.0,0.0,0.0,1.3936040501711995e+18,7.805,0.0,0,0,4,0,8422,0.0,45,0.0,0.0,0.0,0.0,0.0,0,0,0,0,0.0,0,0,0,0,0,0,0,0,0,0,0,0,0,0,0,0,0,0,0,0,0,0,0,0,0,0,0,0,0,0,0,0,0,38,14,7,45,65476,0,300,0,0,8,21553,0.0,-107605600.0,0.0,0.0,0.0,0.0,0.0,0.0,0.0,0.0,0.0,0.0,0.0,0.0,0.0,0.0,0.0,0.0,0.0,0.0,0.0,0.0,-2.004,-2.004,2.004,-2.004,0.0,0.0,0.0,0.0,5051.0,0.0,0.0,-107615288.0,-0.0,-0.0,0.0,0.0,0.0,0.0,0.0,53,-0.0,0.0,0.0,0.0,0.0,0.0,0.0,0.0,0.0,0,0,0,0.0,0.0,0.0,0.0,0.0,0.0,0.0,0.0,0.0,0.0,0.0,0.0,0.0,0.0,0.0,0.0,0,-107875648.0,53,0.0,106,-107614832.0,-0.0,ERR,ERR,ERR,ERR,ERR,ERR,ERR,ERR,ERR,ERR,ERR,ERR,ERR,ERR,ERR,ERR,ERR,ERR,ERR,ERR,ERR,ERR,ERR,ERR,ERR,ERR,ERR,ERR,ERR,ERR,ERR,ERR,ERR,ERR,ERR,ERR,ERR,ERR,ERR,ERR,ERR,ERR,ERR,ERR,ERR,ERR,ERR,ERR,ERR,ERR,ERR,ERR,ERR,ERR,ERR,ERR,ERR,ERR,ERR,ERR,ERR,ERR,ERR,ERR,ERR,ERR,ERR,50.0,60.0,100,0.0,0.0,0.0,0.0,0.0,0.0,0.0,0.0,0.0,0.0,0.0,0.0,0.0,0.0,0.0,0.0,61.6,75,13,65511,50,65476,0,300,0,0,8,20529,65476,0,0,26214,60.0,0.0,0.0,0.0,0.0,0.0
2026-05-17T18:00:28,ERR,ERR,ERR,ERR,ERR,ERR,ERR,ERR,ERR,ERR,ERR,ERR,ERR,ERR,ERR,ERR,ERR,ERR,ERR,ERR,ERR,ERR,ERR,ERR,ERR,ERR,ERR,ERR,ERR,ERR,ERR,ERR,ERR,ERR,ERR,ERR,ERR,ERR,ERR,ERR,ERR,ERR,ERR,ERR,ERR,ERR,ERR,ERR,ERR,ERR,ERR,ERR,ERR,ERR,ERR,ERR,ERR,ERR,ERR,ERR,ERR,ERR,ERR,ERR,ERR,ERR,ERR,ERR,ERR,ERR,ERR,ERR,ERR,ERR,ERR,ERR,ERR,ERR,ERR,ERR,ERR,ERR,ERR,ERR,ERR,ERR,ERR,ERR,ERR,ERR,ERR,ERR,ERR,ERR,ERR,ERR,ERR,ERR,ERR,ERR,ERR,ERR,ERR,ERR,ERR,ERR,ERR,ERR,ERR,ERR,ERR,ERR,ERR,ERR,ERR,ERR,ERR,ERR,ERR,ERR,ERR,ERR,ERR,ERR,ERR,-107615288.0,-0.0,-134474944.0,0.0,0.0,1.3936040501711995e+18,7.805,0.0,0,0,4,0,8422,0.0,45,0.0,0.0,0.0,0.0,0.0,0,0,0,0,0.0,0,0,0,0,0,0,0,0,0,0,0,0,0,0,0,0,0,0,0,0,0,0,0,0,0,0,0,0,0,0,0,0,0,38,14,7,45,65476,0,300,0,0,8,21553,0.0,-107605600.0,0.0,0.0,0.0,0.0,0.0,0.0,0.0,0.0,0.0,0.0,0.0,0.0,0.0,0.0,0.0,0.0,0.0,0.0,0.0,0.0,-2.004,-2.004,2.004,-2.004,0.0,0.0,0.0,0.0,5051.0,0.0,0.0,-107615288.0,-0.0,-0.0,0.0,0.0,0.0,0.0,0.0,53,-0.0,0.0,0.0,0.0,0.0,0.0,0.0,0.0,0.0,0,0,0,0.0,0.0,0.0,0.0,0.0,0.0,0.0,0.0,0.0,0.0,0.0,0.0,0.0,0.0,0.0,0.0,0,-107875648.0,53,0.0,106,-107614832.0,-0.0,ERR,ERR,ERR,ERR,ERR,ERR,ERR,ERR,ERR,ERR,ERR,ERR,ERR,ERR,ERR,ERR,ERR,ERR,ERR,ERR,ERR,ERR,ERR,ERR,ERR,ERR,ERR,ERR,ERR,ERR,ERR,ERR,ERR,ERR,ERR,ERR,ERR,ERR,ERR,ERR,ERR,ERR,ERR,ERR,ERR,ERR,ERR,ERR,ERR,ERR,ERR,ERR,ERR,ERR,ERR,ERR,ERR,ERR,ERR,ERR,ERR,ERR,ERR,ERR,ERR,ERR,ERR,50.0,60.0,100,0.0,0.0,0.0,0.0,0.0,0.0,0.0,0.0,0.0,0.0,0.0,0.0,0.0,0.0,0.0,0.0,61.6,75,13,65511,50,65476,0,300,0,0,8,20529,65476,0,0,26214,60.0,0.0,0.0,0.0,0.0,0.0
2026-05-17T18:00:29,ERR,ERR,ERR,ERR,ERR,ERR,ERR,ERR,ERR,ERR,ERR,ERR,ERR,ERR,ERR,ERR,ERR,ERR,ERR,ERR,ERR,ERR,ERR,ERR,ERR,ERR,ERR,ERR,ERR,ERR,ERR,ERR,ERR,ERR,ERR,ERR,ERR,ERR,ERR,ERR,ERR,ERR,ERR,ERR,ERR,ERR,ERR,ERR,ERR,ERR,ERR,ERR,ERR,ERR,ERR,ERR,ERR,ERR,ERR,ERR,ERR,ERR,ERR,ERR,ERR,ERR,ERR,ERR,ERR,ERR,ERR,ERR,ERR,ERR,ERR,ERR,ERR,ERR,ERR,ERR,ERR,ERR,ERR,ERR,ERR,ERR,ERR,ERR,ERR,ERR,ERR,ERR,ERR,ERR,ERR,ERR,ERR,ERR,ERR,ERR,ERR,ERR,ERR,ERR,ERR,ERR,ERR,ERR,ERR,ERR,ERR,ERR,ERR,ERR,ERR,ERR,ERR,ERR,ERR,ERR,ERR,ERR,ERR,ERR,ERR,-107615288.0,-0.0,-134474944.0,0.0,0.0,1.3936040501711995e+18,7.805,0.0,0,0,4,0,8422,0.0,45,0.0,0.0,0.0,0.0,0.0,0,0,0,0,0.0,0,0,0,0,0,0,0,0,0,0,0,0,0,0,0,0,0,0,0,0,0,0,0,0,0,0,0,0,0,0,0,0,0,38,14,7,45,65476,0,300,0,0,8,21553,0.0,-107605600.0,0.0,0.0,0.0,0.0,0.0,0.0,0.0,0.0,0.0,0.0,0.0,0.0,0.0,0.0,0.0,0.0,0.0,0.0,0.0,0.0,-2.004,-2.004,2.004,-2.004,0.0,0.0,0.0,0.0,5051.0,0.0,0.0,-107615288.0,-0.0,-0.0,0.0,0.0,0.0,0.0,0.0,53,-0.0,0.0,0.0,0.0,0.0,0.0,0.0,0.0,0.0,0,0,0,0.0,0.0,0.0,0.0,0.0,0.0,0.0,0.0,0.0,0.0,0.0,0.0,0.0,0.0,0.0,0.0,0,-107875648.0,53,0.0,106,-107614832.0,-0.0,ERR,ERR,ERR,ERR,ERR,ERR,ERR,ERR,ERR,ERR,ERR,ERR,ERR,ERR,ERR,ERR,ERR,ERR,ERR,ERR,ERR,ERR,ERR,ERR,ERR,ERR,ERR,ERR,ERR,ERR,ERR,ERR,ERR,ERR,ERR,ERR,ERR,ERR,ERR,ERR,ERR,ERR,ERR,ERR,ERR,ERR,ERR,ERR,ERR,ERR,ERR,ERR,ERR,ERR,ERR,ERR,ERR,ERR,ERR,ERR,ERR,ERR,ERR,ERR,ERR,ERR,ERR,50.0,60.0,100,0.0,0.0,0.0,0.0,0.0,0.0,0.0,0.0,0.0,0.0,0.0,0.0,0.0,0.0,0.0,0.0,62.0,75,13,65511,50,65476,0,300,0,0,8,20529,65476,0,0,26214,60.0,0.0,0.0,0.0,0.0,0.0
2026-05-17T18:00:30,ERR,ERR,ERR,ERR,ERR,ERR,ERR,ERR,ERR,ERR,ERR,ERR,ERR,ERR,ERR,ERR,ERR,ERR,ERR,ERR,ERR,ERR,ERR,ERR,ERR,ERR,ERR,ERR,ERR,ERR,ERR,ERR,ERR,ERR,ERR,ERR,ERR,ERR,ERR,ERR,ERR,ERR,ERR,ERR,ERR,ERR,ERR,ERR,ERR,ERR,ERR,ERR,ERR,ERR,ERR,ERR,ERR,ERR,ERR,ERR,ERR,ERR,ERR,ERR,ERR,ERR,ERR,ERR,ERR,ERR,ERR,ERR,ERR,ERR,ERR,ERR,ERR,ERR,ERR,ERR,ERR,ERR,ERR,ERR,ERR,ERR,ERR,ERR,ERR,ERR,ERR,ERR,ERR,ERR,ERR,ERR,ERR,ERR,ERR,ERR,ERR,ERR,ERR,ERR,ERR,ERR,ERR,ERR,ERR,ERR,ERR,ERR,ERR,ERR,ERR,ERR,ERR,ERR,ERR,ERR,ERR,ERR,ERR,ERR,ERR,-107615288.0,-0.0,-134474944.0,0.0,0.0,1.3936040501711995e+18,7.805,0.0,0,0,4,0,8422,0.0,45,0.0,0.0,0.0,0.0,0.0,0,0,0,0,0.0,0,0,0,0,0,0,0,0,0,0,0,0,0,0,0,0,0,0,0,0,0,0,0,0,0,0,0,0,0,0,0,0,0,38,14,7,45,65476,0,300,0,0,8,21553,0.0,-107605600.0,0.0,0.0,0.0,0.0,0.0,0.0,0.0,0.0,0.0,0.0,0.0,0.0,0.0,0.0,0.0,0.0,0.0,0.0,0.0,0.0,-2.004,-2.004,2.004,-2.004,0.0,0.0,0.0,0.0,5051.0,0.0,0.0,-107615288.0,-0.0,-0.0,0.0,0.0,0.0,0.0,0.0,53,-0.0,0.0,0.0,0.0,0.0,0.0,0.0,0.0,0.0,0,0,0,0.0,0.0,0.0,0.0,0.0,0.0,0.0,0.0,0.0,0.0,0.0,0.0,0.0,0.0,0.0,0.0,0,-107875648.0,53,0.0,106,-107614832.0,-0.0,ERR,ERR,ERR,ERR,ERR,ERR,ERR,ERR,ERR,ERR,ERR,ERR,ERR,ERR,ERR,ERR,ERR,ERR,ERR,ERR,ERR,ERR,ERR,ERR,ERR,ERR,ERR,ERR,ERR,ERR,ERR,ERR,ERR,ERR,ERR,ERR,ERR,ERR,ERR,ERR,ERR,ERR,ERR,ERR,ERR,ERR,ERR,ERR,ERR,ERR,ERR,ERR,ERR,ERR,ERR,ERR,ERR,ERR,ERR,ERR,ERR,ERR,ERR,ERR,ERR,ERR,ERR,50.0,60.0,100,0.0,0.0,0.0,0.0,0.0,0.0,0.0,0.0,0.0,0.0,0.0,0.0,0.0,0.0,0.0,0.0,62.0,75,13,65511,50,65476,0,300,0,0,8,20529,65476,0,0,26214,60.0,0.0,0.0,0.0,0.0,0.0
2026-05-17T18:00:31,ERR,ERR,ERR,ERR,ERR,ERR,ERR,ERR,ERR,ERR,ERR,ERR,ERR,ERR,ERR,ERR,ERR,ERR,ERR,ERR,ERR,ERR,ERR,ERR,ERR,ERR,ERR,ERR,ERR,ERR,ERR,ERR,ERR,ERR,ERR,ERR,ERR,ERR,ERR,ERR,ERR,ERR,ERR,ERR,ERR,ERR,ERR,ERR,ERR,ERR,ERR,ERR,ERR,ERR,ERR,ERR,ERR,ERR,ERR,ERR,ERR,ERR,ERR,ERR,ERR,ERR,ERR,ERR,ERR,ERR,ERR,ERR,ERR,ERR,ERR,ERR,ERR,ERR,ERR,ERR,ERR,ERR,ERR,ERR,ERR,ERR,ERR,ERR,ERR,ERR,ERR,ERR,ERR,ERR,ERR,ERR,ERR,ERR,ERR,ERR,ERR,ERR,ERR,ERR,ERR,ERR,ERR,ERR,ERR,ERR,ERR,ERR,ERR,ERR,ERR,ERR,ERR,ERR,ERR,ERR,ERR,ERR,ERR,ERR,ERR,-107615288.0,-0.0,-134474944.0,0.0,0.0,1.3936040501711995e+18,7.805,0.0,0,0,4,0,8422,0.0,45,0.0,0.0,0.0,0.0,0.0,0,0,0,0,0.0,0,0,0,0,0,0,0,0,0,0,0,0,0,0,0,0,0,0,0,0,0,0,0,0,0,0,0,0,0,0,0,0,0,38,14,7,45,65476,0,300,0,0,8,21553,0.0,-107605600.0,0.0,0.0,0.0,0.0,0.0,0.0,0.0,0.0,0.0,0.0,0.0,0.0,0.0,0.0,0.0,0.0,0.0,0.0,0.0,0.0,-2.004,-2.004,2.004,-2.004,0.0,0.0,0.0,0.0,5051.0,0.0,0.0,-107615288.0,-0.0,-0.0,0.0,0.0,0.0,0.0,0.0,53,-0.0,0.0,0.0,0.0,0.0,0.0,0.0,0.0,0.0,0,0,0,0.0,0.0,0.0,0.0,0.0,0.0,0.0,0.0,0.0,0.0,0.0,0.0,0.0,0.0,0.0,0.0,0,-107875648.0,53,0.0,106,-107614832.0,-0.0,ERR,ERR,ERR,ERR,ERR,ERR,ERR,ERR,ERR,ERR,ERR,ERR,ERR,ERR,ERR,ERR,ERR,ERR,ERR,ERR,ERR,ERR,ERR,ERR,ERR,ERR,ERR,ERR,ERR,ERR,ERR,ERR,ERR,ERR,ERR,ERR,ERR,ERR,ERR,ERR,ERR,ERR,ERR,ERR,ERR,ERR,ERR,ERR,ERR,ERR,ERR,ERR,ERR,ERR,ERR,ERR,ERR,ERR,ERR,ERR,ERR,ERR,ERR,ERR,ERR,ERR,ERR,50.0,60.0,100,0.0,0.0,0.0,0.0,0.0,0.0,0.0,0.0,0.0,0.0,0.0,0.0,0.0,0.0,0.0,0.0,61.6,75,13,65511,50,65476,0,300,0,0,8,20529,65476,0,0,26214,60.0,0.0,0.0,0.0,0.0,0.0
2026-05-17T18:00:32,ERR,ERR,ERR,ERR,ERR,ERR,ERR,ERR,ERR,ERR,ERR,ERR,ERR,ERR,ERR,ERR,ERR,ERR,ERR,ERR,ERR,ERR,ERR,ERR,ERR,ERR,ERR,ERR,ERR,ERR,ERR,ERR,ERR,ERR,ERR,ERR,ERR,ERR,ERR,ERR,ERR,ERR,ERR,ERR,ERR,ERR,ERR,ERR,ERR,ERR,ERR,ERR,ERR,ERR,ERR,ERR,ERR,ERR,ERR,ERR,ERR,ERR,ERR,ERR,ERR,ERR,ERR,ERR,ERR,ERR,ERR,ERR,ERR,ERR,ERR,ERR,ERR,ERR,ERR,ERR,ERR,ERR,ERR,ERR,ERR,ERR,ERR,ERR,ERR,ERR,ERR,ERR,ERR,ERR,ERR,ERR,ERR,ERR,ERR,ERR,ERR,ERR,ERR,ERR,ERR,ERR,ERR,ERR,ERR,ERR,ERR,ERR,ERR,ERR,ERR,ERR,ERR,ERR,ERR,ERR,ERR,ERR,ERR,ERR,ERR,-107615288.0,-0.0,-134474944.0,0.0,0.0,1.3936040501711995e+18,7.805,0.0,0,0,4,0,8422,0.0,45,0.0,0.0,0.0,0.0,0.0,0,0,0,0,0.0,0,0,0,0,0,0,0,0,0,0,0,0,0,0,0,0,0,0,0,0,0,0,0,0,0,0,0,0,0,0,0,0,0,38,14,7,45,65476,0,300,0,0,8,21553,0.0,-107605600.0,0.0,0.0,0.0,0.0,0.0,0.0,0.0,0.0,0.0,0.0,0.0,0.0,0.0,0.0,0.0,0.0,0.0,0.0,0.0,0.0,-2.004,-2.004,2.004,-2.004,0.0,0.0,0.0,0.0,5016.0,-131350.438,0.0,-107615288.0,-0.0,-0.0,0.0,0.0,0.0,0.0,0.0,53,-0.0,-0.0,0.0,0.0,0.0,0.0,0.0,0.0,0.0,0,0,0,0.0,0.0,0.0,0.0,0.0,0.0,0.0,0.0,0.0,0.0,0.0,0.0,0.0,0.0,0.0,0.0,0,-107875648.0,53,0.0,106,-107614832.0,-0.0,ERR,ERR,ERR,ERR,ERR,ERR,ERR,ERR,ERR,ERR,ERR,ERR,ERR,ERR,ERR,ERR,ERR,ERR,ERR,ERR,ERR,ERR,ERR,ERR,ERR,ERR,ERR,ERR,ERR,ERR,ERR,ERR,ERR,ERR,ERR,ERR,ERR,ERR,ERR,ERR,ERR,ERR,ERR,ERR,ERR,ERR,ERR,ERR,ERR,ERR,ERR,ERR,ERR,ERR,ERR,ERR,ERR,ERR,ERR,ERR,ERR,ERR,ERR,ERR,ERR,ERR,ERR,50.0,60.0,100,0.0,0.0,0.0,0.0,0.0,0.0,0.0,0.0,0.0,0.0,0.0,0.0,0.0,0.0,0.0,0.0,61.6,75,13,65511,50,65476,0,300,0,0,8,20529,65476,0,0,26214,60.0,0.0,0.0,0.0,0.0,0.0
2026-05-17T18:00:33,ERR,ERR,ERR,ERR,ERR,ERR,ERR,ERR,ERR,ERR,ERR,ERR,ERR,ERR,ERR,ERR,ERR,ERR,ERR,ERR,ERR,ERR,ERR,ERR,ERR,ERR,ERR,ERR,ERR,ERR,ERR,ERR,ERR,ERR,ERR,ERR,ERR,ERR,ERR,ERR,ERR,ERR,ERR,ERR,ERR,ERR,ERR,ERR,ERR,ERR,ERR,ERR,ERR,ERR,ERR,ERR,ERR,ERR,ERR,ERR,ERR,ERR,ERR,ERR,ERR,ERR,ERR,ERR,ERR,ERR,ERR,ERR,ERR,ERR,ERR,ERR,ERR,ERR,ERR,ERR,ERR,ERR,ERR,ERR,ERR,ERR,ERR,ERR,ERR,ERR,ERR,ERR,ERR,ERR,ERR,ERR,ERR,ERR,ERR,ERR,ERR,ERR,ERR,ERR,ERR,ERR,ERR,ERR,ERR,ERR,ERR,ERR,ERR,ERR,ERR,ERR,ERR,ERR,ERR,ERR,ERR,ERR,ERR,ERR,ERR,-107615288.0,-0.0,-134474944.0,0.0,0.0,1.3936040501711995e+18,7.805,0.0,0,0,4,0,8422,0.0,45,0.0,0.0,0.0,0.0,0.0,0,0,0,0,0.0,0,0,0,0,0,0,0,0,0,0,0,0,0,0,0,0,0,0,0,0,0,0,0,0,0,0,0,0,0,0,0,0,0,38,14,7,45,65476,0,300,0,0,8,21553,0.0,-107605600.0,0.0,0.0,0.0,0.0,0.0,0.0,0.0,0.0,0.0,0.0,0.0,0.0,0.0,0.0,0.0,0.0,0.0,0.0,0.0,0.0,-2.004,-2.004,2.004,-2.004,0.0,0.0,0.0,0.0,5016.0,-131350.438,0.0,-107615288.0,-0.0,-0.0,0.0,0.0,0.0,0.0,0.0,53,-0.0,-0.0,0.0,0.0,0.0,0.0,0.0,0.0,0.0,0,0,0,0.0,0.0,0.0,0.0,0.0,0.0,0.0,0.0,0.0,0.0,0.0,0.0,0.0,0.0,0.0,0.0,0,-107875648.0,53,0.0,106,-107614832.0,-0.0,ERR,ERR,ERR,ERR,ERR,ERR,ERR,ERR,ERR,ERR,ERR,ERR,ERR,ERR,ERR,ERR,ERR,ERR,ERR,ERR,ERR,ERR,ERR,ERR,ERR,ERR,ERR,ERR,ERR,ERR,ERR,ERR,ERR,ERR,ERR,ERR,ERR,ERR,ERR,ERR,ERR,ERR,ERR,ERR,ERR,ERR,ERR,ERR,ERR,ERR,ERR,ERR,ERR,ERR,ERR,ERR,ERR,ERR,ERR,ERR,ERR,ERR,ERR,ERR,ERR,ERR,ERR,50.0,60.0,100,0.0,0.0,0.0,0.0,0.0,0.0,0.0,0.0,0.0,0.0,0.0,0.0,0.0,0.0,0.0,0.0,61.6,75,13,65511,50,65476,0,300,0,0,8,20529,65476,0,0,26214,60.0,0.0,0.0,0.0,0.0,0.0
2026-05-17T18:00:34,ERR,ERR,ERR,ERR,ERR,ERR,ERR,ERR,ERR,ERR,ERR,ERR,ERR,ERR,ERR,ERR,ERR,ERR,ERR,ERR,ERR,ERR,ERR,ERR,ERR,ERR,ERR,ERR,ERR,ERR,ERR,ERR,ERR,ERR,ERR,ERR,ERR,ERR,ERR,ERR,ERR,ERR,ERR,ERR,ERR,ERR,ERR,ERR,ERR,ERR,ERR,ERR,ERR,ERR,ERR,ERR,ERR,ERR,ERR,ERR,ERR,ERR,ERR,ERR,ERR,ERR,ERR,ERR,ERR,ERR,ERR,ERR,ERR,ERR,ERR,ERR,ERR,ERR,ERR,ERR,ERR,ERR,ERR,ERR,ERR,ERR,ERR,ERR,ERR,ERR,ERR,ERR,ERR,ERR,ERR,ERR,ERR,ERR,ERR,ERR,ERR,ERR,ERR,ERR,ERR,ERR,ERR,ERR,ERR,ERR,ERR,ERR,ERR,ERR,ERR,ERR,ERR,ERR,ERR,ERR,ERR,ERR,ERR,ERR,ERR,-107615288.0,-0.0,-134474944.0,0.0,0.0,1.3936040501711995e+18,7.805,0.0,0,0,4,0,8422,0.0,45,0.0,0.0,0.0,0.0,0.0,0,0,0,0,0.0,0,0,0,0,0,0,0,0,0,0,0,0,0,0,0,0,0,0,0,0,0,0,0,0,0,0,0,0,0,0,0,0,0,38,14,7,45,65476,0,300,0,0,8,21553,0.0,-107605600.0,0.0,0.0,0.0,0.0,0.0,0.0,0.0,0.0,0.0,0.0,0.0,0.0,0.0,0.0,0.0,0.0,0.0,0.0,0.0,0.0,-2.004,-2.004,2.004,-2.004,0.0,0.0,0.0,0.0,5016.0,-131350.438,0.0,-107615288.0,-0.0,-0.0,0.0,0.0,0.0,0.0,0.0,53,-0.0,-0.0,0.0,0.0,0.0,0.0,0.0,0.0,0.0,0,0,0,0.0,0.0,0.0,0.0,0.0,0.0,0.0,0.0,0.0,0.0,0.0,0.0,0.0,0.0,0.0,0.0,0,-107875648.0,53,0.0,106,-107614832.0,-0.0,ERR,ERR,ERR,ERR,ERR,ERR,ERR,ERR,ERR,ERR,ERR,ERR,ERR,ERR,ERR,ERR,ERR,ERR,ERR,ERR,ERR,ERR,ERR,ERR,ERR,ERR,ERR,ERR,ERR,ERR,ERR,ERR,ERR,ERR,ERR,ERR,ERR,ERR,ERR,ERR,ERR,ERR,ERR,ERR,ERR,ERR,ERR,ERR,ERR,ERR,ERR,ERR,ERR,ERR,ERR,ERR,ERR,ERR,ERR,ERR,ERR,ERR,ERR,ERR,ERR,ERR,ERR,50.0,60.0,100,0.0,0.0,0.0,0.0,0.0,0.0,0.0,0.0,0.0,0.0,0.0,0.0,0.0,0.0,0.0,0.0,61.6,75,13,65511,50,65476,0,300,0,0,8,20529,65476,0,0,26214,60.0,0.0,0.0,0.0,0.0,0.0
2026-05-17T18:00:35,ERR,ERR,ERR,ERR,ERR,ERR,ERR,ERR,ERR,ERR,ERR,ERR,ERR,ERR,ERR,ERR,ERR,ERR,ERR,ERR,ERR,ERR,ERR,ERR,ERR,ERR,ERR,ERR,ERR,ERR,ERR,ERR,ERR,ERR,ERR,ERR,ERR,ERR,ERR,ERR,ERR,ERR,ERR,ERR,ERR,ERR,ERR,ERR,ERR,ERR,ERR,ERR,ERR,ERR,ERR,ERR,ERR,ERR,ERR,ERR,ERR,ERR,ERR,ERR,ERR,ERR,ERR,ERR,ERR,ERR,ERR,ERR,ERR,ERR,ERR,ERR,ERR,ERR,ERR,ERR,ERR,ERR,ERR,ERR,ERR,ERR,ERR,ERR,ERR,ERR,ERR,ERR,ERR,ERR,ERR,ERR,ERR,ERR,ERR,ERR,ERR,ERR,ERR,ERR,ERR,ERR,ERR,ERR,ERR,ERR,ERR,ERR,ERR,ERR,ERR,ERR,ERR,ERR,ERR,ERR,ERR,ERR,ERR,ERR,ERR,-107615288.0,-0.0,-134474944.0,0.0,0.0,1.3936040501711995e+18,7.805,0.0,0,0,4,0,8422,0.0,45,0.0,0.0,0.0,0.0,0.0,0,0,0,0,0.0,0,0,0,0,0,0,0,0,0,0,0,0,0,0,0,0,0,0,0,0,0,0,0,0,0,0,0,0,0,0,0,0,0,38,14,7,45,65476,0,300,0,0,8,21553,0.0,-107605600.0,0.0,0.0,0.0,0.0,0.0,0.0,0.0,0.0,0.0,0.0,0.0,0.0,0.0,0.0,0.0,0.0,0.0,0.0,0.0,0.0,-2.004,-2.004,2.004,-2.004,0.0,0.0,0.0,0.0,5016.0,-131350.438,0.0,-107615288.0,-0.0,-0.0,0.0,0.0,0.0,0.0,0.0,53,-0.0,-0.0,0.0,0.0,0.0,0.0,0.0,0.0,0.0,0,0,0,0.0,0.0,0.0,0.0,0.0,0.0,0.0,0.0,0.0,0.0,0.0,0.0,0.0,0.0,0.0,0.0,0,-107875648.0,53,0.0,106,-107614832.0,-0.0,ERR,ERR,ERR,ERR,ERR,ERR,ERR,ERR,ERR,ERR,ERR,ERR,ERR,ERR,ERR,ERR,ERR,ERR,ERR,ERR,ERR,ERR,ERR,ERR,ERR,ERR,ERR,ERR,ERR,ERR,ERR,ERR,ERR,ERR,ERR,ERR,ERR,ERR,ERR,ERR,ERR,ERR,ERR,ERR,ERR,ERR,ERR,ERR,ERR,ERR,ERR,ERR,ERR,ERR,ERR,ERR,ERR,ERR,ERR,ERR,ERR,ERR,ERR,ERR,ERR,ERR,ERR,50.0,60.0,100,0.0,0.0,0.0,0.0,0.0,0.0,0.0,0.0,0.0,0.0,0.0,0.0,0.0,0.0,0.0,0.0,62.0,75,13,65511,50,65476,0,300,0,0,8,20529,65476,0,0,26214,60.0,0.0,0.0,0.0,0.0,0.0
2026-05-17T18:00:36,ERR,ERR,ERR,ERR,ERR,ERR,ERR,ERR,ERR,ERR,ERR,ERR,ERR,ERR,ERR,ERR,ERR,ERR,ERR,ERR,ERR,ERR,ERR,ERR,ERR,ERR,ERR,ERR,ERR,ERR,ERR,ERR,ERR,ERR,ERR,ERR,ERR,ERR,ERR,ERR,ERR,ERR,ERR,ERR,ERR,ERR,ERR,ERR,ERR,ERR,ERR,ERR,ERR,ERR,ERR,ERR,ERR,ERR,ERR,ERR,ERR,ERR,ERR,ERR,ERR,ERR,ERR,ERR,ERR,ERR,ERR,ERR,ERR,ERR,ERR,ERR,ERR,ERR,ERR,ERR,ERR,ERR,ERR,ERR,ERR,ERR,ERR,ERR,ERR,ERR,ERR,ERR,ERR,ERR,ERR,ERR,ERR,ERR,ERR,ERR,ERR,ERR,ERR,ERR,ERR,ERR,ERR,ERR,ERR,ERR,ERR,ERR,ERR,ERR,ERR,ERR,ERR,ERR,ERR,ERR,ERR,ERR,ERR,ERR,ERR,-107615288.0,-0.0,-134474944.0,0.0,0.0,1.3936040501711995e+18,7.805,0.0,0,0,4,0,8422,0.0,45,0.0,0.0,0.0,0.0,0.0,0,0,0,0,0.0,0,0,0,0,0,0,0,0,0,0,0,0,0,0,0,0,0,0,0,0,0,0,0,0,0,0,0,0,0,0,0,0,0,38,14,7,45,65476,0,300,0,0,8,21553,0.0,-107605600.0,0.0,0.0,0.0,0.0,0.0,0.0,0.0,0.0,0.0,0.0,0.0,0.0,0.0,0.0,0.0,0.0,0.0,0.0,0.0,0.0,-2.004,-2.004,2.004,-2.004,0.0,0.0,0.0,0.0,5016.0,-131350.438,0.0,-107615288.0,-0.0,-0.0,0.0,0.0,0.0,0.0,0.0,53,-0.0,-0.0,0.0,0.0,0.0,0.0,0.0,0.0,0.0,0,0,0,0.0,0.0,0.0,0.0,0.0,0.0,0.0,0.0,0.0,0.0,0.0,0.0,0.0,0.0,0.0,0.0,0,-107875648.0,53,0.0,106,-107614832.0,-0.0,ERR,ERR,ERR,ERR,ERR,ERR,ERR,ERR,ERR,ERR,ERR,ERR,ERR,ERR,ERR,ERR,ERR,ERR,ERR,ERR,ERR,ERR,ERR,ERR,ERR,ERR,ERR,ERR,ERR,ERR,ERR,ERR,ERR,ERR,ERR,ERR,ERR,ERR,ERR,ERR,ERR,ERR,ERR,ERR,ERR,ERR,ERR,ERR,ERR,ERR,ERR,ERR,ERR,ERR,ERR,ERR,ERR,ERR,ERR,ERR,ERR,ERR,ERR,ERR,ERR,ERR,ERR,50.0,60.0,100,0.0,0.0,0.0,0.0,0.0,0.0,0.0,0.0,0.0,0.0,0.0,0.0,0.0,0.0,0.0,0.0,61.6,75,13,65511,50,65476,0,300,0,0,8,20529,65476,0,0,26214,60.0,0.0,0.0,0.0,0.0,0.0
2026-05-17T18:00:37,ERR,ERR,ERR,ERR,ERR,ERR,ERR,ERR,ERR,ERR,ERR,ERR,ERR,ERR,ERR,ERR,ERR,ERR,ERR,ERR,ERR,ERR,ERR,ERR,ERR,ERR,ERR,ERR,ERR,ERR,ERR,ERR,ERR,ERR,ERR,ERR,ERR,ERR,ERR,ERR,ERR,ERR,ERR,ERR,ERR,ERR,ERR,ERR,ERR,ERR,ERR,ERR,ERR,ERR,ERR,ERR,ERR,ERR,ERR,ERR,ERR,ERR,ERR,ERR,ERR,ERR,ERR,ERR,ERR,ERR,ERR,ERR,ERR,ERR,ERR,ERR,ERR,ERR,ERR,ERR,ERR,ERR,ERR,ERR,ERR,ERR,ERR,ERR,ERR,ERR,ERR,ERR,ERR,ERR,ERR,ERR,ERR,ERR,ERR,ERR,ERR,ERR,ERR,ERR,ERR,ERR,ERR,ERR,ERR,ERR,ERR,ERR,ERR,ERR,ERR,ERR,ERR,ERR,ERR,ERR,ERR,ERR,ERR,ERR,ERR,-107615288.0,-0.0,-134474944.0,0.0,0.0,1.3936040501711995e+18,7.805,0.0,0,0,4,0,8422,0.0,45,0.0,0.0,0.0,0.0,0.0,0,0,0,0,0.0,0,0,0,0,0,0,0,0,0,0,0,0,0,0,0,0,0,0,0,0,0,0,0,0,0,0,0,0,0,0,0,0,0,38,14,7,45,65476,0,300,0,0,8,21553,0.0,-107605600.0,0.0,0.0,0.0,0.0,0.0,0.0,0.0,0.0,0.0,0.0,0.0,0.0,0.0,0.0,0.0,0.0,0.0,0.0,0.0,0.0,-2.004,-2.004,2.004,-2.004,0.0,0.0,0.0,0.0,5015.0,-2.004,0.0,-107615288.0,-0.0,-0.0,0.0,0.0,0.0,0.0,0.0,53,-0.0,-0.0,0.0,0.0,0.0,0.0,0.0,0.0,0.0,0,0,0,0.0,0.0,0.0,0.0,0.0,0.0,0.0,0.0,0.0,0.0,0.0,0.0,0.0,0.0,0.0,0.0,0,-107875648.0,53,0.0,106,-107614832.0,-0.0,ERR,ERR,ERR,ERR,ERR,ERR,ERR,ERR,ERR,ERR,ERR,ERR,ERR,ERR,ERR,ERR,ERR,ERR,ERR,ERR,ERR,ERR,ERR,ERR,ERR,ERR,ERR,ERR,ERR,ERR,ERR,ERR,ERR,ERR,ERR,ERR,ERR,ERR,ERR,ERR,ERR,ERR,ERR,ERR,ERR,ERR,ERR,ERR,ERR,ERR,ERR,ERR,ERR,ERR,ERR,ERR,ERR,ERR,ERR,ERR,ERR,ERR,ERR,ERR,ERR,ERR,ERR,50.0,60.0,100,0.0,0.0,0.0,0.0,0.0,0.0,0.0,0.0,0.0,0.0,0.0,0.0,0.0,0.0,0.0,0.0,61.6,75,13,65511,50,65476,0,300,0,0,8,20529,65476,0,0,26214,60.0,0.0,0.0,0.0,0.0,0.0
2026-05-17T18:00:38,ERR,ERR,ERR,ERR,ERR,ERR,ERR,ERR,ERR,ERR,ERR,ERR,ERR,ERR,ERR,ERR,ERR,ERR,ERR,ERR,ERR,ERR,ERR,ERR,ERR,ERR,ERR,ERR,ERR,ERR,ERR,ERR,ERR,ERR,ERR,ERR,ERR,ERR,ERR,ERR,ERR,ERR,ERR,ERR,ERR,ERR,ERR,ERR,ERR,ERR,ERR,ERR,ERR,ERR,ERR,ERR,ERR,ERR,ERR,ERR,ERR,ERR,ERR,ERR,ERR,ERR,ERR,ERR,ERR,ERR,ERR,ERR,ERR,ERR,ERR,ERR,ERR,ERR,ERR,ERR,ERR,ERR,ERR,ERR,ERR,ERR,ERR,ERR,ERR,ERR,ERR,ERR,ERR,ERR,ERR,ERR,ERR,ERR,ERR,ERR,ERR,ERR,ERR,ERR,ERR,ERR,ERR,ERR,ERR,ERR,ERR,ERR,ERR,ERR,ERR,ERR,ERR,ERR,ERR,ERR,ERR,ERR,ERR,ERR,ERR,-107615288.0,-0.0,-134474944.0,0.0,0.0,1.3936040501711995e+18,7.805,0.0,0,0,4,0,8422,0.0,45,0.0,0.0,0.0,0.0,0.0,0,0,0,0,0.0,0,0,0,0,0,0,0,0,0,0,0,0,0,0,0,0,0,0,0,0,0,0,0,0,0,0,0,0,0,0,0,0,0,38,14,7,45,65476,0,300,0,0,8,21553,0.0,-107605600.0,0.0,0.0,0.0,0.0,0.0,0.0,0.0,0.0,0.0,0.0,0.0,0.0,0.0,0.0,0.0,0.0,0.0,0.0,0.0,0.0,-2.004,-2.004,2.004,-2.004,0.0,0.0,0.0,0.0,5015.0,-2.004,0.0,-107615288.0,-0.0,-0.0,0.0,0.0,0.0,0.0,0.0,53,-0.0,-0.0,0.0,0.0,0.0,0.0,0.0,0.0,0.0,0,0,0,0.0,0.0,0.0,0.0,0.0,0.0,0.0,0.0,0.0,0.0,0.0,0.0,0.0,0.0,0.0,0.0,0,-107875648.0,53,0.0,106,-107614832.0,-0.0,ERR,ERR,ERR,ERR,ERR,ERR,ERR,ERR,ERR,ERR,ERR,ERR,ERR,ERR,ERR,ERR,ERR,ERR,ERR,ERR,ERR,ERR,ERR,ERR,ERR,ERR,ERR,ERR,ERR,ERR,ERR,ERR,ERR,ERR,ERR,ERR,ERR,ERR,ERR,ERR,ERR,ERR,ERR,ERR,ERR,ERR,ERR,ERR,ERR,ERR,ERR,ERR,ERR,ERR,ERR,ERR,ERR,ERR,ERR,ERR,ERR,ERR,ERR,ERR,ERR,ERR,ERR,50.0,60.0,100,0.0,0.0,0.0,0.0,0.0,0.0,0.0,0.0,0.0,0.0,0.0,0.0,0.0,0.0,0.0,0.0,62.0,75,13,65511,50,65476,0,300,0,0,8,20529,65476,0,0,26214,60.0,0.0,0.0,0.0,0.0,0.0
2026-05-17T18:00:39,ERR,ERR,ERR,ERR,ERR,ERR,ERR,ERR,ERR,ERR,ERR,ERR,ERR,ERR,ERR,ERR,ERR,ERR,ERR,ERR,ERR,ERR,ERR,ERR,ERR,ERR,ERR,ERR,ERR,ERR,ERR,ERR,ERR,ERR,ERR,ERR,ERR,ERR,ERR,ERR,ERR,ERR,ERR,ERR,ERR,ERR,ERR,ERR,ERR,ERR,ERR,ERR,ERR,ERR,ERR,ERR,ERR,ERR,ERR,ERR,ERR,ERR,ERR,ERR,ERR,ERR,ERR,ERR,ERR,ERR,ERR,ERR,ERR,ERR,ERR,ERR,ERR,ERR,ERR,ERR,ERR,ERR,ERR,ERR,ERR,ERR,ERR,ERR,ERR,ERR,ERR,ERR,ERR,ERR,ERR,ERR,ERR,ERR,ERR,ERR,ERR,ERR,ERR,ERR,ERR,ERR,ERR,ERR,ERR,ERR,ERR,ERR,ERR,ERR,ERR,ERR,ERR,ERR,ERR,ERR,ERR,ERR,ERR,ERR,ERR,-107615288.0,-0.0,-134474944.0,0.0,0.0,1.3936040501711995e+18,7.805,0.0,0,0,4,0,8422,0.0,45,0.0,0.0,0.0,0.0,0.0,0,0,0,0,0.0,0,0,0,0,0,0,0,0,0,0,0,0,0,0,0,0,0,0,0,0,0,0,0,0,0,0,0,0,0,0,0,0,0,38,14,7,45,65476,0,300,0,0,8,21553,0.0,-107605600.0,0.0,0.0,0.0,0.0,0.0,0.0,0.0,0.0,0.0,0.0,0.0,0.0,0.0,0.0,0.0,0.0,0.0,0.0,0.0,0.0,-2.004,-2.004,2.004,-2.004,0.0,0.0,0.0,0.0,5015.0,-2.004,0.0,-107615288.0,-0.0,-0.0,0.0,0.0,0.0,0.0,0.0,53,-0.0,-0.0,0.0,0.0,0.0,0.0,0.0,0.0,0.0,0,0,0,0.0,0.0,0.0,0.0,0.0,0.0,0.0,0.0,0.0,0.0,0.0,0.0,0.0,0.0,0.0,0.0,0,-107875648.0,53,0.0,106,-107614832.0,-0.0,ERR,ERR,ERR,ERR,ERR,ERR,ERR,ERR,ERR,ERR,ERR,ERR,ERR,ERR,ERR,ERR,ERR,ERR,ERR,ERR,ERR,ERR,ERR,ERR,ERR,ERR,ERR,ERR,ERR,ERR,ERR,ERR,ERR,ERR,ERR,ERR,ERR,ERR,ERR,ERR,ERR,ERR,ERR,ERR,ERR,ERR,ERR,ERR,ERR,ERR,ERR,ERR,ERR,ERR,ERR,ERR,ERR,ERR,ERR,ERR,ERR,ERR,ERR,ERR,ERR,ERR,ERR,50.0,60.0,100,0.0,0.0,0.0,0.0,0.0,0.0,0.0,0.0,0.0,0.0,0.0,0.0,0.0,0.0,0.0,0.0,62.0,75,13,65511,50,65476,0,300,0,0,8,20529,65476,0,0,26214,60.0,0.0,0.0,0.0,0.0,0.0
2026-05-17T18:00:40,ERR,ERR,ERR,ERR,ERR,ERR,ERR,ERR,ERR,ERR,ERR,ERR,ERR,ERR,ERR,ERR,ERR,ERR,ERR,ERR,ERR,ERR,ERR,ERR,ERR,ERR,ERR,ERR,ERR,ERR,ERR,ERR,ERR,ERR,ERR,ERR,ERR,ERR,ERR,ERR,ERR,ERR,ERR,ERR,ERR,ERR,ERR,ERR,ERR,ERR,ERR,ERR,ERR,ERR,ERR,ERR,ERR,ERR,ERR,ERR,ERR,ERR,ERR,ERR,ERR,ERR,ERR,ERR,ERR,ERR,ERR,ERR,ERR,ERR,ERR,ERR,ERR,ERR,ERR,ERR,ERR,ERR,ERR,ERR,ERR,ERR,ERR,ERR,ERR,ERR,ERR,ERR,ERR,ERR,ERR,ERR,ERR,ERR,ERR,ERR,ERR,ERR,ERR,ERR,ERR,ERR,ERR,ERR,ERR,ERR,ERR,ERR,ERR,ERR,ERR,ERR,ERR,ERR,ERR,ERR,ERR,ERR,ERR,ERR,ERR,-107615288.0,-0.0,-134474944.0,0.0,0.0,1.3936040501711995e+18,7.805,0.0,0,0,4,0,8422,0.0,45,0.0,0.0,0.0,0.0,0.0,0,0,0,0,0.0,0,0,0,0,0,0,0,0,0,0,0,0,0,0,0,0,0,0,0,0,0,0,0,0,0,0,0,0,0,0,0,0,0,38,14,7,45,65476,0,300,0,0,8,21553,0.0,-107605600.0,0.0,0.0,0.0,0.0,0.0,0.0,0.0,0.0,0.0,0.0,0.0,0.0,0.0,0.0,0.0,0.0,0.0,0.0,0.0,0.0,-2.004,-2.004,2.004,-2.004,0.0,0.0,0.0,0.0,5015.0,-2.004,0.0,-107615288.0,-0.0,-0.0,0.0,0.0,0.0,0.0,0.0,53,-0.0,-0.0,0.0,0.0,0.0,0.0,0.0,0.0,0.0,0,0,0,0.0,0.0,0.0,0.0,0.0,0.0,0.0,0.0,0.0,0.0,0.0,0.0,0.0,0.0,0.0,0.0,0,-107875648.0,53,0.0,106,-107614832.0,-0.0,ERR,ERR,ERR,ERR,ERR,ERR,ERR,ERR,ERR,ERR,ERR,ERR,ERR,ERR,ERR,ERR,ERR,ERR,ERR,ERR,ERR,ERR,ERR,ERR,ERR,ERR,ERR,ERR,ERR,ERR,ERR,ERR,ERR,ERR,ERR,ERR,ERR,ERR,ERR,ERR,ERR,ERR,ERR,ERR,ERR,ERR,ERR,ERR,ERR,ERR,ERR,ERR,ERR,ERR,ERR,ERR,ERR,ERR,ERR,ERR,ERR,ERR,ERR,ERR,ERR,ERR,ERR,50.0,60.0,100,0.0,0.0,0.0,0.0,0.0,0.0,0.0,0.0,0.0,0.0,0.0,0.0,0.0,0.0,0.0,0.0,61.6,75,13,65511,50,65476,0,300,0,0,8,20529,65476,0,0,26214,60.0,0.0,0.0,0.0,0.0,0.0
2026-05-17T18:00:41,ERR,ERR,ERR,ERR,ERR,ERR,ERR,ERR,ERR,ERR,ERR,ERR,ERR,ERR,ERR,ERR,ERR,ERR,ERR,ERR,ERR,ERR,ERR,ERR,ERR,ERR,ERR,ERR,ERR,ERR,ERR,ERR,ERR,ERR,ERR,ERR,ERR,ERR,ERR,ERR,ERR,ERR,ERR,ERR,ERR,ERR,ERR,ERR,ERR,ERR,ERR,ERR,ERR,ERR,ERR,ERR,ERR,ERR,ERR,ERR,ERR,ERR,ERR,ERR,ERR,ERR,ERR,ERR,ERR,ERR,ERR,ERR,ERR,ERR,ERR,ERR,ERR,ERR,ERR,ERR,ERR,ERR,ERR,ERR,ERR,ERR,ERR,ERR,ERR,ERR,ERR,ERR,ERR,ERR,ERR,ERR,ERR,ERR,ERR,ERR,ERR,ERR,ERR,ERR,ERR,ERR,ERR,ERR,ERR,ERR,ERR,ERR,ERR,ERR,ERR,ERR,ERR,ERR,ERR,ERR,ERR,ERR,ERR,ERR,ERR,-107615288.0,-0.0,-134474944.0,0.0,0.0,1.3936040501711995e+18,7.805,0.0,0,0,4,0,8422,0.0,45,0.0,0.0,0.0,0.0,0.0,0,0,0,0,0.0,0,0,0,0,0,0,0,0,0,0,0,0,0,0,0,0,0,0,0,0,0,0,0,0,0,0,0,0,0,0,0,0,0,38,14,7,45,65476,0,300,0,0,8,21553,0.0,-107605600.0,0.0,0.0,0.0,0.0,0.0,0.0,0.0,0.0,0.0,0.0,0.0,0.0,0.0,0.0,0.0,0.0,0.0,0.0,0.0,0.0,-2.004,-2.004,2.004,-2.004,0.0,0.0,0.0,0.0,5015.0,-2.004,0.0,-107615288.0,-0.0,-0.0,0.0,0.0,0.0,0.0,0.0,53,-0.0,-0.0,0.0,0.0,0.0,0.0,0.0,0.0,0.0,0,0,0,0.0,0.0,0.0,0.0,0.0,0.0,0.0,0.0,0.0,0.0,0.0,0.0,0.0,0.0,0.0,0.0,0,-107875648.0,53,0.0,106,-107614832.0,-0.0,ERR,ERR,ERR,ERR,ERR,ERR,ERR,ERR,ERR,ERR,ERR,ERR,ERR,ERR,ERR,ERR,ERR,ERR,ERR,ERR,ERR,ERR,ERR,ERR,ERR,ERR,ERR,ERR,ERR,ERR,ERR,ERR,ERR,ERR,ERR,ERR,ERR,ERR,ERR,ERR,ERR,ERR,ERR,ERR,ERR,ERR,ERR,ERR,ERR,ERR,ERR,ERR,ERR,ERR,ERR,ERR,ERR,ERR,ERR,ERR,ERR,ERR,ERR,ERR,ERR,ERR,ERR,50.0,60.0,100,0.0,0.0,0.0,0.0,0.0,0.0,0.0,0.0,0.0,0.0,0.0,0.0,0.0,0.0,0.0,0.0,61.6,75,13,65511,50,65476,0,300,0,0,8,20529,65476,0,0,26214,60.0,0.0,0.0,0.0,0.0,0.0
2026-05-17T18:00:42,ERR,ERR,ERR,ERR,ERR,ERR,ERR,ERR,ERR,ERR,ERR,ERR,ERR,ERR,ERR,ERR,ERR,ERR,ERR,ERR,ERR,ERR,ERR,ERR,ERR,ERR,ERR,ERR,ERR,ERR,ERR,ERR,ERR,ERR,ERR,ERR,ERR,ERR,ERR,ERR,ERR,ERR,ERR,ERR,ERR,ERR,ERR,ERR,ERR,ERR,ERR,ERR,ERR,ERR,ERR,ERR,ERR,ERR,ERR,ERR,ERR,ERR,ERR,ERR,ERR,ERR,ERR,ERR,ERR,ERR,ERR,ERR,ERR,ERR,ERR,ERR,ERR,ERR,ERR,ERR,ERR,ERR,ERR,ERR,ERR,ERR,ERR,ERR,ERR,ERR,ERR,ERR,ERR,ERR,ERR,ERR,ERR,ERR,ERR,ERR,ERR,ERR,ERR,ERR,ERR,ERR,ERR,ERR,ERR,ERR,ERR,ERR,ERR,ERR,ERR,ERR,ERR,ERR,ERR,ERR,ERR,ERR,ERR,ERR,ERR,-107615288.0,-0.0,-134474944.0,0.0,0.0,1.3936040501711995e+18,7.805,0.0,0,0,4,0,8422,0.0,45,0.0,0.0,0.0,0.0,0.0,0,0,0,0,0.0,0,0,0,0,0,0,0,0,0,0,0,0,0,0,0,0,0,0,0,0,0,0,0,0,0,0,0,0,0,0,0,0,0,38,14,7,45,65476,0,300,0,0,8,21553,0.0,-107605600.0,0.0,0.0,0.0,0.0,0.0,0.0,0.0,0.0,0.0,0.0,0.0,0.0,0.0,0.0,0.0,0.0,0.0,0.0,0.0,0.0,-2.004,-2.004,2.004,-2.004,0.0,0.0,0.0,0.0,5021.0,-8608182272.0,0.0,-107615288.0,-0.0,-0.0,0.0,0.0,0.0,0.0,0.0,53,-0.0,-0.0,0.0,0.0,0.0,0.0,0.0,0.0,0.0,0,0,0,0.0,0.0,0.0,0.0,0.0,0.0,0.0,0.0,0.0,0.0,0.0,0.0,0.0,0.0,0.0,0.0,0,-107875648.0,53,0.0,106,-107614832.0,-0.0,ERR,ERR,ERR,ERR,ERR,ERR,ERR,ERR,ERR,ERR,ERR,ERR,ERR,ERR,ERR,ERR,ERR,ERR,ERR,ERR,ERR,ERR,ERR,ERR,ERR,ERR,ERR,ERR,ERR,ERR,ERR,ERR,ERR,ERR,ERR,ERR,ERR,ERR,ERR,ERR,ERR,ERR,ERR,ERR,ERR,ERR,ERR,ERR,ERR,ERR,ERR,ERR,ERR,ERR,ERR,ERR,ERR,ERR,ERR,ERR,ERR,ERR,ERR,ERR,ERR,ERR,ERR,50.0,60.0,100,0.0,0.0,0.0,0.0,0.0,0.0,0.0,0.0,0.0,0.0,0.0,0.0,0.0,0.0,0.0,0.0,61.6,75,13,65511,50,65476,0,300,0,0,8,20529,65476,0,0,26214,60.0,0.0,0.0,0.0,0.0,0.0
2026-05-17T18:00:43,ERR,ERR,ERR,ERR,ERR,ERR,ERR,ERR,ERR,ERR,ERR,ERR,ERR,ERR,ERR,ERR,ERR,ERR,ERR,ERR,ERR,ERR,ERR,ERR,ERR,ERR,ERR,ERR,ERR,ERR,ERR,ERR,ERR,ERR,ERR,ERR,ERR,ERR,ERR,ERR,ERR,ERR,ERR,ERR,ERR,ERR,ERR,ERR,ERR,ERR,ERR,ERR,ERR,ERR,ERR,ERR,ERR,ERR,ERR,ERR,ERR,ERR,ERR,ERR,ERR,ERR,ERR,ERR,ERR,ERR,ERR,ERR,ERR,ERR,ERR,ERR,ERR,ERR,ERR,ERR,ERR,ERR,ERR,ERR,ERR,ERR,ERR,ERR,ERR,ERR,ERR,ERR,ERR,ERR,ERR,ERR,ERR,ERR,ERR,ERR,ERR,ERR,ERR,ERR,ERR,ERR,ERR,ERR,ERR,ERR,ERR,ERR,ERR,ERR,ERR,ERR,ERR,ERR,ERR,ERR,ERR,ERR,ERR,ERR,ERR,-107615288.0,-0.0,-134474944.0,0.0,0.0,1.3936040501711995e+18,7.805,0.0,0,0,4,0,8422,0.0,45,0.0,0.0,0.0,0.0,0.0,0,0,0,0,0.0,0,0,0,0,0,0,0,0,0,0,0,0,0,0,0,0,0,0,0,0,0,0,0,0,0,0,0,0,0,0,0,0,0,38,14,7,45,65476,0,300,0,0,8,21553,0.0,-107605600.0,0.0,0.0,0.0,0.0,0.0,0.0,0.0,0.0,0.0,0.0,0.0,0.0,0.0,0.0,0.0,0.0,0.0,0.0,0.0,0.0,-2.004,-2.004,2.004,-2.004,0.0,0.0,0.0,0.0,5021.0,-8608182272.0,0.0,-107615288.0,-0.0,-0.0,0.0,0.0,0.0,0.0,0.0,53,-0.0,-0.0,0.0,0.0,0.0,0.0,0.0,0.0,0.0,0,0,0,0.0,0.0,0.0,0.0,0.0,0.0,0.0,0.0,0.0,0.0,0.0,0.0,0.0,0.0,0.0,0.0,0,-107875648.0,53,0.0,106,-107614832.0,-0.0,ERR,ERR,ERR,ERR,ERR,ERR,ERR,ERR,ERR,ERR,ERR,ERR,ERR,ERR,ERR,ERR,ERR,ERR,ERR,ERR,ERR,ERR,ERR,ERR,ERR,ERR,ERR,ERR,ERR,ERR,ERR,ERR,ERR,ERR,ERR,ERR,ERR,ERR,ERR,ERR,ERR,ERR,ERR,ERR,ERR,ERR,ERR,ERR,ERR,ERR,ERR,ERR,ERR,ERR,ERR,ERR,ERR,ERR,ERR,ERR,ERR,ERR,ERR,ERR,ERR,ERR,ERR,50.0,60.0,100,0.0,0.0,0.0,0.0,0.0,0.0,0.0,0.0,0.0,0.0,0.0,0.0,0.0,0.0,0.0,0.0,62.0,75,13,65511,50,65476,0,300,0,0,8,20529,65476,0,0,26214,60.0,0.0,0.0,0.0,0.0,0.0
2026-05-17T18:00:44,ERR,ERR,ERR,ERR,ERR,ERR,ERR,ERR,ERR,ERR,ERR,ERR,ERR,ERR,ERR,ERR,ERR,ERR,ERR,ERR,ERR,ERR,ERR,ERR,ERR,ERR,ERR,ERR,ERR,ERR,ERR,ERR,ERR,ERR,ERR,ERR,ERR,ERR,ERR,ERR,ERR,ERR,ERR,ERR,ERR,ERR,ERR,ERR,ERR,ERR,ERR,ERR,ERR,ERR,ERR,ERR,ERR,ERR,ERR,ERR,ERR,ERR,ERR,ERR,ERR,ERR,ERR,ERR,ERR,ERR,ERR,ERR,ERR,ERR,ERR,ERR,ERR,ERR,ERR,ERR,ERR,ERR,ERR,ERR,ERR,ERR,ERR,ERR,ERR,ERR,ERR,ERR,ERR,ERR,ERR,ERR,ERR,ERR,ERR,ERR,ERR,ERR,ERR,ERR,ERR,ERR,ERR,ERR,ERR,ERR,ERR,ERR,ERR,ERR,ERR,ERR,ERR,ERR,ERR,ERR,ERR,ERR,ERR,ERR,ERR,-107615288.0,-0.0,-134474944.0,0.0,0.0,1.3936040501711995e+18,7.805,0.0,0,0,4,0,8422,0.0,45,0.0,0.0,0.0,0.0,0.0,0,0,0,0,0.0,0,0,0,0,0,0,0,0,0,0,0,0,0,0,0,0,0,0,0,0,0,0,0,0,0,0,0,0,0,0,0,0,0,38,14,7,45,65476,0,300,0,0,8,21553,0.0,-107605600.0,0.0,0.0,0.0,0.0,0.0,0.0,0.0,0.0,0.0,0.0,0.0,0.0,0.0,0.0,0.0,0.0,0.0,0.0,0.0,0.0,-2.004,-2.004,2.004,-2.004,0.0,0.0,0.0,0.0,5021.0,-8608182272.0,0.0,-107615288.0,-0.0,-0.0,0.0,0.0,0.0,0.0,0.0,53,-0.0,-0.0,0.0,0.0,0.0,0.0,0.0,0.0,0.0,0,0,0,0.0,0.0,0.0,0.0,0.0,0.0,0.0,0.0,0.0,0.0,0.0,0.0,0.0,0.0,0.0,0.0,0,-107875648.0,53,0.0,106,-107614832.0,-0.0,ERR,ERR,ERR,ERR,ERR,ERR,ERR,ERR,ERR,ERR,ERR,ERR,ERR,ERR,ERR,ERR,ERR,ERR,ERR,ERR,ERR,ERR,ERR,ERR,ERR,ERR,ERR,ERR,ERR,ERR,ERR,ERR,ERR,ERR,ERR,ERR,ERR,ERR,ERR,ERR,ERR,ERR,ERR,ERR,ERR,ERR,ERR,ERR,ERR,ERR,ERR,ERR,ERR,ERR,ERR,ERR,ERR,ERR,ERR,ERR,ERR,ERR,ERR,ERR,ERR,ERR,ERR,50.0,60.0,100,0.0,0.0,0.0,0.0,0.0,0.0,0.0,0.0,0.0,0.0,0.0,0.0,0.0,0.0,0.0,0.0,62.0,75,13,65511,50,65476,0,300,0,0,8,20529,65476,0,0,26214,60.0,0.0,0.0,0.0,0.0,0.0
2026-05-17T18:00:45,ERR,ERR,ERR,ERR,ERR,ERR,ERR,ERR,ERR,ERR,ERR,ERR,ERR,ERR,ERR,ERR,ERR,ERR,ERR,ERR,ERR,ERR,ERR,ERR,ERR,ERR,ERR,ERR,ERR,ERR,ERR,ERR,ERR,ERR,ERR,ERR,ERR,ERR,ERR,ERR,ERR,ERR,ERR,ERR,ERR,ERR,ERR,ERR,ERR,ERR,ERR,ERR,ERR,ERR,ERR,ERR,ERR,ERR,ERR,ERR,ERR,ERR,ERR,ERR,ERR,ERR,ERR,ERR,ERR,ERR,ERR,ERR,ERR,ERR,ERR,ERR,ERR,ERR,ERR,ERR,ERR,ERR,ERR,ERR,ERR,ERR,ERR,ERR,ERR,ERR,ERR,ERR,ERR,ERR,ERR,ERR,ERR,ERR,ERR,ERR,ERR,ERR,ERR,ERR,ERR,ERR,ERR,ERR,ERR,ERR,ERR,ERR,ERR,ERR,ERR,ERR,ERR,ERR,ERR,ERR,ERR,ERR,ERR,ERR,ERR,-107615288.0,-0.0,-134474944.0,0.0,0.0,1.3936040501711995e+18,7.805,0.0,0,0,4,0,8422,0.0,45,0.0,0.0,0.0,0.0,0.0,0,0,0,0,0.0,0,0,0,0,0,0,0,0,0,0,0,0,0,0,0,0,0,0,0,0,0,0,0,0,0,0,0,0,0,0,0,0,0,38,14,7,45,65476,0,300,0,0,8,21553,0.0,-107605600.0,0.0,0.0,0.0,0.0,0.0,0.0,0.0,0.0,0.0,0.0,0.0,0.0,0.0,0.0,0.0,0.0,0.0,0.0,0.0,0.0,-2.004,-2.004,2.004,-2.004,0.0,0.0,0.0,0.0,5021.0,-8608182272.0,0.0,-107615288.0,-0.0,-0.0,0.0,0.0,0.0,0.0,0.0,53,-0.0,-0.0,0.0,0.0,0.0,0.0,0.0,0.0,0.0,0,0,0,0.0,0.0,0.0,0.0,0.0,0.0,0.0,0.0,0.0,0.0,0.0,0.0,0.0,0.0,0.0,0.0,0,-107875648.0,53,0.0,106,-107614832.0,-0.0,ERR,ERR,ERR,ERR,ERR,ERR,ERR,ERR,ERR,ERR,ERR,ERR,ERR,ERR,ERR,ERR,ERR,ERR,ERR,ERR,ERR,ERR,ERR,ERR,ERR,ERR,ERR,ERR,ERR,ERR,ERR,ERR,ERR,ERR,ERR,ERR,ERR,ERR,ERR,ERR,ERR,ERR,ERR,ERR,ERR,ERR,ERR,ERR,ERR,ERR,ERR,ERR,ERR,ERR,ERR,ERR,ERR,ERR,ERR,ERR,ERR,ERR,ERR,ERR,ERR,ERR,ERR,50.0,60.0,100,0.0,0.0,0.0,0.0,0.0,0.0,0.0,0.0,0.0,0.0,0.0,0.0,0.0,0.0,0.0,0.0,61.6,75,13,65511,50,65476,0,300,0,0,8,20529,65476,0,0,26214,60.0,0.0,0.0,0.0,0.0,0.0
2026-05-17T18:00:46,ERR,ERR,ERR,ERR,ERR,ERR,ERR,ERR,ERR,ERR,ERR,ERR,ERR,ERR,ERR,ERR,ERR,ERR,ERR,ERR,ERR,ERR,ERR,ERR,ERR,ERR,ERR,ERR,ERR,ERR,ERR,ERR,ERR,ERR,ERR,ERR,ERR,ERR,ERR,ERR,ERR,ERR,ERR,ERR,ERR,ERR,ERR,ERR,ERR,ERR,ERR,ERR,ERR,ERR,ERR,ERR,ERR,ERR,ERR,ERR,ERR,ERR,ERR,ERR,ERR,ERR,ERR,ERR,ERR,ERR,ERR,ERR,ERR,ERR,ERR,ERR,ERR,ERR,ERR,ERR,ERR,ERR,ERR,ERR,ERR,ERR,ERR,ERR,ERR,ERR,ERR,ERR,ERR,ERR,ERR,ERR,ERR,ERR,ERR,ERR,ERR,ERR,ERR,ERR,ERR,ERR,ERR,ERR,ERR,ERR,ERR,ERR,ERR,ERR,ERR,ERR,ERR,ERR,ERR,ERR,ERR,ERR,ERR,ERR,ERR,-107615288.0,-0.0,-134474944.0,0.0,0.0,1.3936040501711995e+18,7.805,0.0,0,0,4,0,8422,0.0,45,0.0,0.0,0.0,0.0,0.0,0,0,0,0,0.0,0,0,0,0,0,0,0,0,0,0,0,0,0,0,0,0,0,0,0,0,0,0,0,0,0,0,0,0,0,0,0,0,0,38,14,7,45,65476,0,300,0,0,8,21553,0.0,-107605600.0,0.0,0.0,0.0,0.0,0.0,0.0,0.0,0.0,0.0,0.0,0.0,0.0,0.0,0.0,0.0,0.0,0.0,0.0,0.0,0.0,-2.004,-2.004,2.004,-2.004,0.0,0.0,0.0,0.0,5021.0,-8608182272.0,0.0,-107615288.0,-0.0,-0.0,0.0,0.0,0.0,0.0,0.0,53,-0.0,-0.0,0.0,0.0,0.0,0.0,0.0,0.0,0.0,0,0,0,0.0,0.0,0.0,0.0,0.0,0.0,0.0,0.0,0.0,0.0,0.0,0.0,0.0,0.0,0.0,0.0,0,-107875648.0,53,0.0,106,-107614832.0,-0.0,ERR,ERR,ERR,ERR,ERR,ERR,ERR,ERR,ERR,ERR,ERR,ERR,ERR,ERR,ERR,ERR,ERR,ERR,ERR,ERR,ERR,ERR,ERR,ERR,ERR,ERR,ERR,ERR,ERR,ERR,ERR,ERR,ERR,ERR,ERR,ERR,ERR,ERR,ERR,ERR,ERR,ERR,ERR,ERR,ERR,ERR,ERR,ERR,ERR,ERR,ERR,ERR,ERR,ERR,ERR,ERR,ERR,ERR,ERR,ERR,ERR,ERR,ERR,ERR,ERR,ERR,ERR,50.0,60.0,100,0.0,0.0,0.0,0.0,0.0,0.0,0.0,0.0,0.0,0.0,0.0,0.0,0.0,0.0,0.0,0.0,61.6,75,13,65511,50,65476,0,300,0,0,8,20529,65476,0,0,26214,60.0,0.0,0.0,0.0,0.0,0.0
2026-05-17T18:00:47,ERR,ERR,ERR,ERR,ERR,ERR,ERR,ERR,ERR,ERR,ERR,ERR,ERR,ERR,ERR,ERR,ERR,ERR,ERR,ERR,ERR,ERR,ERR,ERR,ERR,ERR,ERR,ERR,ERR,ERR,ERR,ERR,ERR,ERR,ERR,ERR,ERR,ERR,ERR,ERR,ERR,ERR,ERR,ERR,ERR,ERR,ERR,ERR,ERR,ERR,ERR,ERR,ERR,ERR,ERR,ERR,ERR,ERR,ERR,ERR,ERR,ERR,ERR,ERR,ERR,ERR,ERR,ERR,ERR,ERR,ERR,ERR,ERR,ERR,ERR,ERR,ERR,ERR,ERR,ERR,ERR,ERR,ERR,ERR,ERR,ERR,ERR,ERR,ERR,ERR,ERR,ERR,ERR,ERR,ERR,ERR,ERR,ERR,ERR,ERR,ERR,ERR,ERR,ERR,ERR,ERR,ERR,ERR,ERR,ERR,ERR,ERR,ERR,ERR,ERR,ERR,ERR,ERR,ERR,ERR,ERR,ERR,ERR,ERR,ERR,-107615288.0,-0.0,-134474944.0,0.0,0.0,1.3936040501711995e+18,7.805,0.0,0,0,4,0,8422,0.0,45,0.0,0.0,0.0,0.0,0.0,0,0,0,0,0.0,0,0,0,0,0,0,0,0,0,0,0,0,0,0,0,0,0,0,0,0,0,0,0,0,0,0,0,0,0,0,0,0,0,38,14,7,45,65476,0,300,0,0,8,21553,0.0,-107605600.0,0.0,0.0,0.0,0.0,0.0,0.0,0.0,0.0,0.0,0.0,0.0,0.0,0.0,0.0,0.0,0.0,0.0,0.0,0.0,0.0,-2.004,-2.004,2.004,-2.004,0.0,0.0,0.0,0.0,5017.0,-3.697186133624698e+19,0.0,-107615288.0,-0.0,-0.0,0.0,0.0,0.0,0.0,0.0,53,-0.0,-107614784.0,0.0,0.0,0.0,0.0,0.0,0.0,0.0,0,0,0,0.0,0.0,0.0,0.0,0.0,0.0,0.0,0.0,0.0,0.0,0.0,0.0,0.0,0.0,0.0,0.0,0,-107875648.0,53,0.0,106,-107614832.0,-0.0,ERR,ERR,ERR,ERR,ERR,ERR,ERR,ERR,ERR,ERR,ERR,ERR,ERR,ERR,ERR,ERR,ERR,ERR,ERR,ERR,ERR,ERR,ERR,ERR,ERR,ERR,ERR,ERR,ERR,ERR,ERR,ERR,ERR,ERR,ERR,ERR,ERR,ERR,ERR,ERR,ERR,ERR,ERR,ERR,ERR,ERR,ERR,ERR,ERR,ERR,ERR,ERR,ERR,ERR,ERR,ERR,ERR,ERR,ERR,ERR,ERR,ERR,ERR,ERR,ERR,ERR,ERR,50.0,60.0,100,0.0,0.0,0.0,0.0,0.0,0.0,0.0,0.0,0.0,0.0,0.0,0.0,0.0,0.0,0.0,0.0,62.0,75,13,65511,50,65476,0,300,0,0,8,20529,65476,0,0,26214,60.0,0.0,0.0,0.0,0.0,0.0
2026-05-17T18:00:48,ERR,ERR,ERR,ERR,ERR,ERR,ERR,ERR,ERR,ERR,ERR,ERR,ERR,ERR,ERR,ERR,ERR,ERR,ERR,ERR,ERR,ERR,ERR,ERR,ERR,ERR,ERR,ERR,ERR,ERR,ERR,ERR,ERR,ERR,ERR,ERR,ERR,ERR,ERR,ERR,ERR,ERR,ERR,ERR,ERR,ERR,ERR,ERR,ERR,ERR,ERR,ERR,ERR,ERR,ERR,ERR,ERR,ERR,ERR,ERR,ERR,ERR,ERR,ERR,ERR,ERR,ERR,ERR,ERR,ERR,ERR,ERR,ERR,ERR,ERR,ERR,ERR,ERR,ERR,ERR,ERR,ERR,ERR,ERR,ERR,ERR,ERR,ERR,ERR,ERR,ERR,ERR,ERR,ERR,ERR,ERR,ERR,ERR,ERR,ERR,ERR,ERR,ERR,ERR,ERR,ERR,ERR,ERR,ERR,ERR,ERR,ERR,ERR,ERR,ERR,ERR,ERR,ERR,ERR,ERR,ERR,ERR,ERR,ERR,ERR,-107615288.0,-0.0,-134474944.0,0.0,0.0,1.3936040501711995e+18,7.805,0.0,0,0,4,0,8422,0.0,45,0.0,0.0,0.0,0.0,0.0,0,0,0,0,0.0,0,0,0,0,0,0,0,0,0,0,0,0,0,0,0,0,0,0,0,0,0,0,0,0,0,0,0,0,0,0,0,0,0,38,14,7,45,65476,0,300,0,0,8,21553,0.0,-107605600.0,0.0,0.0,0.0,0.0,0.0,0.0,0.0,0.0,0.0,0.0,0.0,0.0,0.0,0.0,0.0,0.0,0.0,0.0,0.0,0.0,-2.004,-2.004,2.004,-2.004,0.0,0.0,0.0,0.0,5017.0,-3.697186133624698e+19,0.0,-107615288.0,-0.0,-0.0,0.0,0.0,0.0,0.0,0.0,53,-0.0,-107614784.0,0.0,0.0,0.0,0.0,0.0,0.0,0.0,0,0,0,0.0,0.0,0.0,0.0,0.0,0.0,0.0,0.0,0.0,0.0,0.0,0.0,0.0,0.0,0.0,0.0,0,-107875648.0,53,0.0,106,-107614832.0,-0.0,ERR,ERR,ERR,ERR,ERR,ERR,ERR,ERR,ERR,ERR,ERR,ERR,ERR,ERR,ERR,ERR,ERR,ERR,ERR,ERR,ERR,ERR,ERR,ERR,ERR,ERR,ERR,ERR,ERR,ERR,ERR,ERR,ERR,ERR,ERR,ERR,ERR,ERR,ERR,ERR,ERR,ERR,ERR,ERR,ERR,ERR,ERR,ERR,ERR,ERR,ERR,ERR,ERR,ERR,ERR,ERR,ERR,ERR,ERR,ERR,ERR,ERR,ERR,ERR,ERR,ERR,ERR,50.0,60.0,100,0.0,0.0,0.0,0.0,0.0,0.0,0.0,0.0,0.0,0.0,0.0,0.0,0.0,0.0,0.0,0.0,61.6,75,13,65511,50,65476,0,300,0,0,8,20529,65476,0,0,26214,60.0,0.0,0.0,0.0,0.0,0.0
2026-05-17T18:00:49,ERR,ERR,ERR,ERR,ERR,ERR,ERR,ERR,ERR,ERR,ERR,ERR,ERR,ERR,ERR,ERR,ERR,ERR,ERR,ERR,ERR,ERR,ERR,ERR,ERR,ERR,ERR,ERR,ERR,ERR,ERR,ERR,ERR,ERR,ERR,ERR,ERR,ERR,ERR,ERR,ERR,ERR,ERR,ERR,ERR,ERR,ERR,ERR,ERR,ERR,ERR,ERR,ERR,ERR,ERR,ERR,ERR,ERR,ERR,ERR,ERR,ERR,ERR,ERR,ERR,ERR,ERR,ERR,ERR,ERR,ERR,ERR,ERR,ERR,ERR,ERR,ERR,ERR,ERR,ERR,ERR,ERR,ERR,ERR,ERR,ERR,ERR,ERR,ERR,ERR,ERR,ERR,ERR,ERR,ERR,ERR,ERR,ERR,ERR,ERR,ERR,ERR,ERR,ERR,ERR,ERR,ERR,ERR,ERR,ERR,ERR,ERR,ERR,ERR,ERR,ERR,ERR,ERR,ERR,ERR,ERR,ERR,ERR,ERR,ERR,-107615288.0,-0.0,-134474944.0,0.0,0.0,1.3936040501711995e+18,7.805,0.0,0,0,4,0,8422,0.0,45,0.0,0.0,0.0,0.0,0.0,0,0,0,0,0.0,0,0,0,0,0,0,0,0,0,0,0,0,0,0,0,0,0,0,0,0,0,0,0,0,0,0,0,0,0,0,0,0,0,38,14,7,45,65476,0,300,0,0,8,21553,0.0,-107605600.0,0.0,0.0,0.0,0.0,0.0,0.0,0.0,0.0,0.0,0.0,0.0,0.0,0.0,0.0,0.0,0.0,0.0,0.0,0.0,0.0,-2.004,-2.004,2.004,-2.004,0.0,0.0,0.0,0.0,5017.0,-3.697186133624698e+19,0.0,-107615288.0,-0.0,-0.0,0.0,0.0,0.0,0.0,0.0,53,-0.0,-107614784.0,0.0,0.0,0.0,0.0,0.0,0.0,0.0,0,0,0,0.0,0.0,0.0,0.0,0.0,0.0,0.0,0.0,0.0,0.0,0.0,0.0,0.0,0.0,0.0,0.0,0,-107875648.0,53,0.0,106,-107614832.0,-0.0,ERR,ERR,ERR,ERR,ERR,ERR,ERR,ERR,ERR,ERR,ERR,ERR,ERR,ERR,ERR,ERR,ERR,ERR,ERR,ERR,ERR,ERR,ERR,ERR,ERR,ERR,ERR,ERR,ERR,ERR,ERR,ERR,ERR,ERR,ERR,ERR,ERR,ERR,ERR,ERR,ERR,ERR,ERR,ERR,ERR,ERR,ERR,ERR,ERR,ERR,ERR,ERR,ERR,ERR,ERR,ERR,ERR,ERR,ERR,ERR,ERR,ERR,ERR,ERR,ERR,ERR,ERR,50.0,60.0,100,0.0,0.0,0.0,0.0,0.0,0.0,0.0,0.0,0.0,0.0,0.0,0.0,0.0,0.0,0.0,0.0,61.6,75,13,65511,50,65476,0,300,0,0,8,20529,65476,0,0,26214,60.0,0.0,0.0,0.0,0.0,0.0
2026-05-17T18:00:50,ERR,ERR,ERR,ERR,ERR,ERR,ERR,ERR,ERR,ERR,ERR,ERR,ERR,ERR,ERR,ERR,ERR,ERR,ERR,ERR,ERR,ERR,ERR,ERR,ERR,ERR,ERR,ERR,ERR,ERR,ERR,ERR,ERR,ERR,ERR,ERR,ERR,ERR,ERR,ERR,ERR,ERR,ERR,ERR,ERR,ERR,ERR,ERR,ERR,ERR,ERR,ERR,ERR,ERR,ERR,ERR,ERR,ERR,ERR,ERR,ERR,ERR,ERR,ERR,ERR,ERR,ERR,ERR,ERR,ERR,ERR,ERR,ERR,ERR,ERR,ERR,ERR,ERR,ERR,ERR,ERR,ERR,ERR,ERR,ERR,ERR,ERR,ERR,ERR,ERR,ERR,ERR,ERR,ERR,ERR,ERR,ERR,ERR,ERR,ERR,ERR,ERR,ERR,ERR,ERR,ERR,ERR,ERR,ERR,ERR,ERR,ERR,ERR,ERR,ERR,ERR,ERR,ERR,ERR,ERR,ERR,ERR,ERR,ERR,ERR,-107615288.0,-0.0,-134474944.0,0.0,0.0,1.3936040501711995e+18,7.805,0.0,0,0,4,0,8422,0.0,45,0.0,0.0,0.0,0.0,0.0,0,0,0,0,0.0,0,0,0,0,0,0,0,0,0,0,0,0,0,0,0,0,0,0,0,0,0,0,0,0,0,0,0,0,0,0,0,0,0,38,14,7,45,65476,0,300,0,0,8,21553,0.0,-107605600.0,0.0,0.0,0.0,0.0,0.0,0.0,0.0,0.0,0.0,0.0,0.0,0.0,0.0,0.0,0.0,0.0,0.0,0.0,0.0,0.0,-2.004,-2.004,2.004,-2.004,0.0,0.0,0.0,0.0,5017.0,-3.697186133624698e+19,0.0,-107615288.0,-0.0,-0.0,0.0,0.0,0.0,0.0,0.0,53,-0.0,-107614784.0,0.0,0.0,0.0,0.0,0.0,0.0,0.0,0,0,0,0.0,0.0,0.0,0.0,0.0,0.0,0.0,0.0,0.0,0.0,0.0,0.0,0.0,0.0,0.0,0.0,0,-107875648.0,53,0.0,106,-107614832.0,-0.0,ERR,ERR,ERR,ERR,ERR,ERR,ERR,ERR,ERR,ERR,ERR,ERR,ERR,ERR,ERR,ERR,ERR,ERR,ERR,ERR,ERR,ERR,ERR,ERR,ERR,ERR,ERR,ERR,ERR,ERR,ERR,ERR,ERR,ERR,ERR,ERR,ERR,ERR,ERR,ERR,ERR,ERR,ERR,ERR,ERR,ERR,ERR,ERR,ERR,ERR,ERR,ERR,ERR,ERR,ERR,ERR,ERR,ERR,ERR,ERR,ERR,ERR,ERR,ERR,ERR,ERR,ERR,50.0,60.0,100,0.0,0.0,0.0,0.0,0.0,0.0,0.0,0.0,0.0,0.0,0.0,0.0,0.0,0.0,0.0,0.0,61.6,75,13,65511,50,65476,0,300,0,0,8,20529,65476,0,0,26214,60.0,0.0,0.0,0.0,0.0,0.0
2026-05-17T18:00:51,ERR,ERR,ERR,ERR,ERR,ERR,ERR,ERR,ERR,ERR,ERR,ERR,ERR,ERR,ERR,ERR,ERR,ERR,ERR,ERR,ERR,ERR,ERR,ERR,ERR,ERR,ERR,ERR,ERR,ERR,ERR,ERR,ERR,ERR,ERR,ERR,ERR,ERR,ERR,ERR,ERR,ERR,ERR,ERR,ERR,ERR,ERR,ERR,ERR,ERR,ERR,ERR,ERR,ERR,ERR,ERR,ERR,ERR,ERR,ERR,ERR,ERR,ERR,ERR,ERR,ERR,ERR,ERR,ERR,ERR,ERR,ERR,ERR,ERR,ERR,ERR,ERR,ERR,ERR,ERR,ERR,ERR,ERR,ERR,ERR,ERR,ERR,ERR,ERR,ERR,ERR,ERR,ERR,ERR,ERR,ERR,ERR,ERR,ERR,ERR,ERR,ERR,ERR,ERR,ERR,ERR,ERR,ERR,ERR,ERR,ERR,ERR,ERR,ERR,ERR,ERR,ERR,ERR,ERR,ERR,ERR,ERR,ERR,ERR,ERR,-107615288.0,-0.0,-134474944.0,0.0,0.0,1.3936040501711995e+18,7.805,0.0,0,0,4,0,8422,0.0,45,0.0,0.0,0.0,0.0,0.0,0,0,0,0,0.0,0,0,0,0,0,0,0,0,0,0,0,0,0,0,0,0,0,0,0,0,0,0,0,0,0,0,0,0,0,0,0,0,0,38,14,7,45,65476,0,300,0,0,8,21553,0.0,-107605600.0,0.0,0.0,0.0,0.0,0.0,0.0,0.0,0.0,0.0,0.0,0.0,0.0,0.0,0.0,0.0,0.0,0.0,0.0,0.0,0.0,-2.004,-2.004,2.004,-2.004,0.0,0.0,0.0,0.0,5017.0,-3.697186133624698e+19,0.0,-107615288.0,-0.0,-0.0,0.0,0.0,0.0,0.0,0.0,53,-0.0,-107614784.0,0.0,0.0,0.0,0.0,0.0,0.0,0.0,0,0,0,0.0,0.0,0.0,0.0,0.0,0.0,0.0,0.0,0.0,0.0,0.0,0.0,0.0,0.0,0.0,0.0,0,-107875648.0,53,0.0,106,-107614832.0,-0.0,ERR,ERR,ERR,ERR,ERR,ERR,ERR,ERR,ERR,ERR,ERR,ERR,ERR,ERR,ERR,ERR,ERR,ERR,ERR,ERR,ERR,ERR,ERR,ERR,ERR,ERR,ERR,ERR,ERR,ERR,ERR,ERR,ERR,ERR,ERR,ERR,ERR,ERR,ERR,ERR,ERR,ERR,ERR,ERR,ERR,ERR,ERR,ERR,ERR,ERR,ERR,ERR,ERR,ERR,ERR,ERR,ERR,ERR,ERR,ERR,ERR,ERR,ERR,ERR,ERR,ERR,ERR,50.0,60.0,100,0.0,0.0,0.0,0.0,0.0,0.0,0.0,0.0,0.0,0.0,0.0,0.0,0.0,0.0,0.0,0.0,61.6,75,13,65511,50,65476,0,300,0,0,8,20529,65476,0,0,26214,60.0,0.0,0.0,0.0,0.0,0.0
2026-05-17T18:00:52,ERR,ERR,ERR,ERR,ERR,ERR,ERR,ERR,ERR,ERR,ERR,ERR,ERR,ERR,ERR,ERR,ERR,ERR,ERR,ERR,ERR,ERR,ERR,ERR,ERR,ERR,ERR,ERR,ERR,ERR,ERR,ERR,ERR,ERR,ERR,ERR,ERR,ERR,ERR,ERR,ERR,ERR,ERR,ERR,ERR,ERR,ERR,ERR,ERR,ERR,ERR,ERR,ERR,ERR,ERR,ERR,ERR,ERR,ERR,ERR,ERR,ERR,ERR,ERR,ERR,ERR,ERR,ERR,ERR,ERR,ERR,ERR,ERR,ERR,ERR,ERR,ERR,ERR,ERR,ERR,ERR,ERR,ERR,ERR,ERR,ERR,ERR,ERR,ERR,ERR,ERR,ERR,ERR,ERR,ERR,ERR,ERR,ERR,ERR,ERR,ERR,ERR,ERR,ERR,ERR,ERR,ERR,ERR,ERR,ERR,ERR,ERR,ERR,ERR,ERR,ERR,ERR,ERR,ERR,ERR,ERR,ERR,ERR,ERR,ERR,-107615288.0,-0.0,-134474944.0,0.0,0.0,1.3936040501711995e+18,7.805,0.0,0,0,4,0,8422,0.0,45,0.0,0.0,0.0,0.0,0.0,0,0,0,0,0.0,0,0,0,0,0,0,0,0,0,0,0,0,0,0,0,0,0,0,0,0,0,0,0,0,0,0,0,0,0,0,0,0,0,38,14,7,45,65476,0,300,0,0,8,21553,0.0,-107605600.0,0.0,0.0,0.0,0.0,0.0,0.0,0.0,0.0,0.0,0.0,0.0,0.0,0.0,0.0,0.0,0.0,0.0,0.0,0.0,0.0,-2.004,-2.004,2.004,-2.004,0.0,0.0,0.0,0.0,5019.0,-0.0,0.0,-107615288.0,-0.0,-0.0,0.0,0.0,0.0,0.0,0.0,53,-0.0,1.9056859227671757e+17,0.0,0.0,0.0,0.0,0.0,0.0,0.0,0,0,0,0.0,0.0,0.0,0.0,0.0,0.0,0.0,0.0,0.0,0.0,0.0,0.0,0.0,0.0,0.0,0.0,0,-107875648.0,53,0.0,106,-107614832.0,-0.0,ERR,ERR,ERR,ERR,ERR,ERR,ERR,ERR,ERR,ERR,ERR,ERR,ERR,ERR,ERR,ERR,ERR,ERR,ERR,ERR,ERR,ERR,ERR,ERR,ERR,ERR,ERR,ERR,ERR,ERR,ERR,ERR,ERR,ERR,ERR,ERR,ERR,ERR,ERR,ERR,ERR,ERR,ERR,ERR,ERR,ERR,ERR,ERR,ERR,ERR,ERR,ERR,ERR,ERR,ERR,ERR,ERR,ERR,ERR,ERR,ERR,ERR,ERR,ERR,ERR,ERR,ERR,50.0,60.0,100,0.0,0.0,0.0,0.0,0.0,0.0,0.0,0.0,0.0,0.0,0.0,0.0,0.0,0.0,0.0,0.0,62.0,75,13,65511,50,65476,0,300,0,0,8,20529,65476,0,0,26214,60.0,0.0,0.0,0.0,0.0,0.0
2026-05-17T18:00:53,ERR,ERR,ERR,ERR,ERR,ERR,ERR,ERR,ERR,ERR,ERR,ERR,ERR,ERR,ERR,ERR,ERR,ERR,ERR,ERR,ERR,ERR,ERR,ERR,ERR,ERR,ERR,ERR,ERR,ERR,ERR,ERR,ERR,ERR,ERR,ERR,ERR,ERR,ERR,ERR,ERR,ERR,ERR,ERR,ERR,ERR,ERR,ERR,ERR,ERR,ERR,ERR,ERR,ERR,ERR,ERR,ERR,ERR,ERR,ERR,ERR,ERR,ERR,ERR,ERR,ERR,ERR,ERR,ERR,ERR,ERR,ERR,ERR,ERR,ERR,ERR,ERR,ERR,ERR,ERR,ERR,ERR,ERR,ERR,ERR,ERR,ERR,ERR,ERR,ERR,ERR,ERR,ERR,ERR,ERR,ERR,ERR,ERR,ERR,ERR,ERR,ERR,ERR,ERR,ERR,ERR,ERR,ERR,ERR,ERR,ERR,ERR,ERR,ERR,ERR,ERR,ERR,ERR,ERR,ERR,ERR,ERR,ERR,ERR,ERR,-107615288.0,-0.0,-134474944.0,0.0,0.0,1.3936040501711995e+18,7.805,0.0,0,0,4,0,8422,0.0,45,0.0,0.0,0.0,0.0,0.0,0,0,0,0,0.0,0,0,0,0,0,0,0,0,0,0,0,0,0,0,0,0,0,0,0,0,0,0,0,0,0,0,0,0,0,0,0,0,0,38,14,7,45,65476,0,300,0,0,8,21553,0.0,-107605600.0,0.0,0.0,0.0,0.0,0.0,0.0,0.0,0.0,0.0,0.0,0.0,0.0,0.0,0.0,0.0,0.0,0.0,0.0,0.0,0.0,-2.004,-2.004,2.004,-2.004,0.0,0.0,0.0,0.0,5019.0,-0.0,0.0,-107615288.0,-0.0,-0.0,0.0,0.0,0.0,0.0,0.0,53,-0.0,1.9056859227671757e+17,0.0,0.0,0.0,0.0,0.0,0.0,0.0,0,0,0,0.0,0.0,0.0,0.0,0.0,0.0,0.0,0.0,0.0,0.0,0.0,0.0,0.0,0.0,0.0,0.0,0,-107875648.0,53,0.0,106,-107614832.0,-0.0,ERR,ERR,ERR,ERR,ERR,ERR,ERR,ERR,ERR,ERR,ERR,ERR,ERR,ERR,ERR,ERR,ERR,ERR,ERR,ERR,ERR,ERR,ERR,ERR,ERR,ERR,ERR,ERR,ERR,ERR,ERR,ERR,ERR,ERR,ERR,ERR,ERR,ERR,ERR,ERR,ERR,ERR,ERR,ERR,ERR,ERR,ERR,ERR,ERR,ERR,ERR,ERR,ERR,ERR,ERR,ERR,ERR,ERR,ERR,ERR,ERR,ERR,ERR,ERR,ERR,ERR,ERR,50.0,60.0,100,0.0,0.0,0.0,0.0,0.0,0.0,0.0,0.0,0.0,0.0,0.0,0.0,0.0,0.0,0.0,0.0,62.0,75,13,65511,50,65476,0,300,0,0,8,20529,65476,0,0,26214,60.0,0.0,0.0,0.0,0.0,0.0
2026-05-17T18:00:54,ERR,ERR,ERR,ERR,ERR,ERR,ERR,ERR,ERR,ERR,ERR,ERR,ERR,ERR,ERR,ERR,ERR,ERR,ERR,ERR,ERR,ERR,ERR,ERR,ERR,ERR,ERR,ERR,ERR,ERR,ERR,ERR,ERR,ERR,ERR,ERR,ERR,ERR,ERR,ERR,ERR,ERR,ERR,ERR,ERR,ERR,ERR,ERR,ERR,ERR,ERR,ERR,ERR,ERR,ERR,ERR,ERR,ERR,ERR,ERR,ERR,ERR,ERR,ERR,ERR,ERR,ERR,ERR,ERR,ERR,ERR,ERR,ERR,ERR,ERR,ERR,ERR,ERR,ERR,ERR,ERR,ERR,ERR,ERR,ERR,ERR,ERR,ERR,ERR,ERR,ERR,ERR,ERR,ERR,ERR,ERR,ERR,ERR,ERR,ERR,ERR,ERR,ERR,ERR,ERR,ERR,ERR,ERR,ERR,ERR,ERR,ERR,ERR,ERR,ERR,ERR,ERR,ERR,ERR,ERR,ERR,ERR,ERR,ERR,ERR,-107615288.0,-0.0,-134474944.0,0.0,0.0,1.3936040501711995e+18,7.805,0.0,0,0,4,0,8422,0.0,45,0.0,0.0,0.0,0.0,0.0,0,0,0,0,0.0,0,0,0,0,0,0,0,0,0,0,0,0,0,0,0,0,0,0,0,0,0,0,0,0,0,0,0,0,0,0,0,0,0,38,14,7,45,65476,0,300,0,0,8,21553,0.0,-107605600.0,0.0,0.0,0.0,0.0,0.0,0.0,0.0,0.0,0.0,0.0,0.0,0.0,0.0,0.0,0.0,0.0,0.0,0.0,0.0,0.0,-2.004,-2.004,2.004,-2.004,0.0,0.0,0.0,0.0,5019.0,-0.0,0.0,-107615288.0,-0.0,-0.0,0.0,0.0,0.0,0.0,0.0,53,-0.0,1.9056859227671757e+17,0.0,0.0,0.0,0.0,0.0,0.0,0.0,0,0,0,0.0,0.0,0.0,0.0,0.0,0.0,0.0,0.0,0.0,0.0,0.0,0.0,0.0,0.0,0.0,0.0,0,-107875648.0,53,0.0,106,-107614832.0,-0.0,ERR,ERR,ERR,ERR,ERR,ERR,ERR,ERR,ERR,ERR,ERR,ERR,ERR,ERR,ERR,ERR,ERR,ERR,ERR,ERR,ERR,ERR,ERR,ERR,ERR,ERR,ERR,ERR,ERR,ERR,ERR,ERR,ERR,ERR,ERR,ERR,ERR,ERR,ERR,ERR,ERR,ERR,ERR,ERR,ERR,ERR,ERR,ERR,ERR,ERR,ERR,ERR,ERR,ERR,ERR,ERR,ERR,ERR,ERR,ERR,ERR,ERR,ERR,ERR,ERR,ERR,ERR,50.0,60.0,100,0.0,0.0,0.0,0.0,0.0,0.0,0.0,0.0,0.0,0.0,0.0,0.0,0.0,0.0,0.0,0.0,61.6,75,13,65511,50,65476,0,300,0,0,8,20529,65476,0,0,26214,60.0,0.0,0.0,0.0,0.0,0.0
2026-05-17T18:00:55,ERR,ERR,ERR,ERR,ERR,ERR,ERR,ERR,ERR,ERR,ERR,ERR,ERR,ERR,ERR,ERR,ERR,ERR,ERR,ERR,ERR,ERR,ERR,ERR,ERR,ERR,ERR,ERR,ERR,ERR,ERR,ERR,ERR,ERR,ERR,ERR,ERR,ERR,ERR,ERR,ERR,ERR,ERR,ERR,ERR,ERR,ERR,ERR,ERR,ERR,ERR,ERR,ERR,ERR,ERR,ERR,ERR,ERR,ERR,ERR,ERR,ERR,ERR,ERR,ERR,ERR,ERR,ERR,ERR,ERR,ERR,ERR,ERR,ERR,ERR,ERR,ERR,ERR,ERR,ERR,ERR,ERR,ERR,ERR,ERR,ERR,ERR,ERR,ERR,ERR,ERR,ERR,ERR,ERR,ERR,ERR,ERR,ERR,ERR,ERR,ERR,ERR,ERR,ERR,ERR,ERR,ERR,ERR,ERR,ERR,ERR,ERR,ERR,ERR,ERR,ERR,ERR,ERR,ERR,ERR,ERR,ERR,ERR,ERR,ERR,-107615288.0,-0.0,-134474944.0,0.0,0.0,1.3936040501711995e+18,7.805,0.0,0,0,4,0,8422,0.0,45,0.0,0.0,0.0,0.0,0.0,0,0,0,0,0.0,0,0,0,0,0,0,0,0,0,0,0,0,0,0,0,0,0,0,0,0,0,0,0,0,0,0,0,0,0,0,0,0,0,38,14,7,45,65476,0,300,0,0,8,21553,0.0,-107605600.0,0.0,0.0,0.0,0.0,0.0,0.0,0.0,0.0,0.0,0.0,0.0,0.0,0.0,0.0,0.0,0.0,0.0,0.0,0.0,0.0,-2.004,-2.004,2.004,-2.004,0.0,0.0,0.0,0.0,5019.0,-0.0,0.0,-107615288.0,-0.0,-0.0,0.0,0.0,0.0,0.0,0.0,53,-0.0,1.9056859227671757e+17,0.0,0.0,0.0,0.0,0.0,0.0,0.0,0,0,0,0.0,0.0,0.0,0.0,0.0,0.0,0.0,0.0,0.0,0.0,0.0,0.0,0.0,0.0,0.0,0.0,0,-107875648.0,53,0.0,106,-107614832.0,-0.0,ERR,ERR,ERR,ERR,ERR,ERR,ERR,ERR,ERR,ERR,ERR,ERR,ERR,ERR,ERR,ERR,ERR,ERR,ERR,ERR,ERR,ERR,ERR,ERR,ERR,ERR,ERR,ERR,ERR,ERR,ERR,ERR,ERR,ERR,ERR,ERR,ERR,ERR,ERR,ERR,ERR,ERR,ERR,ERR,ERR,ERR,ERR,ERR,ERR,ERR,ERR,ERR,ERR,ERR,ERR,ERR,ERR,ERR,ERR,ERR,ERR,ERR,ERR,ERR,ERR,ERR,ERR,50.0,60.0,100,0.0,0.0,0.0,0.0,0.0,0.0,0.0,0.0,0.0,0.0,0.0,0.0,0.0,0.0,0.0,0.0,61.6,75,13,65511,50,65476,0,300,0,0,8,20529,65476,0,0,26214,60.0,0.0,0.0,0.0,0.0,0.0
2026-05-17T18:00:56,ERR,ERR,ERR,ERR,ERR,ERR,ERR,ERR,ERR,ERR,ERR,ERR,ERR,ERR,ERR,ERR,ERR,ERR,ERR,ERR,ERR,ERR,ERR,ERR,ERR,ERR,ERR,ERR,ERR,ERR,ERR,ERR,ERR,ERR,ERR,ERR,ERR,ERR,ERR,ERR,ERR,ERR,ERR,ERR,ERR,ERR,ERR,ERR,ERR,ERR,ERR,ERR,ERR,ERR,ERR,ERR,ERR,ERR,ERR,ERR,ERR,ERR,ERR,ERR,ERR,ERR,ERR,ERR,ERR,ERR,ERR,ERR,ERR,ERR,ERR,ERR,ERR,ERR,ERR,ERR,ERR,ERR,ERR,ERR,ERR,ERR,ERR,ERR,ERR,ERR,ERR,ERR,ERR,ERR,ERR,ERR,ERR,ERR,ERR,ERR,ERR,ERR,ERR,ERR,ERR,ERR,ERR,ERR,ERR,ERR,ERR,ERR,ERR,ERR,ERR,ERR,ERR,ERR,ERR,ERR,ERR,ERR,ERR,ERR,ERR,-107615288.0,-0.0,-134474944.0,0.0,0.0,1.3936040501711995e+18,7.805,0.0,0,0,4,0,8422,0.0,45,0.0,0.0,0.0,0.0,0.0,0,0,0,0,0.0,0,0,0,0,0,0,0,0,0,0,0,0,0,0,0,0,0,0,0,0,0,0,0,0,0,0,0,0,0,0,0,0,0,38,14,7,45,65476,0,300,0,0,8,21553,0.0,-107605600.0,0.0,0.0,0.0,0.0,0.0,0.0,0.0,0.0,0.0,0.0,0.0,0.0,0.0,0.0,0.0,0.0,0.0,0.0,0.0,0.0,-2.004,-2.004,2.004,-2.004,0.0,0.0,0.0,0.0,5019.0,-0.0,0.0,-107615288.0,-0.0,-0.0,0.0,0.0,0.0,0.0,0.0,53,-0.0,1.9056859227671757e+17,0.0,0.0,0.0,0.0,0.0,0.0,0.0,0,0,0,0.0,0.0,0.0,0.0,0.0,0.0,0.0,0.0,0.0,0.0,0.0,0.0,0.0,0.0,0.0,0.0,0,-107875648.0,53,0.0,106,-107614832.0,-0.0,ERR,ERR,ERR,ERR,ERR,ERR,ERR,ERR,ERR,ERR,ERR,ERR,ERR,ERR,ERR,ERR,ERR,ERR,ERR,ERR,ERR,ERR,ERR,ERR,ERR,ERR,ERR,ERR,ERR,ERR,ERR,ERR,ERR,ERR,ERR,ERR,ERR,ERR,ERR,ERR,ERR,ERR,ERR,ERR,ERR,ERR,ERR,ERR,ERR,ERR,ERR,ERR,ERR,ERR,ERR,ERR,ERR,ERR,ERR,ERR,ERR,ERR,ERR,ERR,ERR,ERR,ERR,50.0,60.0,100,0.0,0.0,0.0,0.0,0.0,0.0,0.0,0.0,0.0,0.0,0.0,0.0,0.0,0.0,0.0,0.0,61.6,75,13,65511,50,65476,0,300,0,0,8,20529,65476,0,0,26214,60.0,0.0,0.0,0.0,0.0,0.0
2026-05-17T18:00:57,ERR,ERR,ERR,ERR,ERR,ERR,ERR,ERR,ERR,ERR,ERR,ERR,ERR,ERR,ERR,ERR,ERR,ERR,ERR,ERR,ERR,ERR,ERR,ERR,ERR,ERR,ERR,ERR,ERR,ERR,ERR,ERR,ERR,ERR,ERR,ERR,ERR,ERR,ERR,ERR,ERR,ERR,ERR,ERR,ERR,ERR,ERR,ERR,ERR,ERR,ERR,ERR,ERR,ERR,ERR,ERR,ERR,ERR,ERR,ERR,ERR,ERR,ERR,ERR,ERR,ERR,ERR,ERR,ERR,ERR,ERR,ERR,ERR,ERR,ERR,ERR,ERR,ERR,ERR,ERR,ERR,ERR,ERR,ERR,ERR,ERR,ERR,ERR,ERR,ERR,ERR,ERR,ERR,ERR,ERR,ERR,ERR,ERR,ERR,ERR,ERR,ERR,ERR,ERR,ERR,ERR,ERR,ERR,ERR,ERR,ERR,ERR,ERR,ERR,ERR,ERR,ERR,ERR,ERR,ERR,ERR,ERR,ERR,ERR,ERR,-107615288.0,-0.0,-134474944.0,0.0,0.0,1.3936040501711995e+18,7.805,0.0,0,0,4,0,8422,0.0,45,0.0,0.0,0.0,0.0,0.0,0,0,0,0,0.0,0,0,0,0,0,0,0,0,0,0,0,0,0,0,0,0,0,0,0,0,0,0,0,0,0,0,0,0,0,0,0,0,0,38,14,7,45,65476,0,300,0,0,8,21553,0.0,-107605600.0,0.0,0.0,0.0,0.0,0.0,0.0,0.0,0.0,0.0,0.0,0.0,0.0,0.0,0.0,0.0,0.0,0.0,0.0,0.0,0.0,-2.004,-2.004,2.004,-2.004,0.0,0.0,0.0,0.0,5013.0,-0.0,0.0,-107615288.0,-0.0,-0.0,0.0,0.0,0.0,0.0,0.0,53,-0.0,2.718417410789135e+23,0.0,0.0,0.0,0.0,0.0,0.0,0.0,0,0,0,0.0,0.0,0.0,0.0,0.0,0.0,0.0,0.0,0.0,0.0,0.0,0.0,0.0,0.0,0.0,0.0,0,-107875648.0,53,0.0,106,-107614832.0,-0.0,ERR,ERR,ERR,ERR,ERR,ERR,ERR,ERR,ERR,ERR,ERR,ERR,ERR,ERR,ERR,ERR,ERR,ERR,ERR,ERR,ERR,ERR,ERR,ERR,ERR,ERR,ERR,ERR,ERR,ERR,ERR,ERR,ERR,ERR,ERR,ERR,ERR,ERR,ERR,ERR,ERR,ERR,ERR,ERR,ERR,ERR,ERR,ERR,ERR,ERR,ERR,ERR,ERR,ERR,ERR,ERR,ERR,ERR,ERR,ERR,ERR,ERR,ERR,ERR,ERR,ERR,ERR,50.0,60.0,100,0.0,0.0,0.0,0.0,0.0,0.0,0.0,0.0,0.0,0.0,0.0,0.0,0.0,0.0,0.0,0.0,61.6,75,13,65511,50,65476,0,300,0,0,8,20529,65476,0,0,26214,60.0,0.0,0.0,0.0,0.0,0.0
2026-05-17T18:00:58,ERR,ERR,ERR,ERR,ERR,ERR,ERR,ERR,ERR,ERR,ERR,ERR,ERR,ERR,ERR,ERR,ERR,ERR,ERR,ERR,ERR,ERR,ERR,ERR,ERR,ERR,ERR,ERR,ERR,ERR,ERR,ERR,ERR,ERR,ERR,ERR,ERR,ERR,ERR,ERR,ERR,ERR,ERR,ERR,ERR,ERR,ERR,ERR,ERR,ERR,ERR,ERR,ERR,ERR,ERR,ERR,ERR,ERR,ERR,ERR,ERR,ERR,ERR,ERR,ERR,ERR,ERR,ERR,ERR,ERR,ERR,ERR,ERR,ERR,ERR,ERR,ERR,ERR,ERR,ERR,ERR,ERR,ERR,ERR,ERR,ERR,ERR,ERR,ERR,ERR,ERR,ERR,ERR,ERR,ERR,ERR,ERR,ERR,ERR,ERR,ERR,ERR,ERR,ERR,ERR,ERR,ERR,ERR,ERR,ERR,ERR,ERR,ERR,ERR,ERR,ERR,ERR,ERR,ERR,ERR,ERR,ERR,ERR,ERR,ERR,-107615288.0,-0.0,-134474944.0,0.0,0.0,1.3936040501711995e+18,7.805,0.0,0,0,4,0,8422,0.0,45,0.0,0.0,0.0,0.0,0.0,0,0,0,0,0.0,0,0,0,0,0,0,0,0,0,0,0,0,0,0,0,0,0,0,0,0,0,0,0,0,0,0,0,0,0,0,0,0,0,38,14,7,45,65476,0,300,0,0,8,21553,0.0,-107605600.0,0.0,0.0,0.0,0.0,0.0,0.0,0.0,0.0,0.0,0.0,0.0,0.0,0.0,0.0,0.0,0.0,0.0,0.0,0.0,0.0,-2.004,-2.004,2.004,-2.004,0.0,0.0,0.0,0.0,5013.0,-0.0,0.0,-107615288.0,-0.0,-0.0,0.0,0.0,0.0,0.0,0.0,53,-0.0,2.718417410789135e+23,0.0,0.0,0.0,0.0,0.0,0.0,0.0,0,0,0,0.0,0.0,0.0,0.0,0.0,0.0,0.0,0.0,0.0,0.0,0.0,0.0,0.0,0.0,0.0,0.0,0,-107875648.0,53,0.0,106,-107614832.0,-0.0,ERR,ERR,ERR,ERR,ERR,ERR,ERR,ERR,ERR,ERR,ERR,ERR,ERR,ERR,ERR,ERR,ERR,ERR,ERR,ERR,ERR,ERR,ERR,ERR,ERR,ERR,ERR,ERR,ERR,ERR,ERR,ERR,ERR,ERR,ERR,ERR,ERR,ERR,ERR,ERR,ERR,ERR,ERR,ERR,ERR,ERR,ERR,ERR,ERR,ERR,ERR,ERR,ERR,ERR,ERR,ERR,ERR,ERR,ERR,ERR,ERR,ERR,ERR,ERR,ERR,ERR,ERR,50.0,60.0,100,0.0,0.0,0.0,0.0,0.0,0.0,0.0,0.0,0.0,0.0,0.0,0.0,0.0,0.0,0.0,0.0,61.6,75,13,65511,50,65476,0,300,0,0,8,20529,65476,0,0,26214,60.0,0.0,0.0,0.0,0.0,0.0
2026-05-17T18:00:59,ERR,ERR,ERR,ERR,ERR,ERR,ERR,ERR,ERR,ERR,ERR,ERR,ERR,ERR,ERR,ERR,ERR,ERR,ERR,ERR,ERR,ERR,ERR,ERR,ERR,ERR,ERR,ERR,ERR,ERR,ERR,ERR,ERR,ERR,ERR,ERR,ERR,ERR,ERR,ERR,ERR,ERR,ERR,ERR,ERR,ERR,ERR,ERR,ERR,ERR,ERR,ERR,ERR,ERR,ERR,ERR,ERR,ERR,ERR,ERR,ERR,ERR,ERR,ERR,ERR,ERR,ERR,ERR,ERR,ERR,ERR,ERR,ERR,ERR,ERR,ERR,ERR,ERR,ERR,ERR,ERR,ERR,ERR,ERR,ERR,ERR,ERR,ERR,ERR,ERR,ERR,ERR,ERR,ERR,ERR,ERR,ERR,ERR,ERR,ERR,ERR,ERR,ERR,ERR,ERR,ERR,ERR,ERR,ERR,ERR,ERR,ERR,ERR,ERR,ERR,ERR,ERR,ERR,ERR,ERR,ERR,ERR,ERR,ERR,ERR,-107615288.0,-0.0,-134474944.0,0.0,0.0,1.3936040501711995e+18,7.805,0.0,0,0,4,0,8422,0.0,45,0.0,0.0,0.0,0.0,0.0,0,0,0,0,0.0,0,0,0,0,0,0,0,0,0,0,0,0,0,0,0,0,0,0,0,0,0,0,0,0,0,0,0,0,0,0,0,0,0,38,14,7,45,65476,0,300,0,0,8,21553,0.0,-107605600.0,0.0,0.0,0.0,0.0,0.0,0.0,0.0,0.0,0.0,0.0,0.0,0.0,0.0,0.0,0.0,0.0,0.0,0.0,0.0,0.0,-2.004,-2.004,2.004,-2.004,0.0,0.0,0.0,0.0,5013.0,-0.0,0.0,-107615288.0,-0.0,-0.0,0.0,0.0,0.0,0.0,0.0,53,-0.0,2.718417410789135e+23,0.0,0.0,0.0,0.0,0.0,0.0,0.0,0,0,0,0.0,0.0,0.0,0.0,0.0,0.0,0.0,0.0,0.0,0.0,0.0,0.0,0.0,0.0,0.0,0.0,0,-107875648.0,53,0.0,106,-107614832.0,-0.0,ERR,ERR,ERR,ERR,ERR,ERR,ERR,ERR,ERR,ERR,ERR,ERR,ERR,ERR,ERR,ERR,ERR,ERR,ERR,ERR,ERR,ERR,ERR,ERR,ERR,ERR,ERR,ERR,ERR,ERR,ERR,ERR,ERR,ERR,ERR,ERR,ERR,ERR,ERR,ERR,ERR,ERR,ERR,ERR,ERR,ERR,ERR,ERR,ERR,ERR,ERR,ERR,ERR,ERR,ERR,ERR,ERR,ERR,ERR,ERR,ERR,ERR,ERR,ERR,ERR,ERR,ERR,50.0,60.0,100,0.0,0.0,0.0,0.0,0.0,0.0,0.0,0.0,0.0,0.0,0.0,0.0,0.0,0.0,0.0,0.0,61.6,75,13,65511,50,65476,0,300,0,0,8,20529,65476,0,0,26214,60.0,0.0,0.0,0.0,0.0,0.0
2026-05-17T18:01:00,ERR,ERR,ERR,ERR,ERR,ERR,ERR,ERR,ERR,ERR,ERR,ERR,ERR,ERR,ERR,ERR,ERR,ERR,ERR,ERR,ERR,ERR,ERR,ERR,ERR,ERR,ERR,ERR,ERR,ERR,ERR,ERR,ERR,ERR,ERR,ERR,ERR,ERR,ERR,ERR,ERR,ERR,ERR,ERR,ERR,ERR,ERR,ERR,ERR,ERR,ERR,ERR,ERR,ERR,ERR,ERR,ERR,ERR,ERR,ERR,ERR,ERR,ERR,ERR,ERR,ERR,ERR,ERR,ERR,ERR,ERR,ERR,ERR,ERR,ERR,ERR,ERR,ERR,ERR,ERR,ERR,ERR,ERR,ERR,ERR,ERR,ERR,ERR,ERR,ERR,ERR,ERR,ERR,ERR,ERR,ERR,ERR,ERR,ERR,ERR,ERR,ERR,ERR,ERR,ERR,ERR,ERR,ERR,ERR,ERR,ERR,ERR,ERR,ERR,ERR,ERR,ERR,ERR,ERR,ERR,ERR,ERR,ERR,ERR,ERR,-107615288.0,-0.0,-134474944.0,0.0,0.0,1.3936040501711995e+18,7.805,0.0,0,0,4,0,8422,0.0,45,0.0,0.0,0.0,0.0,0.0,0,0,0,0,0.0,0,0,0,0,0,0,0,0,0,0,0,0,0,0,0,0,0,0,0,0,0,0,0,0,0,0,0,0,0,0,0,0,0,38,14,7,45,65476,0,300,0,0,8,21553,0.0,-107605600.0,0.0,0.0,0.0,0.0,0.0,0.0,0.0,0.0,0.0,0.0,0.0,0.0,0.0,0.0,0.0,0.0,0.0,0.0,0.0,0.0,-2.004,-2.004,2.004,-2.004,0.0,0.0,0.0,0.0,5013.0,-0.0,0.0,-107615288.0,-0.0,-0.0,0.0,0.0,0.0,0.0,0.0,53,-0.0,2.718417410789135e+23,0.0,0.0,0.0,0.0,0.0,0.0,0.0,0,0,0,0.0,0.0,0.0,0.0,0.0,0.0,0.0,0.0,0.0,0.0,0.0,0.0,0.0,0.0,0.0,0.0,0,-107875648.0,53,0.0,106,-107614832.0,-0.0,ERR,ERR,ERR,ERR,ERR,ERR,ERR,ERR,ERR,ERR,ERR,ERR,ERR,ERR,ERR,ERR,ERR,ERR,ERR,ERR,ERR,ERR,ERR,ERR,ERR,ERR,ERR,ERR,ERR,ERR,ERR,ERR,ERR,ERR,ERR,ERR,ERR,ERR,ERR,ERR,ERR,ERR,ERR,ERR,ERR,ERR,ERR,ERR,ERR,ERR,ERR,ERR,ERR,ERR,ERR,ERR,ERR,ERR,ERR,ERR,ERR,ERR,ERR,ERR,ERR,ERR,ERR,50.0,60.0,100,0.0,0.0,0.0,0.0,0.0,0.0,0.0,0.0,0.0,0.0,0.0,0.0,0.0,0.0,0.0,0.0,61.6,75,13,65511,50,65476,0,300,0,0,8,20529,65476,0,0,26214,60.0,0.0,0.0,0.0,0.0,0.0
2026-05-17T18:01:01,ERR,ERR,ERR,ERR,ERR,ERR,ERR,ERR,ERR,ERR,ERR,ERR,ERR,ERR,ERR,ERR,ERR,ERR,ERR,ERR,ERR,ERR,ERR,ERR,ERR,ERR,ERR,ERR,ERR,ERR,ERR,ERR,ERR,ERR,ERR,ERR,ERR,ERR,ERR,ERR,ERR,ERR,ERR,ERR,ERR,ERR,ERR,ERR,ERR,ERR,ERR,ERR,ERR,ERR,ERR,ERR,ERR,ERR,ERR,ERR,ERR,ERR,ERR,ERR,ERR,ERR,ERR,ERR,ERR,ERR,ERR,ERR,ERR,ERR,ERR,ERR,ERR,ERR,ERR,ERR,ERR,ERR,ERR,ERR,ERR,ERR,ERR,ERR,ERR,ERR,ERR,ERR,ERR,ERR,ERR,ERR,ERR,ERR,ERR,ERR,ERR,ERR,ERR,ERR,ERR,ERR,ERR,ERR,ERR,ERR,ERR,ERR,ERR,ERR,ERR,ERR,ERR,ERR,ERR,ERR,ERR,ERR,ERR,ERR,ERR,-107615288.0,-0.0,-134474944.0,0.0,0.0,1.3936040501711995e+18,7.805,0.0,0,0,4,0,8422,0.0,45,0.0,0.0,0.0,0.0,0.0,0,0,0,0,0.0,0,0,0,0,0,0,0,0,0,0,0,0,0,0,0,0,0,0,0,0,0,0,0,0,0,0,0,0,0,0,0,0,0,38,14,7,45,65476,0,300,0,0,8,21553,0.0,-107605600.0,0.0,0.0,0.0,0.0,0.0,0.0,0.0,0.0,0.0,0.0,0.0,0.0,0.0,0.0,0.0,0.0,0.0,0.0,0.0,0.0,-2.004,-2.004,2.004,-2.004,0.0,0.0,0.0,0.0,5013.0,-0.0,0.0,-107615288.0,-0.0,-0.0,0.0,0.0,0.0,0.0,0.0,53,-0.0,2.718417410789135e+23,0.0,0.0,0.0,0.0,0.0,0.0,0.0,0,0,0,0.0,0.0,0.0,0.0,0.0,0.0,0.0,0.0,0.0,0.0,0.0,0.0,0.0,0.0,0.0,0.0,0,-107875648.0,53,0.0,106,-107614832.0,-0.0,ERR,ERR,ERR,ERR,ERR,ERR,ERR,ERR,ERR,ERR,ERR,ERR,ERR,ERR,ERR,ERR,ERR,ERR,ERR,ERR,ERR,ERR,ERR,ERR,ERR,ERR,ERR,ERR,ERR,ERR,ERR,ERR,ERR,ERR,ERR,ERR,ERR,ERR,ERR,ERR,ERR,ERR,ERR,ERR,ERR,ERR,ERR,ERR,ERR,ERR,ERR,ERR,ERR,ERR,ERR,ERR,ERR,ERR,ERR,ERR,ERR,ERR,ERR,ERR,ERR,ERR,ERR,50.0,60.0,100,0.0,0.0,0.0,0.0,0.0,0.0,0.0,0.0,0.0,0.0,0.0,0.0,0.0,0.0,0.0,0.0,61.6,75,13,65511,50,65476,0,300,0,0,8,20529,65476,0,0,26214,60.0,0.0,0.0,0.0,0.0,0.0
2026-05-17T18:01:02,ERR,ERR,ERR,ERR,ERR,ERR,ERR,ERR,ERR,ERR,ERR,ERR,ERR,ERR,ERR,ERR,ERR,ERR,ERR,ERR,ERR,ERR,ERR,ERR,ERR,ERR,ERR,ERR,ERR,ERR,ERR,ERR,ERR,ERR,ERR,ERR,ERR,ERR,ERR,ERR,ERR,ERR,ERR,ERR,ERR,ERR,ERR,ERR,ERR,ERR,ERR,ERR,ERR,ERR,ERR,ERR,ERR,ERR,ERR,ERR,ERR,ERR,ERR,ERR,ERR,ERR,ERR,ERR,ERR,ERR,ERR,ERR,ERR,ERR,ERR,ERR,ERR,ERR,ERR,ERR,ERR,ERR,ERR,ERR,ERR,ERR,ERR,ERR,ERR,ERR,ERR,ERR,ERR,ERR,ERR,ERR,ERR,ERR,ERR,ERR,ERR,ERR,ERR,ERR,ERR,ERR,ERR,ERR,ERR,ERR,ERR,ERR,ERR,ERR,ERR,ERR,ERR,ERR,ERR,ERR,ERR,ERR,ERR,ERR,ERR,-107615288.0,-0.0,-134474944.0,0.0,0.0,1.3936040501711995e+18,7.805,0.0,0,0,4,0,8422,0.0,45,0.0,0.0,0.0,0.0,0.0,0,0,0,0,0.0,0,0,0,0,0,0,0,0,0,0,0,0,0,0,0,0,0,0,0,0,0,0,0,0,0,0,0,0,0,0,0,0,0,38,14,7,45,65476,0,300,0,0,8,21553,0.0,-107605600.0,0.0,0.0,0.0,0.0,0.0,0.0,0.0,0.0,0.0,0.0,0.0,0.0,0.0,0.0,0.0,0.0,0.0,0.0,0.0,0.0,-2.004,-2.004,2.004,-2.004,0.0,0.0,0.0,0.0,5016.0,-3.697186133624698e+19,0.0,-107615288.0,-0.0,-0.0,0.0,0.0,0.0,0.0,0.0,53,-0.0,-107614784.0,0.0,0.0,0.0,0.0,0.0,0.0,0.0,0,0,0,0.0,0.0,0.0,0.0,0.0,0.0,0.0,0.0,0.0,0.0,0.0,0.0,0.0,0.0,0.0,0.0,0,-107875648.0,53,0.0,106,-107614832.0,-0.0,ERR,ERR,ERR,ERR,ERR,ERR,ERR,ERR,ERR,ERR,ERR,ERR,ERR,ERR,ERR,ERR,ERR,ERR,ERR,ERR,ERR,ERR,ERR,ERR,ERR,ERR,ERR,ERR,ERR,ERR,ERR,ERR,ERR,ERR,ERR,ERR,ERR,ERR,ERR,ERR,ERR,ERR,ERR,ERR,ERR,ERR,ERR,ERR,ERR,ERR,ERR,ERR,ERR,ERR,ERR,ERR,ERR,ERR,ERR,ERR,ERR,ERR,ERR,ERR,ERR,ERR,ERR,50.0,60.0,100,0.0,0.0,0.0,0.0,0.0,0.0,0.0,0.0,0.0,0.0,0.0,0.0,0.0,0.0,0.0,0.0,61.6,75,13,65511,50,65476,0,300,0,0,8,20529,65476,0,0,26214,60.0,0.0,0.0,0.0,0.0,0.0
2026-05-17T18:01:03,ERR,ERR,ERR,ERR,ERR,ERR,ERR,ERR,ERR,ERR,ERR,ERR,ERR,ERR,ERR,ERR,ERR,ERR,ERR,ERR,ERR,ERR,ERR,ERR,ERR,ERR,ERR,ERR,ERR,ERR,ERR,ERR,ERR,ERR,ERR,ERR,ERR,ERR,ERR,ERR,ERR,ERR,ERR,ERR,ERR,ERR,ERR,ERR,ERR,ERR,ERR,ERR,ERR,ERR,ERR,ERR,ERR,ERR,ERR,ERR,ERR,ERR,ERR,ERR,ERR,ERR,ERR,ERR,ERR,ERR,ERR,ERR,ERR,ERR,ERR,ERR,ERR,ERR,ERR,ERR,ERR,ERR,ERR,ERR,ERR,ERR,ERR,ERR,ERR,ERR,ERR,ERR,ERR,ERR,ERR,ERR,ERR,ERR,ERR,ERR,ERR,ERR,ERR,ERR,ERR,ERR,ERR,ERR,ERR,ERR,ERR,ERR,ERR,ERR,ERR,ERR,ERR,ERR,ERR,ERR,ERR,ERR,ERR,ERR,ERR,-107615288.0,-0.0,-134474944.0,0.0,0.0,1.3936040501711995e+18,7.805,0.0,0,0,4,0,8422,0.0,45,0.0,0.0,0.0,0.0,0.0,0,0,0,0,0.0,0,0,0,0,0,0,0,0,0,0,0,0,0,0,0,0,0,0,0,0,0,0,0,0,0,0,0,0,0,0,0,0,0,38,14,7,45,65476,0,300,0,0,8,21553,0.0,-107605600.0,0.0,0.0,0.0,0.0,0.0,0.0,0.0,0.0,0.0,0.0,0.0,0.0,0.0,0.0,0.0,0.0,0.0,0.0,0.0,0.0,-2.004,-2.004,2.004,-2.004,0.0,0.0,0.0,0.0,5016.0,-3.697186133624698e+19,0.0,-107615288.0,-0.0,-0.0,0.0,0.0,0.0,0.0,0.0,53,-0.0,-107614784.0,0.0,0.0,0.0,0.0,0.0,0.0,0.0,0,0,0,0.0,0.0,0.0,0.0,0.0,0.0,0.0,0.0,0.0,0.0,0.0,0.0,0.0,0.0,0.0,0.0,0,-107875648.0,53,0.0,106,-107614832.0,-0.0,ERR,ERR,ERR,ERR,ERR,ERR,ERR,ERR,ERR,ERR,ERR,ERR,ERR,ERR,ERR,ERR,ERR,ERR,ERR,ERR,ERR,ERR,ERR,ERR,ERR,ERR,ERR,ERR,ERR,ERR,ERR,ERR,ERR,ERR,ERR,ERR,ERR,ERR,ERR,ERR,ERR,ERR,ERR,ERR,ERR,ERR,ERR,ERR,ERR,ERR,ERR,ERR,ERR,ERR,ERR,ERR,ERR,ERR,ERR,ERR,ERR,ERR,ERR,ERR,ERR,ERR,ERR,50.0,60.0,100,0.0,0.0,0.0,0.0,0.0,0.0,0.0,0.0,0.0,0.0,0.0,0.0,0.0,0.0,0.0,0.0,61.6,75,13,65511,50,65476,0,300,0,0,8,20529,65476,0,0,26214,60.0,0.0,0.0,0.0,0.0,0.0
2026-05-17T18:01:04,ERR,ERR,ERR,ERR,ERR,ERR,ERR,ERR,ERR,ERR,ERR,ERR,ERR,ERR,ERR,ERR,ERR,ERR,ERR,ERR,ERR,ERR,ERR,ERR,ERR,ERR,ERR,ERR,ERR,ERR,ERR,ERR,ERR,ERR,ERR,ERR,ERR,ERR,ERR,ERR,ERR,ERR,ERR,ERR,ERR,ERR,ERR,ERR,ERR,ERR,ERR,ERR,ERR,ERR,ERR,ERR,ERR,ERR,ERR,ERR,ERR,ERR,ERR,ERR,ERR,ERR,ERR,ERR,ERR,ERR,ERR,ERR,ERR,ERR,ERR,ERR,ERR,ERR,ERR,ERR,ERR,ERR,ERR,ERR,ERR,ERR,ERR,ERR,ERR,ERR,ERR,ERR,ERR,ERR,ERR,ERR,ERR,ERR,ERR,ERR,ERR,ERR,ERR,ERR,ERR,ERR,ERR,ERR,ERR,ERR,ERR,ERR,ERR,ERR,ERR,ERR,ERR,ERR,ERR,ERR,ERR,ERR,ERR,ERR,ERR,-107615288.0,-0.0,-134474944.0,0.0,0.0,1.3936040501711995e+18,7.805,0.0,0,0,4,0,8422,0.0,45,0.0,0.0,0.0,0.0,0.0,0,0,0,0,0.0,0,0,0,0,0,0,0,0,0,0,0,0,0,0,0,0,0,0,0,0,0,0,0,0,0,0,0,0,0,0,0,0,0,38,14,7,45,65476,0,300,0,0,8,21553,0.0,-107605600.0,0.0,0.0,0.0,0.0,0.0,0.0,0.0,0.0,0.0,0.0,0.0,0.0,0.0,0.0,0.0,0.0,0.0,0.0,0.0,0.0,-2.004,-2.004,2.004,-2.004,0.0,0.0,0.0,0.0,5016.0,-3.697186133624698e+19,0.0,-107615288.0,-0.0,-0.0,0.0,0.0,0.0,0.0,0.0,53,-0.0,-107614784.0,0.0,0.0,0.0,0.0,0.0,0.0,0.0,0,0,0,0.0,0.0,0.0,0.0,0.0,0.0,0.0,0.0,0.0,0.0,0.0,0.0,0.0,0.0,0.0,0.0,0,-107875648.0,53,0.0,106,-107614832.0,-0.0,ERR,ERR,ERR,ERR,ERR,ERR,ERR,ERR,ERR,ERR,ERR,ERR,ERR,ERR,ERR,ERR,ERR,ERR,ERR,ERR,ERR,ERR,ERR,ERR,ERR,ERR,ERR,ERR,ERR,ERR,ERR,ERR,ERR,ERR,ERR,ERR,ERR,ERR,ERR,ERR,ERR,ERR,ERR,ERR,ERR,ERR,ERR,ERR,ERR,ERR,ERR,ERR,ERR,ERR,ERR,ERR,ERR,ERR,ERR,ERR,ERR,ERR,ERR,ERR,ERR,ERR,ERR,50.0,60.0,100,0.0,0.0,0.0,0.0,0.0,0.0,0.0,0.0,0.0,0.0,0.0,0.0,0.0,0.0,0.0,0.0,61.6,75,13,65511,50,65476,0,300,0,0,8,20529,65476,0,0,26214,60.0,0.0,0.0,0.0,0.0,0.0
2026-05-17T18:01:05,ERR,ERR,ERR,ERR,ERR,ERR,ERR,ERR,ERR,ERR,ERR,ERR,ERR,ERR,ERR,ERR,ERR,ERR,ERR,ERR,ERR,ERR,ERR,ERR,ERR,ERR,ERR,ERR,ERR,ERR,ERR,ERR,ERR,ERR,ERR,ERR,ERR,ERR,ERR,ERR,ERR,ERR,ERR,ERR,ERR,ERR,ERR,ERR,ERR,ERR,ERR,ERR,ERR,ERR,ERR,ERR,ERR,ERR,ERR,ERR,ERR,ERR,ERR,ERR,ERR,ERR,ERR,ERR,ERR,ERR,ERR,ERR,ERR,ERR,ERR,ERR,ERR,ERR,ERR,ERR,ERR,ERR,ERR,ERR,ERR,ERR,ERR,ERR,ERR,ERR,ERR,ERR,ERR,ERR,ERR,ERR,ERR,ERR,ERR,ERR,ERR,ERR,ERR,ERR,ERR,ERR,ERR,ERR,ERR,ERR,ERR,ERR,ERR,ERR,ERR,ERR,ERR,ERR,ERR,ERR,ERR,ERR,ERR,ERR,ERR,-107615288.0,-0.0,-134474944.0,0.0,0.0,1.3936040501711995e+18,7.805,0.0,0,0,4,0,8422,0.0,45,0.0,0.0,0.0,0.0,0.0,0,0,0,0,0.0,0,0,0,0,0,0,0,0,0,0,0,0,0,0,0,0,0,0,0,0,0,0,0,0,0,0,0,0,0,0,0,0,0,38,14,7,45,65476,0,300,0,0,8,21553,0.0,-107605600.0,0.0,0.0,0.0,0.0,0.0,0.0,0.0,0.0,0.0,0.0,0.0,0.0,0.0,0.0,0.0,0.0,0.0,0.0,0.0,0.0,-2.004,-2.004,2.004,-2.004,0.0,0.0,0.0,0.0,5016.0,-3.697186133624698e+19,0.0,-107615288.0,-0.0,-0.0,0.0,0.0,0.0,0.0,0.0,53,-0.0,-107614784.0,0.0,0.0,0.0,0.0,0.0,0.0,0.0,0,0,0,0.0,0.0,0.0,0.0,0.0,0.0,0.0,0.0,0.0,0.0,0.0,0.0,0.0,0.0,0.0,0.0,0,-107875648.0,53,0.0,106,-107614832.0,-0.0,ERR,ERR,ERR,ERR,ERR,ERR,ERR,ERR,ERR,ERR,ERR,ERR,ERR,ERR,ERR,ERR,ERR,ERR,ERR,ERR,ERR,ERR,ERR,ERR,ERR,ERR,ERR,ERR,ERR,ERR,ERR,ERR,ERR,ERR,ERR,ERR,ERR,ERR,ERR,ERR,ERR,ERR,ERR,ERR,ERR,ERR,ERR,ERR,ERR,ERR,ERR,ERR,ERR,ERR,ERR,ERR,ERR,ERR,ERR,ERR,ERR,ERR,ERR,ERR,ERR,ERR,ERR,50.0,60.0,100,0.0,0.0,0.0,0.0,0.0,0.0,0.0,0.0,0.0,0.0,0.0,0.0,0.0,0.0,0.0,0.0,61.6,75,13,65511,50,65476,0,300,0,0,8,20529,65476,0,0,26214,60.0,0.0,0.0,0.0,0.0,0.0
2026-05-17T18:01:06,ERR,ERR,ERR,ERR,ERR,ERR,ERR,ERR,ERR,ERR,ERR,ERR,ERR,ERR,ERR,ERR,ERR,ERR,ERR,ERR,ERR,ERR,ERR,ERR,ERR,ERR,ERR,ERR,ERR,ERR,ERR,ERR,ERR,ERR,ERR,ERR,ERR,ERR,ERR,ERR,ERR,ERR,ERR,ERR,ERR,ERR,ERR,ERR,ERR,ERR,ERR,ERR,ERR,ERR,ERR,ERR,ERR,ERR,ERR,ERR,ERR,ERR,ERR,ERR,ERR,ERR,ERR,ERR,ERR,ERR,ERR,ERR,ERR,ERR,ERR,ERR,ERR,ERR,ERR,ERR,ERR,ERR,ERR,ERR,ERR,ERR,ERR,ERR,ERR,ERR,ERR,ERR,ERR,ERR,ERR,ERR,ERR,ERR,ERR,ERR,ERR,ERR,ERR,ERR,ERR,ERR,ERR,ERR,ERR,ERR,ERR,ERR,ERR,ERR,ERR,ERR,ERR,ERR,ERR,ERR,ERR,ERR,ERR,ERR,ERR,-107615288.0,-0.0,-134474944.0,0.0,0.0,1.3936040501711995e+18,7.805,0.0,0,0,4,0,8422,0.0,45,0.0,0.0,0.0,0.0,0.0,0,0,0,0,0.0,0,0,0,0,0,0,0,0,0,0,0,0,0,0,0,0,0,0,0,0,0,0,0,0,0,0,0,0,0,0,0,0,0,38,14,7,45,65476,0,300,0,0,8,21553,0.0,-107605600.0,0.0,0.0,0.0,0.0,0.0,0.0,0.0,0.0,0.0,0.0,0.0,0.0,0.0,0.0,0.0,0.0,0.0,0.0,0.0,0.0,-2.004,-2.004,2.004,-2.004,0.0,0.0,0.0,0.0,5016.0,-3.697186133624698e+19,0.0,-107615288.0,-0.0,-0.0,0.0,0.0,0.0,0.0,0.0,53,-0.0,-107614784.0,0.0,0.0,0.0,0.0,0.0,0.0,0.0,0,0,0,0.0,0.0,0.0,0.0,0.0,0.0,0.0,0.0,0.0,0.0,0.0,0.0,0.0,0.0,0.0,0.0,0,-107875648.0,53,0.0,106,-107614832.0,-0.0,ERR,ERR,ERR,ERR,ERR,ERR,ERR,ERR,ERR,ERR,ERR,ERR,ERR,ERR,ERR,ERR,ERR,ERR,ERR,ERR,ERR,ERR,ERR,ERR,ERR,ERR,ERR,ERR,ERR,ERR,ERR,ERR,ERR,ERR,ERR,ERR,ERR,ERR,ERR,ERR,ERR,ERR,ERR,ERR,ERR,ERR,ERR,ERR,ERR,ERR,ERR,ERR,ERR,ERR,ERR,ERR,ERR,ERR,ERR,ERR,ERR,ERR,ERR,ERR,ERR,ERR,ERR,50.0,60.0,100,0.0,0.0,0.0,0.0,0.0,0.0,0.0,0.0,0.0,0.0,0.0,0.0,0.0,0.0,0.0,0.0,61.6,75,13,65511,50,65476,0,300,0,0,8,20529,65476,0,0,26214,60.0,0.0,0.0,0.0,0.0,0.0
2026-05-17T18:01:07,ERR,ERR,ERR,ERR,ERR,ERR,ERR,ERR,ERR,ERR,ERR,ERR,ERR,ERR,ERR,ERR,ERR,ERR,ERR,ERR,ERR,ERR,ERR,ERR,ERR,ERR,ERR,ERR,ERR,ERR,ERR,ERR,ERR,ERR,ERR,ERR,ERR,ERR,ERR,ERR,ERR,ERR,ERR,ERR,ERR,ERR,ERR,ERR,ERR,ERR,ERR,ERR,ERR,ERR,ERR,ERR,ERR,ERR,ERR,ERR,ERR,ERR,ERR,ERR,ERR,ERR,ERR,ERR,ERR,ERR,ERR,ERR,ERR,ERR,ERR,ERR,ERR,ERR,ERR,ERR,ERR,ERR,ERR,ERR,ERR,ERR,ERR,ERR,ERR,ERR,ERR,ERR,ERR,ERR,ERR,ERR,ERR,ERR,ERR,ERR,ERR,ERR,ERR,ERR,ERR,ERR,ERR,ERR,ERR,ERR,ERR,ERR,ERR,ERR,ERR,ERR,ERR,ERR,ERR,ERR,ERR,ERR,ERR,ERR,ERR,-107615288.0,-0.0,-134474944.0,0.0,0.0,1.3936040501711995e+18,7.805,0.0,0,0,4,0,8422,0.0,45,0.0,0.0,0.0,0.0,0.0,0,0,0,0,0.0,0,0,0,0,0,0,0,0,0,0,0,0,0,0,0,0,0,0,0,0,0,0,0,0,0,0,0,0,0,0,0,0,0,38,14,7,45,65476,0,300,0,0,8,21553,0.0,-107605600.0,0.0,0.0,0.0,0.0,0.0,0.0,0.0,0.0,0.0,0.0,0.0,0.0,0.0,0.0,0.0,0.0,0.0,0.0,0.0,0.0,-2.004,-2.004,2.004,-2.004,0.0,0.0,0.0,0.0,5016.0,-3.697186133624698e+19,0.0,-107615288.0,-0.0,-0.0,0.0,0.0,0.0,0.0,0.0,53,-0.0,-107614784.0,0.0,0.0,0.0,0.0,0.0,0.0,0.0,0,0,0,0.0,0.0,0.0,0.0,0.0,0.0,0.0,0.0,0.0,0.0,0.0,0.0,0.0,0.0,0.0,0.0,0,-107875648.0,53,0.0,106,-107614832.0,-0.0,ERR,ERR,ERR,ERR,ERR,ERR,ERR,ERR,ERR,ERR,ERR,ERR,ERR,ERR,ERR,ERR,ERR,ERR,ERR,ERR,ERR,ERR,ERR,ERR,ERR,ERR,ERR,ERR,ERR,ERR,ERR,ERR,ERR,ERR,ERR,ERR,ERR,ERR,ERR,ERR,ERR,ERR,ERR,ERR,ERR,ERR,ERR,ERR,ERR,ERR,ERR,ERR,ERR,ERR,ERR,ERR,ERR,ERR,ERR,ERR,ERR,ERR,ERR,ERR,ERR,ERR,ERR,50.0,60.0,100,0.0,0.0,0.0,0.0,0.0,0.0,0.0,0.0,0.0,0.0,0.0,0.0,0.0,0.0,0.0,0.0,61.6,75,13,65511,50,65476,0,300,0,0,8,20529,65476,0,0,26214,60.0,0.0,0.0,0.0,0.0,0.0
2026-05-17T18:01:08,ERR,ERR,ERR,ERR,ERR,ERR,ERR,ERR,ERR,ERR,ERR,ERR,ERR,ERR,ERR,ERR,ERR,ERR,ERR,ERR,ERR,ERR,ERR,ERR,ERR,ERR,ERR,ERR,ERR,ERR,ERR,ERR,ERR,ERR,ERR,ERR,ERR,ERR,ERR,ERR,ERR,ERR,ERR,ERR,ERR,ERR,ERR,ERR,ERR,ERR,ERR,ERR,ERR,ERR,ERR,ERR,ERR,ERR,ERR,ERR,ERR,ERR,ERR,ERR,ERR,ERR,ERR,ERR,ERR,ERR,ERR,ERR,ERR,ERR,ERR,ERR,ERR,ERR,ERR,ERR,ERR,ERR,ERR,ERR,ERR,ERR,ERR,ERR,ERR,ERR,ERR,ERR,ERR,ERR,ERR,ERR,ERR,ERR,ERR,ERR,ERR,ERR,ERR,ERR,ERR,ERR,ERR,ERR,ERR,ERR,ERR,ERR,ERR,ERR,ERR,ERR,ERR,ERR,ERR,ERR,ERR,ERR,ERR,ERR,ERR,-107615288.0,-0.0,-134474944.0,0.0,0.0,1.3936040501711995e+18,7.805,0.0,0,0,4,0,8422,0.0,45,0.0,0.0,0.0,0.0,0.0,0,0,0,0,0.0,0,0,0,0,0,0,0,0,0,0,0,0,0,0,0,0,0,0,0,0,0,0,0,0,0,0,0,0,0,0,0,0,0,38,14,7,45,65476,0,300,0,0,8,21553,0.0,-107605600.0,0.0,0.0,0.0,0.0,0.0,0.0,0.0,0.0,0.0,0.0,0.0,0.0,0.0,0.0,0.0,0.0,0.0,0.0,0.0,0.0,-2.004,-2.004,2.004,-2.004,0.0,0.0,0.0,0.0,5015.0,-8608182272.0,0.0,-107615288.0,-0.0,-0.0,0.0,0.0,0.0,0.0,0.0,53,-0.0,-0.0,0.0,0.0,0.0,0.0,0.0,0.0,0.0,0,0,0,0.0,0.0,0.0,0.0,0.0,0.0,0.0,0.0,0.0,0.0,0.0,0.0,0.0,0.0,0.0,0.0,0,-107875648.0,53,0.0,106,-107614832.0,-0.0,ERR,ERR,ERR,ERR,ERR,ERR,ERR,ERR,ERR,ERR,ERR,ERR,ERR,ERR,ERR,ERR,ERR,ERR,ERR,ERR,ERR,ERR,ERR,ERR,ERR,ERR,ERR,ERR,ERR,ERR,ERR,ERR,ERR,ERR,ERR,ERR,ERR,ERR,ERR,ERR,ERR,ERR,ERR,ERR,ERR,ERR,ERR,ERR,ERR,ERR,ERR,ERR,ERR,ERR,ERR,ERR,ERR,ERR,ERR,ERR,ERR,ERR,ERR,ERR,ERR,ERR,ERR,50.0,60.0,100,0.0,0.0,0.0,0.0,0.0,0.0,0.0,0.0,0.0,0.0,0.0,0.0,0.0,0.0,0.0,0.0,62.0,75,13,65511,50,65476,0,300,0,0,8,20529,65476,0,0,26214,60.0,0.0,0.0,0.0,0.0,0.0
2026-05-17T18:01:09,ERR,ERR,ERR,ERR,ERR,ERR,ERR,ERR,ERR,ERR,ERR,ERR,ERR,ERR,ERR,ERR,ERR,ERR,ERR,ERR,ERR,ERR,ERR,ERR,ERR,ERR,ERR,ERR,ERR,ERR,ERR,ERR,ERR,ERR,ERR,ERR,ERR,ERR,ERR,ERR,ERR,ERR,ERR,ERR,ERR,ERR,ERR,ERR,ERR,ERR,ERR,ERR,ERR,ERR,ERR,ERR,ERR,ERR,ERR,ERR,ERR,ERR,ERR,ERR,ERR,ERR,ERR,ERR,ERR,ERR,ERR,ERR,ERR,ERR,ERR,ERR,ERR,ERR,ERR,ERR,ERR,ERR,ERR,ERR,ERR,ERR,ERR,ERR,ERR,ERR,ERR,ERR,ERR,ERR,ERR,ERR,ERR,ERR,ERR,ERR,ERR,ERR,ERR,ERR,ERR,ERR,ERR,ERR,ERR,ERR,ERR,ERR,ERR,ERR,ERR,ERR,ERR,ERR,ERR,ERR,ERR,ERR,ERR,ERR,ERR,-107615288.0,-0.0,-134474944.0,0.0,0.0,1.3936040501711995e+18,7.805,0.0,0,0,4,0,8422,0.0,45,0.0,0.0,0.0,0.0,0.0,0,0,0,0,0.0,0,0,0,0,0,0,0,0,0,0,0,0,0,0,0,0,0,0,0,0,0,0,0,0,0,0,0,0,0,0,0,0,0,38,14,7,45,65476,0,300,0,0,8,21553,0.0,-107605600.0,0.0,0.0,0.0,0.0,0.0,0.0,0.0,0.0,0.0,0.0,0.0,0.0,0.0,0.0,0.0,0.0,0.0,0.0,0.0,0.0,-2.004,-2.004,2.004,-2.004,0.0,0.0,0.0,0.0,5015.0,-8608182272.0,0.0,-107615288.0,-0.0,-0.0,0.0,0.0,0.0,0.0,0.0,53,-0.0,-0.0,0.0,0.0,0.0,0.0,0.0,0.0,0.0,0,0,0,0.0,0.0,0.0,0.0,0.0,0.0,0.0,0.0,0.0,0.0,0.0,0.0,0.0,0.0,0.0,0.0,0,-107875648.0,53,0.0,106,-107614832.0,-0.0,ERR,ERR,ERR,ERR,ERR,ERR,ERR,ERR,ERR,ERR,ERR,ERR,ERR,ERR,ERR,ERR,ERR,ERR,ERR,ERR,ERR,ERR,ERR,ERR,ERR,ERR,ERR,ERR,ERR,ERR,ERR,ERR,ERR,ERR,ERR,ERR,ERR,ERR,ERR,ERR,ERR,ERR,ERR,ERR,ERR,ERR,ERR,ERR,ERR,ERR,ERR,ERR,ERR,ERR,ERR,ERR,ERR,ERR,ERR,ERR,ERR,ERR,ERR,ERR,ERR,ERR,ERR,50.0,60.0,100,0.0,0.0,0.0,0.0,0.0,0.0,0.0,0.0,0.0,0.0,0.0,0.0,0.0,0.0,0.0,0.0,62.0,75,13,65511,50,65476,0,300,0,0,8,20529,65476,0,0,26214,60.0,0.0,0.0,0.0,0.0,0.0
2026-05-17T18:01:10,ERR,ERR,ERR,ERR,ERR,ERR,ERR,ERR,ERR,ERR,ERR,ERR,ERR,ERR,ERR,ERR,ERR,ERR,ERR,ERR,ERR,ERR,ERR,ERR,ERR,ERR,ERR,ERR,ERR,ERR,ERR,ERR,ERR,ERR,ERR,ERR,ERR,ERR,ERR,ERR,ERR,ERR,ERR,ERR,ERR,ERR,ERR,ERR,ERR,ERR,ERR,ERR,ERR,ERR,ERR,ERR,ERR,ERR,ERR,ERR,ERR,ERR,ERR,ERR,ERR,ERR,ERR,ERR,ERR,ERR,ERR,ERR,ERR,ERR,ERR,ERR,ERR,ERR,ERR,ERR,ERR,ERR,ERR,ERR,ERR,ERR,ERR,ERR,ERR,ERR,ERR,ERR,ERR,ERR,ERR,ERR,ERR,ERR,ERR,ERR,ERR,ERR,ERR,ERR,ERR,ERR,ERR,ERR,ERR,ERR,ERR,ERR,ERR,ERR,ERR,ERR,ERR,ERR,ERR,ERR,ERR,ERR,ERR,ERR,ERR,-107615288.0,-0.0,-134474944.0,0.0,0.0,1.3936040501711995e+18,7.805,0.0,0,0,4,0,8422,0.0,45,0.0,0.0,0.0,0.0,0.0,0,0,0,0,0.0,0,0,0,0,0,0,0,0,0,0,0,0,0,0,0,0,0,0,0,0,0,0,0,0,0,0,0,0,0,0,0,0,0,38,14,7,45,65476,0,300,0,0,8,21553,0.0,-107605600.0,0.0,0.0,0.0,0.0,0.0,0.0,0.0,0.0,0.0,0.0,0.0,0.0,0.0,0.0,0.0,0.0,0.0,0.0,0.0,0.0,-2.004,-2.004,2.004,-2.004,0.0,0.0,0.0,0.0,5015.0,-8608182272.0,0.0,-107615288.0,-0.0,-0.0,0.0,0.0,0.0,0.0,0.0,53,-0.0,-0.0,0.0,0.0,0.0,0.0,0.0,0.0,0.0,0,0,0,0.0,0.0,0.0,0.0,0.0,0.0,0.0,0.0,0.0,0.0,0.0,0.0,0.0,0.0,0.0,0.0,0,-107875648.0,53,0.0,106,-107614832.0,-0.0,ERR,ERR,ERR,ERR,ERR,ERR,ERR,ERR,ERR,ERR,ERR,ERR,ERR,ERR,ERR,ERR,ERR,ERR,ERR,ERR,ERR,ERR,ERR,ERR,ERR,ERR,ERR,ERR,ERR,ERR,ERR,ERR,ERR,ERR,ERR,ERR,ERR,ERR,ERR,ERR,ERR,ERR,ERR,ERR,ERR,ERR,ERR,ERR,ERR,ERR,ERR,ERR,ERR,ERR,ERR,ERR,ERR,ERR,ERR,ERR,ERR,ERR,ERR,ERR,ERR,ERR,ERR,50.0,60.0,100,0.0,0.0,0.0,0.0,0.0,0.0,0.0,0.0,0.0,0.0,0.0,0.0,0.0,0.0,0.0,0.0,61.6,75,13,65511,50,65476,0,300,0,0,8,20529,65476,0,0,26214,60.0,0.0,0.0,0.0,0.0,0.0
2026-05-17T18:01:11,ERR,ERR,ERR,ERR,ERR,ERR,ERR,ERR,ERR,ERR,ERR,ERR,ERR,ERR,ERR,ERR,ERR,ERR,ERR,ERR,ERR,ERR,ERR,ERR,ERR,ERR,ERR,ERR,ERR,ERR,ERR,ERR,ERR,ERR,ERR,ERR,ERR,ERR,ERR,ERR,ERR,ERR,ERR,ERR,ERR,ERR,ERR,ERR,ERR,ERR,ERR,ERR,ERR,ERR,ERR,ERR,ERR,ERR,ERR,ERR,ERR,ERR,ERR,ERR,ERR,ERR,ERR,ERR,ERR,ERR,ERR,ERR,ERR,ERR,ERR,ERR,ERR,ERR,ERR,ERR,ERR,ERR,ERR,ERR,ERR,ERR,ERR,ERR,ERR,ERR,ERR,ERR,ERR,ERR,ERR,ERR,ERR,ERR,ERR,ERR,ERR,ERR,ERR,ERR,ERR,ERR,ERR,ERR,ERR,ERR,ERR,ERR,ERR,ERR,ERR,ERR,ERR,ERR,ERR,ERR,ERR,ERR,ERR,ERR,ERR,-107615288.0,-0.0,-134474944.0,0.0,0.0,1.3936040501711995e+18,7.805,0.0,0,0,4,0,8422,0.0,45,0.0,0.0,0.0,0.0,0.0,0,0,0,0,0.0,0,0,0,0,0,0,0,0,0,0,0,0,0,0,0,0,0,0,0,0,0,0,0,0,0,0,0,0,0,0,0,0,0,38,14,7,45,65476,0,300,0,0,8,21553,0.0,-107605600.0,0.0,0.0,0.0,0.0,0.0,0.0,0.0,0.0,0.0,0.0,0.0,0.0,0.0,0.0,0.0,0.0,0.0,0.0,0.0,0.0,-2.004,-2.004,2.004,-2.004,0.0,0.0,0.0,0.0,5015.0,-8608182272.0,0.0,-107615288.0,-0.0,-0.0,0.0,0.0,0.0,0.0,0.0,53,-0.0,-0.0,0.0,0.0,0.0,0.0,0.0,0.0,0.0,0,0,0,0.0,0.0,0.0,0.0,0.0,0.0,0.0,0.0,0.0,0.0,0.0,0.0,0.0,0.0,0.0,0.0,0,-107875648.0,53,0.0,106,-107614832.0,-0.0,ERR,ERR,ERR,ERR,ERR,ERR,ERR,ERR,ERR,ERR,ERR,ERR,ERR,ERR,ERR,ERR,ERR,ERR,ERR,ERR,ERR,ERR,ERR,ERR,ERR,ERR,ERR,ERR,ERR,ERR,ERR,ERR,ERR,ERR,ERR,ERR,ERR,ERR,ERR,ERR,ERR,ERR,ERR,ERR,ERR,ERR,ERR,ERR,ERR,ERR,ERR,ERR,ERR,ERR,ERR,ERR,ERR,ERR,ERR,ERR,ERR,ERR,ERR,ERR,ERR,ERR,ERR,50.0,60.0,100,0.0,0.0,0.0,0.0,0.0,0.0,0.0,0.0,0.0,0.0,0.0,0.0,0.0,0.0,0.0,0.0,61.6,75,13,65511,50,65476,0,300,0,0,8,20529,65476,0,0,26214,60.0,0.0,0.0,0.0,0.0,0.0
2026-05-17T18:01:12,ERR,ERR,ERR,ERR,ERR,ERR,ERR,ERR,ERR,ERR,ERR,ERR,ERR,ERR,ERR,ERR,ERR,ERR,ERR,ERR,ERR,ERR,ERR,ERR,ERR,ERR,ERR,ERR,ERR,ERR,ERR,ERR,ERR,ERR,ERR,ERR,ERR,ERR,ERR,ERR,ERR,ERR,ERR,ERR,ERR,ERR,ERR,ERR,ERR,ERR,ERR,ERR,ERR,ERR,ERR,ERR,ERR,ERR,ERR,ERR,ERR,ERR,ERR,ERR,ERR,ERR,ERR,ERR,ERR,ERR,ERR,ERR,ERR,ERR,ERR,ERR,ERR,ERR,ERR,ERR,ERR,ERR,ERR,ERR,ERR,ERR,ERR,ERR,ERR,ERR,ERR,ERR,ERR,ERR,ERR,ERR,ERR,ERR,ERR,ERR,ERR,ERR,ERR,ERR,ERR,ERR,ERR,ERR,ERR,ERR,ERR,ERR,ERR,ERR,ERR,ERR,ERR,ERR,ERR,ERR,ERR,ERR,ERR,ERR,ERR,-107615288.0,-0.0,-134474944.0,0.0,0.0,1.3936040501711995e+18,7.805,0.0,0,0,4,0,8422,0.0,45,0.0,0.0,0.0,0.0,0.0,0,0,0,0,0.0,0,0,0,0,0,0,0,0,0,0,0,0,0,0,0,0,0,0,0,0,0,0,0,0,0,0,0,0,0,0,0,0,0,38,14,7,45,65476,0,300,0,0,8,21553,0.0,-107605600.0,0.0,0.0,0.0,0.0,0.0,0.0,0.0,0.0,0.0,0.0,0.0,0.0,0.0,0.0,0.0,0.0,0.0,0.0,0.0,0.0,-2.004,-2.004,2.004,-2.004,0.0,0.0,0.0,0.0,5015.0,-8608182272.0,0.0,-107615288.0,-0.0,-0.0,0.0,0.0,0.0,0.0,0.0,53,-0.0,-0.0,0.0,0.0,0.0,0.0,0.0,0.0,0.0,0,0,0,0.0,0.0,0.0,0.0,0.0,0.0,0.0,0.0,0.0,0.0,0.0,0.0,0.0,0.0,0.0,0.0,0,-107875648.0,53,0.0,106,-107614832.0,-0.0,ERR,ERR,ERR,ERR,ERR,ERR,ERR,ERR,ERR,ERR,ERR,ERR,ERR,ERR,ERR,ERR,ERR,ERR,ERR,ERR,ERR,ERR,ERR,ERR,ERR,ERR,ERR,ERR,ERR,ERR,ERR,ERR,ERR,ERR,ERR,ERR,ERR,ERR,ERR,ERR,ERR,ERR,ERR,ERR,ERR,ERR,ERR,ERR,ERR,ERR,ERR,ERR,ERR,ERR,ERR,ERR,ERR,ERR,ERR,ERR,ERR,ERR,ERR,ERR,ERR,ERR,ERR,50.0,60.0,100,0.0,0.0,0.0,0.0,0.0,0.0,0.0,0.0,0.0,0.0,0.0,0.0,0.0,0.0,0.0,0.0,61.6,75,13,65511,50,65476,0,300,0,0,8,20529,65476,0,0,26214,60.0,0.0,0.0,0.0,0.0,0.0
2026-05-17T18:01:13,ERR,ERR,ERR,ERR,ERR,ERR,ERR,ERR,ERR,ERR,ERR,ERR,ERR,ERR,ERR,ERR,ERR,ERR,ERR,ERR,ERR,ERR,ERR,ERR,ERR,ERR,ERR,ERR,ERR,ERR,ERR,ERR,ERR,ERR,ERR,ERR,ERR,ERR,ERR,ERR,ERR,ERR,ERR,ERR,ERR,ERR,ERR,ERR,ERR,ERR,ERR,ERR,ERR,ERR,ERR,ERR,ERR,ERR,ERR,ERR,ERR,ERR,ERR,ERR,ERR,ERR,ERR,ERR,ERR,ERR,ERR,ERR,ERR,ERR,ERR,ERR,ERR,ERR,ERR,ERR,ERR,ERR,ERR,ERR,ERR,ERR,ERR,ERR,ERR,ERR,ERR,ERR,ERR,ERR,ERR,ERR,ERR,ERR,ERR,ERR,ERR,ERR,ERR,ERR,ERR,ERR,ERR,ERR,ERR,ERR,ERR,ERR,ERR,ERR,ERR,ERR,ERR,ERR,ERR,ERR,ERR,ERR,ERR,ERR,ERR,-107615288.0,-0.0,-134474944.0,0.0,0.0,1.3936040501711995e+18,7.805,0.0,0,0,4,0,8422,0.0,45,0.0,0.0,0.0,0.0,0.0,0,0,0,0,0.0,0,0,0,0,0,0,0,0,0,0,0,0,0,0,0,0,0,0,0,0,0,0,0,0,0,0,0,0,0,0,0,0,0,38,14,7,45,65476,0,300,0,0,8,21553,0.0,-107605600.0,0.0,0.0,0.0,0.0,0.0,0.0,0.0,0.0,0.0,0.0,0.0,0.0,0.0,0.0,0.0,0.0,0.0,0.0,0.0,0.0,-2.004,-2.004,2.004,-2.004,0.0,0.0,0.0,0.0,5018.0,-0.0,0.0,-107615288.0,-0.0,-0.0,0.0,0.0,0.0,0.0,0.0,53,-0.0,5.848055683159391e+35,0.0,0.0,0.0,0.0,0.0,0.0,0.0,0,0,0,0.0,0.0,0.0,0.0,0.0,0.0,0.0,0.0,0.0,0.0,0.0,0.0,0.0,0.0,0.0,0.0,0,-107875648.0,53,0.0,106,-107614832.0,-0.0,ERR,ERR,ERR,ERR,ERR,ERR,ERR,ERR,ERR,ERR,ERR,ERR,ERR,ERR,ERR,ERR,ERR,ERR,ERR,ERR,ERR,ERR,ERR,ERR,ERR,ERR,ERR,ERR,ERR,ERR,ERR,ERR,ERR,ERR,ERR,ERR,ERR,ERR,ERR,ERR,ERR,ERR,ERR,ERR,ERR,ERR,ERR,ERR,ERR,ERR,ERR,ERR,ERR,ERR,ERR,ERR,ERR,ERR,ERR,ERR,ERR,ERR,ERR,ERR,ERR,ERR,ERR,50.0,60.0,100,0.0,0.0,0.0,0.0,0.0,0.0,0.0,0.0,0.0,0.0,0.0,0.0,0.0,0.0,0.0,0.0,61.6,75,13,65511,50,65476,0,300,0,0,8,20529,65476,0,0,26214,60.0,0.0,0.0,0.0,0.0,0.0
2026-05-17T18:01:14,ERR,ERR,ERR,ERR,ERR,ERR,ERR,ERR,ERR,ERR,ERR,ERR,ERR,ERR,ERR,ERR,ERR,ERR,ERR,ERR,ERR,ERR,ERR,ERR,ERR,ERR,ERR,ERR,ERR,ERR,ERR,ERR,ERR,ERR,ERR,ERR,ERR,ERR,ERR,ERR,ERR,ERR,ERR,ERR,ERR,ERR,ERR,ERR,ERR,ERR,ERR,ERR,ERR,ERR,ERR,ERR,ERR,ERR,ERR,ERR,ERR,ERR,ERR,ERR,ERR,ERR,ERR,ERR,ERR,ERR,ERR,ERR,ERR,ERR,ERR,ERR,ERR,ERR,ERR,ERR,ERR,ERR,ERR,ERR,ERR,ERR,ERR,ERR,ERR,ERR,ERR,ERR,ERR,ERR,ERR,ERR,ERR,ERR,ERR,ERR,ERR,ERR,ERR,ERR,ERR,ERR,ERR,ERR,ERR,ERR,ERR,ERR,ERR,ERR,ERR,ERR,ERR,ERR,ERR,ERR,ERR,ERR,ERR,ERR,ERR,-107615288.0,-0.0,-134474944.0,0.0,0.0,1.3936040501711995e+18,7.805,0.0,0,0,4,0,8422,0.0,45,0.0,0.0,0.0,0.0,0.0,0,0,0,0,0.0,0,0,0,0,0,0,0,0,0,0,0,0,0,0,0,0,0,0,0,0,0,0,0,0,0,0,0,0,0,0,0,0,0,38,14,7,45,65476,0,300,0,0,8,21553,0.0,-107605600.0,0.0,0.0,0.0,0.0,0.0,0.0,0.0,0.0,0.0,0.0,0.0,0.0,0.0,0.0,0.0,0.0,0.0,0.0,0.0,0.0,-2.004,-2.004,2.004,-2.004,0.0,0.0,0.0,0.0,5018.0,-0.0,0.0,-107615288.0,-0.0,-0.0,0.0,0.0,0.0,0.0,0.0,53,-0.0,5.848055683159391e+35,0.0,0.0,0.0,0.0,0.0,0.0,0.0,0,0,0,0.0,0.0,0.0,0.0,0.0,0.0,0.0,0.0,0.0,0.0,0.0,0.0,0.0,0.0,0.0,0.0,0,-107875648.0,53,0.0,106,-107614832.0,-0.0,ERR,ERR,ERR,ERR,ERR,ERR,ERR,ERR,ERR,ERR,ERR,ERR,ERR,ERR,ERR,ERR,ERR,ERR,ERR,ERR,ERR,ERR,ERR,ERR,ERR,ERR,ERR,ERR,ERR,ERR,ERR,ERR,ERR,ERR,ERR,ERR,ERR,ERR,ERR,ERR,ERR,ERR,ERR,ERR,ERR,ERR,ERR,ERR,ERR,ERR,ERR,ERR,ERR,ERR,ERR,ERR,ERR,ERR,ERR,ERR,ERR,ERR,ERR,ERR,ERR,ERR,ERR,50.0,60.0,100,0.0,0.0,0.0,0.0,0.0,0.0,0.0,0.0,0.0,0.0,0.0,0.0,0.0,0.0,0.0,0.0,61.6,75,13,65511,50,65476,0,300,0,0,8,20529,65476,0,0,26214,60.0,0.0,0.0,0.0,0.0,0.0
2026-05-17T18:01:15,ERR,ERR,ERR,ERR,ERR,ERR,ERR,ERR,ERR,ERR,ERR,ERR,ERR,ERR,ERR,ERR,ERR,ERR,ERR,ERR,ERR,ERR,ERR,ERR,ERR,ERR,ERR,ERR,ERR,ERR,ERR,ERR,ERR,ERR,ERR,ERR,ERR,ERR,ERR,ERR,ERR,ERR,ERR,ERR,ERR,ERR,ERR,ERR,ERR,ERR,ERR,ERR,ERR,ERR,ERR,ERR,ERR,ERR,ERR,ERR,ERR,ERR,ERR,ERR,ERR,ERR,ERR,ERR,ERR,ERR,ERR,ERR,ERR,ERR,ERR,ERR,ERR,ERR,ERR,ERR,ERR,ERR,ERR,ERR,ERR,ERR,ERR,ERR,ERR,ERR,ERR,ERR,ERR,ERR,ERR,ERR,ERR,ERR,ERR,ERR,ERR,ERR,ERR,ERR,ERR,ERR,ERR,ERR,ERR,ERR,ERR,ERR,ERR,ERR,ERR,ERR,ERR,ERR,ERR,ERR,ERR,ERR,ERR,ERR,ERR,-107615288.0,-0.0,-134474944.0,0.0,0.0,1.3936040501711995e+18,7.805,0.0,0,0,4,0,8422,0.0,45,0.0,0.0,0.0,0.0,0.0,0,0,0,0,0.0,0,0,0,0,0,0,0,0,0,0,0,0,0,0,0,0,0,0,0,0,0,0,0,0,0,0,0,0,0,0,0,0,0,38,14,7,45,65476,0,300,0,0,8,21553,0.0,-107605600.0,0.0,0.0,0.0,0.0,0.0,0.0,0.0,0.0,0.0,0.0,0.0,0.0,0.0,0.0,0.0,0.0,0.0,0.0,0.0,0.0,-2.004,-2.004,2.004,-2.004,0.0,0.0,0.0,0.0,5018.0,-0.0,0.0,-107615288.0,-0.0,-0.0,0.0,0.0,0.0,0.0,0.0,53,-0.0,5.848055683159391e+35,0.0,0.0,0.0,0.0,0.0,0.0,0.0,0,0,0,0.0,0.0,0.0,0.0,0.0,0.0,0.0,0.0,0.0,0.0,0.0,0.0,0.0,0.0,0.0,0.0,0,-107875648.0,53,0.0,106,-107614832.0,-0.0,ERR,ERR,ERR,ERR,ERR,ERR,ERR,ERR,ERR,ERR,ERR,ERR,ERR,ERR,ERR,ERR,ERR,ERR,ERR,ERR,ERR,ERR,ERR,ERR,ERR,ERR,ERR,ERR,ERR,ERR,ERR,ERR,ERR,ERR,ERR,ERR,ERR,ERR,ERR,ERR,ERR,ERR,ERR,ERR,ERR,ERR,ERR,ERR,ERR,ERR,ERR,ERR,ERR,ERR,ERR,ERR,ERR,ERR,ERR,ERR,ERR,ERR,ERR,ERR,ERR,ERR,ERR,50.0,60.0,100,0.0,0.0,0.0,0.0,0.0,0.0,0.0,0.0,0.0,0.0,0.0,0.0,0.0,0.0,0.0,0.0,61.6,75,13,65511,50,65476,0,300,0,0,8,20529,65476,0,0,26214,60.0,0.0,0.0,0.0,0.0,0.0
2026-05-17T18:01:16,ERR,ERR,ERR,ERR,ERR,ERR,ERR,ERR,ERR,ERR,ERR,ERR,ERR,ERR,ERR,ERR,ERR,ERR,ERR,ERR,ERR,ERR,ERR,ERR,ERR,ERR,ERR,ERR,ERR,ERR,ERR,ERR,ERR,ERR,ERR,ERR,ERR,ERR,ERR,ERR,ERR,ERR,ERR,ERR,ERR,ERR,ERR,ERR,ERR,ERR,ERR,ERR,ERR,ERR,ERR,ERR,ERR,ERR,ERR,ERR,ERR,ERR,ERR,ERR,ERR,ERR,ERR,ERR,ERR,ERR,ERR,ERR,ERR,ERR,ERR,ERR,ERR,ERR,ERR,ERR,ERR,ERR,ERR,ERR,ERR,ERR,ERR,ERR,ERR,ERR,ERR,ERR,ERR,ERR,ERR,ERR,ERR,ERR,ERR,ERR,ERR,ERR,ERR,ERR,ERR,ERR,ERR,ERR,ERR,ERR,ERR,ERR,ERR,ERR,ERR,ERR,ERR,ERR,ERR,ERR,ERR,ERR,ERR,ERR,ERR,-107615288.0,-0.0,-134474944.0,0.0,0.0,1.3936040501711995e+18,7.805,0.0,0,0,4,0,8422,0.0,45,0.0,0.0,0.0,0.0,0.0,0,0,0,0,0.0,0,0,0,0,0,0,0,0,0,0,0,0,0,0,0,0,0,0,0,0,0,0,0,0,0,0,0,0,0,0,0,0,0,38,14,7,45,65476,0,300,0,0,8,21553,0.0,-107605600.0,0.0,0.0,0.0,0.0,0.0,0.0,0.0,0.0,0.0,0.0,0.0,0.0,0.0,0.0,0.0,0.0,0.0,0.0,0.0,0.0,-2.004,-2.004,2.004,-2.004,0.0,0.0,0.0,0.0,5018.0,-0.0,0.0,-107615288.0,-0.0,-0.0,0.0,0.0,0.0,0.0,0.0,53,-0.0,5.848055683159391e+35,0.0,0.0,0.0,0.0,0.0,0.0,0.0,0,0,0,0.0,0.0,0.0,0.0,0.0,0.0,0.0,0.0,0.0,0.0,0.0,0.0,0.0,0.0,0.0,0.0,0,-107875648.0,53,0.0,106,-107614832.0,-0.0,ERR,ERR,ERR,ERR,ERR,ERR,ERR,ERR,ERR,ERR,ERR,ERR,ERR,ERR,ERR,ERR,ERR,ERR,ERR,ERR,ERR,ERR,ERR,ERR,ERR,ERR,ERR,ERR,ERR,ERR,ERR,ERR,ERR,ERR,ERR,ERR,ERR,ERR,ERR,ERR,ERR,ERR,ERR,ERR,ERR,ERR,ERR,ERR,ERR,ERR,ERR,ERR,ERR,ERR,ERR,ERR,ERR,ERR,ERR,ERR,ERR,ERR,ERR,ERR,ERR,ERR,ERR,50.0,60.0,100,0.0,0.0,0.0,0.0,0.0,0.0,0.0,0.0,0.0,0.0,0.0,0.0,0.0,0.0,0.0,0.0,61.6,75,13,65511,50,65476,0,300,0,0,8,20529,65476,0,0,26214,60.0,0.0,0.0,0.0,0.0,0.0
2026-05-17T18:01:17,ERR,ERR,ERR,ERR,ERR,ERR,ERR,ERR,ERR,ERR,ERR,ERR,ERR,ERR,ERR,ERR,ERR,ERR,ERR,ERR,ERR,ERR,ERR,ERR,ERR,ERR,ERR,ERR,ERR,ERR,ERR,ERR,ERR,ERR,ERR,ERR,ERR,ERR,ERR,ERR,ERR,ERR,ERR,ERR,ERR,ERR,ERR,ERR,ERR,ERR,ERR,ERR,ERR,ERR,ERR,ERR,ERR,ERR,ERR,ERR,ERR,ERR,ERR,ERR,ERR,ERR,ERR,ERR,ERR,ERR,ERR,ERR,ERR,ERR,ERR,ERR,ERR,ERR,ERR,ERR,ERR,ERR,ERR,ERR,ERR,ERR,ERR,ERR,ERR,ERR,ERR,ERR,ERR,ERR,ERR,ERR,ERR,ERR,ERR,ERR,ERR,ERR,ERR,ERR,ERR,ERR,ERR,ERR,ERR,ERR,ERR,ERR,ERR,ERR,ERR,ERR,ERR,ERR,ERR,ERR,ERR,ERR,ERR,ERR,ERR,-107615288.0,-0.0,-134474944.0,0.0,0.0,1.3936040501711995e+18,7.805,0.0,0,0,4,0,8422,0.0,45,0.0,0.0,0.0,0.0,0.0,0,0,0,0,0.0,0,0,0,0,0,0,0,0,0,0,0,0,0,0,0,0,0,0,0,0,0,0,0,0,0,0,0,0,0,0,0,0,0,38,14,7,45,65476,0,300,0,0,8,21553,0.0,-107605600.0,0.0,0.0,0.0,0.0,0.0,0.0,0.0,0.0,0.0,0.0,0.0,0.0,0.0,0.0,0.0,0.0,0.0,0.0,0.0,0.0,-2.004,-2.004,2.004,-2.004,0.0,0.0,0.0,0.0,5018.0,-0.0,0.0,-107615288.0,-0.0,-0.0,0.0,0.0,0.0,0.0,0.0,53,-0.0,5.848055683159391e+35,0.0,0.0,0.0,0.0,0.0,0.0,0.0,0,0,0,0.0,0.0,0.0,0.0,0.0,0.0,0.0,0.0,0.0,0.0,0.0,0.0,0.0,0.0,0.0,0.0,0,-107875648.0,53,0.0,106,-107614832.0,-0.0,ERR,ERR,ERR,ERR,ERR,ERR,ERR,ERR,ERR,ERR,ERR,ERR,ERR,ERR,ERR,ERR,ERR,ERR,ERR,ERR,ERR,ERR,ERR,ERR,ERR,ERR,ERR,ERR,ERR,ERR,ERR,ERR,ERR,ERR,ERR,ERR,ERR,ERR,ERR,ERR,ERR,ERR,ERR,ERR,ERR,ERR,ERR,ERR,ERR,ERR,ERR,ERR,ERR,ERR,ERR,ERR,ERR,ERR,ERR,ERR,ERR,ERR,ERR,ERR,ERR,ERR,ERR,50.0,60.0,100,0.0,0.0,0.0,0.0,0.0,0.0,0.0,0.0,0.0,0.0,0.0,0.0,0.0,0.0,0.0,0.0,61.6,75,13,65511,50,65476,0,300,0,0,8,20529,65476,0,0,26214,60.0,0.0,0.0,0.0,0.0,0.0
2026-05-17T18:01:18,ERR,ERR,ERR,ERR,ERR,ERR,ERR,ERR,ERR,ERR,ERR,ERR,ERR,ERR,ERR,ERR,ERR,ERR,ERR,ERR,ERR,ERR,ERR,ERR,ERR,ERR,ERR,ERR,ERR,ERR,ERR,ERR,ERR,ERR,ERR,ERR,ERR,ERR,ERR,ERR,ERR,ERR,ERR,ERR,ERR,ERR,ERR,ERR,ERR,ERR,ERR,ERR,ERR,ERR,ERR,ERR,ERR,ERR,ERR,ERR,ERR,ERR,ERR,ERR,ERR,ERR,ERR,ERR,ERR,ERR,ERR,ERR,ERR,ERR,ERR,ERR,ERR,ERR,ERR,ERR,ERR,ERR,ERR,ERR,ERR,ERR,ERR,ERR,ERR,ERR,ERR,ERR,ERR,ERR,ERR,ERR,ERR,ERR,ERR,ERR,ERR,ERR,ERR,ERR,ERR,ERR,ERR,ERR,ERR,ERR,ERR,ERR,ERR,ERR,ERR,ERR,ERR,ERR,ERR,ERR,ERR,ERR,ERR,ERR,ERR,-107615288.0,-0.0,-134474944.0,0.0,0.0,1.3936040501711995e+18,7.805,0.0,0,0,4,0,8422,0.0,45,0.0,0.0,0.0,0.0,0.0,0,0,0,0,0.0,0,0,0,0,0,0,0,0,0,0,0,0,0,0,0,0,0,0,0,0,0,0,0,0,0,0,0,0,0,0,0,0,0,38,14,7,45,65476,0,300,0,0,8,21553,0.0,-107605600.0,0.0,0.0,0.0,0.0,0.0,0.0,0.0,0.0,0.0,0.0,0.0,0.0,0.0,0.0,0.0,0.0,0.0,0.0,0.0,0.0,-2.004,-2.004,2.004,-2.004,0.0,0.0,0.0,0.0,5016.0,1.5879293531142762e+29,0.0,-107615288.0,-0.0,-0.0,0.0,0.0,0.0,0.0,0.0,53,-0.0,1.9056859227671757e+17,0.0,0.0,0.0,0.0,0.0,0.0,0.0,0,0,0,0.0,0.0,0.0,0.0,0.0,0.0,0.0,0.0,0.0,0.0,0.0,0.0,0.0,0.0,0.0,0.0,0,-107875648.0,53,0.0,106,-107614832.0,-0.0,ERR,ERR,ERR,ERR,ERR,ERR,ERR,ERR,ERR,ERR,ERR,ERR,ERR,ERR,ERR,ERR,ERR,ERR,ERR,ERR,ERR,ERR,ERR,ERR,ERR,ERR,ERR,ERR,ERR,ERR,ERR,ERR,ERR,ERR,ERR,ERR,ERR,ERR,ERR,ERR,ERR,ERR,ERR,ERR,ERR,ERR,ERR,ERR,ERR,ERR,ERR,ERR,ERR,ERR,ERR,ERR,ERR,ERR,ERR,ERR,ERR,ERR,ERR,ERR,ERR,ERR,ERR,50.0,60.0,100,0.0,0.0,0.0,0.0,0.0,0.0,0.0,0.0,0.0,0.0,0.0,0.0,0.0,0.0,0.0,0.0,62.0,75,13,65511,50,65476,0,300,0,0,8,20529,65476,0,0,26214,60.0,0.0,0.0,0.0,0.0,0.0
2026-05-17T18:01:19,ERR,ERR,ERR,ERR,ERR,ERR,ERR,ERR,ERR,ERR,ERR,ERR,ERR,ERR,ERR,ERR,ERR,ERR,ERR,ERR,ERR,ERR,ERR,ERR,ERR,ERR,ERR,ERR,ERR,ERR,ERR,ERR,ERR,ERR,ERR,ERR,ERR,ERR,ERR,ERR,ERR,ERR,ERR,ERR,ERR,ERR,ERR,ERR,ERR,ERR,ERR,ERR,ERR,ERR,ERR,ERR,ERR,ERR,ERR,ERR,ERR,ERR,ERR,ERR,ERR,ERR,ERR,ERR,ERR,ERR,ERR,ERR,ERR,ERR,ERR,ERR,ERR,ERR,ERR,ERR,ERR,ERR,ERR,ERR,ERR,ERR,ERR,ERR,ERR,ERR,ERR,ERR,ERR,ERR,ERR,ERR,ERR,ERR,ERR,ERR,ERR,ERR,ERR,ERR,ERR,ERR,ERR,ERR,ERR,ERR,ERR,ERR,ERR,ERR,ERR,ERR,ERR,ERR,ERR,ERR,ERR,ERR,ERR,ERR,ERR,-107615288.0,-0.0,-134474944.0,0.0,0.0,1.3936040501711995e+18,7.805,0.0,0,0,4,0,8422,0.0,45,0.0,0.0,0.0,0.0,0.0,0,0,0,0,0.0,0,0,0,0,0,0,0,0,0,0,0,0,0,0,0,0,0,0,0,0,0,0,0,0,0,0,0,0,0,0,0,0,0,38,14,7,45,65476,0,300,0,0,8,21553,0.0,-107605600.0,0.0,0.0,0.0,0.0,0.0,0.0,0.0,0.0,0.0,0.0,0.0,0.0,0.0,0.0,0.0,0.0,0.0,0.0,0.0,0.0,-2.004,-2.004,2.004,-2.004,0.0,0.0,0.0,0.0,5016.0,1.5879293531142762e+29,0.0,-107615288.0,-0.0,-0.0,0.0,0.0,0.0,0.0,0.0,53,-0.0,1.9056859227671757e+17,0.0,0.0,0.0,0.0,0.0,0.0,0.0,0,0,0,0.0,0.0,0.0,0.0,0.0,0.0,0.0,0.0,0.0,0.0,0.0,0.0,0.0,0.0,0.0,0.0,0,-107875648.0,53,0.0,106,-107614832.0,-0.0,ERR,ERR,ERR,ERR,ERR,ERR,ERR,ERR,ERR,ERR,ERR,ERR,ERR,ERR,ERR,ERR,ERR,ERR,ERR,ERR,ERR,ERR,ERR,ERR,ERR,ERR,ERR,ERR,ERR,ERR,ERR,ERR,ERR,ERR,ERR,ERR,ERR,ERR,ERR,ERR,ERR,ERR,ERR,ERR,ERR,ERR,ERR,ERR,ERR,ERR,ERR,ERR,ERR,ERR,ERR,ERR,ERR,ERR,ERR,ERR,ERR,ERR,ERR,ERR,ERR,ERR,ERR,50.0,60.0,100,0.0,0.0,0.0,0.0,0.0,0.0,0.0,0.0,0.0,0.0,0.0,0.0,0.0,0.0,0.0,0.0,62.0,75,13,65511,50,65476,0,300,0,0,8,20529,65476,0,0,26214,60.0,0.0,0.0,0.0,0.0,0.0
2026-05-17T18:01:20,ERR,ERR,ERR,ERR,ERR,ERR,ERR,ERR,ERR,ERR,ERR,ERR,ERR,ERR,ERR,ERR,ERR,ERR,ERR,ERR,ERR,ERR,ERR,ERR,ERR,ERR,ERR,ERR,ERR,ERR,ERR,ERR,ERR,ERR,ERR,ERR,ERR,ERR,ERR,ERR,ERR,ERR,ERR,ERR,ERR,ERR,ERR,ERR,ERR,ERR,ERR,ERR,ERR,ERR,ERR,ERR,ERR,ERR,ERR,ERR,ERR,ERR,ERR,ERR,ERR,ERR,ERR,ERR,ERR,ERR,ERR,ERR,ERR,ERR,ERR,ERR,ERR,ERR,ERR,ERR,ERR,ERR,ERR,ERR,ERR,ERR,ERR,ERR,ERR,ERR,ERR,ERR,ERR,ERR,ERR,ERR,ERR,ERR,ERR,ERR,ERR,ERR,ERR,ERR,ERR,ERR,ERR,ERR,ERR,ERR,ERR,ERR,ERR,ERR,ERR,ERR,ERR,ERR,ERR,ERR,ERR,ERR,ERR,ERR,ERR,-107615288.0,-0.0,-134474944.0,0.0,0.0,1.3936040501711995e+18,7.805,0.0,0,0,4,0,8422,0.0,45,0.0,0.0,0.0,0.0,0.0,0,0,0,0,0.0,0,0,0,0,0,0,0,0,0,0,0,0,0,0,0,0,0,0,0,0,0,0,0,0,0,0,0,0,0,0,0,0,0,38,14,7,45,65476,0,300,0,0,8,21553,0.0,-107605600.0,0.0,0.0,0.0,0.0,0.0,0.0,0.0,0.0,0.0,0.0,0.0,0.0,0.0,0.0,0.0,0.0,0.0,0.0,0.0,0.0,-2.004,-2.004,2.004,-2.004,0.0,0.0,0.0,0.0,5016.0,1.5879293531142762e+29,0.0,-107615288.0,-0.0,-0.0,0.0,0.0,0.0,0.0,0.0,53,-0.0,1.9056859227671757e+17,0.0,0.0,0.0,0.0,0.0,0.0,0.0,0,0,0,0.0,0.0,0.0,0.0,0.0,0.0,0.0,0.0,0.0,0.0,0.0,0.0,0.0,0.0,0.0,0.0,0,-107875648.0,53,0.0,106,-107614832.0,-0.0,ERR,ERR,ERR,ERR,ERR,ERR,ERR,ERR,ERR,ERR,ERR,ERR,ERR,ERR,ERR,ERR,ERR,ERR,ERR,ERR,ERR,ERR,ERR,ERR,ERR,ERR,ERR,ERR,ERR,ERR,ERR,ERR,ERR,ERR,ERR,ERR,ERR,ERR,ERR,ERR,ERR,ERR,ERR,ERR,ERR,ERR,ERR,ERR,ERR,ERR,ERR,ERR,ERR,ERR,ERR,ERR,ERR,ERR,ERR,ERR,ERR,ERR,ERR,ERR,ERR,ERR,ERR,50.0,60.0,100,0.0,0.0,0.0,0.0,0.0,0.0,0.0,0.0,0.0,0.0,0.0,0.0,0.0,0.0,0.0,0.0,61.6,75,13,65511,50,65476,0,300,0,0,8,20529,65476,0,0,26214,60.0,0.0,0.0,0.0,0.0,0.0
2026-05-17T18:01:21,ERR,ERR,ERR,ERR,ERR,ERR,ERR,ERR,ERR,ERR,ERR,ERR,ERR,ERR,ERR,ERR,ERR,ERR,ERR,ERR,ERR,ERR,ERR,ERR,ERR,ERR,ERR,ERR,ERR,ERR,ERR,ERR,ERR,ERR,ERR,ERR,ERR,ERR,ERR,ERR,ERR,ERR,ERR,ERR,ERR,ERR,ERR,ERR,ERR,ERR,ERR,ERR,ERR,ERR,ERR,ERR,ERR,ERR,ERR,ERR,ERR,ERR,ERR,ERR,ERR,ERR,ERR,ERR,ERR,ERR,ERR,ERR,ERR,ERR,ERR,ERR,ERR,ERR,ERR,ERR,ERR,ERR,ERR,ERR,ERR,ERR,ERR,ERR,ERR,ERR,ERR,ERR,ERR,ERR,ERR,ERR,ERR,ERR,ERR,ERR,ERR,ERR,ERR,ERR,ERR,ERR,ERR,ERR,ERR,ERR,ERR,ERR,ERR,ERR,ERR,ERR,ERR,ERR,ERR,ERR,ERR,ERR,ERR,ERR,ERR,-107615288.0,-0.0,-134474944.0,0.0,0.0,1.3936040501711995e+18,7.805,0.0,0,0,4,0,8422,0.0,45,0.0,0.0,0.0,0.0,0.0,0,0,0,0,0.0,0,0,0,0,0,0,0,0,0,0,0,0,0,0,0,0,0,0,0,0,0,0,0,0,0,0,0,0,0,0,0,0,0,38,14,7,45,65476,0,300,0,0,8,21553,0.0,-107605600.0,0.0,0.0,0.0,0.0,0.0,0.0,0.0,0.0,0.0,0.0,0.0,0.0,0.0,0.0,0.0,0.0,0.0,0.0,0.0,0.0,-2.004,-2.004,2.004,-2.004,0.0,0.0,0.0,0.0,5016.0,1.5879293531142762e+29,0.0,-107615288.0,-0.0,-0.0,0.0,0.0,0.0,0.0,0.0,53,-0.0,1.9056859227671757e+17,0.0,0.0,0.0,0.0,0.0,0.0,0.0,0,0,0,0.0,0.0,0.0,0.0,0.0,0.0,0.0,0.0,0.0,0.0,0.0,0.0,0.0,0.0,0.0,0.0,0,-107875648.0,53,0.0,106,-107614832.0,-0.0,ERR,ERR,ERR,ERR,ERR,ERR,ERR,ERR,ERR,ERR,ERR,ERR,ERR,ERR,ERR,ERR,ERR,ERR,ERR,ERR,ERR,ERR,ERR,ERR,ERR,ERR,ERR,ERR,ERR,ERR,ERR,ERR,ERR,ERR,ERR,ERR,ERR,ERR,ERR,ERR,ERR,ERR,ERR,ERR,ERR,ERR,ERR,ERR,ERR,ERR,ERR,ERR,ERR,ERR,ERR,ERR,ERR,ERR,ERR,ERR,ERR,ERR,ERR,ERR,ERR,ERR,ERR,50.0,60.0,100,0.0,0.0,0.0,0.0,0.0,0.0,0.0,0.0,0.0,0.0,0.0,0.0,0.0,0.0,0.0,0.0,61.6,75,13,65511,50,65476,0,300,0,0,8,20529,65476,0,0,26214,60.0,0.0,0.0,0.0,0.0,0.0
2026-05-17T18:01:22,ERR,ERR,ERR,ERR,ERR,ERR,ERR,ERR,ERR,ERR,ERR,ERR,ERR,ERR,ERR,ERR,ERR,ERR,ERR,ERR,ERR,ERR,ERR,ERR,ERR,ERR,ERR,ERR,ERR,ERR,ERR,ERR,ERR,ERR,ERR,ERR,ERR,ERR,ERR,ERR,ERR,ERR,ERR,ERR,ERR,ERR,ERR,ERR,ERR,ERR,ERR,ERR,ERR,ERR,ERR,ERR,ERR,ERR,ERR,ERR,ERR,ERR,ERR,ERR,ERR,ERR,ERR,ERR,ERR,ERR,ERR,ERR,ERR,ERR,ERR,ERR,ERR,ERR,ERR,ERR,ERR,ERR,ERR,ERR,ERR,ERR,ERR,ERR,ERR,ERR,ERR,ERR,ERR,ERR,ERR,ERR,ERR,ERR,ERR,ERR,ERR,ERR,ERR,ERR,ERR,ERR,ERR,ERR,ERR,ERR,ERR,ERR,ERR,ERR,ERR,ERR,ERR,ERR,ERR,ERR,ERR,ERR,ERR,ERR,ERR,-107615288.0,-0.0,-134474944.0,0.0,0.0,1.3936040501711995e+18,7.805,0.0,0,0,4,0,8422,0.0,45,0.0,0.0,0.0,0.0,0.0,0,0,0,0,0.0,0,0,0,0,0,0,0,0,0,0,0,0,0,0,0,0,0,0,0,0,0,0,0,0,0,0,0,0,0,0,0,0,0,38,14,7,45,65476,0,300,0,0,8,21553,0.0,-107605600.0,0.0,0.0,0.0,0.0,0.0,0.0,0.0,0.0,0.0,0.0,0.0,0.0,0.0,0.0,0.0,0.0,0.0,0.0,0.0,0.0,-2.004,-2.004,2.004,-2.004,0.0,0.0,0.0,0.0,5016.0,1.5879293531142762e+29,0.0,-107615288.0,-0.0,-0.0,0.0,0.0,0.0,0.0,0.0,53,-0.0,1.9056859227671757e+17,0.0,0.0,0.0,0.0,0.0,0.0,0.0,0,0,0,0.0,0.0,0.0,0.0,0.0,0.0,0.0,0.0,0.0,0.0,0.0,0.0,0.0,0.0,0.0,0.0,0,-107875648.0,53,0.0,106,-107614832.0,-0.0,ERR,ERR,ERR,ERR,ERR,ERR,ERR,ERR,ERR,ERR,ERR,ERR,ERR,ERR,ERR,ERR,ERR,ERR,ERR,ERR,ERR,ERR,ERR,ERR,ERR,ERR,ERR,ERR,ERR,ERR,ERR,ERR,ERR,ERR,ERR,ERR,ERR,ERR,ERR,ERR,ERR,ERR,ERR,ERR,ERR,ERR,ERR,ERR,ERR,ERR,ERR,ERR,ERR,ERR,ERR,ERR,ERR,ERR,ERR,ERR,ERR,ERR,ERR,ERR,ERR,ERR,ERR,50.0,60.0,100,0.0,0.0,0.0,0.0,0.0,0.0,0.0,0.0,0.0,0.0,0.0,0.0,0.0,0.0,0.0,0.0,61.6,75,13,65511,50,65476,0,300,0,0,8,20529,65476,0,0,26214,60.0,0.0,0.0,0.0,0.0,0.0
2026-05-17T18:01:23,ERR,ERR,ERR,ERR,ERR,ERR,ERR,ERR,ERR,ERR,ERR,ERR,ERR,ERR,ERR,ERR,ERR,ERR,ERR,ERR,ERR,ERR,ERR,ERR,ERR,ERR,ERR,ERR,ERR,ERR,ERR,ERR,ERR,ERR,ERR,ERR,ERR,ERR,ERR,ERR,ERR,ERR,ERR,ERR,ERR,ERR,ERR,ERR,ERR,ERR,ERR,ERR,ERR,ERR,ERR,ERR,ERR,ERR,ERR,ERR,ERR,ERR,ERR,ERR,ERR,ERR,ERR,ERR,ERR,ERR,ERR,ERR,ERR,ERR,ERR,ERR,ERR,ERR,ERR,ERR,ERR,ERR,ERR,ERR,ERR,ERR,ERR,ERR,ERR,ERR,ERR,ERR,ERR,ERR,ERR,ERR,ERR,ERR,ERR,ERR,ERR,ERR,ERR,ERR,ERR,ERR,ERR,ERR,ERR,ERR,ERR,ERR,ERR,ERR,ERR,ERR,ERR,ERR,ERR,ERR,ERR,ERR,ERR,ERR,ERR,-107615288.0,-0.0,-134474944.0,0.0,0.0,1.3936040501711995e+18,7.805,0.0,0,0,4,0,8422,0.0,45,0.0,0.0,0.0,0.0,0.0,0,0,0,0,0.0,0,0,0,0,0,0,0,0,0,0,0,0,0,0,0,0,0,0,0,0,0,0,0,0,0,0,0,0,0,0,0,0,0,38,14,7,45,65476,0,300,0,0,8,21553,0.0,-107605600.0,0.0,0.0,0.0,0.0,0.0,0.0,0.0,0.0,0.0,0.0,0.0,0.0,0.0,0.0,0.0,0.0,0.0,0.0,0.0,0.0,-2.004,-2.004,2.004,-2.004,0.0,0.0,0.0,0.0,5020.0,-0.0,0.0,-107615288.0,-0.0,-0.0,0.0,0.0,0.0,0.0,0.0,53,-0.0,5.848055683159391e+35,0.0,0.0,0.0,0.0,0.0,0.0,0.0,0,0,0,0.0,0.0,0.0,0.0,0.0,0.0,0.0,0.0,0.0,0.0,0.0,0.0,0.0,0.0,0.0,0.0,0,-107875648.0,53,0.0,106,-107614832.0,-0.0,ERR,ERR,ERR,ERR,ERR,ERR,ERR,ERR,ERR,ERR,ERR,ERR,ERR,ERR,ERR,ERR,ERR,ERR,ERR,ERR,ERR,ERR,ERR,ERR,ERR,ERR,ERR,ERR,ERR,ERR,ERR,ERR,ERR,ERR,ERR,ERR,ERR,ERR,ERR,ERR,ERR,ERR,ERR,ERR,ERR,ERR,ERR,ERR,ERR,ERR,ERR,ERR,ERR,ERR,ERR,ERR,ERR,ERR,ERR,ERR,ERR,ERR,ERR,ERR,ERR,ERR,ERR,50.0,60.0,100,0.0,0.0,0.0,0.0,0.0,0.0,0.0,0.0,0.0,0.0,0.0,0.0,0.0,0.0,0.0,0.0,61.6,75,13,65511,50,65476,0,300,0,0,8,20529,65476,0,0,26214,60.0,0.0,0.0,0.0,0.0,0.0
2026-05-17T18:01:24,ERR,ERR,ERR,ERR,ERR,ERR,ERR,ERR,ERR,ERR,ERR,ERR,ERR,ERR,ERR,ERR,ERR,ERR,ERR,ERR,ERR,ERR,ERR,ERR,ERR,ERR,ERR,ERR,ERR,ERR,ERR,ERR,ERR,ERR,ERR,ERR,ERR,ERR,ERR,ERR,ERR,ERR,ERR,ERR,ERR,ERR,ERR,ERR,ERR,ERR,ERR,ERR,ERR,ERR,ERR,ERR,ERR,ERR,ERR,ERR,ERR,ERR,ERR,ERR,ERR,ERR,ERR,ERR,ERR,ERR,ERR,ERR,ERR,ERR,ERR,ERR,ERR,ERR,ERR,ERR,ERR,ERR,ERR,ERR,ERR,ERR,ERR,ERR,ERR,ERR,ERR,ERR,ERR,ERR,ERR,ERR,ERR,ERR,ERR,ERR,ERR,ERR,ERR,ERR,ERR,ERR,ERR,ERR,ERR,ERR,ERR,ERR,ERR,ERR,ERR,ERR,ERR,ERR,ERR,ERR,ERR,ERR,ERR,ERR,ERR,-107615288.0,-0.0,-134474944.0,0.0,0.0,1.3936040501711995e+18,7.805,0.0,0,0,4,0,8422,0.0,45,0.0,0.0,0.0,0.0,0.0,0,0,0,0,0.0,0,0,0,0,0,0,0,0,0,0,0,0,0,0,0,0,0,0,0,0,0,0,0,0,0,0,0,0,0,0,0,0,0,38,14,7,45,65476,0,300,0,0,8,21553,0.0,-107605600.0,0.0,0.0,0.0,0.0,0.0,0.0,0.0,0.0,0.0,0.0,0.0,0.0,0.0,0.0,0.0,0.0,0.0,0.0,0.0,0.0,-2.004,-2.004,2.004,-2.004,0.0,0.0,0.0,0.0,5020.0,-0.0,0.0,-107615288.0,-0.0,-0.0,0.0,0.0,0.0,0.0,0.0,53,-0.0,5.848055683159391e+35,0.0,0.0,0.0,0.0,0.0,0.0,0.0,0,0,0,0.0,0.0,0.0,0.0,0.0,0.0,0.0,0.0,0.0,0.0,0.0,0.0,0.0,0.0,0.0,0.0,0,-107875648.0,53,0.0,106,-107614832.0,-0.0,ERR,ERR,ERR,ERR,ERR,ERR,ERR,ERR,ERR,ERR,ERR,ERR,ERR,ERR,ERR,ERR,ERR,ERR,ERR,ERR,ERR,ERR,ERR,ERR,ERR,ERR,ERR,ERR,ERR,ERR,ERR,ERR,ERR,ERR,ERR,ERR,ERR,ERR,ERR,ERR,ERR,ERR,ERR,ERR,ERR,ERR,ERR,ERR,ERR,ERR,ERR,ERR,ERR,ERR,ERR,ERR,ERR,ERR,ERR,ERR,ERR,ERR,ERR,ERR,ERR,ERR,ERR,50.0,60.0,100,0.0,0.0,0.0,0.0,0.0,0.0,0.0,0.0,0.0,0.0,0.0,0.0,0.0,0.0,0.0,0.0,61.6,75,13,65511,50,65476,0,300,0,0,8,20529,65476,0,0,26214,60.0,0.0,0.0,0.0,0.0,0.0
2026-05-17T18:01:25,ERR,ERR,ERR,ERR,ERR,ERR,ERR,ERR,ERR,ERR,ERR,ERR,ERR,ERR,ERR,ERR,ERR,ERR,ERR,ERR,ERR,ERR,ERR,ERR,ERR,ERR,ERR,ERR,ERR,ERR,ERR,ERR,ERR,ERR,ERR,ERR,ERR,ERR,ERR,ERR,ERR,ERR,ERR,ERR,ERR,ERR,ERR,ERR,ERR,ERR,ERR,ERR,ERR,ERR,ERR,ERR,ERR,ERR,ERR,ERR,ERR,ERR,ERR,ERR,ERR,ERR,ERR,ERR,ERR,ERR,ERR,ERR,ERR,ERR,ERR,ERR,ERR,ERR,ERR,ERR,ERR,ERR,ERR,ERR,ERR,ERR,ERR,ERR,ERR,ERR,ERR,ERR,ERR,ERR,ERR,ERR,ERR,ERR,ERR,ERR,ERR,ERR,ERR,ERR,ERR,ERR,ERR,ERR,ERR,ERR,ERR,ERR,ERR,ERR,ERR,ERR,ERR,ERR,ERR,ERR,ERR,ERR,ERR,ERR,ERR,-107615288.0,-0.0,-134474944.0,0.0,0.0,1.3936040501711995e+18,7.805,0.0,0,0,4,0,8422,0.0,45,0.0,0.0,0.0,0.0,0.0,0,0,0,0,0.0,0,0,0,0,0,0,0,0,0,0,0,0,0,0,0,0,0,0,0,0,0,0,0,0,0,0,0,0,0,0,0,0,0,38,14,7,45,65476,0,300,0,0,8,21553,0.0,-107605600.0,0.0,0.0,0.0,0.0,0.0,0.0,0.0,0.0,0.0,0.0,0.0,0.0,0.0,0.0,0.0,0.0,0.0,0.0,0.0,0.0,-2.004,-2.004,2.004,-2.004,0.0,0.0,0.0,0.0,5020.0,-0.0,0.0,-107615288.0,-0.0,-0.0,0.0,0.0,0.0,0.0,0.0,53,-0.0,5.848055683159391e+35,0.0,0.0,0.0,0.0,0.0,0.0,0.0,0,0,0,0.0,0.0,0.0,0.0,0.0,0.0,0.0,0.0,0.0,0.0,0.0,0.0,0.0,0.0,0.0,0.0,0,-107875648.0,53,0.0,106,-107614832.0,-0.0,ERR,ERR,ERR,ERR,ERR,ERR,ERR,ERR,ERR,ERR,ERR,ERR,ERR,ERR,ERR,ERR,ERR,ERR,ERR,ERR,ERR,ERR,ERR,ERR,ERR,ERR,ERR,ERR,ERR,ERR,ERR,ERR,ERR,ERR,ERR,ERR,ERR,ERR,ERR,ERR,ERR,ERR,ERR,ERR,ERR,ERR,ERR,ERR,ERR,ERR,ERR,ERR,ERR,ERR,ERR,ERR,ERR,ERR,ERR,ERR,ERR,ERR,ERR,ERR,ERR,ERR,ERR,50.0,60.0,100,0.0,0.0,0.0,0.0,0.0,0.0,0.0,0.0,0.0,0.0,0.0,0.0,0.0,0.0,0.0,0.0,61.6,75,13,65511,50,65476,0,300,0,0,8,20529,65476,0,0,26214,60.0,0.0,0.0,0.0,0.0,0.0
2026-05-17T18:01:26,ERR,ERR,ERR,ERR,ERR,ERR,ERR,ERR,ERR,ERR,ERR,ERR,ERR,ERR,ERR,ERR,ERR,ERR,ERR,ERR,ERR,ERR,ERR,ERR,ERR,ERR,ERR,ERR,ERR,ERR,ERR,ERR,ERR,ERR,ERR,ERR,ERR,ERR,ERR,ERR,ERR,ERR,ERR,ERR,ERR,ERR,ERR,ERR,ERR,ERR,ERR,ERR,ERR,ERR,ERR,ERR,ERR,ERR,ERR,ERR,ERR,ERR,ERR,ERR,ERR,ERR,ERR,ERR,ERR,ERR,ERR,ERR,ERR,ERR,ERR,ERR,ERR,ERR,ERR,ERR,ERR,ERR,ERR,ERR,ERR,ERR,ERR,ERR,ERR,ERR,ERR,ERR,ERR,ERR,ERR,ERR,ERR,ERR,ERR,ERR,ERR,ERR,ERR,ERR,ERR,ERR,ERR,ERR,ERR,ERR,ERR,ERR,ERR,ERR,ERR,ERR,ERR,ERR,ERR,ERR,ERR,ERR,ERR,ERR,ERR,-107615288.0,-0.0,-134474944.0,0.0,0.0,1.3936040501711995e+18,7.805,0.0,0,0,4,0,8422,0.0,45,0.0,0.0,0.0,0.0,0.0,0,0,0,0,0.0,0,0,0,0,0,0,0,0,0,0,0,0,0,0,0,0,0,0,0,0,0,0,0,0,0,0,0,0,0,0,0,0,0,38,14,7,45,65476,0,300,0,0,8,21553,0.0,-107605600.0,0.0,0.0,0.0,0.0,0.0,0.0,0.0,0.0,0.0,0.0,0.0,0.0,0.0,0.0,0.0,0.0,0.0,0.0,0.0,0.0,-2.004,-2.004,2.004,-2.004,0.0,0.0,0.0,0.0,5020.0,-0.0,0.0,-107615288.0,-0.0,-0.0,0.0,0.0,0.0,0.0,0.0,53,-0.0,5.848055683159391e+35,0.0,0.0,0.0,0.0,0.0,0.0,0.0,0,0,0,0.0,0.0,0.0,0.0,0.0,0.0,0.0,0.0,0.0,0.0,0.0,0.0,0.0,0.0,0.0,0.0,0,-107875648.0,53,0.0,106,-107614832.0,-0.0,ERR,ERR,ERR,ERR,ERR,ERR,ERR,ERR,ERR,ERR,ERR,ERR,ERR,ERR,ERR,ERR,ERR,ERR,ERR,ERR,ERR,ERR,ERR,ERR,ERR,ERR,ERR,ERR,ERR,ERR,ERR,ERR,ERR,ERR,ERR,ERR,ERR,ERR,ERR,ERR,ERR,ERR,ERR,ERR,ERR,ERR,ERR,ERR,ERR,ERR,ERR,ERR,ERR,ERR,ERR,ERR,ERR,ERR,ERR,ERR,ERR,ERR,ERR,ERR,ERR,ERR,ERR,50.0,60.0,100,0.0,0.0,0.0,0.0,0.0,0.0,0.0,0.0,0.0,0.0,0.0,0.0,0.0,0.0,0.0,0.0,61.6,75,13,65511,50,65476,0,300,0,0,8,20529,65476,0,0,26214,60.0,0.0,0.0,0.0,0.0,0.0
2026-05-17T18:01:27,ERR,ERR,ERR,ERR,ERR,ERR,ERR,ERR,ERR,ERR,ERR,ERR,ERR,ERR,ERR,ERR,ERR,ERR,ERR,ERR,ERR,ERR,ERR,ERR,ERR,ERR,ERR,ERR,ERR,ERR,ERR,ERR,ERR,ERR,ERR,ERR,ERR,ERR,ERR,ERR,ERR,ERR,ERR,ERR,ERR,ERR,ERR,ERR,ERR,ERR,ERR,ERR,ERR,ERR,ERR,ERR,ERR,ERR,ERR,ERR,ERR,ERR,ERR,ERR,ERR,ERR,ERR,ERR,ERR,ERR,ERR,ERR,ERR,ERR,ERR,ERR,ERR,ERR,ERR,ERR,ERR,ERR,ERR,ERR,ERR,ERR,ERR,ERR,ERR,ERR,ERR,ERR,ERR,ERR,ERR,ERR,ERR,ERR,ERR,ERR,ERR,ERR,ERR,ERR,ERR,ERR,ERR,ERR,ERR,ERR,ERR,ERR,ERR,ERR,ERR,ERR,ERR,ERR,ERR,ERR,ERR,ERR,ERR,ERR,ERR,-107615288.0,-0.0,-134474944.0,0.0,0.0,1.3936040501711995e+18,7.805,0.0,0,0,4,0,8422,0.0,45,0.0,0.0,0.0,0.0,0.0,0,0,0,0,0.0,0,0,0,0,0,0,0,0,0,0,0,0,0,0,0,0,0,0,0,0,0,0,0,0,0,0,0,0,0,0,0,0,0,38,14,7,45,65476,0,300,0,0,8,21553,0.0,-107605600.0,0.0,0.0,0.0,0.0,0.0,0.0,0.0,0.0,0.0,0.0,0.0,0.0,0.0,0.0,0.0,0.0,0.0,0.0,0.0,0.0,-2.004,-2.004,2.004,-2.004,0.0,0.0,0.0,0.0,5020.0,-0.0,0.0,-107615288.0,-0.0,-0.0,0.0,0.0,0.0,0.0,0.0,53,-0.0,5.848055683159391e+35,0.0,0.0,0.0,0.0,0.0,0.0,0.0,0,0,0,0.0,0.0,0.0,0.0,0.0,0.0,0.0,0.0,0.0,0.0,0.0,0.0,0.0,0.0,0.0,0.0,0,-107875648.0,53,0.0,106,-107614832.0,-0.0,ERR,ERR,ERR,ERR,ERR,ERR,ERR,ERR,ERR,ERR,ERR,ERR,ERR,ERR,ERR,ERR,ERR,ERR,ERR,ERR,ERR,ERR,ERR,ERR,ERR,ERR,ERR,ERR,ERR,ERR,ERR,ERR,ERR,ERR,ERR,ERR,ERR,ERR,ERR,ERR,ERR,ERR,ERR,ERR,ERR,ERR,ERR,ERR,ERR,ERR,ERR,ERR,ERR,ERR,ERR,ERR,ERR,ERR,ERR,ERR,ERR,ERR,ERR,ERR,ERR,ERR,ERR,50.0,60.0,100,0.0,0.0,0.0,0.0,0.0,0.0,0.0,0.0,0.0,0.0,0.0,0.0,0.0,0.0,0.0,0.0,61.6,75,13,65511,50,65476,0,300,0,0,8,20529,65476,0,0,26214,60.0,0.0,0.0,0.0,0.0,0.0
2026-05-17T18:01:28,ERR,ERR,ERR,ERR,ERR,ERR,ERR,ERR,ERR,ERR,ERR,ERR,ERR,ERR,ERR,ERR,ERR,ERR,ERR,ERR,ERR,ERR,ERR,ERR,ERR,ERR,ERR,ERR,ERR,ERR,ERR,ERR,ERR,ERR,ERR,ERR,ERR,ERR,ERR,ERR,ERR,ERR,ERR,ERR,ERR,ERR,ERR,ERR,ERR,ERR,ERR,ERR,ERR,ERR,ERR,ERR,ERR,ERR,ERR,ERR,ERR,ERR,ERR,ERR,ERR,ERR,ERR,ERR,ERR,ERR,ERR,ERR,ERR,ERR,ERR,ERR,ERR,ERR,ERR,ERR,ERR,ERR,ERR,ERR,ERR,ERR,ERR,ERR,ERR,ERR,ERR,ERR,ERR,ERR,ERR,ERR,ERR,ERR,ERR,ERR,ERR,ERR,ERR,ERR,ERR,ERR,ERR,ERR,ERR,ERR,ERR,ERR,ERR,ERR,ERR,ERR,ERR,ERR,ERR,ERR,ERR,ERR,ERR,ERR,ERR,-107615288.0,-0.0,-134474944.0,0.0,0.0,1.3936040501711995e+18,7.805,0.0,0,0,4,0,8422,0.0,45,0.0,0.0,0.0,0.0,0.0,0,0,0,0,0.0,0,0,0,0,0,0,0,0,0,0,0,0,0,0,0,0,0,0,0,0,0,0,0,0,0,0,0,0,0,0,0,0,0,38,14,7,45,65476,0,300,0,0,8,21553,0.0,-107605600.0,0.0,0.0,0.0,0.0,0.0,0.0,0.0,0.0,0.0,0.0,0.0,0.0,0.0,0.0,0.0,0.0,0.0,0.0,0.0,0.0,-2.004,-2.004,2.004,-2.004,0.0,0.0,0.0,0.0,4993.0,-0.0,0.0,-107615288.0,-0.0,-0.0,0.0,0.0,0.0,0.0,0.0,53,-89221.109,-0.0,0.0,0.0,0.0,0.0,0.0,0.0,0.0,0,0,0,0.0,0.0,0.0,0.0,0.0,0.0,0.0,0.0,0.0,0.0,0.0,0.0,0.0,0.0,0.0,0.0,0,-107875648.0,53,0.0,106,-107614832.0,0.0,ERR,ERR,ERR,ERR,ERR,ERR,ERR,ERR,ERR,ERR,ERR,ERR,ERR,ERR,ERR,ERR,ERR,ERR,ERR,ERR,ERR,ERR,ERR,ERR,ERR,ERR,ERR,ERR,ERR,ERR,ERR,ERR,ERR,ERR,ERR,ERR,ERR,ERR,ERR,ERR,ERR,ERR,ERR,ERR,ERR,ERR,ERR,ERR,ERR,ERR,ERR,ERR,ERR,ERR,ERR,ERR,ERR,ERR,ERR,ERR,ERR,ERR,ERR,ERR,ERR,ERR,ERR,50.0,60.0,100,0.0,0.0,0.0,0.0,0.0,0.0,0.0,0.0,0.0,0.0,0.0,0.0,0.0,0.0,0.0,0.0,61.6,75,13,65511,50,65476,0,300,0,0,8,20529,65476,0,0,26214,60.0,0.0,0.0,0.0,0.0,0.0
2026-05-17T18:01:29,ERR,ERR,ERR,ERR,ERR,ERR,ERR,ERR,ERR,ERR,ERR,ERR,ERR,ERR,ERR,ERR,ERR,ERR,ERR,ERR,ERR,ERR,ERR,ERR,ERR,ERR,ERR,ERR,ERR,ERR,ERR,ERR,ERR,ERR,ERR,ERR,ERR,ERR,ERR,ERR,ERR,ERR,ERR,ERR,ERR,ERR,ERR,ERR,ERR,ERR,ERR,ERR,ERR,ERR,ERR,ERR,ERR,ERR,ERR,ERR,ERR,ERR,ERR,ERR,ERR,ERR,ERR,ERR,ERR,ERR,ERR,ERR,ERR,ERR,ERR,ERR,ERR,ERR,ERR,ERR,ERR,ERR,ERR,ERR,ERR,ERR,ERR,ERR,ERR,ERR,ERR,ERR,ERR,ERR,ERR,ERR,ERR,ERR,ERR,ERR,ERR,ERR,ERR,ERR,ERR,ERR,ERR,ERR,ERR,ERR,ERR,ERR,ERR,ERR,ERR,ERR,ERR,ERR,ERR,ERR,ERR,ERR,ERR,ERR,ERR,-107615288.0,-0.0,-134474944.0,0.0,0.0,1.3936040501711995e+18,7.805,0.0,0,0,4,0,8422,0.0,45,0.0,0.0,0.0,0.0,0.0,0,0,0,0,0.0,0,0,0,0,0,0,0,0,0,0,0,0,0,0,0,0,0,0,0,0,0,0,0,0,0,0,0,0,0,0,0,0,0,38,14,7,45,65476,0,300,0,0,8,21553,0.0,-107605600.0,0.0,0.0,0.0,0.0,0.0,0.0,0.0,0.0,0.0,0.0,0.0,0.0,0.0,0.0,0.0,0.0,0.0,0.0,0.0,0.0,-2.004,-2.004,2.004,-2.004,0.0,0.0,0.0,0.0,4993.0,-0.0,0.0,-107615288.0,-0.0,-0.0,0.0,0.0,0.0,0.0,0.0,53,-89221.109,-0.0,0.0,0.0,0.0,0.0,0.0,0.0,0.0,0,0,0,0.0,0.0,0.0,0.0,0.0,0.0,0.0,0.0,0.0,0.0,0.0,0.0,0.0,0.0,0.0,0.0,0,-107875648.0,53,0.0,106,-107614832.0,0.0,ERR,ERR,ERR,ERR,ERR,ERR,ERR,ERR,ERR,ERR,ERR,ERR,ERR,ERR,ERR,ERR,ERR,ERR,ERR,ERR,ERR,ERR,ERR,ERR,ERR,ERR,ERR,ERR,ERR,ERR,ERR,ERR,ERR,ERR,ERR,ERR,ERR,ERR,ERR,ERR,ERR,ERR,ERR,ERR,ERR,ERR,ERR,ERR,ERR,ERR,ERR,ERR,ERR,ERR,ERR,ERR,ERR,ERR,ERR,ERR,ERR,ERR,ERR,ERR,ERR,ERR,ERR,50.0,60.0,100,0.0,0.0,0.0,0.0,0.0,0.0,0.0,0.0,0.0,0.0,0.0,0.0,0.0,0.0,0.0,0.0,61.6,75,13,65511,50,65476,0,300,0,0,8,20529,65476,0,0,26214,60.0,0.0,0.0,0.0,0.0,0.0
2026-05-17T18:01:30,ERR,ERR,ERR,ERR,ERR,ERR,ERR,ERR,ERR,ERR,ERR,ERR,ERR,ERR,ERR,ERR,ERR,ERR,ERR,ERR,ERR,ERR,ERR,ERR,ERR,ERR,ERR,ERR,ERR,ERR,ERR,ERR,ERR,ERR,ERR,ERR,ERR,ERR,ERR,ERR,ERR,ERR,ERR,ERR,ERR,ERR,ERR,ERR,ERR,ERR,ERR,ERR,ERR,ERR,ERR,ERR,ERR,ERR,ERR,ERR,ERR,ERR,ERR,ERR,ERR,ERR,ERR,ERR,ERR,ERR,ERR,ERR,ERR,ERR,ERR,ERR,ERR,ERR,ERR,ERR,ERR,ERR,ERR,ERR,ERR,ERR,ERR,ERR,ERR,ERR,ERR,ERR,ERR,ERR,ERR,ERR,ERR,ERR,ERR,ERR,ERR,ERR,ERR,ERR,ERR,ERR,ERR,ERR,ERR,ERR,ERR,ERR,ERR,ERR,ERR,ERR,ERR,ERR,ERR,ERR,ERR,ERR,ERR,ERR,ERR,-107615288.0,-0.0,-134474944.0,0.0,0.0,1.3936040501711995e+18,7.805,0.0,0,0,4,0,8422,0.0,45,0.0,0.0,0.0,0.0,0.0,0,0,0,0,0.0,0,0,0,0,0,0,0,0,0,0,0,0,0,0,0,0,0,0,0,0,0,0,0,0,0,0,0,0,0,0,0,0,0,38,14,7,45,65476,0,300,0,0,8,21553,0.0,-107605600.0,0.0,0.0,0.0,0.0,0.0,0.0,0.0,0.0,0.0,0.0,0.0,0.0,0.0,0.0,0.0,0.0,0.0,0.0,0.0,0.0,-2.004,-2.004,2.004,-2.004,0.0,0.0,0.0,0.0,4993.0,-0.0,0.0,-107615288.0,-0.0,-0.0,0.0,0.0,0.0,0.0,0.0,53,-89221.109,-0.0,0.0,0.0,0.0,0.0,0.0,0.0,0.0,0,0,0,0.0,0.0,0.0,0.0,0.0,0.0,0.0,0.0,0.0,0.0,0.0,0.0,0.0,0.0,0.0,0.0,0,-107875648.0,53,0.0,106,-107614832.0,0.0,ERR,ERR,ERR,ERR,ERR,ERR,ERR,ERR,ERR,ERR,ERR,ERR,ERR,ERR,ERR,ERR,ERR,ERR,ERR,ERR,ERR,ERR,ERR,ERR,ERR,ERR,ERR,ERR,ERR,ERR,ERR,ERR,ERR,ERR,ERR,ERR,ERR,ERR,ERR,ERR,ERR,ERR,ERR,ERR,ERR,ERR,ERR,ERR,ERR,ERR,ERR,ERR,ERR,ERR,ERR,ERR,ERR,ERR,ERR,ERR,ERR,ERR,ERR,ERR,ERR,ERR,ERR,50.0,60.0,100,0.0,0.0,0.0,0.0,0.0,0.0,0.0,0.0,0.0,0.0,0.0,0.0,0.0,0.0,0.0,0.0,61.6,75,13,65511,50,65476,0,300,0,0,8,20529,65476,0,0,26214,60.0,0.0,0.0,0.0,0.0,0.0
2026-05-17T18:01:31,ERR,ERR,ERR,ERR,ERR,ERR,ERR,ERR,ERR,ERR,ERR,ERR,ERR,ERR,ERR,ERR,ERR,ERR,ERR,ERR,ERR,ERR,ERR,ERR,ERR,ERR,ERR,ERR,ERR,ERR,ERR,ERR,ERR,ERR,ERR,ERR,ERR,ERR,ERR,ERR,ERR,ERR,ERR,ERR,ERR,ERR,ERR,ERR,ERR,ERR,ERR,ERR,ERR,ERR,ERR,ERR,ERR,ERR,ERR,ERR,ERR,ERR,ERR,ERR,ERR,ERR,ERR,ERR,ERR,ERR,ERR,ERR,ERR,ERR,ERR,ERR,ERR,ERR,ERR,ERR,ERR,ERR,ERR,ERR,ERR,ERR,ERR,ERR,ERR,ERR,ERR,ERR,ERR,ERR,ERR,ERR,ERR,ERR,ERR,ERR,ERR,ERR,ERR,ERR,ERR,ERR,ERR,ERR,ERR,ERR,ERR,ERR,ERR,ERR,ERR,ERR,ERR,ERR,ERR,ERR,ERR,ERR,ERR,ERR,ERR,-107615288.0,-0.0,-134474944.0,0.0,0.0,1.3936040501711995e+18,7.805,0.0,0,0,4,0,8422,0.0,45,0.0,0.0,0.0,0.0,0.0,0,0,0,0,0.0,0,0,0,0,0,0,0,0,0,0,0,0,0,0,0,0,0,0,0,0,0,0,0,0,0,0,0,0,0,0,0,0,0,38,14,7,45,65476,0,300,0,0,8,21553,0.0,-107605600.0,0.0,0.0,0.0,0.0,0.0,0.0,0.0,0.0,0.0,0.0,0.0,0.0,0.0,0.0,0.0,0.0,0.0,0.0,0.0,0.0,-2.004,-2.004,2.004,-2.004,0.0,0.0,0.0,0.0,4993.0,-0.0,0.0,-107615288.0,-0.0,-0.0,0.0,0.0,0.0,0.0,0.0,53,-89221.109,-0.0,0.0,0.0,0.0,0.0,0.0,0.0,0.0,0,0,0,0.0,0.0,0.0,0.0,0.0,0.0,0.0,0.0,0.0,0.0,0.0,0.0,0.0,0.0,0.0,0.0,0,-107875648.0,53,0.0,106,-107614832.0,0.0,ERR,ERR,ERR,ERR,ERR,ERR,ERR,ERR,ERR,ERR,ERR,ERR,ERR,ERR,ERR,ERR,ERR,ERR,ERR,ERR,ERR,ERR,ERR,ERR,ERR,ERR,ERR,ERR,ERR,ERR,ERR,ERR,ERR,ERR,ERR,ERR,ERR,ERR,ERR,ERR,ERR,ERR,ERR,ERR,ERR,ERR,ERR,ERR,ERR,ERR,ERR,ERR,ERR,ERR,ERR,ERR,ERR,ERR,ERR,ERR,ERR,ERR,ERR,ERR,ERR,ERR,ERR,50.0,60.0,100,0.0,0.0,0.0,0.0,0.0,0.0,0.0,0.0,0.0,0.0,0.0,0.0,0.0,0.0,0.0,0.0,61.6,75,13,65511,50,65476,0,300,0,0,8,20529,65476,0,0,26214,60.0,0.0,0.0,0.0,0.0,0.0
2026-05-17T18:01:32,ERR,ERR,ERR,ERR,ERR,ERR,ERR,ERR,ERR,ERR,ERR,ERR,ERR,ERR,ERR,ERR,ERR,ERR,ERR,ERR,ERR,ERR,ERR,ERR,ERR,ERR,ERR,ERR,ERR,ERR,ERR,ERR,ERR,ERR,ERR,ERR,ERR,ERR,ERR,ERR,ERR,ERR,ERR,ERR,ERR,ERR,ERR,ERR,ERR,ERR,ERR,ERR,ERR,ERR,ERR,ERR,ERR,ERR,ERR,ERR,ERR,ERR,ERR,ERR,ERR,ERR,ERR,ERR,ERR,ERR,ERR,ERR,ERR,ERR,ERR,ERR,ERR,ERR,ERR,ERR,ERR,ERR,ERR,ERR,ERR,ERR,ERR,ERR,ERR,ERR,ERR,ERR,ERR,ERR,ERR,ERR,ERR,ERR,ERR,ERR,ERR,ERR,ERR,ERR,ERR,ERR,ERR,ERR,ERR,ERR,ERR,ERR,ERR,ERR,ERR,ERR,ERR,ERR,ERR,ERR,ERR,ERR,ERR,ERR,ERR,-107615288.0,-0.0,-134474944.0,0.0,0.0,1.3936040501711995e+18,7.805,0.0,0,0,4,0,8422,0.0,45,0.0,0.0,0.0,0.0,0.0,0,0,0,0,0.0,0,0,0,0,0,0,0,0,0,0,0,0,0,0,0,0,0,0,0,0,0,0,0,0,0,0,0,0,0,0,0,0,0,38,14,7,45,65476,0,300,0,0,8,21553,0.0,-107605600.0,0.0,0.0,0.0,0.0,0.0,0.0,0.0,0.0,0.0,0.0,0.0,0.0,0.0,0.0,0.0,0.0,0.0,0.0,0.0,0.0,-2.004,-2.004,2.004,-2.004,0.0,0.0,0.0,0.0,4993.0,-0.0,0.0,-107615288.0,-0.0,-0.0,0.0,0.0,0.0,0.0,0.0,53,-89221.109,-0.0,0.0,0.0,0.0,0.0,0.0,0.0,0.0,0,0,0,0.0,0.0,0.0,0.0,0.0,0.0,0.0,0.0,0.0,0.0,0.0,0.0,0.0,0.0,0.0,0.0,0,-107875648.0,53,0.0,106,-107614832.0,0.0,ERR,ERR,ERR,ERR,ERR,ERR,ERR,ERR,ERR,ERR,ERR,ERR,ERR,ERR,ERR,ERR,ERR,ERR,ERR,ERR,ERR,ERR,ERR,ERR,ERR,ERR,ERR,ERR,ERR,ERR,ERR,ERR,ERR,ERR,ERR,ERR,ERR,ERR,ERR,ERR,ERR,ERR,ERR,ERR,ERR,ERR,ERR,ERR,ERR,ERR,ERR,ERR,ERR,ERR,ERR,ERR,ERR,ERR,ERR,ERR,ERR,ERR,ERR,ERR,ERR,ERR,ERR,50.0,60.0,100,0.0,0.0,0.0,0.0,0.0,0.0,0.0,0.0,0.0,0.0,0.0,0.0,0.0,0.0,0.0,0.0,61.6,75,13,65511,50,65476,0,300,0,0,8,20529,65476,0,0,26214,60.0,0.0,0.0,0.0,0.0,0.0
2026-05-17T18:01:33,ERR,ERR,ERR,ERR,ERR,ERR,ERR,ERR,ERR,ERR,ERR,ERR,ERR,ERR,ERR,ERR,ERR,ERR,ERR,ERR,ERR,ERR,ERR,ERR,ERR,ERR,ERR,ERR,ERR,ERR,ERR,ERR,ERR,ERR,ERR,ERR,ERR,ERR,ERR,ERR,ERR,ERR,ERR,ERR,ERR,ERR,ERR,ERR,ERR,ERR,ERR,ERR,ERR,ERR,ERR,ERR,ERR,ERR,ERR,ERR,ERR,ERR,ERR,ERR,ERR,ERR,ERR,ERR,ERR,ERR,ERR,ERR,ERR,ERR,ERR,ERR,ERR,ERR,ERR,ERR,ERR,ERR,ERR,ERR,ERR,ERR,ERR,ERR,ERR,ERR,ERR,ERR,ERR,ERR,ERR,ERR,ERR,ERR,ERR,ERR,ERR,ERR,ERR,ERR,ERR,ERR,ERR,ERR,ERR,ERR,ERR,ERR,ERR,ERR,ERR,ERR,ERR,ERR,ERR,ERR,ERR,ERR,ERR,ERR,ERR,-107615288.0,-0.0,-134474944.0,0.0,0.0,1.3936040501711995e+18,7.805,0.0,0,0,4,0,8422,0.0,45,0.0,0.0,0.0,0.0,0.0,0,0,0,0,0.0,0,0,0,0,0,0,0,0,0,0,0,0,0,0,0,0,0,0,0,0,0,0,0,0,0,0,0,0,0,0,0,0,0,38,14,7,45,65476,0,300,0,0,8,21553,0.0,-107605600.0,0.0,0.0,0.0,0.0,0.0,0.0,0.0,0.0,0.0,0.0,0.0,0.0,0.0,0.0,0.0,0.0,0.0,0.0,0.0,0.0,-2.004,-2.004,2.004,-2.004,0.0,0.0,0.0,0.0,5019.0,-0.0,0.0,-107615288.0,-0.0,-0.0,0.0,0.0,0.0,0.0,0.0,53,-0.0,-0.0,0.0,0.0,0.0,0.0,0.0,0.0,0.0,0,0,0,0.0,0.0,0.0,0.0,0.0,0.0,0.0,0.0,0.0,0.0,0.0,0.0,0.0,0.0,0.0,0.0,0,-107875648.0,53,0.0,106,-107614832.0,-0.0,ERR,ERR,ERR,ERR,ERR,ERR,ERR,ERR,ERR,ERR,ERR,ERR,ERR,ERR,ERR,ERR,ERR,ERR,ERR,ERR,ERR,ERR,ERR,ERR,ERR,ERR,ERR,ERR,ERR,ERR,ERR,ERR,ERR,ERR,ERR,ERR,ERR,ERR,ERR,ERR,ERR,ERR,ERR,ERR,ERR,ERR,ERR,ERR,ERR,ERR,ERR,ERR,ERR,ERR,ERR,ERR,ERR,ERR,ERR,ERR,ERR,ERR,ERR,ERR,ERR,ERR,ERR,50.0,60.0,100,0.0,0.0,0.0,0.0,0.0,0.0,0.0,0.0,0.0,0.0,0.0,0.0,0.0,0.0,0.0,0.0,61.6,75,13,65511,50,65476,0,300,0,0,8,20529,65476,0,0,26214,60.0,0.0,0.0,0.0,0.0,0.0
2026-05-17T18:01:34,ERR,ERR,ERR,ERR,ERR,ERR,ERR,ERR,ERR,ERR,ERR,ERR,ERR,ERR,ERR,ERR,ERR,ERR,ERR,ERR,ERR,ERR,ERR,ERR,ERR,ERR,ERR,ERR,ERR,ERR,ERR,ERR,ERR,ERR,ERR,ERR,ERR,ERR,ERR,ERR,ERR,ERR,ERR,ERR,ERR,ERR,ERR,ERR,ERR,ERR,ERR,ERR,ERR,ERR,ERR,ERR,ERR,ERR,ERR,ERR,ERR,ERR,ERR,ERR,ERR,ERR,ERR,ERR,ERR,ERR,ERR,ERR,ERR,ERR,ERR,ERR,ERR,ERR,ERR,ERR,ERR,ERR,ERR,ERR,ERR,ERR,ERR,ERR,ERR,ERR,ERR,ERR,ERR,ERR,ERR,ERR,ERR,ERR,ERR,ERR,ERR,ERR,ERR,ERR,ERR,ERR,ERR,ERR,ERR,ERR,ERR,ERR,ERR,ERR,ERR,ERR,ERR,ERR,ERR,ERR,ERR,ERR,ERR,ERR,ERR,-107615288.0,-0.0,-134474944.0,0.0,0.0,1.3936040501711995e+18,7.805,0.0,0,0,4,0,8422,0.0,45,0.0,0.0,0.0,0.0,0.0,0,0,0,0,0.0,0,0,0,0,0,0,0,0,0,0,0,0,0,0,0,0,0,0,0,0,0,0,0,0,0,0,0,0,0,0,0,0,0,38,14,7,45,65476,0,300,0,0,8,21553,0.0,-107605600.0,0.0,0.0,0.0,0.0,0.0,0.0,0.0,0.0,0.0,0.0,0.0,0.0,0.0,0.0,0.0,0.0,0.0,0.0,0.0,0.0,-2.004,-2.004,2.004,-2.004,0.0,0.0,0.0,0.0,5019.0,-0.0,0.0,-107615288.0,-0.0,-0.0,0.0,0.0,0.0,0.0,0.0,53,-0.0,-0.0,0.0,0.0,0.0,0.0,0.0,0.0,0.0,0,0,0,0.0,0.0,0.0,0.0,0.0,0.0,0.0,0.0,0.0,0.0,0.0,0.0,0.0,0.0,0.0,0.0,0,-107875648.0,53,0.0,106,-107614832.0,-0.0,ERR,ERR,ERR,ERR,ERR,ERR,ERR,ERR,ERR,ERR,ERR,ERR,ERR,ERR,ERR,ERR,ERR,ERR,ERR,ERR,ERR,ERR,ERR,ERR,ERR,ERR,ERR,ERR,ERR,ERR,ERR,ERR,ERR,ERR,ERR,ERR,ERR,ERR,ERR,ERR,ERR,ERR,ERR,ERR,ERR,ERR,ERR,ERR,ERR,ERR,ERR,ERR,ERR,ERR,ERR,ERR,ERR,ERR,ERR,ERR,ERR,ERR,ERR,ERR,ERR,ERR,ERR,50.0,60.0,100,0.0,0.0,0.0,0.0,0.0,0.0,0.0,0.0,0.0,0.0,0.0,0.0,0.0,0.0,0.0,0.0,61.6,75,13,65511,50,65476,0,300,0,0,8,20529,65476,0,0,26214,60.0,0.0,0.0,0.0,0.0,0.0
2026-05-17T18:01:35,ERR,ERR,ERR,ERR,ERR,ERR,ERR,ERR,ERR,ERR,ERR,ERR,ERR,ERR,ERR,ERR,ERR,ERR,ERR,ERR,ERR,ERR,ERR,ERR,ERR,ERR,ERR,ERR,ERR,ERR,ERR,ERR,ERR,ERR,ERR,ERR,ERR,ERR,ERR,ERR,ERR,ERR,ERR,ERR,ERR,ERR,ERR,ERR,ERR,ERR,ERR,ERR,ERR,ERR,ERR,ERR,ERR,ERR,ERR,ERR,ERR,ERR,ERR,ERR,ERR,ERR,ERR,ERR,ERR,ERR,ERR,ERR,ERR,ERR,ERR,ERR,ERR,ERR,ERR,ERR,ERR,ERR,ERR,ERR,ERR,ERR,ERR,ERR,ERR,ERR,ERR,ERR,ERR,ERR,ERR,ERR,ERR,ERR,ERR,ERR,ERR,ERR,ERR,ERR,ERR,ERR,ERR,ERR,ERR,ERR,ERR,ERR,ERR,ERR,ERR,ERR,ERR,ERR,ERR,ERR,ERR,ERR,ERR,ERR,ERR,-107615288.0,-0.0,-134474944.0,0.0,0.0,1.3936040501711995e+18,7.805,0.0,0,0,4,0,8422,0.0,45,0.0,0.0,0.0,0.0,0.0,0,0,0,0,0.0,0,0,0,0,0,0,0,0,0,0,0,0,0,0,0,0,0,0,0,0,0,0,0,0,0,0,0,0,0,0,0,0,0,38,14,7,45,65476,0,300,0,0,8,21553,0.0,-107605600.0,0.0,0.0,0.0,0.0,0.0,0.0,0.0,0.0,0.0,0.0,0.0,0.0,0.0,0.0,0.0,0.0,0.0,0.0,0.0,0.0,-2.004,-2.004,2.004,-2.004,0.0,0.0,0.0,0.0,5019.0,-0.0,0.0,-107615288.0,-0.0,-0.0,0.0,0.0,0.0,0.0,0.0,53,-0.0,-0.0,0.0,0.0,0.0,0.0,0.0,0.0,0.0,0,0,0,0.0,0.0,0.0,0.0,0.0,0.0,0.0,0.0,0.0,0.0,0.0,0.0,0.0,0.0,0.0,0.0,0,-107875648.0,53,0.0,106,-107614832.0,-0.0,ERR,ERR,ERR,ERR,ERR,ERR,ERR,ERR,ERR,ERR,ERR,ERR,ERR,ERR,ERR,ERR,ERR,ERR,ERR,ERR,ERR,ERR,ERR,ERR,ERR,ERR,ERR,ERR,ERR,ERR,ERR,ERR,ERR,ERR,ERR,ERR,ERR,ERR,ERR,ERR,ERR,ERR,ERR,ERR,ERR,ERR,ERR,ERR,ERR,ERR,ERR,ERR,ERR,ERR,ERR,ERR,ERR,ERR,ERR,ERR,ERR,ERR,ERR,ERR,ERR,ERR,ERR,50.0,60.0,100,0.0,0.0,0.0,0.0,0.0,0.0,0.0,0.0,0.0,0.0,0.0,0.0,0.0,0.0,0.0,0.0,61.6,75,13,65511,50,65476,0,300,0,0,8,20529,65476,0,0,26214,60.0,0.0,0.0,0.0,0.0,0.0
2026-05-17T18:01:36,ERR,ERR,ERR,ERR,ERR,ERR,ERR,ERR,ERR,ERR,ERR,ERR,ERR,ERR,ERR,ERR,ERR,ERR,ERR,ERR,ERR,ERR,ERR,ERR,ERR,ERR,ERR,ERR,ERR,ERR,ERR,ERR,ERR,ERR,ERR,ERR,ERR,ERR,ERR,ERR,ERR,ERR,ERR,ERR,ERR,ERR,ERR,ERR,ERR,ERR,ERR,ERR,ERR,ERR,ERR,ERR,ERR,ERR,ERR,ERR,ERR,ERR,ERR,ERR,ERR,ERR,ERR,ERR,ERR,ERR,ERR,ERR,ERR,ERR,ERR,ERR,ERR,ERR,ERR,ERR,ERR,ERR,ERR,ERR,ERR,ERR,ERR,ERR,ERR,ERR,ERR,ERR,ERR,ERR,ERR,ERR,ERR,ERR,ERR,ERR,ERR,ERR,ERR,ERR,ERR,ERR,ERR,ERR,ERR,ERR,ERR,ERR,ERR,ERR,ERR,ERR,ERR,ERR,ERR,ERR,ERR,ERR,ERR,ERR,ERR,-107615288.0,-0.0,-134474944.0,0.0,0.0,1.3936040501711995e+18,7.805,0.0,0,0,4,0,8422,0.0,45,0.0,0.0,0.0,0.0,0.0,0,0,0,0,0.0,0,0,0,0,0,0,0,0,0,0,0,0,0,0,0,0,0,0,0,0,0,0,0,0,0,0,0,0,0,0,0,0,0,38,14,7,45,65476,0,300,0,0,8,21553,0.0,-107605600.0,0.0,0.0,0.0,0.0,0.0,0.0,0.0,0.0,0.0,0.0,0.0,0.0,0.0,0.0,0.0,0.0,0.0,0.0,0.0,0.0,-2.004,-2.004,2.004,-2.004,0.0,0.0,0.0,0.0,5019.0,-0.0,0.0,-107615288.0,-0.0,-0.0,0.0,0.0,0.0,0.0,0.0,53,-0.0,-0.0,0.0,0.0,0.0,0.0,0.0,0.0,0.0,0,0,0,0.0,0.0,0.0,0.0,0.0,0.0,0.0,0.0,0.0,0.0,0.0,0.0,0.0,0.0,0.0,0.0,0,-107875648.0,53,0.0,106,-107614832.0,-0.0,ERR,ERR,ERR,ERR,ERR,ERR,ERR,ERR,ERR,ERR,ERR,ERR,ERR,ERR,ERR,ERR,ERR,ERR,ERR,ERR,ERR,ERR,ERR,ERR,ERR,ERR,ERR,ERR,ERR,ERR,ERR,ERR,ERR,ERR,ERR,ERR,ERR,ERR,ERR,ERR,ERR,ERR,ERR,ERR,ERR,ERR,ERR,ERR,ERR,ERR,ERR,ERR,ERR,ERR,ERR,ERR,ERR,ERR,ERR,ERR,ERR,ERR,ERR,ERR,ERR,ERR,ERR,50.0,60.0,100,0.0,0.0,0.0,0.0,0.0,0.0,0.0,0.0,0.0,0.0,0.0,0.0,0.0,0.0,0.0,0.0,61.6,75,13,65511,50,65476,0,300,0,0,8,20529,65476,0,0,26214,60.0,0.0,0.0,0.0,0.0,0.0
2026-05-17T18:01:37,ERR,ERR,ERR,ERR,ERR,ERR,ERR,ERR,ERR,ERR,ERR,ERR,ERR,ERR,ERR,ERR,ERR,ERR,ERR,ERR,ERR,ERR,ERR,ERR,ERR,ERR,ERR,ERR,ERR,ERR,ERR,ERR,ERR,ERR,ERR,ERR,ERR,ERR,ERR,ERR,ERR,ERR,ERR,ERR,ERR,ERR,ERR,ERR,ERR,ERR,ERR,ERR,ERR,ERR,ERR,ERR,ERR,ERR,ERR,ERR,ERR,ERR,ERR,ERR,ERR,ERR,ERR,ERR,ERR,ERR,ERR,ERR,ERR,ERR,ERR,ERR,ERR,ERR,ERR,ERR,ERR,ERR,ERR,ERR,ERR,ERR,ERR,ERR,ERR,ERR,ERR,ERR,ERR,ERR,ERR,ERR,ERR,ERR,ERR,ERR,ERR,ERR,ERR,ERR,ERR,ERR,ERR,ERR,ERR,ERR,ERR,ERR,ERR,ERR,ERR,ERR,ERR,ERR,ERR,ERR,ERR,ERR,ERR,ERR,ERR,-107615288.0,-0.0,-134474944.0,0.0,0.0,1.3936040501711995e+18,7.805,0.0,0,0,4,0,8422,0.0,45,0.0,0.0,0.0,0.0,0.0,0,0,0,0,0.0,0,0,0,0,0,0,0,0,0,0,0,0,0,0,0,0,0,0,0,0,0,0,0,0,0,0,0,0,0,0,0,0,0,38,14,7,45,65476,0,300,0,0,8,21553,0.0,-107605600.0,0.0,0.0,0.0,0.0,0.0,0.0,0.0,0.0,0.0,0.0,0.0,0.0,0.0,0.0,0.0,0.0,0.0,0.0,0.0,0.0,-2.004,-2.004,2.004,-2.004,0.0,0.0,0.0,0.0,5019.0,-0.0,0.0,-107615288.0,-0.0,-0.0,0.0,0.0,0.0,0.0,0.0,53,-0.0,-0.0,0.0,0.0,0.0,0.0,0.0,0.0,0.0,0,0,0,0.0,0.0,0.0,0.0,0.0,0.0,0.0,0.0,0.0,0.0,0.0,0.0,0.0,0.0,0.0,0.0,0,-107875648.0,53,0.0,106,-107614832.0,-0.0,ERR,ERR,ERR,ERR,ERR,ERR,ERR,ERR,ERR,ERR,ERR,ERR,ERR,ERR,ERR,ERR,ERR,ERR,ERR,ERR,ERR,ERR,ERR,ERR,ERR,ERR,ERR,ERR,ERR,ERR,ERR,ERR,ERR,ERR,ERR,ERR,ERR,ERR,ERR,ERR,ERR,ERR,ERR,ERR,ERR,ERR,ERR,ERR,ERR,ERR,ERR,ERR,ERR,ERR,ERR,ERR,ERR,ERR,ERR,ERR,ERR,ERR,ERR,ERR,ERR,ERR,ERR,50.0,60.0,100,0.0,0.0,0.0,0.0,0.0,0.0,0.0,0.0,0.0,0.0,0.0,0.0,0.0,0.0,0.0,0.0,61.6,75,13,65511,50,65476,0,300,0,0,8,20529,65476,0,0,26214,60.0,0.0,0.0,0.0,0.0,0.0
2026-05-17T18:01:38,ERR,ERR,ERR,ERR,ERR,ERR,ERR,ERR,ERR,ERR,ERR,ERR,ERR,ERR,ERR,ERR,ERR,ERR,ERR,ERR,ERR,ERR,ERR,ERR,ERR,ERR,ERR,ERR,ERR,ERR,ERR,ERR,ERR,ERR,ERR,ERR,ERR,ERR,ERR,ERR,ERR,ERR,ERR,ERR,ERR,ERR,ERR,ERR,ERR,ERR,ERR,ERR,ERR,ERR,ERR,ERR,ERR,ERR,ERR,ERR,ERR,ERR,ERR,ERR,ERR,ERR,ERR,ERR,ERR,ERR,ERR,ERR,ERR,ERR,ERR,ERR,ERR,ERR,ERR,ERR,ERR,ERR,ERR,ERR,ERR,ERR,ERR,ERR,ERR,ERR,ERR,ERR,ERR,ERR,ERR,ERR,ERR,ERR,ERR,ERR,ERR,ERR,ERR,ERR,ERR,ERR,ERR,ERR,ERR,ERR,ERR,ERR,ERR,ERR,ERR,ERR,ERR,ERR,ERR,ERR,ERR,ERR,ERR,ERR,ERR,-107615288.0,-0.0,-134474944.0,0.0,0.0,1.3936040501711995e+18,7.805,0.0,0,0,4,0,8422,0.0,45,0.0,0.0,0.0,0.0,0.0,0,0,0,0,0.0,0,0,0,0,0,0,0,0,0,0,0,0,0,0,0,0,0,0,0,0,0,0,0,0,0,0,0,0,0,0,0,0,0,38,14,7,45,65476,0,300,0,0,8,21553,0.0,-107605600.0,0.0,0.0,0.0,0.0,0.0,0.0,0.0,0.0,0.0,0.0,0.0,0.0,0.0,0.0,0.0,0.0,0.0,0.0,0.0,0.0,-2.004,-2.004,2.004,-2.004,0.0,0.0,0.0,0.0,5016.0,-0.0,0.0,-107615288.0,-0.0,-0.0,0.0,0.0,0.0,0.0,0.0,53,-0.0,-0.0,0.0,0.0,0.0,0.0,0.0,0.0,0.0,0,0,0,0.0,0.0,0.0,0.0,0.0,0.0,0.0,0.0,0.0,0.0,0.0,0.0,0.0,0.0,0.0,0.0,0,-107875648.0,53,0.0,106,-107614832.0,-0.0,ERR,ERR,ERR,ERR,ERR,ERR,ERR,ERR,ERR,ERR,ERR,ERR,ERR,ERR,ERR,ERR,ERR,ERR,ERR,ERR,ERR,ERR,ERR,ERR,ERR,ERR,ERR,ERR,ERR,ERR,ERR,ERR,ERR,ERR,ERR,ERR,ERR,ERR,ERR,ERR,ERR,ERR,ERR,ERR,ERR,ERR,ERR,ERR,ERR,ERR,ERR,ERR,ERR,ERR,ERR,ERR,ERR,ERR,ERR,ERR,ERR,ERR,ERR,ERR,ERR,ERR,ERR,50.0,60.0,100,0.0,0.0,0.0,0.0,0.0,0.0,0.0,0.0,0.0,0.0,0.0,0.0,0.0,0.0,0.0,0.0,61.6,75,13,65511,50,65476,0,300,0,0,8,20529,65476,0,0,26214,60.0,0.0,0.0,0.0,0.0,0.0
2026-05-17T18:01:39,ERR,ERR,ERR,ERR,ERR,ERR,ERR,ERR,ERR,ERR,ERR,ERR,ERR,ERR,ERR,ERR,ERR,ERR,ERR,ERR,ERR,ERR,ERR,ERR,ERR,ERR,ERR,ERR,ERR,ERR,ERR,ERR,ERR,ERR,ERR,ERR,ERR,ERR,ERR,ERR,ERR,ERR,ERR,ERR,ERR,ERR,ERR,ERR,ERR,ERR,ERR,ERR,ERR,ERR,ERR,ERR,ERR,ERR,ERR,ERR,ERR,ERR,ERR,ERR,ERR,ERR,ERR,ERR,ERR,ERR,ERR,ERR,ERR,ERR,ERR,ERR,ERR,ERR,ERR,ERR,ERR,ERR,ERR,ERR,ERR,ERR,ERR,ERR,ERR,ERR,ERR,ERR,ERR,ERR,ERR,ERR,ERR,ERR,ERR,ERR,ERR,ERR,ERR,ERR,ERR,ERR,ERR,ERR,ERR,ERR,ERR,ERR,ERR,ERR,ERR,ERR,ERR,ERR,ERR,ERR,ERR,ERR,ERR,ERR,ERR,-107615288.0,-0.0,-134474944.0,0.0,0.0,1.3936040501711995e+18,7.805,0.0,0,0,4,0,8422,0.0,45,0.0,0.0,0.0,0.0,0.0,0,0,0,0,0.0,0,0,0,0,0,0,0,0,0,0,0,0,0,0,0,0,0,0,0,0,0,0,0,0,0,0,0,0,0,0,0,0,0,38,14,7,45,65476,0,300,0,0,8,21553,0.0,-107605600.0,0.0,0.0,0.0,0.0,0.0,0.0,0.0,0.0,0.0,0.0,0.0,0.0,0.0,0.0,0.0,0.0,0.0,0.0,0.0,0.0,-2.004,-2.004,2.004,-2.004,0.0,0.0,0.0,0.0,5016.0,-0.0,0.0,-107615288.0,-0.0,-0.0,0.0,0.0,0.0,0.0,0.0,53,-0.0,-0.0,0.0,0.0,0.0,0.0,0.0,0.0,0.0,0,0,0,0.0,0.0,0.0,0.0,0.0,0.0,0.0,0.0,0.0,0.0,0.0,0.0,0.0,0.0,0.0,0.0,0,-107875648.0,53,0.0,106,-107614832.0,-0.0,ERR,ERR,ERR,ERR,ERR,ERR,ERR,ERR,ERR,ERR,ERR,ERR,ERR,ERR,ERR,ERR,ERR,ERR,ERR,ERR,ERR,ERR,ERR,ERR,ERR,ERR,ERR,ERR,ERR,ERR,ERR,ERR,ERR,ERR,ERR,ERR,ERR,ERR,ERR,ERR,ERR,ERR,ERR,ERR,ERR,ERR,ERR,ERR,ERR,ERR,ERR,ERR,ERR,ERR,ERR,ERR,ERR,ERR,ERR,ERR,ERR,ERR,ERR,ERR,ERR,ERR,ERR,50.0,60.0,100,0.0,0.0,0.0,0.0,0.0,0.0,0.0,0.0,0.0,0.0,0.0,0.0,0.0,0.0,0.0,0.0,61.6,75,13,65511,50,65476,0,300,0,0,8,20529,65476,0,0,26214,60.0,0.0,0.0,0.0,0.0,0.0
2026-05-17T18:01:40,ERR,ERR,ERR,ERR,ERR,ERR,ERR,ERR,ERR,ERR,ERR,ERR,ERR,ERR,ERR,ERR,ERR,ERR,ERR,ERR,ERR,ERR,ERR,ERR,ERR,ERR,ERR,ERR,ERR,ERR,ERR,ERR,ERR,ERR,ERR,ERR,ERR,ERR,ERR,ERR,ERR,ERR,ERR,ERR,ERR,ERR,ERR,ERR,ERR,ERR,ERR,ERR,ERR,ERR,ERR,ERR,ERR,ERR,ERR,ERR,ERR,ERR,ERR,ERR,ERR,ERR,ERR,ERR,ERR,ERR,ERR,ERR,ERR,ERR,ERR,ERR,ERR,ERR,ERR,ERR,ERR,ERR,ERR,ERR,ERR,ERR,ERR,ERR,ERR,ERR,ERR,ERR,ERR,ERR,ERR,ERR,ERR,ERR,ERR,ERR,ERR,ERR,ERR,ERR,ERR,ERR,ERR,ERR,ERR,ERR,ERR,ERR,ERR,ERR,ERR,ERR,ERR,ERR,ERR,ERR,ERR,ERR,ERR,ERR,ERR,-107615288.0,-0.0,-134474944.0,0.0,0.0,1.3936040501711995e+18,7.805,0.0,0,0,4,0,8422,0.0,45,0.0,0.0,0.0,0.0,0.0,0,0,0,0,0.0,0,0,0,0,0,0,0,0,0,0,0,0,0,0,0,0,0,0,0,0,0,0,0,0,0,0,0,0,0,0,0,0,0,38,14,7,45,65476,0,300,0,0,8,21553,0.0,-107605600.0,0.0,0.0,0.0,0.0,0.0,0.0,0.0,0.0,0.0,0.0,0.0,0.0,0.0,0.0,0.0,0.0,0.0,0.0,0.0,0.0,-2.004,-2.004,2.004,-2.004,0.0,0.0,0.0,0.0,5016.0,-0.0,0.0,-107615288.0,-0.0,-0.0,0.0,0.0,0.0,0.0,0.0,53,-0.0,-0.0,0.0,0.0,0.0,0.0,0.0,0.0,0.0,0,0,0,0.0,0.0,0.0,0.0,0.0,0.0,0.0,0.0,0.0,0.0,0.0,0.0,0.0,0.0,0.0,0.0,0,-107875648.0,53,0.0,106,-107614832.0,-0.0,ERR,ERR,ERR,ERR,ERR,ERR,ERR,ERR,ERR,ERR,ERR,ERR,ERR,ERR,ERR,ERR,ERR,ERR,ERR,ERR,ERR,ERR,ERR,ERR,ERR,ERR,ERR,ERR,ERR,ERR,ERR,ERR,ERR,ERR,ERR,ERR,ERR,ERR,ERR,ERR,ERR,ERR,ERR,ERR,ERR,ERR,ERR,ERR,ERR,ERR,ERR,ERR,ERR,ERR,ERR,ERR,ERR,ERR,ERR,ERR,ERR,ERR,ERR,ERR,ERR,ERR,ERR,50.0,60.0,100,0.0,0.0,0.0,0.0,0.0,0.0,0.0,0.0,0.0,0.0,0.0,0.0,0.0,0.0,0.0,0.0,61.6,75,13,65511,50,65476,0,300,0,0,8,20529,65476,0,0,26214,60.0,0.0,0.0,0.0,0.0,0.0
2026-05-17T18:01:41,ERR,ERR,ERR,ERR,ERR,ERR,ERR,ERR,ERR,ERR,ERR,ERR,ERR,ERR,ERR,ERR,ERR,ERR,ERR,ERR,ERR,ERR,ERR,ERR,ERR,ERR,ERR,ERR,ERR,ERR,ERR,ERR,ERR,ERR,ERR,ERR,ERR,ERR,ERR,ERR,ERR,ERR,ERR,ERR,ERR,ERR,ERR,ERR,ERR,ERR,ERR,ERR,ERR,ERR,ERR,ERR,ERR,ERR,ERR,ERR,ERR,ERR,ERR,ERR,ERR,ERR,ERR,ERR,ERR,ERR,ERR,ERR,ERR,ERR,ERR,ERR,ERR,ERR,ERR,ERR,ERR,ERR,ERR,ERR,ERR,ERR,ERR,ERR,ERR,ERR,ERR,ERR,ERR,ERR,ERR,ERR,ERR,ERR,ERR,ERR,ERR,ERR,ERR,ERR,ERR,ERR,ERR,ERR,ERR,ERR,ERR,ERR,ERR,ERR,ERR,ERR,ERR,ERR,ERR,ERR,ERR,ERR,ERR,ERR,ERR,-107615288.0,-0.0,-134474944.0,0.0,0.0,1.3936040501711995e+18,7.805,0.0,0,0,4,0,8422,0.0,45,0.0,0.0,0.0,0.0,0.0,0,0,0,0,0.0,0,0,0,0,0,0,0,0,0,0,0,0,0,0,0,0,0,0,0,0,0,0,0,0,0,0,0,0,0,0,0,0,0,38,14,7,45,65476,0,300,0,0,8,21553,0.0,-107605600.0,0.0,0.0,0.0,0.0,0.0,0.0,0.0,0.0,0.0,0.0,0.0,0.0,0.0,0.0,0.0,0.0,0.0,0.0,0.0,0.0,-2.004,-2.004,2.004,-2.004,0.0,0.0,0.0,0.0,5016.0,-0.0,0.0,-107615288.0,-0.0,-0.0,0.0,0.0,0.0,0.0,0.0,53,-0.0,-0.0,0.0,0.0,0.0,0.0,0.0,0.0,0.0,0,0,0,0.0,0.0,0.0,0.0,0.0,0.0,0.0,0.0,0.0,0.0,0.0,0.0,0.0,0.0,0.0,0.0,0,-107875648.0,53,0.0,106,-107614832.0,-0.0,ERR,ERR,ERR,ERR,ERR,ERR,ERR,ERR,ERR,ERR,ERR,ERR,ERR,ERR,ERR,ERR,ERR,ERR,ERR,ERR,ERR,ERR,ERR,ERR,ERR,ERR,ERR,ERR,ERR,ERR,ERR,ERR,ERR,ERR,ERR,ERR,ERR,ERR,ERR,ERR,ERR,ERR,ERR,ERR,ERR,ERR,ERR,ERR,ERR,ERR,ERR,ERR,ERR,ERR,ERR,ERR,ERR,ERR,ERR,ERR,ERR,ERR,ERR,ERR,ERR,ERR,ERR,50.0,60.0,100,0.0,0.0,0.0,0.0,0.0,0.0,0.0,0.0,0.0,0.0,0.0,0.0,0.0,0.0,0.0,0.0,61.6,75,13,65511,50,65476,0,300,0,0,8,20529,65476,0,0,26214,60.0,0.0,0.0,0.0,0.0,0.0
2026-05-17T18:01:42,ERR,ERR,ERR,ERR,ERR,ERR,ERR,ERR,ERR,ERR,ERR,ERR,ERR,ERR,ERR,ERR,ERR,ERR,ERR,ERR,ERR,ERR,ERR,ERR,ERR,ERR,ERR,ERR,ERR,ERR,ERR,ERR,ERR,ERR,ERR,ERR,ERR,ERR,ERR,ERR,ERR,ERR,ERR,ERR,ERR,ERR,ERR,ERR,ERR,ERR,ERR,ERR,ERR,ERR,ERR,ERR,ERR,ERR,ERR,ERR,ERR,ERR,ERR,ERR,ERR,ERR,ERR,ERR,ERR,ERR,ERR,ERR,ERR,ERR,ERR,ERR,ERR,ERR,ERR,ERR,ERR,ERR,ERR,ERR,ERR,ERR,ERR,ERR,ERR,ERR,ERR,ERR,ERR,ERR,ERR,ERR,ERR,ERR,ERR,ERR,ERR,ERR,ERR,ERR,ERR,ERR,ERR,ERR,ERR,ERR,ERR,ERR,ERR,ERR,ERR,ERR,ERR,ERR,ERR,ERR,ERR,ERR,ERR,ERR,ERR,-107615288.0,-0.0,-134474944.0,0.0,0.0,1.3936040501711995e+18,7.805,0.0,0,0,4,0,8422,0.0,45,0.0,0.0,0.0,0.0,0.0,0,0,0,0,0.0,0,0,0,0,0,0,0,0,0,0,0,0,0,0,0,0,0,0,0,0,0,0,0,0,0,0,0,0,0,0,0,0,0,38,14,7,45,65476,0,300,0,0,8,21553,0.0,-107605600.0,0.0,0.0,0.0,0.0,0.0,0.0,0.0,0.0,0.0,0.0,0.0,0.0,0.0,0.0,0.0,0.0,0.0,0.0,0.0,0.0,-2.004,-2.004,2.004,-2.004,0.0,0.0,0.0,0.0,5016.0,-0.0,0.0,-107615288.0,-0.0,-0.0,0.0,0.0,0.0,0.0,0.0,53,-0.0,-0.0,0.0,0.0,0.0,0.0,0.0,0.0,0.0,0,0,0,0.0,0.0,0.0,0.0,0.0,0.0,0.0,0.0,0.0,0.0,0.0,0.0,0.0,0.0,0.0,0.0,0,-107875648.0,53,0.0,106,-107614832.0,-0.0,ERR,ERR,ERR,ERR,ERR,ERR,ERR,ERR,ERR,ERR,ERR,ERR,ERR,ERR,ERR,ERR,ERR,ERR,ERR,ERR,ERR,ERR,ERR,ERR,ERR,ERR,ERR,ERR,ERR,ERR,ERR,ERR,ERR,ERR,ERR,ERR,ERR,ERR,ERR,ERR,ERR,ERR,ERR,ERR,ERR,ERR,ERR,ERR,ERR,ERR,ERR,ERR,ERR,ERR,ERR,ERR,ERR,ERR,ERR,ERR,ERR,ERR,ERR,ERR,ERR,ERR,ERR,50.0,60.0,100,0.0,0.0,0.0,0.0,0.0,0.0,0.0,0.0,0.0,0.0,0.0,0.0,0.0,0.0,0.0,0.0,61.6,75,13,65511,50,65476,0,300,0,0,8,20529,65476,0,0,26214,60.0,0.0,0.0,0.0,0.0,0.0
2026-05-17T18:01:43,ERR,ERR,ERR,ERR,ERR,ERR,ERR,ERR,ERR,ERR,ERR,ERR,ERR,ERR,ERR,ERR,ERR,ERR,ERR,ERR,ERR,ERR,ERR,ERR,ERR,ERR,ERR,ERR,ERR,ERR,ERR,ERR,ERR,ERR,ERR,ERR,ERR,ERR,ERR,ERR,ERR,ERR,ERR,ERR,ERR,ERR,ERR,ERR,ERR,ERR,ERR,ERR,ERR,ERR,ERR,ERR,ERR,ERR,ERR,ERR,ERR,ERR,ERR,ERR,ERR,ERR,ERR,ERR,ERR,ERR,ERR,ERR,ERR,ERR,ERR,ERR,ERR,ERR,ERR,ERR,ERR,ERR,ERR,ERR,ERR,ERR,ERR,ERR,ERR,ERR,ERR,ERR,ERR,ERR,ERR,ERR,ERR,ERR,ERR,ERR,ERR,ERR,ERR,ERR,ERR,ERR,ERR,ERR,ERR,ERR,ERR,ERR,ERR,ERR,ERR,ERR,ERR,ERR,ERR,ERR,ERR,ERR,ERR,ERR,ERR,-107615288.0,-0.0,-134474944.0,0.0,0.0,1.3936040501711995e+18,7.805,0.0,0,0,4,0,8422,0.0,45,0.0,0.0,0.0,0.0,0.0,0,0,0,0,0.0,0,0,0,0,0,0,0,0,0,0,0,0,0,0,0,0,0,0,0,0,0,0,0,0,0,0,0,0,0,0,0,0,0,38,14,7,45,65476,0,300,0,0,8,21553,0.0,-107605600.0,0.0,0.0,0.0,0.0,0.0,0.0,0.0,0.0,0.0,0.0,0.0,0.0,0.0,0.0,0.0,0.0,0.0,0.0,0.0,0.0,-2.004,-2.004,2.004,-2.004,0.0,0.0,0.0,0.0,5016.0,-0.0,0.0,-107615288.0,-0.0,-0.0,0.0,0.0,0.0,0.0,0.0,53,-0.0,-0.0,0.0,0.0,0.0,0.0,0.0,0.0,0.0,0,0,0,0.0,0.0,0.0,0.0,0.0,0.0,0.0,0.0,0.0,0.0,0.0,0.0,0.0,0.0,0.0,0.0,0,-107875648.0,53,0.0,106,-107614832.0,-0.0,ERR,ERR,ERR,ERR,ERR,ERR,ERR,ERR,ERR,ERR,ERR,ERR,ERR,ERR,ERR,ERR,ERR,ERR,ERR,ERR,ERR,ERR,ERR,ERR,ERR,ERR,ERR,ERR,ERR,ERR,ERR,ERR,ERR,ERR,ERR,ERR,ERR,ERR,ERR,ERR,ERR,ERR,ERR,ERR,ERR,ERR,ERR,ERR,ERR,ERR,ERR,ERR,ERR,ERR,ERR,ERR,ERR,ERR,ERR,ERR,ERR,ERR,ERR,ERR,ERR,ERR,ERR,50.0,60.0,100,0.0,0.0,0.0,0.0,0.0,0.0,0.0,0.0,0.0,0.0,0.0,0.0,0.0,0.0,0.0,0.0,61.6,75,13,65511,50,65476,0,300,0,0,8,20529,65476,0,0,26214,60.0,0.0,0.0,0.0,0.0,0.0
2026-05-17T18:01:44,ERR,ERR,ERR,ERR,ERR,ERR,ERR,ERR,ERR,ERR,ERR,ERR,ERR,ERR,ERR,ERR,ERR,ERR,ERR,ERR,ERR,ERR,ERR,ERR,ERR,ERR,ERR,ERR,ERR,ERR,ERR,ERR,ERR,ERR,ERR,ERR,ERR,ERR,ERR,ERR,ERR,ERR,ERR,ERR,ERR,ERR,ERR,ERR,ERR,ERR,ERR,ERR,ERR,ERR,ERR,ERR,ERR,ERR,ERR,ERR,ERR,ERR,ERR,ERR,ERR,ERR,ERR,ERR,ERR,ERR,ERR,ERR,ERR,ERR,ERR,ERR,ERR,ERR,ERR,ERR,ERR,ERR,ERR,ERR,ERR,ERR,ERR,ERR,ERR,ERR,ERR,ERR,ERR,ERR,ERR,ERR,ERR,ERR,ERR,ERR,ERR,ERR,ERR,ERR,ERR,ERR,ERR,ERR,ERR,ERR,ERR,ERR,ERR,ERR,ERR,ERR,ERR,ERR,ERR,ERR,ERR,ERR,ERR,ERR,ERR,-107615288.0,-0.0,-134474944.0,0.0,0.0,1.3936040501711995e+18,7.805,0.0,0,0,4,0,8422,0.0,45,0.0,0.0,0.0,0.0,0.0,0,0,0,0,0.0,0,0,0,0,0,0,0,0,0,0,0,0,0,0,0,0,0,0,0,0,0,0,0,0,0,0,0,0,0,0,0,0,0,38,14,7,45,65476,0,300,0,0,8,21553,0.0,-107605600.0,0.0,0.0,0.0,0.0,0.0,0.0,0.0,0.0,0.0,0.0,0.0,0.0,0.0,0.0,0.0,0.0,0.0,0.0,0.0,0.0,-2.004,-2.004,2.004,-2.004,0.0,0.0,0.0,0.0,5016.0,-0.0,0.0,-107615288.0,-0.0,-0.0,0.0,0.0,0.0,0.0,0.0,53,-0.0,-0.0,0.0,0.0,0.0,0.0,0.0,0.0,0.0,0,0,0,0.0,0.0,0.0,0.0,0.0,0.0,0.0,0.0,0.0,0.0,0.0,0.0,0.0,0.0,0.0,0.0,0,-107875648.0,53,0.0,106,-107614832.0,-0.0,ERR,ERR,ERR,ERR,ERR,ERR,ERR,ERR,ERR,ERR,ERR,ERR,ERR,ERR,ERR,ERR,ERR,ERR,ERR,ERR,ERR,ERR,ERR,ERR,ERR,ERR,ERR,ERR,ERR,ERR,ERR,ERR,ERR,ERR,ERR,ERR,ERR,ERR,ERR,ERR,ERR,ERR,ERR,ERR,ERR,ERR,ERR,ERR,ERR,ERR,ERR,ERR,ERR,ERR,ERR,ERR,ERR,ERR,ERR,ERR,ERR,ERR,ERR,ERR,ERR,ERR,ERR,50.0,60.0,100,0.0,0.0,0.0,0.0,0.0,0.0,0.0,0.0,0.0,0.0,0.0,0.0,0.0,0.0,0.0,0.0,61.6,75,13,65511,50,65476,0,300,0,0,8,20529,65476,0,0,26214,60.0,0.0,0.0,0.0,0.0,0.0
2026-05-17T18:01:45,ERR,ERR,ERR,ERR,ERR,ERR,ERR,ERR,ERR,ERR,ERR,ERR,ERR,ERR,ERR,ERR,ERR,ERR,ERR,ERR,ERR,ERR,ERR,ERR,ERR,ERR,ERR,ERR,ERR,ERR,ERR,ERR,ERR,ERR,ERR,ERR,ERR,ERR,ERR,ERR,ERR,ERR,ERR,ERR,ERR,ERR,ERR,ERR,ERR,ERR,ERR,ERR,ERR,ERR,ERR,ERR,ERR,ERR,ERR,ERR,ERR,ERR,ERR,ERR,ERR,ERR,ERR,ERR,ERR,ERR,ERR,ERR,ERR,ERR,ERR,ERR,ERR,ERR,ERR,ERR,ERR,ERR,ERR,ERR,ERR,ERR,ERR,ERR,ERR,ERR,ERR,ERR,ERR,ERR,ERR,ERR,ERR,ERR,ERR,ERR,ERR,ERR,ERR,ERR,ERR,ERR,ERR,ERR,ERR,ERR,ERR,ERR,ERR,ERR,ERR,ERR,ERR,ERR,ERR,ERR,ERR,ERR,ERR,ERR,ERR,-107615288.0,-0.0,-134474944.0,0.0,0.0,1.3936040501711995e+18,7.805,0.0,0,0,4,0,8422,0.0,45,0.0,0.0,0.0,0.0,0.0,0,0,0,0,0.0,0,0,0,0,0,0,0,0,0,0,0,0,0,0,0,0,0,0,0,0,0,0,0,0,0,0,0,0,0,0,0,0,0,38,14,7,45,65476,0,300,0,0,8,21553,0.0,-107605600.0,0.0,0.0,0.0,0.0,0.0,0.0,0.0,0.0,0.0,0.0,0.0,0.0,0.0,0.0,0.0,0.0,0.0,0.0,0.0,0.0,-2.004,-2.004,2.004,-2.004,0.0,0.0,0.0,0.0,5016.0,-0.0,0.0,-107615288.0,-0.0,-0.0,0.0,0.0,0.0,0.0,0.0,53,-0.0,-0.0,0.0,0.0,0.0,0.0,0.0,0.0,0.0,0,0,0,0.0,0.0,0.0,0.0,0.0,0.0,0.0,0.0,0.0,0.0,0.0,0.0,0.0,0.0,0.0,0.0,0,-107875648.0,53,0.0,106,-107614832.0,-0.0,ERR,ERR,ERR,ERR,ERR,ERR,ERR,ERR,ERR,ERR,ERR,ERR,ERR,ERR,ERR,ERR,ERR,ERR,ERR,ERR,ERR,ERR,ERR,ERR,ERR,ERR,ERR,ERR,ERR,ERR,ERR,ERR,ERR,ERR,ERR,ERR,ERR,ERR,ERR,ERR,ERR,ERR,ERR,ERR,ERR,ERR,ERR,ERR,ERR,ERR,ERR,ERR,ERR,ERR,ERR,ERR,ERR,ERR,ERR,ERR,ERR,ERR,ERR,ERR,ERR,ERR,ERR,50.0,60.0,100,0.0,0.0,0.0,0.0,0.0,0.0,0.0,0.0,0.0,0.0,0.0,0.0,0.0,0.0,0.0,0.0,61.6,75,13,65511,50,65476,0,300,0,0,8,20529,65476,0,0,26214,60.0,0.0,0.0,0.0,0.0,0.0
2026-05-17T18:01:46,ERR,ERR,ERR,ERR,ERR,ERR,ERR,ERR,ERR,ERR,ERR,ERR,ERR,ERR,ERR,ERR,ERR,ERR,ERR,ERR,ERR,ERR,ERR,ERR,ERR,ERR,ERR,ERR,ERR,ERR,ERR,ERR,ERR,ERR,ERR,ERR,ERR,ERR,ERR,ERR,ERR,ERR,ERR,ERR,ERR,ERR,ERR,ERR,ERR,ERR,ERR,ERR,ERR,ERR,ERR,ERR,ERR,ERR,ERR,ERR,ERR,ERR,ERR,ERR,ERR,ERR,ERR,ERR,ERR,ERR,ERR,ERR,ERR,ERR,ERR,ERR,ERR,ERR,ERR,ERR,ERR,ERR,ERR,ERR,ERR,ERR,ERR,ERR,ERR,ERR,ERR,ERR,ERR,ERR,ERR,ERR,ERR,ERR,ERR,ERR,ERR,ERR,ERR,ERR,ERR,ERR,ERR,ERR,ERR,ERR,ERR,ERR,ERR,ERR,ERR,ERR,ERR,ERR,ERR,ERR,ERR,ERR,ERR,ERR,ERR,-107615288.0,-0.0,-134474944.0,0.0,0.0,1.3936040501711995e+18,7.805,0.0,0,0,4,0,8422,0.0,45,0.0,0.0,0.0,0.0,0.0,0,0,0,0,0.0,0,0,0,0,0,0,0,0,0,0,0,0,0,0,0,0,0,0,0,0,0,0,0,0,0,0,0,0,0,0,0,0,0,38,14,7,45,65476,0,300,0,0,8,21553,0.0,-107605600.0,0.0,0.0,0.0,0.0,0.0,0.0,0.0,0.0,0.0,0.0,0.0,0.0,0.0,0.0,0.0,0.0,0.0,0.0,0.0,0.0,-2.004,-2.004,2.004,-2.004,0.0,0.0,0.0,0.0,5016.0,-0.0,0.0,-107615288.0,-0.0,-0.0,0.0,0.0,0.0,0.0,0.0,53,-0.0,-0.0,0.0,0.0,0.0,0.0,0.0,0.0,0.0,0,0,0,0.0,0.0,0.0,0.0,0.0,0.0,0.0,0.0,0.0,0.0,0.0,0.0,0.0,0.0,0.0,0.0,0,-107875648.0,53,0.0,106,-107614832.0,-0.0,ERR,ERR,ERR,ERR,ERR,ERR,ERR,ERR,ERR,ERR,ERR,ERR,ERR,ERR,ERR,ERR,ERR,ERR,ERR,ERR,ERR,ERR,ERR,ERR,ERR,ERR,ERR,ERR,ERR,ERR,ERR,ERR,ERR,ERR,ERR,ERR,ERR,ERR,ERR,ERR,ERR,ERR,ERR,ERR,ERR,ERR,ERR,ERR,ERR,ERR,ERR,ERR,ERR,ERR,ERR,ERR,ERR,ERR,ERR,ERR,ERR,ERR,ERR,ERR,ERR,ERR,ERR,50.0,60.0,100,0.0,0.0,0.0,0.0,0.0,0.0,0.0,0.0,0.0,0.0,0.0,0.0,0.0,0.0,0.0,0.0,62.0,75,13,65511,50,65476,0,300,0,0,8,20529,65476,0,0,26214,60.0,0.0,0.0,0.0,0.0,0.0
2026-05-17T18:01:47,ERR,ERR,ERR,ERR,ERR,ERR,ERR,ERR,ERR,ERR,ERR,ERR,ERR,ERR,ERR,ERR,ERR,ERR,ERR,ERR,ERR,ERR,ERR,ERR,ERR,ERR,ERR,ERR,ERR,ERR,ERR,ERR,ERR,ERR,ERR,ERR,ERR,ERR,ERR,ERR,ERR,ERR,ERR,ERR,ERR,ERR,ERR,ERR,ERR,ERR,ERR,ERR,ERR,ERR,ERR,ERR,ERR,ERR,ERR,ERR,ERR,ERR,ERR,ERR,ERR,ERR,ERR,ERR,ERR,ERR,ERR,ERR,ERR,ERR,ERR,ERR,ERR,ERR,ERR,ERR,ERR,ERR,ERR,ERR,ERR,ERR,ERR,ERR,ERR,ERR,ERR,ERR,ERR,ERR,ERR,ERR,ERR,ERR,ERR,ERR,ERR,ERR,ERR,ERR,ERR,ERR,ERR,ERR,ERR,ERR,ERR,ERR,ERR,ERR,ERR,ERR,ERR,ERR,ERR,ERR,ERR,ERR,ERR,ERR,ERR,-107615288.0,-0.0,-134474944.0,0.0,0.0,1.3936040501711995e+18,7.805,0.0,0,0,4,0,8422,0.0,45,0.0,0.0,0.0,0.0,0.0,0,0,0,0,0.0,0,0,0,0,0,0,0,0,0,0,0,0,0,0,0,0,0,0,0,0,0,0,0,0,0,0,0,0,0,0,0,0,0,38,14,7,45,65476,0,300,0,0,8,21553,0.0,-107605600.0,0.0,0.0,0.0,0.0,0.0,0.0,0.0,0.0,0.0,0.0,0.0,0.0,0.0,0.0,0.0,0.0,0.0,0.0,0.0,0.0,-2.004,-2.004,2.004,-2.004,0.0,0.0,0.0,0.0,5016.0,-0.0,0.0,-107615288.0,-0.0,-0.0,0.0,0.0,0.0,0.0,0.0,53,-0.0,-0.0,0.0,0.0,0.0,0.0,0.0,0.0,0.0,0,0,0,0.0,0.0,0.0,0.0,0.0,0.0,0.0,0.0,0.0,0.0,0.0,0.0,0.0,0.0,0.0,0.0,0,-107875648.0,53,0.0,106,-107614832.0,-0.0,ERR,ERR,ERR,ERR,ERR,ERR,ERR,ERR,ERR,ERR,ERR,ERR,ERR,ERR,ERR,ERR,ERR,ERR,ERR,ERR,ERR,ERR,ERR,ERR,ERR,ERR,ERR,ERR,ERR,ERR,ERR,ERR,ERR,ERR,ERR,ERR,ERR,ERR,ERR,ERR,ERR,ERR,ERR,ERR,ERR,ERR,ERR,ERR,ERR,ERR,ERR,ERR,ERR,ERR,ERR,ERR,ERR,ERR,ERR,ERR,ERR,ERR,ERR,ERR,ERR,ERR,ERR,50.0,60.0,100,0.0,0.0,0.0,0.0,0.0,0.0,0.0,0.0,0.0,0.0,0.0,0.0,0.0,0.0,0.0,0.0,62.0,75,13,65511,50,65476,0,300,0,0,8,20529,65476,0,0,26214,60.0,0.0,0.0,0.0,0.0,0.0
2026-05-17T18:01:48,ERR,ERR,ERR,ERR,ERR,ERR,ERR,ERR,ERR,ERR,ERR,ERR,ERR,ERR,ERR,ERR,ERR,ERR,ERR,ERR,ERR,ERR,ERR,ERR,ERR,ERR,ERR,ERR,ERR,ERR,ERR,ERR,ERR,ERR,ERR,ERR,ERR,ERR,ERR,ERR,ERR,ERR,ERR,ERR,ERR,ERR,ERR,ERR,ERR,ERR,ERR,ERR,ERR,ERR,ERR,ERR,ERR,ERR,ERR,ERR,ERR,ERR,ERR,ERR,ERR,ERR,ERR,ERR,ERR,ERR,ERR,ERR,ERR,ERR,ERR,ERR,ERR,ERR,ERR,ERR,ERR,ERR,ERR,ERR,ERR,ERR,ERR,ERR,ERR,ERR,ERR,ERR,ERR,ERR,ERR,ERR,ERR,ERR,ERR,ERR,ERR,ERR,ERR,ERR,ERR,ERR,ERR,ERR,ERR,ERR,ERR,ERR,ERR,ERR,ERR,ERR,ERR,ERR,ERR,ERR,ERR,ERR,ERR,ERR,ERR,-107615288.0,-0.0,-134474944.0,0.0,0.0,1.3936040501711995e+18,7.805,0.0,0,0,4,0,8422,0.0,45,0.0,0.0,0.0,0.0,0.0,0,0,0,0,0.0,0,0,0,0,0,0,0,0,0,0,0,0,0,0,0,0,0,0,0,0,0,0,0,0,0,0,0,0,0,0,0,0,0,38,14,7,45,65476,0,300,0,0,8,21553,0.0,-107605600.0,0.0,0.0,0.0,0.0,0.0,0.0,0.0,0.0,0.0,0.0,0.0,0.0,0.0,0.0,0.0,0.0,0.0,0.0,0.0,0.0,-2.004,-2.004,2.004,-2.004,0.0,0.0,0.0,0.0,5015.0,-2.004,0.0,-107615288.0,-0.0,-0.0,0.0,0.0,0.0,0.0,0.0,53,-0.0,-0.0,0.0,0.0,0.0,0.0,0.0,0.0,0.0,0,0,0,0.0,0.0,0.0,0.0,0.0,0.0,0.0,0.0,0.0,0.0,0.0,0.0,0.0,0.0,0.0,0.0,0,-107875648.0,53,0.0,106,-107614832.0,-0.0,ERR,ERR,ERR,ERR,ERR,ERR,ERR,ERR,ERR,ERR,ERR,ERR,ERR,ERR,ERR,ERR,ERR,ERR,ERR,ERR,ERR,ERR,ERR,ERR,ERR,ERR,ERR,ERR,ERR,ERR,ERR,ERR,ERR,ERR,ERR,ERR,ERR,ERR,ERR,ERR,ERR,ERR,ERR,ERR,ERR,ERR,ERR,ERR,ERR,ERR,ERR,ERR,ERR,ERR,ERR,ERR,ERR,ERR,ERR,ERR,ERR,ERR,ERR,ERR,ERR,ERR,ERR,50.0,60.0,100,0.0,0.0,0.0,0.0,0.0,0.0,0.0,0.0,0.0,0.0,0.0,0.0,0.0,0.0,0.0,0.0,61.6,75,13,65511,50,65476,0,300,0,0,8,20529,65476,0,0,26214,60.0,0.0,0.0,0.0,0.0,0.0
2026-05-17T18:01:49,ERR,ERR,ERR,ERR,ERR,ERR,ERR,ERR,ERR,ERR,ERR,ERR,ERR,ERR,ERR,ERR,ERR,ERR,ERR,ERR,ERR,ERR,ERR,ERR,ERR,ERR,ERR,ERR,ERR,ERR,ERR,ERR,ERR,ERR,ERR,ERR,ERR,ERR,ERR,ERR,ERR,ERR,ERR,ERR,ERR,ERR,ERR,ERR,ERR,ERR,ERR,ERR,ERR,ERR,ERR,ERR,ERR,ERR,ERR,ERR,ERR,ERR,ERR,ERR,ERR,ERR,ERR,ERR,ERR,ERR,ERR,ERR,ERR,ERR,ERR,ERR,ERR,ERR,ERR,ERR,ERR,ERR,ERR,ERR,ERR,ERR,ERR,ERR,ERR,ERR,ERR,ERR,ERR,ERR,ERR,ERR,ERR,ERR,ERR,ERR,ERR,ERR,ERR,ERR,ERR,ERR,ERR,ERR,ERR,ERR,ERR,ERR,ERR,ERR,ERR,ERR,ERR,ERR,ERR,ERR,ERR,ERR,ERR,ERR,ERR,-107615288.0,-0.0,-134474944.0,0.0,0.0,1.3936040501711995e+18,7.805,0.0,0,0,4,0,8422,0.0,45,0.0,0.0,0.0,0.0,0.0,0,0,0,0,0.0,0,0,0,0,0,0,0,0,0,0,0,0,0,0,0,0,0,0,0,0,0,0,0,0,0,0,0,0,0,0,0,0,0,38,14,7,45,65476,0,300,0,0,8,21553,0.0,-107605600.0,0.0,0.0,0.0,0.0,0.0,0.0,0.0,0.0,0.0,0.0,0.0,0.0,0.0,0.0,0.0,0.0,0.0,0.0,0.0,0.0,-2.004,-2.004,2.004,-2.004,0.0,0.0,0.0,0.0,5015.0,-2.004,0.0,-107615288.0,-0.0,-0.0,0.0,0.0,0.0,0.0,0.0,53,-0.0,-0.0,0.0,0.0,0.0,0.0,0.0,0.0,0.0,0,0,0,0.0,0.0,0.0,0.0,0.0,0.0,0.0,0.0,0.0,0.0,0.0,0.0,0.0,0.0,0.0,0.0,0,-107875648.0,53,0.0,106,-107614832.0,-0.0,ERR,ERR,ERR,ERR,ERR,ERR,ERR,ERR,ERR,ERR,ERR,ERR,ERR,ERR,ERR,ERR,ERR,ERR,ERR,ERR,ERR,ERR,ERR,ERR,ERR,ERR,ERR,ERR,ERR,ERR,ERR,ERR,ERR,ERR,ERR,ERR,ERR,ERR,ERR,ERR,ERR,ERR,ERR,ERR,ERR,ERR,ERR,ERR,ERR,ERR,ERR,ERR,ERR,ERR,ERR,ERR,ERR,ERR,ERR,ERR,ERR,ERR,ERR,ERR,ERR,ERR,ERR,50.0,60.0,100,0.0,0.0,0.0,0.0,0.0,0.0,0.0,0.0,0.0,0.0,0.0,0.0,0.0,0.0,0.0,0.0,61.6,75,13,65511,50,65476,0,300,0,0,8,20529,65476,0,0,26214,60.0,0.0,0.0,0.0,0.0,0.0
2026-05-17T18:01:50,ERR,ERR,ERR,ERR,ERR,ERR,ERR,ERR,ERR,ERR,ERR,ERR,ERR,ERR,ERR,ERR,ERR,ERR,ERR,ERR,ERR,ERR,ERR,ERR,ERR,ERR,ERR,ERR,ERR,ERR,ERR,ERR,ERR,ERR,ERR,ERR,ERR,ERR,ERR,ERR,ERR,ERR,ERR,ERR,ERR,ERR,ERR,ERR,ERR,ERR,ERR,ERR,ERR,ERR,ERR,ERR,ERR,ERR,ERR,ERR,ERR,ERR,ERR,ERR,ERR,ERR,ERR,ERR,ERR,ERR,ERR,ERR,ERR,ERR,ERR,ERR,ERR,ERR,ERR,ERR,ERR,ERR,ERR,ERR,ERR,ERR,ERR,ERR,ERR,ERR,ERR,ERR,ERR,ERR,ERR,ERR,ERR,ERR,ERR,ERR,ERR,ERR,ERR,ERR,ERR,ERR,ERR,ERR,ERR,ERR,ERR,ERR,ERR,ERR,ERR,ERR,ERR,ERR,ERR,ERR,ERR,ERR,ERR,ERR,ERR,-107615288.0,-0.0,-134474944.0,0.0,0.0,1.3936040501711995e+18,7.805,0.0,0,0,4,0,8422,0.0,45,0.0,0.0,0.0,0.0,0.0,0,0,0,0,0.0,0,0,0,0,0,0,0,0,0,0,0,0,0,0,0,0,0,0,0,0,0,0,0,0,0,0,0,0,0,0,0,0,0,38,14,7,45,65476,0,300,0,0,8,21553,0.0,-107605600.0,0.0,0.0,0.0,0.0,0.0,0.0,0.0,0.0,0.0,0.0,0.0,0.0,0.0,0.0,0.0,0.0,0.0,0.0,0.0,0.0,-2.004,-2.004,2.004,-2.004,0.0,0.0,0.0,0.0,5015.0,-2.004,0.0,-107615288.0,-0.0,-0.0,0.0,0.0,0.0,0.0,0.0,53,-0.0,-0.0,0.0,0.0,0.0,0.0,0.0,0.0,0.0,0,0,0,0.0,0.0,0.0,0.0,0.0,0.0,0.0,0.0,0.0,0.0,0.0,0.0,0.0,0.0,0.0,0.0,0,-107875648.0,53,0.0,106,-107614832.0,-0.0,ERR,ERR,ERR,ERR,ERR,ERR,ERR,ERR,ERR,ERR,ERR,ERR,ERR,ERR,ERR,ERR,ERR,ERR,ERR,ERR,ERR,ERR,ERR,ERR,ERR,ERR,ERR,ERR,ERR,ERR,ERR,ERR,ERR,ERR,ERR,ERR,ERR,ERR,ERR,ERR,ERR,ERR,ERR,ERR,ERR,ERR,ERR,ERR,ERR,ERR,ERR,ERR,ERR,ERR,ERR,ERR,ERR,ERR,ERR,ERR,ERR,ERR,ERR,ERR,ERR,ERR,ERR,50.0,60.0,100,0.0,0.0,0.0,0.0,0.0,0.0,0.0,0.0,0.0,0.0,0.0,0.0,0.0,0.0,0.0,0.0,61.6,75,13,65511,50,65476,0,300,0,0,8,20529,65476,0,0,26214,60.0,0.0,0.0,0.0,0.0,0.0
2026-05-17T18:01:51,ERR,ERR,ERR,ERR,ERR,ERR,ERR,ERR,ERR,ERR,ERR,ERR,ERR,ERR,ERR,ERR,ERR,ERR,ERR,ERR,ERR,ERR,ERR,ERR,ERR,ERR,ERR,ERR,ERR,ERR,ERR,ERR,ERR,ERR,ERR,ERR,ERR,ERR,ERR,ERR,ERR,ERR,ERR,ERR,ERR,ERR,ERR,ERR,ERR,ERR,ERR,ERR,ERR,ERR,ERR,ERR,ERR,ERR,ERR,ERR,ERR,ERR,ERR,ERR,ERR,ERR,ERR,ERR,ERR,ERR,ERR,ERR,ERR,ERR,ERR,ERR,ERR,ERR,ERR,ERR,ERR,ERR,ERR,ERR,ERR,ERR,ERR,ERR,ERR,ERR,ERR,ERR,ERR,ERR,ERR,ERR,ERR,ERR,ERR,ERR,ERR,ERR,ERR,ERR,ERR,ERR,ERR,ERR,ERR,ERR,ERR,ERR,ERR,ERR,ERR,ERR,ERR,ERR,ERR,ERR,ERR,ERR,ERR,ERR,ERR,-107615288.0,-0.0,-134474944.0,0.0,0.0,1.3936040501711995e+18,7.805,0.0,0,0,4,0,8422,0.0,45,0.0,0.0,0.0,0.0,0.0,0,0,0,0,0.0,0,0,0,0,0,0,0,0,0,0,0,0,0,0,0,0,0,0,0,0,0,0,0,0,0,0,0,0,0,0,0,0,0,38,14,7,45,65476,0,300,0,0,8,21553,0.0,-107605600.0,0.0,0.0,0.0,0.0,0.0,0.0,0.0,0.0,0.0,0.0,0.0,0.0,0.0,0.0,0.0,0.0,0.0,0.0,0.0,0.0,-2.004,-2.004,2.004,-2.004,0.0,0.0,0.0,0.0,5015.0,-2.004,0.0,-107615288.0,-0.0,-0.0,0.0,0.0,0.0,0.0,0.0,53,-0.0,-0.0,0.0,0.0,0.0,0.0,0.0,0.0,0.0,0,0,0,0.0,0.0,0.0,0.0,0.0,0.0,0.0,0.0,0.0,0.0,0.0,0.0,0.0,0.0,0.0,0.0,0,-107875648.0,53,0.0,106,-107614832.0,-0.0,ERR,ERR,ERR,ERR,ERR,ERR,ERR,ERR,ERR,ERR,ERR,ERR,ERR,ERR,ERR,ERR,ERR,ERR,ERR,ERR,ERR,ERR,ERR,ERR,ERR,ERR,ERR,ERR,ERR,ERR,ERR,ERR,ERR,ERR,ERR,ERR,ERR,ERR,ERR,ERR,ERR,ERR,ERR,ERR,ERR,ERR,ERR,ERR,ERR,ERR,ERR,ERR,ERR,ERR,ERR,ERR,ERR,ERR,ERR,ERR,ERR,ERR,ERR,ERR,ERR,ERR,ERR,50.0,60.0,100,0.0,0.0,0.0,0.0,0.0,0.0,0.0,0.0,0.0,0.0,0.0,0.0,0.0,0.0,0.0,0.0,61.6,75,13,65511,50,65476,0,300,0,0,8,20529,65476,0,0,26214,60.0,0.0,0.0,0.0,0.0,0.0
2026-05-17T18:01:52,ERR,ERR,ERR,ERR,ERR,ERR,ERR,ERR,ERR,ERR,ERR,ERR,ERR,ERR,ERR,ERR,ERR,ERR,ERR,ERR,ERR,ERR,ERR,ERR,ERR,ERR,ERR,ERR,ERR,ERR,ERR,ERR,ERR,ERR,ERR,ERR,ERR,ERR,ERR,ERR,ERR,ERR,ERR,ERR,ERR,ERR,ERR,ERR,ERR,ERR,ERR,ERR,ERR,ERR,ERR,ERR,ERR,ERR,ERR,ERR,ERR,ERR,ERR,ERR,ERR,ERR,ERR,ERR,ERR,ERR,ERR,ERR,ERR,ERR,ERR,ERR,ERR,ERR,ERR,ERR,ERR,ERR,ERR,ERR,ERR,ERR,ERR,ERR,ERR,ERR,ERR,ERR,ERR,ERR,ERR,ERR,ERR,ERR,ERR,ERR,ERR,ERR,ERR,ERR,ERR,ERR,ERR,ERR,ERR,ERR,ERR,ERR,ERR,ERR,ERR,ERR,ERR,ERR,ERR,ERR,ERR,ERR,ERR,ERR,ERR,-107615288.0,-0.0,-134474944.0,0.0,0.0,1.3936040501711995e+18,7.805,0.0,0,0,4,0,8422,0.0,45,0.0,0.0,0.0,0.0,0.0,0,0,0,0,0.0,0,0,0,0,0,0,0,0,0,0,0,0,0,0,0,0,0,0,0,0,0,0,0,0,0,0,0,0,0,0,0,0,0,38,14,7,45,65476,0,300,0,0,8,21553,0.0,-107605600.0,0.0,0.0,0.0,0.0,0.0,0.0,0.0,0.0,0.0,0.0,0.0,0.0,0.0,0.0,0.0,0.0,0.0,0.0,0.0,0.0,-2.004,-2.004,2.004,-2.004,0.0,0.0,0.0,0.0,5015.0,-2.004,0.0,-107615288.0,-0.0,-0.0,0.0,0.0,0.0,0.0,0.0,53,-0.0,-0.0,0.0,0.0,0.0,0.0,0.0,0.0,0.0,0,0,0,0.0,0.0,0.0,0.0,0.0,0.0,0.0,0.0,0.0,0.0,0.0,0.0,0.0,0.0,0.0,0.0,0,-107875648.0,53,0.0,106,-107614832.0,-0.0,ERR,ERR,ERR,ERR,ERR,ERR,ERR,ERR,ERR,ERR,ERR,ERR,ERR,ERR,ERR,ERR,ERR,ERR,ERR,ERR,ERR,ERR,ERR,ERR,ERR,ERR,ERR,ERR,ERR,ERR,ERR,ERR,ERR,ERR,ERR,ERR,ERR,ERR,ERR,ERR,ERR,ERR,ERR,ERR,ERR,ERR,ERR,ERR,ERR,ERR,ERR,ERR,ERR,ERR,ERR,ERR,ERR,ERR,ERR,ERR,ERR,ERR,ERR,ERR,ERR,ERR,ERR,50.0,60.0,100,0.0,0.0,0.0,0.0,0.0,0.0,0.0,0.0,0.0,0.0,0.0,0.0,0.0,0.0,0.0,0.0,61.6,75,13,65511,50,65476,0,300,0,0,8,20529,65476,0,0,26214,60.0,0.0,0.0,0.0,0.0,0.0
2026-05-17T18:01:53,ERR,ERR,ERR,ERR,ERR,ERR,ERR,ERR,ERR,ERR,ERR,ERR,ERR,ERR,ERR,ERR,ERR,ERR,ERR,ERR,ERR,ERR,ERR,ERR,ERR,ERR,ERR,ERR,ERR,ERR,ERR,ERR,ERR,ERR,ERR,ERR,ERR,ERR,ERR,ERR,ERR,ERR,ERR,ERR,ERR,ERR,ERR,ERR,ERR,ERR,ERR,ERR,ERR,ERR,ERR,ERR,ERR,ERR,ERR,ERR,ERR,ERR,ERR,ERR,ERR,ERR,ERR,ERR,ERR,ERR,ERR,ERR,ERR,ERR,ERR,ERR,ERR,ERR,ERR,ERR,ERR,ERR,ERR,ERR,ERR,ERR,ERR,ERR,ERR,ERR,ERR,ERR,ERR,ERR,ERR,ERR,ERR,ERR,ERR,ERR,ERR,ERR,ERR,ERR,ERR,ERR,ERR,ERR,ERR,ERR,ERR,ERR,ERR,ERR,ERR,ERR,ERR,ERR,ERR,ERR,ERR,ERR,ERR,ERR,ERR,-107615288.0,-0.0,-134474944.0,0.0,0.0,1.3936040501711995e+18,7.805,0.0,0,0,4,0,8422,0.0,45,0.0,0.0,0.0,0.0,0.0,0,0,0,0,0.0,0,0,0,0,0,0,0,0,0,0,0,0,0,0,0,0,0,0,0,0,0,0,0,0,0,0,0,0,0,0,0,0,0,38,14,7,45,65476,0,300,0,0,8,21553,0.0,-107605600.0,0.0,0.0,0.0,0.0,0.0,0.0,0.0,0.0,0.0,0.0,0.0,0.0,0.0,0.0,0.0,0.0,0.0,0.0,0.0,0.0,-2.004,-2.004,2.004,-2.004,0.0,0.0,0.0,0.0,5016.0,-3.697186133624698e+19,0.0,-107615288.0,-0.0,-0.0,0.0,0.0,0.0,0.0,0.0,53,-0.0,-107614784.0,0.0,0.0,0.0,0.0,0.0,0.0,0.0,0,0,0,0.0,0.0,0.0,0.0,0.0,0.0,0.0,0.0,0.0,0.0,0.0,0.0,0.0,0.0,0.0,0.0,0,-107875648.0,53,0.0,106,-107614832.0,-0.0,ERR,ERR,ERR,ERR,ERR,ERR,ERR,ERR,ERR,ERR,ERR,ERR,ERR,ERR,ERR,ERR,ERR,ERR,ERR,ERR,ERR,ERR,ERR,ERR,ERR,ERR,ERR,ERR,ERR,ERR,ERR,ERR,ERR,ERR,ERR,ERR,ERR,ERR,ERR,ERR,ERR,ERR,ERR,ERR,ERR,ERR,ERR,ERR,ERR,ERR,ERR,ERR,ERR,ERR,ERR,ERR,ERR,ERR,ERR,ERR,ERR,ERR,ERR,ERR,ERR,ERR,ERR,50.0,60.0,100,0.0,0.0,0.0,0.0,0.0,0.0,0.0,0.0,0.0,0.0,0.0,0.0,0.0,0.0,0.0,0.0,62.0,75,13,65511,50,65476,0,300,0,0,8,20529,65476,0,0,26214,60.0,0.0,0.0,0.0,0.0,0.0
2026-05-17T18:01:54,ERR,ERR,ERR,ERR,ERR,ERR,ERR,ERR,ERR,ERR,ERR,ERR,ERR,ERR,ERR,ERR,ERR,ERR,ERR,ERR,ERR,ERR,ERR,ERR,ERR,ERR,ERR,ERR,ERR,ERR,ERR,ERR,ERR,ERR,ERR,ERR,ERR,ERR,ERR,ERR,ERR,ERR,ERR,ERR,ERR,ERR,ERR,ERR,ERR,ERR,ERR,ERR,ERR,ERR,ERR,ERR,ERR,ERR,ERR,ERR,ERR,ERR,ERR,ERR,ERR,ERR,ERR,ERR,ERR,ERR,ERR,ERR,ERR,ERR,ERR,ERR,ERR,ERR,ERR,ERR,ERR,ERR,ERR,ERR,ERR,ERR,ERR,ERR,ERR,ERR,ERR,ERR,ERR,ERR,ERR,ERR,ERR,ERR,ERR,ERR,ERR,ERR,ERR,ERR,ERR,ERR,ERR,ERR,ERR,ERR,ERR,ERR,ERR,ERR,ERR,ERR,ERR,ERR,ERR,ERR,ERR,ERR,ERR,ERR,ERR,-107615288.0,-0.0,-134474944.0,0.0,0.0,1.3936040501711995e+18,7.805,0.0,0,0,4,0,8422,0.0,45,0.0,0.0,0.0,0.0,0.0,0,0,0,0,0.0,0,0,0,0,0,0,0,0,0,0,0,0,0,0,0,0,0,0,0,0,0,0,0,0,0,0,0,0,0,0,0,0,0,38,14,7,45,65476,0,300,0,0,8,21553,0.0,-107605600.0,0.0,0.0,0.0,0.0,0.0,0.0,0.0,0.0,0.0,0.0,0.0,0.0,0.0,0.0,0.0,0.0,0.0,0.0,0.0,0.0,-2.004,-2.004,2.004,-2.004,0.0,0.0,0.0,0.0,5016.0,-3.697186133624698e+19,0.0,-107615288.0,-0.0,-0.0,0.0,0.0,0.0,0.0,0.0,53,-0.0,-107614784.0,0.0,0.0,0.0,0.0,0.0,0.0,0.0,0,0,0,0.0,0.0,0.0,0.0,0.0,0.0,0.0,0.0,0.0,0.0,0.0,0.0,0.0,0.0,0.0,0.0,0,-107875648.0,53,0.0,106,-107614832.0,-0.0,ERR,ERR,ERR,ERR,ERR,ERR,ERR,ERR,ERR,ERR,ERR,ERR,ERR,ERR,ERR,ERR,ERR,ERR,ERR,ERR,ERR,ERR,ERR,ERR,ERR,ERR,ERR,ERR,ERR,ERR,ERR,ERR,ERR,ERR,ERR,ERR,ERR,ERR,ERR,ERR,ERR,ERR,ERR,ERR,ERR,ERR,ERR,ERR,ERR,ERR,ERR,ERR,ERR,ERR,ERR,ERR,ERR,ERR,ERR,ERR,ERR,ERR,ERR,ERR,ERR,ERR,ERR,50.0,60.0,100,0.0,0.0,0.0,0.0,0.0,0.0,0.0,0.0,0.0,0.0,0.0,0.0,0.0,0.0,0.0,0.0,62.0,75,13,65511,50,65476,0,300,0,0,8,20529,65476,0,0,26214,60.0,0.0,0.0,0.0,0.0,0.0
2026-05-17T18:01:55,ERR,ERR,ERR,ERR,ERR,ERR,ERR,ERR,ERR,ERR,ERR,ERR,ERR,ERR,ERR,ERR,ERR,ERR,ERR,ERR,ERR,ERR,ERR,ERR,ERR,ERR,ERR,ERR,ERR,ERR,ERR,ERR,ERR,ERR,ERR,ERR,ERR,ERR,ERR,ERR,ERR,ERR,ERR,ERR,ERR,ERR,ERR,ERR,ERR,ERR,ERR,ERR,ERR,ERR,ERR,ERR,ERR,ERR,ERR,ERR,ERR,ERR,ERR,ERR,ERR,ERR,ERR,ERR,ERR,ERR,ERR,ERR,ERR,ERR,ERR,ERR,ERR,ERR,ERR,ERR,ERR,ERR,ERR,ERR,ERR,ERR,ERR,ERR,ERR,ERR,ERR,ERR,ERR,ERR,ERR,ERR,ERR,ERR,ERR,ERR,ERR,ERR,ERR,ERR,ERR,ERR,ERR,ERR,ERR,ERR,ERR,ERR,ERR,ERR,ERR,ERR,ERR,ERR,ERR,ERR,ERR,ERR,ERR,ERR,ERR,-107615288.0,-0.0,-134474944.0,0.0,0.0,1.3936040501711995e+18,7.805,0.0,0,0,4,0,8422,0.0,45,0.0,0.0,0.0,0.0,0.0,0,0,0,0,0.0,0,0,0,0,0,0,0,0,0,0,0,0,0,0,0,0,0,0,0,0,0,0,0,0,0,0,0,0,0,0,0,0,0,38,14,7,45,65476,0,300,0,0,8,21553,0.0,-107605600.0,0.0,0.0,0.0,0.0,0.0,0.0,0.0,0.0,0.0,0.0,0.0,0.0,0.0,0.0,0.0,0.0,0.0,0.0,0.0,0.0,-2.004,-2.004,2.004,-2.004,0.0,0.0,0.0,0.0,5016.0,-3.697186133624698e+19,0.0,-107615288.0,-0.0,-0.0,0.0,0.0,0.0,0.0,0.0,53,-0.0,-107614784.0,0.0,0.0,0.0,0.0,0.0,0.0,0.0,0,0,0,0.0,0.0,0.0,0.0,0.0,0.0,0.0,0.0,0.0,0.0,0.0,0.0,0.0,0.0,0.0,0.0,0,-107875648.0,53,0.0,106,-107614832.0,-0.0,ERR,ERR,ERR,ERR,ERR,ERR,ERR,ERR,ERR,ERR,ERR,ERR,ERR,ERR,ERR,ERR,ERR,ERR,ERR,ERR,ERR,ERR,ERR,ERR,ERR,ERR,ERR,ERR,ERR,ERR,ERR,ERR,ERR,ERR,ERR,ERR,ERR,ERR,ERR,ERR,ERR,ERR,ERR,ERR,ERR,ERR,ERR,ERR,ERR,ERR,ERR,ERR,ERR,ERR,ERR,ERR,ERR,ERR,ERR,ERR,ERR,ERR,ERR,ERR,ERR,ERR,ERR,50.0,60.0,100,0.0,0.0,0.0,0.0,0.0,0.0,0.0,0.0,0.0,0.0,0.0,0.0,0.0,0.0,0.0,0.0,61.6,75,13,65511,50,65476,0,300,0,0,8,20529,65476,0,0,26214,60.0,0.0,0.0,0.0,0.0,0.0
2026-05-17T18:01:56,ERR,ERR,ERR,ERR,ERR,ERR,ERR,ERR,ERR,ERR,ERR,ERR,ERR,ERR,ERR,ERR,ERR,ERR,ERR,ERR,ERR,ERR,ERR,ERR,ERR,ERR,ERR,ERR,ERR,ERR,ERR,ERR,ERR,ERR,ERR,ERR,ERR,ERR,ERR,ERR,ERR,ERR,ERR,ERR,ERR,ERR,ERR,ERR,ERR,ERR,ERR,ERR,ERR,ERR,ERR,ERR,ERR,ERR,ERR,ERR,ERR,ERR,ERR,ERR,ERR,ERR,ERR,ERR,ERR,ERR,ERR,ERR,ERR,ERR,ERR,ERR,ERR,ERR,ERR,ERR,ERR,ERR,ERR,ERR,ERR,ERR,ERR,ERR,ERR,ERR,ERR,ERR,ERR,ERR,ERR,ERR,ERR,ERR,ERR,ERR,ERR,ERR,ERR,ERR,ERR,ERR,ERR,ERR,ERR,ERR,ERR,ERR,ERR,ERR,ERR,ERR,ERR,ERR,ERR,ERR,ERR,ERR,ERR,ERR,ERR,-107615288.0,-0.0,-134474944.0,0.0,0.0,1.3936040501711995e+18,7.805,0.0,0,0,4,0,8422,0.0,45,0.0,0.0,0.0,0.0,0.0,0,0,0,0,0.0,0,0,0,0,0,0,0,0,0,0,0,0,0,0,0,0,0,0,0,0,0,0,0,0,0,0,0,0,0,0,0,0,0,38,14,7,45,65476,0,300,0,0,8,21553,0.0,-107605600.0,0.0,0.0,0.0,0.0,0.0,0.0,0.0,0.0,0.0,0.0,0.0,0.0,0.0,0.0,0.0,0.0,0.0,0.0,0.0,0.0,-2.004,-2.004,2.004,-2.004,0.0,0.0,0.0,0.0,5016.0,-3.697186133624698e+19,0.0,-107615288.0,-0.0,-0.0,0.0,0.0,0.0,0.0,0.0,53,-0.0,-107614784.0,0.0,0.0,0.0,0.0,0.0,0.0,0.0,0,0,0,0.0,0.0,0.0,0.0,0.0,0.0,0.0,0.0,0.0,0.0,0.0,0.0,0.0,0.0,0.0,0.0,0,-107875648.0,53,0.0,106,-107614832.0,-0.0,ERR,ERR,ERR,ERR,ERR,ERR,ERR,ERR,ERR,ERR,ERR,ERR,ERR,ERR,ERR,ERR,ERR,ERR,ERR,ERR,ERR,ERR,ERR,ERR,ERR,ERR,ERR,ERR,ERR,ERR,ERR,ERR,ERR,ERR,ERR,ERR,ERR,ERR,ERR,ERR,ERR,ERR,ERR,ERR,ERR,ERR,ERR,ERR,ERR,ERR,ERR,ERR,ERR,ERR,ERR,ERR,ERR,ERR,ERR,ERR,ERR,ERR,ERR,ERR,ERR,ERR,ERR,50.0,60.0,100,0.0,0.0,0.0,0.0,0.0,0.0,0.0,0.0,0.0,0.0,0.0,0.0,0.0,0.0,0.0,0.0,61.6,75,13,65511,50,65476,0,300,0,0,8,20529,65476,0,0,26214,60.0,0.0,0.0,0.0,0.0,0.0
2026-05-17T18:01:57,ERR,ERR,ERR,ERR,ERR,ERR,ERR,ERR,ERR,ERR,ERR,ERR,ERR,ERR,ERR,ERR,ERR,ERR,ERR,ERR,ERR,ERR,ERR,ERR,ERR,ERR,ERR,ERR,ERR,ERR,ERR,ERR,ERR,ERR,ERR,ERR,ERR,ERR,ERR,ERR,ERR,ERR,ERR,ERR,ERR,ERR,ERR,ERR,ERR,ERR,ERR,ERR,ERR,ERR,ERR,ERR,ERR,ERR,ERR,ERR,ERR,ERR,ERR,ERR,ERR,ERR,ERR,ERR,ERR,ERR,ERR,ERR,ERR,ERR,ERR,ERR,ERR,ERR,ERR,ERR,ERR,ERR,ERR,ERR,ERR,ERR,ERR,ERR,ERR,ERR,ERR,ERR,ERR,ERR,ERR,ERR,ERR,ERR,ERR,ERR,ERR,ERR,ERR,ERR,ERR,ERR,ERR,ERR,ERR,ERR,ERR,ERR,ERR,ERR,ERR,ERR,ERR,ERR,ERR,ERR,ERR,ERR,ERR,ERR,ERR,-107615288.0,-0.0,-134474944.0,0.0,0.0,1.3936040501711995e+18,7.805,0.0,0,0,4,0,8422,0.0,45,0.0,0.0,0.0,0.0,0.0,0,0,0,0,0.0,0,0,0,0,0,0,0,0,0,0,0,0,0,0,0,0,0,0,0,0,0,0,0,0,0,0,0,0,0,0,0,0,0,38,14,7,45,65476,0,300,0,0,8,21553,0.0,-107605600.0,0.0,0.0,0.0,0.0,0.0,0.0,0.0,0.0,0.0,0.0,0.0,0.0,0.0,0.0,0.0,0.0,0.0,0.0,0.0,0.0,-2.004,-2.004,2.004,-2.004,0.0,0.0,0.0,0.0,5016.0,-3.697186133624698e+19,0.0,-107615288.0,-0.0,-0.0,0.0,0.0,0.0,0.0,0.0,53,-0.0,-107614784.0,0.0,0.0,0.0,0.0,0.0,0.0,0.0,0,0,0,0.0,0.0,0.0,0.0,0.0,0.0,0.0,0.0,0.0,0.0,0.0,0.0,0.0,0.0,0.0,0.0,0,-107875648.0,53,0.0,106,-107614832.0,-0.0,ERR,ERR,ERR,ERR,ERR,ERR,ERR,ERR,ERR,ERR,ERR,ERR,ERR,ERR,ERR,ERR,ERR,ERR,ERR,ERR,ERR,ERR,ERR,ERR,ERR,ERR,ERR,ERR,ERR,ERR,ERR,ERR,ERR,ERR,ERR,ERR,ERR,ERR,ERR,ERR,ERR,ERR,ERR,ERR,ERR,ERR,ERR,ERR,ERR,ERR,ERR,ERR,ERR,ERR,ERR,ERR,ERR,ERR,ERR,ERR,ERR,ERR,ERR,ERR,ERR,ERR,ERR,50.0,60.0,100,0.0,0.0,0.0,0.0,0.0,0.0,0.0,0.0,0.0,0.0,0.0,0.0,0.0,0.0,0.0,0.0,61.6,75,13,65511,50,65476,0,300,0,0,8,20529,65476,0,0,26214,60.0,0.0,0.0,0.0,0.0,0.0
2026-05-17T18:01:58,ERR,ERR,ERR,ERR,ERR,ERR,ERR,ERR,ERR,ERR,ERR,ERR,ERR,ERR,ERR,ERR,ERR,ERR,ERR,ERR,ERR,ERR,ERR,ERR,ERR,ERR,ERR,ERR,ERR,ERR,ERR,ERR,ERR,ERR,ERR,ERR,ERR,ERR,ERR,ERR,ERR,ERR,ERR,ERR,ERR,ERR,ERR,ERR,ERR,ERR,ERR,ERR,ERR,ERR,ERR,ERR,ERR,ERR,ERR,ERR,ERR,ERR,ERR,ERR,ERR,ERR,ERR,ERR,ERR,ERR,ERR,ERR,ERR,ERR,ERR,ERR,ERR,ERR,ERR,ERR,ERR,ERR,ERR,ERR,ERR,ERR,ERR,ERR,ERR,ERR,ERR,ERR,ERR,ERR,ERR,ERR,ERR,ERR,ERR,ERR,ERR,ERR,ERR,ERR,ERR,ERR,ERR,ERR,ERR,ERR,ERR,ERR,ERR,ERR,ERR,ERR,ERR,ERR,ERR,ERR,ERR,ERR,ERR,ERR,ERR,-107615288.0,-0.0,-134474944.0,0.0,0.0,1.3936040501711995e+18,7.805,0.0,0,0,4,0,8422,0.0,45,0.0,0.0,0.0,0.0,0.0,0,0,0,0,0.0,0,0,0,0,0,0,0,0,0,0,0,0,0,0,0,0,0,0,0,0,0,0,0,0,0,0,0,0,0,0,0,0,0,38,14,7,45,65476,0,300,0,0,8,21553,0.0,-107605600.0,0.0,0.0,0.0,0.0,0.0,0.0,0.0,0.0,0.0,0.0,0.0,0.0,0.0,0.0,0.0,0.0,0.0,0.0,0.0,0.0,-2.004,-2.004,2.004,0.0,0.0,0.0,0.0,0.0,5052.0,131350.453,0.0,-107615288.0,-0.0,-0.0,0.0,0.0,0.0,0.0,0.0,53,-0.0,126840545280.0,0.0,0.0,0.0,0.0,0.0,0.0,0.0,0,0,0,0.0,0.0,0.0,0.0,0.0,0.0,0.0,0.0,0.0,0.0,0.0,0.0,0.0,0.0,0.0,0.0,0,-107875648.0,53,0.0,106,-107614832.0,-0.0,ERR,ERR,ERR,ERR,ERR,ERR,ERR,ERR,ERR,ERR,ERR,ERR,ERR,ERR,ERR,ERR,ERR,ERR,ERR,ERR,ERR,ERR,ERR,ERR,ERR,ERR,ERR,ERR,ERR,ERR,ERR,ERR,ERR,ERR,ERR,ERR,ERR,ERR,ERR,ERR,ERR,ERR,ERR,ERR,ERR,ERR,ERR,ERR,ERR,ERR,ERR,ERR,ERR,ERR,ERR,ERR,ERR,ERR,ERR,ERR,ERR,ERR,ERR,ERR,ERR,ERR,ERR,50.0,60.0,100,0.0,0.0,0.0,0.0,0.0,0.0,0.0,0.0,0.0,0.0,0.0,0.0,0.0,0.0,0.0,0.0,61.6,75,13,65511,50,65476,0,300,0,0,8,20529,65476,0,0,26214,60.0,0.0,0.0,0.0,0.0,0.0
2026-05-17T18:01:59,ERR,ERR,ERR,ERR,ERR,ERR,ERR,ERR,ERR,ERR,ERR,ERR,ERR,ERR,ERR,ERR,ERR,ERR,ERR,ERR,ERR,ERR,ERR,ERR,ERR,ERR,ERR,ERR,ERR,ERR,ERR,ERR,ERR,ERR,ERR,ERR,ERR,ERR,ERR,ERR,ERR,ERR,ERR,ERR,ERR,ERR,ERR,ERR,ERR,ERR,ERR,ERR,ERR,ERR,ERR,ERR,ERR,ERR,ERR,ERR,ERR,ERR,ERR,ERR,ERR,ERR,ERR,ERR,ERR,ERR,ERR,ERR,ERR,ERR,ERR,ERR,ERR,ERR,ERR,ERR,ERR,ERR,ERR,ERR,ERR,ERR,ERR,ERR,ERR,ERR,ERR,ERR,ERR,ERR,ERR,ERR,ERR,ERR,ERR,ERR,ERR,ERR,ERR,ERR,ERR,ERR,ERR,ERR,ERR,ERR,ERR,ERR,ERR,ERR,ERR,ERR,ERR,ERR,ERR,ERR,ERR,ERR,ERR,ERR,ERR,-107615288.0,-0.0,-134474944.0,0.0,0.0,1.3936040501711995e+18,7.805,0.0,0,0,4,0,8422,0.0,45,0.0,0.0,0.0,0.0,0.0,0,0,0,0,0.0,0,0,0,0,0,0,0,0,0,0,0,0,0,0,0,0,0,0,0,0,0,0,0,0,0,0,0,0,0,0,0,0,0,38,14,7,45,65476,0,300,0,0,8,21553,0.0,-107605600.0,0.0,0.0,0.0,0.0,0.0,0.0,0.0,0.0,0.0,0.0,0.0,0.0,0.0,0.0,0.0,0.0,0.0,0.0,0.0,0.0,-2.004,-2.004,2.004,0.0,0.0,0.0,0.0,0.0,5052.0,131350.453,0.0,-107615288.0,-0.0,-0.0,0.0,0.0,0.0,0.0,0.0,53,-0.0,126840545280.0,0.0,0.0,0.0,0.0,0.0,0.0,0.0,0,0,0,0.0,0.0,0.0,0.0,0.0,0.0,0.0,0.0,0.0,0.0,0.0,0.0,0.0,0.0,0.0,0.0,0,-107875648.0,53,0.0,106,-107614832.0,-0.0,ERR,ERR,ERR,ERR,ERR,ERR,ERR,ERR,ERR,ERR,ERR,ERR,ERR,ERR,ERR,ERR,ERR,ERR,ERR,ERR,ERR,ERR,ERR,ERR,ERR,ERR,ERR,ERR,ERR,ERR,ERR,ERR,ERR,ERR,ERR,ERR,ERR,ERR,ERR,ERR,ERR,ERR,ERR,ERR,ERR,ERR,ERR,ERR,ERR,ERR,ERR,ERR,ERR,ERR,ERR,ERR,ERR,ERR,ERR,ERR,ERR,ERR,ERR,ERR,ERR,ERR,ERR,50.0,60.0,100,0.0,0.0,0.0,0.0,0.0,0.0,0.0,0.0,0.0,0.0,0.0,0.0,0.0,0.0,0.0,0.0,61.6,75,13,65511,50,65476,0,300,0,0,8,20529,65476,0,0,26214,60.0,0.0,0.0,0.0,0.0,0.0
2026-05-17T18:02:00,ERR,ERR,ERR,ERR,ERR,ERR,ERR,ERR,ERR,ERR,ERR,ERR,ERR,ERR,ERR,ERR,ERR,ERR,ERR,ERR,ERR,ERR,ERR,ERR,ERR,ERR,ERR,ERR,ERR,ERR,ERR,ERR,ERR,ERR,ERR,ERR,ERR,ERR,ERR,ERR,ERR,ERR,ERR,ERR,ERR,ERR,ERR,ERR,ERR,ERR,ERR,ERR,ERR,ERR,ERR,ERR,ERR,ERR,ERR,ERR,ERR,ERR,ERR,ERR,ERR,ERR,ERR,ERR,ERR,ERR,ERR,ERR,ERR,ERR,ERR,ERR,ERR,ERR,ERR,ERR,ERR,ERR,ERR,ERR,ERR,ERR,ERR,ERR,ERR,ERR,ERR,ERR,ERR,ERR,ERR,ERR,ERR,ERR,ERR,ERR,ERR,ERR,ERR,ERR,ERR,ERR,ERR,ERR,ERR,ERR,ERR,ERR,ERR,ERR,ERR,ERR,ERR,ERR,ERR,ERR,ERR,ERR,ERR,ERR,ERR,-107615288.0,-0.0,-134474944.0,0.0,0.0,1.3936040501711995e+18,7.805,0.0,0,0,4,0,8422,0.0,45,0.0,0.0,0.0,0.0,0.0,0,0,0,0,0.0,0,0,0,0,0,0,0,0,0,0,0,0,0,0,0,0,0,0,0,0,0,0,0,0,0,0,0,0,0,0,0,0,0,38,14,7,45,65476,0,300,0,0,8,21553,0.0,-107605600.0,0.0,0.0,0.0,0.0,0.0,0.0,0.0,0.0,0.0,0.0,0.0,0.0,0.0,0.0,0.0,0.0,0.0,0.0,0.0,0.0,-2.004,-2.004,2.004,0.0,0.0,0.0,0.0,0.0,5052.0,131350.453,0.0,-107615288.0,-0.0,-0.0,0.0,0.0,0.0,0.0,0.0,53,-0.0,126840545280.0,0.0,0.0,0.0,0.0,0.0,0.0,0.0,0,0,0,0.0,0.0,0.0,0.0,0.0,0.0,0.0,0.0,0.0,0.0,0.0,0.0,0.0,0.0,0.0,0.0,0,-107875648.0,53,0.0,106,-107614832.0,-0.0,ERR,ERR,ERR,ERR,ERR,ERR,ERR,ERR,ERR,ERR,ERR,ERR,ERR,ERR,ERR,ERR,ERR,ERR,ERR,ERR,ERR,ERR,ERR,ERR,ERR,ERR,ERR,ERR,ERR,ERR,ERR,ERR,ERR,ERR,ERR,ERR,ERR,ERR,ERR,ERR,ERR,ERR,ERR,ERR,ERR,ERR,ERR,ERR,ERR,ERR,ERR,ERR,ERR,ERR,ERR,ERR,ERR,ERR,ERR,ERR,ERR,ERR,ERR,ERR,ERR,ERR,ERR,50.0,60.0,100,0.0,0.0,0.0,0.0,0.0,0.0,0.0,0.0,0.0,0.0,0.0,0.0,0.0,0.0,0.0,0.0,62.0,75,13,65511,50,65476,0,300,0,0,8,20529,65476,0,0,26214,60.0,0.0,0.0,0.0,0.0,0.0
2026-05-17T18:02:01,ERR,ERR,ERR,ERR,ERR,ERR,ERR,ERR,ERR,ERR,ERR,ERR,ERR,ERR,ERR,ERR,ERR,ERR,ERR,ERR,ERR,ERR,ERR,ERR,ERR,ERR,ERR,ERR,ERR,ERR,ERR,ERR,ERR,ERR,ERR,ERR,ERR,ERR,ERR,ERR,ERR,ERR,ERR,ERR,ERR,ERR,ERR,ERR,ERR,ERR,ERR,ERR,ERR,ERR,ERR,ERR,ERR,ERR,ERR,ERR,ERR,ERR,ERR,ERR,ERR,ERR,ERR,ERR,ERR,ERR,ERR,ERR,ERR,ERR,ERR,ERR,ERR,ERR,ERR,ERR,ERR,ERR,ERR,ERR,ERR,ERR,ERR,ERR,ERR,ERR,ERR,ERR,ERR,ERR,ERR,ERR,ERR,ERR,ERR,ERR,ERR,ERR,ERR,ERR,ERR,ERR,ERR,ERR,ERR,ERR,ERR,ERR,ERR,ERR,ERR,ERR,ERR,ERR,ERR,ERR,ERR,ERR,ERR,ERR,ERR,-107615288.0,-0.0,-134474944.0,0.0,0.0,1.3936040501711995e+18,7.805,0.0,0,0,4,0,8422,0.0,45,0.0,0.0,0.0,0.0,0.0,0,0,0,0,0.0,0,0,0,0,0,0,0,0,0,0,0,0,0,0,0,0,0,0,0,0,0,0,0,0,0,0,0,0,0,0,0,0,0,38,14,7,45,65476,0,300,0,0,8,21553,0.0,-107605600.0,0.0,0.0,0.0,0.0,0.0,0.0,0.0,0.0,0.0,0.0,0.0,0.0,0.0,0.0,0.0,0.0,0.0,0.0,0.0,0.0,-2.004,-2.004,2.004,0.0,0.0,0.0,0.0,0.0,5052.0,131350.453,0.0,-107615288.0,-0.0,-0.0,0.0,0.0,0.0,0.0,0.0,53,-0.0,126840545280.0,0.0,0.0,0.0,0.0,0.0,0.0,0.0,0,0,0,0.0,0.0,0.0,0.0,0.0,0.0,0.0,0.0,0.0,0.0,0.0,0.0,0.0,0.0,0.0,0.0,0,-107875648.0,53,0.0,106,-107614832.0,-0.0,ERR,ERR,ERR,ERR,ERR,ERR,ERR,ERR,ERR,ERR,ERR,ERR,ERR,ERR,ERR,ERR,ERR,ERR,ERR,ERR,ERR,ERR,ERR,ERR,ERR,ERR,ERR,ERR,ERR,ERR,ERR,ERR,ERR,ERR,ERR,ERR,ERR,ERR,ERR,ERR,ERR,ERR,ERR,ERR,ERR,ERR,ERR,ERR,ERR,ERR,ERR,ERR,ERR,ERR,ERR,ERR,ERR,ERR,ERR,ERR,ERR,ERR,ERR,ERR,ERR,ERR,ERR,50.0,60.0,100,0.0,0.0,0.0,0.0,0.0,0.0,0.0,0.0,0.0,0.0,0.0,0.0,0.0,0.0,0.0,0.0,62.0,75,13,65511,50,65476,0,300,0,0,8,20529,65476,0,0,26214,60.0,0.0,0.0,0.0,0.0,0.0
2026-05-17T18:02:02,ERR,ERR,ERR,ERR,ERR,ERR,ERR,ERR,ERR,ERR,ERR,ERR,ERR,ERR,ERR,ERR,ERR,ERR,ERR,ERR,ERR,ERR,ERR,ERR,ERR,ERR,ERR,ERR,ERR,ERR,ERR,ERR,ERR,ERR,ERR,ERR,ERR,ERR,ERR,ERR,ERR,ERR,ERR,ERR,ERR,ERR,ERR,ERR,ERR,ERR,ERR,ERR,ERR,ERR,ERR,ERR,ERR,ERR,ERR,ERR,ERR,ERR,ERR,ERR,ERR,ERR,ERR,ERR,ERR,ERR,ERR,ERR,ERR,ERR,ERR,ERR,ERR,ERR,ERR,ERR,ERR,ERR,ERR,ERR,ERR,ERR,ERR,ERR,ERR,ERR,ERR,ERR,ERR,ERR,ERR,ERR,ERR,ERR,ERR,ERR,ERR,ERR,ERR,ERR,ERR,ERR,ERR,ERR,ERR,ERR,ERR,ERR,ERR,ERR,ERR,ERR,ERR,ERR,ERR,ERR,ERR,ERR,ERR,ERR,ERR,-107615288.0,-0.0,-134474944.0,0.0,0.0,1.3936040501711995e+18,7.805,0.0,0,0,4,0,8422,0.0,45,0.0,0.0,0.0,0.0,0.0,0,0,0,0,0.0,0,0,0,0,0,0,0,0,0,0,0,0,0,0,0,0,0,0,0,0,0,0,0,0,0,0,0,0,0,0,0,0,0,38,14,7,45,65476,0,300,0,0,8,21553,0.0,-107605600.0,0.0,0.0,0.0,0.0,0.0,0.0,0.0,0.0,0.0,0.0,0.0,0.0,0.0,0.0,0.0,0.0,0.0,0.0,0.0,0.0,-2.004,-2.004,2.004,0.0,0.0,0.0,0.0,0.0,5052.0,131350.453,0.0,-107615288.0,-0.0,-0.0,0.0,0.0,0.0,0.0,0.0,53,-0.0,126840545280.0,0.0,0.0,0.0,0.0,0.0,0.0,0.0,0,0,0,0.0,0.0,0.0,0.0,0.0,0.0,0.0,0.0,0.0,0.0,0.0,0.0,0.0,0.0,0.0,0.0,0,-107875648.0,53,0.0,106,-107614832.0,-0.0,ERR,ERR,ERR,ERR,ERR,ERR,ERR,ERR,ERR,ERR,ERR,ERR,ERR,ERR,ERR,ERR,ERR,ERR,ERR,ERR,ERR,ERR,ERR,ERR,ERR,ERR,ERR,ERR,ERR,ERR,ERR,ERR,ERR,ERR,ERR,ERR,ERR,ERR,ERR,ERR,ERR,ERR,ERR,ERR,ERR,ERR,ERR,ERR,ERR,ERR,ERR,ERR,ERR,ERR,ERR,ERR,ERR,ERR,ERR,ERR,ERR,ERR,ERR,ERR,ERR,ERR,ERR,50.0,60.0,100,0.0,0.0,0.0,0.0,0.0,0.0,0.0,0.0,0.0,0.0,0.0,0.0,0.0,0.0,0.0,0.0,61.6,75,13,65511,50,65476,0,300,0,0,8,20529,65476,0,0,26214,60.0,0.0,0.0,0.0,0.0,0.0
2026-05-17T18:02:03,ERR,ERR,ERR,ERR,ERR,ERR,ERR,ERR,ERR,ERR,ERR,ERR,ERR,ERR,ERR,ERR,ERR,ERR,ERR,ERR,ERR,ERR,ERR,ERR,ERR,ERR,ERR,ERR,ERR,ERR,ERR,ERR,ERR,ERR,ERR,ERR,ERR,ERR,ERR,ERR,ERR,ERR,ERR,ERR,ERR,ERR,ERR,ERR,ERR,ERR,ERR,ERR,ERR,ERR,ERR,ERR,ERR,ERR,ERR,ERR,ERR,ERR,ERR,ERR,ERR,ERR,ERR,ERR,ERR,ERR,ERR,ERR,ERR,ERR,ERR,ERR,ERR,ERR,ERR,ERR,ERR,ERR,ERR,ERR,ERR,ERR,ERR,ERR,ERR,ERR,ERR,ERR,ERR,ERR,ERR,ERR,ERR,ERR,ERR,ERR,ERR,ERR,ERR,ERR,ERR,ERR,ERR,ERR,ERR,ERR,ERR,ERR,ERR,ERR,ERR,ERR,ERR,ERR,ERR,ERR,ERR,ERR,ERR,ERR,ERR,-107615288.0,-0.0,-134474944.0,0.0,0.0,1.3936040501711995e+18,7.805,0.0,0,0,4,0,8422,0.0,45,0.0,0.0,0.0,0.0,0.0,0,0,0,0,0.0,0,0,0,0,0,0,0,0,0,0,0,0,0,0,0,0,0,0,0,0,0,0,0,0,0,0,0,0,0,0,0,0,0,38,14,7,45,65476,0,300,0,0,8,21553,0.0,-107605600.0,0.0,0.0,0.0,0.0,0.0,0.0,0.0,0.0,0.0,0.0,0.0,0.0,0.0,0.0,0.0,0.0,0.0,0.0,0.0,0.0,-2.004,-2.004,2.004,-2.004,0.0,0.0,0.0,0.0,5049.0,3.697186573429349e+19,0.0,-107615288.0,-0.0,-0.0,0.0,0.0,0.0,0.0,0.0,53,-0.0,4.0668540358038725e+29,0.0,0.0,0.0,0.0,0.0,0.0,0.0,0,0,0,0.0,0.0,0.0,0.0,0.0,0.0,0.0,0.0,0.0,0.0,0.0,0.0,0.0,0.0,0.0,0.0,0,-107875648.0,53,0.0,106,-107614832.0,-0.0,ERR,ERR,ERR,ERR,ERR,ERR,ERR,ERR,ERR,ERR,ERR,ERR,ERR,ERR,ERR,ERR,ERR,ERR,ERR,ERR,ERR,ERR,ERR,ERR,ERR,ERR,ERR,ERR,ERR,ERR,ERR,ERR,ERR,ERR,ERR,ERR,ERR,ERR,ERR,ERR,ERR,ERR,ERR,ERR,ERR,ERR,ERR,ERR,ERR,ERR,ERR,ERR,ERR,ERR,ERR,ERR,ERR,ERR,ERR,ERR,ERR,ERR,ERR,ERR,ERR,ERR,ERR,50.0,60.0,100,0.0,0.0,0.0,0.0,0.0,0.0,0.0,0.0,0.0,0.0,0.0,0.0,0.0,0.0,0.0,0.0,61.6,75,13,65511,50,65476,0,300,0,0,8,20529,65476,0,0,26214,60.0,0.0,0.0,0.0,0.0,0.0
2026-05-17T18:02:04,ERR,ERR,ERR,ERR,ERR,ERR,ERR,ERR,ERR,ERR,ERR,ERR,ERR,ERR,ERR,ERR,ERR,ERR,ERR,ERR,ERR,ERR,ERR,ERR,ERR,ERR,ERR,ERR,ERR,ERR,ERR,ERR,ERR,ERR,ERR,ERR,ERR,ERR,ERR,ERR,ERR,ERR,ERR,ERR,ERR,ERR,ERR,ERR,ERR,ERR,ERR,ERR,ERR,ERR,ERR,ERR,ERR,ERR,ERR,ERR,ERR,ERR,ERR,ERR,ERR,ERR,ERR,ERR,ERR,ERR,ERR,ERR,ERR,ERR,ERR,ERR,ERR,ERR,ERR,ERR,ERR,ERR,ERR,ERR,ERR,ERR,ERR,ERR,ERR,ERR,ERR,ERR,ERR,ERR,ERR,ERR,ERR,ERR,ERR,ERR,ERR,ERR,ERR,ERR,ERR,ERR,ERR,ERR,ERR,ERR,ERR,ERR,ERR,ERR,ERR,ERR,ERR,ERR,ERR,ERR,ERR,ERR,ERR,ERR,ERR,-107615288.0,-0.0,-134474944.0,0.0,0.0,1.3936040501711995e+18,7.805,0.0,0,0,4,0,8422,0.0,45,0.0,0.0,0.0,0.0,0.0,0,0,0,0,0.0,0,0,0,0,0,0,0,0,0,0,0,0,0,0,0,0,0,0,0,0,0,0,0,0,0,0,0,0,0,0,0,0,0,38,14,7,45,65476,0,300,0,0,8,21553,0.0,-107605600.0,0.0,0.0,0.0,0.0,0.0,0.0,0.0,0.0,0.0,0.0,0.0,0.0,0.0,0.0,0.0,0.0,0.0,0.0,0.0,0.0,-2.004,-2.004,2.004,-2.004,0.0,0.0,0.0,0.0,5049.0,3.697186573429349e+19,0.0,-107615288.0,-0.0,-0.0,0.0,0.0,0.0,0.0,0.0,53,-0.0,4.0668540358038725e+29,0.0,0.0,0.0,0.0,0.0,0.0,0.0,0,0,0,0.0,0.0,0.0,0.0,0.0,0.0,0.0,0.0,0.0,0.0,0.0,0.0,0.0,0.0,0.0,0.0,0,-107875648.0,53,0.0,106,-107614832.0,-0.0,ERR,ERR,ERR,ERR,ERR,ERR,ERR,ERR,ERR,ERR,ERR,ERR,ERR,ERR,ERR,ERR,ERR,ERR,ERR,ERR,ERR,ERR,ERR,ERR,ERR,ERR,ERR,ERR,ERR,ERR,ERR,ERR,ERR,ERR,ERR,ERR,ERR,ERR,ERR,ERR,ERR,ERR,ERR,ERR,ERR,ERR,ERR,ERR,ERR,ERR,ERR,ERR,ERR,ERR,ERR,ERR,ERR,ERR,ERR,ERR,ERR,ERR,ERR,ERR,ERR,ERR,ERR,50.0,60.0,100,0.0,0.0,0.0,0.0,0.0,0.0,0.0,0.0,0.0,0.0,0.0,0.0,0.0,0.0,0.0,0.0,61.6,75,13,65511,50,65476,0,300,0,0,8,20529,65476,0,0,26214,60.0,0.0,0.0,0.0,0.0,0.0
2026-05-17T18:02:05,ERR,ERR,ERR,ERR,ERR,ERR,ERR,ERR,ERR,ERR,ERR,ERR,ERR,ERR,ERR,ERR,ERR,ERR,ERR,ERR,ERR,ERR,ERR,ERR,ERR,ERR,ERR,ERR,ERR,ERR,ERR,ERR,ERR,ERR,ERR,ERR,ERR,ERR,ERR,ERR,ERR,ERR,ERR,ERR,ERR,ERR,ERR,ERR,ERR,ERR,ERR,ERR,ERR,ERR,ERR,ERR,ERR,ERR,ERR,ERR,ERR,ERR,ERR,ERR,ERR,ERR,ERR,ERR,ERR,ERR,ERR,ERR,ERR,ERR,ERR,ERR,ERR,ERR,ERR,ERR,ERR,ERR,ERR,ERR,ERR,ERR,ERR,ERR,ERR,ERR,ERR,ERR,ERR,ERR,ERR,ERR,ERR,ERR,ERR,ERR,ERR,ERR,ERR,ERR,ERR,ERR,ERR,ERR,ERR,ERR,ERR,ERR,ERR,ERR,ERR,ERR,ERR,ERR,ERR,ERR,ERR,ERR,ERR,ERR,ERR,-107615288.0,-0.0,-134474944.0,0.0,0.0,1.3936040501711995e+18,7.805,0.0,0,0,4,0,8422,0.0,45,0.0,0.0,0.0,0.0,0.0,0,0,0,0,0.0,0,0,0,0,0,0,0,0,0,0,0,0,0,0,0,0,0,0,0,0,0,0,0,0,0,0,0,0,0,0,0,0,0,38,14,7,45,65476,0,300,0,0,8,21553,0.0,-107605600.0,0.0,0.0,0.0,0.0,0.0,0.0,0.0,0.0,0.0,0.0,0.0,0.0,0.0,0.0,0.0,0.0,0.0,0.0,0.0,0.0,-2.004,-2.004,2.004,-2.004,0.0,0.0,0.0,0.0,5049.0,3.697186573429349e+19,0.0,-107615288.0,-0.0,-0.0,0.0,0.0,0.0,0.0,0.0,53,-0.0,4.0668540358038725e+29,0.0,0.0,0.0,0.0,0.0,0.0,0.0,0,0,0,0.0,0.0,0.0,0.0,0.0,0.0,0.0,0.0,0.0,0.0,0.0,0.0,0.0,0.0,0.0,0.0,0,-107875648.0,53,0.0,106,-107614832.0,-0.0,ERR,ERR,ERR,ERR,ERR,ERR,ERR,ERR,ERR,ERR,ERR,ERR,ERR,ERR,ERR,ERR,ERR,ERR,ERR,ERR,ERR,ERR,ERR,ERR,ERR,ERR,ERR,ERR,ERR,ERR,ERR,ERR,ERR,ERR,ERR,ERR,ERR,ERR,ERR,ERR,ERR,ERR,ERR,ERR,ERR,ERR,ERR,ERR,ERR,ERR,ERR,ERR,ERR,ERR,ERR,ERR,ERR,ERR,ERR,ERR,ERR,ERR,ERR,ERR,ERR,ERR,ERR,50.0,60.0,100,0.0,0.0,0.0,0.0,0.0,0.0,0.0,0.0,0.0,0.0,0.0,0.0,0.0,0.0,0.0,0.0,62.0,75,13,65511,50,65476,0,300,0,0,8,20529,65476,0,0,26214,60.0,0.0,0.0,0.0,0.0,0.0
2026-05-17T18:02:06,ERR,ERR,ERR,ERR,ERR,ERR,ERR,ERR,ERR,ERR,ERR,ERR,ERR,ERR,ERR,ERR,ERR,ERR,ERR,ERR,ERR,ERR,ERR,ERR,ERR,ERR,ERR,ERR,ERR,ERR,ERR,ERR,ERR,ERR,ERR,ERR,ERR,ERR,ERR,ERR,ERR,ERR,ERR,ERR,ERR,ERR,ERR,ERR,ERR,ERR,ERR,ERR,ERR,ERR,ERR,ERR,ERR,ERR,ERR,ERR,ERR,ERR,ERR,ERR,ERR,ERR,ERR,ERR,ERR,ERR,ERR,ERR,ERR,ERR,ERR,ERR,ERR,ERR,ERR,ERR,ERR,ERR,ERR,ERR,ERR,ERR,ERR,ERR,ERR,ERR,ERR,ERR,ERR,ERR,ERR,ERR,ERR,ERR,ERR,ERR,ERR,ERR,ERR,ERR,ERR,ERR,ERR,ERR,ERR,ERR,ERR,ERR,ERR,ERR,ERR,ERR,ERR,ERR,ERR,ERR,ERR,ERR,ERR,ERR,ERR,-107615288.0,-0.0,-134474944.0,0.0,0.0,1.3936040501711995e+18,7.805,0.0,0,0,4,0,8422,0.0,45,0.0,0.0,0.0,0.0,0.0,0,0,0,0,0.0,0,0,0,0,0,0,0,0,0,0,0,0,0,0,0,0,0,0,0,0,0,0,0,0,0,0,0,0,0,0,0,0,0,38,14,7,45,65476,0,300,0,0,8,21553,0.0,-107605600.0,0.0,0.0,0.0,0.0,0.0,0.0,0.0,0.0,0.0,0.0,0.0,0.0,0.0,0.0,0.0,0.0,0.0,0.0,0.0,0.0,-2.004,-2.004,2.004,-2.004,0.0,0.0,0.0,0.0,5049.0,3.697186573429349e+19,0.0,-107615288.0,-0.0,-0.0,0.0,0.0,0.0,0.0,0.0,53,-0.0,4.0668540358038725e+29,0.0,0.0,0.0,0.0,0.0,0.0,0.0,0,0,0,0.0,0.0,0.0,0.0,0.0,0.0,0.0,0.0,0.0,0.0,0.0,0.0,0.0,0.0,0.0,0.0,0,-107875648.0,53,0.0,106,-107614832.0,-0.0,ERR,ERR,ERR,ERR,ERR,ERR,ERR,ERR,ERR,ERR,ERR,ERR,ERR,ERR,ERR,ERR,ERR,ERR,ERR,ERR,ERR,ERR,ERR,ERR,ERR,ERR,ERR,ERR,ERR,ERR,ERR,ERR,ERR,ERR,ERR,ERR,ERR,ERR,ERR,ERR,ERR,ERR,ERR,ERR,ERR,ERR,ERR,ERR,ERR,ERR,ERR,ERR,ERR,ERR,ERR,ERR,ERR,ERR,ERR,ERR,ERR,ERR,ERR,ERR,ERR,ERR,ERR,50.0,60.0,100,0.0,0.0,0.0,0.0,0.0,0.0,0.0,0.0,0.0,0.0,0.0,0.0,0.0,0.0,0.0,0.0,62.0,75,13,65511,50,65476,0,300,0,0,8,20529,65476,0,0,26214,60.0,0.0,0.0,0.0,0.0,0.0
2026-05-17T18:02:07,ERR,ERR,ERR,ERR,ERR,ERR,ERR,ERR,ERR,ERR,ERR,ERR,ERR,ERR,ERR,ERR,ERR,ERR,ERR,ERR,ERR,ERR,ERR,ERR,ERR,ERR,ERR,ERR,ERR,ERR,ERR,ERR,ERR,ERR,ERR,ERR,ERR,ERR,ERR,ERR,ERR,ERR,ERR,ERR,ERR,ERR,ERR,ERR,ERR,ERR,ERR,ERR,ERR,ERR,ERR,ERR,ERR,ERR,ERR,ERR,ERR,ERR,ERR,ERR,ERR,ERR,ERR,ERR,ERR,ERR,ERR,ERR,ERR,ERR,ERR,ERR,ERR,ERR,ERR,ERR,ERR,ERR,ERR,ERR,ERR,ERR,ERR,ERR,ERR,ERR,ERR,ERR,ERR,ERR,ERR,ERR,ERR,ERR,ERR,ERR,ERR,ERR,ERR,ERR,ERR,ERR,ERR,ERR,ERR,ERR,ERR,ERR,ERR,ERR,ERR,ERR,ERR,ERR,ERR,ERR,ERR,ERR,ERR,ERR,ERR,-107615288.0,-0.0,-134474944.0,0.0,0.0,1.3936040501711995e+18,7.805,0.0,0,0,4,0,8422,0.0,45,0.0,0.0,0.0,0.0,0.0,0,0,0,0,0.0,0,0,0,0,0,0,0,0,0,0,0,0,0,0,0,0,0,0,0,0,0,0,0,0,0,0,0,0,0,0,0,0,0,38,14,7,45,65476,0,300,0,0,8,21553,0.0,-107605600.0,0.0,0.0,0.0,0.0,0.0,0.0,0.0,0.0,0.0,0.0,0.0,0.0,0.0,0.0,0.0,0.0,0.0,0.0,0.0,0.0,-2.004,-2.004,2.004,-2.004,0.0,0.0,0.0,0.0,5049.0,3.697186573429349e+19,0.0,-107615288.0,-0.0,-0.0,0.0,0.0,0.0,0.0,0.0,53,-0.0,4.0668540358038725e+29,0.0,0.0,0.0,0.0,0.0,0.0,0.0,0,0,0,0.0,0.0,0.0,0.0,0.0,0.0,0.0,0.0,0.0,0.0,0.0,0.0,0.0,0.0,0.0,0.0,0,-107875648.0,53,0.0,106,-107614832.0,-0.0,ERR,ERR,ERR,ERR,ERR,ERR,ERR,ERR,ERR,ERR,ERR,ERR,ERR,ERR,ERR,ERR,ERR,ERR,ERR,ERR,ERR,ERR,ERR,ERR,ERR,ERR,ERR,ERR,ERR,ERR,ERR,ERR,ERR,ERR,ERR,ERR,ERR,ERR,ERR,ERR,ERR,ERR,ERR,ERR,ERR,ERR,ERR,ERR,ERR,ERR,ERR,ERR,ERR,ERR,ERR,ERR,ERR,ERR,ERR,ERR,ERR,ERR,ERR,ERR,ERR,ERR,ERR,50.0,60.0,100,0.0,0.0,0.0,0.0,0.0,0.0,0.0,0.0,0.0,0.0,0.0,0.0,0.0,0.0,0.0,0.0,61.6,75,13,65511,50,65476,0,300,0,0,8,20529,65476,0,0,26214,60.0,0.0,0.0,0.0,0.0,0.0
2026-05-17T18:02:08,ERR,ERR,ERR,ERR,ERR,ERR,ERR,ERR,ERR,ERR,ERR,ERR,ERR,ERR,ERR,ERR,ERR,ERR,ERR,ERR,ERR,ERR,ERR,ERR,ERR,ERR,ERR,ERR,ERR,ERR,ERR,ERR,ERR,ERR,ERR,ERR,ERR,ERR,ERR,ERR,ERR,ERR,ERR,ERR,ERR,ERR,ERR,ERR,ERR,ERR,ERR,ERR,ERR,ERR,ERR,ERR,ERR,ERR,ERR,ERR,ERR,ERR,ERR,ERR,ERR,ERR,ERR,ERR,ERR,ERR,ERR,ERR,ERR,ERR,ERR,ERR,ERR,ERR,ERR,ERR,ERR,ERR,ERR,ERR,ERR,ERR,ERR,ERR,ERR,ERR,ERR,ERR,ERR,ERR,ERR,ERR,ERR,ERR,ERR,ERR,ERR,ERR,ERR,ERR,ERR,ERR,ERR,ERR,ERR,ERR,ERR,ERR,ERR,ERR,ERR,ERR,ERR,ERR,ERR,ERR,ERR,ERR,ERR,ERR,ERR,-107615288.0,-0.0,-134474944.0,0.0,0.0,1.3936040501711995e+18,7.805,0.0,0,0,4,0,8422,0.0,45,0.0,0.0,0.0,0.0,0.0,0,0,0,0,0.0,0,0,0,0,0,0,0,0,0,0,0,0,0,0,0,0,0,0,0,0,0,0,0,0,0,0,0,0,0,0,0,0,0,38,14,7,45,65476,0,300,0,0,8,21553,0.0,-107605600.0,0.0,0.0,0.0,0.0,0.0,0.0,0.0,0.0,0.0,0.0,0.0,0.0,0.0,0.0,0.0,0.0,0.0,0.0,0.0,0.0,-2.004,-2.004,2.004,-2.004,0.0,0.0,0.0,0.0,5052.0,2.422988192762658e+24,0.0,-107615288.0,-0.0,-0.0,0.0,0.0,0.0,0.0,0.0,53,-0.0,5.848056079300204e+35,0.0,0.0,0.0,0.0,0.0,0.0,0.0,0,0,0,0.0,0.0,0.0,0.0,0.0,0.0,0.0,0.0,0.0,0.0,0.0,0.0,0.0,0.0,0.0,0.0,0,-107875648.0,53,0.0,106,-107614832.0,-0.0,ERR,ERR,ERR,ERR,ERR,ERR,ERR,ERR,ERR,ERR,ERR,ERR,ERR,ERR,ERR,ERR,ERR,ERR,ERR,ERR,ERR,ERR,ERR,ERR,ERR,ERR,ERR,ERR,ERR,ERR,ERR,ERR,ERR,ERR,ERR,ERR,ERR,ERR,ERR,ERR,ERR,ERR,ERR,ERR,ERR,ERR,ERR,ERR,ERR,ERR,ERR,ERR,ERR,ERR,ERR,ERR,ERR,ERR,ERR,ERR,ERR,ERR,ERR,ERR,ERR,ERR,ERR,50.0,60.0,100,0.0,0.0,0.0,0.0,0.0,0.0,0.0,0.0,0.0,0.0,0.0,0.0,0.0,0.0,0.0,0.0,61.6,75,13,65511,50,65476,0,300,0,0,8,20529,65476,0,0,26214,60.0,0.0,0.0,0.0,0.0,0.0
2026-05-17T18:02:09,ERR,ERR,ERR,ERR,ERR,ERR,ERR,ERR,ERR,ERR,ERR,ERR,ERR,ERR,ERR,ERR,ERR,ERR,ERR,ERR,ERR,ERR,ERR,ERR,ERR,ERR,ERR,ERR,ERR,ERR,ERR,ERR,ERR,ERR,ERR,ERR,ERR,ERR,ERR,ERR,ERR,ERR,ERR,ERR,ERR,ERR,ERR,ERR,ERR,ERR,ERR,ERR,ERR,ERR,ERR,ERR,ERR,ERR,ERR,ERR,ERR,ERR,ERR,ERR,ERR,ERR,ERR,ERR,ERR,ERR,ERR,ERR,ERR,ERR,ERR,ERR,ERR,ERR,ERR,ERR,ERR,ERR,ERR,ERR,ERR,ERR,ERR,ERR,ERR,ERR,ERR,ERR,ERR,ERR,ERR,ERR,ERR,ERR,ERR,ERR,ERR,ERR,ERR,ERR,ERR,ERR,ERR,ERR,ERR,ERR,ERR,ERR,ERR,ERR,ERR,ERR,ERR,ERR,ERR,ERR,ERR,ERR,ERR,ERR,ERR,-107615288.0,-0.0,-134474944.0,0.0,0.0,1.3936040501711995e+18,7.805,0.0,0,0,4,0,8422,0.0,45,0.0,0.0,0.0,0.0,0.0,0,0,0,0,0.0,0,0,0,0,0,0,0,0,0,0,0,0,0,0,0,0,0,0,0,0,0,0,0,0,0,0,0,0,0,0,0,0,0,38,14,7,45,65476,0,300,0,0,8,21553,0.0,-107605600.0,0.0,0.0,0.0,0.0,0.0,0.0,0.0,0.0,0.0,0.0,0.0,0.0,0.0,0.0,0.0,0.0,0.0,0.0,0.0,0.0,-2.004,-2.004,2.004,-2.004,0.0,0.0,0.0,0.0,5052.0,2.422988192762658e+24,0.0,-107615288.0,-0.0,-0.0,0.0,0.0,0.0,0.0,0.0,53,-0.0,5.848056079300204e+35,0.0,0.0,0.0,0.0,0.0,0.0,0.0,0,0,0,0.0,0.0,0.0,0.0,0.0,0.0,0.0,0.0,0.0,0.0,0.0,0.0,0.0,0.0,0.0,0.0,0,-107875648.0,53,0.0,106,-107614832.0,-0.0,ERR,ERR,ERR,ERR,ERR,ERR,ERR,ERR,ERR,ERR,ERR,ERR,ERR,ERR,ERR,ERR,ERR,ERR,ERR,ERR,ERR,ERR,ERR,ERR,ERR,ERR,ERR,ERR,ERR,ERR,ERR,ERR,ERR,ERR,ERR,ERR,ERR,ERR,ERR,ERR,ERR,ERR,ERR,ERR,ERR,ERR,ERR,ERR,ERR,ERR,ERR,ERR,ERR,ERR,ERR,ERR,ERR,ERR,ERR,ERR,ERR,ERR,ERR,ERR,ERR,ERR,ERR,50.0,60.0,100,0.0,0.0,0.0,0.0,0.0,0.0,0.0,0.0,0.0,0.0,0.0,0.0,0.0,0.0,0.0,0.0,61.6,75,13,65511,50,65476,0,300,0,0,8,20529,65476,0,0,26214,60.0,0.0,0.0,0.0,0.0,0.0
2026-05-17T18:02:10,ERR,ERR,ERR,ERR,ERR,ERR,ERR,ERR,ERR,ERR,ERR,ERR,ERR,ERR,ERR,ERR,ERR,ERR,ERR,ERR,ERR,ERR,ERR,ERR,ERR,ERR,ERR,ERR,ERR,ERR,ERR,ERR,ERR,ERR,ERR,ERR,ERR,ERR,ERR,ERR,ERR,ERR,ERR,ERR,ERR,ERR,ERR,ERR,ERR,ERR,ERR,ERR,ERR,ERR,ERR,ERR,ERR,ERR,ERR,ERR,ERR,ERR,ERR,ERR,ERR,ERR,ERR,ERR,ERR,ERR,ERR,ERR,ERR,ERR,ERR,ERR,ERR,ERR,ERR,ERR,ERR,ERR,ERR,ERR,ERR,ERR,ERR,ERR,ERR,ERR,ERR,ERR,ERR,ERR,ERR,ERR,ERR,ERR,ERR,ERR,ERR,ERR,ERR,ERR,ERR,ERR,ERR,ERR,ERR,ERR,ERR,ERR,ERR,ERR,ERR,ERR,ERR,ERR,ERR,ERR,ERR,ERR,ERR,ERR,ERR,-107615288.0,-0.0,-134474944.0,0.0,0.0,1.3936040501711995e+18,7.805,0.0,0,0,4,0,8422,0.0,45,0.0,0.0,0.0,0.0,0.0,0,0,0,0,0.0,0,0,0,0,0,0,0,0,0,0,0,0,0,0,0,0,0,0,0,0,0,0,0,0,0,0,0,0,0,0,0,0,0,38,14,7,45,65476,0,300,0,0,8,21553,0.0,-107605600.0,0.0,0.0,0.0,0.0,0.0,0.0,0.0,0.0,0.0,0.0,0.0,0.0,0.0,0.0,0.0,0.0,0.0,0.0,0.0,0.0,-2.004,-2.004,2.004,-2.004,0.0,0.0,0.0,0.0,5052.0,2.422988192762658e+24,0.0,-107615288.0,-0.0,-0.0,0.0,0.0,0.0,0.0,0.0,53,-0.0,5.848056079300204e+35,0.0,0.0,0.0,0.0,0.0,0.0,0.0,0,0,0,0.0,0.0,0.0,0.0,0.0,0.0,0.0,0.0,0.0,0.0,0.0,0.0,0.0,0.0,0.0,0.0,0,-107875648.0,53,0.0,106,-107614832.0,-0.0,ERR,ERR,ERR,ERR,ERR,ERR,ERR,ERR,ERR,ERR,ERR,ERR,ERR,ERR,ERR,ERR,ERR,ERR,ERR,ERR,ERR,ERR,ERR,ERR,ERR,ERR,ERR,ERR,ERR,ERR,ERR,ERR,ERR,ERR,ERR,ERR,ERR,ERR,ERR,ERR,ERR,ERR,ERR,ERR,ERR,ERR,ERR,ERR,ERR,ERR,ERR,ERR,ERR,ERR,ERR,ERR,ERR,ERR,ERR,ERR,ERR,ERR,ERR,ERR,ERR,ERR,ERR,50.0,60.0,100,0.0,0.0,0.0,0.0,0.0,0.0,0.0,0.0,0.0,0.0,0.0,0.0,0.0,0.0,0.0,0.0,61.6,75,13,65511,50,65476,0,300,0,0,8,20529,65476,0,0,26214,60.0,0.0,0.0,0.0,0.0,0.0
2026-05-17T18:02:11,ERR,ERR,ERR,ERR,ERR,ERR,ERR,ERR,ERR,ERR,ERR,ERR,ERR,ERR,ERR,ERR,ERR,ERR,ERR,ERR,ERR,ERR,ERR,ERR,ERR,ERR,ERR,ERR,ERR,ERR,ERR,ERR,ERR,ERR,ERR,ERR,ERR,ERR,ERR,ERR,ERR,ERR,ERR,ERR,ERR,ERR,ERR,ERR,ERR,ERR,ERR,ERR,ERR,ERR,ERR,ERR,ERR,ERR,ERR,ERR,ERR,ERR,ERR,ERR,ERR,ERR,ERR,ERR,ERR,ERR,ERR,ERR,ERR,ERR,ERR,ERR,ERR,ERR,ERR,ERR,ERR,ERR,ERR,ERR,ERR,ERR,ERR,ERR,ERR,ERR,ERR,ERR,ERR,ERR,ERR,ERR,ERR,ERR,ERR,ERR,ERR,ERR,ERR,ERR,ERR,ERR,ERR,ERR,ERR,ERR,ERR,ERR,ERR,ERR,ERR,ERR,ERR,ERR,ERR,ERR,ERR,ERR,ERR,ERR,ERR,-107615288.0,-0.0,-134474944.0,0.0,0.0,1.3936040501711995e+18,7.805,0.0,0,0,4,0,8422,0.0,45,0.0,0.0,0.0,0.0,0.0,0,0,0,0,0.0,0,0,0,0,0,0,0,0,0,0,0,0,0,0,0,0,0,0,0,0,0,0,0,0,0,0,0,0,0,0,0,0,0,38,14,7,45,65476,0,300,0,0,8,21553,0.0,-107605600.0,0.0,0.0,0.0,0.0,0.0,0.0,0.0,0.0,0.0,0.0,0.0,0.0,0.0,0.0,0.0,0.0,0.0,0.0,0.0,0.0,-2.004,-2.004,2.004,-2.004,0.0,0.0,0.0,0.0,5052.0,2.422988192762658e+24,0.0,-107615288.0,-0.0,-0.0,0.0,0.0,0.0,0.0,0.0,53,-0.0,5.848056079300204e+35,0.0,0.0,0.0,0.0,0.0,0.0,0.0,0,0,0,0.0,0.0,0.0,0.0,0.0,0.0,0.0,0.0,0.0,0.0,0.0,0.0,0.0,0.0,0.0,0.0,0,-107875648.0,53,0.0,106,-107614832.0,-0.0,ERR,ERR,ERR,ERR,ERR,ERR,ERR,ERR,ERR,ERR,ERR,ERR,ERR,ERR,ERR,ERR,ERR,ERR,ERR,ERR,ERR,ERR,ERR,ERR,ERR,ERR,ERR,ERR,ERR,ERR,ERR,ERR,ERR,ERR,ERR,ERR,ERR,ERR,ERR,ERR,ERR,ERR,ERR,ERR,ERR,ERR,ERR,ERR,ERR,ERR,ERR,ERR,ERR,ERR,ERR,ERR,ERR,ERR,ERR,ERR,ERR,ERR,ERR,ERR,ERR,ERR,ERR,50.0,60.0,100,0.0,0.0,0.0,0.0,0.0,0.0,0.0,0.0,0.0,0.0,0.0,0.0,0.0,0.0,0.0,0.0,61.6,75,13,65511,50,65476,0,300,0,0,8,20529,65476,0,0,26214,60.0,0.0,0.0,0.0,0.0,0.0
2026-05-17T18:02:12,ERR,ERR,ERR,ERR,ERR,ERR,ERR,ERR,ERR,ERR,ERR,ERR,ERR,ERR,ERR,ERR,ERR,ERR,ERR,ERR,ERR,ERR,ERR,ERR,ERR,ERR,ERR,ERR,ERR,ERR,ERR,ERR,ERR,ERR,ERR,ERR,ERR,ERR,ERR,ERR,ERR,ERR,ERR,ERR,ERR,ERR,ERR,ERR,ERR,ERR,ERR,ERR,ERR,ERR,ERR,ERR,ERR,ERR,ERR,ERR,ERR,ERR,ERR,ERR,ERR,ERR,ERR,ERR,ERR,ERR,ERR,ERR,ERR,ERR,ERR,ERR,ERR,ERR,ERR,ERR,ERR,ERR,ERR,ERR,ERR,ERR,ERR,ERR,ERR,ERR,ERR,ERR,ERR,ERR,ERR,ERR,ERR,ERR,ERR,ERR,ERR,ERR,ERR,ERR,ERR,ERR,ERR,ERR,ERR,ERR,ERR,ERR,ERR,ERR,ERR,ERR,ERR,ERR,ERR,ERR,ERR,ERR,ERR,ERR,ERR,-107615288.0,-0.0,-134474944.0,0.0,0.0,1.3936040501711995e+18,7.805,0.0,0,0,4,0,8422,0.0,45,0.0,0.0,0.0,0.0,0.0,0,0,0,0,0.0,0,0,0,0,0,0,0,0,0,0,0,0,0,0,0,0,0,0,0,0,0,0,0,0,0,0,0,0,0,0,0,0,0,38,14,7,45,65476,0,300,0,0,8,21553,0.0,-107605600.0,0.0,0.0,0.0,0.0,0.0,0.0,0.0,0.0,0.0,0.0,0.0,0.0,0.0,0.0,0.0,0.0,0.0,0.0,0.0,0.0,-2.004,-2.004,2.004,-2.004,0.0,0.0,0.0,0.0,5052.0,2.422988192762658e+24,0.0,-107615288.0,-0.0,-0.0,0.0,0.0,0.0,0.0,0.0,53,-0.0,5.848056079300204e+35,0.0,0.0,0.0,0.0,0.0,0.0,0.0,0,0,0,0.0,0.0,0.0,0.0,0.0,0.0,0.0,0.0,0.0,0.0,0.0,0.0,0.0,0.0,0.0,0.0,0,-107875648.0,53,0.0,106,-107614832.0,-0.0,ERR,ERR,ERR,ERR,ERR,ERR,ERR,ERR,ERR,ERR,ERR,ERR,ERR,ERR,ERR,ERR,ERR,ERR,ERR,ERR,ERR,ERR,ERR,ERR,ERR,ERR,ERR,ERR,ERR,ERR,ERR,ERR,ERR,ERR,ERR,ERR,ERR,ERR,ERR,ERR,ERR,ERR,ERR,ERR,ERR,ERR,ERR,ERR,ERR,ERR,ERR,ERR,ERR,ERR,ERR,ERR,ERR,ERR,ERR,ERR,ERR,ERR,ERR,ERR,ERR,ERR,ERR,50.0,60.0,100,0.0,0.0,0.0,0.0,0.0,0.0,0.0,0.0,0.0,0.0,0.0,0.0,0.0,0.0,0.0,0.0,61.6,75,13,65511,50,65476,0,300,0,0,8,20529,65476,0,0,26214,60.0,0.0,0.0,0.0,0.0,0.0
2026-05-17T18:02:13,ERR,ERR,ERR,ERR,ERR,ERR,ERR,ERR,ERR,ERR,ERR,ERR,ERR,ERR,ERR,ERR,ERR,ERR,ERR,ERR,ERR,ERR,ERR,ERR,ERR,ERR,ERR,ERR,ERR,ERR,ERR,ERR,ERR,ERR,ERR,ERR,ERR,ERR,ERR,ERR,ERR,ERR,ERR,ERR,ERR,ERR,ERR,ERR,ERR,ERR,ERR,ERR,ERR,ERR,ERR,ERR,ERR,ERR,ERR,ERR,ERR,ERR,ERR,ERR,ERR,ERR,ERR,ERR,ERR,ERR,ERR,ERR,ERR,ERR,ERR,ERR,ERR,ERR,ERR,ERR,ERR,ERR,ERR,ERR,ERR,ERR,ERR,ERR,ERR,ERR,ERR,ERR,ERR,ERR,ERR,ERR,ERR,ERR,ERR,ERR,ERR,ERR,ERR,ERR,ERR,ERR,ERR,ERR,ERR,ERR,ERR,ERR,ERR,ERR,ERR,ERR,ERR,ERR,ERR,ERR,ERR,ERR,ERR,ERR,ERR,-107615288.0,-0.0,-134474944.0,0.0,0.0,1.3936040501711995e+18,7.805,0.0,0,0,4,0,8422,0.0,45,0.0,0.0,0.0,0.0,0.0,0,0,0,0,0.0,0,0,0,0,0,0,0,0,0,0,0,0,0,0,0,0,0,0,0,0,0,0,0,0,0,0,0,0,0,0,0,0,0,38,14,7,45,65476,0,300,0,0,8,21553,0.0,-107605600.0,0.0,0.0,0.0,0.0,0.0,0.0,0.0,0.0,0.0,0.0,0.0,0.0,0.0,0.0,0.0,0.0,0.0,0.0,0.0,0.0,-2.004,-2.004,2.004,-2.004,0.0,0.0,0.0,0.0,5052.0,2.422988192762658e+24,0.0,-107615288.0,-0.0,-0.0,0.0,0.0,0.0,0.0,0.0,53,-0.0,5.848056079300204e+35,0.0,0.0,0.0,0.0,0.0,0.0,0.0,0,0,0,0.0,0.0,0.0,0.0,0.0,0.0,0.0,0.0,0.0,0.0,0.0,0.0,0.0,0.0,0.0,0.0,0,-107875648.0,53,0.0,106,-107614832.0,-0.0,ERR,ERR,ERR,ERR,ERR,ERR,ERR,ERR,ERR,ERR,ERR,ERR,ERR,ERR,ERR,ERR,ERR,ERR,ERR,ERR,ERR,ERR,ERR,ERR,ERR,ERR,ERR,ERR,ERR,ERR,ERR,ERR,ERR,ERR,ERR,ERR,ERR,ERR,ERR,ERR,ERR,ERR,ERR,ERR,ERR,ERR,ERR,ERR,ERR,ERR,ERR,ERR,ERR,ERR,ERR,ERR,ERR,ERR,ERR,ERR,ERR,ERR,ERR,ERR,ERR,ERR,ERR,50.0,60.0,100,0.0,0.0,0.0,0.0,0.0,0.0,0.0,0.0,0.0,0.0,0.0,0.0,0.0,0.0,0.0,0.0,61.6,75,13,65511,50,65476,0,300,0,0,8,20529,65476,0,0,26214,60.0,0.0,0.0,0.0,0.0,0.0
2026-05-17T18:02:14,ERR,ERR,ERR,ERR,ERR,ERR,ERR,ERR,ERR,ERR,ERR,ERR,ERR,ERR,ERR,ERR,ERR,ERR,ERR,ERR,ERR,ERR,ERR,ERR,ERR,ERR,ERR,ERR,ERR,ERR,ERR,ERR,ERR,ERR,ERR,ERR,ERR,ERR,ERR,ERR,ERR,ERR,ERR,ERR,ERR,ERR,ERR,ERR,ERR,ERR,ERR,ERR,ERR,ERR,ERR,ERR,ERR,ERR,ERR,ERR,ERR,ERR,ERR,ERR,ERR,ERR,ERR,ERR,ERR,ERR,ERR,ERR,ERR,ERR,ERR,ERR,ERR,ERR,ERR,ERR,ERR,ERR,ERR,ERR,ERR,ERR,ERR,ERR,ERR,ERR,ERR,ERR,ERR,ERR,ERR,ERR,ERR,ERR,ERR,ERR,ERR,ERR,ERR,ERR,ERR,ERR,ERR,ERR,ERR,ERR,ERR,ERR,ERR,ERR,ERR,ERR,ERR,ERR,ERR,ERR,ERR,ERR,ERR,ERR,ERR,-107615288.0,-0.0,-134474944.0,0.0,0.0,1.3936040501711995e+18,7.805,0.0,0,0,4,0,8422,0.0,45,0.0,0.0,0.0,0.0,0.0,0,0,0,0,0.0,0,0,0,0,0,0,0,0,0,0,0,0,0,0,0,0,0,0,0,0,0,0,0,0,0,0,0,0,0,0,0,0,0,38,14,7,45,65476,0,300,0,0,8,21553,0.0,-107605600.0,0.0,0.0,0.0,0.0,0.0,0.0,0.0,0.0,0.0,0.0,0.0,0.0,0.0,0.0,0.0,0.0,0.0,0.0,0.0,0.0,-2.004,-2.004,2.004,-2.004,0.0,0.0,0.0,0.0,5048.0,1.040665504650976e+34,0.0,-107615288.0,-0.0,-0.0,0.0,0.0,0.0,0.0,0.0,53,-0.0,-0.0,0.0,0.0,0.0,0.0,0.0,0.0,0.0,0,0,0,0.0,0.0,0.0,0.0,0.0,0.0,0.0,0.0,0.0,0.0,0.0,0.0,0.0,0.0,0.0,0.0,0,-107875648.0,53,0.0,106,-107614832.0,-0.0,ERR,ERR,ERR,ERR,ERR,ERR,ERR,ERR,ERR,ERR,ERR,ERR,ERR,ERR,ERR,ERR,ERR,ERR,ERR,ERR,ERR,ERR,ERR,ERR,ERR,ERR,ERR,ERR,ERR,ERR,ERR,ERR,ERR,ERR,ERR,ERR,ERR,ERR,ERR,ERR,ERR,ERR,ERR,ERR,ERR,ERR,ERR,ERR,ERR,ERR,ERR,ERR,ERR,ERR,ERR,ERR,ERR,ERR,ERR,ERR,ERR,ERR,ERR,ERR,ERR,ERR,ERR,50.0,60.0,100,0.0,0.0,0.0,0.0,0.0,0.0,0.0,0.0,0.0,0.0,0.0,0.0,0.0,0.0,0.0,0.0,61.6,75,13,65511,50,65476,0,300,0,0,8,20529,65476,0,0,26214,60.0,0.0,0.0,0.0,0.0,0.0
2026-05-17T18:02:15,ERR,ERR,ERR,ERR,ERR,ERR,ERR,ERR,ERR,ERR,ERR,ERR,ERR,ERR,ERR,ERR,ERR,ERR,ERR,ERR,ERR,ERR,ERR,ERR,ERR,ERR,ERR,ERR,ERR,ERR,ERR,ERR,ERR,ERR,ERR,ERR,ERR,ERR,ERR,ERR,ERR,ERR,ERR,ERR,ERR,ERR,ERR,ERR,ERR,ERR,ERR,ERR,ERR,ERR,ERR,ERR,ERR,ERR,ERR,ERR,ERR,ERR,ERR,ERR,ERR,ERR,ERR,ERR,ERR,ERR,ERR,ERR,ERR,ERR,ERR,ERR,ERR,ERR,ERR,ERR,ERR,ERR,ERR,ERR,ERR,ERR,ERR,ERR,ERR,ERR,ERR,ERR,ERR,ERR,ERR,ERR,ERR,ERR,ERR,ERR,ERR,ERR,ERR,ERR,ERR,ERR,ERR,ERR,ERR,ERR,ERR,ERR,ERR,ERR,ERR,ERR,ERR,ERR,ERR,ERR,ERR,ERR,ERR,ERR,ERR,-107615288.0,-0.0,-134474944.0,0.0,0.0,1.3936040501711995e+18,7.805,0.0,0,0,4,0,8422,0.0,45,0.0,0.0,0.0,0.0,0.0,0,0,0,0,0.0,0,0,0,0,0,0,0,0,0,0,0,0,0,0,0,0,0,0,0,0,0,0,0,0,0,0,0,0,0,0,0,0,0,38,14,7,45,65476,0,300,0,0,8,21553,0.0,-107605600.0,0.0,0.0,0.0,0.0,0.0,0.0,0.0,0.0,0.0,0.0,0.0,0.0,0.0,0.0,0.0,0.0,0.0,0.0,0.0,0.0,-2.004,-2.004,2.004,-2.004,0.0,0.0,0.0,0.0,5048.0,1.040665504650976e+34,0.0,-107615288.0,-0.0,-0.0,0.0,0.0,0.0,0.0,0.0,53,-0.0,-0.0,0.0,0.0,0.0,0.0,0.0,0.0,0.0,0,0,0,0.0,0.0,0.0,0.0,0.0,0.0,0.0,0.0,0.0,0.0,0.0,0.0,0.0,0.0,0.0,0.0,0,-107875648.0,53,0.0,106,-107614832.0,-0.0,ERR,ERR,ERR,ERR,ERR,ERR,ERR,ERR,ERR,ERR,ERR,ERR,ERR,ERR,ERR,ERR,ERR,ERR,ERR,ERR,ERR,ERR,ERR,ERR,ERR,ERR,ERR,ERR,ERR,ERR,ERR,ERR,ERR,ERR,ERR,ERR,ERR,ERR,ERR,ERR,ERR,ERR,ERR,ERR,ERR,ERR,ERR,ERR,ERR,ERR,ERR,ERR,ERR,ERR,ERR,ERR,ERR,ERR,ERR,ERR,ERR,ERR,ERR,ERR,ERR,ERR,ERR,50.0,60.0,100,0.0,0.0,0.0,0.0,0.0,0.0,0.0,0.0,0.0,0.0,0.0,0.0,0.0,0.0,0.0,0.0,61.6,75,13,65511,50,65476,0,300,0,0,8,20529,65476,0,0,26214,60.0,0.0,0.0,0.0,0.0,0.0
2026-05-17T18:02:16,ERR,ERR,ERR,ERR,ERR,ERR,ERR,ERR,ERR,ERR,ERR,ERR,ERR,ERR,ERR,ERR,ERR,ERR,ERR,ERR,ERR,ERR,ERR,ERR,ERR,ERR,ERR,ERR,ERR,ERR,ERR,ERR,ERR,ERR,ERR,ERR,ERR,ERR,ERR,ERR,ERR,ERR,ERR,ERR,ERR,ERR,ERR,ERR,ERR,ERR,ERR,ERR,ERR,ERR,ERR,ERR,ERR,ERR,ERR,ERR,ERR,ERR,ERR,ERR,ERR,ERR,ERR,ERR,ERR,ERR,ERR,ERR,ERR,ERR,ERR,ERR,ERR,ERR,ERR,ERR,ERR,ERR,ERR,ERR,ERR,ERR,ERR,ERR,ERR,ERR,ERR,ERR,ERR,ERR,ERR,ERR,ERR,ERR,ERR,ERR,ERR,ERR,ERR,ERR,ERR,ERR,ERR,ERR,ERR,ERR,ERR,ERR,ERR,ERR,ERR,ERR,ERR,ERR,ERR,ERR,ERR,ERR,ERR,ERR,ERR,-107615288.0,-0.0,-134474944.0,0.0,0.0,1.3936040501711995e+18,7.805,0.0,0,0,4,0,8422,0.0,45,0.0,0.0,0.0,0.0,0.0,0,0,0,0,0.0,0,0,0,0,0,0,0,0,0,0,0,0,0,0,0,0,0,0,0,0,0,0,0,0,0,0,0,0,0,0,0,0,0,38,14,7,45,65476,0,300,0,0,8,21553,0.0,-107605600.0,0.0,0.0,0.0,0.0,0.0,0.0,0.0,0.0,0.0,0.0,0.0,0.0,0.0,0.0,0.0,0.0,0.0,0.0,0.0,0.0,-2.004,-2.004,2.004,-2.004,0.0,0.0,0.0,0.0,5048.0,1.040665504650976e+34,0.0,-107615288.0,-0.0,-0.0,0.0,0.0,0.0,0.0,0.0,53,-0.0,-0.0,0.0,0.0,0.0,0.0,0.0,0.0,0.0,0,0,0,0.0,0.0,0.0,0.0,0.0,0.0,0.0,0.0,0.0,0.0,0.0,0.0,0.0,0.0,0.0,0.0,0,-107875648.0,53,0.0,106,-107614832.0,-0.0,ERR,ERR,ERR,ERR,ERR,ERR,ERR,ERR,ERR,ERR,ERR,ERR,ERR,ERR,ERR,ERR,ERR,ERR,ERR,ERR,ERR,ERR,ERR,ERR,ERR,ERR,ERR,ERR,ERR,ERR,ERR,ERR,ERR,ERR,ERR,ERR,ERR,ERR,ERR,ERR,ERR,ERR,ERR,ERR,ERR,ERR,ERR,ERR,ERR,ERR,ERR,ERR,ERR,ERR,ERR,ERR,ERR,ERR,ERR,ERR,ERR,ERR,ERR,ERR,ERR,ERR,ERR,50.0,60.0,100,0.0,0.0,0.0,0.0,0.0,0.0,0.0,0.0,0.0,0.0,0.0,0.0,0.0,0.0,0.0,0.0,62.0,75,13,65511,50,65476,0,300,0,0,8,20529,65476,0,0,26214,60.0,0.0,0.0,0.0,0.0,0.0
2026-05-17T18:02:17,ERR,ERR,ERR,ERR,ERR,ERR,ERR,ERR,ERR,ERR,ERR,ERR,ERR,ERR,ERR,ERR,ERR,ERR,ERR,ERR,ERR,ERR,ERR,ERR,ERR,ERR,ERR,ERR,ERR,ERR,ERR,ERR,ERR,ERR,ERR,ERR,ERR,ERR,ERR,ERR,ERR,ERR,ERR,ERR,ERR,ERR,ERR,ERR,ERR,ERR,ERR,ERR,ERR,ERR,ERR,ERR,ERR,ERR,ERR,ERR,ERR,ERR,ERR,ERR,ERR,ERR,ERR,ERR,ERR,ERR,ERR,ERR,ERR,ERR,ERR,ERR,ERR,ERR,ERR,ERR,ERR,ERR,ERR,ERR,ERR,ERR,ERR,ERR,ERR,ERR,ERR,ERR,ERR,ERR,ERR,ERR,ERR,ERR,ERR,ERR,ERR,ERR,ERR,ERR,ERR,ERR,ERR,ERR,ERR,ERR,ERR,ERR,ERR,ERR,ERR,ERR,ERR,ERR,ERR,ERR,ERR,ERR,ERR,ERR,ERR,-107615288.0,-0.0,-134474944.0,0.0,0.0,1.3936040501711995e+18,7.805,0.0,0,0,4,0,8422,0.0,45,0.0,0.0,0.0,0.0,0.0,0,0,0,0,0.0,0,0,0,0,0,0,0,0,0,0,0,0,0,0,0,0,0,0,0,0,0,0,0,0,0,0,0,0,0,0,0,0,0,38,14,7,45,65476,0,300,0,0,8,21553,0.0,-107605600.0,0.0,0.0,0.0,0.0,0.0,0.0,0.0,0.0,0.0,0.0,0.0,0.0,0.0,0.0,0.0,0.0,0.0,0.0,0.0,0.0,-2.004,-2.004,2.004,-2.004,0.0,0.0,0.0,0.0,5048.0,1.040665504650976e+34,0.0,-107615288.0,-0.0,-0.0,0.0,0.0,0.0,0.0,0.0,53,-0.0,-0.0,0.0,0.0,0.0,0.0,0.0,0.0,0.0,0,0,0,0.0,0.0,0.0,0.0,0.0,0.0,0.0,0.0,0.0,0.0,0.0,0.0,0.0,0.0,0.0,0.0,0,-107875648.0,53,0.0,106,-107614832.0,-0.0,ERR,ERR,ERR,ERR,ERR,ERR,ERR,ERR,ERR,ERR,ERR,ERR,ERR,ERR,ERR,ERR,ERR,ERR,ERR,ERR,ERR,ERR,ERR,ERR,ERR,ERR,ERR,ERR,ERR,ERR,ERR,ERR,ERR,ERR,ERR,ERR,ERR,ERR,ERR,ERR,ERR,ERR,ERR,ERR,ERR,ERR,ERR,ERR,ERR,ERR,ERR,ERR,ERR,ERR,ERR,ERR,ERR,ERR,ERR,ERR,ERR,ERR,ERR,ERR,ERR,ERR,ERR,50.0,60.0,100,0.0,0.0,0.0,0.0,0.0,0.0,0.0,0.0,0.0,0.0,0.0,0.0,0.0,0.0,0.0,0.0,62.0,75,13,65511,50,65476,0,300,0,0,8,20529,65476,0,0,26214,60.0,0.0,0.0,0.0,0.0,0.0
2026-05-17T18:02:18,ERR,ERR,ERR,ERR,ERR,ERR,ERR,ERR,ERR,ERR,ERR,ERR,ERR,ERR,ERR,ERR,ERR,ERR,ERR,ERR,ERR,ERR,ERR,ERR,ERR,ERR,ERR,ERR,ERR,ERR,ERR,ERR,ERR,ERR,ERR,ERR,ERR,ERR,ERR,ERR,ERR,ERR,ERR,ERR,ERR,ERR,ERR,ERR,ERR,ERR,ERR,ERR,ERR,ERR,ERR,ERR,ERR,ERR,ERR,ERR,ERR,ERR,ERR,ERR,ERR,ERR,ERR,ERR,ERR,ERR,ERR,ERR,ERR,ERR,ERR,ERR,ERR,ERR,ERR,ERR,ERR,ERR,ERR,ERR,ERR,ERR,ERR,ERR,ERR,ERR,ERR,ERR,ERR,ERR,ERR,ERR,ERR,ERR,ERR,ERR,ERR,ERR,ERR,ERR,ERR,ERR,ERR,ERR,ERR,ERR,ERR,ERR,ERR,ERR,ERR,ERR,ERR,ERR,ERR,ERR,ERR,ERR,ERR,ERR,ERR,-107615288.0,-0.0,-134474944.0,0.0,0.0,1.3936040501711995e+18,7.805,0.0,0,0,4,0,8422,0.0,45,0.0,0.0,0.0,0.0,0.0,0,0,0,0,0.0,0,0,0,0,0,0,0,0,0,0,0,0,0,0,0,0,0,0,0,0,0,0,0,0,0,0,0,0,0,0,0,0,0,38,14,7,45,65476,0,300,0,0,8,21553,0.0,-107605600.0,0.0,0.0,0.0,0.0,0.0,0.0,0.0,0.0,0.0,0.0,0.0,0.0,0.0,0.0,0.0,0.0,0.0,0.0,0.0,0.0,-2.004,-2.004,2.004,-2.004,0.0,0.0,0.0,0.0,5048.0,1.040665504650976e+34,0.0,-107615288.0,-0.0,-0.0,0.0,0.0,0.0,0.0,0.0,53,-0.0,-0.0,0.0,0.0,0.0,0.0,0.0,0.0,0.0,0,0,0,0.0,0.0,0.0,0.0,0.0,0.0,0.0,0.0,0.0,0.0,0.0,0.0,0.0,0.0,0.0,0.0,0,-107875648.0,53,0.0,106,-107614832.0,-0.0,ERR,ERR,ERR,ERR,ERR,ERR,ERR,ERR,ERR,ERR,ERR,ERR,ERR,ERR,ERR,ERR,ERR,ERR,ERR,ERR,ERR,ERR,ERR,ERR,ERR,ERR,ERR,ERR,ERR,ERR,ERR,ERR,ERR,ERR,ERR,ERR,ERR,ERR,ERR,ERR,ERR,ERR,ERR,ERR,ERR,ERR,ERR,ERR,ERR,ERR,ERR,ERR,ERR,ERR,ERR,ERR,ERR,ERR,ERR,ERR,ERR,ERR,ERR,ERR,ERR,ERR,ERR,50.0,60.0,100,0.0,0.0,0.0,0.0,0.0,0.0,0.0,0.0,0.0,0.0,0.0,0.0,0.0,0.0,0.0,0.0,61.6,75,13,65511,50,65476,0,300,0,0,8,20529,65476,0,0,26214,60.0,0.0,0.0,0.0,0.0,0.0
2026-05-17T18:02:19,ERR,ERR,ERR,ERR,ERR,ERR,ERR,ERR,ERR,ERR,ERR,ERR,ERR,ERR,ERR,ERR,ERR,ERR,ERR,ERR,ERR,ERR,ERR,ERR,ERR,ERR,ERR,ERR,ERR,ERR,ERR,ERR,ERR,ERR,ERR,ERR,ERR,ERR,ERR,ERR,ERR,ERR,ERR,ERR,ERR,ERR,ERR,ERR,ERR,ERR,ERR,ERR,ERR,ERR,ERR,ERR,ERR,ERR,ERR,ERR,ERR,ERR,ERR,ERR,ERR,ERR,ERR,ERR,ERR,ERR,ERR,ERR,ERR,ERR,ERR,ERR,ERR,ERR,ERR,ERR,ERR,ERR,ERR,ERR,ERR,ERR,ERR,ERR,ERR,ERR,ERR,ERR,ERR,ERR,ERR,ERR,ERR,ERR,ERR,ERR,ERR,ERR,ERR,ERR,ERR,ERR,ERR,ERR,ERR,ERR,ERR,ERR,ERR,ERR,ERR,ERR,ERR,ERR,ERR,ERR,ERR,ERR,ERR,ERR,ERR,-107615288.0,-0.0,-134474944.0,0.0,0.0,1.3936040501711995e+18,7.805,0.0,0,0,4,0,8422,0.0,45,0.0,0.0,0.0,0.0,0.0,0,0,0,0,0.0,0,0,0,0,0,0,0,0,0,0,0,0,0,0,0,0,0,0,0,0,0,0,0,0,0,0,0,0,0,0,0,0,0,38,14,7,45,65476,0,300,0,0,8,21553,0.0,-107605600.0,0.0,0.0,0.0,0.0,0.0,0.0,0.0,0.0,0.0,0.0,0.0,0.0,0.0,0.0,0.0,0.0,0.0,0.0,0.0,0.0,-2.004,-2.004,2.004,-2.004,0.0,0.0,0.0,0.0,5047.0,-0.0,0.0,-107615288.0,-0.0,-0.0,0.0,0.0,0.0,0.0,0.0,53,-0.0,-0.0,0.0,0.0,0.0,0.0,0.0,0.0,0.0,0,0,0,0.0,0.0,0.0,0.0,0.0,0.0,0.0,0.0,0.0,0.0,0.0,0.0,0.0,0.0,0.0,0.0,0,-107875648.0,53,0.0,106,-107614832.0,-0.0,ERR,ERR,ERR,ERR,ERR,ERR,ERR,ERR,ERR,ERR,ERR,ERR,ERR,ERR,ERR,ERR,ERR,ERR,ERR,ERR,ERR,ERR,ERR,ERR,ERR,ERR,ERR,ERR,ERR,ERR,ERR,ERR,ERR,ERR,ERR,ERR,ERR,ERR,ERR,ERR,ERR,ERR,ERR,ERR,ERR,ERR,ERR,ERR,ERR,ERR,ERR,ERR,ERR,ERR,ERR,ERR,ERR,ERR,ERR,ERR,ERR,ERR,ERR,ERR,ERR,ERR,ERR,50.0,60.0,100,0.0,0.0,0.0,0.0,0.0,0.0,0.0,0.0,0.0,0.0,0.0,0.0,0.0,0.0,0.0,0.0,62.0,75,13,65511,50,65476,0,300,0,0,8,20529,65476,0,0,26214,60.0,0.0,0.0,0.0,0.0,0.0
2026-05-17T18:02:20,ERR,ERR,ERR,ERR,ERR,ERR,ERR,ERR,ERR,ERR,ERR,ERR,ERR,ERR,ERR,ERR,ERR,ERR,ERR,ERR,ERR,ERR,ERR,ERR,ERR,ERR,ERR,ERR,ERR,ERR,ERR,ERR,ERR,ERR,ERR,ERR,ERR,ERR,ERR,ERR,ERR,ERR,ERR,ERR,ERR,ERR,ERR,ERR,ERR,ERR,ERR,ERR,ERR,ERR,ERR,ERR,ERR,ERR,ERR,ERR,ERR,ERR,ERR,ERR,ERR,ERR,ERR,ERR,ERR,ERR,ERR,ERR,ERR,ERR,ERR,ERR,ERR,ERR,ERR,ERR,ERR,ERR,ERR,ERR,ERR,ERR,ERR,ERR,ERR,ERR,ERR,ERR,ERR,ERR,ERR,ERR,ERR,ERR,ERR,ERR,ERR,ERR,ERR,ERR,ERR,ERR,ERR,ERR,ERR,ERR,ERR,ERR,ERR,ERR,ERR,ERR,ERR,ERR,ERR,ERR,ERR,ERR,ERR,ERR,ERR,-107615288.0,-0.0,-134474944.0,0.0,0.0,1.3936040501711995e+18,7.805,0.0,0,0,4,0,8422,0.0,45,0.0,0.0,0.0,0.0,0.0,0,0,0,0,0.0,0,0,0,0,0,0,0,0,0,0,0,0,0,0,0,0,0,0,0,0,0,0,0,0,0,0,0,0,0,0,0,0,0,38,14,7,45,65476,0,300,0,0,8,21553,0.0,-107605600.0,0.0,0.0,0.0,0.0,0.0,0.0,0.0,0.0,0.0,0.0,0.0,0.0,0.0,0.0,0.0,0.0,0.0,0.0,0.0,0.0,-2.004,-2.004,2.004,-2.004,0.0,0.0,0.0,0.0,5047.0,-0.0,0.0,-107615288.0,-0.0,-0.0,0.0,0.0,0.0,0.0,0.0,53,-0.0,-0.0,0.0,0.0,0.0,0.0,0.0,0.0,0.0,0,0,0,0.0,0.0,0.0,0.0,0.0,0.0,0.0,0.0,0.0,0.0,0.0,0.0,0.0,0.0,0.0,0.0,0,-107875648.0,53,0.0,106,-107614832.0,-0.0,ERR,ERR,ERR,ERR,ERR,ERR,ERR,ERR,ERR,ERR,ERR,ERR,ERR,ERR,ERR,ERR,ERR,ERR,ERR,ERR,ERR,ERR,ERR,ERR,ERR,ERR,ERR,ERR,ERR,ERR,ERR,ERR,ERR,ERR,ERR,ERR,ERR,ERR,ERR,ERR,ERR,ERR,ERR,ERR,ERR,ERR,ERR,ERR,ERR,ERR,ERR,ERR,ERR,ERR,ERR,ERR,ERR,ERR,ERR,ERR,ERR,ERR,ERR,ERR,ERR,ERR,ERR,50.0,60.0,100,0.0,0.0,0.0,0.0,0.0,0.0,0.0,0.0,0.0,0.0,0.0,0.0,0.0,0.0,0.0,0.0,62.0,75,13,65511,50,65476,0,300,0,0,8,20529,65476,0,0,26214,60.0,0.0,0.0,0.0,0.0,0.0
2026-05-17T18:02:21,ERR,ERR,ERR,ERR,ERR,ERR,ERR,ERR,ERR,ERR,ERR,ERR,ERR,ERR,ERR,ERR,ERR,ERR,ERR,ERR,ERR,ERR,ERR,ERR,ERR,ERR,ERR,ERR,ERR,ERR,ERR,ERR,ERR,ERR,ERR,ERR,ERR,ERR,ERR,ERR,ERR,ERR,ERR,ERR,ERR,ERR,ERR,ERR,ERR,ERR,ERR,ERR,ERR,ERR,ERR,ERR,ERR,ERR,ERR,ERR,ERR,ERR,ERR,ERR,ERR,ERR,ERR,ERR,ERR,ERR,ERR,ERR,ERR,ERR,ERR,ERR,ERR,ERR,ERR,ERR,ERR,ERR,ERR,ERR,ERR,ERR,ERR,ERR,ERR,ERR,ERR,ERR,ERR,ERR,ERR,ERR,ERR,ERR,ERR,ERR,ERR,ERR,ERR,ERR,ERR,ERR,ERR,ERR,ERR,ERR,ERR,ERR,ERR,ERR,ERR,ERR,ERR,ERR,ERR,ERR,ERR,ERR,ERR,ERR,ERR,-107615288.0,-0.0,-134474944.0,0.0,0.0,1.3936040501711995e+18,7.805,0.0,0,0,4,0,8422,0.0,45,0.0,0.0,0.0,0.0,0.0,0,0,0,0,0.0,0,0,0,0,0,0,0,0,0,0,0,0,0,0,0,0,0,0,0,0,0,0,0,0,0,0,0,0,0,0,0,0,0,38,14,7,45,65476,0,300,0,0,8,21553,0.0,-107605600.0,0.0,0.0,0.0,0.0,0.0,0.0,0.0,0.0,0.0,0.0,0.0,0.0,0.0,0.0,0.0,0.0,0.0,0.0,0.0,0.0,-2.004,-2.004,2.004,-2.004,0.0,0.0,0.0,0.0,5047.0,-0.0,0.0,-107615288.0,-0.0,-0.0,0.0,0.0,0.0,0.0,0.0,53,-0.0,-0.0,0.0,0.0,0.0,0.0,0.0,0.0,0.0,0,0,0,0.0,0.0,0.0,0.0,0.0,0.0,0.0,0.0,0.0,0.0,0.0,0.0,0.0,0.0,0.0,0.0,0,-107875648.0,53,0.0,106,-107614832.0,-0.0,ERR,ERR,ERR,ERR,ERR,ERR,ERR,ERR,ERR,ERR,ERR,ERR,ERR,ERR,ERR,ERR,ERR,ERR,ERR,ERR,ERR,ERR,ERR,ERR,ERR,ERR,ERR,ERR,ERR,ERR,ERR,ERR,ERR,ERR,ERR,ERR,ERR,ERR,ERR,ERR,ERR,ERR,ERR,ERR,ERR,ERR,ERR,ERR,ERR,ERR,ERR,ERR,ERR,ERR,ERR,ERR,ERR,ERR,ERR,ERR,ERR,ERR,ERR,ERR,ERR,ERR,ERR,50.0,60.0,100,0.0,0.0,0.0,0.0,0.0,0.0,0.0,0.0,0.0,0.0,0.0,0.0,0.0,0.0,0.0,0.0,61.6,75,13,65511,50,65476,0,300,0,0,8,20529,65476,0,0,26214,60.0,0.0,0.0,0.0,0.0,0.0
2026-05-17T18:02:22,ERR,ERR,ERR,ERR,ERR,ERR,ERR,ERR,ERR,ERR,ERR,ERR,ERR,ERR,ERR,ERR,ERR,ERR,ERR,ERR,ERR,ERR,ERR,ERR,ERR,ERR,ERR,ERR,ERR,ERR,ERR,ERR,ERR,ERR,ERR,ERR,ERR,ERR,ERR,ERR,ERR,ERR,ERR,ERR,ERR,ERR,ERR,ERR,ERR,ERR,ERR,ERR,ERR,ERR,ERR,ERR,ERR,ERR,ERR,ERR,ERR,ERR,ERR,ERR,ERR,ERR,ERR,ERR,ERR,ERR,ERR,ERR,ERR,ERR,ERR,ERR,ERR,ERR,ERR,ERR,ERR,ERR,ERR,ERR,ERR,ERR,ERR,ERR,ERR,ERR,ERR,ERR,ERR,ERR,ERR,ERR,ERR,ERR,ERR,ERR,ERR,ERR,ERR,ERR,ERR,ERR,ERR,ERR,ERR,ERR,ERR,ERR,ERR,ERR,ERR,ERR,ERR,ERR,ERR,ERR,ERR,ERR,ERR,ERR,ERR,-107615288.0,-0.0,-134474944.0,0.0,0.0,1.3936040501711995e+18,7.805,0.0,0,0,4,0,8422,0.0,45,0.0,0.0,0.0,0.0,0.0,0,0,0,0,0.0,0,0,0,0,0,0,0,0,0,0,0,0,0,0,0,0,0,0,0,0,0,0,0,0,0,0,0,0,0,0,0,0,0,38,14,7,45,65476,0,300,0,0,8,21553,0.0,-107605600.0,0.0,0.0,0.0,0.0,0.0,0.0,0.0,0.0,0.0,0.0,0.0,0.0,0.0,0.0,0.0,0.0,0.0,0.0,0.0,0.0,-2.004,-2.004,2.004,-2.004,0.0,0.0,0.0,0.0,5047.0,-0.0,0.0,-107615288.0,-0.0,-0.0,0.0,0.0,0.0,0.0,0.0,53,-0.0,-0.0,0.0,0.0,0.0,0.0,0.0,0.0,0.0,0,0,0,0.0,0.0,0.0,0.0,0.0,0.0,0.0,0.0,0.0,0.0,0.0,0.0,0.0,0.0,0.0,0.0,0,-107875648.0,53,0.0,106,-107614832.0,-0.0,ERR,ERR,ERR,ERR,ERR,ERR,ERR,ERR,ERR,ERR,ERR,ERR,ERR,ERR,ERR,ERR,ERR,ERR,ERR,ERR,ERR,ERR,ERR,ERR,ERR,ERR,ERR,ERR,ERR,ERR,ERR,ERR,ERR,ERR,ERR,ERR,ERR,ERR,ERR,ERR,ERR,ERR,ERR,ERR,ERR,ERR,ERR,ERR,ERR,ERR,ERR,ERR,ERR,ERR,ERR,ERR,ERR,ERR,ERR,ERR,ERR,ERR,ERR,ERR,ERR,ERR,ERR,50.0,60.0,100,0.0,0.0,0.0,0.0,0.0,0.0,0.0,0.0,0.0,0.0,0.0,0.0,0.0,0.0,0.0,0.0,61.6,75,13,65511,50,65476,0,300,0,0,8,20529,65476,0,0,26214,60.0,0.0,0.0,0.0,0.0,0.0
2026-05-17T18:02:23,ERR,ERR,ERR,ERR,ERR,ERR,ERR,ERR,ERR,ERR,ERR,ERR,ERR,ERR,ERR,ERR,ERR,ERR,ERR,ERR,ERR,ERR,ERR,ERR,ERR,ERR,ERR,ERR,ERR,ERR,ERR,ERR,ERR,ERR,ERR,ERR,ERR,ERR,ERR,ERR,ERR,ERR,ERR,ERR,ERR,ERR,ERR,ERR,ERR,ERR,ERR,ERR,ERR,ERR,ERR,ERR,ERR,ERR,ERR,ERR,ERR,ERR,ERR,ERR,ERR,ERR,ERR,ERR,ERR,ERR,ERR,ERR,ERR,ERR,ERR,ERR,ERR,ERR,ERR,ERR,ERR,ERR,ERR,ERR,ERR,ERR,ERR,ERR,ERR,ERR,ERR,ERR,ERR,ERR,ERR,ERR,ERR,ERR,ERR,ERR,ERR,ERR,ERR,ERR,ERR,ERR,ERR,ERR,ERR,ERR,ERR,ERR,ERR,ERR,ERR,ERR,ERR,ERR,ERR,ERR,ERR,ERR,ERR,ERR,ERR,-107615288.0,-0.0,-134474944.0,0.0,0.0,1.3936040501711995e+18,7.805,0.0,0,0,4,0,8422,0.0,45,0.0,0.0,0.0,0.0,0.0,0,0,0,0,0.0,0,0,0,0,0,0,0,0,0,0,0,0,0,0,0,0,0,0,0,0,0,0,0,0,0,0,0,0,0,0,0,0,0,38,14,7,45,65476,0,300,0,0,8,21553,0.0,-107605600.0,0.0,0.0,0.0,0.0,0.0,0.0,0.0,0.0,0.0,0.0,0.0,0.0,0.0,0.0,0.0,0.0,0.0,0.0,0.0,0.0,-2.004,-2.004,2.004,-2.004,0.0,0.0,0.0,0.0,5047.0,-0.0,0.0,-107615288.0,-0.0,-0.0,0.0,0.0,0.0,0.0,0.0,53,-0.0,-0.0,0.0,0.0,0.0,0.0,0.0,0.0,0.0,0,0,0,0.0,0.0,0.0,0.0,0.0,0.0,0.0,0.0,0.0,0.0,0.0,0.0,0.0,0.0,0.0,0.0,0,-107875648.0,53,0.0,106,-107614832.0,-0.0,ERR,ERR,ERR,ERR,ERR,ERR,ERR,ERR,ERR,ERR,ERR,ERR,ERR,ERR,ERR,ERR,ERR,ERR,ERR,ERR,ERR,ERR,ERR,ERR,ERR,ERR,ERR,ERR,ERR,ERR,ERR,ERR,ERR,ERR,ERR,ERR,ERR,ERR,ERR,ERR,ERR,ERR,ERR,ERR,ERR,ERR,ERR,ERR,ERR,ERR,ERR,ERR,ERR,ERR,ERR,ERR,ERR,ERR,ERR,ERR,ERR,ERR,ERR,ERR,ERR,ERR,ERR,50.0,60.0,100,0.0,0.0,0.0,0.0,0.0,0.0,0.0,0.0,0.0,0.0,0.0,0.0,0.0,0.0,0.0,0.0,61.6,75,13,65511,50,65476,0,300,0,0,8,20529,65476,0,0,26214,60.0,0.0,0.0,0.0,0.0,0.0
2026-05-17T18:02:24,ERR,ERR,ERR,ERR,ERR,ERR,ERR,ERR,ERR,ERR,ERR,ERR,ERR,ERR,ERR,ERR,ERR,ERR,ERR,ERR,ERR,ERR,ERR,ERR,ERR,ERR,ERR,ERR,ERR,ERR,ERR,ERR,ERR,ERR,ERR,ERR,ERR,ERR,ERR,ERR,ERR,ERR,ERR,ERR,ERR,ERR,ERR,ERR,ERR,ERR,ERR,ERR,ERR,ERR,ERR,ERR,ERR,ERR,ERR,ERR,ERR,ERR,ERR,ERR,ERR,ERR,ERR,ERR,ERR,ERR,ERR,ERR,ERR,ERR,ERR,ERR,ERR,ERR,ERR,ERR,ERR,ERR,ERR,ERR,ERR,ERR,ERR,ERR,ERR,ERR,ERR,ERR,ERR,ERR,ERR,ERR,ERR,ERR,ERR,ERR,ERR,ERR,ERR,ERR,ERR,ERR,ERR,ERR,ERR,ERR,ERR,ERR,ERR,ERR,ERR,ERR,ERR,ERR,ERR,ERR,ERR,ERR,ERR,ERR,ERR,-107615288.0,-0.0,-134474944.0,0.0,0.0,1.3936040501711995e+18,7.805,0.0,0,0,4,0,8422,0.0,45,0.0,0.0,0.0,0.0,0.0,0,0,0,0,0.0,0,0,0,0,0,0,0,0,0,0,0,0,0,0,0,0,0,0,0,0,0,0,0,0,0,0,0,0,0,0,0,0,0,38,14,7,45,65476,0,300,0,0,8,21553,0.0,-107605600.0,0.0,0.0,0.0,0.0,0.0,0.0,0.0,0.0,0.0,0.0,0.0,0.0,0.0,0.0,0.0,0.0,0.0,0.0,0.0,0.0,-2.004,-2.004,2.004,-2.004,0.0,0.0,0.0,0.0,5048.0,2.422988192762658e+24,0.0,-107615288.0,-0.0,-0.0,0.0,0.0,0.0,0.0,0.0,53,-0.0,5.848056079300204e+35,0.0,0.0,0.0,0.0,0.0,0.0,0.0,0,0,0,0.0,0.0,0.0,0.0,0.0,0.0,0.0,0.0,0.0,0.0,0.0,0.0,0.0,0.0,0.0,0.0,0,-107875648.0,53,0.0,106,-107614832.0,-0.0,ERR,ERR,ERR,ERR,ERR,ERR,ERR,ERR,ERR,ERR,ERR,ERR,ERR,ERR,ERR,ERR,ERR,ERR,ERR,ERR,ERR,ERR,ERR,ERR,ERR,ERR,ERR,ERR,ERR,ERR,ERR,ERR,ERR,ERR,ERR,ERR,ERR,ERR,ERR,ERR,ERR,ERR,ERR,ERR,ERR,ERR,ERR,ERR,ERR,ERR,ERR,ERR,ERR,ERR,ERR,ERR,ERR,ERR,ERR,ERR,ERR,ERR,ERR,ERR,ERR,ERR,ERR,50.0,60.0,100,0.0,0.0,0.0,0.0,0.0,0.0,0.0,0.0,0.0,0.0,0.0,0.0,0.0,0.0,0.0,0.0,61.6,75,13,65511,50,65476,0,300,0,0,8,20529,65476,0,0,26214,60.0,0.0,0.0,0.0,0.0,0.0
2026-05-17T18:02:25,ERR,ERR,ERR,ERR,ERR,ERR,ERR,ERR,ERR,ERR,ERR,ERR,ERR,ERR,ERR,ERR,ERR,ERR,ERR,ERR,ERR,ERR,ERR,ERR,ERR,ERR,ERR,ERR,ERR,ERR,ERR,ERR,ERR,ERR,ERR,ERR,ERR,ERR,ERR,ERR,ERR,ERR,ERR,ERR,ERR,ERR,ERR,ERR,ERR,ERR,ERR,ERR,ERR,ERR,ERR,ERR,ERR,ERR,ERR,ERR,ERR,ERR,ERR,ERR,ERR,ERR,ERR,ERR,ERR,ERR,ERR,ERR,ERR,ERR,ERR,ERR,ERR,ERR,ERR,ERR,ERR,ERR,ERR,ERR,ERR,ERR,ERR,ERR,ERR,ERR,ERR,ERR,ERR,ERR,ERR,ERR,ERR,ERR,ERR,ERR,ERR,ERR,ERR,ERR,ERR,ERR,ERR,ERR,ERR,ERR,ERR,ERR,ERR,ERR,ERR,ERR,ERR,ERR,ERR,ERR,ERR,ERR,ERR,ERR,ERR,-107615288.0,-0.0,-134474944.0,0.0,0.0,1.3936040501711995e+18,7.805,0.0,0,0,4,0,8422,0.0,45,0.0,0.0,0.0,0.0,0.0,0,0,0,0,0.0,0,0,0,0,0,0,0,0,0,0,0,0,0,0,0,0,0,0,0,0,0,0,0,0,0,0,0,0,0,0,0,0,0,38,14,7,45,65476,0,300,0,0,8,21553,0.0,-107605600.0,0.0,0.0,0.0,0.0,0.0,0.0,0.0,0.0,0.0,0.0,0.0,0.0,0.0,0.0,0.0,0.0,0.0,0.0,0.0,0.0,-2.004,-2.004,2.004,-2.004,0.0,0.0,0.0,0.0,5048.0,2.422988192762658e+24,0.0,-107615288.0,-0.0,-0.0,0.0,0.0,0.0,0.0,0.0,53,-0.0,5.848056079300204e+35,0.0,0.0,0.0,0.0,0.0,0.0,0.0,0,0,0,0.0,0.0,0.0,0.0,0.0,0.0,0.0,0.0,0.0,0.0,0.0,0.0,0.0,0.0,0.0,0.0,0,-107875648.0,53,0.0,106,-107614832.0,-0.0,ERR,ERR,ERR,ERR,ERR,ERR,ERR,ERR,ERR,ERR,ERR,ERR,ERR,ERR,ERR,ERR,ERR,ERR,ERR,ERR,ERR,ERR,ERR,ERR,ERR,ERR,ERR,ERR,ERR,ERR,ERR,ERR,ERR,ERR,ERR,ERR,ERR,ERR,ERR,ERR,ERR,ERR,ERR,ERR,ERR,ERR,ERR,ERR,ERR,ERR,ERR,ERR,ERR,ERR,ERR,ERR,ERR,ERR,ERR,ERR,ERR,ERR,ERR,ERR,ERR,ERR,ERR,50.0,60.0,100,0.0,0.0,0.0,0.0,0.0,0.0,0.0,0.0,0.0,0.0,0.0,0.0,0.0,0.0,0.0,0.0,61.6,75,13,65511,50,65476,0,300,0,0,8,20529,65476,0,0,26214,60.0,0.0,0.0,0.0,0.0,0.0
2026-05-17T18:02:26,ERR,ERR,ERR,ERR,ERR,ERR,ERR,ERR,ERR,ERR,ERR,ERR,ERR,ERR,ERR,ERR,ERR,ERR,ERR,ERR,ERR,ERR,ERR,ERR,ERR,ERR,ERR,ERR,ERR,ERR,ERR,ERR,ERR,ERR,ERR,ERR,ERR,ERR,ERR,ERR,ERR,ERR,ERR,ERR,ERR,ERR,ERR,ERR,ERR,ERR,ERR,ERR,ERR,ERR,ERR,ERR,ERR,ERR,ERR,ERR,ERR,ERR,ERR,ERR,ERR,ERR,ERR,ERR,ERR,ERR,ERR,ERR,ERR,ERR,ERR,ERR,ERR,ERR,ERR,ERR,ERR,ERR,ERR,ERR,ERR,ERR,ERR,ERR,ERR,ERR,ERR,ERR,ERR,ERR,ERR,ERR,ERR,ERR,ERR,ERR,ERR,ERR,ERR,ERR,ERR,ERR,ERR,ERR,ERR,ERR,ERR,ERR,ERR,ERR,ERR,ERR,ERR,ERR,ERR,ERR,ERR,ERR,ERR,ERR,ERR,-107615288.0,-0.0,-134474944.0,0.0,0.0,1.3936040501711995e+18,7.805,0.0,0,0,4,0,8422,0.0,45,0.0,0.0,0.0,0.0,0.0,0,0,0,0,0.0,0,0,0,0,0,0,0,0,0,0,0,0,0,0,0,0,0,0,0,0,0,0,0,0,0,0,0,0,0,0,0,0,0,38,14,7,45,65476,0,300,0,0,8,21553,0.0,-107605600.0,0.0,0.0,0.0,0.0,0.0,0.0,0.0,0.0,0.0,0.0,0.0,0.0,0.0,0.0,0.0,0.0,0.0,0.0,0.0,0.0,-2.004,-2.004,2.004,-2.004,0.0,0.0,0.0,0.0,5048.0,2.422988192762658e+24,0.0,-107615288.0,-0.0,-0.0,0.0,0.0,0.0,0.0,0.0,53,-0.0,5.848056079300204e+35,0.0,0.0,0.0,0.0,0.0,0.0,0.0,0,0,0,0.0,0.0,0.0,0.0,0.0,0.0,0.0,0.0,0.0,0.0,0.0,0.0,0.0,0.0,0.0,0.0,0,-107875648.0,53,0.0,106,-107614832.0,-0.0,ERR,ERR,ERR,ERR,ERR,ERR,ERR,ERR,ERR,ERR,ERR,ERR,ERR,ERR,ERR,ERR,ERR,ERR,ERR,ERR,ERR,ERR,ERR,ERR,ERR,ERR,ERR,ERR,ERR,ERR,ERR,ERR,ERR,ERR,ERR,ERR,ERR,ERR,ERR,ERR,ERR,ERR,ERR,ERR,ERR,ERR,ERR,ERR,ERR,ERR,ERR,ERR,ERR,ERR,ERR,ERR,ERR,ERR,ERR,ERR,ERR,ERR,ERR,ERR,ERR,ERR,ERR,50.0,60.0,100,0.0,0.0,0.0,0.0,0.0,0.0,0.0,0.0,0.0,0.0,0.0,0.0,0.0,0.0,0.0,0.0,61.6,75,13,65511,50,65476,0,300,0,0,8,20529,65476,0,0,26214,60.0,0.0,0.0,0.0,0.0,0.0
2026-05-17T18:02:27,ERR,ERR,ERR,ERR,ERR,ERR,ERR,ERR,ERR,ERR,ERR,ERR,ERR,ERR,ERR,ERR,ERR,ERR,ERR,ERR,ERR,ERR,ERR,ERR,ERR,ERR,ERR,ERR,ERR,ERR,ERR,ERR,ERR,ERR,ERR,ERR,ERR,ERR,ERR,ERR,ERR,ERR,ERR,ERR,ERR,ERR,ERR,ERR,ERR,ERR,ERR,ERR,ERR,ERR,ERR,ERR,ERR,ERR,ERR,ERR,ERR,ERR,ERR,ERR,ERR,ERR,ERR,ERR,ERR,ERR,ERR,ERR,ERR,ERR,ERR,ERR,ERR,ERR,ERR,ERR,ERR,ERR,ERR,ERR,ERR,ERR,ERR,ERR,ERR,ERR,ERR,ERR,ERR,ERR,ERR,ERR,ERR,ERR,ERR,ERR,ERR,ERR,ERR,ERR,ERR,ERR,ERR,ERR,ERR,ERR,ERR,ERR,ERR,ERR,ERR,ERR,ERR,ERR,ERR,ERR,ERR,ERR,ERR,ERR,ERR,-107615288.0,-0.0,-134474944.0,0.0,0.0,1.3936040501711995e+18,7.805,0.0,0,0,4,0,8422,0.0,45,0.0,0.0,0.0,0.0,0.0,0,0,0,0,0.0,0,0,0,0,0,0,0,0,0,0,0,0,0,0,0,0,0,0,0,0,0,0,0,0,0,0,0,0,0,0,0,0,0,38,14,7,45,65476,0,300,0,0,8,21553,0.0,-107605600.0,0.0,0.0,0.0,0.0,0.0,0.0,0.0,0.0,0.0,0.0,0.0,0.0,0.0,0.0,0.0,0.0,0.0,0.0,0.0,0.0,-2.004,-2.004,2.004,-2.004,0.0,0.0,0.0,0.0,5048.0,2.422988192762658e+24,0.0,-107615288.0,-0.0,-0.0,0.0,0.0,0.0,0.0,0.0,53,-0.0,5.848056079300204e+35,0.0,0.0,0.0,0.0,0.0,0.0,0.0,0,0,0,0.0,0.0,0.0,0.0,0.0,0.0,0.0,0.0,0.0,0.0,0.0,0.0,0.0,0.0,0.0,0.0,0,-107875648.0,53,0.0,106,-107614832.0,-0.0,ERR,ERR,ERR,ERR,ERR,ERR,ERR,ERR,ERR,ERR,ERR,ERR,ERR,ERR,ERR,ERR,ERR,ERR,ERR,ERR,ERR,ERR,ERR,ERR,ERR,ERR,ERR,ERR,ERR,ERR,ERR,ERR,ERR,ERR,ERR,ERR,ERR,ERR,ERR,ERR,ERR,ERR,ERR,ERR,ERR,ERR,ERR,ERR,ERR,ERR,ERR,ERR,ERR,ERR,ERR,ERR,ERR,ERR,ERR,ERR,ERR,ERR,ERR,ERR,ERR,ERR,ERR,50.0,60.0,100,0.0,0.0,0.0,0.0,0.0,0.0,0.0,0.0,0.0,0.0,0.0,0.0,0.0,0.0,0.0,0.0,61.6,75,13,65511,50,65476,0,300,0,0,8,20529,65476,0,0,26214,60.0,0.0,0.0,0.0,0.0,0.0
2026-05-17T18:02:28,ERR,ERR,ERR,ERR,ERR,ERR,ERR,ERR,ERR,ERR,ERR,ERR,ERR,ERR,ERR,ERR,ERR,ERR,ERR,ERR,ERR,ERR,ERR,ERR,ERR,ERR,ERR,ERR,ERR,ERR,ERR,ERR,ERR,ERR,ERR,ERR,ERR,ERR,ERR,ERR,ERR,ERR,ERR,ERR,ERR,ERR,ERR,ERR,ERR,ERR,ERR,ERR,ERR,ERR,ERR,ERR,ERR,ERR,ERR,ERR,ERR,ERR,ERR,ERR,ERR,ERR,ERR,ERR,ERR,ERR,ERR,ERR,ERR,ERR,ERR,ERR,ERR,ERR,ERR,ERR,ERR,ERR,ERR,ERR,ERR,ERR,ERR,ERR,ERR,ERR,ERR,ERR,ERR,ERR,ERR,ERR,ERR,ERR,ERR,ERR,ERR,ERR,ERR,ERR,ERR,ERR,ERR,ERR,ERR,ERR,ERR,ERR,ERR,ERR,ERR,ERR,ERR,ERR,ERR,ERR,ERR,ERR,ERR,ERR,ERR,-107615288.0,-0.0,-134474944.0,0.0,0.0,1.3936040501711995e+18,7.805,0.0,0,0,4,0,8422,0.0,45,0.0,0.0,0.0,0.0,0.0,0,0,0,0,0.0,0,0,0,0,0,0,0,0,0,0,0,0,0,0,0,0,0,0,0,0,0,0,0,0,0,0,0,0,0,0,0,0,0,38,14,7,45,65476,0,300,0,0,8,21553,0.0,-107605600.0,0.0,0.0,0.0,0.0,0.0,0.0,0.0,0.0,0.0,0.0,0.0,0.0,0.0,0.0,0.0,0.0,0.0,0.0,0.0,0.0,-2.004,-2.004,2.004,-2.004,0.0,0.0,0.0,0.0,5048.0,2.422988192762658e+24,0.0,-107615288.0,-0.0,-0.0,0.0,0.0,0.0,0.0,0.0,53,-0.0,5.848056079300204e+35,0.0,0.0,0.0,0.0,0.0,0.0,0.0,0,0,0,0.0,0.0,0.0,0.0,0.0,0.0,0.0,0.0,0.0,0.0,0.0,0.0,0.0,0.0,0.0,0.0,0,-107875648.0,53,0.0,106,-107614832.0,-0.0,ERR,ERR,ERR,ERR,ERR,ERR,ERR,ERR,ERR,ERR,ERR,ERR,ERR,ERR,ERR,ERR,ERR,ERR,ERR,ERR,ERR,ERR,ERR,ERR,ERR,ERR,ERR,ERR,ERR,ERR,ERR,ERR,ERR,ERR,ERR,ERR,ERR,ERR,ERR,ERR,ERR,ERR,ERR,ERR,ERR,ERR,ERR,ERR,ERR,ERR,ERR,ERR,ERR,ERR,ERR,ERR,ERR,ERR,ERR,ERR,ERR,ERR,ERR,ERR,ERR,ERR,ERR,50.0,60.0,100,0.0,0.0,0.0,0.0,0.0,0.0,0.0,0.0,0.0,0.0,0.0,0.0,0.0,0.0,0.0,0.0,62.0,75,13,65511,50,65476,0,300,0,0,8,20529,65476,0,0,26214,60.0,0.0,0.0,0.0,0.0,0.0
2026-05-17T18:02:29,ERR,ERR,ERR,ERR,ERR,ERR,ERR,ERR,ERR,ERR,ERR,ERR,ERR,ERR,ERR,ERR,ERR,ERR,ERR,ERR,ERR,ERR,ERR,ERR,ERR,ERR,ERR,ERR,ERR,ERR,ERR,ERR,ERR,ERR,ERR,ERR,ERR,ERR,ERR,ERR,ERR,ERR,ERR,ERR,ERR,ERR,ERR,ERR,ERR,ERR,ERR,ERR,ERR,ERR,ERR,ERR,ERR,ERR,ERR,ERR,ERR,ERR,ERR,ERR,ERR,ERR,ERR,ERR,ERR,ERR,ERR,ERR,ERR,ERR,ERR,ERR,ERR,ERR,ERR,ERR,ERR,ERR,ERR,ERR,ERR,ERR,ERR,ERR,ERR,ERR,ERR,ERR,ERR,ERR,ERR,ERR,ERR,ERR,ERR,ERR,ERR,ERR,ERR,ERR,ERR,ERR,ERR,ERR,ERR,ERR,ERR,ERR,ERR,ERR,ERR,ERR,ERR,ERR,ERR,ERR,ERR,ERR,ERR,ERR,ERR,-107615288.0,-0.0,-134474944.0,0.0,0.0,1.3936040501711995e+18,7.805,0.0,0,0,4,0,8422,0.0,45,0.0,0.0,0.0,0.0,0.0,0,0,0,0,0.0,0,0,0,0,0,0,0,0,0,0,0,0,0,0,0,0,0,0,0,0,0,0,0,0,0,0,0,0,0,0,0,0,0,38,14,7,45,65476,0,300,0,0,8,21553,0.0,-107605600.0,0.0,0.0,0.0,0.0,0.0,0.0,0.0,0.0,0.0,0.0,0.0,0.0,0.0,0.0,0.0,0.0,0.0,0.0,0.0,0.0,-2.004,-2.004,2.004,-2.004,0.0,0.0,0.0,0.0,5047.0,1.5879295420089355e+29,0.0,-107615288.0,-0.0,-0.0,0.0,0.0,0.0,0.0,0.0,53,-0.0,-0.0,0.0,0.0,0.0,0.0,0.0,0.0,0.0,0,0,0,0.0,0.0,0.0,0.0,0.0,0.0,0.0,0.0,0.0,0.0,0.0,0.0,0.0,0.0,0.0,0.0,0,-107875648.0,53,0.0,106,-107614832.0,-0.0,ERR,ERR,ERR,ERR,ERR,ERR,ERR,ERR,ERR,ERR,ERR,ERR,ERR,ERR,ERR,ERR,ERR,ERR,ERR,ERR,ERR,ERR,ERR,ERR,ERR,ERR,ERR,ERR,ERR,ERR,ERR,ERR,ERR,ERR,ERR,ERR,ERR,ERR,ERR,ERR,ERR,ERR,ERR,ERR,ERR,ERR,ERR,ERR,ERR,ERR,ERR,ERR,ERR,ERR,ERR,ERR,ERR,ERR,ERR,ERR,ERR,ERR,ERR,ERR,ERR,ERR,ERR,50.0,60.0,100,0.0,0.0,0.0,0.0,0.0,0.0,0.0,0.0,0.0,0.0,0.0,0.0,0.0,0.0,0.0,0.0,62.0,75,13,65511,50,65476,0,300,0,0,8,20529,65476,0,0,26214,60.0,0.0,0.0,0.0,0.0,0.0
2026-05-17T18:02:30,ERR,ERR,ERR,ERR,ERR,ERR,ERR,ERR,ERR,ERR,ERR,ERR,ERR,ERR,ERR,ERR,ERR,ERR,ERR,ERR,ERR,ERR,ERR,ERR,ERR,ERR,ERR,ERR,ERR,ERR,ERR,ERR,ERR,ERR,ERR,ERR,ERR,ERR,ERR,ERR,ERR,ERR,ERR,ERR,ERR,ERR,ERR,ERR,ERR,ERR,ERR,ERR,ERR,ERR,ERR,ERR,ERR,ERR,ERR,ERR,ERR,ERR,ERR,ERR,ERR,ERR,ERR,ERR,ERR,ERR,ERR,ERR,ERR,ERR,ERR,ERR,ERR,ERR,ERR,ERR,ERR,ERR,ERR,ERR,ERR,ERR,ERR,ERR,ERR,ERR,ERR,ERR,ERR,ERR,ERR,ERR,ERR,ERR,ERR,ERR,ERR,ERR,ERR,ERR,ERR,ERR,ERR,ERR,ERR,ERR,ERR,ERR,ERR,ERR,ERR,ERR,ERR,ERR,ERR,ERR,ERR,ERR,ERR,ERR,ERR,-107615288.0,-0.0,-134474944.0,0.0,0.0,1.3936040501711995e+18,7.805,0.0,0,0,4,0,8422,0.0,45,0.0,0.0,0.0,0.0,0.0,0,0,0,0,0.0,0,0,0,0,0,0,0,0,0,0,0,0,0,0,0,0,0,0,0,0,0,0,0,0,0,0,0,0,0,0,0,0,0,38,14,7,45,65476,0,300,0,0,8,21553,0.0,-107605600.0,0.0,0.0,0.0,0.0,0.0,0.0,0.0,0.0,0.0,0.0,0.0,0.0,0.0,0.0,0.0,0.0,0.0,0.0,0.0,0.0,-2.004,-2.004,2.004,-2.004,0.0,0.0,0.0,0.0,5047.0,1.5879295420089355e+29,0.0,-107615288.0,-0.0,-0.0,0.0,0.0,0.0,0.0,0.0,53,-0.0,-0.0,0.0,0.0,0.0,0.0,0.0,0.0,0.0,0,0,0,0.0,0.0,0.0,0.0,0.0,0.0,0.0,0.0,0.0,0.0,0.0,0.0,0.0,0.0,0.0,0.0,0,-107875648.0,53,0.0,106,-107614832.0,-0.0,ERR,ERR,ERR,ERR,ERR,ERR,ERR,ERR,ERR,ERR,ERR,ERR,ERR,ERR,ERR,ERR,ERR,ERR,ERR,ERR,ERR,ERR,ERR,ERR,ERR,ERR,ERR,ERR,ERR,ERR,ERR,ERR,ERR,ERR,ERR,ERR,ERR,ERR,ERR,ERR,ERR,ERR,ERR,ERR,ERR,ERR,ERR,ERR,ERR,ERR,ERR,ERR,ERR,ERR,ERR,ERR,ERR,ERR,ERR,ERR,ERR,ERR,ERR,ERR,ERR,ERR,ERR,50.0,60.0,100,0.0,0.0,0.0,0.0,0.0,0.0,0.0,0.0,0.0,0.0,0.0,0.0,0.0,0.0,0.0,0.0,61.6,75,13,65511,50,65476,0,300,0,0,8,20529,65476,0,0,26214,60.0,0.0,0.0,0.0,0.0,0.0
2026-05-17T18:02:31,ERR,ERR,ERR,ERR,ERR,ERR,ERR,ERR,ERR,ERR,ERR,ERR,ERR,ERR,ERR,ERR,ERR,ERR,ERR,ERR,ERR,ERR,ERR,ERR,ERR,ERR,ERR,ERR,ERR,ERR,ERR,ERR,ERR,ERR,ERR,ERR,ERR,ERR,ERR,ERR,ERR,ERR,ERR,ERR,ERR,ERR,ERR,ERR,ERR,ERR,ERR,ERR,ERR,ERR,ERR,ERR,ERR,ERR,ERR,ERR,ERR,ERR,ERR,ERR,ERR,ERR,ERR,ERR,ERR,ERR,ERR,ERR,ERR,ERR,ERR,ERR,ERR,ERR,ERR,ERR,ERR,ERR,ERR,ERR,ERR,ERR,ERR,ERR,ERR,ERR,ERR,ERR,ERR,ERR,ERR,ERR,ERR,ERR,ERR,ERR,ERR,ERR,ERR,ERR,ERR,ERR,ERR,ERR,ERR,ERR,ERR,ERR,ERR,ERR,ERR,ERR,ERR,ERR,ERR,ERR,ERR,ERR,ERR,ERR,ERR,-107615288.0,-0.0,-134474944.0,0.0,0.0,1.3936040501711995e+18,7.805,0.0,0,0,4,0,8422,0.0,45,0.0,0.0,0.0,0.0,0.0,0,0,0,0,0.0,0,0,0,0,0,0,0,0,0,0,0,0,0,0,0,0,0,0,0,0,0,0,0,0,0,0,0,0,0,0,0,0,0,38,14,7,45,65476,0,300,0,0,8,21553,0.0,-107605600.0,0.0,0.0,0.0,0.0,0.0,0.0,0.0,0.0,0.0,0.0,0.0,0.0,0.0,0.0,0.0,0.0,0.0,0.0,0.0,0.0,-2.004,-2.004,2.004,-2.004,0.0,0.0,0.0,0.0,5047.0,1.5879295420089355e+29,0.0,-107615288.0,-0.0,-0.0,0.0,0.0,0.0,0.0,0.0,53,-0.0,-0.0,0.0,0.0,0.0,0.0,0.0,0.0,0.0,0,0,0,0.0,0.0,0.0,0.0,0.0,0.0,0.0,0.0,0.0,0.0,0.0,0.0,0.0,0.0,0.0,0.0,0,-107875648.0,53,0.0,106,-107614832.0,-0.0,ERR,ERR,ERR,ERR,ERR,ERR,ERR,ERR,ERR,ERR,ERR,ERR,ERR,ERR,ERR,ERR,ERR,ERR,ERR,ERR,ERR,ERR,ERR,ERR,ERR,ERR,ERR,ERR,ERR,ERR,ERR,ERR,ERR,ERR,ERR,ERR,ERR,ERR,ERR,ERR,ERR,ERR,ERR,ERR,ERR,ERR,ERR,ERR,ERR,ERR,ERR,ERR,ERR,ERR,ERR,ERR,ERR,ERR,ERR,ERR,ERR,ERR,ERR,ERR,ERR,ERR,ERR,50.0,60.0,100,0.0,0.0,0.0,0.0,0.0,0.0,0.0,0.0,0.0,0.0,0.0,0.0,0.0,0.0,0.0,0.0,61.6,75,13,65511,50,65476,0,300,0,0,8,20529,65476,0,0,26214,60.0,0.0,0.0,0.0,0.0,0.0
2026-05-17T18:02:32,ERR,ERR,ERR,ERR,ERR,ERR,ERR,ERR,ERR,ERR,ERR,ERR,ERR,ERR,ERR,ERR,ERR,ERR,ERR,ERR,ERR,ERR,ERR,ERR,ERR,ERR,ERR,ERR,ERR,ERR,ERR,ERR,ERR,ERR,ERR,ERR,ERR,ERR,ERR,ERR,ERR,ERR,ERR,ERR,ERR,ERR,ERR,ERR,ERR,ERR,ERR,ERR,ERR,ERR,ERR,ERR,ERR,ERR,ERR,ERR,ERR,ERR,ERR,ERR,ERR,ERR,ERR,ERR,ERR,ERR,ERR,ERR,ERR,ERR,ERR,ERR,ERR,ERR,ERR,ERR,ERR,ERR,ERR,ERR,ERR,ERR,ERR,ERR,ERR,ERR,ERR,ERR,ERR,ERR,ERR,ERR,ERR,ERR,ERR,ERR,ERR,ERR,ERR,ERR,ERR,ERR,ERR,ERR,ERR,ERR,ERR,ERR,ERR,ERR,ERR,ERR,ERR,ERR,ERR,ERR,ERR,ERR,ERR,ERR,ERR,-107615288.0,-0.0,-134474944.0,0.0,0.0,1.3936040501711995e+18,7.805,0.0,0,0,4,0,8422,0.0,45,0.0,0.0,0.0,0.0,0.0,0,0,0,0,0.0,0,0,0,0,0,0,0,0,0,0,0,0,0,0,0,0,0,0,0,0,0,0,0,0,0,0,0,0,0,0,0,0,0,38,14,7,45,65476,0,300,0,0,8,21553,0.0,-107605600.0,0.0,0.0,0.0,0.0,0.0,0.0,0.0,0.0,0.0,0.0,0.0,0.0,0.0,0.0,0.0,0.0,0.0,0.0,0.0,0.0,-2.004,-2.004,2.004,-2.004,0.0,0.0,0.0,0.0,5047.0,1.5879295420089355e+29,0.0,-107615288.0,-0.0,-0.0,0.0,0.0,0.0,0.0,0.0,53,-0.0,-0.0,0.0,0.0,0.0,0.0,0.0,0.0,0.0,0,0,0,0.0,0.0,0.0,0.0,0.0,0.0,0.0,0.0,0.0,0.0,0.0,0.0,0.0,0.0,0.0,0.0,0,-107875648.0,53,0.0,106,-107614832.0,-0.0,ERR,ERR,ERR,ERR,ERR,ERR,ERR,ERR,ERR,ERR,ERR,ERR,ERR,ERR,ERR,ERR,ERR,ERR,ERR,ERR,ERR,ERR,ERR,ERR,ERR,ERR,ERR,ERR,ERR,ERR,ERR,ERR,ERR,ERR,ERR,ERR,ERR,ERR,ERR,ERR,ERR,ERR,ERR,ERR,ERR,ERR,ERR,ERR,ERR,ERR,ERR,ERR,ERR,ERR,ERR,ERR,ERR,ERR,ERR,ERR,ERR,ERR,ERR,ERR,ERR,ERR,ERR,50.0,60.0,100,0.0,0.0,0.0,0.0,0.0,0.0,0.0,0.0,0.0,0.0,0.0,0.0,0.0,0.0,0.0,0.0,61.6,75,13,65511,50,65476,0,300,0,0,8,20529,65476,0,0,26214,60.0,0.0,0.0,0.0,0.0,0.0
2026-05-17T18:02:33,ERR,ERR,ERR,ERR,ERR,ERR,ERR,ERR,ERR,ERR,ERR,ERR,ERR,ERR,ERR,ERR,ERR,ERR,ERR,ERR,ERR,ERR,ERR,ERR,ERR,ERR,ERR,ERR,ERR,ERR,ERR,ERR,ERR,ERR,ERR,ERR,ERR,ERR,ERR,ERR,ERR,ERR,ERR,ERR,ERR,ERR,ERR,ERR,ERR,ERR,ERR,ERR,ERR,ERR,ERR,ERR,ERR,ERR,ERR,ERR,ERR,ERR,ERR,ERR,ERR,ERR,ERR,ERR,ERR,ERR,ERR,ERR,ERR,ERR,ERR,ERR,ERR,ERR,ERR,ERR,ERR,ERR,ERR,ERR,ERR,ERR,ERR,ERR,ERR,ERR,ERR,ERR,ERR,ERR,ERR,ERR,ERR,ERR,ERR,ERR,ERR,ERR,ERR,ERR,ERR,ERR,ERR,ERR,ERR,ERR,ERR,ERR,ERR,ERR,ERR,ERR,ERR,ERR,ERR,ERR,ERR,ERR,ERR,ERR,ERR,-107615288.0,-0.0,-134474944.0,0.0,0.0,1.3936040501711995e+18,7.805,0.0,0,0,4,0,8422,0.0,45,0.0,0.0,0.0,0.0,0.0,0,0,0,0,0.0,0,0,0,0,0,0,0,0,0,0,0,0,0,0,0,0,0,0,0,0,0,0,0,0,0,0,0,0,0,0,0,0,0,38,14,7,45,65476,0,300,0,0,8,21553,0.0,-107605600.0,0.0,0.0,0.0,0.0,0.0,0.0,0.0,0.0,0.0,0.0,0.0,0.0,0.0,0.0,0.0,0.0,0.0,0.0,0.0,0.0,-2.004,-2.004,2.004,-2.004,0.0,0.0,0.0,0.0,5047.0,1.5879295420089355e+29,0.0,-107615288.0,-0.0,-0.0,0.0,0.0,0.0,0.0,0.0,53,-0.0,-0.0,0.0,0.0,0.0,0.0,0.0,0.0,0.0,0,0,0,0.0,0.0,0.0,0.0,0.0,0.0,0.0,0.0,0.0,0.0,0.0,0.0,0.0,0.0,0.0,0.0,0,-107875648.0,53,0.0,106,-107614832.0,-0.0,ERR,ERR,ERR,ERR,ERR,ERR,ERR,ERR,ERR,ERR,ERR,ERR,ERR,ERR,ERR,ERR,ERR,ERR,ERR,ERR,ERR,ERR,ERR,ERR,ERR,ERR,ERR,ERR,ERR,ERR,ERR,ERR,ERR,ERR,ERR,ERR,ERR,ERR,ERR,ERR,ERR,ERR,ERR,ERR,ERR,ERR,ERR,ERR,ERR,ERR,ERR,ERR,ERR,ERR,ERR,ERR,ERR,ERR,ERR,ERR,ERR,ERR,ERR,ERR,ERR,ERR,ERR,50.0,60.0,100,0.0,0.0,0.0,0.0,0.0,0.0,0.0,0.0,0.0,0.0,0.0,0.0,0.0,0.0,0.0,0.0,61.6,75,13,65511,50,65476,0,300,0,0,8,20529,65476,0,0,26214,60.0,0.0,0.0,0.0,0.0,0.0
2026-05-17T18:02:34,ERR,ERR,ERR,ERR,ERR,ERR,ERR,ERR,ERR,ERR,ERR,ERR,ERR,ERR,ERR,ERR,ERR,ERR,ERR,ERR,ERR,ERR,ERR,ERR,ERR,ERR,ERR,ERR,ERR,ERR,ERR,ERR,ERR,ERR,ERR,ERR,ERR,ERR,ERR,ERR,ERR,ERR,ERR,ERR,ERR,ERR,ERR,ERR,ERR,ERR,ERR,ERR,ERR,ERR,ERR,ERR,ERR,ERR,ERR,ERR,ERR,ERR,ERR,ERR,ERR,ERR,ERR,ERR,ERR,ERR,ERR,ERR,ERR,ERR,ERR,ERR,ERR,ERR,ERR,ERR,ERR,ERR,ERR,ERR,ERR,ERR,ERR,ERR,ERR,ERR,ERR,ERR,ERR,ERR,ERR,ERR,ERR,ERR,ERR,ERR,ERR,ERR,ERR,ERR,ERR,ERR,ERR,ERR,ERR,ERR,ERR,ERR,ERR,ERR,ERR,ERR,ERR,ERR,ERR,ERR,ERR,ERR,ERR,ERR,ERR,-107615288.0,-0.0,-134474944.0,0.0,0.0,1.3936040501711995e+18,7.805,0.0,0,0,4,0,8422,0.0,45,0.0,0.0,0.0,0.0,0.0,0,0,0,0,0.0,0,0,0,0,0,0,0,0,0,0,0,0,0,0,0,0,0,0,0,0,0,0,0,0,0,0,0,0,0,0,0,0,0,38,14,7,45,65476,0,300,0,0,8,21553,0.0,-107605600.0,0.0,0.0,0.0,0.0,0.0,0.0,0.0,0.0,0.0,0.0,0.0,0.0,0.0,0.0,0.0,0.0,0.0,0.0,0.0,0.0,-2.004,-2.004,2.004,-2.004,0.0,0.0,0.0,0.0,5018.0,-2.422987904532282e+24,0.0,-107615288.0,-0.0,-0.0,0.0,0.0,0.0,0.0,0.0,53,-0.0,-152017280434176.0,0.0,0.0,0.0,0.0,0.0,0.0,0.0,0,0,0,0.0,0.0,0.0,0.0,0.0,0.0,0.0,0.0,0.0,0.0,0.0,0.0,0.0,0.0,0.0,0.0,0,-107875648.0,53,0.0,106,-107614832.0,-0.0,ERR,ERR,ERR,ERR,ERR,ERR,ERR,ERR,ERR,ERR,ERR,ERR,ERR,ERR,ERR,ERR,ERR,ERR,ERR,ERR,ERR,ERR,ERR,ERR,ERR,ERR,ERR,ERR,ERR,ERR,ERR,ERR,ERR,ERR,ERR,ERR,ERR,ERR,ERR,ERR,ERR,ERR,ERR,ERR,ERR,ERR,ERR,ERR,ERR,ERR,ERR,ERR,ERR,ERR,ERR,ERR,ERR,ERR,ERR,ERR,ERR,ERR,ERR,ERR,ERR,ERR,ERR,50.0,60.0,100,0.0,0.0,0.0,0.0,0.0,0.0,0.0,0.0,0.0,0.0,0.0,0.0,0.0,0.0,0.0,0.0,61.6,75,13,65511,50,65476,0,300,0,0,8,20529,65476,0,0,26214,60.0,0.0,0.0,0.0,0.0,0.0
2026-05-17T18:02:35,ERR,ERR,ERR,ERR,ERR,ERR,ERR,ERR,ERR,ERR,ERR,ERR,ERR,ERR,ERR,ERR,ERR,ERR,ERR,ERR,ERR,ERR,ERR,ERR,ERR,ERR,ERR,ERR,ERR,ERR,ERR,ERR,ERR,ERR,ERR,ERR,ERR,ERR,ERR,ERR,ERR,ERR,ERR,ERR,ERR,ERR,ERR,ERR,ERR,ERR,ERR,ERR,ERR,ERR,ERR,ERR,ERR,ERR,ERR,ERR,ERR,ERR,ERR,ERR,ERR,ERR,ERR,ERR,ERR,ERR,ERR,ERR,ERR,ERR,ERR,ERR,ERR,ERR,ERR,ERR,ERR,ERR,ERR,ERR,ERR,ERR,ERR,ERR,ERR,ERR,ERR,ERR,ERR,ERR,ERR,ERR,ERR,ERR,ERR,ERR,ERR,ERR,ERR,ERR,ERR,ERR,ERR,ERR,ERR,ERR,ERR,ERR,ERR,ERR,ERR,ERR,ERR,ERR,ERR,ERR,ERR,ERR,ERR,ERR,ERR,-107615288.0,-0.0,-134474944.0,0.0,0.0,1.3936040501711995e+18,7.805,0.0,0,0,4,0,8422,0.0,45,0.0,0.0,0.0,0.0,0.0,0,0,0,0,0.0,0,0,0,0,0,0,0,0,0,0,0,0,0,0,0,0,0,0,0,0,0,0,0,0,0,0,0,0,0,0,0,0,0,38,14,7,45,65476,0,300,0,0,8,21553,0.0,-107605600.0,0.0,0.0,0.0,0.0,0.0,0.0,0.0,0.0,0.0,0.0,0.0,0.0,0.0,0.0,0.0,0.0,0.0,0.0,0.0,0.0,-2.004,-2.004,2.004,-2.004,0.0,0.0,0.0,0.0,5018.0,-2.422987904532282e+24,0.0,-107615288.0,-0.0,-0.0,0.0,0.0,0.0,0.0,0.0,53,-0.0,-152017280434176.0,0.0,0.0,0.0,0.0,0.0,0.0,0.0,0,0,0,0.0,0.0,0.0,0.0,0.0,0.0,0.0,0.0,0.0,0.0,0.0,0.0,0.0,0.0,0.0,0.0,0,-107875648.0,53,0.0,106,-107614832.0,-0.0,ERR,ERR,ERR,ERR,ERR,ERR,ERR,ERR,ERR,ERR,ERR,ERR,ERR,ERR,ERR,ERR,ERR,ERR,ERR,ERR,ERR,ERR,ERR,ERR,ERR,ERR,ERR,ERR,ERR,ERR,ERR,ERR,ERR,ERR,ERR,ERR,ERR,ERR,ERR,ERR,ERR,ERR,ERR,ERR,ERR,ERR,ERR,ERR,ERR,ERR,ERR,ERR,ERR,ERR,ERR,ERR,ERR,ERR,ERR,ERR,ERR,ERR,ERR,ERR,ERR,ERR,ERR,50.0,60.0,100,0.0,0.0,0.0,0.0,0.0,0.0,0.0,0.0,0.0,0.0,0.0,0.0,0.0,0.0,0.0,0.0,61.6,75,13,65511,50,65476,0,300,0,0,8,20529,65476,0,0,26214,60.0,0.0,0.0,0.0,0.0,0.0
2026-05-17T18:02:36,ERR,ERR,ERR,ERR,ERR,ERR,ERR,ERR,ERR,ERR,ERR,ERR,ERR,ERR,ERR,ERR,ERR,ERR,ERR,ERR,ERR,ERR,ERR,ERR,ERR,ERR,ERR,ERR,ERR,ERR,ERR,ERR,ERR,ERR,ERR,ERR,ERR,ERR,ERR,ERR,ERR,ERR,ERR,ERR,ERR,ERR,ERR,ERR,ERR,ERR,ERR,ERR,ERR,ERR,ERR,ERR,ERR,ERR,ERR,ERR,ERR,ERR,ERR,ERR,ERR,ERR,ERR,ERR,ERR,ERR,ERR,ERR,ERR,ERR,ERR,ERR,ERR,ERR,ERR,ERR,ERR,ERR,ERR,ERR,ERR,ERR,ERR,ERR,ERR,ERR,ERR,ERR,ERR,ERR,ERR,ERR,ERR,ERR,ERR,ERR,ERR,ERR,ERR,ERR,ERR,ERR,ERR,ERR,ERR,ERR,ERR,ERR,ERR,ERR,ERR,ERR,ERR,ERR,ERR,ERR,ERR,ERR,ERR,ERR,ERR,-107615288.0,-0.0,-134474944.0,0.0,0.0,1.3936040501711995e+18,7.805,0.0,0,0,4,0,8422,0.0,45,0.0,0.0,0.0,0.0,0.0,0,0,0,0,0.0,0,0,0,0,0,0,0,0,0,0,0,0,0,0,0,0,0,0,0,0,0,0,0,0,0,0,0,0,0,0,0,0,0,38,14,7,45,65476,0,300,0,0,8,21553,0.0,-107605600.0,0.0,0.0,0.0,0.0,0.0,0.0,0.0,0.0,0.0,0.0,0.0,0.0,0.0,0.0,0.0,0.0,0.0,0.0,0.0,0.0,-2.004,-2.004,2.004,-2.004,0.0,0.0,0.0,0.0,5018.0,-2.422987904532282e+24,0.0,-107615288.0,-0.0,-0.0,0.0,0.0,0.0,0.0,0.0,53,-0.0,-152017280434176.0,0.0,0.0,0.0,0.0,0.0,0.0,0.0,0,0,0,0.0,0.0,0.0,0.0,0.0,0.0,0.0,0.0,0.0,0.0,0.0,0.0,0.0,0.0,0.0,0.0,0,-107875648.0,53,0.0,106,-107614832.0,-0.0,ERR,ERR,ERR,ERR,ERR,ERR,ERR,ERR,ERR,ERR,ERR,ERR,ERR,ERR,ERR,ERR,ERR,ERR,ERR,ERR,ERR,ERR,ERR,ERR,ERR,ERR,ERR,ERR,ERR,ERR,ERR,ERR,ERR,ERR,ERR,ERR,ERR,ERR,ERR,ERR,ERR,ERR,ERR,ERR,ERR,ERR,ERR,ERR,ERR,ERR,ERR,ERR,ERR,ERR,ERR,ERR,ERR,ERR,ERR,ERR,ERR,ERR,ERR,ERR,ERR,ERR,ERR,50.0,60.0,100,0.0,0.0,0.0,0.0,0.0,0.0,0.0,0.0,0.0,0.0,0.0,0.0,0.0,0.0,0.0,0.0,61.6,75,13,65511,50,65476,0,300,0,0,8,20529,65476,0,0,26214,60.0,0.0,0.0,0.0,0.0,0.0
2026-05-17T18:02:37,ERR,ERR,ERR,ERR,ERR,ERR,ERR,ERR,ERR,ERR,ERR,ERR,ERR,ERR,ERR,ERR,ERR,ERR,ERR,ERR,ERR,ERR,ERR,ERR,ERR,ERR,ERR,ERR,ERR,ERR,ERR,ERR,ERR,ERR,ERR,ERR,ERR,ERR,ERR,ERR,ERR,ERR,ERR,ERR,ERR,ERR,ERR,ERR,ERR,ERR,ERR,ERR,ERR,ERR,ERR,ERR,ERR,ERR,ERR,ERR,ERR,ERR,ERR,ERR,ERR,ERR,ERR,ERR,ERR,ERR,ERR,ERR,ERR,ERR,ERR,ERR,ERR,ERR,ERR,ERR,ERR,ERR,ERR,ERR,ERR,ERR,ERR,ERR,ERR,ERR,ERR,ERR,ERR,ERR,ERR,ERR,ERR,ERR,ERR,ERR,ERR,ERR,ERR,ERR,ERR,ERR,ERR,ERR,ERR,ERR,ERR,ERR,ERR,ERR,ERR,ERR,ERR,ERR,ERR,ERR,ERR,ERR,ERR,ERR,ERR,-107615288.0,-0.0,-134474944.0,0.0,0.0,1.3936040501711995e+18,7.805,0.0,0,0,4,0,8422,0.0,45,0.0,0.0,0.0,0.0,0.0,0,0,0,0,0.0,0,0,0,0,0,0,0,0,0,0,0,0,0,0,0,0,0,0,0,0,0,0,0,0,0,0,0,0,0,0,0,0,0,38,14,7,45,65476,0,300,0,0,8,21553,0.0,-107605600.0,0.0,0.0,0.0,0.0,0.0,0.0,0.0,0.0,0.0,0.0,0.0,0.0,0.0,0.0,0.0,0.0,0.0,0.0,0.0,0.0,-2.004,-2.004,2.004,-2.004,0.0,0.0,0.0,0.0,5018.0,-2.422987904532282e+24,0.0,-107615288.0,-0.0,-0.0,0.0,0.0,0.0,0.0,0.0,53,-0.0,-152017280434176.0,0.0,0.0,0.0,0.0,0.0,0.0,0.0,0,0,0,0.0,0.0,0.0,0.0,0.0,0.0,0.0,0.0,0.0,0.0,0.0,0.0,0.0,0.0,0.0,0.0,0,-107875648.0,53,0.0,106,-107614832.0,-0.0,ERR,ERR,ERR,ERR,ERR,ERR,ERR,ERR,ERR,ERR,ERR,ERR,ERR,ERR,ERR,ERR,ERR,ERR,ERR,ERR,ERR,ERR,ERR,ERR,ERR,ERR,ERR,ERR,ERR,ERR,ERR,ERR,ERR,ERR,ERR,ERR,ERR,ERR,ERR,ERR,ERR,ERR,ERR,ERR,ERR,ERR,ERR,ERR,ERR,ERR,ERR,ERR,ERR,ERR,ERR,ERR,ERR,ERR,ERR,ERR,ERR,ERR,ERR,ERR,ERR,ERR,ERR,50.0,60.0,100,0.0,0.0,0.0,0.0,0.0,0.0,0.0,0.0,0.0,0.0,0.0,0.0,0.0,0.0,0.0,0.0,61.6,75,13,65511,50,65476,0,300,0,0,8,20529,65476,0,0,26214,60.0,0.0,0.0,0.0,0.0,0.0
2026-05-17T18:02:38,ERR,ERR,ERR,ERR,ERR,ERR,ERR,ERR,ERR,ERR,ERR,ERR,ERR,ERR,ERR,ERR,ERR,ERR,ERR,ERR,ERR,ERR,ERR,ERR,ERR,ERR,ERR,ERR,ERR,ERR,ERR,ERR,ERR,ERR,ERR,ERR,ERR,ERR,ERR,ERR,ERR,ERR,ERR,ERR,ERR,ERR,ERR,ERR,ERR,ERR,ERR,ERR,ERR,ERR,ERR,ERR,ERR,ERR,ERR,ERR,ERR,ERR,ERR,ERR,ERR,ERR,ERR,ERR,ERR,ERR,ERR,ERR,ERR,ERR,ERR,ERR,ERR,ERR,ERR,ERR,ERR,ERR,ERR,ERR,ERR,ERR,ERR,ERR,ERR,ERR,ERR,ERR,ERR,ERR,ERR,ERR,ERR,ERR,ERR,ERR,ERR,ERR,ERR,ERR,ERR,ERR,ERR,ERR,ERR,ERR,ERR,ERR,ERR,ERR,ERR,ERR,ERR,ERR,ERR,ERR,ERR,ERR,ERR,ERR,ERR,-107615288.0,-0.0,-134474944.0,0.0,0.0,1.3936040501711995e+18,7.805,0.0,0,0,4,0,8422,0.0,45,0.0,0.0,0.0,0.0,0.0,0,0,0,0,0.0,0,0,0,0,0,0,0,0,0,0,0,0,0,0,0,0,0,0,0,0,0,0,0,0,0,0,0,0,0,0,0,0,0,38,14,7,45,65476,0,300,0,0,8,21553,0.0,-107605600.0,0.0,0.0,0.0,0.0,0.0,0.0,0.0,0.0,0.0,0.0,0.0,0.0,0.0,0.0,0.0,0.0,0.0,0.0,0.0,0.0,-2.004,-2.004,2.004,-2.004,0.0,0.0,0.0,0.0,5018.0,-2.422987904532282e+24,0.0,-107615288.0,-0.0,-0.0,0.0,0.0,0.0,0.0,0.0,53,-0.0,-152017280434176.0,0.0,0.0,0.0,0.0,0.0,0.0,0.0,0,0,0,0.0,0.0,0.0,0.0,0.0,0.0,0.0,0.0,0.0,0.0,0.0,0.0,0.0,0.0,0.0,0.0,0,-107875648.0,53,0.0,106,-107614832.0,-0.0,ERR,ERR,ERR,ERR,ERR,ERR,ERR,ERR,ERR,ERR,ERR,ERR,ERR,ERR,ERR,ERR,ERR,ERR,ERR,ERR,ERR,ERR,ERR,ERR,ERR,ERR,ERR,ERR,ERR,ERR,ERR,ERR,ERR,ERR,ERR,ERR,ERR,ERR,ERR,ERR,ERR,ERR,ERR,ERR,ERR,ERR,ERR,ERR,ERR,ERR,ERR,ERR,ERR,ERR,ERR,ERR,ERR,ERR,ERR,ERR,ERR,ERR,ERR,ERR,ERR,ERR,ERR,50.0,60.0,100,0.0,0.0,0.0,0.0,0.0,0.0,0.0,0.0,0.0,0.0,0.0,0.0,0.0,0.0,0.0,0.0,61.6,75,13,65511,50,65476,0,300,0,0,8,20529,65476,0,0,26214,60.0,0.0,0.0,0.0,0.0,0.0
2026-05-17T18:02:39,ERR,ERR,ERR,ERR,ERR,ERR,ERR,ERR,ERR,ERR,ERR,ERR,ERR,ERR,ERR,ERR,ERR,ERR,ERR,ERR,ERR,ERR,ERR,ERR,ERR,ERR,ERR,ERR,ERR,ERR,ERR,ERR,ERR,ERR,ERR,ERR,ERR,ERR,ERR,ERR,ERR,ERR,ERR,ERR,ERR,ERR,ERR,ERR,ERR,ERR,ERR,ERR,ERR,ERR,ERR,ERR,ERR,ERR,ERR,ERR,ERR,ERR,ERR,ERR,ERR,ERR,ERR,ERR,ERR,ERR,ERR,ERR,ERR,ERR,ERR,ERR,ERR,ERR,ERR,ERR,ERR,ERR,ERR,ERR,ERR,ERR,ERR,ERR,ERR,ERR,ERR,ERR,ERR,ERR,ERR,ERR,ERR,ERR,ERR,ERR,ERR,ERR,ERR,ERR,ERR,ERR,ERR,ERR,ERR,ERR,ERR,ERR,ERR,ERR,ERR,ERR,ERR,ERR,ERR,ERR,ERR,ERR,ERR,ERR,ERR,-107615288.0,-0.0,-134474944.0,0.0,0.0,1.3936040501711995e+18,7.805,0.0,0,0,4,0,8422,0.0,45,0.0,0.0,0.0,0.0,0.0,0,0,0,0,0.0,0,0,0,0,0,0,0,0,0,0,0,0,0,0,0,0,0,0,0,0,0,0,0,0,0,0,0,0,0,0,0,0,0,38,14,7,45,65476,0,300,0,0,8,21553,0.0,-107605600.0,0.0,0.0,0.0,0.0,0.0,0.0,0.0,0.0,0.0,0.0,0.0,0.0,0.0,0.0,0.0,0.0,0.0,0.0,0.0,0.0,-2.004,-2.004,2.004,-2.004,0.0,0.0,0.0,0.0,5016.0,-0.0,0.0,-107615288.0,-0.0,-0.0,0.0,0.0,0.0,0.0,0.0,53,-0.0,-0.0,0.0,0.0,0.0,0.0,0.0,0.0,0.0,0,0,0,0.0,0.0,0.0,0.0,0.0,0.0,0.0,0.0,0.0,0.0,0.0,0.0,0.0,0.0,0.0,0.0,0,-107875648.0,53,0.0,106,-107614832.0,-0.0,ERR,ERR,ERR,ERR,ERR,ERR,ERR,ERR,ERR,ERR,ERR,ERR,ERR,ERR,ERR,ERR,ERR,ERR,ERR,ERR,ERR,ERR,ERR,ERR,ERR,ERR,ERR,ERR,ERR,ERR,ERR,ERR,ERR,ERR,ERR,ERR,ERR,ERR,ERR,ERR,ERR,ERR,ERR,ERR,ERR,ERR,ERR,ERR,ERR,ERR,ERR,ERR,ERR,ERR,ERR,ERR,ERR,ERR,ERR,ERR,ERR,ERR,ERR,ERR,ERR,ERR,ERR,50.0,60.0,100,0.0,0.0,0.0,0.0,0.0,0.0,0.0,0.0,0.0,0.0,0.0,0.0,0.0,0.0,0.0,0.0,61.6,75,13,65511,50,65476,0,300,0,0,8,20529,65476,0,0,26214,60.0,0.0,0.0,0.0,0.0,0.0
2026-05-17T18:02:40,ERR,ERR,ERR,ERR,ERR,ERR,ERR,ERR,ERR,ERR,ERR,ERR,ERR,ERR,ERR,ERR,ERR,ERR,ERR,ERR,ERR,ERR,ERR,ERR,ERR,ERR,ERR,ERR,ERR,ERR,ERR,ERR,ERR,ERR,ERR,ERR,ERR,ERR,ERR,ERR,ERR,ERR,ERR,ERR,ERR,ERR,ERR,ERR,ERR,ERR,ERR,ERR,ERR,ERR,ERR,ERR,ERR,ERR,ERR,ERR,ERR,ERR,ERR,ERR,ERR,ERR,ERR,ERR,ERR,ERR,ERR,ERR,ERR,ERR,ERR,ERR,ERR,ERR,ERR,ERR,ERR,ERR,ERR,ERR,ERR,ERR,ERR,ERR,ERR,ERR,ERR,ERR,ERR,ERR,ERR,ERR,ERR,ERR,ERR,ERR,ERR,ERR,ERR,ERR,ERR,ERR,ERR,ERR,ERR,ERR,ERR,ERR,ERR,ERR,ERR,ERR,ERR,ERR,ERR,ERR,ERR,ERR,ERR,ERR,ERR,-107615288.0,-0.0,-134474944.0,0.0,0.0,1.3936040501711995e+18,7.805,0.0,0,0,4,0,8422,0.0,45,0.0,0.0,0.0,0.0,0.0,0,0,0,0,0.0,0,0,0,0,0,0,0,0,0,0,0,0,0,0,0,0,0,0,0,0,0,0,0,0,0,0,0,0,0,0,0,0,0,38,14,7,45,65476,0,300,0,0,8,21553,0.0,-107605600.0,0.0,0.0,0.0,0.0,0.0,0.0,0.0,0.0,0.0,0.0,0.0,0.0,0.0,0.0,0.0,0.0,0.0,0.0,0.0,0.0,-2.004,-2.004,2.004,-2.004,0.0,0.0,0.0,0.0,5016.0,-0.0,0.0,-107615288.0,-0.0,-0.0,0.0,0.0,0.0,0.0,0.0,53,-0.0,-0.0,0.0,0.0,0.0,0.0,0.0,0.0,0.0,0,0,0,0.0,0.0,0.0,0.0,0.0,0.0,0.0,0.0,0.0,0.0,0.0,0.0,0.0,0.0,0.0,0.0,0,-107875648.0,53,0.0,106,-107614832.0,-0.0,ERR,ERR,ERR,ERR,ERR,ERR,ERR,ERR,ERR,ERR,ERR,ERR,ERR,ERR,ERR,ERR,ERR,ERR,ERR,ERR,ERR,ERR,ERR,ERR,ERR,ERR,ERR,ERR,ERR,ERR,ERR,ERR,ERR,ERR,ERR,ERR,ERR,ERR,ERR,ERR,ERR,ERR,ERR,ERR,ERR,ERR,ERR,ERR,ERR,ERR,ERR,ERR,ERR,ERR,ERR,ERR,ERR,ERR,ERR,ERR,ERR,ERR,ERR,ERR,ERR,ERR,ERR,50.0,60.0,100,0.0,0.0,0.0,0.0,0.0,0.0,0.0,0.0,0.0,0.0,0.0,0.0,0.0,0.0,0.0,0.0,61.6,75,13,65511,50,65476,0,300,0,0,8,20529,65476,0,0,26214,60.0,0.0,0.0,0.0,0.0,0.0
2026-05-17T18:02:41,ERR,ERR,ERR,ERR,ERR,ERR,ERR,ERR,ERR,ERR,ERR,ERR,ERR,ERR,ERR,ERR,ERR,ERR,ERR,ERR,ERR,ERR,ERR,ERR,ERR,ERR,ERR,ERR,ERR,ERR,ERR,ERR,ERR,ERR,ERR,ERR,ERR,ERR,ERR,ERR,ERR,ERR,ERR,ERR,ERR,ERR,ERR,ERR,ERR,ERR,ERR,ERR,ERR,ERR,ERR,ERR,ERR,ERR,ERR,ERR,ERR,ERR,ERR,ERR,ERR,ERR,ERR,ERR,ERR,ERR,ERR,ERR,ERR,ERR,ERR,ERR,ERR,ERR,ERR,ERR,ERR,ERR,ERR,ERR,ERR,ERR,ERR,ERR,ERR,ERR,ERR,ERR,ERR,ERR,ERR,ERR,ERR,ERR,ERR,ERR,ERR,ERR,ERR,ERR,ERR,ERR,ERR,ERR,ERR,ERR,ERR,ERR,ERR,ERR,ERR,ERR,ERR,ERR,ERR,ERR,ERR,ERR,ERR,ERR,ERR,-107615288.0,-0.0,-134474944.0,0.0,0.0,1.3936040501711995e+18,7.805,0.0,0,0,4,0,8422,0.0,45,0.0,0.0,0.0,0.0,0.0,0,0,0,0,0.0,0,0,0,0,0,0,0,0,0,0,0,0,0,0,0,0,0,0,0,0,0,0,0,0,0,0,0,0,0,0,0,0,0,38,14,7,45,65476,0,300,0,0,8,21553,0.0,-107605600.0,0.0,0.0,0.0,0.0,0.0,0.0,0.0,0.0,0.0,0.0,0.0,0.0,0.0,0.0,0.0,0.0,0.0,0.0,0.0,0.0,-2.004,-2.004,2.004,-2.004,0.0,0.0,0.0,0.0,5016.0,-0.0,0.0,-107615288.0,-0.0,-0.0,0.0,0.0,0.0,0.0,0.0,53,-0.0,-0.0,0.0,0.0,0.0,0.0,0.0,0.0,0.0,0,0,0,0.0,0.0,0.0,0.0,0.0,0.0,0.0,0.0,0.0,0.0,0.0,0.0,0.0,0.0,0.0,0.0,0,-107875648.0,53,0.0,106,-107614832.0,-0.0,ERR,ERR,ERR,ERR,ERR,ERR,ERR,ERR,ERR,ERR,ERR,ERR,ERR,ERR,ERR,ERR,ERR,ERR,ERR,ERR,ERR,ERR,ERR,ERR,ERR,ERR,ERR,ERR,ERR,ERR,ERR,ERR,ERR,ERR,ERR,ERR,ERR,ERR,ERR,ERR,ERR,ERR,ERR,ERR,ERR,ERR,ERR,ERR,ERR,ERR,ERR,ERR,ERR,ERR,ERR,ERR,ERR,ERR,ERR,ERR,ERR,ERR,ERR,ERR,ERR,ERR,ERR,50.0,60.0,100,0.0,0.0,0.0,0.0,0.0,0.0,0.0,0.0,0.0,0.0,0.0,0.0,0.0,0.0,0.0,0.0,62.0,75,13,65511,50,65476,0,300,0,0,8,20529,65476,0,0,26214,60.0,0.0,0.0,0.0,0.0,0.0
2026-05-17T18:02:42,ERR,ERR,ERR,ERR,ERR,ERR,ERR,ERR,ERR,ERR,ERR,ERR,ERR,ERR,ERR,ERR,ERR,ERR,ERR,ERR,ERR,ERR,ERR,ERR,ERR,ERR,ERR,ERR,ERR,ERR,ERR,ERR,ERR,ERR,ERR,ERR,ERR,ERR,ERR,ERR,ERR,ERR,ERR,ERR,ERR,ERR,ERR,ERR,ERR,ERR,ERR,ERR,ERR,ERR,ERR,ERR,ERR,ERR,ERR,ERR,ERR,ERR,ERR,ERR,ERR,ERR,ERR,ERR,ERR,ERR,ERR,ERR,ERR,ERR,ERR,ERR,ERR,ERR,ERR,ERR,ERR,ERR,ERR,ERR,ERR,ERR,ERR,ERR,ERR,ERR,ERR,ERR,ERR,ERR,ERR,ERR,ERR,ERR,ERR,ERR,ERR,ERR,ERR,ERR,ERR,ERR,ERR,ERR,ERR,ERR,ERR,ERR,ERR,ERR,ERR,ERR,ERR,ERR,ERR,ERR,ERR,ERR,ERR,ERR,ERR,-107615288.0,-0.0,-134474944.0,0.0,0.0,1.3936040501711995e+18,7.805,0.0,0,0,4,0,8422,0.0,45,0.0,0.0,0.0,0.0,0.0,0,0,0,0,0.0,0,0,0,0,0,0,0,0,0,0,0,0,0,0,0,0,0,0,0,0,0,0,0,0,0,0,0,0,0,0,0,0,0,38,14,7,45,65476,0,300,0,0,8,21553,0.0,-107605600.0,0.0,0.0,0.0,0.0,0.0,0.0,0.0,0.0,0.0,0.0,0.0,0.0,0.0,0.0,0.0,0.0,0.0,0.0,0.0,0.0,-2.004,-2.004,2.004,-2.004,0.0,0.0,0.0,0.0,5016.0,-0.0,0.0,-107615288.0,-0.0,-0.0,0.0,0.0,0.0,0.0,0.0,53,-0.0,-0.0,0.0,0.0,0.0,0.0,0.0,0.0,0.0,0,0,0,0.0,0.0,0.0,0.0,0.0,0.0,0.0,0.0,0.0,0.0,0.0,0.0,0.0,0.0,0.0,0.0,0,-107875648.0,53,0.0,106,-107614832.0,-0.0,ERR,ERR,ERR,ERR,ERR,ERR,ERR,ERR,ERR,ERR,ERR,ERR,ERR,ERR,ERR,ERR,ERR,ERR,ERR,ERR,ERR,ERR,ERR,ERR,ERR,ERR,ERR,ERR,ERR,ERR,ERR,ERR,ERR,ERR,ERR,ERR,ERR,ERR,ERR,ERR,ERR,ERR,ERR,ERR,ERR,ERR,ERR,ERR,ERR,ERR,ERR,ERR,ERR,ERR,ERR,ERR,ERR,ERR,ERR,ERR,ERR,ERR,ERR,ERR,ERR,ERR,ERR,50.0,60.0,100,0.0,0.0,0.0,0.0,0.0,0.0,0.0,0.0,0.0,0.0,0.0,0.0,0.0,0.0,0.0,0.0,62.0,75,13,65511,50,65476,0,300,0,0,8,20529,65476,0,0,26214,60.0,0.0,0.0,0.0,0.0,0.0
2026-05-17T18:02:43,ERR,ERR,ERR,ERR,ERR,ERR,ERR,ERR,ERR,ERR,ERR,ERR,ERR,ERR,ERR,ERR,ERR,ERR,ERR,ERR,ERR,ERR,ERR,ERR,ERR,ERR,ERR,ERR,ERR,ERR,ERR,ERR,ERR,ERR,ERR,ERR,ERR,ERR,ERR,ERR,ERR,ERR,ERR,ERR,ERR,ERR,ERR,ERR,ERR,ERR,ERR,ERR,ERR,ERR,ERR,ERR,ERR,ERR,ERR,ERR,ERR,ERR,ERR,ERR,ERR,ERR,ERR,ERR,ERR,ERR,ERR,ERR,ERR,ERR,ERR,ERR,ERR,ERR,ERR,ERR,ERR,ERR,ERR,ERR,ERR,ERR,ERR,ERR,ERR,ERR,ERR,ERR,ERR,ERR,ERR,ERR,ERR,ERR,ERR,ERR,ERR,ERR,ERR,ERR,ERR,ERR,ERR,ERR,ERR,ERR,ERR,ERR,ERR,ERR,ERR,ERR,ERR,ERR,ERR,ERR,ERR,ERR,ERR,ERR,ERR,-107615288.0,-0.0,-134474944.0,0.0,0.0,1.3936040501711995e+18,7.805,0.0,0,0,4,0,8422,0.0,45,0.0,0.0,0.0,0.0,0.0,0,0,0,0,0.0,0,0,0,0,0,0,0,0,0,0,0,0,0,0,0,0,0,0,0,0,0,0,0,0,0,0,0,0,0,0,0,0,0,38,14,7,45,65476,0,300,0,0,8,21553,0.0,-107605600.0,0.0,0.0,0.0,0.0,0.0,0.0,0.0,0.0,0.0,0.0,0.0,0.0,0.0,0.0,0.0,0.0,0.0,0.0,0.0,0.0,-2.004,-2.004,2.004,-2.004,0.0,0.0,0.0,0.0,5016.0,-0.0,0.0,-107615288.0,-0.0,-0.0,0.0,0.0,0.0,0.0,0.0,53,-0.0,-0.0,0.0,0.0,0.0,0.0,0.0,0.0,0.0,0,0,0,0.0,0.0,0.0,0.0,0.0,0.0,0.0,0.0,0.0,0.0,0.0,0.0,0.0,0.0,0.0,0.0,0,-107875648.0,53,0.0,106,-107614832.0,-0.0,ERR,ERR,ERR,ERR,ERR,ERR,ERR,ERR,ERR,ERR,ERR,ERR,ERR,ERR,ERR,ERR,ERR,ERR,ERR,ERR,ERR,ERR,ERR,ERR,ERR,ERR,ERR,ERR,ERR,ERR,ERR,ERR,ERR,ERR,ERR,ERR,ERR,ERR,ERR,ERR,ERR,ERR,ERR,ERR,ERR,ERR,ERR,ERR,ERR,ERR,ERR,ERR,ERR,ERR,ERR,ERR,ERR,ERR,ERR,ERR,ERR,ERR,ERR,ERR,ERR,ERR,ERR,50.0,60.0,100,0.0,0.0,0.0,0.0,0.0,0.0,0.0,0.0,0.0,0.0,0.0,0.0,0.0,0.0,0.0,0.0,62.0,75,13,65511,50,65476,0,300,0,0,8,20529,65476,0,0,26214,60.0,0.0,0.0,0.0,0.0,0.0
2026-05-17T18:02:44,ERR,ERR,ERR,ERR,ERR,ERR,ERR,ERR,ERR,ERR,ERR,ERR,ERR,ERR,ERR,ERR,ERR,ERR,ERR,ERR,ERR,ERR,ERR,ERR,ERR,ERR,ERR,ERR,ERR,ERR,ERR,ERR,ERR,ERR,ERR,ERR,ERR,ERR,ERR,ERR,ERR,ERR,ERR,ERR,ERR,ERR,ERR,ERR,ERR,ERR,ERR,ERR,ERR,ERR,ERR,ERR,ERR,ERR,ERR,ERR,ERR,ERR,ERR,ERR,ERR,ERR,ERR,ERR,ERR,ERR,ERR,ERR,ERR,ERR,ERR,ERR,ERR,ERR,ERR,ERR,ERR,ERR,ERR,ERR,ERR,ERR,ERR,ERR,ERR,ERR,ERR,ERR,ERR,ERR,ERR,ERR,ERR,ERR,ERR,ERR,ERR,ERR,ERR,ERR,ERR,ERR,ERR,ERR,ERR,ERR,ERR,ERR,ERR,ERR,ERR,ERR,ERR,ERR,ERR,ERR,ERR,ERR,ERR,ERR,ERR,-107615288.0,-0.0,-134474944.0,0.0,0.0,1.3936040501711995e+18,7.805,0.0,0,0,4,0,8422,0.0,45,0.0,0.0,0.0,0.0,0.0,0,0,0,0,0.0,0,0,0,0,0,0,0,0,0,0,0,0,0,0,0,0,0,0,0,0,0,0,0,0,0,0,0,0,0,0,0,0,0,38,14,7,45,65476,0,300,0,0,8,21553,0.0,-107605600.0,0.0,0.0,0.0,0.0,0.0,0.0,0.0,0.0,0.0,0.0,0.0,0.0,0.0,0.0,0.0,0.0,0.0,0.0,0.0,0.0,-2.004,-2.004,2.004,-2.004,0.0,0.0,0.0,0.0,5017.0,-0.0,0.0,-107615288.0,-0.0,-0.0,0.0,0.0,0.0,0.0,0.0,53,-0.0,-0.0,0.0,0.0,0.0,0.0,0.0,0.0,0.0,0,0,0,0.0,0.0,0.0,0.0,0.0,0.0,0.0,0.0,0.0,0.0,0.0,0.0,0.0,0.0,0.0,0.0,0,-107875648.0,53,0.0,106,-107614832.0,-0.0,ERR,ERR,ERR,ERR,ERR,ERR,ERR,ERR,ERR,ERR,ERR,ERR,ERR,ERR,ERR,ERR,ERR,ERR,ERR,ERR,ERR,ERR,ERR,ERR,ERR,ERR,ERR,ERR,ERR,ERR,ERR,ERR,ERR,ERR,ERR,ERR,ERR,ERR,ERR,ERR,ERR,ERR,ERR,ERR,ERR,ERR,ERR,ERR,ERR,ERR,ERR,ERR,ERR,ERR,ERR,ERR,ERR,ERR,ERR,ERR,ERR,ERR,ERR,ERR,ERR,ERR,ERR,50.0,60.0,100,0.0,0.0,0.0,0.0,0.0,0.0,0.0,0.0,0.0,0.0,0.0,0.0,0.0,0.0,0.0,0.0,61.6,75,13,65511,50,65476,0,300,0,0,8,20529,65476,0,0,26214,60.0,0.0,0.0,0.0,0.0,0.0
2026-05-17T18:02:45,ERR,ERR,ERR,ERR,ERR,ERR,ERR,ERR,ERR,ERR,ERR,ERR,ERR,ERR,ERR,ERR,ERR,ERR,ERR,ERR,ERR,ERR,ERR,ERR,ERR,ERR,ERR,ERR,ERR,ERR,ERR,ERR,ERR,ERR,ERR,ERR,ERR,ERR,ERR,ERR,ERR,ERR,ERR,ERR,ERR,ERR,ERR,ERR,ERR,ERR,ERR,ERR,ERR,ERR,ERR,ERR,ERR,ERR,ERR,ERR,ERR,ERR,ERR,ERR,ERR,ERR,ERR,ERR,ERR,ERR,ERR,ERR,ERR,ERR,ERR,ERR,ERR,ERR,ERR,ERR,ERR,ERR,ERR,ERR,ERR,ERR,ERR,ERR,ERR,ERR,ERR,ERR,ERR,ERR,ERR,ERR,ERR,ERR,ERR,ERR,ERR,ERR,ERR,ERR,ERR,ERR,ERR,ERR,ERR,ERR,ERR,ERR,ERR,ERR,ERR,ERR,ERR,ERR,ERR,ERR,ERR,ERR,ERR,ERR,ERR,-107615288.0,-0.0,-134474944.0,0.0,0.0,1.3936040501711995e+18,7.805,0.0,0,0,4,0,8422,0.0,45,0.0,0.0,0.0,0.0,0.0,0,0,0,0,0.0,0,0,0,0,0,0,0,0,0,0,0,0,0,0,0,0,0,0,0,0,0,0,0,0,0,0,0,0,0,0,0,0,0,38,14,7,45,65476,0,300,0,0,8,21553,0.0,-107605600.0,0.0,0.0,0.0,0.0,0.0,0.0,0.0,0.0,0.0,0.0,0.0,0.0,0.0,0.0,0.0,0.0,0.0,0.0,0.0,0.0,-2.004,-2.004,2.004,-2.004,0.0,0.0,0.0,0.0,5017.0,-0.0,0.0,-107615288.0,-0.0,-0.0,0.0,0.0,0.0,0.0,0.0,53,-0.0,-0.0,0.0,0.0,0.0,0.0,0.0,0.0,0.0,0,0,0,0.0,0.0,0.0,0.0,0.0,0.0,0.0,0.0,0.0,0.0,0.0,0.0,0.0,0.0,0.0,0.0,0,-107875648.0,53,0.0,106,-107614832.0,-0.0,ERR,ERR,ERR,ERR,ERR,ERR,ERR,ERR,ERR,ERR,ERR,ERR,ERR,ERR,ERR,ERR,ERR,ERR,ERR,ERR,ERR,ERR,ERR,ERR,ERR,ERR,ERR,ERR,ERR,ERR,ERR,ERR,ERR,ERR,ERR,ERR,ERR,ERR,ERR,ERR,ERR,ERR,ERR,ERR,ERR,ERR,ERR,ERR,ERR,ERR,ERR,ERR,ERR,ERR,ERR,ERR,ERR,ERR,ERR,ERR,ERR,ERR,ERR,ERR,ERR,ERR,ERR,50.0,60.0,100,0.0,0.0,0.0,0.0,0.0,0.0,0.0,0.0,0.0,0.0,0.0,0.0,0.0,0.0,0.0,0.0,61.6,75,13,65511,50,65476,0,300,0,0,8,20529,65476,0,0,26214,60.0,0.0,0.0,0.0,0.0,0.0
2026-05-17T18:02:46,ERR,ERR,ERR,ERR,ERR,ERR,ERR,ERR,ERR,ERR,ERR,ERR,ERR,ERR,ERR,ERR,ERR,ERR,ERR,ERR,ERR,ERR,ERR,ERR,ERR,ERR,ERR,ERR,ERR,ERR,ERR,ERR,ERR,ERR,ERR,ERR,ERR,ERR,ERR,ERR,ERR,ERR,ERR,ERR,ERR,ERR,ERR,ERR,ERR,ERR,ERR,ERR,ERR,ERR,ERR,ERR,ERR,ERR,ERR,ERR,ERR,ERR,ERR,ERR,ERR,ERR,ERR,ERR,ERR,ERR,ERR,ERR,ERR,ERR,ERR,ERR,ERR,ERR,ERR,ERR,ERR,ERR,ERR,ERR,ERR,ERR,ERR,ERR,ERR,ERR,ERR,ERR,ERR,ERR,ERR,ERR,ERR,ERR,ERR,ERR,ERR,ERR,ERR,ERR,ERR,ERR,ERR,ERR,ERR,ERR,ERR,ERR,ERR,ERR,ERR,ERR,ERR,ERR,ERR,ERR,ERR,ERR,ERR,ERR,ERR,-107615288.0,-0.0,-134474944.0,0.0,0.0,1.3936040501711995e+18,7.805,0.0,0,0,4,0,8422,0.0,45,0.0,0.0,0.0,0.0,0.0,0,0,0,0,0.0,0,0,0,0,0,0,0,0,0,0,0,0,0,0,0,0,0,0,0,0,0,0,0,0,0,0,0,0,0,0,0,0,0,38,14,7,45,65476,0,300,0,0,8,21553,0.0,-107605600.0,0.0,0.0,0.0,0.0,0.0,0.0,0.0,0.0,0.0,0.0,0.0,0.0,0.0,0.0,0.0,0.0,0.0,0.0,0.0,0.0,-2.004,-2.004,2.004,-2.004,0.0,0.0,0.0,0.0,5017.0,-0.0,0.0,-107615288.0,-0.0,-0.0,0.0,0.0,0.0,0.0,0.0,53,-0.0,-0.0,0.0,0.0,0.0,0.0,0.0,0.0,0.0,0,0,0,0.0,0.0,0.0,0.0,0.0,0.0,0.0,0.0,0.0,0.0,0.0,0.0,0.0,0.0,0.0,0.0,0,-107875648.0,53,0.0,106,-107614832.0,-0.0,ERR,ERR,ERR,ERR,ERR,ERR,ERR,ERR,ERR,ERR,ERR,ERR,ERR,ERR,ERR,ERR,ERR,ERR,ERR,ERR,ERR,ERR,ERR,ERR,ERR,ERR,ERR,ERR,ERR,ERR,ERR,ERR,ERR,ERR,ERR,ERR,ERR,ERR,ERR,ERR,ERR,ERR,ERR,ERR,ERR,ERR,ERR,ERR,ERR,ERR,ERR,ERR,ERR,ERR,ERR,ERR,ERR,ERR,ERR,ERR,ERR,ERR,ERR,ERR,ERR,ERR,ERR,50.0,60.0,100,0.0,0.0,0.0,0.0,0.0,0.0,0.0,0.0,0.0,0.0,0.0,0.0,0.0,0.0,0.0,0.0,62.0,75,13,65511,50,65476,0,300,0,0,8,20529,65476,0,0,26214,60.0,0.0,0.0,0.0,0.0,0.0
2026-05-17T18:02:47,ERR,ERR,ERR,ERR,ERR,ERR,ERR,ERR,ERR,ERR,ERR,ERR,ERR,ERR,ERR,ERR,ERR,ERR,ERR,ERR,ERR,ERR,ERR,ERR,ERR,ERR,ERR,ERR,ERR,ERR,ERR,ERR,ERR,ERR,ERR,ERR,ERR,ERR,ERR,ERR,ERR,ERR,ERR,ERR,ERR,ERR,ERR,ERR,ERR,ERR,ERR,ERR,ERR,ERR,ERR,ERR,ERR,ERR,ERR,ERR,ERR,ERR,ERR,ERR,ERR,ERR,ERR,ERR,ERR,ERR,ERR,ERR,ERR,ERR,ERR,ERR,ERR,ERR,ERR,ERR,ERR,ERR,ERR,ERR,ERR,ERR,ERR,ERR,ERR,ERR,ERR,ERR,ERR,ERR,ERR,ERR,ERR,ERR,ERR,ERR,ERR,ERR,ERR,ERR,ERR,ERR,ERR,ERR,ERR,ERR,ERR,ERR,ERR,ERR,ERR,ERR,ERR,ERR,ERR,ERR,ERR,ERR,ERR,ERR,ERR,-107615288.0,-0.0,-134474944.0,0.0,0.0,1.3936040501711995e+18,7.805,0.0,0,0,4,0,8422,0.0,45,0.0,0.0,0.0,0.0,0.0,0,0,0,0,0.0,0,0,0,0,0,0,0,0,0,0,0,0,0,0,0,0,0,0,0,0,0,0,0,0,0,0,0,0,0,0,0,0,0,38,14,7,45,65476,0,300,0,0,8,21553,0.0,-107605600.0,0.0,0.0,0.0,0.0,0.0,0.0,0.0,0.0,0.0,0.0,0.0,0.0,0.0,0.0,0.0,0.0,0.0,0.0,0.0,0.0,-2.004,-2.004,2.004,-2.004,0.0,0.0,0.0,0.0,5017.0,-0.0,0.0,-107615288.0,-0.0,-0.0,0.0,0.0,0.0,0.0,0.0,53,-0.0,-0.0,0.0,0.0,0.0,0.0,0.0,0.0,0.0,0,0,0,0.0,0.0,0.0,0.0,0.0,0.0,0.0,0.0,0.0,0.0,0.0,0.0,0.0,0.0,0.0,0.0,0,-107875648.0,53,0.0,106,-107614832.0,-0.0,ERR,ERR,ERR,ERR,ERR,ERR,ERR,ERR,ERR,ERR,ERR,ERR,ERR,ERR,ERR,ERR,ERR,ERR,ERR,ERR,ERR,ERR,ERR,ERR,ERR,ERR,ERR,ERR,ERR,ERR,ERR,ERR,ERR,ERR,ERR,ERR,ERR,ERR,ERR,ERR,ERR,ERR,ERR,ERR,ERR,ERR,ERR,ERR,ERR,ERR,ERR,ERR,ERR,ERR,ERR,ERR,ERR,ERR,ERR,ERR,ERR,ERR,ERR,ERR,ERR,ERR,ERR,50.0,60.0,100,0.0,0.0,0.0,0.0,0.0,0.0,0.0,0.0,0.0,0.0,0.0,0.0,0.0,0.0,0.0,0.0,62.0,75,13,65511,50,65476,0,300,0,0,8,20529,65476,0,0,26214,60.0,0.0,0.0,0.0,0.0,0.0
2026-05-17T18:02:48,ERR,ERR,ERR,ERR,ERR,ERR,ERR,ERR,ERR,ERR,ERR,ERR,ERR,ERR,ERR,ERR,ERR,ERR,ERR,ERR,ERR,ERR,ERR,ERR,ERR,ERR,ERR,ERR,ERR,ERR,ERR,ERR,ERR,ERR,ERR,ERR,ERR,ERR,ERR,ERR,ERR,ERR,ERR,ERR,ERR,ERR,ERR,ERR,ERR,ERR,ERR,ERR,ERR,ERR,ERR,ERR,ERR,ERR,ERR,ERR,ERR,ERR,ERR,ERR,ERR,ERR,ERR,ERR,ERR,ERR,ERR,ERR,ERR,ERR,ERR,ERR,ERR,ERR,ERR,ERR,ERR,ERR,ERR,ERR,ERR,ERR,ERR,ERR,ERR,ERR,ERR,ERR,ERR,ERR,ERR,ERR,ERR,ERR,ERR,ERR,ERR,ERR,ERR,ERR,ERR,ERR,ERR,ERR,ERR,ERR,ERR,ERR,ERR,ERR,ERR,ERR,ERR,ERR,ERR,ERR,ERR,ERR,ERR,ERR,ERR,-107615288.0,-0.0,-134474944.0,0.0,0.0,1.3936040501711995e+18,7.805,0.0,0,0,4,0,8422,0.0,45,0.0,0.0,0.0,0.0,0.0,0,0,0,0,0.0,0,0,0,0,0,0,0,0,0,0,0,0,0,0,0,0,0,0,0,0,0,0,0,0,0,0,0,0,0,0,0,0,0,38,14,7,45,65476,0,300,0,0,8,21553,0.0,-107605600.0,0.0,0.0,0.0,0.0,0.0,0.0,0.0,0.0,0.0,0.0,0.0,0.0,0.0,0.0,0.0,0.0,0.0,0.0,0.0,0.0,-2.004,-2.004,2.004,-2.004,0.0,0.0,0.0,0.0,5017.0,-0.0,0.0,-107615288.0,-0.0,-0.0,0.0,0.0,0.0,0.0,0.0,53,-0.0,-0.0,0.0,0.0,0.0,0.0,0.0,0.0,0.0,0,0,0,0.0,0.0,0.0,0.0,0.0,0.0,0.0,0.0,0.0,0.0,0.0,0.0,0.0,0.0,0.0,0.0,0,-107875648.0,53,0.0,106,-107614832.0,-0.0,ERR,ERR,ERR,ERR,ERR,ERR,ERR,ERR,ERR,ERR,ERR,ERR,ERR,ERR,ERR,ERR,ERR,ERR,ERR,ERR,ERR,ERR,ERR,ERR,ERR,ERR,ERR,ERR,ERR,ERR,ERR,ERR,ERR,ERR,ERR,ERR,ERR,ERR,ERR,ERR,ERR,ERR,ERR,ERR,ERR,ERR,ERR,ERR,ERR,ERR,ERR,ERR,ERR,ERR,ERR,ERR,ERR,ERR,ERR,ERR,ERR,ERR,ERR,ERR,ERR,ERR,ERR,50.0,60.0,100,0.0,0.0,0.0,0.0,0.0,0.0,0.0,0.0,0.0,0.0,0.0,0.0,0.0,0.0,0.0,0.0,61.6,75,13,65511,50,65476,0,300,0,0,8,20529,65476,0,0,26214,60.0,0.0,0.0,0.0,0.0,0.0
2026-05-17T18:02:49,ERR,ERR,ERR,ERR,ERR,ERR,ERR,ERR,ERR,ERR,ERR,ERR,ERR,ERR,ERR,ERR,ERR,ERR,ERR,ERR,ERR,ERR,ERR,ERR,ERR,ERR,ERR,ERR,ERR,ERR,ERR,ERR,ERR,ERR,ERR,ERR,ERR,ERR,ERR,ERR,ERR,ERR,ERR,ERR,ERR,ERR,ERR,ERR,ERR,ERR,ERR,ERR,ERR,ERR,ERR,ERR,ERR,ERR,ERR,ERR,ERR,ERR,ERR,ERR,ERR,ERR,ERR,ERR,ERR,ERR,ERR,ERR,ERR,ERR,ERR,ERR,ERR,ERR,ERR,ERR,ERR,ERR,ERR,ERR,ERR,ERR,ERR,ERR,ERR,ERR,ERR,ERR,ERR,ERR,ERR,ERR,ERR,ERR,ERR,ERR,ERR,ERR,ERR,ERR,ERR,ERR,ERR,ERR,ERR,ERR,ERR,ERR,ERR,ERR,ERR,ERR,ERR,ERR,ERR,ERR,ERR,ERR,ERR,ERR,ERR,-107615288.0,-0.0,-134474944.0,0.0,0.0,1.3936040501711995e+18,7.805,0.0,0,0,4,0,8422,0.0,45,0.0,0.0,0.0,0.0,0.0,0,0,0,0,0.0,0,0,0,0,0,0,0,0,0,0,0,0,0,0,0,0,0,0,0,0,0,0,0,0,0,0,0,0,0,0,0,0,0,38,14,7,45,65476,0,300,0,0,8,21553,0.0,-107605600.0,0.0,0.0,0.0,0.0,0.0,0.0,0.0,0.0,0.0,0.0,0.0,0.0,0.0,0.0,0.0,0.0,0.0,0.0,0.0,0.0,-2.004,-2.004,2.004,-2.004,0.0,0.0,0.0,0.0,5020.0,-0.0,0.0,-107615288.0,-0.0,-0.0,0.0,0.0,0.0,0.0,0.0,53,-0.0,-0.0,0.0,0.0,0.0,0.0,0.0,0.0,0.0,0,0,0,0.0,0.0,0.0,0.0,0.0,0.0,0.0,0.0,0.0,0.0,0.0,0.0,0.0,0.0,0.0,0.0,0,-107875648.0,53,0.0,106,-107614832.0,-0.0,ERR,ERR,ERR,ERR,ERR,ERR,ERR,ERR,ERR,ERR,ERR,ERR,ERR,ERR,ERR,ERR,ERR,ERR,ERR,ERR,ERR,ERR,ERR,ERR,ERR,ERR,ERR,ERR,ERR,ERR,ERR,ERR,ERR,ERR,ERR,ERR,ERR,ERR,ERR,ERR,ERR,ERR,ERR,ERR,ERR,ERR,ERR,ERR,ERR,ERR,ERR,ERR,ERR,ERR,ERR,ERR,ERR,ERR,ERR,ERR,ERR,ERR,ERR,ERR,ERR,ERR,ERR,50.0,60.0,100,0.0,0.0,0.0,0.0,0.0,0.0,0.0,0.0,0.0,0.0,0.0,0.0,0.0,0.0,0.0,0.0,61.6,75,13,65511,50,65476,0,300,0,0,8,20529,65476,0,0,26214,60.0,0.0,0.0,0.0,0.0,0.0
2026-05-17T18:02:50,ERR,ERR,ERR,ERR,ERR,ERR,ERR,ERR,ERR,ERR,ERR,ERR,ERR,ERR,ERR,ERR,ERR,ERR,ERR,ERR,ERR,ERR,ERR,ERR,ERR,ERR,ERR,ERR,ERR,ERR,ERR,ERR,ERR,ERR,ERR,ERR,ERR,ERR,ERR,ERR,ERR,ERR,ERR,ERR,ERR,ERR,ERR,ERR,ERR,ERR,ERR,ERR,ERR,ERR,ERR,ERR,ERR,ERR,ERR,ERR,ERR,ERR,ERR,ERR,ERR,ERR,ERR,ERR,ERR,ERR,ERR,ERR,ERR,ERR,ERR,ERR,ERR,ERR,ERR,ERR,ERR,ERR,ERR,ERR,ERR,ERR,ERR,ERR,ERR,ERR,ERR,ERR,ERR,ERR,ERR,ERR,ERR,ERR,ERR,ERR,ERR,ERR,ERR,ERR,ERR,ERR,ERR,ERR,ERR,ERR,ERR,ERR,ERR,ERR,ERR,ERR,ERR,ERR,ERR,ERR,ERR,ERR,ERR,ERR,ERR,-107615288.0,-0.0,-134474944.0,0.0,0.0,1.3936040501711995e+18,7.805,0.0,0,0,4,0,8422,0.0,45,0.0,0.0,0.0,0.0,0.0,0,0,0,0,0.0,0,0,0,0,0,0,0,0,0,0,0,0,0,0,0,0,0,0,0,0,0,0,0,0,0,0,0,0,0,0,0,0,0,38,14,7,45,65476,0,300,0,0,8,21553,0.0,-107605600.0,0.0,0.0,0.0,0.0,0.0,0.0,0.0,0.0,0.0,0.0,0.0,0.0,0.0,0.0,0.0,0.0,0.0,0.0,0.0,0.0,-2.004,-2.004,2.004,-2.004,0.0,0.0,0.0,0.0,5020.0,-0.0,0.0,-107615288.0,-0.0,-0.0,0.0,0.0,0.0,0.0,0.0,53,-0.0,-0.0,0.0,0.0,0.0,0.0,0.0,0.0,0.0,0,0,0,0.0,0.0,0.0,0.0,0.0,0.0,0.0,0.0,0.0,0.0,0.0,0.0,0.0,0.0,0.0,0.0,0,-107875648.0,53,0.0,106,-107614832.0,-0.0,ERR,ERR,ERR,ERR,ERR,ERR,ERR,ERR,ERR,ERR,ERR,ERR,ERR,ERR,ERR,ERR,ERR,ERR,ERR,ERR,ERR,ERR,ERR,ERR,ERR,ERR,ERR,ERR,ERR,ERR,ERR,ERR,ERR,ERR,ERR,ERR,ERR,ERR,ERR,ERR,ERR,ERR,ERR,ERR,ERR,ERR,ERR,ERR,ERR,ERR,ERR,ERR,ERR,ERR,ERR,ERR,ERR,ERR,ERR,ERR,ERR,ERR,ERR,ERR,ERR,ERR,ERR,50.0,60.0,100,0.0,0.0,0.0,0.0,0.0,0.0,0.0,0.0,0.0,0.0,0.0,0.0,0.0,0.0,0.0,0.0,61.6,75,13,65511,50,65476,0,300,0,0,8,20529,65476,0,0,26214,60.0,0.0,0.0,0.0,0.0,0.0
2026-05-17T18:02:51,ERR,ERR,ERR,ERR,ERR,ERR,ERR,ERR,ERR,ERR,ERR,ERR,ERR,ERR,ERR,ERR,ERR,ERR,ERR,ERR,ERR,ERR,ERR,ERR,ERR,ERR,ERR,ERR,ERR,ERR,ERR,ERR,ERR,ERR,ERR,ERR,ERR,ERR,ERR,ERR,ERR,ERR,ERR,ERR,ERR,ERR,ERR,ERR,ERR,ERR,ERR,ERR,ERR,ERR,ERR,ERR,ERR,ERR,ERR,ERR,ERR,ERR,ERR,ERR,ERR,ERR,ERR,ERR,ERR,ERR,ERR,ERR,ERR,ERR,ERR,ERR,ERR,ERR,ERR,ERR,ERR,ERR,ERR,ERR,ERR,ERR,ERR,ERR,ERR,ERR,ERR,ERR,ERR,ERR,ERR,ERR,ERR,ERR,ERR,ERR,ERR,ERR,ERR,ERR,ERR,ERR,ERR,ERR,ERR,ERR,ERR,ERR,ERR,ERR,ERR,ERR,ERR,ERR,ERR,ERR,ERR,ERR,ERR,ERR,ERR,-107615288.0,-0.0,-134474944.0,0.0,0.0,1.3936040501711995e+18,7.805,0.0,0,0,4,0,8422,0.0,45,0.0,0.0,0.0,0.0,0.0,0,0,0,0,0.0,0,0,0,0,0,0,0,0,0,0,0,0,0,0,0,0,0,0,0,0,0,0,0,0,0,0,0,0,0,0,0,0,0,38,14,7,45,65476,0,300,0,0,8,21553,0.0,-107605600.0,0.0,0.0,0.0,0.0,0.0,0.0,0.0,0.0,0.0,0.0,0.0,0.0,0.0,0.0,0.0,0.0,0.0,0.0,0.0,0.0,-2.004,-2.004,2.004,-2.004,0.0,0.0,0.0,0.0,5020.0,-0.0,0.0,-107615288.0,-0.0,-0.0,0.0,0.0,0.0,0.0,0.0,53,-0.0,-0.0,0.0,0.0,0.0,0.0,0.0,0.0,0.0,0,0,0,0.0,0.0,0.0,0.0,0.0,0.0,0.0,0.0,0.0,0.0,0.0,0.0,0.0,0.0,0.0,0.0,0,-107875648.0,53,0.0,106,-107614832.0,-0.0,ERR,ERR,ERR,ERR,ERR,ERR,ERR,ERR,ERR,ERR,ERR,ERR,ERR,ERR,ERR,ERR,ERR,ERR,ERR,ERR,ERR,ERR,ERR,ERR,ERR,ERR,ERR,ERR,ERR,ERR,ERR,ERR,ERR,ERR,ERR,ERR,ERR,ERR,ERR,ERR,ERR,ERR,ERR,ERR,ERR,ERR,ERR,ERR,ERR,ERR,ERR,ERR,ERR,ERR,ERR,ERR,ERR,ERR,ERR,ERR,ERR,ERR,ERR,ERR,ERR,ERR,ERR,50.0,60.0,100,0.0,0.0,0.0,0.0,0.0,0.0,0.0,0.0,0.0,0.0,0.0,0.0,0.0,0.0,0.0,0.0,61.6,75,13,65511,50,65476,0,300,0,0,8,20529,65476,0,0,26214,60.0,0.0,0.0,0.0,0.0,0.0
2026-05-17T18:02:52,ERR,ERR,ERR,ERR,ERR,ERR,ERR,ERR,ERR,ERR,ERR,ERR,ERR,ERR,ERR,ERR,ERR,ERR,ERR,ERR,ERR,ERR,ERR,ERR,ERR,ERR,ERR,ERR,ERR,ERR,ERR,ERR,ERR,ERR,ERR,ERR,ERR,ERR,ERR,ERR,ERR,ERR,ERR,ERR,ERR,ERR,ERR,ERR,ERR,ERR,ERR,ERR,ERR,ERR,ERR,ERR,ERR,ERR,ERR,ERR,ERR,ERR,ERR,ERR,ERR,ERR,ERR,ERR,ERR,ERR,ERR,ERR,ERR,ERR,ERR,ERR,ERR,ERR,ERR,ERR,ERR,ERR,ERR,ERR,ERR,ERR,ERR,ERR,ERR,ERR,ERR,ERR,ERR,ERR,ERR,ERR,ERR,ERR,ERR,ERR,ERR,ERR,ERR,ERR,ERR,ERR,ERR,ERR,ERR,ERR,ERR,ERR,ERR,ERR,ERR,ERR,ERR,ERR,ERR,ERR,ERR,ERR,ERR,ERR,ERR,-107615288.0,-0.0,-134474944.0,0.0,0.0,1.3936040501711995e+18,7.805,0.0,0,0,4,0,8422,0.0,45,0.0,0.0,0.0,0.0,0.0,0,0,0,0,0.0,0,0,0,0,0,0,0,0,0,0,0,0,0,0,0,0,0,0,0,0,0,0,0,0,0,0,0,0,0,0,0,0,0,38,14,7,45,65476,0,300,0,0,8,21553,0.0,-107605600.0,0.0,0.0,0.0,0.0,0.0,0.0,0.0,0.0,0.0,0.0,0.0,0.0,0.0,0.0,0.0,0.0,0.0,0.0,0.0,0.0,-2.004,-2.004,2.004,-2.004,0.0,0.0,0.0,0.0,5020.0,-0.0,0.0,-107615288.0,-0.0,-0.0,0.0,0.0,0.0,0.0,0.0,53,-0.0,-0.0,0.0,0.0,0.0,0.0,0.0,0.0,0.0,0,0,0,0.0,0.0,0.0,0.0,0.0,0.0,0.0,0.0,0.0,0.0,0.0,0.0,0.0,0.0,0.0,0.0,0,-107875648.0,53,0.0,106,-107614832.0,-0.0,ERR,ERR,ERR,ERR,ERR,ERR,ERR,ERR,ERR,ERR,ERR,ERR,ERR,ERR,ERR,ERR,ERR,ERR,ERR,ERR,ERR,ERR,ERR,ERR,ERR,ERR,ERR,ERR,ERR,ERR,ERR,ERR,ERR,ERR,ERR,ERR,ERR,ERR,ERR,ERR,ERR,ERR,ERR,ERR,ERR,ERR,ERR,ERR,ERR,ERR,ERR,ERR,ERR,ERR,ERR,ERR,ERR,ERR,ERR,ERR,ERR,ERR,ERR,ERR,ERR,ERR,ERR,50.0,60.0,100,0.0,0.0,0.0,0.0,0.0,0.0,0.0,0.0,0.0,0.0,0.0,0.0,0.0,0.0,0.0,0.0,61.6,75,13,65511,50,65476,0,300,0,0,8,20529,65476,0,0,26214,60.0,0.0,0.0,0.0,0.0,0.0
2026-05-17T18:02:53,ERR,ERR,ERR,ERR,ERR,ERR,ERR,ERR,ERR,ERR,ERR,ERR,ERR,ERR,ERR,ERR,ERR,ERR,ERR,ERR,ERR,ERR,ERR,ERR,ERR,ERR,ERR,ERR,ERR,ERR,ERR,ERR,ERR,ERR,ERR,ERR,ERR,ERR,ERR,ERR,ERR,ERR,ERR,ERR,ERR,ERR,ERR,ERR,ERR,ERR,ERR,ERR,ERR,ERR,ERR,ERR,ERR,ERR,ERR,ERR,ERR,ERR,ERR,ERR,ERR,ERR,ERR,ERR,ERR,ERR,ERR,ERR,ERR,ERR,ERR,ERR,ERR,ERR,ERR,ERR,ERR,ERR,ERR,ERR,ERR,ERR,ERR,ERR,ERR,ERR,ERR,ERR,ERR,ERR,ERR,ERR,ERR,ERR,ERR,ERR,ERR,ERR,ERR,ERR,ERR,ERR,ERR,ERR,ERR,ERR,ERR,ERR,ERR,ERR,ERR,ERR,ERR,ERR,ERR,ERR,ERR,ERR,ERR,ERR,ERR,-107615288.0,-0.0,-134474944.0,0.0,0.0,1.3936040501711995e+18,7.805,0.0,0,0,4,0,8422,0.0,45,0.0,0.0,0.0,0.0,0.0,0,0,0,0,0.0,0,0,0,0,0,0,0,0,0,0,0,0,0,0,0,0,0,0,0,0,0,0,0,0,0,0,0,0,0,0,0,0,0,38,14,7,45,65476,0,300,0,0,8,21553,0.0,-107605600.0,0.0,0.0,0.0,0.0,0.0,0.0,0.0,0.0,0.0,0.0,0.0,0.0,0.0,0.0,0.0,0.0,0.0,0.0,0.0,0.0,-2.004,-2.004,2.004,-2.004,0.0,0.0,0.0,0.0,5020.0,-0.0,0.0,-107615288.0,-0.0,-0.0,0.0,0.0,0.0,0.0,0.0,53,-0.0,-0.0,0.0,0.0,0.0,0.0,0.0,0.0,0.0,0,0,0,0.0,0.0,0.0,0.0,0.0,0.0,0.0,0.0,0.0,0.0,0.0,0.0,0.0,0.0,0.0,0.0,0,-107875648.0,53,0.0,106,-107614832.0,-0.0,ERR,ERR,ERR,ERR,ERR,ERR,ERR,ERR,ERR,ERR,ERR,ERR,ERR,ERR,ERR,ERR,ERR,ERR,ERR,ERR,ERR,ERR,ERR,ERR,ERR,ERR,ERR,ERR,ERR,ERR,ERR,ERR,ERR,ERR,ERR,ERR,ERR,ERR,ERR,ERR,ERR,ERR,ERR,ERR,ERR,ERR,ERR,ERR,ERR,ERR,ERR,ERR,ERR,ERR,ERR,ERR,ERR,ERR,ERR,ERR,ERR,ERR,ERR,ERR,ERR,ERR,ERR,50.0,60.0,100,0.0,0.0,0.0,0.0,0.0,0.0,0.0,0.0,0.0,0.0,0.0,0.0,0.0,0.0,0.0,0.0,61.6,75,13,65511,50,65476,0,300,0,0,8,20529,65476,0,0,26214,60.0,0.0,0.0,0.0,0.0,0.0
2026-05-17T18:02:54,ERR,ERR,ERR,ERR,ERR,ERR,ERR,ERR,ERR,ERR,ERR,ERR,ERR,ERR,ERR,ERR,ERR,ERR,ERR,ERR,ERR,ERR,ERR,ERR,ERR,ERR,ERR,ERR,ERR,ERR,ERR,ERR,ERR,ERR,ERR,ERR,ERR,ERR,ERR,ERR,ERR,ERR,ERR,ERR,ERR,ERR,ERR,ERR,ERR,ERR,ERR,ERR,ERR,ERR,ERR,ERR,ERR,ERR,ERR,ERR,ERR,ERR,ERR,ERR,ERR,ERR,ERR,ERR,ERR,ERR,ERR,ERR,ERR,ERR,ERR,ERR,ERR,ERR,ERR,ERR,ERR,ERR,ERR,ERR,ERR,ERR,ERR,ERR,ERR,ERR,ERR,ERR,ERR,ERR,ERR,ERR,ERR,ERR,ERR,ERR,ERR,ERR,ERR,ERR,ERR,ERR,ERR,ERR,ERR,ERR,ERR,ERR,ERR,ERR,ERR,ERR,ERR,ERR,ERR,ERR,ERR,ERR,ERR,ERR,ERR,-107615288.0,-0.0,-134474944.0,0.0,0.0,1.3936040501711995e+18,7.805,0.0,0,0,4,0,8422,0.0,45,0.0,0.0,0.0,0.0,0.0,0,0,0,0,0.0,0,0,0,0,0,0,0,0,0,0,0,0,0,0,0,0,0,0,0,0,0,0,0,0,0,0,0,0,0,0,0,0,0,38,14,7,45,65476,0,300,0,0,8,21553,0.0,-107605600.0,0.0,0.0,0.0,0.0,0.0,0.0,0.0,0.0,0.0,0.0,0.0,0.0,0.0,0.0,0.0,0.0,0.0,0.0,0.0,0.0,-2.004,-2.004,2.004,-2.004,0.0,0.0,0.0,0.0,5020.0,-564145833377792.0,0.0,-107615288.0,-0.0,-0.0,0.0,0.0,0.0,0.0,0.0,53,-0.0,-3.222002767243768e+26,0.0,0.0,0.0,0.0,0.0,0.0,0.0,0,0,0,0.0,0.0,0.0,0.0,0.0,0.0,0.0,0.0,0.0,0.0,0.0,0.0,0.0,0.0,0.0,0.0,0,-107875648.0,53,0.0,106,-107614832.0,-0.0,ERR,ERR,ERR,ERR,ERR,ERR,ERR,ERR,ERR,ERR,ERR,ERR,ERR,ERR,ERR,ERR,ERR,ERR,ERR,ERR,ERR,ERR,ERR,ERR,ERR,ERR,ERR,ERR,ERR,ERR,ERR,ERR,ERR,ERR,ERR,ERR,ERR,ERR,ERR,ERR,ERR,ERR,ERR,ERR,ERR,ERR,ERR,ERR,ERR,ERR,ERR,ERR,ERR,ERR,ERR,ERR,ERR,ERR,ERR,ERR,ERR,ERR,ERR,ERR,ERR,ERR,ERR,50.0,60.0,100,0.0,0.0,0.0,0.0,0.0,0.0,0.0,0.0,0.0,0.0,0.0,0.0,0.0,0.0,0.0,0.0,61.6,75,13,65511,50,65476,0,300,0,0,8,20529,65476,0,0,26214,60.0,0.0,0.0,0.0,0.0,0.0
2026-05-17T18:02:55,ERR,ERR,ERR,ERR,ERR,ERR,ERR,ERR,ERR,ERR,ERR,ERR,ERR,ERR,ERR,ERR,ERR,ERR,ERR,ERR,ERR,ERR,ERR,ERR,ERR,ERR,ERR,ERR,ERR,ERR,ERR,ERR,ERR,ERR,ERR,ERR,ERR,ERR,ERR,ERR,ERR,ERR,ERR,ERR,ERR,ERR,ERR,ERR,ERR,ERR,ERR,ERR,ERR,ERR,ERR,ERR,ERR,ERR,ERR,ERR,ERR,ERR,ERR,ERR,ERR,ERR,ERR,ERR,ERR,ERR,ERR,ERR,ERR,ERR,ERR,ERR,ERR,ERR,ERR,ERR,ERR,ERR,ERR,ERR,ERR,ERR,ERR,ERR,ERR,ERR,ERR,ERR,ERR,ERR,ERR,ERR,ERR,ERR,ERR,ERR,ERR,ERR,ERR,ERR,ERR,ERR,ERR,ERR,ERR,ERR,ERR,ERR,ERR,ERR,ERR,ERR,ERR,ERR,ERR,ERR,ERR,ERR,ERR,ERR,ERR,-107615288.0,-0.0,-134474944.0,0.0,0.0,1.3936040501711995e+18,7.805,0.0,0,0,4,0,8422,0.0,45,0.0,0.0,0.0,0.0,0.0,0,0,0,0,0.0,0,0,0,0,0,0,0,0,0,0,0,0,0,0,0,0,0,0,0,0,0,0,0,0,0,0,0,0,0,0,0,0,0,38,14,7,45,65476,0,300,0,0,8,21553,0.0,-107605600.0,0.0,0.0,0.0,0.0,0.0,0.0,0.0,0.0,0.0,0.0,0.0,0.0,0.0,0.0,0.0,0.0,0.0,0.0,0.0,0.0,-2.004,-2.004,2.004,-2.004,0.0,0.0,0.0,0.0,5020.0,-564145833377792.0,0.0,-107615288.0,-0.0,-0.0,0.0,0.0,0.0,0.0,0.0,53,-0.0,-3.222002767243768e+26,0.0,0.0,0.0,0.0,0.0,0.0,0.0,0,0,0,0.0,0.0,0.0,0.0,0.0,0.0,0.0,0.0,0.0,0.0,0.0,0.0,0.0,0.0,0.0,0.0,0,-107875648.0,53,0.0,106,-107614832.0,-0.0,ERR,ERR,ERR,ERR,ERR,ERR,ERR,ERR,ERR,ERR,ERR,ERR,ERR,ERR,ERR,ERR,ERR,ERR,ERR,ERR,ERR,ERR,ERR,ERR,ERR,ERR,ERR,ERR,ERR,ERR,ERR,ERR,ERR,ERR,ERR,ERR,ERR,ERR,ERR,ERR,ERR,ERR,ERR,ERR,ERR,ERR,ERR,ERR,ERR,ERR,ERR,ERR,ERR,ERR,ERR,ERR,ERR,ERR,ERR,ERR,ERR,ERR,ERR,ERR,ERR,ERR,ERR,50.0,60.0,100,0.0,0.0,0.0,0.0,0.0,0.0,0.0,0.0,0.0,0.0,0.0,0.0,0.0,0.0,0.0,0.0,61.6,75,13,65511,50,65476,0,300,0,0,8,20529,65476,0,0,26214,60.0,0.0,0.0,0.0,0.0,0.0
2026-05-17T18:02:56,ERR,ERR,ERR,ERR,ERR,ERR,ERR,ERR,ERR,ERR,ERR,ERR,ERR,ERR,ERR,ERR,ERR,ERR,ERR,ERR,ERR,ERR,ERR,ERR,ERR,ERR,ERR,ERR,ERR,ERR,ERR,ERR,ERR,ERR,ERR,ERR,ERR,ERR,ERR,ERR,ERR,ERR,ERR,ERR,ERR,ERR,ERR,ERR,ERR,ERR,ERR,ERR,ERR,ERR,ERR,ERR,ERR,ERR,ERR,ERR,ERR,ERR,ERR,ERR,ERR,ERR,ERR,ERR,ERR,ERR,ERR,ERR,ERR,ERR,ERR,ERR,ERR,ERR,ERR,ERR,ERR,ERR,ERR,ERR,ERR,ERR,ERR,ERR,ERR,ERR,ERR,ERR,ERR,ERR,ERR,ERR,ERR,ERR,ERR,ERR,ERR,ERR,ERR,ERR,ERR,ERR,ERR,ERR,ERR,ERR,ERR,ERR,ERR,ERR,ERR,ERR,ERR,ERR,ERR,ERR,ERR,ERR,ERR,ERR,ERR,-107615288.0,-0.0,-134474944.0,0.0,0.0,1.3936040501711995e+18,7.805,0.0,0,0,4,0,8422,0.0,45,0.0,0.0,0.0,0.0,0.0,0,0,0,0,0.0,0,0,0,0,0,0,0,0,0,0,0,0,0,0,0,0,0,0,0,0,0,0,0,0,0,0,0,0,0,0,0,0,0,38,14,7,45,65476,0,300,0,0,8,21553,0.0,-107605600.0,0.0,0.0,0.0,0.0,0.0,0.0,0.0,0.0,0.0,0.0,0.0,0.0,0.0,0.0,0.0,0.0,0.0,0.0,0.0,0.0,-2.004,-2.004,2.004,-2.004,0.0,0.0,0.0,0.0,5020.0,-564145833377792.0,0.0,-107615288.0,-0.0,-0.0,0.0,0.0,0.0,0.0,0.0,53,-0.0,-3.222002767243768e+26,0.0,0.0,0.0,0.0,0.0,0.0,0.0,0,0,0,0.0,0.0,0.0,0.0,0.0,0.0,0.0,0.0,0.0,0.0,0.0,0.0,0.0,0.0,0.0,0.0,0,-107875648.0,53,0.0,106,-107614832.0,-0.0,ERR,ERR,ERR,ERR,ERR,ERR,ERR,ERR,ERR,ERR,ERR,ERR,ERR,ERR,ERR,ERR,ERR,ERR,ERR,ERR,ERR,ERR,ERR,ERR,ERR,ERR,ERR,ERR,ERR,ERR,ERR,ERR,ERR,ERR,ERR,ERR,ERR,ERR,ERR,ERR,ERR,ERR,ERR,ERR,ERR,ERR,ERR,ERR,ERR,ERR,ERR,ERR,ERR,ERR,ERR,ERR,ERR,ERR,ERR,ERR,ERR,ERR,ERR,ERR,ERR,ERR,ERR,50.0,60.0,100,0.0,0.0,0.0,0.0,0.0,0.0,0.0,0.0,0.0,0.0,0.0,0.0,0.0,0.0,0.0,0.0,62.0,75,13,65511,50,65476,0,300,0,0,8,20529,65476,0,0,26214,60.0,0.0,0.0,0.0,0.0,0.0
2026-05-17T18:02:57,ERR,ERR,ERR,ERR,ERR,ERR,ERR,ERR,ERR,ERR,ERR,ERR,ERR,ERR,ERR,ERR,ERR,ERR,ERR,ERR,ERR,ERR,ERR,ERR,ERR,ERR,ERR,ERR,ERR,ERR,ERR,ERR,ERR,ERR,ERR,ERR,ERR,ERR,ERR,ERR,ERR,ERR,ERR,ERR,ERR,ERR,ERR,ERR,ERR,ERR,ERR,ERR,ERR,ERR,ERR,ERR,ERR,ERR,ERR,ERR,ERR,ERR,ERR,ERR,ERR,ERR,ERR,ERR,ERR,ERR,ERR,ERR,ERR,ERR,ERR,ERR,ERR,ERR,ERR,ERR,ERR,ERR,ERR,ERR,ERR,ERR,ERR,ERR,ERR,ERR,ERR,ERR,ERR,ERR,ERR,ERR,ERR,ERR,ERR,ERR,ERR,ERR,ERR,ERR,ERR,ERR,ERR,ERR,ERR,ERR,ERR,ERR,ERR,ERR,ERR,ERR,ERR,ERR,ERR,ERR,ERR,ERR,ERR,ERR,ERR,-107615288.0,-0.0,-134474944.0,0.0,0.0,1.3936040501711995e+18,7.805,0.0,0,0,4,0,8422,0.0,45,0.0,0.0,0.0,0.0,0.0,0,0,0,0,0.0,0,0,0,0,0,0,0,0,0,0,0,0,0,0,0,0,0,0,0,0,0,0,0,0,0,0,0,0,0,0,0,0,0,38,14,7,45,65476,0,300,0,0,8,21553,0.0,-107605600.0,0.0,0.0,0.0,0.0,0.0,0.0,0.0,0.0,0.0,0.0,0.0,0.0,0.0,0.0,0.0,0.0,0.0,0.0,0.0,0.0,-2.004,-2.004,2.004,-2.004,0.0,0.0,0.0,0.0,5020.0,-564145833377792.0,0.0,-107615288.0,-0.0,-0.0,0.0,0.0,0.0,0.0,0.0,53,-0.0,-3.222002767243768e+26,0.0,0.0,0.0,0.0,0.0,0.0,0.0,0,0,0,0.0,0.0,0.0,0.0,0.0,0.0,0.0,0.0,0.0,0.0,0.0,0.0,0.0,0.0,0.0,0.0,0,-107875648.0,53,0.0,106,-107614832.0,-0.0,ERR,ERR,ERR,ERR,ERR,ERR,ERR,ERR,ERR,ERR,ERR,ERR,ERR,ERR,ERR,ERR,ERR,ERR,ERR,ERR,ERR,ERR,ERR,ERR,ERR,ERR,ERR,ERR,ERR,ERR,ERR,ERR,ERR,ERR,ERR,ERR,ERR,ERR,ERR,ERR,ERR,ERR,ERR,ERR,ERR,ERR,ERR,ERR,ERR,ERR,ERR,ERR,ERR,ERR,ERR,ERR,ERR,ERR,ERR,ERR,ERR,ERR,ERR,ERR,ERR,ERR,ERR,50.0,60.0,100,0.0,0.0,0.0,0.0,0.0,0.0,0.0,0.0,0.0,0.0,0.0,0.0,0.0,0.0,0.0,0.0,62.0,75,13,65511,50,65476,0,300,0,0,8,20529,65476,0,0,26214,60.0,0.0,0.0,0.0,0.0,0.0
2026-05-17T18:02:58,ERR,ERR,ERR,ERR,ERR,ERR,ERR,ERR,ERR,ERR,ERR,ERR,ERR,ERR,ERR,ERR,ERR,ERR,ERR,ERR,ERR,ERR,ERR,ERR,ERR,ERR,ERR,ERR,ERR,ERR,ERR,ERR,ERR,ERR,ERR,ERR,ERR,ERR,ERR,ERR,ERR,ERR,ERR,ERR,ERR,ERR,ERR,ERR,ERR,ERR,ERR,ERR,ERR,ERR,ERR,ERR,ERR,ERR,ERR,ERR,ERR,ERR,ERR,ERR,ERR,ERR,ERR,ERR,ERR,ERR,ERR,ERR,ERR,ERR,ERR,ERR,ERR,ERR,ERR,ERR,ERR,ERR,ERR,ERR,ERR,ERR,ERR,ERR,ERR,ERR,ERR,ERR,ERR,ERR,ERR,ERR,ERR,ERR,ERR,ERR,ERR,ERR,ERR,ERR,ERR,ERR,ERR,ERR,ERR,ERR,ERR,ERR,ERR,ERR,ERR,ERR,ERR,ERR,ERR,ERR,ERR,ERR,ERR,ERR,ERR,-107615288.0,-0.0,-134474944.0,0.0,0.0,1.3936040501711995e+18,7.805,0.0,0,0,4,0,8422,0.0,45,0.0,0.0,0.0,0.0,0.0,0,0,0,0,0.0,0,0,0,0,0,0,0,0,0,0,0,0,0,0,0,0,0,0,0,0,0,0,0,0,0,0,0,0,0,0,0,0,0,38,14,7,45,65476,0,300,0,0,8,21553,0.0,-107605600.0,0.0,0.0,0.0,0.0,0.0,0.0,0.0,0.0,0.0,0.0,0.0,0.0,0.0,0.0,0.0,0.0,0.0,0.0,0.0,0.0,-2.004,-2.004,2.004,-2.004,0.0,0.0,0.0,0.0,5020.0,-564145833377792.0,0.0,-107615288.0,-0.0,-0.0,0.0,0.0,0.0,0.0,0.0,53,-0.0,-3.222002767243768e+26,0.0,0.0,0.0,0.0,0.0,0.0,0.0,0,0,0,0.0,0.0,0.0,0.0,0.0,0.0,0.0,0.0,0.0,0.0,0.0,0.0,0.0,0.0,0.0,0.0,0,-107875648.0,53,0.0,106,-107614832.0,-0.0,ERR,ERR,ERR,ERR,ERR,ERR,ERR,ERR,ERR,ERR,ERR,ERR,ERR,ERR,ERR,ERR,ERR,ERR,ERR,ERR,ERR,ERR,ERR,ERR,ERR,ERR,ERR,ERR,ERR,ERR,ERR,ERR,ERR,ERR,ERR,ERR,ERR,ERR,ERR,ERR,ERR,ERR,ERR,ERR,ERR,ERR,ERR,ERR,ERR,ERR,ERR,ERR,ERR,ERR,ERR,ERR,ERR,ERR,ERR,ERR,ERR,ERR,ERR,ERR,ERR,ERR,ERR,50.0,60.0,100,0.0,0.0,0.0,0.0,0.0,0.0,0.0,0.0,0.0,0.0,0.0,0.0,0.0,0.0,0.0,0.0,62.0,75,13,65511,50,65476,0,300,0,0,8,20529,65476,0,0,26214,60.0,0.0,0.0,0.0,0.0,0.0
2026-05-17T18:02:59,ERR,ERR,ERR,ERR,ERR,ERR,ERR,ERR,ERR,ERR,ERR,ERR,ERR,ERR,ERR,ERR,ERR,ERR,ERR,ERR,ERR,ERR,ERR,ERR,ERR,ERR,ERR,ERR,ERR,ERR,ERR,ERR,ERR,ERR,ERR,ERR,ERR,ERR,ERR,ERR,ERR,ERR,ERR,ERR,ERR,ERR,ERR,ERR,ERR,ERR,ERR,ERR,ERR,ERR,ERR,ERR,ERR,ERR,ERR,ERR,ERR,ERR,ERR,ERR,ERR,ERR,ERR,ERR,ERR,ERR,ERR,ERR,ERR,ERR,ERR,ERR,ERR,ERR,ERR,ERR,ERR,ERR,ERR,ERR,ERR,ERR,ERR,ERR,ERR,ERR,ERR,ERR,ERR,ERR,ERR,ERR,ERR,ERR,ERR,ERR,ERR,ERR,ERR,ERR,ERR,ERR,ERR,ERR,ERR,ERR,ERR,ERR,ERR,ERR,ERR,ERR,ERR,ERR,ERR,ERR,ERR,ERR,ERR,ERR,ERR,-107615288.0,-0.0,-134474944.0,0.0,0.0,1.3936040501711995e+18,7.805,0.0,0,0,4,0,8422,0.0,45,0.0,0.0,0.0,0.0,0.0,0,0,0,0,0.0,0,0,0,0,0,0,0,0,0,0,0,0,0,0,0,0,0,0,0,0,0,0,0,0,0,0,0,0,0,0,0,0,0,38,14,7,45,65476,0,300,0,0,8,21553,0.0,-107605600.0,0.0,0.0,0.0,0.0,0.0,0.0,0.0,0.0,0.0,0.0,0.0,0.0,0.0,0.0,0.0,0.0,0.0,0.0,0.0,0.0,-2.004,-2.004,2.004,-2.004,0.0,0.0,0.0,0.0,5055.0,0.0,0.0,-107615288.0,-0.0,-0.0,0.0,0.0,0.0,0.0,0.0,53,-0.059,0.0,0.0,0.0,0.0,0.0,0.0,0.0,0.0,0,0,0,0.0,0.0,0.0,0.0,0.0,0.0,0.0,0.0,0.0,0.0,0.0,0.0,0.0,0.0,0.0,0.0,0,-107875648.0,53,0.0,106,-107614832.0,-0.0,ERR,ERR,ERR,ERR,ERR,ERR,ERR,ERR,ERR,ERR,ERR,ERR,ERR,ERR,ERR,ERR,ERR,ERR,ERR,ERR,ERR,ERR,ERR,ERR,ERR,ERR,ERR,ERR,ERR,ERR,ERR,ERR,ERR,ERR,ERR,ERR,ERR,ERR,ERR,ERR,ERR,ERR,ERR,ERR,ERR,ERR,ERR,ERR,ERR,ERR,ERR,ERR,ERR,ERR,ERR,ERR,ERR,ERR,ERR,ERR,ERR,ERR,ERR,ERR,ERR,ERR,ERR,50.0,60.0,100,0.0,0.0,0.0,0.0,0.0,0.0,0.0,0.0,0.0,0.0,0.0,0.0,0.0,0.0,0.0,0.0,62.0,75,13,65511,50,65476,0,300,0,0,8,20529,65476,0,0,26214,60.0,0.0,0.0,0.0,0.0,0.0
2026-05-17T18:03:00,ERR,ERR,ERR,ERR,ERR,ERR,ERR,ERR,ERR,ERR,ERR,ERR,ERR,ERR,ERR,ERR,ERR,ERR,ERR,ERR,ERR,ERR,ERR,ERR,ERR,ERR,ERR,ERR,ERR,ERR,ERR,ERR,ERR,ERR,ERR,ERR,ERR,ERR,ERR,ERR,ERR,ERR,ERR,ERR,ERR,ERR,ERR,ERR,ERR,ERR,ERR,ERR,ERR,ERR,ERR,ERR,ERR,ERR,ERR,ERR,ERR,ERR,ERR,ERR,ERR,ERR,ERR,ERR,ERR,ERR,ERR,ERR,ERR,ERR,ERR,ERR,ERR,ERR,ERR,ERR,ERR,ERR,ERR,ERR,ERR,ERR,ERR,ERR,ERR,ERR,ERR,ERR,ERR,ERR,ERR,ERR,ERR,ERR,ERR,ERR,ERR,ERR,ERR,ERR,ERR,ERR,ERR,ERR,ERR,ERR,ERR,ERR,ERR,ERR,ERR,ERR,ERR,ERR,ERR,ERR,ERR,ERR,ERR,ERR,ERR,-107615288.0,-0.0,-134474944.0,0.0,0.0,1.3936040501711995e+18,7.805,0.0,0,0,4,0,8422,0.0,45,0.0,0.0,0.0,0.0,0.0,0,0,0,0,0.0,0,0,0,0,0,0,0,0,0,0,0,0,0,0,0,0,0,0,0,0,0,0,0,0,0,0,0,0,0,0,0,0,0,38,14,7,45,65476,0,300,0,0,8,21553,0.0,-107605600.0,0.0,0.0,0.0,0.0,0.0,0.0,0.0,0.0,0.0,0.0,0.0,0.0,0.0,0.0,0.0,0.0,0.0,0.0,0.0,0.0,-2.004,-2.004,2.004,-2.004,0.0,0.0,0.0,0.0,5055.0,0.0,0.0,-107615288.0,-0.0,-0.0,0.0,0.0,0.0,0.0,0.0,53,-0.059,0.0,0.0,0.0,0.0,0.0,0.0,0.0,0.0,0,0,0,0.0,0.0,0.0,0.0,0.0,0.0,0.0,0.0,0.0,0.0,0.0,0.0,0.0,0.0,0.0,0.0,0,-107875648.0,53,0.0,106,-107614832.0,-0.0,ERR,ERR,ERR,ERR,ERR,ERR,ERR,ERR,ERR,ERR,ERR,ERR,ERR,ERR,ERR,ERR,ERR,ERR,ERR,ERR,ERR,ERR,ERR,ERR,ERR,ERR,ERR,ERR,ERR,ERR,ERR,ERR,ERR,ERR,ERR,ERR,ERR,ERR,ERR,ERR,ERR,ERR,ERR,ERR,ERR,ERR,ERR,ERR,ERR,ERR,ERR,ERR,ERR,ERR,ERR,ERR,ERR,ERR,ERR,ERR,ERR,ERR,ERR,ERR,ERR,ERR,ERR,50.0,60.0,100,0.0,0.0,0.0,0.0,0.0,0.0,0.0,0.0,0.0,0.0,0.0,0.0,0.0,0.0,0.0,0.0,61.6,75,13,65511,50,65476,0,300,0,0,8,20529,65476,0,0,26214,60.0,0.0,0.0,0.0,0.0,0.0
2026-05-17T18:03:01,ERR,ERR,ERR,ERR,ERR,ERR,ERR,ERR,ERR,ERR,ERR,ERR,ERR,ERR,ERR,ERR,ERR,ERR,ERR,ERR,ERR,ERR,ERR,ERR,ERR,ERR,ERR,ERR,ERR,ERR,ERR,ERR,ERR,ERR,ERR,ERR,ERR,ERR,ERR,ERR,ERR,ERR,ERR,ERR,ERR,ERR,ERR,ERR,ERR,ERR,ERR,ERR,ERR,ERR,ERR,ERR,ERR,ERR,ERR,ERR,ERR,ERR,ERR,ERR,ERR,ERR,ERR,ERR,ERR,ERR,ERR,ERR,ERR,ERR,ERR,ERR,ERR,ERR,ERR,ERR,ERR,ERR,ERR,ERR,ERR,ERR,ERR,ERR,ERR,ERR,ERR,ERR,ERR,ERR,ERR,ERR,ERR,ERR,ERR,ERR,ERR,ERR,ERR,ERR,ERR,ERR,ERR,ERR,ERR,ERR,ERR,ERR,ERR,ERR,ERR,ERR,ERR,ERR,ERR,ERR,ERR,ERR,ERR,ERR,ERR,-107615288.0,-0.0,-134474944.0,0.0,0.0,1.3936040501711995e+18,7.805,0.0,0,0,4,0,8422,0.0,45,0.0,0.0,0.0,0.0,0.0,0,0,0,0,0.0,0,0,0,0,0,0,0,0,0,0,0,0,0,0,0,0,0,0,0,0,0,0,0,0,0,0,0,0,0,0,0,0,0,38,14,7,45,65476,0,300,0,0,8,21553,0.0,-107605600.0,0.0,0.0,0.0,0.0,0.0,0.0,0.0,0.0,0.0,0.0,0.0,0.0,0.0,0.0,0.0,0.0,0.0,0.0,0.0,0.0,-2.004,-2.004,2.004,-2.004,0.0,0.0,0.0,0.0,5055.0,0.0,0.0,-107615288.0,-0.0,-0.0,0.0,0.0,0.0,0.0,0.0,53,-0.059,0.0,0.0,0.0,0.0,0.0,0.0,0.0,0.0,0,0,0,0.0,0.0,0.0,0.0,0.0,0.0,0.0,0.0,0.0,0.0,0.0,0.0,0.0,0.0,0.0,0.0,0,-107875648.0,53,0.0,106,-107614832.0,-0.0,ERR,ERR,ERR,ERR,ERR,ERR,ERR,ERR,ERR,ERR,ERR,ERR,ERR,ERR,ERR,ERR,ERR,ERR,ERR,ERR,ERR,ERR,ERR,ERR,ERR,ERR,ERR,ERR,ERR,ERR,ERR,ERR,ERR,ERR,ERR,ERR,ERR,ERR,ERR,ERR,ERR,ERR,ERR,ERR,ERR,ERR,ERR,ERR,ERR,ERR,ERR,ERR,ERR,ERR,ERR,ERR,ERR,ERR,ERR,ERR,ERR,ERR,ERR,ERR,ERR,ERR,ERR,50.0,60.0,100,0.0,0.0,0.0,0.0,0.0,0.0,0.0,0.0,0.0,0.0,0.0,0.0,0.0,0.0,0.0,0.0,61.6,75,13,65511,50,65476,0,300,0,0,8,20529,65476,0,0,26214,60.0,0.0,0.0,0.0,0.0,0.0
2026-05-17T18:03:02,ERR,ERR,ERR,ERR,ERR,ERR,ERR,ERR,ERR,ERR,ERR,ERR,ERR,ERR,ERR,ERR,ERR,ERR,ERR,ERR,ERR,ERR,ERR,ERR,ERR,ERR,ERR,ERR,ERR,ERR,ERR,ERR,ERR,ERR,ERR,ERR,ERR,ERR,ERR,ERR,ERR,ERR,ERR,ERR,ERR,ERR,ERR,ERR,ERR,ERR,ERR,ERR,ERR,ERR,ERR,ERR,ERR,ERR,ERR,ERR,ERR,ERR,ERR,ERR,ERR,ERR,ERR,ERR,ERR,ERR,ERR,ERR,ERR,ERR,ERR,ERR,ERR,ERR,ERR,ERR,ERR,ERR,ERR,ERR,ERR,ERR,ERR,ERR,ERR,ERR,ERR,ERR,ERR,ERR,ERR,ERR,ERR,ERR,ERR,ERR,ERR,ERR,ERR,ERR,ERR,ERR,ERR,ERR,ERR,ERR,ERR,ERR,ERR,ERR,ERR,ERR,ERR,ERR,ERR,ERR,ERR,ERR,ERR,ERR,ERR,-107615288.0,-0.0,-134474944.0,0.0,0.0,1.3936040501711995e+18,7.805,0.0,0,0,4,0,8422,0.0,45,0.0,0.0,0.0,0.0,0.0,0,0,0,0,0.0,0,0,0,0,0,0,0,0,0,0,0,0,0,0,0,0,0,0,0,0,0,0,0,0,0,0,0,0,0,0,0,0,0,38,14,7,45,65476,0,300,0,0,8,21553,0.0,-107605600.0,0.0,0.0,0.0,0.0,0.0,0.0,0.0,0.0,0.0,0.0,0.0,0.0,0.0,0.0,0.0,0.0,0.0,0.0,0.0,0.0,-2.004,-2.004,2.004,-2.004,0.0,0.0,0.0,0.0,5055.0,0.0,0.0,-107615288.0,-0.0,-0.0,0.0,0.0,0.0,0.0,0.0,53,-0.059,0.0,0.0,0.0,0.0,0.0,0.0,0.0,0.0,0,0,0,0.0,0.0,0.0,0.0,0.0,0.0,0.0,0.0,0.0,0.0,0.0,0.0,0.0,0.0,0.0,0.0,0,-107875648.0,53,0.0,106,-107614832.0,-0.0,ERR,ERR,ERR,ERR,ERR,ERR,ERR,ERR,ERR,ERR,ERR,ERR,ERR,ERR,ERR,ERR,ERR,ERR,ERR,ERR,ERR,ERR,ERR,ERR,ERR,ERR,ERR,ERR,ERR,ERR,ERR,ERR,ERR,ERR,ERR,ERR,ERR,ERR,ERR,ERR,ERR,ERR,ERR,ERR,ERR,ERR,ERR,ERR,ERR,ERR,ERR,ERR,ERR,ERR,ERR,ERR,ERR,ERR,ERR,ERR,ERR,ERR,ERR,ERR,ERR,ERR,ERR,50.0,60.0,100,0.0,0.0,0.0,0.0,0.0,0.0,0.0,0.0,0.0,0.0,0.0,0.0,0.0,0.0,0.0,0.0,61.6,75,13,65511,50,65476,0,300,0,0,8,20529,65476,0,0,26214,60.0,0.0,0.0,0.0,0.0,0.0
2026-05-17T18:03:03,ERR,ERR,ERR,ERR,ERR,ERR,ERR,ERR,ERR,ERR,ERR,ERR,ERR,ERR,ERR,ERR,ERR,ERR,ERR,ERR,ERR,ERR,ERR,ERR,ERR,ERR,ERR,ERR,ERR,ERR,ERR,ERR,ERR,ERR,ERR,ERR,ERR,ERR,ERR,ERR,ERR,ERR,ERR,ERR,ERR,ERR,ERR,ERR,ERR,ERR,ERR,ERR,ERR,ERR,ERR,ERR,ERR,ERR,ERR,ERR,ERR,ERR,ERR,ERR,ERR,ERR,ERR,ERR,ERR,ERR,ERR,ERR,ERR,ERR,ERR,ERR,ERR,ERR,ERR,ERR,ERR,ERR,ERR,ERR,ERR,ERR,ERR,ERR,ERR,ERR,ERR,ERR,ERR,ERR,ERR,ERR,ERR,ERR,ERR,ERR,ERR,ERR,ERR,ERR,ERR,ERR,ERR,ERR,ERR,ERR,ERR,ERR,ERR,ERR,ERR,ERR,ERR,ERR,ERR,ERR,ERR,ERR,ERR,ERR,ERR,-107615288.0,-0.0,-134474944.0,0.0,0.0,1.3936040501711995e+18,7.805,0.0,0,0,4,0,8422,0.0,45,0.0,0.0,0.0,0.0,0.0,0,0,0,0,0.0,0,0,0,0,0,0,0,0,0,0,0,0,0,0,0,0,0,0,0,0,0,0,0,0,0,0,0,0,0,0,0,0,0,38,14,7,45,65476,0,300,0,0,8,21553,0.0,-107605600.0,0.0,0.0,0.0,0.0,0.0,0.0,0.0,0.0,0.0,0.0,0.0,0.0,0.0,0.0,0.0,0.0,0.0,0.0,0.0,0.0,-2.004,-2.004,2.004,-2.004,0.0,0.0,0.0,0.0,5055.0,0.0,0.0,-107615288.0,-0.0,-0.0,0.0,0.0,0.0,0.0,0.0,53,-0.059,0.0,0.0,0.0,0.0,0.0,0.0,0.0,0.0,0,0,0,0.0,0.0,0.0,0.0,0.0,0.0,0.0,0.0,0.0,0.0,0.0,0.0,0.0,0.0,0.0,0.0,0,-107875648.0,53,0.0,106,-107614832.0,-0.0,ERR,ERR,ERR,ERR,ERR,ERR,ERR,ERR,ERR,ERR,ERR,ERR,ERR,ERR,ERR,ERR,ERR,ERR,ERR,ERR,ERR,ERR,ERR,ERR,ERR,ERR,ERR,ERR,ERR,ERR,ERR,ERR,ERR,ERR,ERR,ERR,ERR,ERR,ERR,ERR,ERR,ERR,ERR,ERR,ERR,ERR,ERR,ERR,ERR,ERR,ERR,ERR,ERR,ERR,ERR,ERR,ERR,ERR,ERR,ERR,ERR,ERR,ERR,ERR,ERR,ERR,ERR,50.0,60.0,100,0.0,0.0,0.0,0.0,0.0,0.0,0.0,0.0,0.0,0.0,0.0,0.0,0.0,0.0,0.0,0.0,61.6,75,13,65511,50,65476,0,300,0,0,8,20529,65476,0,0,26214,60.0,0.0,0.0,0.0,0.0,0.0
2026-05-17T18:03:04,ERR,ERR,ERR,ERR,ERR,ERR,ERR,ERR,ERR,ERR,ERR,ERR,ERR,ERR,ERR,ERR,ERR,ERR,ERR,ERR,ERR,ERR,ERR,ERR,ERR,ERR,ERR,ERR,ERR,ERR,ERR,ERR,ERR,ERR,ERR,ERR,ERR,ERR,ERR,ERR,ERR,ERR,ERR,ERR,ERR,ERR,ERR,ERR,ERR,ERR,ERR,ERR,ERR,ERR,ERR,ERR,ERR,ERR,ERR,ERR,ERR,ERR,ERR,ERR,ERR,ERR,ERR,ERR,ERR,ERR,ERR,ERR,ERR,ERR,ERR,ERR,ERR,ERR,ERR,ERR,ERR,ERR,ERR,ERR,ERR,ERR,ERR,ERR,ERR,ERR,ERR,ERR,ERR,ERR,ERR,ERR,ERR,ERR,ERR,ERR,ERR,ERR,ERR,ERR,ERR,ERR,ERR,ERR,ERR,ERR,ERR,ERR,ERR,ERR,ERR,ERR,ERR,ERR,ERR,ERR,ERR,ERR,ERR,ERR,ERR,-107615288.0,-0.0,-134474944.0,0.0,0.0,1.3936040501711995e+18,7.805,0.0,0,0,4,0,8422,0.0,45,0.0,0.0,0.0,0.0,0.0,0,0,0,0,0.0,0,0,0,0,0,0,0,0,0,0,0,0,0,0,0,0,0,0,0,0,0,0,0,0,0,0,0,0,0,0,0,0,0,38,14,7,45,65476,0,300,0,0,8,21553,0.0,-107605600.0,0.0,0.0,0.0,0.0,0.0,0.0,0.0,0.0,0.0,0.0,0.0,0.0,0.0,0.0,0.0,0.0,0.0,0.0,0.0,0.0,-2.004,-2.004,2.004,-2.004,0.0,0.0,0.0,0.0,5021.0,-3.697186133624698e+19,0.0,-107615288.0,-0.0,-0.0,0.0,0.0,0.0,0.0,0.0,53,-0.0,-0.0,0.0,0.0,0.0,0.0,0.0,0.0,0.0,0,0,0,0.0,0.0,0.0,0.0,0.0,0.0,0.0,0.0,0.0,0.0,0.0,0.0,0.0,0.0,0.0,0.0,0,-107875648.0,53,0.0,106,-107614832.0,-0.0,ERR,ERR,ERR,ERR,ERR,ERR,ERR,ERR,ERR,ERR,ERR,ERR,ERR,ERR,ERR,ERR,ERR,ERR,ERR,ERR,ERR,ERR,ERR,ERR,ERR,ERR,ERR,ERR,ERR,ERR,ERR,ERR,ERR,ERR,ERR,ERR,ERR,ERR,ERR,ERR,ERR,ERR,ERR,ERR,ERR,ERR,ERR,ERR,ERR,ERR,ERR,ERR,ERR,ERR,ERR,ERR,ERR,ERR,ERR,ERR,ERR,ERR,ERR,ERR,ERR,ERR,ERR,50.0,60.0,100,0.0,0.0,0.0,0.0,0.0,0.0,0.0,0.0,0.0,0.0,0.0,0.0,0.0,0.0,0.0,0.0,62.0,75,13,65511,50,65476,0,300,0,0,8,20529,65476,0,0,26214,60.0,0.0,0.0,0.0,0.0,0.0
2026-05-17T18:03:05,ERR,ERR,ERR,ERR,ERR,ERR,ERR,ERR,ERR,ERR,ERR,ERR,ERR,ERR,ERR,ERR,ERR,ERR,ERR,ERR,ERR,ERR,ERR,ERR,ERR,ERR,ERR,ERR,ERR,ERR,ERR,ERR,ERR,ERR,ERR,ERR,ERR,ERR,ERR,ERR,ERR,ERR,ERR,ERR,ERR,ERR,ERR,ERR,ERR,ERR,ERR,ERR,ERR,ERR,ERR,ERR,ERR,ERR,ERR,ERR,ERR,ERR,ERR,ERR,ERR,ERR,ERR,ERR,ERR,ERR,ERR,ERR,ERR,ERR,ERR,ERR,ERR,ERR,ERR,ERR,ERR,ERR,ERR,ERR,ERR,ERR,ERR,ERR,ERR,ERR,ERR,ERR,ERR,ERR,ERR,ERR,ERR,ERR,ERR,ERR,ERR,ERR,ERR,ERR,ERR,ERR,ERR,ERR,ERR,ERR,ERR,ERR,ERR,ERR,ERR,ERR,ERR,ERR,ERR,ERR,ERR,ERR,ERR,ERR,ERR,-107615288.0,-0.0,-134474944.0,0.0,0.0,1.3936040501711995e+18,7.805,0.0,0,0,4,0,8422,0.0,45,0.0,0.0,0.0,0.0,0.0,0,0,0,0,0.0,0,0,0,0,0,0,0,0,0,0,0,0,0,0,0,0,0,0,0,0,0,0,0,0,0,0,0,0,0,0,0,0,0,38,14,7,45,65476,0,300,0,0,8,21553,0.0,-107605600.0,0.0,0.0,0.0,0.0,0.0,0.0,0.0,0.0,0.0,0.0,0.0,0.0,0.0,0.0,0.0,0.0,0.0,0.0,0.0,0.0,-2.004,-2.004,2.004,-2.004,0.0,0.0,0.0,0.0,5021.0,-3.697186133624698e+19,0.0,-107615288.0,-0.0,-0.0,0.0,0.0,0.0,0.0,0.0,53,-0.0,-0.0,0.0,0.0,0.0,0.0,0.0,0.0,0.0,0,0,0,0.0,0.0,0.0,0.0,0.0,0.0,0.0,0.0,0.0,0.0,0.0,0.0,0.0,0.0,0.0,0.0,0,-107875648.0,53,0.0,106,-107614832.0,-0.0,ERR,ERR,ERR,ERR,ERR,ERR,ERR,ERR,ERR,ERR,ERR,ERR,ERR,ERR,ERR,ERR,ERR,ERR,ERR,ERR,ERR,ERR,ERR,ERR,ERR,ERR,ERR,ERR,ERR,ERR,ERR,ERR,ERR,ERR,ERR,ERR,ERR,ERR,ERR,ERR,ERR,ERR,ERR,ERR,ERR,ERR,ERR,ERR,ERR,ERR,ERR,ERR,ERR,ERR,ERR,ERR,ERR,ERR,ERR,ERR,ERR,ERR,ERR,ERR,ERR,ERR,ERR,50.0,60.0,100,0.0,0.0,0.0,0.0,0.0,0.0,0.0,0.0,0.0,0.0,0.0,0.0,0.0,0.0,0.0,0.0,61.6,75,13,65511,50,65476,0,300,0,0,8,20529,65476,0,0,26214,60.0,0.0,0.0,0.0,0.0,0.0
2026-05-17T18:03:06,ERR,ERR,ERR,ERR,ERR,ERR,ERR,ERR,ERR,ERR,ERR,ERR,ERR,ERR,ERR,ERR,ERR,ERR,ERR,ERR,ERR,ERR,ERR,ERR,ERR,ERR,ERR,ERR,ERR,ERR,ERR,ERR,ERR,ERR,ERR,ERR,ERR,ERR,ERR,ERR,ERR,ERR,ERR,ERR,ERR,ERR,ERR,ERR,ERR,ERR,ERR,ERR,ERR,ERR,ERR,ERR,ERR,ERR,ERR,ERR,ERR,ERR,ERR,ERR,ERR,ERR,ERR,ERR,ERR,ERR,ERR,ERR,ERR,ERR,ERR,ERR,ERR,ERR,ERR,ERR,ERR,ERR,ERR,ERR,ERR,ERR,ERR,ERR,ERR,ERR,ERR,ERR,ERR,ERR,ERR,ERR,ERR,ERR,ERR,ERR,ERR,ERR,ERR,ERR,ERR,ERR,ERR,ERR,ERR,ERR,ERR,ERR,ERR,ERR,ERR,ERR,ERR,ERR,ERR,ERR,ERR,ERR,ERR,ERR,ERR,-107615288.0,-0.0,-134474944.0,0.0,0.0,1.3936040501711995e+18,7.805,0.0,0,0,4,0,8422,0.0,45,0.0,0.0,0.0,0.0,0.0,0,0,0,0,0.0,0,0,0,0,0,0,0,0,0,0,0,0,0,0,0,0,0,0,0,0,0,0,0,0,0,0,0,0,0,0,0,0,0,38,14,7,45,65476,0,300,0,0,8,21553,0.0,-107605600.0,0.0,0.0,0.0,0.0,0.0,0.0,0.0,0.0,0.0,0.0,0.0,0.0,0.0,0.0,0.0,0.0,0.0,0.0,0.0,0.0,-2.004,-2.004,2.004,-2.004,0.0,0.0,0.0,0.0,5021.0,-3.697186133624698e+19,0.0,-107615288.0,-0.0,-0.0,0.0,0.0,0.0,0.0,0.0,53,-0.0,-0.0,0.0,0.0,0.0,0.0,0.0,0.0,0.0,0,0,0,0.0,0.0,0.0,0.0,0.0,0.0,0.0,0.0,0.0,0.0,0.0,0.0,0.0,0.0,0.0,0.0,0,-107875648.0,53,0.0,106,-107614832.0,-0.0,ERR,ERR,ERR,ERR,ERR,ERR,ERR,ERR,ERR,ERR,ERR,ERR,ERR,ERR,ERR,ERR,ERR,ERR,ERR,ERR,ERR,ERR,ERR,ERR,ERR,ERR,ERR,ERR,ERR,ERR,ERR,ERR,ERR,ERR,ERR,ERR,ERR,ERR,ERR,ERR,ERR,ERR,ERR,ERR,ERR,ERR,ERR,ERR,ERR,ERR,ERR,ERR,ERR,ERR,ERR,ERR,ERR,ERR,ERR,ERR,ERR,ERR,ERR,ERR,ERR,ERR,ERR,50.0,60.0,100,0.0,0.0,0.0,0.0,0.0,0.0,0.0,0.0,0.0,0.0,0.0,0.0,0.0,0.0,0.0,0.0,61.6,75,13,65511,50,65476,0,300,0,0,8,20529,65476,0,0,26214,60.0,0.0,0.0,0.0,0.0,0.0
2026-05-17T18:03:07,ERR,ERR,ERR,ERR,ERR,ERR,ERR,ERR,ERR,ERR,ERR,ERR,ERR,ERR,ERR,ERR,ERR,ERR,ERR,ERR,ERR,ERR,ERR,ERR,ERR,ERR,ERR,ERR,ERR,ERR,ERR,ERR,ERR,ERR,ERR,ERR,ERR,ERR,ERR,ERR,ERR,ERR,ERR,ERR,ERR,ERR,ERR,ERR,ERR,ERR,ERR,ERR,ERR,ERR,ERR,ERR,ERR,ERR,ERR,ERR,ERR,ERR,ERR,ERR,ERR,ERR,ERR,ERR,ERR,ERR,ERR,ERR,ERR,ERR,ERR,ERR,ERR,ERR,ERR,ERR,ERR,ERR,ERR,ERR,ERR,ERR,ERR,ERR,ERR,ERR,ERR,ERR,ERR,ERR,ERR,ERR,ERR,ERR,ERR,ERR,ERR,ERR,ERR,ERR,ERR,ERR,ERR,ERR,ERR,ERR,ERR,ERR,ERR,ERR,ERR,ERR,ERR,ERR,ERR,ERR,ERR,ERR,ERR,ERR,ERR,-107615288.0,-0.0,-134474944.0,0.0,0.0,1.3936040501711995e+18,7.805,0.0,0,0,4,0,8422,0.0,45,0.0,0.0,0.0,0.0,0.0,0,0,0,0,0.0,0,0,0,0,0,0,0,0,0,0,0,0,0,0,0,0,0,0,0,0,0,0,0,0,0,0,0,0,0,0,0,0,0,38,14,7,45,65476,0,300,0,0,8,21553,0.0,-107605600.0,0.0,0.0,0.0,0.0,0.0,0.0,0.0,0.0,0.0,0.0,0.0,0.0,0.0,0.0,0.0,0.0,0.0,0.0,0.0,0.0,-2.004,-2.004,2.004,-2.004,0.0,0.0,0.0,0.0,5021.0,-3.697186133624698e+19,0.0,-107615288.0,-0.0,-0.0,0.0,0.0,0.0,0.0,0.0,53,-0.0,-0.0,0.0,0.0,0.0,0.0,0.0,0.0,0.0,0,0,0,0.0,0.0,0.0,0.0,0.0,0.0,0.0,0.0,0.0,0.0,0.0,0.0,0.0,0.0,0.0,0.0,0,-107875648.0,53,0.0,106,-107614832.0,-0.0,ERR,ERR,ERR,ERR,ERR,ERR,ERR,ERR,ERR,ERR,ERR,ERR,ERR,ERR,ERR,ERR,ERR,ERR,ERR,ERR,ERR,ERR,ERR,ERR,ERR,ERR,ERR,ERR,ERR,ERR,ERR,ERR,ERR,ERR,ERR,ERR,ERR,ERR,ERR,ERR,ERR,ERR,ERR,ERR,ERR,ERR,ERR,ERR,ERR,ERR,ERR,ERR,ERR,ERR,ERR,ERR,ERR,ERR,ERR,ERR,ERR,ERR,ERR,ERR,ERR,ERR,ERR,50.0,60.0,100,0.0,0.0,0.0,0.0,0.0,0.0,0.0,0.0,0.0,0.0,0.0,0.0,0.0,0.0,0.0,0.0,61.6,75,13,65511,50,65476,0,300,0,0,8,20529,65476,0,0,26214,60.0,0.0,0.0,0.0,0.0,0.0
2026-05-17T18:03:08,ERR,ERR,ERR,ERR,ERR,ERR,ERR,ERR,ERR,ERR,ERR,ERR,ERR,ERR,ERR,ERR,ERR,ERR,ERR,ERR,ERR,ERR,ERR,ERR,ERR,ERR,ERR,ERR,ERR,ERR,ERR,ERR,ERR,ERR,ERR,ERR,ERR,ERR,ERR,ERR,ERR,ERR,ERR,ERR,ERR,ERR,ERR,ERR,ERR,ERR,ERR,ERR,ERR,ERR,ERR,ERR,ERR,ERR,ERR,ERR,ERR,ERR,ERR,ERR,ERR,ERR,ERR,ERR,ERR,ERR,ERR,ERR,ERR,ERR,ERR,ERR,ERR,ERR,ERR,ERR,ERR,ERR,ERR,ERR,ERR,ERR,ERR,ERR,ERR,ERR,ERR,ERR,ERR,ERR,ERR,ERR,ERR,ERR,ERR,ERR,ERR,ERR,ERR,ERR,ERR,ERR,ERR,ERR,ERR,ERR,ERR,ERR,ERR,ERR,ERR,ERR,ERR,ERR,ERR,ERR,ERR,ERR,ERR,ERR,ERR,-107615288.0,-0.0,-134474944.0,0.0,0.0,1.3936040501711995e+18,7.805,0.0,0,0,4,0,8422,0.0,45,0.0,0.0,0.0,0.0,0.0,0,0,0,0,0.0,0,0,0,0,0,0,0,0,0,0,0,0,0,0,0,0,0,0,0,0,0,0,0,0,0,0,0,0,0,0,0,0,0,38,14,7,45,65476,0,300,0,0,8,21553,0.0,-107605600.0,0.0,0.0,0.0,0.0,0.0,0.0,0.0,0.0,0.0,0.0,0.0,0.0,0.0,0.0,0.0,0.0,0.0,0.0,0.0,0.0,-2.004,-2.004,2.004,-2.004,0.0,0.0,0.0,0.0,5021.0,-3.697186133624698e+19,0.0,-107615288.0,-0.0,-0.0,0.0,0.0,0.0,0.0,0.0,53,-0.0,-0.0,0.0,0.0,0.0,0.0,0.0,0.0,0.0,0,0,0,0.0,0.0,0.0,0.0,0.0,0.0,0.0,0.0,0.0,0.0,0.0,0.0,0.0,0.0,0.0,0.0,0,-107875648.0,53,0.0,106,-107614832.0,-0.0,ERR,ERR,ERR,ERR,ERR,ERR,ERR,ERR,ERR,ERR,ERR,ERR,ERR,ERR,ERR,ERR,ERR,ERR,ERR,ERR,ERR,ERR,ERR,ERR,ERR,ERR,ERR,ERR,ERR,ERR,ERR,ERR,ERR,ERR,ERR,ERR,ERR,ERR,ERR,ERR,ERR,ERR,ERR,ERR,ERR,ERR,ERR,ERR,ERR,ERR,ERR,ERR,ERR,ERR,ERR,ERR,ERR,ERR,ERR,ERR,ERR,ERR,ERR,ERR,ERR,ERR,ERR,50.0,60.0,100,0.0,0.0,0.0,0.0,0.0,0.0,0.0,0.0,0.0,0.0,0.0,0.0,0.0,0.0,0.0,0.0,61.6,75,13,65511,50,65476,0,300,0,0,8,20529,65476,0,0,26214,60.0,0.0,0.0,0.0,0.0,0.0
2026-05-17T18:03:09,ERR,ERR,ERR,ERR,ERR,ERR,ERR,ERR,ERR,ERR,ERR,ERR,ERR,ERR,ERR,ERR,ERR,ERR,ERR,ERR,ERR,ERR,ERR,ERR,ERR,ERR,ERR,ERR,ERR,ERR,ERR,ERR,ERR,ERR,ERR,ERR,ERR,ERR,ERR,ERR,ERR,ERR,ERR,ERR,ERR,ERR,ERR,ERR,ERR,ERR,ERR,ERR,ERR,ERR,ERR,ERR,ERR,ERR,ERR,ERR,ERR,ERR,ERR,ERR,ERR,ERR,ERR,ERR,ERR,ERR,ERR,ERR,ERR,ERR,ERR,ERR,ERR,ERR,ERR,ERR,ERR,ERR,ERR,ERR,ERR,ERR,ERR,ERR,ERR,ERR,ERR,ERR,ERR,ERR,ERR,ERR,ERR,ERR,ERR,ERR,ERR,ERR,ERR,ERR,ERR,ERR,ERR,ERR,ERR,ERR,ERR,ERR,ERR,ERR,ERR,ERR,ERR,ERR,ERR,ERR,ERR,ERR,ERR,ERR,ERR,-107615288.0,-0.0,-134474944.0,0.0,0.0,1.3936040501711995e+18,7.805,0.0,0,0,4,0,8422,0.0,45,0.0,0.0,0.0,0.0,0.0,0,0,0,0,0.0,0,0,0,0,0,0,0,0,0,0,0,0,0,0,0,0,0,0,0,0,0,0,0,0,0,0,0,0,0,0,0,0,0,38,14,7,45,65476,0,300,0,0,8,21553,0.0,-107605600.0,0.0,0.0,0.0,0.0,0.0,0.0,0.0,0.0,0.0,0.0,0.0,0.0,0.0,0.0,0.0,0.0,0.0,0.0,0.0,0.0,-2.004,-2.004,2.004,-2.004,0.0,0.0,0.0,0.0,5019.0,1.5879293531142762e+29,0.0,-107615288.0,-0.0,-107615280.0,0.0,0.0,0.0,0.0,0.0,53,-0.0,89220.562,0.0,0.0,0.0,0.0,0.0,0.0,0.0,0,0,0,0.0,0.0,0.0,0.0,0.0,0.0,0.0,0.0,0.0,0.0,0.0,0.0,0.0,0.0,0.0,0.0,0,-107875648.0,53,0.0,106,-107614832.0,-0.0,ERR,ERR,ERR,ERR,ERR,ERR,ERR,ERR,ERR,ERR,ERR,ERR,ERR,ERR,ERR,ERR,ERR,ERR,ERR,ERR,ERR,ERR,ERR,ERR,ERR,ERR,ERR,ERR,ERR,ERR,ERR,ERR,ERR,ERR,ERR,ERR,ERR,ERR,ERR,ERR,ERR,ERR,ERR,ERR,ERR,ERR,ERR,ERR,ERR,ERR,ERR,ERR,ERR,ERR,ERR,ERR,ERR,ERR,ERR,ERR,ERR,ERR,ERR,ERR,ERR,ERR,ERR,50.0,60.0,100,0.0,0.0,0.0,0.0,0.0,0.0,0.0,0.0,0.0,0.0,0.0,0.0,0.0,0.0,0.0,0.0,61.6,75,13,65511,50,65476,0,300,0,0,8,20529,65476,0,0,26214,60.0,0.0,0.0,0.0,0.0,0.0
2026-05-17T18:03:10,ERR,ERR,ERR,ERR,ERR,ERR,ERR,ERR,ERR,ERR,ERR,ERR,ERR,ERR,ERR,ERR,ERR,ERR,ERR,ERR,ERR,ERR,ERR,ERR,ERR,ERR,ERR,ERR,ERR,ERR,ERR,ERR,ERR,ERR,ERR,ERR,ERR,ERR,ERR,ERR,ERR,ERR,ERR,ERR,ERR,ERR,ERR,ERR,ERR,ERR,ERR,ERR,ERR,ERR,ERR,ERR,ERR,ERR,ERR,ERR,ERR,ERR,ERR,ERR,ERR,ERR,ERR,ERR,ERR,ERR,ERR,ERR,ERR,ERR,ERR,ERR,ERR,ERR,ERR,ERR,ERR,ERR,ERR,ERR,ERR,ERR,ERR,ERR,ERR,ERR,ERR,ERR,ERR,ERR,ERR,ERR,ERR,ERR,ERR,ERR,ERR,ERR,ERR,ERR,ERR,ERR,ERR,ERR,ERR,ERR,ERR,ERR,ERR,ERR,ERR,ERR,ERR,ERR,ERR,ERR,ERR,ERR,ERR,ERR,ERR,-107615288.0,-0.0,-134474944.0,0.0,0.0,1.3936040501711995e+18,7.805,0.0,0,0,4,0,8422,0.0,45,0.0,0.0,0.0,0.0,0.0,0,0,0,0,0.0,0,0,0,0,0,0,0,0,0,0,0,0,0,0,0,0,0,0,0,0,0,0,0,0,0,0,0,0,0,0,0,0,0,38,14,7,45,65476,0,300,0,0,8,21553,0.0,-107605600.0,0.0,0.0,0.0,0.0,0.0,0.0,0.0,0.0,0.0,0.0,0.0,0.0,0.0,0.0,0.0,0.0,0.0,0.0,0.0,0.0,-2.004,-2.004,2.004,-2.004,0.0,0.0,0.0,0.0,5019.0,1.5879293531142762e+29,0.0,-107615288.0,-0.0,-107615280.0,0.0,0.0,0.0,0.0,0.0,53,-0.0,89220.562,0.0,0.0,0.0,0.0,0.0,0.0,0.0,0,0,0,0.0,0.0,0.0,0.0,0.0,0.0,0.0,0.0,0.0,0.0,0.0,0.0,0.0,0.0,0.0,0.0,0,-107875648.0,53,0.0,106,-107614832.0,-0.0,ERR,ERR,ERR,ERR,ERR,ERR,ERR,ERR,ERR,ERR,ERR,ERR,ERR,ERR,ERR,ERR,ERR,ERR,ERR,ERR,ERR,ERR,ERR,ERR,ERR,ERR,ERR,ERR,ERR,ERR,ERR,ERR,ERR,ERR,ERR,ERR,ERR,ERR,ERR,ERR,ERR,ERR,ERR,ERR,ERR,ERR,ERR,ERR,ERR,ERR,ERR,ERR,ERR,ERR,ERR,ERR,ERR,ERR,ERR,ERR,ERR,ERR,ERR,ERR,ERR,ERR,ERR,50.0,60.0,100,0.0,0.0,0.0,0.0,0.0,0.0,0.0,0.0,0.0,0.0,0.0,0.0,0.0,0.0,0.0,0.0,61.6,75,13,65511,50,65476,0,300,0,0,8,20529,65476,0,0,26214,60.0,0.0,0.0,0.0,0.0,0.0
2026-05-17T18:03:11,ERR,ERR,ERR,ERR,ERR,ERR,ERR,ERR,ERR,ERR,ERR,ERR,ERR,ERR,ERR,ERR,ERR,ERR,ERR,ERR,ERR,ERR,ERR,ERR,ERR,ERR,ERR,ERR,ERR,ERR,ERR,ERR,ERR,ERR,ERR,ERR,ERR,ERR,ERR,ERR,ERR,ERR,ERR,ERR,ERR,ERR,ERR,ERR,ERR,ERR,ERR,ERR,ERR,ERR,ERR,ERR,ERR,ERR,ERR,ERR,ERR,ERR,ERR,ERR,ERR,ERR,ERR,ERR,ERR,ERR,ERR,ERR,ERR,ERR,ERR,ERR,ERR,ERR,ERR,ERR,ERR,ERR,ERR,ERR,ERR,ERR,ERR,ERR,ERR,ERR,ERR,ERR,ERR,ERR,ERR,ERR,ERR,ERR,ERR,ERR,ERR,ERR,ERR,ERR,ERR,ERR,ERR,ERR,ERR,ERR,ERR,ERR,ERR,ERR,ERR,ERR,ERR,ERR,ERR,ERR,ERR,ERR,ERR,ERR,ERR,-107615288.0,-0.0,-134474944.0,0.0,0.0,1.3936040501711995e+18,7.805,0.0,0,0,4,0,8422,0.0,45,0.0,0.0,0.0,0.0,0.0,0,0,0,0,0.0,0,0,0,0,0,0,0,0,0,0,0,0,0,0,0,0,0,0,0,0,0,0,0,0,0,0,0,0,0,0,0,0,0,38,14,7,45,65476,0,300,0,0,8,21553,0.0,-107605600.0,0.0,0.0,0.0,0.0,0.0,0.0,0.0,0.0,0.0,0.0,0.0,0.0,0.0,0.0,0.0,0.0,0.0,0.0,0.0,0.0,-2.004,-2.004,2.004,-2.004,0.0,0.0,0.0,0.0,5019.0,1.5879293531142762e+29,0.0,-107615288.0,-0.0,-107615280.0,0.0,0.0,0.0,0.0,0.0,53,-0.0,89220.562,0.0,0.0,0.0,0.0,0.0,0.0,0.0,0,0,0,0.0,0.0,0.0,0.0,0.0,0.0,0.0,0.0,0.0,0.0,0.0,0.0,0.0,0.0,0.0,0.0,0,-107875648.0,53,0.0,106,-107614832.0,-0.0,ERR,ERR,ERR,ERR,ERR,ERR,ERR,ERR,ERR,ERR,ERR,ERR,ERR,ERR,ERR,ERR,ERR,ERR,ERR,ERR,ERR,ERR,ERR,ERR,ERR,ERR,ERR,ERR,ERR,ERR,ERR,ERR,ERR,ERR,ERR,ERR,ERR,ERR,ERR,ERR,ERR,ERR,ERR,ERR,ERR,ERR,ERR,ERR,ERR,ERR,ERR,ERR,ERR,ERR,ERR,ERR,ERR,ERR,ERR,ERR,ERR,ERR,ERR,ERR,ERR,ERR,ERR,50.0,60.0,100,0.0,0.0,0.0,0.0,0.0,0.0,0.0,0.0,0.0,0.0,0.0,0.0,0.0,0.0,0.0,0.0,61.6,75,13,65511,50,65476,0,300,0,0,8,20529,65476,0,0,26214,60.0,0.0,0.0,0.0,0.0,0.0
2026-05-17T18:03:12,ERR,ERR,ERR,ERR,ERR,ERR,ERR,ERR,ERR,ERR,ERR,ERR,ERR,ERR,ERR,ERR,ERR,ERR,ERR,ERR,ERR,ERR,ERR,ERR,ERR,ERR,ERR,ERR,ERR,ERR,ERR,ERR,ERR,ERR,ERR,ERR,ERR,ERR,ERR,ERR,ERR,ERR,ERR,ERR,ERR,ERR,ERR,ERR,ERR,ERR,ERR,ERR,ERR,ERR,ERR,ERR,ERR,ERR,ERR,ERR,ERR,ERR,ERR,ERR,ERR,ERR,ERR,ERR,ERR,ERR,ERR,ERR,ERR,ERR,ERR,ERR,ERR,ERR,ERR,ERR,ERR,ERR,ERR,ERR,ERR,ERR,ERR,ERR,ERR,ERR,ERR,ERR,ERR,ERR,ERR,ERR,ERR,ERR,ERR,ERR,ERR,ERR,ERR,ERR,ERR,ERR,ERR,ERR,ERR,ERR,ERR,ERR,ERR,ERR,ERR,ERR,ERR,ERR,ERR,ERR,ERR,ERR,ERR,ERR,ERR,-107615288.0,-0.0,-134474944.0,0.0,0.0,1.3936040501711995e+18,7.805,0.0,0,0,4,0,8422,0.0,45,0.0,0.0,0.0,0.0,0.0,0,0,0,0,0.0,0,0,0,0,0,0,0,0,0,0,0,0,0,0,0,0,0,0,0,0,0,0,0,0,0,0,0,0,0,0,0,0,0,38,14,7,45,65476,0,300,0,0,8,21553,0.0,-107605600.0,0.0,0.0,0.0,0.0,0.0,0.0,0.0,0.0,0.0,0.0,0.0,0.0,0.0,0.0,0.0,0.0,0.0,0.0,0.0,0.0,-2.004,-2.004,2.004,-2.004,0.0,0.0,0.0,0.0,5019.0,1.5879293531142762e+29,0.0,-107615288.0,-0.0,-107615280.0,0.0,0.0,0.0,0.0,0.0,53,-0.0,89220.562,0.0,0.0,0.0,0.0,0.0,0.0,0.0,0,0,0,0.0,0.0,0.0,0.0,0.0,0.0,0.0,0.0,0.0,0.0,0.0,0.0,0.0,0.0,0.0,0.0,0,-107875648.0,53,0.0,106,-107614832.0,-0.0,ERR,ERR,ERR,ERR,ERR,ERR,ERR,ERR,ERR,ERR,ERR,ERR,ERR,ERR,ERR,ERR,ERR,ERR,ERR,ERR,ERR,ERR,ERR,ERR,ERR,ERR,ERR,ERR,ERR,ERR,ERR,ERR,ERR,ERR,ERR,ERR,ERR,ERR,ERR,ERR,ERR,ERR,ERR,ERR,ERR,ERR,ERR,ERR,ERR,ERR,ERR,ERR,ERR,ERR,ERR,ERR,ERR,ERR,ERR,ERR,ERR,ERR,ERR,ERR,ERR,ERR,ERR,50.0,60.0,100,0.0,0.0,0.0,0.0,0.0,0.0,0.0,0.0,0.0,0.0,0.0,0.0,0.0,0.0,0.0,0.0,62.0,75,13,65511,50,65476,0,300,0,0,8,20529,65476,0,0,26214,60.0,0.0,0.0,0.0,0.0,0.0
2026-05-17T18:03:13,ERR,ERR,ERR,ERR,ERR,ERR,ERR,ERR,ERR,ERR,ERR,ERR,ERR,ERR,ERR,ERR,ERR,ERR,ERR,ERR,ERR,ERR,ERR,ERR,ERR,ERR,ERR,ERR,ERR,ERR,ERR,ERR,ERR,ERR,ERR,ERR,ERR,ERR,ERR,ERR,ERR,ERR,ERR,ERR,ERR,ERR,ERR,ERR,ERR,ERR,ERR,ERR,ERR,ERR,ERR,ERR,ERR,ERR,ERR,ERR,ERR,ERR,ERR,ERR,ERR,ERR,ERR,ERR,ERR,ERR,ERR,ERR,ERR,ERR,ERR,ERR,ERR,ERR,ERR,ERR,ERR,ERR,ERR,ERR,ERR,ERR,ERR,ERR,ERR,ERR,ERR,ERR,ERR,ERR,ERR,ERR,ERR,ERR,ERR,ERR,ERR,ERR,ERR,ERR,ERR,ERR,ERR,ERR,ERR,ERR,ERR,ERR,ERR,ERR,ERR,ERR,ERR,ERR,ERR,ERR,ERR,ERR,ERR,ERR,ERR,-107615288.0,-0.0,-134474944.0,0.0,0.0,1.3936040501711995e+18,7.805,0.0,0,0,4,0,8422,0.0,45,0.0,0.0,0.0,0.0,0.0,0,0,0,0,0.0,0,0,0,0,0,0,0,0,0,0,0,0,0,0,0,0,0,0,0,0,0,0,0,0,0,0,0,0,0,0,0,0,0,38,14,7,45,65476,0,300,0,0,8,21553,0.0,-107605600.0,0.0,0.0,0.0,0.0,0.0,0.0,0.0,0.0,0.0,0.0,0.0,0.0,0.0,0.0,0.0,0.0,0.0,0.0,0.0,0.0,-2.004,-2.004,2.004,-2.004,0.0,0.0,0.0,0.0,5019.0,1.5879293531142762e+29,0.0,-107615288.0,-0.0,-107615280.0,0.0,0.0,0.0,0.0,0.0,53,-0.0,89220.562,0.0,0.0,0.0,0.0,0.0,0.0,0.0,0,0,0,0.0,0.0,0.0,0.0,0.0,0.0,0.0,0.0,0.0,0.0,0.0,0.0,0.0,0.0,0.0,0.0,0,-107875648.0,53,0.0,106,-107614832.0,-0.0,ERR,ERR,ERR,ERR,ERR,ERR,ERR,ERR,ERR,ERR,ERR,ERR,ERR,ERR,ERR,ERR,ERR,ERR,ERR,ERR,ERR,ERR,ERR,ERR,ERR,ERR,ERR,ERR,ERR,ERR,ERR,ERR,ERR,ERR,ERR,ERR,ERR,ERR,ERR,ERR,ERR,ERR,ERR,ERR,ERR,ERR,ERR,ERR,ERR,ERR,ERR,ERR,ERR,ERR,ERR,ERR,ERR,ERR,ERR,ERR,ERR,ERR,ERR,ERR,ERR,ERR,ERR,50.0,60.0,100,0.0,0.0,0.0,0.0,0.0,0.0,0.0,0.0,0.0,0.0,0.0,0.0,0.0,0.0,0.0,0.0,62.0,75,13,65511,50,65476,0,300,0,0,8,20529,65476,0,0,26214,60.0,0.0,0.0,0.0,0.0,0.0
2026-05-17T18:03:14,ERR,ERR,ERR,ERR,ERR,ERR,ERR,ERR,ERR,ERR,ERR,ERR,ERR,ERR,ERR,ERR,ERR,ERR,ERR,ERR,ERR,ERR,ERR,ERR,ERR,ERR,ERR,ERR,ERR,ERR,ERR,ERR,ERR,ERR,ERR,ERR,ERR,ERR,ERR,ERR,ERR,ERR,ERR,ERR,ERR,ERR,ERR,ERR,ERR,ERR,ERR,ERR,ERR,ERR,ERR,ERR,ERR,ERR,ERR,ERR,ERR,ERR,ERR,ERR,ERR,ERR,ERR,ERR,ERR,ERR,ERR,ERR,ERR,ERR,ERR,ERR,ERR,ERR,ERR,ERR,ERR,ERR,ERR,ERR,ERR,ERR,ERR,ERR,ERR,ERR,ERR,ERR,ERR,ERR,ERR,ERR,ERR,ERR,ERR,ERR,ERR,ERR,ERR,ERR,ERR,ERR,ERR,ERR,ERR,ERR,ERR,ERR,ERR,ERR,ERR,ERR,ERR,ERR,ERR,ERR,ERR,ERR,ERR,ERR,ERR,-107615288.0,-0.0,-134474944.0,0.0,0.0,1.3936040501711995e+18,7.805,0.0,0,0,4,0,8422,0.0,45,0.0,0.0,0.0,0.0,0.0,0,0,0,0,0.0,0,0,0,0,0,0,0,0,0,0,0,0,0,0,0,0,0,0,0,0,0,0,0,0,0,0,0,0,0,0,0,0,0,38,14,7,45,65476,0,300,0,0,8,21553,0.0,-107605600.0,0.0,0.0,0.0,0.0,0.0,0.0,0.0,0.0,0.0,0.0,0.0,0.0,0.0,0.0,0.0,0.0,0.0,0.0,0.0,0.0,-2.004,-2.004,2.004,-2.004,0.0,0.0,0.0,0.0,5016.0,564145833377792.0,0.0,-107615288.0,-0.0,-0.0,0.0,0.0,0.0,0.0,0.0,53,-0.0,0.059,0.0,0.0,0.0,0.0,0.0,0.0,0.0,0,0,0,0.0,0.0,0.0,0.0,0.0,0.0,0.0,0.0,0.0,0.0,0.0,0.0,0.0,0.0,0.0,0.0,0,-107875648.0,53,0.0,106,-107614832.0,-0.0,ERR,ERR,ERR,ERR,ERR,ERR,ERR,ERR,ERR,ERR,ERR,ERR,ERR,ERR,ERR,ERR,ERR,ERR,ERR,ERR,ERR,ERR,ERR,ERR,ERR,ERR,ERR,ERR,ERR,ERR,ERR,ERR,ERR,ERR,ERR,ERR,ERR,ERR,ERR,ERR,ERR,ERR,ERR,ERR,ERR,ERR,ERR,ERR,ERR,ERR,ERR,ERR,ERR,ERR,ERR,ERR,ERR,ERR,ERR,ERR,ERR,ERR,ERR,ERR,ERR,ERR,ERR,50.0,60.0,100,0.0,0.0,0.0,0.0,0.0,0.0,0.0,0.0,0.0,0.0,0.0,0.0,0.0,0.0,0.0,0.0,61.6,75,13,65511,50,65476,0,300,0,0,8,20529,65476,0,0,26214,60.0,0.0,0.0,0.0,0.0,0.0
2026-05-17T18:03:15,ERR,ERR,ERR,ERR,ERR,ERR,ERR,ERR,ERR,ERR,ERR,ERR,ERR,ERR,ERR,ERR,ERR,ERR,ERR,ERR,ERR,ERR,ERR,ERR,ERR,ERR,ERR,ERR,ERR,ERR,ERR,ERR,ERR,ERR,ERR,ERR,ERR,ERR,ERR,ERR,ERR,ERR,ERR,ERR,ERR,ERR,ERR,ERR,ERR,ERR,ERR,ERR,ERR,ERR,ERR,ERR,ERR,ERR,ERR,ERR,ERR,ERR,ERR,ERR,ERR,ERR,ERR,ERR,ERR,ERR,ERR,ERR,ERR,ERR,ERR,ERR,ERR,ERR,ERR,ERR,ERR,ERR,ERR,ERR,ERR,ERR,ERR,ERR,ERR,ERR,ERR,ERR,ERR,ERR,ERR,ERR,ERR,ERR,ERR,ERR,ERR,ERR,ERR,ERR,ERR,ERR,ERR,ERR,ERR,ERR,ERR,ERR,ERR,ERR,ERR,ERR,ERR,ERR,ERR,ERR,ERR,ERR,ERR,ERR,ERR,-107615288.0,-0.0,-134474944.0,0.0,0.0,1.3936040501711995e+18,7.805,0.0,0,0,4,0,8422,0.0,45,0.0,0.0,0.0,0.0,0.0,0,0,0,0,0.0,0,0,0,0,0,0,0,0,0,0,0,0,0,0,0,0,0,0,0,0,0,0,0,0,0,0,0,0,0,0,0,0,0,38,14,7,45,65476,0,300,0,0,8,21553,0.0,-107605600.0,0.0,0.0,0.0,0.0,0.0,0.0,0.0,0.0,0.0,0.0,0.0,0.0,0.0,0.0,0.0,0.0,0.0,0.0,0.0,0.0,-2.004,-2.004,2.004,-2.004,0.0,0.0,0.0,0.0,5016.0,564145833377792.0,0.0,-107615288.0,-0.0,-0.0,0.0,0.0,0.0,0.0,0.0,53,-0.0,0.059,0.0,0.0,0.0,0.0,0.0,0.0,0.0,0,0,0,0.0,0.0,0.0,0.0,0.0,0.0,0.0,0.0,0.0,0.0,0.0,0.0,0.0,0.0,0.0,0.0,0,-107875648.0,53,0.0,106,-107614832.0,-0.0,ERR,ERR,ERR,ERR,ERR,ERR,ERR,ERR,ERR,ERR,ERR,ERR,ERR,ERR,ERR,ERR,ERR,ERR,ERR,ERR,ERR,ERR,ERR,ERR,ERR,ERR,ERR,ERR,ERR,ERR,ERR,ERR,ERR,ERR,ERR,ERR,ERR,ERR,ERR,ERR,ERR,ERR,ERR,ERR,ERR,ERR,ERR,ERR,ERR,ERR,ERR,ERR,ERR,ERR,ERR,ERR,ERR,ERR,ERR,ERR,ERR,ERR,ERR,ERR,ERR,ERR,ERR,50.0,60.0,100,0.0,0.0,0.0,0.0,0.0,0.0,0.0,0.0,0.0,0.0,0.0,0.0,0.0,0.0,0.0,0.0,61.6,75,13,65511,50,65476,0,300,0,0,8,20529,65476,0,0,26214,60.0,0.0,0.0,0.0,0.0,0.0
2026-05-17T18:03:16,ERR,ERR,ERR,ERR,ERR,ERR,ERR,ERR,ERR,ERR,ERR,ERR,ERR,ERR,ERR,ERR,ERR,ERR,ERR,ERR,ERR,ERR,ERR,ERR,ERR,ERR,ERR,ERR,ERR,ERR,ERR,ERR,ERR,ERR,ERR,ERR,ERR,ERR,ERR,ERR,ERR,ERR,ERR,ERR,ERR,ERR,ERR,ERR,ERR,ERR,ERR,ERR,ERR,ERR,ERR,ERR,ERR,ERR,ERR,ERR,ERR,ERR,ERR,ERR,ERR,ERR,ERR,ERR,ERR,ERR,ERR,ERR,ERR,ERR,ERR,ERR,ERR,ERR,ERR,ERR,ERR,ERR,ERR,ERR,ERR,ERR,ERR,ERR,ERR,ERR,ERR,ERR,ERR,ERR,ERR,ERR,ERR,ERR,ERR,ERR,ERR,ERR,ERR,ERR,ERR,ERR,ERR,ERR,ERR,ERR,ERR,ERR,ERR,ERR,ERR,ERR,ERR,ERR,ERR,ERR,ERR,ERR,ERR,ERR,ERR,-107615288.0,-0.0,-134474944.0,0.0,0.0,1.3936040501711995e+18,7.805,0.0,0,0,4,0,8422,0.0,45,0.0,0.0,0.0,0.0,0.0,0,0,0,0,0.0,0,0,0,0,0,0,0,0,0,0,0,0,0,0,0,0,0,0,0,0,0,0,0,0,0,0,0,0,0,0,0,0,0,38,14,7,45,65476,0,300,0,0,8,21553,0.0,-107605600.0,0.0,0.0,0.0,0.0,0.0,0.0,0.0,0.0,0.0,0.0,0.0,0.0,0.0,0.0,0.0,0.0,0.0,0.0,0.0,0.0,-2.004,-2.004,2.004,-2.004,0.0,0.0,0.0,0.0,5016.0,564145833377792.0,0.0,-107615288.0,-0.0,-0.0,0.0,0.0,0.0,0.0,0.0,53,-0.0,0.059,0.0,0.0,0.0,0.0,0.0,0.0,0.0,0,0,0,0.0,0.0,0.0,0.0,0.0,0.0,0.0,0.0,0.0,0.0,0.0,0.0,0.0,0.0,0.0,0.0,0,-107875648.0,53,0.0,106,-107614832.0,-0.0,ERR,ERR,ERR,ERR,ERR,ERR,ERR,ERR,ERR,ERR,ERR,ERR,ERR,ERR,ERR,ERR,ERR,ERR,ERR,ERR,ERR,ERR,ERR,ERR,ERR,ERR,ERR,ERR,ERR,ERR,ERR,ERR,ERR,ERR,ERR,ERR,ERR,ERR,ERR,ERR,ERR,ERR,ERR,ERR,ERR,ERR,ERR,ERR,ERR,ERR,ERR,ERR,ERR,ERR,ERR,ERR,ERR,ERR,ERR,ERR,ERR,ERR,ERR,ERR,ERR,ERR,ERR,50.0,60.0,100,0.0,0.0,0.0,0.0,0.0,0.0,0.0,0.0,0.0,0.0,0.0,0.0,0.0,0.0,0.0,0.0,62.0,75,13,65511,50,65476,0,300,0,0,8,20529,65476,0,0,26214,60.0,0.0,0.0,0.0,0.0,0.0
2026-05-17T18:03:17,ERR,ERR,ERR,ERR,ERR,ERR,ERR,ERR,ERR,ERR,ERR,ERR,ERR,ERR,ERR,ERR,ERR,ERR,ERR,ERR,ERR,ERR,ERR,ERR,ERR,ERR,ERR,ERR,ERR,ERR,ERR,ERR,ERR,ERR,ERR,ERR,ERR,ERR,ERR,ERR,ERR,ERR,ERR,ERR,ERR,ERR,ERR,ERR,ERR,ERR,ERR,ERR,ERR,ERR,ERR,ERR,ERR,ERR,ERR,ERR,ERR,ERR,ERR,ERR,ERR,ERR,ERR,ERR,ERR,ERR,ERR,ERR,ERR,ERR,ERR,ERR,ERR,ERR,ERR,ERR,ERR,ERR,ERR,ERR,ERR,ERR,ERR,ERR,ERR,ERR,ERR,ERR,ERR,ERR,ERR,ERR,ERR,ERR,ERR,ERR,ERR,ERR,ERR,ERR,ERR,ERR,ERR,ERR,ERR,ERR,ERR,ERR,ERR,ERR,ERR,ERR,ERR,ERR,ERR,ERR,ERR,ERR,ERR,ERR,ERR,-107615288.0,-0.0,-134474944.0,0.0,0.0,1.3936040501711995e+18,7.805,0.0,0,0,4,0,8422,0.0,45,0.0,0.0,0.0,0.0,0.0,0,0,0,0,0.0,0,0,0,0,0,0,0,0,0,0,0,0,0,0,0,0,0,0,0,0,0,0,0,0,0,0,0,0,0,0,0,0,0,38,14,7,45,65476,0,300,0,0,8,21553,0.0,-107605600.0,0.0,0.0,0.0,0.0,0.0,0.0,0.0,0.0,0.0,0.0,0.0,0.0,0.0,0.0,0.0,0.0,0.0,0.0,0.0,0.0,-2.004,-2.004,2.004,-2.004,0.0,0.0,0.0,0.0,5016.0,564145833377792.0,0.0,-107615288.0,-0.0,-0.0,0.0,0.0,0.0,0.0,0.0,53,-0.0,0.059,0.0,0.0,0.0,0.0,0.0,0.0,0.0,0,0,0,0.0,0.0,0.0,0.0,0.0,0.0,0.0,0.0,0.0,0.0,0.0,0.0,0.0,0.0,0.0,0.0,0,-107875648.0,53,0.0,106,-107614832.0,-0.0,ERR,ERR,ERR,ERR,ERR,ERR,ERR,ERR,ERR,ERR,ERR,ERR,ERR,ERR,ERR,ERR,ERR,ERR,ERR,ERR,ERR,ERR,ERR,ERR,ERR,ERR,ERR,ERR,ERR,ERR,ERR,ERR,ERR,ERR,ERR,ERR,ERR,ERR,ERR,ERR,ERR,ERR,ERR,ERR,ERR,ERR,ERR,ERR,ERR,ERR,ERR,ERR,ERR,ERR,ERR,ERR,ERR,ERR,ERR,ERR,ERR,ERR,ERR,ERR,ERR,ERR,ERR,50.0,60.0,100,0.0,0.0,0.0,0.0,0.0,0.0,0.0,0.0,0.0,0.0,0.0,0.0,0.0,0.0,0.0,0.0,62.0,75,13,65511,50,65476,0,300,0,0,8,20529,65476,0,0,26214,60.0,0.0,0.0,0.0,0.0,0.0
2026-05-17T18:03:18,ERR,ERR,ERR,ERR,ERR,ERR,ERR,ERR,ERR,ERR,ERR,ERR,ERR,ERR,ERR,ERR,ERR,ERR,ERR,ERR,ERR,ERR,ERR,ERR,ERR,ERR,ERR,ERR,ERR,ERR,ERR,ERR,ERR,ERR,ERR,ERR,ERR,ERR,ERR,ERR,ERR,ERR,ERR,ERR,ERR,ERR,ERR,ERR,ERR,ERR,ERR,ERR,ERR,ERR,ERR,ERR,ERR,ERR,ERR,ERR,ERR,ERR,ERR,ERR,ERR,ERR,ERR,ERR,ERR,ERR,ERR,ERR,ERR,ERR,ERR,ERR,ERR,ERR,ERR,ERR,ERR,ERR,ERR,ERR,ERR,ERR,ERR,ERR,ERR,ERR,ERR,ERR,ERR,ERR,ERR,ERR,ERR,ERR,ERR,ERR,ERR,ERR,ERR,ERR,ERR,ERR,ERR,ERR,ERR,ERR,ERR,ERR,ERR,ERR,ERR,ERR,ERR,ERR,ERR,ERR,ERR,ERR,ERR,ERR,ERR,-107615288.0,-0.0,-134474944.0,0.0,0.0,1.3936040501711995e+18,7.805,0.0,0,0,4,0,8422,0.0,45,0.0,0.0,0.0,0.0,0.0,0,0,0,0,0.0,0,0,0,0,0,0,0,0,0,0,0,0,0,0,0,0,0,0,0,0,0,0,0,0,0,0,0,0,0,0,0,0,0,38,14,7,45,65476,0,300,0,0,8,21553,0.0,-107605600.0,0.0,0.0,0.0,0.0,0.0,0.0,0.0,0.0,0.0,0.0,0.0,0.0,0.0,0.0,0.0,0.0,0.0,0.0,0.0,0.0,-2.004,-2.004,2.004,-2.004,0.0,0.0,0.0,0.0,5016.0,564145833377792.0,0.0,-107615288.0,-0.0,-0.0,0.0,0.0,0.0,0.0,0.0,53,-0.0,0.059,0.0,0.0,0.0,0.0,0.0,0.0,0.0,0,0,0,0.0,0.0,0.0,0.0,0.0,0.0,0.0,0.0,0.0,0.0,0.0,0.0,0.0,0.0,0.0,0.0,0,-107875648.0,53,0.0,106,-107614832.0,-0.0,ERR,ERR,ERR,ERR,ERR,ERR,ERR,ERR,ERR,ERR,ERR,ERR,ERR,ERR,ERR,ERR,ERR,ERR,ERR,ERR,ERR,ERR,ERR,ERR,ERR,ERR,ERR,ERR,ERR,ERR,ERR,ERR,ERR,ERR,ERR,ERR,ERR,ERR,ERR,ERR,ERR,ERR,ERR,ERR,ERR,ERR,ERR,ERR,ERR,ERR,ERR,ERR,ERR,ERR,ERR,ERR,ERR,ERR,ERR,ERR,ERR,ERR,ERR,ERR,ERR,ERR,ERR,50.0,60.0,100,0.0,0.0,0.0,0.0,0.0,0.0,0.0,0.0,0.0,0.0,0.0,0.0,0.0,0.0,0.0,0.0,62.0,75,13,65511,50,65476,0,300,0,0,8,20529,65476,0,0,26214,60.0,0.0,0.0,0.0,0.0,0.0
2026-05-17T18:03:19,ERR,ERR,ERR,ERR,ERR,ERR,ERR,ERR,ERR,ERR,ERR,ERR,ERR,ERR,ERR,ERR,ERR,ERR,ERR,ERR,ERR,ERR,ERR,ERR,ERR,ERR,ERR,ERR,ERR,ERR,ERR,ERR,ERR,ERR,ERR,ERR,ERR,ERR,ERR,ERR,ERR,ERR,ERR,ERR,ERR,ERR,ERR,ERR,ERR,ERR,ERR,ERR,ERR,ERR,ERR,ERR,ERR,ERR,ERR,ERR,ERR,ERR,ERR,ERR,ERR,ERR,ERR,ERR,ERR,ERR,ERR,ERR,ERR,ERR,ERR,ERR,ERR,ERR,ERR,ERR,ERR,ERR,ERR,ERR,ERR,ERR,ERR,ERR,ERR,ERR,ERR,ERR,ERR,ERR,ERR,ERR,ERR,ERR,ERR,ERR,ERR,ERR,ERR,ERR,ERR,ERR,ERR,ERR,ERR,ERR,ERR,ERR,ERR,ERR,ERR,ERR,ERR,ERR,ERR,ERR,ERR,ERR,ERR,ERR,ERR,-107615288.0,-0.0,-134474944.0,0.0,0.0,1.3936040501711995e+18,7.805,0.0,0,0,4,0,8422,0.0,45,0.0,0.0,0.0,0.0,0.0,0,0,0,0,0.0,0,0,0,0,0,0,0,0,0,0,0,0,0,0,0,0,0,0,0,0,0,0,0,0,0,0,0,0,0,0,0,0,0,38,14,7,45,65476,0,300,0,0,8,21553,0.0,-107605600.0,0.0,0.0,0.0,0.0,0.0,0.0,0.0,0.0,0.0,0.0,0.0,0.0,0.0,0.0,0.0,0.0,0.0,0.0,0.0,0.0,-2.004,-2.004,2.004,-2.004,0.0,0.0,0.0,0.0,5016.0,-0.0,0.0,-107615288.0,-0.0,-0.0,0.0,0.0,0.0,0.0,0.0,53,-0.0,-0.0,0.0,0.0,0.0,0.0,0.0,0.0,0.0,0,0,0,0.0,0.0,0.0,0.0,0.0,0.0,0.0,0.0,0.0,0.0,0.0,0.0,0.0,0.0,0.0,0.0,0,-107875648.0,53,0.0,106,-107614832.0,-0.0,ERR,ERR,ERR,ERR,ERR,ERR,ERR,ERR,ERR,ERR,ERR,ERR,ERR,ERR,ERR,ERR,ERR,ERR,ERR,ERR,ERR,ERR,ERR,ERR,ERR,ERR,ERR,ERR,ERR,ERR,ERR,ERR,ERR,ERR,ERR,ERR,ERR,ERR,ERR,ERR,ERR,ERR,ERR,ERR,ERR,ERR,ERR,ERR,ERR,ERR,ERR,ERR,ERR,ERR,ERR,ERR,ERR,ERR,ERR,ERR,ERR,ERR,ERR,ERR,ERR,ERR,ERR,50.0,60.0,100,0.0,0.0,0.0,0.0,0.0,0.0,0.0,0.0,0.0,0.0,0.0,0.0,0.0,0.0,0.0,0.0,61.6,75,13,65511,50,65476,0,300,0,0,8,20529,65476,0,0,26214,60.0,0.0,0.0,0.0,0.0,0.0
2026-05-17T18:03:20,ERR,ERR,ERR,ERR,ERR,ERR,ERR,ERR,ERR,ERR,ERR,ERR,ERR,ERR,ERR,ERR,ERR,ERR,ERR,ERR,ERR,ERR,ERR,ERR,ERR,ERR,ERR,ERR,ERR,ERR,ERR,ERR,ERR,ERR,ERR,ERR,ERR,ERR,ERR,ERR,ERR,ERR,ERR,ERR,ERR,ERR,ERR,ERR,ERR,ERR,ERR,ERR,ERR,ERR,ERR,ERR,ERR,ERR,ERR,ERR,ERR,ERR,ERR,ERR,ERR,ERR,ERR,ERR,ERR,ERR,ERR,ERR,ERR,ERR,ERR,ERR,ERR,ERR,ERR,ERR,ERR,ERR,ERR,ERR,ERR,ERR,ERR,ERR,ERR,ERR,ERR,ERR,ERR,ERR,ERR,ERR,ERR,ERR,ERR,ERR,ERR,ERR,ERR,ERR,ERR,ERR,ERR,ERR,ERR,ERR,ERR,ERR,ERR,ERR,ERR,ERR,ERR,ERR,ERR,ERR,ERR,ERR,ERR,ERR,ERR,-107615288.0,-0.0,-134474944.0,0.0,0.0,1.3936040501711995e+18,7.805,0.0,0,0,4,0,8422,0.0,45,0.0,0.0,0.0,0.0,0.0,0,0,0,0,0.0,0,0,0,0,0,0,0,0,0,0,0,0,0,0,0,0,0,0,0,0,0,0,0,0,0,0,0,0,0,0,0,0,0,38,14,7,45,65476,0,300,0,0,8,21553,0.0,-107605600.0,0.0,0.0,0.0,0.0,0.0,0.0,0.0,0.0,0.0,0.0,0.0,0.0,0.0,0.0,0.0,0.0,0.0,0.0,0.0,0.0,-2.004,-2.004,2.004,-2.004,0.0,0.0,0.0,0.0,5016.0,-0.0,0.0,-107615288.0,-0.0,-0.0,0.0,0.0,0.0,0.0,0.0,53,-0.0,-0.0,0.0,0.0,0.0,0.0,0.0,0.0,0.0,0,0,0,0.0,0.0,0.0,0.0,0.0,0.0,0.0,0.0,0.0,0.0,0.0,0.0,0.0,0.0,0.0,0.0,0,-107875648.0,53,0.0,106,-107614832.0,-0.0,ERR,ERR,ERR,ERR,ERR,ERR,ERR,ERR,ERR,ERR,ERR,ERR,ERR,ERR,ERR,ERR,ERR,ERR,ERR,ERR,ERR,ERR,ERR,ERR,ERR,ERR,ERR,ERR,ERR,ERR,ERR,ERR,ERR,ERR,ERR,ERR,ERR,ERR,ERR,ERR,ERR,ERR,ERR,ERR,ERR,ERR,ERR,ERR,ERR,ERR,ERR,ERR,ERR,ERR,ERR,ERR,ERR,ERR,ERR,ERR,ERR,ERR,ERR,ERR,ERR,ERR,ERR,50.0,60.0,100,0.0,0.0,0.0,0.0,0.0,0.0,0.0,0.0,0.0,0.0,0.0,0.0,0.0,0.0,0.0,0.0,61.6,75,13,65511,50,65476,0,300,0,0,8,20529,65476,0,0,26214,60.0,0.0,0.0,0.0,0.0,0.0
2026-05-17T18:03:21,ERR,ERR,ERR,ERR,ERR,ERR,ERR,ERR,ERR,ERR,ERR,ERR,ERR,ERR,ERR,ERR,ERR,ERR,ERR,ERR,ERR,ERR,ERR,ERR,ERR,ERR,ERR,ERR,ERR,ERR,ERR,ERR,ERR,ERR,ERR,ERR,ERR,ERR,ERR,ERR,ERR,ERR,ERR,ERR,ERR,ERR,ERR,ERR,ERR,ERR,ERR,ERR,ERR,ERR,ERR,ERR,ERR,ERR,ERR,ERR,ERR,ERR,ERR,ERR,ERR,ERR,ERR,ERR,ERR,ERR,ERR,ERR,ERR,ERR,ERR,ERR,ERR,ERR,ERR,ERR,ERR,ERR,ERR,ERR,ERR,ERR,ERR,ERR,ERR,ERR,ERR,ERR,ERR,ERR,ERR,ERR,ERR,ERR,ERR,ERR,ERR,ERR,ERR,ERR,ERR,ERR,ERR,ERR,ERR,ERR,ERR,ERR,ERR,ERR,ERR,ERR,ERR,ERR,ERR,ERR,ERR,ERR,ERR,ERR,ERR,-107615288.0,-0.0,-134474944.0,0.0,0.0,1.3936040501711995e+18,7.805,0.0,0,0,4,0,8422,0.0,45,0.0,0.0,0.0,0.0,0.0,0,0,0,0,0.0,0,0,0,0,0,0,0,0,0,0,0,0,0,0,0,0,0,0,0,0,0,0,0,0,0,0,0,0,0,0,0,0,0,38,14,7,45,65476,0,300,0,0,8,21553,0.0,-107605600.0,0.0,0.0,0.0,0.0,0.0,0.0,0.0,0.0,0.0,0.0,0.0,0.0,0.0,0.0,0.0,0.0,0.0,0.0,0.0,0.0,-2.004,-2.004,2.004,-2.004,0.0,0.0,0.0,0.0,5016.0,-0.0,0.0,-107615288.0,-0.0,-0.0,0.0,0.0,0.0,0.0,0.0,53,-0.0,-0.0,0.0,0.0,0.0,0.0,0.0,0.0,0.0,0,0,0,0.0,0.0,0.0,0.0,0.0,0.0,0.0,0.0,0.0,0.0,0.0,0.0,0.0,0.0,0.0,0.0,0,-107875648.0,53,0.0,106,-107614832.0,-0.0,ERR,ERR,ERR,ERR,ERR,ERR,ERR,ERR,ERR,ERR,ERR,ERR,ERR,ERR,ERR,ERR,ERR,ERR,ERR,ERR,ERR,ERR,ERR,ERR,ERR,ERR,ERR,ERR,ERR,ERR,ERR,ERR,ERR,ERR,ERR,ERR,ERR,ERR,ERR,ERR,ERR,ERR,ERR,ERR,ERR,ERR,ERR,ERR,ERR,ERR,ERR,ERR,ERR,ERR,ERR,ERR,ERR,ERR,ERR,ERR,ERR,ERR,ERR,ERR,ERR,ERR,ERR,50.0,60.0,100,0.0,0.0,0.0,0.0,0.0,0.0,0.0,0.0,0.0,0.0,0.0,0.0,0.0,0.0,0.0,0.0,62.0,75,13,65511,50,65476,0,300,0,0,8,20529,65476,0,0,26214,60.0,0.0,0.0,0.0,0.0,0.0
2026-05-17T18:03:22,ERR,ERR,ERR,ERR,ERR,ERR,ERR,ERR,ERR,ERR,ERR,ERR,ERR,ERR,ERR,ERR,ERR,ERR,ERR,ERR,ERR,ERR,ERR,ERR,ERR,ERR,ERR,ERR,ERR,ERR,ERR,ERR,ERR,ERR,ERR,ERR,ERR,ERR,ERR,ERR,ERR,ERR,ERR,ERR,ERR,ERR,ERR,ERR,ERR,ERR,ERR,ERR,ERR,ERR,ERR,ERR,ERR,ERR,ERR,ERR,ERR,ERR,ERR,ERR,ERR,ERR,ERR,ERR,ERR,ERR,ERR,ERR,ERR,ERR,ERR,ERR,ERR,ERR,ERR,ERR,ERR,ERR,ERR,ERR,ERR,ERR,ERR,ERR,ERR,ERR,ERR,ERR,ERR,ERR,ERR,ERR,ERR,ERR,ERR,ERR,ERR,ERR,ERR,ERR,ERR,ERR,ERR,ERR,ERR,ERR,ERR,ERR,ERR,ERR,ERR,ERR,ERR,ERR,ERR,ERR,ERR,ERR,ERR,ERR,ERR,-107615288.0,-0.0,-134474944.0,0.0,0.0,1.3936040501711995e+18,7.805,0.0,0,0,4,0,8422,0.0,45,0.0,0.0,0.0,0.0,0.0,0,0,0,0,0.0,0,0,0,0,0,0,0,0,0,0,0,0,0,0,0,0,0,0,0,0,0,0,0,0,0,0,0,0,0,0,0,0,0,38,14,7,45,65476,0,300,0,0,8,21553,0.0,-107605600.0,0.0,0.0,0.0,0.0,0.0,0.0,0.0,0.0,0.0,0.0,0.0,0.0,0.0,0.0,0.0,0.0,0.0,0.0,0.0,0.0,-2.004,-2.004,2.004,-2.004,0.0,0.0,0.0,0.0,5016.0,-0.0,0.0,-107615288.0,-0.0,-0.0,0.0,0.0,0.0,0.0,0.0,53,-0.0,-0.0,0.0,0.0,0.0,0.0,0.0,0.0,0.0,0,0,0,0.0,0.0,0.0,0.0,0.0,0.0,0.0,0.0,0.0,0.0,0.0,0.0,0.0,0.0,0.0,0.0,0,-107875648.0,53,0.0,106,-107614832.0,-0.0,ERR,ERR,ERR,ERR,ERR,ERR,ERR,ERR,ERR,ERR,ERR,ERR,ERR,ERR,ERR,ERR,ERR,ERR,ERR,ERR,ERR,ERR,ERR,ERR,ERR,ERR,ERR,ERR,ERR,ERR,ERR,ERR,ERR,ERR,ERR,ERR,ERR,ERR,ERR,ERR,ERR,ERR,ERR,ERR,ERR,ERR,ERR,ERR,ERR,ERR,ERR,ERR,ERR,ERR,ERR,ERR,ERR,ERR,ERR,ERR,ERR,ERR,ERR,ERR,ERR,ERR,ERR,50.0,60.0,100,0.0,0.0,0.0,0.0,0.0,0.0,0.0,0.0,0.0,0.0,0.0,0.0,0.0,0.0,0.0,0.0,62.0,75,13,65511,50,65476,0,300,0,0,8,20529,65476,0,0,26214,60.0,0.0,0.0,0.0,0.0,0.0
2026-05-17T18:03:23,ERR,ERR,ERR,ERR,ERR,ERR,ERR,ERR,ERR,ERR,ERR,ERR,ERR,ERR,ERR,ERR,ERR,ERR,ERR,ERR,ERR,ERR,ERR,ERR,ERR,ERR,ERR,ERR,ERR,ERR,ERR,ERR,ERR,ERR,ERR,ERR,ERR,ERR,ERR,ERR,ERR,ERR,ERR,ERR,ERR,ERR,ERR,ERR,ERR,ERR,ERR,ERR,ERR,ERR,ERR,ERR,ERR,ERR,ERR,ERR,ERR,ERR,ERR,ERR,ERR,ERR,ERR,ERR,ERR,ERR,ERR,ERR,ERR,ERR,ERR,ERR,ERR,ERR,ERR,ERR,ERR,ERR,ERR,ERR,ERR,ERR,ERR,ERR,ERR,ERR,ERR,ERR,ERR,ERR,ERR,ERR,ERR,ERR,ERR,ERR,ERR,ERR,ERR,ERR,ERR,ERR,ERR,ERR,ERR,ERR,ERR,ERR,ERR,ERR,ERR,ERR,ERR,ERR,ERR,ERR,ERR,ERR,ERR,ERR,ERR,-107615288.0,-0.0,-134474944.0,0.0,0.0,1.3936040501711995e+18,7.805,0.0,0,0,4,0,8422,0.0,45,0.0,0.0,0.0,0.0,0.0,0,0,0,0,0.0,0,0,0,0,0,0,0,0,0,0,0,0,0,0,0,0,0,0,0,0,0,0,0,0,0,0,0,0,0,0,0,0,0,38,14,7,45,65476,0,300,0,0,8,21553,0.0,-107605600.0,0.0,0.0,0.0,0.0,0.0,0.0,0.0,0.0,0.0,0.0,0.0,0.0,0.0,0.0,0.0,0.0,0.0,0.0,0.0,0.0,-2.004,-2.004,2.004,-2.004,0.0,0.0,0.0,0.0,5016.0,-0.0,0.0,-107615288.0,-0.0,-0.0,0.0,0.0,0.0,0.0,0.0,53,-0.0,-0.0,0.0,0.0,0.0,0.0,0.0,0.0,0.0,0,0,0,0.0,0.0,0.0,0.0,0.0,0.0,0.0,0.0,0.0,0.0,0.0,0.0,0.0,0.0,0.0,0.0,0,-107875648.0,53,0.0,106,-107614832.0,-0.0,ERR,ERR,ERR,ERR,ERR,ERR,ERR,ERR,ERR,ERR,ERR,ERR,ERR,ERR,ERR,ERR,ERR,ERR,ERR,ERR,ERR,ERR,ERR,ERR,ERR,ERR,ERR,ERR,ERR,ERR,ERR,ERR,ERR,ERR,ERR,ERR,ERR,ERR,ERR,ERR,ERR,ERR,ERR,ERR,ERR,ERR,ERR,ERR,ERR,ERR,ERR,ERR,ERR,ERR,ERR,ERR,ERR,ERR,ERR,ERR,ERR,ERR,ERR,ERR,ERR,ERR,ERR,50.0,60.0,100,0.0,0.0,0.0,0.0,0.0,0.0,0.0,0.0,0.0,0.0,0.0,0.0,0.0,0.0,0.0,0.0,62.0,75,13,65511,50,65476,0,300,0,0,8,20529,65476,0,0,26214,60.0,0.0,0.0,0.0,0.0,0.0
2026-05-17T18:03:24,ERR,ERR,ERR,ERR,ERR,ERR,ERR,ERR,ERR,ERR,ERR,ERR,ERR,ERR,ERR,ERR,ERR,ERR,ERR,ERR,ERR,ERR,ERR,ERR,ERR,ERR,ERR,ERR,ERR,ERR,ERR,ERR,ERR,ERR,ERR,ERR,ERR,ERR,ERR,ERR,ERR,ERR,ERR,ERR,ERR,ERR,ERR,ERR,ERR,ERR,ERR,ERR,ERR,ERR,ERR,ERR,ERR,ERR,ERR,ERR,ERR,ERR,ERR,ERR,ERR,ERR,ERR,ERR,ERR,ERR,ERR,ERR,ERR,ERR,ERR,ERR,ERR,ERR,ERR,ERR,ERR,ERR,ERR,ERR,ERR,ERR,ERR,ERR,ERR,ERR,ERR,ERR,ERR,ERR,ERR,ERR,ERR,ERR,ERR,ERR,ERR,ERR,ERR,ERR,ERR,ERR,ERR,ERR,ERR,ERR,ERR,ERR,ERR,ERR,ERR,ERR,ERR,ERR,ERR,ERR,ERR,ERR,ERR,ERR,ERR,-107615288.0,-0.0,-134474944.0,0.0,0.0,1.3936040501711995e+18,7.805,0.0,0,0,4,0,8422,0.0,45,0.0,0.0,0.0,0.0,0.0,0,0,0,0,0.0,0,0,0,0,0,0,0,0,0,0,0,0,0,0,0,0,0,0,0,0,0,0,0,0,0,0,0,0,0,0,0,0,0,38,14,7,45,65476,0,300,0,0,8,21553,0.0,-107605600.0,0.0,0.0,0.0,0.0,0.0,0.0,0.0,0.0,0.0,0.0,0.0,0.0,0.0,0.0,0.0,0.0,0.0,0.0,0.0,0.0,-2.004,-2.004,2.004,-2.004,0.0,0.0,0.0,0.0,5018.0,-1.5879293531142762e+29,0.0,-107615288.0,-107615296.0,-0.0,0.0,0.0,0.0,0.0,0.0,53,-0.0,-2.3088280513417105e+20,0.0,0.0,0.0,0.0,0.0,0.0,0.0,0,0,0,0.0,0.0,0.0,0.0,0.0,0.0,0.0,0.0,0.0,0.0,0.0,0.0,0.0,0.0,0.0,0.0,0,-107875648.0,53,0.0,106,-107614832.0,-0.0,ERR,ERR,ERR,ERR,ERR,ERR,ERR,ERR,ERR,ERR,ERR,ERR,ERR,ERR,ERR,ERR,ERR,ERR,ERR,ERR,ERR,ERR,ERR,ERR,ERR,ERR,ERR,ERR,ERR,ERR,ERR,ERR,ERR,ERR,ERR,ERR,ERR,ERR,ERR,ERR,ERR,ERR,ERR,ERR,ERR,ERR,ERR,ERR,ERR,ERR,ERR,ERR,ERR,ERR,ERR,ERR,ERR,ERR,ERR,ERR,ERR,ERR,ERR,ERR,ERR,ERR,ERR,50.0,60.0,100,0.0,0.0,0.0,0.0,0.0,0.0,0.0,0.0,0.0,0.0,0.0,0.0,0.0,0.0,0.0,0.0,62.0,75,13,65511,50,65476,0,300,0,0,8,20529,65476,0,0,26214,60.0,0.0,0.0,0.0,0.0,0.0
2026-05-17T18:03:25,ERR,ERR,ERR,ERR,ERR,ERR,ERR,ERR,ERR,ERR,ERR,ERR,ERR,ERR,ERR,ERR,ERR,ERR,ERR,ERR,ERR,ERR,ERR,ERR,ERR,ERR,ERR,ERR,ERR,ERR,ERR,ERR,ERR,ERR,ERR,ERR,ERR,ERR,ERR,ERR,ERR,ERR,ERR,ERR,ERR,ERR,ERR,ERR,ERR,ERR,ERR,ERR,ERR,ERR,ERR,ERR,ERR,ERR,ERR,ERR,ERR,ERR,ERR,ERR,ERR,ERR,ERR,ERR,ERR,ERR,ERR,ERR,ERR,ERR,ERR,ERR,ERR,ERR,ERR,ERR,ERR,ERR,ERR,ERR,ERR,ERR,ERR,ERR,ERR,ERR,ERR,ERR,ERR,ERR,ERR,ERR,ERR,ERR,ERR,ERR,ERR,ERR,ERR,ERR,ERR,ERR,ERR,ERR,ERR,ERR,ERR,ERR,ERR,ERR,ERR,ERR,ERR,ERR,ERR,ERR,ERR,ERR,ERR,ERR,ERR,-107615288.0,-0.0,-134474944.0,0.0,0.0,1.3936040501711995e+18,7.805,0.0,0,0,4,0,8422,0.0,45,0.0,0.0,0.0,0.0,0.0,0,0,0,0,0.0,0,0,0,0,0,0,0,0,0,0,0,0,0,0,0,0,0,0,0,0,0,0,0,0,0,0,0,0,0,0,0,0,0,38,14,7,45,65476,0,300,0,0,8,21553,0.0,-107605600.0,0.0,0.0,0.0,0.0,0.0,0.0,0.0,0.0,0.0,0.0,0.0,0.0,0.0,0.0,0.0,0.0,0.0,0.0,0.0,0.0,-2.004,-2.004,2.004,-2.004,0.0,0.0,0.0,0.0,5018.0,-1.5879293531142762e+29,0.0,-107615288.0,-107615296.0,-0.0,0.0,0.0,0.0,0.0,0.0,53,-0.0,-2.3088280513417105e+20,0.0,0.0,0.0,0.0,0.0,0.0,0.0,0,0,0,0.0,0.0,0.0,0.0,0.0,0.0,0.0,0.0,0.0,0.0,0.0,0.0,0.0,0.0,0.0,0.0,0,-107875648.0,53,0.0,106,-107614832.0,-0.0,ERR,ERR,ERR,ERR,ERR,ERR,ERR,ERR,ERR,ERR,ERR,ERR,ERR,ERR,ERR,ERR,ERR,ERR,ERR,ERR,ERR,ERR,ERR,ERR,ERR,ERR,ERR,ERR,ERR,ERR,ERR,ERR,ERR,ERR,ERR,ERR,ERR,ERR,ERR,ERR,ERR,ERR,ERR,ERR,ERR,ERR,ERR,ERR,ERR,ERR,ERR,ERR,ERR,ERR,ERR,ERR,ERR,ERR,ERR,ERR,ERR,ERR,ERR,ERR,ERR,ERR,ERR,50.0,60.0,100,0.0,0.0,0.0,0.0,0.0,0.0,0.0,0.0,0.0,0.0,0.0,0.0,0.0,0.0,0.0,0.0,61.6,75,13,65511,50,65476,0,300,0,0,8,20529,65476,0,0,26214,60.0,0.0,0.0,0.0,0.0,0.0
2026-05-17T18:03:26,ERR,ERR,ERR,ERR,ERR,ERR,ERR,ERR,ERR,ERR,ERR,ERR,ERR,ERR,ERR,ERR,ERR,ERR,ERR,ERR,ERR,ERR,ERR,ERR,ERR,ERR,ERR,ERR,ERR,ERR,ERR,ERR,ERR,ERR,ERR,ERR,ERR,ERR,ERR,ERR,ERR,ERR,ERR,ERR,ERR,ERR,ERR,ERR,ERR,ERR,ERR,ERR,ERR,ERR,ERR,ERR,ERR,ERR,ERR,ERR,ERR,ERR,ERR,ERR,ERR,ERR,ERR,ERR,ERR,ERR,ERR,ERR,ERR,ERR,ERR,ERR,ERR,ERR,ERR,ERR,ERR,ERR,ERR,ERR,ERR,ERR,ERR,ERR,ERR,ERR,ERR,ERR,ERR,ERR,ERR,ERR,ERR,ERR,ERR,ERR,ERR,ERR,ERR,ERR,ERR,ERR,ERR,ERR,ERR,ERR,ERR,ERR,ERR,ERR,ERR,ERR,ERR,ERR,ERR,ERR,ERR,ERR,ERR,ERR,ERR,-107615288.0,-0.0,-134474944.0,0.0,0.0,1.3936040501711995e+18,7.805,0.0,0,0,4,0,8422,0.0,45,0.0,0.0,0.0,0.0,0.0,0,0,0,0,0.0,0,0,0,0,0,0,0,0,0,0,0,0,0,0,0,0,0,0,0,0,0,0,0,0,0,0,0,0,0,0,0,0,0,38,14,7,45,65476,0,300,0,0,8,21553,0.0,-107605600.0,0.0,0.0,0.0,0.0,0.0,0.0,0.0,0.0,0.0,0.0,0.0,0.0,0.0,0.0,0.0,0.0,0.0,0.0,0.0,0.0,-2.004,-2.004,2.004,-2.004,0.0,0.0,0.0,0.0,5018.0,-1.5879293531142762e+29,0.0,-107615288.0,-107615296.0,-0.0,0.0,0.0,0.0,0.0,0.0,53,-0.0,-2.3088280513417105e+20,0.0,0.0,0.0,0.0,0.0,0.0,0.0,0,0,0,0.0,0.0,0.0,0.0,0.0,0.0,0.0,0.0,0.0,0.0,0.0,0.0,0.0,0.0,0.0,0.0,0,-107875648.0,53,0.0,106,-107614832.0,-0.0,ERR,ERR,ERR,ERR,ERR,ERR,ERR,ERR,ERR,ERR,ERR,ERR,ERR,ERR,ERR,ERR,ERR,ERR,ERR,ERR,ERR,ERR,ERR,ERR,ERR,ERR,ERR,ERR,ERR,ERR,ERR,ERR,ERR,ERR,ERR,ERR,ERR,ERR,ERR,ERR,ERR,ERR,ERR,ERR,ERR,ERR,ERR,ERR,ERR,ERR,ERR,ERR,ERR,ERR,ERR,ERR,ERR,ERR,ERR,ERR,ERR,ERR,ERR,ERR,ERR,ERR,ERR,50.0,60.0,100,0.0,0.0,0.0,0.0,0.0,0.0,0.0,0.0,0.0,0.0,0.0,0.0,0.0,0.0,0.0,0.0,62.0,75,13,65511,50,65476,0,300,0,0,8,20529,65476,0,0,26214,60.0,0.0,0.0,0.0,0.0,0.0
2026-05-17T18:03:27,ERR,ERR,ERR,ERR,ERR,ERR,ERR,ERR,ERR,ERR,ERR,ERR,ERR,ERR,ERR,ERR,ERR,ERR,ERR,ERR,ERR,ERR,ERR,ERR,ERR,ERR,ERR,ERR,ERR,ERR,ERR,ERR,ERR,ERR,ERR,ERR,ERR,ERR,ERR,ERR,ERR,ERR,ERR,ERR,ERR,ERR,ERR,ERR,ERR,ERR,ERR,ERR,ERR,ERR,ERR,ERR,ERR,ERR,ERR,ERR,ERR,ERR,ERR,ERR,ERR,ERR,ERR,ERR,ERR,ERR,ERR,ERR,ERR,ERR,ERR,ERR,ERR,ERR,ERR,ERR,ERR,ERR,ERR,ERR,ERR,ERR,ERR,ERR,ERR,ERR,ERR,ERR,ERR,ERR,ERR,ERR,ERR,ERR,ERR,ERR,ERR,ERR,ERR,ERR,ERR,ERR,ERR,ERR,ERR,ERR,ERR,ERR,ERR,ERR,ERR,ERR,ERR,ERR,ERR,ERR,ERR,ERR,ERR,ERR,ERR,-107615288.0,-0.0,-134474944.0,0.0,0.0,1.3936040501711995e+18,7.805,0.0,0,0,4,0,8422,0.0,45,0.0,0.0,0.0,0.0,0.0,0,0,0,0,0.0,0,0,0,0,0,0,0,0,0,0,0,0,0,0,0,0,0,0,0,0,0,0,0,0,0,0,0,0,0,0,0,0,0,38,14,7,45,65476,0,300,0,0,8,21553,0.0,-107605600.0,0.0,0.0,0.0,0.0,0.0,0.0,0.0,0.0,0.0,0.0,0.0,0.0,0.0,0.0,0.0,0.0,0.0,0.0,0.0,0.0,-2.004,-2.004,2.004,-2.004,0.0,0.0,0.0,0.0,5018.0,-1.5879293531142762e+29,0.0,-107615288.0,-107615296.0,-0.0,0.0,0.0,0.0,0.0,0.0,53,-0.0,-2.3088280513417105e+20,0.0,0.0,0.0,0.0,0.0,0.0,0.0,0,0,0,0.0,0.0,0.0,0.0,0.0,0.0,0.0,0.0,0.0,0.0,0.0,0.0,0.0,0.0,0.0,0.0,0,-107875648.0,53,0.0,106,-107614832.0,-0.0,ERR,ERR,ERR,ERR,ERR,ERR,ERR,ERR,ERR,ERR,ERR,ERR,ERR,ERR,ERR,ERR,ERR,ERR,ERR,ERR,ERR,ERR,ERR,ERR,ERR,ERR,ERR,ERR,ERR,ERR,ERR,ERR,ERR,ERR,ERR,ERR,ERR,ERR,ERR,ERR,ERR,ERR,ERR,ERR,ERR,ERR,ERR,ERR,ERR,ERR,ERR,ERR,ERR,ERR,ERR,ERR,ERR,ERR,ERR,ERR,ERR,ERR,ERR,ERR,ERR,ERR,ERR,50.0,60.0,100,0.0,0.0,0.0,0.0,0.0,0.0,0.0,0.0,0.0,0.0,0.0,0.0,0.0,0.0,0.0,0.0,62.0,75,13,65511,50,65476,0,300,0,0,8,20529,65476,0,0,26214,60.0,0.0,0.0,0.0,0.0,0.0
2026-05-17T18:03:28,ERR,ERR,ERR,ERR,ERR,ERR,ERR,ERR,ERR,ERR,ERR,ERR,ERR,ERR,ERR,ERR,ERR,ERR,ERR,ERR,ERR,ERR,ERR,ERR,ERR,ERR,ERR,ERR,ERR,ERR,ERR,ERR,ERR,ERR,ERR,ERR,ERR,ERR,ERR,ERR,ERR,ERR,ERR,ERR,ERR,ERR,ERR,ERR,ERR,ERR,ERR,ERR,ERR,ERR,ERR,ERR,ERR,ERR,ERR,ERR,ERR,ERR,ERR,ERR,ERR,ERR,ERR,ERR,ERR,ERR,ERR,ERR,ERR,ERR,ERR,ERR,ERR,ERR,ERR,ERR,ERR,ERR,ERR,ERR,ERR,ERR,ERR,ERR,ERR,ERR,ERR,ERR,ERR,ERR,ERR,ERR,ERR,ERR,ERR,ERR,ERR,ERR,ERR,ERR,ERR,ERR,ERR,ERR,ERR,ERR,ERR,ERR,ERR,ERR,ERR,ERR,ERR,ERR,ERR,ERR,ERR,ERR,ERR,ERR,ERR,-107615288.0,-0.0,-134474944.0,0.0,0.0,1.3936040501711995e+18,7.805,0.0,0,0,4,0,8422,0.0,45,0.0,0.0,0.0,0.0,0.0,0,0,0,0,0.0,0,0,0,0,0,0,0,0,0,0,0,0,0,0,0,0,0,0,0,0,0,0,0,0,0,0,0,0,0,0,0,0,0,38,14,7,45,65476,0,300,0,0,8,21553,0.0,-107605600.0,0.0,0.0,0.0,0.0,0.0,0.0,0.0,0.0,0.0,0.0,0.0,0.0,0.0,0.0,0.0,0.0,0.0,0.0,0.0,0.0,-2.004,-2.004,2.004,-2.004,0.0,0.0,0.0,0.0,5018.0,-1.5879293531142762e+29,0.0,-107615288.0,-107615296.0,-0.0,0.0,0.0,0.0,0.0,0.0,53,-0.0,-2.3088280513417105e+20,0.0,0.0,0.0,0.0,0.0,0.0,0.0,0,0,0,0.0,0.0,0.0,0.0,0.0,0.0,0.0,0.0,0.0,0.0,0.0,0.0,0.0,0.0,0.0,0.0,0,-107875648.0,53,0.0,106,-107614832.0,-0.0,ERR,ERR,ERR,ERR,ERR,ERR,ERR,ERR,ERR,ERR,ERR,ERR,ERR,ERR,ERR,ERR,ERR,ERR,ERR,ERR,ERR,ERR,ERR,ERR,ERR,ERR,ERR,ERR,ERR,ERR,ERR,ERR,ERR,ERR,ERR,ERR,ERR,ERR,ERR,ERR,ERR,ERR,ERR,ERR,ERR,ERR,ERR,ERR,ERR,ERR,ERR,ERR,ERR,ERR,ERR,ERR,ERR,ERR,ERR,ERR,ERR,ERR,ERR,ERR,ERR,ERR,ERR,50.0,60.0,100,0.0,0.0,0.0,0.0,0.0,0.0,0.0,0.0,0.0,0.0,0.0,0.0,0.0,0.0,0.0,0.0,62.0,75,13,65511,50,65476,0,300,0,0,8,20529,65476,0,0,26214,60.0,0.0,0.0,0.0,0.0,0.0
2026-05-17T18:03:29,ERR,ERR,ERR,ERR,ERR,ERR,ERR,ERR,ERR,ERR,ERR,ERR,ERR,ERR,ERR,ERR,ERR,ERR,ERR,ERR,ERR,ERR,ERR,ERR,ERR,ERR,ERR,ERR,ERR,ERR,ERR,ERR,ERR,ERR,ERR,ERR,ERR,ERR,ERR,ERR,ERR,ERR,ERR,ERR,ERR,ERR,ERR,ERR,ERR,ERR,ERR,ERR,ERR,ERR,ERR,ERR,ERR,ERR,ERR,ERR,ERR,ERR,ERR,ERR,ERR,ERR,ERR,ERR,ERR,ERR,ERR,ERR,ERR,ERR,ERR,ERR,ERR,ERR,ERR,ERR,ERR,ERR,ERR,ERR,ERR,ERR,ERR,ERR,ERR,ERR,ERR,ERR,ERR,ERR,ERR,ERR,ERR,ERR,ERR,ERR,ERR,ERR,ERR,ERR,ERR,ERR,ERR,ERR,ERR,ERR,ERR,ERR,ERR,ERR,ERR,ERR,ERR,ERR,ERR,ERR,ERR,ERR,ERR,ERR,ERR,-107615288.0,-0.0,-134474944.0,0.0,0.0,1.3936040501711995e+18,7.805,0.0,0,0,4,0,8422,0.0,45,0.0,0.0,0.0,0.0,0.0,0,0,0,0,0.0,0,0,0,0,0,0,0,0,0,0,0,0,0,0,0,0,0,0,0,0,0,0,0,0,0,0,0,0,0,0,0,0,0,38,14,7,45,65476,0,300,0,0,8,21553,0.0,-107605600.0,0.0,0.0,0.0,0.0,0.0,0.0,0.0,0.0,0.0,0.0,0.0,0.0,-2.596148429267414e+33,0.0,0.0,0.0,0.0,0.0,0.0,0.0,-2.004,-2.004,2.004,-2.004,0.0,0.0,0.0,0.0,5052.0,8608183296.0,0.0,-107615288.0,-0.0,-0.0,0.0,0.0,0.0,0.0,0.0,53,-0.0,4.0668540358038725e+29,0.0,0.0,0.0,0.0,0.0,0.0,0.0,0,0,0,0.0,0.0,0.0,0.0,0.0,0.0,0.0,0.0,0.0,0.0,0.0,0.0,0.0,0.0,0.0,0.0,0,-107875648.0,53,0.0,106,-107614832.0,-0.0,ERR,ERR,ERR,ERR,ERR,ERR,ERR,ERR,ERR,ERR,ERR,ERR,ERR,ERR,ERR,ERR,ERR,ERR,ERR,ERR,ERR,ERR,ERR,ERR,ERR,ERR,ERR,ERR,ERR,ERR,ERR,ERR,ERR,ERR,ERR,ERR,ERR,ERR,ERR,ERR,ERR,ERR,ERR,ERR,ERR,ERR,ERR,ERR,ERR,ERR,ERR,ERR,ERR,ERR,ERR,ERR,ERR,ERR,ERR,ERR,ERR,ERR,ERR,ERR,ERR,ERR,ERR,50.0,60.0,100,0.0,0.0,0.0,0.0,0.0,0.0,0.0,0.0,0.0,0.0,0.0,0.0,0.0,0.0,0.0,0.0,62.0,75,13,65511,50,65476,0,300,0,0,8,20529,65476,0,0,26214,60.0,0.0,0.0,0.0,0.0,0.0
2026-05-17T18:03:30,ERR,ERR,ERR,ERR,ERR,ERR,ERR,ERR,ERR,ERR,ERR,ERR,ERR,ERR,ERR,ERR,ERR,ERR,ERR,ERR,ERR,ERR,ERR,ERR,ERR,ERR,ERR,ERR,ERR,ERR,ERR,ERR,ERR,ERR,ERR,ERR,ERR,ERR,ERR,ERR,ERR,ERR,ERR,ERR,ERR,ERR,ERR,ERR,ERR,ERR,ERR,ERR,ERR,ERR,ERR,ERR,ERR,ERR,ERR,ERR,ERR,ERR,ERR,ERR,ERR,ERR,ERR,ERR,ERR,ERR,ERR,ERR,ERR,ERR,ERR,ERR,ERR,ERR,ERR,ERR,ERR,ERR,ERR,ERR,ERR,ERR,ERR,ERR,ERR,ERR,ERR,ERR,ERR,ERR,ERR,ERR,ERR,ERR,ERR,ERR,ERR,ERR,ERR,ERR,ERR,ERR,ERR,ERR,ERR,ERR,ERR,ERR,ERR,ERR,ERR,ERR,ERR,ERR,ERR,ERR,ERR,ERR,ERR,ERR,ERR,-107615288.0,-0.0,-134474944.0,0.0,0.0,1.3936040501711995e+18,7.805,0.0,0,0,4,0,8422,0.0,45,0.0,0.0,0.0,0.0,0.0,0,0,0,0,0.0,0,0,0,0,0,0,0,0,0,0,0,0,0,0,0,0,0,0,0,0,0,0,0,0,0,0,0,0,0,0,0,0,0,38,14,7,45,65476,0,300,0,0,8,21553,0.0,-107605600.0,0.0,0.0,0.0,0.0,0.0,0.0,0.0,0.0,0.0,0.0,0.0,0.0,-2.596148429267414e+33,0.0,0.0,0.0,0.0,0.0,0.0,0.0,-2.004,-2.004,2.004,-2.004,0.0,0.0,0.0,0.0,5052.0,8608183296.0,0.0,-107615288.0,-0.0,-0.0,0.0,0.0,0.0,0.0,0.0,53,-0.0,4.0668540358038725e+29,0.0,0.0,0.0,0.0,0.0,0.0,0.0,0,0,0,0.0,0.0,0.0,0.0,0.0,0.0,0.0,0.0,0.0,0.0,0.0,0.0,0.0,0.0,0.0,0.0,0,-107875648.0,53,0.0,106,-107614832.0,-0.0,ERR,ERR,ERR,ERR,ERR,ERR,ERR,ERR,ERR,ERR,ERR,ERR,ERR,ERR,ERR,ERR,ERR,ERR,ERR,ERR,ERR,ERR,ERR,ERR,ERR,ERR,ERR,ERR,ERR,ERR,ERR,ERR,ERR,ERR,ERR,ERR,ERR,ERR,ERR,ERR,ERR,ERR,ERR,ERR,ERR,ERR,ERR,ERR,ERR,ERR,ERR,ERR,ERR,ERR,ERR,ERR,ERR,ERR,ERR,ERR,ERR,ERR,ERR,ERR,ERR,ERR,ERR,50.0,60.0,100,0.0,0.0,0.0,0.0,0.0,0.0,0.0,0.0,0.0,0.0,0.0,0.0,0.0,0.0,0.0,0.0,61.6,75,13,65511,50,65476,0,300,0,0,8,20529,65476,0,0,26214,60.0,0.0,0.0,0.0,0.0,0.0
2026-05-17T18:03:31,ERR,ERR,ERR,ERR,ERR,ERR,ERR,ERR,ERR,ERR,ERR,ERR,ERR,ERR,ERR,ERR,ERR,ERR,ERR,ERR,ERR,ERR,ERR,ERR,ERR,ERR,ERR,ERR,ERR,ERR,ERR,ERR,ERR,ERR,ERR,ERR,ERR,ERR,ERR,ERR,ERR,ERR,ERR,ERR,ERR,ERR,ERR,ERR,ERR,ERR,ERR,ERR,ERR,ERR,ERR,ERR,ERR,ERR,ERR,ERR,ERR,ERR,ERR,ERR,ERR,ERR,ERR,ERR,ERR,ERR,ERR,ERR,ERR,ERR,ERR,ERR,ERR,ERR,ERR,ERR,ERR,ERR,ERR,ERR,ERR,ERR,ERR,ERR,ERR,ERR,ERR,ERR,ERR,ERR,ERR,ERR,ERR,ERR,ERR,ERR,ERR,ERR,ERR,ERR,ERR,ERR,ERR,ERR,ERR,ERR,ERR,ERR,ERR,ERR,ERR,ERR,ERR,ERR,ERR,ERR,ERR,ERR,ERR,ERR,ERR,-107615288.0,-0.0,-134474944.0,0.0,0.0,1.3936040501711995e+18,7.805,0.0,0,0,4,0,8422,0.0,45,0.0,0.0,0.0,0.0,0.0,0,0,0,0,0.0,0,0,0,0,0,0,0,0,0,0,0,0,0,0,0,0,0,0,0,0,0,0,0,0,0,0,0,0,0,0,0,0,0,38,14,7,45,65476,0,300,0,0,8,21553,0.0,-107605600.0,0.0,0.0,0.0,0.0,0.0,0.0,0.0,0.0,0.0,0.0,0.0,0.0,-2.596148429267414e+33,0.0,0.0,0.0,0.0,0.0,0.0,0.0,-2.004,-2.004,2.004,-2.004,0.0,0.0,0.0,0.0,5052.0,8608183296.0,0.0,-107615288.0,-0.0,-0.0,0.0,0.0,0.0,0.0,0.0,53,-0.0,4.0668540358038725e+29,0.0,0.0,0.0,0.0,0.0,0.0,0.0,0,0,0,0.0,0.0,0.0,0.0,0.0,0.0,0.0,0.0,0.0,0.0,0.0,0.0,0.0,0.0,0.0,0.0,0,-107875648.0,53,0.0,106,-107614832.0,-0.0,ERR,ERR,ERR,ERR,ERR,ERR,ERR,ERR,ERR,ERR,ERR,ERR,ERR,ERR,ERR,ERR,ERR,ERR,ERR,ERR,ERR,ERR,ERR,ERR,ERR,ERR,ERR,ERR,ERR,ERR,ERR,ERR,ERR,ERR,ERR,ERR,ERR,ERR,ERR,ERR,ERR,ERR,ERR,ERR,ERR,ERR,ERR,ERR,ERR,ERR,ERR,ERR,ERR,ERR,ERR,ERR,ERR,ERR,ERR,ERR,ERR,ERR,ERR,ERR,ERR,ERR,ERR,50.0,60.0,100,0.0,0.0,0.0,0.0,0.0,0.0,0.0,0.0,0.0,0.0,0.0,0.0,0.0,0.0,0.0,0.0,61.6,75,13,65511,50,65476,0,300,0,0,8,20529,65476,0,0,26214,60.0,0.0,0.0,0.0,0.0,0.0
2026-05-17T18:03:32,ERR,ERR,ERR,ERR,ERR,ERR,ERR,ERR,ERR,ERR,ERR,ERR,ERR,ERR,ERR,ERR,ERR,ERR,ERR,ERR,ERR,ERR,ERR,ERR,ERR,ERR,ERR,ERR,ERR,ERR,ERR,ERR,ERR,ERR,ERR,ERR,ERR,ERR,ERR,ERR,ERR,ERR,ERR,ERR,ERR,ERR,ERR,ERR,ERR,ERR,ERR,ERR,ERR,ERR,ERR,ERR,ERR,ERR,ERR,ERR,ERR,ERR,ERR,ERR,ERR,ERR,ERR,ERR,ERR,ERR,ERR,ERR,ERR,ERR,ERR,ERR,ERR,ERR,ERR,ERR,ERR,ERR,ERR,ERR,ERR,ERR,ERR,ERR,ERR,ERR,ERR,ERR,ERR,ERR,ERR,ERR,ERR,ERR,ERR,ERR,ERR,ERR,ERR,ERR,ERR,ERR,ERR,ERR,ERR,ERR,ERR,ERR,ERR,ERR,ERR,ERR,ERR,ERR,ERR,ERR,ERR,ERR,ERR,ERR,ERR,-107615288.0,-0.0,-134474944.0,0.0,0.0,1.3936040501711995e+18,7.805,0.0,0,0,4,0,8422,0.0,45,0.0,0.0,0.0,0.0,0.0,0,0,0,0,0.0,0,0,0,0,0,0,0,0,0,0,0,0,0,0,0,0,0,0,0,0,0,0,0,0,0,0,0,0,0,0,0,0,0,38,14,7,45,65476,0,300,0,0,8,21553,0.0,-107605600.0,0.0,0.0,0.0,0.0,0.0,0.0,0.0,0.0,0.0,0.0,0.0,0.0,-2.596148429267414e+33,0.0,0.0,0.0,0.0,0.0,0.0,0.0,-2.004,-2.004,2.004,-2.004,0.0,0.0,0.0,0.0,5052.0,8608183296.0,0.0,-107615288.0,-0.0,-0.0,0.0,0.0,0.0,0.0,0.0,53,-0.0,4.0668540358038725e+29,0.0,0.0,0.0,0.0,0.0,0.0,0.0,0,0,0,0.0,0.0,0.0,0.0,0.0,0.0,0.0,0.0,0.0,0.0,0.0,0.0,0.0,0.0,0.0,0.0,0,-107875648.0,53,0.0,106,-107614832.0,-0.0,ERR,ERR,ERR,ERR,ERR,ERR,ERR,ERR,ERR,ERR,ERR,ERR,ERR,ERR,ERR,ERR,ERR,ERR,ERR,ERR,ERR,ERR,ERR,ERR,ERR,ERR,ERR,ERR,ERR,ERR,ERR,ERR,ERR,ERR,ERR,ERR,ERR,ERR,ERR,ERR,ERR,ERR,ERR,ERR,ERR,ERR,ERR,ERR,ERR,ERR,ERR,ERR,ERR,ERR,ERR,ERR,ERR,ERR,ERR,ERR,ERR,ERR,ERR,ERR,ERR,ERR,ERR,50.0,60.0,100,0.0,0.0,0.0,0.0,0.0,0.0,0.0,0.0,0.0,0.0,0.0,0.0,0.0,0.0,0.0,0.0,61.6,75,13,65511,50,65476,0,300,0,0,8,20529,65476,0,0,26214,60.0,0.0,0.0,0.0,0.0,0.0
2026-05-17T18:03:33,ERR,ERR,ERR,ERR,ERR,ERR,ERR,ERR,ERR,ERR,ERR,ERR,ERR,ERR,ERR,ERR,ERR,ERR,ERR,ERR,ERR,ERR,ERR,ERR,ERR,ERR,ERR,ERR,ERR,ERR,ERR,ERR,ERR,ERR,ERR,ERR,ERR,ERR,ERR,ERR,ERR,ERR,ERR,ERR,ERR,ERR,ERR,ERR,ERR,ERR,ERR,ERR,ERR,ERR,ERR,ERR,ERR,ERR,ERR,ERR,ERR,ERR,ERR,ERR,ERR,ERR,ERR,ERR,ERR,ERR,ERR,ERR,ERR,ERR,ERR,ERR,ERR,ERR,ERR,ERR,ERR,ERR,ERR,ERR,ERR,ERR,ERR,ERR,ERR,ERR,ERR,ERR,ERR,ERR,ERR,ERR,ERR,ERR,ERR,ERR,ERR,ERR,ERR,ERR,ERR,ERR,ERR,ERR,ERR,ERR,ERR,ERR,ERR,ERR,ERR,ERR,ERR,ERR,ERR,ERR,ERR,ERR,ERR,ERR,ERR,-107615288.0,-0.0,-134474944.0,0.0,0.0,1.3936040501711995e+18,7.805,0.0,0,0,4,0,8422,0.0,45,0.0,0.0,0.0,0.0,0.0,0,0,0,0,0.0,0,0,0,0,0,0,0,0,0,0,0,0,0,0,0,0,0,0,0,0,0,0,0,0,0,0,0,0,0,0,0,0,0,38,14,7,45,65476,0,300,0,0,8,21553,0.0,-107605600.0,0.0,0.0,0.0,0.0,0.0,0.0,0.0,0.0,0.0,0.0,0.0,0.0,-2.596148429267414e+33,0.0,0.0,0.0,0.0,0.0,0.0,0.0,-2.004,-2.004,2.004,-2.004,0.0,0.0,0.0,0.0,5052.0,8608183296.0,0.0,-107615288.0,-0.0,-0.0,0.0,0.0,0.0,0.0,0.0,53,-0.0,4.0668540358038725e+29,0.0,0.0,0.0,0.0,0.0,0.0,0.0,0,0,0,0.0,0.0,0.0,0.0,0.0,0.0,0.0,0.0,0.0,0.0,0.0,0.0,0.0,0.0,0.0,0.0,0,-107875648.0,53,0.0,106,-107614832.0,-0.0,ERR,ERR,ERR,ERR,ERR,ERR,ERR,ERR,ERR,ERR,ERR,ERR,ERR,ERR,ERR,ERR,ERR,ERR,ERR,ERR,ERR,ERR,ERR,ERR,ERR,ERR,ERR,ERR,ERR,ERR,ERR,ERR,ERR,ERR,ERR,ERR,ERR,ERR,ERR,ERR,ERR,ERR,ERR,ERR,ERR,ERR,ERR,ERR,ERR,ERR,ERR,ERR,ERR,ERR,ERR,ERR,ERR,ERR,ERR,ERR,ERR,ERR,ERR,ERR,ERR,ERR,ERR,50.0,60.0,100,0.0,0.0,0.0,0.0,0.0,0.0,0.0,0.0,0.0,0.0,0.0,0.0,0.0,0.0,0.0,0.0,61.6,75,13,65511,50,65476,0,300,0,0,8,20529,65476,0,0,26214,60.0,0.0,0.0,0.0,0.0,0.0
2026-05-17T18:03:34,ERR,ERR,ERR,ERR,ERR,ERR,ERR,ERR,ERR,ERR,ERR,ERR,ERR,ERR,ERR,ERR,ERR,ERR,ERR,ERR,ERR,ERR,ERR,ERR,ERR,ERR,ERR,ERR,ERR,ERR,ERR,ERR,ERR,ERR,ERR,ERR,ERR,ERR,ERR,ERR,ERR,ERR,ERR,ERR,ERR,ERR,ERR,ERR,ERR,ERR,ERR,ERR,ERR,ERR,ERR,ERR,ERR,ERR,ERR,ERR,ERR,ERR,ERR,ERR,ERR,ERR,ERR,ERR,ERR,ERR,ERR,ERR,ERR,ERR,ERR,ERR,ERR,ERR,ERR,ERR,ERR,ERR,ERR,ERR,ERR,ERR,ERR,ERR,ERR,ERR,ERR,ERR,ERR,ERR,ERR,ERR,ERR,ERR,ERR,ERR,ERR,ERR,ERR,ERR,ERR,ERR,ERR,ERR,ERR,ERR,ERR,ERR,ERR,ERR,ERR,ERR,ERR,ERR,ERR,ERR,ERR,ERR,ERR,ERR,ERR,-107615288.0,-0.0,-134474944.0,0.0,0.0,1.3936040501711995e+18,7.805,0.0,0,0,4,0,8422,0.0,45,0.0,0.0,0.0,0.0,0.0,0,0,0,0,0.0,0,0,0,0,0,0,0,0,0,0,0,0,0,0,0,0,0,0,0,0,0,0,0,0,0,0,0,0,0,0,0,0,0,38,14,7,45,65476,0,300,0,0,8,21553,0.0,-107605600.0,0.0,0.0,0.0,0.0,0.0,0.0,0.0,0.0,0.0,0.0,0.0,0.0,0.0,0.0,0.0,0.0,0.0,0.0,0.0,0.0,-2.004,-2.004,2.004,-2.004,0.0,0.0,0.0,0.0,5052.0,8608183296.0,0.0,-107615288.0,-107615296.0,-0.0,0.0,0.0,0.0,0.0,0.0,53,-0.0,1.9056860945658675e+17,0.0,0.0,0.0,0.0,0.0,0.0,0.0,0,0,0,0.0,0.0,0.0,0.0,0.0,0.0,0.0,0.0,0.0,0.0,0.0,0.0,0.0,0.0,0.0,0.0,0,-107875648.0,53,0.0,106,-107614832.0,-0.0,ERR,ERR,ERR,ERR,ERR,ERR,ERR,ERR,ERR,ERR,ERR,ERR,ERR,ERR,ERR,ERR,ERR,ERR,ERR,ERR,ERR,ERR,ERR,ERR,ERR,ERR,ERR,ERR,ERR,ERR,ERR,ERR,ERR,ERR,ERR,ERR,ERR,ERR,ERR,ERR,ERR,ERR,ERR,ERR,ERR,ERR,ERR,ERR,ERR,ERR,ERR,ERR,ERR,ERR,ERR,ERR,ERR,ERR,ERR,ERR,ERR,ERR,ERR,ERR,ERR,ERR,ERR,50.0,60.0,100,0.0,0.0,0.0,0.0,0.0,0.0,0.0,0.0,0.0,0.0,0.0,0.0,0.0,0.0,0.0,0.0,61.6,75,13,65511,50,65476,0,300,0,0,8,20529,65476,0,0,26214,60.0,0.0,0.0,0.0,0.0,0.0
2026-05-17T18:03:35,ERR,ERR,ERR,ERR,ERR,ERR,ERR,ERR,ERR,ERR,ERR,ERR,ERR,ERR,ERR,ERR,ERR,ERR,ERR,ERR,ERR,ERR,ERR,ERR,ERR,ERR,ERR,ERR,ERR,ERR,ERR,ERR,ERR,ERR,ERR,ERR,ERR,ERR,ERR,ERR,ERR,ERR,ERR,ERR,ERR,ERR,ERR,ERR,ERR,ERR,ERR,ERR,ERR,ERR,ERR,ERR,ERR,ERR,ERR,ERR,ERR,ERR,ERR,ERR,ERR,ERR,ERR,ERR,ERR,ERR,ERR,ERR,ERR,ERR,ERR,ERR,ERR,ERR,ERR,ERR,ERR,ERR,ERR,ERR,ERR,ERR,ERR,ERR,ERR,ERR,ERR,ERR,ERR,ERR,ERR,ERR,ERR,ERR,ERR,ERR,ERR,ERR,ERR,ERR,ERR,ERR,ERR,ERR,ERR,ERR,ERR,ERR,ERR,ERR,ERR,ERR,ERR,ERR,ERR,ERR,ERR,ERR,ERR,ERR,ERR,-107615288.0,-0.0,-134474944.0,0.0,0.0,1.3936040501711995e+18,7.805,0.0,0,0,4,0,8422,0.0,45,0.0,0.0,0.0,0.0,0.0,0,0,0,0,0.0,0,0,0,0,0,0,0,0,0,0,0,0,0,0,0,0,0,0,0,0,0,0,0,0,0,0,0,0,0,0,0,0,0,38,14,7,45,65476,0,300,0,0,8,21553,0.0,-107605600.0,0.0,0.0,0.0,0.0,0.0,0.0,0.0,0.0,0.0,0.0,0.0,0.0,0.0,0.0,0.0,0.0,0.0,0.0,0.0,0.0,-2.004,-2.004,2.004,-2.004,0.0,0.0,0.0,0.0,5052.0,8608183296.0,0.0,-107615288.0,-107615296.0,-0.0,0.0,0.0,0.0,0.0,0.0,53,-0.0,1.9056860945658675e+17,0.0,0.0,0.0,0.0,0.0,0.0,0.0,0,0,0,0.0,0.0,0.0,0.0,0.0,0.0,0.0,0.0,0.0,0.0,0.0,0.0,0.0,0.0,0.0,0.0,0,-107875648.0,53,0.0,106,-107614832.0,-0.0,ERR,ERR,ERR,ERR,ERR,ERR,ERR,ERR,ERR,ERR,ERR,ERR,ERR,ERR,ERR,ERR,ERR,ERR,ERR,ERR,ERR,ERR,ERR,ERR,ERR,ERR,ERR,ERR,ERR,ERR,ERR,ERR,ERR,ERR,ERR,ERR,ERR,ERR,ERR,ERR,ERR,ERR,ERR,ERR,ERR,ERR,ERR,ERR,ERR,ERR,ERR,ERR,ERR,ERR,ERR,ERR,ERR,ERR,ERR,ERR,ERR,ERR,ERR,ERR,ERR,ERR,ERR,50.0,60.0,100,0.0,0.0,0.0,0.0,0.0,0.0,0.0,0.0,0.0,0.0,0.0,0.0,0.0,0.0,0.0,0.0,61.6,75,13,65511,50,65476,0,300,0,0,8,20529,65476,0,0,26214,60.0,0.0,0.0,0.0,0.0,0.0
2026-05-17T18:03:36,ERR,ERR,ERR,ERR,ERR,ERR,ERR,ERR,ERR,ERR,ERR,ERR,ERR,ERR,ERR,ERR,ERR,ERR,ERR,ERR,ERR,ERR,ERR,ERR,ERR,ERR,ERR,ERR,ERR,ERR,ERR,ERR,ERR,ERR,ERR,ERR,ERR,ERR,ERR,ERR,ERR,ERR,ERR,ERR,ERR,ERR,ERR,ERR,ERR,ERR,ERR,ERR,ERR,ERR,ERR,ERR,ERR,ERR,ERR,ERR,ERR,ERR,ERR,ERR,ERR,ERR,ERR,ERR,ERR,ERR,ERR,ERR,ERR,ERR,ERR,ERR,ERR,ERR,ERR,ERR,ERR,ERR,ERR,ERR,ERR,ERR,ERR,ERR,ERR,ERR,ERR,ERR,ERR,ERR,ERR,ERR,ERR,ERR,ERR,ERR,ERR,ERR,ERR,ERR,ERR,ERR,ERR,ERR,ERR,ERR,ERR,ERR,ERR,ERR,ERR,ERR,ERR,ERR,ERR,ERR,ERR,ERR,ERR,ERR,ERR,-107615288.0,-0.0,-134474944.0,0.0,0.0,1.3936040501711995e+18,7.805,0.0,0,0,4,0,8422,0.0,45,0.0,0.0,0.0,0.0,0.0,0,0,0,0,0.0,0,0,0,0,0,0,0,0,0,0,0,0,0,0,0,0,0,0,0,0,0,0,0,0,0,0,0,0,0,0,0,0,0,38,14,7,45,65476,0,300,0,0,8,21553,0.0,-107605600.0,0.0,0.0,0.0,0.0,0.0,0.0,0.0,0.0,0.0,0.0,0.0,0.0,0.0,0.0,0.0,0.0,0.0,0.0,0.0,0.0,-2.004,-2.004,2.004,-2.004,0.0,0.0,0.0,0.0,5052.0,8608183296.0,0.0,-107615288.0,-107615296.0,-0.0,0.0,0.0,0.0,0.0,0.0,53,-0.0,1.9056860945658675e+17,0.0,0.0,0.0,0.0,0.0,0.0,0.0,0,0,0,0.0,0.0,0.0,0.0,0.0,0.0,0.0,0.0,0.0,0.0,0.0,0.0,0.0,0.0,0.0,0.0,0,-107875648.0,53,0.0,106,-107614832.0,-0.0,ERR,ERR,ERR,ERR,ERR,ERR,ERR,ERR,ERR,ERR,ERR,ERR,ERR,ERR,ERR,ERR,ERR,ERR,ERR,ERR,ERR,ERR,ERR,ERR,ERR,ERR,ERR,ERR,ERR,ERR,ERR,ERR,ERR,ERR,ERR,ERR,ERR,ERR,ERR,ERR,ERR,ERR,ERR,ERR,ERR,ERR,ERR,ERR,ERR,ERR,ERR,ERR,ERR,ERR,ERR,ERR,ERR,ERR,ERR,ERR,ERR,ERR,ERR,ERR,ERR,ERR,ERR,50.0,60.0,100,0.0,0.0,0.0,0.0,0.0,0.0,0.0,0.0,0.0,0.0,0.0,0.0,0.0,0.0,0.0,0.0,61.6,75,13,65511,50,65476,0,300,0,0,8,20529,65476,0,0,26214,60.0,0.0,0.0,0.0,0.0,0.0
2026-05-17T18:03:37,ERR,ERR,ERR,ERR,ERR,ERR,ERR,ERR,ERR,ERR,ERR,ERR,ERR,ERR,ERR,ERR,ERR,ERR,ERR,ERR,ERR,ERR,ERR,ERR,ERR,ERR,ERR,ERR,ERR,ERR,ERR,ERR,ERR,ERR,ERR,ERR,ERR,ERR,ERR,ERR,ERR,ERR,ERR,ERR,ERR,ERR,ERR,ERR,ERR,ERR,ERR,ERR,ERR,ERR,ERR,ERR,ERR,ERR,ERR,ERR,ERR,ERR,ERR,ERR,ERR,ERR,ERR,ERR,ERR,ERR,ERR,ERR,ERR,ERR,ERR,ERR,ERR,ERR,ERR,ERR,ERR,ERR,ERR,ERR,ERR,ERR,ERR,ERR,ERR,ERR,ERR,ERR,ERR,ERR,ERR,ERR,ERR,ERR,ERR,ERR,ERR,ERR,ERR,ERR,ERR,ERR,ERR,ERR,ERR,ERR,ERR,ERR,ERR,ERR,ERR,ERR,ERR,ERR,ERR,ERR,ERR,ERR,ERR,ERR,ERR,-107615288.0,-0.0,-134474944.0,0.0,0.0,1.3936040501711995e+18,7.805,0.0,0,0,4,0,8422,0.0,45,0.0,0.0,0.0,0.0,0.0,0,0,0,0,0.0,0,0,0,0,0,0,0,0,0,0,0,0,0,0,0,0,0,0,0,0,0,0,0,0,0,0,0,0,0,0,0,0,0,38,14,7,45,65476,0,300,0,0,8,21553,0.0,-107605600.0,0.0,0.0,0.0,0.0,0.0,0.0,0.0,0.0,0.0,0.0,0.0,0.0,0.0,0.0,0.0,0.0,0.0,0.0,0.0,0.0,-2.004,-2.004,2.004,-2.004,0.0,0.0,0.0,0.0,5052.0,8608183296.0,0.0,-107615288.0,-107615296.0,-0.0,0.0,0.0,0.0,0.0,0.0,53,-0.0,1.9056860945658675e+17,0.0,0.0,0.0,0.0,0.0,0.0,0.0,0,0,0,0.0,0.0,0.0,0.0,0.0,0.0,0.0,0.0,0.0,0.0,0.0,0.0,0.0,0.0,0.0,0.0,0,-107875648.0,53,0.0,106,-107614832.0,-0.0,ERR,ERR,ERR,ERR,ERR,ERR,ERR,ERR,ERR,ERR,ERR,ERR,ERR,ERR,ERR,ERR,ERR,ERR,ERR,ERR,ERR,ERR,ERR,ERR,ERR,ERR,ERR,ERR,ERR,ERR,ERR,ERR,ERR,ERR,ERR,ERR,ERR,ERR,ERR,ERR,ERR,ERR,ERR,ERR,ERR,ERR,ERR,ERR,ERR,ERR,ERR,ERR,ERR,ERR,ERR,ERR,ERR,ERR,ERR,ERR,ERR,ERR,ERR,ERR,ERR,ERR,ERR,50.0,60.0,100,0.0,0.0,0.0,0.0,0.0,0.0,0.0,0.0,0.0,0.0,0.0,0.0,0.0,0.0,0.0,0.0,61.6,75,13,65511,50,65476,0,300,0,0,8,20529,65476,0,0,26214,60.0,0.0,0.0,0.0,0.0,0.0
2026-05-17T18:03:38,ERR,ERR,ERR,ERR,ERR,ERR,ERR,ERR,ERR,ERR,ERR,ERR,ERR,ERR,ERR,ERR,ERR,ERR,ERR,ERR,ERR,ERR,ERR,ERR,ERR,ERR,ERR,ERR,ERR,ERR,ERR,ERR,ERR,ERR,ERR,ERR,ERR,ERR,ERR,ERR,ERR,ERR,ERR,ERR,ERR,ERR,ERR,ERR,ERR,ERR,ERR,ERR,ERR,ERR,ERR,ERR,ERR,ERR,ERR,ERR,ERR,ERR,ERR,ERR,ERR,ERR,ERR,ERR,ERR,ERR,ERR,ERR,ERR,ERR,ERR,ERR,ERR,ERR,ERR,ERR,ERR,ERR,ERR,ERR,ERR,ERR,ERR,ERR,ERR,ERR,ERR,ERR,ERR,ERR,ERR,ERR,ERR,ERR,ERR,ERR,ERR,ERR,ERR,ERR,ERR,ERR,ERR,ERR,ERR,ERR,ERR,ERR,ERR,ERR,ERR,ERR,ERR,ERR,ERR,ERR,ERR,ERR,ERR,ERR,ERR,-107615288.0,-0.0,-134474944.0,0.0,0.0,1.3936040501711995e+18,7.805,0.0,0,0,4,0,8422,0.0,45,0.0,0.0,0.0,0.0,0.0,0,0,0,0,0.0,0,0,0,0,0,0,0,0,0,0,0,0,0,0,0,0,0,0,0,0,0,0,0,0,0,0,0,0,0,0,0,0,0,38,14,7,45,65476,0,300,0,0,8,21553,0.0,-107605600.0,0.0,0.0,0.0,0.0,0.0,0.0,0.0,0.0,0.0,0.0,0.0,0.0,0.0,0.0,0.0,0.0,0.0,0.0,0.0,0.0,-2.004,-2.004,2.004,-2.004,0.0,0.0,0.0,0.0,5052.0,8608183296.0,0.0,-107615288.0,-107615296.0,-0.0,0.0,0.0,0.0,0.0,0.0,53,-0.0,1.9056860945658675e+17,0.0,0.0,0.0,0.0,0.0,0.0,0.0,0,0,0,0.0,0.0,0.0,0.0,0.0,0.0,0.0,0.0,0.0,0.0,0.0,0.0,0.0,0.0,0.0,0.0,0,-107875648.0,53,0.0,106,-107614832.0,-0.0,ERR,ERR,ERR,ERR,ERR,ERR,ERR,ERR,ERR,ERR,ERR,ERR,ERR,ERR,ERR,ERR,ERR,ERR,ERR,ERR,ERR,ERR,ERR,ERR,ERR,ERR,ERR,ERR,ERR,ERR,ERR,ERR,ERR,ERR,ERR,ERR,ERR,ERR,ERR,ERR,ERR,ERR,ERR,ERR,ERR,ERR,ERR,ERR,ERR,ERR,ERR,ERR,ERR,ERR,ERR,ERR,ERR,ERR,ERR,ERR,ERR,ERR,ERR,ERR,ERR,ERR,ERR,50.0,60.0,100,0.0,0.0,0.0,0.0,0.0,0.0,0.0,0.0,0.0,0.0,0.0,0.0,0.0,0.0,0.0,0.0,61.6,75,13,65511,50,65476,0,300,0,0,8,20529,65476,0,0,26214,60.0,0.0,0.0,0.0,0.0,0.0
2026-05-17T18:03:39,ERR,ERR,ERR,ERR,ERR,ERR,ERR,ERR,ERR,ERR,ERR,ERR,ERR,ERR,ERR,ERR,ERR,ERR,ERR,ERR,ERR,ERR,ERR,ERR,ERR,ERR,ERR,ERR,ERR,ERR,ERR,ERR,ERR,ERR,ERR,ERR,ERR,ERR,ERR,ERR,ERR,ERR,ERR,ERR,ERR,ERR,ERR,ERR,ERR,ERR,ERR,ERR,ERR,ERR,ERR,ERR,ERR,ERR,ERR,ERR,ERR,ERR,ERR,ERR,ERR,ERR,ERR,ERR,ERR,ERR,ERR,ERR,ERR,ERR,ERR,ERR,ERR,ERR,ERR,ERR,ERR,ERR,ERR,ERR,ERR,ERR,ERR,ERR,ERR,ERR,ERR,ERR,ERR,ERR,ERR,ERR,ERR,ERR,ERR,ERR,ERR,ERR,ERR,ERR,ERR,ERR,ERR,ERR,ERR,ERR,ERR,ERR,ERR,ERR,ERR,ERR,ERR,ERR,ERR,ERR,ERR,ERR,ERR,ERR,ERR,-107615288.0,-0.0,-134474944.0,0.0,0.0,1.3936040501711995e+18,7.805,0.0,0,0,4,0,8422,0.0,45,0.0,0.0,0.0,0.0,0.0,0,0,0,0,0.0,0,0,0,0,0,0,0,0,0,0,0,0,0,0,0,0,0,0,0,0,0,0,0,0,0,0,0,0,0,0,0,0,0,38,14,7,45,65476,0,300,0,0,8,21553,0.0,-107605600.0,0.0,0.0,0.0,0.0,0.0,0.0,0.0,0.0,0.0,0.0,0.0,0.0,0.0,0.0,0.0,0.0,0.0,0.0,0.0,0.0,-2.004,-2.004,2.004,-2.004,0.0,0.0,0.0,0.0,5053.0,8608183296.0,0.0,-107615288.0,-0.0,-0.0,0.0,0.0,0.0,0.0,0.0,53,-0.0,1.9056860945658675e+17,0.0,0.0,0.0,0.0,0.0,0.0,0.0,0,0,0,0.0,0.0,0.0,0.0,0.0,0.0,0.0,0.0,0.0,0.0,0.0,0.0,0.0,0.0,0.0,0.0,0,-107875648.0,53,0.0,106,-107614832.0,-0.0,ERR,ERR,ERR,ERR,ERR,ERR,ERR,ERR,ERR,ERR,ERR,ERR,ERR,ERR,ERR,ERR,ERR,ERR,ERR,ERR,ERR,ERR,ERR,ERR,ERR,ERR,ERR,ERR,ERR,ERR,ERR,ERR,ERR,ERR,ERR,ERR,ERR,ERR,ERR,ERR,ERR,ERR,ERR,ERR,ERR,ERR,ERR,ERR,ERR,ERR,ERR,ERR,ERR,ERR,ERR,ERR,ERR,ERR,ERR,ERR,ERR,ERR,ERR,ERR,ERR,ERR,ERR,50.0,60.0,100,0.0,0.0,0.0,0.0,0.0,0.0,0.0,0.0,0.0,0.0,0.0,0.0,0.0,0.0,0.0,0.0,61.6,75,13,65511,50,65476,0,300,0,0,8,20529,65476,0,0,26214,60.0,0.0,0.0,0.0,0.0,0.0
2026-05-17T18:03:40,ERR,ERR,ERR,ERR,ERR,ERR,ERR,ERR,ERR,ERR,ERR,ERR,ERR,ERR,ERR,ERR,ERR,ERR,ERR,ERR,ERR,ERR,ERR,ERR,ERR,ERR,ERR,ERR,ERR,ERR,ERR,ERR,ERR,ERR,ERR,ERR,ERR,ERR,ERR,ERR,ERR,ERR,ERR,ERR,ERR,ERR,ERR,ERR,ERR,ERR,ERR,ERR,ERR,ERR,ERR,ERR,ERR,ERR,ERR,ERR,ERR,ERR,ERR,ERR,ERR,ERR,ERR,ERR,ERR,ERR,ERR,ERR,ERR,ERR,ERR,ERR,ERR,ERR,ERR,ERR,ERR,ERR,ERR,ERR,ERR,ERR,ERR,ERR,ERR,ERR,ERR,ERR,ERR,ERR,ERR,ERR,ERR,ERR,ERR,ERR,ERR,ERR,ERR,ERR,ERR,ERR,ERR,ERR,ERR,ERR,ERR,ERR,ERR,ERR,ERR,ERR,ERR,ERR,ERR,ERR,ERR,ERR,ERR,ERR,ERR,-107615288.0,-0.0,-134474944.0,0.0,0.0,1.3936040501711995e+18,7.805,0.0,0,0,4,0,8422,0.0,45,0.0,0.0,0.0,0.0,0.0,0,0,0,0,0.0,0,0,0,0,0,0,0,0,0,0,0,0,0,0,0,0,0,0,0,0,0,0,0,0,0,0,0,0,0,0,0,0,0,38,14,7,45,65476,0,300,0,0,8,21553,0.0,-107605600.0,0.0,0.0,0.0,0.0,0.0,0.0,0.0,0.0,0.0,0.0,0.0,0.0,0.0,0.0,0.0,0.0,0.0,0.0,0.0,0.0,-2.004,-2.004,2.004,-2.004,0.0,0.0,0.0,0.0,5053.0,8608183296.0,0.0,-107615288.0,-0.0,-0.0,0.0,0.0,0.0,0.0,0.0,53,-0.0,1.9056860945658675e+17,0.0,0.0,0.0,0.0,0.0,0.0,0.0,0,0,0,0.0,0.0,0.0,0.0,0.0,0.0,0.0,0.0,0.0,0.0,0.0,0.0,0.0,0.0,0.0,0.0,0,-107875648.0,53,0.0,106,-107614832.0,-0.0,ERR,ERR,ERR,ERR,ERR,ERR,ERR,ERR,ERR,ERR,ERR,ERR,ERR,ERR,ERR,ERR,ERR,ERR,ERR,ERR,ERR,ERR,ERR,ERR,ERR,ERR,ERR,ERR,ERR,ERR,ERR,ERR,ERR,ERR,ERR,ERR,ERR,ERR,ERR,ERR,ERR,ERR,ERR,ERR,ERR,ERR,ERR,ERR,ERR,ERR,ERR,ERR,ERR,ERR,ERR,ERR,ERR,ERR,ERR,ERR,ERR,ERR,ERR,ERR,ERR,ERR,ERR,50.0,60.0,100,0.0,0.0,0.0,0.0,0.0,0.0,0.0,0.0,0.0,0.0,0.0,0.0,0.0,0.0,0.0,0.0,61.6,75,13,65511,50,65476,0,300,0,0,8,20529,65476,0,0,26214,60.0,0.0,0.0,0.0,0.0,0.0
2026-05-17T18:03:41,ERR,ERR,ERR,ERR,ERR,ERR,ERR,ERR,ERR,ERR,ERR,ERR,ERR,ERR,ERR,ERR,ERR,ERR,ERR,ERR,ERR,ERR,ERR,ERR,ERR,ERR,ERR,ERR,ERR,ERR,ERR,ERR,ERR,ERR,ERR,ERR,ERR,ERR,ERR,ERR,ERR,ERR,ERR,ERR,ERR,ERR,ERR,ERR,ERR,ERR,ERR,ERR,ERR,ERR,ERR,ERR,ERR,ERR,ERR,ERR,ERR,ERR,ERR,ERR,ERR,ERR,ERR,ERR,ERR,ERR,ERR,ERR,ERR,ERR,ERR,ERR,ERR,ERR,ERR,ERR,ERR,ERR,ERR,ERR,ERR,ERR,ERR,ERR,ERR,ERR,ERR,ERR,ERR,ERR,ERR,ERR,ERR,ERR,ERR,ERR,ERR,ERR,ERR,ERR,ERR,ERR,ERR,ERR,ERR,ERR,ERR,ERR,ERR,ERR,ERR,ERR,ERR,ERR,ERR,ERR,ERR,ERR,ERR,ERR,ERR,-107615288.0,-0.0,-134474944.0,0.0,0.0,1.3936040501711995e+18,7.805,0.0,0,0,4,0,8422,0.0,45,0.0,0.0,0.0,0.0,0.0,0,0,0,0,0.0,0,0,0,0,0,0,0,0,0,0,0,0,0,0,0,0,0,0,0,0,0,0,0,0,0,0,0,0,0,0,0,0,0,38,14,7,45,65476,0,300,0,0,8,21553,0.0,-107605600.0,0.0,0.0,0.0,0.0,0.0,0.0,0.0,0.0,0.0,0.0,0.0,0.0,0.0,0.0,0.0,0.0,0.0,0.0,0.0,0.0,-2.004,-2.004,2.004,-2.004,0.0,0.0,0.0,0.0,5053.0,8608183296.0,0.0,-107615288.0,-0.0,-0.0,0.0,0.0,0.0,0.0,0.0,53,-0.0,1.9056860945658675e+17,0.0,0.0,0.0,0.0,0.0,0.0,0.0,0,0,0,0.0,0.0,0.0,0.0,0.0,0.0,0.0,0.0,0.0,0.0,0.0,0.0,0.0,0.0,0.0,0.0,0,-107875648.0,53,0.0,106,-107614832.0,-0.0,ERR,ERR,ERR,ERR,ERR,ERR,ERR,ERR,ERR,ERR,ERR,ERR,ERR,ERR,ERR,ERR,ERR,ERR,ERR,ERR,ERR,ERR,ERR,ERR,ERR,ERR,ERR,ERR,ERR,ERR,ERR,ERR,ERR,ERR,ERR,ERR,ERR,ERR,ERR,ERR,ERR,ERR,ERR,ERR,ERR,ERR,ERR,ERR,ERR,ERR,ERR,ERR,ERR,ERR,ERR,ERR,ERR,ERR,ERR,ERR,ERR,ERR,ERR,ERR,ERR,ERR,ERR,50.0,60.0,100,0.0,0.0,0.0,0.0,0.0,0.0,0.0,0.0,0.0,0.0,0.0,0.0,0.0,0.0,0.0,0.0,61.6,75,13,65511,50,65476,0,300,0,0,8,20529,65476,0,0,26214,60.0,0.0,0.0,0.0,0.0,0.0
2026-05-17T18:03:42,ERR,ERR,ERR,ERR,ERR,ERR,ERR,ERR,ERR,ERR,ERR,ERR,ERR,ERR,ERR,ERR,ERR,ERR,ERR,ERR,ERR,ERR,ERR,ERR,ERR,ERR,ERR,ERR,ERR,ERR,ERR,ERR,ERR,ERR,ERR,ERR,ERR,ERR,ERR,ERR,ERR,ERR,ERR,ERR,ERR,ERR,ERR,ERR,ERR,ERR,ERR,ERR,ERR,ERR,ERR,ERR,ERR,ERR,ERR,ERR,ERR,ERR,ERR,ERR,ERR,ERR,ERR,ERR,ERR,ERR,ERR,ERR,ERR,ERR,ERR,ERR,ERR,ERR,ERR,ERR,ERR,ERR,ERR,ERR,ERR,ERR,ERR,ERR,ERR,ERR,ERR,ERR,ERR,ERR,ERR,ERR,ERR,ERR,ERR,ERR,ERR,ERR,ERR,ERR,ERR,ERR,ERR,ERR,ERR,ERR,ERR,ERR,ERR,ERR,ERR,ERR,ERR,ERR,ERR,ERR,ERR,ERR,ERR,ERR,ERR,-107615288.0,-0.0,-134474944.0,0.0,0.0,1.3936040501711995e+18,7.805,0.0,0,0,4,0,8422,0.0,45,0.0,0.0,0.0,0.0,0.0,0,0,0,0,0.0,0,0,0,0,0,0,0,0,0,0,0,0,0,0,0,0,0,0,0,0,0,0,0,0,0,0,0,0,0,0,0,0,0,38,14,7,45,65476,0,300,0,0,8,21553,0.0,-107605600.0,0.0,0.0,0.0,0.0,0.0,0.0,0.0,0.0,0.0,0.0,0.0,0.0,0.0,0.0,0.0,0.0,0.0,0.0,0.0,0.0,-2.004,-2.004,2.004,-2.004,0.0,0.0,0.0,0.0,5053.0,8608183296.0,0.0,-107615288.0,-0.0,-0.0,0.0,0.0,0.0,0.0,0.0,53,-0.0,1.9056860945658675e+17,0.0,0.0,0.0,0.0,0.0,0.0,0.0,0,0,0,0.0,0.0,0.0,0.0,0.0,0.0,0.0,0.0,0.0,0.0,0.0,0.0,0.0,0.0,0.0,0.0,0,-107875648.0,53,0.0,106,-107614832.0,-0.0,ERR,ERR,ERR,ERR,ERR,ERR,ERR,ERR,ERR,ERR,ERR,ERR,ERR,ERR,ERR,ERR,ERR,ERR,ERR,ERR,ERR,ERR,ERR,ERR,ERR,ERR,ERR,ERR,ERR,ERR,ERR,ERR,ERR,ERR,ERR,ERR,ERR,ERR,ERR,ERR,ERR,ERR,ERR,ERR,ERR,ERR,ERR,ERR,ERR,ERR,ERR,ERR,ERR,ERR,ERR,ERR,ERR,ERR,ERR,ERR,ERR,ERR,ERR,ERR,ERR,ERR,ERR,50.0,60.0,100,0.0,0.0,0.0,0.0,0.0,0.0,0.0,0.0,0.0,0.0,0.0,0.0,0.0,0.0,0.0,0.0,61.6,75,13,65511,50,65476,0,300,0,0,8,20529,65476,0,0,26214,60.0,0.0,0.0,0.0,0.0,0.0
2026-05-17T18:03:43,ERR,ERR,ERR,ERR,ERR,ERR,ERR,ERR,ERR,ERR,ERR,ERR,ERR,ERR,ERR,ERR,ERR,ERR,ERR,ERR,ERR,ERR,ERR,ERR,ERR,ERR,ERR,ERR,ERR,ERR,ERR,ERR,ERR,ERR,ERR,ERR,ERR,ERR,ERR,ERR,ERR,ERR,ERR,ERR,ERR,ERR,ERR,ERR,ERR,ERR,ERR,ERR,ERR,ERR,ERR,ERR,ERR,ERR,ERR,ERR,ERR,ERR,ERR,ERR,ERR,ERR,ERR,ERR,ERR,ERR,ERR,ERR,ERR,ERR,ERR,ERR,ERR,ERR,ERR,ERR,ERR,ERR,ERR,ERR,ERR,ERR,ERR,ERR,ERR,ERR,ERR,ERR,ERR,ERR,ERR,ERR,ERR,ERR,ERR,ERR,ERR,ERR,ERR,ERR,ERR,ERR,ERR,ERR,ERR,ERR,ERR,ERR,ERR,ERR,ERR,ERR,ERR,ERR,ERR,ERR,ERR,ERR,ERR,ERR,ERR,-107615288.0,-0.0,-134474944.0,0.0,0.0,1.3936040501711995e+18,7.805,0.0,0,0,4,0,8422,0.0,45,0.0,0.0,0.0,0.0,0.0,0,0,0,0,0.0,0,0,0,0,0,0,0,0,0,0,0,0,0,0,0,0,0,0,0,0,0,0,0,0,0,0,0,0,0,0,0,0,0,38,14,7,45,65476,0,300,0,0,8,21553,0.0,-107605600.0,0.0,0.0,0.0,0.0,0.0,0.0,0.0,0.0,0.0,0.0,0.0,0.0,0.0,0.0,0.0,0.0,0.0,0.0,0.0,0.0,-2.004,-2.004,2.004,-2.004,0.0,0.0,0.0,0.0,5053.0,8608183296.0,0.0,-107615288.0,-0.0,-0.0,0.0,0.0,0.0,0.0,0.0,53,-0.0,1.9056860945658675e+17,0.0,0.0,0.0,0.0,0.0,0.0,0.0,0,0,0,0.0,0.0,0.0,0.0,0.0,0.0,0.0,0.0,0.0,0.0,0.0,0.0,0.0,0.0,0.0,0.0,0,-107875648.0,53,0.0,106,-107614832.0,-0.0,ERR,ERR,ERR,ERR,ERR,ERR,ERR,ERR,ERR,ERR,ERR,ERR,ERR,ERR,ERR,ERR,ERR,ERR,ERR,ERR,ERR,ERR,ERR,ERR,ERR,ERR,ERR,ERR,ERR,ERR,ERR,ERR,ERR,ERR,ERR,ERR,ERR,ERR,ERR,ERR,ERR,ERR,ERR,ERR,ERR,ERR,ERR,ERR,ERR,ERR,ERR,ERR,ERR,ERR,ERR,ERR,ERR,ERR,ERR,ERR,ERR,ERR,ERR,ERR,ERR,ERR,ERR,50.0,60.0,100,0.0,0.0,0.0,0.0,0.0,0.0,0.0,0.0,0.0,0.0,0.0,0.0,0.0,0.0,0.0,0.0,61.6,75,13,65511,50,65476,0,300,0,0,8,20529,65476,0,0,26214,60.0,0.0,0.0,0.0,0.0,0.0
2026-05-17T18:03:44,ERR,ERR,ERR,ERR,ERR,ERR,ERR,ERR,ERR,ERR,ERR,ERR,ERR,ERR,ERR,ERR,ERR,ERR,ERR,ERR,ERR,ERR,ERR,ERR,ERR,ERR,ERR,ERR,ERR,ERR,ERR,ERR,ERR,ERR,ERR,ERR,ERR,ERR,ERR,ERR,ERR,ERR,ERR,ERR,ERR,ERR,ERR,ERR,ERR,ERR,ERR,ERR,ERR,ERR,ERR,ERR,ERR,ERR,ERR,ERR,ERR,ERR,ERR,ERR,ERR,ERR,ERR,ERR,ERR,ERR,ERR,ERR,ERR,ERR,ERR,ERR,ERR,ERR,ERR,ERR,ERR,ERR,ERR,ERR,ERR,ERR,ERR,ERR,ERR,ERR,ERR,ERR,ERR,ERR,ERR,ERR,ERR,ERR,ERR,ERR,ERR,ERR,ERR,ERR,ERR,ERR,ERR,ERR,ERR,ERR,ERR,ERR,ERR,ERR,ERR,ERR,ERR,ERR,ERR,ERR,ERR,ERR,ERR,ERR,ERR,-107615288.0,-0.0,-134474944.0,0.0,0.0,1.3936040501711995e+18,7.805,0.0,0,0,4,0,8422,0.0,45,0.0,0.0,0.0,0.0,0.0,0,0,0,0,0.0,0,0,0,0,0,0,0,0,0,0,0,0,0,0,0,0,0,0,0,0,0,0,0,0,0,0,0,0,0,0,0,0,0,38,14,7,45,65476,0,300,0,0,8,21553,0.0,-107605600.0,0.0,0.0,0.0,0.0,0.0,0.0,0.0,0.0,0.0,0.0,0.0,0.0,0.0,0.0,0.0,0.0,0.0,0.0,0.0,0.0,-2.004,-2.004,2.004,-2.004,0.0,0.0,0.0,0.0,5050.0,2.422988192762658e+24,0.0,-107615288.0,-0.0,-0.0,0.0,0.0,0.0,0.0,0.0,53,-0.0,-0.0,0.0,0.0,0.0,0.0,0.0,0.0,0.0,0,0,0,0.0,0.0,0.0,0.0,0.0,0.0,0.0,0.0,0.0,0.0,0.0,0.0,0.0,0.0,0.0,0.0,0,-107875648.0,53,0.0,106,-107614832.0,-0.0,ERR,ERR,ERR,ERR,ERR,ERR,ERR,ERR,ERR,ERR,ERR,ERR,ERR,ERR,ERR,ERR,ERR,ERR,ERR,ERR,ERR,ERR,ERR,ERR,ERR,ERR,ERR,ERR,ERR,ERR,ERR,ERR,ERR,ERR,ERR,ERR,ERR,ERR,ERR,ERR,ERR,ERR,ERR,ERR,ERR,ERR,ERR,ERR,ERR,ERR,ERR,ERR,ERR,ERR,ERR,ERR,ERR,ERR,ERR,ERR,ERR,ERR,ERR,ERR,ERR,ERR,ERR,50.0,60.0,100,0.0,0.0,0.0,0.0,0.0,0.0,0.0,0.0,0.0,0.0,0.0,0.0,0.0,0.0,0.0,0.0,62.0,75,13,65511,50,65476,0,300,0,0,8,20529,65476,0,0,26214,60.0,0.0,0.0,0.0,0.0,0.0
2026-05-17T18:03:45,ERR,ERR,ERR,ERR,ERR,ERR,ERR,ERR,ERR,ERR,ERR,ERR,ERR,ERR,ERR,ERR,ERR,ERR,ERR,ERR,ERR,ERR,ERR,ERR,ERR,ERR,ERR,ERR,ERR,ERR,ERR,ERR,ERR,ERR,ERR,ERR,ERR,ERR,ERR,ERR,ERR,ERR,ERR,ERR,ERR,ERR,ERR,ERR,ERR,ERR,ERR,ERR,ERR,ERR,ERR,ERR,ERR,ERR,ERR,ERR,ERR,ERR,ERR,ERR,ERR,ERR,ERR,ERR,ERR,ERR,ERR,ERR,ERR,ERR,ERR,ERR,ERR,ERR,ERR,ERR,ERR,ERR,ERR,ERR,ERR,ERR,ERR,ERR,ERR,ERR,ERR,ERR,ERR,ERR,ERR,ERR,ERR,ERR,ERR,ERR,ERR,ERR,ERR,ERR,ERR,ERR,ERR,ERR,ERR,ERR,ERR,ERR,ERR,ERR,ERR,ERR,ERR,ERR,ERR,ERR,ERR,ERR,ERR,ERR,ERR,-107615288.0,-0.0,-134474944.0,0.0,0.0,1.3936040501711995e+18,7.805,0.0,0,0,4,0,8422,0.0,45,0.0,0.0,0.0,0.0,0.0,0,0,0,0,0.0,0,0,0,0,0,0,0,0,0,0,0,0,0,0,0,0,0,0,0,0,0,0,0,0,0,0,0,0,0,0,0,0,0,38,14,7,45,65476,0,300,0,0,8,21553,0.0,-107605600.0,0.0,0.0,0.0,0.0,0.0,0.0,0.0,0.0,0.0,0.0,0.0,0.0,0.0,0.0,0.0,0.0,0.0,0.0,0.0,0.0,-2.004,-2.004,2.004,-2.004,0.0,0.0,0.0,0.0,5050.0,2.422988192762658e+24,0.0,-107615288.0,-0.0,-0.0,0.0,0.0,0.0,0.0,0.0,53,-0.0,-0.0,0.0,0.0,0.0,0.0,0.0,0.0,0.0,0,0,0,0.0,0.0,0.0,0.0,0.0,0.0,0.0,0.0,0.0,0.0,0.0,0.0,0.0,0.0,0.0,0.0,0,-107875648.0,53,0.0,106,-107614832.0,-0.0,ERR,ERR,ERR,ERR,ERR,ERR,ERR,ERR,ERR,ERR,ERR,ERR,ERR,ERR,ERR,ERR,ERR,ERR,ERR,ERR,ERR,ERR,ERR,ERR,ERR,ERR,ERR,ERR,ERR,ERR,ERR,ERR,ERR,ERR,ERR,ERR,ERR,ERR,ERR,ERR,ERR,ERR,ERR,ERR,ERR,ERR,ERR,ERR,ERR,ERR,ERR,ERR,ERR,ERR,ERR,ERR,ERR,ERR,ERR,ERR,ERR,ERR,ERR,ERR,ERR,ERR,ERR,50.0,60.0,100,0.0,0.0,0.0,0.0,0.0,0.0,0.0,0.0,0.0,0.0,0.0,0.0,0.0,0.0,0.0,0.0,61.6,75,13,65511,50,65476,0,300,0,0,8,20529,65476,0,0,26214,60.0,0.0,0.0,0.0,0.0,0.0
2026-05-17T18:03:46,ERR,ERR,ERR,ERR,ERR,ERR,ERR,ERR,ERR,ERR,ERR,ERR,ERR,ERR,ERR,ERR,ERR,ERR,ERR,ERR,ERR,ERR,ERR,ERR,ERR,ERR,ERR,ERR,ERR,ERR,ERR,ERR,ERR,ERR,ERR,ERR,ERR,ERR,ERR,ERR,ERR,ERR,ERR,ERR,ERR,ERR,ERR,ERR,ERR,ERR,ERR,ERR,ERR,ERR,ERR,ERR,ERR,ERR,ERR,ERR,ERR,ERR,ERR,ERR,ERR,ERR,ERR,ERR,ERR,ERR,ERR,ERR,ERR,ERR,ERR,ERR,ERR,ERR,ERR,ERR,ERR,ERR,ERR,ERR,ERR,ERR,ERR,ERR,ERR,ERR,ERR,ERR,ERR,ERR,ERR,ERR,ERR,ERR,ERR,ERR,ERR,ERR,ERR,ERR,ERR,ERR,ERR,ERR,ERR,ERR,ERR,ERR,ERR,ERR,ERR,ERR,ERR,ERR,ERR,ERR,ERR,ERR,ERR,ERR,ERR,-107615288.0,-0.0,-134474944.0,0.0,0.0,1.3936040501711995e+18,7.805,0.0,0,0,4,0,8422,0.0,45,0.0,0.0,0.0,0.0,0.0,0,0,0,0,0.0,0,0,0,0,0,0,0,0,0,0,0,0,0,0,0,0,0,0,0,0,0,0,0,0,0,0,0,0,0,0,0,0,0,38,14,7,45,65476,0,300,0,0,8,21553,0.0,-107605600.0,0.0,0.0,0.0,0.0,0.0,0.0,0.0,0.0,0.0,0.0,0.0,0.0,0.0,0.0,0.0,0.0,0.0,0.0,0.0,0.0,-2.004,-2.004,2.004,-2.004,0.0,0.0,0.0,0.0,5050.0,2.422988192762658e+24,0.0,-107615288.0,-0.0,-0.0,0.0,0.0,0.0,0.0,0.0,53,-0.0,-0.0,0.0,0.0,0.0,0.0,0.0,0.0,0.0,0,0,0,0.0,0.0,0.0,0.0,0.0,0.0,0.0,0.0,0.0,0.0,0.0,0.0,0.0,0.0,0.0,0.0,0,-107875648.0,53,0.0,106,-107614832.0,-0.0,ERR,ERR,ERR,ERR,ERR,ERR,ERR,ERR,ERR,ERR,ERR,ERR,ERR,ERR,ERR,ERR,ERR,ERR,ERR,ERR,ERR,ERR,ERR,ERR,ERR,ERR,ERR,ERR,ERR,ERR,ERR,ERR,ERR,ERR,ERR,ERR,ERR,ERR,ERR,ERR,ERR,ERR,ERR,ERR,ERR,ERR,ERR,ERR,ERR,ERR,ERR,ERR,ERR,ERR,ERR,ERR,ERR,ERR,ERR,ERR,ERR,ERR,ERR,ERR,ERR,ERR,ERR,50.0,60.0,100,0.0,0.0,0.0,0.0,0.0,0.0,0.0,0.0,0.0,0.0,0.0,0.0,0.0,0.0,0.0,0.0,61.6,75,13,65511,50,65476,0,300,0,0,8,20529,65476,0,0,26214,60.0,0.0,0.0,0.0,0.0,0.0
2026-05-17T18:03:47,ERR,ERR,ERR,ERR,ERR,ERR,ERR,ERR,ERR,ERR,ERR,ERR,ERR,ERR,ERR,ERR,ERR,ERR,ERR,ERR,ERR,ERR,ERR,ERR,ERR,ERR,ERR,ERR,ERR,ERR,ERR,ERR,ERR,ERR,ERR,ERR,ERR,ERR,ERR,ERR,ERR,ERR,ERR,ERR,ERR,ERR,ERR,ERR,ERR,ERR,ERR,ERR,ERR,ERR,ERR,ERR,ERR,ERR,ERR,ERR,ERR,ERR,ERR,ERR,ERR,ERR,ERR,ERR,ERR,ERR,ERR,ERR,ERR,ERR,ERR,ERR,ERR,ERR,ERR,ERR,ERR,ERR,ERR,ERR,ERR,ERR,ERR,ERR,ERR,ERR,ERR,ERR,ERR,ERR,ERR,ERR,ERR,ERR,ERR,ERR,ERR,ERR,ERR,ERR,ERR,ERR,ERR,ERR,ERR,ERR,ERR,ERR,ERR,ERR,ERR,ERR,ERR,ERR,ERR,ERR,ERR,ERR,ERR,ERR,ERR,-107615288.0,-0.0,-134474944.0,0.0,0.0,1.3936040501711995e+18,7.805,0.0,0,0,4,0,8422,0.0,45,0.0,0.0,0.0,0.0,0.0,0,0,0,0,0.0,0,0,0,0,0,0,0,0,0,0,0,0,0,0,0,0,0,0,0,0,0,0,0,0,0,0,0,0,0,0,0,0,0,38,14,7,45,65476,0,300,0,0,8,21553,0.0,-107605600.0,0.0,0.0,0.0,0.0,0.0,0.0,0.0,0.0,0.0,0.0,0.0,0.0,0.0,0.0,0.0,0.0,0.0,0.0,0.0,0.0,-2.004,-2.004,2.004,-2.004,0.0,0.0,0.0,0.0,5050.0,2.422988192762658e+24,0.0,-107615288.0,-0.0,-0.0,0.0,0.0,0.0,0.0,0.0,53,-0.0,-0.0,0.0,0.0,0.0,0.0,0.0,0.0,0.0,0,0,0,0.0,0.0,0.0,0.0,0.0,0.0,0.0,0.0,0.0,0.0,0.0,0.0,0.0,0.0,0.0,0.0,0,-107875648.0,53,0.0,106,-107614832.0,-0.0,ERR,ERR,ERR,ERR,ERR,ERR,ERR,ERR,ERR,ERR,ERR,ERR,ERR,ERR,ERR,ERR,ERR,ERR,ERR,ERR,ERR,ERR,ERR,ERR,ERR,ERR,ERR,ERR,ERR,ERR,ERR,ERR,ERR,ERR,ERR,ERR,ERR,ERR,ERR,ERR,ERR,ERR,ERR,ERR,ERR,ERR,ERR,ERR,ERR,ERR,ERR,ERR,ERR,ERR,ERR,ERR,ERR,ERR,ERR,ERR,ERR,ERR,ERR,ERR,ERR,ERR,ERR,50.0,60.0,100,0.0,0.0,0.0,0.0,0.0,0.0,0.0,0.0,0.0,0.0,0.0,0.0,0.0,0.0,0.0,0.0,62.0,75,13,65511,50,65476,0,300,0,0,8,20529,65476,0,0,26214,60.0,0.0,0.0,0.0,0.0,0.0
2026-05-17T18:03:48,ERR,ERR,ERR,ERR,ERR,ERR,ERR,ERR,ERR,ERR,ERR,ERR,ERR,ERR,ERR,ERR,ERR,ERR,ERR,ERR,ERR,ERR,ERR,ERR,ERR,ERR,ERR,ERR,ERR,ERR,ERR,ERR,ERR,ERR,ERR,ERR,ERR,ERR,ERR,ERR,ERR,ERR,ERR,ERR,ERR,ERR,ERR,ERR,ERR,ERR,ERR,ERR,ERR,ERR,ERR,ERR,ERR,ERR,ERR,ERR,ERR,ERR,ERR,ERR,ERR,ERR,ERR,ERR,ERR,ERR,ERR,ERR,ERR,ERR,ERR,ERR,ERR,ERR,ERR,ERR,ERR,ERR,ERR,ERR,ERR,ERR,ERR,ERR,ERR,ERR,ERR,ERR,ERR,ERR,ERR,ERR,ERR,ERR,ERR,ERR,ERR,ERR,ERR,ERR,ERR,ERR,ERR,ERR,ERR,ERR,ERR,ERR,ERR,ERR,ERR,ERR,ERR,ERR,ERR,ERR,ERR,ERR,ERR,ERR,ERR,-107615288.0,-0.0,-134474944.0,0.0,0.0,1.3936040501711995e+18,7.805,0.0,0,0,4,0,8422,0.0,45,0.0,0.0,0.0,0.0,0.0,0,0,0,0,0.0,0,0,0,0,0,0,0,0,0,0,0,0,0,0,0,0,0,0,0,0,0,0,0,0,0,0,0,0,0,0,0,0,0,38,14,7,45,65476,0,300,0,0,8,21553,0.0,-107605600.0,0.0,0.0,0.0,0.0,0.0,0.0,0.0,0.0,0.0,0.0,0.0,0.0,0.0,0.0,0.0,0.0,0.0,0.0,0.0,0.0,-2.004,-2.004,2.004,-2.004,0.0,0.0,0.0,0.0,5050.0,2.422988192762658e+24,0.0,-107615288.0,-0.0,-0.0,0.0,0.0,0.0,0.0,0.0,53,-0.0,-0.0,0.0,0.0,0.0,0.0,0.0,0.0,0.0,0,0,0,0.0,0.0,0.0,0.0,0.0,0.0,0.0,0.0,0.0,0.0,0.0,0.0,0.0,0.0,0.0,0.0,0,-107875648.0,53,0.0,106,-107614832.0,-0.0,ERR,ERR,ERR,ERR,ERR,ERR,ERR,ERR,ERR,ERR,ERR,ERR,ERR,ERR,ERR,ERR,ERR,ERR,ERR,ERR,ERR,ERR,ERR,ERR,ERR,ERR,ERR,ERR,ERR,ERR,ERR,ERR,ERR,ERR,ERR,ERR,ERR,ERR,ERR,ERR,ERR,ERR,ERR,ERR,ERR,ERR,ERR,ERR,ERR,ERR,ERR,ERR,ERR,ERR,ERR,ERR,ERR,ERR,ERR,ERR,ERR,ERR,ERR,ERR,ERR,ERR,ERR,50.0,60.0,100,0.0,0.0,0.0,0.0,0.0,0.0,0.0,0.0,0.0,0.0,0.0,0.0,0.0,0.0,0.0,0.0,62.0,75,13,65511,50,65476,0,300,0,0,8,20529,65476,0,0,26214,60.0,0.0,0.0,0.0,0.0,0.0
2026-05-17T18:03:49,ERR,ERR,ERR,ERR,ERR,ERR,ERR,ERR,ERR,ERR,ERR,ERR,ERR,ERR,ERR,ERR,ERR,ERR,ERR,ERR,ERR,ERR,ERR,ERR,ERR,ERR,ERR,ERR,ERR,ERR,ERR,ERR,ERR,ERR,ERR,ERR,ERR,ERR,ERR,ERR,ERR,ERR,ERR,ERR,ERR,ERR,ERR,ERR,ERR,ERR,ERR,ERR,ERR,ERR,ERR,ERR,ERR,ERR,ERR,ERR,ERR,ERR,ERR,ERR,ERR,ERR,ERR,ERR,ERR,ERR,ERR,ERR,ERR,ERR,ERR,ERR,ERR,ERR,ERR,ERR,ERR,ERR,ERR,ERR,ERR,ERR,ERR,ERR,ERR,ERR,ERR,ERR,ERR,ERR,ERR,ERR,ERR,ERR,ERR,ERR,ERR,ERR,ERR,ERR,ERR,ERR,ERR,ERR,ERR,ERR,ERR,ERR,ERR,ERR,ERR,ERR,ERR,ERR,ERR,ERR,ERR,ERR,ERR,ERR,ERR,-107615288.0,-0.0,-134474944.0,0.0,0.0,1.3936040501711995e+18,7.805,0.0,0,0,4,0,8422,0.0,45,0.0,0.0,0.0,0.0,0.0,0,0,0,0,0.0,0,0,0,0,0,0,0,0,0,0,0,0,0,0,0,0,0,0,0,0,0,0,0,0,0,0,0,0,0,0,0,0,0,38,14,7,45,65476,0,300,0,0,8,21553,0.0,-107605600.0,0.0,0.0,0.0,0.0,0.0,0.0,0.0,0.0,0.0,0.0,0.0,0.0,0.0,0.0,0.0,0.0,0.0,0.0,0.0,0.0,-2.004,0.0,2.004,-2.004,0.0,0.0,0.0,0.0,5049.0,0.0,0.0,-107615288.0,-0.0,-0.0,0.0,0.0,0.0,0.0,0.0,53,-0.0,0.0,0.0,0.0,0.0,0.0,0.0,0.0,0.0,0,0,0,0.0,0.0,0.0,0.0,0.0,0.0,0.0,0.0,0.0,0.0,0.0,0.0,0.0,0.0,0.0,0.0,0,-107875648.0,53,0.0,106,-107614832.0,-0.0,ERR,ERR,ERR,ERR,ERR,ERR,ERR,ERR,ERR,ERR,ERR,ERR,ERR,ERR,ERR,ERR,ERR,ERR,ERR,ERR,ERR,ERR,ERR,ERR,ERR,ERR,ERR,ERR,ERR,ERR,ERR,ERR,ERR,ERR,ERR,ERR,ERR,ERR,ERR,ERR,ERR,ERR,ERR,ERR,ERR,ERR,ERR,ERR,ERR,ERR,ERR,ERR,ERR,ERR,ERR,ERR,ERR,ERR,ERR,ERR,ERR,ERR,ERR,ERR,ERR,ERR,ERR,50.0,60.0,100,0.0,0.0,0.0,0.0,0.0,0.0,0.0,0.0,0.0,0.0,0.0,0.0,0.0,0.0,0.0,0.0,61.6,75,13,65511,50,65476,0,300,0,0,8,20529,65476,0,0,26214,60.0,0.0,0.0,0.0,0.0,0.0
2026-05-17T18:03:50,ERR,ERR,ERR,ERR,ERR,ERR,ERR,ERR,ERR,ERR,ERR,ERR,ERR,ERR,ERR,ERR,ERR,ERR,ERR,ERR,ERR,ERR,ERR,ERR,ERR,ERR,ERR,ERR,ERR,ERR,ERR,ERR,ERR,ERR,ERR,ERR,ERR,ERR,ERR,ERR,ERR,ERR,ERR,ERR,ERR,ERR,ERR,ERR,ERR,ERR,ERR,ERR,ERR,ERR,ERR,ERR,ERR,ERR,ERR,ERR,ERR,ERR,ERR,ERR,ERR,ERR,ERR,ERR,ERR,ERR,ERR,ERR,ERR,ERR,ERR,ERR,ERR,ERR,ERR,ERR,ERR,ERR,ERR,ERR,ERR,ERR,ERR,ERR,ERR,ERR,ERR,ERR,ERR,ERR,ERR,ERR,ERR,ERR,ERR,ERR,ERR,ERR,ERR,ERR,ERR,ERR,ERR,ERR,ERR,ERR,ERR,ERR,ERR,ERR,ERR,ERR,ERR,ERR,ERR,ERR,ERR,ERR,ERR,ERR,ERR,-107615288.0,-0.0,-134474944.0,0.0,0.0,1.3936040501711995e+18,7.805,0.0,0,0,4,0,8422,0.0,45,0.0,0.0,0.0,0.0,0.0,0,0,0,0,0.0,0,0,0,0,0,0,0,0,0,0,0,0,0,0,0,0,0,0,0,0,0,0,0,0,0,0,0,0,0,0,0,0,0,38,14,7,45,65476,0,300,0,0,8,21553,0.0,-107605600.0,0.0,0.0,0.0,0.0,0.0,0.0,0.0,0.0,0.0,0.0,0.0,0.0,0.0,0.0,0.0,0.0,0.0,0.0,0.0,0.0,-2.004,0.0,2.004,-2.004,0.0,0.0,0.0,0.0,5049.0,0.0,0.0,-107615288.0,-0.0,-0.0,0.0,0.0,0.0,0.0,0.0,53,-0.0,0.0,0.0,0.0,0.0,0.0,0.0,0.0,0.0,0,0,0,0.0,0.0,0.0,0.0,0.0,0.0,0.0,0.0,0.0,0.0,0.0,0.0,0.0,0.0,0.0,0.0,0,-107875648.0,53,0.0,106,-107614832.0,-0.0,ERR,ERR,ERR,ERR,ERR,ERR,ERR,ERR,ERR,ERR,ERR,ERR,ERR,ERR,ERR,ERR,ERR,ERR,ERR,ERR,ERR,ERR,ERR,ERR,ERR,ERR,ERR,ERR,ERR,ERR,ERR,ERR,ERR,ERR,ERR,ERR,ERR,ERR,ERR,ERR,ERR,ERR,ERR,ERR,ERR,ERR,ERR,ERR,ERR,ERR,ERR,ERR,ERR,ERR,ERR,ERR,ERR,ERR,ERR,ERR,ERR,ERR,ERR,ERR,ERR,ERR,ERR,50.0,60.0,100,0.0,0.0,0.0,0.0,0.0,0.0,0.0,0.0,0.0,0.0,0.0,0.0,0.0,0.0,0.0,0.0,61.6,75,13,65511,50,65476,0,300,0,0,8,20529,65476,0,0,26214,60.0,0.0,0.0,0.0,0.0,0.0
2026-05-17T18:03:51,ERR,ERR,ERR,ERR,ERR,ERR,ERR,ERR,ERR,ERR,ERR,ERR,ERR,ERR,ERR,ERR,ERR,ERR,ERR,ERR,ERR,ERR,ERR,ERR,ERR,ERR,ERR,ERR,ERR,ERR,ERR,ERR,ERR,ERR,ERR,ERR,ERR,ERR,ERR,ERR,ERR,ERR,ERR,ERR,ERR,ERR,ERR,ERR,ERR,ERR,ERR,ERR,ERR,ERR,ERR,ERR,ERR,ERR,ERR,ERR,ERR,ERR,ERR,ERR,ERR,ERR,ERR,ERR,ERR,ERR,ERR,ERR,ERR,ERR,ERR,ERR,ERR,ERR,ERR,ERR,ERR,ERR,ERR,ERR,ERR,ERR,ERR,ERR,ERR,ERR,ERR,ERR,ERR,ERR,ERR,ERR,ERR,ERR,ERR,ERR,ERR,ERR,ERR,ERR,ERR,ERR,ERR,ERR,ERR,ERR,ERR,ERR,ERR,ERR,ERR,ERR,ERR,ERR,ERR,ERR,ERR,ERR,ERR,ERR,ERR,-107615288.0,-0.0,-134474944.0,0.0,0.0,1.3936040501711995e+18,7.805,0.0,0,0,4,0,8422,0.0,45,0.0,0.0,0.0,0.0,0.0,0,0,0,0,0.0,0,0,0,0,0,0,0,0,0,0,0,0,0,0,0,0,0,0,0,0,0,0,0,0,0,0,0,0,0,0,0,0,0,38,14,7,45,65476,0,300,0,0,8,21553,0.0,-107605600.0,0.0,0.0,0.0,0.0,0.0,0.0,0.0,0.0,0.0,0.0,0.0,0.0,0.0,0.0,0.0,0.0,0.0,0.0,0.0,0.0,-2.004,0.0,2.004,-2.004,0.0,0.0,0.0,0.0,5049.0,0.0,0.0,-107615288.0,-0.0,-0.0,0.0,0.0,0.0,0.0,0.0,53,-0.0,0.0,0.0,0.0,0.0,0.0,0.0,0.0,0.0,0,0,0,0.0,0.0,0.0,0.0,0.0,0.0,0.0,0.0,0.0,0.0,0.0,0.0,0.0,0.0,0.0,0.0,0,-107875648.0,53,0.0,106,-107614832.0,-0.0,ERR,ERR,ERR,ERR,ERR,ERR,ERR,ERR,ERR,ERR,ERR,ERR,ERR,ERR,ERR,ERR,ERR,ERR,ERR,ERR,ERR,ERR,ERR,ERR,ERR,ERR,ERR,ERR,ERR,ERR,ERR,ERR,ERR,ERR,ERR,ERR,ERR,ERR,ERR,ERR,ERR,ERR,ERR,ERR,ERR,ERR,ERR,ERR,ERR,ERR,ERR,ERR,ERR,ERR,ERR,ERR,ERR,ERR,ERR,ERR,ERR,ERR,ERR,ERR,ERR,ERR,ERR,50.0,60.0,100,0.0,0.0,0.0,0.0,0.0,0.0,0.0,0.0,0.0,0.0,0.0,0.0,0.0,0.0,0.0,0.0,62.0,75,13,65511,50,65476,0,300,0,0,8,20529,65476,0,0,26214,60.0,0.0,0.0,0.0,0.0,0.0
2026-05-17T18:03:52,ERR,ERR,ERR,ERR,ERR,ERR,ERR,ERR,ERR,ERR,ERR,ERR,ERR,ERR,ERR,ERR,ERR,ERR,ERR,ERR,ERR,ERR,ERR,ERR,ERR,ERR,ERR,ERR,ERR,ERR,ERR,ERR,ERR,ERR,ERR,ERR,ERR,ERR,ERR,ERR,ERR,ERR,ERR,ERR,ERR,ERR,ERR,ERR,ERR,ERR,ERR,ERR,ERR,ERR,ERR,ERR,ERR,ERR,ERR,ERR,ERR,ERR,ERR,ERR,ERR,ERR,ERR,ERR,ERR,ERR,ERR,ERR,ERR,ERR,ERR,ERR,ERR,ERR,ERR,ERR,ERR,ERR,ERR,ERR,ERR,ERR,ERR,ERR,ERR,ERR,ERR,ERR,ERR,ERR,ERR,ERR,ERR,ERR,ERR,ERR,ERR,ERR,ERR,ERR,ERR,ERR,ERR,ERR,ERR,ERR,ERR,ERR,ERR,ERR,ERR,ERR,ERR,ERR,ERR,ERR,ERR,ERR,ERR,ERR,ERR,-107615288.0,-0.0,-134474944.0,0.0,0.0,1.3936040501711995e+18,7.805,0.0,0,0,4,0,8422,0.0,45,0.0,0.0,0.0,0.0,0.0,0,0,0,0,0.0,0,0,0,0,0,0,0,0,0,0,0,0,0,0,0,0,0,0,0,0,0,0,0,0,0,0,0,0,0,0,0,0,0,38,14,7,45,65476,0,300,0,0,8,21553,0.0,-107605600.0,0.0,0.0,0.0,0.0,0.0,0.0,0.0,0.0,0.0,0.0,0.0,0.0,0.0,0.0,0.0,0.0,0.0,0.0,0.0,0.0,-2.004,0.0,2.004,-2.004,0.0,0.0,0.0,0.0,5049.0,0.0,0.0,-107615288.0,-0.0,-0.0,0.0,0.0,0.0,0.0,0.0,53,-0.0,0.0,0.0,0.0,0.0,0.0,0.0,0.0,0.0,0,0,0,0.0,0.0,0.0,0.0,0.0,0.0,0.0,0.0,0.0,0.0,0.0,0.0,0.0,0.0,0.0,0.0,0,-107875648.0,53,0.0,106,-107614832.0,-0.0,ERR,ERR,ERR,ERR,ERR,ERR,ERR,ERR,ERR,ERR,ERR,ERR,ERR,ERR,ERR,ERR,ERR,ERR,ERR,ERR,ERR,ERR,ERR,ERR,ERR,ERR,ERR,ERR,ERR,ERR,ERR,ERR,ERR,ERR,ERR,ERR,ERR,ERR,ERR,ERR,ERR,ERR,ERR,ERR,ERR,ERR,ERR,ERR,ERR,ERR,ERR,ERR,ERR,ERR,ERR,ERR,ERR,ERR,ERR,ERR,ERR,ERR,ERR,ERR,ERR,ERR,ERR,50.0,60.0,100,0.0,0.0,0.0,0.0,0.0,0.0,0.0,0.0,0.0,0.0,0.0,0.0,0.0,0.0,0.0,0.0,61.6,75,13,65511,50,65476,0,300,0,0,8,20529,65476,0,0,26214,60.0,0.0,0.0,0.0,0.0,0.0
2026-05-17T18:03:53,ERR,ERR,ERR,ERR,ERR,ERR,ERR,ERR,ERR,ERR,ERR,ERR,ERR,ERR,ERR,ERR,ERR,ERR,ERR,ERR,ERR,ERR,ERR,ERR,ERR,ERR,ERR,ERR,ERR,ERR,ERR,ERR,ERR,ERR,ERR,ERR,ERR,ERR,ERR,ERR,ERR,ERR,ERR,ERR,ERR,ERR,ERR,ERR,ERR,ERR,ERR,ERR,ERR,ERR,ERR,ERR,ERR,ERR,ERR,ERR,ERR,ERR,ERR,ERR,ERR,ERR,ERR,ERR,ERR,ERR,ERR,ERR,ERR,ERR,ERR,ERR,ERR,ERR,ERR,ERR,ERR,ERR,ERR,ERR,ERR,ERR,ERR,ERR,ERR,ERR,ERR,ERR,ERR,ERR,ERR,ERR,ERR,ERR,ERR,ERR,ERR,ERR,ERR,ERR,ERR,ERR,ERR,ERR,ERR,ERR,ERR,ERR,ERR,ERR,ERR,ERR,ERR,ERR,ERR,ERR,ERR,ERR,ERR,ERR,ERR,-107615288.0,-0.0,-134474944.0,0.0,0.0,1.3936040501711995e+18,7.805,0.0,0,0,4,0,8422,0.0,45,0.0,0.0,0.0,0.0,0.0,0,0,0,0,0.0,0,0,0,0,0,0,0,0,0,0,0,0,0,0,0,0,0,0,0,0,0,0,0,0,0,0,0,0,0,0,0,0,0,38,14,7,45,65476,0,300,0,0,8,21553,0.0,-107605600.0,0.0,0.0,0.0,0.0,0.0,0.0,0.0,0.0,0.0,0.0,0.0,0.0,0.0,0.0,0.0,0.0,0.0,0.0,0.0,0.0,-2.004,0.0,2.004,-2.004,0.0,0.0,0.0,0.0,5049.0,0.0,0.0,-107615288.0,-0.0,-0.0,0.0,0.0,0.0,0.0,0.0,53,-0.0,0.0,0.0,0.0,0.0,0.0,0.0,0.0,0.0,0,0,0,0.0,0.0,0.0,0.0,0.0,0.0,0.0,0.0,0.0,0.0,0.0,0.0,0.0,0.0,0.0,0.0,0,-107875648.0,53,0.0,106,-107614832.0,-0.0,ERR,ERR,ERR,ERR,ERR,ERR,ERR,ERR,ERR,ERR,ERR,ERR,ERR,ERR,ERR,ERR,ERR,ERR,ERR,ERR,ERR,ERR,ERR,ERR,ERR,ERR,ERR,ERR,ERR,ERR,ERR,ERR,ERR,ERR,ERR,ERR,ERR,ERR,ERR,ERR,ERR,ERR,ERR,ERR,ERR,ERR,ERR,ERR,ERR,ERR,ERR,ERR,ERR,ERR,ERR,ERR,ERR,ERR,ERR,ERR,ERR,ERR,ERR,ERR,ERR,ERR,ERR,50.0,60.0,100,0.0,0.0,0.0,0.0,0.0,0.0,0.0,0.0,0.0,0.0,0.0,0.0,0.0,0.0,0.0,0.0,61.6,75,13,65511,50,65476,0,300,0,0,8,20529,65476,0,0,26214,60.0,0.0,0.0,0.0,0.0,0.0
2026-05-17T18:03:54,ERR,ERR,ERR,ERR,ERR,ERR,ERR,ERR,ERR,ERR,ERR,ERR,ERR,ERR,ERR,ERR,ERR,ERR,ERR,ERR,ERR,ERR,ERR,ERR,ERR,ERR,ERR,ERR,ERR,ERR,ERR,ERR,ERR,ERR,ERR,ERR,ERR,ERR,ERR,ERR,ERR,ERR,ERR,ERR,ERR,ERR,ERR,ERR,ERR,ERR,ERR,ERR,ERR,ERR,ERR,ERR,ERR,ERR,ERR,ERR,ERR,ERR,ERR,ERR,ERR,ERR,ERR,ERR,ERR,ERR,ERR,ERR,ERR,ERR,ERR,ERR,ERR,ERR,ERR,ERR,ERR,ERR,ERR,ERR,ERR,ERR,ERR,ERR,ERR,ERR,ERR,ERR,ERR,ERR,ERR,ERR,ERR,ERR,ERR,ERR,ERR,ERR,ERR,ERR,ERR,ERR,ERR,ERR,ERR,ERR,ERR,ERR,ERR,ERR,ERR,ERR,ERR,ERR,ERR,ERR,ERR,ERR,ERR,ERR,ERR,-107615288.0,-107615296.0,0.0,0.0,0.0,1.3936040501711995e+18,7.805,0.0,0,0,4,0,8422,0.0,45,0.0,0.0,0.0,0.0,0.0,0,0,0,0,0.0,0,0,0,0,0,0,0,0,0,0,0,0,0,0,0,0,0,0,0,0,0,0,0,0,0,0,0,0,0,0,0,0,0,38,14,7,45,65476,0,300,0,0,8,21553,0.0,-107605600.0,0.0,0.0,0.0,0.0,0.0,0.0,0.0,0.0,0.0,0.0,0.0,0.0,-2.596148429267414e+33,0.0,0.0,0.0,0.0,0.0,0.0,0.0,-2.004,-2.004,2.004,-2.004,0.0,0.0,0.0,0.0,5052.0,0.0,0.0,-107615288.0,-0.0,-0.0,0.0,0.0,0.0,0.0,0.0,53,-0.0,0.0,0.0,0.0,0.0,0.0,0.0,0.0,0.0,0,0,0,0.0,0.0,0.0,0.0,0.0,0.0,0.0,0.0,0.0,0.0,0.0,0.0,0.0,0.0,0.0,0.0,0,-107875648.0,53,0.0,106,-107614832.0,-0.0,ERR,ERR,ERR,ERR,ERR,ERR,ERR,ERR,ERR,ERR,ERR,ERR,ERR,ERR,ERR,ERR,ERR,ERR,ERR,ERR,ERR,ERR,ERR,ERR,ERR,ERR,ERR,ERR,ERR,ERR,ERR,ERR,ERR,ERR,ERR,ERR,ERR,ERR,ERR,ERR,ERR,ERR,ERR,ERR,ERR,ERR,ERR,ERR,ERR,ERR,ERR,ERR,ERR,ERR,ERR,ERR,ERR,ERR,ERR,ERR,ERR,ERR,ERR,ERR,ERR,ERR,ERR,50.0,60.0,100,0.0,0.0,0.0,0.0,0.0,0.0,0.0,0.0,0.0,0.0,0.0,0.0,0.0,0.0,0.0,0.0,61.6,75,13,65511,50,65476,0,300,0,0,8,20529,65476,0,0,26214,60.0,0.0,0.0,0.0,0.0,0.0
2026-05-17T18:03:55,ERR,ERR,ERR,ERR,ERR,ERR,ERR,ERR,ERR,ERR,ERR,ERR,ERR,ERR,ERR,ERR,ERR,ERR,ERR,ERR,ERR,ERR,ERR,ERR,ERR,ERR,ERR,ERR,ERR,ERR,ERR,ERR,ERR,ERR,ERR,ERR,ERR,ERR,ERR,ERR,ERR,ERR,ERR,ERR,ERR,ERR,ERR,ERR,ERR,ERR,ERR,ERR,ERR,ERR,ERR,ERR,ERR,ERR,ERR,ERR,ERR,ERR,ERR,ERR,ERR,ERR,ERR,ERR,ERR,ERR,ERR,ERR,ERR,ERR,ERR,ERR,ERR,ERR,ERR,ERR,ERR,ERR,ERR,ERR,ERR,ERR,ERR,ERR,ERR,ERR,ERR,ERR,ERR,ERR,ERR,ERR,ERR,ERR,ERR,ERR,ERR,ERR,ERR,ERR,ERR,ERR,ERR,ERR,ERR,ERR,ERR,ERR,ERR,ERR,ERR,ERR,ERR,ERR,ERR,ERR,ERR,ERR,ERR,ERR,ERR,-107615288.0,-107615296.0,0.0,0.0,0.0,1.3936040501711995e+18,7.805,0.0,0,0,4,0,8422,0.0,45,0.0,0.0,0.0,0.0,0.0,0,0,0,0,0.0,0,0,0,0,0,0,0,0,0,0,0,0,0,0,0,0,0,0,0,0,0,0,0,0,0,0,0,0,0,0,0,0,0,38,14,7,45,65476,0,300,0,0,8,21553,0.0,-107605600.0,0.0,0.0,0.0,0.0,0.0,0.0,0.0,0.0,0.0,0.0,0.0,0.0,-2.596148429267414e+33,0.0,0.0,0.0,0.0,0.0,0.0,0.0,-2.004,-2.004,2.004,-2.004,0.0,0.0,0.0,0.0,5052.0,0.0,0.0,-107615288.0,-0.0,-0.0,0.0,0.0,0.0,0.0,0.0,53,-0.0,0.0,0.0,0.0,0.0,0.0,0.0,0.0,0.0,0,0,0,0.0,0.0,0.0,0.0,0.0,0.0,0.0,0.0,0.0,0.0,0.0,0.0,0.0,0.0,0.0,0.0,0,-107875648.0,53,0.0,106,-107614832.0,-0.0,ERR,ERR,ERR,ERR,ERR,ERR,ERR,ERR,ERR,ERR,ERR,ERR,ERR,ERR,ERR,ERR,ERR,ERR,ERR,ERR,ERR,ERR,ERR,ERR,ERR,ERR,ERR,ERR,ERR,ERR,ERR,ERR,ERR,ERR,ERR,ERR,ERR,ERR,ERR,ERR,ERR,ERR,ERR,ERR,ERR,ERR,ERR,ERR,ERR,ERR,ERR,ERR,ERR,ERR,ERR,ERR,ERR,ERR,ERR,ERR,ERR,ERR,ERR,ERR,ERR,ERR,ERR,50.0,60.0,100,0.0,0.0,0.0,0.0,0.0,0.0,0.0,0.0,0.0,0.0,0.0,0.0,0.0,0.0,0.0,0.0,61.6,75,13,65511,50,65476,0,300,0,0,8,20529,65476,0,0,26214,60.0,0.0,0.0,0.0,0.0,0.0
2026-05-17T18:03:56,ERR,ERR,ERR,ERR,ERR,ERR,ERR,ERR,ERR,ERR,ERR,ERR,ERR,ERR,ERR,ERR,ERR,ERR,ERR,ERR,ERR,ERR,ERR,ERR,ERR,ERR,ERR,ERR,ERR,ERR,ERR,ERR,ERR,ERR,ERR,ERR,ERR,ERR,ERR,ERR,ERR,ERR,ERR,ERR,ERR,ERR,ERR,ERR,ERR,ERR,ERR,ERR,ERR,ERR,ERR,ERR,ERR,ERR,ERR,ERR,ERR,ERR,ERR,ERR,ERR,ERR,ERR,ERR,ERR,ERR,ERR,ERR,ERR,ERR,ERR,ERR,ERR,ERR,ERR,ERR,ERR,ERR,ERR,ERR,ERR,ERR,ERR,ERR,ERR,ERR,ERR,ERR,ERR,ERR,ERR,ERR,ERR,ERR,ERR,ERR,ERR,ERR,ERR,ERR,ERR,ERR,ERR,ERR,ERR,ERR,ERR,ERR,ERR,ERR,ERR,ERR,ERR,ERR,ERR,ERR,ERR,ERR,ERR,ERR,ERR,-107615288.0,-107615296.0,0.0,0.0,0.0,1.3936040501711995e+18,7.805,0.0,0,0,4,0,8422,0.0,45,0.0,0.0,0.0,0.0,0.0,0,0,0,0,0.0,0,0,0,0,0,0,0,0,0,0,0,0,0,0,0,0,0,0,0,0,0,0,0,0,0,0,0,0,0,0,0,0,0,38,14,7,45,65476,0,300,0,0,8,21553,0.0,-107605600.0,0.0,0.0,0.0,0.0,0.0,0.0,0.0,0.0,0.0,0.0,0.0,0.0,-2.596148429267414e+33,0.0,0.0,0.0,0.0,0.0,0.0,0.0,-2.004,-2.004,2.004,-2.004,0.0,0.0,0.0,0.0,5052.0,0.0,0.0,-107615288.0,-0.0,-0.0,0.0,0.0,0.0,0.0,0.0,53,-0.0,0.0,0.0,0.0,0.0,0.0,0.0,0.0,0.0,0,0,0,0.0,0.0,0.0,0.0,0.0,0.0,0.0,0.0,0.0,0.0,0.0,0.0,0.0,0.0,0.0,0.0,0,-107875648.0,53,0.0,106,-107614832.0,-0.0,ERR,ERR,ERR,ERR,ERR,ERR,ERR,ERR,ERR,ERR,ERR,ERR,ERR,ERR,ERR,ERR,ERR,ERR,ERR,ERR,ERR,ERR,ERR,ERR,ERR,ERR,ERR,ERR,ERR,ERR,ERR,ERR,ERR,ERR,ERR,ERR,ERR,ERR,ERR,ERR,ERR,ERR,ERR,ERR,ERR,ERR,ERR,ERR,ERR,ERR,ERR,ERR,ERR,ERR,ERR,ERR,ERR,ERR,ERR,ERR,ERR,ERR,ERR,ERR,ERR,ERR,ERR,50.0,60.0,100,0.0,0.0,0.0,0.0,0.0,0.0,0.0,0.0,0.0,0.0,0.0,0.0,0.0,0.0,0.0,0.0,62.0,75,13,65511,50,65476,0,300,0,0,8,20529,65476,0,0,26214,60.0,0.0,0.0,0.0,0.0,0.0
2026-05-17T18:03:57,ERR,ERR,ERR,ERR,ERR,ERR,ERR,ERR,ERR,ERR,ERR,ERR,ERR,ERR,ERR,ERR,ERR,ERR,ERR,ERR,ERR,ERR,ERR,ERR,ERR,ERR,ERR,ERR,ERR,ERR,ERR,ERR,ERR,ERR,ERR,ERR,ERR,ERR,ERR,ERR,ERR,ERR,ERR,ERR,ERR,ERR,ERR,ERR,ERR,ERR,ERR,ERR,ERR,ERR,ERR,ERR,ERR,ERR,ERR,ERR,ERR,ERR,ERR,ERR,ERR,ERR,ERR,ERR,ERR,ERR,ERR,ERR,ERR,ERR,ERR,ERR,ERR,ERR,ERR,ERR,ERR,ERR,ERR,ERR,ERR,ERR,ERR,ERR,ERR,ERR,ERR,ERR,ERR,ERR,ERR,ERR,ERR,ERR,ERR,ERR,ERR,ERR,ERR,ERR,ERR,ERR,ERR,ERR,ERR,ERR,ERR,ERR,ERR,ERR,ERR,ERR,ERR,ERR,ERR,ERR,ERR,ERR,ERR,ERR,ERR,-107615288.0,-107615296.0,0.0,0.0,0.0,1.3936040501711995e+18,7.805,0.0,0,0,4,0,8422,0.0,45,0.0,0.0,0.0,0.0,0.0,0,0,0,0,0.0,0,0,0,0,0,0,0,0,0,0,0,0,0,0,0,0,0,0,0,0,0,0,0,0,0,0,0,0,0,0,0,0,0,38,14,7,45,65476,0,300,0,0,8,21553,0.0,-107605600.0,0.0,0.0,0.0,0.0,0.0,0.0,0.0,0.0,0.0,0.0,0.0,0.0,-2.596148429267414e+33,0.0,0.0,0.0,0.0,0.0,0.0,0.0,-2.004,-2.004,2.004,-2.004,0.0,0.0,0.0,0.0,5052.0,0.0,0.0,-107615288.0,-0.0,-0.0,0.0,0.0,0.0,0.0,0.0,53,-0.0,0.0,0.0,0.0,0.0,0.0,0.0,0.0,0.0,0,0,0,0.0,0.0,0.0,0.0,0.0,0.0,0.0,0.0,0.0,0.0,0.0,0.0,0.0,0.0,0.0,0.0,0,-107875648.0,53,0.0,106,-107614832.0,-0.0,ERR,ERR,ERR,ERR,ERR,ERR,ERR,ERR,ERR,ERR,ERR,ERR,ERR,ERR,ERR,ERR,ERR,ERR,ERR,ERR,ERR,ERR,ERR,ERR,ERR,ERR,ERR,ERR,ERR,ERR,ERR,ERR,ERR,ERR,ERR,ERR,ERR,ERR,ERR,ERR,ERR,ERR,ERR,ERR,ERR,ERR,ERR,ERR,ERR,ERR,ERR,ERR,ERR,ERR,ERR,ERR,ERR,ERR,ERR,ERR,ERR,ERR,ERR,ERR,ERR,ERR,ERR,50.0,60.0,100,0.0,0.0,0.0,0.0,0.0,0.0,0.0,0.0,0.0,0.0,0.0,0.0,0.0,0.0,0.0,0.0,62.0,75,13,65511,50,65476,0,300,0,0,8,20529,65476,0,0,26214,60.0,0.0,0.0,0.0,0.0,0.0
2026-05-17T18:03:58,ERR,ERR,ERR,ERR,ERR,ERR,ERR,ERR,ERR,ERR,ERR,ERR,ERR,ERR,ERR,ERR,ERR,ERR,ERR,ERR,ERR,ERR,ERR,ERR,ERR,ERR,ERR,ERR,ERR,ERR,ERR,ERR,ERR,ERR,ERR,ERR,ERR,ERR,ERR,ERR,ERR,ERR,ERR,ERR,ERR,ERR,ERR,ERR,ERR,ERR,ERR,ERR,ERR,ERR,ERR,ERR,ERR,ERR,ERR,ERR,ERR,ERR,ERR,ERR,ERR,ERR,ERR,ERR,ERR,ERR,ERR,ERR,ERR,ERR,ERR,ERR,ERR,ERR,ERR,ERR,ERR,ERR,ERR,ERR,ERR,ERR,ERR,ERR,ERR,ERR,ERR,ERR,ERR,ERR,ERR,ERR,ERR,ERR,ERR,ERR,ERR,ERR,ERR,ERR,ERR,ERR,ERR,ERR,ERR,ERR,ERR,ERR,ERR,ERR,ERR,ERR,ERR,ERR,ERR,ERR,ERR,ERR,ERR,ERR,ERR,-107615288.0,-107615296.0,0.0,0.0,0.0,1.3936040501711995e+18,7.805,0.0,0,0,4,0,8422,0.0,45,0.0,0.0,0.0,0.0,0.0,0,0,0,0,0.0,0,0,0,0,0,0,0,0,0,0,0,0,0,0,0,0,0,0,0,0,0,0,0,0,0,0,0,0,0,0,0,0,0,38,14,7,45,65476,0,300,0,0,8,21553,0.0,-107605600.0,0.0,0.0,0.0,0.0,0.0,0.0,0.0,0.0,0.0,0.0,0.0,0.0,-2.596148429267414e+33,0.0,0.0,0.0,0.0,0.0,0.0,0.0,-2.004,-2.004,2.004,-2.004,0.0,0.0,0.0,0.0,5052.0,0.0,0.0,-107615288.0,-0.0,-0.0,0.0,0.0,0.0,0.0,0.0,53,-0.0,0.0,0.0,0.0,0.0,0.0,0.0,0.0,0.0,0,0,0,0.0,0.0,0.0,0.0,0.0,0.0,0.0,0.0,0.0,0.0,0.0,0.0,0.0,0.0,0.0,0.0,0,-107875648.0,53,0.0,106,-107614832.0,-0.0,ERR,ERR,ERR,ERR,ERR,ERR,ERR,ERR,ERR,ERR,ERR,ERR,ERR,ERR,ERR,ERR,ERR,ERR,ERR,ERR,ERR,ERR,ERR,ERR,ERR,ERR,ERR,ERR,ERR,ERR,ERR,ERR,ERR,ERR,ERR,ERR,ERR,ERR,ERR,ERR,ERR,ERR,ERR,ERR,ERR,ERR,ERR,ERR,ERR,ERR,ERR,ERR,ERR,ERR,ERR,ERR,ERR,ERR,ERR,ERR,ERR,ERR,ERR,ERR,ERR,ERR,ERR,50.0,60.0,100,0.0,0.0,0.0,0.0,0.0,0.0,0.0,0.0,0.0,0.0,0.0,0.0,0.0,0.0,0.0,0.0,62.0,75,13,65511,50,65476,0,300,0,0,8,20529,65476,0,0,26214,60.0,0.0,0.0,0.0,0.0,0.0
2026-05-17T18:03:59,ERR,ERR,ERR,ERR,ERR,ERR,ERR,ERR,ERR,ERR,ERR,ERR,ERR,ERR,ERR,ERR,ERR,ERR,ERR,ERR,ERR,ERR,ERR,ERR,ERR,ERR,ERR,ERR,ERR,ERR,ERR,ERR,ERR,ERR,ERR,ERR,ERR,ERR,ERR,ERR,ERR,ERR,ERR,ERR,ERR,ERR,ERR,ERR,ERR,ERR,ERR,ERR,ERR,ERR,ERR,ERR,ERR,ERR,ERR,ERR,ERR,ERR,ERR,ERR,ERR,ERR,ERR,ERR,ERR,ERR,ERR,ERR,ERR,ERR,ERR,ERR,ERR,ERR,ERR,ERR,ERR,ERR,ERR,ERR,ERR,ERR,ERR,ERR,ERR,ERR,ERR,ERR,ERR,ERR,ERR,ERR,ERR,ERR,ERR,ERR,ERR,ERR,ERR,ERR,ERR,ERR,ERR,ERR,ERR,ERR,ERR,ERR,ERR,ERR,ERR,ERR,ERR,ERR,ERR,ERR,ERR,ERR,ERR,ERR,ERR,-107615288.0,-107615296.0,0.0,0.0,0.0,1.3936040501711995e+18,7.805,0.0,0,0,4,0,8422,0.0,45,0.0,0.0,0.0,0.0,0.0,0,0,0,0,0.0,0,0,0,0,0,0,0,0,0,0,0,0,0,0,0,0,0,0,0,0,0,0,0,0,0,0,0,0,0,0,0,0,0,38,14,7,45,65476,0,300,0,0,8,21553,0.0,-107605600.0,0.0,0.0,0.0,0.0,0.0,0.0,0.0,0.0,0.0,0.0,0.0,0.0,-2.596148429267414e+33,0.0,0.0,0.0,0.0,0.0,0.0,0.0,-2.004,-2.004,2.004,-2.004,0.0,0.0,0.0,0.0,5052.0,0.0,0.0,-107615288.0,-0.0,-0.0,0.0,0.0,0.0,0.0,0.0,53,-0.0,0.0,0.0,0.0,0.0,0.0,0.0,0.0,0.0,0,0,0,0.0,0.0,0.0,0.0,0.0,0.0,0.0,0.0,0.0,0.0,0.0,0.0,0.0,0.0,0.0,0.0,0,-107875648.0,53,0.0,106,-107614832.0,-0.0,ERR,ERR,ERR,ERR,ERR,ERR,ERR,ERR,ERR,ERR,ERR,ERR,ERR,ERR,ERR,ERR,ERR,ERR,ERR,ERR,ERR,ERR,ERR,ERR,ERR,ERR,ERR,ERR,ERR,ERR,ERR,ERR,ERR,ERR,ERR,ERR,ERR,ERR,ERR,ERR,ERR,ERR,ERR,ERR,ERR,ERR,ERR,ERR,ERR,ERR,ERR,ERR,ERR,ERR,ERR,ERR,ERR,ERR,ERR,ERR,ERR,ERR,ERR,ERR,ERR,ERR,ERR,50.0,60.0,100,0.0,0.0,0.0,0.0,0.0,0.0,0.0,0.0,0.0,0.0,0.0,0.0,0.0,0.0,0.0,0.0,61.6,75,13,65511,50,65476,0,300,0,0,8,20529,65476,0,0,26214,60.0,0.0,0.0,0.0,0.0,0.0
2026-05-17T18:04:00,ERR,ERR,ERR,ERR,ERR,ERR,ERR,ERR,ERR,ERR,ERR,ERR,ERR,ERR,ERR,ERR,ERR,ERR,ERR,ERR,ERR,ERR,ERR,ERR,ERR,ERR,ERR,ERR,ERR,ERR,ERR,ERR,ERR,ERR,ERR,ERR,ERR,ERR,ERR,ERR,ERR,ERR,ERR,ERR,ERR,ERR,ERR,ERR,ERR,ERR,ERR,ERR,ERR,ERR,ERR,ERR,ERR,ERR,ERR,ERR,ERR,ERR,ERR,ERR,ERR,ERR,ERR,ERR,ERR,ERR,ERR,ERR,ERR,ERR,ERR,ERR,ERR,ERR,ERR,ERR,ERR,ERR,ERR,ERR,ERR,ERR,ERR,ERR,ERR,ERR,ERR,ERR,ERR,ERR,ERR,ERR,ERR,ERR,ERR,ERR,ERR,ERR,ERR,ERR,ERR,ERR,ERR,ERR,ERR,ERR,ERR,ERR,ERR,ERR,ERR,ERR,ERR,ERR,ERR,ERR,ERR,ERR,ERR,ERR,ERR,-107615288.0,-0.0,-134474944.0,0.0,0.0,1.3936040501711995e+18,7.805,0.0,0,0,4,0,8422,0.0,45,0.0,0.0,0.0,0.0,0.0,0,0,0,0,0.0,0,0,0,0,0,0,0,0,0,0,0,0,0,0,0,0,0,0,0,0,0,0,0,0,0,0,0,0,0,0,0,0,0,38,14,7,45,65476,0,300,0,0,8,21553,0.0,-107605600.0,0.0,0.0,0.0,0.0,0.0,0.0,0.0,0.0,0.0,0.0,0.0,0.0,0.0,0.0,0.0,0.0,0.0,0.0,0.0,0.0,-2.004,0.0,-0.0,-2.004,0.0,0.0,0.0,0.0,5047.0,0.0,0.0,-107615288.0,-0.0,-0.0,0.0,0.0,0.0,0.0,0.0,53,-0.0,0.0,0.0,0.0,0.0,0.0,0.0,0.0,0.0,0,0,0,0.0,0.0,0.0,0.0,0.0,0.0,0.0,0.0,0.0,0.0,0.0,0.0,0.0,0.0,0.0,0.0,0,-107875648.0,53,0.0,106,-107614832.0,-0.0,ERR,ERR,ERR,ERR,ERR,ERR,ERR,ERR,ERR,ERR,ERR,ERR,ERR,ERR,ERR,ERR,ERR,ERR,ERR,ERR,ERR,ERR,ERR,ERR,ERR,ERR,ERR,ERR,ERR,ERR,ERR,ERR,ERR,ERR,ERR,ERR,ERR,ERR,ERR,ERR,ERR,ERR,ERR,ERR,ERR,ERR,ERR,ERR,ERR,ERR,ERR,ERR,ERR,ERR,ERR,ERR,ERR,ERR,ERR,ERR,ERR,ERR,ERR,ERR,ERR,ERR,ERR,50.0,60.0,100,0.0,0.0,0.0,0.0,0.0,0.0,0.0,0.0,0.0,0.0,0.0,0.0,0.0,0.0,0.0,0.0,61.6,75,13,65511,50,65476,0,300,0,0,8,20529,65476,0,0,26214,60.0,0.0,0.0,0.0,0.0,0.0
2026-05-17T18:04:01,ERR,ERR,ERR,ERR,ERR,ERR,ERR,ERR,ERR,ERR,ERR,ERR,ERR,ERR,ERR,ERR,ERR,ERR,ERR,ERR,ERR,ERR,ERR,ERR,ERR,ERR,ERR,ERR,ERR,ERR,ERR,ERR,ERR,ERR,ERR,ERR,ERR,ERR,ERR,ERR,ERR,ERR,ERR,ERR,ERR,ERR,ERR,ERR,ERR,ERR,ERR,ERR,ERR,ERR,ERR,ERR,ERR,ERR,ERR,ERR,ERR,ERR,ERR,ERR,ERR,ERR,ERR,ERR,ERR,ERR,ERR,ERR,ERR,ERR,ERR,ERR,ERR,ERR,ERR,ERR,ERR,ERR,ERR,ERR,ERR,ERR,ERR,ERR,ERR,ERR,ERR,ERR,ERR,ERR,ERR,ERR,ERR,ERR,ERR,ERR,ERR,ERR,ERR,ERR,ERR,ERR,ERR,ERR,ERR,ERR,ERR,ERR,ERR,ERR,ERR,ERR,ERR,ERR,ERR,ERR,ERR,ERR,ERR,ERR,ERR,-107615288.0,-0.0,-134474944.0,0.0,0.0,1.3936040501711995e+18,7.805,0.0,0,0,4,0,8422,0.0,45,0.0,0.0,0.0,0.0,0.0,0,0,0,0,0.0,0,0,0,0,0,0,0,0,0,0,0,0,0,0,0,0,0,0,0,0,0,0,0,0,0,0,0,0,0,0,0,0,0,38,14,7,45,65476,0,300,0,0,8,21553,0.0,-107605600.0,0.0,0.0,0.0,0.0,0.0,0.0,0.0,0.0,0.0,0.0,0.0,0.0,0.0,0.0,0.0,0.0,0.0,0.0,0.0,0.0,-2.004,0.0,-0.0,-2.004,0.0,0.0,0.0,0.0,5047.0,0.0,0.0,-107615288.0,-0.0,-0.0,0.0,0.0,0.0,0.0,0.0,53,-0.0,0.0,0.0,0.0,0.0,0.0,0.0,0.0,0.0,0,0,0,0.0,0.0,0.0,0.0,0.0,0.0,0.0,0.0,0.0,0.0,0.0,0.0,0.0,0.0,0.0,0.0,0,-107875648.0,53,0.0,106,-107614832.0,-0.0,ERR,ERR,ERR,ERR,ERR,ERR,ERR,ERR,ERR,ERR,ERR,ERR,ERR,ERR,ERR,ERR,ERR,ERR,ERR,ERR,ERR,ERR,ERR,ERR,ERR,ERR,ERR,ERR,ERR,ERR,ERR,ERR,ERR,ERR,ERR,ERR,ERR,ERR,ERR,ERR,ERR,ERR,ERR,ERR,ERR,ERR,ERR,ERR,ERR,ERR,ERR,ERR,ERR,ERR,ERR,ERR,ERR,ERR,ERR,ERR,ERR,ERR,ERR,ERR,ERR,ERR,ERR,50.0,60.0,100,0.0,0.0,0.0,0.0,0.0,0.0,0.0,0.0,0.0,0.0,0.0,0.0,0.0,0.0,0.0,0.0,61.6,75,13,65511,50,65476,0,300,0,0,8,20529,65476,0,0,26214,60.0,0.0,0.0,0.0,0.0,0.0
2026-05-17T18:04:02,ERR,ERR,ERR,ERR,ERR,ERR,ERR,ERR,ERR,ERR,ERR,ERR,ERR,ERR,ERR,ERR,ERR,ERR,ERR,ERR,ERR,ERR,ERR,ERR,ERR,ERR,ERR,ERR,ERR,ERR,ERR,ERR,ERR,ERR,ERR,ERR,ERR,ERR,ERR,ERR,ERR,ERR,ERR,ERR,ERR,ERR,ERR,ERR,ERR,ERR,ERR,ERR,ERR,ERR,ERR,ERR,ERR,ERR,ERR,ERR,ERR,ERR,ERR,ERR,ERR,ERR,ERR,ERR,ERR,ERR,ERR,ERR,ERR,ERR,ERR,ERR,ERR,ERR,ERR,ERR,ERR,ERR,ERR,ERR,ERR,ERR,ERR,ERR,ERR,ERR,ERR,ERR,ERR,ERR,ERR,ERR,ERR,ERR,ERR,ERR,ERR,ERR,ERR,ERR,ERR,ERR,ERR,ERR,ERR,ERR,ERR,ERR,ERR,ERR,ERR,ERR,ERR,ERR,ERR,ERR,ERR,ERR,ERR,ERR,ERR,-107615288.0,-0.0,-134474944.0,0.0,0.0,1.3936040501711995e+18,7.805,0.0,0,0,4,0,8422,0.0,45,0.0,0.0,0.0,0.0,0.0,0,0,0,0,0.0,0,0,0,0,0,0,0,0,0,0,0,0,0,0,0,0,0,0,0,0,0,0,0,0,0,0,0,0,0,0,0,0,0,38,14,7,45,65476,0,300,0,0,8,21553,0.0,-107605600.0,0.0,0.0,0.0,0.0,0.0,0.0,0.0,0.0,0.0,0.0,0.0,0.0,0.0,0.0,0.0,0.0,0.0,0.0,0.0,0.0,-2.004,0.0,-0.0,-2.004,0.0,0.0,0.0,0.0,5047.0,0.0,0.0,-107615288.0,-0.0,-0.0,0.0,0.0,0.0,0.0,0.0,53,-0.0,0.0,0.0,0.0,0.0,0.0,0.0,0.0,0.0,0,0,0,0.0,0.0,0.0,0.0,0.0,0.0,0.0,0.0,0.0,0.0,0.0,0.0,0.0,0.0,0.0,0.0,0,-107875648.0,53,0.0,106,-107614832.0,-0.0,ERR,ERR,ERR,ERR,ERR,ERR,ERR,ERR,ERR,ERR,ERR,ERR,ERR,ERR,ERR,ERR,ERR,ERR,ERR,ERR,ERR,ERR,ERR,ERR,ERR,ERR,ERR,ERR,ERR,ERR,ERR,ERR,ERR,ERR,ERR,ERR,ERR,ERR,ERR,ERR,ERR,ERR,ERR,ERR,ERR,ERR,ERR,ERR,ERR,ERR,ERR,ERR,ERR,ERR,ERR,ERR,ERR,ERR,ERR,ERR,ERR,ERR,ERR,ERR,ERR,ERR,ERR,50.0,60.0,100,0.0,0.0,0.0,0.0,0.0,0.0,0.0,0.0,0.0,0.0,0.0,0.0,0.0,0.0,0.0,0.0,61.6,75,13,65511,50,65476,0,300,0,0,8,20529,65476,0,0,26214,60.0,0.0,0.0,0.0,0.0,0.0
2026-05-17T18:04:03,ERR,ERR,ERR,ERR,ERR,ERR,ERR,ERR,ERR,ERR,ERR,ERR,ERR,ERR,ERR,ERR,ERR,ERR,ERR,ERR,ERR,ERR,ERR,ERR,ERR,ERR,ERR,ERR,ERR,ERR,ERR,ERR,ERR,ERR,ERR,ERR,ERR,ERR,ERR,ERR,ERR,ERR,ERR,ERR,ERR,ERR,ERR,ERR,ERR,ERR,ERR,ERR,ERR,ERR,ERR,ERR,ERR,ERR,ERR,ERR,ERR,ERR,ERR,ERR,ERR,ERR,ERR,ERR,ERR,ERR,ERR,ERR,ERR,ERR,ERR,ERR,ERR,ERR,ERR,ERR,ERR,ERR,ERR,ERR,ERR,ERR,ERR,ERR,ERR,ERR,ERR,ERR,ERR,ERR,ERR,ERR,ERR,ERR,ERR,ERR,ERR,ERR,ERR,ERR,ERR,ERR,ERR,ERR,ERR,ERR,ERR,ERR,ERR,ERR,ERR,ERR,ERR,ERR,ERR,ERR,ERR,ERR,ERR,ERR,ERR,-107615288.0,-0.0,-134474944.0,0.0,0.0,1.3936040501711995e+18,7.805,0.0,0,0,4,0,8422,0.0,45,0.0,0.0,0.0,0.0,0.0,0,0,0,0,0.0,0,0,0,0,0,0,0,0,0,0,0,0,0,0,0,0,0,0,0,0,0,0,0,0,0,0,0,0,0,0,0,0,0,38,14,7,45,65476,0,300,0,0,8,21553,0.0,-107605600.0,0.0,0.0,0.0,0.0,0.0,0.0,0.0,0.0,0.0,0.0,0.0,0.0,0.0,0.0,0.0,0.0,0.0,0.0,0.0,0.0,-2.004,0.0,-0.0,-2.004,0.0,0.0,0.0,0.0,5047.0,0.0,0.0,-107615288.0,-0.0,-0.0,0.0,0.0,0.0,0.0,0.0,53,-0.0,0.0,0.0,0.0,0.0,0.0,0.0,0.0,0.0,0,0,0,0.0,0.0,0.0,0.0,0.0,0.0,0.0,0.0,0.0,0.0,0.0,0.0,0.0,0.0,0.0,0.0,0,-107875648.0,53,0.0,106,-107614832.0,-0.0,ERR,ERR,ERR,ERR,ERR,ERR,ERR,ERR,ERR,ERR,ERR,ERR,ERR,ERR,ERR,ERR,ERR,ERR,ERR,ERR,ERR,ERR,ERR,ERR,ERR,ERR,ERR,ERR,ERR,ERR,ERR,ERR,ERR,ERR,ERR,ERR,ERR,ERR,ERR,ERR,ERR,ERR,ERR,ERR,ERR,ERR,ERR,ERR,ERR,ERR,ERR,ERR,ERR,ERR,ERR,ERR,ERR,ERR,ERR,ERR,ERR,ERR,ERR,ERR,ERR,ERR,ERR,50.0,60.0,100,0.0,0.0,0.0,0.0,0.0,0.0,0.0,0.0,0.0,0.0,0.0,0.0,0.0,0.0,0.0,0.0,62.0,75,13,65511,50,65476,0,300,0,0,8,20529,65476,0,0,26214,60.0,0.0,0.0,0.0,0.0,0.0
2026-05-17T18:04:04,ERR,ERR,ERR,ERR,ERR,ERR,ERR,ERR,ERR,ERR,ERR,ERR,ERR,ERR,ERR,ERR,ERR,ERR,ERR,ERR,ERR,ERR,ERR,ERR,ERR,ERR,ERR,ERR,ERR,ERR,ERR,ERR,ERR,ERR,ERR,ERR,ERR,ERR,ERR,ERR,ERR,ERR,ERR,ERR,ERR,ERR,ERR,ERR,ERR,ERR,ERR,ERR,ERR,ERR,ERR,ERR,ERR,ERR,ERR,ERR,ERR,ERR,ERR,ERR,ERR,ERR,ERR,ERR,ERR,ERR,ERR,ERR,ERR,ERR,ERR,ERR,ERR,ERR,ERR,ERR,ERR,ERR,ERR,ERR,ERR,ERR,ERR,ERR,ERR,ERR,ERR,ERR,ERR,ERR,ERR,ERR,ERR,ERR,ERR,ERR,ERR,ERR,ERR,ERR,ERR,ERR,ERR,ERR,ERR,ERR,ERR,ERR,ERR,ERR,ERR,ERR,ERR,ERR,ERR,ERR,ERR,ERR,ERR,ERR,ERR,-107615288.0,-0.0,-134474944.0,0.0,0.0,1.3936040501711995e+18,7.805,0.0,0,0,4,0,8422,0.0,45,0.0,0.0,0.0,0.0,0.0,0,0,0,0,0.0,0,0,0,0,0,0,0,0,0,0,0,0,0,0,0,0,0,0,0,0,0,0,0,0,0,0,0,0,0,0,0,0,0,38,14,7,45,65476,0,300,0,0,8,21553,0.0,-107605600.0,0.0,0.0,0.0,0.0,0.0,0.0,0.0,0.0,0.0,0.0,0.0,0.0,0.0,0.0,0.0,0.0,0.0,0.0,0.0,0.0,-2.004,0.0,-0.0,-2.004,0.0,0.0,0.0,0.0,5047.0,0.0,0.0,-107615288.0,-0.0,-0.0,0.0,0.0,0.0,0.0,0.0,53,-0.0,0.0,0.0,0.0,0.0,0.0,0.0,0.0,0.0,0,0,0,0.0,0.0,0.0,0.0,0.0,0.0,0.0,0.0,0.0,0.0,0.0,0.0,0.0,0.0,0.0,0.0,0,-107875648.0,53,0.0,106,-107614832.0,-0.0,ERR,ERR,ERR,ERR,ERR,ERR,ERR,ERR,ERR,ERR,ERR,ERR,ERR,ERR,ERR,ERR,ERR,ERR,ERR,ERR,ERR,ERR,ERR,ERR,ERR,ERR,ERR,ERR,ERR,ERR,ERR,ERR,ERR,ERR,ERR,ERR,ERR,ERR,ERR,ERR,ERR,ERR,ERR,ERR,ERR,ERR,ERR,ERR,ERR,ERR,ERR,ERR,ERR,ERR,ERR,ERR,ERR,ERR,ERR,ERR,ERR,ERR,ERR,ERR,ERR,ERR,ERR,50.0,60.0,100,0.0,0.0,0.0,0.0,0.0,0.0,0.0,0.0,0.0,0.0,0.0,0.0,0.0,0.0,0.0,0.0,62.0,75,13,65511,50,65476,0,300,0,0,8,20529,65476,0,0,26214,60.0,0.0,0.0,0.0,0.0,0.0
2026-05-17T18:04:05,ERR,ERR,ERR,ERR,ERR,ERR,ERR,ERR,ERR,ERR,ERR,ERR,ERR,ERR,ERR,ERR,ERR,ERR,ERR,ERR,ERR,ERR,ERR,ERR,ERR,ERR,ERR,ERR,ERR,ERR,ERR,ERR,ERR,ERR,ERR,ERR,ERR,ERR,ERR,ERR,ERR,ERR,ERR,ERR,ERR,ERR,ERR,ERR,ERR,ERR,ERR,ERR,ERR,ERR,ERR,ERR,ERR,ERR,ERR,ERR,ERR,ERR,ERR,ERR,ERR,ERR,ERR,ERR,ERR,ERR,ERR,ERR,ERR,ERR,ERR,ERR,ERR,ERR,ERR,ERR,ERR,ERR,ERR,ERR,ERR,ERR,ERR,ERR,ERR,ERR,ERR,ERR,ERR,ERR,ERR,ERR,ERR,ERR,ERR,ERR,ERR,ERR,ERR,ERR,ERR,ERR,ERR,ERR,ERR,ERR,ERR,ERR,ERR,ERR,ERR,ERR,ERR,ERR,ERR,ERR,ERR,ERR,ERR,ERR,ERR,-107615288.0,-0.0,-134474944.0,0.0,0.0,1.3936040501711995e+18,7.805,0.0,0,0,4,0,8422,0.0,45,0.0,0.0,0.0,0.0,0.0,0,0,0,0,0.0,0,0,0,0,0,0,0,0,0,0,0,0,0,0,0,0,0,0,0,0,0,0,0,0,0,0,0,0,0,0,0,0,0,38,14,7,45,65476,0,300,0,0,8,21553,0.0,-107605600.0,0.0,0.0,0.0,0.0,0.0,0.0,0.0,0.0,0.0,0.0,0.0,0.0,0.0,0.0,0.0,0.0,0.0,0.0,0.0,0.0,-2.004,-2.004,2.004,-2.004,0.0,0.0,0.0,0.0,5051.0,-564145833377792.0,0.0,-107615288.0,-0.0,-0.0,0.0,0.0,0.0,0.0,0.0,53,-0.0,-71.629,0.0,0.0,0.0,0.0,0.0,0.0,0.0,0,0,0,0.0,0.0,0.0,0.0,0.0,0.0,0.0,0.0,0.0,0.0,0.0,0.0,0.0,0.0,0.0,0.0,0,-107875648.0,53,0.0,106,-107614832.0,0.0,ERR,ERR,ERR,ERR,ERR,ERR,ERR,ERR,ERR,ERR,ERR,ERR,ERR,ERR,ERR,ERR,ERR,ERR,ERR,ERR,ERR,ERR,ERR,ERR,ERR,ERR,ERR,ERR,ERR,ERR,ERR,ERR,ERR,ERR,ERR,ERR,ERR,ERR,ERR,ERR,ERR,ERR,ERR,ERR,ERR,ERR,ERR,ERR,ERR,ERR,ERR,ERR,ERR,ERR,ERR,ERR,ERR,ERR,ERR,ERR,ERR,ERR,ERR,ERR,ERR,ERR,ERR,50.0,60.0,100,0.0,0.0,0.0,0.0,0.0,0.0,0.0,0.0,0.0,0.0,0.0,0.0,0.0,0.0,0.0,0.0,61.6,75,13,65511,50,65476,0,300,0,0,8,20529,65476,0,0,26214,60.0,0.0,0.0,0.0,0.0,0.0
2026-05-17T18:04:06,ERR,ERR,ERR,ERR,ERR,ERR,ERR,ERR,ERR,ERR,ERR,ERR,ERR,ERR,ERR,ERR,ERR,ERR,ERR,ERR,ERR,ERR,ERR,ERR,ERR,ERR,ERR,ERR,ERR,ERR,ERR,ERR,ERR,ERR,ERR,ERR,ERR,ERR,ERR,ERR,ERR,ERR,ERR,ERR,ERR,ERR,ERR,ERR,ERR,ERR,ERR,ERR,ERR,ERR,ERR,ERR,ERR,ERR,ERR,ERR,ERR,ERR,ERR,ERR,ERR,ERR,ERR,ERR,ERR,ERR,ERR,ERR,ERR,ERR,ERR,ERR,ERR,ERR,ERR,ERR,ERR,ERR,ERR,ERR,ERR,ERR,ERR,ERR,ERR,ERR,ERR,ERR,ERR,ERR,ERR,ERR,ERR,ERR,ERR,ERR,ERR,ERR,ERR,ERR,ERR,ERR,ERR,ERR,ERR,ERR,ERR,ERR,ERR,ERR,ERR,ERR,ERR,ERR,ERR,ERR,ERR,ERR,ERR,ERR,ERR,-107615288.0,-0.0,-134474944.0,0.0,0.0,1.3936040501711995e+18,7.805,0.0,0,0,4,0,8422,0.0,45,0.0,0.0,0.0,0.0,0.0,0,0,0,0,0.0,0,0,0,0,0,0,0,0,0,0,0,0,0,0,0,0,0,0,0,0,0,0,0,0,0,0,0,0,0,0,0,0,0,38,14,7,45,65476,0,300,0,0,8,21553,0.0,-107605600.0,0.0,0.0,0.0,0.0,0.0,0.0,0.0,0.0,0.0,0.0,0.0,0.0,0.0,0.0,0.0,0.0,0.0,0.0,0.0,0.0,-2.004,-2.004,2.004,-2.004,0.0,0.0,0.0,0.0,5051.0,-564145833377792.0,0.0,-107615288.0,-0.0,-0.0,0.0,0.0,0.0,0.0,0.0,53,-0.0,-71.629,0.0,0.0,0.0,0.0,0.0,0.0,0.0,0,0,0,0.0,0.0,0.0,0.0,0.0,0.0,0.0,0.0,0.0,0.0,0.0,0.0,0.0,0.0,0.0,0.0,0,-107875648.0,53,0.0,106,-107614832.0,0.0,ERR,ERR,ERR,ERR,ERR,ERR,ERR,ERR,ERR,ERR,ERR,ERR,ERR,ERR,ERR,ERR,ERR,ERR,ERR,ERR,ERR,ERR,ERR,ERR,ERR,ERR,ERR,ERR,ERR,ERR,ERR,ERR,ERR,ERR,ERR,ERR,ERR,ERR,ERR,ERR,ERR,ERR,ERR,ERR,ERR,ERR,ERR,ERR,ERR,ERR,ERR,ERR,ERR,ERR,ERR,ERR,ERR,ERR,ERR,ERR,ERR,ERR,ERR,ERR,ERR,ERR,ERR,50.0,60.0,100,0.0,0.0,0.0,0.0,0.0,0.0,0.0,0.0,0.0,0.0,0.0,0.0,0.0,0.0,0.0,0.0,62.0,75,13,65511,50,65476,0,300,0,0,8,20529,65476,0,0,26214,60.0,0.0,0.0,0.0,0.0,0.0
2026-05-17T18:04:07,ERR,ERR,ERR,ERR,ERR,ERR,ERR,ERR,ERR,ERR,ERR,ERR,ERR,ERR,ERR,ERR,ERR,ERR,ERR,ERR,ERR,ERR,ERR,ERR,ERR,ERR,ERR,ERR,ERR,ERR,ERR,ERR,ERR,ERR,ERR,ERR,ERR,ERR,ERR,ERR,ERR,ERR,ERR,ERR,ERR,ERR,ERR,ERR,ERR,ERR,ERR,ERR,ERR,ERR,ERR,ERR,ERR,ERR,ERR,ERR,ERR,ERR,ERR,ERR,ERR,ERR,ERR,ERR,ERR,ERR,ERR,ERR,ERR,ERR,ERR,ERR,ERR,ERR,ERR,ERR,ERR,ERR,ERR,ERR,ERR,ERR,ERR,ERR,ERR,ERR,ERR,ERR,ERR,ERR,ERR,ERR,ERR,ERR,ERR,ERR,ERR,ERR,ERR,ERR,ERR,ERR,ERR,ERR,ERR,ERR,ERR,ERR,ERR,ERR,ERR,ERR,ERR,ERR,ERR,ERR,ERR,ERR,ERR,ERR,ERR,-107615288.0,-0.0,-134474944.0,0.0,0.0,1.3936040501711995e+18,7.805,0.0,0,0,4,0,8422,0.0,45,0.0,0.0,0.0,0.0,0.0,0,0,0,0,0.0,0,0,0,0,0,0,0,0,0,0,0,0,0,0,0,0,0,0,0,0,0,0,0,0,0,0,0,0,0,0,0,0,0,38,14,7,45,65476,0,300,0,0,8,21553,0.0,-107605600.0,0.0,0.0,0.0,0.0,0.0,0.0,0.0,0.0,0.0,0.0,0.0,0.0,0.0,0.0,0.0,0.0,0.0,0.0,0.0,0.0,-2.004,-2.004,2.004,-2.004,0.0,0.0,0.0,0.0,5051.0,-564145833377792.0,0.0,-107615288.0,-0.0,-0.0,0.0,0.0,0.0,0.0,0.0,53,-0.0,-71.629,0.0,0.0,0.0,0.0,0.0,0.0,0.0,0,0,0,0.0,0.0,0.0,0.0,0.0,0.0,0.0,0.0,0.0,0.0,0.0,0.0,0.0,0.0,0.0,0.0,0,-107875648.0,53,0.0,106,-107614832.0,0.0,ERR,ERR,ERR,ERR,ERR,ERR,ERR,ERR,ERR,ERR,ERR,ERR,ERR,ERR,ERR,ERR,ERR,ERR,ERR,ERR,ERR,ERR,ERR,ERR,ERR,ERR,ERR,ERR,ERR,ERR,ERR,ERR,ERR,ERR,ERR,ERR,ERR,ERR,ERR,ERR,ERR,ERR,ERR,ERR,ERR,ERR,ERR,ERR,ERR,ERR,ERR,ERR,ERR,ERR,ERR,ERR,ERR,ERR,ERR,ERR,ERR,ERR,ERR,ERR,ERR,ERR,ERR,50.0,60.0,100,0.0,0.0,0.0,0.0,0.0,0.0,0.0,0.0,0.0,0.0,0.0,0.0,0.0,0.0,0.0,0.0,62.0,75,13,65511,50,65476,0,300,0,0,8,20529,65476,0,0,26214,60.0,0.0,0.0,0.0,0.0,0.0
2026-05-17T18:04:08,ERR,ERR,ERR,ERR,ERR,ERR,ERR,ERR,ERR,ERR,ERR,ERR,ERR,ERR,ERR,ERR,ERR,ERR,ERR,ERR,ERR,ERR,ERR,ERR,ERR,ERR,ERR,ERR,ERR,ERR,ERR,ERR,ERR,ERR,ERR,ERR,ERR,ERR,ERR,ERR,ERR,ERR,ERR,ERR,ERR,ERR,ERR,ERR,ERR,ERR,ERR,ERR,ERR,ERR,ERR,ERR,ERR,ERR,ERR,ERR,ERR,ERR,ERR,ERR,ERR,ERR,ERR,ERR,ERR,ERR,ERR,ERR,ERR,ERR,ERR,ERR,ERR,ERR,ERR,ERR,ERR,ERR,ERR,ERR,ERR,ERR,ERR,ERR,ERR,ERR,ERR,ERR,ERR,ERR,ERR,ERR,ERR,ERR,ERR,ERR,ERR,ERR,ERR,ERR,ERR,ERR,ERR,ERR,ERR,ERR,ERR,ERR,ERR,ERR,ERR,ERR,ERR,ERR,ERR,ERR,ERR,ERR,ERR,ERR,ERR,-107615288.0,-0.0,-134474944.0,0.0,0.0,1.3936040501711995e+18,7.805,0.0,0,0,4,0,8422,0.0,45,0.0,0.0,0.0,0.0,0.0,0,0,0,0,0.0,0,0,0,0,0,0,0,0,0,0,0,0,0,0,0,0,0,0,0,0,0,0,0,0,0,0,0,0,0,0,0,0,0,38,14,7,45,65476,0,300,0,0,8,21553,0.0,-107605600.0,0.0,0.0,0.0,0.0,0.0,0.0,0.0,0.0,0.0,0.0,0.0,0.0,0.0,0.0,0.0,0.0,0.0,0.0,0.0,0.0,-2.004,-2.004,2.004,-2.004,0.0,0.0,0.0,0.0,5051.0,-564145833377792.0,0.0,-107615288.0,-0.0,-0.0,0.0,0.0,0.0,0.0,0.0,53,-0.0,-71.629,0.0,0.0,0.0,0.0,0.0,0.0,0.0,0,0,0,0.0,0.0,0.0,0.0,0.0,0.0,0.0,0.0,0.0,0.0,0.0,0.0,0.0,0.0,0.0,0.0,0,-107875648.0,53,0.0,106,-107614832.0,0.0,ERR,ERR,ERR,ERR,ERR,ERR,ERR,ERR,ERR,ERR,ERR,ERR,ERR,ERR,ERR,ERR,ERR,ERR,ERR,ERR,ERR,ERR,ERR,ERR,ERR,ERR,ERR,ERR,ERR,ERR,ERR,ERR,ERR,ERR,ERR,ERR,ERR,ERR,ERR,ERR,ERR,ERR,ERR,ERR,ERR,ERR,ERR,ERR,ERR,ERR,ERR,ERR,ERR,ERR,ERR,ERR,ERR,ERR,ERR,ERR,ERR,ERR,ERR,ERR,ERR,ERR,ERR,50.0,60.0,100,0.0,0.0,0.0,0.0,0.0,0.0,0.0,0.0,0.0,0.0,0.0,0.0,0.0,0.0,0.0,0.0,61.6,75,13,65511,50,65476,0,300,0,0,8,20529,65476,0,0,26214,60.0,0.0,0.0,0.0,0.0,0.0
2026-05-17T18:04:09,ERR,ERR,ERR,ERR,ERR,ERR,ERR,ERR,ERR,ERR,ERR,ERR,ERR,ERR,ERR,ERR,ERR,ERR,ERR,ERR,ERR,ERR,ERR,ERR,ERR,ERR,ERR,ERR,ERR,ERR,ERR,ERR,ERR,ERR,ERR,ERR,ERR,ERR,ERR,ERR,ERR,ERR,ERR,ERR,ERR,ERR,ERR,ERR,ERR,ERR,ERR,ERR,ERR,ERR,ERR,ERR,ERR,ERR,ERR,ERR,ERR,ERR,ERR,ERR,ERR,ERR,ERR,ERR,ERR,ERR,ERR,ERR,ERR,ERR,ERR,ERR,ERR,ERR,ERR,ERR,ERR,ERR,ERR,ERR,ERR,ERR,ERR,ERR,ERR,ERR,ERR,ERR,ERR,ERR,ERR,ERR,ERR,ERR,ERR,ERR,ERR,ERR,ERR,ERR,ERR,ERR,ERR,ERR,ERR,ERR,ERR,ERR,ERR,ERR,ERR,ERR,ERR,ERR,ERR,ERR,ERR,ERR,ERR,ERR,ERR,-107615288.0,-0.0,-134474944.0,0.0,0.0,1.3936040501711995e+18,7.805,0.0,0,0,4,0,8422,0.0,45,0.0,0.0,0.0,0.0,0.0,0,0,0,0,0.0,0,0,0,0,0,0,0,0,0,0,0,0,0,0,0,0,0,0,0,0,0,0,0,0,0,0,0,0,0,0,0,0,0,38,14,7,45,65476,0,300,0,0,8,21553,0.0,-107605600.0,0.0,0.0,0.0,0.0,0.0,0.0,0.0,0.0,0.0,0.0,0.0,0.0,0.0,0.0,0.0,0.0,0.0,0.0,0.0,0.0,-2.004,-2.004,2.004,-2.004,0.0,0.0,0.0,0.0,5051.0,-564145833377792.0,0.0,-107615288.0,-0.0,-0.0,0.0,0.0,0.0,0.0,0.0,53,-0.0,-71.629,0.0,0.0,0.0,0.0,0.0,0.0,0.0,0,0,0,0.0,0.0,0.0,0.0,0.0,0.0,0.0,0.0,0.0,0.0,0.0,0.0,0.0,0.0,0.0,0.0,0,-107875648.0,53,0.0,106,-107614832.0,0.0,ERR,ERR,ERR,ERR,ERR,ERR,ERR,ERR,ERR,ERR,ERR,ERR,ERR,ERR,ERR,ERR,ERR,ERR,ERR,ERR,ERR,ERR,ERR,ERR,ERR,ERR,ERR,ERR,ERR,ERR,ERR,ERR,ERR,ERR,ERR,ERR,ERR,ERR,ERR,ERR,ERR,ERR,ERR,ERR,ERR,ERR,ERR,ERR,ERR,ERR,ERR,ERR,ERR,ERR,ERR,ERR,ERR,ERR,ERR,ERR,ERR,ERR,ERR,ERR,ERR,ERR,ERR,50.0,60.0,100,0.0,0.0,0.0,0.0,0.0,0.0,0.0,0.0,0.0,0.0,0.0,0.0,0.0,0.0,0.0,0.0,61.6,75,13,65511,50,65476,0,300,0,0,8,20529,65476,0,0,26214,60.0,0.0,0.0,0.0,0.0,0.0
2026-05-17T18:04:10,ERR,ERR,ERR,ERR,ERR,ERR,ERR,ERR,ERR,ERR,ERR,ERR,ERR,ERR,ERR,ERR,ERR,ERR,ERR,ERR,ERR,ERR,ERR,ERR,ERR,ERR,ERR,ERR,ERR,ERR,ERR,ERR,ERR,ERR,ERR,ERR,ERR,ERR,ERR,ERR,ERR,ERR,ERR,ERR,ERR,ERR,ERR,ERR,ERR,ERR,ERR,ERR,ERR,ERR,ERR,ERR,ERR,ERR,ERR,ERR,ERR,ERR,ERR,ERR,ERR,ERR,ERR,ERR,ERR,ERR,ERR,ERR,ERR,ERR,ERR,ERR,ERR,ERR,ERR,ERR,ERR,ERR,ERR,ERR,ERR,ERR,ERR,ERR,ERR,ERR,ERR,ERR,ERR,ERR,ERR,ERR,ERR,ERR,ERR,ERR,ERR,ERR,ERR,ERR,ERR,ERR,ERR,ERR,ERR,ERR,ERR,ERR,ERR,ERR,ERR,ERR,ERR,ERR,ERR,ERR,ERR,ERR,ERR,ERR,ERR,-107615288.0,-0.0,-134474944.0,0.0,0.0,1.3936040501711995e+18,7.805,0.0,0,0,4,0,8422,0.0,45,0.0,0.0,0.0,0.0,0.0,0,0,0,0,0.0,0,0,0,0,0,0,0,0,0,0,0,0,0,0,0,0,0,0,0,0,0,0,0,0,0,0,0,0,0,0,0,0,0,38,14,7,45,65476,0,300,0,0,8,21553,0.0,-107605600.0,0.0,0.0,0.0,0.0,0.0,0.0,0.0,0.0,0.0,0.0,0.0,0.0,-2.596148429267414e+33,0.0,0.0,0.0,0.0,0.0,0.0,0.0,-2.004,-2.004,2.004,-2.004,0.0,0.0,0.0,0.0,5021.0,-1.040665380856972e+34,0.0,-107615288.0,-0.0,-0.0,0.0,0.0,0.0,0.0,0.0,53,-0.0,-3.222002767243768e+26,0.0,0.0,0.0,0.0,0.0,0.0,0.0,0,0,0,0.0,0.0,0.0,0.0,0.0,0.0,0.0,0.0,0.0,0.0,0.0,0.0,0.0,0.0,0.0,0.0,0,-107875648.0,53,0.0,106,-107614832.0,-0.0,ERR,ERR,ERR,ERR,ERR,ERR,ERR,ERR,ERR,ERR,ERR,ERR,ERR,ERR,ERR,ERR,ERR,ERR,ERR,ERR,ERR,ERR,ERR,ERR,ERR,ERR,ERR,ERR,ERR,ERR,ERR,ERR,ERR,ERR,ERR,ERR,ERR,ERR,ERR,ERR,ERR,ERR,ERR,ERR,ERR,ERR,ERR,ERR,ERR,ERR,ERR,ERR,ERR,ERR,ERR,ERR,ERR,ERR,ERR,ERR,ERR,ERR,ERR,ERR,ERR,ERR,ERR,50.0,60.0,100,0.0,0.0,0.0,0.0,0.0,0.0,0.0,0.0,0.0,0.0,0.0,0.0,0.0,0.0,0.0,0.0,62.0,75,13,65511,50,65476,0,300,0,0,8,20529,65476,0,0,26214,60.0,0.0,0.0,0.0,0.0,0.0
2026-05-17T18:04:11,ERR,ERR,ERR,ERR,ERR,ERR,ERR,ERR,ERR,ERR,ERR,ERR,ERR,ERR,ERR,ERR,ERR,ERR,ERR,ERR,ERR,ERR,ERR,ERR,ERR,ERR,ERR,ERR,ERR,ERR,ERR,ERR,ERR,ERR,ERR,ERR,ERR,ERR,ERR,ERR,ERR,ERR,ERR,ERR,ERR,ERR,ERR,ERR,ERR,ERR,ERR,ERR,ERR,ERR,ERR,ERR,ERR,ERR,ERR,ERR,ERR,ERR,ERR,ERR,ERR,ERR,ERR,ERR,ERR,ERR,ERR,ERR,ERR,ERR,ERR,ERR,ERR,ERR,ERR,ERR,ERR,ERR,ERR,ERR,ERR,ERR,ERR,ERR,ERR,ERR,ERR,ERR,ERR,ERR,ERR,ERR,ERR,ERR,ERR,ERR,ERR,ERR,ERR,ERR,ERR,ERR,ERR,ERR,ERR,ERR,ERR,ERR,ERR,ERR,ERR,ERR,ERR,ERR,ERR,ERR,ERR,ERR,ERR,ERR,ERR,-107615288.0,-0.0,-134474944.0,0.0,0.0,1.3936040501711995e+18,7.805,0.0,0,0,4,0,8422,0.0,45,0.0,0.0,0.0,0.0,0.0,0,0,0,0,0.0,0,0,0,0,0,0,0,0,0,0,0,0,0,0,0,0,0,0,0,0,0,0,0,0,0,0,0,0,0,0,0,0,0,38,14,7,45,65476,0,300,0,0,8,21553,0.0,-107605600.0,0.0,0.0,0.0,0.0,0.0,0.0,0.0,0.0,0.0,0.0,0.0,0.0,-2.596148429267414e+33,0.0,0.0,0.0,0.0,0.0,0.0,0.0,-2.004,-2.004,2.004,-2.004,0.0,0.0,0.0,0.0,5021.0,-1.040665380856972e+34,0.0,-107615288.0,-0.0,-0.0,0.0,0.0,0.0,0.0,0.0,53,-0.0,-3.222002767243768e+26,0.0,0.0,0.0,0.0,0.0,0.0,0.0,0,0,0,0.0,0.0,0.0,0.0,0.0,0.0,0.0,0.0,0.0,0.0,0.0,0.0,0.0,0.0,0.0,0.0,0,-107875648.0,53,0.0,106,-107614832.0,-0.0,ERR,ERR,ERR,ERR,ERR,ERR,ERR,ERR,ERR,ERR,ERR,ERR,ERR,ERR,ERR,ERR,ERR,ERR,ERR,ERR,ERR,ERR,ERR,ERR,ERR,ERR,ERR,ERR,ERR,ERR,ERR,ERR,ERR,ERR,ERR,ERR,ERR,ERR,ERR,ERR,ERR,ERR,ERR,ERR,ERR,ERR,ERR,ERR,ERR,ERR,ERR,ERR,ERR,ERR,ERR,ERR,ERR,ERR,ERR,ERR,ERR,ERR,ERR,ERR,ERR,ERR,ERR,50.0,60.0,100,0.0,0.0,0.0,0.0,0.0,0.0,0.0,0.0,0.0,0.0,0.0,0.0,0.0,0.0,0.0,0.0,62.0,75,13,65511,50,65476,0,300,0,0,8,20529,65476,0,0,26214,60.0,0.0,0.0,0.0,0.0,0.0
2026-05-17T18:04:12,ERR,ERR,ERR,ERR,ERR,ERR,ERR,ERR,ERR,ERR,ERR,ERR,ERR,ERR,ERR,ERR,ERR,ERR,ERR,ERR,ERR,ERR,ERR,ERR,ERR,ERR,ERR,ERR,ERR,ERR,ERR,ERR,ERR,ERR,ERR,ERR,ERR,ERR,ERR,ERR,ERR,ERR,ERR,ERR,ERR,ERR,ERR,ERR,ERR,ERR,ERR,ERR,ERR,ERR,ERR,ERR,ERR,ERR,ERR,ERR,ERR,ERR,ERR,ERR,ERR,ERR,ERR,ERR,ERR,ERR,ERR,ERR,ERR,ERR,ERR,ERR,ERR,ERR,ERR,ERR,ERR,ERR,ERR,ERR,ERR,ERR,ERR,ERR,ERR,ERR,ERR,ERR,ERR,ERR,ERR,ERR,ERR,ERR,ERR,ERR,ERR,ERR,ERR,ERR,ERR,ERR,ERR,ERR,ERR,ERR,ERR,ERR,ERR,ERR,ERR,ERR,ERR,ERR,ERR,ERR,ERR,ERR,ERR,ERR,ERR,-107615288.0,-0.0,-134474944.0,0.0,0.0,1.3936040501711995e+18,7.805,0.0,0,0,4,0,8422,0.0,45,0.0,0.0,0.0,0.0,0.0,0,0,0,0,0.0,0,0,0,0,0,0,0,0,0,0,0,0,0,0,0,0,0,0,0,0,0,0,0,0,0,0,0,0,0,0,0,0,0,38,14,7,45,65476,0,300,0,0,8,21553,0.0,-107605600.0,0.0,0.0,0.0,0.0,0.0,0.0,0.0,0.0,0.0,0.0,0.0,0.0,-2.596148429267414e+33,0.0,0.0,0.0,0.0,0.0,0.0,0.0,-2.004,-2.004,2.004,-2.004,0.0,0.0,0.0,0.0,5021.0,-1.040665380856972e+34,0.0,-107615288.0,-0.0,-0.0,0.0,0.0,0.0,0.0,0.0,53,-0.0,-3.222002767243768e+26,0.0,0.0,0.0,0.0,0.0,0.0,0.0,0,0,0,0.0,0.0,0.0,0.0,0.0,0.0,0.0,0.0,0.0,0.0,0.0,0.0,0.0,0.0,0.0,0.0,0,-107875648.0,53,0.0,106,-107614832.0,-0.0,ERR,ERR,ERR,ERR,ERR,ERR,ERR,ERR,ERR,ERR,ERR,ERR,ERR,ERR,ERR,ERR,ERR,ERR,ERR,ERR,ERR,ERR,ERR,ERR,ERR,ERR,ERR,ERR,ERR,ERR,ERR,ERR,ERR,ERR,ERR,ERR,ERR,ERR,ERR,ERR,ERR,ERR,ERR,ERR,ERR,ERR,ERR,ERR,ERR,ERR,ERR,ERR,ERR,ERR,ERR,ERR,ERR,ERR,ERR,ERR,ERR,ERR,ERR,ERR,ERR,ERR,ERR,50.0,60.0,100,0.0,0.0,0.0,0.0,0.0,0.0,0.0,0.0,0.0,0.0,0.0,0.0,0.0,0.0,0.0,0.0,61.6,75,13,65511,50,65476,0,300,0,0,8,20529,65476,0,0,26214,60.0,0.0,0.0,0.0,0.0,0.0
2026-05-17T18:04:13,ERR,ERR,ERR,ERR,ERR,ERR,ERR,ERR,ERR,ERR,ERR,ERR,ERR,ERR,ERR,ERR,ERR,ERR,ERR,ERR,ERR,ERR,ERR,ERR,ERR,ERR,ERR,ERR,ERR,ERR,ERR,ERR,ERR,ERR,ERR,ERR,ERR,ERR,ERR,ERR,ERR,ERR,ERR,ERR,ERR,ERR,ERR,ERR,ERR,ERR,ERR,ERR,ERR,ERR,ERR,ERR,ERR,ERR,ERR,ERR,ERR,ERR,ERR,ERR,ERR,ERR,ERR,ERR,ERR,ERR,ERR,ERR,ERR,ERR,ERR,ERR,ERR,ERR,ERR,ERR,ERR,ERR,ERR,ERR,ERR,ERR,ERR,ERR,ERR,ERR,ERR,ERR,ERR,ERR,ERR,ERR,ERR,ERR,ERR,ERR,ERR,ERR,ERR,ERR,ERR,ERR,ERR,ERR,ERR,ERR,ERR,ERR,ERR,ERR,ERR,ERR,ERR,ERR,ERR,ERR,ERR,ERR,ERR,ERR,ERR,-107615288.0,-0.0,-134474944.0,0.0,0.0,1.3936040501711995e+18,7.805,0.0,0,0,4,0,8422,0.0,45,0.0,0.0,0.0,0.0,0.0,0,0,0,0,0.0,0,0,0,0,0,0,0,0,0,0,0,0,0,0,0,0,0,0,0,0,0,0,0,0,0,0,0,0,0,0,0,0,0,38,14,7,45,65476,0,300,0,0,8,21553,0.0,-107605600.0,0.0,0.0,0.0,0.0,0.0,0.0,0.0,0.0,0.0,0.0,0.0,0.0,-2.596148429267414e+33,0.0,0.0,0.0,0.0,0.0,0.0,0.0,-2.004,-2.004,2.004,-2.004,0.0,0.0,0.0,0.0,5021.0,-1.040665380856972e+34,0.0,-107615288.0,-0.0,-0.0,0.0,0.0,0.0,0.0,0.0,53,-0.0,-3.222002767243768e+26,0.0,0.0,0.0,0.0,0.0,0.0,0.0,0,0,0,0.0,0.0,0.0,0.0,0.0,0.0,0.0,0.0,0.0,0.0,0.0,0.0,0.0,0.0,0.0,0.0,0,-107875648.0,53,0.0,106,-107614832.0,-0.0,ERR,ERR,ERR,ERR,ERR,ERR,ERR,ERR,ERR,ERR,ERR,ERR,ERR,ERR,ERR,ERR,ERR,ERR,ERR,ERR,ERR,ERR,ERR,ERR,ERR,ERR,ERR,ERR,ERR,ERR,ERR,ERR,ERR,ERR,ERR,ERR,ERR,ERR,ERR,ERR,ERR,ERR,ERR,ERR,ERR,ERR,ERR,ERR,ERR,ERR,ERR,ERR,ERR,ERR,ERR,ERR,ERR,ERR,ERR,ERR,ERR,ERR,ERR,ERR,ERR,ERR,ERR,50.0,60.0,100,0.0,0.0,0.0,0.0,0.0,0.0,0.0,0.0,0.0,0.0,0.0,0.0,0.0,0.0,0.0,0.0,61.6,75,13,65511,50,65476,0,300,0,0,8,20529,65476,0,0,26214,60.0,0.0,0.0,0.0,0.0,0.0
2026-05-17T18:04:14,ERR,ERR,ERR,ERR,ERR,ERR,ERR,ERR,ERR,ERR,ERR,ERR,ERR,ERR,ERR,ERR,ERR,ERR,ERR,ERR,ERR,ERR,ERR,ERR,ERR,ERR,ERR,ERR,ERR,ERR,ERR,ERR,ERR,ERR,ERR,ERR,ERR,ERR,ERR,ERR,ERR,ERR,ERR,ERR,ERR,ERR,ERR,ERR,ERR,ERR,ERR,ERR,ERR,ERR,ERR,ERR,ERR,ERR,ERR,ERR,ERR,ERR,ERR,ERR,ERR,ERR,ERR,ERR,ERR,ERR,ERR,ERR,ERR,ERR,ERR,ERR,ERR,ERR,ERR,ERR,ERR,ERR,ERR,ERR,ERR,ERR,ERR,ERR,ERR,ERR,ERR,ERR,ERR,ERR,ERR,ERR,ERR,ERR,ERR,ERR,ERR,ERR,ERR,ERR,ERR,ERR,ERR,ERR,ERR,ERR,ERR,ERR,ERR,ERR,ERR,ERR,ERR,ERR,ERR,ERR,ERR,ERR,ERR,ERR,ERR,-107615288.0,-0.0,-134474944.0,0.0,0.0,1.3936040501711995e+18,7.805,0.0,0,0,4,0,8422,0.0,45,0.0,0.0,0.0,0.0,0.0,0,0,0,0,0.0,0,0,0,0,0,0,0,0,0,0,0,0,0,0,0,0,0,0,0,0,0,0,0,0,0,0,0,0,0,0,0,0,0,38,14,7,45,65476,0,300,0,0,8,21553,0.0,-107605600.0,0.0,0.0,0.0,0.0,0.0,0.0,0.0,0.0,0.0,0.0,0.0,0.0,-2.596148429267414e+33,0.0,0.0,0.0,0.0,0.0,0.0,0.0,-2.004,-2.004,2.004,-2.004,0.0,0.0,0.0,0.0,5021.0,-1.040665380856972e+34,0.0,-107615288.0,-0.0,-0.0,0.0,0.0,0.0,0.0,0.0,53,-0.0,-3.222002767243768e+26,0.0,0.0,0.0,0.0,0.0,0.0,0.0,0,0,0,0.0,0.0,0.0,0.0,0.0,0.0,0.0,0.0,0.0,0.0,0.0,0.0,0.0,0.0,0.0,0.0,0,-107875648.0,53,0.0,106,-107614832.0,-0.0,ERR,ERR,ERR,ERR,ERR,ERR,ERR,ERR,ERR,ERR,ERR,ERR,ERR,ERR,ERR,ERR,ERR,ERR,ERR,ERR,ERR,ERR,ERR,ERR,ERR,ERR,ERR,ERR,ERR,ERR,ERR,ERR,ERR,ERR,ERR,ERR,ERR,ERR,ERR,ERR,ERR,ERR,ERR,ERR,ERR,ERR,ERR,ERR,ERR,ERR,ERR,ERR,ERR,ERR,ERR,ERR,ERR,ERR,ERR,ERR,ERR,ERR,ERR,ERR,ERR,ERR,ERR,50.0,60.0,100,0.0,0.0,0.0,0.0,0.0,0.0,0.0,0.0,0.0,0.0,0.0,0.0,0.0,0.0,0.0,0.0,61.6,75,13,65511,50,65476,0,300,0,0,8,20529,65476,0,0,26214,60.0,0.0,0.0,0.0,0.0,0.0
2026-05-17T18:04:15,ERR,ERR,ERR,ERR,ERR,ERR,ERR,ERR,ERR,ERR,ERR,ERR,ERR,ERR,ERR,ERR,ERR,ERR,ERR,ERR,ERR,ERR,ERR,ERR,ERR,ERR,ERR,ERR,ERR,ERR,ERR,ERR,ERR,ERR,ERR,ERR,ERR,ERR,ERR,ERR,ERR,ERR,ERR,ERR,ERR,ERR,ERR,ERR,ERR,ERR,ERR,ERR,ERR,ERR,ERR,ERR,ERR,ERR,ERR,ERR,ERR,ERR,ERR,ERR,ERR,ERR,ERR,ERR,ERR,ERR,ERR,ERR,ERR,ERR,ERR,ERR,ERR,ERR,ERR,ERR,ERR,ERR,ERR,ERR,ERR,ERR,ERR,ERR,ERR,ERR,ERR,ERR,ERR,ERR,ERR,ERR,ERR,ERR,ERR,ERR,ERR,ERR,ERR,ERR,ERR,ERR,ERR,ERR,ERR,ERR,ERR,ERR,ERR,ERR,ERR,ERR,ERR,ERR,ERR,ERR,ERR,ERR,ERR,ERR,ERR,-107615288.0,-0.0,-134474944.0,0.0,0.0,1.3936040501711995e+18,7.805,0.0,0,0,4,0,8422,0.0,45,0.0,0.0,0.0,0.0,0.0,0,0,0,0,0.0,0,0,0,0,0,0,0,0,0,0,0,0,0,0,0,0,0,0,0,0,0,0,0,0,0,0,0,0,0,0,0,0,0,38,14,7,45,65476,0,300,0,0,8,21553,0.0,-107605600.0,0.0,0.0,0.0,0.0,0.0,0.0,0.0,0.0,0.0,0.0,0.0,0.0,0.0,0.0,0.0,0.0,0.0,0.0,0.0,0.0,-2.004,-2.004,2.004,0.0,0.0,0.0,0.0,0.0,5053.0,0.0,0.0,-107615288.0,-0.0,-0.0,0.0,0.0,0.0,0.0,0.0,53,-0.0,0.0,0.0,0.0,0.0,0.0,0.0,0.0,0.0,0,0,0,0.0,0.0,0.0,0.0,0.0,0.0,0.0,0.0,0.0,0.0,0.0,0.0,0.0,0.0,0.0,0.0,0,-107875648.0,53,0.0,106,-107614832.0,-0.0,ERR,ERR,ERR,ERR,ERR,ERR,ERR,ERR,ERR,ERR,ERR,ERR,ERR,ERR,ERR,ERR,ERR,ERR,ERR,ERR,ERR,ERR,ERR,ERR,ERR,ERR,ERR,ERR,ERR,ERR,ERR,ERR,ERR,ERR,ERR,ERR,ERR,ERR,ERR,ERR,ERR,ERR,ERR,ERR,ERR,ERR,ERR,ERR,ERR,ERR,ERR,ERR,ERR,ERR,ERR,ERR,ERR,ERR,ERR,ERR,ERR,ERR,ERR,ERR,ERR,ERR,ERR,50.0,60.0,100,0.0,0.0,0.0,0.0,0.0,0.0,0.0,0.0,0.0,0.0,0.0,0.0,0.0,0.0,0.0,0.0,62.0,75,13,65511,50,65476,0,300,0,0,8,20529,65476,0,0,26214,60.0,0.0,0.0,0.0,0.0,0.0
2026-05-17T18:04:16,ERR,ERR,ERR,ERR,ERR,ERR,ERR,ERR,ERR,ERR,ERR,ERR,ERR,ERR,ERR,ERR,ERR,ERR,ERR,ERR,ERR,ERR,ERR,ERR,ERR,ERR,ERR,ERR,ERR,ERR,ERR,ERR,ERR,ERR,ERR,ERR,ERR,ERR,ERR,ERR,ERR,ERR,ERR,ERR,ERR,ERR,ERR,ERR,ERR,ERR,ERR,ERR,ERR,ERR,ERR,ERR,ERR,ERR,ERR,ERR,ERR,ERR,ERR,ERR,ERR,ERR,ERR,ERR,ERR,ERR,ERR,ERR,ERR,ERR,ERR,ERR,ERR,ERR,ERR,ERR,ERR,ERR,ERR,ERR,ERR,ERR,ERR,ERR,ERR,ERR,ERR,ERR,ERR,ERR,ERR,ERR,ERR,ERR,ERR,ERR,ERR,ERR,ERR,ERR,ERR,ERR,ERR,ERR,ERR,ERR,ERR,ERR,ERR,ERR,ERR,ERR,ERR,ERR,ERR,ERR,ERR,ERR,ERR,ERR,ERR,-107615288.0,-0.0,-134474944.0,0.0,0.0,1.3936040501711995e+18,7.805,0.0,0,0,4,0,8422,0.0,45,0.0,0.0,0.0,0.0,0.0,0,0,0,0,0.0,0,0,0,0,0,0,0,0,0,0,0,0,0,0,0,0,0,0,0,0,0,0,0,0,0,0,0,0,0,0,0,0,0,38,14,7,45,65476,0,300,0,0,8,21553,0.0,-107605600.0,0.0,0.0,0.0,0.0,0.0,0.0,0.0,0.0,0.0,0.0,0.0,0.0,0.0,0.0,0.0,0.0,0.0,0.0,0.0,0.0,-2.004,-2.004,2.004,0.0,0.0,0.0,0.0,0.0,5053.0,0.0,0.0,-107615288.0,-0.0,-0.0,0.0,0.0,0.0,0.0,0.0,53,-0.0,0.0,0.0,0.0,0.0,0.0,0.0,0.0,0.0,0,0,0,0.0,0.0,0.0,0.0,0.0,0.0,0.0,0.0,0.0,0.0,0.0,0.0,0.0,0.0,0.0,0.0,0,-107875648.0,53,0.0,106,-107614832.0,-0.0,ERR,ERR,ERR,ERR,ERR,ERR,ERR,ERR,ERR,ERR,ERR,ERR,ERR,ERR,ERR,ERR,ERR,ERR,ERR,ERR,ERR,ERR,ERR,ERR,ERR,ERR,ERR,ERR,ERR,ERR,ERR,ERR,ERR,ERR,ERR,ERR,ERR,ERR,ERR,ERR,ERR,ERR,ERR,ERR,ERR,ERR,ERR,ERR,ERR,ERR,ERR,ERR,ERR,ERR,ERR,ERR,ERR,ERR,ERR,ERR,ERR,ERR,ERR,ERR,ERR,ERR,ERR,50.0,60.0,100,0.0,0.0,0.0,0.0,0.0,0.0,0.0,0.0,0.0,0.0,0.0,0.0,0.0,0.0,0.0,0.0,62.0,75,13,65511,50,65476,0,300,0,0,8,20529,65476,0,0,26214,60.0,0.0,0.0,0.0,0.0,0.0
2026-05-17T18:04:17,ERR,ERR,ERR,ERR,ERR,ERR,ERR,ERR,ERR,ERR,ERR,ERR,ERR,ERR,ERR,ERR,ERR,ERR,ERR,ERR,ERR,ERR,ERR,ERR,ERR,ERR,ERR,ERR,ERR,ERR,ERR,ERR,ERR,ERR,ERR,ERR,ERR,ERR,ERR,ERR,ERR,ERR,ERR,ERR,ERR,ERR,ERR,ERR,ERR,ERR,ERR,ERR,ERR,ERR,ERR,ERR,ERR,ERR,ERR,ERR,ERR,ERR,ERR,ERR,ERR,ERR,ERR,ERR,ERR,ERR,ERR,ERR,ERR,ERR,ERR,ERR,ERR,ERR,ERR,ERR,ERR,ERR,ERR,ERR,ERR,ERR,ERR,ERR,ERR,ERR,ERR,ERR,ERR,ERR,ERR,ERR,ERR,ERR,ERR,ERR,ERR,ERR,ERR,ERR,ERR,ERR,ERR,ERR,ERR,ERR,ERR,ERR,ERR,ERR,ERR,ERR,ERR,ERR,ERR,ERR,ERR,ERR,ERR,ERR,ERR,-107615288.0,-0.0,-134474944.0,0.0,0.0,1.3936040501711995e+18,7.805,0.0,0,0,4,0,8422,0.0,45,0.0,0.0,0.0,0.0,0.0,0,0,0,0,0.0,0,0,0,0,0,0,0,0,0,0,0,0,0,0,0,0,0,0,0,0,0,0,0,0,0,0,0,0,0,0,0,0,0,38,14,7,45,65476,0,300,0,0,8,21553,0.0,-107605600.0,0.0,0.0,0.0,0.0,0.0,0.0,0.0,0.0,0.0,0.0,0.0,0.0,0.0,0.0,0.0,0.0,0.0,0.0,0.0,0.0,-2.004,-2.004,2.004,0.0,0.0,0.0,0.0,0.0,5053.0,0.0,0.0,-107615288.0,-0.0,-0.0,0.0,0.0,0.0,0.0,0.0,53,-0.0,0.0,0.0,0.0,0.0,0.0,0.0,0.0,0.0,0,0,0,0.0,0.0,0.0,0.0,0.0,0.0,0.0,0.0,0.0,0.0,0.0,0.0,0.0,0.0,0.0,0.0,0,-107875648.0,53,0.0,106,-107614832.0,-0.0,ERR,ERR,ERR,ERR,ERR,ERR,ERR,ERR,ERR,ERR,ERR,ERR,ERR,ERR,ERR,ERR,ERR,ERR,ERR,ERR,ERR,ERR,ERR,ERR,ERR,ERR,ERR,ERR,ERR,ERR,ERR,ERR,ERR,ERR,ERR,ERR,ERR,ERR,ERR,ERR,ERR,ERR,ERR,ERR,ERR,ERR,ERR,ERR,ERR,ERR,ERR,ERR,ERR,ERR,ERR,ERR,ERR,ERR,ERR,ERR,ERR,ERR,ERR,ERR,ERR,ERR,ERR,50.0,60.0,100,0.0,0.0,0.0,0.0,0.0,0.0,0.0,0.0,0.0,0.0,0.0,0.0,0.0,0.0,0.0,0.0,62.0,75,13,65511,50,65476,0,300,0,0,8,20529,65476,0,0,26214,60.0,0.0,0.0,0.0,0.0,0.0
2026-05-17T18:04:18,ERR,ERR,ERR,ERR,ERR,ERR,ERR,ERR,ERR,ERR,ERR,ERR,ERR,ERR,ERR,ERR,ERR,ERR,ERR,ERR,ERR,ERR,ERR,ERR,ERR,ERR,ERR,ERR,ERR,ERR,ERR,ERR,ERR,ERR,ERR,ERR,ERR,ERR,ERR,ERR,ERR,ERR,ERR,ERR,ERR,ERR,ERR,ERR,ERR,ERR,ERR,ERR,ERR,ERR,ERR,ERR,ERR,ERR,ERR,ERR,ERR,ERR,ERR,ERR,ERR,ERR,ERR,ERR,ERR,ERR,ERR,ERR,ERR,ERR,ERR,ERR,ERR,ERR,ERR,ERR,ERR,ERR,ERR,ERR,ERR,ERR,ERR,ERR,ERR,ERR,ERR,ERR,ERR,ERR,ERR,ERR,ERR,ERR,ERR,ERR,ERR,ERR,ERR,ERR,ERR,ERR,ERR,ERR,ERR,ERR,ERR,ERR,ERR,ERR,ERR,ERR,ERR,ERR,ERR,ERR,ERR,ERR,ERR,ERR,ERR,-107615288.0,-0.0,-134474944.0,0.0,0.0,1.3936040501711995e+18,7.805,0.0,0,0,4,0,8422,0.0,45,0.0,0.0,0.0,0.0,0.0,0,0,0,0,0.0,0,0,0,0,0,0,0,0,0,0,0,0,0,0,0,0,0,0,0,0,0,0,0,0,0,0,0,0,0,0,0,0,0,38,14,7,45,65476,0,300,0,0,8,21553,0.0,-107605600.0,0.0,0.0,0.0,0.0,0.0,0.0,0.0,0.0,0.0,0.0,0.0,0.0,0.0,0.0,0.0,0.0,0.0,0.0,0.0,0.0,-2.004,-2.004,2.004,0.0,0.0,0.0,0.0,0.0,5053.0,0.0,0.0,-107615288.0,-0.0,-0.0,0.0,0.0,0.0,0.0,0.0,53,-0.0,0.0,0.0,0.0,0.0,0.0,0.0,0.0,0.0,0,0,0,0.0,0.0,0.0,0.0,0.0,0.0,0.0,0.0,0.0,0.0,0.0,0.0,0.0,0.0,0.0,0.0,0,-107875648.0,53,0.0,106,-107614832.0,-0.0,ERR,ERR,ERR,ERR,ERR,ERR,ERR,ERR,ERR,ERR,ERR,ERR,ERR,ERR,ERR,ERR,ERR,ERR,ERR,ERR,ERR,ERR,ERR,ERR,ERR,ERR,ERR,ERR,ERR,ERR,ERR,ERR,ERR,ERR,ERR,ERR,ERR,ERR,ERR,ERR,ERR,ERR,ERR,ERR,ERR,ERR,ERR,ERR,ERR,ERR,ERR,ERR,ERR,ERR,ERR,ERR,ERR,ERR,ERR,ERR,ERR,ERR,ERR,ERR,ERR,ERR,ERR,50.0,60.0,100,0.0,0.0,0.0,0.0,0.0,0.0,0.0,0.0,0.0,0.0,0.0,0.0,0.0,0.0,0.0,0.0,62.0,75,13,65511,50,65476,0,300,0,0,8,20529,65476,0,0,26214,60.0,0.0,0.0,0.0,0.0,0.0
2026-05-17T18:04:19,ERR,ERR,ERR,ERR,ERR,ERR,ERR,ERR,ERR,ERR,ERR,ERR,ERR,ERR,ERR,ERR,ERR,ERR,ERR,ERR,ERR,ERR,ERR,ERR,ERR,ERR,ERR,ERR,ERR,ERR,ERR,ERR,ERR,ERR,ERR,ERR,ERR,ERR,ERR,ERR,ERR,ERR,ERR,ERR,ERR,ERR,ERR,ERR,ERR,ERR,ERR,ERR,ERR,ERR,ERR,ERR,ERR,ERR,ERR,ERR,ERR,ERR,ERR,ERR,ERR,ERR,ERR,ERR,ERR,ERR,ERR,ERR,ERR,ERR,ERR,ERR,ERR,ERR,ERR,ERR,ERR,ERR,ERR,ERR,ERR,ERR,ERR,ERR,ERR,ERR,ERR,ERR,ERR,ERR,ERR,ERR,ERR,ERR,ERR,ERR,ERR,ERR,ERR,ERR,ERR,ERR,ERR,ERR,ERR,ERR,ERR,ERR,ERR,ERR,ERR,ERR,ERR,ERR,ERR,ERR,ERR,ERR,ERR,ERR,ERR,-107615288.0,-0.0,-134474944.0,0.0,0.0,1.3936040501711995e+18,7.805,0.0,0,0,4,0,8422,0.0,45,0.0,0.0,0.0,0.0,0.0,0,0,0,0,0.0,0,0,0,0,0,0,0,0,0,0,0,0,0,0,0,0,0,0,0,0,0,0,0,0,0,0,0,0,0,0,0,0,0,38,14,7,45,65476,0,300,0,0,8,21553,0.0,-107605600.0,0.0,0.0,0.0,0.0,0.0,0.0,0.0,0.0,0.0,0.0,0.0,0.0,0.0,0.0,0.0,0.0,0.0,0.0,0.0,0.0,-2.004,-2.004,2.004,0.0,0.0,0.0,0.0,0.0,5053.0,0.0,0.0,-107615288.0,-0.0,-0.0,0.0,0.0,0.0,0.0,0.0,53,-0.0,0.0,0.0,0.0,0.0,0.0,0.0,0.0,0.0,0,0,0,0.0,0.0,0.0,0.0,0.0,0.0,0.0,0.0,0.0,0.0,0.0,0.0,0.0,0.0,0.0,0.0,0,-107875648.0,53,0.0,106,-107614832.0,-0.0,ERR,ERR,ERR,ERR,ERR,ERR,ERR,ERR,ERR,ERR,ERR,ERR,ERR,ERR,ERR,ERR,ERR,ERR,ERR,ERR,ERR,ERR,ERR,ERR,ERR,ERR,ERR,ERR,ERR,ERR,ERR,ERR,ERR,ERR,ERR,ERR,ERR,ERR,ERR,ERR,ERR,ERR,ERR,ERR,ERR,ERR,ERR,ERR,ERR,ERR,ERR,ERR,ERR,ERR,ERR,ERR,ERR,ERR,ERR,ERR,ERR,ERR,ERR,ERR,ERR,ERR,ERR,50.0,60.0,100,0.0,0.0,0.0,0.0,0.0,0.0,0.0,0.0,0.0,0.0,0.0,0.0,0.0,0.0,0.0,0.0,61.6,75,13,65511,50,65476,0,300,0,0,8,20529,65476,0,0,26214,60.0,0.0,0.0,0.0,0.0,0.0
2026-05-17T18:04:20,ERR,ERR,ERR,ERR,ERR,ERR,ERR,ERR,ERR,ERR,ERR,ERR,ERR,ERR,ERR,ERR,ERR,ERR,ERR,ERR,ERR,ERR,ERR,ERR,ERR,ERR,ERR,ERR,ERR,ERR,ERR,ERR,ERR,ERR,ERR,ERR,ERR,ERR,ERR,ERR,ERR,ERR,ERR,ERR,ERR,ERR,ERR,ERR,ERR,ERR,ERR,ERR,ERR,ERR,ERR,ERR,ERR,ERR,ERR,ERR,ERR,ERR,ERR,ERR,ERR,ERR,ERR,ERR,ERR,ERR,ERR,ERR,ERR,ERR,ERR,ERR,ERR,ERR,ERR,ERR,ERR,ERR,ERR,ERR,ERR,ERR,ERR,ERR,ERR,ERR,ERR,ERR,ERR,ERR,ERR,ERR,ERR,ERR,ERR,ERR,ERR,ERR,ERR,ERR,ERR,ERR,ERR,ERR,ERR,ERR,ERR,ERR,ERR,ERR,ERR,ERR,ERR,ERR,ERR,ERR,ERR,ERR,ERR,ERR,ERR,-107615288.0,-107615296.0,0.0,0.0,0.0,1.3936040501711995e+18,7.805,0.0,0,0,4,0,8422,0.0,45,0.0,0.0,0.0,0.0,0.0,0,0,0,0,0.0,0,0,0,0,0,0,0,0,0,0,0,0,0,0,0,0,0,0,0,0,0,0,0,0,0,0,0,0,0,0,0,0,0,38,14,7,45,65476,0,300,0,0,8,21553,0.0,-107605600.0,0.0,0.0,0.0,0.0,0.0,0.0,0.0,0.0,0.0,0.0,0.0,0.0,0.0,0.0,0.0,0.0,0.0,0.0,0.0,0.0,-2.004,-2.004,2.004,-2.004,0.0,0.0,0.0,0.0,5049.0,-0.0,0.0,-107615288.0,-0.0,-0.0,0.0,0.0,0.0,0.0,0.0,53,-0.0,-107614792.0,0.0,0.0,0.0,0.0,0.0,0.0,0.0,0,0,0,0.0,0.0,0.0,0.0,0.0,0.0,0.0,0.0,0.0,0.0,0.0,0.0,0.0,0.0,0.0,0.0,0,-107875648.0,53,0.0,106,-107614832.0,-0.0,ERR,ERR,ERR,ERR,ERR,ERR,ERR,ERR,ERR,ERR,ERR,ERR,ERR,ERR,ERR,ERR,ERR,ERR,ERR,ERR,ERR,ERR,ERR,ERR,ERR,ERR,ERR,ERR,ERR,ERR,ERR,ERR,ERR,ERR,ERR,ERR,ERR,ERR,ERR,ERR,ERR,ERR,ERR,ERR,ERR,ERR,ERR,ERR,ERR,ERR,ERR,ERR,ERR,ERR,ERR,ERR,ERR,ERR,ERR,ERR,ERR,ERR,ERR,ERR,ERR,ERR,ERR,50.0,60.0,100,0.0,0.0,0.0,0.0,0.0,0.0,0.0,0.0,0.0,0.0,0.0,0.0,0.0,0.0,0.0,0.0,61.6,75,13,65511,50,65476,0,300,0,0,8,20529,65476,0,0,26214,60.0,0.0,0.0,0.0,0.0,0.0
2026-05-17T18:04:21,ERR,ERR,ERR,ERR,ERR,ERR,ERR,ERR,ERR,ERR,ERR,ERR,ERR,ERR,ERR,ERR,ERR,ERR,ERR,ERR,ERR,ERR,ERR,ERR,ERR,ERR,ERR,ERR,ERR,ERR,ERR,ERR,ERR,ERR,ERR,ERR,ERR,ERR,ERR,ERR,ERR,ERR,ERR,ERR,ERR,ERR,ERR,ERR,ERR,ERR,ERR,ERR,ERR,ERR,ERR,ERR,ERR,ERR,ERR,ERR,ERR,ERR,ERR,ERR,ERR,ERR,ERR,ERR,ERR,ERR,ERR,ERR,ERR,ERR,ERR,ERR,ERR,ERR,ERR,ERR,ERR,ERR,ERR,ERR,ERR,ERR,ERR,ERR,ERR,ERR,ERR,ERR,ERR,ERR,ERR,ERR,ERR,ERR,ERR,ERR,ERR,ERR,ERR,ERR,ERR,ERR,ERR,ERR,ERR,ERR,ERR,ERR,ERR,ERR,ERR,ERR,ERR,ERR,ERR,ERR,ERR,ERR,ERR,ERR,ERR,-107615288.0,-107615296.0,0.0,0.0,0.0,1.3936040501711995e+18,7.805,0.0,0,0,4,0,8422,0.0,45,0.0,0.0,0.0,0.0,0.0,0,0,0,0,0.0,0,0,0,0,0,0,0,0,0,0,0,0,0,0,0,0,0,0,0,0,0,0,0,0,0,0,0,0,0,0,0,0,0,38,14,7,45,65476,0,300,0,0,8,21553,0.0,-107605600.0,0.0,0.0,0.0,0.0,0.0,0.0,0.0,0.0,0.0,0.0,0.0,0.0,0.0,0.0,0.0,0.0,0.0,0.0,0.0,0.0,-2.004,-2.004,2.004,-2.004,0.0,0.0,0.0,0.0,5049.0,-0.0,0.0,-107615288.0,-0.0,-0.0,0.0,0.0,0.0,0.0,0.0,53,-0.0,-107614792.0,0.0,0.0,0.0,0.0,0.0,0.0,0.0,0,0,0,0.0,0.0,0.0,0.0,0.0,0.0,0.0,0.0,0.0,0.0,0.0,0.0,0.0,0.0,0.0,0.0,0,-107875648.0,53,0.0,106,-107614832.0,-0.0,ERR,ERR,ERR,ERR,ERR,ERR,ERR,ERR,ERR,ERR,ERR,ERR,ERR,ERR,ERR,ERR,ERR,ERR,ERR,ERR,ERR,ERR,ERR,ERR,ERR,ERR,ERR,ERR,ERR,ERR,ERR,ERR,ERR,ERR,ERR,ERR,ERR,ERR,ERR,ERR,ERR,ERR,ERR,ERR,ERR,ERR,ERR,ERR,ERR,ERR,ERR,ERR,ERR,ERR,ERR,ERR,ERR,ERR,ERR,ERR,ERR,ERR,ERR,ERR,ERR,ERR,ERR,50.0,60.0,100,0.0,0.0,0.0,0.0,0.0,0.0,0.0,0.0,0.0,0.0,0.0,0.0,0.0,0.0,0.0,0.0,61.6,75,13,65511,50,65476,0,300,0,0,8,20529,65476,0,0,26214,60.0,0.0,0.0,0.0,0.0,0.0
2026-05-17T18:04:22,ERR,ERR,ERR,ERR,ERR,ERR,ERR,ERR,ERR,ERR,ERR,ERR,ERR,ERR,ERR,ERR,ERR,ERR,ERR,ERR,ERR,ERR,ERR,ERR,ERR,ERR,ERR,ERR,ERR,ERR,ERR,ERR,ERR,ERR,ERR,ERR,ERR,ERR,ERR,ERR,ERR,ERR,ERR,ERR,ERR,ERR,ERR,ERR,ERR,ERR,ERR,ERR,ERR,ERR,ERR,ERR,ERR,ERR,ERR,ERR,ERR,ERR,ERR,ERR,ERR,ERR,ERR,ERR,ERR,ERR,ERR,ERR,ERR,ERR,ERR,ERR,ERR,ERR,ERR,ERR,ERR,ERR,ERR,ERR,ERR,ERR,ERR,ERR,ERR,ERR,ERR,ERR,ERR,ERR,ERR,ERR,ERR,ERR,ERR,ERR,ERR,ERR,ERR,ERR,ERR,ERR,ERR,ERR,ERR,ERR,ERR,ERR,ERR,ERR,ERR,ERR,ERR,ERR,ERR,ERR,ERR,ERR,ERR,ERR,ERR,-107615288.0,-107615296.0,0.0,0.0,0.0,1.3936040501711995e+18,7.805,0.0,0,0,4,0,8422,0.0,45,0.0,0.0,0.0,0.0,0.0,0,0,0,0,0.0,0,0,0,0,0,0,0,0,0,0,0,0,0,0,0,0,0,0,0,0,0,0,0,0,0,0,0,0,0,0,0,0,0,38,14,7,45,65476,0,300,0,0,8,21553,0.0,-107605600.0,0.0,0.0,0.0,0.0,0.0,0.0,0.0,0.0,0.0,0.0,0.0,0.0,0.0,0.0,0.0,0.0,0.0,0.0,0.0,0.0,-2.004,-2.004,2.004,-2.004,0.0,0.0,0.0,0.0,5049.0,-0.0,0.0,-107615288.0,-0.0,-0.0,0.0,0.0,0.0,0.0,0.0,53,-0.0,-107614792.0,0.0,0.0,0.0,0.0,0.0,0.0,0.0,0,0,0,0.0,0.0,0.0,0.0,0.0,0.0,0.0,0.0,0.0,0.0,0.0,0.0,0.0,0.0,0.0,0.0,0,-107875648.0,53,0.0,106,-107614832.0,-0.0,ERR,ERR,ERR,ERR,ERR,ERR,ERR,ERR,ERR,ERR,ERR,ERR,ERR,ERR,ERR,ERR,ERR,ERR,ERR,ERR,ERR,ERR,ERR,ERR,ERR,ERR,ERR,ERR,ERR,ERR,ERR,ERR,ERR,ERR,ERR,ERR,ERR,ERR,ERR,ERR,ERR,ERR,ERR,ERR,ERR,ERR,ERR,ERR,ERR,ERR,ERR,ERR,ERR,ERR,ERR,ERR,ERR,ERR,ERR,ERR,ERR,ERR,ERR,ERR,ERR,ERR,ERR,50.0,60.0,100,0.0,0.0,0.0,0.0,0.0,0.0,0.0,0.0,0.0,0.0,0.0,0.0,0.0,0.0,0.0,0.0,61.6,75,13,65511,50,65476,0,300,0,0,8,20529,65476,0,0,26214,60.0,0.0,0.0,0.0,0.0,0.0
2026-05-17T18:04:23,ERR,ERR,ERR,ERR,ERR,ERR,ERR,ERR,ERR,ERR,ERR,ERR,ERR,ERR,ERR,ERR,ERR,ERR,ERR,ERR,ERR,ERR,ERR,ERR,ERR,ERR,ERR,ERR,ERR,ERR,ERR,ERR,ERR,ERR,ERR,ERR,ERR,ERR,ERR,ERR,ERR,ERR,ERR,ERR,ERR,ERR,ERR,ERR,ERR,ERR,ERR,ERR,ERR,ERR,ERR,ERR,ERR,ERR,ERR,ERR,ERR,ERR,ERR,ERR,ERR,ERR,ERR,ERR,ERR,ERR,ERR,ERR,ERR,ERR,ERR,ERR,ERR,ERR,ERR,ERR,ERR,ERR,ERR,ERR,ERR,ERR,ERR,ERR,ERR,ERR,ERR,ERR,ERR,ERR,ERR,ERR,ERR,ERR,ERR,ERR,ERR,ERR,ERR,ERR,ERR,ERR,ERR,ERR,ERR,ERR,ERR,ERR,ERR,ERR,ERR,ERR,ERR,ERR,ERR,ERR,ERR,ERR,ERR,ERR,ERR,-107615288.0,-107615296.0,0.0,0.0,0.0,1.3936040501711995e+18,7.805,0.0,0,0,4,0,8422,0.0,45,0.0,0.0,0.0,0.0,0.0,0,0,0,0,0.0,0,0,0,0,0,0,0,0,0,0,0,0,0,0,0,0,0,0,0,0,0,0,0,0,0,0,0,0,0,0,0,0,0,38,14,7,45,65476,0,300,0,0,8,21553,0.0,-107605600.0,0.0,0.0,0.0,0.0,0.0,0.0,0.0,0.0,0.0,0.0,0.0,0.0,0.0,0.0,0.0,0.0,0.0,0.0,0.0,0.0,-2.004,-2.004,2.004,-2.004,0.0,0.0,0.0,0.0,5049.0,-0.0,0.0,-107615288.0,-0.0,-0.0,0.0,0.0,0.0,0.0,0.0,53,-0.0,-107614792.0,0.0,0.0,0.0,0.0,0.0,0.0,0.0,0,0,0,0.0,0.0,0.0,0.0,0.0,0.0,0.0,0.0,0.0,0.0,0.0,0.0,0.0,0.0,0.0,0.0,0,-107875648.0,53,0.0,106,-107614832.0,-0.0,ERR,ERR,ERR,ERR,ERR,ERR,ERR,ERR,ERR,ERR,ERR,ERR,ERR,ERR,ERR,ERR,ERR,ERR,ERR,ERR,ERR,ERR,ERR,ERR,ERR,ERR,ERR,ERR,ERR,ERR,ERR,ERR,ERR,ERR,ERR,ERR,ERR,ERR,ERR,ERR,ERR,ERR,ERR,ERR,ERR,ERR,ERR,ERR,ERR,ERR,ERR,ERR,ERR,ERR,ERR,ERR,ERR,ERR,ERR,ERR,ERR,ERR,ERR,ERR,ERR,ERR,ERR,50.0,60.0,100,0.0,0.0,0.0,0.0,0.0,0.0,0.0,0.0,0.0,0.0,0.0,0.0,0.0,0.0,0.0,0.0,61.6,75,13,65511,50,65476,0,300,0,0,8,20529,65476,0,0,26214,60.0,0.0,0.0,0.0,0.0,0.0
2026-05-17T18:04:24,ERR,ERR,ERR,ERR,ERR,ERR,ERR,ERR,ERR,ERR,ERR,ERR,ERR,ERR,ERR,ERR,ERR,ERR,ERR,ERR,ERR,ERR,ERR,ERR,ERR,ERR,ERR,ERR,ERR,ERR,ERR,ERR,ERR,ERR,ERR,ERR,ERR,ERR,ERR,ERR,ERR,ERR,ERR,ERR,ERR,ERR,ERR,ERR,ERR,ERR,ERR,ERR,ERR,ERR,ERR,ERR,ERR,ERR,ERR,ERR,ERR,ERR,ERR,ERR,ERR,ERR,ERR,ERR,ERR,ERR,ERR,ERR,ERR,ERR,ERR,ERR,ERR,ERR,ERR,ERR,ERR,ERR,ERR,ERR,ERR,ERR,ERR,ERR,ERR,ERR,ERR,ERR,ERR,ERR,ERR,ERR,ERR,ERR,ERR,ERR,ERR,ERR,ERR,ERR,ERR,ERR,ERR,ERR,ERR,ERR,ERR,ERR,ERR,ERR,ERR,ERR,ERR,ERR,ERR,ERR,ERR,ERR,ERR,ERR,ERR,-107615288.0,-107615296.0,0.0,0.0,0.0,1.3936040501711995e+18,7.805,0.0,0,0,4,0,8422,0.0,45,0.0,0.0,0.0,0.0,0.0,0,0,0,0,0.0,0,0,0,0,0,0,0,0,0,0,0,0,0,0,0,0,0,0,0,0,0,0,0,0,0,0,0,0,0,0,0,0,0,38,14,7,45,65476,0,300,0,0,8,21553,0.0,-107605600.0,0.0,0.0,0.0,0.0,0.0,0.0,0.0,0.0,0.0,0.0,0.0,0.0,0.0,0.0,0.0,0.0,0.0,0.0,0.0,0.0,-2.004,-2.004,2.004,-2.004,0.0,0.0,0.0,0.0,5049.0,-0.0,0.0,-107615288.0,-0.0,-0.0,0.0,0.0,0.0,0.0,0.0,53,-0.0,-107614792.0,0.0,0.0,0.0,0.0,0.0,0.0,0.0,0,0,0,0.0,0.0,0.0,0.0,0.0,0.0,0.0,0.0,0.0,0.0,0.0,0.0,0.0,0.0,0.0,0.0,0,-107875648.0,53,0.0,106,-107614832.0,-0.0,ERR,ERR,ERR,ERR,ERR,ERR,ERR,ERR,ERR,ERR,ERR,ERR,ERR,ERR,ERR,ERR,ERR,ERR,ERR,ERR,ERR,ERR,ERR,ERR,ERR,ERR,ERR,ERR,ERR,ERR,ERR,ERR,ERR,ERR,ERR,ERR,ERR,ERR,ERR,ERR,ERR,ERR,ERR,ERR,ERR,ERR,ERR,ERR,ERR,ERR,ERR,ERR,ERR,ERR,ERR,ERR,ERR,ERR,ERR,ERR,ERR,ERR,ERR,ERR,ERR,ERR,ERR,50.0,60.0,100,0.0,0.0,0.0,0.0,0.0,0.0,0.0,0.0,0.0,0.0,0.0,0.0,0.0,0.0,0.0,0.0,62.0,75,13,65511,50,65476,0,300,0,0,8,20529,65476,0,0,26214,60.0,0.0,0.0,0.0,0.0,0.0
2026-05-17T18:04:25,ERR,ERR,ERR,ERR,ERR,ERR,ERR,ERR,ERR,ERR,ERR,ERR,ERR,ERR,ERR,ERR,ERR,ERR,ERR,ERR,ERR,ERR,ERR,ERR,ERR,ERR,ERR,ERR,ERR,ERR,ERR,ERR,ERR,ERR,ERR,ERR,ERR,ERR,ERR,ERR,ERR,ERR,ERR,ERR,ERR,ERR,ERR,ERR,ERR,ERR,ERR,ERR,ERR,ERR,ERR,ERR,ERR,ERR,ERR,ERR,ERR,ERR,ERR,ERR,ERR,ERR,ERR,ERR,ERR,ERR,ERR,ERR,ERR,ERR,ERR,ERR,ERR,ERR,ERR,ERR,ERR,ERR,ERR,ERR,ERR,ERR,ERR,ERR,ERR,ERR,ERR,ERR,ERR,ERR,ERR,ERR,ERR,ERR,ERR,ERR,ERR,ERR,ERR,ERR,ERR,ERR,ERR,ERR,ERR,ERR,ERR,ERR,ERR,ERR,ERR,ERR,ERR,ERR,ERR,ERR,ERR,ERR,ERR,ERR,ERR,-107615288.0,-0.0,-134474944.0,0.0,0.0,1.3936040501711995e+18,7.805,0.0,0,0,4,0,8422,0.0,45,0.0,0.0,0.0,0.0,0.0,0,0,0,0,0.0,0,0,0,0,0,0,0,0,0,0,0,0,0,0,0,0,0,0,0,0,0,0,0,0,0,0,0,0,0,0,0,0,0,38,14,7,45,65476,0,300,0,0,8,21553,0.0,-107605600.0,0.0,0.0,0.0,0.0,0.0,0.0,0.0,0.0,0.0,0.0,0.0,0.0,0.0,0.0,0.0,0.0,0.0,0.0,0.0,0.0,-2.004,-2.004,2.004,-2.004,0.0,0.0,0.0,0.0,5054.0,-2.422988192762658e+24,0.0,-107615288.0,-0.0,-0.0,0.0,0.0,0.0,0.0,0.0,53,-0.0,0.0,0.0,0.0,0.0,0.0,0.0,0.0,0.0,0,0,0,0.0,0.0,0.0,0.0,0.0,0.0,0.0,0.0,0.0,0.0,0.0,0.0,0.0,0.0,0.0,0.0,0,-107875648.0,53,0.0,106,-107614832.0,-0.0,ERR,ERR,ERR,ERR,ERR,ERR,ERR,ERR,ERR,ERR,ERR,ERR,ERR,ERR,ERR,ERR,ERR,ERR,ERR,ERR,ERR,ERR,ERR,ERR,ERR,ERR,ERR,ERR,ERR,ERR,ERR,ERR,ERR,ERR,ERR,ERR,ERR,ERR,ERR,ERR,ERR,ERR,ERR,ERR,ERR,ERR,ERR,ERR,ERR,ERR,ERR,ERR,ERR,ERR,ERR,ERR,ERR,ERR,ERR,ERR,ERR,ERR,ERR,ERR,ERR,ERR,ERR,50.0,60.0,100,0.0,0.0,0.0,0.0,0.0,0.0,0.0,0.0,0.0,0.0,0.0,0.0,0.0,0.0,0.0,0.0,62.0,75,13,65511,50,65476,0,300,0,0,8,20529,65476,0,0,26214,60.0,0.0,0.0,0.0,0.0,0.0
2026-05-17T18:04:26,ERR,ERR,ERR,ERR,ERR,ERR,ERR,ERR,ERR,ERR,ERR,ERR,ERR,ERR,ERR,ERR,ERR,ERR,ERR,ERR,ERR,ERR,ERR,ERR,ERR,ERR,ERR,ERR,ERR,ERR,ERR,ERR,ERR,ERR,ERR,ERR,ERR,ERR,ERR,ERR,ERR,ERR,ERR,ERR,ERR,ERR,ERR,ERR,ERR,ERR,ERR,ERR,ERR,ERR,ERR,ERR,ERR,ERR,ERR,ERR,ERR,ERR,ERR,ERR,ERR,ERR,ERR,ERR,ERR,ERR,ERR,ERR,ERR,ERR,ERR,ERR,ERR,ERR,ERR,ERR,ERR,ERR,ERR,ERR,ERR,ERR,ERR,ERR,ERR,ERR,ERR,ERR,ERR,ERR,ERR,ERR,ERR,ERR,ERR,ERR,ERR,ERR,ERR,ERR,ERR,ERR,ERR,ERR,ERR,ERR,ERR,ERR,ERR,ERR,ERR,ERR,ERR,ERR,ERR,ERR,ERR,ERR,ERR,ERR,ERR,-107615288.0,-0.0,-134474944.0,0.0,0.0,1.3936040501711995e+18,7.805,0.0,0,0,4,0,8422,0.0,45,0.0,0.0,0.0,0.0,0.0,0,0,0,0,0.0,0,0,0,0,0,0,0,0,0,0,0,0,0,0,0,0,0,0,0,0,0,0,0,0,0,0,0,0,0,0,0,0,0,38,14,7,45,65476,0,300,0,0,8,21553,0.0,-107605600.0,0.0,0.0,0.0,0.0,0.0,0.0,0.0,0.0,0.0,0.0,0.0,0.0,0.0,0.0,0.0,0.0,0.0,0.0,0.0,0.0,-2.004,-2.004,2.004,-2.004,0.0,0.0,0.0,0.0,5054.0,-2.422988192762658e+24,0.0,-107615288.0,-0.0,-0.0,0.0,0.0,0.0,0.0,0.0,53,-0.0,0.0,0.0,0.0,0.0,0.0,0.0,0.0,0.0,0,0,0,0.0,0.0,0.0,0.0,0.0,0.0,0.0,0.0,0.0,0.0,0.0,0.0,0.0,0.0,0.0,0.0,0,-107875648.0,53,0.0,106,-107614832.0,-0.0,ERR,ERR,ERR,ERR,ERR,ERR,ERR,ERR,ERR,ERR,ERR,ERR,ERR,ERR,ERR,ERR,ERR,ERR,ERR,ERR,ERR,ERR,ERR,ERR,ERR,ERR,ERR,ERR,ERR,ERR,ERR,ERR,ERR,ERR,ERR,ERR,ERR,ERR,ERR,ERR,ERR,ERR,ERR,ERR,ERR,ERR,ERR,ERR,ERR,ERR,ERR,ERR,ERR,ERR,ERR,ERR,ERR,ERR,ERR,ERR,ERR,ERR,ERR,ERR,ERR,ERR,ERR,50.0,60.0,100,0.0,0.0,0.0,0.0,0.0,0.0,0.0,0.0,0.0,0.0,0.0,0.0,0.0,0.0,0.0,0.0,61.6,75,13,65511,50,65476,0,300,0,0,8,20529,65476,0,0,26214,60.0,0.0,0.0,0.0,0.0,0.0
2026-05-17T18:04:27,ERR,ERR,ERR,ERR,ERR,ERR,ERR,ERR,ERR,ERR,ERR,ERR,ERR,ERR,ERR,ERR,ERR,ERR,ERR,ERR,ERR,ERR,ERR,ERR,ERR,ERR,ERR,ERR,ERR,ERR,ERR,ERR,ERR,ERR,ERR,ERR,ERR,ERR,ERR,ERR,ERR,ERR,ERR,ERR,ERR,ERR,ERR,ERR,ERR,ERR,ERR,ERR,ERR,ERR,ERR,ERR,ERR,ERR,ERR,ERR,ERR,ERR,ERR,ERR,ERR,ERR,ERR,ERR,ERR,ERR,ERR,ERR,ERR,ERR,ERR,ERR,ERR,ERR,ERR,ERR,ERR,ERR,ERR,ERR,ERR,ERR,ERR,ERR,ERR,ERR,ERR,ERR,ERR,ERR,ERR,ERR,ERR,ERR,ERR,ERR,ERR,ERR,ERR,ERR,ERR,ERR,ERR,ERR,ERR,ERR,ERR,ERR,ERR,ERR,ERR,ERR,ERR,ERR,ERR,ERR,ERR,ERR,ERR,ERR,ERR,-107615288.0,-0.0,-134474944.0,0.0,0.0,1.3936040501711995e+18,7.805,0.0,0,0,4,0,8422,0.0,45,0.0,0.0,0.0,0.0,0.0,0,0,0,0,0.0,0,0,0,0,0,0,0,0,0,0,0,0,0,0,0,0,0,0,0,0,0,0,0,0,0,0,0,0,0,0,0,0,0,38,14,7,45,65476,0,300,0,0,8,21553,0.0,-107605600.0,0.0,0.0,0.0,0.0,0.0,0.0,0.0,0.0,0.0,0.0,0.0,0.0,0.0,0.0,0.0,0.0,0.0,0.0,0.0,0.0,-2.004,-2.004,2.004,-2.004,0.0,0.0,0.0,0.0,5054.0,-2.422988192762658e+24,0.0,-107615288.0,-0.0,-0.0,0.0,0.0,0.0,0.0,0.0,53,-0.0,0.0,0.0,0.0,0.0,0.0,0.0,0.0,0.0,0,0,0,0.0,0.0,0.0,0.0,0.0,0.0,0.0,0.0,0.0,0.0,0.0,0.0,0.0,0.0,0.0,0.0,0,-107875648.0,53,0.0,106,-107614832.0,-0.0,ERR,ERR,ERR,ERR,ERR,ERR,ERR,ERR,ERR,ERR,ERR,ERR,ERR,ERR,ERR,ERR,ERR,ERR,ERR,ERR,ERR,ERR,ERR,ERR,ERR,ERR,ERR,ERR,ERR,ERR,ERR,ERR,ERR,ERR,ERR,ERR,ERR,ERR,ERR,ERR,ERR,ERR,ERR,ERR,ERR,ERR,ERR,ERR,ERR,ERR,ERR,ERR,ERR,ERR,ERR,ERR,ERR,ERR,ERR,ERR,ERR,ERR,ERR,ERR,ERR,ERR,ERR,50.0,60.0,100,0.0,0.0,0.0,0.0,0.0,0.0,0.0,0.0,0.0,0.0,0.0,0.0,0.0,0.0,0.0,0.0,61.6,75,13,65511,50,65476,0,300,0,0,8,20529,65476,0,0,26214,60.0,0.0,0.0,0.0,0.0,0.0
2026-05-17T18:04:28,ERR,ERR,ERR,ERR,ERR,ERR,ERR,ERR,ERR,ERR,ERR,ERR,ERR,ERR,ERR,ERR,ERR,ERR,ERR,ERR,ERR,ERR,ERR,ERR,ERR,ERR,ERR,ERR,ERR,ERR,ERR,ERR,ERR,ERR,ERR,ERR,ERR,ERR,ERR,ERR,ERR,ERR,ERR,ERR,ERR,ERR,ERR,ERR,ERR,ERR,ERR,ERR,ERR,ERR,ERR,ERR,ERR,ERR,ERR,ERR,ERR,ERR,ERR,ERR,ERR,ERR,ERR,ERR,ERR,ERR,ERR,ERR,ERR,ERR,ERR,ERR,ERR,ERR,ERR,ERR,ERR,ERR,ERR,ERR,ERR,ERR,ERR,ERR,ERR,ERR,ERR,ERR,ERR,ERR,ERR,ERR,ERR,ERR,ERR,ERR,ERR,ERR,ERR,ERR,ERR,ERR,ERR,ERR,ERR,ERR,ERR,ERR,ERR,ERR,ERR,ERR,ERR,ERR,ERR,ERR,ERR,ERR,ERR,ERR,ERR,-107615288.0,-0.0,-134474944.0,0.0,0.0,1.3936040501711995e+18,7.805,0.0,0,0,4,0,8422,0.0,45,0.0,0.0,0.0,0.0,0.0,0,0,0,0,0.0,0,0,0,0,0,0,0,0,0,0,0,0,0,0,0,0,0,0,0,0,0,0,0,0,0,0,0,0,0,0,0,0,0,38,14,7,45,65476,0,300,0,0,8,21553,0.0,-107605600.0,0.0,0.0,0.0,0.0,0.0,0.0,0.0,0.0,0.0,0.0,0.0,0.0,0.0,0.0,0.0,0.0,0.0,0.0,0.0,0.0,-2.004,-2.004,2.004,-2.004,0.0,0.0,0.0,0.0,5054.0,-2.422988192762658e+24,0.0,-107615288.0,-0.0,-0.0,0.0,0.0,0.0,0.0,0.0,53,-0.0,0.0,0.0,0.0,0.0,0.0,0.0,0.0,0.0,0,0,0,0.0,0.0,0.0,0.0,0.0,0.0,0.0,0.0,0.0,0.0,0.0,0.0,0.0,0.0,0.0,0.0,0,-107875648.0,53,0.0,106,-107614832.0,-0.0,ERR,ERR,ERR,ERR,ERR,ERR,ERR,ERR,ERR,ERR,ERR,ERR,ERR,ERR,ERR,ERR,ERR,ERR,ERR,ERR,ERR,ERR,ERR,ERR,ERR,ERR,ERR,ERR,ERR,ERR,ERR,ERR,ERR,ERR,ERR,ERR,ERR,ERR,ERR,ERR,ERR,ERR,ERR,ERR,ERR,ERR,ERR,ERR,ERR,ERR,ERR,ERR,ERR,ERR,ERR,ERR,ERR,ERR,ERR,ERR,ERR,ERR,ERR,ERR,ERR,ERR,ERR,50.0,60.0,100,0.0,0.0,0.0,0.0,0.0,0.0,0.0,0.0,0.0,0.0,0.0,0.0,0.0,0.0,0.0,0.0,61.6,75,13,65511,50,65476,0,300,0,0,8,20529,65476,0,0,26214,60.0,0.0,0.0,0.0,0.0,0.0
2026-05-17T18:04:29,ERR,ERR,ERR,ERR,ERR,ERR,ERR,ERR,ERR,ERR,ERR,ERR,ERR,ERR,ERR,ERR,ERR,ERR,ERR,ERR,ERR,ERR,ERR,ERR,ERR,ERR,ERR,ERR,ERR,ERR,ERR,ERR,ERR,ERR,ERR,ERR,ERR,ERR,ERR,ERR,ERR,ERR,ERR,ERR,ERR,ERR,ERR,ERR,ERR,ERR,ERR,ERR,ERR,ERR,ERR,ERR,ERR,ERR,ERR,ERR,ERR,ERR,ERR,ERR,ERR,ERR,ERR,ERR,ERR,ERR,ERR,ERR,ERR,ERR,ERR,ERR,ERR,ERR,ERR,ERR,ERR,ERR,ERR,ERR,ERR,ERR,ERR,ERR,ERR,ERR,ERR,ERR,ERR,ERR,ERR,ERR,ERR,ERR,ERR,ERR,ERR,ERR,ERR,ERR,ERR,ERR,ERR,ERR,ERR,ERR,ERR,ERR,ERR,ERR,ERR,ERR,ERR,ERR,ERR,ERR,ERR,ERR,ERR,ERR,ERR,-107615288.0,-0.0,-134474944.0,0.0,0.0,1.3936040501711995e+18,7.805,0.0,0,0,4,0,8422,0.0,45,0.0,0.0,0.0,0.0,0.0,0,0,0,0,0.0,0,0,0,0,0,0,0,0,0,0,0,0,0,0,0,0,0,0,0,0,0,0,0,0,0,0,0,0,0,0,0,0,0,38,14,7,45,65476,0,300,0,0,8,21553,0.0,-107605600.0,0.0,0.0,0.0,0.0,0.0,0.0,0.0,0.0,0.0,0.0,0.0,0.0,0.0,0.0,0.0,0.0,0.0,0.0,0.0,0.0,-2.004,-2.004,2.004,-2.004,0.0,0.0,0.0,0.0,5054.0,-2.422988192762658e+24,0.0,-107615288.0,-0.0,-0.0,0.0,0.0,0.0,0.0,0.0,53,-0.0,0.0,0.0,0.0,0.0,0.0,0.0,0.0,0.0,0,0,0,0.0,0.0,0.0,0.0,0.0,0.0,0.0,0.0,0.0,0.0,0.0,0.0,0.0,0.0,0.0,0.0,0,-107875648.0,53,0.0,106,-107614832.0,-0.0,ERR,ERR,ERR,ERR,ERR,ERR,ERR,ERR,ERR,ERR,ERR,ERR,ERR,ERR,ERR,ERR,ERR,ERR,ERR,ERR,ERR,ERR,ERR,ERR,ERR,ERR,ERR,ERR,ERR,ERR,ERR,ERR,ERR,ERR,ERR,ERR,ERR,ERR,ERR,ERR,ERR,ERR,ERR,ERR,ERR,ERR,ERR,ERR,ERR,ERR,ERR,ERR,ERR,ERR,ERR,ERR,ERR,ERR,ERR,ERR,ERR,ERR,ERR,ERR,ERR,ERR,ERR,50.0,60.0,100,0.0,0.0,0.0,0.0,0.0,0.0,0.0,0.0,0.0,0.0,0.0,0.0,0.0,0.0,0.0,0.0,61.6,75,13,65511,50,65476,0,300,0,0,8,20529,65476,0,0,26214,60.0,0.0,0.0,0.0,0.0,0.0
2026-05-17T18:04:30,ERR,ERR,ERR,ERR,ERR,ERR,ERR,ERR,ERR,ERR,ERR,ERR,ERR,ERR,ERR,ERR,ERR,ERR,ERR,ERR,ERR,ERR,ERR,ERR,ERR,ERR,ERR,ERR,ERR,ERR,ERR,ERR,ERR,ERR,ERR,ERR,ERR,ERR,ERR,ERR,ERR,ERR,ERR,ERR,ERR,ERR,ERR,ERR,ERR,ERR,ERR,ERR,ERR,ERR,ERR,ERR,ERR,ERR,ERR,ERR,ERR,ERR,ERR,ERR,ERR,ERR,ERR,ERR,ERR,ERR,ERR,ERR,ERR,ERR,ERR,ERR,ERR,ERR,ERR,ERR,ERR,ERR,ERR,ERR,ERR,ERR,ERR,ERR,ERR,ERR,ERR,ERR,ERR,ERR,ERR,ERR,ERR,ERR,ERR,ERR,ERR,ERR,ERR,ERR,ERR,ERR,ERR,ERR,ERR,ERR,ERR,ERR,ERR,ERR,ERR,ERR,ERR,ERR,ERR,ERR,ERR,ERR,ERR,ERR,ERR,-107615288.0,-0.0,-134474944.0,0.0,0.0,1.3936040501711995e+18,7.805,0.0,0,0,4,0,8422,0.0,45,0.0,0.0,0.0,0.0,0.0,0,0,0,0,0.0,0,0,0,0,0,0,0,0,0,0,0,0,0,0,0,0,0,0,0,0,0,0,0,0,0,0,0,0,0,0,0,0,0,38,14,7,45,65476,0,300,0,0,8,21553,0.0,-107605600.0,0.0,0.0,0.0,0.0,0.0,0.0,0.0,0.0,0.0,0.0,0.0,0.0,0.0,0.0,0.0,0.0,0.0,0.0,0.0,0.0,-2.004,-2.004,-0.0,-2.004,0.0,0.0,0.0,0.0,5054.0,-2.004,0.0,-107615288.0,-0.0,-0.0,0.0,0.0,0.0,0.0,0.0,53,-0.0,-3.222003136178649e+26,0.0,0.0,0.0,0.0,0.0,0.0,0.0,0,0,0,0.0,0.0,0.0,0.0,0.0,0.0,0.0,0.0,0.0,0.0,0.0,0.0,0.0,0.0,0.0,0.0,0,-107875648.0,53,0.0,106,-107614832.0,-0.0,ERR,ERR,ERR,ERR,ERR,ERR,ERR,ERR,ERR,ERR,ERR,ERR,ERR,ERR,ERR,ERR,ERR,ERR,ERR,ERR,ERR,ERR,ERR,ERR,ERR,ERR,ERR,ERR,ERR,ERR,ERR,ERR,ERR,ERR,ERR,ERR,ERR,ERR,ERR,ERR,ERR,ERR,ERR,ERR,ERR,ERR,ERR,ERR,ERR,ERR,ERR,ERR,ERR,ERR,ERR,ERR,ERR,ERR,ERR,ERR,ERR,ERR,ERR,ERR,ERR,ERR,ERR,50.0,60.0,100,0.0,0.0,0.0,0.0,0.0,0.0,0.0,0.0,0.0,0.0,0.0,0.0,0.0,0.0,0.0,0.0,61.6,75,13,65511,50,65476,0,300,0,0,8,20529,65476,0,0,26214,60.0,0.0,0.0,0.0,0.0,0.0
2026-05-17T18:04:31,ERR,ERR,ERR,ERR,ERR,ERR,ERR,ERR,ERR,ERR,ERR,ERR,ERR,ERR,ERR,ERR,ERR,ERR,ERR,ERR,ERR,ERR,ERR,ERR,ERR,ERR,ERR,ERR,ERR,ERR,ERR,ERR,ERR,ERR,ERR,ERR,ERR,ERR,ERR,ERR,ERR,ERR,ERR,ERR,ERR,ERR,ERR,ERR,ERR,ERR,ERR,ERR,ERR,ERR,ERR,ERR,ERR,ERR,ERR,ERR,ERR,ERR,ERR,ERR,ERR,ERR,ERR,ERR,ERR,ERR,ERR,ERR,ERR,ERR,ERR,ERR,ERR,ERR,ERR,ERR,ERR,ERR,ERR,ERR,ERR,ERR,ERR,ERR,ERR,ERR,ERR,ERR,ERR,ERR,ERR,ERR,ERR,ERR,ERR,ERR,ERR,ERR,ERR,ERR,ERR,ERR,ERR,ERR,ERR,ERR,ERR,ERR,ERR,ERR,ERR,ERR,ERR,ERR,ERR,ERR,ERR,ERR,ERR,ERR,ERR,-107615288.0,-0.0,-134474944.0,0.0,0.0,1.3936040501711995e+18,7.805,0.0,0,0,4,0,8422,0.0,45,0.0,0.0,0.0,0.0,0.0,0,0,0,0,0.0,0,0,0,0,0,0,0,0,0,0,0,0,0,0,0,0,0,0,0,0,0,0,0,0,0,0,0,0,0,0,0,0,0,38,14,7,45,65476,0,300,0,0,8,21553,0.0,-107605600.0,0.0,0.0,0.0,0.0,0.0,0.0,0.0,0.0,0.0,0.0,0.0,0.0,0.0,0.0,0.0,0.0,0.0,0.0,0.0,0.0,-2.004,-2.004,-0.0,-2.004,0.0,0.0,0.0,0.0,5054.0,-2.004,0.0,-107615288.0,-0.0,-0.0,0.0,0.0,0.0,0.0,0.0,53,-0.0,-3.222003136178649e+26,0.0,0.0,0.0,0.0,0.0,0.0,0.0,0,0,0,0.0,0.0,0.0,0.0,0.0,0.0,0.0,0.0,0.0,0.0,0.0,0.0,0.0,0.0,0.0,0.0,0,-107875648.0,53,0.0,106,-107614832.0,-0.0,ERR,ERR,ERR,ERR,ERR,ERR,ERR,ERR,ERR,ERR,ERR,ERR,ERR,ERR,ERR,ERR,ERR,ERR,ERR,ERR,ERR,ERR,ERR,ERR,ERR,ERR,ERR,ERR,ERR,ERR,ERR,ERR,ERR,ERR,ERR,ERR,ERR,ERR,ERR,ERR,ERR,ERR,ERR,ERR,ERR,ERR,ERR,ERR,ERR,ERR,ERR,ERR,ERR,ERR,ERR,ERR,ERR,ERR,ERR,ERR,ERR,ERR,ERR,ERR,ERR,ERR,ERR,50.0,60.0,100,0.0,0.0,0.0,0.0,0.0,0.0,0.0,0.0,0.0,0.0,0.0,0.0,0.0,0.0,0.0,0.0,62.0,75,13,65511,50,65476,0,300,0,0,8,20529,65476,0,0,26214,60.0,0.0,0.0,0.0,0.0,0.0
2026-05-17T18:04:32,ERR,ERR,ERR,ERR,ERR,ERR,ERR,ERR,ERR,ERR,ERR,ERR,ERR,ERR,ERR,ERR,ERR,ERR,ERR,ERR,ERR,ERR,ERR,ERR,ERR,ERR,ERR,ERR,ERR,ERR,ERR,ERR,ERR,ERR,ERR,ERR,ERR,ERR,ERR,ERR,ERR,ERR,ERR,ERR,ERR,ERR,ERR,ERR,ERR,ERR,ERR,ERR,ERR,ERR,ERR,ERR,ERR,ERR,ERR,ERR,ERR,ERR,ERR,ERR,ERR,ERR,ERR,ERR,ERR,ERR,ERR,ERR,ERR,ERR,ERR,ERR,ERR,ERR,ERR,ERR,ERR,ERR,ERR,ERR,ERR,ERR,ERR,ERR,ERR,ERR,ERR,ERR,ERR,ERR,ERR,ERR,ERR,ERR,ERR,ERR,ERR,ERR,ERR,ERR,ERR,ERR,ERR,ERR,ERR,ERR,ERR,ERR,ERR,ERR,ERR,ERR,ERR,ERR,ERR,ERR,ERR,ERR,ERR,ERR,ERR,-107615288.0,-0.0,-134474944.0,0.0,0.0,1.3936040501711995e+18,7.805,0.0,0,0,4,0,8422,0.0,45,0.0,0.0,0.0,0.0,0.0,0,0,0,0,0.0,0,0,0,0,0,0,0,0,0,0,0,0,0,0,0,0,0,0,0,0,0,0,0,0,0,0,0,0,0,0,0,0,0,38,14,7,45,65476,0,300,0,0,8,21553,0.0,-107605600.0,0.0,0.0,0.0,0.0,0.0,0.0,0.0,0.0,0.0,0.0,0.0,0.0,0.0,0.0,0.0,0.0,0.0,0.0,0.0,0.0,-2.004,-2.004,-0.0,-2.004,0.0,0.0,0.0,0.0,5054.0,-2.004,0.0,-107615288.0,-0.0,-0.0,0.0,0.0,0.0,0.0,0.0,53,-0.0,-3.222003136178649e+26,0.0,0.0,0.0,0.0,0.0,0.0,0.0,0,0,0,0.0,0.0,0.0,0.0,0.0,0.0,0.0,0.0,0.0,0.0,0.0,0.0,0.0,0.0,0.0,0.0,0,-107875648.0,53,0.0,106,-107614832.0,-0.0,ERR,ERR,ERR,ERR,ERR,ERR,ERR,ERR,ERR,ERR,ERR,ERR,ERR,ERR,ERR,ERR,ERR,ERR,ERR,ERR,ERR,ERR,ERR,ERR,ERR,ERR,ERR,ERR,ERR,ERR,ERR,ERR,ERR,ERR,ERR,ERR,ERR,ERR,ERR,ERR,ERR,ERR,ERR,ERR,ERR,ERR,ERR,ERR,ERR,ERR,ERR,ERR,ERR,ERR,ERR,ERR,ERR,ERR,ERR,ERR,ERR,ERR,ERR,ERR,ERR,ERR,ERR,50.0,60.0,100,0.0,0.0,0.0,0.0,0.0,0.0,0.0,0.0,0.0,0.0,0.0,0.0,0.0,0.0,0.0,0.0,62.0,75,13,65511,50,65476,0,300,0,0,8,20529,65476,0,0,26214,60.0,0.0,0.0,0.0,0.0,0.0
2026-05-17T18:04:33,ERR,ERR,ERR,ERR,ERR,ERR,ERR,ERR,ERR,ERR,ERR,ERR,ERR,ERR,ERR,ERR,ERR,ERR,ERR,ERR,ERR,ERR,ERR,ERR,ERR,ERR,ERR,ERR,ERR,ERR,ERR,ERR,ERR,ERR,ERR,ERR,ERR,ERR,ERR,ERR,ERR,ERR,ERR,ERR,ERR,ERR,ERR,ERR,ERR,ERR,ERR,ERR,ERR,ERR,ERR,ERR,ERR,ERR,ERR,ERR,ERR,ERR,ERR,ERR,ERR,ERR,ERR,ERR,ERR,ERR,ERR,ERR,ERR,ERR,ERR,ERR,ERR,ERR,ERR,ERR,ERR,ERR,ERR,ERR,ERR,ERR,ERR,ERR,ERR,ERR,ERR,ERR,ERR,ERR,ERR,ERR,ERR,ERR,ERR,ERR,ERR,ERR,ERR,ERR,ERR,ERR,ERR,ERR,ERR,ERR,ERR,ERR,ERR,ERR,ERR,ERR,ERR,ERR,ERR,ERR,ERR,ERR,ERR,ERR,ERR,-107615288.0,-0.0,-134474944.0,0.0,0.0,1.3936040501711995e+18,7.805,0.0,0,0,4,0,8422,0.0,45,0.0,0.0,0.0,0.0,0.0,0,0,0,0,0.0,0,0,0,0,0,0,0,0,0,0,0,0,0,0,0,0,0,0,0,0,0,0,0,0,0,0,0,0,0,0,0,0,0,38,14,7,45,65476,0,300,0,0,8,21553,0.0,-107605600.0,0.0,0.0,0.0,0.0,0.0,0.0,0.0,0.0,0.0,0.0,0.0,0.0,0.0,0.0,0.0,0.0,0.0,0.0,0.0,0.0,-2.004,-2.004,-0.0,-2.004,0.0,0.0,0.0,0.0,5054.0,-2.004,0.0,-107615288.0,-0.0,-0.0,0.0,0.0,0.0,0.0,0.0,53,-0.0,-3.222003136178649e+26,0.0,0.0,0.0,0.0,0.0,0.0,0.0,0,0,0,0.0,0.0,0.0,0.0,0.0,0.0,0.0,0.0,0.0,0.0,0.0,0.0,0.0,0.0,0.0,0.0,0,-107875648.0,53,0.0,106,-107614832.0,-0.0,ERR,ERR,ERR,ERR,ERR,ERR,ERR,ERR,ERR,ERR,ERR,ERR,ERR,ERR,ERR,ERR,ERR,ERR,ERR,ERR,ERR,ERR,ERR,ERR,ERR,ERR,ERR,ERR,ERR,ERR,ERR,ERR,ERR,ERR,ERR,ERR,ERR,ERR,ERR,ERR,ERR,ERR,ERR,ERR,ERR,ERR,ERR,ERR,ERR,ERR,ERR,ERR,ERR,ERR,ERR,ERR,ERR,ERR,ERR,ERR,ERR,ERR,ERR,ERR,ERR,ERR,ERR,50.0,60.0,100,0.0,0.0,0.0,0.0,0.0,0.0,0.0,0.0,0.0,0.0,0.0,0.0,0.0,0.0,0.0,0.0,61.6,75,13,65511,50,65476,0,300,0,0,8,20529,65476,0,0,26214,60.0,0.0,0.0,0.0,0.0,0.0
2026-05-17T18:04:34,ERR,ERR,ERR,ERR,ERR,ERR,ERR,ERR,ERR,ERR,ERR,ERR,ERR,ERR,ERR,ERR,ERR,ERR,ERR,ERR,ERR,ERR,ERR,ERR,ERR,ERR,ERR,ERR,ERR,ERR,ERR,ERR,ERR,ERR,ERR,ERR,ERR,ERR,ERR,ERR,ERR,ERR,ERR,ERR,ERR,ERR,ERR,ERR,ERR,ERR,ERR,ERR,ERR,ERR,ERR,ERR,ERR,ERR,ERR,ERR,ERR,ERR,ERR,ERR,ERR,ERR,ERR,ERR,ERR,ERR,ERR,ERR,ERR,ERR,ERR,ERR,ERR,ERR,ERR,ERR,ERR,ERR,ERR,ERR,ERR,ERR,ERR,ERR,ERR,ERR,ERR,ERR,ERR,ERR,ERR,ERR,ERR,ERR,ERR,ERR,ERR,ERR,ERR,ERR,ERR,ERR,ERR,ERR,ERR,ERR,ERR,ERR,ERR,ERR,ERR,ERR,ERR,ERR,ERR,ERR,ERR,ERR,ERR,ERR,ERR,-107615288.0,-0.0,-134474944.0,0.0,0.0,1.3936040501711995e+18,7.805,0.0,0,0,4,0,8422,0.0,45,0.0,0.0,0.0,0.0,0.0,0,0,0,0,0.0,0,0,0,0,0,0,0,0,0,0,0,0,0,0,0,0,0,0,0,0,0,0,0,0,0,0,0,0,0,0,0,0,0,38,14,7,45,65476,0,300,0,0,8,21553,0.0,-107605600.0,0.0,0.0,0.0,0.0,0.0,0.0,0.0,0.0,0.0,0.0,0.0,0.0,0.0,0.0,0.0,0.0,0.0,0.0,0.0,0.0,-2.004,-2.004,-0.0,-2.004,0.0,0.0,0.0,0.0,5054.0,-2.004,0.0,-107615288.0,-0.0,-0.0,0.0,0.0,0.0,0.0,0.0,53,-0.0,-3.222003136178649e+26,0.0,0.0,0.0,0.0,0.0,0.0,0.0,0,0,0,0.0,0.0,0.0,0.0,0.0,0.0,0.0,0.0,0.0,0.0,0.0,0.0,0.0,0.0,0.0,0.0,0,-107875648.0,53,0.0,106,-107614832.0,-0.0,ERR,ERR,ERR,ERR,ERR,ERR,ERR,ERR,ERR,ERR,ERR,ERR,ERR,ERR,ERR,ERR,ERR,ERR,ERR,ERR,ERR,ERR,ERR,ERR,ERR,ERR,ERR,ERR,ERR,ERR,ERR,ERR,ERR,ERR,ERR,ERR,ERR,ERR,ERR,ERR,ERR,ERR,ERR,ERR,ERR,ERR,ERR,ERR,ERR,ERR,ERR,ERR,ERR,ERR,ERR,ERR,ERR,ERR,ERR,ERR,ERR,ERR,ERR,ERR,ERR,ERR,ERR,50.0,60.0,100,0.0,0.0,0.0,0.0,0.0,0.0,0.0,0.0,0.0,0.0,0.0,0.0,0.0,0.0,0.0,0.0,61.6,75,13,65511,50,65476,0,300,0,0,8,20529,65476,0,0,26214,60.0,0.0,0.0,0.0,0.0,0.0
2026-05-17T18:04:35,ERR,ERR,ERR,ERR,ERR,ERR,ERR,ERR,ERR,ERR,ERR,ERR,ERR,ERR,ERR,ERR,ERR,ERR,ERR,ERR,ERR,ERR,ERR,ERR,ERR,ERR,ERR,ERR,ERR,ERR,ERR,ERR,ERR,ERR,ERR,ERR,ERR,ERR,ERR,ERR,ERR,ERR,ERR,ERR,ERR,ERR,ERR,ERR,ERR,ERR,ERR,ERR,ERR,ERR,ERR,ERR,ERR,ERR,ERR,ERR,ERR,ERR,ERR,ERR,ERR,ERR,ERR,ERR,ERR,ERR,ERR,ERR,ERR,ERR,ERR,ERR,ERR,ERR,ERR,ERR,ERR,ERR,ERR,ERR,ERR,ERR,ERR,ERR,ERR,ERR,ERR,ERR,ERR,ERR,ERR,ERR,ERR,ERR,ERR,ERR,ERR,ERR,ERR,ERR,ERR,ERR,ERR,ERR,ERR,ERR,ERR,ERR,ERR,ERR,ERR,ERR,ERR,ERR,ERR,ERR,ERR,ERR,ERR,ERR,ERR,-107615288.0,-0.0,-134474944.0,0.0,0.0,1.3936040501711995e+18,7.805,0.0,0,0,4,0,8422,0.0,45,0.0,0.0,0.0,0.0,0.0,0,0,0,0,0.0,0,0,0,0,0,0,0,0,0,0,0,0,0,0,0,0,0,0,0,0,0,0,0,0,0,0,0,0,0,0,0,0,0,38,14,7,45,65476,0,300,0,0,8,21553,0.0,-107605600.0,0.0,0.0,0.0,0.0,0.0,0.0,0.0,0.0,0.0,0.0,0.0,0.0,0.0,0.0,0.0,0.0,0.0,0.0,0.0,0.0,-2.004,-2.004,2.004,0.0,0.0,0.0,0.0,0.0,5025.0,1.5879295420089355e+29,0.0,-107615288.0,-0.0,-0.0,0.0,0.0,0.0,0.0,0.0,53,-0.059,-0.0,0.0,0.0,0.0,0.0,0.0,0.0,0.0,0,0,0,0.0,0.0,0.0,0.0,0.0,0.0,0.0,0.0,0.0,0.0,0.0,0.0,0.0,0.0,0.0,0.0,0,-107875648.0,53,0.0,106,-107614832.0,-0.0,ERR,ERR,ERR,ERR,ERR,ERR,ERR,ERR,ERR,ERR,ERR,ERR,ERR,ERR,ERR,ERR,ERR,ERR,ERR,ERR,ERR,ERR,ERR,ERR,ERR,ERR,ERR,ERR,ERR,ERR,ERR,ERR,ERR,ERR,ERR,ERR,ERR,ERR,ERR,ERR,ERR,ERR,ERR,ERR,ERR,ERR,ERR,ERR,ERR,ERR,ERR,ERR,ERR,ERR,ERR,ERR,ERR,ERR,ERR,ERR,ERR,ERR,ERR,ERR,ERR,ERR,ERR,50.0,60.0,100,0.0,0.0,0.0,0.0,0.0,0.0,0.0,0.0,0.0,0.0,0.0,0.0,0.0,0.0,0.0,0.0,61.6,75,13,65511,50,65476,0,300,0,0,8,20529,65476,0,0,26214,60.0,0.0,0.0,0.0,0.0,0.0
2026-05-17T18:04:36,ERR,ERR,ERR,ERR,ERR,ERR,ERR,ERR,ERR,ERR,ERR,ERR,ERR,ERR,ERR,ERR,ERR,ERR,ERR,ERR,ERR,ERR,ERR,ERR,ERR,ERR,ERR,ERR,ERR,ERR,ERR,ERR,ERR,ERR,ERR,ERR,ERR,ERR,ERR,ERR,ERR,ERR,ERR,ERR,ERR,ERR,ERR,ERR,ERR,ERR,ERR,ERR,ERR,ERR,ERR,ERR,ERR,ERR,ERR,ERR,ERR,ERR,ERR,ERR,ERR,ERR,ERR,ERR,ERR,ERR,ERR,ERR,ERR,ERR,ERR,ERR,ERR,ERR,ERR,ERR,ERR,ERR,ERR,ERR,ERR,ERR,ERR,ERR,ERR,ERR,ERR,ERR,ERR,ERR,ERR,ERR,ERR,ERR,ERR,ERR,ERR,ERR,ERR,ERR,ERR,ERR,ERR,ERR,ERR,ERR,ERR,ERR,ERR,ERR,ERR,ERR,ERR,ERR,ERR,ERR,ERR,ERR,ERR,ERR,ERR,-107615288.0,-0.0,-134474944.0,0.0,0.0,1.3936040501711995e+18,7.805,0.0,0,0,4,0,8422,0.0,45,0.0,0.0,0.0,0.0,0.0,0,0,0,0,0.0,0,0,0,0,0,0,0,0,0,0,0,0,0,0,0,0,0,0,0,0,0,0,0,0,0,0,0,0,0,0,0,0,0,38,14,7,45,65476,0,300,0,0,8,21553,0.0,-107605600.0,0.0,0.0,0.0,0.0,0.0,0.0,0.0,0.0,0.0,0.0,0.0,0.0,0.0,0.0,0.0,0.0,0.0,0.0,0.0,0.0,-2.004,-2.004,2.004,0.0,0.0,0.0,0.0,0.0,5025.0,1.5879295420089355e+29,0.0,-107615288.0,-0.0,-0.0,0.0,0.0,0.0,0.0,0.0,53,-0.059,-0.0,0.0,0.0,0.0,0.0,0.0,0.0,0.0,0,0,0,0.0,0.0,0.0,0.0,0.0,0.0,0.0,0.0,0.0,0.0,0.0,0.0,0.0,0.0,0.0,0.0,0,-107875648.0,53,0.0,106,-107614832.0,-0.0,ERR,ERR,ERR,ERR,ERR,ERR,ERR,ERR,ERR,ERR,ERR,ERR,ERR,ERR,ERR,ERR,ERR,ERR,ERR,ERR,ERR,ERR,ERR,ERR,ERR,ERR,ERR,ERR,ERR,ERR,ERR,ERR,ERR,ERR,ERR,ERR,ERR,ERR,ERR,ERR,ERR,ERR,ERR,ERR,ERR,ERR,ERR,ERR,ERR,ERR,ERR,ERR,ERR,ERR,ERR,ERR,ERR,ERR,ERR,ERR,ERR,ERR,ERR,ERR,ERR,ERR,ERR,50.0,60.0,100,0.0,0.0,0.0,0.0,0.0,0.0,0.0,0.0,0.0,0.0,0.0,0.0,0.0,0.0,0.0,0.0,61.6,75,13,65511,50,65476,0,300,0,0,8,20529,65476,0,0,26214,60.0,0.0,0.0,0.0,0.0,0.0
2026-05-17T18:04:37,ERR,ERR,ERR,ERR,ERR,ERR,ERR,ERR,ERR,ERR,ERR,ERR,ERR,ERR,ERR,ERR,ERR,ERR,ERR,ERR,ERR,ERR,ERR,ERR,ERR,ERR,ERR,ERR,ERR,ERR,ERR,ERR,ERR,ERR,ERR,ERR,ERR,ERR,ERR,ERR,ERR,ERR,ERR,ERR,ERR,ERR,ERR,ERR,ERR,ERR,ERR,ERR,ERR,ERR,ERR,ERR,ERR,ERR,ERR,ERR,ERR,ERR,ERR,ERR,ERR,ERR,ERR,ERR,ERR,ERR,ERR,ERR,ERR,ERR,ERR,ERR,ERR,ERR,ERR,ERR,ERR,ERR,ERR,ERR,ERR,ERR,ERR,ERR,ERR,ERR,ERR,ERR,ERR,ERR,ERR,ERR,ERR,ERR,ERR,ERR,ERR,ERR,ERR,ERR,ERR,ERR,ERR,ERR,ERR,ERR,ERR,ERR,ERR,ERR,ERR,ERR,ERR,ERR,ERR,ERR,ERR,ERR,ERR,ERR,ERR,-107615288.0,-0.0,-134474944.0,0.0,0.0,1.3936040501711995e+18,7.805,0.0,0,0,4,0,8422,0.0,45,0.0,0.0,0.0,0.0,0.0,0,0,0,0,0.0,0,0,0,0,0,0,0,0,0,0,0,0,0,0,0,0,0,0,0,0,0,0,0,0,0,0,0,0,0,0,0,0,0,38,14,7,45,65476,0,300,0,0,8,21553,0.0,-107605600.0,0.0,0.0,0.0,0.0,0.0,0.0,0.0,0.0,0.0,0.0,0.0,0.0,0.0,0.0,0.0,0.0,0.0,0.0,0.0,0.0,-2.004,-2.004,2.004,0.0,0.0,0.0,0.0,0.0,5025.0,1.5879295420089355e+29,0.0,-107615288.0,-0.0,-0.0,0.0,0.0,0.0,0.0,0.0,53,-0.059,-0.0,0.0,0.0,0.0,0.0,0.0,0.0,0.0,0,0,0,0.0,0.0,0.0,0.0,0.0,0.0,0.0,0.0,0.0,0.0,0.0,0.0,0.0,0.0,0.0,0.0,0,-107875648.0,53,0.0,106,-107614832.0,-0.0,ERR,ERR,ERR,ERR,ERR,ERR,ERR,ERR,ERR,ERR,ERR,ERR,ERR,ERR,ERR,ERR,ERR,ERR,ERR,ERR,ERR,ERR,ERR,ERR,ERR,ERR,ERR,ERR,ERR,ERR,ERR,ERR,ERR,ERR,ERR,ERR,ERR,ERR,ERR,ERR,ERR,ERR,ERR,ERR,ERR,ERR,ERR,ERR,ERR,ERR,ERR,ERR,ERR,ERR,ERR,ERR,ERR,ERR,ERR,ERR,ERR,ERR,ERR,ERR,ERR,ERR,ERR,50.0,60.0,100,0.0,0.0,0.0,0.0,0.0,0.0,0.0,0.0,0.0,0.0,0.0,0.0,0.0,0.0,0.0,0.0,61.6,75,13,65511,50,65476,0,300,0,0,8,20529,65476,0,0,26214,60.0,0.0,0.0,0.0,0.0,0.0
2026-05-17T18:04:38,ERR,ERR,ERR,ERR,ERR,ERR,ERR,ERR,ERR,ERR,ERR,ERR,ERR,ERR,ERR,ERR,ERR,ERR,ERR,ERR,ERR,ERR,ERR,ERR,ERR,ERR,ERR,ERR,ERR,ERR,ERR,ERR,ERR,ERR,ERR,ERR,ERR,ERR,ERR,ERR,ERR,ERR,ERR,ERR,ERR,ERR,ERR,ERR,ERR,ERR,ERR,ERR,ERR,ERR,ERR,ERR,ERR,ERR,ERR,ERR,ERR,ERR,ERR,ERR,ERR,ERR,ERR,ERR,ERR,ERR,ERR,ERR,ERR,ERR,ERR,ERR,ERR,ERR,ERR,ERR,ERR,ERR,ERR,ERR,ERR,ERR,ERR,ERR,ERR,ERR,ERR,ERR,ERR,ERR,ERR,ERR,ERR,ERR,ERR,ERR,ERR,ERR,ERR,ERR,ERR,ERR,ERR,ERR,ERR,ERR,ERR,ERR,ERR,ERR,ERR,ERR,ERR,ERR,ERR,ERR,ERR,ERR,ERR,ERR,ERR,-107615288.0,-0.0,-134474944.0,0.0,0.0,1.3936040501711995e+18,7.805,0.0,0,0,4,0,8422,0.0,45,0.0,0.0,0.0,0.0,0.0,0,0,0,0,0.0,0,0,0,0,0,0,0,0,0,0,0,0,0,0,0,0,0,0,0,0,0,0,0,0,0,0,0,0,0,0,0,0,0,38,14,7,45,65476,0,300,0,0,8,21553,0.0,-107605600.0,0.0,0.0,0.0,0.0,0.0,0.0,0.0,0.0,0.0,0.0,0.0,0.0,0.0,0.0,0.0,0.0,0.0,0.0,0.0,0.0,-2.004,-2.004,2.004,0.0,0.0,0.0,0.0,0.0,5025.0,1.5879295420089355e+29,0.0,-107615288.0,-0.0,-0.0,0.0,0.0,0.0,0.0,0.0,53,-0.059,-0.0,0.0,0.0,0.0,0.0,0.0,0.0,0.0,0,0,0,0.0,0.0,0.0,0.0,0.0,0.0,0.0,0.0,0.0,0.0,0.0,0.0,0.0,0.0,0.0,0.0,0,-107875648.0,53,0.0,106,-107614832.0,-0.0,ERR,ERR,ERR,ERR,ERR,ERR,ERR,ERR,ERR,ERR,ERR,ERR,ERR,ERR,ERR,ERR,ERR,ERR,ERR,ERR,ERR,ERR,ERR,ERR,ERR,ERR,ERR,ERR,ERR,ERR,ERR,ERR,ERR,ERR,ERR,ERR,ERR,ERR,ERR,ERR,ERR,ERR,ERR,ERR,ERR,ERR,ERR,ERR,ERR,ERR,ERR,ERR,ERR,ERR,ERR,ERR,ERR,ERR,ERR,ERR,ERR,ERR,ERR,ERR,ERR,ERR,ERR,50.0,60.0,100,0.0,0.0,0.0,0.0,0.0,0.0,0.0,0.0,0.0,0.0,0.0,0.0,0.0,0.0,0.0,0.0,61.6,75,13,65511,50,65476,0,300,0,0,8,20529,65476,0,0,26214,60.0,0.0,0.0,0.0,0.0,0.0
2026-05-17T18:04:39,ERR,ERR,ERR,ERR,ERR,ERR,ERR,ERR,ERR,ERR,ERR,ERR,ERR,ERR,ERR,ERR,ERR,ERR,ERR,ERR,ERR,ERR,ERR,ERR,ERR,ERR,ERR,ERR,ERR,ERR,ERR,ERR,ERR,ERR,ERR,ERR,ERR,ERR,ERR,ERR,ERR,ERR,ERR,ERR,ERR,ERR,ERR,ERR,ERR,ERR,ERR,ERR,ERR,ERR,ERR,ERR,ERR,ERR,ERR,ERR,ERR,ERR,ERR,ERR,ERR,ERR,ERR,ERR,ERR,ERR,ERR,ERR,ERR,ERR,ERR,ERR,ERR,ERR,ERR,ERR,ERR,ERR,ERR,ERR,ERR,ERR,ERR,ERR,ERR,ERR,ERR,ERR,ERR,ERR,ERR,ERR,ERR,ERR,ERR,ERR,ERR,ERR,ERR,ERR,ERR,ERR,ERR,ERR,ERR,ERR,ERR,ERR,ERR,ERR,ERR,ERR,ERR,ERR,ERR,ERR,ERR,ERR,ERR,ERR,ERR,-107615288.0,-0.0,-134474944.0,0.0,0.0,1.3936040501711995e+18,7.805,0.0,0,0,4,0,8422,0.0,45,0.0,0.0,0.0,0.0,0.0,0,0,0,0,0.0,0,0,0,0,0,0,0,0,0,0,0,0,0,0,0,0,0,0,0,0,0,0,0,0,0,0,0,0,0,0,0,0,0,38,14,7,45,65476,0,300,0,0,8,21553,0.0,-107605600.0,0.0,0.0,0.0,0.0,0.0,0.0,0.0,0.0,0.0,0.0,0.0,0.0,0.0,0.0,0.0,0.0,0.0,0.0,0.0,0.0,-2.004,-2.004,2.004,0.0,0.0,0.0,0.0,0.0,5025.0,1.5879295420089355e+29,0.0,-107615288.0,-0.0,-0.0,0.0,0.0,0.0,0.0,0.0,53,-0.059,-0.0,0.0,0.0,0.0,0.0,0.0,0.0,0.0,0,0,0,0.0,0.0,0.0,0.0,0.0,0.0,0.0,0.0,0.0,0.0,0.0,0.0,0.0,0.0,0.0,0.0,0,-107875648.0,53,0.0,106,-107614832.0,-0.0,ERR,ERR,ERR,ERR,ERR,ERR,ERR,ERR,ERR,ERR,ERR,ERR,ERR,ERR,ERR,ERR,ERR,ERR,ERR,ERR,ERR,ERR,ERR,ERR,ERR,ERR,ERR,ERR,ERR,ERR,ERR,ERR,ERR,ERR,ERR,ERR,ERR,ERR,ERR,ERR,ERR,ERR,ERR,ERR,ERR,ERR,ERR,ERR,ERR,ERR,ERR,ERR,ERR,ERR,ERR,ERR,ERR,ERR,ERR,ERR,ERR,ERR,ERR,ERR,ERR,ERR,ERR,50.0,60.0,100,0.0,0.0,0.0,0.0,0.0,0.0,0.0,0.0,0.0,0.0,0.0,0.0,0.0,0.0,0.0,0.0,61.6,75,13,65511,50,65476,0,300,0,0,8,20529,65476,0,0,26214,60.0,0.0,0.0,0.0,0.0,0.0
2026-05-17T18:04:40,ERR,ERR,ERR,ERR,ERR,ERR,ERR,ERR,ERR,ERR,ERR,ERR,ERR,ERR,ERR,ERR,ERR,ERR,ERR,ERR,ERR,ERR,ERR,ERR,ERR,ERR,ERR,ERR,ERR,ERR,ERR,ERR,ERR,ERR,ERR,ERR,ERR,ERR,ERR,ERR,ERR,ERR,ERR,ERR,ERR,ERR,ERR,ERR,ERR,ERR,ERR,ERR,ERR,ERR,ERR,ERR,ERR,ERR,ERR,ERR,ERR,ERR,ERR,ERR,ERR,ERR,ERR,ERR,ERR,ERR,ERR,ERR,ERR,ERR,ERR,ERR,ERR,ERR,ERR,ERR,ERR,ERR,ERR,ERR,ERR,ERR,ERR,ERR,ERR,ERR,ERR,ERR,ERR,ERR,ERR,ERR,ERR,ERR,ERR,ERR,ERR,ERR,ERR,ERR,ERR,ERR,ERR,ERR,ERR,ERR,ERR,ERR,ERR,ERR,ERR,ERR,ERR,ERR,ERR,ERR,ERR,ERR,ERR,ERR,ERR,-107615288.0,-0.0,-134474944.0,0.0,0.0,1.3936040501711995e+18,7.805,0.0,0,0,4,0,8422,0.0,45,0.0,0.0,0.0,0.0,0.0,0,0,0,0,0.0,0,0,0,0,0,0,0,0,0,0,0,0,0,0,0,0,0,0,0,0,0,0,0,0,0,0,0,0,0,0,0,0,0,38,14,7,45,65476,0,300,0,0,8,21553,0.0,-107605600.0,0.0,0.0,0.0,0.0,0.0,0.0,0.0,0.0,0.0,0.0,0.0,0.0,0.0,0.0,0.0,0.0,0.0,0.0,0.0,0.0,-2.004,-2.004,2.004,-2.004,0.0,0.0,0.0,0.0,5048.0,3.697186573429349e+19,0.0,-107615288.0,-0.0,-0.0,0.0,0.0,0.0,0.0,0.0,53,-0.0,4.0668540358038725e+29,0.0,0.0,0.0,0.0,0.0,0.0,0.0,0,0,0,0.0,0.0,0.0,0.0,0.0,0.0,0.0,0.0,0.0,0.0,0.0,0.0,0.0,0.0,0.0,0.0,0,-107875648.0,53,0.0,106,-107614832.0,-0.0,ERR,ERR,ERR,ERR,ERR,ERR,ERR,ERR,ERR,ERR,ERR,ERR,ERR,ERR,ERR,ERR,ERR,ERR,ERR,ERR,ERR,ERR,ERR,ERR,ERR,ERR,ERR,ERR,ERR,ERR,ERR,ERR,ERR,ERR,ERR,ERR,ERR,ERR,ERR,ERR,ERR,ERR,ERR,ERR,ERR,ERR,ERR,ERR,ERR,ERR,ERR,ERR,ERR,ERR,ERR,ERR,ERR,ERR,ERR,ERR,ERR,ERR,ERR,ERR,ERR,ERR,ERR,50.0,60.0,100,0.0,0.0,0.0,0.0,0.0,0.0,0.0,0.0,0.0,0.0,0.0,0.0,0.0,0.0,0.0,0.0,62.0,75,13,65511,50,65476,0,300,0,0,8,20529,65476,0,0,26214,60.0,0.0,0.0,0.0,0.0,0.0
2026-05-17T18:04:41,ERR,ERR,ERR,ERR,ERR,ERR,ERR,ERR,ERR,ERR,ERR,ERR,ERR,ERR,ERR,ERR,ERR,ERR,ERR,ERR,ERR,ERR,ERR,ERR,ERR,ERR,ERR,ERR,ERR,ERR,ERR,ERR,ERR,ERR,ERR,ERR,ERR,ERR,ERR,ERR,ERR,ERR,ERR,ERR,ERR,ERR,ERR,ERR,ERR,ERR,ERR,ERR,ERR,ERR,ERR,ERR,ERR,ERR,ERR,ERR,ERR,ERR,ERR,ERR,ERR,ERR,ERR,ERR,ERR,ERR,ERR,ERR,ERR,ERR,ERR,ERR,ERR,ERR,ERR,ERR,ERR,ERR,ERR,ERR,ERR,ERR,ERR,ERR,ERR,ERR,ERR,ERR,ERR,ERR,ERR,ERR,ERR,ERR,ERR,ERR,ERR,ERR,ERR,ERR,ERR,ERR,ERR,ERR,ERR,ERR,ERR,ERR,ERR,ERR,ERR,ERR,ERR,ERR,ERR,ERR,ERR,ERR,ERR,ERR,ERR,-107615288.0,-0.0,-134474944.0,0.0,0.0,1.3936040501711995e+18,7.805,0.0,0,0,4,0,8422,0.0,45,0.0,0.0,0.0,0.0,0.0,0,0,0,0,0.0,0,0,0,0,0,0,0,0,0,0,0,0,0,0,0,0,0,0,0,0,0,0,0,0,0,0,0,0,0,0,0,0,0,38,14,7,45,65476,0,300,0,0,8,21553,0.0,-107605600.0,0.0,0.0,0.0,0.0,0.0,0.0,0.0,0.0,0.0,0.0,0.0,0.0,0.0,0.0,0.0,0.0,0.0,0.0,0.0,0.0,-2.004,-2.004,2.004,-2.004,0.0,0.0,0.0,0.0,5048.0,3.697186573429349e+19,0.0,-107615288.0,-0.0,-0.0,0.0,0.0,0.0,0.0,0.0,53,-0.0,4.0668540358038725e+29,0.0,0.0,0.0,0.0,0.0,0.0,0.0,0,0,0,0.0,0.0,0.0,0.0,0.0,0.0,0.0,0.0,0.0,0.0,0.0,0.0,0.0,0.0,0.0,0.0,0,-107875648.0,53,0.0,106,-107614832.0,-0.0,ERR,ERR,ERR,ERR,ERR,ERR,ERR,ERR,ERR,ERR,ERR,ERR,ERR,ERR,ERR,ERR,ERR,ERR,ERR,ERR,ERR,ERR,ERR,ERR,ERR,ERR,ERR,ERR,ERR,ERR,ERR,ERR,ERR,ERR,ERR,ERR,ERR,ERR,ERR,ERR,ERR,ERR,ERR,ERR,ERR,ERR,ERR,ERR,ERR,ERR,ERR,ERR,ERR,ERR,ERR,ERR,ERR,ERR,ERR,ERR,ERR,ERR,ERR,ERR,ERR,ERR,ERR,50.0,60.0,100,0.0,0.0,0.0,0.0,0.0,0.0,0.0,0.0,0.0,0.0,0.0,0.0,0.0,0.0,0.0,0.0,62.0,75,13,65511,50,65476,0,300,0,0,8,20529,65476,0,0,26214,60.0,0.0,0.0,0.0,0.0,0.0
2026-05-17T18:04:42,ERR,ERR,ERR,ERR,ERR,ERR,ERR,ERR,ERR,ERR,ERR,ERR,ERR,ERR,ERR,ERR,ERR,ERR,ERR,ERR,ERR,ERR,ERR,ERR,ERR,ERR,ERR,ERR,ERR,ERR,ERR,ERR,ERR,ERR,ERR,ERR,ERR,ERR,ERR,ERR,ERR,ERR,ERR,ERR,ERR,ERR,ERR,ERR,ERR,ERR,ERR,ERR,ERR,ERR,ERR,ERR,ERR,ERR,ERR,ERR,ERR,ERR,ERR,ERR,ERR,ERR,ERR,ERR,ERR,ERR,ERR,ERR,ERR,ERR,ERR,ERR,ERR,ERR,ERR,ERR,ERR,ERR,ERR,ERR,ERR,ERR,ERR,ERR,ERR,ERR,ERR,ERR,ERR,ERR,ERR,ERR,ERR,ERR,ERR,ERR,ERR,ERR,ERR,ERR,ERR,ERR,ERR,ERR,ERR,ERR,ERR,ERR,ERR,ERR,ERR,ERR,ERR,ERR,ERR,ERR,ERR,ERR,ERR,ERR,ERR,-107615288.0,-0.0,-134474944.0,0.0,0.0,1.3936040501711995e+18,7.805,0.0,0,0,4,0,8422,0.0,45,0.0,0.0,0.0,0.0,0.0,0,0,0,0,0.0,0,0,0,0,0,0,0,0,0,0,0,0,0,0,0,0,0,0,0,0,0,0,0,0,0,0,0,0,0,0,0,0,0,38,14,7,45,65476,0,300,0,0,8,21553,0.0,-107605600.0,0.0,0.0,0.0,0.0,0.0,0.0,0.0,0.0,0.0,0.0,0.0,0.0,0.0,0.0,0.0,0.0,0.0,0.0,0.0,0.0,-2.004,-2.004,2.004,-2.004,0.0,0.0,0.0,0.0,5048.0,3.697186573429349e+19,0.0,-107615288.0,-0.0,-0.0,0.0,0.0,0.0,0.0,0.0,53,-0.0,4.0668540358038725e+29,0.0,0.0,0.0,0.0,0.0,0.0,0.0,0,0,0,0.0,0.0,0.0,0.0,0.0,0.0,0.0,0.0,0.0,0.0,0.0,0.0,0.0,0.0,0.0,0.0,0,-107875648.0,53,0.0,106,-107614832.0,-0.0,ERR,ERR,ERR,ERR,ERR,ERR,ERR,ERR,ERR,ERR,ERR,ERR,ERR,ERR,ERR,ERR,ERR,ERR,ERR,ERR,ERR,ERR,ERR,ERR,ERR,ERR,ERR,ERR,ERR,ERR,ERR,ERR,ERR,ERR,ERR,ERR,ERR,ERR,ERR,ERR,ERR,ERR,ERR,ERR,ERR,ERR,ERR,ERR,ERR,ERR,ERR,ERR,ERR,ERR,ERR,ERR,ERR,ERR,ERR,ERR,ERR,ERR,ERR,ERR,ERR,ERR,ERR,50.0,60.0,100,0.0,0.0,0.0,0.0,0.0,0.0,0.0,0.0,0.0,0.0,0.0,0.0,0.0,0.0,0.0,0.0,62.0,75,13,65511,50,65476,0,300,0,0,8,20529,65476,0,0,26214,60.0,0.0,0.0,0.0,0.0,0.0
2026-05-17T18:04:43,ERR,ERR,ERR,ERR,ERR,ERR,ERR,ERR,ERR,ERR,ERR,ERR,ERR,ERR,ERR,ERR,ERR,ERR,ERR,ERR,ERR,ERR,ERR,ERR,ERR,ERR,ERR,ERR,ERR,ERR,ERR,ERR,ERR,ERR,ERR,ERR,ERR,ERR,ERR,ERR,ERR,ERR,ERR,ERR,ERR,ERR,ERR,ERR,ERR,ERR,ERR,ERR,ERR,ERR,ERR,ERR,ERR,ERR,ERR,ERR,ERR,ERR,ERR,ERR,ERR,ERR,ERR,ERR,ERR,ERR,ERR,ERR,ERR,ERR,ERR,ERR,ERR,ERR,ERR,ERR,ERR,ERR,ERR,ERR,ERR,ERR,ERR,ERR,ERR,ERR,ERR,ERR,ERR,ERR,ERR,ERR,ERR,ERR,ERR,ERR,ERR,ERR,ERR,ERR,ERR,ERR,ERR,ERR,ERR,ERR,ERR,ERR,ERR,ERR,ERR,ERR,ERR,ERR,ERR,ERR,ERR,ERR,ERR,ERR,ERR,-107615288.0,-0.0,-134474944.0,0.0,0.0,1.3936040501711995e+18,7.805,0.0,0,0,4,0,8422,0.0,45,0.0,0.0,0.0,0.0,0.0,0,0,0,0,0.0,0,0,0,0,0,0,0,0,0,0,0,0,0,0,0,0,0,0,0,0,0,0,0,0,0,0,0,0,0,0,0,0,0,38,14,7,45,65476,0,300,0,0,8,21553,0.0,-107605600.0,0.0,0.0,0.0,0.0,0.0,0.0,0.0,0.0,0.0,0.0,0.0,0.0,0.0,0.0,0.0,0.0,0.0,0.0,0.0,0.0,-2.004,-2.004,2.004,-2.004,0.0,0.0,0.0,0.0,5048.0,3.697186573429349e+19,0.0,-107615288.0,-0.0,-0.0,0.0,0.0,0.0,0.0,0.0,53,-0.0,4.0668540358038725e+29,0.0,0.0,0.0,0.0,0.0,0.0,0.0,0,0,0,0.0,0.0,0.0,0.0,0.0,0.0,0.0,0.0,0.0,0.0,0.0,0.0,0.0,0.0,0.0,0.0,0,-107875648.0,53,0.0,106,-107614832.0,-0.0,ERR,ERR,ERR,ERR,ERR,ERR,ERR,ERR,ERR,ERR,ERR,ERR,ERR,ERR,ERR,ERR,ERR,ERR,ERR,ERR,ERR,ERR,ERR,ERR,ERR,ERR,ERR,ERR,ERR,ERR,ERR,ERR,ERR,ERR,ERR,ERR,ERR,ERR,ERR,ERR,ERR,ERR,ERR,ERR,ERR,ERR,ERR,ERR,ERR,ERR,ERR,ERR,ERR,ERR,ERR,ERR,ERR,ERR,ERR,ERR,ERR,ERR,ERR,ERR,ERR,ERR,ERR,50.0,60.0,100,0.0,0.0,0.0,0.0,0.0,0.0,0.0,0.0,0.0,0.0,0.0,0.0,0.0,0.0,0.0,0.0,62.0,75,13,65511,50,65476,0,300,0,0,8,20529,65476,0,0,26214,60.0,0.0,0.0,0.0,0.0,0.0
2026-05-17T18:04:44,ERR,ERR,ERR,ERR,ERR,ERR,ERR,ERR,ERR,ERR,ERR,ERR,ERR,ERR,ERR,ERR,ERR,ERR,ERR,ERR,ERR,ERR,ERR,ERR,ERR,ERR,ERR,ERR,ERR,ERR,ERR,ERR,ERR,ERR,ERR,ERR,ERR,ERR,ERR,ERR,ERR,ERR,ERR,ERR,ERR,ERR,ERR,ERR,ERR,ERR,ERR,ERR,ERR,ERR,ERR,ERR,ERR,ERR,ERR,ERR,ERR,ERR,ERR,ERR,ERR,ERR,ERR,ERR,ERR,ERR,ERR,ERR,ERR,ERR,ERR,ERR,ERR,ERR,ERR,ERR,ERR,ERR,ERR,ERR,ERR,ERR,ERR,ERR,ERR,ERR,ERR,ERR,ERR,ERR,ERR,ERR,ERR,ERR,ERR,ERR,ERR,ERR,ERR,ERR,ERR,ERR,ERR,ERR,ERR,ERR,ERR,ERR,ERR,ERR,ERR,ERR,ERR,ERR,ERR,ERR,ERR,ERR,ERR,ERR,ERR,-107615288.0,-0.0,-134474944.0,0.0,0.0,1.3936040501711995e+18,7.805,0.0,0,0,4,0,8422,0.0,45,0.0,0.0,0.0,0.0,0.0,0,0,0,0,0.0,0,0,0,0,0,0,0,0,0,0,0,0,0,0,0,0,0,0,0,0,0,0,0,0,0,0,0,0,0,0,0,0,0,38,14,7,45,65476,0,300,0,0,8,21553,0.0,-107605600.0,0.0,0.0,0.0,0.0,0.0,0.0,0.0,0.0,0.0,0.0,0.0,0.0,0.0,0.0,0.0,0.0,0.0,0.0,0.0,0.0,-2.004,-2.004,2.004,-2.004,0.0,0.0,0.0,0.0,5048.0,3.697186573429349e+19,0.0,-107615288.0,-0.0,-0.0,0.0,0.0,0.0,0.0,0.0,53,-0.0,4.0668540358038725e+29,0.0,0.0,0.0,0.0,0.0,0.0,0.0,0,0,0,0.0,0.0,0.0,0.0,0.0,0.0,0.0,0.0,0.0,0.0,0.0,0.0,0.0,0.0,0.0,0.0,0,-107875648.0,53,0.0,106,-107614832.0,-0.0,ERR,ERR,ERR,ERR,ERR,ERR,ERR,ERR,ERR,ERR,ERR,ERR,ERR,ERR,ERR,ERR,ERR,ERR,ERR,ERR,ERR,ERR,ERR,ERR,ERR,ERR,ERR,ERR,ERR,ERR,ERR,ERR,ERR,ERR,ERR,ERR,ERR,ERR,ERR,ERR,ERR,ERR,ERR,ERR,ERR,ERR,ERR,ERR,ERR,ERR,ERR,ERR,ERR,ERR,ERR,ERR,ERR,ERR,ERR,ERR,ERR,ERR,ERR,ERR,ERR,ERR,ERR,50.0,60.0,100,0.0,0.0,0.0,0.0,0.0,0.0,0.0,0.0,0.0,0.0,0.0,0.0,0.0,0.0,0.0,0.0,62.0,75,13,65511,50,65476,0,300,0,0,8,20529,65476,0,0,26214,60.0,0.0,0.0,0.0,0.0,0.0
2026-05-17T18:04:45,ERR,ERR,ERR,ERR,ERR,ERR,ERR,ERR,ERR,ERR,ERR,ERR,ERR,ERR,ERR,ERR,ERR,ERR,ERR,ERR,ERR,ERR,ERR,ERR,ERR,ERR,ERR,ERR,ERR,ERR,ERR,ERR,ERR,ERR,ERR,ERR,ERR,ERR,ERR,ERR,ERR,ERR,ERR,ERR,ERR,ERR,ERR,ERR,ERR,ERR,ERR,ERR,ERR,ERR,ERR,ERR,ERR,ERR,ERR,ERR,ERR,ERR,ERR,ERR,ERR,ERR,ERR,ERR,ERR,ERR,ERR,ERR,ERR,ERR,ERR,ERR,ERR,ERR,ERR,ERR,ERR,ERR,ERR,ERR,ERR,ERR,ERR,ERR,ERR,ERR,ERR,ERR,ERR,ERR,ERR,ERR,ERR,ERR,ERR,ERR,ERR,ERR,ERR,ERR,ERR,ERR,ERR,ERR,ERR,ERR,ERR,ERR,ERR,ERR,ERR,ERR,ERR,ERR,ERR,ERR,ERR,ERR,ERR,ERR,ERR,-107615288.0,-0.0,-134474944.0,0.0,0.0,1.3936040501711995e+18,7.805,0.0,0,0,4,0,8422,0.0,45,0.0,0.0,0.0,0.0,0.0,0,0,0,0,0.0,0,0,0,0,0,0,0,0,0,0,0,0,0,0,0,0,0,0,0,0,0,0,0,0,0,0,0,0,0,0,0,0,0,38,14,7,45,65476,0,300,0,0,8,21553,0.0,-107605600.0,0.0,0.0,0.0,0.0,0.0,0.0,0.0,0.0,0.0,0.0,0.0,0.0,0.0,0.0,0.0,0.0,0.0,0.0,0.0,0.0,-2.004,-2.004,2.004,0.0,0.0,0.0,0.0,0.0,4993.0,-2.422987904532282e+24,0.0,-107615288.0,-0.0,-0.0,0.0,0.0,0.0,0.0,0.0,53,-0.059,-107614784.0,0.0,0.0,0.0,0.0,0.0,0.0,0.0,0,0,0,0.0,0.0,0.0,0.0,0.0,0.0,0.0,0.0,0.0,0.0,0.0,0.0,0.0,0.0,0.0,0.0,0,-107875648.0,53,0.0,106,-107614832.0,0.0,ERR,ERR,ERR,ERR,ERR,ERR,ERR,ERR,ERR,ERR,ERR,ERR,ERR,ERR,ERR,ERR,ERR,ERR,ERR,ERR,ERR,ERR,ERR,ERR,ERR,ERR,ERR,ERR,ERR,ERR,ERR,ERR,ERR,ERR,ERR,ERR,ERR,ERR,ERR,ERR,ERR,ERR,ERR,ERR,ERR,ERR,ERR,ERR,ERR,ERR,ERR,ERR,ERR,ERR,ERR,ERR,ERR,ERR,ERR,ERR,ERR,ERR,ERR,ERR,ERR,ERR,ERR,50.0,60.0,100,0.0,0.0,0.0,0.0,0.0,0.0,0.0,0.0,0.0,0.0,0.0,0.0,0.0,0.0,0.0,0.0,61.6,75,13,65511,50,65476,0,300,0,0,8,20529,65476,0,0,26214,60.0,0.0,0.0,0.0,0.0,0.0
2026-05-17T18:04:46,ERR,ERR,ERR,ERR,ERR,ERR,ERR,ERR,ERR,ERR,ERR,ERR,ERR,ERR,ERR,ERR,ERR,ERR,ERR,ERR,ERR,ERR,ERR,ERR,ERR,ERR,ERR,ERR,ERR,ERR,ERR,ERR,ERR,ERR,ERR,ERR,ERR,ERR,ERR,ERR,ERR,ERR,ERR,ERR,ERR,ERR,ERR,ERR,ERR,ERR,ERR,ERR,ERR,ERR,ERR,ERR,ERR,ERR,ERR,ERR,ERR,ERR,ERR,ERR,ERR,ERR,ERR,ERR,ERR,ERR,ERR,ERR,ERR,ERR,ERR,ERR,ERR,ERR,ERR,ERR,ERR,ERR,ERR,ERR,ERR,ERR,ERR,ERR,ERR,ERR,ERR,ERR,ERR,ERR,ERR,ERR,ERR,ERR,ERR,ERR,ERR,ERR,ERR,ERR,ERR,ERR,ERR,ERR,ERR,ERR,ERR,ERR,ERR,ERR,ERR,ERR,ERR,ERR,ERR,ERR,ERR,ERR,ERR,ERR,ERR,-107615288.0,-0.0,-134474944.0,0.0,0.0,1.3936040501711995e+18,7.805,0.0,0,0,4,0,8422,0.0,45,0.0,0.0,0.0,0.0,0.0,0,0,0,0,0.0,0,0,0,0,0,0,0,0,0,0,0,0,0,0,0,0,0,0,0,0,0,0,0,0,0,0,0,0,0,0,0,0,0,38,14,7,45,65476,0,300,0,0,8,21553,0.0,-107605600.0,0.0,0.0,0.0,0.0,0.0,0.0,0.0,0.0,0.0,0.0,0.0,0.0,0.0,0.0,0.0,0.0,0.0,0.0,0.0,0.0,-2.004,-2.004,2.004,0.0,0.0,0.0,0.0,0.0,4993.0,-2.422987904532282e+24,0.0,-107615288.0,-0.0,-0.0,0.0,0.0,0.0,0.0,0.0,53,-0.059,-107614784.0,0.0,0.0,0.0,0.0,0.0,0.0,0.0,0,0,0,0.0,0.0,0.0,0.0,0.0,0.0,0.0,0.0,0.0,0.0,0.0,0.0,0.0,0.0,0.0,0.0,0,-107875648.0,53,0.0,106,-107614832.0,0.0,ERR,ERR,ERR,ERR,ERR,ERR,ERR,ERR,ERR,ERR,ERR,ERR,ERR,ERR,ERR,ERR,ERR,ERR,ERR,ERR,ERR,ERR,ERR,ERR,ERR,ERR,ERR,ERR,ERR,ERR,ERR,ERR,ERR,ERR,ERR,ERR,ERR,ERR,ERR,ERR,ERR,ERR,ERR,ERR,ERR,ERR,ERR,ERR,ERR,ERR,ERR,ERR,ERR,ERR,ERR,ERR,ERR,ERR,ERR,ERR,ERR,ERR,ERR,ERR,ERR,ERR,ERR,50.0,60.0,100,0.0,0.0,0.0,0.0,0.0,0.0,0.0,0.0,0.0,0.0,0.0,0.0,0.0,0.0,0.0,0.0,61.6,75,13,65511,50,65476,0,300,0,0,8,20529,65476,0,0,26214,60.0,0.0,0.0,0.0,0.0,0.0
2026-05-17T18:04:47,ERR,ERR,ERR,ERR,ERR,ERR,ERR,ERR,ERR,ERR,ERR,ERR,ERR,ERR,ERR,ERR,ERR,ERR,ERR,ERR,ERR,ERR,ERR,ERR,ERR,ERR,ERR,ERR,ERR,ERR,ERR,ERR,ERR,ERR,ERR,ERR,ERR,ERR,ERR,ERR,ERR,ERR,ERR,ERR,ERR,ERR,ERR,ERR,ERR,ERR,ERR,ERR,ERR,ERR,ERR,ERR,ERR,ERR,ERR,ERR,ERR,ERR,ERR,ERR,ERR,ERR,ERR,ERR,ERR,ERR,ERR,ERR,ERR,ERR,ERR,ERR,ERR,ERR,ERR,ERR,ERR,ERR,ERR,ERR,ERR,ERR,ERR,ERR,ERR,ERR,ERR,ERR,ERR,ERR,ERR,ERR,ERR,ERR,ERR,ERR,ERR,ERR,ERR,ERR,ERR,ERR,ERR,ERR,ERR,ERR,ERR,ERR,ERR,ERR,ERR,ERR,ERR,ERR,ERR,ERR,ERR,ERR,ERR,ERR,ERR,-107615288.0,-0.0,-134474944.0,0.0,0.0,1.3936040501711995e+18,7.805,0.0,0,0,4,0,8422,0.0,45,0.0,0.0,0.0,0.0,0.0,0,0,0,0,0.0,0,0,0,0,0,0,0,0,0,0,0,0,0,0,0,0,0,0,0,0,0,0,0,0,0,0,0,0,0,0,0,0,0,38,14,7,45,65476,0,300,0,0,8,21553,0.0,-107605600.0,0.0,0.0,0.0,0.0,0.0,0.0,0.0,0.0,0.0,0.0,0.0,0.0,0.0,0.0,0.0,0.0,0.0,0.0,0.0,0.0,-2.004,-2.004,2.004,0.0,0.0,0.0,0.0,0.0,4993.0,-2.422987904532282e+24,0.0,-107615288.0,-0.0,-0.0,0.0,0.0,0.0,0.0,0.0,53,-0.059,-107614784.0,0.0,0.0,0.0,0.0,0.0,0.0,0.0,0,0,0,0.0,0.0,0.0,0.0,0.0,0.0,0.0,0.0,0.0,0.0,0.0,0.0,0.0,0.0,0.0,0.0,0,-107875648.0,53,0.0,106,-107614832.0,0.0,ERR,ERR,ERR,ERR,ERR,ERR,ERR,ERR,ERR,ERR,ERR,ERR,ERR,ERR,ERR,ERR,ERR,ERR,ERR,ERR,ERR,ERR,ERR,ERR,ERR,ERR,ERR,ERR,ERR,ERR,ERR,ERR,ERR,ERR,ERR,ERR,ERR,ERR,ERR,ERR,ERR,ERR,ERR,ERR,ERR,ERR,ERR,ERR,ERR,ERR,ERR,ERR,ERR,ERR,ERR,ERR,ERR,ERR,ERR,ERR,ERR,ERR,ERR,ERR,ERR,ERR,ERR,50.0,60.0,100,0.0,0.0,0.0,0.0,0.0,0.0,0.0,0.0,0.0,0.0,0.0,0.0,0.0,0.0,0.0,0.0,62.0,75,13,65511,50,65476,0,300,0,0,8,20529,65476,0,0,26214,60.0,0.0,0.0,0.0,0.0,0.0
2026-05-17T18:04:48,ERR,ERR,ERR,ERR,ERR,ERR,ERR,ERR,ERR,ERR,ERR,ERR,ERR,ERR,ERR,ERR,ERR,ERR,ERR,ERR,ERR,ERR,ERR,ERR,ERR,ERR,ERR,ERR,ERR,ERR,ERR,ERR,ERR,ERR,ERR,ERR,ERR,ERR,ERR,ERR,ERR,ERR,ERR,ERR,ERR,ERR,ERR,ERR,ERR,ERR,ERR,ERR,ERR,ERR,ERR,ERR,ERR,ERR,ERR,ERR,ERR,ERR,ERR,ERR,ERR,ERR,ERR,ERR,ERR,ERR,ERR,ERR,ERR,ERR,ERR,ERR,ERR,ERR,ERR,ERR,ERR,ERR,ERR,ERR,ERR,ERR,ERR,ERR,ERR,ERR,ERR,ERR,ERR,ERR,ERR,ERR,ERR,ERR,ERR,ERR,ERR,ERR,ERR,ERR,ERR,ERR,ERR,ERR,ERR,ERR,ERR,ERR,ERR,ERR,ERR,ERR,ERR,ERR,ERR,ERR,ERR,ERR,ERR,ERR,ERR,-107615288.0,-0.0,-134474944.0,0.0,0.0,1.3936040501711995e+18,7.805,0.0,0,0,4,0,8422,0.0,45,0.0,0.0,0.0,0.0,0.0,0,0,0,0,0.0,0,0,0,0,0,0,0,0,0,0,0,0,0,0,0,0,0,0,0,0,0,0,0,0,0,0,0,0,0,0,0,0,0,38,14,7,45,65476,0,300,0,0,8,21553,0.0,-107605600.0,0.0,0.0,0.0,0.0,0.0,0.0,0.0,0.0,0.0,0.0,0.0,0.0,0.0,0.0,0.0,0.0,0.0,0.0,0.0,0.0,-2.004,-2.004,2.004,0.0,0.0,0.0,0.0,0.0,4993.0,-2.422987904532282e+24,0.0,-107615288.0,-0.0,-0.0,0.0,0.0,0.0,0.0,0.0,53,-0.059,-107614784.0,0.0,0.0,0.0,0.0,0.0,0.0,0.0,0,0,0,0.0,0.0,0.0,0.0,0.0,0.0,0.0,0.0,0.0,0.0,0.0,0.0,0.0,0.0,0.0,0.0,0,-107875648.0,53,0.0,106,-107614832.0,0.0,ERR,ERR,ERR,ERR,ERR,ERR,ERR,ERR,ERR,ERR,ERR,ERR,ERR,ERR,ERR,ERR,ERR,ERR,ERR,ERR,ERR,ERR,ERR,ERR,ERR,ERR,ERR,ERR,ERR,ERR,ERR,ERR,ERR,ERR,ERR,ERR,ERR,ERR,ERR,ERR,ERR,ERR,ERR,ERR,ERR,ERR,ERR,ERR,ERR,ERR,ERR,ERR,ERR,ERR,ERR,ERR,ERR,ERR,ERR,ERR,ERR,ERR,ERR,ERR,ERR,ERR,ERR,50.0,60.0,100,0.0,0.0,0.0,0.0,0.0,0.0,0.0,0.0,0.0,0.0,0.0,0.0,0.0,0.0,0.0,0.0,62.0,75,13,65511,50,65476,0,300,0,0,8,20529,65476,0,0,26214,60.0,0.0,0.0,0.0,0.0,0.0
2026-05-17T18:04:49,ERR,ERR,ERR,ERR,ERR,ERR,ERR,ERR,ERR,ERR,ERR,ERR,ERR,ERR,ERR,ERR,ERR,ERR,ERR,ERR,ERR,ERR,ERR,ERR,ERR,ERR,ERR,ERR,ERR,ERR,ERR,ERR,ERR,ERR,ERR,ERR,ERR,ERR,ERR,ERR,ERR,ERR,ERR,ERR,ERR,ERR,ERR,ERR,ERR,ERR,ERR,ERR,ERR,ERR,ERR,ERR,ERR,ERR,ERR,ERR,ERR,ERR,ERR,ERR,ERR,ERR,ERR,ERR,ERR,ERR,ERR,ERR,ERR,ERR,ERR,ERR,ERR,ERR,ERR,ERR,ERR,ERR,ERR,ERR,ERR,ERR,ERR,ERR,ERR,ERR,ERR,ERR,ERR,ERR,ERR,ERR,ERR,ERR,ERR,ERR,ERR,ERR,ERR,ERR,ERR,ERR,ERR,ERR,ERR,ERR,ERR,ERR,ERR,ERR,ERR,ERR,ERR,ERR,ERR,ERR,ERR,ERR,ERR,ERR,ERR,-107615288.0,-0.0,-134474944.0,0.0,0.0,1.3936040501711995e+18,7.805,0.0,0,0,4,0,8422,0.0,45,0.0,0.0,0.0,0.0,0.0,0,0,0,0,0.0,0,0,0,0,0,0,0,0,0,0,0,0,0,0,0,0,0,0,0,0,0,0,0,0,0,0,0,0,0,0,0,0,0,38,14,7,45,65476,0,300,0,0,8,21553,0.0,-107605600.0,0.0,0.0,0.0,0.0,0.0,0.0,0.0,0.0,0.0,0.0,0.0,0.0,0.0,0.0,0.0,0.0,0.0,0.0,0.0,0.0,-2.004,-2.004,2.004,0.0,0.0,0.0,0.0,0.0,4993.0,-2.422987904532282e+24,0.0,-107615288.0,-0.0,-0.0,0.0,0.0,0.0,0.0,0.0,53,-0.059,-107614784.0,0.0,0.0,0.0,0.0,0.0,0.0,0.0,0,0,0,0.0,0.0,0.0,0.0,0.0,0.0,0.0,0.0,0.0,0.0,0.0,0.0,0.0,0.0,0.0,0.0,0,-107875648.0,53,0.0,106,-107614832.0,0.0,ERR,ERR,ERR,ERR,ERR,ERR,ERR,ERR,ERR,ERR,ERR,ERR,ERR,ERR,ERR,ERR,ERR,ERR,ERR,ERR,ERR,ERR,ERR,ERR,ERR,ERR,ERR,ERR,ERR,ERR,ERR,ERR,ERR,ERR,ERR,ERR,ERR,ERR,ERR,ERR,ERR,ERR,ERR,ERR,ERR,ERR,ERR,ERR,ERR,ERR,ERR,ERR,ERR,ERR,ERR,ERR,ERR,ERR,ERR,ERR,ERR,ERR,ERR,ERR,ERR,ERR,ERR,50.0,60.0,100,0.0,0.0,0.0,0.0,0.0,0.0,0.0,0.0,0.0,0.0,0.0,0.0,0.0,0.0,0.0,0.0,61.6,75,13,65511,50,65476,0,300,0,0,8,20529,65476,0,0,26214,60.0,0.0,0.0,0.0,0.0,0.0
2026-05-17T18:04:50,ERR,ERR,ERR,ERR,ERR,ERR,ERR,ERR,ERR,ERR,ERR,ERR,ERR,ERR,ERR,ERR,ERR,ERR,ERR,ERR,ERR,ERR,ERR,ERR,ERR,ERR,ERR,ERR,ERR,ERR,ERR,ERR,ERR,ERR,ERR,ERR,ERR,ERR,ERR,ERR,ERR,ERR,ERR,ERR,ERR,ERR,ERR,ERR,ERR,ERR,ERR,ERR,ERR,ERR,ERR,ERR,ERR,ERR,ERR,ERR,ERR,ERR,ERR,ERR,ERR,ERR,ERR,ERR,ERR,ERR,ERR,ERR,ERR,ERR,ERR,ERR,ERR,ERR,ERR,ERR,ERR,ERR,ERR,ERR,ERR,ERR,ERR,ERR,ERR,ERR,ERR,ERR,ERR,ERR,ERR,ERR,ERR,ERR,ERR,ERR,ERR,ERR,ERR,ERR,ERR,ERR,ERR,ERR,ERR,ERR,ERR,ERR,ERR,ERR,ERR,ERR,ERR,ERR,ERR,ERR,ERR,ERR,ERR,ERR,ERR,-107615288.0,-0.0,-134474944.0,0.0,0.0,1.3936040501711995e+18,7.805,0.0,0,0,4,0,8422,0.0,45,0.0,0.0,0.0,0.0,0.0,0,0,0,0,0.0,0,0,0,0,0,0,0,0,0,0,0,0,0,0,0,0,0,0,0,0,0,0,0,0,0,0,0,0,0,0,0,0,0,38,14,7,45,65476,0,300,0,0,8,21553,0.0,-107605600.0,0.0,0.0,0.0,0.0,0.0,0.0,0.0,0.0,0.0,0.0,0.0,0.0,0.0,0.0,0.0,0.0,0.0,0.0,0.0,0.0,-2.004,-2.004,2.004,-2.004,0.0,0.0,0.0,0.0,5022.0,-0.0,0.0,-107615288.0,-0.0,-0.0,0.0,0.0,0.0,0.0,0.0,53,-0.0,-0.0,0.0,0.0,0.0,0.0,0.0,0.0,0.0,0,0,0,0.0,0.0,0.0,0.0,0.0,0.0,0.0,0.0,0.0,0.0,0.0,0.0,0.0,0.0,0.0,0.0,0,-107875648.0,53,0.0,106,-107614832.0,-0.0,ERR,ERR,ERR,ERR,ERR,ERR,ERR,ERR,ERR,ERR,ERR,ERR,ERR,ERR,ERR,ERR,ERR,ERR,ERR,ERR,ERR,ERR,ERR,ERR,ERR,ERR,ERR,ERR,ERR,ERR,ERR,ERR,ERR,ERR,ERR,ERR,ERR,ERR,ERR,ERR,ERR,ERR,ERR,ERR,ERR,ERR,ERR,ERR,ERR,ERR,ERR,ERR,ERR,ERR,ERR,ERR,ERR,ERR,ERR,ERR,ERR,ERR,ERR,ERR,ERR,ERR,ERR,50.0,60.0,100,0.0,0.0,0.0,0.0,0.0,0.0,0.0,0.0,0.0,0.0,0.0,0.0,0.0,0.0,0.0,0.0,62.0,75,13,65511,50,65476,0,300,0,0,8,20529,65476,0,0,26214,60.0,0.0,0.0,0.0,0.0,0.0
2026-05-17T18:04:51,ERR,ERR,ERR,ERR,ERR,ERR,ERR,ERR,ERR,ERR,ERR,ERR,ERR,ERR,ERR,ERR,ERR,ERR,ERR,ERR,ERR,ERR,ERR,ERR,ERR,ERR,ERR,ERR,ERR,ERR,ERR,ERR,ERR,ERR,ERR,ERR,ERR,ERR,ERR,ERR,ERR,ERR,ERR,ERR,ERR,ERR,ERR,ERR,ERR,ERR,ERR,ERR,ERR,ERR,ERR,ERR,ERR,ERR,ERR,ERR,ERR,ERR,ERR,ERR,ERR,ERR,ERR,ERR,ERR,ERR,ERR,ERR,ERR,ERR,ERR,ERR,ERR,ERR,ERR,ERR,ERR,ERR,ERR,ERR,ERR,ERR,ERR,ERR,ERR,ERR,ERR,ERR,ERR,ERR,ERR,ERR,ERR,ERR,ERR,ERR,ERR,ERR,ERR,ERR,ERR,ERR,ERR,ERR,ERR,ERR,ERR,ERR,ERR,ERR,ERR,ERR,ERR,ERR,ERR,ERR,ERR,ERR,ERR,ERR,ERR,-107615288.0,-0.0,-134474944.0,0.0,0.0,1.3936040501711995e+18,7.805,0.0,0,0,4,0,8422,0.0,45,0.0,0.0,0.0,0.0,0.0,0,0,0,0,0.0,0,0,0,0,0,0,0,0,0,0,0,0,0,0,0,0,0,0,0,0,0,0,0,0,0,0,0,0,0,0,0,0,0,38,14,7,45,65476,0,300,0,0,8,21553,0.0,-107605600.0,0.0,0.0,0.0,0.0,0.0,0.0,0.0,0.0,0.0,0.0,0.0,0.0,0.0,0.0,0.0,0.0,0.0,0.0,0.0,0.0,-2.004,-2.004,2.004,-2.004,0.0,0.0,0.0,0.0,5022.0,-0.0,0.0,-107615288.0,-0.0,-0.0,0.0,0.0,0.0,0.0,0.0,53,-0.0,-0.0,0.0,0.0,0.0,0.0,0.0,0.0,0.0,0,0,0,0.0,0.0,0.0,0.0,0.0,0.0,0.0,0.0,0.0,0.0,0.0,0.0,0.0,0.0,0.0,0.0,0,-107875648.0,53,0.0,106,-107614832.0,-0.0,ERR,ERR,ERR,ERR,ERR,ERR,ERR,ERR,ERR,ERR,ERR,ERR,ERR,ERR,ERR,ERR,ERR,ERR,ERR,ERR,ERR,ERR,ERR,ERR,ERR,ERR,ERR,ERR,ERR,ERR,ERR,ERR,ERR,ERR,ERR,ERR,ERR,ERR,ERR,ERR,ERR,ERR,ERR,ERR,ERR,ERR,ERR,ERR,ERR,ERR,ERR,ERR,ERR,ERR,ERR,ERR,ERR,ERR,ERR,ERR,ERR,ERR,ERR,ERR,ERR,ERR,ERR,50.0,60.0,100,0.0,0.0,0.0,0.0,0.0,0.0,0.0,0.0,0.0,0.0,0.0,0.0,0.0,0.0,0.0,0.0,62.0,75,13,65511,50,65476,0,300,0,0,8,20529,65476,0,0,26214,60.0,0.0,0.0,0.0,0.0,0.0
2026-05-17T18:04:52,ERR,ERR,ERR,ERR,ERR,ERR,ERR,ERR,ERR,ERR,ERR,ERR,ERR,ERR,ERR,ERR,ERR,ERR,ERR,ERR,ERR,ERR,ERR,ERR,ERR,ERR,ERR,ERR,ERR,ERR,ERR,ERR,ERR,ERR,ERR,ERR,ERR,ERR,ERR,ERR,ERR,ERR,ERR,ERR,ERR,ERR,ERR,ERR,ERR,ERR,ERR,ERR,ERR,ERR,ERR,ERR,ERR,ERR,ERR,ERR,ERR,ERR,ERR,ERR,ERR,ERR,ERR,ERR,ERR,ERR,ERR,ERR,ERR,ERR,ERR,ERR,ERR,ERR,ERR,ERR,ERR,ERR,ERR,ERR,ERR,ERR,ERR,ERR,ERR,ERR,ERR,ERR,ERR,ERR,ERR,ERR,ERR,ERR,ERR,ERR,ERR,ERR,ERR,ERR,ERR,ERR,ERR,ERR,ERR,ERR,ERR,ERR,ERR,ERR,ERR,ERR,ERR,ERR,ERR,ERR,ERR,ERR,ERR,ERR,ERR,-107615288.0,-0.0,-134474944.0,0.0,0.0,1.3936040501711995e+18,7.805,0.0,0,0,4,0,8422,0.0,45,0.0,0.0,0.0,0.0,0.0,0,0,0,0,0.0,0,0,0,0,0,0,0,0,0,0,0,0,0,0,0,0,0,0,0,0,0,0,0,0,0,0,0,0,0,0,0,0,0,38,14,7,45,65476,0,300,0,0,8,21553,0.0,-107605600.0,0.0,0.0,0.0,0.0,0.0,0.0,0.0,0.0,0.0,0.0,0.0,0.0,0.0,0.0,0.0,0.0,0.0,0.0,0.0,0.0,-2.004,-2.004,2.004,-2.004,0.0,0.0,0.0,0.0,5022.0,-0.0,0.0,-107615288.0,-0.0,-0.0,0.0,0.0,0.0,0.0,0.0,53,-0.0,-0.0,0.0,0.0,0.0,0.0,0.0,0.0,0.0,0,0,0,0.0,0.0,0.0,0.0,0.0,0.0,0.0,0.0,0.0,0.0,0.0,0.0,0.0,0.0,0.0,0.0,0,-107875648.0,53,0.0,106,-107614832.0,-0.0,ERR,ERR,ERR,ERR,ERR,ERR,ERR,ERR,ERR,ERR,ERR,ERR,ERR,ERR,ERR,ERR,ERR,ERR,ERR,ERR,ERR,ERR,ERR,ERR,ERR,ERR,ERR,ERR,ERR,ERR,ERR,ERR,ERR,ERR,ERR,ERR,ERR,ERR,ERR,ERR,ERR,ERR,ERR,ERR,ERR,ERR,ERR,ERR,ERR,ERR,ERR,ERR,ERR,ERR,ERR,ERR,ERR,ERR,ERR,ERR,ERR,ERR,ERR,ERR,ERR,ERR,ERR,50.0,60.0,100,0.0,0.0,0.0,0.0,0.0,0.0,0.0,0.0,0.0,0.0,0.0,0.0,0.0,0.0,0.0,0.0,61.6,75,13,65511,50,65476,0,300,0,0,8,20529,65476,0,0,26214,60.0,0.0,0.0,0.0,0.0,0.0
2026-05-17T18:04:53,ERR,ERR,ERR,ERR,ERR,ERR,ERR,ERR,ERR,ERR,ERR,ERR,ERR,ERR,ERR,ERR,ERR,ERR,ERR,ERR,ERR,ERR,ERR,ERR,ERR,ERR,ERR,ERR,ERR,ERR,ERR,ERR,ERR,ERR,ERR,ERR,ERR,ERR,ERR,ERR,ERR,ERR,ERR,ERR,ERR,ERR,ERR,ERR,ERR,ERR,ERR,ERR,ERR,ERR,ERR,ERR,ERR,ERR,ERR,ERR,ERR,ERR,ERR,ERR,ERR,ERR,ERR,ERR,ERR,ERR,ERR,ERR,ERR,ERR,ERR,ERR,ERR,ERR,ERR,ERR,ERR,ERR,ERR,ERR,ERR,ERR,ERR,ERR,ERR,ERR,ERR,ERR,ERR,ERR,ERR,ERR,ERR,ERR,ERR,ERR,ERR,ERR,ERR,ERR,ERR,ERR,ERR,ERR,ERR,ERR,ERR,ERR,ERR,ERR,ERR,ERR,ERR,ERR,ERR,ERR,ERR,ERR,ERR,ERR,ERR,-107615288.0,-0.0,-134474944.0,0.0,0.0,1.3936040501711995e+18,7.805,0.0,0,0,4,0,8422,0.0,45,0.0,0.0,0.0,0.0,0.0,0,0,0,0,0.0,0,0,0,0,0,0,0,0,0,0,0,0,0,0,0,0,0,0,0,0,0,0,0,0,0,0,0,0,0,0,0,0,0,38,14,7,45,65476,0,300,0,0,8,21553,0.0,-107605600.0,0.0,0.0,0.0,0.0,0.0,0.0,0.0,0.0,0.0,0.0,0.0,0.0,0.0,0.0,0.0,0.0,0.0,0.0,0.0,0.0,-2.004,-2.004,2.004,-2.004,0.0,0.0,0.0,0.0,5022.0,-0.0,0.0,-107615288.0,-0.0,-0.0,0.0,0.0,0.0,0.0,0.0,53,-0.0,-0.0,0.0,0.0,0.0,0.0,0.0,0.0,0.0,0,0,0,0.0,0.0,0.0,0.0,0.0,0.0,0.0,0.0,0.0,0.0,0.0,0.0,0.0,0.0,0.0,0.0,0,-107875648.0,53,0.0,106,-107614832.0,-0.0,ERR,ERR,ERR,ERR,ERR,ERR,ERR,ERR,ERR,ERR,ERR,ERR,ERR,ERR,ERR,ERR,ERR,ERR,ERR,ERR,ERR,ERR,ERR,ERR,ERR,ERR,ERR,ERR,ERR,ERR,ERR,ERR,ERR,ERR,ERR,ERR,ERR,ERR,ERR,ERR,ERR,ERR,ERR,ERR,ERR,ERR,ERR,ERR,ERR,ERR,ERR,ERR,ERR,ERR,ERR,ERR,ERR,ERR,ERR,ERR,ERR,ERR,ERR,ERR,ERR,ERR,ERR,50.0,60.0,100,0.0,0.0,0.0,0.0,0.0,0.0,0.0,0.0,0.0,0.0,0.0,0.0,0.0,0.0,0.0,0.0,61.6,75,13,65511,50,65476,0,300,0,0,8,20529,65476,0,0,26214,60.0,0.0,0.0,0.0,0.0,0.0
2026-05-17T18:04:54,ERR,ERR,ERR,ERR,ERR,ERR,ERR,ERR,ERR,ERR,ERR,ERR,ERR,ERR,ERR,ERR,ERR,ERR,ERR,ERR,ERR,ERR,ERR,ERR,ERR,ERR,ERR,ERR,ERR,ERR,ERR,ERR,ERR,ERR,ERR,ERR,ERR,ERR,ERR,ERR,ERR,ERR,ERR,ERR,ERR,ERR,ERR,ERR,ERR,ERR,ERR,ERR,ERR,ERR,ERR,ERR,ERR,ERR,ERR,ERR,ERR,ERR,ERR,ERR,ERR,ERR,ERR,ERR,ERR,ERR,ERR,ERR,ERR,ERR,ERR,ERR,ERR,ERR,ERR,ERR,ERR,ERR,ERR,ERR,ERR,ERR,ERR,ERR,ERR,ERR,ERR,ERR,ERR,ERR,ERR,ERR,ERR,ERR,ERR,ERR,ERR,ERR,ERR,ERR,ERR,ERR,ERR,ERR,ERR,ERR,ERR,ERR,ERR,ERR,ERR,ERR,ERR,ERR,ERR,ERR,ERR,ERR,ERR,ERR,ERR,-107615288.0,-0.0,-134474944.0,0.0,0.0,1.3936040501711995e+18,7.805,0.0,0,0,4,0,8422,0.0,45,0.0,0.0,0.0,0.0,0.0,0,0,0,0,0.0,0,0,0,0,0,0,0,0,0,0,0,0,0,0,0,0,0,0,0,0,0,0,0,0,0,0,0,0,0,0,0,0,0,38,14,7,45,65476,0,300,0,0,8,21553,0.0,-107605600.0,0.0,0.0,0.0,0.0,0.0,0.0,0.0,0.0,0.0,0.0,0.0,0.0,0.0,0.0,0.0,0.0,0.0,0.0,0.0,0.0,-2.004,-2.004,2.004,-2.004,0.0,0.0,0.0,0.0,5022.0,-0.0,0.0,-107615288.0,-0.0,-0.0,0.0,0.0,0.0,0.0,0.0,53,-0.0,-0.0,0.0,0.0,0.0,0.0,0.0,0.0,0.0,0,0,0,0.0,0.0,0.0,0.0,0.0,0.0,0.0,0.0,0.0,0.0,0.0,0.0,0.0,0.0,0.0,0.0,0,-107875648.0,53,0.0,106,-107614832.0,-0.0,ERR,ERR,ERR,ERR,ERR,ERR,ERR,ERR,ERR,ERR,ERR,ERR,ERR,ERR,ERR,ERR,ERR,ERR,ERR,ERR,ERR,ERR,ERR,ERR,ERR,ERR,ERR,ERR,ERR,ERR,ERR,ERR,ERR,ERR,ERR,ERR,ERR,ERR,ERR,ERR,ERR,ERR,ERR,ERR,ERR,ERR,ERR,ERR,ERR,ERR,ERR,ERR,ERR,ERR,ERR,ERR,ERR,ERR,ERR,ERR,ERR,ERR,ERR,ERR,ERR,ERR,ERR,50.0,60.0,100,0.0,0.0,0.0,0.0,0.0,0.0,0.0,0.0,0.0,0.0,0.0,0.0,0.0,0.0,0.0,0.0,61.6,75,13,65511,50,65476,0,300,0,0,8,20529,65476,0,0,26214,60.0,0.0,0.0,0.0,0.0,0.0
2026-05-17T18:04:55,ERR,ERR,ERR,ERR,ERR,ERR,ERR,ERR,ERR,ERR,ERR,ERR,ERR,ERR,ERR,ERR,ERR,ERR,ERR,ERR,ERR,ERR,ERR,ERR,ERR,ERR,ERR,ERR,ERR,ERR,ERR,ERR,ERR,ERR,ERR,ERR,ERR,ERR,ERR,ERR,ERR,ERR,ERR,ERR,ERR,ERR,ERR,ERR,ERR,ERR,ERR,ERR,ERR,ERR,ERR,ERR,ERR,ERR,ERR,ERR,ERR,ERR,ERR,ERR,ERR,ERR,ERR,ERR,ERR,ERR,ERR,ERR,ERR,ERR,ERR,ERR,ERR,ERR,ERR,ERR,ERR,ERR,ERR,ERR,ERR,ERR,ERR,ERR,ERR,ERR,ERR,ERR,ERR,ERR,ERR,ERR,ERR,ERR,ERR,ERR,ERR,ERR,ERR,ERR,ERR,ERR,ERR,ERR,ERR,ERR,ERR,ERR,ERR,ERR,ERR,ERR,ERR,ERR,ERR,ERR,ERR,ERR,ERR,ERR,ERR,-107615288.0,-0.0,-134474944.0,0.0,0.0,1.3936040501711995e+18,7.805,0.0,0,0,4,0,8422,0.0,45,0.0,0.0,0.0,0.0,0.0,0,0,0,0,0.0,0,0,0,0,0,0,0,0,0,0,0,0,0,0,0,0,0,0,0,0,0,0,0,0,0,0,0,0,0,0,0,0,0,38,14,7,45,65476,0,300,0,0,8,21553,0.0,-107605600.0,0.0,0.0,0.0,0.0,0.0,0.0,0.0,0.0,0.0,0.0,0.0,0.0,0.0,0.0,0.0,0.0,0.0,0.0,0.0,0.0,-2.004,-2.004,2.004,-2.004,0.0,0.0,0.0,0.0,5022.0,-0.0,0.0,-107615288.0,-0.0,-0.0,0.0,0.0,0.0,0.0,0.0,53,-0.0,-0.0,0.0,0.0,0.0,0.0,0.0,0.0,0.0,0,0,0,0.0,0.0,0.0,0.0,0.0,0.0,0.0,0.0,0.0,0.0,0.0,0.0,0.0,0.0,0.0,0.0,0,-107875648.0,53,0.0,106,-107614832.0,-0.0,ERR,ERR,ERR,ERR,ERR,ERR,ERR,ERR,ERR,ERR,ERR,ERR,ERR,ERR,ERR,ERR,ERR,ERR,ERR,ERR,ERR,ERR,ERR,ERR,ERR,ERR,ERR,ERR,ERR,ERR,ERR,ERR,ERR,ERR,ERR,ERR,ERR,ERR,ERR,ERR,ERR,ERR,ERR,ERR,ERR,ERR,ERR,ERR,ERR,ERR,ERR,ERR,ERR,ERR,ERR,ERR,ERR,ERR,ERR,ERR,ERR,ERR,ERR,ERR,ERR,ERR,ERR,50.0,60.0,100,0.0,0.0,0.0,0.0,0.0,0.0,0.0,0.0,0.0,0.0,0.0,0.0,0.0,0.0,0.0,0.0,61.6,75,13,65511,50,65476,0,300,0,0,8,20529,65476,0,0,26214,60.0,0.0,0.0,0.0,0.0,0.0
2026-05-17T18:04:56,ERR,ERR,ERR,ERR,ERR,ERR,ERR,ERR,ERR,ERR,ERR,ERR,ERR,ERR,ERR,ERR,ERR,ERR,ERR,ERR,ERR,ERR,ERR,ERR,ERR,ERR,ERR,ERR,ERR,ERR,ERR,ERR,ERR,ERR,ERR,ERR,ERR,ERR,ERR,ERR,ERR,ERR,ERR,ERR,ERR,ERR,ERR,ERR,ERR,ERR,ERR,ERR,ERR,ERR,ERR,ERR,ERR,ERR,ERR,ERR,ERR,ERR,ERR,ERR,ERR,ERR,ERR,ERR,ERR,ERR,ERR,ERR,ERR,ERR,ERR,ERR,ERR,ERR,ERR,ERR,ERR,ERR,ERR,ERR,ERR,ERR,ERR,ERR,ERR,ERR,ERR,ERR,ERR,ERR,ERR,ERR,ERR,ERR,ERR,ERR,ERR,ERR,ERR,ERR,ERR,ERR,ERR,ERR,ERR,ERR,ERR,ERR,ERR,ERR,ERR,ERR,ERR,ERR,ERR,ERR,ERR,ERR,ERR,ERR,ERR,-107615288.0,-107615296.0,0.0,0.0,0.0,1.3936040501711995e+18,7.805,0.0,0,0,4,0,8422,0.0,45,0.0,0.0,0.0,0.0,0.0,0,0,0,0,0.0,0,0,0,0,0,0,0,0,0,0,0,0,0,0,0,0,0,0,0,0,0,0,0,0,0,0,0,0,0,0,0,0,0,38,14,7,45,65476,0,300,0,0,8,21553,0.0,-107605600.0,0.0,0.0,0.0,0.0,0.0,0.0,0.0,0.0,0.0,0.0,0.0,0.0,0.0,0.0,0.0,0.0,0.0,0.0,0.0,0.0,-2.004,-2.004,2.004,-2.004,0.0,0.0,0.0,0.0,5015.0,-1.040665380856972e+34,0.0,-107615288.0,-0.0,-0.0,0.0,0.0,0.0,0.0,0.0,53,-0.0,0.0,0.0,0.0,0.0,0.0,0.0,0.0,0.0,0,0,0,0.0,0.0,0.0,0.0,0.0,0.0,0.0,0.0,0.0,0.0,0.0,0.0,0.0,0.0,0.0,0.0,0,-107875648.0,53,0.0,106,-107614832.0,-0.0,ERR,ERR,ERR,ERR,ERR,ERR,ERR,ERR,ERR,ERR,ERR,ERR,ERR,ERR,ERR,ERR,ERR,ERR,ERR,ERR,ERR,ERR,ERR,ERR,ERR,ERR,ERR,ERR,ERR,ERR,ERR,ERR,ERR,ERR,ERR,ERR,ERR,ERR,ERR,ERR,ERR,ERR,ERR,ERR,ERR,ERR,ERR,ERR,ERR,ERR,ERR,ERR,ERR,ERR,ERR,ERR,ERR,ERR,ERR,ERR,ERR,ERR,ERR,ERR,ERR,ERR,ERR,50.0,60.0,100,0.0,0.0,0.0,0.0,0.0,0.0,0.0,0.0,0.0,0.0,0.0,0.0,0.0,0.0,0.0,0.0,61.6,75,13,65511,50,65476,0,300,0,0,8,20529,65476,0,0,26214,60.0,0.0,0.0,0.0,0.0,0.0
2026-05-17T18:04:57,ERR,ERR,ERR,ERR,ERR,ERR,ERR,ERR,ERR,ERR,ERR,ERR,ERR,ERR,ERR,ERR,ERR,ERR,ERR,ERR,ERR,ERR,ERR,ERR,ERR,ERR,ERR,ERR,ERR,ERR,ERR,ERR,ERR,ERR,ERR,ERR,ERR,ERR,ERR,ERR,ERR,ERR,ERR,ERR,ERR,ERR,ERR,ERR,ERR,ERR,ERR,ERR,ERR,ERR,ERR,ERR,ERR,ERR,ERR,ERR,ERR,ERR,ERR,ERR,ERR,ERR,ERR,ERR,ERR,ERR,ERR,ERR,ERR,ERR,ERR,ERR,ERR,ERR,ERR,ERR,ERR,ERR,ERR,ERR,ERR,ERR,ERR,ERR,ERR,ERR,ERR,ERR,ERR,ERR,ERR,ERR,ERR,ERR,ERR,ERR,ERR,ERR,ERR,ERR,ERR,ERR,ERR,ERR,ERR,ERR,ERR,ERR,ERR,ERR,ERR,ERR,ERR,ERR,ERR,ERR,ERR,ERR,ERR,ERR,ERR,-107615288.0,-107615296.0,0.0,0.0,0.0,1.3936040501711995e+18,7.805,0.0,0,0,4,0,8422,0.0,45,0.0,0.0,0.0,0.0,0.0,0,0,0,0,0.0,0,0,0,0,0,0,0,0,0,0,0,0,0,0,0,0,0,0,0,0,0,0,0,0,0,0,0,0,0,0,0,0,0,38,14,7,45,65476,0,300,0,0,8,21553,0.0,-107605600.0,0.0,0.0,0.0,0.0,0.0,0.0,0.0,0.0,0.0,0.0,0.0,0.0,0.0,0.0,0.0,0.0,0.0,0.0,0.0,0.0,-2.004,-2.004,2.004,-2.004,0.0,0.0,0.0,0.0,5015.0,-1.040665380856972e+34,0.0,-107615288.0,-0.0,-0.0,0.0,0.0,0.0,0.0,0.0,53,-0.0,0.0,0.0,0.0,0.0,0.0,0.0,0.0,0.0,0,0,0,0.0,0.0,0.0,0.0,0.0,0.0,0.0,0.0,0.0,0.0,0.0,0.0,0.0,0.0,0.0,0.0,0,-107875648.0,53,0.0,106,-107614832.0,-0.0,ERR,ERR,ERR,ERR,ERR,ERR,ERR,ERR,ERR,ERR,ERR,ERR,ERR,ERR,ERR,ERR,ERR,ERR,ERR,ERR,ERR,ERR,ERR,ERR,ERR,ERR,ERR,ERR,ERR,ERR,ERR,ERR,ERR,ERR,ERR,ERR,ERR,ERR,ERR,ERR,ERR,ERR,ERR,ERR,ERR,ERR,ERR,ERR,ERR,ERR,ERR,ERR,ERR,ERR,ERR,ERR,ERR,ERR,ERR,ERR,ERR,ERR,ERR,ERR,ERR,ERR,ERR,50.0,60.0,100,0.0,0.0,0.0,0.0,0.0,0.0,0.0,0.0,0.0,0.0,0.0,0.0,0.0,0.0,0.0,0.0,61.6,75,13,65511,50,65476,0,300,0,0,8,20529,65476,0,0,26214,60.0,0.0,0.0,0.0,0.0,0.0
2026-05-17T18:04:58,ERR,ERR,ERR,ERR,ERR,ERR,ERR,ERR,ERR,ERR,ERR,ERR,ERR,ERR,ERR,ERR,ERR,ERR,ERR,ERR,ERR,ERR,ERR,ERR,ERR,ERR,ERR,ERR,ERR,ERR,ERR,ERR,ERR,ERR,ERR,ERR,ERR,ERR,ERR,ERR,ERR,ERR,ERR,ERR,ERR,ERR,ERR,ERR,ERR,ERR,ERR,ERR,ERR,ERR,ERR,ERR,ERR,ERR,ERR,ERR,ERR,ERR,ERR,ERR,ERR,ERR,ERR,ERR,ERR,ERR,ERR,ERR,ERR,ERR,ERR,ERR,ERR,ERR,ERR,ERR,ERR,ERR,ERR,ERR,ERR,ERR,ERR,ERR,ERR,ERR,ERR,ERR,ERR,ERR,ERR,ERR,ERR,ERR,ERR,ERR,ERR,ERR,ERR,ERR,ERR,ERR,ERR,ERR,ERR,ERR,ERR,ERR,ERR,ERR,ERR,ERR,ERR,ERR,ERR,ERR,ERR,ERR,ERR,ERR,ERR,-107615288.0,-107615296.0,0.0,0.0,0.0,1.3936040501711995e+18,7.805,0.0,0,0,4,0,8422,0.0,45,0.0,0.0,0.0,0.0,0.0,0,0,0,0,0.0,0,0,0,0,0,0,0,0,0,0,0,0,0,0,0,0,0,0,0,0,0,0,0,0,0,0,0,0,0,0,0,0,0,38,14,7,45,65476,0,300,0,0,8,21553,0.0,-107605600.0,0.0,0.0,0.0,0.0,0.0,0.0,0.0,0.0,0.0,0.0,0.0,0.0,0.0,0.0,0.0,0.0,0.0,0.0,0.0,0.0,-2.004,-2.004,2.004,-2.004,0.0,0.0,0.0,0.0,5015.0,-1.040665380856972e+34,0.0,-107615288.0,-0.0,-0.0,0.0,0.0,0.0,0.0,0.0,53,-0.0,0.0,0.0,0.0,0.0,0.0,0.0,0.0,0.0,0,0,0,0.0,0.0,0.0,0.0,0.0,0.0,0.0,0.0,0.0,0.0,0.0,0.0,0.0,0.0,0.0,0.0,0,-107875648.0,53,0.0,106,-107614832.0,-0.0,ERR,ERR,ERR,ERR,ERR,ERR,ERR,ERR,ERR,ERR,ERR,ERR,ERR,ERR,ERR,ERR,ERR,ERR,ERR,ERR,ERR,ERR,ERR,ERR,ERR,ERR,ERR,ERR,ERR,ERR,ERR,ERR,ERR,ERR,ERR,ERR,ERR,ERR,ERR,ERR,ERR,ERR,ERR,ERR,ERR,ERR,ERR,ERR,ERR,ERR,ERR,ERR,ERR,ERR,ERR,ERR,ERR,ERR,ERR,ERR,ERR,ERR,ERR,ERR,ERR,ERR,ERR,50.0,60.0,100,0.0,0.0,0.0,0.0,0.0,0.0,0.0,0.0,0.0,0.0,0.0,0.0,0.0,0.0,0.0,0.0,61.6,75,13,65511,50,65476,0,300,0,0,8,20529,65476,0,0,26214,60.0,0.0,0.0,0.0,0.0,0.0
2026-05-17T18:04:59,ERR,ERR,ERR,ERR,ERR,ERR,ERR,ERR,ERR,ERR,ERR,ERR,ERR,ERR,ERR,ERR,ERR,ERR,ERR,ERR,ERR,ERR,ERR,ERR,ERR,ERR,ERR,ERR,ERR,ERR,ERR,ERR,ERR,ERR,ERR,ERR,ERR,ERR,ERR,ERR,ERR,ERR,ERR,ERR,ERR,ERR,ERR,ERR,ERR,ERR,ERR,ERR,ERR,ERR,ERR,ERR,ERR,ERR,ERR,ERR,ERR,ERR,ERR,ERR,ERR,ERR,ERR,ERR,ERR,ERR,ERR,ERR,ERR,ERR,ERR,ERR,ERR,ERR,ERR,ERR,ERR,ERR,ERR,ERR,ERR,ERR,ERR,ERR,ERR,ERR,ERR,ERR,ERR,ERR,ERR,ERR,ERR,ERR,ERR,ERR,ERR,ERR,ERR,ERR,ERR,ERR,ERR,ERR,ERR,ERR,ERR,ERR,ERR,ERR,ERR,ERR,ERR,ERR,ERR,ERR,ERR,ERR,ERR,ERR,ERR,-107615288.0,-107615296.0,0.0,0.0,0.0,1.3936040501711995e+18,7.805,0.0,0,0,4,0,8422,0.0,45,0.0,0.0,0.0,0.0,0.0,0,0,0,0,0.0,0,0,0,0,0,0,0,0,0,0,0,0,0,0,0,0,0,0,0,0,0,0,0,0,0,0,0,0,0,0,0,0,0,38,14,7,45,65476,0,300,0,0,8,21553,0.0,-107605600.0,0.0,0.0,0.0,0.0,0.0,0.0,0.0,0.0,0.0,0.0,0.0,0.0,0.0,0.0,0.0,0.0,0.0,0.0,0.0,0.0,-2.004,-2.004,2.004,-2.004,0.0,0.0,0.0,0.0,5015.0,-1.040665380856972e+34,0.0,-107615288.0,-0.0,-0.0,0.0,0.0,0.0,0.0,0.0,53,-0.0,0.0,0.0,0.0,0.0,0.0,0.0,0.0,0.0,0,0,0,0.0,0.0,0.0,0.0,0.0,0.0,0.0,0.0,0.0,0.0,0.0,0.0,0.0,0.0,0.0,0.0,0,-107875648.0,53,0.0,106,-107614832.0,-0.0,ERR,ERR,ERR,ERR,ERR,ERR,ERR,ERR,ERR,ERR,ERR,ERR,ERR,ERR,ERR,ERR,ERR,ERR,ERR,ERR,ERR,ERR,ERR,ERR,ERR,ERR,ERR,ERR,ERR,ERR,ERR,ERR,ERR,ERR,ERR,ERR,ERR,ERR,ERR,ERR,ERR,ERR,ERR,ERR,ERR,ERR,ERR,ERR,ERR,ERR,ERR,ERR,ERR,ERR,ERR,ERR,ERR,ERR,ERR,ERR,ERR,ERR,ERR,ERR,ERR,ERR,ERR,50.0,60.0,100,0.0,0.0,0.0,0.0,0.0,0.0,0.0,0.0,0.0,0.0,0.0,0.0,0.0,0.0,0.0,0.0,62.0,75,13,65511,50,65476,0,300,0,0,8,20529,65476,0,0,26214,60.0,0.0,0.0,0.0,0.0,0.0
2026-05-17T18:05:00,ERR,ERR,ERR,ERR,ERR,ERR,ERR,ERR,ERR,ERR,ERR,ERR,ERR,ERR,ERR,ERR,ERR,ERR,ERR,ERR,ERR,ERR,ERR,ERR,ERR,ERR,ERR,ERR,ERR,ERR,ERR,ERR,ERR,ERR,ERR,ERR,ERR,ERR,ERR,ERR,ERR,ERR,ERR,ERR,ERR,ERR,ERR,ERR,ERR,ERR,ERR,ERR,ERR,ERR,ERR,ERR,ERR,ERR,ERR,ERR,ERR,ERR,ERR,ERR,ERR,ERR,ERR,ERR,ERR,ERR,ERR,ERR,ERR,ERR,ERR,ERR,ERR,ERR,ERR,ERR,ERR,ERR,ERR,ERR,ERR,ERR,ERR,ERR,ERR,ERR,ERR,ERR,ERR,ERR,ERR,ERR,ERR,ERR,ERR,ERR,ERR,ERR,ERR,ERR,ERR,ERR,ERR,ERR,ERR,ERR,ERR,ERR,ERR,ERR,ERR,ERR,ERR,ERR,ERR,ERR,ERR,ERR,ERR,ERR,ERR,-107615288.0,-107615296.0,0.0,0.0,0.0,1.3936040501711995e+18,7.805,0.0,0,0,4,0,8422,0.0,45,0.0,0.0,0.0,0.0,0.0,0,0,0,0,0.0,0,0,0,0,0,0,0,0,0,0,0,0,0,0,0,0,0,0,0,0,0,0,0,0,0,0,0,0,0,0,0,0,0,38,14,7,45,65476,0,300,0,0,8,21553,0.0,-107605600.0,0.0,0.0,0.0,0.0,0.0,0.0,0.0,0.0,0.0,0.0,0.0,0.0,0.0,0.0,0.0,0.0,0.0,0.0,0.0,0.0,-2.004,-2.004,2.004,-2.004,0.0,0.0,0.0,0.0,5015.0,-1.040665380856972e+34,0.0,-107615288.0,-0.0,-0.0,0.0,0.0,0.0,0.0,0.0,53,-0.0,0.0,0.0,0.0,0.0,0.0,0.0,0.0,0.0,0,0,0,0.0,0.0,0.0,0.0,0.0,0.0,0.0,0.0,0.0,0.0,0.0,0.0,0.0,0.0,0.0,0.0,0,-107875648.0,53,0.0,106,-107614832.0,-0.0,ERR,ERR,ERR,ERR,ERR,ERR,ERR,ERR,ERR,ERR,ERR,ERR,ERR,ERR,ERR,ERR,ERR,ERR,ERR,ERR,ERR,ERR,ERR,ERR,ERR,ERR,ERR,ERR,ERR,ERR,ERR,ERR,ERR,ERR,ERR,ERR,ERR,ERR,ERR,ERR,ERR,ERR,ERR,ERR,ERR,ERR,ERR,ERR,ERR,ERR,ERR,ERR,ERR,ERR,ERR,ERR,ERR,ERR,ERR,ERR,ERR,ERR,ERR,ERR,ERR,ERR,ERR,50.0,60.0,100,0.0,0.0,0.0,0.0,0.0,0.0,0.0,0.0,0.0,0.0,0.0,0.0,0.0,0.0,0.0,0.0,62.0,75,13,65511,50,65476,0,300,0,0,8,20529,65476,0,0,26214,60.0,0.0,0.0,0.0,0.0,0.0
2026-05-17T18:05:01,ERR,ERR,ERR,ERR,ERR,ERR,ERR,ERR,ERR,ERR,ERR,ERR,ERR,ERR,ERR,ERR,ERR,ERR,ERR,ERR,ERR,ERR,ERR,ERR,ERR,ERR,ERR,ERR,ERR,ERR,ERR,ERR,ERR,ERR,ERR,ERR,ERR,ERR,ERR,ERR,ERR,ERR,ERR,ERR,ERR,ERR,ERR,ERR,ERR,ERR,ERR,ERR,ERR,ERR,ERR,ERR,ERR,ERR,ERR,ERR,ERR,ERR,ERR,ERR,ERR,ERR,ERR,ERR,ERR,ERR,ERR,ERR,ERR,ERR,ERR,ERR,ERR,ERR,ERR,ERR,ERR,ERR,ERR,ERR,ERR,ERR,ERR,ERR,ERR,ERR,ERR,ERR,ERR,ERR,ERR,ERR,ERR,ERR,ERR,ERR,ERR,ERR,ERR,ERR,ERR,ERR,ERR,ERR,ERR,ERR,ERR,ERR,ERR,ERR,ERR,ERR,ERR,ERR,ERR,ERR,ERR,ERR,ERR,ERR,ERR,-107615288.0,-0.0,-134474944.0,0.0,0.0,1.3936040501711995e+18,7.805,0.0,0,0,4,0,8422,0.0,45,0.0,0.0,0.0,0.0,0.0,0,0,0,0,0.0,0,0,0,0,0,0,0,0,0,0,0,0,0,0,0,0,0,0,0,0,0,0,0,0,0,0,0,0,0,0,0,0,0,38,14,7,45,65476,0,300,0,0,8,21553,0.0,-107605600.0,0.0,0.0,0.0,0.0,0.0,0.0,0.0,0.0,0.0,0.0,0.0,0.0,0.0,0.0,0.0,0.0,0.0,0.0,0.0,0.0,-2.004,0.0,2.004,-2.004,0.0,0.0,0.0,0.0,5047.0,0.0,0.0,-107615288.0,-107615296.0,-0.0,2.718429300292151e+23,0.0,0.0,0.0,0.0,53,-0.0,2.71841759093312e+23,0.0,0.0,0.0,0.0,0.0,0.0,0.0,0,0,0,0.0,0.0,0.0,0.0,0.0,0.0,0.0,0.0,0.0,0.0,0.0,0.0,0.0,0.0,0.0,0.0,0,-107875648.0,53,0.0,106,-107614832.0,-0.0,ERR,ERR,ERR,ERR,ERR,ERR,ERR,ERR,ERR,ERR,ERR,ERR,ERR,ERR,ERR,ERR,ERR,ERR,ERR,ERR,ERR,ERR,ERR,ERR,ERR,ERR,ERR,ERR,ERR,ERR,ERR,ERR,ERR,ERR,ERR,ERR,ERR,ERR,ERR,ERR,ERR,ERR,ERR,ERR,ERR,ERR,ERR,ERR,ERR,ERR,ERR,ERR,ERR,ERR,ERR,ERR,ERR,ERR,ERR,ERR,ERR,ERR,ERR,ERR,ERR,ERR,ERR,50.0,60.0,100,0.0,0.0,0.0,0.0,0.0,0.0,0.0,0.0,0.0,0.0,0.0,0.0,0.0,0.0,0.0,0.0,61.6,75,13,65511,50,65476,0,300,0,0,8,20529,65476,0,0,26214,60.0,0.0,0.0,0.0,0.0,0.0
2026-05-17T18:05:02,ERR,ERR,ERR,ERR,ERR,ERR,ERR,ERR,ERR,ERR,ERR,ERR,ERR,ERR,ERR,ERR,ERR,ERR,ERR,ERR,ERR,ERR,ERR,ERR,ERR,ERR,ERR,ERR,ERR,ERR,ERR,ERR,ERR,ERR,ERR,ERR,ERR,ERR,ERR,ERR,ERR,ERR,ERR,ERR,ERR,ERR,ERR,ERR,ERR,ERR,ERR,ERR,ERR,ERR,ERR,ERR,ERR,ERR,ERR,ERR,ERR,ERR,ERR,ERR,ERR,ERR,ERR,ERR,ERR,ERR,ERR,ERR,ERR,ERR,ERR,ERR,ERR,ERR,ERR,ERR,ERR,ERR,ERR,ERR,ERR,ERR,ERR,ERR,ERR,ERR,ERR,ERR,ERR,ERR,ERR,ERR,ERR,ERR,ERR,ERR,ERR,ERR,ERR,ERR,ERR,ERR,ERR,ERR,ERR,ERR,ERR,ERR,ERR,ERR,ERR,ERR,ERR,ERR,ERR,ERR,ERR,ERR,ERR,ERR,ERR,-107615288.0,-0.0,-134474944.0,0.0,0.0,1.3936040501711995e+18,7.805,0.0,0,0,4,0,8422,0.0,45,0.0,0.0,0.0,0.0,0.0,0,0,0,0,0.0,0,0,0,0,0,0,0,0,0,0,0,0,0,0,0,0,0,0,0,0,0,0,0,0,0,0,0,0,0,0,0,0,0,38,14,7,45,65476,0,300,0,0,8,21553,0.0,-107605600.0,0.0,0.0,0.0,0.0,0.0,0.0,0.0,0.0,0.0,0.0,0.0,0.0,0.0,0.0,0.0,0.0,0.0,0.0,0.0,0.0,-2.004,0.0,2.004,-2.004,0.0,0.0,0.0,0.0,5047.0,0.0,0.0,-107615288.0,-107615296.0,-0.0,2.718429300292151e+23,0.0,0.0,0.0,0.0,53,-0.0,2.71841759093312e+23,0.0,0.0,0.0,0.0,0.0,0.0,0.0,0,0,0,0.0,0.0,0.0,0.0,0.0,0.0,0.0,0.0,0.0,0.0,0.0,0.0,0.0,0.0,0.0,0.0,0,-107875648.0,53,0.0,106,-107614832.0,-0.0,ERR,ERR,ERR,ERR,ERR,ERR,ERR,ERR,ERR,ERR,ERR,ERR,ERR,ERR,ERR,ERR,ERR,ERR,ERR,ERR,ERR,ERR,ERR,ERR,ERR,ERR,ERR,ERR,ERR,ERR,ERR,ERR,ERR,ERR,ERR,ERR,ERR,ERR,ERR,ERR,ERR,ERR,ERR,ERR,ERR,ERR,ERR,ERR,ERR,ERR,ERR,ERR,ERR,ERR,ERR,ERR,ERR,ERR,ERR,ERR,ERR,ERR,ERR,ERR,ERR,ERR,ERR,50.0,60.0,100,0.0,0.0,0.0,0.0,0.0,0.0,0.0,0.0,0.0,0.0,0.0,0.0,0.0,0.0,0.0,0.0,61.6,75,13,65511,50,65476,0,300,0,0,8,20529,65476,0,0,26214,60.0,0.0,0.0,0.0,0.0,0.0
2026-05-17T18:05:03,ERR,ERR,ERR,ERR,ERR,ERR,ERR,ERR,ERR,ERR,ERR,ERR,ERR,ERR,ERR,ERR,ERR,ERR,ERR,ERR,ERR,ERR,ERR,ERR,ERR,ERR,ERR,ERR,ERR,ERR,ERR,ERR,ERR,ERR,ERR,ERR,ERR,ERR,ERR,ERR,ERR,ERR,ERR,ERR,ERR,ERR,ERR,ERR,ERR,ERR,ERR,ERR,ERR,ERR,ERR,ERR,ERR,ERR,ERR,ERR,ERR,ERR,ERR,ERR,ERR,ERR,ERR,ERR,ERR,ERR,ERR,ERR,ERR,ERR,ERR,ERR,ERR,ERR,ERR,ERR,ERR,ERR,ERR,ERR,ERR,ERR,ERR,ERR,ERR,ERR,ERR,ERR,ERR,ERR,ERR,ERR,ERR,ERR,ERR,ERR,ERR,ERR,ERR,ERR,ERR,ERR,ERR,ERR,ERR,ERR,ERR,ERR,ERR,ERR,ERR,ERR,ERR,ERR,ERR,ERR,ERR,ERR,ERR,ERR,ERR,-107615288.0,-0.0,-134474944.0,0.0,0.0,1.3936040501711995e+18,7.805,0.0,0,0,4,0,8422,0.0,45,0.0,0.0,0.0,0.0,0.0,0,0,0,0,0.0,0,0,0,0,0,0,0,0,0,0,0,0,0,0,0,0,0,0,0,0,0,0,0,0,0,0,0,0,0,0,0,0,0,38,14,7,45,65476,0,300,0,0,8,21553,0.0,-107605600.0,0.0,0.0,0.0,0.0,0.0,0.0,0.0,0.0,0.0,0.0,0.0,0.0,0.0,0.0,0.0,0.0,0.0,0.0,0.0,0.0,-2.004,0.0,2.004,-2.004,0.0,0.0,0.0,0.0,5047.0,0.0,0.0,-107615288.0,-107615296.0,-0.0,2.718429300292151e+23,0.0,0.0,0.0,0.0,53,-0.0,2.71841759093312e+23,0.0,0.0,0.0,0.0,0.0,0.0,0.0,0,0,0,0.0,0.0,0.0,0.0,0.0,0.0,0.0,0.0,0.0,0.0,0.0,0.0,0.0,0.0,0.0,0.0,0,-107875648.0,53,0.0,106,-107614832.0,-0.0,ERR,ERR,ERR,ERR,ERR,ERR,ERR,ERR,ERR,ERR,ERR,ERR,ERR,ERR,ERR,ERR,ERR,ERR,ERR,ERR,ERR,ERR,ERR,ERR,ERR,ERR,ERR,ERR,ERR,ERR,ERR,ERR,ERR,ERR,ERR,ERR,ERR,ERR,ERR,ERR,ERR,ERR,ERR,ERR,ERR,ERR,ERR,ERR,ERR,ERR,ERR,ERR,ERR,ERR,ERR,ERR,ERR,ERR,ERR,ERR,ERR,ERR,ERR,ERR,ERR,ERR,ERR,50.0,60.0,100,0.0,0.0,0.0,0.0,0.0,0.0,0.0,0.0,0.0,0.0,0.0,0.0,0.0,0.0,0.0,0.0,61.6,75,13,65511,50,65476,0,300,0,0,8,20529,65476,0,0,26214,60.0,0.0,0.0,0.0,0.0,0.0
2026-05-17T18:05:04,ERR,ERR,ERR,ERR,ERR,ERR,ERR,ERR,ERR,ERR,ERR,ERR,ERR,ERR,ERR,ERR,ERR,ERR,ERR,ERR,ERR,ERR,ERR,ERR,ERR,ERR,ERR,ERR,ERR,ERR,ERR,ERR,ERR,ERR,ERR,ERR,ERR,ERR,ERR,ERR,ERR,ERR,ERR,ERR,ERR,ERR,ERR,ERR,ERR,ERR,ERR,ERR,ERR,ERR,ERR,ERR,ERR,ERR,ERR,ERR,ERR,ERR,ERR,ERR,ERR,ERR,ERR,ERR,ERR,ERR,ERR,ERR,ERR,ERR,ERR,ERR,ERR,ERR,ERR,ERR,ERR,ERR,ERR,ERR,ERR,ERR,ERR,ERR,ERR,ERR,ERR,ERR,ERR,ERR,ERR,ERR,ERR,ERR,ERR,ERR,ERR,ERR,ERR,ERR,ERR,ERR,ERR,ERR,ERR,ERR,ERR,ERR,ERR,ERR,ERR,ERR,ERR,ERR,ERR,ERR,ERR,ERR,ERR,ERR,ERR,-107615288.0,-0.0,-134474944.0,0.0,0.0,1.3936040501711995e+18,7.805,0.0,0,0,4,0,8422,0.0,45,0.0,0.0,0.0,0.0,0.0,0,0,0,0,0.0,0,0,0,0,0,0,0,0,0,0,0,0,0,0,0,0,0,0,0,0,0,0,0,0,0,0,0,0,0,0,0,0,0,38,14,7,45,65476,0,300,0,0,8,21553,0.0,-107605600.0,0.0,0.0,0.0,0.0,0.0,0.0,0.0,0.0,0.0,0.0,0.0,0.0,0.0,0.0,0.0,0.0,0.0,0.0,0.0,0.0,-2.004,0.0,2.004,-2.004,0.0,0.0,0.0,0.0,5047.0,0.0,0.0,-107615288.0,-107615296.0,-0.0,2.718429300292151e+23,0.0,0.0,0.0,0.0,53,-0.0,2.71841759093312e+23,0.0,0.0,0.0,0.0,0.0,0.0,0.0,0,0,0,0.0,0.0,0.0,0.0,0.0,0.0,0.0,0.0,0.0,0.0,0.0,0.0,0.0,0.0,0.0,0.0,0,-107875648.0,53,0.0,106,-107614832.0,-0.0,ERR,ERR,ERR,ERR,ERR,ERR,ERR,ERR,ERR,ERR,ERR,ERR,ERR,ERR,ERR,ERR,ERR,ERR,ERR,ERR,ERR,ERR,ERR,ERR,ERR,ERR,ERR,ERR,ERR,ERR,ERR,ERR,ERR,ERR,ERR,ERR,ERR,ERR,ERR,ERR,ERR,ERR,ERR,ERR,ERR,ERR,ERR,ERR,ERR,ERR,ERR,ERR,ERR,ERR,ERR,ERR,ERR,ERR,ERR,ERR,ERR,ERR,ERR,ERR,ERR,ERR,ERR,50.0,60.0,100,0.0,0.0,0.0,0.0,0.0,0.0,0.0,0.0,0.0,0.0,0.0,0.0,0.0,0.0,0.0,0.0,62.0,75,13,65511,50,65476,0,300,0,0,8,20529,65476,0,0,26214,60.0,0.0,0.0,0.0,0.0,0.0
2026-05-17T18:05:05,ERR,ERR,ERR,ERR,ERR,ERR,ERR,ERR,ERR,ERR,ERR,ERR,ERR,ERR,ERR,ERR,ERR,ERR,ERR,ERR,ERR,ERR,ERR,ERR,ERR,ERR,ERR,ERR,ERR,ERR,ERR,ERR,ERR,ERR,ERR,ERR,ERR,ERR,ERR,ERR,ERR,ERR,ERR,ERR,ERR,ERR,ERR,ERR,ERR,ERR,ERR,ERR,ERR,ERR,ERR,ERR,ERR,ERR,ERR,ERR,ERR,ERR,ERR,ERR,ERR,ERR,ERR,ERR,ERR,ERR,ERR,ERR,ERR,ERR,ERR,ERR,ERR,ERR,ERR,ERR,ERR,ERR,ERR,ERR,ERR,ERR,ERR,ERR,ERR,ERR,ERR,ERR,ERR,ERR,ERR,ERR,ERR,ERR,ERR,ERR,ERR,ERR,ERR,ERR,ERR,ERR,ERR,ERR,ERR,ERR,ERR,ERR,ERR,ERR,ERR,ERR,ERR,ERR,ERR,ERR,ERR,ERR,ERR,ERR,ERR,-107615288.0,-0.0,-134474944.0,0.0,0.0,1.3936040501711995e+18,7.805,0.0,0,0,4,0,8422,0.0,45,0.0,0.0,0.0,0.0,0.0,0,0,0,0,0.0,0,0,0,0,0,0,0,0,0,0,0,0,0,0,0,0,0,0,0,0,0,0,0,0,0,0,0,0,0,0,0,0,0,38,14,7,45,65476,0,300,0,0,8,21553,0.0,-107605600.0,0.0,0.0,0.0,0.0,0.0,0.0,0.0,0.0,0.0,0.0,0.0,0.0,0.0,0.0,0.0,0.0,0.0,0.0,0.0,0.0,-2.004,0.0,2.004,-2.004,0.0,0.0,0.0,0.0,5047.0,0.0,0.0,-107615288.0,-107615296.0,-0.0,2.718429300292151e+23,0.0,0.0,0.0,0.0,53,-0.0,2.71841759093312e+23,0.0,0.0,0.0,0.0,0.0,0.0,0.0,0,0,0,0.0,0.0,0.0,0.0,0.0,0.0,0.0,0.0,0.0,0.0,0.0,0.0,0.0,0.0,0.0,0.0,0,-107875648.0,53,0.0,106,-107614832.0,-0.0,ERR,ERR,ERR,ERR,ERR,ERR,ERR,ERR,ERR,ERR,ERR,ERR,ERR,ERR,ERR,ERR,ERR,ERR,ERR,ERR,ERR,ERR,ERR,ERR,ERR,ERR,ERR,ERR,ERR,ERR,ERR,ERR,ERR,ERR,ERR,ERR,ERR,ERR,ERR,ERR,ERR,ERR,ERR,ERR,ERR,ERR,ERR,ERR,ERR,ERR,ERR,ERR,ERR,ERR,ERR,ERR,ERR,ERR,ERR,ERR,ERR,ERR,ERR,ERR,ERR,ERR,ERR,50.0,60.0,100,0.0,0.0,0.0,0.0,0.0,0.0,0.0,0.0,0.0,0.0,0.0,0.0,0.0,0.0,0.0,0.0,62.0,75,13,65511,50,65476,0,300,0,0,8,20529,65476,0,0,26214,60.0,0.0,0.0,0.0,0.0,0.0
2026-05-17T18:05:06,ERR,ERR,ERR,ERR,ERR,ERR,ERR,ERR,ERR,ERR,ERR,ERR,ERR,ERR,ERR,ERR,ERR,ERR,ERR,ERR,ERR,ERR,ERR,ERR,ERR,ERR,ERR,ERR,ERR,ERR,ERR,ERR,ERR,ERR,ERR,ERR,ERR,ERR,ERR,ERR,ERR,ERR,ERR,ERR,ERR,ERR,ERR,ERR,ERR,ERR,ERR,ERR,ERR,ERR,ERR,ERR,ERR,ERR,ERR,ERR,ERR,ERR,ERR,ERR,ERR,ERR,ERR,ERR,ERR,ERR,ERR,ERR,ERR,ERR,ERR,ERR,ERR,ERR,ERR,ERR,ERR,ERR,ERR,ERR,ERR,ERR,ERR,ERR,ERR,ERR,ERR,ERR,ERR,ERR,ERR,ERR,ERR,ERR,ERR,ERR,ERR,ERR,ERR,ERR,ERR,ERR,ERR,ERR,ERR,ERR,ERR,ERR,ERR,ERR,ERR,ERR,ERR,ERR,ERR,ERR,ERR,ERR,ERR,ERR,ERR,-107615288.0,-0.0,-134474944.0,0.0,0.0,1.3936040501711995e+18,7.805,0.0,0,0,4,0,8422,0.0,45,0.0,0.0,0.0,0.0,0.0,0,0,0,0,0.0,0,0,0,0,0,0,0,0,0,0,0,0,0,0,0,0,0,0,0,0,0,0,0,0,0,0,0,0,0,0,0,0,0,38,14,7,45,65476,0,300,0,0,8,21553,0.0,-107605600.0,0.0,0.0,0.0,0.0,0.0,0.0,0.0,0.0,0.0,0.0,0.0,0.0,0.0,0.0,0.0,0.0,0.0,0.0,0.0,0.0,-2.004,-2.004,2.004,-2.004,0.0,0.0,0.0,0.0,5049.0,-0.0,0.0,-107615288.0,-107615296.0,-0.0,0.0,0.0,0.0,0.0,0.0,53,-0.0,-0.0,0.0,0.0,0.0,0.0,0.0,0.0,0.0,0,0,0,0.0,0.0,0.0,0.0,0.0,0.0,0.0,0.0,0.0,0.0,0.0,0.0,0.0,0.0,0.0,0.0,0,-107875648.0,53,0.0,106,-107614832.0,-0.0,ERR,ERR,ERR,ERR,ERR,ERR,ERR,ERR,ERR,ERR,ERR,ERR,ERR,ERR,ERR,ERR,ERR,ERR,ERR,ERR,ERR,ERR,ERR,ERR,ERR,ERR,ERR,ERR,ERR,ERR,ERR,ERR,ERR,ERR,ERR,ERR,ERR,ERR,ERR,ERR,ERR,ERR,ERR,ERR,ERR,ERR,ERR,ERR,ERR,ERR,ERR,ERR,ERR,ERR,ERR,ERR,ERR,ERR,ERR,ERR,ERR,ERR,ERR,ERR,ERR,ERR,ERR,50.0,60.0,100,0.0,0.0,0.0,0.0,0.0,0.0,0.0,0.0,0.0,0.0,0.0,0.0,0.0,0.0,0.0,0.0,62.0,75,13,65511,50,65476,0,300,0,0,8,20529,65476,0,0,26214,60.0,0.0,0.0,0.0,0.0,0.0
2026-05-17T18:05:07,ERR,ERR,ERR,ERR,ERR,ERR,ERR,ERR,ERR,ERR,ERR,ERR,ERR,ERR,ERR,ERR,ERR,ERR,ERR,ERR,ERR,ERR,ERR,ERR,ERR,ERR,ERR,ERR,ERR,ERR,ERR,ERR,ERR,ERR,ERR,ERR,ERR,ERR,ERR,ERR,ERR,ERR,ERR,ERR,ERR,ERR,ERR,ERR,ERR,ERR,ERR,ERR,ERR,ERR,ERR,ERR,ERR,ERR,ERR,ERR,ERR,ERR,ERR,ERR,ERR,ERR,ERR,ERR,ERR,ERR,ERR,ERR,ERR,ERR,ERR,ERR,ERR,ERR,ERR,ERR,ERR,ERR,ERR,ERR,ERR,ERR,ERR,ERR,ERR,ERR,ERR,ERR,ERR,ERR,ERR,ERR,ERR,ERR,ERR,ERR,ERR,ERR,ERR,ERR,ERR,ERR,ERR,ERR,ERR,ERR,ERR,ERR,ERR,ERR,ERR,ERR,ERR,ERR,ERR,ERR,ERR,ERR,ERR,ERR,ERR,-107615288.0,-0.0,-134474944.0,0.0,0.0,1.3936040501711995e+18,7.805,0.0,0,0,4,0,8422,0.0,45,0.0,0.0,0.0,0.0,0.0,0,0,0,0,0.0,0,0,0,0,0,0,0,0,0,0,0,0,0,0,0,0,0,0,0,0,0,0,0,0,0,0,0,0,0,0,0,0,0,38,14,7,45,65476,0,300,0,0,8,21553,0.0,-107605600.0,0.0,0.0,0.0,0.0,0.0,0.0,0.0,0.0,0.0,0.0,0.0,0.0,0.0,0.0,0.0,0.0,0.0,0.0,0.0,0.0,-2.004,-2.004,2.004,-2.004,0.0,0.0,0.0,0.0,5049.0,-0.0,0.0,-107615288.0,-107615296.0,-0.0,0.0,0.0,0.0,0.0,0.0,53,-0.0,-0.0,0.0,0.0,0.0,0.0,0.0,0.0,0.0,0,0,0,0.0,0.0,0.0,0.0,0.0,0.0,0.0,0.0,0.0,0.0,0.0,0.0,0.0,0.0,0.0,0.0,0,-107875648.0,53,0.0,106,-107614832.0,-0.0,ERR,ERR,ERR,ERR,ERR,ERR,ERR,ERR,ERR,ERR,ERR,ERR,ERR,ERR,ERR,ERR,ERR,ERR,ERR,ERR,ERR,ERR,ERR,ERR,ERR,ERR,ERR,ERR,ERR,ERR,ERR,ERR,ERR,ERR,ERR,ERR,ERR,ERR,ERR,ERR,ERR,ERR,ERR,ERR,ERR,ERR,ERR,ERR,ERR,ERR,ERR,ERR,ERR,ERR,ERR,ERR,ERR,ERR,ERR,ERR,ERR,ERR,ERR,ERR,ERR,ERR,ERR,50.0,60.0,100,0.0,0.0,0.0,0.0,0.0,0.0,0.0,0.0,0.0,0.0,0.0,0.0,0.0,0.0,0.0,0.0,62.0,75,13,65511,50,65476,0,300,0,0,8,20529,65476,0,0,26214,60.0,0.0,0.0,0.0,0.0,0.0
2026-05-17T18:05:08,ERR,ERR,ERR,ERR,ERR,ERR,ERR,ERR,ERR,ERR,ERR,ERR,ERR,ERR,ERR,ERR,ERR,ERR,ERR,ERR,ERR,ERR,ERR,ERR,ERR,ERR,ERR,ERR,ERR,ERR,ERR,ERR,ERR,ERR,ERR,ERR,ERR,ERR,ERR,ERR,ERR,ERR,ERR,ERR,ERR,ERR,ERR,ERR,ERR,ERR,ERR,ERR,ERR,ERR,ERR,ERR,ERR,ERR,ERR,ERR,ERR,ERR,ERR,ERR,ERR,ERR,ERR,ERR,ERR,ERR,ERR,ERR,ERR,ERR,ERR,ERR,ERR,ERR,ERR,ERR,ERR,ERR,ERR,ERR,ERR,ERR,ERR,ERR,ERR,ERR,ERR,ERR,ERR,ERR,ERR,ERR,ERR,ERR,ERR,ERR,ERR,ERR,ERR,ERR,ERR,ERR,ERR,ERR,ERR,ERR,ERR,ERR,ERR,ERR,ERR,ERR,ERR,ERR,ERR,ERR,ERR,ERR,ERR,ERR,ERR,-107615288.0,-0.0,-134474944.0,0.0,0.0,1.3936040501711995e+18,7.805,0.0,0,0,4,0,8422,0.0,45,0.0,0.0,0.0,0.0,0.0,0,0,0,0,0.0,0,0,0,0,0,0,0,0,0,0,0,0,0,0,0,0,0,0,0,0,0,0,0,0,0,0,0,0,0,0,0,0,0,38,14,7,45,65476,0,300,0,0,8,21553,0.0,-107605600.0,0.0,0.0,0.0,0.0,0.0,0.0,0.0,0.0,0.0,0.0,0.0,0.0,0.0,0.0,0.0,0.0,0.0,0.0,0.0,0.0,-2.004,-2.004,2.004,-2.004,0.0,0.0,0.0,0.0,5049.0,-0.0,0.0,-107615288.0,-107615296.0,-0.0,0.0,0.0,0.0,0.0,0.0,53,-0.0,-0.0,0.0,0.0,0.0,0.0,0.0,0.0,0.0,0,0,0,0.0,0.0,0.0,0.0,0.0,0.0,0.0,0.0,0.0,0.0,0.0,0.0,0.0,0.0,0.0,0.0,0,-107875648.0,53,0.0,106,-107614832.0,-0.0,ERR,ERR,ERR,ERR,ERR,ERR,ERR,ERR,ERR,ERR,ERR,ERR,ERR,ERR,ERR,ERR,ERR,ERR,ERR,ERR,ERR,ERR,ERR,ERR,ERR,ERR,ERR,ERR,ERR,ERR,ERR,ERR,ERR,ERR,ERR,ERR,ERR,ERR,ERR,ERR,ERR,ERR,ERR,ERR,ERR,ERR,ERR,ERR,ERR,ERR,ERR,ERR,ERR,ERR,ERR,ERR,ERR,ERR,ERR,ERR,ERR,ERR,ERR,ERR,ERR,ERR,ERR,50.0,60.0,100,0.0,0.0,0.0,0.0,0.0,0.0,0.0,0.0,0.0,0.0,0.0,0.0,0.0,0.0,0.0,0.0,61.6,75,13,65511,50,65476,0,300,0,0,8,20529,65476,0,0,26214,60.0,0.0,0.0,0.0,0.0,0.0
2026-05-17T18:05:09,ERR,ERR,ERR,ERR,ERR,ERR,ERR,ERR,ERR,ERR,ERR,ERR,ERR,ERR,ERR,ERR,ERR,ERR,ERR,ERR,ERR,ERR,ERR,ERR,ERR,ERR,ERR,ERR,ERR,ERR,ERR,ERR,ERR,ERR,ERR,ERR,ERR,ERR,ERR,ERR,ERR,ERR,ERR,ERR,ERR,ERR,ERR,ERR,ERR,ERR,ERR,ERR,ERR,ERR,ERR,ERR,ERR,ERR,ERR,ERR,ERR,ERR,ERR,ERR,ERR,ERR,ERR,ERR,ERR,ERR,ERR,ERR,ERR,ERR,ERR,ERR,ERR,ERR,ERR,ERR,ERR,ERR,ERR,ERR,ERR,ERR,ERR,ERR,ERR,ERR,ERR,ERR,ERR,ERR,ERR,ERR,ERR,ERR,ERR,ERR,ERR,ERR,ERR,ERR,ERR,ERR,ERR,ERR,ERR,ERR,ERR,ERR,ERR,ERR,ERR,ERR,ERR,ERR,ERR,ERR,ERR,ERR,ERR,ERR,ERR,-107615288.0,-0.0,-134474944.0,0.0,0.0,1.3936040501711995e+18,7.805,0.0,0,0,4,0,8422,0.0,45,0.0,0.0,0.0,0.0,0.0,0,0,0,0,0.0,0,0,0,0,0,0,0,0,0,0,0,0,0,0,0,0,0,0,0,0,0,0,0,0,0,0,0,0,0,0,0,0,0,38,14,7,45,65476,0,300,0,0,8,21553,0.0,-107605600.0,0.0,0.0,0.0,0.0,0.0,0.0,0.0,0.0,0.0,0.0,0.0,0.0,0.0,0.0,0.0,0.0,0.0,0.0,0.0,0.0,-2.004,-2.004,2.004,-2.004,0.0,0.0,0.0,0.0,5049.0,-0.0,0.0,-107615288.0,-107615296.0,-0.0,0.0,0.0,0.0,0.0,0.0,53,-0.0,-0.0,0.0,0.0,0.0,0.0,0.0,0.0,0.0,0,0,0,0.0,0.0,0.0,0.0,0.0,0.0,0.0,0.0,0.0,0.0,0.0,0.0,0.0,0.0,0.0,0.0,0,-107875648.0,53,0.0,106,-107614832.0,-0.0,ERR,ERR,ERR,ERR,ERR,ERR,ERR,ERR,ERR,ERR,ERR,ERR,ERR,ERR,ERR,ERR,ERR,ERR,ERR,ERR,ERR,ERR,ERR,ERR,ERR,ERR,ERR,ERR,ERR,ERR,ERR,ERR,ERR,ERR,ERR,ERR,ERR,ERR,ERR,ERR,ERR,ERR,ERR,ERR,ERR,ERR,ERR,ERR,ERR,ERR,ERR,ERR,ERR,ERR,ERR,ERR,ERR,ERR,ERR,ERR,ERR,ERR,ERR,ERR,ERR,ERR,ERR,50.0,60.0,100,0.0,0.0,0.0,0.0,0.0,0.0,0.0,0.0,0.0,0.0,0.0,0.0,0.0,0.0,0.0,0.0,61.6,75,13,65511,50,65476,0,300,0,0,8,20529,65476,0,0,26214,60.0,0.0,0.0,0.0,0.0,0.0
2026-05-17T18:05:10,ERR,ERR,ERR,ERR,ERR,ERR,ERR,ERR,ERR,ERR,ERR,ERR,ERR,ERR,ERR,ERR,ERR,ERR,ERR,ERR,ERR,ERR,ERR,ERR,ERR,ERR,ERR,ERR,ERR,ERR,ERR,ERR,ERR,ERR,ERR,ERR,ERR,ERR,ERR,ERR,ERR,ERR,ERR,ERR,ERR,ERR,ERR,ERR,ERR,ERR,ERR,ERR,ERR,ERR,ERR,ERR,ERR,ERR,ERR,ERR,ERR,ERR,ERR,ERR,ERR,ERR,ERR,ERR,ERR,ERR,ERR,ERR,ERR,ERR,ERR,ERR,ERR,ERR,ERR,ERR,ERR,ERR,ERR,ERR,ERR,ERR,ERR,ERR,ERR,ERR,ERR,ERR,ERR,ERR,ERR,ERR,ERR,ERR,ERR,ERR,ERR,ERR,ERR,ERR,ERR,ERR,ERR,ERR,ERR,ERR,ERR,ERR,ERR,ERR,ERR,ERR,ERR,ERR,ERR,ERR,ERR,ERR,ERR,ERR,ERR,-107615288.0,-0.0,-134474944.0,0.0,0.0,1.3936040501711995e+18,7.805,0.0,0,0,4,0,8422,0.0,45,0.0,0.0,0.0,0.0,0.0,0,0,0,0,0.0,0,0,0,0,0,0,0,0,0,0,0,0,0,0,0,0,0,0,0,0,0,0,0,0,0,0,0,0,0,0,0,0,0,38,14,7,45,65476,0,300,0,0,8,21553,0.0,-107605600.0,0.0,0.0,0.0,0.0,0.0,0.0,0.0,0.0,0.0,0.0,0.0,0.0,0.0,0.0,0.0,0.0,0.0,0.0,0.0,0.0,-2.004,-2.004,2.004,-2.004,0.0,0.0,0.0,0.0,5049.0,-0.0,0.0,-107615288.0,-107615296.0,-0.0,0.0,0.0,0.0,0.0,0.0,53,-0.0,-0.0,0.0,0.0,0.0,0.0,0.0,0.0,0.0,0,0,0,0.0,0.0,0.0,0.0,0.0,0.0,0.0,0.0,0.0,0.0,0.0,0.0,0.0,0.0,0.0,0.0,0,-107875648.0,53,0.0,106,-107614832.0,-0.0,ERR,ERR,ERR,ERR,ERR,ERR,ERR,ERR,ERR,ERR,ERR,ERR,ERR,ERR,ERR,ERR,ERR,ERR,ERR,ERR,ERR,ERR,ERR,ERR,ERR,ERR,ERR,ERR,ERR,ERR,ERR,ERR,ERR,ERR,ERR,ERR,ERR,ERR,ERR,ERR,ERR,ERR,ERR,ERR,ERR,ERR,ERR,ERR,ERR,ERR,ERR,ERR,ERR,ERR,ERR,ERR,ERR,ERR,ERR,ERR,ERR,ERR,ERR,ERR,ERR,ERR,ERR,50.0,60.0,100,0.0,0.0,0.0,0.0,0.0,0.0,0.0,0.0,0.0,0.0,0.0,0.0,0.0,0.0,0.0,0.0,61.6,75,13,65511,50,65476,0,300,0,0,8,20529,65476,0,0,26214,60.0,0.0,0.0,0.0,0.0,0.0
2026-05-17T18:05:11,ERR,ERR,ERR,ERR,ERR,ERR,ERR,ERR,ERR,ERR,ERR,ERR,ERR,ERR,ERR,ERR,ERR,ERR,ERR,ERR,ERR,ERR,ERR,ERR,ERR,ERR,ERR,ERR,ERR,ERR,ERR,ERR,ERR,ERR,ERR,ERR,ERR,ERR,ERR,ERR,ERR,ERR,ERR,ERR,ERR,ERR,ERR,ERR,ERR,ERR,ERR,ERR,ERR,ERR,ERR,ERR,ERR,ERR,ERR,ERR,ERR,ERR,ERR,ERR,ERR,ERR,ERR,ERR,ERR,ERR,ERR,ERR,ERR,ERR,ERR,ERR,ERR,ERR,ERR,ERR,ERR,ERR,ERR,ERR,ERR,ERR,ERR,ERR,ERR,ERR,ERR,ERR,ERR,ERR,ERR,ERR,ERR,ERR,ERR,ERR,ERR,ERR,ERR,ERR,ERR,ERR,ERR,ERR,ERR,ERR,ERR,ERR,ERR,ERR,ERR,ERR,ERR,ERR,ERR,ERR,ERR,ERR,ERR,ERR,ERR,-107615288.0,-0.0,-134474944.0,0.0,0.0,1.3936040501711995e+18,7.805,0.0,0,0,4,0,8422,0.0,45,0.0,0.0,0.0,0.0,0.0,0,0,0,0,0.0,0,0,0,0,0,0,0,0,0,0,0,0,0,0,0,0,0,0,0,0,0,0,0,0,0,0,0,0,0,0,0,0,0,38,14,7,45,65476,0,300,0,0,8,21553,0.0,-107605600.0,0.0,0.0,0.0,0.0,0.0,0.0,0.0,0.0,0.0,0.0,0.0,0.0,0.0,0.0,0.0,0.0,0.0,0.0,0.0,0.0,-2.004,-2.004,-0.0,-2.004,0.0,0.0,0.0,0.0,5047.0,131350.453,0.0,-107615288.0,-0.0,-0.0,2.718429300292151e+23,0.0,0.0,0.0,0.0,53,-0.0,126840545280.0,0.0,0.0,0.0,0.0,0.0,0.0,0.0,0,0,0,0.0,0.0,0.0,0.0,0.0,0.0,0.0,0.0,0.0,0.0,0.0,0.0,0.0,0.0,0.0,0.0,0,-107875648.0,53,0.0,106,-107614832.0,-0.0,ERR,ERR,ERR,ERR,ERR,ERR,ERR,ERR,ERR,ERR,ERR,ERR,ERR,ERR,ERR,ERR,ERR,ERR,ERR,ERR,ERR,ERR,ERR,ERR,ERR,ERR,ERR,ERR,ERR,ERR,ERR,ERR,ERR,ERR,ERR,ERR,ERR,ERR,ERR,ERR,ERR,ERR,ERR,ERR,ERR,ERR,ERR,ERR,ERR,ERR,ERR,ERR,ERR,ERR,ERR,ERR,ERR,ERR,ERR,ERR,ERR,ERR,ERR,ERR,ERR,ERR,ERR,50.0,60.0,100,0.0,0.0,0.0,0.0,0.0,0.0,0.0,0.0,0.0,0.0,0.0,0.0,0.0,0.0,0.0,0.0,62.0,75,13,65511,50,65476,0,300,0,0,8,20529,65476,0,0,26214,60.0,0.0,0.0,0.0,0.0,0.0
2026-05-17T18:05:12,ERR,ERR,ERR,ERR,ERR,ERR,ERR,ERR,ERR,ERR,ERR,ERR,ERR,ERR,ERR,ERR,ERR,ERR,ERR,ERR,ERR,ERR,ERR,ERR,ERR,ERR,ERR,ERR,ERR,ERR,ERR,ERR,ERR,ERR,ERR,ERR,ERR,ERR,ERR,ERR,ERR,ERR,ERR,ERR,ERR,ERR,ERR,ERR,ERR,ERR,ERR,ERR,ERR,ERR,ERR,ERR,ERR,ERR,ERR,ERR,ERR,ERR,ERR,ERR,ERR,ERR,ERR,ERR,ERR,ERR,ERR,ERR,ERR,ERR,ERR,ERR,ERR,ERR,ERR,ERR,ERR,ERR,ERR,ERR,ERR,ERR,ERR,ERR,ERR,ERR,ERR,ERR,ERR,ERR,ERR,ERR,ERR,ERR,ERR,ERR,ERR,ERR,ERR,ERR,ERR,ERR,ERR,ERR,ERR,ERR,ERR,ERR,ERR,ERR,ERR,ERR,ERR,ERR,ERR,ERR,ERR,ERR,ERR,ERR,ERR,-107615288.0,-0.0,-134474944.0,0.0,0.0,1.3936040501711995e+18,7.805,0.0,0,0,4,0,8422,0.0,45,0.0,0.0,0.0,0.0,0.0,0,0,0,0,0.0,0,0,0,0,0,0,0,0,0,0,0,0,0,0,0,0,0,0,0,0,0,0,0,0,0,0,0,0,0,0,0,0,0,38,14,7,45,65476,0,300,0,0,8,21553,0.0,-107605600.0,0.0,0.0,0.0,0.0,0.0,0.0,0.0,0.0,0.0,0.0,0.0,0.0,0.0,0.0,0.0,0.0,0.0,0.0,0.0,0.0,-2.004,-2.004,-0.0,-2.004,0.0,0.0,0.0,0.0,5047.0,131350.453,0.0,-107615288.0,-0.0,-0.0,2.718429300292151e+23,0.0,0.0,0.0,0.0,53,-0.0,126840545280.0,0.0,0.0,0.0,0.0,0.0,0.0,0.0,0,0,0,0.0,0.0,0.0,0.0,0.0,0.0,0.0,0.0,0.0,0.0,0.0,0.0,0.0,0.0,0.0,0.0,0,-107875648.0,53,0.0,106,-107614832.0,-0.0,ERR,ERR,ERR,ERR,ERR,ERR,ERR,ERR,ERR,ERR,ERR,ERR,ERR,ERR,ERR,ERR,ERR,ERR,ERR,ERR,ERR,ERR,ERR,ERR,ERR,ERR,ERR,ERR,ERR,ERR,ERR,ERR,ERR,ERR,ERR,ERR,ERR,ERR,ERR,ERR,ERR,ERR,ERR,ERR,ERR,ERR,ERR,ERR,ERR,ERR,ERR,ERR,ERR,ERR,ERR,ERR,ERR,ERR,ERR,ERR,ERR,ERR,ERR,ERR,ERR,ERR,ERR,50.0,60.0,100,0.0,0.0,0.0,0.0,0.0,0.0,0.0,0.0,0.0,0.0,0.0,0.0,0.0,0.0,0.0,0.0,62.0,75,13,65511,50,65476,0,300,0,0,8,20529,65476,0,0,26214,60.0,0.0,0.0,0.0,0.0,0.0
2026-05-17T18:05:13,ERR,ERR,ERR,ERR,ERR,ERR,ERR,ERR,ERR,ERR,ERR,ERR,ERR,ERR,ERR,ERR,ERR,ERR,ERR,ERR,ERR,ERR,ERR,ERR,ERR,ERR,ERR,ERR,ERR,ERR,ERR,ERR,ERR,ERR,ERR,ERR,ERR,ERR,ERR,ERR,ERR,ERR,ERR,ERR,ERR,ERR,ERR,ERR,ERR,ERR,ERR,ERR,ERR,ERR,ERR,ERR,ERR,ERR,ERR,ERR,ERR,ERR,ERR,ERR,ERR,ERR,ERR,ERR,ERR,ERR,ERR,ERR,ERR,ERR,ERR,ERR,ERR,ERR,ERR,ERR,ERR,ERR,ERR,ERR,ERR,ERR,ERR,ERR,ERR,ERR,ERR,ERR,ERR,ERR,ERR,ERR,ERR,ERR,ERR,ERR,ERR,ERR,ERR,ERR,ERR,ERR,ERR,ERR,ERR,ERR,ERR,ERR,ERR,ERR,ERR,ERR,ERR,ERR,ERR,ERR,ERR,ERR,ERR,ERR,ERR,-107615288.0,-0.0,-134474944.0,0.0,0.0,1.3936040501711995e+18,7.805,0.0,0,0,4,0,8422,0.0,45,0.0,0.0,0.0,0.0,0.0,0,0,0,0,0.0,0,0,0,0,0,0,0,0,0,0,0,0,0,0,0,0,0,0,0,0,0,0,0,0,0,0,0,0,0,0,0,0,0,38,14,7,45,65476,0,300,0,0,8,21553,0.0,-107605600.0,0.0,0.0,0.0,0.0,0.0,0.0,0.0,0.0,0.0,0.0,0.0,0.0,0.0,0.0,0.0,0.0,0.0,0.0,0.0,0.0,-2.004,-2.004,-0.0,-2.004,0.0,0.0,0.0,0.0,5047.0,131350.453,0.0,-107615288.0,-0.0,-0.0,2.718429300292151e+23,0.0,0.0,0.0,0.0,53,-0.0,126840545280.0,0.0,0.0,0.0,0.0,0.0,0.0,0.0,0,0,0,0.0,0.0,0.0,0.0,0.0,0.0,0.0,0.0,0.0,0.0,0.0,0.0,0.0,0.0,0.0,0.0,0,-107875648.0,53,0.0,106,-107614832.0,-0.0,ERR,ERR,ERR,ERR,ERR,ERR,ERR,ERR,ERR,ERR,ERR,ERR,ERR,ERR,ERR,ERR,ERR,ERR,ERR,ERR,ERR,ERR,ERR,ERR,ERR,ERR,ERR,ERR,ERR,ERR,ERR,ERR,ERR,ERR,ERR,ERR,ERR,ERR,ERR,ERR,ERR,ERR,ERR,ERR,ERR,ERR,ERR,ERR,ERR,ERR,ERR,ERR,ERR,ERR,ERR,ERR,ERR,ERR,ERR,ERR,ERR,ERR,ERR,ERR,ERR,ERR,ERR,50.0,60.0,100,0.0,0.0,0.0,0.0,0.0,0.0,0.0,0.0,0.0,0.0,0.0,0.0,0.0,0.0,0.0,0.0,61.6,75,13,65511,50,65476,0,300,0,0,8,20529,65476,0,0,26214,60.0,0.0,0.0,0.0,0.0,0.0
2026-05-17T18:05:14,ERR,ERR,ERR,ERR,ERR,ERR,ERR,ERR,ERR,ERR,ERR,ERR,ERR,ERR,ERR,ERR,ERR,ERR,ERR,ERR,ERR,ERR,ERR,ERR,ERR,ERR,ERR,ERR,ERR,ERR,ERR,ERR,ERR,ERR,ERR,ERR,ERR,ERR,ERR,ERR,ERR,ERR,ERR,ERR,ERR,ERR,ERR,ERR,ERR,ERR,ERR,ERR,ERR,ERR,ERR,ERR,ERR,ERR,ERR,ERR,ERR,ERR,ERR,ERR,ERR,ERR,ERR,ERR,ERR,ERR,ERR,ERR,ERR,ERR,ERR,ERR,ERR,ERR,ERR,ERR,ERR,ERR,ERR,ERR,ERR,ERR,ERR,ERR,ERR,ERR,ERR,ERR,ERR,ERR,ERR,ERR,ERR,ERR,ERR,ERR,ERR,ERR,ERR,ERR,ERR,ERR,ERR,ERR,ERR,ERR,ERR,ERR,ERR,ERR,ERR,ERR,ERR,ERR,ERR,ERR,ERR,ERR,ERR,ERR,ERR,-107615288.0,-0.0,-134474944.0,0.0,0.0,1.3936040501711995e+18,7.805,0.0,0,0,4,0,8422,0.0,45,0.0,0.0,0.0,0.0,0.0,0,0,0,0,0.0,0,0,0,0,0,0,0,0,0,0,0,0,0,0,0,0,0,0,0,0,0,0,0,0,0,0,0,0,0,0,0,0,0,38,14,7,45,65476,0,300,0,0,8,21553,0.0,-107605600.0,0.0,0.0,0.0,0.0,0.0,0.0,0.0,0.0,0.0,0.0,0.0,0.0,0.0,0.0,0.0,0.0,0.0,0.0,0.0,0.0,-2.004,-2.004,-0.0,-2.004,0.0,0.0,0.0,0.0,5047.0,131350.453,0.0,-107615288.0,-0.0,-0.0,2.718429300292151e+23,0.0,0.0,0.0,0.0,53,-0.0,126840545280.0,0.0,0.0,0.0,0.0,0.0,0.0,0.0,0,0,0,0.0,0.0,0.0,0.0,0.0,0.0,0.0,0.0,0.0,0.0,0.0,0.0,0.0,0.0,0.0,0.0,0,-107875648.0,53,0.0,106,-107614832.0,-0.0,ERR,ERR,ERR,ERR,ERR,ERR,ERR,ERR,ERR,ERR,ERR,ERR,ERR,ERR,ERR,ERR,ERR,ERR,ERR,ERR,ERR,ERR,ERR,ERR,ERR,ERR,ERR,ERR,ERR,ERR,ERR,ERR,ERR,ERR,ERR,ERR,ERR,ERR,ERR,ERR,ERR,ERR,ERR,ERR,ERR,ERR,ERR,ERR,ERR,ERR,ERR,ERR,ERR,ERR,ERR,ERR,ERR,ERR,ERR,ERR,ERR,ERR,ERR,ERR,ERR,ERR,ERR,50.0,60.0,100,0.0,0.0,0.0,0.0,0.0,0.0,0.0,0.0,0.0,0.0,0.0,0.0,0.0,0.0,0.0,0.0,61.6,75,13,65511,50,65476,0,300,0,0,8,20529,65476,0,0,26214,60.0,0.0,0.0,0.0,0.0,0.0
2026-05-17T18:05:15,ERR,ERR,ERR,ERR,ERR,ERR,ERR,ERR,ERR,ERR,ERR,ERR,ERR,ERR,ERR,ERR,ERR,ERR,ERR,ERR,ERR,ERR,ERR,ERR,ERR,ERR,ERR,ERR,ERR,ERR,ERR,ERR,ERR,ERR,ERR,ERR,ERR,ERR,ERR,ERR,ERR,ERR,ERR,ERR,ERR,ERR,ERR,ERR,ERR,ERR,ERR,ERR,ERR,ERR,ERR,ERR,ERR,ERR,ERR,ERR,ERR,ERR,ERR,ERR,ERR,ERR,ERR,ERR,ERR,ERR,ERR,ERR,ERR,ERR,ERR,ERR,ERR,ERR,ERR,ERR,ERR,ERR,ERR,ERR,ERR,ERR,ERR,ERR,ERR,ERR,ERR,ERR,ERR,ERR,ERR,ERR,ERR,ERR,ERR,ERR,ERR,ERR,ERR,ERR,ERR,ERR,ERR,ERR,ERR,ERR,ERR,ERR,ERR,ERR,ERR,ERR,ERR,ERR,ERR,ERR,ERR,ERR,ERR,ERR,ERR,-107615288.0,-0.0,-134474944.0,0.0,0.0,1.3936040501711995e+18,7.805,0.0,0,0,4,0,8422,0.0,45,0.0,0.0,0.0,0.0,0.0,0,0,0,0,0.0,0,0,0,0,0,0,0,0,0,0,0,0,0,0,0,0,0,0,0,0,0,0,0,0,0,0,0,0,0,0,0,0,0,38,14,7,45,65476,0,300,0,0,8,21553,0.0,-107605600.0,0.0,0.0,0.0,0.0,0.0,0.0,0.0,0.0,0.0,0.0,0.0,0.0,0.0,0.0,0.0,0.0,0.0,0.0,0.0,0.0,-2.004,-2.004,-0.0,-2.004,0.0,0.0,0.0,0.0,5047.0,131350.453,0.0,-107615288.0,-0.0,-0.0,2.718429300292151e+23,0.0,0.0,0.0,0.0,53,-0.0,126840545280.0,0.0,0.0,0.0,0.0,0.0,0.0,0.0,0,0,0,0.0,0.0,0.0,0.0,0.0,0.0,0.0,0.0,0.0,0.0,0.0,0.0,0.0,0.0,0.0,0.0,0,-107875648.0,53,0.0,106,-107614832.0,-0.0,ERR,ERR,ERR,ERR,ERR,ERR,ERR,ERR,ERR,ERR,ERR,ERR,ERR,ERR,ERR,ERR,ERR,ERR,ERR,ERR,ERR,ERR,ERR,ERR,ERR,ERR,ERR,ERR,ERR,ERR,ERR,ERR,ERR,ERR,ERR,ERR,ERR,ERR,ERR,ERR,ERR,ERR,ERR,ERR,ERR,ERR,ERR,ERR,ERR,ERR,ERR,ERR,ERR,ERR,ERR,ERR,ERR,ERR,ERR,ERR,ERR,ERR,ERR,ERR,ERR,ERR,ERR,50.0,60.0,100,0.0,0.0,0.0,0.0,0.0,0.0,0.0,0.0,0.0,0.0,0.0,0.0,0.0,0.0,0.0,0.0,61.6,75,13,65511,50,65476,0,300,0,0,8,20529,65476,0,0,26214,60.0,0.0,0.0,0.0,0.0,0.0
2026-05-17T18:05:16,ERR,ERR,ERR,ERR,ERR,ERR,ERR,ERR,ERR,ERR,ERR,ERR,ERR,ERR,ERR,ERR,ERR,ERR,ERR,ERR,ERR,ERR,ERR,ERR,ERR,ERR,ERR,ERR,ERR,ERR,ERR,ERR,ERR,ERR,ERR,ERR,ERR,ERR,ERR,ERR,ERR,ERR,ERR,ERR,ERR,ERR,ERR,ERR,ERR,ERR,ERR,ERR,ERR,ERR,ERR,ERR,ERR,ERR,ERR,ERR,ERR,ERR,ERR,ERR,ERR,ERR,ERR,ERR,ERR,ERR,ERR,ERR,ERR,ERR,ERR,ERR,ERR,ERR,ERR,ERR,ERR,ERR,ERR,ERR,ERR,ERR,ERR,ERR,ERR,ERR,ERR,ERR,ERR,ERR,ERR,ERR,ERR,ERR,ERR,ERR,ERR,ERR,ERR,ERR,ERR,ERR,ERR,ERR,ERR,ERR,ERR,ERR,ERR,ERR,ERR,ERR,ERR,ERR,ERR,ERR,ERR,ERR,ERR,ERR,ERR,-107615288.0,-0.0,-134474944.0,0.0,0.0,1.3936040501711995e+18,7.805,0.0,0,0,4,0,8422,0.0,45,0.0,0.0,0.0,0.0,0.0,0,0,0,0,0.0,0,0,0,0,0,0,0,0,0,0,0,0,0,0,0,0,0,0,0,0,0,0,0,0,0,0,0,0,0,0,0,0,0,38,14,7,45,65476,0,300,0,0,8,21553,0.0,-107605600.0,0.0,0.0,0.0,0.0,0.0,0.0,0.0,0.0,0.0,0.0,0.0,0.0,0.0,0.0,0.0,0.0,0.0,0.0,0.0,0.0,-2.004,0.0,2.004,-2.004,0.0,0.0,0.0,0.0,5050.0,1.5879295420089355e+29,0.0,-107615288.0,-107615296.0,-0.0,2.718429300292151e+23,0.0,0.0,0.0,0.0,53,-0.0,-0.0,0.0,0.0,0.0,0.0,0.0,0.0,0.0,0,0,0,0.0,0.0,0.0,0.0,0.0,0.0,0.0,0.0,0.0,0.0,0.0,0.0,0.0,0.0,0.0,0.0,0,-107875648.0,53,0.0,106,-107614832.0,-0.0,ERR,ERR,ERR,ERR,ERR,ERR,ERR,ERR,ERR,ERR,ERR,ERR,ERR,ERR,ERR,ERR,ERR,ERR,ERR,ERR,ERR,ERR,ERR,ERR,ERR,ERR,ERR,ERR,ERR,ERR,ERR,ERR,ERR,ERR,ERR,ERR,ERR,ERR,ERR,ERR,ERR,ERR,ERR,ERR,ERR,ERR,ERR,ERR,ERR,ERR,ERR,ERR,ERR,ERR,ERR,ERR,ERR,ERR,ERR,ERR,ERR,ERR,ERR,ERR,ERR,ERR,ERR,50.0,60.0,100,0.0,0.0,0.0,0.0,0.0,0.0,0.0,0.0,0.0,0.0,0.0,0.0,0.0,0.0,0.0,0.0,62.0,75,13,65511,50,65476,0,300,0,0,8,20529,65476,0,0,26214,60.0,0.0,0.0,0.0,0.0,0.0
2026-05-17T18:05:17,ERR,ERR,ERR,ERR,ERR,ERR,ERR,ERR,ERR,ERR,ERR,ERR,ERR,ERR,ERR,ERR,ERR,ERR,ERR,ERR,ERR,ERR,ERR,ERR,ERR,ERR,ERR,ERR,ERR,ERR,ERR,ERR,ERR,ERR,ERR,ERR,ERR,ERR,ERR,ERR,ERR,ERR,ERR,ERR,ERR,ERR,ERR,ERR,ERR,ERR,ERR,ERR,ERR,ERR,ERR,ERR,ERR,ERR,ERR,ERR,ERR,ERR,ERR,ERR,ERR,ERR,ERR,ERR,ERR,ERR,ERR,ERR,ERR,ERR,ERR,ERR,ERR,ERR,ERR,ERR,ERR,ERR,ERR,ERR,ERR,ERR,ERR,ERR,ERR,ERR,ERR,ERR,ERR,ERR,ERR,ERR,ERR,ERR,ERR,ERR,ERR,ERR,ERR,ERR,ERR,ERR,ERR,ERR,ERR,ERR,ERR,ERR,ERR,ERR,ERR,ERR,ERR,ERR,ERR,ERR,ERR,ERR,ERR,ERR,ERR,-107615288.0,-0.0,-134474944.0,0.0,0.0,1.3936040501711995e+18,7.805,0.0,0,0,4,0,8422,0.0,45,0.0,0.0,0.0,0.0,0.0,0,0,0,0,0.0,0,0,0,0,0,0,0,0,0,0,0,0,0,0,0,0,0,0,0,0,0,0,0,0,0,0,0,0,0,0,0,0,0,38,14,7,45,65476,0,300,0,0,8,21553,0.0,-107605600.0,0.0,0.0,0.0,0.0,0.0,0.0,0.0,0.0,0.0,0.0,0.0,0.0,0.0,0.0,0.0,0.0,0.0,0.0,0.0,0.0,-2.004,0.0,2.004,-2.004,0.0,0.0,0.0,0.0,5050.0,1.5879295420089355e+29,0.0,-107615288.0,-107615296.0,-0.0,2.718429300292151e+23,0.0,0.0,0.0,0.0,53,-0.0,-0.0,0.0,0.0,0.0,0.0,0.0,0.0,0.0,0,0,0,0.0,0.0,0.0,0.0,0.0,0.0,0.0,0.0,0.0,0.0,0.0,0.0,0.0,0.0,0.0,0.0,0,-107875648.0,53,0.0,106,-107614832.0,-0.0,ERR,ERR,ERR,ERR,ERR,ERR,ERR,ERR,ERR,ERR,ERR,ERR,ERR,ERR,ERR,ERR,ERR,ERR,ERR,ERR,ERR,ERR,ERR,ERR,ERR,ERR,ERR,ERR,ERR,ERR,ERR,ERR,ERR,ERR,ERR,ERR,ERR,ERR,ERR,ERR,ERR,ERR,ERR,ERR,ERR,ERR,ERR,ERR,ERR,ERR,ERR,ERR,ERR,ERR,ERR,ERR,ERR,ERR,ERR,ERR,ERR,ERR,ERR,ERR,ERR,ERR,ERR,50.0,60.0,100,0.0,0.0,0.0,0.0,0.0,0.0,0.0,0.0,0.0,0.0,0.0,0.0,0.0,0.0,0.0,0.0,62.0,75,13,65511,50,65476,0,300,0,0,8,20529,65476,0,0,26214,60.0,0.0,0.0,0.0,0.0,0.0
2026-05-17T18:05:18,ERR,ERR,ERR,ERR,ERR,ERR,ERR,ERR,ERR,ERR,ERR,ERR,ERR,ERR,ERR,ERR,ERR,ERR,ERR,ERR,ERR,ERR,ERR,ERR,ERR,ERR,ERR,ERR,ERR,ERR,ERR,ERR,ERR,ERR,ERR,ERR,ERR,ERR,ERR,ERR,ERR,ERR,ERR,ERR,ERR,ERR,ERR,ERR,ERR,ERR,ERR,ERR,ERR,ERR,ERR,ERR,ERR,ERR,ERR,ERR,ERR,ERR,ERR,ERR,ERR,ERR,ERR,ERR,ERR,ERR,ERR,ERR,ERR,ERR,ERR,ERR,ERR,ERR,ERR,ERR,ERR,ERR,ERR,ERR,ERR,ERR,ERR,ERR,ERR,ERR,ERR,ERR,ERR,ERR,ERR,ERR,ERR,ERR,ERR,ERR,ERR,ERR,ERR,ERR,ERR,ERR,ERR,ERR,ERR,ERR,ERR,ERR,ERR,ERR,ERR,ERR,ERR,ERR,ERR,ERR,ERR,ERR,ERR,ERR,ERR,-107615288.0,-0.0,-134474944.0,0.0,0.0,1.3936040501711995e+18,7.805,0.0,0,0,4,0,8422,0.0,45,0.0,0.0,0.0,0.0,0.0,0,0,0,0,0.0,0,0,0,0,0,0,0,0,0,0,0,0,0,0,0,0,0,0,0,0,0,0,0,0,0,0,0,0,0,0,0,0,0,38,14,7,45,65476,0,300,0,0,8,21553,0.0,-107605600.0,0.0,0.0,0.0,0.0,0.0,0.0,0.0,0.0,0.0,0.0,0.0,0.0,0.0,0.0,0.0,0.0,0.0,0.0,0.0,0.0,-2.004,0.0,2.004,-2.004,0.0,0.0,0.0,0.0,5050.0,1.5879295420089355e+29,0.0,-107615288.0,-107615296.0,-0.0,2.718429300292151e+23,0.0,0.0,0.0,0.0,53,-0.0,-0.0,0.0,0.0,0.0,0.0,0.0,0.0,0.0,0,0,0,0.0,0.0,0.0,0.0,0.0,0.0,0.0,0.0,0.0,0.0,0.0,0.0,0.0,0.0,0.0,0.0,0,-107875648.0,53,0.0,106,-107614832.0,-0.0,ERR,ERR,ERR,ERR,ERR,ERR,ERR,ERR,ERR,ERR,ERR,ERR,ERR,ERR,ERR,ERR,ERR,ERR,ERR,ERR,ERR,ERR,ERR,ERR,ERR,ERR,ERR,ERR,ERR,ERR,ERR,ERR,ERR,ERR,ERR,ERR,ERR,ERR,ERR,ERR,ERR,ERR,ERR,ERR,ERR,ERR,ERR,ERR,ERR,ERR,ERR,ERR,ERR,ERR,ERR,ERR,ERR,ERR,ERR,ERR,ERR,ERR,ERR,ERR,ERR,ERR,ERR,50.0,60.0,100,0.0,0.0,0.0,0.0,0.0,0.0,0.0,0.0,0.0,0.0,0.0,0.0,0.0,0.0,0.0,0.0,61.6,75,13,65511,50,65476,0,300,0,0,8,20529,65476,0,0,26214,60.0,0.0,0.0,0.0,0.0,0.0
2026-05-17T18:05:19,ERR,ERR,ERR,ERR,ERR,ERR,ERR,ERR,ERR,ERR,ERR,ERR,ERR,ERR,ERR,ERR,ERR,ERR,ERR,ERR,ERR,ERR,ERR,ERR,ERR,ERR,ERR,ERR,ERR,ERR,ERR,ERR,ERR,ERR,ERR,ERR,ERR,ERR,ERR,ERR,ERR,ERR,ERR,ERR,ERR,ERR,ERR,ERR,ERR,ERR,ERR,ERR,ERR,ERR,ERR,ERR,ERR,ERR,ERR,ERR,ERR,ERR,ERR,ERR,ERR,ERR,ERR,ERR,ERR,ERR,ERR,ERR,ERR,ERR,ERR,ERR,ERR,ERR,ERR,ERR,ERR,ERR,ERR,ERR,ERR,ERR,ERR,ERR,ERR,ERR,ERR,ERR,ERR,ERR,ERR,ERR,ERR,ERR,ERR,ERR,ERR,ERR,ERR,ERR,ERR,ERR,ERR,ERR,ERR,ERR,ERR,ERR,ERR,ERR,ERR,ERR,ERR,ERR,ERR,ERR,ERR,ERR,ERR,ERR,ERR,-107615288.0,-0.0,-134474944.0,0.0,0.0,1.3936040501711995e+18,7.805,0.0,0,0,4,0,8422,0.0,45,0.0,0.0,0.0,0.0,0.0,0,0,0,0,0.0,0,0,0,0,0,0,0,0,0,0,0,0,0,0,0,0,0,0,0,0,0,0,0,0,0,0,0,0,0,0,0,0,0,38,14,7,45,65476,0,300,0,0,8,21553,0.0,-107605600.0,0.0,0.0,0.0,0.0,0.0,0.0,0.0,0.0,0.0,0.0,0.0,0.0,0.0,0.0,0.0,0.0,0.0,0.0,0.0,0.0,-2.004,0.0,2.004,-2.004,0.0,0.0,0.0,0.0,5050.0,1.5879295420089355e+29,0.0,-107615288.0,-107615296.0,-0.0,2.718429300292151e+23,0.0,0.0,0.0,0.0,53,-0.0,-0.0,0.0,0.0,0.0,0.0,0.0,0.0,0.0,0,0,0,0.0,0.0,0.0,0.0,0.0,0.0,0.0,0.0,0.0,0.0,0.0,0.0,0.0,0.0,0.0,0.0,0,-107875648.0,53,0.0,106,-107614832.0,-0.0,ERR,ERR,ERR,ERR,ERR,ERR,ERR,ERR,ERR,ERR,ERR,ERR,ERR,ERR,ERR,ERR,ERR,ERR,ERR,ERR,ERR,ERR,ERR,ERR,ERR,ERR,ERR,ERR,ERR,ERR,ERR,ERR,ERR,ERR,ERR,ERR,ERR,ERR,ERR,ERR,ERR,ERR,ERR,ERR,ERR,ERR,ERR,ERR,ERR,ERR,ERR,ERR,ERR,ERR,ERR,ERR,ERR,ERR,ERR,ERR,ERR,ERR,ERR,ERR,ERR,ERR,ERR,50.0,60.0,100,0.0,0.0,0.0,0.0,0.0,0.0,0.0,0.0,0.0,0.0,0.0,0.0,0.0,0.0,0.0,0.0,61.6,75,13,65511,50,65476,0,300,0,0,8,20529,65476,0,0,26214,60.0,0.0,0.0,0.0,0.0,0.0
2026-05-17T18:05:20,ERR,ERR,ERR,ERR,ERR,ERR,ERR,ERR,ERR,ERR,ERR,ERR,ERR,ERR,ERR,ERR,ERR,ERR,ERR,ERR,ERR,ERR,ERR,ERR,ERR,ERR,ERR,ERR,ERR,ERR,ERR,ERR,ERR,ERR,ERR,ERR,ERR,ERR,ERR,ERR,ERR,ERR,ERR,ERR,ERR,ERR,ERR,ERR,ERR,ERR,ERR,ERR,ERR,ERR,ERR,ERR,ERR,ERR,ERR,ERR,ERR,ERR,ERR,ERR,ERR,ERR,ERR,ERR,ERR,ERR,ERR,ERR,ERR,ERR,ERR,ERR,ERR,ERR,ERR,ERR,ERR,ERR,ERR,ERR,ERR,ERR,ERR,ERR,ERR,ERR,ERR,ERR,ERR,ERR,ERR,ERR,ERR,ERR,ERR,ERR,ERR,ERR,ERR,ERR,ERR,ERR,ERR,ERR,ERR,ERR,ERR,ERR,ERR,ERR,ERR,ERR,ERR,ERR,ERR,ERR,ERR,ERR,ERR,ERR,ERR,-107615288.0,-0.0,-134474944.0,0.0,0.0,1.3936040501711995e+18,7.805,0.0,0,0,4,0,8422,0.0,45,0.0,0.0,0.0,0.0,0.0,0,0,0,0,0.0,0,0,0,0,0,0,0,0,0,0,0,0,0,0,0,0,0,0,0,0,0,0,0,0,0,0,0,0,0,0,0,0,0,38,14,7,45,65476,0,300,0,0,8,21553,0.0,-107605600.0,0.0,0.0,0.0,0.0,0.0,0.0,0.0,0.0,0.0,0.0,0.0,0.0,0.0,0.0,0.0,0.0,0.0,0.0,0.0,0.0,-2.004,0.0,2.004,-2.004,0.0,0.0,0.0,0.0,5050.0,1.5879295420089355e+29,0.0,-107615288.0,-107615296.0,-0.0,2.718429300292151e+23,0.0,0.0,0.0,0.0,53,-0.0,-0.0,0.0,0.0,0.0,0.0,0.0,0.0,0.0,0,0,0,0.0,0.0,0.0,0.0,0.0,0.0,0.0,0.0,0.0,0.0,0.0,0.0,0.0,0.0,0.0,0.0,0,-107875648.0,53,0.0,106,-107614832.0,-0.0,ERR,ERR,ERR,ERR,ERR,ERR,ERR,ERR,ERR,ERR,ERR,ERR,ERR,ERR,ERR,ERR,ERR,ERR,ERR,ERR,ERR,ERR,ERR,ERR,ERR,ERR,ERR,ERR,ERR,ERR,ERR,ERR,ERR,ERR,ERR,ERR,ERR,ERR,ERR,ERR,ERR,ERR,ERR,ERR,ERR,ERR,ERR,ERR,ERR,ERR,ERR,ERR,ERR,ERR,ERR,ERR,ERR,ERR,ERR,ERR,ERR,ERR,ERR,ERR,ERR,ERR,ERR,50.0,60.0,100,0.0,0.0,0.0,0.0,0.0,0.0,0.0,0.0,0.0,0.0,0.0,0.0,0.0,0.0,0.0,0.0,61.6,75,13,65511,50,65476,0,300,0,0,8,20529,65476,0,0,26214,60.0,0.0,0.0,0.0,0.0,0.0
2026-05-17T18:05:21,ERR,ERR,ERR,ERR,ERR,ERR,ERR,ERR,ERR,ERR,ERR,ERR,ERR,ERR,ERR,ERR,ERR,ERR,ERR,ERR,ERR,ERR,ERR,ERR,ERR,ERR,ERR,ERR,ERR,ERR,ERR,ERR,ERR,ERR,ERR,ERR,ERR,ERR,ERR,ERR,ERR,ERR,ERR,ERR,ERR,ERR,ERR,ERR,ERR,ERR,ERR,ERR,ERR,ERR,ERR,ERR,ERR,ERR,ERR,ERR,ERR,ERR,ERR,ERR,ERR,ERR,ERR,ERR,ERR,ERR,ERR,ERR,ERR,ERR,ERR,ERR,ERR,ERR,ERR,ERR,ERR,ERR,ERR,ERR,ERR,ERR,ERR,ERR,ERR,ERR,ERR,ERR,ERR,ERR,ERR,ERR,ERR,ERR,ERR,ERR,ERR,ERR,ERR,ERR,ERR,ERR,ERR,ERR,ERR,ERR,ERR,ERR,ERR,ERR,ERR,ERR,ERR,ERR,ERR,ERR,ERR,ERR,ERR,ERR,ERR,-107615288.0,-0.0,-134474944.0,0.0,0.0,1.3936040501711995e+18,7.805,0.0,0,0,4,0,8422,0.0,45,0.0,0.0,0.0,0.0,0.0,0,0,0,0,0.0,0,0,0,0,0,0,0,0,0,0,0,0,0,0,0,0,0,0,0,0,0,0,0,0,0,0,0,0,0,0,0,0,0,38,14,7,45,65476,0,300,0,0,8,21553,0.0,-107605600.0,0.0,0.0,0.0,0.0,0.0,0.0,0.0,0.0,0.0,0.0,0.0,0.0,0.0,0.0,0.0,0.0,0.0,0.0,0.0,0.0,-2.004,0.0,2.004,-2.004,0.0,0.0,0.0,0.0,5047.0,0.0,0.0,-107615288.0,-0.0,-0.0,0.0,0.0,0.0,0.0,0.0,53,-0.0,0.0,0.0,0.0,0.0,0.0,0.0,0.0,0.0,0,0,0,0.0,0.0,0.0,0.0,0.0,0.0,0.0,0.0,0.0,0.0,0.0,0.0,0.0,0.0,0.0,0.0,0,-107875648.0,53,0.0,106,-107614832.0,-0.0,ERR,ERR,ERR,ERR,ERR,ERR,ERR,ERR,ERR,ERR,ERR,ERR,ERR,ERR,ERR,ERR,ERR,ERR,ERR,ERR,ERR,ERR,ERR,ERR,ERR,ERR,ERR,ERR,ERR,ERR,ERR,ERR,ERR,ERR,ERR,ERR,ERR,ERR,ERR,ERR,ERR,ERR,ERR,ERR,ERR,ERR,ERR,ERR,ERR,ERR,ERR,ERR,ERR,ERR,ERR,ERR,ERR,ERR,ERR,ERR,ERR,ERR,ERR,ERR,ERR,ERR,ERR,50.0,60.0,100,0.0,0.0,0.0,0.0,0.0,0.0,0.0,0.0,0.0,0.0,0.0,0.0,0.0,0.0,0.0,0.0,61.6,75,13,65511,50,65476,0,300,0,0,8,20529,65476,0,0,26214,60.0,0.0,0.0,0.0,0.0,0.0
2026-05-17T18:05:22,ERR,ERR,ERR,ERR,ERR,ERR,ERR,ERR,ERR,ERR,ERR,ERR,ERR,ERR,ERR,ERR,ERR,ERR,ERR,ERR,ERR,ERR,ERR,ERR,ERR,ERR,ERR,ERR,ERR,ERR,ERR,ERR,ERR,ERR,ERR,ERR,ERR,ERR,ERR,ERR,ERR,ERR,ERR,ERR,ERR,ERR,ERR,ERR,ERR,ERR,ERR,ERR,ERR,ERR,ERR,ERR,ERR,ERR,ERR,ERR,ERR,ERR,ERR,ERR,ERR,ERR,ERR,ERR,ERR,ERR,ERR,ERR,ERR,ERR,ERR,ERR,ERR,ERR,ERR,ERR,ERR,ERR,ERR,ERR,ERR,ERR,ERR,ERR,ERR,ERR,ERR,ERR,ERR,ERR,ERR,ERR,ERR,ERR,ERR,ERR,ERR,ERR,ERR,ERR,ERR,ERR,ERR,ERR,ERR,ERR,ERR,ERR,ERR,ERR,ERR,ERR,ERR,ERR,ERR,ERR,ERR,ERR,ERR,ERR,ERR,-107615288.0,-0.0,-134474944.0,0.0,0.0,1.3936040501711995e+18,7.805,0.0,0,0,4,0,8422,0.0,45,0.0,0.0,0.0,0.0,0.0,0,0,0,0,0.0,0,0,0,0,0,0,0,0,0,0,0,0,0,0,0,0,0,0,0,0,0,0,0,0,0,0,0,0,0,0,0,0,0,38,14,7,45,65476,0,300,0,0,8,21553,0.0,-107605600.0,0.0,0.0,0.0,0.0,0.0,0.0,0.0,0.0,0.0,0.0,0.0,0.0,0.0,0.0,0.0,0.0,0.0,0.0,0.0,0.0,-2.004,0.0,2.004,-2.004,0.0,0.0,0.0,0.0,5047.0,0.0,0.0,-107615288.0,-0.0,-0.0,0.0,0.0,0.0,0.0,0.0,53,-0.0,0.0,0.0,0.0,0.0,0.0,0.0,0.0,0.0,0,0,0,0.0,0.0,0.0,0.0,0.0,0.0,0.0,0.0,0.0,0.0,0.0,0.0,0.0,0.0,0.0,0.0,0,-107875648.0,53,0.0,106,-107614832.0,-0.0,ERR,ERR,ERR,ERR,ERR,ERR,ERR,ERR,ERR,ERR,ERR,ERR,ERR,ERR,ERR,ERR,ERR,ERR,ERR,ERR,ERR,ERR,ERR,ERR,ERR,ERR,ERR,ERR,ERR,ERR,ERR,ERR,ERR,ERR,ERR,ERR,ERR,ERR,ERR,ERR,ERR,ERR,ERR,ERR,ERR,ERR,ERR,ERR,ERR,ERR,ERR,ERR,ERR,ERR,ERR,ERR,ERR,ERR,ERR,ERR,ERR,ERR,ERR,ERR,ERR,ERR,ERR,50.0,60.0,100,0.0,0.0,0.0,0.0,0.0,0.0,0.0,0.0,0.0,0.0,0.0,0.0,0.0,0.0,0.0,0.0,61.6,75,13,65511,50,65476,0,300,0,0,8,20529,65476,0,0,26214,60.0,0.0,0.0,0.0,0.0,0.0
2026-05-17T18:05:23,ERR,ERR,ERR,ERR,ERR,ERR,ERR,ERR,ERR,ERR,ERR,ERR,ERR,ERR,ERR,ERR,ERR,ERR,ERR,ERR,ERR,ERR,ERR,ERR,ERR,ERR,ERR,ERR,ERR,ERR,ERR,ERR,ERR,ERR,ERR,ERR,ERR,ERR,ERR,ERR,ERR,ERR,ERR,ERR,ERR,ERR,ERR,ERR,ERR,ERR,ERR,ERR,ERR,ERR,ERR,ERR,ERR,ERR,ERR,ERR,ERR,ERR,ERR,ERR,ERR,ERR,ERR,ERR,ERR,ERR,ERR,ERR,ERR,ERR,ERR,ERR,ERR,ERR,ERR,ERR,ERR,ERR,ERR,ERR,ERR,ERR,ERR,ERR,ERR,ERR,ERR,ERR,ERR,ERR,ERR,ERR,ERR,ERR,ERR,ERR,ERR,ERR,ERR,ERR,ERR,ERR,ERR,ERR,ERR,ERR,ERR,ERR,ERR,ERR,ERR,ERR,ERR,ERR,ERR,ERR,ERR,ERR,ERR,ERR,ERR,-107615288.0,-0.0,-134474944.0,0.0,0.0,1.3936040501711995e+18,7.805,0.0,0,0,4,0,8422,0.0,45,0.0,0.0,0.0,0.0,0.0,0,0,0,0,0.0,0,0,0,0,0,0,0,0,0,0,0,0,0,0,0,0,0,0,0,0,0,0,0,0,0,0,0,0,0,0,0,0,0,38,14,7,45,65476,0,300,0,0,8,21553,0.0,-107605600.0,0.0,0.0,0.0,0.0,0.0,0.0,0.0,0.0,0.0,0.0,0.0,0.0,0.0,0.0,0.0,0.0,0.0,0.0,0.0,0.0,-2.004,0.0,2.004,-2.004,0.0,0.0,0.0,0.0,5047.0,0.0,0.0,-107615288.0,-0.0,-0.0,0.0,0.0,0.0,0.0,0.0,53,-0.0,0.0,0.0,0.0,0.0,0.0,0.0,0.0,0.0,0,0,0,0.0,0.0,0.0,0.0,0.0,0.0,0.0,0.0,0.0,0.0,0.0,0.0,0.0,0.0,0.0,0.0,0,-107875648.0,53,0.0,106,-107614832.0,-0.0,ERR,ERR,ERR,ERR,ERR,ERR,ERR,ERR,ERR,ERR,ERR,ERR,ERR,ERR,ERR,ERR,ERR,ERR,ERR,ERR,ERR,ERR,ERR,ERR,ERR,ERR,ERR,ERR,ERR,ERR,ERR,ERR,ERR,ERR,ERR,ERR,ERR,ERR,ERR,ERR,ERR,ERR,ERR,ERR,ERR,ERR,ERR,ERR,ERR,ERR,ERR,ERR,ERR,ERR,ERR,ERR,ERR,ERR,ERR,ERR,ERR,ERR,ERR,ERR,ERR,ERR,ERR,50.0,60.0,100,0.0,0.0,0.0,0.0,0.0,0.0,0.0,0.0,0.0,0.0,0.0,0.0,0.0,0.0,0.0,0.0,61.6,75,13,65511,50,65476,0,300,0,0,8,20529,65476,0,0,26214,60.0,0.0,0.0,0.0,0.0,0.0
2026-05-17T18:05:24,ERR,ERR,ERR,ERR,ERR,ERR,ERR,ERR,ERR,ERR,ERR,ERR,ERR,ERR,ERR,ERR,ERR,ERR,ERR,ERR,ERR,ERR,ERR,ERR,ERR,ERR,ERR,ERR,ERR,ERR,ERR,ERR,ERR,ERR,ERR,ERR,ERR,ERR,ERR,ERR,ERR,ERR,ERR,ERR,ERR,ERR,ERR,ERR,ERR,ERR,ERR,ERR,ERR,ERR,ERR,ERR,ERR,ERR,ERR,ERR,ERR,ERR,ERR,ERR,ERR,ERR,ERR,ERR,ERR,ERR,ERR,ERR,ERR,ERR,ERR,ERR,ERR,ERR,ERR,ERR,ERR,ERR,ERR,ERR,ERR,ERR,ERR,ERR,ERR,ERR,ERR,ERR,ERR,ERR,ERR,ERR,ERR,ERR,ERR,ERR,ERR,ERR,ERR,ERR,ERR,ERR,ERR,ERR,ERR,ERR,ERR,ERR,ERR,ERR,ERR,ERR,ERR,ERR,ERR,ERR,ERR,ERR,ERR,ERR,ERR,-107615288.0,-0.0,-134474944.0,0.0,0.0,1.3936040501711995e+18,7.805,0.0,0,0,4,0,8422,0.0,45,0.0,0.0,0.0,0.0,0.0,0,0,0,0,0.0,0,0,0,0,0,0,0,0,0,0,0,0,0,0,0,0,0,0,0,0,0,0,0,0,0,0,0,0,0,0,0,0,0,38,14,7,45,65476,0,300,0,0,8,21553,0.0,-107605600.0,0.0,0.0,0.0,0.0,0.0,0.0,0.0,0.0,0.0,0.0,0.0,0.0,0.0,0.0,0.0,0.0,0.0,0.0,0.0,0.0,-2.004,0.0,2.004,-2.004,0.0,0.0,0.0,0.0,5047.0,0.0,0.0,-107615288.0,-0.0,-0.0,0.0,0.0,0.0,0.0,0.0,53,-0.0,0.0,0.0,0.0,0.0,0.0,0.0,0.0,0.0,0,0,0,0.0,0.0,0.0,0.0,0.0,0.0,0.0,0.0,0.0,0.0,0.0,0.0,0.0,0.0,0.0,0.0,0,-107875648.0,53,0.0,106,-107614832.0,-0.0,ERR,ERR,ERR,ERR,ERR,ERR,ERR,ERR,ERR,ERR,ERR,ERR,ERR,ERR,ERR,ERR,ERR,ERR,ERR,ERR,ERR,ERR,ERR,ERR,ERR,ERR,ERR,ERR,ERR,ERR,ERR,ERR,ERR,ERR,ERR,ERR,ERR,ERR,ERR,ERR,ERR,ERR,ERR,ERR,ERR,ERR,ERR,ERR,ERR,ERR,ERR,ERR,ERR,ERR,ERR,ERR,ERR,ERR,ERR,ERR,ERR,ERR,ERR,ERR,ERR,ERR,ERR,50.0,60.0,100,0.0,0.0,0.0,0.0,0.0,0.0,0.0,0.0,0.0,0.0,0.0,0.0,0.0,0.0,0.0,0.0,61.6,75,13,65511,50,65476,0,300,0,0,8,20529,65476,0,0,26214,60.0,0.0,0.0,0.0,0.0,0.0
2026-05-17T18:05:25,ERR,ERR,ERR,ERR,ERR,ERR,ERR,ERR,ERR,ERR,ERR,ERR,ERR,ERR,ERR,ERR,ERR,ERR,ERR,ERR,ERR,ERR,ERR,ERR,ERR,ERR,ERR,ERR,ERR,ERR,ERR,ERR,ERR,ERR,ERR,ERR,ERR,ERR,ERR,ERR,ERR,ERR,ERR,ERR,ERR,ERR,ERR,ERR,ERR,ERR,ERR,ERR,ERR,ERR,ERR,ERR,ERR,ERR,ERR,ERR,ERR,ERR,ERR,ERR,ERR,ERR,ERR,ERR,ERR,ERR,ERR,ERR,ERR,ERR,ERR,ERR,ERR,ERR,ERR,ERR,ERR,ERR,ERR,ERR,ERR,ERR,ERR,ERR,ERR,ERR,ERR,ERR,ERR,ERR,ERR,ERR,ERR,ERR,ERR,ERR,ERR,ERR,ERR,ERR,ERR,ERR,ERR,ERR,ERR,ERR,ERR,ERR,ERR,ERR,ERR,ERR,ERR,ERR,ERR,ERR,ERR,ERR,ERR,ERR,ERR,-107615288.0,-0.0,-134474944.0,0.0,0.0,1.3936040501711995e+18,7.805,0.0,0,0,4,0,8422,0.0,45,0.0,0.0,0.0,0.0,0.0,0,0,0,0,0.0,0,0,0,0,0,0,0,0,0,0,0,0,0,0,0,0,0,0,0,0,0,0,0,0,0,0,0,0,0,0,0,0,0,38,14,7,45,65476,0,300,0,0,8,21553,0.0,-107605600.0,0.0,0.0,0.0,0.0,0.0,0.0,0.0,0.0,0.0,0.0,0.0,0.0,0.0,0.0,0.0,0.0,0.0,0.0,0.0,0.0,-2.004,0.0,2.004,-2.004,0.0,0.0,0.0,0.0,5047.0,0.0,0.0,-107615288.0,-0.0,-0.0,0.0,0.0,0.0,0.0,0.0,53,-0.0,0.0,0.0,0.0,0.0,0.0,0.0,0.0,0.0,0,0,0,0.0,0.0,0.0,0.0,0.0,0.0,0.0,0.0,0.0,0.0,0.0,0.0,0.0,0.0,0.0,0.0,0,-107875648.0,53,0.0,106,-107614832.0,-0.0,ERR,ERR,ERR,ERR,ERR,ERR,ERR,ERR,ERR,ERR,ERR,ERR,ERR,ERR,ERR,ERR,ERR,ERR,ERR,ERR,ERR,ERR,ERR,ERR,ERR,ERR,ERR,ERR,ERR,ERR,ERR,ERR,ERR,ERR,ERR,ERR,ERR,ERR,ERR,ERR,ERR,ERR,ERR,ERR,ERR,ERR,ERR,ERR,ERR,ERR,ERR,ERR,ERR,ERR,ERR,ERR,ERR,ERR,ERR,ERR,ERR,ERR,ERR,ERR,ERR,ERR,ERR,50.0,60.0,100,0.0,0.0,0.0,0.0,0.0,0.0,0.0,0.0,0.0,0.0,0.0,0.0,0.0,0.0,0.0,0.0,61.6,75,13,65511,50,65476,0,300,0,0,8,20529,65476,0,0,26214,60.0,0.0,0.0,0.0,0.0,0.0
2026-05-17T18:05:26,ERR,ERR,ERR,ERR,ERR,ERR,ERR,ERR,ERR,ERR,ERR,ERR,ERR,ERR,ERR,ERR,ERR,ERR,ERR,ERR,ERR,ERR,ERR,ERR,ERR,ERR,ERR,ERR,ERR,ERR,ERR,ERR,ERR,ERR,ERR,ERR,ERR,ERR,ERR,ERR,ERR,ERR,ERR,ERR,ERR,ERR,ERR,ERR,ERR,ERR,ERR,ERR,ERR,ERR,ERR,ERR,ERR,ERR,ERR,ERR,ERR,ERR,ERR,ERR,ERR,ERR,ERR,ERR,ERR,ERR,ERR,ERR,ERR,ERR,ERR,ERR,ERR,ERR,ERR,ERR,ERR,ERR,ERR,ERR,ERR,ERR,ERR,ERR,ERR,ERR,ERR,ERR,ERR,ERR,ERR,ERR,ERR,ERR,ERR,ERR,ERR,ERR,ERR,ERR,ERR,ERR,ERR,ERR,ERR,ERR,ERR,ERR,ERR,ERR,ERR,ERR,ERR,ERR,ERR,ERR,ERR,ERR,ERR,ERR,ERR,-107615288.0,-107615296.0,0.0,0.0,0.0,1.3936040501711995e+18,7.805,0.0,0,0,4,0,8422,0.0,45,0.0,0.0,0.0,0.0,0.0,0,0,0,0,0.0,0,0,0,0,0,0,0,0,0,0,0,0,0,0,0,0,0,0,0,0,0,0,0,0,0,0,0,0,0,0,0,0,0,38,14,7,45,65476,0,300,0,0,8,21553,0.0,-107605600.0,0.0,0.0,0.0,0.0,0.0,0.0,0.0,0.0,0.0,0.0,0.0,0.0,0.0,0.0,0.0,0.0,0.0,0.0,0.0,0.0,-2.004,-2.004,2.004,-2.004,0.0,0.0,0.0,0.0,5016.0,-131350.438,0.0,-107615288.0,-0.0,-0.0,0.0,0.0,0.0,0.0,0.0,53,-0.0,5.848055683159391e+35,0.0,0.0,0.0,0.0,0.0,0.0,0.0,0,0,0,0.0,0.0,0.0,0.0,0.0,0.0,0.0,0.0,0.0,0.0,0.0,0.0,0.0,0.0,0.0,0.0,0,-107875648.0,53,0.0,106,-107614832.0,-0.0,ERR,ERR,ERR,ERR,ERR,ERR,ERR,ERR,ERR,ERR,ERR,ERR,ERR,ERR,ERR,ERR,ERR,ERR,ERR,ERR,ERR,ERR,ERR,ERR,ERR,ERR,ERR,ERR,ERR,ERR,ERR,ERR,ERR,ERR,ERR,ERR,ERR,ERR,ERR,ERR,ERR,ERR,ERR,ERR,ERR,ERR,ERR,ERR,ERR,ERR,ERR,ERR,ERR,ERR,ERR,ERR,ERR,ERR,ERR,ERR,ERR,ERR,ERR,ERR,ERR,ERR,ERR,50.0,60.0,100,0.0,0.0,0.0,0.0,0.0,0.0,0.0,0.0,0.0,0.0,0.0,0.0,0.0,0.0,0.0,0.0,61.6,75,13,65511,50,65476,0,300,0,0,8,20529,65476,0,0,26214,60.0,0.0,0.0,0.0,0.0,0.0
2026-05-17T18:05:27,ERR,ERR,ERR,ERR,ERR,ERR,ERR,ERR,ERR,ERR,ERR,ERR,ERR,ERR,ERR,ERR,ERR,ERR,ERR,ERR,ERR,ERR,ERR,ERR,ERR,ERR,ERR,ERR,ERR,ERR,ERR,ERR,ERR,ERR,ERR,ERR,ERR,ERR,ERR,ERR,ERR,ERR,ERR,ERR,ERR,ERR,ERR,ERR,ERR,ERR,ERR,ERR,ERR,ERR,ERR,ERR,ERR,ERR,ERR,ERR,ERR,ERR,ERR,ERR,ERR,ERR,ERR,ERR,ERR,ERR,ERR,ERR,ERR,ERR,ERR,ERR,ERR,ERR,ERR,ERR,ERR,ERR,ERR,ERR,ERR,ERR,ERR,ERR,ERR,ERR,ERR,ERR,ERR,ERR,ERR,ERR,ERR,ERR,ERR,ERR,ERR,ERR,ERR,ERR,ERR,ERR,ERR,ERR,ERR,ERR,ERR,ERR,ERR,ERR,ERR,ERR,ERR,ERR,ERR,ERR,ERR,ERR,ERR,ERR,ERR,-107615288.0,-107615296.0,0.0,0.0,0.0,1.3936040501711995e+18,7.805,0.0,0,0,4,0,8422,0.0,45,0.0,0.0,0.0,0.0,0.0,0,0,0,0,0.0,0,0,0,0,0,0,0,0,0,0,0,0,0,0,0,0,0,0,0,0,0,0,0,0,0,0,0,0,0,0,0,0,0,38,14,7,45,65476,0,300,0,0,8,21553,0.0,-107605600.0,0.0,0.0,0.0,0.0,0.0,0.0,0.0,0.0,0.0,0.0,0.0,0.0,0.0,0.0,0.0,0.0,0.0,0.0,0.0,0.0,-2.004,-2.004,2.004,-2.004,0.0,0.0,0.0,0.0,5016.0,-131350.438,0.0,-107615288.0,-0.0,-0.0,0.0,0.0,0.0,0.0,0.0,53,-0.0,5.848055683159391e+35,0.0,0.0,0.0,0.0,0.0,0.0,0.0,0,0,0,0.0,0.0,0.0,0.0,0.0,0.0,0.0,0.0,0.0,0.0,0.0,0.0,0.0,0.0,0.0,0.0,0,-107875648.0,53,0.0,106,-107614832.0,-0.0,ERR,ERR,ERR,ERR,ERR,ERR,ERR,ERR,ERR,ERR,ERR,ERR,ERR,ERR,ERR,ERR,ERR,ERR,ERR,ERR,ERR,ERR,ERR,ERR,ERR,ERR,ERR,ERR,ERR,ERR,ERR,ERR,ERR,ERR,ERR,ERR,ERR,ERR,ERR,ERR,ERR,ERR,ERR,ERR,ERR,ERR,ERR,ERR,ERR,ERR,ERR,ERR,ERR,ERR,ERR,ERR,ERR,ERR,ERR,ERR,ERR,ERR,ERR,ERR,ERR,ERR,ERR,50.0,60.0,100,0.0,0.0,0.0,0.0,0.0,0.0,0.0,0.0,0.0,0.0,0.0,0.0,0.0,0.0,0.0,0.0,61.6,75,13,65511,50,65476,0,300,0,0,8,20529,65476,0,0,26214,60.0,0.0,0.0,0.0,0.0,0.0
2026-05-17T18:05:28,ERR,ERR,ERR,ERR,ERR,ERR,ERR,ERR,ERR,ERR,ERR,ERR,ERR,ERR,ERR,ERR,ERR,ERR,ERR,ERR,ERR,ERR,ERR,ERR,ERR,ERR,ERR,ERR,ERR,ERR,ERR,ERR,ERR,ERR,ERR,ERR,ERR,ERR,ERR,ERR,ERR,ERR,ERR,ERR,ERR,ERR,ERR,ERR,ERR,ERR,ERR,ERR,ERR,ERR,ERR,ERR,ERR,ERR,ERR,ERR,ERR,ERR,ERR,ERR,ERR,ERR,ERR,ERR,ERR,ERR,ERR,ERR,ERR,ERR,ERR,ERR,ERR,ERR,ERR,ERR,ERR,ERR,ERR,ERR,ERR,ERR,ERR,ERR,ERR,ERR,ERR,ERR,ERR,ERR,ERR,ERR,ERR,ERR,ERR,ERR,ERR,ERR,ERR,ERR,ERR,ERR,ERR,ERR,ERR,ERR,ERR,ERR,ERR,ERR,ERR,ERR,ERR,ERR,ERR,ERR,ERR,ERR,ERR,ERR,ERR,-107615288.0,-107615296.0,0.0,0.0,0.0,1.3936040501711995e+18,7.805,0.0,0,0,4,0,8422,0.0,45,0.0,0.0,0.0,0.0,0.0,0,0,0,0,0.0,0,0,0,0,0,0,0,0,0,0,0,0,0,0,0,0,0,0,0,0,0,0,0,0,0,0,0,0,0,0,0,0,0,38,14,7,45,65476,0,300,0,0,8,21553,0.0,-107605600.0,0.0,0.0,0.0,0.0,0.0,0.0,0.0,0.0,0.0,0.0,0.0,0.0,0.0,0.0,0.0,0.0,0.0,0.0,0.0,0.0,-2.004,-2.004,2.004,-2.004,0.0,0.0,0.0,0.0,5016.0,-131350.438,0.0,-107615288.0,-0.0,-0.0,0.0,0.0,0.0,0.0,0.0,53,-0.0,5.848055683159391e+35,0.0,0.0,0.0,0.0,0.0,0.0,0.0,0,0,0,0.0,0.0,0.0,0.0,0.0,0.0,0.0,0.0,0.0,0.0,0.0,0.0,0.0,0.0,0.0,0.0,0,-107875648.0,53,0.0,106,-107614832.0,-0.0,ERR,ERR,ERR,ERR,ERR,ERR,ERR,ERR,ERR,ERR,ERR,ERR,ERR,ERR,ERR,ERR,ERR,ERR,ERR,ERR,ERR,ERR,ERR,ERR,ERR,ERR,ERR,ERR,ERR,ERR,ERR,ERR,ERR,ERR,ERR,ERR,ERR,ERR,ERR,ERR,ERR,ERR,ERR,ERR,ERR,ERR,ERR,ERR,ERR,ERR,ERR,ERR,ERR,ERR,ERR,ERR,ERR,ERR,ERR,ERR,ERR,ERR,ERR,ERR,ERR,ERR,ERR,50.0,60.0,100,0.0,0.0,0.0,0.0,0.0,0.0,0.0,0.0,0.0,0.0,0.0,0.0,0.0,0.0,0.0,0.0,61.6,75,13,65511,50,65476,0,300,0,0,8,20529,65476,0,0,26214,60.0,0.0,0.0,0.0,0.0,0.0
2026-05-17T18:05:29,ERR,ERR,ERR,ERR,ERR,ERR,ERR,ERR,ERR,ERR,ERR,ERR,ERR,ERR,ERR,ERR,ERR,ERR,ERR,ERR,ERR,ERR,ERR,ERR,ERR,ERR,ERR,ERR,ERR,ERR,ERR,ERR,ERR,ERR,ERR,ERR,ERR,ERR,ERR,ERR,ERR,ERR,ERR,ERR,ERR,ERR,ERR,ERR,ERR,ERR,ERR,ERR,ERR,ERR,ERR,ERR,ERR,ERR,ERR,ERR,ERR,ERR,ERR,ERR,ERR,ERR,ERR,ERR,ERR,ERR,ERR,ERR,ERR,ERR,ERR,ERR,ERR,ERR,ERR,ERR,ERR,ERR,ERR,ERR,ERR,ERR,ERR,ERR,ERR,ERR,ERR,ERR,ERR,ERR,ERR,ERR,ERR,ERR,ERR,ERR,ERR,ERR,ERR,ERR,ERR,ERR,ERR,ERR,ERR,ERR,ERR,ERR,ERR,ERR,ERR,ERR,ERR,ERR,ERR,ERR,ERR,ERR,ERR,ERR,ERR,-107615288.0,-107615296.0,0.0,0.0,0.0,1.3936040501711995e+18,7.805,0.0,0,0,4,0,8422,0.0,45,0.0,0.0,0.0,0.0,0.0,0,0,0,0,0.0,0,0,0,0,0,0,0,0,0,0,0,0,0,0,0,0,0,0,0,0,0,0,0,0,0,0,0,0,0,0,0,0,0,38,14,7,45,65476,0,300,0,0,8,21553,0.0,-107605600.0,0.0,0.0,0.0,0.0,0.0,0.0,0.0,0.0,0.0,0.0,0.0,0.0,0.0,0.0,0.0,0.0,0.0,0.0,0.0,0.0,-2.004,-2.004,2.004,-2.004,0.0,0.0,0.0,0.0,5016.0,-131350.438,0.0,-107615288.0,-0.0,-0.0,0.0,0.0,0.0,0.0,0.0,53,-0.0,5.848055683159391e+35,0.0,0.0,0.0,0.0,0.0,0.0,0.0,0,0,0,0.0,0.0,0.0,0.0,0.0,0.0,0.0,0.0,0.0,0.0,0.0,0.0,0.0,0.0,0.0,0.0,0,-107875648.0,53,0.0,106,-107614832.0,-0.0,ERR,ERR,ERR,ERR,ERR,ERR,ERR,ERR,ERR,ERR,ERR,ERR,ERR,ERR,ERR,ERR,ERR,ERR,ERR,ERR,ERR,ERR,ERR,ERR,ERR,ERR,ERR,ERR,ERR,ERR,ERR,ERR,ERR,ERR,ERR,ERR,ERR,ERR,ERR,ERR,ERR,ERR,ERR,ERR,ERR,ERR,ERR,ERR,ERR,ERR,ERR,ERR,ERR,ERR,ERR,ERR,ERR,ERR,ERR,ERR,ERR,ERR,ERR,ERR,ERR,ERR,ERR,50.0,60.0,100,0.0,0.0,0.0,0.0,0.0,0.0,0.0,0.0,0.0,0.0,0.0,0.0,0.0,0.0,0.0,0.0,61.6,75,13,65511,50,65476,0,300,0,0,8,20529,65476,0,0,26214,60.0,0.0,0.0,0.0,0.0,0.0
2026-05-17T18:05:30,ERR,ERR,ERR,ERR,ERR,ERR,ERR,ERR,ERR,ERR,ERR,ERR,ERR,ERR,ERR,ERR,ERR,ERR,ERR,ERR,ERR,ERR,ERR,ERR,ERR,ERR,ERR,ERR,ERR,ERR,ERR,ERR,ERR,ERR,ERR,ERR,ERR,ERR,ERR,ERR,ERR,ERR,ERR,ERR,ERR,ERR,ERR,ERR,ERR,ERR,ERR,ERR,ERR,ERR,ERR,ERR,ERR,ERR,ERR,ERR,ERR,ERR,ERR,ERR,ERR,ERR,ERR,ERR,ERR,ERR,ERR,ERR,ERR,ERR,ERR,ERR,ERR,ERR,ERR,ERR,ERR,ERR,ERR,ERR,ERR,ERR,ERR,ERR,ERR,ERR,ERR,ERR,ERR,ERR,ERR,ERR,ERR,ERR,ERR,ERR,ERR,ERR,ERR,ERR,ERR,ERR,ERR,ERR,ERR,ERR,ERR,ERR,ERR,ERR,ERR,ERR,ERR,ERR,ERR,ERR,ERR,ERR,ERR,ERR,ERR,-107615288.0,-107615296.0,0.0,0.0,0.0,1.3936040501711995e+18,7.805,0.0,0,0,4,0,8422,0.0,45,0.0,0.0,0.0,0.0,0.0,0,0,0,0,0.0,0,0,0,0,0,0,0,0,0,0,0,0,0,0,0,0,0,0,0,0,0,0,0,0,0,0,0,0,0,0,0,0,0,38,14,7,45,65476,0,300,0,0,8,21553,0.0,-107605600.0,0.0,0.0,0.0,0.0,0.0,0.0,0.0,0.0,0.0,0.0,0.0,0.0,0.0,0.0,0.0,0.0,0.0,0.0,0.0,0.0,-2.004,-2.004,2.004,-2.004,0.0,0.0,0.0,0.0,5016.0,-131350.438,0.0,-107615288.0,-0.0,-0.0,0.0,0.0,0.0,0.0,0.0,53,-0.0,5.848055683159391e+35,0.0,0.0,0.0,0.0,0.0,0.0,0.0,0,0,0,0.0,0.0,0.0,0.0,0.0,0.0,0.0,0.0,0.0,0.0,0.0,0.0,0.0,0.0,0.0,0.0,0,-107875648.0,53,0.0,106,-107614832.0,-0.0,ERR,ERR,ERR,ERR,ERR,ERR,ERR,ERR,ERR,ERR,ERR,ERR,ERR,ERR,ERR,ERR,ERR,ERR,ERR,ERR,ERR,ERR,ERR,ERR,ERR,ERR,ERR,ERR,ERR,ERR,ERR,ERR,ERR,ERR,ERR,ERR,ERR,ERR,ERR,ERR,ERR,ERR,ERR,ERR,ERR,ERR,ERR,ERR,ERR,ERR,ERR,ERR,ERR,ERR,ERR,ERR,ERR,ERR,ERR,ERR,ERR,ERR,ERR,ERR,ERR,ERR,ERR,50.0,60.0,100,0.0,0.0,0.0,0.0,0.0,0.0,0.0,0.0,0.0,0.0,0.0,0.0,0.0,0.0,0.0,0.0,61.6,75,13,65511,50,65476,0,300,0,0,8,20529,65476,0,0,26214,60.0,0.0,0.0,0.0,0.0,0.0
2026-05-17T18:05:31,ERR,ERR,ERR,ERR,ERR,ERR,ERR,ERR,ERR,ERR,ERR,ERR,ERR,ERR,ERR,ERR,ERR,ERR,ERR,ERR,ERR,ERR,ERR,ERR,ERR,ERR,ERR,ERR,ERR,ERR,ERR,ERR,ERR,ERR,ERR,ERR,ERR,ERR,ERR,ERR,ERR,ERR,ERR,ERR,ERR,ERR,ERR,ERR,ERR,ERR,ERR,ERR,ERR,ERR,ERR,ERR,ERR,ERR,ERR,ERR,ERR,ERR,ERR,ERR,ERR,ERR,ERR,ERR,ERR,ERR,ERR,ERR,ERR,ERR,ERR,ERR,ERR,ERR,ERR,ERR,ERR,ERR,ERR,ERR,ERR,ERR,ERR,ERR,ERR,ERR,ERR,ERR,ERR,ERR,ERR,ERR,ERR,ERR,ERR,ERR,ERR,ERR,ERR,ERR,ERR,ERR,ERR,ERR,ERR,ERR,ERR,ERR,ERR,ERR,ERR,ERR,ERR,ERR,ERR,ERR,ERR,ERR,ERR,ERR,ERR,-107615288.0,-0.0,-134474944.0,0.0,0.0,1.3936040501711995e+18,7.805,0.0,0,0,4,0,8422,0.0,45,0.0,0.0,0.0,0.0,0.0,0,0,0,0,0.0,0,0,0,0,0,0,0,0,0,0,0,0,0,0,0,0,0,0,0,0,0,0,0,0,0,0,0,0,0,0,0,0,0,38,14,7,45,65476,0,300,0,0,8,21553,0.0,-107605600.0,0.0,0.0,0.0,0.0,0.0,0.0,0.0,0.0,0.0,0.0,0.0,0.0,0.0,0.0,0.0,0.0,0.0,0.0,0.0,0.0,-2.004,-2.004,2.004,-2.004,0.0,0.0,0.0,0.0,5014.0,-0.0,0.0,-107615288.0,-0.0,-0.0,0.0,0.0,0.0,0.0,0.0,53,-0.0,89220.562,0.0,0.0,0.0,0.0,0.0,0.0,0.0,0,0,0,0.0,0.0,0.0,0.0,0.0,0.0,0.0,0.0,0.0,0.0,0.0,0.0,0.0,0.0,0.0,0.0,0,-107875648.0,53,0.0,106,-107614832.0,-0.0,ERR,ERR,ERR,ERR,ERR,ERR,ERR,ERR,ERR,ERR,ERR,ERR,ERR,ERR,ERR,ERR,ERR,ERR,ERR,ERR,ERR,ERR,ERR,ERR,ERR,ERR,ERR,ERR,ERR,ERR,ERR,ERR,ERR,ERR,ERR,ERR,ERR,ERR,ERR,ERR,ERR,ERR,ERR,ERR,ERR,ERR,ERR,ERR,ERR,ERR,ERR,ERR,ERR,ERR,ERR,ERR,ERR,ERR,ERR,ERR,ERR,ERR,ERR,ERR,ERR,ERR,ERR,50.0,60.0,100,0.0,0.0,0.0,0.0,0.0,0.0,0.0,0.0,0.0,0.0,0.0,0.0,0.0,0.0,0.0,0.0,61.6,75,13,65511,50,65476,0,300,0,0,8,20529,65476,0,0,26214,60.0,0.0,0.0,0.0,0.0,0.0
2026-05-17T18:05:32,ERR,ERR,ERR,ERR,ERR,ERR,ERR,ERR,ERR,ERR,ERR,ERR,ERR,ERR,ERR,ERR,ERR,ERR,ERR,ERR,ERR,ERR,ERR,ERR,ERR,ERR,ERR,ERR,ERR,ERR,ERR,ERR,ERR,ERR,ERR,ERR,ERR,ERR,ERR,ERR,ERR,ERR,ERR,ERR,ERR,ERR,ERR,ERR,ERR,ERR,ERR,ERR,ERR,ERR,ERR,ERR,ERR,ERR,ERR,ERR,ERR,ERR,ERR,ERR,ERR,ERR,ERR,ERR,ERR,ERR,ERR,ERR,ERR,ERR,ERR,ERR,ERR,ERR,ERR,ERR,ERR,ERR,ERR,ERR,ERR,ERR,ERR,ERR,ERR,ERR,ERR,ERR,ERR,ERR,ERR,ERR,ERR,ERR,ERR,ERR,ERR,ERR,ERR,ERR,ERR,ERR,ERR,ERR,ERR,ERR,ERR,ERR,ERR,ERR,ERR,ERR,ERR,ERR,ERR,ERR,ERR,ERR,ERR,ERR,ERR,-107615288.0,-0.0,-134474944.0,0.0,0.0,1.3936040501711995e+18,7.805,0.0,0,0,4,0,8422,0.0,45,0.0,0.0,0.0,0.0,0.0,0,0,0,0,0.0,0,0,0,0,0,0,0,0,0,0,0,0,0,0,0,0,0,0,0,0,0,0,0,0,0,0,0,0,0,0,0,0,0,38,14,7,45,65476,0,300,0,0,8,21553,0.0,-107605600.0,0.0,0.0,0.0,0.0,0.0,0.0,0.0,0.0,0.0,0.0,0.0,0.0,0.0,0.0,0.0,0.0,0.0,0.0,0.0,0.0,-2.004,-2.004,2.004,-2.004,0.0,0.0,0.0,0.0,5014.0,-0.0,0.0,-107615288.0,-0.0,-0.0,0.0,0.0,0.0,0.0,0.0,53,-0.0,89220.562,0.0,0.0,0.0,0.0,0.0,0.0,0.0,0,0,0,0.0,0.0,0.0,0.0,0.0,0.0,0.0,0.0,0.0,0.0,0.0,0.0,0.0,0.0,0.0,0.0,0,-107875648.0,53,0.0,106,-107614832.0,-0.0,ERR,ERR,ERR,ERR,ERR,ERR,ERR,ERR,ERR,ERR,ERR,ERR,ERR,ERR,ERR,ERR,ERR,ERR,ERR,ERR,ERR,ERR,ERR,ERR,ERR,ERR,ERR,ERR,ERR,ERR,ERR,ERR,ERR,ERR,ERR,ERR,ERR,ERR,ERR,ERR,ERR,ERR,ERR,ERR,ERR,ERR,ERR,ERR,ERR,ERR,ERR,ERR,ERR,ERR,ERR,ERR,ERR,ERR,ERR,ERR,ERR,ERR,ERR,ERR,ERR,ERR,ERR,50.0,60.0,100,0.0,0.0,0.0,0.0,0.0,0.0,0.0,0.0,0.0,0.0,0.0,0.0,0.0,0.0,0.0,0.0,61.6,75,13,65511,50,65476,0,300,0,0,8,20529,65476,0,0,26214,60.0,0.0,0.0,0.0,0.0,0.0
2026-05-17T18:05:33,ERR,ERR,ERR,ERR,ERR,ERR,ERR,ERR,ERR,ERR,ERR,ERR,ERR,ERR,ERR,ERR,ERR,ERR,ERR,ERR,ERR,ERR,ERR,ERR,ERR,ERR,ERR,ERR,ERR,ERR,ERR,ERR,ERR,ERR,ERR,ERR,ERR,ERR,ERR,ERR,ERR,ERR,ERR,ERR,ERR,ERR,ERR,ERR,ERR,ERR,ERR,ERR,ERR,ERR,ERR,ERR,ERR,ERR,ERR,ERR,ERR,ERR,ERR,ERR,ERR,ERR,ERR,ERR,ERR,ERR,ERR,ERR,ERR,ERR,ERR,ERR,ERR,ERR,ERR,ERR,ERR,ERR,ERR,ERR,ERR,ERR,ERR,ERR,ERR,ERR,ERR,ERR,ERR,ERR,ERR,ERR,ERR,ERR,ERR,ERR,ERR,ERR,ERR,ERR,ERR,ERR,ERR,ERR,ERR,ERR,ERR,ERR,ERR,ERR,ERR,ERR,ERR,ERR,ERR,ERR,ERR,ERR,ERR,ERR,ERR,-107615288.0,-0.0,-134474944.0,0.0,0.0,1.3936040501711995e+18,7.805,0.0,0,0,4,0,8422,0.0,45,0.0,0.0,0.0,0.0,0.0,0,0,0,0,0.0,0,0,0,0,0,0,0,0,0,0,0,0,0,0,0,0,0,0,0,0,0,0,0,0,0,0,0,0,0,0,0,0,0,38,14,7,45,65476,0,300,0,0,8,21553,0.0,-107605600.0,0.0,0.0,0.0,0.0,0.0,0.0,0.0,0.0,0.0,0.0,0.0,0.0,0.0,0.0,0.0,0.0,0.0,0.0,0.0,0.0,-2.004,-2.004,2.004,-2.004,0.0,0.0,0.0,0.0,5014.0,-0.0,0.0,-107615288.0,-0.0,-0.0,0.0,0.0,0.0,0.0,0.0,53,-0.0,89220.562,0.0,0.0,0.0,0.0,0.0,0.0,0.0,0,0,0,0.0,0.0,0.0,0.0,0.0,0.0,0.0,0.0,0.0,0.0,0.0,0.0,0.0,0.0,0.0,0.0,0,-107875648.0,53,0.0,106,-107614832.0,-0.0,ERR,ERR,ERR,ERR,ERR,ERR,ERR,ERR,ERR,ERR,ERR,ERR,ERR,ERR,ERR,ERR,ERR,ERR,ERR,ERR,ERR,ERR,ERR,ERR,ERR,ERR,ERR,ERR,ERR,ERR,ERR,ERR,ERR,ERR,ERR,ERR,ERR,ERR,ERR,ERR,ERR,ERR,ERR,ERR,ERR,ERR,ERR,ERR,ERR,ERR,ERR,ERR,ERR,ERR,ERR,ERR,ERR,ERR,ERR,ERR,ERR,ERR,ERR,ERR,ERR,ERR,ERR,50.0,60.0,100,0.0,0.0,0.0,0.0,0.0,0.0,0.0,0.0,0.0,0.0,0.0,0.0,0.0,0.0,0.0,0.0,61.6,75,13,65511,50,65476,0,300,0,0,8,20529,65476,0,0,26214,60.0,0.0,0.0,0.0,0.0,0.0
2026-05-17T18:05:34,ERR,ERR,ERR,ERR,ERR,ERR,ERR,ERR,ERR,ERR,ERR,ERR,ERR,ERR,ERR,ERR,ERR,ERR,ERR,ERR,ERR,ERR,ERR,ERR,ERR,ERR,ERR,ERR,ERR,ERR,ERR,ERR,ERR,ERR,ERR,ERR,ERR,ERR,ERR,ERR,ERR,ERR,ERR,ERR,ERR,ERR,ERR,ERR,ERR,ERR,ERR,ERR,ERR,ERR,ERR,ERR,ERR,ERR,ERR,ERR,ERR,ERR,ERR,ERR,ERR,ERR,ERR,ERR,ERR,ERR,ERR,ERR,ERR,ERR,ERR,ERR,ERR,ERR,ERR,ERR,ERR,ERR,ERR,ERR,ERR,ERR,ERR,ERR,ERR,ERR,ERR,ERR,ERR,ERR,ERR,ERR,ERR,ERR,ERR,ERR,ERR,ERR,ERR,ERR,ERR,ERR,ERR,ERR,ERR,ERR,ERR,ERR,ERR,ERR,ERR,ERR,ERR,ERR,ERR,ERR,ERR,ERR,ERR,ERR,ERR,-107615288.0,-0.0,-134474944.0,0.0,0.0,1.3936040501711995e+18,7.805,0.0,0,0,4,0,8422,0.0,45,0.0,0.0,0.0,0.0,0.0,0,0,0,0,0.0,0,0,0,0,0,0,0,0,0,0,0,0,0,0,0,0,0,0,0,0,0,0,0,0,0,0,0,0,0,0,0,0,0,38,14,7,45,65476,0,300,0,0,8,21553,0.0,-107605600.0,0.0,0.0,0.0,0.0,0.0,0.0,0.0,0.0,0.0,0.0,0.0,0.0,0.0,0.0,0.0,0.0,0.0,0.0,0.0,0.0,-2.004,-2.004,2.004,-2.004,0.0,0.0,0.0,0.0,5014.0,-0.0,0.0,-107615288.0,-0.0,-0.0,0.0,0.0,0.0,0.0,0.0,53,-0.0,89220.562,0.0,0.0,0.0,0.0,0.0,0.0,0.0,0,0,0,0.0,0.0,0.0,0.0,0.0,0.0,0.0,0.0,0.0,0.0,0.0,0.0,0.0,0.0,0.0,0.0,0,-107875648.0,53,0.0,106,-107614832.0,-0.0,ERR,ERR,ERR,ERR,ERR,ERR,ERR,ERR,ERR,ERR,ERR,ERR,ERR,ERR,ERR,ERR,ERR,ERR,ERR,ERR,ERR,ERR,ERR,ERR,ERR,ERR,ERR,ERR,ERR,ERR,ERR,ERR,ERR,ERR,ERR,ERR,ERR,ERR,ERR,ERR,ERR,ERR,ERR,ERR,ERR,ERR,ERR,ERR,ERR,ERR,ERR,ERR,ERR,ERR,ERR,ERR,ERR,ERR,ERR,ERR,ERR,ERR,ERR,ERR,ERR,ERR,ERR,50.0,60.0,100,0.0,0.0,0.0,0.0,0.0,0.0,0.0,0.0,0.0,0.0,0.0,0.0,0.0,0.0,0.0,0.0,61.6,75,13,65511,50,65476,0,300,0,0,8,20529,65476,0,0,26214,60.0,0.0,0.0,0.0,0.0,0.0
2026-05-17T18:05:35,ERR,ERR,ERR,ERR,ERR,ERR,ERR,ERR,ERR,ERR,ERR,ERR,ERR,ERR,ERR,ERR,ERR,ERR,ERR,ERR,ERR,ERR,ERR,ERR,ERR,ERR,ERR,ERR,ERR,ERR,ERR,ERR,ERR,ERR,ERR,ERR,ERR,ERR,ERR,ERR,ERR,ERR,ERR,ERR,ERR,ERR,ERR,ERR,ERR,ERR,ERR,ERR,ERR,ERR,ERR,ERR,ERR,ERR,ERR,ERR,ERR,ERR,ERR,ERR,ERR,ERR,ERR,ERR,ERR,ERR,ERR,ERR,ERR,ERR,ERR,ERR,ERR,ERR,ERR,ERR,ERR,ERR,ERR,ERR,ERR,ERR,ERR,ERR,ERR,ERR,ERR,ERR,ERR,ERR,ERR,ERR,ERR,ERR,ERR,ERR,ERR,ERR,ERR,ERR,ERR,ERR,ERR,ERR,ERR,ERR,ERR,ERR,ERR,ERR,ERR,ERR,ERR,ERR,ERR,ERR,ERR,ERR,ERR,ERR,ERR,-107615288.0,-0.0,-134474944.0,0.0,0.0,1.3936040501711995e+18,7.805,0.0,0,0,4,0,8422,0.0,45,0.0,0.0,0.0,0.0,0.0,0,0,0,0,0.0,0,0,0,0,0,0,0,0,0,0,0,0,0,0,0,0,0,0,0,0,0,0,0,0,0,0,0,0,0,0,0,0,0,38,14,7,45,65476,0,300,0,0,8,21553,0.0,-107605600.0,0.0,0.0,0.0,0.0,0.0,0.0,0.0,0.0,0.0,0.0,0.0,0.0,0.0,0.0,0.0,0.0,0.0,0.0,0.0,0.0,-2.004,-2.004,2.004,-2.004,0.0,0.0,0.0,0.0,5014.0,-0.0,0.0,-107615288.0,-0.0,-0.0,0.0,0.0,0.0,0.0,0.0,53,-0.0,89220.562,0.0,0.0,0.0,0.0,0.0,0.0,0.0,0,0,0,0.0,0.0,0.0,0.0,0.0,0.0,0.0,0.0,0.0,0.0,0.0,0.0,0.0,0.0,0.0,0.0,0,-107875648.0,53,0.0,106,-107614832.0,-0.0,ERR,ERR,ERR,ERR,ERR,ERR,ERR,ERR,ERR,ERR,ERR,ERR,ERR,ERR,ERR,ERR,ERR,ERR,ERR,ERR,ERR,ERR,ERR,ERR,ERR,ERR,ERR,ERR,ERR,ERR,ERR,ERR,ERR,ERR,ERR,ERR,ERR,ERR,ERR,ERR,ERR,ERR,ERR,ERR,ERR,ERR,ERR,ERR,ERR,ERR,ERR,ERR,ERR,ERR,ERR,ERR,ERR,ERR,ERR,ERR,ERR,ERR,ERR,ERR,ERR,ERR,ERR,50.0,60.0,100,0.0,0.0,0.0,0.0,0.0,0.0,0.0,0.0,0.0,0.0,0.0,0.0,0.0,0.0,0.0,0.0,61.6,75,13,65511,50,65476,0,300,0,0,8,20529,65476,0,0,26214,60.0,0.0,0.0,0.0,0.0,0.0
2026-05-17T18:05:36,ERR,ERR,ERR,ERR,ERR,ERR,ERR,ERR,ERR,ERR,ERR,ERR,ERR,ERR,ERR,ERR,ERR,ERR,ERR,ERR,ERR,ERR,ERR,ERR,ERR,ERR,ERR,ERR,ERR,ERR,ERR,ERR,ERR,ERR,ERR,ERR,ERR,ERR,ERR,ERR,ERR,ERR,ERR,ERR,ERR,ERR,ERR,ERR,ERR,ERR,ERR,ERR,ERR,ERR,ERR,ERR,ERR,ERR,ERR,ERR,ERR,ERR,ERR,ERR,ERR,ERR,ERR,ERR,ERR,ERR,ERR,ERR,ERR,ERR,ERR,ERR,ERR,ERR,ERR,ERR,ERR,ERR,ERR,ERR,ERR,ERR,ERR,ERR,ERR,ERR,ERR,ERR,ERR,ERR,ERR,ERR,ERR,ERR,ERR,ERR,ERR,ERR,ERR,ERR,ERR,ERR,ERR,ERR,ERR,ERR,ERR,ERR,ERR,ERR,ERR,ERR,ERR,ERR,ERR,ERR,ERR,ERR,ERR,ERR,ERR,-107615288.0,-0.0,-134474944.0,0.0,0.0,1.3936040501711995e+18,7.805,0.0,0,0,4,0,8422,0.0,45,0.0,0.0,0.0,0.0,0.0,0,0,0,0,0.0,0,0,0,0,0,0,0,0,0,0,0,0,0,0,0,0,0,0,0,0,0,0,0,0,0,0,0,0,0,0,0,0,0,38,14,7,45,65476,0,300,0,0,8,21553,0.0,-107605600.0,0.0,0.0,0.0,0.0,0.0,0.0,0.0,0.0,0.0,0.0,0.0,0.0,0.0,0.0,0.0,0.0,0.0,0.0,0.0,0.0,-2.004,-2.004,2.004,-2.004,0.0,0.0,0.0,0.0,5019.0,2.004,0.0,-107615288.0,-107615296.0,-0.0,0.0,0.0,0.0,0.0,0.0,53,-0.0,0.0,0.0,0.0,0.0,0.0,0.0,0.0,0.0,0,0,0,0.0,0.0,0.0,0.0,0.0,0.0,0.0,0.0,0.0,0.0,0.0,0.0,0.0,0.0,0.0,0.0,0,-107875648.0,53,0.0,106,-107614832.0,-0.0,ERR,ERR,ERR,ERR,ERR,ERR,ERR,ERR,ERR,ERR,ERR,ERR,ERR,ERR,ERR,ERR,ERR,ERR,ERR,ERR,ERR,ERR,ERR,ERR,ERR,ERR,ERR,ERR,ERR,ERR,ERR,ERR,ERR,ERR,ERR,ERR,ERR,ERR,ERR,ERR,ERR,ERR,ERR,ERR,ERR,ERR,ERR,ERR,ERR,ERR,ERR,ERR,ERR,ERR,ERR,ERR,ERR,ERR,ERR,ERR,ERR,ERR,ERR,ERR,ERR,ERR,ERR,50.0,60.0,100,0.0,0.0,0.0,0.0,0.0,0.0,0.0,0.0,0.0,0.0,0.0,0.0,0.0,0.0,0.0,0.0,61.6,75,13,65511,50,65476,0,300,0,0,8,20529,65476,0,0,26214,60.0,0.0,0.0,0.0,0.0,0.0
2026-05-17T18:05:37,ERR,ERR,ERR,ERR,ERR,ERR,ERR,ERR,ERR,ERR,ERR,ERR,ERR,ERR,ERR,ERR,ERR,ERR,ERR,ERR,ERR,ERR,ERR,ERR,ERR,ERR,ERR,ERR,ERR,ERR,ERR,ERR,ERR,ERR,ERR,ERR,ERR,ERR,ERR,ERR,ERR,ERR,ERR,ERR,ERR,ERR,ERR,ERR,ERR,ERR,ERR,ERR,ERR,ERR,ERR,ERR,ERR,ERR,ERR,ERR,ERR,ERR,ERR,ERR,ERR,ERR,ERR,ERR,ERR,ERR,ERR,ERR,ERR,ERR,ERR,ERR,ERR,ERR,ERR,ERR,ERR,ERR,ERR,ERR,ERR,ERR,ERR,ERR,ERR,ERR,ERR,ERR,ERR,ERR,ERR,ERR,ERR,ERR,ERR,ERR,ERR,ERR,ERR,ERR,ERR,ERR,ERR,ERR,ERR,ERR,ERR,ERR,ERR,ERR,ERR,ERR,ERR,ERR,ERR,ERR,ERR,ERR,ERR,ERR,ERR,-107615288.0,-0.0,-134474944.0,0.0,0.0,1.3936040501711995e+18,7.805,0.0,0,0,4,0,8422,0.0,45,0.0,0.0,0.0,0.0,0.0,0,0,0,0,0.0,0,0,0,0,0,0,0,0,0,0,0,0,0,0,0,0,0,0,0,0,0,0,0,0,0,0,0,0,0,0,0,0,0,38,14,7,45,65476,0,300,0,0,8,21553,0.0,-107605600.0,0.0,0.0,0.0,0.0,0.0,0.0,0.0,0.0,0.0,0.0,0.0,0.0,0.0,0.0,0.0,0.0,0.0,0.0,0.0,0.0,-2.004,-2.004,2.004,-2.004,0.0,0.0,0.0,0.0,5019.0,2.004,0.0,-107615288.0,-107615296.0,-0.0,0.0,0.0,0.0,0.0,0.0,53,-0.0,0.0,0.0,0.0,0.0,0.0,0.0,0.0,0.0,0,0,0,0.0,0.0,0.0,0.0,0.0,0.0,0.0,0.0,0.0,0.0,0.0,0.0,0.0,0.0,0.0,0.0,0,-107875648.0,53,0.0,106,-107614832.0,-0.0,ERR,ERR,ERR,ERR,ERR,ERR,ERR,ERR,ERR,ERR,ERR,ERR,ERR,ERR,ERR,ERR,ERR,ERR,ERR,ERR,ERR,ERR,ERR,ERR,ERR,ERR,ERR,ERR,ERR,ERR,ERR,ERR,ERR,ERR,ERR,ERR,ERR,ERR,ERR,ERR,ERR,ERR,ERR,ERR,ERR,ERR,ERR,ERR,ERR,ERR,ERR,ERR,ERR,ERR,ERR,ERR,ERR,ERR,ERR,ERR,ERR,ERR,ERR,ERR,ERR,ERR,ERR,50.0,60.0,100,0.0,0.0,0.0,0.0,0.0,0.0,0.0,0.0,0.0,0.0,0.0,0.0,0.0,0.0,0.0,0.0,61.6,75,13,65511,50,65476,0,300,0,0,8,20529,65476,0,0,26214,60.0,0.0,0.0,0.0,0.0,0.0
2026-05-17T18:05:38,ERR,ERR,ERR,ERR,ERR,ERR,ERR,ERR,ERR,ERR,ERR,ERR,ERR,ERR,ERR,ERR,ERR,ERR,ERR,ERR,ERR,ERR,ERR,ERR,ERR,ERR,ERR,ERR,ERR,ERR,ERR,ERR,ERR,ERR,ERR,ERR,ERR,ERR,ERR,ERR,ERR,ERR,ERR,ERR,ERR,ERR,ERR,ERR,ERR,ERR,ERR,ERR,ERR,ERR,ERR,ERR,ERR,ERR,ERR,ERR,ERR,ERR,ERR,ERR,ERR,ERR,ERR,ERR,ERR,ERR,ERR,ERR,ERR,ERR,ERR,ERR,ERR,ERR,ERR,ERR,ERR,ERR,ERR,ERR,ERR,ERR,ERR,ERR,ERR,ERR,ERR,ERR,ERR,ERR,ERR,ERR,ERR,ERR,ERR,ERR,ERR,ERR,ERR,ERR,ERR,ERR,ERR,ERR,ERR,ERR,ERR,ERR,ERR,ERR,ERR,ERR,ERR,ERR,ERR,ERR,ERR,ERR,ERR,ERR,ERR,-107615288.0,-0.0,-134474944.0,0.0,0.0,1.3936040501711995e+18,7.805,0.0,0,0,4,0,8422,0.0,45,0.0,0.0,0.0,0.0,0.0,0,0,0,0,0.0,0,0,0,0,0,0,0,0,0,0,0,0,0,0,0,0,0,0,0,0,0,0,0,0,0,0,0,0,0,0,0,0,0,38,14,7,45,65476,0,300,0,0,8,21553,0.0,-107605600.0,0.0,0.0,0.0,0.0,0.0,0.0,0.0,0.0,0.0,0.0,0.0,0.0,0.0,0.0,0.0,0.0,0.0,0.0,0.0,0.0,-2.004,-2.004,2.004,-2.004,0.0,0.0,0.0,0.0,5019.0,2.004,0.0,-107615288.0,-107615296.0,-0.0,0.0,0.0,0.0,0.0,0.0,53,-0.0,0.0,0.0,0.0,0.0,0.0,0.0,0.0,0.0,0,0,0,0.0,0.0,0.0,0.0,0.0,0.0,0.0,0.0,0.0,0.0,0.0,0.0,0.0,0.0,0.0,0.0,0,-107875648.0,53,0.0,106,-107614832.0,-0.0,ERR,ERR,ERR,ERR,ERR,ERR,ERR,ERR,ERR,ERR,ERR,ERR,ERR,ERR,ERR,ERR,ERR,ERR,ERR,ERR,ERR,ERR,ERR,ERR,ERR,ERR,ERR,ERR,ERR,ERR,ERR,ERR,ERR,ERR,ERR,ERR,ERR,ERR,ERR,ERR,ERR,ERR,ERR,ERR,ERR,ERR,ERR,ERR,ERR,ERR,ERR,ERR,ERR,ERR,ERR,ERR,ERR,ERR,ERR,ERR,ERR,ERR,ERR,ERR,ERR,ERR,ERR,50.0,60.0,100,0.0,0.0,0.0,0.0,0.0,0.0,0.0,0.0,0.0,0.0,0.0,0.0,0.0,0.0,0.0,0.0,61.6,75,13,65511,50,65476,0,300,0,0,8,20529,65476,0,0,26214,60.0,0.0,0.0,0.0,0.0,0.0
2026-05-17T18:05:39,ERR,ERR,ERR,ERR,ERR,ERR,ERR,ERR,ERR,ERR,ERR,ERR,ERR,ERR,ERR,ERR,ERR,ERR,ERR,ERR,ERR,ERR,ERR,ERR,ERR,ERR,ERR,ERR,ERR,ERR,ERR,ERR,ERR,ERR,ERR,ERR,ERR,ERR,ERR,ERR,ERR,ERR,ERR,ERR,ERR,ERR,ERR,ERR,ERR,ERR,ERR,ERR,ERR,ERR,ERR,ERR,ERR,ERR,ERR,ERR,ERR,ERR,ERR,ERR,ERR,ERR,ERR,ERR,ERR,ERR,ERR,ERR,ERR,ERR,ERR,ERR,ERR,ERR,ERR,ERR,ERR,ERR,ERR,ERR,ERR,ERR,ERR,ERR,ERR,ERR,ERR,ERR,ERR,ERR,ERR,ERR,ERR,ERR,ERR,ERR,ERR,ERR,ERR,ERR,ERR,ERR,ERR,ERR,ERR,ERR,ERR,ERR,ERR,ERR,ERR,ERR,ERR,ERR,ERR,ERR,ERR,ERR,ERR,ERR,ERR,-107615288.0,-0.0,-134474944.0,0.0,0.0,1.3936040501711995e+18,7.805,0.0,0,0,4,0,8422,0.0,45,0.0,0.0,0.0,0.0,0.0,0,0,0,0,0.0,0,0,0,0,0,0,0,0,0,0,0,0,0,0,0,0,0,0,0,0,0,0,0,0,0,0,0,0,0,0,0,0,0,38,14,7,45,65476,0,300,0,0,8,21553,0.0,-107605600.0,0.0,0.0,0.0,0.0,0.0,0.0,0.0,0.0,0.0,0.0,0.0,0.0,0.0,0.0,0.0,0.0,0.0,0.0,0.0,0.0,-2.004,-2.004,2.004,-2.004,0.0,0.0,0.0,0.0,5019.0,2.004,0.0,-107615288.0,-107615296.0,-0.0,0.0,0.0,0.0,0.0,0.0,53,-0.0,0.0,0.0,0.0,0.0,0.0,0.0,0.0,0.0,0,0,0,0.0,0.0,0.0,0.0,0.0,0.0,0.0,0.0,0.0,0.0,0.0,0.0,0.0,0.0,0.0,0.0,0,-107875648.0,53,0.0,106,-107614832.0,-0.0,ERR,ERR,ERR,ERR,ERR,ERR,ERR,ERR,ERR,ERR,ERR,ERR,ERR,ERR,ERR,ERR,ERR,ERR,ERR,ERR,ERR,ERR,ERR,ERR,ERR,ERR,ERR,ERR,ERR,ERR,ERR,ERR,ERR,ERR,ERR,ERR,ERR,ERR,ERR,ERR,ERR,ERR,ERR,ERR,ERR,ERR,ERR,ERR,ERR,ERR,ERR,ERR,ERR,ERR,ERR,ERR,ERR,ERR,ERR,ERR,ERR,ERR,ERR,ERR,ERR,ERR,ERR,50.0,60.0,100,0.0,0.0,0.0,0.0,0.0,0.0,0.0,0.0,0.0,0.0,0.0,0.0,0.0,0.0,0.0,0.0,62.0,75,13,65511,50,65476,0,300,0,0,8,20529,65476,0,0,26214,60.0,0.0,0.0,0.0,0.0,0.0
2026-05-17T18:05:40,ERR,ERR,ERR,ERR,ERR,ERR,ERR,ERR,ERR,ERR,ERR,ERR,ERR,ERR,ERR,ERR,ERR,ERR,ERR,ERR,ERR,ERR,ERR,ERR,ERR,ERR,ERR,ERR,ERR,ERR,ERR,ERR,ERR,ERR,ERR,ERR,ERR,ERR,ERR,ERR,ERR,ERR,ERR,ERR,ERR,ERR,ERR,ERR,ERR,ERR,ERR,ERR,ERR,ERR,ERR,ERR,ERR,ERR,ERR,ERR,ERR,ERR,ERR,ERR,ERR,ERR,ERR,ERR,ERR,ERR,ERR,ERR,ERR,ERR,ERR,ERR,ERR,ERR,ERR,ERR,ERR,ERR,ERR,ERR,ERR,ERR,ERR,ERR,ERR,ERR,ERR,ERR,ERR,ERR,ERR,ERR,ERR,ERR,ERR,ERR,ERR,ERR,ERR,ERR,ERR,ERR,ERR,ERR,ERR,ERR,ERR,ERR,ERR,ERR,ERR,ERR,ERR,ERR,ERR,ERR,ERR,ERR,ERR,ERR,ERR,-107615288.0,-0.0,-134474944.0,0.0,0.0,1.3936040501711995e+18,7.805,0.0,0,0,4,0,8422,0.0,45,0.0,0.0,0.0,0.0,0.0,0,0,0,0,0.0,0,0,0,0,0,0,0,0,0,0,0,0,0,0,0,0,0,0,0,0,0,0,0,0,0,0,0,0,0,0,0,0,0,38,14,7,45,65476,0,300,0,0,8,21553,0.0,-107605600.0,0.0,0.0,0.0,0.0,0.0,0.0,0.0,0.0,0.0,0.0,0.0,0.0,0.0,0.0,0.0,0.0,0.0,0.0,0.0,0.0,-2.004,-2.004,2.004,-2.004,0.0,0.0,0.0,0.0,5019.0,2.004,0.0,-107615288.0,-107615296.0,-0.0,0.0,0.0,0.0,0.0,0.0,53,-0.0,0.0,0.0,0.0,0.0,0.0,0.0,0.0,0.0,0,0,0,0.0,0.0,0.0,0.0,0.0,0.0,0.0,0.0,0.0,0.0,0.0,0.0,0.0,0.0,0.0,0.0,0,-107875648.0,53,0.0,106,-107614832.0,-0.0,ERR,ERR,ERR,ERR,ERR,ERR,ERR,ERR,ERR,ERR,ERR,ERR,ERR,ERR,ERR,ERR,ERR,ERR,ERR,ERR,ERR,ERR,ERR,ERR,ERR,ERR,ERR,ERR,ERR,ERR,ERR,ERR,ERR,ERR,ERR,ERR,ERR,ERR,ERR,ERR,ERR,ERR,ERR,ERR,ERR,ERR,ERR,ERR,ERR,ERR,ERR,ERR,ERR,ERR,ERR,ERR,ERR,ERR,ERR,ERR,ERR,ERR,ERR,ERR,ERR,ERR,ERR,50.0,60.0,100,0.0,0.0,0.0,0.0,0.0,0.0,0.0,0.0,0.0,0.0,0.0,0.0,0.0,0.0,0.0,0.0,62.0,75,13,65511,50,65476,0,300,0,0,8,20529,65476,0,0,26214,60.0,0.0,0.0,0.0,0.0,0.0
2026-05-17T18:05:41,ERR,ERR,ERR,ERR,ERR,ERR,ERR,ERR,ERR,ERR,ERR,ERR,ERR,ERR,ERR,ERR,ERR,ERR,ERR,ERR,ERR,ERR,ERR,ERR,ERR,ERR,ERR,ERR,ERR,ERR,ERR,ERR,ERR,ERR,ERR,ERR,ERR,ERR,ERR,ERR,ERR,ERR,ERR,ERR,ERR,ERR,ERR,ERR,ERR,ERR,ERR,ERR,ERR,ERR,ERR,ERR,ERR,ERR,ERR,ERR,ERR,ERR,ERR,ERR,ERR,ERR,ERR,ERR,ERR,ERR,ERR,ERR,ERR,ERR,ERR,ERR,ERR,ERR,ERR,ERR,ERR,ERR,ERR,ERR,ERR,ERR,ERR,ERR,ERR,ERR,ERR,ERR,ERR,ERR,ERR,ERR,ERR,ERR,ERR,ERR,ERR,ERR,ERR,ERR,ERR,ERR,ERR,ERR,ERR,ERR,ERR,ERR,ERR,ERR,ERR,ERR,ERR,ERR,ERR,ERR,ERR,ERR,ERR,ERR,ERR,-107615288.0,-0.0,-134474944.0,0.0,0.0,1.3936040501711995e+18,7.805,0.0,0,0,4,0,8422,0.0,45,0.0,0.0,0.0,0.0,0.0,0,0,0,0,0.0,0,0,0,0,0,0,0,0,0,0,0,0,0,0,0,0,0,0,0,0,0,0,0,0,0,0,0,0,0,0,0,0,0,38,14,7,45,65476,0,300,0,0,8,21553,0.0,-107605600.0,0.0,0.0,0.0,0.0,0.0,0.0,0.0,0.0,0.0,0.0,0.0,0.0,0.0,0.0,0.0,0.0,0.0,0.0,0.0,0.0,-2.004,-2.004,2.004,-2.004,0.0,0.0,0.0,0.0,5013.0,-0.0,0.0,-107615288.0,-0.0,-0.0,2.718429300292151e+23,0.0,0.0,0.0,0.0,53,-0.0,-0.0,0.0,0.0,0.0,0.0,0.0,0.0,0.0,0,0,0,0.0,0.0,0.0,0.0,0.0,0.0,0.0,0.0,0.0,0.0,0.0,0.0,0.0,0.0,0.0,0.0,0,-107875648.0,53,0.0,106,-107614832.0,-0.0,ERR,ERR,ERR,ERR,ERR,ERR,ERR,ERR,ERR,ERR,ERR,ERR,ERR,ERR,ERR,ERR,ERR,ERR,ERR,ERR,ERR,ERR,ERR,ERR,ERR,ERR,ERR,ERR,ERR,ERR,ERR,ERR,ERR,ERR,ERR,ERR,ERR,ERR,ERR,ERR,ERR,ERR,ERR,ERR,ERR,ERR,ERR,ERR,ERR,ERR,ERR,ERR,ERR,ERR,ERR,ERR,ERR,ERR,ERR,ERR,ERR,ERR,ERR,ERR,ERR,ERR,ERR,50.0,60.0,100,0.0,0.0,0.0,0.0,0.0,0.0,0.0,0.0,0.0,0.0,0.0,0.0,0.0,0.0,0.0,0.0,61.6,75,13,65511,50,65476,0,300,0,0,8,20529,65476,0,0,26214,60.0,0.0,0.0,0.0,0.0,0.0
2026-05-17T18:05:42,ERR,ERR,ERR,ERR,ERR,ERR,ERR,ERR,ERR,ERR,ERR,ERR,ERR,ERR,ERR,ERR,ERR,ERR,ERR,ERR,ERR,ERR,ERR,ERR,ERR,ERR,ERR,ERR,ERR,ERR,ERR,ERR,ERR,ERR,ERR,ERR,ERR,ERR,ERR,ERR,ERR,ERR,ERR,ERR,ERR,ERR,ERR,ERR,ERR,ERR,ERR,ERR,ERR,ERR,ERR,ERR,ERR,ERR,ERR,ERR,ERR,ERR,ERR,ERR,ERR,ERR,ERR,ERR,ERR,ERR,ERR,ERR,ERR,ERR,ERR,ERR,ERR,ERR,ERR,ERR,ERR,ERR,ERR,ERR,ERR,ERR,ERR,ERR,ERR,ERR,ERR,ERR,ERR,ERR,ERR,ERR,ERR,ERR,ERR,ERR,ERR,ERR,ERR,ERR,ERR,ERR,ERR,ERR,ERR,ERR,ERR,ERR,ERR,ERR,ERR,ERR,ERR,ERR,ERR,ERR,ERR,ERR,ERR,ERR,ERR,-107615288.0,-0.0,-134474944.0,0.0,0.0,1.3936040501711995e+18,7.805,0.0,0,0,4,0,8422,0.0,45,0.0,0.0,0.0,0.0,0.0,0,0,0,0,0.0,0,0,0,0,0,0,0,0,0,0,0,0,0,0,0,0,0,0,0,0,0,0,0,0,0,0,0,0,0,0,0,0,0,38,14,7,45,65476,0,300,0,0,8,21553,0.0,-107605600.0,0.0,0.0,0.0,0.0,0.0,0.0,0.0,0.0,0.0,0.0,0.0,0.0,0.0,0.0,0.0,0.0,0.0,0.0,0.0,0.0,-2.004,-2.004,2.004,-2.004,0.0,0.0,0.0,0.0,5013.0,-0.0,0.0,-107615288.0,-0.0,-0.0,2.718429300292151e+23,0.0,0.0,0.0,0.0,53,-0.0,-0.0,0.0,0.0,0.0,0.0,0.0,0.0,0.0,0,0,0,0.0,0.0,0.0,0.0,0.0,0.0,0.0,0.0,0.0,0.0,0.0,0.0,0.0,0.0,0.0,0.0,0,-107875648.0,53,0.0,106,-107614832.0,-0.0,ERR,ERR,ERR,ERR,ERR,ERR,ERR,ERR,ERR,ERR,ERR,ERR,ERR,ERR,ERR,ERR,ERR,ERR,ERR,ERR,ERR,ERR,ERR,ERR,ERR,ERR,ERR,ERR,ERR,ERR,ERR,ERR,ERR,ERR,ERR,ERR,ERR,ERR,ERR,ERR,ERR,ERR,ERR,ERR,ERR,ERR,ERR,ERR,ERR,ERR,ERR,ERR,ERR,ERR,ERR,ERR,ERR,ERR,ERR,ERR,ERR,ERR,ERR,ERR,ERR,ERR,ERR,50.0,60.0,100,0.0,0.0,0.0,0.0,0.0,0.0,0.0,0.0,0.0,0.0,0.0,0.0,0.0,0.0,0.0,0.0,61.6,75,13,65511,50,65476,0,300,0,0,8,20529,65476,0,0,26214,60.0,0.0,0.0,0.0,0.0,0.0
2026-05-17T18:05:43,ERR,ERR,ERR,ERR,ERR,ERR,ERR,ERR,ERR,ERR,ERR,ERR,ERR,ERR,ERR,ERR,ERR,ERR,ERR,ERR,ERR,ERR,ERR,ERR,ERR,ERR,ERR,ERR,ERR,ERR,ERR,ERR,ERR,ERR,ERR,ERR,ERR,ERR,ERR,ERR,ERR,ERR,ERR,ERR,ERR,ERR,ERR,ERR,ERR,ERR,ERR,ERR,ERR,ERR,ERR,ERR,ERR,ERR,ERR,ERR,ERR,ERR,ERR,ERR,ERR,ERR,ERR,ERR,ERR,ERR,ERR,ERR,ERR,ERR,ERR,ERR,ERR,ERR,ERR,ERR,ERR,ERR,ERR,ERR,ERR,ERR,ERR,ERR,ERR,ERR,ERR,ERR,ERR,ERR,ERR,ERR,ERR,ERR,ERR,ERR,ERR,ERR,ERR,ERR,ERR,ERR,ERR,ERR,ERR,ERR,ERR,ERR,ERR,ERR,ERR,ERR,ERR,ERR,ERR,ERR,ERR,ERR,ERR,ERR,ERR,-107615288.0,-0.0,-134474944.0,0.0,0.0,1.3936040501711995e+18,7.805,0.0,0,0,4,0,8422,0.0,45,0.0,0.0,0.0,0.0,0.0,0,0,0,0,0.0,0,0,0,0,0,0,0,0,0,0,0,0,0,0,0,0,0,0,0,0,0,0,0,0,0,0,0,0,0,0,0,0,0,38,14,7,45,65476,0,300,0,0,8,21553,0.0,-107605600.0,0.0,0.0,0.0,0.0,0.0,0.0,0.0,0.0,0.0,0.0,0.0,0.0,0.0,0.0,0.0,0.0,0.0,0.0,0.0,0.0,-2.004,-2.004,2.004,-2.004,0.0,0.0,0.0,0.0,5013.0,-0.0,0.0,-107615288.0,-0.0,-0.0,2.718429300292151e+23,0.0,0.0,0.0,0.0,53,-0.0,-0.0,0.0,0.0,0.0,0.0,0.0,0.0,0.0,0,0,0,0.0,0.0,0.0,0.0,0.0,0.0,0.0,0.0,0.0,0.0,0.0,0.0,0.0,0.0,0.0,0.0,0,-107875648.0,53,0.0,106,-107614832.0,-0.0,ERR,ERR,ERR,ERR,ERR,ERR,ERR,ERR,ERR,ERR,ERR,ERR,ERR,ERR,ERR,ERR,ERR,ERR,ERR,ERR,ERR,ERR,ERR,ERR,ERR,ERR,ERR,ERR,ERR,ERR,ERR,ERR,ERR,ERR,ERR,ERR,ERR,ERR,ERR,ERR,ERR,ERR,ERR,ERR,ERR,ERR,ERR,ERR,ERR,ERR,ERR,ERR,ERR,ERR,ERR,ERR,ERR,ERR,ERR,ERR,ERR,ERR,ERR,ERR,ERR,ERR,ERR,50.0,60.0,100,0.0,0.0,0.0,0.0,0.0,0.0,0.0,0.0,0.0,0.0,0.0,0.0,0.0,0.0,0.0,0.0,61.6,75,13,65511,50,65476,0,300,0,0,8,20529,65476,0,0,26214,60.0,0.0,0.0,0.0,0.0,0.0
2026-05-17T18:05:44,ERR,ERR,ERR,ERR,ERR,ERR,ERR,ERR,ERR,ERR,ERR,ERR,ERR,ERR,ERR,ERR,ERR,ERR,ERR,ERR,ERR,ERR,ERR,ERR,ERR,ERR,ERR,ERR,ERR,ERR,ERR,ERR,ERR,ERR,ERR,ERR,ERR,ERR,ERR,ERR,ERR,ERR,ERR,ERR,ERR,ERR,ERR,ERR,ERR,ERR,ERR,ERR,ERR,ERR,ERR,ERR,ERR,ERR,ERR,ERR,ERR,ERR,ERR,ERR,ERR,ERR,ERR,ERR,ERR,ERR,ERR,ERR,ERR,ERR,ERR,ERR,ERR,ERR,ERR,ERR,ERR,ERR,ERR,ERR,ERR,ERR,ERR,ERR,ERR,ERR,ERR,ERR,ERR,ERR,ERR,ERR,ERR,ERR,ERR,ERR,ERR,ERR,ERR,ERR,ERR,ERR,ERR,ERR,ERR,ERR,ERR,ERR,ERR,ERR,ERR,ERR,ERR,ERR,ERR,ERR,ERR,ERR,ERR,ERR,ERR,-107615288.0,-0.0,-134474944.0,0.0,0.0,1.3936040501711995e+18,7.805,0.0,0,0,4,0,8422,0.0,45,0.0,0.0,0.0,0.0,0.0,0,0,0,0,0.0,0,0,0,0,0,0,0,0,0,0,0,0,0,0,0,0,0,0,0,0,0,0,0,0,0,0,0,0,0,0,0,0,0,38,14,7,45,65476,0,300,0,0,8,21553,0.0,-107605600.0,0.0,0.0,0.0,0.0,0.0,0.0,0.0,0.0,0.0,0.0,0.0,0.0,0.0,0.0,0.0,0.0,0.0,0.0,0.0,0.0,-2.004,-2.004,2.004,-2.004,0.0,0.0,0.0,0.0,5013.0,-0.0,0.0,-107615288.0,-0.0,-0.0,2.718429300292151e+23,0.0,0.0,0.0,0.0,53,-0.0,-0.0,0.0,0.0,0.0,0.0,0.0,0.0,0.0,0,0,0,0.0,0.0,0.0,0.0,0.0,0.0,0.0,0.0,0.0,0.0,0.0,0.0,0.0,0.0,0.0,0.0,0,-107875648.0,53,0.0,106,-107614832.0,-0.0,ERR,ERR,ERR,ERR,ERR,ERR,ERR,ERR,ERR,ERR,ERR,ERR,ERR,ERR,ERR,ERR,ERR,ERR,ERR,ERR,ERR,ERR,ERR,ERR,ERR,ERR,ERR,ERR,ERR,ERR,ERR,ERR,ERR,ERR,ERR,ERR,ERR,ERR,ERR,ERR,ERR,ERR,ERR,ERR,ERR,ERR,ERR,ERR,ERR,ERR,ERR,ERR,ERR,ERR,ERR,ERR,ERR,ERR,ERR,ERR,ERR,ERR,ERR,ERR,ERR,ERR,ERR,50.0,60.0,100,0.0,0.0,0.0,0.0,0.0,0.0,0.0,0.0,0.0,0.0,0.0,0.0,0.0,0.0,0.0,0.0,61.6,75,13,65511,50,65476,0,300,0,0,8,20529,65476,0,0,26214,60.0,0.0,0.0,0.0,0.0,0.0
2026-05-17T18:05:45,ERR,ERR,ERR,ERR,ERR,ERR,ERR,ERR,ERR,ERR,ERR,ERR,ERR,ERR,ERR,ERR,ERR,ERR,ERR,ERR,ERR,ERR,ERR,ERR,ERR,ERR,ERR,ERR,ERR,ERR,ERR,ERR,ERR,ERR,ERR,ERR,ERR,ERR,ERR,ERR,ERR,ERR,ERR,ERR,ERR,ERR,ERR,ERR,ERR,ERR,ERR,ERR,ERR,ERR,ERR,ERR,ERR,ERR,ERR,ERR,ERR,ERR,ERR,ERR,ERR,ERR,ERR,ERR,ERR,ERR,ERR,ERR,ERR,ERR,ERR,ERR,ERR,ERR,ERR,ERR,ERR,ERR,ERR,ERR,ERR,ERR,ERR,ERR,ERR,ERR,ERR,ERR,ERR,ERR,ERR,ERR,ERR,ERR,ERR,ERR,ERR,ERR,ERR,ERR,ERR,ERR,ERR,ERR,ERR,ERR,ERR,ERR,ERR,ERR,ERR,ERR,ERR,ERR,ERR,ERR,ERR,ERR,ERR,ERR,ERR,-107615288.0,-0.0,-134474944.0,0.0,0.0,1.3936040501711995e+18,7.805,0.0,0,0,4,0,8422,0.0,45,0.0,0.0,0.0,0.0,0.0,0,0,0,0,0.0,0,0,0,0,0,0,0,0,0,0,0,0,0,0,0,0,0,0,0,0,0,0,0,0,0,0,0,0,0,0,0,0,0,38,14,7,45,65476,0,300,0,0,8,21553,0.0,-107605600.0,0.0,0.0,0.0,0.0,0.0,0.0,0.0,0.0,0.0,0.0,0.0,0.0,0.0,0.0,0.0,0.0,0.0,0.0,0.0,0.0,-2.004,-2.004,2.004,-2.004,0.0,0.0,0.0,0.0,5013.0,-0.0,0.0,-107615288.0,-0.0,-0.0,2.718429300292151e+23,0.0,0.0,0.0,0.0,53,-0.0,-0.0,0.0,0.0,0.0,0.0,0.0,0.0,0.0,0,0,0,0.0,0.0,0.0,0.0,0.0,0.0,0.0,0.0,0.0,0.0,0.0,0.0,0.0,0.0,0.0,0.0,0,-107875648.0,53,0.0,106,-107614832.0,-0.0,ERR,ERR,ERR,ERR,ERR,ERR,ERR,ERR,ERR,ERR,ERR,ERR,ERR,ERR,ERR,ERR,ERR,ERR,ERR,ERR,ERR,ERR,ERR,ERR,ERR,ERR,ERR,ERR,ERR,ERR,ERR,ERR,ERR,ERR,ERR,ERR,ERR,ERR,ERR,ERR,ERR,ERR,ERR,ERR,ERR,ERR,ERR,ERR,ERR,ERR,ERR,ERR,ERR,ERR,ERR,ERR,ERR,ERR,ERR,ERR,ERR,ERR,ERR,ERR,ERR,ERR,ERR,50.0,60.0,100,0.0,0.0,0.0,0.0,0.0,0.0,0.0,0.0,0.0,0.0,0.0,0.0,0.0,0.0,0.0,0.0,61.6,75,13,65511,50,65476,0,300,0,0,8,20529,65476,0,0,26214,60.0,0.0,0.0,0.0,0.0,0.0
2026-05-17T18:05:46,ERR,ERR,ERR,ERR,ERR,ERR,ERR,ERR,ERR,ERR,ERR,ERR,ERR,ERR,ERR,ERR,ERR,ERR,ERR,ERR,ERR,ERR,ERR,ERR,ERR,ERR,ERR,ERR,ERR,ERR,ERR,ERR,ERR,ERR,ERR,ERR,ERR,ERR,ERR,ERR,ERR,ERR,ERR,ERR,ERR,ERR,ERR,ERR,ERR,ERR,ERR,ERR,ERR,ERR,ERR,ERR,ERR,ERR,ERR,ERR,ERR,ERR,ERR,ERR,ERR,ERR,ERR,ERR,ERR,ERR,ERR,ERR,ERR,ERR,ERR,ERR,ERR,ERR,ERR,ERR,ERR,ERR,ERR,ERR,ERR,ERR,ERR,ERR,ERR,ERR,ERR,ERR,ERR,ERR,ERR,ERR,ERR,ERR,ERR,ERR,ERR,ERR,ERR,ERR,ERR,ERR,ERR,ERR,ERR,ERR,ERR,ERR,ERR,ERR,ERR,ERR,ERR,ERR,ERR,ERR,ERR,ERR,ERR,ERR,ERR,-107615288.0,-107615296.0,0.0,0.0,0.0,1.3936040501711995e+18,7.805,0.0,0,0,4,0,8422,0.0,45,0.0,0.0,0.0,0.0,0.0,0,0,0,0,0.0,0,0,0,0,0,0,0,0,0,0,0,0,0,0,0,0,0,0,0,0,0,0,0,0,0,0,0,0,0,0,0,0,0,38,14,7,45,65476,0,300,0,0,8,21553,0.0,-107605600.0,0.0,0.0,0.0,0.0,0.0,0.0,0.0,0.0,0.0,0.0,0.0,0.0,0.0,0.0,0.0,0.0,0.0,0.0,0.0,0.0,-2.004,-2.004,2.004,-2.004,0.0,0.0,0.0,0.0,5015.0,-0.0,0.0,-107615288.0,-107615296.0,-0.0,0.0,0.0,0.0,0.0,0.0,53,-0.0,126840537088.0,0.0,0.0,0.0,0.0,0.0,0.0,0.0,0,0,0,0.0,0.0,0.0,0.0,0.0,0.0,0.0,0.0,0.0,0.0,0.0,0.0,0.0,0.0,0.0,0.0,0,-107875648.0,53,0.0,106,-107614832.0,-0.0,ERR,ERR,ERR,ERR,ERR,ERR,ERR,ERR,ERR,ERR,ERR,ERR,ERR,ERR,ERR,ERR,ERR,ERR,ERR,ERR,ERR,ERR,ERR,ERR,ERR,ERR,ERR,ERR,ERR,ERR,ERR,ERR,ERR,ERR,ERR,ERR,ERR,ERR,ERR,ERR,ERR,ERR,ERR,ERR,ERR,ERR,ERR,ERR,ERR,ERR,ERR,ERR,ERR,ERR,ERR,ERR,ERR,ERR,ERR,ERR,ERR,ERR,ERR,ERR,ERR,ERR,ERR,50.0,60.0,100,0.0,0.0,0.0,0.0,0.0,0.0,0.0,0.0,0.0,0.0,0.0,0.0,0.0,0.0,0.0,0.0,62.0,75,13,65511,50,65476,0,300,0,0,8,20529,65476,0,0,26214,60.0,0.0,0.0,0.0,0.0,0.0
2026-05-17T18:05:47,ERR,ERR,ERR,ERR,ERR,ERR,ERR,ERR,ERR,ERR,ERR,ERR,ERR,ERR,ERR,ERR,ERR,ERR,ERR,ERR,ERR,ERR,ERR,ERR,ERR,ERR,ERR,ERR,ERR,ERR,ERR,ERR,ERR,ERR,ERR,ERR,ERR,ERR,ERR,ERR,ERR,ERR,ERR,ERR,ERR,ERR,ERR,ERR,ERR,ERR,ERR,ERR,ERR,ERR,ERR,ERR,ERR,ERR,ERR,ERR,ERR,ERR,ERR,ERR,ERR,ERR,ERR,ERR,ERR,ERR,ERR,ERR,ERR,ERR,ERR,ERR,ERR,ERR,ERR,ERR,ERR,ERR,ERR,ERR,ERR,ERR,ERR,ERR,ERR,ERR,ERR,ERR,ERR,ERR,ERR,ERR,ERR,ERR,ERR,ERR,ERR,ERR,ERR,ERR,ERR,ERR,ERR,ERR,ERR,ERR,ERR,ERR,ERR,ERR,ERR,ERR,ERR,ERR,ERR,ERR,ERR,ERR,ERR,ERR,ERR,-107615288.0,-107615296.0,0.0,0.0,0.0,1.3936040501711995e+18,7.805,0.0,0,0,4,0,8422,0.0,45,0.0,0.0,0.0,0.0,0.0,0,0,0,0,0.0,0,0,0,0,0,0,0,0,0,0,0,0,0,0,0,0,0,0,0,0,0,0,0,0,0,0,0,0,0,0,0,0,0,38,14,7,45,65476,0,300,0,0,8,21553,0.0,-107605600.0,0.0,0.0,0.0,0.0,0.0,0.0,0.0,0.0,0.0,0.0,0.0,0.0,0.0,0.0,0.0,0.0,0.0,0.0,0.0,0.0,-2.004,-2.004,2.004,-2.004,0.0,0.0,0.0,0.0,5015.0,-0.0,0.0,-107615288.0,-107615296.0,-0.0,0.0,0.0,0.0,0.0,0.0,53,-0.0,126840537088.0,0.0,0.0,0.0,0.0,0.0,0.0,0.0,0,0,0,0.0,0.0,0.0,0.0,0.0,0.0,0.0,0.0,0.0,0.0,0.0,0.0,0.0,0.0,0.0,0.0,0,-107875648.0,53,0.0,106,-107614832.0,-0.0,ERR,ERR,ERR,ERR,ERR,ERR,ERR,ERR,ERR,ERR,ERR,ERR,ERR,ERR,ERR,ERR,ERR,ERR,ERR,ERR,ERR,ERR,ERR,ERR,ERR,ERR,ERR,ERR,ERR,ERR,ERR,ERR,ERR,ERR,ERR,ERR,ERR,ERR,ERR,ERR,ERR,ERR,ERR,ERR,ERR,ERR,ERR,ERR,ERR,ERR,ERR,ERR,ERR,ERR,ERR,ERR,ERR,ERR,ERR,ERR,ERR,ERR,ERR,ERR,ERR,ERR,ERR,50.0,60.0,100,0.0,0.0,0.0,0.0,0.0,0.0,0.0,0.0,0.0,0.0,0.0,0.0,0.0,0.0,0.0,0.0,62.0,75,13,65511,50,65476,0,300,0,0,8,20529,65476,0,0,26214,60.0,0.0,0.0,0.0,0.0,0.0
2026-05-17T18:05:48,ERR,ERR,ERR,ERR,ERR,ERR,ERR,ERR,ERR,ERR,ERR,ERR,ERR,ERR,ERR,ERR,ERR,ERR,ERR,ERR,ERR,ERR,ERR,ERR,ERR,ERR,ERR,ERR,ERR,ERR,ERR,ERR,ERR,ERR,ERR,ERR,ERR,ERR,ERR,ERR,ERR,ERR,ERR,ERR,ERR,ERR,ERR,ERR,ERR,ERR,ERR,ERR,ERR,ERR,ERR,ERR,ERR,ERR,ERR,ERR,ERR,ERR,ERR,ERR,ERR,ERR,ERR,ERR,ERR,ERR,ERR,ERR,ERR,ERR,ERR,ERR,ERR,ERR,ERR,ERR,ERR,ERR,ERR,ERR,ERR,ERR,ERR,ERR,ERR,ERR,ERR,ERR,ERR,ERR,ERR,ERR,ERR,ERR,ERR,ERR,ERR,ERR,ERR,ERR,ERR,ERR,ERR,ERR,ERR,ERR,ERR,ERR,ERR,ERR,ERR,ERR,ERR,ERR,ERR,ERR,ERR,ERR,ERR,ERR,ERR,-107615288.0,-107615296.0,0.0,0.0,0.0,1.3936040501711995e+18,7.805,0.0,0,0,4,0,8422,0.0,45,0.0,0.0,0.0,0.0,0.0,0,0,0,0,0.0,0,0,0,0,0,0,0,0,0,0,0,0,0,0,0,0,0,0,0,0,0,0,0,0,0,0,0,0,0,0,0,0,0,38,14,7,45,65476,0,300,0,0,8,21553,0.0,-107605600.0,0.0,0.0,0.0,0.0,0.0,0.0,0.0,0.0,0.0,0.0,0.0,0.0,0.0,0.0,0.0,0.0,0.0,0.0,0.0,0.0,-2.004,-2.004,2.004,-2.004,0.0,0.0,0.0,0.0,5015.0,-0.0,0.0,-107615288.0,-107615296.0,-0.0,0.0,0.0,0.0,0.0,0.0,53,-0.0,126840537088.0,0.0,0.0,0.0,0.0,0.0,0.0,0.0,0,0,0,0.0,0.0,0.0,0.0,0.0,0.0,0.0,0.0,0.0,0.0,0.0,0.0,0.0,0.0,0.0,0.0,0,-107875648.0,53,0.0,106,-107614832.0,-0.0,ERR,ERR,ERR,ERR,ERR,ERR,ERR,ERR,ERR,ERR,ERR,ERR,ERR,ERR,ERR,ERR,ERR,ERR,ERR,ERR,ERR,ERR,ERR,ERR,ERR,ERR,ERR,ERR,ERR,ERR,ERR,ERR,ERR,ERR,ERR,ERR,ERR,ERR,ERR,ERR,ERR,ERR,ERR,ERR,ERR,ERR,ERR,ERR,ERR,ERR,ERR,ERR,ERR,ERR,ERR,ERR,ERR,ERR,ERR,ERR,ERR,ERR,ERR,ERR,ERR,ERR,ERR,50.0,60.0,100,0.0,0.0,0.0,0.0,0.0,0.0,0.0,0.0,0.0,0.0,0.0,0.0,0.0,0.0,0.0,0.0,61.6,75,13,65511,50,65476,0,300,0,0,8,20529,65476,0,0,26214,60.0,0.0,0.0,0.0,0.0,0.0
2026-05-17T18:05:49,ERR,ERR,ERR,ERR,ERR,ERR,ERR,ERR,ERR,ERR,ERR,ERR,ERR,ERR,ERR,ERR,ERR,ERR,ERR,ERR,ERR,ERR,ERR,ERR,ERR,ERR,ERR,ERR,ERR,ERR,ERR,ERR,ERR,ERR,ERR,ERR,ERR,ERR,ERR,ERR,ERR,ERR,ERR,ERR,ERR,ERR,ERR,ERR,ERR,ERR,ERR,ERR,ERR,ERR,ERR,ERR,ERR,ERR,ERR,ERR,ERR,ERR,ERR,ERR,ERR,ERR,ERR,ERR,ERR,ERR,ERR,ERR,ERR,ERR,ERR,ERR,ERR,ERR,ERR,ERR,ERR,ERR,ERR,ERR,ERR,ERR,ERR,ERR,ERR,ERR,ERR,ERR,ERR,ERR,ERR,ERR,ERR,ERR,ERR,ERR,ERR,ERR,ERR,ERR,ERR,ERR,ERR,ERR,ERR,ERR,ERR,ERR,ERR,ERR,ERR,ERR,ERR,ERR,ERR,ERR,ERR,ERR,ERR,ERR,ERR,-107615288.0,-107615296.0,0.0,0.0,0.0,1.3936040501711995e+18,7.805,0.0,0,0,4,0,8422,0.0,45,0.0,0.0,0.0,0.0,0.0,0,0,0,0,0.0,0,0,0,0,0,0,0,0,0,0,0,0,0,0,0,0,0,0,0,0,0,0,0,0,0,0,0,0,0,0,0,0,0,38,14,7,45,65476,0,300,0,0,8,21553,0.0,-107605600.0,0.0,0.0,0.0,0.0,0.0,0.0,0.0,0.0,0.0,0.0,0.0,0.0,0.0,0.0,0.0,0.0,0.0,0.0,0.0,0.0,-2.004,-2.004,2.004,-2.004,0.0,0.0,0.0,0.0,5015.0,-0.0,0.0,-107615288.0,-107615296.0,-0.0,0.0,0.0,0.0,0.0,0.0,53,-0.0,126840537088.0,0.0,0.0,0.0,0.0,0.0,0.0,0.0,0,0,0,0.0,0.0,0.0,0.0,0.0,0.0,0.0,0.0,0.0,0.0,0.0,0.0,0.0,0.0,0.0,0.0,0,-107875648.0,53,0.0,106,-107614832.0,-0.0,ERR,ERR,ERR,ERR,ERR,ERR,ERR,ERR,ERR,ERR,ERR,ERR,ERR,ERR,ERR,ERR,ERR,ERR,ERR,ERR,ERR,ERR,ERR,ERR,ERR,ERR,ERR,ERR,ERR,ERR,ERR,ERR,ERR,ERR,ERR,ERR,ERR,ERR,ERR,ERR,ERR,ERR,ERR,ERR,ERR,ERR,ERR,ERR,ERR,ERR,ERR,ERR,ERR,ERR,ERR,ERR,ERR,ERR,ERR,ERR,ERR,ERR,ERR,ERR,ERR,ERR,ERR,50.0,60.0,100,0.0,0.0,0.0,0.0,0.0,0.0,0.0,0.0,0.0,0.0,0.0,0.0,0.0,0.0,0.0,0.0,61.6,75,13,65511,50,65476,0,300,0,0,8,20529,65476,0,0,26214,60.0,0.0,0.0,0.0,0.0,0.0
2026-05-17T18:05:50,ERR,ERR,ERR,ERR,ERR,ERR,ERR,ERR,ERR,ERR,ERR,ERR,ERR,ERR,ERR,ERR,ERR,ERR,ERR,ERR,ERR,ERR,ERR,ERR,ERR,ERR,ERR,ERR,ERR,ERR,ERR,ERR,ERR,ERR,ERR,ERR,ERR,ERR,ERR,ERR,ERR,ERR,ERR,ERR,ERR,ERR,ERR,ERR,ERR,ERR,ERR,ERR,ERR,ERR,ERR,ERR,ERR,ERR,ERR,ERR,ERR,ERR,ERR,ERR,ERR,ERR,ERR,ERR,ERR,ERR,ERR,ERR,ERR,ERR,ERR,ERR,ERR,ERR,ERR,ERR,ERR,ERR,ERR,ERR,ERR,ERR,ERR,ERR,ERR,ERR,ERR,ERR,ERR,ERR,ERR,ERR,ERR,ERR,ERR,ERR,ERR,ERR,ERR,ERR,ERR,ERR,ERR,ERR,ERR,ERR,ERR,ERR,ERR,ERR,ERR,ERR,ERR,ERR,ERR,ERR,ERR,ERR,ERR,ERR,ERR,-107615288.0,-107615296.0,0.0,0.0,0.0,1.3936040501711995e+18,7.805,0.0,0,0,4,0,8422,0.0,45,0.0,0.0,0.0,0.0,0.0,0,0,0,0,0.0,0,0,0,0,0,0,0,0,0,0,0,0,0,0,0,0,0,0,0,0,0,0,0,0,0,0,0,0,0,0,0,0,0,38,14,7,45,65476,0,300,0,0,8,21553,0.0,-107605600.0,0.0,0.0,0.0,0.0,0.0,0.0,0.0,0.0,0.0,0.0,0.0,0.0,0.0,0.0,0.0,0.0,0.0,0.0,0.0,0.0,-2.004,-2.004,2.004,-2.004,0.0,0.0,0.0,0.0,5015.0,-0.0,0.0,-107615288.0,-107615296.0,-0.0,0.0,0.0,0.0,0.0,0.0,53,-0.0,126840537088.0,0.0,0.0,0.0,0.0,0.0,0.0,0.0,0,0,0,0.0,0.0,0.0,0.0,0.0,0.0,0.0,0.0,0.0,0.0,0.0,0.0,0.0,0.0,0.0,0.0,0,-107875648.0,53,0.0,106,-107614832.0,-0.0,ERR,ERR,ERR,ERR,ERR,ERR,ERR,ERR,ERR,ERR,ERR,ERR,ERR,ERR,ERR,ERR,ERR,ERR,ERR,ERR,ERR,ERR,ERR,ERR,ERR,ERR,ERR,ERR,ERR,ERR,ERR,ERR,ERR,ERR,ERR,ERR,ERR,ERR,ERR,ERR,ERR,ERR,ERR,ERR,ERR,ERR,ERR,ERR,ERR,ERR,ERR,ERR,ERR,ERR,ERR,ERR,ERR,ERR,ERR,ERR,ERR,ERR,ERR,ERR,ERR,ERR,ERR,50.0,60.0,100,0.0,0.0,0.0,0.0,0.0,0.0,0.0,0.0,0.0,0.0,0.0,0.0,0.0,0.0,0.0,0.0,61.6,75,13,65511,50,65476,0,300,0,0,8,20529,65476,0,0,26214,60.0,0.0,0.0,0.0,0.0,0.0
2026-05-17T18:05:51,ERR,ERR,ERR,ERR,ERR,ERR,ERR,ERR,ERR,ERR,ERR,ERR,ERR,ERR,ERR,ERR,ERR,ERR,ERR,ERR,ERR,ERR,ERR,ERR,ERR,ERR,ERR,ERR,ERR,ERR,ERR,ERR,ERR,ERR,ERR,ERR,ERR,ERR,ERR,ERR,ERR,ERR,ERR,ERR,ERR,ERR,ERR,ERR,ERR,ERR,ERR,ERR,ERR,ERR,ERR,ERR,ERR,ERR,ERR,ERR,ERR,ERR,ERR,ERR,ERR,ERR,ERR,ERR,ERR,ERR,ERR,ERR,ERR,ERR,ERR,ERR,ERR,ERR,ERR,ERR,ERR,ERR,ERR,ERR,ERR,ERR,ERR,ERR,ERR,ERR,ERR,ERR,ERR,ERR,ERR,ERR,ERR,ERR,ERR,ERR,ERR,ERR,ERR,ERR,ERR,ERR,ERR,ERR,ERR,ERR,ERR,ERR,ERR,ERR,ERR,ERR,ERR,ERR,ERR,ERR,ERR,ERR,ERR,ERR,ERR,-107615288.0,-0.0,-134474944.0,0.0,0.0,1.3936040501711995e+18,7.805,0.0,0,0,4,0,8422,0.0,45,0.0,0.0,0.0,0.0,0.0,0,0,0,0,0.0,0,0,0,0,0,0,0,0,0,0,0,0,0,0,0,0,0,0,0,0,0,0,0,0,0,0,0,0,0,0,0,0,0,38,14,7,45,65476,0,300,0,0,8,21553,0.0,-107605600.0,0.0,0.0,0.0,0.0,0.0,0.0,0.0,0.0,0.0,0.0,0.0,0.0,0.0,0.0,0.0,0.0,0.0,0.0,0.0,0.0,-2.004,-2.004,2.004,0.0,0.0,0.0,0.0,0.0,5011.0,564145833377792.0,0.0,-107615288.0,-107615296.0,-0.0,2.718429300292151e+23,0.0,0.0,0.0,0.0,53,4.066880103266858e+29,0.0,0.0,0.0,0.0,0.0,0.0,0.0,0.0,0,0,0,0.0,0.0,0.0,0.0,0.0,0.0,0.0,0.0,0.0,0.0,0.0,0.0,0.0,0.0,0.0,0.0,0,-107875648.0,53,0.0,106,-107614832.0,-0.0,ERR,ERR,ERR,ERR,ERR,ERR,ERR,ERR,ERR,ERR,ERR,ERR,ERR,ERR,ERR,ERR,ERR,ERR,ERR,ERR,ERR,ERR,ERR,ERR,ERR,ERR,ERR,ERR,ERR,ERR,ERR,ERR,ERR,ERR,ERR,ERR,ERR,ERR,ERR,ERR,ERR,ERR,ERR,ERR,ERR,ERR,ERR,ERR,ERR,ERR,ERR,ERR,ERR,ERR,ERR,ERR,ERR,ERR,ERR,ERR,ERR,ERR,ERR,ERR,ERR,ERR,ERR,50.0,60.0,100,0.0,0.0,0.0,0.0,0.0,0.0,0.0,0.0,0.0,0.0,0.0,0.0,0.0,0.0,0.0,0.0,61.6,75,13,65511,50,65476,0,300,0,0,8,20529,65476,0,0,26214,60.0,0.0,0.0,0.0,0.0,0.0
2026-05-17T18:05:52,ERR,ERR,ERR,ERR,ERR,ERR,ERR,ERR,ERR,ERR,ERR,ERR,ERR,ERR,ERR,ERR,ERR,ERR,ERR,ERR,ERR,ERR,ERR,ERR,ERR,ERR,ERR,ERR,ERR,ERR,ERR,ERR,ERR,ERR,ERR,ERR,ERR,ERR,ERR,ERR,ERR,ERR,ERR,ERR,ERR,ERR,ERR,ERR,ERR,ERR,ERR,ERR,ERR,ERR,ERR,ERR,ERR,ERR,ERR,ERR,ERR,ERR,ERR,ERR,ERR,ERR,ERR,ERR,ERR,ERR,ERR,ERR,ERR,ERR,ERR,ERR,ERR,ERR,ERR,ERR,ERR,ERR,ERR,ERR,ERR,ERR,ERR,ERR,ERR,ERR,ERR,ERR,ERR,ERR,ERR,ERR,ERR,ERR,ERR,ERR,ERR,ERR,ERR,ERR,ERR,ERR,ERR,ERR,ERR,ERR,ERR,ERR,ERR,ERR,ERR,ERR,ERR,ERR,ERR,ERR,ERR,ERR,ERR,ERR,ERR,-107615288.0,-0.0,-134474944.0,0.0,0.0,1.3936040501711995e+18,7.805,0.0,0,0,4,0,8422,0.0,45,0.0,0.0,0.0,0.0,0.0,0,0,0,0,0.0,0,0,0,0,0,0,0,0,0,0,0,0,0,0,0,0,0,0,0,0,0,0,0,0,0,0,0,0,0,0,0,0,0,38,14,7,45,65476,0,300,0,0,8,21553,0.0,-107605600.0,0.0,0.0,0.0,0.0,0.0,0.0,0.0,0.0,0.0,0.0,0.0,0.0,0.0,0.0,0.0,0.0,0.0,0.0,0.0,0.0,-2.004,-2.004,2.004,0.0,0.0,0.0,0.0,0.0,5011.0,564145833377792.0,0.0,-107615288.0,-107615296.0,-0.0,2.718429300292151e+23,0.0,0.0,0.0,0.0,53,4.066880103266858e+29,0.0,0.0,0.0,0.0,0.0,0.0,0.0,0.0,0,0,0,0.0,0.0,0.0,0.0,0.0,0.0,0.0,0.0,0.0,0.0,0.0,0.0,0.0,0.0,0.0,0.0,0,-107875648.0,53,0.0,106,-107614832.0,-0.0,ERR,ERR,ERR,ERR,ERR,ERR,ERR,ERR,ERR,ERR,ERR,ERR,ERR,ERR,ERR,ERR,ERR,ERR,ERR,ERR,ERR,ERR,ERR,ERR,ERR,ERR,ERR,ERR,ERR,ERR,ERR,ERR,ERR,ERR,ERR,ERR,ERR,ERR,ERR,ERR,ERR,ERR,ERR,ERR,ERR,ERR,ERR,ERR,ERR,ERR,ERR,ERR,ERR,ERR,ERR,ERR,ERR,ERR,ERR,ERR,ERR,ERR,ERR,ERR,ERR,ERR,ERR,50.0,60.0,100,0.0,0.0,0.0,0.0,0.0,0.0,0.0,0.0,0.0,0.0,0.0,0.0,0.0,0.0,0.0,0.0,61.6,75,13,65511,50,65476,0,300,0,0,8,20529,65476,0,0,26214,60.0,0.0,0.0,0.0,0.0,0.0
2026-05-17T18:05:53,ERR,ERR,ERR,ERR,ERR,ERR,ERR,ERR,ERR,ERR,ERR,ERR,ERR,ERR,ERR,ERR,ERR,ERR,ERR,ERR,ERR,ERR,ERR,ERR,ERR,ERR,ERR,ERR,ERR,ERR,ERR,ERR,ERR,ERR,ERR,ERR,ERR,ERR,ERR,ERR,ERR,ERR,ERR,ERR,ERR,ERR,ERR,ERR,ERR,ERR,ERR,ERR,ERR,ERR,ERR,ERR,ERR,ERR,ERR,ERR,ERR,ERR,ERR,ERR,ERR,ERR,ERR,ERR,ERR,ERR,ERR,ERR,ERR,ERR,ERR,ERR,ERR,ERR,ERR,ERR,ERR,ERR,ERR,ERR,ERR,ERR,ERR,ERR,ERR,ERR,ERR,ERR,ERR,ERR,ERR,ERR,ERR,ERR,ERR,ERR,ERR,ERR,ERR,ERR,ERR,ERR,ERR,ERR,ERR,ERR,ERR,ERR,ERR,ERR,ERR,ERR,ERR,ERR,ERR,ERR,ERR,ERR,ERR,ERR,ERR,-107615288.0,-0.0,-134474944.0,0.0,0.0,1.3936040501711995e+18,7.805,0.0,0,0,4,0,8422,0.0,45,0.0,0.0,0.0,0.0,0.0,0,0,0,0,0.0,0,0,0,0,0,0,0,0,0,0,0,0,0,0,0,0,0,0,0,0,0,0,0,0,0,0,0,0,0,0,0,0,0,38,14,7,45,65476,0,300,0,0,8,21553,0.0,-107605600.0,0.0,0.0,0.0,0.0,0.0,0.0,0.0,0.0,0.0,0.0,0.0,0.0,0.0,0.0,0.0,0.0,0.0,0.0,0.0,0.0,-2.004,-2.004,2.004,0.0,0.0,0.0,0.0,0.0,5011.0,564145833377792.0,0.0,-107615288.0,-107615296.0,-0.0,2.718429300292151e+23,0.0,0.0,0.0,0.0,53,4.066880103266858e+29,0.0,0.0,0.0,0.0,0.0,0.0,0.0,0.0,0,0,0,0.0,0.0,0.0,0.0,0.0,0.0,0.0,0.0,0.0,0.0,0.0,0.0,0.0,0.0,0.0,0.0,0,-107875648.0,53,0.0,106,-107614832.0,-0.0,ERR,ERR,ERR,ERR,ERR,ERR,ERR,ERR,ERR,ERR,ERR,ERR,ERR,ERR,ERR,ERR,ERR,ERR,ERR,ERR,ERR,ERR,ERR,ERR,ERR,ERR,ERR,ERR,ERR,ERR,ERR,ERR,ERR,ERR,ERR,ERR,ERR,ERR,ERR,ERR,ERR,ERR,ERR,ERR,ERR,ERR,ERR,ERR,ERR,ERR,ERR,ERR,ERR,ERR,ERR,ERR,ERR,ERR,ERR,ERR,ERR,ERR,ERR,ERR,ERR,ERR,ERR,50.0,60.0,100,0.0,0.0,0.0,0.0,0.0,0.0,0.0,0.0,0.0,0.0,0.0,0.0,0.0,0.0,0.0,0.0,62.0,75,13,65511,50,65476,0,300,0,0,8,20529,65476,0,0,26214,60.0,0.0,0.0,0.0,0.0,0.0
2026-05-17T18:05:54,ERR,ERR,ERR,ERR,ERR,ERR,ERR,ERR,ERR,ERR,ERR,ERR,ERR,ERR,ERR,ERR,ERR,ERR,ERR,ERR,ERR,ERR,ERR,ERR,ERR,ERR,ERR,ERR,ERR,ERR,ERR,ERR,ERR,ERR,ERR,ERR,ERR,ERR,ERR,ERR,ERR,ERR,ERR,ERR,ERR,ERR,ERR,ERR,ERR,ERR,ERR,ERR,ERR,ERR,ERR,ERR,ERR,ERR,ERR,ERR,ERR,ERR,ERR,ERR,ERR,ERR,ERR,ERR,ERR,ERR,ERR,ERR,ERR,ERR,ERR,ERR,ERR,ERR,ERR,ERR,ERR,ERR,ERR,ERR,ERR,ERR,ERR,ERR,ERR,ERR,ERR,ERR,ERR,ERR,ERR,ERR,ERR,ERR,ERR,ERR,ERR,ERR,ERR,ERR,ERR,ERR,ERR,ERR,ERR,ERR,ERR,ERR,ERR,ERR,ERR,ERR,ERR,ERR,ERR,ERR,ERR,ERR,ERR,ERR,ERR,-107615288.0,-0.0,-134474944.0,0.0,0.0,1.3936040501711995e+18,7.805,0.0,0,0,4,0,8422,0.0,45,0.0,0.0,0.0,0.0,0.0,0,0,0,0,0.0,0,0,0,0,0,0,0,0,0,0,0,0,0,0,0,0,0,0,0,0,0,0,0,0,0,0,0,0,0,0,0,0,0,38,14,7,45,65476,0,300,0,0,8,21553,0.0,-107605600.0,0.0,0.0,0.0,0.0,0.0,0.0,0.0,0.0,0.0,0.0,0.0,0.0,0.0,0.0,0.0,0.0,0.0,0.0,0.0,0.0,-2.004,-2.004,2.004,0.0,0.0,0.0,0.0,0.0,5011.0,564145833377792.0,0.0,-107615288.0,-107615296.0,-0.0,2.718429300292151e+23,0.0,0.0,0.0,0.0,53,4.066880103266858e+29,0.0,0.0,0.0,0.0,0.0,0.0,0.0,0.0,0,0,0,0.0,0.0,0.0,0.0,0.0,0.0,0.0,0.0,0.0,0.0,0.0,0.0,0.0,0.0,0.0,0.0,0,-107875648.0,53,0.0,106,-107614832.0,-0.0,ERR,ERR,ERR,ERR,ERR,ERR,ERR,ERR,ERR,ERR,ERR,ERR,ERR,ERR,ERR,ERR,ERR,ERR,ERR,ERR,ERR,ERR,ERR,ERR,ERR,ERR,ERR,ERR,ERR,ERR,ERR,ERR,ERR,ERR,ERR,ERR,ERR,ERR,ERR,ERR,ERR,ERR,ERR,ERR,ERR,ERR,ERR,ERR,ERR,ERR,ERR,ERR,ERR,ERR,ERR,ERR,ERR,ERR,ERR,ERR,ERR,ERR,ERR,ERR,ERR,ERR,ERR,50.0,60.0,100,0.0,0.0,0.0,0.0,0.0,0.0,0.0,0.0,0.0,0.0,0.0,0.0,0.0,0.0,0.0,0.0,62.0,75,13,65511,50,65476,0,300,0,0,8,20529,65476,0,0,26214,60.0,0.0,0.0,0.0,0.0,0.0
2026-05-17T18:05:55,ERR,ERR,ERR,ERR,ERR,ERR,ERR,ERR,ERR,ERR,ERR,ERR,ERR,ERR,ERR,ERR,ERR,ERR,ERR,ERR,ERR,ERR,ERR,ERR,ERR,ERR,ERR,ERR,ERR,ERR,ERR,ERR,ERR,ERR,ERR,ERR,ERR,ERR,ERR,ERR,ERR,ERR,ERR,ERR,ERR,ERR,ERR,ERR,ERR,ERR,ERR,ERR,ERR,ERR,ERR,ERR,ERR,ERR,ERR,ERR,ERR,ERR,ERR,ERR,ERR,ERR,ERR,ERR,ERR,ERR,ERR,ERR,ERR,ERR,ERR,ERR,ERR,ERR,ERR,ERR,ERR,ERR,ERR,ERR,ERR,ERR,ERR,ERR,ERR,ERR,ERR,ERR,ERR,ERR,ERR,ERR,ERR,ERR,ERR,ERR,ERR,ERR,ERR,ERR,ERR,ERR,ERR,ERR,ERR,ERR,ERR,ERR,ERR,ERR,ERR,ERR,ERR,ERR,ERR,ERR,ERR,ERR,ERR,ERR,ERR,-107615288.0,-0.0,-134474944.0,0.0,0.0,1.3936040501711995e+18,7.805,0.0,0,0,4,0,8422,0.0,45,0.0,0.0,0.0,0.0,0.0,0,0,0,0,0.0,0,0,0,0,0,0,0,0,0,0,0,0,0,0,0,0,0,0,0,0,0,0,0,0,0,0,0,0,0,0,0,0,0,38,14,7,45,65476,0,300,0,0,8,21553,0.0,-107605600.0,0.0,0.0,0.0,0.0,0.0,0.0,0.0,0.0,0.0,0.0,0.0,0.0,0.0,0.0,0.0,0.0,0.0,0.0,0.0,0.0,-2.004,-2.004,2.004,0.0,0.0,0.0,0.0,0.0,5011.0,564145833377792.0,0.0,-107615288.0,-107615296.0,-0.0,2.718429300292151e+23,0.0,0.0,0.0,0.0,53,4.066880103266858e+29,0.0,0.0,0.0,0.0,0.0,0.0,0.0,0.0,0,0,0,0.0,0.0,0.0,0.0,0.0,0.0,0.0,0.0,0.0,0.0,0.0,0.0,0.0,0.0,0.0,0.0,0,-107875648.0,53,0.0,106,-107614832.0,-0.0,ERR,ERR,ERR,ERR,ERR,ERR,ERR,ERR,ERR,ERR,ERR,ERR,ERR,ERR,ERR,ERR,ERR,ERR,ERR,ERR,ERR,ERR,ERR,ERR,ERR,ERR,ERR,ERR,ERR,ERR,ERR,ERR,ERR,ERR,ERR,ERR,ERR,ERR,ERR,ERR,ERR,ERR,ERR,ERR,ERR,ERR,ERR,ERR,ERR,ERR,ERR,ERR,ERR,ERR,ERR,ERR,ERR,ERR,ERR,ERR,ERR,ERR,ERR,ERR,ERR,ERR,ERR,50.0,60.0,100,0.0,0.0,0.0,0.0,0.0,0.0,0.0,0.0,0.0,0.0,0.0,0.0,0.0,0.0,0.0,0.0,62.0,75,13,65511,50,65476,0,300,0,0,8,20529,65476,0,0,26214,60.0,0.0,0.0,0.0,0.0,0.0
2026-05-17T18:05:56,ERR,ERR,ERR,ERR,ERR,ERR,ERR,ERR,ERR,ERR,ERR,ERR,ERR,ERR,ERR,ERR,ERR,ERR,ERR,ERR,ERR,ERR,ERR,ERR,ERR,ERR,ERR,ERR,ERR,ERR,ERR,ERR,ERR,ERR,ERR,ERR,ERR,ERR,ERR,ERR,ERR,ERR,ERR,ERR,ERR,ERR,ERR,ERR,ERR,ERR,ERR,ERR,ERR,ERR,ERR,ERR,ERR,ERR,ERR,ERR,ERR,ERR,ERR,ERR,ERR,ERR,ERR,ERR,ERR,ERR,ERR,ERR,ERR,ERR,ERR,ERR,ERR,ERR,ERR,ERR,ERR,ERR,ERR,ERR,ERR,ERR,ERR,ERR,ERR,ERR,ERR,ERR,ERR,ERR,ERR,ERR,ERR,ERR,ERR,ERR,ERR,ERR,ERR,ERR,ERR,ERR,ERR,ERR,ERR,ERR,ERR,ERR,ERR,ERR,ERR,ERR,ERR,ERR,ERR,ERR,ERR,ERR,ERR,ERR,ERR,-107615288.0,-0.0,-134474944.0,0.0,0.0,1.3936040501711995e+18,7.805,0.0,0,0,4,0,8422,0.0,45,0.0,0.0,0.0,0.0,0.0,0,0,0,0,0.0,0,0,0,0,0,0,0,0,0,0,0,0,0,0,0,0,0,0,0,0,0,0,0,0,0,0,0,0,0,0,0,0,0,38,14,7,45,65476,0,300,0,0,8,21553,0.0,-107605600.0,0.0,0.0,0.0,0.0,0.0,0.0,0.0,0.0,0.0,0.0,0.0,0.0,0.0,0.0,0.0,0.0,0.0,0.0,0.0,0.0,-2.004,-2.004,2.004,-2.004,0.0,0.0,0.0,0.0,5013.0,0.0,0.0,-107615288.0,-107615296.0,-0.0,0.0,0.0,0.0,0.0,0.0,53,-0.0,-107614776.0,0.0,0.0,0.0,0.0,0.0,0.0,0.0,0,0,0,0.0,0.0,0.0,0.0,0.0,0.0,0.0,0.0,0.0,0.0,0.0,0.0,0.0,0.0,0.0,0.0,0,-107875648.0,53,0.0,106,-107614832.0,-0.0,ERR,ERR,ERR,ERR,ERR,ERR,ERR,ERR,ERR,ERR,ERR,ERR,ERR,ERR,ERR,ERR,ERR,ERR,ERR,ERR,ERR,ERR,ERR,ERR,ERR,ERR,ERR,ERR,ERR,ERR,ERR,ERR,ERR,ERR,ERR,ERR,ERR,ERR,ERR,ERR,ERR,ERR,ERR,ERR,ERR,ERR,ERR,ERR,ERR,ERR,ERR,ERR,ERR,ERR,ERR,ERR,ERR,ERR,ERR,ERR,ERR,ERR,ERR,ERR,ERR,ERR,ERR,50.0,60.0,100,0.0,0.0,0.0,0.0,0.0,0.0,0.0,0.0,0.0,0.0,0.0,0.0,0.0,0.0,0.0,0.0,62.0,75,13,65511,50,65476,0,300,0,0,8,20529,65476,0,0,26214,60.0,0.0,0.0,0.0,0.0,0.0
2026-05-17T18:05:57,ERR,ERR,ERR,ERR,ERR,ERR,ERR,ERR,ERR,ERR,ERR,ERR,ERR,ERR,ERR,ERR,ERR,ERR,ERR,ERR,ERR,ERR,ERR,ERR,ERR,ERR,ERR,ERR,ERR,ERR,ERR,ERR,ERR,ERR,ERR,ERR,ERR,ERR,ERR,ERR,ERR,ERR,ERR,ERR,ERR,ERR,ERR,ERR,ERR,ERR,ERR,ERR,ERR,ERR,ERR,ERR,ERR,ERR,ERR,ERR,ERR,ERR,ERR,ERR,ERR,ERR,ERR,ERR,ERR,ERR,ERR,ERR,ERR,ERR,ERR,ERR,ERR,ERR,ERR,ERR,ERR,ERR,ERR,ERR,ERR,ERR,ERR,ERR,ERR,ERR,ERR,ERR,ERR,ERR,ERR,ERR,ERR,ERR,ERR,ERR,ERR,ERR,ERR,ERR,ERR,ERR,ERR,ERR,ERR,ERR,ERR,ERR,ERR,ERR,ERR,ERR,ERR,ERR,ERR,ERR,ERR,ERR,ERR,ERR,ERR,-107615288.0,-0.0,-134474944.0,0.0,0.0,1.3936040501711995e+18,7.805,0.0,0,0,4,0,8422,0.0,45,0.0,0.0,0.0,0.0,0.0,0,0,0,0,0.0,0,0,0,0,0,0,0,0,0,0,0,0,0,0,0,0,0,0,0,0,0,0,0,0,0,0,0,0,0,0,0,0,0,38,14,7,45,65476,0,300,0,0,8,21553,0.0,-107605600.0,0.0,0.0,0.0,0.0,0.0,0.0,0.0,0.0,0.0,0.0,0.0,0.0,0.0,0.0,0.0,0.0,0.0,0.0,0.0,0.0,-2.004,-2.004,2.004,-2.004,0.0,0.0,0.0,0.0,5013.0,0.0,0.0,-107615288.0,-107615296.0,-0.0,0.0,0.0,0.0,0.0,0.0,53,-0.0,-107614776.0,0.0,0.0,0.0,0.0,0.0,0.0,0.0,0,0,0,0.0,0.0,0.0,0.0,0.0,0.0,0.0,0.0,0.0,0.0,0.0,0.0,0.0,0.0,0.0,0.0,0,-107875648.0,53,0.0,106,-107614832.0,-0.0,ERR,ERR,ERR,ERR,ERR,ERR,ERR,ERR,ERR,ERR,ERR,ERR,ERR,ERR,ERR,ERR,ERR,ERR,ERR,ERR,ERR,ERR,ERR,ERR,ERR,ERR,ERR,ERR,ERR,ERR,ERR,ERR,ERR,ERR,ERR,ERR,ERR,ERR,ERR,ERR,ERR,ERR,ERR,ERR,ERR,ERR,ERR,ERR,ERR,ERR,ERR,ERR,ERR,ERR,ERR,ERR,ERR,ERR,ERR,ERR,ERR,ERR,ERR,ERR,ERR,ERR,ERR,50.0,60.0,100,0.0,0.0,0.0,0.0,0.0,0.0,0.0,0.0,0.0,0.0,0.0,0.0,0.0,0.0,0.0,0.0,62.0,75,13,65511,50,65476,0,300,0,0,8,20529,65476,0,0,26214,60.0,0.0,0.0,0.0,0.0,0.0
2026-05-17T18:05:58,ERR,ERR,ERR,ERR,ERR,ERR,ERR,ERR,ERR,ERR,ERR,ERR,ERR,ERR,ERR,ERR,ERR,ERR,ERR,ERR,ERR,ERR,ERR,ERR,ERR,ERR,ERR,ERR,ERR,ERR,ERR,ERR,ERR,ERR,ERR,ERR,ERR,ERR,ERR,ERR,ERR,ERR,ERR,ERR,ERR,ERR,ERR,ERR,ERR,ERR,ERR,ERR,ERR,ERR,ERR,ERR,ERR,ERR,ERR,ERR,ERR,ERR,ERR,ERR,ERR,ERR,ERR,ERR,ERR,ERR,ERR,ERR,ERR,ERR,ERR,ERR,ERR,ERR,ERR,ERR,ERR,ERR,ERR,ERR,ERR,ERR,ERR,ERR,ERR,ERR,ERR,ERR,ERR,ERR,ERR,ERR,ERR,ERR,ERR,ERR,ERR,ERR,ERR,ERR,ERR,ERR,ERR,ERR,ERR,ERR,ERR,ERR,ERR,ERR,ERR,ERR,ERR,ERR,ERR,ERR,ERR,ERR,ERR,ERR,ERR,-107615288.0,-0.0,-134474944.0,0.0,0.0,1.3936040501711995e+18,7.805,0.0,0,0,4,0,8422,0.0,45,0.0,0.0,0.0,0.0,0.0,0,0,0,0,0.0,0,0,0,0,0,0,0,0,0,0,0,0,0,0,0,0,0,0,0,0,0,0,0,0,0,0,0,0,0,0,0,0,0,38,14,7,45,65476,0,300,0,0,8,21553,0.0,-107605600.0,0.0,0.0,0.0,0.0,0.0,0.0,0.0,0.0,0.0,0.0,0.0,0.0,0.0,0.0,0.0,0.0,0.0,0.0,0.0,0.0,-2.004,-2.004,2.004,-2.004,0.0,0.0,0.0,0.0,5013.0,0.0,0.0,-107615288.0,-107615296.0,-0.0,0.0,0.0,0.0,0.0,0.0,53,-0.0,-107614776.0,0.0,0.0,0.0,0.0,0.0,0.0,0.0,0,0,0,0.0,0.0,0.0,0.0,0.0,0.0,0.0,0.0,0.0,0.0,0.0,0.0,0.0,0.0,0.0,0.0,0,-107875648.0,53,0.0,106,-107614832.0,-0.0,ERR,ERR,ERR,ERR,ERR,ERR,ERR,ERR,ERR,ERR,ERR,ERR,ERR,ERR,ERR,ERR,ERR,ERR,ERR,ERR,ERR,ERR,ERR,ERR,ERR,ERR,ERR,ERR,ERR,ERR,ERR,ERR,ERR,ERR,ERR,ERR,ERR,ERR,ERR,ERR,ERR,ERR,ERR,ERR,ERR,ERR,ERR,ERR,ERR,ERR,ERR,ERR,ERR,ERR,ERR,ERR,ERR,ERR,ERR,ERR,ERR,ERR,ERR,ERR,ERR,ERR,ERR,50.0,60.0,100,0.0,0.0,0.0,0.0,0.0,0.0,0.0,0.0,0.0,0.0,0.0,0.0,0.0,0.0,0.0,0.0,62.0,75,13,65511,50,65476,0,300,0,0,8,20529,65476,0,0,26214,60.0,0.0,0.0,0.0,0.0,0.0
2026-05-17T18:05:59,ERR,ERR,ERR,ERR,ERR,ERR,ERR,ERR,ERR,ERR,ERR,ERR,ERR,ERR,ERR,ERR,ERR,ERR,ERR,ERR,ERR,ERR,ERR,ERR,ERR,ERR,ERR,ERR,ERR,ERR,ERR,ERR,ERR,ERR,ERR,ERR,ERR,ERR,ERR,ERR,ERR,ERR,ERR,ERR,ERR,ERR,ERR,ERR,ERR,ERR,ERR,ERR,ERR,ERR,ERR,ERR,ERR,ERR,ERR,ERR,ERR,ERR,ERR,ERR,ERR,ERR,ERR,ERR,ERR,ERR,ERR,ERR,ERR,ERR,ERR,ERR,ERR,ERR,ERR,ERR,ERR,ERR,ERR,ERR,ERR,ERR,ERR,ERR,ERR,ERR,ERR,ERR,ERR,ERR,ERR,ERR,ERR,ERR,ERR,ERR,ERR,ERR,ERR,ERR,ERR,ERR,ERR,ERR,ERR,ERR,ERR,ERR,ERR,ERR,ERR,ERR,ERR,ERR,ERR,ERR,ERR,ERR,ERR,ERR,ERR,-107615288.0,-0.0,-134474944.0,0.0,0.0,1.3936040501711995e+18,7.805,0.0,0,0,4,0,8422,0.0,45,0.0,0.0,0.0,0.0,0.0,0,0,0,0,0.0,0,0,0,0,0,0,0,0,0,0,0,0,0,0,0,0,0,0,0,0,0,0,0,0,0,0,0,0,0,0,0,0,0,38,14,7,45,65476,0,300,0,0,8,21553,0.0,-107605600.0,0.0,0.0,0.0,0.0,0.0,0.0,0.0,0.0,0.0,0.0,0.0,0.0,0.0,0.0,0.0,0.0,0.0,0.0,0.0,0.0,-2.004,-2.004,2.004,-2.004,0.0,0.0,0.0,0.0,5013.0,0.0,0.0,-107615288.0,-107615296.0,-0.0,0.0,0.0,0.0,0.0,0.0,53,-0.0,-107614776.0,0.0,0.0,0.0,0.0,0.0,0.0,0.0,0,0,0,0.0,0.0,0.0,0.0,0.0,0.0,0.0,0.0,0.0,0.0,0.0,0.0,0.0,0.0,0.0,0.0,0,-107875648.0,53,0.0,106,-107614832.0,-0.0,ERR,ERR,ERR,ERR,ERR,ERR,ERR,ERR,ERR,ERR,ERR,ERR,ERR,ERR,ERR,ERR,ERR,ERR,ERR,ERR,ERR,ERR,ERR,ERR,ERR,ERR,ERR,ERR,ERR,ERR,ERR,ERR,ERR,ERR,ERR,ERR,ERR,ERR,ERR,ERR,ERR,ERR,ERR,ERR,ERR,ERR,ERR,ERR,ERR,ERR,ERR,ERR,ERR,ERR,ERR,ERR,ERR,ERR,ERR,ERR,ERR,ERR,ERR,ERR,ERR,ERR,ERR,50.0,60.0,100,0.0,0.0,0.0,0.0,0.0,0.0,0.0,0.0,0.0,0.0,0.0,0.0,0.0,0.0,0.0,0.0,62.0,75,13,65511,50,65476,0,300,0,0,8,20529,65476,0,0,26214,60.0,0.0,0.0,0.0,0.0,0.0
2026-05-17T18:06:00,ERR,ERR,ERR,ERR,ERR,ERR,ERR,ERR,ERR,ERR,ERR,ERR,ERR,ERR,ERR,ERR,ERR,ERR,ERR,ERR,ERR,ERR,ERR,ERR,ERR,ERR,ERR,ERR,ERR,ERR,ERR,ERR,ERR,ERR,ERR,ERR,ERR,ERR,ERR,ERR,ERR,ERR,ERR,ERR,ERR,ERR,ERR,ERR,ERR,ERR,ERR,ERR,ERR,ERR,ERR,ERR,ERR,ERR,ERR,ERR,ERR,ERR,ERR,ERR,ERR,ERR,ERR,ERR,ERR,ERR,ERR,ERR,ERR,ERR,ERR,ERR,ERR,ERR,ERR,ERR,ERR,ERR,ERR,ERR,ERR,ERR,ERR,ERR,ERR,ERR,ERR,ERR,ERR,ERR,ERR,ERR,ERR,ERR,ERR,ERR,ERR,ERR,ERR,ERR,ERR,ERR,ERR,ERR,ERR,ERR,ERR,ERR,ERR,ERR,ERR,ERR,ERR,ERR,ERR,ERR,ERR,ERR,ERR,ERR,ERR,-107615288.0,-0.0,-134474944.0,0.0,0.0,1.3936040501711995e+18,7.805,0.0,0,0,4,0,8422,0.0,45,0.0,0.0,0.0,0.0,0.0,0,0,0,0,0.0,0,0,0,0,0,0,0,0,0,0,0,0,0,0,0,0,0,0,0,0,0,0,0,0,0,0,0,0,0,0,0,0,0,38,14,7,45,65476,0,300,0,0,8,21553,0.0,-107605600.0,0.0,0.0,0.0,0.0,0.0,0.0,0.0,0.0,0.0,0.0,0.0,0.0,0.0,0.0,0.0,0.0,0.0,0.0,0.0,0.0,-2.004,-2.004,2.004,-2.004,0.0,0.0,0.0,0.0,5013.0,0.0,0.0,-107615288.0,-107615296.0,-0.0,0.0,0.0,0.0,0.0,0.0,53,-0.0,-107614776.0,0.0,0.0,0.0,0.0,0.0,0.0,0.0,0,0,0,0.0,0.0,0.0,0.0,0.0,0.0,0.0,0.0,0.0,0.0,0.0,0.0,0.0,0.0,0.0,0.0,0,-107875648.0,53,0.0,106,-107614832.0,-0.0,ERR,ERR,ERR,ERR,ERR,ERR,ERR,ERR,ERR,ERR,ERR,ERR,ERR,ERR,ERR,ERR,ERR,ERR,ERR,ERR,ERR,ERR,ERR,ERR,ERR,ERR,ERR,ERR,ERR,ERR,ERR,ERR,ERR,ERR,ERR,ERR,ERR,ERR,ERR,ERR,ERR,ERR,ERR,ERR,ERR,ERR,ERR,ERR,ERR,ERR,ERR,ERR,ERR,ERR,ERR,ERR,ERR,ERR,ERR,ERR,ERR,ERR,ERR,ERR,ERR,ERR,ERR,50.0,60.0,100,0.0,0.0,0.0,0.0,0.0,0.0,0.0,0.0,0.0,0.0,0.0,0.0,0.0,0.0,0.0,0.0,61.6,75,13,65511,50,65476,0,300,0,0,8,20529,65476,0,0,26214,60.0,0.0,0.0,0.0,0.0,0.0
2026-05-17T18:06:01,ERR,ERR,ERR,ERR,ERR,ERR,ERR,ERR,ERR,ERR,ERR,ERR,ERR,ERR,ERR,ERR,ERR,ERR,ERR,ERR,ERR,ERR,ERR,ERR,ERR,ERR,ERR,ERR,ERR,ERR,ERR,ERR,ERR,ERR,ERR,ERR,ERR,ERR,ERR,ERR,ERR,ERR,ERR,ERR,ERR,ERR,ERR,ERR,ERR,ERR,ERR,ERR,ERR,ERR,ERR,ERR,ERR,ERR,ERR,ERR,ERR,ERR,ERR,ERR,ERR,ERR,ERR,ERR,ERR,ERR,ERR,ERR,ERR,ERR,ERR,ERR,ERR,ERR,ERR,ERR,ERR,ERR,ERR,ERR,ERR,ERR,ERR,ERR,ERR,ERR,ERR,ERR,ERR,ERR,ERR,ERR,ERR,ERR,ERR,ERR,ERR,ERR,ERR,ERR,ERR,ERR,ERR,ERR,ERR,ERR,ERR,ERR,ERR,ERR,ERR,ERR,ERR,ERR,ERR,ERR,ERR,ERR,ERR,ERR,ERR,0.0,-107615296.0,-134474944.0,0.0,0.0,1.3936040501711995e+18,7.805,0.0,0,0,4,0,8422,0.0,45,0.0,0.0,0.0,0.0,0.0,0,0,0,0,0.0,0,0,0,0,0,0,0,0,0,0,0,0,0,0,0,0,0,0,0,0,0,0,0,0,0,0,0,0,0,0,0,0,0,38,14,7,45,65476,0,300,0,0,8,21553,0.0,-107605600.0,0.0,0.0,0.0,0.0,0.0,0.0,0.0,0.0,0.0,0.0,0.0,0.0,0.0,0.0,0.0,0.0,0.0,0.0,0.0,0.0,-2.004,-2.004,2.004,0.0,0.0,0.0,0.0,0.0,5019.0,0.0,0.0,-107615288.0,-107615296.0,-107615280.0,0.0,0.0,0.0,0.0,0.0,53,-0.0,-107614776.0,0.0,0.0,0.0,0.0,0.0,0.0,0.0,0,0,0,0.0,0.0,0.0,0.0,0.0,0.0,0.0,0.0,0.0,0.0,0.0,0.0,0.0,0.0,0.0,0.0,0,-107875648.0,53,0.0,106,-107614832.0,0.0,ERR,ERR,ERR,ERR,ERR,ERR,ERR,ERR,ERR,ERR,ERR,ERR,ERR,ERR,ERR,ERR,ERR,ERR,ERR,ERR,ERR,ERR,ERR,ERR,ERR,ERR,ERR,ERR,ERR,ERR,ERR,ERR,ERR,ERR,ERR,ERR,ERR,ERR,ERR,ERR,ERR,ERR,ERR,ERR,ERR,ERR,ERR,ERR,ERR,ERR,ERR,ERR,ERR,ERR,ERR,ERR,ERR,ERR,ERR,ERR,ERR,ERR,ERR,ERR,ERR,ERR,ERR,50.0,60.0,100,0.0,0.0,0.0,0.0,0.0,0.0,0.0,0.0,0.0,0.0,0.0,0.0,0.0,0.0,0.0,0.0,61.6,75,13,65511,50,65476,0,300,0,0,8,20529,65476,0,0,26214,60.0,0.0,0.0,0.0,0.0,0.0
2026-05-17T18:06:02,ERR,ERR,ERR,ERR,ERR,ERR,ERR,ERR,ERR,ERR,ERR,ERR,ERR,ERR,ERR,ERR,ERR,ERR,ERR,ERR,ERR,ERR,ERR,ERR,ERR,ERR,ERR,ERR,ERR,ERR,ERR,ERR,ERR,ERR,ERR,ERR,ERR,ERR,ERR,ERR,ERR,ERR,ERR,ERR,ERR,ERR,ERR,ERR,ERR,ERR,ERR,ERR,ERR,ERR,ERR,ERR,ERR,ERR,ERR,ERR,ERR,ERR,ERR,ERR,ERR,ERR,ERR,ERR,ERR,ERR,ERR,ERR,ERR,ERR,ERR,ERR,ERR,ERR,ERR,ERR,ERR,ERR,ERR,ERR,ERR,ERR,ERR,ERR,ERR,ERR,ERR,ERR,ERR,ERR,ERR,ERR,ERR,ERR,ERR,ERR,ERR,ERR,ERR,ERR,ERR,ERR,ERR,ERR,ERR,ERR,ERR,ERR,ERR,ERR,ERR,ERR,ERR,ERR,ERR,ERR,ERR,ERR,ERR,ERR,ERR,0.0,-107615296.0,-134474944.0,0.0,0.0,1.3936040501711995e+18,7.805,0.0,0,0,4,0,8422,0.0,45,0.0,0.0,0.0,0.0,0.0,0,0,0,0,0.0,0,0,0,0,0,0,0,0,0,0,0,0,0,0,0,0,0,0,0,0,0,0,0,0,0,0,0,0,0,0,0,0,0,38,14,7,45,65476,0,300,0,0,8,21553,0.0,-107605600.0,0.0,0.0,0.0,0.0,0.0,0.0,0.0,0.0,0.0,0.0,0.0,0.0,0.0,0.0,0.0,0.0,0.0,0.0,0.0,0.0,-2.004,-2.004,2.004,0.0,0.0,0.0,0.0,0.0,5019.0,0.0,0.0,-107615288.0,-107615296.0,-107615280.0,0.0,0.0,0.0,0.0,0.0,53,-0.0,-107614776.0,0.0,0.0,0.0,0.0,0.0,0.0,0.0,0,0,0,0.0,0.0,0.0,0.0,0.0,0.0,0.0,0.0,0.0,0.0,0.0,0.0,0.0,0.0,0.0,0.0,0,-107875648.0,53,0.0,106,-107614832.0,0.0,ERR,ERR,ERR,ERR,ERR,ERR,ERR,ERR,ERR,ERR,ERR,ERR,ERR,ERR,ERR,ERR,ERR,ERR,ERR,ERR,ERR,ERR,ERR,ERR,ERR,ERR,ERR,ERR,ERR,ERR,ERR,ERR,ERR,ERR,ERR,ERR,ERR,ERR,ERR,ERR,ERR,ERR,ERR,ERR,ERR,ERR,ERR,ERR,ERR,ERR,ERR,ERR,ERR,ERR,ERR,ERR,ERR,ERR,ERR,ERR,ERR,ERR,ERR,ERR,ERR,ERR,ERR,50.0,60.0,100,0.0,0.0,0.0,0.0,0.0,0.0,0.0,0.0,0.0,0.0,0.0,0.0,0.0,0.0,0.0,0.0,61.6,75,13,65511,50,65476,0,300,0,0,8,20529,65476,0,0,26214,60.0,0.0,0.0,0.0,0.0,0.0
2026-05-17T18:06:03,ERR,ERR,ERR,ERR,ERR,ERR,ERR,ERR,ERR,ERR,ERR,ERR,ERR,ERR,ERR,ERR,ERR,ERR,ERR,ERR,ERR,ERR,ERR,ERR,ERR,ERR,ERR,ERR,ERR,ERR,ERR,ERR,ERR,ERR,ERR,ERR,ERR,ERR,ERR,ERR,ERR,ERR,ERR,ERR,ERR,ERR,ERR,ERR,ERR,ERR,ERR,ERR,ERR,ERR,ERR,ERR,ERR,ERR,ERR,ERR,ERR,ERR,ERR,ERR,ERR,ERR,ERR,ERR,ERR,ERR,ERR,ERR,ERR,ERR,ERR,ERR,ERR,ERR,ERR,ERR,ERR,ERR,ERR,ERR,ERR,ERR,ERR,ERR,ERR,ERR,ERR,ERR,ERR,ERR,ERR,ERR,ERR,ERR,ERR,ERR,ERR,ERR,ERR,ERR,ERR,ERR,ERR,ERR,ERR,ERR,ERR,ERR,ERR,ERR,ERR,ERR,ERR,ERR,ERR,ERR,ERR,ERR,ERR,ERR,ERR,0.0,-107615296.0,-134474944.0,0.0,0.0,1.3936040501711995e+18,7.805,0.0,0,0,4,0,8422,0.0,45,0.0,0.0,0.0,0.0,0.0,0,0,0,0,0.0,0,0,0,0,0,0,0,0,0,0,0,0,0,0,0,0,0,0,0,0,0,0,0,0,0,0,0,0,0,0,0,0,0,38,14,7,45,65476,0,300,0,0,8,21553,0.0,-107605600.0,0.0,0.0,0.0,0.0,0.0,0.0,0.0,0.0,0.0,0.0,0.0,0.0,0.0,0.0,0.0,0.0,0.0,0.0,0.0,0.0,-2.004,-2.004,2.004,0.0,0.0,0.0,0.0,0.0,5019.0,0.0,0.0,-107615288.0,-107615296.0,-107615280.0,0.0,0.0,0.0,0.0,0.0,53,-0.0,-107614776.0,0.0,0.0,0.0,0.0,0.0,0.0,0.0,0,0,0,0.0,0.0,0.0,0.0,0.0,0.0,0.0,0.0,0.0,0.0,0.0,0.0,0.0,0.0,0.0,0.0,0,-107875648.0,53,0.0,106,-107614832.0,0.0,ERR,ERR,ERR,ERR,ERR,ERR,ERR,ERR,ERR,ERR,ERR,ERR,ERR,ERR,ERR,ERR,ERR,ERR,ERR,ERR,ERR,ERR,ERR,ERR,ERR,ERR,ERR,ERR,ERR,ERR,ERR,ERR,ERR,ERR,ERR,ERR,ERR,ERR,ERR,ERR,ERR,ERR,ERR,ERR,ERR,ERR,ERR,ERR,ERR,ERR,ERR,ERR,ERR,ERR,ERR,ERR,ERR,ERR,ERR,ERR,ERR,ERR,ERR,ERR,ERR,ERR,ERR,50.0,60.0,100,0.0,0.0,0.0,0.0,0.0,0.0,0.0,0.0,0.0,0.0,0.0,0.0,0.0,0.0,0.0,0.0,61.6,75,13,65511,50,65476,0,300,0,0,8,20529,65476,0,0,26214,60.0,0.0,0.0,0.0,0.0,0.0
2026-05-17T18:06:04,ERR,ERR,ERR,ERR,ERR,ERR,ERR,ERR,ERR,ERR,ERR,ERR,ERR,ERR,ERR,ERR,ERR,ERR,ERR,ERR,ERR,ERR,ERR,ERR,ERR,ERR,ERR,ERR,ERR,ERR,ERR,ERR,ERR,ERR,ERR,ERR,ERR,ERR,ERR,ERR,ERR,ERR,ERR,ERR,ERR,ERR,ERR,ERR,ERR,ERR,ERR,ERR,ERR,ERR,ERR,ERR,ERR,ERR,ERR,ERR,ERR,ERR,ERR,ERR,ERR,ERR,ERR,ERR,ERR,ERR,ERR,ERR,ERR,ERR,ERR,ERR,ERR,ERR,ERR,ERR,ERR,ERR,ERR,ERR,ERR,ERR,ERR,ERR,ERR,ERR,ERR,ERR,ERR,ERR,ERR,ERR,ERR,ERR,ERR,ERR,ERR,ERR,ERR,ERR,ERR,ERR,ERR,ERR,ERR,ERR,ERR,ERR,ERR,ERR,ERR,ERR,ERR,ERR,ERR,ERR,ERR,ERR,ERR,ERR,ERR,0.0,-107615296.0,-134474944.0,0.0,0.0,1.3936040501711995e+18,7.805,0.0,0,0,4,0,8422,0.0,45,0.0,0.0,0.0,0.0,0.0,0,0,0,0,0.0,0,0,0,0,0,0,0,0,0,0,0,0,0,0,0,0,0,0,0,0,0,0,0,0,0,0,0,0,0,0,0,0,0,38,14,7,45,65476,0,300,0,0,8,21553,0.0,-107605600.0,0.0,0.0,0.0,0.0,0.0,0.0,0.0,0.0,0.0,0.0,0.0,0.0,0.0,0.0,0.0,0.0,0.0,0.0,0.0,0.0,-2.004,-2.004,2.004,0.0,0.0,0.0,0.0,0.0,5019.0,0.0,0.0,-107615288.0,-107615296.0,-107615280.0,0.0,0.0,0.0,0.0,0.0,53,-0.0,-107614776.0,0.0,0.0,0.0,0.0,0.0,0.0,0.0,0,0,0,0.0,0.0,0.0,0.0,0.0,0.0,0.0,0.0,0.0,0.0,0.0,0.0,0.0,0.0,0.0,0.0,0,-107875648.0,53,0.0,106,-107614832.0,0.0,ERR,ERR,ERR,ERR,ERR,ERR,ERR,ERR,ERR,ERR,ERR,ERR,ERR,ERR,ERR,ERR,ERR,ERR,ERR,ERR,ERR,ERR,ERR,ERR,ERR,ERR,ERR,ERR,ERR,ERR,ERR,ERR,ERR,ERR,ERR,ERR,ERR,ERR,ERR,ERR,ERR,ERR,ERR,ERR,ERR,ERR,ERR,ERR,ERR,ERR,ERR,ERR,ERR,ERR,ERR,ERR,ERR,ERR,ERR,ERR,ERR,ERR,ERR,ERR,ERR,ERR,ERR,50.0,60.0,100,0.0,0.0,0.0,0.0,0.0,0.0,0.0,0.0,0.0,0.0,0.0,0.0,0.0,0.0,0.0,0.0,61.6,75,13,65511,50,65476,0,300,0,0,8,20529,65476,0,0,26214,60.0,0.0,0.0,0.0,0.0,0.0
2026-05-17T18:06:05,ERR,ERR,ERR,ERR,ERR,ERR,ERR,ERR,ERR,ERR,ERR,ERR,ERR,ERR,ERR,ERR,ERR,ERR,ERR,ERR,ERR,ERR,ERR,ERR,ERR,ERR,ERR,ERR,ERR,ERR,ERR,ERR,ERR,ERR,ERR,ERR,ERR,ERR,ERR,ERR,ERR,ERR,ERR,ERR,ERR,ERR,ERR,ERR,ERR,ERR,ERR,ERR,ERR,ERR,ERR,ERR,ERR,ERR,ERR,ERR,ERR,ERR,ERR,ERR,ERR,ERR,ERR,ERR,ERR,ERR,ERR,ERR,ERR,ERR,ERR,ERR,ERR,ERR,ERR,ERR,ERR,ERR,ERR,ERR,ERR,ERR,ERR,ERR,ERR,ERR,ERR,ERR,ERR,ERR,ERR,ERR,ERR,ERR,ERR,ERR,ERR,ERR,ERR,ERR,ERR,ERR,ERR,ERR,ERR,ERR,ERR,ERR,ERR,ERR,ERR,ERR,ERR,ERR,ERR,ERR,ERR,ERR,ERR,ERR,ERR,0.0,-107615296.0,-134474944.0,0.0,0.0,1.3936040501711995e+18,7.805,0.0,0,0,4,0,8422,0.0,45,0.0,0.0,0.0,0.0,0.0,0,0,0,0,0.0,0,0,0,0,0,0,0,0,0,0,0,0,0,0,0,0,0,0,0,0,0,0,0,0,0,0,0,0,0,0,0,0,0,38,14,7,45,65476,0,300,0,0,8,21553,0.0,-107605600.0,0.0,0.0,0.0,0.0,0.0,0.0,0.0,0.0,0.0,0.0,0.0,0.0,0.0,0.0,0.0,0.0,0.0,0.0,0.0,0.0,-2.004,-2.004,2.004,0.0,0.0,0.0,0.0,0.0,5019.0,0.0,0.0,-107615288.0,-107615296.0,-107615280.0,0.0,0.0,0.0,0.0,0.0,53,-0.0,-107614776.0,0.0,0.0,0.0,0.0,0.0,0.0,0.0,0,0,0,0.0,0.0,0.0,0.0,0.0,0.0,0.0,0.0,0.0,0.0,0.0,0.0,0.0,0.0,0.0,0.0,0,-107875648.0,53,0.0,106,-107614832.0,0.0,ERR,ERR,ERR,ERR,ERR,ERR,ERR,ERR,ERR,ERR,ERR,ERR,ERR,ERR,ERR,ERR,ERR,ERR,ERR,ERR,ERR,ERR,ERR,ERR,ERR,ERR,ERR,ERR,ERR,ERR,ERR,ERR,ERR,ERR,ERR,ERR,ERR,ERR,ERR,ERR,ERR,ERR,ERR,ERR,ERR,ERR,ERR,ERR,ERR,ERR,ERR,ERR,ERR,ERR,ERR,ERR,ERR,ERR,ERR,ERR,ERR,ERR,ERR,ERR,ERR,ERR,ERR,50.0,60.0,100,0.0,0.0,0.0,0.0,0.0,0.0,0.0,0.0,0.0,0.0,0.0,0.0,0.0,0.0,0.0,0.0,61.6,75,13,65511,50,65476,0,300,0,0,8,20529,65476,0,0,26214,60.0,0.0,0.0,0.0,0.0,0.0
2026-05-17T18:06:06,ERR,ERR,ERR,ERR,ERR,ERR,ERR,ERR,ERR,ERR,ERR,ERR,ERR,ERR,ERR,ERR,ERR,ERR,ERR,ERR,ERR,ERR,ERR,ERR,ERR,ERR,ERR,ERR,ERR,ERR,ERR,ERR,ERR,ERR,ERR,ERR,ERR,ERR,ERR,ERR,ERR,ERR,ERR,ERR,ERR,ERR,ERR,ERR,ERR,ERR,ERR,ERR,ERR,ERR,ERR,ERR,ERR,ERR,ERR,ERR,ERR,ERR,ERR,ERR,ERR,ERR,ERR,ERR,ERR,ERR,ERR,ERR,ERR,ERR,ERR,ERR,ERR,ERR,ERR,ERR,ERR,ERR,ERR,ERR,ERR,ERR,ERR,ERR,ERR,ERR,ERR,ERR,ERR,ERR,ERR,ERR,ERR,ERR,ERR,ERR,ERR,ERR,ERR,ERR,ERR,ERR,ERR,ERR,ERR,ERR,ERR,ERR,ERR,ERR,ERR,ERR,ERR,ERR,ERR,ERR,ERR,ERR,ERR,ERR,ERR,-107615288.0,-107615296.0,0.0,0.0,0.0,1.3936040501711995e+18,7.805,0.0,0,0,4,0,8422,0.0,45,0.0,0.0,0.0,0.0,0.0,0,0,0,0,0.0,0,0,0,0,0,0,0,0,0,0,0,0,0,0,0,0,0,0,0,0,0,0,0,0,0,0,0,0,0,0,0,0,0,38,14,7,45,65476,0,300,0,0,8,21553,0.0,-107605600.0,0.0,0.0,0.0,0.0,0.0,0.0,0.0,0.0,0.0,0.0,0.0,0.0,0.0,0.0,0.0,0.0,0.0,0.0,0.0,0.0,-2.004,0.0,2.004,-2.004,0.0,0.0,0.0,0.0,5015.0,0.0,0.0,-107615288.0,-107615296.0,-0.0,0.0,0.0,0.0,0.0,0.0,53,-0.0,-3.222002398308886e+26,0.0,0.0,0.0,0.0,0.0,0.0,0.0,0,0,0,0.0,0.0,0.0,0.0,0.0,0.0,0.0,0.0,0.0,0.0,0.0,0.0,0.0,0.0,0.0,0.0,0,-107875648.0,53,0.0,106,-107614832.0,-0.0,ERR,ERR,ERR,ERR,ERR,ERR,ERR,ERR,ERR,ERR,ERR,ERR,ERR,ERR,ERR,ERR,ERR,ERR,ERR,ERR,ERR,ERR,ERR,ERR,ERR,ERR,ERR,ERR,ERR,ERR,ERR,ERR,ERR,ERR,ERR,ERR,ERR,ERR,ERR,ERR,ERR,ERR,ERR,ERR,ERR,ERR,ERR,ERR,ERR,ERR,ERR,ERR,ERR,ERR,ERR,ERR,ERR,ERR,ERR,ERR,ERR,ERR,ERR,ERR,ERR,ERR,ERR,50.0,60.0,100,0.0,0.0,0.0,0.0,0.0,0.0,0.0,0.0,0.0,0.0,0.0,0.0,0.0,0.0,0.0,0.0,61.6,75,13,65511,50,65476,0,300,0,0,8,20529,65476,0,0,26214,60.0,0.0,0.0,0.0,0.0,0.0
2026-05-17T18:06:07,ERR,ERR,ERR,ERR,ERR,ERR,ERR,ERR,ERR,ERR,ERR,ERR,ERR,ERR,ERR,ERR,ERR,ERR,ERR,ERR,ERR,ERR,ERR,ERR,ERR,ERR,ERR,ERR,ERR,ERR,ERR,ERR,ERR,ERR,ERR,ERR,ERR,ERR,ERR,ERR,ERR,ERR,ERR,ERR,ERR,ERR,ERR,ERR,ERR,ERR,ERR,ERR,ERR,ERR,ERR,ERR,ERR,ERR,ERR,ERR,ERR,ERR,ERR,ERR,ERR,ERR,ERR,ERR,ERR,ERR,ERR,ERR,ERR,ERR,ERR,ERR,ERR,ERR,ERR,ERR,ERR,ERR,ERR,ERR,ERR,ERR,ERR,ERR,ERR,ERR,ERR,ERR,ERR,ERR,ERR,ERR,ERR,ERR,ERR,ERR,ERR,ERR,ERR,ERR,ERR,ERR,ERR,ERR,ERR,ERR,ERR,ERR,ERR,ERR,ERR,ERR,ERR,ERR,ERR,ERR,ERR,ERR,ERR,ERR,ERR,-107615288.0,-107615296.0,0.0,0.0,0.0,1.3936040501711995e+18,7.805,0.0,0,0,4,0,8422,0.0,45,0.0,0.0,0.0,0.0,0.0,0,0,0,0,0.0,0,0,0,0,0,0,0,0,0,0,0,0,0,0,0,0,0,0,0,0,0,0,0,0,0,0,0,0,0,0,0,0,0,38,14,7,45,65476,0,300,0,0,8,21553,0.0,-107605600.0,0.0,0.0,0.0,0.0,0.0,0.0,0.0,0.0,0.0,0.0,0.0,0.0,0.0,0.0,0.0,0.0,0.0,0.0,0.0,0.0,-2.004,0.0,2.004,-2.004,0.0,0.0,0.0,0.0,5015.0,0.0,0.0,-107615288.0,-107615296.0,-0.0,0.0,0.0,0.0,0.0,0.0,53,-0.0,-3.222002398308886e+26,0.0,0.0,0.0,0.0,0.0,0.0,0.0,0,0,0,0.0,0.0,0.0,0.0,0.0,0.0,0.0,0.0,0.0,0.0,0.0,0.0,0.0,0.0,0.0,0.0,0,-107875648.0,53,0.0,106,-107614832.0,-0.0,ERR,ERR,ERR,ERR,ERR,ERR,ERR,ERR,ERR,ERR,ERR,ERR,ERR,ERR,ERR,ERR,ERR,ERR,ERR,ERR,ERR,ERR,ERR,ERR,ERR,ERR,ERR,ERR,ERR,ERR,ERR,ERR,ERR,ERR,ERR,ERR,ERR,ERR,ERR,ERR,ERR,ERR,ERR,ERR,ERR,ERR,ERR,ERR,ERR,ERR,ERR,ERR,ERR,ERR,ERR,ERR,ERR,ERR,ERR,ERR,ERR,ERR,ERR,ERR,ERR,ERR,ERR,50.0,60.0,100,0.0,0.0,0.0,0.0,0.0,0.0,0.0,0.0,0.0,0.0,0.0,0.0,0.0,0.0,0.0,0.0,61.6,75,13,65511,50,65476,0,300,0,0,8,20529,65476,0,0,26214,60.0,0.0,0.0,0.0,0.0,0.0
2026-05-17T18:06:08,ERR,ERR,ERR,ERR,ERR,ERR,ERR,ERR,ERR,ERR,ERR,ERR,ERR,ERR,ERR,ERR,ERR,ERR,ERR,ERR,ERR,ERR,ERR,ERR,ERR,ERR,ERR,ERR,ERR,ERR,ERR,ERR,ERR,ERR,ERR,ERR,ERR,ERR,ERR,ERR,ERR,ERR,ERR,ERR,ERR,ERR,ERR,ERR,ERR,ERR,ERR,ERR,ERR,ERR,ERR,ERR,ERR,ERR,ERR,ERR,ERR,ERR,ERR,ERR,ERR,ERR,ERR,ERR,ERR,ERR,ERR,ERR,ERR,ERR,ERR,ERR,ERR,ERR,ERR,ERR,ERR,ERR,ERR,ERR,ERR,ERR,ERR,ERR,ERR,ERR,ERR,ERR,ERR,ERR,ERR,ERR,ERR,ERR,ERR,ERR,ERR,ERR,ERR,ERR,ERR,ERR,ERR,ERR,ERR,ERR,ERR,ERR,ERR,ERR,ERR,ERR,ERR,ERR,ERR,ERR,ERR,ERR,ERR,ERR,ERR,-107615288.0,-107615296.0,0.0,0.0,0.0,1.3936040501711995e+18,7.805,0.0,0,0,4,0,8422,0.0,45,0.0,0.0,0.0,0.0,0.0,0,0,0,0,0.0,0,0,0,0,0,0,0,0,0,0,0,0,0,0,0,0,0,0,0,0,0,0,0,0,0,0,0,0,0,0,0,0,0,38,14,7,45,65476,0,300,0,0,8,21553,0.0,-107605600.0,0.0,0.0,0.0,0.0,0.0,0.0,0.0,0.0,0.0,0.0,0.0,0.0,0.0,0.0,0.0,0.0,0.0,0.0,0.0,0.0,-2.004,0.0,2.004,-2.004,0.0,0.0,0.0,0.0,5015.0,0.0,0.0,-107615288.0,-107615296.0,-0.0,0.0,0.0,0.0,0.0,0.0,53,-0.0,-3.222002398308886e+26,0.0,0.0,0.0,0.0,0.0,0.0,0.0,0,0,0,0.0,0.0,0.0,0.0,0.0,0.0,0.0,0.0,0.0,0.0,0.0,0.0,0.0,0.0,0.0,0.0,0,-107875648.0,53,0.0,106,-107614832.0,-0.0,ERR,ERR,ERR,ERR,ERR,ERR,ERR,ERR,ERR,ERR,ERR,ERR,ERR,ERR,ERR,ERR,ERR,ERR,ERR,ERR,ERR,ERR,ERR,ERR,ERR,ERR,ERR,ERR,ERR,ERR,ERR,ERR,ERR,ERR,ERR,ERR,ERR,ERR,ERR,ERR,ERR,ERR,ERR,ERR,ERR,ERR,ERR,ERR,ERR,ERR,ERR,ERR,ERR,ERR,ERR,ERR,ERR,ERR,ERR,ERR,ERR,ERR,ERR,ERR,ERR,ERR,ERR,50.0,60.0,100,0.0,0.0,0.0,0.0,0.0,0.0,0.0,0.0,0.0,0.0,0.0,0.0,0.0,0.0,0.0,0.0,61.6,75,13,65511,50,65476,0,300,0,0,8,20529,65476,0,0,26214,60.0,0.0,0.0,0.0,0.0,0.0
2026-05-17T18:06:09,ERR,ERR,ERR,ERR,ERR,ERR,ERR,ERR,ERR,ERR,ERR,ERR,ERR,ERR,ERR,ERR,ERR,ERR,ERR,ERR,ERR,ERR,ERR,ERR,ERR,ERR,ERR,ERR,ERR,ERR,ERR,ERR,ERR,ERR,ERR,ERR,ERR,ERR,ERR,ERR,ERR,ERR,ERR,ERR,ERR,ERR,ERR,ERR,ERR,ERR,ERR,ERR,ERR,ERR,ERR,ERR,ERR,ERR,ERR,ERR,ERR,ERR,ERR,ERR,ERR,ERR,ERR,ERR,ERR,ERR,ERR,ERR,ERR,ERR,ERR,ERR,ERR,ERR,ERR,ERR,ERR,ERR,ERR,ERR,ERR,ERR,ERR,ERR,ERR,ERR,ERR,ERR,ERR,ERR,ERR,ERR,ERR,ERR,ERR,ERR,ERR,ERR,ERR,ERR,ERR,ERR,ERR,ERR,ERR,ERR,ERR,ERR,ERR,ERR,ERR,ERR,ERR,ERR,ERR,ERR,ERR,ERR,ERR,ERR,ERR,-107615288.0,-107615296.0,0.0,0.0,0.0,1.3936040501711995e+18,7.805,0.0,0,0,4,0,8422,0.0,45,0.0,0.0,0.0,0.0,0.0,0,0,0,0,0.0,0,0,0,0,0,0,0,0,0,0,0,0,0,0,0,0,0,0,0,0,0,0,0,0,0,0,0,0,0,0,0,0,0,38,14,7,45,65476,0,300,0,0,8,21553,0.0,-107605600.0,0.0,0.0,0.0,0.0,0.0,0.0,0.0,0.0,0.0,0.0,0.0,0.0,0.0,0.0,0.0,0.0,0.0,0.0,0.0,0.0,-2.004,0.0,2.004,-2.004,0.0,0.0,0.0,0.0,5015.0,0.0,0.0,-107615288.0,-107615296.0,-0.0,0.0,0.0,0.0,0.0,0.0,53,-0.0,-3.222002398308886e+26,0.0,0.0,0.0,0.0,0.0,0.0,0.0,0,0,0,0.0,0.0,0.0,0.0,0.0,0.0,0.0,0.0,0.0,0.0,0.0,0.0,0.0,0.0,0.0,0.0,0,-107875648.0,53,0.0,106,-107614832.0,-0.0,ERR,ERR,ERR,ERR,ERR,ERR,ERR,ERR,ERR,ERR,ERR,ERR,ERR,ERR,ERR,ERR,ERR,ERR,ERR,ERR,ERR,ERR,ERR,ERR,ERR,ERR,ERR,ERR,ERR,ERR,ERR,ERR,ERR,ERR,ERR,ERR,ERR,ERR,ERR,ERR,ERR,ERR,ERR,ERR,ERR,ERR,ERR,ERR,ERR,ERR,ERR,ERR,ERR,ERR,ERR,ERR,ERR,ERR,ERR,ERR,ERR,ERR,ERR,ERR,ERR,ERR,ERR,50.0,60.0,100,0.0,0.0,0.0,0.0,0.0,0.0,0.0,0.0,0.0,0.0,0.0,0.0,0.0,0.0,0.0,0.0,61.6,75,13,65511,50,65476,0,300,0,0,8,20529,65476,0,0,26214,60.0,0.0,0.0,0.0,0.0,0.0
2026-05-17T18:06:10,ERR,ERR,ERR,ERR,ERR,ERR,ERR,ERR,ERR,ERR,ERR,ERR,ERR,ERR,ERR,ERR,ERR,ERR,ERR,ERR,ERR,ERR,ERR,ERR,ERR,ERR,ERR,ERR,ERR,ERR,ERR,ERR,ERR,ERR,ERR,ERR,ERR,ERR,ERR,ERR,ERR,ERR,ERR,ERR,ERR,ERR,ERR,ERR,ERR,ERR,ERR,ERR,ERR,ERR,ERR,ERR,ERR,ERR,ERR,ERR,ERR,ERR,ERR,ERR,ERR,ERR,ERR,ERR,ERR,ERR,ERR,ERR,ERR,ERR,ERR,ERR,ERR,ERR,ERR,ERR,ERR,ERR,ERR,ERR,ERR,ERR,ERR,ERR,ERR,ERR,ERR,ERR,ERR,ERR,ERR,ERR,ERR,ERR,ERR,ERR,ERR,ERR,ERR,ERR,ERR,ERR,ERR,ERR,ERR,ERR,ERR,ERR,ERR,ERR,ERR,ERR,ERR,ERR,ERR,ERR,ERR,ERR,ERR,ERR,ERR,-107615288.0,-107615296.0,0.0,0.0,0.0,1.3936040501711995e+18,7.805,0.0,0,0,4,0,8422,0.0,45,0.0,0.0,0.0,0.0,0.0,0,0,0,0,0.0,0,0,0,0,0,0,0,0,0,0,0,0,0,0,0,0,0,0,0,0,0,0,0,0,0,0,0,0,0,0,0,0,0,38,14,7,45,65476,0,300,0,0,8,21553,0.0,-107605600.0,0.0,0.0,0.0,0.0,0.0,0.0,0.0,0.0,0.0,0.0,0.0,0.0,0.0,0.0,0.0,0.0,0.0,0.0,0.0,0.0,-2.004,0.0,2.004,-2.004,0.0,0.0,0.0,0.0,5015.0,0.0,0.0,-107615288.0,-107615296.0,-0.0,0.0,0.0,0.0,0.0,0.0,53,-0.0,-3.222002398308886e+26,0.0,0.0,0.0,0.0,0.0,0.0,0.0,0,0,0,0.0,0.0,0.0,0.0,0.0,0.0,0.0,0.0,0.0,0.0,0.0,0.0,0.0,0.0,0.0,0.0,0,-107875648.0,53,0.0,106,-107614832.0,-0.0,ERR,ERR,ERR,ERR,ERR,ERR,ERR,ERR,ERR,ERR,ERR,ERR,ERR,ERR,ERR,ERR,ERR,ERR,ERR,ERR,ERR,ERR,ERR,ERR,ERR,ERR,ERR,ERR,ERR,ERR,ERR,ERR,ERR,ERR,ERR,ERR,ERR,ERR,ERR,ERR,ERR,ERR,ERR,ERR,ERR,ERR,ERR,ERR,ERR,ERR,ERR,ERR,ERR,ERR,ERR,ERR,ERR,ERR,ERR,ERR,ERR,ERR,ERR,ERR,ERR,ERR,ERR,50.0,60.0,100,0.0,0.0,0.0,0.0,0.0,0.0,0.0,0.0,0.0,0.0,0.0,0.0,0.0,0.0,0.0,0.0,61.6,75,13,65511,50,65476,0,300,0,0,8,20529,65476,0,0,26214,60.0,0.0,0.0,0.0,0.0,0.0
2026-05-17T18:06:11,ERR,ERR,ERR,ERR,ERR,ERR,ERR,ERR,ERR,ERR,ERR,ERR,ERR,ERR,ERR,ERR,ERR,ERR,ERR,ERR,ERR,ERR,ERR,ERR,ERR,ERR,ERR,ERR,ERR,ERR,ERR,ERR,ERR,ERR,ERR,ERR,ERR,ERR,ERR,ERR,ERR,ERR,ERR,ERR,ERR,ERR,ERR,ERR,ERR,ERR,ERR,ERR,ERR,ERR,ERR,ERR,ERR,ERR,ERR,ERR,ERR,ERR,ERR,ERR,ERR,ERR,ERR,ERR,ERR,ERR,ERR,ERR,ERR,ERR,ERR,ERR,ERR,ERR,ERR,ERR,ERR,ERR,ERR,ERR,ERR,ERR,ERR,ERR,ERR,ERR,ERR,ERR,ERR,ERR,ERR,ERR,ERR,ERR,ERR,ERR,ERR,ERR,ERR,ERR,ERR,ERR,ERR,ERR,ERR,ERR,ERR,ERR,ERR,ERR,ERR,ERR,ERR,ERR,ERR,ERR,ERR,ERR,ERR,ERR,ERR,-107615288.0,-0.0,-134474944.0,0.0,0.0,1.3936040501711995e+18,7.805,0.0,0,0,4,0,8422,0.0,45,0.0,0.0,0.0,0.0,0.0,0,0,0,0,0.0,0,0,0,0,0,0,0,0,0,0,0,0,0,0,0,0,0,0,0,0,0,0,0,0,0,0,0,0,0,0,0,0,0,38,14,7,45,65476,0,300,0,0,8,21553,0.0,-107605600.0,0.0,0.0,0.0,0.0,0.0,0.0,0.0,0.0,0.0,0.0,0.0,0.0,0.0,0.0,0.0,0.0,0.0,0.0,0.0,0.0,-2.004,-2.004,2.004,0.0,0.0,0.0,0.0,0.0,5019.0,-0.0,0.0,-107615288.0,-0.0,-107615280.0,0.0,0.0,0.0,0.0,0.0,53,-0.0,2.718417410789135e+23,0.0,0.0,0.0,0.0,0.0,0.0,0.0,0,0,0,0.0,0.0,0.0,0.0,0.0,0.0,0.0,0.0,0.0,0.0,0.0,0.0,0.0,0.0,0.0,0.0,0,-107875648.0,53,0.0,106,-107614832.0,0.0,ERR,ERR,ERR,ERR,ERR,ERR,ERR,ERR,ERR,ERR,ERR,ERR,ERR,ERR,ERR,ERR,ERR,ERR,ERR,ERR,ERR,ERR,ERR,ERR,ERR,ERR,ERR,ERR,ERR,ERR,ERR,ERR,ERR,ERR,ERR,ERR,ERR,ERR,ERR,ERR,ERR,ERR,ERR,ERR,ERR,ERR,ERR,ERR,ERR,ERR,ERR,ERR,ERR,ERR,ERR,ERR,ERR,ERR,ERR,ERR,ERR,ERR,ERR,ERR,ERR,ERR,ERR,50.0,60.0,100,0.0,0.0,0.0,0.0,0.0,0.0,0.0,0.0,0.0,0.0,0.0,0.0,0.0,0.0,0.0,0.0,61.6,74,13,65511,50,65476,0,300,0,0,8,20529,65476,0,0,26214,60.0,0.0,0.0,0.0,0.0,0.0
2026-05-17T18:06:12,ERR,ERR,ERR,ERR,ERR,ERR,ERR,ERR,ERR,ERR,ERR,ERR,ERR,ERR,ERR,ERR,ERR,ERR,ERR,ERR,ERR,ERR,ERR,ERR,ERR,ERR,ERR,ERR,ERR,ERR,ERR,ERR,ERR,ERR,ERR,ERR,ERR,ERR,ERR,ERR,ERR,ERR,ERR,ERR,ERR,ERR,ERR,ERR,ERR,ERR,ERR,ERR,ERR,ERR,ERR,ERR,ERR,ERR,ERR,ERR,ERR,ERR,ERR,ERR,ERR,ERR,ERR,ERR,ERR,ERR,ERR,ERR,ERR,ERR,ERR,ERR,ERR,ERR,ERR,ERR,ERR,ERR,ERR,ERR,ERR,ERR,ERR,ERR,ERR,ERR,ERR,ERR,ERR,ERR,ERR,ERR,ERR,ERR,ERR,ERR,ERR,ERR,ERR,ERR,ERR,ERR,ERR,ERR,ERR,ERR,ERR,ERR,ERR,ERR,ERR,ERR,ERR,ERR,ERR,ERR,ERR,ERR,ERR,ERR,ERR,-107615288.0,-0.0,-134474944.0,0.0,0.0,1.3936040501711995e+18,7.805,0.0,0,0,4,0,8422,0.0,45,0.0,0.0,0.0,0.0,0.0,0,0,0,0,0.0,0,0,0,0,0,0,0,0,0,0,0,0,0,0,0,0,0,0,0,0,0,0,0,0,0,0,0,0,0,0,0,0,0,38,14,7,45,65476,0,300,0,0,8,21553,0.0,-107605600.0,0.0,0.0,0.0,0.0,0.0,0.0,0.0,0.0,0.0,0.0,0.0,0.0,0.0,0.0,0.0,0.0,0.0,0.0,0.0,0.0,-2.004,-2.004,2.004,0.0,0.0,0.0,0.0,0.0,5019.0,-0.0,0.0,-107615288.0,-0.0,-107615280.0,0.0,0.0,0.0,0.0,0.0,53,-0.0,2.718417410789135e+23,0.0,0.0,0.0,0.0,0.0,0.0,0.0,0,0,0,0.0,0.0,0.0,0.0,0.0,0.0,0.0,0.0,0.0,0.0,0.0,0.0,0.0,0.0,0.0,0.0,0,-107875648.0,53,0.0,106,-107614832.0,0.0,ERR,ERR,ERR,ERR,ERR,ERR,ERR,ERR,ERR,ERR,ERR,ERR,ERR,ERR,ERR,ERR,ERR,ERR,ERR,ERR,ERR,ERR,ERR,ERR,ERR,ERR,ERR,ERR,ERR,ERR,ERR,ERR,ERR,ERR,ERR,ERR,ERR,ERR,ERR,ERR,ERR,ERR,ERR,ERR,ERR,ERR,ERR,ERR,ERR,ERR,ERR,ERR,ERR,ERR,ERR,ERR,ERR,ERR,ERR,ERR,ERR,ERR,ERR,ERR,ERR,ERR,ERR,50.0,60.0,100,0.0,0.0,0.0,0.0,0.0,0.0,0.0,0.0,0.0,0.0,0.0,0.0,0.0,0.0,0.0,0.0,61.6,74,13,65511,50,65476,0,300,0,0,8,20529,65476,0,0,26214,60.0,0.0,0.0,0.0,0.0,0.0
2026-05-17T18:06:13,ERR,ERR,ERR,ERR,ERR,ERR,ERR,ERR,ERR,ERR,ERR,ERR,ERR,ERR,ERR,ERR,ERR,ERR,ERR,ERR,ERR,ERR,ERR,ERR,ERR,ERR,ERR,ERR,ERR,ERR,ERR,ERR,ERR,ERR,ERR,ERR,ERR,ERR,ERR,ERR,ERR,ERR,ERR,ERR,ERR,ERR,ERR,ERR,ERR,ERR,ERR,ERR,ERR,ERR,ERR,ERR,ERR,ERR,ERR,ERR,ERR,ERR,ERR,ERR,ERR,ERR,ERR,ERR,ERR,ERR,ERR,ERR,ERR,ERR,ERR,ERR,ERR,ERR,ERR,ERR,ERR,ERR,ERR,ERR,ERR,ERR,ERR,ERR,ERR,ERR,ERR,ERR,ERR,ERR,ERR,ERR,ERR,ERR,ERR,ERR,ERR,ERR,ERR,ERR,ERR,ERR,ERR,ERR,ERR,ERR,ERR,ERR,ERR,ERR,ERR,ERR,ERR,ERR,ERR,ERR,ERR,ERR,ERR,ERR,ERR,-107615288.0,-0.0,-134474944.0,0.0,0.0,1.3936040501711995e+18,7.805,0.0,0,0,4,0,8422,0.0,45,0.0,0.0,0.0,0.0,0.0,0,0,0,0,0.0,0,0,0,0,0,0,0,0,0,0,0,0,0,0,0,0,0,0,0,0,0,0,0,0,0,0,0,0,0,0,0,0,0,38,14,7,45,65476,0,300,0,0,8,21553,0.0,-107605600.0,0.0,0.0,0.0,0.0,0.0,0.0,0.0,0.0,0.0,0.0,0.0,0.0,0.0,0.0,0.0,0.0,0.0,0.0,0.0,0.0,-2.004,-2.004,2.004,0.0,0.0,0.0,0.0,0.0,5019.0,-0.0,0.0,-107615288.0,-0.0,-107615280.0,0.0,0.0,0.0,0.0,0.0,53,-0.0,2.718417410789135e+23,0.0,0.0,0.0,0.0,0.0,0.0,0.0,0,0,0,0.0,0.0,0.0,0.0,0.0,0.0,0.0,0.0,0.0,0.0,0.0,0.0,0.0,0.0,0.0,0.0,0,-107875648.0,53,0.0,106,-107614832.0,0.0,ERR,ERR,ERR,ERR,ERR,ERR,ERR,ERR,ERR,ERR,ERR,ERR,ERR,ERR,ERR,ERR,ERR,ERR,ERR,ERR,ERR,ERR,ERR,ERR,ERR,ERR,ERR,ERR,ERR,ERR,ERR,ERR,ERR,ERR,ERR,ERR,ERR,ERR,ERR,ERR,ERR,ERR,ERR,ERR,ERR,ERR,ERR,ERR,ERR,ERR,ERR,ERR,ERR,ERR,ERR,ERR,ERR,ERR,ERR,ERR,ERR,ERR,ERR,ERR,ERR,ERR,ERR,50.0,60.0,100,0.0,0.0,0.0,0.0,0.0,0.0,0.0,0.0,0.0,0.0,0.0,0.0,0.0,0.0,0.0,0.0,62.0,74,13,65511,50,65476,0,300,0,0,8,20529,65476,0,0,26214,60.0,0.0,0.0,0.0,0.0,0.0
2026-05-17T18:06:14,ERR,ERR,ERR,ERR,ERR,ERR,ERR,ERR,ERR,ERR,ERR,ERR,ERR,ERR,ERR,ERR,ERR,ERR,ERR,ERR,ERR,ERR,ERR,ERR,ERR,ERR,ERR,ERR,ERR,ERR,ERR,ERR,ERR,ERR,ERR,ERR,ERR,ERR,ERR,ERR,ERR,ERR,ERR,ERR,ERR,ERR,ERR,ERR,ERR,ERR,ERR,ERR,ERR,ERR,ERR,ERR,ERR,ERR,ERR,ERR,ERR,ERR,ERR,ERR,ERR,ERR,ERR,ERR,ERR,ERR,ERR,ERR,ERR,ERR,ERR,ERR,ERR,ERR,ERR,ERR,ERR,ERR,ERR,ERR,ERR,ERR,ERR,ERR,ERR,ERR,ERR,ERR,ERR,ERR,ERR,ERR,ERR,ERR,ERR,ERR,ERR,ERR,ERR,ERR,ERR,ERR,ERR,ERR,ERR,ERR,ERR,ERR,ERR,ERR,ERR,ERR,ERR,ERR,ERR,ERR,ERR,ERR,ERR,ERR,ERR,-107615288.0,-0.0,-134474944.0,0.0,0.0,1.3936040501711995e+18,7.805,0.0,0,0,4,0,8422,0.0,45,0.0,0.0,0.0,0.0,0.0,0,0,0,0,0.0,0,0,0,0,0,0,0,0,0,0,0,0,0,0,0,0,0,0,0,0,0,0,0,0,0,0,0,0,0,0,0,0,0,38,14,7,45,65476,0,300,0,0,8,21553,0.0,-107605600.0,0.0,0.0,0.0,0.0,0.0,0.0,0.0,0.0,0.0,0.0,0.0,0.0,0.0,0.0,0.0,0.0,0.0,0.0,0.0,0.0,-2.004,-2.004,2.004,0.0,0.0,0.0,0.0,0.0,5019.0,-0.0,0.0,-107615288.0,-0.0,-107615280.0,0.0,0.0,0.0,0.0,0.0,53,-0.0,2.718417410789135e+23,0.0,0.0,0.0,0.0,0.0,0.0,0.0,0,0,0,0.0,0.0,0.0,0.0,0.0,0.0,0.0,0.0,0.0,0.0,0.0,0.0,0.0,0.0,0.0,0.0,0,-107875648.0,53,0.0,106,-107614832.0,0.0,ERR,ERR,ERR,ERR,ERR,ERR,ERR,ERR,ERR,ERR,ERR,ERR,ERR,ERR,ERR,ERR,ERR,ERR,ERR,ERR,ERR,ERR,ERR,ERR,ERR,ERR,ERR,ERR,ERR,ERR,ERR,ERR,ERR,ERR,ERR,ERR,ERR,ERR,ERR,ERR,ERR,ERR,ERR,ERR,ERR,ERR,ERR,ERR,ERR,ERR,ERR,ERR,ERR,ERR,ERR,ERR,ERR,ERR,ERR,ERR,ERR,ERR,ERR,ERR,ERR,ERR,ERR,50.0,60.0,100,0.0,0.0,0.0,0.0,0.0,0.0,0.0,0.0,0.0,0.0,0.0,0.0,0.0,0.0,0.0,0.0,61.6,74,13,65511,50,65476,0,300,0,0,8,20529,65476,0,0,26214,60.0,0.0,0.0,0.0,0.0,0.0
2026-05-17T18:06:15,ERR,ERR,ERR,ERR,ERR,ERR,ERR,ERR,ERR,ERR,ERR,ERR,ERR,ERR,ERR,ERR,ERR,ERR,ERR,ERR,ERR,ERR,ERR,ERR,ERR,ERR,ERR,ERR,ERR,ERR,ERR,ERR,ERR,ERR,ERR,ERR,ERR,ERR,ERR,ERR,ERR,ERR,ERR,ERR,ERR,ERR,ERR,ERR,ERR,ERR,ERR,ERR,ERR,ERR,ERR,ERR,ERR,ERR,ERR,ERR,ERR,ERR,ERR,ERR,ERR,ERR,ERR,ERR,ERR,ERR,ERR,ERR,ERR,ERR,ERR,ERR,ERR,ERR,ERR,ERR,ERR,ERR,ERR,ERR,ERR,ERR,ERR,ERR,ERR,ERR,ERR,ERR,ERR,ERR,ERR,ERR,ERR,ERR,ERR,ERR,ERR,ERR,ERR,ERR,ERR,ERR,ERR,ERR,ERR,ERR,ERR,ERR,ERR,ERR,ERR,ERR,ERR,ERR,ERR,ERR,ERR,ERR,ERR,ERR,ERR,-107615288.0,-0.0,-134474944.0,0.0,0.0,1.3936040501711995e+18,7.805,0.0,0,0,4,0,8422,0.0,45,0.0,0.0,0.0,0.0,0.0,0,0,0,0,0.0,0,0,0,0,0,0,0,0,0,0,0,0,0,0,0,0,0,0,0,0,0,0,0,0,0,0,0,0,0,0,0,0,0,38,14,7,45,65476,0,300,0,0,8,21553,0.0,-107605600.0,0.0,0.0,0.0,0.0,0.0,0.0,0.0,0.0,0.0,0.0,0.0,0.0,0.0,0.0,0.0,0.0,0.0,0.0,0.0,0.0,-2.004,-2.004,2.004,0.0,0.0,0.0,0.0,0.0,5019.0,-0.0,0.0,-107615288.0,-0.0,-107615280.0,0.0,0.0,0.0,0.0,0.0,53,-0.0,2.718417410789135e+23,0.0,0.0,0.0,0.0,0.0,0.0,0.0,0,0,0,0.0,0.0,0.0,0.0,0.0,0.0,0.0,0.0,0.0,0.0,0.0,0.0,0.0,0.0,0.0,0.0,0,-107875648.0,53,0.0,106,-107614832.0,0.0,ERR,ERR,ERR,ERR,ERR,ERR,ERR,ERR,ERR,ERR,ERR,ERR,ERR,ERR,ERR,ERR,ERR,ERR,ERR,ERR,ERR,ERR,ERR,ERR,ERR,ERR,ERR,ERR,ERR,ERR,ERR,ERR,ERR,ERR,ERR,ERR,ERR,ERR,ERR,ERR,ERR,ERR,ERR,ERR,ERR,ERR,ERR,ERR,ERR,ERR,ERR,ERR,ERR,ERR,ERR,ERR,ERR,ERR,ERR,ERR,ERR,ERR,ERR,ERR,ERR,ERR,ERR,50.0,60.0,100,0.0,0.0,0.0,0.0,0.0,0.0,0.0,0.0,0.0,0.0,0.0,0.0,0.0,0.0,0.0,0.0,61.6,74,13,65511,50,65476,0,300,0,0,8,20529,65476,0,0,26214,60.0,0.0,0.0,0.0,0.0,0.0
2026-05-17T18:06:16,ERR,ERR,ERR,ERR,ERR,ERR,ERR,ERR,ERR,ERR,ERR,ERR,ERR,ERR,ERR,ERR,ERR,ERR,ERR,ERR,ERR,ERR,ERR,ERR,ERR,ERR,ERR,ERR,ERR,ERR,ERR,ERR,ERR,ERR,ERR,ERR,ERR,ERR,ERR,ERR,ERR,ERR,ERR,ERR,ERR,ERR,ERR,ERR,ERR,ERR,ERR,ERR,ERR,ERR,ERR,ERR,ERR,ERR,ERR,ERR,ERR,ERR,ERR,ERR,ERR,ERR,ERR,ERR,ERR,ERR,ERR,ERR,ERR,ERR,ERR,ERR,ERR,ERR,ERR,ERR,ERR,ERR,ERR,ERR,ERR,ERR,ERR,ERR,ERR,ERR,ERR,ERR,ERR,ERR,ERR,ERR,ERR,ERR,ERR,ERR,ERR,ERR,ERR,ERR,ERR,ERR,ERR,ERR,ERR,ERR,ERR,ERR,ERR,ERR,ERR,ERR,ERR,ERR,ERR,ERR,ERR,ERR,ERR,ERR,ERR,-107615288.0,-107615296.0,0.0,0.0,0.0,1.3936040501711995e+18,7.805,0.0,0,0,4,0,8422,0.0,45,0.0,0.0,0.0,0.0,0.0,0,0,0,0,0.0,0,0,0,0,0,0,0,0,0,0,0,0,0,0,0,0,0,0,0,0,0,0,0,0,0,0,0,0,0,0,0,0,0,38,14,7,45,65476,0,300,0,0,8,21553,0.0,-107605600.0,0.0,0.0,0.0,0.0,0.0,0.0,0.0,0.0,0.0,0.0,0.0,0.0,0.0,0.0,0.0,0.0,0.0,0.0,0.0,0.0,-2.004,0.0,2.004,0.0,0.0,0.0,0.0,0.0,5015.0,-1.040665380856972e+34,0.0,-107615288.0,-0.0,-107615280.0,2.718429300292151e+23,0.0,0.0,0.0,0.0,53,-0.0,-3.222002767243768e+26,0.0,0.0,0.0,0.0,0.0,0.0,0.0,0,0,0,0.0,0.0,0.0,0.0,0.0,0.0,0.0,0.0,0.0,0.0,0.0,0.0,0.0,0.0,0.0,0.0,0,-107875648.0,53,0.0,106,-107614832.0,-0.0,ERR,ERR,ERR,ERR,ERR,ERR,ERR,ERR,ERR,ERR,ERR,ERR,ERR,ERR,ERR,ERR,ERR,ERR,ERR,ERR,ERR,ERR,ERR,ERR,ERR,ERR,ERR,ERR,ERR,ERR,ERR,ERR,ERR,ERR,ERR,ERR,ERR,ERR,ERR,ERR,ERR,ERR,ERR,ERR,ERR,ERR,ERR,ERR,ERR,ERR,ERR,ERR,ERR,ERR,ERR,ERR,ERR,ERR,ERR,ERR,ERR,ERR,ERR,ERR,ERR,ERR,ERR,50.0,60.0,100,0.0,0.0,0.0,0.0,0.0,0.0,0.0,0.0,0.0,0.0,0.0,0.0,0.0,0.0,0.0,0.0,62.0,74,13,65511,50,65476,0,300,0,0,8,20529,65476,0,0,26214,60.0,0.0,0.0,0.0,0.0,0.0
2026-05-17T18:06:17,ERR,ERR,ERR,ERR,ERR,ERR,ERR,ERR,ERR,ERR,ERR,ERR,ERR,ERR,ERR,ERR,ERR,ERR,ERR,ERR,ERR,ERR,ERR,ERR,ERR,ERR,ERR,ERR,ERR,ERR,ERR,ERR,ERR,ERR,ERR,ERR,ERR,ERR,ERR,ERR,ERR,ERR,ERR,ERR,ERR,ERR,ERR,ERR,ERR,ERR,ERR,ERR,ERR,ERR,ERR,ERR,ERR,ERR,ERR,ERR,ERR,ERR,ERR,ERR,ERR,ERR,ERR,ERR,ERR,ERR,ERR,ERR,ERR,ERR,ERR,ERR,ERR,ERR,ERR,ERR,ERR,ERR,ERR,ERR,ERR,ERR,ERR,ERR,ERR,ERR,ERR,ERR,ERR,ERR,ERR,ERR,ERR,ERR,ERR,ERR,ERR,ERR,ERR,ERR,ERR,ERR,ERR,ERR,ERR,ERR,ERR,ERR,ERR,ERR,ERR,ERR,ERR,ERR,ERR,ERR,ERR,ERR,ERR,ERR,ERR,-107615288.0,-107615296.0,0.0,0.0,0.0,1.3936040501711995e+18,7.805,0.0,0,0,4,0,8422,0.0,45,0.0,0.0,0.0,0.0,0.0,0,0,0,0,0.0,0,0,0,0,0,0,0,0,0,0,0,0,0,0,0,0,0,0,0,0,0,0,0,0,0,0,0,0,0,0,0,0,0,38,14,7,45,65476,0,300,0,0,8,21553,0.0,-107605600.0,0.0,0.0,0.0,0.0,0.0,0.0,0.0,0.0,0.0,0.0,0.0,0.0,0.0,0.0,0.0,0.0,0.0,0.0,0.0,0.0,-2.004,0.0,2.004,0.0,0.0,0.0,0.0,0.0,5015.0,-1.040665380856972e+34,0.0,-107615288.0,-0.0,-107615280.0,2.718429300292151e+23,0.0,0.0,0.0,0.0,53,-0.0,-3.222002767243768e+26,0.0,0.0,0.0,0.0,0.0,0.0,0.0,0,0,0,0.0,0.0,0.0,0.0,0.0,0.0,0.0,0.0,0.0,0.0,0.0,0.0,0.0,0.0,0.0,0.0,0,-107875648.0,53,0.0,106,-107614832.0,-0.0,ERR,ERR,ERR,ERR,ERR,ERR,ERR,ERR,ERR,ERR,ERR,ERR,ERR,ERR,ERR,ERR,ERR,ERR,ERR,ERR,ERR,ERR,ERR,ERR,ERR,ERR,ERR,ERR,ERR,ERR,ERR,ERR,ERR,ERR,ERR,ERR,ERR,ERR,ERR,ERR,ERR,ERR,ERR,ERR,ERR,ERR,ERR,ERR,ERR,ERR,ERR,ERR,ERR,ERR,ERR,ERR,ERR,ERR,ERR,ERR,ERR,ERR,ERR,ERR,ERR,ERR,ERR,50.0,60.0,100,0.0,0.0,0.0,0.0,0.0,0.0,0.0,0.0,0.0,0.0,0.0,0.0,0.0,0.0,0.0,0.0,62.0,74,13,65511,50,65476,0,300,0,0,8,20529,65476,0,0,26214,60.0,0.0,0.0,0.0,0.0,0.0
2026-05-17T18:06:18,ERR,ERR,ERR,ERR,ERR,ERR,ERR,ERR,ERR,ERR,ERR,ERR,ERR,ERR,ERR,ERR,ERR,ERR,ERR,ERR,ERR,ERR,ERR,ERR,ERR,ERR,ERR,ERR,ERR,ERR,ERR,ERR,ERR,ERR,ERR,ERR,ERR,ERR,ERR,ERR,ERR,ERR,ERR,ERR,ERR,ERR,ERR,ERR,ERR,ERR,ERR,ERR,ERR,ERR,ERR,ERR,ERR,ERR,ERR,ERR,ERR,ERR,ERR,ERR,ERR,ERR,ERR,ERR,ERR,ERR,ERR,ERR,ERR,ERR,ERR,ERR,ERR,ERR,ERR,ERR,ERR,ERR,ERR,ERR,ERR,ERR,ERR,ERR,ERR,ERR,ERR,ERR,ERR,ERR,ERR,ERR,ERR,ERR,ERR,ERR,ERR,ERR,ERR,ERR,ERR,ERR,ERR,ERR,ERR,ERR,ERR,ERR,ERR,ERR,ERR,ERR,ERR,ERR,ERR,ERR,ERR,ERR,ERR,ERR,ERR,-107615288.0,-107615296.0,0.0,0.0,0.0,1.3936040501711995e+18,7.805,0.0,0,0,4,0,8422,0.0,45,0.0,0.0,0.0,0.0,0.0,0,0,0,0,0.0,0,0,0,0,0,0,0,0,0,0,0,0,0,0,0,0,0,0,0,0,0,0,0,0,0,0,0,0,0,0,0,0,0,38,14,7,45,65476,0,300,0,0,8,21553,0.0,-107605600.0,0.0,0.0,0.0,0.0,0.0,0.0,0.0,0.0,0.0,0.0,0.0,0.0,0.0,0.0,0.0,0.0,0.0,0.0,0.0,0.0,-2.004,0.0,2.004,0.0,0.0,0.0,0.0,0.0,5015.0,-1.040665380856972e+34,0.0,-107615288.0,-0.0,-107615280.0,2.718429300292151e+23,0.0,0.0,0.0,0.0,53,-0.0,-3.222002767243768e+26,0.0,0.0,0.0,0.0,0.0,0.0,0.0,0,0,0,0.0,0.0,0.0,0.0,0.0,0.0,0.0,0.0,0.0,0.0,0.0,0.0,0.0,0.0,0.0,0.0,0,-107875648.0,53,0.0,106,-107614832.0,-0.0,ERR,ERR,ERR,ERR,ERR,ERR,ERR,ERR,ERR,ERR,ERR,ERR,ERR,ERR,ERR,ERR,ERR,ERR,ERR,ERR,ERR,ERR,ERR,ERR,ERR,ERR,ERR,ERR,ERR,ERR,ERR,ERR,ERR,ERR,ERR,ERR,ERR,ERR,ERR,ERR,ERR,ERR,ERR,ERR,ERR,ERR,ERR,ERR,ERR,ERR,ERR,ERR,ERR,ERR,ERR,ERR,ERR,ERR,ERR,ERR,ERR,ERR,ERR,ERR,ERR,ERR,ERR,50.0,60.0,100,0.0,0.0,0.0,0.0,0.0,0.0,0.0,0.0,0.0,0.0,0.0,0.0,0.0,0.0,0.0,0.0,62.0,74,13,65511,50,65476,0,300,0,0,8,20529,65476,0,0,26214,60.0,0.0,0.0,0.0,0.0,0.0
2026-05-17T18:06:19,ERR,ERR,ERR,ERR,ERR,ERR,ERR,ERR,ERR,ERR,ERR,ERR,ERR,ERR,ERR,ERR,ERR,ERR,ERR,ERR,ERR,ERR,ERR,ERR,ERR,ERR,ERR,ERR,ERR,ERR,ERR,ERR,ERR,ERR,ERR,ERR,ERR,ERR,ERR,ERR,ERR,ERR,ERR,ERR,ERR,ERR,ERR,ERR,ERR,ERR,ERR,ERR,ERR,ERR,ERR,ERR,ERR,ERR,ERR,ERR,ERR,ERR,ERR,ERR,ERR,ERR,ERR,ERR,ERR,ERR,ERR,ERR,ERR,ERR,ERR,ERR,ERR,ERR,ERR,ERR,ERR,ERR,ERR,ERR,ERR,ERR,ERR,ERR,ERR,ERR,ERR,ERR,ERR,ERR,ERR,ERR,ERR,ERR,ERR,ERR,ERR,ERR,ERR,ERR,ERR,ERR,ERR,ERR,ERR,ERR,ERR,ERR,ERR,ERR,ERR,ERR,ERR,ERR,ERR,ERR,ERR,ERR,ERR,ERR,ERR,-107615288.0,-107615296.0,0.0,0.0,0.0,1.3936040501711995e+18,7.805,0.0,0,0,4,0,8422,0.0,45,0.0,0.0,0.0,0.0,0.0,0,0,0,0,0.0,0,0,0,0,0,0,0,0,0,0,0,0,0,0,0,0,0,0,0,0,0,0,0,0,0,0,0,0,0,0,0,0,0,38,14,7,45,65476,0,300,0,0,8,21553,0.0,-107605600.0,0.0,0.0,0.0,0.0,0.0,0.0,0.0,0.0,0.0,0.0,0.0,0.0,0.0,0.0,0.0,0.0,0.0,0.0,0.0,0.0,-2.004,0.0,2.004,0.0,0.0,0.0,0.0,0.0,5015.0,-1.040665380856972e+34,0.0,-107615288.0,-0.0,-107615280.0,2.718429300292151e+23,0.0,0.0,0.0,0.0,53,-0.0,-3.222002767243768e+26,0.0,0.0,0.0,0.0,0.0,0.0,0.0,0,0,0,0.0,0.0,0.0,0.0,0.0,0.0,0.0,0.0,0.0,0.0,0.0,0.0,0.0,0.0,0.0,0.0,0,-107875648.0,53,0.0,106,-107614832.0,-0.0,ERR,ERR,ERR,ERR,ERR,ERR,ERR,ERR,ERR,ERR,ERR,ERR,ERR,ERR,ERR,ERR,ERR,ERR,ERR,ERR,ERR,ERR,ERR,ERR,ERR,ERR,ERR,ERR,ERR,ERR,ERR,ERR,ERR,ERR,ERR,ERR,ERR,ERR,ERR,ERR,ERR,ERR,ERR,ERR,ERR,ERR,ERR,ERR,ERR,ERR,ERR,ERR,ERR,ERR,ERR,ERR,ERR,ERR,ERR,ERR,ERR,ERR,ERR,ERR,ERR,ERR,ERR,50.0,60.0,100,0.0,0.0,0.0,0.0,0.0,0.0,0.0,0.0,0.0,0.0,0.0,0.0,0.0,0.0,0.0,0.0,62.0,74,13,65511,50,65476,0,300,0,0,8,20529,65476,0,0,26214,60.0,0.0,0.0,0.0,0.0,0.0
2026-05-17T18:06:20,ERR,ERR,ERR,ERR,ERR,ERR,ERR,ERR,ERR,ERR,ERR,ERR,ERR,ERR,ERR,ERR,ERR,ERR,ERR,ERR,ERR,ERR,ERR,ERR,ERR,ERR,ERR,ERR,ERR,ERR,ERR,ERR,ERR,ERR,ERR,ERR,ERR,ERR,ERR,ERR,ERR,ERR,ERR,ERR,ERR,ERR,ERR,ERR,ERR,ERR,ERR,ERR,ERR,ERR,ERR,ERR,ERR,ERR,ERR,ERR,ERR,ERR,ERR,ERR,ERR,ERR,ERR,ERR,ERR,ERR,ERR,ERR,ERR,ERR,ERR,ERR,ERR,ERR,ERR,ERR,ERR,ERR,ERR,ERR,ERR,ERR,ERR,ERR,ERR,ERR,ERR,ERR,ERR,ERR,ERR,ERR,ERR,ERR,ERR,ERR,ERR,ERR,ERR,ERR,ERR,ERR,ERR,ERR,ERR,ERR,ERR,ERR,ERR,ERR,ERR,ERR,ERR,ERR,ERR,ERR,ERR,ERR,ERR,ERR,ERR,-107615288.0,-107615296.0,0.0,0.0,0.0,1.3936040501711995e+18,7.805,0.0,0,0,4,0,8422,0.0,45,0.0,0.0,0.0,0.0,0.0,0,0,0,0,0.0,0,0,0,0,0,0,0,0,0,0,0,0,0,0,0,0,0,0,0,0,0,0,0,0,0,0,0,0,0,0,0,0,0,38,14,7,45,65476,0,300,0,0,8,21553,0.0,-107605600.0,0.0,0.0,0.0,0.0,0.0,0.0,0.0,0.0,0.0,0.0,0.0,0.0,0.0,0.0,0.0,0.0,0.0,0.0,0.0,0.0,-2.004,0.0,2.004,0.0,0.0,0.0,0.0,0.0,5015.0,-1.040665380856972e+34,0.0,-107615288.0,-0.0,-107615280.0,2.718429300292151e+23,0.0,0.0,0.0,0.0,53,-0.0,-3.222002767243768e+26,0.0,0.0,0.0,0.0,0.0,0.0,0.0,0,0,0,0.0,0.0,0.0,0.0,0.0,0.0,0.0,0.0,0.0,0.0,0.0,0.0,0.0,0.0,0.0,0.0,0,-107875648.0,53,0.0,106,-107614832.0,-0.0,ERR,ERR,ERR,ERR,ERR,ERR,ERR,ERR,ERR,ERR,ERR,ERR,ERR,ERR,ERR,ERR,ERR,ERR,ERR,ERR,ERR,ERR,ERR,ERR,ERR,ERR,ERR,ERR,ERR,ERR,ERR,ERR,ERR,ERR,ERR,ERR,ERR,ERR,ERR,ERR,ERR,ERR,ERR,ERR,ERR,ERR,ERR,ERR,ERR,ERR,ERR,ERR,ERR,ERR,ERR,ERR,ERR,ERR,ERR,ERR,ERR,ERR,ERR,ERR,ERR,ERR,ERR,50.0,60.0,100,0.0,0.0,0.0,0.0,0.0,0.0,0.0,0.0,0.0,0.0,0.0,0.0,0.0,0.0,0.0,0.0,61.6,75,13,65511,50,65476,0,300,0,0,8,20529,65476,0,0,26214,60.0,0.0,0.0,0.0,0.0,0.0
2026-05-17T18:06:21,ERR,ERR,ERR,ERR,ERR,ERR,ERR,ERR,ERR,ERR,ERR,ERR,ERR,ERR,ERR,ERR,ERR,ERR,ERR,ERR,ERR,ERR,ERR,ERR,ERR,ERR,ERR,ERR,ERR,ERR,ERR,ERR,ERR,ERR,ERR,ERR,ERR,ERR,ERR,ERR,ERR,ERR,ERR,ERR,ERR,ERR,ERR,ERR,ERR,ERR,ERR,ERR,ERR,ERR,ERR,ERR,ERR,ERR,ERR,ERR,ERR,ERR,ERR,ERR,ERR,ERR,ERR,ERR,ERR,ERR,ERR,ERR,ERR,ERR,ERR,ERR,ERR,ERR,ERR,ERR,ERR,ERR,ERR,ERR,ERR,ERR,ERR,ERR,ERR,ERR,ERR,ERR,ERR,ERR,ERR,ERR,ERR,ERR,ERR,ERR,ERR,ERR,ERR,ERR,ERR,ERR,ERR,ERR,ERR,ERR,ERR,ERR,ERR,ERR,ERR,ERR,ERR,ERR,ERR,ERR,ERR,ERR,ERR,ERR,ERR,-107615288.0,-107615296.0,0.0,0.0,0.0,1.3936040501711995e+18,7.805,0.0,0,0,4,0,8422,0.0,45,0.0,0.0,0.0,0.0,0.0,0,0,0,0,0.0,0,0,0,0,0,0,0,0,0,0,0,0,0,0,0,0,0,0,0,0,0,0,0,0,0,0,0,0,0,0,0,0,0,38,14,7,45,65476,0,300,0,0,8,21553,0.0,-107605600.0,0.0,0.0,0.0,0.0,0.0,0.0,0.0,0.0,0.0,0.0,0.0,0.0,0.0,0.0,0.0,0.0,0.0,0.0,0.0,0.0,-2.004,-2.004,2.004,0.0,0.0,0.0,0.0,0.0,5019.0,-8608182272.0,0.0,-107615288.0,-107615296.0,-0.0,0.0,0.0,0.0,0.0,0.0,53,-0.0,-0.0,0.0,0.0,0.0,0.0,0.0,0.0,0.0,0,0,0,0.0,0.0,0.0,0.0,0.0,0.0,0.0,0.0,0.0,0.0,0.0,0.0,0.0,0.0,0.0,0.0,0,-107875648.0,53,0.0,106,-107614832.0,-0.0,ERR,ERR,ERR,ERR,ERR,ERR,ERR,ERR,ERR,ERR,ERR,ERR,ERR,ERR,ERR,ERR,ERR,ERR,ERR,ERR,ERR,ERR,ERR,ERR,ERR,ERR,ERR,ERR,ERR,ERR,ERR,ERR,ERR,ERR,ERR,ERR,ERR,ERR,ERR,ERR,ERR,ERR,ERR,ERR,ERR,ERR,ERR,ERR,ERR,ERR,ERR,ERR,ERR,ERR,ERR,ERR,ERR,ERR,ERR,ERR,ERR,ERR,ERR,ERR,ERR,ERR,ERR,50.0,60.0,100,0.0,0.0,0.0,0.0,0.0,0.0,0.0,0.0,0.0,0.0,0.0,0.0,0.0,0.0,0.0,0.0,61.6,75,13,65511,50,65476,0,300,0,0,8,20529,65476,0,0,26214,60.0,0.0,0.0,0.0,0.0,0.0
2026-05-17T18:06:22,ERR,ERR,ERR,ERR,ERR,ERR,ERR,ERR,ERR,ERR,ERR,ERR,ERR,ERR,ERR,ERR,ERR,ERR,ERR,ERR,ERR,ERR,ERR,ERR,ERR,ERR,ERR,ERR,ERR,ERR,ERR,ERR,ERR,ERR,ERR,ERR,ERR,ERR,ERR,ERR,ERR,ERR,ERR,ERR,ERR,ERR,ERR,ERR,ERR,ERR,ERR,ERR,ERR,ERR,ERR,ERR,ERR,ERR,ERR,ERR,ERR,ERR,ERR,ERR,ERR,ERR,ERR,ERR,ERR,ERR,ERR,ERR,ERR,ERR,ERR,ERR,ERR,ERR,ERR,ERR,ERR,ERR,ERR,ERR,ERR,ERR,ERR,ERR,ERR,ERR,ERR,ERR,ERR,ERR,ERR,ERR,ERR,ERR,ERR,ERR,ERR,ERR,ERR,ERR,ERR,ERR,ERR,ERR,ERR,ERR,ERR,ERR,ERR,ERR,ERR,ERR,ERR,ERR,ERR,ERR,ERR,ERR,ERR,ERR,ERR,-107615288.0,-107615296.0,0.0,0.0,0.0,1.3936040501711995e+18,7.805,0.0,0,0,4,0,8422,0.0,45,0.0,0.0,0.0,0.0,0.0,0,0,0,0,0.0,0,0,0,0,0,0,0,0,0,0,0,0,0,0,0,0,0,0,0,0,0,0,0,0,0,0,0,0,0,0,0,0,0,38,14,7,45,65476,0,300,0,0,8,21553,0.0,-107605600.0,0.0,0.0,0.0,0.0,0.0,0.0,0.0,0.0,0.0,0.0,0.0,0.0,0.0,0.0,0.0,0.0,0.0,0.0,0.0,0.0,-2.004,-2.004,2.004,0.0,0.0,0.0,0.0,0.0,5019.0,-8608182272.0,0.0,-107615288.0,-107615296.0,-0.0,0.0,0.0,0.0,0.0,0.0,53,-0.0,-0.0,0.0,0.0,0.0,0.0,0.0,0.0,0.0,0,0,0,0.0,0.0,0.0,0.0,0.0,0.0,0.0,0.0,0.0,0.0,0.0,0.0,0.0,0.0,0.0,0.0,0,-107875648.0,53,0.0,106,-107614832.0,-0.0,ERR,ERR,ERR,ERR,ERR,ERR,ERR,ERR,ERR,ERR,ERR,ERR,ERR,ERR,ERR,ERR,ERR,ERR,ERR,ERR,ERR,ERR,ERR,ERR,ERR,ERR,ERR,ERR,ERR,ERR,ERR,ERR,ERR,ERR,ERR,ERR,ERR,ERR,ERR,ERR,ERR,ERR,ERR,ERR,ERR,ERR,ERR,ERR,ERR,ERR,ERR,ERR,ERR,ERR,ERR,ERR,ERR,ERR,ERR,ERR,ERR,ERR,ERR,ERR,ERR,ERR,ERR,50.0,60.0,100,0.0,0.0,0.0,0.0,0.0,0.0,0.0,0.0,0.0,0.0,0.0,0.0,0.0,0.0,0.0,0.0,61.6,75,13,65511,50,65476,0,300,0,0,8,20529,65476,0,0,26214,60.0,0.0,0.0,0.0,0.0,0.0
2026-05-17T18:06:23,ERR,ERR,ERR,ERR,ERR,ERR,ERR,ERR,ERR,ERR,ERR,ERR,ERR,ERR,ERR,ERR,ERR,ERR,ERR,ERR,ERR,ERR,ERR,ERR,ERR,ERR,ERR,ERR,ERR,ERR,ERR,ERR,ERR,ERR,ERR,ERR,ERR,ERR,ERR,ERR,ERR,ERR,ERR,ERR,ERR,ERR,ERR,ERR,ERR,ERR,ERR,ERR,ERR,ERR,ERR,ERR,ERR,ERR,ERR,ERR,ERR,ERR,ERR,ERR,ERR,ERR,ERR,ERR,ERR,ERR,ERR,ERR,ERR,ERR,ERR,ERR,ERR,ERR,ERR,ERR,ERR,ERR,ERR,ERR,ERR,ERR,ERR,ERR,ERR,ERR,ERR,ERR,ERR,ERR,ERR,ERR,ERR,ERR,ERR,ERR,ERR,ERR,ERR,ERR,ERR,ERR,ERR,ERR,ERR,ERR,ERR,ERR,ERR,ERR,ERR,ERR,ERR,ERR,ERR,ERR,ERR,ERR,ERR,ERR,ERR,-107615288.0,-107615296.0,0.0,0.0,0.0,1.3936040501711995e+18,7.805,0.0,0,0,4,0,8422,0.0,45,0.0,0.0,0.0,0.0,0.0,0,0,0,0,0.0,0,0,0,0,0,0,0,0,0,0,0,0,0,0,0,0,0,0,0,0,0,0,0,0,0,0,0,0,0,0,0,0,0,38,14,7,45,65476,0,300,0,0,8,21553,0.0,-107605600.0,0.0,0.0,0.0,0.0,0.0,0.0,0.0,0.0,0.0,0.0,0.0,0.0,0.0,0.0,0.0,0.0,0.0,0.0,0.0,0.0,-2.004,-2.004,2.004,0.0,0.0,0.0,0.0,0.0,5019.0,-8608182272.0,0.0,-107615288.0,-107615296.0,-0.0,0.0,0.0,0.0,0.0,0.0,53,-0.0,-0.0,0.0,0.0,0.0,0.0,0.0,0.0,0.0,0,0,0,0.0,0.0,0.0,0.0,0.0,0.0,0.0,0.0,0.0,0.0,0.0,0.0,0.0,0.0,0.0,0.0,0,-107875648.0,53,0.0,106,-107614832.0,-0.0,ERR,ERR,ERR,ERR,ERR,ERR,ERR,ERR,ERR,ERR,ERR,ERR,ERR,ERR,ERR,ERR,ERR,ERR,ERR,ERR,ERR,ERR,ERR,ERR,ERR,ERR,ERR,ERR,ERR,ERR,ERR,ERR,ERR,ERR,ERR,ERR,ERR,ERR,ERR,ERR,ERR,ERR,ERR,ERR,ERR,ERR,ERR,ERR,ERR,ERR,ERR,ERR,ERR,ERR,ERR,ERR,ERR,ERR,ERR,ERR,ERR,ERR,ERR,ERR,ERR,ERR,ERR,50.0,60.0,100,0.0,0.0,0.0,0.0,0.0,0.0,0.0,0.0,0.0,0.0,0.0,0.0,0.0,0.0,0.0,0.0,61.6,75,13,65511,50,65476,0,300,0,0,8,20529,65476,0,0,26214,60.0,0.0,0.0,0.0,0.0,0.0
2026-05-17T18:06:24,ERR,ERR,ERR,ERR,ERR,ERR,ERR,ERR,ERR,ERR,ERR,ERR,ERR,ERR,ERR,ERR,ERR,ERR,ERR,ERR,ERR,ERR,ERR,ERR,ERR,ERR,ERR,ERR,ERR,ERR,ERR,ERR,ERR,ERR,ERR,ERR,ERR,ERR,ERR,ERR,ERR,ERR,ERR,ERR,ERR,ERR,ERR,ERR,ERR,ERR,ERR,ERR,ERR,ERR,ERR,ERR,ERR,ERR,ERR,ERR,ERR,ERR,ERR,ERR,ERR,ERR,ERR,ERR,ERR,ERR,ERR,ERR,ERR,ERR,ERR,ERR,ERR,ERR,ERR,ERR,ERR,ERR,ERR,ERR,ERR,ERR,ERR,ERR,ERR,ERR,ERR,ERR,ERR,ERR,ERR,ERR,ERR,ERR,ERR,ERR,ERR,ERR,ERR,ERR,ERR,ERR,ERR,ERR,ERR,ERR,ERR,ERR,ERR,ERR,ERR,ERR,ERR,ERR,ERR,ERR,ERR,ERR,ERR,ERR,ERR,-107615288.0,-107615296.0,0.0,0.0,0.0,1.3936040501711995e+18,7.805,0.0,0,0,4,0,8422,0.0,45,0.0,0.0,0.0,0.0,0.0,0,0,0,0,0.0,0,0,0,0,0,0,0,0,0,0,0,0,0,0,0,0,0,0,0,0,0,0,0,0,0,0,0,0,0,0,0,0,0,38,14,7,45,65476,0,300,0,0,8,21553,0.0,-107605600.0,0.0,0.0,0.0,0.0,0.0,0.0,0.0,0.0,0.0,0.0,0.0,0.0,0.0,0.0,0.0,0.0,0.0,0.0,0.0,0.0,-2.004,-2.004,2.004,0.0,0.0,0.0,0.0,0.0,5019.0,-8608182272.0,0.0,-107615288.0,-107615296.0,-0.0,0.0,0.0,0.0,0.0,0.0,53,-0.0,-0.0,0.0,0.0,0.0,0.0,0.0,0.0,0.0,0,0,0,0.0,0.0,0.0,0.0,0.0,0.0,0.0,0.0,0.0,0.0,0.0,0.0,0.0,0.0,0.0,0.0,0,-107875648.0,53,0.0,106,-107614832.0,-0.0,ERR,ERR,ERR,ERR,ERR,ERR,ERR,ERR,ERR,ERR,ERR,ERR,ERR,ERR,ERR,ERR,ERR,ERR,ERR,ERR,ERR,ERR,ERR,ERR,ERR,ERR,ERR,ERR,ERR,ERR,ERR,ERR,ERR,ERR,ERR,ERR,ERR,ERR,ERR,ERR,ERR,ERR,ERR,ERR,ERR,ERR,ERR,ERR,ERR,ERR,ERR,ERR,ERR,ERR,ERR,ERR,ERR,ERR,ERR,ERR,ERR,ERR,ERR,ERR,ERR,ERR,ERR,50.0,60.0,100,0.0,0.0,0.0,0.0,0.0,0.0,0.0,0.0,0.0,0.0,0.0,0.0,0.0,0.0,0.0,0.0,61.6,75,13,65511,50,65476,0,300,0,0,8,20529,65476,0,0,26214,60.0,0.0,0.0,0.0,0.0,0.0
2026-05-17T18:06:25,ERR,ERR,ERR,ERR,ERR,ERR,ERR,ERR,ERR,ERR,ERR,ERR,ERR,ERR,ERR,ERR,ERR,ERR,ERR,ERR,ERR,ERR,ERR,ERR,ERR,ERR,ERR,ERR,ERR,ERR,ERR,ERR,ERR,ERR,ERR,ERR,ERR,ERR,ERR,ERR,ERR,ERR,ERR,ERR,ERR,ERR,ERR,ERR,ERR,ERR,ERR,ERR,ERR,ERR,ERR,ERR,ERR,ERR,ERR,ERR,ERR,ERR,ERR,ERR,ERR,ERR,ERR,ERR,ERR,ERR,ERR,ERR,ERR,ERR,ERR,ERR,ERR,ERR,ERR,ERR,ERR,ERR,ERR,ERR,ERR,ERR,ERR,ERR,ERR,ERR,ERR,ERR,ERR,ERR,ERR,ERR,ERR,ERR,ERR,ERR,ERR,ERR,ERR,ERR,ERR,ERR,ERR,ERR,ERR,ERR,ERR,ERR,ERR,ERR,ERR,ERR,ERR,ERR,ERR,ERR,ERR,ERR,ERR,ERR,ERR,-107615288.0,-107615296.0,0.0,0.0,0.0,1.3936040501711995e+18,7.805,0.0,0,0,4,0,8422,0.0,45,0.0,0.0,0.0,0.0,0.0,0,0,0,0,0.0,0,0,0,0,0,0,0,0,0,0,0,0,0,0,0,0,0,0,0,0,0,0,0,0,0,0,0,0,0,0,0,0,0,38,14,7,45,65476,0,300,0,0,8,21553,0.0,-107605600.0,0.0,0.0,0.0,0.0,0.0,0.0,0.0,0.0,0.0,0.0,0.0,0.0,0.0,0.0,0.0,0.0,0.0,0.0,0.0,0.0,-2.004,-2.004,2.004,0.0,0.0,0.0,0.0,0.0,5019.0,-8608182272.0,0.0,-107615288.0,-107615296.0,-0.0,0.0,0.0,0.0,0.0,0.0,53,-0.0,-0.0,0.0,0.0,0.0,0.0,0.0,0.0,0.0,0,0,0,0.0,0.0,0.0,0.0,0.0,0.0,0.0,0.0,0.0,0.0,0.0,0.0,0.0,0.0,0.0,0.0,0,-107875648.0,53,0.0,106,-107614832.0,-0.0,ERR,ERR,ERR,ERR,ERR,ERR,ERR,ERR,ERR,ERR,ERR,ERR,ERR,ERR,ERR,ERR,ERR,ERR,ERR,ERR,ERR,ERR,ERR,ERR,ERR,ERR,ERR,ERR,ERR,ERR,ERR,ERR,ERR,ERR,ERR,ERR,ERR,ERR,ERR,ERR,ERR,ERR,ERR,ERR,ERR,ERR,ERR,ERR,ERR,ERR,ERR,ERR,ERR,ERR,ERR,ERR,ERR,ERR,ERR,ERR,ERR,ERR,ERR,ERR,ERR,ERR,ERR,50.0,60.0,100,0.0,0.0,0.0,0.0,0.0,0.0,0.0,0.0,0.0,0.0,0.0,0.0,0.0,0.0,0.0,0.0,61.6,75,13,65511,50,65476,0,300,0,0,8,20529,65476,0,0,26214,60.0,0.0,0.0,0.0,0.0,0.0
2026-05-17T18:06:26,ERR,ERR,ERR,ERR,ERR,ERR,ERR,ERR,ERR,ERR,ERR,ERR,ERR,ERR,ERR,ERR,ERR,ERR,ERR,ERR,ERR,ERR,ERR,ERR,ERR,ERR,ERR,ERR,ERR,ERR,ERR,ERR,ERR,ERR,ERR,ERR,ERR,ERR,ERR,ERR,ERR,ERR,ERR,ERR,ERR,ERR,ERR,ERR,ERR,ERR,ERR,ERR,ERR,ERR,ERR,ERR,ERR,ERR,ERR,ERR,ERR,ERR,ERR,ERR,ERR,ERR,ERR,ERR,ERR,ERR,ERR,ERR,ERR,ERR,ERR,ERR,ERR,ERR,ERR,ERR,ERR,ERR,ERR,ERR,ERR,ERR,ERR,ERR,ERR,ERR,ERR,ERR,ERR,ERR,ERR,ERR,ERR,ERR,ERR,ERR,ERR,ERR,ERR,ERR,ERR,ERR,ERR,ERR,ERR,ERR,ERR,ERR,ERR,ERR,ERR,ERR,ERR,ERR,ERR,ERR,ERR,ERR,ERR,ERR,ERR,-107615288.0,-107615296.0,0.0,0.0,0.0,1.3936040501711995e+18,7.805,0.0,0,0,4,0,8422,0.0,45,0.0,0.0,0.0,0.0,0.0,0,0,0,0,0.0,0,0,0,0,0,0,0,0,0,0,0,0,0,0,0,0,0,0,0,0,0,0,0,0,0,0,0,0,0,0,0,0,0,38,14,7,45,65476,0,300,0,0,8,21553,0.0,-107605600.0,0.0,0.0,0.0,0.0,0.0,0.0,0.0,0.0,0.0,0.0,0.0,0.0,0.0,0.0,0.0,0.0,0.0,0.0,0.0,0.0,-2.004,-2.004,2.004,0.0,0.0,0.0,0.0,0.0,5019.0,-8608182272.0,0.0,-107615288.0,-107615296.0,-0.0,0.0,0.0,0.0,0.0,0.0,53,-0.0,-0.0,0.0,0.0,0.0,0.0,0.0,0.0,0.0,0,0,0,0.0,0.0,0.0,0.0,0.0,0.0,0.0,0.0,0.0,0.0,0.0,0.0,0.0,0.0,0.0,0.0,0,-107875648.0,53,0.0,106,-107614832.0,-0.0,ERR,ERR,ERR,ERR,ERR,ERR,ERR,ERR,ERR,ERR,ERR,ERR,ERR,ERR,ERR,ERR,ERR,ERR,ERR,ERR,ERR,ERR,ERR,ERR,ERR,ERR,ERR,ERR,ERR,ERR,ERR,ERR,ERR,ERR,ERR,ERR,ERR,ERR,ERR,ERR,ERR,ERR,ERR,ERR,ERR,ERR,ERR,ERR,ERR,ERR,ERR,ERR,ERR,ERR,ERR,ERR,ERR,ERR,ERR,ERR,ERR,ERR,ERR,ERR,ERR,ERR,ERR,50.0,60.0,100,0.0,0.0,0.0,0.0,0.0,0.0,0.0,0.0,0.0,0.0,0.0,0.0,0.0,0.0,0.0,0.0,61.6,75,13,65511,50,65476,0,300,0,0,8,20529,65476,0,0,26214,60.0,0.0,0.0,0.0,0.0,0.0
2026-05-17T18:06:27,ERR,ERR,ERR,ERR,ERR,ERR,ERR,ERR,ERR,ERR,ERR,ERR,ERR,ERR,ERR,ERR,ERR,ERR,ERR,ERR,ERR,ERR,ERR,ERR,ERR,ERR,ERR,ERR,ERR,ERR,ERR,ERR,ERR,ERR,ERR,ERR,ERR,ERR,ERR,ERR,ERR,ERR,ERR,ERR,ERR,ERR,ERR,ERR,ERR,ERR,ERR,ERR,ERR,ERR,ERR,ERR,ERR,ERR,ERR,ERR,ERR,ERR,ERR,ERR,ERR,ERR,ERR,ERR,ERR,ERR,ERR,ERR,ERR,ERR,ERR,ERR,ERR,ERR,ERR,ERR,ERR,ERR,ERR,ERR,ERR,ERR,ERR,ERR,ERR,ERR,ERR,ERR,ERR,ERR,ERR,ERR,ERR,ERR,ERR,ERR,ERR,ERR,ERR,ERR,ERR,ERR,ERR,ERR,ERR,ERR,ERR,ERR,ERR,ERR,ERR,ERR,ERR,ERR,ERR,ERR,ERR,ERR,ERR,ERR,ERR,-107615288.0,-107615296.0,0.0,0.0,0.0,1.3936040501711995e+18,7.805,0.0,0,0,4,0,8422,0.0,45,0.0,0.0,0.0,0.0,0.0,0,0,0,0,0.0,0,0,0,0,0,0,0,0,0,0,0,0,0,0,0,0,0,0,0,0,0,0,0,0,0,0,0,0,0,0,0,0,0,38,14,7,45,65476,0,300,0,0,8,21553,0.0,-107605600.0,0.0,0.0,0.0,0.0,0.0,0.0,0.0,0.0,0.0,0.0,0.0,0.0,0.0,0.0,0.0,0.0,0.0,0.0,0.0,0.0,-2.004,-2.004,2.004,-2.004,0.0,0.0,0.0,0.0,5046.0,0.0,0.0,-107615288.0,-107615296.0,-0.0,2.718429300292151e+23,0.0,0.0,0.0,0.0,53,-0.0,0.0,0.0,0.0,0.0,0.0,0.0,0.0,0.0,0,0,0,0.0,0.0,0.0,0.0,0.0,0.0,0.0,0.0,0.0,0.0,0.0,0.0,0.0,0.0,0.0,0.0,0,-107875648.0,53,0.0,106,-107614832.0,-0.0,ERR,ERR,ERR,ERR,ERR,ERR,ERR,ERR,ERR,ERR,ERR,ERR,ERR,ERR,ERR,ERR,ERR,ERR,ERR,ERR,ERR,ERR,ERR,ERR,ERR,ERR,ERR,ERR,ERR,ERR,ERR,ERR,ERR,ERR,ERR,ERR,ERR,ERR,ERR,ERR,ERR,ERR,ERR,ERR,ERR,ERR,ERR,ERR,ERR,ERR,ERR,ERR,ERR,ERR,ERR,ERR,ERR,ERR,ERR,ERR,ERR,ERR,ERR,ERR,ERR,ERR,ERR,50.0,60.0,100,0.0,0.0,0.0,0.0,0.0,0.0,0.0,0.0,0.0,0.0,0.0,0.0,0.0,0.0,0.0,0.0,61.6,75,13,65511,50,65476,0,300,0,0,8,20529,65476,0,0,26214,60.0,0.0,0.0,0.0,0.0,0.0
2026-05-17T18:06:28,ERR,ERR,ERR,ERR,ERR,ERR,ERR,ERR,ERR,ERR,ERR,ERR,ERR,ERR,ERR,ERR,ERR,ERR,ERR,ERR,ERR,ERR,ERR,ERR,ERR,ERR,ERR,ERR,ERR,ERR,ERR,ERR,ERR,ERR,ERR,ERR,ERR,ERR,ERR,ERR,ERR,ERR,ERR,ERR,ERR,ERR,ERR,ERR,ERR,ERR,ERR,ERR,ERR,ERR,ERR,ERR,ERR,ERR,ERR,ERR,ERR,ERR,ERR,ERR,ERR,ERR,ERR,ERR,ERR,ERR,ERR,ERR,ERR,ERR,ERR,ERR,ERR,ERR,ERR,ERR,ERR,ERR,ERR,ERR,ERR,ERR,ERR,ERR,ERR,ERR,ERR,ERR,ERR,ERR,ERR,ERR,ERR,ERR,ERR,ERR,ERR,ERR,ERR,ERR,ERR,ERR,ERR,ERR,ERR,ERR,ERR,ERR,ERR,ERR,ERR,ERR,ERR,ERR,ERR,ERR,ERR,ERR,ERR,ERR,ERR,-107615288.0,-107615296.0,0.0,0.0,0.0,1.3936040501711995e+18,7.805,0.0,0,0,4,0,8422,0.0,45,0.0,0.0,0.0,0.0,0.0,0,0,0,0,0.0,0,0,0,0,0,0,0,0,0,0,0,0,0,0,0,0,0,0,0,0,0,0,0,0,0,0,0,0,0,0,0,0,0,38,14,7,45,65476,0,300,0,0,8,21553,0.0,-107605600.0,0.0,0.0,0.0,0.0,0.0,0.0,0.0,0.0,0.0,0.0,0.0,0.0,0.0,0.0,0.0,0.0,0.0,0.0,0.0,0.0,-2.004,-2.004,2.004,-2.004,0.0,0.0,0.0,0.0,5046.0,0.0,0.0,-107615288.0,-107615296.0,-0.0,2.718429300292151e+23,0.0,0.0,0.0,0.0,53,-0.0,0.0,0.0,0.0,0.0,0.0,0.0,0.0,0.0,0,0,0,0.0,0.0,0.0,0.0,0.0,0.0,0.0,0.0,0.0,0.0,0.0,0.0,0.0,0.0,0.0,0.0,0,-107875648.0,53,0.0,106,-107614832.0,-0.0,ERR,ERR,ERR,ERR,ERR,ERR,ERR,ERR,ERR,ERR,ERR,ERR,ERR,ERR,ERR,ERR,ERR,ERR,ERR,ERR,ERR,ERR,ERR,ERR,ERR,ERR,ERR,ERR,ERR,ERR,ERR,ERR,ERR,ERR,ERR,ERR,ERR,ERR,ERR,ERR,ERR,ERR,ERR,ERR,ERR,ERR,ERR,ERR,ERR,ERR,ERR,ERR,ERR,ERR,ERR,ERR,ERR,ERR,ERR,ERR,ERR,ERR,ERR,ERR,ERR,ERR,ERR,50.0,60.0,100,0.0,0.0,0.0,0.0,0.0,0.0,0.0,0.0,0.0,0.0,0.0,0.0,0.0,0.0,0.0,0.0,61.6,75,13,65511,50,65476,0,300,0,0,8,20529,65476,0,0,26214,60.0,0.0,0.0,0.0,0.0,0.0
2026-05-17T18:06:29,ERR,ERR,ERR,ERR,ERR,ERR,ERR,ERR,ERR,ERR,ERR,ERR,ERR,ERR,ERR,ERR,ERR,ERR,ERR,ERR,ERR,ERR,ERR,ERR,ERR,ERR,ERR,ERR,ERR,ERR,ERR,ERR,ERR,ERR,ERR,ERR,ERR,ERR,ERR,ERR,ERR,ERR,ERR,ERR,ERR,ERR,ERR,ERR,ERR,ERR,ERR,ERR,ERR,ERR,ERR,ERR,ERR,ERR,ERR,ERR,ERR,ERR,ERR,ERR,ERR,ERR,ERR,ERR,ERR,ERR,ERR,ERR,ERR,ERR,ERR,ERR,ERR,ERR,ERR,ERR,ERR,ERR,ERR,ERR,ERR,ERR,ERR,ERR,ERR,ERR,ERR,ERR,ERR,ERR,ERR,ERR,ERR,ERR,ERR,ERR,ERR,ERR,ERR,ERR,ERR,ERR,ERR,ERR,ERR,ERR,ERR,ERR,ERR,ERR,ERR,ERR,ERR,ERR,ERR,ERR,ERR,ERR,ERR,ERR,ERR,-107615288.0,-107615296.0,0.0,0.0,0.0,1.3936040501711995e+18,7.805,0.0,0,0,4,0,8422,0.0,45,0.0,0.0,0.0,0.0,0.0,0,0,0,0,0.0,0,0,0,0,0,0,0,0,0,0,0,0,0,0,0,0,0,0,0,0,0,0,0,0,0,0,0,0,0,0,0,0,0,38,14,7,45,65476,0,300,0,0,8,21553,0.0,-107605600.0,0.0,0.0,0.0,0.0,0.0,0.0,0.0,0.0,0.0,0.0,0.0,0.0,0.0,0.0,0.0,0.0,0.0,0.0,0.0,0.0,-2.004,-2.004,2.004,-2.004,0.0,0.0,0.0,0.0,5046.0,0.0,0.0,-107615288.0,-107615296.0,-0.0,2.718429300292151e+23,0.0,0.0,0.0,0.0,53,-0.0,0.0,0.0,0.0,0.0,0.0,0.0,0.0,0.0,0,0,0,0.0,0.0,0.0,0.0,0.0,0.0,0.0,0.0,0.0,0.0,0.0,0.0,0.0,0.0,0.0,0.0,0,-107875648.0,53,0.0,106,-107614832.0,-0.0,ERR,ERR,ERR,ERR,ERR,ERR,ERR,ERR,ERR,ERR,ERR,ERR,ERR,ERR,ERR,ERR,ERR,ERR,ERR,ERR,ERR,ERR,ERR,ERR,ERR,ERR,ERR,ERR,ERR,ERR,ERR,ERR,ERR,ERR,ERR,ERR,ERR,ERR,ERR,ERR,ERR,ERR,ERR,ERR,ERR,ERR,ERR,ERR,ERR,ERR,ERR,ERR,ERR,ERR,ERR,ERR,ERR,ERR,ERR,ERR,ERR,ERR,ERR,ERR,ERR,ERR,ERR,50.0,60.0,100,0.0,0.0,0.0,0.0,0.0,0.0,0.0,0.0,0.0,0.0,0.0,0.0,0.0,0.0,0.0,0.0,61.6,75,13,65511,50,65476,0,300,0,0,8,20529,65476,0,0,26214,60.0,0.0,0.0,0.0,0.0,0.0
2026-05-17T18:06:30,ERR,ERR,ERR,ERR,ERR,ERR,ERR,ERR,ERR,ERR,ERR,ERR,ERR,ERR,ERR,ERR,ERR,ERR,ERR,ERR,ERR,ERR,ERR,ERR,ERR,ERR,ERR,ERR,ERR,ERR,ERR,ERR,ERR,ERR,ERR,ERR,ERR,ERR,ERR,ERR,ERR,ERR,ERR,ERR,ERR,ERR,ERR,ERR,ERR,ERR,ERR,ERR,ERR,ERR,ERR,ERR,ERR,ERR,ERR,ERR,ERR,ERR,ERR,ERR,ERR,ERR,ERR,ERR,ERR,ERR,ERR,ERR,ERR,ERR,ERR,ERR,ERR,ERR,ERR,ERR,ERR,ERR,ERR,ERR,ERR,ERR,ERR,ERR,ERR,ERR,ERR,ERR,ERR,ERR,ERR,ERR,ERR,ERR,ERR,ERR,ERR,ERR,ERR,ERR,ERR,ERR,ERR,ERR,ERR,ERR,ERR,ERR,ERR,ERR,ERR,ERR,ERR,ERR,ERR,ERR,ERR,ERR,ERR,ERR,ERR,-107615288.0,-107615296.0,0.0,0.0,0.0,1.3936040501711995e+18,7.805,0.0,0,0,4,0,8422,0.0,45,0.0,0.0,0.0,0.0,0.0,0,0,0,0,0.0,0,0,0,0,0,0,0,0,0,0,0,0,0,0,0,0,0,0,0,0,0,0,0,0,0,0,0,0,0,0,0,0,0,38,14,7,45,65476,0,300,0,0,8,21553,0.0,-107605600.0,0.0,0.0,0.0,0.0,0.0,0.0,0.0,0.0,0.0,0.0,0.0,0.0,0.0,0.0,0.0,0.0,0.0,0.0,0.0,0.0,-2.004,-2.004,2.004,-2.004,0.0,0.0,0.0,0.0,5046.0,0.0,0.0,-107615288.0,-107615296.0,-0.0,2.718429300292151e+23,0.0,0.0,0.0,0.0,53,-0.0,0.0,0.0,0.0,0.0,0.0,0.0,0.0,0.0,0,0,0,0.0,0.0,0.0,0.0,0.0,0.0,0.0,0.0,0.0,0.0,0.0,0.0,0.0,0.0,0.0,0.0,0,-107875648.0,53,0.0,106,-107614832.0,-0.0,ERR,ERR,ERR,ERR,ERR,ERR,ERR,ERR,ERR,ERR,ERR,ERR,ERR,ERR,ERR,ERR,ERR,ERR,ERR,ERR,ERR,ERR,ERR,ERR,ERR,ERR,ERR,ERR,ERR,ERR,ERR,ERR,ERR,ERR,ERR,ERR,ERR,ERR,ERR,ERR,ERR,ERR,ERR,ERR,ERR,ERR,ERR,ERR,ERR,ERR,ERR,ERR,ERR,ERR,ERR,ERR,ERR,ERR,ERR,ERR,ERR,ERR,ERR,ERR,ERR,ERR,ERR,50.0,60.0,100,0.0,0.0,0.0,0.0,0.0,0.0,0.0,0.0,0.0,0.0,0.0,0.0,0.0,0.0,0.0,0.0,61.6,74,13,65511,50,65476,0,300,0,0,8,20529,65476,0,0,26214,60.0,0.0,0.0,0.0,0.0,0.0
2026-05-17T18:06:31,ERR,ERR,ERR,ERR,ERR,ERR,ERR,ERR,ERR,ERR,ERR,ERR,ERR,ERR,ERR,ERR,ERR,ERR,ERR,ERR,ERR,ERR,ERR,ERR,ERR,ERR,ERR,ERR,ERR,ERR,ERR,ERR,ERR,ERR,ERR,ERR,ERR,ERR,ERR,ERR,ERR,ERR,ERR,ERR,ERR,ERR,ERR,ERR,ERR,ERR,ERR,ERR,ERR,ERR,ERR,ERR,ERR,ERR,ERR,ERR,ERR,ERR,ERR,ERR,ERR,ERR,ERR,ERR,ERR,ERR,ERR,ERR,ERR,ERR,ERR,ERR,ERR,ERR,ERR,ERR,ERR,ERR,ERR,ERR,ERR,ERR,ERR,ERR,ERR,ERR,ERR,ERR,ERR,ERR,ERR,ERR,ERR,ERR,ERR,ERR,ERR,ERR,ERR,ERR,ERR,ERR,ERR,ERR,ERR,ERR,ERR,ERR,ERR,ERR,ERR,ERR,ERR,ERR,ERR,ERR,ERR,ERR,ERR,ERR,ERR,-107615288.0,-107615296.0,0.0,0.0,0.0,1.3936040501711995e+18,7.805,0.0,0,0,4,0,8422,0.0,45,0.0,0.0,0.0,0.0,0.0,0,0,0,0,0.0,0,0,0,0,0,0,0,0,0,0,0,0,0,0,0,0,0,0,0,0,0,0,0,0,0,0,0,0,0,0,0,0,0,38,14,7,45,65476,0,300,0,0,8,21553,0.0,-107605600.0,0.0,0.0,0.0,0.0,0.0,0.0,0.0,0.0,0.0,0.0,0.0,0.0,0.0,0.0,0.0,0.0,0.0,0.0,0.0,0.0,-2.004,-2.004,2.004,-2.004,0.0,0.0,0.0,0.0,5046.0,0.0,0.0,-107615288.0,-107615296.0,-0.0,2.718429300292151e+23,0.0,0.0,0.0,0.0,53,-0.0,0.0,0.0,0.0,0.0,0.0,0.0,0.0,0.0,0,0,0,0.0,0.0,0.0,0.0,0.0,0.0,0.0,0.0,0.0,0.0,0.0,0.0,0.0,0.0,0.0,0.0,0,-107875648.0,53,0.0,106,-107614832.0,-0.0,ERR,ERR,ERR,ERR,ERR,ERR,ERR,ERR,ERR,ERR,ERR,ERR,ERR,ERR,ERR,ERR,ERR,ERR,ERR,ERR,ERR,ERR,ERR,ERR,ERR,ERR,ERR,ERR,ERR,ERR,ERR,ERR,ERR,ERR,ERR,ERR,ERR,ERR,ERR,ERR,ERR,ERR,ERR,ERR,ERR,ERR,ERR,ERR,ERR,ERR,ERR,ERR,ERR,ERR,ERR,ERR,ERR,ERR,ERR,ERR,ERR,ERR,ERR,ERR,ERR,ERR,ERR,50.0,60.0,100,0.0,0.0,0.0,0.0,0.0,0.0,0.0,0.0,0.0,0.0,0.0,0.0,0.0,0.0,0.0,0.0,61.6,74,13,65511,50,65476,0,300,0,0,8,20529,65476,0,0,26214,60.0,0.0,0.0,0.0,0.0,0.0
2026-05-17T18:06:32,ERR,ERR,ERR,ERR,ERR,ERR,ERR,ERR,ERR,ERR,ERR,ERR,ERR,ERR,ERR,ERR,ERR,ERR,ERR,ERR,ERR,ERR,ERR,ERR,ERR,ERR,ERR,ERR,ERR,ERR,ERR,ERR,ERR,ERR,ERR,ERR,ERR,ERR,ERR,ERR,ERR,ERR,ERR,ERR,ERR,ERR,ERR,ERR,ERR,ERR,ERR,ERR,ERR,ERR,ERR,ERR,ERR,ERR,ERR,ERR,ERR,ERR,ERR,ERR,ERR,ERR,ERR,ERR,ERR,ERR,ERR,ERR,ERR,ERR,ERR,ERR,ERR,ERR,ERR,ERR,ERR,ERR,ERR,ERR,ERR,ERR,ERR,ERR,ERR,ERR,ERR,ERR,ERR,ERR,ERR,ERR,ERR,ERR,ERR,ERR,ERR,ERR,ERR,ERR,ERR,ERR,ERR,ERR,ERR,ERR,ERR,ERR,ERR,ERR,ERR,ERR,ERR,ERR,ERR,ERR,ERR,ERR,ERR,ERR,ERR,-107615288.0,-0.0,-134474944.0,0.0,0.0,1.3936040501711995e+18,7.805,0.0,0,0,4,0,8422,0.0,45,0.0,0.0,0.0,0.0,0.0,0,0,0,0,0.0,0,0,0,0,0,0,0,0,0,0,0,0,0,0,0,0,0,0,0,0,0,0,0,0,0,0,0,0,0,0,0,0,0,38,14,7,45,65476,0,300,0,0,8,21553,0.0,-107605600.0,0.0,0.0,0.0,0.0,0.0,0.0,0.0,0.0,0.0,0.0,0.0,0.0,0.0,0.0,0.0,0.0,0.0,0.0,0.0,0.0,-2.004,-2.004,2.004,-2.004,0.0,0.0,0.0,0.0,5048.0,0.0,0.0,-107615288.0,-107615296.0,-0.0,0.0,0.0,0.0,0.0,0.0,53,-0.0,0.059,0.0,0.0,0.0,0.0,0.0,0.0,0.0,0,0,0,0.0,0.0,0.0,0.0,0.0,0.0,0.0,0.0,0.0,0.0,0.0,0.0,0.0,0.0,0.0,0.0,0,-107875648.0,53,0.0,106,-107614832.0,0.0,ERR,ERR,ERR,ERR,ERR,ERR,ERR,ERR,ERR,ERR,ERR,ERR,ERR,ERR,ERR,ERR,ERR,ERR,ERR,ERR,ERR,ERR,ERR,ERR,ERR,ERR,ERR,ERR,ERR,ERR,ERR,ERR,ERR,ERR,ERR,ERR,ERR,ERR,ERR,ERR,ERR,ERR,ERR,ERR,ERR,ERR,ERR,ERR,ERR,ERR,ERR,ERR,ERR,ERR,ERR,ERR,ERR,ERR,ERR,ERR,ERR,ERR,ERR,ERR,ERR,ERR,ERR,50.0,60.0,100,0.0,0.0,0.0,0.0,0.0,0.0,0.0,0.0,0.0,0.0,0.0,0.0,0.0,0.0,0.0,0.0,61.6,74,13,65511,50,65476,0,300,0,0,8,20529,65476,0,0,26214,60.0,0.0,0.0,0.0,0.0,0.0
2026-05-17T18:06:33,ERR,ERR,ERR,ERR,ERR,ERR,ERR,ERR,ERR,ERR,ERR,ERR,ERR,ERR,ERR,ERR,ERR,ERR,ERR,ERR,ERR,ERR,ERR,ERR,ERR,ERR,ERR,ERR,ERR,ERR,ERR,ERR,ERR,ERR,ERR,ERR,ERR,ERR,ERR,ERR,ERR,ERR,ERR,ERR,ERR,ERR,ERR,ERR,ERR,ERR,ERR,ERR,ERR,ERR,ERR,ERR,ERR,ERR,ERR,ERR,ERR,ERR,ERR,ERR,ERR,ERR,ERR,ERR,ERR,ERR,ERR,ERR,ERR,ERR,ERR,ERR,ERR,ERR,ERR,ERR,ERR,ERR,ERR,ERR,ERR,ERR,ERR,ERR,ERR,ERR,ERR,ERR,ERR,ERR,ERR,ERR,ERR,ERR,ERR,ERR,ERR,ERR,ERR,ERR,ERR,ERR,ERR,ERR,ERR,ERR,ERR,ERR,ERR,ERR,ERR,ERR,ERR,ERR,ERR,ERR,ERR,ERR,ERR,ERR,ERR,-107615288.0,-0.0,-134474944.0,0.0,0.0,1.3936040501711995e+18,7.805,0.0,0,0,4,0,8422,0.0,45,0.0,0.0,0.0,0.0,0.0,0,0,0,0,0.0,0,0,0,0,0,0,0,0,0,0,0,0,0,0,0,0,0,0,0,0,0,0,0,0,0,0,0,0,0,0,0,0,0,38,14,7,45,65476,0,300,0,0,8,21553,0.0,-107605600.0,0.0,0.0,0.0,0.0,0.0,0.0,0.0,0.0,0.0,0.0,0.0,0.0,0.0,0.0,0.0,0.0,0.0,0.0,0.0,0.0,-2.004,-2.004,2.004,-2.004,0.0,0.0,0.0,0.0,5048.0,0.0,0.0,-107615288.0,-107615296.0,-0.0,0.0,0.0,0.0,0.0,0.0,53,-0.0,0.059,0.0,0.0,0.0,0.0,0.0,0.0,0.0,0,0,0,0.0,0.0,0.0,0.0,0.0,0.0,0.0,0.0,0.0,0.0,0.0,0.0,0.0,0.0,0.0,0.0,0,-107875648.0,53,0.0,106,-107614832.0,0.0,ERR,ERR,ERR,ERR,ERR,ERR,ERR,ERR,ERR,ERR,ERR,ERR,ERR,ERR,ERR,ERR,ERR,ERR,ERR,ERR,ERR,ERR,ERR,ERR,ERR,ERR,ERR,ERR,ERR,ERR,ERR,ERR,ERR,ERR,ERR,ERR,ERR,ERR,ERR,ERR,ERR,ERR,ERR,ERR,ERR,ERR,ERR,ERR,ERR,ERR,ERR,ERR,ERR,ERR,ERR,ERR,ERR,ERR,ERR,ERR,ERR,ERR,ERR,ERR,ERR,ERR,ERR,50.0,60.0,100,0.0,0.0,0.0,0.0,0.0,0.0,0.0,0.0,0.0,0.0,0.0,0.0,0.0,0.0,0.0,0.0,61.6,74,13,65511,50,65476,0,300,0,0,8,20529,65476,0,0,26214,60.0,0.0,0.0,0.0,0.0,0.0
2026-05-17T18:06:34,ERR,ERR,ERR,ERR,ERR,ERR,ERR,ERR,ERR,ERR,ERR,ERR,ERR,ERR,ERR,ERR,ERR,ERR,ERR,ERR,ERR,ERR,ERR,ERR,ERR,ERR,ERR,ERR,ERR,ERR,ERR,ERR,ERR,ERR,ERR,ERR,ERR,ERR,ERR,ERR,ERR,ERR,ERR,ERR,ERR,ERR,ERR,ERR,ERR,ERR,ERR,ERR,ERR,ERR,ERR,ERR,ERR,ERR,ERR,ERR,ERR,ERR,ERR,ERR,ERR,ERR,ERR,ERR,ERR,ERR,ERR,ERR,ERR,ERR,ERR,ERR,ERR,ERR,ERR,ERR,ERR,ERR,ERR,ERR,ERR,ERR,ERR,ERR,ERR,ERR,ERR,ERR,ERR,ERR,ERR,ERR,ERR,ERR,ERR,ERR,ERR,ERR,ERR,ERR,ERR,ERR,ERR,ERR,ERR,ERR,ERR,ERR,ERR,ERR,ERR,ERR,ERR,ERR,ERR,ERR,ERR,ERR,ERR,ERR,ERR,-107615288.0,-0.0,-134474944.0,0.0,0.0,1.3936040501711995e+18,7.805,0.0,0,0,4,0,8422,0.0,45,0.0,0.0,0.0,0.0,0.0,0,0,0,0,0.0,0,0,0,0,0,0,0,0,0,0,0,0,0,0,0,0,0,0,0,0,0,0,0,0,0,0,0,0,0,0,0,0,0,38,14,7,45,65476,0,300,0,0,8,21553,0.0,-107605600.0,0.0,0.0,0.0,0.0,0.0,0.0,0.0,0.0,0.0,0.0,0.0,0.0,0.0,0.0,0.0,0.0,0.0,0.0,0.0,0.0,-2.004,-2.004,2.004,-2.004,0.0,0.0,0.0,0.0,5048.0,0.0,0.0,-107615288.0,-107615296.0,-0.0,0.0,0.0,0.0,0.0,0.0,53,-0.0,0.059,0.0,0.0,0.0,0.0,0.0,0.0,0.0,0,0,0,0.0,0.0,0.0,0.0,0.0,0.0,0.0,0.0,0.0,0.0,0.0,0.0,0.0,0.0,0.0,0.0,0,-107875648.0,53,0.0,106,-107614832.0,0.0,ERR,ERR,ERR,ERR,ERR,ERR,ERR,ERR,ERR,ERR,ERR,ERR,ERR,ERR,ERR,ERR,ERR,ERR,ERR,ERR,ERR,ERR,ERR,ERR,ERR,ERR,ERR,ERR,ERR,ERR,ERR,ERR,ERR,ERR,ERR,ERR,ERR,ERR,ERR,ERR,ERR,ERR,ERR,ERR,ERR,ERR,ERR,ERR,ERR,ERR,ERR,ERR,ERR,ERR,ERR,ERR,ERR,ERR,ERR,ERR,ERR,ERR,ERR,ERR,ERR,ERR,ERR,50.0,60.0,100,0.0,0.0,0.0,0.0,0.0,0.0,0.0,0.0,0.0,0.0,0.0,0.0,0.0,0.0,0.0,0.0,61.6,74,13,65511,50,65476,0,300,0,0,8,20529,65476,0,0,26214,60.0,0.0,0.0,0.0,0.0,0.0
2026-05-17T18:06:35,ERR,ERR,ERR,ERR,ERR,ERR,ERR,ERR,ERR,ERR,ERR,ERR,ERR,ERR,ERR,ERR,ERR,ERR,ERR,ERR,ERR,ERR,ERR,ERR,ERR,ERR,ERR,ERR,ERR,ERR,ERR,ERR,ERR,ERR,ERR,ERR,ERR,ERR,ERR,ERR,ERR,ERR,ERR,ERR,ERR,ERR,ERR,ERR,ERR,ERR,ERR,ERR,ERR,ERR,ERR,ERR,ERR,ERR,ERR,ERR,ERR,ERR,ERR,ERR,ERR,ERR,ERR,ERR,ERR,ERR,ERR,ERR,ERR,ERR,ERR,ERR,ERR,ERR,ERR,ERR,ERR,ERR,ERR,ERR,ERR,ERR,ERR,ERR,ERR,ERR,ERR,ERR,ERR,ERR,ERR,ERR,ERR,ERR,ERR,ERR,ERR,ERR,ERR,ERR,ERR,ERR,ERR,ERR,ERR,ERR,ERR,ERR,ERR,ERR,ERR,ERR,ERR,ERR,ERR,ERR,ERR,ERR,ERR,ERR,ERR,-107615288.0,-0.0,-134474944.0,0.0,0.0,1.3936040501711995e+18,7.805,0.0,0,0,4,0,8422,0.0,45,0.0,0.0,0.0,0.0,0.0,0,0,0,0,0.0,0,0,0,0,0,0,0,0,0,0,0,0,0,0,0,0,0,0,0,0,0,0,0,0,0,0,0,0,0,0,0,0,0,38,14,7,45,65476,0,300,0,0,8,21553,0.0,-107605600.0,0.0,0.0,0.0,0.0,0.0,0.0,0.0,0.0,0.0,0.0,0.0,0.0,0.0,0.0,0.0,0.0,0.0,0.0,0.0,0.0,-2.004,-2.004,2.004,-2.004,0.0,0.0,0.0,0.0,5048.0,0.0,0.0,-107615288.0,-107615296.0,-0.0,0.0,0.0,0.0,0.0,0.0,53,-0.0,0.059,0.0,0.0,0.0,0.0,0.0,0.0,0.0,0,0,0,0.0,0.0,0.0,0.0,0.0,0.0,0.0,0.0,0.0,0.0,0.0,0.0,0.0,0.0,0.0,0.0,0,-107875648.0,53,0.0,106,-107614832.0,0.0,ERR,ERR,ERR,ERR,ERR,ERR,ERR,ERR,ERR,ERR,ERR,ERR,ERR,ERR,ERR,ERR,ERR,ERR,ERR,ERR,ERR,ERR,ERR,ERR,ERR,ERR,ERR,ERR,ERR,ERR,ERR,ERR,ERR,ERR,ERR,ERR,ERR,ERR,ERR,ERR,ERR,ERR,ERR,ERR,ERR,ERR,ERR,ERR,ERR,ERR,ERR,ERR,ERR,ERR,ERR,ERR,ERR,ERR,ERR,ERR,ERR,ERR,ERR,ERR,ERR,ERR,ERR,50.0,60.0,100,0.0,0.0,0.0,0.0,0.0,0.0,0.0,0.0,0.0,0.0,0.0,0.0,0.0,0.0,0.0,0.0,61.6,74,13,65511,50,65476,0,300,0,0,8,20529,65476,0,0,26214,60.0,0.0,0.0,0.0,0.0,0.0
2026-05-17T18:06:36,ERR,ERR,ERR,ERR,ERR,ERR,ERR,ERR,ERR,ERR,ERR,ERR,ERR,ERR,ERR,ERR,ERR,ERR,ERR,ERR,ERR,ERR,ERR,ERR,ERR,ERR,ERR,ERR,ERR,ERR,ERR,ERR,ERR,ERR,ERR,ERR,ERR,ERR,ERR,ERR,ERR,ERR,ERR,ERR,ERR,ERR,ERR,ERR,ERR,ERR,ERR,ERR,ERR,ERR,ERR,ERR,ERR,ERR,ERR,ERR,ERR,ERR,ERR,ERR,ERR,ERR,ERR,ERR,ERR,ERR,ERR,ERR,ERR,ERR,ERR,ERR,ERR,ERR,ERR,ERR,ERR,ERR,ERR,ERR,ERR,ERR,ERR,ERR,ERR,ERR,ERR,ERR,ERR,ERR,ERR,ERR,ERR,ERR,ERR,ERR,ERR,ERR,ERR,ERR,ERR,ERR,ERR,ERR,ERR,ERR,ERR,ERR,ERR,ERR,ERR,ERR,ERR,ERR,ERR,ERR,ERR,ERR,ERR,ERR,ERR,-107615288.0,-0.0,-134474944.0,0.0,0.0,1.3936040501711995e+18,7.805,0.0,0,0,4,0,8422,0.0,45,0.0,0.0,0.0,0.0,0.0,0,0,0,0,0.0,0,0,0,0,0,0,0,0,0,0,0,0,0,0,0,0,0,0,0,0,0,0,0,0,0,0,0,0,0,0,0,0,0,38,14,7,45,65476,0,300,0,0,8,21553,0.0,-107605600.0,0.0,0.0,0.0,0.0,0.0,0.0,0.0,0.0,0.0,0.0,0.0,0.0,0.0,0.0,0.0,0.0,0.0,0.0,0.0,0.0,-2.004,-2.004,2.004,-2.004,0.0,0.0,0.0,0.0,5048.0,0.0,0.0,-107615288.0,-107615296.0,-0.0,0.0,0.0,0.0,0.0,0.0,53,-0.0,0.059,0.0,0.0,0.0,0.0,0.0,0.0,0.0,0,0,0,0.0,0.0,0.0,0.0,0.0,0.0,0.0,0.0,0.0,0.0,0.0,0.0,0.0,0.0,0.0,0.0,0,-107875648.0,53,0.0,106,-107614832.0,0.0,ERR,ERR,ERR,ERR,ERR,ERR,ERR,ERR,ERR,ERR,ERR,ERR,ERR,ERR,ERR,ERR,ERR,ERR,ERR,ERR,ERR,ERR,ERR,ERR,ERR,ERR,ERR,ERR,ERR,ERR,ERR,ERR,ERR,ERR,ERR,ERR,ERR,ERR,ERR,ERR,ERR,ERR,ERR,ERR,ERR,ERR,ERR,ERR,ERR,ERR,ERR,ERR,ERR,ERR,ERR,ERR,ERR,ERR,ERR,ERR,ERR,ERR,ERR,ERR,ERR,ERR,ERR,50.0,60.0,100,0.0,0.0,0.0,0.0,0.0,0.0,0.0,0.0,0.0,0.0,0.0,0.0,0.0,0.0,0.0,0.0,61.6,74,13,65511,50,65476,0,300,0,0,8,20529,65476,0,0,26214,60.0,0.0,0.0,0.0,0.0,0.0
2026-05-17T18:06:37,ERR,ERR,ERR,ERR,ERR,ERR,ERR,ERR,ERR,ERR,ERR,ERR,ERR,ERR,ERR,ERR,ERR,ERR,ERR,ERR,ERR,ERR,ERR,ERR,ERR,ERR,ERR,ERR,ERR,ERR,ERR,ERR,ERR,ERR,ERR,ERR,ERR,ERR,ERR,ERR,ERR,ERR,ERR,ERR,ERR,ERR,ERR,ERR,ERR,ERR,ERR,ERR,ERR,ERR,ERR,ERR,ERR,ERR,ERR,ERR,ERR,ERR,ERR,ERR,ERR,ERR,ERR,ERR,ERR,ERR,ERR,ERR,ERR,ERR,ERR,ERR,ERR,ERR,ERR,ERR,ERR,ERR,ERR,ERR,ERR,ERR,ERR,ERR,ERR,ERR,ERR,ERR,ERR,ERR,ERR,ERR,ERR,ERR,ERR,ERR,ERR,ERR,ERR,ERR,ERR,ERR,ERR,ERR,ERR,ERR,ERR,ERR,ERR,ERR,ERR,ERR,ERR,ERR,ERR,ERR,ERR,ERR,ERR,ERR,ERR,-107615288.0,-107615296.0,0.0,0.0,0.0,1.3936040501711995e+18,7.805,0.0,0,0,4,0,8422,0.0,45,0.0,0.0,0.0,0.0,0.0,0,0,0,0,0.0,0,0,0,0,0,0,0,0,0,0,0,0,0,0,0,0,0,0,0,0,0,0,0,0,0,0,0,0,0,0,0,0,0,38,14,7,45,65476,0,300,0,0,8,21553,0.0,-107605600.0,0.0,0.0,0.0,0.0,0.0,0.0,0.0,0.0,0.0,0.0,0.0,0.0,0.0,0.0,0.0,0.0,0.0,0.0,0.0,0.0,-2.004,-2.004,2.004,-2.004,0.0,0.0,0.0,0.0,5044.0,131350.453,0.0,-107615288.0,-0.0,-107615280.0,0.0,0.0,0.0,0.0,0.0,53,5.848083413016271e+35,126840545280.0,0.0,0.0,0.0,0.0,0.0,0.0,0.0,0,0,0,0.0,0.0,0.0,0.0,0.0,0.0,0.0,0.0,0.0,0.0,0.0,0.0,0.0,0.0,0.0,0.0,0,-107875648.0,53,0.0,106,-107614832.0,-0.0,ERR,ERR,ERR,ERR,ERR,ERR,ERR,ERR,ERR,ERR,ERR,ERR,ERR,ERR,ERR,ERR,ERR,ERR,ERR,ERR,ERR,ERR,ERR,ERR,ERR,ERR,ERR,ERR,ERR,ERR,ERR,ERR,ERR,ERR,ERR,ERR,ERR,ERR,ERR,ERR,ERR,ERR,ERR,ERR,ERR,ERR,ERR,ERR,ERR,ERR,ERR,ERR,ERR,ERR,ERR,ERR,ERR,ERR,ERR,ERR,ERR,ERR,ERR,ERR,ERR,ERR,ERR,50.0,60.0,100,0.0,0.0,0.0,0.0,0.0,0.0,0.0,0.0,0.0,0.0,0.0,0.0,0.0,0.0,0.0,0.0,61.6,74,13,65511,50,65476,0,300,0,0,8,20529,65476,0,0,26214,60.0,0.0,0.0,0.0,0.0,0.0
2026-05-17T18:06:38,ERR,ERR,ERR,ERR,ERR,ERR,ERR,ERR,ERR,ERR,ERR,ERR,ERR,ERR,ERR,ERR,ERR,ERR,ERR,ERR,ERR,ERR,ERR,ERR,ERR,ERR,ERR,ERR,ERR,ERR,ERR,ERR,ERR,ERR,ERR,ERR,ERR,ERR,ERR,ERR,ERR,ERR,ERR,ERR,ERR,ERR,ERR,ERR,ERR,ERR,ERR,ERR,ERR,ERR,ERR,ERR,ERR,ERR,ERR,ERR,ERR,ERR,ERR,ERR,ERR,ERR,ERR,ERR,ERR,ERR,ERR,ERR,ERR,ERR,ERR,ERR,ERR,ERR,ERR,ERR,ERR,ERR,ERR,ERR,ERR,ERR,ERR,ERR,ERR,ERR,ERR,ERR,ERR,ERR,ERR,ERR,ERR,ERR,ERR,ERR,ERR,ERR,ERR,ERR,ERR,ERR,ERR,ERR,ERR,ERR,ERR,ERR,ERR,ERR,ERR,ERR,ERR,ERR,ERR,ERR,ERR,ERR,ERR,ERR,ERR,-107615288.0,-107615296.0,0.0,0.0,0.0,1.3936040501711995e+18,7.805,0.0,0,0,4,0,8422,0.0,45,0.0,0.0,0.0,0.0,0.0,0,0,0,0,0.0,0,0,0,0,0,0,0,0,0,0,0,0,0,0,0,0,0,0,0,0,0,0,0,0,0,0,0,0,0,0,0,0,0,38,14,7,45,65476,0,300,0,0,8,21553,0.0,-107605600.0,0.0,0.0,0.0,0.0,0.0,0.0,0.0,0.0,0.0,0.0,0.0,0.0,0.0,0.0,0.0,0.0,0.0,0.0,0.0,0.0,-2.004,-2.004,2.004,-2.004,0.0,0.0,0.0,0.0,5044.0,131350.453,0.0,-107615288.0,-0.0,-107615280.0,0.0,0.0,0.0,0.0,0.0,53,5.848083413016271e+35,126840545280.0,0.0,0.0,0.0,0.0,0.0,0.0,0.0,0,0,0,0.0,0.0,0.0,0.0,0.0,0.0,0.0,0.0,0.0,0.0,0.0,0.0,0.0,0.0,0.0,0.0,0,-107875648.0,53,0.0,106,-107614832.0,-0.0,ERR,ERR,ERR,ERR,ERR,ERR,ERR,ERR,ERR,ERR,ERR,ERR,ERR,ERR,ERR,ERR,ERR,ERR,ERR,ERR,ERR,ERR,ERR,ERR,ERR,ERR,ERR,ERR,ERR,ERR,ERR,ERR,ERR,ERR,ERR,ERR,ERR,ERR,ERR,ERR,ERR,ERR,ERR,ERR,ERR,ERR,ERR,ERR,ERR,ERR,ERR,ERR,ERR,ERR,ERR,ERR,ERR,ERR,ERR,ERR,ERR,ERR,ERR,ERR,ERR,ERR,ERR,50.0,60.0,100,0.0,0.0,0.0,0.0,0.0,0.0,0.0,0.0,0.0,0.0,0.0,0.0,0.0,0.0,0.0,0.0,61.6,74,13,65511,50,65476,0,300,0,0,8,20529,65476,0,0,26214,60.0,0.0,0.0,0.0,0.0,0.0
2026-05-17T18:06:39,ERR,ERR,ERR,ERR,ERR,ERR,ERR,ERR,ERR,ERR,ERR,ERR,ERR,ERR,ERR,ERR,ERR,ERR,ERR,ERR,ERR,ERR,ERR,ERR,ERR,ERR,ERR,ERR,ERR,ERR,ERR,ERR,ERR,ERR,ERR,ERR,ERR,ERR,ERR,ERR,ERR,ERR,ERR,ERR,ERR,ERR,ERR,ERR,ERR,ERR,ERR,ERR,ERR,ERR,ERR,ERR,ERR,ERR,ERR,ERR,ERR,ERR,ERR,ERR,ERR,ERR,ERR,ERR,ERR,ERR,ERR,ERR,ERR,ERR,ERR,ERR,ERR,ERR,ERR,ERR,ERR,ERR,ERR,ERR,ERR,ERR,ERR,ERR,ERR,ERR,ERR,ERR,ERR,ERR,ERR,ERR,ERR,ERR,ERR,ERR,ERR,ERR,ERR,ERR,ERR,ERR,ERR,ERR,ERR,ERR,ERR,ERR,ERR,ERR,ERR,ERR,ERR,ERR,ERR,ERR,ERR,ERR,ERR,ERR,ERR,-107615288.0,-107615296.0,0.0,0.0,0.0,1.3936040501711995e+18,7.805,0.0,0,0,4,0,8422,0.0,45,0.0,0.0,0.0,0.0,0.0,0,0,0,0,0.0,0,0,0,0,0,0,0,0,0,0,0,0,0,0,0,0,0,0,0,0,0,0,0,0,0,0,0,0,0,0,0,0,0,38,14,7,45,65476,0,300,0,0,8,21553,0.0,-107605600.0,0.0,0.0,0.0,0.0,0.0,0.0,0.0,0.0,0.0,0.0,0.0,0.0,0.0,0.0,0.0,0.0,0.0,0.0,0.0,0.0,-2.004,-2.004,2.004,-2.004,0.0,0.0,0.0,0.0,5044.0,131350.453,0.0,-107615288.0,-0.0,-107615280.0,0.0,0.0,0.0,0.0,0.0,53,5.848083413016271e+35,126840545280.0,0.0,0.0,0.0,0.0,0.0,0.0,0.0,0,0,0,0.0,0.0,0.0,0.0,0.0,0.0,0.0,0.0,0.0,0.0,0.0,0.0,0.0,0.0,0.0,0.0,0,-107875648.0,53,0.0,106,-107614832.0,-0.0,ERR,ERR,ERR,ERR,ERR,ERR,ERR,ERR,ERR,ERR,ERR,ERR,ERR,ERR,ERR,ERR,ERR,ERR,ERR,ERR,ERR,ERR,ERR,ERR,ERR,ERR,ERR,ERR,ERR,ERR,ERR,ERR,ERR,ERR,ERR,ERR,ERR,ERR,ERR,ERR,ERR,ERR,ERR,ERR,ERR,ERR,ERR,ERR,ERR,ERR,ERR,ERR,ERR,ERR,ERR,ERR,ERR,ERR,ERR,ERR,ERR,ERR,ERR,ERR,ERR,ERR,ERR,50.0,60.0,100,0.0,0.0,0.0,0.0,0.0,0.0,0.0,0.0,0.0,0.0,0.0,0.0,0.0,0.0,0.0,0.0,61.6,74,13,65511,50,65476,0,300,0,0,8,20529,65476,0,0,26214,60.0,0.0,0.0,0.0,0.0,0.0
2026-05-17T18:06:40,ERR,ERR,ERR,ERR,ERR,ERR,ERR,ERR,ERR,ERR,ERR,ERR,ERR,ERR,ERR,ERR,ERR,ERR,ERR,ERR,ERR,ERR,ERR,ERR,ERR,ERR,ERR,ERR,ERR,ERR,ERR,ERR,ERR,ERR,ERR,ERR,ERR,ERR,ERR,ERR,ERR,ERR,ERR,ERR,ERR,ERR,ERR,ERR,ERR,ERR,ERR,ERR,ERR,ERR,ERR,ERR,ERR,ERR,ERR,ERR,ERR,ERR,ERR,ERR,ERR,ERR,ERR,ERR,ERR,ERR,ERR,ERR,ERR,ERR,ERR,ERR,ERR,ERR,ERR,ERR,ERR,ERR,ERR,ERR,ERR,ERR,ERR,ERR,ERR,ERR,ERR,ERR,ERR,ERR,ERR,ERR,ERR,ERR,ERR,ERR,ERR,ERR,ERR,ERR,ERR,ERR,ERR,ERR,ERR,ERR,ERR,ERR,ERR,ERR,ERR,ERR,ERR,ERR,ERR,ERR,ERR,ERR,ERR,ERR,ERR,-107615288.0,-107615296.0,0.0,0.0,0.0,1.3936040501711995e+18,7.805,0.0,0,0,4,0,8422,0.0,45,0.0,0.0,0.0,0.0,0.0,0,0,0,0,0.0,0,0,0,0,0,0,0,0,0,0,0,0,0,0,0,0,0,0,0,0,0,0,0,0,0,0,0,0,0,0,0,0,0,38,14,7,45,65476,0,300,0,0,8,21553,0.0,-107605600.0,0.0,0.0,0.0,0.0,0.0,0.0,0.0,0.0,0.0,0.0,0.0,0.0,0.0,0.0,0.0,0.0,0.0,0.0,0.0,0.0,-2.004,-2.004,2.004,-2.004,0.0,0.0,0.0,0.0,5044.0,131350.453,0.0,-107615288.0,-0.0,-107615280.0,0.0,0.0,0.0,0.0,0.0,53,5.848083413016271e+35,126840545280.0,0.0,0.0,0.0,0.0,0.0,0.0,0.0,0,0,0,0.0,0.0,0.0,0.0,0.0,0.0,0.0,0.0,0.0,0.0,0.0,0.0,0.0,0.0,0.0,0.0,0,-107875648.0,53,0.0,106,-107614832.0,-0.0,ERR,ERR,ERR,ERR,ERR,ERR,ERR,ERR,ERR,ERR,ERR,ERR,ERR,ERR,ERR,ERR,ERR,ERR,ERR,ERR,ERR,ERR,ERR,ERR,ERR,ERR,ERR,ERR,ERR,ERR,ERR,ERR,ERR,ERR,ERR,ERR,ERR,ERR,ERR,ERR,ERR,ERR,ERR,ERR,ERR,ERR,ERR,ERR,ERR,ERR,ERR,ERR,ERR,ERR,ERR,ERR,ERR,ERR,ERR,ERR,ERR,ERR,ERR,ERR,ERR,ERR,ERR,50.0,60.0,100,0.0,0.0,0.0,0.0,0.0,0.0,0.0,0.0,0.0,0.0,0.0,0.0,0.0,0.0,0.0,0.0,61.6,74,13,65511,50,65476,0,300,0,0,8,20529,65476,0,0,26214,60.0,0.0,0.0,0.0,0.0,0.0
2026-05-17T18:06:41,ERR,ERR,ERR,ERR,ERR,ERR,ERR,ERR,ERR,ERR,ERR,ERR,ERR,ERR,ERR,ERR,ERR,ERR,ERR,ERR,ERR,ERR,ERR,ERR,ERR,ERR,ERR,ERR,ERR,ERR,ERR,ERR,ERR,ERR,ERR,ERR,ERR,ERR,ERR,ERR,ERR,ERR,ERR,ERR,ERR,ERR,ERR,ERR,ERR,ERR,ERR,ERR,ERR,ERR,ERR,ERR,ERR,ERR,ERR,ERR,ERR,ERR,ERR,ERR,ERR,ERR,ERR,ERR,ERR,ERR,ERR,ERR,ERR,ERR,ERR,ERR,ERR,ERR,ERR,ERR,ERR,ERR,ERR,ERR,ERR,ERR,ERR,ERR,ERR,ERR,ERR,ERR,ERR,ERR,ERR,ERR,ERR,ERR,ERR,ERR,ERR,ERR,ERR,ERR,ERR,ERR,ERR,ERR,ERR,ERR,ERR,ERR,ERR,ERR,ERR,ERR,ERR,ERR,ERR,ERR,ERR,ERR,ERR,ERR,ERR,-107615288.0,-107615296.0,0.0,0.0,0.0,1.3936040501711995e+18,7.805,0.0,0,0,4,0,8422,0.0,45,0.0,0.0,0.0,0.0,0.0,0,0,0,0,0.0,0,0,0,0,0,0,0,0,0,0,0,0,0,0,0,0,0,0,0,0,0,0,0,0,0,0,0,0,0,0,0,0,0,38,14,7,45,65476,0,300,0,0,8,21553,0.0,-107605600.0,0.0,0.0,0.0,0.0,0.0,0.0,0.0,0.0,0.0,0.0,0.0,0.0,0.0,0.0,0.0,0.0,0.0,0.0,0.0,0.0,-2.004,-2.004,2.004,-2.004,0.0,0.0,0.0,0.0,5044.0,131350.453,0.0,-107615288.0,-0.0,-107615280.0,0.0,0.0,0.0,0.0,0.0,53,5.848083413016271e+35,126840545280.0,0.0,0.0,0.0,0.0,0.0,0.0,0.0,0,0,0,0.0,0.0,0.0,0.0,0.0,0.0,0.0,0.0,0.0,0.0,0.0,0.0,0.0,0.0,0.0,0.0,0,-107875648.0,53,0.0,106,-107614832.0,-0.0,ERR,ERR,ERR,ERR,ERR,ERR,ERR,ERR,ERR,ERR,ERR,ERR,ERR,ERR,ERR,ERR,ERR,ERR,ERR,ERR,ERR,ERR,ERR,ERR,ERR,ERR,ERR,ERR,ERR,ERR,ERR,ERR,ERR,ERR,ERR,ERR,ERR,ERR,ERR,ERR,ERR,ERR,ERR,ERR,ERR,ERR,ERR,ERR,ERR,ERR,ERR,ERR,ERR,ERR,ERR,ERR,ERR,ERR,ERR,ERR,ERR,ERR,ERR,ERR,ERR,ERR,ERR,50.0,60.0,100,0.0,0.0,0.0,0.0,0.0,0.0,0.0,0.0,0.0,0.0,0.0,0.0,0.0,0.0,0.0,0.0,61.6,74,13,65511,50,65476,0,300,0,0,8,20529,65476,0,0,26214,60.0,0.0,0.0,0.0,0.0,0.0
2026-05-17T18:06:42,ERR,ERR,ERR,ERR,ERR,ERR,ERR,ERR,ERR,ERR,ERR,ERR,ERR,ERR,ERR,ERR,ERR,ERR,ERR,ERR,ERR,ERR,ERR,ERR,ERR,ERR,ERR,ERR,ERR,ERR,ERR,ERR,ERR,ERR,ERR,ERR,ERR,ERR,ERR,ERR,ERR,ERR,ERR,ERR,ERR,ERR,ERR,ERR,ERR,ERR,ERR,ERR,ERR,ERR,ERR,ERR,ERR,ERR,ERR,ERR,ERR,ERR,ERR,ERR,ERR,ERR,ERR,ERR,ERR,ERR,ERR,ERR,ERR,ERR,ERR,ERR,ERR,ERR,ERR,ERR,ERR,ERR,ERR,ERR,ERR,ERR,ERR,ERR,ERR,ERR,ERR,ERR,ERR,ERR,ERR,ERR,ERR,ERR,ERR,ERR,ERR,ERR,ERR,ERR,ERR,ERR,ERR,ERR,ERR,ERR,ERR,ERR,ERR,ERR,ERR,ERR,ERR,ERR,ERR,ERR,ERR,ERR,ERR,ERR,ERR,-107615288.0,-107615296.0,0.0,0.0,0.0,1.3936040501711995e+18,7.805,0.0,0,0,4,0,8422,0.0,45,0.0,0.0,0.0,0.0,0.0,0,0,0,0,0.0,0,0,0,0,0,0,0,0,0,0,0,0,0,0,0,0,0,0,0,0,0,0,0,0,0,0,0,0,0,0,0,0,0,38,14,7,45,65476,0,300,0,0,8,21553,0.0,-107605600.0,0.0,0.0,0.0,0.0,0.0,0.0,0.0,0.0,0.0,0.0,0.0,0.0,0.0,0.0,0.0,0.0,0.0,0.0,0.0,0.0,-2.004,-2.004,2.004,0.0,0.0,0.0,0.0,0.0,5047.0,8608183296.0,0.0,-107615288.0,-0.0,-107615280.0,0.0,0.0,0.0,0.0,0.0,53,-0.0,1.9056860945658675e+17,0.0,0.0,0.0,0.0,0.0,0.0,0.0,0,0,0,0.0,0.0,0.0,0.0,0.0,0.0,0.0,0.0,0.0,0.0,0.0,0.0,0.0,0.0,0.0,0.0,0,-107875648.0,53,0.0,106,-107614832.0,-0.0,ERR,ERR,ERR,ERR,ERR,ERR,ERR,ERR,ERR,ERR,ERR,ERR,ERR,ERR,ERR,ERR,ERR,ERR,ERR,ERR,ERR,ERR,ERR,ERR,ERR,ERR,ERR,ERR,ERR,ERR,ERR,ERR,ERR,ERR,ERR,ERR,ERR,ERR,ERR,ERR,ERR,ERR,ERR,ERR,ERR,ERR,ERR,ERR,ERR,ERR,ERR,ERR,ERR,ERR,ERR,ERR,ERR,ERR,ERR,ERR,ERR,ERR,ERR,ERR,ERR,ERR,ERR,50.0,60.0,100,0.0,0.0,0.0,0.0,0.0,0.0,0.0,0.0,0.0,0.0,0.0,0.0,0.0,0.0,0.0,0.0,61.6,74,13,65511,50,65476,0,300,0,0,8,20529,65476,0,0,26214,60.0,0.0,0.0,0.0,0.0,0.0
2026-05-17T18:06:43,ERR,ERR,ERR,ERR,ERR,ERR,ERR,ERR,ERR,ERR,ERR,ERR,ERR,ERR,ERR,ERR,ERR,ERR,ERR,ERR,ERR,ERR,ERR,ERR,ERR,ERR,ERR,ERR,ERR,ERR,ERR,ERR,ERR,ERR,ERR,ERR,ERR,ERR,ERR,ERR,ERR,ERR,ERR,ERR,ERR,ERR,ERR,ERR,ERR,ERR,ERR,ERR,ERR,ERR,ERR,ERR,ERR,ERR,ERR,ERR,ERR,ERR,ERR,ERR,ERR,ERR,ERR,ERR,ERR,ERR,ERR,ERR,ERR,ERR,ERR,ERR,ERR,ERR,ERR,ERR,ERR,ERR,ERR,ERR,ERR,ERR,ERR,ERR,ERR,ERR,ERR,ERR,ERR,ERR,ERR,ERR,ERR,ERR,ERR,ERR,ERR,ERR,ERR,ERR,ERR,ERR,ERR,ERR,ERR,ERR,ERR,ERR,ERR,ERR,ERR,ERR,ERR,ERR,ERR,ERR,ERR,ERR,ERR,ERR,ERR,-107615288.0,-107615296.0,0.0,0.0,0.0,1.3936040501711995e+18,7.805,0.0,0,0,4,0,8422,0.0,45,0.0,0.0,0.0,0.0,0.0,0,0,0,0,0.0,0,0,0,0,0,0,0,0,0,0,0,0,0,0,0,0,0,0,0,0,0,0,0,0,0,0,0,0,0,0,0,0,0,38,14,7,45,65476,0,300,0,0,8,21553,0.0,-107605600.0,0.0,0.0,0.0,0.0,0.0,0.0,0.0,0.0,0.0,0.0,0.0,0.0,0.0,0.0,0.0,0.0,0.0,0.0,0.0,0.0,-2.004,-2.004,2.004,0.0,0.0,0.0,0.0,0.0,5047.0,8608183296.0,0.0,-107615288.0,-0.0,-107615280.0,0.0,0.0,0.0,0.0,0.0,53,-0.0,1.9056860945658675e+17,0.0,0.0,0.0,0.0,0.0,0.0,0.0,0,0,0,0.0,0.0,0.0,0.0,0.0,0.0,0.0,0.0,0.0,0.0,0.0,0.0,0.0,0.0,0.0,0.0,0,-107875648.0,53,0.0,106,-107614832.0,-0.0,ERR,ERR,ERR,ERR,ERR,ERR,ERR,ERR,ERR,ERR,ERR,ERR,ERR,ERR,ERR,ERR,ERR,ERR,ERR,ERR,ERR,ERR,ERR,ERR,ERR,ERR,ERR,ERR,ERR,ERR,ERR,ERR,ERR,ERR,ERR,ERR,ERR,ERR,ERR,ERR,ERR,ERR,ERR,ERR,ERR,ERR,ERR,ERR,ERR,ERR,ERR,ERR,ERR,ERR,ERR,ERR,ERR,ERR,ERR,ERR,ERR,ERR,ERR,ERR,ERR,ERR,ERR,50.0,60.0,100,0.0,0.0,0.0,0.0,0.0,0.0,0.0,0.0,0.0,0.0,0.0,0.0,0.0,0.0,0.0,0.0,61.6,74,13,65511,50,65476,0,300,0,0,8,20529,65476,0,0,26214,60.0,0.0,0.0,0.0,0.0,0.0
2026-05-17T18:06:44,ERR,ERR,ERR,ERR,ERR,ERR,ERR,ERR,ERR,ERR,ERR,ERR,ERR,ERR,ERR,ERR,ERR,ERR,ERR,ERR,ERR,ERR,ERR,ERR,ERR,ERR,ERR,ERR,ERR,ERR,ERR,ERR,ERR,ERR,ERR,ERR,ERR,ERR,ERR,ERR,ERR,ERR,ERR,ERR,ERR,ERR,ERR,ERR,ERR,ERR,ERR,ERR,ERR,ERR,ERR,ERR,ERR,ERR,ERR,ERR,ERR,ERR,ERR,ERR,ERR,ERR,ERR,ERR,ERR,ERR,ERR,ERR,ERR,ERR,ERR,ERR,ERR,ERR,ERR,ERR,ERR,ERR,ERR,ERR,ERR,ERR,ERR,ERR,ERR,ERR,ERR,ERR,ERR,ERR,ERR,ERR,ERR,ERR,ERR,ERR,ERR,ERR,ERR,ERR,ERR,ERR,ERR,ERR,ERR,ERR,ERR,ERR,ERR,ERR,ERR,ERR,ERR,ERR,ERR,ERR,ERR,ERR,ERR,ERR,ERR,-107615288.0,-107615296.0,0.0,0.0,0.0,1.3936040501711995e+18,7.805,0.0,0,0,4,0,8422,0.0,45,0.0,0.0,0.0,0.0,0.0,0,0,0,0,0.0,0,0,0,0,0,0,0,0,0,0,0,0,0,0,0,0,0,0,0,0,0,0,0,0,0,0,0,0,0,0,0,0,0,38,14,7,45,65476,0,300,0,0,8,21553,0.0,-107605600.0,0.0,0.0,0.0,0.0,0.0,0.0,0.0,0.0,0.0,0.0,0.0,0.0,0.0,0.0,0.0,0.0,0.0,0.0,0.0,0.0,-2.004,-2.004,2.004,0.0,0.0,0.0,0.0,0.0,5047.0,8608183296.0,0.0,-107615288.0,-0.0,-107615280.0,0.0,0.0,0.0,0.0,0.0,53,-0.0,1.9056860945658675e+17,0.0,0.0,0.0,0.0,0.0,0.0,0.0,0,0,0,0.0,0.0,0.0,0.0,0.0,0.0,0.0,0.0,0.0,0.0,0.0,0.0,0.0,0.0,0.0,0.0,0,-107875648.0,53,0.0,106,-107614832.0,-0.0,ERR,ERR,ERR,ERR,ERR,ERR,ERR,ERR,ERR,ERR,ERR,ERR,ERR,ERR,ERR,ERR,ERR,ERR,ERR,ERR,ERR,ERR,ERR,ERR,ERR,ERR,ERR,ERR,ERR,ERR,ERR,ERR,ERR,ERR,ERR,ERR,ERR,ERR,ERR,ERR,ERR,ERR,ERR,ERR,ERR,ERR,ERR,ERR,ERR,ERR,ERR,ERR,ERR,ERR,ERR,ERR,ERR,ERR,ERR,ERR,ERR,ERR,ERR,ERR,ERR,ERR,ERR,50.0,60.0,100,0.0,0.0,0.0,0.0,0.0,0.0,0.0,0.0,0.0,0.0,0.0,0.0,0.0,0.0,0.0,0.0,62.0,74,13,65511,50,65476,0,300,0,0,8,20529,65476,0,0,26214,60.0,0.0,0.0,0.0,0.0,0.0
2026-05-17T18:06:45,ERR,ERR,ERR,ERR,ERR,ERR,ERR,ERR,ERR,ERR,ERR,ERR,ERR,ERR,ERR,ERR,ERR,ERR,ERR,ERR,ERR,ERR,ERR,ERR,ERR,ERR,ERR,ERR,ERR,ERR,ERR,ERR,ERR,ERR,ERR,ERR,ERR,ERR,ERR,ERR,ERR,ERR,ERR,ERR,ERR,ERR,ERR,ERR,ERR,ERR,ERR,ERR,ERR,ERR,ERR,ERR,ERR,ERR,ERR,ERR,ERR,ERR,ERR,ERR,ERR,ERR,ERR,ERR,ERR,ERR,ERR,ERR,ERR,ERR,ERR,ERR,ERR,ERR,ERR,ERR,ERR,ERR,ERR,ERR,ERR,ERR,ERR,ERR,ERR,ERR,ERR,ERR,ERR,ERR,ERR,ERR,ERR,ERR,ERR,ERR,ERR,ERR,ERR,ERR,ERR,ERR,ERR,ERR,ERR,ERR,ERR,ERR,ERR,ERR,ERR,ERR,ERR,ERR,ERR,ERR,ERR,ERR,ERR,ERR,ERR,-107615288.0,-107615296.0,0.0,0.0,0.0,1.3936040501711995e+18,7.805,0.0,0,0,4,0,8422,0.0,45,0.0,0.0,0.0,0.0,0.0,0,0,0,0,0.0,0,0,0,0,0,0,0,0,0,0,0,0,0,0,0,0,0,0,0,0,0,0,0,0,0,0,0,0,0,0,0,0,0,38,14,7,45,65476,0,300,0,0,8,21553,0.0,-107605600.0,0.0,0.0,0.0,0.0,0.0,0.0,0.0,0.0,0.0,0.0,0.0,0.0,0.0,0.0,0.0,0.0,0.0,0.0,0.0,0.0,-2.004,-2.004,2.004,0.0,0.0,0.0,0.0,0.0,5047.0,8608183296.0,0.0,-107615288.0,-0.0,-107615280.0,0.0,0.0,0.0,0.0,0.0,53,-0.0,1.9056860945658675e+17,0.0,0.0,0.0,0.0,0.0,0.0,0.0,0,0,0,0.0,0.0,0.0,0.0,0.0,0.0,0.0,0.0,0.0,0.0,0.0,0.0,0.0,0.0,0.0,0.0,0,-107875648.0,53,0.0,106,-107614832.0,-0.0,ERR,ERR,ERR,ERR,ERR,ERR,ERR,ERR,ERR,ERR,ERR,ERR,ERR,ERR,ERR,ERR,ERR,ERR,ERR,ERR,ERR,ERR,ERR,ERR,ERR,ERR,ERR,ERR,ERR,ERR,ERR,ERR,ERR,ERR,ERR,ERR,ERR,ERR,ERR,ERR,ERR,ERR,ERR,ERR,ERR,ERR,ERR,ERR,ERR,ERR,ERR,ERR,ERR,ERR,ERR,ERR,ERR,ERR,ERR,ERR,ERR,ERR,ERR,ERR,ERR,ERR,ERR,50.0,60.0,100,0.0,0.0,0.0,0.0,0.0,0.0,0.0,0.0,0.0,0.0,0.0,0.0,0.0,0.0,0.0,0.0,62.0,74,13,65511,50,65476,0,300,0,0,8,20529,65476,0,0,26214,60.0,0.0,0.0,0.0,0.0,0.0
2026-05-17T18:06:46,ERR,ERR,ERR,ERR,ERR,ERR,ERR,ERR,ERR,ERR,ERR,ERR,ERR,ERR,ERR,ERR,ERR,ERR,ERR,ERR,ERR,ERR,ERR,ERR,ERR,ERR,ERR,ERR,ERR,ERR,ERR,ERR,ERR,ERR,ERR,ERR,ERR,ERR,ERR,ERR,ERR,ERR,ERR,ERR,ERR,ERR,ERR,ERR,ERR,ERR,ERR,ERR,ERR,ERR,ERR,ERR,ERR,ERR,ERR,ERR,ERR,ERR,ERR,ERR,ERR,ERR,ERR,ERR,ERR,ERR,ERR,ERR,ERR,ERR,ERR,ERR,ERR,ERR,ERR,ERR,ERR,ERR,ERR,ERR,ERR,ERR,ERR,ERR,ERR,ERR,ERR,ERR,ERR,ERR,ERR,ERR,ERR,ERR,ERR,ERR,ERR,ERR,ERR,ERR,ERR,ERR,ERR,ERR,ERR,ERR,ERR,ERR,ERR,ERR,ERR,ERR,ERR,ERR,ERR,ERR,ERR,ERR,ERR,ERR,ERR,-107615288.0,-107615296.0,0.0,0.0,0.0,1.3936040501711995e+18,7.805,0.0,0,0,4,0,8422,0.0,45,0.0,0.0,0.0,0.0,0.0,0,0,0,0,0.0,0,0,0,0,0,0,0,0,0,0,0,0,0,0,0,0,0,0,0,0,0,0,0,0,0,0,0,0,0,0,0,0,0,38,14,7,45,65476,0,300,0,0,8,21553,0.0,-107605600.0,0.0,0.0,0.0,0.0,0.0,0.0,0.0,0.0,0.0,0.0,0.0,0.0,0.0,0.0,0.0,0.0,0.0,0.0,0.0,0.0,-2.004,-2.004,2.004,0.0,0.0,0.0,0.0,0.0,5047.0,8608183296.0,0.0,-107615288.0,-0.0,-107615280.0,0.0,0.0,0.0,0.0,0.0,53,-0.0,1.9056860945658675e+17,0.0,0.0,0.0,0.0,0.0,0.0,0.0,0,0,0,0.0,0.0,0.0,0.0,0.0,0.0,0.0,0.0,0.0,0.0,0.0,0.0,0.0,0.0,0.0,0.0,0,-107875648.0,53,0.0,106,-107614832.0,-0.0,ERR,ERR,ERR,ERR,ERR,ERR,ERR,ERR,ERR,ERR,ERR,ERR,ERR,ERR,ERR,ERR,ERR,ERR,ERR,ERR,ERR,ERR,ERR,ERR,ERR,ERR,ERR,ERR,ERR,ERR,ERR,ERR,ERR,ERR,ERR,ERR,ERR,ERR,ERR,ERR,ERR,ERR,ERR,ERR,ERR,ERR,ERR,ERR,ERR,ERR,ERR,ERR,ERR,ERR,ERR,ERR,ERR,ERR,ERR,ERR,ERR,ERR,ERR,ERR,ERR,ERR,ERR,50.0,60.0,100,0.0,0.0,0.0,0.0,0.0,0.0,0.0,0.0,0.0,0.0,0.0,0.0,0.0,0.0,0.0,0.0,61.6,74,13,65511,50,65476,0,300,0,0,8,20529,65476,0,0,26214,60.0,0.0,0.0,0.0,0.0,0.0
2026-05-17T18:06:47,ERR,ERR,ERR,ERR,ERR,ERR,ERR,ERR,ERR,ERR,ERR,ERR,ERR,ERR,ERR,ERR,ERR,ERR,ERR,ERR,ERR,ERR,ERR,ERR,ERR,ERR,ERR,ERR,ERR,ERR,ERR,ERR,ERR,ERR,ERR,ERR,ERR,ERR,ERR,ERR,ERR,ERR,ERR,ERR,ERR,ERR,ERR,ERR,ERR,ERR,ERR,ERR,ERR,ERR,ERR,ERR,ERR,ERR,ERR,ERR,ERR,ERR,ERR,ERR,ERR,ERR,ERR,ERR,ERR,ERR,ERR,ERR,ERR,ERR,ERR,ERR,ERR,ERR,ERR,ERR,ERR,ERR,ERR,ERR,ERR,ERR,ERR,ERR,ERR,ERR,ERR,ERR,ERR,ERR,ERR,ERR,ERR,ERR,ERR,ERR,ERR,ERR,ERR,ERR,ERR,ERR,ERR,ERR,ERR,ERR,ERR,ERR,ERR,ERR,ERR,ERR,ERR,ERR,ERR,ERR,ERR,ERR,ERR,ERR,ERR,-107615288.0,-107615296.0,0.0,0.0,0.0,1.3936040501711995e+18,7.805,0.0,0,0,4,0,8422,0.0,45,0.0,0.0,0.0,0.0,0.0,0,0,0,0,0.0,0,0,0,0,0,0,0,0,0,0,0,0,0,0,0,0,0,0,0,0,0,0,0,0,0,0,0,0,0,0,0,0,0,38,14,7,45,65476,0,300,0,0,8,21553,0.0,-107605600.0,0.0,0.0,0.0,0.0,0.0,0.0,0.0,0.0,0.0,0.0,0.0,0.0,0.0,0.0,0.0,0.0,0.0,0.0,0.0,0.0,0.0,0.0,2.004,-2.004,0.0,0.0,0.0,0.0,5053.0,3.697186573429349e+19,0.0,-107615288.0,-107615296.0,-0.0,0.0,0.0,0.0,0.0,0.0,53,-0.0,4.0668540358038725e+29,0.0,0.0,0.0,0.0,0.0,0.0,0.0,0,0,0,0.0,0.0,0.0,0.0,0.0,0.0,0.0,0.0,0.0,0.0,0.0,0.0,0.0,0.0,0.0,0.0,0,-107875648.0,53,0.0,106,-107614832.0,-0.0,ERR,ERR,ERR,ERR,ERR,ERR,ERR,ERR,ERR,ERR,ERR,ERR,ERR,ERR,ERR,ERR,ERR,ERR,ERR,ERR,ERR,ERR,ERR,ERR,ERR,ERR,ERR,ERR,ERR,ERR,ERR,ERR,ERR,ERR,ERR,ERR,ERR,ERR,ERR,ERR,ERR,ERR,ERR,ERR,ERR,ERR,ERR,ERR,ERR,ERR,ERR,ERR,ERR,ERR,ERR,ERR,ERR,ERR,ERR,ERR,ERR,ERR,ERR,ERR,ERR,ERR,ERR,50.0,60.0,100,0.0,0.0,0.0,0.0,0.0,0.0,0.0,0.0,0.0,0.0,0.0,0.0,0.0,0.0,0.0,0.0,61.6,74,13,65511,50,65476,0,300,0,0,8,20529,65476,0,0,26214,60.0,0.0,0.0,0.0,0.0,0.0
2026-05-17T18:06:48,ERR,ERR,ERR,ERR,ERR,ERR,ERR,ERR,ERR,ERR,ERR,ERR,ERR,ERR,ERR,ERR,ERR,ERR,ERR,ERR,ERR,ERR,ERR,ERR,ERR,ERR,ERR,ERR,ERR,ERR,ERR,ERR,ERR,ERR,ERR,ERR,ERR,ERR,ERR,ERR,ERR,ERR,ERR,ERR,ERR,ERR,ERR,ERR,ERR,ERR,ERR,ERR,ERR,ERR,ERR,ERR,ERR,ERR,ERR,ERR,ERR,ERR,ERR,ERR,ERR,ERR,ERR,ERR,ERR,ERR,ERR,ERR,ERR,ERR,ERR,ERR,ERR,ERR,ERR,ERR,ERR,ERR,ERR,ERR,ERR,ERR,ERR,ERR,ERR,ERR,ERR,ERR,ERR,ERR,ERR,ERR,ERR,ERR,ERR,ERR,ERR,ERR,ERR,ERR,ERR,ERR,ERR,ERR,ERR,ERR,ERR,ERR,ERR,ERR,ERR,ERR,ERR,ERR,ERR,ERR,ERR,ERR,ERR,ERR,ERR,-107615288.0,-107615296.0,0.0,0.0,0.0,1.3936040501711995e+18,7.805,0.0,0,0,4,0,8422,0.0,45,0.0,0.0,0.0,0.0,0.0,0,0,0,0,0.0,0,0,0,0,0,0,0,0,0,0,0,0,0,0,0,0,0,0,0,0,0,0,0,0,0,0,0,0,0,0,0,0,0,38,14,7,45,65476,0,300,0,0,8,21553,0.0,-107605600.0,0.0,0.0,0.0,0.0,0.0,0.0,0.0,0.0,0.0,0.0,0.0,0.0,0.0,0.0,0.0,0.0,0.0,0.0,0.0,0.0,0.0,0.0,2.004,-2.004,0.0,0.0,0.0,0.0,5053.0,3.697186573429349e+19,0.0,-107615288.0,-107615296.0,-0.0,0.0,0.0,0.0,0.0,0.0,53,-0.0,4.0668540358038725e+29,0.0,0.0,0.0,0.0,0.0,0.0,0.0,0,0,0,0.0,0.0,0.0,0.0,0.0,0.0,0.0,0.0,0.0,0.0,0.0,0.0,0.0,0.0,0.0,0.0,0,-107875648.0,53,0.0,106,-107614832.0,-0.0,ERR,ERR,ERR,ERR,ERR,ERR,ERR,ERR,ERR,ERR,ERR,ERR,ERR,ERR,ERR,ERR,ERR,ERR,ERR,ERR,ERR,ERR,ERR,ERR,ERR,ERR,ERR,ERR,ERR,ERR,ERR,ERR,ERR,ERR,ERR,ERR,ERR,ERR,ERR,ERR,ERR,ERR,ERR,ERR,ERR,ERR,ERR,ERR,ERR,ERR,ERR,ERR,ERR,ERR,ERR,ERR,ERR,ERR,ERR,ERR,ERR,ERR,ERR,ERR,ERR,ERR,ERR,50.0,60.0,100,0.0,0.0,0.0,0.0,0.0,0.0,0.0,0.0,0.0,0.0,0.0,0.0,0.0,0.0,0.0,0.0,62.0,74,13,65511,50,65476,0,300,0,0,8,20529,65476,0,0,26214,60.0,0.0,0.0,0.0,0.0,0.0
2026-05-17T18:06:49,ERR,ERR,ERR,ERR,ERR,ERR,ERR,ERR,ERR,ERR,ERR,ERR,ERR,ERR,ERR,ERR,ERR,ERR,ERR,ERR,ERR,ERR,ERR,ERR,ERR,ERR,ERR,ERR,ERR,ERR,ERR,ERR,ERR,ERR,ERR,ERR,ERR,ERR,ERR,ERR,ERR,ERR,ERR,ERR,ERR,ERR,ERR,ERR,ERR,ERR,ERR,ERR,ERR,ERR,ERR,ERR,ERR,ERR,ERR,ERR,ERR,ERR,ERR,ERR,ERR,ERR,ERR,ERR,ERR,ERR,ERR,ERR,ERR,ERR,ERR,ERR,ERR,ERR,ERR,ERR,ERR,ERR,ERR,ERR,ERR,ERR,ERR,ERR,ERR,ERR,ERR,ERR,ERR,ERR,ERR,ERR,ERR,ERR,ERR,ERR,ERR,ERR,ERR,ERR,ERR,ERR,ERR,ERR,ERR,ERR,ERR,ERR,ERR,ERR,ERR,ERR,ERR,ERR,ERR,ERR,ERR,ERR,ERR,ERR,ERR,-107615288.0,-107615296.0,0.0,0.0,0.0,1.3936040501711995e+18,7.805,0.0,0,0,4,0,8422,0.0,45,0.0,0.0,0.0,0.0,0.0,0,0,0,0,0.0,0,0,0,0,0,0,0,0,0,0,0,0,0,0,0,0,0,0,0,0,0,0,0,0,0,0,0,0,0,0,0,0,0,38,14,7,45,65476,0,300,0,0,8,21553,0.0,-107605600.0,0.0,0.0,0.0,0.0,0.0,0.0,0.0,0.0,0.0,0.0,0.0,0.0,0.0,0.0,0.0,0.0,0.0,0.0,0.0,0.0,0.0,0.0,2.004,-2.004,0.0,0.0,0.0,0.0,5053.0,3.697186573429349e+19,0.0,-107615288.0,-107615296.0,-0.0,0.0,0.0,0.0,0.0,0.0,53,-0.0,4.0668540358038725e+29,0.0,0.0,0.0,0.0,0.0,0.0,0.0,0,0,0,0.0,0.0,0.0,0.0,0.0,0.0,0.0,0.0,0.0,0.0,0.0,0.0,0.0,0.0,0.0,0.0,0,-107875648.0,53,0.0,106,-107614832.0,-0.0,ERR,ERR,ERR,ERR,ERR,ERR,ERR,ERR,ERR,ERR,ERR,ERR,ERR,ERR,ERR,ERR,ERR,ERR,ERR,ERR,ERR,ERR,ERR,ERR,ERR,ERR,ERR,ERR,ERR,ERR,ERR,ERR,ERR,ERR,ERR,ERR,ERR,ERR,ERR,ERR,ERR,ERR,ERR,ERR,ERR,ERR,ERR,ERR,ERR,ERR,ERR,ERR,ERR,ERR,ERR,ERR,ERR,ERR,ERR,ERR,ERR,ERR,ERR,ERR,ERR,ERR,ERR,50.0,60.0,100,0.0,0.0,0.0,0.0,0.0,0.0,0.0,0.0,0.0,0.0,0.0,0.0,0.0,0.0,0.0,0.0,61.6,74,13,65511,50,65476,0,300,0,0,8,20529,65476,0,0,26214,60.0,0.0,0.0,0.0,0.0,0.0
2026-05-17T18:06:50,ERR,ERR,ERR,ERR,ERR,ERR,ERR,ERR,ERR,ERR,ERR,ERR,ERR,ERR,ERR,ERR,ERR,ERR,ERR,ERR,ERR,ERR,ERR,ERR,ERR,ERR,ERR,ERR,ERR,ERR,ERR,ERR,ERR,ERR,ERR,ERR,ERR,ERR,ERR,ERR,ERR,ERR,ERR,ERR,ERR,ERR,ERR,ERR,ERR,ERR,ERR,ERR,ERR,ERR,ERR,ERR,ERR,ERR,ERR,ERR,ERR,ERR,ERR,ERR,ERR,ERR,ERR,ERR,ERR,ERR,ERR,ERR,ERR,ERR,ERR,ERR,ERR,ERR,ERR,ERR,ERR,ERR,ERR,ERR,ERR,ERR,ERR,ERR,ERR,ERR,ERR,ERR,ERR,ERR,ERR,ERR,ERR,ERR,ERR,ERR,ERR,ERR,ERR,ERR,ERR,ERR,ERR,ERR,ERR,ERR,ERR,ERR,ERR,ERR,ERR,ERR,ERR,ERR,ERR,ERR,ERR,ERR,ERR,ERR,ERR,-107615288.0,-107615296.0,0.0,0.0,0.0,1.3936040501711995e+18,7.805,0.0,0,0,4,0,8422,0.0,45,0.0,0.0,0.0,0.0,0.0,0,0,0,0,0.0,0,0,0,0,0,0,0,0,0,0,0,0,0,0,0,0,0,0,0,0,0,0,0,0,0,0,0,0,0,0,0,0,0,38,14,7,45,65476,0,300,0,0,8,21553,0.0,-107605600.0,0.0,0.0,0.0,0.0,0.0,0.0,0.0,0.0,0.0,0.0,0.0,0.0,0.0,0.0,0.0,0.0,0.0,0.0,0.0,0.0,0.0,0.0,2.004,-2.004,0.0,0.0,0.0,0.0,5053.0,3.697186573429349e+19,0.0,-107615288.0,-107615296.0,-0.0,0.0,0.0,0.0,0.0,0.0,53,-0.0,4.0668540358038725e+29,0.0,0.0,0.0,0.0,0.0,0.0,0.0,0,0,0,0.0,0.0,0.0,0.0,0.0,0.0,0.0,0.0,0.0,0.0,0.0,0.0,0.0,0.0,0.0,0.0,0,-107875648.0,53,0.0,106,-107614832.0,-0.0,ERR,ERR,ERR,ERR,ERR,ERR,ERR,ERR,ERR,ERR,ERR,ERR,ERR,ERR,ERR,ERR,ERR,ERR,ERR,ERR,ERR,ERR,ERR,ERR,ERR,ERR,ERR,ERR,ERR,ERR,ERR,ERR,ERR,ERR,ERR,ERR,ERR,ERR,ERR,ERR,ERR,ERR,ERR,ERR,ERR,ERR,ERR,ERR,ERR,ERR,ERR,ERR,ERR,ERR,ERR,ERR,ERR,ERR,ERR,ERR,ERR,ERR,ERR,ERR,ERR,ERR,ERR,50.0,60.0,100,0.0,0.0,0.0,0.0,0.0,0.0,0.0,0.0,0.0,0.0,0.0,0.0,0.0,0.0,0.0,0.0,61.6,74,13,65511,50,65476,0,300,0,0,8,20529,65476,0,0,26214,60.0,0.0,0.0,0.0,0.0,0.0
2026-05-17T18:06:51,ERR,ERR,ERR,ERR,ERR,ERR,ERR,ERR,ERR,ERR,ERR,ERR,ERR,ERR,ERR,ERR,ERR,ERR,ERR,ERR,ERR,ERR,ERR,ERR,ERR,ERR,ERR,ERR,ERR,ERR,ERR,ERR,ERR,ERR,ERR,ERR,ERR,ERR,ERR,ERR,ERR,ERR,ERR,ERR,ERR,ERR,ERR,ERR,ERR,ERR,ERR,ERR,ERR,ERR,ERR,ERR,ERR,ERR,ERR,ERR,ERR,ERR,ERR,ERR,ERR,ERR,ERR,ERR,ERR,ERR,ERR,ERR,ERR,ERR,ERR,ERR,ERR,ERR,ERR,ERR,ERR,ERR,ERR,ERR,ERR,ERR,ERR,ERR,ERR,ERR,ERR,ERR,ERR,ERR,ERR,ERR,ERR,ERR,ERR,ERR,ERR,ERR,ERR,ERR,ERR,ERR,ERR,ERR,ERR,ERR,ERR,ERR,ERR,ERR,ERR,ERR,ERR,ERR,ERR,ERR,ERR,ERR,ERR,ERR,ERR,-107615288.0,-107615296.0,0.0,0.0,0.0,1.3936040501711995e+18,7.805,0.0,0,0,4,0,8422,0.0,45,0.0,0.0,0.0,0.0,0.0,0,0,0,0,0.0,0,0,0,0,0,0,0,0,0,0,0,0,0,0,0,0,0,0,0,0,0,0,0,0,0,0,0,0,0,0,0,0,0,38,14,7,45,65476,0,300,0,0,8,21553,0.0,-107605600.0,0.0,0.0,0.0,0.0,0.0,0.0,0.0,0.0,0.0,0.0,0.0,0.0,0.0,0.0,0.0,0.0,0.0,0.0,0.0,0.0,0.0,0.0,2.004,-2.004,0.0,0.0,0.0,0.0,5053.0,3.697186573429349e+19,0.0,-107615288.0,-107615296.0,-0.0,0.0,0.0,0.0,0.0,0.0,53,-0.0,4.0668540358038725e+29,0.0,0.0,0.0,0.0,0.0,0.0,0.0,0,0,0,0.0,0.0,0.0,0.0,0.0,0.0,0.0,0.0,0.0,0.0,0.0,0.0,0.0,0.0,0.0,0.0,0,-107875648.0,53,0.0,106,-107614832.0,-0.0,ERR,ERR,ERR,ERR,ERR,ERR,ERR,ERR,ERR,ERR,ERR,ERR,ERR,ERR,ERR,ERR,ERR,ERR,ERR,ERR,ERR,ERR,ERR,ERR,ERR,ERR,ERR,ERR,ERR,ERR,ERR,ERR,ERR,ERR,ERR,ERR,ERR,ERR,ERR,ERR,ERR,ERR,ERR,ERR,ERR,ERR,ERR,ERR,ERR,ERR,ERR,ERR,ERR,ERR,ERR,ERR,ERR,ERR,ERR,ERR,ERR,ERR,ERR,ERR,ERR,ERR,ERR,50.0,60.0,100,0.0,0.0,0.0,0.0,0.0,0.0,0.0,0.0,0.0,0.0,0.0,0.0,0.0,0.0,0.0,0.0,62.0,74,13,65511,50,65476,0,300,0,0,8,20529,65476,0,0,26214,60.0,0.0,0.0,0.0,0.0,0.0
2026-05-17T18:06:52,ERR,ERR,ERR,ERR,ERR,ERR,ERR,ERR,ERR,ERR,ERR,ERR,ERR,ERR,ERR,ERR,ERR,ERR,ERR,ERR,ERR,ERR,ERR,ERR,ERR,ERR,ERR,ERR,ERR,ERR,ERR,ERR,ERR,ERR,ERR,ERR,ERR,ERR,ERR,ERR,ERR,ERR,ERR,ERR,ERR,ERR,ERR,ERR,ERR,ERR,ERR,ERR,ERR,ERR,ERR,ERR,ERR,ERR,ERR,ERR,ERR,ERR,ERR,ERR,ERR,ERR,ERR,ERR,ERR,ERR,ERR,ERR,ERR,ERR,ERR,ERR,ERR,ERR,ERR,ERR,ERR,ERR,ERR,ERR,ERR,ERR,ERR,ERR,ERR,ERR,ERR,ERR,ERR,ERR,ERR,ERR,ERR,ERR,ERR,ERR,ERR,ERR,ERR,ERR,ERR,ERR,ERR,ERR,ERR,ERR,ERR,ERR,ERR,ERR,ERR,ERR,ERR,ERR,ERR,ERR,ERR,ERR,ERR,ERR,ERR,-107615288.0,-0.0,-134474944.0,0.0,0.0,1.3936040501711995e+18,7.805,0.0,0,0,4,0,8422,0.0,45,0.0,0.0,0.0,0.0,0.0,0,0,0,0,0.0,0,0,0,0,0,0,0,0,0,0,0,0,0,0,0,0,0,0,0,0,0,0,0,0,0,0,0,0,0,0,0,0,0,38,14,7,45,65476,0,300,0,0,8,21553,0.0,-107605600.0,0.0,0.0,0.0,0.0,0.0,0.0,0.0,0.0,0.0,0.0,0.0,0.0,0.0,0.0,0.0,0.0,0.0,0.0,0.0,0.0,-2.004,0.0,2.004,0.0,0.0,0.0,0.0,0.0,5045.0,-0.0,0.0,-107615288.0,-107615296.0,-0.0,2.718429300292151e+23,0.0,0.0,0.0,0.0,53,-0.0,-2.308828227263571e+20,0.0,0.0,0.0,0.0,0.0,0.0,0.0,0,0,0,0.0,0.0,0.0,0.0,0.0,0.0,0.0,0.0,0.0,0.0,0.0,0.0,0.0,0.0,0.0,0.0,0,-107875648.0,53,0.0,106,-107614832.0,-0.0,ERR,ERR,ERR,ERR,ERR,ERR,ERR,ERR,ERR,ERR,ERR,ERR,ERR,ERR,ERR,ERR,ERR,ERR,ERR,ERR,ERR,ERR,ERR,ERR,ERR,ERR,ERR,ERR,ERR,ERR,ERR,ERR,ERR,ERR,ERR,ERR,ERR,ERR,ERR,ERR,ERR,ERR,ERR,ERR,ERR,ERR,ERR,ERR,ERR,ERR,ERR,ERR,ERR,ERR,ERR,ERR,ERR,ERR,ERR,ERR,ERR,ERR,ERR,ERR,ERR,ERR,ERR,50.0,60.0,100,0.0,0.0,0.0,0.0,0.0,0.0,0.0,0.0,0.0,0.0,0.0,0.0,0.0,0.0,0.0,0.0,62.0,74,13,65511,50,65476,0,300,0,0,8,20529,65476,0,0,26214,60.0,0.0,0.0,0.0,0.0,0.0
2026-05-17T18:06:53,ERR,ERR,ERR,ERR,ERR,ERR,ERR,ERR,ERR,ERR,ERR,ERR,ERR,ERR,ERR,ERR,ERR,ERR,ERR,ERR,ERR,ERR,ERR,ERR,ERR,ERR,ERR,ERR,ERR,ERR,ERR,ERR,ERR,ERR,ERR,ERR,ERR,ERR,ERR,ERR,ERR,ERR,ERR,ERR,ERR,ERR,ERR,ERR,ERR,ERR,ERR,ERR,ERR,ERR,ERR,ERR,ERR,ERR,ERR,ERR,ERR,ERR,ERR,ERR,ERR,ERR,ERR,ERR,ERR,ERR,ERR,ERR,ERR,ERR,ERR,ERR,ERR,ERR,ERR,ERR,ERR,ERR,ERR,ERR,ERR,ERR,ERR,ERR,ERR,ERR,ERR,ERR,ERR,ERR,ERR,ERR,ERR,ERR,ERR,ERR,ERR,ERR,ERR,ERR,ERR,ERR,ERR,ERR,ERR,ERR,ERR,ERR,ERR,ERR,ERR,ERR,ERR,ERR,ERR,ERR,ERR,ERR,ERR,ERR,ERR,-107615288.0,-0.0,-134474944.0,0.0,0.0,1.3936040501711995e+18,7.805,0.0,0,0,4,0,8422,0.0,45,0.0,0.0,0.0,0.0,0.0,0,0,0,0,0.0,0,0,0,0,0,0,0,0,0,0,0,0,0,0,0,0,0,0,0,0,0,0,0,0,0,0,0,0,0,0,0,0,0,38,14,7,45,65476,0,300,0,0,8,21553,0.0,-107605600.0,0.0,0.0,0.0,0.0,0.0,0.0,0.0,0.0,0.0,0.0,0.0,0.0,0.0,0.0,0.0,0.0,0.0,0.0,0.0,0.0,-2.004,0.0,2.004,0.0,0.0,0.0,0.0,0.0,5045.0,-0.0,0.0,-107615288.0,-107615296.0,-0.0,2.718429300292151e+23,0.0,0.0,0.0,0.0,53,-0.0,-2.308828227263571e+20,0.0,0.0,0.0,0.0,0.0,0.0,0.0,0,0,0,0.0,0.0,0.0,0.0,0.0,0.0,0.0,0.0,0.0,0.0,0.0,0.0,0.0,0.0,0.0,0.0,0,-107875648.0,53,0.0,106,-107614832.0,-0.0,ERR,ERR,ERR,ERR,ERR,ERR,ERR,ERR,ERR,ERR,ERR,ERR,ERR,ERR,ERR,ERR,ERR,ERR,ERR,ERR,ERR,ERR,ERR,ERR,ERR,ERR,ERR,ERR,ERR,ERR,ERR,ERR,ERR,ERR,ERR,ERR,ERR,ERR,ERR,ERR,ERR,ERR,ERR,ERR,ERR,ERR,ERR,ERR,ERR,ERR,ERR,ERR,ERR,ERR,ERR,ERR,ERR,ERR,ERR,ERR,ERR,ERR,ERR,ERR,ERR,ERR,ERR,50.0,60.0,100,0.0,0.0,0.0,0.0,0.0,0.0,0.0,0.0,0.0,0.0,0.0,0.0,0.0,0.0,0.0,0.0,61.6,74,13,65511,50,65476,0,300,0,0,8,20529,65476,0,0,26214,60.0,0.0,0.0,0.0,0.0,0.0
2026-05-17T18:06:54,ERR,ERR,ERR,ERR,ERR,ERR,ERR,ERR,ERR,ERR,ERR,ERR,ERR,ERR,ERR,ERR,ERR,ERR,ERR,ERR,ERR,ERR,ERR,ERR,ERR,ERR,ERR,ERR,ERR,ERR,ERR,ERR,ERR,ERR,ERR,ERR,ERR,ERR,ERR,ERR,ERR,ERR,ERR,ERR,ERR,ERR,ERR,ERR,ERR,ERR,ERR,ERR,ERR,ERR,ERR,ERR,ERR,ERR,ERR,ERR,ERR,ERR,ERR,ERR,ERR,ERR,ERR,ERR,ERR,ERR,ERR,ERR,ERR,ERR,ERR,ERR,ERR,ERR,ERR,ERR,ERR,ERR,ERR,ERR,ERR,ERR,ERR,ERR,ERR,ERR,ERR,ERR,ERR,ERR,ERR,ERR,ERR,ERR,ERR,ERR,ERR,ERR,ERR,ERR,ERR,ERR,ERR,ERR,ERR,ERR,ERR,ERR,ERR,ERR,ERR,ERR,ERR,ERR,ERR,ERR,ERR,ERR,ERR,ERR,ERR,-107615288.0,-0.0,-134474944.0,0.0,0.0,1.3936040501711995e+18,7.805,0.0,0,0,4,0,8422,0.0,45,0.0,0.0,0.0,0.0,0.0,0,0,0,0,0.0,0,0,0,0,0,0,0,0,0,0,0,0,0,0,0,0,0,0,0,0,0,0,0,0,0,0,0,0,0,0,0,0,0,38,14,7,45,65476,0,300,0,0,8,21553,0.0,-107605600.0,0.0,0.0,0.0,0.0,0.0,0.0,0.0,0.0,0.0,0.0,0.0,0.0,0.0,0.0,0.0,0.0,0.0,0.0,0.0,0.0,-2.004,0.0,2.004,0.0,0.0,0.0,0.0,0.0,5045.0,-0.0,0.0,-107615288.0,-107615296.0,-0.0,2.718429300292151e+23,0.0,0.0,0.0,0.0,53,-0.0,-2.308828227263571e+20,0.0,0.0,0.0,0.0,0.0,0.0,0.0,0,0,0,0.0,0.0,0.0,0.0,0.0,0.0,0.0,0.0,0.0,0.0,0.0,0.0,0.0,0.0,0.0,0.0,0,-107875648.0,53,0.0,106,-107614832.0,-0.0,ERR,ERR,ERR,ERR,ERR,ERR,ERR,ERR,ERR,ERR,ERR,ERR,ERR,ERR,ERR,ERR,ERR,ERR,ERR,ERR,ERR,ERR,ERR,ERR,ERR,ERR,ERR,ERR,ERR,ERR,ERR,ERR,ERR,ERR,ERR,ERR,ERR,ERR,ERR,ERR,ERR,ERR,ERR,ERR,ERR,ERR,ERR,ERR,ERR,ERR,ERR,ERR,ERR,ERR,ERR,ERR,ERR,ERR,ERR,ERR,ERR,ERR,ERR,ERR,ERR,ERR,ERR,50.0,60.0,100,0.0,0.0,0.0,0.0,0.0,0.0,0.0,0.0,0.0,0.0,0.0,0.0,0.0,0.0,0.0,0.0,61.6,74,13,65511,50,65476,0,300,0,0,8,20529,65476,0,0,26214,60.0,0.0,0.0,0.0,0.0,0.0
2026-05-17T18:06:55,ERR,ERR,ERR,ERR,ERR,ERR,ERR,ERR,ERR,ERR,ERR,ERR,ERR,ERR,ERR,ERR,ERR,ERR,ERR,ERR,ERR,ERR,ERR,ERR,ERR,ERR,ERR,ERR,ERR,ERR,ERR,ERR,ERR,ERR,ERR,ERR,ERR,ERR,ERR,ERR,ERR,ERR,ERR,ERR,ERR,ERR,ERR,ERR,ERR,ERR,ERR,ERR,ERR,ERR,ERR,ERR,ERR,ERR,ERR,ERR,ERR,ERR,ERR,ERR,ERR,ERR,ERR,ERR,ERR,ERR,ERR,ERR,ERR,ERR,ERR,ERR,ERR,ERR,ERR,ERR,ERR,ERR,ERR,ERR,ERR,ERR,ERR,ERR,ERR,ERR,ERR,ERR,ERR,ERR,ERR,ERR,ERR,ERR,ERR,ERR,ERR,ERR,ERR,ERR,ERR,ERR,ERR,ERR,ERR,ERR,ERR,ERR,ERR,ERR,ERR,ERR,ERR,ERR,ERR,ERR,ERR,ERR,ERR,ERR,ERR,-107615288.0,-0.0,-134474944.0,0.0,0.0,1.3936040501711995e+18,7.805,0.0,0,0,4,0,8422,0.0,45,0.0,0.0,0.0,0.0,0.0,0,0,0,0,0.0,0,0,0,0,0,0,0,0,0,0,0,0,0,0,0,0,0,0,0,0,0,0,0,0,0,0,0,0,0,0,0,0,0,38,14,7,45,65476,0,300,0,0,8,21553,0.0,-107605600.0,0.0,0.0,0.0,0.0,0.0,0.0,0.0,0.0,0.0,0.0,0.0,0.0,0.0,0.0,0.0,0.0,0.0,0.0,0.0,0.0,-2.004,0.0,2.004,0.0,0.0,0.0,0.0,0.0,5045.0,-0.0,0.0,-107615288.0,-107615296.0,-0.0,2.718429300292151e+23,0.0,0.0,0.0,0.0,53,-0.0,-2.308828227263571e+20,0.0,0.0,0.0,0.0,0.0,0.0,0.0,0,0,0,0.0,0.0,0.0,0.0,0.0,0.0,0.0,0.0,0.0,0.0,0.0,0.0,0.0,0.0,0.0,0.0,0,-107875648.0,53,0.0,106,-107614832.0,-0.0,ERR,ERR,ERR,ERR,ERR,ERR,ERR,ERR,ERR,ERR,ERR,ERR,ERR,ERR,ERR,ERR,ERR,ERR,ERR,ERR,ERR,ERR,ERR,ERR,ERR,ERR,ERR,ERR,ERR,ERR,ERR,ERR,ERR,ERR,ERR,ERR,ERR,ERR,ERR,ERR,ERR,ERR,ERR,ERR,ERR,ERR,ERR,ERR,ERR,ERR,ERR,ERR,ERR,ERR,ERR,ERR,ERR,ERR,ERR,ERR,ERR,ERR,ERR,ERR,ERR,ERR,ERR,50.0,60.0,100,0.0,0.0,0.0,0.0,0.0,0.0,0.0,0.0,0.0,0.0,0.0,0.0,0.0,0.0,0.0,0.0,61.6,74,13,65511,50,65476,0,300,0,0,8,20529,65476,0,0,26214,60.0,0.0,0.0,0.0,0.0,0.0
2026-05-17T18:06:56,ERR,ERR,ERR,ERR,ERR,ERR,ERR,ERR,ERR,ERR,ERR,ERR,ERR,ERR,ERR,ERR,ERR,ERR,ERR,ERR,ERR,ERR,ERR,ERR,ERR,ERR,ERR,ERR,ERR,ERR,ERR,ERR,ERR,ERR,ERR,ERR,ERR,ERR,ERR,ERR,ERR,ERR,ERR,ERR,ERR,ERR,ERR,ERR,ERR,ERR,ERR,ERR,ERR,ERR,ERR,ERR,ERR,ERR,ERR,ERR,ERR,ERR,ERR,ERR,ERR,ERR,ERR,ERR,ERR,ERR,ERR,ERR,ERR,ERR,ERR,ERR,ERR,ERR,ERR,ERR,ERR,ERR,ERR,ERR,ERR,ERR,ERR,ERR,ERR,ERR,ERR,ERR,ERR,ERR,ERR,ERR,ERR,ERR,ERR,ERR,ERR,ERR,ERR,ERR,ERR,ERR,ERR,ERR,ERR,ERR,ERR,ERR,ERR,ERR,ERR,ERR,ERR,ERR,ERR,ERR,ERR,ERR,ERR,ERR,ERR,-107615288.0,-0.0,-134474944.0,0.0,0.0,1.3936040501711995e+18,7.805,0.0,0,0,4,0,8422,0.0,45,0.0,0.0,0.0,0.0,0.0,0,0,0,0,0.0,0,0,0,0,0,0,0,0,0,0,0,0,0,0,0,0,0,0,0,0,0,0,0,0,0,0,0,0,0,0,0,0,0,38,14,7,45,65476,0,300,0,0,8,21553,0.0,-107605600.0,0.0,0.0,0.0,0.0,0.0,0.0,0.0,0.0,0.0,0.0,0.0,0.0,0.0,0.0,0.0,0.0,0.0,0.0,0.0,0.0,-2.004,0.0,2.004,0.0,0.0,0.0,0.0,0.0,5045.0,-0.0,0.0,-107615288.0,-107615296.0,-0.0,2.718429300292151e+23,0.0,0.0,0.0,0.0,53,-0.0,-2.308828227263571e+20,0.0,0.0,0.0,0.0,0.0,0.0,0.0,0,0,0,0.0,0.0,0.0,0.0,0.0,0.0,0.0,0.0,0.0,0.0,0.0,0.0,0.0,0.0,0.0,0.0,0,-107875648.0,53,0.0,106,-107614832.0,-0.0,ERR,ERR,ERR,ERR,ERR,ERR,ERR,ERR,ERR,ERR,ERR,ERR,ERR,ERR,ERR,ERR,ERR,ERR,ERR,ERR,ERR,ERR,ERR,ERR,ERR,ERR,ERR,ERR,ERR,ERR,ERR,ERR,ERR,ERR,ERR,ERR,ERR,ERR,ERR,ERR,ERR,ERR,ERR,ERR,ERR,ERR,ERR,ERR,ERR,ERR,ERR,ERR,ERR,ERR,ERR,ERR,ERR,ERR,ERR,ERR,ERR,ERR,ERR,ERR,ERR,ERR,ERR,50.0,60.0,100,0.0,0.0,0.0,0.0,0.0,0.0,0.0,0.0,0.0,0.0,0.0,0.0,0.0,0.0,0.0,0.0,61.6,74,13,65511,50,65476,0,300,0,0,8,20529,65476,0,0,26214,60.0,0.0,0.0,0.0,0.0,0.0
2026-05-17T18:06:57,ERR,ERR,ERR,ERR,ERR,ERR,ERR,ERR,ERR,ERR,ERR,ERR,ERR,ERR,ERR,ERR,ERR,ERR,ERR,ERR,ERR,ERR,ERR,ERR,ERR,ERR,ERR,ERR,ERR,ERR,ERR,ERR,ERR,ERR,ERR,ERR,ERR,ERR,ERR,ERR,ERR,ERR,ERR,ERR,ERR,ERR,ERR,ERR,ERR,ERR,ERR,ERR,ERR,ERR,ERR,ERR,ERR,ERR,ERR,ERR,ERR,ERR,ERR,ERR,ERR,ERR,ERR,ERR,ERR,ERR,ERR,ERR,ERR,ERR,ERR,ERR,ERR,ERR,ERR,ERR,ERR,ERR,ERR,ERR,ERR,ERR,ERR,ERR,ERR,ERR,ERR,ERR,ERR,ERR,ERR,ERR,ERR,ERR,ERR,ERR,ERR,ERR,ERR,ERR,ERR,ERR,ERR,ERR,ERR,ERR,ERR,ERR,ERR,ERR,ERR,ERR,ERR,ERR,ERR,ERR,ERR,ERR,ERR,ERR,ERR,-107615288.0,-107615296.0,0.0,0.0,0.0,1.3936040501711995e+18,7.805,0.0,0,0,4,0,8422,0.0,45,0.0,0.0,0.0,0.0,0.0,0,0,0,0,0.0,0,0,0,0,0,0,0,0,0,0,0,0,0,0,0,0,0,0,0,0,0,0,0,0,0,0,0,0,0,0,0,0,0,38,14,7,45,65476,0,300,0,0,8,21553,0.0,-107605600.0,0.0,0.0,0.0,0.0,0.0,0.0,0.0,0.0,0.0,0.0,0.0,0.0,0.0,0.0,0.0,0.0,0.0,0.0,0.0,0.0,-2.004,-2.004,2.004,-2.004,0.0,0.0,0.0,0.0,5052.0,-0.0,0.0,-107615288.0,-107615296.0,-0.0,2.718429300292151e+23,0.0,0.0,0.0,0.0,53,-0.0,-107614792.0,0.0,0.0,0.0,0.0,0.0,0.0,0.0,0,0,0,0.0,0.0,0.0,0.0,0.0,0.0,0.0,0.0,0.0,0.0,0.0,0.0,0.0,0.0,0.0,0.0,0,-107875648.0,53,0.0,106,-107614832.0,-0.0,ERR,ERR,ERR,ERR,ERR,ERR,ERR,ERR,ERR,ERR,ERR,ERR,ERR,ERR,ERR,ERR,ERR,ERR,ERR,ERR,ERR,ERR,ERR,ERR,ERR,ERR,ERR,ERR,ERR,ERR,ERR,ERR,ERR,ERR,ERR,ERR,ERR,ERR,ERR,ERR,ERR,ERR,ERR,ERR,ERR,ERR,ERR,ERR,ERR,ERR,ERR,ERR,ERR,ERR,ERR,ERR,ERR,ERR,ERR,ERR,ERR,ERR,ERR,ERR,ERR,ERR,ERR,50.0,60.0,100,0.0,0.0,0.0,0.0,0.0,0.0,0.0,0.0,0.0,0.0,0.0,0.0,0.0,0.0,0.0,0.0,61.6,74,13,65511,50,65476,0,300,0,0,8,20529,65476,0,0,26214,60.0,0.0,0.0,0.0,0.0,0.0
2026-05-17T18:06:58,ERR,ERR,ERR,ERR,ERR,ERR,ERR,ERR,ERR,ERR,ERR,ERR,ERR,ERR,ERR,ERR,ERR,ERR,ERR,ERR,ERR,ERR,ERR,ERR,ERR,ERR,ERR,ERR,ERR,ERR,ERR,ERR,ERR,ERR,ERR,ERR,ERR,ERR,ERR,ERR,ERR,ERR,ERR,ERR,ERR,ERR,ERR,ERR,ERR,ERR,ERR,ERR,ERR,ERR,ERR,ERR,ERR,ERR,ERR,ERR,ERR,ERR,ERR,ERR,ERR,ERR,ERR,ERR,ERR,ERR,ERR,ERR,ERR,ERR,ERR,ERR,ERR,ERR,ERR,ERR,ERR,ERR,ERR,ERR,ERR,ERR,ERR,ERR,ERR,ERR,ERR,ERR,ERR,ERR,ERR,ERR,ERR,ERR,ERR,ERR,ERR,ERR,ERR,ERR,ERR,ERR,ERR,ERR,ERR,ERR,ERR,ERR,ERR,ERR,ERR,ERR,ERR,ERR,ERR,ERR,ERR,ERR,ERR,ERR,ERR,-107615288.0,-107615296.0,0.0,0.0,0.0,1.3936040501711995e+18,7.805,0.0,0,0,4,0,8422,0.0,45,0.0,0.0,0.0,0.0,0.0,0,0,0,0,0.0,0,0,0,0,0,0,0,0,0,0,0,0,0,0,0,0,0,0,0,0,0,0,0,0,0,0,0,0,0,0,0,0,0,38,14,7,45,65476,0,300,0,0,8,21553,0.0,-107605600.0,0.0,0.0,0.0,0.0,0.0,0.0,0.0,0.0,0.0,0.0,0.0,0.0,0.0,0.0,0.0,0.0,0.0,0.0,0.0,0.0,-2.004,-2.004,2.004,-2.004,0.0,0.0,0.0,0.0,5052.0,-0.0,0.0,-107615288.0,-107615296.0,-0.0,2.718429300292151e+23,0.0,0.0,0.0,0.0,53,-0.0,-107614792.0,0.0,0.0,0.0,0.0,0.0,0.0,0.0,0,0,0,0.0,0.0,0.0,0.0,0.0,0.0,0.0,0.0,0.0,0.0,0.0,0.0,0.0,0.0,0.0,0.0,0,-107875648.0,53,0.0,106,-107614832.0,-0.0,ERR,ERR,ERR,ERR,ERR,ERR,ERR,ERR,ERR,ERR,ERR,ERR,ERR,ERR,ERR,ERR,ERR,ERR,ERR,ERR,ERR,ERR,ERR,ERR,ERR,ERR,ERR,ERR,ERR,ERR,ERR,ERR,ERR,ERR,ERR,ERR,ERR,ERR,ERR,ERR,ERR,ERR,ERR,ERR,ERR,ERR,ERR,ERR,ERR,ERR,ERR,ERR,ERR,ERR,ERR,ERR,ERR,ERR,ERR,ERR,ERR,ERR,ERR,ERR,ERR,ERR,ERR,50.0,60.0,100,0.0,0.0,0.0,0.0,0.0,0.0,0.0,0.0,0.0,0.0,0.0,0.0,0.0,0.0,0.0,0.0,61.6,74,13,65511,50,65476,0,300,0,0,8,20529,65476,0,0,26214,60.0,0.0,0.0,0.0,0.0,0.0
2026-05-17T18:06:59,ERR,ERR,ERR,ERR,ERR,ERR,ERR,ERR,ERR,ERR,ERR,ERR,ERR,ERR,ERR,ERR,ERR,ERR,ERR,ERR,ERR,ERR,ERR,ERR,ERR,ERR,ERR,ERR,ERR,ERR,ERR,ERR,ERR,ERR,ERR,ERR,ERR,ERR,ERR,ERR,ERR,ERR,ERR,ERR,ERR,ERR,ERR,ERR,ERR,ERR,ERR,ERR,ERR,ERR,ERR,ERR,ERR,ERR,ERR,ERR,ERR,ERR,ERR,ERR,ERR,ERR,ERR,ERR,ERR,ERR,ERR,ERR,ERR,ERR,ERR,ERR,ERR,ERR,ERR,ERR,ERR,ERR,ERR,ERR,ERR,ERR,ERR,ERR,ERR,ERR,ERR,ERR,ERR,ERR,ERR,ERR,ERR,ERR,ERR,ERR,ERR,ERR,ERR,ERR,ERR,ERR,ERR,ERR,ERR,ERR,ERR,ERR,ERR,ERR,ERR,ERR,ERR,ERR,ERR,ERR,ERR,ERR,ERR,ERR,ERR,-107615288.0,-107615296.0,0.0,0.0,0.0,1.3936040501711995e+18,7.805,0.0,0,0,4,0,8422,0.0,45,0.0,0.0,0.0,0.0,0.0,0,0,0,0,0.0,0,0,0,0,0,0,0,0,0,0,0,0,0,0,0,0,0,0,0,0,0,0,0,0,0,0,0,0,0,0,0,0,0,38,14,7,45,65476,0,300,0,0,8,21553,0.0,-107605600.0,0.0,0.0,0.0,0.0,0.0,0.0,0.0,0.0,0.0,0.0,0.0,0.0,0.0,0.0,0.0,0.0,0.0,0.0,0.0,0.0,-2.004,-2.004,2.004,-2.004,0.0,0.0,0.0,0.0,5052.0,-0.0,0.0,-107615288.0,-107615296.0,-0.0,2.718429300292151e+23,0.0,0.0,0.0,0.0,53,-0.0,-107614792.0,0.0,0.0,0.0,0.0,0.0,0.0,0.0,0,0,0,0.0,0.0,0.0,0.0,0.0,0.0,0.0,0.0,0.0,0.0,0.0,0.0,0.0,0.0,0.0,0.0,0,-107875648.0,53,0.0,106,-107614832.0,-0.0,ERR,ERR,ERR,ERR,ERR,ERR,ERR,ERR,ERR,ERR,ERR,ERR,ERR,ERR,ERR,ERR,ERR,ERR,ERR,ERR,ERR,ERR,ERR,ERR,ERR,ERR,ERR,ERR,ERR,ERR,ERR,ERR,ERR,ERR,ERR,ERR,ERR,ERR,ERR,ERR,ERR,ERR,ERR,ERR,ERR,ERR,ERR,ERR,ERR,ERR,ERR,ERR,ERR,ERR,ERR,ERR,ERR,ERR,ERR,ERR,ERR,ERR,ERR,ERR,ERR,ERR,ERR,50.0,60.0,100,0.0,0.0,0.0,0.0,0.0,0.0,0.0,0.0,0.0,0.0,0.0,0.0,0.0,0.0,0.0,0.0,61.6,74,13,65511,50,65476,0,300,0,0,8,20529,65476,0,0,26214,60.0,0.0,0.0,0.0,0.0,0.0
2026-05-17T18:07:00,ERR,ERR,ERR,ERR,ERR,ERR,ERR,ERR,ERR,ERR,ERR,ERR,ERR,ERR,ERR,ERR,ERR,ERR,ERR,ERR,ERR,ERR,ERR,ERR,ERR,ERR,ERR,ERR,ERR,ERR,ERR,ERR,ERR,ERR,ERR,ERR,ERR,ERR,ERR,ERR,ERR,ERR,ERR,ERR,ERR,ERR,ERR,ERR,ERR,ERR,ERR,ERR,ERR,ERR,ERR,ERR,ERR,ERR,ERR,ERR,ERR,ERR,ERR,ERR,ERR,ERR,ERR,ERR,ERR,ERR,ERR,ERR,ERR,ERR,ERR,ERR,ERR,ERR,ERR,ERR,ERR,ERR,ERR,ERR,ERR,ERR,ERR,ERR,ERR,ERR,ERR,ERR,ERR,ERR,ERR,ERR,ERR,ERR,ERR,ERR,ERR,ERR,ERR,ERR,ERR,ERR,ERR,ERR,ERR,ERR,ERR,ERR,ERR,ERR,ERR,ERR,ERR,ERR,ERR,ERR,ERR,ERR,ERR,ERR,ERR,-107615288.0,-107615296.0,0.0,0.0,0.0,1.3936040501711995e+18,7.805,0.0,0,0,4,0,8422,0.0,45,0.0,0.0,0.0,0.0,0.0,0,0,0,0,0.0,0,0,0,0,0,0,0,0,0,0,0,0,0,0,0,0,0,0,0,0,0,0,0,0,0,0,0,0,0,0,0,0,0,38,14,7,45,65476,0,300,0,0,8,21553,0.0,-107605600.0,0.0,0.0,0.0,0.0,0.0,0.0,0.0,0.0,0.0,0.0,0.0,0.0,0.0,0.0,0.0,0.0,0.0,0.0,0.0,0.0,-2.004,-2.004,2.004,-2.004,0.0,0.0,0.0,0.0,5052.0,-0.0,0.0,-107615288.0,-107615296.0,-0.0,2.718429300292151e+23,0.0,0.0,0.0,0.0,53,-0.0,-107614792.0,0.0,0.0,0.0,0.0,0.0,0.0,0.0,0,0,0,0.0,0.0,0.0,0.0,0.0,0.0,0.0,0.0,0.0,0.0,0.0,0.0,0.0,0.0,0.0,0.0,0,-107875648.0,53,0.0,106,-107614832.0,-0.0,ERR,ERR,ERR,ERR,ERR,ERR,ERR,ERR,ERR,ERR,ERR,ERR,ERR,ERR,ERR,ERR,ERR,ERR,ERR,ERR,ERR,ERR,ERR,ERR,ERR,ERR,ERR,ERR,ERR,ERR,ERR,ERR,ERR,ERR,ERR,ERR,ERR,ERR,ERR,ERR,ERR,ERR,ERR,ERR,ERR,ERR,ERR,ERR,ERR,ERR,ERR,ERR,ERR,ERR,ERR,ERR,ERR,ERR,ERR,ERR,ERR,ERR,ERR,ERR,ERR,ERR,ERR,50.0,60.0,100,0.0,0.0,0.0,0.0,0.0,0.0,0.0,0.0,0.0,0.0,0.0,0.0,0.0,0.0,0.0,0.0,61.6,74,13,65511,50,65476,0,300,0,0,8,20529,65476,0,0,26214,60.0,0.0,0.0,0.0,0.0,0.0
2026-05-17T18:07:01,ERR,ERR,ERR,ERR,ERR,ERR,ERR,ERR,ERR,ERR,ERR,ERR,ERR,ERR,ERR,ERR,ERR,ERR,ERR,ERR,ERR,ERR,ERR,ERR,ERR,ERR,ERR,ERR,ERR,ERR,ERR,ERR,ERR,ERR,ERR,ERR,ERR,ERR,ERR,ERR,ERR,ERR,ERR,ERR,ERR,ERR,ERR,ERR,ERR,ERR,ERR,ERR,ERR,ERR,ERR,ERR,ERR,ERR,ERR,ERR,ERR,ERR,ERR,ERR,ERR,ERR,ERR,ERR,ERR,ERR,ERR,ERR,ERR,ERR,ERR,ERR,ERR,ERR,ERR,ERR,ERR,ERR,ERR,ERR,ERR,ERR,ERR,ERR,ERR,ERR,ERR,ERR,ERR,ERR,ERR,ERR,ERR,ERR,ERR,ERR,ERR,ERR,ERR,ERR,ERR,ERR,ERR,ERR,ERR,ERR,ERR,ERR,ERR,ERR,ERR,ERR,ERR,ERR,ERR,ERR,ERR,ERR,ERR,ERR,ERR,-107615288.0,-107615296.0,0.0,0.0,0.0,1.3936040501711995e+18,7.805,0.0,0,0,4,0,8422,0.0,45,0.0,0.0,0.0,0.0,0.0,0,0,0,0,0.0,0,0,0,0,0,0,0,0,0,0,0,0,0,0,0,0,0,0,0,0,0,0,0,0,0,0,0,0,0,0,0,0,0,38,14,7,45,65476,0,300,0,0,8,21553,0.0,-107605600.0,0.0,0.0,0.0,0.0,0.0,0.0,0.0,0.0,0.0,0.0,0.0,0.0,0.0,0.0,0.0,0.0,0.0,0.0,0.0,0.0,-2.004,-2.004,2.004,-2.004,0.0,0.0,0.0,0.0,5052.0,-0.0,0.0,-107615288.0,-107615296.0,-0.0,2.718429300292151e+23,0.0,0.0,0.0,0.0,53,-0.0,-107614792.0,0.0,0.0,0.0,0.0,0.0,0.0,0.0,0,0,0,0.0,0.0,0.0,0.0,0.0,0.0,0.0,0.0,0.0,0.0,0.0,0.0,0.0,0.0,0.0,0.0,0,-107875648.0,53,0.0,106,-107614832.0,-0.0,ERR,ERR,ERR,ERR,ERR,ERR,ERR,ERR,ERR,ERR,ERR,ERR,ERR,ERR,ERR,ERR,ERR,ERR,ERR,ERR,ERR,ERR,ERR,ERR,ERR,ERR,ERR,ERR,ERR,ERR,ERR,ERR,ERR,ERR,ERR,ERR,ERR,ERR,ERR,ERR,ERR,ERR,ERR,ERR,ERR,ERR,ERR,ERR,ERR,ERR,ERR,ERR,ERR,ERR,ERR,ERR,ERR,ERR,ERR,ERR,ERR,ERR,ERR,ERR,ERR,ERR,ERR,50.0,60.0,100,0.0,0.0,0.0,0.0,0.0,0.0,0.0,0.0,0.0,0.0,0.0,0.0,0.0,0.0,0.0,0.0,61.6,74,13,65511,50,65476,0,300,0,0,8,20529,65476,0,0,26214,60.0,0.0,0.0,0.0,0.0,0.0
2026-05-17T18:07:02,ERR,ERR,ERR,ERR,ERR,ERR,ERR,ERR,ERR,ERR,ERR,ERR,ERR,ERR,ERR,ERR,ERR,ERR,ERR,ERR,ERR,ERR,ERR,ERR,ERR,ERR,ERR,ERR,ERR,ERR,ERR,ERR,ERR,ERR,ERR,ERR,ERR,ERR,ERR,ERR,ERR,ERR,ERR,ERR,ERR,ERR,ERR,ERR,ERR,ERR,ERR,ERR,ERR,ERR,ERR,ERR,ERR,ERR,ERR,ERR,ERR,ERR,ERR,ERR,ERR,ERR,ERR,ERR,ERR,ERR,ERR,ERR,ERR,ERR,ERR,ERR,ERR,ERR,ERR,ERR,ERR,ERR,ERR,ERR,ERR,ERR,ERR,ERR,ERR,ERR,ERR,ERR,ERR,ERR,ERR,ERR,ERR,ERR,ERR,ERR,ERR,ERR,ERR,ERR,ERR,ERR,ERR,ERR,ERR,ERR,ERR,ERR,ERR,ERR,ERR,ERR,ERR,ERR,ERR,ERR,ERR,ERR,ERR,ERR,ERR,-107615288.0,-107615296.0,0.0,0.0,0.0,1.3936040501711995e+18,7.805,0.0,0,0,4,0,8422,0.0,45,0.0,0.0,0.0,0.0,0.0,0,0,0,0,0.0,0,0,0,0,0,0,0,0,0,0,0,0,0,0,0,0,0,0,0,0,0,0,0,0,0,0,0,0,0,0,0,0,0,38,14,7,45,65476,0,300,0,0,8,21553,0.0,-107605600.0,0.0,0.0,0.0,0.0,0.0,0.0,0.0,0.0,0.0,0.0,0.0,0.0,0.0,0.0,0.0,0.0,0.0,0.0,0.0,0.0,-2.004,0.0,2.004,-2.004,0.0,0.0,0.0,0.0,5045.0,-0.0,0.0,-107615288.0,-107615296.0,-0.0,2.718429300292151e+23,0.0,0.0,0.0,0.0,53,-0.0,-71.629,0.0,0.0,0.0,0.0,0.0,0.0,0.0,0,0,0,0.0,0.0,0.0,0.0,0.0,0.0,0.0,0.0,0.0,0.0,0.0,0.0,0.0,0.0,0.0,0.0,0,-107875648.0,53,0.0,106,-107614832.0,-0.0,ERR,ERR,ERR,ERR,ERR,ERR,ERR,ERR,ERR,ERR,ERR,ERR,ERR,ERR,ERR,ERR,ERR,ERR,ERR,ERR,ERR,ERR,ERR,ERR,ERR,ERR,ERR,ERR,ERR,ERR,ERR,ERR,ERR,ERR,ERR,ERR,ERR,ERR,ERR,ERR,ERR,ERR,ERR,ERR,ERR,ERR,ERR,ERR,ERR,ERR,ERR,ERR,ERR,ERR,ERR,ERR,ERR,ERR,ERR,ERR,ERR,ERR,ERR,ERR,ERR,ERR,ERR,50.0,60.0,100,0.0,0.0,0.0,0.0,0.0,0.0,0.0,0.0,0.0,0.0,0.0,0.0,0.0,0.0,0.0,0.0,61.6,74,13,65511,50,65476,0,300,0,0,8,20529,65476,0,0,26214,60.0,0.0,0.0,0.0,0.0,0.0
2026-05-17T18:07:03,ERR,ERR,ERR,ERR,ERR,ERR,ERR,ERR,ERR,ERR,ERR,ERR,ERR,ERR,ERR,ERR,ERR,ERR,ERR,ERR,ERR,ERR,ERR,ERR,ERR,ERR,ERR,ERR,ERR,ERR,ERR,ERR,ERR,ERR,ERR,ERR,ERR,ERR,ERR,ERR,ERR,ERR,ERR,ERR,ERR,ERR,ERR,ERR,ERR,ERR,ERR,ERR,ERR,ERR,ERR,ERR,ERR,ERR,ERR,ERR,ERR,ERR,ERR,ERR,ERR,ERR,ERR,ERR,ERR,ERR,ERR,ERR,ERR,ERR,ERR,ERR,ERR,ERR,ERR,ERR,ERR,ERR,ERR,ERR,ERR,ERR,ERR,ERR,ERR,ERR,ERR,ERR,ERR,ERR,ERR,ERR,ERR,ERR,ERR,ERR,ERR,ERR,ERR,ERR,ERR,ERR,ERR,ERR,ERR,ERR,ERR,ERR,ERR,ERR,ERR,ERR,ERR,ERR,ERR,ERR,ERR,ERR,ERR,ERR,ERR,-107615288.0,-107615296.0,0.0,0.0,0.0,1.3936040501711995e+18,7.805,0.0,0,0,4,0,8422,0.0,45,0.0,0.0,0.0,0.0,0.0,0,0,0,0,0.0,0,0,0,0,0,0,0,0,0,0,0,0,0,0,0,0,0,0,0,0,0,0,0,0,0,0,0,0,0,0,0,0,0,38,14,7,45,65476,0,300,0,0,8,21553,0.0,-107605600.0,0.0,0.0,0.0,0.0,0.0,0.0,0.0,0.0,0.0,0.0,0.0,0.0,0.0,0.0,0.0,0.0,0.0,0.0,0.0,0.0,-2.004,0.0,2.004,-2.004,0.0,0.0,0.0,0.0,5045.0,-0.0,0.0,-107615288.0,-107615296.0,-0.0,2.718429300292151e+23,0.0,0.0,0.0,0.0,53,-0.0,-71.629,0.0,0.0,0.0,0.0,0.0,0.0,0.0,0,0,0,0.0,0.0,0.0,0.0,0.0,0.0,0.0,0.0,0.0,0.0,0.0,0.0,0.0,0.0,0.0,0.0,0,-107875648.0,53,0.0,106,-107614832.0,-0.0,ERR,ERR,ERR,ERR,ERR,ERR,ERR,ERR,ERR,ERR,ERR,ERR,ERR,ERR,ERR,ERR,ERR,ERR,ERR,ERR,ERR,ERR,ERR,ERR,ERR,ERR,ERR,ERR,ERR,ERR,ERR,ERR,ERR,ERR,ERR,ERR,ERR,ERR,ERR,ERR,ERR,ERR,ERR,ERR,ERR,ERR,ERR,ERR,ERR,ERR,ERR,ERR,ERR,ERR,ERR,ERR,ERR,ERR,ERR,ERR,ERR,ERR,ERR,ERR,ERR,ERR,ERR,50.0,60.0,100,0.0,0.0,0.0,0.0,0.0,0.0,0.0,0.0,0.0,0.0,0.0,0.0,0.0,0.0,0.0,0.0,62.0,74,13,65511,50,65476,0,300,0,0,8,20529,65476,0,0,26214,60.0,0.0,0.0,0.0,0.0,0.0
2026-05-17T18:07:04,ERR,ERR,ERR,ERR,ERR,ERR,ERR,ERR,ERR,ERR,ERR,ERR,ERR,ERR,ERR,ERR,ERR,ERR,ERR,ERR,ERR,ERR,ERR,ERR,ERR,ERR,ERR,ERR,ERR,ERR,ERR,ERR,ERR,ERR,ERR,ERR,ERR,ERR,ERR,ERR,ERR,ERR,ERR,ERR,ERR,ERR,ERR,ERR,ERR,ERR,ERR,ERR,ERR,ERR,ERR,ERR,ERR,ERR,ERR,ERR,ERR,ERR,ERR,ERR,ERR,ERR,ERR,ERR,ERR,ERR,ERR,ERR,ERR,ERR,ERR,ERR,ERR,ERR,ERR,ERR,ERR,ERR,ERR,ERR,ERR,ERR,ERR,ERR,ERR,ERR,ERR,ERR,ERR,ERR,ERR,ERR,ERR,ERR,ERR,ERR,ERR,ERR,ERR,ERR,ERR,ERR,ERR,ERR,ERR,ERR,ERR,ERR,ERR,ERR,ERR,ERR,ERR,ERR,ERR,ERR,ERR,ERR,ERR,ERR,ERR,-107615288.0,-107615296.0,0.0,0.0,0.0,1.3936040501711995e+18,7.805,0.0,0,0,4,0,8422,0.0,45,0.0,0.0,0.0,0.0,0.0,0,0,0,0,0.0,0,0,0,0,0,0,0,0,0,0,0,0,0,0,0,0,0,0,0,0,0,0,0,0,0,0,0,0,0,0,0,0,0,38,14,7,45,65476,0,300,0,0,8,21553,0.0,-107605600.0,0.0,0.0,0.0,0.0,0.0,0.0,0.0,0.0,0.0,0.0,0.0,0.0,0.0,0.0,0.0,0.0,0.0,0.0,0.0,0.0,-2.004,0.0,2.004,-2.004,0.0,0.0,0.0,0.0,5045.0,-0.0,0.0,-107615288.0,-107615296.0,-0.0,2.718429300292151e+23,0.0,0.0,0.0,0.0,53,-0.0,-71.629,0.0,0.0,0.0,0.0,0.0,0.0,0.0,0,0,0,0.0,0.0,0.0,0.0,0.0,0.0,0.0,0.0,0.0,0.0,0.0,0.0,0.0,0.0,0.0,0.0,0,-107875648.0,53,0.0,106,-107614832.0,-0.0,ERR,ERR,ERR,ERR,ERR,ERR,ERR,ERR,ERR,ERR,ERR,ERR,ERR,ERR,ERR,ERR,ERR,ERR,ERR,ERR,ERR,ERR,ERR,ERR,ERR,ERR,ERR,ERR,ERR,ERR,ERR,ERR,ERR,ERR,ERR,ERR,ERR,ERR,ERR,ERR,ERR,ERR,ERR,ERR,ERR,ERR,ERR,ERR,ERR,ERR,ERR,ERR,ERR,ERR,ERR,ERR,ERR,ERR,ERR,ERR,ERR,ERR,ERR,ERR,ERR,ERR,ERR,50.0,60.0,100,0.0,0.0,0.0,0.0,0.0,0.0,0.0,0.0,0.0,0.0,0.0,0.0,0.0,0.0,0.0,0.0,62.0,74,13,65511,50,65476,0,300,0,0,8,20529,65476,0,0,26214,60.0,0.0,0.0,0.0,0.0,0.0
2026-05-17T18:07:05,ERR,ERR,ERR,ERR,ERR,ERR,ERR,ERR,ERR,ERR,ERR,ERR,ERR,ERR,ERR,ERR,ERR,ERR,ERR,ERR,ERR,ERR,ERR,ERR,ERR,ERR,ERR,ERR,ERR,ERR,ERR,ERR,ERR,ERR,ERR,ERR,ERR,ERR,ERR,ERR,ERR,ERR,ERR,ERR,ERR,ERR,ERR,ERR,ERR,ERR,ERR,ERR,ERR,ERR,ERR,ERR,ERR,ERR,ERR,ERR,ERR,ERR,ERR,ERR,ERR,ERR,ERR,ERR,ERR,ERR,ERR,ERR,ERR,ERR,ERR,ERR,ERR,ERR,ERR,ERR,ERR,ERR,ERR,ERR,ERR,ERR,ERR,ERR,ERR,ERR,ERR,ERR,ERR,ERR,ERR,ERR,ERR,ERR,ERR,ERR,ERR,ERR,ERR,ERR,ERR,ERR,ERR,ERR,ERR,ERR,ERR,ERR,ERR,ERR,ERR,ERR,ERR,ERR,ERR,ERR,ERR,ERR,ERR,ERR,ERR,-107615288.0,-107615296.0,0.0,0.0,0.0,1.3936040501711995e+18,7.805,0.0,0,0,4,0,8422,0.0,45,0.0,0.0,0.0,0.0,0.0,0,0,0,0,0.0,0,0,0,0,0,0,0,0,0,0,0,0,0,0,0,0,0,0,0,0,0,0,0,0,0,0,0,0,0,0,0,0,0,38,14,7,45,65476,0,300,0,0,8,21553,0.0,-107605600.0,0.0,0.0,0.0,0.0,0.0,0.0,0.0,0.0,0.0,0.0,0.0,0.0,0.0,0.0,0.0,0.0,0.0,0.0,0.0,0.0,-2.004,0.0,2.004,-2.004,0.0,0.0,0.0,0.0,5045.0,-0.0,0.0,-107615288.0,-107615296.0,-0.0,2.718429300292151e+23,0.0,0.0,0.0,0.0,53,-0.0,-71.629,0.0,0.0,0.0,0.0,0.0,0.0,0.0,0,0,0,0.0,0.0,0.0,0.0,0.0,0.0,0.0,0.0,0.0,0.0,0.0,0.0,0.0,0.0,0.0,0.0,0,-107875648.0,53,0.0,106,-107614832.0,-0.0,ERR,ERR,ERR,ERR,ERR,ERR,ERR,ERR,ERR,ERR,ERR,ERR,ERR,ERR,ERR,ERR,ERR,ERR,ERR,ERR,ERR,ERR,ERR,ERR,ERR,ERR,ERR,ERR,ERR,ERR,ERR,ERR,ERR,ERR,ERR,ERR,ERR,ERR,ERR,ERR,ERR,ERR,ERR,ERR,ERR,ERR,ERR,ERR,ERR,ERR,ERR,ERR,ERR,ERR,ERR,ERR,ERR,ERR,ERR,ERR,ERR,ERR,ERR,ERR,ERR,ERR,ERR,50.0,60.0,100,0.0,0.0,0.0,0.0,0.0,0.0,0.0,0.0,0.0,0.0,0.0,0.0,0.0,0.0,0.0,0.0,61.6,74,13,65511,50,65476,0,300,0,0,8,20529,65476,0,0,26214,60.0,0.0,0.0,0.0,0.0,0.0
2026-05-17T18:07:06,ERR,ERR,ERR,ERR,ERR,ERR,ERR,ERR,ERR,ERR,ERR,ERR,ERR,ERR,ERR,ERR,ERR,ERR,ERR,ERR,ERR,ERR,ERR,ERR,ERR,ERR,ERR,ERR,ERR,ERR,ERR,ERR,ERR,ERR,ERR,ERR,ERR,ERR,ERR,ERR,ERR,ERR,ERR,ERR,ERR,ERR,ERR,ERR,ERR,ERR,ERR,ERR,ERR,ERR,ERR,ERR,ERR,ERR,ERR,ERR,ERR,ERR,ERR,ERR,ERR,ERR,ERR,ERR,ERR,ERR,ERR,ERR,ERR,ERR,ERR,ERR,ERR,ERR,ERR,ERR,ERR,ERR,ERR,ERR,ERR,ERR,ERR,ERR,ERR,ERR,ERR,ERR,ERR,ERR,ERR,ERR,ERR,ERR,ERR,ERR,ERR,ERR,ERR,ERR,ERR,ERR,ERR,ERR,ERR,ERR,ERR,ERR,ERR,ERR,ERR,ERR,ERR,ERR,ERR,ERR,ERR,ERR,ERR,ERR,ERR,-107615288.0,-107615296.0,0.0,0.0,0.0,1.3936040501711995e+18,7.805,0.0,0,0,4,0,8422,0.0,45,0.0,0.0,0.0,0.0,0.0,0,0,0,0,0.0,0,0,0,0,0,0,0,0,0,0,0,0,0,0,0,0,0,0,0,0,0,0,0,0,0,0,0,0,0,0,0,0,0,38,14,7,45,65476,0,300,0,0,8,21553,0.0,-107605600.0,0.0,0.0,0.0,0.0,0.0,0.0,0.0,0.0,0.0,0.0,0.0,0.0,0.0,0.0,0.0,0.0,0.0,0.0,0.0,0.0,-2.004,0.0,2.004,-2.004,0.0,0.0,0.0,0.0,5045.0,-0.0,0.0,-107615288.0,-107615296.0,-0.0,2.718429300292151e+23,0.0,0.0,0.0,0.0,53,-0.0,-71.629,0.0,0.0,0.0,0.0,0.0,0.0,0.0,0,0,0,0.0,0.0,0.0,0.0,0.0,0.0,0.0,0.0,0.0,0.0,0.0,0.0,0.0,0.0,0.0,0.0,0,-107875648.0,53,0.0,106,-107614832.0,-0.0,ERR,ERR,ERR,ERR,ERR,ERR,ERR,ERR,ERR,ERR,ERR,ERR,ERR,ERR,ERR,ERR,ERR,ERR,ERR,ERR,ERR,ERR,ERR,ERR,ERR,ERR,ERR,ERR,ERR,ERR,ERR,ERR,ERR,ERR,ERR,ERR,ERR,ERR,ERR,ERR,ERR,ERR,ERR,ERR,ERR,ERR,ERR,ERR,ERR,ERR,ERR,ERR,ERR,ERR,ERR,ERR,ERR,ERR,ERR,ERR,ERR,ERR,ERR,ERR,ERR,ERR,ERR,50.0,60.0,100,0.0,0.0,0.0,0.0,0.0,0.0,0.0,0.0,0.0,0.0,0.0,0.0,0.0,0.0,0.0,0.0,61.6,74,13,65511,50,65476,0,300,0,0,8,20529,65476,0,0,26214,60.0,0.0,0.0,0.0,0.0,0.0
2026-05-17T18:07:07,ERR,ERR,ERR,ERR,ERR,ERR,ERR,ERR,ERR,ERR,ERR,ERR,ERR,ERR,ERR,ERR,ERR,ERR,ERR,ERR,ERR,ERR,ERR,ERR,ERR,ERR,ERR,ERR,ERR,ERR,ERR,ERR,ERR,ERR,ERR,ERR,ERR,ERR,ERR,ERR,ERR,ERR,ERR,ERR,ERR,ERR,ERR,ERR,ERR,ERR,ERR,ERR,ERR,ERR,ERR,ERR,ERR,ERR,ERR,ERR,ERR,ERR,ERR,ERR,ERR,ERR,ERR,ERR,ERR,ERR,ERR,ERR,ERR,ERR,ERR,ERR,ERR,ERR,ERR,ERR,ERR,ERR,ERR,ERR,ERR,ERR,ERR,ERR,ERR,ERR,ERR,ERR,ERR,ERR,ERR,ERR,ERR,ERR,ERR,ERR,ERR,ERR,ERR,ERR,ERR,ERR,ERR,ERR,ERR,ERR,ERR,ERR,ERR,ERR,ERR,ERR,ERR,ERR,ERR,ERR,ERR,ERR,ERR,ERR,ERR,-107615288.0,-107615296.0,0.0,0.0,0.0,1.3936040501711995e+18,7.805,0.0,0,0,4,0,8422,0.0,45,0.0,0.0,0.0,0.0,0.0,0,0,0,0,0.0,0,0,0,0,0,0,0,0,0,0,0,0,0,0,0,0,0,0,0,0,0,0,0,0,0,0,0,0,0,0,0,0,0,38,14,7,45,65476,0,300,0,0,8,21553,0.0,-107605600.0,0.0,0.0,0.0,0.0,0.0,0.0,0.0,0.0,0.0,0.0,0.0,0.0,0.0,0.0,0.0,0.0,0.0,0.0,0.0,0.0,-2.004,0.0,2.004,-2.004,0.0,0.0,0.0,0.0,5052.0,-0.0,0.0,-107615288.0,-107615296.0,-0.0,0.0,0.0,0.0,0.0,0.0,53,-0.0,-4.950401904804668e+32,0.0,0.0,0.0,0.0,0.0,0.0,0.0,0,0,0,0.0,0.0,0.0,0.0,0.0,0.0,0.0,0.0,0.0,0.0,0.0,0.0,0.0,0.0,0.0,0.0,0,-107875648.0,53,0.0,106,-107614832.0,-0.0,ERR,ERR,ERR,ERR,ERR,ERR,ERR,ERR,ERR,ERR,ERR,ERR,ERR,ERR,ERR,ERR,ERR,ERR,ERR,ERR,ERR,ERR,ERR,ERR,ERR,ERR,ERR,ERR,ERR,ERR,ERR,ERR,ERR,ERR,ERR,ERR,ERR,ERR,ERR,ERR,ERR,ERR,ERR,ERR,ERR,ERR,ERR,ERR,ERR,ERR,ERR,ERR,ERR,ERR,ERR,ERR,ERR,ERR,ERR,ERR,ERR,ERR,ERR,ERR,ERR,ERR,ERR,50.0,60.0,100,0.0,0.0,0.0,0.0,0.0,0.0,0.0,0.0,0.0,0.0,0.0,0.0,0.0,0.0,0.0,0.0,61.6,74,13,65511,50,65476,0,300,0,0,8,20529,65476,0,0,26214,60.0,0.0,0.0,0.0,0.0,0.0
2026-05-17T18:07:08,ERR,ERR,ERR,ERR,ERR,ERR,ERR,ERR,ERR,ERR,ERR,ERR,ERR,ERR,ERR,ERR,ERR,ERR,ERR,ERR,ERR,ERR,ERR,ERR,ERR,ERR,ERR,ERR,ERR,ERR,ERR,ERR,ERR,ERR,ERR,ERR,ERR,ERR,ERR,ERR,ERR,ERR,ERR,ERR,ERR,ERR,ERR,ERR,ERR,ERR,ERR,ERR,ERR,ERR,ERR,ERR,ERR,ERR,ERR,ERR,ERR,ERR,ERR,ERR,ERR,ERR,ERR,ERR,ERR,ERR,ERR,ERR,ERR,ERR,ERR,ERR,ERR,ERR,ERR,ERR,ERR,ERR,ERR,ERR,ERR,ERR,ERR,ERR,ERR,ERR,ERR,ERR,ERR,ERR,ERR,ERR,ERR,ERR,ERR,ERR,ERR,ERR,ERR,ERR,ERR,ERR,ERR,ERR,ERR,ERR,ERR,ERR,ERR,ERR,ERR,ERR,ERR,ERR,ERR,ERR,ERR,ERR,ERR,ERR,ERR,-107615288.0,-107615296.0,0.0,0.0,0.0,1.3936040501711995e+18,7.805,0.0,0,0,4,0,8422,0.0,45,0.0,0.0,0.0,0.0,0.0,0,0,0,0,0.0,0,0,0,0,0,0,0,0,0,0,0,0,0,0,0,0,0,0,0,0,0,0,0,0,0,0,0,0,0,0,0,0,0,38,14,7,45,65476,0,300,0,0,8,21553,0.0,-107605600.0,0.0,0.0,0.0,0.0,0.0,0.0,0.0,0.0,0.0,0.0,0.0,0.0,0.0,0.0,0.0,0.0,0.0,0.0,0.0,0.0,-2.004,0.0,2.004,-2.004,0.0,0.0,0.0,0.0,5052.0,-0.0,0.0,-107615288.0,-107615296.0,-0.0,0.0,0.0,0.0,0.0,0.0,53,-0.0,-4.950401904804668e+32,0.0,0.0,0.0,0.0,0.0,0.0,0.0,0,0,0,0.0,0.0,0.0,0.0,0.0,0.0,0.0,0.0,0.0,0.0,0.0,0.0,0.0,0.0,0.0,0.0,0,-107875648.0,53,0.0,106,-107614832.0,-0.0,ERR,ERR,ERR,ERR,ERR,ERR,ERR,ERR,ERR,ERR,ERR,ERR,ERR,ERR,ERR,ERR,ERR,ERR,ERR,ERR,ERR,ERR,ERR,ERR,ERR,ERR,ERR,ERR,ERR,ERR,ERR,ERR,ERR,ERR,ERR,ERR,ERR,ERR,ERR,ERR,ERR,ERR,ERR,ERR,ERR,ERR,ERR,ERR,ERR,ERR,ERR,ERR,ERR,ERR,ERR,ERR,ERR,ERR,ERR,ERR,ERR,ERR,ERR,ERR,ERR,ERR,ERR,50.0,60.0,100,0.0,0.0,0.0,0.0,0.0,0.0,0.0,0.0,0.0,0.0,0.0,0.0,0.0,0.0,0.0,0.0,61.6,74,13,65511,50,65476,0,300,0,0,8,20529,65476,0,0,26214,60.0,0.0,0.0,0.0,0.0,0.0
2026-05-17T18:07:09,ERR,ERR,ERR,ERR,ERR,ERR,ERR,ERR,ERR,ERR,ERR,ERR,ERR,ERR,ERR,ERR,ERR,ERR,ERR,ERR,ERR,ERR,ERR,ERR,ERR,ERR,ERR,ERR,ERR,ERR,ERR,ERR,ERR,ERR,ERR,ERR,ERR,ERR,ERR,ERR,ERR,ERR,ERR,ERR,ERR,ERR,ERR,ERR,ERR,ERR,ERR,ERR,ERR,ERR,ERR,ERR,ERR,ERR,ERR,ERR,ERR,ERR,ERR,ERR,ERR,ERR,ERR,ERR,ERR,ERR,ERR,ERR,ERR,ERR,ERR,ERR,ERR,ERR,ERR,ERR,ERR,ERR,ERR,ERR,ERR,ERR,ERR,ERR,ERR,ERR,ERR,ERR,ERR,ERR,ERR,ERR,ERR,ERR,ERR,ERR,ERR,ERR,ERR,ERR,ERR,ERR,ERR,ERR,ERR,ERR,ERR,ERR,ERR,ERR,ERR,ERR,ERR,ERR,ERR,ERR,ERR,ERR,ERR,ERR,ERR,-107615288.0,-107615296.0,0.0,0.0,0.0,1.3936040501711995e+18,7.805,0.0,0,0,4,0,8422,0.0,45,0.0,0.0,0.0,0.0,0.0,0,0,0,0,0.0,0,0,0,0,0,0,0,0,0,0,0,0,0,0,0,0,0,0,0,0,0,0,0,0,0,0,0,0,0,0,0,0,0,38,14,7,45,65476,0,300,0,0,8,21553,0.0,-107605600.0,0.0,0.0,0.0,0.0,0.0,0.0,0.0,0.0,0.0,0.0,0.0,0.0,0.0,0.0,0.0,0.0,0.0,0.0,0.0,0.0,-2.004,0.0,2.004,-2.004,0.0,0.0,0.0,0.0,5052.0,-0.0,0.0,-107615288.0,-107615296.0,-0.0,0.0,0.0,0.0,0.0,0.0,53,-0.0,-4.950401904804668e+32,0.0,0.0,0.0,0.0,0.0,0.0,0.0,0,0,0,0.0,0.0,0.0,0.0,0.0,0.0,0.0,0.0,0.0,0.0,0.0,0.0,0.0,0.0,0.0,0.0,0,-107875648.0,53,0.0,106,-107614832.0,-0.0,ERR,ERR,ERR,ERR,ERR,ERR,ERR,ERR,ERR,ERR,ERR,ERR,ERR,ERR,ERR,ERR,ERR,ERR,ERR,ERR,ERR,ERR,ERR,ERR,ERR,ERR,ERR,ERR,ERR,ERR,ERR,ERR,ERR,ERR,ERR,ERR,ERR,ERR,ERR,ERR,ERR,ERR,ERR,ERR,ERR,ERR,ERR,ERR,ERR,ERR,ERR,ERR,ERR,ERR,ERR,ERR,ERR,ERR,ERR,ERR,ERR,ERR,ERR,ERR,ERR,ERR,ERR,50.0,60.0,100,0.0,0.0,0.0,0.0,0.0,0.0,0.0,0.0,0.0,0.0,0.0,0.0,0.0,0.0,0.0,0.0,62.0,74,13,65511,50,65476,0,300,0,0,8,20529,65476,0,0,26214,60.0,0.0,0.0,0.0,0.0,0.0
2026-05-17T18:07:10,ERR,ERR,ERR,ERR,ERR,ERR,ERR,ERR,ERR,ERR,ERR,ERR,ERR,ERR,ERR,ERR,ERR,ERR,ERR,ERR,ERR,ERR,ERR,ERR,ERR,ERR,ERR,ERR,ERR,ERR,ERR,ERR,ERR,ERR,ERR,ERR,ERR,ERR,ERR,ERR,ERR,ERR,ERR,ERR,ERR,ERR,ERR,ERR,ERR,ERR,ERR,ERR,ERR,ERR,ERR,ERR,ERR,ERR,ERR,ERR,ERR,ERR,ERR,ERR,ERR,ERR,ERR,ERR,ERR,ERR,ERR,ERR,ERR,ERR,ERR,ERR,ERR,ERR,ERR,ERR,ERR,ERR,ERR,ERR,ERR,ERR,ERR,ERR,ERR,ERR,ERR,ERR,ERR,ERR,ERR,ERR,ERR,ERR,ERR,ERR,ERR,ERR,ERR,ERR,ERR,ERR,ERR,ERR,ERR,ERR,ERR,ERR,ERR,ERR,ERR,ERR,ERR,ERR,ERR,ERR,ERR,ERR,ERR,ERR,ERR,-107615288.0,-107615296.0,0.0,0.0,0.0,1.3936040501711995e+18,7.805,0.0,0,0,4,0,8422,0.0,45,0.0,0.0,0.0,0.0,0.0,0,0,0,0,0.0,0,0,0,0,0,0,0,0,0,0,0,0,0,0,0,0,0,0,0,0,0,0,0,0,0,0,0,0,0,0,0,0,0,38,14,7,45,65476,0,300,0,0,8,21553,0.0,-107605600.0,0.0,0.0,0.0,0.0,0.0,0.0,0.0,0.0,0.0,0.0,0.0,0.0,0.0,0.0,0.0,0.0,0.0,0.0,0.0,0.0,-2.004,0.0,2.004,-2.004,0.0,0.0,0.0,0.0,5052.0,-0.0,0.0,-107615288.0,-107615296.0,-0.0,0.0,0.0,0.0,0.0,0.0,53,-0.0,-4.950401904804668e+32,0.0,0.0,0.0,0.0,0.0,0.0,0.0,0,0,0,0.0,0.0,0.0,0.0,0.0,0.0,0.0,0.0,0.0,0.0,0.0,0.0,0.0,0.0,0.0,0.0,0,-107875648.0,53,0.0,106,-107614832.0,-0.0,ERR,ERR,ERR,ERR,ERR,ERR,ERR,ERR,ERR,ERR,ERR,ERR,ERR,ERR,ERR,ERR,ERR,ERR,ERR,ERR,ERR,ERR,ERR,ERR,ERR,ERR,ERR,ERR,ERR,ERR,ERR,ERR,ERR,ERR,ERR,ERR,ERR,ERR,ERR,ERR,ERR,ERR,ERR,ERR,ERR,ERR,ERR,ERR,ERR,ERR,ERR,ERR,ERR,ERR,ERR,ERR,ERR,ERR,ERR,ERR,ERR,ERR,ERR,ERR,ERR,ERR,ERR,50.0,60.0,100,0.0,0.0,0.0,0.0,0.0,0.0,0.0,0.0,0.0,0.0,0.0,0.0,0.0,0.0,0.0,0.0,61.6,74,13,65511,50,65476,0,300,0,0,8,20529,65476,0,0,26214,60.0,0.0,0.0,0.0,0.0,0.0
2026-05-17T18:07:11,ERR,ERR,ERR,ERR,ERR,ERR,ERR,ERR,ERR,ERR,ERR,ERR,ERR,ERR,ERR,ERR,ERR,ERR,ERR,ERR,ERR,ERR,ERR,ERR,ERR,ERR,ERR,ERR,ERR,ERR,ERR,ERR,ERR,ERR,ERR,ERR,ERR,ERR,ERR,ERR,ERR,ERR,ERR,ERR,ERR,ERR,ERR,ERR,ERR,ERR,ERR,ERR,ERR,ERR,ERR,ERR,ERR,ERR,ERR,ERR,ERR,ERR,ERR,ERR,ERR,ERR,ERR,ERR,ERR,ERR,ERR,ERR,ERR,ERR,ERR,ERR,ERR,ERR,ERR,ERR,ERR,ERR,ERR,ERR,ERR,ERR,ERR,ERR,ERR,ERR,ERR,ERR,ERR,ERR,ERR,ERR,ERR,ERR,ERR,ERR,ERR,ERR,ERR,ERR,ERR,ERR,ERR,ERR,ERR,ERR,ERR,ERR,ERR,ERR,ERR,ERR,ERR,ERR,ERR,ERR,ERR,ERR,ERR,ERR,ERR,-107615288.0,-107615296.0,0.0,0.0,0.0,1.3936040501711995e+18,7.805,0.0,0,0,4,0,8422,0.0,45,0.0,0.0,0.0,0.0,0.0,0,0,0,0,0.0,0,0,0,0,0,0,0,0,0,0,0,0,0,0,0,0,0,0,0,0,0,0,0,0,0,0,0,0,0,0,0,0,0,38,14,7,45,65476,0,300,0,0,8,21553,0.0,-107605600.0,0.0,0.0,0.0,0.0,0.0,0.0,0.0,0.0,0.0,0.0,0.0,0.0,0.0,0.0,0.0,0.0,0.0,0.0,0.0,0.0,-2.004,0.0,2.004,-2.004,0.0,0.0,0.0,0.0,5052.0,-0.0,0.0,-107615288.0,-107615296.0,-0.0,0.0,0.0,0.0,0.0,0.0,53,-0.0,-4.950401904804668e+32,0.0,0.0,0.0,0.0,0.0,0.0,0.0,0,0,0,0.0,0.0,0.0,0.0,0.0,0.0,0.0,0.0,0.0,0.0,0.0,0.0,0.0,0.0,0.0,0.0,0,-107875648.0,53,0.0,106,-107614832.0,-0.0,ERR,ERR,ERR,ERR,ERR,ERR,ERR,ERR,ERR,ERR,ERR,ERR,ERR,ERR,ERR,ERR,ERR,ERR,ERR,ERR,ERR,ERR,ERR,ERR,ERR,ERR,ERR,ERR,ERR,ERR,ERR,ERR,ERR,ERR,ERR,ERR,ERR,ERR,ERR,ERR,ERR,ERR,ERR,ERR,ERR,ERR,ERR,ERR,ERR,ERR,ERR,ERR,ERR,ERR,ERR,ERR,ERR,ERR,ERR,ERR,ERR,ERR,ERR,ERR,ERR,ERR,ERR,50.0,60.0,100,0.0,0.0,0.0,0.0,0.0,0.0,0.0,0.0,0.0,0.0,0.0,0.0,0.0,0.0,0.0,0.0,61.6,74,13,65511,50,65476,0,300,0,0,8,20529,65476,0,0,26214,60.0,0.0,0.0,0.0,0.0,0.0
2026-05-17T18:07:12,ERR,ERR,ERR,ERR,ERR,ERR,ERR,ERR,ERR,ERR,ERR,ERR,ERR,ERR,ERR,ERR,ERR,ERR,ERR,ERR,ERR,ERR,ERR,ERR,ERR,ERR,ERR,ERR,ERR,ERR,ERR,ERR,ERR,ERR,ERR,ERR,ERR,ERR,ERR,ERR,ERR,ERR,ERR,ERR,ERR,ERR,ERR,ERR,ERR,ERR,ERR,ERR,ERR,ERR,ERR,ERR,ERR,ERR,ERR,ERR,ERR,ERR,ERR,ERR,ERR,ERR,ERR,ERR,ERR,ERR,ERR,ERR,ERR,ERR,ERR,ERR,ERR,ERR,ERR,ERR,ERR,ERR,ERR,ERR,ERR,ERR,ERR,ERR,ERR,ERR,ERR,ERR,ERR,ERR,ERR,ERR,ERR,ERR,ERR,ERR,ERR,ERR,ERR,ERR,ERR,ERR,ERR,ERR,ERR,ERR,ERR,ERR,ERR,ERR,ERR,ERR,ERR,ERR,ERR,ERR,ERR,ERR,ERR,ERR,ERR,-107615288.0,-0.0,-134474944.0,0.0,0.0,1.3936040501711995e+18,7.805,0.0,0,0,4,0,8422,0.0,45,0.0,0.0,0.0,0.0,0.0,0,0,0,0,0.0,0,0,0,0,0,0,0,0,0,0,0,0,0,0,0,0,0,0,0,0,0,0,0,0,0,0,0,0,0,0,0,0,0,38,14,7,45,65476,0,300,0,0,8,21553,0.0,-107605600.0,0.0,0.0,0.0,0.0,0.0,0.0,0.0,0.0,0.0,0.0,0.0,0.0,0.0,0.0,0.0,0.0,0.0,0.0,0.0,0.0,-2.004,0.0,2.004,-2.004,0.0,0.0,0.0,0.0,5078.0,0.0,0.0,-107615288.0,-107615296.0,-0.0,0.0,0.0,0.0,0.0,0.0,53,-0.0,126840553472.0,0.0,0.0,0.0,0.0,0.0,0.0,0.0,0,0,0,0.0,0.0,0.0,0.0,0.0,0.0,0.0,0.0,0.0,0.0,0.0,0.0,0.0,0.0,0.0,0.0,0,-107875648.0,53,0.0,106,-107614832.0,-0.0,ERR,ERR,ERR,ERR,ERR,ERR,ERR,ERR,ERR,ERR,ERR,ERR,ERR,ERR,ERR,ERR,ERR,ERR,ERR,ERR,ERR,ERR,ERR,ERR,ERR,ERR,ERR,ERR,ERR,ERR,ERR,ERR,ERR,ERR,ERR,ERR,ERR,ERR,ERR,ERR,ERR,ERR,ERR,ERR,ERR,ERR,ERR,ERR,ERR,ERR,ERR,ERR,ERR,ERR,ERR,ERR,ERR,ERR,ERR,ERR,ERR,ERR,ERR,ERR,ERR,ERR,ERR,50.0,60.0,100,0.0,0.0,0.0,0.0,0.0,0.0,0.0,0.0,0.0,0.0,0.0,0.0,0.0,0.0,0.0,0.0,61.6,74,13,65511,50,65476,0,300,0,0,8,20529,65476,0,0,26214,60.0,0.0,0.0,0.0,0.0,0.0
2026-05-17T18:07:13,ERR,ERR,ERR,ERR,ERR,ERR,ERR,ERR,ERR,ERR,ERR,ERR,ERR,ERR,ERR,ERR,ERR,ERR,ERR,ERR,ERR,ERR,ERR,ERR,ERR,ERR,ERR,ERR,ERR,ERR,ERR,ERR,ERR,ERR,ERR,ERR,ERR,ERR,ERR,ERR,ERR,ERR,ERR,ERR,ERR,ERR,ERR,ERR,ERR,ERR,ERR,ERR,ERR,ERR,ERR,ERR,ERR,ERR,ERR,ERR,ERR,ERR,ERR,ERR,ERR,ERR,ERR,ERR,ERR,ERR,ERR,ERR,ERR,ERR,ERR,ERR,ERR,ERR,ERR,ERR,ERR,ERR,ERR,ERR,ERR,ERR,ERR,ERR,ERR,ERR,ERR,ERR,ERR,ERR,ERR,ERR,ERR,ERR,ERR,ERR,ERR,ERR,ERR,ERR,ERR,ERR,ERR,ERR,ERR,ERR,ERR,ERR,ERR,ERR,ERR,ERR,ERR,ERR,ERR,ERR,ERR,ERR,ERR,ERR,ERR,-107615288.0,-0.0,-134474944.0,0.0,0.0,1.3936040501711995e+18,7.805,0.0,0,0,4,0,8422,0.0,45,0.0,0.0,0.0,0.0,0.0,0,0,0,0,0.0,0,0,0,0,0,0,0,0,0,0,0,0,0,0,0,0,0,0,0,0,0,0,0,0,0,0,0,0,0,0,0,0,0,38,14,7,45,65476,0,300,0,0,8,21553,0.0,-107605600.0,0.0,0.0,0.0,0.0,0.0,0.0,0.0,0.0,0.0,0.0,0.0,0.0,0.0,0.0,0.0,0.0,0.0,0.0,0.0,0.0,-2.004,0.0,2.004,-2.004,0.0,0.0,0.0,0.0,5078.0,0.0,0.0,-107615288.0,-107615296.0,-0.0,0.0,0.0,0.0,0.0,0.0,53,-0.0,126840553472.0,0.0,0.0,0.0,0.0,0.0,0.0,0.0,0,0,0,0.0,0.0,0.0,0.0,0.0,0.0,0.0,0.0,0.0,0.0,0.0,0.0,0.0,0.0,0.0,0.0,0,-107875648.0,53,0.0,106,-107614832.0,-0.0,ERR,ERR,ERR,ERR,ERR,ERR,ERR,ERR,ERR,ERR,ERR,ERR,ERR,ERR,ERR,ERR,ERR,ERR,ERR,ERR,ERR,ERR,ERR,ERR,ERR,ERR,ERR,ERR,ERR,ERR,ERR,ERR,ERR,ERR,ERR,ERR,ERR,ERR,ERR,ERR,ERR,ERR,ERR,ERR,ERR,ERR,ERR,ERR,ERR,ERR,ERR,ERR,ERR,ERR,ERR,ERR,ERR,ERR,ERR,ERR,ERR,ERR,ERR,ERR,ERR,ERR,ERR,50.0,60.0,100,0.0,0.0,0.0,0.0,0.0,0.0,0.0,0.0,0.0,0.0,0.0,0.0,0.0,0.0,0.0,0.0,61.6,74,13,65511,50,65476,0,300,0,0,8,20529,65476,0,0,26214,60.0,0.0,0.0,0.0,0.0,0.0
2026-05-17T18:07:14,ERR,ERR,ERR,ERR,ERR,ERR,ERR,ERR,ERR,ERR,ERR,ERR,ERR,ERR,ERR,ERR,ERR,ERR,ERR,ERR,ERR,ERR,ERR,ERR,ERR,ERR,ERR,ERR,ERR,ERR,ERR,ERR,ERR,ERR,ERR,ERR,ERR,ERR,ERR,ERR,ERR,ERR,ERR,ERR,ERR,ERR,ERR,ERR,ERR,ERR,ERR,ERR,ERR,ERR,ERR,ERR,ERR,ERR,ERR,ERR,ERR,ERR,ERR,ERR,ERR,ERR,ERR,ERR,ERR,ERR,ERR,ERR,ERR,ERR,ERR,ERR,ERR,ERR,ERR,ERR,ERR,ERR,ERR,ERR,ERR,ERR,ERR,ERR,ERR,ERR,ERR,ERR,ERR,ERR,ERR,ERR,ERR,ERR,ERR,ERR,ERR,ERR,ERR,ERR,ERR,ERR,ERR,ERR,ERR,ERR,ERR,ERR,ERR,ERR,ERR,ERR,ERR,ERR,ERR,ERR,ERR,ERR,ERR,ERR,ERR,-107615288.0,-0.0,-134474944.0,0.0,0.0,1.3936040501711995e+18,7.805,0.0,0,0,4,0,8422,0.0,45,0.0,0.0,0.0,0.0,0.0,0,0,0,0,0.0,0,0,0,0,0,0,0,0,0,0,0,0,0,0,0,0,0,0,0,0,0,0,0,0,0,0,0,0,0,0,0,0,0,38,14,7,45,65476,0,300,0,0,8,21553,0.0,-107605600.0,0.0,0.0,0.0,0.0,0.0,0.0,0.0,0.0,0.0,0.0,0.0,0.0,0.0,0.0,0.0,0.0,0.0,0.0,0.0,0.0,-2.004,0.0,2.004,-2.004,0.0,0.0,0.0,0.0,5078.0,0.0,0.0,-107615288.0,-107615296.0,-0.0,0.0,0.0,0.0,0.0,0.0,53,-0.0,126840553472.0,0.0,0.0,0.0,0.0,0.0,0.0,0.0,0,0,0,0.0,0.0,0.0,0.0,0.0,0.0,0.0,0.0,0.0,0.0,0.0,0.0,0.0,0.0,0.0,0.0,0,-107875648.0,53,0.0,106,-107614832.0,-0.0,ERR,ERR,ERR,ERR,ERR,ERR,ERR,ERR,ERR,ERR,ERR,ERR,ERR,ERR,ERR,ERR,ERR,ERR,ERR,ERR,ERR,ERR,ERR,ERR,ERR,ERR,ERR,ERR,ERR,ERR,ERR,ERR,ERR,ERR,ERR,ERR,ERR,ERR,ERR,ERR,ERR,ERR,ERR,ERR,ERR,ERR,ERR,ERR,ERR,ERR,ERR,ERR,ERR,ERR,ERR,ERR,ERR,ERR,ERR,ERR,ERR,ERR,ERR,ERR,ERR,ERR,ERR,50.0,60.0,100,0.0,0.0,0.0,0.0,0.0,0.0,0.0,0.0,0.0,0.0,0.0,0.0,0.0,0.0,0.0,0.0,61.6,74,13,65511,50,65476,0,300,0,0,8,20529,65476,0,0,26214,60.0,0.0,0.0,0.0,0.0,0.0
2026-05-17T18:07:15,ERR,ERR,ERR,ERR,ERR,ERR,ERR,ERR,ERR,ERR,ERR,ERR,ERR,ERR,ERR,ERR,ERR,ERR,ERR,ERR,ERR,ERR,ERR,ERR,ERR,ERR,ERR,ERR,ERR,ERR,ERR,ERR,ERR,ERR,ERR,ERR,ERR,ERR,ERR,ERR,ERR,ERR,ERR,ERR,ERR,ERR,ERR,ERR,ERR,ERR,ERR,ERR,ERR,ERR,ERR,ERR,ERR,ERR,ERR,ERR,ERR,ERR,ERR,ERR,ERR,ERR,ERR,ERR,ERR,ERR,ERR,ERR,ERR,ERR,ERR,ERR,ERR,ERR,ERR,ERR,ERR,ERR,ERR,ERR,ERR,ERR,ERR,ERR,ERR,ERR,ERR,ERR,ERR,ERR,ERR,ERR,ERR,ERR,ERR,ERR,ERR,ERR,ERR,ERR,ERR,ERR,ERR,ERR,ERR,ERR,ERR,ERR,ERR,ERR,ERR,ERR,ERR,ERR,ERR,ERR,ERR,ERR,ERR,ERR,ERR,-107615288.0,-0.0,-134474944.0,0.0,0.0,1.3936040501711995e+18,7.805,0.0,0,0,4,0,8422,0.0,45,0.0,0.0,0.0,0.0,0.0,0,0,0,0,0.0,0,0,0,0,0,0,0,0,0,0,0,0,0,0,0,0,0,0,0,0,0,0,0,0,0,0,0,0,0,0,0,0,0,38,14,7,45,65476,0,300,0,0,8,21553,0.0,-107605600.0,0.0,0.0,0.0,0.0,0.0,0.0,0.0,0.0,0.0,0.0,0.0,0.0,0.0,0.0,0.0,0.0,0.0,0.0,0.0,0.0,-2.004,0.0,2.004,-2.004,0.0,0.0,0.0,0.0,5078.0,0.0,0.0,-107615288.0,-107615296.0,-0.0,0.0,0.0,0.0,0.0,0.0,53,-0.0,126840553472.0,0.0,0.0,0.0,0.0,0.0,0.0,0.0,0,0,0,0.0,0.0,0.0,0.0,0.0,0.0,0.0,0.0,0.0,0.0,0.0,0.0,0.0,0.0,0.0,0.0,0,-107875648.0,53,0.0,106,-107614832.0,-0.0,ERR,ERR,ERR,ERR,ERR,ERR,ERR,ERR,ERR,ERR,ERR,ERR,ERR,ERR,ERR,ERR,ERR,ERR,ERR,ERR,ERR,ERR,ERR,ERR,ERR,ERR,ERR,ERR,ERR,ERR,ERR,ERR,ERR,ERR,ERR,ERR,ERR,ERR,ERR,ERR,ERR,ERR,ERR,ERR,ERR,ERR,ERR,ERR,ERR,ERR,ERR,ERR,ERR,ERR,ERR,ERR,ERR,ERR,ERR,ERR,ERR,ERR,ERR,ERR,ERR,ERR,ERR,50.0,60.0,100,0.0,0.0,0.0,0.0,0.0,0.0,0.0,0.0,0.0,0.0,0.0,0.0,0.0,0.0,0.0,0.0,61.6,74,13,65511,50,65476,0,300,0,0,8,20529,65476,0,0,26214,60.0,0.0,0.0,0.0,0.0,0.0
2026-05-17T18:07:16,ERR,ERR,ERR,ERR,ERR,ERR,ERR,ERR,ERR,ERR,ERR,ERR,ERR,ERR,ERR,ERR,ERR,ERR,ERR,ERR,ERR,ERR,ERR,ERR,ERR,ERR,ERR,ERR,ERR,ERR,ERR,ERR,ERR,ERR,ERR,ERR,ERR,ERR,ERR,ERR,ERR,ERR,ERR,ERR,ERR,ERR,ERR,ERR,ERR,ERR,ERR,ERR,ERR,ERR,ERR,ERR,ERR,ERR,ERR,ERR,ERR,ERR,ERR,ERR,ERR,ERR,ERR,ERR,ERR,ERR,ERR,ERR,ERR,ERR,ERR,ERR,ERR,ERR,ERR,ERR,ERR,ERR,ERR,ERR,ERR,ERR,ERR,ERR,ERR,ERR,ERR,ERR,ERR,ERR,ERR,ERR,ERR,ERR,ERR,ERR,ERR,ERR,ERR,ERR,ERR,ERR,ERR,ERR,ERR,ERR,ERR,ERR,ERR,ERR,ERR,ERR,ERR,ERR,ERR,ERR,ERR,ERR,ERR,ERR,ERR,-107615288.0,-0.0,-134474944.0,0.0,0.0,1.3936040501711995e+18,7.805,0.0,0,0,4,0,8422,0.0,45,0.0,0.0,0.0,0.0,0.0,0,0,0,0,0.0,0,0,0,0,0,0,0,0,0,0,0,0,0,0,0,0,0,0,0,0,0,0,0,0,0,0,0,0,0,0,0,0,0,38,14,7,45,65476,0,300,0,0,8,21553,0.0,-107605600.0,0.0,0.0,0.0,0.0,0.0,0.0,0.0,0.0,0.0,0.0,0.0,0.0,0.0,0.0,0.0,0.0,0.0,0.0,0.0,0.0,-2.004,0.0,2.004,-2.004,0.0,0.0,0.0,0.0,5078.0,0.0,0.0,-107615288.0,-107615296.0,-0.0,0.0,0.0,0.0,0.0,0.0,53,-0.0,126840553472.0,0.0,0.0,0.0,0.0,0.0,0.0,0.0,0,0,0,0.0,0.0,0.0,0.0,0.0,0.0,0.0,0.0,0.0,0.0,0.0,0.0,0.0,0.0,0.0,0.0,0,-107875648.0,53,0.0,106,-107614832.0,-0.0,ERR,ERR,ERR,ERR,ERR,ERR,ERR,ERR,ERR,ERR,ERR,ERR,ERR,ERR,ERR,ERR,ERR,ERR,ERR,ERR,ERR,ERR,ERR,ERR,ERR,ERR,ERR,ERR,ERR,ERR,ERR,ERR,ERR,ERR,ERR,ERR,ERR,ERR,ERR,ERR,ERR,ERR,ERR,ERR,ERR,ERR,ERR,ERR,ERR,ERR,ERR,ERR,ERR,ERR,ERR,ERR,ERR,ERR,ERR,ERR,ERR,ERR,ERR,ERR,ERR,ERR,ERR,50.0,60.0,100,0.0,0.0,0.0,0.0,0.0,0.0,0.0,0.0,0.0,0.0,0.0,0.0,0.0,0.0,0.0,0.0,62.0,74,13,65511,50,65476,0,300,0,0,8,20529,65476,0,0,26214,60.0,0.0,0.0,0.0,0.0,0.0
2026-05-17T18:07:17,ERR,ERR,ERR,ERR,ERR,ERR,ERR,ERR,ERR,ERR,ERR,ERR,ERR,ERR,ERR,ERR,ERR,ERR,ERR,ERR,ERR,ERR,ERR,ERR,ERR,ERR,ERR,ERR,ERR,ERR,ERR,ERR,ERR,ERR,ERR,ERR,ERR,ERR,ERR,ERR,ERR,ERR,ERR,ERR,ERR,ERR,ERR,ERR,ERR,ERR,ERR,ERR,ERR,ERR,ERR,ERR,ERR,ERR,ERR,ERR,ERR,ERR,ERR,ERR,ERR,ERR,ERR,ERR,ERR,ERR,ERR,ERR,ERR,ERR,ERR,ERR,ERR,ERR,ERR,ERR,ERR,ERR,ERR,ERR,ERR,ERR,ERR,ERR,ERR,ERR,ERR,ERR,ERR,ERR,ERR,ERR,ERR,ERR,ERR,ERR,ERR,ERR,ERR,ERR,ERR,ERR,ERR,ERR,ERR,ERR,ERR,ERR,ERR,ERR,ERR,ERR,ERR,ERR,ERR,ERR,ERR,ERR,ERR,ERR,ERR,-107615288.0,-0.0,-134474944.0,0.0,0.0,1.3936040501711995e+18,7.805,0.0,0,0,4,0,8422,0.0,45,0.0,0.0,0.0,0.0,0.0,0,0,0,0,0.0,0,0,0,0,0,0,0,0,0,0,0,0,0,0,0,0,0,0,0,0,0,0,0,0,0,0,0,0,0,0,0,0,0,38,14,7,45,65476,0,300,0,0,8,21553,0.0,-107605600.0,0.0,0.0,0.0,0.0,0.0,0.0,0.0,0.0,0.0,0.0,0.0,0.0,0.0,0.0,0.0,0.0,0.0,0.0,0.0,0.0,-2.004,0.0,2.004,-2.004,0.0,0.0,0.0,0.0,5078.0,0.0,0.0,-107615288.0,-107615296.0,-0.0,0.0,0.0,0.0,0.0,0.0,53,-0.0,0.0,0.0,0.0,0.0,0.0,0.0,0.0,0.0,0,0,0,0.0,0.0,0.0,0.0,0.0,0.0,0.0,0.0,0.0,0.0,0.0,0.0,0.0,0.0,0.0,0.0,0,-107875648.0,53,0.0,106,-107614832.0,0.0,ERR,ERR,ERR,ERR,ERR,ERR,ERR,ERR,ERR,ERR,ERR,ERR,ERR,ERR,ERR,ERR,ERR,ERR,ERR,ERR,ERR,ERR,ERR,ERR,ERR,ERR,ERR,ERR,ERR,ERR,ERR,ERR,ERR,ERR,ERR,ERR,ERR,ERR,ERR,ERR,ERR,ERR,ERR,ERR,ERR,ERR,ERR,ERR,ERR,ERR,ERR,ERR,ERR,ERR,ERR,ERR,ERR,ERR,ERR,ERR,ERR,ERR,ERR,ERR,ERR,ERR,ERR,50.0,60.0,100,0.0,0.0,0.0,0.0,0.0,0.0,0.0,0.0,0.0,0.0,0.0,0.0,0.0,0.0,0.0,0.0,61.6,74,13,65511,50,65476,0,300,0,0,8,20529,65476,0,0,26214,60.0,0.0,0.0,0.0,0.0,0.0
2026-05-17T18:07:18,ERR,ERR,ERR,ERR,ERR,ERR,ERR,ERR,ERR,ERR,ERR,ERR,ERR,ERR,ERR,ERR,ERR,ERR,ERR,ERR,ERR,ERR,ERR,ERR,ERR,ERR,ERR,ERR,ERR,ERR,ERR,ERR,ERR,ERR,ERR,ERR,ERR,ERR,ERR,ERR,ERR,ERR,ERR,ERR,ERR,ERR,ERR,ERR,ERR,ERR,ERR,ERR,ERR,ERR,ERR,ERR,ERR,ERR,ERR,ERR,ERR,ERR,ERR,ERR,ERR,ERR,ERR,ERR,ERR,ERR,ERR,ERR,ERR,ERR,ERR,ERR,ERR,ERR,ERR,ERR,ERR,ERR,ERR,ERR,ERR,ERR,ERR,ERR,ERR,ERR,ERR,ERR,ERR,ERR,ERR,ERR,ERR,ERR,ERR,ERR,ERR,ERR,ERR,ERR,ERR,ERR,ERR,ERR,ERR,ERR,ERR,ERR,ERR,ERR,ERR,ERR,ERR,ERR,ERR,ERR,ERR,ERR,ERR,ERR,ERR,-107615288.0,-0.0,-134474944.0,0.0,0.0,1.3936040501711995e+18,7.805,0.0,0,0,4,0,8422,0.0,45,0.0,0.0,0.0,0.0,0.0,0,0,0,0,0.0,0,0,0,0,0,0,0,0,0,0,0,0,0,0,0,0,0,0,0,0,0,0,0,0,0,0,0,0,0,0,0,0,0,38,14,7,45,65476,0,300,0,0,8,21553,0.0,-107605600.0,0.0,0.0,0.0,0.0,0.0,0.0,0.0,0.0,0.0,0.0,0.0,0.0,0.0,0.0,0.0,0.0,0.0,0.0,0.0,0.0,-2.004,0.0,2.004,-2.004,0.0,0.0,0.0,0.0,5078.0,0.0,0.0,-107615288.0,-107615296.0,-0.0,0.0,0.0,0.0,0.0,0.0,53,-0.0,0.0,0.0,0.0,0.0,0.0,0.0,0.0,0.0,0,0,0,0.0,0.0,0.0,0.0,0.0,0.0,0.0,0.0,0.0,0.0,0.0,0.0,0.0,0.0,0.0,0.0,0,-107875648.0,53,0.0,106,-107614832.0,0.0,ERR,ERR,ERR,ERR,ERR,ERR,ERR,ERR,ERR,ERR,ERR,ERR,ERR,ERR,ERR,ERR,ERR,ERR,ERR,ERR,ERR,ERR,ERR,ERR,ERR,ERR,ERR,ERR,ERR,ERR,ERR,ERR,ERR,ERR,ERR,ERR,ERR,ERR,ERR,ERR,ERR,ERR,ERR,ERR,ERR,ERR,ERR,ERR,ERR,ERR,ERR,ERR,ERR,ERR,ERR,ERR,ERR,ERR,ERR,ERR,ERR,ERR,ERR,ERR,ERR,ERR,ERR,50.0,60.0,100,0.0,0.0,0.0,0.0,0.0,0.0,0.0,0.0,0.0,0.0,0.0,0.0,0.0,0.0,0.0,0.0,61.6,74,13,65511,50,65476,0,300,0,0,8,20529,65476,0,0,26214,60.0,0.0,0.0,0.0,0.0,0.0
2026-05-17T18:07:19,ERR,ERR,ERR,ERR,ERR,ERR,ERR,ERR,ERR,ERR,ERR,ERR,ERR,ERR,ERR,ERR,ERR,ERR,ERR,ERR,ERR,ERR,ERR,ERR,ERR,ERR,ERR,ERR,ERR,ERR,ERR,ERR,ERR,ERR,ERR,ERR,ERR,ERR,ERR,ERR,ERR,ERR,ERR,ERR,ERR,ERR,ERR,ERR,ERR,ERR,ERR,ERR,ERR,ERR,ERR,ERR,ERR,ERR,ERR,ERR,ERR,ERR,ERR,ERR,ERR,ERR,ERR,ERR,ERR,ERR,ERR,ERR,ERR,ERR,ERR,ERR,ERR,ERR,ERR,ERR,ERR,ERR,ERR,ERR,ERR,ERR,ERR,ERR,ERR,ERR,ERR,ERR,ERR,ERR,ERR,ERR,ERR,ERR,ERR,ERR,ERR,ERR,ERR,ERR,ERR,ERR,ERR,ERR,ERR,ERR,ERR,ERR,ERR,ERR,ERR,ERR,ERR,ERR,ERR,ERR,ERR,ERR,ERR,ERR,ERR,-107615288.0,-0.0,-134474944.0,0.0,0.0,1.3936040501711995e+18,7.805,0.0,0,0,4,0,8422,0.0,45,0.0,0.0,0.0,0.0,0.0,0,0,0,0,0.0,0,0,0,0,0,0,0,0,0,0,0,0,0,0,0,0,0,0,0,0,0,0,0,0,0,0,0,0,0,0,0,0,0,38,14,7,45,65476,0,300,0,0,8,21553,0.0,-107605600.0,0.0,0.0,0.0,0.0,0.0,0.0,0.0,0.0,0.0,0.0,0.0,0.0,0.0,0.0,0.0,0.0,0.0,0.0,0.0,0.0,-2.004,0.0,2.004,-2.004,0.0,0.0,0.0,0.0,5078.0,0.0,0.0,-107615288.0,-107615296.0,-0.0,0.0,0.0,0.0,0.0,0.0,53,-0.0,0.0,0.0,0.0,0.0,0.0,0.0,0.0,0.0,0,0,0,0.0,0.0,0.0,0.0,0.0,0.0,0.0,0.0,0.0,0.0,0.0,0.0,0.0,0.0,0.0,0.0,0,-107875648.0,53,0.0,106,-107614832.0,0.0,ERR,ERR,ERR,ERR,ERR,ERR,ERR,ERR,ERR,ERR,ERR,ERR,ERR,ERR,ERR,ERR,ERR,ERR,ERR,ERR,ERR,ERR,ERR,ERR,ERR,ERR,ERR,ERR,ERR,ERR,ERR,ERR,ERR,ERR,ERR,ERR,ERR,ERR,ERR,ERR,ERR,ERR,ERR,ERR,ERR,ERR,ERR,ERR,ERR,ERR,ERR,ERR,ERR,ERR,ERR,ERR,ERR,ERR,ERR,ERR,ERR,ERR,ERR,ERR,ERR,ERR,ERR,50.0,60.0,100,0.0,0.0,0.0,0.0,0.0,0.0,0.0,0.0,0.0,0.0,0.0,0.0,0.0,0.0,0.0,0.0,61.6,74,13,65511,50,65476,0,300,0,0,8,20529,65476,0,0,26214,60.0,0.0,0.0,0.0,0.0,0.0
2026-05-17T18:07:20,ERR,ERR,ERR,ERR,ERR,ERR,ERR,ERR,ERR,ERR,ERR,ERR,ERR,ERR,ERR,ERR,ERR,ERR,ERR,ERR,ERR,ERR,ERR,ERR,ERR,ERR,ERR,ERR,ERR,ERR,ERR,ERR,ERR,ERR,ERR,ERR,ERR,ERR,ERR,ERR,ERR,ERR,ERR,ERR,ERR,ERR,ERR,ERR,ERR,ERR,ERR,ERR,ERR,ERR,ERR,ERR,ERR,ERR,ERR,ERR,ERR,ERR,ERR,ERR,ERR,ERR,ERR,ERR,ERR,ERR,ERR,ERR,ERR,ERR,ERR,ERR,ERR,ERR,ERR,ERR,ERR,ERR,ERR,ERR,ERR,ERR,ERR,ERR,ERR,ERR,ERR,ERR,ERR,ERR,ERR,ERR,ERR,ERR,ERR,ERR,ERR,ERR,ERR,ERR,ERR,ERR,ERR,ERR,ERR,ERR,ERR,ERR,ERR,ERR,ERR,ERR,ERR,ERR,ERR,ERR,ERR,ERR,ERR,ERR,ERR,-107615288.0,-0.0,-134474944.0,0.0,0.0,1.3936040501711995e+18,7.805,0.0,0,0,4,0,8422,0.0,45,0.0,0.0,0.0,0.0,0.0,0,0,0,0,0.0,0,0,0,0,0,0,0,0,0,0,0,0,0,0,0,0,0,0,0,0,0,0,0,0,0,0,0,0,0,0,0,0,0,38,14,7,45,65476,0,300,0,0,8,21553,0.0,-107605600.0,0.0,0.0,0.0,0.0,0.0,0.0,0.0,0.0,0.0,0.0,0.0,0.0,0.0,0.0,0.0,0.0,0.0,0.0,0.0,0.0,-2.004,0.0,2.004,-2.004,0.0,0.0,0.0,0.0,5078.0,0.0,0.0,-107615288.0,-107615296.0,-0.0,0.0,0.0,0.0,0.0,0.0,53,-0.0,0.0,0.0,0.0,0.0,0.0,0.0,0.0,0.0,0,0,0,0.0,0.0,0.0,0.0,0.0,0.0,0.0,0.0,0.0,0.0,0.0,0.0,0.0,0.0,0.0,0.0,0,-107875648.0,53,0.0,106,-107614832.0,0.0,ERR,ERR,ERR,ERR,ERR,ERR,ERR,ERR,ERR,ERR,ERR,ERR,ERR,ERR,ERR,ERR,ERR,ERR,ERR,ERR,ERR,ERR,ERR,ERR,ERR,ERR,ERR,ERR,ERR,ERR,ERR,ERR,ERR,ERR,ERR,ERR,ERR,ERR,ERR,ERR,ERR,ERR,ERR,ERR,ERR,ERR,ERR,ERR,ERR,ERR,ERR,ERR,ERR,ERR,ERR,ERR,ERR,ERR,ERR,ERR,ERR,ERR,ERR,ERR,ERR,ERR,ERR,50.0,60.0,100,0.0,0.0,0.0,0.0,0.0,0.0,0.0,0.0,0.0,0.0,0.0,0.0,0.0,0.0,0.0,0.0,61.6,74,13,65511,50,65476,0,300,0,0,8,20529,65476,0,0,26214,60.0,0.0,0.0,0.0,0.0,0.0
2026-05-17T18:07:21,ERR,ERR,ERR,ERR,ERR,ERR,ERR,ERR,ERR,ERR,ERR,ERR,ERR,ERR,ERR,ERR,ERR,ERR,ERR,ERR,ERR,ERR,ERR,ERR,ERR,ERR,ERR,ERR,ERR,ERR,ERR,ERR,ERR,ERR,ERR,ERR,ERR,ERR,ERR,ERR,ERR,ERR,ERR,ERR,ERR,ERR,ERR,ERR,ERR,ERR,ERR,ERR,ERR,ERR,ERR,ERR,ERR,ERR,ERR,ERR,ERR,ERR,ERR,ERR,ERR,ERR,ERR,ERR,ERR,ERR,ERR,ERR,ERR,ERR,ERR,ERR,ERR,ERR,ERR,ERR,ERR,ERR,ERR,ERR,ERR,ERR,ERR,ERR,ERR,ERR,ERR,ERR,ERR,ERR,ERR,ERR,ERR,ERR,ERR,ERR,ERR,ERR,ERR,ERR,ERR,ERR,ERR,ERR,ERR,ERR,ERR,ERR,ERR,ERR,ERR,ERR,ERR,ERR,ERR,ERR,ERR,ERR,ERR,ERR,ERR,-107615288.0,-0.0,-134474944.0,0.0,0.0,1.3936040501711995e+18,7.805,0.0,0,0,4,0,8422,0.0,45,0.0,0.0,0.0,0.0,0.0,0,0,0,0,0.0,0,0,0,0,0,0,0,0,0,0,0,0,0,0,0,0,0,0,0,0,0,0,0,0,0,0,0,0,0,0,0,0,0,38,14,7,45,65476,0,300,0,0,8,21553,0.0,-107605600.0,0.0,0.0,0.0,0.0,0.0,0.0,0.0,0.0,0.0,0.0,0.0,0.0,0.0,0.0,0.0,0.0,0.0,0.0,0.0,0.0,-2.004,0.0,2.004,-2.004,0.0,0.0,0.0,0.0,5078.0,0.0,0.0,-107615288.0,-107615296.0,-0.0,0.0,0.0,0.0,0.0,0.0,53,-0.0,0.0,0.0,0.0,0.0,0.0,0.0,0.0,0.0,0,0,0,0.0,0.0,0.0,0.0,0.0,0.0,0.0,0.0,0.0,0.0,0.0,0.0,0.0,0.0,0.0,0.0,0,-107875648.0,53,0.0,106,-107614832.0,0.0,ERR,ERR,ERR,ERR,ERR,ERR,ERR,ERR,ERR,ERR,ERR,ERR,ERR,ERR,ERR,ERR,ERR,ERR,ERR,ERR,ERR,ERR,ERR,ERR,ERR,ERR,ERR,ERR,ERR,ERR,ERR,ERR,ERR,ERR,ERR,ERR,ERR,ERR,ERR,ERR,ERR,ERR,ERR,ERR,ERR,ERR,ERR,ERR,ERR,ERR,ERR,ERR,ERR,ERR,ERR,ERR,ERR,ERR,ERR,ERR,ERR,ERR,ERR,ERR,ERR,ERR,ERR,50.0,60.0,100,0.0,0.0,0.0,0.0,0.0,0.0,0.0,0.0,0.0,0.0,0.0,0.0,0.0,0.0,0.0,0.0,62.0,74,13,65511,50,65476,0,300,0,0,8,20529,65476,0,0,26214,60.0,0.0,0.0,0.0,0.0,0.0
2026-05-17T18:07:22,ERR,ERR,ERR,ERR,ERR,ERR,ERR,ERR,ERR,ERR,ERR,ERR,ERR,ERR,ERR,ERR,ERR,ERR,ERR,ERR,ERR,ERR,ERR,ERR,ERR,ERR,ERR,ERR,ERR,ERR,ERR,ERR,ERR,ERR,ERR,ERR,ERR,ERR,ERR,ERR,ERR,ERR,ERR,ERR,ERR,ERR,ERR,ERR,ERR,ERR,ERR,ERR,ERR,ERR,ERR,ERR,ERR,ERR,ERR,ERR,ERR,ERR,ERR,ERR,ERR,ERR,ERR,ERR,ERR,ERR,ERR,ERR,ERR,ERR,ERR,ERR,ERR,ERR,ERR,ERR,ERR,ERR,ERR,ERR,ERR,ERR,ERR,ERR,ERR,ERR,ERR,ERR,ERR,ERR,ERR,ERR,ERR,ERR,ERR,ERR,ERR,ERR,ERR,ERR,ERR,ERR,ERR,ERR,ERR,ERR,ERR,ERR,ERR,ERR,ERR,ERR,ERR,ERR,ERR,ERR,ERR,ERR,ERR,ERR,ERR,-107615288.0,-107615296.0,0.0,0.0,0.0,1.3936040501711995e+18,7.805,0.0,0,0,4,0,8422,0.0,45,0.0,0.0,0.0,0.0,0.0,0,0,0,0,0.0,0,0,0,0,0,0,0,0,0,0,0,0,0,0,0,0,0,0,0,0,0,0,0,0,0,0,0,0,0,0,0,0,0,38,14,7,45,65476,0,300,0,0,8,21553,0.0,-107605600.0,0.0,0.0,0.0,0.0,0.0,0.0,0.0,0.0,0.0,0.0,0.0,0.0,0.0,0.0,0.0,0.0,0.0,0.0,0.0,0.0,-2.004,-2.004,2.004,0.0,0.0,0.0,0.0,0.0,5054.0,-8608183296.0,0.0,-107615288.0,-107615296.0,-107615280.0,0.0,0.0,0.0,0.0,0.0,53,-0.0,-4.950401904804668e+32,0.0,0.0,0.0,0.0,0.0,0.0,0.0,0,0,0,0.0,0.0,0.0,0.0,0.0,0.0,0.0,0.0,0.0,0.0,0.0,0.0,0.0,0.0,0.0,0.0,0,-107875648.0,53,0.0,106,-107614832.0,-0.0,ERR,ERR,ERR,ERR,ERR,ERR,ERR,ERR,ERR,ERR,ERR,ERR,ERR,ERR,ERR,ERR,ERR,ERR,ERR,ERR,ERR,ERR,ERR,ERR,ERR,ERR,ERR,ERR,ERR,ERR,ERR,ERR,ERR,ERR,ERR,ERR,ERR,ERR,ERR,ERR,ERR,ERR,ERR,ERR,ERR,ERR,ERR,ERR,ERR,ERR,ERR,ERR,ERR,ERR,ERR,ERR,ERR,ERR,ERR,ERR,ERR,ERR,ERR,ERR,ERR,ERR,ERR,50.0,60.0,100,0.0,0.0,0.0,0.0,0.0,0.0,0.0,0.0,0.0,0.0,0.0,0.0,0.0,0.0,0.0,0.0,62.0,74,13,65511,50,65476,0,300,0,0,8,20529,65476,0,0,26214,60.0,0.0,0.0,0.0,0.0,0.0
2026-05-17T18:07:23,ERR,ERR,ERR,ERR,ERR,ERR,ERR,ERR,ERR,ERR,ERR,ERR,ERR,ERR,ERR,ERR,ERR,ERR,ERR,ERR,ERR,ERR,ERR,ERR,ERR,ERR,ERR,ERR,ERR,ERR,ERR,ERR,ERR,ERR,ERR,ERR,ERR,ERR,ERR,ERR,ERR,ERR,ERR,ERR,ERR,ERR,ERR,ERR,ERR,ERR,ERR,ERR,ERR,ERR,ERR,ERR,ERR,ERR,ERR,ERR,ERR,ERR,ERR,ERR,ERR,ERR,ERR,ERR,ERR,ERR,ERR,ERR,ERR,ERR,ERR,ERR,ERR,ERR,ERR,ERR,ERR,ERR,ERR,ERR,ERR,ERR,ERR,ERR,ERR,ERR,ERR,ERR,ERR,ERR,ERR,ERR,ERR,ERR,ERR,ERR,ERR,ERR,ERR,ERR,ERR,ERR,ERR,ERR,ERR,ERR,ERR,ERR,ERR,ERR,ERR,ERR,ERR,ERR,ERR,ERR,ERR,ERR,ERR,ERR,ERR,-107615288.0,-107615296.0,0.0,0.0,0.0,1.3936040501711995e+18,7.805,0.0,0,0,4,0,8422,0.0,45,0.0,0.0,0.0,0.0,0.0,0,0,0,0,0.0,0,0,0,0,0,0,0,0,0,0,0,0,0,0,0,0,0,0,0,0,0,0,0,0,0,0,0,0,0,0,0,0,0,38,14,7,45,65476,0,300,0,0,8,21553,0.0,-107605600.0,0.0,0.0,0.0,0.0,0.0,0.0,0.0,0.0,0.0,0.0,0.0,0.0,0.0,0.0,0.0,0.0,0.0,0.0,0.0,0.0,-2.004,-2.004,2.004,0.0,0.0,0.0,0.0,0.0,5054.0,-8608183296.0,0.0,-107615288.0,-107615296.0,-107615280.0,0.0,0.0,0.0,0.0,0.0,53,-0.0,-4.950401904804668e+32,0.0,0.0,0.0,0.0,0.0,0.0,0.0,0,0,0,0.0,0.0,0.0,0.0,0.0,0.0,0.0,0.0,0.0,0.0,0.0,0.0,0.0,0.0,0.0,0.0,0,-107875648.0,53,0.0,106,-107614832.0,-0.0,ERR,ERR,ERR,ERR,ERR,ERR,ERR,ERR,ERR,ERR,ERR,ERR,ERR,ERR,ERR,ERR,ERR,ERR,ERR,ERR,ERR,ERR,ERR,ERR,ERR,ERR,ERR,ERR,ERR,ERR,ERR,ERR,ERR,ERR,ERR,ERR,ERR,ERR,ERR,ERR,ERR,ERR,ERR,ERR,ERR,ERR,ERR,ERR,ERR,ERR,ERR,ERR,ERR,ERR,ERR,ERR,ERR,ERR,ERR,ERR,ERR,ERR,ERR,ERR,ERR,ERR,ERR,50.0,60.0,100,0.0,0.0,0.0,0.0,0.0,0.0,0.0,0.0,0.0,0.0,0.0,0.0,0.0,0.0,0.0,0.0,61.6,74,13,65511,50,65476,0,300,0,0,8,20529,65476,0,0,26214,60.0,0.0,0.0,0.0,0.0,0.0
2026-05-17T18:07:24,ERR,ERR,ERR,ERR,ERR,ERR,ERR,ERR,ERR,ERR,ERR,ERR,ERR,ERR,ERR,ERR,ERR,ERR,ERR,ERR,ERR,ERR,ERR,ERR,ERR,ERR,ERR,ERR,ERR,ERR,ERR,ERR,ERR,ERR,ERR,ERR,ERR,ERR,ERR,ERR,ERR,ERR,ERR,ERR,ERR,ERR,ERR,ERR,ERR,ERR,ERR,ERR,ERR,ERR,ERR,ERR,ERR,ERR,ERR,ERR,ERR,ERR,ERR,ERR,ERR,ERR,ERR,ERR,ERR,ERR,ERR,ERR,ERR,ERR,ERR,ERR,ERR,ERR,ERR,ERR,ERR,ERR,ERR,ERR,ERR,ERR,ERR,ERR,ERR,ERR,ERR,ERR,ERR,ERR,ERR,ERR,ERR,ERR,ERR,ERR,ERR,ERR,ERR,ERR,ERR,ERR,ERR,ERR,ERR,ERR,ERR,ERR,ERR,ERR,ERR,ERR,ERR,ERR,ERR,ERR,ERR,ERR,ERR,ERR,ERR,-107615288.0,-107615296.0,0.0,0.0,0.0,1.3936040501711995e+18,7.805,0.0,0,0,4,0,8422,0.0,45,0.0,0.0,0.0,0.0,0.0,0,0,0,0,0.0,0,0,0,0,0,0,0,0,0,0,0,0,0,0,0,0,0,0,0,0,0,0,0,0,0,0,0,0,0,0,0,0,0,38,14,7,45,65476,0,300,0,0,8,21553,0.0,-107605600.0,0.0,0.0,0.0,0.0,0.0,0.0,0.0,0.0,0.0,0.0,0.0,0.0,0.0,0.0,0.0,0.0,0.0,0.0,0.0,0.0,-2.004,-2.004,2.004,0.0,0.0,0.0,0.0,0.0,5054.0,-8608183296.0,0.0,-107615288.0,-107615296.0,-107615280.0,0.0,0.0,0.0,0.0,0.0,53,-0.0,-4.950401904804668e+32,0.0,0.0,0.0,0.0,0.0,0.0,0.0,0,0,0,0.0,0.0,0.0,0.0,0.0,0.0,0.0,0.0,0.0,0.0,0.0,0.0,0.0,0.0,0.0,0.0,0,-107875648.0,53,0.0,106,-107614832.0,-0.0,ERR,ERR,ERR,ERR,ERR,ERR,ERR,ERR,ERR,ERR,ERR,ERR,ERR,ERR,ERR,ERR,ERR,ERR,ERR,ERR,ERR,ERR,ERR,ERR,ERR,ERR,ERR,ERR,ERR,ERR,ERR,ERR,ERR,ERR,ERR,ERR,ERR,ERR,ERR,ERR,ERR,ERR,ERR,ERR,ERR,ERR,ERR,ERR,ERR,ERR,ERR,ERR,ERR,ERR,ERR,ERR,ERR,ERR,ERR,ERR,ERR,ERR,ERR,ERR,ERR,ERR,ERR,50.0,60.0,100,0.0,0.0,0.0,0.0,0.0,0.0,0.0,0.0,0.0,0.0,0.0,0.0,0.0,0.0,0.0,0.0,61.6,74,13,65511,50,65476,0,300,0,0,8,20529,65476,0,0,26214,60.0,0.0,0.0,0.0,0.0,0.0
2026-05-17T18:07:25,ERR,ERR,ERR,ERR,ERR,ERR,ERR,ERR,ERR,ERR,ERR,ERR,ERR,ERR,ERR,ERR,ERR,ERR,ERR,ERR,ERR,ERR,ERR,ERR,ERR,ERR,ERR,ERR,ERR,ERR,ERR,ERR,ERR,ERR,ERR,ERR,ERR,ERR,ERR,ERR,ERR,ERR,ERR,ERR,ERR,ERR,ERR,ERR,ERR,ERR,ERR,ERR,ERR,ERR,ERR,ERR,ERR,ERR,ERR,ERR,ERR,ERR,ERR,ERR,ERR,ERR,ERR,ERR,ERR,ERR,ERR,ERR,ERR,ERR,ERR,ERR,ERR,ERR,ERR,ERR,ERR,ERR,ERR,ERR,ERR,ERR,ERR,ERR,ERR,ERR,ERR,ERR,ERR,ERR,ERR,ERR,ERR,ERR,ERR,ERR,ERR,ERR,ERR,ERR,ERR,ERR,ERR,ERR,ERR,ERR,ERR,ERR,ERR,ERR,ERR,ERR,ERR,ERR,ERR,ERR,ERR,ERR,ERR,ERR,ERR,-107615288.0,-107615296.0,0.0,0.0,0.0,1.3936040501711995e+18,7.805,0.0,0,0,4,0,8422,0.0,45,0.0,0.0,0.0,0.0,0.0,0,0,0,0,0.0,0,0,0,0,0,0,0,0,0,0,0,0,0,0,0,0,0,0,0,0,0,0,0,0,0,0,0,0,0,0,0,0,0,38,14,7,45,65476,0,300,0,0,8,21553,0.0,-107605600.0,0.0,0.0,0.0,0.0,0.0,0.0,0.0,0.0,0.0,0.0,0.0,0.0,0.0,0.0,0.0,0.0,0.0,0.0,0.0,0.0,-2.004,-2.004,2.004,0.0,0.0,0.0,0.0,0.0,5054.0,-8608183296.0,0.0,-107615288.0,-107615296.0,-107615280.0,0.0,0.0,0.0,0.0,0.0,53,-0.0,-4.950401904804668e+32,0.0,0.0,0.0,0.0,0.0,0.0,0.0,0,0,0,0.0,0.0,0.0,0.0,0.0,0.0,0.0,0.0,0.0,0.0,0.0,0.0,0.0,0.0,0.0,0.0,0,-107875648.0,53,0.0,106,-107614832.0,-0.0,ERR,ERR,ERR,ERR,ERR,ERR,ERR,ERR,ERR,ERR,ERR,ERR,ERR,ERR,ERR,ERR,ERR,ERR,ERR,ERR,ERR,ERR,ERR,ERR,ERR,ERR,ERR,ERR,ERR,ERR,ERR,ERR,ERR,ERR,ERR,ERR,ERR,ERR,ERR,ERR,ERR,ERR,ERR,ERR,ERR,ERR,ERR,ERR,ERR,ERR,ERR,ERR,ERR,ERR,ERR,ERR,ERR,ERR,ERR,ERR,ERR,ERR,ERR,ERR,ERR,ERR,ERR,50.0,60.0,100,0.0,0.0,0.0,0.0,0.0,0.0,0.0,0.0,0.0,0.0,0.0,0.0,0.0,0.0,0.0,0.0,61.6,74,13,65511,50,65476,0,300,0,0,8,20529,65476,0,0,26214,60.0,0.0,0.0,0.0,0.0,0.0
2026-05-17T18:07:26,ERR,ERR,ERR,ERR,ERR,ERR,ERR,ERR,ERR,ERR,ERR,ERR,ERR,ERR,ERR,ERR,ERR,ERR,ERR,ERR,ERR,ERR,ERR,ERR,ERR,ERR,ERR,ERR,ERR,ERR,ERR,ERR,ERR,ERR,ERR,ERR,ERR,ERR,ERR,ERR,ERR,ERR,ERR,ERR,ERR,ERR,ERR,ERR,ERR,ERR,ERR,ERR,ERR,ERR,ERR,ERR,ERR,ERR,ERR,ERR,ERR,ERR,ERR,ERR,ERR,ERR,ERR,ERR,ERR,ERR,ERR,ERR,ERR,ERR,ERR,ERR,ERR,ERR,ERR,ERR,ERR,ERR,ERR,ERR,ERR,ERR,ERR,ERR,ERR,ERR,ERR,ERR,ERR,ERR,ERR,ERR,ERR,ERR,ERR,ERR,ERR,ERR,ERR,ERR,ERR,ERR,ERR,ERR,ERR,ERR,ERR,ERR,ERR,ERR,ERR,ERR,ERR,ERR,ERR,ERR,ERR,ERR,ERR,ERR,ERR,-107615288.0,-107615296.0,0.0,0.0,0.0,1.3936040501711995e+18,7.805,0.0,0,0,4,0,8422,0.0,45,0.0,0.0,0.0,0.0,0.0,0,0,0,0,0.0,0,0,0,0,0,0,0,0,0,0,0,0,0,0,0,0,0,0,0,0,0,0,0,0,0,0,0,0,0,0,0,0,0,38,14,7,45,65476,0,300,0,0,8,21553,0.0,-107605600.0,0.0,0.0,0.0,0.0,0.0,0.0,0.0,0.0,0.0,0.0,0.0,0.0,0.0,0.0,0.0,0.0,0.0,0.0,0.0,0.0,-2.004,-2.004,2.004,0.0,0.0,0.0,0.0,0.0,5054.0,-8608183296.0,0.0,-107615288.0,-107615296.0,-107615280.0,0.0,0.0,0.0,0.0,0.0,53,-0.0,-4.950401904804668e+32,0.0,0.0,0.0,0.0,0.0,0.0,0.0,0,0,0,0.0,0.0,0.0,0.0,0.0,0.0,0.0,0.0,0.0,0.0,0.0,0.0,0.0,0.0,0.0,0.0,0,-107875648.0,53,0.0,106,-107614832.0,-0.0,ERR,ERR,ERR,ERR,ERR,ERR,ERR,ERR,ERR,ERR,ERR,ERR,ERR,ERR,ERR,ERR,ERR,ERR,ERR,ERR,ERR,ERR,ERR,ERR,ERR,ERR,ERR,ERR,ERR,ERR,ERR,ERR,ERR,ERR,ERR,ERR,ERR,ERR,ERR,ERR,ERR,ERR,ERR,ERR,ERR,ERR,ERR,ERR,ERR,ERR,ERR,ERR,ERR,ERR,ERR,ERR,ERR,ERR,ERR,ERR,ERR,ERR,ERR,ERR,ERR,ERR,ERR,50.0,60.0,100,0.0,0.0,0.0,0.0,0.0,0.0,0.0,0.0,0.0,0.0,0.0,0.0,0.0,0.0,0.0,0.0,61.6,74,13,65511,50,65476,0,300,0,0,8,20529,65476,0,0,26214,60.0,0.0,0.0,0.0,0.0,0.0
2026-05-17T18:07:27,ERR,ERR,ERR,ERR,ERR,ERR,ERR,ERR,ERR,ERR,ERR,ERR,ERR,ERR,ERR,ERR,ERR,ERR,ERR,ERR,ERR,ERR,ERR,ERR,ERR,ERR,ERR,ERR,ERR,ERR,ERR,ERR,ERR,ERR,ERR,ERR,ERR,ERR,ERR,ERR,ERR,ERR,ERR,ERR,ERR,ERR,ERR,ERR,ERR,ERR,ERR,ERR,ERR,ERR,ERR,ERR,ERR,ERR,ERR,ERR,ERR,ERR,ERR,ERR,ERR,ERR,ERR,ERR,ERR,ERR,ERR,ERR,ERR,ERR,ERR,ERR,ERR,ERR,ERR,ERR,ERR,ERR,ERR,ERR,ERR,ERR,ERR,ERR,ERR,ERR,ERR,ERR,ERR,ERR,ERR,ERR,ERR,ERR,ERR,ERR,ERR,ERR,ERR,ERR,ERR,ERR,ERR,ERR,ERR,ERR,ERR,ERR,ERR,ERR,ERR,ERR,ERR,ERR,ERR,ERR,ERR,ERR,ERR,ERR,ERR,-107615288.0,-107615296.0,0.0,0.0,0.0,1.3936040501711995e+18,7.805,0.0,0,0,4,0,8422,0.0,45,0.0,0.0,0.0,0.0,0.0,0,0,0,0,0.0,0,0,0,0,0,0,0,0,0,0,0,0,0,0,0,0,0,0,0,0,0,0,0,0,0,0,0,0,0,0,0,0,0,38,14,7,45,65476,0,300,0,0,8,21553,0.0,-107605600.0,0.0,0.0,0.0,0.0,0.0,0.0,0.0,0.0,0.0,0.0,0.0,0.0,0.0,0.0,0.0,0.0,0.0,0.0,0.0,0.0,-2.004,-2.004,-0.0,0.0,0.0,0.0,0.0,0.0,5085.0,0.0,0.0,-107615288.0,-107615296.0,-0.0,2.718429300292151e+23,0.0,0.0,0.0,0.0,53,-0.0,2.718417771077105e+23,0.0,0.0,0.0,0.0,0.0,0.0,0.0,0,0,0,0.0,0.0,0.0,0.0,0.0,0.0,0.0,0.0,0.0,0.0,0.0,0.0,0.0,0.0,0.0,0.0,0,-107875648.0,53,0.0,106,-107614832.0,-0.0,ERR,ERR,ERR,ERR,ERR,ERR,ERR,ERR,ERR,ERR,ERR,ERR,ERR,ERR,ERR,ERR,ERR,ERR,ERR,ERR,ERR,ERR,ERR,ERR,ERR,ERR,ERR,ERR,ERR,ERR,ERR,ERR,ERR,ERR,ERR,ERR,ERR,ERR,ERR,ERR,ERR,ERR,ERR,ERR,ERR,ERR,ERR,ERR,ERR,ERR,ERR,ERR,ERR,ERR,ERR,ERR,ERR,ERR,ERR,ERR,ERR,ERR,ERR,ERR,ERR,ERR,ERR,50.0,60.0,100,0.0,0.0,0.0,0.0,0.0,0.0,0.0,0.0,0.0,0.0,0.0,0.0,0.0,0.0,0.0,0.0,61.6,74,13,65511,50,65476,0,300,0,0,8,20529,65476,0,0,26214,60.0,0.0,0.0,0.0,0.0,0.0
2026-05-17T18:07:28,ERR,ERR,ERR,ERR,ERR,ERR,ERR,ERR,ERR,ERR,ERR,ERR,ERR,ERR,ERR,ERR,ERR,ERR,ERR,ERR,ERR,ERR,ERR,ERR,ERR,ERR,ERR,ERR,ERR,ERR,ERR,ERR,ERR,ERR,ERR,ERR,ERR,ERR,ERR,ERR,ERR,ERR,ERR,ERR,ERR,ERR,ERR,ERR,ERR,ERR,ERR,ERR,ERR,ERR,ERR,ERR,ERR,ERR,ERR,ERR,ERR,ERR,ERR,ERR,ERR,ERR,ERR,ERR,ERR,ERR,ERR,ERR,ERR,ERR,ERR,ERR,ERR,ERR,ERR,ERR,ERR,ERR,ERR,ERR,ERR,ERR,ERR,ERR,ERR,ERR,ERR,ERR,ERR,ERR,ERR,ERR,ERR,ERR,ERR,ERR,ERR,ERR,ERR,ERR,ERR,ERR,ERR,ERR,ERR,ERR,ERR,ERR,ERR,ERR,ERR,ERR,ERR,ERR,ERR,ERR,ERR,ERR,ERR,ERR,ERR,-107615288.0,-107615296.0,0.0,0.0,0.0,1.3936040501711995e+18,7.805,0.0,0,0,4,0,8422,0.0,45,0.0,0.0,0.0,0.0,0.0,0,0,0,0,0.0,0,0,0,0,0,0,0,0,0,0,0,0,0,0,0,0,0,0,0,0,0,0,0,0,0,0,0,0,0,0,0,0,0,38,14,7,45,65476,0,300,0,0,8,21553,0.0,-107605600.0,0.0,0.0,0.0,0.0,0.0,0.0,0.0,0.0,0.0,0.0,0.0,0.0,0.0,0.0,0.0,0.0,0.0,0.0,0.0,0.0,-2.004,-2.004,-0.0,0.0,0.0,0.0,0.0,0.0,5085.0,0.0,0.0,-107615288.0,-107615296.0,-0.0,2.718429300292151e+23,0.0,0.0,0.0,0.0,53,-0.0,2.718417771077105e+23,0.0,0.0,0.0,0.0,0.0,0.0,0.0,0,0,0,0.0,0.0,0.0,0.0,0.0,0.0,0.0,0.0,0.0,0.0,0.0,0.0,0.0,0.0,0.0,0.0,0,-107875648.0,53,0.0,106,-107614832.0,-0.0,ERR,ERR,ERR,ERR,ERR,ERR,ERR,ERR,ERR,ERR,ERR,ERR,ERR,ERR,ERR,ERR,ERR,ERR,ERR,ERR,ERR,ERR,ERR,ERR,ERR,ERR,ERR,ERR,ERR,ERR,ERR,ERR,ERR,ERR,ERR,ERR,ERR,ERR,ERR,ERR,ERR,ERR,ERR,ERR,ERR,ERR,ERR,ERR,ERR,ERR,ERR,ERR,ERR,ERR,ERR,ERR,ERR,ERR,ERR,ERR,ERR,ERR,ERR,ERR,ERR,ERR,ERR,50.0,60.0,100,0.0,0.0,0.0,0.0,0.0,0.0,0.0,0.0,0.0,0.0,0.0,0.0,0.0,0.0,0.0,0.0,62.0,74,13,65511,50,65476,0,300,0,0,8,20529,65476,0,0,26214,60.0,0.0,0.0,0.0,0.0,0.0
2026-05-17T18:07:29,ERR,ERR,ERR,ERR,ERR,ERR,ERR,ERR,ERR,ERR,ERR,ERR,ERR,ERR,ERR,ERR,ERR,ERR,ERR,ERR,ERR,ERR,ERR,ERR,ERR,ERR,ERR,ERR,ERR,ERR,ERR,ERR,ERR,ERR,ERR,ERR,ERR,ERR,ERR,ERR,ERR,ERR,ERR,ERR,ERR,ERR,ERR,ERR,ERR,ERR,ERR,ERR,ERR,ERR,ERR,ERR,ERR,ERR,ERR,ERR,ERR,ERR,ERR,ERR,ERR,ERR,ERR,ERR,ERR,ERR,ERR,ERR,ERR,ERR,ERR,ERR,ERR,ERR,ERR,ERR,ERR,ERR,ERR,ERR,ERR,ERR,ERR,ERR,ERR,ERR,ERR,ERR,ERR,ERR,ERR,ERR,ERR,ERR,ERR,ERR,ERR,ERR,ERR,ERR,ERR,ERR,ERR,ERR,ERR,ERR,ERR,ERR,ERR,ERR,ERR,ERR,ERR,ERR,ERR,ERR,ERR,ERR,ERR,ERR,ERR,-107615288.0,-107615296.0,0.0,0.0,0.0,1.3936040501711995e+18,7.805,0.0,0,0,4,0,8422,0.0,45,0.0,0.0,0.0,0.0,0.0,0,0,0,0,0.0,0,0,0,0,0,0,0,0,0,0,0,0,0,0,0,0,0,0,0,0,0,0,0,0,0,0,0,0,0,0,0,0,0,38,14,7,45,65476,0,300,0,0,8,21553,0.0,-107605600.0,0.0,0.0,0.0,0.0,0.0,0.0,0.0,0.0,0.0,0.0,0.0,0.0,0.0,0.0,0.0,0.0,0.0,0.0,0.0,0.0,-2.004,-2.004,-0.0,0.0,0.0,0.0,0.0,0.0,5085.0,0.0,0.0,-107615288.0,-107615296.0,-0.0,2.718429300292151e+23,0.0,0.0,0.0,0.0,53,-0.0,2.718417771077105e+23,0.0,0.0,0.0,0.0,0.0,0.0,0.0,0,0,0,0.0,0.0,0.0,0.0,0.0,0.0,0.0,0.0,0.0,0.0,0.0,0.0,0.0,0.0,0.0,0.0,0,-107875648.0,53,0.0,106,-107614832.0,-0.0,ERR,ERR,ERR,ERR,ERR,ERR,ERR,ERR,ERR,ERR,ERR,ERR,ERR,ERR,ERR,ERR,ERR,ERR,ERR,ERR,ERR,ERR,ERR,ERR,ERR,ERR,ERR,ERR,ERR,ERR,ERR,ERR,ERR,ERR,ERR,ERR,ERR,ERR,ERR,ERR,ERR,ERR,ERR,ERR,ERR,ERR,ERR,ERR,ERR,ERR,ERR,ERR,ERR,ERR,ERR,ERR,ERR,ERR,ERR,ERR,ERR,ERR,ERR,ERR,ERR,ERR,ERR,50.0,60.0,100,0.0,0.0,0.0,0.0,0.0,0.0,0.0,0.0,0.0,0.0,0.0,0.0,0.0,0.0,0.0,0.0,62.0,74,13,65511,50,65476,0,300,0,0,8,20529,65476,0,0,26214,60.0,0.0,0.0,0.0,0.0,0.0
2026-05-17T18:07:30,ERR,ERR,ERR,ERR,ERR,ERR,ERR,ERR,ERR,ERR,ERR,ERR,ERR,ERR,ERR,ERR,ERR,ERR,ERR,ERR,ERR,ERR,ERR,ERR,ERR,ERR,ERR,ERR,ERR,ERR,ERR,ERR,ERR,ERR,ERR,ERR,ERR,ERR,ERR,ERR,ERR,ERR,ERR,ERR,ERR,ERR,ERR,ERR,ERR,ERR,ERR,ERR,ERR,ERR,ERR,ERR,ERR,ERR,ERR,ERR,ERR,ERR,ERR,ERR,ERR,ERR,ERR,ERR,ERR,ERR,ERR,ERR,ERR,ERR,ERR,ERR,ERR,ERR,ERR,ERR,ERR,ERR,ERR,ERR,ERR,ERR,ERR,ERR,ERR,ERR,ERR,ERR,ERR,ERR,ERR,ERR,ERR,ERR,ERR,ERR,ERR,ERR,ERR,ERR,ERR,ERR,ERR,ERR,ERR,ERR,ERR,ERR,ERR,ERR,ERR,ERR,ERR,ERR,ERR,ERR,ERR,ERR,ERR,ERR,ERR,-107615288.0,-107615296.0,0.0,0.0,0.0,1.3936040501711995e+18,7.805,0.0,0,0,4,0,8422,0.0,45,0.0,0.0,0.0,0.0,0.0,0,0,0,0,0.0,0,0,0,0,0,0,0,0,0,0,0,0,0,0,0,0,0,0,0,0,0,0,0,0,0,0,0,0,0,0,0,0,0,38,14,7,45,65476,0,300,0,0,8,21553,0.0,-107605600.0,0.0,0.0,0.0,0.0,0.0,0.0,0.0,0.0,0.0,0.0,0.0,0.0,0.0,0.0,0.0,0.0,0.0,0.0,0.0,0.0,-2.004,-2.004,-0.0,0.0,0.0,0.0,0.0,0.0,5085.0,0.0,0.0,-107615288.0,-107615296.0,-0.0,2.718429300292151e+23,0.0,0.0,0.0,0.0,53,-0.0,2.718417771077105e+23,0.0,0.0,0.0,0.0,0.0,0.0,0.0,0,0,0,0.0,0.0,0.0,0.0,0.0,0.0,0.0,0.0,0.0,0.0,0.0,0.0,0.0,0.0,0.0,0.0,0,-107875648.0,53,0.0,106,-107614832.0,-0.0,ERR,ERR,ERR,ERR,ERR,ERR,ERR,ERR,ERR,ERR,ERR,ERR,ERR,ERR,ERR,ERR,ERR,ERR,ERR,ERR,ERR,ERR,ERR,ERR,ERR,ERR,ERR,ERR,ERR,ERR,ERR,ERR,ERR,ERR,ERR,ERR,ERR,ERR,ERR,ERR,ERR,ERR,ERR,ERR,ERR,ERR,ERR,ERR,ERR,ERR,ERR,ERR,ERR,ERR,ERR,ERR,ERR,ERR,ERR,ERR,ERR,ERR,ERR,ERR,ERR,ERR,ERR,50.0,60.0,100,0.0,0.0,0.0,0.0,0.0,0.0,0.0,0.0,0.0,0.0,0.0,0.0,0.0,0.0,0.0,0.0,61.6,74,13,65511,50,65476,0,300,0,0,8,20529,65476,0,0,26214,60.0,0.0,0.0,0.0,0.0,0.0
2026-05-17T18:07:31,ERR,ERR,ERR,ERR,ERR,ERR,ERR,ERR,ERR,ERR,ERR,ERR,ERR,ERR,ERR,ERR,ERR,ERR,ERR,ERR,ERR,ERR,ERR,ERR,ERR,ERR,ERR,ERR,ERR,ERR,ERR,ERR,ERR,ERR,ERR,ERR,ERR,ERR,ERR,ERR,ERR,ERR,ERR,ERR,ERR,ERR,ERR,ERR,ERR,ERR,ERR,ERR,ERR,ERR,ERR,ERR,ERR,ERR,ERR,ERR,ERR,ERR,ERR,ERR,ERR,ERR,ERR,ERR,ERR,ERR,ERR,ERR,ERR,ERR,ERR,ERR,ERR,ERR,ERR,ERR,ERR,ERR,ERR,ERR,ERR,ERR,ERR,ERR,ERR,ERR,ERR,ERR,ERR,ERR,ERR,ERR,ERR,ERR,ERR,ERR,ERR,ERR,ERR,ERR,ERR,ERR,ERR,ERR,ERR,ERR,ERR,ERR,ERR,ERR,ERR,ERR,ERR,ERR,ERR,ERR,ERR,ERR,ERR,ERR,ERR,-107615288.0,-107615296.0,0.0,0.0,0.0,1.3936040501711995e+18,7.805,0.0,0,0,4,0,8422,0.0,45,0.0,0.0,0.0,0.0,0.0,0,0,0,0,0.0,0,0,0,0,0,0,0,0,0,0,0,0,0,0,0,0,0,0,0,0,0,0,0,0,0,0,0,0,0,0,0,0,0,38,14,7,45,65476,0,300,0,0,8,21553,0.0,-107605600.0,0.0,0.0,0.0,0.0,0.0,0.0,0.0,0.0,0.0,0.0,0.0,0.0,0.0,0.0,0.0,0.0,0.0,0.0,0.0,0.0,-2.004,-2.004,-0.0,0.0,0.0,0.0,0.0,0.0,5085.0,0.0,0.0,-107615288.0,-107615296.0,-0.0,2.718429300292151e+23,0.0,0.0,0.0,0.0,53,-0.0,2.718417771077105e+23,0.0,0.0,0.0,0.0,0.0,0.0,0.0,0,0,0,0.0,0.0,0.0,0.0,0.0,0.0,0.0,0.0,0.0,0.0,0.0,0.0,0.0,0.0,0.0,0.0,0,-107875648.0,53,0.0,106,-107614832.0,-0.0,ERR,ERR,ERR,ERR,ERR,ERR,ERR,ERR,ERR,ERR,ERR,ERR,ERR,ERR,ERR,ERR,ERR,ERR,ERR,ERR,ERR,ERR,ERR,ERR,ERR,ERR,ERR,ERR,ERR,ERR,ERR,ERR,ERR,ERR,ERR,ERR,ERR,ERR,ERR,ERR,ERR,ERR,ERR,ERR,ERR,ERR,ERR,ERR,ERR,ERR,ERR,ERR,ERR,ERR,ERR,ERR,ERR,ERR,ERR,ERR,ERR,ERR,ERR,ERR,ERR,ERR,ERR,50.0,60.0,100,0.0,0.0,0.0,0.0,0.0,0.0,0.0,0.0,0.0,0.0,0.0,0.0,0.0,0.0,0.0,0.0,61.6,74,13,65511,50,65476,0,300,0,0,8,20529,65476,0,0,26214,60.0,0.0,0.0,0.0,0.0,0.0
2026-05-17T18:07:32,ERR,ERR,ERR,ERR,ERR,ERR,ERR,ERR,ERR,ERR,ERR,ERR,ERR,ERR,ERR,ERR,ERR,ERR,ERR,ERR,ERR,ERR,ERR,ERR,ERR,ERR,ERR,ERR,ERR,ERR,ERR,ERR,ERR,ERR,ERR,ERR,ERR,ERR,ERR,ERR,ERR,ERR,ERR,ERR,ERR,ERR,ERR,ERR,ERR,ERR,ERR,ERR,ERR,ERR,ERR,ERR,ERR,ERR,ERR,ERR,ERR,ERR,ERR,ERR,ERR,ERR,ERR,ERR,ERR,ERR,ERR,ERR,ERR,ERR,ERR,ERR,ERR,ERR,ERR,ERR,ERR,ERR,ERR,ERR,ERR,ERR,ERR,ERR,ERR,ERR,ERR,ERR,ERR,ERR,ERR,ERR,ERR,ERR,ERR,ERR,ERR,ERR,ERR,ERR,ERR,ERR,ERR,ERR,ERR,ERR,ERR,ERR,ERR,ERR,ERR,ERR,ERR,ERR,ERR,ERR,ERR,ERR,ERR,ERR,ERR,-107615288.0,-107615296.0,0.0,0.0,0.0,1.3936040501711995e+18,7.805,0.0,0,0,4,0,8422,0.0,45,0.0,0.0,0.0,0.0,0.0,0,0,0,0,0.0,0,0,0,0,0,0,0,0,0,0,0,0,0,0,0,0,0,0,0,0,0,0,0,0,0,0,0,0,0,0,0,0,0,38,14,7,45,65476,0,300,0,0,8,21553,0.0,-107605600.0,0.0,0.0,0.0,0.0,0.0,0.0,0.0,0.0,0.0,0.0,0.0,0.0,0.0,0.0,0.0,0.0,0.0,0.0,0.0,0.0,-2.004,0.0,2.004,-2.004,0.0,0.0,0.0,0.0,5082.0,131350.469,0.0,-107615288.0,-107615296.0,-107615280.0,2.718429300292151e+23,0.0,0.0,0.0,0.0,53,-0.0,-0.0,0.0,0.0,0.0,0.0,0.0,0.0,0.0,0,0,0,0.0,0.0,0.0,0.0,0.0,0.0,0.0,0.0,0.0,0.0,0.0,0.0,0.0,0.0,0.0,0.0,0,-107875648.0,53,0.0,106,-107614832.0,0.0,ERR,ERR,ERR,ERR,ERR,ERR,ERR,ERR,ERR,ERR,ERR,ERR,ERR,ERR,ERR,ERR,ERR,ERR,ERR,ERR,ERR,ERR,ERR,ERR,ERR,ERR,ERR,ERR,ERR,ERR,ERR,ERR,ERR,ERR,ERR,ERR,ERR,ERR,ERR,ERR,ERR,ERR,ERR,ERR,ERR,ERR,ERR,ERR,ERR,ERR,ERR,ERR,ERR,ERR,ERR,ERR,ERR,ERR,ERR,ERR,ERR,ERR,ERR,ERR,ERR,ERR,ERR,50.0,60.0,100,0.0,0.0,0.0,0.0,0.0,0.0,0.0,0.0,0.0,0.0,0.0,0.0,0.0,0.0,0.0,0.0,62.0,74,13,65511,50,65476,0,300,0,0,8,20529,65476,0,0,26214,60.0,0.0,0.0,0.0,0.0,0.0
2026-05-17T18:07:33,ERR,ERR,ERR,ERR,ERR,ERR,ERR,ERR,ERR,ERR,ERR,ERR,ERR,ERR,ERR,ERR,ERR,ERR,ERR,ERR,ERR,ERR,ERR,ERR,ERR,ERR,ERR,ERR,ERR,ERR,ERR,ERR,ERR,ERR,ERR,ERR,ERR,ERR,ERR,ERR,ERR,ERR,ERR,ERR,ERR,ERR,ERR,ERR,ERR,ERR,ERR,ERR,ERR,ERR,ERR,ERR,ERR,ERR,ERR,ERR,ERR,ERR,ERR,ERR,ERR,ERR,ERR,ERR,ERR,ERR,ERR,ERR,ERR,ERR,ERR,ERR,ERR,ERR,ERR,ERR,ERR,ERR,ERR,ERR,ERR,ERR,ERR,ERR,ERR,ERR,ERR,ERR,ERR,ERR,ERR,ERR,ERR,ERR,ERR,ERR,ERR,ERR,ERR,ERR,ERR,ERR,ERR,ERR,ERR,ERR,ERR,ERR,ERR,ERR,ERR,ERR,ERR,ERR,ERR,ERR,ERR,ERR,ERR,ERR,ERR,-107615288.0,-107615296.0,0.0,0.0,0.0,1.3936040501711995e+18,7.805,0.0,0,0,4,0,8422,0.0,45,0.0,0.0,0.0,0.0,0.0,0,0,0,0,0.0,0,0,0,0,0,0,0,0,0,0,0,0,0,0,0,0,0,0,0,0,0,0,0,0,0,0,0,0,0,0,0,0,0,38,14,7,45,65476,0,300,0,0,8,21553,0.0,-107605600.0,0.0,0.0,0.0,0.0,0.0,0.0,0.0,0.0,0.0,0.0,0.0,0.0,0.0,0.0,0.0,0.0,0.0,0.0,0.0,0.0,-2.004,0.0,2.004,-2.004,0.0,0.0,0.0,0.0,5082.0,131350.469,0.0,-107615288.0,-107615296.0,-107615280.0,2.718429300292151e+23,0.0,0.0,0.0,0.0,53,-0.0,-0.0,0.0,0.0,0.0,0.0,0.0,0.0,0.0,0,0,0,0.0,0.0,0.0,0.0,0.0,0.0,0.0,0.0,0.0,0.0,0.0,0.0,0.0,0.0,0.0,0.0,0,-107875648.0,53,0.0,106,-107614832.0,0.0,ERR,ERR,ERR,ERR,ERR,ERR,ERR,ERR,ERR,ERR,ERR,ERR,ERR,ERR,ERR,ERR,ERR,ERR,ERR,ERR,ERR,ERR,ERR,ERR,ERR,ERR,ERR,ERR,ERR,ERR,ERR,ERR,ERR,ERR,ERR,ERR,ERR,ERR,ERR,ERR,ERR,ERR,ERR,ERR,ERR,ERR,ERR,ERR,ERR,ERR,ERR,ERR,ERR,ERR,ERR,ERR,ERR,ERR,ERR,ERR,ERR,ERR,ERR,ERR,ERR,ERR,ERR,50.0,60.0,100,0.0,0.0,0.0,0.0,0.0,0.0,0.0,0.0,0.0,0.0,0.0,0.0,0.0,0.0,0.0,0.0,62.0,74,13,65511,50,65476,0,300,0,0,8,20529,65476,0,0,26214,60.0,0.0,0.0,0.0,0.0,0.0
2026-05-17T18:07:34,ERR,ERR,ERR,ERR,ERR,ERR,ERR,ERR,ERR,ERR,ERR,ERR,ERR,ERR,ERR,ERR,ERR,ERR,ERR,ERR,ERR,ERR,ERR,ERR,ERR,ERR,ERR,ERR,ERR,ERR,ERR,ERR,ERR,ERR,ERR,ERR,ERR,ERR,ERR,ERR,ERR,ERR,ERR,ERR,ERR,ERR,ERR,ERR,ERR,ERR,ERR,ERR,ERR,ERR,ERR,ERR,ERR,ERR,ERR,ERR,ERR,ERR,ERR,ERR,ERR,ERR,ERR,ERR,ERR,ERR,ERR,ERR,ERR,ERR,ERR,ERR,ERR,ERR,ERR,ERR,ERR,ERR,ERR,ERR,ERR,ERR,ERR,ERR,ERR,ERR,ERR,ERR,ERR,ERR,ERR,ERR,ERR,ERR,ERR,ERR,ERR,ERR,ERR,ERR,ERR,ERR,ERR,ERR,ERR,ERR,ERR,ERR,ERR,ERR,ERR,ERR,ERR,ERR,ERR,ERR,ERR,ERR,ERR,ERR,ERR,-107615288.0,-107615296.0,0.0,0.0,0.0,1.3936040501711995e+18,7.805,0.0,0,0,4,0,8422,0.0,45,0.0,0.0,0.0,0.0,0.0,0,0,0,0,0.0,0,0,0,0,0,0,0,0,0,0,0,0,0,0,0,0,0,0,0,0,0,0,0,0,0,0,0,0,0,0,0,0,0,38,14,7,45,65476,0,300,0,0,8,21553,0.0,-107605600.0,0.0,0.0,0.0,0.0,0.0,0.0,0.0,0.0,0.0,0.0,0.0,0.0,0.0,0.0,0.0,0.0,0.0,0.0,0.0,0.0,-2.004,0.0,2.004,-2.004,0.0,0.0,0.0,0.0,5082.0,131350.469,0.0,-107615288.0,-107615296.0,-107615280.0,2.718429300292151e+23,0.0,0.0,0.0,0.0,53,-0.0,-0.0,0.0,0.0,0.0,0.0,0.0,0.0,0.0,0,0,0,0.0,0.0,0.0,0.0,0.0,0.0,0.0,0.0,0.0,0.0,0.0,0.0,0.0,0.0,0.0,0.0,0,-107875648.0,53,0.0,106,-107614832.0,0.0,ERR,ERR,ERR,ERR,ERR,ERR,ERR,ERR,ERR,ERR,ERR,ERR,ERR,ERR,ERR,ERR,ERR,ERR,ERR,ERR,ERR,ERR,ERR,ERR,ERR,ERR,ERR,ERR,ERR,ERR,ERR,ERR,ERR,ERR,ERR,ERR,ERR,ERR,ERR,ERR,ERR,ERR,ERR,ERR,ERR,ERR,ERR,ERR,ERR,ERR,ERR,ERR,ERR,ERR,ERR,ERR,ERR,ERR,ERR,ERR,ERR,ERR,ERR,ERR,ERR,ERR,ERR,50.0,60.0,100,0.0,0.0,0.0,0.0,0.0,0.0,0.0,0.0,0.0,0.0,0.0,0.0,0.0,0.0,0.0,0.0,62.0,74,13,65511,50,65476,0,300,0,0,8,20529,65476,0,0,26214,60.0,0.0,0.0,0.0,0.0,0.0
2026-05-17T18:07:35,ERR,ERR,ERR,ERR,ERR,ERR,ERR,ERR,ERR,ERR,ERR,ERR,ERR,ERR,ERR,ERR,ERR,ERR,ERR,ERR,ERR,ERR,ERR,ERR,ERR,ERR,ERR,ERR,ERR,ERR,ERR,ERR,ERR,ERR,ERR,ERR,ERR,ERR,ERR,ERR,ERR,ERR,ERR,ERR,ERR,ERR,ERR,ERR,ERR,ERR,ERR,ERR,ERR,ERR,ERR,ERR,ERR,ERR,ERR,ERR,ERR,ERR,ERR,ERR,ERR,ERR,ERR,ERR,ERR,ERR,ERR,ERR,ERR,ERR,ERR,ERR,ERR,ERR,ERR,ERR,ERR,ERR,ERR,ERR,ERR,ERR,ERR,ERR,ERR,ERR,ERR,ERR,ERR,ERR,ERR,ERR,ERR,ERR,ERR,ERR,ERR,ERR,ERR,ERR,ERR,ERR,ERR,ERR,ERR,ERR,ERR,ERR,ERR,ERR,ERR,ERR,ERR,ERR,ERR,ERR,ERR,ERR,ERR,ERR,ERR,-107615288.0,-107615296.0,0.0,0.0,0.0,1.3936040501711995e+18,7.805,0.0,0,0,4,0,8422,0.0,45,0.0,0.0,0.0,0.0,0.0,0,0,0,0,0.0,0,0,0,0,0,0,0,0,0,0,0,0,0,0,0,0,0,0,0,0,0,0,0,0,0,0,0,0,0,0,0,0,0,38,14,7,45,65476,0,300,0,0,8,21553,0.0,-107605600.0,0.0,0.0,0.0,0.0,0.0,0.0,0.0,0.0,0.0,0.0,0.0,0.0,0.0,0.0,0.0,0.0,0.0,0.0,0.0,0.0,-2.004,0.0,2.004,-2.004,0.0,0.0,0.0,0.0,5082.0,131350.469,0.0,-107615288.0,-107615296.0,-107615280.0,2.718429300292151e+23,0.0,0.0,0.0,0.0,53,-0.0,-0.0,0.0,0.0,0.0,0.0,0.0,0.0,0.0,0,0,0,0.0,0.0,0.0,0.0,0.0,0.0,0.0,0.0,0.0,0.0,0.0,0.0,0.0,0.0,0.0,0.0,0,-107875648.0,53,0.0,106,-107614832.0,0.0,ERR,ERR,ERR,ERR,ERR,ERR,ERR,ERR,ERR,ERR,ERR,ERR,ERR,ERR,ERR,ERR,ERR,ERR,ERR,ERR,ERR,ERR,ERR,ERR,ERR,ERR,ERR,ERR,ERR,ERR,ERR,ERR,ERR,ERR,ERR,ERR,ERR,ERR,ERR,ERR,ERR,ERR,ERR,ERR,ERR,ERR,ERR,ERR,ERR,ERR,ERR,ERR,ERR,ERR,ERR,ERR,ERR,ERR,ERR,ERR,ERR,ERR,ERR,ERR,ERR,ERR,ERR,50.0,60.0,100,0.0,0.0,0.0,0.0,0.0,0.0,0.0,0.0,0.0,0.0,0.0,0.0,0.0,0.0,0.0,0.0,61.6,74,13,65511,50,65476,0,300,0,0,8,20529,65476,0,0,26214,60.0,0.0,0.0,0.0,0.0,0.0
2026-05-17T18:07:36,ERR,ERR,ERR,ERR,ERR,ERR,ERR,ERR,ERR,ERR,ERR,ERR,ERR,ERR,ERR,ERR,ERR,ERR,ERR,ERR,ERR,ERR,ERR,ERR,ERR,ERR,ERR,ERR,ERR,ERR,ERR,ERR,ERR,ERR,ERR,ERR,ERR,ERR,ERR,ERR,ERR,ERR,ERR,ERR,ERR,ERR,ERR,ERR,ERR,ERR,ERR,ERR,ERR,ERR,ERR,ERR,ERR,ERR,ERR,ERR,ERR,ERR,ERR,ERR,ERR,ERR,ERR,ERR,ERR,ERR,ERR,ERR,ERR,ERR,ERR,ERR,ERR,ERR,ERR,ERR,ERR,ERR,ERR,ERR,ERR,ERR,ERR,ERR,ERR,ERR,ERR,ERR,ERR,ERR,ERR,ERR,ERR,ERR,ERR,ERR,ERR,ERR,ERR,ERR,ERR,ERR,ERR,ERR,ERR,ERR,ERR,ERR,ERR,ERR,ERR,ERR,ERR,ERR,ERR,ERR,ERR,ERR,ERR,ERR,ERR,-107615288.0,-107615296.0,0.0,0.0,0.0,1.3936040501711995e+18,7.805,0.0,0,0,4,0,8422,0.0,45,0.0,0.0,0.0,0.0,0.0,0,0,0,0,0.0,0,0,0,0,0,0,0,0,0,0,0,0,0,0,0,0,0,0,0,0,0,0,0,0,0,0,0,0,0,0,0,0,0,38,14,7,45,65476,0,300,0,0,8,21553,0.0,-107605600.0,0.0,0.0,0.0,0.0,0.0,0.0,0.0,0.0,0.0,0.0,0.0,0.0,0.0,0.0,0.0,0.0,0.0,0.0,0.0,0.0,-2.004,0.0,2.004,-2.004,0.0,0.0,0.0,0.0,5082.0,131350.469,0.0,-107615288.0,-107615296.0,-107615280.0,2.718429300292151e+23,0.0,0.0,0.0,0.0,53,-0.0,-0.0,0.0,0.0,0.0,0.0,0.0,0.0,0.0,0,0,0,0.0,0.0,0.0,0.0,0.0,0.0,0.0,0.0,0.0,0.0,0.0,0.0,0.0,0.0,0.0,0.0,0,-107875648.0,53,0.0,106,-107614832.0,0.0,ERR,ERR,ERR,ERR,ERR,ERR,ERR,ERR,ERR,ERR,ERR,ERR,ERR,ERR,ERR,ERR,ERR,ERR,ERR,ERR,ERR,ERR,ERR,ERR,ERR,ERR,ERR,ERR,ERR,ERR,ERR,ERR,ERR,ERR,ERR,ERR,ERR,ERR,ERR,ERR,ERR,ERR,ERR,ERR,ERR,ERR,ERR,ERR,ERR,ERR,ERR,ERR,ERR,ERR,ERR,ERR,ERR,ERR,ERR,ERR,ERR,ERR,ERR,ERR,ERR,ERR,ERR,50.0,60.0,100,0.0,0.0,0.0,0.0,0.0,0.0,0.0,0.0,0.0,0.0,0.0,0.0,0.0,0.0,0.0,0.0,61.6,74,13,65511,50,65476,0,300,0,0,8,20529,65476,0,0,26214,60.0,0.0,0.0,0.0,0.0,0.0
2026-05-17T18:07:37,ERR,ERR,ERR,ERR,ERR,ERR,ERR,ERR,ERR,ERR,ERR,ERR,ERR,ERR,ERR,ERR,ERR,ERR,ERR,ERR,ERR,ERR,ERR,ERR,ERR,ERR,ERR,ERR,ERR,ERR,ERR,ERR,ERR,ERR,ERR,ERR,ERR,ERR,ERR,ERR,ERR,ERR,ERR,ERR,ERR,ERR,ERR,ERR,ERR,ERR,ERR,ERR,ERR,ERR,ERR,ERR,ERR,ERR,ERR,ERR,ERR,ERR,ERR,ERR,ERR,ERR,ERR,ERR,ERR,ERR,ERR,ERR,ERR,ERR,ERR,ERR,ERR,ERR,ERR,ERR,ERR,ERR,ERR,ERR,ERR,ERR,ERR,ERR,ERR,ERR,ERR,ERR,ERR,ERR,ERR,ERR,ERR,ERR,ERR,ERR,ERR,ERR,ERR,ERR,ERR,ERR,ERR,ERR,ERR,ERR,ERR,ERR,ERR,ERR,ERR,ERR,ERR,ERR,ERR,ERR,ERR,ERR,ERR,ERR,ERR,-107615288.0,-107615296.0,0.0,0.0,0.0,1.3936040501711995e+18,7.805,0.0,0,0,4,0,8422,0.0,45,0.0,0.0,0.0,0.0,0.0,0,0,0,0,0.0,0,0,0,0,0,0,0,0,0,0,0,0,0,0,0,0,0,0,0,0,0,0,0,0,0,0,0,0,0,0,0,0,0,38,14,7,45,65476,0,300,0,0,8,21553,0.0,-107605600.0,0.0,0.0,0.0,0.0,0.0,0.0,0.0,0.0,0.0,0.0,0.0,0.0,0.0,0.0,0.0,0.0,0.0,0.0,0.0,0.0,-2.004,0.0,-0.0,0.0,0.0,0.0,0.0,0.0,5080.0,0.0,0.0,-107615288.0,-107615296.0,-0.0,0.0,0.0,0.0,0.0,0.0,53,-0.0,-0.0,0.0,0.0,0.0,0.0,0.0,0.0,0.0,0,0,0,0.0,0.0,0.0,0.0,0.0,0.0,0.0,0.0,0.0,0.0,0.0,0.0,0.0,0.0,0.0,0.0,0,-107875648.0,53,0.0,106,-107614832.0,-0.0,ERR,ERR,ERR,ERR,ERR,ERR,ERR,ERR,ERR,ERR,ERR,ERR,ERR,ERR,ERR,ERR,ERR,ERR,ERR,ERR,ERR,ERR,ERR,ERR,ERR,ERR,ERR,ERR,ERR,ERR,ERR,ERR,ERR,ERR,ERR,ERR,ERR,ERR,ERR,ERR,ERR,ERR,ERR,ERR,ERR,ERR,ERR,ERR,ERR,ERR,ERR,ERR,ERR,ERR,ERR,ERR,ERR,ERR,ERR,ERR,ERR,ERR,ERR,ERR,ERR,ERR,ERR,50.0,60.0,100,0.0,0.0,0.0,0.0,0.0,0.0,0.0,0.0,0.0,0.0,0.0,0.0,0.0,0.0,0.0,0.0,62.0,74,13,65511,50,65476,0,300,0,0,8,20529,65476,0,0,26214,60.0,0.0,0.0,0.0,0.0,0.0
2026-05-17T18:07:38,ERR,ERR,ERR,ERR,ERR,ERR,ERR,ERR,ERR,ERR,ERR,ERR,ERR,ERR,ERR,ERR,ERR,ERR,ERR,ERR,ERR,ERR,ERR,ERR,ERR,ERR,ERR,ERR,ERR,ERR,ERR,ERR,ERR,ERR,ERR,ERR,ERR,ERR,ERR,ERR,ERR,ERR,ERR,ERR,ERR,ERR,ERR,ERR,ERR,ERR,ERR,ERR,ERR,ERR,ERR,ERR,ERR,ERR,ERR,ERR,ERR,ERR,ERR,ERR,ERR,ERR,ERR,ERR,ERR,ERR,ERR,ERR,ERR,ERR,ERR,ERR,ERR,ERR,ERR,ERR,ERR,ERR,ERR,ERR,ERR,ERR,ERR,ERR,ERR,ERR,ERR,ERR,ERR,ERR,ERR,ERR,ERR,ERR,ERR,ERR,ERR,ERR,ERR,ERR,ERR,ERR,ERR,ERR,ERR,ERR,ERR,ERR,ERR,ERR,ERR,ERR,ERR,ERR,ERR,ERR,ERR,ERR,ERR,ERR,ERR,-107615288.0,-107615296.0,0.0,0.0,0.0,1.3936040501711995e+18,7.805,0.0,0,0,4,0,8422,0.0,45,0.0,0.0,0.0,0.0,0.0,0,0,0,0,0.0,0,0,0,0,0,0,0,0,0,0,0,0,0,0,0,0,0,0,0,0,0,0,0,0,0,0,0,0,0,0,0,0,0,38,14,7,45,65476,0,300,0,0,8,21553,0.0,-107605600.0,0.0,0.0,0.0,0.0,0.0,0.0,0.0,0.0,0.0,0.0,0.0,0.0,0.0,0.0,0.0,0.0,0.0,0.0,0.0,0.0,-2.004,0.0,-0.0,0.0,0.0,0.0,0.0,0.0,5080.0,0.0,0.0,-107615288.0,-107615296.0,-0.0,0.0,0.0,0.0,0.0,0.0,53,-0.0,-0.0,0.0,0.0,0.0,0.0,0.0,0.0,0.0,0,0,0,0.0,0.0,0.0,0.0,0.0,0.0,0.0,0.0,0.0,0.0,0.0,0.0,0.0,0.0,0.0,0.0,0,-107875648.0,53,0.0,106,-107614832.0,-0.0,ERR,ERR,ERR,ERR,ERR,ERR,ERR,ERR,ERR,ERR,ERR,ERR,ERR,ERR,ERR,ERR,ERR,ERR,ERR,ERR,ERR,ERR,ERR,ERR,ERR,ERR,ERR,ERR,ERR,ERR,ERR,ERR,ERR,ERR,ERR,ERR,ERR,ERR,ERR,ERR,ERR,ERR,ERR,ERR,ERR,ERR,ERR,ERR,ERR,ERR,ERR,ERR,ERR,ERR,ERR,ERR,ERR,ERR,ERR,ERR,ERR,ERR,ERR,ERR,ERR,ERR,ERR,50.0,60.0,100,0.0,0.0,0.0,0.0,0.0,0.0,0.0,0.0,0.0,0.0,0.0,0.0,0.0,0.0,0.0,0.0,62.0,74,13,65511,50,65476,0,300,0,0,8,20529,65476,0,0,26214,60.0,0.0,0.0,0.0,0.0,0.0
2026-05-17T18:07:39,ERR,ERR,ERR,ERR,ERR,ERR,ERR,ERR,ERR,ERR,ERR,ERR,ERR,ERR,ERR,ERR,ERR,ERR,ERR,ERR,ERR,ERR,ERR,ERR,ERR,ERR,ERR,ERR,ERR,ERR,ERR,ERR,ERR,ERR,ERR,ERR,ERR,ERR,ERR,ERR,ERR,ERR,ERR,ERR,ERR,ERR,ERR,ERR,ERR,ERR,ERR,ERR,ERR,ERR,ERR,ERR,ERR,ERR,ERR,ERR,ERR,ERR,ERR,ERR,ERR,ERR,ERR,ERR,ERR,ERR,ERR,ERR,ERR,ERR,ERR,ERR,ERR,ERR,ERR,ERR,ERR,ERR,ERR,ERR,ERR,ERR,ERR,ERR,ERR,ERR,ERR,ERR,ERR,ERR,ERR,ERR,ERR,ERR,ERR,ERR,ERR,ERR,ERR,ERR,ERR,ERR,ERR,ERR,ERR,ERR,ERR,ERR,ERR,ERR,ERR,ERR,ERR,ERR,ERR,ERR,ERR,ERR,ERR,ERR,ERR,-107615288.0,-107615296.0,0.0,0.0,0.0,1.3936040501711995e+18,7.805,0.0,0,0,4,0,8422,0.0,45,0.0,0.0,0.0,0.0,0.0,0,0,0,0,0.0,0,0,0,0,0,0,0,0,0,0,0,0,0,0,0,0,0,0,0,0,0,0,0,0,0,0,0,0,0,0,0,0,0,38,14,7,45,65476,0,300,0,0,8,21553,0.0,-107605600.0,0.0,0.0,0.0,0.0,0.0,0.0,0.0,0.0,0.0,0.0,0.0,0.0,0.0,0.0,0.0,0.0,0.0,0.0,0.0,0.0,-2.004,0.0,-0.0,0.0,0.0,0.0,0.0,0.0,5080.0,0.0,0.0,-107615288.0,-107615296.0,-0.0,0.0,0.0,0.0,0.0,0.0,53,-0.0,-0.0,0.0,0.0,0.0,0.0,0.0,0.0,0.0,0,0,0,0.0,0.0,0.0,0.0,0.0,0.0,0.0,0.0,0.0,0.0,0.0,0.0,0.0,0.0,0.0,0.0,0,-107875648.0,53,0.0,106,-107614832.0,-0.0,ERR,ERR,ERR,ERR,ERR,ERR,ERR,ERR,ERR,ERR,ERR,ERR,ERR,ERR,ERR,ERR,ERR,ERR,ERR,ERR,ERR,ERR,ERR,ERR,ERR,ERR,ERR,ERR,ERR,ERR,ERR,ERR,ERR,ERR,ERR,ERR,ERR,ERR,ERR,ERR,ERR,ERR,ERR,ERR,ERR,ERR,ERR,ERR,ERR,ERR,ERR,ERR,ERR,ERR,ERR,ERR,ERR,ERR,ERR,ERR,ERR,ERR,ERR,ERR,ERR,ERR,ERR,50.0,60.0,100,0.0,0.0,0.0,0.0,0.0,0.0,0.0,0.0,0.0,0.0,0.0,0.0,0.0,0.0,0.0,0.0,62.0,74,13,65511,50,65476,0,300,0,0,8,20529,65476,0,0,26214,60.0,0.0,0.0,0.0,0.0,0.0
2026-05-17T18:07:40,ERR,ERR,ERR,ERR,ERR,ERR,ERR,ERR,ERR,ERR,ERR,ERR,ERR,ERR,ERR,ERR,ERR,ERR,ERR,ERR,ERR,ERR,ERR,ERR,ERR,ERR,ERR,ERR,ERR,ERR,ERR,ERR,ERR,ERR,ERR,ERR,ERR,ERR,ERR,ERR,ERR,ERR,ERR,ERR,ERR,ERR,ERR,ERR,ERR,ERR,ERR,ERR,ERR,ERR,ERR,ERR,ERR,ERR,ERR,ERR,ERR,ERR,ERR,ERR,ERR,ERR,ERR,ERR,ERR,ERR,ERR,ERR,ERR,ERR,ERR,ERR,ERR,ERR,ERR,ERR,ERR,ERR,ERR,ERR,ERR,ERR,ERR,ERR,ERR,ERR,ERR,ERR,ERR,ERR,ERR,ERR,ERR,ERR,ERR,ERR,ERR,ERR,ERR,ERR,ERR,ERR,ERR,ERR,ERR,ERR,ERR,ERR,ERR,ERR,ERR,ERR,ERR,ERR,ERR,ERR,ERR,ERR,ERR,ERR,ERR,-107615288.0,-107615296.0,0.0,0.0,0.0,1.3936040501711995e+18,7.805,0.0,0,0,4,0,8422,0.0,45,0.0,0.0,0.0,0.0,0.0,0,0,0,0,0.0,0,0,0,0,0,0,0,0,0,0,0,0,0,0,0,0,0,0,0,0,0,0,0,0,0,0,0,0,0,0,0,0,0,38,14,7,45,65476,0,300,0,0,8,21553,0.0,-107605600.0,0.0,0.0,0.0,0.0,0.0,0.0,0.0,0.0,0.0,0.0,0.0,0.0,0.0,0.0,0.0,0.0,0.0,0.0,0.0,0.0,-2.004,0.0,-0.0,0.0,0.0,0.0,0.0,0.0,5080.0,0.0,0.0,-107615288.0,-107615296.0,-0.0,0.0,0.0,0.0,0.0,0.0,53,-0.0,-0.0,0.0,0.0,0.0,0.0,0.0,0.0,0.0,0,0,0,0.0,0.0,0.0,0.0,0.0,0.0,0.0,0.0,0.0,0.0,0.0,0.0,0.0,0.0,0.0,0.0,0,-107875648.0,53,0.0,106,-107614832.0,-0.0,ERR,ERR,ERR,ERR,ERR,ERR,ERR,ERR,ERR,ERR,ERR,ERR,ERR,ERR,ERR,ERR,ERR,ERR,ERR,ERR,ERR,ERR,ERR,ERR,ERR,ERR,ERR,ERR,ERR,ERR,ERR,ERR,ERR,ERR,ERR,ERR,ERR,ERR,ERR,ERR,ERR,ERR,ERR,ERR,ERR,ERR,ERR,ERR,ERR,ERR,ERR,ERR,ERR,ERR,ERR,ERR,ERR,ERR,ERR,ERR,ERR,ERR,ERR,ERR,ERR,ERR,ERR,50.0,60.0,100,0.0,0.0,0.0,0.0,0.0,0.0,0.0,0.0,0.0,0.0,0.0,0.0,0.0,0.0,0.0,0.0,61.6,74,13,65511,50,65476,0,300,0,0,8,20529,65476,0,0,26214,60.0,0.0,0.0,0.0,0.0,0.0
2026-05-17T18:07:41,ERR,ERR,ERR,ERR,ERR,ERR,ERR,ERR,ERR,ERR,ERR,ERR,ERR,ERR,ERR,ERR,ERR,ERR,ERR,ERR,ERR,ERR,ERR,ERR,ERR,ERR,ERR,ERR,ERR,ERR,ERR,ERR,ERR,ERR,ERR,ERR,ERR,ERR,ERR,ERR,ERR,ERR,ERR,ERR,ERR,ERR,ERR,ERR,ERR,ERR,ERR,ERR,ERR,ERR,ERR,ERR,ERR,ERR,ERR,ERR,ERR,ERR,ERR,ERR,ERR,ERR,ERR,ERR,ERR,ERR,ERR,ERR,ERR,ERR,ERR,ERR,ERR,ERR,ERR,ERR,ERR,ERR,ERR,ERR,ERR,ERR,ERR,ERR,ERR,ERR,ERR,ERR,ERR,ERR,ERR,ERR,ERR,ERR,ERR,ERR,ERR,ERR,ERR,ERR,ERR,ERR,ERR,ERR,ERR,ERR,ERR,ERR,ERR,ERR,ERR,ERR,ERR,ERR,ERR,ERR,ERR,ERR,ERR,ERR,ERR,-107615288.0,-107615296.0,0.0,0.0,0.0,1.3936040501711995e+18,7.805,0.0,0,0,4,0,8422,0.0,45,0.0,0.0,0.0,0.0,0.0,0,0,0,0,0.0,0,0,0,0,0,0,0,0,0,0,0,0,0,0,0,0,0,0,0,0,0,0,0,0,0,0,0,0,0,0,0,0,0,38,14,7,45,65476,0,300,0,0,8,21553,0.0,-107605600.0,0.0,0.0,0.0,0.0,0.0,0.0,0.0,0.0,0.0,0.0,0.0,0.0,0.0,0.0,0.0,0.0,0.0,0.0,0.0,0.0,-2.004,0.0,-0.0,0.0,0.0,0.0,0.0,0.0,5080.0,0.0,0.0,-107615288.0,-107615296.0,-0.0,0.0,0.0,0.0,0.0,0.0,53,-0.0,-0.0,0.0,0.0,0.0,0.0,0.0,0.0,0.0,0,0,0,0.0,0.0,0.0,0.0,0.0,0.0,0.0,0.0,0.0,0.0,0.0,0.0,0.0,0.0,0.0,0.0,0,-107875648.0,53,0.0,106,-107614832.0,-0.0,ERR,ERR,ERR,ERR,ERR,ERR,ERR,ERR,ERR,ERR,ERR,ERR,ERR,ERR,ERR,ERR,ERR,ERR,ERR,ERR,ERR,ERR,ERR,ERR,ERR,ERR,ERR,ERR,ERR,ERR,ERR,ERR,ERR,ERR,ERR,ERR,ERR,ERR,ERR,ERR,ERR,ERR,ERR,ERR,ERR,ERR,ERR,ERR,ERR,ERR,ERR,ERR,ERR,ERR,ERR,ERR,ERR,ERR,ERR,ERR,ERR,ERR,ERR,ERR,ERR,ERR,ERR,50.0,60.0,100,0.0,0.0,0.0,0.0,0.0,0.0,0.0,0.0,0.0,0.0,0.0,0.0,0.0,0.0,0.0,0.0,61.6,74,13,65511,50,65476,0,300,0,0,8,20529,65476,0,0,26214,60.0,0.0,0.0,0.0,0.0,0.0
2026-05-17T18:07:42,ERR,ERR,ERR,ERR,ERR,ERR,ERR,ERR,ERR,ERR,ERR,ERR,ERR,ERR,ERR,ERR,ERR,ERR,ERR,ERR,ERR,ERR,ERR,ERR,ERR,ERR,ERR,ERR,ERR,ERR,ERR,ERR,ERR,ERR,ERR,ERR,ERR,ERR,ERR,ERR,ERR,ERR,ERR,ERR,ERR,ERR,ERR,ERR,ERR,ERR,ERR,ERR,ERR,ERR,ERR,ERR,ERR,ERR,ERR,ERR,ERR,ERR,ERR,ERR,ERR,ERR,ERR,ERR,ERR,ERR,ERR,ERR,ERR,ERR,ERR,ERR,ERR,ERR,ERR,ERR,ERR,ERR,ERR,ERR,ERR,ERR,ERR,ERR,ERR,ERR,ERR,ERR,ERR,ERR,ERR,ERR,ERR,ERR,ERR,ERR,ERR,ERR,ERR,ERR,ERR,ERR,ERR,ERR,ERR,ERR,ERR,ERR,ERR,ERR,ERR,ERR,ERR,ERR,ERR,ERR,ERR,ERR,ERR,ERR,ERR,-107615288.0,-0.0,-134474944.0,0.0,0.0,1.3936040501711995e+18,7.805,0.0,0,0,4,0,8422,0.0,45,0.0,0.0,0.0,0.0,0.0,0,0,0,0,0.0,0,0,0,0,0,0,0,0,0,0,0,0,0,0,0,0,0,0,0,0,0,0,0,0,0,0,0,0,0,0,0,0,0,38,14,7,45,65476,0,300,0,0,8,21553,0.0,-107605600.0,0.0,0.0,0.0,0.0,0.0,0.0,0.0,0.0,0.0,0.0,0.0,0.0,0.0,0.0,0.0,0.0,0.0,0.0,0.0,0.0,-2.004,0.0,2.004,0.0,0.0,0.0,0.0,0.0,5047.0,-8608183296.0,0.0,-107615288.0,-107615296.0,-0.0,0.0,0.0,0.0,0.0,0.0,53,-0.0,-2.308828227263571e+20,0.0,0.0,0.0,0.0,0.0,0.0,0.0,0,0,0,0.0,0.0,0.0,0.0,0.0,0.0,0.0,0.0,0.0,0.0,0.0,0.0,0.0,0.0,0.0,0.0,0,-107875648.0,53,0.0,106,-107614832.0,0.0,ERR,ERR,ERR,ERR,ERR,ERR,ERR,ERR,ERR,ERR,ERR,ERR,ERR,ERR,ERR,ERR,ERR,ERR,ERR,ERR,ERR,ERR,ERR,ERR,ERR,ERR,ERR,ERR,ERR,ERR,ERR,ERR,ERR,ERR,ERR,ERR,ERR,ERR,ERR,ERR,ERR,ERR,ERR,ERR,ERR,ERR,ERR,ERR,ERR,ERR,ERR,ERR,ERR,ERR,ERR,ERR,ERR,ERR,ERR,ERR,ERR,ERR,ERR,ERR,ERR,ERR,ERR,50.0,60.0,100,0.0,0.0,0.0,0.0,0.0,0.0,0.0,0.0,0.0,0.0,0.0,0.0,0.0,0.0,0.0,0.0,61.6,74,13,65511,50,65476,0,300,0,0,8,20529,65476,0,0,26214,60.0,0.0,0.0,0.0,0.0,0.0
2026-05-17T18:07:43,ERR,ERR,ERR,ERR,ERR,ERR,ERR,ERR,ERR,ERR,ERR,ERR,ERR,ERR,ERR,ERR,ERR,ERR,ERR,ERR,ERR,ERR,ERR,ERR,ERR,ERR,ERR,ERR,ERR,ERR,ERR,ERR,ERR,ERR,ERR,ERR,ERR,ERR,ERR,ERR,ERR,ERR,ERR,ERR,ERR,ERR,ERR,ERR,ERR,ERR,ERR,ERR,ERR,ERR,ERR,ERR,ERR,ERR,ERR,ERR,ERR,ERR,ERR,ERR,ERR,ERR,ERR,ERR,ERR,ERR,ERR,ERR,ERR,ERR,ERR,ERR,ERR,ERR,ERR,ERR,ERR,ERR,ERR,ERR,ERR,ERR,ERR,ERR,ERR,ERR,ERR,ERR,ERR,ERR,ERR,ERR,ERR,ERR,ERR,ERR,ERR,ERR,ERR,ERR,ERR,ERR,ERR,ERR,ERR,ERR,ERR,ERR,ERR,ERR,ERR,ERR,ERR,ERR,ERR,ERR,ERR,ERR,ERR,ERR,ERR,-107615288.0,-0.0,-134474944.0,0.0,0.0,1.3936040501711995e+18,7.805,0.0,0,0,4,0,8422,0.0,45,0.0,0.0,0.0,0.0,0.0,0,0,0,0,0.0,0,0,0,0,0,0,0,0,0,0,0,0,0,0,0,0,0,0,0,0,0,0,0,0,0,0,0,0,0,0,0,0,0,38,14,7,45,65476,0,300,0,0,8,21553,0.0,-107605600.0,0.0,0.0,0.0,0.0,0.0,0.0,0.0,0.0,0.0,0.0,0.0,0.0,0.0,0.0,0.0,0.0,0.0,0.0,0.0,0.0,-2.004,0.0,2.004,0.0,0.0,0.0,0.0,0.0,5047.0,-8608183296.0,0.0,-107615288.0,-107615296.0,-0.0,0.0,0.0,0.0,0.0,0.0,53,-0.0,-2.308828227263571e+20,0.0,0.0,0.0,0.0,0.0,0.0,0.0,0,0,0,0.0,0.0,0.0,0.0,0.0,0.0,0.0,0.0,0.0,0.0,0.0,0.0,0.0,0.0,0.0,0.0,0,-107875648.0,53,0.0,106,-107614832.0,0.0,ERR,ERR,ERR,ERR,ERR,ERR,ERR,ERR,ERR,ERR,ERR,ERR,ERR,ERR,ERR,ERR,ERR,ERR,ERR,ERR,ERR,ERR,ERR,ERR,ERR,ERR,ERR,ERR,ERR,ERR,ERR,ERR,ERR,ERR,ERR,ERR,ERR,ERR,ERR,ERR,ERR,ERR,ERR,ERR,ERR,ERR,ERR,ERR,ERR,ERR,ERR,ERR,ERR,ERR,ERR,ERR,ERR,ERR,ERR,ERR,ERR,ERR,ERR,ERR,ERR,ERR,ERR,50.0,60.0,100,0.0,0.0,0.0,0.0,0.0,0.0,0.0,0.0,0.0,0.0,0.0,0.0,0.0,0.0,0.0,0.0,61.6,74,13,65511,50,65476,0,300,0,0,8,20529,65476,0,0,26214,60.0,0.0,0.0,0.0,0.0,0.0
2026-05-17T18:07:44,ERR,ERR,ERR,ERR,ERR,ERR,ERR,ERR,ERR,ERR,ERR,ERR,ERR,ERR,ERR,ERR,ERR,ERR,ERR,ERR,ERR,ERR,ERR,ERR,ERR,ERR,ERR,ERR,ERR,ERR,ERR,ERR,ERR,ERR,ERR,ERR,ERR,ERR,ERR,ERR,ERR,ERR,ERR,ERR,ERR,ERR,ERR,ERR,ERR,ERR,ERR,ERR,ERR,ERR,ERR,ERR,ERR,ERR,ERR,ERR,ERR,ERR,ERR,ERR,ERR,ERR,ERR,ERR,ERR,ERR,ERR,ERR,ERR,ERR,ERR,ERR,ERR,ERR,ERR,ERR,ERR,ERR,ERR,ERR,ERR,ERR,ERR,ERR,ERR,ERR,ERR,ERR,ERR,ERR,ERR,ERR,ERR,ERR,ERR,ERR,ERR,ERR,ERR,ERR,ERR,ERR,ERR,ERR,ERR,ERR,ERR,ERR,ERR,ERR,ERR,ERR,ERR,ERR,ERR,ERR,ERR,ERR,ERR,ERR,ERR,-107615288.0,-0.0,-134474944.0,0.0,0.0,1.3936040501711995e+18,7.805,0.0,0,0,4,0,8422,0.0,45,0.0,0.0,0.0,0.0,0.0,0,0,0,0,0.0,0,0,0,0,0,0,0,0,0,0,0,0,0,0,0,0,0,0,0,0,0,0,0,0,0,0,0,0,0,0,0,0,0,38,14,7,45,65476,0,300,0,0,8,21553,0.0,-107605600.0,0.0,0.0,0.0,0.0,0.0,0.0,0.0,0.0,0.0,0.0,0.0,0.0,0.0,0.0,0.0,0.0,0.0,0.0,0.0,0.0,-2.004,0.0,2.004,0.0,0.0,0.0,0.0,0.0,5047.0,-8608183296.0,0.0,-107615288.0,-107615296.0,-0.0,0.0,0.0,0.0,0.0,0.0,53,-0.0,-2.308828227263571e+20,0.0,0.0,0.0,0.0,0.0,0.0,0.0,0,0,0,0.0,0.0,0.0,0.0,0.0,0.0,0.0,0.0,0.0,0.0,0.0,0.0,0.0,0.0,0.0,0.0,0,-107875648.0,53,0.0,106,-107614832.0,0.0,ERR,ERR,ERR,ERR,ERR,ERR,ERR,ERR,ERR,ERR,ERR,ERR,ERR,ERR,ERR,ERR,ERR,ERR,ERR,ERR,ERR,ERR,ERR,ERR,ERR,ERR,ERR,ERR,ERR,ERR,ERR,ERR,ERR,ERR,ERR,ERR,ERR,ERR,ERR,ERR,ERR,ERR,ERR,ERR,ERR,ERR,ERR,ERR,ERR,ERR,ERR,ERR,ERR,ERR,ERR,ERR,ERR,ERR,ERR,ERR,ERR,ERR,ERR,ERR,ERR,ERR,ERR,50.0,60.0,100,0.0,0.0,0.0,0.0,0.0,0.0,0.0,0.0,0.0,0.0,0.0,0.0,0.0,0.0,0.0,0.0,61.6,74,13,65511,50,65476,0,300,0,0,8,20529,65476,0,0,26214,60.0,0.0,0.0,0.0,0.0,0.0
2026-05-17T18:07:45,ERR,ERR,ERR,ERR,ERR,ERR,ERR,ERR,ERR,ERR,ERR,ERR,ERR,ERR,ERR,ERR,ERR,ERR,ERR,ERR,ERR,ERR,ERR,ERR,ERR,ERR,ERR,ERR,ERR,ERR,ERR,ERR,ERR,ERR,ERR,ERR,ERR,ERR,ERR,ERR,ERR,ERR,ERR,ERR,ERR,ERR,ERR,ERR,ERR,ERR,ERR,ERR,ERR,ERR,ERR,ERR,ERR,ERR,ERR,ERR,ERR,ERR,ERR,ERR,ERR,ERR,ERR,ERR,ERR,ERR,ERR,ERR,ERR,ERR,ERR,ERR,ERR,ERR,ERR,ERR,ERR,ERR,ERR,ERR,ERR,ERR,ERR,ERR,ERR,ERR,ERR,ERR,ERR,ERR,ERR,ERR,ERR,ERR,ERR,ERR,ERR,ERR,ERR,ERR,ERR,ERR,ERR,ERR,ERR,ERR,ERR,ERR,ERR,ERR,ERR,ERR,ERR,ERR,ERR,ERR,ERR,ERR,ERR,ERR,ERR,-107615288.0,-0.0,-134474944.0,0.0,0.0,1.3936040501711995e+18,7.805,0.0,0,0,4,0,8422,0.0,45,0.0,0.0,0.0,0.0,0.0,0,0,0,0,0.0,0,0,0,0,0,0,0,0,0,0,0,0,0,0,0,0,0,0,0,0,0,0,0,0,0,0,0,0,0,0,0,0,0,38,14,7,45,65476,0,300,0,0,8,21553,0.0,-107605600.0,0.0,0.0,0.0,0.0,0.0,0.0,0.0,0.0,0.0,0.0,0.0,0.0,0.0,0.0,0.0,0.0,0.0,0.0,0.0,0.0,-2.004,0.0,2.004,0.0,0.0,0.0,0.0,0.0,5047.0,-8608183296.0,0.0,-107615288.0,-107615296.0,-0.0,0.0,0.0,0.0,0.0,0.0,53,-0.0,-2.308828227263571e+20,0.0,0.0,0.0,0.0,0.0,0.0,0.0,0,0,0,0.0,0.0,0.0,0.0,0.0,0.0,0.0,0.0,0.0,0.0,0.0,0.0,0.0,0.0,0.0,0.0,0,-107875648.0,53,0.0,106,-107614832.0,0.0,ERR,ERR,ERR,ERR,ERR,ERR,ERR,ERR,ERR,ERR,ERR,ERR,ERR,ERR,ERR,ERR,ERR,ERR,ERR,ERR,ERR,ERR,ERR,ERR,ERR,ERR,ERR,ERR,ERR,ERR,ERR,ERR,ERR,ERR,ERR,ERR,ERR,ERR,ERR,ERR,ERR,ERR,ERR,ERR,ERR,ERR,ERR,ERR,ERR,ERR,ERR,ERR,ERR,ERR,ERR,ERR,ERR,ERR,ERR,ERR,ERR,ERR,ERR,ERR,ERR,ERR,ERR,50.0,60.0,100,0.0,0.0,0.0,0.0,0.0,0.0,0.0,0.0,0.0,0.0,0.0,0.0,0.0,0.0,0.0,0.0,61.6,74,13,65511,50,65476,0,300,0,0,8,20529,65476,0,0,26214,60.0,0.0,0.0,0.0,0.0,0.0
2026-05-17T18:07:46,ERR,ERR,ERR,ERR,ERR,ERR,ERR,ERR,ERR,ERR,ERR,ERR,ERR,ERR,ERR,ERR,ERR,ERR,ERR,ERR,ERR,ERR,ERR,ERR,ERR,ERR,ERR,ERR,ERR,ERR,ERR,ERR,ERR,ERR,ERR,ERR,ERR,ERR,ERR,ERR,ERR,ERR,ERR,ERR,ERR,ERR,ERR,ERR,ERR,ERR,ERR,ERR,ERR,ERR,ERR,ERR,ERR,ERR,ERR,ERR,ERR,ERR,ERR,ERR,ERR,ERR,ERR,ERR,ERR,ERR,ERR,ERR,ERR,ERR,ERR,ERR,ERR,ERR,ERR,ERR,ERR,ERR,ERR,ERR,ERR,ERR,ERR,ERR,ERR,ERR,ERR,ERR,ERR,ERR,ERR,ERR,ERR,ERR,ERR,ERR,ERR,ERR,ERR,ERR,ERR,ERR,ERR,ERR,ERR,ERR,ERR,ERR,ERR,ERR,ERR,ERR,ERR,ERR,ERR,ERR,ERR,ERR,ERR,ERR,ERR,-107615288.0,-0.0,-134474944.0,0.0,0.0,1.3936040501711995e+18,7.805,0.0,0,0,4,0,8422,0.0,45,0.0,0.0,0.0,0.0,0.0,0,0,0,0,0.0,0,0,0,0,0,0,0,0,0,0,0,0,0,0,0,0,0,0,0,0,0,0,0,0,0,0,0,0,0,0,0,0,0,38,14,7,45,65476,0,300,0,0,8,21553,0.0,-107605600.0,0.0,0.0,0.0,0.0,0.0,0.0,0.0,0.0,0.0,0.0,0.0,0.0,0.0,0.0,0.0,0.0,0.0,0.0,0.0,0.0,-2.004,0.0,2.004,0.0,0.0,0.0,0.0,0.0,5047.0,-8608183296.0,0.0,-107615288.0,-107615296.0,-0.0,0.0,0.0,0.0,0.0,0.0,53,-0.0,-2.308828227263571e+20,0.0,0.0,0.0,0.0,0.0,0.0,0.0,0,0,0,0.0,0.0,0.0,0.0,0.0,0.0,0.0,0.0,0.0,0.0,0.0,0.0,0.0,0.0,0.0,0.0,0,-107875648.0,53,0.0,106,-107614832.0,0.0,ERR,ERR,ERR,ERR,ERR,ERR,ERR,ERR,ERR,ERR,ERR,ERR,ERR,ERR,ERR,ERR,ERR,ERR,ERR,ERR,ERR,ERR,ERR,ERR,ERR,ERR,ERR,ERR,ERR,ERR,ERR,ERR,ERR,ERR,ERR,ERR,ERR,ERR,ERR,ERR,ERR,ERR,ERR,ERR,ERR,ERR,ERR,ERR,ERR,ERR,ERR,ERR,ERR,ERR,ERR,ERR,ERR,ERR,ERR,ERR,ERR,ERR,ERR,ERR,ERR,ERR,ERR,50.0,60.0,100,0.0,0.0,0.0,0.0,0.0,0.0,0.0,0.0,0.0,0.0,0.0,0.0,0.0,0.0,0.0,0.0,61.6,74,13,65511,50,65476,0,300,0,0,8,20529,65476,0,0,26214,60.0,0.0,0.0,0.0,0.0,0.0
2026-05-17T18:07:47,ERR,ERR,ERR,ERR,ERR,ERR,ERR,ERR,ERR,ERR,ERR,ERR,ERR,ERR,ERR,ERR,ERR,ERR,ERR,ERR,ERR,ERR,ERR,ERR,ERR,ERR,ERR,ERR,ERR,ERR,ERR,ERR,ERR,ERR,ERR,ERR,ERR,ERR,ERR,ERR,ERR,ERR,ERR,ERR,ERR,ERR,ERR,ERR,ERR,ERR,ERR,ERR,ERR,ERR,ERR,ERR,ERR,ERR,ERR,ERR,ERR,ERR,ERR,ERR,ERR,ERR,ERR,ERR,ERR,ERR,ERR,ERR,ERR,ERR,ERR,ERR,ERR,ERR,ERR,ERR,ERR,ERR,ERR,ERR,ERR,ERR,ERR,ERR,ERR,ERR,ERR,ERR,ERR,ERR,ERR,ERR,ERR,ERR,ERR,ERR,ERR,ERR,ERR,ERR,ERR,ERR,ERR,ERR,ERR,ERR,ERR,ERR,ERR,ERR,ERR,ERR,ERR,ERR,ERR,ERR,ERR,ERR,ERR,ERR,ERR,-107615288.0,-0.0,-134474944.0,0.0,0.0,1.3936040501711995e+18,7.805,0.0,0,0,4,0,8422,0.0,45,0.0,0.0,0.0,0.0,0.0,0,0,0,0,0.0,0,0,0,0,0,0,0,0,0,0,0,0,0,0,0,0,0,0,0,0,0,0,0,0,0,0,0,0,0,0,0,0,0,38,14,7,45,65476,0,300,0,0,8,21553,0.0,-107605600.0,0.0,0.0,0.0,0.0,0.0,0.0,0.0,0.0,0.0,0.0,0.0,0.0,0.0,0.0,0.0,0.0,0.0,0.0,0.0,0.0,-2.004,0.0,2.004,0.0,0.0,0.0,0.0,0.0,5047.0,-8608183296.0,0.0,-107615288.0,-107615296.0,-0.0,0.0,0.0,0.0,0.0,0.0,53,-0.0,-2.308828227263571e+20,0.0,0.0,0.0,0.0,0.0,0.0,0.0,0,0,0,0.0,0.0,0.0,0.0,0.0,0.0,0.0,0.0,0.0,0.0,0.0,0.0,0.0,0.0,0.0,0.0,0,-107875648.0,53,0.0,106,-107614832.0,0.0,ERR,ERR,ERR,ERR,ERR,ERR,ERR,ERR,ERR,ERR,ERR,ERR,ERR,ERR,ERR,ERR,ERR,ERR,ERR,ERR,ERR,ERR,ERR,ERR,ERR,ERR,ERR,ERR,ERR,ERR,ERR,ERR,ERR,ERR,ERR,ERR,ERR,ERR,ERR,ERR,ERR,ERR,ERR,ERR,ERR,ERR,ERR,ERR,ERR,ERR,ERR,ERR,ERR,ERR,ERR,ERR,ERR,ERR,ERR,ERR,ERR,ERR,ERR,ERR,ERR,ERR,ERR,50.0,60.0,100,0.0,0.0,0.0,0.0,0.0,0.0,0.0,0.0,0.0,0.0,0.0,0.0,0.0,0.0,0.0,0.0,61.6,74,13,65511,50,65476,0,300,0,0,8,20529,65476,0,0,26214,60.0,0.0,0.0,0.0,0.0,0.0
2026-05-17T18:07:48,ERR,ERR,ERR,ERR,ERR,ERR,ERR,ERR,ERR,ERR,ERR,ERR,ERR,ERR,ERR,ERR,ERR,ERR,ERR,ERR,ERR,ERR,ERR,ERR,ERR,ERR,ERR,ERR,ERR,ERR,ERR,ERR,ERR,ERR,ERR,ERR,ERR,ERR,ERR,ERR,ERR,ERR,ERR,ERR,ERR,ERR,ERR,ERR,ERR,ERR,ERR,ERR,ERR,ERR,ERR,ERR,ERR,ERR,ERR,ERR,ERR,ERR,ERR,ERR,ERR,ERR,ERR,ERR,ERR,ERR,ERR,ERR,ERR,ERR,ERR,ERR,ERR,ERR,ERR,ERR,ERR,ERR,ERR,ERR,ERR,ERR,ERR,ERR,ERR,ERR,ERR,ERR,ERR,ERR,ERR,ERR,ERR,ERR,ERR,ERR,ERR,ERR,ERR,ERR,ERR,ERR,ERR,ERR,ERR,ERR,ERR,ERR,ERR,ERR,ERR,ERR,ERR,ERR,ERR,ERR,ERR,ERR,ERR,ERR,ERR,-107615288.0,-107615296.0,0.0,0.0,0.0,1.3936040501711995e+18,7.805,0.0,0,0,4,0,8422,0.0,45,0.0,0.0,0.0,0.0,0.0,0,0,0,0,0.0,0,0,0,0,0,0,0,0,0,0,0,0,0,0,0,0,0,0,0,0,0,0,0,0,0,0,0,0,0,0,0,0,0,38,14,7,45,65476,0,300,0,0,8,21553,0.0,-107605600.0,0.0,0.0,0.0,0.0,0.0,0.0,0.0,0.0,0.0,0.0,0.0,0.0,0.0,0.0,0.0,0.0,0.0,0.0,0.0,0.0,-2.004,-2.004,2.004,0.0,0.0,0.0,0.0,0.0,5054.0,-8608183296.0,0.0,-107615288.0,-107615296.0,-0.0,0.0,0.0,0.0,0.0,0.0,53,-0.0,0.0,0.0,0.0,0.0,0.0,0.0,0.0,0.0,0,0,0,0.0,0.0,0.0,0.0,0.0,0.0,0.0,0.0,0.0,0.0,0.0,0.0,0.0,0.0,0.0,0.0,0,-107875648.0,53,0.0,106,-107614832.0,0.0,ERR,ERR,ERR,ERR,ERR,ERR,ERR,ERR,ERR,ERR,ERR,ERR,ERR,ERR,ERR,ERR,ERR,ERR,ERR,ERR,ERR,ERR,ERR,ERR,ERR,ERR,ERR,ERR,ERR,ERR,ERR,ERR,ERR,ERR,ERR,ERR,ERR,ERR,ERR,ERR,ERR,ERR,ERR,ERR,ERR,ERR,ERR,ERR,ERR,ERR,ERR,ERR,ERR,ERR,ERR,ERR,ERR,ERR,ERR,ERR,ERR,ERR,ERR,ERR,ERR,ERR,ERR,50.0,60.0,100,0.0,0.0,0.0,0.0,0.0,0.0,0.0,0.0,0.0,0.0,0.0,0.0,0.0,0.0,0.0,0.0,61.6,74,13,65511,50,65476,0,300,0,0,8,20529,65476,0,0,26214,60.0,0.0,0.0,0.0,0.0,0.0
2026-05-17T18:07:49,ERR,ERR,ERR,ERR,ERR,ERR,ERR,ERR,ERR,ERR,ERR,ERR,ERR,ERR,ERR,ERR,ERR,ERR,ERR,ERR,ERR,ERR,ERR,ERR,ERR,ERR,ERR,ERR,ERR,ERR,ERR,ERR,ERR,ERR,ERR,ERR,ERR,ERR,ERR,ERR,ERR,ERR,ERR,ERR,ERR,ERR,ERR,ERR,ERR,ERR,ERR,ERR,ERR,ERR,ERR,ERR,ERR,ERR,ERR,ERR,ERR,ERR,ERR,ERR,ERR,ERR,ERR,ERR,ERR,ERR,ERR,ERR,ERR,ERR,ERR,ERR,ERR,ERR,ERR,ERR,ERR,ERR,ERR,ERR,ERR,ERR,ERR,ERR,ERR,ERR,ERR,ERR,ERR,ERR,ERR,ERR,ERR,ERR,ERR,ERR,ERR,ERR,ERR,ERR,ERR,ERR,ERR,ERR,ERR,ERR,ERR,ERR,ERR,ERR,ERR,ERR,ERR,ERR,ERR,ERR,ERR,ERR,ERR,ERR,ERR,-107615288.0,-107615296.0,0.0,0.0,0.0,1.3936040501711995e+18,7.805,0.0,0,0,4,0,8422,0.0,45,0.0,0.0,0.0,0.0,0.0,0,0,0,0,0.0,0,0,0,0,0,0,0,0,0,0,0,0,0,0,0,0,0,0,0,0,0,0,0,0,0,0,0,0,0,0,0,0,0,38,14,7,45,65476,0,300,0,0,8,21553,0.0,-107605600.0,0.0,0.0,0.0,0.0,0.0,0.0,0.0,0.0,0.0,0.0,0.0,0.0,0.0,0.0,0.0,0.0,0.0,0.0,0.0,0.0,-2.004,-2.004,2.004,0.0,0.0,0.0,0.0,0.0,5054.0,-8608183296.0,0.0,-107615288.0,-107615296.0,-0.0,0.0,0.0,0.0,0.0,0.0,53,-0.0,0.0,0.0,0.0,0.0,0.0,0.0,0.0,0.0,0,0,0,0.0,0.0,0.0,0.0,0.0,0.0,0.0,0.0,0.0,0.0,0.0,0.0,0.0,0.0,0.0,0.0,0,-107875648.0,53,0.0,106,-107614832.0,0.0,ERR,ERR,ERR,ERR,ERR,ERR,ERR,ERR,ERR,ERR,ERR,ERR,ERR,ERR,ERR,ERR,ERR,ERR,ERR,ERR,ERR,ERR,ERR,ERR,ERR,ERR,ERR,ERR,ERR,ERR,ERR,ERR,ERR,ERR,ERR,ERR,ERR,ERR,ERR,ERR,ERR,ERR,ERR,ERR,ERR,ERR,ERR,ERR,ERR,ERR,ERR,ERR,ERR,ERR,ERR,ERR,ERR,ERR,ERR,ERR,ERR,ERR,ERR,ERR,ERR,ERR,ERR,50.0,60.0,100,0.0,0.0,0.0,0.0,0.0,0.0,0.0,0.0,0.0,0.0,0.0,0.0,0.0,0.0,0.0,0.0,61.6,74,13,65511,50,65476,0,300,0,0,8,20529,65476,0,0,26214,60.0,0.0,0.0,0.0,0.0,0.0
2026-05-17T18:07:50,ERR,ERR,ERR,ERR,ERR,ERR,ERR,ERR,ERR,ERR,ERR,ERR,ERR,ERR,ERR,ERR,ERR,ERR,ERR,ERR,ERR,ERR,ERR,ERR,ERR,ERR,ERR,ERR,ERR,ERR,ERR,ERR,ERR,ERR,ERR,ERR,ERR,ERR,ERR,ERR,ERR,ERR,ERR,ERR,ERR,ERR,ERR,ERR,ERR,ERR,ERR,ERR,ERR,ERR,ERR,ERR,ERR,ERR,ERR,ERR,ERR,ERR,ERR,ERR,ERR,ERR,ERR,ERR,ERR,ERR,ERR,ERR,ERR,ERR,ERR,ERR,ERR,ERR,ERR,ERR,ERR,ERR,ERR,ERR,ERR,ERR,ERR,ERR,ERR,ERR,ERR,ERR,ERR,ERR,ERR,ERR,ERR,ERR,ERR,ERR,ERR,ERR,ERR,ERR,ERR,ERR,ERR,ERR,ERR,ERR,ERR,ERR,ERR,ERR,ERR,ERR,ERR,ERR,ERR,ERR,ERR,ERR,ERR,ERR,ERR,-107615288.0,-107615296.0,0.0,0.0,0.0,1.3936040501711995e+18,7.805,0.0,0,0,4,0,8422,0.0,45,0.0,0.0,0.0,0.0,0.0,0,0,0,0,0.0,0,0,0,0,0,0,0,0,0,0,0,0,0,0,0,0,0,0,0,0,0,0,0,0,0,0,0,0,0,0,0,0,0,38,14,7,45,65476,0,300,0,0,8,21553,0.0,-107605600.0,0.0,0.0,0.0,0.0,0.0,0.0,0.0,0.0,0.0,0.0,0.0,0.0,0.0,0.0,0.0,0.0,0.0,0.0,0.0,0.0,-2.004,-2.004,2.004,0.0,0.0,0.0,0.0,0.0,5054.0,-8608183296.0,0.0,-107615288.0,-107615296.0,-0.0,0.0,0.0,0.0,0.0,0.0,53,-0.0,0.0,0.0,0.0,0.0,0.0,0.0,0.0,0.0,0,0,0,0.0,0.0,0.0,0.0,0.0,0.0,0.0,0.0,0.0,0.0,0.0,0.0,0.0,0.0,0.0,0.0,0,-107875648.0,53,0.0,106,-107614832.0,0.0,ERR,ERR,ERR,ERR,ERR,ERR,ERR,ERR,ERR,ERR,ERR,ERR,ERR,ERR,ERR,ERR,ERR,ERR,ERR,ERR,ERR,ERR,ERR,ERR,ERR,ERR,ERR,ERR,ERR,ERR,ERR,ERR,ERR,ERR,ERR,ERR,ERR,ERR,ERR,ERR,ERR,ERR,ERR,ERR,ERR,ERR,ERR,ERR,ERR,ERR,ERR,ERR,ERR,ERR,ERR,ERR,ERR,ERR,ERR,ERR,ERR,ERR,ERR,ERR,ERR,ERR,ERR,50.0,60.0,100,0.0,0.0,0.0,0.0,0.0,0.0,0.0,0.0,0.0,0.0,0.0,0.0,0.0,0.0,0.0,0.0,61.6,74,13,65511,50,65476,0,300,0,0,8,20529,65476,0,0,26214,60.0,0.0,0.0,0.0,0.0,0.0
2026-05-17T18:07:51,ERR,ERR,ERR,ERR,ERR,ERR,ERR,ERR,ERR,ERR,ERR,ERR,ERR,ERR,ERR,ERR,ERR,ERR,ERR,ERR,ERR,ERR,ERR,ERR,ERR,ERR,ERR,ERR,ERR,ERR,ERR,ERR,ERR,ERR,ERR,ERR,ERR,ERR,ERR,ERR,ERR,ERR,ERR,ERR,ERR,ERR,ERR,ERR,ERR,ERR,ERR,ERR,ERR,ERR,ERR,ERR,ERR,ERR,ERR,ERR,ERR,ERR,ERR,ERR,ERR,ERR,ERR,ERR,ERR,ERR,ERR,ERR,ERR,ERR,ERR,ERR,ERR,ERR,ERR,ERR,ERR,ERR,ERR,ERR,ERR,ERR,ERR,ERR,ERR,ERR,ERR,ERR,ERR,ERR,ERR,ERR,ERR,ERR,ERR,ERR,ERR,ERR,ERR,ERR,ERR,ERR,ERR,ERR,ERR,ERR,ERR,ERR,ERR,ERR,ERR,ERR,ERR,ERR,ERR,ERR,ERR,ERR,ERR,ERR,ERR,-107615288.0,-107615296.0,0.0,0.0,0.0,1.3936040501711995e+18,7.805,0.0,0,0,4,0,8422,0.0,45,0.0,0.0,0.0,0.0,0.0,0,0,0,0,0.0,0,0,0,0,0,0,0,0,0,0,0,0,0,0,0,0,0,0,0,0,0,0,0,0,0,0,0,0,0,0,0,0,0,38,14,7,45,65476,0,300,0,0,8,21553,0.0,-107605600.0,0.0,0.0,0.0,0.0,0.0,0.0,0.0,0.0,0.0,0.0,0.0,0.0,0.0,0.0,0.0,0.0,0.0,0.0,0.0,0.0,-2.004,-2.004,2.004,0.0,0.0,0.0,0.0,0.0,5054.0,-8608183296.0,0.0,-107615288.0,-107615296.0,-0.0,0.0,0.0,0.0,0.0,0.0,53,-0.0,0.0,0.0,0.0,0.0,0.0,0.0,0.0,0.0,0,0,0,0.0,0.0,0.0,0.0,0.0,0.0,0.0,0.0,0.0,0.0,0.0,0.0,0.0,0.0,0.0,0.0,0,-107875648.0,53,0.0,106,-107614832.0,0.0,ERR,ERR,ERR,ERR,ERR,ERR,ERR,ERR,ERR,ERR,ERR,ERR,ERR,ERR,ERR,ERR,ERR,ERR,ERR,ERR,ERR,ERR,ERR,ERR,ERR,ERR,ERR,ERR,ERR,ERR,ERR,ERR,ERR,ERR,ERR,ERR,ERR,ERR,ERR,ERR,ERR,ERR,ERR,ERR,ERR,ERR,ERR,ERR,ERR,ERR,ERR,ERR,ERR,ERR,ERR,ERR,ERR,ERR,ERR,ERR,ERR,ERR,ERR,ERR,ERR,ERR,ERR,50.0,60.0,100,0.0,0.0,0.0,0.0,0.0,0.0,0.0,0.0,0.0,0.0,0.0,0.0,0.0,0.0,0.0,0.0,61.6,74,13,65511,50,65476,0,300,0,0,8,20529,65476,0,0,26214,60.0,0.0,0.0,0.0,0.0,0.0
2026-05-17T18:07:52,ERR,ERR,ERR,ERR,ERR,ERR,ERR,ERR,ERR,ERR,ERR,ERR,ERR,ERR,ERR,ERR,ERR,ERR,ERR,ERR,ERR,ERR,ERR,ERR,ERR,ERR,ERR,ERR,ERR,ERR,ERR,ERR,ERR,ERR,ERR,ERR,ERR,ERR,ERR,ERR,ERR,ERR,ERR,ERR,ERR,ERR,ERR,ERR,ERR,ERR,ERR,ERR,ERR,ERR,ERR,ERR,ERR,ERR,ERR,ERR,ERR,ERR,ERR,ERR,ERR,ERR,ERR,ERR,ERR,ERR,ERR,ERR,ERR,ERR,ERR,ERR,ERR,ERR,ERR,ERR,ERR,ERR,ERR,ERR,ERR,ERR,ERR,ERR,ERR,ERR,ERR,ERR,ERR,ERR,ERR,ERR,ERR,ERR,ERR,ERR,ERR,ERR,ERR,ERR,ERR,ERR,ERR,ERR,ERR,ERR,ERR,ERR,ERR,ERR,ERR,ERR,ERR,ERR,ERR,ERR,ERR,ERR,ERR,ERR,ERR,-107615288.0,-107615296.0,0.0,0.0,0.0,1.3936040501711995e+18,7.805,0.0,0,0,4,0,8422,0.0,45,0.0,0.0,0.0,0.0,0.0,0,0,0,0,0.0,0,0,0,0,0,0,0,0,0,0,0,0,0,0,0,0,0,0,0,0,0,0,0,0,0,0,0,0,0,0,0,0,0,38,14,7,45,65476,0,300,0,0,8,21553,0.0,-107605600.0,0.0,0.0,0.0,0.0,0.0,0.0,0.0,0.0,0.0,0.0,0.0,0.0,0.0,0.0,0.0,0.0,0.0,0.0,0.0,0.0,-2.004,-2.004,2.004,0.0,0.0,0.0,0.0,0.0,5054.0,-8608183296.0,0.0,-107615288.0,-107615296.0,-0.0,0.0,0.0,0.0,0.0,0.0,53,-0.0,0.0,0.0,0.0,0.0,0.0,0.0,0.0,0.0,0,0,0,0.0,0.0,0.0,0.0,0.0,0.0,0.0,0.0,0.0,0.0,0.0,0.0,0.0,0.0,0.0,0.0,0,-107875648.0,53,0.0,106,-107614832.0,0.0,ERR,ERR,ERR,ERR,ERR,ERR,ERR,ERR,ERR,ERR,ERR,ERR,ERR,ERR,ERR,ERR,ERR,ERR,ERR,ERR,ERR,ERR,ERR,ERR,ERR,ERR,ERR,ERR,ERR,ERR,ERR,ERR,ERR,ERR,ERR,ERR,ERR,ERR,ERR,ERR,ERR,ERR,ERR,ERR,ERR,ERR,ERR,ERR,ERR,ERR,ERR,ERR,ERR,ERR,ERR,ERR,ERR,ERR,ERR,ERR,ERR,ERR,ERR,ERR,ERR,ERR,ERR,50.0,60.0,100,0.0,0.0,0.0,0.0,0.0,0.0,0.0,0.0,0.0,0.0,0.0,0.0,0.0,0.0,0.0,0.0,61.6,74,13,65511,50,65476,0,300,0,0,8,20529,65476,0,0,26214,60.0,0.0,0.0,0.0,0.0,0.0
2026-05-17T18:07:53,ERR,ERR,ERR,ERR,ERR,ERR,ERR,ERR,ERR,ERR,ERR,ERR,ERR,ERR,ERR,ERR,ERR,ERR,ERR,ERR,ERR,ERR,ERR,ERR,ERR,ERR,ERR,ERR,ERR,ERR,ERR,ERR,ERR,ERR,ERR,ERR,ERR,ERR,ERR,ERR,ERR,ERR,ERR,ERR,ERR,ERR,ERR,ERR,ERR,ERR,ERR,ERR,ERR,ERR,ERR,ERR,ERR,ERR,ERR,ERR,ERR,ERR,ERR,ERR,ERR,ERR,ERR,ERR,ERR,ERR,ERR,ERR,ERR,ERR,ERR,ERR,ERR,ERR,ERR,ERR,ERR,ERR,ERR,ERR,ERR,ERR,ERR,ERR,ERR,ERR,ERR,ERR,ERR,ERR,ERR,ERR,ERR,ERR,ERR,ERR,ERR,ERR,ERR,ERR,ERR,ERR,ERR,ERR,ERR,ERR,ERR,ERR,ERR,ERR,ERR,ERR,ERR,ERR,ERR,ERR,ERR,ERR,ERR,ERR,ERR,-107615288.0,-107615296.0,0.0,0.0,0.0,1.3936040501711995e+18,7.805,0.0,0,0,4,0,8422,0.0,45,0.0,0.0,0.0,0.0,0.0,0,0,0,0,0.0,0,0,0,0,0,0,0,0,0,0,0,0,0,0,0,0,0,0,0,0,0,0,0,0,0,0,0,0,0,0,0,0,0,38,14,7,45,65476,0,300,0,0,8,21553,0.0,-107605600.0,0.0,0.0,0.0,0.0,0.0,0.0,0.0,0.0,0.0,0.0,0.0,0.0,0.0,0.0,0.0,0.0,0.0,0.0,0.0,0.0,-2.004,-2.004,2.004,-2.004,0.0,0.0,0.0,0.0,5087.0,131350.469,0.0,-107615288.0,-107615296.0,-0.0,2.718429300292151e+23,0.0,0.0,0.0,0.0,53,-0.0,-0.0,0.0,0.0,0.0,0.0,0.0,0.0,0.0,0,0,0,0.0,0.0,0.0,0.0,0.0,0.0,0.0,0.0,0.0,0.0,0.0,0.0,0.0,0.0,0.0,0.0,0,-107875648.0,53,0.0,106,-107614832.0,-0.0,ERR,ERR,ERR,ERR,ERR,ERR,ERR,ERR,ERR,ERR,ERR,ERR,ERR,ERR,ERR,ERR,ERR,ERR,ERR,ERR,ERR,ERR,ERR,ERR,ERR,ERR,ERR,ERR,ERR,ERR,ERR,ERR,ERR,ERR,ERR,ERR,ERR,ERR,ERR,ERR,ERR,ERR,ERR,ERR,ERR,ERR,ERR,ERR,ERR,ERR,ERR,ERR,ERR,ERR,ERR,ERR,ERR,ERR,ERR,ERR,ERR,ERR,ERR,ERR,ERR,ERR,ERR,50.0,60.0,100,0.0,0.0,0.0,0.0,0.0,0.0,0.0,0.0,0.0,0.0,0.0,0.0,0.0,0.0,0.0,0.0,61.6,74,13,65511,50,65476,0,300,0,0,8,20529,65476,0,0,26214,60.0,0.0,0.0,0.0,0.0,0.0
2026-05-17T18:07:54,ERR,ERR,ERR,ERR,ERR,ERR,ERR,ERR,ERR,ERR,ERR,ERR,ERR,ERR,ERR,ERR,ERR,ERR,ERR,ERR,ERR,ERR,ERR,ERR,ERR,ERR,ERR,ERR,ERR,ERR,ERR,ERR,ERR,ERR,ERR,ERR,ERR,ERR,ERR,ERR,ERR,ERR,ERR,ERR,ERR,ERR,ERR,ERR,ERR,ERR,ERR,ERR,ERR,ERR,ERR,ERR,ERR,ERR,ERR,ERR,ERR,ERR,ERR,ERR,ERR,ERR,ERR,ERR,ERR,ERR,ERR,ERR,ERR,ERR,ERR,ERR,ERR,ERR,ERR,ERR,ERR,ERR,ERR,ERR,ERR,ERR,ERR,ERR,ERR,ERR,ERR,ERR,ERR,ERR,ERR,ERR,ERR,ERR,ERR,ERR,ERR,ERR,ERR,ERR,ERR,ERR,ERR,ERR,ERR,ERR,ERR,ERR,ERR,ERR,ERR,ERR,ERR,ERR,ERR,ERR,ERR,ERR,ERR,ERR,ERR,-107615288.0,-107615296.0,0.0,0.0,0.0,1.3936040501711995e+18,7.805,0.0,0,0,4,0,8422,0.0,45,0.0,0.0,0.0,0.0,0.0,0,0,0,0,0.0,0,0,0,0,0,0,0,0,0,0,0,0,0,0,0,0,0,0,0,0,0,0,0,0,0,0,0,0,0,0,0,0,0,38,14,7,45,65476,0,300,0,0,8,21553,0.0,-107605600.0,0.0,0.0,0.0,0.0,0.0,0.0,0.0,0.0,0.0,0.0,0.0,0.0,0.0,0.0,0.0,0.0,0.0,0.0,0.0,0.0,-2.004,-2.004,2.004,-2.004,0.0,0.0,0.0,0.0,5087.0,131350.469,0.0,-107615288.0,-107615296.0,-0.0,2.718429300292151e+23,0.0,0.0,0.0,0.0,53,-0.0,-0.0,0.0,0.0,0.0,0.0,0.0,0.0,0.0,0,0,0,0.0,0.0,0.0,0.0,0.0,0.0,0.0,0.0,0.0,0.0,0.0,0.0,0.0,0.0,0.0,0.0,0,-107875648.0,53,0.0,106,-107614832.0,-0.0,ERR,ERR,ERR,ERR,ERR,ERR,ERR,ERR,ERR,ERR,ERR,ERR,ERR,ERR,ERR,ERR,ERR,ERR,ERR,ERR,ERR,ERR,ERR,ERR,ERR,ERR,ERR,ERR,ERR,ERR,ERR,ERR,ERR,ERR,ERR,ERR,ERR,ERR,ERR,ERR,ERR,ERR,ERR,ERR,ERR,ERR,ERR,ERR,ERR,ERR,ERR,ERR,ERR,ERR,ERR,ERR,ERR,ERR,ERR,ERR,ERR,ERR,ERR,ERR,ERR,ERR,ERR,50.0,60.0,100,0.0,0.0,0.0,0.0,0.0,0.0,0.0,0.0,0.0,0.0,0.0,0.0,0.0,0.0,0.0,0.0,61.6,74,13,65511,50,65476,0,300,0,0,8,20529,65476,0,0,26214,60.0,0.0,0.0,0.0,0.0,0.0
2026-05-17T18:07:55,ERR,ERR,ERR,ERR,ERR,ERR,ERR,ERR,ERR,ERR,ERR,ERR,ERR,ERR,ERR,ERR,ERR,ERR,ERR,ERR,ERR,ERR,ERR,ERR,ERR,ERR,ERR,ERR,ERR,ERR,ERR,ERR,ERR,ERR,ERR,ERR,ERR,ERR,ERR,ERR,ERR,ERR,ERR,ERR,ERR,ERR,ERR,ERR,ERR,ERR,ERR,ERR,ERR,ERR,ERR,ERR,ERR,ERR,ERR,ERR,ERR,ERR,ERR,ERR,ERR,ERR,ERR,ERR,ERR,ERR,ERR,ERR,ERR,ERR,ERR,ERR,ERR,ERR,ERR,ERR,ERR,ERR,ERR,ERR,ERR,ERR,ERR,ERR,ERR,ERR,ERR,ERR,ERR,ERR,ERR,ERR,ERR,ERR,ERR,ERR,ERR,ERR,ERR,ERR,ERR,ERR,ERR,ERR,ERR,ERR,ERR,ERR,ERR,ERR,ERR,ERR,ERR,ERR,ERR,ERR,ERR,ERR,ERR,ERR,ERR,-107615288.0,-107615296.0,0.0,0.0,0.0,1.3936040501711995e+18,7.805,0.0,0,0,4,0,8422,0.0,45,0.0,0.0,0.0,0.0,0.0,0,0,0,0,0.0,0,0,0,0,0,0,0,0,0,0,0,0,0,0,0,0,0,0,0,0,0,0,0,0,0,0,0,0,0,0,0,0,0,38,14,7,45,65476,0,300,0,0,8,21553,0.0,-107605600.0,0.0,0.0,0.0,0.0,0.0,0.0,0.0,0.0,0.0,0.0,0.0,0.0,0.0,0.0,0.0,0.0,0.0,0.0,0.0,0.0,-2.004,-2.004,2.004,-2.004,0.0,0.0,0.0,0.0,5087.0,131350.469,0.0,-107615288.0,-107615296.0,-0.0,2.718429300292151e+23,0.0,0.0,0.0,0.0,53,-0.0,-0.0,0.0,0.0,0.0,0.0,0.0,0.0,0.0,0,0,0,0.0,0.0,0.0,0.0,0.0,0.0,0.0,0.0,0.0,0.0,0.0,0.0,0.0,0.0,0.0,0.0,0,-107875648.0,53,0.0,106,-107614832.0,-0.0,ERR,ERR,ERR,ERR,ERR,ERR,ERR,ERR,ERR,ERR,ERR,ERR,ERR,ERR,ERR,ERR,ERR,ERR,ERR,ERR,ERR,ERR,ERR,ERR,ERR,ERR,ERR,ERR,ERR,ERR,ERR,ERR,ERR,ERR,ERR,ERR,ERR,ERR,ERR,ERR,ERR,ERR,ERR,ERR,ERR,ERR,ERR,ERR,ERR,ERR,ERR,ERR,ERR,ERR,ERR,ERR,ERR,ERR,ERR,ERR,ERR,ERR,ERR,ERR,ERR,ERR,ERR,50.0,60.0,100,0.0,0.0,0.0,0.0,0.0,0.0,0.0,0.0,0.0,0.0,0.0,0.0,0.0,0.0,0.0,0.0,61.6,74,13,65511,50,65476,0,300,0,0,8,20529,65476,0,0,26214,60.0,0.0,0.0,0.0,0.0,0.0
2026-05-17T18:07:56,ERR,ERR,ERR,ERR,ERR,ERR,ERR,ERR,ERR,ERR,ERR,ERR,ERR,ERR,ERR,ERR,ERR,ERR,ERR,ERR,ERR,ERR,ERR,ERR,ERR,ERR,ERR,ERR,ERR,ERR,ERR,ERR,ERR,ERR,ERR,ERR,ERR,ERR,ERR,ERR,ERR,ERR,ERR,ERR,ERR,ERR,ERR,ERR,ERR,ERR,ERR,ERR,ERR,ERR,ERR,ERR,ERR,ERR,ERR,ERR,ERR,ERR,ERR,ERR,ERR,ERR,ERR,ERR,ERR,ERR,ERR,ERR,ERR,ERR,ERR,ERR,ERR,ERR,ERR,ERR,ERR,ERR,ERR,ERR,ERR,ERR,ERR,ERR,ERR,ERR,ERR,ERR,ERR,ERR,ERR,ERR,ERR,ERR,ERR,ERR,ERR,ERR,ERR,ERR,ERR,ERR,ERR,ERR,ERR,ERR,ERR,ERR,ERR,ERR,ERR,ERR,ERR,ERR,ERR,ERR,ERR,ERR,ERR,ERR,ERR,-107615288.0,-107615296.0,0.0,0.0,0.0,1.3936040501711995e+18,7.805,0.0,0,0,4,0,8422,0.0,45,0.0,0.0,0.0,0.0,0.0,0,0,0,0,0.0,0,0,0,0,0,0,0,0,0,0,0,0,0,0,0,0,0,0,0,0,0,0,0,0,0,0,0,0,0,0,0,0,0,38,14,7,45,65476,0,300,0,0,8,21553,0.0,-107605600.0,0.0,0.0,0.0,0.0,0.0,0.0,0.0,0.0,0.0,0.0,0.0,0.0,0.0,0.0,0.0,0.0,0.0,0.0,0.0,0.0,-2.004,-2.004,2.004,-2.004,0.0,0.0,0.0,0.0,5087.0,131350.469,0.0,-107615288.0,-107615296.0,-0.0,2.718429300292151e+23,0.0,0.0,0.0,0.0,53,-0.0,-0.0,0.0,0.0,0.0,0.0,0.0,0.0,0.0,0,0,0,0.0,0.0,0.0,0.0,0.0,0.0,0.0,0.0,0.0,0.0,0.0,0.0,0.0,0.0,0.0,0.0,0,-107875648.0,53,0.0,106,-107614832.0,-0.0,ERR,ERR,ERR,ERR,ERR,ERR,ERR,ERR,ERR,ERR,ERR,ERR,ERR,ERR,ERR,ERR,ERR,ERR,ERR,ERR,ERR,ERR,ERR,ERR,ERR,ERR,ERR,ERR,ERR,ERR,ERR,ERR,ERR,ERR,ERR,ERR,ERR,ERR,ERR,ERR,ERR,ERR,ERR,ERR,ERR,ERR,ERR,ERR,ERR,ERR,ERR,ERR,ERR,ERR,ERR,ERR,ERR,ERR,ERR,ERR,ERR,ERR,ERR,ERR,ERR,ERR,ERR,50.0,60.0,100,0.0,0.0,0.0,0.0,0.0,0.0,0.0,0.0,0.0,0.0,0.0,0.0,0.0,0.0,0.0,0.0,61.6,74,13,65511,50,65476,0,300,0,0,8,20529,65476,0,0,26214,60.0,0.0,0.0,0.0,0.0,0.0
2026-05-17T18:07:57,ERR,ERR,ERR,ERR,ERR,ERR,ERR,ERR,ERR,ERR,ERR,ERR,ERR,ERR,ERR,ERR,ERR,ERR,ERR,ERR,ERR,ERR,ERR,ERR,ERR,ERR,ERR,ERR,ERR,ERR,ERR,ERR,ERR,ERR,ERR,ERR,ERR,ERR,ERR,ERR,ERR,ERR,ERR,ERR,ERR,ERR,ERR,ERR,ERR,ERR,ERR,ERR,ERR,ERR,ERR,ERR,ERR,ERR,ERR,ERR,ERR,ERR,ERR,ERR,ERR,ERR,ERR,ERR,ERR,ERR,ERR,ERR,ERR,ERR,ERR,ERR,ERR,ERR,ERR,ERR,ERR,ERR,ERR,ERR,ERR,ERR,ERR,ERR,ERR,ERR,ERR,ERR,ERR,ERR,ERR,ERR,ERR,ERR,ERR,ERR,ERR,ERR,ERR,ERR,ERR,ERR,ERR,ERR,ERR,ERR,ERR,ERR,ERR,ERR,ERR,ERR,ERR,ERR,ERR,ERR,ERR,ERR,ERR,ERR,ERR,-107615288.0,-107615296.0,0.0,0.0,0.0,1.3936040501711995e+18,7.805,0.0,0,0,4,0,8422,0.0,45,0.0,0.0,0.0,0.0,0.0,0,0,0,0,0.0,0,0,0,0,0,0,0,0,0,0,0,0,0,0,0,0,0,0,0,0,0,0,0,0,0,0,0,0,0,0,0,0,0,38,14,7,45,65476,0,300,0,0,8,21553,0.0,-107605600.0,0.0,0.0,0.0,0.0,0.0,0.0,0.0,0.0,0.0,0.0,0.0,0.0,0.0,0.0,0.0,0.0,0.0,0.0,0.0,0.0,-2.004,-2.004,2.004,-2.004,0.0,0.0,0.0,0.0,5087.0,131350.469,0.0,-107615288.0,-107615296.0,-0.0,2.718429300292151e+23,0.0,0.0,0.0,0.0,53,-0.0,-0.0,0.0,0.0,0.0,0.0,0.0,0.0,0.0,0,0,0,0.0,0.0,0.0,0.0,0.0,0.0,0.0,0.0,0.0,0.0,0.0,0.0,0.0,0.0,0.0,0.0,0,-107875648.0,53,0.0,106,-107614832.0,-0.0,ERR,ERR,ERR,ERR,ERR,ERR,ERR,ERR,ERR,ERR,ERR,ERR,ERR,ERR,ERR,ERR,ERR,ERR,ERR,ERR,ERR,ERR,ERR,ERR,ERR,ERR,ERR,ERR,ERR,ERR,ERR,ERR,ERR,ERR,ERR,ERR,ERR,ERR,ERR,ERR,ERR,ERR,ERR,ERR,ERR,ERR,ERR,ERR,ERR,ERR,ERR,ERR,ERR,ERR,ERR,ERR,ERR,ERR,ERR,ERR,ERR,ERR,ERR,ERR,ERR,ERR,ERR,50.0,60.0,100,0.0,0.0,0.0,0.0,0.0,0.0,0.0,0.0,0.0,0.0,0.0,0.0,0.0,0.0,0.0,0.0,61.6,74,13,65511,50,65476,0,300,0,0,8,20529,65476,0,0,26214,60.0,0.0,0.0,0.0,0.0,0.0
2026-05-17T18:07:58,ERR,ERR,ERR,ERR,ERR,ERR,ERR,ERR,ERR,ERR,ERR,ERR,ERR,ERR,ERR,ERR,ERR,ERR,ERR,ERR,ERR,ERR,ERR,ERR,ERR,ERR,ERR,ERR,ERR,ERR,ERR,ERR,ERR,ERR,ERR,ERR,ERR,ERR,ERR,ERR,ERR,ERR,ERR,ERR,ERR,ERR,ERR,ERR,ERR,ERR,ERR,ERR,ERR,ERR,ERR,ERR,ERR,ERR,ERR,ERR,ERR,ERR,ERR,ERR,ERR,ERR,ERR,ERR,ERR,ERR,ERR,ERR,ERR,ERR,ERR,ERR,ERR,ERR,ERR,ERR,ERR,ERR,ERR,ERR,ERR,ERR,ERR,ERR,ERR,ERR,ERR,ERR,ERR,ERR,ERR,ERR,ERR,ERR,ERR,ERR,ERR,ERR,ERR,ERR,ERR,ERR,ERR,ERR,ERR,ERR,ERR,ERR,ERR,ERR,ERR,ERR,ERR,ERR,ERR,ERR,ERR,ERR,ERR,ERR,ERR,-107615288.0,-0.0,-134474944.0,0.0,0.0,1.3936040501711995e+18,7.805,0.0,0,0,4,0,8422,0.0,45,0.0,0.0,0.0,0.0,0.0,0,0,0,0,0.0,0,0,0,0,0,0,0,0,0,0,0,0,0,0,0,0,0,0,0,0,0,0,0,0,0,0,0,0,0,0,0,0,0,38,14,7,45,65476,0,300,0,0,8,21553,0.0,-107605600.0,0.0,0.0,0.0,0.0,0.0,0.0,0.0,0.0,0.0,0.0,0.0,0.0,0.0,0.0,0.0,0.0,0.0,0.0,0.0,0.0,-2.004,0.0,2.004,-2.004,0.0,0.0,0.0,0.0,5085.0,0.0,0.0,-107615288.0,-107615296.0,-107615280.0,2.718429300292151e+23,0.0,0.0,0.0,0.0,53,-0.0,-0.0,0.0,0.0,0.0,0.0,0.0,0.0,0.0,0,0,0,0.0,0.0,0.0,0.0,0.0,0.0,0.0,0.0,0.0,0.0,0.0,0.0,0.0,0.0,0.0,0.0,0,-107875648.0,53,0.0,106,-107614832.0,-0.0,ERR,ERR,ERR,ERR,ERR,ERR,ERR,ERR,ERR,ERR,ERR,ERR,ERR,ERR,ERR,ERR,ERR,ERR,ERR,ERR,ERR,ERR,ERR,ERR,ERR,ERR,ERR,ERR,ERR,ERR,ERR,ERR,ERR,ERR,ERR,ERR,ERR,ERR,ERR,ERR,ERR,ERR,ERR,ERR,ERR,ERR,ERR,ERR,ERR,ERR,ERR,ERR,ERR,ERR,ERR,ERR,ERR,ERR,ERR,ERR,ERR,ERR,ERR,ERR,ERR,ERR,ERR,50.0,60.0,100,0.0,0.0,0.0,0.0,0.0,0.0,0.0,0.0,0.0,0.0,0.0,0.0,0.0,0.0,0.0,0.0,61.6,74,13,65511,50,65476,0,300,0,0,8,20529,65476,0,0,26214,60.0,0.0,0.0,0.0,0.0,0.0
2026-05-17T18:07:59,ERR,ERR,ERR,ERR,ERR,ERR,ERR,ERR,ERR,ERR,ERR,ERR,ERR,ERR,ERR,ERR,ERR,ERR,ERR,ERR,ERR,ERR,ERR,ERR,ERR,ERR,ERR,ERR,ERR,ERR,ERR,ERR,ERR,ERR,ERR,ERR,ERR,ERR,ERR,ERR,ERR,ERR,ERR,ERR,ERR,ERR,ERR,ERR,ERR,ERR,ERR,ERR,ERR,ERR,ERR,ERR,ERR,ERR,ERR,ERR,ERR,ERR,ERR,ERR,ERR,ERR,ERR,ERR,ERR,ERR,ERR,ERR,ERR,ERR,ERR,ERR,ERR,ERR,ERR,ERR,ERR,ERR,ERR,ERR,ERR,ERR,ERR,ERR,ERR,ERR,ERR,ERR,ERR,ERR,ERR,ERR,ERR,ERR,ERR,ERR,ERR,ERR,ERR,ERR,ERR,ERR,ERR,ERR,ERR,ERR,ERR,ERR,ERR,ERR,ERR,ERR,ERR,ERR,ERR,ERR,ERR,ERR,ERR,ERR,ERR,-107615288.0,-0.0,-134474944.0,0.0,0.0,1.3936040501711995e+18,7.805,0.0,0,0,4,0,8422,0.0,45,0.0,0.0,0.0,0.0,0.0,0,0,0,0,0.0,0,0,0,0,0,0,0,0,0,0,0,0,0,0,0,0,0,0,0,0,0,0,0,0,0,0,0,0,0,0,0,0,0,38,14,7,45,65476,0,300,0,0,8,21553,0.0,-107605600.0,0.0,0.0,0.0,0.0,0.0,0.0,0.0,0.0,0.0,0.0,0.0,0.0,0.0,0.0,0.0,0.0,0.0,0.0,0.0,0.0,-2.004,0.0,2.004,-2.004,0.0,0.0,0.0,0.0,5085.0,0.0,0.0,-107615288.0,-107615296.0,-107615280.0,2.718429300292151e+23,0.0,0.0,0.0,0.0,53,-0.0,-0.0,0.0,0.0,0.0,0.0,0.0,0.0,0.0,0,0,0,0.0,0.0,0.0,0.0,0.0,0.0,0.0,0.0,0.0,0.0,0.0,0.0,0.0,0.0,0.0,0.0,0,-107875648.0,53,0.0,106,-107614832.0,-0.0,ERR,ERR,ERR,ERR,ERR,ERR,ERR,ERR,ERR,ERR,ERR,ERR,ERR,ERR,ERR,ERR,ERR,ERR,ERR,ERR,ERR,ERR,ERR,ERR,ERR,ERR,ERR,ERR,ERR,ERR,ERR,ERR,ERR,ERR,ERR,ERR,ERR,ERR,ERR,ERR,ERR,ERR,ERR,ERR,ERR,ERR,ERR,ERR,ERR,ERR,ERR,ERR,ERR,ERR,ERR,ERR,ERR,ERR,ERR,ERR,ERR,ERR,ERR,ERR,ERR,ERR,ERR,50.0,60.0,100,0.0,0.0,0.0,0.0,0.0,0.0,0.0,0.0,0.0,0.0,0.0,0.0,0.0,0.0,0.0,0.0,61.6,74,13,65511,50,65476,0,300,0,0,8,20529,65476,0,0,26214,60.0,0.0,0.0,0.0,0.0,0.0
2026-05-17T18:08:00,ERR,ERR,ERR,ERR,ERR,ERR,ERR,ERR,ERR,ERR,ERR,ERR,ERR,ERR,ERR,ERR,ERR,ERR,ERR,ERR,ERR,ERR,ERR,ERR,ERR,ERR,ERR,ERR,ERR,ERR,ERR,ERR,ERR,ERR,ERR,ERR,ERR,ERR,ERR,ERR,ERR,ERR,ERR,ERR,ERR,ERR,ERR,ERR,ERR,ERR,ERR,ERR,ERR,ERR,ERR,ERR,ERR,ERR,ERR,ERR,ERR,ERR,ERR,ERR,ERR,ERR,ERR,ERR,ERR,ERR,ERR,ERR,ERR,ERR,ERR,ERR,ERR,ERR,ERR,ERR,ERR,ERR,ERR,ERR,ERR,ERR,ERR,ERR,ERR,ERR,ERR,ERR,ERR,ERR,ERR,ERR,ERR,ERR,ERR,ERR,ERR,ERR,ERR,ERR,ERR,ERR,ERR,ERR,ERR,ERR,ERR,ERR,ERR,ERR,ERR,ERR,ERR,ERR,ERR,ERR,ERR,ERR,ERR,ERR,ERR,-107615288.0,-0.0,-134474944.0,0.0,0.0,1.3936040501711995e+18,7.805,0.0,0,0,4,0,8422,0.0,45,0.0,0.0,0.0,0.0,0.0,0,0,0,0,0.0,0,0,0,0,0,0,0,0,0,0,0,0,0,0,0,0,0,0,0,0,0,0,0,0,0,0,0,0,0,0,0,0,0,38,14,7,45,65476,0,300,0,0,8,21553,0.0,-107605600.0,0.0,0.0,0.0,0.0,0.0,0.0,0.0,0.0,0.0,0.0,0.0,0.0,0.0,0.0,0.0,0.0,0.0,0.0,0.0,0.0,-2.004,0.0,2.004,-2.004,0.0,0.0,0.0,0.0,5085.0,0.0,0.0,-107615288.0,-107615296.0,-107615280.0,2.718429300292151e+23,0.0,0.0,0.0,0.0,53,-0.0,-0.0,0.0,0.0,0.0,0.0,0.0,0.0,0.0,0,0,0,0.0,0.0,0.0,0.0,0.0,0.0,0.0,0.0,0.0,0.0,0.0,0.0,0.0,0.0,0.0,0.0,0,-107875648.0,53,0.0,106,-107614832.0,-0.0,ERR,ERR,ERR,ERR,ERR,ERR,ERR,ERR,ERR,ERR,ERR,ERR,ERR,ERR,ERR,ERR,ERR,ERR,ERR,ERR,ERR,ERR,ERR,ERR,ERR,ERR,ERR,ERR,ERR,ERR,ERR,ERR,ERR,ERR,ERR,ERR,ERR,ERR,ERR,ERR,ERR,ERR,ERR,ERR,ERR,ERR,ERR,ERR,ERR,ERR,ERR,ERR,ERR,ERR,ERR,ERR,ERR,ERR,ERR,ERR,ERR,ERR,ERR,ERR,ERR,ERR,ERR,50.0,60.0,100,0.0,0.0,0.0,0.0,0.0,0.0,0.0,0.0,0.0,0.0,0.0,0.0,0.0,0.0,0.0,0.0,62.0,74,13,65511,50,65476,0,300,0,0,8,20529,65476,0,0,26214,60.0,0.0,0.0,0.0,0.0,0.0
2026-05-17T18:08:01,ERR,ERR,ERR,ERR,ERR,ERR,ERR,ERR,ERR,ERR,ERR,ERR,ERR,ERR,ERR,ERR,ERR,ERR,ERR,ERR,ERR,ERR,ERR,ERR,ERR,ERR,ERR,ERR,ERR,ERR,ERR,ERR,ERR,ERR,ERR,ERR,ERR,ERR,ERR,ERR,ERR,ERR,ERR,ERR,ERR,ERR,ERR,ERR,ERR,ERR,ERR,ERR,ERR,ERR,ERR,ERR,ERR,ERR,ERR,ERR,ERR,ERR,ERR,ERR,ERR,ERR,ERR,ERR,ERR,ERR,ERR,ERR,ERR,ERR,ERR,ERR,ERR,ERR,ERR,ERR,ERR,ERR,ERR,ERR,ERR,ERR,ERR,ERR,ERR,ERR,ERR,ERR,ERR,ERR,ERR,ERR,ERR,ERR,ERR,ERR,ERR,ERR,ERR,ERR,ERR,ERR,ERR,ERR,ERR,ERR,ERR,ERR,ERR,ERR,ERR,ERR,ERR,ERR,ERR,ERR,ERR,ERR,ERR,ERR,ERR,-107615288.0,-0.0,-134474944.0,0.0,0.0,1.3936040501711995e+18,7.805,0.0,0,0,4,0,8422,0.0,45,0.0,0.0,0.0,0.0,0.0,0,0,0,0,0.0,0,0,0,0,0,0,0,0,0,0,0,0,0,0,0,0,0,0,0,0,0,0,0,0,0,0,0,0,0,0,0,0,0,38,14,7,45,65476,0,300,0,0,8,21553,0.0,-107605600.0,0.0,0.0,0.0,0.0,0.0,0.0,0.0,0.0,0.0,0.0,0.0,0.0,0.0,0.0,0.0,0.0,0.0,0.0,0.0,0.0,-2.004,0.0,2.004,-2.004,0.0,0.0,0.0,0.0,5085.0,0.0,0.0,-107615288.0,-107615296.0,-107615280.0,2.718429300292151e+23,0.0,0.0,0.0,0.0,53,-0.0,-0.0,0.0,0.0,0.0,0.0,0.0,0.0,0.0,0,0,0,0.0,0.0,0.0,0.0,0.0,0.0,0.0,0.0,0.0,0.0,0.0,0.0,0.0,0.0,0.0,0.0,0,-107875648.0,53,0.0,106,-107614832.0,-0.0,ERR,ERR,ERR,ERR,ERR,ERR,ERR,ERR,ERR,ERR,ERR,ERR,ERR,ERR,ERR,ERR,ERR,ERR,ERR,ERR,ERR,ERR,ERR,ERR,ERR,ERR,ERR,ERR,ERR,ERR,ERR,ERR,ERR,ERR,ERR,ERR,ERR,ERR,ERR,ERR,ERR,ERR,ERR,ERR,ERR,ERR,ERR,ERR,ERR,ERR,ERR,ERR,ERR,ERR,ERR,ERR,ERR,ERR,ERR,ERR,ERR,ERR,ERR,ERR,ERR,ERR,ERR,50.0,60.0,100,0.0,0.0,0.0,0.0,0.0,0.0,0.0,0.0,0.0,0.0,0.0,0.0,0.0,0.0,0.0,0.0,61.6,74,13,65511,50,65476,0,300,0,0,8,20529,65476,0,0,26214,60.0,0.0,0.0,0.0,0.0,0.0
2026-05-17T18:08:02,ERR,ERR,ERR,ERR,ERR,ERR,ERR,ERR,ERR,ERR,ERR,ERR,ERR,ERR,ERR,ERR,ERR,ERR,ERR,ERR,ERR,ERR,ERR,ERR,ERR,ERR,ERR,ERR,ERR,ERR,ERR,ERR,ERR,ERR,ERR,ERR,ERR,ERR,ERR,ERR,ERR,ERR,ERR,ERR,ERR,ERR,ERR,ERR,ERR,ERR,ERR,ERR,ERR,ERR,ERR,ERR,ERR,ERR,ERR,ERR,ERR,ERR,ERR,ERR,ERR,ERR,ERR,ERR,ERR,ERR,ERR,ERR,ERR,ERR,ERR,ERR,ERR,ERR,ERR,ERR,ERR,ERR,ERR,ERR,ERR,ERR,ERR,ERR,ERR,ERR,ERR,ERR,ERR,ERR,ERR,ERR,ERR,ERR,ERR,ERR,ERR,ERR,ERR,ERR,ERR,ERR,ERR,ERR,ERR,ERR,ERR,ERR,ERR,ERR,ERR,ERR,ERR,ERR,ERR,ERR,ERR,ERR,ERR,ERR,ERR,-107615288.0,-0.0,-134474944.0,0.0,0.0,1.3936040501711995e+18,7.805,0.0,0,0,4,0,8422,0.0,45,0.0,0.0,0.0,0.0,0.0,0,0,0,0,0.0,0,0,0,0,0,0,0,0,0,0,0,0,0,0,0,0,0,0,0,0,0,0,0,0,0,0,0,0,0,0,0,0,0,38,14,7,45,65476,0,300,0,0,8,21553,0.0,-107605600.0,0.0,0.0,0.0,0.0,0.0,0.0,0.0,0.0,0.0,0.0,0.0,0.0,0.0,0.0,0.0,0.0,0.0,0.0,0.0,0.0,-2.004,0.0,2.004,-2.004,0.0,0.0,0.0,0.0,5085.0,0.0,0.0,-107615288.0,-107615296.0,-107615280.0,2.718429300292151e+23,0.0,0.0,0.0,0.0,53,-0.0,-0.0,0.0,0.0,0.0,0.0,0.0,0.0,0.0,0,0,0,0.0,0.0,0.0,0.0,0.0,0.0,0.0,0.0,0.0,0.0,0.0,0.0,0.0,0.0,0.0,0.0,0,-107875648.0,53,0.0,106,-107614832.0,-0.0,ERR,ERR,ERR,ERR,ERR,ERR,ERR,ERR,ERR,ERR,ERR,ERR,ERR,ERR,ERR,ERR,ERR,ERR,ERR,ERR,ERR,ERR,ERR,ERR,ERR,ERR,ERR,ERR,ERR,ERR,ERR,ERR,ERR,ERR,ERR,ERR,ERR,ERR,ERR,ERR,ERR,ERR,ERR,ERR,ERR,ERR,ERR,ERR,ERR,ERR,ERR,ERR,ERR,ERR,ERR,ERR,ERR,ERR,ERR,ERR,ERR,ERR,ERR,ERR,ERR,ERR,ERR,50.0,60.0,100,0.0,0.0,0.0,0.0,0.0,0.0,0.0,0.0,0.0,0.0,0.0,0.0,0.0,0.0,0.0,0.0,61.6,74,13,65511,50,65476,0,300,0,0,8,20529,65476,0,0,26214,60.0,0.0,0.0,0.0,0.0,0.0
2026-05-17T18:08:03,ERR,ERR,ERR,ERR,ERR,ERR,ERR,ERR,ERR,ERR,ERR,ERR,ERR,ERR,ERR,ERR,ERR,ERR,ERR,ERR,ERR,ERR,ERR,ERR,ERR,ERR,ERR,ERR,ERR,ERR,ERR,ERR,ERR,ERR,ERR,ERR,ERR,ERR,ERR,ERR,ERR,ERR,ERR,ERR,ERR,ERR,ERR,ERR,ERR,ERR,ERR,ERR,ERR,ERR,ERR,ERR,ERR,ERR,ERR,ERR,ERR,ERR,ERR,ERR,ERR,ERR,ERR,ERR,ERR,ERR,ERR,ERR,ERR,ERR,ERR,ERR,ERR,ERR,ERR,ERR,ERR,ERR,ERR,ERR,ERR,ERR,ERR,ERR,ERR,ERR,ERR,ERR,ERR,ERR,ERR,ERR,ERR,ERR,ERR,ERR,ERR,ERR,ERR,ERR,ERR,ERR,ERR,ERR,ERR,ERR,ERR,ERR,ERR,ERR,ERR,ERR,ERR,ERR,ERR,ERR,ERR,ERR,ERR,ERR,ERR,-107615288.0,-107615296.0,0.0,0.0,0.0,1.3936040501711995e+18,7.805,0.0,0,0,4,0,8422,0.0,45,0.0,0.0,0.0,0.0,0.0,0,0,0,0,0.0,0,0,0,0,0,0,0,0,0,0,0,0,0,0,0,0,0,0,0,0,0,0,0,0,0,0,0,0,0,0,0,0,0,38,14,7,45,65476,0,300,0,0,8,21553,0.0,-107605600.0,0.0,0.0,0.0,0.0,0.0,0.0,0.0,0.0,0.0,0.0,0.0,0.0,0.0,0.0,0.0,0.0,0.0,0.0,0.0,0.0,0.0,0.0,-0.0,0.0,0.0,0.0,0.0,0.0,5083.0,0.0,0.0,-107615288.0,-0.0,-107615280.0,0.0,0.0,0.0,0.0,0.0,53,-0.0,1.9056862663645594e+17,0.0,0.0,0.0,0.0,0.0,0.0,0.0,0,0,0,0.0,0.0,0.0,0.0,0.0,0.0,0.0,0.0,0.0,0.0,0.0,0.0,0.0,0.0,0.0,0.0,0,-107875648.0,53,0.0,106,-107614832.0,0.0,ERR,ERR,ERR,ERR,ERR,ERR,ERR,ERR,ERR,ERR,ERR,ERR,ERR,ERR,ERR,ERR,ERR,ERR,ERR,ERR,ERR,ERR,ERR,ERR,ERR,ERR,ERR,ERR,ERR,ERR,ERR,ERR,ERR,ERR,ERR,ERR,ERR,ERR,ERR,ERR,ERR,ERR,ERR,ERR,ERR,ERR,ERR,ERR,ERR,ERR,ERR,ERR,ERR,ERR,ERR,ERR,ERR,ERR,ERR,ERR,ERR,ERR,ERR,ERR,ERR,ERR,ERR,50.0,60.0,100,0.0,0.0,0.0,0.0,0.0,0.0,0.0,0.0,0.0,0.0,0.0,0.0,0.0,0.0,0.0,0.0,61.6,74,13,65511,50,65476,0,300,0,0,8,20529,65476,0,0,26214,60.0,0.0,0.0,0.0,0.0,0.0
2026-05-17T18:08:04,ERR,ERR,ERR,ERR,ERR,ERR,ERR,ERR,ERR,ERR,ERR,ERR,ERR,ERR,ERR,ERR,ERR,ERR,ERR,ERR,ERR,ERR,ERR,ERR,ERR,ERR,ERR,ERR,ERR,ERR,ERR,ERR,ERR,ERR,ERR,ERR,ERR,ERR,ERR,ERR,ERR,ERR,ERR,ERR,ERR,ERR,ERR,ERR,ERR,ERR,ERR,ERR,ERR,ERR,ERR,ERR,ERR,ERR,ERR,ERR,ERR,ERR,ERR,ERR,ERR,ERR,ERR,ERR,ERR,ERR,ERR,ERR,ERR,ERR,ERR,ERR,ERR,ERR,ERR,ERR,ERR,ERR,ERR,ERR,ERR,ERR,ERR,ERR,ERR,ERR,ERR,ERR,ERR,ERR,ERR,ERR,ERR,ERR,ERR,ERR,ERR,ERR,ERR,ERR,ERR,ERR,ERR,ERR,ERR,ERR,ERR,ERR,ERR,ERR,ERR,ERR,ERR,ERR,ERR,ERR,ERR,ERR,ERR,ERR,ERR,-107615288.0,-107615296.0,0.0,0.0,0.0,1.3936040501711995e+18,7.805,0.0,0,0,4,0,8422,0.0,45,0.0,0.0,0.0,0.0,0.0,0,0,0,0,0.0,0,0,0,0,0,0,0,0,0,0,0,0,0,0,0,0,0,0,0,0,0,0,0,0,0,0,0,0,0,0,0,0,0,38,14,7,45,65476,0,300,0,0,8,21553,0.0,-107605600.0,0.0,0.0,0.0,0.0,0.0,0.0,0.0,0.0,0.0,0.0,0.0,0.0,0.0,0.0,0.0,0.0,0.0,0.0,0.0,0.0,0.0,0.0,-0.0,0.0,0.0,0.0,0.0,0.0,5083.0,0.0,0.0,-107615288.0,-0.0,-107615280.0,0.0,0.0,0.0,0.0,0.0,53,-0.0,1.9056862663645594e+17,0.0,0.0,0.0,0.0,0.0,0.0,0.0,0,0,0,0.0,0.0,0.0,0.0,0.0,0.0,0.0,0.0,0.0,0.0,0.0,0.0,0.0,0.0,0.0,0.0,0,-107875648.0,53,0.0,106,-107614832.0,0.0,ERR,ERR,ERR,ERR,ERR,ERR,ERR,ERR,ERR,ERR,ERR,ERR,ERR,ERR,ERR,ERR,ERR,ERR,ERR,ERR,ERR,ERR,ERR,ERR,ERR,ERR,ERR,ERR,ERR,ERR,ERR,ERR,ERR,ERR,ERR,ERR,ERR,ERR,ERR,ERR,ERR,ERR,ERR,ERR,ERR,ERR,ERR,ERR,ERR,ERR,ERR,ERR,ERR,ERR,ERR,ERR,ERR,ERR,ERR,ERR,ERR,ERR,ERR,ERR,ERR,ERR,ERR,50.0,60.0,100,0.0,0.0,0.0,0.0,0.0,0.0,0.0,0.0,0.0,0.0,0.0,0.0,0.0,0.0,0.0,0.0,61.6,74,13,65511,50,65476,0,300,0,0,8,20529,65476,0,0,26214,60.0,0.0,0.0,0.0,0.0,0.0
2026-05-17T18:08:05,ERR,ERR,ERR,ERR,ERR,ERR,ERR,ERR,ERR,ERR,ERR,ERR,ERR,ERR,ERR,ERR,ERR,ERR,ERR,ERR,ERR,ERR,ERR,ERR,ERR,ERR,ERR,ERR,ERR,ERR,ERR,ERR,ERR,ERR,ERR,ERR,ERR,ERR,ERR,ERR,ERR,ERR,ERR,ERR,ERR,ERR,ERR,ERR,ERR,ERR,ERR,ERR,ERR,ERR,ERR,ERR,ERR,ERR,ERR,ERR,ERR,ERR,ERR,ERR,ERR,ERR,ERR,ERR,ERR,ERR,ERR,ERR,ERR,ERR,ERR,ERR,ERR,ERR,ERR,ERR,ERR,ERR,ERR,ERR,ERR,ERR,ERR,ERR,ERR,ERR,ERR,ERR,ERR,ERR,ERR,ERR,ERR,ERR,ERR,ERR,ERR,ERR,ERR,ERR,ERR,ERR,ERR,ERR,ERR,ERR,ERR,ERR,ERR,ERR,ERR,ERR,ERR,ERR,ERR,ERR,ERR,ERR,ERR,ERR,ERR,-107615288.0,-107615296.0,0.0,0.0,0.0,1.3936040501711995e+18,7.805,0.0,0,0,4,0,8422,0.0,45,0.0,0.0,0.0,0.0,0.0,0,0,0,0,0.0,0,0,0,0,0,0,0,0,0,0,0,0,0,0,0,0,0,0,0,0,0,0,0,0,0,0,0,0,0,0,0,0,0,38,14,7,45,65476,0,300,0,0,8,21553,0.0,-107605600.0,0.0,0.0,0.0,0.0,0.0,0.0,0.0,0.0,0.0,0.0,0.0,0.0,0.0,0.0,0.0,0.0,0.0,0.0,0.0,0.0,0.0,0.0,-0.0,0.0,0.0,0.0,0.0,0.0,5083.0,0.0,0.0,-107615288.0,-0.0,-107615280.0,0.0,0.0,0.0,0.0,0.0,53,-0.0,1.9056862663645594e+17,0.0,0.0,0.0,0.0,0.0,0.0,0.0,0,0,0,0.0,0.0,0.0,0.0,0.0,0.0,0.0,0.0,0.0,0.0,0.0,0.0,0.0,0.0,0.0,0.0,0,-107875648.0,53,0.0,106,-107614832.0,0.0,ERR,ERR,ERR,ERR,ERR,ERR,ERR,ERR,ERR,ERR,ERR,ERR,ERR,ERR,ERR,ERR,ERR,ERR,ERR,ERR,ERR,ERR,ERR,ERR,ERR,ERR,ERR,ERR,ERR,ERR,ERR,ERR,ERR,ERR,ERR,ERR,ERR,ERR,ERR,ERR,ERR,ERR,ERR,ERR,ERR,ERR,ERR,ERR,ERR,ERR,ERR,ERR,ERR,ERR,ERR,ERR,ERR,ERR,ERR,ERR,ERR,ERR,ERR,ERR,ERR,ERR,ERR,50.0,60.0,100,0.0,0.0,0.0,0.0,0.0,0.0,0.0,0.0,0.0,0.0,0.0,0.0,0.0,0.0,0.0,0.0,61.6,74,13,65511,50,65476,0,300,0,0,8,20529,65476,0,0,26214,60.0,0.0,0.0,0.0,0.0,0.0
2026-05-17T18:08:06,ERR,ERR,ERR,ERR,ERR,ERR,ERR,ERR,ERR,ERR,ERR,ERR,ERR,ERR,ERR,ERR,ERR,ERR,ERR,ERR,ERR,ERR,ERR,ERR,ERR,ERR,ERR,ERR,ERR,ERR,ERR,ERR,ERR,ERR,ERR,ERR,ERR,ERR,ERR,ERR,ERR,ERR,ERR,ERR,ERR,ERR,ERR,ERR,ERR,ERR,ERR,ERR,ERR,ERR,ERR,ERR,ERR,ERR,ERR,ERR,ERR,ERR,ERR,ERR,ERR,ERR,ERR,ERR,ERR,ERR,ERR,ERR,ERR,ERR,ERR,ERR,ERR,ERR,ERR,ERR,ERR,ERR,ERR,ERR,ERR,ERR,ERR,ERR,ERR,ERR,ERR,ERR,ERR,ERR,ERR,ERR,ERR,ERR,ERR,ERR,ERR,ERR,ERR,ERR,ERR,ERR,ERR,ERR,ERR,ERR,ERR,ERR,ERR,ERR,ERR,ERR,ERR,ERR,ERR,ERR,ERR,ERR,ERR,ERR,ERR,-107615288.0,-107615296.0,0.0,0.0,0.0,1.3936040501711995e+18,7.805,0.0,0,0,4,0,8422,0.0,45,0.0,0.0,0.0,0.0,0.0,0,0,0,0,0.0,0,0,0,0,0,0,0,0,0,0,0,0,0,0,0,0,0,0,0,0,0,0,0,0,0,0,0,0,0,0,0,0,0,38,14,7,45,65476,0,300,0,0,8,21553,0.0,-107605600.0,0.0,0.0,0.0,0.0,0.0,0.0,0.0,0.0,0.0,0.0,0.0,0.0,0.0,0.0,0.0,0.0,0.0,0.0,0.0,0.0,0.0,0.0,-0.0,0.0,0.0,0.0,0.0,0.0,5083.0,0.0,0.0,-107615288.0,-0.0,-107615280.0,0.0,0.0,0.0,0.0,0.0,53,-0.0,1.9056862663645594e+17,0.0,0.0,0.0,0.0,0.0,0.0,0.0,0,0,0,0.0,0.0,0.0,0.0,0.0,0.0,0.0,0.0,0.0,0.0,0.0,0.0,0.0,0.0,0.0,0.0,0,-107875648.0,53,0.0,106,-107614832.0,0.0,ERR,ERR,ERR,ERR,ERR,ERR,ERR,ERR,ERR,ERR,ERR,ERR,ERR,ERR,ERR,ERR,ERR,ERR,ERR,ERR,ERR,ERR,ERR,ERR,ERR,ERR,ERR,ERR,ERR,ERR,ERR,ERR,ERR,ERR,ERR,ERR,ERR,ERR,ERR,ERR,ERR,ERR,ERR,ERR,ERR,ERR,ERR,ERR,ERR,ERR,ERR,ERR,ERR,ERR,ERR,ERR,ERR,ERR,ERR,ERR,ERR,ERR,ERR,ERR,ERR,ERR,ERR,50.0,60.0,100,0.0,0.0,0.0,0.0,0.0,0.0,0.0,0.0,0.0,0.0,0.0,0.0,0.0,0.0,0.0,0.0,61.6,74,13,65511,50,65476,0,300,0,0,8,20529,65476,0,0,26214,60.0,0.0,0.0,0.0,0.0,0.0
2026-05-17T18:08:07,ERR,ERR,ERR,ERR,ERR,ERR,ERR,ERR,ERR,ERR,ERR,ERR,ERR,ERR,ERR,ERR,ERR,ERR,ERR,ERR,ERR,ERR,ERR,ERR,ERR,ERR,ERR,ERR,ERR,ERR,ERR,ERR,ERR,ERR,ERR,ERR,ERR,ERR,ERR,ERR,ERR,ERR,ERR,ERR,ERR,ERR,ERR,ERR,ERR,ERR,ERR,ERR,ERR,ERR,ERR,ERR,ERR,ERR,ERR,ERR,ERR,ERR,ERR,ERR,ERR,ERR,ERR,ERR,ERR,ERR,ERR,ERR,ERR,ERR,ERR,ERR,ERR,ERR,ERR,ERR,ERR,ERR,ERR,ERR,ERR,ERR,ERR,ERR,ERR,ERR,ERR,ERR,ERR,ERR,ERR,ERR,ERR,ERR,ERR,ERR,ERR,ERR,ERR,ERR,ERR,ERR,ERR,ERR,ERR,ERR,ERR,ERR,ERR,ERR,ERR,ERR,ERR,ERR,ERR,ERR,ERR,ERR,ERR,ERR,ERR,-107615288.0,-107615296.0,0.0,0.0,0.0,1.3936040501711995e+18,7.805,0.0,0,0,4,0,8422,0.0,45,0.0,0.0,0.0,0.0,0.0,0,0,0,0,0.0,0,0,0,0,0,0,0,0,0,0,0,0,0,0,0,0,0,0,0,0,0,0,0,0,0,0,0,0,0,0,0,0,0,38,14,7,45,65476,0,300,0,0,8,21553,0.0,-107605600.0,0.0,0.0,0.0,0.0,0.0,0.0,0.0,0.0,0.0,0.0,0.0,0.0,0.0,0.0,0.0,0.0,0.0,0.0,0.0,0.0,0.0,0.0,-0.0,0.0,0.0,0.0,0.0,0.0,5083.0,0.0,0.0,-107615288.0,-0.0,-107615280.0,0.0,0.0,0.0,0.0,0.0,53,-0.0,1.9056862663645594e+17,0.0,0.0,0.0,0.0,0.0,0.0,0.0,0,0,0,0.0,0.0,0.0,0.0,0.0,0.0,0.0,0.0,0.0,0.0,0.0,0.0,0.0,0.0,0.0,0.0,0,-107875648.0,53,0.0,106,-107614832.0,0.0,ERR,ERR,ERR,ERR,ERR,ERR,ERR,ERR,ERR,ERR,ERR,ERR,ERR,ERR,ERR,ERR,ERR,ERR,ERR,ERR,ERR,ERR,ERR,ERR,ERR,ERR,ERR,ERR,ERR,ERR,ERR,ERR,ERR,ERR,ERR,ERR,ERR,ERR,ERR,ERR,ERR,ERR,ERR,ERR,ERR,ERR,ERR,ERR,ERR,ERR,ERR,ERR,ERR,ERR,ERR,ERR,ERR,ERR,ERR,ERR,ERR,ERR,ERR,ERR,ERR,ERR,ERR,50.0,60.0,100,0.0,0.0,0.0,0.0,0.0,0.0,0.0,0.0,0.0,0.0,0.0,0.0,0.0,0.0,0.0,0.0,61.6,74,13,65511,50,65476,0,300,0,0,8,20529,65476,0,0,26214,60.0,0.0,0.0,0.0,0.0,0.0
2026-05-17T18:08:08,ERR,ERR,ERR,ERR,ERR,ERR,ERR,ERR,ERR,ERR,ERR,ERR,ERR,ERR,ERR,ERR,ERR,ERR,ERR,ERR,ERR,ERR,ERR,ERR,ERR,ERR,ERR,ERR,ERR,ERR,ERR,ERR,ERR,ERR,ERR,ERR,ERR,ERR,ERR,ERR,ERR,ERR,ERR,ERR,ERR,ERR,ERR,ERR,ERR,ERR,ERR,ERR,ERR,ERR,ERR,ERR,ERR,ERR,ERR,ERR,ERR,ERR,ERR,ERR,ERR,ERR,ERR,ERR,ERR,ERR,ERR,ERR,ERR,ERR,ERR,ERR,ERR,ERR,ERR,ERR,ERR,ERR,ERR,ERR,ERR,ERR,ERR,ERR,ERR,ERR,ERR,ERR,ERR,ERR,ERR,ERR,ERR,ERR,ERR,ERR,ERR,ERR,ERR,ERR,ERR,ERR,ERR,ERR,ERR,ERR,ERR,ERR,ERR,ERR,ERR,ERR,ERR,ERR,ERR,ERR,ERR,ERR,ERR,ERR,ERR,-107615288.0,-107615296.0,0.0,0.0,0.0,1.3936040501711995e+18,7.805,0.0,0,0,4,0,8422,0.0,45,0.0,0.0,0.0,0.0,0.0,0,0,0,0,0.0,0,0,0,0,0,0,0,0,0,0,0,0,0,0,0,0,0,0,0,0,0,0,0,0,0,0,0,0,0,0,0,0,0,38,14,7,45,65476,0,300,0,0,8,21553,0.0,-107605600.0,0.0,0.0,0.0,0.0,0.0,0.0,0.0,0.0,0.0,0.0,0.0,0.0,0.0,0.0,0.0,0.0,0.0,0.0,0.0,0.0,-2.004,0.0,2.004,-2.004,0.0,0.0,0.0,0.0,5087.0,2.004,0.0,-107615288.0,-107615296.0,-0.0,0.0,0.0,0.0,0.0,0.0,53,-0.0,-0.0,0.0,0.0,0.0,0.0,0.0,0.0,0.0,0,0,0,0.0,0.0,0.0,0.0,0.0,0.0,0.0,0.0,0.0,0.0,0.0,0.0,0.0,0.0,0.0,0.0,0,-107875648.0,53,0.0,106,-107614832.0,0.0,ERR,ERR,ERR,ERR,ERR,ERR,ERR,ERR,ERR,ERR,ERR,ERR,ERR,ERR,ERR,ERR,ERR,ERR,ERR,ERR,ERR,ERR,ERR,ERR,ERR,ERR,ERR,ERR,ERR,ERR,ERR,ERR,ERR,ERR,ERR,ERR,ERR,ERR,ERR,ERR,ERR,ERR,ERR,ERR,ERR,ERR,ERR,ERR,ERR,ERR,ERR,ERR,ERR,ERR,ERR,ERR,ERR,ERR,ERR,ERR,ERR,ERR,ERR,ERR,ERR,ERR,ERR,50.0,60.0,100,0.0,0.0,0.0,0.0,0.0,0.0,0.0,0.0,0.0,0.0,0.0,0.0,0.0,0.0,0.0,0.0,61.6,74,13,65511,50,65476,0,300,0,0,8,20529,65476,0,0,26214,60.0,0.0,0.0,0.0,0.0,0.0
2026-05-17T18:08:09,ERR,ERR,ERR,ERR,ERR,ERR,ERR,ERR,ERR,ERR,ERR,ERR,ERR,ERR,ERR,ERR,ERR,ERR,ERR,ERR,ERR,ERR,ERR,ERR,ERR,ERR,ERR,ERR,ERR,ERR,ERR,ERR,ERR,ERR,ERR,ERR,ERR,ERR,ERR,ERR,ERR,ERR,ERR,ERR,ERR,ERR,ERR,ERR,ERR,ERR,ERR,ERR,ERR,ERR,ERR,ERR,ERR,ERR,ERR,ERR,ERR,ERR,ERR,ERR,ERR,ERR,ERR,ERR,ERR,ERR,ERR,ERR,ERR,ERR,ERR,ERR,ERR,ERR,ERR,ERR,ERR,ERR,ERR,ERR,ERR,ERR,ERR,ERR,ERR,ERR,ERR,ERR,ERR,ERR,ERR,ERR,ERR,ERR,ERR,ERR,ERR,ERR,ERR,ERR,ERR,ERR,ERR,ERR,ERR,ERR,ERR,ERR,ERR,ERR,ERR,ERR,ERR,ERR,ERR,ERR,ERR,ERR,ERR,ERR,ERR,-107615288.0,-107615296.0,0.0,0.0,0.0,1.3936040501711995e+18,7.805,0.0,0,0,4,0,8422,0.0,45,0.0,0.0,0.0,0.0,0.0,0,0,0,0,0.0,0,0,0,0,0,0,0,0,0,0,0,0,0,0,0,0,0,0,0,0,0,0,0,0,0,0,0,0,0,0,0,0,0,38,14,7,45,65476,0,300,0,0,8,21553,0.0,-107605600.0,0.0,0.0,0.0,0.0,0.0,0.0,0.0,0.0,0.0,0.0,0.0,0.0,0.0,0.0,0.0,0.0,0.0,0.0,0.0,0.0,-2.004,0.0,2.004,-2.004,0.0,0.0,0.0,0.0,5087.0,2.004,0.0,-107615288.0,-107615296.0,-0.0,0.0,0.0,0.0,0.0,0.0,53,-0.0,-0.0,0.0,0.0,0.0,0.0,0.0,0.0,0.0,0,0,0,0.0,0.0,0.0,0.0,0.0,0.0,0.0,0.0,0.0,0.0,0.0,0.0,0.0,0.0,0.0,0.0,0,-107875648.0,53,0.0,106,-107614832.0,0.0,ERR,ERR,ERR,ERR,ERR,ERR,ERR,ERR,ERR,ERR,ERR,ERR,ERR,ERR,ERR,ERR,ERR,ERR,ERR,ERR,ERR,ERR,ERR,ERR,ERR,ERR,ERR,ERR,ERR,ERR,ERR,ERR,ERR,ERR,ERR,ERR,ERR,ERR,ERR,ERR,ERR,ERR,ERR,ERR,ERR,ERR,ERR,ERR,ERR,ERR,ERR,ERR,ERR,ERR,ERR,ERR,ERR,ERR,ERR,ERR,ERR,ERR,ERR,ERR,ERR,ERR,ERR,50.0,60.0,100,0.0,0.0,0.0,0.0,0.0,0.0,0.0,0.0,0.0,0.0,0.0,0.0,0.0,0.0,0.0,0.0,61.6,74,13,65511,50,65476,0,300,0,0,8,20529,65476,0,0,26214,60.0,0.0,0.0,0.0,0.0,0.0
2026-05-17T18:08:10,ERR,ERR,ERR,ERR,ERR,ERR,ERR,ERR,ERR,ERR,ERR,ERR,ERR,ERR,ERR,ERR,ERR,ERR,ERR,ERR,ERR,ERR,ERR,ERR,ERR,ERR,ERR,ERR,ERR,ERR,ERR,ERR,ERR,ERR,ERR,ERR,ERR,ERR,ERR,ERR,ERR,ERR,ERR,ERR,ERR,ERR,ERR,ERR,ERR,ERR,ERR,ERR,ERR,ERR,ERR,ERR,ERR,ERR,ERR,ERR,ERR,ERR,ERR,ERR,ERR,ERR,ERR,ERR,ERR,ERR,ERR,ERR,ERR,ERR,ERR,ERR,ERR,ERR,ERR,ERR,ERR,ERR,ERR,ERR,ERR,ERR,ERR,ERR,ERR,ERR,ERR,ERR,ERR,ERR,ERR,ERR,ERR,ERR,ERR,ERR,ERR,ERR,ERR,ERR,ERR,ERR,ERR,ERR,ERR,ERR,ERR,ERR,ERR,ERR,ERR,ERR,ERR,ERR,ERR,ERR,ERR,ERR,ERR,ERR,ERR,-107615288.0,-107615296.0,0.0,0.0,0.0,1.3936040501711995e+18,7.805,0.0,0,0,4,0,8422,0.0,45,0.0,0.0,0.0,0.0,0.0,0,0,0,0,0.0,0,0,0,0,0,0,0,0,0,0,0,0,0,0,0,0,0,0,0,0,0,0,0,0,0,0,0,0,0,0,0,0,0,38,14,7,45,65476,0,300,0,0,8,21553,0.0,-107605600.0,0.0,0.0,0.0,0.0,0.0,0.0,0.0,0.0,0.0,0.0,0.0,0.0,0.0,0.0,0.0,0.0,0.0,0.0,0.0,0.0,-2.004,0.0,2.004,-2.004,0.0,0.0,0.0,0.0,5087.0,2.004,0.0,-107615288.0,-107615296.0,-0.0,0.0,0.0,0.0,0.0,0.0,53,-0.0,-0.0,0.0,0.0,0.0,0.0,0.0,0.0,0.0,0,0,0,0.0,0.0,0.0,0.0,0.0,0.0,0.0,0.0,0.0,0.0,0.0,0.0,0.0,0.0,0.0,0.0,0,-107875648.0,53,0.0,106,-107614832.0,0.0,ERR,ERR,ERR,ERR,ERR,ERR,ERR,ERR,ERR,ERR,ERR,ERR,ERR,ERR,ERR,ERR,ERR,ERR,ERR,ERR,ERR,ERR,ERR,ERR,ERR,ERR,ERR,ERR,ERR,ERR,ERR,ERR,ERR,ERR,ERR,ERR,ERR,ERR,ERR,ERR,ERR,ERR,ERR,ERR,ERR,ERR,ERR,ERR,ERR,ERR,ERR,ERR,ERR,ERR,ERR,ERR,ERR,ERR,ERR,ERR,ERR,ERR,ERR,ERR,ERR,ERR,ERR,50.0,60.0,100,0.0,0.0,0.0,0.0,0.0,0.0,0.0,0.0,0.0,0.0,0.0,0.0,0.0,0.0,0.0,0.0,62.0,74,13,65511,50,65476,0,300,0,0,8,20529,65476,0,0,26214,60.0,0.0,0.0,0.0,0.0,0.0
2026-05-17T18:08:11,ERR,ERR,ERR,ERR,ERR,ERR,ERR,ERR,ERR,ERR,ERR,ERR,ERR,ERR,ERR,ERR,ERR,ERR,ERR,ERR,ERR,ERR,ERR,ERR,ERR,ERR,ERR,ERR,ERR,ERR,ERR,ERR,ERR,ERR,ERR,ERR,ERR,ERR,ERR,ERR,ERR,ERR,ERR,ERR,ERR,ERR,ERR,ERR,ERR,ERR,ERR,ERR,ERR,ERR,ERR,ERR,ERR,ERR,ERR,ERR,ERR,ERR,ERR,ERR,ERR,ERR,ERR,ERR,ERR,ERR,ERR,ERR,ERR,ERR,ERR,ERR,ERR,ERR,ERR,ERR,ERR,ERR,ERR,ERR,ERR,ERR,ERR,ERR,ERR,ERR,ERR,ERR,ERR,ERR,ERR,ERR,ERR,ERR,ERR,ERR,ERR,ERR,ERR,ERR,ERR,ERR,ERR,ERR,ERR,ERR,ERR,ERR,ERR,ERR,ERR,ERR,ERR,ERR,ERR,ERR,ERR,ERR,ERR,ERR,ERR,-107615288.0,-107615296.0,0.0,0.0,0.0,1.3936040501711995e+18,7.805,0.0,0,0,4,0,8422,0.0,45,0.0,0.0,0.0,0.0,0.0,0,0,0,0,0.0,0,0,0,0,0,0,0,0,0,0,0,0,0,0,0,0,0,0,0,0,0,0,0,0,0,0,0,0,0,0,0,0,0,38,14,7,45,65476,0,300,0,0,8,21553,0.0,-107605600.0,0.0,0.0,0.0,0.0,0.0,0.0,0.0,0.0,0.0,0.0,0.0,0.0,0.0,0.0,0.0,0.0,0.0,0.0,0.0,0.0,-2.004,0.0,2.004,-2.004,0.0,0.0,0.0,0.0,5087.0,2.004,0.0,-107615288.0,-107615296.0,-0.0,0.0,0.0,0.0,0.0,0.0,53,-0.0,-0.0,0.0,0.0,0.0,0.0,0.0,0.0,0.0,0,0,0,0.0,0.0,0.0,0.0,0.0,0.0,0.0,0.0,0.0,0.0,0.0,0.0,0.0,0.0,0.0,0.0,0,-107875648.0,53,0.0,106,-107614832.0,0.0,ERR,ERR,ERR,ERR,ERR,ERR,ERR,ERR,ERR,ERR,ERR,ERR,ERR,ERR,ERR,ERR,ERR,ERR,ERR,ERR,ERR,ERR,ERR,ERR,ERR,ERR,ERR,ERR,ERR,ERR,ERR,ERR,ERR,ERR,ERR,ERR,ERR,ERR,ERR,ERR,ERR,ERR,ERR,ERR,ERR,ERR,ERR,ERR,ERR,ERR,ERR,ERR,ERR,ERR,ERR,ERR,ERR,ERR,ERR,ERR,ERR,ERR,ERR,ERR,ERR,ERR,ERR,50.0,60.0,100,0.0,0.0,0.0,0.0,0.0,0.0,0.0,0.0,0.0,0.0,0.0,0.0,0.0,0.0,0.0,0.0,62.0,74,13,65511,50,65476,0,300,0,0,8,20529,65476,0,0,26214,60.0,0.0,0.0,0.0,0.0,0.0
2026-05-17T18:08:12,ERR,ERR,ERR,ERR,ERR,ERR,ERR,ERR,ERR,ERR,ERR,ERR,ERR,ERR,ERR,ERR,ERR,ERR,ERR,ERR,ERR,ERR,ERR,ERR,ERR,ERR,ERR,ERR,ERR,ERR,ERR,ERR,ERR,ERR,ERR,ERR,ERR,ERR,ERR,ERR,ERR,ERR,ERR,ERR,ERR,ERR,ERR,ERR,ERR,ERR,ERR,ERR,ERR,ERR,ERR,ERR,ERR,ERR,ERR,ERR,ERR,ERR,ERR,ERR,ERR,ERR,ERR,ERR,ERR,ERR,ERR,ERR,ERR,ERR,ERR,ERR,ERR,ERR,ERR,ERR,ERR,ERR,ERR,ERR,ERR,ERR,ERR,ERR,ERR,ERR,ERR,ERR,ERR,ERR,ERR,ERR,ERR,ERR,ERR,ERR,ERR,ERR,ERR,ERR,ERR,ERR,ERR,ERR,ERR,ERR,ERR,ERR,ERR,ERR,ERR,ERR,ERR,ERR,ERR,ERR,ERR,ERR,ERR,ERR,ERR,-107615288.0,-107615296.0,0.0,0.0,0.0,1.3936040501711995e+18,7.805,0.0,0,0,4,0,8422,0.0,45,0.0,0.0,0.0,0.0,0.0,0,0,0,0,0.0,0,0,0,0,0,0,0,0,0,0,0,0,0,0,0,0,0,0,0,0,0,0,0,0,0,0,0,0,0,0,0,0,0,38,14,7,45,65476,0,300,0,0,8,21553,0.0,-107605600.0,0.0,0.0,0.0,0.0,0.0,0.0,0.0,0.0,0.0,0.0,0.0,0.0,0.0,0.0,0.0,0.0,0.0,0.0,0.0,0.0,-2.004,0.0,2.004,-2.004,0.0,0.0,0.0,0.0,5087.0,2.004,0.0,-107615288.0,-107615296.0,-0.0,0.0,0.0,0.0,0.0,0.0,53,-0.0,-0.0,0.0,0.0,0.0,0.0,0.0,0.0,0.0,0,0,0,0.0,0.0,0.0,0.0,0.0,0.0,0.0,0.0,0.0,0.0,0.0,0.0,0.0,0.0,0.0,0.0,0,-107875648.0,53,0.0,106,-107614832.0,0.0,ERR,ERR,ERR,ERR,ERR,ERR,ERR,ERR,ERR,ERR,ERR,ERR,ERR,ERR,ERR,ERR,ERR,ERR,ERR,ERR,ERR,ERR,ERR,ERR,ERR,ERR,ERR,ERR,ERR,ERR,ERR,ERR,ERR,ERR,ERR,ERR,ERR,ERR,ERR,ERR,ERR,ERR,ERR,ERR,ERR,ERR,ERR,ERR,ERR,ERR,ERR,ERR,ERR,ERR,ERR,ERR,ERR,ERR,ERR,ERR,ERR,ERR,ERR,ERR,ERR,ERR,ERR,50.0,60.0,100,0.0,0.0,0.0,0.0,0.0,0.0,0.0,0.0,0.0,0.0,0.0,0.0,0.0,0.0,0.0,0.0,61.6,74,13,65511,50,65476,0,300,0,0,8,20529,65476,0,0,26214,60.0,0.0,0.0,0.0,0.0,0.0
2026-05-17T18:08:13,ERR,ERR,ERR,ERR,ERR,ERR,ERR,ERR,ERR,ERR,ERR,ERR,ERR,ERR,ERR,ERR,ERR,ERR,ERR,ERR,ERR,ERR,ERR,ERR,ERR,ERR,ERR,ERR,ERR,ERR,ERR,ERR,ERR,ERR,ERR,ERR,ERR,ERR,ERR,ERR,ERR,ERR,ERR,ERR,ERR,ERR,ERR,ERR,ERR,ERR,ERR,ERR,ERR,ERR,ERR,ERR,ERR,ERR,ERR,ERR,ERR,ERR,ERR,ERR,ERR,ERR,ERR,ERR,ERR,ERR,ERR,ERR,ERR,ERR,ERR,ERR,ERR,ERR,ERR,ERR,ERR,ERR,ERR,ERR,ERR,ERR,ERR,ERR,ERR,ERR,ERR,ERR,ERR,ERR,ERR,ERR,ERR,ERR,ERR,ERR,ERR,ERR,ERR,ERR,ERR,ERR,ERR,ERR,ERR,ERR,ERR,ERR,ERR,ERR,ERR,ERR,ERR,ERR,ERR,ERR,ERR,ERR,ERR,ERR,ERR,-107615288.0,-107615296.0,0.0,0.0,0.0,1.3936040501711995e+18,7.805,0.0,0,0,4,0,8422,0.0,45,0.0,0.0,0.0,0.0,0.0,0,0,0,0,0.0,0,0,0,0,0,0,0,0,0,0,0,0,0,0,0,0,0,0,0,0,0,0,0,0,0,0,0,0,0,0,0,0,0,38,14,7,45,65476,0,300,0,0,8,21553,0.0,-107605600.0,0.0,0.0,0.0,0.0,0.0,0.0,0.0,0.0,0.0,0.0,0.0,0.0,0.0,0.0,0.0,0.0,0.0,0.0,0.0,0.0,-2.004,0.0,-0.0,-2.004,0.0,0.0,0.0,0.0,5083.0,3.697187013234e+19,0.0,-107615288.0,-107615296.0,-107615280.0,0.0,0.0,0.0,0.0,0.0,53,-0.0,-0.0,0.0,0.0,0.0,0.0,0.0,0.0,0.0,0,0,0,0.0,0.0,0.0,0.0,0.0,0.0,0.0,0.0,0.0,0.0,0.0,0.0,0.0,0.0,0.0,0.0,0,-107875648.0,53,0.0,106,-107614832.0,0.0,ERR,ERR,ERR,ERR,ERR,ERR,ERR,ERR,ERR,ERR,ERR,ERR,ERR,ERR,ERR,ERR,ERR,ERR,ERR,ERR,ERR,ERR,ERR,ERR,ERR,ERR,ERR,ERR,ERR,ERR,ERR,ERR,ERR,ERR,ERR,ERR,ERR,ERR,ERR,ERR,ERR,ERR,ERR,ERR,ERR,ERR,ERR,ERR,ERR,ERR,ERR,ERR,ERR,ERR,ERR,ERR,ERR,ERR,ERR,ERR,ERR,ERR,ERR,ERR,ERR,ERR,ERR,50.0,60.0,100,0.0,0.0,0.0,0.0,0.0,0.0,0.0,0.0,0.0,0.0,0.0,0.0,0.0,0.0,0.0,0.0,61.6,74,13,65511,50,65476,0,300,0,0,8,20529,65476,0,0,26214,60.0,0.0,0.0,0.0,0.0,0.0
2026-05-17T18:08:14,ERR,ERR,ERR,ERR,ERR,ERR,ERR,ERR,ERR,ERR,ERR,ERR,ERR,ERR,ERR,ERR,ERR,ERR,ERR,ERR,ERR,ERR,ERR,ERR,ERR,ERR,ERR,ERR,ERR,ERR,ERR,ERR,ERR,ERR,ERR,ERR,ERR,ERR,ERR,ERR,ERR,ERR,ERR,ERR,ERR,ERR,ERR,ERR,ERR,ERR,ERR,ERR,ERR,ERR,ERR,ERR,ERR,ERR,ERR,ERR,ERR,ERR,ERR,ERR,ERR,ERR,ERR,ERR,ERR,ERR,ERR,ERR,ERR,ERR,ERR,ERR,ERR,ERR,ERR,ERR,ERR,ERR,ERR,ERR,ERR,ERR,ERR,ERR,ERR,ERR,ERR,ERR,ERR,ERR,ERR,ERR,ERR,ERR,ERR,ERR,ERR,ERR,ERR,ERR,ERR,ERR,ERR,ERR,ERR,ERR,ERR,ERR,ERR,ERR,ERR,ERR,ERR,ERR,ERR,ERR,ERR,ERR,ERR,ERR,ERR,-107615288.0,-107615296.0,0.0,0.0,0.0,1.3936040501711995e+18,7.805,0.0,0,0,4,0,8422,0.0,45,0.0,0.0,0.0,0.0,0.0,0,0,0,0,0.0,0,0,0,0,0,0,0,0,0,0,0,0,0,0,0,0,0,0,0,0,0,0,0,0,0,0,0,0,0,0,0,0,0,38,14,7,45,65476,0,300,0,0,8,21553,0.0,-107605600.0,0.0,0.0,0.0,0.0,0.0,0.0,0.0,0.0,0.0,0.0,0.0,0.0,0.0,0.0,0.0,0.0,0.0,0.0,0.0,0.0,-2.004,0.0,-0.0,-2.004,0.0,0.0,0.0,0.0,5083.0,3.697187013234e+19,0.0,-107615288.0,-107615296.0,-107615280.0,0.0,0.0,0.0,0.0,0.0,53,-0.0,-0.0,0.0,0.0,0.0,0.0,0.0,0.0,0.0,0,0,0,0.0,0.0,0.0,0.0,0.0,0.0,0.0,0.0,0.0,0.0,0.0,0.0,0.0,0.0,0.0,0.0,0,-107875648.0,53,0.0,106,-107614832.0,0.0,ERR,ERR,ERR,ERR,ERR,ERR,ERR,ERR,ERR,ERR,ERR,ERR,ERR,ERR,ERR,ERR,ERR,ERR,ERR,ERR,ERR,ERR,ERR,ERR,ERR,ERR,ERR,ERR,ERR,ERR,ERR,ERR,ERR,ERR,ERR,ERR,ERR,ERR,ERR,ERR,ERR,ERR,ERR,ERR,ERR,ERR,ERR,ERR,ERR,ERR,ERR,ERR,ERR,ERR,ERR,ERR,ERR,ERR,ERR,ERR,ERR,ERR,ERR,ERR,ERR,ERR,ERR,50.0,60.0,100,0.0,0.0,0.0,0.0,0.0,0.0,0.0,0.0,0.0,0.0,0.0,0.0,0.0,0.0,0.0,0.0,61.6,74,13,65511,50,65476,0,300,0,0,8,20529,65476,0,0,26214,60.0,0.0,0.0,0.0,0.0,0.0
2026-05-17T18:08:15,ERR,ERR,ERR,ERR,ERR,ERR,ERR,ERR,ERR,ERR,ERR,ERR,ERR,ERR,ERR,ERR,ERR,ERR,ERR,ERR,ERR,ERR,ERR,ERR,ERR,ERR,ERR,ERR,ERR,ERR,ERR,ERR,ERR,ERR,ERR,ERR,ERR,ERR,ERR,ERR,ERR,ERR,ERR,ERR,ERR,ERR,ERR,ERR,ERR,ERR,ERR,ERR,ERR,ERR,ERR,ERR,ERR,ERR,ERR,ERR,ERR,ERR,ERR,ERR,ERR,ERR,ERR,ERR,ERR,ERR,ERR,ERR,ERR,ERR,ERR,ERR,ERR,ERR,ERR,ERR,ERR,ERR,ERR,ERR,ERR,ERR,ERR,ERR,ERR,ERR,ERR,ERR,ERR,ERR,ERR,ERR,ERR,ERR,ERR,ERR,ERR,ERR,ERR,ERR,ERR,ERR,ERR,ERR,ERR,ERR,ERR,ERR,ERR,ERR,ERR,ERR,ERR,ERR,ERR,ERR,ERR,ERR,ERR,ERR,ERR,-107615288.0,-107615296.0,0.0,0.0,0.0,1.3936040501711995e+18,7.805,0.0,0,0,4,0,8422,0.0,45,0.0,0.0,0.0,0.0,0.0,0,0,0,0,0.0,0,0,0,0,0,0,0,0,0,0,0,0,0,0,0,0,0,0,0,0,0,0,0,0,0,0,0,0,0,0,0,0,0,38,14,7,45,65476,0,300,0,0,8,21553,0.0,-107605600.0,0.0,0.0,0.0,0.0,0.0,0.0,0.0,0.0,0.0,0.0,0.0,0.0,0.0,0.0,0.0,0.0,0.0,0.0,0.0,0.0,-2.004,0.0,-0.0,-2.004,0.0,0.0,0.0,0.0,5083.0,3.697187013234e+19,0.0,-107615288.0,-107615296.0,-107615280.0,0.0,0.0,0.0,0.0,0.0,53,-0.0,-0.0,0.0,0.0,0.0,0.0,0.0,0.0,0.0,0,0,0,0.0,0.0,0.0,0.0,0.0,0.0,0.0,0.0,0.0,0.0,0.0,0.0,0.0,0.0,0.0,0.0,0,-107875648.0,53,0.0,106,-107614832.0,0.0,ERR,ERR,ERR,ERR,ERR,ERR,ERR,ERR,ERR,ERR,ERR,ERR,ERR,ERR,ERR,ERR,ERR,ERR,ERR,ERR,ERR,ERR,ERR,ERR,ERR,ERR,ERR,ERR,ERR,ERR,ERR,ERR,ERR,ERR,ERR,ERR,ERR,ERR,ERR,ERR,ERR,ERR,ERR,ERR,ERR,ERR,ERR,ERR,ERR,ERR,ERR,ERR,ERR,ERR,ERR,ERR,ERR,ERR,ERR,ERR,ERR,ERR,ERR,ERR,ERR,ERR,ERR,50.0,60.0,100,0.0,0.0,0.0,0.0,0.0,0.0,0.0,0.0,0.0,0.0,0.0,0.0,0.0,0.0,0.0,0.0,61.6,74,13,65511,50,65476,0,300,0,0,8,20529,65476,0,0,26214,60.0,0.0,0.0,0.0,0.0,0.0
2026-05-17T18:08:16,ERR,ERR,ERR,ERR,ERR,ERR,ERR,ERR,ERR,ERR,ERR,ERR,ERR,ERR,ERR,ERR,ERR,ERR,ERR,ERR,ERR,ERR,ERR,ERR,ERR,ERR,ERR,ERR,ERR,ERR,ERR,ERR,ERR,ERR,ERR,ERR,ERR,ERR,ERR,ERR,ERR,ERR,ERR,ERR,ERR,ERR,ERR,ERR,ERR,ERR,ERR,ERR,ERR,ERR,ERR,ERR,ERR,ERR,ERR,ERR,ERR,ERR,ERR,ERR,ERR,ERR,ERR,ERR,ERR,ERR,ERR,ERR,ERR,ERR,ERR,ERR,ERR,ERR,ERR,ERR,ERR,ERR,ERR,ERR,ERR,ERR,ERR,ERR,ERR,ERR,ERR,ERR,ERR,ERR,ERR,ERR,ERR,ERR,ERR,ERR,ERR,ERR,ERR,ERR,ERR,ERR,ERR,ERR,ERR,ERR,ERR,ERR,ERR,ERR,ERR,ERR,ERR,ERR,ERR,ERR,ERR,ERR,ERR,ERR,ERR,-107615288.0,-107615296.0,0.0,0.0,0.0,1.3936040501711995e+18,7.805,0.0,0,0,4,0,8422,0.0,45,0.0,0.0,0.0,0.0,0.0,0,0,0,0,0.0,0,0,0,0,0,0,0,0,0,0,0,0,0,0,0,0,0,0,0,0,0,0,0,0,0,0,0,0,0,0,0,0,0,38,14,7,45,65476,0,300,0,0,8,21553,0.0,-107605600.0,0.0,0.0,0.0,0.0,0.0,0.0,0.0,0.0,0.0,0.0,0.0,0.0,0.0,0.0,0.0,0.0,0.0,0.0,0.0,0.0,-2.004,0.0,-0.0,-2.004,0.0,0.0,0.0,0.0,5083.0,3.697187013234e+19,0.0,-107615288.0,-107615296.0,-107615280.0,0.0,0.0,0.0,0.0,0.0,53,-0.0,-0.0,0.0,0.0,0.0,0.0,0.0,0.0,0.0,0,0,0,0.0,0.0,0.0,0.0,0.0,0.0,0.0,0.0,0.0,0.0,0.0,0.0,0.0,0.0,0.0,0.0,0,-107875648.0,53,0.0,106,-107614832.0,0.0,ERR,ERR,ERR,ERR,ERR,ERR,ERR,ERR,ERR,ERR,ERR,ERR,ERR,ERR,ERR,ERR,ERR,ERR,ERR,ERR,ERR,ERR,ERR,ERR,ERR,ERR,ERR,ERR,ERR,ERR,ERR,ERR,ERR,ERR,ERR,ERR,ERR,ERR,ERR,ERR,ERR,ERR,ERR,ERR,ERR,ERR,ERR,ERR,ERR,ERR,ERR,ERR,ERR,ERR,ERR,ERR,ERR,ERR,ERR,ERR,ERR,ERR,ERR,ERR,ERR,ERR,ERR,50.0,60.0,100,0.0,0.0,0.0,0.0,0.0,0.0,0.0,0.0,0.0,0.0,0.0,0.0,0.0,0.0,0.0,0.0,61.6,74,13,65511,50,65476,0,300,0,0,8,20529,65476,0,0,26214,60.0,0.0,0.0,0.0,0.0,0.0
2026-05-17T18:08:17,ERR,ERR,ERR,ERR,ERR,ERR,ERR,ERR,ERR,ERR,ERR,ERR,ERR,ERR,ERR,ERR,ERR,ERR,ERR,ERR,ERR,ERR,ERR,ERR,ERR,ERR,ERR,ERR,ERR,ERR,ERR,ERR,ERR,ERR,ERR,ERR,ERR,ERR,ERR,ERR,ERR,ERR,ERR,ERR,ERR,ERR,ERR,ERR,ERR,ERR,ERR,ERR,ERR,ERR,ERR,ERR,ERR,ERR,ERR,ERR,ERR,ERR,ERR,ERR,ERR,ERR,ERR,ERR,ERR,ERR,ERR,ERR,ERR,ERR,ERR,ERR,ERR,ERR,ERR,ERR,ERR,ERR,ERR,ERR,ERR,ERR,ERR,ERR,ERR,ERR,ERR,ERR,ERR,ERR,ERR,ERR,ERR,ERR,ERR,ERR,ERR,ERR,ERR,ERR,ERR,ERR,ERR,ERR,ERR,ERR,ERR,ERR,ERR,ERR,ERR,ERR,ERR,ERR,ERR,ERR,ERR,ERR,ERR,ERR,ERR,-107615288.0,-107615296.0,0.0,0.0,0.0,1.3936040501711995e+18,7.805,0.0,0,0,4,0,8422,0.0,45,0.0,0.0,0.0,0.0,0.0,0,0,0,0,0.0,0,0,0,0,0,0,0,0,0,0,0,0,0,0,0,0,0,0,0,0,0,0,0,0,0,0,0,0,0,0,0,0,0,38,14,7,45,65476,0,300,0,0,8,21553,0.0,-107605600.0,0.0,0.0,0.0,0.0,0.0,0.0,0.0,0.0,0.0,0.0,0.0,0.0,0.0,0.0,0.0,0.0,0.0,0.0,0.0,0.0,-2.004,0.0,-0.0,-2.004,0.0,0.0,0.0,0.0,5083.0,3.697187013234e+19,0.0,-107615288.0,-107615296.0,-107615280.0,0.0,0.0,0.0,0.0,0.0,53,-0.0,-0.0,0.0,0.0,0.0,0.0,0.0,0.0,0.0,0,0,0,0.0,0.0,0.0,0.0,0.0,0.0,0.0,0.0,0.0,0.0,0.0,0.0,0.0,0.0,0.0,0.0,0,-107875648.0,53,0.0,106,-107614832.0,0.0,ERR,ERR,ERR,ERR,ERR,ERR,ERR,ERR,ERR,ERR,ERR,ERR,ERR,ERR,ERR,ERR,ERR,ERR,ERR,ERR,ERR,ERR,ERR,ERR,ERR,ERR,ERR,ERR,ERR,ERR,ERR,ERR,ERR,ERR,ERR,ERR,ERR,ERR,ERR,ERR,ERR,ERR,ERR,ERR,ERR,ERR,ERR,ERR,ERR,ERR,ERR,ERR,ERR,ERR,ERR,ERR,ERR,ERR,ERR,ERR,ERR,ERR,ERR,ERR,ERR,ERR,ERR,50.0,60.0,100,0.0,0.0,0.0,0.0,0.0,0.0,0.0,0.0,0.0,0.0,0.0,0.0,0.0,0.0,0.0,0.0,62.0,74,13,65511,50,65476,0,300,0,0,8,20529,65476,0,0,26214,60.0,0.0,0.0,0.0,0.0,0.0
2026-05-17T18:08:18,ERR,ERR,ERR,ERR,ERR,ERR,ERR,ERR,ERR,ERR,ERR,ERR,ERR,ERR,ERR,ERR,ERR,ERR,ERR,ERR,ERR,ERR,ERR,ERR,ERR,ERR,ERR,ERR,ERR,ERR,ERR,ERR,ERR,ERR,ERR,ERR,ERR,ERR,ERR,ERR,ERR,ERR,ERR,ERR,ERR,ERR,ERR,ERR,ERR,ERR,ERR,ERR,ERR,ERR,ERR,ERR,ERR,ERR,ERR,ERR,ERR,ERR,ERR,ERR,ERR,ERR,ERR,ERR,ERR,ERR,ERR,ERR,ERR,ERR,ERR,ERR,ERR,ERR,ERR,ERR,ERR,ERR,ERR,ERR,ERR,ERR,ERR,ERR,ERR,ERR,ERR,ERR,ERR,ERR,ERR,ERR,ERR,ERR,ERR,ERR,ERR,ERR,ERR,ERR,ERR,ERR,ERR,ERR,ERR,ERR,ERR,ERR,ERR,ERR,ERR,ERR,ERR,ERR,ERR,ERR,ERR,ERR,ERR,ERR,ERR,-107615288.0,-107615296.0,0.0,0.0,0.0,1.3936040501711995e+18,7.805,0.0,0,0,4,0,8422,0.0,45,0.0,0.0,0.0,0.0,0.0,0,0,0,0,0.0,0,0,0,0,0,0,0,0,0,0,0,0,0,0,0,0,0,0,0,0,0,0,0,0,0,0,0,0,0,0,0,0,0,38,14,7,45,65476,0,300,0,0,8,21553,0.0,-107605600.0,0.0,0.0,0.0,0.0,0.0,0.0,0.0,0.0,0.0,0.0,0.0,0.0,0.0,0.0,0.0,0.0,0.0,0.0,0.0,0.0,-2.004,-2.004,2.004,0.0,0.0,0.0,0.0,0.0,5085.0,0.0,0.0,-107615288.0,-107615296.0,-0.0,2.718429300292151e+23,0.0,0.0,0.0,0.0,53,-0.0,1.9056862663645594e+17,0.0,0.0,0.0,0.0,0.0,0.0,0.0,0,0,0,0.0,0.0,0.0,0.0,0.0,0.0,0.0,0.0,0.0,0.0,0.0,0.0,0.0,0.0,0.0,0.0,0,-107875648.0,53,0.0,106,-107614832.0,0.0,ERR,ERR,ERR,ERR,ERR,ERR,ERR,ERR,ERR,ERR,ERR,ERR,ERR,ERR,ERR,ERR,ERR,ERR,ERR,ERR,ERR,ERR,ERR,ERR,ERR,ERR,ERR,ERR,ERR,ERR,ERR,ERR,ERR,ERR,ERR,ERR,ERR,ERR,ERR,ERR,ERR,ERR,ERR,ERR,ERR,ERR,ERR,ERR,ERR,ERR,ERR,ERR,ERR,ERR,ERR,ERR,ERR,ERR,ERR,ERR,ERR,ERR,ERR,ERR,ERR,ERR,ERR,50.0,60.0,100,0.0,0.0,0.0,0.0,0.0,0.0,0.0,0.0,0.0,0.0,0.0,0.0,0.0,0.0,0.0,0.0,62.0,74,13,65511,50,65476,0,300,0,0,8,20529,65476,0,0,26214,60.0,0.0,0.0,0.0,0.0,0.0
2026-05-17T18:08:19,ERR,ERR,ERR,ERR,ERR,ERR,ERR,ERR,ERR,ERR,ERR,ERR,ERR,ERR,ERR,ERR,ERR,ERR,ERR,ERR,ERR,ERR,ERR,ERR,ERR,ERR,ERR,ERR,ERR,ERR,ERR,ERR,ERR,ERR,ERR,ERR,ERR,ERR,ERR,ERR,ERR,ERR,ERR,ERR,ERR,ERR,ERR,ERR,ERR,ERR,ERR,ERR,ERR,ERR,ERR,ERR,ERR,ERR,ERR,ERR,ERR,ERR,ERR,ERR,ERR,ERR,ERR,ERR,ERR,ERR,ERR,ERR,ERR,ERR,ERR,ERR,ERR,ERR,ERR,ERR,ERR,ERR,ERR,ERR,ERR,ERR,ERR,ERR,ERR,ERR,ERR,ERR,ERR,ERR,ERR,ERR,ERR,ERR,ERR,ERR,ERR,ERR,ERR,ERR,ERR,ERR,ERR,ERR,ERR,ERR,ERR,ERR,ERR,ERR,ERR,ERR,ERR,ERR,ERR,ERR,ERR,ERR,ERR,ERR,ERR,-107615288.0,-107615296.0,0.0,0.0,0.0,1.3936040501711995e+18,7.805,0.0,0,0,4,0,8422,0.0,45,0.0,0.0,0.0,0.0,0.0,0,0,0,0,0.0,0,0,0,0,0,0,0,0,0,0,0,0,0,0,0,0,0,0,0,0,0,0,0,0,0,0,0,0,0,0,0,0,0,38,14,7,45,65476,0,300,0,0,8,21553,0.0,-107605600.0,0.0,0.0,0.0,0.0,0.0,0.0,0.0,0.0,0.0,0.0,0.0,0.0,0.0,0.0,0.0,0.0,0.0,0.0,0.0,0.0,-2.004,-2.004,2.004,0.0,0.0,0.0,0.0,0.0,5085.0,0.0,0.0,-107615288.0,-107615296.0,-0.0,2.718429300292151e+23,0.0,0.0,0.0,0.0,53,-0.0,1.9056862663645594e+17,0.0,0.0,0.0,0.0,0.0,0.0,0.0,0,0,0,0.0,0.0,0.0,0.0,0.0,0.0,0.0,0.0,0.0,0.0,0.0,0.0,0.0,0.0,0.0,0.0,0,-107875648.0,53,0.0,106,-107614832.0,0.0,ERR,ERR,ERR,ERR,ERR,ERR,ERR,ERR,ERR,ERR,ERR,ERR,ERR,ERR,ERR,ERR,ERR,ERR,ERR,ERR,ERR,ERR,ERR,ERR,ERR,ERR,ERR,ERR,ERR,ERR,ERR,ERR,ERR,ERR,ERR,ERR,ERR,ERR,ERR,ERR,ERR,ERR,ERR,ERR,ERR,ERR,ERR,ERR,ERR,ERR,ERR,ERR,ERR,ERR,ERR,ERR,ERR,ERR,ERR,ERR,ERR,ERR,ERR,ERR,ERR,ERR,ERR,50.0,60.0,100,0.0,0.0,0.0,0.0,0.0,0.0,0.0,0.0,0.0,0.0,0.0,0.0,0.0,0.0,0.0,0.0,61.6,74,13,65511,50,65476,0,300,0,0,8,20529,65476,0,0,26214,60.0,0.0,0.0,0.0,0.0,0.0
2026-05-17T18:08:20,ERR,ERR,ERR,ERR,ERR,ERR,ERR,ERR,ERR,ERR,ERR,ERR,ERR,ERR,ERR,ERR,ERR,ERR,ERR,ERR,ERR,ERR,ERR,ERR,ERR,ERR,ERR,ERR,ERR,ERR,ERR,ERR,ERR,ERR,ERR,ERR,ERR,ERR,ERR,ERR,ERR,ERR,ERR,ERR,ERR,ERR,ERR,ERR,ERR,ERR,ERR,ERR,ERR,ERR,ERR,ERR,ERR,ERR,ERR,ERR,ERR,ERR,ERR,ERR,ERR,ERR,ERR,ERR,ERR,ERR,ERR,ERR,ERR,ERR,ERR,ERR,ERR,ERR,ERR,ERR,ERR,ERR,ERR,ERR,ERR,ERR,ERR,ERR,ERR,ERR,ERR,ERR,ERR,ERR,ERR,ERR,ERR,ERR,ERR,ERR,ERR,ERR,ERR,ERR,ERR,ERR,ERR,ERR,ERR,ERR,ERR,ERR,ERR,ERR,ERR,ERR,ERR,ERR,ERR,ERR,ERR,ERR,ERR,ERR,ERR,-107615288.0,-107615296.0,0.0,0.0,0.0,1.3936040501711995e+18,7.805,0.0,0,0,4,0,8422,0.0,45,0.0,0.0,0.0,0.0,0.0,0,0,0,0,0.0,0,0,0,0,0,0,0,0,0,0,0,0,0,0,0,0,0,0,0,0,0,0,0,0,0,0,0,0,0,0,0,0,0,38,14,7,45,65476,0,300,0,0,8,21553,0.0,-107605600.0,0.0,0.0,0.0,0.0,0.0,0.0,0.0,0.0,0.0,0.0,0.0,0.0,0.0,0.0,0.0,0.0,0.0,0.0,0.0,0.0,-2.004,-2.004,2.004,0.0,0.0,0.0,0.0,0.0,5085.0,0.0,0.0,-107615288.0,-107615296.0,-0.0,2.718429300292151e+23,0.0,0.0,0.0,0.0,53,-0.0,1.9056862663645594e+17,0.0,0.0,0.0,0.0,0.0,0.0,0.0,0,0,0,0.0,0.0,0.0,0.0,0.0,0.0,0.0,0.0,0.0,0.0,0.0,0.0,0.0,0.0,0.0,0.0,0,-107875648.0,53,0.0,106,-107614832.0,0.0,ERR,ERR,ERR,ERR,ERR,ERR,ERR,ERR,ERR,ERR,ERR,ERR,ERR,ERR,ERR,ERR,ERR,ERR,ERR,ERR,ERR,ERR,ERR,ERR,ERR,ERR,ERR,ERR,ERR,ERR,ERR,ERR,ERR,ERR,ERR,ERR,ERR,ERR,ERR,ERR,ERR,ERR,ERR,ERR,ERR,ERR,ERR,ERR,ERR,ERR,ERR,ERR,ERR,ERR,ERR,ERR,ERR,ERR,ERR,ERR,ERR,ERR,ERR,ERR,ERR,ERR,ERR,50.0,60.0,100,0.0,0.0,0.0,0.0,0.0,0.0,0.0,0.0,0.0,0.0,0.0,0.0,0.0,0.0,0.0,0.0,61.6,74,13,65511,50,65476,0,300,0,0,8,20529,65476,0,0,26214,60.0,0.0,0.0,0.0,0.0,0.0
2026-05-17T18:08:21,ERR,ERR,ERR,ERR,ERR,ERR,ERR,ERR,ERR,ERR,ERR,ERR,ERR,ERR,ERR,ERR,ERR,ERR,ERR,ERR,ERR,ERR,ERR,ERR,ERR,ERR,ERR,ERR,ERR,ERR,ERR,ERR,ERR,ERR,ERR,ERR,ERR,ERR,ERR,ERR,ERR,ERR,ERR,ERR,ERR,ERR,ERR,ERR,ERR,ERR,ERR,ERR,ERR,ERR,ERR,ERR,ERR,ERR,ERR,ERR,ERR,ERR,ERR,ERR,ERR,ERR,ERR,ERR,ERR,ERR,ERR,ERR,ERR,ERR,ERR,ERR,ERR,ERR,ERR,ERR,ERR,ERR,ERR,ERR,ERR,ERR,ERR,ERR,ERR,ERR,ERR,ERR,ERR,ERR,ERR,ERR,ERR,ERR,ERR,ERR,ERR,ERR,ERR,ERR,ERR,ERR,ERR,ERR,ERR,ERR,ERR,ERR,ERR,ERR,ERR,ERR,ERR,ERR,ERR,ERR,ERR,ERR,ERR,ERR,ERR,-107615288.0,-107615296.0,0.0,0.0,0.0,1.3936040501711995e+18,7.805,0.0,0,0,4,0,8422,0.0,45,0.0,0.0,0.0,0.0,0.0,0,0,0,0,0.0,0,0,0,0,0,0,0,0,0,0,0,0,0,0,0,0,0,0,0,0,0,0,0,0,0,0,0,0,0,0,0,0,0,38,14,7,45,65476,0,300,0,0,8,21553,0.0,-107605600.0,0.0,0.0,0.0,0.0,0.0,0.0,0.0,0.0,0.0,0.0,0.0,0.0,0.0,0.0,0.0,0.0,0.0,0.0,0.0,0.0,-2.004,-2.004,2.004,0.0,0.0,0.0,0.0,0.0,5085.0,0.0,0.0,-107615288.0,-107615296.0,-0.0,2.718429300292151e+23,0.0,0.0,0.0,0.0,53,-0.0,1.9056862663645594e+17,0.0,0.0,0.0,0.0,0.0,0.0,0.0,0,0,0,0.0,0.0,0.0,0.0,0.0,0.0,0.0,0.0,0.0,0.0,0.0,0.0,0.0,0.0,0.0,0.0,0,-107875648.0,53,0.0,106,-107614832.0,0.0,ERR,ERR,ERR,ERR,ERR,ERR,ERR,ERR,ERR,ERR,ERR,ERR,ERR,ERR,ERR,ERR,ERR,ERR,ERR,ERR,ERR,ERR,ERR,ERR,ERR,ERR,ERR,ERR,ERR,ERR,ERR,ERR,ERR,ERR,ERR,ERR,ERR,ERR,ERR,ERR,ERR,ERR,ERR,ERR,ERR,ERR,ERR,ERR,ERR,ERR,ERR,ERR,ERR,ERR,ERR,ERR,ERR,ERR,ERR,ERR,ERR,ERR,ERR,ERR,ERR,ERR,ERR,50.0,60.0,100,0.0,0.0,0.0,0.0,0.0,0.0,0.0,0.0,0.0,0.0,0.0,0.0,0.0,0.0,0.0,0.0,61.6,74,13,65511,50,65476,0,300,0,0,8,20529,65476,0,0,26214,60.0,0.0,0.0,0.0,0.0,0.0
2026-05-17T18:08:22,ERR,ERR,ERR,ERR,ERR,ERR,ERR,ERR,ERR,ERR,ERR,ERR,ERR,ERR,ERR,ERR,ERR,ERR,ERR,ERR,ERR,ERR,ERR,ERR,ERR,ERR,ERR,ERR,ERR,ERR,ERR,ERR,ERR,ERR,ERR,ERR,ERR,ERR,ERR,ERR,ERR,ERR,ERR,ERR,ERR,ERR,ERR,ERR,ERR,ERR,ERR,ERR,ERR,ERR,ERR,ERR,ERR,ERR,ERR,ERR,ERR,ERR,ERR,ERR,ERR,ERR,ERR,ERR,ERR,ERR,ERR,ERR,ERR,ERR,ERR,ERR,ERR,ERR,ERR,ERR,ERR,ERR,ERR,ERR,ERR,ERR,ERR,ERR,ERR,ERR,ERR,ERR,ERR,ERR,ERR,ERR,ERR,ERR,ERR,ERR,ERR,ERR,ERR,ERR,ERR,ERR,ERR,ERR,ERR,ERR,ERR,ERR,ERR,ERR,ERR,ERR,ERR,ERR,ERR,ERR,ERR,ERR,ERR,ERR,ERR,-107615288.0,-107615296.0,0.0,0.0,0.0,1.3936040501711995e+18,7.805,0.0,0,0,4,0,8422,0.0,45,0.0,0.0,0.0,0.0,0.0,0,0,0,0,0.0,0,0,0,0,0,0,0,0,0,0,0,0,0,0,0,0,0,0,0,0,0,0,0,0,0,0,0,0,0,0,0,0,0,38,14,7,45,65476,0,300,0,0,8,21553,0.0,-107605600.0,0.0,0.0,0.0,0.0,0.0,0.0,0.0,0.0,0.0,0.0,0.0,0.0,0.0,0.0,0.0,0.0,0.0,0.0,0.0,0.0,-2.004,-2.004,2.004,0.0,0.0,0.0,0.0,0.0,5085.0,0.0,0.0,-107615288.0,-107615296.0,-0.0,2.718429300292151e+23,0.0,0.0,0.0,0.0,53,-0.0,1.9056862663645594e+17,0.0,0.0,0.0,0.0,0.0,0.0,0.0,0,0,0,0.0,0.0,0.0,0.0,0.0,0.0,0.0,0.0,0.0,0.0,0.0,0.0,0.0,0.0,0.0,0.0,0,-107875648.0,53,0.0,106,-107614832.0,0.0,ERR,ERR,ERR,ERR,ERR,ERR,ERR,ERR,ERR,ERR,ERR,ERR,ERR,ERR,ERR,ERR,ERR,ERR,ERR,ERR,ERR,ERR,ERR,ERR,ERR,ERR,ERR,ERR,ERR,ERR,ERR,ERR,ERR,ERR,ERR,ERR,ERR,ERR,ERR,ERR,ERR,ERR,ERR,ERR,ERR,ERR,ERR,ERR,ERR,ERR,ERR,ERR,ERR,ERR,ERR,ERR,ERR,ERR,ERR,ERR,ERR,ERR,ERR,ERR,ERR,ERR,ERR,50.0,60.0,100,0.0,0.0,0.0,0.0,0.0,0.0,0.0,0.0,0.0,0.0,0.0,0.0,0.0,0.0,0.0,0.0,62.0,74,13,65511,50,65476,0,300,0,0,8,20529,65476,0,0,26214,60.0,0.0,0.0,0.0,0.0,0.0
2026-05-17T18:08:23,ERR,ERR,ERR,ERR,ERR,ERR,ERR,ERR,ERR,ERR,ERR,ERR,ERR,ERR,ERR,ERR,ERR,ERR,ERR,ERR,ERR,ERR,ERR,ERR,ERR,ERR,ERR,ERR,ERR,ERR,ERR,ERR,ERR,ERR,ERR,ERR,ERR,ERR,ERR,ERR,ERR,ERR,ERR,ERR,ERR,ERR,ERR,ERR,ERR,ERR,ERR,ERR,ERR,ERR,ERR,ERR,ERR,ERR,ERR,ERR,ERR,ERR,ERR,ERR,ERR,ERR,ERR,ERR,ERR,ERR,ERR,ERR,ERR,ERR,ERR,ERR,ERR,ERR,ERR,ERR,ERR,ERR,ERR,ERR,ERR,ERR,ERR,ERR,ERR,ERR,ERR,ERR,ERR,ERR,ERR,ERR,ERR,ERR,ERR,ERR,ERR,ERR,ERR,ERR,ERR,ERR,ERR,ERR,ERR,ERR,ERR,ERR,ERR,ERR,ERR,ERR,ERR,ERR,ERR,ERR,ERR,ERR,ERR,ERR,ERR,-107615288.0,-107615296.0,0.0,0.0,0.0,1.3936040501711995e+18,7.805,0.0,0,0,4,0,8422,0.0,45,0.0,0.0,0.0,0.0,0.0,0,0,0,0,0.0,0,0,0,0,0,0,0,0,0,0,0,0,0,0,0,0,0,0,0,0,0,0,0,0,0,0,0,0,0,0,0,0,0,38,14,7,45,65476,0,300,0,0,8,21553,0.0,-107605600.0,0.0,0.0,0.0,0.0,0.0,0.0,0.0,0.0,0.0,0.0,0.0,0.0,0.0,0.0,0.0,0.0,0.0,0.0,0.0,0.0,-2.004,0.0,-0.0,0.0,0.0,0.0,0.0,0.0,5057.0,8608184320.0,0.0,-107615288.0,-107615296.0,-107615280.0,0.0,0.0,0.0,0.0,0.0,53,-0.0,-0.0,0.0,0.0,0.0,0.0,0.0,0.0,0.0,0,0,0,0.0,0.0,0.0,0.0,0.0,0.0,0.0,0.0,0.0,0.0,0.0,0.0,0.0,0.0,0.0,0.0,0,-107875648.0,53,0.0,106,-107614832.0,0.0,ERR,ERR,ERR,ERR,ERR,ERR,ERR,ERR,ERR,ERR,ERR,ERR,ERR,ERR,ERR,ERR,ERR,ERR,ERR,ERR,ERR,ERR,ERR,ERR,ERR,ERR,ERR,ERR,ERR,ERR,ERR,ERR,ERR,ERR,ERR,ERR,ERR,ERR,ERR,ERR,ERR,ERR,ERR,ERR,ERR,ERR,ERR,ERR,ERR,ERR,ERR,ERR,ERR,ERR,ERR,ERR,ERR,ERR,ERR,ERR,ERR,ERR,ERR,ERR,ERR,ERR,ERR,50.0,60.0,100,0.0,0.0,0.0,0.0,0.0,0.0,0.0,0.0,0.0,0.0,0.0,0.0,0.0,0.0,0.0,0.0,62.0,74,13,65511,50,65476,0,300,0,0,8,20529,65476,0,0,26214,60.0,0.0,0.0,0.0,0.0,0.0
2026-05-17T18:08:24,ERR,ERR,ERR,ERR,ERR,ERR,ERR,ERR,ERR,ERR,ERR,ERR,ERR,ERR,ERR,ERR,ERR,ERR,ERR,ERR,ERR,ERR,ERR,ERR,ERR,ERR,ERR,ERR,ERR,ERR,ERR,ERR,ERR,ERR,ERR,ERR,ERR,ERR,ERR,ERR,ERR,ERR,ERR,ERR,ERR,ERR,ERR,ERR,ERR,ERR,ERR,ERR,ERR,ERR,ERR,ERR,ERR,ERR,ERR,ERR,ERR,ERR,ERR,ERR,ERR,ERR,ERR,ERR,ERR,ERR,ERR,ERR,ERR,ERR,ERR,ERR,ERR,ERR,ERR,ERR,ERR,ERR,ERR,ERR,ERR,ERR,ERR,ERR,ERR,ERR,ERR,ERR,ERR,ERR,ERR,ERR,ERR,ERR,ERR,ERR,ERR,ERR,ERR,ERR,ERR,ERR,ERR,ERR,ERR,ERR,ERR,ERR,ERR,ERR,ERR,ERR,ERR,ERR,ERR,ERR,ERR,ERR,ERR,ERR,ERR,-107615288.0,-107615296.0,0.0,0.0,0.0,1.3936040501711995e+18,7.805,0.0,0,0,4,0,8422,0.0,45,0.0,0.0,0.0,0.0,0.0,0,0,0,0,0.0,0,0,0,0,0,0,0,0,0,0,0,0,0,0,0,0,0,0,0,0,0,0,0,0,0,0,0,0,0,0,0,0,0,38,14,7,45,65476,0,300,0,0,8,21553,0.0,-107605600.0,0.0,0.0,0.0,0.0,0.0,0.0,0.0,0.0,0.0,0.0,0.0,0.0,0.0,0.0,0.0,0.0,0.0,0.0,0.0,0.0,-2.004,0.0,-0.0,0.0,0.0,0.0,0.0,0.0,5057.0,8608184320.0,0.0,-107615288.0,-107615296.0,-107615280.0,0.0,0.0,0.0,0.0,0.0,53,-0.0,-0.0,0.0,0.0,0.0,0.0,0.0,0.0,0.0,0,0,0,0.0,0.0,0.0,0.0,0.0,0.0,0.0,0.0,0.0,0.0,0.0,0.0,0.0,0.0,0.0,0.0,0,-107875648.0,53,0.0,106,-107614832.0,0.0,ERR,ERR,ERR,ERR,ERR,ERR,ERR,ERR,ERR,ERR,ERR,ERR,ERR,ERR,ERR,ERR,ERR,ERR,ERR,ERR,ERR,ERR,ERR,ERR,ERR,ERR,ERR,ERR,ERR,ERR,ERR,ERR,ERR,ERR,ERR,ERR,ERR,ERR,ERR,ERR,ERR,ERR,ERR,ERR,ERR,ERR,ERR,ERR,ERR,ERR,ERR,ERR,ERR,ERR,ERR,ERR,ERR,ERR,ERR,ERR,ERR,ERR,ERR,ERR,ERR,ERR,ERR,50.0,60.0,100,0.0,0.0,0.0,0.0,0.0,0.0,0.0,0.0,0.0,0.0,0.0,0.0,0.0,0.0,0.0,0.0,62.0,74,13,65511,50,65476,0,300,0,0,8,20529,65476,0,0,26214,60.0,0.0,0.0,0.0,0.0,0.0
2026-05-17T18:08:25,ERR,ERR,ERR,ERR,ERR,ERR,ERR,ERR,ERR,ERR,ERR,ERR,ERR,ERR,ERR,ERR,ERR,ERR,ERR,ERR,ERR,ERR,ERR,ERR,ERR,ERR,ERR,ERR,ERR,ERR,ERR,ERR,ERR,ERR,ERR,ERR,ERR,ERR,ERR,ERR,ERR,ERR,ERR,ERR,ERR,ERR,ERR,ERR,ERR,ERR,ERR,ERR,ERR,ERR,ERR,ERR,ERR,ERR,ERR,ERR,ERR,ERR,ERR,ERR,ERR,ERR,ERR,ERR,ERR,ERR,ERR,ERR,ERR,ERR,ERR,ERR,ERR,ERR,ERR,ERR,ERR,ERR,ERR,ERR,ERR,ERR,ERR,ERR,ERR,ERR,ERR,ERR,ERR,ERR,ERR,ERR,ERR,ERR,ERR,ERR,ERR,ERR,ERR,ERR,ERR,ERR,ERR,ERR,ERR,ERR,ERR,ERR,ERR,ERR,ERR,ERR,ERR,ERR,ERR,ERR,ERR,ERR,ERR,ERR,ERR,-107615288.0,-107615296.0,0.0,0.0,0.0,1.3936040501711995e+18,7.805,0.0,0,0,4,0,8422,0.0,45,0.0,0.0,0.0,0.0,0.0,0,0,0,0,0.0,0,0,0,0,0,0,0,0,0,0,0,0,0,0,0,0,0,0,0,0,0,0,0,0,0,0,0,0,0,0,0,0,0,38,14,7,45,65476,0,300,0,0,8,21553,0.0,-107605600.0,0.0,0.0,0.0,0.0,0.0,0.0,0.0,0.0,0.0,0.0,0.0,0.0,0.0,0.0,0.0,0.0,0.0,0.0,0.0,0.0,-2.004,0.0,-0.0,0.0,0.0,0.0,0.0,0.0,5057.0,8608184320.0,0.0,-107615288.0,-107615296.0,-107615280.0,0.0,0.0,0.0,0.0,0.0,53,-0.0,-0.0,0.0,0.0,0.0,0.0,0.0,0.0,0.0,0,0,0,0.0,0.0,0.0,0.0,0.0,0.0,0.0,0.0,0.0,0.0,0.0,0.0,0.0,0.0,0.0,0.0,0,-107875648.0,53,0.0,106,-107614832.0,0.0,ERR,ERR,ERR,ERR,ERR,ERR,ERR,ERR,ERR,ERR,ERR,ERR,ERR,ERR,ERR,ERR,ERR,ERR,ERR,ERR,ERR,ERR,ERR,ERR,ERR,ERR,ERR,ERR,ERR,ERR,ERR,ERR,ERR,ERR,ERR,ERR,ERR,ERR,ERR,ERR,ERR,ERR,ERR,ERR,ERR,ERR,ERR,ERR,ERR,ERR,ERR,ERR,ERR,ERR,ERR,ERR,ERR,ERR,ERR,ERR,ERR,ERR,ERR,ERR,ERR,ERR,ERR,50.0,60.0,100,0.0,0.0,0.0,0.0,0.0,0.0,0.0,0.0,0.0,0.0,0.0,0.0,0.0,0.0,0.0,0.0,62.0,74,13,65511,50,65476,0,300,0,0,8,20529,65476,0,0,26214,60.0,0.0,0.0,0.0,0.0,0.0
2026-05-17T18:08:26,ERR,ERR,ERR,ERR,ERR,ERR,ERR,ERR,ERR,ERR,ERR,ERR,ERR,ERR,ERR,ERR,ERR,ERR,ERR,ERR,ERR,ERR,ERR,ERR,ERR,ERR,ERR,ERR,ERR,ERR,ERR,ERR,ERR,ERR,ERR,ERR,ERR,ERR,ERR,ERR,ERR,ERR,ERR,ERR,ERR,ERR,ERR,ERR,ERR,ERR,ERR,ERR,ERR,ERR,ERR,ERR,ERR,ERR,ERR,ERR,ERR,ERR,ERR,ERR,ERR,ERR,ERR,ERR,ERR,ERR,ERR,ERR,ERR,ERR,ERR,ERR,ERR,ERR,ERR,ERR,ERR,ERR,ERR,ERR,ERR,ERR,ERR,ERR,ERR,ERR,ERR,ERR,ERR,ERR,ERR,ERR,ERR,ERR,ERR,ERR,ERR,ERR,ERR,ERR,ERR,ERR,ERR,ERR,ERR,ERR,ERR,ERR,ERR,ERR,ERR,ERR,ERR,ERR,ERR,ERR,ERR,ERR,ERR,ERR,ERR,-107615288.0,-107615296.0,0.0,0.0,0.0,1.3936040501711995e+18,7.805,0.0,0,0,4,0,8422,0.0,45,0.0,0.0,0.0,0.0,0.0,0,0,0,0,0.0,0,0,0,0,0,0,0,0,0,0,0,0,0,0,0,0,0,0,0,0,0,0,0,0,0,0,0,0,0,0,0,0,0,38,14,7,45,65476,0,300,0,0,8,21553,0.0,-107605600.0,0.0,0.0,0.0,0.0,0.0,0.0,0.0,0.0,0.0,0.0,0.0,0.0,0.0,0.0,0.0,0.0,0.0,0.0,0.0,0.0,-2.004,0.0,-0.0,0.0,0.0,0.0,0.0,0.0,5057.0,8608184320.0,0.0,-107615288.0,-107615296.0,-107615280.0,0.0,0.0,0.0,0.0,0.0,53,-0.0,-0.0,0.0,0.0,0.0,0.0,0.0,0.0,0.0,0,0,0,0.0,0.0,0.0,0.0,0.0,0.0,0.0,0.0,0.0,0.0,0.0,0.0,0.0,0.0,0.0,0.0,0,-107875648.0,53,0.0,106,-107614832.0,0.0,ERR,ERR,ERR,ERR,ERR,ERR,ERR,ERR,ERR,ERR,ERR,ERR,ERR,ERR,ERR,ERR,ERR,ERR,ERR,ERR,ERR,ERR,ERR,ERR,ERR,ERR,ERR,ERR,ERR,ERR,ERR,ERR,ERR,ERR,ERR,ERR,ERR,ERR,ERR,ERR,ERR,ERR,ERR,ERR,ERR,ERR,ERR,ERR,ERR,ERR,ERR,ERR,ERR,ERR,ERR,ERR,ERR,ERR,ERR,ERR,ERR,ERR,ERR,ERR,ERR,ERR,ERR,50.0,60.0,100,0.0,0.0,0.0,0.0,0.0,0.0,0.0,0.0,0.0,0.0,0.0,0.0,0.0,0.0,0.0,0.0,62.0,74,13,65511,50,65476,0,300,0,0,8,20529,65476,0,0,26214,60.0,0.0,0.0,0.0,0.0,0.0
2026-05-17T18:08:27,ERR,ERR,ERR,ERR,ERR,ERR,ERR,ERR,ERR,ERR,ERR,ERR,ERR,ERR,ERR,ERR,ERR,ERR,ERR,ERR,ERR,ERR,ERR,ERR,ERR,ERR,ERR,ERR,ERR,ERR,ERR,ERR,ERR,ERR,ERR,ERR,ERR,ERR,ERR,ERR,ERR,ERR,ERR,ERR,ERR,ERR,ERR,ERR,ERR,ERR,ERR,ERR,ERR,ERR,ERR,ERR,ERR,ERR,ERR,ERR,ERR,ERR,ERR,ERR,ERR,ERR,ERR,ERR,ERR,ERR,ERR,ERR,ERR,ERR,ERR,ERR,ERR,ERR,ERR,ERR,ERR,ERR,ERR,ERR,ERR,ERR,ERR,ERR,ERR,ERR,ERR,ERR,ERR,ERR,ERR,ERR,ERR,ERR,ERR,ERR,ERR,ERR,ERR,ERR,ERR,ERR,ERR,ERR,ERR,ERR,ERR,ERR,ERR,ERR,ERR,ERR,ERR,ERR,ERR,ERR,ERR,ERR,ERR,ERR,ERR,-107615288.0,-107615296.0,0.0,0.0,0.0,1.3936040501711995e+18,7.805,0.0,0,0,4,0,8422,0.0,45,0.0,0.0,0.0,0.0,0.0,0,0,0,0,0.0,0,0,0,0,0,0,0,0,0,0,0,0,0,0,0,0,0,0,0,0,0,0,0,0,0,0,0,0,0,0,0,0,0,38,14,7,45,65476,0,300,0,0,8,21553,0.0,-107605600.0,0.0,0.0,0.0,0.0,0.0,0.0,0.0,0.0,0.0,0.0,0.0,0.0,0.0,0.0,0.0,0.0,0.0,0.0,0.0,0.0,-2.004,0.0,-0.0,0.0,0.0,0.0,0.0,0.0,5057.0,8608184320.0,0.0,-107615288.0,-107615296.0,-107615280.0,0.0,0.0,0.0,0.0,0.0,53,-0.0,-0.0,0.0,0.0,0.0,0.0,0.0,0.0,0.0,0,0,0,0.0,0.0,0.0,0.0,0.0,0.0,0.0,0.0,0.0,0.0,0.0,0.0,0.0,0.0,0.0,0.0,0,-107875648.0,53,0.0,106,-107614832.0,0.0,ERR,ERR,ERR,ERR,ERR,ERR,ERR,ERR,ERR,ERR,ERR,ERR,ERR,ERR,ERR,ERR,ERR,ERR,ERR,ERR,ERR,ERR,ERR,ERR,ERR,ERR,ERR,ERR,ERR,ERR,ERR,ERR,ERR,ERR,ERR,ERR,ERR,ERR,ERR,ERR,ERR,ERR,ERR,ERR,ERR,ERR,ERR,ERR,ERR,ERR,ERR,ERR,ERR,ERR,ERR,ERR,ERR,ERR,ERR,ERR,ERR,ERR,ERR,ERR,ERR,ERR,ERR,50.0,60.0,100,0.0,0.0,0.0,0.0,0.0,0.0,0.0,0.0,0.0,0.0,0.0,0.0,0.0,0.0,0.0,0.0,62.0,74,13,65511,50,65476,0,300,0,0,8,20529,65476,0,0,26214,60.0,0.0,0.0,0.0,0.0,0.0
2026-05-17T18:08:28,ERR,ERR,ERR,ERR,ERR,ERR,ERR,ERR,ERR,ERR,ERR,ERR,ERR,ERR,ERR,ERR,ERR,ERR,ERR,ERR,ERR,ERR,ERR,ERR,ERR,ERR,ERR,ERR,ERR,ERR,ERR,ERR,ERR,ERR,ERR,ERR,ERR,ERR,ERR,ERR,ERR,ERR,ERR,ERR,ERR,ERR,ERR,ERR,ERR,ERR,ERR,ERR,ERR,ERR,ERR,ERR,ERR,ERR,ERR,ERR,ERR,ERR,ERR,ERR,ERR,ERR,ERR,ERR,ERR,ERR,ERR,ERR,ERR,ERR,ERR,ERR,ERR,ERR,ERR,ERR,ERR,ERR,ERR,ERR,ERR,ERR,ERR,ERR,ERR,ERR,ERR,ERR,ERR,ERR,ERR,ERR,ERR,ERR,ERR,ERR,ERR,ERR,ERR,ERR,ERR,ERR,ERR,ERR,ERR,ERR,ERR,ERR,ERR,ERR,ERR,ERR,ERR,ERR,ERR,ERR,ERR,ERR,ERR,ERR,ERR,0.0,-107615296.0,-134474944.0,0.0,0.0,1.3936040501711995e+18,7.805,0.0,0,0,4,0,8422,0.0,45,0.0,0.0,0.0,0.0,0.0,0,0,0,0,0.0,0,0,0,0,0,0,0,0,0,0,0,0,0,0,0,0,0,0,0,0,0,0,0,0,0,0,0,0,0,0,0,0,0,38,14,7,45,65476,0,300,0,0,8,21553,0.0,-107605600.0,0.0,0.0,0.0,0.0,0.0,0.0,0.0,0.0,0.0,0.0,0.0,0.0,0.0,0.0,0.0,0.0,0.0,0.0,0.0,0.0,-2.004,0.0,2.004,0.0,0.0,0.0,0.0,0.0,5082.0,3.697187013234e+19,0.0,-107615288.0,-0.0,-0.0,2.718429300292151e+23,0.0,0.0,0.0,0.0,53,-0.0,-0.0,0.0,0.0,0.0,0.0,0.0,0.0,0.0,0,0,0,0.0,0.0,0.0,0.0,0.0,0.0,0.0,0.0,0.0,0.0,0.0,0.0,0.0,0.0,0.0,0.0,0,-107875648.0,53,0.0,106,-107614832.0,-0.0,ERR,ERR,ERR,ERR,ERR,ERR,ERR,ERR,ERR,ERR,ERR,ERR,ERR,ERR,ERR,ERR,ERR,ERR,ERR,ERR,ERR,ERR,ERR,ERR,ERR,ERR,ERR,ERR,ERR,ERR,ERR,ERR,ERR,ERR,ERR,ERR,ERR,ERR,ERR,ERR,ERR,ERR,ERR,ERR,ERR,ERR,ERR,ERR,ERR,ERR,ERR,ERR,ERR,ERR,ERR,ERR,ERR,ERR,ERR,ERR,ERR,ERR,ERR,ERR,ERR,ERR,ERR,50.0,60.0,100,0.0,0.0,0.0,0.0,0.0,0.0,0.0,0.0,0.0,0.0,0.0,0.0,0.0,0.0,0.0,0.0,61.6,74,13,65511,50,65476,0,300,0,0,8,20529,65476,0,0,26214,60.0,0.0,0.0,0.0,0.0,0.0
2026-05-17T18:08:29,ERR,ERR,ERR,ERR,ERR,ERR,ERR,ERR,ERR,ERR,ERR,ERR,ERR,ERR,ERR,ERR,ERR,ERR,ERR,ERR,ERR,ERR,ERR,ERR,ERR,ERR,ERR,ERR,ERR,ERR,ERR,ERR,ERR,ERR,ERR,ERR,ERR,ERR,ERR,ERR,ERR,ERR,ERR,ERR,ERR,ERR,ERR,ERR,ERR,ERR,ERR,ERR,ERR,ERR,ERR,ERR,ERR,ERR,ERR,ERR,ERR,ERR,ERR,ERR,ERR,ERR,ERR,ERR,ERR,ERR,ERR,ERR,ERR,ERR,ERR,ERR,ERR,ERR,ERR,ERR,ERR,ERR,ERR,ERR,ERR,ERR,ERR,ERR,ERR,ERR,ERR,ERR,ERR,ERR,ERR,ERR,ERR,ERR,ERR,ERR,ERR,ERR,ERR,ERR,ERR,ERR,ERR,ERR,ERR,ERR,ERR,ERR,ERR,ERR,ERR,ERR,ERR,ERR,ERR,ERR,ERR,ERR,ERR,ERR,ERR,0.0,-107615296.0,-134474944.0,0.0,0.0,1.3936040501711995e+18,7.805,0.0,0,0,4,0,8422,0.0,45,0.0,0.0,0.0,0.0,0.0,0,0,0,0,0.0,0,0,0,0,0,0,0,0,0,0,0,0,0,0,0,0,0,0,0,0,0,0,0,0,0,0,0,0,0,0,0,0,0,38,14,7,45,65476,0,300,0,0,8,21553,0.0,-107605600.0,0.0,0.0,0.0,0.0,0.0,0.0,0.0,0.0,0.0,0.0,0.0,0.0,0.0,0.0,0.0,0.0,0.0,0.0,0.0,0.0,-2.004,0.0,2.004,0.0,0.0,0.0,0.0,0.0,5082.0,3.697187013234e+19,0.0,-107615288.0,-0.0,-0.0,2.718429300292151e+23,0.0,0.0,0.0,0.0,53,-0.0,-0.0,0.0,0.0,0.0,0.0,0.0,0.0,0.0,0,0,0,0.0,0.0,0.0,0.0,0.0,0.0,0.0,0.0,0.0,0.0,0.0,0.0,0.0,0.0,0.0,0.0,0,-107875648.0,53,0.0,106,-107614832.0,-0.0,ERR,ERR,ERR,ERR,ERR,ERR,ERR,ERR,ERR,ERR,ERR,ERR,ERR,ERR,ERR,ERR,ERR,ERR,ERR,ERR,ERR,ERR,ERR,ERR,ERR,ERR,ERR,ERR,ERR,ERR,ERR,ERR,ERR,ERR,ERR,ERR,ERR,ERR,ERR,ERR,ERR,ERR,ERR,ERR,ERR,ERR,ERR,ERR,ERR,ERR,ERR,ERR,ERR,ERR,ERR,ERR,ERR,ERR,ERR,ERR,ERR,ERR,ERR,ERR,ERR,ERR,ERR,50.0,60.0,100,0.0,0.0,0.0,0.0,0.0,0.0,0.0,0.0,0.0,0.0,0.0,0.0,0.0,0.0,0.0,0.0,61.6,74,13,65511,50,65476,0,300,0,0,8,20529,65476,0,0,26214,60.0,0.0,0.0,0.0,0.0,0.0
2026-05-17T18:08:30,ERR,ERR,ERR,ERR,ERR,ERR,ERR,ERR,ERR,ERR,ERR,ERR,ERR,ERR,ERR,ERR,ERR,ERR,ERR,ERR,ERR,ERR,ERR,ERR,ERR,ERR,ERR,ERR,ERR,ERR,ERR,ERR,ERR,ERR,ERR,ERR,ERR,ERR,ERR,ERR,ERR,ERR,ERR,ERR,ERR,ERR,ERR,ERR,ERR,ERR,ERR,ERR,ERR,ERR,ERR,ERR,ERR,ERR,ERR,ERR,ERR,ERR,ERR,ERR,ERR,ERR,ERR,ERR,ERR,ERR,ERR,ERR,ERR,ERR,ERR,ERR,ERR,ERR,ERR,ERR,ERR,ERR,ERR,ERR,ERR,ERR,ERR,ERR,ERR,ERR,ERR,ERR,ERR,ERR,ERR,ERR,ERR,ERR,ERR,ERR,ERR,ERR,ERR,ERR,ERR,ERR,ERR,ERR,ERR,ERR,ERR,ERR,ERR,ERR,ERR,ERR,ERR,ERR,ERR,ERR,ERR,ERR,ERR,ERR,ERR,0.0,-107615296.0,-134474944.0,0.0,0.0,1.3936040501711995e+18,7.805,0.0,0,0,4,0,8422,0.0,45,0.0,0.0,0.0,0.0,0.0,0,0,0,0,0.0,0,0,0,0,0,0,0,0,0,0,0,0,0,0,0,0,0,0,0,0,0,0,0,0,0,0,0,0,0,0,0,0,0,38,14,7,45,65476,0,300,0,0,8,21553,0.0,-107605600.0,0.0,0.0,0.0,0.0,0.0,0.0,0.0,0.0,0.0,0.0,0.0,0.0,0.0,0.0,0.0,0.0,0.0,0.0,0.0,0.0,-2.004,0.0,2.004,0.0,0.0,0.0,0.0,0.0,5082.0,3.697187013234e+19,0.0,-107615288.0,-0.0,-0.0,2.718429300292151e+23,0.0,0.0,0.0,0.0,53,-0.0,-0.0,0.0,0.0,0.0,0.0,0.0,0.0,0.0,0,0,0,0.0,0.0,0.0,0.0,0.0,0.0,0.0,0.0,0.0,0.0,0.0,0.0,0.0,0.0,0.0,0.0,0,-107875648.0,53,0.0,106,-107614832.0,-0.0,ERR,ERR,ERR,ERR,ERR,ERR,ERR,ERR,ERR,ERR,ERR,ERR,ERR,ERR,ERR,ERR,ERR,ERR,ERR,ERR,ERR,ERR,ERR,ERR,ERR,ERR,ERR,ERR,ERR,ERR,ERR,ERR,ERR,ERR,ERR,ERR,ERR,ERR,ERR,ERR,ERR,ERR,ERR,ERR,ERR,ERR,ERR,ERR,ERR,ERR,ERR,ERR,ERR,ERR,ERR,ERR,ERR,ERR,ERR,ERR,ERR,ERR,ERR,ERR,ERR,ERR,ERR,50.0,60.0,100,0.0,0.0,0.0,0.0,0.0,0.0,0.0,0.0,0.0,0.0,0.0,0.0,0.0,0.0,0.0,0.0,62.0,74,13,65511,50,65476,0,300,0,0,8,20529,65476,0,0,26214,60.0,0.0,0.0,0.0,0.0,0.0
2026-05-17T18:08:31,ERR,ERR,ERR,ERR,ERR,ERR,ERR,ERR,ERR,ERR,ERR,ERR,ERR,ERR,ERR,ERR,ERR,ERR,ERR,ERR,ERR,ERR,ERR,ERR,ERR,ERR,ERR,ERR,ERR,ERR,ERR,ERR,ERR,ERR,ERR,ERR,ERR,ERR,ERR,ERR,ERR,ERR,ERR,ERR,ERR,ERR,ERR,ERR,ERR,ERR,ERR,ERR,ERR,ERR,ERR,ERR,ERR,ERR,ERR,ERR,ERR,ERR,ERR,ERR,ERR,ERR,ERR,ERR,ERR,ERR,ERR,ERR,ERR,ERR,ERR,ERR,ERR,ERR,ERR,ERR,ERR,ERR,ERR,ERR,ERR,ERR,ERR,ERR,ERR,ERR,ERR,ERR,ERR,ERR,ERR,ERR,ERR,ERR,ERR,ERR,ERR,ERR,ERR,ERR,ERR,ERR,ERR,ERR,ERR,ERR,ERR,ERR,ERR,ERR,ERR,ERR,ERR,ERR,ERR,ERR,ERR,ERR,ERR,ERR,ERR,0.0,-107615296.0,-134474944.0,0.0,0.0,1.3936040501711995e+18,7.805,0.0,0,0,4,0,8422,0.0,45,0.0,0.0,0.0,0.0,0.0,0,0,0,0,0.0,0,0,0,0,0,0,0,0,0,0,0,0,0,0,0,0,0,0,0,0,0,0,0,0,0,0,0,0,0,0,0,0,0,38,14,7,45,65476,0,300,0,0,8,21553,0.0,-107605600.0,0.0,0.0,0.0,0.0,0.0,0.0,0.0,0.0,0.0,0.0,0.0,0.0,0.0,0.0,0.0,0.0,0.0,0.0,0.0,0.0,-2.004,0.0,2.004,0.0,0.0,0.0,0.0,0.0,5082.0,3.697187013234e+19,0.0,-107615288.0,-0.0,-0.0,2.718429300292151e+23,0.0,0.0,0.0,0.0,53,-0.0,-0.0,0.0,0.0,0.0,0.0,0.0,0.0,0.0,0,0,0,0.0,0.0,0.0,0.0,0.0,0.0,0.0,0.0,0.0,0.0,0.0,0.0,0.0,0.0,0.0,0.0,0,-107875648.0,53,0.0,106,-107614832.0,-0.0,ERR,ERR,ERR,ERR,ERR,ERR,ERR,ERR,ERR,ERR,ERR,ERR,ERR,ERR,ERR,ERR,ERR,ERR,ERR,ERR,ERR,ERR,ERR,ERR,ERR,ERR,ERR,ERR,ERR,ERR,ERR,ERR,ERR,ERR,ERR,ERR,ERR,ERR,ERR,ERR,ERR,ERR,ERR,ERR,ERR,ERR,ERR,ERR,ERR,ERR,ERR,ERR,ERR,ERR,ERR,ERR,ERR,ERR,ERR,ERR,ERR,ERR,ERR,ERR,ERR,ERR,ERR,50.0,60.0,100,0.0,0.0,0.0,0.0,0.0,0.0,0.0,0.0,0.0,0.0,0.0,0.0,0.0,0.0,0.0,0.0,61.6,74,13,65511,50,65476,0,300,0,0,8,20529,65476,0,0,26214,60.0,0.0,0.0,0.0,0.0,0.0
2026-05-17T18:08:32,ERR,ERR,ERR,ERR,ERR,ERR,ERR,ERR,ERR,ERR,ERR,ERR,ERR,ERR,ERR,ERR,ERR,ERR,ERR,ERR,ERR,ERR,ERR,ERR,ERR,ERR,ERR,ERR,ERR,ERR,ERR,ERR,ERR,ERR,ERR,ERR,ERR,ERR,ERR,ERR,ERR,ERR,ERR,ERR,ERR,ERR,ERR,ERR,ERR,ERR,ERR,ERR,ERR,ERR,ERR,ERR,ERR,ERR,ERR,ERR,ERR,ERR,ERR,ERR,ERR,ERR,ERR,ERR,ERR,ERR,ERR,ERR,ERR,ERR,ERR,ERR,ERR,ERR,ERR,ERR,ERR,ERR,ERR,ERR,ERR,ERR,ERR,ERR,ERR,ERR,ERR,ERR,ERR,ERR,ERR,ERR,ERR,ERR,ERR,ERR,ERR,ERR,ERR,ERR,ERR,ERR,ERR,ERR,ERR,ERR,ERR,ERR,ERR,ERR,ERR,ERR,ERR,ERR,ERR,ERR,ERR,ERR,ERR,ERR,ERR,0.0,-107615296.0,-134474944.0,0.0,0.0,1.3936040501711995e+18,7.805,0.0,0,0,4,0,8422,0.0,45,0.0,0.0,0.0,0.0,0.0,0,0,0,0,0.0,0,0,0,0,0,0,0,0,0,0,0,0,0,0,0,0,0,0,0,0,0,0,0,0,0,0,0,0,0,0,0,0,0,38,14,7,45,65476,0,300,0,0,8,21553,0.0,-107605600.0,0.0,0.0,0.0,0.0,0.0,0.0,0.0,0.0,0.0,0.0,0.0,0.0,0.0,0.0,0.0,0.0,0.0,0.0,0.0,0.0,-2.004,0.0,2.004,0.0,0.0,0.0,0.0,0.0,5082.0,3.697187013234e+19,0.0,-107615288.0,-0.0,-0.0,2.718429300292151e+23,0.0,0.0,0.0,0.0,53,-0.0,-0.0,0.0,0.0,0.0,0.0,0.0,0.0,0.0,0,0,0,0.0,0.0,0.0,0.0,0.0,0.0,0.0,0.0,0.0,0.0,0.0,0.0,0.0,0.0,0.0,0.0,0,-107875648.0,53,0.0,106,-107614832.0,-0.0,ERR,ERR,ERR,ERR,ERR,ERR,ERR,ERR,ERR,ERR,ERR,ERR,ERR,ERR,ERR,ERR,ERR,ERR,ERR,ERR,ERR,ERR,ERR,ERR,ERR,ERR,ERR,ERR,ERR,ERR,ERR,ERR,ERR,ERR,ERR,ERR,ERR,ERR,ERR,ERR,ERR,ERR,ERR,ERR,ERR,ERR,ERR,ERR,ERR,ERR,ERR,ERR,ERR,ERR,ERR,ERR,ERR,ERR,ERR,ERR,ERR,ERR,ERR,ERR,ERR,ERR,ERR,50.0,60.0,100,0.0,0.0,0.0,0.0,0.0,0.0,0.0,0.0,0.0,0.0,0.0,0.0,0.0,0.0,0.0,0.0,61.6,74,13,65511,50,65476,0,300,0,0,8,20529,65476,0,0,26214,60.0,0.0,0.0,0.0,0.0,0.0
2026-05-17T18:08:33,ERR,ERR,ERR,ERR,ERR,ERR,ERR,ERR,ERR,ERR,ERR,ERR,ERR,ERR,ERR,ERR,ERR,ERR,ERR,ERR,ERR,ERR,ERR,ERR,ERR,ERR,ERR,ERR,ERR,ERR,ERR,ERR,ERR,ERR,ERR,ERR,ERR,ERR,ERR,ERR,ERR,ERR,ERR,ERR,ERR,ERR,ERR,ERR,ERR,ERR,ERR,ERR,ERR,ERR,ERR,ERR,ERR,ERR,ERR,ERR,ERR,ERR,ERR,ERR,ERR,ERR,ERR,ERR,ERR,ERR,ERR,ERR,ERR,ERR,ERR,ERR,ERR,ERR,ERR,ERR,ERR,ERR,ERR,ERR,ERR,ERR,ERR,ERR,ERR,ERR,ERR,ERR,ERR,ERR,ERR,ERR,ERR,ERR,ERR,ERR,ERR,ERR,ERR,ERR,ERR,ERR,ERR,ERR,ERR,ERR,ERR,ERR,ERR,ERR,ERR,ERR,ERR,ERR,ERR,ERR,ERR,ERR,ERR,ERR,ERR,-107615288.0,-107615296.0,0.0,0.0,0.0,1.3936040501711995e+18,7.805,0.0,0,0,4,0,8422,0.0,45,0.0,0.0,0.0,0.0,0.0,0,0,0,0,0.0,0,0,0,0,0,0,0,0,0,0,0,0,0,0,0,0,0,0,0,0,0,0,0,0,0,0,0,0,0,0,0,0,0,38,14,7,45,65476,0,300,0,0,8,21553,0.0,-107605600.0,0.0,0.0,0.0,0.0,0.0,0.0,0.0,0.0,0.0,0.0,0.0,0.0,0.0,0.0,0.0,0.0,0.0,0.0,0.0,0.0,-2.004,0.0,2.004,0.0,0.0,0.0,0.0,0.0,5044.0,-1.040665504650976e+34,0.0,-107615288.0,-0.0,-0.0,0.0,0.0,0.0,0.0,0.0,53,4.950428597886765e+32,0.0,0.0,0.0,0.0,0.0,0.0,0.0,0.0,0,0,0,0.0,0.0,0.0,0.0,0.0,0.0,0.0,0.0,0.0,0.0,0.0,0.0,0.0,0.0,0.0,0.0,0,-107875648.0,53,0.0,106,-107614832.0,-0.0,ERR,ERR,ERR,ERR,ERR,ERR,ERR,ERR,ERR,ERR,ERR,ERR,ERR,ERR,ERR,ERR,ERR,ERR,ERR,ERR,ERR,ERR,ERR,ERR,ERR,ERR,ERR,ERR,ERR,ERR,ERR,ERR,ERR,ERR,ERR,ERR,ERR,ERR,ERR,ERR,ERR,ERR,ERR,ERR,ERR,ERR,ERR,ERR,ERR,ERR,ERR,ERR,ERR,ERR,ERR,ERR,ERR,ERR,ERR,ERR,ERR,ERR,ERR,ERR,ERR,ERR,ERR,50.0,60.0,100,0.0,0.0,0.0,0.0,0.0,0.0,0.0,0.0,0.0,0.0,0.0,0.0,0.0,0.0,0.0,0.0,62.0,74,13,65511,50,65476,0,300,0,0,8,20529,65476,0,0,26214,60.0,0.0,0.0,0.0,0.0,0.0
2026-05-17T18:08:34,ERR,ERR,ERR,ERR,ERR,ERR,ERR,ERR,ERR,ERR,ERR,ERR,ERR,ERR,ERR,ERR,ERR,ERR,ERR,ERR,ERR,ERR,ERR,ERR,ERR,ERR,ERR,ERR,ERR,ERR,ERR,ERR,ERR,ERR,ERR,ERR,ERR,ERR,ERR,ERR,ERR,ERR,ERR,ERR,ERR,ERR,ERR,ERR,ERR,ERR,ERR,ERR,ERR,ERR,ERR,ERR,ERR,ERR,ERR,ERR,ERR,ERR,ERR,ERR,ERR,ERR,ERR,ERR,ERR,ERR,ERR,ERR,ERR,ERR,ERR,ERR,ERR,ERR,ERR,ERR,ERR,ERR,ERR,ERR,ERR,ERR,ERR,ERR,ERR,ERR,ERR,ERR,ERR,ERR,ERR,ERR,ERR,ERR,ERR,ERR,ERR,ERR,ERR,ERR,ERR,ERR,ERR,ERR,ERR,ERR,ERR,ERR,ERR,ERR,ERR,ERR,ERR,ERR,ERR,ERR,ERR,ERR,ERR,ERR,ERR,-107615288.0,-107615296.0,0.0,0.0,0.0,1.3936040501711995e+18,7.805,0.0,0,0,4,0,8422,0.0,45,0.0,0.0,0.0,0.0,0.0,0,0,0,0,0.0,0,0,0,0,0,0,0,0,0,0,0,0,0,0,0,0,0,0,0,0,0,0,0,0,0,0,0,0,0,0,0,0,0,38,14,7,45,65476,0,300,0,0,8,21553,0.0,-107605600.0,0.0,0.0,0.0,0.0,0.0,0.0,0.0,0.0,0.0,0.0,0.0,0.0,0.0,0.0,0.0,0.0,0.0,0.0,0.0,0.0,-2.004,0.0,2.004,0.0,0.0,0.0,0.0,0.0,5044.0,-1.040665504650976e+34,0.0,-107615288.0,-0.0,-0.0,0.0,0.0,0.0,0.0,0.0,53,4.950428597886765e+32,0.0,0.0,0.0,0.0,0.0,0.0,0.0,0.0,0,0,0,0.0,0.0,0.0,0.0,0.0,0.0,0.0,0.0,0.0,0.0,0.0,0.0,0.0,0.0,0.0,0.0,0,-107875648.0,53,0.0,106,-107614832.0,-0.0,ERR,ERR,ERR,ERR,ERR,ERR,ERR,ERR,ERR,ERR,ERR,ERR,ERR,ERR,ERR,ERR,ERR,ERR,ERR,ERR,ERR,ERR,ERR,ERR,ERR,ERR,ERR,ERR,ERR,ERR,ERR,ERR,ERR,ERR,ERR,ERR,ERR,ERR,ERR,ERR,ERR,ERR,ERR,ERR,ERR,ERR,ERR,ERR,ERR,ERR,ERR,ERR,ERR,ERR,ERR,ERR,ERR,ERR,ERR,ERR,ERR,ERR,ERR,ERR,ERR,ERR,ERR,50.0,60.0,100,0.0,0.0,0.0,0.0,0.0,0.0,0.0,0.0,0.0,0.0,0.0,0.0,0.0,0.0,0.0,0.0,62.0,74,13,65511,50,65476,0,300,0,0,8,20529,65476,0,0,26214,60.0,0.0,0.0,0.0,0.0,0.0
2026-05-17T18:08:35,ERR,ERR,ERR,ERR,ERR,ERR,ERR,ERR,ERR,ERR,ERR,ERR,ERR,ERR,ERR,ERR,ERR,ERR,ERR,ERR,ERR,ERR,ERR,ERR,ERR,ERR,ERR,ERR,ERR,ERR,ERR,ERR,ERR,ERR,ERR,ERR,ERR,ERR,ERR,ERR,ERR,ERR,ERR,ERR,ERR,ERR,ERR,ERR,ERR,ERR,ERR,ERR,ERR,ERR,ERR,ERR,ERR,ERR,ERR,ERR,ERR,ERR,ERR,ERR,ERR,ERR,ERR,ERR,ERR,ERR,ERR,ERR,ERR,ERR,ERR,ERR,ERR,ERR,ERR,ERR,ERR,ERR,ERR,ERR,ERR,ERR,ERR,ERR,ERR,ERR,ERR,ERR,ERR,ERR,ERR,ERR,ERR,ERR,ERR,ERR,ERR,ERR,ERR,ERR,ERR,ERR,ERR,ERR,ERR,ERR,ERR,ERR,ERR,ERR,ERR,ERR,ERR,ERR,ERR,ERR,ERR,ERR,ERR,ERR,ERR,-107615288.0,-107615296.0,0.0,0.0,0.0,1.3936040501711995e+18,7.805,0.0,0,0,4,0,8422,0.0,45,0.0,0.0,0.0,0.0,0.0,0,0,0,0,0.0,0,0,0,0,0,0,0,0,0,0,0,0,0,0,0,0,0,0,0,0,0,0,0,0,0,0,0,0,0,0,0,0,0,38,14,7,45,65476,0,300,0,0,8,21553,0.0,-107605600.0,0.0,0.0,0.0,0.0,0.0,0.0,0.0,0.0,0.0,0.0,0.0,0.0,0.0,0.0,0.0,0.0,0.0,0.0,0.0,0.0,-2.004,0.0,2.004,0.0,0.0,0.0,0.0,0.0,5044.0,-1.040665504650976e+34,0.0,-107615288.0,-0.0,-0.0,0.0,0.0,0.0,0.0,0.0,53,4.950428597886765e+32,0.0,0.0,0.0,0.0,0.0,0.0,0.0,0.0,0,0,0,0.0,0.0,0.0,0.0,0.0,0.0,0.0,0.0,0.0,0.0,0.0,0.0,0.0,0.0,0.0,0.0,0,-107875648.0,53,0.0,106,-107614832.0,-0.0,ERR,ERR,ERR,ERR,ERR,ERR,ERR,ERR,ERR,ERR,ERR,ERR,ERR,ERR,ERR,ERR,ERR,ERR,ERR,ERR,ERR,ERR,ERR,ERR,ERR,ERR,ERR,ERR,ERR,ERR,ERR,ERR,ERR,ERR,ERR,ERR,ERR,ERR,ERR,ERR,ERR,ERR,ERR,ERR,ERR,ERR,ERR,ERR,ERR,ERR,ERR,ERR,ERR,ERR,ERR,ERR,ERR,ERR,ERR,ERR,ERR,ERR,ERR,ERR,ERR,ERR,ERR,50.0,60.0,100,0.0,0.0,0.0,0.0,0.0,0.0,0.0,0.0,0.0,0.0,0.0,0.0,0.0,0.0,0.0,0.0,61.6,74,13,65511,50,65476,0,300,0,0,8,20529,65476,0,0,26214,60.0,0.0,0.0,0.0,0.0,0.0
2026-05-17T18:08:36,ERR,ERR,ERR,ERR,ERR,ERR,ERR,ERR,ERR,ERR,ERR,ERR,ERR,ERR,ERR,ERR,ERR,ERR,ERR,ERR,ERR,ERR,ERR,ERR,ERR,ERR,ERR,ERR,ERR,ERR,ERR,ERR,ERR,ERR,ERR,ERR,ERR,ERR,ERR,ERR,ERR,ERR,ERR,ERR,ERR,ERR,ERR,ERR,ERR,ERR,ERR,ERR,ERR,ERR,ERR,ERR,ERR,ERR,ERR,ERR,ERR,ERR,ERR,ERR,ERR,ERR,ERR,ERR,ERR,ERR,ERR,ERR,ERR,ERR,ERR,ERR,ERR,ERR,ERR,ERR,ERR,ERR,ERR,ERR,ERR,ERR,ERR,ERR,ERR,ERR,ERR,ERR,ERR,ERR,ERR,ERR,ERR,ERR,ERR,ERR,ERR,ERR,ERR,ERR,ERR,ERR,ERR,ERR,ERR,ERR,ERR,ERR,ERR,ERR,ERR,ERR,ERR,ERR,ERR,ERR,ERR,ERR,ERR,ERR,ERR,-107615288.0,-107615296.0,0.0,0.0,0.0,1.3936040501711995e+18,7.805,0.0,0,0,4,0,8422,0.0,45,0.0,0.0,0.0,0.0,0.0,0,0,0,0,0.0,0,0,0,0,0,0,0,0,0,0,0,0,0,0,0,0,0,0,0,0,0,0,0,0,0,0,0,0,0,0,0,0,0,38,14,7,45,65476,0,300,0,0,8,21553,0.0,-107605600.0,0.0,0.0,0.0,0.0,0.0,0.0,0.0,0.0,0.0,0.0,0.0,0.0,0.0,0.0,0.0,0.0,0.0,0.0,0.0,0.0,-2.004,0.0,2.004,0.0,0.0,0.0,0.0,0.0,5044.0,-1.040665504650976e+34,0.0,-107615288.0,-0.0,-0.0,0.0,0.0,0.0,0.0,0.0,53,4.950428597886765e+32,0.0,0.0,0.0,0.0,0.0,0.0,0.0,0.0,0,0,0,0.0,0.0,0.0,0.0,0.0,0.0,0.0,0.0,0.0,0.0,0.0,0.0,0.0,0.0,0.0,0.0,0,-107875648.0,53,0.0,106,-107614832.0,-0.0,ERR,ERR,ERR,ERR,ERR,ERR,ERR,ERR,ERR,ERR,ERR,ERR,ERR,ERR,ERR,ERR,ERR,ERR,ERR,ERR,ERR,ERR,ERR,ERR,ERR,ERR,ERR,ERR,ERR,ERR,ERR,ERR,ERR,ERR,ERR,ERR,ERR,ERR,ERR,ERR,ERR,ERR,ERR,ERR,ERR,ERR,ERR,ERR,ERR,ERR,ERR,ERR,ERR,ERR,ERR,ERR,ERR,ERR,ERR,ERR,ERR,ERR,ERR,ERR,ERR,ERR,ERR,50.0,60.0,100,0.0,0.0,0.0,0.0,0.0,0.0,0.0,0.0,0.0,0.0,0.0,0.0,0.0,0.0,0.0,0.0,61.6,74,13,65511,50,65476,0,300,0,0,8,20529,65476,0,0,26214,60.0,0.0,0.0,0.0,0.0,0.0
2026-05-17T18:08:37,ERR,ERR,ERR,ERR,ERR,ERR,ERR,ERR,ERR,ERR,ERR,ERR,ERR,ERR,ERR,ERR,ERR,ERR,ERR,ERR,ERR,ERR,ERR,ERR,ERR,ERR,ERR,ERR,ERR,ERR,ERR,ERR,ERR,ERR,ERR,ERR,ERR,ERR,ERR,ERR,ERR,ERR,ERR,ERR,ERR,ERR,ERR,ERR,ERR,ERR,ERR,ERR,ERR,ERR,ERR,ERR,ERR,ERR,ERR,ERR,ERR,ERR,ERR,ERR,ERR,ERR,ERR,ERR,ERR,ERR,ERR,ERR,ERR,ERR,ERR,ERR,ERR,ERR,ERR,ERR,ERR,ERR,ERR,ERR,ERR,ERR,ERR,ERR,ERR,ERR,ERR,ERR,ERR,ERR,ERR,ERR,ERR,ERR,ERR,ERR,ERR,ERR,ERR,ERR,ERR,ERR,ERR,ERR,ERR,ERR,ERR,ERR,ERR,ERR,ERR,ERR,ERR,ERR,ERR,ERR,ERR,ERR,ERR,ERR,ERR,-107615288.0,-107615296.0,0.0,0.0,0.0,1.3936040501711995e+18,7.805,0.0,0,0,4,0,8422,0.0,45,0.0,0.0,0.0,0.0,0.0,0,0,0,0,0.0,0,0,0,0,0,0,0,0,0,0,0,0,0,0,0,0,0,0,0,0,0,0,0,0,0,0,0,0,0,0,0,0,0,38,14,7,45,65476,0,300,0,0,8,21553,0.0,-107605600.0,0.0,0.0,0.0,0.0,0.0,0.0,0.0,0.0,0.0,0.0,0.0,0.0,0.0,0.0,0.0,0.0,0.0,0.0,0.0,0.0,-2.004,0.0,2.004,0.0,0.0,0.0,0.0,0.0,5044.0,-1.040665504650976e+34,0.0,-107615288.0,-0.0,-0.0,0.0,0.0,0.0,0.0,0.0,53,4.950428597886765e+32,0.0,0.0,0.0,0.0,0.0,0.0,0.0,0.0,0,0,0,0.0,0.0,0.0,0.0,0.0,0.0,0.0,0.0,0.0,0.0,0.0,0.0,0.0,0.0,0.0,0.0,0,-107875648.0,53,0.0,106,-107614832.0,-0.0,ERR,ERR,ERR,ERR,ERR,ERR,ERR,ERR,ERR,ERR,ERR,ERR,ERR,ERR,ERR,ERR,ERR,ERR,ERR,ERR,ERR,ERR,ERR,ERR,ERR,ERR,ERR,ERR,ERR,ERR,ERR,ERR,ERR,ERR,ERR,ERR,ERR,ERR,ERR,ERR,ERR,ERR,ERR,ERR,ERR,ERR,ERR,ERR,ERR,ERR,ERR,ERR,ERR,ERR,ERR,ERR,ERR,ERR,ERR,ERR,ERR,ERR,ERR,ERR,ERR,ERR,ERR,50.0,60.0,100,0.0,0.0,0.0,0.0,0.0,0.0,0.0,0.0,0.0,0.0,0.0,0.0,0.0,0.0,0.0,0.0,61.6,74,13,65511,50,65476,0,300,0,0,8,20529,65476,0,0,26214,60.0,0.0,0.0,0.0,0.0,0.0
2026-05-17T18:08:38,ERR,ERR,ERR,ERR,ERR,ERR,ERR,ERR,ERR,ERR,ERR,ERR,ERR,ERR,ERR,ERR,ERR,ERR,ERR,ERR,ERR,ERR,ERR,ERR,ERR,ERR,ERR,ERR,ERR,ERR,ERR,ERR,ERR,ERR,ERR,ERR,ERR,ERR,ERR,ERR,ERR,ERR,ERR,ERR,ERR,ERR,ERR,ERR,ERR,ERR,ERR,ERR,ERR,ERR,ERR,ERR,ERR,ERR,ERR,ERR,ERR,ERR,ERR,ERR,ERR,ERR,ERR,ERR,ERR,ERR,ERR,ERR,ERR,ERR,ERR,ERR,ERR,ERR,ERR,ERR,ERR,ERR,ERR,ERR,ERR,ERR,ERR,ERR,ERR,ERR,ERR,ERR,ERR,ERR,ERR,ERR,ERR,ERR,ERR,ERR,ERR,ERR,ERR,ERR,ERR,ERR,ERR,ERR,ERR,ERR,ERR,ERR,ERR,ERR,ERR,ERR,ERR,ERR,ERR,ERR,ERR,ERR,ERR,ERR,ERR,-107615288.0,-107615296.0,0.0,0.0,0.0,1.3936040501711995e+18,7.805,0.0,0,0,4,0,8422,0.0,45,0.0,0.0,0.0,0.0,0.0,0,0,0,0,0.0,0,0,0,0,0,0,0,0,0,0,0,0,0,0,0,0,0,0,0,0,0,0,0,0,0,0,0,0,0,0,0,0,0,38,14,7,45,65476,0,300,0,0,8,21553,0.0,-107605600.0,0.0,0.0,0.0,0.0,0.0,0.0,0.0,0.0,0.0,0.0,0.0,0.0,0.0,0.0,0.0,0.0,0.0,0.0,0.0,0.0,-2.004,0.0,2.004,0.0,0.0,0.0,0.0,0.0,5045.0,-0.0,0.0,-107615288.0,-0.0,-0.0,2.718429300292151e+23,0.0,0.0,0.0,0.0,53,5.848083413016271e+35,-71.629,0.0,0.0,0.0,0.0,0.0,0.0,0.0,0,0,0,0.0,0.0,0.0,0.0,0.0,0.0,0.0,0.0,0.0,0.0,0.0,0.0,0.0,0.0,0.0,0.0,0,-107875648.0,53,0.0,106,-107614832.0,0.0,ERR,ERR,ERR,ERR,ERR,ERR,ERR,ERR,ERR,ERR,ERR,ERR,ERR,ERR,ERR,ERR,ERR,ERR,ERR,ERR,ERR,ERR,ERR,ERR,ERR,ERR,ERR,ERR,ERR,ERR,ERR,ERR,ERR,ERR,ERR,ERR,ERR,ERR,ERR,ERR,ERR,ERR,ERR,ERR,ERR,ERR,ERR,ERR,ERR,ERR,ERR,ERR,ERR,ERR,ERR,ERR,ERR,ERR,ERR,ERR,ERR,ERR,ERR,ERR,ERR,ERR,ERR,50.0,60.0,100,0.0,0.0,0.0,0.0,0.0,0.0,0.0,0.0,0.0,0.0,0.0,0.0,0.0,0.0,0.0,0.0,62.0,74,13,65511,50,65476,0,300,0,0,8,20529,65476,0,0,26214,60.0,0.0,0.0,0.0,0.0,0.0
2026-05-17T18:08:39,ERR,ERR,ERR,ERR,ERR,ERR,ERR,ERR,ERR,ERR,ERR,ERR,ERR,ERR,ERR,ERR,ERR,ERR,ERR,ERR,ERR,ERR,ERR,ERR,ERR,ERR,ERR,ERR,ERR,ERR,ERR,ERR,ERR,ERR,ERR,ERR,ERR,ERR,ERR,ERR,ERR,ERR,ERR,ERR,ERR,ERR,ERR,ERR,ERR,ERR,ERR,ERR,ERR,ERR,ERR,ERR,ERR,ERR,ERR,ERR,ERR,ERR,ERR,ERR,ERR,ERR,ERR,ERR,ERR,ERR,ERR,ERR,ERR,ERR,ERR,ERR,ERR,ERR,ERR,ERR,ERR,ERR,ERR,ERR,ERR,ERR,ERR,ERR,ERR,ERR,ERR,ERR,ERR,ERR,ERR,ERR,ERR,ERR,ERR,ERR,ERR,ERR,ERR,ERR,ERR,ERR,ERR,ERR,ERR,ERR,ERR,ERR,ERR,ERR,ERR,ERR,ERR,ERR,ERR,ERR,ERR,ERR,ERR,ERR,ERR,-107615288.0,-107615296.0,0.0,0.0,0.0,1.3936040501711995e+18,7.805,0.0,0,0,4,0,8422,0.0,45,0.0,0.0,0.0,0.0,0.0,0,0,0,0,0.0,0,0,0,0,0,0,0,0,0,0,0,0,0,0,0,0,0,0,0,0,0,0,0,0,0,0,0,0,0,0,0,0,0,38,14,7,45,65476,0,300,0,0,8,21553,0.0,-107605600.0,0.0,0.0,0.0,0.0,0.0,0.0,0.0,0.0,0.0,0.0,0.0,0.0,0.0,0.0,0.0,0.0,0.0,0.0,0.0,0.0,-2.004,0.0,2.004,0.0,0.0,0.0,0.0,0.0,5045.0,-0.0,0.0,-107615288.0,-0.0,-0.0,2.718429300292151e+23,0.0,0.0,0.0,0.0,53,5.848083413016271e+35,-71.629,0.0,0.0,0.0,0.0,0.0,0.0,0.0,0,0,0,0.0,0.0,0.0,0.0,0.0,0.0,0.0,0.0,0.0,0.0,0.0,0.0,0.0,0.0,0.0,0.0,0,-107875648.0,53,0.0,106,-107614832.0,0.0,ERR,ERR,ERR,ERR,ERR,ERR,ERR,ERR,ERR,ERR,ERR,ERR,ERR,ERR,ERR,ERR,ERR,ERR,ERR,ERR,ERR,ERR,ERR,ERR,ERR,ERR,ERR,ERR,ERR,ERR,ERR,ERR,ERR,ERR,ERR,ERR,ERR,ERR,ERR,ERR,ERR,ERR,ERR,ERR,ERR,ERR,ERR,ERR,ERR,ERR,ERR,ERR,ERR,ERR,ERR,ERR,ERR,ERR,ERR,ERR,ERR,ERR,ERR,ERR,ERR,ERR,ERR,50.0,60.0,100,0.0,0.0,0.0,0.0,0.0,0.0,0.0,0.0,0.0,0.0,0.0,0.0,0.0,0.0,0.0,0.0,62.0,74,13,65511,50,65476,0,300,0,0,8,20529,65476,0,0,26214,60.0,0.0,0.0,0.0,0.0,0.0
2026-05-17T18:08:40,ERR,ERR,ERR,ERR,ERR,ERR,ERR,ERR,ERR,ERR,ERR,ERR,ERR,ERR,ERR,ERR,ERR,ERR,ERR,ERR,ERR,ERR,ERR,ERR,ERR,ERR,ERR,ERR,ERR,ERR,ERR,ERR,ERR,ERR,ERR,ERR,ERR,ERR,ERR,ERR,ERR,ERR,ERR,ERR,ERR,ERR,ERR,ERR,ERR,ERR,ERR,ERR,ERR,ERR,ERR,ERR,ERR,ERR,ERR,ERR,ERR,ERR,ERR,ERR,ERR,ERR,ERR,ERR,ERR,ERR,ERR,ERR,ERR,ERR,ERR,ERR,ERR,ERR,ERR,ERR,ERR,ERR,ERR,ERR,ERR,ERR,ERR,ERR,ERR,ERR,ERR,ERR,ERR,ERR,ERR,ERR,ERR,ERR,ERR,ERR,ERR,ERR,ERR,ERR,ERR,ERR,ERR,ERR,ERR,ERR,ERR,ERR,ERR,ERR,ERR,ERR,ERR,ERR,ERR,ERR,ERR,ERR,ERR,ERR,ERR,-107615288.0,-107615296.0,0.0,0.0,0.0,1.3936040501711995e+18,7.805,0.0,0,0,4,0,8422,0.0,45,0.0,0.0,0.0,0.0,0.0,0,0,0,0,0.0,0,0,0,0,0,0,0,0,0,0,0,0,0,0,0,0,0,0,0,0,0,0,0,0,0,0,0,0,0,0,0,0,0,38,14,7,45,65476,0,300,0,0,8,21553,0.0,-107605600.0,0.0,0.0,0.0,0.0,0.0,0.0,0.0,0.0,0.0,0.0,0.0,0.0,0.0,0.0,0.0,0.0,0.0,0.0,0.0,0.0,-2.004,0.0,2.004,0.0,0.0,0.0,0.0,0.0,5045.0,-0.0,0.0,-107615288.0,-0.0,-0.0,2.718429300292151e+23,0.0,0.0,0.0,0.0,53,5.848083413016271e+35,-71.629,0.0,0.0,0.0,0.0,0.0,0.0,0.0,0,0,0,0.0,0.0,0.0,0.0,0.0,0.0,0.0,0.0,0.0,0.0,0.0,0.0,0.0,0.0,0.0,0.0,0,-107875648.0,53,0.0,106,-107614832.0,0.0,ERR,ERR,ERR,ERR,ERR,ERR,ERR,ERR,ERR,ERR,ERR,ERR,ERR,ERR,ERR,ERR,ERR,ERR,ERR,ERR,ERR,ERR,ERR,ERR,ERR,ERR,ERR,ERR,ERR,ERR,ERR,ERR,ERR,ERR,ERR,ERR,ERR,ERR,ERR,ERR,ERR,ERR,ERR,ERR,ERR,ERR,ERR,ERR,ERR,ERR,ERR,ERR,ERR,ERR,ERR,ERR,ERR,ERR,ERR,ERR,ERR,ERR,ERR,ERR,ERR,ERR,ERR,50.0,60.0,100,0.0,0.0,0.0,0.0,0.0,0.0,0.0,0.0,0.0,0.0,0.0,0.0,0.0,0.0,0.0,0.0,61.6,74,13,65511,50,65476,0,300,0,0,8,20529,65476,0,0,26214,60.0,0.0,0.0,0.0,0.0,0.0
2026-05-17T18:08:41,ERR,ERR,ERR,ERR,ERR,ERR,ERR,ERR,ERR,ERR,ERR,ERR,ERR,ERR,ERR,ERR,ERR,ERR,ERR,ERR,ERR,ERR,ERR,ERR,ERR,ERR,ERR,ERR,ERR,ERR,ERR,ERR,ERR,ERR,ERR,ERR,ERR,ERR,ERR,ERR,ERR,ERR,ERR,ERR,ERR,ERR,ERR,ERR,ERR,ERR,ERR,ERR,ERR,ERR,ERR,ERR,ERR,ERR,ERR,ERR,ERR,ERR,ERR,ERR,ERR,ERR,ERR,ERR,ERR,ERR,ERR,ERR,ERR,ERR,ERR,ERR,ERR,ERR,ERR,ERR,ERR,ERR,ERR,ERR,ERR,ERR,ERR,ERR,ERR,ERR,ERR,ERR,ERR,ERR,ERR,ERR,ERR,ERR,ERR,ERR,ERR,ERR,ERR,ERR,ERR,ERR,ERR,ERR,ERR,ERR,ERR,ERR,ERR,ERR,ERR,ERR,ERR,ERR,ERR,ERR,ERR,ERR,ERR,ERR,ERR,-107615288.0,-107615296.0,0.0,0.0,0.0,1.3936040501711995e+18,7.805,0.0,0,0,4,0,8422,0.0,45,0.0,0.0,0.0,0.0,0.0,0,0,0,0,0.0,0,0,0,0,0,0,0,0,0,0,0,0,0,0,0,0,0,0,0,0,0,0,0,0,0,0,0,0,0,0,0,0,0,38,14,7,45,65476,0,300,0,0,8,21553,0.0,-107605600.0,0.0,0.0,0.0,0.0,0.0,0.0,0.0,0.0,0.0,0.0,0.0,0.0,0.0,0.0,0.0,0.0,0.0,0.0,0.0,0.0,-2.004,0.0,2.004,0.0,0.0,0.0,0.0,0.0,5045.0,-0.0,0.0,-107615288.0,-0.0,-0.0,2.718429300292151e+23,0.0,0.0,0.0,0.0,53,5.848083413016271e+35,-71.629,0.0,0.0,0.0,0.0,0.0,0.0,0.0,0,0,0,0.0,0.0,0.0,0.0,0.0,0.0,0.0,0.0,0.0,0.0,0.0,0.0,0.0,0.0,0.0,0.0,0,-107875648.0,53,0.0,106,-107614832.0,0.0,ERR,ERR,ERR,ERR,ERR,ERR,ERR,ERR,ERR,ERR,ERR,ERR,ERR,ERR,ERR,ERR,ERR,ERR,ERR,ERR,ERR,ERR,ERR,ERR,ERR,ERR,ERR,ERR,ERR,ERR,ERR,ERR,ERR,ERR,ERR,ERR,ERR,ERR,ERR,ERR,ERR,ERR,ERR,ERR,ERR,ERR,ERR,ERR,ERR,ERR,ERR,ERR,ERR,ERR,ERR,ERR,ERR,ERR,ERR,ERR,ERR,ERR,ERR,ERR,ERR,ERR,ERR,50.0,60.0,100,0.0,0.0,0.0,0.0,0.0,0.0,0.0,0.0,0.0,0.0,0.0,0.0,0.0,0.0,0.0,0.0,61.6,74,13,65511,50,65476,0,300,0,0,8,20529,65476,0,0,26214,60.0,0.0,0.0,0.0,0.0,0.0
2026-05-17T18:08:42,ERR,ERR,ERR,ERR,ERR,ERR,ERR,ERR,ERR,ERR,ERR,ERR,ERR,ERR,ERR,ERR,ERR,ERR,ERR,ERR,ERR,ERR,ERR,ERR,ERR,ERR,ERR,ERR,ERR,ERR,ERR,ERR,ERR,ERR,ERR,ERR,ERR,ERR,ERR,ERR,ERR,ERR,ERR,ERR,ERR,ERR,ERR,ERR,ERR,ERR,ERR,ERR,ERR,ERR,ERR,ERR,ERR,ERR,ERR,ERR,ERR,ERR,ERR,ERR,ERR,ERR,ERR,ERR,ERR,ERR,ERR,ERR,ERR,ERR,ERR,ERR,ERR,ERR,ERR,ERR,ERR,ERR,ERR,ERR,ERR,ERR,ERR,ERR,ERR,ERR,ERR,ERR,ERR,ERR,ERR,ERR,ERR,ERR,ERR,ERR,ERR,ERR,ERR,ERR,ERR,ERR,ERR,ERR,ERR,ERR,ERR,ERR,ERR,ERR,ERR,ERR,ERR,ERR,ERR,ERR,ERR,ERR,ERR,ERR,ERR,-107615288.0,-107615296.0,0.0,0.0,0.0,1.3936040501711995e+18,7.805,0.0,0,0,4,0,8422,0.0,45,0.0,0.0,0.0,0.0,0.0,0,0,0,0,0.0,0,0,0,0,0,0,0,0,0,0,0,0,0,0,0,0,0,0,0,0,0,0,0,0,0,0,0,0,0,0,0,0,0,38,14,7,45,65476,0,300,0,0,8,21553,0.0,-107605600.0,0.0,0.0,0.0,0.0,0.0,0.0,0.0,0.0,0.0,0.0,0.0,0.0,0.0,0.0,0.0,0.0,0.0,0.0,0.0,0.0,-2.004,0.0,2.004,0.0,0.0,0.0,0.0,0.0,5045.0,-0.0,0.0,-107615288.0,-0.0,-0.0,2.718429300292151e+23,0.0,0.0,0.0,0.0,53,5.848083413016271e+35,-71.629,0.0,0.0,0.0,0.0,0.0,0.0,0.0,0,0,0,0.0,0.0,0.0,0.0,0.0,0.0,0.0,0.0,0.0,0.0,0.0,0.0,0.0,0.0,0.0,0.0,0,-107875648.0,53,0.0,106,-107614832.0,0.0,ERR,ERR,ERR,ERR,ERR,ERR,ERR,ERR,ERR,ERR,ERR,ERR,ERR,ERR,ERR,ERR,ERR,ERR,ERR,ERR,ERR,ERR,ERR,ERR,ERR,ERR,ERR,ERR,ERR,ERR,ERR,ERR,ERR,ERR,ERR,ERR,ERR,ERR,ERR,ERR,ERR,ERR,ERR,ERR,ERR,ERR,ERR,ERR,ERR,ERR,ERR,ERR,ERR,ERR,ERR,ERR,ERR,ERR,ERR,ERR,ERR,ERR,ERR,ERR,ERR,ERR,ERR,50.0,60.0,100,0.0,0.0,0.0,0.0,0.0,0.0,0.0,0.0,0.0,0.0,0.0,0.0,0.0,0.0,0.0,0.0,61.6,74,13,65511,50,65476,0,300,0,0,8,20529,65476,0,0,26214,60.0,0.0,0.0,0.0,0.0,0.0
2026-05-17T18:08:43,ERR,ERR,ERR,ERR,ERR,ERR,ERR,ERR,ERR,ERR,ERR,ERR,ERR,ERR,ERR,ERR,ERR,ERR,ERR,ERR,ERR,ERR,ERR,ERR,ERR,ERR,ERR,ERR,ERR,ERR,ERR,ERR,ERR,ERR,ERR,ERR,ERR,ERR,ERR,ERR,ERR,ERR,ERR,ERR,ERR,ERR,ERR,ERR,ERR,ERR,ERR,ERR,ERR,ERR,ERR,ERR,ERR,ERR,ERR,ERR,ERR,ERR,ERR,ERR,ERR,ERR,ERR,ERR,ERR,ERR,ERR,ERR,ERR,ERR,ERR,ERR,ERR,ERR,ERR,ERR,ERR,ERR,ERR,ERR,ERR,ERR,ERR,ERR,ERR,ERR,ERR,ERR,ERR,ERR,ERR,ERR,ERR,ERR,ERR,ERR,ERR,ERR,ERR,ERR,ERR,ERR,ERR,ERR,ERR,ERR,ERR,ERR,ERR,ERR,ERR,ERR,ERR,ERR,ERR,ERR,ERR,ERR,ERR,ERR,ERR,-107615288.0,-107615296.0,0.0,0.0,0.0,1.3936040501711995e+18,7.805,0.0,0,0,4,0,8422,0.0,45,0.0,0.0,0.0,0.0,0.0,0,0,0,0,0.0,0,0,0,0,0,0,0,0,0,0,0,0,0,0,0,0,0,0,0,0,0,0,0,0,0,0,0,0,0,0,0,0,0,38,14,7,45,65476,0,300,0,0,8,21553,0.0,-107605600.0,0.0,0.0,0.0,0.0,0.0,0.0,0.0,0.0,0.0,0.0,0.0,0.0,0.0,0.0,0.0,0.0,0.0,0.0,0.0,0.0,-2.004,-2.004,2.004,-2.004,0.0,0.0,0.0,0.0,5047.0,131350.453,0.0,-107615288.0,-0.0,-107615280.0,2.718429300292151e+23,0.0,0.0,0.0,0.0,53,-0.0,89220.57,0.0,0.0,0.0,0.0,0.0,0.0,0.0,0,0,0,0.0,0.0,0.0,0.0,0.0,0.0,0.0,0.0,0.0,0.0,0.0,0.0,0.0,0.0,0.0,0.0,0,-107875648.0,53,0.0,106,-107614832.0,0.0,ERR,ERR,ERR,ERR,ERR,ERR,ERR,ERR,ERR,ERR,ERR,ERR,ERR,ERR,ERR,ERR,ERR,ERR,ERR,ERR,ERR,ERR,ERR,ERR,ERR,ERR,ERR,ERR,ERR,ERR,ERR,ERR,ERR,ERR,ERR,ERR,ERR,ERR,ERR,ERR,ERR,ERR,ERR,ERR,ERR,ERR,ERR,ERR,ERR,ERR,ERR,ERR,ERR,ERR,ERR,ERR,ERR,ERR,ERR,ERR,ERR,ERR,ERR,ERR,ERR,ERR,ERR,50.0,60.0,100,0.0,0.0,0.0,0.0,0.0,0.0,0.0,0.0,0.0,0.0,0.0,0.0,0.0,0.0,0.0,0.0,61.6,74,13,65511,50,65476,0,300,0,0,8,20529,65476,0,0,26214,60.0,0.0,0.0,0.0,0.0,0.0
2026-05-17T18:08:44,ERR,ERR,ERR,ERR,ERR,ERR,ERR,ERR,ERR,ERR,ERR,ERR,ERR,ERR,ERR,ERR,ERR,ERR,ERR,ERR,ERR,ERR,ERR,ERR,ERR,ERR,ERR,ERR,ERR,ERR,ERR,ERR,ERR,ERR,ERR,ERR,ERR,ERR,ERR,ERR,ERR,ERR,ERR,ERR,ERR,ERR,ERR,ERR,ERR,ERR,ERR,ERR,ERR,ERR,ERR,ERR,ERR,ERR,ERR,ERR,ERR,ERR,ERR,ERR,ERR,ERR,ERR,ERR,ERR,ERR,ERR,ERR,ERR,ERR,ERR,ERR,ERR,ERR,ERR,ERR,ERR,ERR,ERR,ERR,ERR,ERR,ERR,ERR,ERR,ERR,ERR,ERR,ERR,ERR,ERR,ERR,ERR,ERR,ERR,ERR,ERR,ERR,ERR,ERR,ERR,ERR,ERR,ERR,ERR,ERR,ERR,ERR,ERR,ERR,ERR,ERR,ERR,ERR,ERR,ERR,ERR,ERR,ERR,ERR,ERR,-107615288.0,-107615296.0,0.0,0.0,0.0,1.3936040501711995e+18,7.805,0.0,0,0,4,0,8422,0.0,45,0.0,0.0,0.0,0.0,0.0,0,0,0,0,0.0,0,0,0,0,0,0,0,0,0,0,0,0,0,0,0,0,0,0,0,0,0,0,0,0,0,0,0,0,0,0,0,0,0,38,14,7,45,65476,0,300,0,0,8,21553,0.0,-107605600.0,0.0,0.0,0.0,0.0,0.0,0.0,0.0,0.0,0.0,0.0,0.0,0.0,0.0,0.0,0.0,0.0,0.0,0.0,0.0,0.0,-2.004,-2.004,2.004,-2.004,0.0,0.0,0.0,0.0,5047.0,131350.453,0.0,-107615288.0,-0.0,-107615280.0,2.718429300292151e+23,0.0,0.0,0.0,0.0,53,-0.0,89220.57,0.0,0.0,0.0,0.0,0.0,0.0,0.0,0,0,0,0.0,0.0,0.0,0.0,0.0,0.0,0.0,0.0,0.0,0.0,0.0,0.0,0.0,0.0,0.0,0.0,0,-107875648.0,53,0.0,106,-107614832.0,0.0,ERR,ERR,ERR,ERR,ERR,ERR,ERR,ERR,ERR,ERR,ERR,ERR,ERR,ERR,ERR,ERR,ERR,ERR,ERR,ERR,ERR,ERR,ERR,ERR,ERR,ERR,ERR,ERR,ERR,ERR,ERR,ERR,ERR,ERR,ERR,ERR,ERR,ERR,ERR,ERR,ERR,ERR,ERR,ERR,ERR,ERR,ERR,ERR,ERR,ERR,ERR,ERR,ERR,ERR,ERR,ERR,ERR,ERR,ERR,ERR,ERR,ERR,ERR,ERR,ERR,ERR,ERR,50.0,60.0,100,0.0,0.0,0.0,0.0,0.0,0.0,0.0,0.0,0.0,0.0,0.0,0.0,0.0,0.0,0.0,0.0,61.6,74,13,65511,50,65476,0,300,0,0,8,20529,65476,0,0,26214,60.0,0.0,0.0,0.0,0.0,0.0
2026-05-17T18:08:45,ERR,ERR,ERR,ERR,ERR,ERR,ERR,ERR,ERR,ERR,ERR,ERR,ERR,ERR,ERR,ERR,ERR,ERR,ERR,ERR,ERR,ERR,ERR,ERR,ERR,ERR,ERR,ERR,ERR,ERR,ERR,ERR,ERR,ERR,ERR,ERR,ERR,ERR,ERR,ERR,ERR,ERR,ERR,ERR,ERR,ERR,ERR,ERR,ERR,ERR,ERR,ERR,ERR,ERR,ERR,ERR,ERR,ERR,ERR,ERR,ERR,ERR,ERR,ERR,ERR,ERR,ERR,ERR,ERR,ERR,ERR,ERR,ERR,ERR,ERR,ERR,ERR,ERR,ERR,ERR,ERR,ERR,ERR,ERR,ERR,ERR,ERR,ERR,ERR,ERR,ERR,ERR,ERR,ERR,ERR,ERR,ERR,ERR,ERR,ERR,ERR,ERR,ERR,ERR,ERR,ERR,ERR,ERR,ERR,ERR,ERR,ERR,ERR,ERR,ERR,ERR,ERR,ERR,ERR,ERR,ERR,ERR,ERR,ERR,ERR,-107615288.0,-107615296.0,0.0,0.0,0.0,1.3936040501711995e+18,7.805,0.0,0,0,4,0,8422,0.0,45,0.0,0.0,0.0,0.0,0.0,0,0,0,0,0.0,0,0,0,0,0,0,0,0,0,0,0,0,0,0,0,0,0,0,0,0,0,0,0,0,0,0,0,0,0,0,0,0,0,38,14,7,45,65476,0,300,0,0,8,21553,0.0,-107605600.0,0.0,0.0,0.0,0.0,0.0,0.0,0.0,0.0,0.0,0.0,0.0,0.0,0.0,0.0,0.0,0.0,0.0,0.0,0.0,0.0,-2.004,-2.004,2.004,-2.004,0.0,0.0,0.0,0.0,5047.0,131350.453,0.0,-107615288.0,-0.0,-107615280.0,2.718429300292151e+23,0.0,0.0,0.0,0.0,53,-0.0,89220.57,0.0,0.0,0.0,0.0,0.0,0.0,0.0,0,0,0,0.0,0.0,0.0,0.0,0.0,0.0,0.0,0.0,0.0,0.0,0.0,0.0,0.0,0.0,0.0,0.0,0,-107875648.0,53,0.0,106,-107614832.0,0.0,ERR,ERR,ERR,ERR,ERR,ERR,ERR,ERR,ERR,ERR,ERR,ERR,ERR,ERR,ERR,ERR,ERR,ERR,ERR,ERR,ERR,ERR,ERR,ERR,ERR,ERR,ERR,ERR,ERR,ERR,ERR,ERR,ERR,ERR,ERR,ERR,ERR,ERR,ERR,ERR,ERR,ERR,ERR,ERR,ERR,ERR,ERR,ERR,ERR,ERR,ERR,ERR,ERR,ERR,ERR,ERR,ERR,ERR,ERR,ERR,ERR,ERR,ERR,ERR,ERR,ERR,ERR,50.0,60.0,100,0.0,0.0,0.0,0.0,0.0,0.0,0.0,0.0,0.0,0.0,0.0,0.0,0.0,0.0,0.0,0.0,61.6,74,13,65511,50,65476,0,300,0,0,8,20529,65476,0,0,26214,60.0,0.0,0.0,0.0,0.0,0.0
2026-05-17T18:08:46,ERR,ERR,ERR,ERR,ERR,ERR,ERR,ERR,ERR,ERR,ERR,ERR,ERR,ERR,ERR,ERR,ERR,ERR,ERR,ERR,ERR,ERR,ERR,ERR,ERR,ERR,ERR,ERR,ERR,ERR,ERR,ERR,ERR,ERR,ERR,ERR,ERR,ERR,ERR,ERR,ERR,ERR,ERR,ERR,ERR,ERR,ERR,ERR,ERR,ERR,ERR,ERR,ERR,ERR,ERR,ERR,ERR,ERR,ERR,ERR,ERR,ERR,ERR,ERR,ERR,ERR,ERR,ERR,ERR,ERR,ERR,ERR,ERR,ERR,ERR,ERR,ERR,ERR,ERR,ERR,ERR,ERR,ERR,ERR,ERR,ERR,ERR,ERR,ERR,ERR,ERR,ERR,ERR,ERR,ERR,ERR,ERR,ERR,ERR,ERR,ERR,ERR,ERR,ERR,ERR,ERR,ERR,ERR,ERR,ERR,ERR,ERR,ERR,ERR,ERR,ERR,ERR,ERR,ERR,ERR,ERR,ERR,ERR,ERR,ERR,-107615288.0,-107615296.0,0.0,0.0,0.0,1.3936040501711995e+18,7.805,0.0,0,0,4,0,8422,0.0,45,0.0,0.0,0.0,0.0,0.0,0,0,0,0,0.0,0,0,0,0,0,0,0,0,0,0,0,0,0,0,0,0,0,0,0,0,0,0,0,0,0,0,0,0,0,0,0,0,0,38,14,7,45,65476,0,300,0,0,8,21553,0.0,-107605600.0,0.0,0.0,0.0,0.0,0.0,0.0,0.0,0.0,0.0,0.0,0.0,0.0,0.0,0.0,0.0,0.0,0.0,0.0,0.0,0.0,-2.004,-2.004,2.004,-2.004,0.0,0.0,0.0,0.0,5047.0,131350.453,0.0,-107615288.0,-0.0,-107615280.0,2.718429300292151e+23,0.0,0.0,0.0,0.0,53,-0.0,89220.57,0.0,0.0,0.0,0.0,0.0,0.0,0.0,0,0,0,0.0,0.0,0.0,0.0,0.0,0.0,0.0,0.0,0.0,0.0,0.0,0.0,0.0,0.0,0.0,0.0,0,-107875648.0,53,0.0,106,-107614832.0,0.0,ERR,ERR,ERR,ERR,ERR,ERR,ERR,ERR,ERR,ERR,ERR,ERR,ERR,ERR,ERR,ERR,ERR,ERR,ERR,ERR,ERR,ERR,ERR,ERR,ERR,ERR,ERR,ERR,ERR,ERR,ERR,ERR,ERR,ERR,ERR,ERR,ERR,ERR,ERR,ERR,ERR,ERR,ERR,ERR,ERR,ERR,ERR,ERR,ERR,ERR,ERR,ERR,ERR,ERR,ERR,ERR,ERR,ERR,ERR,ERR,ERR,ERR,ERR,ERR,ERR,ERR,ERR,50.0,60.0,100,0.0,0.0,0.0,0.0,0.0,0.0,0.0,0.0,0.0,0.0,0.0,0.0,0.0,0.0,0.0,0.0,61.6,74,13,65511,50,65476,0,300,0,0,8,20529,65476,0,0,26214,60.0,0.0,0.0,0.0,0.0,0.0
2026-05-17T18:08:47,ERR,ERR,ERR,ERR,ERR,ERR,ERR,ERR,ERR,ERR,ERR,ERR,ERR,ERR,ERR,ERR,ERR,ERR,ERR,ERR,ERR,ERR,ERR,ERR,ERR,ERR,ERR,ERR,ERR,ERR,ERR,ERR,ERR,ERR,ERR,ERR,ERR,ERR,ERR,ERR,ERR,ERR,ERR,ERR,ERR,ERR,ERR,ERR,ERR,ERR,ERR,ERR,ERR,ERR,ERR,ERR,ERR,ERR,ERR,ERR,ERR,ERR,ERR,ERR,ERR,ERR,ERR,ERR,ERR,ERR,ERR,ERR,ERR,ERR,ERR,ERR,ERR,ERR,ERR,ERR,ERR,ERR,ERR,ERR,ERR,ERR,ERR,ERR,ERR,ERR,ERR,ERR,ERR,ERR,ERR,ERR,ERR,ERR,ERR,ERR,ERR,ERR,ERR,ERR,ERR,ERR,ERR,ERR,ERR,ERR,ERR,ERR,ERR,ERR,ERR,ERR,ERR,ERR,ERR,ERR,ERR,ERR,ERR,ERR,ERR,-107615288.0,-107615296.0,0.0,0.0,0.0,1.3936040501711995e+18,7.805,0.0,0,0,4,0,8422,0.0,45,0.0,0.0,0.0,0.0,0.0,0,0,0,0,0.0,0,0,0,0,0,0,0,0,0,0,0,0,0,0,0,0,0,0,0,0,0,0,0,0,0,0,0,0,0,0,0,0,0,38,14,7,45,65476,0,300,0,0,8,21553,0.0,-107605600.0,0.0,0.0,0.0,0.0,0.0,0.0,0.0,0.0,0.0,0.0,0.0,0.0,0.0,0.0,0.0,0.0,0.0,0.0,0.0,0.0,-2.004,-2.004,2.004,-2.004,0.0,0.0,0.0,0.0,5047.0,131350.453,0.0,-107615288.0,-0.0,-107615280.0,2.718429300292151e+23,0.0,0.0,0.0,0.0,53,-0.0,89220.57,0.0,0.0,0.0,0.0,0.0,0.0,0.0,0,0,0,0.0,0.0,0.0,0.0,0.0,0.0,0.0,0.0,0.0,0.0,0.0,0.0,0.0,0.0,0.0,0.0,0,-107875648.0,53,0.0,106,-107614832.0,0.0,ERR,ERR,ERR,ERR,ERR,ERR,ERR,ERR,ERR,ERR,ERR,ERR,ERR,ERR,ERR,ERR,ERR,ERR,ERR,ERR,ERR,ERR,ERR,ERR,ERR,ERR,ERR,ERR,ERR,ERR,ERR,ERR,ERR,ERR,ERR,ERR,ERR,ERR,ERR,ERR,ERR,ERR,ERR,ERR,ERR,ERR,ERR,ERR,ERR,ERR,ERR,ERR,ERR,ERR,ERR,ERR,ERR,ERR,ERR,ERR,ERR,ERR,ERR,ERR,ERR,ERR,ERR,50.0,60.0,100,0.0,0.0,0.0,0.0,0.0,0.0,0.0,0.0,0.0,0.0,0.0,0.0,0.0,0.0,0.0,0.0,62.0,74,13,65511,50,65476,0,300,0,0,8,20529,65476,0,0,26214,60.0,0.0,0.0,0.0,0.0,0.0
2026-05-17T18:08:48,ERR,ERR,ERR,ERR,ERR,ERR,ERR,ERR,ERR,ERR,ERR,ERR,ERR,ERR,ERR,ERR,ERR,ERR,ERR,ERR,ERR,ERR,ERR,ERR,ERR,ERR,ERR,ERR,ERR,ERR,ERR,ERR,ERR,ERR,ERR,ERR,ERR,ERR,ERR,ERR,ERR,ERR,ERR,ERR,ERR,ERR,ERR,ERR,ERR,ERR,ERR,ERR,ERR,ERR,ERR,ERR,ERR,ERR,ERR,ERR,ERR,ERR,ERR,ERR,ERR,ERR,ERR,ERR,ERR,ERR,ERR,ERR,ERR,ERR,ERR,ERR,ERR,ERR,ERR,ERR,ERR,ERR,ERR,ERR,ERR,ERR,ERR,ERR,ERR,ERR,ERR,ERR,ERR,ERR,ERR,ERR,ERR,ERR,ERR,ERR,ERR,ERR,ERR,ERR,ERR,ERR,ERR,ERR,ERR,ERR,ERR,ERR,ERR,ERR,ERR,ERR,ERR,ERR,ERR,ERR,ERR,ERR,ERR,ERR,ERR,-107615288.0,-107615296.0,0.0,0.0,0.0,1.3936040501711995e+18,7.805,0.0,0,0,4,0,8422,0.0,45,0.0,0.0,0.0,0.0,0.0,0,0,0,0,0.0,0,0,0,0,0,0,0,0,0,0,0,0,0,0,0,0,0,0,0,0,0,0,0,0,0,0,0,0,0,0,0,0,0,38,14,7,45,65476,0,300,0,0,8,21553,0.0,-107605600.0,0.0,0.0,0.0,0.0,0.0,0.0,0.0,0.0,0.0,0.0,0.0,0.0,0.0,0.0,0.0,0.0,0.0,0.0,0.0,0.0,-2.004,0.0,2.004,0.0,0.0,0.0,0.0,0.0,5049.0,0.0,0.0,-107615288.0,-0.0,-0.0,2.718429300292151e+23,0.0,0.0,0.0,0.0,53,-0.0,0.0,0.0,0.0,0.0,0.0,0.0,0.0,0.0,0,0,0,0.0,0.0,0.0,0.0,0.0,0.0,0.0,0.0,0.0,0.0,0.0,0.0,0.0,0.0,0.0,0.0,0,-107875648.0,53,0.0,106,-107614832.0,-0.0,ERR,ERR,ERR,ERR,ERR,ERR,ERR,ERR,ERR,ERR,ERR,ERR,ERR,ERR,ERR,ERR,ERR,ERR,ERR,ERR,ERR,ERR,ERR,ERR,ERR,ERR,ERR,ERR,ERR,ERR,ERR,ERR,ERR,ERR,ERR,ERR,ERR,ERR,ERR,ERR,ERR,ERR,ERR,ERR,ERR,ERR,ERR,ERR,ERR,ERR,ERR,ERR,ERR,ERR,ERR,ERR,ERR,ERR,ERR,ERR,ERR,ERR,ERR,ERR,ERR,ERR,ERR,50.0,60.0,100,0.0,0.0,0.0,0.0,0.0,0.0,0.0,0.0,0.0,0.0,0.0,0.0,0.0,0.0,0.0,0.0,62.0,74,13,65511,50,65476,0,300,0,0,8,20529,65476,0,0,26214,60.0,0.0,0.0,0.0,0.0,0.0
2026-05-17T18:08:49,ERR,ERR,ERR,ERR,ERR,ERR,ERR,ERR,ERR,ERR,ERR,ERR,ERR,ERR,ERR,ERR,ERR,ERR,ERR,ERR,ERR,ERR,ERR,ERR,ERR,ERR,ERR,ERR,ERR,ERR,ERR,ERR,ERR,ERR,ERR,ERR,ERR,ERR,ERR,ERR,ERR,ERR,ERR,ERR,ERR,ERR,ERR,ERR,ERR,ERR,ERR,ERR,ERR,ERR,ERR,ERR,ERR,ERR,ERR,ERR,ERR,ERR,ERR,ERR,ERR,ERR,ERR,ERR,ERR,ERR,ERR,ERR,ERR,ERR,ERR,ERR,ERR,ERR,ERR,ERR,ERR,ERR,ERR,ERR,ERR,ERR,ERR,ERR,ERR,ERR,ERR,ERR,ERR,ERR,ERR,ERR,ERR,ERR,ERR,ERR,ERR,ERR,ERR,ERR,ERR,ERR,ERR,ERR,ERR,ERR,ERR,ERR,ERR,ERR,ERR,ERR,ERR,ERR,ERR,ERR,ERR,ERR,ERR,ERR,ERR,-107615288.0,-107615296.0,0.0,0.0,0.0,1.3936040501711995e+18,7.805,0.0,0,0,4,0,8422,0.0,45,0.0,0.0,0.0,0.0,0.0,0,0,0,0,0.0,0,0,0,0,0,0,0,0,0,0,0,0,0,0,0,0,0,0,0,0,0,0,0,0,0,0,0,0,0,0,0,0,0,38,14,7,45,65476,0,300,0,0,8,21553,0.0,-107605600.0,0.0,0.0,0.0,0.0,0.0,0.0,0.0,0.0,0.0,0.0,0.0,0.0,0.0,0.0,0.0,0.0,0.0,0.0,0.0,0.0,-2.004,0.0,2.004,0.0,0.0,0.0,0.0,0.0,5049.0,0.0,0.0,-107615288.0,-0.0,-0.0,2.718429300292151e+23,0.0,0.0,0.0,0.0,53,-0.0,0.0,0.0,0.0,0.0,0.0,0.0,0.0,0.0,0,0,0,0.0,0.0,0.0,0.0,0.0,0.0,0.0,0.0,0.0,0.0,0.0,0.0,0.0,0.0,0.0,0.0,0,-107875648.0,53,0.0,106,-107614832.0,-0.0,ERR,ERR,ERR,ERR,ERR,ERR,ERR,ERR,ERR,ERR,ERR,ERR,ERR,ERR,ERR,ERR,ERR,ERR,ERR,ERR,ERR,ERR,ERR,ERR,ERR,ERR,ERR,ERR,ERR,ERR,ERR,ERR,ERR,ERR,ERR,ERR,ERR,ERR,ERR,ERR,ERR,ERR,ERR,ERR,ERR,ERR,ERR,ERR,ERR,ERR,ERR,ERR,ERR,ERR,ERR,ERR,ERR,ERR,ERR,ERR,ERR,ERR,ERR,ERR,ERR,ERR,ERR,50.0,60.0,100,0.0,0.0,0.0,0.0,0.0,0.0,0.0,0.0,0.0,0.0,0.0,0.0,0.0,0.0,0.0,0.0,61.6,74,13,65511,50,65476,0,300,0,0,8,20529,65476,0,0,26214,60.0,0.0,0.0,0.0,0.0,0.0
2026-05-17T18:08:50,ERR,ERR,ERR,ERR,ERR,ERR,ERR,ERR,ERR,ERR,ERR,ERR,ERR,ERR,ERR,ERR,ERR,ERR,ERR,ERR,ERR,ERR,ERR,ERR,ERR,ERR,ERR,ERR,ERR,ERR,ERR,ERR,ERR,ERR,ERR,ERR,ERR,ERR,ERR,ERR,ERR,ERR,ERR,ERR,ERR,ERR,ERR,ERR,ERR,ERR,ERR,ERR,ERR,ERR,ERR,ERR,ERR,ERR,ERR,ERR,ERR,ERR,ERR,ERR,ERR,ERR,ERR,ERR,ERR,ERR,ERR,ERR,ERR,ERR,ERR,ERR,ERR,ERR,ERR,ERR,ERR,ERR,ERR,ERR,ERR,ERR,ERR,ERR,ERR,ERR,ERR,ERR,ERR,ERR,ERR,ERR,ERR,ERR,ERR,ERR,ERR,ERR,ERR,ERR,ERR,ERR,ERR,ERR,ERR,ERR,ERR,ERR,ERR,ERR,ERR,ERR,ERR,ERR,ERR,ERR,ERR,ERR,ERR,ERR,ERR,-107615288.0,-107615296.0,0.0,0.0,0.0,1.3936040501711995e+18,7.805,0.0,0,0,4,0,8422,0.0,45,0.0,0.0,0.0,0.0,0.0,0,0,0,0,0.0,0,0,0,0,0,0,0,0,0,0,0,0,0,0,0,0,0,0,0,0,0,0,0,0,0,0,0,0,0,0,0,0,0,38,14,7,45,65476,0,300,0,0,8,21553,0.0,-107605600.0,0.0,0.0,0.0,0.0,0.0,0.0,0.0,0.0,0.0,0.0,0.0,0.0,0.0,0.0,0.0,0.0,0.0,0.0,0.0,0.0,-2.004,0.0,2.004,0.0,0.0,0.0,0.0,0.0,5049.0,0.0,0.0,-107615288.0,-0.0,-0.0,2.718429300292151e+23,0.0,0.0,0.0,0.0,53,-0.0,0.0,0.0,0.0,0.0,0.0,0.0,0.0,0.0,0,0,0,0.0,0.0,0.0,0.0,0.0,0.0,0.0,0.0,0.0,0.0,0.0,0.0,0.0,0.0,0.0,0.0,0,-107875648.0,53,0.0,106,-107614832.0,-0.0,ERR,ERR,ERR,ERR,ERR,ERR,ERR,ERR,ERR,ERR,ERR,ERR,ERR,ERR,ERR,ERR,ERR,ERR,ERR,ERR,ERR,ERR,ERR,ERR,ERR,ERR,ERR,ERR,ERR,ERR,ERR,ERR,ERR,ERR,ERR,ERR,ERR,ERR,ERR,ERR,ERR,ERR,ERR,ERR,ERR,ERR,ERR,ERR,ERR,ERR,ERR,ERR,ERR,ERR,ERR,ERR,ERR,ERR,ERR,ERR,ERR,ERR,ERR,ERR,ERR,ERR,ERR,50.0,60.0,100,0.0,0.0,0.0,0.0,0.0,0.0,0.0,0.0,0.0,0.0,0.0,0.0,0.0,0.0,0.0,0.0,61.6,74,13,65511,50,65476,0,300,0,0,8,20529,65476,0,0,26214,60.0,0.0,0.0,0.0,0.0,0.0
2026-05-17T18:08:51,ERR,ERR,ERR,ERR,ERR,ERR,ERR,ERR,ERR,ERR,ERR,ERR,ERR,ERR,ERR,ERR,ERR,ERR,ERR,ERR,ERR,ERR,ERR,ERR,ERR,ERR,ERR,ERR,ERR,ERR,ERR,ERR,ERR,ERR,ERR,ERR,ERR,ERR,ERR,ERR,ERR,ERR,ERR,ERR,ERR,ERR,ERR,ERR,ERR,ERR,ERR,ERR,ERR,ERR,ERR,ERR,ERR,ERR,ERR,ERR,ERR,ERR,ERR,ERR,ERR,ERR,ERR,ERR,ERR,ERR,ERR,ERR,ERR,ERR,ERR,ERR,ERR,ERR,ERR,ERR,ERR,ERR,ERR,ERR,ERR,ERR,ERR,ERR,ERR,ERR,ERR,ERR,ERR,ERR,ERR,ERR,ERR,ERR,ERR,ERR,ERR,ERR,ERR,ERR,ERR,ERR,ERR,ERR,ERR,ERR,ERR,ERR,ERR,ERR,ERR,ERR,ERR,ERR,ERR,ERR,ERR,ERR,ERR,ERR,ERR,-107615288.0,-107615296.0,0.0,0.0,0.0,1.3936040501711995e+18,7.805,0.0,0,0,4,0,8422,0.0,45,0.0,0.0,0.0,0.0,0.0,0,0,0,0,0.0,0,0,0,0,0,0,0,0,0,0,0,0,0,0,0,0,0,0,0,0,0,0,0,0,0,0,0,0,0,0,0,0,0,38,14,7,45,65476,0,300,0,0,8,21553,0.0,-107605600.0,0.0,0.0,0.0,0.0,0.0,0.0,0.0,0.0,0.0,0.0,0.0,0.0,0.0,0.0,0.0,0.0,0.0,0.0,0.0,0.0,-2.004,0.0,2.004,0.0,0.0,0.0,0.0,0.0,5049.0,0.0,0.0,-107615288.0,-0.0,-0.0,2.718429300292151e+23,0.0,0.0,0.0,0.0,53,-0.0,0.0,0.0,0.0,0.0,0.0,0.0,0.0,0.0,0,0,0,0.0,0.0,0.0,0.0,0.0,0.0,0.0,0.0,0.0,0.0,0.0,0.0,0.0,0.0,0.0,0.0,0,-107875648.0,53,0.0,106,-107614832.0,-0.0,ERR,ERR,ERR,ERR,ERR,ERR,ERR,ERR,ERR,ERR,ERR,ERR,ERR,ERR,ERR,ERR,ERR,ERR,ERR,ERR,ERR,ERR,ERR,ERR,ERR,ERR,ERR,ERR,ERR,ERR,ERR,ERR,ERR,ERR,ERR,ERR,ERR,ERR,ERR,ERR,ERR,ERR,ERR,ERR,ERR,ERR,ERR,ERR,ERR,ERR,ERR,ERR,ERR,ERR,ERR,ERR,ERR,ERR,ERR,ERR,ERR,ERR,ERR,ERR,ERR,ERR,ERR,50.0,60.0,100,0.0,0.0,0.0,0.0,0.0,0.0,0.0,0.0,0.0,0.0,0.0,0.0,0.0,0.0,0.0,0.0,61.6,74,13,65511,50,65476,0,300,0,0,8,20529,65476,0,0,26214,60.0,0.0,0.0,0.0,0.0,0.0
2026-05-17T18:08:52,ERR,ERR,ERR,ERR,ERR,ERR,ERR,ERR,ERR,ERR,ERR,ERR,ERR,ERR,ERR,ERR,ERR,ERR,ERR,ERR,ERR,ERR,ERR,ERR,ERR,ERR,ERR,ERR,ERR,ERR,ERR,ERR,ERR,ERR,ERR,ERR,ERR,ERR,ERR,ERR,ERR,ERR,ERR,ERR,ERR,ERR,ERR,ERR,ERR,ERR,ERR,ERR,ERR,ERR,ERR,ERR,ERR,ERR,ERR,ERR,ERR,ERR,ERR,ERR,ERR,ERR,ERR,ERR,ERR,ERR,ERR,ERR,ERR,ERR,ERR,ERR,ERR,ERR,ERR,ERR,ERR,ERR,ERR,ERR,ERR,ERR,ERR,ERR,ERR,ERR,ERR,ERR,ERR,ERR,ERR,ERR,ERR,ERR,ERR,ERR,ERR,ERR,ERR,ERR,ERR,ERR,ERR,ERR,ERR,ERR,ERR,ERR,ERR,ERR,ERR,ERR,ERR,ERR,ERR,ERR,ERR,ERR,ERR,ERR,ERR,-107615288.0,-107615296.0,0.0,0.0,0.0,1.3936040501711995e+18,7.805,0.0,0,0,4,0,8422,0.0,45,0.0,0.0,0.0,0.0,0.0,0,0,0,0,0.0,0,0,0,0,0,0,0,0,0,0,0,0,0,0,0,0,0,0,0,0,0,0,0,0,0,0,0,0,0,0,0,0,0,38,14,7,45,65476,0,300,0,0,8,21553,0.0,-107605600.0,0.0,0.0,0.0,0.0,0.0,0.0,0.0,0.0,0.0,0.0,0.0,0.0,0.0,0.0,0.0,0.0,0.0,0.0,0.0,0.0,-2.004,0.0,2.004,0.0,0.0,0.0,0.0,0.0,5049.0,0.0,0.0,-107615288.0,-0.0,-0.0,2.718429300292151e+23,0.0,0.0,0.0,0.0,53,-0.0,0.0,0.0,0.0,0.0,0.0,0.0,0.0,0.0,0,0,0,0.0,0.0,0.0,0.0,0.0,0.0,0.0,0.0,0.0,0.0,0.0,0.0,0.0,0.0,0.0,0.0,0,-107875648.0,53,0.0,106,-107614832.0,-0.0,ERR,ERR,ERR,ERR,ERR,ERR,ERR,ERR,ERR,ERR,ERR,ERR,ERR,ERR,ERR,ERR,ERR,ERR,ERR,ERR,ERR,ERR,ERR,ERR,ERR,ERR,ERR,ERR,ERR,ERR,ERR,ERR,ERR,ERR,ERR,ERR,ERR,ERR,ERR,ERR,ERR,ERR,ERR,ERR,ERR,ERR,ERR,ERR,ERR,ERR,ERR,ERR,ERR,ERR,ERR,ERR,ERR,ERR,ERR,ERR,ERR,ERR,ERR,ERR,ERR,ERR,ERR,50.0,60.0,100,0.0,0.0,0.0,0.0,0.0,0.0,0.0,0.0,0.0,0.0,0.0,0.0,0.0,0.0,0.0,0.0,61.6,74,13,65511,50,65476,0,300,0,0,8,20529,65476,0,0,26214,60.0,0.0,0.0,0.0,0.0,0.0
2026-05-17T18:08:53,ERR,ERR,ERR,ERR,ERR,ERR,ERR,ERR,ERR,ERR,ERR,ERR,ERR,ERR,ERR,ERR,ERR,ERR,ERR,ERR,ERR,ERR,ERR,ERR,ERR,ERR,ERR,ERR,ERR,ERR,ERR,ERR,ERR,ERR,ERR,ERR,ERR,ERR,ERR,ERR,ERR,ERR,ERR,ERR,ERR,ERR,ERR,ERR,ERR,ERR,ERR,ERR,ERR,ERR,ERR,ERR,ERR,ERR,ERR,ERR,ERR,ERR,ERR,ERR,ERR,ERR,ERR,ERR,ERR,ERR,ERR,ERR,ERR,ERR,ERR,ERR,ERR,ERR,ERR,ERR,ERR,ERR,ERR,ERR,ERR,ERR,ERR,ERR,ERR,ERR,ERR,ERR,ERR,ERR,ERR,ERR,ERR,ERR,ERR,ERR,ERR,ERR,ERR,ERR,ERR,ERR,ERR,ERR,ERR,ERR,ERR,ERR,ERR,ERR,ERR,ERR,ERR,ERR,ERR,ERR,ERR,ERR,ERR,ERR,ERR,-107615288.0,-107615296.0,0.0,0.0,0.0,1.3936040501711995e+18,7.805,0.0,0,0,4,0,8422,0.0,45,0.0,0.0,0.0,0.0,0.0,0,0,0,0,0.0,0,0,0,0,0,0,0,0,0,0,0,0,0,0,0,0,0,0,0,0,0,0,0,0,0,0,0,0,0,0,0,0,0,38,14,7,45,65476,0,300,0,0,8,21553,0.0,-107605600.0,0.0,0.0,0.0,0.0,0.0,0.0,0.0,0.0,0.0,0.0,0.0,0.0,0.0,0.0,0.0,0.0,0.0,0.0,0.0,0.0,-2.004,0.0,2.004,0.0,0.0,0.0,0.0,0.0,5049.0,0.0,0.0,-107615288.0,-0.0,-0.0,2.718429300292151e+23,0.0,0.0,0.0,0.0,53,-0.0,0.0,0.0,0.0,0.0,0.0,0.0,0.0,0.0,0,0,0,0.0,0.0,0.0,0.0,0.0,0.0,0.0,0.0,0.0,0.0,0.0,0.0,0.0,0.0,0.0,0.0,0,-107875648.0,53,0.0,106,-107614832.0,-0.0,ERR,ERR,ERR,ERR,ERR,ERR,ERR,ERR,ERR,ERR,ERR,ERR,ERR,ERR,ERR,ERR,ERR,ERR,ERR,ERR,ERR,ERR,ERR,ERR,ERR,ERR,ERR,ERR,ERR,ERR,ERR,ERR,ERR,ERR,ERR,ERR,ERR,ERR,ERR,ERR,ERR,ERR,ERR,ERR,ERR,ERR,ERR,ERR,ERR,ERR,ERR,ERR,ERR,ERR,ERR,ERR,ERR,ERR,ERR,ERR,ERR,ERR,ERR,ERR,ERR,ERR,ERR,50.0,60.0,100,0.0,0.0,0.0,0.0,0.0,0.0,0.0,0.0,0.0,0.0,0.0,0.0,0.0,0.0,0.0,0.0,61.6,74,13,65511,50,65476,0,300,0,0,8,20529,65476,0,0,26214,60.0,0.0,0.0,0.0,0.0,0.0
2026-05-17T18:08:54,ERR,ERR,ERR,ERR,ERR,ERR,ERR,ERR,ERR,ERR,ERR,ERR,ERR,ERR,ERR,ERR,ERR,ERR,ERR,ERR,ERR,ERR,ERR,ERR,ERR,ERR,ERR,ERR,ERR,ERR,ERR,ERR,ERR,ERR,ERR,ERR,ERR,ERR,ERR,ERR,ERR,ERR,ERR,ERR,ERR,ERR,ERR,ERR,ERR,ERR,ERR,ERR,ERR,ERR,ERR,ERR,ERR,ERR,ERR,ERR,ERR,ERR,ERR,ERR,ERR,ERR,ERR,ERR,ERR,ERR,ERR,ERR,ERR,ERR,ERR,ERR,ERR,ERR,ERR,ERR,ERR,ERR,ERR,ERR,ERR,ERR,ERR,ERR,ERR,ERR,ERR,ERR,ERR,ERR,ERR,ERR,ERR,ERR,ERR,ERR,ERR,ERR,ERR,ERR,ERR,ERR,ERR,ERR,ERR,ERR,ERR,ERR,ERR,ERR,ERR,ERR,ERR,ERR,ERR,ERR,ERR,ERR,ERR,ERR,ERR,-107615288.0,-0.0,-134474944.0,0.0,0.0,1.3936040501711995e+18,7.805,0.0,0,0,4,0,8422,0.0,45,0.0,0.0,0.0,0.0,0.0,0,0,0,0,0.0,0,0,0,0,0,0,0,0,0,0,0,0,0,0,0,0,0,0,0,0,0,0,0,0,0,0,0,0,0,0,0,0,0,38,14,7,45,65476,0,300,0,0,8,21553,0.0,-107605600.0,0.0,0.0,0.0,0.0,0.0,0.0,0.0,0.0,0.0,0.0,0.0,0.0,0.0,0.0,0.0,0.0,0.0,0.0,0.0,0.0,-2.004,0.0,2.004,0.0,0.0,0.0,0.0,0.0,5047.0,2.422988192762658e+24,0.0,-107615288.0,-107615296.0,-0.0,0.0,0.0,0.0,0.0,0.0,53,-0.0,5.848056079300204e+35,0.0,0.0,0.0,0.0,0.0,0.0,0.0,0,0,0,0.0,0.0,0.0,0.0,0.0,0.0,0.0,0.0,0.0,0.0,0.0,0.0,0.0,0.0,0.0,0.0,0,-107875648.0,53,0.0,106,-107614832.0,-0.0,ERR,ERR,ERR,ERR,ERR,ERR,ERR,ERR,ERR,ERR,ERR,ERR,ERR,ERR,ERR,ERR,ERR,ERR,ERR,ERR,ERR,ERR,ERR,ERR,ERR,ERR,ERR,ERR,ERR,ERR,ERR,ERR,ERR,ERR,ERR,ERR,ERR,ERR,ERR,ERR,ERR,ERR,ERR,ERR,ERR,ERR,ERR,ERR,ERR,ERR,ERR,ERR,ERR,ERR,ERR,ERR,ERR,ERR,ERR,ERR,ERR,ERR,ERR,ERR,ERR,ERR,ERR,50.0,60.0,100,0.0,0.0,0.0,0.0,0.0,0.0,0.0,0.0,0.0,0.0,0.0,0.0,0.0,0.0,0.0,0.0,62.0,74,13,65511,50,65476,0,300,0,0,8,20529,65476,0,0,26214,60.0,0.0,0.0,0.0,0.0,0.0
2026-05-17T18:08:55,ERR,ERR,ERR,ERR,ERR,ERR,ERR,ERR,ERR,ERR,ERR,ERR,ERR,ERR,ERR,ERR,ERR,ERR,ERR,ERR,ERR,ERR,ERR,ERR,ERR,ERR,ERR,ERR,ERR,ERR,ERR,ERR,ERR,ERR,ERR,ERR,ERR,ERR,ERR,ERR,ERR,ERR,ERR,ERR,ERR,ERR,ERR,ERR,ERR,ERR,ERR,ERR,ERR,ERR,ERR,ERR,ERR,ERR,ERR,ERR,ERR,ERR,ERR,ERR,ERR,ERR,ERR,ERR,ERR,ERR,ERR,ERR,ERR,ERR,ERR,ERR,ERR,ERR,ERR,ERR,ERR,ERR,ERR,ERR,ERR,ERR,ERR,ERR,ERR,ERR,ERR,ERR,ERR,ERR,ERR,ERR,ERR,ERR,ERR,ERR,ERR,ERR,ERR,ERR,ERR,ERR,ERR,ERR,ERR,ERR,ERR,ERR,ERR,ERR,ERR,ERR,ERR,ERR,ERR,ERR,ERR,ERR,ERR,ERR,ERR,-107615288.0,-0.0,-134474944.0,0.0,0.0,1.3936040501711995e+18,7.805,0.0,0,0,4,0,8422,0.0,45,0.0,0.0,0.0,0.0,0.0,0,0,0,0,0.0,0,0,0,0,0,0,0,0,0,0,0,0,0,0,0,0,0,0,0,0,0,0,0,0,0,0,0,0,0,0,0,0,0,38,14,7,45,65476,0,300,0,0,8,21553,0.0,-107605600.0,0.0,0.0,0.0,0.0,0.0,0.0,0.0,0.0,0.0,0.0,0.0,0.0,0.0,0.0,0.0,0.0,0.0,0.0,0.0,0.0,-2.004,0.0,2.004,0.0,0.0,0.0,0.0,0.0,5047.0,2.422988192762658e+24,0.0,-107615288.0,-107615296.0,-0.0,0.0,0.0,0.0,0.0,0.0,53,-0.0,5.848056079300204e+35,0.0,0.0,0.0,0.0,0.0,0.0,0.0,0,0,0,0.0,0.0,0.0,0.0,0.0,0.0,0.0,0.0,0.0,0.0,0.0,0.0,0.0,0.0,0.0,0.0,0,-107875648.0,53,0.0,106,-107614832.0,-0.0,ERR,ERR,ERR,ERR,ERR,ERR,ERR,ERR,ERR,ERR,ERR,ERR,ERR,ERR,ERR,ERR,ERR,ERR,ERR,ERR,ERR,ERR,ERR,ERR,ERR,ERR,ERR,ERR,ERR,ERR,ERR,ERR,ERR,ERR,ERR,ERR,ERR,ERR,ERR,ERR,ERR,ERR,ERR,ERR,ERR,ERR,ERR,ERR,ERR,ERR,ERR,ERR,ERR,ERR,ERR,ERR,ERR,ERR,ERR,ERR,ERR,ERR,ERR,ERR,ERR,ERR,ERR,50.0,60.0,100,0.0,0.0,0.0,0.0,0.0,0.0,0.0,0.0,0.0,0.0,0.0,0.0,0.0,0.0,0.0,0.0,62.0,74,13,65511,50,65476,0,300,0,0,8,20529,65476,0,0,26214,60.0,0.0,0.0,0.0,0.0,0.0
2026-05-17T18:08:56,ERR,ERR,ERR,ERR,ERR,ERR,ERR,ERR,ERR,ERR,ERR,ERR,ERR,ERR,ERR,ERR,ERR,ERR,ERR,ERR,ERR,ERR,ERR,ERR,ERR,ERR,ERR,ERR,ERR,ERR,ERR,ERR,ERR,ERR,ERR,ERR,ERR,ERR,ERR,ERR,ERR,ERR,ERR,ERR,ERR,ERR,ERR,ERR,ERR,ERR,ERR,ERR,ERR,ERR,ERR,ERR,ERR,ERR,ERR,ERR,ERR,ERR,ERR,ERR,ERR,ERR,ERR,ERR,ERR,ERR,ERR,ERR,ERR,ERR,ERR,ERR,ERR,ERR,ERR,ERR,ERR,ERR,ERR,ERR,ERR,ERR,ERR,ERR,ERR,ERR,ERR,ERR,ERR,ERR,ERR,ERR,ERR,ERR,ERR,ERR,ERR,ERR,ERR,ERR,ERR,ERR,ERR,ERR,ERR,ERR,ERR,ERR,ERR,ERR,ERR,ERR,ERR,ERR,ERR,ERR,ERR,ERR,ERR,ERR,ERR,-107615288.0,-0.0,-134474944.0,0.0,0.0,1.3936040501711995e+18,7.805,0.0,0,0,4,0,8422,0.0,45,0.0,0.0,0.0,0.0,0.0,0,0,0,0,0.0,0,0,0,0,0,0,0,0,0,0,0,0,0,0,0,0,0,0,0,0,0,0,0,0,0,0,0,0,0,0,0,0,0,38,14,7,45,65476,0,300,0,0,8,21553,0.0,-107605600.0,0.0,0.0,0.0,0.0,0.0,0.0,0.0,0.0,0.0,0.0,0.0,0.0,0.0,0.0,0.0,0.0,0.0,0.0,0.0,0.0,-2.004,0.0,2.004,0.0,0.0,0.0,0.0,0.0,5047.0,2.422988192762658e+24,0.0,-107615288.0,-107615296.0,-0.0,0.0,0.0,0.0,0.0,0.0,53,-0.0,5.848056079300204e+35,0.0,0.0,0.0,0.0,0.0,0.0,0.0,0,0,0,0.0,0.0,0.0,0.0,0.0,0.0,0.0,0.0,0.0,0.0,0.0,0.0,0.0,0.0,0.0,0.0,0,-107875648.0,53,0.0,106,-107614832.0,-0.0,ERR,ERR,ERR,ERR,ERR,ERR,ERR,ERR,ERR,ERR,ERR,ERR,ERR,ERR,ERR,ERR,ERR,ERR,ERR,ERR,ERR,ERR,ERR,ERR,ERR,ERR,ERR,ERR,ERR,ERR,ERR,ERR,ERR,ERR,ERR,ERR,ERR,ERR,ERR,ERR,ERR,ERR,ERR,ERR,ERR,ERR,ERR,ERR,ERR,ERR,ERR,ERR,ERR,ERR,ERR,ERR,ERR,ERR,ERR,ERR,ERR,ERR,ERR,ERR,ERR,ERR,ERR,50.0,60.0,100,0.0,0.0,0.0,0.0,0.0,0.0,0.0,0.0,0.0,0.0,0.0,0.0,0.0,0.0,0.0,0.0,61.6,74,13,65511,50,65476,0,300,0,0,8,20529,65476,0,0,26214,60.0,0.0,0.0,0.0,0.0,0.0
2026-05-17T18:08:57,ERR,ERR,ERR,ERR,ERR,ERR,ERR,ERR,ERR,ERR,ERR,ERR,ERR,ERR,ERR,ERR,ERR,ERR,ERR,ERR,ERR,ERR,ERR,ERR,ERR,ERR,ERR,ERR,ERR,ERR,ERR,ERR,ERR,ERR,ERR,ERR,ERR,ERR,ERR,ERR,ERR,ERR,ERR,ERR,ERR,ERR,ERR,ERR,ERR,ERR,ERR,ERR,ERR,ERR,ERR,ERR,ERR,ERR,ERR,ERR,ERR,ERR,ERR,ERR,ERR,ERR,ERR,ERR,ERR,ERR,ERR,ERR,ERR,ERR,ERR,ERR,ERR,ERR,ERR,ERR,ERR,ERR,ERR,ERR,ERR,ERR,ERR,ERR,ERR,ERR,ERR,ERR,ERR,ERR,ERR,ERR,ERR,ERR,ERR,ERR,ERR,ERR,ERR,ERR,ERR,ERR,ERR,ERR,ERR,ERR,ERR,ERR,ERR,ERR,ERR,ERR,ERR,ERR,ERR,ERR,ERR,ERR,ERR,ERR,ERR,-107615288.0,-0.0,-134474944.0,0.0,0.0,1.3936040501711995e+18,7.805,0.0,0,0,4,0,8422,0.0,45,0.0,0.0,0.0,0.0,0.0,0,0,0,0,0.0,0,0,0,0,0,0,0,0,0,0,0,0,0,0,0,0,0,0,0,0,0,0,0,0,0,0,0,0,0,0,0,0,0,38,14,7,45,65476,0,300,0,0,8,21553,0.0,-107605600.0,0.0,0.0,0.0,0.0,0.0,0.0,0.0,0.0,0.0,0.0,0.0,0.0,0.0,0.0,0.0,0.0,0.0,0.0,0.0,0.0,-2.004,0.0,2.004,0.0,0.0,0.0,0.0,0.0,5047.0,2.422988192762658e+24,0.0,-107615288.0,-107615296.0,-0.0,0.0,0.0,0.0,0.0,0.0,53,-0.0,5.848056079300204e+35,0.0,0.0,0.0,0.0,0.0,0.0,0.0,0,0,0,0.0,0.0,0.0,0.0,0.0,0.0,0.0,0.0,0.0,0.0,0.0,0.0,0.0,0.0,0.0,0.0,0,-107875648.0,53,0.0,106,-107614832.0,-0.0,ERR,ERR,ERR,ERR,ERR,ERR,ERR,ERR,ERR,ERR,ERR,ERR,ERR,ERR,ERR,ERR,ERR,ERR,ERR,ERR,ERR,ERR,ERR,ERR,ERR,ERR,ERR,ERR,ERR,ERR,ERR,ERR,ERR,ERR,ERR,ERR,ERR,ERR,ERR,ERR,ERR,ERR,ERR,ERR,ERR,ERR,ERR,ERR,ERR,ERR,ERR,ERR,ERR,ERR,ERR,ERR,ERR,ERR,ERR,ERR,ERR,ERR,ERR,ERR,ERR,ERR,ERR,50.0,60.0,100,0.0,0.0,0.0,0.0,0.0,0.0,0.0,0.0,0.0,0.0,0.0,0.0,0.0,0.0,0.0,0.0,61.6,74,13,65511,50,65476,0,300,0,0,8,20529,65476,0,0,26214,60.0,0.0,0.0,0.0,0.0,0.0
2026-05-17T18:08:58,ERR,ERR,ERR,ERR,ERR,ERR,ERR,ERR,ERR,ERR,ERR,ERR,ERR,ERR,ERR,ERR,ERR,ERR,ERR,ERR,ERR,ERR,ERR,ERR,ERR,ERR,ERR,ERR,ERR,ERR,ERR,ERR,ERR,ERR,ERR,ERR,ERR,ERR,ERR,ERR,ERR,ERR,ERR,ERR,ERR,ERR,ERR,ERR,ERR,ERR,ERR,ERR,ERR,ERR,ERR,ERR,ERR,ERR,ERR,ERR,ERR,ERR,ERR,ERR,ERR,ERR,ERR,ERR,ERR,ERR,ERR,ERR,ERR,ERR,ERR,ERR,ERR,ERR,ERR,ERR,ERR,ERR,ERR,ERR,ERR,ERR,ERR,ERR,ERR,ERR,ERR,ERR,ERR,ERR,ERR,ERR,ERR,ERR,ERR,ERR,ERR,ERR,ERR,ERR,ERR,ERR,ERR,ERR,ERR,ERR,ERR,ERR,ERR,ERR,ERR,ERR,ERR,ERR,ERR,ERR,ERR,ERR,ERR,ERR,ERR,-107615288.0,-0.0,-134474944.0,0.0,0.0,1.3936040501711995e+18,7.805,0.0,0,0,4,0,8422,0.0,45,0.0,0.0,0.0,0.0,0.0,0,0,0,0,0.0,0,0,0,0,0,0,0,0,0,0,0,0,0,0,0,0,0,0,0,0,0,0,0,0,0,0,0,0,0,0,0,0,0,38,14,7,45,65476,0,300,0,0,8,21553,0.0,-107605600.0,0.0,0.0,0.0,0.0,0.0,0.0,0.0,0.0,0.0,0.0,0.0,0.0,0.0,0.0,0.0,0.0,0.0,0.0,0.0,0.0,-2.004,0.0,2.004,0.0,0.0,0.0,0.0,0.0,5047.0,2.422988192762658e+24,0.0,-107615288.0,-107615296.0,-0.0,0.0,0.0,0.0,0.0,0.0,53,-0.0,5.848056079300204e+35,0.0,0.0,0.0,0.0,0.0,0.0,0.0,0,0,0,0.0,0.0,0.0,0.0,0.0,0.0,0.0,0.0,0.0,0.0,0.0,0.0,0.0,0.0,0.0,0.0,0,-107875648.0,53,0.0,106,-107614832.0,-0.0,ERR,ERR,ERR,ERR,ERR,ERR,ERR,ERR,ERR,ERR,ERR,ERR,ERR,ERR,ERR,ERR,ERR,ERR,ERR,ERR,ERR,ERR,ERR,ERR,ERR,ERR,ERR,ERR,ERR,ERR,ERR,ERR,ERR,ERR,ERR,ERR,ERR,ERR,ERR,ERR,ERR,ERR,ERR,ERR,ERR,ERR,ERR,ERR,ERR,ERR,ERR,ERR,ERR,ERR,ERR,ERR,ERR,ERR,ERR,ERR,ERR,ERR,ERR,ERR,ERR,ERR,ERR,50.0,60.0,100,0.0,0.0,0.0,0.0,0.0,0.0,0.0,0.0,0.0,0.0,0.0,0.0,0.0,0.0,0.0,0.0,61.6,74,13,65511,50,65476,0,300,0,0,8,20529,65476,0,0,26214,60.0,0.0,0.0,0.0,0.0,0.0
2026-05-17T18:08:59,ERR,ERR,ERR,ERR,ERR,ERR,ERR,ERR,ERR,ERR,ERR,ERR,ERR,ERR,ERR,ERR,ERR,ERR,ERR,ERR,ERR,ERR,ERR,ERR,ERR,ERR,ERR,ERR,ERR,ERR,ERR,ERR,ERR,ERR,ERR,ERR,ERR,ERR,ERR,ERR,ERR,ERR,ERR,ERR,ERR,ERR,ERR,ERR,ERR,ERR,ERR,ERR,ERR,ERR,ERR,ERR,ERR,ERR,ERR,ERR,ERR,ERR,ERR,ERR,ERR,ERR,ERR,ERR,ERR,ERR,ERR,ERR,ERR,ERR,ERR,ERR,ERR,ERR,ERR,ERR,ERR,ERR,ERR,ERR,ERR,ERR,ERR,ERR,ERR,ERR,ERR,ERR,ERR,ERR,ERR,ERR,ERR,ERR,ERR,ERR,ERR,ERR,ERR,ERR,ERR,ERR,ERR,ERR,ERR,ERR,ERR,ERR,ERR,ERR,ERR,ERR,ERR,ERR,ERR,ERR,ERR,ERR,ERR,ERR,ERR,-107615288.0,-107615296.0,0.0,0.0,0.0,1.3936040501711995e+18,7.805,0.0,0,0,4,0,8422,0.0,45,0.0,0.0,0.0,0.0,0.0,0,0,0,0,0.0,0,0,0,0,0,0,0,0,0,0,0,0,0,0,0,0,0,0,0,0,0,0,0,0,0,0,0,0,0,0,0,0,0,38,14,7,45,65476,0,300,0,0,8,21553,0.0,-107605600.0,0.0,0.0,0.0,0.0,0.0,0.0,0.0,0.0,0.0,0.0,0.0,0.0,0.0,0.0,0.0,0.0,0.0,0.0,0.0,0.0,-2.004,0.0,-0.0,0.0,0.0,0.0,0.0,0.0,5052.0,-0.0,0.0,-107615288.0,-107615296.0,-0.0,0.0,0.0,0.0,0.0,0.0,53,-0.0,-71.629,0.0,0.0,0.0,0.0,0.0,0.0,0.0,0,0,0,0.0,0.0,0.0,0.0,0.0,0.0,0.0,0.0,0.0,0.0,0.0,0.0,0.0,0.0,0.0,0.0,0,-107875648.0,53,0.0,106,-107614832.0,-0.0,ERR,ERR,ERR,ERR,ERR,ERR,ERR,ERR,ERR,ERR,ERR,ERR,ERR,ERR,ERR,ERR,ERR,ERR,ERR,ERR,ERR,ERR,ERR,ERR,ERR,ERR,ERR,ERR,ERR,ERR,ERR,ERR,ERR,ERR,ERR,ERR,ERR,ERR,ERR,ERR,ERR,ERR,ERR,ERR,ERR,ERR,ERR,ERR,ERR,ERR,ERR,ERR,ERR,ERR,ERR,ERR,ERR,ERR,ERR,ERR,ERR,ERR,ERR,ERR,ERR,ERR,ERR,50.0,60.0,100,0.0,0.0,0.0,0.0,0.0,0.0,0.0,0.0,0.0,0.0,0.0,0.0,0.0,0.0,0.0,0.0,61.6,74,13,65511,50,65476,0,300,0,0,8,20529,65476,0,0,26214,60.0,0.0,0.0,0.0,0.0,0.0
2026-05-17T18:09:00,ERR,ERR,ERR,ERR,ERR,ERR,ERR,ERR,ERR,ERR,ERR,ERR,ERR,ERR,ERR,ERR,ERR,ERR,ERR,ERR,ERR,ERR,ERR,ERR,ERR,ERR,ERR,ERR,ERR,ERR,ERR,ERR,ERR,ERR,ERR,ERR,ERR,ERR,ERR,ERR,ERR,ERR,ERR,ERR,ERR,ERR,ERR,ERR,ERR,ERR,ERR,ERR,ERR,ERR,ERR,ERR,ERR,ERR,ERR,ERR,ERR,ERR,ERR,ERR,ERR,ERR,ERR,ERR,ERR,ERR,ERR,ERR,ERR,ERR,ERR,ERR,ERR,ERR,ERR,ERR,ERR,ERR,ERR,ERR,ERR,ERR,ERR,ERR,ERR,ERR,ERR,ERR,ERR,ERR,ERR,ERR,ERR,ERR,ERR,ERR,ERR,ERR,ERR,ERR,ERR,ERR,ERR,ERR,ERR,ERR,ERR,ERR,ERR,ERR,ERR,ERR,ERR,ERR,ERR,ERR,ERR,ERR,ERR,ERR,ERR,-107615288.0,-107615296.0,0.0,0.0,0.0,1.3936040501711995e+18,7.805,0.0,0,0,4,0,8422,0.0,45,0.0,0.0,0.0,0.0,0.0,0,0,0,0,0.0,0,0,0,0,0,0,0,0,0,0,0,0,0,0,0,0,0,0,0,0,0,0,0,0,0,0,0,0,0,0,0,0,0,38,14,7,45,65476,0,300,0,0,8,21553,0.0,-107605600.0,0.0,0.0,0.0,0.0,0.0,0.0,0.0,0.0,0.0,0.0,0.0,0.0,0.0,0.0,0.0,0.0,0.0,0.0,0.0,0.0,-2.004,0.0,-0.0,0.0,0.0,0.0,0.0,0.0,5052.0,-0.0,0.0,-107615288.0,-107615296.0,-0.0,0.0,0.0,0.0,0.0,0.0,53,-0.0,-71.629,0.0,0.0,0.0,0.0,0.0,0.0,0.0,0,0,0,0.0,0.0,0.0,0.0,0.0,0.0,0.0,0.0,0.0,0.0,0.0,0.0,0.0,0.0,0.0,0.0,0,-107875648.0,53,0.0,106,-107614832.0,-0.0,ERR,ERR,ERR,ERR,ERR,ERR,ERR,ERR,ERR,ERR,ERR,ERR,ERR,ERR,ERR,ERR,ERR,ERR,ERR,ERR,ERR,ERR,ERR,ERR,ERR,ERR,ERR,ERR,ERR,ERR,ERR,ERR,ERR,ERR,ERR,ERR,ERR,ERR,ERR,ERR,ERR,ERR,ERR,ERR,ERR,ERR,ERR,ERR,ERR,ERR,ERR,ERR,ERR,ERR,ERR,ERR,ERR,ERR,ERR,ERR,ERR,ERR,ERR,ERR,ERR,ERR,ERR,50.0,60.0,100,0.0,0.0,0.0,0.0,0.0,0.0,0.0,0.0,0.0,0.0,0.0,0.0,0.0,0.0,0.0,0.0,61.6,74,13,65511,50,65476,0,300,0,0,8,20529,65476,0,0,26214,60.0,0.0,0.0,0.0,0.0,0.0
2026-05-17T18:09:01,ERR,ERR,ERR,ERR,ERR,ERR,ERR,ERR,ERR,ERR,ERR,ERR,ERR,ERR,ERR,ERR,ERR,ERR,ERR,ERR,ERR,ERR,ERR,ERR,ERR,ERR,ERR,ERR,ERR,ERR,ERR,ERR,ERR,ERR,ERR,ERR,ERR,ERR,ERR,ERR,ERR,ERR,ERR,ERR,ERR,ERR,ERR,ERR,ERR,ERR,ERR,ERR,ERR,ERR,ERR,ERR,ERR,ERR,ERR,ERR,ERR,ERR,ERR,ERR,ERR,ERR,ERR,ERR,ERR,ERR,ERR,ERR,ERR,ERR,ERR,ERR,ERR,ERR,ERR,ERR,ERR,ERR,ERR,ERR,ERR,ERR,ERR,ERR,ERR,ERR,ERR,ERR,ERR,ERR,ERR,ERR,ERR,ERR,ERR,ERR,ERR,ERR,ERR,ERR,ERR,ERR,ERR,ERR,ERR,ERR,ERR,ERR,ERR,ERR,ERR,ERR,ERR,ERR,ERR,ERR,ERR,ERR,ERR,ERR,ERR,-107615288.0,-107615296.0,0.0,0.0,0.0,1.3936040501711995e+18,7.805,0.0,0,0,4,0,8422,0.0,45,0.0,0.0,0.0,0.0,0.0,0,0,0,0,0.0,0,0,0,0,0,0,0,0,0,0,0,0,0,0,0,0,0,0,0,0,0,0,0,0,0,0,0,0,0,0,0,0,0,38,14,7,45,65476,0,300,0,0,8,21553,0.0,-107605600.0,0.0,0.0,0.0,0.0,0.0,0.0,0.0,0.0,0.0,0.0,0.0,0.0,0.0,0.0,0.0,0.0,0.0,0.0,0.0,0.0,-2.004,0.0,-0.0,0.0,0.0,0.0,0.0,0.0,5052.0,-0.0,0.0,-107615288.0,-107615296.0,-0.0,0.0,0.0,0.0,0.0,0.0,53,-0.0,-71.629,0.0,0.0,0.0,0.0,0.0,0.0,0.0,0,0,0,0.0,0.0,0.0,0.0,0.0,0.0,0.0,0.0,0.0,0.0,0.0,0.0,0.0,0.0,0.0,0.0,0,-107875648.0,53,0.0,106,-107614832.0,-0.0,ERR,ERR,ERR,ERR,ERR,ERR,ERR,ERR,ERR,ERR,ERR,ERR,ERR,ERR,ERR,ERR,ERR,ERR,ERR,ERR,ERR,ERR,ERR,ERR,ERR,ERR,ERR,ERR,ERR,ERR,ERR,ERR,ERR,ERR,ERR,ERR,ERR,ERR,ERR,ERR,ERR,ERR,ERR,ERR,ERR,ERR,ERR,ERR,ERR,ERR,ERR,ERR,ERR,ERR,ERR,ERR,ERR,ERR,ERR,ERR,ERR,ERR,ERR,ERR,ERR,ERR,ERR,50.0,60.0,100,0.0,0.0,0.0,0.0,0.0,0.0,0.0,0.0,0.0,0.0,0.0,0.0,0.0,0.0,0.0,0.0,61.6,74,13,65511,50,65476,0,300,0,0,8,20529,65476,0,0,26214,60.0,0.0,0.0,0.0,0.0,0.0
2026-05-17T18:09:02,ERR,ERR,ERR,ERR,ERR,ERR,ERR,ERR,ERR,ERR,ERR,ERR,ERR,ERR,ERR,ERR,ERR,ERR,ERR,ERR,ERR,ERR,ERR,ERR,ERR,ERR,ERR,ERR,ERR,ERR,ERR,ERR,ERR,ERR,ERR,ERR,ERR,ERR,ERR,ERR,ERR,ERR,ERR,ERR,ERR,ERR,ERR,ERR,ERR,ERR,ERR,ERR,ERR,ERR,ERR,ERR,ERR,ERR,ERR,ERR,ERR,ERR,ERR,ERR,ERR,ERR,ERR,ERR,ERR,ERR,ERR,ERR,ERR,ERR,ERR,ERR,ERR,ERR,ERR,ERR,ERR,ERR,ERR,ERR,ERR,ERR,ERR,ERR,ERR,ERR,ERR,ERR,ERR,ERR,ERR,ERR,ERR,ERR,ERR,ERR,ERR,ERR,ERR,ERR,ERR,ERR,ERR,ERR,ERR,ERR,ERR,ERR,ERR,ERR,ERR,ERR,ERR,ERR,ERR,ERR,ERR,ERR,ERR,ERR,ERR,-107615288.0,-107615296.0,0.0,0.0,0.0,1.3936040501711995e+18,7.805,0.0,0,0,4,0,8422,0.0,45,0.0,0.0,0.0,0.0,0.0,0,0,0,0,0.0,0,0,0,0,0,0,0,0,0,0,0,0,0,0,0,0,0,0,0,0,0,0,0,0,0,0,0,0,0,0,0,0,0,38,14,7,45,65476,0,300,0,0,8,21553,0.0,-107605600.0,0.0,0.0,0.0,0.0,0.0,0.0,0.0,0.0,0.0,0.0,0.0,0.0,0.0,0.0,0.0,0.0,0.0,0.0,0.0,0.0,-2.004,0.0,-0.0,0.0,0.0,0.0,0.0,0.0,5052.0,-0.0,0.0,-107615288.0,-107615296.0,-0.0,0.0,0.0,0.0,0.0,0.0,53,-0.0,-71.629,0.0,0.0,0.0,0.0,0.0,0.0,0.0,0,0,0,0.0,0.0,0.0,0.0,0.0,0.0,0.0,0.0,0.0,0.0,0.0,0.0,0.0,0.0,0.0,0.0,0,-107875648.0,53,0.0,106,-107614832.0,-0.0,ERR,ERR,ERR,ERR,ERR,ERR,ERR,ERR,ERR,ERR,ERR,ERR,ERR,ERR,ERR,ERR,ERR,ERR,ERR,ERR,ERR,ERR,ERR,ERR,ERR,ERR,ERR,ERR,ERR,ERR,ERR,ERR,ERR,ERR,ERR,ERR,ERR,ERR,ERR,ERR,ERR,ERR,ERR,ERR,ERR,ERR,ERR,ERR,ERR,ERR,ERR,ERR,ERR,ERR,ERR,ERR,ERR,ERR,ERR,ERR,ERR,ERR,ERR,ERR,ERR,ERR,ERR,50.0,60.0,100,0.0,0.0,0.0,0.0,0.0,0.0,0.0,0.0,0.0,0.0,0.0,0.0,0.0,0.0,0.0,0.0,61.6,74,13,65511,50,65476,0,300,0,0,8,20529,65476,0,0,26214,60.0,0.0,0.0,0.0,0.0,0.0
2026-05-17T18:09:03,ERR,ERR,ERR,ERR,ERR,ERR,ERR,ERR,ERR,ERR,ERR,ERR,ERR,ERR,ERR,ERR,ERR,ERR,ERR,ERR,ERR,ERR,ERR,ERR,ERR,ERR,ERR,ERR,ERR,ERR,ERR,ERR,ERR,ERR,ERR,ERR,ERR,ERR,ERR,ERR,ERR,ERR,ERR,ERR,ERR,ERR,ERR,ERR,ERR,ERR,ERR,ERR,ERR,ERR,ERR,ERR,ERR,ERR,ERR,ERR,ERR,ERR,ERR,ERR,ERR,ERR,ERR,ERR,ERR,ERR,ERR,ERR,ERR,ERR,ERR,ERR,ERR,ERR,ERR,ERR,ERR,ERR,ERR,ERR,ERR,ERR,ERR,ERR,ERR,ERR,ERR,ERR,ERR,ERR,ERR,ERR,ERR,ERR,ERR,ERR,ERR,ERR,ERR,ERR,ERR,ERR,ERR,ERR,ERR,ERR,ERR,ERR,ERR,ERR,ERR,ERR,ERR,ERR,ERR,ERR,ERR,ERR,ERR,ERR,ERR,-107615288.0,-107615296.0,0.0,0.0,0.0,1.3936040501711995e+18,7.805,0.0,0,0,4,0,8422,0.0,45,0.0,0.0,0.0,0.0,0.0,0,0,0,0,0.0,0,0,0,0,0,0,0,0,0,0,0,0,0,0,0,0,0,0,0,0,0,0,0,0,0,0,0,0,0,0,0,0,0,38,14,7,45,65476,0,300,0,0,8,21553,0.0,-107605600.0,0.0,0.0,0.0,0.0,0.0,0.0,0.0,0.0,0.0,0.0,0.0,0.0,0.0,0.0,0.0,0.0,0.0,0.0,0.0,0.0,-2.004,0.0,-0.0,0.0,0.0,0.0,0.0,0.0,5052.0,-0.0,0.0,-107615288.0,-107615296.0,-0.0,0.0,0.0,0.0,0.0,0.0,53,-0.0,-71.629,0.0,0.0,0.0,0.0,0.0,0.0,0.0,0,0,0,0.0,0.0,0.0,0.0,0.0,0.0,0.0,0.0,0.0,0.0,0.0,0.0,0.0,0.0,0.0,0.0,0,-107875648.0,53,0.0,106,-107614832.0,-0.0,ERR,ERR,ERR,ERR,ERR,ERR,ERR,ERR,ERR,ERR,ERR,ERR,ERR,ERR,ERR,ERR,ERR,ERR,ERR,ERR,ERR,ERR,ERR,ERR,ERR,ERR,ERR,ERR,ERR,ERR,ERR,ERR,ERR,ERR,ERR,ERR,ERR,ERR,ERR,ERR,ERR,ERR,ERR,ERR,ERR,ERR,ERR,ERR,ERR,ERR,ERR,ERR,ERR,ERR,ERR,ERR,ERR,ERR,ERR,ERR,ERR,ERR,ERR,ERR,ERR,ERR,ERR,50.0,60.0,100,0.0,0.0,0.0,0.0,0.0,0.0,0.0,0.0,0.0,0.0,0.0,0.0,0.0,0.0,0.0,0.0,61.6,74,13,65511,50,65476,0,300,0,0,8,20529,65476,0,0,26214,60.0,0.0,0.0,0.0,0.0,0.0
2026-05-17T18:09:04,ERR,ERR,ERR,ERR,ERR,ERR,ERR,ERR,ERR,ERR,ERR,ERR,ERR,ERR,ERR,ERR,ERR,ERR,ERR,ERR,ERR,ERR,ERR,ERR,ERR,ERR,ERR,ERR,ERR,ERR,ERR,ERR,ERR,ERR,ERR,ERR,ERR,ERR,ERR,ERR,ERR,ERR,ERR,ERR,ERR,ERR,ERR,ERR,ERR,ERR,ERR,ERR,ERR,ERR,ERR,ERR,ERR,ERR,ERR,ERR,ERR,ERR,ERR,ERR,ERR,ERR,ERR,ERR,ERR,ERR,ERR,ERR,ERR,ERR,ERR,ERR,ERR,ERR,ERR,ERR,ERR,ERR,ERR,ERR,ERR,ERR,ERR,ERR,ERR,ERR,ERR,ERR,ERR,ERR,ERR,ERR,ERR,ERR,ERR,ERR,ERR,ERR,ERR,ERR,ERR,ERR,ERR,ERR,ERR,ERR,ERR,ERR,ERR,ERR,ERR,ERR,ERR,ERR,ERR,ERR,ERR,ERR,ERR,ERR,ERR,-107615288.0,-107615296.0,0.0,0.0,0.0,1.3936040501711995e+18,7.805,0.0,0,0,4,0,8422,0.0,45,0.0,0.0,0.0,0.0,0.0,0,0,0,0,0.0,0,0,0,0,0,0,0,0,0,0,0,0,0,0,0,0,0,0,0,0,0,0,0,0,0,0,0,0,0,0,0,0,0,38,14,7,45,65476,0,300,0,0,8,21553,0.0,-107605600.0,0.0,0.0,0.0,0.0,0.0,0.0,0.0,0.0,0.0,0.0,0.0,0.0,0.0,0.0,0.0,0.0,0.0,0.0,0.0,0.0,-2.004,0.0,2.004,0.0,0.0,0.0,0.0,0.0,5051.0,-1.040665504650976e+34,0.0,-107615288.0,-107615296.0,-107615280.0,2.718429300292151e+23,0.0,0.0,0.0,0.0,53,-0.0,89220.578,0.0,0.0,0.0,0.0,0.0,0.0,0.0,0,0,0,0.0,0.0,0.0,0.0,0.0,0.0,0.0,0.0,0.0,0.0,0.0,0.0,0.0,0.0,0.0,0.0,0,-107875648.0,53,0.0,106,-107614832.0,0.0,ERR,ERR,ERR,ERR,ERR,ERR,ERR,ERR,ERR,ERR,ERR,ERR,ERR,ERR,ERR,ERR,ERR,ERR,ERR,ERR,ERR,ERR,ERR,ERR,ERR,ERR,ERR,ERR,ERR,ERR,ERR,ERR,ERR,ERR,ERR,ERR,ERR,ERR,ERR,ERR,ERR,ERR,ERR,ERR,ERR,ERR,ERR,ERR,ERR,ERR,ERR,ERR,ERR,ERR,ERR,ERR,ERR,ERR,ERR,ERR,ERR,ERR,ERR,ERR,ERR,ERR,ERR,50.0,60.0,100,0.0,0.0,0.0,0.0,0.0,0.0,0.0,0.0,0.0,0.0,0.0,0.0,0.0,0.0,0.0,0.0,62.0,74,13,65511,50,65476,0,300,0,0,8,20529,65476,0,0,26214,60.0,0.0,0.0,0.0,0.0,0.0
2026-05-17T18:09:05,ERR,ERR,ERR,ERR,ERR,ERR,ERR,ERR,ERR,ERR,ERR,ERR,ERR,ERR,ERR,ERR,ERR,ERR,ERR,ERR,ERR,ERR,ERR,ERR,ERR,ERR,ERR,ERR,ERR,ERR,ERR,ERR,ERR,ERR,ERR,ERR,ERR,ERR,ERR,ERR,ERR,ERR,ERR,ERR,ERR,ERR,ERR,ERR,ERR,ERR,ERR,ERR,ERR,ERR,ERR,ERR,ERR,ERR,ERR,ERR,ERR,ERR,ERR,ERR,ERR,ERR,ERR,ERR,ERR,ERR,ERR,ERR,ERR,ERR,ERR,ERR,ERR,ERR,ERR,ERR,ERR,ERR,ERR,ERR,ERR,ERR,ERR,ERR,ERR,ERR,ERR,ERR,ERR,ERR,ERR,ERR,ERR,ERR,ERR,ERR,ERR,ERR,ERR,ERR,ERR,ERR,ERR,ERR,ERR,ERR,ERR,ERR,ERR,ERR,ERR,ERR,ERR,ERR,ERR,ERR,ERR,ERR,ERR,ERR,ERR,-107615288.0,-107615296.0,0.0,0.0,0.0,1.3936040501711995e+18,7.805,0.0,0,0,4,0,8422,0.0,45,0.0,0.0,0.0,0.0,0.0,0,0,0,0,0.0,0,0,0,0,0,0,0,0,0,0,0,0,0,0,0,0,0,0,0,0,0,0,0,0,0,0,0,0,0,0,0,0,0,38,14,7,45,65476,0,300,0,0,8,21553,0.0,-107605600.0,0.0,0.0,0.0,0.0,0.0,0.0,0.0,0.0,0.0,0.0,0.0,0.0,0.0,0.0,0.0,0.0,0.0,0.0,0.0,0.0,-2.004,0.0,2.004,0.0,0.0,0.0,0.0,0.0,5051.0,-1.040665504650976e+34,0.0,-107615288.0,-107615296.0,-107615280.0,2.718429300292151e+23,0.0,0.0,0.0,0.0,53,-0.0,89220.578,0.0,0.0,0.0,0.0,0.0,0.0,0.0,0,0,0,0.0,0.0,0.0,0.0,0.0,0.0,0.0,0.0,0.0,0.0,0.0,0.0,0.0,0.0,0.0,0.0,0,-107875648.0,53,0.0,106,-107614832.0,0.0,ERR,ERR,ERR,ERR,ERR,ERR,ERR,ERR,ERR,ERR,ERR,ERR,ERR,ERR,ERR,ERR,ERR,ERR,ERR,ERR,ERR,ERR,ERR,ERR,ERR,ERR,ERR,ERR,ERR,ERR,ERR,ERR,ERR,ERR,ERR,ERR,ERR,ERR,ERR,ERR,ERR,ERR,ERR,ERR,ERR,ERR,ERR,ERR,ERR,ERR,ERR,ERR,ERR,ERR,ERR,ERR,ERR,ERR,ERR,ERR,ERR,ERR,ERR,ERR,ERR,ERR,ERR,50.0,60.0,100,0.0,0.0,0.0,0.0,0.0,0.0,0.0,0.0,0.0,0.0,0.0,0.0,0.0,0.0,0.0,0.0,62.0,74,13,65511,50,65476,0,300,0,0,8,20529,65476,0,0,26214,60.0,0.0,0.0,0.0,0.0,0.0
2026-05-17T18:09:06,ERR,ERR,ERR,ERR,ERR,ERR,ERR,ERR,ERR,ERR,ERR,ERR,ERR,ERR,ERR,ERR,ERR,ERR,ERR,ERR,ERR,ERR,ERR,ERR,ERR,ERR,ERR,ERR,ERR,ERR,ERR,ERR,ERR,ERR,ERR,ERR,ERR,ERR,ERR,ERR,ERR,ERR,ERR,ERR,ERR,ERR,ERR,ERR,ERR,ERR,ERR,ERR,ERR,ERR,ERR,ERR,ERR,ERR,ERR,ERR,ERR,ERR,ERR,ERR,ERR,ERR,ERR,ERR,ERR,ERR,ERR,ERR,ERR,ERR,ERR,ERR,ERR,ERR,ERR,ERR,ERR,ERR,ERR,ERR,ERR,ERR,ERR,ERR,ERR,ERR,ERR,ERR,ERR,ERR,ERR,ERR,ERR,ERR,ERR,ERR,ERR,ERR,ERR,ERR,ERR,ERR,ERR,ERR,ERR,ERR,ERR,ERR,ERR,ERR,ERR,ERR,ERR,ERR,ERR,ERR,ERR,ERR,ERR,ERR,ERR,-107615288.0,-107615296.0,0.0,0.0,0.0,1.3936040501711995e+18,7.805,0.0,0,0,4,0,8422,0.0,45,0.0,0.0,0.0,0.0,0.0,0,0,0,0,0.0,0,0,0,0,0,0,0,0,0,0,0,0,0,0,0,0,0,0,0,0,0,0,0,0,0,0,0,0,0,0,0,0,0,38,14,7,45,65476,0,300,0,0,8,21553,0.0,-107605600.0,0.0,0.0,0.0,0.0,0.0,0.0,0.0,0.0,0.0,0.0,0.0,0.0,0.0,0.0,0.0,0.0,0.0,0.0,0.0,0.0,-2.004,0.0,2.004,0.0,0.0,0.0,0.0,0.0,5051.0,-1.040665504650976e+34,0.0,-107615288.0,-107615296.0,-107615280.0,2.718429300292151e+23,0.0,0.0,0.0,0.0,53,-0.0,89220.578,0.0,0.0,0.0,0.0,0.0,0.0,0.0,0,0,0,0.0,0.0,0.0,0.0,0.0,0.0,0.0,0.0,0.0,0.0,0.0,0.0,0.0,0.0,0.0,0.0,0,-107875648.0,53,0.0,106,-107614832.0,0.0,ERR,ERR,ERR,ERR,ERR,ERR,ERR,ERR,ERR,ERR,ERR,ERR,ERR,ERR,ERR,ERR,ERR,ERR,ERR,ERR,ERR,ERR,ERR,ERR,ERR,ERR,ERR,ERR,ERR,ERR,ERR,ERR,ERR,ERR,ERR,ERR,ERR,ERR,ERR,ERR,ERR,ERR,ERR,ERR,ERR,ERR,ERR,ERR,ERR,ERR,ERR,ERR,ERR,ERR,ERR,ERR,ERR,ERR,ERR,ERR,ERR,ERR,ERR,ERR,ERR,ERR,ERR,50.0,60.0,100,0.0,0.0,0.0,0.0,0.0,0.0,0.0,0.0,0.0,0.0,0.0,0.0,0.0,0.0,0.0,0.0,62.0,74,13,65511,50,65476,0,300,0,0,8,20529,65476,0,0,26214,60.0,0.0,0.0,0.0,0.0,0.0
2026-05-17T18:09:07,ERR,ERR,ERR,ERR,ERR,ERR,ERR,ERR,ERR,ERR,ERR,ERR,ERR,ERR,ERR,ERR,ERR,ERR,ERR,ERR,ERR,ERR,ERR,ERR,ERR,ERR,ERR,ERR,ERR,ERR,ERR,ERR,ERR,ERR,ERR,ERR,ERR,ERR,ERR,ERR,ERR,ERR,ERR,ERR,ERR,ERR,ERR,ERR,ERR,ERR,ERR,ERR,ERR,ERR,ERR,ERR,ERR,ERR,ERR,ERR,ERR,ERR,ERR,ERR,ERR,ERR,ERR,ERR,ERR,ERR,ERR,ERR,ERR,ERR,ERR,ERR,ERR,ERR,ERR,ERR,ERR,ERR,ERR,ERR,ERR,ERR,ERR,ERR,ERR,ERR,ERR,ERR,ERR,ERR,ERR,ERR,ERR,ERR,ERR,ERR,ERR,ERR,ERR,ERR,ERR,ERR,ERR,ERR,ERR,ERR,ERR,ERR,ERR,ERR,ERR,ERR,ERR,ERR,ERR,ERR,ERR,ERR,ERR,ERR,ERR,-107615288.0,-107615296.0,0.0,0.0,0.0,1.3936040501711995e+18,7.805,0.0,0,0,4,0,8422,0.0,45,0.0,0.0,0.0,0.0,0.0,0,0,0,0,0.0,0,0,0,0,0,0,0,0,0,0,0,0,0,0,0,0,0,0,0,0,0,0,0,0,0,0,0,0,0,0,0,0,0,38,14,7,45,65476,0,300,0,0,8,21553,0.0,-107605600.0,0.0,0.0,0.0,0.0,0.0,0.0,0.0,0.0,0.0,0.0,0.0,0.0,0.0,0.0,0.0,0.0,0.0,0.0,0.0,0.0,-2.004,0.0,2.004,0.0,0.0,0.0,0.0,0.0,5051.0,-1.040665504650976e+34,0.0,-107615288.0,-107615296.0,-107615280.0,2.718429300292151e+23,0.0,0.0,0.0,0.0,53,-0.0,89220.578,0.0,0.0,0.0,0.0,0.0,0.0,0.0,0,0,0,0.0,0.0,0.0,0.0,0.0,0.0,0.0,0.0,0.0,0.0,0.0,0.0,0.0,0.0,0.0,0.0,0,-107875648.0,53,0.0,106,-107614832.0,0.0,ERR,ERR,ERR,ERR,ERR,ERR,ERR,ERR,ERR,ERR,ERR,ERR,ERR,ERR,ERR,ERR,ERR,ERR,ERR,ERR,ERR,ERR,ERR,ERR,ERR,ERR,ERR,ERR,ERR,ERR,ERR,ERR,ERR,ERR,ERR,ERR,ERR,ERR,ERR,ERR,ERR,ERR,ERR,ERR,ERR,ERR,ERR,ERR,ERR,ERR,ERR,ERR,ERR,ERR,ERR,ERR,ERR,ERR,ERR,ERR,ERR,ERR,ERR,ERR,ERR,ERR,ERR,50.0,60.0,100,0.0,0.0,0.0,0.0,0.0,0.0,0.0,0.0,0.0,0.0,0.0,0.0,0.0,0.0,0.0,0.0,62.0,74,13,65511,50,65476,0,300,0,0,8,20529,65476,0,0,26214,60.0,0.0,0.0,0.0,0.0,0.0
2026-05-17T18:09:08,ERR,ERR,ERR,ERR,ERR,ERR,ERR,ERR,ERR,ERR,ERR,ERR,ERR,ERR,ERR,ERR,ERR,ERR,ERR,ERR,ERR,ERR,ERR,ERR,ERR,ERR,ERR,ERR,ERR,ERR,ERR,ERR,ERR,ERR,ERR,ERR,ERR,ERR,ERR,ERR,ERR,ERR,ERR,ERR,ERR,ERR,ERR,ERR,ERR,ERR,ERR,ERR,ERR,ERR,ERR,ERR,ERR,ERR,ERR,ERR,ERR,ERR,ERR,ERR,ERR,ERR,ERR,ERR,ERR,ERR,ERR,ERR,ERR,ERR,ERR,ERR,ERR,ERR,ERR,ERR,ERR,ERR,ERR,ERR,ERR,ERR,ERR,ERR,ERR,ERR,ERR,ERR,ERR,ERR,ERR,ERR,ERR,ERR,ERR,ERR,ERR,ERR,ERR,ERR,ERR,ERR,ERR,ERR,ERR,ERR,ERR,ERR,ERR,ERR,ERR,ERR,ERR,ERR,ERR,ERR,ERR,ERR,ERR,ERR,ERR,-107615288.0,-107615296.0,0.0,0.0,0.0,1.3936040501711995e+18,7.805,0.0,0,0,4,0,8422,0.0,45,0.0,0.0,0.0,0.0,0.0,0,0,0,0,0.0,0,0,0,0,0,0,0,0,0,0,0,0,0,0,0,0,0,0,0,0,0,0,0,0,0,0,0,0,0,0,0,0,0,38,14,7,45,65476,0,300,0,0,8,21553,0.0,-107605600.0,0.0,0.0,0.0,0.0,0.0,0.0,0.0,0.0,0.0,0.0,0.0,0.0,0.0,0.0,0.0,0.0,0.0,0.0,0.0,0.0,-2.004,0.0,2.004,0.0,0.0,0.0,0.0,0.0,5051.0,-1.040665504650976e+34,0.0,-107615288.0,-107615296.0,-107615280.0,2.718429300292151e+23,0.0,0.0,0.0,0.0,53,-0.0,89220.578,0.0,0.0,0.0,0.0,0.0,0.0,0.0,0,0,0,0.0,0.0,0.0,0.0,0.0,0.0,0.0,0.0,0.0,0.0,0.0,0.0,0.0,0.0,0.0,0.0,0,-107875648.0,53,0.0,106,-107614832.0,0.0,ERR,ERR,ERR,ERR,ERR,ERR,ERR,ERR,ERR,ERR,ERR,ERR,ERR,ERR,ERR,ERR,ERR,ERR,ERR,ERR,ERR,ERR,ERR,ERR,ERR,ERR,ERR,ERR,ERR,ERR,ERR,ERR,ERR,ERR,ERR,ERR,ERR,ERR,ERR,ERR,ERR,ERR,ERR,ERR,ERR,ERR,ERR,ERR,ERR,ERR,ERR,ERR,ERR,ERR,ERR,ERR,ERR,ERR,ERR,ERR,ERR,ERR,ERR,ERR,ERR,ERR,ERR,50.0,60.0,100,0.0,0.0,0.0,0.0,0.0,0.0,0.0,0.0,0.0,0.0,0.0,0.0,0.0,0.0,0.0,0.0,61.6,74,13,65511,50,65476,0,300,0,0,8,20529,65476,0,0,26214,60.0,0.0,0.0,0.0,0.0,0.0
2026-05-17T18:09:09,ERR,ERR,ERR,ERR,ERR,ERR,ERR,ERR,ERR,ERR,ERR,ERR,ERR,ERR,ERR,ERR,ERR,ERR,ERR,ERR,ERR,ERR,ERR,ERR,ERR,ERR,ERR,ERR,ERR,ERR,ERR,ERR,ERR,ERR,ERR,ERR,ERR,ERR,ERR,ERR,ERR,ERR,ERR,ERR,ERR,ERR,ERR,ERR,ERR,ERR,ERR,ERR,ERR,ERR,ERR,ERR,ERR,ERR,ERR,ERR,ERR,ERR,ERR,ERR,ERR,ERR,ERR,ERR,ERR,ERR,ERR,ERR,ERR,ERR,ERR,ERR,ERR,ERR,ERR,ERR,ERR,ERR,ERR,ERR,ERR,ERR,ERR,ERR,ERR,ERR,ERR,ERR,ERR,ERR,ERR,ERR,ERR,ERR,ERR,ERR,ERR,ERR,ERR,ERR,ERR,ERR,ERR,ERR,ERR,ERR,ERR,ERR,ERR,ERR,ERR,ERR,ERR,ERR,ERR,ERR,ERR,ERR,ERR,ERR,ERR,-107615288.0,-107615296.0,0.0,0.0,0.0,1.3936040501711995e+18,7.805,0.0,0,0,4,0,8422,0.0,45,0.0,0.0,0.0,0.0,0.0,0,0,0,0,0.0,0,0,0,0,0,0,0,0,0,0,0,0,0,0,0,0,0,0,0,0,0,0,0,0,0,0,0,0,0,0,0,0,0,38,14,7,45,65476,0,300,0,0,8,21553,0.0,-107605600.0,0.0,0.0,0.0,0.0,0.0,0.0,0.0,0.0,0.0,0.0,0.0,0.0,0.0,0.0,0.0,0.0,0.0,0.0,0.0,0.0,-2.004,0.0,-0.0,0.0,0.0,0.0,0.0,0.0,5050.0,-1.5879295420089355e+29,0.0,-107615288.0,-107615296.0,-107615280.0,0.0,0.0,0.0,0.0,0.0,53,-0.0,0.0,0.0,0.0,0.0,0.0,0.0,0.0,0.0,0,0,0,0.0,0.0,0.0,0.0,0.0,0.0,0.0,0.0,0.0,0.0,0.0,0.0,0.0,0.0,0.0,0.0,0,-107875648.0,53,0.0,106,-107614832.0,-0.0,ERR,ERR,ERR,ERR,ERR,ERR,ERR,ERR,ERR,ERR,ERR,ERR,ERR,ERR,ERR,ERR,ERR,ERR,ERR,ERR,ERR,ERR,ERR,ERR,ERR,ERR,ERR,ERR,ERR,ERR,ERR,ERR,ERR,ERR,ERR,ERR,ERR,ERR,ERR,ERR,ERR,ERR,ERR,ERR,ERR,ERR,ERR,ERR,ERR,ERR,ERR,ERR,ERR,ERR,ERR,ERR,ERR,ERR,ERR,ERR,ERR,ERR,ERR,ERR,ERR,ERR,ERR,50.0,60.0,100,0.0,0.0,0.0,0.0,0.0,0.0,0.0,0.0,0.0,0.0,0.0,0.0,0.0,0.0,0.0,0.0,61.6,74,13,65511,50,65476,0,300,0,0,8,20529,65476,0,0,26214,60.0,0.0,0.0,0.0,0.0,0.0
2026-05-17T18:09:10,ERR,ERR,ERR,ERR,ERR,ERR,ERR,ERR,ERR,ERR,ERR,ERR,ERR,ERR,ERR,ERR,ERR,ERR,ERR,ERR,ERR,ERR,ERR,ERR,ERR,ERR,ERR,ERR,ERR,ERR,ERR,ERR,ERR,ERR,ERR,ERR,ERR,ERR,ERR,ERR,ERR,ERR,ERR,ERR,ERR,ERR,ERR,ERR,ERR,ERR,ERR,ERR,ERR,ERR,ERR,ERR,ERR,ERR,ERR,ERR,ERR,ERR,ERR,ERR,ERR,ERR,ERR,ERR,ERR,ERR,ERR,ERR,ERR,ERR,ERR,ERR,ERR,ERR,ERR,ERR,ERR,ERR,ERR,ERR,ERR,ERR,ERR,ERR,ERR,ERR,ERR,ERR,ERR,ERR,ERR,ERR,ERR,ERR,ERR,ERR,ERR,ERR,ERR,ERR,ERR,ERR,ERR,ERR,ERR,ERR,ERR,ERR,ERR,ERR,ERR,ERR,ERR,ERR,ERR,ERR,ERR,ERR,ERR,ERR,ERR,-107615288.0,-107615296.0,0.0,0.0,0.0,1.3936040501711995e+18,7.805,0.0,0,0,4,0,8422,0.0,45,0.0,0.0,0.0,0.0,0.0,0,0,0,0,0.0,0,0,0,0,0,0,0,0,0,0,0,0,0,0,0,0,0,0,0,0,0,0,0,0,0,0,0,0,0,0,0,0,0,38,14,7,45,65476,0,300,0,0,8,21553,0.0,-107605600.0,0.0,0.0,0.0,0.0,0.0,0.0,0.0,0.0,0.0,0.0,0.0,0.0,0.0,0.0,0.0,0.0,0.0,0.0,0.0,0.0,-2.004,0.0,-0.0,0.0,0.0,0.0,0.0,0.0,5050.0,-1.5879295420089355e+29,0.0,-107615288.0,-107615296.0,-107615280.0,0.0,0.0,0.0,0.0,0.0,53,-0.0,0.0,0.0,0.0,0.0,0.0,0.0,0.0,0.0,0,0,0,0.0,0.0,0.0,0.0,0.0,0.0,0.0,0.0,0.0,0.0,0.0,0.0,0.0,0.0,0.0,0.0,0,-107875648.0,53,0.0,106,-107614832.0,-0.0,ERR,ERR,ERR,ERR,ERR,ERR,ERR,ERR,ERR,ERR,ERR,ERR,ERR,ERR,ERR,ERR,ERR,ERR,ERR,ERR,ERR,ERR,ERR,ERR,ERR,ERR,ERR,ERR,ERR,ERR,ERR,ERR,ERR,ERR,ERR,ERR,ERR,ERR,ERR,ERR,ERR,ERR,ERR,ERR,ERR,ERR,ERR,ERR,ERR,ERR,ERR,ERR,ERR,ERR,ERR,ERR,ERR,ERR,ERR,ERR,ERR,ERR,ERR,ERR,ERR,ERR,ERR,50.0,60.0,100,0.0,0.0,0.0,0.0,0.0,0.0,0.0,0.0,0.0,0.0,0.0,0.0,0.0,0.0,0.0,0.0,62.0,74,13,65511,50,65476,0,300,0,0,8,20529,65476,0,0,26214,60.0,0.0,0.0,0.0,0.0,0.0
2026-05-17T18:09:11,ERR,ERR,ERR,ERR,ERR,ERR,ERR,ERR,ERR,ERR,ERR,ERR,ERR,ERR,ERR,ERR,ERR,ERR,ERR,ERR,ERR,ERR,ERR,ERR,ERR,ERR,ERR,ERR,ERR,ERR,ERR,ERR,ERR,ERR,ERR,ERR,ERR,ERR,ERR,ERR,ERR,ERR,ERR,ERR,ERR,ERR,ERR,ERR,ERR,ERR,ERR,ERR,ERR,ERR,ERR,ERR,ERR,ERR,ERR,ERR,ERR,ERR,ERR,ERR,ERR,ERR,ERR,ERR,ERR,ERR,ERR,ERR,ERR,ERR,ERR,ERR,ERR,ERR,ERR,ERR,ERR,ERR,ERR,ERR,ERR,ERR,ERR,ERR,ERR,ERR,ERR,ERR,ERR,ERR,ERR,ERR,ERR,ERR,ERR,ERR,ERR,ERR,ERR,ERR,ERR,ERR,ERR,ERR,ERR,ERR,ERR,ERR,ERR,ERR,ERR,ERR,ERR,ERR,ERR,ERR,ERR,ERR,ERR,ERR,ERR,-107615288.0,-107615296.0,0.0,0.0,0.0,1.3936040501711995e+18,7.805,0.0,0,0,4,0,8422,0.0,45,0.0,0.0,0.0,0.0,0.0,0,0,0,0,0.0,0,0,0,0,0,0,0,0,0,0,0,0,0,0,0,0,0,0,0,0,0,0,0,0,0,0,0,0,0,0,0,0,0,38,14,7,45,65476,0,300,0,0,8,21553,0.0,-107605600.0,0.0,0.0,0.0,0.0,0.0,0.0,0.0,0.0,0.0,0.0,0.0,0.0,0.0,0.0,0.0,0.0,0.0,0.0,0.0,0.0,-2.004,0.0,-0.0,0.0,0.0,0.0,0.0,0.0,5050.0,-1.5879295420089355e+29,0.0,-107615288.0,-107615296.0,-107615280.0,0.0,0.0,0.0,0.0,0.0,53,-0.0,0.0,0.0,0.0,0.0,0.0,0.0,0.0,0.0,0,0,0,0.0,0.0,0.0,0.0,0.0,0.0,0.0,0.0,0.0,0.0,0.0,0.0,0.0,0.0,0.0,0.0,0,-107875648.0,53,0.0,106,-107614832.0,-0.0,ERR,ERR,ERR,ERR,ERR,ERR,ERR,ERR,ERR,ERR,ERR,ERR,ERR,ERR,ERR,ERR,ERR,ERR,ERR,ERR,ERR,ERR,ERR,ERR,ERR,ERR,ERR,ERR,ERR,ERR,ERR,ERR,ERR,ERR,ERR,ERR,ERR,ERR,ERR,ERR,ERR,ERR,ERR,ERR,ERR,ERR,ERR,ERR,ERR,ERR,ERR,ERR,ERR,ERR,ERR,ERR,ERR,ERR,ERR,ERR,ERR,ERR,ERR,ERR,ERR,ERR,ERR,50.0,60.0,100,0.0,0.0,0.0,0.0,0.0,0.0,0.0,0.0,0.0,0.0,0.0,0.0,0.0,0.0,0.0,0.0,61.6,74,13,65511,50,65476,0,300,0,0,8,20529,65476,0,0,26214,60.0,0.0,0.0,0.0,0.0,0.0
2026-05-17T18:09:12,ERR,ERR,ERR,ERR,ERR,ERR,ERR,ERR,ERR,ERR,ERR,ERR,ERR,ERR,ERR,ERR,ERR,ERR,ERR,ERR,ERR,ERR,ERR,ERR,ERR,ERR,ERR,ERR,ERR,ERR,ERR,ERR,ERR,ERR,ERR,ERR,ERR,ERR,ERR,ERR,ERR,ERR,ERR,ERR,ERR,ERR,ERR,ERR,ERR,ERR,ERR,ERR,ERR,ERR,ERR,ERR,ERR,ERR,ERR,ERR,ERR,ERR,ERR,ERR,ERR,ERR,ERR,ERR,ERR,ERR,ERR,ERR,ERR,ERR,ERR,ERR,ERR,ERR,ERR,ERR,ERR,ERR,ERR,ERR,ERR,ERR,ERR,ERR,ERR,ERR,ERR,ERR,ERR,ERR,ERR,ERR,ERR,ERR,ERR,ERR,ERR,ERR,ERR,ERR,ERR,ERR,ERR,ERR,ERR,ERR,ERR,ERR,ERR,ERR,ERR,ERR,ERR,ERR,ERR,ERR,ERR,ERR,ERR,ERR,ERR,-107615288.0,-107615296.0,0.0,0.0,0.0,1.3936040501711995e+18,7.805,0.0,0,0,4,0,8422,0.0,45,0.0,0.0,0.0,0.0,0.0,0,0,0,0,0.0,0,0,0,0,0,0,0,0,0,0,0,0,0,0,0,0,0,0,0,0,0,0,0,0,0,0,0,0,0,0,0,0,0,38,14,7,45,65476,0,300,0,0,8,21553,0.0,-107605600.0,0.0,0.0,0.0,0.0,0.0,0.0,0.0,0.0,0.0,0.0,0.0,0.0,0.0,0.0,0.0,0.0,0.0,0.0,0.0,0.0,-2.004,0.0,-0.0,0.0,0.0,0.0,0.0,0.0,5050.0,-1.5879295420089355e+29,0.0,-107615288.0,-107615296.0,-107615280.0,0.0,0.0,0.0,0.0,0.0,53,-0.0,0.0,0.0,0.0,0.0,0.0,0.0,0.0,0.0,0,0,0,0.0,0.0,0.0,0.0,0.0,0.0,0.0,0.0,0.0,0.0,0.0,0.0,0.0,0.0,0.0,0.0,0,-107875648.0,53,0.0,106,-107614832.0,-0.0,ERR,ERR,ERR,ERR,ERR,ERR,ERR,ERR,ERR,ERR,ERR,ERR,ERR,ERR,ERR,ERR,ERR,ERR,ERR,ERR,ERR,ERR,ERR,ERR,ERR,ERR,ERR,ERR,ERR,ERR,ERR,ERR,ERR,ERR,ERR,ERR,ERR,ERR,ERR,ERR,ERR,ERR,ERR,ERR,ERR,ERR,ERR,ERR,ERR,ERR,ERR,ERR,ERR,ERR,ERR,ERR,ERR,ERR,ERR,ERR,ERR,ERR,ERR,ERR,ERR,ERR,ERR,50.0,60.0,100,0.0,0.0,0.0,0.0,0.0,0.0,0.0,0.0,0.0,0.0,0.0,0.0,0.0,0.0,0.0,0.0,61.6,74,13,65511,50,65476,0,300,0,0,8,20529,65476,0,0,26214,60.0,0.0,0.0,0.0,0.0,0.0
2026-05-17T18:09:13,ERR,ERR,ERR,ERR,ERR,ERR,ERR,ERR,ERR,ERR,ERR,ERR,ERR,ERR,ERR,ERR,ERR,ERR,ERR,ERR,ERR,ERR,ERR,ERR,ERR,ERR,ERR,ERR,ERR,ERR,ERR,ERR,ERR,ERR,ERR,ERR,ERR,ERR,ERR,ERR,ERR,ERR,ERR,ERR,ERR,ERR,ERR,ERR,ERR,ERR,ERR,ERR,ERR,ERR,ERR,ERR,ERR,ERR,ERR,ERR,ERR,ERR,ERR,ERR,ERR,ERR,ERR,ERR,ERR,ERR,ERR,ERR,ERR,ERR,ERR,ERR,ERR,ERR,ERR,ERR,ERR,ERR,ERR,ERR,ERR,ERR,ERR,ERR,ERR,ERR,ERR,ERR,ERR,ERR,ERR,ERR,ERR,ERR,ERR,ERR,ERR,ERR,ERR,ERR,ERR,ERR,ERR,ERR,ERR,ERR,ERR,ERR,ERR,ERR,ERR,ERR,ERR,ERR,ERR,ERR,ERR,ERR,ERR,ERR,ERR,-107615288.0,-107615296.0,0.0,0.0,0.0,1.3936040501711995e+18,7.805,0.0,0,0,4,0,8422,0.0,45,0.0,0.0,0.0,0.0,0.0,0,0,0,0,0.0,0,0,0,0,0,0,0,0,0,0,0,0,0,0,0,0,0,0,0,0,0,0,0,0,0,0,0,0,0,0,0,0,0,38,14,7,45,65476,0,300,0,0,8,21553,0.0,-107605600.0,0.0,0.0,0.0,0.0,0.0,0.0,0.0,0.0,0.0,0.0,0.0,0.0,0.0,0.0,0.0,0.0,0.0,0.0,0.0,0.0,-2.004,0.0,-0.0,0.0,0.0,0.0,0.0,0.0,5050.0,-1.5879295420089355e+29,0.0,-107615288.0,-107615296.0,-107615280.0,0.0,0.0,0.0,0.0,0.0,53,-0.0,0.0,0.0,0.0,0.0,0.0,0.0,0.0,0.0,0,0,0,0.0,0.0,0.0,0.0,0.0,0.0,0.0,0.0,0.0,0.0,0.0,0.0,0.0,0.0,0.0,0.0,0,-107875648.0,53,0.0,106,-107614832.0,-0.0,ERR,ERR,ERR,ERR,ERR,ERR,ERR,ERR,ERR,ERR,ERR,ERR,ERR,ERR,ERR,ERR,ERR,ERR,ERR,ERR,ERR,ERR,ERR,ERR,ERR,ERR,ERR,ERR,ERR,ERR,ERR,ERR,ERR,ERR,ERR,ERR,ERR,ERR,ERR,ERR,ERR,ERR,ERR,ERR,ERR,ERR,ERR,ERR,ERR,ERR,ERR,ERR,ERR,ERR,ERR,ERR,ERR,ERR,ERR,ERR,ERR,ERR,ERR,ERR,ERR,ERR,ERR,50.0,60.0,100,0.0,0.0,0.0,0.0,0.0,0.0,0.0,0.0,0.0,0.0,0.0,0.0,0.0,0.0,0.0,0.0,62.0,74,13,65511,50,65476,0,300,0,0,8,20529,65476,0,0,26214,60.0,0.0,0.0,0.0,0.0,0.0
2026-05-17T18:09:14,ERR,ERR,ERR,ERR,ERR,ERR,ERR,ERR,ERR,ERR,ERR,ERR,ERR,ERR,ERR,ERR,ERR,ERR,ERR,ERR,ERR,ERR,ERR,ERR,ERR,ERR,ERR,ERR,ERR,ERR,ERR,ERR,ERR,ERR,ERR,ERR,ERR,ERR,ERR,ERR,ERR,ERR,ERR,ERR,ERR,ERR,ERR,ERR,ERR,ERR,ERR,ERR,ERR,ERR,ERR,ERR,ERR,ERR,ERR,ERR,ERR,ERR,ERR,ERR,ERR,ERR,ERR,ERR,ERR,ERR,ERR,ERR,ERR,ERR,ERR,ERR,ERR,ERR,ERR,ERR,ERR,ERR,ERR,ERR,ERR,ERR,ERR,ERR,ERR,ERR,ERR,ERR,ERR,ERR,ERR,ERR,ERR,ERR,ERR,ERR,ERR,ERR,ERR,ERR,ERR,ERR,ERR,ERR,ERR,ERR,ERR,ERR,ERR,ERR,ERR,ERR,ERR,ERR,ERR,ERR,ERR,ERR,ERR,ERR,ERR,-107615288.0,-107615296.0,0.0,0.0,0.0,1.3936040501711995e+18,7.805,0.0,0,0,4,0,8422,0.0,45,0.0,0.0,0.0,0.0,0.0,0,0,0,0,0.0,0,0,0,0,0,0,0,0,0,0,0,0,0,0,0,0,0,0,0,0,0,0,0,0,0,0,0,0,0,0,0,0,0,38,14,7,45,65476,0,300,0,0,8,21553,0.0,-107605600.0,0.0,0.0,0.0,0.0,0.0,0.0,0.0,0.0,0.0,0.0,0.0,0.0,0.0,0.0,0.0,0.0,0.0,0.0,0.0,0.0,-2.004,-2.004,2.004,0.0,0.0,0.0,0.0,0.0,5055.0,-0.0,0.0,-107615288.0,-107615296.0,-107615280.0,2.718429300292151e+23,0.0,0.0,0.0,0.0,53,-0.0,-107614792.0,0.0,0.0,0.0,0.0,0.0,0.0,0.0,0,0,0,0.0,0.0,0.0,0.0,0.0,0.0,0.0,0.0,0.0,0.0,0.0,0.0,0.0,0.0,0.0,0.0,0,-107875648.0,53,0.0,106,-107614832.0,0.0,ERR,ERR,ERR,ERR,ERR,ERR,ERR,ERR,ERR,ERR,ERR,ERR,ERR,ERR,ERR,ERR,ERR,ERR,ERR,ERR,ERR,ERR,ERR,ERR,ERR,ERR,ERR,ERR,ERR,ERR,ERR,ERR,ERR,ERR,ERR,ERR,ERR,ERR,ERR,ERR,ERR,ERR,ERR,ERR,ERR,ERR,ERR,ERR,ERR,ERR,ERR,ERR,ERR,ERR,ERR,ERR,ERR,ERR,ERR,ERR,ERR,ERR,ERR,ERR,ERR,ERR,ERR,50.0,60.0,100,0.0,0.0,0.0,0.0,0.0,0.0,0.0,0.0,0.0,0.0,0.0,0.0,0.0,0.0,0.0,0.0,62.0,74,13,65511,50,65476,0,300,0,0,8,20529,65476,0,0,26214,60.0,0.0,0.0,0.0,0.0,0.0
2026-05-17T18:09:15,ERR,ERR,ERR,ERR,ERR,ERR,ERR,ERR,ERR,ERR,ERR,ERR,ERR,ERR,ERR,ERR,ERR,ERR,ERR,ERR,ERR,ERR,ERR,ERR,ERR,ERR,ERR,ERR,ERR,ERR,ERR,ERR,ERR,ERR,ERR,ERR,ERR,ERR,ERR,ERR,ERR,ERR,ERR,ERR,ERR,ERR,ERR,ERR,ERR,ERR,ERR,ERR,ERR,ERR,ERR,ERR,ERR,ERR,ERR,ERR,ERR,ERR,ERR,ERR,ERR,ERR,ERR,ERR,ERR,ERR,ERR,ERR,ERR,ERR,ERR,ERR,ERR,ERR,ERR,ERR,ERR,ERR,ERR,ERR,ERR,ERR,ERR,ERR,ERR,ERR,ERR,ERR,ERR,ERR,ERR,ERR,ERR,ERR,ERR,ERR,ERR,ERR,ERR,ERR,ERR,ERR,ERR,ERR,ERR,ERR,ERR,ERR,ERR,ERR,ERR,ERR,ERR,ERR,ERR,ERR,ERR,ERR,ERR,ERR,ERR,-107615288.0,-107615296.0,0.0,0.0,0.0,1.3936040501711995e+18,7.805,0.0,0,0,4,0,8422,0.0,45,0.0,0.0,0.0,0.0,0.0,0,0,0,0,0.0,0,0,0,0,0,0,0,0,0,0,0,0,0,0,0,0,0,0,0,0,0,0,0,0,0,0,0,0,0,0,0,0,0,38,14,7,45,65476,0,300,0,0,8,21553,0.0,-107605600.0,0.0,0.0,0.0,0.0,0.0,0.0,0.0,0.0,0.0,0.0,0.0,0.0,0.0,0.0,0.0,0.0,0.0,0.0,0.0,0.0,-2.004,-2.004,2.004,0.0,0.0,0.0,0.0,0.0,5055.0,-0.0,0.0,-107615288.0,-107615296.0,-107615280.0,2.718429300292151e+23,0.0,0.0,0.0,0.0,53,-0.0,-107614792.0,0.0,0.0,0.0,0.0,0.0,0.0,0.0,0,0,0,0.0,0.0,0.0,0.0,0.0,0.0,0.0,0.0,0.0,0.0,0.0,0.0,0.0,0.0,0.0,0.0,0,-107875648.0,53,0.0,106,-107614832.0,0.0,ERR,ERR,ERR,ERR,ERR,ERR,ERR,ERR,ERR,ERR,ERR,ERR,ERR,ERR,ERR,ERR,ERR,ERR,ERR,ERR,ERR,ERR,ERR,ERR,ERR,ERR,ERR,ERR,ERR,ERR,ERR,ERR,ERR,ERR,ERR,ERR,ERR,ERR,ERR,ERR,ERR,ERR,ERR,ERR,ERR,ERR,ERR,ERR,ERR,ERR,ERR,ERR,ERR,ERR,ERR,ERR,ERR,ERR,ERR,ERR,ERR,ERR,ERR,ERR,ERR,ERR,ERR,50.0,60.0,100,0.0,0.0,0.0,0.0,0.0,0.0,0.0,0.0,0.0,0.0,0.0,0.0,0.0,0.0,0.0,0.0,61.6,74,13,65511,50,65476,0,300,0,0,8,20529,65476,0,0,26214,60.0,0.0,0.0,0.0,0.0,0.0
2026-05-17T18:09:16,ERR,ERR,ERR,ERR,ERR,ERR,ERR,ERR,ERR,ERR,ERR,ERR,ERR,ERR,ERR,ERR,ERR,ERR,ERR,ERR,ERR,ERR,ERR,ERR,ERR,ERR,ERR,ERR,ERR,ERR,ERR,ERR,ERR,ERR,ERR,ERR,ERR,ERR,ERR,ERR,ERR,ERR,ERR,ERR,ERR,ERR,ERR,ERR,ERR,ERR,ERR,ERR,ERR,ERR,ERR,ERR,ERR,ERR,ERR,ERR,ERR,ERR,ERR,ERR,ERR,ERR,ERR,ERR,ERR,ERR,ERR,ERR,ERR,ERR,ERR,ERR,ERR,ERR,ERR,ERR,ERR,ERR,ERR,ERR,ERR,ERR,ERR,ERR,ERR,ERR,ERR,ERR,ERR,ERR,ERR,ERR,ERR,ERR,ERR,ERR,ERR,ERR,ERR,ERR,ERR,ERR,ERR,ERR,ERR,ERR,ERR,ERR,ERR,ERR,ERR,ERR,ERR,ERR,ERR,ERR,ERR,ERR,ERR,ERR,ERR,-107615288.0,-107615296.0,0.0,0.0,0.0,1.3936040501711995e+18,7.805,0.0,0,0,4,0,8422,0.0,45,0.0,0.0,0.0,0.0,0.0,0,0,0,0,0.0,0,0,0,0,0,0,0,0,0,0,0,0,0,0,0,0,0,0,0,0,0,0,0,0,0,0,0,0,0,0,0,0,0,38,14,7,45,65476,0,300,0,0,8,21553,0.0,-107605600.0,0.0,0.0,0.0,0.0,0.0,0.0,0.0,0.0,0.0,0.0,0.0,0.0,0.0,0.0,0.0,0.0,0.0,0.0,0.0,0.0,-2.004,-2.004,2.004,0.0,0.0,0.0,0.0,0.0,5055.0,-0.0,0.0,-107615288.0,-107615296.0,-107615280.0,2.718429300292151e+23,0.0,0.0,0.0,0.0,53,-0.0,-107614792.0,0.0,0.0,0.0,0.0,0.0,0.0,0.0,0,0,0,0.0,0.0,0.0,0.0,0.0,0.0,0.0,0.0,0.0,0.0,0.0,0.0,0.0,0.0,0.0,0.0,0,-107875648.0,53,0.0,106,-107614832.0,0.0,ERR,ERR,ERR,ERR,ERR,ERR,ERR,ERR,ERR,ERR,ERR,ERR,ERR,ERR,ERR,ERR,ERR,ERR,ERR,ERR,ERR,ERR,ERR,ERR,ERR,ERR,ERR,ERR,ERR,ERR,ERR,ERR,ERR,ERR,ERR,ERR,ERR,ERR,ERR,ERR,ERR,ERR,ERR,ERR,ERR,ERR,ERR,ERR,ERR,ERR,ERR,ERR,ERR,ERR,ERR,ERR,ERR,ERR,ERR,ERR,ERR,ERR,ERR,ERR,ERR,ERR,ERR,50.0,60.0,100,0.0,0.0,0.0,0.0,0.0,0.0,0.0,0.0,0.0,0.0,0.0,0.0,0.0,0.0,0.0,0.0,61.6,74,13,65511,50,65476,0,300,0,0,8,20529,65476,0,0,26214,60.0,0.0,0.0,0.0,0.0,0.0
2026-05-17T18:09:17,ERR,ERR,ERR,ERR,ERR,ERR,ERR,ERR,ERR,ERR,ERR,ERR,ERR,ERR,ERR,ERR,ERR,ERR,ERR,ERR,ERR,ERR,ERR,ERR,ERR,ERR,ERR,ERR,ERR,ERR,ERR,ERR,ERR,ERR,ERR,ERR,ERR,ERR,ERR,ERR,ERR,ERR,ERR,ERR,ERR,ERR,ERR,ERR,ERR,ERR,ERR,ERR,ERR,ERR,ERR,ERR,ERR,ERR,ERR,ERR,ERR,ERR,ERR,ERR,ERR,ERR,ERR,ERR,ERR,ERR,ERR,ERR,ERR,ERR,ERR,ERR,ERR,ERR,ERR,ERR,ERR,ERR,ERR,ERR,ERR,ERR,ERR,ERR,ERR,ERR,ERR,ERR,ERR,ERR,ERR,ERR,ERR,ERR,ERR,ERR,ERR,ERR,ERR,ERR,ERR,ERR,ERR,ERR,ERR,ERR,ERR,ERR,ERR,ERR,ERR,ERR,ERR,ERR,ERR,ERR,ERR,ERR,ERR,ERR,ERR,-107615288.0,-107615296.0,0.0,0.0,0.0,1.3936040501711995e+18,7.805,0.0,0,0,4,0,8422,0.0,45,0.0,0.0,0.0,0.0,0.0,0,0,0,0,0.0,0,0,0,0,0,0,0,0,0,0,0,0,0,0,0,0,0,0,0,0,0,0,0,0,0,0,0,0,0,0,0,0,0,38,14,7,45,65476,0,300,0,0,8,21553,0.0,-107605600.0,0.0,0.0,0.0,0.0,0.0,0.0,0.0,0.0,0.0,0.0,0.0,0.0,0.0,0.0,0.0,0.0,0.0,0.0,0.0,0.0,-2.004,-2.004,2.004,0.0,0.0,0.0,0.0,0.0,5055.0,-0.0,0.0,-107615288.0,-107615296.0,-107615280.0,2.718429300292151e+23,0.0,0.0,0.0,0.0,53,-0.0,-107614792.0,0.0,0.0,0.0,0.0,0.0,0.0,0.0,0,0,0,0.0,0.0,0.0,0.0,0.0,0.0,0.0,0.0,0.0,0.0,0.0,0.0,0.0,0.0,0.0,0.0,0,-107875648.0,53,0.0,106,-107614832.0,0.0,ERR,ERR,ERR,ERR,ERR,ERR,ERR,ERR,ERR,ERR,ERR,ERR,ERR,ERR,ERR,ERR,ERR,ERR,ERR,ERR,ERR,ERR,ERR,ERR,ERR,ERR,ERR,ERR,ERR,ERR,ERR,ERR,ERR,ERR,ERR,ERR,ERR,ERR,ERR,ERR,ERR,ERR,ERR,ERR,ERR,ERR,ERR,ERR,ERR,ERR,ERR,ERR,ERR,ERR,ERR,ERR,ERR,ERR,ERR,ERR,ERR,ERR,ERR,ERR,ERR,ERR,ERR,50.0,60.0,100,0.0,0.0,0.0,0.0,0.0,0.0,0.0,0.0,0.0,0.0,0.0,0.0,0.0,0.0,0.0,0.0,61.6,74,13,65511,50,65476,0,300,0,0,8,20529,65476,0,0,26214,60.0,0.0,0.0,0.0,0.0,0.0
2026-05-17T18:09:18,ERR,ERR,ERR,ERR,ERR,ERR,ERR,ERR,ERR,ERR,ERR,ERR,ERR,ERR,ERR,ERR,ERR,ERR,ERR,ERR,ERR,ERR,ERR,ERR,ERR,ERR,ERR,ERR,ERR,ERR,ERR,ERR,ERR,ERR,ERR,ERR,ERR,ERR,ERR,ERR,ERR,ERR,ERR,ERR,ERR,ERR,ERR,ERR,ERR,ERR,ERR,ERR,ERR,ERR,ERR,ERR,ERR,ERR,ERR,ERR,ERR,ERR,ERR,ERR,ERR,ERR,ERR,ERR,ERR,ERR,ERR,ERR,ERR,ERR,ERR,ERR,ERR,ERR,ERR,ERR,ERR,ERR,ERR,ERR,ERR,ERR,ERR,ERR,ERR,ERR,ERR,ERR,ERR,ERR,ERR,ERR,ERR,ERR,ERR,ERR,ERR,ERR,ERR,ERR,ERR,ERR,ERR,ERR,ERR,ERR,ERR,ERR,ERR,ERR,ERR,ERR,ERR,ERR,ERR,ERR,ERR,ERR,ERR,ERR,ERR,-107615288.0,-107615296.0,0.0,0.0,0.0,1.3936040501711995e+18,7.805,0.0,0,0,4,0,8422,0.0,45,0.0,0.0,0.0,0.0,0.0,0,0,0,0,0.0,0,0,0,0,0,0,0,0,0,0,0,0,0,0,0,0,0,0,0,0,0,0,0,0,0,0,0,0,0,0,0,0,0,38,14,7,45,65476,0,300,0,0,8,21553,0.0,-107605600.0,0.0,0.0,0.0,0.0,0.0,0.0,0.0,0.0,0.0,0.0,0.0,0.0,0.0,0.0,0.0,0.0,0.0,0.0,0.0,0.0,-2.004,-2.004,2.004,0.0,0.0,0.0,0.0,0.0,5055.0,-0.0,0.0,-107615288.0,-107615296.0,-107615280.0,2.718429300292151e+23,0.0,0.0,0.0,0.0,53,-0.0,-107614792.0,0.0,0.0,0.0,0.0,0.0,0.0,0.0,0,0,0,0.0,0.0,0.0,0.0,0.0,0.0,0.0,0.0,0.0,0.0,0.0,0.0,0.0,0.0,0.0,0.0,0,-107875648.0,53,0.0,106,-107614832.0,0.0,ERR,ERR,ERR,ERR,ERR,ERR,ERR,ERR,ERR,ERR,ERR,ERR,ERR,ERR,ERR,ERR,ERR,ERR,ERR,ERR,ERR,ERR,ERR,ERR,ERR,ERR,ERR,ERR,ERR,ERR,ERR,ERR,ERR,ERR,ERR,ERR,ERR,ERR,ERR,ERR,ERR,ERR,ERR,ERR,ERR,ERR,ERR,ERR,ERR,ERR,ERR,ERR,ERR,ERR,ERR,ERR,ERR,ERR,ERR,ERR,ERR,ERR,ERR,ERR,ERR,ERR,ERR,50.0,60.0,100,0.0,0.0,0.0,0.0,0.0,0.0,0.0,0.0,0.0,0.0,0.0,0.0,0.0,0.0,0.0,0.0,61.6,74,13,65511,50,65476,0,300,0,0,8,20529,65476,0,0,26214,60.0,0.0,0.0,0.0,0.0,0.0
2026-05-17T18:09:19,ERR,ERR,ERR,ERR,ERR,ERR,ERR,ERR,ERR,ERR,ERR,ERR,ERR,ERR,ERR,ERR,ERR,ERR,ERR,ERR,ERR,ERR,ERR,ERR,ERR,ERR,ERR,ERR,ERR,ERR,ERR,ERR,ERR,ERR,ERR,ERR,ERR,ERR,ERR,ERR,ERR,ERR,ERR,ERR,ERR,ERR,ERR,ERR,ERR,ERR,ERR,ERR,ERR,ERR,ERR,ERR,ERR,ERR,ERR,ERR,ERR,ERR,ERR,ERR,ERR,ERR,ERR,ERR,ERR,ERR,ERR,ERR,ERR,ERR,ERR,ERR,ERR,ERR,ERR,ERR,ERR,ERR,ERR,ERR,ERR,ERR,ERR,ERR,ERR,ERR,ERR,ERR,ERR,ERR,ERR,ERR,ERR,ERR,ERR,ERR,ERR,ERR,ERR,ERR,ERR,ERR,ERR,ERR,ERR,ERR,ERR,ERR,ERR,ERR,ERR,ERR,ERR,ERR,ERR,ERR,ERR,ERR,ERR,ERR,ERR,-107615288.0,-107615296.0,0.0,0.0,0.0,1.3936040501711995e+18,7.805,0.0,0,0,4,0,8422,0.0,45,0.0,0.0,0.0,0.0,0.0,0,0,0,0,0.0,0,0,0,0,0,0,0,0,0,0,0,0,0,0,0,0,0,0,0,0,0,0,0,0,0,0,0,0,0,0,0,0,0,38,14,7,45,65476,0,300,0,0,8,21553,0.0,-107605600.0,0.0,0.0,0.0,0.0,0.0,0.0,0.0,0.0,0.0,0.0,0.0,0.0,0.0,0.0,0.0,0.0,0.0,0.0,0.0,0.0,-2.004,0.0,-0.0,0.0,0.0,0.0,0.0,0.0,5055.0,-0.0,0.0,-107615288.0,-107615296.0,-107615280.0,2.718429300292151e+23,0.0,0.0,0.0,0.0,53,-0.0,-0.0,0.0,0.0,0.0,0.0,0.0,0.0,0.0,0,0,0,0.0,0.0,0.0,0.0,0.0,0.0,0.0,0.0,0.0,0.0,0.0,0.0,0.0,0.0,0.0,0.0,0,-107875648.0,53,0.0,106,-107614832.0,0.0,ERR,ERR,ERR,ERR,ERR,ERR,ERR,ERR,ERR,ERR,ERR,ERR,ERR,ERR,ERR,ERR,ERR,ERR,ERR,ERR,ERR,ERR,ERR,ERR,ERR,ERR,ERR,ERR,ERR,ERR,ERR,ERR,ERR,ERR,ERR,ERR,ERR,ERR,ERR,ERR,ERR,ERR,ERR,ERR,ERR,ERR,ERR,ERR,ERR,ERR,ERR,ERR,ERR,ERR,ERR,ERR,ERR,ERR,ERR,ERR,ERR,ERR,ERR,ERR,ERR,ERR,ERR,50.0,60.0,100,0.0,0.0,0.0,0.0,0.0,0.0,0.0,0.0,0.0,0.0,0.0,0.0,0.0,0.0,0.0,0.0,61.6,74,13,65511,50,65476,0,300,0,0,8,20529,65476,0,0,26214,60.0,0.0,0.0,0.0,0.0,0.0
2026-05-17T18:09:20,ERR,ERR,ERR,ERR,ERR,ERR,ERR,ERR,ERR,ERR,ERR,ERR,ERR,ERR,ERR,ERR,ERR,ERR,ERR,ERR,ERR,ERR,ERR,ERR,ERR,ERR,ERR,ERR,ERR,ERR,ERR,ERR,ERR,ERR,ERR,ERR,ERR,ERR,ERR,ERR,ERR,ERR,ERR,ERR,ERR,ERR,ERR,ERR,ERR,ERR,ERR,ERR,ERR,ERR,ERR,ERR,ERR,ERR,ERR,ERR,ERR,ERR,ERR,ERR,ERR,ERR,ERR,ERR,ERR,ERR,ERR,ERR,ERR,ERR,ERR,ERR,ERR,ERR,ERR,ERR,ERR,ERR,ERR,ERR,ERR,ERR,ERR,ERR,ERR,ERR,ERR,ERR,ERR,ERR,ERR,ERR,ERR,ERR,ERR,ERR,ERR,ERR,ERR,ERR,ERR,ERR,ERR,ERR,ERR,ERR,ERR,ERR,ERR,ERR,ERR,ERR,ERR,ERR,ERR,ERR,ERR,ERR,ERR,ERR,ERR,-107615288.0,-107615296.0,0.0,0.0,0.0,1.3936040501711995e+18,7.805,0.0,0,0,4,0,8422,0.0,45,0.0,0.0,0.0,0.0,0.0,0,0,0,0,0.0,0,0,0,0,0,0,0,0,0,0,0,0,0,0,0,0,0,0,0,0,0,0,0,0,0,0,0,0,0,0,0,0,0,38,14,7,45,65476,0,300,0,0,8,21553,0.0,-107605600.0,0.0,0.0,0.0,0.0,0.0,0.0,0.0,0.0,0.0,0.0,0.0,0.0,0.0,0.0,0.0,0.0,0.0,0.0,0.0,0.0,-2.004,0.0,-0.0,0.0,0.0,0.0,0.0,0.0,5055.0,-0.0,0.0,-107615288.0,-107615296.0,-107615280.0,2.718429300292151e+23,0.0,0.0,0.0,0.0,53,-0.0,-0.0,0.0,0.0,0.0,0.0,0.0,0.0,0.0,0,0,0,0.0,0.0,0.0,0.0,0.0,0.0,0.0,0.0,0.0,0.0,0.0,0.0,0.0,0.0,0.0,0.0,0,-107875648.0,53,0.0,106,-107614832.0,0.0,ERR,ERR,ERR,ERR,ERR,ERR,ERR,ERR,ERR,ERR,ERR,ERR,ERR,ERR,ERR,ERR,ERR,ERR,ERR,ERR,ERR,ERR,ERR,ERR,ERR,ERR,ERR,ERR,ERR,ERR,ERR,ERR,ERR,ERR,ERR,ERR,ERR,ERR,ERR,ERR,ERR,ERR,ERR,ERR,ERR,ERR,ERR,ERR,ERR,ERR,ERR,ERR,ERR,ERR,ERR,ERR,ERR,ERR,ERR,ERR,ERR,ERR,ERR,ERR,ERR,ERR,ERR,50.0,60.0,100,0.0,0.0,0.0,0.0,0.0,0.0,0.0,0.0,0.0,0.0,0.0,0.0,0.0,0.0,0.0,0.0,61.6,74,13,65511,50,65476,0,300,0,0,8,20529,65476,0,0,26214,60.0,0.0,0.0,0.0,0.0,0.0
2026-05-17T18:09:21,ERR,ERR,ERR,ERR,ERR,ERR,ERR,ERR,ERR,ERR,ERR,ERR,ERR,ERR,ERR,ERR,ERR,ERR,ERR,ERR,ERR,ERR,ERR,ERR,ERR,ERR,ERR,ERR,ERR,ERR,ERR,ERR,ERR,ERR,ERR,ERR,ERR,ERR,ERR,ERR,ERR,ERR,ERR,ERR,ERR,ERR,ERR,ERR,ERR,ERR,ERR,ERR,ERR,ERR,ERR,ERR,ERR,ERR,ERR,ERR,ERR,ERR,ERR,ERR,ERR,ERR,ERR,ERR,ERR,ERR,ERR,ERR,ERR,ERR,ERR,ERR,ERR,ERR,ERR,ERR,ERR,ERR,ERR,ERR,ERR,ERR,ERR,ERR,ERR,ERR,ERR,ERR,ERR,ERR,ERR,ERR,ERR,ERR,ERR,ERR,ERR,ERR,ERR,ERR,ERR,ERR,ERR,ERR,ERR,ERR,ERR,ERR,ERR,ERR,ERR,ERR,ERR,ERR,ERR,ERR,ERR,ERR,ERR,ERR,ERR,-107615288.0,-107615296.0,0.0,0.0,0.0,1.3936040501711995e+18,7.805,0.0,0,0,4,0,8422,0.0,45,0.0,0.0,0.0,0.0,0.0,0,0,0,0,0.0,0,0,0,0,0,0,0,0,0,0,0,0,0,0,0,0,0,0,0,0,0,0,0,0,0,0,0,0,0,0,0,0,0,38,14,7,45,65476,0,300,0,0,8,21553,0.0,-107605600.0,0.0,0.0,0.0,0.0,0.0,0.0,0.0,0.0,0.0,0.0,0.0,0.0,0.0,0.0,0.0,0.0,0.0,0.0,0.0,0.0,-2.004,0.0,-0.0,0.0,0.0,0.0,0.0,0.0,5055.0,-0.0,0.0,-107615288.0,-107615296.0,-107615280.0,2.718429300292151e+23,0.0,0.0,0.0,0.0,53,-0.0,-0.0,0.0,0.0,0.0,0.0,0.0,0.0,0.0,0,0,0,0.0,0.0,0.0,0.0,0.0,0.0,0.0,0.0,0.0,0.0,0.0,0.0,0.0,0.0,0.0,0.0,0,-107875648.0,53,0.0,106,-107614832.0,0.0,ERR,ERR,ERR,ERR,ERR,ERR,ERR,ERR,ERR,ERR,ERR,ERR,ERR,ERR,ERR,ERR,ERR,ERR,ERR,ERR,ERR,ERR,ERR,ERR,ERR,ERR,ERR,ERR,ERR,ERR,ERR,ERR,ERR,ERR,ERR,ERR,ERR,ERR,ERR,ERR,ERR,ERR,ERR,ERR,ERR,ERR,ERR,ERR,ERR,ERR,ERR,ERR,ERR,ERR,ERR,ERR,ERR,ERR,ERR,ERR,ERR,ERR,ERR,ERR,ERR,ERR,ERR,50.0,60.0,100,0.0,0.0,0.0,0.0,0.0,0.0,0.0,0.0,0.0,0.0,0.0,0.0,0.0,0.0,0.0,0.0,61.6,74,13,65511,50,65476,0,300,0,0,8,20529,65476,0,0,26214,60.0,0.0,0.0,0.0,0.0,0.0
2026-05-17T18:09:22,ERR,ERR,ERR,ERR,ERR,ERR,ERR,ERR,ERR,ERR,ERR,ERR,ERR,ERR,ERR,ERR,ERR,ERR,ERR,ERR,ERR,ERR,ERR,ERR,ERR,ERR,ERR,ERR,ERR,ERR,ERR,ERR,ERR,ERR,ERR,ERR,ERR,ERR,ERR,ERR,ERR,ERR,ERR,ERR,ERR,ERR,ERR,ERR,ERR,ERR,ERR,ERR,ERR,ERR,ERR,ERR,ERR,ERR,ERR,ERR,ERR,ERR,ERR,ERR,ERR,ERR,ERR,ERR,ERR,ERR,ERR,ERR,ERR,ERR,ERR,ERR,ERR,ERR,ERR,ERR,ERR,ERR,ERR,ERR,ERR,ERR,ERR,ERR,ERR,ERR,ERR,ERR,ERR,ERR,ERR,ERR,ERR,ERR,ERR,ERR,ERR,ERR,ERR,ERR,ERR,ERR,ERR,ERR,ERR,ERR,ERR,ERR,ERR,ERR,ERR,ERR,ERR,ERR,ERR,ERR,ERR,ERR,ERR,ERR,ERR,-107615288.0,-107615296.0,0.0,0.0,0.0,1.3936040501711995e+18,7.805,0.0,0,0,4,0,8422,0.0,45,0.0,0.0,0.0,0.0,0.0,0,0,0,0,0.0,0,0,0,0,0,0,0,0,0,0,0,0,0,0,0,0,0,0,0,0,0,0,0,0,0,0,0,0,0,0,0,0,0,38,14,7,45,65476,0,300,0,0,8,21553,0.0,-107605600.0,0.0,0.0,0.0,0.0,0.0,0.0,0.0,0.0,0.0,0.0,0.0,0.0,0.0,0.0,0.0,0.0,0.0,0.0,0.0,0.0,-2.004,0.0,-0.0,0.0,0.0,0.0,0.0,0.0,5055.0,-0.0,0.0,-107615288.0,-107615296.0,-107615280.0,2.718429300292151e+23,0.0,0.0,0.0,0.0,53,-0.0,-0.0,0.0,0.0,0.0,0.0,0.0,0.0,0.0,0,0,0,0.0,0.0,0.0,0.0,0.0,0.0,0.0,0.0,0.0,0.0,0.0,0.0,0.0,0.0,0.0,0.0,0,-107875648.0,53,0.0,106,-107614832.0,0.0,ERR,ERR,ERR,ERR,ERR,ERR,ERR,ERR,ERR,ERR,ERR,ERR,ERR,ERR,ERR,ERR,ERR,ERR,ERR,ERR,ERR,ERR,ERR,ERR,ERR,ERR,ERR,ERR,ERR,ERR,ERR,ERR,ERR,ERR,ERR,ERR,ERR,ERR,ERR,ERR,ERR,ERR,ERR,ERR,ERR,ERR,ERR,ERR,ERR,ERR,ERR,ERR,ERR,ERR,ERR,ERR,ERR,ERR,ERR,ERR,ERR,ERR,ERR,ERR,ERR,ERR,ERR,50.0,60.0,100,0.0,0.0,0.0,0.0,0.0,0.0,0.0,0.0,0.0,0.0,0.0,0.0,0.0,0.0,0.0,0.0,61.6,74,13,65511,50,65476,0,300,0,0,8,20529,65476,0,0,26214,60.0,0.0,0.0,0.0,0.0,0.0
2026-05-17T18:09:23,ERR,ERR,ERR,ERR,ERR,ERR,ERR,ERR,ERR,ERR,ERR,ERR,ERR,ERR,ERR,ERR,ERR,ERR,ERR,ERR,ERR,ERR,ERR,ERR,ERR,ERR,ERR,ERR,ERR,ERR,ERR,ERR,ERR,ERR,ERR,ERR,ERR,ERR,ERR,ERR,ERR,ERR,ERR,ERR,ERR,ERR,ERR,ERR,ERR,ERR,ERR,ERR,ERR,ERR,ERR,ERR,ERR,ERR,ERR,ERR,ERR,ERR,ERR,ERR,ERR,ERR,ERR,ERR,ERR,ERR,ERR,ERR,ERR,ERR,ERR,ERR,ERR,ERR,ERR,ERR,ERR,ERR,ERR,ERR,ERR,ERR,ERR,ERR,ERR,ERR,ERR,ERR,ERR,ERR,ERR,ERR,ERR,ERR,ERR,ERR,ERR,ERR,ERR,ERR,ERR,ERR,ERR,ERR,ERR,ERR,ERR,ERR,ERR,ERR,ERR,ERR,ERR,ERR,ERR,ERR,ERR,ERR,ERR,ERR,ERR,-107615288.0,-107615296.0,0.0,0.0,0.0,1.3936040501711995e+18,7.805,0.0,0,0,4,0,8422,0.0,45,0.0,0.0,0.0,0.0,0.0,0,0,0,0,0.0,0,0,0,0,0,0,0,0,0,0,0,0,0,0,0,0,0,0,0,0,0,0,0,0,0,0,0,0,0,0,0,0,0,38,14,7,45,65476,0,300,0,0,8,21553,0.0,-107605600.0,0.0,0.0,0.0,0.0,0.0,0.0,0.0,0.0,0.0,0.0,0.0,0.0,0.0,0.0,0.0,0.0,0.0,0.0,0.0,0.0,-2.004,0.0,-0.0,0.0,0.0,0.0,0.0,0.0,5055.0,-0.0,0.0,-107615288.0,-107615296.0,-107615280.0,2.718429300292151e+23,0.0,0.0,0.0,0.0,53,-0.0,-0.0,0.0,0.0,0.0,0.0,0.0,0.0,0.0,0,0,0,0.0,0.0,0.0,0.0,0.0,0.0,0.0,0.0,0.0,0.0,0.0,0.0,0.0,0.0,0.0,0.0,0,-107875648.0,53,0.0,106,-107614832.0,0.0,ERR,ERR,ERR,ERR,ERR,ERR,ERR,ERR,ERR,ERR,ERR,ERR,ERR,ERR,ERR,ERR,ERR,ERR,ERR,ERR,ERR,ERR,ERR,ERR,ERR,ERR,ERR,ERR,ERR,ERR,ERR,ERR,ERR,ERR,ERR,ERR,ERR,ERR,ERR,ERR,ERR,ERR,ERR,ERR,ERR,ERR,ERR,ERR,ERR,ERR,ERR,ERR,ERR,ERR,ERR,ERR,ERR,ERR,ERR,ERR,ERR,ERR,ERR,ERR,ERR,ERR,ERR,50.0,60.0,100,0.0,0.0,0.0,0.0,0.0,0.0,0.0,0.0,0.0,0.0,0.0,0.0,0.0,0.0,0.0,0.0,61.6,74,13,65511,50,65476,0,300,0,0,8,20529,65476,0,0,26214,60.0,0.0,0.0,0.0,0.0,0.0
2026-05-17T18:09:24,ERR,ERR,ERR,ERR,ERR,ERR,ERR,ERR,ERR,ERR,ERR,ERR,ERR,ERR,ERR,ERR,ERR,ERR,ERR,ERR,ERR,ERR,ERR,ERR,ERR,ERR,ERR,ERR,ERR,ERR,ERR,ERR,ERR,ERR,ERR,ERR,ERR,ERR,ERR,ERR,ERR,ERR,ERR,ERR,ERR,ERR,ERR,ERR,ERR,ERR,ERR,ERR,ERR,ERR,ERR,ERR,ERR,ERR,ERR,ERR,ERR,ERR,ERR,ERR,ERR,ERR,ERR,ERR,ERR,ERR,ERR,ERR,ERR,ERR,ERR,ERR,ERR,ERR,ERR,ERR,ERR,ERR,ERR,ERR,ERR,ERR,ERR,ERR,ERR,ERR,ERR,ERR,ERR,ERR,ERR,ERR,ERR,ERR,ERR,ERR,ERR,ERR,ERR,ERR,ERR,ERR,ERR,ERR,ERR,ERR,ERR,ERR,ERR,ERR,ERR,ERR,ERR,ERR,ERR,ERR,ERR,ERR,ERR,ERR,ERR,-107615288.0,-107615296.0,0.0,0.0,0.0,1.3936040501711995e+18,7.805,0.0,0,0,4,0,8422,0.0,45,0.0,0.0,0.0,0.0,0.0,0,0,0,0,0.0,0,0,0,0,0,0,0,0,0,0,0,0,0,0,0,0,0,0,0,0,0,0,0,0,0,0,0,0,0,0,0,0,0,38,14,7,45,65476,0,300,0,0,8,21553,0.0,-107605600.0,0.0,0.0,0.0,0.0,0.0,0.0,0.0,0.0,0.0,0.0,0.0,0.0,0.0,0.0,0.0,0.0,0.0,0.0,0.0,0.0,-2.004,0.0,-0.0,-2.004,0.0,0.0,0.0,0.0,5053.0,3.697186573429349e+19,0.0,0.0,-107615296.0,-107615280.0,2.718429300292151e+23,0.0,0.0,0.0,0.0,53,-0.0,4.0668540358038725e+29,0.0,0.0,0.0,0.0,0.0,0.0,0.0,0,0,0,0.0,0.0,0.0,0.0,0.0,0.0,0.0,0.0,0.0,0.0,0.0,0.0,0.0,0.0,0.0,0.0,0,-107875648.0,53,0.0,106,-107614832.0,0.0,ERR,ERR,ERR,ERR,ERR,ERR,ERR,ERR,ERR,ERR,ERR,ERR,ERR,ERR,ERR,ERR,ERR,ERR,ERR,ERR,ERR,ERR,ERR,ERR,ERR,ERR,ERR,ERR,ERR,ERR,ERR,ERR,ERR,ERR,ERR,ERR,ERR,ERR,ERR,ERR,ERR,ERR,ERR,ERR,ERR,ERR,ERR,ERR,ERR,ERR,ERR,ERR,ERR,ERR,ERR,ERR,ERR,ERR,ERR,ERR,ERR,ERR,ERR,ERR,ERR,ERR,ERR,50.0,60.0,100,0.0,0.0,0.0,0.0,0.0,0.0,0.0,0.0,0.0,0.0,0.0,0.0,0.0,0.0,0.0,0.0,61.6,74,13,65511,50,65476,0,300,0,0,8,20529,65476,0,0,26214,60.0,0.0,0.0,0.0,0.0,0.0
2026-05-17T18:09:25,ERR,ERR,ERR,ERR,ERR,ERR,ERR,ERR,ERR,ERR,ERR,ERR,ERR,ERR,ERR,ERR,ERR,ERR,ERR,ERR,ERR,ERR,ERR,ERR,ERR,ERR,ERR,ERR,ERR,ERR,ERR,ERR,ERR,ERR,ERR,ERR,ERR,ERR,ERR,ERR,ERR,ERR,ERR,ERR,ERR,ERR,ERR,ERR,ERR,ERR,ERR,ERR,ERR,ERR,ERR,ERR,ERR,ERR,ERR,ERR,ERR,ERR,ERR,ERR,ERR,ERR,ERR,ERR,ERR,ERR,ERR,ERR,ERR,ERR,ERR,ERR,ERR,ERR,ERR,ERR,ERR,ERR,ERR,ERR,ERR,ERR,ERR,ERR,ERR,ERR,ERR,ERR,ERR,ERR,ERR,ERR,ERR,ERR,ERR,ERR,ERR,ERR,ERR,ERR,ERR,ERR,ERR,ERR,ERR,ERR,ERR,ERR,ERR,ERR,ERR,ERR,ERR,ERR,ERR,ERR,ERR,ERR,ERR,ERR,ERR,-107615288.0,-107615296.0,0.0,0.0,0.0,1.3936040501711995e+18,7.805,0.0,0,0,4,0,8422,0.0,45,0.0,0.0,0.0,0.0,0.0,0,0,0,0,0.0,0,0,0,0,0,0,0,0,0,0,0,0,0,0,0,0,0,0,0,0,0,0,0,0,0,0,0,0,0,0,0,0,0,38,14,7,45,65476,0,300,0,0,8,21553,0.0,-107605600.0,0.0,0.0,0.0,0.0,0.0,0.0,0.0,0.0,0.0,0.0,0.0,0.0,0.0,0.0,0.0,0.0,0.0,0.0,0.0,0.0,-2.004,0.0,-0.0,-2.004,0.0,0.0,0.0,0.0,5053.0,3.697186573429349e+19,0.0,0.0,-107615296.0,-107615280.0,2.718429300292151e+23,0.0,0.0,0.0,0.0,53,-0.0,4.0668540358038725e+29,0.0,0.0,0.0,0.0,0.0,0.0,0.0,0,0,0,0.0,0.0,0.0,0.0,0.0,0.0,0.0,0.0,0.0,0.0,0.0,0.0,0.0,0.0,0.0,0.0,0,-107875648.0,53,0.0,106,-107614832.0,0.0,ERR,ERR,ERR,ERR,ERR,ERR,ERR,ERR,ERR,ERR,ERR,ERR,ERR,ERR,ERR,ERR,ERR,ERR,ERR,ERR,ERR,ERR,ERR,ERR,ERR,ERR,ERR,ERR,ERR,ERR,ERR,ERR,ERR,ERR,ERR,ERR,ERR,ERR,ERR,ERR,ERR,ERR,ERR,ERR,ERR,ERR,ERR,ERR,ERR,ERR,ERR,ERR,ERR,ERR,ERR,ERR,ERR,ERR,ERR,ERR,ERR,ERR,ERR,ERR,ERR,ERR,ERR,50.0,60.0,100,0.0,0.0,0.0,0.0,0.0,0.0,0.0,0.0,0.0,0.0,0.0,0.0,0.0,0.0,0.0,0.0,61.6,74,13,65511,50,65476,0,300,0,0,8,20529,65476,0,0,26214,60.0,0.0,0.0,0.0,0.0,0.0
2026-05-17T18:09:26,ERR,ERR,ERR,ERR,ERR,ERR,ERR,ERR,ERR,ERR,ERR,ERR,ERR,ERR,ERR,ERR,ERR,ERR,ERR,ERR,ERR,ERR,ERR,ERR,ERR,ERR,ERR,ERR,ERR,ERR,ERR,ERR,ERR,ERR,ERR,ERR,ERR,ERR,ERR,ERR,ERR,ERR,ERR,ERR,ERR,ERR,ERR,ERR,ERR,ERR,ERR,ERR,ERR,ERR,ERR,ERR,ERR,ERR,ERR,ERR,ERR,ERR,ERR,ERR,ERR,ERR,ERR,ERR,ERR,ERR,ERR,ERR,ERR,ERR,ERR,ERR,ERR,ERR,ERR,ERR,ERR,ERR,ERR,ERR,ERR,ERR,ERR,ERR,ERR,ERR,ERR,ERR,ERR,ERR,ERR,ERR,ERR,ERR,ERR,ERR,ERR,ERR,ERR,ERR,ERR,ERR,ERR,ERR,ERR,ERR,ERR,ERR,ERR,ERR,ERR,ERR,ERR,ERR,ERR,ERR,ERR,ERR,ERR,ERR,ERR,-107615288.0,-107615296.0,0.0,0.0,0.0,1.3936040501711995e+18,7.805,0.0,0,0,4,0,8422,0.0,45,0.0,0.0,0.0,0.0,0.0,0,0,0,0,0.0,0,0,0,0,0,0,0,0,0,0,0,0,0,0,0,0,0,0,0,0,0,0,0,0,0,0,0,0,0,0,0,0,0,38,14,7,45,65476,0,300,0,0,8,21553,0.0,-107605600.0,0.0,0.0,0.0,0.0,0.0,0.0,0.0,0.0,0.0,0.0,0.0,0.0,0.0,0.0,0.0,0.0,0.0,0.0,0.0,0.0,-2.004,0.0,-0.0,-2.004,0.0,0.0,0.0,0.0,5053.0,3.697186573429349e+19,0.0,0.0,-107615296.0,-107615280.0,2.718429300292151e+23,0.0,0.0,0.0,0.0,53,-0.0,4.0668540358038725e+29,0.0,0.0,0.0,0.0,0.0,0.0,0.0,0,0,0,0.0,0.0,0.0,0.0,0.0,0.0,0.0,0.0,0.0,0.0,0.0,0.0,0.0,0.0,0.0,0.0,0,-107875648.0,53,0.0,106,-107614832.0,0.0,ERR,ERR,ERR,ERR,ERR,ERR,ERR,ERR,ERR,ERR,ERR,ERR,ERR,ERR,ERR,ERR,ERR,ERR,ERR,ERR,ERR,ERR,ERR,ERR,ERR,ERR,ERR,ERR,ERR,ERR,ERR,ERR,ERR,ERR,ERR,ERR,ERR,ERR,ERR,ERR,ERR,ERR,ERR,ERR,ERR,ERR,ERR,ERR,ERR,ERR,ERR,ERR,ERR,ERR,ERR,ERR,ERR,ERR,ERR,ERR,ERR,ERR,ERR,ERR,ERR,ERR,ERR,50.0,60.0,100,0.0,0.0,0.0,0.0,0.0,0.0,0.0,0.0,0.0,0.0,0.0,0.0,0.0,0.0,0.0,0.0,61.6,74,13,65511,50,65476,0,300,0,0,8,20529,65476,0,0,26214,60.0,0.0,0.0,0.0,0.0,0.0
2026-05-17T18:09:27,ERR,ERR,ERR,ERR,ERR,ERR,ERR,ERR,ERR,ERR,ERR,ERR,ERR,ERR,ERR,ERR,ERR,ERR,ERR,ERR,ERR,ERR,ERR,ERR,ERR,ERR,ERR,ERR,ERR,ERR,ERR,ERR,ERR,ERR,ERR,ERR,ERR,ERR,ERR,ERR,ERR,ERR,ERR,ERR,ERR,ERR,ERR,ERR,ERR,ERR,ERR,ERR,ERR,ERR,ERR,ERR,ERR,ERR,ERR,ERR,ERR,ERR,ERR,ERR,ERR,ERR,ERR,ERR,ERR,ERR,ERR,ERR,ERR,ERR,ERR,ERR,ERR,ERR,ERR,ERR,ERR,ERR,ERR,ERR,ERR,ERR,ERR,ERR,ERR,ERR,ERR,ERR,ERR,ERR,ERR,ERR,ERR,ERR,ERR,ERR,ERR,ERR,ERR,ERR,ERR,ERR,ERR,ERR,ERR,ERR,ERR,ERR,ERR,ERR,ERR,ERR,ERR,ERR,ERR,ERR,ERR,ERR,ERR,ERR,ERR,-107615288.0,-107615296.0,0.0,0.0,0.0,1.3936040501711995e+18,7.805,0.0,0,0,4,0,8422,0.0,45,0.0,0.0,0.0,0.0,0.0,0,0,0,0,0.0,0,0,0,0,0,0,0,0,0,0,0,0,0,0,0,0,0,0,0,0,0,0,0,0,0,0,0,0,0,0,0,0,0,38,14,7,45,65476,0,300,0,0,8,21553,0.0,-107605600.0,0.0,0.0,0.0,0.0,0.0,0.0,0.0,0.0,0.0,0.0,0.0,0.0,0.0,0.0,0.0,0.0,0.0,0.0,0.0,0.0,-2.004,0.0,-0.0,-2.004,0.0,0.0,0.0,0.0,5053.0,3.697186573429349e+19,0.0,0.0,-107615296.0,-107615280.0,2.718429300292151e+23,0.0,0.0,0.0,0.0,53,-0.0,4.0668540358038725e+29,0.0,0.0,0.0,0.0,0.0,0.0,0.0,0,0,0,0.0,0.0,0.0,0.0,0.0,0.0,0.0,0.0,0.0,0.0,0.0,0.0,0.0,0.0,0.0,0.0,0,-107875648.0,53,0.0,106,-107614832.0,0.0,ERR,ERR,ERR,ERR,ERR,ERR,ERR,ERR,ERR,ERR,ERR,ERR,ERR,ERR,ERR,ERR,ERR,ERR,ERR,ERR,ERR,ERR,ERR,ERR,ERR,ERR,ERR,ERR,ERR,ERR,ERR,ERR,ERR,ERR,ERR,ERR,ERR,ERR,ERR,ERR,ERR,ERR,ERR,ERR,ERR,ERR,ERR,ERR,ERR,ERR,ERR,ERR,ERR,ERR,ERR,ERR,ERR,ERR,ERR,ERR,ERR,ERR,ERR,ERR,ERR,ERR,ERR,50.0,60.0,100,0.0,0.0,0.0,0.0,0.0,0.0,0.0,0.0,0.0,0.0,0.0,0.0,0.0,0.0,0.0,0.0,61.6,74,13,65511,50,65476,0,300,0,0,8,20529,65476,0,0,26214,60.0,0.0,0.0,0.0,0.0,0.0
2026-05-17T18:09:28,ERR,ERR,ERR,ERR,ERR,ERR,ERR,ERR,ERR,ERR,ERR,ERR,ERR,ERR,ERR,ERR,ERR,ERR,ERR,ERR,ERR,ERR,ERR,ERR,ERR,ERR,ERR,ERR,ERR,ERR,ERR,ERR,ERR,ERR,ERR,ERR,ERR,ERR,ERR,ERR,ERR,ERR,ERR,ERR,ERR,ERR,ERR,ERR,ERR,ERR,ERR,ERR,ERR,ERR,ERR,ERR,ERR,ERR,ERR,ERR,ERR,ERR,ERR,ERR,ERR,ERR,ERR,ERR,ERR,ERR,ERR,ERR,ERR,ERR,ERR,ERR,ERR,ERR,ERR,ERR,ERR,ERR,ERR,ERR,ERR,ERR,ERR,ERR,ERR,ERR,ERR,ERR,ERR,ERR,ERR,ERR,ERR,ERR,ERR,ERR,ERR,ERR,ERR,ERR,ERR,ERR,ERR,ERR,ERR,ERR,ERR,ERR,ERR,ERR,ERR,ERR,ERR,ERR,ERR,ERR,ERR,ERR,ERR,ERR,ERR,-107615288.0,-107615296.0,0.0,0.0,0.0,1.3936040501711995e+18,7.805,0.0,0,0,4,0,8422,0.0,45,0.0,0.0,0.0,0.0,0.0,0,0,0,0,0.0,0,0,0,0,0,0,0,0,0,0,0,0,0,0,0,0,0,0,0,0,0,0,0,0,0,0,0,0,0,0,0,0,0,38,14,7,45,65476,0,300,0,0,8,21553,0.0,-107605600.0,0.0,0.0,0.0,0.0,0.0,0.0,0.0,0.0,0.0,0.0,0.0,0.0,0.0,0.0,0.0,0.0,0.0,0.0,0.0,0.0,-2.004,0.0,-0.0,-2.004,0.0,0.0,0.0,0.0,5053.0,3.697186573429349e+19,0.0,0.0,-107615296.0,-107615280.0,2.718429300292151e+23,0.0,0.0,0.0,0.0,53,-0.0,4.0668540358038725e+29,0.0,0.0,0.0,0.0,0.0,0.0,0.0,0,0,0,0.0,0.0,0.0,0.0,0.0,0.0,0.0,0.0,0.0,0.0,0.0,0.0,0.0,0.0,0.0,0.0,0,-107875648.0,53,0.0,106,-107614832.0,0.0,ERR,ERR,ERR,ERR,ERR,ERR,ERR,ERR,ERR,ERR,ERR,ERR,ERR,ERR,ERR,ERR,ERR,ERR,ERR,ERR,ERR,ERR,ERR,ERR,ERR,ERR,ERR,ERR,ERR,ERR,ERR,ERR,ERR,ERR,ERR,ERR,ERR,ERR,ERR,ERR,ERR,ERR,ERR,ERR,ERR,ERR,ERR,ERR,ERR,ERR,ERR,ERR,ERR,ERR,ERR,ERR,ERR,ERR,ERR,ERR,ERR,ERR,ERR,ERR,ERR,ERR,ERR,50.0,60.0,100,0.0,0.0,0.0,0.0,0.0,0.0,0.0,0.0,0.0,0.0,0.0,0.0,0.0,0.0,0.0,0.0,61.6,74,13,65511,50,65476,0,300,0,0,8,20529,65476,0,0,26214,60.0,0.0,0.0,0.0,0.0,0.0
2026-05-17T18:09:29,ERR,ERR,ERR,ERR,ERR,ERR,ERR,ERR,ERR,ERR,ERR,ERR,ERR,ERR,ERR,ERR,ERR,ERR,ERR,ERR,ERR,ERR,ERR,ERR,ERR,ERR,ERR,ERR,ERR,ERR,ERR,ERR,ERR,ERR,ERR,ERR,ERR,ERR,ERR,ERR,ERR,ERR,ERR,ERR,ERR,ERR,ERR,ERR,ERR,ERR,ERR,ERR,ERR,ERR,ERR,ERR,ERR,ERR,ERR,ERR,ERR,ERR,ERR,ERR,ERR,ERR,ERR,ERR,ERR,ERR,ERR,ERR,ERR,ERR,ERR,ERR,ERR,ERR,ERR,ERR,ERR,ERR,ERR,ERR,ERR,ERR,ERR,ERR,ERR,ERR,ERR,ERR,ERR,ERR,ERR,ERR,ERR,ERR,ERR,ERR,ERR,ERR,ERR,ERR,ERR,ERR,ERR,ERR,ERR,ERR,ERR,ERR,ERR,ERR,ERR,ERR,ERR,ERR,ERR,ERR,ERR,ERR,ERR,ERR,ERR,-107615288.0,-107615296.0,0.0,0.0,0.0,1.3936040501711995e+18,7.805,0.0,0,0,4,0,8422,0.0,45,0.0,0.0,0.0,0.0,0.0,0,0,0,0,0.0,0,0,0,0,0,0,0,0,0,0,0,0,0,0,0,0,0,0,0,0,0,0,0,0,0,0,0,0,0,0,0,0,0,38,14,7,45,65476,0,300,0,0,8,21553,0.0,-107605600.0,0.0,0.0,0.0,0.0,0.0,0.0,0.0,0.0,0.0,0.0,0.0,0.0,-2.596148429267414e+33,0.0,0.0,0.0,0.0,0.0,0.0,0.0,-2.004,0.0,2.004,0.0,0.0,0.0,0.0,0.0,5046.0,8608183296.0,0.0,-107615288.0,-107615296.0,-0.0,2.718429300292151e+23,0.0,0.0,0.0,0.0,53,-0.0,1.9056860945658675e+17,0.0,0.0,0.0,0.0,0.0,0.0,0.0,0,0,0,0.0,0.0,0.0,0.0,0.0,0.0,0.0,0.0,0.0,0.0,0.0,0.0,0.0,0.0,0.0,0.0,0,-107875648.0,53,0.0,106,-107614832.0,0.0,ERR,ERR,ERR,ERR,ERR,ERR,ERR,ERR,ERR,ERR,ERR,ERR,ERR,ERR,ERR,ERR,ERR,ERR,ERR,ERR,ERR,ERR,ERR,ERR,ERR,ERR,ERR,ERR,ERR,ERR,ERR,ERR,ERR,ERR,ERR,ERR,ERR,ERR,ERR,ERR,ERR,ERR,ERR,ERR,ERR,ERR,ERR,ERR,ERR,ERR,ERR,ERR,ERR,ERR,ERR,ERR,ERR,ERR,ERR,ERR,ERR,ERR,ERR,ERR,ERR,ERR,ERR,50.0,60.0,100,0.0,0.0,0.0,0.0,0.0,0.0,0.0,0.0,0.0,0.0,0.0,0.0,0.0,0.0,0.0,0.0,61.6,74,13,65511,50,65476,0,300,0,0,8,20529,65476,0,0,26214,60.0,0.0,0.0,0.0,0.0,0.0
2026-05-17T18:09:30,ERR,ERR,ERR,ERR,ERR,ERR,ERR,ERR,ERR,ERR,ERR,ERR,ERR,ERR,ERR,ERR,ERR,ERR,ERR,ERR,ERR,ERR,ERR,ERR,ERR,ERR,ERR,ERR,ERR,ERR,ERR,ERR,ERR,ERR,ERR,ERR,ERR,ERR,ERR,ERR,ERR,ERR,ERR,ERR,ERR,ERR,ERR,ERR,ERR,ERR,ERR,ERR,ERR,ERR,ERR,ERR,ERR,ERR,ERR,ERR,ERR,ERR,ERR,ERR,ERR,ERR,ERR,ERR,ERR,ERR,ERR,ERR,ERR,ERR,ERR,ERR,ERR,ERR,ERR,ERR,ERR,ERR,ERR,ERR,ERR,ERR,ERR,ERR,ERR,ERR,ERR,ERR,ERR,ERR,ERR,ERR,ERR,ERR,ERR,ERR,ERR,ERR,ERR,ERR,ERR,ERR,ERR,ERR,ERR,ERR,ERR,ERR,ERR,ERR,ERR,ERR,ERR,ERR,ERR,ERR,ERR,ERR,ERR,ERR,ERR,-107615288.0,-107615296.0,0.0,0.0,0.0,1.3936040501711995e+18,7.805,0.0,0,0,4,0,8422,0.0,45,0.0,0.0,0.0,0.0,0.0,0,0,0,0,0.0,0,0,0,0,0,0,0,0,0,0,0,0,0,0,0,0,0,0,0,0,0,0,0,0,0,0,0,0,0,0,0,0,0,38,14,7,45,65476,0,300,0,0,8,21553,0.0,-107605600.0,0.0,0.0,0.0,0.0,0.0,0.0,0.0,0.0,0.0,0.0,0.0,0.0,-2.596148429267414e+33,0.0,0.0,0.0,0.0,0.0,0.0,0.0,-2.004,0.0,2.004,0.0,0.0,0.0,0.0,0.0,5046.0,8608183296.0,0.0,-107615288.0,-107615296.0,-0.0,2.718429300292151e+23,0.0,0.0,0.0,0.0,53,-0.0,1.9056860945658675e+17,0.0,0.0,0.0,0.0,0.0,0.0,0.0,0,0,0,0.0,0.0,0.0,0.0,0.0,0.0,0.0,0.0,0.0,0.0,0.0,0.0,0.0,0.0,0.0,0.0,0,-107875648.0,53,0.0,106,-107614832.0,0.0,ERR,ERR,ERR,ERR,ERR,ERR,ERR,ERR,ERR,ERR,ERR,ERR,ERR,ERR,ERR,ERR,ERR,ERR,ERR,ERR,ERR,ERR,ERR,ERR,ERR,ERR,ERR,ERR,ERR,ERR,ERR,ERR,ERR,ERR,ERR,ERR,ERR,ERR,ERR,ERR,ERR,ERR,ERR,ERR,ERR,ERR,ERR,ERR,ERR,ERR,ERR,ERR,ERR,ERR,ERR,ERR,ERR,ERR,ERR,ERR,ERR,ERR,ERR,ERR,ERR,ERR,ERR,50.0,60.0,100,0.0,0.0,0.0,0.0,0.0,0.0,0.0,0.0,0.0,0.0,0.0,0.0,0.0,0.0,0.0,0.0,61.6,74,13,65511,50,65476,0,300,0,0,8,20529,65476,0,0,26214,60.0,0.0,0.0,0.0,0.0,0.0
2026-05-17T18:09:31,ERR,ERR,ERR,ERR,ERR,ERR,ERR,ERR,ERR,ERR,ERR,ERR,ERR,ERR,ERR,ERR,ERR,ERR,ERR,ERR,ERR,ERR,ERR,ERR,ERR,ERR,ERR,ERR,ERR,ERR,ERR,ERR,ERR,ERR,ERR,ERR,ERR,ERR,ERR,ERR,ERR,ERR,ERR,ERR,ERR,ERR,ERR,ERR,ERR,ERR,ERR,ERR,ERR,ERR,ERR,ERR,ERR,ERR,ERR,ERR,ERR,ERR,ERR,ERR,ERR,ERR,ERR,ERR,ERR,ERR,ERR,ERR,ERR,ERR,ERR,ERR,ERR,ERR,ERR,ERR,ERR,ERR,ERR,ERR,ERR,ERR,ERR,ERR,ERR,ERR,ERR,ERR,ERR,ERR,ERR,ERR,ERR,ERR,ERR,ERR,ERR,ERR,ERR,ERR,ERR,ERR,ERR,ERR,ERR,ERR,ERR,ERR,ERR,ERR,ERR,ERR,ERR,ERR,ERR,ERR,ERR,ERR,ERR,ERR,ERR,-107615288.0,-107615296.0,0.0,0.0,0.0,1.3936040501711995e+18,7.805,0.0,0,0,4,0,8422,0.0,45,0.0,0.0,0.0,0.0,0.0,0,0,0,0,0.0,0,0,0,0,0,0,0,0,0,0,0,0,0,0,0,0,0,0,0,0,0,0,0,0,0,0,0,0,0,0,0,0,0,38,14,7,45,65476,0,300,0,0,8,21553,0.0,-107605600.0,0.0,0.0,0.0,0.0,0.0,0.0,0.0,0.0,0.0,0.0,0.0,0.0,-2.596148429267414e+33,0.0,0.0,0.0,0.0,0.0,0.0,0.0,-2.004,0.0,2.004,0.0,0.0,0.0,0.0,0.0,5046.0,8608183296.0,0.0,-107615288.0,-107615296.0,-0.0,2.718429300292151e+23,0.0,0.0,0.0,0.0,53,-0.0,1.9056860945658675e+17,0.0,0.0,0.0,0.0,0.0,0.0,0.0,0,0,0,0.0,0.0,0.0,0.0,0.0,0.0,0.0,0.0,0.0,0.0,0.0,0.0,0.0,0.0,0.0,0.0,0,-107875648.0,53,0.0,106,-107614832.0,0.0,ERR,ERR,ERR,ERR,ERR,ERR,ERR,ERR,ERR,ERR,ERR,ERR,ERR,ERR,ERR,ERR,ERR,ERR,ERR,ERR,ERR,ERR,ERR,ERR,ERR,ERR,ERR,ERR,ERR,ERR,ERR,ERR,ERR,ERR,ERR,ERR,ERR,ERR,ERR,ERR,ERR,ERR,ERR,ERR,ERR,ERR,ERR,ERR,ERR,ERR,ERR,ERR,ERR,ERR,ERR,ERR,ERR,ERR,ERR,ERR,ERR,ERR,ERR,ERR,ERR,ERR,ERR,50.0,60.0,100,0.0,0.0,0.0,0.0,0.0,0.0,0.0,0.0,0.0,0.0,0.0,0.0,0.0,0.0,0.0,0.0,61.6,74,13,65511,50,65476,0,300,0,0,8,20529,65476,0,0,26214,60.0,0.0,0.0,0.0,0.0,0.0
2026-05-17T18:09:32,ERR,ERR,ERR,ERR,ERR,ERR,ERR,ERR,ERR,ERR,ERR,ERR,ERR,ERR,ERR,ERR,ERR,ERR,ERR,ERR,ERR,ERR,ERR,ERR,ERR,ERR,ERR,ERR,ERR,ERR,ERR,ERR,ERR,ERR,ERR,ERR,ERR,ERR,ERR,ERR,ERR,ERR,ERR,ERR,ERR,ERR,ERR,ERR,ERR,ERR,ERR,ERR,ERR,ERR,ERR,ERR,ERR,ERR,ERR,ERR,ERR,ERR,ERR,ERR,ERR,ERR,ERR,ERR,ERR,ERR,ERR,ERR,ERR,ERR,ERR,ERR,ERR,ERR,ERR,ERR,ERR,ERR,ERR,ERR,ERR,ERR,ERR,ERR,ERR,ERR,ERR,ERR,ERR,ERR,ERR,ERR,ERR,ERR,ERR,ERR,ERR,ERR,ERR,ERR,ERR,ERR,ERR,ERR,ERR,ERR,ERR,ERR,ERR,ERR,ERR,ERR,ERR,ERR,ERR,ERR,ERR,ERR,ERR,ERR,ERR,-107615288.0,-107615296.0,0.0,0.0,0.0,1.3936040501711995e+18,7.805,0.0,0,0,4,0,8422,0.0,45,0.0,0.0,0.0,0.0,0.0,0,0,0,0,0.0,0,0,0,0,0,0,0,0,0,0,0,0,0,0,0,0,0,0,0,0,0,0,0,0,0,0,0,0,0,0,0,0,0,38,14,7,45,65476,0,300,0,0,8,21553,0.0,-107605600.0,0.0,0.0,0.0,0.0,0.0,0.0,0.0,0.0,0.0,0.0,0.0,0.0,-2.596148429267414e+33,0.0,0.0,0.0,0.0,0.0,0.0,0.0,-2.004,0.0,2.004,0.0,0.0,0.0,0.0,0.0,5046.0,8608183296.0,0.0,-107615288.0,-107615296.0,-0.0,2.718429300292151e+23,0.0,0.0,0.0,0.0,53,-0.0,1.9056860945658675e+17,0.0,0.0,0.0,0.0,0.0,0.0,0.0,0,0,0,0.0,0.0,0.0,0.0,0.0,0.0,0.0,0.0,0.0,0.0,0.0,0.0,0.0,0.0,0.0,0.0,0,-107875648.0,53,0.0,106,-107614832.0,0.0,ERR,ERR,ERR,ERR,ERR,ERR,ERR,ERR,ERR,ERR,ERR,ERR,ERR,ERR,ERR,ERR,ERR,ERR,ERR,ERR,ERR,ERR,ERR,ERR,ERR,ERR,ERR,ERR,ERR,ERR,ERR,ERR,ERR,ERR,ERR,ERR,ERR,ERR,ERR,ERR,ERR,ERR,ERR,ERR,ERR,ERR,ERR,ERR,ERR,ERR,ERR,ERR,ERR,ERR,ERR,ERR,ERR,ERR,ERR,ERR,ERR,ERR,ERR,ERR,ERR,ERR,ERR,50.0,60.0,100,0.0,0.0,0.0,0.0,0.0,0.0,0.0,0.0,0.0,0.0,0.0,0.0,0.0,0.0,0.0,0.0,61.6,74,13,65511,50,65476,0,300,0,0,8,20529,65476,0,0,26214,60.0,0.0,0.0,0.0,0.0,0.0
2026-05-17T18:09:33,ERR,ERR,ERR,ERR,ERR,ERR,ERR,ERR,ERR,ERR,ERR,ERR,ERR,ERR,ERR,ERR,ERR,ERR,ERR,ERR,ERR,ERR,ERR,ERR,ERR,ERR,ERR,ERR,ERR,ERR,ERR,ERR,ERR,ERR,ERR,ERR,ERR,ERR,ERR,ERR,ERR,ERR,ERR,ERR,ERR,ERR,ERR,ERR,ERR,ERR,ERR,ERR,ERR,ERR,ERR,ERR,ERR,ERR,ERR,ERR,ERR,ERR,ERR,ERR,ERR,ERR,ERR,ERR,ERR,ERR,ERR,ERR,ERR,ERR,ERR,ERR,ERR,ERR,ERR,ERR,ERR,ERR,ERR,ERR,ERR,ERR,ERR,ERR,ERR,ERR,ERR,ERR,ERR,ERR,ERR,ERR,ERR,ERR,ERR,ERR,ERR,ERR,ERR,ERR,ERR,ERR,ERR,ERR,ERR,ERR,ERR,ERR,ERR,ERR,ERR,ERR,ERR,ERR,ERR,ERR,ERR,ERR,ERR,ERR,ERR,-107615288.0,-107615296.0,0.0,0.0,0.0,1.3936040501711995e+18,7.805,0.0,0,0,4,0,8422,0.0,45,0.0,0.0,0.0,0.0,0.0,0,0,0,0,0.0,0,0,0,0,0,0,0,0,0,0,0,0,0,0,0,0,0,0,0,0,0,0,0,0,0,0,0,0,0,0,0,0,0,38,14,7,45,65476,0,300,0,0,8,21553,0.0,-107605600.0,0.0,0.0,0.0,0.0,0.0,0.0,0.0,0.0,0.0,0.0,0.0,0.0,-2.596148429267414e+33,0.0,0.0,0.0,0.0,0.0,0.0,0.0,-2.004,0.0,2.004,0.0,0.0,0.0,0.0,0.0,5046.0,8608183296.0,0.0,-107615288.0,-107615296.0,-0.0,2.718429300292151e+23,0.0,0.0,0.0,0.0,53,-0.0,1.9056860945658675e+17,0.0,0.0,0.0,0.0,0.0,0.0,0.0,0,0,0,0.0,0.0,0.0,0.0,0.0,0.0,0.0,0.0,0.0,0.0,0.0,0.0,0.0,0.0,0.0,0.0,0,-107875648.0,53,0.0,106,-107614832.0,0.0,ERR,ERR,ERR,ERR,ERR,ERR,ERR,ERR,ERR,ERR,ERR,ERR,ERR,ERR,ERR,ERR,ERR,ERR,ERR,ERR,ERR,ERR,ERR,ERR,ERR,ERR,ERR,ERR,ERR,ERR,ERR,ERR,ERR,ERR,ERR,ERR,ERR,ERR,ERR,ERR,ERR,ERR,ERR,ERR,ERR,ERR,ERR,ERR,ERR,ERR,ERR,ERR,ERR,ERR,ERR,ERR,ERR,ERR,ERR,ERR,ERR,ERR,ERR,ERR,ERR,ERR,ERR,50.0,60.0,100,0.0,0.0,0.0,0.0,0.0,0.0,0.0,0.0,0.0,0.0,0.0,0.0,0.0,0.0,0.0,0.0,61.6,74,13,65511,50,65476,0,300,0,0,8,20529,65476,0,0,26214,60.0,0.0,0.0,0.0,0.0,0.0
2026-05-17T18:09:34,ERR,ERR,ERR,ERR,ERR,ERR,ERR,ERR,ERR,ERR,ERR,ERR,ERR,ERR,ERR,ERR,ERR,ERR,ERR,ERR,ERR,ERR,ERR,ERR,ERR,ERR,ERR,ERR,ERR,ERR,ERR,ERR,ERR,ERR,ERR,ERR,ERR,ERR,ERR,ERR,ERR,ERR,ERR,ERR,ERR,ERR,ERR,ERR,ERR,ERR,ERR,ERR,ERR,ERR,ERR,ERR,ERR,ERR,ERR,ERR,ERR,ERR,ERR,ERR,ERR,ERR,ERR,ERR,ERR,ERR,ERR,ERR,ERR,ERR,ERR,ERR,ERR,ERR,ERR,ERR,ERR,ERR,ERR,ERR,ERR,ERR,ERR,ERR,ERR,ERR,ERR,ERR,ERR,ERR,ERR,ERR,ERR,ERR,ERR,ERR,ERR,ERR,ERR,ERR,ERR,ERR,ERR,ERR,ERR,ERR,ERR,ERR,ERR,ERR,ERR,ERR,ERR,ERR,ERR,ERR,ERR,ERR,ERR,ERR,ERR,0.0,-107615296.0,-134474944.0,0.0,0.0,1.3936040501711995e+18,7.805,0.0,0,0,4,0,8422,0.0,45,0.0,0.0,0.0,0.0,0.0,0,0,0,0,0.0,0,0,0,0,0,0,0,0,0,0,0,0,0,0,0,0,0,0,0,0,0,0,0,0,0,0,0,0,0,0,0,0,0,38,14,7,45,65476,0,300,0,0,8,21553,0.0,-107605600.0,0.0,0.0,0.0,0.0,0.0,0.0,0.0,0.0,0.0,0.0,0.0,0.0,0.0,0.0,0.0,0.0,0.0,0.0,0.0,0.0,-2.004,0.0,-0.0,-2.004,0.0,0.0,0.0,0.0,5052.0,0.0,0.0,0.0,-107615296.0,-107615280.0,2.718429300292151e+23,0.0,0.0,0.0,0.0,53,-0.0,0.059,0.0,0.0,0.0,0.0,0.0,0.0,0.0,0,0,0,0.0,0.0,0.0,0.0,0.0,0.0,0.0,0.0,0.0,0.0,0.0,0.0,0.0,0.0,0.0,0.0,0,-107875648.0,53,0.0,106,-107614832.0,0.0,ERR,ERR,ERR,ERR,ERR,ERR,ERR,ERR,ERR,ERR,ERR,ERR,ERR,ERR,ERR,ERR,ERR,ERR,ERR,ERR,ERR,ERR,ERR,ERR,ERR,ERR,ERR,ERR,ERR,ERR,ERR,ERR,ERR,ERR,ERR,ERR,ERR,ERR,ERR,ERR,ERR,ERR,ERR,ERR,ERR,ERR,ERR,ERR,ERR,ERR,ERR,ERR,ERR,ERR,ERR,ERR,ERR,ERR,ERR,ERR,ERR,ERR,ERR,ERR,ERR,ERR,ERR,50.0,60.0,100,0.0,0.0,0.0,0.0,0.0,0.0,0.0,0.0,0.0,0.0,0.0,0.0,0.0,0.0,0.0,0.0,61.6,74,13,65511,50,65476,0,300,0,0,8,20529,65476,0,0,26214,60.0,0.0,0.0,0.0,0.0,0.0
2026-05-17T18:09:35,ERR,ERR,ERR,ERR,ERR,ERR,ERR,ERR,ERR,ERR,ERR,ERR,ERR,ERR,ERR,ERR,ERR,ERR,ERR,ERR,ERR,ERR,ERR,ERR,ERR,ERR,ERR,ERR,ERR,ERR,ERR,ERR,ERR,ERR,ERR,ERR,ERR,ERR,ERR,ERR,ERR,ERR,ERR,ERR,ERR,ERR,ERR,ERR,ERR,ERR,ERR,ERR,ERR,ERR,ERR,ERR,ERR,ERR,ERR,ERR,ERR,ERR,ERR,ERR,ERR,ERR,ERR,ERR,ERR,ERR,ERR,ERR,ERR,ERR,ERR,ERR,ERR,ERR,ERR,ERR,ERR,ERR,ERR,ERR,ERR,ERR,ERR,ERR,ERR,ERR,ERR,ERR,ERR,ERR,ERR,ERR,ERR,ERR,ERR,ERR,ERR,ERR,ERR,ERR,ERR,ERR,ERR,ERR,ERR,ERR,ERR,ERR,ERR,ERR,ERR,ERR,ERR,ERR,ERR,ERR,ERR,ERR,ERR,ERR,ERR,0.0,-107615296.0,-134474944.0,0.0,0.0,1.3936040501711995e+18,7.805,0.0,0,0,4,0,8422,0.0,45,0.0,0.0,0.0,0.0,0.0,0,0,0,0,0.0,0,0,0,0,0,0,0,0,0,0,0,0,0,0,0,0,0,0,0,0,0,0,0,0,0,0,0,0,0,0,0,0,0,38,14,7,45,65476,0,300,0,0,8,21553,0.0,-107605600.0,0.0,0.0,0.0,0.0,0.0,0.0,0.0,0.0,0.0,0.0,0.0,0.0,0.0,0.0,0.0,0.0,0.0,0.0,0.0,0.0,-2.004,0.0,-0.0,-2.004,0.0,0.0,0.0,0.0,5052.0,0.0,0.0,0.0,-107615296.0,-107615280.0,2.718429300292151e+23,0.0,0.0,0.0,0.0,53,-0.0,0.059,0.0,0.0,0.0,0.0,0.0,0.0,0.0,0,0,0,0.0,0.0,0.0,0.0,0.0,0.0,0.0,0.0,0.0,0.0,0.0,0.0,0.0,0.0,0.0,0.0,0,-107875648.0,53,0.0,106,-107614832.0,0.0,ERR,ERR,ERR,ERR,ERR,ERR,ERR,ERR,ERR,ERR,ERR,ERR,ERR,ERR,ERR,ERR,ERR,ERR,ERR,ERR,ERR,ERR,ERR,ERR,ERR,ERR,ERR,ERR,ERR,ERR,ERR,ERR,ERR,ERR,ERR,ERR,ERR,ERR,ERR,ERR,ERR,ERR,ERR,ERR,ERR,ERR,ERR,ERR,ERR,ERR,ERR,ERR,ERR,ERR,ERR,ERR,ERR,ERR,ERR,ERR,ERR,ERR,ERR,ERR,ERR,ERR,ERR,50.0,60.0,100,0.0,0.0,0.0,0.0,0.0,0.0,0.0,0.0,0.0,0.0,0.0,0.0,0.0,0.0,0.0,0.0,61.6,74,13,65511,50,65476,0,300,0,0,8,20529,65476,0,0,26214,60.0,0.0,0.0,0.0,0.0,0.0
2026-05-17T18:09:36,ERR,ERR,ERR,ERR,ERR,ERR,ERR,ERR,ERR,ERR,ERR,ERR,ERR,ERR,ERR,ERR,ERR,ERR,ERR,ERR,ERR,ERR,ERR,ERR,ERR,ERR,ERR,ERR,ERR,ERR,ERR,ERR,ERR,ERR,ERR,ERR,ERR,ERR,ERR,ERR,ERR,ERR,ERR,ERR,ERR,ERR,ERR,ERR,ERR,ERR,ERR,ERR,ERR,ERR,ERR,ERR,ERR,ERR,ERR,ERR,ERR,ERR,ERR,ERR,ERR,ERR,ERR,ERR,ERR,ERR,ERR,ERR,ERR,ERR,ERR,ERR,ERR,ERR,ERR,ERR,ERR,ERR,ERR,ERR,ERR,ERR,ERR,ERR,ERR,ERR,ERR,ERR,ERR,ERR,ERR,ERR,ERR,ERR,ERR,ERR,ERR,ERR,ERR,ERR,ERR,ERR,ERR,ERR,ERR,ERR,ERR,ERR,ERR,ERR,ERR,ERR,ERR,ERR,ERR,ERR,ERR,ERR,ERR,ERR,ERR,0.0,-107615296.0,-134474944.0,0.0,0.0,1.3936040501711995e+18,7.805,0.0,0,0,4,0,8422,0.0,45,0.0,0.0,0.0,0.0,0.0,0,0,0,0,0.0,0,0,0,0,0,0,0,0,0,0,0,0,0,0,0,0,0,0,0,0,0,0,0,0,0,0,0,0,0,0,0,0,0,38,14,7,45,65476,0,300,0,0,8,21553,0.0,-107605600.0,0.0,0.0,0.0,0.0,0.0,0.0,0.0,0.0,0.0,0.0,0.0,0.0,0.0,0.0,0.0,0.0,0.0,0.0,0.0,0.0,-2.004,0.0,-0.0,-2.004,0.0,0.0,0.0,0.0,5052.0,0.0,0.0,0.0,-107615296.0,-107615280.0,2.718429300292151e+23,0.0,0.0,0.0,0.0,53,-0.0,0.059,0.0,0.0,0.0,0.0,0.0,0.0,0.0,0,0,0,0.0,0.0,0.0,0.0,0.0,0.0,0.0,0.0,0.0,0.0,0.0,0.0,0.0,0.0,0.0,0.0,0,-107875648.0,53,0.0,106,-107614832.0,0.0,ERR,ERR,ERR,ERR,ERR,ERR,ERR,ERR,ERR,ERR,ERR,ERR,ERR,ERR,ERR,ERR,ERR,ERR,ERR,ERR,ERR,ERR,ERR,ERR,ERR,ERR,ERR,ERR,ERR,ERR,ERR,ERR,ERR,ERR,ERR,ERR,ERR,ERR,ERR,ERR,ERR,ERR,ERR,ERR,ERR,ERR,ERR,ERR,ERR,ERR,ERR,ERR,ERR,ERR,ERR,ERR,ERR,ERR,ERR,ERR,ERR,ERR,ERR,ERR,ERR,ERR,ERR,50.0,60.0,100,0.0,0.0,0.0,0.0,0.0,0.0,0.0,0.0,0.0,0.0,0.0,0.0,0.0,0.0,0.0,0.0,61.6,74,13,65511,50,65476,0,300,0,0,8,20529,65476,0,0,26214,60.0,0.0,0.0,0.0,0.0,0.0
2026-05-17T18:09:37,ERR,ERR,ERR,ERR,ERR,ERR,ERR,ERR,ERR,ERR,ERR,ERR,ERR,ERR,ERR,ERR,ERR,ERR,ERR,ERR,ERR,ERR,ERR,ERR,ERR,ERR,ERR,ERR,ERR,ERR,ERR,ERR,ERR,ERR,ERR,ERR,ERR,ERR,ERR,ERR,ERR,ERR,ERR,ERR,ERR,ERR,ERR,ERR,ERR,ERR,ERR,ERR,ERR,ERR,ERR,ERR,ERR,ERR,ERR,ERR,ERR,ERR,ERR,ERR,ERR,ERR,ERR,ERR,ERR,ERR,ERR,ERR,ERR,ERR,ERR,ERR,ERR,ERR,ERR,ERR,ERR,ERR,ERR,ERR,ERR,ERR,ERR,ERR,ERR,ERR,ERR,ERR,ERR,ERR,ERR,ERR,ERR,ERR,ERR,ERR,ERR,ERR,ERR,ERR,ERR,ERR,ERR,ERR,ERR,ERR,ERR,ERR,ERR,ERR,ERR,ERR,ERR,ERR,ERR,ERR,ERR,ERR,ERR,ERR,ERR,0.0,-107615296.0,-134474944.0,0.0,0.0,1.3936040501711995e+18,7.805,0.0,0,0,4,0,8422,0.0,45,0.0,0.0,0.0,0.0,0.0,0,0,0,0,0.0,0,0,0,0,0,0,0,0,0,0,0,0,0,0,0,0,0,0,0,0,0,0,0,0,0,0,0,0,0,0,0,0,0,38,14,7,45,65476,0,300,0,0,8,21553,0.0,-107605600.0,0.0,0.0,0.0,0.0,0.0,0.0,0.0,0.0,0.0,0.0,0.0,0.0,0.0,0.0,0.0,0.0,0.0,0.0,0.0,0.0,-2.004,0.0,-0.0,-2.004,0.0,0.0,0.0,0.0,5052.0,0.0,0.0,0.0,-107615296.0,-107615280.0,2.718429300292151e+23,0.0,0.0,0.0,0.0,53,-0.0,0.059,0.0,0.0,0.0,0.0,0.0,0.0,0.0,0,0,0,0.0,0.0,0.0,0.0,0.0,0.0,0.0,0.0,0.0,0.0,0.0,0.0,0.0,0.0,0.0,0.0,0,-107875648.0,53,0.0,106,-107614832.0,0.0,ERR,ERR,ERR,ERR,ERR,ERR,ERR,ERR,ERR,ERR,ERR,ERR,ERR,ERR,ERR,ERR,ERR,ERR,ERR,ERR,ERR,ERR,ERR,ERR,ERR,ERR,ERR,ERR,ERR,ERR,ERR,ERR,ERR,ERR,ERR,ERR,ERR,ERR,ERR,ERR,ERR,ERR,ERR,ERR,ERR,ERR,ERR,ERR,ERR,ERR,ERR,ERR,ERR,ERR,ERR,ERR,ERR,ERR,ERR,ERR,ERR,ERR,ERR,ERR,ERR,ERR,ERR,50.0,60.0,100,0.0,0.0,0.0,0.0,0.0,0.0,0.0,0.0,0.0,0.0,0.0,0.0,0.0,0.0,0.0,0.0,61.6,74,13,65511,50,65476,0,300,0,0,8,20529,65476,0,0,26214,60.0,0.0,0.0,0.0,0.0,0.0
2026-05-17T18:09:38,ERR,ERR,ERR,ERR,ERR,ERR,ERR,ERR,ERR,ERR,ERR,ERR,ERR,ERR,ERR,ERR,ERR,ERR,ERR,ERR,ERR,ERR,ERR,ERR,ERR,ERR,ERR,ERR,ERR,ERR,ERR,ERR,ERR,ERR,ERR,ERR,ERR,ERR,ERR,ERR,ERR,ERR,ERR,ERR,ERR,ERR,ERR,ERR,ERR,ERR,ERR,ERR,ERR,ERR,ERR,ERR,ERR,ERR,ERR,ERR,ERR,ERR,ERR,ERR,ERR,ERR,ERR,ERR,ERR,ERR,ERR,ERR,ERR,ERR,ERR,ERR,ERR,ERR,ERR,ERR,ERR,ERR,ERR,ERR,ERR,ERR,ERR,ERR,ERR,ERR,ERR,ERR,ERR,ERR,ERR,ERR,ERR,ERR,ERR,ERR,ERR,ERR,ERR,ERR,ERR,ERR,ERR,ERR,ERR,ERR,ERR,ERR,ERR,ERR,ERR,ERR,ERR,ERR,ERR,ERR,ERR,ERR,ERR,ERR,ERR,0.0,-107615296.0,-134474944.0,0.0,0.0,1.3936040501711995e+18,7.805,0.0,0,0,4,0,8422,0.0,45,0.0,0.0,0.0,0.0,0.0,0,0,0,0,0.0,0,0,0,0,0,0,0,0,0,0,0,0,0,0,0,0,0,0,0,0,0,0,0,0,0,0,0,0,0,0,0,0,0,38,14,7,45,65476,0,300,0,0,8,21553,0.0,-107605600.0,0.0,0.0,0.0,0.0,0.0,0.0,0.0,0.0,0.0,0.0,0.0,0.0,0.0,0.0,0.0,0.0,0.0,0.0,0.0,0.0,-2.004,0.0,-0.0,-2.004,0.0,0.0,0.0,0.0,5052.0,0.0,0.0,0.0,-107615296.0,-107615280.0,2.718429300292151e+23,0.0,0.0,0.0,0.0,53,-0.0,0.059,0.0,0.0,0.0,0.0,0.0,0.0,0.0,0,0,0,0.0,0.0,0.0,0.0,0.0,0.0,0.0,0.0,0.0,0.0,0.0,0.0,0.0,0.0,0.0,0.0,0,-107875648.0,53,0.0,106,-107614832.0,0.0,ERR,ERR,ERR,ERR,ERR,ERR,ERR,ERR,ERR,ERR,ERR,ERR,ERR,ERR,ERR,ERR,ERR,ERR,ERR,ERR,ERR,ERR,ERR,ERR,ERR,ERR,ERR,ERR,ERR,ERR,ERR,ERR,ERR,ERR,ERR,ERR,ERR,ERR,ERR,ERR,ERR,ERR,ERR,ERR,ERR,ERR,ERR,ERR,ERR,ERR,ERR,ERR,ERR,ERR,ERR,ERR,ERR,ERR,ERR,ERR,ERR,ERR,ERR,ERR,ERR,ERR,ERR,50.0,60.0,100,0.0,0.0,0.0,0.0,0.0,0.0,0.0,0.0,0.0,0.0,0.0,0.0,0.0,0.0,0.0,0.0,61.6,74,13,65511,50,65476,0,300,0,0,8,20529,65476,0,0,26214,60.0,0.0,0.0,0.0,0.0,0.0
2026-05-17T18:09:39,ERR,ERR,ERR,ERR,ERR,ERR,ERR,ERR,ERR,ERR,ERR,ERR,ERR,ERR,ERR,ERR,ERR,ERR,ERR,ERR,ERR,ERR,ERR,ERR,ERR,ERR,ERR,ERR,ERR,ERR,ERR,ERR,ERR,ERR,ERR,ERR,ERR,ERR,ERR,ERR,ERR,ERR,ERR,ERR,ERR,ERR,ERR,ERR,ERR,ERR,ERR,ERR,ERR,ERR,ERR,ERR,ERR,ERR,ERR,ERR,ERR,ERR,ERR,ERR,ERR,ERR,ERR,ERR,ERR,ERR,ERR,ERR,ERR,ERR,ERR,ERR,ERR,ERR,ERR,ERR,ERR,ERR,ERR,ERR,ERR,ERR,ERR,ERR,ERR,ERR,ERR,ERR,ERR,ERR,ERR,ERR,ERR,ERR,ERR,ERR,ERR,ERR,ERR,ERR,ERR,ERR,ERR,ERR,ERR,ERR,ERR,ERR,ERR,ERR,ERR,ERR,ERR,ERR,ERR,ERR,ERR,ERR,ERR,ERR,ERR,-107615288.0,-107615296.0,0.0,0.0,0.0,1.3936040501711995e+18,7.805,0.0,0,0,4,0,8422,0.0,45,0.0,0.0,0.0,0.0,0.0,0,0,0,0,0.0,0,0,0,0,0,0,0,0,0,0,0,0,0,0,0,0,0,0,0,0,0,0,0,0,0,0,0,0,0,0,0,0,0,38,14,7,45,65476,0,300,0,0,8,21553,0.0,-107605600.0,0.0,0.0,0.0,0.0,0.0,0.0,0.0,0.0,0.0,0.0,0.0,0.0,0.0,0.0,0.0,0.0,0.0,0.0,0.0,0.0,-2.004,0.0,2.004,-2.004,0.0,0.0,0.0,0.0,5048.0,0.0,0.0,-107615288.0,-107615296.0,-107615280.0,2.718429300292151e+23,0.0,0.0,0.0,0.0,53,-0.0,0.0,0.0,0.0,0.0,0.0,0.0,0.0,0.0,0,0,0,0.0,0.0,0.0,0.0,0.0,0.0,0.0,0.0,0.0,0.0,0.0,0.0,0.0,0.0,0.0,0.0,0,-107875648.0,53,0.0,106,-107614832.0,-0.0,ERR,ERR,ERR,ERR,ERR,ERR,ERR,ERR,ERR,ERR,ERR,ERR,ERR,ERR,ERR,ERR,ERR,ERR,ERR,ERR,ERR,ERR,ERR,ERR,ERR,ERR,ERR,ERR,ERR,ERR,ERR,ERR,ERR,ERR,ERR,ERR,ERR,ERR,ERR,ERR,ERR,ERR,ERR,ERR,ERR,ERR,ERR,ERR,ERR,ERR,ERR,ERR,ERR,ERR,ERR,ERR,ERR,ERR,ERR,ERR,ERR,ERR,ERR,ERR,ERR,ERR,ERR,50.0,60.0,100,0.0,0.0,0.0,0.0,0.0,0.0,0.0,0.0,0.0,0.0,0.0,0.0,0.0,0.0,0.0,0.0,61.6,74,13,65511,50,65476,0,300,0,0,8,20529,65476,0,0,26214,60.0,0.0,0.0,0.0,0.0,0.0
2026-05-17T18:09:40,ERR,ERR,ERR,ERR,ERR,ERR,ERR,ERR,ERR,ERR,ERR,ERR,ERR,ERR,ERR,ERR,ERR,ERR,ERR,ERR,ERR,ERR,ERR,ERR,ERR,ERR,ERR,ERR,ERR,ERR,ERR,ERR,ERR,ERR,ERR,ERR,ERR,ERR,ERR,ERR,ERR,ERR,ERR,ERR,ERR,ERR,ERR,ERR,ERR,ERR,ERR,ERR,ERR,ERR,ERR,ERR,ERR,ERR,ERR,ERR,ERR,ERR,ERR,ERR,ERR,ERR,ERR,ERR,ERR,ERR,ERR,ERR,ERR,ERR,ERR,ERR,ERR,ERR,ERR,ERR,ERR,ERR,ERR,ERR,ERR,ERR,ERR,ERR,ERR,ERR,ERR,ERR,ERR,ERR,ERR,ERR,ERR,ERR,ERR,ERR,ERR,ERR,ERR,ERR,ERR,ERR,ERR,ERR,ERR,ERR,ERR,ERR,ERR,ERR,ERR,ERR,ERR,ERR,ERR,ERR,ERR,ERR,ERR,ERR,ERR,-107615288.0,-107615296.0,0.0,0.0,0.0,1.3936040501711995e+18,7.805,0.0,0,0,4,0,8422,0.0,45,0.0,0.0,0.0,0.0,0.0,0,0,0,0,0.0,0,0,0,0,0,0,0,0,0,0,0,0,0,0,0,0,0,0,0,0,0,0,0,0,0,0,0,0,0,0,0,0,0,38,14,7,45,65476,0,300,0,0,8,21553,0.0,-107605600.0,0.0,0.0,0.0,0.0,0.0,0.0,0.0,0.0,0.0,0.0,0.0,0.0,0.0,0.0,0.0,0.0,0.0,0.0,0.0,0.0,-2.004,0.0,2.004,-2.004,0.0,0.0,0.0,0.0,5048.0,0.0,0.0,-107615288.0,-107615296.0,-107615280.0,2.718429300292151e+23,0.0,0.0,0.0,0.0,53,-0.0,0.0,0.0,0.0,0.0,0.0,0.0,0.0,0.0,0,0,0,0.0,0.0,0.0,0.0,0.0,0.0,0.0,0.0,0.0,0.0,0.0,0.0,0.0,0.0,0.0,0.0,0,-107875648.0,53,0.0,106,-107614832.0,-0.0,ERR,ERR,ERR,ERR,ERR,ERR,ERR,ERR,ERR,ERR,ERR,ERR,ERR,ERR,ERR,ERR,ERR,ERR,ERR,ERR,ERR,ERR,ERR,ERR,ERR,ERR,ERR,ERR,ERR,ERR,ERR,ERR,ERR,ERR,ERR,ERR,ERR,ERR,ERR,ERR,ERR,ERR,ERR,ERR,ERR,ERR,ERR,ERR,ERR,ERR,ERR,ERR,ERR,ERR,ERR,ERR,ERR,ERR,ERR,ERR,ERR,ERR,ERR,ERR,ERR,ERR,ERR,50.0,60.0,100,0.0,0.0,0.0,0.0,0.0,0.0,0.0,0.0,0.0,0.0,0.0,0.0,0.0,0.0,0.0,0.0,62.0,74,13,65511,50,65476,0,300,0,0,8,20529,65476,0,0,26214,60.0,0.0,0.0,0.0,0.0,0.0
2026-05-17T18:09:41,ERR,ERR,ERR,ERR,ERR,ERR,ERR,ERR,ERR,ERR,ERR,ERR,ERR,ERR,ERR,ERR,ERR,ERR,ERR,ERR,ERR,ERR,ERR,ERR,ERR,ERR,ERR,ERR,ERR,ERR,ERR,ERR,ERR,ERR,ERR,ERR,ERR,ERR,ERR,ERR,ERR,ERR,ERR,ERR,ERR,ERR,ERR,ERR,ERR,ERR,ERR,ERR,ERR,ERR,ERR,ERR,ERR,ERR,ERR,ERR,ERR,ERR,ERR,ERR,ERR,ERR,ERR,ERR,ERR,ERR,ERR,ERR,ERR,ERR,ERR,ERR,ERR,ERR,ERR,ERR,ERR,ERR,ERR,ERR,ERR,ERR,ERR,ERR,ERR,ERR,ERR,ERR,ERR,ERR,ERR,ERR,ERR,ERR,ERR,ERR,ERR,ERR,ERR,ERR,ERR,ERR,ERR,ERR,ERR,ERR,ERR,ERR,ERR,ERR,ERR,ERR,ERR,ERR,ERR,ERR,ERR,ERR,ERR,ERR,ERR,-107615288.0,-107615296.0,0.0,0.0,0.0,1.3936040501711995e+18,7.805,0.0,0,0,4,0,8422,0.0,45,0.0,0.0,0.0,0.0,0.0,0,0,0,0,0.0,0,0,0,0,0,0,0,0,0,0,0,0,0,0,0,0,0,0,0,0,0,0,0,0,0,0,0,0,0,0,0,0,0,38,14,7,45,65476,0,300,0,0,8,21553,0.0,-107605600.0,0.0,0.0,0.0,0.0,0.0,0.0,0.0,0.0,0.0,0.0,0.0,0.0,0.0,0.0,0.0,0.0,0.0,0.0,0.0,0.0,-2.004,0.0,2.004,-2.004,0.0,0.0,0.0,0.0,5048.0,0.0,0.0,-107615288.0,-107615296.0,-107615280.0,2.718429300292151e+23,0.0,0.0,0.0,0.0,53,-0.0,0.0,0.0,0.0,0.0,0.0,0.0,0.0,0.0,0,0,0,0.0,0.0,0.0,0.0,0.0,0.0,0.0,0.0,0.0,0.0,0.0,0.0,0.0,0.0,0.0,0.0,0,-107875648.0,53,0.0,106,-107614832.0,-0.0,ERR,ERR,ERR,ERR,ERR,ERR,ERR,ERR,ERR,ERR,ERR,ERR,ERR,ERR,ERR,ERR,ERR,ERR,ERR,ERR,ERR,ERR,ERR,ERR,ERR,ERR,ERR,ERR,ERR,ERR,ERR,ERR,ERR,ERR,ERR,ERR,ERR,ERR,ERR,ERR,ERR,ERR,ERR,ERR,ERR,ERR,ERR,ERR,ERR,ERR,ERR,ERR,ERR,ERR,ERR,ERR,ERR,ERR,ERR,ERR,ERR,ERR,ERR,ERR,ERR,ERR,ERR,50.0,60.0,100,0.0,0.0,0.0,0.0,0.0,0.0,0.0,0.0,0.0,0.0,0.0,0.0,0.0,0.0,0.0,0.0,61.6,74,13,65511,50,65476,0,300,0,0,8,20529,65476,0,0,26214,60.0,0.0,0.0,0.0,0.0,0.0
2026-05-17T18:09:42,ERR,ERR,ERR,ERR,ERR,ERR,ERR,ERR,ERR,ERR,ERR,ERR,ERR,ERR,ERR,ERR,ERR,ERR,ERR,ERR,ERR,ERR,ERR,ERR,ERR,ERR,ERR,ERR,ERR,ERR,ERR,ERR,ERR,ERR,ERR,ERR,ERR,ERR,ERR,ERR,ERR,ERR,ERR,ERR,ERR,ERR,ERR,ERR,ERR,ERR,ERR,ERR,ERR,ERR,ERR,ERR,ERR,ERR,ERR,ERR,ERR,ERR,ERR,ERR,ERR,ERR,ERR,ERR,ERR,ERR,ERR,ERR,ERR,ERR,ERR,ERR,ERR,ERR,ERR,ERR,ERR,ERR,ERR,ERR,ERR,ERR,ERR,ERR,ERR,ERR,ERR,ERR,ERR,ERR,ERR,ERR,ERR,ERR,ERR,ERR,ERR,ERR,ERR,ERR,ERR,ERR,ERR,ERR,ERR,ERR,ERR,ERR,ERR,ERR,ERR,ERR,ERR,ERR,ERR,ERR,ERR,ERR,ERR,ERR,ERR,-107615288.0,-107615296.0,0.0,0.0,0.0,1.3936040501711995e+18,7.805,0.0,0,0,4,0,8422,0.0,45,0.0,0.0,0.0,0.0,0.0,0,0,0,0,0.0,0,0,0,0,0,0,0,0,0,0,0,0,0,0,0,0,0,0,0,0,0,0,0,0,0,0,0,0,0,0,0,0,0,38,14,7,45,65476,0,300,0,0,8,21553,0.0,-107605600.0,0.0,0.0,0.0,0.0,0.0,0.0,0.0,0.0,0.0,0.0,0.0,0.0,0.0,0.0,0.0,0.0,0.0,0.0,0.0,0.0,-2.004,0.0,2.004,-2.004,0.0,0.0,0.0,0.0,5048.0,0.0,0.0,-107615288.0,-107615296.0,-107615280.0,2.718429300292151e+23,0.0,0.0,0.0,0.0,53,-0.0,0.0,0.0,0.0,0.0,0.0,0.0,0.0,0.0,0,0,0,0.0,0.0,0.0,0.0,0.0,0.0,0.0,0.0,0.0,0.0,0.0,0.0,0.0,0.0,0.0,0.0,0,-107875648.0,53,0.0,106,-107614832.0,-0.0,ERR,ERR,ERR,ERR,ERR,ERR,ERR,ERR,ERR,ERR,ERR,ERR,ERR,ERR,ERR,ERR,ERR,ERR,ERR,ERR,ERR,ERR,ERR,ERR,ERR,ERR,ERR,ERR,ERR,ERR,ERR,ERR,ERR,ERR,ERR,ERR,ERR,ERR,ERR,ERR,ERR,ERR,ERR,ERR,ERR,ERR,ERR,ERR,ERR,ERR,ERR,ERR,ERR,ERR,ERR,ERR,ERR,ERR,ERR,ERR,ERR,ERR,ERR,ERR,ERR,ERR,ERR,50.0,60.0,100,0.0,0.0,0.0,0.0,0.0,0.0,0.0,0.0,0.0,0.0,0.0,0.0,0.0,0.0,0.0,0.0,61.6,74,13,65511,50,65476,0,300,0,0,8,20529,65476,0,0,26214,60.0,0.0,0.0,0.0,0.0,0.0
2026-05-17T18:09:43,ERR,ERR,ERR,ERR,ERR,ERR,ERR,ERR,ERR,ERR,ERR,ERR,ERR,ERR,ERR,ERR,ERR,ERR,ERR,ERR,ERR,ERR,ERR,ERR,ERR,ERR,ERR,ERR,ERR,ERR,ERR,ERR,ERR,ERR,ERR,ERR,ERR,ERR,ERR,ERR,ERR,ERR,ERR,ERR,ERR,ERR,ERR,ERR,ERR,ERR,ERR,ERR,ERR,ERR,ERR,ERR,ERR,ERR,ERR,ERR,ERR,ERR,ERR,ERR,ERR,ERR,ERR,ERR,ERR,ERR,ERR,ERR,ERR,ERR,ERR,ERR,ERR,ERR,ERR,ERR,ERR,ERR,ERR,ERR,ERR,ERR,ERR,ERR,ERR,ERR,ERR,ERR,ERR,ERR,ERR,ERR,ERR,ERR,ERR,ERR,ERR,ERR,ERR,ERR,ERR,ERR,ERR,ERR,ERR,ERR,ERR,ERR,ERR,ERR,ERR,ERR,ERR,ERR,ERR,ERR,ERR,ERR,ERR,ERR,ERR,-107615288.0,-107615296.0,0.0,0.0,0.0,1.3936040501711995e+18,7.805,0.0,0,0,4,0,8422,0.0,45,0.0,0.0,0.0,0.0,0.0,0,0,0,0,0.0,0,0,0,0,0,0,0,0,0,0,0,0,0,0,0,0,0,0,0,0,0,0,0,0,0,0,0,0,0,0,0,0,0,38,14,7,45,65476,0,300,0,0,8,21553,0.0,-107605600.0,0.0,0.0,0.0,0.0,0.0,0.0,0.0,0.0,0.0,0.0,0.0,0.0,0.0,0.0,0.0,0.0,0.0,0.0,0.0,0.0,-2.004,0.0,2.004,-2.004,0.0,0.0,0.0,0.0,5048.0,0.0,0.0,-107615288.0,-107615296.0,-107615280.0,2.718429300292151e+23,0.0,0.0,0.0,0.0,53,-0.0,0.0,0.0,0.0,0.0,0.0,0.0,0.0,0.0,0,0,0,0.0,0.0,0.0,0.0,0.0,0.0,0.0,0.0,0.0,0.0,0.0,0.0,0.0,0.0,0.0,0.0,0,-107875648.0,53,0.0,106,-107614832.0,-0.0,ERR,ERR,ERR,ERR,ERR,ERR,ERR,ERR,ERR,ERR,ERR,ERR,ERR,ERR,ERR,ERR,ERR,ERR,ERR,ERR,ERR,ERR,ERR,ERR,ERR,ERR,ERR,ERR,ERR,ERR,ERR,ERR,ERR,ERR,ERR,ERR,ERR,ERR,ERR,ERR,ERR,ERR,ERR,ERR,ERR,ERR,ERR,ERR,ERR,ERR,ERR,ERR,ERR,ERR,ERR,ERR,ERR,ERR,ERR,ERR,ERR,ERR,ERR,ERR,ERR,ERR,ERR,50.0,60.0,100,0.0,0.0,0.0,0.0,0.0,0.0,0.0,0.0,0.0,0.0,0.0,0.0,0.0,0.0,0.0,0.0,61.6,74,13,65511,50,65476,0,300,0,0,8,20529,65476,0,0,26214,60.0,0.0,0.0,0.0,0.0,0.0
2026-05-17T18:09:44,ERR,ERR,ERR,ERR,ERR,ERR,ERR,ERR,ERR,ERR,ERR,ERR,ERR,ERR,ERR,ERR,ERR,ERR,ERR,ERR,ERR,ERR,ERR,ERR,ERR,ERR,ERR,ERR,ERR,ERR,ERR,ERR,ERR,ERR,ERR,ERR,ERR,ERR,ERR,ERR,ERR,ERR,ERR,ERR,ERR,ERR,ERR,ERR,ERR,ERR,ERR,ERR,ERR,ERR,ERR,ERR,ERR,ERR,ERR,ERR,ERR,ERR,ERR,ERR,ERR,ERR,ERR,ERR,ERR,ERR,ERR,ERR,ERR,ERR,ERR,ERR,ERR,ERR,ERR,ERR,ERR,ERR,ERR,ERR,ERR,ERR,ERR,ERR,ERR,ERR,ERR,ERR,ERR,ERR,ERR,ERR,ERR,ERR,ERR,ERR,ERR,ERR,ERR,ERR,ERR,ERR,ERR,ERR,ERR,ERR,ERR,ERR,ERR,ERR,ERR,ERR,ERR,ERR,ERR,ERR,ERR,ERR,ERR,ERR,ERR,-107615288.0,-107615296.0,0.0,0.0,0.0,1.3936040501711995e+18,7.805,0.0,0,0,4,0,8422,0.0,45,0.0,0.0,0.0,0.0,0.0,0,0,0,0,0.0,0,0,0,0,0,0,0,0,0,0,0,0,0,0,0,0,0,0,0,0,0,0,0,0,0,0,0,0,0,0,0,0,0,38,14,7,45,65476,0,300,0,0,8,21553,0.0,-107605600.0,0.0,0.0,0.0,0.0,0.0,0.0,0.0,0.0,0.0,0.0,0.0,0.0,0.0,0.0,0.0,0.0,0.0,0.0,0.0,0.0,-2.004,-2.004,-0.0,0.0,0.0,0.0,0.0,0.0,5055.0,131350.453,0.0,-107615288.0,-107615296.0,-107615280.0,2.718429300292151e+23,0.0,0.0,0.0,0.0,53,-0.0,126840545280.0,0.0,0.0,0.0,0.0,0.0,0.0,0.0,0,0,0,0.0,0.0,0.0,0.0,0.0,0.0,0.0,0.0,0.0,0.0,0.0,0.0,0.0,0.0,0.0,0.0,0,-107875648.0,53,0.0,106,-107614832.0,0.0,ERR,ERR,ERR,ERR,ERR,ERR,ERR,ERR,ERR,ERR,ERR,ERR,ERR,ERR,ERR,ERR,ERR,ERR,ERR,ERR,ERR,ERR,ERR,ERR,ERR,ERR,ERR,ERR,ERR,ERR,ERR,ERR,ERR,ERR,ERR,ERR,ERR,ERR,ERR,ERR,ERR,ERR,ERR,ERR,ERR,ERR,ERR,ERR,ERR,ERR,ERR,ERR,ERR,ERR,ERR,ERR,ERR,ERR,ERR,ERR,ERR,ERR,ERR,ERR,ERR,ERR,ERR,50.0,60.0,100,0.0,0.0,0.0,0.0,0.0,0.0,0.0,0.0,0.0,0.0,0.0,0.0,0.0,0.0,0.0,0.0,61.6,74,13,65511,50,65476,0,300,0,0,8,20529,65476,0,0,26214,60.0,0.0,0.0,0.0,0.0,0.0
2026-05-17T18:09:45,ERR,ERR,ERR,ERR,ERR,ERR,ERR,ERR,ERR,ERR,ERR,ERR,ERR,ERR,ERR,ERR,ERR,ERR,ERR,ERR,ERR,ERR,ERR,ERR,ERR,ERR,ERR,ERR,ERR,ERR,ERR,ERR,ERR,ERR,ERR,ERR,ERR,ERR,ERR,ERR,ERR,ERR,ERR,ERR,ERR,ERR,ERR,ERR,ERR,ERR,ERR,ERR,ERR,ERR,ERR,ERR,ERR,ERR,ERR,ERR,ERR,ERR,ERR,ERR,ERR,ERR,ERR,ERR,ERR,ERR,ERR,ERR,ERR,ERR,ERR,ERR,ERR,ERR,ERR,ERR,ERR,ERR,ERR,ERR,ERR,ERR,ERR,ERR,ERR,ERR,ERR,ERR,ERR,ERR,ERR,ERR,ERR,ERR,ERR,ERR,ERR,ERR,ERR,ERR,ERR,ERR,ERR,ERR,ERR,ERR,ERR,ERR,ERR,ERR,ERR,ERR,ERR,ERR,ERR,ERR,ERR,ERR,ERR,ERR,ERR,-107615288.0,-107615296.0,0.0,0.0,0.0,1.3936040501711995e+18,7.805,0.0,0,0,4,0,8422,0.0,45,0.0,0.0,0.0,0.0,0.0,0,0,0,0,0.0,0,0,0,0,0,0,0,0,0,0,0,0,0,0,0,0,0,0,0,0,0,0,0,0,0,0,0,0,0,0,0,0,0,38,14,7,45,65476,0,300,0,0,8,21553,0.0,-107605600.0,0.0,0.0,0.0,0.0,0.0,0.0,0.0,0.0,0.0,0.0,0.0,0.0,0.0,0.0,0.0,0.0,0.0,0.0,0.0,0.0,-2.004,-2.004,-0.0,0.0,0.0,0.0,0.0,0.0,5055.0,131350.453,0.0,-107615288.0,-107615296.0,-107615280.0,2.718429300292151e+23,0.0,0.0,0.0,0.0,53,-0.0,126840545280.0,0.0,0.0,0.0,0.0,0.0,0.0,0.0,0,0,0,0.0,0.0,0.0,0.0,0.0,0.0,0.0,0.0,0.0,0.0,0.0,0.0,0.0,0.0,0.0,0.0,0,-107875648.0,53,0.0,106,-107614832.0,0.0,ERR,ERR,ERR,ERR,ERR,ERR,ERR,ERR,ERR,ERR,ERR,ERR,ERR,ERR,ERR,ERR,ERR,ERR,ERR,ERR,ERR,ERR,ERR,ERR,ERR,ERR,ERR,ERR,ERR,ERR,ERR,ERR,ERR,ERR,ERR,ERR,ERR,ERR,ERR,ERR,ERR,ERR,ERR,ERR,ERR,ERR,ERR,ERR,ERR,ERR,ERR,ERR,ERR,ERR,ERR,ERR,ERR,ERR,ERR,ERR,ERR,ERR,ERR,ERR,ERR,ERR,ERR,50.0,60.0,100,0.0,0.0,0.0,0.0,0.0,0.0,0.0,0.0,0.0,0.0,0.0,0.0,0.0,0.0,0.0,0.0,61.6,74,13,65511,50,65476,0,300,0,0,8,20529,65476,0,0,26214,60.0,0.0,0.0,0.0,0.0,0.0
2026-05-17T18:09:46,ERR,ERR,ERR,ERR,ERR,ERR,ERR,ERR,ERR,ERR,ERR,ERR,ERR,ERR,ERR,ERR,ERR,ERR,ERR,ERR,ERR,ERR,ERR,ERR,ERR,ERR,ERR,ERR,ERR,ERR,ERR,ERR,ERR,ERR,ERR,ERR,ERR,ERR,ERR,ERR,ERR,ERR,ERR,ERR,ERR,ERR,ERR,ERR,ERR,ERR,ERR,ERR,ERR,ERR,ERR,ERR,ERR,ERR,ERR,ERR,ERR,ERR,ERR,ERR,ERR,ERR,ERR,ERR,ERR,ERR,ERR,ERR,ERR,ERR,ERR,ERR,ERR,ERR,ERR,ERR,ERR,ERR,ERR,ERR,ERR,ERR,ERR,ERR,ERR,ERR,ERR,ERR,ERR,ERR,ERR,ERR,ERR,ERR,ERR,ERR,ERR,ERR,ERR,ERR,ERR,ERR,ERR,ERR,ERR,ERR,ERR,ERR,ERR,ERR,ERR,ERR,ERR,ERR,ERR,ERR,ERR,ERR,ERR,ERR,ERR,-107615288.0,-107615296.0,0.0,0.0,0.0,1.3936040501711995e+18,7.805,0.0,0,0,4,0,8422,0.0,45,0.0,0.0,0.0,0.0,0.0,0,0,0,0,0.0,0,0,0,0,0,0,0,0,0,0,0,0,0,0,0,0,0,0,0,0,0,0,0,0,0,0,0,0,0,0,0,0,0,38,14,7,45,65476,0,300,0,0,8,21553,0.0,-107605600.0,0.0,0.0,0.0,0.0,0.0,0.0,0.0,0.0,0.0,0.0,0.0,0.0,0.0,0.0,0.0,0.0,0.0,0.0,0.0,0.0,-2.004,-2.004,-0.0,0.0,0.0,0.0,0.0,0.0,5055.0,131350.453,0.0,-107615288.0,-107615296.0,-107615280.0,2.718429300292151e+23,0.0,0.0,0.0,0.0,53,-0.0,126840545280.0,0.0,0.0,0.0,0.0,0.0,0.0,0.0,0,0,0,0.0,0.0,0.0,0.0,0.0,0.0,0.0,0.0,0.0,0.0,0.0,0.0,0.0,0.0,0.0,0.0,0,-107875648.0,53,0.0,106,-107614832.0,0.0,ERR,ERR,ERR,ERR,ERR,ERR,ERR,ERR,ERR,ERR,ERR,ERR,ERR,ERR,ERR,ERR,ERR,ERR,ERR,ERR,ERR,ERR,ERR,ERR,ERR,ERR,ERR,ERR,ERR,ERR,ERR,ERR,ERR,ERR,ERR,ERR,ERR,ERR,ERR,ERR,ERR,ERR,ERR,ERR,ERR,ERR,ERR,ERR,ERR,ERR,ERR,ERR,ERR,ERR,ERR,ERR,ERR,ERR,ERR,ERR,ERR,ERR,ERR,ERR,ERR,ERR,ERR,50.0,60.0,100,0.0,0.0,0.0,0.0,0.0,0.0,0.0,0.0,0.0,0.0,0.0,0.0,0.0,0.0,0.0,0.0,61.6,74,13,65511,50,65476,0,300,0,0,8,20529,65476,0,0,26214,60.0,0.0,0.0,0.0,0.0,0.0
2026-05-17T18:09:47,ERR,ERR,ERR,ERR,ERR,ERR,ERR,ERR,ERR,ERR,ERR,ERR,ERR,ERR,ERR,ERR,ERR,ERR,ERR,ERR,ERR,ERR,ERR,ERR,ERR,ERR,ERR,ERR,ERR,ERR,ERR,ERR,ERR,ERR,ERR,ERR,ERR,ERR,ERR,ERR,ERR,ERR,ERR,ERR,ERR,ERR,ERR,ERR,ERR,ERR,ERR,ERR,ERR,ERR,ERR,ERR,ERR,ERR,ERR,ERR,ERR,ERR,ERR,ERR,ERR,ERR,ERR,ERR,ERR,ERR,ERR,ERR,ERR,ERR,ERR,ERR,ERR,ERR,ERR,ERR,ERR,ERR,ERR,ERR,ERR,ERR,ERR,ERR,ERR,ERR,ERR,ERR,ERR,ERR,ERR,ERR,ERR,ERR,ERR,ERR,ERR,ERR,ERR,ERR,ERR,ERR,ERR,ERR,ERR,ERR,ERR,ERR,ERR,ERR,ERR,ERR,ERR,ERR,ERR,ERR,ERR,ERR,ERR,ERR,ERR,-107615288.0,-107615296.0,0.0,0.0,0.0,1.3936040501711995e+18,7.805,0.0,0,0,4,0,8422,0.0,45,0.0,0.0,0.0,0.0,0.0,0,0,0,0,0.0,0,0,0,0,0,0,0,0,0,0,0,0,0,0,0,0,0,0,0,0,0,0,0,0,0,0,0,0,0,0,0,0,0,38,14,7,45,65476,0,300,0,0,8,21553,0.0,-107605600.0,0.0,0.0,0.0,0.0,0.0,0.0,0.0,0.0,0.0,0.0,0.0,0.0,0.0,0.0,0.0,0.0,0.0,0.0,0.0,0.0,-2.004,-2.004,-0.0,0.0,0.0,0.0,0.0,0.0,5055.0,131350.453,0.0,-107615288.0,-107615296.0,-107615280.0,2.718429300292151e+23,0.0,0.0,0.0,0.0,53,-0.0,126840545280.0,0.0,0.0,0.0,0.0,0.0,0.0,0.0,0,0,0,0.0,0.0,0.0,0.0,0.0,0.0,0.0,0.0,0.0,0.0,0.0,0.0,0.0,0.0,0.0,0.0,0,-107875648.0,53,0.0,106,-107614832.0,0.0,ERR,ERR,ERR,ERR,ERR,ERR,ERR,ERR,ERR,ERR,ERR,ERR,ERR,ERR,ERR,ERR,ERR,ERR,ERR,ERR,ERR,ERR,ERR,ERR,ERR,ERR,ERR,ERR,ERR,ERR,ERR,ERR,ERR,ERR,ERR,ERR,ERR,ERR,ERR,ERR,ERR,ERR,ERR,ERR,ERR,ERR,ERR,ERR,ERR,ERR,ERR,ERR,ERR,ERR,ERR,ERR,ERR,ERR,ERR,ERR,ERR,ERR,ERR,ERR,ERR,ERR,ERR,50.0,60.0,100,0.0,0.0,0.0,0.0,0.0,0.0,0.0,0.0,0.0,0.0,0.0,0.0,0.0,0.0,0.0,0.0,61.6,74,13,65511,50,65476,0,300,0,0,8,20529,65476,0,0,26214,60.0,0.0,0.0,0.0,0.0,0.0
2026-05-17T18:09:48,ERR,ERR,ERR,ERR,ERR,ERR,ERR,ERR,ERR,ERR,ERR,ERR,ERR,ERR,ERR,ERR,ERR,ERR,ERR,ERR,ERR,ERR,ERR,ERR,ERR,ERR,ERR,ERR,ERR,ERR,ERR,ERR,ERR,ERR,ERR,ERR,ERR,ERR,ERR,ERR,ERR,ERR,ERR,ERR,ERR,ERR,ERR,ERR,ERR,ERR,ERR,ERR,ERR,ERR,ERR,ERR,ERR,ERR,ERR,ERR,ERR,ERR,ERR,ERR,ERR,ERR,ERR,ERR,ERR,ERR,ERR,ERR,ERR,ERR,ERR,ERR,ERR,ERR,ERR,ERR,ERR,ERR,ERR,ERR,ERR,ERR,ERR,ERR,ERR,ERR,ERR,ERR,ERR,ERR,ERR,ERR,ERR,ERR,ERR,ERR,ERR,ERR,ERR,ERR,ERR,ERR,ERR,ERR,ERR,ERR,ERR,ERR,ERR,ERR,ERR,ERR,ERR,ERR,ERR,ERR,ERR,ERR,ERR,ERR,ERR,-107615288.0,-107615296.0,0.0,0.0,0.0,1.3936040501711995e+18,7.805,0.0,0,0,4,0,8422,0.0,45,0.0,0.0,0.0,0.0,0.0,0,0,0,0,0.0,0,0,0,0,0,0,0,0,0,0,0,0,0,0,0,0,0,0,0,0,0,0,0,0,0,0,0,0,0,0,0,0,0,38,14,7,45,65476,0,300,0,0,8,21553,0.0,-107605600.0,0.0,0.0,0.0,0.0,0.0,0.0,0.0,0.0,0.0,0.0,0.0,0.0,0.0,0.0,0.0,0.0,0.0,0.0,0.0,0.0,-2.004,-2.004,-0.0,0.0,0.0,0.0,0.0,0.0,5055.0,131350.453,0.0,-107615288.0,-107615296.0,-107615280.0,2.718429300292151e+23,0.0,0.0,0.0,0.0,53,-0.0,126840545280.0,0.0,0.0,0.0,0.0,0.0,0.0,0.0,0,0,0,0.0,0.0,0.0,0.0,0.0,0.0,0.0,0.0,0.0,0.0,0.0,0.0,0.0,0.0,0.0,0.0,0,-107875648.0,53,0.0,106,-107614832.0,0.0,ERR,ERR,ERR,ERR,ERR,ERR,ERR,ERR,ERR,ERR,ERR,ERR,ERR,ERR,ERR,ERR,ERR,ERR,ERR,ERR,ERR,ERR,ERR,ERR,ERR,ERR,ERR,ERR,ERR,ERR,ERR,ERR,ERR,ERR,ERR,ERR,ERR,ERR,ERR,ERR,ERR,ERR,ERR,ERR,ERR,ERR,ERR,ERR,ERR,ERR,ERR,ERR,ERR,ERR,ERR,ERR,ERR,ERR,ERR,ERR,ERR,ERR,ERR,ERR,ERR,ERR,ERR,50.0,60.0,100,0.0,0.0,0.0,0.0,0.0,0.0,0.0,0.0,0.0,0.0,0.0,0.0,0.0,0.0,0.0,0.0,61.6,74,13,65511,50,65476,0,300,0,0,8,20529,65476,0,0,26214,60.0,0.0,0.0,0.0,0.0,0.0
2026-05-17T18:09:49,ERR,ERR,ERR,ERR,ERR,ERR,ERR,ERR,ERR,ERR,ERR,ERR,ERR,ERR,ERR,ERR,ERR,ERR,ERR,ERR,ERR,ERR,ERR,ERR,ERR,ERR,ERR,ERR,ERR,ERR,ERR,ERR,ERR,ERR,ERR,ERR,ERR,ERR,ERR,ERR,ERR,ERR,ERR,ERR,ERR,ERR,ERR,ERR,ERR,ERR,ERR,ERR,ERR,ERR,ERR,ERR,ERR,ERR,ERR,ERR,ERR,ERR,ERR,ERR,ERR,ERR,ERR,ERR,ERR,ERR,ERR,ERR,ERR,ERR,ERR,ERR,ERR,ERR,ERR,ERR,ERR,ERR,ERR,ERR,ERR,ERR,ERR,ERR,ERR,ERR,ERR,ERR,ERR,ERR,ERR,ERR,ERR,ERR,ERR,ERR,ERR,ERR,ERR,ERR,ERR,ERR,ERR,ERR,ERR,ERR,ERR,ERR,ERR,ERR,ERR,ERR,ERR,ERR,ERR,ERR,ERR,ERR,ERR,ERR,ERR,-107615288.0,-107615296.0,0.0,0.0,0.0,1.3936040501711995e+18,7.805,0.0,0,0,4,0,8422,0.0,45,0.0,0.0,0.0,0.0,0.0,0,0,0,0,0.0,0,0,0,0,0,0,0,0,0,0,0,0,0,0,0,0,0,0,0,0,0,0,0,0,0,0,0,0,0,0,0,0,0,38,14,7,45,65476,0,300,0,0,8,21553,0.0,-107605600.0,0.0,0.0,0.0,0.0,0.0,0.0,0.0,0.0,0.0,0.0,0.0,0.0,0.0,0.0,0.0,0.0,0.0,0.0,0.0,0.0,-2.004,0.0,-0.0,-2.004,0.0,0.0,0.0,0.0,5025.0,0.0,0.0,-107615288.0,-107615296.0,-0.0,2.718429300292151e+23,0.0,0.0,0.0,0.0,53,-0.059,0.0,0.0,0.0,0.0,0.0,0.0,0.0,0.0,0,0,0,0.0,0.0,0.0,0.0,0.0,0.0,0.0,0.0,0.0,0.0,0.0,0.0,0.0,0.0,0.0,0.0,0,-107875648.0,53,0.0,106,-107614832.0,-0.0,ERR,ERR,ERR,ERR,ERR,ERR,ERR,ERR,ERR,ERR,ERR,ERR,ERR,ERR,ERR,ERR,ERR,ERR,ERR,ERR,ERR,ERR,ERR,ERR,ERR,ERR,ERR,ERR,ERR,ERR,ERR,ERR,ERR,ERR,ERR,ERR,ERR,ERR,ERR,ERR,ERR,ERR,ERR,ERR,ERR,ERR,ERR,ERR,ERR,ERR,ERR,ERR,ERR,ERR,ERR,ERR,ERR,ERR,ERR,ERR,ERR,ERR,ERR,ERR,ERR,ERR,ERR,50.0,60.0,100,0.0,0.0,0.0,0.0,0.0,0.0,0.0,0.0,0.0,0.0,0.0,0.0,0.0,0.0,0.0,0.0,61.6,74,13,65511,50,65476,0,300,0,0,8,20529,65476,0,0,26214,60.0,0.0,0.0,0.0,0.0,0.0
2026-05-17T18:09:50,ERR,ERR,ERR,ERR,ERR,ERR,ERR,ERR,ERR,ERR,ERR,ERR,ERR,ERR,ERR,ERR,ERR,ERR,ERR,ERR,ERR,ERR,ERR,ERR,ERR,ERR,ERR,ERR,ERR,ERR,ERR,ERR,ERR,ERR,ERR,ERR,ERR,ERR,ERR,ERR,ERR,ERR,ERR,ERR,ERR,ERR,ERR,ERR,ERR,ERR,ERR,ERR,ERR,ERR,ERR,ERR,ERR,ERR,ERR,ERR,ERR,ERR,ERR,ERR,ERR,ERR,ERR,ERR,ERR,ERR,ERR,ERR,ERR,ERR,ERR,ERR,ERR,ERR,ERR,ERR,ERR,ERR,ERR,ERR,ERR,ERR,ERR,ERR,ERR,ERR,ERR,ERR,ERR,ERR,ERR,ERR,ERR,ERR,ERR,ERR,ERR,ERR,ERR,ERR,ERR,ERR,ERR,ERR,ERR,ERR,ERR,ERR,ERR,ERR,ERR,ERR,ERR,ERR,ERR,ERR,ERR,ERR,ERR,ERR,ERR,-107615288.0,-107615296.0,0.0,0.0,0.0,1.3936040501711995e+18,7.805,0.0,0,0,4,0,8422,0.0,45,0.0,0.0,0.0,0.0,0.0,0,0,0,0,0.0,0,0,0,0,0,0,0,0,0,0,0,0,0,0,0,0,0,0,0,0,0,0,0,0,0,0,0,0,0,0,0,0,0,38,14,7,45,65476,0,300,0,0,8,21553,0.0,-107605600.0,0.0,0.0,0.0,0.0,0.0,0.0,0.0,0.0,0.0,0.0,0.0,0.0,0.0,0.0,0.0,0.0,0.0,0.0,0.0,0.0,-2.004,0.0,-0.0,-2.004,0.0,0.0,0.0,0.0,5025.0,0.0,0.0,-107615288.0,-107615296.0,-0.0,2.718429300292151e+23,0.0,0.0,0.0,0.0,53,-0.059,0.0,0.0,0.0,0.0,0.0,0.0,0.0,0.0,0,0,0,0.0,0.0,0.0,0.0,0.0,0.0,0.0,0.0,0.0,0.0,0.0,0.0,0.0,0.0,0.0,0.0,0,-107875648.0,53,0.0,106,-107614832.0,-0.0,ERR,ERR,ERR,ERR,ERR,ERR,ERR,ERR,ERR,ERR,ERR,ERR,ERR,ERR,ERR,ERR,ERR,ERR,ERR,ERR,ERR,ERR,ERR,ERR,ERR,ERR,ERR,ERR,ERR,ERR,ERR,ERR,ERR,ERR,ERR,ERR,ERR,ERR,ERR,ERR,ERR,ERR,ERR,ERR,ERR,ERR,ERR,ERR,ERR,ERR,ERR,ERR,ERR,ERR,ERR,ERR,ERR,ERR,ERR,ERR,ERR,ERR,ERR,ERR,ERR,ERR,ERR,50.0,60.0,100,0.0,0.0,0.0,0.0,0.0,0.0,0.0,0.0,0.0,0.0,0.0,0.0,0.0,0.0,0.0,0.0,62.0,74,13,65511,50,65476,0,300,0,0,8,20529,65476,0,0,26214,60.0,0.0,0.0,0.0,0.0,0.0
2026-05-17T18:09:51,ERR,ERR,ERR,ERR,ERR,ERR,ERR,ERR,ERR,ERR,ERR,ERR,ERR,ERR,ERR,ERR,ERR,ERR,ERR,ERR,ERR,ERR,ERR,ERR,ERR,ERR,ERR,ERR,ERR,ERR,ERR,ERR,ERR,ERR,ERR,ERR,ERR,ERR,ERR,ERR,ERR,ERR,ERR,ERR,ERR,ERR,ERR,ERR,ERR,ERR,ERR,ERR,ERR,ERR,ERR,ERR,ERR,ERR,ERR,ERR,ERR,ERR,ERR,ERR,ERR,ERR,ERR,ERR,ERR,ERR,ERR,ERR,ERR,ERR,ERR,ERR,ERR,ERR,ERR,ERR,ERR,ERR,ERR,ERR,ERR,ERR,ERR,ERR,ERR,ERR,ERR,ERR,ERR,ERR,ERR,ERR,ERR,ERR,ERR,ERR,ERR,ERR,ERR,ERR,ERR,ERR,ERR,ERR,ERR,ERR,ERR,ERR,ERR,ERR,ERR,ERR,ERR,ERR,ERR,ERR,ERR,ERR,ERR,ERR,ERR,-107615288.0,-107615296.0,0.0,0.0,0.0,1.3936040501711995e+18,7.805,0.0,0,0,4,0,8422,0.0,45,0.0,0.0,0.0,0.0,0.0,0,0,0,0,0.0,0,0,0,0,0,0,0,0,0,0,0,0,0,0,0,0,0,0,0,0,0,0,0,0,0,0,0,0,0,0,0,0,0,38,14,7,45,65476,0,300,0,0,8,21553,0.0,-107605600.0,0.0,0.0,0.0,0.0,0.0,0.0,0.0,0.0,0.0,0.0,0.0,0.0,0.0,0.0,0.0,0.0,0.0,0.0,0.0,0.0,-2.004,0.0,-0.0,-2.004,0.0,0.0,0.0,0.0,5025.0,0.0,0.0,-107615288.0,-107615296.0,-0.0,2.718429300292151e+23,0.0,0.0,0.0,0.0,53,-0.059,0.0,0.0,0.0,0.0,0.0,0.0,0.0,0.0,0,0,0,0.0,0.0,0.0,0.0,0.0,0.0,0.0,0.0,0.0,0.0,0.0,0.0,0.0,0.0,0.0,0.0,0,-107875648.0,53,0.0,106,-107614832.0,-0.0,ERR,ERR,ERR,ERR,ERR,ERR,ERR,ERR,ERR,ERR,ERR,ERR,ERR,ERR,ERR,ERR,ERR,ERR,ERR,ERR,ERR,ERR,ERR,ERR,ERR,ERR,ERR,ERR,ERR,ERR,ERR,ERR,ERR,ERR,ERR,ERR,ERR,ERR,ERR,ERR,ERR,ERR,ERR,ERR,ERR,ERR,ERR,ERR,ERR,ERR,ERR,ERR,ERR,ERR,ERR,ERR,ERR,ERR,ERR,ERR,ERR,ERR,ERR,ERR,ERR,ERR,ERR,50.0,60.0,100,0.0,0.0,0.0,0.0,0.0,0.0,0.0,0.0,0.0,0.0,0.0,0.0,0.0,0.0,0.0,0.0,62.0,74,13,65511,50,65476,0,300,0,0,8,20529,65476,0,0,26214,60.0,0.0,0.0,0.0,0.0,0.0
2026-05-17T18:09:52,ERR,ERR,ERR,ERR,ERR,ERR,ERR,ERR,ERR,ERR,ERR,ERR,ERR,ERR,ERR,ERR,ERR,ERR,ERR,ERR,ERR,ERR,ERR,ERR,ERR,ERR,ERR,ERR,ERR,ERR,ERR,ERR,ERR,ERR,ERR,ERR,ERR,ERR,ERR,ERR,ERR,ERR,ERR,ERR,ERR,ERR,ERR,ERR,ERR,ERR,ERR,ERR,ERR,ERR,ERR,ERR,ERR,ERR,ERR,ERR,ERR,ERR,ERR,ERR,ERR,ERR,ERR,ERR,ERR,ERR,ERR,ERR,ERR,ERR,ERR,ERR,ERR,ERR,ERR,ERR,ERR,ERR,ERR,ERR,ERR,ERR,ERR,ERR,ERR,ERR,ERR,ERR,ERR,ERR,ERR,ERR,ERR,ERR,ERR,ERR,ERR,ERR,ERR,ERR,ERR,ERR,ERR,ERR,ERR,ERR,ERR,ERR,ERR,ERR,ERR,ERR,ERR,ERR,ERR,ERR,ERR,ERR,ERR,ERR,ERR,-107615288.0,-107615296.0,0.0,0.0,0.0,1.3936040501711995e+18,7.805,0.0,0,0,4,0,8422,0.0,45,0.0,0.0,0.0,0.0,0.0,0,0,0,0,0.0,0,0,0,0,0,0,0,0,0,0,0,0,0,0,0,0,0,0,0,0,0,0,0,0,0,0,0,0,0,0,0,0,0,38,14,7,45,65476,0,300,0,0,8,21553,0.0,-107605600.0,0.0,0.0,0.0,0.0,0.0,0.0,0.0,0.0,0.0,0.0,0.0,0.0,0.0,0.0,0.0,0.0,0.0,0.0,0.0,0.0,-2.004,0.0,-0.0,-2.004,0.0,0.0,0.0,0.0,5025.0,0.0,0.0,-107615288.0,-107615296.0,-0.0,2.718429300292151e+23,0.0,0.0,0.0,0.0,53,-0.059,0.0,0.0,0.0,0.0,0.0,0.0,0.0,0.0,0,0,0,0.0,0.0,0.0,0.0,0.0,0.0,0.0,0.0,0.0,0.0,0.0,0.0,0.0,0.0,0.0,0.0,0,-107875648.0,53,0.0,106,-107614832.0,-0.0,ERR,ERR,ERR,ERR,ERR,ERR,ERR,ERR,ERR,ERR,ERR,ERR,ERR,ERR,ERR,ERR,ERR,ERR,ERR,ERR,ERR,ERR,ERR,ERR,ERR,ERR,ERR,ERR,ERR,ERR,ERR,ERR,ERR,ERR,ERR,ERR,ERR,ERR,ERR,ERR,ERR,ERR,ERR,ERR,ERR,ERR,ERR,ERR,ERR,ERR,ERR,ERR,ERR,ERR,ERR,ERR,ERR,ERR,ERR,ERR,ERR,ERR,ERR,ERR,ERR,ERR,ERR,50.0,60.0,100,0.0,0.0,0.0,0.0,0.0,0.0,0.0,0.0,0.0,0.0,0.0,0.0,0.0,0.0,0.0,0.0,62.0,74,13,65511,50,65476,0,300,0,0,8,20529,65476,0,0,26214,60.0,0.0,0.0,0.0,0.0,0.0
2026-05-17T18:09:53,ERR,ERR,ERR,ERR,ERR,ERR,ERR,ERR,ERR,ERR,ERR,ERR,ERR,ERR,ERR,ERR,ERR,ERR,ERR,ERR,ERR,ERR,ERR,ERR,ERR,ERR,ERR,ERR,ERR,ERR,ERR,ERR,ERR,ERR,ERR,ERR,ERR,ERR,ERR,ERR,ERR,ERR,ERR,ERR,ERR,ERR,ERR,ERR,ERR,ERR,ERR,ERR,ERR,ERR,ERR,ERR,ERR,ERR,ERR,ERR,ERR,ERR,ERR,ERR,ERR,ERR,ERR,ERR,ERR,ERR,ERR,ERR,ERR,ERR,ERR,ERR,ERR,ERR,ERR,ERR,ERR,ERR,ERR,ERR,ERR,ERR,ERR,ERR,ERR,ERR,ERR,ERR,ERR,ERR,ERR,ERR,ERR,ERR,ERR,ERR,ERR,ERR,ERR,ERR,ERR,ERR,ERR,ERR,ERR,ERR,ERR,ERR,ERR,ERR,ERR,ERR,ERR,ERR,ERR,ERR,ERR,ERR,ERR,ERR,ERR,-107615288.0,-107615296.0,0.0,0.0,0.0,1.3936040501711995e+18,7.805,0.0,0,0,4,0,8422,0.0,45,0.0,0.0,0.0,0.0,0.0,0,0,0,0,0.0,0,0,0,0,0,0,0,0,0,0,0,0,0,0,0,0,0,0,0,0,0,0,0,0,0,0,0,0,0,0,0,0,0,38,14,7,45,65476,0,300,0,0,8,21553,0.0,-107605600.0,0.0,0.0,0.0,0.0,0.0,0.0,0.0,0.0,0.0,0.0,0.0,0.0,0.0,0.0,0.0,0.0,0.0,0.0,0.0,0.0,-2.004,0.0,-0.0,-2.004,0.0,0.0,0.0,0.0,5025.0,0.0,0.0,-107615288.0,-107615296.0,-0.0,2.718429300292151e+23,0.0,0.0,0.0,0.0,53,-0.059,0.0,0.0,0.0,0.0,0.0,0.0,0.0,0.0,0,0,0,0.0,0.0,0.0,0.0,0.0,0.0,0.0,0.0,0.0,0.0,0.0,0.0,0.0,0.0,0.0,0.0,0,-107875648.0,53,0.0,106,-107614832.0,-0.0,ERR,ERR,ERR,ERR,ERR,ERR,ERR,ERR,ERR,ERR,ERR,ERR,ERR,ERR,ERR,ERR,ERR,ERR,ERR,ERR,ERR,ERR,ERR,ERR,ERR,ERR,ERR,ERR,ERR,ERR,ERR,ERR,ERR,ERR,ERR,ERR,ERR,ERR,ERR,ERR,ERR,ERR,ERR,ERR,ERR,ERR,ERR,ERR,ERR,ERR,ERR,ERR,ERR,ERR,ERR,ERR,ERR,ERR,ERR,ERR,ERR,ERR,ERR,ERR,ERR,ERR,ERR,50.0,60.0,100,0.0,0.0,0.0,0.0,0.0,0.0,0.0,0.0,0.0,0.0,0.0,0.0,0.0,0.0,0.0,0.0,62.0,74,13,65511,50,65476,0,300,0,0,8,20529,65476,0,0,26214,60.0,0.0,0.0,0.0,0.0,0.0
2026-05-17T18:09:54,ERR,ERR,ERR,ERR,ERR,ERR,ERR,ERR,ERR,ERR,ERR,ERR,ERR,ERR,ERR,ERR,ERR,ERR,ERR,ERR,ERR,ERR,ERR,ERR,ERR,ERR,ERR,ERR,ERR,ERR,ERR,ERR,ERR,ERR,ERR,ERR,ERR,ERR,ERR,ERR,ERR,ERR,ERR,ERR,ERR,ERR,ERR,ERR,ERR,ERR,ERR,ERR,ERR,ERR,ERR,ERR,ERR,ERR,ERR,ERR,ERR,ERR,ERR,ERR,ERR,ERR,ERR,ERR,ERR,ERR,ERR,ERR,ERR,ERR,ERR,ERR,ERR,ERR,ERR,ERR,ERR,ERR,ERR,ERR,ERR,ERR,ERR,ERR,ERR,ERR,ERR,ERR,ERR,ERR,ERR,ERR,ERR,ERR,ERR,ERR,ERR,ERR,ERR,ERR,ERR,ERR,ERR,ERR,ERR,ERR,ERR,ERR,ERR,ERR,ERR,ERR,ERR,ERR,ERR,ERR,ERR,ERR,ERR,ERR,ERR,0.0,-107615296.0,-134474944.0,0.0,0.0,1.3936040501711995e+18,7.805,0.0,0,0,4,0,8422,0.0,45,0.0,0.0,0.0,0.0,0.0,0,0,0,0,0.0,0,0,0,0,0,0,0,0,0,0,0,0,0,0,0,0,0,0,0,0,0,0,0,0,0,0,0,0,0,0,0,0,0,38,14,7,45,65476,0,300,0,0,8,21553,0.0,-107605600.0,0.0,0.0,0.0,0.0,0.0,0.0,0.0,0.0,0.0,0.0,0.0,0.0,0.0,0.0,0.0,0.0,0.0,0.0,0.0,0.0,-2.004,0.0,-0.0,0.0,0.0,0.0,0.0,0.0,5051.0,0.0,0.0,-107615288.0,-107615296.0,-107615280.0,2.718429300292151e+23,0.0,0.0,0.0,0.0,53,-0.0,0.0,0.0,0.0,0.0,0.0,0.0,0.0,0.0,0,0,0,0.0,0.0,0.0,0.0,0.0,0.0,0.0,0.0,0.0,0.0,0.0,0.0,0.0,0.0,0.0,0.0,0,-107875648.0,53,0.0,106,-107614832.0,-0.0,ERR,ERR,ERR,ERR,ERR,ERR,ERR,ERR,ERR,ERR,ERR,ERR,ERR,ERR,ERR,ERR,ERR,ERR,ERR,ERR,ERR,ERR,ERR,ERR,ERR,ERR,ERR,ERR,ERR,ERR,ERR,ERR,ERR,ERR,ERR,ERR,ERR,ERR,ERR,ERR,ERR,ERR,ERR,ERR,ERR,ERR,ERR,ERR,ERR,ERR,ERR,ERR,ERR,ERR,ERR,ERR,ERR,ERR,ERR,ERR,ERR,ERR,ERR,ERR,ERR,ERR,ERR,50.0,60.0,100,0.0,0.0,0.0,0.0,0.0,0.0,0.0,0.0,0.0,0.0,0.0,0.0,0.0,0.0,0.0,0.0,61.6,74,13,65511,50,65476,0,300,0,0,8,20529,65476,0,0,26214,60.0,0.0,0.0,0.0,0.0,0.0
2026-05-17T18:09:55,ERR,ERR,ERR,ERR,ERR,ERR,ERR,ERR,ERR,ERR,ERR,ERR,ERR,ERR,ERR,ERR,ERR,ERR,ERR,ERR,ERR,ERR,ERR,ERR,ERR,ERR,ERR,ERR,ERR,ERR,ERR,ERR,ERR,ERR,ERR,ERR,ERR,ERR,ERR,ERR,ERR,ERR,ERR,ERR,ERR,ERR,ERR,ERR,ERR,ERR,ERR,ERR,ERR,ERR,ERR,ERR,ERR,ERR,ERR,ERR,ERR,ERR,ERR,ERR,ERR,ERR,ERR,ERR,ERR,ERR,ERR,ERR,ERR,ERR,ERR,ERR,ERR,ERR,ERR,ERR,ERR,ERR,ERR,ERR,ERR,ERR,ERR,ERR,ERR,ERR,ERR,ERR,ERR,ERR,ERR,ERR,ERR,ERR,ERR,ERR,ERR,ERR,ERR,ERR,ERR,ERR,ERR,ERR,ERR,ERR,ERR,ERR,ERR,ERR,ERR,ERR,ERR,ERR,ERR,ERR,ERR,ERR,ERR,ERR,ERR,0.0,-107615296.0,-134474944.0,0.0,0.0,1.3936040501711995e+18,7.805,0.0,0,0,4,0,8422,0.0,45,0.0,0.0,0.0,0.0,0.0,0,0,0,0,0.0,0,0,0,0,0,0,0,0,0,0,0,0,0,0,0,0,0,0,0,0,0,0,0,0,0,0,0,0,0,0,0,0,0,38,14,7,45,65476,0,300,0,0,8,21553,0.0,-107605600.0,0.0,0.0,0.0,0.0,0.0,0.0,0.0,0.0,0.0,0.0,0.0,0.0,0.0,0.0,0.0,0.0,0.0,0.0,0.0,0.0,-2.004,0.0,-0.0,0.0,0.0,0.0,0.0,0.0,5051.0,0.0,0.0,-107615288.0,-107615296.0,-107615280.0,2.718429300292151e+23,0.0,0.0,0.0,0.0,53,-0.0,0.0,0.0,0.0,0.0,0.0,0.0,0.0,0.0,0,0,0,0.0,0.0,0.0,0.0,0.0,0.0,0.0,0.0,0.0,0.0,0.0,0.0,0.0,0.0,0.0,0.0,0,-107875648.0,53,0.0,106,-107614832.0,-0.0,ERR,ERR,ERR,ERR,ERR,ERR,ERR,ERR,ERR,ERR,ERR,ERR,ERR,ERR,ERR,ERR,ERR,ERR,ERR,ERR,ERR,ERR,ERR,ERR,ERR,ERR,ERR,ERR,ERR,ERR,ERR,ERR,ERR,ERR,ERR,ERR,ERR,ERR,ERR,ERR,ERR,ERR,ERR,ERR,ERR,ERR,ERR,ERR,ERR,ERR,ERR,ERR,ERR,ERR,ERR,ERR,ERR,ERR,ERR,ERR,ERR,ERR,ERR,ERR,ERR,ERR,ERR,50.0,60.0,100,0.0,0.0,0.0,0.0,0.0,0.0,0.0,0.0,0.0,0.0,0.0,0.0,0.0,0.0,0.0,0.0,61.6,74,13,65511,50,65476,0,300,0,0,8,20529,65476,0,0,26214,60.0,0.0,0.0,0.0,0.0,0.0
2026-05-17T18:09:56,ERR,ERR,ERR,ERR,ERR,ERR,ERR,ERR,ERR,ERR,ERR,ERR,ERR,ERR,ERR,ERR,ERR,ERR,ERR,ERR,ERR,ERR,ERR,ERR,ERR,ERR,ERR,ERR,ERR,ERR,ERR,ERR,ERR,ERR,ERR,ERR,ERR,ERR,ERR,ERR,ERR,ERR,ERR,ERR,ERR,ERR,ERR,ERR,ERR,ERR,ERR,ERR,ERR,ERR,ERR,ERR,ERR,ERR,ERR,ERR,ERR,ERR,ERR,ERR,ERR,ERR,ERR,ERR,ERR,ERR,ERR,ERR,ERR,ERR,ERR,ERR,ERR,ERR,ERR,ERR,ERR,ERR,ERR,ERR,ERR,ERR,ERR,ERR,ERR,ERR,ERR,ERR,ERR,ERR,ERR,ERR,ERR,ERR,ERR,ERR,ERR,ERR,ERR,ERR,ERR,ERR,ERR,ERR,ERR,ERR,ERR,ERR,ERR,ERR,ERR,ERR,ERR,ERR,ERR,ERR,ERR,ERR,ERR,ERR,ERR,0.0,-107615296.0,-134474944.0,0.0,0.0,1.3936040501711995e+18,7.805,0.0,0,0,4,0,8422,0.0,45,0.0,0.0,0.0,0.0,0.0,0,0,0,0,0.0,0,0,0,0,0,0,0,0,0,0,0,0,0,0,0,0,0,0,0,0,0,0,0,0,0,0,0,0,0,0,0,0,0,38,14,7,45,65476,0,300,0,0,8,21553,0.0,-107605600.0,0.0,0.0,0.0,0.0,0.0,0.0,0.0,0.0,0.0,0.0,0.0,0.0,0.0,0.0,0.0,0.0,0.0,0.0,0.0,0.0,-2.004,0.0,-0.0,0.0,0.0,0.0,0.0,0.0,5051.0,0.0,0.0,-107615288.0,-107615296.0,-107615280.0,2.718429300292151e+23,0.0,0.0,0.0,0.0,53,-0.0,0.0,0.0,0.0,0.0,0.0,0.0,0.0,0.0,0,0,0,0.0,0.0,0.0,0.0,0.0,0.0,0.0,0.0,0.0,0.0,0.0,0.0,0.0,0.0,0.0,0.0,0,-107875648.0,53,0.0,106,-107614832.0,-0.0,ERR,ERR,ERR,ERR,ERR,ERR,ERR,ERR,ERR,ERR,ERR,ERR,ERR,ERR,ERR,ERR,ERR,ERR,ERR,ERR,ERR,ERR,ERR,ERR,ERR,ERR,ERR,ERR,ERR,ERR,ERR,ERR,ERR,ERR,ERR,ERR,ERR,ERR,ERR,ERR,ERR,ERR,ERR,ERR,ERR,ERR,ERR,ERR,ERR,ERR,ERR,ERR,ERR,ERR,ERR,ERR,ERR,ERR,ERR,ERR,ERR,ERR,ERR,ERR,ERR,ERR,ERR,50.0,60.0,100,0.0,0.0,0.0,0.0,0.0,0.0,0.0,0.0,0.0,0.0,0.0,0.0,0.0,0.0,0.0,0.0,61.6,74,13,65511,50,65476,0,300,0,0,8,20529,65476,0,0,26214,60.0,0.0,0.0,0.0,0.0,0.0
2026-05-17T18:09:57,ERR,ERR,ERR,ERR,ERR,ERR,ERR,ERR,ERR,ERR,ERR,ERR,ERR,ERR,ERR,ERR,ERR,ERR,ERR,ERR,ERR,ERR,ERR,ERR,ERR,ERR,ERR,ERR,ERR,ERR,ERR,ERR,ERR,ERR,ERR,ERR,ERR,ERR,ERR,ERR,ERR,ERR,ERR,ERR,ERR,ERR,ERR,ERR,ERR,ERR,ERR,ERR,ERR,ERR,ERR,ERR,ERR,ERR,ERR,ERR,ERR,ERR,ERR,ERR,ERR,ERR,ERR,ERR,ERR,ERR,ERR,ERR,ERR,ERR,ERR,ERR,ERR,ERR,ERR,ERR,ERR,ERR,ERR,ERR,ERR,ERR,ERR,ERR,ERR,ERR,ERR,ERR,ERR,ERR,ERR,ERR,ERR,ERR,ERR,ERR,ERR,ERR,ERR,ERR,ERR,ERR,ERR,ERR,ERR,ERR,ERR,ERR,ERR,ERR,ERR,ERR,ERR,ERR,ERR,ERR,ERR,ERR,ERR,ERR,ERR,0.0,-107615296.0,-134474944.0,0.0,0.0,1.3936040501711995e+18,7.805,0.0,0,0,4,0,8422,0.0,45,0.0,0.0,0.0,0.0,0.0,0,0,0,0,0.0,0,0,0,0,0,0,0,0,0,0,0,0,0,0,0,0,0,0,0,0,0,0,0,0,0,0,0,0,0,0,0,0,0,38,14,7,45,65476,0,300,0,0,8,21553,0.0,-107605600.0,0.0,0.0,0.0,0.0,0.0,0.0,0.0,0.0,0.0,0.0,0.0,0.0,0.0,0.0,0.0,0.0,0.0,0.0,0.0,0.0,-2.004,0.0,-0.0,0.0,0.0,0.0,0.0,0.0,5051.0,0.0,0.0,-107615288.0,-107615296.0,-107615280.0,2.718429300292151e+23,0.0,0.0,0.0,0.0,53,-0.0,0.0,0.0,0.0,0.0,0.0,0.0,0.0,0.0,0,0,0,0.0,0.0,0.0,0.0,0.0,0.0,0.0,0.0,0.0,0.0,0.0,0.0,0.0,0.0,0.0,0.0,0,-107875648.0,53,0.0,106,-107614832.0,-0.0,ERR,ERR,ERR,ERR,ERR,ERR,ERR,ERR,ERR,ERR,ERR,ERR,ERR,ERR,ERR,ERR,ERR,ERR,ERR,ERR,ERR,ERR,ERR,ERR,ERR,ERR,ERR,ERR,ERR,ERR,ERR,ERR,ERR,ERR,ERR,ERR,ERR,ERR,ERR,ERR,ERR,ERR,ERR,ERR,ERR,ERR,ERR,ERR,ERR,ERR,ERR,ERR,ERR,ERR,ERR,ERR,ERR,ERR,ERR,ERR,ERR,ERR,ERR,ERR,ERR,ERR,ERR,50.0,60.0,100,0.0,0.0,0.0,0.0,0.0,0.0,0.0,0.0,0.0,0.0,0.0,0.0,0.0,0.0,0.0,0.0,61.6,74,13,65511,50,65476,0,300,0,0,8,20529,65476,0,0,26214,60.0,0.0,0.0,0.0,0.0,0.0
2026-05-17T18:09:58,ERR,ERR,ERR,ERR,ERR,ERR,ERR,ERR,ERR,ERR,ERR,ERR,ERR,ERR,ERR,ERR,ERR,ERR,ERR,ERR,ERR,ERR,ERR,ERR,ERR,ERR,ERR,ERR,ERR,ERR,ERR,ERR,ERR,ERR,ERR,ERR,ERR,ERR,ERR,ERR,ERR,ERR,ERR,ERR,ERR,ERR,ERR,ERR,ERR,ERR,ERR,ERR,ERR,ERR,ERR,ERR,ERR,ERR,ERR,ERR,ERR,ERR,ERR,ERR,ERR,ERR,ERR,ERR,ERR,ERR,ERR,ERR,ERR,ERR,ERR,ERR,ERR,ERR,ERR,ERR,ERR,ERR,ERR,ERR,ERR,ERR,ERR,ERR,ERR,ERR,ERR,ERR,ERR,ERR,ERR,ERR,ERR,ERR,ERR,ERR,ERR,ERR,ERR,ERR,ERR,ERR,ERR,ERR,ERR,ERR,ERR,ERR,ERR,ERR,ERR,ERR,ERR,ERR,ERR,ERR,ERR,ERR,ERR,ERR,ERR,0.0,-107615296.0,-134474944.0,0.0,0.0,1.3936040501711995e+18,7.805,0.0,0,0,4,0,8422,0.0,45,0.0,0.0,0.0,0.0,0.0,0,0,0,0,0.0,0,0,0,0,0,0,0,0,0,0,0,0,0,0,0,0,0,0,0,0,0,0,0,0,0,0,0,0,0,0,0,0,0,38,14,7,45,65476,0,300,0,0,8,21553,0.0,-107605600.0,0.0,0.0,0.0,0.0,0.0,0.0,0.0,0.0,0.0,0.0,0.0,0.0,0.0,0.0,0.0,0.0,0.0,0.0,0.0,0.0,-2.004,0.0,-0.0,0.0,0.0,0.0,0.0,0.0,5051.0,0.0,0.0,-107615288.0,-107615296.0,-107615280.0,2.718429300292151e+23,0.0,0.0,0.0,0.0,53,-0.0,0.0,0.0,0.0,0.0,0.0,0.0,0.0,0.0,0,0,0,0.0,0.0,0.0,0.0,0.0,0.0,0.0,0.0,0.0,0.0,0.0,0.0,0.0,0.0,0.0,0.0,0,-107875648.0,53,0.0,106,-107614832.0,-0.0,ERR,ERR,ERR,ERR,ERR,ERR,ERR,ERR,ERR,ERR,ERR,ERR,ERR,ERR,ERR,ERR,ERR,ERR,ERR,ERR,ERR,ERR,ERR,ERR,ERR,ERR,ERR,ERR,ERR,ERR,ERR,ERR,ERR,ERR,ERR,ERR,ERR,ERR,ERR,ERR,ERR,ERR,ERR,ERR,ERR,ERR,ERR,ERR,ERR,ERR,ERR,ERR,ERR,ERR,ERR,ERR,ERR,ERR,ERR,ERR,ERR,ERR,ERR,ERR,ERR,ERR,ERR,50.0,60.0,100,0.0,0.0,0.0,0.0,0.0,0.0,0.0,0.0,0.0,0.0,0.0,0.0,0.0,0.0,0.0,0.0,61.6,74,13,65511,50,65476,0,300,0,0,8,20529,65476,0,0,26214,60.0,0.0,0.0,0.0,0.0,0.0
2026-05-17T18:09:59,ERR,ERR,ERR,ERR,ERR,ERR,ERR,ERR,ERR,ERR,ERR,ERR,ERR,ERR,ERR,ERR,ERR,ERR,ERR,ERR,ERR,ERR,ERR,ERR,ERR,ERR,ERR,ERR,ERR,ERR,ERR,ERR,ERR,ERR,ERR,ERR,ERR,ERR,ERR,ERR,ERR,ERR,ERR,ERR,ERR,ERR,ERR,ERR,ERR,ERR,ERR,ERR,ERR,ERR,ERR,ERR,ERR,ERR,ERR,ERR,ERR,ERR,ERR,ERR,ERR,ERR,ERR,ERR,ERR,ERR,ERR,ERR,ERR,ERR,ERR,ERR,ERR,ERR,ERR,ERR,ERR,ERR,ERR,ERR,ERR,ERR,ERR,ERR,ERR,ERR,ERR,ERR,ERR,ERR,ERR,ERR,ERR,ERR,ERR,ERR,ERR,ERR,ERR,ERR,ERR,ERR,ERR,ERR,ERR,ERR,ERR,ERR,ERR,ERR,ERR,ERR,ERR,ERR,ERR,ERR,ERR,ERR,ERR,ERR,ERR,-107615288.0,-107615296.0,0.0,0.0,0.0,1.3936040501711995e+18,7.805,0.0,0,0,4,0,8422,0.0,45,0.0,0.0,0.0,0.0,0.0,0,0,0,0,0.0,0,0,0,0,0,0,0,0,0,0,0,0,0,0,0,0,0,0,0,0,0,0,0,0,0,0,0,0,0,0,0,0,0,38,14,7,45,65476,0,300,0,0,8,21553,0.0,-107605600.0,0.0,0.0,0.0,0.0,0.0,0.0,0.0,0.0,0.0,0.0,0.0,0.0,0.0,0.0,0.0,0.0,0.0,0.0,0.0,0.0,-2.004,0.0,-0.0,0.0,0.0,0.0,0.0,0.0,5020.0,-8608182272.0,0.0,0.0,-107615296.0,-107615280.0,2.718429300292151e+23,0.0,0.0,0.0,0.0,53,-0.0,-0.0,0.0,0.0,0.0,0.0,0.0,0.0,0.0,0,0,0,0.0,0.0,0.0,0.0,0.0,0.0,0.0,0.0,0.0,0.0,0.0,0.0,0.0,0.0,0.0,0.0,0,-107875648.0,53,0.0,106,-107614832.0,0.0,ERR,ERR,ERR,ERR,ERR,ERR,ERR,ERR,ERR,ERR,ERR,ERR,ERR,ERR,ERR,ERR,ERR,ERR,ERR,ERR,ERR,ERR,ERR,ERR,ERR,ERR,ERR,ERR,ERR,ERR,ERR,ERR,ERR,ERR,ERR,ERR,ERR,ERR,ERR,ERR,ERR,ERR,ERR,ERR,ERR,ERR,ERR,ERR,ERR,ERR,ERR,ERR,ERR,ERR,ERR,ERR,ERR,ERR,ERR,ERR,ERR,ERR,ERR,ERR,ERR,ERR,ERR,50.0,60.0,100,0.0,0.0,0.0,0.0,0.0,0.0,0.0,0.0,0.0,0.0,0.0,0.0,0.0,0.0,0.0,0.0,61.6,74,13,65511,50,65476,0,300,0,0,8,20529,65476,0,0,26214,60.0,0.0,0.0,0.0,0.0,0.0
2026-05-17T18:10:00,ERR,ERR,ERR,ERR,ERR,ERR,ERR,ERR,ERR,ERR,ERR,ERR,ERR,ERR,ERR,ERR,ERR,ERR,ERR,ERR,ERR,ERR,ERR,ERR,ERR,ERR,ERR,ERR,ERR,ERR,ERR,ERR,ERR,ERR,ERR,ERR,ERR,ERR,ERR,ERR,ERR,ERR,ERR,ERR,ERR,ERR,ERR,ERR,ERR,ERR,ERR,ERR,ERR,ERR,ERR,ERR,ERR,ERR,ERR,ERR,ERR,ERR,ERR,ERR,ERR,ERR,ERR,ERR,ERR,ERR,ERR,ERR,ERR,ERR,ERR,ERR,ERR,ERR,ERR,ERR,ERR,ERR,ERR,ERR,ERR,ERR,ERR,ERR,ERR,ERR,ERR,ERR,ERR,ERR,ERR,ERR,ERR,ERR,ERR,ERR,ERR,ERR,ERR,ERR,ERR,ERR,ERR,ERR,ERR,ERR,ERR,ERR,ERR,ERR,ERR,ERR,ERR,ERR,ERR,ERR,ERR,ERR,ERR,ERR,ERR,-107615288.0,-107615296.0,0.0,0.0,0.0,1.3936040501711995e+18,7.805,0.0,0,0,4,0,8422,0.0,45,0.0,0.0,0.0,0.0,0.0,0,0,0,0,0.0,0,0,0,0,0,0,0,0,0,0,0,0,0,0,0,0,0,0,0,0,0,0,0,0,0,0,0,0,0,0,0,0,0,38,14,7,45,65476,0,300,0,0,8,21553,0.0,-107605600.0,0.0,0.0,0.0,0.0,0.0,0.0,0.0,0.0,0.0,0.0,0.0,0.0,0.0,0.0,0.0,0.0,0.0,0.0,0.0,0.0,-2.004,0.0,-0.0,0.0,0.0,0.0,0.0,0.0,5020.0,-8608182272.0,0.0,0.0,-107615296.0,-107615280.0,2.718429300292151e+23,0.0,0.0,0.0,0.0,53,-0.0,-0.0,0.0,0.0,0.0,0.0,0.0,0.0,0.0,0,0,0,0.0,0.0,0.0,0.0,0.0,0.0,0.0,0.0,0.0,0.0,0.0,0.0,0.0,0.0,0.0,0.0,0,-107875648.0,53,0.0,106,-107614832.0,0.0,ERR,ERR,ERR,ERR,ERR,ERR,ERR,ERR,ERR,ERR,ERR,ERR,ERR,ERR,ERR,ERR,ERR,ERR,ERR,ERR,ERR,ERR,ERR,ERR,ERR,ERR,ERR,ERR,ERR,ERR,ERR,ERR,ERR,ERR,ERR,ERR,ERR,ERR,ERR,ERR,ERR,ERR,ERR,ERR,ERR,ERR,ERR,ERR,ERR,ERR,ERR,ERR,ERR,ERR,ERR,ERR,ERR,ERR,ERR,ERR,ERR,ERR,ERR,ERR,ERR,ERR,ERR,50.0,60.0,100,0.0,0.0,0.0,0.0,0.0,0.0,0.0,0.0,0.0,0.0,0.0,0.0,0.0,0.0,0.0,0.0,61.6,74,13,65511,50,65476,0,300,0,0,8,20529,65476,0,0,26214,60.0,0.0,0.0,0.0,0.0,0.0
2026-05-17T18:10:01,ERR,ERR,ERR,ERR,ERR,ERR,ERR,ERR,ERR,ERR,ERR,ERR,ERR,ERR,ERR,ERR,ERR,ERR,ERR,ERR,ERR,ERR,ERR,ERR,ERR,ERR,ERR,ERR,ERR,ERR,ERR,ERR,ERR,ERR,ERR,ERR,ERR,ERR,ERR,ERR,ERR,ERR,ERR,ERR,ERR,ERR,ERR,ERR,ERR,ERR,ERR,ERR,ERR,ERR,ERR,ERR,ERR,ERR,ERR,ERR,ERR,ERR,ERR,ERR,ERR,ERR,ERR,ERR,ERR,ERR,ERR,ERR,ERR,ERR,ERR,ERR,ERR,ERR,ERR,ERR,ERR,ERR,ERR,ERR,ERR,ERR,ERR,ERR,ERR,ERR,ERR,ERR,ERR,ERR,ERR,ERR,ERR,ERR,ERR,ERR,ERR,ERR,ERR,ERR,ERR,ERR,ERR,ERR,ERR,ERR,ERR,ERR,ERR,ERR,ERR,ERR,ERR,ERR,ERR,ERR,ERR,ERR,ERR,ERR,ERR,-107615288.0,-107615296.0,0.0,0.0,0.0,1.3936040501711995e+18,7.805,0.0,0,0,4,0,8422,0.0,45,0.0,0.0,0.0,0.0,0.0,0,0,0,0,0.0,0,0,0,0,0,0,0,0,0,0,0,0,0,0,0,0,0,0,0,0,0,0,0,0,0,0,0,0,0,0,0,0,0,38,14,7,45,65476,0,300,0,0,8,21553,0.0,-107605600.0,0.0,0.0,0.0,0.0,0.0,0.0,0.0,0.0,0.0,0.0,0.0,0.0,0.0,0.0,0.0,0.0,0.0,0.0,0.0,0.0,-2.004,0.0,-0.0,0.0,0.0,0.0,0.0,0.0,5020.0,-8608182272.0,0.0,0.0,-107615296.0,-107615280.0,2.718429300292151e+23,0.0,0.0,0.0,0.0,53,-0.0,-0.0,0.0,0.0,0.0,0.0,0.0,0.0,0.0,0,0,0,0.0,0.0,0.0,0.0,0.0,0.0,0.0,0.0,0.0,0.0,0.0,0.0,0.0,0.0,0.0,0.0,0,-107875648.0,53,0.0,106,-107614832.0,0.0,ERR,ERR,ERR,ERR,ERR,ERR,ERR,ERR,ERR,ERR,ERR,ERR,ERR,ERR,ERR,ERR,ERR,ERR,ERR,ERR,ERR,ERR,ERR,ERR,ERR,ERR,ERR,ERR,ERR,ERR,ERR,ERR,ERR,ERR,ERR,ERR,ERR,ERR,ERR,ERR,ERR,ERR,ERR,ERR,ERR,ERR,ERR,ERR,ERR,ERR,ERR,ERR,ERR,ERR,ERR,ERR,ERR,ERR,ERR,ERR,ERR,ERR,ERR,ERR,ERR,ERR,ERR,50.0,60.0,100,0.0,0.0,0.0,0.0,0.0,0.0,0.0,0.0,0.0,0.0,0.0,0.0,0.0,0.0,0.0,0.0,62.0,74,13,65511,50,65476,0,300,0,0,8,20529,65476,0,0,26214,60.0,0.0,0.0,0.0,0.0,0.0
2026-05-17T18:10:02,ERR,ERR,ERR,ERR,ERR,ERR,ERR,ERR,ERR,ERR,ERR,ERR,ERR,ERR,ERR,ERR,ERR,ERR,ERR,ERR,ERR,ERR,ERR,ERR,ERR,ERR,ERR,ERR,ERR,ERR,ERR,ERR,ERR,ERR,ERR,ERR,ERR,ERR,ERR,ERR,ERR,ERR,ERR,ERR,ERR,ERR,ERR,ERR,ERR,ERR,ERR,ERR,ERR,ERR,ERR,ERR,ERR,ERR,ERR,ERR,ERR,ERR,ERR,ERR,ERR,ERR,ERR,ERR,ERR,ERR,ERR,ERR,ERR,ERR,ERR,ERR,ERR,ERR,ERR,ERR,ERR,ERR,ERR,ERR,ERR,ERR,ERR,ERR,ERR,ERR,ERR,ERR,ERR,ERR,ERR,ERR,ERR,ERR,ERR,ERR,ERR,ERR,ERR,ERR,ERR,ERR,ERR,ERR,ERR,ERR,ERR,ERR,ERR,ERR,ERR,ERR,ERR,ERR,ERR,ERR,ERR,ERR,ERR,ERR,ERR,-107615288.0,-107615296.0,0.0,0.0,0.0,1.3936040501711995e+18,7.805,0.0,0,0,4,0,8422,0.0,45,0.0,0.0,0.0,0.0,0.0,0,0,0,0,0.0,0,0,0,0,0,0,0,0,0,0,0,0,0,0,0,0,0,0,0,0,0,0,0,0,0,0,0,0,0,0,0,0,0,38,14,7,45,65476,0,300,0,0,8,21553,0.0,-107605600.0,0.0,0.0,0.0,0.0,0.0,0.0,0.0,0.0,0.0,0.0,0.0,0.0,0.0,0.0,0.0,0.0,0.0,0.0,0.0,0.0,-2.004,0.0,-0.0,0.0,0.0,0.0,0.0,0.0,5020.0,-8608182272.0,0.0,0.0,-107615296.0,-107615280.0,2.718429300292151e+23,0.0,0.0,0.0,0.0,53,-0.0,-0.0,0.0,0.0,0.0,0.0,0.0,0.0,0.0,0,0,0,0.0,0.0,0.0,0.0,0.0,0.0,0.0,0.0,0.0,0.0,0.0,0.0,0.0,0.0,0.0,0.0,0,-107875648.0,53,0.0,106,-107614832.0,0.0,ERR,ERR,ERR,ERR,ERR,ERR,ERR,ERR,ERR,ERR,ERR,ERR,ERR,ERR,ERR,ERR,ERR,ERR,ERR,ERR,ERR,ERR,ERR,ERR,ERR,ERR,ERR,ERR,ERR,ERR,ERR,ERR,ERR,ERR,ERR,ERR,ERR,ERR,ERR,ERR,ERR,ERR,ERR,ERR,ERR,ERR,ERR,ERR,ERR,ERR,ERR,ERR,ERR,ERR,ERR,ERR,ERR,ERR,ERR,ERR,ERR,ERR,ERR,ERR,ERR,ERR,ERR,50.0,60.0,100,0.0,0.0,0.0,0.0,0.0,0.0,0.0,0.0,0.0,0.0,0.0,0.0,0.0,0.0,0.0,0.0,61.6,74,13,65511,50,65476,0,300,0,0,8,20529,65476,0,0,26214,60.0,0.0,0.0,0.0,0.0,0.0
2026-05-17T18:10:03,ERR,ERR,ERR,ERR,ERR,ERR,ERR,ERR,ERR,ERR,ERR,ERR,ERR,ERR,ERR,ERR,ERR,ERR,ERR,ERR,ERR,ERR,ERR,ERR,ERR,ERR,ERR,ERR,ERR,ERR,ERR,ERR,ERR,ERR,ERR,ERR,ERR,ERR,ERR,ERR,ERR,ERR,ERR,ERR,ERR,ERR,ERR,ERR,ERR,ERR,ERR,ERR,ERR,ERR,ERR,ERR,ERR,ERR,ERR,ERR,ERR,ERR,ERR,ERR,ERR,ERR,ERR,ERR,ERR,ERR,ERR,ERR,ERR,ERR,ERR,ERR,ERR,ERR,ERR,ERR,ERR,ERR,ERR,ERR,ERR,ERR,ERR,ERR,ERR,ERR,ERR,ERR,ERR,ERR,ERR,ERR,ERR,ERR,ERR,ERR,ERR,ERR,ERR,ERR,ERR,ERR,ERR,ERR,ERR,ERR,ERR,ERR,ERR,ERR,ERR,ERR,ERR,ERR,ERR,ERR,ERR,ERR,ERR,ERR,ERR,-107615288.0,-107615296.0,0.0,0.0,0.0,1.3936040501711995e+18,7.805,0.0,0,0,4,0,8422,0.0,45,0.0,0.0,0.0,0.0,0.0,0,0,0,0,0.0,0,0,0,0,0,0,0,0,0,0,0,0,0,0,0,0,0,0,0,0,0,0,0,0,0,0,0,0,0,0,0,0,0,38,14,7,45,65476,0,300,0,0,8,21553,0.0,-107605600.0,0.0,0.0,0.0,0.0,0.0,0.0,0.0,0.0,0.0,0.0,0.0,0.0,0.0,0.0,0.0,0.0,0.0,0.0,0.0,0.0,-2.004,0.0,-0.0,0.0,0.0,0.0,0.0,0.0,5020.0,-8608182272.0,0.0,0.0,-107615296.0,-107615280.0,2.718429300292151e+23,0.0,0.0,0.0,0.0,53,-0.0,-0.0,0.0,0.0,0.0,0.0,0.0,0.0,0.0,0,0,0,0.0,0.0,0.0,0.0,0.0,0.0,0.0,0.0,0.0,0.0,0.0,0.0,0.0,0.0,0.0,0.0,0,-107875648.0,53,0.0,106,-107614832.0,0.0,ERR,ERR,ERR,ERR,ERR,ERR,ERR,ERR,ERR,ERR,ERR,ERR,ERR,ERR,ERR,ERR,ERR,ERR,ERR,ERR,ERR,ERR,ERR,ERR,ERR,ERR,ERR,ERR,ERR,ERR,ERR,ERR,ERR,ERR,ERR,ERR,ERR,ERR,ERR,ERR,ERR,ERR,ERR,ERR,ERR,ERR,ERR,ERR,ERR,ERR,ERR,ERR,ERR,ERR,ERR,ERR,ERR,ERR,ERR,ERR,ERR,ERR,ERR,ERR,ERR,ERR,ERR,50.0,60.0,100,0.0,0.0,0.0,0.0,0.0,0.0,0.0,0.0,0.0,0.0,0.0,0.0,0.0,0.0,0.0,0.0,61.6,74,13,65511,50,65476,0,300,0,0,8,20529,65476,0,0,26214,60.0,0.0,0.0,0.0,0.0,0.0
2026-05-17T18:10:04,ERR,ERR,ERR,ERR,ERR,ERR,ERR,ERR,ERR,ERR,ERR,ERR,ERR,ERR,ERR,ERR,ERR,ERR,ERR,ERR,ERR,ERR,ERR,ERR,ERR,ERR,ERR,ERR,ERR,ERR,ERR,ERR,ERR,ERR,ERR,ERR,ERR,ERR,ERR,ERR,ERR,ERR,ERR,ERR,ERR,ERR,ERR,ERR,ERR,ERR,ERR,ERR,ERR,ERR,ERR,ERR,ERR,ERR,ERR,ERR,ERR,ERR,ERR,ERR,ERR,ERR,ERR,ERR,ERR,ERR,ERR,ERR,ERR,ERR,ERR,ERR,ERR,ERR,ERR,ERR,ERR,ERR,ERR,ERR,ERR,ERR,ERR,ERR,ERR,ERR,ERR,ERR,ERR,ERR,ERR,ERR,ERR,ERR,ERR,ERR,ERR,ERR,ERR,ERR,ERR,ERR,ERR,ERR,ERR,ERR,ERR,ERR,ERR,ERR,ERR,ERR,ERR,ERR,ERR,ERR,ERR,ERR,ERR,ERR,ERR,-107615288.0,-0.0,-134474944.0,0.0,0.0,1.3936040501711995e+18,7.805,0.0,0,0,4,0,8422,0.0,45,0.0,0.0,0.0,0.0,0.0,0,0,0,0,0.0,0,0,0,0,0,0,0,0,0,0,0,0,0,0,0,0,0,0,0,0,0,0,0,0,0,0,0,0,0,0,0,0,0,38,14,7,45,65476,0,300,0,0,8,21553,0.0,-107605600.0,0.0,0.0,0.0,0.0,0.0,0.0,0.0,0.0,0.0,0.0,0.0,0.0,0.0,0.0,0.0,0.0,0.0,0.0,0.0,0.0,-2.004,0.0,-0.0,0.0,0.0,0.0,0.0,0.0,5048.0,0.0,0.0,0.0,-0.0,-107615280.0,0.0,0.0,0.0,0.0,0.0,53,-0.0,0.0,0.0,0.0,0.0,0.0,0.0,0.0,0.0,0,0,0,0.0,0.0,0.0,0.0,0.0,0.0,0.0,0.0,0.0,0.0,0.0,0.0,0.0,0.0,0.0,0.0,0,-107875648.0,53,0.0,106,-107614832.0,0.0,ERR,ERR,ERR,ERR,ERR,ERR,ERR,ERR,ERR,ERR,ERR,ERR,ERR,ERR,ERR,ERR,ERR,ERR,ERR,ERR,ERR,ERR,ERR,ERR,ERR,ERR,ERR,ERR,ERR,ERR,ERR,ERR,ERR,ERR,ERR,ERR,ERR,ERR,ERR,ERR,ERR,ERR,ERR,ERR,ERR,ERR,ERR,ERR,ERR,ERR,ERR,ERR,ERR,ERR,ERR,ERR,ERR,ERR,ERR,ERR,ERR,ERR,ERR,ERR,ERR,ERR,ERR,50.0,60.0,100,0.0,0.0,0.0,0.0,0.0,0.0,0.0,0.0,0.0,0.0,0.0,0.0,0.0,0.0,0.0,0.0,61.6,74,13,65511,50,65476,0,300,0,0,8,20529,65476,0,0,26214,60.0,0.0,0.0,0.0,0.0,0.0
2026-05-17T18:10:05,ERR,ERR,ERR,ERR,ERR,ERR,ERR,ERR,ERR,ERR,ERR,ERR,ERR,ERR,ERR,ERR,ERR,ERR,ERR,ERR,ERR,ERR,ERR,ERR,ERR,ERR,ERR,ERR,ERR,ERR,ERR,ERR,ERR,ERR,ERR,ERR,ERR,ERR,ERR,ERR,ERR,ERR,ERR,ERR,ERR,ERR,ERR,ERR,ERR,ERR,ERR,ERR,ERR,ERR,ERR,ERR,ERR,ERR,ERR,ERR,ERR,ERR,ERR,ERR,ERR,ERR,ERR,ERR,ERR,ERR,ERR,ERR,ERR,ERR,ERR,ERR,ERR,ERR,ERR,ERR,ERR,ERR,ERR,ERR,ERR,ERR,ERR,ERR,ERR,ERR,ERR,ERR,ERR,ERR,ERR,ERR,ERR,ERR,ERR,ERR,ERR,ERR,ERR,ERR,ERR,ERR,ERR,ERR,ERR,ERR,ERR,ERR,ERR,ERR,ERR,ERR,ERR,ERR,ERR,ERR,ERR,ERR,ERR,ERR,ERR,-107615288.0,-0.0,-134474944.0,0.0,0.0,1.3936040501711995e+18,7.805,0.0,0,0,4,0,8422,0.0,45,0.0,0.0,0.0,0.0,0.0,0,0,0,0,0.0,0,0,0,0,0,0,0,0,0,0,0,0,0,0,0,0,0,0,0,0,0,0,0,0,0,0,0,0,0,0,0,0,0,38,14,7,45,65476,0,300,0,0,8,21553,0.0,-107605600.0,0.0,0.0,0.0,0.0,0.0,0.0,0.0,0.0,0.0,0.0,0.0,0.0,0.0,0.0,0.0,0.0,0.0,0.0,0.0,0.0,-2.004,0.0,-0.0,0.0,0.0,0.0,0.0,0.0,5048.0,0.0,0.0,0.0,-0.0,-107615280.0,0.0,0.0,0.0,0.0,0.0,53,-0.0,0.0,0.0,0.0,0.0,0.0,0.0,0.0,0.0,0,0,0,0.0,0.0,0.0,0.0,0.0,0.0,0.0,0.0,0.0,0.0,0.0,0.0,0.0,0.0,0.0,0.0,0,-107875648.0,53,0.0,106,-107614832.0,0.0,ERR,ERR,ERR,ERR,ERR,ERR,ERR,ERR,ERR,ERR,ERR,ERR,ERR,ERR,ERR,ERR,ERR,ERR,ERR,ERR,ERR,ERR,ERR,ERR,ERR,ERR,ERR,ERR,ERR,ERR,ERR,ERR,ERR,ERR,ERR,ERR,ERR,ERR,ERR,ERR,ERR,ERR,ERR,ERR,ERR,ERR,ERR,ERR,ERR,ERR,ERR,ERR,ERR,ERR,ERR,ERR,ERR,ERR,ERR,ERR,ERR,ERR,ERR,ERR,ERR,ERR,ERR,50.0,60.0,100,0.0,0.0,0.0,0.0,0.0,0.0,0.0,0.0,0.0,0.0,0.0,0.0,0.0,0.0,0.0,0.0,61.6,74,13,65511,50,65476,0,300,0,0,8,20529,65476,0,0,26214,60.0,0.0,0.0,0.0,0.0,0.0
2026-05-17T18:10:06,ERR,ERR,ERR,ERR,ERR,ERR,ERR,ERR,ERR,ERR,ERR,ERR,ERR,ERR,ERR,ERR,ERR,ERR,ERR,ERR,ERR,ERR,ERR,ERR,ERR,ERR,ERR,ERR,ERR,ERR,ERR,ERR,ERR,ERR,ERR,ERR,ERR,ERR,ERR,ERR,ERR,ERR,ERR,ERR,ERR,ERR,ERR,ERR,ERR,ERR,ERR,ERR,ERR,ERR,ERR,ERR,ERR,ERR,ERR,ERR,ERR,ERR,ERR,ERR,ERR,ERR,ERR,ERR,ERR,ERR,ERR,ERR,ERR,ERR,ERR,ERR,ERR,ERR,ERR,ERR,ERR,ERR,ERR,ERR,ERR,ERR,ERR,ERR,ERR,ERR,ERR,ERR,ERR,ERR,ERR,ERR,ERR,ERR,ERR,ERR,ERR,ERR,ERR,ERR,ERR,ERR,ERR,ERR,ERR,ERR,ERR,ERR,ERR,ERR,ERR,ERR,ERR,ERR,ERR,ERR,ERR,ERR,ERR,ERR,ERR,-107615288.0,-0.0,-134474944.0,0.0,0.0,1.3936040501711995e+18,7.805,0.0,0,0,4,0,8422,0.0,45,0.0,0.0,0.0,0.0,0.0,0,0,0,0,0.0,0,0,0,0,0,0,0,0,0,0,0,0,0,0,0,0,0,0,0,0,0,0,0,0,0,0,0,0,0,0,0,0,0,38,14,7,45,65476,0,300,0,0,8,21553,0.0,-107605600.0,0.0,0.0,0.0,0.0,0.0,0.0,0.0,0.0,0.0,0.0,0.0,0.0,0.0,0.0,0.0,0.0,0.0,0.0,0.0,0.0,-2.004,0.0,-0.0,0.0,0.0,0.0,0.0,0.0,5048.0,0.0,0.0,0.0,-0.0,-107615280.0,0.0,0.0,0.0,0.0,0.0,53,-0.0,0.0,0.0,0.0,0.0,0.0,0.0,0.0,0.0,0,0,0,0.0,0.0,0.0,0.0,0.0,0.0,0.0,0.0,0.0,0.0,0.0,0.0,0.0,0.0,0.0,0.0,0,-107875648.0,53,0.0,106,-107614832.0,0.0,ERR,ERR,ERR,ERR,ERR,ERR,ERR,ERR,ERR,ERR,ERR,ERR,ERR,ERR,ERR,ERR,ERR,ERR,ERR,ERR,ERR,ERR,ERR,ERR,ERR,ERR,ERR,ERR,ERR,ERR,ERR,ERR,ERR,ERR,ERR,ERR,ERR,ERR,ERR,ERR,ERR,ERR,ERR,ERR,ERR,ERR,ERR,ERR,ERR,ERR,ERR,ERR,ERR,ERR,ERR,ERR,ERR,ERR,ERR,ERR,ERR,ERR,ERR,ERR,ERR,ERR,ERR,50.0,60.0,100,0.0,0.0,0.0,0.0,0.0,0.0,0.0,0.0,0.0,0.0,0.0,0.0,0.0,0.0,0.0,0.0,61.6,74,13,65511,50,65476,0,300,0,0,8,20529,65476,0,0,26214,60.0,0.0,0.0,0.0,0.0,0.0
2026-05-17T18:10:07,ERR,ERR,ERR,ERR,ERR,ERR,ERR,ERR,ERR,ERR,ERR,ERR,ERR,ERR,ERR,ERR,ERR,ERR,ERR,ERR,ERR,ERR,ERR,ERR,ERR,ERR,ERR,ERR,ERR,ERR,ERR,ERR,ERR,ERR,ERR,ERR,ERR,ERR,ERR,ERR,ERR,ERR,ERR,ERR,ERR,ERR,ERR,ERR,ERR,ERR,ERR,ERR,ERR,ERR,ERR,ERR,ERR,ERR,ERR,ERR,ERR,ERR,ERR,ERR,ERR,ERR,ERR,ERR,ERR,ERR,ERR,ERR,ERR,ERR,ERR,ERR,ERR,ERR,ERR,ERR,ERR,ERR,ERR,ERR,ERR,ERR,ERR,ERR,ERR,ERR,ERR,ERR,ERR,ERR,ERR,ERR,ERR,ERR,ERR,ERR,ERR,ERR,ERR,ERR,ERR,ERR,ERR,ERR,ERR,ERR,ERR,ERR,ERR,ERR,ERR,ERR,ERR,ERR,ERR,ERR,ERR,ERR,ERR,ERR,ERR,-107615288.0,-0.0,-134474944.0,0.0,0.0,1.3936040501711995e+18,7.805,0.0,0,0,4,0,8422,0.0,45,0.0,0.0,0.0,0.0,0.0,0,0,0,0,0.0,0,0,0,0,0,0,0,0,0,0,0,0,0,0,0,0,0,0,0,0,0,0,0,0,0,0,0,0,0,0,0,0,0,38,14,7,45,65476,0,300,0,0,8,21553,0.0,-107605600.0,0.0,0.0,0.0,0.0,0.0,0.0,0.0,0.0,0.0,0.0,0.0,0.0,0.0,0.0,0.0,0.0,0.0,0.0,0.0,0.0,-2.004,0.0,-0.0,0.0,0.0,0.0,0.0,0.0,5048.0,0.0,0.0,0.0,-0.0,-107615280.0,0.0,0.0,0.0,0.0,0.0,53,-0.0,0.0,0.0,0.0,0.0,0.0,0.0,0.0,0.0,0,0,0,0.0,0.0,0.0,0.0,0.0,0.0,0.0,0.0,0.0,0.0,0.0,0.0,0.0,0.0,0.0,0.0,0,-107875648.0,53,0.0,106,-107614832.0,0.0,ERR,ERR,ERR,ERR,ERR,ERR,ERR,ERR,ERR,ERR,ERR,ERR,ERR,ERR,ERR,ERR,ERR,ERR,ERR,ERR,ERR,ERR,ERR,ERR,ERR,ERR,ERR,ERR,ERR,ERR,ERR,ERR,ERR,ERR,ERR,ERR,ERR,ERR,ERR,ERR,ERR,ERR,ERR,ERR,ERR,ERR,ERR,ERR,ERR,ERR,ERR,ERR,ERR,ERR,ERR,ERR,ERR,ERR,ERR,ERR,ERR,ERR,ERR,ERR,ERR,ERR,ERR,50.0,60.0,100,0.0,0.0,0.0,0.0,0.0,0.0,0.0,0.0,0.0,0.0,0.0,0.0,0.0,0.0,0.0,0.0,61.6,74,13,65511,50,65476,0,300,0,0,8,20529,65476,0,0,26214,60.0,0.0,0.0,0.0,0.0,0.0
2026-05-17T18:10:08,ERR,ERR,ERR,ERR,ERR,ERR,ERR,ERR,ERR,ERR,ERR,ERR,ERR,ERR,ERR,ERR,ERR,ERR,ERR,ERR,ERR,ERR,ERR,ERR,ERR,ERR,ERR,ERR,ERR,ERR,ERR,ERR,ERR,ERR,ERR,ERR,ERR,ERR,ERR,ERR,ERR,ERR,ERR,ERR,ERR,ERR,ERR,ERR,ERR,ERR,ERR,ERR,ERR,ERR,ERR,ERR,ERR,ERR,ERR,ERR,ERR,ERR,ERR,ERR,ERR,ERR,ERR,ERR,ERR,ERR,ERR,ERR,ERR,ERR,ERR,ERR,ERR,ERR,ERR,ERR,ERR,ERR,ERR,ERR,ERR,ERR,ERR,ERR,ERR,ERR,ERR,ERR,ERR,ERR,ERR,ERR,ERR,ERR,ERR,ERR,ERR,ERR,ERR,ERR,ERR,ERR,ERR,ERR,ERR,ERR,ERR,ERR,ERR,ERR,ERR,ERR,ERR,ERR,ERR,ERR,ERR,ERR,ERR,ERR,ERR,-107615288.0,-0.0,-134474944.0,0.0,0.0,1.3936040501711995e+18,7.805,0.0,0,0,4,0,8422,0.0,45,0.0,0.0,0.0,0.0,0.0,0,0,0,0,0.0,0,0,0,0,0,0,0,0,0,0,0,0,0,0,0,0,0,0,0,0,0,0,0,0,0,0,0,0,0,0,0,0,0,38,14,7,45,65476,0,300,0,0,8,21553,0.0,-107605600.0,0.0,0.0,0.0,0.0,0.0,0.0,0.0,0.0,0.0,0.0,0.0,0.0,0.0,0.0,0.0,0.0,0.0,0.0,0.0,0.0,-2.004,0.0,-0.0,0.0,0.0,0.0,0.0,0.0,5048.0,0.0,0.0,0.0,-0.0,-107615280.0,0.0,0.0,0.0,0.0,0.0,53,-0.0,0.0,0.0,0.0,0.0,0.0,0.0,0.0,0.0,0,0,0,0.0,0.0,0.0,0.0,0.0,0.0,0.0,0.0,0.0,0.0,0.0,0.0,0.0,0.0,0.0,0.0,0,-107875648.0,53,0.0,106,-107614832.0,0.0,ERR,ERR,ERR,ERR,ERR,ERR,ERR,ERR,ERR,ERR,ERR,ERR,ERR,ERR,ERR,ERR,ERR,ERR,ERR,ERR,ERR,ERR,ERR,ERR,ERR,ERR,ERR,ERR,ERR,ERR,ERR,ERR,ERR,ERR,ERR,ERR,ERR,ERR,ERR,ERR,ERR,ERR,ERR,ERR,ERR,ERR,ERR,ERR,ERR,ERR,ERR,ERR,ERR,ERR,ERR,ERR,ERR,ERR,ERR,ERR,ERR,ERR,ERR,ERR,ERR,ERR,ERR,50.0,60.0,100,0.0,0.0,0.0,0.0,0.0,0.0,0.0,0.0,0.0,0.0,0.0,0.0,0.0,0.0,0.0,0.0,61.6,74,13,65511,50,65476,0,300,0,0,8,20529,65476,0,0,26214,60.0,0.0,0.0,0.0,0.0,0.0
2026-05-17T18:10:09,ERR,ERR,ERR,ERR,ERR,ERR,ERR,ERR,ERR,ERR,ERR,ERR,ERR,ERR,ERR,ERR,ERR,ERR,ERR,ERR,ERR,ERR,ERR,ERR,ERR,ERR,ERR,ERR,ERR,ERR,ERR,ERR,ERR,ERR,ERR,ERR,ERR,ERR,ERR,ERR,ERR,ERR,ERR,ERR,ERR,ERR,ERR,ERR,ERR,ERR,ERR,ERR,ERR,ERR,ERR,ERR,ERR,ERR,ERR,ERR,ERR,ERR,ERR,ERR,ERR,ERR,ERR,ERR,ERR,ERR,ERR,ERR,ERR,ERR,ERR,ERR,ERR,ERR,ERR,ERR,ERR,ERR,ERR,ERR,ERR,ERR,ERR,ERR,ERR,ERR,ERR,ERR,ERR,ERR,ERR,ERR,ERR,ERR,ERR,ERR,ERR,ERR,ERR,ERR,ERR,ERR,ERR,ERR,ERR,ERR,ERR,ERR,ERR,ERR,ERR,ERR,ERR,ERR,ERR,ERR,ERR,ERR,ERR,ERR,ERR,-107615288.0,-107615296.0,0.0,0.0,0.0,1.3936040501711995e+18,7.805,0.0,0,0,4,0,8422,0.0,45,0.0,0.0,0.0,0.0,0.0,0,0,0,0,0.0,0,0,0,0,0,0,0,0,0,0,0,0,0,0,0,0,0,0,0,0,0,0,0,0,0,0,0,0,0,0,0,0,0,38,14,7,45,65476,0,300,0,0,8,21553,0.0,-107605600.0,0.0,0.0,0.0,0.0,0.0,0.0,0.0,0.0,0.0,0.0,0.0,0.0,0.0,0.0,0.0,0.0,0.0,0.0,0.0,0.0,-2.004,0.0,-0.0,0.0,0.0,0.0,0.0,0.0,5052.0,3.697186573429349e+19,0.0,-107615288.0,-107615296.0,-107615280.0,0.0,0.0,0.0,0.0,0.0,53,-0.0,4.0668540358038725e+29,0.0,0.0,0.0,0.0,0.0,0.0,0.0,0,0,0,0.0,0.0,0.0,0.0,0.0,0.0,0.0,0.0,0.0,0.0,0.0,0.0,0.0,0.0,0.0,0.0,0,-107875648.0,53,0.0,106,-107614832.0,0.0,ERR,ERR,ERR,ERR,ERR,ERR,ERR,ERR,ERR,ERR,ERR,ERR,ERR,ERR,ERR,ERR,ERR,ERR,ERR,ERR,ERR,ERR,ERR,ERR,ERR,ERR,ERR,ERR,ERR,ERR,ERR,ERR,ERR,ERR,ERR,ERR,ERR,ERR,ERR,ERR,ERR,ERR,ERR,ERR,ERR,ERR,ERR,ERR,ERR,ERR,ERR,ERR,ERR,ERR,ERR,ERR,ERR,ERR,ERR,ERR,ERR,ERR,ERR,ERR,ERR,ERR,ERR,50.0,60.0,100,0.0,0.0,0.0,0.0,0.0,0.0,0.0,0.0,0.0,0.0,0.0,0.0,0.0,0.0,0.0,0.0,61.6,74,13,65511,50,65476,0,300,0,0,8,20529,65476,0,0,26214,60.0,0.0,0.0,0.0,0.0,0.0
2026-05-17T18:10:10,ERR,ERR,ERR,ERR,ERR,ERR,ERR,ERR,ERR,ERR,ERR,ERR,ERR,ERR,ERR,ERR,ERR,ERR,ERR,ERR,ERR,ERR,ERR,ERR,ERR,ERR,ERR,ERR,ERR,ERR,ERR,ERR,ERR,ERR,ERR,ERR,ERR,ERR,ERR,ERR,ERR,ERR,ERR,ERR,ERR,ERR,ERR,ERR,ERR,ERR,ERR,ERR,ERR,ERR,ERR,ERR,ERR,ERR,ERR,ERR,ERR,ERR,ERR,ERR,ERR,ERR,ERR,ERR,ERR,ERR,ERR,ERR,ERR,ERR,ERR,ERR,ERR,ERR,ERR,ERR,ERR,ERR,ERR,ERR,ERR,ERR,ERR,ERR,ERR,ERR,ERR,ERR,ERR,ERR,ERR,ERR,ERR,ERR,ERR,ERR,ERR,ERR,ERR,ERR,ERR,ERR,ERR,ERR,ERR,ERR,ERR,ERR,ERR,ERR,ERR,ERR,ERR,ERR,ERR,ERR,ERR,ERR,ERR,ERR,ERR,-107615288.0,-107615296.0,0.0,0.0,0.0,1.3936040501711995e+18,7.805,0.0,0,0,4,0,8422,0.0,45,0.0,0.0,0.0,0.0,0.0,0,0,0,0,0.0,0,0,0,0,0,0,0,0,0,0,0,0,0,0,0,0,0,0,0,0,0,0,0,0,0,0,0,0,0,0,0,0,0,38,14,7,45,65476,0,300,0,0,8,21553,0.0,-107605600.0,0.0,0.0,0.0,0.0,0.0,0.0,0.0,0.0,0.0,0.0,0.0,0.0,0.0,0.0,0.0,0.0,0.0,0.0,0.0,0.0,-2.004,0.0,-0.0,0.0,0.0,0.0,0.0,0.0,5052.0,3.697186573429349e+19,0.0,-107615288.0,-107615296.0,-107615280.0,0.0,0.0,0.0,0.0,0.0,53,-0.0,4.0668540358038725e+29,0.0,0.0,0.0,0.0,0.0,0.0,0.0,0,0,0,0.0,0.0,0.0,0.0,0.0,0.0,0.0,0.0,0.0,0.0,0.0,0.0,0.0,0.0,0.0,0.0,0,-107875648.0,53,0.0,106,-107614832.0,0.0,ERR,ERR,ERR,ERR,ERR,ERR,ERR,ERR,ERR,ERR,ERR,ERR,ERR,ERR,ERR,ERR,ERR,ERR,ERR,ERR,ERR,ERR,ERR,ERR,ERR,ERR,ERR,ERR,ERR,ERR,ERR,ERR,ERR,ERR,ERR,ERR,ERR,ERR,ERR,ERR,ERR,ERR,ERR,ERR,ERR,ERR,ERR,ERR,ERR,ERR,ERR,ERR,ERR,ERR,ERR,ERR,ERR,ERR,ERR,ERR,ERR,ERR,ERR,ERR,ERR,ERR,ERR,50.0,60.0,100,0.0,0.0,0.0,0.0,0.0,0.0,0.0,0.0,0.0,0.0,0.0,0.0,0.0,0.0,0.0,0.0,61.6,74,13,65511,50,65476,0,300,0,0,8,20529,65476,0,0,26214,60.0,0.0,0.0,0.0,0.0,0.0
2026-05-17T18:10:11,ERR,ERR,ERR,ERR,ERR,ERR,ERR,ERR,ERR,ERR,ERR,ERR,ERR,ERR,ERR,ERR,ERR,ERR,ERR,ERR,ERR,ERR,ERR,ERR,ERR,ERR,ERR,ERR,ERR,ERR,ERR,ERR,ERR,ERR,ERR,ERR,ERR,ERR,ERR,ERR,ERR,ERR,ERR,ERR,ERR,ERR,ERR,ERR,ERR,ERR,ERR,ERR,ERR,ERR,ERR,ERR,ERR,ERR,ERR,ERR,ERR,ERR,ERR,ERR,ERR,ERR,ERR,ERR,ERR,ERR,ERR,ERR,ERR,ERR,ERR,ERR,ERR,ERR,ERR,ERR,ERR,ERR,ERR,ERR,ERR,ERR,ERR,ERR,ERR,ERR,ERR,ERR,ERR,ERR,ERR,ERR,ERR,ERR,ERR,ERR,ERR,ERR,ERR,ERR,ERR,ERR,ERR,ERR,ERR,ERR,ERR,ERR,ERR,ERR,ERR,ERR,ERR,ERR,ERR,ERR,ERR,ERR,ERR,ERR,ERR,-107615288.0,-107615296.0,0.0,0.0,0.0,1.3936040501711995e+18,7.805,0.0,0,0,4,0,8422,0.0,45,0.0,0.0,0.0,0.0,0.0,0,0,0,0,0.0,0,0,0,0,0,0,0,0,0,0,0,0,0,0,0,0,0,0,0,0,0,0,0,0,0,0,0,0,0,0,0,0,0,38,14,7,45,65476,0,300,0,0,8,21553,0.0,-107605600.0,0.0,0.0,0.0,0.0,0.0,0.0,0.0,0.0,0.0,0.0,0.0,0.0,0.0,0.0,0.0,0.0,0.0,0.0,0.0,0.0,-2.004,0.0,-0.0,0.0,0.0,0.0,0.0,0.0,5052.0,3.697186573429349e+19,0.0,-107615288.0,-107615296.0,-107615280.0,0.0,0.0,0.0,0.0,0.0,53,-0.0,4.0668540358038725e+29,0.0,0.0,0.0,0.0,0.0,0.0,0.0,0,0,0,0.0,0.0,0.0,0.0,0.0,0.0,0.0,0.0,0.0,0.0,0.0,0.0,0.0,0.0,0.0,0.0,0,-107875648.0,53,0.0,106,-107614832.0,0.0,ERR,ERR,ERR,ERR,ERR,ERR,ERR,ERR,ERR,ERR,ERR,ERR,ERR,ERR,ERR,ERR,ERR,ERR,ERR,ERR,ERR,ERR,ERR,ERR,ERR,ERR,ERR,ERR,ERR,ERR,ERR,ERR,ERR,ERR,ERR,ERR,ERR,ERR,ERR,ERR,ERR,ERR,ERR,ERR,ERR,ERR,ERR,ERR,ERR,ERR,ERR,ERR,ERR,ERR,ERR,ERR,ERR,ERR,ERR,ERR,ERR,ERR,ERR,ERR,ERR,ERR,ERR,50.0,60.0,100,0.0,0.0,0.0,0.0,0.0,0.0,0.0,0.0,0.0,0.0,0.0,0.0,0.0,0.0,0.0,0.0,61.6,74,13,65511,50,65476,0,300,0,0,8,20529,65476,0,0,26214,60.0,0.0,0.0,0.0,0.0,0.0
2026-05-17T18:10:12,ERR,ERR,ERR,ERR,ERR,ERR,ERR,ERR,ERR,ERR,ERR,ERR,ERR,ERR,ERR,ERR,ERR,ERR,ERR,ERR,ERR,ERR,ERR,ERR,ERR,ERR,ERR,ERR,ERR,ERR,ERR,ERR,ERR,ERR,ERR,ERR,ERR,ERR,ERR,ERR,ERR,ERR,ERR,ERR,ERR,ERR,ERR,ERR,ERR,ERR,ERR,ERR,ERR,ERR,ERR,ERR,ERR,ERR,ERR,ERR,ERR,ERR,ERR,ERR,ERR,ERR,ERR,ERR,ERR,ERR,ERR,ERR,ERR,ERR,ERR,ERR,ERR,ERR,ERR,ERR,ERR,ERR,ERR,ERR,ERR,ERR,ERR,ERR,ERR,ERR,ERR,ERR,ERR,ERR,ERR,ERR,ERR,ERR,ERR,ERR,ERR,ERR,ERR,ERR,ERR,ERR,ERR,ERR,ERR,ERR,ERR,ERR,ERR,ERR,ERR,ERR,ERR,ERR,ERR,ERR,ERR,ERR,ERR,ERR,ERR,-107615288.0,-107615296.0,0.0,0.0,0.0,1.3936040501711995e+18,7.805,0.0,0,0,4,0,8422,0.0,45,0.0,0.0,0.0,0.0,0.0,0,0,0,0,0.0,0,0,0,0,0,0,0,0,0,0,0,0,0,0,0,0,0,0,0,0,0,0,0,0,0,0,0,0,0,0,0,0,0,38,14,7,45,65476,0,300,0,0,8,21553,0.0,-107605600.0,0.0,0.0,0.0,0.0,0.0,0.0,0.0,0.0,0.0,0.0,0.0,0.0,0.0,0.0,0.0,0.0,0.0,0.0,0.0,0.0,-2.004,0.0,-0.0,0.0,0.0,0.0,0.0,0.0,5052.0,3.697186573429349e+19,0.0,-107615288.0,-107615296.0,-107615280.0,0.0,0.0,0.0,0.0,0.0,53,-0.0,4.0668540358038725e+29,0.0,0.0,0.0,0.0,0.0,0.0,0.0,0,0,0,0.0,0.0,0.0,0.0,0.0,0.0,0.0,0.0,0.0,0.0,0.0,0.0,0.0,0.0,0.0,0.0,0,-107875648.0,53,0.0,106,-107614832.0,0.0,ERR,ERR,ERR,ERR,ERR,ERR,ERR,ERR,ERR,ERR,ERR,ERR,ERR,ERR,ERR,ERR,ERR,ERR,ERR,ERR,ERR,ERR,ERR,ERR,ERR,ERR,ERR,ERR,ERR,ERR,ERR,ERR,ERR,ERR,ERR,ERR,ERR,ERR,ERR,ERR,ERR,ERR,ERR,ERR,ERR,ERR,ERR,ERR,ERR,ERR,ERR,ERR,ERR,ERR,ERR,ERR,ERR,ERR,ERR,ERR,ERR,ERR,ERR,ERR,ERR,ERR,ERR,50.0,60.0,100,0.0,0.0,0.0,0.0,0.0,0.0,0.0,0.0,0.0,0.0,0.0,0.0,0.0,0.0,0.0,0.0,61.6,74,13,65511,50,65476,0,300,0,0,8,20529,65476,0,0,26214,60.0,0.0,0.0,0.0,0.0,0.0
2026-05-17T18:10:13,ERR,ERR,ERR,ERR,ERR,ERR,ERR,ERR,ERR,ERR,ERR,ERR,ERR,ERR,ERR,ERR,ERR,ERR,ERR,ERR,ERR,ERR,ERR,ERR,ERR,ERR,ERR,ERR,ERR,ERR,ERR,ERR,ERR,ERR,ERR,ERR,ERR,ERR,ERR,ERR,ERR,ERR,ERR,ERR,ERR,ERR,ERR,ERR,ERR,ERR,ERR,ERR,ERR,ERR,ERR,ERR,ERR,ERR,ERR,ERR,ERR,ERR,ERR,ERR,ERR,ERR,ERR,ERR,ERR,ERR,ERR,ERR,ERR,ERR,ERR,ERR,ERR,ERR,ERR,ERR,ERR,ERR,ERR,ERR,ERR,ERR,ERR,ERR,ERR,ERR,ERR,ERR,ERR,ERR,ERR,ERR,ERR,ERR,ERR,ERR,ERR,ERR,ERR,ERR,ERR,ERR,ERR,ERR,ERR,ERR,ERR,ERR,ERR,ERR,ERR,ERR,ERR,ERR,ERR,ERR,ERR,ERR,ERR,ERR,ERR,-107615288.0,-107615296.0,0.0,0.0,0.0,1.3936040501711995e+18,7.805,0.0,0,0,4,0,8422,0.0,45,0.0,0.0,0.0,0.0,0.0,0,0,0,0,0.0,0,0,0,0,0,0,0,0,0,0,0,0,0,0,0,0,0,0,0,0,0,0,0,0,0,0,0,0,0,0,0,0,0,38,14,7,45,65476,0,300,0,0,8,21553,0.0,-107605600.0,0.0,0.0,0.0,0.0,0.0,0.0,0.0,0.0,0.0,0.0,0.0,0.0,0.0,0.0,0.0,0.0,0.0,0.0,0.0,0.0,-2.004,0.0,-0.0,0.0,0.0,0.0,0.0,0.0,5052.0,3.697186573429349e+19,0.0,-107615288.0,-107615296.0,-107615280.0,0.0,0.0,0.0,0.0,0.0,53,-0.0,4.0668540358038725e+29,0.0,0.0,0.0,0.0,0.0,0.0,0.0,0,0,0,0.0,0.0,0.0,0.0,0.0,0.0,0.0,0.0,0.0,0.0,0.0,0.0,0.0,0.0,0.0,0.0,0,-107875648.0,53,0.0,106,-107614832.0,0.0,ERR,ERR,ERR,ERR,ERR,ERR,ERR,ERR,ERR,ERR,ERR,ERR,ERR,ERR,ERR,ERR,ERR,ERR,ERR,ERR,ERR,ERR,ERR,ERR,ERR,ERR,ERR,ERR,ERR,ERR,ERR,ERR,ERR,ERR,ERR,ERR,ERR,ERR,ERR,ERR,ERR,ERR,ERR,ERR,ERR,ERR,ERR,ERR,ERR,ERR,ERR,ERR,ERR,ERR,ERR,ERR,ERR,ERR,ERR,ERR,ERR,ERR,ERR,ERR,ERR,ERR,ERR,50.0,60.0,100,0.0,0.0,0.0,0.0,0.0,0.0,0.0,0.0,0.0,0.0,0.0,0.0,0.0,0.0,0.0,0.0,62.0,74,13,65511,50,65476,0,300,0,0,8,20529,65476,0,0,26214,60.0,0.0,0.0,0.0,0.0,0.0
2026-05-17T18:10:14,ERR,ERR,ERR,ERR,ERR,ERR,ERR,ERR,ERR,ERR,ERR,ERR,ERR,ERR,ERR,ERR,ERR,ERR,ERR,ERR,ERR,ERR,ERR,ERR,ERR,ERR,ERR,ERR,ERR,ERR,ERR,ERR,ERR,ERR,ERR,ERR,ERR,ERR,ERR,ERR,ERR,ERR,ERR,ERR,ERR,ERR,ERR,ERR,ERR,ERR,ERR,ERR,ERR,ERR,ERR,ERR,ERR,ERR,ERR,ERR,ERR,ERR,ERR,ERR,ERR,ERR,ERR,ERR,ERR,ERR,ERR,ERR,ERR,ERR,ERR,ERR,ERR,ERR,ERR,ERR,ERR,ERR,ERR,ERR,ERR,ERR,ERR,ERR,ERR,ERR,ERR,ERR,ERR,ERR,ERR,ERR,ERR,ERR,ERR,ERR,ERR,ERR,ERR,ERR,ERR,ERR,ERR,ERR,ERR,ERR,ERR,ERR,ERR,ERR,ERR,ERR,ERR,ERR,ERR,ERR,ERR,ERR,ERR,ERR,ERR,-107615288.0,-107615296.0,0.0,0.0,0.0,1.3936040501711995e+18,7.805,0.0,0,0,4,0,8422,0.0,45,0.0,0.0,0.0,0.0,0.0,0,0,0,0,0.0,0,0,0,0,0,0,0,0,0,0,0,0,0,0,0,0,0,0,0,0,0,0,0,0,0,0,0,0,0,0,0,0,0,38,14,7,45,65476,0,300,0,0,8,21553,0.0,-107605600.0,0.0,0.0,0.0,0.0,0.0,0.0,0.0,0.0,0.0,0.0,0.0,0.0,0.0,0.0,0.0,0.0,0.0,0.0,0.0,0.0,0.0,0.0,-0.0,0.0,0.0,0.0,0.0,0.0,5054.0,0.0,0.0,-107615288.0,-107615296.0,-107615280.0,2.718429300292151e+23,0.0,0.0,0.0,0.0,53,-0.0,0.0,0.0,0.0,0.0,0.0,0.0,0.0,0.0,0,0,0,0.0,0.0,0.0,0.0,0.0,0.0,0.0,0.0,0.0,0.0,0.0,0.0,0.0,0.0,0.0,0.0,0,-107875648.0,53,0.0,106,-107614832.0,-0.0,ERR,ERR,ERR,ERR,ERR,ERR,ERR,ERR,ERR,ERR,ERR,ERR,ERR,ERR,ERR,ERR,ERR,ERR,ERR,ERR,ERR,ERR,ERR,ERR,ERR,ERR,ERR,ERR,ERR,ERR,ERR,ERR,ERR,ERR,ERR,ERR,ERR,ERR,ERR,ERR,ERR,ERR,ERR,ERR,ERR,ERR,ERR,ERR,ERR,ERR,ERR,ERR,ERR,ERR,ERR,ERR,ERR,ERR,ERR,ERR,ERR,ERR,ERR,ERR,ERR,ERR,ERR,50.0,60.0,100,0.0,0.0,0.0,0.0,0.0,0.0,0.0,0.0,0.0,0.0,0.0,0.0,0.0,0.0,0.0,0.0,62.0,74,13,65511,50,65476,0,300,0,0,8,20529,65476,0,0,26214,60.0,0.0,0.0,0.0,0.0,0.0
2026-05-17T18:10:15,ERR,ERR,ERR,ERR,ERR,ERR,ERR,ERR,ERR,ERR,ERR,ERR,ERR,ERR,ERR,ERR,ERR,ERR,ERR,ERR,ERR,ERR,ERR,ERR,ERR,ERR,ERR,ERR,ERR,ERR,ERR,ERR,ERR,ERR,ERR,ERR,ERR,ERR,ERR,ERR,ERR,ERR,ERR,ERR,ERR,ERR,ERR,ERR,ERR,ERR,ERR,ERR,ERR,ERR,ERR,ERR,ERR,ERR,ERR,ERR,ERR,ERR,ERR,ERR,ERR,ERR,ERR,ERR,ERR,ERR,ERR,ERR,ERR,ERR,ERR,ERR,ERR,ERR,ERR,ERR,ERR,ERR,ERR,ERR,ERR,ERR,ERR,ERR,ERR,ERR,ERR,ERR,ERR,ERR,ERR,ERR,ERR,ERR,ERR,ERR,ERR,ERR,ERR,ERR,ERR,ERR,ERR,ERR,ERR,ERR,ERR,ERR,ERR,ERR,ERR,ERR,ERR,ERR,ERR,ERR,ERR,ERR,ERR,ERR,ERR,-107615288.0,-107615296.0,0.0,0.0,0.0,1.3936040501711995e+18,7.805,0.0,0,0,4,0,8422,0.0,45,0.0,0.0,0.0,0.0,0.0,0,0,0,0,0.0,0,0,0,0,0,0,0,0,0,0,0,0,0,0,0,0,0,0,0,0,0,0,0,0,0,0,0,0,0,0,0,0,0,38,14,7,45,65476,0,300,0,0,8,21553,0.0,-107605600.0,0.0,0.0,0.0,0.0,0.0,0.0,0.0,0.0,0.0,0.0,0.0,0.0,0.0,0.0,0.0,0.0,0.0,0.0,0.0,0.0,0.0,0.0,-0.0,0.0,0.0,0.0,0.0,0.0,5054.0,0.0,0.0,-107615288.0,-107615296.0,-107615280.0,2.718429300292151e+23,0.0,0.0,0.0,0.0,53,-0.0,0.0,0.0,0.0,0.0,0.0,0.0,0.0,0.0,0,0,0,0.0,0.0,0.0,0.0,0.0,0.0,0.0,0.0,0.0,0.0,0.0,0.0,0.0,0.0,0.0,0.0,0,-107875648.0,53,0.0,106,-107614832.0,-0.0,ERR,ERR,ERR,ERR,ERR,ERR,ERR,ERR,ERR,ERR,ERR,ERR,ERR,ERR,ERR,ERR,ERR,ERR,ERR,ERR,ERR,ERR,ERR,ERR,ERR,ERR,ERR,ERR,ERR,ERR,ERR,ERR,ERR,ERR,ERR,ERR,ERR,ERR,ERR,ERR,ERR,ERR,ERR,ERR,ERR,ERR,ERR,ERR,ERR,ERR,ERR,ERR,ERR,ERR,ERR,ERR,ERR,ERR,ERR,ERR,ERR,ERR,ERR,ERR,ERR,ERR,ERR,50.0,60.0,100,0.0,0.0,0.0,0.0,0.0,0.0,0.0,0.0,0.0,0.0,0.0,0.0,0.0,0.0,0.0,0.0,61.6,74,13,65511,50,65476,0,300,0,0,8,20529,65476,0,0,26214,60.0,0.0,0.0,0.0,0.0,0.0
2026-05-17T18:10:16,ERR,ERR,ERR,ERR,ERR,ERR,ERR,ERR,ERR,ERR,ERR,ERR,ERR,ERR,ERR,ERR,ERR,ERR,ERR,ERR,ERR,ERR,ERR,ERR,ERR,ERR,ERR,ERR,ERR,ERR,ERR,ERR,ERR,ERR,ERR,ERR,ERR,ERR,ERR,ERR,ERR,ERR,ERR,ERR,ERR,ERR,ERR,ERR,ERR,ERR,ERR,ERR,ERR,ERR,ERR,ERR,ERR,ERR,ERR,ERR,ERR,ERR,ERR,ERR,ERR,ERR,ERR,ERR,ERR,ERR,ERR,ERR,ERR,ERR,ERR,ERR,ERR,ERR,ERR,ERR,ERR,ERR,ERR,ERR,ERR,ERR,ERR,ERR,ERR,ERR,ERR,ERR,ERR,ERR,ERR,ERR,ERR,ERR,ERR,ERR,ERR,ERR,ERR,ERR,ERR,ERR,ERR,ERR,ERR,ERR,ERR,ERR,ERR,ERR,ERR,ERR,ERR,ERR,ERR,ERR,ERR,ERR,ERR,ERR,ERR,-107615288.0,-107615296.0,0.0,0.0,0.0,1.3936040501711995e+18,7.805,0.0,0,0,4,0,8422,0.0,45,0.0,0.0,0.0,0.0,0.0,0,0,0,0,0.0,0,0,0,0,0,0,0,0,0,0,0,0,0,0,0,0,0,0,0,0,0,0,0,0,0,0,0,0,0,0,0,0,0,38,14,7,45,65476,0,300,0,0,8,21553,0.0,-107605600.0,0.0,0.0,0.0,0.0,0.0,0.0,0.0,0.0,0.0,0.0,0.0,0.0,0.0,0.0,0.0,0.0,0.0,0.0,0.0,0.0,0.0,0.0,-0.0,0.0,0.0,0.0,0.0,0.0,5054.0,0.0,0.0,-107615288.0,-107615296.0,-107615280.0,2.718429300292151e+23,0.0,0.0,0.0,0.0,53,-0.0,0.0,0.0,0.0,0.0,0.0,0.0,0.0,0.0,0,0,0,0.0,0.0,0.0,0.0,0.0,0.0,0.0,0.0,0.0,0.0,0.0,0.0,0.0,0.0,0.0,0.0,0,-107875648.0,53,0.0,106,-107614832.0,-0.0,ERR,ERR,ERR,ERR,ERR,ERR,ERR,ERR,ERR,ERR,ERR,ERR,ERR,ERR,ERR,ERR,ERR,ERR,ERR,ERR,ERR,ERR,ERR,ERR,ERR,ERR,ERR,ERR,ERR,ERR,ERR,ERR,ERR,ERR,ERR,ERR,ERR,ERR,ERR,ERR,ERR,ERR,ERR,ERR,ERR,ERR,ERR,ERR,ERR,ERR,ERR,ERR,ERR,ERR,ERR,ERR,ERR,ERR,ERR,ERR,ERR,ERR,ERR,ERR,ERR,ERR,ERR,50.0,60.0,100,0.0,0.0,0.0,0.0,0.0,0.0,0.0,0.0,0.0,0.0,0.0,0.0,0.0,0.0,0.0,0.0,61.6,74,13,65511,50,65476,0,300,0,0,8,20529,65476,0,0,26214,60.0,0.0,0.0,0.0,0.0,0.0
2026-05-17T18:10:17,ERR,ERR,ERR,ERR,ERR,ERR,ERR,ERR,ERR,ERR,ERR,ERR,ERR,ERR,ERR,ERR,ERR,ERR,ERR,ERR,ERR,ERR,ERR,ERR,ERR,ERR,ERR,ERR,ERR,ERR,ERR,ERR,ERR,ERR,ERR,ERR,ERR,ERR,ERR,ERR,ERR,ERR,ERR,ERR,ERR,ERR,ERR,ERR,ERR,ERR,ERR,ERR,ERR,ERR,ERR,ERR,ERR,ERR,ERR,ERR,ERR,ERR,ERR,ERR,ERR,ERR,ERR,ERR,ERR,ERR,ERR,ERR,ERR,ERR,ERR,ERR,ERR,ERR,ERR,ERR,ERR,ERR,ERR,ERR,ERR,ERR,ERR,ERR,ERR,ERR,ERR,ERR,ERR,ERR,ERR,ERR,ERR,ERR,ERR,ERR,ERR,ERR,ERR,ERR,ERR,ERR,ERR,ERR,ERR,ERR,ERR,ERR,ERR,ERR,ERR,ERR,ERR,ERR,ERR,ERR,ERR,ERR,ERR,ERR,ERR,-107615288.0,-107615296.0,0.0,0.0,0.0,1.3936040501711995e+18,7.805,0.0,0,0,4,0,8422,0.0,45,0.0,0.0,0.0,0.0,0.0,0,0,0,0,0.0,0,0,0,0,0,0,0,0,0,0,0,0,0,0,0,0,0,0,0,0,0,0,0,0,0,0,0,0,0,0,0,0,0,38,14,7,45,65476,0,300,0,0,8,21553,0.0,-107605600.0,0.0,0.0,0.0,0.0,0.0,0.0,0.0,0.0,0.0,0.0,0.0,0.0,0.0,0.0,0.0,0.0,0.0,0.0,0.0,0.0,0.0,0.0,-0.0,0.0,0.0,0.0,0.0,0.0,5054.0,0.0,0.0,-107615288.0,-107615296.0,-107615280.0,2.718429300292151e+23,0.0,0.0,0.0,0.0,53,-0.0,0.0,0.0,0.0,0.0,0.0,0.0,0.0,0.0,0,0,0,0.0,0.0,0.0,0.0,0.0,0.0,0.0,0.0,0.0,0.0,0.0,0.0,0.0,0.0,0.0,0.0,0,-107875648.0,53,0.0,106,-107614832.0,-0.0,ERR,ERR,ERR,ERR,ERR,ERR,ERR,ERR,ERR,ERR,ERR,ERR,ERR,ERR,ERR,ERR,ERR,ERR,ERR,ERR,ERR,ERR,ERR,ERR,ERR,ERR,ERR,ERR,ERR,ERR,ERR,ERR,ERR,ERR,ERR,ERR,ERR,ERR,ERR,ERR,ERR,ERR,ERR,ERR,ERR,ERR,ERR,ERR,ERR,ERR,ERR,ERR,ERR,ERR,ERR,ERR,ERR,ERR,ERR,ERR,ERR,ERR,ERR,ERR,ERR,ERR,ERR,50.0,60.0,100,0.0,0.0,0.0,0.0,0.0,0.0,0.0,0.0,0.0,0.0,0.0,0.0,0.0,0.0,0.0,0.0,61.6,74,13,65511,50,65476,0,300,0,0,8,20529,65476,0,0,26214,60.0,0.0,0.0,0.0,0.0,0.0
2026-05-17T18:10:18,ERR,ERR,ERR,ERR,ERR,ERR,ERR,ERR,ERR,ERR,ERR,ERR,ERR,ERR,ERR,ERR,ERR,ERR,ERR,ERR,ERR,ERR,ERR,ERR,ERR,ERR,ERR,ERR,ERR,ERR,ERR,ERR,ERR,ERR,ERR,ERR,ERR,ERR,ERR,ERR,ERR,ERR,ERR,ERR,ERR,ERR,ERR,ERR,ERR,ERR,ERR,ERR,ERR,ERR,ERR,ERR,ERR,ERR,ERR,ERR,ERR,ERR,ERR,ERR,ERR,ERR,ERR,ERR,ERR,ERR,ERR,ERR,ERR,ERR,ERR,ERR,ERR,ERR,ERR,ERR,ERR,ERR,ERR,ERR,ERR,ERR,ERR,ERR,ERR,ERR,ERR,ERR,ERR,ERR,ERR,ERR,ERR,ERR,ERR,ERR,ERR,ERR,ERR,ERR,ERR,ERR,ERR,ERR,ERR,ERR,ERR,ERR,ERR,ERR,ERR,ERR,ERR,ERR,ERR,ERR,ERR,ERR,ERR,ERR,ERR,-107615288.0,-107615296.0,0.0,0.0,0.0,1.3936040501711995e+18,7.805,0.0,0,0,4,0,8422,0.0,45,0.0,0.0,0.0,0.0,0.0,0,0,0,0,0.0,0,0,0,0,0,0,0,0,0,0,0,0,0,0,0,0,0,0,0,0,0,0,0,0,0,0,0,0,0,0,0,0,0,38,14,7,45,65476,0,300,0,0,8,21553,0.0,-107605600.0,0.0,0.0,0.0,0.0,0.0,0.0,0.0,0.0,0.0,0.0,0.0,0.0,0.0,0.0,0.0,0.0,0.0,0.0,0.0,0.0,0.0,0.0,-0.0,0.0,0.0,0.0,0.0,0.0,5054.0,0.0,0.0,-107615288.0,-107615296.0,-107615280.0,2.718429300292151e+23,0.0,0.0,0.0,0.0,53,-0.0,0.0,0.0,0.0,0.0,0.0,0.0,0.0,0.0,0,0,0,0.0,0.0,0.0,0.0,0.0,0.0,0.0,0.0,0.0,0.0,0.0,0.0,0.0,0.0,0.0,0.0,0,-107875648.0,53,0.0,106,-107614832.0,-0.0,ERR,ERR,ERR,ERR,ERR,ERR,ERR,ERR,ERR,ERR,ERR,ERR,ERR,ERR,ERR,ERR,ERR,ERR,ERR,ERR,ERR,ERR,ERR,ERR,ERR,ERR,ERR,ERR,ERR,ERR,ERR,ERR,ERR,ERR,ERR,ERR,ERR,ERR,ERR,ERR,ERR,ERR,ERR,ERR,ERR,ERR,ERR,ERR,ERR,ERR,ERR,ERR,ERR,ERR,ERR,ERR,ERR,ERR,ERR,ERR,ERR,ERR,ERR,ERR,ERR,ERR,ERR,50.0,60.0,100,0.0,0.0,0.0,0.0,0.0,0.0,0.0,0.0,0.0,0.0,0.0,0.0,0.0,0.0,0.0,0.0,61.6,74,13,65511,50,65476,0,300,0,0,8,20529,65476,0,0,26214,60.0,0.0,0.0,0.0,0.0,0.0
2026-05-17T18:10:19,ERR,ERR,ERR,ERR,ERR,ERR,ERR,ERR,ERR,ERR,ERR,ERR,ERR,ERR,ERR,ERR,ERR,ERR,ERR,ERR,ERR,ERR,ERR,ERR,ERR,ERR,ERR,ERR,ERR,ERR,ERR,ERR,ERR,ERR,ERR,ERR,ERR,ERR,ERR,ERR,ERR,ERR,ERR,ERR,ERR,ERR,ERR,ERR,ERR,ERR,ERR,ERR,ERR,ERR,ERR,ERR,ERR,ERR,ERR,ERR,ERR,ERR,ERR,ERR,ERR,ERR,ERR,ERR,ERR,ERR,ERR,ERR,ERR,ERR,ERR,ERR,ERR,ERR,ERR,ERR,ERR,ERR,ERR,ERR,ERR,ERR,ERR,ERR,ERR,ERR,ERR,ERR,ERR,ERR,ERR,ERR,ERR,ERR,ERR,ERR,ERR,ERR,ERR,ERR,ERR,ERR,ERR,ERR,ERR,ERR,ERR,ERR,ERR,ERR,ERR,ERR,ERR,ERR,ERR,ERR,ERR,ERR,ERR,ERR,ERR,0.0,-107615296.0,-134474944.0,0.0,0.0,1.3936040501711995e+18,7.805,0.0,0,0,4,0,8422,0.0,45,0.0,0.0,0.0,0.0,0.0,0,0,0,0,0.0,0,0,0,0,0,0,0,0,0,0,0,0,0,0,0,0,0,0,0,0,0,0,0,0,0,0,0,0,0,0,0,0,0,38,14,7,45,65476,0,300,0,0,8,21553,0.0,-107605600.0,0.0,0.0,0.0,0.0,0.0,0.0,0.0,0.0,0.0,0.0,0.0,0.0,0.0,0.0,0.0,0.0,0.0,0.0,0.0,0.0,-2.004,0.0,-0.0,0.0,0.0,0.0,0.0,0.0,5021.0,-1.040665380856972e+34,0.0,-107615288.0,-107615296.0,-107615280.0,2.718429300292151e+23,0.0,0.0,0.0,0.0,53,-0.0,-3.222002767243768e+26,0.0,0.0,0.0,0.0,0.0,0.0,0.0,0,0,0,0.0,0.0,0.0,0.0,0.0,0.0,0.0,0.0,0.0,0.0,0.0,0.0,0.0,0.0,0.0,0.0,0,-107875648.0,53,0.0,106,-107614832.0,0.0,ERR,ERR,ERR,ERR,ERR,ERR,ERR,ERR,ERR,ERR,ERR,ERR,ERR,ERR,ERR,ERR,ERR,ERR,ERR,ERR,ERR,ERR,ERR,ERR,ERR,ERR,ERR,ERR,ERR,ERR,ERR,ERR,ERR,ERR,ERR,ERR,ERR,ERR,ERR,ERR,ERR,ERR,ERR,ERR,ERR,ERR,ERR,ERR,ERR,ERR,ERR,ERR,ERR,ERR,ERR,ERR,ERR,ERR,ERR,ERR,ERR,ERR,ERR,ERR,ERR,ERR,ERR,50.0,60.0,100,0.0,0.0,0.0,0.0,0.0,0.0,0.0,0.0,0.0,0.0,0.0,0.0,0.0,0.0,0.0,0.0,61.6,74,13,65511,50,65476,0,300,0,0,8,20529,65476,0,0,26214,60.0,0.0,0.0,0.0,0.0,0.0
2026-05-17T18:10:20,ERR,ERR,ERR,ERR,ERR,ERR,ERR,ERR,ERR,ERR,ERR,ERR,ERR,ERR,ERR,ERR,ERR,ERR,ERR,ERR,ERR,ERR,ERR,ERR,ERR,ERR,ERR,ERR,ERR,ERR,ERR,ERR,ERR,ERR,ERR,ERR,ERR,ERR,ERR,ERR,ERR,ERR,ERR,ERR,ERR,ERR,ERR,ERR,ERR,ERR,ERR,ERR,ERR,ERR,ERR,ERR,ERR,ERR,ERR,ERR,ERR,ERR,ERR,ERR,ERR,ERR,ERR,ERR,ERR,ERR,ERR,ERR,ERR,ERR,ERR,ERR,ERR,ERR,ERR,ERR,ERR,ERR,ERR,ERR,ERR,ERR,ERR,ERR,ERR,ERR,ERR,ERR,ERR,ERR,ERR,ERR,ERR,ERR,ERR,ERR,ERR,ERR,ERR,ERR,ERR,ERR,ERR,ERR,ERR,ERR,ERR,ERR,ERR,ERR,ERR,ERR,ERR,ERR,ERR,ERR,ERR,ERR,ERR,ERR,ERR,0.0,-107615296.0,-134474944.0,0.0,0.0,1.3936040501711995e+18,7.805,0.0,0,0,4,0,8422,0.0,45,0.0,0.0,0.0,0.0,0.0,0,0,0,0,0.0,0,0,0,0,0,0,0,0,0,0,0,0,0,0,0,0,0,0,0,0,0,0,0,0,0,0,0,0,0,0,0,0,0,38,14,7,45,65476,0,300,0,0,8,21553,0.0,-107605600.0,0.0,0.0,0.0,0.0,0.0,0.0,0.0,0.0,0.0,0.0,0.0,0.0,0.0,0.0,0.0,0.0,0.0,0.0,0.0,0.0,-2.004,0.0,-0.0,0.0,0.0,0.0,0.0,0.0,5021.0,-1.040665380856972e+34,0.0,-107615288.0,-107615296.0,-107615280.0,2.718429300292151e+23,0.0,0.0,0.0,0.0,53,-0.0,-3.222002767243768e+26,0.0,0.0,0.0,0.0,0.0,0.0,0.0,0,0,0,0.0,0.0,0.0,0.0,0.0,0.0,0.0,0.0,0.0,0.0,0.0,0.0,0.0,0.0,0.0,0.0,0,-107875648.0,53,0.0,106,-107614832.0,0.0,ERR,ERR,ERR,ERR,ERR,ERR,ERR,ERR,ERR,ERR,ERR,ERR,ERR,ERR,ERR,ERR,ERR,ERR,ERR,ERR,ERR,ERR,ERR,ERR,ERR,ERR,ERR,ERR,ERR,ERR,ERR,ERR,ERR,ERR,ERR,ERR,ERR,ERR,ERR,ERR,ERR,ERR,ERR,ERR,ERR,ERR,ERR,ERR,ERR,ERR,ERR,ERR,ERR,ERR,ERR,ERR,ERR,ERR,ERR,ERR,ERR,ERR,ERR,ERR,ERR,ERR,ERR,50.0,60.0,100,0.0,0.0,0.0,0.0,0.0,0.0,0.0,0.0,0.0,0.0,0.0,0.0,0.0,0.0,0.0,0.0,61.6,74,13,65511,50,65476,0,300,0,0,8,20529,65476,0,0,26214,60.0,0.0,0.0,0.0,0.0,0.0
2026-05-17T18:10:21,ERR,ERR,ERR,ERR,ERR,ERR,ERR,ERR,ERR,ERR,ERR,ERR,ERR,ERR,ERR,ERR,ERR,ERR,ERR,ERR,ERR,ERR,ERR,ERR,ERR,ERR,ERR,ERR,ERR,ERR,ERR,ERR,ERR,ERR,ERR,ERR,ERR,ERR,ERR,ERR,ERR,ERR,ERR,ERR,ERR,ERR,ERR,ERR,ERR,ERR,ERR,ERR,ERR,ERR,ERR,ERR,ERR,ERR,ERR,ERR,ERR,ERR,ERR,ERR,ERR,ERR,ERR,ERR,ERR,ERR,ERR,ERR,ERR,ERR,ERR,ERR,ERR,ERR,ERR,ERR,ERR,ERR,ERR,ERR,ERR,ERR,ERR,ERR,ERR,ERR,ERR,ERR,ERR,ERR,ERR,ERR,ERR,ERR,ERR,ERR,ERR,ERR,ERR,ERR,ERR,ERR,ERR,ERR,ERR,ERR,ERR,ERR,ERR,ERR,ERR,ERR,ERR,ERR,ERR,ERR,ERR,ERR,ERR,ERR,ERR,0.0,-107615296.0,-134474944.0,0.0,0.0,1.3936040501711995e+18,7.805,0.0,0,0,4,0,8422,0.0,45,0.0,0.0,0.0,0.0,0.0,0,0,0,0,0.0,0,0,0,0,0,0,0,0,0,0,0,0,0,0,0,0,0,0,0,0,0,0,0,0,0,0,0,0,0,0,0,0,0,38,14,7,45,65476,0,300,0,0,8,21553,0.0,-107605600.0,0.0,0.0,0.0,0.0,0.0,0.0,0.0,0.0,0.0,0.0,0.0,0.0,0.0,0.0,0.0,0.0,0.0,0.0,0.0,0.0,-2.004,0.0,-0.0,0.0,0.0,0.0,0.0,0.0,5021.0,-1.040665380856972e+34,0.0,-107615288.0,-107615296.0,-107615280.0,2.718429300292151e+23,0.0,0.0,0.0,0.0,53,-0.0,-3.222002767243768e+26,0.0,0.0,0.0,0.0,0.0,0.0,0.0,0,0,0,0.0,0.0,0.0,0.0,0.0,0.0,0.0,0.0,0.0,0.0,0.0,0.0,0.0,0.0,0.0,0.0,0,-107875648.0,53,0.0,106,-107614832.0,0.0,ERR,ERR,ERR,ERR,ERR,ERR,ERR,ERR,ERR,ERR,ERR,ERR,ERR,ERR,ERR,ERR,ERR,ERR,ERR,ERR,ERR,ERR,ERR,ERR,ERR,ERR,ERR,ERR,ERR,ERR,ERR,ERR,ERR,ERR,ERR,ERR,ERR,ERR,ERR,ERR,ERR,ERR,ERR,ERR,ERR,ERR,ERR,ERR,ERR,ERR,ERR,ERR,ERR,ERR,ERR,ERR,ERR,ERR,ERR,ERR,ERR,ERR,ERR,ERR,ERR,ERR,ERR,50.0,60.0,100,0.0,0.0,0.0,0.0,0.0,0.0,0.0,0.0,0.0,0.0,0.0,0.0,0.0,0.0,0.0,0.0,61.6,74,13,65511,50,65476,0,300,0,0,8,20529,65476,0,0,26214,60.0,0.0,0.0,0.0,0.0,0.0
2026-05-17T18:10:22,ERR,ERR,ERR,ERR,ERR,ERR,ERR,ERR,ERR,ERR,ERR,ERR,ERR,ERR,ERR,ERR,ERR,ERR,ERR,ERR,ERR,ERR,ERR,ERR,ERR,ERR,ERR,ERR,ERR,ERR,ERR,ERR,ERR,ERR,ERR,ERR,ERR,ERR,ERR,ERR,ERR,ERR,ERR,ERR,ERR,ERR,ERR,ERR,ERR,ERR,ERR,ERR,ERR,ERR,ERR,ERR,ERR,ERR,ERR,ERR,ERR,ERR,ERR,ERR,ERR,ERR,ERR,ERR,ERR,ERR,ERR,ERR,ERR,ERR,ERR,ERR,ERR,ERR,ERR,ERR,ERR,ERR,ERR,ERR,ERR,ERR,ERR,ERR,ERR,ERR,ERR,ERR,ERR,ERR,ERR,ERR,ERR,ERR,ERR,ERR,ERR,ERR,ERR,ERR,ERR,ERR,ERR,ERR,ERR,ERR,ERR,ERR,ERR,ERR,ERR,ERR,ERR,ERR,ERR,ERR,ERR,ERR,ERR,ERR,ERR,0.0,-107615296.0,-134474944.0,0.0,0.0,1.3936040501711995e+18,7.805,0.0,0,0,4,0,8422,0.0,45,0.0,0.0,0.0,0.0,0.0,0,0,0,0,0.0,0,0,0,0,0,0,0,0,0,0,0,0,0,0,0,0,0,0,0,0,0,0,0,0,0,0,0,0,0,0,0,0,0,38,14,7,45,65476,0,300,0,0,8,21553,0.0,-107605600.0,0.0,0.0,0.0,0.0,0.0,0.0,0.0,0.0,0.0,0.0,0.0,0.0,0.0,0.0,0.0,0.0,0.0,0.0,0.0,0.0,-2.004,0.0,-0.0,0.0,0.0,0.0,0.0,0.0,5021.0,-1.040665380856972e+34,0.0,-107615288.0,-107615296.0,-107615280.0,2.718429300292151e+23,0.0,0.0,0.0,0.0,53,-0.0,-3.222002767243768e+26,0.0,0.0,0.0,0.0,0.0,0.0,0.0,0,0,0,0.0,0.0,0.0,0.0,0.0,0.0,0.0,0.0,0.0,0.0,0.0,0.0,0.0,0.0,0.0,0.0,0,-107875648.0,53,0.0,106,-107614832.0,0.0,ERR,ERR,ERR,ERR,ERR,ERR,ERR,ERR,ERR,ERR,ERR,ERR,ERR,ERR,ERR,ERR,ERR,ERR,ERR,ERR,ERR,ERR,ERR,ERR,ERR,ERR,ERR,ERR,ERR,ERR,ERR,ERR,ERR,ERR,ERR,ERR,ERR,ERR,ERR,ERR,ERR,ERR,ERR,ERR,ERR,ERR,ERR,ERR,ERR,ERR,ERR,ERR,ERR,ERR,ERR,ERR,ERR,ERR,ERR,ERR,ERR,ERR,ERR,ERR,ERR,ERR,ERR,50.0,60.0,100,0.0,0.0,0.0,0.0,0.0,0.0,0.0,0.0,0.0,0.0,0.0,0.0,0.0,0.0,0.0,0.0,61.6,74,13,65511,50,65476,0,300,0,0,8,20529,65476,0,0,26214,60.0,0.0,0.0,0.0,0.0,0.0
2026-05-17T18:10:23,ERR,ERR,ERR,ERR,ERR,ERR,ERR,ERR,ERR,ERR,ERR,ERR,ERR,ERR,ERR,ERR,ERR,ERR,ERR,ERR,ERR,ERR,ERR,ERR,ERR,ERR,ERR,ERR,ERR,ERR,ERR,ERR,ERR,ERR,ERR,ERR,ERR,ERR,ERR,ERR,ERR,ERR,ERR,ERR,ERR,ERR,ERR,ERR,ERR,ERR,ERR,ERR,ERR,ERR,ERR,ERR,ERR,ERR,ERR,ERR,ERR,ERR,ERR,ERR,ERR,ERR,ERR,ERR,ERR,ERR,ERR,ERR,ERR,ERR,ERR,ERR,ERR,ERR,ERR,ERR,ERR,ERR,ERR,ERR,ERR,ERR,ERR,ERR,ERR,ERR,ERR,ERR,ERR,ERR,ERR,ERR,ERR,ERR,ERR,ERR,ERR,ERR,ERR,ERR,ERR,ERR,ERR,ERR,ERR,ERR,ERR,ERR,ERR,ERR,ERR,ERR,ERR,ERR,ERR,ERR,ERR,ERR,ERR,ERR,ERR,0.0,-107615296.0,-134474944.0,0.0,0.0,1.3936040501711995e+18,7.805,0.0,0,0,4,0,8422,0.0,45,0.0,0.0,0.0,0.0,0.0,0,0,0,0,0.0,0,0,0,0,0,0,0,0,0,0,0,0,0,0,0,0,0,0,0,0,0,0,0,0,0,0,0,0,0,0,0,0,0,38,14,7,45,65476,0,300,0,0,8,21553,0.0,-107605600.0,0.0,0.0,0.0,0.0,0.0,0.0,0.0,0.0,0.0,0.0,0.0,0.0,0.0,0.0,0.0,0.0,0.0,0.0,0.0,0.0,-2.004,0.0,-0.0,0.0,0.0,0.0,0.0,0.0,5021.0,-1.040665380856972e+34,0.0,-107615288.0,-107615296.0,-107615280.0,2.718429300292151e+23,0.0,0.0,0.0,0.0,53,-0.0,-3.222002767243768e+26,0.0,0.0,0.0,0.0,0.0,0.0,0.0,0,0,0,0.0,0.0,0.0,0.0,0.0,0.0,0.0,0.0,0.0,0.0,0.0,0.0,0.0,0.0,0.0,0.0,0,-107875648.0,53,0.0,106,-107614832.0,0.0,ERR,ERR,ERR,ERR,ERR,ERR,ERR,ERR,ERR,ERR,ERR,ERR,ERR,ERR,ERR,ERR,ERR,ERR,ERR,ERR,ERR,ERR,ERR,ERR,ERR,ERR,ERR,ERR,ERR,ERR,ERR,ERR,ERR,ERR,ERR,ERR,ERR,ERR,ERR,ERR,ERR,ERR,ERR,ERR,ERR,ERR,ERR,ERR,ERR,ERR,ERR,ERR,ERR,ERR,ERR,ERR,ERR,ERR,ERR,ERR,ERR,ERR,ERR,ERR,ERR,ERR,ERR,50.0,60.0,100,0.0,0.0,0.0,0.0,0.0,0.0,0.0,0.0,0.0,0.0,0.0,0.0,0.0,0.0,0.0,0.0,61.6,74,13,65511,50,65476,0,300,0,0,8,20529,65476,0,0,26214,60.0,0.0,0.0,0.0,0.0,0.0
2026-05-17T18:10:24,ERR,ERR,ERR,ERR,ERR,ERR,ERR,ERR,ERR,ERR,ERR,ERR,ERR,ERR,ERR,ERR,ERR,ERR,ERR,ERR,ERR,ERR,ERR,ERR,ERR,ERR,ERR,ERR,ERR,ERR,ERR,ERR,ERR,ERR,ERR,ERR,ERR,ERR,ERR,ERR,ERR,ERR,ERR,ERR,ERR,ERR,ERR,ERR,ERR,ERR,ERR,ERR,ERR,ERR,ERR,ERR,ERR,ERR,ERR,ERR,ERR,ERR,ERR,ERR,ERR,ERR,ERR,ERR,ERR,ERR,ERR,ERR,ERR,ERR,ERR,ERR,ERR,ERR,ERR,ERR,ERR,ERR,ERR,ERR,ERR,ERR,ERR,ERR,ERR,ERR,ERR,ERR,ERR,ERR,ERR,ERR,ERR,ERR,ERR,ERR,ERR,ERR,ERR,ERR,ERR,ERR,ERR,ERR,ERR,ERR,ERR,ERR,ERR,ERR,ERR,ERR,ERR,ERR,ERR,ERR,ERR,ERR,ERR,ERR,ERR,-107615288.0,-107615296.0,0.0,0.0,0.0,1.3936040501711995e+18,7.805,0.0,0,0,4,0,8422,0.0,45,0.0,0.0,0.0,0.0,0.0,0,0,0,0,0.0,0,0,0,0,0,0,0,0,0,0,0,0,0,0,0,0,0,0,0,0,0,0,0,0,0,0,0,0,0,0,0,0,0,38,14,7,45,65476,0,300,0,0,8,21553,0.0,-107605600.0,0.0,0.0,0.0,0.0,0.0,0.0,0.0,0.0,0.0,0.0,0.0,0.0,0.0,0.0,0.0,0.0,0.0,0.0,0.0,0.0,0.0,0.0,-0.0,0.0,0.0,0.0,0.0,0.0,5052.0,0.0,0.0,0.0,-107615296.0,-107615280.0,2.718429300292151e+23,0.0,0.0,0.0,0.0,53,-0.0,-4.9504015179484054e+32,0.0,0.0,0.0,0.0,0.0,0.0,0.0,0,0,0,0.0,0.0,0.0,0.0,0.0,0.0,0.0,0.0,0.0,0.0,0.0,0.0,0.0,0.0,0.0,0.0,0,-107875648.0,53,0.0,106,-107614832.0,0.0,ERR,ERR,ERR,ERR,ERR,ERR,ERR,ERR,ERR,ERR,ERR,ERR,ERR,ERR,ERR,ERR,ERR,ERR,ERR,ERR,ERR,ERR,ERR,ERR,ERR,ERR,ERR,ERR,ERR,ERR,ERR,ERR,ERR,ERR,ERR,ERR,ERR,ERR,ERR,ERR,ERR,ERR,ERR,ERR,ERR,ERR,ERR,ERR,ERR,ERR,ERR,ERR,ERR,ERR,ERR,ERR,ERR,ERR,ERR,ERR,ERR,ERR,ERR,ERR,ERR,ERR,ERR,50.0,60.0,100,0.0,0.0,0.0,0.0,0.0,0.0,0.0,0.0,0.0,0.0,0.0,0.0,0.0,0.0,0.0,0.0,61.6,74,13,65511,50,65476,0,300,0,0,8,20529,65476,0,0,26214,60.0,0.0,0.0,0.0,0.0,0.0
2026-05-17T18:10:25,ERR,ERR,ERR,ERR,ERR,ERR,ERR,ERR,ERR,ERR,ERR,ERR,ERR,ERR,ERR,ERR,ERR,ERR,ERR,ERR,ERR,ERR,ERR,ERR,ERR,ERR,ERR,ERR,ERR,ERR,ERR,ERR,ERR,ERR,ERR,ERR,ERR,ERR,ERR,ERR,ERR,ERR,ERR,ERR,ERR,ERR,ERR,ERR,ERR,ERR,ERR,ERR,ERR,ERR,ERR,ERR,ERR,ERR,ERR,ERR,ERR,ERR,ERR,ERR,ERR,ERR,ERR,ERR,ERR,ERR,ERR,ERR,ERR,ERR,ERR,ERR,ERR,ERR,ERR,ERR,ERR,ERR,ERR,ERR,ERR,ERR,ERR,ERR,ERR,ERR,ERR,ERR,ERR,ERR,ERR,ERR,ERR,ERR,ERR,ERR,ERR,ERR,ERR,ERR,ERR,ERR,ERR,ERR,ERR,ERR,ERR,ERR,ERR,ERR,ERR,ERR,ERR,ERR,ERR,ERR,ERR,ERR,ERR,ERR,ERR,-107615288.0,-107615296.0,0.0,0.0,0.0,1.3936040501711995e+18,7.805,0.0,0,0,4,0,8422,0.0,45,0.0,0.0,0.0,0.0,0.0,0,0,0,0,0.0,0,0,0,0,0,0,0,0,0,0,0,0,0,0,0,0,0,0,0,0,0,0,0,0,0,0,0,0,0,0,0,0,0,38,14,7,45,65476,0,300,0,0,8,21553,0.0,-107605600.0,0.0,0.0,0.0,0.0,0.0,0.0,0.0,0.0,0.0,0.0,0.0,0.0,0.0,0.0,0.0,0.0,0.0,0.0,0.0,0.0,0.0,0.0,-0.0,0.0,0.0,0.0,0.0,0.0,5052.0,0.0,0.0,0.0,-107615296.0,-107615280.0,2.718429300292151e+23,0.0,0.0,0.0,0.0,53,-0.0,-4.9504015179484054e+32,0.0,0.0,0.0,0.0,0.0,0.0,0.0,0,0,0,0.0,0.0,0.0,0.0,0.0,0.0,0.0,0.0,0.0,0.0,0.0,0.0,0.0,0.0,0.0,0.0,0,-107875648.0,53,0.0,106,-107614832.0,0.0,ERR,ERR,ERR,ERR,ERR,ERR,ERR,ERR,ERR,ERR,ERR,ERR,ERR,ERR,ERR,ERR,ERR,ERR,ERR,ERR,ERR,ERR,ERR,ERR,ERR,ERR,ERR,ERR,ERR,ERR,ERR,ERR,ERR,ERR,ERR,ERR,ERR,ERR,ERR,ERR,ERR,ERR,ERR,ERR,ERR,ERR,ERR,ERR,ERR,ERR,ERR,ERR,ERR,ERR,ERR,ERR,ERR,ERR,ERR,ERR,ERR,ERR,ERR,ERR,ERR,ERR,ERR,50.0,60.0,100,0.0,0.0,0.0,0.0,0.0,0.0,0.0,0.0,0.0,0.0,0.0,0.0,0.0,0.0,0.0,0.0,61.6,74,13,65511,50,65476,0,300,0,0,8,20529,65476,0,0,26214,60.0,0.0,0.0,0.0,0.0,0.0
2026-05-17T18:10:26,ERR,ERR,ERR,ERR,ERR,ERR,ERR,ERR,ERR,ERR,ERR,ERR,ERR,ERR,ERR,ERR,ERR,ERR,ERR,ERR,ERR,ERR,ERR,ERR,ERR,ERR,ERR,ERR,ERR,ERR,ERR,ERR,ERR,ERR,ERR,ERR,ERR,ERR,ERR,ERR,ERR,ERR,ERR,ERR,ERR,ERR,ERR,ERR,ERR,ERR,ERR,ERR,ERR,ERR,ERR,ERR,ERR,ERR,ERR,ERR,ERR,ERR,ERR,ERR,ERR,ERR,ERR,ERR,ERR,ERR,ERR,ERR,ERR,ERR,ERR,ERR,ERR,ERR,ERR,ERR,ERR,ERR,ERR,ERR,ERR,ERR,ERR,ERR,ERR,ERR,ERR,ERR,ERR,ERR,ERR,ERR,ERR,ERR,ERR,ERR,ERR,ERR,ERR,ERR,ERR,ERR,ERR,ERR,ERR,ERR,ERR,ERR,ERR,ERR,ERR,ERR,ERR,ERR,ERR,ERR,ERR,ERR,ERR,ERR,ERR,-107615288.0,-107615296.0,0.0,0.0,0.0,1.3936040501711995e+18,7.805,0.0,0,0,4,0,8422,0.0,45,0.0,0.0,0.0,0.0,0.0,0,0,0,0,0.0,0,0,0,0,0,0,0,0,0,0,0,0,0,0,0,0,0,0,0,0,0,0,0,0,0,0,0,0,0,0,0,0,0,38,14,7,45,65476,0,300,0,0,8,21553,0.0,-107605600.0,0.0,0.0,0.0,0.0,0.0,0.0,0.0,0.0,0.0,0.0,0.0,0.0,0.0,0.0,0.0,0.0,0.0,0.0,0.0,0.0,0.0,0.0,-0.0,0.0,0.0,0.0,0.0,0.0,5052.0,0.0,0.0,0.0,-107615296.0,-107615280.0,2.718429300292151e+23,0.0,0.0,0.0,0.0,53,-0.0,-4.9504015179484054e+32,0.0,0.0,0.0,0.0,0.0,0.0,0.0,0,0,0,0.0,0.0,0.0,0.0,0.0,0.0,0.0,0.0,0.0,0.0,0.0,0.0,0.0,0.0,0.0,0.0,0,-107875648.0,53,0.0,106,-107614832.0,0.0,ERR,ERR,ERR,ERR,ERR,ERR,ERR,ERR,ERR,ERR,ERR,ERR,ERR,ERR,ERR,ERR,ERR,ERR,ERR,ERR,ERR,ERR,ERR,ERR,ERR,ERR,ERR,ERR,ERR,ERR,ERR,ERR,ERR,ERR,ERR,ERR,ERR,ERR,ERR,ERR,ERR,ERR,ERR,ERR,ERR,ERR,ERR,ERR,ERR,ERR,ERR,ERR,ERR,ERR,ERR,ERR,ERR,ERR,ERR,ERR,ERR,ERR,ERR,ERR,ERR,ERR,ERR,50.0,60.0,100,0.0,0.0,0.0,0.0,0.0,0.0,0.0,0.0,0.0,0.0,0.0,0.0,0.0,0.0,0.0,0.0,61.6,74,13,65511,50,65476,0,300,0,0,8,20529,65476,0,0,26214,60.0,0.0,0.0,0.0,0.0,0.0
2026-05-17T18:10:27,ERR,ERR,ERR,ERR,ERR,ERR,ERR,ERR,ERR,ERR,ERR,ERR,ERR,ERR,ERR,ERR,ERR,ERR,ERR,ERR,ERR,ERR,ERR,ERR,ERR,ERR,ERR,ERR,ERR,ERR,ERR,ERR,ERR,ERR,ERR,ERR,ERR,ERR,ERR,ERR,ERR,ERR,ERR,ERR,ERR,ERR,ERR,ERR,ERR,ERR,ERR,ERR,ERR,ERR,ERR,ERR,ERR,ERR,ERR,ERR,ERR,ERR,ERR,ERR,ERR,ERR,ERR,ERR,ERR,ERR,ERR,ERR,ERR,ERR,ERR,ERR,ERR,ERR,ERR,ERR,ERR,ERR,ERR,ERR,ERR,ERR,ERR,ERR,ERR,ERR,ERR,ERR,ERR,ERR,ERR,ERR,ERR,ERR,ERR,ERR,ERR,ERR,ERR,ERR,ERR,ERR,ERR,ERR,ERR,ERR,ERR,ERR,ERR,ERR,ERR,ERR,ERR,ERR,ERR,ERR,ERR,ERR,ERR,ERR,ERR,-107615288.0,-107615296.0,0.0,0.0,0.0,1.3936040501711995e+18,7.805,0.0,0,0,4,0,8422,0.0,45,0.0,0.0,0.0,0.0,0.0,0,0,0,0,0.0,0,0,0,0,0,0,0,0,0,0,0,0,0,0,0,0,0,0,0,0,0,0,0,0,0,0,0,0,0,0,0,0,0,38,14,7,45,65476,0,300,0,0,8,21553,0.0,-107605600.0,0.0,0.0,0.0,0.0,0.0,0.0,0.0,0.0,0.0,0.0,0.0,0.0,0.0,0.0,0.0,0.0,0.0,0.0,0.0,0.0,0.0,0.0,-0.0,0.0,0.0,0.0,0.0,0.0,5052.0,0.0,0.0,0.0,-107615296.0,-107615280.0,2.718429300292151e+23,0.0,0.0,0.0,0.0,53,-0.0,-4.9504015179484054e+32,0.0,0.0,0.0,0.0,0.0,0.0,0.0,0,0,0,0.0,0.0,0.0,0.0,0.0,0.0,0.0,0.0,0.0,0.0,0.0,0.0,0.0,0.0,0.0,0.0,0,-107875648.0,53,0.0,106,-107614832.0,0.0,ERR,ERR,ERR,ERR,ERR,ERR,ERR,ERR,ERR,ERR,ERR,ERR,ERR,ERR,ERR,ERR,ERR,ERR,ERR,ERR,ERR,ERR,ERR,ERR,ERR,ERR,ERR,ERR,ERR,ERR,ERR,ERR,ERR,ERR,ERR,ERR,ERR,ERR,ERR,ERR,ERR,ERR,ERR,ERR,ERR,ERR,ERR,ERR,ERR,ERR,ERR,ERR,ERR,ERR,ERR,ERR,ERR,ERR,ERR,ERR,ERR,ERR,ERR,ERR,ERR,ERR,ERR,50.0,60.0,100,0.0,0.0,0.0,0.0,0.0,0.0,0.0,0.0,0.0,0.0,0.0,0.0,0.0,0.0,0.0,0.0,61.6,74,13,65511,50,65476,0,300,0,0,8,20529,65476,0,0,26214,60.0,0.0,0.0,0.0,0.0,0.0
2026-05-17T18:10:28,ERR,ERR,ERR,ERR,ERR,ERR,ERR,ERR,ERR,ERR,ERR,ERR,ERR,ERR,ERR,ERR,ERR,ERR,ERR,ERR,ERR,ERR,ERR,ERR,ERR,ERR,ERR,ERR,ERR,ERR,ERR,ERR,ERR,ERR,ERR,ERR,ERR,ERR,ERR,ERR,ERR,ERR,ERR,ERR,ERR,ERR,ERR,ERR,ERR,ERR,ERR,ERR,ERR,ERR,ERR,ERR,ERR,ERR,ERR,ERR,ERR,ERR,ERR,ERR,ERR,ERR,ERR,ERR,ERR,ERR,ERR,ERR,ERR,ERR,ERR,ERR,ERR,ERR,ERR,ERR,ERR,ERR,ERR,ERR,ERR,ERR,ERR,ERR,ERR,ERR,ERR,ERR,ERR,ERR,ERR,ERR,ERR,ERR,ERR,ERR,ERR,ERR,ERR,ERR,ERR,ERR,ERR,ERR,ERR,ERR,ERR,ERR,ERR,ERR,ERR,ERR,ERR,ERR,ERR,ERR,ERR,ERR,ERR,ERR,ERR,-107615288.0,-107615296.0,0.0,0.0,0.0,1.3936040501711995e+18,7.805,0.0,0,0,4,0,8422,0.0,45,0.0,0.0,0.0,0.0,0.0,0,0,0,0,0.0,0,0,0,0,0,0,0,0,0,0,0,0,0,0,0,0,0,0,0,0,0,0,0,0,0,0,0,0,0,0,0,0,0,38,14,7,45,65476,0,300,0,0,8,21553,0.0,-107605600.0,0.0,0.0,0.0,0.0,0.0,0.0,0.0,0.0,0.0,0.0,0.0,0.0,0.0,0.0,0.0,0.0,0.0,0.0,0.0,0.0,0.0,0.0,-0.0,0.0,0.0,0.0,0.0,0.0,5052.0,0.0,0.0,0.0,-107615296.0,-107615280.0,2.718429300292151e+23,0.0,0.0,0.0,0.0,53,-0.0,-4.9504015179484054e+32,0.0,0.0,0.0,0.0,0.0,0.0,0.0,0,0,0,0.0,0.0,0.0,0.0,0.0,0.0,0.0,0.0,0.0,0.0,0.0,0.0,0.0,0.0,0.0,0.0,0,-107875648.0,53,0.0,106,-107614832.0,0.0,ERR,ERR,ERR,ERR,ERR,ERR,ERR,ERR,ERR,ERR,ERR,ERR,ERR,ERR,ERR,ERR,ERR,ERR,ERR,ERR,ERR,ERR,ERR,ERR,ERR,ERR,ERR,ERR,ERR,ERR,ERR,ERR,ERR,ERR,ERR,ERR,ERR,ERR,ERR,ERR,ERR,ERR,ERR,ERR,ERR,ERR,ERR,ERR,ERR,ERR,ERR,ERR,ERR,ERR,ERR,ERR,ERR,ERR,ERR,ERR,ERR,ERR,ERR,ERR,ERR,ERR,ERR,50.0,60.0,100,0.0,0.0,0.0,0.0,0.0,0.0,0.0,0.0,0.0,0.0,0.0,0.0,0.0,0.0,0.0,0.0,61.6,74,13,65511,50,65476,0,300,0,0,8,20529,65476,0,0,26214,60.0,0.0,0.0,0.0,0.0,0.0
2026-05-17T18:10:29,ERR,ERR,ERR,ERR,ERR,ERR,ERR,ERR,ERR,ERR,ERR,ERR,ERR,ERR,ERR,ERR,ERR,ERR,ERR,ERR,ERR,ERR,ERR,ERR,ERR,ERR,ERR,ERR,ERR,ERR,ERR,ERR,ERR,ERR,ERR,ERR,ERR,ERR,ERR,ERR,ERR,ERR,ERR,ERR,ERR,ERR,ERR,ERR,ERR,ERR,ERR,ERR,ERR,ERR,ERR,ERR,ERR,ERR,ERR,ERR,ERR,ERR,ERR,ERR,ERR,ERR,ERR,ERR,ERR,ERR,ERR,ERR,ERR,ERR,ERR,ERR,ERR,ERR,ERR,ERR,ERR,ERR,ERR,ERR,ERR,ERR,ERR,ERR,ERR,ERR,ERR,ERR,ERR,ERR,ERR,ERR,ERR,ERR,ERR,ERR,ERR,ERR,ERR,ERR,ERR,ERR,ERR,ERR,ERR,ERR,ERR,ERR,ERR,ERR,ERR,ERR,ERR,ERR,ERR,ERR,ERR,ERR,ERR,ERR,ERR,-107615288.0,-107615296.0,0.0,0.0,0.0,1.3936040501711995e+18,7.805,0.0,0,0,4,0,8422,0.0,45,0.0,0.0,0.0,0.0,0.0,0,0,0,0,0.0,0,0,0,0,0,0,0,0,0,0,0,0,0,0,0,0,0,0,0,0,0,0,0,0,0,0,0,0,0,0,0,0,0,38,14,7,45,65476,0,300,0,0,8,21553,0.0,-107605600.0,0.0,0.0,0.0,0.0,0.0,0.0,0.0,0.0,0.0,0.0,0.0,0.0,0.0,0.0,0.0,0.0,0.0,0.0,0.0,0.0,0.0,0.0,-0.0,0.0,0.0,0.0,0.0,0.0,5018.0,-1.040665380856972e+34,0.0,-107615288.0,-107615296.0,-0.0,2.718429300292151e+23,0.0,0.0,0.0,0.0,53,-0.0,-3.222002767243768e+26,0.0,0.0,0.0,0.0,0.0,0.0,0.0,0,0,0,0.0,0.0,0.0,0.0,0.0,0.0,0.0,0.0,0.0,0.0,0.0,0.0,0.0,0.0,0.0,0.0,0,-107875648.0,53,0.0,106,-107614832.0,0.0,ERR,ERR,ERR,ERR,ERR,ERR,ERR,ERR,ERR,ERR,ERR,ERR,ERR,ERR,ERR,ERR,ERR,ERR,ERR,ERR,ERR,ERR,ERR,ERR,ERR,ERR,ERR,ERR,ERR,ERR,ERR,ERR,ERR,ERR,ERR,ERR,ERR,ERR,ERR,ERR,ERR,ERR,ERR,ERR,ERR,ERR,ERR,ERR,ERR,ERR,ERR,ERR,ERR,ERR,ERR,ERR,ERR,ERR,ERR,ERR,ERR,ERR,ERR,ERR,ERR,ERR,ERR,50.0,60.0,100,0.0,0.0,0.0,0.0,0.0,0.0,0.0,0.0,0.0,0.0,0.0,0.0,0.0,0.0,0.0,0.0,62.0,74,13,65511,50,65476,0,300,0,0,8,20529,65476,0,0,26214,60.0,0.0,0.0,0.0,0.0,0.0
2026-05-17T18:10:30,ERR,ERR,ERR,ERR,ERR,ERR,ERR,ERR,ERR,ERR,ERR,ERR,ERR,ERR,ERR,ERR,ERR,ERR,ERR,ERR,ERR,ERR,ERR,ERR,ERR,ERR,ERR,ERR,ERR,ERR,ERR,ERR,ERR,ERR,ERR,ERR,ERR,ERR,ERR,ERR,ERR,ERR,ERR,ERR,ERR,ERR,ERR,ERR,ERR,ERR,ERR,ERR,ERR,ERR,ERR,ERR,ERR,ERR,ERR,ERR,ERR,ERR,ERR,ERR,ERR,ERR,ERR,ERR,ERR,ERR,ERR,ERR,ERR,ERR,ERR,ERR,ERR,ERR,ERR,ERR,ERR,ERR,ERR,ERR,ERR,ERR,ERR,ERR,ERR,ERR,ERR,ERR,ERR,ERR,ERR,ERR,ERR,ERR,ERR,ERR,ERR,ERR,ERR,ERR,ERR,ERR,ERR,ERR,ERR,ERR,ERR,ERR,ERR,ERR,ERR,ERR,ERR,ERR,ERR,ERR,ERR,ERR,ERR,ERR,ERR,-107615288.0,-107615296.0,0.0,0.0,0.0,1.3936040501711995e+18,7.805,0.0,0,0,4,0,8422,0.0,45,0.0,0.0,0.0,0.0,0.0,0,0,0,0,0.0,0,0,0,0,0,0,0,0,0,0,0,0,0,0,0,0,0,0,0,0,0,0,0,0,0,0,0,0,0,0,0,0,0,38,14,7,45,65476,0,300,0,0,8,21553,0.0,-107605600.0,0.0,0.0,0.0,0.0,0.0,0.0,0.0,0.0,0.0,0.0,0.0,0.0,0.0,0.0,0.0,0.0,0.0,0.0,0.0,0.0,0.0,0.0,-0.0,0.0,0.0,0.0,0.0,0.0,5018.0,-1.040665380856972e+34,0.0,-107615288.0,-107615296.0,-0.0,2.718429300292151e+23,0.0,0.0,0.0,0.0,53,-0.0,-3.222002767243768e+26,0.0,0.0,0.0,0.0,0.0,0.0,0.0,0,0,0,0.0,0.0,0.0,0.0,0.0,0.0,0.0,0.0,0.0,0.0,0.0,0.0,0.0,0.0,0.0,0.0,0,-107875648.0,53,0.0,106,-107614832.0,0.0,ERR,ERR,ERR,ERR,ERR,ERR,ERR,ERR,ERR,ERR,ERR,ERR,ERR,ERR,ERR,ERR,ERR,ERR,ERR,ERR,ERR,ERR,ERR,ERR,ERR,ERR,ERR,ERR,ERR,ERR,ERR,ERR,ERR,ERR,ERR,ERR,ERR,ERR,ERR,ERR,ERR,ERR,ERR,ERR,ERR,ERR,ERR,ERR,ERR,ERR,ERR,ERR,ERR,ERR,ERR,ERR,ERR,ERR,ERR,ERR,ERR,ERR,ERR,ERR,ERR,ERR,ERR,50.0,60.0,100,0.0,0.0,0.0,0.0,0.0,0.0,0.0,0.0,0.0,0.0,0.0,0.0,0.0,0.0,0.0,0.0,62.0,74,13,65511,50,65476,0,300,0,0,8,20529,65476,0,0,26214,60.0,0.0,0.0,0.0,0.0,0.0
2026-05-17T18:10:31,ERR,ERR,ERR,ERR,ERR,ERR,ERR,ERR,ERR,ERR,ERR,ERR,ERR,ERR,ERR,ERR,ERR,ERR,ERR,ERR,ERR,ERR,ERR,ERR,ERR,ERR,ERR,ERR,ERR,ERR,ERR,ERR,ERR,ERR,ERR,ERR,ERR,ERR,ERR,ERR,ERR,ERR,ERR,ERR,ERR,ERR,ERR,ERR,ERR,ERR,ERR,ERR,ERR,ERR,ERR,ERR,ERR,ERR,ERR,ERR,ERR,ERR,ERR,ERR,ERR,ERR,ERR,ERR,ERR,ERR,ERR,ERR,ERR,ERR,ERR,ERR,ERR,ERR,ERR,ERR,ERR,ERR,ERR,ERR,ERR,ERR,ERR,ERR,ERR,ERR,ERR,ERR,ERR,ERR,ERR,ERR,ERR,ERR,ERR,ERR,ERR,ERR,ERR,ERR,ERR,ERR,ERR,ERR,ERR,ERR,ERR,ERR,ERR,ERR,ERR,ERR,ERR,ERR,ERR,ERR,ERR,ERR,ERR,ERR,ERR,-107615288.0,-107615296.0,0.0,0.0,0.0,1.3936040501711995e+18,7.805,0.0,0,0,4,0,8422,0.0,45,0.0,0.0,0.0,0.0,0.0,0,0,0,0,0.0,0,0,0,0,0,0,0,0,0,0,0,0,0,0,0,0,0,0,0,0,0,0,0,0,0,0,0,0,0,0,0,0,0,38,14,7,45,65476,0,300,0,0,8,21553,0.0,-107605600.0,0.0,0.0,0.0,0.0,0.0,0.0,0.0,0.0,0.0,0.0,0.0,0.0,0.0,0.0,0.0,0.0,0.0,0.0,0.0,0.0,0.0,0.0,-0.0,0.0,0.0,0.0,0.0,0.0,5018.0,-1.040665380856972e+34,0.0,-107615288.0,-107615296.0,-0.0,2.718429300292151e+23,0.0,0.0,0.0,0.0,53,-0.0,-3.222002767243768e+26,0.0,0.0,0.0,0.0,0.0,0.0,0.0,0,0,0,0.0,0.0,0.0,0.0,0.0,0.0,0.0,0.0,0.0,0.0,0.0,0.0,0.0,0.0,0.0,0.0,0,-107875648.0,53,0.0,106,-107614832.0,0.0,ERR,ERR,ERR,ERR,ERR,ERR,ERR,ERR,ERR,ERR,ERR,ERR,ERR,ERR,ERR,ERR,ERR,ERR,ERR,ERR,ERR,ERR,ERR,ERR,ERR,ERR,ERR,ERR,ERR,ERR,ERR,ERR,ERR,ERR,ERR,ERR,ERR,ERR,ERR,ERR,ERR,ERR,ERR,ERR,ERR,ERR,ERR,ERR,ERR,ERR,ERR,ERR,ERR,ERR,ERR,ERR,ERR,ERR,ERR,ERR,ERR,ERR,ERR,ERR,ERR,ERR,ERR,50.0,60.0,100,0.0,0.0,0.0,0.0,0.0,0.0,0.0,0.0,0.0,0.0,0.0,0.0,0.0,0.0,0.0,0.0,62.0,74,13,65511,50,65476,0,300,0,0,8,20529,65476,0,0,26214,60.0,0.0,0.0,0.0,0.0,0.0
2026-05-17T18:10:32,ERR,ERR,ERR,ERR,ERR,ERR,ERR,ERR,ERR,ERR,ERR,ERR,ERR,ERR,ERR,ERR,ERR,ERR,ERR,ERR,ERR,ERR,ERR,ERR,ERR,ERR,ERR,ERR,ERR,ERR,ERR,ERR,ERR,ERR,ERR,ERR,ERR,ERR,ERR,ERR,ERR,ERR,ERR,ERR,ERR,ERR,ERR,ERR,ERR,ERR,ERR,ERR,ERR,ERR,ERR,ERR,ERR,ERR,ERR,ERR,ERR,ERR,ERR,ERR,ERR,ERR,ERR,ERR,ERR,ERR,ERR,ERR,ERR,ERR,ERR,ERR,ERR,ERR,ERR,ERR,ERR,ERR,ERR,ERR,ERR,ERR,ERR,ERR,ERR,ERR,ERR,ERR,ERR,ERR,ERR,ERR,ERR,ERR,ERR,ERR,ERR,ERR,ERR,ERR,ERR,ERR,ERR,ERR,ERR,ERR,ERR,ERR,ERR,ERR,ERR,ERR,ERR,ERR,ERR,ERR,ERR,ERR,ERR,ERR,ERR,-107615288.0,-107615296.0,0.0,0.0,0.0,1.3936040501711995e+18,7.805,0.0,0,0,4,0,8422,0.0,45,0.0,0.0,0.0,0.0,0.0,0,0,0,0,0.0,0,0,0,0,0,0,0,0,0,0,0,0,0,0,0,0,0,0,0,0,0,0,0,0,0,0,0,0,0,0,0,0,0,38,14,7,45,65476,0,300,0,0,8,21553,0.0,-107605600.0,0.0,0.0,0.0,0.0,0.0,0.0,0.0,0.0,0.0,0.0,0.0,0.0,0.0,0.0,0.0,0.0,0.0,0.0,0.0,0.0,0.0,0.0,-0.0,0.0,0.0,0.0,0.0,0.0,5018.0,-1.040665380856972e+34,0.0,-107615288.0,-107615296.0,-0.0,2.718429300292151e+23,0.0,0.0,0.0,0.0,53,-0.0,-3.222002767243768e+26,0.0,0.0,0.0,0.0,0.0,0.0,0.0,0,0,0,0.0,0.0,0.0,0.0,0.0,0.0,0.0,0.0,0.0,0.0,0.0,0.0,0.0,0.0,0.0,0.0,0,-107875648.0,53,0.0,106,-107614832.0,0.0,ERR,ERR,ERR,ERR,ERR,ERR,ERR,ERR,ERR,ERR,ERR,ERR,ERR,ERR,ERR,ERR,ERR,ERR,ERR,ERR,ERR,ERR,ERR,ERR,ERR,ERR,ERR,ERR,ERR,ERR,ERR,ERR,ERR,ERR,ERR,ERR,ERR,ERR,ERR,ERR,ERR,ERR,ERR,ERR,ERR,ERR,ERR,ERR,ERR,ERR,ERR,ERR,ERR,ERR,ERR,ERR,ERR,ERR,ERR,ERR,ERR,ERR,ERR,ERR,ERR,ERR,ERR,50.0,60.0,100,0.0,0.0,0.0,0.0,0.0,0.0,0.0,0.0,0.0,0.0,0.0,0.0,0.0,0.0,0.0,0.0,62.0,74,13,65511,50,65476,0,300,0,0,8,20529,65476,0,0,26214,60.0,0.0,0.0,0.0,0.0,0.0
2026-05-17T18:10:33,ERR,ERR,ERR,ERR,ERR,ERR,ERR,ERR,ERR,ERR,ERR,ERR,ERR,ERR,ERR,ERR,ERR,ERR,ERR,ERR,ERR,ERR,ERR,ERR,ERR,ERR,ERR,ERR,ERR,ERR,ERR,ERR,ERR,ERR,ERR,ERR,ERR,ERR,ERR,ERR,ERR,ERR,ERR,ERR,ERR,ERR,ERR,ERR,ERR,ERR,ERR,ERR,ERR,ERR,ERR,ERR,ERR,ERR,ERR,ERR,ERR,ERR,ERR,ERR,ERR,ERR,ERR,ERR,ERR,ERR,ERR,ERR,ERR,ERR,ERR,ERR,ERR,ERR,ERR,ERR,ERR,ERR,ERR,ERR,ERR,ERR,ERR,ERR,ERR,ERR,ERR,ERR,ERR,ERR,ERR,ERR,ERR,ERR,ERR,ERR,ERR,ERR,ERR,ERR,ERR,ERR,ERR,ERR,ERR,ERR,ERR,ERR,ERR,ERR,ERR,ERR,ERR,ERR,ERR,ERR,ERR,ERR,ERR,ERR,ERR,-107615288.0,-107615296.0,0.0,0.0,0.0,1.3936040501711995e+18,7.805,0.0,0,0,4,0,8422,0.0,45,0.0,0.0,0.0,0.0,0.0,0,0,0,0,0.0,0,0,0,0,0,0,0,0,0,0,0,0,0,0,0,0,0,0,0,0,0,0,0,0,0,0,0,0,0,0,0,0,0,38,14,7,45,65476,0,300,0,0,8,21553,0.0,-107605600.0,0.0,0.0,0.0,0.0,0.0,0.0,0.0,0.0,0.0,0.0,0.0,0.0,0.0,0.0,0.0,0.0,0.0,0.0,0.0,0.0,0.0,0.0,-0.0,0.0,0.0,0.0,0.0,0.0,5018.0,-1.040665380856972e+34,0.0,-107615288.0,-107615296.0,-0.0,2.718429300292151e+23,0.0,0.0,0.0,0.0,53,-0.0,-3.222002767243768e+26,0.0,0.0,0.0,0.0,0.0,0.0,0.0,0,0,0,0.0,0.0,0.0,0.0,0.0,0.0,0.0,0.0,0.0,0.0,0.0,0.0,0.0,0.0,0.0,0.0,0,-107875648.0,53,0.0,106,-107614832.0,0.0,ERR,ERR,ERR,ERR,ERR,ERR,ERR,ERR,ERR,ERR,ERR,ERR,ERR,ERR,ERR,ERR,ERR,ERR,ERR,ERR,ERR,ERR,ERR,ERR,ERR,ERR,ERR,ERR,ERR,ERR,ERR,ERR,ERR,ERR,ERR,ERR,ERR,ERR,ERR,ERR,ERR,ERR,ERR,ERR,ERR,ERR,ERR,ERR,ERR,ERR,ERR,ERR,ERR,ERR,ERR,ERR,ERR,ERR,ERR,ERR,ERR,ERR,ERR,ERR,ERR,ERR,ERR,50.0,60.0,100,0.0,0.0,0.0,0.0,0.0,0.0,0.0,0.0,0.0,0.0,0.0,0.0,0.0,0.0,0.0,0.0,61.6,74,13,65511,50,65476,0,300,0,0,8,20529,65476,0,0,26214,60.0,0.0,0.0,0.0,0.0,0.0
2026-05-17T18:10:34,ERR,ERR,ERR,ERR,ERR,ERR,ERR,ERR,ERR,ERR,ERR,ERR,ERR,ERR,ERR,ERR,ERR,ERR,ERR,ERR,ERR,ERR,ERR,ERR,ERR,ERR,ERR,ERR,ERR,ERR,ERR,ERR,ERR,ERR,ERR,ERR,ERR,ERR,ERR,ERR,ERR,ERR,ERR,ERR,ERR,ERR,ERR,ERR,ERR,ERR,ERR,ERR,ERR,ERR,ERR,ERR,ERR,ERR,ERR,ERR,ERR,ERR,ERR,ERR,ERR,ERR,ERR,ERR,ERR,ERR,ERR,ERR,ERR,ERR,ERR,ERR,ERR,ERR,ERR,ERR,ERR,ERR,ERR,ERR,ERR,ERR,ERR,ERR,ERR,ERR,ERR,ERR,ERR,ERR,ERR,ERR,ERR,ERR,ERR,ERR,ERR,ERR,ERR,ERR,ERR,ERR,ERR,ERR,ERR,ERR,ERR,ERR,ERR,ERR,ERR,ERR,ERR,ERR,ERR,ERR,ERR,ERR,ERR,ERR,ERR,-107615288.0,-107615296.0,0.0,0.0,0.0,1.3936040501711995e+18,7.805,0.0,0,0,4,0,8422,0.0,45,0.0,0.0,0.0,0.0,0.0,0,0,0,0,0.0,0,0,0,0,0,0,0,0,0,0,0,0,0,0,0,0,0,0,0,0,0,0,0,0,0,0,0,0,0,0,0,0,0,38,14,7,45,65476,0,300,0,0,8,21553,0.0,-107605600.0,0.0,0.0,0.0,0.0,0.0,0.0,0.0,0.0,0.0,0.0,0.0,0.0,0.0,0.0,0.0,0.0,0.0,0.0,0.0,0.0,0.0,0.0,-0.0,0.0,0.0,0.0,0.0,0.0,5018.0,-1.040665380856972e+34,0.0,-107615288.0,-107615296.0,-0.0,2.718429300292151e+23,0.0,0.0,0.0,0.0,53,-0.0,-3.222002767243768e+26,0.0,0.0,0.0,0.0,0.0,0.0,0.0,0,0,0,0.0,0.0,0.0,0.0,0.0,0.0,0.0,0.0,0.0,0.0,0.0,0.0,0.0,0.0,0.0,0.0,0,-107875648.0,53,0.0,106,-107614832.0,0.0,ERR,ERR,ERR,ERR,ERR,ERR,ERR,ERR,ERR,ERR,ERR,ERR,ERR,ERR,ERR,ERR,ERR,ERR,ERR,ERR,ERR,ERR,ERR,ERR,ERR,ERR,ERR,ERR,ERR,ERR,ERR,ERR,ERR,ERR,ERR,ERR,ERR,ERR,ERR,ERR,ERR,ERR,ERR,ERR,ERR,ERR,ERR,ERR,ERR,ERR,ERR,ERR,ERR,ERR,ERR,ERR,ERR,ERR,ERR,ERR,ERR,ERR,ERR,ERR,ERR,ERR,ERR,50.0,60.0,100,0.0,0.0,0.0,0.0,0.0,0.0,0.0,0.0,0.0,0.0,0.0,0.0,0.0,0.0,0.0,0.0,62.0,74,13,65511,50,65476,0,300,0,0,8,20529,65476,0,0,26214,60.0,0.0,0.0,0.0,0.0,0.0
2026-05-17T18:10:35,ERR,ERR,ERR,ERR,ERR,ERR,ERR,ERR,ERR,ERR,ERR,ERR,ERR,ERR,ERR,ERR,ERR,ERR,ERR,ERR,ERR,ERR,ERR,ERR,ERR,ERR,ERR,ERR,ERR,ERR,ERR,ERR,ERR,ERR,ERR,ERR,ERR,ERR,ERR,ERR,ERR,ERR,ERR,ERR,ERR,ERR,ERR,ERR,ERR,ERR,ERR,ERR,ERR,ERR,ERR,ERR,ERR,ERR,ERR,ERR,ERR,ERR,ERR,ERR,ERR,ERR,ERR,ERR,ERR,ERR,ERR,ERR,ERR,ERR,ERR,ERR,ERR,ERR,ERR,ERR,ERR,ERR,ERR,ERR,ERR,ERR,ERR,ERR,ERR,ERR,ERR,ERR,ERR,ERR,ERR,ERR,ERR,ERR,ERR,ERR,ERR,ERR,ERR,ERR,ERR,ERR,ERR,ERR,ERR,ERR,ERR,ERR,ERR,ERR,ERR,ERR,ERR,ERR,ERR,ERR,ERR,ERR,ERR,ERR,ERR,-107615288.0,-107615296.0,0.0,0.0,0.0,1.3936040501711995e+18,7.805,0.0,0,0,4,0,8422,0.0,45,0.0,0.0,0.0,0.0,0.0,0,0,0,0,0.0,0,0,0,0,0,0,0,0,0,0,0,0,0,0,0,0,0,0,0,0,0,0,0,0,0,0,0,0,0,0,0,0,0,38,14,7,45,65476,0,300,0,0,8,21553,0.0,-107605600.0,0.0,0.0,0.0,0.0,0.0,0.0,0.0,0.0,0.0,0.0,0.0,0.0,0.0,0.0,0.0,0.0,0.0,0.0,0.0,0.0,-2.004,0.0,-0.0,0.0,0.0,0.0,0.0,0.0,5017.0,-0.0,0.0,-107615288.0,-107615296.0,-107615280.0,2.718429300292151e+23,0.0,0.0,0.0,0.0,53,-0.0,126840537088.0,0.0,0.0,0.0,0.0,0.0,0.0,0.0,0,0,0,0.0,0.0,0.0,0.0,0.0,0.0,0.0,0.0,0.0,0.0,0.0,0.0,0.0,0.0,0.0,0.0,0,-107875648.0,53,0.0,106,-107614832.0,0.0,ERR,ERR,ERR,ERR,ERR,ERR,ERR,ERR,ERR,ERR,ERR,ERR,ERR,ERR,ERR,ERR,ERR,ERR,ERR,ERR,ERR,ERR,ERR,ERR,ERR,ERR,ERR,ERR,ERR,ERR,ERR,ERR,ERR,ERR,ERR,ERR,ERR,ERR,ERR,ERR,ERR,ERR,ERR,ERR,ERR,ERR,ERR,ERR,ERR,ERR,ERR,ERR,ERR,ERR,ERR,ERR,ERR,ERR,ERR,ERR,ERR,ERR,ERR,ERR,ERR,ERR,ERR,50.0,60.0,100,0.0,0.0,0.0,0.0,0.0,0.0,0.0,0.0,0.0,0.0,0.0,0.0,0.0,0.0,0.0,0.0,62.0,74,13,65511,50,65476,0,300,0,0,8,20529,65476,0,0,26214,60.0,0.0,0.0,0.0,0.0,0.0
2026-05-17T18:10:36,ERR,ERR,ERR,ERR,ERR,ERR,ERR,ERR,ERR,ERR,ERR,ERR,ERR,ERR,ERR,ERR,ERR,ERR,ERR,ERR,ERR,ERR,ERR,ERR,ERR,ERR,ERR,ERR,ERR,ERR,ERR,ERR,ERR,ERR,ERR,ERR,ERR,ERR,ERR,ERR,ERR,ERR,ERR,ERR,ERR,ERR,ERR,ERR,ERR,ERR,ERR,ERR,ERR,ERR,ERR,ERR,ERR,ERR,ERR,ERR,ERR,ERR,ERR,ERR,ERR,ERR,ERR,ERR,ERR,ERR,ERR,ERR,ERR,ERR,ERR,ERR,ERR,ERR,ERR,ERR,ERR,ERR,ERR,ERR,ERR,ERR,ERR,ERR,ERR,ERR,ERR,ERR,ERR,ERR,ERR,ERR,ERR,ERR,ERR,ERR,ERR,ERR,ERR,ERR,ERR,ERR,ERR,ERR,ERR,ERR,ERR,ERR,ERR,ERR,ERR,ERR,ERR,ERR,ERR,ERR,ERR,ERR,ERR,ERR,ERR,-107615288.0,-107615296.0,0.0,0.0,0.0,1.3936040501711995e+18,7.805,0.0,0,0,4,0,8422,0.0,45,0.0,0.0,0.0,0.0,0.0,0,0,0,0,0.0,0,0,0,0,0,0,0,0,0,0,0,0,0,0,0,0,0,0,0,0,0,0,0,0,0,0,0,0,0,0,0,0,0,38,14,7,45,65476,0,300,0,0,8,21553,0.0,-107605600.0,0.0,0.0,0.0,0.0,0.0,0.0,0.0,0.0,0.0,0.0,0.0,0.0,0.0,0.0,0.0,0.0,0.0,0.0,0.0,0.0,-2.004,0.0,-0.0,0.0,0.0,0.0,0.0,0.0,5017.0,-0.0,0.0,-107615288.0,-107615296.0,-107615280.0,2.718429300292151e+23,0.0,0.0,0.0,0.0,53,-0.0,126840537088.0,0.0,0.0,0.0,0.0,0.0,0.0,0.0,0,0,0,0.0,0.0,0.0,0.0,0.0,0.0,0.0,0.0,0.0,0.0,0.0,0.0,0.0,0.0,0.0,0.0,0,-107875648.0,53,0.0,106,-107614832.0,0.0,ERR,ERR,ERR,ERR,ERR,ERR,ERR,ERR,ERR,ERR,ERR,ERR,ERR,ERR,ERR,ERR,ERR,ERR,ERR,ERR,ERR,ERR,ERR,ERR,ERR,ERR,ERR,ERR,ERR,ERR,ERR,ERR,ERR,ERR,ERR,ERR,ERR,ERR,ERR,ERR,ERR,ERR,ERR,ERR,ERR,ERR,ERR,ERR,ERR,ERR,ERR,ERR,ERR,ERR,ERR,ERR,ERR,ERR,ERR,ERR,ERR,ERR,ERR,ERR,ERR,ERR,ERR,50.0,60.0,100,0.0,0.0,0.0,0.0,0.0,0.0,0.0,0.0,0.0,0.0,0.0,0.0,0.0,0.0,0.0,0.0,61.6,74,13,65511,50,65476,0,300,0,0,8,20529,65476,0,0,26214,60.0,0.0,0.0,0.0,0.0,0.0
2026-05-17T18:10:37,ERR,ERR,ERR,ERR,ERR,ERR,ERR,ERR,ERR,ERR,ERR,ERR,ERR,ERR,ERR,ERR,ERR,ERR,ERR,ERR,ERR,ERR,ERR,ERR,ERR,ERR,ERR,ERR,ERR,ERR,ERR,ERR,ERR,ERR,ERR,ERR,ERR,ERR,ERR,ERR,ERR,ERR,ERR,ERR,ERR,ERR,ERR,ERR,ERR,ERR,ERR,ERR,ERR,ERR,ERR,ERR,ERR,ERR,ERR,ERR,ERR,ERR,ERR,ERR,ERR,ERR,ERR,ERR,ERR,ERR,ERR,ERR,ERR,ERR,ERR,ERR,ERR,ERR,ERR,ERR,ERR,ERR,ERR,ERR,ERR,ERR,ERR,ERR,ERR,ERR,ERR,ERR,ERR,ERR,ERR,ERR,ERR,ERR,ERR,ERR,ERR,ERR,ERR,ERR,ERR,ERR,ERR,ERR,ERR,ERR,ERR,ERR,ERR,ERR,ERR,ERR,ERR,ERR,ERR,ERR,ERR,ERR,ERR,ERR,ERR,-107615288.0,-107615296.0,0.0,0.0,0.0,1.3936040501711995e+18,7.805,0.0,0,0,4,0,8422,0.0,45,0.0,0.0,0.0,0.0,0.0,0,0,0,0,0.0,0,0,0,0,0,0,0,0,0,0,0,0,0,0,0,0,0,0,0,0,0,0,0,0,0,0,0,0,0,0,0,0,0,38,14,7,45,65476,0,300,0,0,8,21553,0.0,-107605600.0,0.0,0.0,0.0,0.0,0.0,0.0,0.0,0.0,0.0,0.0,0.0,0.0,0.0,0.0,0.0,0.0,0.0,0.0,0.0,0.0,-2.004,0.0,-0.0,0.0,0.0,0.0,0.0,0.0,5017.0,-0.0,0.0,-107615288.0,-107615296.0,-107615280.0,2.718429300292151e+23,0.0,0.0,0.0,0.0,53,-0.0,126840537088.0,0.0,0.0,0.0,0.0,0.0,0.0,0.0,0,0,0,0.0,0.0,0.0,0.0,0.0,0.0,0.0,0.0,0.0,0.0,0.0,0.0,0.0,0.0,0.0,0.0,0,-107875648.0,53,0.0,106,-107614832.0,0.0,ERR,ERR,ERR,ERR,ERR,ERR,ERR,ERR,ERR,ERR,ERR,ERR,ERR,ERR,ERR,ERR,ERR,ERR,ERR,ERR,ERR,ERR,ERR,ERR,ERR,ERR,ERR,ERR,ERR,ERR,ERR,ERR,ERR,ERR,ERR,ERR,ERR,ERR,ERR,ERR,ERR,ERR,ERR,ERR,ERR,ERR,ERR,ERR,ERR,ERR,ERR,ERR,ERR,ERR,ERR,ERR,ERR,ERR,ERR,ERR,ERR,ERR,ERR,ERR,ERR,ERR,ERR,50.0,60.0,100,0.0,0.0,0.0,0.0,0.0,0.0,0.0,0.0,0.0,0.0,0.0,0.0,0.0,0.0,0.0,0.0,61.6,74,13,65511,50,65476,0,300,0,0,8,20529,65476,0,0,26214,60.0,0.0,0.0,0.0,0.0,0.0
2026-05-17T18:10:38,ERR,ERR,ERR,ERR,ERR,ERR,ERR,ERR,ERR,ERR,ERR,ERR,ERR,ERR,ERR,ERR,ERR,ERR,ERR,ERR,ERR,ERR,ERR,ERR,ERR,ERR,ERR,ERR,ERR,ERR,ERR,ERR,ERR,ERR,ERR,ERR,ERR,ERR,ERR,ERR,ERR,ERR,ERR,ERR,ERR,ERR,ERR,ERR,ERR,ERR,ERR,ERR,ERR,ERR,ERR,ERR,ERR,ERR,ERR,ERR,ERR,ERR,ERR,ERR,ERR,ERR,ERR,ERR,ERR,ERR,ERR,ERR,ERR,ERR,ERR,ERR,ERR,ERR,ERR,ERR,ERR,ERR,ERR,ERR,ERR,ERR,ERR,ERR,ERR,ERR,ERR,ERR,ERR,ERR,ERR,ERR,ERR,ERR,ERR,ERR,ERR,ERR,ERR,ERR,ERR,ERR,ERR,ERR,ERR,ERR,ERR,ERR,ERR,ERR,ERR,ERR,ERR,ERR,ERR,ERR,ERR,ERR,ERR,ERR,ERR,-107615288.0,-107615296.0,0.0,0.0,0.0,1.3936040501711995e+18,7.805,0.0,0,0,4,0,8422,0.0,45,0.0,0.0,0.0,0.0,0.0,0,0,0,0,0.0,0,0,0,0,0,0,0,0,0,0,0,0,0,0,0,0,0,0,0,0,0,0,0,0,0,0,0,0,0,0,0,0,0,38,14,7,45,65476,0,300,0,0,8,21553,0.0,-107605600.0,0.0,0.0,0.0,0.0,0.0,0.0,0.0,0.0,0.0,0.0,0.0,0.0,0.0,0.0,0.0,0.0,0.0,0.0,0.0,0.0,-2.004,0.0,-0.0,0.0,0.0,0.0,0.0,0.0,5017.0,-0.0,0.0,-107615288.0,-107615296.0,-107615280.0,2.718429300292151e+23,0.0,0.0,0.0,0.0,53,-0.0,126840537088.0,0.0,0.0,0.0,0.0,0.0,0.0,0.0,0,0,0,0.0,0.0,0.0,0.0,0.0,0.0,0.0,0.0,0.0,0.0,0.0,0.0,0.0,0.0,0.0,0.0,0,-107875648.0,53,0.0,106,-107614832.0,0.0,ERR,ERR,ERR,ERR,ERR,ERR,ERR,ERR,ERR,ERR,ERR,ERR,ERR,ERR,ERR,ERR,ERR,ERR,ERR,ERR,ERR,ERR,ERR,ERR,ERR,ERR,ERR,ERR,ERR,ERR,ERR,ERR,ERR,ERR,ERR,ERR,ERR,ERR,ERR,ERR,ERR,ERR,ERR,ERR,ERR,ERR,ERR,ERR,ERR,ERR,ERR,ERR,ERR,ERR,ERR,ERR,ERR,ERR,ERR,ERR,ERR,ERR,ERR,ERR,ERR,ERR,ERR,50.0,60.0,100,0.0,0.0,0.0,0.0,0.0,0.0,0.0,0.0,0.0,0.0,0.0,0.0,0.0,0.0,0.0,0.0,61.6,74,13,65511,50,65476,0,300,0,0,8,20529,65476,0,0,26214,60.0,0.0,0.0,0.0,0.0,0.0
2026-05-17T18:10:39,ERR,ERR,ERR,ERR,ERR,ERR,ERR,ERR,ERR,ERR,ERR,ERR,ERR,ERR,ERR,ERR,ERR,ERR,ERR,ERR,ERR,ERR,ERR,ERR,ERR,ERR,ERR,ERR,ERR,ERR,ERR,ERR,ERR,ERR,ERR,ERR,ERR,ERR,ERR,ERR,ERR,ERR,ERR,ERR,ERR,ERR,ERR,ERR,ERR,ERR,ERR,ERR,ERR,ERR,ERR,ERR,ERR,ERR,ERR,ERR,ERR,ERR,ERR,ERR,ERR,ERR,ERR,ERR,ERR,ERR,ERR,ERR,ERR,ERR,ERR,ERR,ERR,ERR,ERR,ERR,ERR,ERR,ERR,ERR,ERR,ERR,ERR,ERR,ERR,ERR,ERR,ERR,ERR,ERR,ERR,ERR,ERR,ERR,ERR,ERR,ERR,ERR,ERR,ERR,ERR,ERR,ERR,ERR,ERR,ERR,ERR,ERR,ERR,ERR,ERR,ERR,ERR,ERR,ERR,ERR,ERR,ERR,ERR,ERR,ERR,-107615288.0,-107615296.0,0.0,0.0,0.0,1.3936040501711995e+18,7.805,0.0,0,0,4,0,8422,0.0,45,0.0,0.0,0.0,0.0,0.0,0,0,0,0,0.0,0,0,0,0,0,0,0,0,0,0,0,0,0,0,0,0,0,0,0,0,0,0,0,0,0,0,0,0,0,0,0,0,0,38,14,7,45,65476,0,300,0,0,8,21553,0.0,-107605600.0,0.0,0.0,0.0,0.0,0.0,0.0,0.0,0.0,0.0,0.0,0.0,0.0,0.0,0.0,0.0,0.0,0.0,0.0,0.0,0.0,-2.004,0.0,-0.0,0.0,0.0,0.0,0.0,0.0,5017.0,-0.0,0.0,-107615288.0,-107615296.0,-107615280.0,2.718429300292151e+23,0.0,0.0,0.0,0.0,53,-0.0,126840537088.0,0.0,0.0,0.0,0.0,0.0,0.0,0.0,0,0,0,0.0,0.0,0.0,0.0,0.0,0.0,0.0,0.0,0.0,0.0,0.0,0.0,0.0,0.0,0.0,0.0,0,-107875648.0,53,0.0,106,-107614832.0,0.0,ERR,ERR,ERR,ERR,ERR,ERR,ERR,ERR,ERR,ERR,ERR,ERR,ERR,ERR,ERR,ERR,ERR,ERR,ERR,ERR,ERR,ERR,ERR,ERR,ERR,ERR,ERR,ERR,ERR,ERR,ERR,ERR,ERR,ERR,ERR,ERR,ERR,ERR,ERR,ERR,ERR,ERR,ERR,ERR,ERR,ERR,ERR,ERR,ERR,ERR,ERR,ERR,ERR,ERR,ERR,ERR,ERR,ERR,ERR,ERR,ERR,ERR,ERR,ERR,ERR,ERR,ERR,50.0,60.0,100,0.0,0.0,0.0,0.0,0.0,0.0,0.0,0.0,0.0,0.0,0.0,0.0,0.0,0.0,0.0,0.0,61.6,74,13,65511,50,65476,0,300,0,0,8,20529,65476,0,0,26214,60.0,0.0,0.0,0.0,0.0,0.0
2026-05-17T18:10:40,ERR,ERR,ERR,ERR,ERR,ERR,ERR,ERR,ERR,ERR,ERR,ERR,ERR,ERR,ERR,ERR,ERR,ERR,ERR,ERR,ERR,ERR,ERR,ERR,ERR,ERR,ERR,ERR,ERR,ERR,ERR,ERR,ERR,ERR,ERR,ERR,ERR,ERR,ERR,ERR,ERR,ERR,ERR,ERR,ERR,ERR,ERR,ERR,ERR,ERR,ERR,ERR,ERR,ERR,ERR,ERR,ERR,ERR,ERR,ERR,ERR,ERR,ERR,ERR,ERR,ERR,ERR,ERR,ERR,ERR,ERR,ERR,ERR,ERR,ERR,ERR,ERR,ERR,ERR,ERR,ERR,ERR,ERR,ERR,ERR,ERR,ERR,ERR,ERR,ERR,ERR,ERR,ERR,ERR,ERR,ERR,ERR,ERR,ERR,ERR,ERR,ERR,ERR,ERR,ERR,ERR,ERR,ERR,ERR,ERR,ERR,ERR,ERR,ERR,ERR,ERR,ERR,ERR,ERR,ERR,ERR,ERR,ERR,ERR,ERR,0.0,-107615296.0,-134474944.0,0.0,0.0,1.3936040501711995e+18,7.805,0.0,0,0,4,0,8422,0.0,45,0.0,0.0,0.0,0.0,0.0,0,0,0,0,0.0,0,0,0,0,0,0,0,0,0,0,0,0,0,0,0,0,0,0,0,0,0,0,0,0,0,0,0,0,0,0,0,0,0,38,14,7,45,65476,0,300,0,0,8,21553,0.0,-107605600.0,0.0,0.0,0.0,0.0,0.0,0.0,0.0,0.0,0.0,0.0,0.0,0.0,0.0,0.0,0.0,0.0,0.0,0.0,0.0,0.0,-2.004,0.0,2.004,0.0,0.0,0.0,0.0,0.0,5018.0,-0.0,0.0,0.0,-107615296.0,-107615280.0,2.718429300292151e+23,0.0,0.0,0.0,0.0,53,-0.0,5.848055683159391e+35,0.0,0.0,0.0,0.0,0.0,0.0,0.0,0,0,0,0.0,0.0,0.0,0.0,0.0,0.0,0.0,0.0,0.0,0.0,0.0,0.0,0.0,0.0,0.0,0.0,0,-107875648.0,53,0.0,106,-107614832.0,0.0,ERR,ERR,ERR,ERR,ERR,ERR,ERR,ERR,ERR,ERR,ERR,ERR,ERR,ERR,ERR,ERR,ERR,ERR,ERR,ERR,ERR,ERR,ERR,ERR,ERR,ERR,ERR,ERR,ERR,ERR,ERR,ERR,ERR,ERR,ERR,ERR,ERR,ERR,ERR,ERR,ERR,ERR,ERR,ERR,ERR,ERR,ERR,ERR,ERR,ERR,ERR,ERR,ERR,ERR,ERR,ERR,ERR,ERR,ERR,ERR,ERR,ERR,ERR,ERR,ERR,ERR,ERR,50.0,60.0,100,0.0,0.0,0.0,0.0,0.0,0.0,0.0,0.0,0.0,0.0,0.0,0.0,0.0,0.0,0.0,0.0,61.6,74,13,65511,50,65476,0,300,0,0,8,20529,65476,0,0,26214,60.0,0.0,0.0,0.0,0.0,0.0
2026-05-17T18:10:41,ERR,ERR,ERR,ERR,ERR,ERR,ERR,ERR,ERR,ERR,ERR,ERR,ERR,ERR,ERR,ERR,ERR,ERR,ERR,ERR,ERR,ERR,ERR,ERR,ERR,ERR,ERR,ERR,ERR,ERR,ERR,ERR,ERR,ERR,ERR,ERR,ERR,ERR,ERR,ERR,ERR,ERR,ERR,ERR,ERR,ERR,ERR,ERR,ERR,ERR,ERR,ERR,ERR,ERR,ERR,ERR,ERR,ERR,ERR,ERR,ERR,ERR,ERR,ERR,ERR,ERR,ERR,ERR,ERR,ERR,ERR,ERR,ERR,ERR,ERR,ERR,ERR,ERR,ERR,ERR,ERR,ERR,ERR,ERR,ERR,ERR,ERR,ERR,ERR,ERR,ERR,ERR,ERR,ERR,ERR,ERR,ERR,ERR,ERR,ERR,ERR,ERR,ERR,ERR,ERR,ERR,ERR,ERR,ERR,ERR,ERR,ERR,ERR,ERR,ERR,ERR,ERR,ERR,ERR,ERR,ERR,ERR,ERR,ERR,ERR,0.0,-107615296.0,-134474944.0,0.0,0.0,1.3936040501711995e+18,7.805,0.0,0,0,4,0,8422,0.0,45,0.0,0.0,0.0,0.0,0.0,0,0,0,0,0.0,0,0,0,0,0,0,0,0,0,0,0,0,0,0,0,0,0,0,0,0,0,0,0,0,0,0,0,0,0,0,0,0,0,38,14,7,45,65476,0,300,0,0,8,21553,0.0,-107605600.0,0.0,0.0,0.0,0.0,0.0,0.0,0.0,0.0,0.0,0.0,0.0,0.0,0.0,0.0,0.0,0.0,0.0,0.0,0.0,0.0,-2.004,0.0,2.004,0.0,0.0,0.0,0.0,0.0,5018.0,-0.0,0.0,0.0,-107615296.0,-107615280.0,2.718429300292151e+23,0.0,0.0,0.0,0.0,53,-0.0,5.848055683159391e+35,0.0,0.0,0.0,0.0,0.0,0.0,0.0,0,0,0,0.0,0.0,0.0,0.0,0.0,0.0,0.0,0.0,0.0,0.0,0.0,0.0,0.0,0.0,0.0,0.0,0,-107875648.0,53,0.0,106,-107614832.0,0.0,ERR,ERR,ERR,ERR,ERR,ERR,ERR,ERR,ERR,ERR,ERR,ERR,ERR,ERR,ERR,ERR,ERR,ERR,ERR,ERR,ERR,ERR,ERR,ERR,ERR,ERR,ERR,ERR,ERR,ERR,ERR,ERR,ERR,ERR,ERR,ERR,ERR,ERR,ERR,ERR,ERR,ERR,ERR,ERR,ERR,ERR,ERR,ERR,ERR,ERR,ERR,ERR,ERR,ERR,ERR,ERR,ERR,ERR,ERR,ERR,ERR,ERR,ERR,ERR,ERR,ERR,ERR,50.0,60.0,100,0.0,0.0,0.0,0.0,0.0,0.0,0.0,0.0,0.0,0.0,0.0,0.0,0.0,0.0,0.0,0.0,61.6,74,13,65511,50,65476,0,300,0,0,8,20529,65476,0,0,26214,60.0,0.0,0.0,0.0,0.0,0.0
2026-05-17T18:10:42,ERR,ERR,ERR,ERR,ERR,ERR,ERR,ERR,ERR,ERR,ERR,ERR,ERR,ERR,ERR,ERR,ERR,ERR,ERR,ERR,ERR,ERR,ERR,ERR,ERR,ERR,ERR,ERR,ERR,ERR,ERR,ERR,ERR,ERR,ERR,ERR,ERR,ERR,ERR,ERR,ERR,ERR,ERR,ERR,ERR,ERR,ERR,ERR,ERR,ERR,ERR,ERR,ERR,ERR,ERR,ERR,ERR,ERR,ERR,ERR,ERR,ERR,ERR,ERR,ERR,ERR,ERR,ERR,ERR,ERR,ERR,ERR,ERR,ERR,ERR,ERR,ERR,ERR,ERR,ERR,ERR,ERR,ERR,ERR,ERR,ERR,ERR,ERR,ERR,ERR,ERR,ERR,ERR,ERR,ERR,ERR,ERR,ERR,ERR,ERR,ERR,ERR,ERR,ERR,ERR,ERR,ERR,ERR,ERR,ERR,ERR,ERR,ERR,ERR,ERR,ERR,ERR,ERR,ERR,ERR,ERR,ERR,ERR,ERR,ERR,0.0,-107615296.0,-134474944.0,0.0,0.0,1.3936040501711995e+18,7.805,0.0,0,0,4,0,8422,0.0,45,0.0,0.0,0.0,0.0,0.0,0,0,0,0,0.0,0,0,0,0,0,0,0,0,0,0,0,0,0,0,0,0,0,0,0,0,0,0,0,0,0,0,0,0,0,0,0,0,0,38,14,7,45,65476,0,300,0,0,8,21553,0.0,-107605600.0,0.0,0.0,0.0,0.0,0.0,0.0,0.0,0.0,0.0,0.0,0.0,0.0,0.0,0.0,0.0,0.0,0.0,0.0,0.0,0.0,-2.004,0.0,2.004,0.0,0.0,0.0,0.0,0.0,5018.0,-0.0,0.0,0.0,-107615296.0,-107615280.0,2.718429300292151e+23,0.0,0.0,0.0,0.0,53,-0.0,5.848055683159391e+35,0.0,0.0,0.0,0.0,0.0,0.0,0.0,0,0,0,0.0,0.0,0.0,0.0,0.0,0.0,0.0,0.0,0.0,0.0,0.0,0.0,0.0,0.0,0.0,0.0,0,-107875648.0,53,0.0,106,-107614832.0,0.0,ERR,ERR,ERR,ERR,ERR,ERR,ERR,ERR,ERR,ERR,ERR,ERR,ERR,ERR,ERR,ERR,ERR,ERR,ERR,ERR,ERR,ERR,ERR,ERR,ERR,ERR,ERR,ERR,ERR,ERR,ERR,ERR,ERR,ERR,ERR,ERR,ERR,ERR,ERR,ERR,ERR,ERR,ERR,ERR,ERR,ERR,ERR,ERR,ERR,ERR,ERR,ERR,ERR,ERR,ERR,ERR,ERR,ERR,ERR,ERR,ERR,ERR,ERR,ERR,ERR,ERR,ERR,50.0,60.0,100,0.0,0.0,0.0,0.0,0.0,0.0,0.0,0.0,0.0,0.0,0.0,0.0,0.0,0.0,0.0,0.0,61.6,74,13,65511,50,65476,0,300,0,0,8,20529,65476,0,0,26214,60.0,0.0,0.0,0.0,0.0,0.0
2026-05-17T18:10:43,ERR,ERR,ERR,ERR,ERR,ERR,ERR,ERR,ERR,ERR,ERR,ERR,ERR,ERR,ERR,ERR,ERR,ERR,ERR,ERR,ERR,ERR,ERR,ERR,ERR,ERR,ERR,ERR,ERR,ERR,ERR,ERR,ERR,ERR,ERR,ERR,ERR,ERR,ERR,ERR,ERR,ERR,ERR,ERR,ERR,ERR,ERR,ERR,ERR,ERR,ERR,ERR,ERR,ERR,ERR,ERR,ERR,ERR,ERR,ERR,ERR,ERR,ERR,ERR,ERR,ERR,ERR,ERR,ERR,ERR,ERR,ERR,ERR,ERR,ERR,ERR,ERR,ERR,ERR,ERR,ERR,ERR,ERR,ERR,ERR,ERR,ERR,ERR,ERR,ERR,ERR,ERR,ERR,ERR,ERR,ERR,ERR,ERR,ERR,ERR,ERR,ERR,ERR,ERR,ERR,ERR,ERR,ERR,ERR,ERR,ERR,ERR,ERR,ERR,ERR,ERR,ERR,ERR,ERR,ERR,ERR,ERR,ERR,ERR,ERR,0.0,-107615296.0,-134474944.0,0.0,0.0,1.3936040501711995e+18,7.805,0.0,0,0,4,0,8422,0.0,45,0.0,0.0,0.0,0.0,0.0,0,0,0,0,0.0,0,0,0,0,0,0,0,0,0,0,0,0,0,0,0,0,0,0,0,0,0,0,0,0,0,0,0,0,0,0,0,0,0,38,14,7,45,65476,0,300,0,0,8,21553,0.0,-107605600.0,0.0,0.0,0.0,0.0,0.0,0.0,0.0,0.0,0.0,0.0,0.0,0.0,0.0,0.0,0.0,0.0,0.0,0.0,0.0,0.0,-2.004,0.0,2.004,0.0,0.0,0.0,0.0,0.0,5018.0,-0.0,0.0,0.0,-107615296.0,-107615280.0,2.718429300292151e+23,0.0,0.0,0.0,0.0,53,-0.0,5.848055683159391e+35,0.0,0.0,0.0,0.0,0.0,0.0,0.0,0,0,0,0.0,0.0,0.0,0.0,0.0,0.0,0.0,0.0,0.0,0.0,0.0,0.0,0.0,0.0,0.0,0.0,0,-107875648.0,53,0.0,106,-107614832.0,0.0,ERR,ERR,ERR,ERR,ERR,ERR,ERR,ERR,ERR,ERR,ERR,ERR,ERR,ERR,ERR,ERR,ERR,ERR,ERR,ERR,ERR,ERR,ERR,ERR,ERR,ERR,ERR,ERR,ERR,ERR,ERR,ERR,ERR,ERR,ERR,ERR,ERR,ERR,ERR,ERR,ERR,ERR,ERR,ERR,ERR,ERR,ERR,ERR,ERR,ERR,ERR,ERR,ERR,ERR,ERR,ERR,ERR,ERR,ERR,ERR,ERR,ERR,ERR,ERR,ERR,ERR,ERR,50.0,60.0,100,0.0,0.0,0.0,0.0,0.0,0.0,0.0,0.0,0.0,0.0,0.0,0.0,0.0,0.0,0.0,0.0,61.6,74,13,65511,50,65476,0,300,0,0,8,20529,65476,0,0,26214,60.0,0.0,0.0,0.0,0.0,0.0
2026-05-17T18:10:44,ERR,ERR,ERR,ERR,ERR,ERR,ERR,ERR,ERR,ERR,ERR,ERR,ERR,ERR,ERR,ERR,ERR,ERR,ERR,ERR,ERR,ERR,ERR,ERR,ERR,ERR,ERR,ERR,ERR,ERR,ERR,ERR,ERR,ERR,ERR,ERR,ERR,ERR,ERR,ERR,ERR,ERR,ERR,ERR,ERR,ERR,ERR,ERR,ERR,ERR,ERR,ERR,ERR,ERR,ERR,ERR,ERR,ERR,ERR,ERR,ERR,ERR,ERR,ERR,ERR,ERR,ERR,ERR,ERR,ERR,ERR,ERR,ERR,ERR,ERR,ERR,ERR,ERR,ERR,ERR,ERR,ERR,ERR,ERR,ERR,ERR,ERR,ERR,ERR,ERR,ERR,ERR,ERR,ERR,ERR,ERR,ERR,ERR,ERR,ERR,ERR,ERR,ERR,ERR,ERR,ERR,ERR,ERR,ERR,ERR,ERR,ERR,ERR,ERR,ERR,ERR,ERR,ERR,ERR,ERR,ERR,ERR,ERR,ERR,ERR,0.0,-107615296.0,-134474944.0,0.0,0.0,1.3936040501711995e+18,7.805,0.0,0,0,4,0,8422,0.0,45,0.0,0.0,0.0,0.0,0.0,0,0,0,0,0.0,0,0,0,0,0,0,0,0,0,0,0,0,0,0,0,0,0,0,0,0,0,0,0,0,0,0,0,0,0,0,0,0,0,38,14,7,45,65476,0,300,0,0,8,21553,0.0,-107605600.0,0.0,0.0,0.0,0.0,0.0,0.0,0.0,0.0,0.0,0.0,0.0,0.0,0.0,0.0,0.0,0.0,0.0,0.0,0.0,0.0,-2.004,0.0,2.004,0.0,0.0,0.0,0.0,0.0,5018.0,-0.0,0.0,0.0,-107615296.0,-107615280.0,2.718429300292151e+23,0.0,0.0,0.0,0.0,53,-0.0,5.848055683159391e+35,0.0,0.0,0.0,0.0,0.0,0.0,0.0,0,0,0,0.0,0.0,0.0,0.0,0.0,0.0,0.0,0.0,0.0,0.0,0.0,0.0,0.0,0.0,0.0,0.0,0,-107875648.0,53,0.0,106,-107614832.0,0.0,ERR,ERR,ERR,ERR,ERR,ERR,ERR,ERR,ERR,ERR,ERR,ERR,ERR,ERR,ERR,ERR,ERR,ERR,ERR,ERR,ERR,ERR,ERR,ERR,ERR,ERR,ERR,ERR,ERR,ERR,ERR,ERR,ERR,ERR,ERR,ERR,ERR,ERR,ERR,ERR,ERR,ERR,ERR,ERR,ERR,ERR,ERR,ERR,ERR,ERR,ERR,ERR,ERR,ERR,ERR,ERR,ERR,ERR,ERR,ERR,ERR,ERR,ERR,ERR,ERR,ERR,ERR,50.0,60.0,100,0.0,0.0,0.0,0.0,0.0,0.0,0.0,0.0,0.0,0.0,0.0,0.0,0.0,0.0,0.0,0.0,61.6,74,13,65511,50,65476,0,300,0,0,8,20529,65476,0,0,26214,60.0,0.0,0.0,0.0,0.0,0.0
2026-05-17T18:10:45,ERR,ERR,ERR,ERR,ERR,ERR,ERR,ERR,ERR,ERR,ERR,ERR,ERR,ERR,ERR,ERR,ERR,ERR,ERR,ERR,ERR,ERR,ERR,ERR,ERR,ERR,ERR,ERR,ERR,ERR,ERR,ERR,ERR,ERR,ERR,ERR,ERR,ERR,ERR,ERR,ERR,ERR,ERR,ERR,ERR,ERR,ERR,ERR,ERR,ERR,ERR,ERR,ERR,ERR,ERR,ERR,ERR,ERR,ERR,ERR,ERR,ERR,ERR,ERR,ERR,ERR,ERR,ERR,ERR,ERR,ERR,ERR,ERR,ERR,ERR,ERR,ERR,ERR,ERR,ERR,ERR,ERR,ERR,ERR,ERR,ERR,ERR,ERR,ERR,ERR,ERR,ERR,ERR,ERR,ERR,ERR,ERR,ERR,ERR,ERR,ERR,ERR,ERR,ERR,ERR,ERR,ERR,ERR,ERR,ERR,ERR,ERR,ERR,ERR,ERR,ERR,ERR,ERR,ERR,ERR,ERR,ERR,ERR,ERR,ERR,-107615288.0,-107615296.0,0.0,0.0,0.0,1.3936040501711995e+18,7.805,0.0,0,0,4,0,8422,0.0,45,0.0,0.0,0.0,0.0,0.0,0,0,0,0,0.0,0,0,0,0,0,0,0,0,0,0,0,0,0,0,0,0,0,0,0,0,0,0,0,0,0,0,0,0,0,0,0,0,0,38,14,7,45,65476,0,300,0,0,8,21553,0.0,-107605600.0,0.0,0.0,0.0,0.0,0.0,0.0,0.0,0.0,0.0,0.0,0.0,0.0,0.0,0.0,0.0,0.0,0.0,0.0,0.0,0.0,-2.004,0.0,-0.0,0.0,0.0,0.0,0.0,0.0,5013.0,-564145833377792.0,0.0,0.0,-107615296.0,-107615280.0,2.718429300292151e+23,0.0,0.0,0.0,0.0,53,-0.0,0.0,0.0,0.0,0.0,0.0,0.0,0.0,0.0,0,0,0,0.0,0.0,0.0,0.0,0.0,0.0,0.0,0.0,0.0,0.0,0.0,0.0,0.0,0.0,0.0,0.0,0,-107875648.0,53,0.0,106,-107614832.0,0.0,ERR,ERR,ERR,ERR,ERR,ERR,ERR,ERR,ERR,ERR,ERR,ERR,ERR,ERR,ERR,ERR,ERR,ERR,ERR,ERR,ERR,ERR,ERR,ERR,ERR,ERR,ERR,ERR,ERR,ERR,ERR,ERR,ERR,ERR,ERR,ERR,ERR,ERR,ERR,ERR,ERR,ERR,ERR,ERR,ERR,ERR,ERR,ERR,ERR,ERR,ERR,ERR,ERR,ERR,ERR,ERR,ERR,ERR,ERR,ERR,ERR,ERR,ERR,ERR,ERR,ERR,ERR,50.0,60.0,100,0.0,0.0,0.0,0.0,0.0,0.0,0.0,0.0,0.0,0.0,0.0,0.0,0.0,0.0,0.0,0.0,61.6,74,13,65511,50,65476,0,300,0,0,8,20529,65476,0,0,26214,60.0,0.0,0.0,0.0,0.0,0.0
2026-05-17T18:10:46,ERR,ERR,ERR,ERR,ERR,ERR,ERR,ERR,ERR,ERR,ERR,ERR,ERR,ERR,ERR,ERR,ERR,ERR,ERR,ERR,ERR,ERR,ERR,ERR,ERR,ERR,ERR,ERR,ERR,ERR,ERR,ERR,ERR,ERR,ERR,ERR,ERR,ERR,ERR,ERR,ERR,ERR,ERR,ERR,ERR,ERR,ERR,ERR,ERR,ERR,ERR,ERR,ERR,ERR,ERR,ERR,ERR,ERR,ERR,ERR,ERR,ERR,ERR,ERR,ERR,ERR,ERR,ERR,ERR,ERR,ERR,ERR,ERR,ERR,ERR,ERR,ERR,ERR,ERR,ERR,ERR,ERR,ERR,ERR,ERR,ERR,ERR,ERR,ERR,ERR,ERR,ERR,ERR,ERR,ERR,ERR,ERR,ERR,ERR,ERR,ERR,ERR,ERR,ERR,ERR,ERR,ERR,ERR,ERR,ERR,ERR,ERR,ERR,ERR,ERR,ERR,ERR,ERR,ERR,ERR,ERR,ERR,ERR,ERR,ERR,-107615288.0,-107615296.0,0.0,0.0,0.0,1.3936040501711995e+18,7.805,0.0,0,0,4,0,8422,0.0,45,0.0,0.0,0.0,0.0,0.0,0,0,0,0,0.0,0,0,0,0,0,0,0,0,0,0,0,0,0,0,0,0,0,0,0,0,0,0,0,0,0,0,0,0,0,0,0,0,0,38,14,7,45,65476,0,300,0,0,8,21553,0.0,-107605600.0,0.0,0.0,0.0,0.0,0.0,0.0,0.0,0.0,0.0,0.0,0.0,0.0,0.0,0.0,0.0,0.0,0.0,0.0,0.0,0.0,-2.004,0.0,-0.0,0.0,0.0,0.0,0.0,0.0,5013.0,-564145833377792.0,0.0,0.0,-107615296.0,-107615280.0,2.718429300292151e+23,0.0,0.0,0.0,0.0,53,-0.0,0.0,0.0,0.0,0.0,0.0,0.0,0.0,0.0,0,0,0,0.0,0.0,0.0,0.0,0.0,0.0,0.0,0.0,0.0,0.0,0.0,0.0,0.0,0.0,0.0,0.0,0,-107875648.0,53,0.0,106,-107614832.0,0.0,ERR,ERR,ERR,ERR,ERR,ERR,ERR,ERR,ERR,ERR,ERR,ERR,ERR,ERR,ERR,ERR,ERR,ERR,ERR,ERR,ERR,ERR,ERR,ERR,ERR,ERR,ERR,ERR,ERR,ERR,ERR,ERR,ERR,ERR,ERR,ERR,ERR,ERR,ERR,ERR,ERR,ERR,ERR,ERR,ERR,ERR,ERR,ERR,ERR,ERR,ERR,ERR,ERR,ERR,ERR,ERR,ERR,ERR,ERR,ERR,ERR,ERR,ERR,ERR,ERR,ERR,ERR,50.0,60.0,100,0.0,0.0,0.0,0.0,0.0,0.0,0.0,0.0,0.0,0.0,0.0,0.0,0.0,0.0,0.0,0.0,61.6,74,13,65511,50,65476,0,300,0,0,8,20529,65476,0,0,26214,60.0,0.0,0.0,0.0,0.0,0.0
2026-05-17T18:10:47,ERR,ERR,ERR,ERR,ERR,ERR,ERR,ERR,ERR,ERR,ERR,ERR,ERR,ERR,ERR,ERR,ERR,ERR,ERR,ERR,ERR,ERR,ERR,ERR,ERR,ERR,ERR,ERR,ERR,ERR,ERR,ERR,ERR,ERR,ERR,ERR,ERR,ERR,ERR,ERR,ERR,ERR,ERR,ERR,ERR,ERR,ERR,ERR,ERR,ERR,ERR,ERR,ERR,ERR,ERR,ERR,ERR,ERR,ERR,ERR,ERR,ERR,ERR,ERR,ERR,ERR,ERR,ERR,ERR,ERR,ERR,ERR,ERR,ERR,ERR,ERR,ERR,ERR,ERR,ERR,ERR,ERR,ERR,ERR,ERR,ERR,ERR,ERR,ERR,ERR,ERR,ERR,ERR,ERR,ERR,ERR,ERR,ERR,ERR,ERR,ERR,ERR,ERR,ERR,ERR,ERR,ERR,ERR,ERR,ERR,ERR,ERR,ERR,ERR,ERR,ERR,ERR,ERR,ERR,ERR,ERR,ERR,ERR,ERR,ERR,-107615288.0,-107615296.0,0.0,0.0,0.0,1.3936040501711995e+18,7.805,0.0,0,0,4,0,8422,0.0,45,0.0,0.0,0.0,0.0,0.0,0,0,0,0,0.0,0,0,0,0,0,0,0,0,0,0,0,0,0,0,0,0,0,0,0,0,0,0,0,0,0,0,0,0,0,0,0,0,0,38,14,7,45,65476,0,300,0,0,8,21553,0.0,-107605600.0,0.0,0.0,0.0,0.0,0.0,0.0,0.0,0.0,0.0,0.0,0.0,0.0,0.0,0.0,0.0,0.0,0.0,0.0,0.0,0.0,-2.004,0.0,-0.0,0.0,0.0,0.0,0.0,0.0,5013.0,-564145833377792.0,0.0,0.0,-107615296.0,-107615280.0,2.718429300292151e+23,0.0,0.0,0.0,0.0,53,-0.0,0.0,0.0,0.0,0.0,0.0,0.0,0.0,0.0,0,0,0,0.0,0.0,0.0,0.0,0.0,0.0,0.0,0.0,0.0,0.0,0.0,0.0,0.0,0.0,0.0,0.0,0,-107875648.0,53,0.0,106,-107614832.0,0.0,ERR,ERR,ERR,ERR,ERR,ERR,ERR,ERR,ERR,ERR,ERR,ERR,ERR,ERR,ERR,ERR,ERR,ERR,ERR,ERR,ERR,ERR,ERR,ERR,ERR,ERR,ERR,ERR,ERR,ERR,ERR,ERR,ERR,ERR,ERR,ERR,ERR,ERR,ERR,ERR,ERR,ERR,ERR,ERR,ERR,ERR,ERR,ERR,ERR,ERR,ERR,ERR,ERR,ERR,ERR,ERR,ERR,ERR,ERR,ERR,ERR,ERR,ERR,ERR,ERR,ERR,ERR,50.0,60.0,100,0.0,0.0,0.0,0.0,0.0,0.0,0.0,0.0,0.0,0.0,0.0,0.0,0.0,0.0,0.0,0.0,62.0,74,13,65511,50,65476,0,300,0,0,8,20529,65476,0,0,26214,60.0,0.0,0.0,0.0,0.0,0.0
2026-05-17T18:10:48,ERR,ERR,ERR,ERR,ERR,ERR,ERR,ERR,ERR,ERR,ERR,ERR,ERR,ERR,ERR,ERR,ERR,ERR,ERR,ERR,ERR,ERR,ERR,ERR,ERR,ERR,ERR,ERR,ERR,ERR,ERR,ERR,ERR,ERR,ERR,ERR,ERR,ERR,ERR,ERR,ERR,ERR,ERR,ERR,ERR,ERR,ERR,ERR,ERR,ERR,ERR,ERR,ERR,ERR,ERR,ERR,ERR,ERR,ERR,ERR,ERR,ERR,ERR,ERR,ERR,ERR,ERR,ERR,ERR,ERR,ERR,ERR,ERR,ERR,ERR,ERR,ERR,ERR,ERR,ERR,ERR,ERR,ERR,ERR,ERR,ERR,ERR,ERR,ERR,ERR,ERR,ERR,ERR,ERR,ERR,ERR,ERR,ERR,ERR,ERR,ERR,ERR,ERR,ERR,ERR,ERR,ERR,ERR,ERR,ERR,ERR,ERR,ERR,ERR,ERR,ERR,ERR,ERR,ERR,ERR,ERR,ERR,ERR,ERR,ERR,-107615288.0,-107615296.0,0.0,0.0,0.0,1.3936040501711995e+18,7.805,0.0,0,0,4,0,8422,0.0,45,0.0,0.0,0.0,0.0,0.0,0,0,0,0,0.0,0,0,0,0,0,0,0,0,0,0,0,0,0,0,0,0,0,0,0,0,0,0,0,0,0,0,0,0,0,0,0,0,0,38,14,7,45,65476,0,300,0,0,8,21553,0.0,-107605600.0,0.0,0.0,0.0,0.0,0.0,0.0,0.0,0.0,0.0,0.0,0.0,0.0,0.0,0.0,0.0,0.0,0.0,0.0,0.0,0.0,-2.004,0.0,-0.0,0.0,0.0,0.0,0.0,0.0,5013.0,-564145833377792.0,0.0,0.0,-107615296.0,-107615280.0,2.718429300292151e+23,0.0,0.0,0.0,0.0,53,-0.0,0.0,0.0,0.0,0.0,0.0,0.0,0.0,0.0,0,0,0,0.0,0.0,0.0,0.0,0.0,0.0,0.0,0.0,0.0,0.0,0.0,0.0,0.0,0.0,0.0,0.0,0,-107875648.0,53,0.0,106,-107614832.0,0.0,ERR,ERR,ERR,ERR,ERR,ERR,ERR,ERR,ERR,ERR,ERR,ERR,ERR,ERR,ERR,ERR,ERR,ERR,ERR,ERR,ERR,ERR,ERR,ERR,ERR,ERR,ERR,ERR,ERR,ERR,ERR,ERR,ERR,ERR,ERR,ERR,ERR,ERR,ERR,ERR,ERR,ERR,ERR,ERR,ERR,ERR,ERR,ERR,ERR,ERR,ERR,ERR,ERR,ERR,ERR,ERR,ERR,ERR,ERR,ERR,ERR,ERR,ERR,ERR,ERR,ERR,ERR,50.0,60.0,100,0.0,0.0,0.0,0.0,0.0,0.0,0.0,0.0,0.0,0.0,0.0,0.0,0.0,0.0,0.0,0.0,62.0,74,13,65511,50,65476,0,300,0,0,8,20529,65476,0,0,26214,60.0,0.0,0.0,0.0,0.0,0.0
2026-05-17T18:10:49,ERR,ERR,ERR,ERR,ERR,ERR,ERR,ERR,ERR,ERR,ERR,ERR,ERR,ERR,ERR,ERR,ERR,ERR,ERR,ERR,ERR,ERR,ERR,ERR,ERR,ERR,ERR,ERR,ERR,ERR,ERR,ERR,ERR,ERR,ERR,ERR,ERR,ERR,ERR,ERR,ERR,ERR,ERR,ERR,ERR,ERR,ERR,ERR,ERR,ERR,ERR,ERR,ERR,ERR,ERR,ERR,ERR,ERR,ERR,ERR,ERR,ERR,ERR,ERR,ERR,ERR,ERR,ERR,ERR,ERR,ERR,ERR,ERR,ERR,ERR,ERR,ERR,ERR,ERR,ERR,ERR,ERR,ERR,ERR,ERR,ERR,ERR,ERR,ERR,ERR,ERR,ERR,ERR,ERR,ERR,ERR,ERR,ERR,ERR,ERR,ERR,ERR,ERR,ERR,ERR,ERR,ERR,ERR,ERR,ERR,ERR,ERR,ERR,ERR,ERR,ERR,ERR,ERR,ERR,ERR,ERR,ERR,ERR,ERR,ERR,-107615288.0,-107615296.0,0.0,0.0,0.0,1.3936040501711995e+18,7.805,0.0,0,0,4,0,8422,0.0,45,0.0,0.0,0.0,0.0,0.0,0,0,0,0,0.0,0,0,0,0,0,0,0,0,0,0,0,0,0,0,0,0,0,0,0,0,0,0,0,0,0,0,0,0,0,0,0,0,0,38,14,7,45,65476,0,300,0,0,8,21553,0.0,-107605600.0,0.0,0.0,0.0,0.0,0.0,0.0,0.0,0.0,0.0,0.0,0.0,0.0,0.0,0.0,0.0,0.0,0.0,0.0,0.0,0.0,-2.004,0.0,-0.0,0.0,0.0,0.0,0.0,0.0,5013.0,-564145833377792.0,0.0,0.0,-107615296.0,-107615280.0,2.718429300292151e+23,0.0,0.0,0.0,0.0,53,-0.0,0.0,0.0,0.0,0.0,0.0,0.0,0.0,0.0,0,0,0,0.0,0.0,0.0,0.0,0.0,0.0,0.0,0.0,0.0,0.0,0.0,0.0,0.0,0.0,0.0,0.0,0,-107875648.0,53,0.0,106,-107614832.0,0.0,ERR,ERR,ERR,ERR,ERR,ERR,ERR,ERR,ERR,ERR,ERR,ERR,ERR,ERR,ERR,ERR,ERR,ERR,ERR,ERR,ERR,ERR,ERR,ERR,ERR,ERR,ERR,ERR,ERR,ERR,ERR,ERR,ERR,ERR,ERR,ERR,ERR,ERR,ERR,ERR,ERR,ERR,ERR,ERR,ERR,ERR,ERR,ERR,ERR,ERR,ERR,ERR,ERR,ERR,ERR,ERR,ERR,ERR,ERR,ERR,ERR,ERR,ERR,ERR,ERR,ERR,ERR,50.0,60.0,100,0.0,0.0,0.0,0.0,0.0,0.0,0.0,0.0,0.0,0.0,0.0,0.0,0.0,0.0,0.0,0.0,62.0,74,13,65511,50,65476,0,300,0,0,8,20529,65476,0,0,26214,60.0,0.0,0.0,0.0,0.0,0.0
2026-05-17T18:10:50,ERR,ERR,ERR,ERR,ERR,ERR,ERR,ERR,ERR,ERR,ERR,ERR,ERR,ERR,ERR,ERR,ERR,ERR,ERR,ERR,ERR,ERR,ERR,ERR,ERR,ERR,ERR,ERR,ERR,ERR,ERR,ERR,ERR,ERR,ERR,ERR,ERR,ERR,ERR,ERR,ERR,ERR,ERR,ERR,ERR,ERR,ERR,ERR,ERR,ERR,ERR,ERR,ERR,ERR,ERR,ERR,ERR,ERR,ERR,ERR,ERR,ERR,ERR,ERR,ERR,ERR,ERR,ERR,ERR,ERR,ERR,ERR,ERR,ERR,ERR,ERR,ERR,ERR,ERR,ERR,ERR,ERR,ERR,ERR,ERR,ERR,ERR,ERR,ERR,ERR,ERR,ERR,ERR,ERR,ERR,ERR,ERR,ERR,ERR,ERR,ERR,ERR,ERR,ERR,ERR,ERR,ERR,ERR,ERR,ERR,ERR,ERR,ERR,ERR,ERR,ERR,ERR,ERR,ERR,ERR,ERR,ERR,ERR,ERR,ERR,-107615288.0,-107615296.0,0.0,0.0,0.0,1.3936040501711995e+18,7.805,0.0,0,0,4,0,8422,0.0,45,0.0,0.0,0.0,0.0,0.0,0,0,0,0,0.0,0,0,0,0,0,0,0,0,0,0,0,0,0,0,0,0,0,0,0,0,0,0,0,0,0,0,0,0,0,0,0,0,0,38,14,7,45,65476,0,300,0,0,8,21553,0.0,-107605600.0,0.0,0.0,0.0,0.0,0.0,0.0,0.0,0.0,0.0,0.0,0.0,0.0,0.0,0.0,0.0,0.0,0.0,0.0,0.0,0.0,0.0,0.0,-0.0,0.0,0.0,0.0,0.0,0.0,5047.0,0.0,0.0,-107615288.0,-107615296.0,-107615280.0,2.718429300292151e+23,0.0,0.0,0.0,0.0,53,-0.0,0.0,0.0,0.0,0.0,0.0,0.0,0.0,0.0,0,0,0,0.0,0.0,0.0,0.0,0.0,0.0,0.0,0.0,0.0,0.0,0.0,0.0,0.0,0.0,0.0,0.0,0,-107875648.0,53,0.0,106,-107614832.0,0.0,ERR,ERR,ERR,ERR,ERR,ERR,ERR,ERR,ERR,ERR,ERR,ERR,ERR,ERR,ERR,ERR,ERR,ERR,ERR,ERR,ERR,ERR,ERR,ERR,ERR,ERR,ERR,ERR,ERR,ERR,ERR,ERR,ERR,ERR,ERR,ERR,ERR,ERR,ERR,ERR,ERR,ERR,ERR,ERR,ERR,ERR,ERR,ERR,ERR,ERR,ERR,ERR,ERR,ERR,ERR,ERR,ERR,ERR,ERR,ERR,ERR,ERR,ERR,ERR,ERR,ERR,ERR,50.0,60.0,100,0.0,0.0,0.0,0.0,0.0,0.0,0.0,0.0,0.0,0.0,0.0,0.0,0.0,0.0,0.0,0.0,61.6,74,13,65511,50,65476,0,300,0,0,8,20529,65476,0,0,26214,60.0,0.0,0.0,0.0,0.0,0.0
2026-05-17T18:10:51,ERR,ERR,ERR,ERR,ERR,ERR,ERR,ERR,ERR,ERR,ERR,ERR,ERR,ERR,ERR,ERR,ERR,ERR,ERR,ERR,ERR,ERR,ERR,ERR,ERR,ERR,ERR,ERR,ERR,ERR,ERR,ERR,ERR,ERR,ERR,ERR,ERR,ERR,ERR,ERR,ERR,ERR,ERR,ERR,ERR,ERR,ERR,ERR,ERR,ERR,ERR,ERR,ERR,ERR,ERR,ERR,ERR,ERR,ERR,ERR,ERR,ERR,ERR,ERR,ERR,ERR,ERR,ERR,ERR,ERR,ERR,ERR,ERR,ERR,ERR,ERR,ERR,ERR,ERR,ERR,ERR,ERR,ERR,ERR,ERR,ERR,ERR,ERR,ERR,ERR,ERR,ERR,ERR,ERR,ERR,ERR,ERR,ERR,ERR,ERR,ERR,ERR,ERR,ERR,ERR,ERR,ERR,ERR,ERR,ERR,ERR,ERR,ERR,ERR,ERR,ERR,ERR,ERR,ERR,ERR,ERR,ERR,ERR,ERR,ERR,-107615288.0,-107615296.0,0.0,0.0,0.0,1.3936040501711995e+18,7.805,0.0,0,0,4,0,8422,0.0,45,0.0,0.0,0.0,0.0,0.0,0,0,0,0,0.0,0,0,0,0,0,0,0,0,0,0,0,0,0,0,0,0,0,0,0,0,0,0,0,0,0,0,0,0,0,0,0,0,0,38,14,7,45,65476,0,300,0,0,8,21553,0.0,-107605600.0,0.0,0.0,0.0,0.0,0.0,0.0,0.0,0.0,0.0,0.0,0.0,0.0,0.0,0.0,0.0,0.0,0.0,0.0,0.0,0.0,0.0,0.0,-0.0,0.0,0.0,0.0,0.0,0.0,5047.0,0.0,0.0,-107615288.0,-107615296.0,-107615280.0,2.718429300292151e+23,0.0,0.0,0.0,0.0,53,-0.0,0.0,0.0,0.0,0.0,0.0,0.0,0.0,0.0,0,0,0,0.0,0.0,0.0,0.0,0.0,0.0,0.0,0.0,0.0,0.0,0.0,0.0,0.0,0.0,0.0,0.0,0,-107875648.0,53,0.0,106,-107614832.0,0.0,ERR,ERR,ERR,ERR,ERR,ERR,ERR,ERR,ERR,ERR,ERR,ERR,ERR,ERR,ERR,ERR,ERR,ERR,ERR,ERR,ERR,ERR,ERR,ERR,ERR,ERR,ERR,ERR,ERR,ERR,ERR,ERR,ERR,ERR,ERR,ERR,ERR,ERR,ERR,ERR,ERR,ERR,ERR,ERR,ERR,ERR,ERR,ERR,ERR,ERR,ERR,ERR,ERR,ERR,ERR,ERR,ERR,ERR,ERR,ERR,ERR,ERR,ERR,ERR,ERR,ERR,ERR,50.0,60.0,100,0.0,0.0,0.0,0.0,0.0,0.0,0.0,0.0,0.0,0.0,0.0,0.0,0.0,0.0,0.0,0.0,61.6,74,13,65511,50,65476,0,300,0,0,8,20529,65476,0,0,26214,60.0,0.0,0.0,0.0,0.0,0.0
2026-05-17T18:10:52,ERR,ERR,ERR,ERR,ERR,ERR,ERR,ERR,ERR,ERR,ERR,ERR,ERR,ERR,ERR,ERR,ERR,ERR,ERR,ERR,ERR,ERR,ERR,ERR,ERR,ERR,ERR,ERR,ERR,ERR,ERR,ERR,ERR,ERR,ERR,ERR,ERR,ERR,ERR,ERR,ERR,ERR,ERR,ERR,ERR,ERR,ERR,ERR,ERR,ERR,ERR,ERR,ERR,ERR,ERR,ERR,ERR,ERR,ERR,ERR,ERR,ERR,ERR,ERR,ERR,ERR,ERR,ERR,ERR,ERR,ERR,ERR,ERR,ERR,ERR,ERR,ERR,ERR,ERR,ERR,ERR,ERR,ERR,ERR,ERR,ERR,ERR,ERR,ERR,ERR,ERR,ERR,ERR,ERR,ERR,ERR,ERR,ERR,ERR,ERR,ERR,ERR,ERR,ERR,ERR,ERR,ERR,ERR,ERR,ERR,ERR,ERR,ERR,ERR,ERR,ERR,ERR,ERR,ERR,ERR,ERR,ERR,ERR,ERR,ERR,-107615288.0,-107615296.0,0.0,0.0,0.0,1.3936040501711995e+18,7.805,0.0,0,0,4,0,8422,0.0,45,0.0,0.0,0.0,0.0,0.0,0,0,0,0,0.0,0,0,0,0,0,0,0,0,0,0,0,0,0,0,0,0,0,0,0,0,0,0,0,0,0,0,0,0,0,0,0,0,0,38,14,7,45,65476,0,300,0,0,8,21553,0.0,-107605600.0,0.0,0.0,0.0,0.0,0.0,0.0,0.0,0.0,0.0,0.0,0.0,0.0,0.0,0.0,0.0,0.0,0.0,0.0,0.0,0.0,0.0,0.0,-0.0,0.0,0.0,0.0,0.0,0.0,5047.0,0.0,0.0,-107615288.0,-107615296.0,-107615280.0,2.718429300292151e+23,0.0,0.0,0.0,0.0,53,-0.0,0.0,0.0,0.0,0.0,0.0,0.0,0.0,0.0,0,0,0,0.0,0.0,0.0,0.0,0.0,0.0,0.0,0.0,0.0,0.0,0.0,0.0,0.0,0.0,0.0,0.0,0,-107875648.0,53,0.0,106,-107614832.0,0.0,ERR,ERR,ERR,ERR,ERR,ERR,ERR,ERR,ERR,ERR,ERR,ERR,ERR,ERR,ERR,ERR,ERR,ERR,ERR,ERR,ERR,ERR,ERR,ERR,ERR,ERR,ERR,ERR,ERR,ERR,ERR,ERR,ERR,ERR,ERR,ERR,ERR,ERR,ERR,ERR,ERR,ERR,ERR,ERR,ERR,ERR,ERR,ERR,ERR,ERR,ERR,ERR,ERR,ERR,ERR,ERR,ERR,ERR,ERR,ERR,ERR,ERR,ERR,ERR,ERR,ERR,ERR,50.0,60.0,100,0.0,0.0,0.0,0.0,0.0,0.0,0.0,0.0,0.0,0.0,0.0,0.0,0.0,0.0,0.0,0.0,61.6,74,13,65511,50,65476,0,300,0,0,8,20529,65476,0,0,26214,60.0,0.0,0.0,0.0,0.0,0.0
2026-05-17T18:10:53,ERR,ERR,ERR,ERR,ERR,ERR,ERR,ERR,ERR,ERR,ERR,ERR,ERR,ERR,ERR,ERR,ERR,ERR,ERR,ERR,ERR,ERR,ERR,ERR,ERR,ERR,ERR,ERR,ERR,ERR,ERR,ERR,ERR,ERR,ERR,ERR,ERR,ERR,ERR,ERR,ERR,ERR,ERR,ERR,ERR,ERR,ERR,ERR,ERR,ERR,ERR,ERR,ERR,ERR,ERR,ERR,ERR,ERR,ERR,ERR,ERR,ERR,ERR,ERR,ERR,ERR,ERR,ERR,ERR,ERR,ERR,ERR,ERR,ERR,ERR,ERR,ERR,ERR,ERR,ERR,ERR,ERR,ERR,ERR,ERR,ERR,ERR,ERR,ERR,ERR,ERR,ERR,ERR,ERR,ERR,ERR,ERR,ERR,ERR,ERR,ERR,ERR,ERR,ERR,ERR,ERR,ERR,ERR,ERR,ERR,ERR,ERR,ERR,ERR,ERR,ERR,ERR,ERR,ERR,ERR,ERR,ERR,ERR,ERR,ERR,-107615288.0,-107615296.0,0.0,0.0,0.0,1.3936040501711995e+18,7.805,0.0,0,0,4,0,8422,0.0,45,0.0,0.0,0.0,0.0,0.0,0,0,0,0,0.0,0,0,0,0,0,0,0,0,0,0,0,0,0,0,0,0,0,0,0,0,0,0,0,0,0,0,0,0,0,0,0,0,0,38,14,7,45,65476,0,300,0,0,8,21553,0.0,-107605600.0,0.0,0.0,0.0,0.0,0.0,0.0,0.0,0.0,0.0,0.0,0.0,0.0,0.0,0.0,0.0,0.0,0.0,0.0,0.0,0.0,0.0,0.0,-0.0,0.0,0.0,0.0,0.0,0.0,5047.0,0.0,0.0,-107615288.0,-107615296.0,-107615280.0,2.718429300292151e+23,0.0,0.0,0.0,0.0,53,-0.0,0.0,0.0,0.0,0.0,0.0,0.0,0.0,0.0,0,0,0,0.0,0.0,0.0,0.0,0.0,0.0,0.0,0.0,0.0,0.0,0.0,0.0,0.0,0.0,0.0,0.0,0,-107875648.0,53,0.0,106,-107614832.0,0.0,ERR,ERR,ERR,ERR,ERR,ERR,ERR,ERR,ERR,ERR,ERR,ERR,ERR,ERR,ERR,ERR,ERR,ERR,ERR,ERR,ERR,ERR,ERR,ERR,ERR,ERR,ERR,ERR,ERR,ERR,ERR,ERR,ERR,ERR,ERR,ERR,ERR,ERR,ERR,ERR,ERR,ERR,ERR,ERR,ERR,ERR,ERR,ERR,ERR,ERR,ERR,ERR,ERR,ERR,ERR,ERR,ERR,ERR,ERR,ERR,ERR,ERR,ERR,ERR,ERR,ERR,ERR,50.0,60.0,100,0.0,0.0,0.0,0.0,0.0,0.0,0.0,0.0,0.0,0.0,0.0,0.0,0.0,0.0,0.0,0.0,61.6,74,13,65511,50,65476,0,300,0,0,8,20529,65476,0,0,26214,60.0,0.0,0.0,0.0,0.0,0.0
2026-05-17T18:10:54,ERR,ERR,ERR,ERR,ERR,ERR,ERR,ERR,ERR,ERR,ERR,ERR,ERR,ERR,ERR,ERR,ERR,ERR,ERR,ERR,ERR,ERR,ERR,ERR,ERR,ERR,ERR,ERR,ERR,ERR,ERR,ERR,ERR,ERR,ERR,ERR,ERR,ERR,ERR,ERR,ERR,ERR,ERR,ERR,ERR,ERR,ERR,ERR,ERR,ERR,ERR,ERR,ERR,ERR,ERR,ERR,ERR,ERR,ERR,ERR,ERR,ERR,ERR,ERR,ERR,ERR,ERR,ERR,ERR,ERR,ERR,ERR,ERR,ERR,ERR,ERR,ERR,ERR,ERR,ERR,ERR,ERR,ERR,ERR,ERR,ERR,ERR,ERR,ERR,ERR,ERR,ERR,ERR,ERR,ERR,ERR,ERR,ERR,ERR,ERR,ERR,ERR,ERR,ERR,ERR,ERR,ERR,ERR,ERR,ERR,ERR,ERR,ERR,ERR,ERR,ERR,ERR,ERR,ERR,ERR,ERR,ERR,ERR,ERR,ERR,-107615288.0,-107615296.0,0.0,0.0,0.0,1.3936040501711995e+18,7.805,0.0,0,0,4,0,8422,0.0,45,0.0,0.0,0.0,0.0,0.0,0,0,0,0,0.0,0,0,0,0,0,0,0,0,0,0,0,0,0,0,0,0,0,0,0,0,0,0,0,0,0,0,0,0,0,0,0,0,0,38,14,7,45,65476,0,300,0,0,8,21553,0.0,-107605600.0,0.0,0.0,0.0,0.0,0.0,0.0,0.0,0.0,0.0,0.0,0.0,0.0,0.0,0.0,0.0,0.0,0.0,0.0,0.0,0.0,0.0,0.0,-0.0,0.0,0.0,0.0,0.0,0.0,5047.0,0.0,0.0,-107615288.0,-107615296.0,-107615280.0,2.718429300292151e+23,0.0,0.0,0.0,0.0,53,-0.0,0.0,0.0,0.0,0.0,0.0,0.0,0.0,0.0,0,0,0,0.0,0.0,0.0,0.0,0.0,0.0,0.0,0.0,0.0,0.0,0.0,0.0,0.0,0.0,0.0,0.0,0,-107875648.0,53,0.0,106,-107614832.0,0.0,ERR,ERR,ERR,ERR,ERR,ERR,ERR,ERR,ERR,ERR,ERR,ERR,ERR,ERR,ERR,ERR,ERR,ERR,ERR,ERR,ERR,ERR,ERR,ERR,ERR,ERR,ERR,ERR,ERR,ERR,ERR,ERR,ERR,ERR,ERR,ERR,ERR,ERR,ERR,ERR,ERR,ERR,ERR,ERR,ERR,ERR,ERR,ERR,ERR,ERR,ERR,ERR,ERR,ERR,ERR,ERR,ERR,ERR,ERR,ERR,ERR,ERR,ERR,ERR,ERR,ERR,ERR,50.0,60.0,100,0.0,0.0,0.0,0.0,0.0,0.0,0.0,0.0,0.0,0.0,0.0,0.0,0.0,0.0,0.0,0.0,61.6,74,13,65511,50,65476,0,300,0,0,8,20529,65476,0,0,26214,60.0,0.0,0.0,0.0,0.0,0.0
2026-05-17T18:10:55,ERR,ERR,ERR,ERR,ERR,ERR,ERR,ERR,ERR,ERR,ERR,ERR,ERR,ERR,ERR,ERR,ERR,ERR,ERR,ERR,ERR,ERR,ERR,ERR,ERR,ERR,ERR,ERR,ERR,ERR,ERR,ERR,ERR,ERR,ERR,ERR,ERR,ERR,ERR,ERR,ERR,ERR,ERR,ERR,ERR,ERR,ERR,ERR,ERR,ERR,ERR,ERR,ERR,ERR,ERR,ERR,ERR,ERR,ERR,ERR,ERR,ERR,ERR,ERR,ERR,ERR,ERR,ERR,ERR,ERR,ERR,ERR,ERR,ERR,ERR,ERR,ERR,ERR,ERR,ERR,ERR,ERR,ERR,ERR,ERR,ERR,ERR,ERR,ERR,ERR,ERR,ERR,ERR,ERR,ERR,ERR,ERR,ERR,ERR,ERR,ERR,ERR,ERR,ERR,ERR,ERR,ERR,ERR,ERR,ERR,ERR,ERR,ERR,ERR,ERR,ERR,ERR,ERR,ERR,ERR,ERR,ERR,ERR,ERR,ERR,0.0,-107615296.0,-134474944.0,0.0,0.0,1.3936040501711995e+18,7.805,0.0,0,0,4,0,8422,0.0,45,0.0,0.0,0.0,0.0,0.0,0,0,0,0,0.0,0,0,0,0,0,0,0,0,0,0,0,0,0,0,0,0,0,0,0,0,0,0,0,0,0,0,0,0,0,0,0,0,0,38,14,7,45,65476,0,300,0,0,8,21553,0.0,-107605600.0,0.0,0.0,0.0,0.0,0.0,0.0,0.0,0.0,0.0,0.0,0.0,0.0,0.0,0.0,0.0,0.0,0.0,0.0,0.0,0.0,-2.004,0.0,-0.0,0.0,0.0,0.0,0.0,0.0,4992.0,-1.040665380856972e+34,0.0,-107615288.0,-107615296.0,-107615280.0,2.718429300292151e+23,0.0,0.0,0.0,0.0,53,-0.0,-3.222002767243768e+26,0.0,0.0,0.0,0.0,0.0,0.0,0.0,0,0,0,0.0,0.0,0.0,0.0,0.0,0.0,0.0,0.0,0.0,0.0,0.0,0.0,0.0,0.0,0.0,0.0,0,-107875648.0,53,0.0,106,-107614832.0,0.0,ERR,ERR,ERR,ERR,ERR,ERR,ERR,ERR,ERR,ERR,ERR,ERR,ERR,ERR,ERR,ERR,ERR,ERR,ERR,ERR,ERR,ERR,ERR,ERR,ERR,ERR,ERR,ERR,ERR,ERR,ERR,ERR,ERR,ERR,ERR,ERR,ERR,ERR,ERR,ERR,ERR,ERR,ERR,ERR,ERR,ERR,ERR,ERR,ERR,ERR,ERR,ERR,ERR,ERR,ERR,ERR,ERR,ERR,ERR,ERR,ERR,ERR,ERR,ERR,ERR,ERR,ERR,50.0,60.0,100,0.0,0.0,0.0,0.0,0.0,0.0,0.0,0.0,0.0,0.0,0.0,0.0,0.0,0.0,0.0,0.0,61.6,74,13,65511,50,65476,0,300,0,0,8,20529,65476,0,0,26214,60.0,0.0,0.0,0.0,0.0,0.0
2026-05-17T18:10:56,ERR,ERR,ERR,ERR,ERR,ERR,ERR,ERR,ERR,ERR,ERR,ERR,ERR,ERR,ERR,ERR,ERR,ERR,ERR,ERR,ERR,ERR,ERR,ERR,ERR,ERR,ERR,ERR,ERR,ERR,ERR,ERR,ERR,ERR,ERR,ERR,ERR,ERR,ERR,ERR,ERR,ERR,ERR,ERR,ERR,ERR,ERR,ERR,ERR,ERR,ERR,ERR,ERR,ERR,ERR,ERR,ERR,ERR,ERR,ERR,ERR,ERR,ERR,ERR,ERR,ERR,ERR,ERR,ERR,ERR,ERR,ERR,ERR,ERR,ERR,ERR,ERR,ERR,ERR,ERR,ERR,ERR,ERR,ERR,ERR,ERR,ERR,ERR,ERR,ERR,ERR,ERR,ERR,ERR,ERR,ERR,ERR,ERR,ERR,ERR,ERR,ERR,ERR,ERR,ERR,ERR,ERR,ERR,ERR,ERR,ERR,ERR,ERR,ERR,ERR,ERR,ERR,ERR,ERR,ERR,ERR,ERR,ERR,ERR,ERR,0.0,-107615296.0,-134474944.0,0.0,0.0,1.3936040501711995e+18,7.805,0.0,0,0,4,0,8422,0.0,45,0.0,0.0,0.0,0.0,0.0,0,0,0,0,0.0,0,0,0,0,0,0,0,0,0,0,0,0,0,0,0,0,0,0,0,0,0,0,0,0,0,0,0,0,0,0,0,0,0,38,14,7,45,65476,0,300,0,0,8,21553,0.0,-107605600.0,0.0,0.0,0.0,0.0,0.0,0.0,0.0,0.0,0.0,0.0,0.0,0.0,0.0,0.0,0.0,0.0,0.0,0.0,0.0,0.0,-2.004,0.0,-0.0,0.0,0.0,0.0,0.0,0.0,4992.0,-1.040665380856972e+34,0.0,-107615288.0,-107615296.0,-107615280.0,2.718429300292151e+23,0.0,0.0,0.0,0.0,53,-0.0,-3.222002767243768e+26,0.0,0.0,0.0,0.0,0.0,0.0,0.0,0,0,0,0.0,0.0,0.0,0.0,0.0,0.0,0.0,0.0,0.0,0.0,0.0,0.0,0.0,0.0,0.0,0.0,0,-107875648.0,53,0.0,106,-107614832.0,0.0,ERR,ERR,ERR,ERR,ERR,ERR,ERR,ERR,ERR,ERR,ERR,ERR,ERR,ERR,ERR,ERR,ERR,ERR,ERR,ERR,ERR,ERR,ERR,ERR,ERR,ERR,ERR,ERR,ERR,ERR,ERR,ERR,ERR,ERR,ERR,ERR,ERR,ERR,ERR,ERR,ERR,ERR,ERR,ERR,ERR,ERR,ERR,ERR,ERR,ERR,ERR,ERR,ERR,ERR,ERR,ERR,ERR,ERR,ERR,ERR,ERR,ERR,ERR,ERR,ERR,ERR,ERR,50.0,60.0,100,0.0,0.0,0.0,0.0,0.0,0.0,0.0,0.0,0.0,0.0,0.0,0.0,0.0,0.0,0.0,0.0,61.6,74,13,65511,50,65476,0,300,0,0,8,20529,65476,0,0,26214,60.0,0.0,0.0,0.0,0.0,0.0
2026-05-17T18:10:57,ERR,ERR,ERR,ERR,ERR,ERR,ERR,ERR,ERR,ERR,ERR,ERR,ERR,ERR,ERR,ERR,ERR,ERR,ERR,ERR,ERR,ERR,ERR,ERR,ERR,ERR,ERR,ERR,ERR,ERR,ERR,ERR,ERR,ERR,ERR,ERR,ERR,ERR,ERR,ERR,ERR,ERR,ERR,ERR,ERR,ERR,ERR,ERR,ERR,ERR,ERR,ERR,ERR,ERR,ERR,ERR,ERR,ERR,ERR,ERR,ERR,ERR,ERR,ERR,ERR,ERR,ERR,ERR,ERR,ERR,ERR,ERR,ERR,ERR,ERR,ERR,ERR,ERR,ERR,ERR,ERR,ERR,ERR,ERR,ERR,ERR,ERR,ERR,ERR,ERR,ERR,ERR,ERR,ERR,ERR,ERR,ERR,ERR,ERR,ERR,ERR,ERR,ERR,ERR,ERR,ERR,ERR,ERR,ERR,ERR,ERR,ERR,ERR,ERR,ERR,ERR,ERR,ERR,ERR,ERR,ERR,ERR,ERR,ERR,ERR,0.0,-107615296.0,-134474944.0,0.0,0.0,1.3936040501711995e+18,7.805,0.0,0,0,4,0,8422,0.0,45,0.0,0.0,0.0,0.0,0.0,0,0,0,0,0.0,0,0,0,0,0,0,0,0,0,0,0,0,0,0,0,0,0,0,0,0,0,0,0,0,0,0,0,0,0,0,0,0,0,38,14,7,45,65476,0,300,0,0,8,21553,0.0,-107605600.0,0.0,0.0,0.0,0.0,0.0,0.0,0.0,0.0,0.0,0.0,0.0,0.0,0.0,0.0,0.0,0.0,0.0,0.0,0.0,0.0,-2.004,0.0,-0.0,0.0,0.0,0.0,0.0,0.0,4992.0,-1.040665380856972e+34,0.0,-107615288.0,-107615296.0,-107615280.0,2.718429300292151e+23,0.0,0.0,0.0,0.0,53,-0.0,-3.222002767243768e+26,0.0,0.0,0.0,0.0,0.0,0.0,0.0,0,0,0,0.0,0.0,0.0,0.0,0.0,0.0,0.0,0.0,0.0,0.0,0.0,0.0,0.0,0.0,0.0,0.0,0,-107875648.0,53,0.0,106,-107614832.0,0.0,ERR,ERR,ERR,ERR,ERR,ERR,ERR,ERR,ERR,ERR,ERR,ERR,ERR,ERR,ERR,ERR,ERR,ERR,ERR,ERR,ERR,ERR,ERR,ERR,ERR,ERR,ERR,ERR,ERR,ERR,ERR,ERR,ERR,ERR,ERR,ERR,ERR,ERR,ERR,ERR,ERR,ERR,ERR,ERR,ERR,ERR,ERR,ERR,ERR,ERR,ERR,ERR,ERR,ERR,ERR,ERR,ERR,ERR,ERR,ERR,ERR,ERR,ERR,ERR,ERR,ERR,ERR,50.0,60.0,100,0.0,0.0,0.0,0.0,0.0,0.0,0.0,0.0,0.0,0.0,0.0,0.0,0.0,0.0,0.0,0.0,62.0,74,13,65511,50,65476,0,300,0,0,8,20529,65476,0,0,26214,60.0,0.0,0.0,0.0,0.0,0.0
2026-05-17T18:10:58,ERR,ERR,ERR,ERR,ERR,ERR,ERR,ERR,ERR,ERR,ERR,ERR,ERR,ERR,ERR,ERR,ERR,ERR,ERR,ERR,ERR,ERR,ERR,ERR,ERR,ERR,ERR,ERR,ERR,ERR,ERR,ERR,ERR,ERR,ERR,ERR,ERR,ERR,ERR,ERR,ERR,ERR,ERR,ERR,ERR,ERR,ERR,ERR,ERR,ERR,ERR,ERR,ERR,ERR,ERR,ERR,ERR,ERR,ERR,ERR,ERR,ERR,ERR,ERR,ERR,ERR,ERR,ERR,ERR,ERR,ERR,ERR,ERR,ERR,ERR,ERR,ERR,ERR,ERR,ERR,ERR,ERR,ERR,ERR,ERR,ERR,ERR,ERR,ERR,ERR,ERR,ERR,ERR,ERR,ERR,ERR,ERR,ERR,ERR,ERR,ERR,ERR,ERR,ERR,ERR,ERR,ERR,ERR,ERR,ERR,ERR,ERR,ERR,ERR,ERR,ERR,ERR,ERR,ERR,ERR,ERR,ERR,ERR,ERR,ERR,0.0,-107615296.0,-134474944.0,0.0,0.0,1.3936040501711995e+18,7.805,0.0,0,0,4,0,8422,0.0,45,0.0,0.0,0.0,0.0,0.0,0,0,0,0,0.0,0,0,0,0,0,0,0,0,0,0,0,0,0,0,0,0,0,0,0,0,0,0,0,0,0,0,0,0,0,0,0,0,0,38,14,7,45,65476,0,300,0,0,8,21553,0.0,-107605600.0,0.0,0.0,0.0,0.0,0.0,0.0,0.0,0.0,0.0,0.0,0.0,0.0,0.0,0.0,0.0,0.0,0.0,0.0,0.0,0.0,-2.004,0.0,-0.0,0.0,0.0,0.0,0.0,0.0,4992.0,-1.040665380856972e+34,0.0,-107615288.0,-107615296.0,-107615280.0,2.718429300292151e+23,0.0,0.0,0.0,0.0,53,-0.0,-3.222002767243768e+26,0.0,0.0,0.0,0.0,0.0,0.0,0.0,0,0,0,0.0,0.0,0.0,0.0,0.0,0.0,0.0,0.0,0.0,0.0,0.0,0.0,0.0,0.0,0.0,0.0,0,-107875648.0,53,0.0,106,-107614832.0,0.0,ERR,ERR,ERR,ERR,ERR,ERR,ERR,ERR,ERR,ERR,ERR,ERR,ERR,ERR,ERR,ERR,ERR,ERR,ERR,ERR,ERR,ERR,ERR,ERR,ERR,ERR,ERR,ERR,ERR,ERR,ERR,ERR,ERR,ERR,ERR,ERR,ERR,ERR,ERR,ERR,ERR,ERR,ERR,ERR,ERR,ERR,ERR,ERR,ERR,ERR,ERR,ERR,ERR,ERR,ERR,ERR,ERR,ERR,ERR,ERR,ERR,ERR,ERR,ERR,ERR,ERR,ERR,50.0,60.0,100,0.0,0.0,0.0,0.0,0.0,0.0,0.0,0.0,0.0,0.0,0.0,0.0,0.0,0.0,0.0,0.0,62.0,74,13,65511,50,65476,0,300,0,0,8,20529,65476,0,0,26214,60.0,0.0,0.0,0.0,0.0,0.0
2026-05-17T18:10:59,ERR,ERR,ERR,ERR,ERR,ERR,ERR,ERR,ERR,ERR,ERR,ERR,ERR,ERR,ERR,ERR,ERR,ERR,ERR,ERR,ERR,ERR,ERR,ERR,ERR,ERR,ERR,ERR,ERR,ERR,ERR,ERR,ERR,ERR,ERR,ERR,ERR,ERR,ERR,ERR,ERR,ERR,ERR,ERR,ERR,ERR,ERR,ERR,ERR,ERR,ERR,ERR,ERR,ERR,ERR,ERR,ERR,ERR,ERR,ERR,ERR,ERR,ERR,ERR,ERR,ERR,ERR,ERR,ERR,ERR,ERR,ERR,ERR,ERR,ERR,ERR,ERR,ERR,ERR,ERR,ERR,ERR,ERR,ERR,ERR,ERR,ERR,ERR,ERR,ERR,ERR,ERR,ERR,ERR,ERR,ERR,ERR,ERR,ERR,ERR,ERR,ERR,ERR,ERR,ERR,ERR,ERR,ERR,ERR,ERR,ERR,ERR,ERR,ERR,ERR,ERR,ERR,ERR,ERR,ERR,ERR,ERR,ERR,ERR,ERR,0.0,-107615296.0,-134474944.0,0.0,0.0,1.3936040501711995e+18,7.805,0.0,0,0,4,0,8422,0.0,45,0.0,0.0,0.0,0.0,0.0,0,0,0,0,0.0,0,0,0,0,0,0,0,0,0,0,0,0,0,0,0,0,0,0,0,0,0,0,0,0,0,0,0,0,0,0,0,0,0,38,14,7,45,65476,0,300,0,0,8,21553,0.0,-107605600.0,0.0,0.0,0.0,0.0,0.0,0.0,0.0,0.0,0.0,0.0,0.0,0.0,0.0,0.0,0.0,0.0,0.0,0.0,0.0,0.0,-2.004,0.0,-0.0,0.0,0.0,0.0,0.0,0.0,4992.0,-1.040665380856972e+34,0.0,-107615288.0,-107615296.0,-107615280.0,2.718429300292151e+23,0.0,0.0,0.0,0.0,53,-0.0,-3.222002767243768e+26,0.0,0.0,0.0,0.0,0.0,0.0,0.0,0,0,0,0.0,0.0,0.0,0.0,0.0,0.0,0.0,0.0,0.0,0.0,0.0,0.0,0.0,0.0,0.0,0.0,0,-107875648.0,53,0.0,106,-107614832.0,0.0,ERR,ERR,ERR,ERR,ERR,ERR,ERR,ERR,ERR,ERR,ERR,ERR,ERR,ERR,ERR,ERR,ERR,ERR,ERR,ERR,ERR,ERR,ERR,ERR,ERR,ERR,ERR,ERR,ERR,ERR,ERR,ERR,ERR,ERR,ERR,ERR,ERR,ERR,ERR,ERR,ERR,ERR,ERR,ERR,ERR,ERR,ERR,ERR,ERR,ERR,ERR,ERR,ERR,ERR,ERR,ERR,ERR,ERR,ERR,ERR,ERR,ERR,ERR,ERR,ERR,ERR,ERR,50.0,60.0,100,0.0,0.0,0.0,0.0,0.0,0.0,0.0,0.0,0.0,0.0,0.0,0.0,0.0,0.0,0.0,0.0,61.6,74,13,65511,50,65476,0,300,0,0,8,20529,65476,0,0,26214,60.0,0.0,0.0,0.0,0.0,0.0
2026-05-17T18:11:00,ERR,ERR,ERR,ERR,ERR,ERR,ERR,ERR,ERR,ERR,ERR,ERR,ERR,ERR,ERR,ERR,ERR,ERR,ERR,ERR,ERR,ERR,ERR,ERR,ERR,ERR,ERR,ERR,ERR,ERR,ERR,ERR,ERR,ERR,ERR,ERR,ERR,ERR,ERR,ERR,ERR,ERR,ERR,ERR,ERR,ERR,ERR,ERR,ERR,ERR,ERR,ERR,ERR,ERR,ERR,ERR,ERR,ERR,ERR,ERR,ERR,ERR,ERR,ERR,ERR,ERR,ERR,ERR,ERR,ERR,ERR,ERR,ERR,ERR,ERR,ERR,ERR,ERR,ERR,ERR,ERR,ERR,ERR,ERR,ERR,ERR,ERR,ERR,ERR,ERR,ERR,ERR,ERR,ERR,ERR,ERR,ERR,ERR,ERR,ERR,ERR,ERR,ERR,ERR,ERR,ERR,ERR,ERR,ERR,ERR,ERR,ERR,ERR,ERR,ERR,ERR,ERR,ERR,ERR,ERR,ERR,ERR,ERR,ERR,ERR,-107615288.0,-107615296.0,0.0,0.0,0.0,1.3936040501711995e+18,7.805,0.0,0,0,4,0,8422,0.0,45,0.0,0.0,0.0,0.0,0.0,0,0,0,0,0.0,0,0,0,0,0,0,0,0,0,0,0,0,0,0,0,0,0,0,0,0,0,0,0,0,0,0,0,0,0,0,0,0,0,38,14,7,45,65476,0,300,0,0,8,21553,0.0,-107605600.0,0.0,0.0,0.0,0.0,0.0,0.0,0.0,0.0,0.0,0.0,0.0,0.0,0.0,0.0,0.0,0.0,0.0,0.0,0.0,0.0,0.0,0.0,-0.0,-2.004,0.0,0.0,0.0,0.0,5046.0,1.040665504650976e+34,0.0,-107615288.0,-107615296.0,-0.0,2.718429300292151e+23,0.0,0.0,0.0,0.0,53,5.848083413016271e+35,-0.0,0.0,0.0,0.0,0.0,0.0,0.0,0.0,0,0,0,0.0,0.0,0.0,0.0,0.0,0.0,0.0,0.0,0.0,0.0,0.0,0.0,0.0,0.0,0.0,0.0,0,-107875648.0,53,0.0,106,-107614832.0,0.0,ERR,ERR,ERR,ERR,ERR,ERR,ERR,ERR,ERR,ERR,ERR,ERR,ERR,ERR,ERR,ERR,ERR,ERR,ERR,ERR,ERR,ERR,ERR,ERR,ERR,ERR,ERR,ERR,ERR,ERR,ERR,ERR,ERR,ERR,ERR,ERR,ERR,ERR,ERR,ERR,ERR,ERR,ERR,ERR,ERR,ERR,ERR,ERR,ERR,ERR,ERR,ERR,ERR,ERR,ERR,ERR,ERR,ERR,ERR,ERR,ERR,ERR,ERR,ERR,ERR,ERR,ERR,50.0,60.0,100,0.0,0.0,0.0,0.0,0.0,0.0,0.0,0.0,0.0,0.0,0.0,0.0,0.0,0.0,0.0,0.0,61.6,74,13,65511,50,65476,0,300,0,0,8,20529,65476,0,0,26214,60.0,0.0,0.0,0.0,0.0,0.0
2026-05-17T18:11:01,ERR,ERR,ERR,ERR,ERR,ERR,ERR,ERR,ERR,ERR,ERR,ERR,ERR,ERR,ERR,ERR,ERR,ERR,ERR,ERR,ERR,ERR,ERR,ERR,ERR,ERR,ERR,ERR,ERR,ERR,ERR,ERR,ERR,ERR,ERR,ERR,ERR,ERR,ERR,ERR,ERR,ERR,ERR,ERR,ERR,ERR,ERR,ERR,ERR,ERR,ERR,ERR,ERR,ERR,ERR,ERR,ERR,ERR,ERR,ERR,ERR,ERR,ERR,ERR,ERR,ERR,ERR,ERR,ERR,ERR,ERR,ERR,ERR,ERR,ERR,ERR,ERR,ERR,ERR,ERR,ERR,ERR,ERR,ERR,ERR,ERR,ERR,ERR,ERR,ERR,ERR,ERR,ERR,ERR,ERR,ERR,ERR,ERR,ERR,ERR,ERR,ERR,ERR,ERR,ERR,ERR,ERR,ERR,ERR,ERR,ERR,ERR,ERR,ERR,ERR,ERR,ERR,ERR,ERR,ERR,ERR,ERR,ERR,ERR,ERR,-107615288.0,-107615296.0,0.0,0.0,0.0,1.3936040501711995e+18,7.805,0.0,0,0,4,0,8422,0.0,45,0.0,0.0,0.0,0.0,0.0,0,0,0,0,0.0,0,0,0,0,0,0,0,0,0,0,0,0,0,0,0,0,0,0,0,0,0,0,0,0,0,0,0,0,0,0,0,0,0,38,14,7,45,65476,0,300,0,0,8,21553,0.0,-107605600.0,0.0,0.0,0.0,0.0,0.0,0.0,0.0,0.0,0.0,0.0,0.0,0.0,0.0,0.0,0.0,0.0,0.0,0.0,0.0,0.0,0.0,0.0,-0.0,-2.004,0.0,0.0,0.0,0.0,5046.0,1.040665504650976e+34,0.0,-107615288.0,-107615296.0,-0.0,2.718429300292151e+23,0.0,0.0,0.0,0.0,53,5.848083413016271e+35,-0.0,0.0,0.0,0.0,0.0,0.0,0.0,0.0,0,0,0,0.0,0.0,0.0,0.0,0.0,0.0,0.0,0.0,0.0,0.0,0.0,0.0,0.0,0.0,0.0,0.0,0,-107875648.0,53,0.0,106,-107614832.0,0.0,ERR,ERR,ERR,ERR,ERR,ERR,ERR,ERR,ERR,ERR,ERR,ERR,ERR,ERR,ERR,ERR,ERR,ERR,ERR,ERR,ERR,ERR,ERR,ERR,ERR,ERR,ERR,ERR,ERR,ERR,ERR,ERR,ERR,ERR,ERR,ERR,ERR,ERR,ERR,ERR,ERR,ERR,ERR,ERR,ERR,ERR,ERR,ERR,ERR,ERR,ERR,ERR,ERR,ERR,ERR,ERR,ERR,ERR,ERR,ERR,ERR,ERR,ERR,ERR,ERR,ERR,ERR,50.0,60.0,100,0.0,0.0,0.0,0.0,0.0,0.0,0.0,0.0,0.0,0.0,0.0,0.0,0.0,0.0,0.0,0.0,61.6,74,13,65511,50,65476,0,300,0,0,8,20529,65476,0,0,26214,60.0,0.0,0.0,0.0,0.0,0.0
2026-05-17T18:11:02,ERR,ERR,ERR,ERR,ERR,ERR,ERR,ERR,ERR,ERR,ERR,ERR,ERR,ERR,ERR,ERR,ERR,ERR,ERR,ERR,ERR,ERR,ERR,ERR,ERR,ERR,ERR,ERR,ERR,ERR,ERR,ERR,ERR,ERR,ERR,ERR,ERR,ERR,ERR,ERR,ERR,ERR,ERR,ERR,ERR,ERR,ERR,ERR,ERR,ERR,ERR,ERR,ERR,ERR,ERR,ERR,ERR,ERR,ERR,ERR,ERR,ERR,ERR,ERR,ERR,ERR,ERR,ERR,ERR,ERR,ERR,ERR,ERR,ERR,ERR,ERR,ERR,ERR,ERR,ERR,ERR,ERR,ERR,ERR,ERR,ERR,ERR,ERR,ERR,ERR,ERR,ERR,ERR,ERR,ERR,ERR,ERR,ERR,ERR,ERR,ERR,ERR,ERR,ERR,ERR,ERR,ERR,ERR,ERR,ERR,ERR,ERR,ERR,ERR,ERR,ERR,ERR,ERR,ERR,ERR,ERR,ERR,ERR,ERR,ERR,-107615288.0,-107615296.0,0.0,0.0,0.0,1.3936040501711995e+18,7.805,0.0,0,0,4,0,8422,0.0,45,0.0,0.0,0.0,0.0,0.0,0,0,0,0,0.0,0,0,0,0,0,0,0,0,0,0,0,0,0,0,0,0,0,0,0,0,0,0,0,0,0,0,0,0,0,0,0,0,0,38,14,7,45,65476,0,300,0,0,8,21553,0.0,-107605600.0,0.0,0.0,0.0,0.0,0.0,0.0,0.0,0.0,0.0,0.0,0.0,0.0,0.0,0.0,0.0,0.0,0.0,0.0,0.0,0.0,0.0,0.0,-0.0,-2.004,0.0,0.0,0.0,0.0,5046.0,1.040665504650976e+34,0.0,-107615288.0,-107615296.0,-0.0,2.718429300292151e+23,0.0,0.0,0.0,0.0,53,5.848083413016271e+35,-0.0,0.0,0.0,0.0,0.0,0.0,0.0,0.0,0,0,0,0.0,0.0,0.0,0.0,0.0,0.0,0.0,0.0,0.0,0.0,0.0,0.0,0.0,0.0,0.0,0.0,0,-107875648.0,53,0.0,106,-107614832.0,0.0,ERR,ERR,ERR,ERR,ERR,ERR,ERR,ERR,ERR,ERR,ERR,ERR,ERR,ERR,ERR,ERR,ERR,ERR,ERR,ERR,ERR,ERR,ERR,ERR,ERR,ERR,ERR,ERR,ERR,ERR,ERR,ERR,ERR,ERR,ERR,ERR,ERR,ERR,ERR,ERR,ERR,ERR,ERR,ERR,ERR,ERR,ERR,ERR,ERR,ERR,ERR,ERR,ERR,ERR,ERR,ERR,ERR,ERR,ERR,ERR,ERR,ERR,ERR,ERR,ERR,ERR,ERR,50.0,60.0,100,0.0,0.0,0.0,0.0,0.0,0.0,0.0,0.0,0.0,0.0,0.0,0.0,0.0,0.0,0.0,0.0,61.6,74,13,65511,50,65476,0,300,0,0,8,20529,65476,0,0,26214,60.0,0.0,0.0,0.0,0.0,0.0
2026-05-17T18:11:03,ERR,ERR,ERR,ERR,ERR,ERR,ERR,ERR,ERR,ERR,ERR,ERR,ERR,ERR,ERR,ERR,ERR,ERR,ERR,ERR,ERR,ERR,ERR,ERR,ERR,ERR,ERR,ERR,ERR,ERR,ERR,ERR,ERR,ERR,ERR,ERR,ERR,ERR,ERR,ERR,ERR,ERR,ERR,ERR,ERR,ERR,ERR,ERR,ERR,ERR,ERR,ERR,ERR,ERR,ERR,ERR,ERR,ERR,ERR,ERR,ERR,ERR,ERR,ERR,ERR,ERR,ERR,ERR,ERR,ERR,ERR,ERR,ERR,ERR,ERR,ERR,ERR,ERR,ERR,ERR,ERR,ERR,ERR,ERR,ERR,ERR,ERR,ERR,ERR,ERR,ERR,ERR,ERR,ERR,ERR,ERR,ERR,ERR,ERR,ERR,ERR,ERR,ERR,ERR,ERR,ERR,ERR,ERR,ERR,ERR,ERR,ERR,ERR,ERR,ERR,ERR,ERR,ERR,ERR,ERR,ERR,ERR,ERR,ERR,ERR,-107615288.0,-107615296.0,0.0,0.0,0.0,1.3936040501711995e+18,7.805,0.0,0,0,4,0,8422,0.0,45,0.0,0.0,0.0,0.0,0.0,0,0,0,0,0.0,0,0,0,0,0,0,0,0,0,0,0,0,0,0,0,0,0,0,0,0,0,0,0,0,0,0,0,0,0,0,0,0,0,38,14,7,45,65476,0,300,0,0,8,21553,0.0,-107605600.0,0.0,0.0,0.0,0.0,0.0,0.0,0.0,0.0,0.0,0.0,0.0,0.0,0.0,0.0,0.0,0.0,0.0,0.0,0.0,0.0,0.0,0.0,-0.0,-2.004,0.0,0.0,0.0,0.0,5046.0,1.040665504650976e+34,0.0,-107615288.0,-107615296.0,-0.0,2.718429300292151e+23,0.0,0.0,0.0,0.0,53,5.848083413016271e+35,-0.0,0.0,0.0,0.0,0.0,0.0,0.0,0.0,0,0,0,0.0,0.0,0.0,0.0,0.0,0.0,0.0,0.0,0.0,0.0,0.0,0.0,0.0,0.0,0.0,0.0,0,-107875648.0,53,0.0,106,-107614832.0,0.0,ERR,ERR,ERR,ERR,ERR,ERR,ERR,ERR,ERR,ERR,ERR,ERR,ERR,ERR,ERR,ERR,ERR,ERR,ERR,ERR,ERR,ERR,ERR,ERR,ERR,ERR,ERR,ERR,ERR,ERR,ERR,ERR,ERR,ERR,ERR,ERR,ERR,ERR,ERR,ERR,ERR,ERR,ERR,ERR,ERR,ERR,ERR,ERR,ERR,ERR,ERR,ERR,ERR,ERR,ERR,ERR,ERR,ERR,ERR,ERR,ERR,ERR,ERR,ERR,ERR,ERR,ERR,50.0,60.0,100,0.0,0.0,0.0,0.0,0.0,0.0,0.0,0.0,0.0,0.0,0.0,0.0,0.0,0.0,0.0,0.0,61.6,74,13,65511,50,65476,0,300,0,0,8,20529,65476,0,0,26214,60.0,0.0,0.0,0.0,0.0,0.0
2026-05-17T18:11:04,ERR,ERR,ERR,ERR,ERR,ERR,ERR,ERR,ERR,ERR,ERR,ERR,ERR,ERR,ERR,ERR,ERR,ERR,ERR,ERR,ERR,ERR,ERR,ERR,ERR,ERR,ERR,ERR,ERR,ERR,ERR,ERR,ERR,ERR,ERR,ERR,ERR,ERR,ERR,ERR,ERR,ERR,ERR,ERR,ERR,ERR,ERR,ERR,ERR,ERR,ERR,ERR,ERR,ERR,ERR,ERR,ERR,ERR,ERR,ERR,ERR,ERR,ERR,ERR,ERR,ERR,ERR,ERR,ERR,ERR,ERR,ERR,ERR,ERR,ERR,ERR,ERR,ERR,ERR,ERR,ERR,ERR,ERR,ERR,ERR,ERR,ERR,ERR,ERR,ERR,ERR,ERR,ERR,ERR,ERR,ERR,ERR,ERR,ERR,ERR,ERR,ERR,ERR,ERR,ERR,ERR,ERR,ERR,ERR,ERR,ERR,ERR,ERR,ERR,ERR,ERR,ERR,ERR,ERR,ERR,ERR,ERR,ERR,ERR,ERR,-107615288.0,-107615296.0,0.0,0.0,0.0,1.3936040501711995e+18,7.805,0.0,0,0,4,0,8422,0.0,45,0.0,0.0,0.0,0.0,0.0,0,0,0,0,0.0,0,0,0,0,0,0,0,0,0,0,0,0,0,0,0,0,0,0,0,0,0,0,0,0,0,0,0,0,0,0,0,0,0,38,14,7,45,65476,0,300,0,0,8,21553,0.0,-107605600.0,0.0,0.0,0.0,0.0,0.0,0.0,0.0,0.0,0.0,0.0,0.0,0.0,0.0,0.0,0.0,0.0,0.0,0.0,0.0,0.0,0.0,0.0,-0.0,-2.004,0.0,0.0,0.0,0.0,5046.0,1.040665504650976e+34,0.0,-107615288.0,-107615296.0,-0.0,2.718429300292151e+23,0.0,0.0,0.0,0.0,53,5.848083413016271e+35,-0.0,0.0,0.0,0.0,0.0,0.0,0.0,0.0,0,0,0,0.0,0.0,0.0,0.0,0.0,0.0,0.0,0.0,0.0,0.0,0.0,0.0,0.0,0.0,0.0,0.0,0,-107875648.0,53,0.0,106,-107614832.0,0.0,ERR,ERR,ERR,ERR,ERR,ERR,ERR,ERR,ERR,ERR,ERR,ERR,ERR,ERR,ERR,ERR,ERR,ERR,ERR,ERR,ERR,ERR,ERR,ERR,ERR,ERR,ERR,ERR,ERR,ERR,ERR,ERR,ERR,ERR,ERR,ERR,ERR,ERR,ERR,ERR,ERR,ERR,ERR,ERR,ERR,ERR,ERR,ERR,ERR,ERR,ERR,ERR,ERR,ERR,ERR,ERR,ERR,ERR,ERR,ERR,ERR,ERR,ERR,ERR,ERR,ERR,ERR,50.0,60.0,100,0.0,0.0,0.0,0.0,0.0,0.0,0.0,0.0,0.0,0.0,0.0,0.0,0.0,0.0,0.0,0.0,61.6,74,13,65511,50,65476,0,300,0,0,8,20529,65476,0,0,26214,60.0,0.0,0.0,0.0,0.0,0.0
2026-05-17T18:11:05,ERR,ERR,ERR,ERR,ERR,ERR,ERR,ERR,ERR,ERR,ERR,ERR,ERR,ERR,ERR,ERR,ERR,ERR,ERR,ERR,ERR,ERR,ERR,ERR,ERR,ERR,ERR,ERR,ERR,ERR,ERR,ERR,ERR,ERR,ERR,ERR,ERR,ERR,ERR,ERR,ERR,ERR,ERR,ERR,ERR,ERR,ERR,ERR,ERR,ERR,ERR,ERR,ERR,ERR,ERR,ERR,ERR,ERR,ERR,ERR,ERR,ERR,ERR,ERR,ERR,ERR,ERR,ERR,ERR,ERR,ERR,ERR,ERR,ERR,ERR,ERR,ERR,ERR,ERR,ERR,ERR,ERR,ERR,ERR,ERR,ERR,ERR,ERR,ERR,ERR,ERR,ERR,ERR,ERR,ERR,ERR,ERR,ERR,ERR,ERR,ERR,ERR,ERR,ERR,ERR,ERR,ERR,ERR,ERR,ERR,ERR,ERR,ERR,ERR,ERR,ERR,ERR,ERR,ERR,ERR,ERR,ERR,ERR,ERR,ERR,-107615288.0,-107615296.0,0.0,0.0,0.0,1.3936040501711995e+18,7.805,0.0,0,0,4,0,8422,0.0,45,0.0,0.0,0.0,0.0,0.0,0,0,0,0,0.0,0,0,0,0,0,0,0,0,0,0,0,0,0,0,0,0,0,0,0,0,0,0,0,0,0,0,0,0,0,0,0,0,0,38,14,7,45,65476,0,300,0,0,8,21553,0.0,-107605600.0,0.0,0.0,0.0,0.0,0.0,0.0,0.0,0.0,0.0,0.0,0.0,0.0,0.0,0.0,0.0,0.0,0.0,0.0,0.0,0.0,0.0,0.0,-0.0,0.0,0.0,0.0,0.0,0.0,5049.0,-564145900486656.0,0.0,-107615288.0,-107615296.0,-107615280.0,2.718429300292151e+23,0.0,0.0,0.0,0.0,53,-0.0,0.0,0.0,0.0,0.0,0.0,0.0,0.0,0.0,0,0,0,0.0,0.0,0.0,0.0,0.0,0.0,0.0,0.0,0.0,0.0,0.0,0.0,0.0,0.0,0.0,0.0,0,-107875648.0,53,0.0,106,-107614832.0,0.0,ERR,ERR,ERR,ERR,ERR,ERR,ERR,ERR,ERR,ERR,ERR,ERR,ERR,ERR,ERR,ERR,ERR,ERR,ERR,ERR,ERR,ERR,ERR,ERR,ERR,ERR,ERR,ERR,ERR,ERR,ERR,ERR,ERR,ERR,ERR,ERR,ERR,ERR,ERR,ERR,ERR,ERR,ERR,ERR,ERR,ERR,ERR,ERR,ERR,ERR,ERR,ERR,ERR,ERR,ERR,ERR,ERR,ERR,ERR,ERR,ERR,ERR,ERR,ERR,ERR,ERR,ERR,50.0,60.0,100,0.0,0.0,0.0,0.0,0.0,0.0,0.0,0.0,0.0,0.0,0.0,0.0,0.0,0.0,0.0,0.0,61.6,74,13,65511,50,65476,0,300,0,0,8,20529,65476,0,0,26214,60.0,0.0,0.0,0.0,0.0,0.0
2026-05-17T18:11:06,ERR,ERR,ERR,ERR,ERR,ERR,ERR,ERR,ERR,ERR,ERR,ERR,ERR,ERR,ERR,ERR,ERR,ERR,ERR,ERR,ERR,ERR,ERR,ERR,ERR,ERR,ERR,ERR,ERR,ERR,ERR,ERR,ERR,ERR,ERR,ERR,ERR,ERR,ERR,ERR,ERR,ERR,ERR,ERR,ERR,ERR,ERR,ERR,ERR,ERR,ERR,ERR,ERR,ERR,ERR,ERR,ERR,ERR,ERR,ERR,ERR,ERR,ERR,ERR,ERR,ERR,ERR,ERR,ERR,ERR,ERR,ERR,ERR,ERR,ERR,ERR,ERR,ERR,ERR,ERR,ERR,ERR,ERR,ERR,ERR,ERR,ERR,ERR,ERR,ERR,ERR,ERR,ERR,ERR,ERR,ERR,ERR,ERR,ERR,ERR,ERR,ERR,ERR,ERR,ERR,ERR,ERR,ERR,ERR,ERR,ERR,ERR,ERR,ERR,ERR,ERR,ERR,ERR,ERR,ERR,ERR,ERR,ERR,ERR,ERR,-107615288.0,-107615296.0,0.0,0.0,0.0,1.3936040501711995e+18,7.805,0.0,0,0,4,0,8422,0.0,45,0.0,0.0,0.0,0.0,0.0,0,0,0,0,0.0,0,0,0,0,0,0,0,0,0,0,0,0,0,0,0,0,0,0,0,0,0,0,0,0,0,0,0,0,0,0,0,0,0,38,14,7,45,65476,0,300,0,0,8,21553,0.0,-107605600.0,0.0,0.0,0.0,0.0,0.0,0.0,0.0,0.0,0.0,0.0,0.0,0.0,0.0,0.0,0.0,0.0,0.0,0.0,0.0,0.0,0.0,0.0,-0.0,0.0,0.0,0.0,0.0,0.0,5049.0,-564145900486656.0,0.0,-107615288.0,-107615296.0,-107615280.0,2.718429300292151e+23,0.0,0.0,0.0,0.0,53,-0.0,0.0,0.0,0.0,0.0,0.0,0.0,0.0,0.0,0,0,0,0.0,0.0,0.0,0.0,0.0,0.0,0.0,0.0,0.0,0.0,0.0,0.0,0.0,0.0,0.0,0.0,0,-107875648.0,53,0.0,106,-107614832.0,0.0,ERR,ERR,ERR,ERR,ERR,ERR,ERR,ERR,ERR,ERR,ERR,ERR,ERR,ERR,ERR,ERR,ERR,ERR,ERR,ERR,ERR,ERR,ERR,ERR,ERR,ERR,ERR,ERR,ERR,ERR,ERR,ERR,ERR,ERR,ERR,ERR,ERR,ERR,ERR,ERR,ERR,ERR,ERR,ERR,ERR,ERR,ERR,ERR,ERR,ERR,ERR,ERR,ERR,ERR,ERR,ERR,ERR,ERR,ERR,ERR,ERR,ERR,ERR,ERR,ERR,ERR,ERR,50.0,60.0,100,0.0,0.0,0.0,0.0,0.0,0.0,0.0,0.0,0.0,0.0,0.0,0.0,0.0,0.0,0.0,0.0,61.6,74,13,65511,50,65476,0,300,0,0,8,20529,65476,0,0,26214,60.0,0.0,0.0,0.0,0.0,0.0
2026-05-17T18:11:07,ERR,ERR,ERR,ERR,ERR,ERR,ERR,ERR,ERR,ERR,ERR,ERR,ERR,ERR,ERR,ERR,ERR,ERR,ERR,ERR,ERR,ERR,ERR,ERR,ERR,ERR,ERR,ERR,ERR,ERR,ERR,ERR,ERR,ERR,ERR,ERR,ERR,ERR,ERR,ERR,ERR,ERR,ERR,ERR,ERR,ERR,ERR,ERR,ERR,ERR,ERR,ERR,ERR,ERR,ERR,ERR,ERR,ERR,ERR,ERR,ERR,ERR,ERR,ERR,ERR,ERR,ERR,ERR,ERR,ERR,ERR,ERR,ERR,ERR,ERR,ERR,ERR,ERR,ERR,ERR,ERR,ERR,ERR,ERR,ERR,ERR,ERR,ERR,ERR,ERR,ERR,ERR,ERR,ERR,ERR,ERR,ERR,ERR,ERR,ERR,ERR,ERR,ERR,ERR,ERR,ERR,ERR,ERR,ERR,ERR,ERR,ERR,ERR,ERR,ERR,ERR,ERR,ERR,ERR,ERR,ERR,ERR,ERR,ERR,ERR,-107615288.0,-107615296.0,0.0,0.0,0.0,1.3936040501711995e+18,7.805,0.0,0,0,4,0,8422,0.0,45,0.0,0.0,0.0,0.0,0.0,0,0,0,0,0.0,0,0,0,0,0,0,0,0,0,0,0,0,0,0,0,0,0,0,0,0,0,0,0,0,0,0,0,0,0,0,0,0,0,38,14,7,45,65476,0,300,0,0,8,21553,0.0,-107605600.0,0.0,0.0,0.0,0.0,0.0,0.0,0.0,0.0,0.0,0.0,0.0,0.0,0.0,0.0,0.0,0.0,0.0,0.0,0.0,0.0,0.0,0.0,-0.0,0.0,0.0,0.0,0.0,0.0,5049.0,-564145900486656.0,0.0,-107615288.0,-107615296.0,-107615280.0,2.718429300292151e+23,0.0,0.0,0.0,0.0,53,-0.0,0.0,0.0,0.0,0.0,0.0,0.0,0.0,0.0,0,0,0,0.0,0.0,0.0,0.0,0.0,0.0,0.0,0.0,0.0,0.0,0.0,0.0,0.0,0.0,0.0,0.0,0,-107875648.0,53,0.0,106,-107614832.0,0.0,ERR,ERR,ERR,ERR,ERR,ERR,ERR,ERR,ERR,ERR,ERR,ERR,ERR,ERR,ERR,ERR,ERR,ERR,ERR,ERR,ERR,ERR,ERR,ERR,ERR,ERR,ERR,ERR,ERR,ERR,ERR,ERR,ERR,ERR,ERR,ERR,ERR,ERR,ERR,ERR,ERR,ERR,ERR,ERR,ERR,ERR,ERR,ERR,ERR,ERR,ERR,ERR,ERR,ERR,ERR,ERR,ERR,ERR,ERR,ERR,ERR,ERR,ERR,ERR,ERR,ERR,ERR,50.0,60.0,100,0.0,0.0,0.0,0.0,0.0,0.0,0.0,0.0,0.0,0.0,0.0,0.0,0.0,0.0,0.0,0.0,61.6,74,13,65511,50,65476,0,300,0,0,8,20529,65476,0,0,26214,60.0,0.0,0.0,0.0,0.0,0.0
2026-05-17T18:11:08,ERR,ERR,ERR,ERR,ERR,ERR,ERR,ERR,ERR,ERR,ERR,ERR,ERR,ERR,ERR,ERR,ERR,ERR,ERR,ERR,ERR,ERR,ERR,ERR,ERR,ERR,ERR,ERR,ERR,ERR,ERR,ERR,ERR,ERR,ERR,ERR,ERR,ERR,ERR,ERR,ERR,ERR,ERR,ERR,ERR,ERR,ERR,ERR,ERR,ERR,ERR,ERR,ERR,ERR,ERR,ERR,ERR,ERR,ERR,ERR,ERR,ERR,ERR,ERR,ERR,ERR,ERR,ERR,ERR,ERR,ERR,ERR,ERR,ERR,ERR,ERR,ERR,ERR,ERR,ERR,ERR,ERR,ERR,ERR,ERR,ERR,ERR,ERR,ERR,ERR,ERR,ERR,ERR,ERR,ERR,ERR,ERR,ERR,ERR,ERR,ERR,ERR,ERR,ERR,ERR,ERR,ERR,ERR,ERR,ERR,ERR,ERR,ERR,ERR,ERR,ERR,ERR,ERR,ERR,ERR,ERR,ERR,ERR,ERR,ERR,-107615288.0,-107615296.0,0.0,0.0,0.0,1.3936040501711995e+18,7.805,0.0,0,0,4,0,8422,0.0,45,0.0,0.0,0.0,0.0,0.0,0,0,0,0,0.0,0,0,0,0,0,0,0,0,0,0,0,0,0,0,0,0,0,0,0,0,0,0,0,0,0,0,0,0,0,0,0,0,0,38,14,7,45,65476,0,300,0,0,8,21553,0.0,-107605600.0,0.0,0.0,0.0,0.0,0.0,0.0,0.0,0.0,0.0,0.0,0.0,0.0,0.0,0.0,0.0,0.0,0.0,0.0,0.0,0.0,0.0,0.0,-0.0,0.0,0.0,0.0,0.0,0.0,5049.0,-564145900486656.0,0.0,-107615288.0,-107615296.0,-107615280.0,2.718429300292151e+23,0.0,0.0,0.0,0.0,53,-0.0,0.0,0.0,0.0,0.0,0.0,0.0,0.0,0.0,0,0,0,0.0,0.0,0.0,0.0,0.0,0.0,0.0,0.0,0.0,0.0,0.0,0.0,0.0,0.0,0.0,0.0,0,-107875648.0,53,0.0,106,-107614832.0,0.0,ERR,ERR,ERR,ERR,ERR,ERR,ERR,ERR,ERR,ERR,ERR,ERR,ERR,ERR,ERR,ERR,ERR,ERR,ERR,ERR,ERR,ERR,ERR,ERR,ERR,ERR,ERR,ERR,ERR,ERR,ERR,ERR,ERR,ERR,ERR,ERR,ERR,ERR,ERR,ERR,ERR,ERR,ERR,ERR,ERR,ERR,ERR,ERR,ERR,ERR,ERR,ERR,ERR,ERR,ERR,ERR,ERR,ERR,ERR,ERR,ERR,ERR,ERR,ERR,ERR,ERR,ERR,50.0,60.0,100,0.0,0.0,0.0,0.0,0.0,0.0,0.0,0.0,0.0,0.0,0.0,0.0,0.0,0.0,0.0,0.0,61.6,74,13,65511,50,65476,0,300,0,0,8,20529,65476,0,0,26214,60.0,0.0,0.0,0.0,0.0,0.0
2026-05-17T18:11:09,ERR,ERR,ERR,ERR,ERR,ERR,ERR,ERR,ERR,ERR,ERR,ERR,ERR,ERR,ERR,ERR,ERR,ERR,ERR,ERR,ERR,ERR,ERR,ERR,ERR,ERR,ERR,ERR,ERR,ERR,ERR,ERR,ERR,ERR,ERR,ERR,ERR,ERR,ERR,ERR,ERR,ERR,ERR,ERR,ERR,ERR,ERR,ERR,ERR,ERR,ERR,ERR,ERR,ERR,ERR,ERR,ERR,ERR,ERR,ERR,ERR,ERR,ERR,ERR,ERR,ERR,ERR,ERR,ERR,ERR,ERR,ERR,ERR,ERR,ERR,ERR,ERR,ERR,ERR,ERR,ERR,ERR,ERR,ERR,ERR,ERR,ERR,ERR,ERR,ERR,ERR,ERR,ERR,ERR,ERR,ERR,ERR,ERR,ERR,ERR,ERR,ERR,ERR,ERR,ERR,ERR,ERR,ERR,ERR,ERR,ERR,ERR,ERR,ERR,ERR,ERR,ERR,ERR,ERR,ERR,ERR,ERR,ERR,ERR,ERR,-107615288.0,-107615296.0,0.0,0.0,0.0,1.3936040501711995e+18,7.805,0.0,0,0,4,0,8422,0.0,45,0.0,0.0,0.0,0.0,0.0,0,0,0,0,0.0,0,0,0,0,0,0,0,0,0,0,0,0,0,0,0,0,0,0,0,0,0,0,0,0,0,0,0,0,0,0,0,0,0,38,14,7,45,65476,0,300,0,0,8,21553,0.0,-107605600.0,0.0,0.0,0.0,0.0,0.0,0.0,0.0,0.0,0.0,0.0,0.0,0.0,0.0,0.0,0.0,0.0,0.0,0.0,0.0,0.0,0.0,0.0,-0.0,0.0,0.0,0.0,0.0,0.0,5049.0,-564145900486656.0,0.0,-107615288.0,-107615296.0,-107615280.0,2.718429300292151e+23,0.0,0.0,0.0,0.0,53,-0.0,0.0,0.0,0.0,0.0,0.0,0.0,0.0,0.0,0,0,0,0.0,0.0,0.0,0.0,0.0,0.0,0.0,0.0,0.0,0.0,0.0,0.0,0.0,0.0,0.0,0.0,0,-107875648.0,53,0.0,106,-107614832.0,0.0,ERR,ERR,ERR,ERR,ERR,ERR,ERR,ERR,ERR,ERR,ERR,ERR,ERR,ERR,ERR,ERR,ERR,ERR,ERR,ERR,ERR,ERR,ERR,ERR,ERR,ERR,ERR,ERR,ERR,ERR,ERR,ERR,ERR,ERR,ERR,ERR,ERR,ERR,ERR,ERR,ERR,ERR,ERR,ERR,ERR,ERR,ERR,ERR,ERR,ERR,ERR,ERR,ERR,ERR,ERR,ERR,ERR,ERR,ERR,ERR,ERR,ERR,ERR,ERR,ERR,ERR,ERR,50.0,60.0,100,0.0,0.0,0.0,0.0,0.0,0.0,0.0,0.0,0.0,0.0,0.0,0.0,0.0,0.0,0.0,0.0,61.6,74,13,65511,50,65476,0,300,0,0,8,20529,65476,0,0,26214,60.0,0.0,0.0,0.0,0.0,0.0
2026-05-17T18:11:10,ERR,ERR,ERR,ERR,ERR,ERR,ERR,ERR,ERR,ERR,ERR,ERR,ERR,ERR,ERR,ERR,ERR,ERR,ERR,ERR,ERR,ERR,ERR,ERR,ERR,ERR,ERR,ERR,ERR,ERR,ERR,ERR,ERR,ERR,ERR,ERR,ERR,ERR,ERR,ERR,ERR,ERR,ERR,ERR,ERR,ERR,ERR,ERR,ERR,ERR,ERR,ERR,ERR,ERR,ERR,ERR,ERR,ERR,ERR,ERR,ERR,ERR,ERR,ERR,ERR,ERR,ERR,ERR,ERR,ERR,ERR,ERR,ERR,ERR,ERR,ERR,ERR,ERR,ERR,ERR,ERR,ERR,ERR,ERR,ERR,ERR,ERR,ERR,ERR,ERR,ERR,ERR,ERR,ERR,ERR,ERR,ERR,ERR,ERR,ERR,ERR,ERR,ERR,ERR,ERR,ERR,ERR,ERR,ERR,ERR,ERR,ERR,ERR,ERR,ERR,ERR,ERR,ERR,ERR,ERR,ERR,ERR,ERR,ERR,ERR,-107615288.0,-107615296.0,0.0,0.0,0.0,1.3936040501711995e+18,7.805,0.0,0,0,4,0,8422,0.0,45,0.0,0.0,0.0,0.0,0.0,0,0,0,0,0.0,0,0,0,0,0,0,0,0,0,0,0,0,0,0,0,0,0,0,0,0,0,0,0,0,0,0,0,0,0,0,0,0,0,38,14,7,45,65476,0,300,0,0,8,21553,0.0,-107605600.0,0.0,0.0,0.0,0.0,0.0,0.0,0.0,0.0,0.0,0.0,0.0,0.0,0.0,0.0,0.0,0.0,0.0,0.0,0.0,0.0,-2.004,0.0,-0.0,0.0,0.0,0.0,0.0,0.0,5081.0,0.0,0.0,-107615288.0,-107615296.0,-107615280.0,2.718429300292151e+23,0.0,0.0,0.0,0.0,53,-0.0,1.9056862663645594e+17,0.0,0.0,0.0,0.0,0.0,0.0,0.0,0,0,0,0.0,0.0,0.0,0.0,0.0,0.0,0.0,0.0,0.0,0.0,0.0,0.0,0.0,0.0,0.0,0.0,0,-107875648.0,53,0.0,106,-107614832.0,0.0,ERR,ERR,ERR,ERR,ERR,ERR,ERR,ERR,ERR,ERR,ERR,ERR,ERR,ERR,ERR,ERR,ERR,ERR,ERR,ERR,ERR,ERR,ERR,ERR,ERR,ERR,ERR,ERR,ERR,ERR,ERR,ERR,ERR,ERR,ERR,ERR,ERR,ERR,ERR,ERR,ERR,ERR,ERR,ERR,ERR,ERR,ERR,ERR,ERR,ERR,ERR,ERR,ERR,ERR,ERR,ERR,ERR,ERR,ERR,ERR,ERR,ERR,ERR,ERR,ERR,ERR,ERR,50.0,60.0,100,0.0,0.0,0.0,0.0,0.0,0.0,0.0,0.0,0.0,0.0,0.0,0.0,0.0,0.0,0.0,0.0,61.6,74,13,65511,50,65476,0,300,0,0,8,20529,65476,0,0,26214,60.0,0.0,0.0,0.0,0.0,0.0
2026-05-17T18:11:11,ERR,ERR,ERR,ERR,ERR,ERR,ERR,ERR,ERR,ERR,ERR,ERR,ERR,ERR,ERR,ERR,ERR,ERR,ERR,ERR,ERR,ERR,ERR,ERR,ERR,ERR,ERR,ERR,ERR,ERR,ERR,ERR,ERR,ERR,ERR,ERR,ERR,ERR,ERR,ERR,ERR,ERR,ERR,ERR,ERR,ERR,ERR,ERR,ERR,ERR,ERR,ERR,ERR,ERR,ERR,ERR,ERR,ERR,ERR,ERR,ERR,ERR,ERR,ERR,ERR,ERR,ERR,ERR,ERR,ERR,ERR,ERR,ERR,ERR,ERR,ERR,ERR,ERR,ERR,ERR,ERR,ERR,ERR,ERR,ERR,ERR,ERR,ERR,ERR,ERR,ERR,ERR,ERR,ERR,ERR,ERR,ERR,ERR,ERR,ERR,ERR,ERR,ERR,ERR,ERR,ERR,ERR,ERR,ERR,ERR,ERR,ERR,ERR,ERR,ERR,ERR,ERR,ERR,ERR,ERR,ERR,ERR,ERR,ERR,ERR,-107615288.0,-107615296.0,0.0,0.0,0.0,1.3936040501711995e+18,7.805,0.0,0,0,4,0,8422,0.0,45,0.0,0.0,0.0,0.0,0.0,0,0,0,0,0.0,0,0,0,0,0,0,0,0,0,0,0,0,0,0,0,0,0,0,0,0,0,0,0,0,0,0,0,0,0,0,0,0,0,38,14,7,45,65476,0,300,0,0,8,21553,0.0,-107605600.0,0.0,0.0,0.0,0.0,0.0,0.0,0.0,0.0,0.0,0.0,0.0,0.0,0.0,0.0,0.0,0.0,0.0,0.0,0.0,0.0,-2.004,0.0,-0.0,0.0,0.0,0.0,0.0,0.0,5081.0,0.0,0.0,-107615288.0,-107615296.0,-107615280.0,2.718429300292151e+23,0.0,0.0,0.0,0.0,53,-0.0,1.9056862663645594e+17,0.0,0.0,0.0,0.0,0.0,0.0,0.0,0,0,0,0.0,0.0,0.0,0.0,0.0,0.0,0.0,0.0,0.0,0.0,0.0,0.0,0.0,0.0,0.0,0.0,0,-107875648.0,53,0.0,106,-107614832.0,0.0,ERR,ERR,ERR,ERR,ERR,ERR,ERR,ERR,ERR,ERR,ERR,ERR,ERR,ERR,ERR,ERR,ERR,ERR,ERR,ERR,ERR,ERR,ERR,ERR,ERR,ERR,ERR,ERR,ERR,ERR,ERR,ERR,ERR,ERR,ERR,ERR,ERR,ERR,ERR,ERR,ERR,ERR,ERR,ERR,ERR,ERR,ERR,ERR,ERR,ERR,ERR,ERR,ERR,ERR,ERR,ERR,ERR,ERR,ERR,ERR,ERR,ERR,ERR,ERR,ERR,ERR,ERR,50.0,60.0,100,0.0,0.0,0.0,0.0,0.0,0.0,0.0,0.0,0.0,0.0,0.0,0.0,0.0,0.0,0.0,0.0,61.6,74,13,65511,50,65476,0,300,0,0,8,20529,65476,0,0,26214,60.0,0.0,0.0,0.0,0.0,0.0
2026-05-17T18:11:12,ERR,ERR,ERR,ERR,ERR,ERR,ERR,ERR,ERR,ERR,ERR,ERR,ERR,ERR,ERR,ERR,ERR,ERR,ERR,ERR,ERR,ERR,ERR,ERR,ERR,ERR,ERR,ERR,ERR,ERR,ERR,ERR,ERR,ERR,ERR,ERR,ERR,ERR,ERR,ERR,ERR,ERR,ERR,ERR,ERR,ERR,ERR,ERR,ERR,ERR,ERR,ERR,ERR,ERR,ERR,ERR,ERR,ERR,ERR,ERR,ERR,ERR,ERR,ERR,ERR,ERR,ERR,ERR,ERR,ERR,ERR,ERR,ERR,ERR,ERR,ERR,ERR,ERR,ERR,ERR,ERR,ERR,ERR,ERR,ERR,ERR,ERR,ERR,ERR,ERR,ERR,ERR,ERR,ERR,ERR,ERR,ERR,ERR,ERR,ERR,ERR,ERR,ERR,ERR,ERR,ERR,ERR,ERR,ERR,ERR,ERR,ERR,ERR,ERR,ERR,ERR,ERR,ERR,ERR,ERR,ERR,ERR,ERR,ERR,ERR,-107615288.0,-107615296.0,0.0,0.0,0.0,1.3936040501711995e+18,7.805,0.0,0,0,4,0,8422,0.0,45,0.0,0.0,0.0,0.0,0.0,0,0,0,0,0.0,0,0,0,0,0,0,0,0,0,0,0,0,0,0,0,0,0,0,0,0,0,0,0,0,0,0,0,0,0,0,0,0,0,38,14,7,45,65476,0,300,0,0,8,21553,0.0,-107605600.0,0.0,0.0,0.0,0.0,0.0,0.0,0.0,0.0,0.0,0.0,0.0,0.0,0.0,0.0,0.0,0.0,0.0,0.0,0.0,0.0,-2.004,0.0,-0.0,0.0,0.0,0.0,0.0,0.0,5081.0,0.0,0.0,-107615288.0,-107615296.0,-107615280.0,2.718429300292151e+23,0.0,0.0,0.0,0.0,53,-0.0,1.9056862663645594e+17,0.0,0.0,0.0,0.0,0.0,0.0,0.0,0,0,0,0.0,0.0,0.0,0.0,0.0,0.0,0.0,0.0,0.0,0.0,0.0,0.0,0.0,0.0,0.0,0.0,0,-107875648.0,53,0.0,106,-107614832.0,0.0,ERR,ERR,ERR,ERR,ERR,ERR,ERR,ERR,ERR,ERR,ERR,ERR,ERR,ERR,ERR,ERR,ERR,ERR,ERR,ERR,ERR,ERR,ERR,ERR,ERR,ERR,ERR,ERR,ERR,ERR,ERR,ERR,ERR,ERR,ERR,ERR,ERR,ERR,ERR,ERR,ERR,ERR,ERR,ERR,ERR,ERR,ERR,ERR,ERR,ERR,ERR,ERR,ERR,ERR,ERR,ERR,ERR,ERR,ERR,ERR,ERR,ERR,ERR,ERR,ERR,ERR,ERR,50.0,60.0,100,0.0,0.0,0.0,0.0,0.0,0.0,0.0,0.0,0.0,0.0,0.0,0.0,0.0,0.0,0.0,0.0,61.6,74,13,65511,50,65476,0,300,0,0,8,20529,65476,0,0,26214,60.0,0.0,0.0,0.0,0.0,0.0
2026-05-17T18:11:13,ERR,ERR,ERR,ERR,ERR,ERR,ERR,ERR,ERR,ERR,ERR,ERR,ERR,ERR,ERR,ERR,ERR,ERR,ERR,ERR,ERR,ERR,ERR,ERR,ERR,ERR,ERR,ERR,ERR,ERR,ERR,ERR,ERR,ERR,ERR,ERR,ERR,ERR,ERR,ERR,ERR,ERR,ERR,ERR,ERR,ERR,ERR,ERR,ERR,ERR,ERR,ERR,ERR,ERR,ERR,ERR,ERR,ERR,ERR,ERR,ERR,ERR,ERR,ERR,ERR,ERR,ERR,ERR,ERR,ERR,ERR,ERR,ERR,ERR,ERR,ERR,ERR,ERR,ERR,ERR,ERR,ERR,ERR,ERR,ERR,ERR,ERR,ERR,ERR,ERR,ERR,ERR,ERR,ERR,ERR,ERR,ERR,ERR,ERR,ERR,ERR,ERR,ERR,ERR,ERR,ERR,ERR,ERR,ERR,ERR,ERR,ERR,ERR,ERR,ERR,ERR,ERR,ERR,ERR,ERR,ERR,ERR,ERR,ERR,ERR,-107615288.0,-107615296.0,0.0,0.0,0.0,1.3936040501711995e+18,7.805,0.0,0,0,4,0,8422,0.0,45,0.0,0.0,0.0,0.0,0.0,0,0,0,0,0.0,0,0,0,0,0,0,0,0,0,0,0,0,0,0,0,0,0,0,0,0,0,0,0,0,0,0,0,0,0,0,0,0,0,38,14,7,45,65476,0,300,0,0,8,21553,0.0,-107605600.0,0.0,0.0,0.0,0.0,0.0,0.0,0.0,0.0,0.0,0.0,0.0,0.0,0.0,0.0,0.0,0.0,0.0,0.0,0.0,0.0,-2.004,0.0,-0.0,0.0,0.0,0.0,0.0,0.0,5081.0,0.0,0.0,-107615288.0,-107615296.0,-107615280.0,2.718429300292151e+23,0.0,0.0,0.0,0.0,53,-0.0,1.9056862663645594e+17,0.0,0.0,0.0,0.0,0.0,0.0,0.0,0,0,0,0.0,0.0,0.0,0.0,0.0,0.0,0.0,0.0,0.0,0.0,0.0,0.0,0.0,0.0,0.0,0.0,0,-107875648.0,53,0.0,106,-107614832.0,0.0,ERR,ERR,ERR,ERR,ERR,ERR,ERR,ERR,ERR,ERR,ERR,ERR,ERR,ERR,ERR,ERR,ERR,ERR,ERR,ERR,ERR,ERR,ERR,ERR,ERR,ERR,ERR,ERR,ERR,ERR,ERR,ERR,ERR,ERR,ERR,ERR,ERR,ERR,ERR,ERR,ERR,ERR,ERR,ERR,ERR,ERR,ERR,ERR,ERR,ERR,ERR,ERR,ERR,ERR,ERR,ERR,ERR,ERR,ERR,ERR,ERR,ERR,ERR,ERR,ERR,ERR,ERR,50.0,60.0,100,0.0,0.0,0.0,0.0,0.0,0.0,0.0,0.0,0.0,0.0,0.0,0.0,0.0,0.0,0.0,0.0,61.6,74,13,65511,50,65476,0,300,0,0,8,20529,65476,0,0,26214,60.0,0.0,0.0,0.0,0.0,0.0
2026-05-17T18:11:14,ERR,ERR,ERR,ERR,ERR,ERR,ERR,ERR,ERR,ERR,ERR,ERR,ERR,ERR,ERR,ERR,ERR,ERR,ERR,ERR,ERR,ERR,ERR,ERR,ERR,ERR,ERR,ERR,ERR,ERR,ERR,ERR,ERR,ERR,ERR,ERR,ERR,ERR,ERR,ERR,ERR,ERR,ERR,ERR,ERR,ERR,ERR,ERR,ERR,ERR,ERR,ERR,ERR,ERR,ERR,ERR,ERR,ERR,ERR,ERR,ERR,ERR,ERR,ERR,ERR,ERR,ERR,ERR,ERR,ERR,ERR,ERR,ERR,ERR,ERR,ERR,ERR,ERR,ERR,ERR,ERR,ERR,ERR,ERR,ERR,ERR,ERR,ERR,ERR,ERR,ERR,ERR,ERR,ERR,ERR,ERR,ERR,ERR,ERR,ERR,ERR,ERR,ERR,ERR,ERR,ERR,ERR,ERR,ERR,ERR,ERR,ERR,ERR,ERR,ERR,ERR,ERR,ERR,ERR,ERR,ERR,ERR,ERR,ERR,ERR,-107615288.0,-107615296.0,0.0,0.0,0.0,1.3936040501711995e+18,7.805,0.0,0,0,4,0,8422,0.0,45,0.0,0.0,0.0,0.0,0.0,0,0,0,0,0.0,0,0,0,0,0,0,0,0,0,0,0,0,0,0,0,0,0,0,0,0,0,0,0,0,0,0,0,0,0,0,0,0,0,38,14,7,45,65476,0,300,0,0,8,21553,0.0,-107605600.0,0.0,0.0,0.0,0.0,0.0,0.0,0.0,0.0,0.0,0.0,0.0,0.0,0.0,0.0,0.0,0.0,0.0,0.0,0.0,0.0,-2.004,0.0,-0.0,0.0,0.0,0.0,0.0,0.0,5081.0,0.0,0.0,-107615288.0,-107615296.0,-107615280.0,2.718429300292151e+23,0.0,0.0,0.0,0.0,53,-0.0,1.9056862663645594e+17,0.0,0.0,0.0,0.0,0.0,0.0,0.0,0,0,0,0.0,0.0,0.0,0.0,0.0,0.0,0.0,0.0,0.0,0.0,0.0,0.0,0.0,0.0,0.0,0.0,0,-107875648.0,53,0.0,106,-107614832.0,0.0,ERR,ERR,ERR,ERR,ERR,ERR,ERR,ERR,ERR,ERR,ERR,ERR,ERR,ERR,ERR,ERR,ERR,ERR,ERR,ERR,ERR,ERR,ERR,ERR,ERR,ERR,ERR,ERR,ERR,ERR,ERR,ERR,ERR,ERR,ERR,ERR,ERR,ERR,ERR,ERR,ERR,ERR,ERR,ERR,ERR,ERR,ERR,ERR,ERR,ERR,ERR,ERR,ERR,ERR,ERR,ERR,ERR,ERR,ERR,ERR,ERR,ERR,ERR,ERR,ERR,ERR,ERR,50.0,60.0,100,0.0,0.0,0.0,0.0,0.0,0.0,0.0,0.0,0.0,0.0,0.0,0.0,0.0,0.0,0.0,0.0,61.6,74,13,65511,50,65476,0,300,0,0,8,20529,65476,0,0,26214,60.0,0.0,0.0,0.0,0.0,0.0
2026-05-17T18:11:15,ERR,ERR,ERR,ERR,ERR,ERR,ERR,ERR,ERR,ERR,ERR,ERR,ERR,ERR,ERR,ERR,ERR,ERR,ERR,ERR,ERR,ERR,ERR,ERR,ERR,ERR,ERR,ERR,ERR,ERR,ERR,ERR,ERR,ERR,ERR,ERR,ERR,ERR,ERR,ERR,ERR,ERR,ERR,ERR,ERR,ERR,ERR,ERR,ERR,ERR,ERR,ERR,ERR,ERR,ERR,ERR,ERR,ERR,ERR,ERR,ERR,ERR,ERR,ERR,ERR,ERR,ERR,ERR,ERR,ERR,ERR,ERR,ERR,ERR,ERR,ERR,ERR,ERR,ERR,ERR,ERR,ERR,ERR,ERR,ERR,ERR,ERR,ERR,ERR,ERR,ERR,ERR,ERR,ERR,ERR,ERR,ERR,ERR,ERR,ERR,ERR,ERR,ERR,ERR,ERR,ERR,ERR,ERR,ERR,ERR,ERR,ERR,ERR,ERR,ERR,ERR,ERR,ERR,ERR,ERR,ERR,ERR,ERR,ERR,ERR,-107615288.0,-107615296.0,0.0,0.0,0.0,1.3936040501711995e+18,7.805,0.0,0,0,4,0,8422,0.0,45,0.0,0.0,0.0,0.0,0.0,0,0,0,0,0.0,0,0,0,0,0,0,0,0,0,0,0,0,0,0,0,0,0,0,0,0,0,0,0,0,0,0,0,0,0,0,0,0,0,38,14,7,45,65476,0,300,0,0,8,21553,0.0,-107605600.0,0.0,0.0,0.0,0.0,0.0,0.0,0.0,0.0,0.0,0.0,0.0,0.0,0.0,0.0,0.0,0.0,0.0,0.0,0.0,0.0,-2.004,0.0,-0.0,0.0,0.0,0.0,0.0,0.0,5051.0,-2.422988192762658e+24,0.0,-107615288.0,-107615296.0,-107615280.0,2.718429300292151e+23,0.0,0.0,0.0,0.0,53,-0.0,0.0,0.0,0.0,0.0,0.0,0.0,0.0,0.0,0,0,0,0.0,0.0,0.0,0.0,0.0,0.0,0.0,0.0,0.0,0.0,0.0,0.0,0.0,0.0,0.0,0.0,0,-107875648.0,53,0.0,106,-107614832.0,0.0,ERR,ERR,ERR,ERR,ERR,ERR,ERR,ERR,ERR,ERR,ERR,ERR,ERR,ERR,ERR,ERR,ERR,ERR,ERR,ERR,ERR,ERR,ERR,ERR,ERR,ERR,ERR,ERR,ERR,ERR,ERR,ERR,ERR,ERR,ERR,ERR,ERR,ERR,ERR,ERR,ERR,ERR,ERR,ERR,ERR,ERR,ERR,ERR,ERR,ERR,ERR,ERR,ERR,ERR,ERR,ERR,ERR,ERR,ERR,ERR,ERR,ERR,ERR,ERR,ERR,ERR,ERR,50.0,60.0,100,0.0,0.0,0.0,0.0,0.0,0.0,0.0,0.0,0.0,0.0,0.0,0.0,0.0,0.0,0.0,0.0,61.6,74,13,65511,50,65476,0,300,0,0,8,20529,65476,0,0,26214,60.0,0.0,0.0,0.0,0.0,0.0
2026-05-17T18:11:16,ERR,ERR,ERR,ERR,ERR,ERR,ERR,ERR,ERR,ERR,ERR,ERR,ERR,ERR,ERR,ERR,ERR,ERR,ERR,ERR,ERR,ERR,ERR,ERR,ERR,ERR,ERR,ERR,ERR,ERR,ERR,ERR,ERR,ERR,ERR,ERR,ERR,ERR,ERR,ERR,ERR,ERR,ERR,ERR,ERR,ERR,ERR,ERR,ERR,ERR,ERR,ERR,ERR,ERR,ERR,ERR,ERR,ERR,ERR,ERR,ERR,ERR,ERR,ERR,ERR,ERR,ERR,ERR,ERR,ERR,ERR,ERR,ERR,ERR,ERR,ERR,ERR,ERR,ERR,ERR,ERR,ERR,ERR,ERR,ERR,ERR,ERR,ERR,ERR,ERR,ERR,ERR,ERR,ERR,ERR,ERR,ERR,ERR,ERR,ERR,ERR,ERR,ERR,ERR,ERR,ERR,ERR,ERR,ERR,ERR,ERR,ERR,ERR,ERR,ERR,ERR,ERR,ERR,ERR,ERR,ERR,ERR,ERR,ERR,ERR,-107615288.0,-107615296.0,0.0,0.0,0.0,1.3936040501711995e+18,7.805,0.0,0,0,4,0,8422,0.0,45,0.0,0.0,0.0,0.0,0.0,0,0,0,0,0.0,0,0,0,0,0,0,0,0,0,0,0,0,0,0,0,0,0,0,0,0,0,0,0,0,0,0,0,0,0,0,0,0,0,38,14,7,45,65476,0,300,0,0,8,21553,0.0,-107605600.0,0.0,0.0,0.0,0.0,0.0,0.0,0.0,0.0,0.0,0.0,0.0,0.0,0.0,0.0,0.0,0.0,0.0,0.0,0.0,0.0,-2.004,0.0,-0.0,0.0,0.0,0.0,0.0,0.0,5051.0,-2.422988192762658e+24,0.0,-107615288.0,-107615296.0,-107615280.0,2.718429300292151e+23,0.0,0.0,0.0,0.0,53,-0.0,0.0,0.0,0.0,0.0,0.0,0.0,0.0,0.0,0,0,0,0.0,0.0,0.0,0.0,0.0,0.0,0.0,0.0,0.0,0.0,0.0,0.0,0.0,0.0,0.0,0.0,0,-107875648.0,53,0.0,106,-107614832.0,0.0,ERR,ERR,ERR,ERR,ERR,ERR,ERR,ERR,ERR,ERR,ERR,ERR,ERR,ERR,ERR,ERR,ERR,ERR,ERR,ERR,ERR,ERR,ERR,ERR,ERR,ERR,ERR,ERR,ERR,ERR,ERR,ERR,ERR,ERR,ERR,ERR,ERR,ERR,ERR,ERR,ERR,ERR,ERR,ERR,ERR,ERR,ERR,ERR,ERR,ERR,ERR,ERR,ERR,ERR,ERR,ERR,ERR,ERR,ERR,ERR,ERR,ERR,ERR,ERR,ERR,ERR,ERR,50.0,60.0,100,0.0,0.0,0.0,0.0,0.0,0.0,0.0,0.0,0.0,0.0,0.0,0.0,0.0,0.0,0.0,0.0,61.6,74,13,65511,50,65476,0,300,0,0,8,20529,65476,0,0,26214,60.0,0.0,0.0,0.0,0.0,0.0
2026-05-17T18:11:17,ERR,ERR,ERR,ERR,ERR,ERR,ERR,ERR,ERR,ERR,ERR,ERR,ERR,ERR,ERR,ERR,ERR,ERR,ERR,ERR,ERR,ERR,ERR,ERR,ERR,ERR,ERR,ERR,ERR,ERR,ERR,ERR,ERR,ERR,ERR,ERR,ERR,ERR,ERR,ERR,ERR,ERR,ERR,ERR,ERR,ERR,ERR,ERR,ERR,ERR,ERR,ERR,ERR,ERR,ERR,ERR,ERR,ERR,ERR,ERR,ERR,ERR,ERR,ERR,ERR,ERR,ERR,ERR,ERR,ERR,ERR,ERR,ERR,ERR,ERR,ERR,ERR,ERR,ERR,ERR,ERR,ERR,ERR,ERR,ERR,ERR,ERR,ERR,ERR,ERR,ERR,ERR,ERR,ERR,ERR,ERR,ERR,ERR,ERR,ERR,ERR,ERR,ERR,ERR,ERR,ERR,ERR,ERR,ERR,ERR,ERR,ERR,ERR,ERR,ERR,ERR,ERR,ERR,ERR,ERR,ERR,ERR,ERR,ERR,ERR,-107615288.0,-107615296.0,0.0,0.0,0.0,1.3936040501711995e+18,7.805,0.0,0,0,4,0,8422,0.0,45,0.0,0.0,0.0,0.0,0.0,0,0,0,0,0.0,0,0,0,0,0,0,0,0,0,0,0,0,0,0,0,0,0,0,0,0,0,0,0,0,0,0,0,0,0,0,0,0,0,38,14,7,45,65476,0,300,0,0,8,21553,0.0,-107605600.0,0.0,0.0,0.0,0.0,0.0,0.0,0.0,0.0,0.0,0.0,0.0,0.0,0.0,0.0,0.0,0.0,0.0,0.0,0.0,0.0,-2.004,0.0,-0.0,0.0,0.0,0.0,0.0,0.0,5051.0,-2.422988192762658e+24,0.0,-107615288.0,-107615296.0,-107615280.0,2.718429300292151e+23,0.0,0.0,0.0,0.0,53,-0.0,0.0,0.0,0.0,0.0,0.0,0.0,0.0,0.0,0,0,0,0.0,0.0,0.0,0.0,0.0,0.0,0.0,0.0,0.0,0.0,0.0,0.0,0.0,0.0,0.0,0.0,0,-107875648.0,53,0.0,106,-107614832.0,0.0,ERR,ERR,ERR,ERR,ERR,ERR,ERR,ERR,ERR,ERR,ERR,ERR,ERR,ERR,ERR,ERR,ERR,ERR,ERR,ERR,ERR,ERR,ERR,ERR,ERR,ERR,ERR,ERR,ERR,ERR,ERR,ERR,ERR,ERR,ERR,ERR,ERR,ERR,ERR,ERR,ERR,ERR,ERR,ERR,ERR,ERR,ERR,ERR,ERR,ERR,ERR,ERR,ERR,ERR,ERR,ERR,ERR,ERR,ERR,ERR,ERR,ERR,ERR,ERR,ERR,ERR,ERR,50.0,60.0,100,0.0,0.0,0.0,0.0,0.0,0.0,0.0,0.0,0.0,0.0,0.0,0.0,0.0,0.0,0.0,0.0,61.6,74,13,65511,50,65476,0,300,0,0,8,20529,65476,0,0,26214,60.0,0.0,0.0,0.0,0.0,0.0
2026-05-17T18:11:18,ERR,ERR,ERR,ERR,ERR,ERR,ERR,ERR,ERR,ERR,ERR,ERR,ERR,ERR,ERR,ERR,ERR,ERR,ERR,ERR,ERR,ERR,ERR,ERR,ERR,ERR,ERR,ERR,ERR,ERR,ERR,ERR,ERR,ERR,ERR,ERR,ERR,ERR,ERR,ERR,ERR,ERR,ERR,ERR,ERR,ERR,ERR,ERR,ERR,ERR,ERR,ERR,ERR,ERR,ERR,ERR,ERR,ERR,ERR,ERR,ERR,ERR,ERR,ERR,ERR,ERR,ERR,ERR,ERR,ERR,ERR,ERR,ERR,ERR,ERR,ERR,ERR,ERR,ERR,ERR,ERR,ERR,ERR,ERR,ERR,ERR,ERR,ERR,ERR,ERR,ERR,ERR,ERR,ERR,ERR,ERR,ERR,ERR,ERR,ERR,ERR,ERR,ERR,ERR,ERR,ERR,ERR,ERR,ERR,ERR,ERR,ERR,ERR,ERR,ERR,ERR,ERR,ERR,ERR,ERR,ERR,ERR,ERR,ERR,ERR,-107615288.0,-107615296.0,0.0,0.0,0.0,1.3936040501711995e+18,7.805,0.0,0,0,4,0,8422,0.0,45,0.0,0.0,0.0,0.0,0.0,0,0,0,0,0.0,0,0,0,0,0,0,0,0,0,0,0,0,0,0,0,0,0,0,0,0,0,0,0,0,0,0,0,0,0,0,0,0,0,38,14,7,45,65476,0,300,0,0,8,21553,0.0,-107605600.0,0.0,0.0,0.0,0.0,0.0,0.0,0.0,0.0,0.0,0.0,0.0,0.0,0.0,0.0,0.0,0.0,0.0,0.0,0.0,0.0,-2.004,0.0,-0.0,0.0,0.0,0.0,0.0,0.0,5051.0,-2.422988192762658e+24,0.0,-107615288.0,-107615296.0,-107615280.0,2.718429300292151e+23,0.0,0.0,0.0,0.0,53,-0.0,0.0,0.0,0.0,0.0,0.0,0.0,0.0,0.0,0,0,0,0.0,0.0,0.0,0.0,0.0,0.0,0.0,0.0,0.0,0.0,0.0,0.0,0.0,0.0,0.0,0.0,0,-107875648.0,53,0.0,106,-107614832.0,0.0,ERR,ERR,ERR,ERR,ERR,ERR,ERR,ERR,ERR,ERR,ERR,ERR,ERR,ERR,ERR,ERR,ERR,ERR,ERR,ERR,ERR,ERR,ERR,ERR,ERR,ERR,ERR,ERR,ERR,ERR,ERR,ERR,ERR,ERR,ERR,ERR,ERR,ERR,ERR,ERR,ERR,ERR,ERR,ERR,ERR,ERR,ERR,ERR,ERR,ERR,ERR,ERR,ERR,ERR,ERR,ERR,ERR,ERR,ERR,ERR,ERR,ERR,ERR,ERR,ERR,ERR,ERR,50.0,60.0,100,0.0,0.0,0.0,0.0,0.0,0.0,0.0,0.0,0.0,0.0,0.0,0.0,0.0,0.0,0.0,0.0,61.6,74,13,65511,50,65476,0,300,0,0,8,20529,65476,0,0,26214,60.0,0.0,0.0,0.0,0.0,0.0
2026-05-17T18:11:19,ERR,ERR,ERR,ERR,ERR,ERR,ERR,ERR,ERR,ERR,ERR,ERR,ERR,ERR,ERR,ERR,ERR,ERR,ERR,ERR,ERR,ERR,ERR,ERR,ERR,ERR,ERR,ERR,ERR,ERR,ERR,ERR,ERR,ERR,ERR,ERR,ERR,ERR,ERR,ERR,ERR,ERR,ERR,ERR,ERR,ERR,ERR,ERR,ERR,ERR,ERR,ERR,ERR,ERR,ERR,ERR,ERR,ERR,ERR,ERR,ERR,ERR,ERR,ERR,ERR,ERR,ERR,ERR,ERR,ERR,ERR,ERR,ERR,ERR,ERR,ERR,ERR,ERR,ERR,ERR,ERR,ERR,ERR,ERR,ERR,ERR,ERR,ERR,ERR,ERR,ERR,ERR,ERR,ERR,ERR,ERR,ERR,ERR,ERR,ERR,ERR,ERR,ERR,ERR,ERR,ERR,ERR,ERR,ERR,ERR,ERR,ERR,ERR,ERR,ERR,ERR,ERR,ERR,ERR,ERR,ERR,ERR,ERR,ERR,ERR,-107615288.0,-107615296.0,0.0,0.0,0.0,1.3936040501711995e+18,7.805,0.0,0,0,4,0,8422,0.0,45,0.0,0.0,0.0,0.0,0.0,0,0,0,0,0.0,0,0,0,0,0,0,0,0,0,0,0,0,0,0,0,0,0,0,0,0,0,0,0,0,0,0,0,0,0,0,0,0,0,38,14,7,45,65476,0,300,0,0,8,21553,0.0,-107605600.0,0.0,0.0,0.0,0.0,0.0,0.0,0.0,0.0,0.0,0.0,0.0,0.0,0.0,0.0,0.0,0.0,0.0,0.0,0.0,0.0,-2.004,0.0,-0.0,0.0,0.0,0.0,0.0,0.0,5051.0,-2.422988192762658e+24,0.0,-107615288.0,-107615296.0,-107615280.0,2.718429300292151e+23,0.0,0.0,0.0,0.0,53,-0.0,0.0,0.0,0.0,0.0,0.0,0.0,0.0,0.0,0,0,0,0.0,0.0,0.0,0.0,0.0,0.0,0.0,0.0,0.0,0.0,0.0,0.0,0.0,0.0,0.0,0.0,0,-107875648.0,53,0.0,106,-107614832.0,0.0,ERR,ERR,ERR,ERR,ERR,ERR,ERR,ERR,ERR,ERR,ERR,ERR,ERR,ERR,ERR,ERR,ERR,ERR,ERR,ERR,ERR,ERR,ERR,ERR,ERR,ERR,ERR,ERR,ERR,ERR,ERR,ERR,ERR,ERR,ERR,ERR,ERR,ERR,ERR,ERR,ERR,ERR,ERR,ERR,ERR,ERR,ERR,ERR,ERR,ERR,ERR,ERR,ERR,ERR,ERR,ERR,ERR,ERR,ERR,ERR,ERR,ERR,ERR,ERR,ERR,ERR,ERR,50.0,60.0,100,0.0,0.0,0.0,0.0,0.0,0.0,0.0,0.0,0.0,0.0,0.0,0.0,0.0,0.0,0.0,0.0,61.6,74,13,65511,50,65476,0,300,0,0,8,20529,65476,0,0,26214,60.0,0.0,0.0,0.0,0.0,0.0
2026-05-17T18:11:20,ERR,ERR,ERR,ERR,ERR,ERR,ERR,ERR,ERR,ERR,ERR,ERR,ERR,ERR,ERR,ERR,ERR,ERR,ERR,ERR,ERR,ERR,ERR,ERR,ERR,ERR,ERR,ERR,ERR,ERR,ERR,ERR,ERR,ERR,ERR,ERR,ERR,ERR,ERR,ERR,ERR,ERR,ERR,ERR,ERR,ERR,ERR,ERR,ERR,ERR,ERR,ERR,ERR,ERR,ERR,ERR,ERR,ERR,ERR,ERR,ERR,ERR,ERR,ERR,ERR,ERR,ERR,ERR,ERR,ERR,ERR,ERR,ERR,ERR,ERR,ERR,ERR,ERR,ERR,ERR,ERR,ERR,ERR,ERR,ERR,ERR,ERR,ERR,ERR,ERR,ERR,ERR,ERR,ERR,ERR,ERR,ERR,ERR,ERR,ERR,ERR,ERR,ERR,ERR,ERR,ERR,ERR,ERR,ERR,ERR,ERR,ERR,ERR,ERR,ERR,ERR,ERR,ERR,ERR,ERR,ERR,ERR,ERR,ERR,ERR,-107615288.0,-107615296.0,0.0,0.0,0.0,1.3936040501711995e+18,7.805,0.0,0,0,4,0,8422,0.0,45,0.0,0.0,0.0,0.0,0.0,0,0,0,0,0.0,0,0,0,0,0,0,0,0,0,0,0,0,0,0,0,0,0,0,0,0,0,0,0,0,0,0,0,0,0,0,0,0,0,38,14,7,45,65476,0,300,0,0,8,21553,0.0,-107605600.0,0.0,0.0,0.0,0.0,0.0,0.0,0.0,0.0,0.0,0.0,0.0,0.0,0.0,0.0,0.0,0.0,0.0,0.0,0.0,0.0,-2.004,0.0,-0.0,0.0,0.0,0.0,0.0,0.0,5048.0,-8608183296.0,0.0,0.0,-107615296.0,-107615280.0,2.718429300292151e+23,0.0,0.0,0.0,0.0,53,-0.0,0.0,0.0,0.0,0.0,0.0,0.0,0.0,0.0,0,0,0,0.0,0.0,0.0,0.0,0.0,0.0,0.0,0.0,0.0,0.0,0.0,0.0,0.0,0.0,0.0,0.0,0,-107875648.0,53,0.0,106,-107614832.0,0.0,ERR,ERR,ERR,ERR,ERR,ERR,ERR,ERR,ERR,ERR,ERR,ERR,ERR,ERR,ERR,ERR,ERR,ERR,ERR,ERR,ERR,ERR,ERR,ERR,ERR,ERR,ERR,ERR,ERR,ERR,ERR,ERR,ERR,ERR,ERR,ERR,ERR,ERR,ERR,ERR,ERR,ERR,ERR,ERR,ERR,ERR,ERR,ERR,ERR,ERR,ERR,ERR,ERR,ERR,ERR,ERR,ERR,ERR,ERR,ERR,ERR,ERR,ERR,ERR,ERR,ERR,ERR,50.0,60.0,100,0.0,0.0,0.0,0.0,0.0,0.0,0.0,0.0,0.0,0.0,0.0,0.0,0.0,0.0,0.0,0.0,61.6,74,13,65511,50,65476,0,300,0,0,8,20529,65476,0,0,26214,60.0,0.0,0.0,0.0,0.0,0.0
2026-05-17T18:11:21,ERR,ERR,ERR,ERR,ERR,ERR,ERR,ERR,ERR,ERR,ERR,ERR,ERR,ERR,ERR,ERR,ERR,ERR,ERR,ERR,ERR,ERR,ERR,ERR,ERR,ERR,ERR,ERR,ERR,ERR,ERR,ERR,ERR,ERR,ERR,ERR,ERR,ERR,ERR,ERR,ERR,ERR,ERR,ERR,ERR,ERR,ERR,ERR,ERR,ERR,ERR,ERR,ERR,ERR,ERR,ERR,ERR,ERR,ERR,ERR,ERR,ERR,ERR,ERR,ERR,ERR,ERR,ERR,ERR,ERR,ERR,ERR,ERR,ERR,ERR,ERR,ERR,ERR,ERR,ERR,ERR,ERR,ERR,ERR,ERR,ERR,ERR,ERR,ERR,ERR,ERR,ERR,ERR,ERR,ERR,ERR,ERR,ERR,ERR,ERR,ERR,ERR,ERR,ERR,ERR,ERR,ERR,ERR,ERR,ERR,ERR,ERR,ERR,ERR,ERR,ERR,ERR,ERR,ERR,ERR,ERR,ERR,ERR,ERR,ERR,-107615288.0,-107615296.0,0.0,0.0,0.0,1.3936040501711995e+18,7.805,0.0,0,0,4,0,8422,0.0,45,0.0,0.0,0.0,0.0,0.0,0,0,0,0,0.0,0,0,0,0,0,0,0,0,0,0,0,0,0,0,0,0,0,0,0,0,0,0,0,0,0,0,0,0,0,0,0,0,0,38,14,7,45,65476,0,300,0,0,8,21553,0.0,-107605600.0,0.0,0.0,0.0,0.0,0.0,0.0,0.0,0.0,0.0,0.0,0.0,0.0,0.0,0.0,0.0,0.0,0.0,0.0,0.0,0.0,-2.004,0.0,-0.0,0.0,0.0,0.0,0.0,0.0,5048.0,-8608183296.0,0.0,0.0,-107615296.0,-107615280.0,2.718429300292151e+23,0.0,0.0,0.0,0.0,53,-0.0,0.0,0.0,0.0,0.0,0.0,0.0,0.0,0.0,0,0,0,0.0,0.0,0.0,0.0,0.0,0.0,0.0,0.0,0.0,0.0,0.0,0.0,0.0,0.0,0.0,0.0,0,-107875648.0,53,0.0,106,-107614832.0,0.0,ERR,ERR,ERR,ERR,ERR,ERR,ERR,ERR,ERR,ERR,ERR,ERR,ERR,ERR,ERR,ERR,ERR,ERR,ERR,ERR,ERR,ERR,ERR,ERR,ERR,ERR,ERR,ERR,ERR,ERR,ERR,ERR,ERR,ERR,ERR,ERR,ERR,ERR,ERR,ERR,ERR,ERR,ERR,ERR,ERR,ERR,ERR,ERR,ERR,ERR,ERR,ERR,ERR,ERR,ERR,ERR,ERR,ERR,ERR,ERR,ERR,ERR,ERR,ERR,ERR,ERR,ERR,50.0,60.0,100,0.0,0.0,0.0,0.0,0.0,0.0,0.0,0.0,0.0,0.0,0.0,0.0,0.0,0.0,0.0,0.0,61.6,74,13,65511,50,65476,0,300,0,0,8,20529,65476,0,0,26214,60.0,0.0,0.0,0.0,0.0,0.0
2026-05-17T18:11:22,ERR,ERR,ERR,ERR,ERR,ERR,ERR,ERR,ERR,ERR,ERR,ERR,ERR,ERR,ERR,ERR,ERR,ERR,ERR,ERR,ERR,ERR,ERR,ERR,ERR,ERR,ERR,ERR,ERR,ERR,ERR,ERR,ERR,ERR,ERR,ERR,ERR,ERR,ERR,ERR,ERR,ERR,ERR,ERR,ERR,ERR,ERR,ERR,ERR,ERR,ERR,ERR,ERR,ERR,ERR,ERR,ERR,ERR,ERR,ERR,ERR,ERR,ERR,ERR,ERR,ERR,ERR,ERR,ERR,ERR,ERR,ERR,ERR,ERR,ERR,ERR,ERR,ERR,ERR,ERR,ERR,ERR,ERR,ERR,ERR,ERR,ERR,ERR,ERR,ERR,ERR,ERR,ERR,ERR,ERR,ERR,ERR,ERR,ERR,ERR,ERR,ERR,ERR,ERR,ERR,ERR,ERR,ERR,ERR,ERR,ERR,ERR,ERR,ERR,ERR,ERR,ERR,ERR,ERR,ERR,ERR,ERR,ERR,ERR,ERR,-107615288.0,-107615296.0,0.0,0.0,0.0,1.3936040501711995e+18,7.805,0.0,0,0,4,0,8422,0.0,45,0.0,0.0,0.0,0.0,0.0,0,0,0,0,0.0,0,0,0,0,0,0,0,0,0,0,0,0,0,0,0,0,0,0,0,0,0,0,0,0,0,0,0,0,0,0,0,0,0,38,14,7,45,65476,0,300,0,0,8,21553,0.0,-107605600.0,0.0,0.0,0.0,0.0,0.0,0.0,0.0,0.0,0.0,0.0,0.0,0.0,0.0,0.0,0.0,0.0,0.0,0.0,0.0,0.0,-2.004,0.0,-0.0,0.0,0.0,0.0,0.0,0.0,5048.0,-8608183296.0,0.0,0.0,-107615296.0,-107615280.0,2.718429300292151e+23,0.0,0.0,0.0,0.0,53,-0.0,0.0,0.0,0.0,0.0,0.0,0.0,0.0,0.0,0,0,0,0.0,0.0,0.0,0.0,0.0,0.0,0.0,0.0,0.0,0.0,0.0,0.0,0.0,0.0,0.0,0.0,0,-107875648.0,53,0.0,106,-107614832.0,0.0,ERR,ERR,ERR,ERR,ERR,ERR,ERR,ERR,ERR,ERR,ERR,ERR,ERR,ERR,ERR,ERR,ERR,ERR,ERR,ERR,ERR,ERR,ERR,ERR,ERR,ERR,ERR,ERR,ERR,ERR,ERR,ERR,ERR,ERR,ERR,ERR,ERR,ERR,ERR,ERR,ERR,ERR,ERR,ERR,ERR,ERR,ERR,ERR,ERR,ERR,ERR,ERR,ERR,ERR,ERR,ERR,ERR,ERR,ERR,ERR,ERR,ERR,ERR,ERR,ERR,ERR,ERR,50.0,60.0,100,0.0,0.0,0.0,0.0,0.0,0.0,0.0,0.0,0.0,0.0,0.0,0.0,0.0,0.0,0.0,0.0,61.6,74,13,65511,50,65476,0,300,0,0,8,20529,65476,0,0,26214,60.0,0.0,0.0,0.0,0.0,0.0
2026-05-17T18:11:23,ERR,ERR,ERR,ERR,ERR,ERR,ERR,ERR,ERR,ERR,ERR,ERR,ERR,ERR,ERR,ERR,ERR,ERR,ERR,ERR,ERR,ERR,ERR,ERR,ERR,ERR,ERR,ERR,ERR,ERR,ERR,ERR,ERR,ERR,ERR,ERR,ERR,ERR,ERR,ERR,ERR,ERR,ERR,ERR,ERR,ERR,ERR,ERR,ERR,ERR,ERR,ERR,ERR,ERR,ERR,ERR,ERR,ERR,ERR,ERR,ERR,ERR,ERR,ERR,ERR,ERR,ERR,ERR,ERR,ERR,ERR,ERR,ERR,ERR,ERR,ERR,ERR,ERR,ERR,ERR,ERR,ERR,ERR,ERR,ERR,ERR,ERR,ERR,ERR,ERR,ERR,ERR,ERR,ERR,ERR,ERR,ERR,ERR,ERR,ERR,ERR,ERR,ERR,ERR,ERR,ERR,ERR,ERR,ERR,ERR,ERR,ERR,ERR,ERR,ERR,ERR,ERR,ERR,ERR,ERR,ERR,ERR,ERR,ERR,ERR,-107615288.0,-107615296.0,0.0,0.0,0.0,1.3936040501711995e+18,7.805,0.0,0,0,4,0,8422,0.0,45,0.0,0.0,0.0,0.0,0.0,0,0,0,0,0.0,0,0,0,0,0,0,0,0,0,0,0,0,0,0,0,0,0,0,0,0,0,0,0,0,0,0,0,0,0,0,0,0,0,38,14,7,45,65476,0,300,0,0,8,21553,0.0,-107605600.0,0.0,0.0,0.0,0.0,0.0,0.0,0.0,0.0,0.0,0.0,0.0,0.0,0.0,0.0,0.0,0.0,0.0,0.0,0.0,0.0,-2.004,0.0,-0.0,0.0,0.0,0.0,0.0,0.0,5048.0,-8608183296.0,0.0,0.0,-107615296.0,-107615280.0,2.718429300292151e+23,0.0,0.0,0.0,0.0,53,-0.0,0.0,0.0,0.0,0.0,0.0,0.0,0.0,0.0,0,0,0,0.0,0.0,0.0,0.0,0.0,0.0,0.0,0.0,0.0,0.0,0.0,0.0,0.0,0.0,0.0,0.0,0,-107875648.0,53,0.0,106,-107614832.0,0.0,ERR,ERR,ERR,ERR,ERR,ERR,ERR,ERR,ERR,ERR,ERR,ERR,ERR,ERR,ERR,ERR,ERR,ERR,ERR,ERR,ERR,ERR,ERR,ERR,ERR,ERR,ERR,ERR,ERR,ERR,ERR,ERR,ERR,ERR,ERR,ERR,ERR,ERR,ERR,ERR,ERR,ERR,ERR,ERR,ERR,ERR,ERR,ERR,ERR,ERR,ERR,ERR,ERR,ERR,ERR,ERR,ERR,ERR,ERR,ERR,ERR,ERR,ERR,ERR,ERR,ERR,ERR,50.0,60.0,100,0.0,0.0,0.0,0.0,0.0,0.0,0.0,0.0,0.0,0.0,0.0,0.0,0.0,0.0,0.0,0.0,61.6,74,13,65511,50,65476,0,300,0,0,8,20529,65476,0,0,26214,60.0,0.0,0.0,0.0,0.0,0.0
2026-05-17T18:11:24,ERR,ERR,ERR,ERR,ERR,ERR,ERR,ERR,ERR,ERR,ERR,ERR,ERR,ERR,ERR,ERR,ERR,ERR,ERR,ERR,ERR,ERR,ERR,ERR,ERR,ERR,ERR,ERR,ERR,ERR,ERR,ERR,ERR,ERR,ERR,ERR,ERR,ERR,ERR,ERR,ERR,ERR,ERR,ERR,ERR,ERR,ERR,ERR,ERR,ERR,ERR,ERR,ERR,ERR,ERR,ERR,ERR,ERR,ERR,ERR,ERR,ERR,ERR,ERR,ERR,ERR,ERR,ERR,ERR,ERR,ERR,ERR,ERR,ERR,ERR,ERR,ERR,ERR,ERR,ERR,ERR,ERR,ERR,ERR,ERR,ERR,ERR,ERR,ERR,ERR,ERR,ERR,ERR,ERR,ERR,ERR,ERR,ERR,ERR,ERR,ERR,ERR,ERR,ERR,ERR,ERR,ERR,ERR,ERR,ERR,ERR,ERR,ERR,ERR,ERR,ERR,ERR,ERR,ERR,ERR,ERR,ERR,ERR,ERR,ERR,-107615288.0,-107615296.0,0.0,0.0,0.0,1.3936040501711995e+18,7.805,0.0,0,0,4,0,8422,0.0,45,0.0,0.0,0.0,0.0,0.0,0,0,0,0,0.0,0,0,0,0,0,0,0,0,0,0,0,0,0,0,0,0,0,0,0,0,0,0,0,0,0,0,0,0,0,0,0,0,0,38,14,7,45,65476,0,300,0,0,8,21553,0.0,-107605600.0,0.0,0.0,0.0,0.0,0.0,0.0,0.0,0.0,0.0,0.0,0.0,0.0,0.0,0.0,0.0,0.0,0.0,0.0,0.0,0.0,-2.004,0.0,-0.0,0.0,0.0,0.0,0.0,0.0,5048.0,-8608183296.0,0.0,0.0,-107615296.0,-107615280.0,2.718429300292151e+23,0.0,0.0,0.0,0.0,53,-0.0,0.0,0.0,0.0,0.0,0.0,0.0,0.0,0.0,0,0,0,0.0,0.0,0.0,0.0,0.0,0.0,0.0,0.0,0.0,0.0,0.0,0.0,0.0,0.0,0.0,0.0,0,-107875648.0,53,0.0,106,-107614832.0,0.0,ERR,ERR,ERR,ERR,ERR,ERR,ERR,ERR,ERR,ERR,ERR,ERR,ERR,ERR,ERR,ERR,ERR,ERR,ERR,ERR,ERR,ERR,ERR,ERR,ERR,ERR,ERR,ERR,ERR,ERR,ERR,ERR,ERR,ERR,ERR,ERR,ERR,ERR,ERR,ERR,ERR,ERR,ERR,ERR,ERR,ERR,ERR,ERR,ERR,ERR,ERR,ERR,ERR,ERR,ERR,ERR,ERR,ERR,ERR,ERR,ERR,ERR,ERR,ERR,ERR,ERR,ERR,50.0,60.0,100,0.0,0.0,0.0,0.0,0.0,0.0,0.0,0.0,0.0,0.0,0.0,0.0,0.0,0.0,0.0,0.0,61.6,74,13,65511,50,65476,0,300,0,0,8,20529,65476,0,0,26214,60.0,0.0,0.0,0.0,0.0,0.0
2026-05-17T18:11:25,ERR,ERR,ERR,ERR,ERR,ERR,ERR,ERR,ERR,ERR,ERR,ERR,ERR,ERR,ERR,ERR,ERR,ERR,ERR,ERR,ERR,ERR,ERR,ERR,ERR,ERR,ERR,ERR,ERR,ERR,ERR,ERR,ERR,ERR,ERR,ERR,ERR,ERR,ERR,ERR,ERR,ERR,ERR,ERR,ERR,ERR,ERR,ERR,ERR,ERR,ERR,ERR,ERR,ERR,ERR,ERR,ERR,ERR,ERR,ERR,ERR,ERR,ERR,ERR,ERR,ERR,ERR,ERR,ERR,ERR,ERR,ERR,ERR,ERR,ERR,ERR,ERR,ERR,ERR,ERR,ERR,ERR,ERR,ERR,ERR,ERR,ERR,ERR,ERR,ERR,ERR,ERR,ERR,ERR,ERR,ERR,ERR,ERR,ERR,ERR,ERR,ERR,ERR,ERR,ERR,ERR,ERR,ERR,ERR,ERR,ERR,ERR,ERR,ERR,ERR,ERR,ERR,ERR,ERR,ERR,ERR,ERR,ERR,ERR,ERR,0.0,-107615296.0,-134474944.0,0.0,0.0,1.3936040501711995e+18,7.805,0.0,0,0,4,0,8422,0.0,45,0.0,0.0,0.0,0.0,0.0,0,0,0,0,0.0,0,0,0,0,0,0,0,0,0,0,0,0,0,0,0,0,0,0,0,0,0,0,0,0,0,0,0,0,0,0,0,0,0,38,14,7,45,65476,0,300,0,0,8,21553,0.0,-107605600.0,0.0,0.0,0.0,0.0,0.0,0.0,0.0,0.0,0.0,0.0,0.0,0.0,0.0,0.0,0.0,0.0,0.0,0.0,0.0,0.0,-2.004,0.0,-0.0,0.0,0.0,0.0,0.0,0.0,5051.0,-1.040665504650976e+34,0.0,-107615288.0,-107615296.0,-107615280.0,2.718429300292151e+23,0.0,0.0,0.0,0.0,53,-0.0,0.0,0.0,0.0,0.0,0.0,0.0,0.0,0.0,0,0,0,0.0,0.0,0.0,0.0,0.0,0.0,0.0,0.0,0.0,0.0,0.0,0.0,0.0,0.0,0.0,0.0,0,-107875648.0,53,0.0,106,-107614832.0,0.0,ERR,ERR,ERR,ERR,ERR,ERR,ERR,ERR,ERR,ERR,ERR,ERR,ERR,ERR,ERR,ERR,ERR,ERR,ERR,ERR,ERR,ERR,ERR,ERR,ERR,ERR,ERR,ERR,ERR,ERR,ERR,ERR,ERR,ERR,ERR,ERR,ERR,ERR,ERR,ERR,ERR,ERR,ERR,ERR,ERR,ERR,ERR,ERR,ERR,ERR,ERR,ERR,ERR,ERR,ERR,ERR,ERR,ERR,ERR,ERR,ERR,ERR,ERR,ERR,ERR,ERR,ERR,50.0,60.0,100,0.0,0.0,0.0,0.0,0.0,0.0,0.0,0.0,0.0,0.0,0.0,0.0,0.0,0.0,0.0,0.0,61.6,74,13,65511,50,65476,0,300,0,0,8,20529,65476,0,0,26214,60.0,0.0,0.0,0.0,0.0,0.0
2026-05-17T18:11:26,ERR,ERR,ERR,ERR,ERR,ERR,ERR,ERR,ERR,ERR,ERR,ERR,ERR,ERR,ERR,ERR,ERR,ERR,ERR,ERR,ERR,ERR,ERR,ERR,ERR,ERR,ERR,ERR,ERR,ERR,ERR,ERR,ERR,ERR,ERR,ERR,ERR,ERR,ERR,ERR,ERR,ERR,ERR,ERR,ERR,ERR,ERR,ERR,ERR,ERR,ERR,ERR,ERR,ERR,ERR,ERR,ERR,ERR,ERR,ERR,ERR,ERR,ERR,ERR,ERR,ERR,ERR,ERR,ERR,ERR,ERR,ERR,ERR,ERR,ERR,ERR,ERR,ERR,ERR,ERR,ERR,ERR,ERR,ERR,ERR,ERR,ERR,ERR,ERR,ERR,ERR,ERR,ERR,ERR,ERR,ERR,ERR,ERR,ERR,ERR,ERR,ERR,ERR,ERR,ERR,ERR,ERR,ERR,ERR,ERR,ERR,ERR,ERR,ERR,ERR,ERR,ERR,ERR,ERR,ERR,ERR,ERR,ERR,ERR,ERR,0.0,-107615296.0,-134474944.0,0.0,0.0,1.3936040501711995e+18,7.805,0.0,0,0,4,0,8422,0.0,45,0.0,0.0,0.0,0.0,0.0,0,0,0,0,0.0,0,0,0,0,0,0,0,0,0,0,0,0,0,0,0,0,0,0,0,0,0,0,0,0,0,0,0,0,0,0,0,0,0,38,14,7,45,65476,0,300,0,0,8,21553,0.0,-107605600.0,0.0,0.0,0.0,0.0,0.0,0.0,0.0,0.0,0.0,0.0,0.0,0.0,0.0,0.0,0.0,0.0,0.0,0.0,0.0,0.0,-2.004,0.0,-0.0,0.0,0.0,0.0,0.0,0.0,5051.0,-1.040665504650976e+34,0.0,-107615288.0,-107615296.0,-107615280.0,2.718429300292151e+23,0.0,0.0,0.0,0.0,53,-0.0,0.0,0.0,0.0,0.0,0.0,0.0,0.0,0.0,0,0,0,0.0,0.0,0.0,0.0,0.0,0.0,0.0,0.0,0.0,0.0,0.0,0.0,0.0,0.0,0.0,0.0,0,-107875648.0,53,0.0,106,-107614832.0,0.0,ERR,ERR,ERR,ERR,ERR,ERR,ERR,ERR,ERR,ERR,ERR,ERR,ERR,ERR,ERR,ERR,ERR,ERR,ERR,ERR,ERR,ERR,ERR,ERR,ERR,ERR,ERR,ERR,ERR,ERR,ERR,ERR,ERR,ERR,ERR,ERR,ERR,ERR,ERR,ERR,ERR,ERR,ERR,ERR,ERR,ERR,ERR,ERR,ERR,ERR,ERR,ERR,ERR,ERR,ERR,ERR,ERR,ERR,ERR,ERR,ERR,ERR,ERR,ERR,ERR,ERR,ERR,50.0,60.0,100,0.0,0.0,0.0,0.0,0.0,0.0,0.0,0.0,0.0,0.0,0.0,0.0,0.0,0.0,0.0,0.0,61.6,74,13,65511,50,65476,0,300,0,0,8,20529,65476,0,0,26214,60.0,0.0,0.0,0.0,0.0,0.0
2026-05-17T18:11:27,ERR,ERR,ERR,ERR,ERR,ERR,ERR,ERR,ERR,ERR,ERR,ERR,ERR,ERR,ERR,ERR,ERR,ERR,ERR,ERR,ERR,ERR,ERR,ERR,ERR,ERR,ERR,ERR,ERR,ERR,ERR,ERR,ERR,ERR,ERR,ERR,ERR,ERR,ERR,ERR,ERR,ERR,ERR,ERR,ERR,ERR,ERR,ERR,ERR,ERR,ERR,ERR,ERR,ERR,ERR,ERR,ERR,ERR,ERR,ERR,ERR,ERR,ERR,ERR,ERR,ERR,ERR,ERR,ERR,ERR,ERR,ERR,ERR,ERR,ERR,ERR,ERR,ERR,ERR,ERR,ERR,ERR,ERR,ERR,ERR,ERR,ERR,ERR,ERR,ERR,ERR,ERR,ERR,ERR,ERR,ERR,ERR,ERR,ERR,ERR,ERR,ERR,ERR,ERR,ERR,ERR,ERR,ERR,ERR,ERR,ERR,ERR,ERR,ERR,ERR,ERR,ERR,ERR,ERR,ERR,ERR,ERR,ERR,ERR,ERR,0.0,-107615296.0,-134474944.0,0.0,0.0,1.3936040501711995e+18,7.805,0.0,0,0,4,0,8422,0.0,45,0.0,0.0,0.0,0.0,0.0,0,0,0,0,0.0,0,0,0,0,0,0,0,0,0,0,0,0,0,0,0,0,0,0,0,0,0,0,0,0,0,0,0,0,0,0,0,0,0,38,14,7,45,65476,0,300,0,0,8,21553,0.0,-107605600.0,0.0,0.0,0.0,0.0,0.0,0.0,0.0,0.0,0.0,0.0,0.0,0.0,0.0,0.0,0.0,0.0,0.0,0.0,0.0,0.0,-2.004,0.0,-0.0,0.0,0.0,0.0,0.0,0.0,5051.0,-1.040665504650976e+34,0.0,-107615288.0,-107615296.0,-107615280.0,2.718429300292151e+23,0.0,0.0,0.0,0.0,53,-0.0,0.0,0.0,0.0,0.0,0.0,0.0,0.0,0.0,0,0,0,0.0,0.0,0.0,0.0,0.0,0.0,0.0,0.0,0.0,0.0,0.0,0.0,0.0,0.0,0.0,0.0,0,-107875648.0,53,0.0,106,-107614832.0,0.0,ERR,ERR,ERR,ERR,ERR,ERR,ERR,ERR,ERR,ERR,ERR,ERR,ERR,ERR,ERR,ERR,ERR,ERR,ERR,ERR,ERR,ERR,ERR,ERR,ERR,ERR,ERR,ERR,ERR,ERR,ERR,ERR,ERR,ERR,ERR,ERR,ERR,ERR,ERR,ERR,ERR,ERR,ERR,ERR,ERR,ERR,ERR,ERR,ERR,ERR,ERR,ERR,ERR,ERR,ERR,ERR,ERR,ERR,ERR,ERR,ERR,ERR,ERR,ERR,ERR,ERR,ERR,50.0,60.0,100,0.0,0.0,0.0,0.0,0.0,0.0,0.0,0.0,0.0,0.0,0.0,0.0,0.0,0.0,0.0,0.0,62.0,74,13,65511,50,65476,0,300,0,0,8,20529,65476,0,0,26214,60.0,0.0,0.0,0.0,0.0,0.0
2026-05-17T18:11:28,ERR,ERR,ERR,ERR,ERR,ERR,ERR,ERR,ERR,ERR,ERR,ERR,ERR,ERR,ERR,ERR,ERR,ERR,ERR,ERR,ERR,ERR,ERR,ERR,ERR,ERR,ERR,ERR,ERR,ERR,ERR,ERR,ERR,ERR,ERR,ERR,ERR,ERR,ERR,ERR,ERR,ERR,ERR,ERR,ERR,ERR,ERR,ERR,ERR,ERR,ERR,ERR,ERR,ERR,ERR,ERR,ERR,ERR,ERR,ERR,ERR,ERR,ERR,ERR,ERR,ERR,ERR,ERR,ERR,ERR,ERR,ERR,ERR,ERR,ERR,ERR,ERR,ERR,ERR,ERR,ERR,ERR,ERR,ERR,ERR,ERR,ERR,ERR,ERR,ERR,ERR,ERR,ERR,ERR,ERR,ERR,ERR,ERR,ERR,ERR,ERR,ERR,ERR,ERR,ERR,ERR,ERR,ERR,ERR,ERR,ERR,ERR,ERR,ERR,ERR,ERR,ERR,ERR,ERR,ERR,ERR,ERR,ERR,ERR,ERR,0.0,-107615296.0,-134474944.0,0.0,0.0,1.3936040501711995e+18,7.805,0.0,0,0,4,0,8422,0.0,45,0.0,0.0,0.0,0.0,0.0,0,0,0,0,0.0,0,0,0,0,0,0,0,0,0,0,0,0,0,0,0,0,0,0,0,0,0,0,0,0,0,0,0,0,0,0,0,0,0,38,14,7,45,65476,0,300,0,0,8,21553,0.0,-107605600.0,0.0,0.0,0.0,0.0,0.0,0.0,0.0,0.0,0.0,0.0,0.0,0.0,0.0,0.0,0.0,0.0,0.0,0.0,0.0,0.0,-2.004,0.0,-0.0,0.0,0.0,0.0,0.0,0.0,5051.0,-1.040665504650976e+34,0.0,-107615288.0,-107615296.0,-107615280.0,2.718429300292151e+23,0.0,0.0,0.0,0.0,53,-0.0,0.0,0.0,0.0,0.0,0.0,0.0,0.0,0.0,0,0,0,0.0,0.0,0.0,0.0,0.0,0.0,0.0,0.0,0.0,0.0,0.0,0.0,0.0,0.0,0.0,0.0,0,-107875648.0,53,0.0,106,-107614832.0,0.0,ERR,ERR,ERR,ERR,ERR,ERR,ERR,ERR,ERR,ERR,ERR,ERR,ERR,ERR,ERR,ERR,ERR,ERR,ERR,ERR,ERR,ERR,ERR,ERR,ERR,ERR,ERR,ERR,ERR,ERR,ERR,ERR,ERR,ERR,ERR,ERR,ERR,ERR,ERR,ERR,ERR,ERR,ERR,ERR,ERR,ERR,ERR,ERR,ERR,ERR,ERR,ERR,ERR,ERR,ERR,ERR,ERR,ERR,ERR,ERR,ERR,ERR,ERR,ERR,ERR,ERR,ERR,50.0,60.0,100,0.0,0.0,0.0,0.0,0.0,0.0,0.0,0.0,0.0,0.0,0.0,0.0,0.0,0.0,0.0,0.0,62.0,74,13,65511,50,65476,0,300,0,0,8,20529,65476,0,0,26214,60.0,0.0,0.0,0.0,0.0,0.0
2026-05-17T18:11:29,ERR,ERR,ERR,ERR,ERR,ERR,ERR,ERR,ERR,ERR,ERR,ERR,ERR,ERR,ERR,ERR,ERR,ERR,ERR,ERR,ERR,ERR,ERR,ERR,ERR,ERR,ERR,ERR,ERR,ERR,ERR,ERR,ERR,ERR,ERR,ERR,ERR,ERR,ERR,ERR,ERR,ERR,ERR,ERR,ERR,ERR,ERR,ERR,ERR,ERR,ERR,ERR,ERR,ERR,ERR,ERR,ERR,ERR,ERR,ERR,ERR,ERR,ERR,ERR,ERR,ERR,ERR,ERR,ERR,ERR,ERR,ERR,ERR,ERR,ERR,ERR,ERR,ERR,ERR,ERR,ERR,ERR,ERR,ERR,ERR,ERR,ERR,ERR,ERR,ERR,ERR,ERR,ERR,ERR,ERR,ERR,ERR,ERR,ERR,ERR,ERR,ERR,ERR,ERR,ERR,ERR,ERR,ERR,ERR,ERR,ERR,ERR,ERR,ERR,ERR,ERR,ERR,ERR,ERR,ERR,ERR,ERR,ERR,ERR,ERR,0.0,-107615296.0,-134474944.0,0.0,0.0,1.3936040501711995e+18,7.805,0.0,0,0,4,0,8422,0.0,45,0.0,0.0,0.0,0.0,0.0,0,0,0,0,0.0,0,0,0,0,0,0,0,0,0,0,0,0,0,0,0,0,0,0,0,0,0,0,0,0,0,0,0,0,0,0,0,0,0,38,14,7,45,65476,0,300,0,0,8,21553,0.0,-107605600.0,0.0,0.0,0.0,0.0,0.0,0.0,0.0,0.0,0.0,0.0,0.0,0.0,0.0,0.0,0.0,0.0,0.0,0.0,0.0,0.0,-2.004,0.0,-0.0,0.0,0.0,0.0,0.0,0.0,5051.0,-1.040665504650976e+34,0.0,-107615288.0,-107615296.0,-107615280.0,2.718429300292151e+23,0.0,0.0,0.0,0.0,53,-0.0,0.0,0.0,0.0,0.0,0.0,0.0,0.0,0.0,0,0,0,0.0,0.0,0.0,0.0,0.0,0.0,0.0,0.0,0.0,0.0,0.0,0.0,0.0,0.0,0.0,0.0,0,-107875648.0,53,0.0,106,-107614832.0,0.0,ERR,ERR,ERR,ERR,ERR,ERR,ERR,ERR,ERR,ERR,ERR,ERR,ERR,ERR,ERR,ERR,ERR,ERR,ERR,ERR,ERR,ERR,ERR,ERR,ERR,ERR,ERR,ERR,ERR,ERR,ERR,ERR,ERR,ERR,ERR,ERR,ERR,ERR,ERR,ERR,ERR,ERR,ERR,ERR,ERR,ERR,ERR,ERR,ERR,ERR,ERR,ERR,ERR,ERR,ERR,ERR,ERR,ERR,ERR,ERR,ERR,ERR,ERR,ERR,ERR,ERR,ERR,50.0,60.0,100,0.0,0.0,0.0,0.0,0.0,0.0,0.0,0.0,0.0,0.0,0.0,0.0,0.0,0.0,0.0,0.0,61.6,74,13,65511,50,65476,0,300,0,0,8,20529,65476,0,0,26214,60.0,0.0,0.0,0.0,0.0,0.0
2026-05-17T18:11:30,ERR,ERR,ERR,ERR,ERR,ERR,ERR,ERR,ERR,ERR,ERR,ERR,ERR,ERR,ERR,ERR,ERR,ERR,ERR,ERR,ERR,ERR,ERR,ERR,ERR,ERR,ERR,ERR,ERR,ERR,ERR,ERR,ERR,ERR,ERR,ERR,ERR,ERR,ERR,ERR,ERR,ERR,ERR,ERR,ERR,ERR,ERR,ERR,ERR,ERR,ERR,ERR,ERR,ERR,ERR,ERR,ERR,ERR,ERR,ERR,ERR,ERR,ERR,ERR,ERR,ERR,ERR,ERR,ERR,ERR,ERR,ERR,ERR,ERR,ERR,ERR,ERR,ERR,ERR,ERR,ERR,ERR,ERR,ERR,ERR,ERR,ERR,ERR,ERR,ERR,ERR,ERR,ERR,ERR,ERR,ERR,ERR,ERR,ERR,ERR,ERR,ERR,ERR,ERR,ERR,ERR,ERR,ERR,ERR,ERR,ERR,ERR,ERR,ERR,ERR,ERR,ERR,ERR,ERR,ERR,ERR,ERR,ERR,ERR,ERR,-107615288.0,-107615296.0,0.0,0.0,0.0,1.3936040501711995e+18,7.805,0.0,0,0,4,0,8422,0.0,45,0.0,0.0,0.0,0.0,0.0,0,0,0,0,0.0,0,0,0,0,0,0,0,0,0,0,0,0,0,0,0,0,0,0,0,0,0,0,0,0,0,0,0,0,0,0,0,0,0,38,14,7,45,65476,0,300,0,0,8,21553,0.0,-107605600.0,0.0,0.0,0.0,0.0,0.0,0.0,0.0,0.0,0.0,0.0,0.0,0.0,0.0,0.0,0.0,0.0,0.0,0.0,0.0,0.0,-2.004,0.0,-0.0,0.0,0.0,0.0,0.0,0.0,5081.0,0.0,0.0,-107615288.0,-107615296.0,-107615280.0,2.718429300292151e+23,0.0,0.0,0.0,0.0,53,-0.0,-0.0,0.0,0.0,0.0,0.0,0.0,0.0,0.0,0,0,0,0.0,0.0,0.0,0.0,0.0,0.0,0.0,0.0,0.0,0.0,0.0,0.0,0.0,0.0,0.0,0.0,0,-107875648.0,53,0.0,106,-107614832.0,0.0,ERR,ERR,ERR,ERR,ERR,ERR,ERR,ERR,ERR,ERR,ERR,ERR,ERR,ERR,ERR,ERR,ERR,ERR,ERR,ERR,ERR,ERR,ERR,ERR,ERR,ERR,ERR,ERR,ERR,ERR,ERR,ERR,ERR,ERR,ERR,ERR,ERR,ERR,ERR,ERR,ERR,ERR,ERR,ERR,ERR,ERR,ERR,ERR,ERR,ERR,ERR,ERR,ERR,ERR,ERR,ERR,ERR,ERR,ERR,ERR,ERR,ERR,ERR,ERR,ERR,ERR,ERR,50.0,60.0,100,0.0,0.0,0.0,0.0,0.0,0.0,0.0,0.0,0.0,0.0,0.0,0.0,0.0,0.0,0.0,0.0,61.6,74,13,65511,50,65476,0,300,0,0,8,20529,65476,0,0,26214,60.0,0.0,0.0,0.0,0.0,0.0
2026-05-17T18:11:31,ERR,ERR,ERR,ERR,ERR,ERR,ERR,ERR,ERR,ERR,ERR,ERR,ERR,ERR,ERR,ERR,ERR,ERR,ERR,ERR,ERR,ERR,ERR,ERR,ERR,ERR,ERR,ERR,ERR,ERR,ERR,ERR,ERR,ERR,ERR,ERR,ERR,ERR,ERR,ERR,ERR,ERR,ERR,ERR,ERR,ERR,ERR,ERR,ERR,ERR,ERR,ERR,ERR,ERR,ERR,ERR,ERR,ERR,ERR,ERR,ERR,ERR,ERR,ERR,ERR,ERR,ERR,ERR,ERR,ERR,ERR,ERR,ERR,ERR,ERR,ERR,ERR,ERR,ERR,ERR,ERR,ERR,ERR,ERR,ERR,ERR,ERR,ERR,ERR,ERR,ERR,ERR,ERR,ERR,ERR,ERR,ERR,ERR,ERR,ERR,ERR,ERR,ERR,ERR,ERR,ERR,ERR,ERR,ERR,ERR,ERR,ERR,ERR,ERR,ERR,ERR,ERR,ERR,ERR,ERR,ERR,ERR,ERR,ERR,ERR,-107615288.0,-107615296.0,0.0,0.0,0.0,1.3936040501711995e+18,7.805,0.0,0,0,4,0,8422,0.0,45,0.0,0.0,0.0,0.0,0.0,0,0,0,0,0.0,0,0,0,0,0,0,0,0,0,0,0,0,0,0,0,0,0,0,0,0,0,0,0,0,0,0,0,0,0,0,0,0,0,38,14,7,45,65476,0,300,0,0,8,21553,0.0,-107605600.0,0.0,0.0,0.0,0.0,0.0,0.0,0.0,0.0,0.0,0.0,0.0,0.0,0.0,0.0,0.0,0.0,0.0,0.0,0.0,0.0,-2.004,0.0,-0.0,0.0,0.0,0.0,0.0,0.0,5081.0,0.0,0.0,-107615288.0,-107615296.0,-107615280.0,2.718429300292151e+23,0.0,0.0,0.0,0.0,53,-0.0,-0.0,0.0,0.0,0.0,0.0,0.0,0.0,0.0,0,0,0,0.0,0.0,0.0,0.0,0.0,0.0,0.0,0.0,0.0,0.0,0.0,0.0,0.0,0.0,0.0,0.0,0,-107875648.0,53,0.0,106,-107614832.0,0.0,ERR,ERR,ERR,ERR,ERR,ERR,ERR,ERR,ERR,ERR,ERR,ERR,ERR,ERR,ERR,ERR,ERR,ERR,ERR,ERR,ERR,ERR,ERR,ERR,ERR,ERR,ERR,ERR,ERR,ERR,ERR,ERR,ERR,ERR,ERR,ERR,ERR,ERR,ERR,ERR,ERR,ERR,ERR,ERR,ERR,ERR,ERR,ERR,ERR,ERR,ERR,ERR,ERR,ERR,ERR,ERR,ERR,ERR,ERR,ERR,ERR,ERR,ERR,ERR,ERR,ERR,ERR,50.0,60.0,100,0.0,0.0,0.0,0.0,0.0,0.0,0.0,0.0,0.0,0.0,0.0,0.0,0.0,0.0,0.0,0.0,61.6,74,13,65511,50,65476,0,300,0,0,8,20529,65476,0,0,26214,60.0,0.0,0.0,0.0,0.0,0.0
2026-05-17T18:11:32,ERR,ERR,ERR,ERR,ERR,ERR,ERR,ERR,ERR,ERR,ERR,ERR,ERR,ERR,ERR,ERR,ERR,ERR,ERR,ERR,ERR,ERR,ERR,ERR,ERR,ERR,ERR,ERR,ERR,ERR,ERR,ERR,ERR,ERR,ERR,ERR,ERR,ERR,ERR,ERR,ERR,ERR,ERR,ERR,ERR,ERR,ERR,ERR,ERR,ERR,ERR,ERR,ERR,ERR,ERR,ERR,ERR,ERR,ERR,ERR,ERR,ERR,ERR,ERR,ERR,ERR,ERR,ERR,ERR,ERR,ERR,ERR,ERR,ERR,ERR,ERR,ERR,ERR,ERR,ERR,ERR,ERR,ERR,ERR,ERR,ERR,ERR,ERR,ERR,ERR,ERR,ERR,ERR,ERR,ERR,ERR,ERR,ERR,ERR,ERR,ERR,ERR,ERR,ERR,ERR,ERR,ERR,ERR,ERR,ERR,ERR,ERR,ERR,ERR,ERR,ERR,ERR,ERR,ERR,ERR,ERR,ERR,ERR,ERR,ERR,-107615288.0,-107615296.0,0.0,0.0,0.0,1.3936040501711995e+18,7.805,0.0,0,0,4,0,8422,0.0,45,0.0,0.0,0.0,0.0,0.0,0,0,0,0,0.0,0,0,0,0,0,0,0,0,0,0,0,0,0,0,0,0,0,0,0,0,0,0,0,0,0,0,0,0,0,0,0,0,0,38,14,7,45,65476,0,300,0,0,8,21553,0.0,-107605600.0,0.0,0.0,0.0,0.0,0.0,0.0,0.0,0.0,0.0,0.0,0.0,0.0,0.0,0.0,0.0,0.0,0.0,0.0,0.0,0.0,-2.004,0.0,-0.0,0.0,0.0,0.0,0.0,0.0,5081.0,0.0,0.0,-107615288.0,-107615296.0,-107615280.0,2.718429300292151e+23,0.0,0.0,0.0,0.0,53,-0.0,-0.0,0.0,0.0,0.0,0.0,0.0,0.0,0.0,0,0,0,0.0,0.0,0.0,0.0,0.0,0.0,0.0,0.0,0.0,0.0,0.0,0.0,0.0,0.0,0.0,0.0,0,-107875648.0,53,0.0,106,-107614832.0,0.0,ERR,ERR,ERR,ERR,ERR,ERR,ERR,ERR,ERR,ERR,ERR,ERR,ERR,ERR,ERR,ERR,ERR,ERR,ERR,ERR,ERR,ERR,ERR,ERR,ERR,ERR,ERR,ERR,ERR,ERR,ERR,ERR,ERR,ERR,ERR,ERR,ERR,ERR,ERR,ERR,ERR,ERR,ERR,ERR,ERR,ERR,ERR,ERR,ERR,ERR,ERR,ERR,ERR,ERR,ERR,ERR,ERR,ERR,ERR,ERR,ERR,ERR,ERR,ERR,ERR,ERR,ERR,50.0,60.0,100,0.0,0.0,0.0,0.0,0.0,0.0,0.0,0.0,0.0,0.0,0.0,0.0,0.0,0.0,0.0,0.0,61.6,74,13,65511,50,65476,0,300,0,0,8,20529,65476,0,0,26214,60.0,0.0,0.0,0.0,0.0,0.0
2026-05-17T18:11:33,ERR,ERR,ERR,ERR,ERR,ERR,ERR,ERR,ERR,ERR,ERR,ERR,ERR,ERR,ERR,ERR,ERR,ERR,ERR,ERR,ERR,ERR,ERR,ERR,ERR,ERR,ERR,ERR,ERR,ERR,ERR,ERR,ERR,ERR,ERR,ERR,ERR,ERR,ERR,ERR,ERR,ERR,ERR,ERR,ERR,ERR,ERR,ERR,ERR,ERR,ERR,ERR,ERR,ERR,ERR,ERR,ERR,ERR,ERR,ERR,ERR,ERR,ERR,ERR,ERR,ERR,ERR,ERR,ERR,ERR,ERR,ERR,ERR,ERR,ERR,ERR,ERR,ERR,ERR,ERR,ERR,ERR,ERR,ERR,ERR,ERR,ERR,ERR,ERR,ERR,ERR,ERR,ERR,ERR,ERR,ERR,ERR,ERR,ERR,ERR,ERR,ERR,ERR,ERR,ERR,ERR,ERR,ERR,ERR,ERR,ERR,ERR,ERR,ERR,ERR,ERR,ERR,ERR,ERR,ERR,ERR,ERR,ERR,ERR,ERR,-107615288.0,-107615296.0,0.0,0.0,0.0,1.3936040501711995e+18,7.805,0.0,0,0,4,0,8422,0.0,45,0.0,0.0,0.0,0.0,0.0,0,0,0,0,0.0,0,0,0,0,0,0,0,0,0,0,0,0,0,0,0,0,0,0,0,0,0,0,0,0,0,0,0,0,0,0,0,0,0,38,14,7,45,65476,0,300,0,0,8,21553,0.0,-107605600.0,0.0,0.0,0.0,0.0,0.0,0.0,0.0,0.0,0.0,0.0,0.0,0.0,0.0,0.0,0.0,0.0,0.0,0.0,0.0,0.0,-2.004,0.0,-0.0,0.0,0.0,0.0,0.0,0.0,5081.0,0.0,0.0,-107615288.0,-107615296.0,-107615280.0,2.718429300292151e+23,0.0,0.0,0.0,0.0,53,-0.0,-0.0,0.0,0.0,0.0,0.0,0.0,0.0,0.0,0,0,0,0.0,0.0,0.0,0.0,0.0,0.0,0.0,0.0,0.0,0.0,0.0,0.0,0.0,0.0,0.0,0.0,0,-107875648.0,53,0.0,106,-107614832.0,0.0,ERR,ERR,ERR,ERR,ERR,ERR,ERR,ERR,ERR,ERR,ERR,ERR,ERR,ERR,ERR,ERR,ERR,ERR,ERR,ERR,ERR,ERR,ERR,ERR,ERR,ERR,ERR,ERR,ERR,ERR,ERR,ERR,ERR,ERR,ERR,ERR,ERR,ERR,ERR,ERR,ERR,ERR,ERR,ERR,ERR,ERR,ERR,ERR,ERR,ERR,ERR,ERR,ERR,ERR,ERR,ERR,ERR,ERR,ERR,ERR,ERR,ERR,ERR,ERR,ERR,ERR,ERR,50.0,60.0,100,0.0,0.0,0.0,0.0,0.0,0.0,0.0,0.0,0.0,0.0,0.0,0.0,0.0,0.0,0.0,0.0,61.6,74,13,65511,50,65476,0,300,0,0,8,20529,65476,0,0,26214,60.0,0.0,0.0,0.0,0.0,0.0
2026-05-17T18:11:34,ERR,ERR,ERR,ERR,ERR,ERR,ERR,ERR,ERR,ERR,ERR,ERR,ERR,ERR,ERR,ERR,ERR,ERR,ERR,ERR,ERR,ERR,ERR,ERR,ERR,ERR,ERR,ERR,ERR,ERR,ERR,ERR,ERR,ERR,ERR,ERR,ERR,ERR,ERR,ERR,ERR,ERR,ERR,ERR,ERR,ERR,ERR,ERR,ERR,ERR,ERR,ERR,ERR,ERR,ERR,ERR,ERR,ERR,ERR,ERR,ERR,ERR,ERR,ERR,ERR,ERR,ERR,ERR,ERR,ERR,ERR,ERR,ERR,ERR,ERR,ERR,ERR,ERR,ERR,ERR,ERR,ERR,ERR,ERR,ERR,ERR,ERR,ERR,ERR,ERR,ERR,ERR,ERR,ERR,ERR,ERR,ERR,ERR,ERR,ERR,ERR,ERR,ERR,ERR,ERR,ERR,ERR,ERR,ERR,ERR,ERR,ERR,ERR,ERR,ERR,ERR,ERR,ERR,ERR,ERR,ERR,ERR,ERR,ERR,ERR,-107615288.0,-107615296.0,0.0,0.0,0.0,1.3936040501711995e+18,7.805,0.0,0,0,4,0,8422,0.0,45,0.0,0.0,0.0,0.0,0.0,0,0,0,0,0.0,0,0,0,0,0,0,0,0,0,0,0,0,0,0,0,0,0,0,0,0,0,0,0,0,0,0,0,0,0,0,0,0,0,38,14,7,45,65476,0,300,0,0,8,21553,0.0,-107605600.0,0.0,0.0,0.0,0.0,0.0,0.0,0.0,0.0,0.0,0.0,0.0,0.0,0.0,0.0,0.0,0.0,0.0,0.0,0.0,0.0,-2.004,0.0,-0.0,0.0,0.0,0.0,0.0,0.0,5081.0,0.0,0.0,-107615288.0,-107615296.0,-107615280.0,2.718429300292151e+23,0.0,0.0,0.0,0.0,53,-0.0,-0.0,0.0,0.0,0.0,0.0,0.0,0.0,0.0,0,0,0,0.0,0.0,0.0,0.0,0.0,0.0,0.0,0.0,0.0,0.0,0.0,0.0,0.0,0.0,0.0,0.0,0,-107875648.0,53,0.0,106,-107614832.0,0.0,ERR,ERR,ERR,ERR,ERR,ERR,ERR,ERR,ERR,ERR,ERR,ERR,ERR,ERR,ERR,ERR,ERR,ERR,ERR,ERR,ERR,ERR,ERR,ERR,ERR,ERR,ERR,ERR,ERR,ERR,ERR,ERR,ERR,ERR,ERR,ERR,ERR,ERR,ERR,ERR,ERR,ERR,ERR,ERR,ERR,ERR,ERR,ERR,ERR,ERR,ERR,ERR,ERR,ERR,ERR,ERR,ERR,ERR,ERR,ERR,ERR,ERR,ERR,ERR,ERR,ERR,ERR,50.0,60.0,100,0.0,0.0,0.0,0.0,0.0,0.0,0.0,0.0,0.0,0.0,0.0,0.0,0.0,0.0,0.0,0.0,61.6,74,13,65511,50,65476,0,300,0,0,8,20529,65476,0,0,26214,60.0,0.0,0.0,0.0,0.0,0.0
2026-05-17T18:11:35,ERR,ERR,ERR,ERR,ERR,ERR,ERR,ERR,ERR,ERR,ERR,ERR,ERR,ERR,ERR,ERR,ERR,ERR,ERR,ERR,ERR,ERR,ERR,ERR,ERR,ERR,ERR,ERR,ERR,ERR,ERR,ERR,ERR,ERR,ERR,ERR,ERR,ERR,ERR,ERR,ERR,ERR,ERR,ERR,ERR,ERR,ERR,ERR,ERR,ERR,ERR,ERR,ERR,ERR,ERR,ERR,ERR,ERR,ERR,ERR,ERR,ERR,ERR,ERR,ERR,ERR,ERR,ERR,ERR,ERR,ERR,ERR,ERR,ERR,ERR,ERR,ERR,ERR,ERR,ERR,ERR,ERR,ERR,ERR,ERR,ERR,ERR,ERR,ERR,ERR,ERR,ERR,ERR,ERR,ERR,ERR,ERR,ERR,ERR,ERR,ERR,ERR,ERR,ERR,ERR,ERR,ERR,ERR,ERR,ERR,ERR,ERR,ERR,ERR,ERR,ERR,ERR,ERR,ERR,ERR,ERR,ERR,ERR,ERR,ERR,-107615288.0,-107615296.0,0.0,0.0,0.0,1.3936040501711995e+18,7.805,0.0,0,0,4,0,8422,0.0,45,0.0,0.0,0.0,0.0,0.0,0,0,0,0,0.0,0,0,0,0,0,0,0,0,0,0,0,0,0,0,0,0,0,0,0,0,0,0,0,0,0,0,0,0,0,0,0,0,0,38,14,7,45,65476,0,300,0,0,8,21553,0.0,-107605600.0,0.0,0.0,0.0,0.0,0.0,0.0,0.0,0.0,0.0,0.0,0.0,0.0,0.0,0.0,0.0,0.0,0.0,0.0,0.0,0.0,0.0,0.0,2.004,0.0,0.0,0.0,0.0,0.0,5079.0,564145967595520.0,0.0,-107615288.0,-107615296.0,-107615280.0,2.718429300292151e+23,0.0,0.0,0.0,0.0,53,-0.0,-0.0,0.0,0.0,0.0,0.0,0.0,0.0,0.0,0,0,0,0.0,0.0,0.0,0.0,0.0,0.0,0.0,0.0,0.0,0.0,0.0,0.0,0.0,0.0,0.0,0.0,0,-107875648.0,53,0.0,106,-107614832.0,0.0,ERR,ERR,ERR,ERR,ERR,ERR,ERR,ERR,ERR,ERR,ERR,ERR,ERR,ERR,ERR,ERR,ERR,ERR,ERR,ERR,ERR,ERR,ERR,ERR,ERR,ERR,ERR,ERR,ERR,ERR,ERR,ERR,ERR,ERR,ERR,ERR,ERR,ERR,ERR,ERR,ERR,ERR,ERR,ERR,ERR,ERR,ERR,ERR,ERR,ERR,ERR,ERR,ERR,ERR,ERR,ERR,ERR,ERR,ERR,ERR,ERR,ERR,ERR,ERR,ERR,ERR,ERR,50.0,60.0,100,0.0,0.0,0.0,0.0,0.0,0.0,0.0,0.0,0.0,0.0,0.0,0.0,0.0,0.0,0.0,0.0,61.6,74,13,65511,50,65476,0,300,0,0,8,20529,65476,0,0,26214,60.0,0.0,0.0,0.0,0.0,0.0
2026-05-17T18:11:36,ERR,ERR,ERR,ERR,ERR,ERR,ERR,ERR,ERR,ERR,ERR,ERR,ERR,ERR,ERR,ERR,ERR,ERR,ERR,ERR,ERR,ERR,ERR,ERR,ERR,ERR,ERR,ERR,ERR,ERR,ERR,ERR,ERR,ERR,ERR,ERR,ERR,ERR,ERR,ERR,ERR,ERR,ERR,ERR,ERR,ERR,ERR,ERR,ERR,ERR,ERR,ERR,ERR,ERR,ERR,ERR,ERR,ERR,ERR,ERR,ERR,ERR,ERR,ERR,ERR,ERR,ERR,ERR,ERR,ERR,ERR,ERR,ERR,ERR,ERR,ERR,ERR,ERR,ERR,ERR,ERR,ERR,ERR,ERR,ERR,ERR,ERR,ERR,ERR,ERR,ERR,ERR,ERR,ERR,ERR,ERR,ERR,ERR,ERR,ERR,ERR,ERR,ERR,ERR,ERR,ERR,ERR,ERR,ERR,ERR,ERR,ERR,ERR,ERR,ERR,ERR,ERR,ERR,ERR,ERR,ERR,ERR,ERR,ERR,ERR,-107615288.0,-107615296.0,0.0,0.0,0.0,1.3936040501711995e+18,7.805,0.0,0,0,4,0,8422,0.0,45,0.0,0.0,0.0,0.0,0.0,0,0,0,0,0.0,0,0,0,0,0,0,0,0,0,0,0,0,0,0,0,0,0,0,0,0,0,0,0,0,0,0,0,0,0,0,0,0,0,38,14,7,45,65476,0,300,0,0,8,21553,0.0,-107605600.0,0.0,0.0,0.0,0.0,0.0,0.0,0.0,0.0,0.0,0.0,0.0,0.0,0.0,0.0,0.0,0.0,0.0,0.0,0.0,0.0,0.0,0.0,2.004,0.0,0.0,0.0,0.0,0.0,5079.0,564145967595520.0,0.0,-107615288.0,-107615296.0,-107615280.0,2.718429300292151e+23,0.0,0.0,0.0,0.0,53,-0.0,-0.0,0.0,0.0,0.0,0.0,0.0,0.0,0.0,0,0,0,0.0,0.0,0.0,0.0,0.0,0.0,0.0,0.0,0.0,0.0,0.0,0.0,0.0,0.0,0.0,0.0,0,-107875648.0,53,0.0,106,-107614832.0,0.0,ERR,ERR,ERR,ERR,ERR,ERR,ERR,ERR,ERR,ERR,ERR,ERR,ERR,ERR,ERR,ERR,ERR,ERR,ERR,ERR,ERR,ERR,ERR,ERR,ERR,ERR,ERR,ERR,ERR,ERR,ERR,ERR,ERR,ERR,ERR,ERR,ERR,ERR,ERR,ERR,ERR,ERR,ERR,ERR,ERR,ERR,ERR,ERR,ERR,ERR,ERR,ERR,ERR,ERR,ERR,ERR,ERR,ERR,ERR,ERR,ERR,ERR,ERR,ERR,ERR,ERR,ERR,50.0,60.0,100,0.0,0.0,0.0,0.0,0.0,0.0,0.0,0.0,0.0,0.0,0.0,0.0,0.0,0.0,0.0,0.0,61.6,74,13,65511,50,65476,0,300,0,0,8,20529,65476,0,0,26214,60.0,0.0,0.0,0.0,0.0,0.0
2026-05-17T18:11:37,ERR,ERR,ERR,ERR,ERR,ERR,ERR,ERR,ERR,ERR,ERR,ERR,ERR,ERR,ERR,ERR,ERR,ERR,ERR,ERR,ERR,ERR,ERR,ERR,ERR,ERR,ERR,ERR,ERR,ERR,ERR,ERR,ERR,ERR,ERR,ERR,ERR,ERR,ERR,ERR,ERR,ERR,ERR,ERR,ERR,ERR,ERR,ERR,ERR,ERR,ERR,ERR,ERR,ERR,ERR,ERR,ERR,ERR,ERR,ERR,ERR,ERR,ERR,ERR,ERR,ERR,ERR,ERR,ERR,ERR,ERR,ERR,ERR,ERR,ERR,ERR,ERR,ERR,ERR,ERR,ERR,ERR,ERR,ERR,ERR,ERR,ERR,ERR,ERR,ERR,ERR,ERR,ERR,ERR,ERR,ERR,ERR,ERR,ERR,ERR,ERR,ERR,ERR,ERR,ERR,ERR,ERR,ERR,ERR,ERR,ERR,ERR,ERR,ERR,ERR,ERR,ERR,ERR,ERR,ERR,ERR,ERR,ERR,ERR,ERR,-107615288.0,-107615296.0,0.0,0.0,0.0,1.3936040501711995e+18,7.805,0.0,0,0,4,0,8422,0.0,45,0.0,0.0,0.0,0.0,0.0,0,0,0,0,0.0,0,0,0,0,0,0,0,0,0,0,0,0,0,0,0,0,0,0,0,0,0,0,0,0,0,0,0,0,0,0,0,0,0,38,14,7,45,65476,0,300,0,0,8,21553,0.0,-107605600.0,0.0,0.0,0.0,0.0,0.0,0.0,0.0,0.0,0.0,0.0,0.0,0.0,0.0,0.0,0.0,0.0,0.0,0.0,0.0,0.0,0.0,0.0,2.004,0.0,0.0,0.0,0.0,0.0,5079.0,564145967595520.0,0.0,-107615288.0,-107615296.0,-107615280.0,2.718429300292151e+23,0.0,0.0,0.0,0.0,53,-0.0,-0.0,0.0,0.0,0.0,0.0,0.0,0.0,0.0,0,0,0,0.0,0.0,0.0,0.0,0.0,0.0,0.0,0.0,0.0,0.0,0.0,0.0,0.0,0.0,0.0,0.0,0,-107875648.0,53,0.0,106,-107614832.0,0.0,ERR,ERR,ERR,ERR,ERR,ERR,ERR,ERR,ERR,ERR,ERR,ERR,ERR,ERR,ERR,ERR,ERR,ERR,ERR,ERR,ERR,ERR,ERR,ERR,ERR,ERR,ERR,ERR,ERR,ERR,ERR,ERR,ERR,ERR,ERR,ERR,ERR,ERR,ERR,ERR,ERR,ERR,ERR,ERR,ERR,ERR,ERR,ERR,ERR,ERR,ERR,ERR,ERR,ERR,ERR,ERR,ERR,ERR,ERR,ERR,ERR,ERR,ERR,ERR,ERR,ERR,ERR,50.0,60.0,100,0.0,0.0,0.0,0.0,0.0,0.0,0.0,0.0,0.0,0.0,0.0,0.0,0.0,0.0,0.0,0.0,61.6,74,13,65511,50,65476,0,300,0,0,8,20529,65476,0,0,26214,60.0,0.0,0.0,0.0,0.0,0.0
2026-05-17T18:11:38,ERR,ERR,ERR,ERR,ERR,ERR,ERR,ERR,ERR,ERR,ERR,ERR,ERR,ERR,ERR,ERR,ERR,ERR,ERR,ERR,ERR,ERR,ERR,ERR,ERR,ERR,ERR,ERR,ERR,ERR,ERR,ERR,ERR,ERR,ERR,ERR,ERR,ERR,ERR,ERR,ERR,ERR,ERR,ERR,ERR,ERR,ERR,ERR,ERR,ERR,ERR,ERR,ERR,ERR,ERR,ERR,ERR,ERR,ERR,ERR,ERR,ERR,ERR,ERR,ERR,ERR,ERR,ERR,ERR,ERR,ERR,ERR,ERR,ERR,ERR,ERR,ERR,ERR,ERR,ERR,ERR,ERR,ERR,ERR,ERR,ERR,ERR,ERR,ERR,ERR,ERR,ERR,ERR,ERR,ERR,ERR,ERR,ERR,ERR,ERR,ERR,ERR,ERR,ERR,ERR,ERR,ERR,ERR,ERR,ERR,ERR,ERR,ERR,ERR,ERR,ERR,ERR,ERR,ERR,ERR,ERR,ERR,ERR,ERR,ERR,-107615288.0,-107615296.0,0.0,0.0,0.0,1.3936040501711995e+18,7.805,0.0,0,0,4,0,8422,0.0,45,0.0,0.0,0.0,0.0,0.0,0,0,0,0,0.0,0,0,0,0,0,0,0,0,0,0,0,0,0,0,0,0,0,0,0,0,0,0,0,0,0,0,0,0,0,0,0,0,0,38,14,7,45,65476,0,300,0,0,8,21553,0.0,-107605600.0,0.0,0.0,0.0,0.0,0.0,0.0,0.0,0.0,0.0,0.0,0.0,0.0,0.0,0.0,0.0,0.0,0.0,0.0,0.0,0.0,0.0,0.0,2.004,0.0,0.0,0.0,0.0,0.0,5079.0,564145967595520.0,0.0,-107615288.0,-107615296.0,-107615280.0,2.718429300292151e+23,0.0,0.0,0.0,0.0,53,-0.0,-0.0,0.0,0.0,0.0,0.0,0.0,0.0,0.0,0,0,0,0.0,0.0,0.0,0.0,0.0,0.0,0.0,0.0,0.0,0.0,0.0,0.0,0.0,0.0,0.0,0.0,0,-107875648.0,53,0.0,106,-107614832.0,0.0,ERR,ERR,ERR,ERR,ERR,ERR,ERR,ERR,ERR,ERR,ERR,ERR,ERR,ERR,ERR,ERR,ERR,ERR,ERR,ERR,ERR,ERR,ERR,ERR,ERR,ERR,ERR,ERR,ERR,ERR,ERR,ERR,ERR,ERR,ERR,ERR,ERR,ERR,ERR,ERR,ERR,ERR,ERR,ERR,ERR,ERR,ERR,ERR,ERR,ERR,ERR,ERR,ERR,ERR,ERR,ERR,ERR,ERR,ERR,ERR,ERR,ERR,ERR,ERR,ERR,ERR,ERR,50.0,60.0,100,0.0,0.0,0.0,0.0,0.0,0.0,0.0,0.0,0.0,0.0,0.0,0.0,0.0,0.0,0.0,0.0,61.6,74,13,65511,50,65476,0,300,0,0,8,20529,65476,0,0,26214,60.0,0.0,0.0,0.0,0.0,0.0
2026-05-17T18:11:39,ERR,ERR,ERR,ERR,ERR,ERR,ERR,ERR,ERR,ERR,ERR,ERR,ERR,ERR,ERR,ERR,ERR,ERR,ERR,ERR,ERR,ERR,ERR,ERR,ERR,ERR,ERR,ERR,ERR,ERR,ERR,ERR,ERR,ERR,ERR,ERR,ERR,ERR,ERR,ERR,ERR,ERR,ERR,ERR,ERR,ERR,ERR,ERR,ERR,ERR,ERR,ERR,ERR,ERR,ERR,ERR,ERR,ERR,ERR,ERR,ERR,ERR,ERR,ERR,ERR,ERR,ERR,ERR,ERR,ERR,ERR,ERR,ERR,ERR,ERR,ERR,ERR,ERR,ERR,ERR,ERR,ERR,ERR,ERR,ERR,ERR,ERR,ERR,ERR,ERR,ERR,ERR,ERR,ERR,ERR,ERR,ERR,ERR,ERR,ERR,ERR,ERR,ERR,ERR,ERR,ERR,ERR,ERR,ERR,ERR,ERR,ERR,ERR,ERR,ERR,ERR,ERR,ERR,ERR,ERR,ERR,ERR,ERR,ERR,ERR,-107615288.0,-107615296.0,0.0,0.0,0.0,1.3936040501711995e+18,7.805,0.0,0,0,4,0,8422,0.0,45,0.0,0.0,0.0,0.0,0.0,0,0,0,0,0.0,0,0,0,0,0,0,0,0,0,0,0,0,0,0,0,0,0,0,0,0,0,0,0,0,0,0,0,0,0,0,0,0,0,38,14,7,45,65476,0,300,0,0,8,21553,0.0,-107605600.0,0.0,0.0,0.0,0.0,0.0,0.0,0.0,0.0,0.0,0.0,0.0,0.0,0.0,0.0,0.0,0.0,0.0,0.0,0.0,0.0,0.0,0.0,2.004,0.0,0.0,0.0,0.0,0.0,5079.0,564145967595520.0,0.0,-107615288.0,-107615296.0,-107615280.0,2.718429300292151e+23,0.0,0.0,0.0,0.0,53,-0.0,-0.0,0.0,0.0,0.0,0.0,0.0,0.0,0.0,0,0,0,0.0,0.0,0.0,0.0,0.0,0.0,0.0,0.0,0.0,0.0,0.0,0.0,0.0,0.0,0.0,0.0,0,-107875648.0,53,0.0,106,-107614832.0,0.0,ERR,ERR,ERR,ERR,ERR,ERR,ERR,ERR,ERR,ERR,ERR,ERR,ERR,ERR,ERR,ERR,ERR,ERR,ERR,ERR,ERR,ERR,ERR,ERR,ERR,ERR,ERR,ERR,ERR,ERR,ERR,ERR,ERR,ERR,ERR,ERR,ERR,ERR,ERR,ERR,ERR,ERR,ERR,ERR,ERR,ERR,ERR,ERR,ERR,ERR,ERR,ERR,ERR,ERR,ERR,ERR,ERR,ERR,ERR,ERR,ERR,ERR,ERR,ERR,ERR,ERR,ERR,50.0,60.0,100,0.0,0.0,0.0,0.0,0.0,0.0,0.0,0.0,0.0,0.0,0.0,0.0,0.0,0.0,0.0,0.0,62.0,74,13,65511,50,65476,0,300,0,0,8,20529,65476,0,0,26214,60.0,0.0,0.0,0.0,0.0,0.0
2026-05-17T18:11:40,ERR,ERR,ERR,ERR,ERR,ERR,ERR,ERR,ERR,ERR,ERR,ERR,ERR,ERR,ERR,ERR,ERR,ERR,ERR,ERR,ERR,ERR,ERR,ERR,ERR,ERR,ERR,ERR,ERR,ERR,ERR,ERR,ERR,ERR,ERR,ERR,ERR,ERR,ERR,ERR,ERR,ERR,ERR,ERR,ERR,ERR,ERR,ERR,ERR,ERR,ERR,ERR,ERR,ERR,ERR,ERR,ERR,ERR,ERR,ERR,ERR,ERR,ERR,ERR,ERR,ERR,ERR,ERR,ERR,ERR,ERR,ERR,ERR,ERR,ERR,ERR,ERR,ERR,ERR,ERR,ERR,ERR,ERR,ERR,ERR,ERR,ERR,ERR,ERR,ERR,ERR,ERR,ERR,ERR,ERR,ERR,ERR,ERR,ERR,ERR,ERR,ERR,ERR,ERR,ERR,ERR,ERR,ERR,ERR,ERR,ERR,ERR,ERR,ERR,ERR,ERR,ERR,ERR,ERR,ERR,ERR,ERR,ERR,ERR,ERR,0.0,-107615296.0,-134474944.0,0.0,0.0,1.3936040501711995e+18,7.805,0.0,0,0,4,0,8422,0.0,45,0.0,0.0,0.0,0.0,0.0,0,0,0,0,0.0,0,0,0,0,0,0,0,0,0,0,0,0,0,0,0,0,0,0,0,0,0,0,0,0,0,0,0,0,0,0,0,0,0,38,14,7,45,65476,0,300,0,0,8,21553,0.0,-107605600.0,0.0,0.0,0.0,0.0,0.0,0.0,0.0,0.0,0.0,0.0,0.0,0.0,0.0,0.0,0.0,0.0,0.0,0.0,0.0,0.0,0.0,0.0,-0.0,0.0,0.0,0.0,0.0,0.0,5083.0,-0.0,0.0,-107615288.0,-107615296.0,-107615280.0,0.0,0.0,0.0,0.0,0.0,53,-0.0,-2.3088284031854313e+20,0.0,0.0,0.0,0.0,0.0,0.0,0.0,0,0,0,0.0,0.0,0.0,0.0,0.0,0.0,0.0,0.0,0.0,0.0,0.0,0.0,0.0,0.0,0.0,0.0,0,-107875648.0,53,0.0,106,-107614832.0,0.0,ERR,ERR,ERR,ERR,ERR,ERR,ERR,ERR,ERR,ERR,ERR,ERR,ERR,ERR,ERR,ERR,ERR,ERR,ERR,ERR,ERR,ERR,ERR,ERR,ERR,ERR,ERR,ERR,ERR,ERR,ERR,ERR,ERR,ERR,ERR,ERR,ERR,ERR,ERR,ERR,ERR,ERR,ERR,ERR,ERR,ERR,ERR,ERR,ERR,ERR,ERR,ERR,ERR,ERR,ERR,ERR,ERR,ERR,ERR,ERR,ERR,ERR,ERR,ERR,ERR,ERR,ERR,50.0,60.0,100,0.0,0.0,0.0,0.0,0.0,0.0,0.0,0.0,0.0,0.0,0.0,0.0,0.0,0.0,0.0,0.0,62.0,74,13,65511,50,65476,0,300,0,0,8,20529,65476,0,0,26214,60.0,0.0,0.0,0.0,0.0,0.0
2026-05-17T18:11:41,ERR,ERR,ERR,ERR,ERR,ERR,ERR,ERR,ERR,ERR,ERR,ERR,ERR,ERR,ERR,ERR,ERR,ERR,ERR,ERR,ERR,ERR,ERR,ERR,ERR,ERR,ERR,ERR,ERR,ERR,ERR,ERR,ERR,ERR,ERR,ERR,ERR,ERR,ERR,ERR,ERR,ERR,ERR,ERR,ERR,ERR,ERR,ERR,ERR,ERR,ERR,ERR,ERR,ERR,ERR,ERR,ERR,ERR,ERR,ERR,ERR,ERR,ERR,ERR,ERR,ERR,ERR,ERR,ERR,ERR,ERR,ERR,ERR,ERR,ERR,ERR,ERR,ERR,ERR,ERR,ERR,ERR,ERR,ERR,ERR,ERR,ERR,ERR,ERR,ERR,ERR,ERR,ERR,ERR,ERR,ERR,ERR,ERR,ERR,ERR,ERR,ERR,ERR,ERR,ERR,ERR,ERR,ERR,ERR,ERR,ERR,ERR,ERR,ERR,ERR,ERR,ERR,ERR,ERR,ERR,ERR,ERR,ERR,ERR,ERR,0.0,-107615296.0,-134474944.0,0.0,0.0,1.3936040501711995e+18,7.805,0.0,0,0,4,0,8422,0.0,45,0.0,0.0,0.0,0.0,0.0,0,0,0,0,0.0,0,0,0,0,0,0,0,0,0,0,0,0,0,0,0,0,0,0,0,0,0,0,0,0,0,0,0,0,0,0,0,0,0,38,14,7,45,65476,0,300,0,0,8,21553,0.0,-107605600.0,0.0,0.0,0.0,0.0,0.0,0.0,0.0,0.0,0.0,0.0,0.0,0.0,0.0,0.0,0.0,0.0,0.0,0.0,0.0,0.0,0.0,0.0,-0.0,0.0,0.0,0.0,0.0,0.0,5083.0,-0.0,0.0,-107615288.0,-107615296.0,-107615280.0,0.0,0.0,0.0,0.0,0.0,53,-0.0,-2.3088284031854313e+20,0.0,0.0,0.0,0.0,0.0,0.0,0.0,0,0,0,0.0,0.0,0.0,0.0,0.0,0.0,0.0,0.0,0.0,0.0,0.0,0.0,0.0,0.0,0.0,0.0,0,-107875648.0,53,0.0,106,-107614832.0,0.0,ERR,ERR,ERR,ERR,ERR,ERR,ERR,ERR,ERR,ERR,ERR,ERR,ERR,ERR,ERR,ERR,ERR,ERR,ERR,ERR,ERR,ERR,ERR,ERR,ERR,ERR,ERR,ERR,ERR,ERR,ERR,ERR,ERR,ERR,ERR,ERR,ERR,ERR,ERR,ERR,ERR,ERR,ERR,ERR,ERR,ERR,ERR,ERR,ERR,ERR,ERR,ERR,ERR,ERR,ERR,ERR,ERR,ERR,ERR,ERR,ERR,ERR,ERR,ERR,ERR,ERR,ERR,50.0,60.0,100,0.0,0.0,0.0,0.0,0.0,0.0,0.0,0.0,0.0,0.0,0.0,0.0,0.0,0.0,0.0,0.0,61.6,74,13,65511,50,65476,0,300,0,0,8,20529,65476,0,0,26214,60.0,0.0,0.0,0.0,0.0,0.0
2026-05-17T18:11:42,ERR,ERR,ERR,ERR,ERR,ERR,ERR,ERR,ERR,ERR,ERR,ERR,ERR,ERR,ERR,ERR,ERR,ERR,ERR,ERR,ERR,ERR,ERR,ERR,ERR,ERR,ERR,ERR,ERR,ERR,ERR,ERR,ERR,ERR,ERR,ERR,ERR,ERR,ERR,ERR,ERR,ERR,ERR,ERR,ERR,ERR,ERR,ERR,ERR,ERR,ERR,ERR,ERR,ERR,ERR,ERR,ERR,ERR,ERR,ERR,ERR,ERR,ERR,ERR,ERR,ERR,ERR,ERR,ERR,ERR,ERR,ERR,ERR,ERR,ERR,ERR,ERR,ERR,ERR,ERR,ERR,ERR,ERR,ERR,ERR,ERR,ERR,ERR,ERR,ERR,ERR,ERR,ERR,ERR,ERR,ERR,ERR,ERR,ERR,ERR,ERR,ERR,ERR,ERR,ERR,ERR,ERR,ERR,ERR,ERR,ERR,ERR,ERR,ERR,ERR,ERR,ERR,ERR,ERR,ERR,ERR,ERR,ERR,ERR,ERR,0.0,-107615296.0,-134474944.0,0.0,0.0,1.3936040501711995e+18,7.805,0.0,0,0,4,0,8422,0.0,45,0.0,0.0,0.0,0.0,0.0,0,0,0,0,0.0,0,0,0,0,0,0,0,0,0,0,0,0,0,0,0,0,0,0,0,0,0,0,0,0,0,0,0,0,0,0,0,0,0,38,14,7,45,65476,0,300,0,0,8,21553,0.0,-107605600.0,0.0,0.0,0.0,0.0,0.0,0.0,0.0,0.0,0.0,0.0,0.0,0.0,0.0,0.0,0.0,0.0,0.0,0.0,0.0,0.0,0.0,0.0,-0.0,0.0,0.0,0.0,0.0,0.0,5083.0,-0.0,0.0,-107615288.0,-107615296.0,-107615280.0,0.0,0.0,0.0,0.0,0.0,53,-0.0,-2.3088284031854313e+20,0.0,0.0,0.0,0.0,0.0,0.0,0.0,0,0,0,0.0,0.0,0.0,0.0,0.0,0.0,0.0,0.0,0.0,0.0,0.0,0.0,0.0,0.0,0.0,0.0,0,-107875648.0,53,0.0,106,-107614832.0,0.0,ERR,ERR,ERR,ERR,ERR,ERR,ERR,ERR,ERR,ERR,ERR,ERR,ERR,ERR,ERR,ERR,ERR,ERR,ERR,ERR,ERR,ERR,ERR,ERR,ERR,ERR,ERR,ERR,ERR,ERR,ERR,ERR,ERR,ERR,ERR,ERR,ERR,ERR,ERR,ERR,ERR,ERR,ERR,ERR,ERR,ERR,ERR,ERR,ERR,ERR,ERR,ERR,ERR,ERR,ERR,ERR,ERR,ERR,ERR,ERR,ERR,ERR,ERR,ERR,ERR,ERR,ERR,50.0,60.0,100,0.0,0.0,0.0,0.0,0.0,0.0,0.0,0.0,0.0,0.0,0.0,0.0,0.0,0.0,0.0,0.0,61.6,74,13,65511,50,65476,0,300,0,0,8,20529,65476,0,0,26214,60.0,0.0,0.0,0.0,0.0,0.0
2026-05-17T18:11:43,ERR,ERR,ERR,ERR,ERR,ERR,ERR,ERR,ERR,ERR,ERR,ERR,ERR,ERR,ERR,ERR,ERR,ERR,ERR,ERR,ERR,ERR,ERR,ERR,ERR,ERR,ERR,ERR,ERR,ERR,ERR,ERR,ERR,ERR,ERR,ERR,ERR,ERR,ERR,ERR,ERR,ERR,ERR,ERR,ERR,ERR,ERR,ERR,ERR,ERR,ERR,ERR,ERR,ERR,ERR,ERR,ERR,ERR,ERR,ERR,ERR,ERR,ERR,ERR,ERR,ERR,ERR,ERR,ERR,ERR,ERR,ERR,ERR,ERR,ERR,ERR,ERR,ERR,ERR,ERR,ERR,ERR,ERR,ERR,ERR,ERR,ERR,ERR,ERR,ERR,ERR,ERR,ERR,ERR,ERR,ERR,ERR,ERR,ERR,ERR,ERR,ERR,ERR,ERR,ERR,ERR,ERR,ERR,ERR,ERR,ERR,ERR,ERR,ERR,ERR,ERR,ERR,ERR,ERR,ERR,ERR,ERR,ERR,ERR,ERR,0.0,-107615296.0,-134474944.0,0.0,0.0,1.3936040501711995e+18,7.805,0.0,0,0,4,0,8422,0.0,45,0.0,0.0,0.0,0.0,0.0,0,0,0,0,0.0,0,0,0,0,0,0,0,0,0,0,0,0,0,0,0,0,0,0,0,0,0,0,0,0,0,0,0,0,0,0,0,0,0,38,14,7,45,65476,0,300,0,0,8,21553,0.0,-107605600.0,0.0,0.0,0.0,0.0,0.0,0.0,0.0,0.0,0.0,0.0,0.0,0.0,0.0,0.0,0.0,0.0,0.0,0.0,0.0,0.0,0.0,0.0,-0.0,0.0,0.0,0.0,0.0,0.0,5083.0,-0.0,0.0,-107615288.0,-107615296.0,-107615280.0,0.0,0.0,0.0,0.0,0.0,53,-0.0,-2.3088284031854313e+20,0.0,0.0,0.0,0.0,0.0,0.0,0.0,0,0,0,0.0,0.0,0.0,0.0,0.0,0.0,0.0,0.0,0.0,0.0,0.0,0.0,0.0,0.0,0.0,0.0,0,-107875648.0,53,0.0,106,-107614832.0,0.0,ERR,ERR,ERR,ERR,ERR,ERR,ERR,ERR,ERR,ERR,ERR,ERR,ERR,ERR,ERR,ERR,ERR,ERR,ERR,ERR,ERR,ERR,ERR,ERR,ERR,ERR,ERR,ERR,ERR,ERR,ERR,ERR,ERR,ERR,ERR,ERR,ERR,ERR,ERR,ERR,ERR,ERR,ERR,ERR,ERR,ERR,ERR,ERR,ERR,ERR,ERR,ERR,ERR,ERR,ERR,ERR,ERR,ERR,ERR,ERR,ERR,ERR,ERR,ERR,ERR,ERR,ERR,50.0,60.0,100,0.0,0.0,0.0,0.0,0.0,0.0,0.0,0.0,0.0,0.0,0.0,0.0,0.0,0.0,0.0,0.0,61.6,74,13,65511,50,65476,0,300,0,0,8,20529,65476,0,0,26214,60.0,0.0,0.0,0.0,0.0,0.0
2026-05-17T18:11:44,ERR,ERR,ERR,ERR,ERR,ERR,ERR,ERR,ERR,ERR,ERR,ERR,ERR,ERR,ERR,ERR,ERR,ERR,ERR,ERR,ERR,ERR,ERR,ERR,ERR,ERR,ERR,ERR,ERR,ERR,ERR,ERR,ERR,ERR,ERR,ERR,ERR,ERR,ERR,ERR,ERR,ERR,ERR,ERR,ERR,ERR,ERR,ERR,ERR,ERR,ERR,ERR,ERR,ERR,ERR,ERR,ERR,ERR,ERR,ERR,ERR,ERR,ERR,ERR,ERR,ERR,ERR,ERR,ERR,ERR,ERR,ERR,ERR,ERR,ERR,ERR,ERR,ERR,ERR,ERR,ERR,ERR,ERR,ERR,ERR,ERR,ERR,ERR,ERR,ERR,ERR,ERR,ERR,ERR,ERR,ERR,ERR,ERR,ERR,ERR,ERR,ERR,ERR,ERR,ERR,ERR,ERR,ERR,ERR,ERR,ERR,ERR,ERR,ERR,ERR,ERR,ERR,ERR,ERR,ERR,ERR,ERR,ERR,ERR,ERR,0.0,-107615296.0,-134474944.0,0.0,0.0,1.3936040501711995e+18,7.805,0.0,0,0,4,0,8422,0.0,45,0.0,0.0,0.0,0.0,0.0,0,0,0,0,0.0,0,0,0,0,0,0,0,0,0,0,0,0,0,0,0,0,0,0,0,0,0,0,0,0,0,0,0,0,0,0,0,0,0,38,14,7,45,65476,0,300,0,0,8,21553,0.0,-107605600.0,0.0,0.0,0.0,0.0,0.0,0.0,0.0,0.0,0.0,0.0,0.0,0.0,0.0,0.0,0.0,0.0,0.0,0.0,0.0,0.0,0.0,0.0,-0.0,0.0,0.0,0.0,0.0,0.0,5083.0,-0.0,0.0,-107615288.0,-107615296.0,-107615280.0,0.0,0.0,0.0,0.0,0.0,53,-0.0,-2.3088284031854313e+20,0.0,0.0,0.0,0.0,0.0,0.0,0.0,0,0,0,0.0,0.0,0.0,0.0,0.0,0.0,0.0,0.0,0.0,0.0,0.0,0.0,0.0,0.0,0.0,0.0,0,-107875648.0,53,0.0,106,-107614832.0,0.0,ERR,ERR,ERR,ERR,ERR,ERR,ERR,ERR,ERR,ERR,ERR,ERR,ERR,ERR,ERR,ERR,ERR,ERR,ERR,ERR,ERR,ERR,ERR,ERR,ERR,ERR,ERR,ERR,ERR,ERR,ERR,ERR,ERR,ERR,ERR,ERR,ERR,ERR,ERR,ERR,ERR,ERR,ERR,ERR,ERR,ERR,ERR,ERR,ERR,ERR,ERR,ERR,ERR,ERR,ERR,ERR,ERR,ERR,ERR,ERR,ERR,ERR,ERR,ERR,ERR,ERR,ERR,50.0,60.0,100,0.0,0.0,0.0,0.0,0.0,0.0,0.0,0.0,0.0,0.0,0.0,0.0,0.0,0.0,0.0,0.0,61.6,74,13,65511,50,65476,0,300,0,0,8,20529,65476,0,0,26214,60.0,0.0,0.0,0.0,0.0,0.0
2026-05-17T18:11:45,ERR,ERR,ERR,ERR,ERR,ERR,ERR,ERR,ERR,ERR,ERR,ERR,ERR,ERR,ERR,ERR,ERR,ERR,ERR,ERR,ERR,ERR,ERR,ERR,ERR,ERR,ERR,ERR,ERR,ERR,ERR,ERR,ERR,ERR,ERR,ERR,ERR,ERR,ERR,ERR,ERR,ERR,ERR,ERR,ERR,ERR,ERR,ERR,ERR,ERR,ERR,ERR,ERR,ERR,ERR,ERR,ERR,ERR,ERR,ERR,ERR,ERR,ERR,ERR,ERR,ERR,ERR,ERR,ERR,ERR,ERR,ERR,ERR,ERR,ERR,ERR,ERR,ERR,ERR,ERR,ERR,ERR,ERR,ERR,ERR,ERR,ERR,ERR,ERR,ERR,ERR,ERR,ERR,ERR,ERR,ERR,ERR,ERR,ERR,ERR,ERR,ERR,ERR,ERR,ERR,ERR,ERR,ERR,ERR,ERR,ERR,ERR,ERR,ERR,ERR,ERR,ERR,ERR,ERR,ERR,ERR,ERR,ERR,ERR,ERR,0.0,-107615296.0,-134474944.0,0.0,0.0,1.3936040501711995e+18,7.805,0.0,0,0,4,0,8422,0.0,45,0.0,0.0,0.0,0.0,0.0,0,0,0,0,0.0,0,0,0,0,0,0,0,0,0,0,0,0,0,0,0,0,0,0,0,0,0,0,0,0,0,0,0,0,0,0,0,0,0,38,14,7,45,65476,0,300,0,0,8,21553,0.0,-107605600.0,0.0,0.0,0.0,0.0,0.0,0.0,0.0,0.0,0.0,0.0,0.0,0.0,0.0,0.0,0.0,0.0,0.0,0.0,0.0,0.0,0.0,0.0,-0.0,0.0,0.0,0.0,0.0,0.0,5083.0,-0.0,0.0,-107615288.0,-107615296.0,-107615280.0,0.0,0.0,0.0,0.0,0.0,53,-0.0,-2.3088284031854313e+20,0.0,0.0,0.0,0.0,0.0,0.0,0.0,0,0,0,0.0,0.0,0.0,0.0,0.0,0.0,0.0,0.0,0.0,0.0,0.0,0.0,0.0,0.0,0.0,0.0,0,-107875648.0,53,0.0,106,-107614832.0,0.0,ERR,ERR,ERR,ERR,ERR,ERR,ERR,ERR,ERR,ERR,ERR,ERR,ERR,ERR,ERR,ERR,ERR,ERR,ERR,ERR,ERR,ERR,ERR,ERR,ERR,ERR,ERR,ERR,ERR,ERR,ERR,ERR,ERR,ERR,ERR,ERR,ERR,ERR,ERR,ERR,ERR,ERR,ERR,ERR,ERR,ERR,ERR,ERR,ERR,ERR,ERR,ERR,ERR,ERR,ERR,ERR,ERR,ERR,ERR,ERR,ERR,ERR,ERR,ERR,ERR,ERR,ERR,50.0,60.0,100,0.0,0.0,0.0,0.0,0.0,0.0,0.0,0.0,0.0,0.0,0.0,0.0,0.0,0.0,0.0,0.0,61.6,74,13,65511,50,65476,0,300,0,0,8,20529,65476,0,0,26214,60.0,0.0,0.0,0.0,0.0,0.0
2026-05-17T18:11:46,ERR,ERR,ERR,ERR,ERR,ERR,ERR,ERR,ERR,ERR,ERR,ERR,ERR,ERR,ERR,ERR,ERR,ERR,ERR,ERR,ERR,ERR,ERR,ERR,ERR,ERR,ERR,ERR,ERR,ERR,ERR,ERR,ERR,ERR,ERR,ERR,ERR,ERR,ERR,ERR,ERR,ERR,ERR,ERR,ERR,ERR,ERR,ERR,ERR,ERR,ERR,ERR,ERR,ERR,ERR,ERR,ERR,ERR,ERR,ERR,ERR,ERR,ERR,ERR,ERR,ERR,ERR,ERR,ERR,ERR,ERR,ERR,ERR,ERR,ERR,ERR,ERR,ERR,ERR,ERR,ERR,ERR,ERR,ERR,ERR,ERR,ERR,ERR,ERR,ERR,ERR,ERR,ERR,ERR,ERR,ERR,ERR,ERR,ERR,ERR,ERR,ERR,ERR,ERR,ERR,ERR,ERR,ERR,ERR,ERR,ERR,ERR,ERR,ERR,ERR,ERR,ERR,ERR,ERR,ERR,ERR,ERR,ERR,ERR,ERR,-107615288.0,-107615296.0,0.0,0.0,0.0,1.3936040501711995e+18,7.805,0.0,0,0,4,0,8422,0.0,45,0.0,0.0,0.0,0.0,0.0,0,0,0,0,0.0,0,0,0,0,0,0,0,0,0,0,0,0,0,0,0,0,0,0,0,0,0,0,0,0,0,0,0,0,0,0,0,0,0,38,14,7,45,65476,0,300,0,0,8,21553,0.0,-107605600.0,0.0,0.0,0.0,0.0,0.0,0.0,0.0,0.0,0.0,0.0,0.0,0.0,0.0,0.0,0.0,0.0,0.0,0.0,0.0,0.0,0.0,0.0,-0.0,0.0,0.0,0.0,0.0,0.0,5080.0,0.0,0.0,-107615288.0,-107615296.0,-107615280.0,2.718429300292151e+23,0.0,0.0,0.0,0.0,53,-0.0,2.718417771077105e+23,0.0,0.0,0.0,0.0,0.0,0.0,0.0,0,0,0,0.0,0.0,0.0,0.0,0.0,0.0,0.0,0.0,0.0,0.0,0.0,0.0,0.0,0.0,0.0,0.0,0,-107875648.0,53,0.0,106,-107614832.0,0.0,ERR,ERR,ERR,ERR,ERR,ERR,ERR,ERR,ERR,ERR,ERR,ERR,ERR,ERR,ERR,ERR,ERR,ERR,ERR,ERR,ERR,ERR,ERR,ERR,ERR,ERR,ERR,ERR,ERR,ERR,ERR,ERR,ERR,ERR,ERR,ERR,ERR,ERR,ERR,ERR,ERR,ERR,ERR,ERR,ERR,ERR,ERR,ERR,ERR,ERR,ERR,ERR,ERR,ERR,ERR,ERR,ERR,ERR,ERR,ERR,ERR,ERR,ERR,ERR,ERR,ERR,ERR,50.0,60.0,100,0.0,0.0,0.0,0.0,0.0,0.0,0.0,0.0,0.0,0.0,0.0,0.0,0.0,0.0,0.0,0.0,61.6,74,13,65511,50,65476,0,300,0,0,8,20529,65476,0,0,26214,60.0,0.0,0.0,0.0,0.0,0.0
2026-05-17T18:11:47,ERR,ERR,ERR,ERR,ERR,ERR,ERR,ERR,ERR,ERR,ERR,ERR,ERR,ERR,ERR,ERR,ERR,ERR,ERR,ERR,ERR,ERR,ERR,ERR,ERR,ERR,ERR,ERR,ERR,ERR,ERR,ERR,ERR,ERR,ERR,ERR,ERR,ERR,ERR,ERR,ERR,ERR,ERR,ERR,ERR,ERR,ERR,ERR,ERR,ERR,ERR,ERR,ERR,ERR,ERR,ERR,ERR,ERR,ERR,ERR,ERR,ERR,ERR,ERR,ERR,ERR,ERR,ERR,ERR,ERR,ERR,ERR,ERR,ERR,ERR,ERR,ERR,ERR,ERR,ERR,ERR,ERR,ERR,ERR,ERR,ERR,ERR,ERR,ERR,ERR,ERR,ERR,ERR,ERR,ERR,ERR,ERR,ERR,ERR,ERR,ERR,ERR,ERR,ERR,ERR,ERR,ERR,ERR,ERR,ERR,ERR,ERR,ERR,ERR,ERR,ERR,ERR,ERR,ERR,ERR,ERR,ERR,ERR,ERR,ERR,-107615288.0,-107615296.0,0.0,0.0,0.0,1.3936040501711995e+18,7.805,0.0,0,0,4,0,8422,0.0,45,0.0,0.0,0.0,0.0,0.0,0,0,0,0,0.0,0,0,0,0,0,0,0,0,0,0,0,0,0,0,0,0,0,0,0,0,0,0,0,0,0,0,0,0,0,0,0,0,0,38,14,7,45,65476,0,300,0,0,8,21553,0.0,-107605600.0,0.0,0.0,0.0,0.0,0.0,0.0,0.0,0.0,0.0,0.0,0.0,0.0,0.0,0.0,0.0,0.0,0.0,0.0,0.0,0.0,0.0,0.0,-0.0,0.0,0.0,0.0,0.0,0.0,5080.0,0.0,0.0,-107615288.0,-107615296.0,-107615280.0,2.718429300292151e+23,0.0,0.0,0.0,0.0,53,-0.0,2.718417771077105e+23,0.0,0.0,0.0,0.0,0.0,0.0,0.0,0,0,0,0.0,0.0,0.0,0.0,0.0,0.0,0.0,0.0,0.0,0.0,0.0,0.0,0.0,0.0,0.0,0.0,0,-107875648.0,53,0.0,106,-107614832.0,0.0,ERR,ERR,ERR,ERR,ERR,ERR,ERR,ERR,ERR,ERR,ERR,ERR,ERR,ERR,ERR,ERR,ERR,ERR,ERR,ERR,ERR,ERR,ERR,ERR,ERR,ERR,ERR,ERR,ERR,ERR,ERR,ERR,ERR,ERR,ERR,ERR,ERR,ERR,ERR,ERR,ERR,ERR,ERR,ERR,ERR,ERR,ERR,ERR,ERR,ERR,ERR,ERR,ERR,ERR,ERR,ERR,ERR,ERR,ERR,ERR,ERR,ERR,ERR,ERR,ERR,ERR,ERR,50.0,60.0,100,0.0,0.0,0.0,0.0,0.0,0.0,0.0,0.0,0.0,0.0,0.0,0.0,0.0,0.0,0.0,0.0,61.6,74,13,65511,50,65476,0,300,0,0,8,20529,65476,0,0,26214,60.0,0.0,0.0,0.0,0.0,0.0
2026-05-17T18:11:48,ERR,ERR,ERR,ERR,ERR,ERR,ERR,ERR,ERR,ERR,ERR,ERR,ERR,ERR,ERR,ERR,ERR,ERR,ERR,ERR,ERR,ERR,ERR,ERR,ERR,ERR,ERR,ERR,ERR,ERR,ERR,ERR,ERR,ERR,ERR,ERR,ERR,ERR,ERR,ERR,ERR,ERR,ERR,ERR,ERR,ERR,ERR,ERR,ERR,ERR,ERR,ERR,ERR,ERR,ERR,ERR,ERR,ERR,ERR,ERR,ERR,ERR,ERR,ERR,ERR,ERR,ERR,ERR,ERR,ERR,ERR,ERR,ERR,ERR,ERR,ERR,ERR,ERR,ERR,ERR,ERR,ERR,ERR,ERR,ERR,ERR,ERR,ERR,ERR,ERR,ERR,ERR,ERR,ERR,ERR,ERR,ERR,ERR,ERR,ERR,ERR,ERR,ERR,ERR,ERR,ERR,ERR,ERR,ERR,ERR,ERR,ERR,ERR,ERR,ERR,ERR,ERR,ERR,ERR,ERR,ERR,ERR,ERR,ERR,ERR,-107615288.0,-107615296.0,0.0,0.0,0.0,1.3936040501711995e+18,7.805,0.0,0,0,4,0,8422,0.0,45,0.0,0.0,0.0,0.0,0.0,0,0,0,0,0.0,0,0,0,0,0,0,0,0,0,0,0,0,0,0,0,0,0,0,0,0,0,0,0,0,0,0,0,0,0,0,0,0,0,38,14,7,45,65476,0,300,0,0,8,21553,0.0,-107605600.0,0.0,0.0,0.0,0.0,0.0,0.0,0.0,0.0,0.0,0.0,0.0,0.0,0.0,0.0,0.0,0.0,0.0,0.0,0.0,0.0,0.0,0.0,-0.0,0.0,0.0,0.0,0.0,0.0,5080.0,0.0,0.0,-107615288.0,-107615296.0,-107615280.0,2.718429300292151e+23,0.0,0.0,0.0,0.0,53,-0.0,2.718417771077105e+23,0.0,0.0,0.0,0.0,0.0,0.0,0.0,0,0,0,0.0,0.0,0.0,0.0,0.0,0.0,0.0,0.0,0.0,0.0,0.0,0.0,0.0,0.0,0.0,0.0,0,-107875648.0,53,0.0,106,-107614832.0,0.0,ERR,ERR,ERR,ERR,ERR,ERR,ERR,ERR,ERR,ERR,ERR,ERR,ERR,ERR,ERR,ERR,ERR,ERR,ERR,ERR,ERR,ERR,ERR,ERR,ERR,ERR,ERR,ERR,ERR,ERR,ERR,ERR,ERR,ERR,ERR,ERR,ERR,ERR,ERR,ERR,ERR,ERR,ERR,ERR,ERR,ERR,ERR,ERR,ERR,ERR,ERR,ERR,ERR,ERR,ERR,ERR,ERR,ERR,ERR,ERR,ERR,ERR,ERR,ERR,ERR,ERR,ERR,50.0,60.0,100,0.0,0.0,0.0,0.0,0.0,0.0,0.0,0.0,0.0,0.0,0.0,0.0,0.0,0.0,0.0,0.0,62.0,74,13,65511,50,65476,0,300,0,0,8,20529,65476,0,0,26214,60.0,0.0,0.0,0.0,0.0,0.0
2026-05-17T18:11:49,ERR,ERR,ERR,ERR,ERR,ERR,ERR,ERR,ERR,ERR,ERR,ERR,ERR,ERR,ERR,ERR,ERR,ERR,ERR,ERR,ERR,ERR,ERR,ERR,ERR,ERR,ERR,ERR,ERR,ERR,ERR,ERR,ERR,ERR,ERR,ERR,ERR,ERR,ERR,ERR,ERR,ERR,ERR,ERR,ERR,ERR,ERR,ERR,ERR,ERR,ERR,ERR,ERR,ERR,ERR,ERR,ERR,ERR,ERR,ERR,ERR,ERR,ERR,ERR,ERR,ERR,ERR,ERR,ERR,ERR,ERR,ERR,ERR,ERR,ERR,ERR,ERR,ERR,ERR,ERR,ERR,ERR,ERR,ERR,ERR,ERR,ERR,ERR,ERR,ERR,ERR,ERR,ERR,ERR,ERR,ERR,ERR,ERR,ERR,ERR,ERR,ERR,ERR,ERR,ERR,ERR,ERR,ERR,ERR,ERR,ERR,ERR,ERR,ERR,ERR,ERR,ERR,ERR,ERR,ERR,ERR,ERR,ERR,ERR,ERR,-107615288.0,-107615296.0,0.0,0.0,0.0,1.3936040501711995e+18,7.805,0.0,0,0,4,0,8422,0.0,45,0.0,0.0,0.0,0.0,0.0,0,0,0,0,0.0,0,0,0,0,0,0,0,0,0,0,0,0,0,0,0,0,0,0,0,0,0,0,0,0,0,0,0,0,0,0,0,0,0,38,14,7,45,65476,0,300,0,0,8,21553,0.0,-107605600.0,0.0,0.0,0.0,0.0,0.0,0.0,0.0,0.0,0.0,0.0,0.0,0.0,0.0,0.0,0.0,0.0,0.0,0.0,0.0,0.0,0.0,0.0,-0.0,0.0,0.0,0.0,0.0,0.0,5080.0,0.0,0.0,-107615288.0,-107615296.0,-107615280.0,2.718429300292151e+23,0.0,0.0,0.0,0.0,53,-0.0,2.718417771077105e+23,0.0,0.0,0.0,0.0,0.0,0.0,0.0,0,0,0,0.0,0.0,0.0,0.0,0.0,0.0,0.0,0.0,0.0,0.0,0.0,0.0,0.0,0.0,0.0,0.0,0,-107875648.0,53,0.0,106,-107614832.0,0.0,ERR,ERR,ERR,ERR,ERR,ERR,ERR,ERR,ERR,ERR,ERR,ERR,ERR,ERR,ERR,ERR,ERR,ERR,ERR,ERR,ERR,ERR,ERR,ERR,ERR,ERR,ERR,ERR,ERR,ERR,ERR,ERR,ERR,ERR,ERR,ERR,ERR,ERR,ERR,ERR,ERR,ERR,ERR,ERR,ERR,ERR,ERR,ERR,ERR,ERR,ERR,ERR,ERR,ERR,ERR,ERR,ERR,ERR,ERR,ERR,ERR,ERR,ERR,ERR,ERR,ERR,ERR,50.0,60.0,100,0.0,0.0,0.0,0.0,0.0,0.0,0.0,0.0,0.0,0.0,0.0,0.0,0.0,0.0,0.0,0.0,62.0,74,13,65511,50,65476,0,300,0,0,8,20529,65476,0,0,26214,60.0,0.0,0.0,0.0,0.0,0.0
2026-05-17T18:11:50,ERR,ERR,ERR,ERR,ERR,ERR,ERR,ERR,ERR,ERR,ERR,ERR,ERR,ERR,ERR,ERR,ERR,ERR,ERR,ERR,ERR,ERR,ERR,ERR,ERR,ERR,ERR,ERR,ERR,ERR,ERR,ERR,ERR,ERR,ERR,ERR,ERR,ERR,ERR,ERR,ERR,ERR,ERR,ERR,ERR,ERR,ERR,ERR,ERR,ERR,ERR,ERR,ERR,ERR,ERR,ERR,ERR,ERR,ERR,ERR,ERR,ERR,ERR,ERR,ERR,ERR,ERR,ERR,ERR,ERR,ERR,ERR,ERR,ERR,ERR,ERR,ERR,ERR,ERR,ERR,ERR,ERR,ERR,ERR,ERR,ERR,ERR,ERR,ERR,ERR,ERR,ERR,ERR,ERR,ERR,ERR,ERR,ERR,ERR,ERR,ERR,ERR,ERR,ERR,ERR,ERR,ERR,ERR,ERR,ERR,ERR,ERR,ERR,ERR,ERR,ERR,ERR,ERR,ERR,ERR,ERR,ERR,ERR,ERR,ERR,-107615288.0,-107615296.0,0.0,0.0,0.0,1.3936040501711995e+18,7.805,0.0,0,0,4,0,8422,0.0,45,0.0,0.0,0.0,0.0,0.0,0,0,0,0,0.0,0,0,0,0,0,0,0,0,0,0,0,0,0,0,0,0,0,0,0,0,0,0,0,0,0,0,0,0,0,0,0,0,0,38,14,7,45,65476,0,300,0,0,8,21553,0.0,-107605600.0,0.0,0.0,0.0,0.0,0.0,0.0,0.0,0.0,0.0,0.0,0.0,0.0,0.0,0.0,0.0,0.0,0.0,0.0,0.0,0.0,0.0,0.0,-0.0,0.0,0.0,0.0,0.0,0.0,5080.0,0.0,0.0,-107615288.0,-107615296.0,-107615280.0,2.718429300292151e+23,0.0,0.0,0.0,0.0,53,-0.0,2.718417771077105e+23,0.0,0.0,0.0,0.0,0.0,0.0,0.0,0,0,0,0.0,0.0,0.0,0.0,0.0,0.0,0.0,0.0,0.0,0.0,0.0,0.0,0.0,0.0,0.0,0.0,0,-107875648.0,53,0.0,106,-107614832.0,0.0,ERR,ERR,ERR,ERR,ERR,ERR,ERR,ERR,ERR,ERR,ERR,ERR,ERR,ERR,ERR,ERR,ERR,ERR,ERR,ERR,ERR,ERR,ERR,ERR,ERR,ERR,ERR,ERR,ERR,ERR,ERR,ERR,ERR,ERR,ERR,ERR,ERR,ERR,ERR,ERR,ERR,ERR,ERR,ERR,ERR,ERR,ERR,ERR,ERR,ERR,ERR,ERR,ERR,ERR,ERR,ERR,ERR,ERR,ERR,ERR,ERR,ERR,ERR,ERR,ERR,ERR,ERR,50.0,60.0,100,0.0,0.0,0.0,0.0,0.0,0.0,0.0,0.0,0.0,0.0,0.0,0.0,0.0,0.0,0.0,0.0,61.6,74,13,65511,50,65476,0,300,0,0,8,20529,65476,0,0,26214,60.0,0.0,0.0,0.0,0.0,0.0
2026-05-17T18:11:51,ERR,ERR,ERR,ERR,ERR,ERR,ERR,ERR,ERR,ERR,ERR,ERR,ERR,ERR,ERR,ERR,ERR,ERR,ERR,ERR,ERR,ERR,ERR,ERR,ERR,ERR,ERR,ERR,ERR,ERR,ERR,ERR,ERR,ERR,ERR,ERR,ERR,ERR,ERR,ERR,ERR,ERR,ERR,ERR,ERR,ERR,ERR,ERR,ERR,ERR,ERR,ERR,ERR,ERR,ERR,ERR,ERR,ERR,ERR,ERR,ERR,ERR,ERR,ERR,ERR,ERR,ERR,ERR,ERR,ERR,ERR,ERR,ERR,ERR,ERR,ERR,ERR,ERR,ERR,ERR,ERR,ERR,ERR,ERR,ERR,ERR,ERR,ERR,ERR,ERR,ERR,ERR,ERR,ERR,ERR,ERR,ERR,ERR,ERR,ERR,ERR,ERR,ERR,ERR,ERR,ERR,ERR,ERR,ERR,ERR,ERR,ERR,ERR,ERR,ERR,ERR,ERR,ERR,ERR,ERR,ERR,ERR,ERR,ERR,ERR,-107615288.0,-107615296.0,0.0,0.0,0.0,1.3936040501711995e+18,7.805,0.0,0,0,4,0,8422,0.0,45,0.0,0.0,0.0,0.0,0.0,0,0,0,0,0.0,0,0,0,0,0,0,0,0,0,0,0,0,0,0,0,0,0,0,0,0,0,0,0,0,0,0,0,0,0,0,0,0,0,38,14,7,45,65476,0,300,0,0,8,21553,0.0,-107605600.0,0.0,0.0,0.0,0.0,0.0,0.0,0.0,0.0,0.0,0.0,0.0,0.0,0.0,0.0,0.0,0.0,0.0,0.0,0.0,0.0,-2.004,0.0,2.004,0.0,0.0,0.0,0.0,0.0,5051.0,-0.0,0.0,-107615288.0,-107615296.0,-0.0,2.718429300292151e+23,0.0,0.0,0.0,0.0,53,-0.0,-152017297211392.0,0.0,0.0,0.0,0.0,0.0,0.0,0.0,0,0,0,0.0,0.0,0.0,0.0,0.0,0.0,0.0,0.0,0.0,0.0,0.0,0.0,0.0,0.0,0.0,0.0,0,-107875648.0,53,0.0,106,-107614832.0,0.0,ERR,ERR,ERR,ERR,ERR,ERR,ERR,ERR,ERR,ERR,ERR,ERR,ERR,ERR,ERR,ERR,ERR,ERR,ERR,ERR,ERR,ERR,ERR,ERR,ERR,ERR,ERR,ERR,ERR,ERR,ERR,ERR,ERR,ERR,ERR,ERR,ERR,ERR,ERR,ERR,ERR,ERR,ERR,ERR,ERR,ERR,ERR,ERR,ERR,ERR,ERR,ERR,ERR,ERR,ERR,ERR,ERR,ERR,ERR,ERR,ERR,ERR,ERR,ERR,ERR,ERR,ERR,50.0,60.0,100,0.0,0.0,0.0,0.0,0.0,0.0,0.0,0.0,0.0,0.0,0.0,0.0,0.0,0.0,0.0,0.0,61.6,74,13,65511,50,65476,0,300,0,0,8,20529,65476,0,0,26214,60.0,0.0,0.0,0.0,0.0,0.0
2026-05-17T18:11:52,ERR,ERR,ERR,ERR,ERR,ERR,ERR,ERR,ERR,ERR,ERR,ERR,ERR,ERR,ERR,ERR,ERR,ERR,ERR,ERR,ERR,ERR,ERR,ERR,ERR,ERR,ERR,ERR,ERR,ERR,ERR,ERR,ERR,ERR,ERR,ERR,ERR,ERR,ERR,ERR,ERR,ERR,ERR,ERR,ERR,ERR,ERR,ERR,ERR,ERR,ERR,ERR,ERR,ERR,ERR,ERR,ERR,ERR,ERR,ERR,ERR,ERR,ERR,ERR,ERR,ERR,ERR,ERR,ERR,ERR,ERR,ERR,ERR,ERR,ERR,ERR,ERR,ERR,ERR,ERR,ERR,ERR,ERR,ERR,ERR,ERR,ERR,ERR,ERR,ERR,ERR,ERR,ERR,ERR,ERR,ERR,ERR,ERR,ERR,ERR,ERR,ERR,ERR,ERR,ERR,ERR,ERR,ERR,ERR,ERR,ERR,ERR,ERR,ERR,ERR,ERR,ERR,ERR,ERR,ERR,ERR,ERR,ERR,ERR,ERR,-107615288.0,-107615296.0,0.0,0.0,0.0,1.3936040501711995e+18,7.805,0.0,0,0,4,0,8422,0.0,45,0.0,0.0,0.0,0.0,0.0,0,0,0,0,0.0,0,0,0,0,0,0,0,0,0,0,0,0,0,0,0,0,0,0,0,0,0,0,0,0,0,0,0,0,0,0,0,0,0,38,14,7,45,65476,0,300,0,0,8,21553,0.0,-107605600.0,0.0,0.0,0.0,0.0,0.0,0.0,0.0,0.0,0.0,0.0,0.0,0.0,0.0,0.0,0.0,0.0,0.0,0.0,0.0,0.0,-2.004,0.0,2.004,0.0,0.0,0.0,0.0,0.0,5051.0,-0.0,0.0,-107615288.0,-107615296.0,-0.0,2.718429300292151e+23,0.0,0.0,0.0,0.0,53,-0.0,-152017297211392.0,0.0,0.0,0.0,0.0,0.0,0.0,0.0,0,0,0,0.0,0.0,0.0,0.0,0.0,0.0,0.0,0.0,0.0,0.0,0.0,0.0,0.0,0.0,0.0,0.0,0,-107875648.0,53,0.0,106,-107614832.0,0.0,ERR,ERR,ERR,ERR,ERR,ERR,ERR,ERR,ERR,ERR,ERR,ERR,ERR,ERR,ERR,ERR,ERR,ERR,ERR,ERR,ERR,ERR,ERR,ERR,ERR,ERR,ERR,ERR,ERR,ERR,ERR,ERR,ERR,ERR,ERR,ERR,ERR,ERR,ERR,ERR,ERR,ERR,ERR,ERR,ERR,ERR,ERR,ERR,ERR,ERR,ERR,ERR,ERR,ERR,ERR,ERR,ERR,ERR,ERR,ERR,ERR,ERR,ERR,ERR,ERR,ERR,ERR,50.0,60.0,100,0.0,0.0,0.0,0.0,0.0,0.0,0.0,0.0,0.0,0.0,0.0,0.0,0.0,0.0,0.0,0.0,61.6,74,13,65511,50,65476,0,300,0,0,8,20529,65476,0,0,26214,60.0,0.0,0.0,0.0,0.0,0.0
2026-05-17T18:11:53,ERR,ERR,ERR,ERR,ERR,ERR,ERR,ERR,ERR,ERR,ERR,ERR,ERR,ERR,ERR,ERR,ERR,ERR,ERR,ERR,ERR,ERR,ERR,ERR,ERR,ERR,ERR,ERR,ERR,ERR,ERR,ERR,ERR,ERR,ERR,ERR,ERR,ERR,ERR,ERR,ERR,ERR,ERR,ERR,ERR,ERR,ERR,ERR,ERR,ERR,ERR,ERR,ERR,ERR,ERR,ERR,ERR,ERR,ERR,ERR,ERR,ERR,ERR,ERR,ERR,ERR,ERR,ERR,ERR,ERR,ERR,ERR,ERR,ERR,ERR,ERR,ERR,ERR,ERR,ERR,ERR,ERR,ERR,ERR,ERR,ERR,ERR,ERR,ERR,ERR,ERR,ERR,ERR,ERR,ERR,ERR,ERR,ERR,ERR,ERR,ERR,ERR,ERR,ERR,ERR,ERR,ERR,ERR,ERR,ERR,ERR,ERR,ERR,ERR,ERR,ERR,ERR,ERR,ERR,ERR,ERR,ERR,ERR,ERR,ERR,-107615288.0,-107615296.0,0.0,0.0,0.0,1.3936040501711995e+18,7.805,0.0,0,0,4,0,8422,0.0,45,0.0,0.0,0.0,0.0,0.0,0,0,0,0,0.0,0,0,0,0,0,0,0,0,0,0,0,0,0,0,0,0,0,0,0,0,0,0,0,0,0,0,0,0,0,0,0,0,0,38,14,7,45,65476,0,300,0,0,8,21553,0.0,-107605600.0,0.0,0.0,0.0,0.0,0.0,0.0,0.0,0.0,0.0,0.0,0.0,0.0,0.0,0.0,0.0,0.0,0.0,0.0,0.0,0.0,-2.004,0.0,2.004,0.0,0.0,0.0,0.0,0.0,5051.0,-0.0,0.0,-107615288.0,-107615296.0,-0.0,2.718429300292151e+23,0.0,0.0,0.0,0.0,53,-0.0,-152017297211392.0,0.0,0.0,0.0,0.0,0.0,0.0,0.0,0,0,0,0.0,0.0,0.0,0.0,0.0,0.0,0.0,0.0,0.0,0.0,0.0,0.0,0.0,0.0,0.0,0.0,0,-107875648.0,53,0.0,106,-107614832.0,0.0,ERR,ERR,ERR,ERR,ERR,ERR,ERR,ERR,ERR,ERR,ERR,ERR,ERR,ERR,ERR,ERR,ERR,ERR,ERR,ERR,ERR,ERR,ERR,ERR,ERR,ERR,ERR,ERR,ERR,ERR,ERR,ERR,ERR,ERR,ERR,ERR,ERR,ERR,ERR,ERR,ERR,ERR,ERR,ERR,ERR,ERR,ERR,ERR,ERR,ERR,ERR,ERR,ERR,ERR,ERR,ERR,ERR,ERR,ERR,ERR,ERR,ERR,ERR,ERR,ERR,ERR,ERR,50.0,60.0,100,0.0,0.0,0.0,0.0,0.0,0.0,0.0,0.0,0.0,0.0,0.0,0.0,0.0,0.0,0.0,0.0,61.6,74,13,65511,50,65476,0,300,0,0,8,20529,65476,0,0,26214,60.0,0.0,0.0,0.0,0.0,0.0
2026-05-17T18:11:54,ERR,ERR,ERR,ERR,ERR,ERR,ERR,ERR,ERR,ERR,ERR,ERR,ERR,ERR,ERR,ERR,ERR,ERR,ERR,ERR,ERR,ERR,ERR,ERR,ERR,ERR,ERR,ERR,ERR,ERR,ERR,ERR,ERR,ERR,ERR,ERR,ERR,ERR,ERR,ERR,ERR,ERR,ERR,ERR,ERR,ERR,ERR,ERR,ERR,ERR,ERR,ERR,ERR,ERR,ERR,ERR,ERR,ERR,ERR,ERR,ERR,ERR,ERR,ERR,ERR,ERR,ERR,ERR,ERR,ERR,ERR,ERR,ERR,ERR,ERR,ERR,ERR,ERR,ERR,ERR,ERR,ERR,ERR,ERR,ERR,ERR,ERR,ERR,ERR,ERR,ERR,ERR,ERR,ERR,ERR,ERR,ERR,ERR,ERR,ERR,ERR,ERR,ERR,ERR,ERR,ERR,ERR,ERR,ERR,ERR,ERR,ERR,ERR,ERR,ERR,ERR,ERR,ERR,ERR,ERR,ERR,ERR,ERR,ERR,ERR,-107615288.0,-107615296.0,0.0,0.0,0.0,1.3936040501711995e+18,7.805,0.0,0,0,4,0,8422,0.0,45,0.0,0.0,0.0,0.0,0.0,0,0,0,0,0.0,0,0,0,0,0,0,0,0,0,0,0,0,0,0,0,0,0,0,0,0,0,0,0,0,0,0,0,0,0,0,0,0,0,38,14,7,45,65476,0,300,0,0,8,21553,0.0,-107605600.0,0.0,0.0,0.0,0.0,0.0,0.0,0.0,0.0,0.0,0.0,0.0,0.0,0.0,0.0,0.0,0.0,0.0,0.0,0.0,0.0,-2.004,0.0,2.004,0.0,0.0,0.0,0.0,0.0,5051.0,-0.0,0.0,-107615288.0,-107615296.0,-0.0,2.718429300292151e+23,0.0,0.0,0.0,0.0,53,-0.0,-152017297211392.0,0.0,0.0,0.0,0.0,0.0,0.0,0.0,0,0,0,0.0,0.0,0.0,0.0,0.0,0.0,0.0,0.0,0.0,0.0,0.0,0.0,0.0,0.0,0.0,0.0,0,-107875648.0,53,0.0,106,-107614832.0,0.0,ERR,ERR,ERR,ERR,ERR,ERR,ERR,ERR,ERR,ERR,ERR,ERR,ERR,ERR,ERR,ERR,ERR,ERR,ERR,ERR,ERR,ERR,ERR,ERR,ERR,ERR,ERR,ERR,ERR,ERR,ERR,ERR,ERR,ERR,ERR,ERR,ERR,ERR,ERR,ERR,ERR,ERR,ERR,ERR,ERR,ERR,ERR,ERR,ERR,ERR,ERR,ERR,ERR,ERR,ERR,ERR,ERR,ERR,ERR,ERR,ERR,ERR,ERR,ERR,ERR,ERR,ERR,50.0,60.0,100,0.0,0.0,0.0,0.0,0.0,0.0,0.0,0.0,0.0,0.0,0.0,0.0,0.0,0.0,0.0,0.0,61.6,74,13,65511,50,65476,0,300,0,0,8,20529,65476,0,0,26214,60.0,0.0,0.0,0.0,0.0,0.0
2026-05-17T18:11:55,ERR,ERR,ERR,ERR,ERR,ERR,ERR,ERR,ERR,ERR,ERR,ERR,ERR,ERR,ERR,ERR,ERR,ERR,ERR,ERR,ERR,ERR,ERR,ERR,ERR,ERR,ERR,ERR,ERR,ERR,ERR,ERR,ERR,ERR,ERR,ERR,ERR,ERR,ERR,ERR,ERR,ERR,ERR,ERR,ERR,ERR,ERR,ERR,ERR,ERR,ERR,ERR,ERR,ERR,ERR,ERR,ERR,ERR,ERR,ERR,ERR,ERR,ERR,ERR,ERR,ERR,ERR,ERR,ERR,ERR,ERR,ERR,ERR,ERR,ERR,ERR,ERR,ERR,ERR,ERR,ERR,ERR,ERR,ERR,ERR,ERR,ERR,ERR,ERR,ERR,ERR,ERR,ERR,ERR,ERR,ERR,ERR,ERR,ERR,ERR,ERR,ERR,ERR,ERR,ERR,ERR,ERR,ERR,ERR,ERR,ERR,ERR,ERR,ERR,ERR,ERR,ERR,ERR,ERR,ERR,ERR,ERR,ERR,ERR,ERR,-107615288.0,-107615296.0,0.0,0.0,0.0,1.3936040501711995e+18,7.805,0.0,0,0,4,0,8422,0.0,45,0.0,0.0,0.0,0.0,0.0,0,0,0,0,0.0,0,0,0,0,0,0,0,0,0,0,0,0,0,0,0,0,0,0,0,0,0,0,0,0,0,0,0,0,0,0,0,0,0,38,14,7,45,65476,0,300,0,0,8,21553,0.0,-107605600.0,0.0,0.0,0.0,0.0,0.0,0.0,0.0,0.0,0.0,0.0,0.0,0.0,0.0,0.0,0.0,0.0,0.0,0.0,0.0,0.0,-2.004,0.0,2.004,0.0,0.0,0.0,0.0,0.0,5051.0,-0.0,0.0,-107615288.0,-107615296.0,-0.0,2.718429300292151e+23,0.0,0.0,0.0,0.0,53,-0.0,-152017297211392.0,0.0,0.0,0.0,0.0,0.0,0.0,0.0,0,0,0,0.0,0.0,0.0,0.0,0.0,0.0,0.0,0.0,0.0,0.0,0.0,0.0,0.0,0.0,0.0,0.0,0,-107875648.0,53,0.0,106,-107614832.0,0.0,ERR,ERR,ERR,ERR,ERR,ERR,ERR,ERR,ERR,ERR,ERR,ERR,ERR,ERR,ERR,ERR,ERR,ERR,ERR,ERR,ERR,ERR,ERR,ERR,ERR,ERR,ERR,ERR,ERR,ERR,ERR,ERR,ERR,ERR,ERR,ERR,ERR,ERR,ERR,ERR,ERR,ERR,ERR,ERR,ERR,ERR,ERR,ERR,ERR,ERR,ERR,ERR,ERR,ERR,ERR,ERR,ERR,ERR,ERR,ERR,ERR,ERR,ERR,ERR,ERR,ERR,ERR,50.0,60.0,100,0.0,0.0,0.0,0.0,0.0,0.0,0.0,0.0,0.0,0.0,0.0,0.0,0.0,0.0,0.0,0.0,61.6,74,13,65511,50,65476,0,300,0,0,8,20529,65476,0,0,26214,60.0,0.0,0.0,0.0,0.0,0.0
2026-05-17T18:11:56,ERR,ERR,ERR,ERR,ERR,ERR,ERR,ERR,ERR,ERR,ERR,ERR,ERR,ERR,ERR,ERR,ERR,ERR,ERR,ERR,ERR,ERR,ERR,ERR,ERR,ERR,ERR,ERR,ERR,ERR,ERR,ERR,ERR,ERR,ERR,ERR,ERR,ERR,ERR,ERR,ERR,ERR,ERR,ERR,ERR,ERR,ERR,ERR,ERR,ERR,ERR,ERR,ERR,ERR,ERR,ERR,ERR,ERR,ERR,ERR,ERR,ERR,ERR,ERR,ERR,ERR,ERR,ERR,ERR,ERR,ERR,ERR,ERR,ERR,ERR,ERR,ERR,ERR,ERR,ERR,ERR,ERR,ERR,ERR,ERR,ERR,ERR,ERR,ERR,ERR,ERR,ERR,ERR,ERR,ERR,ERR,ERR,ERR,ERR,ERR,ERR,ERR,ERR,ERR,ERR,ERR,ERR,ERR,ERR,ERR,ERR,ERR,ERR,ERR,ERR,ERR,ERR,ERR,ERR,ERR,ERR,ERR,ERR,ERR,ERR,-107615288.0,-107615296.0,0.0,0.0,0.0,1.3936040501711995e+18,7.805,0.0,0,0,4,0,8422,0.0,45,0.0,0.0,0.0,0.0,0.0,0,0,0,0,0.0,0,0,0,0,0,0,0,0,0,0,0,0,0,0,0,0,0,0,0,0,0,0,0,0,0,0,0,0,0,0,0,0,0,38,14,7,45,65476,0,300,0,0,8,21553,0.0,-107605600.0,0.0,0.0,0.0,0.0,0.0,0.0,0.0,0.0,0.0,0.0,0.0,0.0,0.0,0.0,0.0,0.0,0.0,0.0,0.0,0.0,-2.004,0.0,-0.0,0.0,0.0,0.0,0.0,0.0,5050.0,-0.0,0.0,-107615288.0,-107615296.0,-107615280.0,2.718429300292151e+23,0.0,0.0,0.0,0.0,53,-0.0,-0.0,0.0,0.0,0.0,0.0,0.0,0.0,0.0,0,0,0,0.0,0.0,0.0,0.0,0.0,0.0,0.0,0.0,0.0,0.0,0.0,0.0,0.0,0.0,0.0,0.0,0,-107875648.0,53,0.0,106,-107614832.0,0.0,ERR,ERR,ERR,ERR,ERR,ERR,ERR,ERR,ERR,ERR,ERR,ERR,ERR,ERR,ERR,ERR,ERR,ERR,ERR,ERR,ERR,ERR,ERR,ERR,ERR,ERR,ERR,ERR,ERR,ERR,ERR,ERR,ERR,ERR,ERR,ERR,ERR,ERR,ERR,ERR,ERR,ERR,ERR,ERR,ERR,ERR,ERR,ERR,ERR,ERR,ERR,ERR,ERR,ERR,ERR,ERR,ERR,ERR,ERR,ERR,ERR,ERR,ERR,ERR,ERR,ERR,ERR,50.0,60.0,100,0.0,0.0,0.0,0.0,0.0,0.0,0.0,0.0,0.0,0.0,0.0,0.0,0.0,0.0,0.0,0.0,61.6,74,13,65511,50,65476,0,300,0,0,8,20529,65476,0,0,26214,60.0,0.0,0.0,0.0,0.0,0.0
2026-05-17T18:11:57,ERR,ERR,ERR,ERR,ERR,ERR,ERR,ERR,ERR,ERR,ERR,ERR,ERR,ERR,ERR,ERR,ERR,ERR,ERR,ERR,ERR,ERR,ERR,ERR,ERR,ERR,ERR,ERR,ERR,ERR,ERR,ERR,ERR,ERR,ERR,ERR,ERR,ERR,ERR,ERR,ERR,ERR,ERR,ERR,ERR,ERR,ERR,ERR,ERR,ERR,ERR,ERR,ERR,ERR,ERR,ERR,ERR,ERR,ERR,ERR,ERR,ERR,ERR,ERR,ERR,ERR,ERR,ERR,ERR,ERR,ERR,ERR,ERR,ERR,ERR,ERR,ERR,ERR,ERR,ERR,ERR,ERR,ERR,ERR,ERR,ERR,ERR,ERR,ERR,ERR,ERR,ERR,ERR,ERR,ERR,ERR,ERR,ERR,ERR,ERR,ERR,ERR,ERR,ERR,ERR,ERR,ERR,ERR,ERR,ERR,ERR,ERR,ERR,ERR,ERR,ERR,ERR,ERR,ERR,ERR,ERR,ERR,ERR,ERR,ERR,-107615288.0,-107615296.0,0.0,0.0,0.0,1.3936040501711995e+18,7.805,0.0,0,0,4,0,8422,0.0,45,0.0,0.0,0.0,0.0,0.0,0,0,0,0,0.0,0,0,0,0,0,0,0,0,0,0,0,0,0,0,0,0,0,0,0,0,0,0,0,0,0,0,0,0,0,0,0,0,0,38,14,7,45,65476,0,300,0,0,8,21553,0.0,-107605600.0,0.0,0.0,0.0,0.0,0.0,0.0,0.0,0.0,0.0,0.0,0.0,0.0,0.0,0.0,0.0,0.0,0.0,0.0,0.0,0.0,-2.004,0.0,-0.0,0.0,0.0,0.0,0.0,0.0,5050.0,-0.0,0.0,-107615288.0,-107615296.0,-107615280.0,2.718429300292151e+23,0.0,0.0,0.0,0.0,53,-0.0,-0.0,0.0,0.0,0.0,0.0,0.0,0.0,0.0,0,0,0,0.0,0.0,0.0,0.0,0.0,0.0,0.0,0.0,0.0,0.0,0.0,0.0,0.0,0.0,0.0,0.0,0,-107875648.0,53,0.0,106,-107614832.0,0.0,ERR,ERR,ERR,ERR,ERR,ERR,ERR,ERR,ERR,ERR,ERR,ERR,ERR,ERR,ERR,ERR,ERR,ERR,ERR,ERR,ERR,ERR,ERR,ERR,ERR,ERR,ERR,ERR,ERR,ERR,ERR,ERR,ERR,ERR,ERR,ERR,ERR,ERR,ERR,ERR,ERR,ERR,ERR,ERR,ERR,ERR,ERR,ERR,ERR,ERR,ERR,ERR,ERR,ERR,ERR,ERR,ERR,ERR,ERR,ERR,ERR,ERR,ERR,ERR,ERR,ERR,ERR,50.0,60.0,100,0.0,0.0,0.0,0.0,0.0,0.0,0.0,0.0,0.0,0.0,0.0,0.0,0.0,0.0,0.0,0.0,61.6,74,13,65511,50,65476,0,300,0,0,8,20529,65476,0,0,26214,60.0,0.0,0.0,0.0,0.0,0.0
2026-05-17T18:11:58,ERR,ERR,ERR,ERR,ERR,ERR,ERR,ERR,ERR,ERR,ERR,ERR,ERR,ERR,ERR,ERR,ERR,ERR,ERR,ERR,ERR,ERR,ERR,ERR,ERR,ERR,ERR,ERR,ERR,ERR,ERR,ERR,ERR,ERR,ERR,ERR,ERR,ERR,ERR,ERR,ERR,ERR,ERR,ERR,ERR,ERR,ERR,ERR,ERR,ERR,ERR,ERR,ERR,ERR,ERR,ERR,ERR,ERR,ERR,ERR,ERR,ERR,ERR,ERR,ERR,ERR,ERR,ERR,ERR,ERR,ERR,ERR,ERR,ERR,ERR,ERR,ERR,ERR,ERR,ERR,ERR,ERR,ERR,ERR,ERR,ERR,ERR,ERR,ERR,ERR,ERR,ERR,ERR,ERR,ERR,ERR,ERR,ERR,ERR,ERR,ERR,ERR,ERR,ERR,ERR,ERR,ERR,ERR,ERR,ERR,ERR,ERR,ERR,ERR,ERR,ERR,ERR,ERR,ERR,ERR,ERR,ERR,ERR,ERR,ERR,-107615288.0,-107615296.0,0.0,0.0,0.0,1.3936040501711995e+18,7.805,0.0,0,0,4,0,8422,0.0,45,0.0,0.0,0.0,0.0,0.0,0,0,0,0,0.0,0,0,0,0,0,0,0,0,0,0,0,0,0,0,0,0,0,0,0,0,0,0,0,0,0,0,0,0,0,0,0,0,0,38,14,7,45,65476,0,300,0,0,8,21553,0.0,-107605600.0,0.0,0.0,0.0,0.0,0.0,0.0,0.0,0.0,0.0,0.0,0.0,0.0,0.0,0.0,0.0,0.0,0.0,0.0,0.0,0.0,-2.004,0.0,-0.0,0.0,0.0,0.0,0.0,0.0,5050.0,-0.0,0.0,-107615288.0,-107615296.0,-107615280.0,2.718429300292151e+23,0.0,0.0,0.0,0.0,53,-0.0,-0.0,0.0,0.0,0.0,0.0,0.0,0.0,0.0,0,0,0,0.0,0.0,0.0,0.0,0.0,0.0,0.0,0.0,0.0,0.0,0.0,0.0,0.0,0.0,0.0,0.0,0,-107875648.0,53,0.0,106,-107614832.0,0.0,ERR,ERR,ERR,ERR,ERR,ERR,ERR,ERR,ERR,ERR,ERR,ERR,ERR,ERR,ERR,ERR,ERR,ERR,ERR,ERR,ERR,ERR,ERR,ERR,ERR,ERR,ERR,ERR,ERR,ERR,ERR,ERR,ERR,ERR,ERR,ERR,ERR,ERR,ERR,ERR,ERR,ERR,ERR,ERR,ERR,ERR,ERR,ERR,ERR,ERR,ERR,ERR,ERR,ERR,ERR,ERR,ERR,ERR,ERR,ERR,ERR,ERR,ERR,ERR,ERR,ERR,ERR,50.0,60.0,100,0.0,0.0,0.0,0.0,0.0,0.0,0.0,0.0,0.0,0.0,0.0,0.0,0.0,0.0,0.0,0.0,61.6,74,13,65511,50,65476,0,300,0,0,8,20529,65476,0,0,26214,60.0,0.0,0.0,0.0,0.0,0.0
2026-05-17T18:11:59,ERR,ERR,ERR,ERR,ERR,ERR,ERR,ERR,ERR,ERR,ERR,ERR,ERR,ERR,ERR,ERR,ERR,ERR,ERR,ERR,ERR,ERR,ERR,ERR,ERR,ERR,ERR,ERR,ERR,ERR,ERR,ERR,ERR,ERR,ERR,ERR,ERR,ERR,ERR,ERR,ERR,ERR,ERR,ERR,ERR,ERR,ERR,ERR,ERR,ERR,ERR,ERR,ERR,ERR,ERR,ERR,ERR,ERR,ERR,ERR,ERR,ERR,ERR,ERR,ERR,ERR,ERR,ERR,ERR,ERR,ERR,ERR,ERR,ERR,ERR,ERR,ERR,ERR,ERR,ERR,ERR,ERR,ERR,ERR,ERR,ERR,ERR,ERR,ERR,ERR,ERR,ERR,ERR,ERR,ERR,ERR,ERR,ERR,ERR,ERR,ERR,ERR,ERR,ERR,ERR,ERR,ERR,ERR,ERR,ERR,ERR,ERR,ERR,ERR,ERR,ERR,ERR,ERR,ERR,ERR,ERR,ERR,ERR,ERR,ERR,-107615288.0,-107615296.0,0.0,0.0,0.0,1.3936040501711995e+18,7.805,0.0,0,0,4,0,8422,0.0,45,0.0,0.0,0.0,0.0,0.0,0,0,0,0,0.0,0,0,0,0,0,0,0,0,0,0,0,0,0,0,0,0,0,0,0,0,0,0,0,0,0,0,0,0,0,0,0,0,0,38,14,7,45,65476,0,300,0,0,8,21553,0.0,-107605600.0,0.0,0.0,0.0,0.0,0.0,0.0,0.0,0.0,0.0,0.0,0.0,0.0,0.0,0.0,0.0,0.0,0.0,0.0,0.0,0.0,-2.004,0.0,-0.0,0.0,0.0,0.0,0.0,0.0,5050.0,-0.0,0.0,-107615288.0,-107615296.0,-107615280.0,2.718429300292151e+23,0.0,0.0,0.0,0.0,53,-0.0,-0.0,0.0,0.0,0.0,0.0,0.0,0.0,0.0,0,0,0,0.0,0.0,0.0,0.0,0.0,0.0,0.0,0.0,0.0,0.0,0.0,0.0,0.0,0.0,0.0,0.0,0,-107875648.0,53,0.0,106,-107614832.0,0.0,ERR,ERR,ERR,ERR,ERR,ERR,ERR,ERR,ERR,ERR,ERR,ERR,ERR,ERR,ERR,ERR,ERR,ERR,ERR,ERR,ERR,ERR,ERR,ERR,ERR,ERR,ERR,ERR,ERR,ERR,ERR,ERR,ERR,ERR,ERR,ERR,ERR,ERR,ERR,ERR,ERR,ERR,ERR,ERR,ERR,ERR,ERR,ERR,ERR,ERR,ERR,ERR,ERR,ERR,ERR,ERR,ERR,ERR,ERR,ERR,ERR,ERR,ERR,ERR,ERR,ERR,ERR,50.0,60.0,100,0.0,0.0,0.0,0.0,0.0,0.0,0.0,0.0,0.0,0.0,0.0,0.0,0.0,0.0,0.0,0.0,62.0,74,13,65511,50,65476,0,300,0,0,8,20529,65476,0,0,26214,60.0,0.0,0.0,0.0,0.0,0.0
2026-05-17T18:12:00,ERR,ERR,ERR,ERR,ERR,ERR,ERR,ERR,ERR,ERR,ERR,ERR,ERR,ERR,ERR,ERR,ERR,ERR,ERR,ERR,ERR,ERR,ERR,ERR,ERR,ERR,ERR,ERR,ERR,ERR,ERR,ERR,ERR,ERR,ERR,ERR,ERR,ERR,ERR,ERR,ERR,ERR,ERR,ERR,ERR,ERR,ERR,ERR,ERR,ERR,ERR,ERR,ERR,ERR,ERR,ERR,ERR,ERR,ERR,ERR,ERR,ERR,ERR,ERR,ERR,ERR,ERR,ERR,ERR,ERR,ERR,ERR,ERR,ERR,ERR,ERR,ERR,ERR,ERR,ERR,ERR,ERR,ERR,ERR,ERR,ERR,ERR,ERR,ERR,ERR,ERR,ERR,ERR,ERR,ERR,ERR,ERR,ERR,ERR,ERR,ERR,ERR,ERR,ERR,ERR,ERR,ERR,ERR,ERR,ERR,ERR,ERR,ERR,ERR,ERR,ERR,ERR,ERR,ERR,ERR,ERR,ERR,ERR,ERR,ERR,-107615288.0,-107615296.0,0.0,0.0,0.0,1.3936040501711995e+18,7.805,0.0,0,0,4,0,8422,0.0,45,0.0,0.0,0.0,0.0,0.0,0,0,0,0,0.0,0,0,0,0,0,0,0,0,0,0,0,0,0,0,0,0,0,0,0,0,0,0,0,0,0,0,0,0,0,0,0,0,0,38,14,7,45,65476,0,300,0,0,8,21553,0.0,-107605600.0,0.0,0.0,0.0,0.0,0.0,0.0,0.0,0.0,0.0,0.0,0.0,0.0,0.0,0.0,0.0,0.0,0.0,0.0,0.0,0.0,-2.004,0.0,-0.0,0.0,0.0,0.0,0.0,0.0,5050.0,-0.0,0.0,-107615288.0,-107615296.0,-107615280.0,2.718429300292151e+23,0.0,0.0,0.0,0.0,53,-0.0,-0.0,0.0,0.0,0.0,0.0,0.0,0.0,0.0,0,0,0,0.0,0.0,0.0,0.0,0.0,0.0,0.0,0.0,0.0,0.0,0.0,0.0,0.0,0.0,0.0,0.0,0,-107875648.0,53,0.0,106,-107614832.0,0.0,ERR,ERR,ERR,ERR,ERR,ERR,ERR,ERR,ERR,ERR,ERR,ERR,ERR,ERR,ERR,ERR,ERR,ERR,ERR,ERR,ERR,ERR,ERR,ERR,ERR,ERR,ERR,ERR,ERR,ERR,ERR,ERR,ERR,ERR,ERR,ERR,ERR,ERR,ERR,ERR,ERR,ERR,ERR,ERR,ERR,ERR,ERR,ERR,ERR,ERR,ERR,ERR,ERR,ERR,ERR,ERR,ERR,ERR,ERR,ERR,ERR,ERR,ERR,ERR,ERR,ERR,ERR,50.0,60.0,100,0.0,0.0,0.0,0.0,0.0,0.0,0.0,0.0,0.0,0.0,0.0,0.0,0.0,0.0,0.0,0.0,61.6,74,13,65511,50,65476,0,300,0,0,8,20529,65476,0,0,26214,60.0,0.0,0.0,0.0,0.0,0.0
2026-05-17T18:12:01,ERR,ERR,ERR,ERR,ERR,ERR,ERR,ERR,ERR,ERR,ERR,ERR,ERR,ERR,ERR,ERR,ERR,ERR,ERR,ERR,ERR,ERR,ERR,ERR,ERR,ERR,ERR,ERR,ERR,ERR,ERR,ERR,ERR,ERR,ERR,ERR,ERR,ERR,ERR,ERR,ERR,ERR,ERR,ERR,ERR,ERR,ERR,ERR,ERR,ERR,ERR,ERR,ERR,ERR,ERR,ERR,ERR,ERR,ERR,ERR,ERR,ERR,ERR,ERR,ERR,ERR,ERR,ERR,ERR,ERR,ERR,ERR,ERR,ERR,ERR,ERR,ERR,ERR,ERR,ERR,ERR,ERR,ERR,ERR,ERR,ERR,ERR,ERR,ERR,ERR,ERR,ERR,ERR,ERR,ERR,ERR,ERR,ERR,ERR,ERR,ERR,ERR,ERR,ERR,ERR,ERR,ERR,ERR,ERR,ERR,ERR,ERR,ERR,ERR,ERR,ERR,ERR,ERR,ERR,ERR,ERR,ERR,ERR,ERR,ERR,-107615288.0,-107615296.0,0.0,0.0,0.0,1.3936040501711995e+18,7.805,0.0,0,0,4,0,8422,0.0,45,0.0,0.0,0.0,0.0,0.0,0,0,0,0,0.0,0,0,0,0,0,0,0,0,0,0,0,0,0,0,0,0,0,0,0,0,0,0,0,0,0,0,0,0,0,0,0,0,0,38,14,7,45,65476,0,300,0,0,8,21553,0.0,-107605600.0,0.0,0.0,0.0,0.0,0.0,0.0,0.0,0.0,0.0,0.0,0.0,0.0,0.0,0.0,0.0,0.0,0.0,0.0,0.0,0.0,-2.004,0.0,-0.0,0.0,0.0,0.0,0.0,0.0,5053.0,-0.0,0.0,0.0,-107615296.0,-107615280.0,2.718429300292151e+23,0.0,0.0,0.0,0.0,53,-0.0,-0.0,0.0,0.0,0.0,0.0,0.0,0.0,0.0,0,0,0,0.0,0.0,0.0,0.0,0.0,0.0,0.0,0.0,0.0,0.0,0.0,0.0,0.0,0.0,0.0,0.0,0,-107875648.0,53,0.0,106,-107614832.0,0.0,ERR,ERR,ERR,ERR,ERR,ERR,ERR,ERR,ERR,ERR,ERR,ERR,ERR,ERR,ERR,ERR,ERR,ERR,ERR,ERR,ERR,ERR,ERR,ERR,ERR,ERR,ERR,ERR,ERR,ERR,ERR,ERR,ERR,ERR,ERR,ERR,ERR,ERR,ERR,ERR,ERR,ERR,ERR,ERR,ERR,ERR,ERR,ERR,ERR,ERR,ERR,ERR,ERR,ERR,ERR,ERR,ERR,ERR,ERR,ERR,ERR,ERR,ERR,ERR,ERR,ERR,ERR,50.0,60.0,100,0.0,0.0,0.0,0.0,0.0,0.0,0.0,0.0,0.0,0.0,0.0,0.0,0.0,0.0,0.0,0.0,61.6,74,13,65511,50,65476,0,300,0,0,8,20529,65476,0,0,26214,60.0,0.0,0.0,0.0,0.0,0.0
2026-05-17T18:12:02,ERR,ERR,ERR,ERR,ERR,ERR,ERR,ERR,ERR,ERR,ERR,ERR,ERR,ERR,ERR,ERR,ERR,ERR,ERR,ERR,ERR,ERR,ERR,ERR,ERR,ERR,ERR,ERR,ERR,ERR,ERR,ERR,ERR,ERR,ERR,ERR,ERR,ERR,ERR,ERR,ERR,ERR,ERR,ERR,ERR,ERR,ERR,ERR,ERR,ERR,ERR,ERR,ERR,ERR,ERR,ERR,ERR,ERR,ERR,ERR,ERR,ERR,ERR,ERR,ERR,ERR,ERR,ERR,ERR,ERR,ERR,ERR,ERR,ERR,ERR,ERR,ERR,ERR,ERR,ERR,ERR,ERR,ERR,ERR,ERR,ERR,ERR,ERR,ERR,ERR,ERR,ERR,ERR,ERR,ERR,ERR,ERR,ERR,ERR,ERR,ERR,ERR,ERR,ERR,ERR,ERR,ERR,ERR,ERR,ERR,ERR,ERR,ERR,ERR,ERR,ERR,ERR,ERR,ERR,ERR,ERR,ERR,ERR,ERR,ERR,-107615288.0,-107615296.0,0.0,0.0,0.0,1.3936040501711995e+18,7.805,0.0,0,0,4,0,8422,0.0,45,0.0,0.0,0.0,0.0,0.0,0,0,0,0,0.0,0,0,0,0,0,0,0,0,0,0,0,0,0,0,0,0,0,0,0,0,0,0,0,0,0,0,0,0,0,0,0,0,0,38,14,7,45,65476,0,300,0,0,8,21553,0.0,-107605600.0,0.0,0.0,0.0,0.0,0.0,0.0,0.0,0.0,0.0,0.0,0.0,0.0,0.0,0.0,0.0,0.0,0.0,0.0,0.0,0.0,-2.004,0.0,-0.0,0.0,0.0,0.0,0.0,0.0,5053.0,-0.0,0.0,0.0,-107615296.0,-107615280.0,2.718429300292151e+23,0.0,0.0,0.0,0.0,53,-0.0,-0.0,0.0,0.0,0.0,0.0,0.0,0.0,0.0,0,0,0,0.0,0.0,0.0,0.0,0.0,0.0,0.0,0.0,0.0,0.0,0.0,0.0,0.0,0.0,0.0,0.0,0,-107875648.0,53,0.0,106,-107614832.0,0.0,ERR,ERR,ERR,ERR,ERR,ERR,ERR,ERR,ERR,ERR,ERR,ERR,ERR,ERR,ERR,ERR,ERR,ERR,ERR,ERR,ERR,ERR,ERR,ERR,ERR,ERR,ERR,ERR,ERR,ERR,ERR,ERR,ERR,ERR,ERR,ERR,ERR,ERR,ERR,ERR,ERR,ERR,ERR,ERR,ERR,ERR,ERR,ERR,ERR,ERR,ERR,ERR,ERR,ERR,ERR,ERR,ERR,ERR,ERR,ERR,ERR,ERR,ERR,ERR,ERR,ERR,ERR,50.0,60.0,100,0.0,0.0,0.0,0.0,0.0,0.0,0.0,0.0,0.0,0.0,0.0,0.0,0.0,0.0,0.0,0.0,62.0,74,13,65511,50,65476,0,300,0,0,8,20529,65476,0,0,26214,60.0,0.0,0.0,0.0,0.0,0.0
2026-05-17T18:12:03,ERR,ERR,ERR,ERR,ERR,ERR,ERR,ERR,ERR,ERR,ERR,ERR,ERR,ERR,ERR,ERR,ERR,ERR,ERR,ERR,ERR,ERR,ERR,ERR,ERR,ERR,ERR,ERR,ERR,ERR,ERR,ERR,ERR,ERR,ERR,ERR,ERR,ERR,ERR,ERR,ERR,ERR,ERR,ERR,ERR,ERR,ERR,ERR,ERR,ERR,ERR,ERR,ERR,ERR,ERR,ERR,ERR,ERR,ERR,ERR,ERR,ERR,ERR,ERR,ERR,ERR,ERR,ERR,ERR,ERR,ERR,ERR,ERR,ERR,ERR,ERR,ERR,ERR,ERR,ERR,ERR,ERR,ERR,ERR,ERR,ERR,ERR,ERR,ERR,ERR,ERR,ERR,ERR,ERR,ERR,ERR,ERR,ERR,ERR,ERR,ERR,ERR,ERR,ERR,ERR,ERR,ERR,ERR,ERR,ERR,ERR,ERR,ERR,ERR,ERR,ERR,ERR,ERR,ERR,ERR,ERR,ERR,ERR,ERR,ERR,-107615288.0,-107615296.0,0.0,0.0,0.0,1.3936040501711995e+18,7.805,0.0,0,0,4,0,8422,0.0,45,0.0,0.0,0.0,0.0,0.0,0,0,0,0,0.0,0,0,0,0,0,0,0,0,0,0,0,0,0,0,0,0,0,0,0,0,0,0,0,0,0,0,0,0,0,0,0,0,0,38,14,7,45,65476,0,300,0,0,8,21553,0.0,-107605600.0,0.0,0.0,0.0,0.0,0.0,0.0,0.0,0.0,0.0,0.0,0.0,0.0,0.0,0.0,0.0,0.0,0.0,0.0,0.0,0.0,-2.004,0.0,-0.0,0.0,0.0,0.0,0.0,0.0,5053.0,-0.0,0.0,0.0,-107615296.0,-107615280.0,2.718429300292151e+23,0.0,0.0,0.0,0.0,53,-0.0,-0.0,0.0,0.0,0.0,0.0,0.0,0.0,0.0,0,0,0,0.0,0.0,0.0,0.0,0.0,0.0,0.0,0.0,0.0,0.0,0.0,0.0,0.0,0.0,0.0,0.0,0,-107875648.0,53,0.0,106,-107614832.0,0.0,ERR,ERR,ERR,ERR,ERR,ERR,ERR,ERR,ERR,ERR,ERR,ERR,ERR,ERR,ERR,ERR,ERR,ERR,ERR,ERR,ERR,ERR,ERR,ERR,ERR,ERR,ERR,ERR,ERR,ERR,ERR,ERR,ERR,ERR,ERR,ERR,ERR,ERR,ERR,ERR,ERR,ERR,ERR,ERR,ERR,ERR,ERR,ERR,ERR,ERR,ERR,ERR,ERR,ERR,ERR,ERR,ERR,ERR,ERR,ERR,ERR,ERR,ERR,ERR,ERR,ERR,ERR,50.0,60.0,100,0.0,0.0,0.0,0.0,0.0,0.0,0.0,0.0,0.0,0.0,0.0,0.0,0.0,0.0,0.0,0.0,62.0,74,13,65511,50,65476,0,300,0,0,8,20529,65476,0,0,26214,60.0,0.0,0.0,0.0,0.0,0.0
2026-05-17T18:12:04,ERR,ERR,ERR,ERR,ERR,ERR,ERR,ERR,ERR,ERR,ERR,ERR,ERR,ERR,ERR,ERR,ERR,ERR,ERR,ERR,ERR,ERR,ERR,ERR,ERR,ERR,ERR,ERR,ERR,ERR,ERR,ERR,ERR,ERR,ERR,ERR,ERR,ERR,ERR,ERR,ERR,ERR,ERR,ERR,ERR,ERR,ERR,ERR,ERR,ERR,ERR,ERR,ERR,ERR,ERR,ERR,ERR,ERR,ERR,ERR,ERR,ERR,ERR,ERR,ERR,ERR,ERR,ERR,ERR,ERR,ERR,ERR,ERR,ERR,ERR,ERR,ERR,ERR,ERR,ERR,ERR,ERR,ERR,ERR,ERR,ERR,ERR,ERR,ERR,ERR,ERR,ERR,ERR,ERR,ERR,ERR,ERR,ERR,ERR,ERR,ERR,ERR,ERR,ERR,ERR,ERR,ERR,ERR,ERR,ERR,ERR,ERR,ERR,ERR,ERR,ERR,ERR,ERR,ERR,ERR,ERR,ERR,ERR,ERR,ERR,-107615288.0,-107615296.0,0.0,0.0,0.0,1.3936040501711995e+18,7.805,0.0,0,0,4,0,8422,0.0,45,0.0,0.0,0.0,0.0,0.0,0,0,0,0,0.0,0,0,0,0,0,0,0,0,0,0,0,0,0,0,0,0,0,0,0,0,0,0,0,0,0,0,0,0,0,0,0,0,0,38,14,7,45,65476,0,300,0,0,8,21553,0.0,-107605600.0,0.0,0.0,0.0,0.0,0.0,0.0,0.0,0.0,0.0,0.0,0.0,0.0,0.0,0.0,0.0,0.0,0.0,0.0,0.0,0.0,-2.004,0.0,-0.0,0.0,0.0,0.0,0.0,0.0,5053.0,-0.0,0.0,0.0,-107615296.0,-107615280.0,2.718429300292151e+23,0.0,0.0,0.0,0.0,53,-0.0,-0.0,0.0,0.0,0.0,0.0,0.0,0.0,0.0,0,0,0,0.0,0.0,0.0,0.0,0.0,0.0,0.0,0.0,0.0,0.0,0.0,0.0,0.0,0.0,0.0,0.0,0,-107875648.0,53,0.0,106,-107614832.0,0.0,ERR,ERR,ERR,ERR,ERR,ERR,ERR,ERR,ERR,ERR,ERR,ERR,ERR,ERR,ERR,ERR,ERR,ERR,ERR,ERR,ERR,ERR,ERR,ERR,ERR,ERR,ERR,ERR,ERR,ERR,ERR,ERR,ERR,ERR,ERR,ERR,ERR,ERR,ERR,ERR,ERR,ERR,ERR,ERR,ERR,ERR,ERR,ERR,ERR,ERR,ERR,ERR,ERR,ERR,ERR,ERR,ERR,ERR,ERR,ERR,ERR,ERR,ERR,ERR,ERR,ERR,ERR,50.0,60.0,100,0.0,0.0,0.0,0.0,0.0,0.0,0.0,0.0,0.0,0.0,0.0,0.0,0.0,0.0,0.0,0.0,62.0,74,13,65511,50,65476,0,300,0,0,8,20529,65476,0,0,26214,60.0,0.0,0.0,0.0,0.0,0.0
2026-05-17T18:12:05,ERR,ERR,ERR,ERR,ERR,ERR,ERR,ERR,ERR,ERR,ERR,ERR,ERR,ERR,ERR,ERR,ERR,ERR,ERR,ERR,ERR,ERR,ERR,ERR,ERR,ERR,ERR,ERR,ERR,ERR,ERR,ERR,ERR,ERR,ERR,ERR,ERR,ERR,ERR,ERR,ERR,ERR,ERR,ERR,ERR,ERR,ERR,ERR,ERR,ERR,ERR,ERR,ERR,ERR,ERR,ERR,ERR,ERR,ERR,ERR,ERR,ERR,ERR,ERR,ERR,ERR,ERR,ERR,ERR,ERR,ERR,ERR,ERR,ERR,ERR,ERR,ERR,ERR,ERR,ERR,ERR,ERR,ERR,ERR,ERR,ERR,ERR,ERR,ERR,ERR,ERR,ERR,ERR,ERR,ERR,ERR,ERR,ERR,ERR,ERR,ERR,ERR,ERR,ERR,ERR,ERR,ERR,ERR,ERR,ERR,ERR,ERR,ERR,ERR,ERR,ERR,ERR,ERR,ERR,ERR,ERR,ERR,ERR,ERR,ERR,-107615288.0,-107615296.0,0.0,0.0,0.0,1.3936040501711995e+18,7.805,0.0,0,0,4,0,8422,0.0,45,0.0,0.0,0.0,0.0,0.0,0,0,0,0,0.0,0,0,0,0,0,0,0,0,0,0,0,0,0,0,0,0,0,0,0,0,0,0,0,0,0,0,0,0,0,0,0,0,0,38,14,7,45,65476,0,300,0,0,8,21553,0.0,-107605600.0,0.0,0.0,0.0,0.0,0.0,0.0,0.0,0.0,0.0,0.0,0.0,0.0,0.0,0.0,0.0,0.0,0.0,0.0,0.0,0.0,-2.004,0.0,-0.0,0.0,0.0,0.0,0.0,0.0,5053.0,-0.0,0.0,0.0,-107615296.0,-107615280.0,2.718429300292151e+23,0.0,0.0,0.0,0.0,53,-0.0,-0.0,0.0,0.0,0.0,0.0,0.0,0.0,0.0,0,0,0,0.0,0.0,0.0,0.0,0.0,0.0,0.0,0.0,0.0,0.0,0.0,0.0,0.0,0.0,0.0,0.0,0,-107875648.0,53,0.0,106,-107614832.0,0.0,ERR,ERR,ERR,ERR,ERR,ERR,ERR,ERR,ERR,ERR,ERR,ERR,ERR,ERR,ERR,ERR,ERR,ERR,ERR,ERR,ERR,ERR,ERR,ERR,ERR,ERR,ERR,ERR,ERR,ERR,ERR,ERR,ERR,ERR,ERR,ERR,ERR,ERR,ERR,ERR,ERR,ERR,ERR,ERR,ERR,ERR,ERR,ERR,ERR,ERR,ERR,ERR,ERR,ERR,ERR,ERR,ERR,ERR,ERR,ERR,ERR,ERR,ERR,ERR,ERR,ERR,ERR,50.0,60.0,100,0.0,0.0,0.0,0.0,0.0,0.0,0.0,0.0,0.0,0.0,0.0,0.0,0.0,0.0,0.0,0.0,62.0,74,13,65511,50,65476,0,300,0,0,8,20529,65476,0,0,26214,60.0,0.0,0.0,0.0,0.0,0.0
2026-05-17T18:12:06,ERR,ERR,ERR,ERR,ERR,ERR,ERR,ERR,ERR,ERR,ERR,ERR,ERR,ERR,ERR,ERR,ERR,ERR,ERR,ERR,ERR,ERR,ERR,ERR,ERR,ERR,ERR,ERR,ERR,ERR,ERR,ERR,ERR,ERR,ERR,ERR,ERR,ERR,ERR,ERR,ERR,ERR,ERR,ERR,ERR,ERR,ERR,ERR,ERR,ERR,ERR,ERR,ERR,ERR,ERR,ERR,ERR,ERR,ERR,ERR,ERR,ERR,ERR,ERR,ERR,ERR,ERR,ERR,ERR,ERR,ERR,ERR,ERR,ERR,ERR,ERR,ERR,ERR,ERR,ERR,ERR,ERR,ERR,ERR,ERR,ERR,ERR,ERR,ERR,ERR,ERR,ERR,ERR,ERR,ERR,ERR,ERR,ERR,ERR,ERR,ERR,ERR,ERR,ERR,ERR,ERR,ERR,ERR,ERR,ERR,ERR,ERR,ERR,ERR,ERR,ERR,ERR,ERR,ERR,ERR,ERR,ERR,ERR,ERR,ERR,0.0,-107615296.0,-134474944.0,0.0,0.0,1.3936040501711995e+18,7.805,0.0,0,0,4,0,8422,0.0,45,0.0,0.0,0.0,0.0,0.0,0,0,0,0,0.0,0,0,0,0,0,0,0,0,0,0,0,0,0,0,0,0,0,0,0,0,0,0,0,0,0,0,0,0,0,0,0,0,0,38,14,7,45,65476,0,300,0,0,8,21553,0.0,-107605600.0,0.0,0.0,0.0,0.0,0.0,0.0,0.0,0.0,0.0,0.0,0.0,0.0,0.0,0.0,0.0,0.0,0.0,0.0,0.0,0.0,-2.004,0.0,-0.0,0.0,0.0,0.0,0.0,0.0,5054.0,-0.0,0.0,0.0,-107615296.0,-107615280.0,2.718429300292151e+23,0.0,0.0,0.0,0.0,53,-0.0,-107614792.0,0.0,0.0,0.0,0.0,0.0,0.0,0.0,0,0,0,0.0,0.0,0.0,0.0,0.0,0.0,0.0,0.0,0.0,0.0,0.0,0.0,0.0,0.0,0.0,0.0,0,-107875648.0,53,0.0,106,-107614832.0,0.0,ERR,ERR,ERR,ERR,ERR,ERR,ERR,ERR,ERR,ERR,ERR,ERR,ERR,ERR,ERR,ERR,ERR,ERR,ERR,ERR,ERR,ERR,ERR,ERR,ERR,ERR,ERR,ERR,ERR,ERR,ERR,ERR,ERR,ERR,ERR,ERR,ERR,ERR,ERR,ERR,ERR,ERR,ERR,ERR,ERR,ERR,ERR,ERR,ERR,ERR,ERR,ERR,ERR,ERR,ERR,ERR,ERR,ERR,ERR,ERR,ERR,ERR,ERR,ERR,ERR,ERR,ERR,50.0,60.0,100,0.0,0.0,0.0,0.0,0.0,0.0,0.0,0.0,0.0,0.0,0.0,0.0,0.0,0.0,0.0,0.0,61.6,74,13,65511,50,65476,0,300,0,0,8,20529,65476,0,0,26214,60.0,0.0,0.0,0.0,0.0,0.0
2026-05-17T18:12:07,ERR,ERR,ERR,ERR,ERR,ERR,ERR,ERR,ERR,ERR,ERR,ERR,ERR,ERR,ERR,ERR,ERR,ERR,ERR,ERR,ERR,ERR,ERR,ERR,ERR,ERR,ERR,ERR,ERR,ERR,ERR,ERR,ERR,ERR,ERR,ERR,ERR,ERR,ERR,ERR,ERR,ERR,ERR,ERR,ERR,ERR,ERR,ERR,ERR,ERR,ERR,ERR,ERR,ERR,ERR,ERR,ERR,ERR,ERR,ERR,ERR,ERR,ERR,ERR,ERR,ERR,ERR,ERR,ERR,ERR,ERR,ERR,ERR,ERR,ERR,ERR,ERR,ERR,ERR,ERR,ERR,ERR,ERR,ERR,ERR,ERR,ERR,ERR,ERR,ERR,ERR,ERR,ERR,ERR,ERR,ERR,ERR,ERR,ERR,ERR,ERR,ERR,ERR,ERR,ERR,ERR,ERR,ERR,ERR,ERR,ERR,ERR,ERR,ERR,ERR,ERR,ERR,ERR,ERR,ERR,ERR,ERR,ERR,ERR,ERR,0.0,-107615296.0,-134474944.0,0.0,0.0,1.3936040501711995e+18,7.805,0.0,0,0,4,0,8422,0.0,45,0.0,0.0,0.0,0.0,0.0,0,0,0,0,0.0,0,0,0,0,0,0,0,0,0,0,0,0,0,0,0,0,0,0,0,0,0,0,0,0,0,0,0,0,0,0,0,0,0,38,14,7,45,65476,0,300,0,0,8,21553,0.0,-107605600.0,0.0,0.0,0.0,0.0,0.0,0.0,0.0,0.0,0.0,0.0,0.0,0.0,0.0,0.0,0.0,0.0,0.0,0.0,0.0,0.0,-2.004,0.0,-0.0,0.0,0.0,0.0,0.0,0.0,5054.0,-0.0,0.0,0.0,-107615296.0,-107615280.0,2.718429300292151e+23,0.0,0.0,0.0,0.0,53,-0.0,-107614792.0,0.0,0.0,0.0,0.0,0.0,0.0,0.0,0,0,0,0.0,0.0,0.0,0.0,0.0,0.0,0.0,0.0,0.0,0.0,0.0,0.0,0.0,0.0,0.0,0.0,0,-107875648.0,53,0.0,106,-107614832.0,0.0,ERR,ERR,ERR,ERR,ERR,ERR,ERR,ERR,ERR,ERR,ERR,ERR,ERR,ERR,ERR,ERR,ERR,ERR,ERR,ERR,ERR,ERR,ERR,ERR,ERR,ERR,ERR,ERR,ERR,ERR,ERR,ERR,ERR,ERR,ERR,ERR,ERR,ERR,ERR,ERR,ERR,ERR,ERR,ERR,ERR,ERR,ERR,ERR,ERR,ERR,ERR,ERR,ERR,ERR,ERR,ERR,ERR,ERR,ERR,ERR,ERR,ERR,ERR,ERR,ERR,ERR,ERR,50.0,60.0,100,0.0,0.0,0.0,0.0,0.0,0.0,0.0,0.0,0.0,0.0,0.0,0.0,0.0,0.0,0.0,0.0,61.6,74,13,65511,50,65476,0,300,0,0,8,20529,65476,0,0,26214,60.0,0.0,0.0,0.0,0.0,0.0
2026-05-17T18:12:08,ERR,ERR,ERR,ERR,ERR,ERR,ERR,ERR,ERR,ERR,ERR,ERR,ERR,ERR,ERR,ERR,ERR,ERR,ERR,ERR,ERR,ERR,ERR,ERR,ERR,ERR,ERR,ERR,ERR,ERR,ERR,ERR,ERR,ERR,ERR,ERR,ERR,ERR,ERR,ERR,ERR,ERR,ERR,ERR,ERR,ERR,ERR,ERR,ERR,ERR,ERR,ERR,ERR,ERR,ERR,ERR,ERR,ERR,ERR,ERR,ERR,ERR,ERR,ERR,ERR,ERR,ERR,ERR,ERR,ERR,ERR,ERR,ERR,ERR,ERR,ERR,ERR,ERR,ERR,ERR,ERR,ERR,ERR,ERR,ERR,ERR,ERR,ERR,ERR,ERR,ERR,ERR,ERR,ERR,ERR,ERR,ERR,ERR,ERR,ERR,ERR,ERR,ERR,ERR,ERR,ERR,ERR,ERR,ERR,ERR,ERR,ERR,ERR,ERR,ERR,ERR,ERR,ERR,ERR,ERR,ERR,ERR,ERR,ERR,ERR,0.0,-107615296.0,-134474944.0,0.0,0.0,1.3936040501711995e+18,7.805,0.0,0,0,4,0,8422,0.0,45,0.0,0.0,0.0,0.0,0.0,0,0,0,0,0.0,0,0,0,0,0,0,0,0,0,0,0,0,0,0,0,0,0,0,0,0,0,0,0,0,0,0,0,0,0,0,0,0,0,38,14,7,45,65476,0,300,0,0,8,21553,0.0,-107605600.0,0.0,0.0,0.0,0.0,0.0,0.0,0.0,0.0,0.0,0.0,0.0,0.0,0.0,0.0,0.0,0.0,0.0,0.0,0.0,0.0,-2.004,0.0,-0.0,0.0,0.0,0.0,0.0,0.0,5054.0,-0.0,0.0,0.0,-107615296.0,-107615280.0,2.718429300292151e+23,0.0,0.0,0.0,0.0,53,-0.0,-107614792.0,0.0,0.0,0.0,0.0,0.0,0.0,0.0,0,0,0,0.0,0.0,0.0,0.0,0.0,0.0,0.0,0.0,0.0,0.0,0.0,0.0,0.0,0.0,0.0,0.0,0,-107875648.0,53,0.0,106,-107614832.0,0.0,ERR,ERR,ERR,ERR,ERR,ERR,ERR,ERR,ERR,ERR,ERR,ERR,ERR,ERR,ERR,ERR,ERR,ERR,ERR,ERR,ERR,ERR,ERR,ERR,ERR,ERR,ERR,ERR,ERR,ERR,ERR,ERR,ERR,ERR,ERR,ERR,ERR,ERR,ERR,ERR,ERR,ERR,ERR,ERR,ERR,ERR,ERR,ERR,ERR,ERR,ERR,ERR,ERR,ERR,ERR,ERR,ERR,ERR,ERR,ERR,ERR,ERR,ERR,ERR,ERR,ERR,ERR,50.0,60.0,100,0.0,0.0,0.0,0.0,0.0,0.0,0.0,0.0,0.0,0.0,0.0,0.0,0.0,0.0,0.0,0.0,61.6,74,13,65511,50,65476,0,300,0,0,8,20529,65476,0,0,26214,60.0,0.0,0.0,0.0,0.0,0.0
2026-05-17T18:12:09,ERR,ERR,ERR,ERR,ERR,ERR,ERR,ERR,ERR,ERR,ERR,ERR,ERR,ERR,ERR,ERR,ERR,ERR,ERR,ERR,ERR,ERR,ERR,ERR,ERR,ERR,ERR,ERR,ERR,ERR,ERR,ERR,ERR,ERR,ERR,ERR,ERR,ERR,ERR,ERR,ERR,ERR,ERR,ERR,ERR,ERR,ERR,ERR,ERR,ERR,ERR,ERR,ERR,ERR,ERR,ERR,ERR,ERR,ERR,ERR,ERR,ERR,ERR,ERR,ERR,ERR,ERR,ERR,ERR,ERR,ERR,ERR,ERR,ERR,ERR,ERR,ERR,ERR,ERR,ERR,ERR,ERR,ERR,ERR,ERR,ERR,ERR,ERR,ERR,ERR,ERR,ERR,ERR,ERR,ERR,ERR,ERR,ERR,ERR,ERR,ERR,ERR,ERR,ERR,ERR,ERR,ERR,ERR,ERR,ERR,ERR,ERR,ERR,ERR,ERR,ERR,ERR,ERR,ERR,ERR,ERR,ERR,ERR,ERR,ERR,0.0,-107615296.0,-134474944.0,0.0,0.0,1.3936040501711995e+18,7.805,0.0,0,0,4,0,8422,0.0,45,0.0,0.0,0.0,0.0,0.0,0,0,0,0,0.0,0,0,0,0,0,0,0,0,0,0,0,0,0,0,0,0,0,0,0,0,0,0,0,0,0,0,0,0,0,0,0,0,0,38,14,7,45,65476,0,300,0,0,8,21553,0.0,-107605600.0,0.0,0.0,0.0,0.0,0.0,0.0,0.0,0.0,0.0,0.0,0.0,0.0,0.0,0.0,0.0,0.0,0.0,0.0,0.0,0.0,-2.004,0.0,-0.0,0.0,0.0,0.0,0.0,0.0,5054.0,-0.0,0.0,0.0,-107615296.0,-107615280.0,2.718429300292151e+23,0.0,0.0,0.0,0.0,53,-0.0,-107614792.0,0.0,0.0,0.0,0.0,0.0,0.0,0.0,0,0,0,0.0,0.0,0.0,0.0,0.0,0.0,0.0,0.0,0.0,0.0,0.0,0.0,0.0,0.0,0.0,0.0,0,-107875648.0,53,0.0,106,-107614832.0,0.0,ERR,ERR,ERR,ERR,ERR,ERR,ERR,ERR,ERR,ERR,ERR,ERR,ERR,ERR,ERR,ERR,ERR,ERR,ERR,ERR,ERR,ERR,ERR,ERR,ERR,ERR,ERR,ERR,ERR,ERR,ERR,ERR,ERR,ERR,ERR,ERR,ERR,ERR,ERR,ERR,ERR,ERR,ERR,ERR,ERR,ERR,ERR,ERR,ERR,ERR,ERR,ERR,ERR,ERR,ERR,ERR,ERR,ERR,ERR,ERR,ERR,ERR,ERR,ERR,ERR,ERR,ERR,50.0,60.0,100,0.0,0.0,0.0,0.0,0.0,0.0,0.0,0.0,0.0,0.0,0.0,0.0,0.0,0.0,0.0,0.0,61.6,74,13,65511,50,65476,0,300,0,0,8,20529,65476,0,0,26214,60.0,0.0,0.0,0.0,0.0,0.0
2026-05-17T18:12:10,ERR,ERR,ERR,ERR,ERR,ERR,ERR,ERR,ERR,ERR,ERR,ERR,ERR,ERR,ERR,ERR,ERR,ERR,ERR,ERR,ERR,ERR,ERR,ERR,ERR,ERR,ERR,ERR,ERR,ERR,ERR,ERR,ERR,ERR,ERR,ERR,ERR,ERR,ERR,ERR,ERR,ERR,ERR,ERR,ERR,ERR,ERR,ERR,ERR,ERR,ERR,ERR,ERR,ERR,ERR,ERR,ERR,ERR,ERR,ERR,ERR,ERR,ERR,ERR,ERR,ERR,ERR,ERR,ERR,ERR,ERR,ERR,ERR,ERR,ERR,ERR,ERR,ERR,ERR,ERR,ERR,ERR,ERR,ERR,ERR,ERR,ERR,ERR,ERR,ERR,ERR,ERR,ERR,ERR,ERR,ERR,ERR,ERR,ERR,ERR,ERR,ERR,ERR,ERR,ERR,ERR,ERR,ERR,ERR,ERR,ERR,ERR,ERR,ERR,ERR,ERR,ERR,ERR,ERR,ERR,ERR,ERR,ERR,ERR,ERR,0.0,-107615296.0,-134474944.0,0.0,0.0,1.3936040501711995e+18,7.805,0.0,0,0,4,0,8422,0.0,45,0.0,0.0,0.0,0.0,0.0,0,0,0,0,0.0,0,0,0,0,0,0,0,0,0,0,0,0,0,0,0,0,0,0,0,0,0,0,0,0,0,0,0,0,0,0,0,0,0,38,14,7,45,65476,0,300,0,0,8,21553,0.0,-107605600.0,0.0,0.0,0.0,0.0,0.0,0.0,0.0,0.0,0.0,0.0,0.0,0.0,0.0,0.0,0.0,0.0,0.0,0.0,0.0,0.0,-2.004,0.0,-0.0,0.0,0.0,0.0,0.0,0.0,5054.0,-0.0,0.0,0.0,-107615296.0,-107615280.0,2.718429300292151e+23,0.0,0.0,0.0,0.0,53,-0.0,-107614792.0,0.0,0.0,0.0,0.0,0.0,0.0,0.0,0,0,0,0.0,0.0,0.0,0.0,0.0,0.0,0.0,0.0,0.0,0.0,0.0,0.0,0.0,0.0,0.0,0.0,0,-107875648.0,53,0.0,106,-107614832.0,0.0,ERR,ERR,ERR,ERR,ERR,ERR,ERR,ERR,ERR,ERR,ERR,ERR,ERR,ERR,ERR,ERR,ERR,ERR,ERR,ERR,ERR,ERR,ERR,ERR,ERR,ERR,ERR,ERR,ERR,ERR,ERR,ERR,ERR,ERR,ERR,ERR,ERR,ERR,ERR,ERR,ERR,ERR,ERR,ERR,ERR,ERR,ERR,ERR,ERR,ERR,ERR,ERR,ERR,ERR,ERR,ERR,ERR,ERR,ERR,ERR,ERR,ERR,ERR,ERR,ERR,ERR,ERR,50.0,60.0,100,0.0,0.0,0.0,0.0,0.0,0.0,0.0,0.0,0.0,0.0,0.0,0.0,0.0,0.0,0.0,0.0,61.6,74,13,65511,50,65476,0,300,0,0,8,20529,65476,0,0,26214,60.0,0.0,0.0,0.0,0.0,0.0
2026-05-17T18:12:11,ERR,ERR,ERR,ERR,ERR,ERR,ERR,ERR,ERR,ERR,ERR,ERR,ERR,ERR,ERR,ERR,ERR,ERR,ERR,ERR,ERR,ERR,ERR,ERR,ERR,ERR,ERR,ERR,ERR,ERR,ERR,ERR,ERR,ERR,ERR,ERR,ERR,ERR,ERR,ERR,ERR,ERR,ERR,ERR,ERR,ERR,ERR,ERR,ERR,ERR,ERR,ERR,ERR,ERR,ERR,ERR,ERR,ERR,ERR,ERR,ERR,ERR,ERR,ERR,ERR,ERR,ERR,ERR,ERR,ERR,ERR,ERR,ERR,ERR,ERR,ERR,ERR,ERR,ERR,ERR,ERR,ERR,ERR,ERR,ERR,ERR,ERR,ERR,ERR,ERR,ERR,ERR,ERR,ERR,ERR,ERR,ERR,ERR,ERR,ERR,ERR,ERR,ERR,ERR,ERR,ERR,ERR,ERR,ERR,ERR,ERR,ERR,ERR,ERR,ERR,ERR,ERR,ERR,ERR,ERR,ERR,ERR,ERR,ERR,ERR,0.0,-107615296.0,-134474944.0,0.0,0.0,1.3936040501711995e+18,7.805,0.0,0,0,4,0,8422,0.0,45,0.0,0.0,0.0,0.0,0.0,0,0,0,0,0.0,0,0,0,0,0,0,0,0,0,0,0,0,0,0,0,0,0,0,0,0,0,0,0,0,0,0,0,0,0,0,0,0,0,38,14,7,45,65476,0,300,0,0,8,21553,0.0,-107605600.0,0.0,0.0,0.0,0.0,0.0,0.0,0.0,0.0,0.0,0.0,0.0,0.0,0.0,0.0,0.0,0.0,0.0,0.0,0.0,0.0,-2.004,0.0,-0.0,0.0,0.0,0.0,0.0,0.0,5048.0,-131350.453,0.0,-107615288.0,-107615296.0,-107615280.0,2.718429300292151e+23,0.0,0.0,0.0,0.0,53,-0.0,-4.950401904804668e+32,0.0,0.0,0.0,0.0,0.0,0.0,0.0,0,0,0,0.0,0.0,0.0,0.0,0.0,0.0,0.0,0.0,0.0,0.0,0.0,0.0,0.0,0.0,0.0,0.0,0,-107875648.0,53,0.0,106,-107614832.0,0.0,ERR,ERR,ERR,ERR,ERR,ERR,ERR,ERR,ERR,ERR,ERR,ERR,ERR,ERR,ERR,ERR,ERR,ERR,ERR,ERR,ERR,ERR,ERR,ERR,ERR,ERR,ERR,ERR,ERR,ERR,ERR,ERR,ERR,ERR,ERR,ERR,ERR,ERR,ERR,ERR,ERR,ERR,ERR,ERR,ERR,ERR,ERR,ERR,ERR,ERR,ERR,ERR,ERR,ERR,ERR,ERR,ERR,ERR,ERR,ERR,ERR,ERR,ERR,ERR,ERR,ERR,ERR,50.0,60.0,100,0.0,0.0,0.0,0.0,0.0,0.0,0.0,0.0,0.0,0.0,0.0,0.0,0.0,0.0,0.0,0.0,62.0,74,13,65511,50,65476,0,300,0,0,8,20529,65476,0,0,26214,60.0,0.0,0.0,0.0,0.0,0.0
2026-05-17T18:12:12,ERR,ERR,ERR,ERR,ERR,ERR,ERR,ERR,ERR,ERR,ERR,ERR,ERR,ERR,ERR,ERR,ERR,ERR,ERR,ERR,ERR,ERR,ERR,ERR,ERR,ERR,ERR,ERR,ERR,ERR,ERR,ERR,ERR,ERR,ERR,ERR,ERR,ERR,ERR,ERR,ERR,ERR,ERR,ERR,ERR,ERR,ERR,ERR,ERR,ERR,ERR,ERR,ERR,ERR,ERR,ERR,ERR,ERR,ERR,ERR,ERR,ERR,ERR,ERR,ERR,ERR,ERR,ERR,ERR,ERR,ERR,ERR,ERR,ERR,ERR,ERR,ERR,ERR,ERR,ERR,ERR,ERR,ERR,ERR,ERR,ERR,ERR,ERR,ERR,ERR,ERR,ERR,ERR,ERR,ERR,ERR,ERR,ERR,ERR,ERR,ERR,ERR,ERR,ERR,ERR,ERR,ERR,ERR,ERR,ERR,ERR,ERR,ERR,ERR,ERR,ERR,ERR,ERR,ERR,ERR,ERR,ERR,ERR,ERR,ERR,0.0,-107615296.0,-134474944.0,0.0,0.0,1.3936040501711995e+18,7.805,0.0,0,0,4,0,8422,0.0,45,0.0,0.0,0.0,0.0,0.0,0,0,0,0,0.0,0,0,0,0,0,0,0,0,0,0,0,0,0,0,0,0,0,0,0,0,0,0,0,0,0,0,0,0,0,0,0,0,0,38,14,7,45,65476,0,300,0,0,8,21553,0.0,-107605600.0,0.0,0.0,0.0,0.0,0.0,0.0,0.0,0.0,0.0,0.0,0.0,0.0,0.0,0.0,0.0,0.0,0.0,0.0,0.0,0.0,-2.004,0.0,-0.0,0.0,0.0,0.0,0.0,0.0,5048.0,-131350.453,0.0,-107615288.0,-107615296.0,-107615280.0,2.718429300292151e+23,0.0,0.0,0.0,0.0,53,-0.0,-4.950401904804668e+32,0.0,0.0,0.0,0.0,0.0,0.0,0.0,0,0,0,0.0,0.0,0.0,0.0,0.0,0.0,0.0,0.0,0.0,0.0,0.0,0.0,0.0,0.0,0.0,0.0,0,-107875648.0,53,0.0,106,-107614832.0,0.0,ERR,ERR,ERR,ERR,ERR,ERR,ERR,ERR,ERR,ERR,ERR,ERR,ERR,ERR,ERR,ERR,ERR,ERR,ERR,ERR,ERR,ERR,ERR,ERR,ERR,ERR,ERR,ERR,ERR,ERR,ERR,ERR,ERR,ERR,ERR,ERR,ERR,ERR,ERR,ERR,ERR,ERR,ERR,ERR,ERR,ERR,ERR,ERR,ERR,ERR,ERR,ERR,ERR,ERR,ERR,ERR,ERR,ERR,ERR,ERR,ERR,ERR,ERR,ERR,ERR,ERR,ERR,50.0,60.0,100,0.0,0.0,0.0,0.0,0.0,0.0,0.0,0.0,0.0,0.0,0.0,0.0,0.0,0.0,0.0,0.0,62.0,74,13,65511,50,65476,0,300,0,0,8,20529,65476,0,0,26214,60.0,0.0,0.0,0.0,0.0,0.0
2026-05-17T18:12:13,ERR,ERR,ERR,ERR,ERR,ERR,ERR,ERR,ERR,ERR,ERR,ERR,ERR,ERR,ERR,ERR,ERR,ERR,ERR,ERR,ERR,ERR,ERR,ERR,ERR,ERR,ERR,ERR,ERR,ERR,ERR,ERR,ERR,ERR,ERR,ERR,ERR,ERR,ERR,ERR,ERR,ERR,ERR,ERR,ERR,ERR,ERR,ERR,ERR,ERR,ERR,ERR,ERR,ERR,ERR,ERR,ERR,ERR,ERR,ERR,ERR,ERR,ERR,ERR,ERR,ERR,ERR,ERR,ERR,ERR,ERR,ERR,ERR,ERR,ERR,ERR,ERR,ERR,ERR,ERR,ERR,ERR,ERR,ERR,ERR,ERR,ERR,ERR,ERR,ERR,ERR,ERR,ERR,ERR,ERR,ERR,ERR,ERR,ERR,ERR,ERR,ERR,ERR,ERR,ERR,ERR,ERR,ERR,ERR,ERR,ERR,ERR,ERR,ERR,ERR,ERR,ERR,ERR,ERR,ERR,ERR,ERR,ERR,ERR,ERR,0.0,-107615296.0,-134474944.0,0.0,0.0,1.3936040501711995e+18,7.805,0.0,0,0,4,0,8422,0.0,45,0.0,0.0,0.0,0.0,0.0,0,0,0,0,0.0,0,0,0,0,0,0,0,0,0,0,0,0,0,0,0,0,0,0,0,0,0,0,0,0,0,0,0,0,0,0,0,0,0,38,14,7,45,65476,0,300,0,0,8,21553,0.0,-107605600.0,0.0,0.0,0.0,0.0,0.0,0.0,0.0,0.0,0.0,0.0,0.0,0.0,0.0,0.0,0.0,0.0,0.0,0.0,0.0,0.0,-2.004,0.0,-0.0,0.0,0.0,0.0,0.0,0.0,5048.0,-131350.453,0.0,-107615288.0,-107615296.0,-107615280.0,2.718429300292151e+23,0.0,0.0,0.0,0.0,53,-0.0,-4.950401904804668e+32,0.0,0.0,0.0,0.0,0.0,0.0,0.0,0,0,0,0.0,0.0,0.0,0.0,0.0,0.0,0.0,0.0,0.0,0.0,0.0,0.0,0.0,0.0,0.0,0.0,0,-107875648.0,53,0.0,106,-107614832.0,0.0,ERR,ERR,ERR,ERR,ERR,ERR,ERR,ERR,ERR,ERR,ERR,ERR,ERR,ERR,ERR,ERR,ERR,ERR,ERR,ERR,ERR,ERR,ERR,ERR,ERR,ERR,ERR,ERR,ERR,ERR,ERR,ERR,ERR,ERR,ERR,ERR,ERR,ERR,ERR,ERR,ERR,ERR,ERR,ERR,ERR,ERR,ERR,ERR,ERR,ERR,ERR,ERR,ERR,ERR,ERR,ERR,ERR,ERR,ERR,ERR,ERR,ERR,ERR,ERR,ERR,ERR,ERR,50.0,60.0,100,0.0,0.0,0.0,0.0,0.0,0.0,0.0,0.0,0.0,0.0,0.0,0.0,0.0,0.0,0.0,0.0,61.6,74,13,65511,50,65476,0,300,0,0,8,20529,65476,0,0,26214,60.0,0.0,0.0,0.0,0.0,0.0
2026-05-17T18:12:14,ERR,ERR,ERR,ERR,ERR,ERR,ERR,ERR,ERR,ERR,ERR,ERR,ERR,ERR,ERR,ERR,ERR,ERR,ERR,ERR,ERR,ERR,ERR,ERR,ERR,ERR,ERR,ERR,ERR,ERR,ERR,ERR,ERR,ERR,ERR,ERR,ERR,ERR,ERR,ERR,ERR,ERR,ERR,ERR,ERR,ERR,ERR,ERR,ERR,ERR,ERR,ERR,ERR,ERR,ERR,ERR,ERR,ERR,ERR,ERR,ERR,ERR,ERR,ERR,ERR,ERR,ERR,ERR,ERR,ERR,ERR,ERR,ERR,ERR,ERR,ERR,ERR,ERR,ERR,ERR,ERR,ERR,ERR,ERR,ERR,ERR,ERR,ERR,ERR,ERR,ERR,ERR,ERR,ERR,ERR,ERR,ERR,ERR,ERR,ERR,ERR,ERR,ERR,ERR,ERR,ERR,ERR,ERR,ERR,ERR,ERR,ERR,ERR,ERR,ERR,ERR,ERR,ERR,ERR,ERR,ERR,ERR,ERR,ERR,ERR,0.0,-107615296.0,-134474944.0,0.0,0.0,1.3936040501711995e+18,7.805,0.0,0,0,4,0,8422,0.0,45,0.0,0.0,0.0,0.0,0.0,0,0,0,0,0.0,0,0,0,0,0,0,0,0,0,0,0,0,0,0,0,0,0,0,0,0,0,0,0,0,0,0,0,0,0,0,0,0,0,38,14,7,45,65476,0,300,0,0,8,21553,0.0,-107605600.0,0.0,0.0,0.0,0.0,0.0,0.0,0.0,0.0,0.0,0.0,0.0,0.0,0.0,0.0,0.0,0.0,0.0,0.0,0.0,0.0,-2.004,0.0,-0.0,0.0,0.0,0.0,0.0,0.0,5048.0,-131350.453,0.0,-107615288.0,-107615296.0,-107615280.0,2.718429300292151e+23,0.0,0.0,0.0,0.0,53,-0.0,-4.950401904804668e+32,0.0,0.0,0.0,0.0,0.0,0.0,0.0,0,0,0,0.0,0.0,0.0,0.0,0.0,0.0,0.0,0.0,0.0,0.0,0.0,0.0,0.0,0.0,0.0,0.0,0,-107875648.0,53,0.0,106,-107614832.0,0.0,ERR,ERR,ERR,ERR,ERR,ERR,ERR,ERR,ERR,ERR,ERR,ERR,ERR,ERR,ERR,ERR,ERR,ERR,ERR,ERR,ERR,ERR,ERR,ERR,ERR,ERR,ERR,ERR,ERR,ERR,ERR,ERR,ERR,ERR,ERR,ERR,ERR,ERR,ERR,ERR,ERR,ERR,ERR,ERR,ERR,ERR,ERR,ERR,ERR,ERR,ERR,ERR,ERR,ERR,ERR,ERR,ERR,ERR,ERR,ERR,ERR,ERR,ERR,ERR,ERR,ERR,ERR,50.0,60.0,100,0.0,0.0,0.0,0.0,0.0,0.0,0.0,0.0,0.0,0.0,0.0,0.0,0.0,0.0,0.0,0.0,61.6,74,13,65511,50,65476,0,300,0,0,8,20529,65476,0,0,26214,60.0,0.0,0.0,0.0,0.0,0.0
2026-05-17T18:12:15,ERR,ERR,ERR,ERR,ERR,ERR,ERR,ERR,ERR,ERR,ERR,ERR,ERR,ERR,ERR,ERR,ERR,ERR,ERR,ERR,ERR,ERR,ERR,ERR,ERR,ERR,ERR,ERR,ERR,ERR,ERR,ERR,ERR,ERR,ERR,ERR,ERR,ERR,ERR,ERR,ERR,ERR,ERR,ERR,ERR,ERR,ERR,ERR,ERR,ERR,ERR,ERR,ERR,ERR,ERR,ERR,ERR,ERR,ERR,ERR,ERR,ERR,ERR,ERR,ERR,ERR,ERR,ERR,ERR,ERR,ERR,ERR,ERR,ERR,ERR,ERR,ERR,ERR,ERR,ERR,ERR,ERR,ERR,ERR,ERR,ERR,ERR,ERR,ERR,ERR,ERR,ERR,ERR,ERR,ERR,ERR,ERR,ERR,ERR,ERR,ERR,ERR,ERR,ERR,ERR,ERR,ERR,ERR,ERR,ERR,ERR,ERR,ERR,ERR,ERR,ERR,ERR,ERR,ERR,ERR,ERR,ERR,ERR,ERR,ERR,0.0,-107615296.0,-134474944.0,0.0,0.0,1.3936040501711995e+18,7.805,0.0,0,0,4,0,8422,0.0,45,0.0,0.0,0.0,0.0,0.0,0,0,0,0,0.0,0,0,0,0,0,0,0,0,0,0,0,0,0,0,0,0,0,0,0,0,0,0,0,0,0,0,0,0,0,0,0,0,0,38,14,7,45,65476,0,300,0,0,8,21553,0.0,-107605600.0,0.0,0.0,0.0,0.0,0.0,0.0,0.0,0.0,0.0,0.0,0.0,0.0,0.0,0.0,0.0,0.0,0.0,0.0,0.0,0.0,-2.004,0.0,-0.0,0.0,0.0,0.0,0.0,0.0,5048.0,-131350.453,0.0,-107615288.0,-107615296.0,-107615280.0,2.718429300292151e+23,0.0,0.0,0.0,0.0,53,-0.0,-4.950401904804668e+32,0.0,0.0,0.0,0.0,0.0,0.0,0.0,0,0,0,0.0,0.0,0.0,0.0,0.0,0.0,0.0,0.0,0.0,0.0,0.0,0.0,0.0,0.0,0.0,0.0,0,-107875648.0,53,0.0,106,-107614832.0,0.0,ERR,ERR,ERR,ERR,ERR,ERR,ERR,ERR,ERR,ERR,ERR,ERR,ERR,ERR,ERR,ERR,ERR,ERR,ERR,ERR,ERR,ERR,ERR,ERR,ERR,ERR,ERR,ERR,ERR,ERR,ERR,ERR,ERR,ERR,ERR,ERR,ERR,ERR,ERR,ERR,ERR,ERR,ERR,ERR,ERR,ERR,ERR,ERR,ERR,ERR,ERR,ERR,ERR,ERR,ERR,ERR,ERR,ERR,ERR,ERR,ERR,ERR,ERR,ERR,ERR,ERR,ERR,50.0,60.0,100,0.0,0.0,0.0,0.0,0.0,0.0,0.0,0.0,0.0,0.0,0.0,0.0,0.0,0.0,0.0,0.0,61.6,74,13,65511,50,65476,0,300,0,0,8,20529,65476,0,0,26214,60.0,0.0,0.0,0.0,0.0,0.0
2026-05-17T18:12:16,ERR,ERR,ERR,ERR,ERR,ERR,ERR,ERR,ERR,ERR,ERR,ERR,ERR,ERR,ERR,ERR,ERR,ERR,ERR,ERR,ERR,ERR,ERR,ERR,ERR,ERR,ERR,ERR,ERR,ERR,ERR,ERR,ERR,ERR,ERR,ERR,ERR,ERR,ERR,ERR,ERR,ERR,ERR,ERR,ERR,ERR,ERR,ERR,ERR,ERR,ERR,ERR,ERR,ERR,ERR,ERR,ERR,ERR,ERR,ERR,ERR,ERR,ERR,ERR,ERR,ERR,ERR,ERR,ERR,ERR,ERR,ERR,ERR,ERR,ERR,ERR,ERR,ERR,ERR,ERR,ERR,ERR,ERR,ERR,ERR,ERR,ERR,ERR,ERR,ERR,ERR,ERR,ERR,ERR,ERR,ERR,ERR,ERR,ERR,ERR,ERR,ERR,ERR,ERR,ERR,ERR,ERR,ERR,ERR,ERR,ERR,ERR,ERR,ERR,ERR,ERR,ERR,ERR,ERR,ERR,ERR,ERR,ERR,ERR,ERR,-107615288.0,-107615296.0,0.0,0.0,0.0,1.3936040501711995e+18,7.805,0.0,0,0,4,0,8422,0.0,45,0.0,0.0,0.0,0.0,0.0,0,0,0,0,0.0,0,0,0,0,0,0,0,0,0,0,0,0,0,0,0,0,0,0,0,0,0,0,0,0,0,0,0,0,0,0,0,0,0,38,14,7,45,65476,0,300,0,0,8,21553,0.0,-107605600.0,0.0,0.0,0.0,0.0,0.0,0.0,0.0,0.0,0.0,0.0,0.0,0.0,0.0,0.0,0.0,0.0,0.0,0.0,0.0,0.0,0.0,0.0,-0.0,0.0,0.0,0.0,0.0,0.0,5052.0,-3.697186573429349e+19,0.0,0.0,-107615296.0,-107615280.0,2.718429300292151e+23,0.0,0.0,0.0,0.0,53,-0.0,0.0,0.0,0.0,0.0,0.0,0.0,0.0,0.0,0,0,0,0.0,0.0,0.0,0.0,0.0,0.0,0.0,0.0,0.0,0.0,0.0,0.0,0.0,0.0,0.0,0.0,0,-107875648.0,53,0.0,106,-107614832.0,0.0,ERR,ERR,ERR,ERR,ERR,ERR,ERR,ERR,ERR,ERR,ERR,ERR,ERR,ERR,ERR,ERR,ERR,ERR,ERR,ERR,ERR,ERR,ERR,ERR,ERR,ERR,ERR,ERR,ERR,ERR,ERR,ERR,ERR,ERR,ERR,ERR,ERR,ERR,ERR,ERR,ERR,ERR,ERR,ERR,ERR,ERR,ERR,ERR,ERR,ERR,ERR,ERR,ERR,ERR,ERR,ERR,ERR,ERR,ERR,ERR,ERR,ERR,ERR,ERR,ERR,ERR,ERR,50.0,60.0,100,0.0,0.0,0.0,0.0,0.0,0.0,0.0,0.0,0.0,0.0,0.0,0.0,0.0,0.0,0.0,0.0,62.0,74,13,65511,50,65476,0,300,0,0,8,20529,65476,0,0,26214,60.0,0.0,0.0,0.0,0.0,0.0
2026-05-17T18:12:17,ERR,ERR,ERR,ERR,ERR,ERR,ERR,ERR,ERR,ERR,ERR,ERR,ERR,ERR,ERR,ERR,ERR,ERR,ERR,ERR,ERR,ERR,ERR,ERR,ERR,ERR,ERR,ERR,ERR,ERR,ERR,ERR,ERR,ERR,ERR,ERR,ERR,ERR,ERR,ERR,ERR,ERR,ERR,ERR,ERR,ERR,ERR,ERR,ERR,ERR,ERR,ERR,ERR,ERR,ERR,ERR,ERR,ERR,ERR,ERR,ERR,ERR,ERR,ERR,ERR,ERR,ERR,ERR,ERR,ERR,ERR,ERR,ERR,ERR,ERR,ERR,ERR,ERR,ERR,ERR,ERR,ERR,ERR,ERR,ERR,ERR,ERR,ERR,ERR,ERR,ERR,ERR,ERR,ERR,ERR,ERR,ERR,ERR,ERR,ERR,ERR,ERR,ERR,ERR,ERR,ERR,ERR,ERR,ERR,ERR,ERR,ERR,ERR,ERR,ERR,ERR,ERR,ERR,ERR,ERR,ERR,ERR,ERR,ERR,ERR,-107615288.0,-107615296.0,0.0,0.0,0.0,1.3936040501711995e+18,7.805,0.0,0,0,4,0,8422,0.0,45,0.0,0.0,0.0,0.0,0.0,0,0,0,0,0.0,0,0,0,0,0,0,0,0,0,0,0,0,0,0,0,0,0,0,0,0,0,0,0,0,0,0,0,0,0,0,0,0,0,38,14,7,45,65476,0,300,0,0,8,21553,0.0,-107605600.0,0.0,0.0,0.0,0.0,0.0,0.0,0.0,0.0,0.0,0.0,0.0,0.0,0.0,0.0,0.0,0.0,0.0,0.0,0.0,0.0,0.0,0.0,-0.0,0.0,0.0,0.0,0.0,0.0,5052.0,-3.697186573429349e+19,0.0,0.0,-107615296.0,-107615280.0,2.718429300292151e+23,0.0,0.0,0.0,0.0,53,-0.0,0.0,0.0,0.0,0.0,0.0,0.0,0.0,0.0,0,0,0,0.0,0.0,0.0,0.0,0.0,0.0,0.0,0.0,0.0,0.0,0.0,0.0,0.0,0.0,0.0,0.0,0,-107875648.0,53,0.0,106,-107614832.0,0.0,ERR,ERR,ERR,ERR,ERR,ERR,ERR,ERR,ERR,ERR,ERR,ERR,ERR,ERR,ERR,ERR,ERR,ERR,ERR,ERR,ERR,ERR,ERR,ERR,ERR,ERR,ERR,ERR,ERR,ERR,ERR,ERR,ERR,ERR,ERR,ERR,ERR,ERR,ERR,ERR,ERR,ERR,ERR,ERR,ERR,ERR,ERR,ERR,ERR,ERR,ERR,ERR,ERR,ERR,ERR,ERR,ERR,ERR,ERR,ERR,ERR,ERR,ERR,ERR,ERR,ERR,ERR,50.0,60.0,100,0.0,0.0,0.0,0.0,0.0,0.0,0.0,0.0,0.0,0.0,0.0,0.0,0.0,0.0,0.0,0.0,62.0,74,13,65511,50,65476,0,300,0,0,8,20529,65476,0,0,26214,60.0,0.0,0.0,0.0,0.0,0.0
2026-05-17T18:12:18,ERR,ERR,ERR,ERR,ERR,ERR,ERR,ERR,ERR,ERR,ERR,ERR,ERR,ERR,ERR,ERR,ERR,ERR,ERR,ERR,ERR,ERR,ERR,ERR,ERR,ERR,ERR,ERR,ERR,ERR,ERR,ERR,ERR,ERR,ERR,ERR,ERR,ERR,ERR,ERR,ERR,ERR,ERR,ERR,ERR,ERR,ERR,ERR,ERR,ERR,ERR,ERR,ERR,ERR,ERR,ERR,ERR,ERR,ERR,ERR,ERR,ERR,ERR,ERR,ERR,ERR,ERR,ERR,ERR,ERR,ERR,ERR,ERR,ERR,ERR,ERR,ERR,ERR,ERR,ERR,ERR,ERR,ERR,ERR,ERR,ERR,ERR,ERR,ERR,ERR,ERR,ERR,ERR,ERR,ERR,ERR,ERR,ERR,ERR,ERR,ERR,ERR,ERR,ERR,ERR,ERR,ERR,ERR,ERR,ERR,ERR,ERR,ERR,ERR,ERR,ERR,ERR,ERR,ERR,ERR,ERR,ERR,ERR,ERR,ERR,-107615288.0,-107615296.0,0.0,0.0,0.0,1.3936040501711995e+18,7.805,0.0,0,0,4,0,8422,0.0,45,0.0,0.0,0.0,0.0,0.0,0,0,0,0,0.0,0,0,0,0,0,0,0,0,0,0,0,0,0,0,0,0,0,0,0,0,0,0,0,0,0,0,0,0,0,0,0,0,0,38,14,7,45,65476,0,300,0,0,8,21553,0.0,-107605600.0,0.0,0.0,0.0,0.0,0.0,0.0,0.0,0.0,0.0,0.0,0.0,0.0,0.0,0.0,0.0,0.0,0.0,0.0,0.0,0.0,0.0,0.0,-0.0,0.0,0.0,0.0,0.0,0.0,5052.0,-3.697186573429349e+19,0.0,0.0,-107615296.0,-107615280.0,2.718429300292151e+23,0.0,0.0,0.0,0.0,53,-0.0,0.0,0.0,0.0,0.0,0.0,0.0,0.0,0.0,0,0,0,0.0,0.0,0.0,0.0,0.0,0.0,0.0,0.0,0.0,0.0,0.0,0.0,0.0,0.0,0.0,0.0,0,-107875648.0,53,0.0,106,-107614832.0,0.0,ERR,ERR,ERR,ERR,ERR,ERR,ERR,ERR,ERR,ERR,ERR,ERR,ERR,ERR,ERR,ERR,ERR,ERR,ERR,ERR,ERR,ERR,ERR,ERR,ERR,ERR,ERR,ERR,ERR,ERR,ERR,ERR,ERR,ERR,ERR,ERR,ERR,ERR,ERR,ERR,ERR,ERR,ERR,ERR,ERR,ERR,ERR,ERR,ERR,ERR,ERR,ERR,ERR,ERR,ERR,ERR,ERR,ERR,ERR,ERR,ERR,ERR,ERR,ERR,ERR,ERR,ERR,50.0,60.0,100,0.0,0.0,0.0,0.0,0.0,0.0,0.0,0.0,0.0,0.0,0.0,0.0,0.0,0.0,0.0,0.0,61.6,74,13,65511,50,65476,0,300,0,0,8,20529,65476,0,0,26214,60.0,0.0,0.0,0.0,0.0,0.0
2026-05-17T18:12:19,ERR,ERR,ERR,ERR,ERR,ERR,ERR,ERR,ERR,ERR,ERR,ERR,ERR,ERR,ERR,ERR,ERR,ERR,ERR,ERR,ERR,ERR,ERR,ERR,ERR,ERR,ERR,ERR,ERR,ERR,ERR,ERR,ERR,ERR,ERR,ERR,ERR,ERR,ERR,ERR,ERR,ERR,ERR,ERR,ERR,ERR,ERR,ERR,ERR,ERR,ERR,ERR,ERR,ERR,ERR,ERR,ERR,ERR,ERR,ERR,ERR,ERR,ERR,ERR,ERR,ERR,ERR,ERR,ERR,ERR,ERR,ERR,ERR,ERR,ERR,ERR,ERR,ERR,ERR,ERR,ERR,ERR,ERR,ERR,ERR,ERR,ERR,ERR,ERR,ERR,ERR,ERR,ERR,ERR,ERR,ERR,ERR,ERR,ERR,ERR,ERR,ERR,ERR,ERR,ERR,ERR,ERR,ERR,ERR,ERR,ERR,ERR,ERR,ERR,ERR,ERR,ERR,ERR,ERR,ERR,ERR,ERR,ERR,ERR,ERR,-107615288.0,-107615296.0,0.0,0.0,0.0,1.3936040501711995e+18,7.805,0.0,0,0,4,0,8422,0.0,45,0.0,0.0,0.0,0.0,0.0,0,0,0,0,0.0,0,0,0,0,0,0,0,0,0,0,0,0,0,0,0,0,0,0,0,0,0,0,0,0,0,0,0,0,0,0,0,0,0,38,14,7,45,65476,0,300,0,0,8,21553,0.0,-107605600.0,0.0,0.0,0.0,0.0,0.0,0.0,0.0,0.0,0.0,0.0,0.0,0.0,0.0,0.0,0.0,0.0,0.0,0.0,0.0,0.0,0.0,0.0,-0.0,0.0,0.0,0.0,0.0,0.0,5052.0,-3.697186573429349e+19,0.0,0.0,-107615296.0,-107615280.0,2.718429300292151e+23,0.0,0.0,0.0,0.0,53,-0.0,0.0,0.0,0.0,0.0,0.0,0.0,0.0,0.0,0,0,0,0.0,0.0,0.0,0.0,0.0,0.0,0.0,0.0,0.0,0.0,0.0,0.0,0.0,0.0,0.0,0.0,0,-107875648.0,53,0.0,106,-107614832.0,0.0,ERR,ERR,ERR,ERR,ERR,ERR,ERR,ERR,ERR,ERR,ERR,ERR,ERR,ERR,ERR,ERR,ERR,ERR,ERR,ERR,ERR,ERR,ERR,ERR,ERR,ERR,ERR,ERR,ERR,ERR,ERR,ERR,ERR,ERR,ERR,ERR,ERR,ERR,ERR,ERR,ERR,ERR,ERR,ERR,ERR,ERR,ERR,ERR,ERR,ERR,ERR,ERR,ERR,ERR,ERR,ERR,ERR,ERR,ERR,ERR,ERR,ERR,ERR,ERR,ERR,ERR,ERR,50.0,60.0,100,0.0,0.0,0.0,0.0,0.0,0.0,0.0,0.0,0.0,0.0,0.0,0.0,0.0,0.0,0.0,0.0,61.6,74,13,65511,50,65476,0,300,0,0,8,20529,65476,0,0,26214,60.0,0.0,0.0,0.0,0.0,0.0
2026-05-17T18:12:20,ERR,ERR,ERR,ERR,ERR,ERR,ERR,ERR,ERR,ERR,ERR,ERR,ERR,ERR,ERR,ERR,ERR,ERR,ERR,ERR,ERR,ERR,ERR,ERR,ERR,ERR,ERR,ERR,ERR,ERR,ERR,ERR,ERR,ERR,ERR,ERR,ERR,ERR,ERR,ERR,ERR,ERR,ERR,ERR,ERR,ERR,ERR,ERR,ERR,ERR,ERR,ERR,ERR,ERR,ERR,ERR,ERR,ERR,ERR,ERR,ERR,ERR,ERR,ERR,ERR,ERR,ERR,ERR,ERR,ERR,ERR,ERR,ERR,ERR,ERR,ERR,ERR,ERR,ERR,ERR,ERR,ERR,ERR,ERR,ERR,ERR,ERR,ERR,ERR,ERR,ERR,ERR,ERR,ERR,ERR,ERR,ERR,ERR,ERR,ERR,ERR,ERR,ERR,ERR,ERR,ERR,ERR,ERR,ERR,ERR,ERR,ERR,ERR,ERR,ERR,ERR,ERR,ERR,ERR,ERR,ERR,ERR,ERR,ERR,ERR,-107615288.0,-107615296.0,0.0,0.0,0.0,1.3936040501711995e+18,7.805,0.0,0,0,4,0,8422,0.0,45,0.0,0.0,0.0,0.0,0.0,0,0,0,0,0.0,0,0,0,0,0,0,0,0,0,0,0,0,0,0,0,0,0,0,0,0,0,0,0,0,0,0,0,0,0,0,0,0,0,38,14,7,45,65476,0,300,0,0,8,21553,0.0,-107605600.0,0.0,0.0,0.0,0.0,0.0,0.0,0.0,0.0,0.0,0.0,0.0,0.0,0.0,0.0,0.0,0.0,0.0,0.0,0.0,0.0,0.0,0.0,-0.0,0.0,0.0,0.0,0.0,0.0,5052.0,-3.697186573429349e+19,0.0,0.0,-107615296.0,-107615280.0,2.718429300292151e+23,0.0,0.0,0.0,0.0,53,-0.0,0.0,0.0,0.0,0.0,0.0,0.0,0.0,0.0,0,0,0,0.0,0.0,0.0,0.0,0.0,0.0,0.0,0.0,0.0,0.0,0.0,0.0,0.0,0.0,0.0,0.0,0,-107875648.0,53,0.0,106,-107614832.0,0.0,ERR,ERR,ERR,ERR,ERR,ERR,ERR,ERR,ERR,ERR,ERR,ERR,ERR,ERR,ERR,ERR,ERR,ERR,ERR,ERR,ERR,ERR,ERR,ERR,ERR,ERR,ERR,ERR,ERR,ERR,ERR,ERR,ERR,ERR,ERR,ERR,ERR,ERR,ERR,ERR,ERR,ERR,ERR,ERR,ERR,ERR,ERR,ERR,ERR,ERR,ERR,ERR,ERR,ERR,ERR,ERR,ERR,ERR,ERR,ERR,ERR,ERR,ERR,ERR,ERR,ERR,ERR,50.0,60.0,100,0.0,0.0,0.0,0.0,0.0,0.0,0.0,0.0,0.0,0.0,0.0,0.0,0.0,0.0,0.0,0.0,61.6,74,13,65511,50,65476,0,300,0,0,8,20529,65476,0,0,26214,60.0,0.0,0.0,0.0,0.0,0.0
2026-05-17T18:12:21,ERR,ERR,ERR,ERR,ERR,ERR,ERR,ERR,ERR,ERR,ERR,ERR,ERR,ERR,ERR,ERR,ERR,ERR,ERR,ERR,ERR,ERR,ERR,ERR,ERR,ERR,ERR,ERR,ERR,ERR,ERR,ERR,ERR,ERR,ERR,ERR,ERR,ERR,ERR,ERR,ERR,ERR,ERR,ERR,ERR,ERR,ERR,ERR,ERR,ERR,ERR,ERR,ERR,ERR,ERR,ERR,ERR,ERR,ERR,ERR,ERR,ERR,ERR,ERR,ERR,ERR,ERR,ERR,ERR,ERR,ERR,ERR,ERR,ERR,ERR,ERR,ERR,ERR,ERR,ERR,ERR,ERR,ERR,ERR,ERR,ERR,ERR,ERR,ERR,ERR,ERR,ERR,ERR,ERR,ERR,ERR,ERR,ERR,ERR,ERR,ERR,ERR,ERR,ERR,ERR,ERR,ERR,ERR,ERR,ERR,ERR,ERR,ERR,ERR,ERR,ERR,ERR,ERR,ERR,ERR,ERR,ERR,ERR,ERR,ERR,-107615288.0,-107615296.0,0.0,0.0,0.0,1.3936040501711995e+18,7.805,0.0,0,0,4,0,8422,0.0,45,0.0,0.0,0.0,0.0,0.0,0,0,0,0,0.0,0,0,0,0,0,0,0,0,0,0,0,0,0,0,0,0,0,0,0,0,0,0,0,0,0,0,0,0,0,0,0,0,0,38,14,7,45,65476,0,300,0,0,8,21553,0.0,-107605600.0,0.0,0.0,0.0,0.0,0.0,0.0,0.0,0.0,0.0,0.0,0.0,0.0,0.0,0.0,0.0,0.0,0.0,0.0,0.0,0.0,-2.004,0.0,-0.0,0.0,0.0,0.0,0.0,0.0,5079.0,0.0,0.0,0.0,-107615296.0,-107615280.0,2.718429300292151e+23,0.0,0.0,0.0,0.0,53,-0.0,5.8480564754410164e+35,0.0,0.0,0.0,0.0,0.0,0.0,0.0,0,0,0,0.0,0.0,0.0,0.0,0.0,0.0,0.0,0.0,0.0,0.0,0.0,0.0,0.0,0.0,0.0,0.0,0,-107875648.0,53,0.0,106,-107614832.0,0.0,ERR,ERR,ERR,ERR,ERR,ERR,ERR,ERR,ERR,ERR,ERR,ERR,ERR,ERR,ERR,ERR,ERR,ERR,ERR,ERR,ERR,ERR,ERR,ERR,ERR,ERR,ERR,ERR,ERR,ERR,ERR,ERR,ERR,ERR,ERR,ERR,ERR,ERR,ERR,ERR,ERR,ERR,ERR,ERR,ERR,ERR,ERR,ERR,ERR,ERR,ERR,ERR,ERR,ERR,ERR,ERR,ERR,ERR,ERR,ERR,ERR,ERR,ERR,ERR,ERR,ERR,ERR,50.0,60.0,100,0.0,0.0,0.0,0.0,0.0,0.0,0.0,0.0,0.0,0.0,0.0,0.0,0.0,0.0,0.0,0.0,62.0,74,13,65511,50,65476,0,300,0,0,8,20529,65476,0,0,26214,60.0,0.0,0.0,0.0,0.0,0.0
2026-05-17T18:12:22,ERR,ERR,ERR,ERR,ERR,ERR,ERR,ERR,ERR,ERR,ERR,ERR,ERR,ERR,ERR,ERR,ERR,ERR,ERR,ERR,ERR,ERR,ERR,ERR,ERR,ERR,ERR,ERR,ERR,ERR,ERR,ERR,ERR,ERR,ERR,ERR,ERR,ERR,ERR,ERR,ERR,ERR,ERR,ERR,ERR,ERR,ERR,ERR,ERR,ERR,ERR,ERR,ERR,ERR,ERR,ERR,ERR,ERR,ERR,ERR,ERR,ERR,ERR,ERR,ERR,ERR,ERR,ERR,ERR,ERR,ERR,ERR,ERR,ERR,ERR,ERR,ERR,ERR,ERR,ERR,ERR,ERR,ERR,ERR,ERR,ERR,ERR,ERR,ERR,ERR,ERR,ERR,ERR,ERR,ERR,ERR,ERR,ERR,ERR,ERR,ERR,ERR,ERR,ERR,ERR,ERR,ERR,ERR,ERR,ERR,ERR,ERR,ERR,ERR,ERR,ERR,ERR,ERR,ERR,ERR,ERR,ERR,ERR,ERR,ERR,-107615288.0,-107615296.0,0.0,0.0,0.0,1.3936040501711995e+18,7.805,0.0,0,0,4,0,8422,0.0,45,0.0,0.0,0.0,0.0,0.0,0,0,0,0,0.0,0,0,0,0,0,0,0,0,0,0,0,0,0,0,0,0,0,0,0,0,0,0,0,0,0,0,0,0,0,0,0,0,0,38,14,7,45,65476,0,300,0,0,8,21553,0.0,-107605600.0,0.0,0.0,0.0,0.0,0.0,0.0,0.0,0.0,0.0,0.0,0.0,0.0,0.0,0.0,0.0,0.0,0.0,0.0,0.0,0.0,-2.004,0.0,-0.0,0.0,0.0,0.0,0.0,0.0,5079.0,0.0,0.0,0.0,-107615296.0,-107615280.0,2.718429300292151e+23,0.0,0.0,0.0,0.0,53,-0.0,5.8480564754410164e+35,0.0,0.0,0.0,0.0,0.0,0.0,0.0,0,0,0,0.0,0.0,0.0,0.0,0.0,0.0,0.0,0.0,0.0,0.0,0.0,0.0,0.0,0.0,0.0,0.0,0,-107875648.0,53,0.0,106,-107614832.0,0.0,ERR,ERR,ERR,ERR,ERR,ERR,ERR,ERR,ERR,ERR,ERR,ERR,ERR,ERR,ERR,ERR,ERR,ERR,ERR,ERR,ERR,ERR,ERR,ERR,ERR,ERR,ERR,ERR,ERR,ERR,ERR,ERR,ERR,ERR,ERR,ERR,ERR,ERR,ERR,ERR,ERR,ERR,ERR,ERR,ERR,ERR,ERR,ERR,ERR,ERR,ERR,ERR,ERR,ERR,ERR,ERR,ERR,ERR,ERR,ERR,ERR,ERR,ERR,ERR,ERR,ERR,ERR,50.0,60.0,100,0.0,0.0,0.0,0.0,0.0,0.0,0.0,0.0,0.0,0.0,0.0,0.0,0.0,0.0,0.0,0.0,62.0,74,13,65511,50,65476,0,300,0,0,8,20529,65476,0,0,26214,60.0,0.0,0.0,0.0,0.0,0.0
2026-05-17T18:12:23,ERR,ERR,ERR,ERR,ERR,ERR,ERR,ERR,ERR,ERR,ERR,ERR,ERR,ERR,ERR,ERR,ERR,ERR,ERR,ERR,ERR,ERR,ERR,ERR,ERR,ERR,ERR,ERR,ERR,ERR,ERR,ERR,ERR,ERR,ERR,ERR,ERR,ERR,ERR,ERR,ERR,ERR,ERR,ERR,ERR,ERR,ERR,ERR,ERR,ERR,ERR,ERR,ERR,ERR,ERR,ERR,ERR,ERR,ERR,ERR,ERR,ERR,ERR,ERR,ERR,ERR,ERR,ERR,ERR,ERR,ERR,ERR,ERR,ERR,ERR,ERR,ERR,ERR,ERR,ERR,ERR,ERR,ERR,ERR,ERR,ERR,ERR,ERR,ERR,ERR,ERR,ERR,ERR,ERR,ERR,ERR,ERR,ERR,ERR,ERR,ERR,ERR,ERR,ERR,ERR,ERR,ERR,ERR,ERR,ERR,ERR,ERR,ERR,ERR,ERR,ERR,ERR,ERR,ERR,ERR,ERR,ERR,ERR,ERR,ERR,-107615288.0,-107615296.0,0.0,0.0,0.0,1.3936040501711995e+18,7.805,0.0,0,0,4,0,8422,0.0,45,0.0,0.0,0.0,0.0,0.0,0,0,0,0,0.0,0,0,0,0,0,0,0,0,0,0,0,0,0,0,0,0,0,0,0,0,0,0,0,0,0,0,0,0,0,0,0,0,0,38,14,7,45,65476,0,300,0,0,8,21553,0.0,-107605600.0,0.0,0.0,0.0,0.0,0.0,0.0,0.0,0.0,0.0,0.0,0.0,0.0,0.0,0.0,0.0,0.0,0.0,0.0,0.0,0.0,-2.004,0.0,-0.0,0.0,0.0,0.0,0.0,0.0,5079.0,0.0,0.0,0.0,-107615296.0,-107615280.0,2.718429300292151e+23,0.0,0.0,0.0,0.0,53,-0.0,5.8480564754410164e+35,0.0,0.0,0.0,0.0,0.0,0.0,0.0,0,0,0,0.0,0.0,0.0,0.0,0.0,0.0,0.0,0.0,0.0,0.0,0.0,0.0,0.0,0.0,0.0,0.0,0,-107875648.0,53,0.0,106,-107614832.0,0.0,ERR,ERR,ERR,ERR,ERR,ERR,ERR,ERR,ERR,ERR,ERR,ERR,ERR,ERR,ERR,ERR,ERR,ERR,ERR,ERR,ERR,ERR,ERR,ERR,ERR,ERR,ERR,ERR,ERR,ERR,ERR,ERR,ERR,ERR,ERR,ERR,ERR,ERR,ERR,ERR,ERR,ERR,ERR,ERR,ERR,ERR,ERR,ERR,ERR,ERR,ERR,ERR,ERR,ERR,ERR,ERR,ERR,ERR,ERR,ERR,ERR,ERR,ERR,ERR,ERR,ERR,ERR,50.0,60.0,100,0.0,0.0,0.0,0.0,0.0,0.0,0.0,0.0,0.0,0.0,0.0,0.0,0.0,0.0,0.0,0.0,61.6,74,13,65511,50,65476,0,300,0,0,8,20529,65476,0,0,26214,60.0,0.0,0.0,0.0,0.0,0.0
2026-05-17T18:12:24,ERR,ERR,ERR,ERR,ERR,ERR,ERR,ERR,ERR,ERR,ERR,ERR,ERR,ERR,ERR,ERR,ERR,ERR,ERR,ERR,ERR,ERR,ERR,ERR,ERR,ERR,ERR,ERR,ERR,ERR,ERR,ERR,ERR,ERR,ERR,ERR,ERR,ERR,ERR,ERR,ERR,ERR,ERR,ERR,ERR,ERR,ERR,ERR,ERR,ERR,ERR,ERR,ERR,ERR,ERR,ERR,ERR,ERR,ERR,ERR,ERR,ERR,ERR,ERR,ERR,ERR,ERR,ERR,ERR,ERR,ERR,ERR,ERR,ERR,ERR,ERR,ERR,ERR,ERR,ERR,ERR,ERR,ERR,ERR,ERR,ERR,ERR,ERR,ERR,ERR,ERR,ERR,ERR,ERR,ERR,ERR,ERR,ERR,ERR,ERR,ERR,ERR,ERR,ERR,ERR,ERR,ERR,ERR,ERR,ERR,ERR,ERR,ERR,ERR,ERR,ERR,ERR,ERR,ERR,ERR,ERR,ERR,ERR,ERR,ERR,-107615288.0,-107615296.0,0.0,0.0,0.0,1.3936040501711995e+18,7.805,0.0,0,0,4,0,8422,0.0,45,0.0,0.0,0.0,0.0,0.0,0,0,0,0,0.0,0,0,0,0,0,0,0,0,0,0,0,0,0,0,0,0,0,0,0,0,0,0,0,0,0,0,0,0,0,0,0,0,0,38,14,7,45,65476,0,300,0,0,8,21553,0.0,-107605600.0,0.0,0.0,0.0,0.0,0.0,0.0,0.0,0.0,0.0,0.0,0.0,0.0,0.0,0.0,0.0,0.0,0.0,0.0,0.0,0.0,-2.004,0.0,-0.0,0.0,0.0,0.0,0.0,0.0,5079.0,0.0,0.0,0.0,-107615296.0,-107615280.0,2.718429300292151e+23,0.0,0.0,0.0,0.0,53,-0.0,5.8480564754410164e+35,0.0,0.0,0.0,0.0,0.0,0.0,0.0,0,0,0,0.0,0.0,0.0,0.0,0.0,0.0,0.0,0.0,0.0,0.0,0.0,0.0,0.0,0.0,0.0,0.0,0,-107875648.0,53,0.0,106,-107614832.0,0.0,ERR,ERR,ERR,ERR,ERR,ERR,ERR,ERR,ERR,ERR,ERR,ERR,ERR,ERR,ERR,ERR,ERR,ERR,ERR,ERR,ERR,ERR,ERR,ERR,ERR,ERR,ERR,ERR,ERR,ERR,ERR,ERR,ERR,ERR,ERR,ERR,ERR,ERR,ERR,ERR,ERR,ERR,ERR,ERR,ERR,ERR,ERR,ERR,ERR,ERR,ERR,ERR,ERR,ERR,ERR,ERR,ERR,ERR,ERR,ERR,ERR,ERR,ERR,ERR,ERR,ERR,ERR,50.0,60.0,100,0.0,0.0,0.0,0.0,0.0,0.0,0.0,0.0,0.0,0.0,0.0,0.0,0.0,0.0,0.0,0.0,61.6,74,13,65511,50,65476,0,300,0,0,8,20529,65476,0,0,26214,60.0,0.0,0.0,0.0,0.0,0.0
2026-05-17T18:12:25,ERR,ERR,ERR,ERR,ERR,ERR,ERR,ERR,ERR,ERR,ERR,ERR,ERR,ERR,ERR,ERR,ERR,ERR,ERR,ERR,ERR,ERR,ERR,ERR,ERR,ERR,ERR,ERR,ERR,ERR,ERR,ERR,ERR,ERR,ERR,ERR,ERR,ERR,ERR,ERR,ERR,ERR,ERR,ERR,ERR,ERR,ERR,ERR,ERR,ERR,ERR,ERR,ERR,ERR,ERR,ERR,ERR,ERR,ERR,ERR,ERR,ERR,ERR,ERR,ERR,ERR,ERR,ERR,ERR,ERR,ERR,ERR,ERR,ERR,ERR,ERR,ERR,ERR,ERR,ERR,ERR,ERR,ERR,ERR,ERR,ERR,ERR,ERR,ERR,ERR,ERR,ERR,ERR,ERR,ERR,ERR,ERR,ERR,ERR,ERR,ERR,ERR,ERR,ERR,ERR,ERR,ERR,ERR,ERR,ERR,ERR,ERR,ERR,ERR,ERR,ERR,ERR,ERR,ERR,ERR,ERR,ERR,ERR,ERR,ERR,-107615288.0,-107615296.0,0.0,0.0,0.0,1.3936040501711995e+18,7.805,0.0,0,0,4,0,8422,0.0,45,0.0,0.0,0.0,0.0,0.0,0,0,0,0,0.0,0,0,0,0,0,0,0,0,0,0,0,0,0,0,0,0,0,0,0,0,0,0,0,0,0,0,0,0,0,0,0,0,0,38,14,7,45,65476,0,300,0,0,8,21553,0.0,-107605600.0,0.0,0.0,0.0,0.0,0.0,0.0,0.0,0.0,0.0,0.0,0.0,0.0,0.0,0.0,0.0,0.0,0.0,0.0,0.0,0.0,-2.004,0.0,-0.0,0.0,0.0,0.0,0.0,0.0,5079.0,0.0,0.0,0.0,-107615296.0,-107615280.0,2.718429300292151e+23,0.0,0.0,0.0,0.0,53,-0.0,5.8480564754410164e+35,0.0,0.0,0.0,0.0,0.0,0.0,0.0,0,0,0,0.0,0.0,0.0,0.0,0.0,0.0,0.0,0.0,0.0,0.0,0.0,0.0,0.0,0.0,0.0,0.0,0,-107875648.0,53,0.0,106,-107614832.0,0.0,ERR,ERR,ERR,ERR,ERR,ERR,ERR,ERR,ERR,ERR,ERR,ERR,ERR,ERR,ERR,ERR,ERR,ERR,ERR,ERR,ERR,ERR,ERR,ERR,ERR,ERR,ERR,ERR,ERR,ERR,ERR,ERR,ERR,ERR,ERR,ERR,ERR,ERR,ERR,ERR,ERR,ERR,ERR,ERR,ERR,ERR,ERR,ERR,ERR,ERR,ERR,ERR,ERR,ERR,ERR,ERR,ERR,ERR,ERR,ERR,ERR,ERR,ERR,ERR,ERR,ERR,ERR,50.0,60.0,100,0.0,0.0,0.0,0.0,0.0,0.0,0.0,0.0,0.0,0.0,0.0,0.0,0.0,0.0,0.0,0.0,61.6,74,13,65511,50,65476,0,300,0,0,8,20529,65476,0,0,26214,60.0,0.0,0.0,0.0,0.0,0.0
2026-05-17T18:12:26,ERR,ERR,ERR,ERR,ERR,ERR,ERR,ERR,ERR,ERR,ERR,ERR,ERR,ERR,ERR,ERR,ERR,ERR,ERR,ERR,ERR,ERR,ERR,ERR,ERR,ERR,ERR,ERR,ERR,ERR,ERR,ERR,ERR,ERR,ERR,ERR,ERR,ERR,ERR,ERR,ERR,ERR,ERR,ERR,ERR,ERR,ERR,ERR,ERR,ERR,ERR,ERR,ERR,ERR,ERR,ERR,ERR,ERR,ERR,ERR,ERR,ERR,ERR,ERR,ERR,ERR,ERR,ERR,ERR,ERR,ERR,ERR,ERR,ERR,ERR,ERR,ERR,ERR,ERR,ERR,ERR,ERR,ERR,ERR,ERR,ERR,ERR,ERR,ERR,ERR,ERR,ERR,ERR,ERR,ERR,ERR,ERR,ERR,ERR,ERR,ERR,ERR,ERR,ERR,ERR,ERR,ERR,ERR,ERR,ERR,ERR,ERR,ERR,ERR,ERR,ERR,ERR,ERR,ERR,ERR,ERR,ERR,ERR,ERR,ERR,0.0,-107615296.0,-134474944.0,0.0,0.0,1.3936040501711995e+18,7.805,0.0,0,0,4,0,8422,0.0,45,0.0,0.0,0.0,0.0,0.0,0,0,0,0,0.0,0,0,0,0,0,0,0,0,0,0,0,0,0,0,0,0,0,0,0,0,0,0,0,0,0,0,0,0,0,0,0,0,0,38,14,7,45,65476,0,300,0,0,8,21553,0.0,-107605600.0,0.0,0.0,0.0,0.0,0.0,0.0,0.0,0.0,0.0,0.0,0.0,0.0,0.0,0.0,0.0,0.0,0.0,0.0,0.0,0.0,-2.004,0.0,-0.0,0.0,0.0,0.0,0.0,0.0,5075.0,564145967595520.0,0.0,0.0,-107615296.0,-107615280.0,2.718429300292151e+23,0.0,0.0,0.0,0.0,53,4.950428597886765e+32,-0.0,0.0,0.0,0.0,0.0,0.0,0.0,0.0,0,0,0,0.0,0.0,0.0,0.0,0.0,0.0,0.0,0.0,0.0,0.0,0.0,0.0,0.0,0.0,0.0,0.0,0,-107875648.0,53,0.0,106,-107614832.0,0.0,ERR,ERR,ERR,ERR,ERR,ERR,ERR,ERR,ERR,ERR,ERR,ERR,ERR,ERR,ERR,ERR,ERR,ERR,ERR,ERR,ERR,ERR,ERR,ERR,ERR,ERR,ERR,ERR,ERR,ERR,ERR,ERR,ERR,ERR,ERR,ERR,ERR,ERR,ERR,ERR,ERR,ERR,ERR,ERR,ERR,ERR,ERR,ERR,ERR,ERR,ERR,ERR,ERR,ERR,ERR,ERR,ERR,ERR,ERR,ERR,ERR,ERR,ERR,ERR,ERR,ERR,ERR,50.0,60.0,100,0.0,0.0,0.0,0.0,0.0,0.0,0.0,0.0,0.0,0.0,0.0,0.0,0.0,0.0,0.0,0.0,61.6,74,13,65511,50,65476,0,300,0,0,8,20529,65476,0,0,26214,60.0,0.0,0.0,0.0,0.0,0.0
2026-05-17T18:12:27,ERR,ERR,ERR,ERR,ERR,ERR,ERR,ERR,ERR,ERR,ERR,ERR,ERR,ERR,ERR,ERR,ERR,ERR,ERR,ERR,ERR,ERR,ERR,ERR,ERR,ERR,ERR,ERR,ERR,ERR,ERR,ERR,ERR,ERR,ERR,ERR,ERR,ERR,ERR,ERR,ERR,ERR,ERR,ERR,ERR,ERR,ERR,ERR,ERR,ERR,ERR,ERR,ERR,ERR,ERR,ERR,ERR,ERR,ERR,ERR,ERR,ERR,ERR,ERR,ERR,ERR,ERR,ERR,ERR,ERR,ERR,ERR,ERR,ERR,ERR,ERR,ERR,ERR,ERR,ERR,ERR,ERR,ERR,ERR,ERR,ERR,ERR,ERR,ERR,ERR,ERR,ERR,ERR,ERR,ERR,ERR,ERR,ERR,ERR,ERR,ERR,ERR,ERR,ERR,ERR,ERR,ERR,ERR,ERR,ERR,ERR,ERR,ERR,ERR,ERR,ERR,ERR,ERR,ERR,ERR,ERR,ERR,ERR,ERR,ERR,0.0,-107615296.0,-134474944.0,0.0,0.0,1.3936040501711995e+18,7.805,0.0,0,0,4,0,8422,0.0,45,0.0,0.0,0.0,0.0,0.0,0,0,0,0,0.0,0,0,0,0,0,0,0,0,0,0,0,0,0,0,0,0,0,0,0,0,0,0,0,0,0,0,0,0,0,0,0,0,0,38,14,7,45,65476,0,300,0,0,8,21553,0.0,-107605600.0,0.0,0.0,0.0,0.0,0.0,0.0,0.0,0.0,0.0,0.0,0.0,0.0,0.0,0.0,0.0,0.0,0.0,0.0,0.0,0.0,-2.004,0.0,-0.0,0.0,0.0,0.0,0.0,0.0,5075.0,564145967595520.0,0.0,0.0,-107615296.0,-107615280.0,2.718429300292151e+23,0.0,0.0,0.0,0.0,53,4.950428597886765e+32,-0.0,0.0,0.0,0.0,0.0,0.0,0.0,0.0,0,0,0,0.0,0.0,0.0,0.0,0.0,0.0,0.0,0.0,0.0,0.0,0.0,0.0,0.0,0.0,0.0,0.0,0,-107875648.0,53,0.0,106,-107614832.0,0.0,ERR,ERR,ERR,ERR,ERR,ERR,ERR,ERR,ERR,ERR,ERR,ERR,ERR,ERR,ERR,ERR,ERR,ERR,ERR,ERR,ERR,ERR,ERR,ERR,ERR,ERR,ERR,ERR,ERR,ERR,ERR,ERR,ERR,ERR,ERR,ERR,ERR,ERR,ERR,ERR,ERR,ERR,ERR,ERR,ERR,ERR,ERR,ERR,ERR,ERR,ERR,ERR,ERR,ERR,ERR,ERR,ERR,ERR,ERR,ERR,ERR,ERR,ERR,ERR,ERR,ERR,ERR,50.0,60.0,100,0.0,0.0,0.0,0.0,0.0,0.0,0.0,0.0,0.0,0.0,0.0,0.0,0.0,0.0,0.0,0.0,61.6,74,13,65511,50,65476,0,300,0,0,8,20529,65476,0,0,26214,60.0,0.0,0.0,0.0,0.0,0.0
2026-05-17T18:12:28,ERR,ERR,ERR,ERR,ERR,ERR,ERR,ERR,ERR,ERR,ERR,ERR,ERR,ERR,ERR,ERR,ERR,ERR,ERR,ERR,ERR,ERR,ERR,ERR,ERR,ERR,ERR,ERR,ERR,ERR,ERR,ERR,ERR,ERR,ERR,ERR,ERR,ERR,ERR,ERR,ERR,ERR,ERR,ERR,ERR,ERR,ERR,ERR,ERR,ERR,ERR,ERR,ERR,ERR,ERR,ERR,ERR,ERR,ERR,ERR,ERR,ERR,ERR,ERR,ERR,ERR,ERR,ERR,ERR,ERR,ERR,ERR,ERR,ERR,ERR,ERR,ERR,ERR,ERR,ERR,ERR,ERR,ERR,ERR,ERR,ERR,ERR,ERR,ERR,ERR,ERR,ERR,ERR,ERR,ERR,ERR,ERR,ERR,ERR,ERR,ERR,ERR,ERR,ERR,ERR,ERR,ERR,ERR,ERR,ERR,ERR,ERR,ERR,ERR,ERR,ERR,ERR,ERR,ERR,ERR,ERR,ERR,ERR,ERR,ERR,0.0,-107615296.0,-134474944.0,0.0,0.0,1.3936040501711995e+18,7.805,0.0,0,0,4,0,8422,0.0,45,0.0,0.0,0.0,0.0,0.0,0,0,0,0,0.0,0,0,0,0,0,0,0,0,0,0,0,0,0,0,0,0,0,0,0,0,0,0,0,0,0,0,0,0,0,0,0,0,0,38,14,7,45,65476,0,300,0,0,8,21553,0.0,-107605600.0,0.0,0.0,0.0,0.0,0.0,0.0,0.0,0.0,0.0,0.0,0.0,0.0,0.0,0.0,0.0,0.0,0.0,0.0,0.0,0.0,-2.004,0.0,-0.0,0.0,0.0,0.0,0.0,0.0,5075.0,564145967595520.0,0.0,0.0,-107615296.0,-107615280.0,2.718429300292151e+23,0.0,0.0,0.0,0.0,53,4.950428597886765e+32,-0.0,0.0,0.0,0.0,0.0,0.0,0.0,0.0,0,0,0,0.0,0.0,0.0,0.0,0.0,0.0,0.0,0.0,0.0,0.0,0.0,0.0,0.0,0.0,0.0,0.0,0,-107875648.0,53,0.0,106,-107614832.0,0.0,ERR,ERR,ERR,ERR,ERR,ERR,ERR,ERR,ERR,ERR,ERR,ERR,ERR,ERR,ERR,ERR,ERR,ERR,ERR,ERR,ERR,ERR,ERR,ERR,ERR,ERR,ERR,ERR,ERR,ERR,ERR,ERR,ERR,ERR,ERR,ERR,ERR,ERR,ERR,ERR,ERR,ERR,ERR,ERR,ERR,ERR,ERR,ERR,ERR,ERR,ERR,ERR,ERR,ERR,ERR,ERR,ERR,ERR,ERR,ERR,ERR,ERR,ERR,ERR,ERR,ERR,ERR,50.0,60.0,100,0.0,0.0,0.0,0.0,0.0,0.0,0.0,0.0,0.0,0.0,0.0,0.0,0.0,0.0,0.0,0.0,61.6,74,13,65511,50,65476,0,300,0,0,8,20529,65476,0,0,26214,60.0,0.0,0.0,0.0,0.0,0.0
2026-05-17T18:12:29,ERR,ERR,ERR,ERR,ERR,ERR,ERR,ERR,ERR,ERR,ERR,ERR,ERR,ERR,ERR,ERR,ERR,ERR,ERR,ERR,ERR,ERR,ERR,ERR,ERR,ERR,ERR,ERR,ERR,ERR,ERR,ERR,ERR,ERR,ERR,ERR,ERR,ERR,ERR,ERR,ERR,ERR,ERR,ERR,ERR,ERR,ERR,ERR,ERR,ERR,ERR,ERR,ERR,ERR,ERR,ERR,ERR,ERR,ERR,ERR,ERR,ERR,ERR,ERR,ERR,ERR,ERR,ERR,ERR,ERR,ERR,ERR,ERR,ERR,ERR,ERR,ERR,ERR,ERR,ERR,ERR,ERR,ERR,ERR,ERR,ERR,ERR,ERR,ERR,ERR,ERR,ERR,ERR,ERR,ERR,ERR,ERR,ERR,ERR,ERR,ERR,ERR,ERR,ERR,ERR,ERR,ERR,ERR,ERR,ERR,ERR,ERR,ERR,ERR,ERR,ERR,ERR,ERR,ERR,ERR,ERR,ERR,ERR,ERR,ERR,0.0,-107615296.0,-134474944.0,0.0,0.0,1.3936040501711995e+18,7.805,0.0,0,0,4,0,8422,0.0,45,0.0,0.0,0.0,0.0,0.0,0,0,0,0,0.0,0,0,0,0,0,0,0,0,0,0,0,0,0,0,0,0,0,0,0,0,0,0,0,0,0,0,0,0,0,0,0,0,0,38,14,7,45,65476,0,300,0,0,8,21553,0.0,-107605600.0,0.0,0.0,0.0,0.0,0.0,0.0,0.0,0.0,0.0,0.0,0.0,0.0,0.0,0.0,0.0,0.0,0.0,0.0,0.0,0.0,-2.004,0.0,-0.0,0.0,0.0,0.0,0.0,0.0,5075.0,564145967595520.0,0.0,0.0,-107615296.0,-107615280.0,2.718429300292151e+23,0.0,0.0,0.0,0.0,53,4.950428597886765e+32,-0.0,0.0,0.0,0.0,0.0,0.0,0.0,0.0,0,0,0,0.0,0.0,0.0,0.0,0.0,0.0,0.0,0.0,0.0,0.0,0.0,0.0,0.0,0.0,0.0,0.0,0,-107875648.0,53,0.0,106,-107614832.0,0.0,ERR,ERR,ERR,ERR,ERR,ERR,ERR,ERR,ERR,ERR,ERR,ERR,ERR,ERR,ERR,ERR,ERR,ERR,ERR,ERR,ERR,ERR,ERR,ERR,ERR,ERR,ERR,ERR,ERR,ERR,ERR,ERR,ERR,ERR,ERR,ERR,ERR,ERR,ERR,ERR,ERR,ERR,ERR,ERR,ERR,ERR,ERR,ERR,ERR,ERR,ERR,ERR,ERR,ERR,ERR,ERR,ERR,ERR,ERR,ERR,ERR,ERR,ERR,ERR,ERR,ERR,ERR,50.0,60.0,100,0.0,0.0,0.0,0.0,0.0,0.0,0.0,0.0,0.0,0.0,0.0,0.0,0.0,0.0,0.0,0.0,61.6,74,13,65511,50,65476,0,300,0,0,8,20529,65476,0,0,26214,60.0,0.0,0.0,0.0,0.0,0.0
2026-05-17T18:12:30,ERR,ERR,ERR,ERR,ERR,ERR,ERR,ERR,ERR,ERR,ERR,ERR,ERR,ERR,ERR,ERR,ERR,ERR,ERR,ERR,ERR,ERR,ERR,ERR,ERR,ERR,ERR,ERR,ERR,ERR,ERR,ERR,ERR,ERR,ERR,ERR,ERR,ERR,ERR,ERR,ERR,ERR,ERR,ERR,ERR,ERR,ERR,ERR,ERR,ERR,ERR,ERR,ERR,ERR,ERR,ERR,ERR,ERR,ERR,ERR,ERR,ERR,ERR,ERR,ERR,ERR,ERR,ERR,ERR,ERR,ERR,ERR,ERR,ERR,ERR,ERR,ERR,ERR,ERR,ERR,ERR,ERR,ERR,ERR,ERR,ERR,ERR,ERR,ERR,ERR,ERR,ERR,ERR,ERR,ERR,ERR,ERR,ERR,ERR,ERR,ERR,ERR,ERR,ERR,ERR,ERR,ERR,ERR,ERR,ERR,ERR,ERR,ERR,ERR,ERR,ERR,ERR,ERR,ERR,ERR,ERR,ERR,ERR,ERR,ERR,0.0,-107615296.0,-134474944.0,0.0,0.0,1.3936040501711995e+18,7.805,0.0,0,0,4,0,8422,0.0,45,0.0,0.0,0.0,0.0,0.0,0,0,0,0,0.0,0,0,0,0,0,0,0,0,0,0,0,0,0,0,0,0,0,0,0,0,0,0,0,0,0,0,0,0,0,0,0,0,0,38,14,7,45,65476,0,300,0,0,8,21553,0.0,-107605600.0,0.0,0.0,0.0,0.0,0.0,0.0,0.0,0.0,0.0,0.0,0.0,0.0,0.0,0.0,0.0,0.0,0.0,0.0,0.0,0.0,-2.004,0.0,-0.0,0.0,0.0,0.0,0.0,0.0,5075.0,564145967595520.0,0.0,0.0,-107615296.0,-107615280.0,2.718429300292151e+23,0.0,0.0,0.0,0.0,53,4.950428597886765e+32,-0.0,0.0,0.0,0.0,0.0,0.0,0.0,0.0,0,0,0,0.0,0.0,0.0,0.0,0.0,0.0,0.0,0.0,0.0,0.0,0.0,0.0,0.0,0.0,0.0,0.0,0,-107875648.0,53,0.0,106,-107614832.0,0.0,ERR,ERR,ERR,ERR,ERR,ERR,ERR,ERR,ERR,ERR,ERR,ERR,ERR,ERR,ERR,ERR,ERR,ERR,ERR,ERR,ERR,ERR,ERR,ERR,ERR,ERR,ERR,ERR,ERR,ERR,ERR,ERR,ERR,ERR,ERR,ERR,ERR,ERR,ERR,ERR,ERR,ERR,ERR,ERR,ERR,ERR,ERR,ERR,ERR,ERR,ERR,ERR,ERR,ERR,ERR,ERR,ERR,ERR,ERR,ERR,ERR,ERR,ERR,ERR,ERR,ERR,ERR,50.0,60.0,100,0.0,0.0,0.0,0.0,0.0,0.0,0.0,0.0,0.0,0.0,0.0,0.0,0.0,0.0,0.0,0.0,61.6,74,13,65511,50,65476,0,300,0,0,8,20529,65476,0,0,26214,60.0,0.0,0.0,0.0,0.0,0.0
2026-05-17T18:12:31,ERR,ERR,ERR,ERR,ERR,ERR,ERR,ERR,ERR,ERR,ERR,ERR,ERR,ERR,ERR,ERR,ERR,ERR,ERR,ERR,ERR,ERR,ERR,ERR,ERR,ERR,ERR,ERR,ERR,ERR,ERR,ERR,ERR,ERR,ERR,ERR,ERR,ERR,ERR,ERR,ERR,ERR,ERR,ERR,ERR,ERR,ERR,ERR,ERR,ERR,ERR,ERR,ERR,ERR,ERR,ERR,ERR,ERR,ERR,ERR,ERR,ERR,ERR,ERR,ERR,ERR,ERR,ERR,ERR,ERR,ERR,ERR,ERR,ERR,ERR,ERR,ERR,ERR,ERR,ERR,ERR,ERR,ERR,ERR,ERR,ERR,ERR,ERR,ERR,ERR,ERR,ERR,ERR,ERR,ERR,ERR,ERR,ERR,ERR,ERR,ERR,ERR,ERR,ERR,ERR,ERR,ERR,ERR,ERR,ERR,ERR,ERR,ERR,ERR,ERR,ERR,ERR,ERR,ERR,ERR,ERR,ERR,ERR,ERR,ERR,0.0,-107615296.0,-134474944.0,0.0,0.0,1.3936040501711995e+18,7.805,0.0,0,0,4,0,8422,0.0,45,0.0,0.0,0.0,0.0,0.0,0,0,0,0,0.0,0,0,0,0,0,0,0,0,0,0,0,0,0,0,0,0,0,0,0,0,0,0,0,0,0,0,0,0,0,0,0,0,0,38,14,7,45,65476,0,300,0,0,8,21553,0.0,-107605600.0,0.0,0.0,0.0,0.0,0.0,0.0,0.0,0.0,0.0,0.0,0.0,0.0,0.0,0.0,0.0,0.0,0.0,0.0,0.0,0.0,0.0,0.0,-0.0,0.0,0.0,0.0,0.0,0.0,5079.0,-0.0,0.0,-107615288.0,-107615296.0,-107615280.0,2.718429300292151e+23,0.0,0.0,0.0,0.0,53,-0.0,-2.3088284031854313e+20,0.0,0.0,0.0,0.0,0.0,0.0,0.0,0,0,0,0.0,0.0,0.0,0.0,0.0,0.0,0.0,0.0,0.0,0.0,0.0,0.0,0.0,0.0,0.0,0.0,0,-107875648.0,53,0.0,106,-107614832.0,0.0,ERR,ERR,ERR,ERR,ERR,ERR,ERR,ERR,ERR,ERR,ERR,ERR,ERR,ERR,ERR,ERR,ERR,ERR,ERR,ERR,ERR,ERR,ERR,ERR,ERR,ERR,ERR,ERR,ERR,ERR,ERR,ERR,ERR,ERR,ERR,ERR,ERR,ERR,ERR,ERR,ERR,ERR,ERR,ERR,ERR,ERR,ERR,ERR,ERR,ERR,ERR,ERR,ERR,ERR,ERR,ERR,ERR,ERR,ERR,ERR,ERR,ERR,ERR,ERR,ERR,ERR,ERR,50.0,60.0,100,0.0,0.0,0.0,0.0,0.0,0.0,0.0,0.0,0.0,0.0,0.0,0.0,0.0,0.0,0.0,0.0,61.6,74,13,65511,50,65476,0,300,0,0,8,20529,65476,0,0,26214,60.0,0.0,0.0,0.0,0.0,0.0
2026-05-17T18:12:32,ERR,ERR,ERR,ERR,ERR,ERR,ERR,ERR,ERR,ERR,ERR,ERR,ERR,ERR,ERR,ERR,ERR,ERR,ERR,ERR,ERR,ERR,ERR,ERR,ERR,ERR,ERR,ERR,ERR,ERR,ERR,ERR,ERR,ERR,ERR,ERR,ERR,ERR,ERR,ERR,ERR,ERR,ERR,ERR,ERR,ERR,ERR,ERR,ERR,ERR,ERR,ERR,ERR,ERR,ERR,ERR,ERR,ERR,ERR,ERR,ERR,ERR,ERR,ERR,ERR,ERR,ERR,ERR,ERR,ERR,ERR,ERR,ERR,ERR,ERR,ERR,ERR,ERR,ERR,ERR,ERR,ERR,ERR,ERR,ERR,ERR,ERR,ERR,ERR,ERR,ERR,ERR,ERR,ERR,ERR,ERR,ERR,ERR,ERR,ERR,ERR,ERR,ERR,ERR,ERR,ERR,ERR,ERR,ERR,ERR,ERR,ERR,ERR,ERR,ERR,ERR,ERR,ERR,ERR,ERR,ERR,ERR,ERR,ERR,ERR,0.0,-107615296.0,-134474944.0,0.0,0.0,1.3936040501711995e+18,7.805,0.0,0,0,4,0,8422,0.0,45,0.0,0.0,0.0,0.0,0.0,0,0,0,0,0.0,0,0,0,0,0,0,0,0,0,0,0,0,0,0,0,0,0,0,0,0,0,0,0,0,0,0,0,0,0,0,0,0,0,38,14,7,45,65476,0,300,0,0,8,21553,0.0,-107605600.0,0.0,0.0,0.0,0.0,0.0,0.0,0.0,0.0,0.0,0.0,0.0,0.0,0.0,0.0,0.0,0.0,0.0,0.0,0.0,0.0,0.0,0.0,-0.0,0.0,0.0,0.0,0.0,0.0,5079.0,-0.0,0.0,-107615288.0,-107615296.0,-107615280.0,2.718429300292151e+23,0.0,0.0,0.0,0.0,53,-0.0,-2.3088284031854313e+20,0.0,0.0,0.0,0.0,0.0,0.0,0.0,0,0,0,0.0,0.0,0.0,0.0,0.0,0.0,0.0,0.0,0.0,0.0,0.0,0.0,0.0,0.0,0.0,0.0,0,-107875648.0,53,0.0,106,-107614832.0,0.0,ERR,ERR,ERR,ERR,ERR,ERR,ERR,ERR,ERR,ERR,ERR,ERR,ERR,ERR,ERR,ERR,ERR,ERR,ERR,ERR,ERR,ERR,ERR,ERR,ERR,ERR,ERR,ERR,ERR,ERR,ERR,ERR,ERR,ERR,ERR,ERR,ERR,ERR,ERR,ERR,ERR,ERR,ERR,ERR,ERR,ERR,ERR,ERR,ERR,ERR,ERR,ERR,ERR,ERR,ERR,ERR,ERR,ERR,ERR,ERR,ERR,ERR,ERR,ERR,ERR,ERR,ERR,50.0,60.0,100,0.0,0.0,0.0,0.0,0.0,0.0,0.0,0.0,0.0,0.0,0.0,0.0,0.0,0.0,0.0,0.0,62.0,74,13,65511,50,65476,0,300,0,0,8,20529,65476,0,0,26214,60.0,0.0,0.0,0.0,0.0,0.0
2026-05-17T18:12:33,ERR,ERR,ERR,ERR,ERR,ERR,ERR,ERR,ERR,ERR,ERR,ERR,ERR,ERR,ERR,ERR,ERR,ERR,ERR,ERR,ERR,ERR,ERR,ERR,ERR,ERR,ERR,ERR,ERR,ERR,ERR,ERR,ERR,ERR,ERR,ERR,ERR,ERR,ERR,ERR,ERR,ERR,ERR,ERR,ERR,ERR,ERR,ERR,ERR,ERR,ERR,ERR,ERR,ERR,ERR,ERR,ERR,ERR,ERR,ERR,ERR,ERR,ERR,ERR,ERR,ERR,ERR,ERR,ERR,ERR,ERR,ERR,ERR,ERR,ERR,ERR,ERR,ERR,ERR,ERR,ERR,ERR,ERR,ERR,ERR,ERR,ERR,ERR,ERR,ERR,ERR,ERR,ERR,ERR,ERR,ERR,ERR,ERR,ERR,ERR,ERR,ERR,ERR,ERR,ERR,ERR,ERR,ERR,ERR,ERR,ERR,ERR,ERR,ERR,ERR,ERR,ERR,ERR,ERR,ERR,ERR,ERR,ERR,ERR,ERR,0.0,-107615296.0,-134474944.0,0.0,0.0,1.3936040501711995e+18,7.805,0.0,0,0,4,0,8422,0.0,45,0.0,0.0,0.0,0.0,0.0,0,0,0,0,0.0,0,0,0,0,0,0,0,0,0,0,0,0,0,0,0,0,0,0,0,0,0,0,0,0,0,0,0,0,0,0,0,0,0,38,14,7,45,65476,0,300,0,0,8,21553,0.0,-107605600.0,0.0,0.0,0.0,0.0,0.0,0.0,0.0,0.0,0.0,0.0,0.0,0.0,0.0,0.0,0.0,0.0,0.0,0.0,0.0,0.0,0.0,0.0,-0.0,0.0,0.0,0.0,0.0,0.0,5079.0,-0.0,0.0,-107615288.0,-107615296.0,-107615280.0,2.718429300292151e+23,0.0,0.0,0.0,0.0,53,-0.0,-2.3088284031854313e+20,0.0,0.0,0.0,0.0,0.0,0.0,0.0,0,0,0,0.0,0.0,0.0,0.0,0.0,0.0,0.0,0.0,0.0,0.0,0.0,0.0,0.0,0.0,0.0,0.0,0,-107875648.0,53,0.0,106,-107614832.0,0.0,ERR,ERR,ERR,ERR,ERR,ERR,ERR,ERR,ERR,ERR,ERR,ERR,ERR,ERR,ERR,ERR,ERR,ERR,ERR,ERR,ERR,ERR,ERR,ERR,ERR,ERR,ERR,ERR,ERR,ERR,ERR,ERR,ERR,ERR,ERR,ERR,ERR,ERR,ERR,ERR,ERR,ERR,ERR,ERR,ERR,ERR,ERR,ERR,ERR,ERR,ERR,ERR,ERR,ERR,ERR,ERR,ERR,ERR,ERR,ERR,ERR,ERR,ERR,ERR,ERR,ERR,ERR,50.0,60.0,100,0.0,0.0,0.0,0.0,0.0,0.0,0.0,0.0,0.0,0.0,0.0,0.0,0.0,0.0,0.0,0.0,62.0,74,13,65511,50,65476,0,300,0,0,8,20529,65476,0,0,26214,60.0,0.0,0.0,0.0,0.0,0.0
2026-05-17T18:12:34,ERR,ERR,ERR,ERR,ERR,ERR,ERR,ERR,ERR,ERR,ERR,ERR,ERR,ERR,ERR,ERR,ERR,ERR,ERR,ERR,ERR,ERR,ERR,ERR,ERR,ERR,ERR,ERR,ERR,ERR,ERR,ERR,ERR,ERR,ERR,ERR,ERR,ERR,ERR,ERR,ERR,ERR,ERR,ERR,ERR,ERR,ERR,ERR,ERR,ERR,ERR,ERR,ERR,ERR,ERR,ERR,ERR,ERR,ERR,ERR,ERR,ERR,ERR,ERR,ERR,ERR,ERR,ERR,ERR,ERR,ERR,ERR,ERR,ERR,ERR,ERR,ERR,ERR,ERR,ERR,ERR,ERR,ERR,ERR,ERR,ERR,ERR,ERR,ERR,ERR,ERR,ERR,ERR,ERR,ERR,ERR,ERR,ERR,ERR,ERR,ERR,ERR,ERR,ERR,ERR,ERR,ERR,ERR,ERR,ERR,ERR,ERR,ERR,ERR,ERR,ERR,ERR,ERR,ERR,ERR,ERR,ERR,ERR,ERR,ERR,0.0,-107615296.0,-134474944.0,0.0,0.0,1.3936040501711995e+18,7.805,0.0,0,0,4,0,8422,0.0,45,0.0,0.0,0.0,0.0,0.0,0,0,0,0,0.0,0,0,0,0,0,0,0,0,0,0,0,0,0,0,0,0,0,0,0,0,0,0,0,0,0,0,0,0,0,0,0,0,0,38,14,7,45,65476,0,300,0,0,8,21553,0.0,-107605600.0,0.0,0.0,0.0,0.0,0.0,0.0,0.0,0.0,0.0,0.0,0.0,0.0,0.0,0.0,0.0,0.0,0.0,0.0,0.0,0.0,0.0,0.0,-0.0,0.0,0.0,0.0,0.0,0.0,5079.0,-0.0,0.0,-107615288.0,-107615296.0,-107615280.0,2.718429300292151e+23,0.0,0.0,0.0,0.0,53,-0.0,-2.3088284031854313e+20,0.0,0.0,0.0,0.0,0.0,0.0,0.0,0,0,0,0.0,0.0,0.0,0.0,0.0,0.0,0.0,0.0,0.0,0.0,0.0,0.0,0.0,0.0,0.0,0.0,0,-107875648.0,53,0.0,106,-107614832.0,0.0,ERR,ERR,ERR,ERR,ERR,ERR,ERR,ERR,ERR,ERR,ERR,ERR,ERR,ERR,ERR,ERR,ERR,ERR,ERR,ERR,ERR,ERR,ERR,ERR,ERR,ERR,ERR,ERR,ERR,ERR,ERR,ERR,ERR,ERR,ERR,ERR,ERR,ERR,ERR,ERR,ERR,ERR,ERR,ERR,ERR,ERR,ERR,ERR,ERR,ERR,ERR,ERR,ERR,ERR,ERR,ERR,ERR,ERR,ERR,ERR,ERR,ERR,ERR,ERR,ERR,ERR,ERR,50.0,60.0,100,0.0,0.0,0.0,0.0,0.0,0.0,0.0,0.0,0.0,0.0,0.0,0.0,0.0,0.0,0.0,0.0,61.6,74,13,65511,50,65476,0,300,0,0,8,20529,65476,0,0,26214,60.0,0.0,0.0,0.0,0.0,0.0
2026-05-17T18:12:35,ERR,ERR,ERR,ERR,ERR,ERR,ERR,ERR,ERR,ERR,ERR,ERR,ERR,ERR,ERR,ERR,ERR,ERR,ERR,ERR,ERR,ERR,ERR,ERR,ERR,ERR,ERR,ERR,ERR,ERR,ERR,ERR,ERR,ERR,ERR,ERR,ERR,ERR,ERR,ERR,ERR,ERR,ERR,ERR,ERR,ERR,ERR,ERR,ERR,ERR,ERR,ERR,ERR,ERR,ERR,ERR,ERR,ERR,ERR,ERR,ERR,ERR,ERR,ERR,ERR,ERR,ERR,ERR,ERR,ERR,ERR,ERR,ERR,ERR,ERR,ERR,ERR,ERR,ERR,ERR,ERR,ERR,ERR,ERR,ERR,ERR,ERR,ERR,ERR,ERR,ERR,ERR,ERR,ERR,ERR,ERR,ERR,ERR,ERR,ERR,ERR,ERR,ERR,ERR,ERR,ERR,ERR,ERR,ERR,ERR,ERR,ERR,ERR,ERR,ERR,ERR,ERR,ERR,ERR,ERR,ERR,ERR,ERR,ERR,ERR,0.0,-107615296.0,-134474944.0,0.0,0.0,1.3936040501711995e+18,7.805,0.0,0,0,4,0,8422,0.0,45,0.0,0.0,0.0,0.0,0.0,0,0,0,0,0.0,0,0,0,0,0,0,0,0,0,0,0,0,0,0,0,0,0,0,0,0,0,0,0,0,0,0,0,0,0,0,0,0,0,38,14,7,45,65476,0,300,0,0,8,21553,0.0,-107605600.0,0.0,0.0,0.0,0.0,0.0,0.0,0.0,0.0,0.0,0.0,0.0,0.0,0.0,0.0,0.0,0.0,0.0,0.0,0.0,0.0,0.0,0.0,-0.0,0.0,0.0,0.0,0.0,0.0,5079.0,-0.0,0.0,-107615288.0,-107615296.0,-107615280.0,2.718429300292151e+23,0.0,0.0,0.0,0.0,53,-0.0,-2.3088284031854313e+20,0.0,0.0,0.0,0.0,0.0,0.0,0.0,0,0,0,0.0,0.0,0.0,0.0,0.0,0.0,0.0,0.0,0.0,0.0,0.0,0.0,0.0,0.0,0.0,0.0,0,-107875648.0,53,0.0,106,-107614832.0,0.0,ERR,ERR,ERR,ERR,ERR,ERR,ERR,ERR,ERR,ERR,ERR,ERR,ERR,ERR,ERR,ERR,ERR,ERR,ERR,ERR,ERR,ERR,ERR,ERR,ERR,ERR,ERR,ERR,ERR,ERR,ERR,ERR,ERR,ERR,ERR,ERR,ERR,ERR,ERR,ERR,ERR,ERR,ERR,ERR,ERR,ERR,ERR,ERR,ERR,ERR,ERR,ERR,ERR,ERR,ERR,ERR,ERR,ERR,ERR,ERR,ERR,ERR,ERR,ERR,ERR,ERR,ERR,50.0,60.0,100,0.0,0.0,0.0,0.0,0.0,0.0,0.0,0.0,0.0,0.0,0.0,0.0,0.0,0.0,0.0,0.0,61.6,74,13,65511,50,65476,0,300,0,0,8,20529,65476,0,0,26214,60.0,0.0,0.0,0.0,0.0,0.0
2026-05-17T18:12:36,ERR,ERR,ERR,ERR,ERR,ERR,ERR,ERR,ERR,ERR,ERR,ERR,ERR,ERR,ERR,ERR,ERR,ERR,ERR,ERR,ERR,ERR,ERR,ERR,ERR,ERR,ERR,ERR,ERR,ERR,ERR,ERR,ERR,ERR,ERR,ERR,ERR,ERR,ERR,ERR,ERR,ERR,ERR,ERR,ERR,ERR,ERR,ERR,ERR,ERR,ERR,ERR,ERR,ERR,ERR,ERR,ERR,ERR,ERR,ERR,ERR,ERR,ERR,ERR,ERR,ERR,ERR,ERR,ERR,ERR,ERR,ERR,ERR,ERR,ERR,ERR,ERR,ERR,ERR,ERR,ERR,ERR,ERR,ERR,ERR,ERR,ERR,ERR,ERR,ERR,ERR,ERR,ERR,ERR,ERR,ERR,ERR,ERR,ERR,ERR,ERR,ERR,ERR,ERR,ERR,ERR,ERR,ERR,ERR,ERR,ERR,ERR,ERR,ERR,ERR,ERR,ERR,ERR,ERR,ERR,ERR,ERR,ERR,ERR,ERR,0.0,-107615296.0,-134474944.0,0.0,0.0,1.3936040501711995e+18,7.805,0.0,0,0,4,0,8422,0.0,45,0.0,0.0,0.0,0.0,0.0,0,0,0,0,0.0,0,0,0,0,0,0,0,0,0,0,0,0,0,0,0,0,0,0,0,0,0,0,0,0,0,0,0,0,0,0,0,0,0,38,14,7,45,65476,0,300,0,0,8,21553,0.0,-107605600.0,0.0,0.0,0.0,0.0,0.0,0.0,0.0,0.0,0.0,0.0,0.0,0.0,0.0,0.0,0.0,0.0,0.0,0.0,0.0,0.0,-2.004,0.0,-0.0,0.0,0.0,0.0,0.0,0.0,5087.0,-0.0,0.0,0.0,-107615296.0,-107615280.0,2.718429300292151e+23,0.0,0.0,0.0,0.0,53,-0.059,-3.2220035051135306e+26,0.0,0.0,0.0,0.0,0.0,0.0,0.0,0,0,0,0.0,0.0,0.0,0.0,0.0,0.0,0.0,0.0,0.0,0.0,0.0,0.0,0.0,0.0,0.0,0.0,0,-107875648.0,53,0.0,106,-107614832.0,0.0,ERR,ERR,ERR,ERR,ERR,ERR,ERR,ERR,ERR,ERR,ERR,ERR,ERR,ERR,ERR,ERR,ERR,ERR,ERR,ERR,ERR,ERR,ERR,ERR,ERR,ERR,ERR,ERR,ERR,ERR,ERR,ERR,ERR,ERR,ERR,ERR,ERR,ERR,ERR,ERR,ERR,ERR,ERR,ERR,ERR,ERR,ERR,ERR,ERR,ERR,ERR,ERR,ERR,ERR,ERR,ERR,ERR,ERR,ERR,ERR,ERR,ERR,ERR,ERR,ERR,ERR,ERR,50.0,60.0,100,0.0,0.0,0.0,0.0,0.0,0.0,0.0,0.0,0.0,0.0,0.0,0.0,0.0,0.0,0.0,0.0,61.6,74,13,65511,50,65476,0,300,0,0,8,20529,65476,0,0,26214,60.0,0.0,0.0,0.0,0.0,0.0
2026-05-17T18:12:37,ERR,ERR,ERR,ERR,ERR,ERR,ERR,ERR,ERR,ERR,ERR,ERR,ERR,ERR,ERR,ERR,ERR,ERR,ERR,ERR,ERR,ERR,ERR,ERR,ERR,ERR,ERR,ERR,ERR,ERR,ERR,ERR,ERR,ERR,ERR,ERR,ERR,ERR,ERR,ERR,ERR,ERR,ERR,ERR,ERR,ERR,ERR,ERR,ERR,ERR,ERR,ERR,ERR,ERR,ERR,ERR,ERR,ERR,ERR,ERR,ERR,ERR,ERR,ERR,ERR,ERR,ERR,ERR,ERR,ERR,ERR,ERR,ERR,ERR,ERR,ERR,ERR,ERR,ERR,ERR,ERR,ERR,ERR,ERR,ERR,ERR,ERR,ERR,ERR,ERR,ERR,ERR,ERR,ERR,ERR,ERR,ERR,ERR,ERR,ERR,ERR,ERR,ERR,ERR,ERR,ERR,ERR,ERR,ERR,ERR,ERR,ERR,ERR,ERR,ERR,ERR,ERR,ERR,ERR,ERR,ERR,ERR,ERR,ERR,ERR,0.0,-107615296.0,-134474944.0,0.0,0.0,1.3936040501711995e+18,7.805,0.0,0,0,4,0,8422,0.0,45,0.0,0.0,0.0,0.0,0.0,0,0,0,0,0.0,0,0,0,0,0,0,0,0,0,0,0,0,0,0,0,0,0,0,0,0,0,0,0,0,0,0,0,0,0,0,0,0,0,38,14,7,45,65476,0,300,0,0,8,21553,0.0,-107605600.0,0.0,0.0,0.0,0.0,0.0,0.0,0.0,0.0,0.0,0.0,0.0,0.0,0.0,0.0,0.0,0.0,0.0,0.0,0.0,0.0,-2.004,0.0,-0.0,0.0,0.0,0.0,0.0,0.0,5087.0,-0.0,0.0,0.0,-107615296.0,-107615280.0,2.718429300292151e+23,0.0,0.0,0.0,0.0,53,-0.059,-3.2220035051135306e+26,0.0,0.0,0.0,0.0,0.0,0.0,0.0,0,0,0,0.0,0.0,0.0,0.0,0.0,0.0,0.0,0.0,0.0,0.0,0.0,0.0,0.0,0.0,0.0,0.0,0,-107875648.0,53,0.0,106,-107614832.0,0.0,ERR,ERR,ERR,ERR,ERR,ERR,ERR,ERR,ERR,ERR,ERR,ERR,ERR,ERR,ERR,ERR,ERR,ERR,ERR,ERR,ERR,ERR,ERR,ERR,ERR,ERR,ERR,ERR,ERR,ERR,ERR,ERR,ERR,ERR,ERR,ERR,ERR,ERR,ERR,ERR,ERR,ERR,ERR,ERR,ERR,ERR,ERR,ERR,ERR,ERR,ERR,ERR,ERR,ERR,ERR,ERR,ERR,ERR,ERR,ERR,ERR,ERR,ERR,ERR,ERR,ERR,ERR,50.0,60.0,100,0.0,0.0,0.0,0.0,0.0,0.0,0.0,0.0,0.0,0.0,0.0,0.0,0.0,0.0,0.0,0.0,61.6,74,13,65511,50,65476,0,300,0,0,8,20529,65476,0,0,26214,60.0,0.0,0.0,0.0,0.0,0.0
2026-05-17T18:12:38,ERR,ERR,ERR,ERR,ERR,ERR,ERR,ERR,ERR,ERR,ERR,ERR,ERR,ERR,ERR,ERR,ERR,ERR,ERR,ERR,ERR,ERR,ERR,ERR,ERR,ERR,ERR,ERR,ERR,ERR,ERR,ERR,ERR,ERR,ERR,ERR,ERR,ERR,ERR,ERR,ERR,ERR,ERR,ERR,ERR,ERR,ERR,ERR,ERR,ERR,ERR,ERR,ERR,ERR,ERR,ERR,ERR,ERR,ERR,ERR,ERR,ERR,ERR,ERR,ERR,ERR,ERR,ERR,ERR,ERR,ERR,ERR,ERR,ERR,ERR,ERR,ERR,ERR,ERR,ERR,ERR,ERR,ERR,ERR,ERR,ERR,ERR,ERR,ERR,ERR,ERR,ERR,ERR,ERR,ERR,ERR,ERR,ERR,ERR,ERR,ERR,ERR,ERR,ERR,ERR,ERR,ERR,ERR,ERR,ERR,ERR,ERR,ERR,ERR,ERR,ERR,ERR,ERR,ERR,ERR,ERR,ERR,ERR,ERR,ERR,0.0,-107615296.0,-134474944.0,0.0,0.0,1.3936040501711995e+18,7.805,0.0,0,0,4,0,8422,0.0,45,0.0,0.0,0.0,0.0,0.0,0,0,0,0,0.0,0,0,0,0,0,0,0,0,0,0,0,0,0,0,0,0,0,0,0,0,0,0,0,0,0,0,0,0,0,0,0,0,0,38,14,7,45,65476,0,300,0,0,8,21553,0.0,-107605600.0,0.0,0.0,0.0,0.0,0.0,0.0,0.0,0.0,0.0,0.0,0.0,0.0,0.0,0.0,0.0,0.0,0.0,0.0,0.0,0.0,-2.004,0.0,-0.0,0.0,0.0,0.0,0.0,0.0,5087.0,-0.0,0.0,0.0,-107615296.0,-107615280.0,2.718429300292151e+23,0.0,0.0,0.0,0.0,53,-0.059,-3.2220035051135306e+26,0.0,0.0,0.0,0.0,0.0,0.0,0.0,0,0,0,0.0,0.0,0.0,0.0,0.0,0.0,0.0,0.0,0.0,0.0,0.0,0.0,0.0,0.0,0.0,0.0,0,-107875648.0,53,0.0,106,-107614832.0,0.0,ERR,ERR,ERR,ERR,ERR,ERR,ERR,ERR,ERR,ERR,ERR,ERR,ERR,ERR,ERR,ERR,ERR,ERR,ERR,ERR,ERR,ERR,ERR,ERR,ERR,ERR,ERR,ERR,ERR,ERR,ERR,ERR,ERR,ERR,ERR,ERR,ERR,ERR,ERR,ERR,ERR,ERR,ERR,ERR,ERR,ERR,ERR,ERR,ERR,ERR,ERR,ERR,ERR,ERR,ERR,ERR,ERR,ERR,ERR,ERR,ERR,ERR,ERR,ERR,ERR,ERR,ERR,50.0,60.0,100,0.0,0.0,0.0,0.0,0.0,0.0,0.0,0.0,0.0,0.0,0.0,0.0,0.0,0.0,0.0,0.0,61.6,74,13,65511,50,65476,0,300,0,0,8,20529,65476,0,0,26214,60.0,0.0,0.0,0.0,0.0,0.0
2026-05-17T18:12:39,ERR,ERR,ERR,ERR,ERR,ERR,ERR,ERR,ERR,ERR,ERR,ERR,ERR,ERR,ERR,ERR,ERR,ERR,ERR,ERR,ERR,ERR,ERR,ERR,ERR,ERR,ERR,ERR,ERR,ERR,ERR,ERR,ERR,ERR,ERR,ERR,ERR,ERR,ERR,ERR,ERR,ERR,ERR,ERR,ERR,ERR,ERR,ERR,ERR,ERR,ERR,ERR,ERR,ERR,ERR,ERR,ERR,ERR,ERR,ERR,ERR,ERR,ERR,ERR,ERR,ERR,ERR,ERR,ERR,ERR,ERR,ERR,ERR,ERR,ERR,ERR,ERR,ERR,ERR,ERR,ERR,ERR,ERR,ERR,ERR,ERR,ERR,ERR,ERR,ERR,ERR,ERR,ERR,ERR,ERR,ERR,ERR,ERR,ERR,ERR,ERR,ERR,ERR,ERR,ERR,ERR,ERR,ERR,ERR,ERR,ERR,ERR,ERR,ERR,ERR,ERR,ERR,ERR,ERR,ERR,ERR,ERR,ERR,ERR,ERR,0.0,-107615296.0,-134474944.0,0.0,0.0,1.3936040501711995e+18,7.805,0.0,0,0,4,0,8422,0.0,45,0.0,0.0,0.0,0.0,0.0,0,0,0,0,0.0,0,0,0,0,0,0,0,0,0,0,0,0,0,0,0,0,0,0,0,0,0,0,0,0,0,0,0,0,0,0,0,0,0,38,14,7,45,65476,0,300,0,0,8,21553,0.0,-107605600.0,0.0,0.0,0.0,0.0,0.0,0.0,0.0,0.0,0.0,0.0,0.0,0.0,0.0,0.0,0.0,0.0,0.0,0.0,0.0,0.0,-2.004,0.0,-0.0,0.0,0.0,0.0,0.0,0.0,5087.0,-0.0,0.0,0.0,-107615296.0,-107615280.0,2.718429300292151e+23,0.0,0.0,0.0,0.0,53,-0.059,-3.2220035051135306e+26,0.0,0.0,0.0,0.0,0.0,0.0,0.0,0,0,0,0.0,0.0,0.0,0.0,0.0,0.0,0.0,0.0,0.0,0.0,0.0,0.0,0.0,0.0,0.0,0.0,0,-107875648.0,53,0.0,106,-107614832.0,0.0,ERR,ERR,ERR,ERR,ERR,ERR,ERR,ERR,ERR,ERR,ERR,ERR,ERR,ERR,ERR,ERR,ERR,ERR,ERR,ERR,ERR,ERR,ERR,ERR,ERR,ERR,ERR,ERR,ERR,ERR,ERR,ERR,ERR,ERR,ERR,ERR,ERR,ERR,ERR,ERR,ERR,ERR,ERR,ERR,ERR,ERR,ERR,ERR,ERR,ERR,ERR,ERR,ERR,ERR,ERR,ERR,ERR,ERR,ERR,ERR,ERR,ERR,ERR,ERR,ERR,ERR,ERR,50.0,60.0,100,0.0,0.0,0.0,0.0,0.0,0.0,0.0,0.0,0.0,0.0,0.0,0.0,0.0,0.0,0.0,0.0,61.6,74,13,65511,50,65476,0,300,0,0,8,20529,65476,0,0,26214,60.0,0.0,0.0,0.0,0.0,0.0
2026-05-17T18:12:40,ERR,ERR,ERR,ERR,ERR,ERR,ERR,ERR,ERR,ERR,ERR,ERR,ERR,ERR,ERR,ERR,ERR,ERR,ERR,ERR,ERR,ERR,ERR,ERR,ERR,ERR,ERR,ERR,ERR,ERR,ERR,ERR,ERR,ERR,ERR,ERR,ERR,ERR,ERR,ERR,ERR,ERR,ERR,ERR,ERR,ERR,ERR,ERR,ERR,ERR,ERR,ERR,ERR,ERR,ERR,ERR,ERR,ERR,ERR,ERR,ERR,ERR,ERR,ERR,ERR,ERR,ERR,ERR,ERR,ERR,ERR,ERR,ERR,ERR,ERR,ERR,ERR,ERR,ERR,ERR,ERR,ERR,ERR,ERR,ERR,ERR,ERR,ERR,ERR,ERR,ERR,ERR,ERR,ERR,ERR,ERR,ERR,ERR,ERR,ERR,ERR,ERR,ERR,ERR,ERR,ERR,ERR,ERR,ERR,ERR,ERR,ERR,ERR,ERR,ERR,ERR,ERR,ERR,ERR,ERR,ERR,ERR,ERR,ERR,ERR,0.0,-107615296.0,-134474944.0,0.0,0.0,1.3936040501711995e+18,7.805,0.0,0,0,4,0,8422,0.0,45,0.0,0.0,0.0,0.0,0.0,0,0,0,0,0.0,0,0,0,0,0,0,0,0,0,0,0,0,0,0,0,0,0,0,0,0,0,0,0,0,0,0,0,0,0,0,0,0,0,38,14,7,45,65476,0,300,0,0,8,21553,0.0,-107605600.0,0.0,0.0,0.0,0.0,0.0,0.0,0.0,0.0,0.0,0.0,0.0,0.0,0.0,0.0,0.0,0.0,0.0,0.0,0.0,0.0,-2.004,0.0,-0.0,0.0,0.0,0.0,0.0,0.0,5087.0,-0.0,0.0,0.0,-107615296.0,-107615280.0,2.718429300292151e+23,0.0,0.0,0.0,0.0,53,-0.059,-3.2220035051135306e+26,0.0,0.0,0.0,0.0,0.0,0.0,0.0,0,0,0,0.0,0.0,0.0,0.0,0.0,0.0,0.0,0.0,0.0,0.0,0.0,0.0,0.0,0.0,0.0,0.0,0,-107875648.0,53,0.0,106,-107614832.0,0.0,ERR,ERR,ERR,ERR,ERR,ERR,ERR,ERR,ERR,ERR,ERR,ERR,ERR,ERR,ERR,ERR,ERR,ERR,ERR,ERR,ERR,ERR,ERR,ERR,ERR,ERR,ERR,ERR,ERR,ERR,ERR,ERR,ERR,ERR,ERR,ERR,ERR,ERR,ERR,ERR,ERR,ERR,ERR,ERR,ERR,ERR,ERR,ERR,ERR,ERR,ERR,ERR,ERR,ERR,ERR,ERR,ERR,ERR,ERR,ERR,ERR,ERR,ERR,ERR,ERR,ERR,ERR,50.0,60.0,100,0.0,0.0,0.0,0.0,0.0,0.0,0.0,0.0,0.0,0.0,0.0,0.0,0.0,0.0,0.0,0.0,61.6,74,13,65511,50,65476,0,300,0,0,8,20529,65476,0,0,26214,60.0,0.0,0.0,0.0,0.0,0.0
2026-05-17T18:12:41,ERR,ERR,ERR,ERR,ERR,ERR,ERR,ERR,ERR,ERR,ERR,ERR,ERR,ERR,ERR,ERR,ERR,ERR,ERR,ERR,ERR,ERR,ERR,ERR,ERR,ERR,ERR,ERR,ERR,ERR,ERR,ERR,ERR,ERR,ERR,ERR,ERR,ERR,ERR,ERR,ERR,ERR,ERR,ERR,ERR,ERR,ERR,ERR,ERR,ERR,ERR,ERR,ERR,ERR,ERR,ERR,ERR,ERR,ERR,ERR,ERR,ERR,ERR,ERR,ERR,ERR,ERR,ERR,ERR,ERR,ERR,ERR,ERR,ERR,ERR,ERR,ERR,ERR,ERR,ERR,ERR,ERR,ERR,ERR,ERR,ERR,ERR,ERR,ERR,ERR,ERR,ERR,ERR,ERR,ERR,ERR,ERR,ERR,ERR,ERR,ERR,ERR,ERR,ERR,ERR,ERR,ERR,ERR,ERR,ERR,ERR,ERR,ERR,ERR,ERR,ERR,ERR,ERR,ERR,ERR,ERR,ERR,ERR,ERR,ERR,0.0,-107615296.0,-134474944.0,0.0,0.0,1.3936040501711995e+18,7.805,0.0,0,0,4,0,8422,0.0,45,0.0,0.0,0.0,0.0,0.0,0,0,0,0,0.0,0,0,0,0,0,0,0,0,0,0,0,0,0,0,0,0,0,0,0,0,0,0,0,0,0,0,0,0,0,0,0,0,0,38,14,7,45,65476,0,300,0,0,8,21553,0.0,-107605600.0,0.0,0.0,0.0,0.0,0.0,0.0,0.0,0.0,0.0,0.0,0.0,0.0,0.0,0.0,0.0,0.0,0.0,0.0,0.0,0.0,0.0,0.0,-0.0,0.0,0.0,0.0,0.0,0.0,5057.0,2.422988480993034e+24,0.0,0.0,-107615296.0,-107615280.0,2.718429300292151e+23,0.0,0.0,0.0,0.0,53,-0.059,-0.0,0.0,0.0,0.0,0.0,0.0,0.0,0.0,0,0,0,0.0,0.0,0.0,0.0,0.0,0.0,0.0,0.0,0.0,0.0,0.0,0.0,0.0,0.0,0.0,0.0,0,-107875648.0,53,0.0,106,-107614832.0,0.0,ERR,ERR,ERR,ERR,ERR,ERR,ERR,ERR,ERR,ERR,ERR,ERR,ERR,ERR,ERR,ERR,ERR,ERR,ERR,ERR,ERR,ERR,ERR,ERR,ERR,ERR,ERR,ERR,ERR,ERR,ERR,ERR,ERR,ERR,ERR,ERR,ERR,ERR,ERR,ERR,ERR,ERR,ERR,ERR,ERR,ERR,ERR,ERR,ERR,ERR,ERR,ERR,ERR,ERR,ERR,ERR,ERR,ERR,ERR,ERR,ERR,ERR,ERR,ERR,ERR,ERR,ERR,50.0,60.0,100,0.0,0.0,0.0,0.0,0.0,0.0,0.0,0.0,0.0,0.0,0.0,0.0,0.0,0.0,0.0,0.0,61.6,74,13,65511,50,65476,0,300,0,0,8,20529,65476,0,0,26214,60.0,0.0,0.0,0.0,0.0,0.0
2026-05-17T18:12:42,ERR,ERR,ERR,ERR,ERR,ERR,ERR,ERR,ERR,ERR,ERR,ERR,ERR,ERR,ERR,ERR,ERR,ERR,ERR,ERR,ERR,ERR,ERR,ERR,ERR,ERR,ERR,ERR,ERR,ERR,ERR,ERR,ERR,ERR,ERR,ERR,ERR,ERR,ERR,ERR,ERR,ERR,ERR,ERR,ERR,ERR,ERR,ERR,ERR,ERR,ERR,ERR,ERR,ERR,ERR,ERR,ERR,ERR,ERR,ERR,ERR,ERR,ERR,ERR,ERR,ERR,ERR,ERR,ERR,ERR,ERR,ERR,ERR,ERR,ERR,ERR,ERR,ERR,ERR,ERR,ERR,ERR,ERR,ERR,ERR,ERR,ERR,ERR,ERR,ERR,ERR,ERR,ERR,ERR,ERR,ERR,ERR,ERR,ERR,ERR,ERR,ERR,ERR,ERR,ERR,ERR,ERR,ERR,ERR,ERR,ERR,ERR,ERR,ERR,ERR,ERR,ERR,ERR,ERR,ERR,ERR,ERR,ERR,ERR,ERR,0.0,-107615296.0,-134474944.0,0.0,0.0,1.3936040501711995e+18,7.805,0.0,0,0,4,0,8422,0.0,45,0.0,0.0,0.0,0.0,0.0,0,0,0,0,0.0,0,0,0,0,0,0,0,0,0,0,0,0,0,0,0,0,0,0,0,0,0,0,0,0,0,0,0,0,0,0,0,0,0,38,14,7,45,65476,0,300,0,0,8,21553,0.0,-107605600.0,0.0,0.0,0.0,0.0,0.0,0.0,0.0,0.0,0.0,0.0,0.0,0.0,0.0,0.0,0.0,0.0,0.0,0.0,0.0,0.0,0.0,0.0,-0.0,0.0,0.0,0.0,0.0,0.0,5057.0,2.422988480993034e+24,0.0,0.0,-107615296.0,-107615280.0,2.718429300292151e+23,0.0,0.0,0.0,0.0,53,-0.059,-0.0,0.0,0.0,0.0,0.0,0.0,0.0,0.0,0,0,0,0.0,0.0,0.0,0.0,0.0,0.0,0.0,0.0,0.0,0.0,0.0,0.0,0.0,0.0,0.0,0.0,0,-107875648.0,53,0.0,106,-107614832.0,0.0,ERR,ERR,ERR,ERR,ERR,ERR,ERR,ERR,ERR,ERR,ERR,ERR,ERR,ERR,ERR,ERR,ERR,ERR,ERR,ERR,ERR,ERR,ERR,ERR,ERR,ERR,ERR,ERR,ERR,ERR,ERR,ERR,ERR,ERR,ERR,ERR,ERR,ERR,ERR,ERR,ERR,ERR,ERR,ERR,ERR,ERR,ERR,ERR,ERR,ERR,ERR,ERR,ERR,ERR,ERR,ERR,ERR,ERR,ERR,ERR,ERR,ERR,ERR,ERR,ERR,ERR,ERR,50.0,60.0,100,0.0,0.0,0.0,0.0,0.0,0.0,0.0,0.0,0.0,0.0,0.0,0.0,0.0,0.0,0.0,0.0,61.6,74,13,65511,50,65476,0,300,0,0,8,20529,65476,0,0,26214,60.0,0.0,0.0,0.0,0.0,0.0
2026-05-17T18:12:43,ERR,ERR,ERR,ERR,ERR,ERR,ERR,ERR,ERR,ERR,ERR,ERR,ERR,ERR,ERR,ERR,ERR,ERR,ERR,ERR,ERR,ERR,ERR,ERR,ERR,ERR,ERR,ERR,ERR,ERR,ERR,ERR,ERR,ERR,ERR,ERR,ERR,ERR,ERR,ERR,ERR,ERR,ERR,ERR,ERR,ERR,ERR,ERR,ERR,ERR,ERR,ERR,ERR,ERR,ERR,ERR,ERR,ERR,ERR,ERR,ERR,ERR,ERR,ERR,ERR,ERR,ERR,ERR,ERR,ERR,ERR,ERR,ERR,ERR,ERR,ERR,ERR,ERR,ERR,ERR,ERR,ERR,ERR,ERR,ERR,ERR,ERR,ERR,ERR,ERR,ERR,ERR,ERR,ERR,ERR,ERR,ERR,ERR,ERR,ERR,ERR,ERR,ERR,ERR,ERR,ERR,ERR,ERR,ERR,ERR,ERR,ERR,ERR,ERR,ERR,ERR,ERR,ERR,ERR,ERR,ERR,ERR,ERR,ERR,ERR,0.0,-107615296.0,-134474944.0,0.0,0.0,1.3936040501711995e+18,7.805,0.0,0,0,4,0,8422,0.0,45,0.0,0.0,0.0,0.0,0.0,0,0,0,0,0.0,0,0,0,0,0,0,0,0,0,0,0,0,0,0,0,0,0,0,0,0,0,0,0,0,0,0,0,0,0,0,0,0,0,38,14,7,45,65476,0,300,0,0,8,21553,0.0,-107605600.0,0.0,0.0,0.0,0.0,0.0,0.0,0.0,0.0,0.0,0.0,0.0,0.0,0.0,0.0,0.0,0.0,0.0,0.0,0.0,0.0,0.0,0.0,-0.0,0.0,0.0,0.0,0.0,0.0,5057.0,2.422988480993034e+24,0.0,0.0,-107615296.0,-107615280.0,2.718429300292151e+23,0.0,0.0,0.0,0.0,53,-0.059,-0.0,0.0,0.0,0.0,0.0,0.0,0.0,0.0,0,0,0,0.0,0.0,0.0,0.0,0.0,0.0,0.0,0.0,0.0,0.0,0.0,0.0,0.0,0.0,0.0,0.0,0,-107875648.0,53,0.0,106,-107614832.0,0.0,ERR,ERR,ERR,ERR,ERR,ERR,ERR,ERR,ERR,ERR,ERR,ERR,ERR,ERR,ERR,ERR,ERR,ERR,ERR,ERR,ERR,ERR,ERR,ERR,ERR,ERR,ERR,ERR,ERR,ERR,ERR,ERR,ERR,ERR,ERR,ERR,ERR,ERR,ERR,ERR,ERR,ERR,ERR,ERR,ERR,ERR,ERR,ERR,ERR,ERR,ERR,ERR,ERR,ERR,ERR,ERR,ERR,ERR,ERR,ERR,ERR,ERR,ERR,ERR,ERR,ERR,ERR,50.0,60.0,100,0.0,0.0,0.0,0.0,0.0,0.0,0.0,0.0,0.0,0.0,0.0,0.0,0.0,0.0,0.0,0.0,61.6,74,13,65511,50,65476,0,300,0,0,8,20529,65476,0,0,26214,60.0,0.0,0.0,0.0,0.0,0.0
2026-05-17T18:12:44,ERR,ERR,ERR,ERR,ERR,ERR,ERR,ERR,ERR,ERR,ERR,ERR,ERR,ERR,ERR,ERR,ERR,ERR,ERR,ERR,ERR,ERR,ERR,ERR,ERR,ERR,ERR,ERR,ERR,ERR,ERR,ERR,ERR,ERR,ERR,ERR,ERR,ERR,ERR,ERR,ERR,ERR,ERR,ERR,ERR,ERR,ERR,ERR,ERR,ERR,ERR,ERR,ERR,ERR,ERR,ERR,ERR,ERR,ERR,ERR,ERR,ERR,ERR,ERR,ERR,ERR,ERR,ERR,ERR,ERR,ERR,ERR,ERR,ERR,ERR,ERR,ERR,ERR,ERR,ERR,ERR,ERR,ERR,ERR,ERR,ERR,ERR,ERR,ERR,ERR,ERR,ERR,ERR,ERR,ERR,ERR,ERR,ERR,ERR,ERR,ERR,ERR,ERR,ERR,ERR,ERR,ERR,ERR,ERR,ERR,ERR,ERR,ERR,ERR,ERR,ERR,ERR,ERR,ERR,ERR,ERR,ERR,ERR,ERR,ERR,0.0,-107615296.0,-134474944.0,0.0,0.0,1.3936040501711995e+18,7.805,0.0,0,0,4,0,8422,0.0,45,0.0,0.0,0.0,0.0,0.0,0,0,0,0,0.0,0,0,0,0,0,0,0,0,0,0,0,0,0,0,0,0,0,0,0,0,0,0,0,0,0,0,0,0,0,0,0,0,0,38,14,7,45,65476,0,300,0,0,8,21553,0.0,-107605600.0,0.0,0.0,0.0,0.0,0.0,0.0,0.0,0.0,0.0,0.0,0.0,0.0,0.0,0.0,0.0,0.0,0.0,0.0,0.0,0.0,0.0,0.0,-0.0,0.0,0.0,0.0,0.0,0.0,5057.0,2.422988480993034e+24,0.0,0.0,-107615296.0,-107615280.0,2.718429300292151e+23,0.0,0.0,0.0,0.0,53,-0.059,-0.0,0.0,0.0,0.0,0.0,0.0,0.0,0.0,0,0,0,0.0,0.0,0.0,0.0,0.0,0.0,0.0,0.0,0.0,0.0,0.0,0.0,0.0,0.0,0.0,0.0,0,-107875648.0,53,0.0,106,-107614832.0,0.0,ERR,ERR,ERR,ERR,ERR,ERR,ERR,ERR,ERR,ERR,ERR,ERR,ERR,ERR,ERR,ERR,ERR,ERR,ERR,ERR,ERR,ERR,ERR,ERR,ERR,ERR,ERR,ERR,ERR,ERR,ERR,ERR,ERR,ERR,ERR,ERR,ERR,ERR,ERR,ERR,ERR,ERR,ERR,ERR,ERR,ERR,ERR,ERR,ERR,ERR,ERR,ERR,ERR,ERR,ERR,ERR,ERR,ERR,ERR,ERR,ERR,ERR,ERR,ERR,ERR,ERR,ERR,50.0,60.0,100,0.0,0.0,0.0,0.0,0.0,0.0,0.0,0.0,0.0,0.0,0.0,0.0,0.0,0.0,0.0,0.0,61.6,74,13,65511,50,65476,0,300,0,0,8,20529,65476,0,0,26214,60.0,0.0,0.0,0.0,0.0,0.0
2026-05-17T18:12:45,ERR,ERR,ERR,ERR,ERR,ERR,ERR,ERR,ERR,ERR,ERR,ERR,ERR,ERR,ERR,ERR,ERR,ERR,ERR,ERR,ERR,ERR,ERR,ERR,ERR,ERR,ERR,ERR,ERR,ERR,ERR,ERR,ERR,ERR,ERR,ERR,ERR,ERR,ERR,ERR,ERR,ERR,ERR,ERR,ERR,ERR,ERR,ERR,ERR,ERR,ERR,ERR,ERR,ERR,ERR,ERR,ERR,ERR,ERR,ERR,ERR,ERR,ERR,ERR,ERR,ERR,ERR,ERR,ERR,ERR,ERR,ERR,ERR,ERR,ERR,ERR,ERR,ERR,ERR,ERR,ERR,ERR,ERR,ERR,ERR,ERR,ERR,ERR,ERR,ERR,ERR,ERR,ERR,ERR,ERR,ERR,ERR,ERR,ERR,ERR,ERR,ERR,ERR,ERR,ERR,ERR,ERR,ERR,ERR,ERR,ERR,ERR,ERR,ERR,ERR,ERR,ERR,ERR,ERR,ERR,ERR,ERR,ERR,ERR,ERR,0.0,-107615296.0,-134474944.0,0.0,0.0,1.3936040501711995e+18,7.805,0.0,0,0,4,0,8422,0.0,45,0.0,0.0,0.0,0.0,0.0,0,0,0,0,0.0,0,0,0,0,0,0,0,0,0,0,0,0,0,0,0,0,0,0,0,0,0,0,0,0,0,0,0,0,0,0,0,0,0,38,14,7,45,65476,0,300,0,0,8,21553,0.0,-107605600.0,0.0,0.0,0.0,0.0,0.0,0.0,0.0,0.0,0.0,0.0,0.0,0.0,0.0,0.0,0.0,0.0,0.0,0.0,0.0,0.0,0.0,0.0,-0.0,0.0,0.0,0.0,0.0,0.0,5057.0,2.422988480993034e+24,0.0,0.0,-107615296.0,-107615280.0,2.718429300292151e+23,0.0,0.0,0.0,0.0,53,-0.059,-0.0,0.0,0.0,0.0,0.0,0.0,0.0,0.0,0,0,0,0.0,0.0,0.0,0.0,0.0,0.0,0.0,0.0,0.0,0.0,0.0,0.0,0.0,0.0,0.0,0.0,0,-107875648.0,53,0.0,106,-107614832.0,0.0,ERR,ERR,ERR,ERR,ERR,ERR,ERR,ERR,ERR,ERR,ERR,ERR,ERR,ERR,ERR,ERR,ERR,ERR,ERR,ERR,ERR,ERR,ERR,ERR,ERR,ERR,ERR,ERR,ERR,ERR,ERR,ERR,ERR,ERR,ERR,ERR,ERR,ERR,ERR,ERR,ERR,ERR,ERR,ERR,ERR,ERR,ERR,ERR,ERR,ERR,ERR,ERR,ERR,ERR,ERR,ERR,ERR,ERR,ERR,ERR,ERR,ERR,ERR,ERR,ERR,ERR,ERR,50.0,60.0,100,0.0,0.0,0.0,0.0,0.0,0.0,0.0,0.0,0.0,0.0,0.0,0.0,0.0,0.0,0.0,0.0,61.6,74,13,65511,50,65476,0,300,0,0,8,20529,65476,0,0,26214,60.0,0.0,0.0,0.0,0.0,0.0
2026-05-17T18:12:46,ERR,ERR,ERR,ERR,ERR,ERR,ERR,ERR,ERR,ERR,ERR,ERR,ERR,ERR,ERR,ERR,ERR,ERR,ERR,ERR,ERR,ERR,ERR,ERR,ERR,ERR,ERR,ERR,ERR,ERR,ERR,ERR,ERR,ERR,ERR,ERR,ERR,ERR,ERR,ERR,ERR,ERR,ERR,ERR,ERR,ERR,ERR,ERR,ERR,ERR,ERR,ERR,ERR,ERR,ERR,ERR,ERR,ERR,ERR,ERR,ERR,ERR,ERR,ERR,ERR,ERR,ERR,ERR,ERR,ERR,ERR,ERR,ERR,ERR,ERR,ERR,ERR,ERR,ERR,ERR,ERR,ERR,ERR,ERR,ERR,ERR,ERR,ERR,ERR,ERR,ERR,ERR,ERR,ERR,ERR,ERR,ERR,ERR,ERR,ERR,ERR,ERR,ERR,ERR,ERR,ERR,ERR,ERR,ERR,ERR,ERR,ERR,ERR,ERR,ERR,ERR,ERR,ERR,ERR,ERR,ERR,ERR,ERR,ERR,ERR,-107615288.0,-107615296.0,0.0,0.0,0.0,1.3936040501711995e+18,7.805,0.0,0,0,4,0,8422,0.0,45,0.0,0.0,0.0,0.0,0.0,0,0,0,0,0.0,0,0,0,0,0,0,0,0,0,0,0,0,0,0,0,0,0,0,0,0,0,0,0,0,0,0,0,0,0,0,0,0,0,38,14,7,45,65476,0,300,0,0,8,21553,0.0,-107605600.0,0.0,0.0,0.0,0.0,0.0,0.0,0.0,0.0,0.0,0.0,0.0,0.0,0.0,0.0,0.0,0.0,0.0,0.0,0.0,0.0,-2.004,0.0,-0.0,0.0,0.0,0.0,0.0,0.0,5080.0,2.422988480993034e+24,0.0,0.0,-107615296.0,-107615280.0,2.718429300292151e+23,0.0,0.0,0.0,0.0,53,-0.0,-107614800.0,0.0,0.0,0.0,0.0,0.0,0.0,0.0,0,0,0,0.0,0.0,0.0,0.0,0.0,0.0,0.0,0.0,0.0,0.0,0.0,0.0,0.0,0.0,0.0,0.0,0,-107875648.0,53,0.0,106,-107614832.0,0.0,ERR,ERR,ERR,ERR,ERR,ERR,ERR,ERR,ERR,ERR,ERR,ERR,ERR,ERR,ERR,ERR,ERR,ERR,ERR,ERR,ERR,ERR,ERR,ERR,ERR,ERR,ERR,ERR,ERR,ERR,ERR,ERR,ERR,ERR,ERR,ERR,ERR,ERR,ERR,ERR,ERR,ERR,ERR,ERR,ERR,ERR,ERR,ERR,ERR,ERR,ERR,ERR,ERR,ERR,ERR,ERR,ERR,ERR,ERR,ERR,ERR,ERR,ERR,ERR,ERR,ERR,ERR,50.0,60.0,100,0.0,0.0,0.0,0.0,0.0,0.0,0.0,0.0,0.0,0.0,0.0,0.0,0.0,0.0,0.0,0.0,61.6,74,13,65511,50,65476,0,300,0,0,8,20529,65476,0,0,26214,60.0,0.0,0.0,0.0,0.0,0.0
2026-05-17T18:12:47,ERR,ERR,ERR,ERR,ERR,ERR,ERR,ERR,ERR,ERR,ERR,ERR,ERR,ERR,ERR,ERR,ERR,ERR,ERR,ERR,ERR,ERR,ERR,ERR,ERR,ERR,ERR,ERR,ERR,ERR,ERR,ERR,ERR,ERR,ERR,ERR,ERR,ERR,ERR,ERR,ERR,ERR,ERR,ERR,ERR,ERR,ERR,ERR,ERR,ERR,ERR,ERR,ERR,ERR,ERR,ERR,ERR,ERR,ERR,ERR,ERR,ERR,ERR,ERR,ERR,ERR,ERR,ERR,ERR,ERR,ERR,ERR,ERR,ERR,ERR,ERR,ERR,ERR,ERR,ERR,ERR,ERR,ERR,ERR,ERR,ERR,ERR,ERR,ERR,ERR,ERR,ERR,ERR,ERR,ERR,ERR,ERR,ERR,ERR,ERR,ERR,ERR,ERR,ERR,ERR,ERR,ERR,ERR,ERR,ERR,ERR,ERR,ERR,ERR,ERR,ERR,ERR,ERR,ERR,ERR,ERR,ERR,ERR,ERR,ERR,-107615288.0,-107615296.0,0.0,0.0,0.0,1.3936040501711995e+18,7.805,0.0,0,0,4,0,8422,0.0,45,0.0,0.0,0.0,0.0,0.0,0,0,0,0,0.0,0,0,0,0,0,0,0,0,0,0,0,0,0,0,0,0,0,0,0,0,0,0,0,0,0,0,0,0,0,0,0,0,0,38,14,7,45,65476,0,300,0,0,8,21553,0.0,-107605600.0,0.0,0.0,0.0,0.0,0.0,0.0,0.0,0.0,0.0,0.0,0.0,0.0,0.0,0.0,0.0,0.0,0.0,0.0,0.0,0.0,-2.004,0.0,-0.0,0.0,0.0,0.0,0.0,0.0,5080.0,2.422988480993034e+24,0.0,0.0,-107615296.0,-107615280.0,2.718429300292151e+23,0.0,0.0,0.0,0.0,53,-0.0,-107614800.0,0.0,0.0,0.0,0.0,0.0,0.0,0.0,0,0,0,0.0,0.0,0.0,0.0,0.0,0.0,0.0,0.0,0.0,0.0,0.0,0.0,0.0,0.0,0.0,0.0,0,-107875648.0,53,0.0,106,-107614832.0,0.0,ERR,ERR,ERR,ERR,ERR,ERR,ERR,ERR,ERR,ERR,ERR,ERR,ERR,ERR,ERR,ERR,ERR,ERR,ERR,ERR,ERR,ERR,ERR,ERR,ERR,ERR,ERR,ERR,ERR,ERR,ERR,ERR,ERR,ERR,ERR,ERR,ERR,ERR,ERR,ERR,ERR,ERR,ERR,ERR,ERR,ERR,ERR,ERR,ERR,ERR,ERR,ERR,ERR,ERR,ERR,ERR,ERR,ERR,ERR,ERR,ERR,ERR,ERR,ERR,ERR,ERR,ERR,50.0,60.0,100,0.0,0.0,0.0,0.0,0.0,0.0,0.0,0.0,0.0,0.0,0.0,0.0,0.0,0.0,0.0,0.0,61.6,74,13,65511,50,65476,0,300,0,0,8,20529,65476,0,0,26214,60.0,0.0,0.0,0.0,0.0,0.0
2026-05-17T18:12:48,ERR,ERR,ERR,ERR,ERR,ERR,ERR,ERR,ERR,ERR,ERR,ERR,ERR,ERR,ERR,ERR,ERR,ERR,ERR,ERR,ERR,ERR,ERR,ERR,ERR,ERR,ERR,ERR,ERR,ERR,ERR,ERR,ERR,ERR,ERR,ERR,ERR,ERR,ERR,ERR,ERR,ERR,ERR,ERR,ERR,ERR,ERR,ERR,ERR,ERR,ERR,ERR,ERR,ERR,ERR,ERR,ERR,ERR,ERR,ERR,ERR,ERR,ERR,ERR,ERR,ERR,ERR,ERR,ERR,ERR,ERR,ERR,ERR,ERR,ERR,ERR,ERR,ERR,ERR,ERR,ERR,ERR,ERR,ERR,ERR,ERR,ERR,ERR,ERR,ERR,ERR,ERR,ERR,ERR,ERR,ERR,ERR,ERR,ERR,ERR,ERR,ERR,ERR,ERR,ERR,ERR,ERR,ERR,ERR,ERR,ERR,ERR,ERR,ERR,ERR,ERR,ERR,ERR,ERR,ERR,ERR,ERR,ERR,ERR,ERR,-107615288.0,-107615296.0,0.0,0.0,0.0,1.3936040501711995e+18,7.805,0.0,0,0,4,0,8422,0.0,45,0.0,0.0,0.0,0.0,0.0,0,0,0,0,0.0,0,0,0,0,0,0,0,0,0,0,0,0,0,0,0,0,0,0,0,0,0,0,0,0,0,0,0,0,0,0,0,0,0,38,14,7,45,65476,0,300,0,0,8,21553,0.0,-107605600.0,0.0,0.0,0.0,0.0,0.0,0.0,0.0,0.0,0.0,0.0,0.0,0.0,0.0,0.0,0.0,0.0,0.0,0.0,0.0,0.0,-2.004,0.0,-0.0,0.0,0.0,0.0,0.0,0.0,5080.0,2.422988480993034e+24,0.0,0.0,-107615296.0,-107615280.0,2.718429300292151e+23,0.0,0.0,0.0,0.0,53,-0.0,-107614800.0,0.0,0.0,0.0,0.0,0.0,0.0,0.0,0,0,0,0.0,0.0,0.0,0.0,0.0,0.0,0.0,0.0,0.0,0.0,0.0,0.0,0.0,0.0,0.0,0.0,0,-107875648.0,53,0.0,106,-107614832.0,0.0,ERR,ERR,ERR,ERR,ERR,ERR,ERR,ERR,ERR,ERR,ERR,ERR,ERR,ERR,ERR,ERR,ERR,ERR,ERR,ERR,ERR,ERR,ERR,ERR,ERR,ERR,ERR,ERR,ERR,ERR,ERR,ERR,ERR,ERR,ERR,ERR,ERR,ERR,ERR,ERR,ERR,ERR,ERR,ERR,ERR,ERR,ERR,ERR,ERR,ERR,ERR,ERR,ERR,ERR,ERR,ERR,ERR,ERR,ERR,ERR,ERR,ERR,ERR,ERR,ERR,ERR,ERR,50.0,60.0,100,0.0,0.0,0.0,0.0,0.0,0.0,0.0,0.0,0.0,0.0,0.0,0.0,0.0,0.0,0.0,0.0,61.6,74,13,65511,50,65476,0,300,0,0,8,20529,65476,0,0,26214,60.0,0.0,0.0,0.0,0.0,0.0
2026-05-17T18:12:49,ERR,ERR,ERR,ERR,ERR,ERR,ERR,ERR,ERR,ERR,ERR,ERR,ERR,ERR,ERR,ERR,ERR,ERR,ERR,ERR,ERR,ERR,ERR,ERR,ERR,ERR,ERR,ERR,ERR,ERR,ERR,ERR,ERR,ERR,ERR,ERR,ERR,ERR,ERR,ERR,ERR,ERR,ERR,ERR,ERR,ERR,ERR,ERR,ERR,ERR,ERR,ERR,ERR,ERR,ERR,ERR,ERR,ERR,ERR,ERR,ERR,ERR,ERR,ERR,ERR,ERR,ERR,ERR,ERR,ERR,ERR,ERR,ERR,ERR,ERR,ERR,ERR,ERR,ERR,ERR,ERR,ERR,ERR,ERR,ERR,ERR,ERR,ERR,ERR,ERR,ERR,ERR,ERR,ERR,ERR,ERR,ERR,ERR,ERR,ERR,ERR,ERR,ERR,ERR,ERR,ERR,ERR,ERR,ERR,ERR,ERR,ERR,ERR,ERR,ERR,ERR,ERR,ERR,ERR,ERR,ERR,ERR,ERR,ERR,ERR,-107615288.0,-107615296.0,0.0,0.0,0.0,1.3936040501711995e+18,7.805,0.0,0,0,4,0,8422,0.0,45,0.0,0.0,0.0,0.0,0.0,0,0,0,0,0.0,0,0,0,0,0,0,0,0,0,0,0,0,0,0,0,0,0,0,0,0,0,0,0,0,0,0,0,0,0,0,0,0,0,38,14,7,45,65476,0,300,0,0,8,21553,0.0,-107605600.0,0.0,0.0,0.0,0.0,0.0,0.0,0.0,0.0,0.0,0.0,0.0,0.0,0.0,0.0,0.0,0.0,0.0,0.0,0.0,0.0,-2.004,0.0,-0.0,0.0,0.0,0.0,0.0,0.0,5080.0,2.422988480993034e+24,0.0,0.0,-107615296.0,-107615280.0,2.718429300292151e+23,0.0,0.0,0.0,0.0,53,-0.0,-107614800.0,0.0,0.0,0.0,0.0,0.0,0.0,0.0,0,0,0,0.0,0.0,0.0,0.0,0.0,0.0,0.0,0.0,0.0,0.0,0.0,0.0,0.0,0.0,0.0,0.0,0,-107875648.0,53,0.0,106,-107614832.0,0.0,ERR,ERR,ERR,ERR,ERR,ERR,ERR,ERR,ERR,ERR,ERR,ERR,ERR,ERR,ERR,ERR,ERR,ERR,ERR,ERR,ERR,ERR,ERR,ERR,ERR,ERR,ERR,ERR,ERR,ERR,ERR,ERR,ERR,ERR,ERR,ERR,ERR,ERR,ERR,ERR,ERR,ERR,ERR,ERR,ERR,ERR,ERR,ERR,ERR,ERR,ERR,ERR,ERR,ERR,ERR,ERR,ERR,ERR,ERR,ERR,ERR,ERR,ERR,ERR,ERR,ERR,ERR,50.0,60.0,100,0.0,0.0,0.0,0.0,0.0,0.0,0.0,0.0,0.0,0.0,0.0,0.0,0.0,0.0,0.0,0.0,62.0,74,13,65511,50,65476,0,300,0,0,8,20529,65476,0,0,26214,60.0,0.0,0.0,0.0,0.0,0.0
2026-05-17T18:12:50,ERR,ERR,ERR,ERR,ERR,ERR,ERR,ERR,ERR,ERR,ERR,ERR,ERR,ERR,ERR,ERR,ERR,ERR,ERR,ERR,ERR,ERR,ERR,ERR,ERR,ERR,ERR,ERR,ERR,ERR,ERR,ERR,ERR,ERR,ERR,ERR,ERR,ERR,ERR,ERR,ERR,ERR,ERR,ERR,ERR,ERR,ERR,ERR,ERR,ERR,ERR,ERR,ERR,ERR,ERR,ERR,ERR,ERR,ERR,ERR,ERR,ERR,ERR,ERR,ERR,ERR,ERR,ERR,ERR,ERR,ERR,ERR,ERR,ERR,ERR,ERR,ERR,ERR,ERR,ERR,ERR,ERR,ERR,ERR,ERR,ERR,ERR,ERR,ERR,ERR,ERR,ERR,ERR,ERR,ERR,ERR,ERR,ERR,ERR,ERR,ERR,ERR,ERR,ERR,ERR,ERR,ERR,ERR,ERR,ERR,ERR,ERR,ERR,ERR,ERR,ERR,ERR,ERR,ERR,ERR,ERR,ERR,ERR,ERR,ERR,-107615288.0,-107615296.0,0.0,0.0,0.0,1.3936040501711995e+18,7.805,0.0,0,0,4,0,8422,0.0,45,0.0,0.0,0.0,0.0,0.0,0,0,0,0,0.0,0,0,0,0,0,0,0,0,0,0,0,0,0,0,0,0,0,0,0,0,0,0,0,0,0,0,0,0,0,0,0,0,0,38,14,7,45,65476,0,300,0,0,8,21553,0.0,-107605600.0,0.0,0.0,0.0,0.0,0.0,0.0,0.0,0.0,0.0,0.0,0.0,0.0,0.0,0.0,0.0,0.0,0.0,0.0,0.0,0.0,-2.004,0.0,-0.0,0.0,0.0,0.0,0.0,0.0,5080.0,2.422988480993034e+24,0.0,0.0,-107615296.0,-107615280.0,2.718429300292151e+23,0.0,0.0,0.0,0.0,53,-0.0,-107614800.0,0.0,0.0,0.0,0.0,0.0,0.0,0.0,0,0,0,0.0,0.0,0.0,0.0,0.0,0.0,0.0,0.0,0.0,0.0,0.0,0.0,0.0,0.0,0.0,0.0,0,-107875648.0,53,0.0,106,-107614832.0,0.0,ERR,ERR,ERR,ERR,ERR,ERR,ERR,ERR,ERR,ERR,ERR,ERR,ERR,ERR,ERR,ERR,ERR,ERR,ERR,ERR,ERR,ERR,ERR,ERR,ERR,ERR,ERR,ERR,ERR,ERR,ERR,ERR,ERR,ERR,ERR,ERR,ERR,ERR,ERR,ERR,ERR,ERR,ERR,ERR,ERR,ERR,ERR,ERR,ERR,ERR,ERR,ERR,ERR,ERR,ERR,ERR,ERR,ERR,ERR,ERR,ERR,ERR,ERR,ERR,ERR,ERR,ERR,50.0,60.0,100,0.0,0.0,0.0,0.0,0.0,0.0,0.0,0.0,0.0,0.0,0.0,0.0,0.0,0.0,0.0,0.0,62.0,74,13,65511,50,65476,0,300,0,0,8,20529,65476,0,0,26214,60.0,0.0,0.0,0.0,0.0,0.0
2026-05-17T18:12:51,ERR,ERR,ERR,ERR,ERR,ERR,ERR,ERR,ERR,ERR,ERR,ERR,ERR,ERR,ERR,ERR,ERR,ERR,ERR,ERR,ERR,ERR,ERR,ERR,ERR,ERR,ERR,ERR,ERR,ERR,ERR,ERR,ERR,ERR,ERR,ERR,ERR,ERR,ERR,ERR,ERR,ERR,ERR,ERR,ERR,ERR,ERR,ERR,ERR,ERR,ERR,ERR,ERR,ERR,ERR,ERR,ERR,ERR,ERR,ERR,ERR,ERR,ERR,ERR,ERR,ERR,ERR,ERR,ERR,ERR,ERR,ERR,ERR,ERR,ERR,ERR,ERR,ERR,ERR,ERR,ERR,ERR,ERR,ERR,ERR,ERR,ERR,ERR,ERR,ERR,ERR,ERR,ERR,ERR,ERR,ERR,ERR,ERR,ERR,ERR,ERR,ERR,ERR,ERR,ERR,ERR,ERR,ERR,ERR,ERR,ERR,ERR,ERR,ERR,ERR,ERR,ERR,ERR,ERR,ERR,ERR,ERR,ERR,ERR,ERR,0.0,-107615296.0,-134474944.0,0.0,0.0,1.3936040501711995e+18,7.805,0.0,0,0,4,0,8422,0.0,45,0.0,0.0,0.0,0.0,0.0,0,0,0,0,0.0,0,0,0,0,0,0,0,0,0,0,0,0,0,0,0,0,0,0,0,0,0,0,0,0,0,0,0,0,0,0,0,0,0,38,14,7,45,65476,0,300,0,0,8,21553,0.0,-107605600.0,0.0,0.0,0.0,0.0,0.0,0.0,0.0,0.0,0.0,0.0,0.0,0.0,0.0,0.0,0.0,0.0,0.0,0.0,0.0,0.0,0.0,0.0,-0.0,0.0,0.0,0.0,0.0,0.0,5084.0,2.422988480993034e+24,0.0,0.0,-107615296.0,-107615280.0,2.718429300292151e+23,0.0,0.0,0.0,0.0,53,-0.0,-152017313988608.0,0.0,0.0,0.0,0.0,0.0,0.0,0.0,0,0,0,0.0,0.0,0.0,0.0,0.0,0.0,0.0,0.0,0.0,0.0,0.0,0.0,0.0,0.0,0.0,0.0,0,-107875648.0,53,0.0,106,-107614832.0,0.0,ERR,ERR,ERR,ERR,ERR,ERR,ERR,ERR,ERR,ERR,ERR,ERR,ERR,ERR,ERR,ERR,ERR,ERR,ERR,ERR,ERR,ERR,ERR,ERR,ERR,ERR,ERR,ERR,ERR,ERR,ERR,ERR,ERR,ERR,ERR,ERR,ERR,ERR,ERR,ERR,ERR,ERR,ERR,ERR,ERR,ERR,ERR,ERR,ERR,ERR,ERR,ERR,ERR,ERR,ERR,ERR,ERR,ERR,ERR,ERR,ERR,ERR,ERR,ERR,ERR,ERR,ERR,50.0,60.0,100,0.0,0.0,0.0,0.0,0.0,0.0,0.0,0.0,0.0,0.0,0.0,0.0,0.0,0.0,0.0,0.0,61.6,74,13,65511,50,65476,0,300,0,0,8,20529,65476,0,0,26214,60.0,0.0,0.0,0.0,0.0,0.0
2026-05-17T18:12:52,ERR,ERR,ERR,ERR,ERR,ERR,ERR,ERR,ERR,ERR,ERR,ERR,ERR,ERR,ERR,ERR,ERR,ERR,ERR,ERR,ERR,ERR,ERR,ERR,ERR,ERR,ERR,ERR,ERR,ERR,ERR,ERR,ERR,ERR,ERR,ERR,ERR,ERR,ERR,ERR,ERR,ERR,ERR,ERR,ERR,ERR,ERR,ERR,ERR,ERR,ERR,ERR,ERR,ERR,ERR,ERR,ERR,ERR,ERR,ERR,ERR,ERR,ERR,ERR,ERR,ERR,ERR,ERR,ERR,ERR,ERR,ERR,ERR,ERR,ERR,ERR,ERR,ERR,ERR,ERR,ERR,ERR,ERR,ERR,ERR,ERR,ERR,ERR,ERR,ERR,ERR,ERR,ERR,ERR,ERR,ERR,ERR,ERR,ERR,ERR,ERR,ERR,ERR,ERR,ERR,ERR,ERR,ERR,ERR,ERR,ERR,ERR,ERR,ERR,ERR,ERR,ERR,ERR,ERR,ERR,ERR,ERR,ERR,ERR,ERR,0.0,-107615296.0,-134474944.0,0.0,0.0,1.3936040501711995e+18,7.805,0.0,0,0,4,0,8422,0.0,45,0.0,0.0,0.0,0.0,0.0,0,0,0,0,0.0,0,0,0,0,0,0,0,0,0,0,0,0,0,0,0,0,0,0,0,0,0,0,0,0,0,0,0,0,0,0,0,0,0,38,14,7,45,65476,0,300,0,0,8,21553,0.0,-107605600.0,0.0,0.0,0.0,0.0,0.0,0.0,0.0,0.0,0.0,0.0,0.0,0.0,0.0,0.0,0.0,0.0,0.0,0.0,0.0,0.0,0.0,0.0,-0.0,0.0,0.0,0.0,0.0,0.0,5084.0,2.422988480993034e+24,0.0,0.0,-107615296.0,-107615280.0,2.718429300292151e+23,0.0,0.0,0.0,0.0,53,-0.0,-152017313988608.0,0.0,0.0,0.0,0.0,0.0,0.0,0.0,0,0,0,0.0,0.0,0.0,0.0,0.0,0.0,0.0,0.0,0.0,0.0,0.0,0.0,0.0,0.0,0.0,0.0,0,-107875648.0,53,0.0,106,-107614832.0,0.0,ERR,ERR,ERR,ERR,ERR,ERR,ERR,ERR,ERR,ERR,ERR,ERR,ERR,ERR,ERR,ERR,ERR,ERR,ERR,ERR,ERR,ERR,ERR,ERR,ERR,ERR,ERR,ERR,ERR,ERR,ERR,ERR,ERR,ERR,ERR,ERR,ERR,ERR,ERR,ERR,ERR,ERR,ERR,ERR,ERR,ERR,ERR,ERR,ERR,ERR,ERR,ERR,ERR,ERR,ERR,ERR,ERR,ERR,ERR,ERR,ERR,ERR,ERR,ERR,ERR,ERR,ERR,50.0,60.0,100,0.0,0.0,0.0,0.0,0.0,0.0,0.0,0.0,0.0,0.0,0.0,0.0,0.0,0.0,0.0,0.0,61.6,74,13,65511,50,65476,0,300,0,0,8,20529,65476,0,0,26214,60.0,0.0,0.0,0.0,0.0,0.0
2026-05-17T18:12:53,ERR,ERR,ERR,ERR,ERR,ERR,ERR,ERR,ERR,ERR,ERR,ERR,ERR,ERR,ERR,ERR,ERR,ERR,ERR,ERR,ERR,ERR,ERR,ERR,ERR,ERR,ERR,ERR,ERR,ERR,ERR,ERR,ERR,ERR,ERR,ERR,ERR,ERR,ERR,ERR,ERR,ERR,ERR,ERR,ERR,ERR,ERR,ERR,ERR,ERR,ERR,ERR,ERR,ERR,ERR,ERR,ERR,ERR,ERR,ERR,ERR,ERR,ERR,ERR,ERR,ERR,ERR,ERR,ERR,ERR,ERR,ERR,ERR,ERR,ERR,ERR,ERR,ERR,ERR,ERR,ERR,ERR,ERR,ERR,ERR,ERR,ERR,ERR,ERR,ERR,ERR,ERR,ERR,ERR,ERR,ERR,ERR,ERR,ERR,ERR,ERR,ERR,ERR,ERR,ERR,ERR,ERR,ERR,ERR,ERR,ERR,ERR,ERR,ERR,ERR,ERR,ERR,ERR,ERR,ERR,ERR,ERR,ERR,ERR,ERR,0.0,-107615296.0,-134474944.0,0.0,0.0,1.3936040501711995e+18,7.805,0.0,0,0,4,0,8422,0.0,45,0.0,0.0,0.0,0.0,0.0,0,0,0,0,0.0,0,0,0,0,0,0,0,0,0,0,0,0,0,0,0,0,0,0,0,0,0,0,0,0,0,0,0,0,0,0,0,0,0,38,14,7,45,65476,0,300,0,0,8,21553,0.0,-107605600.0,0.0,0.0,0.0,0.0,0.0,0.0,0.0,0.0,0.0,0.0,0.0,0.0,0.0,0.0,0.0,0.0,0.0,0.0,0.0,0.0,0.0,0.0,-0.0,0.0,0.0,0.0,0.0,0.0,5084.0,2.422988480993034e+24,0.0,0.0,-107615296.0,-107615280.0,2.718429300292151e+23,0.0,0.0,0.0,0.0,53,-0.0,-152017313988608.0,0.0,0.0,0.0,0.0,0.0,0.0,0.0,0,0,0,0.0,0.0,0.0,0.0,0.0,0.0,0.0,0.0,0.0,0.0,0.0,0.0,0.0,0.0,0.0,0.0,0,-107875648.0,53,0.0,106,-107614832.0,0.0,ERR,ERR,ERR,ERR,ERR,ERR,ERR,ERR,ERR,ERR,ERR,ERR,ERR,ERR,ERR,ERR,ERR,ERR,ERR,ERR,ERR,ERR,ERR,ERR,ERR,ERR,ERR,ERR,ERR,ERR,ERR,ERR,ERR,ERR,ERR,ERR,ERR,ERR,ERR,ERR,ERR,ERR,ERR,ERR,ERR,ERR,ERR,ERR,ERR,ERR,ERR,ERR,ERR,ERR,ERR,ERR,ERR,ERR,ERR,ERR,ERR,ERR,ERR,ERR,ERR,ERR,ERR,50.0,60.0,100,0.0,0.0,0.0,0.0,0.0,0.0,0.0,0.0,0.0,0.0,0.0,0.0,0.0,0.0,0.0,0.0,61.6,74,13,65511,50,65476,0,300,0,0,8,20529,65476,0,0,26214,60.0,0.0,0.0,0.0,0.0,0.0
2026-05-17T18:12:54,ERR,ERR,ERR,ERR,ERR,ERR,ERR,ERR,ERR,ERR,ERR,ERR,ERR,ERR,ERR,ERR,ERR,ERR,ERR,ERR,ERR,ERR,ERR,ERR,ERR,ERR,ERR,ERR,ERR,ERR,ERR,ERR,ERR,ERR,ERR,ERR,ERR,ERR,ERR,ERR,ERR,ERR,ERR,ERR,ERR,ERR,ERR,ERR,ERR,ERR,ERR,ERR,ERR,ERR,ERR,ERR,ERR,ERR,ERR,ERR,ERR,ERR,ERR,ERR,ERR,ERR,ERR,ERR,ERR,ERR,ERR,ERR,ERR,ERR,ERR,ERR,ERR,ERR,ERR,ERR,ERR,ERR,ERR,ERR,ERR,ERR,ERR,ERR,ERR,ERR,ERR,ERR,ERR,ERR,ERR,ERR,ERR,ERR,ERR,ERR,ERR,ERR,ERR,ERR,ERR,ERR,ERR,ERR,ERR,ERR,ERR,ERR,ERR,ERR,ERR,ERR,ERR,ERR,ERR,ERR,ERR,ERR,ERR,ERR,ERR,0.0,-107615296.0,-134474944.0,0.0,0.0,1.3936040501711995e+18,7.805,0.0,0,0,4,0,8422,0.0,45,0.0,0.0,0.0,0.0,0.0,0,0,0,0,0.0,0,0,0,0,0,0,0,0,0,0,0,0,0,0,0,0,0,0,0,0,0,0,0,0,0,0,0,0,0,0,0,0,0,38,14,7,45,65476,0,300,0,0,8,21553,0.0,-107605600.0,0.0,0.0,0.0,0.0,0.0,0.0,0.0,0.0,0.0,0.0,0.0,0.0,0.0,0.0,0.0,0.0,0.0,0.0,0.0,0.0,0.0,0.0,-0.0,0.0,0.0,0.0,0.0,0.0,5084.0,2.422988480993034e+24,0.0,0.0,-107615296.0,-107615280.0,2.718429300292151e+23,0.0,0.0,0.0,0.0,53,-0.0,-152017313988608.0,0.0,0.0,0.0,0.0,0.0,0.0,0.0,0,0,0,0.0,0.0,0.0,0.0,0.0,0.0,0.0,0.0,0.0,0.0,0.0,0.0,0.0,0.0,0.0,0.0,0,-107875648.0,53,0.0,106,-107614832.0,0.0,ERR,ERR,ERR,ERR,ERR,ERR,ERR,ERR,ERR,ERR,ERR,ERR,ERR,ERR,ERR,ERR,ERR,ERR,ERR,ERR,ERR,ERR,ERR,ERR,ERR,ERR,ERR,ERR,ERR,ERR,ERR,ERR,ERR,ERR,ERR,ERR,ERR,ERR,ERR,ERR,ERR,ERR,ERR,ERR,ERR,ERR,ERR,ERR,ERR,ERR,ERR,ERR,ERR,ERR,ERR,ERR,ERR,ERR,ERR,ERR,ERR,ERR,ERR,ERR,ERR,ERR,ERR,50.0,60.0,100,0.0,0.0,0.0,0.0,0.0,0.0,0.0,0.0,0.0,0.0,0.0,0.0,0.0,0.0,0.0,0.0,61.6,74,13,65511,50,65476,0,300,0,0,8,20529,65476,0,0,26214,60.0,0.0,0.0,0.0,0.0,0.0
2026-05-17T18:12:55,ERR,ERR,ERR,ERR,ERR,ERR,ERR,ERR,ERR,ERR,ERR,ERR,ERR,ERR,ERR,ERR,ERR,ERR,ERR,ERR,ERR,ERR,ERR,ERR,ERR,ERR,ERR,ERR,ERR,ERR,ERR,ERR,ERR,ERR,ERR,ERR,ERR,ERR,ERR,ERR,ERR,ERR,ERR,ERR,ERR,ERR,ERR,ERR,ERR,ERR,ERR,ERR,ERR,ERR,ERR,ERR,ERR,ERR,ERR,ERR,ERR,ERR,ERR,ERR,ERR,ERR,ERR,ERR,ERR,ERR,ERR,ERR,ERR,ERR,ERR,ERR,ERR,ERR,ERR,ERR,ERR,ERR,ERR,ERR,ERR,ERR,ERR,ERR,ERR,ERR,ERR,ERR,ERR,ERR,ERR,ERR,ERR,ERR,ERR,ERR,ERR,ERR,ERR,ERR,ERR,ERR,ERR,ERR,ERR,ERR,ERR,ERR,ERR,ERR,ERR,ERR,ERR,ERR,ERR,ERR,ERR,ERR,ERR,ERR,ERR,0.0,-107615296.0,-134474944.0,0.0,0.0,1.3936040501711995e+18,7.805,0.0,0,0,4,0,8422,0.0,45,0.0,0.0,0.0,0.0,0.0,0,0,0,0,0.0,0,0,0,0,0,0,0,0,0,0,0,0,0,0,0,0,0,0,0,0,0,0,0,0,0,0,0,0,0,0,0,0,0,38,14,7,45,65476,0,300,0,0,8,21553,0.0,-107605600.0,0.0,0.0,0.0,0.0,0.0,0.0,0.0,0.0,0.0,0.0,0.0,0.0,0.0,0.0,0.0,0.0,0.0,0.0,0.0,0.0,0.0,0.0,-0.0,0.0,0.0,0.0,0.0,0.0,5084.0,2.422988480993034e+24,0.0,0.0,-107615296.0,-107615280.0,2.718429300292151e+23,0.0,0.0,0.0,0.0,53,-0.0,-152017313988608.0,0.0,0.0,0.0,0.0,0.0,0.0,0.0,0,0,0,0.0,0.0,0.0,0.0,0.0,0.0,0.0,0.0,0.0,0.0,0.0,0.0,0.0,0.0,0.0,0.0,0,-107875648.0,53,0.0,106,-107614832.0,0.0,ERR,ERR,ERR,ERR,ERR,ERR,ERR,ERR,ERR,ERR,ERR,ERR,ERR,ERR,ERR,ERR,ERR,ERR,ERR,ERR,ERR,ERR,ERR,ERR,ERR,ERR,ERR,ERR,ERR,ERR,ERR,ERR,ERR,ERR,ERR,ERR,ERR,ERR,ERR,ERR,ERR,ERR,ERR,ERR,ERR,ERR,ERR,ERR,ERR,ERR,ERR,ERR,ERR,ERR,ERR,ERR,ERR,ERR,ERR,ERR,ERR,ERR,ERR,ERR,ERR,ERR,ERR,50.0,60.0,100,0.0,0.0,0.0,0.0,0.0,0.0,0.0,0.0,0.0,0.0,0.0,0.0,0.0,0.0,0.0,0.0,62.0,74,13,65511,50,65476,0,300,0,0,8,20529,65476,0,0,26214,60.0,0.0,0.0,0.0,0.0,0.0
2026-05-17T18:12:56,ERR,ERR,ERR,ERR,ERR,ERR,ERR,ERR,ERR,ERR,ERR,ERR,ERR,ERR,ERR,ERR,ERR,ERR,ERR,ERR,ERR,ERR,ERR,ERR,ERR,ERR,ERR,ERR,ERR,ERR,ERR,ERR,ERR,ERR,ERR,ERR,ERR,ERR,ERR,ERR,ERR,ERR,ERR,ERR,ERR,ERR,ERR,ERR,ERR,ERR,ERR,ERR,ERR,ERR,ERR,ERR,ERR,ERR,ERR,ERR,ERR,ERR,ERR,ERR,ERR,ERR,ERR,ERR,ERR,ERR,ERR,ERR,ERR,ERR,ERR,ERR,ERR,ERR,ERR,ERR,ERR,ERR,ERR,ERR,ERR,ERR,ERR,ERR,ERR,ERR,ERR,ERR,ERR,ERR,ERR,ERR,ERR,ERR,ERR,ERR,ERR,ERR,ERR,ERR,ERR,ERR,ERR,ERR,ERR,ERR,ERR,ERR,ERR,ERR,ERR,ERR,ERR,ERR,ERR,ERR,ERR,ERR,ERR,ERR,ERR,0.0,-107615296.0,-134474944.0,0.0,0.0,1.3936040501711995e+18,7.805,0.0,0,0,4,0,8422,0.0,45,0.0,0.0,0.0,0.0,0.0,0,0,0,0,0.0,0,0,0,0,0,0,0,0,0,0,0,0,0,0,0,0,0,0,0,0,0,0,0,0,0,0,0,0,0,0,0,0,0,38,14,7,45,65476,0,300,0,0,8,21553,0.0,-107605600.0,0.0,0.0,0.0,0.0,0.0,0.0,0.0,0.0,0.0,0.0,0.0,0.0,0.0,0.0,0.0,0.0,0.0,0.0,0.0,0.0,0.0,0.0,-0.0,0.0,0.0,0.0,0.0,0.0,5084.0,1.587929730903595e+29,0.0,0.0,-107615296.0,-107615280.0,2.718429300292151e+23,0.0,0.0,0.0,0.0,53,-0.0,-0.0,0.0,0.0,0.0,0.0,0.0,0.0,0.0,0,0,0,0.0,0.0,0.0,0.0,0.0,0.0,0.0,0.0,0.0,0.0,0.0,0.0,0.0,0.0,0.0,0.0,0,-107875648.0,53,0.0,106,-107614832.0,0.0,ERR,ERR,ERR,ERR,ERR,ERR,ERR,ERR,ERR,ERR,ERR,ERR,ERR,ERR,ERR,ERR,ERR,ERR,ERR,ERR,ERR,ERR,ERR,ERR,ERR,ERR,ERR,ERR,ERR,ERR,ERR,ERR,ERR,ERR,ERR,ERR,ERR,ERR,ERR,ERR,ERR,ERR,ERR,ERR,ERR,ERR,ERR,ERR,ERR,ERR,ERR,ERR,ERR,ERR,ERR,ERR,ERR,ERR,ERR,ERR,ERR,ERR,ERR,ERR,ERR,ERR,ERR,50.0,60.0,100,0.0,0.0,0.0,0.0,0.0,0.0,0.0,0.0,0.0,0.0,0.0,0.0,0.0,0.0,0.0,0.0,61.6,74,13,65511,50,65476,0,300,0,0,8,20529,65476,0,0,26214,60.0,0.0,0.0,0.0,0.0,0.0
2026-05-17T18:12:57,ERR,ERR,ERR,ERR,ERR,ERR,ERR,ERR,ERR,ERR,ERR,ERR,ERR,ERR,ERR,ERR,ERR,ERR,ERR,ERR,ERR,ERR,ERR,ERR,ERR,ERR,ERR,ERR,ERR,ERR,ERR,ERR,ERR,ERR,ERR,ERR,ERR,ERR,ERR,ERR,ERR,ERR,ERR,ERR,ERR,ERR,ERR,ERR,ERR,ERR,ERR,ERR,ERR,ERR,ERR,ERR,ERR,ERR,ERR,ERR,ERR,ERR,ERR,ERR,ERR,ERR,ERR,ERR,ERR,ERR,ERR,ERR,ERR,ERR,ERR,ERR,ERR,ERR,ERR,ERR,ERR,ERR,ERR,ERR,ERR,ERR,ERR,ERR,ERR,ERR,ERR,ERR,ERR,ERR,ERR,ERR,ERR,ERR,ERR,ERR,ERR,ERR,ERR,ERR,ERR,ERR,ERR,ERR,ERR,ERR,ERR,ERR,ERR,ERR,ERR,ERR,ERR,ERR,ERR,ERR,ERR,ERR,ERR,ERR,ERR,0.0,-107615296.0,-134474944.0,0.0,0.0,1.3936040501711995e+18,7.805,0.0,0,0,4,0,8422,0.0,45,0.0,0.0,0.0,0.0,0.0,0,0,0,0,0.0,0,0,0,0,0,0,0,0,0,0,0,0,0,0,0,0,0,0,0,0,0,0,0,0,0,0,0,0,0,0,0,0,0,38,14,7,45,65476,0,300,0,0,8,21553,0.0,-107605600.0,0.0,0.0,0.0,0.0,0.0,0.0,0.0,0.0,0.0,0.0,0.0,0.0,0.0,0.0,0.0,0.0,0.0,0.0,0.0,0.0,0.0,0.0,-0.0,0.0,0.0,0.0,0.0,0.0,5084.0,1.587929730903595e+29,0.0,0.0,-107615296.0,-107615280.0,2.718429300292151e+23,0.0,0.0,0.0,0.0,53,-0.0,-0.0,0.0,0.0,0.0,0.0,0.0,0.0,0.0,0,0,0,0.0,0.0,0.0,0.0,0.0,0.0,0.0,0.0,0.0,0.0,0.0,0.0,0.0,0.0,0.0,0.0,0,-107875648.0,53,0.0,106,-107614832.0,0.0,ERR,ERR,ERR,ERR,ERR,ERR,ERR,ERR,ERR,ERR,ERR,ERR,ERR,ERR,ERR,ERR,ERR,ERR,ERR,ERR,ERR,ERR,ERR,ERR,ERR,ERR,ERR,ERR,ERR,ERR,ERR,ERR,ERR,ERR,ERR,ERR,ERR,ERR,ERR,ERR,ERR,ERR,ERR,ERR,ERR,ERR,ERR,ERR,ERR,ERR,ERR,ERR,ERR,ERR,ERR,ERR,ERR,ERR,ERR,ERR,ERR,ERR,ERR,ERR,ERR,ERR,ERR,50.0,60.0,100,0.0,0.0,0.0,0.0,0.0,0.0,0.0,0.0,0.0,0.0,0.0,0.0,0.0,0.0,0.0,0.0,61.6,74,13,65511,50,65476,0,300,0,0,8,20529,65476,0,0,26214,60.0,0.0,0.0,0.0,0.0,0.0
2026-05-17T18:12:58,ERR,ERR,ERR,ERR,ERR,ERR,ERR,ERR,ERR,ERR,ERR,ERR,ERR,ERR,ERR,ERR,ERR,ERR,ERR,ERR,ERR,ERR,ERR,ERR,ERR,ERR,ERR,ERR,ERR,ERR,ERR,ERR,ERR,ERR,ERR,ERR,ERR,ERR,ERR,ERR,ERR,ERR,ERR,ERR,ERR,ERR,ERR,ERR,ERR,ERR,ERR,ERR,ERR,ERR,ERR,ERR,ERR,ERR,ERR,ERR,ERR,ERR,ERR,ERR,ERR,ERR,ERR,ERR,ERR,ERR,ERR,ERR,ERR,ERR,ERR,ERR,ERR,ERR,ERR,ERR,ERR,ERR,ERR,ERR,ERR,ERR,ERR,ERR,ERR,ERR,ERR,ERR,ERR,ERR,ERR,ERR,ERR,ERR,ERR,ERR,ERR,ERR,ERR,ERR,ERR,ERR,ERR,ERR,ERR,ERR,ERR,ERR,ERR,ERR,ERR,ERR,ERR,ERR,ERR,ERR,ERR,ERR,ERR,ERR,ERR,0.0,-107615296.0,-134474944.0,0.0,0.0,1.3936040501711995e+18,7.805,0.0,0,0,4,0,8422,0.0,45,0.0,0.0,0.0,0.0,0.0,0,0,0,0,0.0,0,0,0,0,0,0,0,0,0,0,0,0,0,0,0,0,0,0,0,0,0,0,0,0,0,0,0,0,0,0,0,0,0,38,14,7,45,65476,0,300,0,0,8,21553,0.0,-107605600.0,0.0,0.0,0.0,0.0,0.0,0.0,0.0,0.0,0.0,0.0,0.0,0.0,0.0,0.0,0.0,0.0,0.0,0.0,0.0,0.0,0.0,0.0,-0.0,0.0,0.0,0.0,0.0,0.0,5084.0,1.587929730903595e+29,0.0,0.0,-107615296.0,-107615280.0,2.718429300292151e+23,0.0,0.0,0.0,0.0,53,-0.0,-0.0,0.0,0.0,0.0,0.0,0.0,0.0,0.0,0,0,0,0.0,0.0,0.0,0.0,0.0,0.0,0.0,0.0,0.0,0.0,0.0,0.0,0.0,0.0,0.0,0.0,0,-107875648.0,53,0.0,106,-107614832.0,0.0,ERR,ERR,ERR,ERR,ERR,ERR,ERR,ERR,ERR,ERR,ERR,ERR,ERR,ERR,ERR,ERR,ERR,ERR,ERR,ERR,ERR,ERR,ERR,ERR,ERR,ERR,ERR,ERR,ERR,ERR,ERR,ERR,ERR,ERR,ERR,ERR,ERR,ERR,ERR,ERR,ERR,ERR,ERR,ERR,ERR,ERR,ERR,ERR,ERR,ERR,ERR,ERR,ERR,ERR,ERR,ERR,ERR,ERR,ERR,ERR,ERR,ERR,ERR,ERR,ERR,ERR,ERR,50.0,60.0,100,0.0,0.0,0.0,0.0,0.0,0.0,0.0,0.0,0.0,0.0,0.0,0.0,0.0,0.0,0.0,0.0,62.0,74,13,65511,50,65476,0,300,0,0,8,20529,65476,0,0,26214,60.0,0.0,0.0,0.0,0.0,0.0
2026-05-17T18:12:59,ERR,ERR,ERR,ERR,ERR,ERR,ERR,ERR,ERR,ERR,ERR,ERR,ERR,ERR,ERR,ERR,ERR,ERR,ERR,ERR,ERR,ERR,ERR,ERR,ERR,ERR,ERR,ERR,ERR,ERR,ERR,ERR,ERR,ERR,ERR,ERR,ERR,ERR,ERR,ERR,ERR,ERR,ERR,ERR,ERR,ERR,ERR,ERR,ERR,ERR,ERR,ERR,ERR,ERR,ERR,ERR,ERR,ERR,ERR,ERR,ERR,ERR,ERR,ERR,ERR,ERR,ERR,ERR,ERR,ERR,ERR,ERR,ERR,ERR,ERR,ERR,ERR,ERR,ERR,ERR,ERR,ERR,ERR,ERR,ERR,ERR,ERR,ERR,ERR,ERR,ERR,ERR,ERR,ERR,ERR,ERR,ERR,ERR,ERR,ERR,ERR,ERR,ERR,ERR,ERR,ERR,ERR,ERR,ERR,ERR,ERR,ERR,ERR,ERR,ERR,ERR,ERR,ERR,ERR,ERR,ERR,ERR,ERR,ERR,ERR,0.0,-107615296.0,-134474944.0,0.0,0.0,1.3936040501711995e+18,7.805,0.0,0,0,4,0,8422,0.0,45,0.0,0.0,0.0,0.0,0.0,0,0,0,0,0.0,0,0,0,0,0,0,0,0,0,0,0,0,0,0,0,0,0,0,0,0,0,0,0,0,0,0,0,0,0,0,0,0,0,38,14,7,45,65476,0,300,0,0,8,21553,0.0,-107605600.0,0.0,0.0,0.0,0.0,0.0,0.0,0.0,0.0,0.0,0.0,0.0,0.0,0.0,0.0,0.0,0.0,0.0,0.0,0.0,0.0,0.0,0.0,-0.0,0.0,0.0,0.0,0.0,0.0,5084.0,1.587929730903595e+29,0.0,0.0,-107615296.0,-107615280.0,2.718429300292151e+23,0.0,0.0,0.0,0.0,53,-0.0,-0.0,0.0,0.0,0.0,0.0,0.0,0.0,0.0,0,0,0,0.0,0.0,0.0,0.0,0.0,0.0,0.0,0.0,0.0,0.0,0.0,0.0,0.0,0.0,0.0,0.0,0,-107875648.0,53,0.0,106,-107614832.0,0.0,ERR,ERR,ERR,ERR,ERR,ERR,ERR,ERR,ERR,ERR,ERR,ERR,ERR,ERR,ERR,ERR,ERR,ERR,ERR,ERR,ERR,ERR,ERR,ERR,ERR,ERR,ERR,ERR,ERR,ERR,ERR,ERR,ERR,ERR,ERR,ERR,ERR,ERR,ERR,ERR,ERR,ERR,ERR,ERR,ERR,ERR,ERR,ERR,ERR,ERR,ERR,ERR,ERR,ERR,ERR,ERR,ERR,ERR,ERR,ERR,ERR,ERR,ERR,ERR,ERR,ERR,ERR,50.0,60.0,100,0.0,0.0,0.0,0.0,0.0,0.0,0.0,0.0,0.0,0.0,0.0,0.0,0.0,0.0,0.0,0.0,62.0,74,13,65511,50,65476,0,300,0,0,8,20529,65476,0,0,26214,60.0,0.0,0.0,0.0,0.0,0.0
2026-05-17T18:13:00,ERR,ERR,ERR,ERR,ERR,ERR,ERR,ERR,ERR,ERR,ERR,ERR,ERR,ERR,ERR,ERR,ERR,ERR,ERR,ERR,ERR,ERR,ERR,ERR,ERR,ERR,ERR,ERR,ERR,ERR,ERR,ERR,ERR,ERR,ERR,ERR,ERR,ERR,ERR,ERR,ERR,ERR,ERR,ERR,ERR,ERR,ERR,ERR,ERR,ERR,ERR,ERR,ERR,ERR,ERR,ERR,ERR,ERR,ERR,ERR,ERR,ERR,ERR,ERR,ERR,ERR,ERR,ERR,ERR,ERR,ERR,ERR,ERR,ERR,ERR,ERR,ERR,ERR,ERR,ERR,ERR,ERR,ERR,ERR,ERR,ERR,ERR,ERR,ERR,ERR,ERR,ERR,ERR,ERR,ERR,ERR,ERR,ERR,ERR,ERR,ERR,ERR,ERR,ERR,ERR,ERR,ERR,ERR,ERR,ERR,ERR,ERR,ERR,ERR,ERR,ERR,ERR,ERR,ERR,ERR,ERR,ERR,ERR,ERR,ERR,0.0,-107615296.0,-134474944.0,0.0,0.0,1.3936040501711995e+18,7.805,0.0,0,0,4,0,8422,0.0,45,0.0,0.0,0.0,0.0,0.0,0,0,0,0,0.0,0,0,0,0,0,0,0,0,0,0,0,0,0,0,0,0,0,0,0,0,0,0,0,0,0,0,0,0,0,0,0,0,0,38,14,7,45,65476,0,300,0,0,8,21553,0.0,-107605600.0,0.0,0.0,0.0,0.0,0.0,0.0,0.0,0.0,0.0,0.0,0.0,0.0,0.0,0.0,0.0,0.0,0.0,0.0,0.0,0.0,0.0,0.0,-0.0,0.0,0.0,0.0,0.0,0.0,5084.0,1.587929730903595e+29,0.0,0.0,-107615296.0,-107615280.0,2.718429300292151e+23,0.0,0.0,0.0,0.0,53,-0.0,-0.0,0.0,0.0,0.0,0.0,0.0,0.0,0.0,0,0,0,0.0,0.0,0.0,0.0,0.0,0.0,0.0,0.0,0.0,0.0,0.0,0.0,0.0,0.0,0.0,0.0,0,-107875648.0,53,0.0,106,-107614832.0,0.0,ERR,ERR,ERR,ERR,ERR,ERR,ERR,ERR,ERR,ERR,ERR,ERR,ERR,ERR,ERR,ERR,ERR,ERR,ERR,ERR,ERR,ERR,ERR,ERR,ERR,ERR,ERR,ERR,ERR,ERR,ERR,ERR,ERR,ERR,ERR,ERR,ERR,ERR,ERR,ERR,ERR,ERR,ERR,ERR,ERR,ERR,ERR,ERR,ERR,ERR,ERR,ERR,ERR,ERR,ERR,ERR,ERR,ERR,ERR,ERR,ERR,ERR,ERR,ERR,ERR,ERR,ERR,50.0,60.0,100,0.0,0.0,0.0,0.0,0.0,0.0,0.0,0.0,0.0,0.0,0.0,0.0,0.0,0.0,0.0,0.0,61.6,74,13,65511,50,65476,0,300,0,0,8,20529,65476,0,0,26214,60.0,0.0,0.0,0.0,0.0,0.0
2026-05-17T18:13:01,ERR,ERR,ERR,ERR,ERR,ERR,ERR,ERR,ERR,ERR,ERR,ERR,ERR,ERR,ERR,ERR,ERR,ERR,ERR,ERR,ERR,ERR,ERR,ERR,ERR,ERR,ERR,ERR,ERR,ERR,ERR,ERR,ERR,ERR,ERR,ERR,ERR,ERR,ERR,ERR,ERR,ERR,ERR,ERR,ERR,ERR,ERR,ERR,ERR,ERR,ERR,ERR,ERR,ERR,ERR,ERR,ERR,ERR,ERR,ERR,ERR,ERR,ERR,ERR,ERR,ERR,ERR,ERR,ERR,ERR,ERR,ERR,ERR,ERR,ERR,ERR,ERR,ERR,ERR,ERR,ERR,ERR,ERR,ERR,ERR,ERR,ERR,ERR,ERR,ERR,ERR,ERR,ERR,ERR,ERR,ERR,ERR,ERR,ERR,ERR,ERR,ERR,ERR,ERR,ERR,ERR,ERR,ERR,ERR,ERR,ERR,ERR,ERR,ERR,ERR,ERR,ERR,ERR,ERR,ERR,ERR,ERR,ERR,ERR,ERR,-107615288.0,-107615296.0,0.0,0.0,0.0,1.3936040501711995e+18,7.805,0.0,0,0,4,0,8422,0.0,45,0.0,0.0,0.0,0.0,0.0,0,0,0,0,0.0,0,0,0,0,0,0,0,0,0,0,0,0,0,0,0,0,0,0,0,0,0,0,0,0,0,0,0,0,0,0,0,0,0,38,14,7,45,65476,0,300,0,0,8,21553,0.0,-107605600.0,0.0,0.0,0.0,0.0,0.0,0.0,0.0,0.0,0.0,0.0,0.0,0.0,0.0,0.0,0.0,0.0,0.0,0.0,0.0,0.0,-2.004,0.0,-0.0,0.0,0.0,0.0,0.0,0.0,5087.0,2.422988480993034e+24,0.0,-107615288.0,-107615296.0,-107615280.0,2.718429300292151e+23,0.0,0.0,0.0,0.0,53,-0.059,-0.0,0.0,0.0,0.0,0.0,0.0,0.0,0.0,0,0,0,0.0,0.0,0.0,0.0,0.0,0.0,0.0,0.0,0.0,0.0,0.0,0.0,0.0,0.0,0.0,0.0,0,-107875648.0,53,0.0,106,-107614832.0,0.0,ERR,ERR,ERR,ERR,ERR,ERR,ERR,ERR,ERR,ERR,ERR,ERR,ERR,ERR,ERR,ERR,ERR,ERR,ERR,ERR,ERR,ERR,ERR,ERR,ERR,ERR,ERR,ERR,ERR,ERR,ERR,ERR,ERR,ERR,ERR,ERR,ERR,ERR,ERR,ERR,ERR,ERR,ERR,ERR,ERR,ERR,ERR,ERR,ERR,ERR,ERR,ERR,ERR,ERR,ERR,ERR,ERR,ERR,ERR,ERR,ERR,ERR,ERR,ERR,ERR,ERR,ERR,50.0,60.0,100,0.0,0.0,0.0,0.0,0.0,0.0,0.0,0.0,0.0,0.0,0.0,0.0,0.0,0.0,0.0,0.0,61.6,74,13,65511,50,65476,0,300,0,0,8,20529,65476,0,0,26214,60.0,0.0,0.0,0.0,0.0,0.0
2026-05-17T18:13:02,ERR,ERR,ERR,ERR,ERR,ERR,ERR,ERR,ERR,ERR,ERR,ERR,ERR,ERR,ERR,ERR,ERR,ERR,ERR,ERR,ERR,ERR,ERR,ERR,ERR,ERR,ERR,ERR,ERR,ERR,ERR,ERR,ERR,ERR,ERR,ERR,ERR,ERR,ERR,ERR,ERR,ERR,ERR,ERR,ERR,ERR,ERR,ERR,ERR,ERR,ERR,ERR,ERR,ERR,ERR,ERR,ERR,ERR,ERR,ERR,ERR,ERR,ERR,ERR,ERR,ERR,ERR,ERR,ERR,ERR,ERR,ERR,ERR,ERR,ERR,ERR,ERR,ERR,ERR,ERR,ERR,ERR,ERR,ERR,ERR,ERR,ERR,ERR,ERR,ERR,ERR,ERR,ERR,ERR,ERR,ERR,ERR,ERR,ERR,ERR,ERR,ERR,ERR,ERR,ERR,ERR,ERR,ERR,ERR,ERR,ERR,ERR,ERR,ERR,ERR,ERR,ERR,ERR,ERR,ERR,ERR,ERR,ERR,ERR,ERR,-107615288.0,-107615296.0,0.0,0.0,0.0,1.3936040501711995e+18,7.805,0.0,0,0,4,0,8422,0.0,45,0.0,0.0,0.0,0.0,0.0,0,0,0,0,0.0,0,0,0,0,0,0,0,0,0,0,0,0,0,0,0,0,0,0,0,0,0,0,0,0,0,0,0,0,0,0,0,0,0,38,14,7,45,65476,0,300,0,0,8,21553,0.0,-107605600.0,0.0,0.0,0.0,0.0,0.0,0.0,0.0,0.0,0.0,0.0,0.0,0.0,0.0,0.0,0.0,0.0,0.0,0.0,0.0,0.0,-2.004,0.0,-0.0,0.0,0.0,0.0,0.0,0.0,5087.0,2.422988480993034e+24,0.0,-107615288.0,-107615296.0,-107615280.0,2.718429300292151e+23,0.0,0.0,0.0,0.0,53,-0.059,-0.0,0.0,0.0,0.0,0.0,0.0,0.0,0.0,0,0,0,0.0,0.0,0.0,0.0,0.0,0.0,0.0,0.0,0.0,0.0,0.0,0.0,0.0,0.0,0.0,0.0,0,-107875648.0,53,0.0,106,-107614832.0,0.0,ERR,ERR,ERR,ERR,ERR,ERR,ERR,ERR,ERR,ERR,ERR,ERR,ERR,ERR,ERR,ERR,ERR,ERR,ERR,ERR,ERR,ERR,ERR,ERR,ERR,ERR,ERR,ERR,ERR,ERR,ERR,ERR,ERR,ERR,ERR,ERR,ERR,ERR,ERR,ERR,ERR,ERR,ERR,ERR,ERR,ERR,ERR,ERR,ERR,ERR,ERR,ERR,ERR,ERR,ERR,ERR,ERR,ERR,ERR,ERR,ERR,ERR,ERR,ERR,ERR,ERR,ERR,50.0,60.0,100,0.0,0.0,0.0,0.0,0.0,0.0,0.0,0.0,0.0,0.0,0.0,0.0,0.0,0.0,0.0,0.0,61.6,74,13,65511,50,65476,0,300,0,0,8,20529,65476,0,0,26214,60.0,0.0,0.0,0.0,0.0,0.0
2026-05-17T18:13:03,ERR,ERR,ERR,ERR,ERR,ERR,ERR,ERR,ERR,ERR,ERR,ERR,ERR,ERR,ERR,ERR,ERR,ERR,ERR,ERR,ERR,ERR,ERR,ERR,ERR,ERR,ERR,ERR,ERR,ERR,ERR,ERR,ERR,ERR,ERR,ERR,ERR,ERR,ERR,ERR,ERR,ERR,ERR,ERR,ERR,ERR,ERR,ERR,ERR,ERR,ERR,ERR,ERR,ERR,ERR,ERR,ERR,ERR,ERR,ERR,ERR,ERR,ERR,ERR,ERR,ERR,ERR,ERR,ERR,ERR,ERR,ERR,ERR,ERR,ERR,ERR,ERR,ERR,ERR,ERR,ERR,ERR,ERR,ERR,ERR,ERR,ERR,ERR,ERR,ERR,ERR,ERR,ERR,ERR,ERR,ERR,ERR,ERR,ERR,ERR,ERR,ERR,ERR,ERR,ERR,ERR,ERR,ERR,ERR,ERR,ERR,ERR,ERR,ERR,ERR,ERR,ERR,ERR,ERR,ERR,ERR,ERR,ERR,ERR,ERR,-107615288.0,-107615296.0,0.0,0.0,0.0,1.3936040501711995e+18,7.805,0.0,0,0,4,0,8422,0.0,45,0.0,0.0,0.0,0.0,0.0,0,0,0,0,0.0,0,0,0,0,0,0,0,0,0,0,0,0,0,0,0,0,0,0,0,0,0,0,0,0,0,0,0,0,0,0,0,0,0,38,14,7,45,65476,0,300,0,0,8,21553,0.0,-107605600.0,0.0,0.0,0.0,0.0,0.0,0.0,0.0,0.0,0.0,0.0,0.0,0.0,0.0,0.0,0.0,0.0,0.0,0.0,0.0,0.0,-2.004,0.0,-0.0,0.0,0.0,0.0,0.0,0.0,5087.0,2.422988480993034e+24,0.0,-107615288.0,-107615296.0,-107615280.0,2.718429300292151e+23,0.0,0.0,0.0,0.0,53,-0.059,-0.0,0.0,0.0,0.0,0.0,0.0,0.0,0.0,0,0,0,0.0,0.0,0.0,0.0,0.0,0.0,0.0,0.0,0.0,0.0,0.0,0.0,0.0,0.0,0.0,0.0,0,-107875648.0,53,0.0,106,-107614832.0,0.0,ERR,ERR,ERR,ERR,ERR,ERR,ERR,ERR,ERR,ERR,ERR,ERR,ERR,ERR,ERR,ERR,ERR,ERR,ERR,ERR,ERR,ERR,ERR,ERR,ERR,ERR,ERR,ERR,ERR,ERR,ERR,ERR,ERR,ERR,ERR,ERR,ERR,ERR,ERR,ERR,ERR,ERR,ERR,ERR,ERR,ERR,ERR,ERR,ERR,ERR,ERR,ERR,ERR,ERR,ERR,ERR,ERR,ERR,ERR,ERR,ERR,ERR,ERR,ERR,ERR,ERR,ERR,50.0,60.0,100,0.0,0.0,0.0,0.0,0.0,0.0,0.0,0.0,0.0,0.0,0.0,0.0,0.0,0.0,0.0,0.0,61.6,74,13,65511,50,65476,0,300,0,0,8,20529,65476,0,0,26214,60.0,0.0,0.0,0.0,0.0,0.0
2026-05-17T18:13:04,ERR,ERR,ERR,ERR,ERR,ERR,ERR,ERR,ERR,ERR,ERR,ERR,ERR,ERR,ERR,ERR,ERR,ERR,ERR,ERR,ERR,ERR,ERR,ERR,ERR,ERR,ERR,ERR,ERR,ERR,ERR,ERR,ERR,ERR,ERR,ERR,ERR,ERR,ERR,ERR,ERR,ERR,ERR,ERR,ERR,ERR,ERR,ERR,ERR,ERR,ERR,ERR,ERR,ERR,ERR,ERR,ERR,ERR,ERR,ERR,ERR,ERR,ERR,ERR,ERR,ERR,ERR,ERR,ERR,ERR,ERR,ERR,ERR,ERR,ERR,ERR,ERR,ERR,ERR,ERR,ERR,ERR,ERR,ERR,ERR,ERR,ERR,ERR,ERR,ERR,ERR,ERR,ERR,ERR,ERR,ERR,ERR,ERR,ERR,ERR,ERR,ERR,ERR,ERR,ERR,ERR,ERR,ERR,ERR,ERR,ERR,ERR,ERR,ERR,ERR,ERR,ERR,ERR,ERR,ERR,ERR,ERR,ERR,ERR,ERR,-107615288.0,-107615296.0,0.0,0.0,0.0,1.3936040501711995e+18,7.805,0.0,0,0,4,0,8422,0.0,45,0.0,0.0,0.0,0.0,0.0,0,0,0,0,0.0,0,0,0,0,0,0,0,0,0,0,0,0,0,0,0,0,0,0,0,0,0,0,0,0,0,0,0,0,0,0,0,0,0,38,14,7,45,65476,0,300,0,0,8,21553,0.0,-107605600.0,0.0,0.0,0.0,0.0,0.0,0.0,0.0,0.0,0.0,0.0,0.0,0.0,0.0,0.0,0.0,0.0,0.0,0.0,0.0,0.0,-2.004,0.0,-0.0,0.0,0.0,0.0,0.0,0.0,5087.0,2.422988480993034e+24,0.0,-107615288.0,-107615296.0,-107615280.0,2.718429300292151e+23,0.0,0.0,0.0,0.0,53,-0.059,-0.0,0.0,0.0,0.0,0.0,0.0,0.0,0.0,0,0,0,0.0,0.0,0.0,0.0,0.0,0.0,0.0,0.0,0.0,0.0,0.0,0.0,0.0,0.0,0.0,0.0,0,-107875648.0,53,0.0,106,-107614832.0,0.0,ERR,ERR,ERR,ERR,ERR,ERR,ERR,ERR,ERR,ERR,ERR,ERR,ERR,ERR,ERR,ERR,ERR,ERR,ERR,ERR,ERR,ERR,ERR,ERR,ERR,ERR,ERR,ERR,ERR,ERR,ERR,ERR,ERR,ERR,ERR,ERR,ERR,ERR,ERR,ERR,ERR,ERR,ERR,ERR,ERR,ERR,ERR,ERR,ERR,ERR,ERR,ERR,ERR,ERR,ERR,ERR,ERR,ERR,ERR,ERR,ERR,ERR,ERR,ERR,ERR,ERR,ERR,50.0,60.0,100,0.0,0.0,0.0,0.0,0.0,0.0,0.0,0.0,0.0,0.0,0.0,0.0,0.0,0.0,0.0,0.0,61.6,74,13,65511,50,65476,0,300,0,0,8,20529,65476,0,0,26214,60.0,0.0,0.0,0.0,0.0,0.0
2026-05-17T18:13:05,ERR,ERR,ERR,ERR,ERR,ERR,ERR,ERR,ERR,ERR,ERR,ERR,ERR,ERR,ERR,ERR,ERR,ERR,ERR,ERR,ERR,ERR,ERR,ERR,ERR,ERR,ERR,ERR,ERR,ERR,ERR,ERR,ERR,ERR,ERR,ERR,ERR,ERR,ERR,ERR,ERR,ERR,ERR,ERR,ERR,ERR,ERR,ERR,ERR,ERR,ERR,ERR,ERR,ERR,ERR,ERR,ERR,ERR,ERR,ERR,ERR,ERR,ERR,ERR,ERR,ERR,ERR,ERR,ERR,ERR,ERR,ERR,ERR,ERR,ERR,ERR,ERR,ERR,ERR,ERR,ERR,ERR,ERR,ERR,ERR,ERR,ERR,ERR,ERR,ERR,ERR,ERR,ERR,ERR,ERR,ERR,ERR,ERR,ERR,ERR,ERR,ERR,ERR,ERR,ERR,ERR,ERR,ERR,ERR,ERR,ERR,ERR,ERR,ERR,ERR,ERR,ERR,ERR,ERR,ERR,ERR,ERR,ERR,ERR,ERR,-107615288.0,-107615296.0,0.0,0.0,0.0,1.3936040501711995e+18,7.805,0.0,0,0,4,0,8422,0.0,45,0.0,0.0,0.0,0.0,0.0,0,0,0,0,0.0,0,0,0,0,0,0,0,0,0,0,0,0,0,0,0,0,0,0,0,0,0,0,0,0,0,0,0,0,0,0,0,0,0,38,14,7,45,65476,0,300,0,0,8,21553,0.0,-107605600.0,0.0,0.0,0.0,0.0,0.0,0.0,0.0,0.0,0.0,0.0,0.0,0.0,0.0,0.0,0.0,0.0,0.0,0.0,0.0,0.0,-2.004,0.0,-0.0,0.0,0.0,0.0,0.0,0.0,5087.0,2.422988480993034e+24,0.0,-107615288.0,-107615296.0,-107615280.0,2.718429300292151e+23,0.0,0.0,0.0,0.0,53,-0.059,-0.0,0.0,0.0,0.0,0.0,0.0,0.0,0.0,0,0,0,0.0,0.0,0.0,0.0,0.0,0.0,0.0,0.0,0.0,0.0,0.0,0.0,0.0,0.0,0.0,0.0,0,-107875648.0,53,0.0,106,-107614832.0,0.0,ERR,ERR,ERR,ERR,ERR,ERR,ERR,ERR,ERR,ERR,ERR,ERR,ERR,ERR,ERR,ERR,ERR,ERR,ERR,ERR,ERR,ERR,ERR,ERR,ERR,ERR,ERR,ERR,ERR,ERR,ERR,ERR,ERR,ERR,ERR,ERR,ERR,ERR,ERR,ERR,ERR,ERR,ERR,ERR,ERR,ERR,ERR,ERR,ERR,ERR,ERR,ERR,ERR,ERR,ERR,ERR,ERR,ERR,ERR,ERR,ERR,ERR,ERR,ERR,ERR,ERR,ERR,50.0,60.0,100,0.0,0.0,0.0,0.0,0.0,0.0,0.0,0.0,0.0,0.0,0.0,0.0,0.0,0.0,0.0,0.0,61.6,74,13,65511,50,65476,0,300,0,0,8,20529,65476,0,0,26214,60.0,0.0,0.0,0.0,0.0,0.0
2026-05-17T18:13:06,ERR,ERR,ERR,ERR,ERR,ERR,ERR,ERR,ERR,ERR,ERR,ERR,ERR,ERR,ERR,ERR,ERR,ERR,ERR,ERR,ERR,ERR,ERR,ERR,ERR,ERR,ERR,ERR,ERR,ERR,ERR,ERR,ERR,ERR,ERR,ERR,ERR,ERR,ERR,ERR,ERR,ERR,ERR,ERR,ERR,ERR,ERR,ERR,ERR,ERR,ERR,ERR,ERR,ERR,ERR,ERR,ERR,ERR,ERR,ERR,ERR,ERR,ERR,ERR,ERR,ERR,ERR,ERR,ERR,ERR,ERR,ERR,ERR,ERR,ERR,ERR,ERR,ERR,ERR,ERR,ERR,ERR,ERR,ERR,ERR,ERR,ERR,ERR,ERR,ERR,ERR,ERR,ERR,ERR,ERR,ERR,ERR,ERR,ERR,ERR,ERR,ERR,ERR,ERR,ERR,ERR,ERR,ERR,ERR,ERR,ERR,ERR,ERR,ERR,ERR,ERR,ERR,ERR,ERR,ERR,ERR,ERR,ERR,ERR,ERR,-107615288.0,-107615296.0,0.0,0.0,0.0,1.3936040501711995e+18,7.805,0.0,0,0,4,0,8422,0.0,45,0.0,0.0,0.0,0.0,0.0,0,0,0,0,0.0,0,0,0,0,0,0,0,0,0,0,0,0,0,0,0,0,0,0,0,0,0,0,0,0,0,0,0,0,0,0,0,0,0,38,14,7,45,65476,0,300,0,0,8,21553,0.0,-107605600.0,0.0,0.0,0.0,0.0,0.0,0.0,0.0,0.0,0.0,0.0,0.0,0.0,0.0,0.0,0.0,0.0,0.0,0.0,0.0,0.0,-2.004,0.0,-0.0,0.0,0.0,0.0,0.0,0.0,5087.0,2.422988480993034e+24,0.0,-107615288.0,-107615296.0,-107615280.0,2.718429300292151e+23,0.0,0.0,0.0,0.0,53,-0.059,-0.0,0.0,0.0,0.0,0.0,0.0,0.0,0.0,0,0,0,0.0,0.0,0.0,0.0,0.0,0.0,0.0,0.0,0.0,0.0,0.0,0.0,0.0,0.0,0.0,0.0,0,-107875648.0,53,0.0,106,-107614832.0,0.0,ERR,ERR,ERR,ERR,ERR,ERR,ERR,ERR,ERR,ERR,ERR,ERR,ERR,ERR,ERR,ERR,ERR,ERR,ERR,ERR,ERR,ERR,ERR,ERR,ERR,ERR,ERR,ERR,ERR,ERR,ERR,ERR,ERR,ERR,ERR,ERR,ERR,ERR,ERR,ERR,ERR,ERR,ERR,ERR,ERR,ERR,ERR,ERR,ERR,ERR,ERR,ERR,ERR,ERR,ERR,ERR,ERR,ERR,ERR,ERR,ERR,ERR,ERR,ERR,ERR,ERR,ERR,50.0,60.0,100,0.0,0.0,0.0,0.0,0.0,0.0,0.0,0.0,0.0,0.0,0.0,0.0,0.0,0.0,0.0,0.0,61.6,74,13,65511,50,65476,0,300,0,0,8,20529,65476,0,0,26214,60.0,0.0,0.0,0.0,0.0,0.0
2026-05-17T18:13:07,ERR,ERR,ERR,ERR,ERR,ERR,ERR,ERR,ERR,ERR,ERR,ERR,ERR,ERR,ERR,ERR,ERR,ERR,ERR,ERR,ERR,ERR,ERR,ERR,ERR,ERR,ERR,ERR,ERR,ERR,ERR,ERR,ERR,ERR,ERR,ERR,ERR,ERR,ERR,ERR,ERR,ERR,ERR,ERR,ERR,ERR,ERR,ERR,ERR,ERR,ERR,ERR,ERR,ERR,ERR,ERR,ERR,ERR,ERR,ERR,ERR,ERR,ERR,ERR,ERR,ERR,ERR,ERR,ERR,ERR,ERR,ERR,ERR,ERR,ERR,ERR,ERR,ERR,ERR,ERR,ERR,ERR,ERR,ERR,ERR,ERR,ERR,ERR,ERR,ERR,ERR,ERR,ERR,ERR,ERR,ERR,ERR,ERR,ERR,ERR,ERR,ERR,ERR,ERR,ERR,ERR,ERR,ERR,ERR,ERR,ERR,ERR,ERR,ERR,ERR,ERR,ERR,ERR,ERR,ERR,ERR,ERR,ERR,ERR,ERR,-107615288.0,-107615296.0,0.0,0.0,0.0,1.3936040501711995e+18,7.805,0.0,0,0,4,0,8422,0.0,45,0.0,0.0,0.0,0.0,0.0,0,0,0,0,0.0,0,0,0,0,0,0,0,0,0,0,0,0,0,0,0,0,0,0,0,0,0,0,0,0,0,0,0,0,0,0,0,0,0,38,14,7,45,65476,0,300,0,0,8,21553,0.0,-107605600.0,0.0,0.0,0.0,0.0,0.0,0.0,0.0,0.0,0.0,0.0,0.0,0.0,0.0,0.0,0.0,0.0,0.0,0.0,0.0,0.0,-2.004,0.0,2.004,0.0,0.0,0.0,0.0,0.0,5083.0,0.0,0.0,0.0,-107615296.0,-107615280.0,0.0,0.0,0.0,0.0,0.0,53,-0.0,5.8480564754410164e+35,0.0,0.0,0.0,0.0,0.0,0.0,0.0,0,0,0,0.0,0.0,0.0,0.0,0.0,0.0,0.0,0.0,0.0,0.0,0.0,0.0,0.0,0.0,0.0,0.0,0,-107875648.0,53,0.0,106,-107614832.0,0.0,ERR,ERR,ERR,ERR,ERR,ERR,ERR,ERR,ERR,ERR,ERR,ERR,ERR,ERR,ERR,ERR,ERR,ERR,ERR,ERR,ERR,ERR,ERR,ERR,ERR,ERR,ERR,ERR,ERR,ERR,ERR,ERR,ERR,ERR,ERR,ERR,ERR,ERR,ERR,ERR,ERR,ERR,ERR,ERR,ERR,ERR,ERR,ERR,ERR,ERR,ERR,ERR,ERR,ERR,ERR,ERR,ERR,ERR,ERR,ERR,ERR,ERR,ERR,ERR,ERR,ERR,ERR,50.0,60.0,100,0.0,0.0,0.0,0.0,0.0,0.0,0.0,0.0,0.0,0.0,0.0,0.0,0.0,0.0,0.0,0.0,61.6,74,13,65512,50,65476,0,300,0,0,8,20529,65476,0,0,26214,60.0,0.0,0.0,0.0,0.0,0.0
2026-05-17T18:13:08,ERR,ERR,ERR,ERR,ERR,ERR,ERR,ERR,ERR,ERR,ERR,ERR,ERR,ERR,ERR,ERR,ERR,ERR,ERR,ERR,ERR,ERR,ERR,ERR,ERR,ERR,ERR,ERR,ERR,ERR,ERR,ERR,ERR,ERR,ERR,ERR,ERR,ERR,ERR,ERR,ERR,ERR,ERR,ERR,ERR,ERR,ERR,ERR,ERR,ERR,ERR,ERR,ERR,ERR,ERR,ERR,ERR,ERR,ERR,ERR,ERR,ERR,ERR,ERR,ERR,ERR,ERR,ERR,ERR,ERR,ERR,ERR,ERR,ERR,ERR,ERR,ERR,ERR,ERR,ERR,ERR,ERR,ERR,ERR,ERR,ERR,ERR,ERR,ERR,ERR,ERR,ERR,ERR,ERR,ERR,ERR,ERR,ERR,ERR,ERR,ERR,ERR,ERR,ERR,ERR,ERR,ERR,ERR,ERR,ERR,ERR,ERR,ERR,ERR,ERR,ERR,ERR,ERR,ERR,ERR,ERR,ERR,ERR,ERR,ERR,-107615288.0,-107615296.0,0.0,0.0,0.0,1.3936040501711995e+18,7.805,0.0,0,0,4,0,8422,0.0,45,0.0,0.0,0.0,0.0,0.0,0,0,0,0,0.0,0,0,0,0,0,0,0,0,0,0,0,0,0,0,0,0,0,0,0,0,0,0,0,0,0,0,0,0,0,0,0,0,0,38,14,7,45,65476,0,300,0,0,8,21553,0.0,-107605600.0,0.0,0.0,0.0,0.0,0.0,0.0,0.0,0.0,0.0,0.0,0.0,0.0,0.0,0.0,0.0,0.0,0.0,0.0,0.0,0.0,-2.004,0.0,2.004,0.0,0.0,0.0,0.0,0.0,5083.0,0.0,0.0,0.0,-107615296.0,-107615280.0,0.0,0.0,0.0,0.0,0.0,53,-0.0,5.8480564754410164e+35,0.0,0.0,0.0,0.0,0.0,0.0,0.0,0,0,0,0.0,0.0,0.0,0.0,0.0,0.0,0.0,0.0,0.0,0.0,0.0,0.0,0.0,0.0,0.0,0.0,0,-107875648.0,53,0.0,106,-107614832.0,0.0,ERR,ERR,ERR,ERR,ERR,ERR,ERR,ERR,ERR,ERR,ERR,ERR,ERR,ERR,ERR,ERR,ERR,ERR,ERR,ERR,ERR,ERR,ERR,ERR,ERR,ERR,ERR,ERR,ERR,ERR,ERR,ERR,ERR,ERR,ERR,ERR,ERR,ERR,ERR,ERR,ERR,ERR,ERR,ERR,ERR,ERR,ERR,ERR,ERR,ERR,ERR,ERR,ERR,ERR,ERR,ERR,ERR,ERR,ERR,ERR,ERR,ERR,ERR,ERR,ERR,ERR,ERR,50.0,60.0,100,0.0,0.0,0.0,0.0,0.0,0.0,0.0,0.0,0.0,0.0,0.0,0.0,0.0,0.0,0.0,0.0,61.6,74,13,65512,50,65476,0,300,0,0,8,20529,65476,0,0,26214,60.0,0.0,0.0,0.0,0.0,0.0
2026-05-17T18:13:09,ERR,ERR,ERR,ERR,ERR,ERR,ERR,ERR,ERR,ERR,ERR,ERR,ERR,ERR,ERR,ERR,ERR,ERR,ERR,ERR,ERR,ERR,ERR,ERR,ERR,ERR,ERR,ERR,ERR,ERR,ERR,ERR,ERR,ERR,ERR,ERR,ERR,ERR,ERR,ERR,ERR,ERR,ERR,ERR,ERR,ERR,ERR,ERR,ERR,ERR,ERR,ERR,ERR,ERR,ERR,ERR,ERR,ERR,ERR,ERR,ERR,ERR,ERR,ERR,ERR,ERR,ERR,ERR,ERR,ERR,ERR,ERR,ERR,ERR,ERR,ERR,ERR,ERR,ERR,ERR,ERR,ERR,ERR,ERR,ERR,ERR,ERR,ERR,ERR,ERR,ERR,ERR,ERR,ERR,ERR,ERR,ERR,ERR,ERR,ERR,ERR,ERR,ERR,ERR,ERR,ERR,ERR,ERR,ERR,ERR,ERR,ERR,ERR,ERR,ERR,ERR,ERR,ERR,ERR,ERR,ERR,ERR,ERR,ERR,ERR,-107615288.0,-107615296.0,0.0,0.0,0.0,1.3936040501711995e+18,7.805,0.0,0,0,4,0,8422,0.0,45,0.0,0.0,0.0,0.0,0.0,0,0,0,0,0.0,0,0,0,0,0,0,0,0,0,0,0,0,0,0,0,0,0,0,0,0,0,0,0,0,0,0,0,0,0,0,0,0,0,38,14,7,45,65476,0,300,0,0,8,21553,0.0,-107605600.0,0.0,0.0,0.0,0.0,0.0,0.0,0.0,0.0,0.0,0.0,0.0,0.0,0.0,0.0,0.0,0.0,0.0,0.0,0.0,0.0,-2.004,0.0,2.004,0.0,0.0,0.0,0.0,0.0,5083.0,0.0,0.0,0.0,-107615296.0,-107615280.0,0.0,0.0,0.0,0.0,0.0,53,-0.0,5.8480564754410164e+35,0.0,0.0,0.0,0.0,0.0,0.0,0.0,0,0,0,0.0,0.0,0.0,0.0,0.0,0.0,0.0,0.0,0.0,0.0,0.0,0.0,0.0,0.0,0.0,0.0,0,-107875648.0,53,0.0,106,-107614832.0,0.0,ERR,ERR,ERR,ERR,ERR,ERR,ERR,ERR,ERR,ERR,ERR,ERR,ERR,ERR,ERR,ERR,ERR,ERR,ERR,ERR,ERR,ERR,ERR,ERR,ERR,ERR,ERR,ERR,ERR,ERR,ERR,ERR,ERR,ERR,ERR,ERR,ERR,ERR,ERR,ERR,ERR,ERR,ERR,ERR,ERR,ERR,ERR,ERR,ERR,ERR,ERR,ERR,ERR,ERR,ERR,ERR,ERR,ERR,ERR,ERR,ERR,ERR,ERR,ERR,ERR,ERR,ERR,50.0,60.0,100,0.0,0.0,0.0,0.0,0.0,0.0,0.0,0.0,0.0,0.0,0.0,0.0,0.0,0.0,0.0,0.0,61.6,74,13,65511,50,65476,0,300,0,0,8,20529,65476,0,0,26214,60.0,0.0,0.0,0.0,0.0,0.0
2026-05-17T18:13:10,ERR,ERR,ERR,ERR,ERR,ERR,ERR,ERR,ERR,ERR,ERR,ERR,ERR,ERR,ERR,ERR,ERR,ERR,ERR,ERR,ERR,ERR,ERR,ERR,ERR,ERR,ERR,ERR,ERR,ERR,ERR,ERR,ERR,ERR,ERR,ERR,ERR,ERR,ERR,ERR,ERR,ERR,ERR,ERR,ERR,ERR,ERR,ERR,ERR,ERR,ERR,ERR,ERR,ERR,ERR,ERR,ERR,ERR,ERR,ERR,ERR,ERR,ERR,ERR,ERR,ERR,ERR,ERR,ERR,ERR,ERR,ERR,ERR,ERR,ERR,ERR,ERR,ERR,ERR,ERR,ERR,ERR,ERR,ERR,ERR,ERR,ERR,ERR,ERR,ERR,ERR,ERR,ERR,ERR,ERR,ERR,ERR,ERR,ERR,ERR,ERR,ERR,ERR,ERR,ERR,ERR,ERR,ERR,ERR,ERR,ERR,ERR,ERR,ERR,ERR,ERR,ERR,ERR,ERR,ERR,ERR,ERR,ERR,ERR,ERR,-107615288.0,-107615296.0,0.0,0.0,0.0,1.3936040501711995e+18,7.805,0.0,0,0,4,0,8422,0.0,45,0.0,0.0,0.0,0.0,0.0,0,0,0,0,0.0,0,0,0,0,0,0,0,0,0,0,0,0,0,0,0,0,0,0,0,0,0,0,0,0,0,0,0,0,0,0,0,0,0,38,14,7,45,65476,0,300,0,0,8,21553,0.0,-107605600.0,0.0,0.0,0.0,0.0,0.0,0.0,0.0,0.0,0.0,0.0,0.0,0.0,0.0,0.0,0.0,0.0,0.0,0.0,0.0,0.0,-2.004,0.0,2.004,0.0,0.0,0.0,0.0,0.0,5083.0,0.0,0.0,0.0,-107615296.0,-107615280.0,0.0,0.0,0.0,0.0,0.0,53,-0.0,5.8480564754410164e+35,0.0,0.0,0.0,0.0,0.0,0.0,0.0,0,0,0,0.0,0.0,0.0,0.0,0.0,0.0,0.0,0.0,0.0,0.0,0.0,0.0,0.0,0.0,0.0,0.0,0,-107875648.0,53,0.0,106,-107614832.0,0.0,ERR,ERR,ERR,ERR,ERR,ERR,ERR,ERR,ERR,ERR,ERR,ERR,ERR,ERR,ERR,ERR,ERR,ERR,ERR,ERR,ERR,ERR,ERR,ERR,ERR,ERR,ERR,ERR,ERR,ERR,ERR,ERR,ERR,ERR,ERR,ERR,ERR,ERR,ERR,ERR,ERR,ERR,ERR,ERR,ERR,ERR,ERR,ERR,ERR,ERR,ERR,ERR,ERR,ERR,ERR,ERR,ERR,ERR,ERR,ERR,ERR,ERR,ERR,ERR,ERR,ERR,ERR,50.0,60.0,100,0.0,0.0,0.0,0.0,0.0,0.0,0.0,0.0,0.0,0.0,0.0,0.0,0.0,0.0,0.0,0.0,62.0,74,13,65511,50,65476,0,300,0,0,8,20529,65476,0,0,26214,60.0,0.0,0.0,0.0,0.0,0.0
2026-05-17T18:13:11,ERR,ERR,ERR,ERR,ERR,ERR,ERR,ERR,ERR,ERR,ERR,ERR,ERR,ERR,ERR,ERR,ERR,ERR,ERR,ERR,ERR,ERR,ERR,ERR,ERR,ERR,ERR,ERR,ERR,ERR,ERR,ERR,ERR,ERR,ERR,ERR,ERR,ERR,ERR,ERR,ERR,ERR,ERR,ERR,ERR,ERR,ERR,ERR,ERR,ERR,ERR,ERR,ERR,ERR,ERR,ERR,ERR,ERR,ERR,ERR,ERR,ERR,ERR,ERR,ERR,ERR,ERR,ERR,ERR,ERR,ERR,ERR,ERR,ERR,ERR,ERR,ERR,ERR,ERR,ERR,ERR,ERR,ERR,ERR,ERR,ERR,ERR,ERR,ERR,ERR,ERR,ERR,ERR,ERR,ERR,ERR,ERR,ERR,ERR,ERR,ERR,ERR,ERR,ERR,ERR,ERR,ERR,ERR,ERR,ERR,ERR,ERR,ERR,ERR,ERR,ERR,ERR,ERR,ERR,ERR,ERR,ERR,ERR,ERR,ERR,-107615288.0,-107615296.0,0.0,0.0,0.0,1.3936040501711995e+18,7.805,0.0,0,0,4,0,8422,0.0,45,0.0,0.0,0.0,0.0,0.0,0,0,0,0,0.0,0,0,0,0,0,0,0,0,0,0,0,0,0,0,0,0,0,0,0,0,0,0,0,0,0,0,0,0,0,0,0,0,0,38,14,7,45,65476,0,300,0,0,8,21553,0.0,-107605600.0,0.0,0.0,0.0,0.0,0.0,0.0,0.0,0.0,0.0,0.0,0.0,0.0,0.0,0.0,0.0,0.0,0.0,0.0,0.0,0.0,-2.004,0.0,2.004,0.0,0.0,0.0,0.0,0.0,5083.0,0.0,0.0,0.0,-107615296.0,-107615280.0,0.0,0.0,0.0,0.0,0.0,53,-0.0,5.8480564754410164e+35,0.0,0.0,0.0,0.0,0.0,0.0,0.0,0,0,0,0.0,0.0,0.0,0.0,0.0,0.0,0.0,0.0,0.0,0.0,0.0,0.0,0.0,0.0,0.0,0.0,0,-107875648.0,53,0.0,106,-107614832.0,0.0,ERR,ERR,ERR,ERR,ERR,ERR,ERR,ERR,ERR,ERR,ERR,ERR,ERR,ERR,ERR,ERR,ERR,ERR,ERR,ERR,ERR,ERR,ERR,ERR,ERR,ERR,ERR,ERR,ERR,ERR,ERR,ERR,ERR,ERR,ERR,ERR,ERR,ERR,ERR,ERR,ERR,ERR,ERR,ERR,ERR,ERR,ERR,ERR,ERR,ERR,ERR,ERR,ERR,ERR,ERR,ERR,ERR,ERR,ERR,ERR,ERR,ERR,ERR,ERR,ERR,ERR,ERR,50.0,60.0,100,0.0,0.0,0.0,0.0,0.0,0.0,0.0,0.0,0.0,0.0,0.0,0.0,0.0,0.0,0.0,0.0,62.0,74,13,65511,50,65476,0,300,0,0,8,20529,65476,0,0,26214,60.0,0.0,0.0,0.0,0.0,0.0
2026-05-17T18:13:12,ERR,ERR,ERR,ERR,ERR,ERR,ERR,ERR,ERR,ERR,ERR,ERR,ERR,ERR,ERR,ERR,ERR,ERR,ERR,ERR,ERR,ERR,ERR,ERR,ERR,ERR,ERR,ERR,ERR,ERR,ERR,ERR,ERR,ERR,ERR,ERR,ERR,ERR,ERR,ERR,ERR,ERR,ERR,ERR,ERR,ERR,ERR,ERR,ERR,ERR,ERR,ERR,ERR,ERR,ERR,ERR,ERR,ERR,ERR,ERR,ERR,ERR,ERR,ERR,ERR,ERR,ERR,ERR,ERR,ERR,ERR,ERR,ERR,ERR,ERR,ERR,ERR,ERR,ERR,ERR,ERR,ERR,ERR,ERR,ERR,ERR,ERR,ERR,ERR,ERR,ERR,ERR,ERR,ERR,ERR,ERR,ERR,ERR,ERR,ERR,ERR,ERR,ERR,ERR,ERR,ERR,ERR,ERR,ERR,ERR,ERR,ERR,ERR,ERR,ERR,ERR,ERR,ERR,ERR,ERR,ERR,ERR,ERR,ERR,ERR,0.0,-107615296.0,-134474944.0,0.0,0.0,1.3936040501711995e+18,7.805,0.0,0,0,4,0,8422,0.0,45,0.0,0.0,0.0,0.0,0.0,0,0,0,0,0.0,0,0,0,0,0,0,0,0,0,0,0,0,0,0,0,0,0,0,0,0,0,0,0,0,0,0,0,0,0,0,0,0,0,38,14,7,45,65476,0,300,0,0,8,21553,0.0,-107605600.0,0.0,0.0,0.0,0.0,0.0,0.0,0.0,0.0,0.0,0.0,0.0,0.0,0.0,0.0,0.0,0.0,0.0,0.0,0.0,0.0,0.0,0.0,-0.0,0.0,0.0,0.0,0.0,0.0,5083.0,0.0,0.0,0.0,-107615296.0,-107615280.0,2.718429300292151e+23,0.0,0.0,0.0,0.0,53,-0.0,89220.578,0.0,0.0,0.0,0.0,0.0,0.0,0.0,0,0,0,0.0,0.0,0.0,0.0,0.0,0.0,0.0,0.0,0.0,0.0,0.0,0.0,0.0,0.0,0.0,0.0,0,-107875648.0,53,0.0,106,-107614832.0,0.0,ERR,ERR,ERR,ERR,ERR,ERR,ERR,ERR,ERR,ERR,ERR,ERR,ERR,ERR,ERR,ERR,ERR,ERR,ERR,ERR,ERR,ERR,ERR,ERR,ERR,ERR,ERR,ERR,ERR,ERR,ERR,ERR,ERR,ERR,ERR,ERR,ERR,ERR,ERR,ERR,ERR,ERR,ERR,ERR,ERR,ERR,ERR,ERR,ERR,ERR,ERR,ERR,ERR,ERR,ERR,ERR,ERR,ERR,ERR,ERR,ERR,ERR,ERR,ERR,ERR,ERR,ERR,50.0,60.0,100,0.0,0.0,0.0,0.0,0.0,0.0,0.0,0.0,0.0,0.0,0.0,0.0,0.0,0.0,0.0,0.0,62.0,74,13,65511,50,65476,0,300,0,0,8,20529,65476,0,0,26214,60.0,0.0,0.0,0.0,0.0,0.0
2026-05-17T18:13:13,ERR,ERR,ERR,ERR,ERR,ERR,ERR,ERR,ERR,ERR,ERR,ERR,ERR,ERR,ERR,ERR,ERR,ERR,ERR,ERR,ERR,ERR,ERR,ERR,ERR,ERR,ERR,ERR,ERR,ERR,ERR,ERR,ERR,ERR,ERR,ERR,ERR,ERR,ERR,ERR,ERR,ERR,ERR,ERR,ERR,ERR,ERR,ERR,ERR,ERR,ERR,ERR,ERR,ERR,ERR,ERR,ERR,ERR,ERR,ERR,ERR,ERR,ERR,ERR,ERR,ERR,ERR,ERR,ERR,ERR,ERR,ERR,ERR,ERR,ERR,ERR,ERR,ERR,ERR,ERR,ERR,ERR,ERR,ERR,ERR,ERR,ERR,ERR,ERR,ERR,ERR,ERR,ERR,ERR,ERR,ERR,ERR,ERR,ERR,ERR,ERR,ERR,ERR,ERR,ERR,ERR,ERR,ERR,ERR,ERR,ERR,ERR,ERR,ERR,ERR,ERR,ERR,ERR,ERR,ERR,ERR,ERR,ERR,ERR,ERR,0.0,-107615296.0,-134474944.0,0.0,0.0,1.3936040501711995e+18,7.805,0.0,0,0,4,0,8422,0.0,45,0.0,0.0,0.0,0.0,0.0,0,0,0,0,0.0,0,0,0,0,0,0,0,0,0,0,0,0,0,0,0,0,0,0,0,0,0,0,0,0,0,0,0,0,0,0,0,0,0,38,14,7,45,65476,0,300,0,0,8,21553,0.0,-107605600.0,0.0,0.0,0.0,0.0,0.0,0.0,0.0,0.0,0.0,0.0,0.0,0.0,0.0,0.0,0.0,0.0,0.0,0.0,0.0,0.0,0.0,0.0,-0.0,0.0,0.0,0.0,0.0,0.0,5083.0,0.0,0.0,0.0,-107615296.0,-107615280.0,2.718429300292151e+23,0.0,0.0,0.0,0.0,53,-0.0,89220.578,0.0,0.0,0.0,0.0,0.0,0.0,0.0,0,0,0,0.0,0.0,0.0,0.0,0.0,0.0,0.0,0.0,0.0,0.0,0.0,0.0,0.0,0.0,0.0,0.0,0,-107875648.0,53,0.0,106,-107614832.0,0.0,ERR,ERR,ERR,ERR,ERR,ERR,ERR,ERR,ERR,ERR,ERR,ERR,ERR,ERR,ERR,ERR,ERR,ERR,ERR,ERR,ERR,ERR,ERR,ERR,ERR,ERR,ERR,ERR,ERR,ERR,ERR,ERR,ERR,ERR,ERR,ERR,ERR,ERR,ERR,ERR,ERR,ERR,ERR,ERR,ERR,ERR,ERR,ERR,ERR,ERR,ERR,ERR,ERR,ERR,ERR,ERR,ERR,ERR,ERR,ERR,ERR,ERR,ERR,ERR,ERR,ERR,ERR,50.0,60.0,100,0.0,0.0,0.0,0.0,0.0,0.0,0.0,0.0,0.0,0.0,0.0,0.0,0.0,0.0,0.0,0.0,62.0,74,13,65511,50,65476,0,300,0,0,8,20529,65476,0,0,26214,60.0,0.0,0.0,0.0,0.0,0.0
2026-05-17T18:13:14,ERR,ERR,ERR,ERR,ERR,ERR,ERR,ERR,ERR,ERR,ERR,ERR,ERR,ERR,ERR,ERR,ERR,ERR,ERR,ERR,ERR,ERR,ERR,ERR,ERR,ERR,ERR,ERR,ERR,ERR,ERR,ERR,ERR,ERR,ERR,ERR,ERR,ERR,ERR,ERR,ERR,ERR,ERR,ERR,ERR,ERR,ERR,ERR,ERR,ERR,ERR,ERR,ERR,ERR,ERR,ERR,ERR,ERR,ERR,ERR,ERR,ERR,ERR,ERR,ERR,ERR,ERR,ERR,ERR,ERR,ERR,ERR,ERR,ERR,ERR,ERR,ERR,ERR,ERR,ERR,ERR,ERR,ERR,ERR,ERR,ERR,ERR,ERR,ERR,ERR,ERR,ERR,ERR,ERR,ERR,ERR,ERR,ERR,ERR,ERR,ERR,ERR,ERR,ERR,ERR,ERR,ERR,ERR,ERR,ERR,ERR,ERR,ERR,ERR,ERR,ERR,ERR,ERR,ERR,ERR,ERR,ERR,ERR,ERR,ERR,0.0,-107615296.0,-134474944.0,0.0,0.0,1.3936040501711995e+18,7.805,0.0,0,0,4,0,8422,0.0,45,0.0,0.0,0.0,0.0,0.0,0,0,0,0,0.0,0,0,0,0,0,0,0,0,0,0,0,0,0,0,0,0,0,0,0,0,0,0,0,0,0,0,0,0,0,0,0,0,0,38,14,7,45,65476,0,300,0,0,8,21553,0.0,-107605600.0,0.0,0.0,0.0,0.0,0.0,0.0,0.0,0.0,0.0,0.0,0.0,0.0,0.0,0.0,0.0,0.0,0.0,0.0,0.0,0.0,0.0,0.0,-0.0,0.0,0.0,0.0,0.0,0.0,5083.0,0.0,0.0,0.0,-107615296.0,-107615280.0,2.718429300292151e+23,0.0,0.0,0.0,0.0,53,-0.0,89220.578,0.0,0.0,0.0,0.0,0.0,0.0,0.0,0,0,0,0.0,0.0,0.0,0.0,0.0,0.0,0.0,0.0,0.0,0.0,0.0,0.0,0.0,0.0,0.0,0.0,0,-107875648.0,53,0.0,106,-107614832.0,0.0,ERR,ERR,ERR,ERR,ERR,ERR,ERR,ERR,ERR,ERR,ERR,ERR,ERR,ERR,ERR,ERR,ERR,ERR,ERR,ERR,ERR,ERR,ERR,ERR,ERR,ERR,ERR,ERR,ERR,ERR,ERR,ERR,ERR,ERR,ERR,ERR,ERR,ERR,ERR,ERR,ERR,ERR,ERR,ERR,ERR,ERR,ERR,ERR,ERR,ERR,ERR,ERR,ERR,ERR,ERR,ERR,ERR,ERR,ERR,ERR,ERR,ERR,ERR,ERR,ERR,ERR,ERR,50.0,60.0,100,0.0,0.0,0.0,0.0,0.0,0.0,0.0,0.0,0.0,0.0,0.0,0.0,0.0,0.0,0.0,0.0,61.6,74,13,65511,50,65476,0,300,0,0,8,20529,65476,0,0,26214,60.0,0.0,0.0,0.0,0.0,0.0
2026-05-17T18:13:15,ERR,ERR,ERR,ERR,ERR,ERR,ERR,ERR,ERR,ERR,ERR,ERR,ERR,ERR,ERR,ERR,ERR,ERR,ERR,ERR,ERR,ERR,ERR,ERR,ERR,ERR,ERR,ERR,ERR,ERR,ERR,ERR,ERR,ERR,ERR,ERR,ERR,ERR,ERR,ERR,ERR,ERR,ERR,ERR,ERR,ERR,ERR,ERR,ERR,ERR,ERR,ERR,ERR,ERR,ERR,ERR,ERR,ERR,ERR,ERR,ERR,ERR,ERR,ERR,ERR,ERR,ERR,ERR,ERR,ERR,ERR,ERR,ERR,ERR,ERR,ERR,ERR,ERR,ERR,ERR,ERR,ERR,ERR,ERR,ERR,ERR,ERR,ERR,ERR,ERR,ERR,ERR,ERR,ERR,ERR,ERR,ERR,ERR,ERR,ERR,ERR,ERR,ERR,ERR,ERR,ERR,ERR,ERR,ERR,ERR,ERR,ERR,ERR,ERR,ERR,ERR,ERR,ERR,ERR,ERR,ERR,ERR,ERR,ERR,ERR,0.0,-107615296.0,-134474944.0,0.0,0.0,1.3936040501711995e+18,7.805,0.0,0,0,4,0,8422,0.0,45,0.0,0.0,0.0,0.0,0.0,0,0,0,0,0.0,0,0,0,0,0,0,0,0,0,0,0,0,0,0,0,0,0,0,0,0,0,0,0,0,0,0,0,0,0,0,0,0,0,38,14,7,45,65476,0,300,0,0,8,21553,0.0,-107605600.0,0.0,0.0,0.0,0.0,0.0,0.0,0.0,0.0,0.0,0.0,0.0,0.0,0.0,0.0,0.0,0.0,0.0,0.0,0.0,0.0,0.0,0.0,-0.0,0.0,0.0,0.0,0.0,0.0,5083.0,0.0,0.0,0.0,-107615296.0,-107615280.0,2.718429300292151e+23,0.0,0.0,0.0,0.0,53,-0.0,89220.578,0.0,0.0,0.0,0.0,0.0,0.0,0.0,0,0,0,0.0,0.0,0.0,0.0,0.0,0.0,0.0,0.0,0.0,0.0,0.0,0.0,0.0,0.0,0.0,0.0,0,-107875648.0,53,0.0,106,-107614832.0,0.0,ERR,ERR,ERR,ERR,ERR,ERR,ERR,ERR,ERR,ERR,ERR,ERR,ERR,ERR,ERR,ERR,ERR,ERR,ERR,ERR,ERR,ERR,ERR,ERR,ERR,ERR,ERR,ERR,ERR,ERR,ERR,ERR,ERR,ERR,ERR,ERR,ERR,ERR,ERR,ERR,ERR,ERR,ERR,ERR,ERR,ERR,ERR,ERR,ERR,ERR,ERR,ERR,ERR,ERR,ERR,ERR,ERR,ERR,ERR,ERR,ERR,ERR,ERR,ERR,ERR,ERR,ERR,50.0,60.0,100,0.0,0.0,0.0,0.0,0.0,0.0,0.0,0.0,0.0,0.0,0.0,0.0,0.0,0.0,0.0,0.0,61.6,74,13,65511,50,65476,0,300,0,0,8,20529,65476,0,0,26214,60.0,0.0,0.0,0.0,0.0,0.0
2026-05-17T18:13:16,ERR,ERR,ERR,ERR,ERR,ERR,ERR,ERR,ERR,ERR,ERR,ERR,ERR,ERR,ERR,ERR,ERR,ERR,ERR,ERR,ERR,ERR,ERR,ERR,ERR,ERR,ERR,ERR,ERR,ERR,ERR,ERR,ERR,ERR,ERR,ERR,ERR,ERR,ERR,ERR,ERR,ERR,ERR,ERR,ERR,ERR,ERR,ERR,ERR,ERR,ERR,ERR,ERR,ERR,ERR,ERR,ERR,ERR,ERR,ERR,ERR,ERR,ERR,ERR,ERR,ERR,ERR,ERR,ERR,ERR,ERR,ERR,ERR,ERR,ERR,ERR,ERR,ERR,ERR,ERR,ERR,ERR,ERR,ERR,ERR,ERR,ERR,ERR,ERR,ERR,ERR,ERR,ERR,ERR,ERR,ERR,ERR,ERR,ERR,ERR,ERR,ERR,ERR,ERR,ERR,ERR,ERR,ERR,ERR,ERR,ERR,ERR,ERR,ERR,ERR,ERR,ERR,ERR,ERR,ERR,ERR,ERR,ERR,ERR,ERR,0.0,-107615296.0,-134474944.0,0.0,0.0,1.3936040501711995e+18,7.805,0.0,0,0,4,0,8422,0.0,45,0.0,0.0,0.0,0.0,0.0,0,0,0,0,0.0,0,0,0,0,0,0,0,0,0,0,0,0,0,0,0,0,0,0,0,0,0,0,0,0,0,0,0,0,0,0,0,0,0,38,14,7,45,65476,0,300,0,0,8,21553,0.0,-107605600.0,0.0,0.0,0.0,0.0,0.0,0.0,0.0,0.0,0.0,0.0,0.0,0.0,0.0,0.0,0.0,0.0,0.0,0.0,0.0,0.0,0.0,0.0,-0.0,0.0,0.0,0.0,0.0,0.0,5083.0,0.0,0.0,0.0,-107615296.0,-107615280.0,2.718429300292151e+23,0.0,0.0,0.0,0.0,53,-0.0,89220.578,0.0,0.0,0.0,0.0,0.0,0.0,0.0,0,0,0,0.0,0.0,0.0,0.0,0.0,0.0,0.0,0.0,0.0,0.0,0.0,0.0,0.0,0.0,0.0,0.0,0,-107875648.0,53,0.0,106,-107614832.0,0.0,ERR,ERR,ERR,ERR,ERR,ERR,ERR,ERR,ERR,ERR,ERR,ERR,ERR,ERR,ERR,ERR,ERR,ERR,ERR,ERR,ERR,ERR,ERR,ERR,ERR,ERR,ERR,ERR,ERR,ERR,ERR,ERR,ERR,ERR,ERR,ERR,ERR,ERR,ERR,ERR,ERR,ERR,ERR,ERR,ERR,ERR,ERR,ERR,ERR,ERR,ERR,ERR,ERR,ERR,ERR,ERR,ERR,ERR,ERR,ERR,ERR,ERR,ERR,ERR,ERR,ERR,ERR,50.0,60.0,100,0.0,0.0,0.0,0.0,0.0,0.0,0.0,0.0,0.0,0.0,0.0,0.0,0.0,0.0,0.0,0.0,61.6,74,13,65511,50,65476,0,300,0,0,8,20529,65476,0,0,26214,60.0,0.0,0.0,0.0,0.0,0.0
2026-05-17T18:13:17,ERR,ERR,ERR,ERR,ERR,ERR,ERR,ERR,ERR,ERR,ERR,ERR,ERR,ERR,ERR,ERR,ERR,ERR,ERR,ERR,ERR,ERR,ERR,ERR,ERR,ERR,ERR,ERR,ERR,ERR,ERR,ERR,ERR,ERR,ERR,ERR,ERR,ERR,ERR,ERR,ERR,ERR,ERR,ERR,ERR,ERR,ERR,ERR,ERR,ERR,ERR,ERR,ERR,ERR,ERR,ERR,ERR,ERR,ERR,ERR,ERR,ERR,ERR,ERR,ERR,ERR,ERR,ERR,ERR,ERR,ERR,ERR,ERR,ERR,ERR,ERR,ERR,ERR,ERR,ERR,ERR,ERR,ERR,ERR,ERR,ERR,ERR,ERR,ERR,ERR,ERR,ERR,ERR,ERR,ERR,ERR,ERR,ERR,ERR,ERR,ERR,ERR,ERR,ERR,ERR,ERR,ERR,ERR,ERR,ERR,ERR,ERR,ERR,ERR,ERR,ERR,ERR,ERR,ERR,ERR,ERR,ERR,ERR,ERR,ERR,0.0,-107615296.0,-134474944.0,0.0,0.0,1.3936040501711995e+18,7.805,0.0,0,0,4,0,8422,0.0,45,0.0,0.0,0.0,0.0,0.0,0,0,0,0,0.0,0,0,0,0,0,0,0,0,0,0,0,0,0,0,0,0,0,0,0,0,0,0,0,0,0,0,0,0,0,0,0,0,0,38,14,7,45,65476,0,300,0,0,8,21553,0.0,-107605600.0,0.0,0.0,0.0,0.0,0.0,0.0,0.0,0.0,0.0,0.0,0.0,0.0,0.0,0.0,0.0,0.0,0.0,0.0,0.0,0.0,0.0,0.0,-0.0,0.0,0.0,0.0,0.0,0.0,5083.0,2.004,0.0,0.0,-107615296.0,-107615280.0,2.718429300292151e+23,0.0,0.0,0.0,0.0,53,-0.0,-0.0,0.0,0.0,0.0,0.0,0.0,0.0,0.0,0,0,0,0.0,0.0,0.0,0.0,0.0,0.0,0.0,0.0,0.0,0.0,0.0,0.0,0.0,0.0,0.0,0.0,0,-107875648.0,53,0.0,106,-107614832.0,0.0,ERR,ERR,ERR,ERR,ERR,ERR,ERR,ERR,ERR,ERR,ERR,ERR,ERR,ERR,ERR,ERR,ERR,ERR,ERR,ERR,ERR,ERR,ERR,ERR,ERR,ERR,ERR,ERR,ERR,ERR,ERR,ERR,ERR,ERR,ERR,ERR,ERR,ERR,ERR,ERR,ERR,ERR,ERR,ERR,ERR,ERR,ERR,ERR,ERR,ERR,ERR,ERR,ERR,ERR,ERR,ERR,ERR,ERR,ERR,ERR,ERR,ERR,ERR,ERR,ERR,ERR,ERR,50.0,60.0,100,0.0,0.0,0.0,0.0,0.0,0.0,0.0,0.0,0.0,0.0,0.0,0.0,0.0,0.0,0.0,0.0,61.6,74,13,65511,50,65476,0,300,0,0,8,20529,65476,0,0,26214,60.0,0.0,0.0,0.0,0.0,0.0
2026-05-17T18:13:18,ERR,ERR,ERR,ERR,ERR,ERR,ERR,ERR,ERR,ERR,ERR,ERR,ERR,ERR,ERR,ERR,ERR,ERR,ERR,ERR,ERR,ERR,ERR,ERR,ERR,ERR,ERR,ERR,ERR,ERR,ERR,ERR,ERR,ERR,ERR,ERR,ERR,ERR,ERR,ERR,ERR,ERR,ERR,ERR,ERR,ERR,ERR,ERR,ERR,ERR,ERR,ERR,ERR,ERR,ERR,ERR,ERR,ERR,ERR,ERR,ERR,ERR,ERR,ERR,ERR,ERR,ERR,ERR,ERR,ERR,ERR,ERR,ERR,ERR,ERR,ERR,ERR,ERR,ERR,ERR,ERR,ERR,ERR,ERR,ERR,ERR,ERR,ERR,ERR,ERR,ERR,ERR,ERR,ERR,ERR,ERR,ERR,ERR,ERR,ERR,ERR,ERR,ERR,ERR,ERR,ERR,ERR,ERR,ERR,ERR,ERR,ERR,ERR,ERR,ERR,ERR,ERR,ERR,ERR,ERR,ERR,ERR,ERR,ERR,ERR,0.0,-107615296.0,-134474944.0,0.0,0.0,1.3936040501711995e+18,7.805,0.0,0,0,4,0,8422,0.0,45,0.0,0.0,0.0,0.0,0.0,0,0,0,0,0.0,0,0,0,0,0,0,0,0,0,0,0,0,0,0,0,0,0,0,0,0,0,0,0,0,0,0,0,0,0,0,0,0,0,38,14,7,45,65476,0,300,0,0,8,21553,0.0,-107605600.0,0.0,0.0,0.0,0.0,0.0,0.0,0.0,0.0,0.0,0.0,0.0,0.0,0.0,0.0,0.0,0.0,0.0,0.0,0.0,0.0,0.0,0.0,-0.0,0.0,0.0,0.0,0.0,0.0,5083.0,2.004,0.0,0.0,-107615296.0,-107615280.0,2.718429300292151e+23,0.0,0.0,0.0,0.0,53,-0.0,-0.0,0.0,0.0,0.0,0.0,0.0,0.0,0.0,0,0,0,0.0,0.0,0.0,0.0,0.0,0.0,0.0,0.0,0.0,0.0,0.0,0.0,0.0,0.0,0.0,0.0,0,-107875648.0,53,0.0,106,-107614832.0,0.0,ERR,ERR,ERR,ERR,ERR,ERR,ERR,ERR,ERR,ERR,ERR,ERR,ERR,ERR,ERR,ERR,ERR,ERR,ERR,ERR,ERR,ERR,ERR,ERR,ERR,ERR,ERR,ERR,ERR,ERR,ERR,ERR,ERR,ERR,ERR,ERR,ERR,ERR,ERR,ERR,ERR,ERR,ERR,ERR,ERR,ERR,ERR,ERR,ERR,ERR,ERR,ERR,ERR,ERR,ERR,ERR,ERR,ERR,ERR,ERR,ERR,ERR,ERR,ERR,ERR,ERR,ERR,50.0,60.0,100,0.0,0.0,0.0,0.0,0.0,0.0,0.0,0.0,0.0,0.0,0.0,0.0,0.0,0.0,0.0,0.0,61.6,74,13,65511,50,65476,0,300,0,0,8,20529,65476,0,0,26214,60.0,0.0,0.0,0.0,0.0,0.0
2026-05-17T18:13:19,ERR,ERR,ERR,ERR,ERR,ERR,ERR,ERR,ERR,ERR,ERR,ERR,ERR,ERR,ERR,ERR,ERR,ERR,ERR,ERR,ERR,ERR,ERR,ERR,ERR,ERR,ERR,ERR,ERR,ERR,ERR,ERR,ERR,ERR,ERR,ERR,ERR,ERR,ERR,ERR,ERR,ERR,ERR,ERR,ERR,ERR,ERR,ERR,ERR,ERR,ERR,ERR,ERR,ERR,ERR,ERR,ERR,ERR,ERR,ERR,ERR,ERR,ERR,ERR,ERR,ERR,ERR,ERR,ERR,ERR,ERR,ERR,ERR,ERR,ERR,ERR,ERR,ERR,ERR,ERR,ERR,ERR,ERR,ERR,ERR,ERR,ERR,ERR,ERR,ERR,ERR,ERR,ERR,ERR,ERR,ERR,ERR,ERR,ERR,ERR,ERR,ERR,ERR,ERR,ERR,ERR,ERR,ERR,ERR,ERR,ERR,ERR,ERR,ERR,ERR,ERR,ERR,ERR,ERR,ERR,ERR,ERR,ERR,ERR,ERR,0.0,-107615296.0,-134474944.0,0.0,0.0,1.3936040501711995e+18,7.805,0.0,0,0,4,0,8422,0.0,45,0.0,0.0,0.0,0.0,0.0,0,0,0,0,0.0,0,0,0,0,0,0,0,0,0,0,0,0,0,0,0,0,0,0,0,0,0,0,0,0,0,0,0,0,0,0,0,0,0,38,14,7,45,65476,0,300,0,0,8,21553,0.0,-107605600.0,0.0,0.0,0.0,0.0,0.0,0.0,0.0,0.0,0.0,0.0,0.0,0.0,0.0,0.0,0.0,0.0,0.0,0.0,0.0,0.0,0.0,0.0,-0.0,0.0,0.0,0.0,0.0,0.0,5083.0,2.004,0.0,0.0,-107615296.0,-107615280.0,2.718429300292151e+23,0.0,0.0,0.0,0.0,53,-0.0,-0.0,0.0,0.0,0.0,0.0,0.0,0.0,0.0,0,0,0,0.0,0.0,0.0,0.0,0.0,0.0,0.0,0.0,0.0,0.0,0.0,0.0,0.0,0.0,0.0,0.0,0,-107875648.0,53,0.0,106,-107614832.0,0.0,ERR,ERR,ERR,ERR,ERR,ERR,ERR,ERR,ERR,ERR,ERR,ERR,ERR,ERR,ERR,ERR,ERR,ERR,ERR,ERR,ERR,ERR,ERR,ERR,ERR,ERR,ERR,ERR,ERR,ERR,ERR,ERR,ERR,ERR,ERR,ERR,ERR,ERR,ERR,ERR,ERR,ERR,ERR,ERR,ERR,ERR,ERR,ERR,ERR,ERR,ERR,ERR,ERR,ERR,ERR,ERR,ERR,ERR,ERR,ERR,ERR,ERR,ERR,ERR,ERR,ERR,ERR,50.0,60.0,100,0.0,0.0,0.0,0.0,0.0,0.0,0.0,0.0,0.0,0.0,0.0,0.0,0.0,0.0,0.0,0.0,62.0,74,13,65511,50,65476,0,300,0,0,8,20529,65476,0,0,26214,60.0,0.0,0.0,0.0,0.0,0.0
2026-05-17T18:13:20,ERR,ERR,ERR,ERR,ERR,ERR,ERR,ERR,ERR,ERR,ERR,ERR,ERR,ERR,ERR,ERR,ERR,ERR,ERR,ERR,ERR,ERR,ERR,ERR,ERR,ERR,ERR,ERR,ERR,ERR,ERR,ERR,ERR,ERR,ERR,ERR,ERR,ERR,ERR,ERR,ERR,ERR,ERR,ERR,ERR,ERR,ERR,ERR,ERR,ERR,ERR,ERR,ERR,ERR,ERR,ERR,ERR,ERR,ERR,ERR,ERR,ERR,ERR,ERR,ERR,ERR,ERR,ERR,ERR,ERR,ERR,ERR,ERR,ERR,ERR,ERR,ERR,ERR,ERR,ERR,ERR,ERR,ERR,ERR,ERR,ERR,ERR,ERR,ERR,ERR,ERR,ERR,ERR,ERR,ERR,ERR,ERR,ERR,ERR,ERR,ERR,ERR,ERR,ERR,ERR,ERR,ERR,ERR,ERR,ERR,ERR,ERR,ERR,ERR,ERR,ERR,ERR,ERR,ERR,ERR,ERR,ERR,ERR,ERR,ERR,0.0,-107615296.0,-134474944.0,0.0,0.0,1.3936040501711995e+18,7.805,0.0,0,0,4,0,8422,0.0,45,0.0,0.0,0.0,0.0,0.0,0,0,0,0,0.0,0,0,0,0,0,0,0,0,0,0,0,0,0,0,0,0,0,0,0,0,0,0,0,0,0,0,0,0,0,0,0,0,0,38,14,7,45,65476,0,300,0,0,8,21553,0.0,-107605600.0,0.0,0.0,0.0,0.0,0.0,0.0,0.0,0.0,0.0,0.0,0.0,0.0,0.0,0.0,0.0,0.0,0.0,0.0,0.0,0.0,0.0,0.0,-0.0,0.0,0.0,0.0,0.0,0.0,5083.0,2.004,0.0,0.0,-107615296.0,-107615280.0,2.718429300292151e+23,0.0,0.0,0.0,0.0,53,-0.0,-0.0,0.0,0.0,0.0,0.0,0.0,0.0,0.0,0,0,0,0.0,0.0,0.0,0.0,0.0,0.0,0.0,0.0,0.0,0.0,0.0,0.0,0.0,0.0,0.0,0.0,0,-107875648.0,53,0.0,106,-107614832.0,0.0,ERR,ERR,ERR,ERR,ERR,ERR,ERR,ERR,ERR,ERR,ERR,ERR,ERR,ERR,ERR,ERR,ERR,ERR,ERR,ERR,ERR,ERR,ERR,ERR,ERR,ERR,ERR,ERR,ERR,ERR,ERR,ERR,ERR,ERR,ERR,ERR,ERR,ERR,ERR,ERR,ERR,ERR,ERR,ERR,ERR,ERR,ERR,ERR,ERR,ERR,ERR,ERR,ERR,ERR,ERR,ERR,ERR,ERR,ERR,ERR,ERR,ERR,ERR,ERR,ERR,ERR,ERR,50.0,60.0,100,0.0,0.0,0.0,0.0,0.0,0.0,0.0,0.0,0.0,0.0,0.0,0.0,0.0,0.0,0.0,0.0,62.0,74,13,65511,50,65476,0,300,0,0,8,20529,65476,0,0,26214,60.0,0.0,0.0,0.0,0.0,0.0
2026-05-17T18:13:21,ERR,ERR,ERR,ERR,ERR,ERR,ERR,ERR,ERR,ERR,ERR,ERR,ERR,ERR,ERR,ERR,ERR,ERR,ERR,ERR,ERR,ERR,ERR,ERR,ERR,ERR,ERR,ERR,ERR,ERR,ERR,ERR,ERR,ERR,ERR,ERR,ERR,ERR,ERR,ERR,ERR,ERR,ERR,ERR,ERR,ERR,ERR,ERR,ERR,ERR,ERR,ERR,ERR,ERR,ERR,ERR,ERR,ERR,ERR,ERR,ERR,ERR,ERR,ERR,ERR,ERR,ERR,ERR,ERR,ERR,ERR,ERR,ERR,ERR,ERR,ERR,ERR,ERR,ERR,ERR,ERR,ERR,ERR,ERR,ERR,ERR,ERR,ERR,ERR,ERR,ERR,ERR,ERR,ERR,ERR,ERR,ERR,ERR,ERR,ERR,ERR,ERR,ERR,ERR,ERR,ERR,ERR,ERR,ERR,ERR,ERR,ERR,ERR,ERR,ERR,ERR,ERR,ERR,ERR,ERR,ERR,ERR,ERR,ERR,ERR,0.0,-107615296.0,-134474944.0,0.0,0.0,1.3936040501711995e+18,7.805,0.0,0,0,4,0,8422,0.0,45,0.0,0.0,0.0,0.0,0.0,0,0,0,0,0.0,0,0,0,0,0,0,0,0,0,0,0,0,0,0,0,0,0,0,0,0,0,0,0,0,0,0,0,0,0,0,0,0,0,38,14,7,45,65476,0,300,0,0,8,21553,0.0,-107605600.0,0.0,0.0,0.0,0.0,0.0,0.0,0.0,0.0,0.0,0.0,0.0,0.0,0.0,0.0,0.0,0.0,0.0,0.0,0.0,0.0,0.0,0.0,-0.0,0.0,0.0,0.0,0.0,0.0,5083.0,2.004,0.0,0.0,-107615296.0,-107615280.0,2.718429300292151e+23,0.0,0.0,0.0,0.0,53,-0.0,-0.0,0.0,0.0,0.0,0.0,0.0,0.0,0.0,0,0,0,0.0,0.0,0.0,0.0,0.0,0.0,0.0,0.0,0.0,0.0,0.0,0.0,0.0,0.0,0.0,0.0,0,-107875648.0,53,0.0,106,-107614832.0,0.0,ERR,ERR,ERR,ERR,ERR,ERR,ERR,ERR,ERR,ERR,ERR,ERR,ERR,ERR,ERR,ERR,ERR,ERR,ERR,ERR,ERR,ERR,ERR,ERR,ERR,ERR,ERR,ERR,ERR,ERR,ERR,ERR,ERR,ERR,ERR,ERR,ERR,ERR,ERR,ERR,ERR,ERR,ERR,ERR,ERR,ERR,ERR,ERR,ERR,ERR,ERR,ERR,ERR,ERR,ERR,ERR,ERR,ERR,ERR,ERR,ERR,ERR,ERR,ERR,ERR,ERR,ERR,50.0,60.0,100,0.0,0.0,0.0,0.0,0.0,0.0,0.0,0.0,0.0,0.0,0.0,0.0,0.0,0.0,0.0,0.0,61.6,74,13,65511,50,65476,0,300,0,0,8,20529,65476,0,0,26214,60.0,0.0,0.0,0.0,0.0,0.0
2026-05-17T18:13:22,ERR,ERR,ERR,ERR,ERR,ERR,ERR,ERR,ERR,ERR,ERR,ERR,ERR,ERR,ERR,ERR,ERR,ERR,ERR,ERR,ERR,ERR,ERR,ERR,ERR,ERR,ERR,ERR,ERR,ERR,ERR,ERR,ERR,ERR,ERR,ERR,ERR,ERR,ERR,ERR,ERR,ERR,ERR,ERR,ERR,ERR,ERR,ERR,ERR,ERR,ERR,ERR,ERR,ERR,ERR,ERR,ERR,ERR,ERR,ERR,ERR,ERR,ERR,ERR,ERR,ERR,ERR,ERR,ERR,ERR,ERR,ERR,ERR,ERR,ERR,ERR,ERR,ERR,ERR,ERR,ERR,ERR,ERR,ERR,ERR,ERR,ERR,ERR,ERR,ERR,ERR,ERR,ERR,ERR,ERR,ERR,ERR,ERR,ERR,ERR,ERR,ERR,ERR,ERR,ERR,ERR,ERR,ERR,ERR,ERR,ERR,ERR,ERR,ERR,ERR,ERR,ERR,ERR,ERR,ERR,ERR,ERR,ERR,ERR,ERR,0.0,-107615296.0,-134474944.0,0.0,0.0,1.3936040501711995e+18,7.805,0.0,0,0,4,0,8422,0.0,45,0.0,0.0,0.0,0.0,0.0,0,0,0,0,0.0,0,0,0,0,0,0,0,0,0,0,0,0,0,0,0,0,0,0,0,0,0,0,0,0,0,0,0,0,0,0,0,0,0,38,14,7,45,65476,0,300,0,0,8,21553,0.0,-107605600.0,0.0,0.0,0.0,0.0,0.0,0.0,0.0,0.0,0.0,0.0,0.0,0.0,0.0,0.0,0.0,0.0,0.0,0.0,0.0,0.0,0.0,0.0,-0.0,0.0,0.0,0.0,0.0,0.0,5081.0,0.0,0.0,0.0,-107615296.0,-107615280.0,2.718429300292151e+23,0.0,0.0,0.0,0.0,53,-0.0,2.718417771077105e+23,0.0,0.0,0.0,0.0,0.0,0.0,0.0,0,0,0,0.0,0.0,0.0,0.0,0.0,0.0,0.0,0.0,0.0,0.0,0.0,0.0,0.0,0.0,0.0,0.0,0,-107875648.0,53,0.0,106,-107614832.0,0.0,ERR,ERR,ERR,ERR,ERR,ERR,ERR,ERR,ERR,ERR,ERR,ERR,ERR,ERR,ERR,ERR,ERR,ERR,ERR,ERR,ERR,ERR,ERR,ERR,ERR,ERR,ERR,ERR,ERR,ERR,ERR,ERR,ERR,ERR,ERR,ERR,ERR,ERR,ERR,ERR,ERR,ERR,ERR,ERR,ERR,ERR,ERR,ERR,ERR,ERR,ERR,ERR,ERR,ERR,ERR,ERR,ERR,ERR,ERR,ERR,ERR,ERR,ERR,ERR,ERR,ERR,ERR,50.0,60.0,100,0.0,0.0,0.0,0.0,0.0,0.0,0.0,0.0,0.0,0.0,0.0,0.0,0.0,0.0,0.0,0.0,61.6,74,13,65511,50,65476,0,300,0,0,8,20529,65476,0,0,26214,60.0,0.0,0.0,0.0,0.0,0.0
2026-05-17T18:13:23,ERR,ERR,ERR,ERR,ERR,ERR,ERR,ERR,ERR,ERR,ERR,ERR,ERR,ERR,ERR,ERR,ERR,ERR,ERR,ERR,ERR,ERR,ERR,ERR,ERR,ERR,ERR,ERR,ERR,ERR,ERR,ERR,ERR,ERR,ERR,ERR,ERR,ERR,ERR,ERR,ERR,ERR,ERR,ERR,ERR,ERR,ERR,ERR,ERR,ERR,ERR,ERR,ERR,ERR,ERR,ERR,ERR,ERR,ERR,ERR,ERR,ERR,ERR,ERR,ERR,ERR,ERR,ERR,ERR,ERR,ERR,ERR,ERR,ERR,ERR,ERR,ERR,ERR,ERR,ERR,ERR,ERR,ERR,ERR,ERR,ERR,ERR,ERR,ERR,ERR,ERR,ERR,ERR,ERR,ERR,ERR,ERR,ERR,ERR,ERR,ERR,ERR,ERR,ERR,ERR,ERR,ERR,ERR,ERR,ERR,ERR,ERR,ERR,ERR,ERR,ERR,ERR,ERR,ERR,ERR,ERR,ERR,ERR,ERR,ERR,0.0,-107615296.0,-134474944.0,0.0,0.0,1.3936040501711995e+18,7.805,0.0,0,0,4,0,8422,0.0,45,0.0,0.0,0.0,0.0,0.0,0,0,0,0,0.0,0,0,0,0,0,0,0,0,0,0,0,0,0,0,0,0,0,0,0,0,0,0,0,0,0,0,0,0,0,0,0,0,0,38,14,7,45,65476,0,300,0,0,8,21553,0.0,-107605600.0,0.0,0.0,0.0,0.0,0.0,0.0,0.0,0.0,0.0,0.0,0.0,0.0,0.0,0.0,0.0,0.0,0.0,0.0,0.0,0.0,0.0,0.0,-0.0,0.0,0.0,0.0,0.0,0.0,5081.0,0.0,0.0,0.0,-107615296.0,-107615280.0,2.718429300292151e+23,0.0,0.0,0.0,0.0,53,-0.0,2.718417771077105e+23,0.0,0.0,0.0,0.0,0.0,0.0,0.0,0,0,0,0.0,0.0,0.0,0.0,0.0,0.0,0.0,0.0,0.0,0.0,0.0,0.0,0.0,0.0,0.0,0.0,0,-107875648.0,53,0.0,106,-107614832.0,0.0,ERR,ERR,ERR,ERR,ERR,ERR,ERR,ERR,ERR,ERR,ERR,ERR,ERR,ERR,ERR,ERR,ERR,ERR,ERR,ERR,ERR,ERR,ERR,ERR,ERR,ERR,ERR,ERR,ERR,ERR,ERR,ERR,ERR,ERR,ERR,ERR,ERR,ERR,ERR,ERR,ERR,ERR,ERR,ERR,ERR,ERR,ERR,ERR,ERR,ERR,ERR,ERR,ERR,ERR,ERR,ERR,ERR,ERR,ERR,ERR,ERR,ERR,ERR,ERR,ERR,ERR,ERR,50.0,60.0,100,0.0,0.0,0.0,0.0,0.0,0.0,0.0,0.0,0.0,0.0,0.0,0.0,0.0,0.0,0.0,0.0,62.0,74,13,65511,50,65476,0,300,0,0,8,20529,65476,0,0,26214,60.0,0.0,0.0,0.0,0.0,0.0
2026-05-17T18:13:24,ERR,ERR,ERR,ERR,ERR,ERR,ERR,ERR,ERR,ERR,ERR,ERR,ERR,ERR,ERR,ERR,ERR,ERR,ERR,ERR,ERR,ERR,ERR,ERR,ERR,ERR,ERR,ERR,ERR,ERR,ERR,ERR,ERR,ERR,ERR,ERR,ERR,ERR,ERR,ERR,ERR,ERR,ERR,ERR,ERR,ERR,ERR,ERR,ERR,ERR,ERR,ERR,ERR,ERR,ERR,ERR,ERR,ERR,ERR,ERR,ERR,ERR,ERR,ERR,ERR,ERR,ERR,ERR,ERR,ERR,ERR,ERR,ERR,ERR,ERR,ERR,ERR,ERR,ERR,ERR,ERR,ERR,ERR,ERR,ERR,ERR,ERR,ERR,ERR,ERR,ERR,ERR,ERR,ERR,ERR,ERR,ERR,ERR,ERR,ERR,ERR,ERR,ERR,ERR,ERR,ERR,ERR,ERR,ERR,ERR,ERR,ERR,ERR,ERR,ERR,ERR,ERR,ERR,ERR,ERR,ERR,ERR,ERR,ERR,ERR,0.0,-107615296.0,-134474944.0,0.0,0.0,1.3936040501711995e+18,7.805,0.0,0,0,4,0,8422,0.0,45,0.0,0.0,0.0,0.0,0.0,0,0,0,0,0.0,0,0,0,0,0,0,0,0,0,0,0,0,0,0,0,0,0,0,0,0,0,0,0,0,0,0,0,0,0,0,0,0,0,38,14,7,45,65476,0,300,0,0,8,21553,0.0,-107605600.0,0.0,0.0,0.0,0.0,0.0,0.0,0.0,0.0,0.0,0.0,0.0,0.0,0.0,0.0,0.0,0.0,0.0,0.0,0.0,0.0,0.0,0.0,-0.0,0.0,0.0,0.0,0.0,0.0,5081.0,0.0,0.0,0.0,-107615296.0,-107615280.0,2.718429300292151e+23,0.0,0.0,0.0,0.0,53,-0.0,2.718417771077105e+23,0.0,0.0,0.0,0.0,0.0,0.0,0.0,0,0,0,0.0,0.0,0.0,0.0,0.0,0.0,0.0,0.0,0.0,0.0,0.0,0.0,0.0,0.0,0.0,0.0,0,-107875648.0,53,0.0,106,-107614832.0,0.0,ERR,ERR,ERR,ERR,ERR,ERR,ERR,ERR,ERR,ERR,ERR,ERR,ERR,ERR,ERR,ERR,ERR,ERR,ERR,ERR,ERR,ERR,ERR,ERR,ERR,ERR,ERR,ERR,ERR,ERR,ERR,ERR,ERR,ERR,ERR,ERR,ERR,ERR,ERR,ERR,ERR,ERR,ERR,ERR,ERR,ERR,ERR,ERR,ERR,ERR,ERR,ERR,ERR,ERR,ERR,ERR,ERR,ERR,ERR,ERR,ERR,ERR,ERR,ERR,ERR,ERR,ERR,50.0,60.0,100,0.0,0.0,0.0,0.0,0.0,0.0,0.0,0.0,0.0,0.0,0.0,0.0,0.0,0.0,0.0,0.0,61.6,74,13,65511,50,65476,0,300,0,0,8,20529,65476,0,0,26214,60.0,0.0,0.0,0.0,0.0,0.0
2026-05-17T18:13:25,ERR,ERR,ERR,ERR,ERR,ERR,ERR,ERR,ERR,ERR,ERR,ERR,ERR,ERR,ERR,ERR,ERR,ERR,ERR,ERR,ERR,ERR,ERR,ERR,ERR,ERR,ERR,ERR,ERR,ERR,ERR,ERR,ERR,ERR,ERR,ERR,ERR,ERR,ERR,ERR,ERR,ERR,ERR,ERR,ERR,ERR,ERR,ERR,ERR,ERR,ERR,ERR,ERR,ERR,ERR,ERR,ERR,ERR,ERR,ERR,ERR,ERR,ERR,ERR,ERR,ERR,ERR,ERR,ERR,ERR,ERR,ERR,ERR,ERR,ERR,ERR,ERR,ERR,ERR,ERR,ERR,ERR,ERR,ERR,ERR,ERR,ERR,ERR,ERR,ERR,ERR,ERR,ERR,ERR,ERR,ERR,ERR,ERR,ERR,ERR,ERR,ERR,ERR,ERR,ERR,ERR,ERR,ERR,ERR,ERR,ERR,ERR,ERR,ERR,ERR,ERR,ERR,ERR,ERR,ERR,ERR,ERR,ERR,ERR,ERR,0.0,-107615296.0,-134474944.0,0.0,0.0,1.3936040501711995e+18,7.805,0.0,0,0,4,0,8422,0.0,45,0.0,0.0,0.0,0.0,0.0,0,0,0,0,0.0,0,0,0,0,0,0,0,0,0,0,0,0,0,0,0,0,0,0,0,0,0,0,0,0,0,0,0,0,0,0,0,0,0,38,14,7,45,65476,0,300,0,0,8,21553,0.0,-107605600.0,0.0,0.0,0.0,0.0,0.0,0.0,0.0,0.0,0.0,0.0,0.0,0.0,0.0,0.0,0.0,0.0,0.0,0.0,0.0,0.0,0.0,0.0,-0.0,0.0,0.0,0.0,0.0,0.0,5081.0,0.0,0.0,0.0,-107615296.0,-107615280.0,2.718429300292151e+23,0.0,0.0,0.0,0.0,53,-0.0,2.718417771077105e+23,0.0,0.0,0.0,0.0,0.0,0.0,0.0,0,0,0,0.0,0.0,0.0,0.0,0.0,0.0,0.0,0.0,0.0,0.0,0.0,0.0,0.0,0.0,0.0,0.0,0,-107875648.0,53,0.0,106,-107614832.0,0.0,ERR,ERR,ERR,ERR,ERR,ERR,ERR,ERR,ERR,ERR,ERR,ERR,ERR,ERR,ERR,ERR,ERR,ERR,ERR,ERR,ERR,ERR,ERR,ERR,ERR,ERR,ERR,ERR,ERR,ERR,ERR,ERR,ERR,ERR,ERR,ERR,ERR,ERR,ERR,ERR,ERR,ERR,ERR,ERR,ERR,ERR,ERR,ERR,ERR,ERR,ERR,ERR,ERR,ERR,ERR,ERR,ERR,ERR,ERR,ERR,ERR,ERR,ERR,ERR,ERR,ERR,ERR,50.0,60.0,100,0.0,0.0,0.0,0.0,0.0,0.0,0.0,0.0,0.0,0.0,0.0,0.0,0.0,0.0,0.0,0.0,61.6,74,13,65511,50,65476,0,300,0,0,8,20529,65476,0,0,26214,60.0,0.0,0.0,0.0,0.0,0.0
2026-05-17T18:13:26,ERR,ERR,ERR,ERR,ERR,ERR,ERR,ERR,ERR,ERR,ERR,ERR,ERR,ERR,ERR,ERR,ERR,ERR,ERR,ERR,ERR,ERR,ERR,ERR,ERR,ERR,ERR,ERR,ERR,ERR,ERR,ERR,ERR,ERR,ERR,ERR,ERR,ERR,ERR,ERR,ERR,ERR,ERR,ERR,ERR,ERR,ERR,ERR,ERR,ERR,ERR,ERR,ERR,ERR,ERR,ERR,ERR,ERR,ERR,ERR,ERR,ERR,ERR,ERR,ERR,ERR,ERR,ERR,ERR,ERR,ERR,ERR,ERR,ERR,ERR,ERR,ERR,ERR,ERR,ERR,ERR,ERR,ERR,ERR,ERR,ERR,ERR,ERR,ERR,ERR,ERR,ERR,ERR,ERR,ERR,ERR,ERR,ERR,ERR,ERR,ERR,ERR,ERR,ERR,ERR,ERR,ERR,ERR,ERR,ERR,ERR,ERR,ERR,ERR,ERR,ERR,ERR,ERR,ERR,ERR,ERR,ERR,ERR,ERR,ERR,0.0,-107615296.0,-134474944.0,0.0,0.0,1.3936040501711995e+18,7.805,0.0,0,0,4,0,8422,0.0,45,0.0,0.0,0.0,0.0,0.0,0,0,0,0,0.0,0,0,0,0,0,0,0,0,0,0,0,0,0,0,0,0,0,0,0,0,0,0,0,0,0,0,0,0,0,0,0,0,0,38,14,7,45,65476,0,300,0,0,8,21553,0.0,-107605600.0,0.0,0.0,0.0,0.0,0.0,0.0,0.0,0.0,0.0,0.0,0.0,0.0,0.0,0.0,0.0,0.0,0.0,0.0,0.0,0.0,0.0,0.0,-0.0,0.0,0.0,0.0,0.0,0.0,5081.0,0.0,0.0,0.0,-107615296.0,-107615280.0,2.718429300292151e+23,0.0,0.0,0.0,0.0,53,-0.0,2.718417771077105e+23,0.0,0.0,0.0,0.0,0.0,0.0,0.0,0,0,0,0.0,0.0,0.0,0.0,0.0,0.0,0.0,0.0,0.0,0.0,0.0,0.0,0.0,0.0,0.0,0.0,0,-107875648.0,53,0.0,106,-107614832.0,0.0,ERR,ERR,ERR,ERR,ERR,ERR,ERR,ERR,ERR,ERR,ERR,ERR,ERR,ERR,ERR,ERR,ERR,ERR,ERR,ERR,ERR,ERR,ERR,ERR,ERR,ERR,ERR,ERR,ERR,ERR,ERR,ERR,ERR,ERR,ERR,ERR,ERR,ERR,ERR,ERR,ERR,ERR,ERR,ERR,ERR,ERR,ERR,ERR,ERR,ERR,ERR,ERR,ERR,ERR,ERR,ERR,ERR,ERR,ERR,ERR,ERR,ERR,ERR,ERR,ERR,ERR,ERR,50.0,60.0,100,0.0,0.0,0.0,0.0,0.0,0.0,0.0,0.0,0.0,0.0,0.0,0.0,0.0,0.0,0.0,0.0,62.0,74,13,65511,50,65476,0,300,0,0,8,20529,65476,0,0,26214,60.0,0.0,0.0,0.0,0.0,0.0
2026-05-17T18:13:27,ERR,ERR,ERR,ERR,ERR,ERR,ERR,ERR,ERR,ERR,ERR,ERR,ERR,ERR,ERR,ERR,ERR,ERR,ERR,ERR,ERR,ERR,ERR,ERR,ERR,ERR,ERR,ERR,ERR,ERR,ERR,ERR,ERR,ERR,ERR,ERR,ERR,ERR,ERR,ERR,ERR,ERR,ERR,ERR,ERR,ERR,ERR,ERR,ERR,ERR,ERR,ERR,ERR,ERR,ERR,ERR,ERR,ERR,ERR,ERR,ERR,ERR,ERR,ERR,ERR,ERR,ERR,ERR,ERR,ERR,ERR,ERR,ERR,ERR,ERR,ERR,ERR,ERR,ERR,ERR,ERR,ERR,ERR,ERR,ERR,ERR,ERR,ERR,ERR,ERR,ERR,ERR,ERR,ERR,ERR,ERR,ERR,ERR,ERR,ERR,ERR,ERR,ERR,ERR,ERR,ERR,ERR,ERR,ERR,ERR,ERR,ERR,ERR,ERR,ERR,ERR,ERR,ERR,ERR,ERR,ERR,ERR,ERR,ERR,ERR,0.0,-107615296.0,-134474944.0,0.0,0.0,1.3936040501711995e+18,7.805,0.0,0,0,4,0,8422,0.0,45,0.0,0.0,0.0,0.0,0.0,0,0,0,0,0.0,0,0,0,0,0,0,0,0,0,0,0,0,0,0,0,0,0,0,0,0,0,0,0,0,0,0,0,0,0,0,0,0,0,38,14,7,45,65476,0,300,0,0,8,21553,0.0,-107605600.0,0.0,0.0,0.0,0.0,0.0,0.0,0.0,0.0,0.0,0.0,0.0,0.0,0.0,0.0,0.0,0.0,0.0,0.0,0.0,0.0,0.0,0.0,-0.0,0.0,0.0,0.0,0.0,0.0,5078.0,2.004,0.0,0.0,-107615296.0,-107615280.0,2.718429300292151e+23,0.0,0.0,0.0,0.0,53,-0.0,-0.0,0.0,0.0,0.0,0.0,0.0,0.0,0.0,0,0,0,0.0,0.0,0.0,0.0,0.0,0.0,0.0,0.0,0.0,0.0,0.0,0.0,0.0,0.0,0.0,0.0,0,-107875648.0,53,0.0,106,-107614832.0,0.0,ERR,ERR,ERR,ERR,ERR,ERR,ERR,ERR,ERR,ERR,ERR,ERR,ERR,ERR,ERR,ERR,ERR,ERR,ERR,ERR,ERR,ERR,ERR,ERR,ERR,ERR,ERR,ERR,ERR,ERR,ERR,ERR,ERR,ERR,ERR,ERR,ERR,ERR,ERR,ERR,ERR,ERR,ERR,ERR,ERR,ERR,ERR,ERR,ERR,ERR,ERR,ERR,ERR,ERR,ERR,ERR,ERR,ERR,ERR,ERR,ERR,ERR,ERR,ERR,ERR,ERR,ERR,50.0,60.0,100,0.0,0.0,0.0,0.0,0.0,0.0,0.0,0.0,0.0,0.0,0.0,0.0,0.0,0.0,0.0,0.0,62.0,74,13,65511,50,65476,0,300,0,0,8,20529,65476,0,0,26214,60.0,0.0,0.0,0.0,0.0,0.0
2026-05-17T18:13:28,ERR,ERR,ERR,ERR,ERR,ERR,ERR,ERR,ERR,ERR,ERR,ERR,ERR,ERR,ERR,ERR,ERR,ERR,ERR,ERR,ERR,ERR,ERR,ERR,ERR,ERR,ERR,ERR,ERR,ERR,ERR,ERR,ERR,ERR,ERR,ERR,ERR,ERR,ERR,ERR,ERR,ERR,ERR,ERR,ERR,ERR,ERR,ERR,ERR,ERR,ERR,ERR,ERR,ERR,ERR,ERR,ERR,ERR,ERR,ERR,ERR,ERR,ERR,ERR,ERR,ERR,ERR,ERR,ERR,ERR,ERR,ERR,ERR,ERR,ERR,ERR,ERR,ERR,ERR,ERR,ERR,ERR,ERR,ERR,ERR,ERR,ERR,ERR,ERR,ERR,ERR,ERR,ERR,ERR,ERR,ERR,ERR,ERR,ERR,ERR,ERR,ERR,ERR,ERR,ERR,ERR,ERR,ERR,ERR,ERR,ERR,ERR,ERR,ERR,ERR,ERR,ERR,ERR,ERR,ERR,ERR,ERR,ERR,ERR,ERR,0.0,-107615296.0,-134474944.0,0.0,0.0,1.3936040501711995e+18,7.805,0.0,0,0,4,0,8422,0.0,45,0.0,0.0,0.0,0.0,0.0,0,0,0,0,0.0,0,0,0,0,0,0,0,0,0,0,0,0,0,0,0,0,0,0,0,0,0,0,0,0,0,0,0,0,0,0,0,0,0,38,14,7,45,65476,0,300,0,0,8,21553,0.0,-107605600.0,0.0,0.0,0.0,0.0,0.0,0.0,0.0,0.0,0.0,0.0,0.0,0.0,0.0,0.0,0.0,0.0,0.0,0.0,0.0,0.0,0.0,0.0,-0.0,0.0,0.0,0.0,0.0,0.0,5078.0,2.004,0.0,0.0,-107615296.0,-107615280.0,2.718429300292151e+23,0.0,0.0,0.0,0.0,53,-0.0,-0.0,0.0,0.0,0.0,0.0,0.0,0.0,0.0,0,0,0,0.0,0.0,0.0,0.0,0.0,0.0,0.0,0.0,0.0,0.0,0.0,0.0,0.0,0.0,0.0,0.0,0,-107875648.0,53,0.0,106,-107614832.0,0.0,ERR,ERR,ERR,ERR,ERR,ERR,ERR,ERR,ERR,ERR,ERR,ERR,ERR,ERR,ERR,ERR,ERR,ERR,ERR,ERR,ERR,ERR,ERR,ERR,ERR,ERR,ERR,ERR,ERR,ERR,ERR,ERR,ERR,ERR,ERR,ERR,ERR,ERR,ERR,ERR,ERR,ERR,ERR,ERR,ERR,ERR,ERR,ERR,ERR,ERR,ERR,ERR,ERR,ERR,ERR,ERR,ERR,ERR,ERR,ERR,ERR,ERR,ERR,ERR,ERR,ERR,ERR,50.0,60.0,100,0.0,0.0,0.0,0.0,0.0,0.0,0.0,0.0,0.0,0.0,0.0,0.0,0.0,0.0,0.0,0.0,61.6,74,13,65511,50,65476,0,300,0,0,8,20529,65476,0,0,26214,60.0,0.0,0.0,0.0,0.0,0.0
2026-05-17T18:13:29,ERR,ERR,ERR,ERR,ERR,ERR,ERR,ERR,ERR,ERR,ERR,ERR,ERR,ERR,ERR,ERR,ERR,ERR,ERR,ERR,ERR,ERR,ERR,ERR,ERR,ERR,ERR,ERR,ERR,ERR,ERR,ERR,ERR,ERR,ERR,ERR,ERR,ERR,ERR,ERR,ERR,ERR,ERR,ERR,ERR,ERR,ERR,ERR,ERR,ERR,ERR,ERR,ERR,ERR,ERR,ERR,ERR,ERR,ERR,ERR,ERR,ERR,ERR,ERR,ERR,ERR,ERR,ERR,ERR,ERR,ERR,ERR,ERR,ERR,ERR,ERR,ERR,ERR,ERR,ERR,ERR,ERR,ERR,ERR,ERR,ERR,ERR,ERR,ERR,ERR,ERR,ERR,ERR,ERR,ERR,ERR,ERR,ERR,ERR,ERR,ERR,ERR,ERR,ERR,ERR,ERR,ERR,ERR,ERR,ERR,ERR,ERR,ERR,ERR,ERR,ERR,ERR,ERR,ERR,ERR,ERR,ERR,ERR,ERR,ERR,0.0,-107615296.0,-134474944.0,0.0,0.0,1.3936040501711995e+18,7.805,0.0,0,0,4,0,8422,0.0,45,0.0,0.0,0.0,0.0,0.0,0,0,0,0,0.0,0,0,0,0,0,0,0,0,0,0,0,0,0,0,0,0,0,0,0,0,0,0,0,0,0,0,0,0,0,0,0,0,0,38,14,7,45,65476,0,300,0,0,8,21553,0.0,-107605600.0,0.0,0.0,0.0,0.0,0.0,0.0,0.0,0.0,0.0,0.0,0.0,0.0,0.0,0.0,0.0,0.0,0.0,0.0,0.0,0.0,0.0,0.0,-0.0,0.0,0.0,0.0,0.0,0.0,5078.0,2.004,0.0,0.0,-107615296.0,-107615280.0,2.718429300292151e+23,0.0,0.0,0.0,0.0,53,-0.0,-0.0,0.0,0.0,0.0,0.0,0.0,0.0,0.0,0,0,0,0.0,0.0,0.0,0.0,0.0,0.0,0.0,0.0,0.0,0.0,0.0,0.0,0.0,0.0,0.0,0.0,0,-107875648.0,53,0.0,106,-107614832.0,0.0,ERR,ERR,ERR,ERR,ERR,ERR,ERR,ERR,ERR,ERR,ERR,ERR,ERR,ERR,ERR,ERR,ERR,ERR,ERR,ERR,ERR,ERR,ERR,ERR,ERR,ERR,ERR,ERR,ERR,ERR,ERR,ERR,ERR,ERR,ERR,ERR,ERR,ERR,ERR,ERR,ERR,ERR,ERR,ERR,ERR,ERR,ERR,ERR,ERR,ERR,ERR,ERR,ERR,ERR,ERR,ERR,ERR,ERR,ERR,ERR,ERR,ERR,ERR,ERR,ERR,ERR,ERR,50.0,60.0,100,0.0,0.0,0.0,0.0,0.0,0.0,0.0,0.0,0.0,0.0,0.0,0.0,0.0,0.0,0.0,0.0,61.6,74,13,65511,50,65476,0,300,0,0,8,20529,65476,0,0,26214,60.0,0.0,0.0,0.0,0.0,0.0
2026-05-17T18:13:30,ERR,ERR,ERR,ERR,ERR,ERR,ERR,ERR,ERR,ERR,ERR,ERR,ERR,ERR,ERR,ERR,ERR,ERR,ERR,ERR,ERR,ERR,ERR,ERR,ERR,ERR,ERR,ERR,ERR,ERR,ERR,ERR,ERR,ERR,ERR,ERR,ERR,ERR,ERR,ERR,ERR,ERR,ERR,ERR,ERR,ERR,ERR,ERR,ERR,ERR,ERR,ERR,ERR,ERR,ERR,ERR,ERR,ERR,ERR,ERR,ERR,ERR,ERR,ERR,ERR,ERR,ERR,ERR,ERR,ERR,ERR,ERR,ERR,ERR,ERR,ERR,ERR,ERR,ERR,ERR,ERR,ERR,ERR,ERR,ERR,ERR,ERR,ERR,ERR,ERR,ERR,ERR,ERR,ERR,ERR,ERR,ERR,ERR,ERR,ERR,ERR,ERR,ERR,ERR,ERR,ERR,ERR,ERR,ERR,ERR,ERR,ERR,ERR,ERR,ERR,ERR,ERR,ERR,ERR,ERR,ERR,ERR,ERR,ERR,ERR,0.0,-107615296.0,-134474944.0,0.0,0.0,1.3936040501711995e+18,7.805,0.0,0,0,4,0,8422,0.0,45,0.0,0.0,0.0,0.0,0.0,0,0,0,0,0.0,0,0,0,0,0,0,0,0,0,0,0,0,0,0,0,0,0,0,0,0,0,0,0,0,0,0,0,0,0,0,0,0,0,38,14,7,45,65476,0,300,0,0,8,21553,0.0,-107605600.0,0.0,0.0,0.0,0.0,0.0,0.0,0.0,0.0,0.0,0.0,0.0,0.0,0.0,0.0,0.0,0.0,0.0,0.0,0.0,0.0,0.0,0.0,-0.0,0.0,0.0,0.0,0.0,0.0,5078.0,2.004,0.0,0.0,-107615296.0,-107615280.0,2.718429300292151e+23,0.0,0.0,0.0,0.0,53,-0.0,-0.0,0.0,0.0,0.0,0.0,0.0,0.0,0.0,0,0,0,0.0,0.0,0.0,0.0,0.0,0.0,0.0,0.0,0.0,0.0,0.0,0.0,0.0,0.0,0.0,0.0,0,-107875648.0,53,0.0,106,-107614832.0,0.0,ERR,ERR,ERR,ERR,ERR,ERR,ERR,ERR,ERR,ERR,ERR,ERR,ERR,ERR,ERR,ERR,ERR,ERR,ERR,ERR,ERR,ERR,ERR,ERR,ERR,ERR,ERR,ERR,ERR,ERR,ERR,ERR,ERR,ERR,ERR,ERR,ERR,ERR,ERR,ERR,ERR,ERR,ERR,ERR,ERR,ERR,ERR,ERR,ERR,ERR,ERR,ERR,ERR,ERR,ERR,ERR,ERR,ERR,ERR,ERR,ERR,ERR,ERR,ERR,ERR,ERR,ERR,50.0,60.0,100,0.0,0.0,0.0,0.0,0.0,0.0,0.0,0.0,0.0,0.0,0.0,0.0,0.0,0.0,0.0,0.0,61.6,74,13,65511,50,65476,0,300,0,0,8,20529,65476,0,0,26214,60.0,0.0,0.0,0.0,0.0,0.0
2026-05-17T18:13:31,ERR,ERR,ERR,ERR,ERR,ERR,ERR,ERR,ERR,ERR,ERR,ERR,ERR,ERR,ERR,ERR,ERR,ERR,ERR,ERR,ERR,ERR,ERR,ERR,ERR,ERR,ERR,ERR,ERR,ERR,ERR,ERR,ERR,ERR,ERR,ERR,ERR,ERR,ERR,ERR,ERR,ERR,ERR,ERR,ERR,ERR,ERR,ERR,ERR,ERR,ERR,ERR,ERR,ERR,ERR,ERR,ERR,ERR,ERR,ERR,ERR,ERR,ERR,ERR,ERR,ERR,ERR,ERR,ERR,ERR,ERR,ERR,ERR,ERR,ERR,ERR,ERR,ERR,ERR,ERR,ERR,ERR,ERR,ERR,ERR,ERR,ERR,ERR,ERR,ERR,ERR,ERR,ERR,ERR,ERR,ERR,ERR,ERR,ERR,ERR,ERR,ERR,ERR,ERR,ERR,ERR,ERR,ERR,ERR,ERR,ERR,ERR,ERR,ERR,ERR,ERR,ERR,ERR,ERR,ERR,ERR,ERR,ERR,ERR,ERR,0.0,-107615296.0,-134474944.0,0.0,0.0,1.3936040501711995e+18,7.805,0.0,0,0,4,0,8422,0.0,45,0.0,0.0,0.0,0.0,0.0,0,0,0,0,0.0,0,0,0,0,0,0,0,0,0,0,0,0,0,0,0,0,0,0,0,0,0,0,0,0,0,0,0,0,0,0,0,0,0,38,14,7,45,65476,0,300,0,0,8,21553,0.0,-107605600.0,0.0,0.0,0.0,0.0,0.0,0.0,0.0,0.0,0.0,0.0,0.0,0.0,0.0,0.0,0.0,0.0,0.0,0.0,0.0,0.0,0.0,0.0,-0.0,0.0,0.0,0.0,0.0,0.0,5078.0,2.004,0.0,0.0,-107615296.0,-107615280.0,2.718429300292151e+23,0.0,0.0,0.0,0.0,53,-0.0,-0.0,0.0,0.0,0.0,0.0,0.0,0.0,0.0,0,0,0,0.0,0.0,0.0,0.0,0.0,0.0,0.0,0.0,0.0,0.0,0.0,0.0,0.0,0.0,0.0,0.0,0,-107875648.0,53,0.0,106,-107614832.0,0.0,ERR,ERR,ERR,ERR,ERR,ERR,ERR,ERR,ERR,ERR,ERR,ERR,ERR,ERR,ERR,ERR,ERR,ERR,ERR,ERR,ERR,ERR,ERR,ERR,ERR,ERR,ERR,ERR,ERR,ERR,ERR,ERR,ERR,ERR,ERR,ERR,ERR,ERR,ERR,ERR,ERR,ERR,ERR,ERR,ERR,ERR,ERR,ERR,ERR,ERR,ERR,ERR,ERR,ERR,ERR,ERR,ERR,ERR,ERR,ERR,ERR,ERR,ERR,ERR,ERR,ERR,ERR,50.0,60.0,100,0.0,0.0,0.0,0.0,0.0,0.0,0.0,0.0,0.0,0.0,0.0,0.0,0.0,0.0,0.0,0.0,61.6,74,13,65511,50,65476,0,300,0,0,8,20529,65476,0,0,26214,60.0,0.0,0.0,0.0,0.0,0.0
2026-05-17T18:13:32,ERR,ERR,ERR,ERR,ERR,ERR,ERR,ERR,ERR,ERR,ERR,ERR,ERR,ERR,ERR,ERR,ERR,ERR,ERR,ERR,ERR,ERR,ERR,ERR,ERR,ERR,ERR,ERR,ERR,ERR,ERR,ERR,ERR,ERR,ERR,ERR,ERR,ERR,ERR,ERR,ERR,ERR,ERR,ERR,ERR,ERR,ERR,ERR,ERR,ERR,ERR,ERR,ERR,ERR,ERR,ERR,ERR,ERR,ERR,ERR,ERR,ERR,ERR,ERR,ERR,ERR,ERR,ERR,ERR,ERR,ERR,ERR,ERR,ERR,ERR,ERR,ERR,ERR,ERR,ERR,ERR,ERR,ERR,ERR,ERR,ERR,ERR,ERR,ERR,ERR,ERR,ERR,ERR,ERR,ERR,ERR,ERR,ERR,ERR,ERR,ERR,ERR,ERR,ERR,ERR,ERR,ERR,ERR,ERR,ERR,ERR,ERR,ERR,ERR,ERR,ERR,ERR,ERR,ERR,ERR,ERR,ERR,ERR,ERR,ERR,0.0,-107615296.0,-134474944.0,0.0,0.0,1.3936040501711995e+18,7.805,0.0,0,0,4,0,8422,0.0,45,0.0,0.0,0.0,0.0,0.0,0,0,0,0,0.0,0,0,0,0,0,0,0,0,0,0,0,0,0,0,0,0,0,0,0,0,0,0,0,0,0,0,0,0,0,0,0,0,0,38,14,7,45,65476,0,300,0,0,8,21553,0.0,-107605600.0,0.0,0.0,0.0,0.0,0.0,0.0,0.0,0.0,0.0,0.0,0.0,0.0,0.0,0.0,0.0,0.0,0.0,0.0,0.0,0.0,-2.004,0.0,-0.0,0.0,0.0,0.0,0.0,0.0,5081.0,2.004,0.0,0.0,-107615296.0,-107615280.0,2.718429300292151e+23,0.0,0.0,0.0,0.0,53,-0.0,-0.0,0.0,0.0,0.0,0.0,0.0,0.0,0.0,0,0,0,0.0,0.0,0.0,0.0,0.0,0.0,0.0,0.0,0.0,0.0,0.0,0.0,0.0,0.0,0.0,0.0,0,-107875648.0,53,0.0,106,-107614832.0,0.0,ERR,ERR,ERR,ERR,ERR,ERR,ERR,ERR,ERR,ERR,ERR,ERR,ERR,ERR,ERR,ERR,ERR,ERR,ERR,ERR,ERR,ERR,ERR,ERR,ERR,ERR,ERR,ERR,ERR,ERR,ERR,ERR,ERR,ERR,ERR,ERR,ERR,ERR,ERR,ERR,ERR,ERR,ERR,ERR,ERR,ERR,ERR,ERR,ERR,ERR,ERR,ERR,ERR,ERR,ERR,ERR,ERR,ERR,ERR,ERR,ERR,ERR,ERR,ERR,ERR,ERR,ERR,50.0,60.0,100,0.0,0.0,0.0,0.0,0.0,0.0,0.0,0.0,0.0,0.0,0.0,0.0,0.0,0.0,0.0,0.0,61.6,74,13,65511,50,65476,0,300,0,0,8,20529,65476,0,0,26214,60.0,0.0,0.0,0.0,0.0,0.0
2026-05-17T18:13:33,ERR,ERR,ERR,ERR,ERR,ERR,ERR,ERR,ERR,ERR,ERR,ERR,ERR,ERR,ERR,ERR,ERR,ERR,ERR,ERR,ERR,ERR,ERR,ERR,ERR,ERR,ERR,ERR,ERR,ERR,ERR,ERR,ERR,ERR,ERR,ERR,ERR,ERR,ERR,ERR,ERR,ERR,ERR,ERR,ERR,ERR,ERR,ERR,ERR,ERR,ERR,ERR,ERR,ERR,ERR,ERR,ERR,ERR,ERR,ERR,ERR,ERR,ERR,ERR,ERR,ERR,ERR,ERR,ERR,ERR,ERR,ERR,ERR,ERR,ERR,ERR,ERR,ERR,ERR,ERR,ERR,ERR,ERR,ERR,ERR,ERR,ERR,ERR,ERR,ERR,ERR,ERR,ERR,ERR,ERR,ERR,ERR,ERR,ERR,ERR,ERR,ERR,ERR,ERR,ERR,ERR,ERR,ERR,ERR,ERR,ERR,ERR,ERR,ERR,ERR,ERR,ERR,ERR,ERR,ERR,ERR,ERR,ERR,ERR,ERR,0.0,-107615296.0,-134474944.0,0.0,0.0,1.3936040501711995e+18,7.805,0.0,0,0,4,0,8422,0.0,45,0.0,0.0,0.0,0.0,0.0,0,0,0,0,0.0,0,0,0,0,0,0,0,0,0,0,0,0,0,0,0,0,0,0,0,0,0,0,0,0,0,0,0,0,0,0,0,0,0,38,14,7,45,65476,0,300,0,0,8,21553,0.0,-107605600.0,0.0,0.0,0.0,0.0,0.0,0.0,0.0,0.0,0.0,0.0,0.0,0.0,0.0,0.0,0.0,0.0,0.0,0.0,0.0,0.0,-2.004,0.0,-0.0,0.0,0.0,0.0,0.0,0.0,5081.0,2.004,0.0,0.0,-107615296.0,-107615280.0,2.718429300292151e+23,0.0,0.0,0.0,0.0,53,-0.0,-0.0,0.0,0.0,0.0,0.0,0.0,0.0,0.0,0,0,0,0.0,0.0,0.0,0.0,0.0,0.0,0.0,0.0,0.0,0.0,0.0,0.0,0.0,0.0,0.0,0.0,0,-107875648.0,53,0.0,106,-107614832.0,0.0,ERR,ERR,ERR,ERR,ERR,ERR,ERR,ERR,ERR,ERR,ERR,ERR,ERR,ERR,ERR,ERR,ERR,ERR,ERR,ERR,ERR,ERR,ERR,ERR,ERR,ERR,ERR,ERR,ERR,ERR,ERR,ERR,ERR,ERR,ERR,ERR,ERR,ERR,ERR,ERR,ERR,ERR,ERR,ERR,ERR,ERR,ERR,ERR,ERR,ERR,ERR,ERR,ERR,ERR,ERR,ERR,ERR,ERR,ERR,ERR,ERR,ERR,ERR,ERR,ERR,ERR,ERR,50.0,60.0,100,0.0,0.0,0.0,0.0,0.0,0.0,0.0,0.0,0.0,0.0,0.0,0.0,0.0,0.0,0.0,0.0,62.0,74,13,65511,50,65476,0,300,0,0,8,20529,65476,0,0,26214,60.0,0.0,0.0,0.0,0.0,0.0
2026-05-17T18:13:34,ERR,ERR,ERR,ERR,ERR,ERR,ERR,ERR,ERR,ERR,ERR,ERR,ERR,ERR,ERR,ERR,ERR,ERR,ERR,ERR,ERR,ERR,ERR,ERR,ERR,ERR,ERR,ERR,ERR,ERR,ERR,ERR,ERR,ERR,ERR,ERR,ERR,ERR,ERR,ERR,ERR,ERR,ERR,ERR,ERR,ERR,ERR,ERR,ERR,ERR,ERR,ERR,ERR,ERR,ERR,ERR,ERR,ERR,ERR,ERR,ERR,ERR,ERR,ERR,ERR,ERR,ERR,ERR,ERR,ERR,ERR,ERR,ERR,ERR,ERR,ERR,ERR,ERR,ERR,ERR,ERR,ERR,ERR,ERR,ERR,ERR,ERR,ERR,ERR,ERR,ERR,ERR,ERR,ERR,ERR,ERR,ERR,ERR,ERR,ERR,ERR,ERR,ERR,ERR,ERR,ERR,ERR,ERR,ERR,ERR,ERR,ERR,ERR,ERR,ERR,ERR,ERR,ERR,ERR,ERR,ERR,ERR,ERR,ERR,ERR,0.0,-107615296.0,-134474944.0,0.0,0.0,1.3936040501711995e+18,7.805,0.0,0,0,4,0,8422,0.0,45,0.0,0.0,0.0,0.0,0.0,0,0,0,0,0.0,0,0,0,0,0,0,0,0,0,0,0,0,0,0,0,0,0,0,0,0,0,0,0,0,0,0,0,0,0,0,0,0,0,38,14,7,45,65476,0,300,0,0,8,21553,0.0,-107605600.0,0.0,0.0,0.0,0.0,0.0,0.0,0.0,0.0,0.0,0.0,0.0,0.0,0.0,0.0,0.0,0.0,0.0,0.0,0.0,0.0,-2.004,0.0,-0.0,0.0,0.0,0.0,0.0,0.0,5081.0,2.004,0.0,0.0,-107615296.0,-107615280.0,2.718429300292151e+23,0.0,0.0,0.0,0.0,53,-0.0,-0.0,0.0,0.0,0.0,0.0,0.0,0.0,0.0,0,0,0,0.0,0.0,0.0,0.0,0.0,0.0,0.0,0.0,0.0,0.0,0.0,0.0,0.0,0.0,0.0,0.0,0,-107875648.0,53,0.0,106,-107614832.0,0.0,ERR,ERR,ERR,ERR,ERR,ERR,ERR,ERR,ERR,ERR,ERR,ERR,ERR,ERR,ERR,ERR,ERR,ERR,ERR,ERR,ERR,ERR,ERR,ERR,ERR,ERR,ERR,ERR,ERR,ERR,ERR,ERR,ERR,ERR,ERR,ERR,ERR,ERR,ERR,ERR,ERR,ERR,ERR,ERR,ERR,ERR,ERR,ERR,ERR,ERR,ERR,ERR,ERR,ERR,ERR,ERR,ERR,ERR,ERR,ERR,ERR,ERR,ERR,ERR,ERR,ERR,ERR,50.0,60.0,100,0.0,0.0,0.0,0.0,0.0,0.0,0.0,0.0,0.0,0.0,0.0,0.0,0.0,0.0,0.0,0.0,62.0,74,13,65511,50,65476,0,300,0,0,8,20529,65476,0,0,26214,60.0,0.0,0.0,0.0,0.0,0.0
2026-05-17T18:13:35,ERR,ERR,ERR,ERR,ERR,ERR,ERR,ERR,ERR,ERR,ERR,ERR,ERR,ERR,ERR,ERR,ERR,ERR,ERR,ERR,ERR,ERR,ERR,ERR,ERR,ERR,ERR,ERR,ERR,ERR,ERR,ERR,ERR,ERR,ERR,ERR,ERR,ERR,ERR,ERR,ERR,ERR,ERR,ERR,ERR,ERR,ERR,ERR,ERR,ERR,ERR,ERR,ERR,ERR,ERR,ERR,ERR,ERR,ERR,ERR,ERR,ERR,ERR,ERR,ERR,ERR,ERR,ERR,ERR,ERR,ERR,ERR,ERR,ERR,ERR,ERR,ERR,ERR,ERR,ERR,ERR,ERR,ERR,ERR,ERR,ERR,ERR,ERR,ERR,ERR,ERR,ERR,ERR,ERR,ERR,ERR,ERR,ERR,ERR,ERR,ERR,ERR,ERR,ERR,ERR,ERR,ERR,ERR,ERR,ERR,ERR,ERR,ERR,ERR,ERR,ERR,ERR,ERR,ERR,ERR,ERR,ERR,ERR,ERR,ERR,0.0,-107615296.0,-134474944.0,0.0,0.0,1.3936040501711995e+18,7.805,0.0,0,0,4,0,8422,0.0,45,0.0,0.0,0.0,0.0,0.0,0,0,0,0,0.0,0,0,0,0,0,0,0,0,0,0,0,0,0,0,0,0,0,0,0,0,0,0,0,0,0,0,0,0,0,0,0,0,0,38,14,7,45,65476,0,300,0,0,8,21553,0.0,-107605600.0,0.0,0.0,0.0,0.0,0.0,0.0,0.0,0.0,0.0,0.0,0.0,0.0,0.0,0.0,0.0,0.0,0.0,0.0,0.0,0.0,-2.004,0.0,-0.0,0.0,0.0,0.0,0.0,0.0,5081.0,2.004,0.0,0.0,-107615296.0,-107615280.0,2.718429300292151e+23,0.0,0.0,0.0,0.0,53,-0.0,-0.0,0.0,0.0,0.0,0.0,0.0,0.0,0.0,0,0,0,0.0,0.0,0.0,0.0,0.0,0.0,0.0,0.0,0.0,0.0,0.0,0.0,0.0,0.0,0.0,0.0,0,-107875648.0,53,0.0,106,-107614832.0,0.0,ERR,ERR,ERR,ERR,ERR,ERR,ERR,ERR,ERR,ERR,ERR,ERR,ERR,ERR,ERR,ERR,ERR,ERR,ERR,ERR,ERR,ERR,ERR,ERR,ERR,ERR,ERR,ERR,ERR,ERR,ERR,ERR,ERR,ERR,ERR,ERR,ERR,ERR,ERR,ERR,ERR,ERR,ERR,ERR,ERR,ERR,ERR,ERR,ERR,ERR,ERR,ERR,ERR,ERR,ERR,ERR,ERR,ERR,ERR,ERR,ERR,ERR,ERR,ERR,ERR,ERR,ERR,50.0,60.0,100,0.0,0.0,0.0,0.0,0.0,0.0,0.0,0.0,0.0,0.0,0.0,0.0,0.0,0.0,0.0,0.0,61.6,74,13,65511,50,65476,0,300,0,0,8,20529,65476,0,0,26214,60.0,0.0,0.0,0.0,0.0,0.0
2026-05-17T18:13:36,ERR,ERR,ERR,ERR,ERR,ERR,ERR,ERR,ERR,ERR,ERR,ERR,ERR,ERR,ERR,ERR,ERR,ERR,ERR,ERR,ERR,ERR,ERR,ERR,ERR,ERR,ERR,ERR,ERR,ERR,ERR,ERR,ERR,ERR,ERR,ERR,ERR,ERR,ERR,ERR,ERR,ERR,ERR,ERR,ERR,ERR,ERR,ERR,ERR,ERR,ERR,ERR,ERR,ERR,ERR,ERR,ERR,ERR,ERR,ERR,ERR,ERR,ERR,ERR,ERR,ERR,ERR,ERR,ERR,ERR,ERR,ERR,ERR,ERR,ERR,ERR,ERR,ERR,ERR,ERR,ERR,ERR,ERR,ERR,ERR,ERR,ERR,ERR,ERR,ERR,ERR,ERR,ERR,ERR,ERR,ERR,ERR,ERR,ERR,ERR,ERR,ERR,ERR,ERR,ERR,ERR,ERR,ERR,ERR,ERR,ERR,ERR,ERR,ERR,ERR,ERR,ERR,ERR,ERR,ERR,ERR,ERR,ERR,ERR,ERR,0.0,-107615296.0,-134474944.0,0.0,0.0,1.3936040501711995e+18,7.805,0.0,0,0,4,0,8422,0.0,45,0.0,0.0,0.0,0.0,0.0,0,0,0,0,0.0,0,0,0,0,0,0,0,0,0,0,0,0,0,0,0,0,0,0,0,0,0,0,0,0,0,0,0,0,0,0,0,0,0,38,14,7,45,65476,0,300,0,0,8,21553,0.0,-107605600.0,0.0,0.0,0.0,0.0,0.0,0.0,0.0,0.0,0.0,0.0,0.0,0.0,0.0,0.0,0.0,0.0,0.0,0.0,0.0,0.0,-2.004,0.0,-0.0,0.0,0.0,0.0,0.0,0.0,5081.0,2.004,0.0,0.0,-107615296.0,-107615280.0,2.718429300292151e+23,0.0,0.0,0.0,0.0,53,-0.0,-0.0,0.0,0.0,0.0,0.0,0.0,0.0,0.0,0,0,0,0.0,0.0,0.0,0.0,0.0,0.0,0.0,0.0,0.0,0.0,0.0,0.0,0.0,0.0,0.0,0.0,0,-107875648.0,53,0.0,106,-107614832.0,0.0,ERR,ERR,ERR,ERR,ERR,ERR,ERR,ERR,ERR,ERR,ERR,ERR,ERR,ERR,ERR,ERR,ERR,ERR,ERR,ERR,ERR,ERR,ERR,ERR,ERR,ERR,ERR,ERR,ERR,ERR,ERR,ERR,ERR,ERR,ERR,ERR,ERR,ERR,ERR,ERR,ERR,ERR,ERR,ERR,ERR,ERR,ERR,ERR,ERR,ERR,ERR,ERR,ERR,ERR,ERR,ERR,ERR,ERR,ERR,ERR,ERR,ERR,ERR,ERR,ERR,ERR,ERR,50.0,60.0,100,0.0,0.0,0.0,0.0,0.0,0.0,0.0,0.0,0.0,0.0,0.0,0.0,0.0,0.0,0.0,0.0,61.6,74,13,65511,50,65476,0,300,0,0,8,20529,65476,0,0,26214,60.0,0.0,0.0,0.0,0.0,0.0
2026-05-17T18:13:37,ERR,ERR,ERR,ERR,ERR,ERR,ERR,ERR,ERR,ERR,ERR,ERR,ERR,ERR,ERR,ERR,ERR,ERR,ERR,ERR,ERR,ERR,ERR,ERR,ERR,ERR,ERR,ERR,ERR,ERR,ERR,ERR,ERR,ERR,ERR,ERR,ERR,ERR,ERR,ERR,ERR,ERR,ERR,ERR,ERR,ERR,ERR,ERR,ERR,ERR,ERR,ERR,ERR,ERR,ERR,ERR,ERR,ERR,ERR,ERR,ERR,ERR,ERR,ERR,ERR,ERR,ERR,ERR,ERR,ERR,ERR,ERR,ERR,ERR,ERR,ERR,ERR,ERR,ERR,ERR,ERR,ERR,ERR,ERR,ERR,ERR,ERR,ERR,ERR,ERR,ERR,ERR,ERR,ERR,ERR,ERR,ERR,ERR,ERR,ERR,ERR,ERR,ERR,ERR,ERR,ERR,ERR,ERR,ERR,ERR,ERR,ERR,ERR,ERR,ERR,ERR,ERR,ERR,ERR,ERR,ERR,ERR,ERR,ERR,ERR,-107615288.0,-107615296.0,0.0,0.0,0.0,1.3936040501711995e+18,7.805,0.0,0,0,4,0,8422,0.0,45,0.0,0.0,0.0,0.0,0.0,0,0,0,0,0.0,0,0,0,0,0,0,0,0,0,0,0,0,0,0,0,0,0,0,0,0,0,0,0,0,0,0,0,0,0,0,0,0,0,38,14,7,45,65476,0,300,0,0,8,21553,0.0,-107605600.0,0.0,0.0,0.0,0.0,0.0,0.0,0.0,0.0,0.0,0.0,0.0,0.0,0.0,0.0,0.0,0.0,0.0,0.0,0.0,0.0,0.0,0.0,-0.0,0.0,0.0,0.0,0.0,0.0,5079.0,-0.0,0.0,0.0,-107615296.0,-107615280.0,2.718429300292151e+23,0.0,0.0,0.0,0.0,53,-0.0,0.0,0.0,0.0,0.0,0.0,0.0,0.0,0.0,0,0,0,0.0,0.0,0.0,0.0,0.0,0.0,0.0,0.0,0.0,0.0,0.0,0.0,0.0,0.0,0.0,0.0,0,-107875648.0,53,0.0,106,-107614832.0,0.0,ERR,ERR,ERR,ERR,ERR,ERR,ERR,ERR,ERR,ERR,ERR,ERR,ERR,ERR,ERR,ERR,ERR,ERR,ERR,ERR,ERR,ERR,ERR,ERR,ERR,ERR,ERR,ERR,ERR,ERR,ERR,ERR,ERR,ERR,ERR,ERR,ERR,ERR,ERR,ERR,ERR,ERR,ERR,ERR,ERR,ERR,ERR,ERR,ERR,ERR,ERR,ERR,ERR,ERR,ERR,ERR,ERR,ERR,ERR,ERR,ERR,ERR,ERR,ERR,ERR,ERR,ERR,50.0,60.0,100,0.0,0.0,0.0,0.0,0.0,0.0,0.0,0.0,0.0,0.0,0.0,0.0,0.0,0.0,0.0,0.0,61.6,74,13,65512,50,65476,0,300,0,0,8,20529,65476,0,0,26214,60.0,0.0,0.0,0.0,0.0,0.0
2026-05-17T18:13:38,ERR,ERR,ERR,ERR,ERR,ERR,ERR,ERR,ERR,ERR,ERR,ERR,ERR,ERR,ERR,ERR,ERR,ERR,ERR,ERR,ERR,ERR,ERR,ERR,ERR,ERR,ERR,ERR,ERR,ERR,ERR,ERR,ERR,ERR,ERR,ERR,ERR,ERR,ERR,ERR,ERR,ERR,ERR,ERR,ERR,ERR,ERR,ERR,ERR,ERR,ERR,ERR,ERR,ERR,ERR,ERR,ERR,ERR,ERR,ERR,ERR,ERR,ERR,ERR,ERR,ERR,ERR,ERR,ERR,ERR,ERR,ERR,ERR,ERR,ERR,ERR,ERR,ERR,ERR,ERR,ERR,ERR,ERR,ERR,ERR,ERR,ERR,ERR,ERR,ERR,ERR,ERR,ERR,ERR,ERR,ERR,ERR,ERR,ERR,ERR,ERR,ERR,ERR,ERR,ERR,ERR,ERR,ERR,ERR,ERR,ERR,ERR,ERR,ERR,ERR,ERR,ERR,ERR,ERR,ERR,ERR,ERR,ERR,ERR,ERR,-107615288.0,-107615296.0,0.0,0.0,0.0,1.3936040501711995e+18,7.805,0.0,0,0,4,0,8422,0.0,45,0.0,0.0,0.0,0.0,0.0,0,0,0,0,0.0,0,0,0,0,0,0,0,0,0,0,0,0,0,0,0,0,0,0,0,0,0,0,0,0,0,0,0,0,0,0,0,0,0,38,14,7,45,65476,0,300,0,0,8,21553,0.0,-107605600.0,0.0,0.0,0.0,0.0,0.0,0.0,0.0,0.0,0.0,0.0,0.0,0.0,0.0,0.0,0.0,0.0,0.0,0.0,0.0,0.0,0.0,0.0,-0.0,0.0,0.0,0.0,0.0,0.0,5079.0,-0.0,0.0,0.0,-107615296.0,-107615280.0,2.718429300292151e+23,0.0,0.0,0.0,0.0,53,-0.0,0.0,0.0,0.0,0.0,0.0,0.0,0.0,0.0,0,0,0,0.0,0.0,0.0,0.0,0.0,0.0,0.0,0.0,0.0,0.0,0.0,0.0,0.0,0.0,0.0,0.0,0,-107875648.0,53,0.0,106,-107614832.0,0.0,ERR,ERR,ERR,ERR,ERR,ERR,ERR,ERR,ERR,ERR,ERR,ERR,ERR,ERR,ERR,ERR,ERR,ERR,ERR,ERR,ERR,ERR,ERR,ERR,ERR,ERR,ERR,ERR,ERR,ERR,ERR,ERR,ERR,ERR,ERR,ERR,ERR,ERR,ERR,ERR,ERR,ERR,ERR,ERR,ERR,ERR,ERR,ERR,ERR,ERR,ERR,ERR,ERR,ERR,ERR,ERR,ERR,ERR,ERR,ERR,ERR,ERR,ERR,ERR,ERR,ERR,ERR,50.0,60.0,100,0.0,0.0,0.0,0.0,0.0,0.0,0.0,0.0,0.0,0.0,0.0,0.0,0.0,0.0,0.0,0.0,61.6,74,13,65512,50,65476,0,300,0,0,8,20529,65476,0,0,26214,60.0,0.0,0.0,0.0,0.0,0.0
2026-05-17T18:13:39,ERR,ERR,ERR,ERR,ERR,ERR,ERR,ERR,ERR,ERR,ERR,ERR,ERR,ERR,ERR,ERR,ERR,ERR,ERR,ERR,ERR,ERR,ERR,ERR,ERR,ERR,ERR,ERR,ERR,ERR,ERR,ERR,ERR,ERR,ERR,ERR,ERR,ERR,ERR,ERR,ERR,ERR,ERR,ERR,ERR,ERR,ERR,ERR,ERR,ERR,ERR,ERR,ERR,ERR,ERR,ERR,ERR,ERR,ERR,ERR,ERR,ERR,ERR,ERR,ERR,ERR,ERR,ERR,ERR,ERR,ERR,ERR,ERR,ERR,ERR,ERR,ERR,ERR,ERR,ERR,ERR,ERR,ERR,ERR,ERR,ERR,ERR,ERR,ERR,ERR,ERR,ERR,ERR,ERR,ERR,ERR,ERR,ERR,ERR,ERR,ERR,ERR,ERR,ERR,ERR,ERR,ERR,ERR,ERR,ERR,ERR,ERR,ERR,ERR,ERR,ERR,ERR,ERR,ERR,ERR,ERR,ERR,ERR,ERR,ERR,-107615288.0,-107615296.0,0.0,0.0,0.0,1.3936040501711995e+18,7.805,0.0,0,0,4,0,8422,0.0,45,0.0,0.0,0.0,0.0,0.0,0,0,0,0,0.0,0,0,0,0,0,0,0,0,0,0,0,0,0,0,0,0,0,0,0,0,0,0,0,0,0,0,0,0,0,0,0,0,0,38,14,7,45,65476,0,300,0,0,8,21553,0.0,-107605600.0,0.0,0.0,0.0,0.0,0.0,0.0,0.0,0.0,0.0,0.0,0.0,0.0,0.0,0.0,0.0,0.0,0.0,0.0,0.0,0.0,0.0,0.0,-0.0,0.0,0.0,0.0,0.0,0.0,5079.0,-0.0,0.0,0.0,-107615296.0,-107615280.0,2.718429300292151e+23,0.0,0.0,0.0,0.0,53,-0.0,0.0,0.0,0.0,0.0,0.0,0.0,0.0,0.0,0,0,0,0.0,0.0,0.0,0.0,0.0,0.0,0.0,0.0,0.0,0.0,0.0,0.0,0.0,0.0,0.0,0.0,0,-107875648.0,53,0.0,106,-107614832.0,0.0,ERR,ERR,ERR,ERR,ERR,ERR,ERR,ERR,ERR,ERR,ERR,ERR,ERR,ERR,ERR,ERR,ERR,ERR,ERR,ERR,ERR,ERR,ERR,ERR,ERR,ERR,ERR,ERR,ERR,ERR,ERR,ERR,ERR,ERR,ERR,ERR,ERR,ERR,ERR,ERR,ERR,ERR,ERR,ERR,ERR,ERR,ERR,ERR,ERR,ERR,ERR,ERR,ERR,ERR,ERR,ERR,ERR,ERR,ERR,ERR,ERR,ERR,ERR,ERR,ERR,ERR,ERR,50.0,60.0,100,0.0,0.0,0.0,0.0,0.0,0.0,0.0,0.0,0.0,0.0,0.0,0.0,0.0,0.0,0.0,0.0,61.6,74,13,65512,50,65476,0,300,0,0,8,20529,65476,0,0,26214,60.0,0.0,0.0,0.0,0.0,0.0
2026-05-17T18:13:40,ERR,ERR,ERR,ERR,ERR,ERR,ERR,ERR,ERR,ERR,ERR,ERR,ERR,ERR,ERR,ERR,ERR,ERR,ERR,ERR,ERR,ERR,ERR,ERR,ERR,ERR,ERR,ERR,ERR,ERR,ERR,ERR,ERR,ERR,ERR,ERR,ERR,ERR,ERR,ERR,ERR,ERR,ERR,ERR,ERR,ERR,ERR,ERR,ERR,ERR,ERR,ERR,ERR,ERR,ERR,ERR,ERR,ERR,ERR,ERR,ERR,ERR,ERR,ERR,ERR,ERR,ERR,ERR,ERR,ERR,ERR,ERR,ERR,ERR,ERR,ERR,ERR,ERR,ERR,ERR,ERR,ERR,ERR,ERR,ERR,ERR,ERR,ERR,ERR,ERR,ERR,ERR,ERR,ERR,ERR,ERR,ERR,ERR,ERR,ERR,ERR,ERR,ERR,ERR,ERR,ERR,ERR,ERR,ERR,ERR,ERR,ERR,ERR,ERR,ERR,ERR,ERR,ERR,ERR,ERR,ERR,ERR,ERR,ERR,ERR,-107615288.0,-107615296.0,0.0,0.0,0.0,1.3936040501711995e+18,7.805,0.0,0,0,4,0,8422,0.0,45,0.0,0.0,0.0,0.0,0.0,0,0,0,0,0.0,0,0,0,0,0,0,0,0,0,0,0,0,0,0,0,0,0,0,0,0,0,0,0,0,0,0,0,0,0,0,0,0,0,38,14,7,45,65476,0,300,0,0,8,21553,0.0,-107605600.0,0.0,0.0,0.0,0.0,0.0,0.0,0.0,0.0,0.0,0.0,0.0,0.0,0.0,0.0,0.0,0.0,0.0,0.0,0.0,0.0,0.0,0.0,-0.0,0.0,0.0,0.0,0.0,0.0,5079.0,-0.0,0.0,0.0,-107615296.0,-107615280.0,2.718429300292151e+23,0.0,0.0,0.0,0.0,53,-0.0,0.0,0.0,0.0,0.0,0.0,0.0,0.0,0.0,0,0,0,0.0,0.0,0.0,0.0,0.0,0.0,0.0,0.0,0.0,0.0,0.0,0.0,0.0,0.0,0.0,0.0,0,-107875648.0,53,0.0,106,-107614832.0,0.0,ERR,ERR,ERR,ERR,ERR,ERR,ERR,ERR,ERR,ERR,ERR,ERR,ERR,ERR,ERR,ERR,ERR,ERR,ERR,ERR,ERR,ERR,ERR,ERR,ERR,ERR,ERR,ERR,ERR,ERR,ERR,ERR,ERR,ERR,ERR,ERR,ERR,ERR,ERR,ERR,ERR,ERR,ERR,ERR,ERR,ERR,ERR,ERR,ERR,ERR,ERR,ERR,ERR,ERR,ERR,ERR,ERR,ERR,ERR,ERR,ERR,ERR,ERR,ERR,ERR,ERR,ERR,50.0,60.0,100,0.0,0.0,0.0,0.0,0.0,0.0,0.0,0.0,0.0,0.0,0.0,0.0,0.0,0.0,0.0,0.0,61.6,74,13,65512,50,65476,0,300,0,0,8,20529,65476,0,0,26214,60.0,0.0,0.0,0.0,0.0,0.0
2026-05-17T18:13:41,ERR,ERR,ERR,ERR,ERR,ERR,ERR,ERR,ERR,ERR,ERR,ERR,ERR,ERR,ERR,ERR,ERR,ERR,ERR,ERR,ERR,ERR,ERR,ERR,ERR,ERR,ERR,ERR,ERR,ERR,ERR,ERR,ERR,ERR,ERR,ERR,ERR,ERR,ERR,ERR,ERR,ERR,ERR,ERR,ERR,ERR,ERR,ERR,ERR,ERR,ERR,ERR,ERR,ERR,ERR,ERR,ERR,ERR,ERR,ERR,ERR,ERR,ERR,ERR,ERR,ERR,ERR,ERR,ERR,ERR,ERR,ERR,ERR,ERR,ERR,ERR,ERR,ERR,ERR,ERR,ERR,ERR,ERR,ERR,ERR,ERR,ERR,ERR,ERR,ERR,ERR,ERR,ERR,ERR,ERR,ERR,ERR,ERR,ERR,ERR,ERR,ERR,ERR,ERR,ERR,ERR,ERR,ERR,ERR,ERR,ERR,ERR,ERR,ERR,ERR,ERR,ERR,ERR,ERR,ERR,ERR,ERR,ERR,ERR,ERR,-107615288.0,-107615296.0,0.0,0.0,0.0,1.3936040501711995e+18,7.805,0.0,0,0,4,0,8422,0.0,45,0.0,0.0,0.0,0.0,0.0,0,0,0,0,0.0,0,0,0,0,0,0,0,0,0,0,0,0,0,0,0,0,0,0,0,0,0,0,0,0,0,0,0,0,0,0,0,0,0,38,14,7,45,65476,0,300,0,0,8,21553,0.0,-107605600.0,0.0,0.0,0.0,0.0,0.0,0.0,0.0,0.0,0.0,0.0,0.0,0.0,0.0,0.0,0.0,0.0,0.0,0.0,0.0,0.0,0.0,0.0,-0.0,0.0,0.0,0.0,0.0,0.0,5079.0,-0.0,0.0,0.0,-107615296.0,-107615280.0,2.718429300292151e+23,0.0,0.0,0.0,0.0,53,-0.0,0.0,0.0,0.0,0.0,0.0,0.0,0.0,0.0,0,0,0,0.0,0.0,0.0,0.0,0.0,0.0,0.0,0.0,0.0,0.0,0.0,0.0,0.0,0.0,0.0,0.0,0,-107875648.0,53,0.0,106,-107614832.0,0.0,ERR,ERR,ERR,ERR,ERR,ERR,ERR,ERR,ERR,ERR,ERR,ERR,ERR,ERR,ERR,ERR,ERR,ERR,ERR,ERR,ERR,ERR,ERR,ERR,ERR,ERR,ERR,ERR,ERR,ERR,ERR,ERR,ERR,ERR,ERR,ERR,ERR,ERR,ERR,ERR,ERR,ERR,ERR,ERR,ERR,ERR,ERR,ERR,ERR,ERR,ERR,ERR,ERR,ERR,ERR,ERR,ERR,ERR,ERR,ERR,ERR,ERR,ERR,ERR,ERR,ERR,ERR,50.0,60.0,100,0.0,0.0,0.0,0.0,0.0,0.0,0.0,0.0,0.0,0.0,0.0,0.0,0.0,0.0,0.0,0.0,61.6,74,13,65512,50,65476,0,300,0,0,8,20529,65476,0,0,26214,60.0,0.0,0.0,0.0,0.0,0.0
2026-05-17T18:13:42,ERR,ERR,ERR,ERR,ERR,ERR,ERR,ERR,ERR,ERR,ERR,ERR,ERR,ERR,ERR,ERR,ERR,ERR,ERR,ERR,ERR,ERR,ERR,ERR,ERR,ERR,ERR,ERR,ERR,ERR,ERR,ERR,ERR,ERR,ERR,ERR,ERR,ERR,ERR,ERR,ERR,ERR,ERR,ERR,ERR,ERR,ERR,ERR,ERR,ERR,ERR,ERR,ERR,ERR,ERR,ERR,ERR,ERR,ERR,ERR,ERR,ERR,ERR,ERR,ERR,ERR,ERR,ERR,ERR,ERR,ERR,ERR,ERR,ERR,ERR,ERR,ERR,ERR,ERR,ERR,ERR,ERR,ERR,ERR,ERR,ERR,ERR,ERR,ERR,ERR,ERR,ERR,ERR,ERR,ERR,ERR,ERR,ERR,ERR,ERR,ERR,ERR,ERR,ERR,ERR,ERR,ERR,ERR,ERR,ERR,ERR,ERR,ERR,ERR,ERR,ERR,ERR,ERR,ERR,ERR,ERR,ERR,ERR,ERR,ERR,0.0,-107615296.0,-134474944.0,0.0,0.0,1.3936040501711995e+18,7.805,0.0,0,0,4,0,8422,0.0,45,0.0,0.0,0.0,0.0,0.0,0,0,0,0,0.0,0,0,0,0,0,0,0,0,0,0,0,0,0,0,0,0,0,0,0,0,0,0,0,0,0,0,0,0,0,0,0,0,0,38,14,7,45,65476,0,300,0,0,8,21553,0.0,-107605600.0,0.0,0.0,0.0,0.0,0.0,0.0,0.0,0.0,0.0,0.0,0.0,0.0,0.0,0.0,0.0,0.0,0.0,0.0,0.0,0.0,0.0,0.0,-0.0,0.0,0.0,0.0,0.0,0.0,5076.0,-0.0,0.0,0.0,-107615296.0,-107615280.0,2.718429300292151e+23,0.0,0.0,0.0,0.0,53,5.848083413016271e+35,0.0,0.0,0.0,0.0,0.0,0.0,0.0,0.0,0,0,0,0.0,0.0,0.0,0.0,0.0,0.0,0.0,0.0,0.0,0.0,0.0,0.0,0.0,0.0,0.0,0.0,0,-107875648.0,53,0.0,106,-107614832.0,0.0,ERR,ERR,ERR,ERR,ERR,ERR,ERR,ERR,ERR,ERR,ERR,ERR,ERR,ERR,ERR,ERR,ERR,ERR,ERR,ERR,ERR,ERR,ERR,ERR,ERR,ERR,ERR,ERR,ERR,ERR,ERR,ERR,ERR,ERR,ERR,ERR,ERR,ERR,ERR,ERR,ERR,ERR,ERR,ERR,ERR,ERR,ERR,ERR,ERR,ERR,ERR,ERR,ERR,ERR,ERR,ERR,ERR,ERR,ERR,ERR,ERR,ERR,ERR,ERR,ERR,ERR,ERR,50.0,60.0,100,0.0,0.0,0.0,0.0,0.0,0.0,0.0,0.0,0.0,0.0,0.0,0.0,0.0,0.0,0.0,0.0,61.6,74,13,65512,50,65476,0,300,0,0,8,20529,65476,0,0,26214,60.0,0.0,0.0,0.0,0.0,0.0
2026-05-17T18:13:43,ERR,ERR,ERR,ERR,ERR,ERR,ERR,ERR,ERR,ERR,ERR,ERR,ERR,ERR,ERR,ERR,ERR,ERR,ERR,ERR,ERR,ERR,ERR,ERR,ERR,ERR,ERR,ERR,ERR,ERR,ERR,ERR,ERR,ERR,ERR,ERR,ERR,ERR,ERR,ERR,ERR,ERR,ERR,ERR,ERR,ERR,ERR,ERR,ERR,ERR,ERR,ERR,ERR,ERR,ERR,ERR,ERR,ERR,ERR,ERR,ERR,ERR,ERR,ERR,ERR,ERR,ERR,ERR,ERR,ERR,ERR,ERR,ERR,ERR,ERR,ERR,ERR,ERR,ERR,ERR,ERR,ERR,ERR,ERR,ERR,ERR,ERR,ERR,ERR,ERR,ERR,ERR,ERR,ERR,ERR,ERR,ERR,ERR,ERR,ERR,ERR,ERR,ERR,ERR,ERR,ERR,ERR,ERR,ERR,ERR,ERR,ERR,ERR,ERR,ERR,ERR,ERR,ERR,ERR,ERR,ERR,ERR,ERR,ERR,ERR,0.0,-107615296.0,-134474944.0,0.0,0.0,1.3936040501711995e+18,7.805,0.0,0,0,4,0,8422,0.0,45,0.0,0.0,0.0,0.0,0.0,0,0,0,0,0.0,0,0,0,0,0,0,0,0,0,0,0,0,0,0,0,0,0,0,0,0,0,0,0,0,0,0,0,0,0,0,0,0,0,38,14,7,45,65476,0,300,0,0,8,21553,0.0,-107605600.0,0.0,0.0,0.0,0.0,0.0,0.0,0.0,0.0,0.0,0.0,0.0,0.0,0.0,0.0,0.0,0.0,0.0,0.0,0.0,0.0,0.0,0.0,-0.0,0.0,0.0,0.0,0.0,0.0,5076.0,-0.0,0.0,0.0,-107615296.0,-107615280.0,2.718429300292151e+23,0.0,0.0,0.0,0.0,53,5.848083413016271e+35,0.0,0.0,0.0,0.0,0.0,0.0,0.0,0.0,0,0,0,0.0,0.0,0.0,0.0,0.0,0.0,0.0,0.0,0.0,0.0,0.0,0.0,0.0,0.0,0.0,0.0,0,-107875648.0,53,0.0,106,-107614832.0,0.0,ERR,ERR,ERR,ERR,ERR,ERR,ERR,ERR,ERR,ERR,ERR,ERR,ERR,ERR,ERR,ERR,ERR,ERR,ERR,ERR,ERR,ERR,ERR,ERR,ERR,ERR,ERR,ERR,ERR,ERR,ERR,ERR,ERR,ERR,ERR,ERR,ERR,ERR,ERR,ERR,ERR,ERR,ERR,ERR,ERR,ERR,ERR,ERR,ERR,ERR,ERR,ERR,ERR,ERR,ERR,ERR,ERR,ERR,ERR,ERR,ERR,ERR,ERR,ERR,ERR,ERR,ERR,50.0,60.0,100,0.0,0.0,0.0,0.0,0.0,0.0,0.0,0.0,0.0,0.0,0.0,0.0,0.0,0.0,0.0,0.0,61.6,74,13,65512,50,65476,0,300,0,0,8,20529,65476,0,0,26214,60.0,0.0,0.0,0.0,0.0,0.0
2026-05-17T18:13:44,ERR,ERR,ERR,ERR,ERR,ERR,ERR,ERR,ERR,ERR,ERR,ERR,ERR,ERR,ERR,ERR,ERR,ERR,ERR,ERR,ERR,ERR,ERR,ERR,ERR,ERR,ERR,ERR,ERR,ERR,ERR,ERR,ERR,ERR,ERR,ERR,ERR,ERR,ERR,ERR,ERR,ERR,ERR,ERR,ERR,ERR,ERR,ERR,ERR,ERR,ERR,ERR,ERR,ERR,ERR,ERR,ERR,ERR,ERR,ERR,ERR,ERR,ERR,ERR,ERR,ERR,ERR,ERR,ERR,ERR,ERR,ERR,ERR,ERR,ERR,ERR,ERR,ERR,ERR,ERR,ERR,ERR,ERR,ERR,ERR,ERR,ERR,ERR,ERR,ERR,ERR,ERR,ERR,ERR,ERR,ERR,ERR,ERR,ERR,ERR,ERR,ERR,ERR,ERR,ERR,ERR,ERR,ERR,ERR,ERR,ERR,ERR,ERR,ERR,ERR,ERR,ERR,ERR,ERR,ERR,ERR,ERR,ERR,ERR,ERR,0.0,-107615296.0,-134474944.0,0.0,0.0,1.3936040501711995e+18,7.805,0.0,0,0,4,0,8422,0.0,45,0.0,0.0,0.0,0.0,0.0,0,0,0,0,0.0,0,0,0,0,0,0,0,0,0,0,0,0,0,0,0,0,0,0,0,0,0,0,0,0,0,0,0,0,0,0,0,0,0,38,14,7,45,65476,0,300,0,0,8,21553,0.0,-107605600.0,0.0,0.0,0.0,0.0,0.0,0.0,0.0,0.0,0.0,0.0,0.0,0.0,0.0,0.0,0.0,0.0,0.0,0.0,0.0,0.0,0.0,0.0,-0.0,0.0,0.0,0.0,0.0,0.0,5076.0,-0.0,0.0,0.0,-107615296.0,-107615280.0,2.718429300292151e+23,0.0,0.0,0.0,0.0,53,5.848083413016271e+35,0.0,0.0,0.0,0.0,0.0,0.0,0.0,0.0,0,0,0,0.0,0.0,0.0,0.0,0.0,0.0,0.0,0.0,0.0,0.0,0.0,0.0,0.0,0.0,0.0,0.0,0,-107875648.0,53,0.0,106,-107614832.0,0.0,ERR,ERR,ERR,ERR,ERR,ERR,ERR,ERR,ERR,ERR,ERR,ERR,ERR,ERR,ERR,ERR,ERR,ERR,ERR,ERR,ERR,ERR,ERR,ERR,ERR,ERR,ERR,ERR,ERR,ERR,ERR,ERR,ERR,ERR,ERR,ERR,ERR,ERR,ERR,ERR,ERR,ERR,ERR,ERR,ERR,ERR,ERR,ERR,ERR,ERR,ERR,ERR,ERR,ERR,ERR,ERR,ERR,ERR,ERR,ERR,ERR,ERR,ERR,ERR,ERR,ERR,ERR,50.0,60.0,100,0.0,0.0,0.0,0.0,0.0,0.0,0.0,0.0,0.0,0.0,0.0,0.0,0.0,0.0,0.0,0.0,61.6,74,13,65512,50,65476,0,300,0,0,8,20529,65476,0,0,26214,60.0,0.0,0.0,0.0,0.0,0.0
2026-05-17T18:13:45,ERR,ERR,ERR,ERR,ERR,ERR,ERR,ERR,ERR,ERR,ERR,ERR,ERR,ERR,ERR,ERR,ERR,ERR,ERR,ERR,ERR,ERR,ERR,ERR,ERR,ERR,ERR,ERR,ERR,ERR,ERR,ERR,ERR,ERR,ERR,ERR,ERR,ERR,ERR,ERR,ERR,ERR,ERR,ERR,ERR,ERR,ERR,ERR,ERR,ERR,ERR,ERR,ERR,ERR,ERR,ERR,ERR,ERR,ERR,ERR,ERR,ERR,ERR,ERR,ERR,ERR,ERR,ERR,ERR,ERR,ERR,ERR,ERR,ERR,ERR,ERR,ERR,ERR,ERR,ERR,ERR,ERR,ERR,ERR,ERR,ERR,ERR,ERR,ERR,ERR,ERR,ERR,ERR,ERR,ERR,ERR,ERR,ERR,ERR,ERR,ERR,ERR,ERR,ERR,ERR,ERR,ERR,ERR,ERR,ERR,ERR,ERR,ERR,ERR,ERR,ERR,ERR,ERR,ERR,ERR,ERR,ERR,ERR,ERR,ERR,0.0,-107615296.0,-134474944.0,0.0,0.0,1.3936040501711995e+18,7.805,0.0,0,0,4,0,8422,0.0,45,0.0,0.0,0.0,0.0,0.0,0,0,0,0,0.0,0,0,0,0,0,0,0,0,0,0,0,0,0,0,0,0,0,0,0,0,0,0,0,0,0,0,0,0,0,0,0,0,0,38,14,7,45,65476,0,300,0,0,8,21553,0.0,-107605600.0,0.0,0.0,0.0,0.0,0.0,0.0,0.0,0.0,0.0,0.0,0.0,0.0,0.0,0.0,0.0,0.0,0.0,0.0,0.0,0.0,0.0,0.0,-0.0,0.0,0.0,0.0,0.0,0.0,5076.0,-0.0,0.0,0.0,-107615296.0,-107615280.0,2.718429300292151e+23,0.0,0.0,0.0,0.0,53,5.848083413016271e+35,0.0,0.0,0.0,0.0,0.0,0.0,0.0,0.0,0,0,0,0.0,0.0,0.0,0.0,0.0,0.0,0.0,0.0,0.0,0.0,0.0,0.0,0.0,0.0,0.0,0.0,0,-107875648.0,53,0.0,106,-107614832.0,0.0,ERR,ERR,ERR,ERR,ERR,ERR,ERR,ERR,ERR,ERR,ERR,ERR,ERR,ERR,ERR,ERR,ERR,ERR,ERR,ERR,ERR,ERR,ERR,ERR,ERR,ERR,ERR,ERR,ERR,ERR,ERR,ERR,ERR,ERR,ERR,ERR,ERR,ERR,ERR,ERR,ERR,ERR,ERR,ERR,ERR,ERR,ERR,ERR,ERR,ERR,ERR,ERR,ERR,ERR,ERR,ERR,ERR,ERR,ERR,ERR,ERR,ERR,ERR,ERR,ERR,ERR,ERR,50.0,60.0,100,0.0,0.0,0.0,0.0,0.0,0.0,0.0,0.0,0.0,0.0,0.0,0.0,0.0,0.0,0.0,0.0,61.6,74,13,65512,50,65476,0,300,0,0,8,20529,65476,0,0,26214,60.0,0.0,0.0,0.0,0.0,0.0
2026-05-17T18:13:46,ERR,ERR,ERR,ERR,ERR,ERR,ERR,ERR,ERR,ERR,ERR,ERR,ERR,ERR,ERR,ERR,ERR,ERR,ERR,ERR,ERR,ERR,ERR,ERR,ERR,ERR,ERR,ERR,ERR,ERR,ERR,ERR,ERR,ERR,ERR,ERR,ERR,ERR,ERR,ERR,ERR,ERR,ERR,ERR,ERR,ERR,ERR,ERR,ERR,ERR,ERR,ERR,ERR,ERR,ERR,ERR,ERR,ERR,ERR,ERR,ERR,ERR,ERR,ERR,ERR,ERR,ERR,ERR,ERR,ERR,ERR,ERR,ERR,ERR,ERR,ERR,ERR,ERR,ERR,ERR,ERR,ERR,ERR,ERR,ERR,ERR,ERR,ERR,ERR,ERR,ERR,ERR,ERR,ERR,ERR,ERR,ERR,ERR,ERR,ERR,ERR,ERR,ERR,ERR,ERR,ERR,ERR,ERR,ERR,ERR,ERR,ERR,ERR,ERR,ERR,ERR,ERR,ERR,ERR,ERR,ERR,ERR,ERR,ERR,ERR,0.0,-107615296.0,-134474944.0,0.0,0.0,1.3936040501711995e+18,7.805,0.0,0,0,4,0,8422,0.0,45,0.0,0.0,0.0,0.0,0.0,0,0,0,0,0.0,0,0,0,0,0,0,0,0,0,0,0,0,0,0,0,0,0,0,0,0,0,0,0,0,0,0,0,0,0,0,0,0,0,38,14,7,45,65476,0,300,0,0,8,21553,0.0,-107605600.0,0.0,0.0,0.0,0.0,0.0,0.0,0.0,0.0,0.0,0.0,0.0,0.0,0.0,0.0,0.0,0.0,0.0,0.0,0.0,0.0,0.0,0.0,-0.0,0.0,0.0,0.0,0.0,0.0,5076.0,-0.0,0.0,0.0,-107615296.0,-107615280.0,2.718429300292151e+23,0.0,0.0,0.0,0.0,53,5.848083413016271e+35,0.0,0.0,0.0,0.0,0.0,0.0,0.0,0.0,0,0,0,0.0,0.0,0.0,0.0,0.0,0.0,0.0,0.0,0.0,0.0,0.0,0.0,0.0,0.0,0.0,0.0,0,-107875648.0,53,0.0,106,-107614832.0,0.0,ERR,ERR,ERR,ERR,ERR,ERR,ERR,ERR,ERR,ERR,ERR,ERR,ERR,ERR,ERR,ERR,ERR,ERR,ERR,ERR,ERR,ERR,ERR,ERR,ERR,ERR,ERR,ERR,ERR,ERR,ERR,ERR,ERR,ERR,ERR,ERR,ERR,ERR,ERR,ERR,ERR,ERR,ERR,ERR,ERR,ERR,ERR,ERR,ERR,ERR,ERR,ERR,ERR,ERR,ERR,ERR,ERR,ERR,ERR,ERR,ERR,ERR,ERR,ERR,ERR,ERR,ERR,50.0,60.0,100,0.0,0.0,0.0,0.0,0.0,0.0,0.0,0.0,0.0,0.0,0.0,0.0,0.0,0.0,0.0,0.0,61.6,74,13,65512,50,65476,0,300,0,0,8,20529,65476,0,0,26214,60.0,0.0,0.0,0.0,0.0,0.0
2026-05-17T18:13:47,ERR,ERR,ERR,ERR,ERR,ERR,ERR,ERR,ERR,ERR,ERR,ERR,ERR,ERR,ERR,ERR,ERR,ERR,ERR,ERR,ERR,ERR,ERR,ERR,ERR,ERR,ERR,ERR,ERR,ERR,ERR,ERR,ERR,ERR,ERR,ERR,ERR,ERR,ERR,ERR,ERR,ERR,ERR,ERR,ERR,ERR,ERR,ERR,ERR,ERR,ERR,ERR,ERR,ERR,ERR,ERR,ERR,ERR,ERR,ERR,ERR,ERR,ERR,ERR,ERR,ERR,ERR,ERR,ERR,ERR,ERR,ERR,ERR,ERR,ERR,ERR,ERR,ERR,ERR,ERR,ERR,ERR,ERR,ERR,ERR,ERR,ERR,ERR,ERR,ERR,ERR,ERR,ERR,ERR,ERR,ERR,ERR,ERR,ERR,ERR,ERR,ERR,ERR,ERR,ERR,ERR,ERR,ERR,ERR,ERR,ERR,ERR,ERR,ERR,ERR,ERR,ERR,ERR,ERR,ERR,ERR,ERR,ERR,ERR,ERR,-107615288.0,-107615296.0,0.0,0.0,0.0,1.3936040501711995e+18,7.805,0.0,0,0,4,0,8422,0.0,45,0.0,0.0,0.0,0.0,0.0,0,0,0,0,0.0,0,0,0,0,0,0,0,0,0,0,0,0,0,0,0,0,0,0,0,0,0,0,0,0,0,0,0,0,0,0,0,0,0,38,14,7,45,65476,0,300,0,0,8,21553,0.0,-107605600.0,0.0,0.0,0.0,0.0,0.0,0.0,0.0,0.0,0.0,0.0,0.0,0.0,0.0,0.0,0.0,0.0,0.0,0.0,0.0,0.0,0.0,0.0,-0.0,0.0,0.0,0.0,0.0,0.0,5077.0,2.004,0.0,0.0,-107615296.0,-107615280.0,2.718429300292151e+23,0.0,0.0,0.0,0.0,53,-0.0,-0.0,0.0,0.0,0.0,0.0,0.0,0.0,0.0,0,0,0,0.0,0.0,0.0,0.0,0.0,0.0,0.0,0.0,0.0,0.0,0.0,0.0,0.0,0.0,0.0,0.0,0,-107875648.0,53,0.0,106,-107614832.0,0.0,ERR,ERR,ERR,ERR,ERR,ERR,ERR,ERR,ERR,ERR,ERR,ERR,ERR,ERR,ERR,ERR,ERR,ERR,ERR,ERR,ERR,ERR,ERR,ERR,ERR,ERR,ERR,ERR,ERR,ERR,ERR,ERR,ERR,ERR,ERR,ERR,ERR,ERR,ERR,ERR,ERR,ERR,ERR,ERR,ERR,ERR,ERR,ERR,ERR,ERR,ERR,ERR,ERR,ERR,ERR,ERR,ERR,ERR,ERR,ERR,ERR,ERR,ERR,ERR,ERR,ERR,ERR,50.0,60.0,100,0.0,0.0,0.0,0.0,0.0,0.0,0.0,0.0,0.0,0.0,0.0,0.0,0.0,0.0,0.0,0.0,61.6,74,13,65512,50,65476,0,300,0,0,8,20529,65476,0,0,26214,60.0,0.0,0.0,0.0,0.0,0.0
2026-05-17T18:13:48,ERR,ERR,ERR,ERR,ERR,ERR,ERR,ERR,ERR,ERR,ERR,ERR,ERR,ERR,ERR,ERR,ERR,ERR,ERR,ERR,ERR,ERR,ERR,ERR,ERR,ERR,ERR,ERR,ERR,ERR,ERR,ERR,ERR,ERR,ERR,ERR,ERR,ERR,ERR,ERR,ERR,ERR,ERR,ERR,ERR,ERR,ERR,ERR,ERR,ERR,ERR,ERR,ERR,ERR,ERR,ERR,ERR,ERR,ERR,ERR,ERR,ERR,ERR,ERR,ERR,ERR,ERR,ERR,ERR,ERR,ERR,ERR,ERR,ERR,ERR,ERR,ERR,ERR,ERR,ERR,ERR,ERR,ERR,ERR,ERR,ERR,ERR,ERR,ERR,ERR,ERR,ERR,ERR,ERR,ERR,ERR,ERR,ERR,ERR,ERR,ERR,ERR,ERR,ERR,ERR,ERR,ERR,ERR,ERR,ERR,ERR,ERR,ERR,ERR,ERR,ERR,ERR,ERR,ERR,ERR,ERR,ERR,ERR,ERR,ERR,-107615288.0,-107615296.0,0.0,0.0,0.0,1.3936040501711995e+18,7.805,0.0,0,0,4,0,8422,0.0,45,0.0,0.0,0.0,0.0,0.0,0,0,0,0,0.0,0,0,0,0,0,0,0,0,0,0,0,0,0,0,0,0,0,0,0,0,0,0,0,0,0,0,0,0,0,0,0,0,0,38,14,7,45,65476,0,300,0,0,8,21553,0.0,-107605600.0,0.0,0.0,0.0,0.0,0.0,0.0,0.0,0.0,0.0,0.0,0.0,0.0,0.0,0.0,0.0,0.0,0.0,0.0,0.0,0.0,0.0,0.0,-0.0,0.0,0.0,0.0,0.0,0.0,5077.0,2.004,0.0,0.0,-107615296.0,-107615280.0,2.718429300292151e+23,0.0,0.0,0.0,0.0,53,-0.0,-0.0,0.0,0.0,0.0,0.0,0.0,0.0,0.0,0,0,0,0.0,0.0,0.0,0.0,0.0,0.0,0.0,0.0,0.0,0.0,0.0,0.0,0.0,0.0,0.0,0.0,0,-107875648.0,53,0.0,106,-107614832.0,0.0,ERR,ERR,ERR,ERR,ERR,ERR,ERR,ERR,ERR,ERR,ERR,ERR,ERR,ERR,ERR,ERR,ERR,ERR,ERR,ERR,ERR,ERR,ERR,ERR,ERR,ERR,ERR,ERR,ERR,ERR,ERR,ERR,ERR,ERR,ERR,ERR,ERR,ERR,ERR,ERR,ERR,ERR,ERR,ERR,ERR,ERR,ERR,ERR,ERR,ERR,ERR,ERR,ERR,ERR,ERR,ERR,ERR,ERR,ERR,ERR,ERR,ERR,ERR,ERR,ERR,ERR,ERR,50.0,60.0,100,0.0,0.0,0.0,0.0,0.0,0.0,0.0,0.0,0.0,0.0,0.0,0.0,0.0,0.0,0.0,0.0,61.6,74,13,65511,50,65476,0,300,0,0,8,20529,65476,0,0,26214,60.0,0.0,0.0,0.0,0.0,0.0
2026-05-17T18:13:49,ERR,ERR,ERR,ERR,ERR,ERR,ERR,ERR,ERR,ERR,ERR,ERR,ERR,ERR,ERR,ERR,ERR,ERR,ERR,ERR,ERR,ERR,ERR,ERR,ERR,ERR,ERR,ERR,ERR,ERR,ERR,ERR,ERR,ERR,ERR,ERR,ERR,ERR,ERR,ERR,ERR,ERR,ERR,ERR,ERR,ERR,ERR,ERR,ERR,ERR,ERR,ERR,ERR,ERR,ERR,ERR,ERR,ERR,ERR,ERR,ERR,ERR,ERR,ERR,ERR,ERR,ERR,ERR,ERR,ERR,ERR,ERR,ERR,ERR,ERR,ERR,ERR,ERR,ERR,ERR,ERR,ERR,ERR,ERR,ERR,ERR,ERR,ERR,ERR,ERR,ERR,ERR,ERR,ERR,ERR,ERR,ERR,ERR,ERR,ERR,ERR,ERR,ERR,ERR,ERR,ERR,ERR,ERR,ERR,ERR,ERR,ERR,ERR,ERR,ERR,ERR,ERR,ERR,ERR,ERR,ERR,ERR,ERR,ERR,ERR,-107615288.0,-107615296.0,0.0,0.0,0.0,1.3936040501711995e+18,7.805,0.0,0,0,4,0,8422,0.0,45,0.0,0.0,0.0,0.0,0.0,0,0,0,0,0.0,0,0,0,0,0,0,0,0,0,0,0,0,0,0,0,0,0,0,0,0,0,0,0,0,0,0,0,0,0,0,0,0,0,38,14,7,45,65476,0,300,0,0,8,21553,0.0,-107605600.0,0.0,0.0,0.0,0.0,0.0,0.0,0.0,0.0,0.0,0.0,0.0,0.0,0.0,0.0,0.0,0.0,0.0,0.0,0.0,0.0,0.0,0.0,-0.0,0.0,0.0,0.0,0.0,0.0,5077.0,2.004,0.0,0.0,-107615296.0,-107615280.0,2.718429300292151e+23,0.0,0.0,0.0,0.0,53,-0.0,-0.0,0.0,0.0,0.0,0.0,0.0,0.0,0.0,0,0,0,0.0,0.0,0.0,0.0,0.0,0.0,0.0,0.0,0.0,0.0,0.0,0.0,0.0,0.0,0.0,0.0,0,-107875648.0,53,0.0,106,-107614832.0,0.0,ERR,ERR,ERR,ERR,ERR,ERR,ERR,ERR,ERR,ERR,ERR,ERR,ERR,ERR,ERR,ERR,ERR,ERR,ERR,ERR,ERR,ERR,ERR,ERR,ERR,ERR,ERR,ERR,ERR,ERR,ERR,ERR,ERR,ERR,ERR,ERR,ERR,ERR,ERR,ERR,ERR,ERR,ERR,ERR,ERR,ERR,ERR,ERR,ERR,ERR,ERR,ERR,ERR,ERR,ERR,ERR,ERR,ERR,ERR,ERR,ERR,ERR,ERR,ERR,ERR,ERR,ERR,50.0,60.0,100,0.0,0.0,0.0,0.0,0.0,0.0,0.0,0.0,0.0,0.0,0.0,0.0,0.0,0.0,0.0,0.0,61.6,74,13,65511,50,65476,0,300,0,0,8,20529,65476,0,0,26214,60.0,0.0,0.0,0.0,0.0,0.0
2026-05-17T18:13:50,ERR,ERR,ERR,ERR,ERR,ERR,ERR,ERR,ERR,ERR,ERR,ERR,ERR,ERR,ERR,ERR,ERR,ERR,ERR,ERR,ERR,ERR,ERR,ERR,ERR,ERR,ERR,ERR,ERR,ERR,ERR,ERR,ERR,ERR,ERR,ERR,ERR,ERR,ERR,ERR,ERR,ERR,ERR,ERR,ERR,ERR,ERR,ERR,ERR,ERR,ERR,ERR,ERR,ERR,ERR,ERR,ERR,ERR,ERR,ERR,ERR,ERR,ERR,ERR,ERR,ERR,ERR,ERR,ERR,ERR,ERR,ERR,ERR,ERR,ERR,ERR,ERR,ERR,ERR,ERR,ERR,ERR,ERR,ERR,ERR,ERR,ERR,ERR,ERR,ERR,ERR,ERR,ERR,ERR,ERR,ERR,ERR,ERR,ERR,ERR,ERR,ERR,ERR,ERR,ERR,ERR,ERR,ERR,ERR,ERR,ERR,ERR,ERR,ERR,ERR,ERR,ERR,ERR,ERR,ERR,ERR,ERR,ERR,ERR,ERR,-107615288.0,-107615296.0,0.0,0.0,0.0,1.3936040501711995e+18,7.805,0.0,0,0,4,0,8422,0.0,45,0.0,0.0,0.0,0.0,0.0,0,0,0,0,0.0,0,0,0,0,0,0,0,0,0,0,0,0,0,0,0,0,0,0,0,0,0,0,0,0,0,0,0,0,0,0,0,0,0,38,14,7,45,65476,0,300,0,0,8,21553,0.0,-107605600.0,0.0,0.0,0.0,0.0,0.0,0.0,0.0,0.0,0.0,0.0,0.0,0.0,0.0,0.0,0.0,0.0,0.0,0.0,0.0,0.0,0.0,0.0,-0.0,0.0,0.0,0.0,0.0,0.0,5077.0,2.004,0.0,0.0,-107615296.0,-107615280.0,2.718429300292151e+23,0.0,0.0,0.0,0.0,53,-0.0,-0.0,0.0,0.0,0.0,0.0,0.0,0.0,0.0,0,0,0,0.0,0.0,0.0,0.0,0.0,0.0,0.0,0.0,0.0,0.0,0.0,0.0,0.0,0.0,0.0,0.0,0,-107875648.0,53,0.0,106,-107614832.0,0.0,ERR,ERR,ERR,ERR,ERR,ERR,ERR,ERR,ERR,ERR,ERR,ERR,ERR,ERR,ERR,ERR,ERR,ERR,ERR,ERR,ERR,ERR,ERR,ERR,ERR,ERR,ERR,ERR,ERR,ERR,ERR,ERR,ERR,ERR,ERR,ERR,ERR,ERR,ERR,ERR,ERR,ERR,ERR,ERR,ERR,ERR,ERR,ERR,ERR,ERR,ERR,ERR,ERR,ERR,ERR,ERR,ERR,ERR,ERR,ERR,ERR,ERR,ERR,ERR,ERR,ERR,ERR,50.0,60.0,100,0.0,0.0,0.0,0.0,0.0,0.0,0.0,0.0,0.0,0.0,0.0,0.0,0.0,0.0,0.0,0.0,61.6,74,13,65511,50,65476,0,300,0,0,8,20529,65476,0,0,26214,60.0,0.0,0.0,0.0,0.0,0.0
2026-05-17T18:13:51,ERR,ERR,ERR,ERR,ERR,ERR,ERR,ERR,ERR,ERR,ERR,ERR,ERR,ERR,ERR,ERR,ERR,ERR,ERR,ERR,ERR,ERR,ERR,ERR,ERR,ERR,ERR,ERR,ERR,ERR,ERR,ERR,ERR,ERR,ERR,ERR,ERR,ERR,ERR,ERR,ERR,ERR,ERR,ERR,ERR,ERR,ERR,ERR,ERR,ERR,ERR,ERR,ERR,ERR,ERR,ERR,ERR,ERR,ERR,ERR,ERR,ERR,ERR,ERR,ERR,ERR,ERR,ERR,ERR,ERR,ERR,ERR,ERR,ERR,ERR,ERR,ERR,ERR,ERR,ERR,ERR,ERR,ERR,ERR,ERR,ERR,ERR,ERR,ERR,ERR,ERR,ERR,ERR,ERR,ERR,ERR,ERR,ERR,ERR,ERR,ERR,ERR,ERR,ERR,ERR,ERR,ERR,ERR,ERR,ERR,ERR,ERR,ERR,ERR,ERR,ERR,ERR,ERR,ERR,ERR,ERR,ERR,ERR,ERR,ERR,-107615288.0,-107615296.0,0.0,0.0,0.0,1.3936040501711995e+18,7.805,0.0,0,0,4,0,8422,0.0,45,0.0,0.0,0.0,0.0,0.0,0,0,0,0,0.0,0,0,0,0,0,0,0,0,0,0,0,0,0,0,0,0,0,0,0,0,0,0,0,0,0,0,0,0,0,0,0,0,0,38,14,7,45,65476,0,300,0,0,8,21553,0.0,-107605600.0,0.0,0.0,0.0,0.0,0.0,0.0,0.0,0.0,0.0,0.0,0.0,0.0,0.0,0.0,0.0,0.0,0.0,0.0,0.0,0.0,0.0,0.0,-0.0,0.0,0.0,0.0,0.0,0.0,5077.0,2.004,0.0,0.0,-107615296.0,-107615280.0,2.718429300292151e+23,0.0,0.0,0.0,0.0,53,-0.0,-0.0,0.0,0.0,0.0,0.0,0.0,0.0,0.0,0,0,0,0.0,0.0,0.0,0.0,0.0,0.0,0.0,0.0,0.0,0.0,0.0,0.0,0.0,0.0,0.0,0.0,0,-107875648.0,53,0.0,106,-107614832.0,0.0,ERR,ERR,ERR,ERR,ERR,ERR,ERR,ERR,ERR,ERR,ERR,ERR,ERR,ERR,ERR,ERR,ERR,ERR,ERR,ERR,ERR,ERR,ERR,ERR,ERR,ERR,ERR,ERR,ERR,ERR,ERR,ERR,ERR,ERR,ERR,ERR,ERR,ERR,ERR,ERR,ERR,ERR,ERR,ERR,ERR,ERR,ERR,ERR,ERR,ERR,ERR,ERR,ERR,ERR,ERR,ERR,ERR,ERR,ERR,ERR,ERR,ERR,ERR,ERR,ERR,ERR,ERR,50.0,60.0,100,0.0,0.0,0.0,0.0,0.0,0.0,0.0,0.0,0.0,0.0,0.0,0.0,0.0,0.0,0.0,0.0,61.6,74,13,65511,50,65476,0,300,0,0,8,20529,65476,0,0,26214,60.0,0.0,0.0,0.0,0.0,0.0
2026-05-17T18:13:52,ERR,ERR,ERR,ERR,ERR,ERR,ERR,ERR,ERR,ERR,ERR,ERR,ERR,ERR,ERR,ERR,ERR,ERR,ERR,ERR,ERR,ERR,ERR,ERR,ERR,ERR,ERR,ERR,ERR,ERR,ERR,ERR,ERR,ERR,ERR,ERR,ERR,ERR,ERR,ERR,ERR,ERR,ERR,ERR,ERR,ERR,ERR,ERR,ERR,ERR,ERR,ERR,ERR,ERR,ERR,ERR,ERR,ERR,ERR,ERR,ERR,ERR,ERR,ERR,ERR,ERR,ERR,ERR,ERR,ERR,ERR,ERR,ERR,ERR,ERR,ERR,ERR,ERR,ERR,ERR,ERR,ERR,ERR,ERR,ERR,ERR,ERR,ERR,ERR,ERR,ERR,ERR,ERR,ERR,ERR,ERR,ERR,ERR,ERR,ERR,ERR,ERR,ERR,ERR,ERR,ERR,ERR,ERR,ERR,ERR,ERR,ERR,ERR,ERR,ERR,ERR,ERR,ERR,ERR,ERR,ERR,ERR,ERR,ERR,ERR,0.0,-107615296.0,-134474944.0,0.0,0.0,1.3936040501711995e+18,7.805,0.0,0,0,4,0,8422,0.0,45,0.0,0.0,0.0,0.0,0.0,0,0,0,0,0.0,0,0,0,0,0,0,0,0,0,0,0,0,0,0,0,0,0,0,0,0,0,0,0,0,0,0,0,0,0,0,0,0,0,38,14,7,45,65476,0,300,0,0,8,21553,0.0,-107605600.0,0.0,0.0,0.0,0.0,0.0,0.0,0.0,0.0,0.0,0.0,0.0,0.0,0.0,0.0,0.0,0.0,0.0,0.0,0.0,0.0,-2.004,0.0,-0.0,0.0,0.0,0.0,0.0,0.0,5085.0,0.0,0.0,0.0,-107615296.0,-107615280.0,2.718429300292151e+23,0.0,0.0,0.0,0.0,53,-0.0,126840553472.0,0.0,0.0,0.0,0.0,0.0,0.0,0.0,0,0,0,0.0,0.0,0.0,0.0,0.0,0.0,0.0,0.0,0.0,0.0,0.0,0.0,0.0,0.0,0.0,0.0,0,-107875648.0,53,0.0,106,-107614832.0,0.0,ERR,ERR,ERR,ERR,ERR,ERR,ERR,ERR,ERR,ERR,ERR,ERR,ERR,ERR,ERR,ERR,ERR,ERR,ERR,ERR,ERR,ERR,ERR,ERR,ERR,ERR,ERR,ERR,ERR,ERR,ERR,ERR,ERR,ERR,ERR,ERR,ERR,ERR,ERR,ERR,ERR,ERR,ERR,ERR,ERR,ERR,ERR,ERR,ERR,ERR,ERR,ERR,ERR,ERR,ERR,ERR,ERR,ERR,ERR,ERR,ERR,ERR,ERR,ERR,ERR,ERR,ERR,50.0,60.0,100,0.0,0.0,0.0,0.0,0.0,0.0,0.0,0.0,0.0,0.0,0.0,0.0,0.0,0.0,0.0,0.0,61.6,74,13,65511,50,65476,0,300,0,0,8,20529,65476,0,0,26214,60.0,0.0,0.0,0.0,0.0,0.0
2026-05-17T18:13:53,ERR,ERR,ERR,ERR,ERR,ERR,ERR,ERR,ERR,ERR,ERR,ERR,ERR,ERR,ERR,ERR,ERR,ERR,ERR,ERR,ERR,ERR,ERR,ERR,ERR,ERR,ERR,ERR,ERR,ERR,ERR,ERR,ERR,ERR,ERR,ERR,ERR,ERR,ERR,ERR,ERR,ERR,ERR,ERR,ERR,ERR,ERR,ERR,ERR,ERR,ERR,ERR,ERR,ERR,ERR,ERR,ERR,ERR,ERR,ERR,ERR,ERR,ERR,ERR,ERR,ERR,ERR,ERR,ERR,ERR,ERR,ERR,ERR,ERR,ERR,ERR,ERR,ERR,ERR,ERR,ERR,ERR,ERR,ERR,ERR,ERR,ERR,ERR,ERR,ERR,ERR,ERR,ERR,ERR,ERR,ERR,ERR,ERR,ERR,ERR,ERR,ERR,ERR,ERR,ERR,ERR,ERR,ERR,ERR,ERR,ERR,ERR,ERR,ERR,ERR,ERR,ERR,ERR,ERR,ERR,ERR,ERR,ERR,ERR,ERR,0.0,-107615296.0,-134474944.0,0.0,0.0,1.3936040501711995e+18,7.805,0.0,0,0,4,0,8422,0.0,45,0.0,0.0,0.0,0.0,0.0,0,0,0,0,0.0,0,0,0,0,0,0,0,0,0,0,0,0,0,0,0,0,0,0,0,0,0,0,0,0,0,0,0,0,0,0,0,0,0,38,14,7,45,65476,0,300,0,0,8,21553,0.0,-107605600.0,0.0,0.0,0.0,0.0,0.0,0.0,0.0,0.0,0.0,0.0,0.0,0.0,0.0,0.0,0.0,0.0,0.0,0.0,0.0,0.0,-2.004,0.0,-0.0,0.0,0.0,0.0,0.0,0.0,5085.0,0.0,0.0,0.0,-107615296.0,-107615280.0,2.718429300292151e+23,0.0,0.0,0.0,0.0,53,-0.0,126840553472.0,0.0,0.0,0.0,0.0,0.0,0.0,0.0,0,0,0,0.0,0.0,0.0,0.0,0.0,0.0,0.0,0.0,0.0,0.0,0.0,0.0,0.0,0.0,0.0,0.0,0,-107875648.0,53,0.0,106,-107614832.0,0.0,ERR,ERR,ERR,ERR,ERR,ERR,ERR,ERR,ERR,ERR,ERR,ERR,ERR,ERR,ERR,ERR,ERR,ERR,ERR,ERR,ERR,ERR,ERR,ERR,ERR,ERR,ERR,ERR,ERR,ERR,ERR,ERR,ERR,ERR,ERR,ERR,ERR,ERR,ERR,ERR,ERR,ERR,ERR,ERR,ERR,ERR,ERR,ERR,ERR,ERR,ERR,ERR,ERR,ERR,ERR,ERR,ERR,ERR,ERR,ERR,ERR,ERR,ERR,ERR,ERR,ERR,ERR,50.0,60.0,100,0.0,0.0,0.0,0.0,0.0,0.0,0.0,0.0,0.0,0.0,0.0,0.0,0.0,0.0,0.0,0.0,61.6,74,13,65511,50,65476,0,300,0,0,8,20529,65476,0,0,26214,60.0,0.0,0.0,0.0,0.0,0.0
2026-05-17T18:13:54,ERR,ERR,ERR,ERR,ERR,ERR,ERR,ERR,ERR,ERR,ERR,ERR,ERR,ERR,ERR,ERR,ERR,ERR,ERR,ERR,ERR,ERR,ERR,ERR,ERR,ERR,ERR,ERR,ERR,ERR,ERR,ERR,ERR,ERR,ERR,ERR,ERR,ERR,ERR,ERR,ERR,ERR,ERR,ERR,ERR,ERR,ERR,ERR,ERR,ERR,ERR,ERR,ERR,ERR,ERR,ERR,ERR,ERR,ERR,ERR,ERR,ERR,ERR,ERR,ERR,ERR,ERR,ERR,ERR,ERR,ERR,ERR,ERR,ERR,ERR,ERR,ERR,ERR,ERR,ERR,ERR,ERR,ERR,ERR,ERR,ERR,ERR,ERR,ERR,ERR,ERR,ERR,ERR,ERR,ERR,ERR,ERR,ERR,ERR,ERR,ERR,ERR,ERR,ERR,ERR,ERR,ERR,ERR,ERR,ERR,ERR,ERR,ERR,ERR,ERR,ERR,ERR,ERR,ERR,ERR,ERR,ERR,ERR,ERR,ERR,0.0,-107615296.0,-134474944.0,0.0,0.0,1.3936040501711995e+18,7.805,0.0,0,0,4,0,8422,0.0,45,0.0,0.0,0.0,0.0,0.0,0,0,0,0,0.0,0,0,0,0,0,0,0,0,0,0,0,0,0,0,0,0,0,0,0,0,0,0,0,0,0,0,0,0,0,0,0,0,0,38,14,7,45,65476,0,300,0,0,8,21553,0.0,-107605600.0,0.0,0.0,0.0,0.0,0.0,0.0,0.0,0.0,0.0,0.0,0.0,0.0,0.0,0.0,0.0,0.0,0.0,0.0,0.0,0.0,-2.004,0.0,-0.0,0.0,0.0,0.0,0.0,0.0,5085.0,0.0,0.0,0.0,-107615296.0,-107615280.0,2.718429300292151e+23,0.0,0.0,0.0,0.0,53,-0.0,126840553472.0,0.0,0.0,0.0,0.0,0.0,0.0,0.0,0,0,0,0.0,0.0,0.0,0.0,0.0,0.0,0.0,0.0,0.0,0.0,0.0,0.0,0.0,0.0,0.0,0.0,0,-107875648.0,53,0.0,106,-107614832.0,0.0,ERR,ERR,ERR,ERR,ERR,ERR,ERR,ERR,ERR,ERR,ERR,ERR,ERR,ERR,ERR,ERR,ERR,ERR,ERR,ERR,ERR,ERR,ERR,ERR,ERR,ERR,ERR,ERR,ERR,ERR,ERR,ERR,ERR,ERR,ERR,ERR,ERR,ERR,ERR,ERR,ERR,ERR,ERR,ERR,ERR,ERR,ERR,ERR,ERR,ERR,ERR,ERR,ERR,ERR,ERR,ERR,ERR,ERR,ERR,ERR,ERR,ERR,ERR,ERR,ERR,ERR,ERR,50.0,60.0,100,0.0,0.0,0.0,0.0,0.0,0.0,0.0,0.0,0.0,0.0,0.0,0.0,0.0,0.0,0.0,0.0,61.6,74,13,65511,50,65476,0,300,0,0,8,20529,65476,0,0,26214,60.0,0.0,0.0,0.0,0.0,0.0
2026-05-17T18:13:55,ERR,ERR,ERR,ERR,ERR,ERR,ERR,ERR,ERR,ERR,ERR,ERR,ERR,ERR,ERR,ERR,ERR,ERR,ERR,ERR,ERR,ERR,ERR,ERR,ERR,ERR,ERR,ERR,ERR,ERR,ERR,ERR,ERR,ERR,ERR,ERR,ERR,ERR,ERR,ERR,ERR,ERR,ERR,ERR,ERR,ERR,ERR,ERR,ERR,ERR,ERR,ERR,ERR,ERR,ERR,ERR,ERR,ERR,ERR,ERR,ERR,ERR,ERR,ERR,ERR,ERR,ERR,ERR,ERR,ERR,ERR,ERR,ERR,ERR,ERR,ERR,ERR,ERR,ERR,ERR,ERR,ERR,ERR,ERR,ERR,ERR,ERR,ERR,ERR,ERR,ERR,ERR,ERR,ERR,ERR,ERR,ERR,ERR,ERR,ERR,ERR,ERR,ERR,ERR,ERR,ERR,ERR,ERR,ERR,ERR,ERR,ERR,ERR,ERR,ERR,ERR,ERR,ERR,ERR,ERR,ERR,ERR,ERR,ERR,ERR,0.0,-107615296.0,-134474944.0,0.0,0.0,1.3936040501711995e+18,7.805,0.0,0,0,4,0,8422,0.0,45,0.0,0.0,0.0,0.0,0.0,0,0,0,0,0.0,0,0,0,0,0,0,0,0,0,0,0,0,0,0,0,0,0,0,0,0,0,0,0,0,0,0,0,0,0,0,0,0,0,38,14,7,45,65476,0,300,0,0,8,21553,0.0,-107605600.0,0.0,0.0,0.0,0.0,0.0,0.0,0.0,0.0,0.0,0.0,0.0,0.0,0.0,0.0,0.0,0.0,0.0,0.0,0.0,0.0,-2.004,0.0,-0.0,0.0,0.0,0.0,0.0,0.0,5085.0,0.0,0.0,0.0,-107615296.0,-107615280.0,2.718429300292151e+23,0.0,0.0,0.0,0.0,53,-0.0,126840553472.0,0.0,0.0,0.0,0.0,0.0,0.0,0.0,0,0,0,0.0,0.0,0.0,0.0,0.0,0.0,0.0,0.0,0.0,0.0,0.0,0.0,0.0,0.0,0.0,0.0,0,-107875648.0,53,0.0,106,-107614832.0,0.0,ERR,ERR,ERR,ERR,ERR,ERR,ERR,ERR,ERR,ERR,ERR,ERR,ERR,ERR,ERR,ERR,ERR,ERR,ERR,ERR,ERR,ERR,ERR,ERR,ERR,ERR,ERR,ERR,ERR,ERR,ERR,ERR,ERR,ERR,ERR,ERR,ERR,ERR,ERR,ERR,ERR,ERR,ERR,ERR,ERR,ERR,ERR,ERR,ERR,ERR,ERR,ERR,ERR,ERR,ERR,ERR,ERR,ERR,ERR,ERR,ERR,ERR,ERR,ERR,ERR,ERR,ERR,50.0,60.0,100,0.0,0.0,0.0,0.0,0.0,0.0,0.0,0.0,0.0,0.0,0.0,0.0,0.0,0.0,0.0,0.0,62.0,74,13,65511,50,65476,0,300,0,0,8,20529,65476,0,0,26214,60.0,0.0,0.0,0.0,0.0,0.0
2026-05-17T18:13:56,ERR,ERR,ERR,ERR,ERR,ERR,ERR,ERR,ERR,ERR,ERR,ERR,ERR,ERR,ERR,ERR,ERR,ERR,ERR,ERR,ERR,ERR,ERR,ERR,ERR,ERR,ERR,ERR,ERR,ERR,ERR,ERR,ERR,ERR,ERR,ERR,ERR,ERR,ERR,ERR,ERR,ERR,ERR,ERR,ERR,ERR,ERR,ERR,ERR,ERR,ERR,ERR,ERR,ERR,ERR,ERR,ERR,ERR,ERR,ERR,ERR,ERR,ERR,ERR,ERR,ERR,ERR,ERR,ERR,ERR,ERR,ERR,ERR,ERR,ERR,ERR,ERR,ERR,ERR,ERR,ERR,ERR,ERR,ERR,ERR,ERR,ERR,ERR,ERR,ERR,ERR,ERR,ERR,ERR,ERR,ERR,ERR,ERR,ERR,ERR,ERR,ERR,ERR,ERR,ERR,ERR,ERR,ERR,ERR,ERR,ERR,ERR,ERR,ERR,ERR,ERR,ERR,ERR,ERR,ERR,ERR,ERR,ERR,ERR,ERR,0.0,-107615296.0,-134474944.0,0.0,0.0,1.3936040501711995e+18,7.805,0.0,0,0,4,0,8422,0.0,45,0.0,0.0,0.0,0.0,0.0,0,0,0,0,0.0,0,0,0,0,0,0,0,0,0,0,0,0,0,0,0,0,0,0,0,0,0,0,0,0,0,0,0,0,0,0,0,0,0,38,14,7,45,65476,0,300,0,0,8,21553,0.0,-107605600.0,0.0,0.0,0.0,0.0,0.0,0.0,0.0,0.0,0.0,0.0,0.0,0.0,0.0,0.0,0.0,0.0,0.0,0.0,0.0,0.0,-2.004,0.0,-0.0,0.0,0.0,0.0,0.0,0.0,5085.0,0.0,0.0,0.0,-107615296.0,-107615280.0,2.718429300292151e+23,0.0,0.0,0.0,0.0,53,-0.0,126840553472.0,0.0,0.0,0.0,0.0,0.0,0.0,0.0,0,0,0,0.0,0.0,0.0,0.0,0.0,0.0,0.0,0.0,0.0,0.0,0.0,0.0,0.0,0.0,0.0,0.0,0,-107875648.0,53,0.0,106,-107614832.0,0.0,ERR,ERR,ERR,ERR,ERR,ERR,ERR,ERR,ERR,ERR,ERR,ERR,ERR,ERR,ERR,ERR,ERR,ERR,ERR,ERR,ERR,ERR,ERR,ERR,ERR,ERR,ERR,ERR,ERR,ERR,ERR,ERR,ERR,ERR,ERR,ERR,ERR,ERR,ERR,ERR,ERR,ERR,ERR,ERR,ERR,ERR,ERR,ERR,ERR,ERR,ERR,ERR,ERR,ERR,ERR,ERR,ERR,ERR,ERR,ERR,ERR,ERR,ERR,ERR,ERR,ERR,ERR,50.0,60.0,100,0.0,0.0,0.0,0.0,0.0,0.0,0.0,0.0,0.0,0.0,0.0,0.0,0.0,0.0,0.0,0.0,61.6,74,13,65511,50,65476,0,300,0,0,8,20529,65476,0,0,26214,60.0,0.0,0.0,0.0,0.0,0.0
2026-05-17T18:13:57,ERR,ERR,ERR,ERR,ERR,ERR,ERR,ERR,ERR,ERR,ERR,ERR,ERR,ERR,ERR,ERR,ERR,ERR,ERR,ERR,ERR,ERR,ERR,ERR,ERR,ERR,ERR,ERR,ERR,ERR,ERR,ERR,ERR,ERR,ERR,ERR,ERR,ERR,ERR,ERR,ERR,ERR,ERR,ERR,ERR,ERR,ERR,ERR,ERR,ERR,ERR,ERR,ERR,ERR,ERR,ERR,ERR,ERR,ERR,ERR,ERR,ERR,ERR,ERR,ERR,ERR,ERR,ERR,ERR,ERR,ERR,ERR,ERR,ERR,ERR,ERR,ERR,ERR,ERR,ERR,ERR,ERR,ERR,ERR,ERR,ERR,ERR,ERR,ERR,ERR,ERR,ERR,ERR,ERR,ERR,ERR,ERR,ERR,ERR,ERR,ERR,ERR,ERR,ERR,ERR,ERR,ERR,ERR,ERR,ERR,ERR,ERR,ERR,ERR,ERR,ERR,ERR,ERR,ERR,ERR,ERR,ERR,ERR,ERR,ERR,0.0,-107615296.0,-134474944.0,0.0,0.0,1.3936040501711995e+18,7.805,0.0,0,0,4,0,8422,0.0,45,0.0,0.0,0.0,0.0,0.0,0,0,0,0,0.0,0,0,0,0,0,0,0,0,0,0,0,0,0,0,0,0,0,0,0,0,0,0,0,0,0,0,0,0,0,0,0,0,0,38,14,7,45,65476,0,300,0,0,8,21553,0.0,-107605600.0,0.0,0.0,0.0,0.0,0.0,0.0,0.0,0.0,0.0,0.0,0.0,0.0,0.0,0.0,0.0,0.0,0.0,0.0,0.0,0.0,-2.004,0.0,-0.0,0.0,0.0,0.0,0.0,0.0,5085.0,0.0,0.0,0.0,-107615296.0,-107615280.0,2.718429300292151e+23,0.0,0.0,0.0,0.0,53,-0.0,126840553472.0,0.0,0.0,0.0,0.0,0.0,0.0,0.0,0,0,0,0.0,0.0,0.0,0.0,0.0,0.0,0.0,0.0,0.0,0.0,0.0,0.0,0.0,0.0,0.0,0.0,0,-107875648.0,53,0.0,106,-107614832.0,0.0,ERR,ERR,ERR,ERR,ERR,ERR,ERR,ERR,ERR,ERR,ERR,ERR,ERR,ERR,ERR,ERR,ERR,ERR,ERR,ERR,ERR,ERR,ERR,ERR,ERR,ERR,ERR,ERR,ERR,ERR,ERR,ERR,ERR,ERR,ERR,ERR,ERR,ERR,ERR,ERR,ERR,ERR,ERR,ERR,ERR,ERR,ERR,ERR,ERR,ERR,ERR,ERR,ERR,ERR,ERR,ERR,ERR,ERR,ERR,ERR,ERR,ERR,ERR,ERR,ERR,ERR,ERR,50.0,60.0,100,0.0,0.0,0.0,0.0,0.0,0.0,0.0,0.0,0.0,0.0,0.0,0.0,0.0,0.0,0.0,0.0,61.6,74,13,65511,50,65476,0,300,0,0,8,20529,65476,0,0,26214,60.0,0.0,0.0,0.0,0.0,0.0
2026-05-17T18:13:58,ERR,ERR,ERR,ERR,ERR,ERR,ERR,ERR,ERR,ERR,ERR,ERR,ERR,ERR,ERR,ERR,ERR,ERR,ERR,ERR,ERR,ERR,ERR,ERR,ERR,ERR,ERR,ERR,ERR,ERR,ERR,ERR,ERR,ERR,ERR,ERR,ERR,ERR,ERR,ERR,ERR,ERR,ERR,ERR,ERR,ERR,ERR,ERR,ERR,ERR,ERR,ERR,ERR,ERR,ERR,ERR,ERR,ERR,ERR,ERR,ERR,ERR,ERR,ERR,ERR,ERR,ERR,ERR,ERR,ERR,ERR,ERR,ERR,ERR,ERR,ERR,ERR,ERR,ERR,ERR,ERR,ERR,ERR,ERR,ERR,ERR,ERR,ERR,ERR,ERR,ERR,ERR,ERR,ERR,ERR,ERR,ERR,ERR,ERR,ERR,ERR,ERR,ERR,ERR,ERR,ERR,ERR,ERR,ERR,ERR,ERR,ERR,ERR,ERR,ERR,ERR,ERR,ERR,ERR,ERR,ERR,ERR,ERR,ERR,ERR,-107615288.0,-107615296.0,0.0,0.0,0.0,1.3936040501711995e+18,7.805,0.0,0,0,4,0,8422,0.0,45,0.0,0.0,0.0,0.0,0.0,0,0,0,0,0.0,0,0,0,0,0,0,0,0,0,0,0,0,0,0,0,0,0,0,0,0,0,0,0,0,0,0,0,0,0,0,0,0,0,38,14,7,45,65476,0,300,0,0,8,21553,0.0,-107605600.0,0.0,0.0,0.0,0.0,0.0,0.0,0.0,0.0,0.0,0.0,0.0,0.0,0.0,0.0,0.0,0.0,0.0,0.0,0.0,0.0,0.0,0.0,-0.0,0.0,0.0,0.0,0.0,0.0,5049.0,-8608183296.0,0.0,0.0,-107615296.0,-107615280.0,2.718429300292151e+23,0.0,0.0,0.0,0.0,53,-0.0,0.0,0.0,0.0,0.0,0.0,0.0,0.0,0.0,0,0,0,0.0,0.0,0.0,0.0,0.0,0.0,0.0,0.0,0.0,0.0,0.0,0.0,0.0,0.0,0.0,0.0,0,-107875648.0,53,0.0,106,-107614832.0,0.0,ERR,ERR,ERR,ERR,ERR,ERR,ERR,ERR,ERR,ERR,ERR,ERR,ERR,ERR,ERR,ERR,ERR,ERR,ERR,ERR,ERR,ERR,ERR,ERR,ERR,ERR,ERR,ERR,ERR,ERR,ERR,ERR,ERR,ERR,ERR,ERR,ERR,ERR,ERR,ERR,ERR,ERR,ERR,ERR,ERR,ERR,ERR,ERR,ERR,ERR,ERR,ERR,ERR,ERR,ERR,ERR,ERR,ERR,ERR,ERR,ERR,ERR,ERR,ERR,ERR,ERR,ERR,50.0,60.0,100,0.0,0.0,0.0,0.0,0.0,0.0,0.0,0.0,0.0,0.0,0.0,0.0,0.0,0.0,0.0,0.0,61.6,74,13,65511,50,65476,0,300,0,0,8,20529,65476,0,0,26214,60.0,0.0,0.0,0.0,0.0,0.0
2026-05-17T18:13:59,ERR,ERR,ERR,ERR,ERR,ERR,ERR,ERR,ERR,ERR,ERR,ERR,ERR,ERR,ERR,ERR,ERR,ERR,ERR,ERR,ERR,ERR,ERR,ERR,ERR,ERR,ERR,ERR,ERR,ERR,ERR,ERR,ERR,ERR,ERR,ERR,ERR,ERR,ERR,ERR,ERR,ERR,ERR,ERR,ERR,ERR,ERR,ERR,ERR,ERR,ERR,ERR,ERR,ERR,ERR,ERR,ERR,ERR,ERR,ERR,ERR,ERR,ERR,ERR,ERR,ERR,ERR,ERR,ERR,ERR,ERR,ERR,ERR,ERR,ERR,ERR,ERR,ERR,ERR,ERR,ERR,ERR,ERR,ERR,ERR,ERR,ERR,ERR,ERR,ERR,ERR,ERR,ERR,ERR,ERR,ERR,ERR,ERR,ERR,ERR,ERR,ERR,ERR,ERR,ERR,ERR,ERR,ERR,ERR,ERR,ERR,ERR,ERR,ERR,ERR,ERR,ERR,ERR,ERR,ERR,ERR,ERR,ERR,ERR,ERR,-107615288.0,-107615296.0,0.0,0.0,0.0,1.3936040501711995e+18,7.805,0.0,0,0,4,0,8422,0.0,45,0.0,0.0,0.0,0.0,0.0,0,0,0,0,0.0,0,0,0,0,0,0,0,0,0,0,0,0,0,0,0,0,0,0,0,0,0,0,0,0,0,0,0,0,0,0,0,0,0,38,14,7,45,65476,0,300,0,0,8,21553,0.0,-107605600.0,0.0,0.0,0.0,0.0,0.0,0.0,0.0,0.0,0.0,0.0,0.0,0.0,0.0,0.0,0.0,0.0,0.0,0.0,0.0,0.0,0.0,0.0,-0.0,0.0,0.0,0.0,0.0,0.0,5049.0,-8608183296.0,0.0,0.0,-107615296.0,-107615280.0,2.718429300292151e+23,0.0,0.0,0.0,0.0,53,-0.0,0.0,0.0,0.0,0.0,0.0,0.0,0.0,0.0,0,0,0,0.0,0.0,0.0,0.0,0.0,0.0,0.0,0.0,0.0,0.0,0.0,0.0,0.0,0.0,0.0,0.0,0,-107875648.0,53,0.0,106,-107614832.0,0.0,ERR,ERR,ERR,ERR,ERR,ERR,ERR,ERR,ERR,ERR,ERR,ERR,ERR,ERR,ERR,ERR,ERR,ERR,ERR,ERR,ERR,ERR,ERR,ERR,ERR,ERR,ERR,ERR,ERR,ERR,ERR,ERR,ERR,ERR,ERR,ERR,ERR,ERR,ERR,ERR,ERR,ERR,ERR,ERR,ERR,ERR,ERR,ERR,ERR,ERR,ERR,ERR,ERR,ERR,ERR,ERR,ERR,ERR,ERR,ERR,ERR,ERR,ERR,ERR,ERR,ERR,ERR,50.0,60.0,100,0.0,0.0,0.0,0.0,0.0,0.0,0.0,0.0,0.0,0.0,0.0,0.0,0.0,0.0,0.0,0.0,61.6,74,13,65511,50,65476,0,300,0,0,8,20529,65476,0,0,26214,60.0,0.0,0.0,0.0,0.0,0.0
2026-05-17T18:14:00,ERR,ERR,ERR,ERR,ERR,ERR,ERR,ERR,ERR,ERR,ERR,ERR,ERR,ERR,ERR,ERR,ERR,ERR,ERR,ERR,ERR,ERR,ERR,ERR,ERR,ERR,ERR,ERR,ERR,ERR,ERR,ERR,ERR,ERR,ERR,ERR,ERR,ERR,ERR,ERR,ERR,ERR,ERR,ERR,ERR,ERR,ERR,ERR,ERR,ERR,ERR,ERR,ERR,ERR,ERR,ERR,ERR,ERR,ERR,ERR,ERR,ERR,ERR,ERR,ERR,ERR,ERR,ERR,ERR,ERR,ERR,ERR,ERR,ERR,ERR,ERR,ERR,ERR,ERR,ERR,ERR,ERR,ERR,ERR,ERR,ERR,ERR,ERR,ERR,ERR,ERR,ERR,ERR,ERR,ERR,ERR,ERR,ERR,ERR,ERR,ERR,ERR,ERR,ERR,ERR,ERR,ERR,ERR,ERR,ERR,ERR,ERR,ERR,ERR,ERR,ERR,ERR,ERR,ERR,ERR,ERR,ERR,ERR,ERR,ERR,-107615288.0,-107615296.0,0.0,0.0,0.0,1.3936040501711995e+18,7.805,0.0,0,0,4,0,8422,0.0,45,0.0,0.0,0.0,0.0,0.0,0,0,0,0,0.0,0,0,0,0,0,0,0,0,0,0,0,0,0,0,0,0,0,0,0,0,0,0,0,0,0,0,0,0,0,0,0,0,0,38,14,7,45,65476,0,300,0,0,8,21553,0.0,-107605600.0,0.0,0.0,0.0,0.0,0.0,0.0,0.0,0.0,0.0,0.0,0.0,0.0,0.0,0.0,0.0,0.0,0.0,0.0,0.0,0.0,0.0,0.0,-0.0,0.0,0.0,0.0,0.0,0.0,5049.0,-8608183296.0,0.0,0.0,-107615296.0,-107615280.0,2.718429300292151e+23,0.0,0.0,0.0,0.0,53,-0.0,0.0,0.0,0.0,0.0,0.0,0.0,0.0,0.0,0,0,0,0.0,0.0,0.0,0.0,0.0,0.0,0.0,0.0,0.0,0.0,0.0,0.0,0.0,0.0,0.0,0.0,0,-107875648.0,53,0.0,106,-107614832.0,0.0,ERR,ERR,ERR,ERR,ERR,ERR,ERR,ERR,ERR,ERR,ERR,ERR,ERR,ERR,ERR,ERR,ERR,ERR,ERR,ERR,ERR,ERR,ERR,ERR,ERR,ERR,ERR,ERR,ERR,ERR,ERR,ERR,ERR,ERR,ERR,ERR,ERR,ERR,ERR,ERR,ERR,ERR,ERR,ERR,ERR,ERR,ERR,ERR,ERR,ERR,ERR,ERR,ERR,ERR,ERR,ERR,ERR,ERR,ERR,ERR,ERR,ERR,ERR,ERR,ERR,ERR,ERR,50.0,60.0,100,0.0,0.0,0.0,0.0,0.0,0.0,0.0,0.0,0.0,0.0,0.0,0.0,0.0,0.0,0.0,0.0,61.6,74,13,65511,50,65476,0,300,0,0,8,20529,65476,0,0,26214,60.0,0.0,0.0,0.0,0.0,0.0
2026-05-17T18:14:01,ERR,ERR,ERR,ERR,ERR,ERR,ERR,ERR,ERR,ERR,ERR,ERR,ERR,ERR,ERR,ERR,ERR,ERR,ERR,ERR,ERR,ERR,ERR,ERR,ERR,ERR,ERR,ERR,ERR,ERR,ERR,ERR,ERR,ERR,ERR,ERR,ERR,ERR,ERR,ERR,ERR,ERR,ERR,ERR,ERR,ERR,ERR,ERR,ERR,ERR,ERR,ERR,ERR,ERR,ERR,ERR,ERR,ERR,ERR,ERR,ERR,ERR,ERR,ERR,ERR,ERR,ERR,ERR,ERR,ERR,ERR,ERR,ERR,ERR,ERR,ERR,ERR,ERR,ERR,ERR,ERR,ERR,ERR,ERR,ERR,ERR,ERR,ERR,ERR,ERR,ERR,ERR,ERR,ERR,ERR,ERR,ERR,ERR,ERR,ERR,ERR,ERR,ERR,ERR,ERR,ERR,ERR,ERR,ERR,ERR,ERR,ERR,ERR,ERR,ERR,ERR,ERR,ERR,ERR,ERR,ERR,ERR,ERR,ERR,ERR,-107615288.0,-107615296.0,0.0,0.0,0.0,1.3936040501711995e+18,7.805,0.0,0,0,4,0,8422,0.0,45,0.0,0.0,0.0,0.0,0.0,0,0,0,0,0.0,0,0,0,0,0,0,0,0,0,0,0,0,0,0,0,0,0,0,0,0,0,0,0,0,0,0,0,0,0,0,0,0,0,38,14,7,45,65476,0,300,0,0,8,21553,0.0,-107605600.0,0.0,0.0,0.0,0.0,0.0,0.0,0.0,0.0,0.0,0.0,0.0,0.0,0.0,0.0,0.0,0.0,0.0,0.0,0.0,0.0,0.0,0.0,-0.0,0.0,0.0,0.0,0.0,0.0,5049.0,-8608183296.0,0.0,0.0,-107615296.0,-107615280.0,2.718429300292151e+23,0.0,0.0,0.0,0.0,53,-0.0,0.0,0.0,0.0,0.0,0.0,0.0,0.0,0.0,0,0,0,0.0,0.0,0.0,0.0,0.0,0.0,0.0,0.0,0.0,0.0,0.0,0.0,0.0,0.0,0.0,0.0,0,-107875648.0,53,0.0,106,-107614832.0,0.0,ERR,ERR,ERR,ERR,ERR,ERR,ERR,ERR,ERR,ERR,ERR,ERR,ERR,ERR,ERR,ERR,ERR,ERR,ERR,ERR,ERR,ERR,ERR,ERR,ERR,ERR,ERR,ERR,ERR,ERR,ERR,ERR,ERR,ERR,ERR,ERR,ERR,ERR,ERR,ERR,ERR,ERR,ERR,ERR,ERR,ERR,ERR,ERR,ERR,ERR,ERR,ERR,ERR,ERR,ERR,ERR,ERR,ERR,ERR,ERR,ERR,ERR,ERR,ERR,ERR,ERR,ERR,50.0,60.0,100,0.0,0.0,0.0,0.0,0.0,0.0,0.0,0.0,0.0,0.0,0.0,0.0,0.0,0.0,0.0,0.0,61.6,74,13,65511,50,65476,0,300,0,0,8,20529,65476,0,0,26214,60.0,0.0,0.0,0.0,0.0,0.0
2026-05-17T18:14:02,ERR,ERR,ERR,ERR,ERR,ERR,ERR,ERR,ERR,ERR,ERR,ERR,ERR,ERR,ERR,ERR,ERR,ERR,ERR,ERR,ERR,ERR,ERR,ERR,ERR,ERR,ERR,ERR,ERR,ERR,ERR,ERR,ERR,ERR,ERR,ERR,ERR,ERR,ERR,ERR,ERR,ERR,ERR,ERR,ERR,ERR,ERR,ERR,ERR,ERR,ERR,ERR,ERR,ERR,ERR,ERR,ERR,ERR,ERR,ERR,ERR,ERR,ERR,ERR,ERR,ERR,ERR,ERR,ERR,ERR,ERR,ERR,ERR,ERR,ERR,ERR,ERR,ERR,ERR,ERR,ERR,ERR,ERR,ERR,ERR,ERR,ERR,ERR,ERR,ERR,ERR,ERR,ERR,ERR,ERR,ERR,ERR,ERR,ERR,ERR,ERR,ERR,ERR,ERR,ERR,ERR,ERR,ERR,ERR,ERR,ERR,ERR,ERR,ERR,ERR,ERR,ERR,ERR,ERR,ERR,ERR,ERR,ERR,ERR,ERR,-107615288.0,-107615296.0,0.0,0.0,0.0,1.3936040501711995e+18,7.805,0.0,0,0,4,0,8422,0.0,45,0.0,0.0,0.0,0.0,0.0,0,0,0,0,0.0,0,0,0,0,0,0,0,0,0,0,0,0,0,0,0,0,0,0,0,0,0,0,0,0,0,0,0,0,0,0,0,0,0,38,14,7,45,65476,0,300,0,0,8,21553,0.0,-107605600.0,0.0,0.0,0.0,0.0,0.0,0.0,0.0,0.0,0.0,0.0,0.0,0.0,0.0,0.0,0.0,0.0,0.0,0.0,0.0,0.0,0.0,0.0,-0.0,0.0,0.0,0.0,0.0,0.0,5049.0,-8608183296.0,0.0,0.0,-107615296.0,-107615280.0,2.718429300292151e+23,0.0,0.0,0.0,0.0,53,-0.0,0.0,0.0,0.0,0.0,0.0,0.0,0.0,0.0,0,0,0,0.0,0.0,0.0,0.0,0.0,0.0,0.0,0.0,0.0,0.0,0.0,0.0,0.0,0.0,0.0,0.0,0,-107875648.0,53,0.0,106,-107614832.0,0.0,ERR,ERR,ERR,ERR,ERR,ERR,ERR,ERR,ERR,ERR,ERR,ERR,ERR,ERR,ERR,ERR,ERR,ERR,ERR,ERR,ERR,ERR,ERR,ERR,ERR,ERR,ERR,ERR,ERR,ERR,ERR,ERR,ERR,ERR,ERR,ERR,ERR,ERR,ERR,ERR,ERR,ERR,ERR,ERR,ERR,ERR,ERR,ERR,ERR,ERR,ERR,ERR,ERR,ERR,ERR,ERR,ERR,ERR,ERR,ERR,ERR,ERR,ERR,ERR,ERR,ERR,ERR,50.0,60.0,100,0.0,0.0,0.0,0.0,0.0,0.0,0.0,0.0,0.0,0.0,0.0,0.0,0.0,0.0,0.0,0.0,61.6,74,13,65511,50,65476,0,300,0,0,8,20529,65476,0,0,26214,60.0,0.0,0.0,0.0,0.0,0.0
2026-05-17T18:14:03,ERR,ERR,ERR,ERR,ERR,ERR,ERR,ERR,ERR,ERR,ERR,ERR,ERR,ERR,ERR,ERR,ERR,ERR,ERR,ERR,ERR,ERR,ERR,ERR,ERR,ERR,ERR,ERR,ERR,ERR,ERR,ERR,ERR,ERR,ERR,ERR,ERR,ERR,ERR,ERR,ERR,ERR,ERR,ERR,ERR,ERR,ERR,ERR,ERR,ERR,ERR,ERR,ERR,ERR,ERR,ERR,ERR,ERR,ERR,ERR,ERR,ERR,ERR,ERR,ERR,ERR,ERR,ERR,ERR,ERR,ERR,ERR,ERR,ERR,ERR,ERR,ERR,ERR,ERR,ERR,ERR,ERR,ERR,ERR,ERR,ERR,ERR,ERR,ERR,ERR,ERR,ERR,ERR,ERR,ERR,ERR,ERR,ERR,ERR,ERR,ERR,ERR,ERR,ERR,ERR,ERR,ERR,ERR,ERR,ERR,ERR,ERR,ERR,ERR,ERR,ERR,ERR,ERR,ERR,ERR,ERR,ERR,ERR,ERR,ERR,0.0,-107615296.0,-134474944.0,0.0,0.0,1.3936040501711995e+18,7.805,0.0,0,0,4,0,8422,0.0,45,0.0,0.0,0.0,0.0,0.0,0,0,0,0,0.0,0,0,0,0,0,0,0,0,0,0,0,0,0,0,0,0,0,0,0,0,0,0,0,0,0,0,0,0,0,0,0,0,0,38,14,7,45,65476,0,300,0,0,8,21553,0.0,-107605600.0,0.0,0.0,0.0,0.0,0.0,0.0,0.0,0.0,0.0,0.0,0.0,0.0,0.0,0.0,0.0,0.0,0.0,0.0,0.0,0.0,-2.004,0.0,-0.0,0.0,0.0,0.0,0.0,0.0,5077.0,0.0,0.0,0.0,-107615296.0,-107615280.0,2.718429300292151e+23,0.0,0.0,0.0,0.0,53,-0.0,-0.0,0.0,0.0,0.0,0.0,0.0,0.0,0.0,0,0,0,0.0,0.0,0.0,0.0,0.0,0.0,0.0,0.0,0.0,0.0,0.0,0.0,0.0,0.0,0.0,0.0,0,-107875648.0,53,0.0,106,-107614832.0,0.0,ERR,ERR,ERR,ERR,ERR,ERR,ERR,ERR,ERR,ERR,ERR,ERR,ERR,ERR,ERR,ERR,ERR,ERR,ERR,ERR,ERR,ERR,ERR,ERR,ERR,ERR,ERR,ERR,ERR,ERR,ERR,ERR,ERR,ERR,ERR,ERR,ERR,ERR,ERR,ERR,ERR,ERR,ERR,ERR,ERR,ERR,ERR,ERR,ERR,ERR,ERR,ERR,ERR,ERR,ERR,ERR,ERR,ERR,ERR,ERR,ERR,ERR,ERR,ERR,ERR,ERR,ERR,50.0,60.0,100,0.0,0.0,0.0,0.0,0.0,0.0,0.0,0.0,0.0,0.0,0.0,0.0,0.0,0.0,0.0,0.0,61.6,74,13,65511,50,65476,0,300,0,0,8,20529,65476,0,0,26214,60.0,0.0,0.0,0.0,0.0,0.0
2026-05-17T18:14:04,ERR,ERR,ERR,ERR,ERR,ERR,ERR,ERR,ERR,ERR,ERR,ERR,ERR,ERR,ERR,ERR,ERR,ERR,ERR,ERR,ERR,ERR,ERR,ERR,ERR,ERR,ERR,ERR,ERR,ERR,ERR,ERR,ERR,ERR,ERR,ERR,ERR,ERR,ERR,ERR,ERR,ERR,ERR,ERR,ERR,ERR,ERR,ERR,ERR,ERR,ERR,ERR,ERR,ERR,ERR,ERR,ERR,ERR,ERR,ERR,ERR,ERR,ERR,ERR,ERR,ERR,ERR,ERR,ERR,ERR,ERR,ERR,ERR,ERR,ERR,ERR,ERR,ERR,ERR,ERR,ERR,ERR,ERR,ERR,ERR,ERR,ERR,ERR,ERR,ERR,ERR,ERR,ERR,ERR,ERR,ERR,ERR,ERR,ERR,ERR,ERR,ERR,ERR,ERR,ERR,ERR,ERR,ERR,ERR,ERR,ERR,ERR,ERR,ERR,ERR,ERR,ERR,ERR,ERR,ERR,ERR,ERR,ERR,ERR,ERR,0.0,-107615296.0,-134474944.0,0.0,0.0,1.3936040501711995e+18,7.805,0.0,0,0,4,0,8422,0.0,45,0.0,0.0,0.0,0.0,0.0,0,0,0,0,0.0,0,0,0,0,0,0,0,0,0,0,0,0,0,0,0,0,0,0,0,0,0,0,0,0,0,0,0,0,0,0,0,0,0,38,14,7,45,65476,0,300,0,0,8,21553,0.0,-107605600.0,0.0,0.0,0.0,0.0,0.0,0.0,0.0,0.0,0.0,0.0,0.0,0.0,0.0,0.0,0.0,0.0,0.0,0.0,0.0,0.0,-2.004,0.0,-0.0,0.0,0.0,0.0,0.0,0.0,5077.0,0.0,0.0,0.0,-107615296.0,-107615280.0,2.718429300292151e+23,0.0,0.0,0.0,0.0,53,-0.0,-0.0,0.0,0.0,0.0,0.0,0.0,0.0,0.0,0,0,0,0.0,0.0,0.0,0.0,0.0,0.0,0.0,0.0,0.0,0.0,0.0,0.0,0.0,0.0,0.0,0.0,0,-107875648.0,53,0.0,106,-107614832.0,0.0,ERR,ERR,ERR,ERR,ERR,ERR,ERR,ERR,ERR,ERR,ERR,ERR,ERR,ERR,ERR,ERR,ERR,ERR,ERR,ERR,ERR,ERR,ERR,ERR,ERR,ERR,ERR,ERR,ERR,ERR,ERR,ERR,ERR,ERR,ERR,ERR,ERR,ERR,ERR,ERR,ERR,ERR,ERR,ERR,ERR,ERR,ERR,ERR,ERR,ERR,ERR,ERR,ERR,ERR,ERR,ERR,ERR,ERR,ERR,ERR,ERR,ERR,ERR,ERR,ERR,ERR,ERR,50.0,60.0,100,0.0,0.0,0.0,0.0,0.0,0.0,0.0,0.0,0.0,0.0,0.0,0.0,0.0,0.0,0.0,0.0,61.6,74,13,65511,50,65476,0,300,0,0,8,20529,65476,0,0,26214,60.0,0.0,0.0,0.0,0.0,0.0
2026-05-17T18:14:05,ERR,ERR,ERR,ERR,ERR,ERR,ERR,ERR,ERR,ERR,ERR,ERR,ERR,ERR,ERR,ERR,ERR,ERR,ERR,ERR,ERR,ERR,ERR,ERR,ERR,ERR,ERR,ERR,ERR,ERR,ERR,ERR,ERR,ERR,ERR,ERR,ERR,ERR,ERR,ERR,ERR,ERR,ERR,ERR,ERR,ERR,ERR,ERR,ERR,ERR,ERR,ERR,ERR,ERR,ERR,ERR,ERR,ERR,ERR,ERR,ERR,ERR,ERR,ERR,ERR,ERR,ERR,ERR,ERR,ERR,ERR,ERR,ERR,ERR,ERR,ERR,ERR,ERR,ERR,ERR,ERR,ERR,ERR,ERR,ERR,ERR,ERR,ERR,ERR,ERR,ERR,ERR,ERR,ERR,ERR,ERR,ERR,ERR,ERR,ERR,ERR,ERR,ERR,ERR,ERR,ERR,ERR,ERR,ERR,ERR,ERR,ERR,ERR,ERR,ERR,ERR,ERR,ERR,ERR,ERR,ERR,ERR,ERR,ERR,ERR,0.0,-107615296.0,-134474944.0,0.0,0.0,1.3936040501711995e+18,7.805,0.0,0,0,4,0,8422,0.0,45,0.0,0.0,0.0,0.0,0.0,0,0,0,0,0.0,0,0,0,0,0,0,0,0,0,0,0,0,0,0,0,0,0,0,0,0,0,0,0,0,0,0,0,0,0,0,0,0,0,38,14,7,45,65476,0,300,0,0,8,21553,0.0,-107605600.0,0.0,0.0,0.0,0.0,0.0,0.0,0.0,0.0,0.0,0.0,0.0,0.0,0.0,0.0,0.0,0.0,0.0,0.0,0.0,0.0,-2.004,0.0,-0.0,0.0,0.0,0.0,0.0,0.0,5077.0,0.0,0.0,0.0,-107615296.0,-107615280.0,2.718429300292151e+23,0.0,0.0,0.0,0.0,53,-0.0,-0.0,0.0,0.0,0.0,0.0,0.0,0.0,0.0,0,0,0,0.0,0.0,0.0,0.0,0.0,0.0,0.0,0.0,0.0,0.0,0.0,0.0,0.0,0.0,0.0,0.0,0,-107875648.0,53,0.0,106,-107614832.0,0.0,ERR,ERR,ERR,ERR,ERR,ERR,ERR,ERR,ERR,ERR,ERR,ERR,ERR,ERR,ERR,ERR,ERR,ERR,ERR,ERR,ERR,ERR,ERR,ERR,ERR,ERR,ERR,ERR,ERR,ERR,ERR,ERR,ERR,ERR,ERR,ERR,ERR,ERR,ERR,ERR,ERR,ERR,ERR,ERR,ERR,ERR,ERR,ERR,ERR,ERR,ERR,ERR,ERR,ERR,ERR,ERR,ERR,ERR,ERR,ERR,ERR,ERR,ERR,ERR,ERR,ERR,ERR,50.0,60.0,100,0.0,0.0,0.0,0.0,0.0,0.0,0.0,0.0,0.0,0.0,0.0,0.0,0.0,0.0,0.0,0.0,61.6,74,13,65511,50,65476,0,300,0,0,8,20529,65476,0,0,26214,60.0,0.0,0.0,0.0,0.0,0.0
2026-05-17T18:14:06,ERR,ERR,ERR,ERR,ERR,ERR,ERR,ERR,ERR,ERR,ERR,ERR,ERR,ERR,ERR,ERR,ERR,ERR,ERR,ERR,ERR,ERR,ERR,ERR,ERR,ERR,ERR,ERR,ERR,ERR,ERR,ERR,ERR,ERR,ERR,ERR,ERR,ERR,ERR,ERR,ERR,ERR,ERR,ERR,ERR,ERR,ERR,ERR,ERR,ERR,ERR,ERR,ERR,ERR,ERR,ERR,ERR,ERR,ERR,ERR,ERR,ERR,ERR,ERR,ERR,ERR,ERR,ERR,ERR,ERR,ERR,ERR,ERR,ERR,ERR,ERR,ERR,ERR,ERR,ERR,ERR,ERR,ERR,ERR,ERR,ERR,ERR,ERR,ERR,ERR,ERR,ERR,ERR,ERR,ERR,ERR,ERR,ERR,ERR,ERR,ERR,ERR,ERR,ERR,ERR,ERR,ERR,ERR,ERR,ERR,ERR,ERR,ERR,ERR,ERR,ERR,ERR,ERR,ERR,ERR,ERR,ERR,ERR,ERR,ERR,0.0,-107615296.0,-134474944.0,0.0,0.0,1.3936040501711995e+18,7.805,0.0,0,0,4,0,8422,0.0,45,0.0,0.0,0.0,0.0,0.0,0,0,0,0,0.0,0,0,0,0,0,0,0,0,0,0,0,0,0,0,0,0,0,0,0,0,0,0,0,0,0,0,0,0,0,0,0,0,0,38,14,7,45,65476,0,300,0,0,8,21553,0.0,-107605600.0,0.0,0.0,0.0,0.0,0.0,0.0,0.0,0.0,0.0,0.0,0.0,0.0,0.0,0.0,0.0,0.0,0.0,0.0,0.0,0.0,-2.004,0.0,-0.0,0.0,0.0,0.0,0.0,0.0,5077.0,0.0,0.0,0.0,-107615296.0,-107615280.0,2.718429300292151e+23,0.0,0.0,0.0,0.0,53,-0.0,-0.0,0.0,0.0,0.0,0.0,0.0,0.0,0.0,0,0,0,0.0,0.0,0.0,0.0,0.0,0.0,0.0,0.0,0.0,0.0,0.0,0.0,0.0,0.0,0.0,0.0,0,-107875648.0,53,0.0,106,-107614832.0,0.0,ERR,ERR,ERR,ERR,ERR,ERR,ERR,ERR,ERR,ERR,ERR,ERR,ERR,ERR,ERR,ERR,ERR,ERR,ERR,ERR,ERR,ERR,ERR,ERR,ERR,ERR,ERR,ERR,ERR,ERR,ERR,ERR,ERR,ERR,ERR,ERR,ERR,ERR,ERR,ERR,ERR,ERR,ERR,ERR,ERR,ERR,ERR,ERR,ERR,ERR,ERR,ERR,ERR,ERR,ERR,ERR,ERR,ERR,ERR,ERR,ERR,ERR,ERR,ERR,ERR,ERR,ERR,50.0,60.0,100,0.0,0.0,0.0,0.0,0.0,0.0,0.0,0.0,0.0,0.0,0.0,0.0,0.0,0.0,0.0,0.0,61.6,74,13,65511,50,65476,0,300,0,0,8,20529,65476,0,0,26214,60.0,0.0,0.0,0.0,0.0,0.0
2026-05-17T18:14:07,ERR,ERR,ERR,ERR,ERR,ERR,ERR,ERR,ERR,ERR,ERR,ERR,ERR,ERR,ERR,ERR,ERR,ERR,ERR,ERR,ERR,ERR,ERR,ERR,ERR,ERR,ERR,ERR,ERR,ERR,ERR,ERR,ERR,ERR,ERR,ERR,ERR,ERR,ERR,ERR,ERR,ERR,ERR,ERR,ERR,ERR,ERR,ERR,ERR,ERR,ERR,ERR,ERR,ERR,ERR,ERR,ERR,ERR,ERR,ERR,ERR,ERR,ERR,ERR,ERR,ERR,ERR,ERR,ERR,ERR,ERR,ERR,ERR,ERR,ERR,ERR,ERR,ERR,ERR,ERR,ERR,ERR,ERR,ERR,ERR,ERR,ERR,ERR,ERR,ERR,ERR,ERR,ERR,ERR,ERR,ERR,ERR,ERR,ERR,ERR,ERR,ERR,ERR,ERR,ERR,ERR,ERR,ERR,ERR,ERR,ERR,ERR,ERR,ERR,ERR,ERR,ERR,ERR,ERR,ERR,ERR,ERR,ERR,ERR,ERR,0.0,-107615296.0,-134474944.0,0.0,0.0,1.3936040501711995e+18,7.805,0.0,0,0,4,0,8422,0.0,45,0.0,0.0,0.0,0.0,0.0,0,0,0,0,0.0,0,0,0,0,0,0,0,0,0,0,0,0,0,0,0,0,0,0,0,0,0,0,0,0,0,0,0,0,0,0,0,0,0,38,14,7,45,65476,0,300,0,0,8,21553,0.0,-107605600.0,0.0,0.0,0.0,0.0,0.0,0.0,0.0,0.0,0.0,0.0,0.0,0.0,0.0,0.0,0.0,0.0,0.0,0.0,0.0,0.0,-2.004,0.0,-0.0,0.0,0.0,0.0,0.0,0.0,5077.0,0.0,0.0,0.0,-107615296.0,-107615280.0,2.718429300292151e+23,0.0,0.0,0.0,0.0,53,-0.0,-0.0,0.0,0.0,0.0,0.0,0.0,0.0,0.0,0,0,0,0.0,0.0,0.0,0.0,0.0,0.0,0.0,0.0,0.0,0.0,0.0,0.0,0.0,0.0,0.0,0.0,0,-107875648.0,53,0.0,106,-107614832.0,0.0,ERR,ERR,ERR,ERR,ERR,ERR,ERR,ERR,ERR,ERR,ERR,ERR,ERR,ERR,ERR,ERR,ERR,ERR,ERR,ERR,ERR,ERR,ERR,ERR,ERR,ERR,ERR,ERR,ERR,ERR,ERR,ERR,ERR,ERR,ERR,ERR,ERR,ERR,ERR,ERR,ERR,ERR,ERR,ERR,ERR,ERR,ERR,ERR,ERR,ERR,ERR,ERR,ERR,ERR,ERR,ERR,ERR,ERR,ERR,ERR,ERR,ERR,ERR,ERR,ERR,ERR,ERR,50.0,60.0,100,0.0,0.0,0.0,0.0,0.0,0.0,0.0,0.0,0.0,0.0,0.0,0.0,0.0,0.0,0.0,0.0,61.6,74,13,65512,50,65476,0,300,0,0,8,20529,65476,0,0,26214,60.0,0.0,0.0,0.0,0.0,0.0
2026-05-17T18:14:08,ERR,ERR,ERR,ERR,ERR,ERR,ERR,ERR,ERR,ERR,ERR,ERR,ERR,ERR,ERR,ERR,ERR,ERR,ERR,ERR,ERR,ERR,ERR,ERR,ERR,ERR,ERR,ERR,ERR,ERR,ERR,ERR,ERR,ERR,ERR,ERR,ERR,ERR,ERR,ERR,ERR,ERR,ERR,ERR,ERR,ERR,ERR,ERR,ERR,ERR,ERR,ERR,ERR,ERR,ERR,ERR,ERR,ERR,ERR,ERR,ERR,ERR,ERR,ERR,ERR,ERR,ERR,ERR,ERR,ERR,ERR,ERR,ERR,ERR,ERR,ERR,ERR,ERR,ERR,ERR,ERR,ERR,ERR,ERR,ERR,ERR,ERR,ERR,ERR,ERR,ERR,ERR,ERR,ERR,ERR,ERR,ERR,ERR,ERR,ERR,ERR,ERR,ERR,ERR,ERR,ERR,ERR,ERR,ERR,ERR,ERR,ERR,ERR,ERR,ERR,ERR,ERR,ERR,ERR,ERR,ERR,ERR,ERR,ERR,ERR,0.0,-107615296.0,-134474944.0,0.0,0.0,1.3936040501711995e+18,7.805,0.0,0,0,4,0,8422,0.0,45,0.0,0.0,0.0,0.0,0.0,0,0,0,0,0.0,0,0,0,0,0,0,0,0,0,0,0,0,0,0,0,0,0,0,0,0,0,0,0,0,0,0,0,0,0,0,0,0,0,38,14,7,45,65476,0,300,0,0,8,21553,0.0,-107605600.0,0.0,0.0,0.0,0.0,0.0,0.0,0.0,0.0,0.0,0.0,0.0,0.0,0.0,0.0,0.0,0.0,0.0,0.0,0.0,0.0,0.0,0.0,-0.0,0.0,0.0,0.0,0.0,0.0,5078.0,3.697187013234e+19,0.0,0.0,-107615296.0,-107615280.0,2.718429300292151e+23,0.0,0.0,0.0,0.0,53,-0.0,-0.0,0.0,0.0,0.0,0.0,0.0,0.0,0.0,0,0,0,0.0,0.0,0.0,0.0,0.0,0.0,0.0,0.0,0.0,0.0,0.0,0.0,0.0,0.0,0.0,0.0,0,-107875648.0,53,0.0,106,-107614832.0,0.0,ERR,ERR,ERR,ERR,ERR,ERR,ERR,ERR,ERR,ERR,ERR,ERR,ERR,ERR,ERR,ERR,ERR,ERR,ERR,ERR,ERR,ERR,ERR,ERR,ERR,ERR,ERR,ERR,ERR,ERR,ERR,ERR,ERR,ERR,ERR,ERR,ERR,ERR,ERR,ERR,ERR,ERR,ERR,ERR,ERR,ERR,ERR,ERR,ERR,ERR,ERR,ERR,ERR,ERR,ERR,ERR,ERR,ERR,ERR,ERR,ERR,ERR,ERR,ERR,ERR,ERR,ERR,50.0,60.0,100,0.0,0.0,0.0,0.0,0.0,0.0,0.0,0.0,0.0,0.0,0.0,0.0,0.0,0.0,0.0,0.0,61.6,74,13,65512,50,65476,0,300,0,0,8,20529,65476,0,0,26214,60.0,0.0,0.0,0.0,0.0,0.0
2026-05-17T18:14:09,ERR,ERR,ERR,ERR,ERR,ERR,ERR,ERR,ERR,ERR,ERR,ERR,ERR,ERR,ERR,ERR,ERR,ERR,ERR,ERR,ERR,ERR,ERR,ERR,ERR,ERR,ERR,ERR,ERR,ERR,ERR,ERR,ERR,ERR,ERR,ERR,ERR,ERR,ERR,ERR,ERR,ERR,ERR,ERR,ERR,ERR,ERR,ERR,ERR,ERR,ERR,ERR,ERR,ERR,ERR,ERR,ERR,ERR,ERR,ERR,ERR,ERR,ERR,ERR,ERR,ERR,ERR,ERR,ERR,ERR,ERR,ERR,ERR,ERR,ERR,ERR,ERR,ERR,ERR,ERR,ERR,ERR,ERR,ERR,ERR,ERR,ERR,ERR,ERR,ERR,ERR,ERR,ERR,ERR,ERR,ERR,ERR,ERR,ERR,ERR,ERR,ERR,ERR,ERR,ERR,ERR,ERR,ERR,ERR,ERR,ERR,ERR,ERR,ERR,ERR,ERR,ERR,ERR,ERR,ERR,ERR,ERR,ERR,ERR,ERR,0.0,-107615296.0,-134474944.0,0.0,0.0,1.3936040501711995e+18,7.805,0.0,0,0,4,0,8422,0.0,45,0.0,0.0,0.0,0.0,0.0,0,0,0,0,0.0,0,0,0,0,0,0,0,0,0,0,0,0,0,0,0,0,0,0,0,0,0,0,0,0,0,0,0,0,0,0,0,0,0,38,14,7,45,65476,0,300,0,0,8,21553,0.0,-107605600.0,0.0,0.0,0.0,0.0,0.0,0.0,0.0,0.0,0.0,0.0,0.0,0.0,0.0,0.0,0.0,0.0,0.0,0.0,0.0,0.0,0.0,0.0,-0.0,0.0,0.0,0.0,0.0,0.0,5078.0,3.697187013234e+19,0.0,0.0,-107615296.0,-107615280.0,2.718429300292151e+23,0.0,0.0,0.0,0.0,53,-0.0,-0.0,0.0,0.0,0.0,0.0,0.0,0.0,0.0,0,0,0,0.0,0.0,0.0,0.0,0.0,0.0,0.0,0.0,0.0,0.0,0.0,0.0,0.0,0.0,0.0,0.0,0,-107875648.0,53,0.0,106,-107614832.0,0.0,ERR,ERR,ERR,ERR,ERR,ERR,ERR,ERR,ERR,ERR,ERR,ERR,ERR,ERR,ERR,ERR,ERR,ERR,ERR,ERR,ERR,ERR,ERR,ERR,ERR,ERR,ERR,ERR,ERR,ERR,ERR,ERR,ERR,ERR,ERR,ERR,ERR,ERR,ERR,ERR,ERR,ERR,ERR,ERR,ERR,ERR,ERR,ERR,ERR,ERR,ERR,ERR,ERR,ERR,ERR,ERR,ERR,ERR,ERR,ERR,ERR,ERR,ERR,ERR,ERR,ERR,ERR,50.0,60.0,100,0.0,0.0,0.0,0.0,0.0,0.0,0.0,0.0,0.0,0.0,0.0,0.0,0.0,0.0,0.0,0.0,62.0,74,13,65512,50,65476,0,300,0,0,8,20529,65476,0,0,26214,60.0,0.0,0.0,0.0,0.0,0.0
2026-05-17T18:14:10,ERR,ERR,ERR,ERR,ERR,ERR,ERR,ERR,ERR,ERR,ERR,ERR,ERR,ERR,ERR,ERR,ERR,ERR,ERR,ERR,ERR,ERR,ERR,ERR,ERR,ERR,ERR,ERR,ERR,ERR,ERR,ERR,ERR,ERR,ERR,ERR,ERR,ERR,ERR,ERR,ERR,ERR,ERR,ERR,ERR,ERR,ERR,ERR,ERR,ERR,ERR,ERR,ERR,ERR,ERR,ERR,ERR,ERR,ERR,ERR,ERR,ERR,ERR,ERR,ERR,ERR,ERR,ERR,ERR,ERR,ERR,ERR,ERR,ERR,ERR,ERR,ERR,ERR,ERR,ERR,ERR,ERR,ERR,ERR,ERR,ERR,ERR,ERR,ERR,ERR,ERR,ERR,ERR,ERR,ERR,ERR,ERR,ERR,ERR,ERR,ERR,ERR,ERR,ERR,ERR,ERR,ERR,ERR,ERR,ERR,ERR,ERR,ERR,ERR,ERR,ERR,ERR,ERR,ERR,ERR,ERR,ERR,ERR,ERR,ERR,0.0,-107615296.0,-134474944.0,0.0,0.0,1.3936040501711995e+18,7.805,0.0,0,0,4,0,8422,0.0,45,0.0,0.0,0.0,0.0,0.0,0,0,0,0,0.0,0,0,0,0,0,0,0,0,0,0,0,0,0,0,0,0,0,0,0,0,0,0,0,0,0,0,0,0,0,0,0,0,0,38,14,7,45,65476,0,300,0,0,8,21553,0.0,-107605600.0,0.0,0.0,0.0,0.0,0.0,0.0,0.0,0.0,0.0,0.0,0.0,0.0,0.0,0.0,0.0,0.0,0.0,0.0,0.0,0.0,0.0,0.0,-0.0,0.0,0.0,0.0,0.0,0.0,5078.0,3.697187013234e+19,0.0,0.0,-107615296.0,-107615280.0,2.718429300292151e+23,0.0,0.0,0.0,0.0,53,-0.0,-0.0,0.0,0.0,0.0,0.0,0.0,0.0,0.0,0,0,0,0.0,0.0,0.0,0.0,0.0,0.0,0.0,0.0,0.0,0.0,0.0,0.0,0.0,0.0,0.0,0.0,0,-107875648.0,53,0.0,106,-107614832.0,0.0,ERR,ERR,ERR,ERR,ERR,ERR,ERR,ERR,ERR,ERR,ERR,ERR,ERR,ERR,ERR,ERR,ERR,ERR,ERR,ERR,ERR,ERR,ERR,ERR,ERR,ERR,ERR,ERR,ERR,ERR,ERR,ERR,ERR,ERR,ERR,ERR,ERR,ERR,ERR,ERR,ERR,ERR,ERR,ERR,ERR,ERR,ERR,ERR,ERR,ERR,ERR,ERR,ERR,ERR,ERR,ERR,ERR,ERR,ERR,ERR,ERR,ERR,ERR,ERR,ERR,ERR,ERR,50.0,60.0,100,0.0,0.0,0.0,0.0,0.0,0.0,0.0,0.0,0.0,0.0,0.0,0.0,0.0,0.0,0.0,0.0,62.0,74,13,65512,50,65476,0,300,0,0,8,20529,65476,0,0,26214,60.0,0.0,0.0,0.0,0.0,0.0
2026-05-17T18:14:11,ERR,ERR,ERR,ERR,ERR,ERR,ERR,ERR,ERR,ERR,ERR,ERR,ERR,ERR,ERR,ERR,ERR,ERR,ERR,ERR,ERR,ERR,ERR,ERR,ERR,ERR,ERR,ERR,ERR,ERR,ERR,ERR,ERR,ERR,ERR,ERR,ERR,ERR,ERR,ERR,ERR,ERR,ERR,ERR,ERR,ERR,ERR,ERR,ERR,ERR,ERR,ERR,ERR,ERR,ERR,ERR,ERR,ERR,ERR,ERR,ERR,ERR,ERR,ERR,ERR,ERR,ERR,ERR,ERR,ERR,ERR,ERR,ERR,ERR,ERR,ERR,ERR,ERR,ERR,ERR,ERR,ERR,ERR,ERR,ERR,ERR,ERR,ERR,ERR,ERR,ERR,ERR,ERR,ERR,ERR,ERR,ERR,ERR,ERR,ERR,ERR,ERR,ERR,ERR,ERR,ERR,ERR,ERR,ERR,ERR,ERR,ERR,ERR,ERR,ERR,ERR,ERR,ERR,ERR,ERR,ERR,ERR,ERR,ERR,ERR,0.0,-107615296.0,-134474944.0,0.0,0.0,1.3936040501711995e+18,7.805,0.0,0,0,4,0,8422,0.0,45,0.0,0.0,0.0,0.0,0.0,0,0,0,0,0.0,0,0,0,0,0,0,0,0,0,0,0,0,0,0,0,0,0,0,0,0,0,0,0,0,0,0,0,0,0,0,0,0,0,38,14,7,45,65476,0,300,0,0,8,21553,0.0,-107605600.0,0.0,0.0,0.0,0.0,0.0,0.0,0.0,0.0,0.0,0.0,0.0,0.0,0.0,0.0,0.0,0.0,0.0,0.0,0.0,0.0,0.0,0.0,-0.0,0.0,0.0,0.0,0.0,0.0,5078.0,3.697187013234e+19,0.0,0.0,-107615296.0,-107615280.0,2.718429300292151e+23,0.0,0.0,0.0,0.0,53,-0.0,-0.0,0.0,0.0,0.0,0.0,0.0,0.0,0.0,0,0,0,0.0,0.0,0.0,0.0,0.0,0.0,0.0,0.0,0.0,0.0,0.0,0.0,0.0,0.0,0.0,0.0,0,-107875648.0,53,0.0,106,-107614832.0,0.0,ERR,ERR,ERR,ERR,ERR,ERR,ERR,ERR,ERR,ERR,ERR,ERR,ERR,ERR,ERR,ERR,ERR,ERR,ERR,ERR,ERR,ERR,ERR,ERR,ERR,ERR,ERR,ERR,ERR,ERR,ERR,ERR,ERR,ERR,ERR,ERR,ERR,ERR,ERR,ERR,ERR,ERR,ERR,ERR,ERR,ERR,ERR,ERR,ERR,ERR,ERR,ERR,ERR,ERR,ERR,ERR,ERR,ERR,ERR,ERR,ERR,ERR,ERR,ERR,ERR,ERR,ERR,50.0,60.0,100,0.0,0.0,0.0,0.0,0.0,0.0,0.0,0.0,0.0,0.0,0.0,0.0,0.0,0.0,0.0,0.0,62.0,74,13,65512,50,65476,0,300,0,0,8,20529,65476,0,0,26214,60.0,0.0,0.0,0.0,0.0,0.0
2026-05-17T18:14:12,ERR,ERR,ERR,ERR,ERR,ERR,ERR,ERR,ERR,ERR,ERR,ERR,ERR,ERR,ERR,ERR,ERR,ERR,ERR,ERR,ERR,ERR,ERR,ERR,ERR,ERR,ERR,ERR,ERR,ERR,ERR,ERR,ERR,ERR,ERR,ERR,ERR,ERR,ERR,ERR,ERR,ERR,ERR,ERR,ERR,ERR,ERR,ERR,ERR,ERR,ERR,ERR,ERR,ERR,ERR,ERR,ERR,ERR,ERR,ERR,ERR,ERR,ERR,ERR,ERR,ERR,ERR,ERR,ERR,ERR,ERR,ERR,ERR,ERR,ERR,ERR,ERR,ERR,ERR,ERR,ERR,ERR,ERR,ERR,ERR,ERR,ERR,ERR,ERR,ERR,ERR,ERR,ERR,ERR,ERR,ERR,ERR,ERR,ERR,ERR,ERR,ERR,ERR,ERR,ERR,ERR,ERR,ERR,ERR,ERR,ERR,ERR,ERR,ERR,ERR,ERR,ERR,ERR,ERR,ERR,ERR,ERR,ERR,ERR,ERR,0.0,-107615296.0,-134474944.0,0.0,0.0,1.3936040501711995e+18,7.805,0.0,0,0,4,0,8422,0.0,45,0.0,0.0,0.0,0.0,0.0,0,0,0,0,0.0,0,0,0,0,0,0,0,0,0,0,0,0,0,0,0,0,0,0,0,0,0,0,0,0,0,0,0,0,0,0,0,0,0,38,14,7,45,65476,0,300,0,0,8,21553,0.0,-107605600.0,0.0,0.0,0.0,0.0,0.0,0.0,0.0,0.0,0.0,0.0,0.0,0.0,0.0,0.0,0.0,0.0,0.0,0.0,0.0,0.0,0.0,0.0,-0.0,0.0,0.0,0.0,0.0,0.0,5078.0,3.697187013234e+19,0.0,0.0,-107615296.0,-107615280.0,2.718429300292151e+23,0.0,0.0,0.0,0.0,53,-0.0,-0.0,0.0,0.0,0.0,0.0,0.0,0.0,0.0,0,0,0,0.0,0.0,0.0,0.0,0.0,0.0,0.0,0.0,0.0,0.0,0.0,0.0,0.0,0.0,0.0,0.0,0,-107875648.0,53,0.0,106,-107614832.0,0.0,ERR,ERR,ERR,ERR,ERR,ERR,ERR,ERR,ERR,ERR,ERR,ERR,ERR,ERR,ERR,ERR,ERR,ERR,ERR,ERR,ERR,ERR,ERR,ERR,ERR,ERR,ERR,ERR,ERR,ERR,ERR,ERR,ERR,ERR,ERR,ERR,ERR,ERR,ERR,ERR,ERR,ERR,ERR,ERR,ERR,ERR,ERR,ERR,ERR,ERR,ERR,ERR,ERR,ERR,ERR,ERR,ERR,ERR,ERR,ERR,ERR,ERR,ERR,ERR,ERR,ERR,ERR,50.0,60.0,100,0.0,0.0,0.0,0.0,0.0,0.0,0.0,0.0,0.0,0.0,0.0,0.0,0.0,0.0,0.0,0.0,62.0,74,13,65512,50,65476,0,300,0,0,8,20529,65476,0,0,26214,60.0,0.0,0.0,0.0,0.0,0.0
2026-05-17T18:14:13,ERR,ERR,ERR,ERR,ERR,ERR,ERR,ERR,ERR,ERR,ERR,ERR,ERR,ERR,ERR,ERR,ERR,ERR,ERR,ERR,ERR,ERR,ERR,ERR,ERR,ERR,ERR,ERR,ERR,ERR,ERR,ERR,ERR,ERR,ERR,ERR,ERR,ERR,ERR,ERR,ERR,ERR,ERR,ERR,ERR,ERR,ERR,ERR,ERR,ERR,ERR,ERR,ERR,ERR,ERR,ERR,ERR,ERR,ERR,ERR,ERR,ERR,ERR,ERR,ERR,ERR,ERR,ERR,ERR,ERR,ERR,ERR,ERR,ERR,ERR,ERR,ERR,ERR,ERR,ERR,ERR,ERR,ERR,ERR,ERR,ERR,ERR,ERR,ERR,ERR,ERR,ERR,ERR,ERR,ERR,ERR,ERR,ERR,ERR,ERR,ERR,ERR,ERR,ERR,ERR,ERR,ERR,ERR,ERR,ERR,ERR,ERR,ERR,ERR,ERR,ERR,ERR,ERR,ERR,ERR,ERR,ERR,ERR,ERR,ERR,-107615288.0,-107615296.0,0.0,0.0,0.0,1.3936040501711995e+18,7.805,0.0,0,0,4,0,8422,0.0,45,0.0,0.0,0.0,0.0,0.0,0,0,0,0,0.0,0,0,0,0,0,0,0,0,0,0,0,0,0,0,0,0,0,0,0,0,0,0,0,0,0,0,0,0,0,0,0,0,0,38,14,7,45,65476,0,300,0,0,8,21553,0.0,-107605600.0,0.0,0.0,0.0,0.0,0.0,0.0,0.0,0.0,0.0,0.0,0.0,0.0,0.0,0.0,0.0,0.0,0.0,0.0,0.0,0.0,0.0,0.0,-0.0,0.0,0.0,0.0,0.0,0.0,5078.0,3.697187013234e+19,0.0,-107615288.0,-107615296.0,-107615280.0,2.718429300292151e+23,0.0,0.0,0.0,0.0,53,-0.0,-0.0,0.0,0.0,0.0,0.0,0.0,0.0,0.0,0,0,0,0.0,0.0,0.0,0.0,0.0,0.0,0.0,0.0,0.0,0.0,0.0,0.0,0.0,0.0,0.0,0.0,0,-107875648.0,53,0.0,106,-107614832.0,0.0,ERR,ERR,ERR,ERR,ERR,ERR,ERR,ERR,ERR,ERR,ERR,ERR,ERR,ERR,ERR,ERR,ERR,ERR,ERR,ERR,ERR,ERR,ERR,ERR,ERR,ERR,ERR,ERR,ERR,ERR,ERR,ERR,ERR,ERR,ERR,ERR,ERR,ERR,ERR,ERR,ERR,ERR,ERR,ERR,ERR,ERR,ERR,ERR,ERR,ERR,ERR,ERR,ERR,ERR,ERR,ERR,ERR,ERR,ERR,ERR,ERR,ERR,ERR,ERR,ERR,ERR,ERR,50.0,60.0,100,0.0,0.0,0.0,0.0,0.0,0.0,0.0,0.0,0.0,0.0,0.0,0.0,0.0,0.0,0.0,0.0,62.0,74,13,65512,50,65476,0,300,0,0,8,20529,65476,0,0,26214,60.0,0.0,0.0,0.0,0.0,0.0
2026-05-17T18:14:14,ERR,ERR,ERR,ERR,ERR,ERR,ERR,ERR,ERR,ERR,ERR,ERR,ERR,ERR,ERR,ERR,ERR,ERR,ERR,ERR,ERR,ERR,ERR,ERR,ERR,ERR,ERR,ERR,ERR,ERR,ERR,ERR,ERR,ERR,ERR,ERR,ERR,ERR,ERR,ERR,ERR,ERR,ERR,ERR,ERR,ERR,ERR,ERR,ERR,ERR,ERR,ERR,ERR,ERR,ERR,ERR,ERR,ERR,ERR,ERR,ERR,ERR,ERR,ERR,ERR,ERR,ERR,ERR,ERR,ERR,ERR,ERR,ERR,ERR,ERR,ERR,ERR,ERR,ERR,ERR,ERR,ERR,ERR,ERR,ERR,ERR,ERR,ERR,ERR,ERR,ERR,ERR,ERR,ERR,ERR,ERR,ERR,ERR,ERR,ERR,ERR,ERR,ERR,ERR,ERR,ERR,ERR,ERR,ERR,ERR,ERR,ERR,ERR,ERR,ERR,ERR,ERR,ERR,ERR,ERR,ERR,ERR,ERR,ERR,ERR,-107615288.0,-107615296.0,0.0,0.0,0.0,1.3936040501711995e+18,7.805,0.0,0,0,4,0,8422,0.0,45,0.0,0.0,0.0,0.0,0.0,0,0,0,0,0.0,0,0,0,0,0,0,0,0,0,0,0,0,0,0,0,0,0,0,0,0,0,0,0,0,0,0,0,0,0,0,0,0,0,38,14,7,45,65476,0,300,0,0,8,21553,0.0,-107605600.0,0.0,0.0,0.0,0.0,0.0,0.0,0.0,0.0,0.0,0.0,0.0,0.0,0.0,0.0,0.0,0.0,0.0,0.0,0.0,0.0,0.0,0.0,-0.0,0.0,0.0,0.0,0.0,0.0,5078.0,3.697187013234e+19,0.0,-107615288.0,-107615296.0,-107615280.0,2.718429300292151e+23,0.0,0.0,0.0,0.0,53,-0.0,-0.0,0.0,0.0,0.0,0.0,0.0,0.0,0.0,0,0,0,0.0,0.0,0.0,0.0,0.0,0.0,0.0,0.0,0.0,0.0,0.0,0.0,0.0,0.0,0.0,0.0,0,-107875648.0,53,0.0,106,-107614832.0,0.0,ERR,ERR,ERR,ERR,ERR,ERR,ERR,ERR,ERR,ERR,ERR,ERR,ERR,ERR,ERR,ERR,ERR,ERR,ERR,ERR,ERR,ERR,ERR,ERR,ERR,ERR,ERR,ERR,ERR,ERR,ERR,ERR,ERR,ERR,ERR,ERR,ERR,ERR,ERR,ERR,ERR,ERR,ERR,ERR,ERR,ERR,ERR,ERR,ERR,ERR,ERR,ERR,ERR,ERR,ERR,ERR,ERR,ERR,ERR,ERR,ERR,ERR,ERR,ERR,ERR,ERR,ERR,50.0,60.0,100,0.0,0.0,0.0,0.0,0.0,0.0,0.0,0.0,0.0,0.0,0.0,0.0,0.0,0.0,0.0,0.0,61.6,74,13,65512,50,65476,0,300,0,0,8,20529,65476,0,0,26214,60.0,0.0,0.0,0.0,0.0,0.0
2026-05-17T18:14:15,ERR,ERR,ERR,ERR,ERR,ERR,ERR,ERR,ERR,ERR,ERR,ERR,ERR,ERR,ERR,ERR,ERR,ERR,ERR,ERR,ERR,ERR,ERR,ERR,ERR,ERR,ERR,ERR,ERR,ERR,ERR,ERR,ERR,ERR,ERR,ERR,ERR,ERR,ERR,ERR,ERR,ERR,ERR,ERR,ERR,ERR,ERR,ERR,ERR,ERR,ERR,ERR,ERR,ERR,ERR,ERR,ERR,ERR,ERR,ERR,ERR,ERR,ERR,ERR,ERR,ERR,ERR,ERR,ERR,ERR,ERR,ERR,ERR,ERR,ERR,ERR,ERR,ERR,ERR,ERR,ERR,ERR,ERR,ERR,ERR,ERR,ERR,ERR,ERR,ERR,ERR,ERR,ERR,ERR,ERR,ERR,ERR,ERR,ERR,ERR,ERR,ERR,ERR,ERR,ERR,ERR,ERR,ERR,ERR,ERR,ERR,ERR,ERR,ERR,ERR,ERR,ERR,ERR,ERR,ERR,ERR,ERR,ERR,ERR,ERR,-107615288.0,-107615296.0,0.0,0.0,0.0,1.3936040501711995e+18,7.805,0.0,0,0,4,0,8422,0.0,45,0.0,0.0,0.0,0.0,0.0,0,0,0,0,0.0,0,0,0,0,0,0,0,0,0,0,0,0,0,0,0,0,0,0,0,0,0,0,0,0,0,0,0,0,0,0,0,0,0,38,14,7,45,65476,0,300,0,0,8,21553,0.0,-107605600.0,0.0,0.0,0.0,0.0,0.0,0.0,0.0,0.0,0.0,0.0,0.0,0.0,0.0,0.0,0.0,0.0,0.0,0.0,0.0,0.0,0.0,0.0,-0.0,0.0,0.0,0.0,0.0,0.0,5078.0,3.697187013234e+19,0.0,-107615288.0,-107615296.0,-107615280.0,2.718429300292151e+23,0.0,0.0,0.0,0.0,53,-0.0,-0.0,0.0,0.0,0.0,0.0,0.0,0.0,0.0,0,0,0,0.0,0.0,0.0,0.0,0.0,0.0,0.0,0.0,0.0,0.0,0.0,0.0,0.0,0.0,0.0,0.0,0,-107875648.0,53,0.0,106,-107614832.0,0.0,ERR,ERR,ERR,ERR,ERR,ERR,ERR,ERR,ERR,ERR,ERR,ERR,ERR,ERR,ERR,ERR,ERR,ERR,ERR,ERR,ERR,ERR,ERR,ERR,ERR,ERR,ERR,ERR,ERR,ERR,ERR,ERR,ERR,ERR,ERR,ERR,ERR,ERR,ERR,ERR,ERR,ERR,ERR,ERR,ERR,ERR,ERR,ERR,ERR,ERR,ERR,ERR,ERR,ERR,ERR,ERR,ERR,ERR,ERR,ERR,ERR,ERR,ERR,ERR,ERR,ERR,ERR,50.0,60.0,100,0.0,0.0,0.0,0.0,0.0,0.0,0.0,0.0,0.0,0.0,0.0,0.0,0.0,0.0,0.0,0.0,61.6,74,13,65512,50,65476,0,300,0,0,8,20529,65476,0,0,26214,60.0,0.0,0.0,0.0,0.0,0.0
2026-05-17T18:14:16,ERR,ERR,ERR,ERR,ERR,ERR,ERR,ERR,ERR,ERR,ERR,ERR,ERR,ERR,ERR,ERR,ERR,ERR,ERR,ERR,ERR,ERR,ERR,ERR,ERR,ERR,ERR,ERR,ERR,ERR,ERR,ERR,ERR,ERR,ERR,ERR,ERR,ERR,ERR,ERR,ERR,ERR,ERR,ERR,ERR,ERR,ERR,ERR,ERR,ERR,ERR,ERR,ERR,ERR,ERR,ERR,ERR,ERR,ERR,ERR,ERR,ERR,ERR,ERR,ERR,ERR,ERR,ERR,ERR,ERR,ERR,ERR,ERR,ERR,ERR,ERR,ERR,ERR,ERR,ERR,ERR,ERR,ERR,ERR,ERR,ERR,ERR,ERR,ERR,ERR,ERR,ERR,ERR,ERR,ERR,ERR,ERR,ERR,ERR,ERR,ERR,ERR,ERR,ERR,ERR,ERR,ERR,ERR,ERR,ERR,ERR,ERR,ERR,ERR,ERR,ERR,ERR,ERR,ERR,ERR,ERR,ERR,ERR,ERR,ERR,-107615288.0,-107615296.0,0.0,0.0,0.0,1.3936040501711995e+18,7.805,0.0,0,0,4,0,8422,0.0,45,0.0,0.0,0.0,0.0,0.0,0,0,0,0,0.0,0,0,0,0,0,0,0,0,0,0,0,0,0,0,0,0,0,0,0,0,0,0,0,0,0,0,0,0,0,0,0,0,0,38,14,7,45,65476,0,300,0,0,8,21553,0.0,-107605600.0,0.0,0.0,0.0,0.0,0.0,0.0,0.0,0.0,0.0,0.0,0.0,0.0,0.0,0.0,0.0,0.0,0.0,0.0,0.0,0.0,0.0,0.0,-0.0,0.0,0.0,0.0,0.0,0.0,5078.0,3.697187013234e+19,0.0,-107615288.0,-107615296.0,-107615280.0,2.718429300292151e+23,0.0,0.0,0.0,0.0,53,-0.0,-0.0,0.0,0.0,0.0,0.0,0.0,0.0,0.0,0,0,0,0.0,0.0,0.0,0.0,0.0,0.0,0.0,0.0,0.0,0.0,0.0,0.0,0.0,0.0,0.0,0.0,0,-107875648.0,53,0.0,106,-107614832.0,0.0,ERR,ERR,ERR,ERR,ERR,ERR,ERR,ERR,ERR,ERR,ERR,ERR,ERR,ERR,ERR,ERR,ERR,ERR,ERR,ERR,ERR,ERR,ERR,ERR,ERR,ERR,ERR,ERR,ERR,ERR,ERR,ERR,ERR,ERR,ERR,ERR,ERR,ERR,ERR,ERR,ERR,ERR,ERR,ERR,ERR,ERR,ERR,ERR,ERR,ERR,ERR,ERR,ERR,ERR,ERR,ERR,ERR,ERR,ERR,ERR,ERR,ERR,ERR,ERR,ERR,ERR,ERR,50.0,60.0,100,0.0,0.0,0.0,0.0,0.0,0.0,0.0,0.0,0.0,0.0,0.0,0.0,0.0,0.0,0.0,0.0,61.6,74,13,65512,50,65476,0,300,0,0,8,20529,65476,0,0,26214,60.0,0.0,0.0,0.0,0.0,0.0
2026-05-17T18:14:17,ERR,ERR,ERR,ERR,ERR,ERR,ERR,ERR,ERR,ERR,ERR,ERR,ERR,ERR,ERR,ERR,ERR,ERR,ERR,ERR,ERR,ERR,ERR,ERR,ERR,ERR,ERR,ERR,ERR,ERR,ERR,ERR,ERR,ERR,ERR,ERR,ERR,ERR,ERR,ERR,ERR,ERR,ERR,ERR,ERR,ERR,ERR,ERR,ERR,ERR,ERR,ERR,ERR,ERR,ERR,ERR,ERR,ERR,ERR,ERR,ERR,ERR,ERR,ERR,ERR,ERR,ERR,ERR,ERR,ERR,ERR,ERR,ERR,ERR,ERR,ERR,ERR,ERR,ERR,ERR,ERR,ERR,ERR,ERR,ERR,ERR,ERR,ERR,ERR,ERR,ERR,ERR,ERR,ERR,ERR,ERR,ERR,ERR,ERR,ERR,ERR,ERR,ERR,ERR,ERR,ERR,ERR,ERR,ERR,ERR,ERR,ERR,ERR,ERR,ERR,ERR,ERR,ERR,ERR,ERR,ERR,ERR,ERR,ERR,ERR,-107615288.0,-107615296.0,0.0,0.0,0.0,1.3936040501711995e+18,7.805,0.0,0,0,4,0,8422,0.0,45,0.0,0.0,0.0,0.0,0.0,0,0,0,0,0.0,0,0,0,0,0,0,0,0,0,0,0,0,0,0,0,0,0,0,0,0,0,0,0,0,0,0,0,0,0,0,0,0,0,38,14,7,45,65476,0,300,0,0,8,21553,0.0,-107605600.0,0.0,0.0,0.0,0.0,0.0,0.0,0.0,0.0,0.0,0.0,0.0,0.0,0.0,0.0,0.0,0.0,0.0,0.0,0.0,0.0,0.0,0.0,-0.0,0.0,0.0,0.0,0.0,0.0,5078.0,3.697187013234e+19,0.0,-107615288.0,-107615296.0,-107615280.0,2.718429300292151e+23,0.0,0.0,0.0,0.0,53,-0.0,-0.0,0.0,0.0,0.0,0.0,0.0,0.0,0.0,0,0,0,0.0,0.0,0.0,0.0,0.0,0.0,0.0,0.0,0.0,0.0,0.0,0.0,0.0,0.0,0.0,0.0,0,-107875648.0,53,0.0,106,-107614832.0,0.0,ERR,ERR,ERR,ERR,ERR,ERR,ERR,ERR,ERR,ERR,ERR,ERR,ERR,ERR,ERR,ERR,ERR,ERR,ERR,ERR,ERR,ERR,ERR,ERR,ERR,ERR,ERR,ERR,ERR,ERR,ERR,ERR,ERR,ERR,ERR,ERR,ERR,ERR,ERR,ERR,ERR,ERR,ERR,ERR,ERR,ERR,ERR,ERR,ERR,ERR,ERR,ERR,ERR,ERR,ERR,ERR,ERR,ERR,ERR,ERR,ERR,ERR,ERR,ERR,ERR,ERR,ERR,50.0,60.0,100,0.0,0.0,0.0,0.0,0.0,0.0,0.0,0.0,0.0,0.0,0.0,0.0,0.0,0.0,0.0,0.0,61.6,74,13,65512,50,65476,0,300,0,0,8,20529,65476,0,0,26214,60.0,0.0,0.0,0.0,0.0,0.0
2026-05-17T18:14:18,ERR,ERR,ERR,ERR,ERR,ERR,ERR,ERR,ERR,ERR,ERR,ERR,ERR,ERR,ERR,ERR,ERR,ERR,ERR,ERR,ERR,ERR,ERR,ERR,ERR,ERR,ERR,ERR,ERR,ERR,ERR,ERR,ERR,ERR,ERR,ERR,ERR,ERR,ERR,ERR,ERR,ERR,ERR,ERR,ERR,ERR,ERR,ERR,ERR,ERR,ERR,ERR,ERR,ERR,ERR,ERR,ERR,ERR,ERR,ERR,ERR,ERR,ERR,ERR,ERR,ERR,ERR,ERR,ERR,ERR,ERR,ERR,ERR,ERR,ERR,ERR,ERR,ERR,ERR,ERR,ERR,ERR,ERR,ERR,ERR,ERR,ERR,ERR,ERR,ERR,ERR,ERR,ERR,ERR,ERR,ERR,ERR,ERR,ERR,ERR,ERR,ERR,ERR,ERR,ERR,ERR,ERR,ERR,ERR,ERR,ERR,ERR,ERR,ERR,ERR,ERR,ERR,ERR,ERR,ERR,ERR,ERR,ERR,ERR,ERR,0.0,-107615296.0,-134474944.0,0.0,0.0,1.3936040501711995e+18,7.805,0.0,0,0,4,0,8422,0.0,45,0.0,0.0,0.0,0.0,0.0,0,0,0,0,0.0,0,0,0,0,0,0,0,0,0,0,0,0,0,0,0,0,0,0,0,0,0,0,0,0,0,0,0,0,0,0,0,0,0,38,14,7,45,65476,0,300,0,0,8,21553,0.0,-107605600.0,0.0,0.0,0.0,0.0,0.0,0.0,0.0,0.0,0.0,0.0,0.0,0.0,0.0,0.0,0.0,0.0,0.0,0.0,0.0,0.0,0.0,0.0,-0.0,0.0,0.0,0.0,0.0,0.0,5076.0,1.587929730903595e+29,0.0,0.0,-107615296.0,-107615280.0,2.718429300292151e+23,0.0,0.0,0.0,0.0,53,5.848083413016271e+35,-0.0,0.0,0.0,0.0,0.0,0.0,0.0,0.0,0,0,0,0.0,0.0,0.0,0.0,0.0,0.0,0.0,0.0,0.0,0.0,0.0,0.0,0.0,0.0,0.0,0.0,0,-107875648.0,53,0.0,106,-107614832.0,0.0,ERR,ERR,ERR,ERR,ERR,ERR,ERR,ERR,ERR,ERR,ERR,ERR,ERR,ERR,ERR,ERR,ERR,ERR,ERR,ERR,ERR,ERR,ERR,ERR,ERR,ERR,ERR,ERR,ERR,ERR,ERR,ERR,ERR,ERR,ERR,ERR,ERR,ERR,ERR,ERR,ERR,ERR,ERR,ERR,ERR,ERR,ERR,ERR,ERR,ERR,ERR,ERR,ERR,ERR,ERR,ERR,ERR,ERR,ERR,ERR,ERR,ERR,ERR,ERR,ERR,ERR,ERR,50.0,60.0,100,0.0,0.0,0.0,0.0,0.0,0.0,0.0,0.0,0.0,0.0,0.0,0.0,0.0,0.0,0.0,0.0,61.6,74,13,65512,50,65476,0,300,0,0,8,20529,65476,0,0,26214,60.0,0.0,0.0,0.0,0.0,0.0
2026-05-17T18:14:19,ERR,ERR,ERR,ERR,ERR,ERR,ERR,ERR,ERR,ERR,ERR,ERR,ERR,ERR,ERR,ERR,ERR,ERR,ERR,ERR,ERR,ERR,ERR,ERR,ERR,ERR,ERR,ERR,ERR,ERR,ERR,ERR,ERR,ERR,ERR,ERR,ERR,ERR,ERR,ERR,ERR,ERR,ERR,ERR,ERR,ERR,ERR,ERR,ERR,ERR,ERR,ERR,ERR,ERR,ERR,ERR,ERR,ERR,ERR,ERR,ERR,ERR,ERR,ERR,ERR,ERR,ERR,ERR,ERR,ERR,ERR,ERR,ERR,ERR,ERR,ERR,ERR,ERR,ERR,ERR,ERR,ERR,ERR,ERR,ERR,ERR,ERR,ERR,ERR,ERR,ERR,ERR,ERR,ERR,ERR,ERR,ERR,ERR,ERR,ERR,ERR,ERR,ERR,ERR,ERR,ERR,ERR,ERR,ERR,ERR,ERR,ERR,ERR,ERR,ERR,ERR,ERR,ERR,ERR,ERR,ERR,ERR,ERR,ERR,ERR,0.0,-107615296.0,-134474944.0,0.0,0.0,1.3936040501711995e+18,7.805,0.0,0,0,4,0,8422,0.0,45,0.0,0.0,0.0,0.0,0.0,0,0,0,0,0.0,0,0,0,0,0,0,0,0,0,0,0,0,0,0,0,0,0,0,0,0,0,0,0,0,0,0,0,0,0,0,0,0,0,38,14,7,45,65476,0,300,0,0,8,21553,0.0,-107605600.0,0.0,0.0,0.0,0.0,0.0,0.0,0.0,0.0,0.0,0.0,0.0,0.0,0.0,0.0,0.0,0.0,0.0,0.0,0.0,0.0,0.0,0.0,-0.0,0.0,0.0,0.0,0.0,0.0,5076.0,1.587929730903595e+29,0.0,0.0,-107615296.0,-107615280.0,2.718429300292151e+23,0.0,0.0,0.0,0.0,53,5.848083413016271e+35,-0.0,0.0,0.0,0.0,0.0,0.0,0.0,0.0,0,0,0,0.0,0.0,0.0,0.0,0.0,0.0,0.0,0.0,0.0,0.0,0.0,0.0,0.0,0.0,0.0,0.0,0,-107875648.0,53,0.0,106,-107614832.0,0.0,ERR,ERR,ERR,ERR,ERR,ERR,ERR,ERR,ERR,ERR,ERR,ERR,ERR,ERR,ERR,ERR,ERR,ERR,ERR,ERR,ERR,ERR,ERR,ERR,ERR,ERR,ERR,ERR,ERR,ERR,ERR,ERR,ERR,ERR,ERR,ERR,ERR,ERR,ERR,ERR,ERR,ERR,ERR,ERR,ERR,ERR,ERR,ERR,ERR,ERR,ERR,ERR,ERR,ERR,ERR,ERR,ERR,ERR,ERR,ERR,ERR,ERR,ERR,ERR,ERR,ERR,ERR,50.0,60.0,100,0.0,0.0,0.0,0.0,0.0,0.0,0.0,0.0,0.0,0.0,0.0,0.0,0.0,0.0,0.0,0.0,61.6,74,13,65512,50,65476,0,300,0,0,8,20529,65476,0,0,26214,60.0,0.0,0.0,0.0,0.0,0.0
2026-05-17T18:14:20,ERR,ERR,ERR,ERR,ERR,ERR,ERR,ERR,ERR,ERR,ERR,ERR,ERR,ERR,ERR,ERR,ERR,ERR,ERR,ERR,ERR,ERR,ERR,ERR,ERR,ERR,ERR,ERR,ERR,ERR,ERR,ERR,ERR,ERR,ERR,ERR,ERR,ERR,ERR,ERR,ERR,ERR,ERR,ERR,ERR,ERR,ERR,ERR,ERR,ERR,ERR,ERR,ERR,ERR,ERR,ERR,ERR,ERR,ERR,ERR,ERR,ERR,ERR,ERR,ERR,ERR,ERR,ERR,ERR,ERR,ERR,ERR,ERR,ERR,ERR,ERR,ERR,ERR,ERR,ERR,ERR,ERR,ERR,ERR,ERR,ERR,ERR,ERR,ERR,ERR,ERR,ERR,ERR,ERR,ERR,ERR,ERR,ERR,ERR,ERR,ERR,ERR,ERR,ERR,ERR,ERR,ERR,ERR,ERR,ERR,ERR,ERR,ERR,ERR,ERR,ERR,ERR,ERR,ERR,ERR,ERR,ERR,ERR,ERR,ERR,0.0,-107615296.0,-134474944.0,0.0,0.0,1.3936040501711995e+18,7.805,0.0,0,0,4,0,8422,0.0,45,0.0,0.0,0.0,0.0,0.0,0,0,0,0,0.0,0,0,0,0,0,0,0,0,0,0,0,0,0,0,0,0,0,0,0,0,0,0,0,0,0,0,0,0,0,0,0,0,0,38,14,7,45,65476,0,300,0,0,8,21553,0.0,-107605600.0,0.0,0.0,0.0,0.0,0.0,0.0,0.0,0.0,0.0,0.0,0.0,0.0,0.0,0.0,0.0,0.0,0.0,0.0,0.0,0.0,0.0,0.0,-0.0,0.0,0.0,0.0,0.0,0.0,5076.0,1.587929730903595e+29,0.0,0.0,-107615296.0,-107615280.0,2.718429300292151e+23,0.0,0.0,0.0,0.0,53,5.848083413016271e+35,-0.0,0.0,0.0,0.0,0.0,0.0,0.0,0.0,0,0,0,0.0,0.0,0.0,0.0,0.0,0.0,0.0,0.0,0.0,0.0,0.0,0.0,0.0,0.0,0.0,0.0,0,-107875648.0,53,0.0,106,-107614832.0,0.0,ERR,ERR,ERR,ERR,ERR,ERR,ERR,ERR,ERR,ERR,ERR,ERR,ERR,ERR,ERR,ERR,ERR,ERR,ERR,ERR,ERR,ERR,ERR,ERR,ERR,ERR,ERR,ERR,ERR,ERR,ERR,ERR,ERR,ERR,ERR,ERR,ERR,ERR,ERR,ERR,ERR,ERR,ERR,ERR,ERR,ERR,ERR,ERR,ERR,ERR,ERR,ERR,ERR,ERR,ERR,ERR,ERR,ERR,ERR,ERR,ERR,ERR,ERR,ERR,ERR,ERR,ERR,50.0,60.0,100,0.0,0.0,0.0,0.0,0.0,0.0,0.0,0.0,0.0,0.0,0.0,0.0,0.0,0.0,0.0,0.0,61.6,74,13,65512,50,65476,0,300,0,0,8,20529,65476,0,0,26214,60.0,0.0,0.0,0.0,0.0,0.0
2026-05-17T18:14:21,ERR,ERR,ERR,ERR,ERR,ERR,ERR,ERR,ERR,ERR,ERR,ERR,ERR,ERR,ERR,ERR,ERR,ERR,ERR,ERR,ERR,ERR,ERR,ERR,ERR,ERR,ERR,ERR,ERR,ERR,ERR,ERR,ERR,ERR,ERR,ERR,ERR,ERR,ERR,ERR,ERR,ERR,ERR,ERR,ERR,ERR,ERR,ERR,ERR,ERR,ERR,ERR,ERR,ERR,ERR,ERR,ERR,ERR,ERR,ERR,ERR,ERR,ERR,ERR,ERR,ERR,ERR,ERR,ERR,ERR,ERR,ERR,ERR,ERR,ERR,ERR,ERR,ERR,ERR,ERR,ERR,ERR,ERR,ERR,ERR,ERR,ERR,ERR,ERR,ERR,ERR,ERR,ERR,ERR,ERR,ERR,ERR,ERR,ERR,ERR,ERR,ERR,ERR,ERR,ERR,ERR,ERR,ERR,ERR,ERR,ERR,ERR,ERR,ERR,ERR,ERR,ERR,ERR,ERR,ERR,ERR,ERR,ERR,ERR,ERR,0.0,-107615296.0,-134474944.0,0.0,0.0,1.3936040501711995e+18,7.805,0.0,0,0,4,0,8422,0.0,45,0.0,0.0,0.0,0.0,0.0,0,0,0,0,0.0,0,0,0,0,0,0,0,0,0,0,0,0,0,0,0,0,0,0,0,0,0,0,0,0,0,0,0,0,0,0,0,0,0,38,14,7,45,65476,0,300,0,0,8,21553,0.0,-107605600.0,0.0,0.0,0.0,0.0,0.0,0.0,0.0,0.0,0.0,0.0,0.0,0.0,0.0,0.0,0.0,0.0,0.0,0.0,0.0,0.0,0.0,0.0,-0.0,0.0,0.0,0.0,0.0,0.0,5076.0,1.587929730903595e+29,0.0,0.0,-107615296.0,-107615280.0,2.718429300292151e+23,0.0,0.0,0.0,0.0,53,5.848083413016271e+35,-0.0,0.0,0.0,0.0,0.0,0.0,0.0,0.0,0,0,0,0.0,0.0,0.0,0.0,0.0,0.0,0.0,0.0,0.0,0.0,0.0,0.0,0.0,0.0,0.0,0.0,0,-107875648.0,53,0.0,106,-107614832.0,0.0,ERR,ERR,ERR,ERR,ERR,ERR,ERR,ERR,ERR,ERR,ERR,ERR,ERR,ERR,ERR,ERR,ERR,ERR,ERR,ERR,ERR,ERR,ERR,ERR,ERR,ERR,ERR,ERR,ERR,ERR,ERR,ERR,ERR,ERR,ERR,ERR,ERR,ERR,ERR,ERR,ERR,ERR,ERR,ERR,ERR,ERR,ERR,ERR,ERR,ERR,ERR,ERR,ERR,ERR,ERR,ERR,ERR,ERR,ERR,ERR,ERR,ERR,ERR,ERR,ERR,ERR,ERR,50.0,60.0,100,0.0,0.0,0.0,0.0,0.0,0.0,0.0,0.0,0.0,0.0,0.0,0.0,0.0,0.0,0.0,0.0,62.0,74,13,65512,50,65476,0,300,0,0,8,20529,65476,0,0,26214,60.0,0.0,0.0,0.0,0.0,0.0
2026-05-17T18:14:22,ERR,ERR,ERR,ERR,ERR,ERR,ERR,ERR,ERR,ERR,ERR,ERR,ERR,ERR,ERR,ERR,ERR,ERR,ERR,ERR,ERR,ERR,ERR,ERR,ERR,ERR,ERR,ERR,ERR,ERR,ERR,ERR,ERR,ERR,ERR,ERR,ERR,ERR,ERR,ERR,ERR,ERR,ERR,ERR,ERR,ERR,ERR,ERR,ERR,ERR,ERR,ERR,ERR,ERR,ERR,ERR,ERR,ERR,ERR,ERR,ERR,ERR,ERR,ERR,ERR,ERR,ERR,ERR,ERR,ERR,ERR,ERR,ERR,ERR,ERR,ERR,ERR,ERR,ERR,ERR,ERR,ERR,ERR,ERR,ERR,ERR,ERR,ERR,ERR,ERR,ERR,ERR,ERR,ERR,ERR,ERR,ERR,ERR,ERR,ERR,ERR,ERR,ERR,ERR,ERR,ERR,ERR,ERR,ERR,ERR,ERR,ERR,ERR,ERR,ERR,ERR,ERR,ERR,ERR,ERR,ERR,ERR,ERR,ERR,ERR,0.0,-107615296.0,-134474944.0,0.0,0.0,1.3936040501711995e+18,7.805,0.0,0,0,4,0,8422,0.0,45,0.0,0.0,0.0,0.0,0.0,0,0,0,0,0.0,0,0,0,0,0,0,0,0,0,0,0,0,0,0,0,0,0,0,0,0,0,0,0,0,0,0,0,0,0,0,0,0,0,38,14,7,45,65476,0,300,0,0,8,21553,0.0,-107605600.0,0.0,0.0,0.0,0.0,0.0,0.0,0.0,0.0,0.0,0.0,0.0,0.0,0.0,0.0,0.0,0.0,0.0,0.0,0.0,0.0,0.0,0.0,-0.0,0.0,0.0,0.0,0.0,0.0,5076.0,1.587929730903595e+29,0.0,0.0,-107615296.0,-107615280.0,2.718429300292151e+23,0.0,0.0,0.0,0.0,53,5.848083413016271e+35,-0.0,0.0,0.0,0.0,0.0,0.0,0.0,0.0,0,0,0,0.0,0.0,0.0,0.0,0.0,0.0,0.0,0.0,0.0,0.0,0.0,0.0,0.0,0.0,0.0,0.0,0,-107875648.0,53,0.0,106,-107614832.0,0.0,ERR,ERR,ERR,ERR,ERR,ERR,ERR,ERR,ERR,ERR,ERR,ERR,ERR,ERR,ERR,ERR,ERR,ERR,ERR,ERR,ERR,ERR,ERR,ERR,ERR,ERR,ERR,ERR,ERR,ERR,ERR,ERR,ERR,ERR,ERR,ERR,ERR,ERR,ERR,ERR,ERR,ERR,ERR,ERR,ERR,ERR,ERR,ERR,ERR,ERR,ERR,ERR,ERR,ERR,ERR,ERR,ERR,ERR,ERR,ERR,ERR,ERR,ERR,ERR,ERR,ERR,ERR,50.0,60.0,100,0.0,0.0,0.0,0.0,0.0,0.0,0.0,0.0,0.0,0.0,0.0,0.0,0.0,0.0,0.0,0.0,62.0,74,13,65512,50,65476,0,300,0,0,8,20529,65476,0,0,26214,60.0,0.0,0.0,0.0,0.0,0.0
2026-05-17T18:14:23,ERR,ERR,ERR,ERR,ERR,ERR,ERR,ERR,ERR,ERR,ERR,ERR,ERR,ERR,ERR,ERR,ERR,ERR,ERR,ERR,ERR,ERR,ERR,ERR,ERR,ERR,ERR,ERR,ERR,ERR,ERR,ERR,ERR,ERR,ERR,ERR,ERR,ERR,ERR,ERR,ERR,ERR,ERR,ERR,ERR,ERR,ERR,ERR,ERR,ERR,ERR,ERR,ERR,ERR,ERR,ERR,ERR,ERR,ERR,ERR,ERR,ERR,ERR,ERR,ERR,ERR,ERR,ERR,ERR,ERR,ERR,ERR,ERR,ERR,ERR,ERR,ERR,ERR,ERR,ERR,ERR,ERR,ERR,ERR,ERR,ERR,ERR,ERR,ERR,ERR,ERR,ERR,ERR,ERR,ERR,ERR,ERR,ERR,ERR,ERR,ERR,ERR,ERR,ERR,ERR,ERR,ERR,ERR,ERR,ERR,ERR,ERR,ERR,ERR,ERR,ERR,ERR,ERR,ERR,ERR,ERR,ERR,ERR,ERR,ERR,0.0,-107615296.0,-134474944.0,0.0,0.0,1.3936040501711995e+18,7.805,0.0,0,0,4,0,8422,0.0,45,0.0,0.0,0.0,0.0,0.0,0,0,0,0,0.0,0,0,0,0,0,0,0,0,0,0,0,0,0,0,0,0,0,0,0,0,0,0,0,0,0,0,0,0,0,0,0,0,0,38,14,7,45,65476,0,300,0,0,8,21553,0.0,-107605600.0,0.0,0.0,0.0,0.0,0.0,0.0,0.0,0.0,0.0,0.0,0.0,0.0,0.0,0.0,0.0,0.0,0.0,0.0,0.0,0.0,0.0,0.0,-0.0,0.0,0.0,0.0,0.0,0.0,5083.0,1.04066562844498e+34,0.0,0.0,-107615296.0,-107615280.0,2.718429300292151e+23,0.0,0.0,0.0,0.0,53,-0.0,-152017313988608.0,0.0,0.0,0.0,0.0,0.0,0.0,0.0,0,0,0,0.0,0.0,0.0,0.0,0.0,0.0,0.0,0.0,0.0,0.0,0.0,0.0,0.0,0.0,0.0,0.0,0,-107875648.0,53,0.0,106,-107614832.0,0.0,ERR,ERR,ERR,ERR,ERR,ERR,ERR,ERR,ERR,ERR,ERR,ERR,ERR,ERR,ERR,ERR,ERR,ERR,ERR,ERR,ERR,ERR,ERR,ERR,ERR,ERR,ERR,ERR,ERR,ERR,ERR,ERR,ERR,ERR,ERR,ERR,ERR,ERR,ERR,ERR,ERR,ERR,ERR,ERR,ERR,ERR,ERR,ERR,ERR,ERR,ERR,ERR,ERR,ERR,ERR,ERR,ERR,ERR,ERR,ERR,ERR,ERR,ERR,ERR,ERR,ERR,ERR,50.0,60.0,100,0.0,0.0,0.0,0.0,0.0,0.0,0.0,0.0,0.0,0.0,0.0,0.0,0.0,0.0,0.0,0.0,61.6,74,13,65512,50,65476,0,300,0,0,8,20529,65476,0,0,26214,60.0,0.0,0.0,0.0,0.0,0.0
2026-05-17T18:14:24,ERR,ERR,ERR,ERR,ERR,ERR,ERR,ERR,ERR,ERR,ERR,ERR,ERR,ERR,ERR,ERR,ERR,ERR,ERR,ERR,ERR,ERR,ERR,ERR,ERR,ERR,ERR,ERR,ERR,ERR,ERR,ERR,ERR,ERR,ERR,ERR,ERR,ERR,ERR,ERR,ERR,ERR,ERR,ERR,ERR,ERR,ERR,ERR,ERR,ERR,ERR,ERR,ERR,ERR,ERR,ERR,ERR,ERR,ERR,ERR,ERR,ERR,ERR,ERR,ERR,ERR,ERR,ERR,ERR,ERR,ERR,ERR,ERR,ERR,ERR,ERR,ERR,ERR,ERR,ERR,ERR,ERR,ERR,ERR,ERR,ERR,ERR,ERR,ERR,ERR,ERR,ERR,ERR,ERR,ERR,ERR,ERR,ERR,ERR,ERR,ERR,ERR,ERR,ERR,ERR,ERR,ERR,ERR,ERR,ERR,ERR,ERR,ERR,ERR,ERR,ERR,ERR,ERR,ERR,ERR,ERR,ERR,ERR,ERR,ERR,0.0,-107615296.0,-134474944.0,0.0,0.0,1.3936040501711995e+18,7.805,0.0,0,0,4,0,8422,0.0,45,0.0,0.0,0.0,0.0,0.0,0,0,0,0,0.0,0,0,0,0,0,0,0,0,0,0,0,0,0,0,0,0,0,0,0,0,0,0,0,0,0,0,0,0,0,0,0,0,0,38,14,7,45,65476,0,300,0,0,8,21553,0.0,-107605600.0,0.0,0.0,0.0,0.0,0.0,0.0,0.0,0.0,0.0,0.0,0.0,0.0,0.0,0.0,0.0,0.0,0.0,0.0,0.0,0.0,0.0,0.0,-0.0,0.0,0.0,0.0,0.0,0.0,5083.0,1.04066562844498e+34,0.0,0.0,-107615296.0,-107615280.0,2.718429300292151e+23,0.0,0.0,0.0,0.0,53,-0.0,-152017313988608.0,0.0,0.0,0.0,0.0,0.0,0.0,0.0,0,0,0,0.0,0.0,0.0,0.0,0.0,0.0,0.0,0.0,0.0,0.0,0.0,0.0,0.0,0.0,0.0,0.0,0,-107875648.0,53,0.0,106,-107614832.0,0.0,ERR,ERR,ERR,ERR,ERR,ERR,ERR,ERR,ERR,ERR,ERR,ERR,ERR,ERR,ERR,ERR,ERR,ERR,ERR,ERR,ERR,ERR,ERR,ERR,ERR,ERR,ERR,ERR,ERR,ERR,ERR,ERR,ERR,ERR,ERR,ERR,ERR,ERR,ERR,ERR,ERR,ERR,ERR,ERR,ERR,ERR,ERR,ERR,ERR,ERR,ERR,ERR,ERR,ERR,ERR,ERR,ERR,ERR,ERR,ERR,ERR,ERR,ERR,ERR,ERR,ERR,ERR,50.0,60.0,100,0.0,0.0,0.0,0.0,0.0,0.0,0.0,0.0,0.0,0.0,0.0,0.0,0.0,0.0,0.0,0.0,61.6,74,13,65512,50,65476,0,300,0,0,8,20529,65476,0,0,26214,60.0,0.0,0.0,0.0,0.0,0.0
2026-05-17T18:14:25,ERR,ERR,ERR,ERR,ERR,ERR,ERR,ERR,ERR,ERR,ERR,ERR,ERR,ERR,ERR,ERR,ERR,ERR,ERR,ERR,ERR,ERR,ERR,ERR,ERR,ERR,ERR,ERR,ERR,ERR,ERR,ERR,ERR,ERR,ERR,ERR,ERR,ERR,ERR,ERR,ERR,ERR,ERR,ERR,ERR,ERR,ERR,ERR,ERR,ERR,ERR,ERR,ERR,ERR,ERR,ERR,ERR,ERR,ERR,ERR,ERR,ERR,ERR,ERR,ERR,ERR,ERR,ERR,ERR,ERR,ERR,ERR,ERR,ERR,ERR,ERR,ERR,ERR,ERR,ERR,ERR,ERR,ERR,ERR,ERR,ERR,ERR,ERR,ERR,ERR,ERR,ERR,ERR,ERR,ERR,ERR,ERR,ERR,ERR,ERR,ERR,ERR,ERR,ERR,ERR,ERR,ERR,ERR,ERR,ERR,ERR,ERR,ERR,ERR,ERR,ERR,ERR,ERR,ERR,ERR,ERR,ERR,ERR,ERR,ERR,0.0,-107615296.0,-134474944.0,0.0,0.0,1.3936040501711995e+18,7.805,0.0,0,0,4,0,8422,0.0,45,0.0,0.0,0.0,0.0,0.0,0,0,0,0,0.0,0,0,0,0,0,0,0,0,0,0,0,0,0,0,0,0,0,0,0,0,0,0,0,0,0,0,0,0,0,0,0,0,0,38,14,7,45,65476,0,300,0,0,8,21553,0.0,-107605600.0,0.0,0.0,0.0,0.0,0.0,0.0,0.0,0.0,0.0,0.0,0.0,0.0,0.0,0.0,0.0,0.0,0.0,0.0,0.0,0.0,0.0,0.0,-0.0,0.0,0.0,0.0,0.0,0.0,5083.0,1.04066562844498e+34,0.0,0.0,-107615296.0,-107615280.0,2.718429300292151e+23,0.0,0.0,0.0,0.0,53,-0.0,-152017313988608.0,0.0,0.0,0.0,0.0,0.0,0.0,0.0,0,0,0,0.0,0.0,0.0,0.0,0.0,0.0,0.0,0.0,0.0,0.0,0.0,0.0,0.0,0.0,0.0,0.0,0,-107875648.0,53,0.0,106,-107614832.0,0.0,ERR,ERR,ERR,ERR,ERR,ERR,ERR,ERR,ERR,ERR,ERR,ERR,ERR,ERR,ERR,ERR,ERR,ERR,ERR,ERR,ERR,ERR,ERR,ERR,ERR,ERR,ERR,ERR,ERR,ERR,ERR,ERR,ERR,ERR,ERR,ERR,ERR,ERR,ERR,ERR,ERR,ERR,ERR,ERR,ERR,ERR,ERR,ERR,ERR,ERR,ERR,ERR,ERR,ERR,ERR,ERR,ERR,ERR,ERR,ERR,ERR,ERR,ERR,ERR,ERR,ERR,ERR,50.0,60.0,100,0.0,0.0,0.0,0.0,0.0,0.0,0.0,0.0,0.0,0.0,0.0,0.0,0.0,0.0,0.0,0.0,61.6,74,13,65512,50,65476,0,300,0,0,8,20529,65476,0,0,26214,60.0,0.0,0.0,0.0,0.0,0.0
2026-05-17T18:14:26,ERR,ERR,ERR,ERR,ERR,ERR,ERR,ERR,ERR,ERR,ERR,ERR,ERR,ERR,ERR,ERR,ERR,ERR,ERR,ERR,ERR,ERR,ERR,ERR,ERR,ERR,ERR,ERR,ERR,ERR,ERR,ERR,ERR,ERR,ERR,ERR,ERR,ERR,ERR,ERR,ERR,ERR,ERR,ERR,ERR,ERR,ERR,ERR,ERR,ERR,ERR,ERR,ERR,ERR,ERR,ERR,ERR,ERR,ERR,ERR,ERR,ERR,ERR,ERR,ERR,ERR,ERR,ERR,ERR,ERR,ERR,ERR,ERR,ERR,ERR,ERR,ERR,ERR,ERR,ERR,ERR,ERR,ERR,ERR,ERR,ERR,ERR,ERR,ERR,ERR,ERR,ERR,ERR,ERR,ERR,ERR,ERR,ERR,ERR,ERR,ERR,ERR,ERR,ERR,ERR,ERR,ERR,ERR,ERR,ERR,ERR,ERR,ERR,ERR,ERR,ERR,ERR,ERR,ERR,ERR,ERR,ERR,ERR,ERR,ERR,0.0,-107615296.0,-134474944.0,0.0,0.0,1.3936040501711995e+18,7.805,0.0,0,0,4,0,8422,0.0,45,0.0,0.0,0.0,0.0,0.0,0,0,0,0,0.0,0,0,0,0,0,0,0,0,0,0,0,0,0,0,0,0,0,0,0,0,0,0,0,0,0,0,0,0,0,0,0,0,0,38,14,7,45,65476,0,300,0,0,8,21553,0.0,-107605600.0,0.0,0.0,0.0,0.0,0.0,0.0,0.0,0.0,0.0,0.0,0.0,0.0,0.0,0.0,0.0,0.0,0.0,0.0,0.0,0.0,0.0,0.0,-0.0,0.0,0.0,0.0,0.0,0.0,5083.0,1.04066562844498e+34,0.0,0.0,-107615296.0,-107615280.0,2.718429300292151e+23,0.0,0.0,0.0,0.0,53,-0.0,-152017313988608.0,0.0,0.0,0.0,0.0,0.0,0.0,0.0,0,0,0,0.0,0.0,0.0,0.0,0.0,0.0,0.0,0.0,0.0,0.0,0.0,0.0,0.0,0.0,0.0,0.0,0,-107875648.0,53,0.0,106,-107614832.0,0.0,ERR,ERR,ERR,ERR,ERR,ERR,ERR,ERR,ERR,ERR,ERR,ERR,ERR,ERR,ERR,ERR,ERR,ERR,ERR,ERR,ERR,ERR,ERR,ERR,ERR,ERR,ERR,ERR,ERR,ERR,ERR,ERR,ERR,ERR,ERR,ERR,ERR,ERR,ERR,ERR,ERR,ERR,ERR,ERR,ERR,ERR,ERR,ERR,ERR,ERR,ERR,ERR,ERR,ERR,ERR,ERR,ERR,ERR,ERR,ERR,ERR,ERR,ERR,ERR,ERR,ERR,ERR,50.0,60.0,100,0.0,0.0,0.0,0.0,0.0,0.0,0.0,0.0,0.0,0.0,0.0,0.0,0.0,0.0,0.0,0.0,61.6,74,13,65512,50,65476,0,300,0,0,8,20529,65476,0,0,26214,60.0,0.0,0.0,0.0,0.0,0.0
2026-05-17T18:14:27,ERR,ERR,ERR,ERR,ERR,ERR,ERR,ERR,ERR,ERR,ERR,ERR,ERR,ERR,ERR,ERR,ERR,ERR,ERR,ERR,ERR,ERR,ERR,ERR,ERR,ERR,ERR,ERR,ERR,ERR,ERR,ERR,ERR,ERR,ERR,ERR,ERR,ERR,ERR,ERR,ERR,ERR,ERR,ERR,ERR,ERR,ERR,ERR,ERR,ERR,ERR,ERR,ERR,ERR,ERR,ERR,ERR,ERR,ERR,ERR,ERR,ERR,ERR,ERR,ERR,ERR,ERR,ERR,ERR,ERR,ERR,ERR,ERR,ERR,ERR,ERR,ERR,ERR,ERR,ERR,ERR,ERR,ERR,ERR,ERR,ERR,ERR,ERR,ERR,ERR,ERR,ERR,ERR,ERR,ERR,ERR,ERR,ERR,ERR,ERR,ERR,ERR,ERR,ERR,ERR,ERR,ERR,ERR,ERR,ERR,ERR,ERR,ERR,ERR,ERR,ERR,ERR,ERR,ERR,ERR,ERR,ERR,ERR,ERR,ERR,0.0,-107615296.0,-134474944.0,0.0,0.0,1.3936040501711995e+18,7.805,0.0,0,0,4,0,8422,0.0,45,0.0,0.0,0.0,0.0,0.0,0,0,0,0,0.0,0,0,0,0,0,0,0,0,0,0,0,0,0,0,0,0,0,0,0,0,0,0,0,0,0,0,0,0,0,0,0,0,0,38,14,7,45,65476,0,300,0,0,8,21553,0.0,-107605600.0,0.0,0.0,0.0,0.0,0.0,0.0,0.0,0.0,0.0,0.0,0.0,0.0,0.0,0.0,0.0,0.0,0.0,0.0,0.0,0.0,0.0,0.0,-0.0,0.0,0.0,0.0,0.0,0.0,5083.0,1.04066562844498e+34,0.0,0.0,-107615296.0,-107615280.0,2.718429300292151e+23,0.0,0.0,0.0,0.0,53,-0.0,-152017313988608.0,0.0,0.0,0.0,0.0,0.0,0.0,0.0,0,0,0,0.0,0.0,0.0,0.0,0.0,0.0,0.0,0.0,0.0,0.0,0.0,0.0,0.0,0.0,0.0,0.0,0,-107875648.0,53,0.0,106,-107614832.0,0.0,ERR,ERR,ERR,ERR,ERR,ERR,ERR,ERR,ERR,ERR,ERR,ERR,ERR,ERR,ERR,ERR,ERR,ERR,ERR,ERR,ERR,ERR,ERR,ERR,ERR,ERR,ERR,ERR,ERR,ERR,ERR,ERR,ERR,ERR,ERR,ERR,ERR,ERR,ERR,ERR,ERR,ERR,ERR,ERR,ERR,ERR,ERR,ERR,ERR,ERR,ERR,ERR,ERR,ERR,ERR,ERR,ERR,ERR,ERR,ERR,ERR,ERR,ERR,ERR,ERR,ERR,ERR,50.0,60.0,100,0.0,0.0,0.0,0.0,0.0,0.0,0.0,0.0,0.0,0.0,0.0,0.0,0.0,0.0,0.0,0.0,61.6,74,13,65512,50,65476,0,300,0,0,8,20529,65476,0,0,26214,60.0,0.0,0.0,0.0,0.0,0.0
2026-05-17T18:14:28,ERR,ERR,ERR,ERR,ERR,ERR,ERR,ERR,ERR,ERR,ERR,ERR,ERR,ERR,ERR,ERR,ERR,ERR,ERR,ERR,ERR,ERR,ERR,ERR,ERR,ERR,ERR,ERR,ERR,ERR,ERR,ERR,ERR,ERR,ERR,ERR,ERR,ERR,ERR,ERR,ERR,ERR,ERR,ERR,ERR,ERR,ERR,ERR,ERR,ERR,ERR,ERR,ERR,ERR,ERR,ERR,ERR,ERR,ERR,ERR,ERR,ERR,ERR,ERR,ERR,ERR,ERR,ERR,ERR,ERR,ERR,ERR,ERR,ERR,ERR,ERR,ERR,ERR,ERR,ERR,ERR,ERR,ERR,ERR,ERR,ERR,ERR,ERR,ERR,ERR,ERR,ERR,ERR,ERR,ERR,ERR,ERR,ERR,ERR,ERR,ERR,ERR,ERR,ERR,ERR,ERR,ERR,ERR,ERR,ERR,ERR,ERR,ERR,ERR,ERR,ERR,ERR,ERR,ERR,ERR,ERR,ERR,ERR,ERR,ERR,0.0,-107615296.0,-134474944.0,0.0,0.0,1.3936040501711995e+18,7.805,0.0,0,0,4,0,8422,0.0,45,0.0,0.0,0.0,0.0,0.0,0,0,0,0,0.0,0,0,0,0,0,0,0,0,0,0,0,0,0,0,0,0,0,0,0,0,0,0,0,0,0,0,0,0,0,0,0,0,0,38,14,7,45,65476,0,300,0,0,8,21553,0.0,-107605600.0,0.0,0.0,0.0,0.0,0.0,0.0,0.0,0.0,0.0,0.0,0.0,0.0,0.0,0.0,0.0,0.0,0.0,0.0,0.0,0.0,0.0,0.0,-0.0,0.0,0.0,0.0,0.0,0.0,5076.0,0.0,0.0,0.0,-107615296.0,-107615280.0,2.718429300292151e+23,0.0,0.0,0.0,0.0,53,5.848083413016271e+35,5.8480564754410164e+35,0.0,0.0,0.0,0.0,0.0,0.0,0.0,0,0,0,0.0,0.0,0.0,0.0,0.0,0.0,0.0,0.0,0.0,0.0,0.0,0.0,0.0,0.0,0.0,0.0,0,-107875648.0,53,0.0,106,-107614832.0,0.0,ERR,ERR,ERR,ERR,ERR,ERR,ERR,ERR,ERR,ERR,ERR,ERR,ERR,ERR,ERR,ERR,ERR,ERR,ERR,ERR,ERR,ERR,ERR,ERR,ERR,ERR,ERR,ERR,ERR,ERR,ERR,ERR,ERR,ERR,ERR,ERR,ERR,ERR,ERR,ERR,ERR,ERR,ERR,ERR,ERR,ERR,ERR,ERR,ERR,ERR,ERR,ERR,ERR,ERR,ERR,ERR,ERR,ERR,ERR,ERR,ERR,ERR,ERR,ERR,ERR,ERR,ERR,50.0,60.0,100,0.0,0.0,0.0,0.0,0.0,0.0,0.0,0.0,0.0,0.0,0.0,0.0,0.0,0.0,0.0,0.0,61.6,74,13,65512,50,65476,0,300,0,0,8,20529,65476,0,0,26214,60.0,0.0,0.0,0.0,0.0,0.0
2026-05-17T18:14:29,ERR,ERR,ERR,ERR,ERR,ERR,ERR,ERR,ERR,ERR,ERR,ERR,ERR,ERR,ERR,ERR,ERR,ERR,ERR,ERR,ERR,ERR,ERR,ERR,ERR,ERR,ERR,ERR,ERR,ERR,ERR,ERR,ERR,ERR,ERR,ERR,ERR,ERR,ERR,ERR,ERR,ERR,ERR,ERR,ERR,ERR,ERR,ERR,ERR,ERR,ERR,ERR,ERR,ERR,ERR,ERR,ERR,ERR,ERR,ERR,ERR,ERR,ERR,ERR,ERR,ERR,ERR,ERR,ERR,ERR,ERR,ERR,ERR,ERR,ERR,ERR,ERR,ERR,ERR,ERR,ERR,ERR,ERR,ERR,ERR,ERR,ERR,ERR,ERR,ERR,ERR,ERR,ERR,ERR,ERR,ERR,ERR,ERR,ERR,ERR,ERR,ERR,ERR,ERR,ERR,ERR,ERR,ERR,ERR,ERR,ERR,ERR,ERR,ERR,ERR,ERR,ERR,ERR,ERR,ERR,ERR,ERR,ERR,ERR,ERR,0.0,-107615296.0,-134474944.0,0.0,0.0,1.3936040501711995e+18,7.805,0.0,0,0,4,0,8422,0.0,45,0.0,0.0,0.0,0.0,0.0,0,0,0,0,0.0,0,0,0,0,0,0,0,0,0,0,0,0,0,0,0,0,0,0,0,0,0,0,0,0,0,0,0,0,0,0,0,0,0,38,14,7,45,65476,0,300,0,0,8,21553,0.0,-107605600.0,0.0,0.0,0.0,0.0,0.0,0.0,0.0,0.0,0.0,0.0,0.0,0.0,0.0,0.0,0.0,0.0,0.0,0.0,0.0,0.0,0.0,0.0,-0.0,0.0,0.0,0.0,0.0,0.0,5076.0,0.0,0.0,0.0,-107615296.0,-107615280.0,2.718429300292151e+23,0.0,0.0,0.0,0.0,53,5.848083413016271e+35,5.8480564754410164e+35,0.0,0.0,0.0,0.0,0.0,0.0,0.0,0,0,0,0.0,0.0,0.0,0.0,0.0,0.0,0.0,0.0,0.0,0.0,0.0,0.0,0.0,0.0,0.0,0.0,0,-107875648.0,53,0.0,106,-107614832.0,0.0,ERR,ERR,ERR,ERR,ERR,ERR,ERR,ERR,ERR,ERR,ERR,ERR,ERR,ERR,ERR,ERR,ERR,ERR,ERR,ERR,ERR,ERR,ERR,ERR,ERR,ERR,ERR,ERR,ERR,ERR,ERR,ERR,ERR,ERR,ERR,ERR,ERR,ERR,ERR,ERR,ERR,ERR,ERR,ERR,ERR,ERR,ERR,ERR,ERR,ERR,ERR,ERR,ERR,ERR,ERR,ERR,ERR,ERR,ERR,ERR,ERR,ERR,ERR,ERR,ERR,ERR,ERR,50.0,60.0,100,0.0,0.0,0.0,0.0,0.0,0.0,0.0,0.0,0.0,0.0,0.0,0.0,0.0,0.0,0.0,0.0,61.6,74,13,65512,50,65476,0,300,0,0,8,20529,65476,0,0,26214,60.0,0.0,0.0,0.0,0.0,0.0
2026-05-17T18:14:30,ERR,ERR,ERR,ERR,ERR,ERR,ERR,ERR,ERR,ERR,ERR,ERR,ERR,ERR,ERR,ERR,ERR,ERR,ERR,ERR,ERR,ERR,ERR,ERR,ERR,ERR,ERR,ERR,ERR,ERR,ERR,ERR,ERR,ERR,ERR,ERR,ERR,ERR,ERR,ERR,ERR,ERR,ERR,ERR,ERR,ERR,ERR,ERR,ERR,ERR,ERR,ERR,ERR,ERR,ERR,ERR,ERR,ERR,ERR,ERR,ERR,ERR,ERR,ERR,ERR,ERR,ERR,ERR,ERR,ERR,ERR,ERR,ERR,ERR,ERR,ERR,ERR,ERR,ERR,ERR,ERR,ERR,ERR,ERR,ERR,ERR,ERR,ERR,ERR,ERR,ERR,ERR,ERR,ERR,ERR,ERR,ERR,ERR,ERR,ERR,ERR,ERR,ERR,ERR,ERR,ERR,ERR,ERR,ERR,ERR,ERR,ERR,ERR,ERR,ERR,ERR,ERR,ERR,ERR,ERR,ERR,ERR,ERR,ERR,ERR,0.0,-107615296.0,-134474944.0,0.0,0.0,1.3936040501711995e+18,7.805,0.0,0,0,4,0,8422,0.0,45,0.0,0.0,0.0,0.0,0.0,0,0,0,0,0.0,0,0,0,0,0,0,0,0,0,0,0,0,0,0,0,0,0,0,0,0,0,0,0,0,0,0,0,0,0,0,0,0,0,38,14,7,45,65476,0,300,0,0,8,21553,0.0,-107605600.0,0.0,0.0,0.0,0.0,0.0,0.0,0.0,0.0,0.0,0.0,0.0,0.0,0.0,0.0,0.0,0.0,0.0,0.0,0.0,0.0,0.0,0.0,-0.0,0.0,0.0,0.0,0.0,0.0,5076.0,0.0,0.0,0.0,-107615296.0,-107615280.0,2.718429300292151e+23,0.0,0.0,0.0,0.0,53,5.848083413016271e+35,5.8480564754410164e+35,0.0,0.0,0.0,0.0,0.0,0.0,0.0,0,0,0,0.0,0.0,0.0,0.0,0.0,0.0,0.0,0.0,0.0,0.0,0.0,0.0,0.0,0.0,0.0,0.0,0,-107875648.0,53,0.0,106,-107614832.0,0.0,ERR,ERR,ERR,ERR,ERR,ERR,ERR,ERR,ERR,ERR,ERR,ERR,ERR,ERR,ERR,ERR,ERR,ERR,ERR,ERR,ERR,ERR,ERR,ERR,ERR,ERR,ERR,ERR,ERR,ERR,ERR,ERR,ERR,ERR,ERR,ERR,ERR,ERR,ERR,ERR,ERR,ERR,ERR,ERR,ERR,ERR,ERR,ERR,ERR,ERR,ERR,ERR,ERR,ERR,ERR,ERR,ERR,ERR,ERR,ERR,ERR,ERR,ERR,ERR,ERR,ERR,ERR,50.0,60.0,100,0.0,0.0,0.0,0.0,0.0,0.0,0.0,0.0,0.0,0.0,0.0,0.0,0.0,0.0,0.0,0.0,61.6,74,13,65512,50,65476,0,300,0,0,8,20529,65476,0,0,26214,60.0,0.0,0.0,0.0,0.0,0.0
2026-05-17T18:14:31,ERR,ERR,ERR,ERR,ERR,ERR,ERR,ERR,ERR,ERR,ERR,ERR,ERR,ERR,ERR,ERR,ERR,ERR,ERR,ERR,ERR,ERR,ERR,ERR,ERR,ERR,ERR,ERR,ERR,ERR,ERR,ERR,ERR,ERR,ERR,ERR,ERR,ERR,ERR,ERR,ERR,ERR,ERR,ERR,ERR,ERR,ERR,ERR,ERR,ERR,ERR,ERR,ERR,ERR,ERR,ERR,ERR,ERR,ERR,ERR,ERR,ERR,ERR,ERR,ERR,ERR,ERR,ERR,ERR,ERR,ERR,ERR,ERR,ERR,ERR,ERR,ERR,ERR,ERR,ERR,ERR,ERR,ERR,ERR,ERR,ERR,ERR,ERR,ERR,ERR,ERR,ERR,ERR,ERR,ERR,ERR,ERR,ERR,ERR,ERR,ERR,ERR,ERR,ERR,ERR,ERR,ERR,ERR,ERR,ERR,ERR,ERR,ERR,ERR,ERR,ERR,ERR,ERR,ERR,ERR,ERR,ERR,ERR,ERR,ERR,0.0,-107615296.0,-134474944.0,0.0,0.0,1.3936040501711995e+18,7.805,0.0,0,0,4,0,8422,0.0,45,0.0,0.0,0.0,0.0,0.0,0,0,0,0,0.0,0,0,0,0,0,0,0,0,0,0,0,0,0,0,0,0,0,0,0,0,0,0,0,0,0,0,0,0,0,0,0,0,0,38,14,7,45,65476,0,300,0,0,8,21553,0.0,-107605600.0,0.0,0.0,0.0,0.0,0.0,0.0,0.0,0.0,0.0,0.0,0.0,0.0,0.0,0.0,0.0,0.0,0.0,0.0,0.0,0.0,0.0,0.0,-0.0,0.0,0.0,0.0,0.0,0.0,5076.0,0.0,0.0,0.0,-107615296.0,-107615280.0,2.718429300292151e+23,0.0,0.0,0.0,0.0,53,5.848083413016271e+35,5.8480564754410164e+35,0.0,0.0,0.0,0.0,0.0,0.0,0.0,0,0,0,0.0,0.0,0.0,0.0,0.0,0.0,0.0,0.0,0.0,0.0,0.0,0.0,0.0,0.0,0.0,0.0,0,-107875648.0,53,0.0,106,-107614832.0,0.0,ERR,ERR,ERR,ERR,ERR,ERR,ERR,ERR,ERR,ERR,ERR,ERR,ERR,ERR,ERR,ERR,ERR,ERR,ERR,ERR,ERR,ERR,ERR,ERR,ERR,ERR,ERR,ERR,ERR,ERR,ERR,ERR,ERR,ERR,ERR,ERR,ERR,ERR,ERR,ERR,ERR,ERR,ERR,ERR,ERR,ERR,ERR,ERR,ERR,ERR,ERR,ERR,ERR,ERR,ERR,ERR,ERR,ERR,ERR,ERR,ERR,ERR,ERR,ERR,ERR,ERR,ERR,50.0,60.0,100,0.0,0.0,0.0,0.0,0.0,0.0,0.0,0.0,0.0,0.0,0.0,0.0,0.0,0.0,0.0,0.0,61.6,74,13,65512,50,65476,0,300,0,0,8,20529,65476,0,0,26214,60.0,0.0,0.0,0.0,0.0,0.0
2026-05-17T18:14:32,ERR,ERR,ERR,ERR,ERR,ERR,ERR,ERR,ERR,ERR,ERR,ERR,ERR,ERR,ERR,ERR,ERR,ERR,ERR,ERR,ERR,ERR,ERR,ERR,ERR,ERR,ERR,ERR,ERR,ERR,ERR,ERR,ERR,ERR,ERR,ERR,ERR,ERR,ERR,ERR,ERR,ERR,ERR,ERR,ERR,ERR,ERR,ERR,ERR,ERR,ERR,ERR,ERR,ERR,ERR,ERR,ERR,ERR,ERR,ERR,ERR,ERR,ERR,ERR,ERR,ERR,ERR,ERR,ERR,ERR,ERR,ERR,ERR,ERR,ERR,ERR,ERR,ERR,ERR,ERR,ERR,ERR,ERR,ERR,ERR,ERR,ERR,ERR,ERR,ERR,ERR,ERR,ERR,ERR,ERR,ERR,ERR,ERR,ERR,ERR,ERR,ERR,ERR,ERR,ERR,ERR,ERR,ERR,ERR,ERR,ERR,ERR,ERR,ERR,ERR,ERR,ERR,ERR,ERR,ERR,ERR,ERR,ERR,ERR,ERR,0.0,-107615296.0,-134474944.0,0.0,0.0,1.3936040501711995e+18,7.805,0.0,0,0,4,0,8422,0.0,45,0.0,0.0,0.0,0.0,0.0,0,0,0,0,0.0,0,0,0,0,0,0,0,0,0,0,0,0,0,0,0,0,0,0,0,0,0,0,0,0,0,0,0,0,0,0,0,0,0,38,14,7,45,65476,0,300,0,0,8,21553,0.0,-107605600.0,0.0,0.0,0.0,0.0,0.0,0.0,0.0,0.0,0.0,0.0,0.0,0.0,0.0,0.0,0.0,0.0,0.0,0.0,0.0,0.0,0.0,0.0,-0.0,0.0,0.0,0.0,0.0,0.0,5076.0,0.0,0.0,0.0,-107615296.0,-107615280.0,2.718429300292151e+23,0.0,0.0,0.0,0.0,53,5.848083413016271e+35,5.8480564754410164e+35,0.0,0.0,0.0,0.0,0.0,0.0,0.0,0,0,0,0.0,0.0,0.0,0.0,0.0,0.0,0.0,0.0,0.0,0.0,0.0,0.0,0.0,0.0,0.0,0.0,0,-107875648.0,53,0.0,106,-107614832.0,0.0,ERR,ERR,ERR,ERR,ERR,ERR,ERR,ERR,ERR,ERR,ERR,ERR,ERR,ERR,ERR,ERR,ERR,ERR,ERR,ERR,ERR,ERR,ERR,ERR,ERR,ERR,ERR,ERR,ERR,ERR,ERR,ERR,ERR,ERR,ERR,ERR,ERR,ERR,ERR,ERR,ERR,ERR,ERR,ERR,ERR,ERR,ERR,ERR,ERR,ERR,ERR,ERR,ERR,ERR,ERR,ERR,ERR,ERR,ERR,ERR,ERR,ERR,ERR,ERR,ERR,ERR,ERR,50.0,60.0,100,0.0,0.0,0.0,0.0,0.0,0.0,0.0,0.0,0.0,0.0,0.0,0.0,0.0,0.0,0.0,0.0,61.6,74,13,65512,50,65476,0,300,0,0,8,20529,65476,0,0,26214,60.0,0.0,0.0,0.0,0.0,0.0
2026-05-17T18:14:33,ERR,ERR,ERR,ERR,ERR,ERR,ERR,ERR,ERR,ERR,ERR,ERR,ERR,ERR,ERR,ERR,ERR,ERR,ERR,ERR,ERR,ERR,ERR,ERR,ERR,ERR,ERR,ERR,ERR,ERR,ERR,ERR,ERR,ERR,ERR,ERR,ERR,ERR,ERR,ERR,ERR,ERR,ERR,ERR,ERR,ERR,ERR,ERR,ERR,ERR,ERR,ERR,ERR,ERR,ERR,ERR,ERR,ERR,ERR,ERR,ERR,ERR,ERR,ERR,ERR,ERR,ERR,ERR,ERR,ERR,ERR,ERR,ERR,ERR,ERR,ERR,ERR,ERR,ERR,ERR,ERR,ERR,ERR,ERR,ERR,ERR,ERR,ERR,ERR,ERR,ERR,ERR,ERR,ERR,ERR,ERR,ERR,ERR,ERR,ERR,ERR,ERR,ERR,ERR,ERR,ERR,ERR,ERR,ERR,ERR,ERR,ERR,ERR,ERR,ERR,ERR,ERR,ERR,ERR,ERR,ERR,ERR,ERR,ERR,ERR,-107615288.0,-107615296.0,0.0,0.0,0.0,1.3936040501711995e+18,7.805,0.0,0,0,4,0,8422,0.0,45,0.0,0.0,0.0,0.0,0.0,0,0,0,0,0.0,0,0,0,0,0,0,0,0,0,0,0,0,0,0,0,0,0,0,0,0,0,0,0,0,0,0,0,0,0,0,0,0,0,38,14,7,45,65476,0,300,0,0,8,21553,0.0,-107605600.0,0.0,0.0,0.0,0.0,0.0,0.0,0.0,0.0,0.0,0.0,0.0,0.0,0.0,0.0,0.0,0.0,0.0,0.0,0.0,0.0,0.0,0.0,-0.0,0.0,0.0,0.0,0.0,0.0,5083.0,2.004,0.0,0.0,-107615296.0,-107615280.0,2.718429300292151e+23,0.0,0.0,0.0,0.0,53,-0.0,-0.0,0.0,0.0,0.0,0.0,0.0,0.0,0.0,0,0,0,0.0,0.0,0.0,0.0,0.0,0.0,0.0,0.0,0.0,0.0,0.0,0.0,0.0,0.0,0.0,0.0,0,-107875648.0,53,0.0,106,-107614832.0,0.0,ERR,ERR,ERR,ERR,ERR,ERR,ERR,ERR,ERR,ERR,ERR,ERR,ERR,ERR,ERR,ERR,ERR,ERR,ERR,ERR,ERR,ERR,ERR,ERR,ERR,ERR,ERR,ERR,ERR,ERR,ERR,ERR,ERR,ERR,ERR,ERR,ERR,ERR,ERR,ERR,ERR,ERR,ERR,ERR,ERR,ERR,ERR,ERR,ERR,ERR,ERR,ERR,ERR,ERR,ERR,ERR,ERR,ERR,ERR,ERR,ERR,ERR,ERR,ERR,ERR,ERR,ERR,50.0,60.0,100,0.0,0.0,0.0,0.0,0.0,0.0,0.0,0.0,0.0,0.0,0.0,0.0,0.0,0.0,0.0,0.0,61.6,74,13,65512,50,65476,0,300,0,0,8,20529,65476,0,0,26214,60.0,0.0,0.0,0.0,0.0,0.0
2026-05-17T18:14:34,ERR,ERR,ERR,ERR,ERR,ERR,ERR,ERR,ERR,ERR,ERR,ERR,ERR,ERR,ERR,ERR,ERR,ERR,ERR,ERR,ERR,ERR,ERR,ERR,ERR,ERR,ERR,ERR,ERR,ERR,ERR,ERR,ERR,ERR,ERR,ERR,ERR,ERR,ERR,ERR,ERR,ERR,ERR,ERR,ERR,ERR,ERR,ERR,ERR,ERR,ERR,ERR,ERR,ERR,ERR,ERR,ERR,ERR,ERR,ERR,ERR,ERR,ERR,ERR,ERR,ERR,ERR,ERR,ERR,ERR,ERR,ERR,ERR,ERR,ERR,ERR,ERR,ERR,ERR,ERR,ERR,ERR,ERR,ERR,ERR,ERR,ERR,ERR,ERR,ERR,ERR,ERR,ERR,ERR,ERR,ERR,ERR,ERR,ERR,ERR,ERR,ERR,ERR,ERR,ERR,ERR,ERR,ERR,ERR,ERR,ERR,ERR,ERR,ERR,ERR,ERR,ERR,ERR,ERR,ERR,ERR,ERR,ERR,ERR,ERR,-107615288.0,-107615296.0,0.0,0.0,0.0,1.3936040501711995e+18,7.805,0.0,0,0,4,0,8422,0.0,45,0.0,0.0,0.0,0.0,0.0,0,0,0,0,0.0,0,0,0,0,0,0,0,0,0,0,0,0,0,0,0,0,0,0,0,0,0,0,0,0,0,0,0,0,0,0,0,0,0,38,14,7,45,65476,0,300,0,0,8,21553,0.0,-107605600.0,0.0,0.0,0.0,0.0,0.0,0.0,0.0,0.0,0.0,0.0,0.0,0.0,0.0,0.0,0.0,0.0,0.0,0.0,0.0,0.0,0.0,0.0,-0.0,0.0,0.0,0.0,0.0,0.0,5083.0,2.004,0.0,0.0,-107615296.0,-107615280.0,2.718429300292151e+23,0.0,0.0,0.0,0.0,53,-0.0,-0.0,0.0,0.0,0.0,0.0,0.0,0.0,0.0,0,0,0,0.0,0.0,0.0,0.0,0.0,0.0,0.0,0.0,0.0,0.0,0.0,0.0,0.0,0.0,0.0,0.0,0,-107875648.0,53,0.0,106,-107614832.0,0.0,ERR,ERR,ERR,ERR,ERR,ERR,ERR,ERR,ERR,ERR,ERR,ERR,ERR,ERR,ERR,ERR,ERR,ERR,ERR,ERR,ERR,ERR,ERR,ERR,ERR,ERR,ERR,ERR,ERR,ERR,ERR,ERR,ERR,ERR,ERR,ERR,ERR,ERR,ERR,ERR,ERR,ERR,ERR,ERR,ERR,ERR,ERR,ERR,ERR,ERR,ERR,ERR,ERR,ERR,ERR,ERR,ERR,ERR,ERR,ERR,ERR,ERR,ERR,ERR,ERR,ERR,ERR,50.0,60.0,100,0.0,0.0,0.0,0.0,0.0,0.0,0.0,0.0,0.0,0.0,0.0,0.0,0.0,0.0,0.0,0.0,61.6,74,13,65512,50,65476,0,300,0,0,8,20529,65476,0,0,26214,60.0,0.0,0.0,0.0,0.0,0.0
2026-05-17T18:14:35,ERR,ERR,ERR,ERR,ERR,ERR,ERR,ERR,ERR,ERR,ERR,ERR,ERR,ERR,ERR,ERR,ERR,ERR,ERR,ERR,ERR,ERR,ERR,ERR,ERR,ERR,ERR,ERR,ERR,ERR,ERR,ERR,ERR,ERR,ERR,ERR,ERR,ERR,ERR,ERR,ERR,ERR,ERR,ERR,ERR,ERR,ERR,ERR,ERR,ERR,ERR,ERR,ERR,ERR,ERR,ERR,ERR,ERR,ERR,ERR,ERR,ERR,ERR,ERR,ERR,ERR,ERR,ERR,ERR,ERR,ERR,ERR,ERR,ERR,ERR,ERR,ERR,ERR,ERR,ERR,ERR,ERR,ERR,ERR,ERR,ERR,ERR,ERR,ERR,ERR,ERR,ERR,ERR,ERR,ERR,ERR,ERR,ERR,ERR,ERR,ERR,ERR,ERR,ERR,ERR,ERR,ERR,ERR,ERR,ERR,ERR,ERR,ERR,ERR,ERR,ERR,ERR,ERR,ERR,ERR,ERR,ERR,ERR,ERR,ERR,-107615288.0,-107615296.0,0.0,0.0,0.0,1.3936040501711995e+18,7.805,0.0,0,0,4,0,8422,0.0,45,0.0,0.0,0.0,0.0,0.0,0,0,0,0,0.0,0,0,0,0,0,0,0,0,0,0,0,0,0,0,0,0,0,0,0,0,0,0,0,0,0,0,0,0,0,0,0,0,0,38,14,7,45,65476,0,300,0,0,8,21553,0.0,-107605600.0,0.0,0.0,0.0,0.0,0.0,0.0,0.0,0.0,0.0,0.0,0.0,0.0,0.0,0.0,0.0,0.0,0.0,0.0,0.0,0.0,0.0,0.0,-0.0,0.0,0.0,0.0,0.0,0.0,5083.0,2.004,0.0,0.0,-107615296.0,-107615280.0,2.718429300292151e+23,0.0,0.0,0.0,0.0,53,-0.0,-0.0,0.0,0.0,0.0,0.0,0.0,0.0,0.0,0,0,0,0.0,0.0,0.0,0.0,0.0,0.0,0.0,0.0,0.0,0.0,0.0,0.0,0.0,0.0,0.0,0.0,0,-107875648.0,53,0.0,106,-107614832.0,0.0,ERR,ERR,ERR,ERR,ERR,ERR,ERR,ERR,ERR,ERR,ERR,ERR,ERR,ERR,ERR,ERR,ERR,ERR,ERR,ERR,ERR,ERR,ERR,ERR,ERR,ERR,ERR,ERR,ERR,ERR,ERR,ERR,ERR,ERR,ERR,ERR,ERR,ERR,ERR,ERR,ERR,ERR,ERR,ERR,ERR,ERR,ERR,ERR,ERR,ERR,ERR,ERR,ERR,ERR,ERR,ERR,ERR,ERR,ERR,ERR,ERR,ERR,ERR,ERR,ERR,ERR,ERR,50.0,60.0,100,0.0,0.0,0.0,0.0,0.0,0.0,0.0,0.0,0.0,0.0,0.0,0.0,0.0,0.0,0.0,0.0,61.6,74,13,65512,50,65476,0,300,0,0,8,20529,65476,0,0,26214,60.0,0.0,0.0,0.0,0.0,0.0
2026-05-17T18:14:36,ERR,ERR,ERR,ERR,ERR,ERR,ERR,ERR,ERR,ERR,ERR,ERR,ERR,ERR,ERR,ERR,ERR,ERR,ERR,ERR,ERR,ERR,ERR,ERR,ERR,ERR,ERR,ERR,ERR,ERR,ERR,ERR,ERR,ERR,ERR,ERR,ERR,ERR,ERR,ERR,ERR,ERR,ERR,ERR,ERR,ERR,ERR,ERR,ERR,ERR,ERR,ERR,ERR,ERR,ERR,ERR,ERR,ERR,ERR,ERR,ERR,ERR,ERR,ERR,ERR,ERR,ERR,ERR,ERR,ERR,ERR,ERR,ERR,ERR,ERR,ERR,ERR,ERR,ERR,ERR,ERR,ERR,ERR,ERR,ERR,ERR,ERR,ERR,ERR,ERR,ERR,ERR,ERR,ERR,ERR,ERR,ERR,ERR,ERR,ERR,ERR,ERR,ERR,ERR,ERR,ERR,ERR,ERR,ERR,ERR,ERR,ERR,ERR,ERR,ERR,ERR,ERR,ERR,ERR,ERR,ERR,ERR,ERR,ERR,ERR,-107615288.0,-107615296.0,0.0,0.0,0.0,1.3936040501711995e+18,7.805,0.0,0,0,4,0,8422,0.0,45,0.0,0.0,0.0,0.0,0.0,0,0,0,0,0.0,0,0,0,0,0,0,0,0,0,0,0,0,0,0,0,0,0,0,0,0,0,0,0,0,0,0,0,0,0,0,0,0,0,38,14,7,45,65476,0,300,0,0,8,21553,0.0,-107605600.0,0.0,0.0,0.0,0.0,0.0,0.0,0.0,0.0,0.0,0.0,0.0,0.0,0.0,0.0,0.0,0.0,0.0,0.0,0.0,0.0,0.0,0.0,-0.0,0.0,0.0,0.0,0.0,0.0,5083.0,2.004,0.0,0.0,-107615296.0,-107615280.0,2.718429300292151e+23,0.0,0.0,0.0,0.0,53,-0.0,-0.0,0.0,0.0,0.0,0.0,0.0,0.0,0.0,0,0,0,0.0,0.0,0.0,0.0,0.0,0.0,0.0,0.0,0.0,0.0,0.0,0.0,0.0,0.0,0.0,0.0,0,-107875648.0,53,0.0,106,-107614832.0,0.0,ERR,ERR,ERR,ERR,ERR,ERR,ERR,ERR,ERR,ERR,ERR,ERR,ERR,ERR,ERR,ERR,ERR,ERR,ERR,ERR,ERR,ERR,ERR,ERR,ERR,ERR,ERR,ERR,ERR,ERR,ERR,ERR,ERR,ERR,ERR,ERR,ERR,ERR,ERR,ERR,ERR,ERR,ERR,ERR,ERR,ERR,ERR,ERR,ERR,ERR,ERR,ERR,ERR,ERR,ERR,ERR,ERR,ERR,ERR,ERR,ERR,ERR,ERR,ERR,ERR,ERR,ERR,50.0,60.0,100,0.0,0.0,0.0,0.0,0.0,0.0,0.0,0.0,0.0,0.0,0.0,0.0,0.0,0.0,0.0,0.0,61.6,74,13,65512,50,65476,0,300,0,0,8,20529,65476,0,0,26214,60.0,0.0,0.0,0.0,0.0,0.0
2026-05-17T18:14:37,ERR,ERR,ERR,ERR,ERR,ERR,ERR,ERR,ERR,ERR,ERR,ERR,ERR,ERR,ERR,ERR,ERR,ERR,ERR,ERR,ERR,ERR,ERR,ERR,ERR,ERR,ERR,ERR,ERR,ERR,ERR,ERR,ERR,ERR,ERR,ERR,ERR,ERR,ERR,ERR,ERR,ERR,ERR,ERR,ERR,ERR,ERR,ERR,ERR,ERR,ERR,ERR,ERR,ERR,ERR,ERR,ERR,ERR,ERR,ERR,ERR,ERR,ERR,ERR,ERR,ERR,ERR,ERR,ERR,ERR,ERR,ERR,ERR,ERR,ERR,ERR,ERR,ERR,ERR,ERR,ERR,ERR,ERR,ERR,ERR,ERR,ERR,ERR,ERR,ERR,ERR,ERR,ERR,ERR,ERR,ERR,ERR,ERR,ERR,ERR,ERR,ERR,ERR,ERR,ERR,ERR,ERR,ERR,ERR,ERR,ERR,ERR,ERR,ERR,ERR,ERR,ERR,ERR,ERR,ERR,ERR,ERR,ERR,ERR,ERR,-107615288.0,-107615296.0,0.0,0.0,0.0,1.3936040501711995e+18,7.805,0.0,0,0,4,0,8422,0.0,45,0.0,0.0,0.0,0.0,0.0,0,0,0,0,0.0,0,0,0,0,0,0,0,0,0,0,0,0,0,0,0,0,0,0,0,0,0,0,0,0,0,0,0,0,0,0,0,0,0,38,14,7,45,65476,0,300,0,0,8,21553,0.0,-107605600.0,0.0,0.0,0.0,0.0,0.0,0.0,0.0,0.0,0.0,0.0,0.0,0.0,0.0,0.0,0.0,0.0,0.0,0.0,0.0,0.0,0.0,0.0,-0.0,0.0,0.0,0.0,0.0,0.0,5083.0,2.004,0.0,0.0,-107615296.0,-107615280.0,2.718429300292151e+23,0.0,0.0,0.0,0.0,53,-0.0,-0.0,0.0,0.0,0.0,0.0,0.0,0.0,0.0,0,0,0,0.0,0.0,0.0,0.0,0.0,0.0,0.0,0.0,0.0,0.0,0.0,0.0,0.0,0.0,0.0,0.0,0,-107875648.0,53,0.0,106,-107614832.0,0.0,ERR,ERR,ERR,ERR,ERR,ERR,ERR,ERR,ERR,ERR,ERR,ERR,ERR,ERR,ERR,ERR,ERR,ERR,ERR,ERR,ERR,ERR,ERR,ERR,ERR,ERR,ERR,ERR,ERR,ERR,ERR,ERR,ERR,ERR,ERR,ERR,ERR,ERR,ERR,ERR,ERR,ERR,ERR,ERR,ERR,ERR,ERR,ERR,ERR,ERR,ERR,ERR,ERR,ERR,ERR,ERR,ERR,ERR,ERR,ERR,ERR,ERR,ERR,ERR,ERR,ERR,ERR,50.0,60.0,100,0.0,0.0,0.0,0.0,0.0,0.0,0.0,0.0,0.0,0.0,0.0,0.0,0.0,0.0,0.0,0.0,61.6,74,13,65512,50,65476,0,300,0,0,8,20529,65476,0,0,26214,60.0,0.0,0.0,0.0,0.0,0.0
2026-05-17T18:14:38,ERR,ERR,ERR,ERR,ERR,ERR,ERR,ERR,ERR,ERR,ERR,ERR,ERR,ERR,ERR,ERR,ERR,ERR,ERR,ERR,ERR,ERR,ERR,ERR,ERR,ERR,ERR,ERR,ERR,ERR,ERR,ERR,ERR,ERR,ERR,ERR,ERR,ERR,ERR,ERR,ERR,ERR,ERR,ERR,ERR,ERR,ERR,ERR,ERR,ERR,ERR,ERR,ERR,ERR,ERR,ERR,ERR,ERR,ERR,ERR,ERR,ERR,ERR,ERR,ERR,ERR,ERR,ERR,ERR,ERR,ERR,ERR,ERR,ERR,ERR,ERR,ERR,ERR,ERR,ERR,ERR,ERR,ERR,ERR,ERR,ERR,ERR,ERR,ERR,ERR,ERR,ERR,ERR,ERR,ERR,ERR,ERR,ERR,ERR,ERR,ERR,ERR,ERR,ERR,ERR,ERR,ERR,ERR,ERR,ERR,ERR,ERR,ERR,ERR,ERR,ERR,ERR,ERR,ERR,ERR,ERR,ERR,ERR,ERR,ERR,0.0,-107615296.0,-134474944.0,0.0,0.0,1.3936040501711995e+18,7.805,0.0,0,0,4,0,8422,0.0,45,0.0,0.0,0.0,0.0,0.0,0,0,0,0,0.0,0,0,0,0,0,0,0,0,0,0,0,0,0,0,0,0,0,0,0,0,0,0,0,0,0,0,0,0,0,0,0,0,0,38,14,7,45,65476,0,300,0,0,8,21553,0.0,-107605600.0,0.0,0.0,0.0,0.0,0.0,0.0,0.0,0.0,0.0,0.0,0.0,0.0,0.0,0.0,0.0,0.0,0.0,0.0,0.0,0.0,0.0,0.0,-0.0,0.0,0.0,0.0,0.0,0.0,5079.0,-0.0,0.0,0.0,-107615296.0,-107615280.0,2.718429300292151e+23,0.0,0.0,0.0,0.0,53,-0.0,-3.2220035051135306e+26,0.0,0.0,0.0,0.0,0.0,0.0,0.0,0,0,0,0.0,0.0,0.0,0.0,0.0,0.0,0.0,0.0,0.0,0.0,0.0,0.0,0.0,0.0,0.0,0.0,0,-107875648.0,53,0.0,106,-107614832.0,0.0,ERR,ERR,ERR,ERR,ERR,ERR,ERR,ERR,ERR,ERR,ERR,ERR,ERR,ERR,ERR,ERR,ERR,ERR,ERR,ERR,ERR,ERR,ERR,ERR,ERR,ERR,ERR,ERR,ERR,ERR,ERR,ERR,ERR,ERR,ERR,ERR,ERR,ERR,ERR,ERR,ERR,ERR,ERR,ERR,ERR,ERR,ERR,ERR,ERR,ERR,ERR,ERR,ERR,ERR,ERR,ERR,ERR,ERR,ERR,ERR,ERR,ERR,ERR,ERR,ERR,ERR,ERR,50.0,60.0,100,0.0,0.0,0.0,0.0,0.0,0.0,0.0,0.0,0.0,0.0,0.0,0.0,0.0,0.0,0.0,0.0,61.6,74,13,65512,50,65476,0,300,0,0,8,20529,65476,0,0,26214,60.0,0.0,0.0,0.0,0.0,0.0
2026-05-17T18:14:39,ERR,ERR,ERR,ERR,ERR,ERR,ERR,ERR,ERR,ERR,ERR,ERR,ERR,ERR,ERR,ERR,ERR,ERR,ERR,ERR,ERR,ERR,ERR,ERR,ERR,ERR,ERR,ERR,ERR,ERR,ERR,ERR,ERR,ERR,ERR,ERR,ERR,ERR,ERR,ERR,ERR,ERR,ERR,ERR,ERR,ERR,ERR,ERR,ERR,ERR,ERR,ERR,ERR,ERR,ERR,ERR,ERR,ERR,ERR,ERR,ERR,ERR,ERR,ERR,ERR,ERR,ERR,ERR,ERR,ERR,ERR,ERR,ERR,ERR,ERR,ERR,ERR,ERR,ERR,ERR,ERR,ERR,ERR,ERR,ERR,ERR,ERR,ERR,ERR,ERR,ERR,ERR,ERR,ERR,ERR,ERR,ERR,ERR,ERR,ERR,ERR,ERR,ERR,ERR,ERR,ERR,ERR,ERR,ERR,ERR,ERR,ERR,ERR,ERR,ERR,ERR,ERR,ERR,ERR,ERR,ERR,ERR,ERR,ERR,ERR,0.0,-107615296.0,-134474944.0,0.0,0.0,1.3936040501711995e+18,7.805,0.0,0,0,4,0,8422,0.0,45,0.0,0.0,0.0,0.0,0.0,0,0,0,0,0.0,0,0,0,0,0,0,0,0,0,0,0,0,0,0,0,0,0,0,0,0,0,0,0,0,0,0,0,0,0,0,0,0,0,38,14,7,45,65476,0,300,0,0,8,21553,0.0,-107605600.0,0.0,0.0,0.0,0.0,0.0,0.0,0.0,0.0,0.0,0.0,0.0,0.0,0.0,0.0,0.0,0.0,0.0,0.0,0.0,0.0,0.0,0.0,-0.0,0.0,0.0,0.0,0.0,0.0,5079.0,-0.0,0.0,0.0,-107615296.0,-107615280.0,2.718429300292151e+23,0.0,0.0,0.0,0.0,53,-0.0,-3.2220035051135306e+26,0.0,0.0,0.0,0.0,0.0,0.0,0.0,0,0,0,0.0,0.0,0.0,0.0,0.0,0.0,0.0,0.0,0.0,0.0,0.0,0.0,0.0,0.0,0.0,0.0,0,-107875648.0,53,0.0,106,-107614832.0,0.0,ERR,ERR,ERR,ERR,ERR,ERR,ERR,ERR,ERR,ERR,ERR,ERR,ERR,ERR,ERR,ERR,ERR,ERR,ERR,ERR,ERR,ERR,ERR,ERR,ERR,ERR,ERR,ERR,ERR,ERR,ERR,ERR,ERR,ERR,ERR,ERR,ERR,ERR,ERR,ERR,ERR,ERR,ERR,ERR,ERR,ERR,ERR,ERR,ERR,ERR,ERR,ERR,ERR,ERR,ERR,ERR,ERR,ERR,ERR,ERR,ERR,ERR,ERR,ERR,ERR,ERR,ERR,50.0,60.0,100,0.0,0.0,0.0,0.0,0.0,0.0,0.0,0.0,0.0,0.0,0.0,0.0,0.0,0.0,0.0,0.0,61.6,74,13,65512,50,65476,0,300,0,0,8,20529,65476,0,0,26214,60.0,0.0,0.0,0.0,0.0,0.0
2026-05-17T18:14:40,ERR,ERR,ERR,ERR,ERR,ERR,ERR,ERR,ERR,ERR,ERR,ERR,ERR,ERR,ERR,ERR,ERR,ERR,ERR,ERR,ERR,ERR,ERR,ERR,ERR,ERR,ERR,ERR,ERR,ERR,ERR,ERR,ERR,ERR,ERR,ERR,ERR,ERR,ERR,ERR,ERR,ERR,ERR,ERR,ERR,ERR,ERR,ERR,ERR,ERR,ERR,ERR,ERR,ERR,ERR,ERR,ERR,ERR,ERR,ERR,ERR,ERR,ERR,ERR,ERR,ERR,ERR,ERR,ERR,ERR,ERR,ERR,ERR,ERR,ERR,ERR,ERR,ERR,ERR,ERR,ERR,ERR,ERR,ERR,ERR,ERR,ERR,ERR,ERR,ERR,ERR,ERR,ERR,ERR,ERR,ERR,ERR,ERR,ERR,ERR,ERR,ERR,ERR,ERR,ERR,ERR,ERR,ERR,ERR,ERR,ERR,ERR,ERR,ERR,ERR,ERR,ERR,ERR,ERR,ERR,ERR,ERR,ERR,ERR,ERR,0.0,-107615296.0,-134474944.0,0.0,0.0,1.3936040501711995e+18,7.805,0.0,0,0,4,0,8422,0.0,45,0.0,0.0,0.0,0.0,0.0,0,0,0,0,0.0,0,0,0,0,0,0,0,0,0,0,0,0,0,0,0,0,0,0,0,0,0,0,0,0,0,0,0,0,0,0,0,0,0,38,14,7,45,65476,0,300,0,0,8,21553,0.0,-107605600.0,0.0,0.0,0.0,0.0,0.0,0.0,0.0,0.0,0.0,0.0,0.0,0.0,0.0,0.0,0.0,0.0,0.0,0.0,0.0,0.0,0.0,0.0,-0.0,0.0,0.0,0.0,0.0,0.0,5079.0,-0.0,0.0,0.0,-107615296.0,-107615280.0,2.718429300292151e+23,0.0,0.0,0.0,0.0,53,-0.0,-3.2220035051135306e+26,0.0,0.0,0.0,0.0,0.0,0.0,0.0,0,0,0,0.0,0.0,0.0,0.0,0.0,0.0,0.0,0.0,0.0,0.0,0.0,0.0,0.0,0.0,0.0,0.0,0,-107875648.0,53,0.0,106,-107614832.0,0.0,ERR,ERR,ERR,ERR,ERR,ERR,ERR,ERR,ERR,ERR,ERR,ERR,ERR,ERR,ERR,ERR,ERR,ERR,ERR,ERR,ERR,ERR,ERR,ERR,ERR,ERR,ERR,ERR,ERR,ERR,ERR,ERR,ERR,ERR,ERR,ERR,ERR,ERR,ERR,ERR,ERR,ERR,ERR,ERR,ERR,ERR,ERR,ERR,ERR,ERR,ERR,ERR,ERR,ERR,ERR,ERR,ERR,ERR,ERR,ERR,ERR,ERR,ERR,ERR,ERR,ERR,ERR,50.0,60.0,100,0.0,0.0,0.0,0.0,0.0,0.0,0.0,0.0,0.0,0.0,0.0,0.0,0.0,0.0,0.0,0.0,61.6,74,13,65512,50,65476,0,300,0,0,8,20529,65476,0,0,26214,60.0,0.0,0.0,0.0,0.0,0.0
2026-05-17T18:14:41,ERR,ERR,ERR,ERR,ERR,ERR,ERR,ERR,ERR,ERR,ERR,ERR,ERR,ERR,ERR,ERR,ERR,ERR,ERR,ERR,ERR,ERR,ERR,ERR,ERR,ERR,ERR,ERR,ERR,ERR,ERR,ERR,ERR,ERR,ERR,ERR,ERR,ERR,ERR,ERR,ERR,ERR,ERR,ERR,ERR,ERR,ERR,ERR,ERR,ERR,ERR,ERR,ERR,ERR,ERR,ERR,ERR,ERR,ERR,ERR,ERR,ERR,ERR,ERR,ERR,ERR,ERR,ERR,ERR,ERR,ERR,ERR,ERR,ERR,ERR,ERR,ERR,ERR,ERR,ERR,ERR,ERR,ERR,ERR,ERR,ERR,ERR,ERR,ERR,ERR,ERR,ERR,ERR,ERR,ERR,ERR,ERR,ERR,ERR,ERR,ERR,ERR,ERR,ERR,ERR,ERR,ERR,ERR,ERR,ERR,ERR,ERR,ERR,ERR,ERR,ERR,ERR,ERR,ERR,ERR,ERR,ERR,ERR,ERR,ERR,0.0,-107615296.0,-134474944.0,0.0,0.0,1.3936040501711995e+18,7.805,0.0,0,0,4,0,8422,0.0,45,0.0,0.0,0.0,0.0,0.0,0,0,0,0,0.0,0,0,0,0,0,0,0,0,0,0,0,0,0,0,0,0,0,0,0,0,0,0,0,0,0,0,0,0,0,0,0,0,0,38,14,7,45,65476,0,300,0,0,8,21553,0.0,-107605600.0,0.0,0.0,0.0,0.0,0.0,0.0,0.0,0.0,0.0,0.0,0.0,0.0,0.0,0.0,0.0,0.0,0.0,0.0,0.0,0.0,0.0,0.0,-0.0,0.0,0.0,0.0,0.0,0.0,5079.0,-0.0,0.0,0.0,-107615296.0,-107615280.0,2.718429300292151e+23,0.0,0.0,0.0,0.0,53,-0.0,-3.2220035051135306e+26,0.0,0.0,0.0,0.0,0.0,0.0,0.0,0,0,0,0.0,0.0,0.0,0.0,0.0,0.0,0.0,0.0,0.0,0.0,0.0,0.0,0.0,0.0,0.0,0.0,0,-107875648.0,53,0.0,106,-107614832.0,0.0,ERR,ERR,ERR,ERR,ERR,ERR,ERR,ERR,ERR,ERR,ERR,ERR,ERR,ERR,ERR,ERR,ERR,ERR,ERR,ERR,ERR,ERR,ERR,ERR,ERR,ERR,ERR,ERR,ERR,ERR,ERR,ERR,ERR,ERR,ERR,ERR,ERR,ERR,ERR,ERR,ERR,ERR,ERR,ERR,ERR,ERR,ERR,ERR,ERR,ERR,ERR,ERR,ERR,ERR,ERR,ERR,ERR,ERR,ERR,ERR,ERR,ERR,ERR,ERR,ERR,ERR,ERR,50.0,60.0,100,0.0,0.0,0.0,0.0,0.0,0.0,0.0,0.0,0.0,0.0,0.0,0.0,0.0,0.0,0.0,0.0,61.6,74,13,65512,50,65476,0,300,0,0,8,20529,65476,0,0,26214,60.0,0.0,0.0,0.0,0.0,0.0
2026-05-17T18:14:42,ERR,ERR,ERR,ERR,ERR,ERR,ERR,ERR,ERR,ERR,ERR,ERR,ERR,ERR,ERR,ERR,ERR,ERR,ERR,ERR,ERR,ERR,ERR,ERR,ERR,ERR,ERR,ERR,ERR,ERR,ERR,ERR,ERR,ERR,ERR,ERR,ERR,ERR,ERR,ERR,ERR,ERR,ERR,ERR,ERR,ERR,ERR,ERR,ERR,ERR,ERR,ERR,ERR,ERR,ERR,ERR,ERR,ERR,ERR,ERR,ERR,ERR,ERR,ERR,ERR,ERR,ERR,ERR,ERR,ERR,ERR,ERR,ERR,ERR,ERR,ERR,ERR,ERR,ERR,ERR,ERR,ERR,ERR,ERR,ERR,ERR,ERR,ERR,ERR,ERR,ERR,ERR,ERR,ERR,ERR,ERR,ERR,ERR,ERR,ERR,ERR,ERR,ERR,ERR,ERR,ERR,ERR,ERR,ERR,ERR,ERR,ERR,ERR,ERR,ERR,ERR,ERR,ERR,ERR,ERR,ERR,ERR,ERR,ERR,ERR,0.0,-107615296.0,-134474944.0,0.0,0.0,1.3936040501711995e+18,7.805,0.0,0,0,4,0,8422,0.0,45,0.0,0.0,0.0,0.0,0.0,0,0,0,0,0.0,0,0,0,0,0,0,0,0,0,0,0,0,0,0,0,0,0,0,0,0,0,0,0,0,0,0,0,0,0,0,0,0,0,38,14,7,45,65476,0,300,0,0,8,21553,0.0,-107605600.0,0.0,0.0,0.0,0.0,0.0,0.0,0.0,0.0,0.0,0.0,0.0,0.0,0.0,0.0,0.0,0.0,0.0,0.0,0.0,0.0,0.0,0.0,-0.0,0.0,0.0,0.0,0.0,0.0,5079.0,-0.0,0.0,0.0,-107615296.0,-107615280.0,2.718429300292151e+23,0.0,0.0,0.0,0.0,53,-0.0,-3.2220035051135306e+26,0.0,0.0,0.0,0.0,0.0,0.0,0.0,0,0,0,0.0,0.0,0.0,0.0,0.0,0.0,0.0,0.0,0.0,0.0,0.0,0.0,0.0,0.0,0.0,0.0,0,-107875648.0,53,0.0,106,-107614832.0,0.0,ERR,ERR,ERR,ERR,ERR,ERR,ERR,ERR,ERR,ERR,ERR,ERR,ERR,ERR,ERR,ERR,ERR,ERR,ERR,ERR,ERR,ERR,ERR,ERR,ERR,ERR,ERR,ERR,ERR,ERR,ERR,ERR,ERR,ERR,ERR,ERR,ERR,ERR,ERR,ERR,ERR,ERR,ERR,ERR,ERR,ERR,ERR,ERR,ERR,ERR,ERR,ERR,ERR,ERR,ERR,ERR,ERR,ERR,ERR,ERR,ERR,ERR,ERR,ERR,ERR,ERR,ERR,50.0,60.0,100,0.0,0.0,0.0,0.0,0.0,0.0,0.0,0.0,0.0,0.0,0.0,0.0,0.0,0.0,0.0,0.0,61.6,74,13,65512,50,65476,0,300,0,0,8,20529,65476,0,0,26214,60.0,0.0,0.0,0.0,0.0,0.0
2026-05-17T18:14:43,ERR,ERR,ERR,ERR,ERR,ERR,ERR,ERR,ERR,ERR,ERR,ERR,ERR,ERR,ERR,ERR,ERR,ERR,ERR,ERR,ERR,ERR,ERR,ERR,ERR,ERR,ERR,ERR,ERR,ERR,ERR,ERR,ERR,ERR,ERR,ERR,ERR,ERR,ERR,ERR,ERR,ERR,ERR,ERR,ERR,ERR,ERR,ERR,ERR,ERR,ERR,ERR,ERR,ERR,ERR,ERR,ERR,ERR,ERR,ERR,ERR,ERR,ERR,ERR,ERR,ERR,ERR,ERR,ERR,ERR,ERR,ERR,ERR,ERR,ERR,ERR,ERR,ERR,ERR,ERR,ERR,ERR,ERR,ERR,ERR,ERR,ERR,ERR,ERR,ERR,ERR,ERR,ERR,ERR,ERR,ERR,ERR,ERR,ERR,ERR,ERR,ERR,ERR,ERR,ERR,ERR,ERR,ERR,ERR,ERR,ERR,ERR,ERR,ERR,ERR,ERR,ERR,ERR,ERR,ERR,ERR,ERR,ERR,ERR,ERR,0.0,-107615296.0,-134474944.0,0.0,0.0,1.3936040501711995e+18,7.805,0.0,0,0,4,0,8422,0.0,45,0.0,0.0,0.0,0.0,0.0,0,0,0,0,0.0,0,0,0,0,0,0,0,0,0,0,0,0,0,0,0,0,0,0,0,0,0,0,0,0,0,0,0,0,0,0,0,0,0,38,14,7,45,65476,0,300,0,0,8,21553,0.0,-107605600.0,0.0,0.0,0.0,0.0,0.0,0.0,0.0,0.0,0.0,0.0,0.0,0.0,0.0,0.0,0.0,0.0,0.0,0.0,0.0,0.0,0.0,0.0,-0.0,0.0,0.0,0.0,0.0,0.0,5084.0,0.0,0.0,0.0,-107615296.0,-107615280.0,2.718429300292151e+23,0.0,0.0,0.0,0.0,53,-0.0,1.9056862663645594e+17,0.0,0.0,0.0,0.0,0.0,0.0,0.0,0,0,0,0.0,0.0,0.0,0.0,0.0,0.0,0.0,0.0,0.0,0.0,0.0,0.0,0.0,0.0,0.0,0.0,0,-107875648.0,53,0.0,106,-107614832.0,0.0,ERR,ERR,ERR,ERR,ERR,ERR,ERR,ERR,ERR,ERR,ERR,ERR,ERR,ERR,ERR,ERR,ERR,ERR,ERR,ERR,ERR,ERR,ERR,ERR,ERR,ERR,ERR,ERR,ERR,ERR,ERR,ERR,ERR,ERR,ERR,ERR,ERR,ERR,ERR,ERR,ERR,ERR,ERR,ERR,ERR,ERR,ERR,ERR,ERR,ERR,ERR,ERR,ERR,ERR,ERR,ERR,ERR,ERR,ERR,ERR,ERR,ERR,ERR,ERR,ERR,ERR,ERR,50.0,60.0,100,0.0,0.0,0.0,0.0,0.0,0.0,0.0,0.0,0.0,0.0,0.0,0.0,0.0,0.0,0.0,0.0,61.6,74,13,65512,50,65476,0,300,0,0,8,20529,65476,0,0,26214,60.0,0.0,0.0,0.0,0.0,0.0
2026-05-17T18:14:44,ERR,ERR,ERR,ERR,ERR,ERR,ERR,ERR,ERR,ERR,ERR,ERR,ERR,ERR,ERR,ERR,ERR,ERR,ERR,ERR,ERR,ERR,ERR,ERR,ERR,ERR,ERR,ERR,ERR,ERR,ERR,ERR,ERR,ERR,ERR,ERR,ERR,ERR,ERR,ERR,ERR,ERR,ERR,ERR,ERR,ERR,ERR,ERR,ERR,ERR,ERR,ERR,ERR,ERR,ERR,ERR,ERR,ERR,ERR,ERR,ERR,ERR,ERR,ERR,ERR,ERR,ERR,ERR,ERR,ERR,ERR,ERR,ERR,ERR,ERR,ERR,ERR,ERR,ERR,ERR,ERR,ERR,ERR,ERR,ERR,ERR,ERR,ERR,ERR,ERR,ERR,ERR,ERR,ERR,ERR,ERR,ERR,ERR,ERR,ERR,ERR,ERR,ERR,ERR,ERR,ERR,ERR,ERR,ERR,ERR,ERR,ERR,ERR,ERR,ERR,ERR,ERR,ERR,ERR,ERR,ERR,ERR,ERR,ERR,ERR,0.0,-107615296.0,-134474944.0,0.0,0.0,1.3936040501711995e+18,7.805,0.0,0,0,4,0,8422,0.0,45,0.0,0.0,0.0,0.0,0.0,0,0,0,0,0.0,0,0,0,0,0,0,0,0,0,0,0,0,0,0,0,0,0,0,0,0,0,0,0,0,0,0,0,0,0,0,0,0,0,38,14,7,45,65476,0,300,0,0,8,21553,0.0,-107605600.0,0.0,0.0,0.0,0.0,0.0,0.0,0.0,0.0,0.0,0.0,0.0,0.0,0.0,0.0,0.0,0.0,0.0,0.0,0.0,0.0,0.0,0.0,-0.0,0.0,0.0,0.0,0.0,0.0,5084.0,0.0,0.0,0.0,-107615296.0,-107615280.0,2.718429300292151e+23,0.0,0.0,0.0,0.0,53,-0.0,1.9056862663645594e+17,0.0,0.0,0.0,0.0,0.0,0.0,0.0,0,0,0,0.0,0.0,0.0,0.0,0.0,0.0,0.0,0.0,0.0,0.0,0.0,0.0,0.0,0.0,0.0,0.0,0,-107875648.0,53,0.0,106,-107614832.0,0.0,ERR,ERR,ERR,ERR,ERR,ERR,ERR,ERR,ERR,ERR,ERR,ERR,ERR,ERR,ERR,ERR,ERR,ERR,ERR,ERR,ERR,ERR,ERR,ERR,ERR,ERR,ERR,ERR,ERR,ERR,ERR,ERR,ERR,ERR,ERR,ERR,ERR,ERR,ERR,ERR,ERR,ERR,ERR,ERR,ERR,ERR,ERR,ERR,ERR,ERR,ERR,ERR,ERR,ERR,ERR,ERR,ERR,ERR,ERR,ERR,ERR,ERR,ERR,ERR,ERR,ERR,ERR,50.0,60.0,100,0.0,0.0,0.0,0.0,0.0,0.0,0.0,0.0,0.0,0.0,0.0,0.0,0.0,0.0,0.0,0.0,61.6,74,13,65512,50,65476,0,300,0,0,8,20529,65476,0,0,26214,60.0,0.0,0.0,0.0,0.0,0.0
2026-05-17T18:14:45,ERR,ERR,ERR,ERR,ERR,ERR,ERR,ERR,ERR,ERR,ERR,ERR,ERR,ERR,ERR,ERR,ERR,ERR,ERR,ERR,ERR,ERR,ERR,ERR,ERR,ERR,ERR,ERR,ERR,ERR,ERR,ERR,ERR,ERR,ERR,ERR,ERR,ERR,ERR,ERR,ERR,ERR,ERR,ERR,ERR,ERR,ERR,ERR,ERR,ERR,ERR,ERR,ERR,ERR,ERR,ERR,ERR,ERR,ERR,ERR,ERR,ERR,ERR,ERR,ERR,ERR,ERR,ERR,ERR,ERR,ERR,ERR,ERR,ERR,ERR,ERR,ERR,ERR,ERR,ERR,ERR,ERR,ERR,ERR,ERR,ERR,ERR,ERR,ERR,ERR,ERR,ERR,ERR,ERR,ERR,ERR,ERR,ERR,ERR,ERR,ERR,ERR,ERR,ERR,ERR,ERR,ERR,ERR,ERR,ERR,ERR,ERR,ERR,ERR,ERR,ERR,ERR,ERR,ERR,ERR,ERR,ERR,ERR,ERR,ERR,0.0,-107615296.0,-134474944.0,0.0,0.0,1.3936040501711995e+18,7.805,0.0,0,0,4,0,8422,0.0,45,0.0,0.0,0.0,0.0,0.0,0,0,0,0,0.0,0,0,0,0,0,0,0,0,0,0,0,0,0,0,0,0,0,0,0,0,0,0,0,0,0,0,0,0,0,0,0,0,0,38,14,7,45,65476,0,300,0,0,8,21553,0.0,-107605600.0,0.0,0.0,0.0,0.0,0.0,0.0,0.0,0.0,0.0,0.0,0.0,0.0,0.0,0.0,0.0,0.0,0.0,0.0,0.0,0.0,0.0,0.0,-0.0,0.0,0.0,0.0,0.0,0.0,5084.0,0.0,0.0,0.0,-107615296.0,-107615280.0,2.718429300292151e+23,0.0,0.0,0.0,0.0,53,-0.0,1.9056862663645594e+17,0.0,0.0,0.0,0.0,0.0,0.0,0.0,0,0,0,0.0,0.0,0.0,0.0,0.0,0.0,0.0,0.0,0.0,0.0,0.0,0.0,0.0,0.0,0.0,0.0,0,-107875648.0,53,0.0,106,-107614832.0,0.0,ERR,ERR,ERR,ERR,ERR,ERR,ERR,ERR,ERR,ERR,ERR,ERR,ERR,ERR,ERR,ERR,ERR,ERR,ERR,ERR,ERR,ERR,ERR,ERR,ERR,ERR,ERR,ERR,ERR,ERR,ERR,ERR,ERR,ERR,ERR,ERR,ERR,ERR,ERR,ERR,ERR,ERR,ERR,ERR,ERR,ERR,ERR,ERR,ERR,ERR,ERR,ERR,ERR,ERR,ERR,ERR,ERR,ERR,ERR,ERR,ERR,ERR,ERR,ERR,ERR,ERR,ERR,50.0,60.0,100,0.0,0.0,0.0,0.0,0.0,0.0,0.0,0.0,0.0,0.0,0.0,0.0,0.0,0.0,0.0,0.0,61.6,74,13,65512,50,65476,0,300,0,0,8,20529,65476,0,0,26214,60.0,0.0,0.0,0.0,0.0,0.0
2026-05-17T18:14:46,ERR,ERR,ERR,ERR,ERR,ERR,ERR,ERR,ERR,ERR,ERR,ERR,ERR,ERR,ERR,ERR,ERR,ERR,ERR,ERR,ERR,ERR,ERR,ERR,ERR,ERR,ERR,ERR,ERR,ERR,ERR,ERR,ERR,ERR,ERR,ERR,ERR,ERR,ERR,ERR,ERR,ERR,ERR,ERR,ERR,ERR,ERR,ERR,ERR,ERR,ERR,ERR,ERR,ERR,ERR,ERR,ERR,ERR,ERR,ERR,ERR,ERR,ERR,ERR,ERR,ERR,ERR,ERR,ERR,ERR,ERR,ERR,ERR,ERR,ERR,ERR,ERR,ERR,ERR,ERR,ERR,ERR,ERR,ERR,ERR,ERR,ERR,ERR,ERR,ERR,ERR,ERR,ERR,ERR,ERR,ERR,ERR,ERR,ERR,ERR,ERR,ERR,ERR,ERR,ERR,ERR,ERR,ERR,ERR,ERR,ERR,ERR,ERR,ERR,ERR,ERR,ERR,ERR,ERR,ERR,ERR,ERR,ERR,ERR,ERR,0.0,-107615296.0,-134474944.0,0.0,0.0,1.3936040501711995e+18,7.805,0.0,0,0,4,0,8422,0.0,45,0.0,0.0,0.0,0.0,0.0,0,0,0,0,0.0,0,0,0,0,0,0,0,0,0,0,0,0,0,0,0,0,0,0,0,0,0,0,0,0,0,0,0,0,0,0,0,0,0,38,14,7,45,65476,0,300,0,0,8,21553,0.0,-107605600.0,0.0,0.0,0.0,0.0,0.0,0.0,0.0,0.0,0.0,0.0,0.0,0.0,0.0,0.0,0.0,0.0,0.0,0.0,0.0,0.0,0.0,0.0,-0.0,0.0,0.0,0.0,0.0,0.0,5084.0,0.0,0.0,0.0,-107615296.0,-107615280.0,2.718429300292151e+23,0.0,0.0,0.0,0.0,53,-0.0,1.9056862663645594e+17,0.0,0.0,0.0,0.0,0.0,0.0,0.0,0,0,0,0.0,0.0,0.0,0.0,0.0,0.0,0.0,0.0,0.0,0.0,0.0,0.0,0.0,0.0,0.0,0.0,0,-107875648.0,53,0.0,106,-107614832.0,0.0,ERR,ERR,ERR,ERR,ERR,ERR,ERR,ERR,ERR,ERR,ERR,ERR,ERR,ERR,ERR,ERR,ERR,ERR,ERR,ERR,ERR,ERR,ERR,ERR,ERR,ERR,ERR,ERR,ERR,ERR,ERR,ERR,ERR,ERR,ERR,ERR,ERR,ERR,ERR,ERR,ERR,ERR,ERR,ERR,ERR,ERR,ERR,ERR,ERR,ERR,ERR,ERR,ERR,ERR,ERR,ERR,ERR,ERR,ERR,ERR,ERR,ERR,ERR,ERR,ERR,ERR,ERR,50.0,60.0,100,0.0,0.0,0.0,0.0,0.0,0.0,0.0,0.0,0.0,0.0,0.0,0.0,0.0,0.0,0.0,0.0,61.6,74,13,65512,50,65476,0,300,0,0,8,20529,65476,0,0,26214,60.0,0.0,0.0,0.0,0.0,0.0
2026-05-17T18:14:47,ERR,ERR,ERR,ERR,ERR,ERR,ERR,ERR,ERR,ERR,ERR,ERR,ERR,ERR,ERR,ERR,ERR,ERR,ERR,ERR,ERR,ERR,ERR,ERR,ERR,ERR,ERR,ERR,ERR,ERR,ERR,ERR,ERR,ERR,ERR,ERR,ERR,ERR,ERR,ERR,ERR,ERR,ERR,ERR,ERR,ERR,ERR,ERR,ERR,ERR,ERR,ERR,ERR,ERR,ERR,ERR,ERR,ERR,ERR,ERR,ERR,ERR,ERR,ERR,ERR,ERR,ERR,ERR,ERR,ERR,ERR,ERR,ERR,ERR,ERR,ERR,ERR,ERR,ERR,ERR,ERR,ERR,ERR,ERR,ERR,ERR,ERR,ERR,ERR,ERR,ERR,ERR,ERR,ERR,ERR,ERR,ERR,ERR,ERR,ERR,ERR,ERR,ERR,ERR,ERR,ERR,ERR,ERR,ERR,ERR,ERR,ERR,ERR,ERR,ERR,ERR,ERR,ERR,ERR,ERR,ERR,ERR,ERR,ERR,ERR,0.0,-107615296.0,-134474944.0,0.0,0.0,1.3936040501711995e+18,7.805,0.0,0,0,4,0,8422,0.0,45,0.0,0.0,0.0,0.0,0.0,0,0,0,0,0.0,0,0,0,0,0,0,0,0,0,0,0,0,0,0,0,0,0,0,0,0,0,0,0,0,0,0,0,0,0,0,0,0,0,38,14,7,45,65476,0,300,0,0,8,21553,0.0,-107605600.0,0.0,0.0,0.0,0.0,0.0,0.0,0.0,0.0,0.0,0.0,0.0,0.0,0.0,0.0,0.0,0.0,0.0,0.0,0.0,0.0,0.0,0.0,-0.0,0.0,0.0,0.0,0.0,0.0,5084.0,0.0,0.0,0.0,-107615296.0,-107615280.0,2.718429300292151e+23,0.0,0.0,0.0,0.0,53,-0.0,1.9056862663645594e+17,0.0,0.0,0.0,0.0,0.0,0.0,0.0,0,0,0,0.0,0.0,0.0,0.0,0.0,0.0,0.0,0.0,0.0,0.0,0.0,0.0,0.0,0.0,0.0,0.0,0,-107875648.0,53,0.0,106,-107614832.0,0.0,ERR,ERR,ERR,ERR,ERR,ERR,ERR,ERR,ERR,ERR,ERR,ERR,ERR,ERR,ERR,ERR,ERR,ERR,ERR,ERR,ERR,ERR,ERR,ERR,ERR,ERR,ERR,ERR,ERR,ERR,ERR,ERR,ERR,ERR,ERR,ERR,ERR,ERR,ERR,ERR,ERR,ERR,ERR,ERR,ERR,ERR,ERR,ERR,ERR,ERR,ERR,ERR,ERR,ERR,ERR,ERR,ERR,ERR,ERR,ERR,ERR,ERR,ERR,ERR,ERR,ERR,ERR,50.0,60.0,100,0.0,0.0,0.0,0.0,0.0,0.0,0.0,0.0,0.0,0.0,0.0,0.0,0.0,0.0,0.0,0.0,61.6,74,13,65512,50,65476,0,300,0,0,8,20529,65476,0,0,26214,60.0,0.0,0.0,0.0,0.0,0.0
2026-05-17T18:14:48,ERR,ERR,ERR,ERR,ERR,ERR,ERR,ERR,ERR,ERR,ERR,ERR,ERR,ERR,ERR,ERR,ERR,ERR,ERR,ERR,ERR,ERR,ERR,ERR,ERR,ERR,ERR,ERR,ERR,ERR,ERR,ERR,ERR,ERR,ERR,ERR,ERR,ERR,ERR,ERR,ERR,ERR,ERR,ERR,ERR,ERR,ERR,ERR,ERR,ERR,ERR,ERR,ERR,ERR,ERR,ERR,ERR,ERR,ERR,ERR,ERR,ERR,ERR,ERR,ERR,ERR,ERR,ERR,ERR,ERR,ERR,ERR,ERR,ERR,ERR,ERR,ERR,ERR,ERR,ERR,ERR,ERR,ERR,ERR,ERR,ERR,ERR,ERR,ERR,ERR,ERR,ERR,ERR,ERR,ERR,ERR,ERR,ERR,ERR,ERR,ERR,ERR,ERR,ERR,ERR,ERR,ERR,ERR,ERR,ERR,ERR,ERR,ERR,ERR,ERR,ERR,ERR,ERR,ERR,ERR,ERR,ERR,ERR,ERR,ERR,0.0,-107615296.0,-134474944.0,0.0,0.0,1.3936040501711995e+18,7.805,0.0,0,0,4,0,8422,0.0,45,0.0,0.0,0.0,0.0,0.0,0,0,0,0,0.0,0,0,0,0,0,0,0,0,0,0,0,0,0,0,0,0,0,0,0,0,0,0,0,0,0,0,0,0,0,0,0,0,0,38,14,7,45,65476,0,300,0,0,8,21553,0.0,-107605600.0,0.0,0.0,0.0,0.0,0.0,0.0,0.0,0.0,0.0,0.0,0.0,0.0,0.0,0.0,0.0,0.0,0.0,0.0,0.0,0.0,0.0,0.0,-0.0,0.0,0.0,0.0,0.0,0.0,5082.0,3.697187013234e+19,0.0,0.0,-107615296.0,-107615280.0,2.718429300292151e+23,0.0,0.0,0.0,0.0,53,-0.0,-0.0,0.0,0.0,0.0,0.0,0.0,0.0,0.0,0,0,0,0.0,0.0,0.0,0.0,0.0,0.0,0.0,0.0,0.0,0.0,0.0,0.0,0.0,0.0,0.0,0.0,0,-107875648.0,53,0.0,106,-107614832.0,0.0,ERR,ERR,ERR,ERR,ERR,ERR,ERR,ERR,ERR,ERR,ERR,ERR,ERR,ERR,ERR,ERR,ERR,ERR,ERR,ERR,ERR,ERR,ERR,ERR,ERR,ERR,ERR,ERR,ERR,ERR,ERR,ERR,ERR,ERR,ERR,ERR,ERR,ERR,ERR,ERR,ERR,ERR,ERR,ERR,ERR,ERR,ERR,ERR,ERR,ERR,ERR,ERR,ERR,ERR,ERR,ERR,ERR,ERR,ERR,ERR,ERR,ERR,ERR,ERR,ERR,ERR,ERR,50.0,60.0,100,0.0,0.0,0.0,0.0,0.0,0.0,0.0,0.0,0.0,0.0,0.0,0.0,0.0,0.0,0.0,0.0,62.0,74,13,65512,50,65476,0,300,0,0,8,20529,65476,0,0,26214,60.0,0.0,0.0,0.0,0.0,0.0
2026-05-17T18:14:49,ERR,ERR,ERR,ERR,ERR,ERR,ERR,ERR,ERR,ERR,ERR,ERR,ERR,ERR,ERR,ERR,ERR,ERR,ERR,ERR,ERR,ERR,ERR,ERR,ERR,ERR,ERR,ERR,ERR,ERR,ERR,ERR,ERR,ERR,ERR,ERR,ERR,ERR,ERR,ERR,ERR,ERR,ERR,ERR,ERR,ERR,ERR,ERR,ERR,ERR,ERR,ERR,ERR,ERR,ERR,ERR,ERR,ERR,ERR,ERR,ERR,ERR,ERR,ERR,ERR,ERR,ERR,ERR,ERR,ERR,ERR,ERR,ERR,ERR,ERR,ERR,ERR,ERR,ERR,ERR,ERR,ERR,ERR,ERR,ERR,ERR,ERR,ERR,ERR,ERR,ERR,ERR,ERR,ERR,ERR,ERR,ERR,ERR,ERR,ERR,ERR,ERR,ERR,ERR,ERR,ERR,ERR,ERR,ERR,ERR,ERR,ERR,ERR,ERR,ERR,ERR,ERR,ERR,ERR,ERR,ERR,ERR,ERR,ERR,ERR,0.0,-107615296.0,-134474944.0,0.0,0.0,1.3936040501711995e+18,7.805,0.0,0,0,4,0,8422,0.0,45,0.0,0.0,0.0,0.0,0.0,0,0,0,0,0.0,0,0,0,0,0,0,0,0,0,0,0,0,0,0,0,0,0,0,0,0,0,0,0,0,0,0,0,0,0,0,0,0,0,38,14,7,45,65476,0,300,0,0,8,21553,0.0,-107605600.0,0.0,0.0,0.0,0.0,0.0,0.0,0.0,0.0,0.0,0.0,0.0,0.0,0.0,0.0,0.0,0.0,0.0,0.0,0.0,0.0,0.0,0.0,-0.0,0.0,0.0,0.0,0.0,0.0,5082.0,3.697187013234e+19,0.0,0.0,-107615296.0,-107615280.0,2.718429300292151e+23,0.0,0.0,0.0,0.0,53,-0.0,-0.0,0.0,0.0,0.0,0.0,0.0,0.0,0.0,0,0,0,0.0,0.0,0.0,0.0,0.0,0.0,0.0,0.0,0.0,0.0,0.0,0.0,0.0,0.0,0.0,0.0,0,-107875648.0,53,0.0,106,-107614832.0,0.0,ERR,ERR,ERR,ERR,ERR,ERR,ERR,ERR,ERR,ERR,ERR,ERR,ERR,ERR,ERR,ERR,ERR,ERR,ERR,ERR,ERR,ERR,ERR,ERR,ERR,ERR,ERR,ERR,ERR,ERR,ERR,ERR,ERR,ERR,ERR,ERR,ERR,ERR,ERR,ERR,ERR,ERR,ERR,ERR,ERR,ERR,ERR,ERR,ERR,ERR,ERR,ERR,ERR,ERR,ERR,ERR,ERR,ERR,ERR,ERR,ERR,ERR,ERR,ERR,ERR,ERR,ERR,50.0,60.0,100,0.0,0.0,0.0,0.0,0.0,0.0,0.0,0.0,0.0,0.0,0.0,0.0,0.0,0.0,0.0,0.0,62.0,74,13,65512,50,65476,0,300,0,0,8,20529,65476,0,0,26214,60.0,0.0,0.0,0.0,0.0,0.0
2026-05-17T18:14:50,ERR,ERR,ERR,ERR,ERR,ERR,ERR,ERR,ERR,ERR,ERR,ERR,ERR,ERR,ERR,ERR,ERR,ERR,ERR,ERR,ERR,ERR,ERR,ERR,ERR,ERR,ERR,ERR,ERR,ERR,ERR,ERR,ERR,ERR,ERR,ERR,ERR,ERR,ERR,ERR,ERR,ERR,ERR,ERR,ERR,ERR,ERR,ERR,ERR,ERR,ERR,ERR,ERR,ERR,ERR,ERR,ERR,ERR,ERR,ERR,ERR,ERR,ERR,ERR,ERR,ERR,ERR,ERR,ERR,ERR,ERR,ERR,ERR,ERR,ERR,ERR,ERR,ERR,ERR,ERR,ERR,ERR,ERR,ERR,ERR,ERR,ERR,ERR,ERR,ERR,ERR,ERR,ERR,ERR,ERR,ERR,ERR,ERR,ERR,ERR,ERR,ERR,ERR,ERR,ERR,ERR,ERR,ERR,ERR,ERR,ERR,ERR,ERR,ERR,ERR,ERR,ERR,ERR,ERR,ERR,ERR,ERR,ERR,ERR,ERR,0.0,-107615296.0,-134474944.0,0.0,0.0,1.3936040501711995e+18,7.805,0.0,0,0,4,0,8422,0.0,45,0.0,0.0,0.0,0.0,0.0,0,0,0,0,0.0,0,0,0,0,0,0,0,0,0,0,0,0,0,0,0,0,0,0,0,0,0,0,0,0,0,0,0,0,0,0,0,0,0,38,14,7,45,65476,0,300,0,0,8,21553,0.0,-107605600.0,0.0,0.0,0.0,0.0,0.0,0.0,0.0,0.0,0.0,0.0,0.0,0.0,0.0,0.0,0.0,0.0,0.0,0.0,0.0,0.0,0.0,0.0,-0.0,0.0,0.0,0.0,0.0,0.0,5082.0,3.697187013234e+19,0.0,0.0,-107615296.0,-107615280.0,2.718429300292151e+23,0.0,0.0,0.0,0.0,53,-0.0,-0.0,0.0,0.0,0.0,0.0,0.0,0.0,0.0,0,0,0,0.0,0.0,0.0,0.0,0.0,0.0,0.0,0.0,0.0,0.0,0.0,0.0,0.0,0.0,0.0,0.0,0,-107875648.0,53,0.0,106,-107614832.0,0.0,ERR,ERR,ERR,ERR,ERR,ERR,ERR,ERR,ERR,ERR,ERR,ERR,ERR,ERR,ERR,ERR,ERR,ERR,ERR,ERR,ERR,ERR,ERR,ERR,ERR,ERR,ERR,ERR,ERR,ERR,ERR,ERR,ERR,ERR,ERR,ERR,ERR,ERR,ERR,ERR,ERR,ERR,ERR,ERR,ERR,ERR,ERR,ERR,ERR,ERR,ERR,ERR,ERR,ERR,ERR,ERR,ERR,ERR,ERR,ERR,ERR,ERR,ERR,ERR,ERR,ERR,ERR,50.0,60.0,100,0.0,0.0,0.0,0.0,0.0,0.0,0.0,0.0,0.0,0.0,0.0,0.0,0.0,0.0,0.0,0.0,62.0,74,13,65512,50,65476,0,300,0,0,8,20529,65476,0,0,26214,60.0,0.0,0.0,0.0,0.0,0.0
2026-05-17T18:14:51,ERR,ERR,ERR,ERR,ERR,ERR,ERR,ERR,ERR,ERR,ERR,ERR,ERR,ERR,ERR,ERR,ERR,ERR,ERR,ERR,ERR,ERR,ERR,ERR,ERR,ERR,ERR,ERR,ERR,ERR,ERR,ERR,ERR,ERR,ERR,ERR,ERR,ERR,ERR,ERR,ERR,ERR,ERR,ERR,ERR,ERR,ERR,ERR,ERR,ERR,ERR,ERR,ERR,ERR,ERR,ERR,ERR,ERR,ERR,ERR,ERR,ERR,ERR,ERR,ERR,ERR,ERR,ERR,ERR,ERR,ERR,ERR,ERR,ERR,ERR,ERR,ERR,ERR,ERR,ERR,ERR,ERR,ERR,ERR,ERR,ERR,ERR,ERR,ERR,ERR,ERR,ERR,ERR,ERR,ERR,ERR,ERR,ERR,ERR,ERR,ERR,ERR,ERR,ERR,ERR,ERR,ERR,ERR,ERR,ERR,ERR,ERR,ERR,ERR,ERR,ERR,ERR,ERR,ERR,ERR,ERR,ERR,ERR,ERR,ERR,0.0,-107615296.0,-134474944.0,0.0,0.0,1.3936040501711995e+18,7.805,0.0,0,0,4,0,8422,0.0,45,0.0,0.0,0.0,0.0,0.0,0,0,0,0,0.0,0,0,0,0,0,0,0,0,0,0,0,0,0,0,0,0,0,0,0,0,0,0,0,0,0,0,0,0,0,0,0,0,0,38,14,7,45,65476,0,300,0,0,8,21553,0.0,-107605600.0,0.0,0.0,0.0,0.0,0.0,0.0,0.0,0.0,0.0,0.0,0.0,0.0,0.0,0.0,0.0,0.0,0.0,0.0,0.0,0.0,0.0,0.0,-0.0,0.0,0.0,0.0,0.0,0.0,5082.0,3.697187013234e+19,0.0,0.0,-107615296.0,-107615280.0,2.718429300292151e+23,0.0,0.0,0.0,0.0,53,-0.0,-0.0,0.0,0.0,0.0,0.0,0.0,0.0,0.0,0,0,0,0.0,0.0,0.0,0.0,0.0,0.0,0.0,0.0,0.0,0.0,0.0,0.0,0.0,0.0,0.0,0.0,0,-107875648.0,53,0.0,106,-107614832.0,0.0,ERR,ERR,ERR,ERR,ERR,ERR,ERR,ERR,ERR,ERR,ERR,ERR,ERR,ERR,ERR,ERR,ERR,ERR,ERR,ERR,ERR,ERR,ERR,ERR,ERR,ERR,ERR,ERR,ERR,ERR,ERR,ERR,ERR,ERR,ERR,ERR,ERR,ERR,ERR,ERR,ERR,ERR,ERR,ERR,ERR,ERR,ERR,ERR,ERR,ERR,ERR,ERR,ERR,ERR,ERR,ERR,ERR,ERR,ERR,ERR,ERR,ERR,ERR,ERR,ERR,ERR,ERR,50.0,60.0,100,0.0,0.0,0.0,0.0,0.0,0.0,0.0,0.0,0.0,0.0,0.0,0.0,0.0,0.0,0.0,0.0,61.6,74,13,65512,50,65476,0,300,0,0,8,20529,65476,0,0,26214,60.0,0.0,0.0,0.0,0.0,0.0
2026-05-17T18:14:52,ERR,ERR,ERR,ERR,ERR,ERR,ERR,ERR,ERR,ERR,ERR,ERR,ERR,ERR,ERR,ERR,ERR,ERR,ERR,ERR,ERR,ERR,ERR,ERR,ERR,ERR,ERR,ERR,ERR,ERR,ERR,ERR,ERR,ERR,ERR,ERR,ERR,ERR,ERR,ERR,ERR,ERR,ERR,ERR,ERR,ERR,ERR,ERR,ERR,ERR,ERR,ERR,ERR,ERR,ERR,ERR,ERR,ERR,ERR,ERR,ERR,ERR,ERR,ERR,ERR,ERR,ERR,ERR,ERR,ERR,ERR,ERR,ERR,ERR,ERR,ERR,ERR,ERR,ERR,ERR,ERR,ERR,ERR,ERR,ERR,ERR,ERR,ERR,ERR,ERR,ERR,ERR,ERR,ERR,ERR,ERR,ERR,ERR,ERR,ERR,ERR,ERR,ERR,ERR,ERR,ERR,ERR,ERR,ERR,ERR,ERR,ERR,ERR,ERR,ERR,ERR,ERR,ERR,ERR,ERR,ERR,ERR,ERR,ERR,ERR,0.0,-107615296.0,-134474944.0,0.0,0.0,1.3936040501711995e+18,7.805,0.0,0,0,4,0,8422,0.0,45,0.0,0.0,0.0,0.0,0.0,0,0,0,0,0.0,0,0,0,0,0,0,0,0,0,0,0,0,0,0,0,0,0,0,0,0,0,0,0,0,0,0,0,0,0,0,0,0,0,38,14,7,45,65476,0,300,0,0,8,21553,0.0,-107605600.0,0.0,0.0,0.0,0.0,0.0,0.0,0.0,0.0,0.0,0.0,0.0,0.0,0.0,0.0,0.0,0.0,0.0,0.0,0.0,0.0,0.0,0.0,-0.0,0.0,0.0,0.0,0.0,0.0,5082.0,3.697187013234e+19,0.0,0.0,-107615296.0,-107615280.0,2.718429300292151e+23,0.0,0.0,0.0,0.0,53,-0.0,-0.0,0.0,0.0,0.0,0.0,0.0,0.0,0.0,0,0,0,0.0,0.0,0.0,0.0,0.0,0.0,0.0,0.0,0.0,0.0,0.0,0.0,0.0,0.0,0.0,0.0,0,-107875648.0,53,0.0,106,-107614832.0,0.0,ERR,ERR,ERR,ERR,ERR,ERR,ERR,ERR,ERR,ERR,ERR,ERR,ERR,ERR,ERR,ERR,ERR,ERR,ERR,ERR,ERR,ERR,ERR,ERR,ERR,ERR,ERR,ERR,ERR,ERR,ERR,ERR,ERR,ERR,ERR,ERR,ERR,ERR,ERR,ERR,ERR,ERR,ERR,ERR,ERR,ERR,ERR,ERR,ERR,ERR,ERR,ERR,ERR,ERR,ERR,ERR,ERR,ERR,ERR,ERR,ERR,ERR,ERR,ERR,ERR,ERR,ERR,50.0,60.0,100,0.0,0.0,0.0,0.0,0.0,0.0,0.0,0.0,0.0,0.0,0.0,0.0,0.0,0.0,0.0,0.0,61.6,74,13,65512,50,65476,0,300,0,0,8,20529,65476,0,0,26214,60.0,0.0,0.0,0.0,0.0,0.0
2026-05-17T18:14:53,ERR,ERR,ERR,ERR,ERR,ERR,ERR,ERR,ERR,ERR,ERR,ERR,ERR,ERR,ERR,ERR,ERR,ERR,ERR,ERR,ERR,ERR,ERR,ERR,ERR,ERR,ERR,ERR,ERR,ERR,ERR,ERR,ERR,ERR,ERR,ERR,ERR,ERR,ERR,ERR,ERR,ERR,ERR,ERR,ERR,ERR,ERR,ERR,ERR,ERR,ERR,ERR,ERR,ERR,ERR,ERR,ERR,ERR,ERR,ERR,ERR,ERR,ERR,ERR,ERR,ERR,ERR,ERR,ERR,ERR,ERR,ERR,ERR,ERR,ERR,ERR,ERR,ERR,ERR,ERR,ERR,ERR,ERR,ERR,ERR,ERR,ERR,ERR,ERR,ERR,ERR,ERR,ERR,ERR,ERR,ERR,ERR,ERR,ERR,ERR,ERR,ERR,ERR,ERR,ERR,ERR,ERR,ERR,ERR,ERR,ERR,ERR,ERR,ERR,ERR,ERR,ERR,ERR,ERR,ERR,ERR,ERR,ERR,ERR,ERR,-107615288.0,-107615296.0,0.0,0.0,0.0,1.3936040501711995e+18,7.805,0.0,0,0,4,0,8422,0.0,45,0.0,0.0,0.0,0.0,0.0,0,0,0,0,0.0,0,0,0,0,0,0,0,0,0,0,0,0,0,0,0,0,0,0,0,0,0,0,0,0,0,0,0,0,0,0,0,0,0,38,14,7,45,65476,0,300,0,0,8,21553,0.0,-107605600.0,0.0,0.0,0.0,0.0,0.0,0.0,0.0,0.0,0.0,0.0,0.0,0.0,0.0,0.0,0.0,0.0,0.0,0.0,0.0,0.0,0.0,0.0,-0.0,0.0,0.0,0.0,0.0,0.0,5084.0,8608184320.0,0.0,-107615288.0,-107615296.0,-107615280.0,2.718429300292151e+23,0.0,0.0,0.0,0.0,53,-0.0,-0.0,0.0,0.0,0.0,0.0,0.0,0.0,0.0,0,0,0,0.0,0.0,0.0,0.0,0.0,0.0,0.0,0.0,0.0,0.0,0.0,0.0,0.0,0.0,0.0,0.0,0,-107875648.0,53,0.0,106,-107614832.0,0.0,ERR,ERR,ERR,ERR,ERR,ERR,ERR,ERR,ERR,ERR,ERR,ERR,ERR,ERR,ERR,ERR,ERR,ERR,ERR,ERR,ERR,ERR,ERR,ERR,ERR,ERR,ERR,ERR,ERR,ERR,ERR,ERR,ERR,ERR,ERR,ERR,ERR,ERR,ERR,ERR,ERR,ERR,ERR,ERR,ERR,ERR,ERR,ERR,ERR,ERR,ERR,ERR,ERR,ERR,ERR,ERR,ERR,ERR,ERR,ERR,ERR,ERR,ERR,ERR,ERR,ERR,ERR,50.0,60.0,100,0.0,0.0,0.0,0.0,0.0,0.0,0.0,0.0,0.0,0.0,0.0,0.0,0.0,0.0,0.0,0.0,61.6,74,13,65512,50,65476,0,300,0,0,8,20529,65476,0,0,26214,60.0,0.0,0.0,0.0,0.0,0.0
2026-05-17T18:14:54,ERR,ERR,ERR,ERR,ERR,ERR,ERR,ERR,ERR,ERR,ERR,ERR,ERR,ERR,ERR,ERR,ERR,ERR,ERR,ERR,ERR,ERR,ERR,ERR,ERR,ERR,ERR,ERR,ERR,ERR,ERR,ERR,ERR,ERR,ERR,ERR,ERR,ERR,ERR,ERR,ERR,ERR,ERR,ERR,ERR,ERR,ERR,ERR,ERR,ERR,ERR,ERR,ERR,ERR,ERR,ERR,ERR,ERR,ERR,ERR,ERR,ERR,ERR,ERR,ERR,ERR,ERR,ERR,ERR,ERR,ERR,ERR,ERR,ERR,ERR,ERR,ERR,ERR,ERR,ERR,ERR,ERR,ERR,ERR,ERR,ERR,ERR,ERR,ERR,ERR,ERR,ERR,ERR,ERR,ERR,ERR,ERR,ERR,ERR,ERR,ERR,ERR,ERR,ERR,ERR,ERR,ERR,ERR,ERR,ERR,ERR,ERR,ERR,ERR,ERR,ERR,ERR,ERR,ERR,ERR,ERR,ERR,ERR,ERR,ERR,-107615288.0,-107615296.0,0.0,0.0,0.0,1.3936040501711995e+18,7.805,0.0,0,0,4,0,8422,0.0,45,0.0,0.0,0.0,0.0,0.0,0,0,0,0,0.0,0,0,0,0,0,0,0,0,0,0,0,0,0,0,0,0,0,0,0,0,0,0,0,0,0,0,0,0,0,0,0,0,0,38,14,7,45,65476,0,300,0,0,8,21553,0.0,-107605600.0,0.0,0.0,0.0,0.0,0.0,0.0,0.0,0.0,0.0,0.0,0.0,0.0,0.0,0.0,0.0,0.0,0.0,0.0,0.0,0.0,0.0,0.0,-0.0,0.0,0.0,0.0,0.0,0.0,5084.0,8608184320.0,0.0,-107615288.0,-107615296.0,-107615280.0,2.718429300292151e+23,0.0,0.0,0.0,0.0,53,-0.0,-0.0,0.0,0.0,0.0,0.0,0.0,0.0,0.0,0,0,0,0.0,0.0,0.0,0.0,0.0,0.0,0.0,0.0,0.0,0.0,0.0,0.0,0.0,0.0,0.0,0.0,0,-107875648.0,53,0.0,106,-107614832.0,0.0,ERR,ERR,ERR,ERR,ERR,ERR,ERR,ERR,ERR,ERR,ERR,ERR,ERR,ERR,ERR,ERR,ERR,ERR,ERR,ERR,ERR,ERR,ERR,ERR,ERR,ERR,ERR,ERR,ERR,ERR,ERR,ERR,ERR,ERR,ERR,ERR,ERR,ERR,ERR,ERR,ERR,ERR,ERR,ERR,ERR,ERR,ERR,ERR,ERR,ERR,ERR,ERR,ERR,ERR,ERR,ERR,ERR,ERR,ERR,ERR,ERR,ERR,ERR,ERR,ERR,ERR,ERR,50.0,60.0,100,0.0,0.0,0.0,0.0,0.0,0.0,0.0,0.0,0.0,0.0,0.0,0.0,0.0,0.0,0.0,0.0,61.6,74,13,65512,50,65476,0,300,0,0,8,20529,65476,0,0,26214,60.0,0.0,0.0,0.0,0.0,0.0
2026-05-17T18:14:55,ERR,ERR,ERR,ERR,ERR,ERR,ERR,ERR,ERR,ERR,ERR,ERR,ERR,ERR,ERR,ERR,ERR,ERR,ERR,ERR,ERR,ERR,ERR,ERR,ERR,ERR,ERR,ERR,ERR,ERR,ERR,ERR,ERR,ERR,ERR,ERR,ERR,ERR,ERR,ERR,ERR,ERR,ERR,ERR,ERR,ERR,ERR,ERR,ERR,ERR,ERR,ERR,ERR,ERR,ERR,ERR,ERR,ERR,ERR,ERR,ERR,ERR,ERR,ERR,ERR,ERR,ERR,ERR,ERR,ERR,ERR,ERR,ERR,ERR,ERR,ERR,ERR,ERR,ERR,ERR,ERR,ERR,ERR,ERR,ERR,ERR,ERR,ERR,ERR,ERR,ERR,ERR,ERR,ERR,ERR,ERR,ERR,ERR,ERR,ERR,ERR,ERR,ERR,ERR,ERR,ERR,ERR,ERR,ERR,ERR,ERR,ERR,ERR,ERR,ERR,ERR,ERR,ERR,ERR,ERR,ERR,ERR,ERR,ERR,ERR,-107615288.0,-107615296.0,0.0,0.0,0.0,1.3936040501711995e+18,7.805,0.0,0,0,4,0,8422,0.0,45,0.0,0.0,0.0,0.0,0.0,0,0,0,0,0.0,0,0,0,0,0,0,0,0,0,0,0,0,0,0,0,0,0,0,0,0,0,0,0,0,0,0,0,0,0,0,0,0,0,38,14,7,45,65476,0,300,0,0,8,21553,0.0,-107605600.0,0.0,0.0,0.0,0.0,0.0,0.0,0.0,0.0,0.0,0.0,0.0,0.0,0.0,0.0,0.0,0.0,0.0,0.0,0.0,0.0,0.0,0.0,-0.0,0.0,0.0,0.0,0.0,0.0,5084.0,8608184320.0,0.0,-107615288.0,-107615296.0,-107615280.0,2.718429300292151e+23,0.0,0.0,0.0,0.0,53,-0.0,-0.0,0.0,0.0,0.0,0.0,0.0,0.0,0.0,0,0,0,0.0,0.0,0.0,0.0,0.0,0.0,0.0,0.0,0.0,0.0,0.0,0.0,0.0,0.0,0.0,0.0,0,-107875648.0,53,0.0,106,-107614832.0,0.0,ERR,ERR,ERR,ERR,ERR,ERR,ERR,ERR,ERR,ERR,ERR,ERR,ERR,ERR,ERR,ERR,ERR,ERR,ERR,ERR,ERR,ERR,ERR,ERR,ERR,ERR,ERR,ERR,ERR,ERR,ERR,ERR,ERR,ERR,ERR,ERR,ERR,ERR,ERR,ERR,ERR,ERR,ERR,ERR,ERR,ERR,ERR,ERR,ERR,ERR,ERR,ERR,ERR,ERR,ERR,ERR,ERR,ERR,ERR,ERR,ERR,ERR,ERR,ERR,ERR,ERR,ERR,50.0,60.0,100,0.0,0.0,0.0,0.0,0.0,0.0,0.0,0.0,0.0,0.0,0.0,0.0,0.0,0.0,0.0,0.0,61.6,74,13,65512,50,65476,0,300,0,0,8,20529,65476,0,0,26214,60.0,0.0,0.0,0.0,0.0,0.0
2026-05-17T18:14:56,ERR,ERR,ERR,ERR,ERR,ERR,ERR,ERR,ERR,ERR,ERR,ERR,ERR,ERR,ERR,ERR,ERR,ERR,ERR,ERR,ERR,ERR,ERR,ERR,ERR,ERR,ERR,ERR,ERR,ERR,ERR,ERR,ERR,ERR,ERR,ERR,ERR,ERR,ERR,ERR,ERR,ERR,ERR,ERR,ERR,ERR,ERR,ERR,ERR,ERR,ERR,ERR,ERR,ERR,ERR,ERR,ERR,ERR,ERR,ERR,ERR,ERR,ERR,ERR,ERR,ERR,ERR,ERR,ERR,ERR,ERR,ERR,ERR,ERR,ERR,ERR,ERR,ERR,ERR,ERR,ERR,ERR,ERR,ERR,ERR,ERR,ERR,ERR,ERR,ERR,ERR,ERR,ERR,ERR,ERR,ERR,ERR,ERR,ERR,ERR,ERR,ERR,ERR,ERR,ERR,ERR,ERR,ERR,ERR,ERR,ERR,ERR,ERR,ERR,ERR,ERR,ERR,ERR,ERR,ERR,ERR,ERR,ERR,ERR,ERR,-107615288.0,-107615296.0,0.0,0.0,0.0,1.3936040501711995e+18,7.805,0.0,0,0,4,0,8422,0.0,45,0.0,0.0,0.0,0.0,0.0,0,0,0,0,0.0,0,0,0,0,0,0,0,0,0,0,0,0,0,0,0,0,0,0,0,0,0,0,0,0,0,0,0,0,0,0,0,0,0,38,14,7,45,65476,0,300,0,0,8,21553,0.0,-107605600.0,0.0,0.0,0.0,0.0,0.0,0.0,0.0,0.0,0.0,0.0,0.0,0.0,0.0,0.0,0.0,0.0,0.0,0.0,0.0,0.0,0.0,0.0,-0.0,0.0,0.0,0.0,0.0,0.0,5084.0,8608184320.0,0.0,-107615288.0,-107615296.0,-107615280.0,2.718429300292151e+23,0.0,0.0,0.0,0.0,53,-0.0,-0.0,0.0,0.0,0.0,0.0,0.0,0.0,0.0,0,0,0,0.0,0.0,0.0,0.0,0.0,0.0,0.0,0.0,0.0,0.0,0.0,0.0,0.0,0.0,0.0,0.0,0,-107875648.0,53,0.0,106,-107614832.0,0.0,ERR,ERR,ERR,ERR,ERR,ERR,ERR,ERR,ERR,ERR,ERR,ERR,ERR,ERR,ERR,ERR,ERR,ERR,ERR,ERR,ERR,ERR,ERR,ERR,ERR,ERR,ERR,ERR,ERR,ERR,ERR,ERR,ERR,ERR,ERR,ERR,ERR,ERR,ERR,ERR,ERR,ERR,ERR,ERR,ERR,ERR,ERR,ERR,ERR,ERR,ERR,ERR,ERR,ERR,ERR,ERR,ERR,ERR,ERR,ERR,ERR,ERR,ERR,ERR,ERR,ERR,ERR,50.0,60.0,100,0.0,0.0,0.0,0.0,0.0,0.0,0.0,0.0,0.0,0.0,0.0,0.0,0.0,0.0,0.0,0.0,61.6,74,13,65512,50,65476,0,300,0,0,8,20529,65476,0,0,26214,60.0,0.0,0.0,0.0,0.0,0.0
2026-05-17T18:14:57,ERR,ERR,ERR,ERR,ERR,ERR,ERR,ERR,ERR,ERR,ERR,ERR,ERR,ERR,ERR,ERR,ERR,ERR,ERR,ERR,ERR,ERR,ERR,ERR,ERR,ERR,ERR,ERR,ERR,ERR,ERR,ERR,ERR,ERR,ERR,ERR,ERR,ERR,ERR,ERR,ERR,ERR,ERR,ERR,ERR,ERR,ERR,ERR,ERR,ERR,ERR,ERR,ERR,ERR,ERR,ERR,ERR,ERR,ERR,ERR,ERR,ERR,ERR,ERR,ERR,ERR,ERR,ERR,ERR,ERR,ERR,ERR,ERR,ERR,ERR,ERR,ERR,ERR,ERR,ERR,ERR,ERR,ERR,ERR,ERR,ERR,ERR,ERR,ERR,ERR,ERR,ERR,ERR,ERR,ERR,ERR,ERR,ERR,ERR,ERR,ERR,ERR,ERR,ERR,ERR,ERR,ERR,ERR,ERR,ERR,ERR,ERR,ERR,ERR,ERR,ERR,ERR,ERR,ERR,ERR,ERR,ERR,ERR,ERR,ERR,-107615288.0,-107615296.0,0.0,0.0,0.0,1.3936040501711995e+18,7.805,0.0,0,0,4,0,8422,0.0,45,0.0,0.0,0.0,0.0,0.0,0,0,0,0,0.0,0,0,0,0,0,0,0,0,0,0,0,0,0,0,0,0,0,0,0,0,0,0,0,0,0,0,0,0,0,0,0,0,0,38,14,7,45,65476,0,300,0,0,8,21553,0.0,-107605600.0,0.0,0.0,0.0,0.0,0.0,0.0,0.0,0.0,0.0,0.0,0.0,0.0,0.0,0.0,0.0,0.0,0.0,0.0,0.0,0.0,0.0,0.0,-0.0,0.0,0.0,0.0,0.0,0.0,5084.0,8608184320.0,0.0,-107615288.0,-107615296.0,-107615280.0,2.718429300292151e+23,0.0,0.0,0.0,0.0,53,-0.0,-0.0,0.0,0.0,0.0,0.0,0.0,0.0,0.0,0,0,0,0.0,0.0,0.0,0.0,0.0,0.0,0.0,0.0,0.0,0.0,0.0,0.0,0.0,0.0,0.0,0.0,0,-107875648.0,53,0.0,106,-107614832.0,0.0,ERR,ERR,ERR,ERR,ERR,ERR,ERR,ERR,ERR,ERR,ERR,ERR,ERR,ERR,ERR,ERR,ERR,ERR,ERR,ERR,ERR,ERR,ERR,ERR,ERR,ERR,ERR,ERR,ERR,ERR,ERR,ERR,ERR,ERR,ERR,ERR,ERR,ERR,ERR,ERR,ERR,ERR,ERR,ERR,ERR,ERR,ERR,ERR,ERR,ERR,ERR,ERR,ERR,ERR,ERR,ERR,ERR,ERR,ERR,ERR,ERR,ERR,ERR,ERR,ERR,ERR,ERR,50.0,60.0,100,0.0,0.0,0.0,0.0,0.0,0.0,0.0,0.0,0.0,0.0,0.0,0.0,0.0,0.0,0.0,0.0,61.6,74,13,65512,50,65476,0,300,0,0,8,20529,65476,0,0,26214,60.0,0.0,0.0,0.0,0.0,0.0
2026-05-17T18:14:58,ERR,ERR,ERR,ERR,ERR,ERR,ERR,ERR,ERR,ERR,ERR,ERR,ERR,ERR,ERR,ERR,ERR,ERR,ERR,ERR,ERR,ERR,ERR,ERR,ERR,ERR,ERR,ERR,ERR,ERR,ERR,ERR,ERR,ERR,ERR,ERR,ERR,ERR,ERR,ERR,ERR,ERR,ERR,ERR,ERR,ERR,ERR,ERR,ERR,ERR,ERR,ERR,ERR,ERR,ERR,ERR,ERR,ERR,ERR,ERR,ERR,ERR,ERR,ERR,ERR,ERR,ERR,ERR,ERR,ERR,ERR,ERR,ERR,ERR,ERR,ERR,ERR,ERR,ERR,ERR,ERR,ERR,ERR,ERR,ERR,ERR,ERR,ERR,ERR,ERR,ERR,ERR,ERR,ERR,ERR,ERR,ERR,ERR,ERR,ERR,ERR,ERR,ERR,ERR,ERR,ERR,ERR,ERR,ERR,ERR,ERR,ERR,ERR,ERR,ERR,ERR,ERR,ERR,ERR,ERR,ERR,ERR,ERR,ERR,ERR,-107615288.0,-107615296.0,0.0,0.0,0.0,1.3936040501711995e+18,7.805,0.0,0,0,4,0,8422,0.0,45,0.0,0.0,0.0,0.0,0.0,0,0,0,0,0.0,0,0,0,0,0,0,0,0,0,0,0,0,0,0,0,0,0,0,0,0,0,0,0,0,0,0,0,0,0,0,0,0,0,38,14,7,45,65476,0,300,0,0,8,21553,0.0,-107605600.0,0.0,0.0,0.0,0.0,0.0,0.0,0.0,0.0,0.0,0.0,0.0,0.0,0.0,0.0,0.0,0.0,0.0,0.0,0.0,0.0,0.0,0.0,-0.0,0.0,0.0,0.0,0.0,0.0,5084.0,8608184320.0,0.0,-107615288.0,-107615296.0,-107615280.0,2.718429300292151e+23,0.0,0.0,0.0,0.0,53,-0.0,-0.0,0.0,0.0,0.0,0.0,0.0,0.0,0.0,0,0,0,0.0,0.0,0.0,0.0,0.0,0.0,0.0,0.0,0.0,0.0,0.0,0.0,0.0,0.0,0.0,0.0,0,-107875648.0,53,0.0,106,-107614832.0,0.0,ERR,ERR,ERR,ERR,ERR,ERR,ERR,ERR,ERR,ERR,ERR,ERR,ERR,ERR,ERR,ERR,ERR,ERR,ERR,ERR,ERR,ERR,ERR,ERR,ERR,ERR,ERR,ERR,ERR,ERR,ERR,ERR,ERR,ERR,ERR,ERR,ERR,ERR,ERR,ERR,ERR,ERR,ERR,ERR,ERR,ERR,ERR,ERR,ERR,ERR,ERR,ERR,ERR,ERR,ERR,ERR,ERR,ERR,ERR,ERR,ERR,ERR,ERR,ERR,ERR,ERR,ERR,50.0,60.0,100,0.0,0.0,0.0,0.0,0.0,0.0,0.0,0.0,0.0,0.0,0.0,0.0,0.0,0.0,0.0,0.0,61.6,74,13,65512,50,65476,0,300,0,0,8,20529,65476,0,0,26214,60.0,0.0,0.0,0.0,0.0,0.0
2026-05-17T18:14:59,ERR,ERR,ERR,ERR,ERR,ERR,ERR,ERR,ERR,ERR,ERR,ERR,ERR,ERR,ERR,ERR,ERR,ERR,ERR,ERR,ERR,ERR,ERR,ERR,ERR,ERR,ERR,ERR,ERR,ERR,ERR,ERR,ERR,ERR,ERR,ERR,ERR,ERR,ERR,ERR,ERR,ERR,ERR,ERR,ERR,ERR,ERR,ERR,ERR,ERR,ERR,ERR,ERR,ERR,ERR,ERR,ERR,ERR,ERR,ERR,ERR,ERR,ERR,ERR,ERR,ERR,ERR,ERR,ERR,ERR,ERR,ERR,ERR,ERR,ERR,ERR,ERR,ERR,ERR,ERR,ERR,ERR,ERR,ERR,ERR,ERR,ERR,ERR,ERR,ERR,ERR,ERR,ERR,ERR,ERR,ERR,ERR,ERR,ERR,ERR,ERR,ERR,ERR,ERR,ERR,ERR,ERR,ERR,ERR,ERR,ERR,ERR,ERR,ERR,ERR,ERR,ERR,ERR,ERR,ERR,ERR,ERR,ERR,ERR,ERR,0.0,-107615296.0,-134474944.0,0.0,0.0,1.3936040501711995e+18,7.805,0.0,0,0,4,0,8422,0.0,45,0.0,0.0,0.0,0.0,0.0,0,0,0,0,0.0,0,0,0,0,0,0,0,0,0,0,0,0,0,0,0,0,0,0,0,0,0,0,0,0,0,0,0,0,0,0,0,0,0,38,14,7,45,65476,0,300,0,0,8,21553,0.0,-107605600.0,0.0,0.0,0.0,0.0,0.0,0.0,0.0,0.0,0.0,0.0,0.0,0.0,0.0,0.0,0.0,0.0,0.0,0.0,0.0,0.0,0.0,0.0,-0.0,0.0,0.0,0.0,0.0,0.0,5083.0,2.004,0.0,0.0,-107615296.0,-107615280.0,2.718429300292151e+23,0.0,0.0,0.0,0.0,53,-0.0,-0.0,0.0,0.0,0.0,0.0,0.0,0.0,0.0,0,0,0,0.0,0.0,0.0,0.0,0.0,0.0,0.0,0.0,0.0,0.0,0.0,0.0,0.0,0.0,0.0,0.0,0,-107875648.0,53,0.0,106,-107614832.0,0.0,ERR,ERR,ERR,ERR,ERR,ERR,ERR,ERR,ERR,ERR,ERR,ERR,ERR,ERR,ERR,ERR,ERR,ERR,ERR,ERR,ERR,ERR,ERR,ERR,ERR,ERR,ERR,ERR,ERR,ERR,ERR,ERR,ERR,ERR,ERR,ERR,ERR,ERR,ERR,ERR,ERR,ERR,ERR,ERR,ERR,ERR,ERR,ERR,ERR,ERR,ERR,ERR,ERR,ERR,ERR,ERR,ERR,ERR,ERR,ERR,ERR,ERR,ERR,ERR,ERR,ERR,ERR,50.0,60.0,100,0.0,0.0,0.0,0.0,0.0,0.0,0.0,0.0,0.0,0.0,0.0,0.0,0.0,0.0,0.0,0.0,61.6,74,13,65512,50,65476,0,300,0,0,8,20529,65476,0,0,26214,60.0,0.0,0.0,0.0,0.0,0.0
2026-05-17T18:15:00,ERR,ERR,ERR,ERR,ERR,ERR,ERR,ERR,ERR,ERR,ERR,ERR,ERR,ERR,ERR,ERR,ERR,ERR,ERR,ERR,ERR,ERR,ERR,ERR,ERR,ERR,ERR,ERR,ERR,ERR,ERR,ERR,ERR,ERR,ERR,ERR,ERR,ERR,ERR,ERR,ERR,ERR,ERR,ERR,ERR,ERR,ERR,ERR,ERR,ERR,ERR,ERR,ERR,ERR,ERR,ERR,ERR,ERR,ERR,ERR,ERR,ERR,ERR,ERR,ERR,ERR,ERR,ERR,ERR,ERR,ERR,ERR,ERR,ERR,ERR,ERR,ERR,ERR,ERR,ERR,ERR,ERR,ERR,ERR,ERR,ERR,ERR,ERR,ERR,ERR,ERR,ERR,ERR,ERR,ERR,ERR,ERR,ERR,ERR,ERR,ERR,ERR,ERR,ERR,ERR,ERR,ERR,ERR,ERR,ERR,ERR,ERR,ERR,ERR,ERR,ERR,ERR,ERR,ERR,ERR,ERR,ERR,ERR,ERR,ERR,0.0,-107615296.0,-134474944.0,0.0,0.0,1.3936040501711995e+18,7.805,0.0,0,0,4,0,8422,0.0,45,0.0,0.0,0.0,0.0,0.0,0,0,0,0,0.0,0,0,0,0,0,0,0,0,0,0,0,0,0,0,0,0,0,0,0,0,0,0,0,0,0,0,0,0,0,0,0,0,0,38,14,7,45,65476,0,300,0,0,8,21553,0.0,-107605600.0,0.0,0.0,0.0,0.0,0.0,0.0,0.0,0.0,0.0,0.0,0.0,0.0,0.0,0.0,0.0,0.0,0.0,0.0,0.0,0.0,0.0,0.0,-0.0,0.0,0.0,0.0,0.0,0.0,5083.0,2.004,0.0,0.0,-107615296.0,-107615280.0,2.718429300292151e+23,0.0,0.0,0.0,0.0,53,-0.0,-0.0,0.0,0.0,0.0,0.0,0.0,0.0,0.0,0,0,0,0.0,0.0,0.0,0.0,0.0,0.0,0.0,0.0,0.0,0.0,0.0,0.0,0.0,0.0,0.0,0.0,0,-107875648.0,53,0.0,106,-107614832.0,0.0,ERR,ERR,ERR,ERR,ERR,ERR,ERR,ERR,ERR,ERR,ERR,ERR,ERR,ERR,ERR,ERR,ERR,ERR,ERR,ERR,ERR,ERR,ERR,ERR,ERR,ERR,ERR,ERR,ERR,ERR,ERR,ERR,ERR,ERR,ERR,ERR,ERR,ERR,ERR,ERR,ERR,ERR,ERR,ERR,ERR,ERR,ERR,ERR,ERR,ERR,ERR,ERR,ERR,ERR,ERR,ERR,ERR,ERR,ERR,ERR,ERR,ERR,ERR,ERR,ERR,ERR,ERR,50.0,60.0,100,0.0,0.0,0.0,0.0,0.0,0.0,0.0,0.0,0.0,0.0,0.0,0.0,0.0,0.0,0.0,0.0,61.6,74,13,65512,50,65476,0,300,0,0,8,20529,65476,0,0,26214,60.0,0.0,0.0,0.0,0.0,0.0
2026-05-17T18:15:01,ERR,ERR,ERR,ERR,ERR,ERR,ERR,ERR,ERR,ERR,ERR,ERR,ERR,ERR,ERR,ERR,ERR,ERR,ERR,ERR,ERR,ERR,ERR,ERR,ERR,ERR,ERR,ERR,ERR,ERR,ERR,ERR,ERR,ERR,ERR,ERR,ERR,ERR,ERR,ERR,ERR,ERR,ERR,ERR,ERR,ERR,ERR,ERR,ERR,ERR,ERR,ERR,ERR,ERR,ERR,ERR,ERR,ERR,ERR,ERR,ERR,ERR,ERR,ERR,ERR,ERR,ERR,ERR,ERR,ERR,ERR,ERR,ERR,ERR,ERR,ERR,ERR,ERR,ERR,ERR,ERR,ERR,ERR,ERR,ERR,ERR,ERR,ERR,ERR,ERR,ERR,ERR,ERR,ERR,ERR,ERR,ERR,ERR,ERR,ERR,ERR,ERR,ERR,ERR,ERR,ERR,ERR,ERR,ERR,ERR,ERR,ERR,ERR,ERR,ERR,ERR,ERR,ERR,ERR,ERR,ERR,ERR,ERR,ERR,ERR,0.0,-107615296.0,-134474944.0,0.0,0.0,1.3936040501711995e+18,7.805,0.0,0,0,4,0,8422,0.0,45,0.0,0.0,0.0,0.0,0.0,0,0,0,0,0.0,0,0,0,0,0,0,0,0,0,0,0,0,0,0,0,0,0,0,0,0,0,0,0,0,0,0,0,0,0,0,0,0,0,38,14,7,45,65476,0,300,0,0,8,21553,0.0,-107605600.0,0.0,0.0,0.0,0.0,0.0,0.0,0.0,0.0,0.0,0.0,0.0,0.0,0.0,0.0,0.0,0.0,0.0,0.0,0.0,0.0,0.0,0.0,-0.0,0.0,0.0,0.0,0.0,0.0,5083.0,2.004,0.0,0.0,-107615296.0,-107615280.0,2.718429300292151e+23,0.0,0.0,0.0,0.0,53,-0.0,-0.0,0.0,0.0,0.0,0.0,0.0,0.0,0.0,0,0,0,0.0,0.0,0.0,0.0,0.0,0.0,0.0,0.0,0.0,0.0,0.0,0.0,0.0,0.0,0.0,0.0,0,-107875648.0,53,0.0,106,-107614832.0,0.0,ERR,ERR,ERR,ERR,ERR,ERR,ERR,ERR,ERR,ERR,ERR,ERR,ERR,ERR,ERR,ERR,ERR,ERR,ERR,ERR,ERR,ERR,ERR,ERR,ERR,ERR,ERR,ERR,ERR,ERR,ERR,ERR,ERR,ERR,ERR,ERR,ERR,ERR,ERR,ERR,ERR,ERR,ERR,ERR,ERR,ERR,ERR,ERR,ERR,ERR,ERR,ERR,ERR,ERR,ERR,ERR,ERR,ERR,ERR,ERR,ERR,ERR,ERR,ERR,ERR,ERR,ERR,50.0,60.0,100,0.0,0.0,0.0,0.0,0.0,0.0,0.0,0.0,0.0,0.0,0.0,0.0,0.0,0.0,0.0,0.0,61.6,74,13,65512,50,65476,0,300,0,0,8,20529,65476,0,0,26214,60.0,0.0,0.0,0.0,0.0,0.0
2026-05-17T18:15:02,ERR,ERR,ERR,ERR,ERR,ERR,ERR,ERR,ERR,ERR,ERR,ERR,ERR,ERR,ERR,ERR,ERR,ERR,ERR,ERR,ERR,ERR,ERR,ERR,ERR,ERR,ERR,ERR,ERR,ERR,ERR,ERR,ERR,ERR,ERR,ERR,ERR,ERR,ERR,ERR,ERR,ERR,ERR,ERR,ERR,ERR,ERR,ERR,ERR,ERR,ERR,ERR,ERR,ERR,ERR,ERR,ERR,ERR,ERR,ERR,ERR,ERR,ERR,ERR,ERR,ERR,ERR,ERR,ERR,ERR,ERR,ERR,ERR,ERR,ERR,ERR,ERR,ERR,ERR,ERR,ERR,ERR,ERR,ERR,ERR,ERR,ERR,ERR,ERR,ERR,ERR,ERR,ERR,ERR,ERR,ERR,ERR,ERR,ERR,ERR,ERR,ERR,ERR,ERR,ERR,ERR,ERR,ERR,ERR,ERR,ERR,ERR,ERR,ERR,ERR,ERR,ERR,ERR,ERR,ERR,ERR,ERR,ERR,ERR,ERR,0.0,-107615296.0,-134474944.0,0.0,0.0,1.3936040501711995e+18,7.805,0.0,0,0,4,0,8422,0.0,45,0.0,0.0,0.0,0.0,0.0,0,0,0,0,0.0,0,0,0,0,0,0,0,0,0,0,0,0,0,0,0,0,0,0,0,0,0,0,0,0,0,0,0,0,0,0,0,0,0,38,14,7,45,65476,0,300,0,0,8,21553,0.0,-107605600.0,0.0,0.0,0.0,0.0,0.0,0.0,0.0,0.0,0.0,0.0,0.0,0.0,0.0,0.0,0.0,0.0,0.0,0.0,0.0,0.0,0.0,0.0,-0.0,0.0,0.0,0.0,0.0,0.0,5083.0,2.004,0.0,0.0,-107615296.0,-107615280.0,2.718429300292151e+23,0.0,0.0,0.0,0.0,53,-0.0,-0.0,0.0,0.0,0.0,0.0,0.0,0.0,0.0,0,0,0,0.0,0.0,0.0,0.0,0.0,0.0,0.0,0.0,0.0,0.0,0.0,0.0,0.0,0.0,0.0,0.0,0,-107875648.0,53,0.0,106,-107614832.0,0.0,ERR,ERR,ERR,ERR,ERR,ERR,ERR,ERR,ERR,ERR,ERR,ERR,ERR,ERR,ERR,ERR,ERR,ERR,ERR,ERR,ERR,ERR,ERR,ERR,ERR,ERR,ERR,ERR,ERR,ERR,ERR,ERR,ERR,ERR,ERR,ERR,ERR,ERR,ERR,ERR,ERR,ERR,ERR,ERR,ERR,ERR,ERR,ERR,ERR,ERR,ERR,ERR,ERR,ERR,ERR,ERR,ERR,ERR,ERR,ERR,ERR,ERR,ERR,ERR,ERR,ERR,ERR,50.0,60.0,100,0.0,0.0,0.0,0.0,0.0,0.0,0.0,0.0,0.0,0.0,0.0,0.0,0.0,0.0,0.0,0.0,61.6,74,13,65512,50,65476,0,300,0,0,8,20529,65476,0,0,26214,60.0,0.0,0.0,0.0,0.0,0.0
2026-05-17T18:15:03,ERR,ERR,ERR,ERR,ERR,ERR,ERR,ERR,ERR,ERR,ERR,ERR,ERR,ERR,ERR,ERR,ERR,ERR,ERR,ERR,ERR,ERR,ERR,ERR,ERR,ERR,ERR,ERR,ERR,ERR,ERR,ERR,ERR,ERR,ERR,ERR,ERR,ERR,ERR,ERR,ERR,ERR,ERR,ERR,ERR,ERR,ERR,ERR,ERR,ERR,ERR,ERR,ERR,ERR,ERR,ERR,ERR,ERR,ERR,ERR,ERR,ERR,ERR,ERR,ERR,ERR,ERR,ERR,ERR,ERR,ERR,ERR,ERR,ERR,ERR,ERR,ERR,ERR,ERR,ERR,ERR,ERR,ERR,ERR,ERR,ERR,ERR,ERR,ERR,ERR,ERR,ERR,ERR,ERR,ERR,ERR,ERR,ERR,ERR,ERR,ERR,ERR,ERR,ERR,ERR,ERR,ERR,ERR,ERR,ERR,ERR,ERR,ERR,ERR,ERR,ERR,ERR,ERR,ERR,ERR,ERR,ERR,ERR,ERR,ERR,0.0,-107615296.0,-134474944.0,0.0,0.0,1.3936040501711995e+18,7.805,0.0,0,0,4,0,8422,0.0,45,0.0,0.0,0.0,0.0,0.0,0,0,0,0,0.0,0,0,0,0,0,0,0,0,0,0,0,0,0,0,0,0,0,0,0,0,0,0,0,0,0,0,0,0,0,0,0,0,0,38,14,7,45,65476,0,300,0,0,8,21553,0.0,-107605600.0,0.0,0.0,0.0,0.0,0.0,0.0,0.0,0.0,0.0,0.0,0.0,0.0,0.0,0.0,0.0,0.0,0.0,0.0,0.0,0.0,0.0,0.0,-0.0,0.0,0.0,0.0,0.0,0.0,5083.0,2.004,0.0,0.0,-107615296.0,-107615280.0,2.718429300292151e+23,0.0,0.0,0.0,0.0,53,-0.0,-0.0,0.0,0.0,0.0,0.0,0.0,0.0,0.0,0,0,0,0.0,0.0,0.0,0.0,0.0,0.0,0.0,0.0,0.0,0.0,0.0,0.0,0.0,0.0,0.0,0.0,0,-107875648.0,53,0.0,106,-107614832.0,0.0,ERR,ERR,ERR,ERR,ERR,ERR,ERR,ERR,ERR,ERR,ERR,ERR,ERR,ERR,ERR,ERR,ERR,ERR,ERR,ERR,ERR,ERR,ERR,ERR,ERR,ERR,ERR,ERR,ERR,ERR,ERR,ERR,ERR,ERR,ERR,ERR,ERR,ERR,ERR,ERR,ERR,ERR,ERR,ERR,ERR,ERR,ERR,ERR,ERR,ERR,ERR,ERR,ERR,ERR,ERR,ERR,ERR,ERR,ERR,ERR,ERR,ERR,ERR,ERR,ERR,ERR,ERR,50.0,60.0,100,0.0,0.0,0.0,0.0,0.0,0.0,0.0,0.0,0.0,0.0,0.0,0.0,0.0,0.0,0.0,0.0,61.6,74,13,65512,50,65476,0,300,0,0,8,20529,65476,0,0,26214,60.0,0.0,0.0,0.0,0.0,0.0
2026-05-17T18:15:04,ERR,ERR,ERR,ERR,ERR,ERR,ERR,ERR,ERR,ERR,ERR,ERR,ERR,ERR,ERR,ERR,ERR,ERR,ERR,ERR,ERR,ERR,ERR,ERR,ERR,ERR,ERR,ERR,ERR,ERR,ERR,ERR,ERR,ERR,ERR,ERR,ERR,ERR,ERR,ERR,ERR,ERR,ERR,ERR,ERR,ERR,ERR,ERR,ERR,ERR,ERR,ERR,ERR,ERR,ERR,ERR,ERR,ERR,ERR,ERR,ERR,ERR,ERR,ERR,ERR,ERR,ERR,ERR,ERR,ERR,ERR,ERR,ERR,ERR,ERR,ERR,ERR,ERR,ERR,ERR,ERR,ERR,ERR,ERR,ERR,ERR,ERR,ERR,ERR,ERR,ERR,ERR,ERR,ERR,ERR,ERR,ERR,ERR,ERR,ERR,ERR,ERR,ERR,ERR,ERR,ERR,ERR,ERR,ERR,ERR,ERR,ERR,ERR,ERR,ERR,ERR,ERR,ERR,ERR,ERR,ERR,ERR,ERR,ERR,ERR,0.0,-107615296.0,-134474944.0,0.0,0.0,1.3936040501711995e+18,7.805,0.0,0,0,4,0,8422,0.0,45,0.0,0.0,0.0,0.0,0.0,0,0,0,0,0.0,0,0,0,0,0,0,0,0,0,0,0,0,0,0,0,0,0,0,0,0,0,0,0,0,0,0,0,0,0,0,0,0,0,38,14,7,45,65476,0,300,0,0,8,21553,0.0,-107605600.0,0.0,0.0,0.0,0.0,0.0,0.0,0.0,0.0,0.0,0.0,0.0,0.0,0.0,0.0,0.0,0.0,0.0,0.0,0.0,0.0,0.0,0.0,-0.0,0.0,0.0,0.0,0.0,0.0,5081.0,2.004,0.0,0.0,-107615296.0,-107615280.0,2.718429300292151e+23,0.0,0.0,0.0,0.0,53,-0.0,-0.0,0.0,0.0,0.0,0.0,0.0,0.0,0.0,0,0,0,0.0,0.0,0.0,0.0,0.0,0.0,0.0,0.0,0.0,0.0,0.0,0.0,0.0,0.0,0.0,0.0,0,-107875648.0,53,0.0,106,-107614832.0,0.0,ERR,ERR,ERR,ERR,ERR,ERR,ERR,ERR,ERR,ERR,ERR,ERR,ERR,ERR,ERR,ERR,ERR,ERR,ERR,ERR,ERR,ERR,ERR,ERR,ERR,ERR,ERR,ERR,ERR,ERR,ERR,ERR,ERR,ERR,ERR,ERR,ERR,ERR,ERR,ERR,ERR,ERR,ERR,ERR,ERR,ERR,ERR,ERR,ERR,ERR,ERR,ERR,ERR,ERR,ERR,ERR,ERR,ERR,ERR,ERR,ERR,ERR,ERR,ERR,ERR,ERR,ERR,50.0,60.0,100,0.0,0.0,0.0,0.0,0.0,0.0,0.0,0.0,0.0,0.0,0.0,0.0,0.0,0.0,0.0,0.0,61.6,74,13,65512,50,65476,0,300,0,0,8,20529,65476,0,0,26214,60.0,0.0,0.0,0.0,0.0,0.0
2026-05-17T18:15:05,ERR,ERR,ERR,ERR,ERR,ERR,ERR,ERR,ERR,ERR,ERR,ERR,ERR,ERR,ERR,ERR,ERR,ERR,ERR,ERR,ERR,ERR,ERR,ERR,ERR,ERR,ERR,ERR,ERR,ERR,ERR,ERR,ERR,ERR,ERR,ERR,ERR,ERR,ERR,ERR,ERR,ERR,ERR,ERR,ERR,ERR,ERR,ERR,ERR,ERR,ERR,ERR,ERR,ERR,ERR,ERR,ERR,ERR,ERR,ERR,ERR,ERR,ERR,ERR,ERR,ERR,ERR,ERR,ERR,ERR,ERR,ERR,ERR,ERR,ERR,ERR,ERR,ERR,ERR,ERR,ERR,ERR,ERR,ERR,ERR,ERR,ERR,ERR,ERR,ERR,ERR,ERR,ERR,ERR,ERR,ERR,ERR,ERR,ERR,ERR,ERR,ERR,ERR,ERR,ERR,ERR,ERR,ERR,ERR,ERR,ERR,ERR,ERR,ERR,ERR,ERR,ERR,ERR,ERR,ERR,ERR,ERR,ERR,ERR,ERR,0.0,-107615296.0,-134474944.0,0.0,0.0,1.3936040501711995e+18,7.805,0.0,0,0,4,0,8422,0.0,45,0.0,0.0,0.0,0.0,0.0,0,0,0,0,0.0,0,0,0,0,0,0,0,0,0,0,0,0,0,0,0,0,0,0,0,0,0,0,0,0,0,0,0,0,0,0,0,0,0,38,14,7,45,65476,0,300,0,0,8,21553,0.0,-107605600.0,0.0,0.0,0.0,0.0,0.0,0.0,0.0,0.0,0.0,0.0,0.0,0.0,0.0,0.0,0.0,0.0,0.0,0.0,0.0,0.0,0.0,0.0,-0.0,0.0,0.0,0.0,0.0,0.0,5081.0,2.004,0.0,0.0,-107615296.0,-107615280.0,2.718429300292151e+23,0.0,0.0,0.0,0.0,53,-0.0,-0.0,0.0,0.0,0.0,0.0,0.0,0.0,0.0,0,0,0,0.0,0.0,0.0,0.0,0.0,0.0,0.0,0.0,0.0,0.0,0.0,0.0,0.0,0.0,0.0,0.0,0,-107875648.0,53,0.0,106,-107614832.0,0.0,ERR,ERR,ERR,ERR,ERR,ERR,ERR,ERR,ERR,ERR,ERR,ERR,ERR,ERR,ERR,ERR,ERR,ERR,ERR,ERR,ERR,ERR,ERR,ERR,ERR,ERR,ERR,ERR,ERR,ERR,ERR,ERR,ERR,ERR,ERR,ERR,ERR,ERR,ERR,ERR,ERR,ERR,ERR,ERR,ERR,ERR,ERR,ERR,ERR,ERR,ERR,ERR,ERR,ERR,ERR,ERR,ERR,ERR,ERR,ERR,ERR,ERR,ERR,ERR,ERR,ERR,ERR,50.0,60.0,100,0.0,0.0,0.0,0.0,0.0,0.0,0.0,0.0,0.0,0.0,0.0,0.0,0.0,0.0,0.0,0.0,61.6,74,13,65512,50,65476,0,300,0,0,8,20529,65476,0,0,26214,60.0,0.0,0.0,0.0,0.0,0.0
2026-05-17T18:15:06,ERR,ERR,ERR,ERR,ERR,ERR,ERR,ERR,ERR,ERR,ERR,ERR,ERR,ERR,ERR,ERR,ERR,ERR,ERR,ERR,ERR,ERR,ERR,ERR,ERR,ERR,ERR,ERR,ERR,ERR,ERR,ERR,ERR,ERR,ERR,ERR,ERR,ERR,ERR,ERR,ERR,ERR,ERR,ERR,ERR,ERR,ERR,ERR,ERR,ERR,ERR,ERR,ERR,ERR,ERR,ERR,ERR,ERR,ERR,ERR,ERR,ERR,ERR,ERR,ERR,ERR,ERR,ERR,ERR,ERR,ERR,ERR,ERR,ERR,ERR,ERR,ERR,ERR,ERR,ERR,ERR,ERR,ERR,ERR,ERR,ERR,ERR,ERR,ERR,ERR,ERR,ERR,ERR,ERR,ERR,ERR,ERR,ERR,ERR,ERR,ERR,ERR,ERR,ERR,ERR,ERR,ERR,ERR,ERR,ERR,ERR,ERR,ERR,ERR,ERR,ERR,ERR,ERR,ERR,ERR,ERR,ERR,ERR,ERR,ERR,0.0,-107615296.0,-134474944.0,0.0,0.0,1.3936040501711995e+18,7.805,0.0,0,0,4,0,8422,0.0,45,0.0,0.0,0.0,0.0,0.0,0,0,0,0,0.0,0,0,0,0,0,0,0,0,0,0,0,0,0,0,0,0,0,0,0,0,0,0,0,0,0,0,0,0,0,0,0,0,0,38,14,7,45,65476,0,300,0,0,8,21553,0.0,-107605600.0,0.0,0.0,0.0,0.0,0.0,0.0,0.0,0.0,0.0,0.0,0.0,0.0,0.0,0.0,0.0,0.0,0.0,0.0,0.0,0.0,0.0,0.0,-0.0,0.0,0.0,0.0,0.0,0.0,5081.0,2.004,0.0,0.0,-107615296.0,-107615280.0,2.718429300292151e+23,0.0,0.0,0.0,0.0,53,-0.0,-0.0,0.0,0.0,0.0,0.0,0.0,0.0,0.0,0,0,0,0.0,0.0,0.0,0.0,0.0,0.0,0.0,0.0,0.0,0.0,0.0,0.0,0.0,0.0,0.0,0.0,0,-107875648.0,53,0.0,106,-107614832.0,0.0,ERR,ERR,ERR,ERR,ERR,ERR,ERR,ERR,ERR,ERR,ERR,ERR,ERR,ERR,ERR,ERR,ERR,ERR,ERR,ERR,ERR,ERR,ERR,ERR,ERR,ERR,ERR,ERR,ERR,ERR,ERR,ERR,ERR,ERR,ERR,ERR,ERR,ERR,ERR,ERR,ERR,ERR,ERR,ERR,ERR,ERR,ERR,ERR,ERR,ERR,ERR,ERR,ERR,ERR,ERR,ERR,ERR,ERR,ERR,ERR,ERR,ERR,ERR,ERR,ERR,ERR,ERR,50.0,60.0,100,0.0,0.0,0.0,0.0,0.0,0.0,0.0,0.0,0.0,0.0,0.0,0.0,0.0,0.0,0.0,0.0,61.6,74,13,65512,50,65476,0,300,0,0,8,20529,65476,0,0,26214,60.0,0.0,0.0,0.0,0.0,0.0
2026-05-17T18:15:07,ERR,ERR,ERR,ERR,ERR,ERR,ERR,ERR,ERR,ERR,ERR,ERR,ERR,ERR,ERR,ERR,ERR,ERR,ERR,ERR,ERR,ERR,ERR,ERR,ERR,ERR,ERR,ERR,ERR,ERR,ERR,ERR,ERR,ERR,ERR,ERR,ERR,ERR,ERR,ERR,ERR,ERR,ERR,ERR,ERR,ERR,ERR,ERR,ERR,ERR,ERR,ERR,ERR,ERR,ERR,ERR,ERR,ERR,ERR,ERR,ERR,ERR,ERR,ERR,ERR,ERR,ERR,ERR,ERR,ERR,ERR,ERR,ERR,ERR,ERR,ERR,ERR,ERR,ERR,ERR,ERR,ERR,ERR,ERR,ERR,ERR,ERR,ERR,ERR,ERR,ERR,ERR,ERR,ERR,ERR,ERR,ERR,ERR,ERR,ERR,ERR,ERR,ERR,ERR,ERR,ERR,ERR,ERR,ERR,ERR,ERR,ERR,ERR,ERR,ERR,ERR,ERR,ERR,ERR,ERR,ERR,ERR,ERR,ERR,ERR,0.0,-107615296.0,-134474944.0,0.0,0.0,1.3936040501711995e+18,7.805,0.0,0,0,4,0,8422,0.0,45,0.0,0.0,0.0,0.0,0.0,0,0,0,0,0.0,0,0,0,0,0,0,0,0,0,0,0,0,0,0,0,0,0,0,0,0,0,0,0,0,0,0,0,0,0,0,0,0,0,38,14,7,45,65476,0,300,0,0,8,21553,0.0,-107605600.0,0.0,0.0,0.0,0.0,0.0,0.0,0.0,0.0,0.0,0.0,0.0,0.0,0.0,0.0,0.0,0.0,0.0,0.0,0.0,0.0,0.0,0.0,-0.0,0.0,0.0,0.0,0.0,0.0,5081.0,2.004,0.0,0.0,-107615296.0,-107615280.0,2.718429300292151e+23,0.0,0.0,0.0,0.0,53,-0.0,-0.0,0.0,0.0,0.0,0.0,0.0,0.0,0.0,0,0,0,0.0,0.0,0.0,0.0,0.0,0.0,0.0,0.0,0.0,0.0,0.0,0.0,0.0,0.0,0.0,0.0,0,-107875648.0,53,0.0,106,-107614832.0,0.0,ERR,ERR,ERR,ERR,ERR,ERR,ERR,ERR,ERR,ERR,ERR,ERR,ERR,ERR,ERR,ERR,ERR,ERR,ERR,ERR,ERR,ERR,ERR,ERR,ERR,ERR,ERR,ERR,ERR,ERR,ERR,ERR,ERR,ERR,ERR,ERR,ERR,ERR,ERR,ERR,ERR,ERR,ERR,ERR,ERR,ERR,ERR,ERR,ERR,ERR,ERR,ERR,ERR,ERR,ERR,ERR,ERR,ERR,ERR,ERR,ERR,ERR,ERR,ERR,ERR,ERR,ERR,50.0,60.0,100,0.0,0.0,0.0,0.0,0.0,0.0,0.0,0.0,0.0,0.0,0.0,0.0,0.0,0.0,0.0,0.0,61.6,74,13,65512,50,65476,0,300,0,0,8,20529,65476,0,0,26214,60.0,0.0,0.0,0.0,0.0,0.0
2026-05-17T18:15:08,ERR,ERR,ERR,ERR,ERR,ERR,ERR,ERR,ERR,ERR,ERR,ERR,ERR,ERR,ERR,ERR,ERR,ERR,ERR,ERR,ERR,ERR,ERR,ERR,ERR,ERR,ERR,ERR,ERR,ERR,ERR,ERR,ERR,ERR,ERR,ERR,ERR,ERR,ERR,ERR,ERR,ERR,ERR,ERR,ERR,ERR,ERR,ERR,ERR,ERR,ERR,ERR,ERR,ERR,ERR,ERR,ERR,ERR,ERR,ERR,ERR,ERR,ERR,ERR,ERR,ERR,ERR,ERR,ERR,ERR,ERR,ERR,ERR,ERR,ERR,ERR,ERR,ERR,ERR,ERR,ERR,ERR,ERR,ERR,ERR,ERR,ERR,ERR,ERR,ERR,ERR,ERR,ERR,ERR,ERR,ERR,ERR,ERR,ERR,ERR,ERR,ERR,ERR,ERR,ERR,ERR,ERR,ERR,ERR,ERR,ERR,ERR,ERR,ERR,ERR,ERR,ERR,ERR,ERR,ERR,ERR,ERR,ERR,ERR,ERR,0.0,-107615296.0,-134474944.0,0.0,0.0,1.3936040501711995e+18,7.805,0.0,0,0,4,0,8422,0.0,45,0.0,0.0,0.0,0.0,0.0,0,0,0,0,0.0,0,0,0,0,0,0,0,0,0,0,0,0,0,0,0,0,0,0,0,0,0,0,0,0,0,0,0,0,0,0,0,0,0,38,14,7,45,65476,0,300,0,0,8,21553,0.0,-107605600.0,0.0,0.0,0.0,0.0,0.0,0.0,0.0,0.0,0.0,0.0,0.0,0.0,0.0,0.0,0.0,0.0,0.0,0.0,0.0,0.0,0.0,0.0,-0.0,0.0,0.0,0.0,0.0,0.0,5081.0,2.004,0.0,0.0,-107615296.0,-107615280.0,2.718429300292151e+23,0.0,0.0,0.0,0.0,53,-0.0,-0.0,0.0,0.0,0.0,0.0,0.0,0.0,0.0,0,0,0,0.0,0.0,0.0,0.0,0.0,0.0,0.0,0.0,0.0,0.0,0.0,0.0,0.0,0.0,0.0,0.0,0,-107875648.0,53,0.0,106,-107614832.0,0.0,ERR,ERR,ERR,ERR,ERR,ERR,ERR,ERR,ERR,ERR,ERR,ERR,ERR,ERR,ERR,ERR,ERR,ERR,ERR,ERR,ERR,ERR,ERR,ERR,ERR,ERR,ERR,ERR,ERR,ERR,ERR,ERR,ERR,ERR,ERR,ERR,ERR,ERR,ERR,ERR,ERR,ERR,ERR,ERR,ERR,ERR,ERR,ERR,ERR,ERR,ERR,ERR,ERR,ERR,ERR,ERR,ERR,ERR,ERR,ERR,ERR,ERR,ERR,ERR,ERR,ERR,ERR,50.0,60.0,100,0.0,0.0,0.0,0.0,0.0,0.0,0.0,0.0,0.0,0.0,0.0,0.0,0.0,0.0,0.0,0.0,61.6,74,13,65512,50,65476,0,300,0,0,8,20529,65476,0,0,26214,60.0,0.0,0.0,0.0,0.0,0.0
2026-05-17T18:15:09,ERR,ERR,ERR,ERR,ERR,ERR,ERR,ERR,ERR,ERR,ERR,ERR,ERR,ERR,ERR,ERR,ERR,ERR,ERR,ERR,ERR,ERR,ERR,ERR,ERR,ERR,ERR,ERR,ERR,ERR,ERR,ERR,ERR,ERR,ERR,ERR,ERR,ERR,ERR,ERR,ERR,ERR,ERR,ERR,ERR,ERR,ERR,ERR,ERR,ERR,ERR,ERR,ERR,ERR,ERR,ERR,ERR,ERR,ERR,ERR,ERR,ERR,ERR,ERR,ERR,ERR,ERR,ERR,ERR,ERR,ERR,ERR,ERR,ERR,ERR,ERR,ERR,ERR,ERR,ERR,ERR,ERR,ERR,ERR,ERR,ERR,ERR,ERR,ERR,ERR,ERR,ERR,ERR,ERR,ERR,ERR,ERR,ERR,ERR,ERR,ERR,ERR,ERR,ERR,ERR,ERR,ERR,ERR,ERR,ERR,ERR,ERR,ERR,ERR,ERR,ERR,ERR,ERR,ERR,ERR,ERR,ERR,ERR,ERR,ERR,-107615288.0,-107615296.0,0.0,0.0,0.0,1.3936040501711995e+18,7.805,0.0,0,0,4,0,8422,0.0,45,0.0,0.0,0.0,0.0,0.0,0,0,0,0,0.0,0,0,0,0,0,0,0,0,0,0,0,0,0,0,0,0,0,0,0,0,0,0,0,0,0,0,0,0,0,0,0,0,0,38,14,7,45,65476,0,300,0,0,8,21553,0.0,-107605600.0,0.0,0.0,0.0,0.0,0.0,0.0,0.0,0.0,0.0,0.0,0.0,0.0,0.0,0.0,0.0,0.0,0.0,0.0,0.0,0.0,0.0,0.0,-0.0,0.0,0.0,0.0,0.0,0.0,5080.0,0.0,0.0,0.0,-107615296.0,-107615280.0,2.718429300292151e+23,0.0,0.0,0.0,0.0,53,-0.0,-0.0,0.0,0.0,0.0,0.0,0.0,0.0,0.0,0,0,0,0.0,0.0,0.0,0.0,0.0,0.0,0.0,0.0,0.0,0.0,0.0,0.0,0.0,0.0,0.0,0.0,0,-107875648.0,53,0.0,106,-107614832.0,0.0,ERR,ERR,ERR,ERR,ERR,ERR,ERR,ERR,ERR,ERR,ERR,ERR,ERR,ERR,ERR,ERR,ERR,ERR,ERR,ERR,ERR,ERR,ERR,ERR,ERR,ERR,ERR,ERR,ERR,ERR,ERR,ERR,ERR,ERR,ERR,ERR,ERR,ERR,ERR,ERR,ERR,ERR,ERR,ERR,ERR,ERR,ERR,ERR,ERR,ERR,ERR,ERR,ERR,ERR,ERR,ERR,ERR,ERR,ERR,ERR,ERR,ERR,ERR,ERR,ERR,ERR,ERR,50.0,60.0,100,0.0,0.0,0.0,0.0,0.0,0.0,0.0,0.0,0.0,0.0,0.0,0.0,0.0,0.0,0.0,0.0,62.0,74,13,65512,50,65476,0,300,0,0,8,20529,65476,0,0,26214,60.0,0.0,0.0,0.0,0.0,0.0
2026-05-17T18:15:10,ERR,ERR,ERR,ERR,ERR,ERR,ERR,ERR,ERR,ERR,ERR,ERR,ERR,ERR,ERR,ERR,ERR,ERR,ERR,ERR,ERR,ERR,ERR,ERR,ERR,ERR,ERR,ERR,ERR,ERR,ERR,ERR,ERR,ERR,ERR,ERR,ERR,ERR,ERR,ERR,ERR,ERR,ERR,ERR,ERR,ERR,ERR,ERR,ERR,ERR,ERR,ERR,ERR,ERR,ERR,ERR,ERR,ERR,ERR,ERR,ERR,ERR,ERR,ERR,ERR,ERR,ERR,ERR,ERR,ERR,ERR,ERR,ERR,ERR,ERR,ERR,ERR,ERR,ERR,ERR,ERR,ERR,ERR,ERR,ERR,ERR,ERR,ERR,ERR,ERR,ERR,ERR,ERR,ERR,ERR,ERR,ERR,ERR,ERR,ERR,ERR,ERR,ERR,ERR,ERR,ERR,ERR,ERR,ERR,ERR,ERR,ERR,ERR,ERR,ERR,ERR,ERR,ERR,ERR,ERR,ERR,ERR,ERR,ERR,ERR,-107615288.0,-107615296.0,0.0,0.0,0.0,1.3936040501711995e+18,7.805,0.0,0,0,4,0,8422,0.0,45,0.0,0.0,0.0,0.0,0.0,0,0,0,0,0.0,0,0,0,0,0,0,0,0,0,0,0,0,0,0,0,0,0,0,0,0,0,0,0,0,0,0,0,0,0,0,0,0,0,38,14,7,45,65476,0,300,0,0,8,21553,0.0,-107605600.0,0.0,0.0,0.0,0.0,0.0,0.0,0.0,0.0,0.0,0.0,0.0,0.0,0.0,0.0,0.0,0.0,0.0,0.0,0.0,0.0,0.0,0.0,-0.0,0.0,0.0,0.0,0.0,0.0,5080.0,0.0,0.0,0.0,-107615296.0,-107615280.0,2.718429300292151e+23,0.0,0.0,0.0,0.0,53,-0.0,-0.0,0.0,0.0,0.0,0.0,0.0,0.0,0.0,0,0,0,0.0,0.0,0.0,0.0,0.0,0.0,0.0,0.0,0.0,0.0,0.0,0.0,0.0,0.0,0.0,0.0,0,-107875648.0,53,0.0,106,-107614832.0,0.0,ERR,ERR,ERR,ERR,ERR,ERR,ERR,ERR,ERR,ERR,ERR,ERR,ERR,ERR,ERR,ERR,ERR,ERR,ERR,ERR,ERR,ERR,ERR,ERR,ERR,ERR,ERR,ERR,ERR,ERR,ERR,ERR,ERR,ERR,ERR,ERR,ERR,ERR,ERR,ERR,ERR,ERR,ERR,ERR,ERR,ERR,ERR,ERR,ERR,ERR,ERR,ERR,ERR,ERR,ERR,ERR,ERR,ERR,ERR,ERR,ERR,ERR,ERR,ERR,ERR,ERR,ERR,50.0,60.0,100,0.0,0.0,0.0,0.0,0.0,0.0,0.0,0.0,0.0,0.0,0.0,0.0,0.0,0.0,0.0,0.0,61.6,74,13,65512,50,65476,0,300,0,0,8,20529,65476,0,0,26214,60.0,0.0,0.0,0.0,0.0,0.0
2026-05-17T18:15:11,ERR,ERR,ERR,ERR,ERR,ERR,ERR,ERR,ERR,ERR,ERR,ERR,ERR,ERR,ERR,ERR,ERR,ERR,ERR,ERR,ERR,ERR,ERR,ERR,ERR,ERR,ERR,ERR,ERR,ERR,ERR,ERR,ERR,ERR,ERR,ERR,ERR,ERR,ERR,ERR,ERR,ERR,ERR,ERR,ERR,ERR,ERR,ERR,ERR,ERR,ERR,ERR,ERR,ERR,ERR,ERR,ERR,ERR,ERR,ERR,ERR,ERR,ERR,ERR,ERR,ERR,ERR,ERR,ERR,ERR,ERR,ERR,ERR,ERR,ERR,ERR,ERR,ERR,ERR,ERR,ERR,ERR,ERR,ERR,ERR,ERR,ERR,ERR,ERR,ERR,ERR,ERR,ERR,ERR,ERR,ERR,ERR,ERR,ERR,ERR,ERR,ERR,ERR,ERR,ERR,ERR,ERR,ERR,ERR,ERR,ERR,ERR,ERR,ERR,ERR,ERR,ERR,ERR,ERR,ERR,ERR,ERR,ERR,ERR,ERR,-107615288.0,-107615296.0,0.0,0.0,0.0,1.3936040501711995e+18,7.805,0.0,0,0,4,0,8422,0.0,45,0.0,0.0,0.0,0.0,0.0,0,0,0,0,0.0,0,0,0,0,0,0,0,0,0,0,0,0,0,0,0,0,0,0,0,0,0,0,0,0,0,0,0,0,0,0,0,0,0,38,14,7,45,65476,0,300,0,0,8,21553,0.0,-107605600.0,0.0,0.0,0.0,0.0,0.0,0.0,0.0,0.0,0.0,0.0,0.0,0.0,0.0,0.0,0.0,0.0,0.0,0.0,0.0,0.0,0.0,0.0,-0.0,0.0,0.0,0.0,0.0,0.0,5080.0,0.0,0.0,0.0,-107615296.0,-107615280.0,2.718429300292151e+23,0.0,0.0,0.0,0.0,53,-0.0,-0.0,0.0,0.0,0.0,0.0,0.0,0.0,0.0,0,0,0,0.0,0.0,0.0,0.0,0.0,0.0,0.0,0.0,0.0,0.0,0.0,0.0,0.0,0.0,0.0,0.0,0,-107875648.0,53,0.0,106,-107614832.0,0.0,ERR,ERR,ERR,ERR,ERR,ERR,ERR,ERR,ERR,ERR,ERR,ERR,ERR,ERR,ERR,ERR,ERR,ERR,ERR,ERR,ERR,ERR,ERR,ERR,ERR,ERR,ERR,ERR,ERR,ERR,ERR,ERR,ERR,ERR,ERR,ERR,ERR,ERR,ERR,ERR,ERR,ERR,ERR,ERR,ERR,ERR,ERR,ERR,ERR,ERR,ERR,ERR,ERR,ERR,ERR,ERR,ERR,ERR,ERR,ERR,ERR,ERR,ERR,ERR,ERR,ERR,ERR,50.0,60.0,100,0.0,0.0,0.0,0.0,0.0,0.0,0.0,0.0,0.0,0.0,0.0,0.0,0.0,0.0,0.0,0.0,61.6,74,13,65512,50,65476,0,300,0,0,8,20529,65476,0,0,26214,60.0,0.0,0.0,0.0,0.0,0.0
2026-05-17T18:15:12,ERR,ERR,ERR,ERR,ERR,ERR,ERR,ERR,ERR,ERR,ERR,ERR,ERR,ERR,ERR,ERR,ERR,ERR,ERR,ERR,ERR,ERR,ERR,ERR,ERR,ERR,ERR,ERR,ERR,ERR,ERR,ERR,ERR,ERR,ERR,ERR,ERR,ERR,ERR,ERR,ERR,ERR,ERR,ERR,ERR,ERR,ERR,ERR,ERR,ERR,ERR,ERR,ERR,ERR,ERR,ERR,ERR,ERR,ERR,ERR,ERR,ERR,ERR,ERR,ERR,ERR,ERR,ERR,ERR,ERR,ERR,ERR,ERR,ERR,ERR,ERR,ERR,ERR,ERR,ERR,ERR,ERR,ERR,ERR,ERR,ERR,ERR,ERR,ERR,ERR,ERR,ERR,ERR,ERR,ERR,ERR,ERR,ERR,ERR,ERR,ERR,ERR,ERR,ERR,ERR,ERR,ERR,ERR,ERR,ERR,ERR,ERR,ERR,ERR,ERR,ERR,ERR,ERR,ERR,ERR,ERR,ERR,ERR,ERR,ERR,-107615288.0,-107615296.0,0.0,0.0,0.0,1.3936040501711995e+18,7.805,0.0,0,0,4,0,8422,0.0,45,0.0,0.0,0.0,0.0,0.0,0,0,0,0,0.0,0,0,0,0,0,0,0,0,0,0,0,0,0,0,0,0,0,0,0,0,0,0,0,0,0,0,0,0,0,0,0,0,0,38,14,7,45,65476,0,300,0,0,8,21553,0.0,-107605600.0,0.0,0.0,0.0,0.0,0.0,0.0,0.0,0.0,0.0,0.0,0.0,0.0,0.0,0.0,0.0,0.0,0.0,0.0,0.0,0.0,0.0,0.0,-0.0,0.0,0.0,0.0,0.0,0.0,5080.0,0.0,0.0,0.0,-107615296.0,-107615280.0,2.718429300292151e+23,0.0,0.0,0.0,0.0,53,-0.0,-0.0,0.0,0.0,0.0,0.0,0.0,0.0,0.0,0,0,0,0.0,0.0,0.0,0.0,0.0,0.0,0.0,0.0,0.0,0.0,0.0,0.0,0.0,0.0,0.0,0.0,0,-107875648.0,53,0.0,106,-107614832.0,0.0,ERR,ERR,ERR,ERR,ERR,ERR,ERR,ERR,ERR,ERR,ERR,ERR,ERR,ERR,ERR,ERR,ERR,ERR,ERR,ERR,ERR,ERR,ERR,ERR,ERR,ERR,ERR,ERR,ERR,ERR,ERR,ERR,ERR,ERR,ERR,ERR,ERR,ERR,ERR,ERR,ERR,ERR,ERR,ERR,ERR,ERR,ERR,ERR,ERR,ERR,ERR,ERR,ERR,ERR,ERR,ERR,ERR,ERR,ERR,ERR,ERR,ERR,ERR,ERR,ERR,ERR,ERR,50.0,60.0,100,0.0,0.0,0.0,0.0,0.0,0.0,0.0,0.0,0.0,0.0,0.0,0.0,0.0,0.0,0.0,0.0,61.6,74,13,65512,50,65476,0,300,0,0,8,20529,65476,0,0,26214,60.0,0.0,0.0,0.0,0.0,0.0
2026-05-17T18:15:13,ERR,ERR,ERR,ERR,ERR,ERR,ERR,ERR,ERR,ERR,ERR,ERR,ERR,ERR,ERR,ERR,ERR,ERR,ERR,ERR,ERR,ERR,ERR,ERR,ERR,ERR,ERR,ERR,ERR,ERR,ERR,ERR,ERR,ERR,ERR,ERR,ERR,ERR,ERR,ERR,ERR,ERR,ERR,ERR,ERR,ERR,ERR,ERR,ERR,ERR,ERR,ERR,ERR,ERR,ERR,ERR,ERR,ERR,ERR,ERR,ERR,ERR,ERR,ERR,ERR,ERR,ERR,ERR,ERR,ERR,ERR,ERR,ERR,ERR,ERR,ERR,ERR,ERR,ERR,ERR,ERR,ERR,ERR,ERR,ERR,ERR,ERR,ERR,ERR,ERR,ERR,ERR,ERR,ERR,ERR,ERR,ERR,ERR,ERR,ERR,ERR,ERR,ERR,ERR,ERR,ERR,ERR,ERR,ERR,ERR,ERR,ERR,ERR,ERR,ERR,ERR,ERR,ERR,ERR,ERR,ERR,ERR,ERR,ERR,ERR,-107615288.0,-107615296.0,0.0,0.0,0.0,1.3936040501711995e+18,7.805,0.0,0,0,4,0,8422,0.0,45,0.0,0.0,0.0,0.0,0.0,0,0,0,0,0.0,0,0,0,0,0,0,0,0,0,0,0,0,0,0,0,0,0,0,0,0,0,0,0,0,0,0,0,0,0,0,0,0,0,38,14,7,45,65476,0,300,0,0,8,21553,0.0,-107605600.0,0.0,0.0,0.0,0.0,0.0,0.0,0.0,0.0,0.0,0.0,0.0,0.0,0.0,0.0,0.0,0.0,0.0,0.0,0.0,0.0,0.0,0.0,-0.0,0.0,0.0,0.0,0.0,0.0,5080.0,0.0,0.0,0.0,-107615296.0,-107615280.0,2.718429300292151e+23,0.0,0.0,0.0,0.0,53,-0.0,-0.0,0.0,0.0,0.0,0.0,0.0,0.0,0.0,0,0,0,0.0,0.0,0.0,0.0,0.0,0.0,0.0,0.0,0.0,0.0,0.0,0.0,0.0,0.0,0.0,0.0,0,-107875648.0,53,0.0,106,-107614832.0,0.0,ERR,ERR,ERR,ERR,ERR,ERR,ERR,ERR,ERR,ERR,ERR,ERR,ERR,ERR,ERR,ERR,ERR,ERR,ERR,ERR,ERR,ERR,ERR,ERR,ERR,ERR,ERR,ERR,ERR,ERR,ERR,ERR,ERR,ERR,ERR,ERR,ERR,ERR,ERR,ERR,ERR,ERR,ERR,ERR,ERR,ERR,ERR,ERR,ERR,ERR,ERR,ERR,ERR,ERR,ERR,ERR,ERR,ERR,ERR,ERR,ERR,ERR,ERR,ERR,ERR,ERR,ERR,50.0,60.0,100,0.0,0.0,0.0,0.0,0.0,0.0,0.0,0.0,0.0,0.0,0.0,0.0,0.0,0.0,0.0,0.0,61.6,74,13,65512,50,65476,0,300,0,0,8,20529,65476,0,0,26214,60.0,0.0,0.0,0.0,0.0,0.0
2026-05-17T18:15:14,ERR,ERR,ERR,ERR,ERR,ERR,ERR,ERR,ERR,ERR,ERR,ERR,ERR,ERR,ERR,ERR,ERR,ERR,ERR,ERR,ERR,ERR,ERR,ERR,ERR,ERR,ERR,ERR,ERR,ERR,ERR,ERR,ERR,ERR,ERR,ERR,ERR,ERR,ERR,ERR,ERR,ERR,ERR,ERR,ERR,ERR,ERR,ERR,ERR,ERR,ERR,ERR,ERR,ERR,ERR,ERR,ERR,ERR,ERR,ERR,ERR,ERR,ERR,ERR,ERR,ERR,ERR,ERR,ERR,ERR,ERR,ERR,ERR,ERR,ERR,ERR,ERR,ERR,ERR,ERR,ERR,ERR,ERR,ERR,ERR,ERR,ERR,ERR,ERR,ERR,ERR,ERR,ERR,ERR,ERR,ERR,ERR,ERR,ERR,ERR,ERR,ERR,ERR,ERR,ERR,ERR,ERR,ERR,ERR,ERR,ERR,ERR,ERR,ERR,ERR,ERR,ERR,ERR,ERR,ERR,ERR,ERR,ERR,ERR,ERR,0.0,-107615296.0,-134474944.0,0.0,0.0,1.3936040501711995e+18,7.805,0.0,0,0,4,0,8422,0.0,45,0.0,0.0,0.0,0.0,0.0,0,0,0,0,0.0,0,0,0,0,0,0,0,0,0,0,0,0,0,0,0,0,0,0,0,0,0,0,0,0,0,0,0,0,0,0,0,0,0,38,14,7,45,65476,0,300,0,0,8,21553,0.0,-107605600.0,0.0,0.0,0.0,0.0,0.0,0.0,0.0,0.0,0.0,0.0,0.0,0.0,0.0,0.0,0.0,0.0,0.0,0.0,0.0,0.0,0.0,0.0,-0.0,0.0,0.0,0.0,0.0,0.0,5080.0,0.0,0.0,0.0,-107615296.0,-107615280.0,2.718429300292151e+23,0.0,0.0,0.0,0.0,53,-0.0,126840553472.0,0.0,0.0,0.0,0.0,0.0,0.0,0.0,0,0,0,0.0,0.0,0.0,0.0,0.0,0.0,0.0,0.0,0.0,0.0,0.0,0.0,0.0,0.0,0.0,0.0,0,-107875648.0,53,0.0,106,-107614832.0,0.0,ERR,ERR,ERR,ERR,ERR,ERR,ERR,ERR,ERR,ERR,ERR,ERR,ERR,ERR,ERR,ERR,ERR,ERR,ERR,ERR,ERR,ERR,ERR,ERR,ERR,ERR,ERR,ERR,ERR,ERR,ERR,ERR,ERR,ERR,ERR,ERR,ERR,ERR,ERR,ERR,ERR,ERR,ERR,ERR,ERR,ERR,ERR,ERR,ERR,ERR,ERR,ERR,ERR,ERR,ERR,ERR,ERR,ERR,ERR,ERR,ERR,ERR,ERR,ERR,ERR,ERR,ERR,50.0,60.0,100,0.0,0.0,0.0,0.0,0.0,0.0,0.0,0.0,0.0,0.0,0.0,0.0,0.0,0.0,0.0,0.0,61.6,74,13,65512,50,65476,0,300,0,0,8,20529,65476,0,0,26214,60.0,0.0,0.0,0.0,0.0,0.0
2026-05-17T18:15:15,ERR,ERR,ERR,ERR,ERR,ERR,ERR,ERR,ERR,ERR,ERR,ERR,ERR,ERR,ERR,ERR,ERR,ERR,ERR,ERR,ERR,ERR,ERR,ERR,ERR,ERR,ERR,ERR,ERR,ERR,ERR,ERR,ERR,ERR,ERR,ERR,ERR,ERR,ERR,ERR,ERR,ERR,ERR,ERR,ERR,ERR,ERR,ERR,ERR,ERR,ERR,ERR,ERR,ERR,ERR,ERR,ERR,ERR,ERR,ERR,ERR,ERR,ERR,ERR,ERR,ERR,ERR,ERR,ERR,ERR,ERR,ERR,ERR,ERR,ERR,ERR,ERR,ERR,ERR,ERR,ERR,ERR,ERR,ERR,ERR,ERR,ERR,ERR,ERR,ERR,ERR,ERR,ERR,ERR,ERR,ERR,ERR,ERR,ERR,ERR,ERR,ERR,ERR,ERR,ERR,ERR,ERR,ERR,ERR,ERR,ERR,ERR,ERR,ERR,ERR,ERR,ERR,ERR,ERR,ERR,ERR,ERR,ERR,ERR,ERR,0.0,-107615296.0,-134474944.0,0.0,0.0,1.3936040501711995e+18,7.805,0.0,0,0,4,0,8422,0.0,45,0.0,0.0,0.0,0.0,0.0,0,0,0,0,0.0,0,0,0,0,0,0,0,0,0,0,0,0,0,0,0,0,0,0,0,0,0,0,0,0,0,0,0,0,0,0,0,0,0,38,14,7,45,65476,0,300,0,0,8,21553,0.0,-107605600.0,0.0,0.0,0.0,0.0,0.0,0.0,0.0,0.0,0.0,0.0,0.0,0.0,0.0,0.0,0.0,0.0,0.0,0.0,0.0,0.0,0.0,0.0,-0.0,0.0,0.0,0.0,0.0,0.0,5080.0,0.0,0.0,0.0,-107615296.0,-107615280.0,2.718429300292151e+23,0.0,0.0,0.0,0.0,53,-0.0,126840553472.0,0.0,0.0,0.0,0.0,0.0,0.0,0.0,0,0,0,0.0,0.0,0.0,0.0,0.0,0.0,0.0,0.0,0.0,0.0,0.0,0.0,0.0,0.0,0.0,0.0,0,-107875648.0,53,0.0,106,-107614832.0,0.0,ERR,ERR,ERR,ERR,ERR,ERR,ERR,ERR,ERR,ERR,ERR,ERR,ERR,ERR,ERR,ERR,ERR,ERR,ERR,ERR,ERR,ERR,ERR,ERR,ERR,ERR,ERR,ERR,ERR,ERR,ERR,ERR,ERR,ERR,ERR,ERR,ERR,ERR,ERR,ERR,ERR,ERR,ERR,ERR,ERR,ERR,ERR,ERR,ERR,ERR,ERR,ERR,ERR,ERR,ERR,ERR,ERR,ERR,ERR,ERR,ERR,ERR,ERR,ERR,ERR,ERR,ERR,50.0,60.0,100,0.0,0.0,0.0,0.0,0.0,0.0,0.0,0.0,0.0,0.0,0.0,0.0,0.0,0.0,0.0,0.0,61.6,74,13,65512,50,65476,0,300,0,0,8,20529,65476,0,0,26214,60.0,0.0,0.0,0.0,0.0,0.0
2026-05-17T18:15:16,ERR,ERR,ERR,ERR,ERR,ERR,ERR,ERR,ERR,ERR,ERR,ERR,ERR,ERR,ERR,ERR,ERR,ERR,ERR,ERR,ERR,ERR,ERR,ERR,ERR,ERR,ERR,ERR,ERR,ERR,ERR,ERR,ERR,ERR,ERR,ERR,ERR,ERR,ERR,ERR,ERR,ERR,ERR,ERR,ERR,ERR,ERR,ERR,ERR,ERR,ERR,ERR,ERR,ERR,ERR,ERR,ERR,ERR,ERR,ERR,ERR,ERR,ERR,ERR,ERR,ERR,ERR,ERR,ERR,ERR,ERR,ERR,ERR,ERR,ERR,ERR,ERR,ERR,ERR,ERR,ERR,ERR,ERR,ERR,ERR,ERR,ERR,ERR,ERR,ERR,ERR,ERR,ERR,ERR,ERR,ERR,ERR,ERR,ERR,ERR,ERR,ERR,ERR,ERR,ERR,ERR,ERR,ERR,ERR,ERR,ERR,ERR,ERR,ERR,ERR,ERR,ERR,ERR,ERR,ERR,ERR,ERR,ERR,ERR,ERR,0.0,-107615296.0,-134474944.0,0.0,0.0,1.3936040501711995e+18,7.805,0.0,0,0,4,0,8422,0.0,45,0.0,0.0,0.0,0.0,0.0,0,0,0,0,0.0,0,0,0,0,0,0,0,0,0,0,0,0,0,0,0,0,0,0,0,0,0,0,0,0,0,0,0,0,0,0,0,0,0,38,14,7,45,65476,0,300,0,0,8,21553,0.0,-107605600.0,0.0,0.0,0.0,0.0,0.0,0.0,0.0,0.0,0.0,0.0,0.0,0.0,0.0,0.0,0.0,0.0,0.0,0.0,0.0,0.0,0.0,0.0,-0.0,0.0,0.0,0.0,0.0,0.0,5080.0,0.0,0.0,0.0,-107615296.0,-107615280.0,2.718429300292151e+23,0.0,0.0,0.0,0.0,53,-0.0,126840553472.0,0.0,0.0,0.0,0.0,0.0,0.0,0.0,0,0,0,0.0,0.0,0.0,0.0,0.0,0.0,0.0,0.0,0.0,0.0,0.0,0.0,0.0,0.0,0.0,0.0,0,-107875648.0,53,0.0,106,-107614832.0,0.0,ERR,ERR,ERR,ERR,ERR,ERR,ERR,ERR,ERR,ERR,ERR,ERR,ERR,ERR,ERR,ERR,ERR,ERR,ERR,ERR,ERR,ERR,ERR,ERR,ERR,ERR,ERR,ERR,ERR,ERR,ERR,ERR,ERR,ERR,ERR,ERR,ERR,ERR,ERR,ERR,ERR,ERR,ERR,ERR,ERR,ERR,ERR,ERR,ERR,ERR,ERR,ERR,ERR,ERR,ERR,ERR,ERR,ERR,ERR,ERR,ERR,ERR,ERR,ERR,ERR,ERR,ERR,50.0,60.0,100,0.0,0.0,0.0,0.0,0.0,0.0,0.0,0.0,0.0,0.0,0.0,0.0,0.0,0.0,0.0,0.0,61.6,74,13,65512,50,65476,0,300,0,0,8,20529,65476,0,0,26214,60.0,0.0,0.0,0.0,0.0,0.0
2026-05-17T18:15:17,ERR,ERR,ERR,ERR,ERR,ERR,ERR,ERR,ERR,ERR,ERR,ERR,ERR,ERR,ERR,ERR,ERR,ERR,ERR,ERR,ERR,ERR,ERR,ERR,ERR,ERR,ERR,ERR,ERR,ERR,ERR,ERR,ERR,ERR,ERR,ERR,ERR,ERR,ERR,ERR,ERR,ERR,ERR,ERR,ERR,ERR,ERR,ERR,ERR,ERR,ERR,ERR,ERR,ERR,ERR,ERR,ERR,ERR,ERR,ERR,ERR,ERR,ERR,ERR,ERR,ERR,ERR,ERR,ERR,ERR,ERR,ERR,ERR,ERR,ERR,ERR,ERR,ERR,ERR,ERR,ERR,ERR,ERR,ERR,ERR,ERR,ERR,ERR,ERR,ERR,ERR,ERR,ERR,ERR,ERR,ERR,ERR,ERR,ERR,ERR,ERR,ERR,ERR,ERR,ERR,ERR,ERR,ERR,ERR,ERR,ERR,ERR,ERR,ERR,ERR,ERR,ERR,ERR,ERR,ERR,ERR,ERR,ERR,ERR,ERR,0.0,-107615296.0,-134474944.0,0.0,0.0,1.3936040501711995e+18,7.805,0.0,0,0,4,0,8422,0.0,45,0.0,0.0,0.0,0.0,0.0,0,0,0,0,0.0,0,0,0,0,0,0,0,0,0,0,0,0,0,0,0,0,0,0,0,0,0,0,0,0,0,0,0,0,0,0,0,0,0,38,14,7,45,65476,0,300,0,0,8,21553,0.0,-107605600.0,0.0,0.0,0.0,0.0,0.0,0.0,0.0,0.0,0.0,0.0,0.0,0.0,0.0,0.0,0.0,0.0,0.0,0.0,0.0,0.0,0.0,0.0,-0.0,0.0,0.0,0.0,0.0,0.0,5080.0,0.0,0.0,0.0,-107615296.0,-107615280.0,2.718429300292151e+23,0.0,0.0,0.0,0.0,53,-0.0,126840553472.0,0.0,0.0,0.0,0.0,0.0,0.0,0.0,0,0,0,0.0,0.0,0.0,0.0,0.0,0.0,0.0,0.0,0.0,0.0,0.0,0.0,0.0,0.0,0.0,0.0,0,-107875648.0,53,0.0,106,-107614832.0,0.0,ERR,ERR,ERR,ERR,ERR,ERR,ERR,ERR,ERR,ERR,ERR,ERR,ERR,ERR,ERR,ERR,ERR,ERR,ERR,ERR,ERR,ERR,ERR,ERR,ERR,ERR,ERR,ERR,ERR,ERR,ERR,ERR,ERR,ERR,ERR,ERR,ERR,ERR,ERR,ERR,ERR,ERR,ERR,ERR,ERR,ERR,ERR,ERR,ERR,ERR,ERR,ERR,ERR,ERR,ERR,ERR,ERR,ERR,ERR,ERR,ERR,ERR,ERR,ERR,ERR,ERR,ERR,50.0,60.0,100,0.0,0.0,0.0,0.0,0.0,0.0,0.0,0.0,0.0,0.0,0.0,0.0,0.0,0.0,0.0,0.0,61.6,74,13,65512,50,65476,0,300,0,0,8,20529,65476,0,0,26214,60.0,0.0,0.0,0.0,0.0,0.0
2026-05-17T18:15:18,ERR,ERR,ERR,ERR,ERR,ERR,ERR,ERR,ERR,ERR,ERR,ERR,ERR,ERR,ERR,ERR,ERR,ERR,ERR,ERR,ERR,ERR,ERR,ERR,ERR,ERR,ERR,ERR,ERR,ERR,ERR,ERR,ERR,ERR,ERR,ERR,ERR,ERR,ERR,ERR,ERR,ERR,ERR,ERR,ERR,ERR,ERR,ERR,ERR,ERR,ERR,ERR,ERR,ERR,ERR,ERR,ERR,ERR,ERR,ERR,ERR,ERR,ERR,ERR,ERR,ERR,ERR,ERR,ERR,ERR,ERR,ERR,ERR,ERR,ERR,ERR,ERR,ERR,ERR,ERR,ERR,ERR,ERR,ERR,ERR,ERR,ERR,ERR,ERR,ERR,ERR,ERR,ERR,ERR,ERR,ERR,ERR,ERR,ERR,ERR,ERR,ERR,ERR,ERR,ERR,ERR,ERR,ERR,ERR,ERR,ERR,ERR,ERR,ERR,ERR,ERR,ERR,ERR,ERR,ERR,ERR,ERR,ERR,ERR,ERR,0.0,-107615296.0,-134474944.0,0.0,0.0,1.3936040501711995e+18,7.805,0.0,0,0,4,0,8422,0.0,45,0.0,0.0,0.0,0.0,0.0,0,0,0,0,0.0,0,0,0,0,0,0,0,0,0,0,0,0,0,0,0,0,0,0,0,0,0,0,0,0,0,0,0,0,0,0,0,0,0,38,14,7,45,65476,0,300,0,0,8,21553,0.0,-107605600.0,0.0,0.0,0.0,0.0,0.0,0.0,0.0,0.0,0.0,0.0,0.0,0.0,0.0,0.0,0.0,0.0,0.0,0.0,0.0,0.0,0.0,0.0,-0.0,0.0,0.0,0.0,0.0,0.0,5080.0,0.0,0.0,0.0,-107615296.0,-107615280.0,2.718429300292151e+23,0.0,0.0,0.0,0.0,53,-0.0,126840553472.0,0.0,0.0,0.0,0.0,0.0,0.0,0.0,0,0,0,0.0,0.0,0.0,0.0,0.0,0.0,0.0,0.0,0.0,0.0,0.0,0.0,0.0,0.0,0.0,0.0,0,-107875648.0,53,0.0,106,-107614832.0,0.0,ERR,ERR,ERR,ERR,ERR,ERR,ERR,ERR,ERR,ERR,ERR,ERR,ERR,ERR,ERR,ERR,ERR,ERR,ERR,ERR,ERR,ERR,ERR,ERR,ERR,ERR,ERR,ERR,ERR,ERR,ERR,ERR,ERR,ERR,ERR,ERR,ERR,ERR,ERR,ERR,ERR,ERR,ERR,ERR,ERR,ERR,ERR,ERR,ERR,ERR,ERR,ERR,ERR,ERR,ERR,ERR,ERR,ERR,ERR,ERR,ERR,ERR,ERR,ERR,ERR,ERR,ERR,50.0,60.0,100,0.0,0.0,0.0,0.0,0.0,0.0,0.0,0.0,0.0,0.0,0.0,0.0,0.0,0.0,0.0,0.0,61.6,74,13,65512,50,65476,0,300,0,0,8,20529,65476,0,0,26214,60.0,0.0,0.0,0.0,0.0,0.0
2026-05-17T18:15:19,ERR,ERR,ERR,ERR,ERR,ERR,ERR,ERR,ERR,ERR,ERR,ERR,ERR,ERR,ERR,ERR,ERR,ERR,ERR,ERR,ERR,ERR,ERR,ERR,ERR,ERR,ERR,ERR,ERR,ERR,ERR,ERR,ERR,ERR,ERR,ERR,ERR,ERR,ERR,ERR,ERR,ERR,ERR,ERR,ERR,ERR,ERR,ERR,ERR,ERR,ERR,ERR,ERR,ERR,ERR,ERR,ERR,ERR,ERR,ERR,ERR,ERR,ERR,ERR,ERR,ERR,ERR,ERR,ERR,ERR,ERR,ERR,ERR,ERR,ERR,ERR,ERR,ERR,ERR,ERR,ERR,ERR,ERR,ERR,ERR,ERR,ERR,ERR,ERR,ERR,ERR,ERR,ERR,ERR,ERR,ERR,ERR,ERR,ERR,ERR,ERR,ERR,ERR,ERR,ERR,ERR,ERR,ERR,ERR,ERR,ERR,ERR,ERR,ERR,ERR,ERR,ERR,ERR,ERR,ERR,ERR,ERR,ERR,ERR,ERR,0.0,-107615296.0,-134474944.0,0.0,0.0,1.3936040501711995e+18,7.805,0.0,0,0,4,0,8422,0.0,45,0.0,0.0,0.0,0.0,0.0,0,0,0,0,0.0,0,0,0,0,0,0,0,0,0,0,0,0,0,0,0,0,0,0,0,0,0,0,0,0,0,0,0,0,0,0,0,0,0,38,14,7,45,65476,0,300,0,0,8,21553,0.0,-107605600.0,0.0,0.0,0.0,0.0,0.0,0.0,0.0,0.0,0.0,0.0,0.0,0.0,0.0,0.0,0.0,0.0,0.0,0.0,0.0,0.0,0.0,0.0,-0.0,0.0,0.0,0.0,0.0,0.0,5080.0,0.0,0.0,0.0,-107615296.0,-107615280.0,2.718429300292151e+23,0.0,0.0,0.0,0.0,53,-0.0,4.066854413593191e+29,0.0,0.0,0.0,0.0,0.0,0.0,0.0,0,0,0,0.0,0.0,0.0,0.0,0.0,0.0,0.0,0.0,0.0,0.0,0.0,0.0,0.0,0.0,0.0,0.0,0,-107875648.0,53,0.0,106,-107614832.0,0.0,ERR,ERR,ERR,ERR,ERR,ERR,ERR,ERR,ERR,ERR,ERR,ERR,ERR,ERR,ERR,ERR,ERR,ERR,ERR,ERR,ERR,ERR,ERR,ERR,ERR,ERR,ERR,ERR,ERR,ERR,ERR,ERR,ERR,ERR,ERR,ERR,ERR,ERR,ERR,ERR,ERR,ERR,ERR,ERR,ERR,ERR,ERR,ERR,ERR,ERR,ERR,ERR,ERR,ERR,ERR,ERR,ERR,ERR,ERR,ERR,ERR,ERR,ERR,ERR,ERR,ERR,ERR,50.0,60.0,100,0.0,0.0,0.0,0.0,0.0,0.0,0.0,0.0,0.0,0.0,0.0,0.0,0.0,0.0,0.0,0.0,61.6,74,13,65512,50,65476,0,300,0,0,8,20529,65476,0,0,26214,60.0,0.0,0.0,0.0,0.0,0.0
2026-05-17T18:15:20,ERR,ERR,ERR,ERR,ERR,ERR,ERR,ERR,ERR,ERR,ERR,ERR,ERR,ERR,ERR,ERR,ERR,ERR,ERR,ERR,ERR,ERR,ERR,ERR,ERR,ERR,ERR,ERR,ERR,ERR,ERR,ERR,ERR,ERR,ERR,ERR,ERR,ERR,ERR,ERR,ERR,ERR,ERR,ERR,ERR,ERR,ERR,ERR,ERR,ERR,ERR,ERR,ERR,ERR,ERR,ERR,ERR,ERR,ERR,ERR,ERR,ERR,ERR,ERR,ERR,ERR,ERR,ERR,ERR,ERR,ERR,ERR,ERR,ERR,ERR,ERR,ERR,ERR,ERR,ERR,ERR,ERR,ERR,ERR,ERR,ERR,ERR,ERR,ERR,ERR,ERR,ERR,ERR,ERR,ERR,ERR,ERR,ERR,ERR,ERR,ERR,ERR,ERR,ERR,ERR,ERR,ERR,ERR,ERR,ERR,ERR,ERR,ERR,ERR,ERR,ERR,ERR,ERR,ERR,ERR,ERR,ERR,ERR,ERR,ERR,0.0,-107615296.0,-134474944.0,0.0,0.0,1.3936040501711995e+18,7.805,0.0,0,0,4,0,8422,0.0,45,0.0,0.0,0.0,0.0,0.0,0,0,0,0,0.0,0,0,0,0,0,0,0,0,0,0,0,0,0,0,0,0,0,0,0,0,0,0,0,0,0,0,0,0,0,0,0,0,0,38,14,7,45,65476,0,300,0,0,8,21553,0.0,-107605600.0,0.0,0.0,0.0,0.0,0.0,0.0,0.0,0.0,0.0,0.0,0.0,0.0,0.0,0.0,0.0,0.0,0.0,0.0,0.0,0.0,0.0,0.0,-0.0,0.0,0.0,0.0,0.0,0.0,5080.0,0.0,0.0,0.0,-107615296.0,-107615280.0,2.718429300292151e+23,0.0,0.0,0.0,0.0,53,-0.0,4.066854413593191e+29,0.0,0.0,0.0,0.0,0.0,0.0,0.0,0,0,0,0.0,0.0,0.0,0.0,0.0,0.0,0.0,0.0,0.0,0.0,0.0,0.0,0.0,0.0,0.0,0.0,0,-107875648.0,53,0.0,106,-107614832.0,0.0,ERR,ERR,ERR,ERR,ERR,ERR,ERR,ERR,ERR,ERR,ERR,ERR,ERR,ERR,ERR,ERR,ERR,ERR,ERR,ERR,ERR,ERR,ERR,ERR,ERR,ERR,ERR,ERR,ERR,ERR,ERR,ERR,ERR,ERR,ERR,ERR,ERR,ERR,ERR,ERR,ERR,ERR,ERR,ERR,ERR,ERR,ERR,ERR,ERR,ERR,ERR,ERR,ERR,ERR,ERR,ERR,ERR,ERR,ERR,ERR,ERR,ERR,ERR,ERR,ERR,ERR,ERR,50.0,60.0,100,0.0,0.0,0.0,0.0,0.0,0.0,0.0,0.0,0.0,0.0,0.0,0.0,0.0,0.0,0.0,0.0,61.6,74,13,65512,50,65476,0,300,0,0,8,20529,65476,0,0,26214,60.0,0.0,0.0,0.0,0.0,0.0
2026-05-17T18:15:21,ERR,ERR,ERR,ERR,ERR,ERR,ERR,ERR,ERR,ERR,ERR,ERR,ERR,ERR,ERR,ERR,ERR,ERR,ERR,ERR,ERR,ERR,ERR,ERR,ERR,ERR,ERR,ERR,ERR,ERR,ERR,ERR,ERR,ERR,ERR,ERR,ERR,ERR,ERR,ERR,ERR,ERR,ERR,ERR,ERR,ERR,ERR,ERR,ERR,ERR,ERR,ERR,ERR,ERR,ERR,ERR,ERR,ERR,ERR,ERR,ERR,ERR,ERR,ERR,ERR,ERR,ERR,ERR,ERR,ERR,ERR,ERR,ERR,ERR,ERR,ERR,ERR,ERR,ERR,ERR,ERR,ERR,ERR,ERR,ERR,ERR,ERR,ERR,ERR,ERR,ERR,ERR,ERR,ERR,ERR,ERR,ERR,ERR,ERR,ERR,ERR,ERR,ERR,ERR,ERR,ERR,ERR,ERR,ERR,ERR,ERR,ERR,ERR,ERR,ERR,ERR,ERR,ERR,ERR,ERR,ERR,ERR,ERR,ERR,ERR,0.0,-107615296.0,-134474944.0,0.0,0.0,1.3936040501711995e+18,7.805,0.0,0,0,4,0,8422,0.0,45,0.0,0.0,0.0,0.0,0.0,0,0,0,0,0.0,0,0,0,0,0,0,0,0,0,0,0,0,0,0,0,0,0,0,0,0,0,0,0,0,0,0,0,0,0,0,0,0,0,38,14,7,45,65476,0,300,0,0,8,21553,0.0,-107605600.0,0.0,0.0,0.0,0.0,0.0,0.0,0.0,0.0,0.0,0.0,0.0,0.0,0.0,0.0,0.0,0.0,0.0,0.0,0.0,0.0,0.0,0.0,-0.0,0.0,0.0,0.0,0.0,0.0,5080.0,0.0,0.0,0.0,-107615296.0,-107615280.0,2.718429300292151e+23,0.0,0.0,0.0,0.0,53,-0.0,4.066854413593191e+29,0.0,0.0,0.0,0.0,0.0,0.0,0.0,0,0,0,0.0,0.0,0.0,0.0,0.0,0.0,0.0,0.0,0.0,0.0,0.0,0.0,0.0,0.0,0.0,0.0,0,-107875648.0,53,0.0,106,-107614832.0,0.0,ERR,ERR,ERR,ERR,ERR,ERR,ERR,ERR,ERR,ERR,ERR,ERR,ERR,ERR,ERR,ERR,ERR,ERR,ERR,ERR,ERR,ERR,ERR,ERR,ERR,ERR,ERR,ERR,ERR,ERR,ERR,ERR,ERR,ERR,ERR,ERR,ERR,ERR,ERR,ERR,ERR,ERR,ERR,ERR,ERR,ERR,ERR,ERR,ERR,ERR,ERR,ERR,ERR,ERR,ERR,ERR,ERR,ERR,ERR,ERR,ERR,ERR,ERR,ERR,ERR,ERR,ERR,50.0,60.0,100,0.0,0.0,0.0,0.0,0.0,0.0,0.0,0.0,0.0,0.0,0.0,0.0,0.0,0.0,0.0,0.0,61.6,74,13,65512,50,65476,0,300,0,0,8,20529,65476,0,0,26214,60.0,0.0,0.0,0.0,0.0,0.0
2026-05-17T18:15:22,ERR,ERR,ERR,ERR,ERR,ERR,ERR,ERR,ERR,ERR,ERR,ERR,ERR,ERR,ERR,ERR,ERR,ERR,ERR,ERR,ERR,ERR,ERR,ERR,ERR,ERR,ERR,ERR,ERR,ERR,ERR,ERR,ERR,ERR,ERR,ERR,ERR,ERR,ERR,ERR,ERR,ERR,ERR,ERR,ERR,ERR,ERR,ERR,ERR,ERR,ERR,ERR,ERR,ERR,ERR,ERR,ERR,ERR,ERR,ERR,ERR,ERR,ERR,ERR,ERR,ERR,ERR,ERR,ERR,ERR,ERR,ERR,ERR,ERR,ERR,ERR,ERR,ERR,ERR,ERR,ERR,ERR,ERR,ERR,ERR,ERR,ERR,ERR,ERR,ERR,ERR,ERR,ERR,ERR,ERR,ERR,ERR,ERR,ERR,ERR,ERR,ERR,ERR,ERR,ERR,ERR,ERR,ERR,ERR,ERR,ERR,ERR,ERR,ERR,ERR,ERR,ERR,ERR,ERR,ERR,ERR,ERR,ERR,ERR,ERR,0.0,-107615296.0,-134474944.0,0.0,0.0,1.3936040501711995e+18,7.805,0.0,0,0,4,0,8422,0.0,45,0.0,0.0,0.0,0.0,0.0,0,0,0,0,0.0,0,0,0,0,0,0,0,0,0,0,0,0,0,0,0,0,0,0,0,0,0,0,0,0,0,0,0,0,0,0,0,0,0,38,14,7,45,65476,0,300,0,0,8,21553,0.0,-107605600.0,0.0,0.0,0.0,0.0,0.0,0.0,0.0,0.0,0.0,0.0,0.0,0.0,0.0,0.0,0.0,0.0,0.0,0.0,0.0,0.0,0.0,0.0,-0.0,0.0,0.0,0.0,0.0,0.0,5080.0,0.0,0.0,0.0,-107615296.0,-107615280.0,2.718429300292151e+23,0.0,0.0,0.0,0.0,53,-0.0,4.066854413593191e+29,0.0,0.0,0.0,0.0,0.0,0.0,0.0,0,0,0,0.0,0.0,0.0,0.0,0.0,0.0,0.0,0.0,0.0,0.0,0.0,0.0,0.0,0.0,0.0,0.0,0,-107875648.0,53,0.0,106,-107614832.0,0.0,ERR,ERR,ERR,ERR,ERR,ERR,ERR,ERR,ERR,ERR,ERR,ERR,ERR,ERR,ERR,ERR,ERR,ERR,ERR,ERR,ERR,ERR,ERR,ERR,ERR,ERR,ERR,ERR,ERR,ERR,ERR,ERR,ERR,ERR,ERR,ERR,ERR,ERR,ERR,ERR,ERR,ERR,ERR,ERR,ERR,ERR,ERR,ERR,ERR,ERR,ERR,ERR,ERR,ERR,ERR,ERR,ERR,ERR,ERR,ERR,ERR,ERR,ERR,ERR,ERR,ERR,ERR,50.0,60.0,100,0.0,0.0,0.0,0.0,0.0,0.0,0.0,0.0,0.0,0.0,0.0,0.0,0.0,0.0,0.0,0.0,61.6,74,13,65512,50,65476,0,300,0,0,8,20529,65476,0,0,26214,60.0,0.0,0.0,0.0,0.0,0.0
2026-05-17T18:15:23,ERR,ERR,ERR,ERR,ERR,ERR,ERR,ERR,ERR,ERR,ERR,ERR,ERR,ERR,ERR,ERR,ERR,ERR,ERR,ERR,ERR,ERR,ERR,ERR,ERR,ERR,ERR,ERR,ERR,ERR,ERR,ERR,ERR,ERR,ERR,ERR,ERR,ERR,ERR,ERR,ERR,ERR,ERR,ERR,ERR,ERR,ERR,ERR,ERR,ERR,ERR,ERR,ERR,ERR,ERR,ERR,ERR,ERR,ERR,ERR,ERR,ERR,ERR,ERR,ERR,ERR,ERR,ERR,ERR,ERR,ERR,ERR,ERR,ERR,ERR,ERR,ERR,ERR,ERR,ERR,ERR,ERR,ERR,ERR,ERR,ERR,ERR,ERR,ERR,ERR,ERR,ERR,ERR,ERR,ERR,ERR,ERR,ERR,ERR,ERR,ERR,ERR,ERR,ERR,ERR,ERR,ERR,ERR,ERR,ERR,ERR,ERR,ERR,ERR,ERR,ERR,ERR,ERR,ERR,ERR,ERR,ERR,ERR,ERR,ERR,0.0,-107615296.0,-134474944.0,0.0,0.0,1.3936040501711995e+18,7.805,0.0,0,0,4,0,8422,0.0,45,0.0,0.0,0.0,0.0,0.0,0,0,0,0,0.0,0,0,0,0,0,0,0,0,0,0,0,0,0,0,0,0,0,0,0,0,0,0,0,0,0,0,0,0,0,0,0,0,0,38,14,7,45,65476,0,300,0,0,8,21553,0.0,-107605600.0,0.0,0.0,0.0,0.0,0.0,0.0,0.0,0.0,0.0,0.0,0.0,0.0,0.0,0.0,0.0,0.0,0.0,0.0,0.0,0.0,0.0,0.0,-0.0,0.0,0.0,0.0,0.0,0.0,5080.0,0.0,0.0,0.0,-107615296.0,-107615280.0,2.718429300292151e+23,0.0,0.0,0.0,0.0,53,-0.0,4.066854413593191e+29,0.0,0.0,0.0,0.0,0.0,0.0,0.0,0,0,0,0.0,0.0,0.0,0.0,0.0,0.0,0.0,0.0,0.0,0.0,0.0,0.0,0.0,0.0,0.0,0.0,0,-107875648.0,53,0.0,106,-107614832.0,0.0,ERR,ERR,ERR,ERR,ERR,ERR,ERR,ERR,ERR,ERR,ERR,ERR,ERR,ERR,ERR,ERR,ERR,ERR,ERR,ERR,ERR,ERR,ERR,ERR,ERR,ERR,ERR,ERR,ERR,ERR,ERR,ERR,ERR,ERR,ERR,ERR,ERR,ERR,ERR,ERR,ERR,ERR,ERR,ERR,ERR,ERR,ERR,ERR,ERR,ERR,ERR,ERR,ERR,ERR,ERR,ERR,ERR,ERR,ERR,ERR,ERR,ERR,ERR,ERR,ERR,ERR,ERR,50.0,60.0,100,0.0,0.0,0.0,0.0,0.0,0.0,0.0,0.0,0.0,0.0,0.0,0.0,0.0,0.0,0.0,0.0,62.0,74,13,65512,50,65476,0,300,0,0,8,20529,65476,0,0,26214,60.0,0.0,0.0,0.0,0.0,0.0
2026-05-17T18:15:24,ERR,ERR,ERR,ERR,ERR,ERR,ERR,ERR,ERR,ERR,ERR,ERR,ERR,ERR,ERR,ERR,ERR,ERR,ERR,ERR,ERR,ERR,ERR,ERR,ERR,ERR,ERR,ERR,ERR,ERR,ERR,ERR,ERR,ERR,ERR,ERR,ERR,ERR,ERR,ERR,ERR,ERR,ERR,ERR,ERR,ERR,ERR,ERR,ERR,ERR,ERR,ERR,ERR,ERR,ERR,ERR,ERR,ERR,ERR,ERR,ERR,ERR,ERR,ERR,ERR,ERR,ERR,ERR,ERR,ERR,ERR,ERR,ERR,ERR,ERR,ERR,ERR,ERR,ERR,ERR,ERR,ERR,ERR,ERR,ERR,ERR,ERR,ERR,ERR,ERR,ERR,ERR,ERR,ERR,ERR,ERR,ERR,ERR,ERR,ERR,ERR,ERR,ERR,ERR,ERR,ERR,ERR,ERR,ERR,ERR,ERR,ERR,ERR,ERR,ERR,ERR,ERR,ERR,ERR,ERR,ERR,ERR,ERR,ERR,ERR,0.0,-107615296.0,-134474944.0,0.0,0.0,1.3936040501711995e+18,7.805,0.0,0,0,4,0,8422,0.0,45,0.0,0.0,0.0,0.0,0.0,0,0,0,0,0.0,0,0,0,0,0,0,0,0,0,0,0,0,0,0,0,0,0,0,0,0,0,0,0,0,0,0,0,0,0,0,0,0,0,38,14,7,45,65476,0,300,0,0,8,21553,0.0,-107605600.0,0.0,0.0,0.0,0.0,0.0,0.0,0.0,0.0,0.0,0.0,0.0,0.0,0.0,0.0,0.0,0.0,0.0,0.0,0.0,0.0,-2.004,0.0,-0.0,0.0,0.0,0.0,0.0,0.0,5050.0,-564145900486656.0,0.0,0.0,-107615296.0,-107615280.0,2.718429300292151e+23,0.0,0.0,0.0,0.0,53,-0.0,-2.308828227263571e+20,0.0,0.0,0.0,0.0,0.0,0.0,0.0,0,0,0,0.0,0.0,0.0,0.0,0.0,0.0,0.0,0.0,0.0,0.0,0.0,0.0,0.0,0.0,0.0,0.0,0,-107875648.0,53,0.0,106,-107614832.0,0.0,ERR,ERR,ERR,ERR,ERR,ERR,ERR,ERR,ERR,ERR,ERR,ERR,ERR,ERR,ERR,ERR,ERR,ERR,ERR,ERR,ERR,ERR,ERR,ERR,ERR,ERR,ERR,ERR,ERR,ERR,ERR,ERR,ERR,ERR,ERR,ERR,ERR,ERR,ERR,ERR,ERR,ERR,ERR,ERR,ERR,ERR,ERR,ERR,ERR,ERR,ERR,ERR,ERR,ERR,ERR,ERR,ERR,ERR,ERR,ERR,ERR,ERR,ERR,ERR,ERR,ERR,ERR,50.0,60.0,100,0.0,0.0,0.0,0.0,0.0,0.0,0.0,0.0,0.0,0.0,0.0,0.0,0.0,0.0,0.0,0.0,61.6,74,13,65512,50,65476,0,300,0,0,8,20529,65476,0,0,26214,60.0,0.0,0.0,0.0,0.0,0.0
2026-05-17T18:15:25,ERR,ERR,ERR,ERR,ERR,ERR,ERR,ERR,ERR,ERR,ERR,ERR,ERR,ERR,ERR,ERR,ERR,ERR,ERR,ERR,ERR,ERR,ERR,ERR,ERR,ERR,ERR,ERR,ERR,ERR,ERR,ERR,ERR,ERR,ERR,ERR,ERR,ERR,ERR,ERR,ERR,ERR,ERR,ERR,ERR,ERR,ERR,ERR,ERR,ERR,ERR,ERR,ERR,ERR,ERR,ERR,ERR,ERR,ERR,ERR,ERR,ERR,ERR,ERR,ERR,ERR,ERR,ERR,ERR,ERR,ERR,ERR,ERR,ERR,ERR,ERR,ERR,ERR,ERR,ERR,ERR,ERR,ERR,ERR,ERR,ERR,ERR,ERR,ERR,ERR,ERR,ERR,ERR,ERR,ERR,ERR,ERR,ERR,ERR,ERR,ERR,ERR,ERR,ERR,ERR,ERR,ERR,ERR,ERR,ERR,ERR,ERR,ERR,ERR,ERR,ERR,ERR,ERR,ERR,ERR,ERR,ERR,ERR,ERR,ERR,0.0,-107615296.0,-134474944.0,0.0,0.0,1.3936040501711995e+18,7.805,0.0,0,0,4,0,8422,0.0,45,0.0,0.0,0.0,0.0,0.0,0,0,0,0,0.0,0,0,0,0,0,0,0,0,0,0,0,0,0,0,0,0,0,0,0,0,0,0,0,0,0,0,0,0,0,0,0,0,0,38,14,7,45,65476,0,300,0,0,8,21553,0.0,-107605600.0,0.0,0.0,0.0,0.0,0.0,0.0,0.0,0.0,0.0,0.0,0.0,0.0,0.0,0.0,0.0,0.0,0.0,0.0,0.0,0.0,-2.004,0.0,-0.0,0.0,0.0,0.0,0.0,0.0,5050.0,-564145900486656.0,0.0,0.0,-107615296.0,-107615280.0,2.718429300292151e+23,0.0,0.0,0.0,0.0,53,-0.0,-2.308828227263571e+20,0.0,0.0,0.0,0.0,0.0,0.0,0.0,0,0,0,0.0,0.0,0.0,0.0,0.0,0.0,0.0,0.0,0.0,0.0,0.0,0.0,0.0,0.0,0.0,0.0,0,-107875648.0,53,0.0,106,-107614832.0,0.0,ERR,ERR,ERR,ERR,ERR,ERR,ERR,ERR,ERR,ERR,ERR,ERR,ERR,ERR,ERR,ERR,ERR,ERR,ERR,ERR,ERR,ERR,ERR,ERR,ERR,ERR,ERR,ERR,ERR,ERR,ERR,ERR,ERR,ERR,ERR,ERR,ERR,ERR,ERR,ERR,ERR,ERR,ERR,ERR,ERR,ERR,ERR,ERR,ERR,ERR,ERR,ERR,ERR,ERR,ERR,ERR,ERR,ERR,ERR,ERR,ERR,ERR,ERR,ERR,ERR,ERR,ERR,50.0,60.0,100,0.0,0.0,0.0,0.0,0.0,0.0,0.0,0.0,0.0,0.0,0.0,0.0,0.0,0.0,0.0,0.0,61.6,74,13,65512,50,65476,0,300,0,0,8,20529,65476,0,0,26214,60.0,0.0,0.0,0.0,0.0,0.0
2026-05-17T18:15:26,ERR,ERR,ERR,ERR,ERR,ERR,ERR,ERR,ERR,ERR,ERR,ERR,ERR,ERR,ERR,ERR,ERR,ERR,ERR,ERR,ERR,ERR,ERR,ERR,ERR,ERR,ERR,ERR,ERR,ERR,ERR,ERR,ERR,ERR,ERR,ERR,ERR,ERR,ERR,ERR,ERR,ERR,ERR,ERR,ERR,ERR,ERR,ERR,ERR,ERR,ERR,ERR,ERR,ERR,ERR,ERR,ERR,ERR,ERR,ERR,ERR,ERR,ERR,ERR,ERR,ERR,ERR,ERR,ERR,ERR,ERR,ERR,ERR,ERR,ERR,ERR,ERR,ERR,ERR,ERR,ERR,ERR,ERR,ERR,ERR,ERR,ERR,ERR,ERR,ERR,ERR,ERR,ERR,ERR,ERR,ERR,ERR,ERR,ERR,ERR,ERR,ERR,ERR,ERR,ERR,ERR,ERR,ERR,ERR,ERR,ERR,ERR,ERR,ERR,ERR,ERR,ERR,ERR,ERR,ERR,ERR,ERR,ERR,ERR,ERR,0.0,-107615296.0,-134474944.0,0.0,0.0,1.3936040501711995e+18,7.805,0.0,0,0,4,0,8422,0.0,45,0.0,0.0,0.0,0.0,0.0,0,0,0,0,0.0,0,0,0,0,0,0,0,0,0,0,0,0,0,0,0,0,0,0,0,0,0,0,0,0,0,0,0,0,0,0,0,0,0,38,14,7,45,65476,0,300,0,0,8,21553,0.0,-107605600.0,0.0,0.0,0.0,0.0,0.0,0.0,0.0,0.0,0.0,0.0,0.0,0.0,0.0,0.0,0.0,0.0,0.0,0.0,0.0,0.0,-2.004,0.0,-0.0,0.0,0.0,0.0,0.0,0.0,5050.0,-564145900486656.0,0.0,0.0,-107615296.0,-107615280.0,2.718429300292151e+23,0.0,0.0,0.0,0.0,53,-0.0,-2.308828227263571e+20,0.0,0.0,0.0,0.0,0.0,0.0,0.0,0,0,0,0.0,0.0,0.0,0.0,0.0,0.0,0.0,0.0,0.0,0.0,0.0,0.0,0.0,0.0,0.0,0.0,0,-107875648.0,53,0.0,106,-107614832.0,0.0,ERR,ERR,ERR,ERR,ERR,ERR,ERR,ERR,ERR,ERR,ERR,ERR,ERR,ERR,ERR,ERR,ERR,ERR,ERR,ERR,ERR,ERR,ERR,ERR,ERR,ERR,ERR,ERR,ERR,ERR,ERR,ERR,ERR,ERR,ERR,ERR,ERR,ERR,ERR,ERR,ERR,ERR,ERR,ERR,ERR,ERR,ERR,ERR,ERR,ERR,ERR,ERR,ERR,ERR,ERR,ERR,ERR,ERR,ERR,ERR,ERR,ERR,ERR,ERR,ERR,ERR,ERR,50.0,60.0,100,0.0,0.0,0.0,0.0,0.0,0.0,0.0,0.0,0.0,0.0,0.0,0.0,0.0,0.0,0.0,0.0,62.0,74,13,65512,50,65476,0,300,0,0,8,20529,65476,0,0,26214,60.0,0.0,0.0,0.0,0.0,0.0
2026-05-17T18:15:27,ERR,ERR,ERR,ERR,ERR,ERR,ERR,ERR,ERR,ERR,ERR,ERR,ERR,ERR,ERR,ERR,ERR,ERR,ERR,ERR,ERR,ERR,ERR,ERR,ERR,ERR,ERR,ERR,ERR,ERR,ERR,ERR,ERR,ERR,ERR,ERR,ERR,ERR,ERR,ERR,ERR,ERR,ERR,ERR,ERR,ERR,ERR,ERR,ERR,ERR,ERR,ERR,ERR,ERR,ERR,ERR,ERR,ERR,ERR,ERR,ERR,ERR,ERR,ERR,ERR,ERR,ERR,ERR,ERR,ERR,ERR,ERR,ERR,ERR,ERR,ERR,ERR,ERR,ERR,ERR,ERR,ERR,ERR,ERR,ERR,ERR,ERR,ERR,ERR,ERR,ERR,ERR,ERR,ERR,ERR,ERR,ERR,ERR,ERR,ERR,ERR,ERR,ERR,ERR,ERR,ERR,ERR,ERR,ERR,ERR,ERR,ERR,ERR,ERR,ERR,ERR,ERR,ERR,ERR,ERR,ERR,ERR,ERR,ERR,ERR,0.0,-107615296.0,-134474944.0,0.0,0.0,1.3936040501711995e+18,7.805,0.0,0,0,4,0,8422,0.0,45,0.0,0.0,0.0,0.0,0.0,0,0,0,0,0.0,0,0,0,0,0,0,0,0,0,0,0,0,0,0,0,0,0,0,0,0,0,0,0,0,0,0,0,0,0,0,0,0,0,38,14,7,45,65476,0,300,0,0,8,21553,0.0,-107605600.0,0.0,0.0,0.0,0.0,0.0,0.0,0.0,0.0,0.0,0.0,0.0,0.0,0.0,0.0,0.0,0.0,0.0,0.0,0.0,0.0,-2.004,0.0,-0.0,0.0,0.0,0.0,0.0,0.0,5050.0,-564145900486656.0,0.0,0.0,-107615296.0,-107615280.0,2.718429300292151e+23,0.0,0.0,0.0,0.0,53,-0.0,-2.308828227263571e+20,0.0,0.0,0.0,0.0,0.0,0.0,0.0,0,0,0,0.0,0.0,0.0,0.0,0.0,0.0,0.0,0.0,0.0,0.0,0.0,0.0,0.0,0.0,0.0,0.0,0,-107875648.0,53,0.0,106,-107614832.0,0.0,ERR,ERR,ERR,ERR,ERR,ERR,ERR,ERR,ERR,ERR,ERR,ERR,ERR,ERR,ERR,ERR,ERR,ERR,ERR,ERR,ERR,ERR,ERR,ERR,ERR,ERR,ERR,ERR,ERR,ERR,ERR,ERR,ERR,ERR,ERR,ERR,ERR,ERR,ERR,ERR,ERR,ERR,ERR,ERR,ERR,ERR,ERR,ERR,ERR,ERR,ERR,ERR,ERR,ERR,ERR,ERR,ERR,ERR,ERR,ERR,ERR,ERR,ERR,ERR,ERR,ERR,ERR,50.0,60.0,100,0.0,0.0,0.0,0.0,0.0,0.0,0.0,0.0,0.0,0.0,0.0,0.0,0.0,0.0,0.0,0.0,62.0,74,13,65512,50,65476,0,300,0,0,8,20529,65476,0,0,26214,60.0,0.0,0.0,0.0,0.0,0.0
2026-05-17T18:15:28,ERR,ERR,ERR,ERR,ERR,ERR,ERR,ERR,ERR,ERR,ERR,ERR,ERR,ERR,ERR,ERR,ERR,ERR,ERR,ERR,ERR,ERR,ERR,ERR,ERR,ERR,ERR,ERR,ERR,ERR,ERR,ERR,ERR,ERR,ERR,ERR,ERR,ERR,ERR,ERR,ERR,ERR,ERR,ERR,ERR,ERR,ERR,ERR,ERR,ERR,ERR,ERR,ERR,ERR,ERR,ERR,ERR,ERR,ERR,ERR,ERR,ERR,ERR,ERR,ERR,ERR,ERR,ERR,ERR,ERR,ERR,ERR,ERR,ERR,ERR,ERR,ERR,ERR,ERR,ERR,ERR,ERR,ERR,ERR,ERR,ERR,ERR,ERR,ERR,ERR,ERR,ERR,ERR,ERR,ERR,ERR,ERR,ERR,ERR,ERR,ERR,ERR,ERR,ERR,ERR,ERR,ERR,ERR,ERR,ERR,ERR,ERR,ERR,ERR,ERR,ERR,ERR,ERR,ERR,ERR,ERR,ERR,ERR,ERR,ERR,0.0,-107615296.0,-134474944.0,0.0,0.0,1.3936040501711995e+18,7.805,0.0,0,0,4,0,8422,0.0,45,0.0,0.0,0.0,0.0,0.0,0,0,0,0,0.0,0,0,0,0,0,0,0,0,0,0,0,0,0,0,0,0,0,0,0,0,0,0,0,0,0,0,0,0,0,0,0,0,0,38,14,7,45,65476,0,300,0,0,8,21553,0.0,-107605600.0,0.0,0.0,0.0,0.0,0.0,0.0,0.0,0.0,0.0,0.0,0.0,0.0,0.0,0.0,0.0,0.0,0.0,0.0,0.0,0.0,-2.004,0.0,-0.0,0.0,0.0,0.0,0.0,0.0,5050.0,-564145900486656.0,0.0,0.0,-107615296.0,-107615280.0,2.718429300292151e+23,0.0,0.0,0.0,0.0,53,-0.0,-2.308828227263571e+20,0.0,0.0,0.0,0.0,0.0,0.0,0.0,0,0,0,0.0,0.0,0.0,0.0,0.0,0.0,0.0,0.0,0.0,0.0,0.0,0.0,0.0,0.0,0.0,0.0,0,-107875648.0,53,0.0,106,-107614832.0,0.0,ERR,ERR,ERR,ERR,ERR,ERR,ERR,ERR,ERR,ERR,ERR,ERR,ERR,ERR,ERR,ERR,ERR,ERR,ERR,ERR,ERR,ERR,ERR,ERR,ERR,ERR,ERR,ERR,ERR,ERR,ERR,ERR,ERR,ERR,ERR,ERR,ERR,ERR,ERR,ERR,ERR,ERR,ERR,ERR,ERR,ERR,ERR,ERR,ERR,ERR,ERR,ERR,ERR,ERR,ERR,ERR,ERR,ERR,ERR,ERR,ERR,ERR,ERR,ERR,ERR,ERR,ERR,50.0,60.0,100,0.0,0.0,0.0,0.0,0.0,0.0,0.0,0.0,0.0,0.0,0.0,0.0,0.0,0.0,0.0,0.0,61.6,74,13,65512,50,65476,0,300,0,0,8,20529,65476,0,0,26214,60.0,0.0,0.0,0.0,0.0,0.0
2026-05-17T18:15:29,ERR,ERR,ERR,ERR,ERR,ERR,ERR,ERR,ERR,ERR,ERR,ERR,ERR,ERR,ERR,ERR,ERR,ERR,ERR,ERR,ERR,ERR,ERR,ERR,ERR,ERR,ERR,ERR,ERR,ERR,ERR,ERR,ERR,ERR,ERR,ERR,ERR,ERR,ERR,ERR,ERR,ERR,ERR,ERR,ERR,ERR,ERR,ERR,ERR,ERR,ERR,ERR,ERR,ERR,ERR,ERR,ERR,ERR,ERR,ERR,ERR,ERR,ERR,ERR,ERR,ERR,ERR,ERR,ERR,ERR,ERR,ERR,ERR,ERR,ERR,ERR,ERR,ERR,ERR,ERR,ERR,ERR,ERR,ERR,ERR,ERR,ERR,ERR,ERR,ERR,ERR,ERR,ERR,ERR,ERR,ERR,ERR,ERR,ERR,ERR,ERR,ERR,ERR,ERR,ERR,ERR,ERR,ERR,ERR,ERR,ERR,ERR,ERR,ERR,ERR,ERR,ERR,ERR,ERR,ERR,ERR,ERR,ERR,ERR,ERR,0.0,-107615296.0,-134474944.0,0.0,0.0,1.3936040501711995e+18,7.805,0.0,0,0,4,0,8422,0.0,45,0.0,0.0,0.0,0.0,0.0,0,0,0,0,0.0,0,0,0,0,0,0,0,0,0,0,0,0,0,0,0,0,0,0,0,0,0,0,0,0,0,0,0,0,0,0,0,0,0,38,14,7,45,65476,0,300,0,0,8,21553,0.0,-107605600.0,0.0,0.0,0.0,0.0,0.0,0.0,0.0,0.0,0.0,0.0,0.0,0.0,0.0,0.0,0.0,0.0,0.0,0.0,0.0,0.0,0.0,0.0,-0.0,0.0,0.0,0.0,0.0,0.0,5050.0,-0.0,0.0,-107615288.0,-107615296.0,-107615280.0,2.718429300292151e+23,0.0,0.0,0.0,0.0,53,-0.0,-0.0,0.0,0.0,0.0,0.0,0.0,0.0,0.0,0,0,0,0.0,0.0,0.0,0.0,0.0,0.0,0.0,0.0,0.0,0.0,0.0,0.0,0.0,0.0,0.0,0.0,0,-107875648.0,53,0.0,106,-107614832.0,0.0,ERR,ERR,ERR,ERR,ERR,ERR,ERR,ERR,ERR,ERR,ERR,ERR,ERR,ERR,ERR,ERR,ERR,ERR,ERR,ERR,ERR,ERR,ERR,ERR,ERR,ERR,ERR,ERR,ERR,ERR,ERR,ERR,ERR,ERR,ERR,ERR,ERR,ERR,ERR,ERR,ERR,ERR,ERR,ERR,ERR,ERR,ERR,ERR,ERR,ERR,ERR,ERR,ERR,ERR,ERR,ERR,ERR,ERR,ERR,ERR,ERR,ERR,ERR,ERR,ERR,ERR,ERR,50.0,60.0,100,0.0,0.0,0.0,0.0,0.0,0.0,0.0,0.0,0.0,0.0,0.0,0.0,0.0,0.0,0.0,0.0,61.6,74,13,65512,50,65476,0,300,0,0,8,20529,65476,0,0,26214,60.0,0.0,0.0,0.0,0.0,0.0
2026-05-17T18:15:30,ERR,ERR,ERR,ERR,ERR,ERR,ERR,ERR,ERR,ERR,ERR,ERR,ERR,ERR,ERR,ERR,ERR,ERR,ERR,ERR,ERR,ERR,ERR,ERR,ERR,ERR,ERR,ERR,ERR,ERR,ERR,ERR,ERR,ERR,ERR,ERR,ERR,ERR,ERR,ERR,ERR,ERR,ERR,ERR,ERR,ERR,ERR,ERR,ERR,ERR,ERR,ERR,ERR,ERR,ERR,ERR,ERR,ERR,ERR,ERR,ERR,ERR,ERR,ERR,ERR,ERR,ERR,ERR,ERR,ERR,ERR,ERR,ERR,ERR,ERR,ERR,ERR,ERR,ERR,ERR,ERR,ERR,ERR,ERR,ERR,ERR,ERR,ERR,ERR,ERR,ERR,ERR,ERR,ERR,ERR,ERR,ERR,ERR,ERR,ERR,ERR,ERR,ERR,ERR,ERR,ERR,ERR,ERR,ERR,ERR,ERR,ERR,ERR,ERR,ERR,ERR,ERR,ERR,ERR,ERR,ERR,ERR,ERR,ERR,ERR,0.0,-107615296.0,-134474944.0,0.0,0.0,1.3936040501711995e+18,7.805,0.0,0,0,4,0,8422,0.0,45,0.0,0.0,0.0,0.0,0.0,0,0,0,0,0.0,0,0,0,0,0,0,0,0,0,0,0,0,0,0,0,0,0,0,0,0,0,0,0,0,0,0,0,0,0,0,0,0,0,38,14,7,45,65476,0,300,0,0,8,21553,0.0,-107605600.0,0.0,0.0,0.0,0.0,0.0,0.0,0.0,0.0,0.0,0.0,0.0,0.0,0.0,0.0,0.0,0.0,0.0,0.0,0.0,0.0,0.0,0.0,-0.0,0.0,0.0,0.0,0.0,0.0,5050.0,-0.0,0.0,-107615288.0,-107615296.0,-107615280.0,2.718429300292151e+23,0.0,0.0,0.0,0.0,53,-0.0,-0.0,0.0,0.0,0.0,0.0,0.0,0.0,0.0,0,0,0,0.0,0.0,0.0,0.0,0.0,0.0,0.0,0.0,0.0,0.0,0.0,0.0,0.0,0.0,0.0,0.0,0,-107875648.0,53,0.0,106,-107614832.0,0.0,ERR,ERR,ERR,ERR,ERR,ERR,ERR,ERR,ERR,ERR,ERR,ERR,ERR,ERR,ERR,ERR,ERR,ERR,ERR,ERR,ERR,ERR,ERR,ERR,ERR,ERR,ERR,ERR,ERR,ERR,ERR,ERR,ERR,ERR,ERR,ERR,ERR,ERR,ERR,ERR,ERR,ERR,ERR,ERR,ERR,ERR,ERR,ERR,ERR,ERR,ERR,ERR,ERR,ERR,ERR,ERR,ERR,ERR,ERR,ERR,ERR,ERR,ERR,ERR,ERR,ERR,ERR,50.0,60.0,100,0.0,0.0,0.0,0.0,0.0,0.0,0.0,0.0,0.0,0.0,0.0,0.0,0.0,0.0,0.0,0.0,61.6,74,13,65512,50,65476,0,300,0,0,8,20529,65476,0,0,26214,60.0,0.0,0.0,0.0,0.0,0.0
2026-05-17T18:15:31,ERR,ERR,ERR,ERR,ERR,ERR,ERR,ERR,ERR,ERR,ERR,ERR,ERR,ERR,ERR,ERR,ERR,ERR,ERR,ERR,ERR,ERR,ERR,ERR,ERR,ERR,ERR,ERR,ERR,ERR,ERR,ERR,ERR,ERR,ERR,ERR,ERR,ERR,ERR,ERR,ERR,ERR,ERR,ERR,ERR,ERR,ERR,ERR,ERR,ERR,ERR,ERR,ERR,ERR,ERR,ERR,ERR,ERR,ERR,ERR,ERR,ERR,ERR,ERR,ERR,ERR,ERR,ERR,ERR,ERR,ERR,ERR,ERR,ERR,ERR,ERR,ERR,ERR,ERR,ERR,ERR,ERR,ERR,ERR,ERR,ERR,ERR,ERR,ERR,ERR,ERR,ERR,ERR,ERR,ERR,ERR,ERR,ERR,ERR,ERR,ERR,ERR,ERR,ERR,ERR,ERR,ERR,ERR,ERR,ERR,ERR,ERR,ERR,ERR,ERR,ERR,ERR,ERR,ERR,ERR,ERR,ERR,ERR,ERR,ERR,0.0,-107615296.0,-134474944.0,0.0,0.0,1.3936040501711995e+18,7.805,0.0,0,0,4,0,8422,0.0,45,0.0,0.0,0.0,0.0,0.0,0,0,0,0,0.0,0,0,0,0,0,0,0,0,0,0,0,0,0,0,0,0,0,0,0,0,0,0,0,0,0,0,0,0,0,0,0,0,0,38,14,7,45,65476,0,300,0,0,8,21553,0.0,-107605600.0,0.0,0.0,0.0,0.0,0.0,0.0,0.0,0.0,0.0,0.0,0.0,0.0,0.0,0.0,0.0,0.0,0.0,0.0,0.0,0.0,0.0,0.0,-0.0,0.0,0.0,0.0,0.0,0.0,5050.0,-0.0,0.0,-107615288.0,-107615296.0,-107615280.0,2.718429300292151e+23,0.0,0.0,0.0,0.0,53,-0.0,-0.0,0.0,0.0,0.0,0.0,0.0,0.0,0.0,0,0,0,0.0,0.0,0.0,0.0,0.0,0.0,0.0,0.0,0.0,0.0,0.0,0.0,0.0,0.0,0.0,0.0,0,-107875648.0,53,0.0,106,-107614832.0,0.0,ERR,ERR,ERR,ERR,ERR,ERR,ERR,ERR,ERR,ERR,ERR,ERR,ERR,ERR,ERR,ERR,ERR,ERR,ERR,ERR,ERR,ERR,ERR,ERR,ERR,ERR,ERR,ERR,ERR,ERR,ERR,ERR,ERR,ERR,ERR,ERR,ERR,ERR,ERR,ERR,ERR,ERR,ERR,ERR,ERR,ERR,ERR,ERR,ERR,ERR,ERR,ERR,ERR,ERR,ERR,ERR,ERR,ERR,ERR,ERR,ERR,ERR,ERR,ERR,ERR,ERR,ERR,50.0,60.0,100,0.0,0.0,0.0,0.0,0.0,0.0,0.0,0.0,0.0,0.0,0.0,0.0,0.0,0.0,0.0,0.0,61.6,74,13,65512,50,65476,0,300,0,0,8,20529,65476,0,0,26214,60.0,0.0,0.0,0.0,0.0,0.0
2026-05-17T18:15:32,ERR,ERR,ERR,ERR,ERR,ERR,ERR,ERR,ERR,ERR,ERR,ERR,ERR,ERR,ERR,ERR,ERR,ERR,ERR,ERR,ERR,ERR,ERR,ERR,ERR,ERR,ERR,ERR,ERR,ERR,ERR,ERR,ERR,ERR,ERR,ERR,ERR,ERR,ERR,ERR,ERR,ERR,ERR,ERR,ERR,ERR,ERR,ERR,ERR,ERR,ERR,ERR,ERR,ERR,ERR,ERR,ERR,ERR,ERR,ERR,ERR,ERR,ERR,ERR,ERR,ERR,ERR,ERR,ERR,ERR,ERR,ERR,ERR,ERR,ERR,ERR,ERR,ERR,ERR,ERR,ERR,ERR,ERR,ERR,ERR,ERR,ERR,ERR,ERR,ERR,ERR,ERR,ERR,ERR,ERR,ERR,ERR,ERR,ERR,ERR,ERR,ERR,ERR,ERR,ERR,ERR,ERR,ERR,ERR,ERR,ERR,ERR,ERR,ERR,ERR,ERR,ERR,ERR,ERR,ERR,ERR,ERR,ERR,ERR,ERR,0.0,-107615296.0,-134474944.0,0.0,0.0,1.3936040501711995e+18,7.805,0.0,0,0,4,0,8422,0.0,45,0.0,0.0,0.0,0.0,0.0,0,0,0,0,0.0,0,0,0,0,0,0,0,0,0,0,0,0,0,0,0,0,0,0,0,0,0,0,0,0,0,0,0,0,0,0,0,0,0,38,14,7,45,65476,0,300,0,0,8,21553,0.0,-107605600.0,0.0,0.0,0.0,0.0,0.0,0.0,0.0,0.0,0.0,0.0,0.0,0.0,0.0,0.0,0.0,0.0,0.0,0.0,0.0,0.0,0.0,0.0,-0.0,0.0,0.0,0.0,0.0,0.0,5050.0,-0.0,0.0,-107615288.0,-107615296.0,-107615280.0,2.718429300292151e+23,0.0,0.0,0.0,0.0,53,-0.0,-0.0,0.0,0.0,0.0,0.0,0.0,0.0,0.0,0,0,0,0.0,0.0,0.0,0.0,0.0,0.0,0.0,0.0,0.0,0.0,0.0,0.0,0.0,0.0,0.0,0.0,0,-107875648.0,53,0.0,106,-107614832.0,0.0,ERR,ERR,ERR,ERR,ERR,ERR,ERR,ERR,ERR,ERR,ERR,ERR,ERR,ERR,ERR,ERR,ERR,ERR,ERR,ERR,ERR,ERR,ERR,ERR,ERR,ERR,ERR,ERR,ERR,ERR,ERR,ERR,ERR,ERR,ERR,ERR,ERR,ERR,ERR,ERR,ERR,ERR,ERR,ERR,ERR,ERR,ERR,ERR,ERR,ERR,ERR,ERR,ERR,ERR,ERR,ERR,ERR,ERR,ERR,ERR,ERR,ERR,ERR,ERR,ERR,ERR,ERR,50.0,60.0,100,0.0,0.0,0.0,0.0,0.0,0.0,0.0,0.0,0.0,0.0,0.0,0.0,0.0,0.0,0.0,0.0,61.6,74,13,65512,50,65476,0,300,0,0,8,20529,65476,0,0,26214,60.0,0.0,0.0,0.0,0.0,0.0
2026-05-17T18:15:33,ERR,ERR,ERR,ERR,ERR,ERR,ERR,ERR,ERR,ERR,ERR,ERR,ERR,ERR,ERR,ERR,ERR,ERR,ERR,ERR,ERR,ERR,ERR,ERR,ERR,ERR,ERR,ERR,ERR,ERR,ERR,ERR,ERR,ERR,ERR,ERR,ERR,ERR,ERR,ERR,ERR,ERR,ERR,ERR,ERR,ERR,ERR,ERR,ERR,ERR,ERR,ERR,ERR,ERR,ERR,ERR,ERR,ERR,ERR,ERR,ERR,ERR,ERR,ERR,ERR,ERR,ERR,ERR,ERR,ERR,ERR,ERR,ERR,ERR,ERR,ERR,ERR,ERR,ERR,ERR,ERR,ERR,ERR,ERR,ERR,ERR,ERR,ERR,ERR,ERR,ERR,ERR,ERR,ERR,ERR,ERR,ERR,ERR,ERR,ERR,ERR,ERR,ERR,ERR,ERR,ERR,ERR,ERR,ERR,ERR,ERR,ERR,ERR,ERR,ERR,ERR,ERR,ERR,ERR,ERR,ERR,ERR,ERR,ERR,ERR,0.0,-107615296.0,-134474944.0,0.0,0.0,1.3936040501711995e+18,7.805,0.0,0,0,4,0,8422,0.0,45,0.0,0.0,0.0,0.0,0.0,0,0,0,0,0.0,0,0,0,0,0,0,0,0,0,0,0,0,0,0,0,0,0,0,0,0,0,0,0,0,0,0,0,0,0,0,0,0,0,38,14,7,45,65476,0,300,0,0,8,21553,0.0,-107605600.0,0.0,0.0,0.0,0.0,0.0,0.0,0.0,0.0,0.0,0.0,0.0,0.0,0.0,0.0,0.0,0.0,0.0,0.0,0.0,0.0,0.0,0.0,-0.0,0.0,0.0,0.0,0.0,0.0,5050.0,-0.0,0.0,-107615288.0,-107615296.0,-107615280.0,2.718429300292151e+23,0.0,0.0,0.0,0.0,53,-0.0,-0.0,0.0,0.0,0.0,0.0,0.0,0.0,0.0,0,0,0,0.0,0.0,0.0,0.0,0.0,0.0,0.0,0.0,0.0,0.0,0.0,0.0,0.0,0.0,0.0,0.0,0,-107875648.0,53,0.0,106,-107614832.0,0.0,ERR,ERR,ERR,ERR,ERR,ERR,ERR,ERR,ERR,ERR,ERR,ERR,ERR,ERR,ERR,ERR,ERR,ERR,ERR,ERR,ERR,ERR,ERR,ERR,ERR,ERR,ERR,ERR,ERR,ERR,ERR,ERR,ERR,ERR,ERR,ERR,ERR,ERR,ERR,ERR,ERR,ERR,ERR,ERR,ERR,ERR,ERR,ERR,ERR,ERR,ERR,ERR,ERR,ERR,ERR,ERR,ERR,ERR,ERR,ERR,ERR,ERR,ERR,ERR,ERR,ERR,ERR,50.0,60.0,100,0.0,0.0,0.0,0.0,0.0,0.0,0.0,0.0,0.0,0.0,0.0,0.0,0.0,0.0,0.0,0.0,61.6,74,13,65512,50,65476,0,300,0,0,8,20529,65476,0,0,26214,60.0,0.0,0.0,0.0,0.0,0.0
2026-05-17T18:15:34,ERR,ERR,ERR,ERR,ERR,ERR,ERR,ERR,ERR,ERR,ERR,ERR,ERR,ERR,ERR,ERR,ERR,ERR,ERR,ERR,ERR,ERR,ERR,ERR,ERR,ERR,ERR,ERR,ERR,ERR,ERR,ERR,ERR,ERR,ERR,ERR,ERR,ERR,ERR,ERR,ERR,ERR,ERR,ERR,ERR,ERR,ERR,ERR,ERR,ERR,ERR,ERR,ERR,ERR,ERR,ERR,ERR,ERR,ERR,ERR,ERR,ERR,ERR,ERR,ERR,ERR,ERR,ERR,ERR,ERR,ERR,ERR,ERR,ERR,ERR,ERR,ERR,ERR,ERR,ERR,ERR,ERR,ERR,ERR,ERR,ERR,ERR,ERR,ERR,ERR,ERR,ERR,ERR,ERR,ERR,ERR,ERR,ERR,ERR,ERR,ERR,ERR,ERR,ERR,ERR,ERR,ERR,ERR,ERR,ERR,ERR,ERR,ERR,ERR,ERR,ERR,ERR,ERR,ERR,ERR,ERR,ERR,ERR,ERR,ERR,0.0,-107615296.0,-134474944.0,0.0,0.0,1.3936040501711995e+18,7.805,0.0,0,0,4,0,8422,0.0,45,0.0,0.0,0.0,0.0,0.0,0,0,0,0,0.0,0,0,0,0,0,0,0,0,0,0,0,0,0,0,0,0,0,0,0,0,0,0,0,0,0,0,0,0,0,0,0,0,0,38,14,7,45,65476,0,300,0,0,8,21553,0.0,-107605600.0,0.0,0.0,0.0,0.0,0.0,0.0,0.0,0.0,0.0,0.0,0.0,0.0,0.0,0.0,0.0,0.0,0.0,0.0,0.0,0.0,0.0,0.0,-0.0,0.0,0.0,0.0,0.0,0.0,5046.0,-0.0,0.0,0.0,-107615296.0,-107615280.0,2.718429300292151e+23,0.0,0.0,0.0,0.0,53,-0.0,-2.308828227263571e+20,0.0,0.0,0.0,0.0,0.0,0.0,0.0,0,0,0,0.0,0.0,0.0,0.0,0.0,0.0,0.0,0.0,0.0,0.0,0.0,0.0,0.0,0.0,0.0,0.0,0,-107875648.0,53,0.0,106,-107614832.0,0.0,ERR,ERR,ERR,ERR,ERR,ERR,ERR,ERR,ERR,ERR,ERR,ERR,ERR,ERR,ERR,ERR,ERR,ERR,ERR,ERR,ERR,ERR,ERR,ERR,ERR,ERR,ERR,ERR,ERR,ERR,ERR,ERR,ERR,ERR,ERR,ERR,ERR,ERR,ERR,ERR,ERR,ERR,ERR,ERR,ERR,ERR,ERR,ERR,ERR,ERR,ERR,ERR,ERR,ERR,ERR,ERR,ERR,ERR,ERR,ERR,ERR,ERR,ERR,ERR,ERR,ERR,ERR,50.0,60.0,100,0.0,0.0,0.0,0.0,0.0,0.0,0.0,0.0,0.0,0.0,0.0,0.0,0.0,0.0,0.0,0.0,61.6,74,13,65512,50,65476,0,300,0,0,8,20529,65476,0,0,26214,60.0,0.0,0.0,0.0,0.0,0.0
2026-05-17T18:15:35,ERR,ERR,ERR,ERR,ERR,ERR,ERR,ERR,ERR,ERR,ERR,ERR,ERR,ERR,ERR,ERR,ERR,ERR,ERR,ERR,ERR,ERR,ERR,ERR,ERR,ERR,ERR,ERR,ERR,ERR,ERR,ERR,ERR,ERR,ERR,ERR,ERR,ERR,ERR,ERR,ERR,ERR,ERR,ERR,ERR,ERR,ERR,ERR,ERR,ERR,ERR,ERR,ERR,ERR,ERR,ERR,ERR,ERR,ERR,ERR,ERR,ERR,ERR,ERR,ERR,ERR,ERR,ERR,ERR,ERR,ERR,ERR,ERR,ERR,ERR,ERR,ERR,ERR,ERR,ERR,ERR,ERR,ERR,ERR,ERR,ERR,ERR,ERR,ERR,ERR,ERR,ERR,ERR,ERR,ERR,ERR,ERR,ERR,ERR,ERR,ERR,ERR,ERR,ERR,ERR,ERR,ERR,ERR,ERR,ERR,ERR,ERR,ERR,ERR,ERR,ERR,ERR,ERR,ERR,ERR,ERR,ERR,ERR,ERR,ERR,0.0,-107615296.0,-134474944.0,0.0,0.0,1.3936040501711995e+18,7.805,0.0,0,0,4,0,8422,0.0,45,0.0,0.0,0.0,0.0,0.0,0,0,0,0,0.0,0,0,0,0,0,0,0,0,0,0,0,0,0,0,0,0,0,0,0,0,0,0,0,0,0,0,0,0,0,0,0,0,0,38,14,7,45,65476,0,300,0,0,8,21553,0.0,-107605600.0,0.0,0.0,0.0,0.0,0.0,0.0,0.0,0.0,0.0,0.0,0.0,0.0,0.0,0.0,0.0,0.0,0.0,0.0,0.0,0.0,0.0,0.0,-0.0,0.0,0.0,0.0,0.0,0.0,5046.0,-0.0,0.0,0.0,-107615296.0,-107615280.0,2.718429300292151e+23,0.0,0.0,0.0,0.0,53,-0.0,-2.308828227263571e+20,0.0,0.0,0.0,0.0,0.0,0.0,0.0,0,0,0,0.0,0.0,0.0,0.0,0.0,0.0,0.0,0.0,0.0,0.0,0.0,0.0,0.0,0.0,0.0,0.0,0,-107875648.0,53,0.0,106,-107614832.0,0.0,ERR,ERR,ERR,ERR,ERR,ERR,ERR,ERR,ERR,ERR,ERR,ERR,ERR,ERR,ERR,ERR,ERR,ERR,ERR,ERR,ERR,ERR,ERR,ERR,ERR,ERR,ERR,ERR,ERR,ERR,ERR,ERR,ERR,ERR,ERR,ERR,ERR,ERR,ERR,ERR,ERR,ERR,ERR,ERR,ERR,ERR,ERR,ERR,ERR,ERR,ERR,ERR,ERR,ERR,ERR,ERR,ERR,ERR,ERR,ERR,ERR,ERR,ERR,ERR,ERR,ERR,ERR,50.0,60.0,100,0.0,0.0,0.0,0.0,0.0,0.0,0.0,0.0,0.0,0.0,0.0,0.0,0.0,0.0,0.0,0.0,61.6,74,13,65512,50,65476,0,300,0,0,8,20529,65476,0,0,26214,60.0,0.0,0.0,0.0,0.0,0.0
2026-05-17T18:15:36,ERR,ERR,ERR,ERR,ERR,ERR,ERR,ERR,ERR,ERR,ERR,ERR,ERR,ERR,ERR,ERR,ERR,ERR,ERR,ERR,ERR,ERR,ERR,ERR,ERR,ERR,ERR,ERR,ERR,ERR,ERR,ERR,ERR,ERR,ERR,ERR,ERR,ERR,ERR,ERR,ERR,ERR,ERR,ERR,ERR,ERR,ERR,ERR,ERR,ERR,ERR,ERR,ERR,ERR,ERR,ERR,ERR,ERR,ERR,ERR,ERR,ERR,ERR,ERR,ERR,ERR,ERR,ERR,ERR,ERR,ERR,ERR,ERR,ERR,ERR,ERR,ERR,ERR,ERR,ERR,ERR,ERR,ERR,ERR,ERR,ERR,ERR,ERR,ERR,ERR,ERR,ERR,ERR,ERR,ERR,ERR,ERR,ERR,ERR,ERR,ERR,ERR,ERR,ERR,ERR,ERR,ERR,ERR,ERR,ERR,ERR,ERR,ERR,ERR,ERR,ERR,ERR,ERR,ERR,ERR,ERR,ERR,ERR,ERR,ERR,0.0,-107615296.0,-134474944.0,0.0,0.0,1.3936040501711995e+18,7.805,0.0,0,0,4,0,8422,0.0,45,0.0,0.0,0.0,0.0,0.0,0,0,0,0,0.0,0,0,0,0,0,0,0,0,0,0,0,0,0,0,0,0,0,0,0,0,0,0,0,0,0,0,0,0,0,0,0,0,0,38,14,7,45,65476,0,300,0,0,8,21553,0.0,-107605600.0,0.0,0.0,0.0,0.0,0.0,0.0,0.0,0.0,0.0,0.0,0.0,0.0,0.0,0.0,0.0,0.0,0.0,0.0,0.0,0.0,0.0,0.0,-0.0,0.0,0.0,0.0,0.0,0.0,5046.0,-0.0,0.0,0.0,-107615296.0,-107615280.0,2.718429300292151e+23,0.0,0.0,0.0,0.0,53,-0.0,-2.308828227263571e+20,0.0,0.0,0.0,0.0,0.0,0.0,0.0,0,0,0,0.0,0.0,0.0,0.0,0.0,0.0,0.0,0.0,0.0,0.0,0.0,0.0,0.0,0.0,0.0,0.0,0,-107875648.0,53,0.0,106,-107614832.0,0.0,ERR,ERR,ERR,ERR,ERR,ERR,ERR,ERR,ERR,ERR,ERR,ERR,ERR,ERR,ERR,ERR,ERR,ERR,ERR,ERR,ERR,ERR,ERR,ERR,ERR,ERR,ERR,ERR,ERR,ERR,ERR,ERR,ERR,ERR,ERR,ERR,ERR,ERR,ERR,ERR,ERR,ERR,ERR,ERR,ERR,ERR,ERR,ERR,ERR,ERR,ERR,ERR,ERR,ERR,ERR,ERR,ERR,ERR,ERR,ERR,ERR,ERR,ERR,ERR,ERR,ERR,ERR,50.0,60.0,100,0.0,0.0,0.0,0.0,0.0,0.0,0.0,0.0,0.0,0.0,0.0,0.0,0.0,0.0,0.0,0.0,61.6,74,13,65512,50,65476,0,300,0,0,8,20529,65476,0,0,26214,60.0,0.0,0.0,0.0,0.0,0.0
2026-05-17T18:15:37,ERR,ERR,ERR,ERR,ERR,ERR,ERR,ERR,ERR,ERR,ERR,ERR,ERR,ERR,ERR,ERR,ERR,ERR,ERR,ERR,ERR,ERR,ERR,ERR,ERR,ERR,ERR,ERR,ERR,ERR,ERR,ERR,ERR,ERR,ERR,ERR,ERR,ERR,ERR,ERR,ERR,ERR,ERR,ERR,ERR,ERR,ERR,ERR,ERR,ERR,ERR,ERR,ERR,ERR,ERR,ERR,ERR,ERR,ERR,ERR,ERR,ERR,ERR,ERR,ERR,ERR,ERR,ERR,ERR,ERR,ERR,ERR,ERR,ERR,ERR,ERR,ERR,ERR,ERR,ERR,ERR,ERR,ERR,ERR,ERR,ERR,ERR,ERR,ERR,ERR,ERR,ERR,ERR,ERR,ERR,ERR,ERR,ERR,ERR,ERR,ERR,ERR,ERR,ERR,ERR,ERR,ERR,ERR,ERR,ERR,ERR,ERR,ERR,ERR,ERR,ERR,ERR,ERR,ERR,ERR,ERR,ERR,ERR,ERR,ERR,0.0,-107615296.0,-134474944.0,0.0,0.0,1.3936040501711995e+18,7.805,0.0,0,0,4,0,8422,0.0,45,0.0,0.0,0.0,0.0,0.0,0,0,0,0,0.0,0,0,0,0,0,0,0,0,0,0,0,0,0,0,0,0,0,0,0,0,0,0,0,0,0,0,0,0,0,0,0,0,0,38,14,7,45,65476,0,300,0,0,8,21553,0.0,-107605600.0,0.0,0.0,0.0,0.0,0.0,0.0,0.0,0.0,0.0,0.0,0.0,0.0,0.0,0.0,0.0,0.0,0.0,0.0,0.0,0.0,0.0,0.0,-0.0,0.0,0.0,0.0,0.0,0.0,5046.0,-0.0,0.0,0.0,-107615296.0,-107615280.0,2.718429300292151e+23,0.0,0.0,0.0,0.0,53,-0.0,-2.308828227263571e+20,0.0,0.0,0.0,0.0,0.0,0.0,0.0,0,0,0,0.0,0.0,0.0,0.0,0.0,0.0,0.0,0.0,0.0,0.0,0.0,0.0,0.0,0.0,0.0,0.0,0,-107875648.0,53,0.0,106,-107614832.0,0.0,ERR,ERR,ERR,ERR,ERR,ERR,ERR,ERR,ERR,ERR,ERR,ERR,ERR,ERR,ERR,ERR,ERR,ERR,ERR,ERR,ERR,ERR,ERR,ERR,ERR,ERR,ERR,ERR,ERR,ERR,ERR,ERR,ERR,ERR,ERR,ERR,ERR,ERR,ERR,ERR,ERR,ERR,ERR,ERR,ERR,ERR,ERR,ERR,ERR,ERR,ERR,ERR,ERR,ERR,ERR,ERR,ERR,ERR,ERR,ERR,ERR,ERR,ERR,ERR,ERR,ERR,ERR,50.0,60.0,100,0.0,0.0,0.0,0.0,0.0,0.0,0.0,0.0,0.0,0.0,0.0,0.0,0.0,0.0,0.0,0.0,61.6,74,13,65512,50,65476,0,300,0,0,8,20529,65476,0,0,26214,60.0,0.0,0.0,0.0,0.0,0.0
2026-05-17T18:15:38,ERR,ERR,ERR,ERR,ERR,ERR,ERR,ERR,ERR,ERR,ERR,ERR,ERR,ERR,ERR,ERR,ERR,ERR,ERR,ERR,ERR,ERR,ERR,ERR,ERR,ERR,ERR,ERR,ERR,ERR,ERR,ERR,ERR,ERR,ERR,ERR,ERR,ERR,ERR,ERR,ERR,ERR,ERR,ERR,ERR,ERR,ERR,ERR,ERR,ERR,ERR,ERR,ERR,ERR,ERR,ERR,ERR,ERR,ERR,ERR,ERR,ERR,ERR,ERR,ERR,ERR,ERR,ERR,ERR,ERR,ERR,ERR,ERR,ERR,ERR,ERR,ERR,ERR,ERR,ERR,ERR,ERR,ERR,ERR,ERR,ERR,ERR,ERR,ERR,ERR,ERR,ERR,ERR,ERR,ERR,ERR,ERR,ERR,ERR,ERR,ERR,ERR,ERR,ERR,ERR,ERR,ERR,ERR,ERR,ERR,ERR,ERR,ERR,ERR,ERR,ERR,ERR,ERR,ERR,ERR,ERR,ERR,ERR,ERR,ERR,0.0,-107615296.0,-134474944.0,0.0,0.0,1.3936040501711995e+18,7.805,0.0,0,0,4,0,8422,0.0,45,0.0,0.0,0.0,0.0,0.0,0,0,0,0,0.0,0,0,0,0,0,0,0,0,0,0,0,0,0,0,0,0,0,0,0,0,0,0,0,0,0,0,0,0,0,0,0,0,0,38,14,7,45,65476,0,300,0,0,8,21553,0.0,-107605600.0,0.0,0.0,0.0,0.0,0.0,0.0,0.0,0.0,0.0,0.0,0.0,0.0,0.0,0.0,0.0,0.0,0.0,0.0,0.0,0.0,0.0,0.0,-0.0,0.0,0.0,0.0,0.0,0.0,5046.0,-0.0,0.0,0.0,-107615296.0,-107615280.0,2.718429300292151e+23,0.0,0.0,0.0,0.0,53,-0.0,-2.308828227263571e+20,0.0,0.0,0.0,0.0,0.0,0.0,0.0,0,0,0,0.0,0.0,0.0,0.0,0.0,0.0,0.0,0.0,0.0,0.0,0.0,0.0,0.0,0.0,0.0,0.0,0,-107875648.0,53,0.0,106,-107614832.0,0.0,ERR,ERR,ERR,ERR,ERR,ERR,ERR,ERR,ERR,ERR,ERR,ERR,ERR,ERR,ERR,ERR,ERR,ERR,ERR,ERR,ERR,ERR,ERR,ERR,ERR,ERR,ERR,ERR,ERR,ERR,ERR,ERR,ERR,ERR,ERR,ERR,ERR,ERR,ERR,ERR,ERR,ERR,ERR,ERR,ERR,ERR,ERR,ERR,ERR,ERR,ERR,ERR,ERR,ERR,ERR,ERR,ERR,ERR,ERR,ERR,ERR,ERR,ERR,ERR,ERR,ERR,ERR,50.0,60.0,100,0.0,0.0,0.0,0.0,0.0,0.0,0.0,0.0,0.0,0.0,0.0,0.0,0.0,0.0,0.0,0.0,61.6,74,13,65512,50,65476,0,300,0,0,8,20529,65476,0,0,26214,60.0,0.0,0.0,0.0,0.0,0.0
2026-05-17T18:15:39,ERR,ERR,ERR,ERR,ERR,ERR,ERR,ERR,ERR,ERR,ERR,ERR,ERR,ERR,ERR,ERR,ERR,ERR,ERR,ERR,ERR,ERR,ERR,ERR,ERR,ERR,ERR,ERR,ERR,ERR,ERR,ERR,ERR,ERR,ERR,ERR,ERR,ERR,ERR,ERR,ERR,ERR,ERR,ERR,ERR,ERR,ERR,ERR,ERR,ERR,ERR,ERR,ERR,ERR,ERR,ERR,ERR,ERR,ERR,ERR,ERR,ERR,ERR,ERR,ERR,ERR,ERR,ERR,ERR,ERR,ERR,ERR,ERR,ERR,ERR,ERR,ERR,ERR,ERR,ERR,ERR,ERR,ERR,ERR,ERR,ERR,ERR,ERR,ERR,ERR,ERR,ERR,ERR,ERR,ERR,ERR,ERR,ERR,ERR,ERR,ERR,ERR,ERR,ERR,ERR,ERR,ERR,ERR,ERR,ERR,ERR,ERR,ERR,ERR,ERR,ERR,ERR,ERR,ERR,ERR,ERR,ERR,ERR,ERR,ERR,0.0,-107615296.0,-134474944.0,0.0,0.0,1.3936040501711995e+18,7.805,0.0,0,0,4,0,8422,0.0,45,0.0,0.0,0.0,0.0,0.0,0,0,0,0,0.0,0,0,0,0,0,0,0,0,0,0,0,0,0,0,0,0,0,0,0,0,0,0,0,0,0,0,0,0,0,0,0,0,0,38,14,7,45,65476,0,300,0,0,8,21553,0.0,-107605600.0,0.0,0.0,0.0,0.0,0.0,0.0,0.0,0.0,0.0,0.0,0.0,0.0,0.0,0.0,0.0,0.0,0.0,0.0,0.0,0.0,0.0,0.0,-0.0,0.0,0.0,0.0,0.0,0.0,5048.0,-8608183296.0,0.0,0.0,-107615296.0,-107615280.0,2.718429300292151e+23,0.0,0.0,0.0,0.0,53,-0.0,-4.950401904804668e+32,0.0,0.0,0.0,0.0,0.0,0.0,0.0,0,0,0,0.0,0.0,0.0,0.0,0.0,0.0,0.0,0.0,0.0,0.0,0.0,0.0,0.0,0.0,0.0,0.0,0,-107875648.0,53,0.0,106,-107614832.0,0.0,ERR,ERR,ERR,ERR,ERR,ERR,ERR,ERR,ERR,ERR,ERR,ERR,ERR,ERR,ERR,ERR,ERR,ERR,ERR,ERR,ERR,ERR,ERR,ERR,ERR,ERR,ERR,ERR,ERR,ERR,ERR,ERR,ERR,ERR,ERR,ERR,ERR,ERR,ERR,ERR,ERR,ERR,ERR,ERR,ERR,ERR,ERR,ERR,ERR,ERR,ERR,ERR,ERR,ERR,ERR,ERR,ERR,ERR,ERR,ERR,ERR,ERR,ERR,ERR,ERR,ERR,ERR,50.0,60.0,100,0.0,0.0,0.0,0.0,0.0,0.0,0.0,0.0,0.0,0.0,0.0,0.0,0.0,0.0,0.0,0.0,61.6,74,13,65512,50,65476,0,300,0,0,8,20529,65476,0,0,26214,60.0,0.0,0.0,0.0,0.0,0.0
2026-05-17T18:15:40,ERR,ERR,ERR,ERR,ERR,ERR,ERR,ERR,ERR,ERR,ERR,ERR,ERR,ERR,ERR,ERR,ERR,ERR,ERR,ERR,ERR,ERR,ERR,ERR,ERR,ERR,ERR,ERR,ERR,ERR,ERR,ERR,ERR,ERR,ERR,ERR,ERR,ERR,ERR,ERR,ERR,ERR,ERR,ERR,ERR,ERR,ERR,ERR,ERR,ERR,ERR,ERR,ERR,ERR,ERR,ERR,ERR,ERR,ERR,ERR,ERR,ERR,ERR,ERR,ERR,ERR,ERR,ERR,ERR,ERR,ERR,ERR,ERR,ERR,ERR,ERR,ERR,ERR,ERR,ERR,ERR,ERR,ERR,ERR,ERR,ERR,ERR,ERR,ERR,ERR,ERR,ERR,ERR,ERR,ERR,ERR,ERR,ERR,ERR,ERR,ERR,ERR,ERR,ERR,ERR,ERR,ERR,ERR,ERR,ERR,ERR,ERR,ERR,ERR,ERR,ERR,ERR,ERR,ERR,ERR,ERR,ERR,ERR,ERR,ERR,0.0,-107615296.0,-134474944.0,0.0,0.0,1.3936040501711995e+18,7.805,0.0,0,0,4,0,8422,0.0,45,0.0,0.0,0.0,0.0,0.0,0,0,0,0,0.0,0,0,0,0,0,0,0,0,0,0,0,0,0,0,0,0,0,0,0,0,0,0,0,0,0,0,0,0,0,0,0,0,0,38,14,7,45,65476,0,300,0,0,8,21553,0.0,-107605600.0,0.0,0.0,0.0,0.0,0.0,0.0,0.0,0.0,0.0,0.0,0.0,0.0,0.0,0.0,0.0,0.0,0.0,0.0,0.0,0.0,0.0,0.0,-0.0,0.0,0.0,0.0,0.0,0.0,5048.0,-8608183296.0,0.0,0.0,-107615296.0,-107615280.0,2.718429300292151e+23,0.0,0.0,0.0,0.0,53,-0.0,-4.950401904804668e+32,0.0,0.0,0.0,0.0,0.0,0.0,0.0,0,0,0,0.0,0.0,0.0,0.0,0.0,0.0,0.0,0.0,0.0,0.0,0.0,0.0,0.0,0.0,0.0,0.0,0,-107875648.0,53,0.0,106,-107614832.0,0.0,ERR,ERR,ERR,ERR,ERR,ERR,ERR,ERR,ERR,ERR,ERR,ERR,ERR,ERR,ERR,ERR,ERR,ERR,ERR,ERR,ERR,ERR,ERR,ERR,ERR,ERR,ERR,ERR,ERR,ERR,ERR,ERR,ERR,ERR,ERR,ERR,ERR,ERR,ERR,ERR,ERR,ERR,ERR,ERR,ERR,ERR,ERR,ERR,ERR,ERR,ERR,ERR,ERR,ERR,ERR,ERR,ERR,ERR,ERR,ERR,ERR,ERR,ERR,ERR,ERR,ERR,ERR,50.0,60.0,100,0.0,0.0,0.0,0.0,0.0,0.0,0.0,0.0,0.0,0.0,0.0,0.0,0.0,0.0,0.0,0.0,61.6,74,13,65512,50,65476,0,300,0,0,8,20529,65476,0,0,26214,60.0,0.0,0.0,0.0,0.0,0.0
2026-05-17T18:15:41,ERR,ERR,ERR,ERR,ERR,ERR,ERR,ERR,ERR,ERR,ERR,ERR,ERR,ERR,ERR,ERR,ERR,ERR,ERR,ERR,ERR,ERR,ERR,ERR,ERR,ERR,ERR,ERR,ERR,ERR,ERR,ERR,ERR,ERR,ERR,ERR,ERR,ERR,ERR,ERR,ERR,ERR,ERR,ERR,ERR,ERR,ERR,ERR,ERR,ERR,ERR,ERR,ERR,ERR,ERR,ERR,ERR,ERR,ERR,ERR,ERR,ERR,ERR,ERR,ERR,ERR,ERR,ERR,ERR,ERR,ERR,ERR,ERR,ERR,ERR,ERR,ERR,ERR,ERR,ERR,ERR,ERR,ERR,ERR,ERR,ERR,ERR,ERR,ERR,ERR,ERR,ERR,ERR,ERR,ERR,ERR,ERR,ERR,ERR,ERR,ERR,ERR,ERR,ERR,ERR,ERR,ERR,ERR,ERR,ERR,ERR,ERR,ERR,ERR,ERR,ERR,ERR,ERR,ERR,ERR,ERR,ERR,ERR,ERR,ERR,0.0,-107615296.0,-134474944.0,0.0,0.0,1.3936040501711995e+18,7.805,0.0,0,0,4,0,8422,0.0,45,0.0,0.0,0.0,0.0,0.0,0,0,0,0,0.0,0,0,0,0,0,0,0,0,0,0,0,0,0,0,0,0,0,0,0,0,0,0,0,0,0,0,0,0,0,0,0,0,0,38,14,7,45,65476,0,300,0,0,8,21553,0.0,-107605600.0,0.0,0.0,0.0,0.0,0.0,0.0,0.0,0.0,0.0,0.0,0.0,0.0,0.0,0.0,0.0,0.0,0.0,0.0,0.0,0.0,0.0,0.0,-0.0,0.0,0.0,0.0,0.0,0.0,5048.0,-8608183296.0,0.0,0.0,-107615296.0,-107615280.0,2.718429300292151e+23,0.0,0.0,0.0,0.0,53,-0.0,-4.950401904804668e+32,0.0,0.0,0.0,0.0,0.0,0.0,0.0,0,0,0,0.0,0.0,0.0,0.0,0.0,0.0,0.0,0.0,0.0,0.0,0.0,0.0,0.0,0.0,0.0,0.0,0,-107875648.0,53,0.0,106,-107614832.0,0.0,ERR,ERR,ERR,ERR,ERR,ERR,ERR,ERR,ERR,ERR,ERR,ERR,ERR,ERR,ERR,ERR,ERR,ERR,ERR,ERR,ERR,ERR,ERR,ERR,ERR,ERR,ERR,ERR,ERR,ERR,ERR,ERR,ERR,ERR,ERR,ERR,ERR,ERR,ERR,ERR,ERR,ERR,ERR,ERR,ERR,ERR,ERR,ERR,ERR,ERR,ERR,ERR,ERR,ERR,ERR,ERR,ERR,ERR,ERR,ERR,ERR,ERR,ERR,ERR,ERR,ERR,ERR,50.0,60.0,100,0.0,0.0,0.0,0.0,0.0,0.0,0.0,0.0,0.0,0.0,0.0,0.0,0.0,0.0,0.0,0.0,61.6,74,13,65512,50,65476,0,300,0,0,8,20529,65476,0,0,26214,60.0,0.0,0.0,0.0,0.0,0.0
2026-05-17T18:15:42,ERR,ERR,ERR,ERR,ERR,ERR,ERR,ERR,ERR,ERR,ERR,ERR,ERR,ERR,ERR,ERR,ERR,ERR,ERR,ERR,ERR,ERR,ERR,ERR,ERR,ERR,ERR,ERR,ERR,ERR,ERR,ERR,ERR,ERR,ERR,ERR,ERR,ERR,ERR,ERR,ERR,ERR,ERR,ERR,ERR,ERR,ERR,ERR,ERR,ERR,ERR,ERR,ERR,ERR,ERR,ERR,ERR,ERR,ERR,ERR,ERR,ERR,ERR,ERR,ERR,ERR,ERR,ERR,ERR,ERR,ERR,ERR,ERR,ERR,ERR,ERR,ERR,ERR,ERR,ERR,ERR,ERR,ERR,ERR,ERR,ERR,ERR,ERR,ERR,ERR,ERR,ERR,ERR,ERR,ERR,ERR,ERR,ERR,ERR,ERR,ERR,ERR,ERR,ERR,ERR,ERR,ERR,ERR,ERR,ERR,ERR,ERR,ERR,ERR,ERR,ERR,ERR,ERR,ERR,ERR,ERR,ERR,ERR,ERR,ERR,0.0,-107615296.0,-134474944.0,0.0,0.0,1.3936040501711995e+18,7.805,0.0,0,0,4,0,8422,0.0,45,0.0,0.0,0.0,0.0,0.0,0,0,0,0,0.0,0,0,0,0,0,0,0,0,0,0,0,0,0,0,0,0,0,0,0,0,0,0,0,0,0,0,0,0,0,0,0,0,0,38,14,7,45,65476,0,300,0,0,8,21553,0.0,-107605600.0,0.0,0.0,0.0,0.0,0.0,0.0,0.0,0.0,0.0,0.0,0.0,0.0,0.0,0.0,0.0,0.0,0.0,0.0,0.0,0.0,0.0,0.0,-0.0,0.0,0.0,0.0,0.0,0.0,5048.0,-8608183296.0,0.0,0.0,-107615296.0,-107615280.0,2.718429300292151e+23,0.0,0.0,0.0,0.0,53,-0.0,-4.950401904804668e+32,0.0,0.0,0.0,0.0,0.0,0.0,0.0,0,0,0,0.0,0.0,0.0,0.0,0.0,0.0,0.0,0.0,0.0,0.0,0.0,0.0,0.0,0.0,0.0,0.0,0,-107875648.0,53,0.0,106,-107614832.0,0.0,ERR,ERR,ERR,ERR,ERR,ERR,ERR,ERR,ERR,ERR,ERR,ERR,ERR,ERR,ERR,ERR,ERR,ERR,ERR,ERR,ERR,ERR,ERR,ERR,ERR,ERR,ERR,ERR,ERR,ERR,ERR,ERR,ERR,ERR,ERR,ERR,ERR,ERR,ERR,ERR,ERR,ERR,ERR,ERR,ERR,ERR,ERR,ERR,ERR,ERR,ERR,ERR,ERR,ERR,ERR,ERR,ERR,ERR,ERR,ERR,ERR,ERR,ERR,ERR,ERR,ERR,ERR,50.0,60.0,100,0.0,0.0,0.0,0.0,0.0,0.0,0.0,0.0,0.0,0.0,0.0,0.0,0.0,0.0,0.0,0.0,61.6,74,13,65512,50,65476,0,300,0,0,8,20529,65476,0,0,26214,60.0,0.0,0.0,0.0,0.0,0.0
2026-05-17T18:15:43,ERR,ERR,ERR,ERR,ERR,ERR,ERR,ERR,ERR,ERR,ERR,ERR,ERR,ERR,ERR,ERR,ERR,ERR,ERR,ERR,ERR,ERR,ERR,ERR,ERR,ERR,ERR,ERR,ERR,ERR,ERR,ERR,ERR,ERR,ERR,ERR,ERR,ERR,ERR,ERR,ERR,ERR,ERR,ERR,ERR,ERR,ERR,ERR,ERR,ERR,ERR,ERR,ERR,ERR,ERR,ERR,ERR,ERR,ERR,ERR,ERR,ERR,ERR,ERR,ERR,ERR,ERR,ERR,ERR,ERR,ERR,ERR,ERR,ERR,ERR,ERR,ERR,ERR,ERR,ERR,ERR,ERR,ERR,ERR,ERR,ERR,ERR,ERR,ERR,ERR,ERR,ERR,ERR,ERR,ERR,ERR,ERR,ERR,ERR,ERR,ERR,ERR,ERR,ERR,ERR,ERR,ERR,ERR,ERR,ERR,ERR,ERR,ERR,ERR,ERR,ERR,ERR,ERR,ERR,ERR,ERR,ERR,ERR,ERR,ERR,0.0,-107615296.0,-134474944.0,0.0,0.0,1.3936040501711995e+18,7.805,0.0,0,0,4,0,8422,0.0,45,0.0,0.0,0.0,0.0,0.0,0,0,0,0,0.0,0,0,0,0,0,0,0,0,0,0,0,0,0,0,0,0,0,0,0,0,0,0,0,0,0,0,0,0,0,0,0,0,0,38,14,7,45,65476,0,300,0,0,8,21553,0.0,-107605600.0,0.0,0.0,0.0,0.0,0.0,0.0,0.0,0.0,0.0,0.0,0.0,0.0,0.0,0.0,0.0,0.0,0.0,0.0,0.0,0.0,0.0,0.0,-0.0,0.0,0.0,0.0,0.0,0.0,5048.0,-8608183296.0,0.0,0.0,-107615296.0,-107615280.0,2.718429300292151e+23,0.0,0.0,0.0,0.0,53,-0.0,-4.950401904804668e+32,0.0,0.0,0.0,0.0,0.0,0.0,0.0,0,0,0,0.0,0.0,0.0,0.0,0.0,0.0,0.0,0.0,0.0,0.0,0.0,0.0,0.0,0.0,0.0,0.0,0,-107875648.0,53,0.0,106,-107614832.0,0.0,ERR,ERR,ERR,ERR,ERR,ERR,ERR,ERR,ERR,ERR,ERR,ERR,ERR,ERR,ERR,ERR,ERR,ERR,ERR,ERR,ERR,ERR,ERR,ERR,ERR,ERR,ERR,ERR,ERR,ERR,ERR,ERR,ERR,ERR,ERR,ERR,ERR,ERR,ERR,ERR,ERR,ERR,ERR,ERR,ERR,ERR,ERR,ERR,ERR,ERR,ERR,ERR,ERR,ERR,ERR,ERR,ERR,ERR,ERR,ERR,ERR,ERR,ERR,ERR,ERR,ERR,ERR,50.0,60.0,100,0.0,0.0,0.0,0.0,0.0,0.0,0.0,0.0,0.0,0.0,0.0,0.0,0.0,0.0,0.0,0.0,61.6,74,13,65512,50,65476,0,300,0,0,8,20529,65476,0,0,26214,60.0,0.0,0.0,0.0,0.0,0.0
2026-05-17T18:15:44,ERR,ERR,ERR,ERR,ERR,ERR,ERR,ERR,ERR,ERR,ERR,ERR,ERR,ERR,ERR,ERR,ERR,ERR,ERR,ERR,ERR,ERR,ERR,ERR,ERR,ERR,ERR,ERR,ERR,ERR,ERR,ERR,ERR,ERR,ERR,ERR,ERR,ERR,ERR,ERR,ERR,ERR,ERR,ERR,ERR,ERR,ERR,ERR,ERR,ERR,ERR,ERR,ERR,ERR,ERR,ERR,ERR,ERR,ERR,ERR,ERR,ERR,ERR,ERR,ERR,ERR,ERR,ERR,ERR,ERR,ERR,ERR,ERR,ERR,ERR,ERR,ERR,ERR,ERR,ERR,ERR,ERR,ERR,ERR,ERR,ERR,ERR,ERR,ERR,ERR,ERR,ERR,ERR,ERR,ERR,ERR,ERR,ERR,ERR,ERR,ERR,ERR,ERR,ERR,ERR,ERR,ERR,ERR,ERR,ERR,ERR,ERR,ERR,ERR,ERR,ERR,ERR,ERR,ERR,ERR,ERR,ERR,ERR,ERR,ERR,0.0,-107615296.0,-134474944.0,0.0,0.0,1.3936040501711995e+18,7.805,0.0,0,0,4,0,8422,0.0,45,0.0,0.0,0.0,0.0,0.0,0,0,0,0,0.0,0,0,0,0,0,0,0,0,0,0,0,0,0,0,0,0,0,0,0,0,0,0,0,0,0,0,0,0,0,0,0,0,0,38,14,7,45,65476,0,300,0,0,8,21553,0.0,-107605600.0,0.0,0.0,0.0,0.0,0.0,0.0,0.0,0.0,0.0,0.0,0.0,0.0,0.0,0.0,0.0,0.0,0.0,0.0,0.0,0.0,0.0,0.0,-0.0,0.0,0.0,0.0,0.0,0.0,5076.0,0.0,0.0,0.0,-107615296.0,-107615280.0,2.718429300292151e+23,0.0,0.0,0.0,0.0,53,4.950428597886765e+32,1.9056862663645594e+17,0.0,0.0,0.0,0.0,0.0,0.0,0.0,0,0,0,0.0,0.0,0.0,0.0,0.0,0.0,0.0,0.0,0.0,0.0,0.0,0.0,0.0,0.0,0.0,0.0,0,-107875648.0,53,0.0,106,-107614832.0,0.0,ERR,ERR,ERR,ERR,ERR,ERR,ERR,ERR,ERR,ERR,ERR,ERR,ERR,ERR,ERR,ERR,ERR,ERR,ERR,ERR,ERR,ERR,ERR,ERR,ERR,ERR,ERR,ERR,ERR,ERR,ERR,ERR,ERR,ERR,ERR,ERR,ERR,ERR,ERR,ERR,ERR,ERR,ERR,ERR,ERR,ERR,ERR,ERR,ERR,ERR,ERR,ERR,ERR,ERR,ERR,ERR,ERR,ERR,ERR,ERR,ERR,ERR,ERR,ERR,ERR,ERR,ERR,50.0,60.0,100,0.0,0.0,0.0,0.0,0.0,0.0,0.0,0.0,0.0,0.0,0.0,0.0,0.0,0.0,0.0,0.0,62.0,74,13,65512,50,65476,0,300,0,0,8,20529,65476,0,0,26214,60.0,0.0,0.0,0.0,0.0,0.0
2026-05-17T18:15:45,ERR,ERR,ERR,ERR,ERR,ERR,ERR,ERR,ERR,ERR,ERR,ERR,ERR,ERR,ERR,ERR,ERR,ERR,ERR,ERR,ERR,ERR,ERR,ERR,ERR,ERR,ERR,ERR,ERR,ERR,ERR,ERR,ERR,ERR,ERR,ERR,ERR,ERR,ERR,ERR,ERR,ERR,ERR,ERR,ERR,ERR,ERR,ERR,ERR,ERR,ERR,ERR,ERR,ERR,ERR,ERR,ERR,ERR,ERR,ERR,ERR,ERR,ERR,ERR,ERR,ERR,ERR,ERR,ERR,ERR,ERR,ERR,ERR,ERR,ERR,ERR,ERR,ERR,ERR,ERR,ERR,ERR,ERR,ERR,ERR,ERR,ERR,ERR,ERR,ERR,ERR,ERR,ERR,ERR,ERR,ERR,ERR,ERR,ERR,ERR,ERR,ERR,ERR,ERR,ERR,ERR,ERR,ERR,ERR,ERR,ERR,ERR,ERR,ERR,ERR,ERR,ERR,ERR,ERR,ERR,ERR,ERR,ERR,ERR,ERR,0.0,-107615296.0,-134474944.0,0.0,0.0,1.3936040501711995e+18,7.805,0.0,0,0,4,0,8422,0.0,45,0.0,0.0,0.0,0.0,0.0,0,0,0,0,0.0,0,0,0,0,0,0,0,0,0,0,0,0,0,0,0,0,0,0,0,0,0,0,0,0,0,0,0,0,0,0,0,0,0,38,14,7,45,65476,0,300,0,0,8,21553,0.0,-107605600.0,0.0,0.0,0.0,0.0,0.0,0.0,0.0,0.0,0.0,0.0,0.0,0.0,0.0,0.0,0.0,0.0,0.0,0.0,0.0,0.0,0.0,0.0,-0.0,0.0,0.0,0.0,0.0,0.0,5076.0,0.0,0.0,0.0,-107615296.0,-107615280.0,2.718429300292151e+23,0.0,0.0,0.0,0.0,53,4.950428597886765e+32,1.9056862663645594e+17,0.0,0.0,0.0,0.0,0.0,0.0,0.0,0,0,0,0.0,0.0,0.0,0.0,0.0,0.0,0.0,0.0,0.0,0.0,0.0,0.0,0.0,0.0,0.0,0.0,0,-107875648.0,53,0.0,106,-107614832.0,0.0,ERR,ERR,ERR,ERR,ERR,ERR,ERR,ERR,ERR,ERR,ERR,ERR,ERR,ERR,ERR,ERR,ERR,ERR,ERR,ERR,ERR,ERR,ERR,ERR,ERR,ERR,ERR,ERR,ERR,ERR,ERR,ERR,ERR,ERR,ERR,ERR,ERR,ERR,ERR,ERR,ERR,ERR,ERR,ERR,ERR,ERR,ERR,ERR,ERR,ERR,ERR,ERR,ERR,ERR,ERR,ERR,ERR,ERR,ERR,ERR,ERR,ERR,ERR,ERR,ERR,ERR,ERR,50.0,60.0,100,0.0,0.0,0.0,0.0,0.0,0.0,0.0,0.0,0.0,0.0,0.0,0.0,0.0,0.0,0.0,0.0,61.6,74,13,65512,50,65476,0,300,0,0,8,20529,65476,0,0,26214,60.0,0.0,0.0,0.0,0.0,0.0
2026-05-17T18:15:46,ERR,ERR,ERR,ERR,ERR,ERR,ERR,ERR,ERR,ERR,ERR,ERR,ERR,ERR,ERR,ERR,ERR,ERR,ERR,ERR,ERR,ERR,ERR,ERR,ERR,ERR,ERR,ERR,ERR,ERR,ERR,ERR,ERR,ERR,ERR,ERR,ERR,ERR,ERR,ERR,ERR,ERR,ERR,ERR,ERR,ERR,ERR,ERR,ERR,ERR,ERR,ERR,ERR,ERR,ERR,ERR,ERR,ERR,ERR,ERR,ERR,ERR,ERR,ERR,ERR,ERR,ERR,ERR,ERR,ERR,ERR,ERR,ERR,ERR,ERR,ERR,ERR,ERR,ERR,ERR,ERR,ERR,ERR,ERR,ERR,ERR,ERR,ERR,ERR,ERR,ERR,ERR,ERR,ERR,ERR,ERR,ERR,ERR,ERR,ERR,ERR,ERR,ERR,ERR,ERR,ERR,ERR,ERR,ERR,ERR,ERR,ERR,ERR,ERR,ERR,ERR,ERR,ERR,ERR,ERR,ERR,ERR,ERR,ERR,ERR,0.0,-107615296.0,-134474944.0,0.0,0.0,1.3936040501711995e+18,7.805,0.0,0,0,4,0,8422,0.0,45,0.0,0.0,0.0,0.0,0.0,0,0,0,0,0.0,0,0,0,0,0,0,0,0,0,0,0,0,0,0,0,0,0,0,0,0,0,0,0,0,0,0,0,0,0,0,0,0,0,38,14,7,45,65476,0,300,0,0,8,21553,0.0,-107605600.0,0.0,0.0,0.0,0.0,0.0,0.0,0.0,0.0,0.0,0.0,0.0,0.0,0.0,0.0,0.0,0.0,0.0,0.0,0.0,0.0,0.0,0.0,-0.0,0.0,0.0,0.0,0.0,0.0,5076.0,0.0,0.0,0.0,-107615296.0,-107615280.0,2.718429300292151e+23,0.0,0.0,0.0,0.0,53,4.950428597886765e+32,1.9056862663645594e+17,0.0,0.0,0.0,0.0,0.0,0.0,0.0,0,0,0,0.0,0.0,0.0,0.0,0.0,0.0,0.0,0.0,0.0,0.0,0.0,0.0,0.0,0.0,0.0,0.0,0,-107875648.0,53,0.0,106,-107614832.0,0.0,ERR,ERR,ERR,ERR,ERR,ERR,ERR,ERR,ERR,ERR,ERR,ERR,ERR,ERR,ERR,ERR,ERR,ERR,ERR,ERR,ERR,ERR,ERR,ERR,ERR,ERR,ERR,ERR,ERR,ERR,ERR,ERR,ERR,ERR,ERR,ERR,ERR,ERR,ERR,ERR,ERR,ERR,ERR,ERR,ERR,ERR,ERR,ERR,ERR,ERR,ERR,ERR,ERR,ERR,ERR,ERR,ERR,ERR,ERR,ERR,ERR,ERR,ERR,ERR,ERR,ERR,ERR,50.0,60.0,100,0.0,0.0,0.0,0.0,0.0,0.0,0.0,0.0,0.0,0.0,0.0,0.0,0.0,0.0,0.0,0.0,61.6,74,13,65512,50,65476,0,300,0,0,8,20529,65476,0,0,26214,60.0,0.0,0.0,0.0,0.0,0.0
2026-05-17T18:15:47,ERR,ERR,ERR,ERR,ERR,ERR,ERR,ERR,ERR,ERR,ERR,ERR,ERR,ERR,ERR,ERR,ERR,ERR,ERR,ERR,ERR,ERR,ERR,ERR,ERR,ERR,ERR,ERR,ERR,ERR,ERR,ERR,ERR,ERR,ERR,ERR,ERR,ERR,ERR,ERR,ERR,ERR,ERR,ERR,ERR,ERR,ERR,ERR,ERR,ERR,ERR,ERR,ERR,ERR,ERR,ERR,ERR,ERR,ERR,ERR,ERR,ERR,ERR,ERR,ERR,ERR,ERR,ERR,ERR,ERR,ERR,ERR,ERR,ERR,ERR,ERR,ERR,ERR,ERR,ERR,ERR,ERR,ERR,ERR,ERR,ERR,ERR,ERR,ERR,ERR,ERR,ERR,ERR,ERR,ERR,ERR,ERR,ERR,ERR,ERR,ERR,ERR,ERR,ERR,ERR,ERR,ERR,ERR,ERR,ERR,ERR,ERR,ERR,ERR,ERR,ERR,ERR,ERR,ERR,ERR,ERR,ERR,ERR,ERR,ERR,0.0,-107615296.0,-134474944.0,0.0,0.0,1.3936040501711995e+18,7.805,0.0,0,0,4,0,8422,0.0,45,0.0,0.0,0.0,0.0,0.0,0,0,0,0,0.0,0,0,0,0,0,0,0,0,0,0,0,0,0,0,0,0,0,0,0,0,0,0,0,0,0,0,0,0,0,0,0,0,0,38,14,7,45,65476,0,300,0,0,8,21553,0.0,-107605600.0,0.0,0.0,0.0,0.0,0.0,0.0,0.0,0.0,0.0,0.0,0.0,0.0,0.0,0.0,0.0,0.0,0.0,0.0,0.0,0.0,0.0,0.0,-0.0,0.0,0.0,0.0,0.0,0.0,5076.0,0.0,0.0,0.0,-107615296.0,-107615280.0,2.718429300292151e+23,0.0,0.0,0.0,0.0,53,4.950428597886765e+32,1.9056862663645594e+17,0.0,0.0,0.0,0.0,0.0,0.0,0.0,0,0,0,0.0,0.0,0.0,0.0,0.0,0.0,0.0,0.0,0.0,0.0,0.0,0.0,0.0,0.0,0.0,0.0,0,-107875648.0,53,0.0,106,-107614832.0,0.0,ERR,ERR,ERR,ERR,ERR,ERR,ERR,ERR,ERR,ERR,ERR,ERR,ERR,ERR,ERR,ERR,ERR,ERR,ERR,ERR,ERR,ERR,ERR,ERR,ERR,ERR,ERR,ERR,ERR,ERR,ERR,ERR,ERR,ERR,ERR,ERR,ERR,ERR,ERR,ERR,ERR,ERR,ERR,ERR,ERR,ERR,ERR,ERR,ERR,ERR,ERR,ERR,ERR,ERR,ERR,ERR,ERR,ERR,ERR,ERR,ERR,ERR,ERR,ERR,ERR,ERR,ERR,50.0,60.0,100,0.0,0.0,0.0,0.0,0.0,0.0,0.0,0.0,0.0,0.0,0.0,0.0,0.0,0.0,0.0,0.0,61.6,74,13,65512,50,65476,0,300,0,0,8,20529,65476,0,0,26214,60.0,0.0,0.0,0.0,0.0,0.0
2026-05-17T18:15:48,ERR,ERR,ERR,ERR,ERR,ERR,ERR,ERR,ERR,ERR,ERR,ERR,ERR,ERR,ERR,ERR,ERR,ERR,ERR,ERR,ERR,ERR,ERR,ERR,ERR,ERR,ERR,ERR,ERR,ERR,ERR,ERR,ERR,ERR,ERR,ERR,ERR,ERR,ERR,ERR,ERR,ERR,ERR,ERR,ERR,ERR,ERR,ERR,ERR,ERR,ERR,ERR,ERR,ERR,ERR,ERR,ERR,ERR,ERR,ERR,ERR,ERR,ERR,ERR,ERR,ERR,ERR,ERR,ERR,ERR,ERR,ERR,ERR,ERR,ERR,ERR,ERR,ERR,ERR,ERR,ERR,ERR,ERR,ERR,ERR,ERR,ERR,ERR,ERR,ERR,ERR,ERR,ERR,ERR,ERR,ERR,ERR,ERR,ERR,ERR,ERR,ERR,ERR,ERR,ERR,ERR,ERR,ERR,ERR,ERR,ERR,ERR,ERR,ERR,ERR,ERR,ERR,ERR,ERR,ERR,ERR,ERR,ERR,ERR,ERR,0.0,-107615296.0,-134474944.0,0.0,0.0,1.3936040501711995e+18,7.805,0.0,0,0,4,0,8422,0.0,45,0.0,0.0,0.0,0.0,0.0,0,0,0,0,0.0,0,0,0,0,0,0,0,0,0,0,0,0,0,0,0,0,0,0,0,0,0,0,0,0,0,0,0,0,0,0,0,0,0,38,14,7,45,65476,0,300,0,0,8,21553,0.0,-107605600.0,0.0,0.0,0.0,0.0,0.0,0.0,0.0,0.0,0.0,0.0,0.0,0.0,0.0,0.0,0.0,0.0,0.0,0.0,0.0,0.0,0.0,0.0,-0.0,0.0,0.0,0.0,0.0,0.0,5076.0,0.0,0.0,0.0,-107615296.0,-107615280.0,2.718429300292151e+23,0.0,0.0,0.0,0.0,53,4.950428597886765e+32,1.9056862663645594e+17,0.0,0.0,0.0,0.0,0.0,0.0,0.0,0,0,0,0.0,0.0,0.0,0.0,0.0,0.0,0.0,0.0,0.0,0.0,0.0,0.0,0.0,0.0,0.0,0.0,0,-107875648.0,53,0.0,106,-107614832.0,0.0,ERR,ERR,ERR,ERR,ERR,ERR,ERR,ERR,ERR,ERR,ERR,ERR,ERR,ERR,ERR,ERR,ERR,ERR,ERR,ERR,ERR,ERR,ERR,ERR,ERR,ERR,ERR,ERR,ERR,ERR,ERR,ERR,ERR,ERR,ERR,ERR,ERR,ERR,ERR,ERR,ERR,ERR,ERR,ERR,ERR,ERR,ERR,ERR,ERR,ERR,ERR,ERR,ERR,ERR,ERR,ERR,ERR,ERR,ERR,ERR,ERR,ERR,ERR,ERR,ERR,ERR,ERR,50.0,60.0,100,0.0,0.0,0.0,0.0,0.0,0.0,0.0,0.0,0.0,0.0,0.0,0.0,0.0,0.0,0.0,0.0,61.6,74,13,65512,50,65476,0,300,0,0,8,20529,65476,0,0,26214,60.0,0.0,0.0,0.0,0.0,0.0
2026-05-17T18:15:49,ERR,ERR,ERR,ERR,ERR,ERR,ERR,ERR,ERR,ERR,ERR,ERR,ERR,ERR,ERR,ERR,ERR,ERR,ERR,ERR,ERR,ERR,ERR,ERR,ERR,ERR,ERR,ERR,ERR,ERR,ERR,ERR,ERR,ERR,ERR,ERR,ERR,ERR,ERR,ERR,ERR,ERR,ERR,ERR,ERR,ERR,ERR,ERR,ERR,ERR,ERR,ERR,ERR,ERR,ERR,ERR,ERR,ERR,ERR,ERR,ERR,ERR,ERR,ERR,ERR,ERR,ERR,ERR,ERR,ERR,ERR,ERR,ERR,ERR,ERR,ERR,ERR,ERR,ERR,ERR,ERR,ERR,ERR,ERR,ERR,ERR,ERR,ERR,ERR,ERR,ERR,ERR,ERR,ERR,ERR,ERR,ERR,ERR,ERR,ERR,ERR,ERR,ERR,ERR,ERR,ERR,ERR,ERR,ERR,ERR,ERR,ERR,ERR,ERR,ERR,ERR,ERR,ERR,ERR,ERR,ERR,ERR,ERR,ERR,ERR,0.0,-107615296.0,-134474944.0,0.0,0.0,1.3936040501711995e+18,7.805,0.0,0,0,4,0,8422,0.0,45,0.0,0.0,0.0,0.0,0.0,0,0,0,0,0.0,0,0,0,0,0,0,0,0,0,0,0,0,0,0,0,0,0,0,0,0,0,0,0,0,0,0,0,0,0,0,0,0,0,38,14,7,45,65476,0,300,0,0,8,21553,0.0,-107605600.0,0.0,0.0,0.0,0.0,0.0,0.0,0.0,0.0,0.0,0.0,0.0,0.0,0.0,0.0,0.0,0.0,0.0,0.0,0.0,0.0,-2.004,0.0,-0.0,0.0,0.0,0.0,0.0,0.0,5085.0,0.0,0.0,0.0,-107615296.0,-107615280.0,2.718429300292151e+23,0.0,0.0,0.0,0.0,53,-0.0,2.718417771077105e+23,0.0,0.0,0.0,0.0,0.0,0.0,0.0,0,0,0,0.0,0.0,0.0,0.0,0.0,0.0,0.0,0.0,0.0,0.0,0.0,0.0,0.0,0.0,0.0,0.0,0,-107875648.0,53,0.0,106,-107614832.0,0.0,ERR,ERR,ERR,ERR,ERR,ERR,ERR,ERR,ERR,ERR,ERR,ERR,ERR,ERR,ERR,ERR,ERR,ERR,ERR,ERR,ERR,ERR,ERR,ERR,ERR,ERR,ERR,ERR,ERR,ERR,ERR,ERR,ERR,ERR,ERR,ERR,ERR,ERR,ERR,ERR,ERR,ERR,ERR,ERR,ERR,ERR,ERR,ERR,ERR,ERR,ERR,ERR,ERR,ERR,ERR,ERR,ERR,ERR,ERR,ERR,ERR,ERR,ERR,ERR,ERR,ERR,ERR,50.0,60.0,100,0.0,0.0,0.0,0.0,0.0,0.0,0.0,0.0,0.0,0.0,0.0,0.0,0.0,0.0,0.0,0.0,61.6,74,13,65512,50,65476,0,300,0,0,8,20529,65476,0,0,26214,60.0,0.0,0.0,0.0,0.0,0.0
2026-05-17T18:15:50,ERR,ERR,ERR,ERR,ERR,ERR,ERR,ERR,ERR,ERR,ERR,ERR,ERR,ERR,ERR,ERR,ERR,ERR,ERR,ERR,ERR,ERR,ERR,ERR,ERR,ERR,ERR,ERR,ERR,ERR,ERR,ERR,ERR,ERR,ERR,ERR,ERR,ERR,ERR,ERR,ERR,ERR,ERR,ERR,ERR,ERR,ERR,ERR,ERR,ERR,ERR,ERR,ERR,ERR,ERR,ERR,ERR,ERR,ERR,ERR,ERR,ERR,ERR,ERR,ERR,ERR,ERR,ERR,ERR,ERR,ERR,ERR,ERR,ERR,ERR,ERR,ERR,ERR,ERR,ERR,ERR,ERR,ERR,ERR,ERR,ERR,ERR,ERR,ERR,ERR,ERR,ERR,ERR,ERR,ERR,ERR,ERR,ERR,ERR,ERR,ERR,ERR,ERR,ERR,ERR,ERR,ERR,ERR,ERR,ERR,ERR,ERR,ERR,ERR,ERR,ERR,ERR,ERR,ERR,ERR,ERR,ERR,ERR,ERR,ERR,0.0,-107615296.0,-134474944.0,0.0,0.0,1.3936040501711995e+18,7.805,0.0,0,0,4,0,8422,0.0,45,0.0,0.0,0.0,0.0,0.0,0,0,0,0,0.0,0,0,0,0,0,0,0,0,0,0,0,0,0,0,0,0,0,0,0,0,0,0,0,0,0,0,0,0,0,0,0,0,0,38,14,7,45,65476,0,300,0,0,8,21553,0.0,-107605600.0,0.0,0.0,0.0,0.0,0.0,0.0,0.0,0.0,0.0,0.0,0.0,0.0,0.0,0.0,0.0,0.0,0.0,0.0,0.0,0.0,-2.004,0.0,-0.0,0.0,0.0,0.0,0.0,0.0,5085.0,0.0,0.0,0.0,-107615296.0,-107615280.0,2.718429300292151e+23,0.0,0.0,0.0,0.0,53,-0.0,2.718417771077105e+23,0.0,0.0,0.0,0.0,0.0,0.0,0.0,0,0,0,0.0,0.0,0.0,0.0,0.0,0.0,0.0,0.0,0.0,0.0,0.0,0.0,0.0,0.0,0.0,0.0,0,-107875648.0,53,0.0,106,-107614832.0,0.0,ERR,ERR,ERR,ERR,ERR,ERR,ERR,ERR,ERR,ERR,ERR,ERR,ERR,ERR,ERR,ERR,ERR,ERR,ERR,ERR,ERR,ERR,ERR,ERR,ERR,ERR,ERR,ERR,ERR,ERR,ERR,ERR,ERR,ERR,ERR,ERR,ERR,ERR,ERR,ERR,ERR,ERR,ERR,ERR,ERR,ERR,ERR,ERR,ERR,ERR,ERR,ERR,ERR,ERR,ERR,ERR,ERR,ERR,ERR,ERR,ERR,ERR,ERR,ERR,ERR,ERR,ERR,50.0,60.0,100,0.0,0.0,0.0,0.0,0.0,0.0,0.0,0.0,0.0,0.0,0.0,0.0,0.0,0.0,0.0,0.0,61.6,74,13,65512,50,65476,0,300,0,0,8,20529,65476,0,0,26214,60.0,0.0,0.0,0.0,0.0,0.0
2026-05-17T18:15:51,ERR,ERR,ERR,ERR,ERR,ERR,ERR,ERR,ERR,ERR,ERR,ERR,ERR,ERR,ERR,ERR,ERR,ERR,ERR,ERR,ERR,ERR,ERR,ERR,ERR,ERR,ERR,ERR,ERR,ERR,ERR,ERR,ERR,ERR,ERR,ERR,ERR,ERR,ERR,ERR,ERR,ERR,ERR,ERR,ERR,ERR,ERR,ERR,ERR,ERR,ERR,ERR,ERR,ERR,ERR,ERR,ERR,ERR,ERR,ERR,ERR,ERR,ERR,ERR,ERR,ERR,ERR,ERR,ERR,ERR,ERR,ERR,ERR,ERR,ERR,ERR,ERR,ERR,ERR,ERR,ERR,ERR,ERR,ERR,ERR,ERR,ERR,ERR,ERR,ERR,ERR,ERR,ERR,ERR,ERR,ERR,ERR,ERR,ERR,ERR,ERR,ERR,ERR,ERR,ERR,ERR,ERR,ERR,ERR,ERR,ERR,ERR,ERR,ERR,ERR,ERR,ERR,ERR,ERR,ERR,ERR,ERR,ERR,ERR,ERR,0.0,-107615296.0,-134474944.0,0.0,0.0,1.3936040501711995e+18,7.805,0.0,0,0,4,0,8422,0.0,45,0.0,0.0,0.0,0.0,0.0,0,0,0,0,0.0,0,0,0,0,0,0,0,0,0,0,0,0,0,0,0,0,0,0,0,0,0,0,0,0,0,0,0,0,0,0,0,0,0,38,14,7,45,65476,0,300,0,0,8,21553,0.0,-107605600.0,0.0,0.0,0.0,0.0,0.0,0.0,0.0,0.0,0.0,0.0,0.0,0.0,0.0,0.0,0.0,0.0,0.0,0.0,0.0,0.0,-2.004,0.0,-0.0,0.0,0.0,0.0,0.0,0.0,5085.0,0.0,0.0,0.0,-107615296.0,-107615280.0,2.718429300292151e+23,0.0,0.0,0.0,0.0,53,-0.0,2.718417771077105e+23,0.0,0.0,0.0,0.0,0.0,0.0,0.0,0,0,0,0.0,0.0,0.0,0.0,0.0,0.0,0.0,0.0,0.0,0.0,0.0,0.0,0.0,0.0,0.0,0.0,0,-107875648.0,53,0.0,106,-107614832.0,0.0,ERR,ERR,ERR,ERR,ERR,ERR,ERR,ERR,ERR,ERR,ERR,ERR,ERR,ERR,ERR,ERR,ERR,ERR,ERR,ERR,ERR,ERR,ERR,ERR,ERR,ERR,ERR,ERR,ERR,ERR,ERR,ERR,ERR,ERR,ERR,ERR,ERR,ERR,ERR,ERR,ERR,ERR,ERR,ERR,ERR,ERR,ERR,ERR,ERR,ERR,ERR,ERR,ERR,ERR,ERR,ERR,ERR,ERR,ERR,ERR,ERR,ERR,ERR,ERR,ERR,ERR,ERR,50.0,60.0,100,0.0,0.0,0.0,0.0,0.0,0.0,0.0,0.0,0.0,0.0,0.0,0.0,0.0,0.0,0.0,0.0,61.6,74,13,65512,50,65476,0,300,0,0,8,20529,65476,0,0,26214,60.0,0.0,0.0,0.0,0.0,0.0
2026-05-17T18:15:52,ERR,ERR,ERR,ERR,ERR,ERR,ERR,ERR,ERR,ERR,ERR,ERR,ERR,ERR,ERR,ERR,ERR,ERR,ERR,ERR,ERR,ERR,ERR,ERR,ERR,ERR,ERR,ERR,ERR,ERR,ERR,ERR,ERR,ERR,ERR,ERR,ERR,ERR,ERR,ERR,ERR,ERR,ERR,ERR,ERR,ERR,ERR,ERR,ERR,ERR,ERR,ERR,ERR,ERR,ERR,ERR,ERR,ERR,ERR,ERR,ERR,ERR,ERR,ERR,ERR,ERR,ERR,ERR,ERR,ERR,ERR,ERR,ERR,ERR,ERR,ERR,ERR,ERR,ERR,ERR,ERR,ERR,ERR,ERR,ERR,ERR,ERR,ERR,ERR,ERR,ERR,ERR,ERR,ERR,ERR,ERR,ERR,ERR,ERR,ERR,ERR,ERR,ERR,ERR,ERR,ERR,ERR,ERR,ERR,ERR,ERR,ERR,ERR,ERR,ERR,ERR,ERR,ERR,ERR,ERR,ERR,ERR,ERR,ERR,ERR,0.0,-107615296.0,-134474944.0,0.0,0.0,1.3936040501711995e+18,7.805,0.0,0,0,4,0,8422,0.0,45,0.0,0.0,0.0,0.0,0.0,0,0,0,0,0.0,0,0,0,0,0,0,0,0,0,0,0,0,0,0,0,0,0,0,0,0,0,0,0,0,0,0,0,0,0,0,0,0,0,38,14,7,45,65476,0,300,0,0,8,21553,0.0,-107605600.0,0.0,0.0,0.0,0.0,0.0,0.0,0.0,0.0,0.0,0.0,0.0,0.0,0.0,0.0,0.0,0.0,0.0,0.0,0.0,0.0,-2.004,0.0,-0.0,0.0,0.0,0.0,0.0,0.0,5085.0,0.0,0.0,0.0,-107615296.0,-107615280.0,2.718429300292151e+23,0.0,0.0,0.0,0.0,53,-0.0,2.718417771077105e+23,0.0,0.0,0.0,0.0,0.0,0.0,0.0,0,0,0,0.0,0.0,0.0,0.0,0.0,0.0,0.0,0.0,0.0,0.0,0.0,0.0,0.0,0.0,0.0,0.0,0,-107875648.0,53,0.0,106,-107614832.0,0.0,ERR,ERR,ERR,ERR,ERR,ERR,ERR,ERR,ERR,ERR,ERR,ERR,ERR,ERR,ERR,ERR,ERR,ERR,ERR,ERR,ERR,ERR,ERR,ERR,ERR,ERR,ERR,ERR,ERR,ERR,ERR,ERR,ERR,ERR,ERR,ERR,ERR,ERR,ERR,ERR,ERR,ERR,ERR,ERR,ERR,ERR,ERR,ERR,ERR,ERR,ERR,ERR,ERR,ERR,ERR,ERR,ERR,ERR,ERR,ERR,ERR,ERR,ERR,ERR,ERR,ERR,ERR,50.0,60.0,100,0.0,0.0,0.0,0.0,0.0,0.0,0.0,0.0,0.0,0.0,0.0,0.0,0.0,0.0,0.0,0.0,62.0,74,13,65512,50,65476,0,300,0,0,8,20529,65476,0,0,26214,60.0,0.0,0.0,0.0,0.0,0.0
2026-05-17T18:15:53,ERR,ERR,ERR,ERR,ERR,ERR,ERR,ERR,ERR,ERR,ERR,ERR,ERR,ERR,ERR,ERR,ERR,ERR,ERR,ERR,ERR,ERR,ERR,ERR,ERR,ERR,ERR,ERR,ERR,ERR,ERR,ERR,ERR,ERR,ERR,ERR,ERR,ERR,ERR,ERR,ERR,ERR,ERR,ERR,ERR,ERR,ERR,ERR,ERR,ERR,ERR,ERR,ERR,ERR,ERR,ERR,ERR,ERR,ERR,ERR,ERR,ERR,ERR,ERR,ERR,ERR,ERR,ERR,ERR,ERR,ERR,ERR,ERR,ERR,ERR,ERR,ERR,ERR,ERR,ERR,ERR,ERR,ERR,ERR,ERR,ERR,ERR,ERR,ERR,ERR,ERR,ERR,ERR,ERR,ERR,ERR,ERR,ERR,ERR,ERR,ERR,ERR,ERR,ERR,ERR,ERR,ERR,ERR,ERR,ERR,ERR,ERR,ERR,ERR,ERR,ERR,ERR,ERR,ERR,ERR,ERR,ERR,ERR,ERR,ERR,0.0,-107615296.0,-134474944.0,0.0,0.0,1.3936040501711995e+18,7.805,0.0,0,0,4,0,8422,0.0,45,0.0,0.0,0.0,0.0,0.0,0,0,0,0,0.0,0,0,0,0,0,0,0,0,0,0,0,0,0,0,0,0,0,0,0,0,0,0,0,0,0,0,0,0,0,0,0,0,0,38,14,7,45,65476,0,300,0,0,8,21553,0.0,-107605600.0,0.0,0.0,0.0,0.0,0.0,0.0,0.0,0.0,0.0,0.0,0.0,0.0,0.0,0.0,0.0,0.0,0.0,0.0,0.0,0.0,-2.004,0.0,-0.0,0.0,0.0,0.0,0.0,0.0,5085.0,0.0,0.0,0.0,-107615296.0,-107615280.0,2.718429300292151e+23,0.0,0.0,0.0,0.0,53,-0.0,2.718417771077105e+23,0.0,0.0,0.0,0.0,0.0,0.0,0.0,0,0,0,0.0,0.0,0.0,0.0,0.0,0.0,0.0,0.0,0.0,0.0,0.0,0.0,0.0,0.0,0.0,0.0,0,-107875648.0,53,0.0,106,-107614832.0,0.0,ERR,ERR,ERR,ERR,ERR,ERR,ERR,ERR,ERR,ERR,ERR,ERR,ERR,ERR,ERR,ERR,ERR,ERR,ERR,ERR,ERR,ERR,ERR,ERR,ERR,ERR,ERR,ERR,ERR,ERR,ERR,ERR,ERR,ERR,ERR,ERR,ERR,ERR,ERR,ERR,ERR,ERR,ERR,ERR,ERR,ERR,ERR,ERR,ERR,ERR,ERR,ERR,ERR,ERR,ERR,ERR,ERR,ERR,ERR,ERR,ERR,ERR,ERR,ERR,ERR,ERR,ERR,50.0,60.0,100,0.0,0.0,0.0,0.0,0.0,0.0,0.0,0.0,0.0,0.0,0.0,0.0,0.0,0.0,0.0,0.0,62.0,74,13,65512,50,65476,0,300,0,0,8,20529,65476,0,0,26214,60.0,0.0,0.0,0.0,0.0,0.0
2026-05-17T18:15:54,ERR,ERR,ERR,ERR,ERR,ERR,ERR,ERR,ERR,ERR,ERR,ERR,ERR,ERR,ERR,ERR,ERR,ERR,ERR,ERR,ERR,ERR,ERR,ERR,ERR,ERR,ERR,ERR,ERR,ERR,ERR,ERR,ERR,ERR,ERR,ERR,ERR,ERR,ERR,ERR,ERR,ERR,ERR,ERR,ERR,ERR,ERR,ERR,ERR,ERR,ERR,ERR,ERR,ERR,ERR,ERR,ERR,ERR,ERR,ERR,ERR,ERR,ERR,ERR,ERR,ERR,ERR,ERR,ERR,ERR,ERR,ERR,ERR,ERR,ERR,ERR,ERR,ERR,ERR,ERR,ERR,ERR,ERR,ERR,ERR,ERR,ERR,ERR,ERR,ERR,ERR,ERR,ERR,ERR,ERR,ERR,ERR,ERR,ERR,ERR,ERR,ERR,ERR,ERR,ERR,ERR,ERR,ERR,ERR,ERR,ERR,ERR,ERR,ERR,ERR,ERR,ERR,ERR,ERR,ERR,ERR,ERR,ERR,ERR,ERR,0.0,-107615296.0,-134474944.0,0.0,0.0,1.3936040501711995e+18,7.805,0.0,0,0,4,0,8422,0.0,45,0.0,0.0,0.0,0.0,0.0,0,0,0,0,0.0,0,0,0,0,0,0,0,0,0,0,0,0,0,0,0,0,0,0,0,0,0,0,0,0,0,0,0,0,0,0,0,0,0,38,14,7,45,65476,0,300,0,0,8,21553,0.0,-107605600.0,0.0,0.0,0.0,0.0,0.0,0.0,0.0,0.0,0.0,0.0,0.0,0.0,0.0,0.0,0.0,0.0,0.0,0.0,0.0,0.0,0.0,0.0,-0.0,0.0,0.0,0.0,0.0,0.0,5084.0,0.0,0.0,0.0,-107615296.0,-107615280.0,2.718429300292151e+23,0.0,0.0,0.0,0.0,53,-0.0,2.718417771077105e+23,0.0,0.0,0.0,0.0,0.0,0.0,0.0,0,0,0,0.0,0.0,0.0,0.0,0.0,0.0,0.0,0.0,0.0,0.0,0.0,0.0,0.0,0.0,0.0,0.0,0,-107875648.0,53,0.0,106,-107614832.0,0.0,ERR,ERR,ERR,ERR,ERR,ERR,ERR,ERR,ERR,ERR,ERR,ERR,ERR,ERR,ERR,ERR,ERR,ERR,ERR,ERR,ERR,ERR,ERR,ERR,ERR,ERR,ERR,ERR,ERR,ERR,ERR,ERR,ERR,ERR,ERR,ERR,ERR,ERR,ERR,ERR,ERR,ERR,ERR,ERR,ERR,ERR,ERR,ERR,ERR,ERR,ERR,ERR,ERR,ERR,ERR,ERR,ERR,ERR,ERR,ERR,ERR,ERR,ERR,ERR,ERR,ERR,ERR,50.0,60.0,100,0.0,0.0,0.0,0.0,0.0,0.0,0.0,0.0,0.0,0.0,0.0,0.0,0.0,0.0,0.0,0.0,61.6,74,13,65512,50,65476,0,300,0,0,8,20529,65476,0,0,26214,60.0,0.0,0.0,0.0,0.0,0.0
2026-05-17T18:15:55,ERR,ERR,ERR,ERR,ERR,ERR,ERR,ERR,ERR,ERR,ERR,ERR,ERR,ERR,ERR,ERR,ERR,ERR,ERR,ERR,ERR,ERR,ERR,ERR,ERR,ERR,ERR,ERR,ERR,ERR,ERR,ERR,ERR,ERR,ERR,ERR,ERR,ERR,ERR,ERR,ERR,ERR,ERR,ERR,ERR,ERR,ERR,ERR,ERR,ERR,ERR,ERR,ERR,ERR,ERR,ERR,ERR,ERR,ERR,ERR,ERR,ERR,ERR,ERR,ERR,ERR,ERR,ERR,ERR,ERR,ERR,ERR,ERR,ERR,ERR,ERR,ERR,ERR,ERR,ERR,ERR,ERR,ERR,ERR,ERR,ERR,ERR,ERR,ERR,ERR,ERR,ERR,ERR,ERR,ERR,ERR,ERR,ERR,ERR,ERR,ERR,ERR,ERR,ERR,ERR,ERR,ERR,ERR,ERR,ERR,ERR,ERR,ERR,ERR,ERR,ERR,ERR,ERR,ERR,ERR,ERR,ERR,ERR,ERR,ERR,0.0,-107615296.0,-134474944.0,0.0,0.0,1.3936040501711995e+18,7.805,0.0,0,0,4,0,8422,0.0,45,0.0,0.0,0.0,0.0,0.0,0,0,0,0,0.0,0,0,0,0,0,0,0,0,0,0,0,0,0,0,0,0,0,0,0,0,0,0,0,0,0,0,0,0,0,0,0,0,0,38,14,7,45,65476,0,300,0,0,8,21553,0.0,-107605600.0,0.0,0.0,0.0,0.0,0.0,0.0,0.0,0.0,0.0,0.0,0.0,0.0,0.0,0.0,0.0,0.0,0.0,0.0,0.0,0.0,0.0,0.0,-0.0,0.0,0.0,0.0,0.0,0.0,5084.0,0.0,0.0,0.0,-107615296.0,-107615280.0,2.718429300292151e+23,0.0,0.0,0.0,0.0,53,-0.0,2.718417771077105e+23,0.0,0.0,0.0,0.0,0.0,0.0,0.0,0,0,0,0.0,0.0,0.0,0.0,0.0,0.0,0.0,0.0,0.0,0.0,0.0,0.0,0.0,0.0,0.0,0.0,0,-107875648.0,53,0.0,106,-107614832.0,0.0,ERR,ERR,ERR,ERR,ERR,ERR,ERR,ERR,ERR,ERR,ERR,ERR,ERR,ERR,ERR,ERR,ERR,ERR,ERR,ERR,ERR,ERR,ERR,ERR,ERR,ERR,ERR,ERR,ERR,ERR,ERR,ERR,ERR,ERR,ERR,ERR,ERR,ERR,ERR,ERR,ERR,ERR,ERR,ERR,ERR,ERR,ERR,ERR,ERR,ERR,ERR,ERR,ERR,ERR,ERR,ERR,ERR,ERR,ERR,ERR,ERR,ERR,ERR,ERR,ERR,ERR,ERR,50.0,60.0,100,0.0,0.0,0.0,0.0,0.0,0.0,0.0,0.0,0.0,0.0,0.0,0.0,0.0,0.0,0.0,0.0,61.6,74,13,65512,50,65476,0,300,0,0,8,20529,65476,0,0,26214,60.0,0.0,0.0,0.0,0.0,0.0
2026-05-17T18:15:56,ERR,ERR,ERR,ERR,ERR,ERR,ERR,ERR,ERR,ERR,ERR,ERR,ERR,ERR,ERR,ERR,ERR,ERR,ERR,ERR,ERR,ERR,ERR,ERR,ERR,ERR,ERR,ERR,ERR,ERR,ERR,ERR,ERR,ERR,ERR,ERR,ERR,ERR,ERR,ERR,ERR,ERR,ERR,ERR,ERR,ERR,ERR,ERR,ERR,ERR,ERR,ERR,ERR,ERR,ERR,ERR,ERR,ERR,ERR,ERR,ERR,ERR,ERR,ERR,ERR,ERR,ERR,ERR,ERR,ERR,ERR,ERR,ERR,ERR,ERR,ERR,ERR,ERR,ERR,ERR,ERR,ERR,ERR,ERR,ERR,ERR,ERR,ERR,ERR,ERR,ERR,ERR,ERR,ERR,ERR,ERR,ERR,ERR,ERR,ERR,ERR,ERR,ERR,ERR,ERR,ERR,ERR,ERR,ERR,ERR,ERR,ERR,ERR,ERR,ERR,ERR,ERR,ERR,ERR,ERR,ERR,ERR,ERR,ERR,ERR,0.0,-107615296.0,-134474944.0,0.0,0.0,1.3936040501711995e+18,7.805,0.0,0,0,4,0,8422,0.0,45,0.0,0.0,0.0,0.0,0.0,0,0,0,0,0.0,0,0,0,0,0,0,0,0,0,0,0,0,0,0,0,0,0,0,0,0,0,0,0,0,0,0,0,0,0,0,0,0,0,38,14,7,45,65476,0,300,0,0,8,21553,0.0,-107605600.0,0.0,0.0,0.0,0.0,0.0,0.0,0.0,0.0,0.0,0.0,0.0,0.0,0.0,0.0,0.0,0.0,0.0,0.0,0.0,0.0,0.0,0.0,-0.0,0.0,0.0,0.0,0.0,0.0,5084.0,0.0,0.0,0.0,-107615296.0,-107615280.0,2.718429300292151e+23,0.0,0.0,0.0,0.0,53,-0.0,2.718417771077105e+23,0.0,0.0,0.0,0.0,0.0,0.0,0.0,0,0,0,0.0,0.0,0.0,0.0,0.0,0.0,0.0,0.0,0.0,0.0,0.0,0.0,0.0,0.0,0.0,0.0,0,-107875648.0,53,0.0,106,-107614832.0,0.0,ERR,ERR,ERR,ERR,ERR,ERR,ERR,ERR,ERR,ERR,ERR,ERR,ERR,ERR,ERR,ERR,ERR,ERR,ERR,ERR,ERR,ERR,ERR,ERR,ERR,ERR,ERR,ERR,ERR,ERR,ERR,ERR,ERR,ERR,ERR,ERR,ERR,ERR,ERR,ERR,ERR,ERR,ERR,ERR,ERR,ERR,ERR,ERR,ERR,ERR,ERR,ERR,ERR,ERR,ERR,ERR,ERR,ERR,ERR,ERR,ERR,ERR,ERR,ERR,ERR,ERR,ERR,50.0,60.0,100,0.0,0.0,0.0,0.0,0.0,0.0,0.0,0.0,0.0,0.0,0.0,0.0,0.0,0.0,0.0,0.0,62.0,74,13,65512,50,65476,0,300,0,0,8,20529,65476,0,0,26214,60.0,0.0,0.0,0.0,0.0,0.0
2026-05-17T18:15:57,ERR,ERR,ERR,ERR,ERR,ERR,ERR,ERR,ERR,ERR,ERR,ERR,ERR,ERR,ERR,ERR,ERR,ERR,ERR,ERR,ERR,ERR,ERR,ERR,ERR,ERR,ERR,ERR,ERR,ERR,ERR,ERR,ERR,ERR,ERR,ERR,ERR,ERR,ERR,ERR,ERR,ERR,ERR,ERR,ERR,ERR,ERR,ERR,ERR,ERR,ERR,ERR,ERR,ERR,ERR,ERR,ERR,ERR,ERR,ERR,ERR,ERR,ERR,ERR,ERR,ERR,ERR,ERR,ERR,ERR,ERR,ERR,ERR,ERR,ERR,ERR,ERR,ERR,ERR,ERR,ERR,ERR,ERR,ERR,ERR,ERR,ERR,ERR,ERR,ERR,ERR,ERR,ERR,ERR,ERR,ERR,ERR,ERR,ERR,ERR,ERR,ERR,ERR,ERR,ERR,ERR,ERR,ERR,ERR,ERR,ERR,ERR,ERR,ERR,ERR,ERR,ERR,ERR,ERR,ERR,ERR,ERR,ERR,ERR,ERR,0.0,-107615296.0,-134474944.0,0.0,0.0,1.3936040501711995e+18,7.805,0.0,0,0,4,0,8422,0.0,45,0.0,0.0,0.0,0.0,0.0,0,0,0,0,0.0,0,0,0,0,0,0,0,0,0,0,0,0,0,0,0,0,0,0,0,0,0,0,0,0,0,0,0,0,0,0,0,0,0,38,14,7,45,65476,0,300,0,0,8,21553,0.0,-107605600.0,0.0,0.0,0.0,0.0,0.0,0.0,0.0,0.0,0.0,0.0,0.0,0.0,0.0,0.0,0.0,0.0,0.0,0.0,0.0,0.0,0.0,0.0,-0.0,0.0,0.0,0.0,0.0,0.0,5084.0,0.0,0.0,0.0,-107615296.0,-107615280.0,2.718429300292151e+23,0.0,0.0,0.0,0.0,53,-0.0,2.718417771077105e+23,0.0,0.0,0.0,0.0,0.0,0.0,0.0,0,0,0,0.0,0.0,0.0,0.0,0.0,0.0,0.0,0.0,0.0,0.0,0.0,0.0,0.0,0.0,0.0,0.0,0,-107875648.0,53,0.0,106,-107614832.0,0.0,ERR,ERR,ERR,ERR,ERR,ERR,ERR,ERR,ERR,ERR,ERR,ERR,ERR,ERR,ERR,ERR,ERR,ERR,ERR,ERR,ERR,ERR,ERR,ERR,ERR,ERR,ERR,ERR,ERR,ERR,ERR,ERR,ERR,ERR,ERR,ERR,ERR,ERR,ERR,ERR,ERR,ERR,ERR,ERR,ERR,ERR,ERR,ERR,ERR,ERR,ERR,ERR,ERR,ERR,ERR,ERR,ERR,ERR,ERR,ERR,ERR,ERR,ERR,ERR,ERR,ERR,ERR,50.0,60.0,100,0.0,0.0,0.0,0.0,0.0,0.0,0.0,0.0,0.0,0.0,0.0,0.0,0.0,0.0,0.0,0.0,62.0,74,13,65512,50,65476,0,300,0,0,8,20529,65476,0,0,26214,60.0,0.0,0.0,0.0,0.0,0.0
2026-05-17T18:15:58,ERR,ERR,ERR,ERR,ERR,ERR,ERR,ERR,ERR,ERR,ERR,ERR,ERR,ERR,ERR,ERR,ERR,ERR,ERR,ERR,ERR,ERR,ERR,ERR,ERR,ERR,ERR,ERR,ERR,ERR,ERR,ERR,ERR,ERR,ERR,ERR,ERR,ERR,ERR,ERR,ERR,ERR,ERR,ERR,ERR,ERR,ERR,ERR,ERR,ERR,ERR,ERR,ERR,ERR,ERR,ERR,ERR,ERR,ERR,ERR,ERR,ERR,ERR,ERR,ERR,ERR,ERR,ERR,ERR,ERR,ERR,ERR,ERR,ERR,ERR,ERR,ERR,ERR,ERR,ERR,ERR,ERR,ERR,ERR,ERR,ERR,ERR,ERR,ERR,ERR,ERR,ERR,ERR,ERR,ERR,ERR,ERR,ERR,ERR,ERR,ERR,ERR,ERR,ERR,ERR,ERR,ERR,ERR,ERR,ERR,ERR,ERR,ERR,ERR,ERR,ERR,ERR,ERR,ERR,ERR,ERR,ERR,ERR,ERR,ERR,0.0,-107615296.0,-134474944.0,0.0,0.0,1.3936040501711995e+18,7.805,0.0,0,0,4,0,8422,0.0,45,0.0,0.0,0.0,0.0,0.0,0,0,0,0,0.0,0,0,0,0,0,0,0,0,0,0,0,0,0,0,0,0,0,0,0,0,0,0,0,0,0,0,0,0,0,0,0,0,0,38,14,7,45,65476,0,300,0,0,8,21553,0.0,-107605600.0,0.0,0.0,0.0,0.0,0.0,0.0,0.0,0.0,0.0,0.0,0.0,0.0,0.0,0.0,0.0,0.0,0.0,0.0,0.0,0.0,0.0,0.0,-0.0,0.0,0.0,0.0,0.0,0.0,5084.0,0.0,0.0,0.0,-107615296.0,-107615280.0,2.718429300292151e+23,0.0,0.0,0.0,0.0,53,-0.0,2.718417771077105e+23,0.0,0.0,0.0,0.0,0.0,0.0,0.0,0,0,0,0.0,0.0,0.0,0.0,0.0,0.0,0.0,0.0,0.0,0.0,0.0,0.0,0.0,0.0,0.0,0.0,0,-107875648.0,53,0.0,106,-107614832.0,0.0,ERR,ERR,ERR,ERR,ERR,ERR,ERR,ERR,ERR,ERR,ERR,ERR,ERR,ERR,ERR,ERR,ERR,ERR,ERR,ERR,ERR,ERR,ERR,ERR,ERR,ERR,ERR,ERR,ERR,ERR,ERR,ERR,ERR,ERR,ERR,ERR,ERR,ERR,ERR,ERR,ERR,ERR,ERR,ERR,ERR,ERR,ERR,ERR,ERR,ERR,ERR,ERR,ERR,ERR,ERR,ERR,ERR,ERR,ERR,ERR,ERR,ERR,ERR,ERR,ERR,ERR,ERR,50.0,60.0,100,0.0,0.0,0.0,0.0,0.0,0.0,0.0,0.0,0.0,0.0,0.0,0.0,0.0,0.0,0.0,0.0,62.0,74,13,65512,50,65476,0,300,0,0,8,20529,65476,0,0,26214,60.0,0.0,0.0,0.0,0.0,0.0
2026-05-17T18:15:59,ERR,ERR,ERR,ERR,ERR,ERR,ERR,ERR,ERR,ERR,ERR,ERR,ERR,ERR,ERR,ERR,ERR,ERR,ERR,ERR,ERR,ERR,ERR,ERR,ERR,ERR,ERR,ERR,ERR,ERR,ERR,ERR,ERR,ERR,ERR,ERR,ERR,ERR,ERR,ERR,ERR,ERR,ERR,ERR,ERR,ERR,ERR,ERR,ERR,ERR,ERR,ERR,ERR,ERR,ERR,ERR,ERR,ERR,ERR,ERR,ERR,ERR,ERR,ERR,ERR,ERR,ERR,ERR,ERR,ERR,ERR,ERR,ERR,ERR,ERR,ERR,ERR,ERR,ERR,ERR,ERR,ERR,ERR,ERR,ERR,ERR,ERR,ERR,ERR,ERR,ERR,ERR,ERR,ERR,ERR,ERR,ERR,ERR,ERR,ERR,ERR,ERR,ERR,ERR,ERR,ERR,ERR,ERR,ERR,ERR,ERR,ERR,ERR,ERR,ERR,ERR,ERR,ERR,ERR,ERR,ERR,ERR,ERR,ERR,ERR,0.0,-107615296.0,-134474944.0,0.0,0.0,1.3936040501711995e+18,7.805,0.0,0,0,4,0,8422,0.0,45,0.0,0.0,0.0,0.0,0.0,0,0,0,0,0.0,0,0,0,0,0,0,0,0,0,0,0,0,0,0,0,0,0,0,0,0,0,0,0,0,0,0,0,0,0,0,0,0,0,38,14,7,45,65476,0,300,0,0,8,21553,0.0,-107605600.0,0.0,0.0,0.0,0.0,0.0,0.0,0.0,0.0,0.0,0.0,0.0,0.0,-2.596148429267414e+33,0.0,0.0,0.0,0.0,0.0,0.0,0.0,0.0,0.0,-0.0,0.0,0.0,0.0,0.0,0.0,5075.0,0.0,0.0,0.0,-107615296.0,-107615280.0,2.718429300292151e+23,0.0,0.0,0.0,0.0,53,4.950428597886765e+32,2.718417771077105e+23,0.0,0.0,0.0,0.0,0.0,0.0,0.0,0,0,0,0.0,0.0,0.0,0.0,0.0,0.0,0.0,0.0,0.0,0.0,0.0,0.0,0.0,0.0,0.0,0.0,0,-107875648.0,53,0.0,106,-107614832.0,0.0,ERR,ERR,ERR,ERR,ERR,ERR,ERR,ERR,ERR,ERR,ERR,ERR,ERR,ERR,ERR,ERR,ERR,ERR,ERR,ERR,ERR,ERR,ERR,ERR,ERR,ERR,ERR,ERR,ERR,ERR,ERR,ERR,ERR,ERR,ERR,ERR,ERR,ERR,ERR,ERR,ERR,ERR,ERR,ERR,ERR,ERR,ERR,ERR,ERR,ERR,ERR,ERR,ERR,ERR,ERR,ERR,ERR,ERR,ERR,ERR,ERR,ERR,ERR,ERR,ERR,ERR,ERR,50.0,60.0,100,0.0,0.0,0.0,0.0,0.0,0.0,0.0,0.0,0.0,0.0,0.0,0.0,0.0,0.0,0.0,0.0,61.6,74,13,65512,50,65476,0,300,0,0,8,20529,65476,0,0,26214,60.0,0.0,0.0,0.0,0.0,0.0
2026-05-17T18:16:00,ERR,ERR,ERR,ERR,ERR,ERR,ERR,ERR,ERR,ERR,ERR,ERR,ERR,ERR,ERR,ERR,ERR,ERR,ERR,ERR,ERR,ERR,ERR,ERR,ERR,ERR,ERR,ERR,ERR,ERR,ERR,ERR,ERR,ERR,ERR,ERR,ERR,ERR,ERR,ERR,ERR,ERR,ERR,ERR,ERR,ERR,ERR,ERR,ERR,ERR,ERR,ERR,ERR,ERR,ERR,ERR,ERR,ERR,ERR,ERR,ERR,ERR,ERR,ERR,ERR,ERR,ERR,ERR,ERR,ERR,ERR,ERR,ERR,ERR,ERR,ERR,ERR,ERR,ERR,ERR,ERR,ERR,ERR,ERR,ERR,ERR,ERR,ERR,ERR,ERR,ERR,ERR,ERR,ERR,ERR,ERR,ERR,ERR,ERR,ERR,ERR,ERR,ERR,ERR,ERR,ERR,ERR,ERR,ERR,ERR,ERR,ERR,ERR,ERR,ERR,ERR,ERR,ERR,ERR,ERR,ERR,ERR,ERR,ERR,ERR,0.0,-107615296.0,-134474944.0,0.0,0.0,1.3936040501711995e+18,7.805,0.0,0,0,4,0,8422,0.0,45,0.0,0.0,0.0,0.0,0.0,0,0,0,0,0.0,0,0,0,0,0,0,0,0,0,0,0,0,0,0,0,0,0,0,0,0,0,0,0,0,0,0,0,0,0,0,0,0,0,38,14,7,45,65476,0,300,0,0,8,21553,0.0,-107605600.0,0.0,0.0,0.0,0.0,0.0,0.0,0.0,0.0,0.0,0.0,0.0,0.0,-2.596148429267414e+33,0.0,0.0,0.0,0.0,0.0,0.0,0.0,0.0,0.0,-0.0,0.0,0.0,0.0,0.0,0.0,5075.0,0.0,0.0,0.0,-107615296.0,-107615280.0,2.718429300292151e+23,0.0,0.0,0.0,0.0,53,4.950428597886765e+32,2.718417771077105e+23,0.0,0.0,0.0,0.0,0.0,0.0,0.0,0,0,0,0.0,0.0,0.0,0.0,0.0,0.0,0.0,0.0,0.0,0.0,0.0,0.0,0.0,0.0,0.0,0.0,0,-107875648.0,53,0.0,106,-107614832.0,0.0,ERR,ERR,ERR,ERR,ERR,ERR,ERR,ERR,ERR,ERR,ERR,ERR,ERR,ERR,ERR,ERR,ERR,ERR,ERR,ERR,ERR,ERR,ERR,ERR,ERR,ERR,ERR,ERR,ERR,ERR,ERR,ERR,ERR,ERR,ERR,ERR,ERR,ERR,ERR,ERR,ERR,ERR,ERR,ERR,ERR,ERR,ERR,ERR,ERR,ERR,ERR,ERR,ERR,ERR,ERR,ERR,ERR,ERR,ERR,ERR,ERR,ERR,ERR,ERR,ERR,ERR,ERR,50.0,60.0,100,0.0,0.0,0.0,0.0,0.0,0.0,0.0,0.0,0.0,0.0,0.0,0.0,0.0,0.0,0.0,0.0,61.6,74,13,65512,50,65476,0,300,0,0,8,20529,65476,0,0,26214,60.0,0.0,0.0,0.0,0.0,0.0
2026-05-17T18:16:01,ERR,ERR,ERR,ERR,ERR,ERR,ERR,ERR,ERR,ERR,ERR,ERR,ERR,ERR,ERR,ERR,ERR,ERR,ERR,ERR,ERR,ERR,ERR,ERR,ERR,ERR,ERR,ERR,ERR,ERR,ERR,ERR,ERR,ERR,ERR,ERR,ERR,ERR,ERR,ERR,ERR,ERR,ERR,ERR,ERR,ERR,ERR,ERR,ERR,ERR,ERR,ERR,ERR,ERR,ERR,ERR,ERR,ERR,ERR,ERR,ERR,ERR,ERR,ERR,ERR,ERR,ERR,ERR,ERR,ERR,ERR,ERR,ERR,ERR,ERR,ERR,ERR,ERR,ERR,ERR,ERR,ERR,ERR,ERR,ERR,ERR,ERR,ERR,ERR,ERR,ERR,ERR,ERR,ERR,ERR,ERR,ERR,ERR,ERR,ERR,ERR,ERR,ERR,ERR,ERR,ERR,ERR,ERR,ERR,ERR,ERR,ERR,ERR,ERR,ERR,ERR,ERR,ERR,ERR,ERR,ERR,ERR,ERR,ERR,ERR,0.0,-107615296.0,-134474944.0,0.0,0.0,1.3936040501711995e+18,7.805,0.0,0,0,4,0,8422,0.0,45,0.0,0.0,0.0,0.0,0.0,0,0,0,0,0.0,0,0,0,0,0,0,0,0,0,0,0,0,0,0,0,0,0,0,0,0,0,0,0,0,0,0,0,0,0,0,0,0,0,38,14,7,45,65476,0,300,0,0,8,21553,0.0,-107605600.0,0.0,0.0,0.0,0.0,0.0,0.0,0.0,0.0,0.0,0.0,0.0,0.0,-2.596148429267414e+33,0.0,0.0,0.0,0.0,0.0,0.0,0.0,0.0,0.0,-0.0,0.0,0.0,0.0,0.0,0.0,5075.0,0.0,0.0,0.0,-107615296.0,-107615280.0,2.718429300292151e+23,0.0,0.0,0.0,0.0,53,4.950428597886765e+32,2.718417771077105e+23,0.0,0.0,0.0,0.0,0.0,0.0,0.0,0,0,0,0.0,0.0,0.0,0.0,0.0,0.0,0.0,0.0,0.0,0.0,0.0,0.0,0.0,0.0,0.0,0.0,0,-107875648.0,53,0.0,106,-107614832.0,0.0,ERR,ERR,ERR,ERR,ERR,ERR,ERR,ERR,ERR,ERR,ERR,ERR,ERR,ERR,ERR,ERR,ERR,ERR,ERR,ERR,ERR,ERR,ERR,ERR,ERR,ERR,ERR,ERR,ERR,ERR,ERR,ERR,ERR,ERR,ERR,ERR,ERR,ERR,ERR,ERR,ERR,ERR,ERR,ERR,ERR,ERR,ERR,ERR,ERR,ERR,ERR,ERR,ERR,ERR,ERR,ERR,ERR,ERR,ERR,ERR,ERR,ERR,ERR,ERR,ERR,ERR,ERR,50.0,60.0,100,0.0,0.0,0.0,0.0,0.0,0.0,0.0,0.0,0.0,0.0,0.0,0.0,0.0,0.0,0.0,0.0,61.6,74,13,65512,50,65476,0,300,0,0,8,20529,65476,0,0,26214,60.0,0.0,0.0,0.0,0.0,0.0
2026-05-17T18:16:02,ERR,ERR,ERR,ERR,ERR,ERR,ERR,ERR,ERR,ERR,ERR,ERR,ERR,ERR,ERR,ERR,ERR,ERR,ERR,ERR,ERR,ERR,ERR,ERR,ERR,ERR,ERR,ERR,ERR,ERR,ERR,ERR,ERR,ERR,ERR,ERR,ERR,ERR,ERR,ERR,ERR,ERR,ERR,ERR,ERR,ERR,ERR,ERR,ERR,ERR,ERR,ERR,ERR,ERR,ERR,ERR,ERR,ERR,ERR,ERR,ERR,ERR,ERR,ERR,ERR,ERR,ERR,ERR,ERR,ERR,ERR,ERR,ERR,ERR,ERR,ERR,ERR,ERR,ERR,ERR,ERR,ERR,ERR,ERR,ERR,ERR,ERR,ERR,ERR,ERR,ERR,ERR,ERR,ERR,ERR,ERR,ERR,ERR,ERR,ERR,ERR,ERR,ERR,ERR,ERR,ERR,ERR,ERR,ERR,ERR,ERR,ERR,ERR,ERR,ERR,ERR,ERR,ERR,ERR,ERR,ERR,ERR,ERR,ERR,ERR,0.0,-107615296.0,-134474944.0,0.0,0.0,1.3936040501711995e+18,7.805,0.0,0,0,4,0,8422,0.0,45,0.0,0.0,0.0,0.0,0.0,0,0,0,0,0.0,0,0,0,0,0,0,0,0,0,0,0,0,0,0,0,0,0,0,0,0,0,0,0,0,0,0,0,0,0,0,0,0,0,38,14,7,45,65476,0,300,0,0,8,21553,0.0,-107605600.0,0.0,0.0,0.0,0.0,0.0,0.0,0.0,0.0,0.0,0.0,0.0,0.0,-2.596148429267414e+33,0.0,0.0,0.0,0.0,0.0,0.0,0.0,0.0,0.0,-0.0,0.0,0.0,0.0,0.0,0.0,5075.0,0.0,0.0,0.0,-107615296.0,-107615280.0,2.718429300292151e+23,0.0,0.0,0.0,0.0,53,4.950428597886765e+32,2.718417771077105e+23,0.0,0.0,0.0,0.0,0.0,0.0,0.0,0,0,0,0.0,0.0,0.0,0.0,0.0,0.0,0.0,0.0,0.0,0.0,0.0,0.0,0.0,0.0,0.0,0.0,0,-107875648.0,53,0.0,106,-107614832.0,0.0,ERR,ERR,ERR,ERR,ERR,ERR,ERR,ERR,ERR,ERR,ERR,ERR,ERR,ERR,ERR,ERR,ERR,ERR,ERR,ERR,ERR,ERR,ERR,ERR,ERR,ERR,ERR,ERR,ERR,ERR,ERR,ERR,ERR,ERR,ERR,ERR,ERR,ERR,ERR,ERR,ERR,ERR,ERR,ERR,ERR,ERR,ERR,ERR,ERR,ERR,ERR,ERR,ERR,ERR,ERR,ERR,ERR,ERR,ERR,ERR,ERR,ERR,ERR,ERR,ERR,ERR,ERR,50.0,60.0,100,0.0,0.0,0.0,0.0,0.0,0.0,0.0,0.0,0.0,0.0,0.0,0.0,0.0,0.0,0.0,0.0,61.6,74,13,65512,50,65476,0,300,0,0,8,20529,65476,0,0,26214,60.0,0.0,0.0,0.0,0.0,0.0
2026-05-17T18:16:03,ERR,ERR,ERR,ERR,ERR,ERR,ERR,ERR,ERR,ERR,ERR,ERR,ERR,ERR,ERR,ERR,ERR,ERR,ERR,ERR,ERR,ERR,ERR,ERR,ERR,ERR,ERR,ERR,ERR,ERR,ERR,ERR,ERR,ERR,ERR,ERR,ERR,ERR,ERR,ERR,ERR,ERR,ERR,ERR,ERR,ERR,ERR,ERR,ERR,ERR,ERR,ERR,ERR,ERR,ERR,ERR,ERR,ERR,ERR,ERR,ERR,ERR,ERR,ERR,ERR,ERR,ERR,ERR,ERR,ERR,ERR,ERR,ERR,ERR,ERR,ERR,ERR,ERR,ERR,ERR,ERR,ERR,ERR,ERR,ERR,ERR,ERR,ERR,ERR,ERR,ERR,ERR,ERR,ERR,ERR,ERR,ERR,ERR,ERR,ERR,ERR,ERR,ERR,ERR,ERR,ERR,ERR,ERR,ERR,ERR,ERR,ERR,ERR,ERR,ERR,ERR,ERR,ERR,ERR,ERR,ERR,ERR,ERR,ERR,ERR,0.0,-107615296.0,-134474944.0,0.0,0.0,1.3936040501711995e+18,7.805,0.0,0,0,4,0,8422,0.0,45,0.0,0.0,0.0,0.0,0.0,0,0,0,0,0.0,0,0,0,0,0,0,0,0,0,0,0,0,0,0,0,0,0,0,0,0,0,0,0,0,0,0,0,0,0,0,0,0,0,38,14,7,45,65476,0,300,0,0,8,21553,0.0,-107605600.0,0.0,0.0,0.0,0.0,0.0,0.0,0.0,0.0,0.0,0.0,0.0,0.0,-2.596148429267414e+33,0.0,0.0,0.0,0.0,0.0,0.0,0.0,0.0,0.0,-0.0,0.0,0.0,0.0,0.0,0.0,5075.0,0.0,0.0,0.0,-107615296.0,-107615280.0,2.718429300292151e+23,0.0,0.0,0.0,0.0,53,4.950428597886765e+32,2.718417771077105e+23,0.0,0.0,0.0,0.0,0.0,0.0,0.0,0,0,0,0.0,0.0,0.0,0.0,0.0,0.0,0.0,0.0,0.0,0.0,0.0,0.0,0.0,0.0,0.0,0.0,0,-107875648.0,53,0.0,106,-107614832.0,0.0,ERR,ERR,ERR,ERR,ERR,ERR,ERR,ERR,ERR,ERR,ERR,ERR,ERR,ERR,ERR,ERR,ERR,ERR,ERR,ERR,ERR,ERR,ERR,ERR,ERR,ERR,ERR,ERR,ERR,ERR,ERR,ERR,ERR,ERR,ERR,ERR,ERR,ERR,ERR,ERR,ERR,ERR,ERR,ERR,ERR,ERR,ERR,ERR,ERR,ERR,ERR,ERR,ERR,ERR,ERR,ERR,ERR,ERR,ERR,ERR,ERR,ERR,ERR,ERR,ERR,ERR,ERR,50.0,60.0,100,0.0,0.0,0.0,0.0,0.0,0.0,0.0,0.0,0.0,0.0,0.0,0.0,0.0,0.0,0.0,0.0,61.6,74,13,65512,50,65476,0,300,0,0,8,20529,65476,0,0,26214,60.0,0.0,0.0,0.0,0.0,0.0
2026-05-17T18:16:04,ERR,ERR,ERR,ERR,ERR,ERR,ERR,ERR,ERR,ERR,ERR,ERR,ERR,ERR,ERR,ERR,ERR,ERR,ERR,ERR,ERR,ERR,ERR,ERR,ERR,ERR,ERR,ERR,ERR,ERR,ERR,ERR,ERR,ERR,ERR,ERR,ERR,ERR,ERR,ERR,ERR,ERR,ERR,ERR,ERR,ERR,ERR,ERR,ERR,ERR,ERR,ERR,ERR,ERR,ERR,ERR,ERR,ERR,ERR,ERR,ERR,ERR,ERR,ERR,ERR,ERR,ERR,ERR,ERR,ERR,ERR,ERR,ERR,ERR,ERR,ERR,ERR,ERR,ERR,ERR,ERR,ERR,ERR,ERR,ERR,ERR,ERR,ERR,ERR,ERR,ERR,ERR,ERR,ERR,ERR,ERR,ERR,ERR,ERR,ERR,ERR,ERR,ERR,ERR,ERR,ERR,ERR,ERR,ERR,ERR,ERR,ERR,ERR,ERR,ERR,ERR,ERR,ERR,ERR,ERR,ERR,ERR,ERR,ERR,ERR,0.0,-107615296.0,-134474944.0,0.0,0.0,1.3936040501711995e+18,7.805,0.0,0,0,4,0,8422,0.0,45,0.0,0.0,0.0,0.0,0.0,0,0,0,0,0.0,0,0,0,0,0,0,0,0,0,0,0,0,0,0,0,0,0,0,0,0,0,0,0,0,0,0,0,0,0,0,0,0,0,38,14,7,45,65476,0,300,0,0,8,21553,0.0,-107605600.0,0.0,0.0,0.0,0.0,0.0,0.0,0.0,0.0,0.0,0.0,0.0,0.0,0.0,0.0,0.0,0.0,0.0,0.0,0.0,0.0,-2.004,0.0,-0.0,0.0,0.0,0.0,0.0,0.0,5080.0,0.0,0.0,0.0,-107615296.0,-107615280.0,2.718429300292151e+23,0.0,0.0,0.0,0.0,53,-0.0,126840553472.0,0.0,0.0,0.0,0.0,0.0,0.0,0.0,0,0,0,0.0,0.0,0.0,0.0,0.0,0.0,0.0,0.0,0.0,0.0,0.0,0.0,0.0,0.0,0.0,0.0,0,-107875648.0,53,0.0,106,-107614832.0,0.0,ERR,ERR,ERR,ERR,ERR,ERR,ERR,ERR,ERR,ERR,ERR,ERR,ERR,ERR,ERR,ERR,ERR,ERR,ERR,ERR,ERR,ERR,ERR,ERR,ERR,ERR,ERR,ERR,ERR,ERR,ERR,ERR,ERR,ERR,ERR,ERR,ERR,ERR,ERR,ERR,ERR,ERR,ERR,ERR,ERR,ERR,ERR,ERR,ERR,ERR,ERR,ERR,ERR,ERR,ERR,ERR,ERR,ERR,ERR,ERR,ERR,ERR,ERR,ERR,ERR,ERR,ERR,50.0,60.0,100,0.0,0.0,0.0,0.0,0.0,0.0,0.0,0.0,0.0,0.0,0.0,0.0,0.0,0.0,0.0,0.0,61.6,74,13,65512,50,65476,0,300,0,0,8,20529,65476,0,0,26214,60.0,0.0,0.0,0.0,0.0,0.0
2026-05-17T18:16:05,ERR,ERR,ERR,ERR,ERR,ERR,ERR,ERR,ERR,ERR,ERR,ERR,ERR,ERR,ERR,ERR,ERR,ERR,ERR,ERR,ERR,ERR,ERR,ERR,ERR,ERR,ERR,ERR,ERR,ERR,ERR,ERR,ERR,ERR,ERR,ERR,ERR,ERR,ERR,ERR,ERR,ERR,ERR,ERR,ERR,ERR,ERR,ERR,ERR,ERR,ERR,ERR,ERR,ERR,ERR,ERR,ERR,ERR,ERR,ERR,ERR,ERR,ERR,ERR,ERR,ERR,ERR,ERR,ERR,ERR,ERR,ERR,ERR,ERR,ERR,ERR,ERR,ERR,ERR,ERR,ERR,ERR,ERR,ERR,ERR,ERR,ERR,ERR,ERR,ERR,ERR,ERR,ERR,ERR,ERR,ERR,ERR,ERR,ERR,ERR,ERR,ERR,ERR,ERR,ERR,ERR,ERR,ERR,ERR,ERR,ERR,ERR,ERR,ERR,ERR,ERR,ERR,ERR,ERR,ERR,ERR,ERR,ERR,ERR,ERR,0.0,-107615296.0,-134474944.0,0.0,0.0,1.3936040501711995e+18,7.805,0.0,0,0,4,0,8422,0.0,45,0.0,0.0,0.0,0.0,0.0,0,0,0,0,0.0,0,0,0,0,0,0,0,0,0,0,0,0,0,0,0,0,0,0,0,0,0,0,0,0,0,0,0,0,0,0,0,0,0,38,14,7,45,65476,0,300,0,0,8,21553,0.0,-107605600.0,0.0,0.0,0.0,0.0,0.0,0.0,0.0,0.0,0.0,0.0,0.0,0.0,0.0,0.0,0.0,0.0,0.0,0.0,0.0,0.0,-2.004,0.0,-0.0,0.0,0.0,0.0,0.0,0.0,5080.0,0.0,0.0,0.0,-107615296.0,-107615280.0,2.718429300292151e+23,0.0,0.0,0.0,0.0,53,-0.0,126840553472.0,0.0,0.0,0.0,0.0,0.0,0.0,0.0,0,0,0,0.0,0.0,0.0,0.0,0.0,0.0,0.0,0.0,0.0,0.0,0.0,0.0,0.0,0.0,0.0,0.0,0,-107875648.0,53,0.0,106,-107614832.0,0.0,ERR,ERR,ERR,ERR,ERR,ERR,ERR,ERR,ERR,ERR,ERR,ERR,ERR,ERR,ERR,ERR,ERR,ERR,ERR,ERR,ERR,ERR,ERR,ERR,ERR,ERR,ERR,ERR,ERR,ERR,ERR,ERR,ERR,ERR,ERR,ERR,ERR,ERR,ERR,ERR,ERR,ERR,ERR,ERR,ERR,ERR,ERR,ERR,ERR,ERR,ERR,ERR,ERR,ERR,ERR,ERR,ERR,ERR,ERR,ERR,ERR,ERR,ERR,ERR,ERR,ERR,ERR,50.0,60.0,100,0.0,0.0,0.0,0.0,0.0,0.0,0.0,0.0,0.0,0.0,0.0,0.0,0.0,0.0,0.0,0.0,61.6,74,13,65512,50,65476,0,300,0,0,8,20529,65476,0,0,26214,60.0,0.0,0.0,0.0,0.0,0.0
2026-05-17T18:16:06,ERR,ERR,ERR,ERR,ERR,ERR,ERR,ERR,ERR,ERR,ERR,ERR,ERR,ERR,ERR,ERR,ERR,ERR,ERR,ERR,ERR,ERR,ERR,ERR,ERR,ERR,ERR,ERR,ERR,ERR,ERR,ERR,ERR,ERR,ERR,ERR,ERR,ERR,ERR,ERR,ERR,ERR,ERR,ERR,ERR,ERR,ERR,ERR,ERR,ERR,ERR,ERR,ERR,ERR,ERR,ERR,ERR,ERR,ERR,ERR,ERR,ERR,ERR,ERR,ERR,ERR,ERR,ERR,ERR,ERR,ERR,ERR,ERR,ERR,ERR,ERR,ERR,ERR,ERR,ERR,ERR,ERR,ERR,ERR,ERR,ERR,ERR,ERR,ERR,ERR,ERR,ERR,ERR,ERR,ERR,ERR,ERR,ERR,ERR,ERR,ERR,ERR,ERR,ERR,ERR,ERR,ERR,ERR,ERR,ERR,ERR,ERR,ERR,ERR,ERR,ERR,ERR,ERR,ERR,ERR,ERR,ERR,ERR,ERR,ERR,0.0,-107615296.0,-134474944.0,0.0,0.0,1.3936040501711995e+18,7.805,0.0,0,0,4,0,8422,0.0,45,0.0,0.0,0.0,0.0,0.0,0,0,0,0,0.0,0,0,0,0,0,0,0,0,0,0,0,0,0,0,0,0,0,0,0,0,0,0,0,0,0,0,0,0,0,0,0,0,0,38,14,7,45,65476,0,300,0,0,8,21553,0.0,-107605600.0,0.0,0.0,0.0,0.0,0.0,0.0,0.0,0.0,0.0,0.0,0.0,0.0,0.0,0.0,0.0,0.0,0.0,0.0,0.0,0.0,-2.004,0.0,-0.0,0.0,0.0,0.0,0.0,0.0,5080.0,0.0,0.0,0.0,-107615296.0,-107615280.0,2.718429300292151e+23,0.0,0.0,0.0,0.0,53,-0.0,126840553472.0,0.0,0.0,0.0,0.0,0.0,0.0,0.0,0,0,0,0.0,0.0,0.0,0.0,0.0,0.0,0.0,0.0,0.0,0.0,0.0,0.0,0.0,0.0,0.0,0.0,0,-107875648.0,53,0.0,106,-107614832.0,0.0,ERR,ERR,ERR,ERR,ERR,ERR,ERR,ERR,ERR,ERR,ERR,ERR,ERR,ERR,ERR,ERR,ERR,ERR,ERR,ERR,ERR,ERR,ERR,ERR,ERR,ERR,ERR,ERR,ERR,ERR,ERR,ERR,ERR,ERR,ERR,ERR,ERR,ERR,ERR,ERR,ERR,ERR,ERR,ERR,ERR,ERR,ERR,ERR,ERR,ERR,ERR,ERR,ERR,ERR,ERR,ERR,ERR,ERR,ERR,ERR,ERR,ERR,ERR,ERR,ERR,ERR,ERR,50.0,60.0,100,0.0,0.0,0.0,0.0,0.0,0.0,0.0,0.0,0.0,0.0,0.0,0.0,0.0,0.0,0.0,0.0,61.6,74,13,65512,50,65476,0,300,0,0,8,20529,65476,0,0,26214,60.0,0.0,0.0,0.0,0.0,0.0
2026-05-17T18:16:07,ERR,ERR,ERR,ERR,ERR,ERR,ERR,ERR,ERR,ERR,ERR,ERR,ERR,ERR,ERR,ERR,ERR,ERR,ERR,ERR,ERR,ERR,ERR,ERR,ERR,ERR,ERR,ERR,ERR,ERR,ERR,ERR,ERR,ERR,ERR,ERR,ERR,ERR,ERR,ERR,ERR,ERR,ERR,ERR,ERR,ERR,ERR,ERR,ERR,ERR,ERR,ERR,ERR,ERR,ERR,ERR,ERR,ERR,ERR,ERR,ERR,ERR,ERR,ERR,ERR,ERR,ERR,ERR,ERR,ERR,ERR,ERR,ERR,ERR,ERR,ERR,ERR,ERR,ERR,ERR,ERR,ERR,ERR,ERR,ERR,ERR,ERR,ERR,ERR,ERR,ERR,ERR,ERR,ERR,ERR,ERR,ERR,ERR,ERR,ERR,ERR,ERR,ERR,ERR,ERR,ERR,ERR,ERR,ERR,ERR,ERR,ERR,ERR,ERR,ERR,ERR,ERR,ERR,ERR,ERR,ERR,ERR,ERR,ERR,ERR,0.0,-107615296.0,-134474944.0,0.0,0.0,1.3936040501711995e+18,7.805,0.0,0,0,4,0,8422,0.0,45,0.0,0.0,0.0,0.0,0.0,0,0,0,0,0.0,0,0,0,0,0,0,0,0,0,0,0,0,0,0,0,0,0,0,0,0,0,0,0,0,0,0,0,0,0,0,0,0,0,38,14,7,45,65476,0,300,0,0,8,21553,0.0,-107605600.0,0.0,0.0,0.0,0.0,0.0,0.0,0.0,0.0,0.0,0.0,0.0,0.0,0.0,0.0,0.0,0.0,0.0,0.0,0.0,0.0,-2.004,0.0,-0.0,0.0,0.0,0.0,0.0,0.0,5080.0,0.0,0.0,0.0,-107615296.0,-107615280.0,2.718429300292151e+23,0.0,0.0,0.0,0.0,53,-0.0,126840553472.0,0.0,0.0,0.0,0.0,0.0,0.0,0.0,0,0,0,0.0,0.0,0.0,0.0,0.0,0.0,0.0,0.0,0.0,0.0,0.0,0.0,0.0,0.0,0.0,0.0,0,-107875648.0,53,0.0,106,-107614832.0,0.0,ERR,ERR,ERR,ERR,ERR,ERR,ERR,ERR,ERR,ERR,ERR,ERR,ERR,ERR,ERR,ERR,ERR,ERR,ERR,ERR,ERR,ERR,ERR,ERR,ERR,ERR,ERR,ERR,ERR,ERR,ERR,ERR,ERR,ERR,ERR,ERR,ERR,ERR,ERR,ERR,ERR,ERR,ERR,ERR,ERR,ERR,ERR,ERR,ERR,ERR,ERR,ERR,ERR,ERR,ERR,ERR,ERR,ERR,ERR,ERR,ERR,ERR,ERR,ERR,ERR,ERR,ERR,50.0,60.0,100,0.0,0.0,0.0,0.0,0.0,0.0,0.0,0.0,0.0,0.0,0.0,0.0,0.0,0.0,0.0,0.0,61.6,74,13,65512,50,65476,0,300,0,0,8,20529,65476,0,0,26214,60.0,0.0,0.0,0.0,0.0,0.0
2026-05-17T18:16:08,ERR,ERR,ERR,ERR,ERR,ERR,ERR,ERR,ERR,ERR,ERR,ERR,ERR,ERR,ERR,ERR,ERR,ERR,ERR,ERR,ERR,ERR,ERR,ERR,ERR,ERR,ERR,ERR,ERR,ERR,ERR,ERR,ERR,ERR,ERR,ERR,ERR,ERR,ERR,ERR,ERR,ERR,ERR,ERR,ERR,ERR,ERR,ERR,ERR,ERR,ERR,ERR,ERR,ERR,ERR,ERR,ERR,ERR,ERR,ERR,ERR,ERR,ERR,ERR,ERR,ERR,ERR,ERR,ERR,ERR,ERR,ERR,ERR,ERR,ERR,ERR,ERR,ERR,ERR,ERR,ERR,ERR,ERR,ERR,ERR,ERR,ERR,ERR,ERR,ERR,ERR,ERR,ERR,ERR,ERR,ERR,ERR,ERR,ERR,ERR,ERR,ERR,ERR,ERR,ERR,ERR,ERR,ERR,ERR,ERR,ERR,ERR,ERR,ERR,ERR,ERR,ERR,ERR,ERR,ERR,ERR,ERR,ERR,ERR,ERR,0.0,-107615296.0,-134474944.0,0.0,0.0,1.3936040501711995e+18,7.805,0.0,0,0,4,0,8422,0.0,45,0.0,0.0,0.0,0.0,0.0,0,0,0,0,0.0,0,0,0,0,0,0,0,0,0,0,0,0,0,0,0,0,0,0,0,0,0,0,0,0,0,0,0,0,0,0,0,0,0,38,14,7,45,65476,0,300,0,0,8,21553,0.0,-107605600.0,0.0,0.0,0.0,0.0,0.0,0.0,0.0,0.0,0.0,0.0,0.0,0.0,0.0,0.0,0.0,0.0,0.0,0.0,0.0,0.0,-2.004,0.0,-0.0,0.0,0.0,0.0,0.0,0.0,5080.0,0.0,0.0,0.0,-107615296.0,-107615280.0,2.718429300292151e+23,0.0,0.0,0.0,0.0,53,-0.0,126840553472.0,0.0,0.0,0.0,0.0,0.0,0.0,0.0,0,0,0,0.0,0.0,0.0,0.0,0.0,0.0,0.0,0.0,0.0,0.0,0.0,0.0,0.0,0.0,0.0,0.0,0,-107875648.0,53,0.0,106,-107614832.0,0.0,ERR,ERR,ERR,ERR,ERR,ERR,ERR,ERR,ERR,ERR,ERR,ERR,ERR,ERR,ERR,ERR,ERR,ERR,ERR,ERR,ERR,ERR,ERR,ERR,ERR,ERR,ERR,ERR,ERR,ERR,ERR,ERR,ERR,ERR,ERR,ERR,ERR,ERR,ERR,ERR,ERR,ERR,ERR,ERR,ERR,ERR,ERR,ERR,ERR,ERR,ERR,ERR,ERR,ERR,ERR,ERR,ERR,ERR,ERR,ERR,ERR,ERR,ERR,ERR,ERR,ERR,ERR,50.0,60.0,100,0.0,0.0,0.0,0.0,0.0,0.0,0.0,0.0,0.0,0.0,0.0,0.0,0.0,0.0,0.0,0.0,61.6,74,13,65512,50,65476,0,300,0,0,8,20529,65476,0,0,26214,60.0,0.0,0.0,0.0,0.0,0.0
2026-05-17T18:16:09,ERR,ERR,ERR,ERR,ERR,ERR,ERR,ERR,ERR,ERR,ERR,ERR,ERR,ERR,ERR,ERR,ERR,ERR,ERR,ERR,ERR,ERR,ERR,ERR,ERR,ERR,ERR,ERR,ERR,ERR,ERR,ERR,ERR,ERR,ERR,ERR,ERR,ERR,ERR,ERR,ERR,ERR,ERR,ERR,ERR,ERR,ERR,ERR,ERR,ERR,ERR,ERR,ERR,ERR,ERR,ERR,ERR,ERR,ERR,ERR,ERR,ERR,ERR,ERR,ERR,ERR,ERR,ERR,ERR,ERR,ERR,ERR,ERR,ERR,ERR,ERR,ERR,ERR,ERR,ERR,ERR,ERR,ERR,ERR,ERR,ERR,ERR,ERR,ERR,ERR,ERR,ERR,ERR,ERR,ERR,ERR,ERR,ERR,ERR,ERR,ERR,ERR,ERR,ERR,ERR,ERR,ERR,ERR,ERR,ERR,ERR,ERR,ERR,ERR,ERR,ERR,ERR,ERR,ERR,ERR,ERR,ERR,ERR,ERR,ERR,0.0,-107615296.0,-134474944.0,0.0,0.0,1.3936040501711995e+18,7.805,0.0,0,0,4,0,8422,0.0,45,0.0,0.0,0.0,0.0,0.0,0,0,0,0,0.0,0,0,0,0,0,0,0,0,0,0,0,0,0,0,0,0,0,0,0,0,0,0,0,0,0,0,0,0,0,0,0,0,0,38,14,7,45,65476,0,300,0,0,8,21553,0.0,-107605600.0,0.0,0.0,0.0,0.0,0.0,0.0,0.0,0.0,0.0,0.0,0.0,0.0,0.0,0.0,0.0,0.0,0.0,0.0,0.0,0.0,0.0,0.0,-0.0,0.0,0.0,0.0,0.0,0.0,5048.0,-0.0,0.0,0.0,-107615296.0,-107615280.0,2.718429300292151e+23,0.0,0.0,0.0,0.0,53,-0.0,-0.0,0.0,0.0,0.0,0.0,0.0,0.0,0.0,0,0,0,0.0,0.0,0.0,0.0,0.0,0.0,0.0,0.0,0.0,0.0,0.0,0.0,0.0,0.0,0.0,0.0,0,-107875648.0,53,0.0,106,-107614832.0,0.0,ERR,ERR,ERR,ERR,ERR,ERR,ERR,ERR,ERR,ERR,ERR,ERR,ERR,ERR,ERR,ERR,ERR,ERR,ERR,ERR,ERR,ERR,ERR,ERR,ERR,ERR,ERR,ERR,ERR,ERR,ERR,ERR,ERR,ERR,ERR,ERR,ERR,ERR,ERR,ERR,ERR,ERR,ERR,ERR,ERR,ERR,ERR,ERR,ERR,ERR,ERR,ERR,ERR,ERR,ERR,ERR,ERR,ERR,ERR,ERR,ERR,ERR,ERR,ERR,ERR,ERR,ERR,50.0,60.0,100,0.0,0.0,0.0,0.0,0.0,0.0,0.0,0.0,0.0,0.0,0.0,0.0,0.0,0.0,0.0,0.0,61.6,74,13,65512,50,65476,0,300,0,0,8,20529,65476,0,0,26214,60.0,0.0,0.0,0.0,0.0,0.0
2026-05-17T18:16:10,ERR,ERR,ERR,ERR,ERR,ERR,ERR,ERR,ERR,ERR,ERR,ERR,ERR,ERR,ERR,ERR,ERR,ERR,ERR,ERR,ERR,ERR,ERR,ERR,ERR,ERR,ERR,ERR,ERR,ERR,ERR,ERR,ERR,ERR,ERR,ERR,ERR,ERR,ERR,ERR,ERR,ERR,ERR,ERR,ERR,ERR,ERR,ERR,ERR,ERR,ERR,ERR,ERR,ERR,ERR,ERR,ERR,ERR,ERR,ERR,ERR,ERR,ERR,ERR,ERR,ERR,ERR,ERR,ERR,ERR,ERR,ERR,ERR,ERR,ERR,ERR,ERR,ERR,ERR,ERR,ERR,ERR,ERR,ERR,ERR,ERR,ERR,ERR,ERR,ERR,ERR,ERR,ERR,ERR,ERR,ERR,ERR,ERR,ERR,ERR,ERR,ERR,ERR,ERR,ERR,ERR,ERR,ERR,ERR,ERR,ERR,ERR,ERR,ERR,ERR,ERR,ERR,ERR,ERR,ERR,ERR,ERR,ERR,ERR,ERR,0.0,-107615296.0,-134474944.0,0.0,0.0,1.3936040501711995e+18,7.805,0.0,0,0,4,0,8422,0.0,45,0.0,0.0,0.0,0.0,0.0,0,0,0,0,0.0,0,0,0,0,0,0,0,0,0,0,0,0,0,0,0,0,0,0,0,0,0,0,0,0,0,0,0,0,0,0,0,0,0,38,14,7,45,65476,0,300,0,0,8,21553,0.0,-107605600.0,0.0,0.0,0.0,0.0,0.0,0.0,0.0,0.0,0.0,0.0,0.0,0.0,0.0,0.0,0.0,0.0,0.0,0.0,0.0,0.0,0.0,0.0,-0.0,0.0,0.0,0.0,0.0,0.0,5048.0,-0.0,0.0,0.0,-107615296.0,-107615280.0,2.718429300292151e+23,0.0,0.0,0.0,0.0,53,-0.0,-0.0,0.0,0.0,0.0,0.0,0.0,0.0,0.0,0,0,0,0.0,0.0,0.0,0.0,0.0,0.0,0.0,0.0,0.0,0.0,0.0,0.0,0.0,0.0,0.0,0.0,0,-107875648.0,53,0.0,106,-107614832.0,0.0,ERR,ERR,ERR,ERR,ERR,ERR,ERR,ERR,ERR,ERR,ERR,ERR,ERR,ERR,ERR,ERR,ERR,ERR,ERR,ERR,ERR,ERR,ERR,ERR,ERR,ERR,ERR,ERR,ERR,ERR,ERR,ERR,ERR,ERR,ERR,ERR,ERR,ERR,ERR,ERR,ERR,ERR,ERR,ERR,ERR,ERR,ERR,ERR,ERR,ERR,ERR,ERR,ERR,ERR,ERR,ERR,ERR,ERR,ERR,ERR,ERR,ERR,ERR,ERR,ERR,ERR,ERR,50.0,60.0,100,0.0,0.0,0.0,0.0,0.0,0.0,0.0,0.0,0.0,0.0,0.0,0.0,0.0,0.0,0.0,0.0,61.6,74,13,65512,50,65476,0,300,0,0,8,20529,65476,0,0,26214,60.0,0.0,0.0,0.0,0.0,0.0
2026-05-17T18:16:11,ERR,ERR,ERR,ERR,ERR,ERR,ERR,ERR,ERR,ERR,ERR,ERR,ERR,ERR,ERR,ERR,ERR,ERR,ERR,ERR,ERR,ERR,ERR,ERR,ERR,ERR,ERR,ERR,ERR,ERR,ERR,ERR,ERR,ERR,ERR,ERR,ERR,ERR,ERR,ERR,ERR,ERR,ERR,ERR,ERR,ERR,ERR,ERR,ERR,ERR,ERR,ERR,ERR,ERR,ERR,ERR,ERR,ERR,ERR,ERR,ERR,ERR,ERR,ERR,ERR,ERR,ERR,ERR,ERR,ERR,ERR,ERR,ERR,ERR,ERR,ERR,ERR,ERR,ERR,ERR,ERR,ERR,ERR,ERR,ERR,ERR,ERR,ERR,ERR,ERR,ERR,ERR,ERR,ERR,ERR,ERR,ERR,ERR,ERR,ERR,ERR,ERR,ERR,ERR,ERR,ERR,ERR,ERR,ERR,ERR,ERR,ERR,ERR,ERR,ERR,ERR,ERR,ERR,ERR,ERR,ERR,ERR,ERR,ERR,ERR,0.0,-107615296.0,-134474944.0,0.0,0.0,1.3936040501711995e+18,7.805,0.0,0,0,4,0,8422,0.0,45,0.0,0.0,0.0,0.0,0.0,0,0,0,0,0.0,0,0,0,0,0,0,0,0,0,0,0,0,0,0,0,0,0,0,0,0,0,0,0,0,0,0,0,0,0,0,0,0,0,38,14,7,45,65476,0,300,0,0,8,21553,0.0,-107605600.0,0.0,0.0,0.0,0.0,0.0,0.0,0.0,0.0,0.0,0.0,0.0,0.0,0.0,0.0,0.0,0.0,0.0,0.0,0.0,0.0,0.0,0.0,-0.0,0.0,0.0,0.0,0.0,0.0,5048.0,-0.0,0.0,0.0,-107615296.0,-107615280.0,2.718429300292151e+23,0.0,0.0,0.0,0.0,53,-0.0,-0.0,0.0,0.0,0.0,0.0,0.0,0.0,0.0,0,0,0,0.0,0.0,0.0,0.0,0.0,0.0,0.0,0.0,0.0,0.0,0.0,0.0,0.0,0.0,0.0,0.0,0,-107875648.0,53,0.0,106,-107614832.0,0.0,ERR,ERR,ERR,ERR,ERR,ERR,ERR,ERR,ERR,ERR,ERR,ERR,ERR,ERR,ERR,ERR,ERR,ERR,ERR,ERR,ERR,ERR,ERR,ERR,ERR,ERR,ERR,ERR,ERR,ERR,ERR,ERR,ERR,ERR,ERR,ERR,ERR,ERR,ERR,ERR,ERR,ERR,ERR,ERR,ERR,ERR,ERR,ERR,ERR,ERR,ERR,ERR,ERR,ERR,ERR,ERR,ERR,ERR,ERR,ERR,ERR,ERR,ERR,ERR,ERR,ERR,ERR,50.0,60.0,100,0.0,0.0,0.0,0.0,0.0,0.0,0.0,0.0,0.0,0.0,0.0,0.0,0.0,0.0,0.0,0.0,61.6,74,13,65512,50,65476,0,300,0,0,8,20529,65476,0,0,26214,60.0,0.0,0.0,0.0,0.0,0.0
2026-05-17T18:16:12,ERR,ERR,ERR,ERR,ERR,ERR,ERR,ERR,ERR,ERR,ERR,ERR,ERR,ERR,ERR,ERR,ERR,ERR,ERR,ERR,ERR,ERR,ERR,ERR,ERR,ERR,ERR,ERR,ERR,ERR,ERR,ERR,ERR,ERR,ERR,ERR,ERR,ERR,ERR,ERR,ERR,ERR,ERR,ERR,ERR,ERR,ERR,ERR,ERR,ERR,ERR,ERR,ERR,ERR,ERR,ERR,ERR,ERR,ERR,ERR,ERR,ERR,ERR,ERR,ERR,ERR,ERR,ERR,ERR,ERR,ERR,ERR,ERR,ERR,ERR,ERR,ERR,ERR,ERR,ERR,ERR,ERR,ERR,ERR,ERR,ERR,ERR,ERR,ERR,ERR,ERR,ERR,ERR,ERR,ERR,ERR,ERR,ERR,ERR,ERR,ERR,ERR,ERR,ERR,ERR,ERR,ERR,ERR,ERR,ERR,ERR,ERR,ERR,ERR,ERR,ERR,ERR,ERR,ERR,ERR,ERR,ERR,ERR,ERR,ERR,0.0,-107615296.0,-134474944.0,0.0,0.0,1.3936040501711995e+18,7.805,0.0,0,0,4,0,8422,0.0,45,0.0,0.0,0.0,0.0,0.0,0,0,0,0,0.0,0,0,0,0,0,0,0,0,0,0,0,0,0,0,0,0,0,0,0,0,0,0,0,0,0,0,0,0,0,0,0,0,0,38,14,7,45,65476,0,300,0,0,8,21553,0.0,-107605600.0,0.0,0.0,0.0,0.0,0.0,0.0,0.0,0.0,0.0,0.0,0.0,0.0,0.0,0.0,0.0,0.0,0.0,0.0,0.0,0.0,0.0,0.0,-0.0,0.0,0.0,0.0,0.0,0.0,5048.0,-0.0,0.0,0.0,-107615296.0,-107615280.0,2.718429300292151e+23,0.0,0.0,0.0,0.0,53,-0.0,-0.0,0.0,0.0,0.0,0.0,0.0,0.0,0.0,0,0,0,0.0,0.0,0.0,0.0,0.0,0.0,0.0,0.0,0.0,0.0,0.0,0.0,0.0,0.0,0.0,0.0,0,-107875648.0,53,0.0,106,-107614832.0,0.0,ERR,ERR,ERR,ERR,ERR,ERR,ERR,ERR,ERR,ERR,ERR,ERR,ERR,ERR,ERR,ERR,ERR,ERR,ERR,ERR,ERR,ERR,ERR,ERR,ERR,ERR,ERR,ERR,ERR,ERR,ERR,ERR,ERR,ERR,ERR,ERR,ERR,ERR,ERR,ERR,ERR,ERR,ERR,ERR,ERR,ERR,ERR,ERR,ERR,ERR,ERR,ERR,ERR,ERR,ERR,ERR,ERR,ERR,ERR,ERR,ERR,ERR,ERR,ERR,ERR,ERR,ERR,50.0,60.0,100,0.0,0.0,0.0,0.0,0.0,0.0,0.0,0.0,0.0,0.0,0.0,0.0,0.0,0.0,0.0,0.0,61.6,74,13,65512,50,65476,0,300,0,0,8,20529,65476,0,0,26214,60.0,0.0,0.0,0.0,0.0,0.0
2026-05-17T18:16:13,ERR,ERR,ERR,ERR,ERR,ERR,ERR,ERR,ERR,ERR,ERR,ERR,ERR,ERR,ERR,ERR,ERR,ERR,ERR,ERR,ERR,ERR,ERR,ERR,ERR,ERR,ERR,ERR,ERR,ERR,ERR,ERR,ERR,ERR,ERR,ERR,ERR,ERR,ERR,ERR,ERR,ERR,ERR,ERR,ERR,ERR,ERR,ERR,ERR,ERR,ERR,ERR,ERR,ERR,ERR,ERR,ERR,ERR,ERR,ERR,ERR,ERR,ERR,ERR,ERR,ERR,ERR,ERR,ERR,ERR,ERR,ERR,ERR,ERR,ERR,ERR,ERR,ERR,ERR,ERR,ERR,ERR,ERR,ERR,ERR,ERR,ERR,ERR,ERR,ERR,ERR,ERR,ERR,ERR,ERR,ERR,ERR,ERR,ERR,ERR,ERR,ERR,ERR,ERR,ERR,ERR,ERR,ERR,ERR,ERR,ERR,ERR,ERR,ERR,ERR,ERR,ERR,ERR,ERR,ERR,ERR,ERR,ERR,ERR,ERR,0.0,-107615296.0,-134474944.0,0.0,0.0,1.3936040501711995e+18,7.805,0.0,0,0,4,0,8422,0.0,45,0.0,0.0,0.0,0.0,0.0,0,0,0,0,0.0,0,0,0,0,0,0,0,0,0,0,0,0,0,0,0,0,0,0,0,0,0,0,0,0,0,0,0,0,0,0,0,0,0,38,14,7,45,65476,0,300,0,0,8,21553,0.0,-107605600.0,0.0,0.0,0.0,0.0,0.0,0.0,0.0,0.0,0.0,0.0,0.0,0.0,0.0,0.0,0.0,0.0,0.0,0.0,0.0,0.0,0.0,0.0,-0.0,0.0,0.0,0.0,0.0,0.0,5048.0,-0.0,0.0,0.0,-107615296.0,-107615280.0,2.718429300292151e+23,0.0,0.0,0.0,0.0,53,-0.0,-0.0,0.0,0.0,0.0,0.0,0.0,0.0,0.0,0,0,0,0.0,0.0,0.0,0.0,0.0,0.0,0.0,0.0,0.0,0.0,0.0,0.0,0.0,0.0,0.0,0.0,0,-107875648.0,53,0.0,106,-107614832.0,0.0,ERR,ERR,ERR,ERR,ERR,ERR,ERR,ERR,ERR,ERR,ERR,ERR,ERR,ERR,ERR,ERR,ERR,ERR,ERR,ERR,ERR,ERR,ERR,ERR,ERR,ERR,ERR,ERR,ERR,ERR,ERR,ERR,ERR,ERR,ERR,ERR,ERR,ERR,ERR,ERR,ERR,ERR,ERR,ERR,ERR,ERR,ERR,ERR,ERR,ERR,ERR,ERR,ERR,ERR,ERR,ERR,ERR,ERR,ERR,ERR,ERR,ERR,ERR,ERR,ERR,ERR,ERR,50.0,60.0,100,0.0,0.0,0.0,0.0,0.0,0.0,0.0,0.0,0.0,0.0,0.0,0.0,0.0,0.0,0.0,0.0,61.6,74,13,65512,50,65476,0,300,0,0,8,20529,65476,0,0,26214,60.0,0.0,0.0,0.0,0.0,0.0
2026-05-17T18:16:14,ERR,ERR,ERR,ERR,ERR,ERR,ERR,ERR,ERR,ERR,ERR,ERR,ERR,ERR,ERR,ERR,ERR,ERR,ERR,ERR,ERR,ERR,ERR,ERR,ERR,ERR,ERR,ERR,ERR,ERR,ERR,ERR,ERR,ERR,ERR,ERR,ERR,ERR,ERR,ERR,ERR,ERR,ERR,ERR,ERR,ERR,ERR,ERR,ERR,ERR,ERR,ERR,ERR,ERR,ERR,ERR,ERR,ERR,ERR,ERR,ERR,ERR,ERR,ERR,ERR,ERR,ERR,ERR,ERR,ERR,ERR,ERR,ERR,ERR,ERR,ERR,ERR,ERR,ERR,ERR,ERR,ERR,ERR,ERR,ERR,ERR,ERR,ERR,ERR,ERR,ERR,ERR,ERR,ERR,ERR,ERR,ERR,ERR,ERR,ERR,ERR,ERR,ERR,ERR,ERR,ERR,ERR,ERR,ERR,ERR,ERR,ERR,ERR,ERR,ERR,ERR,ERR,ERR,ERR,ERR,ERR,ERR,ERR,ERR,ERR,0.0,-107615296.0,-134474944.0,0.0,0.0,1.3936040501711995e+18,7.805,0.0,0,0,4,0,8422,0.0,45,0.0,0.0,0.0,0.0,0.0,0,0,0,0,0.0,0,0,0,0,0,0,0,0,0,0,0,0,0,0,0,0,0,0,0,0,0,0,0,0,0,0,0,0,0,0,0,0,0,38,14,7,45,65476,0,300,0,0,8,21553,0.0,-107605600.0,0.0,0.0,0.0,0.0,0.0,0.0,0.0,0.0,0.0,0.0,0.0,0.0,0.0,0.0,0.0,0.0,0.0,0.0,0.0,0.0,0.0,0.0,-0.0,0.0,0.0,0.0,0.0,0.0,5048.0,-0.0,0.0,0.0,-107615296.0,-107615280.0,2.718429300292151e+23,0.0,0.0,0.0,0.0,53,-0.0,-0.0,0.0,0.0,0.0,0.0,0.0,0.0,0.0,0,0,0,0.0,0.0,0.0,0.0,0.0,0.0,0.0,0.0,0.0,0.0,0.0,0.0,0.0,0.0,0.0,0.0,0,-107875648.0,53,0.0,106,-107614832.0,0.0,ERR,ERR,ERR,ERR,ERR,ERR,ERR,ERR,ERR,ERR,ERR,ERR,ERR,ERR,ERR,ERR,ERR,ERR,ERR,ERR,ERR,ERR,ERR,ERR,ERR,ERR,ERR,ERR,ERR,ERR,ERR,ERR,ERR,ERR,ERR,ERR,ERR,ERR,ERR,ERR,ERR,ERR,ERR,ERR,ERR,ERR,ERR,ERR,ERR,ERR,ERR,ERR,ERR,ERR,ERR,ERR,ERR,ERR,ERR,ERR,ERR,ERR,ERR,ERR,ERR,ERR,ERR,50.0,60.0,100,0.0,0.0,0.0,0.0,0.0,0.0,0.0,0.0,0.0,0.0,0.0,0.0,0.0,0.0,0.0,0.0,61.6,74,13,65512,50,65476,0,300,0,0,8,20529,65476,0,0,26214,60.0,0.0,0.0,0.0,0.0,0.0
2026-05-17T18:16:15,ERR,ERR,ERR,ERR,ERR,ERR,ERR,ERR,ERR,ERR,ERR,ERR,ERR,ERR,ERR,ERR,ERR,ERR,ERR,ERR,ERR,ERR,ERR,ERR,ERR,ERR,ERR,ERR,ERR,ERR,ERR,ERR,ERR,ERR,ERR,ERR,ERR,ERR,ERR,ERR,ERR,ERR,ERR,ERR,ERR,ERR,ERR,ERR,ERR,ERR,ERR,ERR,ERR,ERR,ERR,ERR,ERR,ERR,ERR,ERR,ERR,ERR,ERR,ERR,ERR,ERR,ERR,ERR,ERR,ERR,ERR,ERR,ERR,ERR,ERR,ERR,ERR,ERR,ERR,ERR,ERR,ERR,ERR,ERR,ERR,ERR,ERR,ERR,ERR,ERR,ERR,ERR,ERR,ERR,ERR,ERR,ERR,ERR,ERR,ERR,ERR,ERR,ERR,ERR,ERR,ERR,ERR,ERR,ERR,ERR,ERR,ERR,ERR,ERR,ERR,ERR,ERR,ERR,ERR,ERR,ERR,ERR,ERR,ERR,ERR,0.0,-107615296.0,-134474944.0,0.0,0.0,1.3936040501711995e+18,7.805,0.0,0,0,4,0,8422,0.0,45,0.0,0.0,0.0,0.0,0.0,0,0,0,0,0.0,0,0,0,0,0,0,0,0,0,0,0,0,0,0,0,0,0,0,0,0,0,0,0,0,0,0,0,0,0,0,0,0,0,38,14,7,45,65476,0,300,0,0,8,21553,0.0,-107605600.0,0.0,0.0,0.0,0.0,0.0,0.0,0.0,0.0,0.0,0.0,0.0,0.0,0.0,0.0,0.0,0.0,0.0,0.0,0.0,0.0,0.0,0.0,-0.0,0.0,0.0,0.0,0.0,0.0,5047.0,-0.0,0.0,0.0,-107615296.0,-107615280.0,2.718429300292151e+23,0.0,0.0,0.0,0.0,53,-0.0,-152017297211392.0,0.0,0.0,0.0,0.0,0.0,0.0,0.0,0,0,0,0.0,0.0,0.0,0.0,0.0,0.0,0.0,0.0,0.0,0.0,0.0,0.0,0.0,0.0,0.0,0.0,0,-107875648.0,53,0.0,106,-107614832.0,0.0,ERR,ERR,ERR,ERR,ERR,ERR,ERR,ERR,ERR,ERR,ERR,ERR,ERR,ERR,ERR,ERR,ERR,ERR,ERR,ERR,ERR,ERR,ERR,ERR,ERR,ERR,ERR,ERR,ERR,ERR,ERR,ERR,ERR,ERR,ERR,ERR,ERR,ERR,ERR,ERR,ERR,ERR,ERR,ERR,ERR,ERR,ERR,ERR,ERR,ERR,ERR,ERR,ERR,ERR,ERR,ERR,ERR,ERR,ERR,ERR,ERR,ERR,ERR,ERR,ERR,ERR,ERR,50.0,60.0,100,0.0,0.0,0.0,0.0,0.0,0.0,0.0,0.0,0.0,0.0,0.0,0.0,0.0,0.0,0.0,0.0,61.6,74,13,65512,50,65476,0,300,0,0,8,20529,65476,0,0,26214,60.0,0.0,0.0,0.0,0.0,0.0
2026-05-17T18:16:16,ERR,ERR,ERR,ERR,ERR,ERR,ERR,ERR,ERR,ERR,ERR,ERR,ERR,ERR,ERR,ERR,ERR,ERR,ERR,ERR,ERR,ERR,ERR,ERR,ERR,ERR,ERR,ERR,ERR,ERR,ERR,ERR,ERR,ERR,ERR,ERR,ERR,ERR,ERR,ERR,ERR,ERR,ERR,ERR,ERR,ERR,ERR,ERR,ERR,ERR,ERR,ERR,ERR,ERR,ERR,ERR,ERR,ERR,ERR,ERR,ERR,ERR,ERR,ERR,ERR,ERR,ERR,ERR,ERR,ERR,ERR,ERR,ERR,ERR,ERR,ERR,ERR,ERR,ERR,ERR,ERR,ERR,ERR,ERR,ERR,ERR,ERR,ERR,ERR,ERR,ERR,ERR,ERR,ERR,ERR,ERR,ERR,ERR,ERR,ERR,ERR,ERR,ERR,ERR,ERR,ERR,ERR,ERR,ERR,ERR,ERR,ERR,ERR,ERR,ERR,ERR,ERR,ERR,ERR,ERR,ERR,ERR,ERR,ERR,ERR,0.0,-107615296.0,-134474944.0,0.0,0.0,1.3936040501711995e+18,7.805,0.0,0,0,4,0,8422,0.0,45,0.0,0.0,0.0,0.0,0.0,0,0,0,0,0.0,0,0,0,0,0,0,0,0,0,0,0,0,0,0,0,0,0,0,0,0,0,0,0,0,0,0,0,0,0,0,0,0,0,38,14,7,45,65476,0,300,0,0,8,21553,0.0,-107605600.0,0.0,0.0,0.0,0.0,0.0,0.0,0.0,0.0,0.0,0.0,0.0,0.0,0.0,0.0,0.0,0.0,0.0,0.0,0.0,0.0,0.0,0.0,-0.0,0.0,0.0,0.0,0.0,0.0,5047.0,-0.0,0.0,0.0,-107615296.0,-107615280.0,2.718429300292151e+23,0.0,0.0,0.0,0.0,53,-0.0,-152017297211392.0,0.0,0.0,0.0,0.0,0.0,0.0,0.0,0,0,0,0.0,0.0,0.0,0.0,0.0,0.0,0.0,0.0,0.0,0.0,0.0,0.0,0.0,0.0,0.0,0.0,0,-107875648.0,53,0.0,106,-107614832.0,0.0,ERR,ERR,ERR,ERR,ERR,ERR,ERR,ERR,ERR,ERR,ERR,ERR,ERR,ERR,ERR,ERR,ERR,ERR,ERR,ERR,ERR,ERR,ERR,ERR,ERR,ERR,ERR,ERR,ERR,ERR,ERR,ERR,ERR,ERR,ERR,ERR,ERR,ERR,ERR,ERR,ERR,ERR,ERR,ERR,ERR,ERR,ERR,ERR,ERR,ERR,ERR,ERR,ERR,ERR,ERR,ERR,ERR,ERR,ERR,ERR,ERR,ERR,ERR,ERR,ERR,ERR,ERR,50.0,60.0,100,0.0,0.0,0.0,0.0,0.0,0.0,0.0,0.0,0.0,0.0,0.0,0.0,0.0,0.0,0.0,0.0,61.6,74,13,65512,50,65476,0,300,0,0,8,20529,65476,0,0,26214,60.0,0.0,0.0,0.0,0.0,0.0
2026-05-17T18:16:17,ERR,ERR,ERR,ERR,ERR,ERR,ERR,ERR,ERR,ERR,ERR,ERR,ERR,ERR,ERR,ERR,ERR,ERR,ERR,ERR,ERR,ERR,ERR,ERR,ERR,ERR,ERR,ERR,ERR,ERR,ERR,ERR,ERR,ERR,ERR,ERR,ERR,ERR,ERR,ERR,ERR,ERR,ERR,ERR,ERR,ERR,ERR,ERR,ERR,ERR,ERR,ERR,ERR,ERR,ERR,ERR,ERR,ERR,ERR,ERR,ERR,ERR,ERR,ERR,ERR,ERR,ERR,ERR,ERR,ERR,ERR,ERR,ERR,ERR,ERR,ERR,ERR,ERR,ERR,ERR,ERR,ERR,ERR,ERR,ERR,ERR,ERR,ERR,ERR,ERR,ERR,ERR,ERR,ERR,ERR,ERR,ERR,ERR,ERR,ERR,ERR,ERR,ERR,ERR,ERR,ERR,ERR,ERR,ERR,ERR,ERR,ERR,ERR,ERR,ERR,ERR,ERR,ERR,ERR,ERR,ERR,ERR,ERR,ERR,ERR,0.0,-107615296.0,-134474944.0,0.0,0.0,1.3936040501711995e+18,7.805,0.0,0,0,4,0,8422,0.0,45,0.0,0.0,0.0,0.0,0.0,0,0,0,0,0.0,0,0,0,0,0,0,0,0,0,0,0,0,0,0,0,0,0,0,0,0,0,0,0,0,0,0,0,0,0,0,0,0,0,38,14,7,45,65476,0,300,0,0,8,21553,0.0,-107605600.0,0.0,0.0,0.0,0.0,0.0,0.0,0.0,0.0,0.0,0.0,0.0,0.0,0.0,0.0,0.0,0.0,0.0,0.0,0.0,0.0,0.0,0.0,-0.0,0.0,0.0,0.0,0.0,0.0,5047.0,-0.0,0.0,0.0,-107615296.0,-107615280.0,2.718429300292151e+23,0.0,0.0,0.0,0.0,53,-0.0,-152017297211392.0,0.0,0.0,0.0,0.0,0.0,0.0,0.0,0,0,0,0.0,0.0,0.0,0.0,0.0,0.0,0.0,0.0,0.0,0.0,0.0,0.0,0.0,0.0,0.0,0.0,0,-107875648.0,53,0.0,106,-107614832.0,0.0,ERR,ERR,ERR,ERR,ERR,ERR,ERR,ERR,ERR,ERR,ERR,ERR,ERR,ERR,ERR,ERR,ERR,ERR,ERR,ERR,ERR,ERR,ERR,ERR,ERR,ERR,ERR,ERR,ERR,ERR,ERR,ERR,ERR,ERR,ERR,ERR,ERR,ERR,ERR,ERR,ERR,ERR,ERR,ERR,ERR,ERR,ERR,ERR,ERR,ERR,ERR,ERR,ERR,ERR,ERR,ERR,ERR,ERR,ERR,ERR,ERR,ERR,ERR,ERR,ERR,ERR,ERR,50.0,60.0,100,0.0,0.0,0.0,0.0,0.0,0.0,0.0,0.0,0.0,0.0,0.0,0.0,0.0,0.0,0.0,0.0,61.6,74,13,65512,50,65476,0,300,0,0,8,20529,65476,0,0,26214,60.0,0.0,0.0,0.0,0.0,0.0
2026-05-17T18:16:18,ERR,ERR,ERR,ERR,ERR,ERR,ERR,ERR,ERR,ERR,ERR,ERR,ERR,ERR,ERR,ERR,ERR,ERR,ERR,ERR,ERR,ERR,ERR,ERR,ERR,ERR,ERR,ERR,ERR,ERR,ERR,ERR,ERR,ERR,ERR,ERR,ERR,ERR,ERR,ERR,ERR,ERR,ERR,ERR,ERR,ERR,ERR,ERR,ERR,ERR,ERR,ERR,ERR,ERR,ERR,ERR,ERR,ERR,ERR,ERR,ERR,ERR,ERR,ERR,ERR,ERR,ERR,ERR,ERR,ERR,ERR,ERR,ERR,ERR,ERR,ERR,ERR,ERR,ERR,ERR,ERR,ERR,ERR,ERR,ERR,ERR,ERR,ERR,ERR,ERR,ERR,ERR,ERR,ERR,ERR,ERR,ERR,ERR,ERR,ERR,ERR,ERR,ERR,ERR,ERR,ERR,ERR,ERR,ERR,ERR,ERR,ERR,ERR,ERR,ERR,ERR,ERR,ERR,ERR,ERR,ERR,ERR,ERR,ERR,ERR,0.0,-107615296.0,-134474944.0,0.0,0.0,1.3936040501711995e+18,7.805,0.0,0,0,4,0,8422,0.0,45,0.0,0.0,0.0,0.0,0.0,0,0,0,0,0.0,0,0,0,0,0,0,0,0,0,0,0,0,0,0,0,0,0,0,0,0,0,0,0,0,0,0,0,0,0,0,0,0,0,38,14,7,45,65476,0,300,0,0,8,21553,0.0,-107605600.0,0.0,0.0,0.0,0.0,0.0,0.0,0.0,0.0,0.0,0.0,0.0,0.0,0.0,0.0,0.0,0.0,0.0,0.0,0.0,0.0,0.0,0.0,-0.0,0.0,0.0,0.0,0.0,0.0,5047.0,-0.0,0.0,0.0,-107615296.0,-107615280.0,2.718429300292151e+23,0.0,0.0,0.0,0.0,53,-0.0,-152017297211392.0,0.0,0.0,0.0,0.0,0.0,0.0,0.0,0,0,0,0.0,0.0,0.0,0.0,0.0,0.0,0.0,0.0,0.0,0.0,0.0,0.0,0.0,0.0,0.0,0.0,0,-107875648.0,53,0.0,106,-107614832.0,0.0,ERR,ERR,ERR,ERR,ERR,ERR,ERR,ERR,ERR,ERR,ERR,ERR,ERR,ERR,ERR,ERR,ERR,ERR,ERR,ERR,ERR,ERR,ERR,ERR,ERR,ERR,ERR,ERR,ERR,ERR,ERR,ERR,ERR,ERR,ERR,ERR,ERR,ERR,ERR,ERR,ERR,ERR,ERR,ERR,ERR,ERR,ERR,ERR,ERR,ERR,ERR,ERR,ERR,ERR,ERR,ERR,ERR,ERR,ERR,ERR,ERR,ERR,ERR,ERR,ERR,ERR,ERR,50.0,60.0,100,0.0,0.0,0.0,0.0,0.0,0.0,0.0,0.0,0.0,0.0,0.0,0.0,0.0,0.0,0.0,0.0,62.0,74,13,65512,50,65476,0,300,0,0,8,20529,65476,0,0,26214,60.0,0.0,0.0,0.0,0.0,0.0
2026-05-17T18:16:19,ERR,ERR,ERR,ERR,ERR,ERR,ERR,ERR,ERR,ERR,ERR,ERR,ERR,ERR,ERR,ERR,ERR,ERR,ERR,ERR,ERR,ERR,ERR,ERR,ERR,ERR,ERR,ERR,ERR,ERR,ERR,ERR,ERR,ERR,ERR,ERR,ERR,ERR,ERR,ERR,ERR,ERR,ERR,ERR,ERR,ERR,ERR,ERR,ERR,ERR,ERR,ERR,ERR,ERR,ERR,ERR,ERR,ERR,ERR,ERR,ERR,ERR,ERR,ERR,ERR,ERR,ERR,ERR,ERR,ERR,ERR,ERR,ERR,ERR,ERR,ERR,ERR,ERR,ERR,ERR,ERR,ERR,ERR,ERR,ERR,ERR,ERR,ERR,ERR,ERR,ERR,ERR,ERR,ERR,ERR,ERR,ERR,ERR,ERR,ERR,ERR,ERR,ERR,ERR,ERR,ERR,ERR,ERR,ERR,ERR,ERR,ERR,ERR,ERR,ERR,ERR,ERR,ERR,ERR,ERR,ERR,ERR,ERR,ERR,ERR,0.0,-107615296.0,-134474944.0,0.0,0.0,1.3936040501711995e+18,7.805,0.0,0,0,4,0,8422,0.0,45,0.0,0.0,0.0,0.0,0.0,0,0,0,0,0.0,0,0,0,0,0,0,0,0,0,0,0,0,0,0,0,0,0,0,0,0,0,0,0,0,0,0,0,0,0,0,0,0,0,38,14,7,45,65476,0,300,0,0,8,21553,0.0,-107605600.0,0.0,0.0,0.0,0.0,0.0,0.0,0.0,0.0,0.0,0.0,0.0,0.0,0.0,0.0,0.0,0.0,0.0,0.0,0.0,0.0,0.0,0.0,-0.0,0.0,0.0,0.0,0.0,0.0,5047.0,-0.0,0.0,0.0,-107615296.0,-107615280.0,2.718429300292151e+23,0.0,0.0,0.0,0.0,53,-0.0,-152017297211392.0,0.0,0.0,0.0,0.0,0.0,0.0,0.0,0,0,0,0.0,0.0,0.0,0.0,0.0,0.0,0.0,0.0,0.0,0.0,0.0,0.0,0.0,0.0,0.0,0.0,0,-107875648.0,53,0.0,106,-107614832.0,0.0,ERR,ERR,ERR,ERR,ERR,ERR,ERR,ERR,ERR,ERR,ERR,ERR,ERR,ERR,ERR,ERR,ERR,ERR,ERR,ERR,ERR,ERR,ERR,ERR,ERR,ERR,ERR,ERR,ERR,ERR,ERR,ERR,ERR,ERR,ERR,ERR,ERR,ERR,ERR,ERR,ERR,ERR,ERR,ERR,ERR,ERR,ERR,ERR,ERR,ERR,ERR,ERR,ERR,ERR,ERR,ERR,ERR,ERR,ERR,ERR,ERR,ERR,ERR,ERR,ERR,ERR,ERR,50.0,60.0,100,0.0,0.0,0.0,0.0,0.0,0.0,0.0,0.0,0.0,0.0,0.0,0.0,0.0,0.0,0.0,0.0,62.0,74,13,65512,50,65476,0,300,0,0,8,20529,65476,0,0,26214,60.0,0.0,0.0,0.0,0.0,0.0
2026-05-17T18:16:20,ERR,ERR,ERR,ERR,ERR,ERR,ERR,ERR,ERR,ERR,ERR,ERR,ERR,ERR,ERR,ERR,ERR,ERR,ERR,ERR,ERR,ERR,ERR,ERR,ERR,ERR,ERR,ERR,ERR,ERR,ERR,ERR,ERR,ERR,ERR,ERR,ERR,ERR,ERR,ERR,ERR,ERR,ERR,ERR,ERR,ERR,ERR,ERR,ERR,ERR,ERR,ERR,ERR,ERR,ERR,ERR,ERR,ERR,ERR,ERR,ERR,ERR,ERR,ERR,ERR,ERR,ERR,ERR,ERR,ERR,ERR,ERR,ERR,ERR,ERR,ERR,ERR,ERR,ERR,ERR,ERR,ERR,ERR,ERR,ERR,ERR,ERR,ERR,ERR,ERR,ERR,ERR,ERR,ERR,ERR,ERR,ERR,ERR,ERR,ERR,ERR,ERR,ERR,ERR,ERR,ERR,ERR,ERR,ERR,ERR,ERR,ERR,ERR,ERR,ERR,ERR,ERR,ERR,ERR,ERR,ERR,ERR,ERR,ERR,ERR,0.0,-107615296.0,-134474944.0,0.0,0.0,1.3936040501711995e+18,7.805,0.0,0,0,4,0,8422,0.0,45,0.0,0.0,0.0,0.0,0.0,0,0,0,0,0.0,0,0,0,0,0,0,0,0,0,0,0,0,0,0,0,0,0,0,0,0,0,0,0,0,0,0,0,0,0,0,0,0,0,38,14,7,45,65476,0,300,0,0,8,21553,0.0,-107605600.0,0.0,0.0,0.0,0.0,0.0,0.0,0.0,0.0,0.0,0.0,0.0,0.0,0.0,0.0,0.0,0.0,0.0,0.0,0.0,0.0,0.0,0.0,-0.0,0.0,0.0,0.0,0.0,0.0,5076.0,8608184320.0,0.0,0.0,-107615296.0,-107615280.0,2.718429300292151e+23,0.0,0.0,0.0,0.0,53,5.848083413016271e+35,-0.0,0.0,0.0,0.0,0.0,0.0,0.0,0.0,0,0,0,0.0,0.0,0.0,0.0,0.0,0.0,0.0,0.0,0.0,0.0,0.0,0.0,0.0,0.0,0.0,0.0,0,-107875648.0,53,0.0,106,-107614832.0,0.0,ERR,ERR,ERR,ERR,ERR,ERR,ERR,ERR,ERR,ERR,ERR,ERR,ERR,ERR,ERR,ERR,ERR,ERR,ERR,ERR,ERR,ERR,ERR,ERR,ERR,ERR,ERR,ERR,ERR,ERR,ERR,ERR,ERR,ERR,ERR,ERR,ERR,ERR,ERR,ERR,ERR,ERR,ERR,ERR,ERR,ERR,ERR,ERR,ERR,ERR,ERR,ERR,ERR,ERR,ERR,ERR,ERR,ERR,ERR,ERR,ERR,ERR,ERR,ERR,ERR,ERR,ERR,50.0,60.0,100,0.0,0.0,0.0,0.0,0.0,0.0,0.0,0.0,0.0,0.0,0.0,0.0,0.0,0.0,0.0,0.0,61.6,74,13,65512,50,65476,0,300,0,0,8,20529,65476,0,0,26214,60.0,0.0,0.0,0.0,0.0,0.0
2026-05-17T18:16:21,ERR,ERR,ERR,ERR,ERR,ERR,ERR,ERR,ERR,ERR,ERR,ERR,ERR,ERR,ERR,ERR,ERR,ERR,ERR,ERR,ERR,ERR,ERR,ERR,ERR,ERR,ERR,ERR,ERR,ERR,ERR,ERR,ERR,ERR,ERR,ERR,ERR,ERR,ERR,ERR,ERR,ERR,ERR,ERR,ERR,ERR,ERR,ERR,ERR,ERR,ERR,ERR,ERR,ERR,ERR,ERR,ERR,ERR,ERR,ERR,ERR,ERR,ERR,ERR,ERR,ERR,ERR,ERR,ERR,ERR,ERR,ERR,ERR,ERR,ERR,ERR,ERR,ERR,ERR,ERR,ERR,ERR,ERR,ERR,ERR,ERR,ERR,ERR,ERR,ERR,ERR,ERR,ERR,ERR,ERR,ERR,ERR,ERR,ERR,ERR,ERR,ERR,ERR,ERR,ERR,ERR,ERR,ERR,ERR,ERR,ERR,ERR,ERR,ERR,ERR,ERR,ERR,ERR,ERR,ERR,ERR,ERR,ERR,ERR,ERR,0.0,-107615296.0,-134474944.0,0.0,0.0,1.3936040501711995e+18,7.805,0.0,0,0,4,0,8422,0.0,45,0.0,0.0,0.0,0.0,0.0,0,0,0,0,0.0,0,0,0,0,0,0,0,0,0,0,0,0,0,0,0,0,0,0,0,0,0,0,0,0,0,0,0,0,0,0,0,0,0,38,14,7,45,65476,0,300,0,0,8,21553,0.0,-107605600.0,0.0,0.0,0.0,0.0,0.0,0.0,0.0,0.0,0.0,0.0,0.0,0.0,0.0,0.0,0.0,0.0,0.0,0.0,0.0,0.0,0.0,0.0,-0.0,0.0,0.0,0.0,0.0,0.0,5076.0,8608184320.0,0.0,0.0,-107615296.0,-107615280.0,2.718429300292151e+23,0.0,0.0,0.0,0.0,53,5.848083413016271e+35,-0.0,0.0,0.0,0.0,0.0,0.0,0.0,0.0,0,0,0,0.0,0.0,0.0,0.0,0.0,0.0,0.0,0.0,0.0,0.0,0.0,0.0,0.0,0.0,0.0,0.0,0,-107875648.0,53,0.0,106,-107614832.0,0.0,ERR,ERR,ERR,ERR,ERR,ERR,ERR,ERR,ERR,ERR,ERR,ERR,ERR,ERR,ERR,ERR,ERR,ERR,ERR,ERR,ERR,ERR,ERR,ERR,ERR,ERR,ERR,ERR,ERR,ERR,ERR,ERR,ERR,ERR,ERR,ERR,ERR,ERR,ERR,ERR,ERR,ERR,ERR,ERR,ERR,ERR,ERR,ERR,ERR,ERR,ERR,ERR,ERR,ERR,ERR,ERR,ERR,ERR,ERR,ERR,ERR,ERR,ERR,ERR,ERR,ERR,ERR,50.0,60.0,100,0.0,0.0,0.0,0.0,0.0,0.0,0.0,0.0,0.0,0.0,0.0,0.0,0.0,0.0,0.0,0.0,61.6,74,13,65512,50,65476,0,300,0,0,8,20529,65476,0,0,26214,60.0,0.0,0.0,0.0,0.0,0.0
2026-05-17T18:16:22,ERR,ERR,ERR,ERR,ERR,ERR,ERR,ERR,ERR,ERR,ERR,ERR,ERR,ERR,ERR,ERR,ERR,ERR,ERR,ERR,ERR,ERR,ERR,ERR,ERR,ERR,ERR,ERR,ERR,ERR,ERR,ERR,ERR,ERR,ERR,ERR,ERR,ERR,ERR,ERR,ERR,ERR,ERR,ERR,ERR,ERR,ERR,ERR,ERR,ERR,ERR,ERR,ERR,ERR,ERR,ERR,ERR,ERR,ERR,ERR,ERR,ERR,ERR,ERR,ERR,ERR,ERR,ERR,ERR,ERR,ERR,ERR,ERR,ERR,ERR,ERR,ERR,ERR,ERR,ERR,ERR,ERR,ERR,ERR,ERR,ERR,ERR,ERR,ERR,ERR,ERR,ERR,ERR,ERR,ERR,ERR,ERR,ERR,ERR,ERR,ERR,ERR,ERR,ERR,ERR,ERR,ERR,ERR,ERR,ERR,ERR,ERR,ERR,ERR,ERR,ERR,ERR,ERR,ERR,ERR,ERR,ERR,ERR,ERR,ERR,0.0,-107615296.0,-134474944.0,0.0,0.0,1.3936040501711995e+18,7.805,0.0,0,0,4,0,8422,0.0,45,0.0,0.0,0.0,0.0,0.0,0,0,0,0,0.0,0,0,0,0,0,0,0,0,0,0,0,0,0,0,0,0,0,0,0,0,0,0,0,0,0,0,0,0,0,0,0,0,0,38,14,7,45,65476,0,300,0,0,8,21553,0.0,-107605600.0,0.0,0.0,0.0,0.0,0.0,0.0,0.0,0.0,0.0,0.0,0.0,0.0,0.0,0.0,0.0,0.0,0.0,0.0,0.0,0.0,0.0,0.0,-0.0,0.0,0.0,0.0,0.0,0.0,5076.0,8608184320.0,0.0,0.0,-107615296.0,-107615280.0,2.718429300292151e+23,0.0,0.0,0.0,0.0,53,5.848083413016271e+35,-0.0,0.0,0.0,0.0,0.0,0.0,0.0,0.0,0,0,0,0.0,0.0,0.0,0.0,0.0,0.0,0.0,0.0,0.0,0.0,0.0,0.0,0.0,0.0,0.0,0.0,0,-107875648.0,53,0.0,106,-107614832.0,0.0,ERR,ERR,ERR,ERR,ERR,ERR,ERR,ERR,ERR,ERR,ERR,ERR,ERR,ERR,ERR,ERR,ERR,ERR,ERR,ERR,ERR,ERR,ERR,ERR,ERR,ERR,ERR,ERR,ERR,ERR,ERR,ERR,ERR,ERR,ERR,ERR,ERR,ERR,ERR,ERR,ERR,ERR,ERR,ERR,ERR,ERR,ERR,ERR,ERR,ERR,ERR,ERR,ERR,ERR,ERR,ERR,ERR,ERR,ERR,ERR,ERR,ERR,ERR,ERR,ERR,ERR,ERR,50.0,60.0,100,0.0,0.0,0.0,0.0,0.0,0.0,0.0,0.0,0.0,0.0,0.0,0.0,0.0,0.0,0.0,0.0,61.6,74,13,65512,50,65476,0,300,0,0,8,20529,65476,0,0,26214,60.0,0.0,0.0,0.0,0.0,0.0
2026-05-17T18:16:23,ERR,ERR,ERR,ERR,ERR,ERR,ERR,ERR,ERR,ERR,ERR,ERR,ERR,ERR,ERR,ERR,ERR,ERR,ERR,ERR,ERR,ERR,ERR,ERR,ERR,ERR,ERR,ERR,ERR,ERR,ERR,ERR,ERR,ERR,ERR,ERR,ERR,ERR,ERR,ERR,ERR,ERR,ERR,ERR,ERR,ERR,ERR,ERR,ERR,ERR,ERR,ERR,ERR,ERR,ERR,ERR,ERR,ERR,ERR,ERR,ERR,ERR,ERR,ERR,ERR,ERR,ERR,ERR,ERR,ERR,ERR,ERR,ERR,ERR,ERR,ERR,ERR,ERR,ERR,ERR,ERR,ERR,ERR,ERR,ERR,ERR,ERR,ERR,ERR,ERR,ERR,ERR,ERR,ERR,ERR,ERR,ERR,ERR,ERR,ERR,ERR,ERR,ERR,ERR,ERR,ERR,ERR,ERR,ERR,ERR,ERR,ERR,ERR,ERR,ERR,ERR,ERR,ERR,ERR,ERR,ERR,ERR,ERR,ERR,ERR,0.0,-107615296.0,-134474944.0,0.0,0.0,1.3936040501711995e+18,7.805,0.0,0,0,4,0,8422,0.0,45,0.0,0.0,0.0,0.0,0.0,0,0,0,0,0.0,0,0,0,0,0,0,0,0,0,0,0,0,0,0,0,0,0,0,0,0,0,0,0,0,0,0,0,0,0,0,0,0,0,38,14,7,45,65476,0,300,0,0,8,21553,0.0,-107605600.0,0.0,0.0,0.0,0.0,0.0,0.0,0.0,0.0,0.0,0.0,0.0,0.0,0.0,0.0,0.0,0.0,0.0,0.0,0.0,0.0,0.0,0.0,-0.0,0.0,0.0,0.0,0.0,0.0,5076.0,8608184320.0,0.0,0.0,-107615296.0,-107615280.0,2.718429300292151e+23,0.0,0.0,0.0,0.0,53,5.848083413016271e+35,-0.0,0.0,0.0,0.0,0.0,0.0,0.0,0.0,0,0,0,0.0,0.0,0.0,0.0,0.0,0.0,0.0,0.0,0.0,0.0,0.0,0.0,0.0,0.0,0.0,0.0,0,-107875648.0,53,0.0,106,-107614832.0,0.0,ERR,ERR,ERR,ERR,ERR,ERR,ERR,ERR,ERR,ERR,ERR,ERR,ERR,ERR,ERR,ERR,ERR,ERR,ERR,ERR,ERR,ERR,ERR,ERR,ERR,ERR,ERR,ERR,ERR,ERR,ERR,ERR,ERR,ERR,ERR,ERR,ERR,ERR,ERR,ERR,ERR,ERR,ERR,ERR,ERR,ERR,ERR,ERR,ERR,ERR,ERR,ERR,ERR,ERR,ERR,ERR,ERR,ERR,ERR,ERR,ERR,ERR,ERR,ERR,ERR,ERR,ERR,50.0,60.0,100,0.0,0.0,0.0,0.0,0.0,0.0,0.0,0.0,0.0,0.0,0.0,0.0,0.0,0.0,0.0,0.0,61.6,74,13,65512,50,65476,0,300,0,0,8,20529,65476,0,0,26214,60.0,0.0,0.0,0.0,0.0,0.0
2026-05-17T18:16:24,ERR,ERR,ERR,ERR,ERR,ERR,ERR,ERR,ERR,ERR,ERR,ERR,ERR,ERR,ERR,ERR,ERR,ERR,ERR,ERR,ERR,ERR,ERR,ERR,ERR,ERR,ERR,ERR,ERR,ERR,ERR,ERR,ERR,ERR,ERR,ERR,ERR,ERR,ERR,ERR,ERR,ERR,ERR,ERR,ERR,ERR,ERR,ERR,ERR,ERR,ERR,ERR,ERR,ERR,ERR,ERR,ERR,ERR,ERR,ERR,ERR,ERR,ERR,ERR,ERR,ERR,ERR,ERR,ERR,ERR,ERR,ERR,ERR,ERR,ERR,ERR,ERR,ERR,ERR,ERR,ERR,ERR,ERR,ERR,ERR,ERR,ERR,ERR,ERR,ERR,ERR,ERR,ERR,ERR,ERR,ERR,ERR,ERR,ERR,ERR,ERR,ERR,ERR,ERR,ERR,ERR,ERR,ERR,ERR,ERR,ERR,ERR,ERR,ERR,ERR,ERR,ERR,ERR,ERR,ERR,ERR,ERR,ERR,ERR,ERR,0.0,-107615296.0,-134474944.0,0.0,0.0,1.3936040501711995e+18,7.805,0.0,0,0,4,0,8422,0.0,45,0.0,0.0,0.0,0.0,0.0,0,0,0,0,0.0,0,0,0,0,0,0,0,0,0,0,0,0,0,0,0,0,0,0,0,0,0,0,0,0,0,0,0,0,0,0,0,0,0,38,14,7,45,65476,0,300,0,0,8,21553,0.0,-107605600.0,0.0,0.0,0.0,0.0,0.0,0.0,0.0,0.0,0.0,0.0,0.0,0.0,0.0,0.0,0.0,0.0,0.0,0.0,0.0,0.0,0.0,0.0,-0.0,0.0,0.0,0.0,0.0,0.0,5076.0,8608184320.0,0.0,0.0,-107615296.0,-107615280.0,2.718429300292151e+23,0.0,0.0,0.0,0.0,53,5.848083413016271e+35,-0.0,0.0,0.0,0.0,0.0,0.0,0.0,0.0,0,0,0,0.0,0.0,0.0,0.0,0.0,0.0,0.0,0.0,0.0,0.0,0.0,0.0,0.0,0.0,0.0,0.0,0,-107875648.0,53,0.0,106,-107614832.0,0.0,ERR,ERR,ERR,ERR,ERR,ERR,ERR,ERR,ERR,ERR,ERR,ERR,ERR,ERR,ERR,ERR,ERR,ERR,ERR,ERR,ERR,ERR,ERR,ERR,ERR,ERR,ERR,ERR,ERR,ERR,ERR,ERR,ERR,ERR,ERR,ERR,ERR,ERR,ERR,ERR,ERR,ERR,ERR,ERR,ERR,ERR,ERR,ERR,ERR,ERR,ERR,ERR,ERR,ERR,ERR,ERR,ERR,ERR,ERR,ERR,ERR,ERR,ERR,ERR,ERR,ERR,ERR,50.0,60.0,100,0.0,0.0,0.0,0.0,0.0,0.0,0.0,0.0,0.0,0.0,0.0,0.0,0.0,0.0,0.0,0.0,62.0,74,13,65512,50,65476,0,300,0,0,8,20529,65476,0,0,26214,60.0,0.0,0.0,0.0,0.0,0.0
2026-05-17T18:16:25,ERR,ERR,ERR,ERR,ERR,ERR,ERR,ERR,ERR,ERR,ERR,ERR,ERR,ERR,ERR,ERR,ERR,ERR,ERR,ERR,ERR,ERR,ERR,ERR,ERR,ERR,ERR,ERR,ERR,ERR,ERR,ERR,ERR,ERR,ERR,ERR,ERR,ERR,ERR,ERR,ERR,ERR,ERR,ERR,ERR,ERR,ERR,ERR,ERR,ERR,ERR,ERR,ERR,ERR,ERR,ERR,ERR,ERR,ERR,ERR,ERR,ERR,ERR,ERR,ERR,ERR,ERR,ERR,ERR,ERR,ERR,ERR,ERR,ERR,ERR,ERR,ERR,ERR,ERR,ERR,ERR,ERR,ERR,ERR,ERR,ERR,ERR,ERR,ERR,ERR,ERR,ERR,ERR,ERR,ERR,ERR,ERR,ERR,ERR,ERR,ERR,ERR,ERR,ERR,ERR,ERR,ERR,ERR,ERR,ERR,ERR,ERR,ERR,ERR,ERR,ERR,ERR,ERR,ERR,ERR,ERR,ERR,ERR,ERR,ERR,0.0,-107615296.0,-134474944.0,0.0,0.0,1.3936040501711995e+18,7.805,0.0,0,0,4,0,8422,0.0,45,0.0,0.0,0.0,0.0,0.0,0,0,0,0,0.0,0,0,0,0,0,0,0,0,0,0,0,0,0,0,0,0,0,0,0,0,0,0,0,0,0,0,0,0,0,0,0,0,0,38,14,7,45,65476,0,300,0,0,8,21553,0.0,-107605600.0,0.0,0.0,0.0,0.0,0.0,0.0,0.0,0.0,0.0,0.0,0.0,0.0,0.0,0.0,0.0,0.0,0.0,0.0,0.0,0.0,-2.004,0.0,-0.0,0.0,0.0,0.0,0.0,0.0,5079.0,1.04066562844498e+34,0.0,0.0,-107615296.0,-107615280.0,2.718429300292151e+23,0.0,0.0,0.0,0.0,53,-0.0,-152017313988608.0,0.0,0.0,0.0,0.0,0.0,0.0,0.0,0,0,0,0.0,0.0,0.0,0.0,0.0,0.0,0.0,0.0,0.0,0.0,0.0,0.0,0.0,0.0,0.0,0.0,0,-107875648.0,53,0.0,106,-107614832.0,0.0,ERR,ERR,ERR,ERR,ERR,ERR,ERR,ERR,ERR,ERR,ERR,ERR,ERR,ERR,ERR,ERR,ERR,ERR,ERR,ERR,ERR,ERR,ERR,ERR,ERR,ERR,ERR,ERR,ERR,ERR,ERR,ERR,ERR,ERR,ERR,ERR,ERR,ERR,ERR,ERR,ERR,ERR,ERR,ERR,ERR,ERR,ERR,ERR,ERR,ERR,ERR,ERR,ERR,ERR,ERR,ERR,ERR,ERR,ERR,ERR,ERR,ERR,ERR,ERR,ERR,ERR,ERR,50.0,60.0,100,0.0,0.0,0.0,0.0,0.0,0.0,0.0,0.0,0.0,0.0,0.0,0.0,0.0,0.0,0.0,0.0,61.6,74,13,65512,50,65476,0,300,0,0,8,20529,65476,0,0,26214,60.0,0.0,0.0,0.0,0.0,0.0
2026-05-17T18:16:26,ERR,ERR,ERR,ERR,ERR,ERR,ERR,ERR,ERR,ERR,ERR,ERR,ERR,ERR,ERR,ERR,ERR,ERR,ERR,ERR,ERR,ERR,ERR,ERR,ERR,ERR,ERR,ERR,ERR,ERR,ERR,ERR,ERR,ERR,ERR,ERR,ERR,ERR,ERR,ERR,ERR,ERR,ERR,ERR,ERR,ERR,ERR,ERR,ERR,ERR,ERR,ERR,ERR,ERR,ERR,ERR,ERR,ERR,ERR,ERR,ERR,ERR,ERR,ERR,ERR,ERR,ERR,ERR,ERR,ERR,ERR,ERR,ERR,ERR,ERR,ERR,ERR,ERR,ERR,ERR,ERR,ERR,ERR,ERR,ERR,ERR,ERR,ERR,ERR,ERR,ERR,ERR,ERR,ERR,ERR,ERR,ERR,ERR,ERR,ERR,ERR,ERR,ERR,ERR,ERR,ERR,ERR,ERR,ERR,ERR,ERR,ERR,ERR,ERR,ERR,ERR,ERR,ERR,ERR,ERR,ERR,ERR,ERR,ERR,ERR,0.0,-107615296.0,-134474944.0,0.0,0.0,1.3936040501711995e+18,7.805,0.0,0,0,4,0,8422,0.0,45,0.0,0.0,0.0,0.0,0.0,0,0,0,0,0.0,0,0,0,0,0,0,0,0,0,0,0,0,0,0,0,0,0,0,0,0,0,0,0,0,0,0,0,0,0,0,0,0,0,38,14,7,45,65476,0,300,0,0,8,21553,0.0,-107605600.0,0.0,0.0,0.0,0.0,0.0,0.0,0.0,0.0,0.0,0.0,0.0,0.0,0.0,0.0,0.0,0.0,0.0,0.0,0.0,0.0,-2.004,0.0,-0.0,0.0,0.0,0.0,0.0,0.0,5079.0,1.04066562844498e+34,0.0,0.0,-107615296.0,-107615280.0,2.718429300292151e+23,0.0,0.0,0.0,0.0,53,-0.0,-152017313988608.0,0.0,0.0,0.0,0.0,0.0,0.0,0.0,0,0,0,0.0,0.0,0.0,0.0,0.0,0.0,0.0,0.0,0.0,0.0,0.0,0.0,0.0,0.0,0.0,0.0,0,-107875648.0,53,0.0,106,-107614832.0,0.0,ERR,ERR,ERR,ERR,ERR,ERR,ERR,ERR,ERR,ERR,ERR,ERR,ERR,ERR,ERR,ERR,ERR,ERR,ERR,ERR,ERR,ERR,ERR,ERR,ERR,ERR,ERR,ERR,ERR,ERR,ERR,ERR,ERR,ERR,ERR,ERR,ERR,ERR,ERR,ERR,ERR,ERR,ERR,ERR,ERR,ERR,ERR,ERR,ERR,ERR,ERR,ERR,ERR,ERR,ERR,ERR,ERR,ERR,ERR,ERR,ERR,ERR,ERR,ERR,ERR,ERR,ERR,50.0,60.0,100,0.0,0.0,0.0,0.0,0.0,0.0,0.0,0.0,0.0,0.0,0.0,0.0,0.0,0.0,0.0,0.0,61.6,74,13,65512,50,65476,0,300,0,0,8,20529,65476,0,0,26214,60.0,0.0,0.0,0.0,0.0,0.0
2026-05-17T18:16:27,ERR,ERR,ERR,ERR,ERR,ERR,ERR,ERR,ERR,ERR,ERR,ERR,ERR,ERR,ERR,ERR,ERR,ERR,ERR,ERR,ERR,ERR,ERR,ERR,ERR,ERR,ERR,ERR,ERR,ERR,ERR,ERR,ERR,ERR,ERR,ERR,ERR,ERR,ERR,ERR,ERR,ERR,ERR,ERR,ERR,ERR,ERR,ERR,ERR,ERR,ERR,ERR,ERR,ERR,ERR,ERR,ERR,ERR,ERR,ERR,ERR,ERR,ERR,ERR,ERR,ERR,ERR,ERR,ERR,ERR,ERR,ERR,ERR,ERR,ERR,ERR,ERR,ERR,ERR,ERR,ERR,ERR,ERR,ERR,ERR,ERR,ERR,ERR,ERR,ERR,ERR,ERR,ERR,ERR,ERR,ERR,ERR,ERR,ERR,ERR,ERR,ERR,ERR,ERR,ERR,ERR,ERR,ERR,ERR,ERR,ERR,ERR,ERR,ERR,ERR,ERR,ERR,ERR,ERR,ERR,ERR,ERR,ERR,ERR,ERR,0.0,-107615296.0,-134474944.0,0.0,0.0,1.3936040501711995e+18,7.805,0.0,0,0,4,0,8422,0.0,45,0.0,0.0,0.0,0.0,0.0,0,0,0,0,0.0,0,0,0,0,0,0,0,0,0,0,0,0,0,0,0,0,0,0,0,0,0,0,0,0,0,0,0,0,0,0,0,0,0,38,14,7,45,65476,0,300,0,0,8,21553,0.0,-107605600.0,0.0,0.0,0.0,0.0,0.0,0.0,0.0,0.0,0.0,0.0,0.0,0.0,0.0,0.0,0.0,0.0,0.0,0.0,0.0,0.0,-2.004,0.0,-0.0,0.0,0.0,0.0,0.0,0.0,5079.0,1.04066562844498e+34,0.0,0.0,-107615296.0,-107615280.0,2.718429300292151e+23,0.0,0.0,0.0,0.0,53,-0.0,-152017313988608.0,0.0,0.0,0.0,0.0,0.0,0.0,0.0,0,0,0,0.0,0.0,0.0,0.0,0.0,0.0,0.0,0.0,0.0,0.0,0.0,0.0,0.0,0.0,0.0,0.0,0,-107875648.0,53,0.0,106,-107614832.0,0.0,ERR,ERR,ERR,ERR,ERR,ERR,ERR,ERR,ERR,ERR,ERR,ERR,ERR,ERR,ERR,ERR,ERR,ERR,ERR,ERR,ERR,ERR,ERR,ERR,ERR,ERR,ERR,ERR,ERR,ERR,ERR,ERR,ERR,ERR,ERR,ERR,ERR,ERR,ERR,ERR,ERR,ERR,ERR,ERR,ERR,ERR,ERR,ERR,ERR,ERR,ERR,ERR,ERR,ERR,ERR,ERR,ERR,ERR,ERR,ERR,ERR,ERR,ERR,ERR,ERR,ERR,ERR,50.0,60.0,100,0.0,0.0,0.0,0.0,0.0,0.0,0.0,0.0,0.0,0.0,0.0,0.0,0.0,0.0,0.0,0.0,61.6,74,13,65512,50,65476,0,300,0,0,8,20529,65476,0,0,26214,60.0,0.0,0.0,0.0,0.0,0.0
2026-05-17T18:16:28,ERR,ERR,ERR,ERR,ERR,ERR,ERR,ERR,ERR,ERR,ERR,ERR,ERR,ERR,ERR,ERR,ERR,ERR,ERR,ERR,ERR,ERR,ERR,ERR,ERR,ERR,ERR,ERR,ERR,ERR,ERR,ERR,ERR,ERR,ERR,ERR,ERR,ERR,ERR,ERR,ERR,ERR,ERR,ERR,ERR,ERR,ERR,ERR,ERR,ERR,ERR,ERR,ERR,ERR,ERR,ERR,ERR,ERR,ERR,ERR,ERR,ERR,ERR,ERR,ERR,ERR,ERR,ERR,ERR,ERR,ERR,ERR,ERR,ERR,ERR,ERR,ERR,ERR,ERR,ERR,ERR,ERR,ERR,ERR,ERR,ERR,ERR,ERR,ERR,ERR,ERR,ERR,ERR,ERR,ERR,ERR,ERR,ERR,ERR,ERR,ERR,ERR,ERR,ERR,ERR,ERR,ERR,ERR,ERR,ERR,ERR,ERR,ERR,ERR,ERR,ERR,ERR,ERR,ERR,ERR,ERR,ERR,ERR,ERR,ERR,0.0,-107615296.0,-134474944.0,0.0,0.0,1.3936040501711995e+18,7.805,0.0,0,0,4,0,8422,0.0,45,0.0,0.0,0.0,0.0,0.0,0,0,0,0,0.0,0,0,0,0,0,0,0,0,0,0,0,0,0,0,0,0,0,0,0,0,0,0,0,0,0,0,0,0,0,0,0,0,0,38,14,7,45,65476,0,300,0,0,8,21553,0.0,-107605600.0,0.0,0.0,0.0,0.0,0.0,0.0,0.0,0.0,0.0,0.0,0.0,0.0,0.0,0.0,0.0,0.0,0.0,0.0,0.0,0.0,-2.004,0.0,-0.0,0.0,0.0,0.0,0.0,0.0,5079.0,1.04066562844498e+34,0.0,0.0,-107615296.0,-107615280.0,2.718429300292151e+23,0.0,0.0,0.0,0.0,53,-0.0,-152017313988608.0,0.0,0.0,0.0,0.0,0.0,0.0,0.0,0,0,0,0.0,0.0,0.0,0.0,0.0,0.0,0.0,0.0,0.0,0.0,0.0,0.0,0.0,0.0,0.0,0.0,0,-107875648.0,53,0.0,106,-107614832.0,0.0,ERR,ERR,ERR,ERR,ERR,ERR,ERR,ERR,ERR,ERR,ERR,ERR,ERR,ERR,ERR,ERR,ERR,ERR,ERR,ERR,ERR,ERR,ERR,ERR,ERR,ERR,ERR,ERR,ERR,ERR,ERR,ERR,ERR,ERR,ERR,ERR,ERR,ERR,ERR,ERR,ERR,ERR,ERR,ERR,ERR,ERR,ERR,ERR,ERR,ERR,ERR,ERR,ERR,ERR,ERR,ERR,ERR,ERR,ERR,ERR,ERR,ERR,ERR,ERR,ERR,ERR,ERR,50.0,60.0,100,0.0,0.0,0.0,0.0,0.0,0.0,0.0,0.0,0.0,0.0,0.0,0.0,0.0,0.0,0.0,0.0,61.6,74,13,65512,50,65476,0,300,0,0,8,20529,65476,0,0,26214,60.0,0.0,0.0,0.0,0.0,0.0
2026-05-17T18:16:29,ERR,ERR,ERR,ERR,ERR,ERR,ERR,ERR,ERR,ERR,ERR,ERR,ERR,ERR,ERR,ERR,ERR,ERR,ERR,ERR,ERR,ERR,ERR,ERR,ERR,ERR,ERR,ERR,ERR,ERR,ERR,ERR,ERR,ERR,ERR,ERR,ERR,ERR,ERR,ERR,ERR,ERR,ERR,ERR,ERR,ERR,ERR,ERR,ERR,ERR,ERR,ERR,ERR,ERR,ERR,ERR,ERR,ERR,ERR,ERR,ERR,ERR,ERR,ERR,ERR,ERR,ERR,ERR,ERR,ERR,ERR,ERR,ERR,ERR,ERR,ERR,ERR,ERR,ERR,ERR,ERR,ERR,ERR,ERR,ERR,ERR,ERR,ERR,ERR,ERR,ERR,ERR,ERR,ERR,ERR,ERR,ERR,ERR,ERR,ERR,ERR,ERR,ERR,ERR,ERR,ERR,ERR,ERR,ERR,ERR,ERR,ERR,ERR,ERR,ERR,ERR,ERR,ERR,ERR,ERR,ERR,ERR,ERR,ERR,ERR,0.0,-107615296.0,-134474944.0,0.0,0.0,1.3936040501711995e+18,7.805,0.0,0,0,4,0,8422,0.0,45,0.0,0.0,0.0,0.0,0.0,0,0,0,0,0.0,0,0,0,0,0,0,0,0,0,0,0,0,0,0,0,0,0,0,0,0,0,0,0,0,0,0,0,0,0,0,0,0,0,38,14,7,45,65476,0,300,0,0,8,21553,0.0,-107605600.0,0.0,0.0,0.0,0.0,0.0,0.0,0.0,0.0,0.0,0.0,0.0,0.0,0.0,0.0,0.0,0.0,0.0,0.0,0.0,0.0,-2.004,0.0,-0.0,0.0,0.0,0.0,0.0,0.0,5079.0,1.04066562844498e+34,0.0,0.0,-107615296.0,-107615280.0,2.718429300292151e+23,0.0,0.0,0.0,0.0,53,-0.0,-152017313988608.0,0.0,0.0,0.0,0.0,0.0,0.0,0.0,0,0,0,0.0,0.0,0.0,0.0,0.0,0.0,0.0,0.0,0.0,0.0,0.0,0.0,0.0,0.0,0.0,0.0,0,-107875648.0,53,0.0,106,-107614832.0,0.0,ERR,ERR,ERR,ERR,ERR,ERR,ERR,ERR,ERR,ERR,ERR,ERR,ERR,ERR,ERR,ERR,ERR,ERR,ERR,ERR,ERR,ERR,ERR,ERR,ERR,ERR,ERR,ERR,ERR,ERR,ERR,ERR,ERR,ERR,ERR,ERR,ERR,ERR,ERR,ERR,ERR,ERR,ERR,ERR,ERR,ERR,ERR,ERR,ERR,ERR,ERR,ERR,ERR,ERR,ERR,ERR,ERR,ERR,ERR,ERR,ERR,ERR,ERR,ERR,ERR,ERR,ERR,50.0,60.0,100,0.0,0.0,0.0,0.0,0.0,0.0,0.0,0.0,0.0,0.0,0.0,0.0,0.0,0.0,0.0,0.0,62.0,74,13,65512,50,65476,0,300,0,0,8,20529,65476,0,0,26214,60.0,0.0,0.0,0.0,0.0,0.0
2026-05-17T18:16:30,ERR,ERR,ERR,ERR,ERR,ERR,ERR,ERR,ERR,ERR,ERR,ERR,ERR,ERR,ERR,ERR,ERR,ERR,ERR,ERR,ERR,ERR,ERR,ERR,ERR,ERR,ERR,ERR,ERR,ERR,ERR,ERR,ERR,ERR,ERR,ERR,ERR,ERR,ERR,ERR,ERR,ERR,ERR,ERR,ERR,ERR,ERR,ERR,ERR,ERR,ERR,ERR,ERR,ERR,ERR,ERR,ERR,ERR,ERR,ERR,ERR,ERR,ERR,ERR,ERR,ERR,ERR,ERR,ERR,ERR,ERR,ERR,ERR,ERR,ERR,ERR,ERR,ERR,ERR,ERR,ERR,ERR,ERR,ERR,ERR,ERR,ERR,ERR,ERR,ERR,ERR,ERR,ERR,ERR,ERR,ERR,ERR,ERR,ERR,ERR,ERR,ERR,ERR,ERR,ERR,ERR,ERR,ERR,ERR,ERR,ERR,ERR,ERR,ERR,ERR,ERR,ERR,ERR,ERR,ERR,ERR,ERR,ERR,ERR,ERR,0.0,-107615296.0,-134474944.0,0.0,0.0,1.3936040501711995e+18,7.805,0.0,0,0,4,0,8422,0.0,45,0.0,0.0,0.0,0.0,0.0,0,0,0,0,0.0,0,0,0,0,0,0,0,0,0,0,0,0,0,0,0,0,0,0,0,0,0,0,0,0,0,0,0,0,0,0,0,0,0,38,14,7,45,65476,0,300,0,0,8,21553,0.0,-107605600.0,0.0,0.0,0.0,0.0,0.0,0.0,0.0,0.0,0.0,0.0,0.0,0.0,0.0,0.0,0.0,0.0,0.0,0.0,0.0,0.0,0.0,0.0,-0.0,0.0,0.0,0.0,0.0,0.0,5078.0,131350.469,0.0,0.0,-107615296.0,-107615280.0,2.718429300292151e+23,0.0,0.0,0.0,0.0,53,-0.0,-0.0,0.0,0.0,0.0,0.0,0.0,0.0,0.0,0,0,0,0.0,0.0,0.0,0.0,0.0,0.0,0.0,0.0,0.0,0.0,0.0,0.0,0.0,0.0,0.0,0.0,0,-107875648.0,53,0.0,106,-107614832.0,0.0,ERR,ERR,ERR,ERR,ERR,ERR,ERR,ERR,ERR,ERR,ERR,ERR,ERR,ERR,ERR,ERR,ERR,ERR,ERR,ERR,ERR,ERR,ERR,ERR,ERR,ERR,ERR,ERR,ERR,ERR,ERR,ERR,ERR,ERR,ERR,ERR,ERR,ERR,ERR,ERR,ERR,ERR,ERR,ERR,ERR,ERR,ERR,ERR,ERR,ERR,ERR,ERR,ERR,ERR,ERR,ERR,ERR,ERR,ERR,ERR,ERR,ERR,ERR,ERR,ERR,ERR,ERR,50.0,60.0,100,0.0,0.0,0.0,0.0,0.0,0.0,0.0,0.0,0.0,0.0,0.0,0.0,0.0,0.0,0.0,0.0,61.6,74,13,65512,50,65476,0,300,0,0,8,20529,65476,0,0,26214,60.0,0.0,0.0,0.0,0.0,0.0
2026-05-17T18:16:31,ERR,ERR,ERR,ERR,ERR,ERR,ERR,ERR,ERR,ERR,ERR,ERR,ERR,ERR,ERR,ERR,ERR,ERR,ERR,ERR,ERR,ERR,ERR,ERR,ERR,ERR,ERR,ERR,ERR,ERR,ERR,ERR,ERR,ERR,ERR,ERR,ERR,ERR,ERR,ERR,ERR,ERR,ERR,ERR,ERR,ERR,ERR,ERR,ERR,ERR,ERR,ERR,ERR,ERR,ERR,ERR,ERR,ERR,ERR,ERR,ERR,ERR,ERR,ERR,ERR,ERR,ERR,ERR,ERR,ERR,ERR,ERR,ERR,ERR,ERR,ERR,ERR,ERR,ERR,ERR,ERR,ERR,ERR,ERR,ERR,ERR,ERR,ERR,ERR,ERR,ERR,ERR,ERR,ERR,ERR,ERR,ERR,ERR,ERR,ERR,ERR,ERR,ERR,ERR,ERR,ERR,ERR,ERR,ERR,ERR,ERR,ERR,ERR,ERR,ERR,ERR,ERR,ERR,ERR,ERR,ERR,ERR,ERR,ERR,ERR,0.0,-107615296.0,-134474944.0,0.0,0.0,1.3936040501711995e+18,7.805,0.0,0,0,4,0,8422,0.0,45,0.0,0.0,0.0,0.0,0.0,0,0,0,0,0.0,0,0,0,0,0,0,0,0,0,0,0,0,0,0,0,0,0,0,0,0,0,0,0,0,0,0,0,0,0,0,0,0,0,38,14,7,45,65476,0,300,0,0,8,21553,0.0,-107605600.0,0.0,0.0,0.0,0.0,0.0,0.0,0.0,0.0,0.0,0.0,0.0,0.0,0.0,0.0,0.0,0.0,0.0,0.0,0.0,0.0,0.0,0.0,-0.0,0.0,0.0,0.0,0.0,0.0,5078.0,131350.469,0.0,0.0,-107615296.0,-107615280.0,2.718429300292151e+23,0.0,0.0,0.0,0.0,53,-0.0,-0.0,0.0,0.0,0.0,0.0,0.0,0.0,0.0,0,0,0,0.0,0.0,0.0,0.0,0.0,0.0,0.0,0.0,0.0,0.0,0.0,0.0,0.0,0.0,0.0,0.0,0,-107875648.0,53,0.0,106,-107614832.0,0.0,ERR,ERR,ERR,ERR,ERR,ERR,ERR,ERR,ERR,ERR,ERR,ERR,ERR,ERR,ERR,ERR,ERR,ERR,ERR,ERR,ERR,ERR,ERR,ERR,ERR,ERR,ERR,ERR,ERR,ERR,ERR,ERR,ERR,ERR,ERR,ERR,ERR,ERR,ERR,ERR,ERR,ERR,ERR,ERR,ERR,ERR,ERR,ERR,ERR,ERR,ERR,ERR,ERR,ERR,ERR,ERR,ERR,ERR,ERR,ERR,ERR,ERR,ERR,ERR,ERR,ERR,ERR,50.0,60.0,100,0.0,0.0,0.0,0.0,0.0,0.0,0.0,0.0,0.0,0.0,0.0,0.0,0.0,0.0,0.0,0.0,61.6,74,13,65512,50,65476,0,300,0,0,8,20529,65476,0,0,26214,60.0,0.0,0.0,0.0,0.0,0.0
2026-05-17T18:16:32,ERR,ERR,ERR,ERR,ERR,ERR,ERR,ERR,ERR,ERR,ERR,ERR,ERR,ERR,ERR,ERR,ERR,ERR,ERR,ERR,ERR,ERR,ERR,ERR,ERR,ERR,ERR,ERR,ERR,ERR,ERR,ERR,ERR,ERR,ERR,ERR,ERR,ERR,ERR,ERR,ERR,ERR,ERR,ERR,ERR,ERR,ERR,ERR,ERR,ERR,ERR,ERR,ERR,ERR,ERR,ERR,ERR,ERR,ERR,ERR,ERR,ERR,ERR,ERR,ERR,ERR,ERR,ERR,ERR,ERR,ERR,ERR,ERR,ERR,ERR,ERR,ERR,ERR,ERR,ERR,ERR,ERR,ERR,ERR,ERR,ERR,ERR,ERR,ERR,ERR,ERR,ERR,ERR,ERR,ERR,ERR,ERR,ERR,ERR,ERR,ERR,ERR,ERR,ERR,ERR,ERR,ERR,ERR,ERR,ERR,ERR,ERR,ERR,ERR,ERR,ERR,ERR,ERR,ERR,ERR,ERR,ERR,ERR,ERR,ERR,0.0,-107615296.0,-134474944.0,0.0,0.0,1.3936040501711995e+18,7.805,0.0,0,0,4,0,8422,0.0,45,0.0,0.0,0.0,0.0,0.0,0,0,0,0,0.0,0,0,0,0,0,0,0,0,0,0,0,0,0,0,0,0,0,0,0,0,0,0,0,0,0,0,0,0,0,0,0,0,0,38,14,7,45,65476,0,300,0,0,8,21553,0.0,-107605600.0,0.0,0.0,0.0,0.0,0.0,0.0,0.0,0.0,0.0,0.0,0.0,0.0,0.0,0.0,0.0,0.0,0.0,0.0,0.0,0.0,0.0,0.0,-0.0,0.0,0.0,0.0,0.0,0.0,5078.0,131350.469,0.0,0.0,-107615296.0,-107615280.0,2.718429300292151e+23,0.0,0.0,0.0,0.0,53,-0.0,-0.0,0.0,0.0,0.0,0.0,0.0,0.0,0.0,0,0,0,0.0,0.0,0.0,0.0,0.0,0.0,0.0,0.0,0.0,0.0,0.0,0.0,0.0,0.0,0.0,0.0,0,-107875648.0,53,0.0,106,-107614832.0,0.0,ERR,ERR,ERR,ERR,ERR,ERR,ERR,ERR,ERR,ERR,ERR,ERR,ERR,ERR,ERR,ERR,ERR,ERR,ERR,ERR,ERR,ERR,ERR,ERR,ERR,ERR,ERR,ERR,ERR,ERR,ERR,ERR,ERR,ERR,ERR,ERR,ERR,ERR,ERR,ERR,ERR,ERR,ERR,ERR,ERR,ERR,ERR,ERR,ERR,ERR,ERR,ERR,ERR,ERR,ERR,ERR,ERR,ERR,ERR,ERR,ERR,ERR,ERR,ERR,ERR,ERR,ERR,50.0,60.0,100,0.0,0.0,0.0,0.0,0.0,0.0,0.0,0.0,0.0,0.0,0.0,0.0,0.0,0.0,0.0,0.0,61.6,74,13,65512,50,65476,0,300,0,0,8,20529,65476,0,0,26214,60.0,0.0,0.0,0.0,0.0,0.0
2026-05-17T18:16:33,ERR,ERR,ERR,ERR,ERR,ERR,ERR,ERR,ERR,ERR,ERR,ERR,ERR,ERR,ERR,ERR,ERR,ERR,ERR,ERR,ERR,ERR,ERR,ERR,ERR,ERR,ERR,ERR,ERR,ERR,ERR,ERR,ERR,ERR,ERR,ERR,ERR,ERR,ERR,ERR,ERR,ERR,ERR,ERR,ERR,ERR,ERR,ERR,ERR,ERR,ERR,ERR,ERR,ERR,ERR,ERR,ERR,ERR,ERR,ERR,ERR,ERR,ERR,ERR,ERR,ERR,ERR,ERR,ERR,ERR,ERR,ERR,ERR,ERR,ERR,ERR,ERR,ERR,ERR,ERR,ERR,ERR,ERR,ERR,ERR,ERR,ERR,ERR,ERR,ERR,ERR,ERR,ERR,ERR,ERR,ERR,ERR,ERR,ERR,ERR,ERR,ERR,ERR,ERR,ERR,ERR,ERR,ERR,ERR,ERR,ERR,ERR,ERR,ERR,ERR,ERR,ERR,ERR,ERR,ERR,ERR,ERR,ERR,ERR,ERR,0.0,-107615296.0,-134474944.0,0.0,0.0,1.3936040501711995e+18,7.805,0.0,0,0,4,0,8422,0.0,45,0.0,0.0,0.0,0.0,0.0,0,0,0,0,0.0,0,0,0,0,0,0,0,0,0,0,0,0,0,0,0,0,0,0,0,0,0,0,0,0,0,0,0,0,0,0,0,0,0,38,14,7,45,65476,0,300,0,0,8,21553,0.0,-107605600.0,0.0,0.0,0.0,0.0,0.0,0.0,0.0,0.0,0.0,0.0,0.0,0.0,0.0,0.0,0.0,0.0,0.0,0.0,0.0,0.0,0.0,0.0,-0.0,0.0,0.0,0.0,0.0,0.0,5078.0,131350.469,0.0,0.0,-107615296.0,-107615280.0,2.718429300292151e+23,0.0,0.0,0.0,0.0,53,-0.0,-0.0,0.0,0.0,0.0,0.0,0.0,0.0,0.0,0,0,0,0.0,0.0,0.0,0.0,0.0,0.0,0.0,0.0,0.0,0.0,0.0,0.0,0.0,0.0,0.0,0.0,0,-107875648.0,53,0.0,106,-107614832.0,0.0,ERR,ERR,ERR,ERR,ERR,ERR,ERR,ERR,ERR,ERR,ERR,ERR,ERR,ERR,ERR,ERR,ERR,ERR,ERR,ERR,ERR,ERR,ERR,ERR,ERR,ERR,ERR,ERR,ERR,ERR,ERR,ERR,ERR,ERR,ERR,ERR,ERR,ERR,ERR,ERR,ERR,ERR,ERR,ERR,ERR,ERR,ERR,ERR,ERR,ERR,ERR,ERR,ERR,ERR,ERR,ERR,ERR,ERR,ERR,ERR,ERR,ERR,ERR,ERR,ERR,ERR,ERR,50.0,60.0,100,0.0,0.0,0.0,0.0,0.0,0.0,0.0,0.0,0.0,0.0,0.0,0.0,0.0,0.0,0.0,0.0,61.6,74,13,65512,50,65476,0,300,0,0,8,20529,65476,0,0,26214,60.0,0.0,0.0,0.0,0.0,0.0
2026-05-17T18:16:34,ERR,ERR,ERR,ERR,ERR,ERR,ERR,ERR,ERR,ERR,ERR,ERR,ERR,ERR,ERR,ERR,ERR,ERR,ERR,ERR,ERR,ERR,ERR,ERR,ERR,ERR,ERR,ERR,ERR,ERR,ERR,ERR,ERR,ERR,ERR,ERR,ERR,ERR,ERR,ERR,ERR,ERR,ERR,ERR,ERR,ERR,ERR,ERR,ERR,ERR,ERR,ERR,ERR,ERR,ERR,ERR,ERR,ERR,ERR,ERR,ERR,ERR,ERR,ERR,ERR,ERR,ERR,ERR,ERR,ERR,ERR,ERR,ERR,ERR,ERR,ERR,ERR,ERR,ERR,ERR,ERR,ERR,ERR,ERR,ERR,ERR,ERR,ERR,ERR,ERR,ERR,ERR,ERR,ERR,ERR,ERR,ERR,ERR,ERR,ERR,ERR,ERR,ERR,ERR,ERR,ERR,ERR,ERR,ERR,ERR,ERR,ERR,ERR,ERR,ERR,ERR,ERR,ERR,ERR,ERR,ERR,ERR,ERR,ERR,ERR,0.0,-107615296.0,-134474944.0,0.0,0.0,1.3936040501711995e+18,7.805,0.0,0,0,4,0,8422,0.0,45,0.0,0.0,0.0,0.0,0.0,0,0,0,0,0.0,0,0,0,0,0,0,0,0,0,0,0,0,0,0,0,0,0,0,0,0,0,0,0,0,0,0,0,0,0,0,0,0,0,38,14,7,45,65476,0,300,0,0,8,21553,0.0,-107605600.0,0.0,0.0,0.0,0.0,0.0,0.0,0.0,0.0,0.0,0.0,0.0,0.0,0.0,0.0,0.0,0.0,0.0,0.0,0.0,0.0,0.0,0.0,-0.0,0.0,0.0,0.0,0.0,0.0,5078.0,131350.469,0.0,0.0,-107615296.0,-107615280.0,2.718429300292151e+23,0.0,0.0,0.0,0.0,53,-0.0,-0.0,0.0,0.0,0.0,0.0,0.0,0.0,0.0,0,0,0,0.0,0.0,0.0,0.0,0.0,0.0,0.0,0.0,0.0,0.0,0.0,0.0,0.0,0.0,0.0,0.0,0,-107875648.0,53,0.0,106,-107614832.0,0.0,ERR,ERR,ERR,ERR,ERR,ERR,ERR,ERR,ERR,ERR,ERR,ERR,ERR,ERR,ERR,ERR,ERR,ERR,ERR,ERR,ERR,ERR,ERR,ERR,ERR,ERR,ERR,ERR,ERR,ERR,ERR,ERR,ERR,ERR,ERR,ERR,ERR,ERR,ERR,ERR,ERR,ERR,ERR,ERR,ERR,ERR,ERR,ERR,ERR,ERR,ERR,ERR,ERR,ERR,ERR,ERR,ERR,ERR,ERR,ERR,ERR,ERR,ERR,ERR,ERR,ERR,ERR,50.0,60.0,100,0.0,0.0,0.0,0.0,0.0,0.0,0.0,0.0,0.0,0.0,0.0,0.0,0.0,0.0,0.0,0.0,61.6,74,13,65512,50,65476,0,300,0,0,8,20529,65476,0,0,26214,60.0,0.0,0.0,0.0,0.0,0.0
2026-05-17T18:16:35,ERR,ERR,ERR,ERR,ERR,ERR,ERR,ERR,ERR,ERR,ERR,ERR,ERR,ERR,ERR,ERR,ERR,ERR,ERR,ERR,ERR,ERR,ERR,ERR,ERR,ERR,ERR,ERR,ERR,ERR,ERR,ERR,ERR,ERR,ERR,ERR,ERR,ERR,ERR,ERR,ERR,ERR,ERR,ERR,ERR,ERR,ERR,ERR,ERR,ERR,ERR,ERR,ERR,ERR,ERR,ERR,ERR,ERR,ERR,ERR,ERR,ERR,ERR,ERR,ERR,ERR,ERR,ERR,ERR,ERR,ERR,ERR,ERR,ERR,ERR,ERR,ERR,ERR,ERR,ERR,ERR,ERR,ERR,ERR,ERR,ERR,ERR,ERR,ERR,ERR,ERR,ERR,ERR,ERR,ERR,ERR,ERR,ERR,ERR,ERR,ERR,ERR,ERR,ERR,ERR,ERR,ERR,ERR,ERR,ERR,ERR,ERR,ERR,ERR,ERR,ERR,ERR,ERR,ERR,ERR,ERR,ERR,ERR,ERR,ERR,0.0,-107615296.0,-134474944.0,0.0,0.0,1.3936040501711995e+18,7.805,0.0,0,0,4,0,8422,0.0,45,0.0,0.0,0.0,0.0,0.0,0,0,0,0,0.0,0,0,0,0,0,0,0,0,0,0,0,0,0,0,0,0,0,0,0,0,0,0,0,0,0,0,0,0,0,0,0,0,0,38,14,7,45,65476,0,300,0,0,8,21553,0.0,-107605600.0,0.0,0.0,0.0,0.0,0.0,0.0,0.0,0.0,0.0,0.0,0.0,0.0,0.0,0.0,0.0,0.0,0.0,0.0,0.0,0.0,0.0,0.0,-0.0,0.0,0.0,0.0,0.0,0.0,5078.0,2.004,0.0,0.0,-107615296.0,-107615280.0,2.718429300292151e+23,0.0,0.0,0.0,0.0,53,-0.0,-0.0,0.0,0.0,0.0,0.0,0.0,0.0,0.0,0,0,0,0.0,0.0,0.0,0.0,0.0,0.0,0.0,0.0,0.0,0.0,0.0,0.0,0.0,0.0,0.0,0.0,0,-107875648.0,53,0.0,106,-107614832.0,0.0,ERR,ERR,ERR,ERR,ERR,ERR,ERR,ERR,ERR,ERR,ERR,ERR,ERR,ERR,ERR,ERR,ERR,ERR,ERR,ERR,ERR,ERR,ERR,ERR,ERR,ERR,ERR,ERR,ERR,ERR,ERR,ERR,ERR,ERR,ERR,ERR,ERR,ERR,ERR,ERR,ERR,ERR,ERR,ERR,ERR,ERR,ERR,ERR,ERR,ERR,ERR,ERR,ERR,ERR,ERR,ERR,ERR,ERR,ERR,ERR,ERR,ERR,ERR,ERR,ERR,ERR,ERR,50.0,60.0,100,0.0,0.0,0.0,0.0,0.0,0.0,0.0,0.0,0.0,0.0,0.0,0.0,0.0,0.0,0.0,0.0,61.6,74,13,65512,50,65476,0,300,0,0,8,20529,65476,0,0,26214,60.0,0.0,0.0,0.0,0.0,0.0
2026-05-17T18:16:36,ERR,ERR,ERR,ERR,ERR,ERR,ERR,ERR,ERR,ERR,ERR,ERR,ERR,ERR,ERR,ERR,ERR,ERR,ERR,ERR,ERR,ERR,ERR,ERR,ERR,ERR,ERR,ERR,ERR,ERR,ERR,ERR,ERR,ERR,ERR,ERR,ERR,ERR,ERR,ERR,ERR,ERR,ERR,ERR,ERR,ERR,ERR,ERR,ERR,ERR,ERR,ERR,ERR,ERR,ERR,ERR,ERR,ERR,ERR,ERR,ERR,ERR,ERR,ERR,ERR,ERR,ERR,ERR,ERR,ERR,ERR,ERR,ERR,ERR,ERR,ERR,ERR,ERR,ERR,ERR,ERR,ERR,ERR,ERR,ERR,ERR,ERR,ERR,ERR,ERR,ERR,ERR,ERR,ERR,ERR,ERR,ERR,ERR,ERR,ERR,ERR,ERR,ERR,ERR,ERR,ERR,ERR,ERR,ERR,ERR,ERR,ERR,ERR,ERR,ERR,ERR,ERR,ERR,ERR,ERR,ERR,ERR,ERR,ERR,ERR,0.0,-107615296.0,-134474944.0,0.0,0.0,1.3936040501711995e+18,7.805,0.0,0,0,4,0,8422,0.0,45,0.0,0.0,0.0,0.0,0.0,0,0,0,0,0.0,0,0,0,0,0,0,0,0,0,0,0,0,0,0,0,0,0,0,0,0,0,0,0,0,0,0,0,0,0,0,0,0,0,38,14,7,45,65476,0,300,0,0,8,21553,0.0,-107605600.0,0.0,0.0,0.0,0.0,0.0,0.0,0.0,0.0,0.0,0.0,0.0,0.0,0.0,0.0,0.0,0.0,0.0,0.0,0.0,0.0,0.0,0.0,-0.0,0.0,0.0,0.0,0.0,0.0,5078.0,2.004,0.0,0.0,-107615296.0,-107615280.0,2.718429300292151e+23,0.0,0.0,0.0,0.0,53,-0.0,-0.0,0.0,0.0,0.0,0.0,0.0,0.0,0.0,0,0,0,0.0,0.0,0.0,0.0,0.0,0.0,0.0,0.0,0.0,0.0,0.0,0.0,0.0,0.0,0.0,0.0,0,-107875648.0,53,0.0,106,-107614832.0,0.0,ERR,ERR,ERR,ERR,ERR,ERR,ERR,ERR,ERR,ERR,ERR,ERR,ERR,ERR,ERR,ERR,ERR,ERR,ERR,ERR,ERR,ERR,ERR,ERR,ERR,ERR,ERR,ERR,ERR,ERR,ERR,ERR,ERR,ERR,ERR,ERR,ERR,ERR,ERR,ERR,ERR,ERR,ERR,ERR,ERR,ERR,ERR,ERR,ERR,ERR,ERR,ERR,ERR,ERR,ERR,ERR,ERR,ERR,ERR,ERR,ERR,ERR,ERR,ERR,ERR,ERR,ERR,50.0,60.0,100,0.0,0.0,0.0,0.0,0.0,0.0,0.0,0.0,0.0,0.0,0.0,0.0,0.0,0.0,0.0,0.0,61.6,74,13,65512,50,65476,0,300,0,0,8,20529,65476,0,0,26214,60.0,0.0,0.0,0.0,0.0,0.0
2026-05-17T18:16:37,ERR,ERR,ERR,ERR,ERR,ERR,ERR,ERR,ERR,ERR,ERR,ERR,ERR,ERR,ERR,ERR,ERR,ERR,ERR,ERR,ERR,ERR,ERR,ERR,ERR,ERR,ERR,ERR,ERR,ERR,ERR,ERR,ERR,ERR,ERR,ERR,ERR,ERR,ERR,ERR,ERR,ERR,ERR,ERR,ERR,ERR,ERR,ERR,ERR,ERR,ERR,ERR,ERR,ERR,ERR,ERR,ERR,ERR,ERR,ERR,ERR,ERR,ERR,ERR,ERR,ERR,ERR,ERR,ERR,ERR,ERR,ERR,ERR,ERR,ERR,ERR,ERR,ERR,ERR,ERR,ERR,ERR,ERR,ERR,ERR,ERR,ERR,ERR,ERR,ERR,ERR,ERR,ERR,ERR,ERR,ERR,ERR,ERR,ERR,ERR,ERR,ERR,ERR,ERR,ERR,ERR,ERR,ERR,ERR,ERR,ERR,ERR,ERR,ERR,ERR,ERR,ERR,ERR,ERR,ERR,ERR,ERR,ERR,ERR,ERR,0.0,-107615296.0,-134474944.0,0.0,0.0,1.3936040501711995e+18,7.805,0.0,0,0,4,0,8422,0.0,45,0.0,0.0,0.0,0.0,0.0,0,0,0,0,0.0,0,0,0,0,0,0,0,0,0,0,0,0,0,0,0,0,0,0,0,0,0,0,0,0,0,0,0,0,0,0,0,0,0,38,14,7,45,65476,0,300,0,0,8,21553,0.0,-107605600.0,0.0,0.0,0.0,0.0,0.0,0.0,0.0,0.0,0.0,0.0,0.0,0.0,0.0,0.0,0.0,0.0,0.0,0.0,0.0,0.0,0.0,0.0,-0.0,0.0,0.0,0.0,0.0,0.0,5078.0,2.004,0.0,0.0,-107615296.0,-107615280.0,2.718429300292151e+23,0.0,0.0,0.0,0.0,53,-0.0,-0.0,0.0,0.0,0.0,0.0,0.0,0.0,0.0,0,0,0,0.0,0.0,0.0,0.0,0.0,0.0,0.0,0.0,0.0,0.0,0.0,0.0,0.0,0.0,0.0,0.0,0,-107875648.0,53,0.0,106,-107614832.0,0.0,ERR,ERR,ERR,ERR,ERR,ERR,ERR,ERR,ERR,ERR,ERR,ERR,ERR,ERR,ERR,ERR,ERR,ERR,ERR,ERR,ERR,ERR,ERR,ERR,ERR,ERR,ERR,ERR,ERR,ERR,ERR,ERR,ERR,ERR,ERR,ERR,ERR,ERR,ERR,ERR,ERR,ERR,ERR,ERR,ERR,ERR,ERR,ERR,ERR,ERR,ERR,ERR,ERR,ERR,ERR,ERR,ERR,ERR,ERR,ERR,ERR,ERR,ERR,ERR,ERR,ERR,ERR,50.0,60.0,100,0.0,0.0,0.0,0.0,0.0,0.0,0.0,0.0,0.0,0.0,0.0,0.0,0.0,0.0,0.0,0.0,62.0,74,13,65512,50,65476,0,300,0,0,8,20529,65476,0,0,26214,60.0,0.0,0.0,0.0,0.0,0.0
2026-05-17T18:16:38,ERR,ERR,ERR,ERR,ERR,ERR,ERR,ERR,ERR,ERR,ERR,ERR,ERR,ERR,ERR,ERR,ERR,ERR,ERR,ERR,ERR,ERR,ERR,ERR,ERR,ERR,ERR,ERR,ERR,ERR,ERR,ERR,ERR,ERR,ERR,ERR,ERR,ERR,ERR,ERR,ERR,ERR,ERR,ERR,ERR,ERR,ERR,ERR,ERR,ERR,ERR,ERR,ERR,ERR,ERR,ERR,ERR,ERR,ERR,ERR,ERR,ERR,ERR,ERR,ERR,ERR,ERR,ERR,ERR,ERR,ERR,ERR,ERR,ERR,ERR,ERR,ERR,ERR,ERR,ERR,ERR,ERR,ERR,ERR,ERR,ERR,ERR,ERR,ERR,ERR,ERR,ERR,ERR,ERR,ERR,ERR,ERR,ERR,ERR,ERR,ERR,ERR,ERR,ERR,ERR,ERR,ERR,ERR,ERR,ERR,ERR,ERR,ERR,ERR,ERR,ERR,ERR,ERR,ERR,ERR,ERR,ERR,ERR,ERR,ERR,0.0,-107615296.0,-134474944.0,0.0,0.0,1.3936040501711995e+18,7.805,0.0,0,0,4,0,8422,0.0,45,0.0,0.0,0.0,0.0,0.0,0,0,0,0,0.0,0,0,0,0,0,0,0,0,0,0,0,0,0,0,0,0,0,0,0,0,0,0,0,0,0,0,0,0,0,0,0,0,0,38,14,7,45,65476,0,300,0,0,8,21553,0.0,-107605600.0,0.0,0.0,0.0,0.0,0.0,0.0,0.0,0.0,0.0,0.0,0.0,0.0,0.0,0.0,0.0,0.0,0.0,0.0,0.0,0.0,0.0,0.0,-0.0,0.0,0.0,0.0,0.0,0.0,5078.0,2.004,0.0,0.0,-107615296.0,-107615280.0,2.718429300292151e+23,0.0,0.0,0.0,0.0,53,-0.0,-0.0,0.0,0.0,0.0,0.0,0.0,0.0,0.0,0,0,0,0.0,0.0,0.0,0.0,0.0,0.0,0.0,0.0,0.0,0.0,0.0,0.0,0.0,0.0,0.0,0.0,0,-107875648.0,53,0.0,106,-107614832.0,0.0,ERR,ERR,ERR,ERR,ERR,ERR,ERR,ERR,ERR,ERR,ERR,ERR,ERR,ERR,ERR,ERR,ERR,ERR,ERR,ERR,ERR,ERR,ERR,ERR,ERR,ERR,ERR,ERR,ERR,ERR,ERR,ERR,ERR,ERR,ERR,ERR,ERR,ERR,ERR,ERR,ERR,ERR,ERR,ERR,ERR,ERR,ERR,ERR,ERR,ERR,ERR,ERR,ERR,ERR,ERR,ERR,ERR,ERR,ERR,ERR,ERR,ERR,ERR,ERR,ERR,ERR,ERR,50.0,60.0,100,0.0,0.0,0.0,0.0,0.0,0.0,0.0,0.0,0.0,0.0,0.0,0.0,0.0,0.0,0.0,0.0,62.0,74,13,65512,50,65476,0,300,0,0,8,20529,65476,0,0,26214,60.0,0.0,0.0,0.0,0.0,0.0
2026-05-17T18:16:39,ERR,ERR,ERR,ERR,ERR,ERR,ERR,ERR,ERR,ERR,ERR,ERR,ERR,ERR,ERR,ERR,ERR,ERR,ERR,ERR,ERR,ERR,ERR,ERR,ERR,ERR,ERR,ERR,ERR,ERR,ERR,ERR,ERR,ERR,ERR,ERR,ERR,ERR,ERR,ERR,ERR,ERR,ERR,ERR,ERR,ERR,ERR,ERR,ERR,ERR,ERR,ERR,ERR,ERR,ERR,ERR,ERR,ERR,ERR,ERR,ERR,ERR,ERR,ERR,ERR,ERR,ERR,ERR,ERR,ERR,ERR,ERR,ERR,ERR,ERR,ERR,ERR,ERR,ERR,ERR,ERR,ERR,ERR,ERR,ERR,ERR,ERR,ERR,ERR,ERR,ERR,ERR,ERR,ERR,ERR,ERR,ERR,ERR,ERR,ERR,ERR,ERR,ERR,ERR,ERR,ERR,ERR,ERR,ERR,ERR,ERR,ERR,ERR,ERR,ERR,ERR,ERR,ERR,ERR,ERR,ERR,ERR,ERR,ERR,ERR,0.0,-107615296.0,-134474944.0,0.0,0.0,1.3936040501711995e+18,7.805,0.0,0,0,4,0,8422,0.0,45,0.0,0.0,0.0,0.0,0.0,0,0,0,0,0.0,0,0,0,0,0,0,0,0,0,0,0,0,0,0,0,0,0,0,0,0,0,0,0,0,0,0,0,0,0,0,0,0,0,38,14,7,45,65476,0,300,0,0,8,21553,0.0,-107605600.0,0.0,0.0,0.0,0.0,0.0,0.0,0.0,0.0,0.0,0.0,0.0,0.0,0.0,0.0,0.0,0.0,0.0,0.0,0.0,0.0,0.0,0.0,-0.0,0.0,0.0,0.0,0.0,0.0,5078.0,2.004,0.0,0.0,-107615296.0,-107615280.0,2.718429300292151e+23,0.0,0.0,0.0,0.0,53,-0.0,-0.0,0.0,0.0,0.0,0.0,0.0,0.0,0.0,0,0,0,0.0,0.0,0.0,0.0,0.0,0.0,0.0,0.0,0.0,0.0,0.0,0.0,0.0,0.0,0.0,0.0,0,-107875648.0,53,0.0,106,-107614832.0,0.0,ERR,ERR,ERR,ERR,ERR,ERR,ERR,ERR,ERR,ERR,ERR,ERR,ERR,ERR,ERR,ERR,ERR,ERR,ERR,ERR,ERR,ERR,ERR,ERR,ERR,ERR,ERR,ERR,ERR,ERR,ERR,ERR,ERR,ERR,ERR,ERR,ERR,ERR,ERR,ERR,ERR,ERR,ERR,ERR,ERR,ERR,ERR,ERR,ERR,ERR,ERR,ERR,ERR,ERR,ERR,ERR,ERR,ERR,ERR,ERR,ERR,ERR,ERR,ERR,ERR,ERR,ERR,50.0,60.0,100,0.0,0.0,0.0,0.0,0.0,0.0,0.0,0.0,0.0,0.0,0.0,0.0,0.0,0.0,0.0,0.0,61.6,74,13,65512,50,65476,0,300,0,0,8,20529,65476,0,0,26214,60.0,0.0,0.0,0.0,0.0,0.0
2026-05-17T18:16:40,ERR,ERR,ERR,ERR,ERR,ERR,ERR,ERR,ERR,ERR,ERR,ERR,ERR,ERR,ERR,ERR,ERR,ERR,ERR,ERR,ERR,ERR,ERR,ERR,ERR,ERR,ERR,ERR,ERR,ERR,ERR,ERR,ERR,ERR,ERR,ERR,ERR,ERR,ERR,ERR,ERR,ERR,ERR,ERR,ERR,ERR,ERR,ERR,ERR,ERR,ERR,ERR,ERR,ERR,ERR,ERR,ERR,ERR,ERR,ERR,ERR,ERR,ERR,ERR,ERR,ERR,ERR,ERR,ERR,ERR,ERR,ERR,ERR,ERR,ERR,ERR,ERR,ERR,ERR,ERR,ERR,ERR,ERR,ERR,ERR,ERR,ERR,ERR,ERR,ERR,ERR,ERR,ERR,ERR,ERR,ERR,ERR,ERR,ERR,ERR,ERR,ERR,ERR,ERR,ERR,ERR,ERR,ERR,ERR,ERR,ERR,ERR,ERR,ERR,ERR,ERR,ERR,ERR,ERR,ERR,ERR,ERR,ERR,ERR,ERR,0.0,-107615296.0,-134474944.0,0.0,0.0,1.3936040501711995e+18,7.805,0.0,0,0,4,0,8422,0.0,45,0.0,0.0,0.0,0.0,0.0,0,0,0,0,0.0,0,0,0,0,0,0,0,0,0,0,0,0,0,0,0,0,0,0,0,0,0,0,0,0,0,0,0,0,0,0,0,0,0,38,14,7,45,65476,0,300,0,0,8,21553,0.0,-107605600.0,0.0,0.0,0.0,0.0,0.0,0.0,0.0,0.0,0.0,0.0,0.0,0.0,0.0,0.0,0.0,0.0,0.0,0.0,0.0,0.0,0.0,0.0,-0.0,0.0,0.0,0.0,0.0,0.0,5045.0,-1.040665504650976e+34,0.0,0.0,-107615296.0,-107615280.0,2.718429300292151e+23,0.0,0.0,0.0,0.0,53,-0.0,0.0,0.0,0.0,0.0,0.0,0.0,0.0,0.0,0,0,0,0.0,0.0,0.0,0.0,0.0,0.0,0.0,0.0,0.0,0.0,0.0,0.0,0.0,0.0,0.0,0.0,0,-107875648.0,53,0.0,106,-107614832.0,0.0,ERR,ERR,ERR,ERR,ERR,ERR,ERR,ERR,ERR,ERR,ERR,ERR,ERR,ERR,ERR,ERR,ERR,ERR,ERR,ERR,ERR,ERR,ERR,ERR,ERR,ERR,ERR,ERR,ERR,ERR,ERR,ERR,ERR,ERR,ERR,ERR,ERR,ERR,ERR,ERR,ERR,ERR,ERR,ERR,ERR,ERR,ERR,ERR,ERR,ERR,ERR,ERR,ERR,ERR,ERR,ERR,ERR,ERR,ERR,ERR,ERR,ERR,ERR,ERR,ERR,ERR,ERR,50.0,60.0,100,0.0,0.0,0.0,0.0,0.0,0.0,0.0,0.0,0.0,0.0,0.0,0.0,0.0,0.0,0.0,0.0,61.6,74,13,65512,50,65476,0,300,0,0,8,20529,65476,0,0,26214,60.0,0.0,0.0,0.0,0.0,0.0
2026-05-17T18:16:41,ERR,ERR,ERR,ERR,ERR,ERR,ERR,ERR,ERR,ERR,ERR,ERR,ERR,ERR,ERR,ERR,ERR,ERR,ERR,ERR,ERR,ERR,ERR,ERR,ERR,ERR,ERR,ERR,ERR,ERR,ERR,ERR,ERR,ERR,ERR,ERR,ERR,ERR,ERR,ERR,ERR,ERR,ERR,ERR,ERR,ERR,ERR,ERR,ERR,ERR,ERR,ERR,ERR,ERR,ERR,ERR,ERR,ERR,ERR,ERR,ERR,ERR,ERR,ERR,ERR,ERR,ERR,ERR,ERR,ERR,ERR,ERR,ERR,ERR,ERR,ERR,ERR,ERR,ERR,ERR,ERR,ERR,ERR,ERR,ERR,ERR,ERR,ERR,ERR,ERR,ERR,ERR,ERR,ERR,ERR,ERR,ERR,ERR,ERR,ERR,ERR,ERR,ERR,ERR,ERR,ERR,ERR,ERR,ERR,ERR,ERR,ERR,ERR,ERR,ERR,ERR,ERR,ERR,ERR,ERR,ERR,ERR,ERR,ERR,ERR,0.0,-107615296.0,-134474944.0,0.0,0.0,1.3936040501711995e+18,7.805,0.0,0,0,4,0,8422,0.0,45,0.0,0.0,0.0,0.0,0.0,0,0,0,0,0.0,0,0,0,0,0,0,0,0,0,0,0,0,0,0,0,0,0,0,0,0,0,0,0,0,0,0,0,0,0,0,0,0,0,38,14,7,45,65476,0,300,0,0,8,21553,0.0,-107605600.0,0.0,0.0,0.0,0.0,0.0,0.0,0.0,0.0,0.0,0.0,0.0,0.0,0.0,0.0,0.0,0.0,0.0,0.0,0.0,0.0,0.0,0.0,-0.0,0.0,0.0,0.0,0.0,0.0,5045.0,-1.040665504650976e+34,0.0,0.0,-107615296.0,-107615280.0,2.718429300292151e+23,0.0,0.0,0.0,0.0,53,-0.0,0.0,0.0,0.0,0.0,0.0,0.0,0.0,0.0,0,0,0,0.0,0.0,0.0,0.0,0.0,0.0,0.0,0.0,0.0,0.0,0.0,0.0,0.0,0.0,0.0,0.0,0,-107875648.0,53,0.0,106,-107614832.0,0.0,ERR,ERR,ERR,ERR,ERR,ERR,ERR,ERR,ERR,ERR,ERR,ERR,ERR,ERR,ERR,ERR,ERR,ERR,ERR,ERR,ERR,ERR,ERR,ERR,ERR,ERR,ERR,ERR,ERR,ERR,ERR,ERR,ERR,ERR,ERR,ERR,ERR,ERR,ERR,ERR,ERR,ERR,ERR,ERR,ERR,ERR,ERR,ERR,ERR,ERR,ERR,ERR,ERR,ERR,ERR,ERR,ERR,ERR,ERR,ERR,ERR,ERR,ERR,ERR,ERR,ERR,ERR,50.0,60.0,100,0.0,0.0,0.0,0.0,0.0,0.0,0.0,0.0,0.0,0.0,0.0,0.0,0.0,0.0,0.0,0.0,61.6,74,13,65512,50,65476,0,300,0,0,8,20529,65476,0,0,26214,60.0,0.0,0.0,0.0,0.0,0.0
2026-05-17T18:16:42,ERR,ERR,ERR,ERR,ERR,ERR,ERR,ERR,ERR,ERR,ERR,ERR,ERR,ERR,ERR,ERR,ERR,ERR,ERR,ERR,ERR,ERR,ERR,ERR,ERR,ERR,ERR,ERR,ERR,ERR,ERR,ERR,ERR,ERR,ERR,ERR,ERR,ERR,ERR,ERR,ERR,ERR,ERR,ERR,ERR,ERR,ERR,ERR,ERR,ERR,ERR,ERR,ERR,ERR,ERR,ERR,ERR,ERR,ERR,ERR,ERR,ERR,ERR,ERR,ERR,ERR,ERR,ERR,ERR,ERR,ERR,ERR,ERR,ERR,ERR,ERR,ERR,ERR,ERR,ERR,ERR,ERR,ERR,ERR,ERR,ERR,ERR,ERR,ERR,ERR,ERR,ERR,ERR,ERR,ERR,ERR,ERR,ERR,ERR,ERR,ERR,ERR,ERR,ERR,ERR,ERR,ERR,ERR,ERR,ERR,ERR,ERR,ERR,ERR,ERR,ERR,ERR,ERR,ERR,ERR,ERR,ERR,ERR,ERR,ERR,0.0,-107615296.0,-134474944.0,0.0,0.0,1.3936040501711995e+18,7.805,0.0,0,0,4,0,8422,0.0,45,0.0,0.0,0.0,0.0,0.0,0,0,0,0,0.0,0,0,0,0,0,0,0,0,0,0,0,0,0,0,0,0,0,0,0,0,0,0,0,0,0,0,0,0,0,0,0,0,0,38,14,7,45,65476,0,300,0,0,8,21553,0.0,-107605600.0,0.0,0.0,0.0,0.0,0.0,0.0,0.0,0.0,0.0,0.0,0.0,0.0,0.0,0.0,0.0,0.0,0.0,0.0,0.0,0.0,0.0,0.0,-0.0,0.0,0.0,0.0,0.0,0.0,5045.0,-1.040665504650976e+34,0.0,0.0,-107615296.0,-107615280.0,2.718429300292151e+23,0.0,0.0,0.0,0.0,53,-0.0,0.0,0.0,0.0,0.0,0.0,0.0,0.0,0.0,0,0,0,0.0,0.0,0.0,0.0,0.0,0.0,0.0,0.0,0.0,0.0,0.0,0.0,0.0,0.0,0.0,0.0,0,-107875648.0,53,0.0,106,-107614832.0,0.0,ERR,ERR,ERR,ERR,ERR,ERR,ERR,ERR,ERR,ERR,ERR,ERR,ERR,ERR,ERR,ERR,ERR,ERR,ERR,ERR,ERR,ERR,ERR,ERR,ERR,ERR,ERR,ERR,ERR,ERR,ERR,ERR,ERR,ERR,ERR,ERR,ERR,ERR,ERR,ERR,ERR,ERR,ERR,ERR,ERR,ERR,ERR,ERR,ERR,ERR,ERR,ERR,ERR,ERR,ERR,ERR,ERR,ERR,ERR,ERR,ERR,ERR,ERR,ERR,ERR,ERR,ERR,50.0,60.0,100,0.0,0.0,0.0,0.0,0.0,0.0,0.0,0.0,0.0,0.0,0.0,0.0,0.0,0.0,0.0,0.0,61.6,74,13,65512,50,65476,0,300,0,0,8,20529,65476,0,0,26214,60.0,0.0,0.0,0.0,0.0,0.0
2026-05-17T18:16:43,ERR,ERR,ERR,ERR,ERR,ERR,ERR,ERR,ERR,ERR,ERR,ERR,ERR,ERR,ERR,ERR,ERR,ERR,ERR,ERR,ERR,ERR,ERR,ERR,ERR,ERR,ERR,ERR,ERR,ERR,ERR,ERR,ERR,ERR,ERR,ERR,ERR,ERR,ERR,ERR,ERR,ERR,ERR,ERR,ERR,ERR,ERR,ERR,ERR,ERR,ERR,ERR,ERR,ERR,ERR,ERR,ERR,ERR,ERR,ERR,ERR,ERR,ERR,ERR,ERR,ERR,ERR,ERR,ERR,ERR,ERR,ERR,ERR,ERR,ERR,ERR,ERR,ERR,ERR,ERR,ERR,ERR,ERR,ERR,ERR,ERR,ERR,ERR,ERR,ERR,ERR,ERR,ERR,ERR,ERR,ERR,ERR,ERR,ERR,ERR,ERR,ERR,ERR,ERR,ERR,ERR,ERR,ERR,ERR,ERR,ERR,ERR,ERR,ERR,ERR,ERR,ERR,ERR,ERR,ERR,ERR,ERR,ERR,ERR,ERR,0.0,-107615296.0,-134474944.0,0.0,0.0,1.3936040501711995e+18,7.805,0.0,0,0,4,0,8422,0.0,45,0.0,0.0,0.0,0.0,0.0,0,0,0,0,0.0,0,0,0,0,0,0,0,0,0,0,0,0,0,0,0,0,0,0,0,0,0,0,0,0,0,0,0,0,0,0,0,0,0,38,14,7,45,65476,0,300,0,0,8,21553,0.0,-107605600.0,0.0,0.0,0.0,0.0,0.0,0.0,0.0,0.0,0.0,0.0,0.0,0.0,0.0,0.0,0.0,0.0,0.0,0.0,0.0,0.0,0.0,0.0,-0.0,0.0,0.0,0.0,0.0,0.0,5045.0,-1.040665504650976e+34,0.0,0.0,-107615296.0,-107615280.0,2.718429300292151e+23,0.0,0.0,0.0,0.0,53,-0.0,0.0,0.0,0.0,0.0,0.0,0.0,0.0,0.0,0,0,0,0.0,0.0,0.0,0.0,0.0,0.0,0.0,0.0,0.0,0.0,0.0,0.0,0.0,0.0,0.0,0.0,0,-107875648.0,53,0.0,106,-107614832.0,0.0,ERR,ERR,ERR,ERR,ERR,ERR,ERR,ERR,ERR,ERR,ERR,ERR,ERR,ERR,ERR,ERR,ERR,ERR,ERR,ERR,ERR,ERR,ERR,ERR,ERR,ERR,ERR,ERR,ERR,ERR,ERR,ERR,ERR,ERR,ERR,ERR,ERR,ERR,ERR,ERR,ERR,ERR,ERR,ERR,ERR,ERR,ERR,ERR,ERR,ERR,ERR,ERR,ERR,ERR,ERR,ERR,ERR,ERR,ERR,ERR,ERR,ERR,ERR,ERR,ERR,ERR,ERR,50.0,60.0,100,0.0,0.0,0.0,0.0,0.0,0.0,0.0,0.0,0.0,0.0,0.0,0.0,0.0,0.0,0.0,0.0,62.0,74,13,65512,50,65476,0,300,0,0,8,20529,65476,0,0,26214,60.0,0.0,0.0,0.0,0.0,0.0
2026-05-17T18:16:44,ERR,ERR,ERR,ERR,ERR,ERR,ERR,ERR,ERR,ERR,ERR,ERR,ERR,ERR,ERR,ERR,ERR,ERR,ERR,ERR,ERR,ERR,ERR,ERR,ERR,ERR,ERR,ERR,ERR,ERR,ERR,ERR,ERR,ERR,ERR,ERR,ERR,ERR,ERR,ERR,ERR,ERR,ERR,ERR,ERR,ERR,ERR,ERR,ERR,ERR,ERR,ERR,ERR,ERR,ERR,ERR,ERR,ERR,ERR,ERR,ERR,ERR,ERR,ERR,ERR,ERR,ERR,ERR,ERR,ERR,ERR,ERR,ERR,ERR,ERR,ERR,ERR,ERR,ERR,ERR,ERR,ERR,ERR,ERR,ERR,ERR,ERR,ERR,ERR,ERR,ERR,ERR,ERR,ERR,ERR,ERR,ERR,ERR,ERR,ERR,ERR,ERR,ERR,ERR,ERR,ERR,ERR,ERR,ERR,ERR,ERR,ERR,ERR,ERR,ERR,ERR,ERR,ERR,ERR,ERR,ERR,ERR,ERR,ERR,ERR,0.0,-107615296.0,-134474944.0,0.0,0.0,1.3936040501711995e+18,7.805,0.0,0,0,4,0,8422,0.0,45,0.0,0.0,0.0,0.0,0.0,0,0,0,0,0.0,0,0,0,0,0,0,0,0,0,0,0,0,0,0,0,0,0,0,0,0,0,0,0,0,0,0,0,0,0,0,0,0,0,38,14,7,45,65476,0,300,0,0,8,21553,0.0,-107605600.0,0.0,0.0,0.0,0.0,0.0,0.0,0.0,0.0,0.0,0.0,0.0,0.0,0.0,0.0,0.0,0.0,0.0,0.0,0.0,0.0,0.0,0.0,-0.0,0.0,0.0,0.0,0.0,0.0,5045.0,-1.040665504650976e+34,0.0,0.0,-107615296.0,-107615280.0,2.718429300292151e+23,0.0,0.0,0.0,0.0,53,-0.0,0.0,0.0,0.0,0.0,0.0,0.0,0.0,0.0,0,0,0,0.0,0.0,0.0,0.0,0.0,0.0,0.0,0.0,0.0,0.0,0.0,0.0,0.0,0.0,0.0,0.0,0,-107875648.0,53,0.0,106,-107614832.0,0.0,ERR,ERR,ERR,ERR,ERR,ERR,ERR,ERR,ERR,ERR,ERR,ERR,ERR,ERR,ERR,ERR,ERR,ERR,ERR,ERR,ERR,ERR,ERR,ERR,ERR,ERR,ERR,ERR,ERR,ERR,ERR,ERR,ERR,ERR,ERR,ERR,ERR,ERR,ERR,ERR,ERR,ERR,ERR,ERR,ERR,ERR,ERR,ERR,ERR,ERR,ERR,ERR,ERR,ERR,ERR,ERR,ERR,ERR,ERR,ERR,ERR,ERR,ERR,ERR,ERR,ERR,ERR,50.0,60.0,100,0.0,0.0,0.0,0.0,0.0,0.0,0.0,0.0,0.0,0.0,0.0,0.0,0.0,0.0,0.0,0.0,61.6,74,13,65512,50,65476,0,300,0,0,8,20529,65476,0,0,26214,60.0,0.0,0.0,0.0,0.0,0.0
2026-05-17T18:16:45,ERR,ERR,ERR,ERR,ERR,ERR,ERR,ERR,ERR,ERR,ERR,ERR,ERR,ERR,ERR,ERR,ERR,ERR,ERR,ERR,ERR,ERR,ERR,ERR,ERR,ERR,ERR,ERR,ERR,ERR,ERR,ERR,ERR,ERR,ERR,ERR,ERR,ERR,ERR,ERR,ERR,ERR,ERR,ERR,ERR,ERR,ERR,ERR,ERR,ERR,ERR,ERR,ERR,ERR,ERR,ERR,ERR,ERR,ERR,ERR,ERR,ERR,ERR,ERR,ERR,ERR,ERR,ERR,ERR,ERR,ERR,ERR,ERR,ERR,ERR,ERR,ERR,ERR,ERR,ERR,ERR,ERR,ERR,ERR,ERR,ERR,ERR,ERR,ERR,ERR,ERR,ERR,ERR,ERR,ERR,ERR,ERR,ERR,ERR,ERR,ERR,ERR,ERR,ERR,ERR,ERR,ERR,ERR,ERR,ERR,ERR,ERR,ERR,ERR,ERR,ERR,ERR,ERR,ERR,ERR,ERR,ERR,ERR,ERR,ERR,0.0,-107615296.0,-134474944.0,0.0,0.0,1.3936040501711995e+18,7.805,0.0,0,0,4,0,8422,0.0,45,0.0,0.0,0.0,0.0,0.0,0,0,0,0,0.0,0,0,0,0,0,0,0,0,0,0,0,0,0,0,0,0,0,0,0,0,0,0,0,0,0,0,0,0,0,0,0,0,0,38,14,7,45,65476,0,300,0,0,8,21553,0.0,-107605600.0,0.0,0.0,0.0,0.0,0.0,0.0,0.0,0.0,0.0,0.0,0.0,0.0,0.0,0.0,0.0,0.0,0.0,0.0,0.0,0.0,0.0,0.0,-0.0,0.0,0.0,0.0,0.0,0.0,5047.0,-0.0,0.0,0.0,-107615296.0,-107615280.0,2.718429300292151e+23,0.0,0.0,0.0,0.0,53,-0.0,-0.0,0.0,0.0,0.0,0.0,0.0,0.0,0.0,0,0,0,0.0,0.0,0.0,0.0,0.0,0.0,0.0,0.0,0.0,0.0,0.0,0.0,0.0,0.0,0.0,0.0,0,-107875648.0,53,0.0,106,-107614832.0,0.0,ERR,ERR,ERR,ERR,ERR,ERR,ERR,ERR,ERR,ERR,ERR,ERR,ERR,ERR,ERR,ERR,ERR,ERR,ERR,ERR,ERR,ERR,ERR,ERR,ERR,ERR,ERR,ERR,ERR,ERR,ERR,ERR,ERR,ERR,ERR,ERR,ERR,ERR,ERR,ERR,ERR,ERR,ERR,ERR,ERR,ERR,ERR,ERR,ERR,ERR,ERR,ERR,ERR,ERR,ERR,ERR,ERR,ERR,ERR,ERR,ERR,ERR,ERR,ERR,ERR,ERR,ERR,50.0,60.0,100,0.0,0.0,0.0,0.0,0.0,0.0,0.0,0.0,0.0,0.0,0.0,0.0,0.0,0.0,0.0,0.0,61.6,74,13,65512,50,65476,0,300,0,0,8,20529,65476,0,0,26214,60.0,0.0,0.0,0.0,0.0,0.0
2026-05-17T18:16:46,ERR,ERR,ERR,ERR,ERR,ERR,ERR,ERR,ERR,ERR,ERR,ERR,ERR,ERR,ERR,ERR,ERR,ERR,ERR,ERR,ERR,ERR,ERR,ERR,ERR,ERR,ERR,ERR,ERR,ERR,ERR,ERR,ERR,ERR,ERR,ERR,ERR,ERR,ERR,ERR,ERR,ERR,ERR,ERR,ERR,ERR,ERR,ERR,ERR,ERR,ERR,ERR,ERR,ERR,ERR,ERR,ERR,ERR,ERR,ERR,ERR,ERR,ERR,ERR,ERR,ERR,ERR,ERR,ERR,ERR,ERR,ERR,ERR,ERR,ERR,ERR,ERR,ERR,ERR,ERR,ERR,ERR,ERR,ERR,ERR,ERR,ERR,ERR,ERR,ERR,ERR,ERR,ERR,ERR,ERR,ERR,ERR,ERR,ERR,ERR,ERR,ERR,ERR,ERR,ERR,ERR,ERR,ERR,ERR,ERR,ERR,ERR,ERR,ERR,ERR,ERR,ERR,ERR,ERR,ERR,ERR,ERR,ERR,ERR,ERR,0.0,-107615296.0,-134474944.0,0.0,0.0,1.3936040501711995e+18,7.805,0.0,0,0,4,0,8422,0.0,45,0.0,0.0,0.0,0.0,0.0,0,0,0,0,0.0,0,0,0,0,0,0,0,0,0,0,0,0,0,0,0,0,0,0,0,0,0,0,0,0,0,0,0,0,0,0,0,0,0,38,14,7,45,65476,0,300,0,0,8,21553,0.0,-107605600.0,0.0,0.0,0.0,0.0,0.0,0.0,0.0,0.0,0.0,0.0,0.0,0.0,0.0,0.0,0.0,0.0,0.0,0.0,0.0,0.0,0.0,0.0,-0.0,0.0,0.0,0.0,0.0,0.0,5047.0,-0.0,0.0,0.0,-107615296.0,-107615280.0,2.718429300292151e+23,0.0,0.0,0.0,0.0,53,-0.0,-0.0,0.0,0.0,0.0,0.0,0.0,0.0,0.0,0,0,0,0.0,0.0,0.0,0.0,0.0,0.0,0.0,0.0,0.0,0.0,0.0,0.0,0.0,0.0,0.0,0.0,0,-107875648.0,53,0.0,106,-107614832.0,0.0,ERR,ERR,ERR,ERR,ERR,ERR,ERR,ERR,ERR,ERR,ERR,ERR,ERR,ERR,ERR,ERR,ERR,ERR,ERR,ERR,ERR,ERR,ERR,ERR,ERR,ERR,ERR,ERR,ERR,ERR,ERR,ERR,ERR,ERR,ERR,ERR,ERR,ERR,ERR,ERR,ERR,ERR,ERR,ERR,ERR,ERR,ERR,ERR,ERR,ERR,ERR,ERR,ERR,ERR,ERR,ERR,ERR,ERR,ERR,ERR,ERR,ERR,ERR,ERR,ERR,ERR,ERR,50.0,60.0,100,0.0,0.0,0.0,0.0,0.0,0.0,0.0,0.0,0.0,0.0,0.0,0.0,0.0,0.0,0.0,0.0,61.6,74,13,65512,50,65476,0,300,0,0,8,20529,65476,0,0,26214,60.0,0.0,0.0,0.0,0.0,0.0
2026-05-17T18:16:47,ERR,ERR,ERR,ERR,ERR,ERR,ERR,ERR,ERR,ERR,ERR,ERR,ERR,ERR,ERR,ERR,ERR,ERR,ERR,ERR,ERR,ERR,ERR,ERR,ERR,ERR,ERR,ERR,ERR,ERR,ERR,ERR,ERR,ERR,ERR,ERR,ERR,ERR,ERR,ERR,ERR,ERR,ERR,ERR,ERR,ERR,ERR,ERR,ERR,ERR,ERR,ERR,ERR,ERR,ERR,ERR,ERR,ERR,ERR,ERR,ERR,ERR,ERR,ERR,ERR,ERR,ERR,ERR,ERR,ERR,ERR,ERR,ERR,ERR,ERR,ERR,ERR,ERR,ERR,ERR,ERR,ERR,ERR,ERR,ERR,ERR,ERR,ERR,ERR,ERR,ERR,ERR,ERR,ERR,ERR,ERR,ERR,ERR,ERR,ERR,ERR,ERR,ERR,ERR,ERR,ERR,ERR,ERR,ERR,ERR,ERR,ERR,ERR,ERR,ERR,ERR,ERR,ERR,ERR,ERR,ERR,ERR,ERR,ERR,ERR,0.0,-107615296.0,-134474944.0,0.0,0.0,1.3936040501711995e+18,7.805,0.0,0,0,4,0,8422,0.0,45,0.0,0.0,0.0,0.0,0.0,0,0,0,0,0.0,0,0,0,0,0,0,0,0,0,0,0,0,0,0,0,0,0,0,0,0,0,0,0,0,0,0,0,0,0,0,0,0,0,38,14,7,45,65476,0,300,0,0,8,21553,0.0,-107605600.0,0.0,0.0,0.0,0.0,0.0,0.0,0.0,0.0,0.0,0.0,0.0,0.0,0.0,0.0,0.0,0.0,0.0,0.0,0.0,0.0,0.0,0.0,-0.0,0.0,0.0,0.0,0.0,0.0,5047.0,-0.0,0.0,0.0,-107615296.0,-107615280.0,2.718429300292151e+23,0.0,0.0,0.0,0.0,53,-0.0,-0.0,0.0,0.0,0.0,0.0,0.0,0.0,0.0,0,0,0,0.0,0.0,0.0,0.0,0.0,0.0,0.0,0.0,0.0,0.0,0.0,0.0,0.0,0.0,0.0,0.0,0,-107875648.0,53,0.0,106,-107614832.0,0.0,ERR,ERR,ERR,ERR,ERR,ERR,ERR,ERR,ERR,ERR,ERR,ERR,ERR,ERR,ERR,ERR,ERR,ERR,ERR,ERR,ERR,ERR,ERR,ERR,ERR,ERR,ERR,ERR,ERR,ERR,ERR,ERR,ERR,ERR,ERR,ERR,ERR,ERR,ERR,ERR,ERR,ERR,ERR,ERR,ERR,ERR,ERR,ERR,ERR,ERR,ERR,ERR,ERR,ERR,ERR,ERR,ERR,ERR,ERR,ERR,ERR,ERR,ERR,ERR,ERR,ERR,ERR,50.0,60.0,100,0.0,0.0,0.0,0.0,0.0,0.0,0.0,0.0,0.0,0.0,0.0,0.0,0.0,0.0,0.0,0.0,61.6,74,13,65512,50,65476,0,300,0,0,8,20529,65476,0,0,26214,60.0,0.0,0.0,0.0,0.0,0.0
2026-05-17T18:16:48,ERR,ERR,ERR,ERR,ERR,ERR,ERR,ERR,ERR,ERR,ERR,ERR,ERR,ERR,ERR,ERR,ERR,ERR,ERR,ERR,ERR,ERR,ERR,ERR,ERR,ERR,ERR,ERR,ERR,ERR,ERR,ERR,ERR,ERR,ERR,ERR,ERR,ERR,ERR,ERR,ERR,ERR,ERR,ERR,ERR,ERR,ERR,ERR,ERR,ERR,ERR,ERR,ERR,ERR,ERR,ERR,ERR,ERR,ERR,ERR,ERR,ERR,ERR,ERR,ERR,ERR,ERR,ERR,ERR,ERR,ERR,ERR,ERR,ERR,ERR,ERR,ERR,ERR,ERR,ERR,ERR,ERR,ERR,ERR,ERR,ERR,ERR,ERR,ERR,ERR,ERR,ERR,ERR,ERR,ERR,ERR,ERR,ERR,ERR,ERR,ERR,ERR,ERR,ERR,ERR,ERR,ERR,ERR,ERR,ERR,ERR,ERR,ERR,ERR,ERR,ERR,ERR,ERR,ERR,ERR,ERR,ERR,ERR,ERR,ERR,0.0,-107615296.0,-134474944.0,0.0,0.0,1.3936040501711995e+18,7.805,0.0,0,0,4,0,8422,0.0,45,0.0,0.0,0.0,0.0,0.0,0,0,0,0,0.0,0,0,0,0,0,0,0,0,0,0,0,0,0,0,0,0,0,0,0,0,0,0,0,0,0,0,0,0,0,0,0,0,0,38,14,7,45,65476,0,300,0,0,8,21553,0.0,-107605600.0,0.0,0.0,0.0,0.0,0.0,0.0,0.0,0.0,0.0,0.0,0.0,0.0,0.0,0.0,0.0,0.0,0.0,0.0,0.0,0.0,0.0,0.0,-0.0,0.0,0.0,0.0,0.0,0.0,5047.0,-0.0,0.0,0.0,-107615296.0,-107615280.0,2.718429300292151e+23,0.0,0.0,0.0,0.0,53,-0.0,-0.0,0.0,0.0,0.0,0.0,0.0,0.0,0.0,0,0,0,0.0,0.0,0.0,0.0,0.0,0.0,0.0,0.0,0.0,0.0,0.0,0.0,0.0,0.0,0.0,0.0,0,-107875648.0,53,0.0,106,-107614832.0,0.0,ERR,ERR,ERR,ERR,ERR,ERR,ERR,ERR,ERR,ERR,ERR,ERR,ERR,ERR,ERR,ERR,ERR,ERR,ERR,ERR,ERR,ERR,ERR,ERR,ERR,ERR,ERR,ERR,ERR,ERR,ERR,ERR,ERR,ERR,ERR,ERR,ERR,ERR,ERR,ERR,ERR,ERR,ERR,ERR,ERR,ERR,ERR,ERR,ERR,ERR,ERR,ERR,ERR,ERR,ERR,ERR,ERR,ERR,ERR,ERR,ERR,ERR,ERR,ERR,ERR,ERR,ERR,50.0,60.0,100,0.0,0.0,0.0,0.0,0.0,0.0,0.0,0.0,0.0,0.0,0.0,0.0,0.0,0.0,0.0,0.0,62.0,74,13,65512,50,65476,0,300,0,0,8,20529,65476,0,0,26214,60.0,0.0,0.0,0.0,0.0,0.0
2026-05-17T18:16:49,ERR,ERR,ERR,ERR,ERR,ERR,ERR,ERR,ERR,ERR,ERR,ERR,ERR,ERR,ERR,ERR,ERR,ERR,ERR,ERR,ERR,ERR,ERR,ERR,ERR,ERR,ERR,ERR,ERR,ERR,ERR,ERR,ERR,ERR,ERR,ERR,ERR,ERR,ERR,ERR,ERR,ERR,ERR,ERR,ERR,ERR,ERR,ERR,ERR,ERR,ERR,ERR,ERR,ERR,ERR,ERR,ERR,ERR,ERR,ERR,ERR,ERR,ERR,ERR,ERR,ERR,ERR,ERR,ERR,ERR,ERR,ERR,ERR,ERR,ERR,ERR,ERR,ERR,ERR,ERR,ERR,ERR,ERR,ERR,ERR,ERR,ERR,ERR,ERR,ERR,ERR,ERR,ERR,ERR,ERR,ERR,ERR,ERR,ERR,ERR,ERR,ERR,ERR,ERR,ERR,ERR,ERR,ERR,ERR,ERR,ERR,ERR,ERR,ERR,ERR,ERR,ERR,ERR,ERR,ERR,ERR,ERR,ERR,ERR,ERR,0.0,-107615296.0,-134474944.0,0.0,0.0,1.3936040501711995e+18,7.805,0.0,0,0,4,0,8422,0.0,45,0.0,0.0,0.0,0.0,0.0,0,0,0,0,0.0,0,0,0,0,0,0,0,0,0,0,0,0,0,0,0,0,0,0,0,0,0,0,0,0,0,0,0,0,0,0,0,0,0,38,14,7,45,65476,0,300,0,0,8,21553,0.0,-107605600.0,0.0,0.0,0.0,0.0,0.0,0.0,0.0,0.0,0.0,0.0,0.0,0.0,0.0,0.0,0.0,0.0,0.0,0.0,0.0,0.0,0.0,0.0,-0.0,0.0,0.0,0.0,0.0,0.0,5047.0,-0.0,0.0,0.0,-107615296.0,-107615280.0,2.718429300292151e+23,0.0,0.0,0.0,0.0,53,-0.0,-0.0,0.0,0.0,0.0,0.0,0.0,0.0,0.0,0,0,0,0.0,0.0,0.0,0.0,0.0,0.0,0.0,0.0,0.0,0.0,0.0,0.0,0.0,0.0,0.0,0.0,0,-107875648.0,53,0.0,106,-107614832.0,0.0,ERR,ERR,ERR,ERR,ERR,ERR,ERR,ERR,ERR,ERR,ERR,ERR,ERR,ERR,ERR,ERR,ERR,ERR,ERR,ERR,ERR,ERR,ERR,ERR,ERR,ERR,ERR,ERR,ERR,ERR,ERR,ERR,ERR,ERR,ERR,ERR,ERR,ERR,ERR,ERR,ERR,ERR,ERR,ERR,ERR,ERR,ERR,ERR,ERR,ERR,ERR,ERR,ERR,ERR,ERR,ERR,ERR,ERR,ERR,ERR,ERR,ERR,ERR,ERR,ERR,ERR,ERR,50.0,60.0,100,0.0,0.0,0.0,0.0,0.0,0.0,0.0,0.0,0.0,0.0,0.0,0.0,0.0,0.0,0.0,0.0,62.0,74,13,65512,50,65476,0,300,0,0,8,20529,65476,0,0,26214,60.0,0.0,0.0,0.0,0.0,0.0
2026-05-17T18:16:50,ERR,ERR,ERR,ERR,ERR,ERR,ERR,ERR,ERR,ERR,ERR,ERR,ERR,ERR,ERR,ERR,ERR,ERR,ERR,ERR,ERR,ERR,ERR,ERR,ERR,ERR,ERR,ERR,ERR,ERR,ERR,ERR,ERR,ERR,ERR,ERR,ERR,ERR,ERR,ERR,ERR,ERR,ERR,ERR,ERR,ERR,ERR,ERR,ERR,ERR,ERR,ERR,ERR,ERR,ERR,ERR,ERR,ERR,ERR,ERR,ERR,ERR,ERR,ERR,ERR,ERR,ERR,ERR,ERR,ERR,ERR,ERR,ERR,ERR,ERR,ERR,ERR,ERR,ERR,ERR,ERR,ERR,ERR,ERR,ERR,ERR,ERR,ERR,ERR,ERR,ERR,ERR,ERR,ERR,ERR,ERR,ERR,ERR,ERR,ERR,ERR,ERR,ERR,ERR,ERR,ERR,ERR,ERR,ERR,ERR,ERR,ERR,ERR,ERR,ERR,ERR,ERR,ERR,ERR,ERR,ERR,ERR,ERR,ERR,ERR,0.0,-107615296.0,-134474944.0,0.0,0.0,1.3936040501711995e+18,7.805,0.0,0,0,4,0,8422,0.0,45,0.0,0.0,0.0,0.0,0.0,0,0,0,0,0.0,0,0,0,0,0,0,0,0,0,0,0,0,0,0,0,0,0,0,0,0,0,0,0,0,0,0,0,0,0,0,0,0,0,38,14,7,45,65476,0,300,0,0,8,21553,0.0,-107605600.0,0.0,0.0,0.0,0.0,0.0,0.0,0.0,0.0,0.0,0.0,0.0,0.0,0.0,0.0,0.0,0.0,0.0,0.0,0.0,0.0,0.0,0.0,-0.0,0.0,0.0,0.0,0.0,0.0,5045.0,-0.0,0.0,0.0,-107615296.0,-107615280.0,2.718429300292151e+23,0.0,0.0,0.0,0.0,53,-0.0,-152017297211392.0,0.0,0.0,0.0,0.0,0.0,0.0,0.0,0,0,0,0.0,0.0,0.0,0.0,0.0,0.0,0.0,0.0,0.0,0.0,0.0,0.0,0.0,0.0,0.0,0.0,0,-107875648.0,53,0.0,106,-107614832.0,0.0,ERR,ERR,ERR,ERR,ERR,ERR,ERR,ERR,ERR,ERR,ERR,ERR,ERR,ERR,ERR,ERR,ERR,ERR,ERR,ERR,ERR,ERR,ERR,ERR,ERR,ERR,ERR,ERR,ERR,ERR,ERR,ERR,ERR,ERR,ERR,ERR,ERR,ERR,ERR,ERR,ERR,ERR,ERR,ERR,ERR,ERR,ERR,ERR,ERR,ERR,ERR,ERR,ERR,ERR,ERR,ERR,ERR,ERR,ERR,ERR,ERR,ERR,ERR,ERR,ERR,ERR,ERR,50.0,60.0,100,0.0,0.0,0.0,0.0,0.0,0.0,0.0,0.0,0.0,0.0,0.0,0.0,0.0,0.0,0.0,0.0,61.6,74,13,65512,50,65476,0,300,0,0,8,20529,65476,0,0,26214,60.0,0.0,0.0,0.0,0.0,0.0
2026-05-17T18:16:51,ERR,ERR,ERR,ERR,ERR,ERR,ERR,ERR,ERR,ERR,ERR,ERR,ERR,ERR,ERR,ERR,ERR,ERR,ERR,ERR,ERR,ERR,ERR,ERR,ERR,ERR,ERR,ERR,ERR,ERR,ERR,ERR,ERR,ERR,ERR,ERR,ERR,ERR,ERR,ERR,ERR,ERR,ERR,ERR,ERR,ERR,ERR,ERR,ERR,ERR,ERR,ERR,ERR,ERR,ERR,ERR,ERR,ERR,ERR,ERR,ERR,ERR,ERR,ERR,ERR,ERR,ERR,ERR,ERR,ERR,ERR,ERR,ERR,ERR,ERR,ERR,ERR,ERR,ERR,ERR,ERR,ERR,ERR,ERR,ERR,ERR,ERR,ERR,ERR,ERR,ERR,ERR,ERR,ERR,ERR,ERR,ERR,ERR,ERR,ERR,ERR,ERR,ERR,ERR,ERR,ERR,ERR,ERR,ERR,ERR,ERR,ERR,ERR,ERR,ERR,ERR,ERR,ERR,ERR,ERR,ERR,ERR,ERR,ERR,ERR,0.0,-107615296.0,-134474944.0,0.0,0.0,1.3936040501711995e+18,7.805,0.0,0,0,4,0,8422,0.0,45,0.0,0.0,0.0,0.0,0.0,0,0,0,0,0.0,0,0,0,0,0,0,0,0,0,0,0,0,0,0,0,0,0,0,0,0,0,0,0,0,0,0,0,0,0,0,0,0,0,38,14,7,45,65476,0,300,0,0,8,21553,0.0,-107605600.0,0.0,0.0,0.0,0.0,0.0,0.0,0.0,0.0,0.0,0.0,0.0,0.0,0.0,0.0,0.0,0.0,0.0,0.0,0.0,0.0,0.0,0.0,-0.0,0.0,0.0,0.0,0.0,0.0,5045.0,-0.0,0.0,0.0,-107615296.0,-107615280.0,2.718429300292151e+23,0.0,0.0,0.0,0.0,53,-0.0,-152017297211392.0,0.0,0.0,0.0,0.0,0.0,0.0,0.0,0,0,0,0.0,0.0,0.0,0.0,0.0,0.0,0.0,0.0,0.0,0.0,0.0,0.0,0.0,0.0,0.0,0.0,0,-107875648.0,53,0.0,106,-107614832.0,0.0,ERR,ERR,ERR,ERR,ERR,ERR,ERR,ERR,ERR,ERR,ERR,ERR,ERR,ERR,ERR,ERR,ERR,ERR,ERR,ERR,ERR,ERR,ERR,ERR,ERR,ERR,ERR,ERR,ERR,ERR,ERR,ERR,ERR,ERR,ERR,ERR,ERR,ERR,ERR,ERR,ERR,ERR,ERR,ERR,ERR,ERR,ERR,ERR,ERR,ERR,ERR,ERR,ERR,ERR,ERR,ERR,ERR,ERR,ERR,ERR,ERR,ERR,ERR,ERR,ERR,ERR,ERR,50.0,60.0,100,0.0,0.0,0.0,0.0,0.0,0.0,0.0,0.0,0.0,0.0,0.0,0.0,0.0,0.0,0.0,0.0,61.6,74,13,65512,50,65476,0,300,0,0,8,20529,65476,0,0,26214,60.0,0.0,0.0,0.0,0.0,0.0
2026-05-17T18:16:52,ERR,ERR,ERR,ERR,ERR,ERR,ERR,ERR,ERR,ERR,ERR,ERR,ERR,ERR,ERR,ERR,ERR,ERR,ERR,ERR,ERR,ERR,ERR,ERR,ERR,ERR,ERR,ERR,ERR,ERR,ERR,ERR,ERR,ERR,ERR,ERR,ERR,ERR,ERR,ERR,ERR,ERR,ERR,ERR,ERR,ERR,ERR,ERR,ERR,ERR,ERR,ERR,ERR,ERR,ERR,ERR,ERR,ERR,ERR,ERR,ERR,ERR,ERR,ERR,ERR,ERR,ERR,ERR,ERR,ERR,ERR,ERR,ERR,ERR,ERR,ERR,ERR,ERR,ERR,ERR,ERR,ERR,ERR,ERR,ERR,ERR,ERR,ERR,ERR,ERR,ERR,ERR,ERR,ERR,ERR,ERR,ERR,ERR,ERR,ERR,ERR,ERR,ERR,ERR,ERR,ERR,ERR,ERR,ERR,ERR,ERR,ERR,ERR,ERR,ERR,ERR,ERR,ERR,ERR,ERR,ERR,ERR,ERR,ERR,ERR,0.0,-107615296.0,-134474944.0,0.0,0.0,1.3936040501711995e+18,7.805,0.0,0,0,4,0,8422,0.0,45,0.0,0.0,0.0,0.0,0.0,0,0,0,0,0.0,0,0,0,0,0,0,0,0,0,0,0,0,0,0,0,0,0,0,0,0,0,0,0,0,0,0,0,0,0,0,0,0,0,38,14,7,45,65476,0,300,0,0,8,21553,0.0,-107605600.0,0.0,0.0,0.0,0.0,0.0,0.0,0.0,0.0,0.0,0.0,0.0,0.0,0.0,0.0,0.0,0.0,0.0,0.0,0.0,0.0,0.0,0.0,-0.0,0.0,0.0,0.0,0.0,0.0,5045.0,-0.0,0.0,0.0,-107615296.0,-107615280.0,2.718429300292151e+23,0.0,0.0,0.0,0.0,53,-0.0,-152017297211392.0,0.0,0.0,0.0,0.0,0.0,0.0,0.0,0,0,0,0.0,0.0,0.0,0.0,0.0,0.0,0.0,0.0,0.0,0.0,0.0,0.0,0.0,0.0,0.0,0.0,0,-107875648.0,53,0.0,106,-107614832.0,0.0,ERR,ERR,ERR,ERR,ERR,ERR,ERR,ERR,ERR,ERR,ERR,ERR,ERR,ERR,ERR,ERR,ERR,ERR,ERR,ERR,ERR,ERR,ERR,ERR,ERR,ERR,ERR,ERR,ERR,ERR,ERR,ERR,ERR,ERR,ERR,ERR,ERR,ERR,ERR,ERR,ERR,ERR,ERR,ERR,ERR,ERR,ERR,ERR,ERR,ERR,ERR,ERR,ERR,ERR,ERR,ERR,ERR,ERR,ERR,ERR,ERR,ERR,ERR,ERR,ERR,ERR,ERR,50.0,60.0,100,0.0,0.0,0.0,0.0,0.0,0.0,0.0,0.0,0.0,0.0,0.0,0.0,0.0,0.0,0.0,0.0,61.6,74,13,65512,50,65476,0,300,0,0,8,20529,65476,0,0,26214,60.0,0.0,0.0,0.0,0.0,0.0
2026-05-17T18:16:53,ERR,ERR,ERR,ERR,ERR,ERR,ERR,ERR,ERR,ERR,ERR,ERR,ERR,ERR,ERR,ERR,ERR,ERR,ERR,ERR,ERR,ERR,ERR,ERR,ERR,ERR,ERR,ERR,ERR,ERR,ERR,ERR,ERR,ERR,ERR,ERR,ERR,ERR,ERR,ERR,ERR,ERR,ERR,ERR,ERR,ERR,ERR,ERR,ERR,ERR,ERR,ERR,ERR,ERR,ERR,ERR,ERR,ERR,ERR,ERR,ERR,ERR,ERR,ERR,ERR,ERR,ERR,ERR,ERR,ERR,ERR,ERR,ERR,ERR,ERR,ERR,ERR,ERR,ERR,ERR,ERR,ERR,ERR,ERR,ERR,ERR,ERR,ERR,ERR,ERR,ERR,ERR,ERR,ERR,ERR,ERR,ERR,ERR,ERR,ERR,ERR,ERR,ERR,ERR,ERR,ERR,ERR,ERR,ERR,ERR,ERR,ERR,ERR,ERR,ERR,ERR,ERR,ERR,ERR,ERR,ERR,ERR,ERR,ERR,ERR,0.0,-107615296.0,-134474944.0,0.0,0.0,1.3936040501711995e+18,7.805,0.0,0,0,4,0,8422,0.0,45,0.0,0.0,0.0,0.0,0.0,0,0,0,0,0.0,0,0,0,0,0,0,0,0,0,0,0,0,0,0,0,0,0,0,0,0,0,0,0,0,0,0,0,0,0,0,0,0,0,38,14,7,45,65476,0,300,0,0,8,21553,0.0,-107605600.0,0.0,0.0,0.0,0.0,0.0,0.0,0.0,0.0,0.0,0.0,0.0,0.0,0.0,0.0,0.0,0.0,0.0,0.0,0.0,0.0,0.0,0.0,-0.0,0.0,0.0,0.0,0.0,0.0,5045.0,-0.0,0.0,0.0,-107615296.0,-107615280.0,2.718429300292151e+23,0.0,0.0,0.0,0.0,53,-0.0,-152017297211392.0,0.0,0.0,0.0,0.0,0.0,0.0,0.0,0,0,0,0.0,0.0,0.0,0.0,0.0,0.0,0.0,0.0,0.0,0.0,0.0,0.0,0.0,0.0,0.0,0.0,0,-107875648.0,53,0.0,106,-107614832.0,0.0,ERR,ERR,ERR,ERR,ERR,ERR,ERR,ERR,ERR,ERR,ERR,ERR,ERR,ERR,ERR,ERR,ERR,ERR,ERR,ERR,ERR,ERR,ERR,ERR,ERR,ERR,ERR,ERR,ERR,ERR,ERR,ERR,ERR,ERR,ERR,ERR,ERR,ERR,ERR,ERR,ERR,ERR,ERR,ERR,ERR,ERR,ERR,ERR,ERR,ERR,ERR,ERR,ERR,ERR,ERR,ERR,ERR,ERR,ERR,ERR,ERR,ERR,ERR,ERR,ERR,ERR,ERR,50.0,60.0,100,0.0,0.0,0.0,0.0,0.0,0.0,0.0,0.0,0.0,0.0,0.0,0.0,0.0,0.0,0.0,0.0,62.0,74,13,65512,50,65476,0,300,0,0,8,20529,65476,0,0,26214,60.0,0.0,0.0,0.0,0.0,0.0
2026-05-17T18:16:54,ERR,ERR,ERR,ERR,ERR,ERR,ERR,ERR,ERR,ERR,ERR,ERR,ERR,ERR,ERR,ERR,ERR,ERR,ERR,ERR,ERR,ERR,ERR,ERR,ERR,ERR,ERR,ERR,ERR,ERR,ERR,ERR,ERR,ERR,ERR,ERR,ERR,ERR,ERR,ERR,ERR,ERR,ERR,ERR,ERR,ERR,ERR,ERR,ERR,ERR,ERR,ERR,ERR,ERR,ERR,ERR,ERR,ERR,ERR,ERR,ERR,ERR,ERR,ERR,ERR,ERR,ERR,ERR,ERR,ERR,ERR,ERR,ERR,ERR,ERR,ERR,ERR,ERR,ERR,ERR,ERR,ERR,ERR,ERR,ERR,ERR,ERR,ERR,ERR,ERR,ERR,ERR,ERR,ERR,ERR,ERR,ERR,ERR,ERR,ERR,ERR,ERR,ERR,ERR,ERR,ERR,ERR,ERR,ERR,ERR,ERR,ERR,ERR,ERR,ERR,ERR,ERR,ERR,ERR,ERR,ERR,ERR,ERR,ERR,ERR,0.0,-107615296.0,-134474944.0,0.0,0.0,1.3936040501711995e+18,7.805,0.0,0,0,4,0,8422,0.0,45,0.0,0.0,0.0,0.0,0.0,0,0,0,0,0.0,0,0,0,0,0,0,0,0,0,0,0,0,0,0,0,0,0,0,0,0,0,0,0,0,0,0,0,0,0,0,0,0,0,38,14,7,45,65476,0,300,0,0,8,21553,0.0,-107605600.0,0.0,0.0,0.0,0.0,0.0,0.0,0.0,0.0,0.0,0.0,0.0,0.0,0.0,0.0,0.0,0.0,0.0,0.0,0.0,0.0,0.0,0.0,-0.0,0.0,0.0,0.0,0.0,0.0,5045.0,-0.0,0.0,0.0,-107615296.0,-107615280.0,2.718429300292151e+23,0.0,0.0,0.0,0.0,53,-0.0,-152017297211392.0,0.0,0.0,0.0,0.0,0.0,0.0,0.0,0,0,0,0.0,0.0,0.0,0.0,0.0,0.0,0.0,0.0,0.0,0.0,0.0,0.0,0.0,0.0,0.0,0.0,0,-107875648.0,53,0.0,106,-107614832.0,0.0,ERR,ERR,ERR,ERR,ERR,ERR,ERR,ERR,ERR,ERR,ERR,ERR,ERR,ERR,ERR,ERR,ERR,ERR,ERR,ERR,ERR,ERR,ERR,ERR,ERR,ERR,ERR,ERR,ERR,ERR,ERR,ERR,ERR,ERR,ERR,ERR,ERR,ERR,ERR,ERR,ERR,ERR,ERR,ERR,ERR,ERR,ERR,ERR,ERR,ERR,ERR,ERR,ERR,ERR,ERR,ERR,ERR,ERR,ERR,ERR,ERR,ERR,ERR,ERR,ERR,ERR,ERR,50.0,60.0,100,0.0,0.0,0.0,0.0,0.0,0.0,0.0,0.0,0.0,0.0,0.0,0.0,0.0,0.0,0.0,0.0,62.0,74,13,65512,50,65476,0,300,0,0,8,20529,65476,0,0,26214,60.0,0.0,0.0,0.0,0.0,0.0
2026-05-17T18:16:55,ERR,ERR,ERR,ERR,ERR,ERR,ERR,ERR,ERR,ERR,ERR,ERR,ERR,ERR,ERR,ERR,ERR,ERR,ERR,ERR,ERR,ERR,ERR,ERR,ERR,ERR,ERR,ERR,ERR,ERR,ERR,ERR,ERR,ERR,ERR,ERR,ERR,ERR,ERR,ERR,ERR,ERR,ERR,ERR,ERR,ERR,ERR,ERR,ERR,ERR,ERR,ERR,ERR,ERR,ERR,ERR,ERR,ERR,ERR,ERR,ERR,ERR,ERR,ERR,ERR,ERR,ERR,ERR,ERR,ERR,ERR,ERR,ERR,ERR,ERR,ERR,ERR,ERR,ERR,ERR,ERR,ERR,ERR,ERR,ERR,ERR,ERR,ERR,ERR,ERR,ERR,ERR,ERR,ERR,ERR,ERR,ERR,ERR,ERR,ERR,ERR,ERR,ERR,ERR,ERR,ERR,ERR,ERR,ERR,ERR,ERR,ERR,ERR,ERR,ERR,ERR,ERR,ERR,ERR,ERR,ERR,ERR,ERR,ERR,ERR,0.0,-107615296.0,-134474944.0,0.0,0.0,1.3936040501711995e+18,7.805,0.0,0,0,4,0,8422,0.0,45,0.0,0.0,0.0,0.0,0.0,0,0,0,0,0.0,0,0,0,0,0,0,0,0,0,0,0,0,0,0,0,0,0,0,0,0,0,0,0,0,0,0,0,0,0,0,0,0,0,38,14,7,45,65476,0,300,0,0,8,21553,0.0,-107605600.0,0.0,0.0,0.0,0.0,0.0,0.0,0.0,0.0,0.0,0.0,0.0,0.0,0.0,0.0,0.0,0.0,0.0,0.0,0.0,0.0,0.0,0.0,-0.0,0.0,0.0,0.0,0.0,0.0,5050.0,1.040665504650976e+34,0.0,0.0,-107615296.0,-107615280.0,2.718429300292151e+23,0.0,0.0,0.0,0.0,53,-0.0,-0.0,0.0,0.0,0.0,0.0,0.0,0.0,0.0,0,0,0,0.0,0.0,0.0,0.0,0.0,0.0,0.0,0.0,0.0,0.0,0.0,0.0,0.0,0.0,0.0,0.0,0,-107875648.0,53,0.0,106,-107614832.0,0.0,ERR,ERR,ERR,ERR,ERR,ERR,ERR,ERR,ERR,ERR,ERR,ERR,ERR,ERR,ERR,ERR,ERR,ERR,ERR,ERR,ERR,ERR,ERR,ERR,ERR,ERR,ERR,ERR,ERR,ERR,ERR,ERR,ERR,ERR,ERR,ERR,ERR,ERR,ERR,ERR,ERR,ERR,ERR,ERR,ERR,ERR,ERR,ERR,ERR,ERR,ERR,ERR,ERR,ERR,ERR,ERR,ERR,ERR,ERR,ERR,ERR,ERR,ERR,ERR,ERR,ERR,ERR,50.0,60.0,100,0.0,0.0,0.0,0.0,0.0,0.0,0.0,0.0,0.0,0.0,0.0,0.0,0.0,0.0,0.0,0.0,62.0,74,13,65512,50,65476,0,300,0,0,8,20529,65476,0,0,26214,60.0,0.0,0.0,0.0,0.0,0.0
2026-05-17T18:16:56,ERR,ERR,ERR,ERR,ERR,ERR,ERR,ERR,ERR,ERR,ERR,ERR,ERR,ERR,ERR,ERR,ERR,ERR,ERR,ERR,ERR,ERR,ERR,ERR,ERR,ERR,ERR,ERR,ERR,ERR,ERR,ERR,ERR,ERR,ERR,ERR,ERR,ERR,ERR,ERR,ERR,ERR,ERR,ERR,ERR,ERR,ERR,ERR,ERR,ERR,ERR,ERR,ERR,ERR,ERR,ERR,ERR,ERR,ERR,ERR,ERR,ERR,ERR,ERR,ERR,ERR,ERR,ERR,ERR,ERR,ERR,ERR,ERR,ERR,ERR,ERR,ERR,ERR,ERR,ERR,ERR,ERR,ERR,ERR,ERR,ERR,ERR,ERR,ERR,ERR,ERR,ERR,ERR,ERR,ERR,ERR,ERR,ERR,ERR,ERR,ERR,ERR,ERR,ERR,ERR,ERR,ERR,ERR,ERR,ERR,ERR,ERR,ERR,ERR,ERR,ERR,ERR,ERR,ERR,ERR,ERR,ERR,ERR,ERR,ERR,0.0,-107615296.0,-134474944.0,0.0,0.0,1.3936040501711995e+18,7.805,0.0,0,0,4,0,8422,0.0,45,0.0,0.0,0.0,0.0,0.0,0,0,0,0,0.0,0,0,0,0,0,0,0,0,0,0,0,0,0,0,0,0,0,0,0,0,0,0,0,0,0,0,0,0,0,0,0,0,0,38,14,7,45,65476,0,300,0,0,8,21553,0.0,-107605600.0,0.0,0.0,0.0,0.0,0.0,0.0,0.0,0.0,0.0,0.0,0.0,0.0,0.0,0.0,0.0,0.0,0.0,0.0,0.0,0.0,0.0,0.0,-0.0,0.0,0.0,0.0,0.0,0.0,5050.0,1.040665504650976e+34,0.0,0.0,-107615296.0,-107615280.0,2.718429300292151e+23,0.0,0.0,0.0,0.0,53,-0.0,-0.0,0.0,0.0,0.0,0.0,0.0,0.0,0.0,0,0,0,0.0,0.0,0.0,0.0,0.0,0.0,0.0,0.0,0.0,0.0,0.0,0.0,0.0,0.0,0.0,0.0,0,-107875648.0,53,0.0,106,-107614832.0,0.0,ERR,ERR,ERR,ERR,ERR,ERR,ERR,ERR,ERR,ERR,ERR,ERR,ERR,ERR,ERR,ERR,ERR,ERR,ERR,ERR,ERR,ERR,ERR,ERR,ERR,ERR,ERR,ERR,ERR,ERR,ERR,ERR,ERR,ERR,ERR,ERR,ERR,ERR,ERR,ERR,ERR,ERR,ERR,ERR,ERR,ERR,ERR,ERR,ERR,ERR,ERR,ERR,ERR,ERR,ERR,ERR,ERR,ERR,ERR,ERR,ERR,ERR,ERR,ERR,ERR,ERR,ERR,50.0,60.0,100,0.0,0.0,0.0,0.0,0.0,0.0,0.0,0.0,0.0,0.0,0.0,0.0,0.0,0.0,0.0,0.0,62.0,74,13,65512,50,65476,0,300,0,0,8,20529,65476,0,0,26214,60.0,0.0,0.0,0.0,0.0,0.0
2026-05-17T18:16:57,ERR,ERR,ERR,ERR,ERR,ERR,ERR,ERR,ERR,ERR,ERR,ERR,ERR,ERR,ERR,ERR,ERR,ERR,ERR,ERR,ERR,ERR,ERR,ERR,ERR,ERR,ERR,ERR,ERR,ERR,ERR,ERR,ERR,ERR,ERR,ERR,ERR,ERR,ERR,ERR,ERR,ERR,ERR,ERR,ERR,ERR,ERR,ERR,ERR,ERR,ERR,ERR,ERR,ERR,ERR,ERR,ERR,ERR,ERR,ERR,ERR,ERR,ERR,ERR,ERR,ERR,ERR,ERR,ERR,ERR,ERR,ERR,ERR,ERR,ERR,ERR,ERR,ERR,ERR,ERR,ERR,ERR,ERR,ERR,ERR,ERR,ERR,ERR,ERR,ERR,ERR,ERR,ERR,ERR,ERR,ERR,ERR,ERR,ERR,ERR,ERR,ERR,ERR,ERR,ERR,ERR,ERR,ERR,ERR,ERR,ERR,ERR,ERR,ERR,ERR,ERR,ERR,ERR,ERR,ERR,ERR,ERR,ERR,ERR,ERR,0.0,-107615296.0,-134474944.0,0.0,0.0,1.3936040501711995e+18,7.805,0.0,0,0,4,0,8422,0.0,45,0.0,0.0,0.0,0.0,0.0,0,0,0,0,0.0,0,0,0,0,0,0,0,0,0,0,0,0,0,0,0,0,0,0,0,0,0,0,0,0,0,0,0,0,0,0,0,0,0,38,14,7,45,65476,0,300,0,0,8,21553,0.0,-107605600.0,0.0,0.0,0.0,0.0,0.0,0.0,0.0,0.0,0.0,0.0,0.0,0.0,0.0,0.0,0.0,0.0,0.0,0.0,0.0,0.0,0.0,0.0,-0.0,0.0,0.0,0.0,0.0,0.0,5050.0,1.040665504650976e+34,0.0,0.0,-107615296.0,-107615280.0,2.718429300292151e+23,0.0,0.0,0.0,0.0,53,-0.0,-0.0,0.0,0.0,0.0,0.0,0.0,0.0,0.0,0,0,0,0.0,0.0,0.0,0.0,0.0,0.0,0.0,0.0,0.0,0.0,0.0,0.0,0.0,0.0,0.0,0.0,0,-107875648.0,53,0.0,106,-107614832.0,0.0,ERR,ERR,ERR,ERR,ERR,ERR,ERR,ERR,ERR,ERR,ERR,ERR,ERR,ERR,ERR,ERR,ERR,ERR,ERR,ERR,ERR,ERR,ERR,ERR,ERR,ERR,ERR,ERR,ERR,ERR,ERR,ERR,ERR,ERR,ERR,ERR,ERR,ERR,ERR,ERR,ERR,ERR,ERR,ERR,ERR,ERR,ERR,ERR,ERR,ERR,ERR,ERR,ERR,ERR,ERR,ERR,ERR,ERR,ERR,ERR,ERR,ERR,ERR,ERR,ERR,ERR,ERR,50.0,60.0,100,0.0,0.0,0.0,0.0,0.0,0.0,0.0,0.0,0.0,0.0,0.0,0.0,0.0,0.0,0.0,0.0,61.6,74,13,65512,50,65476,0,300,0,0,8,20529,65476,0,0,26214,60.0,0.0,0.0,0.0,0.0,0.0
2026-05-17T18:16:58,ERR,ERR,ERR,ERR,ERR,ERR,ERR,ERR,ERR,ERR,ERR,ERR,ERR,ERR,ERR,ERR,ERR,ERR,ERR,ERR,ERR,ERR,ERR,ERR,ERR,ERR,ERR,ERR,ERR,ERR,ERR,ERR,ERR,ERR,ERR,ERR,ERR,ERR,ERR,ERR,ERR,ERR,ERR,ERR,ERR,ERR,ERR,ERR,ERR,ERR,ERR,ERR,ERR,ERR,ERR,ERR,ERR,ERR,ERR,ERR,ERR,ERR,ERR,ERR,ERR,ERR,ERR,ERR,ERR,ERR,ERR,ERR,ERR,ERR,ERR,ERR,ERR,ERR,ERR,ERR,ERR,ERR,ERR,ERR,ERR,ERR,ERR,ERR,ERR,ERR,ERR,ERR,ERR,ERR,ERR,ERR,ERR,ERR,ERR,ERR,ERR,ERR,ERR,ERR,ERR,ERR,ERR,ERR,ERR,ERR,ERR,ERR,ERR,ERR,ERR,ERR,ERR,ERR,ERR,ERR,ERR,ERR,ERR,ERR,ERR,0.0,-107615296.0,-134474944.0,0.0,0.0,1.3936040501711995e+18,7.805,0.0,0,0,4,0,8422,0.0,45,0.0,0.0,0.0,0.0,0.0,0,0,0,0,0.0,0,0,0,0,0,0,0,0,0,0,0,0,0,0,0,0,0,0,0,0,0,0,0,0,0,0,0,0,0,0,0,0,0,38,14,7,45,65476,0,300,0,0,8,21553,0.0,-107605600.0,0.0,0.0,0.0,0.0,0.0,0.0,0.0,0.0,0.0,0.0,0.0,0.0,0.0,0.0,0.0,0.0,0.0,0.0,0.0,0.0,0.0,0.0,-0.0,0.0,0.0,0.0,0.0,0.0,5050.0,1.040665504650976e+34,0.0,0.0,-107615296.0,-107615280.0,2.718429300292151e+23,0.0,0.0,0.0,0.0,53,-0.0,-0.0,0.0,0.0,0.0,0.0,0.0,0.0,0.0,0,0,0,0.0,0.0,0.0,0.0,0.0,0.0,0.0,0.0,0.0,0.0,0.0,0.0,0.0,0.0,0.0,0.0,0,-107875648.0,53,0.0,106,-107614832.0,0.0,ERR,ERR,ERR,ERR,ERR,ERR,ERR,ERR,ERR,ERR,ERR,ERR,ERR,ERR,ERR,ERR,ERR,ERR,ERR,ERR,ERR,ERR,ERR,ERR,ERR,ERR,ERR,ERR,ERR,ERR,ERR,ERR,ERR,ERR,ERR,ERR,ERR,ERR,ERR,ERR,ERR,ERR,ERR,ERR,ERR,ERR,ERR,ERR,ERR,ERR,ERR,ERR,ERR,ERR,ERR,ERR,ERR,ERR,ERR,ERR,ERR,ERR,ERR,ERR,ERR,ERR,ERR,50.0,60.0,100,0.0,0.0,0.0,0.0,0.0,0.0,0.0,0.0,0.0,0.0,0.0,0.0,0.0,0.0,0.0,0.0,62.0,74,13,65512,50,65476,0,300,0,0,8,20529,65476,0,0,26214,60.0,0.0,0.0,0.0,0.0,0.0
2026-05-17T18:16:59,ERR,ERR,ERR,ERR,ERR,ERR,ERR,ERR,ERR,ERR,ERR,ERR,ERR,ERR,ERR,ERR,ERR,ERR,ERR,ERR,ERR,ERR,ERR,ERR,ERR,ERR,ERR,ERR,ERR,ERR,ERR,ERR,ERR,ERR,ERR,ERR,ERR,ERR,ERR,ERR,ERR,ERR,ERR,ERR,ERR,ERR,ERR,ERR,ERR,ERR,ERR,ERR,ERR,ERR,ERR,ERR,ERR,ERR,ERR,ERR,ERR,ERR,ERR,ERR,ERR,ERR,ERR,ERR,ERR,ERR,ERR,ERR,ERR,ERR,ERR,ERR,ERR,ERR,ERR,ERR,ERR,ERR,ERR,ERR,ERR,ERR,ERR,ERR,ERR,ERR,ERR,ERR,ERR,ERR,ERR,ERR,ERR,ERR,ERR,ERR,ERR,ERR,ERR,ERR,ERR,ERR,ERR,ERR,ERR,ERR,ERR,ERR,ERR,ERR,ERR,ERR,ERR,ERR,ERR,ERR,ERR,ERR,ERR,ERR,ERR,0.0,-107615296.0,-134474944.0,0.0,0.0,1.3936040501711995e+18,7.805,0.0,0,0,4,0,8422,0.0,45,0.0,0.0,0.0,0.0,0.0,0,0,0,0,0.0,0,0,0,0,0,0,0,0,0,0,0,0,0,0,0,0,0,0,0,0,0,0,0,0,0,0,0,0,0,0,0,0,0,38,14,7,45,65476,0,300,0,0,8,21553,0.0,-107605600.0,0.0,0.0,0.0,0.0,0.0,0.0,0.0,0.0,0.0,0.0,0.0,0.0,0.0,0.0,0.0,0.0,0.0,0.0,0.0,0.0,0.0,0.0,-0.0,0.0,0.0,0.0,0.0,0.0,5050.0,1.040665504650976e+34,0.0,0.0,-107615296.0,-107615280.0,2.718429300292151e+23,0.0,0.0,0.0,0.0,53,-0.0,-0.0,0.0,0.0,0.0,0.0,0.0,0.0,0.0,0,0,0,0.0,0.0,0.0,0.0,0.0,0.0,0.0,0.0,0.0,0.0,0.0,0.0,0.0,0.0,0.0,0.0,0,-107875648.0,53,0.0,106,-107614832.0,0.0,ERR,ERR,ERR,ERR,ERR,ERR,ERR,ERR,ERR,ERR,ERR,ERR,ERR,ERR,ERR,ERR,ERR,ERR,ERR,ERR,ERR,ERR,ERR,ERR,ERR,ERR,ERR,ERR,ERR,ERR,ERR,ERR,ERR,ERR,ERR,ERR,ERR,ERR,ERR,ERR,ERR,ERR,ERR,ERR,ERR,ERR,ERR,ERR,ERR,ERR,ERR,ERR,ERR,ERR,ERR,ERR,ERR,ERR,ERR,ERR,ERR,ERR,ERR,ERR,ERR,ERR,ERR,50.0,60.0,100,0.0,0.0,0.0,0.0,0.0,0.0,0.0,0.0,0.0,0.0,0.0,0.0,0.0,0.0,0.0,0.0,62.0,74,13,65512,50,65476,0,300,0,0,8,20529,65476,0,0,26214,60.0,0.0,0.0,0.0,0.0,0.0
2026-05-17T18:17:00,ERR,ERR,ERR,ERR,ERR,ERR,ERR,ERR,ERR,ERR,ERR,ERR,ERR,ERR,ERR,ERR,ERR,ERR,ERR,ERR,ERR,ERR,ERR,ERR,ERR,ERR,ERR,ERR,ERR,ERR,ERR,ERR,ERR,ERR,ERR,ERR,ERR,ERR,ERR,ERR,ERR,ERR,ERR,ERR,ERR,ERR,ERR,ERR,ERR,ERR,ERR,ERR,ERR,ERR,ERR,ERR,ERR,ERR,ERR,ERR,ERR,ERR,ERR,ERR,ERR,ERR,ERR,ERR,ERR,ERR,ERR,ERR,ERR,ERR,ERR,ERR,ERR,ERR,ERR,ERR,ERR,ERR,ERR,ERR,ERR,ERR,ERR,ERR,ERR,ERR,ERR,ERR,ERR,ERR,ERR,ERR,ERR,ERR,ERR,ERR,ERR,ERR,ERR,ERR,ERR,ERR,ERR,ERR,ERR,ERR,ERR,ERR,ERR,ERR,ERR,ERR,ERR,ERR,ERR,ERR,ERR,ERR,ERR,ERR,ERR,0.0,-107615296.0,-134474944.0,0.0,0.0,1.3936040501711995e+18,7.805,0.0,0,0,4,0,8422,0.0,45,0.0,0.0,0.0,0.0,0.0,0,0,0,0,0.0,0,0,0,0,0,0,0,0,0,0,0,0,0,0,0,0,0,0,0,0,0,0,0,0,0,0,0,0,0,0,0,0,0,38,14,7,45,65476,0,300,0,0,8,21553,0.0,-107605600.0,0.0,0.0,0.0,0.0,0.0,0.0,0.0,0.0,0.0,0.0,0.0,0.0,0.0,0.0,0.0,0.0,0.0,0.0,0.0,0.0,0.0,0.0,-0.0,0.0,0.0,0.0,0.0,0.0,5048.0,-0.0,0.0,0.0,-107615296.0,-107615280.0,2.718429300292151e+23,0.0,0.0,0.0,0.0,53,-0.0,-107614792.0,0.0,0.0,0.0,0.0,0.0,0.0,0.0,0,0,0,0.0,0.0,0.0,0.0,0.0,0.0,0.0,0.0,0.0,0.0,0.0,0.0,0.0,0.0,0.0,0.0,0,-107875648.0,53,0.0,106,-107614832.0,0.0,ERR,ERR,ERR,ERR,ERR,ERR,ERR,ERR,ERR,ERR,ERR,ERR,ERR,ERR,ERR,ERR,ERR,ERR,ERR,ERR,ERR,ERR,ERR,ERR,ERR,ERR,ERR,ERR,ERR,ERR,ERR,ERR,ERR,ERR,ERR,ERR,ERR,ERR,ERR,ERR,ERR,ERR,ERR,ERR,ERR,ERR,ERR,ERR,ERR,ERR,ERR,ERR,ERR,ERR,ERR,ERR,ERR,ERR,ERR,ERR,ERR,ERR,ERR,ERR,ERR,ERR,ERR,50.0,60.0,100,0.0,0.0,0.0,0.0,0.0,0.0,0.0,0.0,0.0,0.0,0.0,0.0,0.0,0.0,0.0,0.0,61.6,74,13,65512,50,65476,0,300,0,0,8,20529,65476,0,0,26214,60.0,0.0,0.0,0.0,0.0,0.0
2026-05-17T18:17:01,ERR,ERR,ERR,ERR,ERR,ERR,ERR,ERR,ERR,ERR,ERR,ERR,ERR,ERR,ERR,ERR,ERR,ERR,ERR,ERR,ERR,ERR,ERR,ERR,ERR,ERR,ERR,ERR,ERR,ERR,ERR,ERR,ERR,ERR,ERR,ERR,ERR,ERR,ERR,ERR,ERR,ERR,ERR,ERR,ERR,ERR,ERR,ERR,ERR,ERR,ERR,ERR,ERR,ERR,ERR,ERR,ERR,ERR,ERR,ERR,ERR,ERR,ERR,ERR,ERR,ERR,ERR,ERR,ERR,ERR,ERR,ERR,ERR,ERR,ERR,ERR,ERR,ERR,ERR,ERR,ERR,ERR,ERR,ERR,ERR,ERR,ERR,ERR,ERR,ERR,ERR,ERR,ERR,ERR,ERR,ERR,ERR,ERR,ERR,ERR,ERR,ERR,ERR,ERR,ERR,ERR,ERR,ERR,ERR,ERR,ERR,ERR,ERR,ERR,ERR,ERR,ERR,ERR,ERR,ERR,ERR,ERR,ERR,ERR,ERR,0.0,-107615296.0,-134474944.0,0.0,0.0,1.3936040501711995e+18,7.805,0.0,0,0,4,0,8422,0.0,45,0.0,0.0,0.0,0.0,0.0,0,0,0,0,0.0,0,0,0,0,0,0,0,0,0,0,0,0,0,0,0,0,0,0,0,0,0,0,0,0,0,0,0,0,0,0,0,0,0,38,14,7,45,65476,0,300,0,0,8,21553,0.0,-107605600.0,0.0,0.0,0.0,0.0,0.0,0.0,0.0,0.0,0.0,0.0,0.0,0.0,0.0,0.0,0.0,0.0,0.0,0.0,0.0,0.0,0.0,0.0,-0.0,0.0,0.0,0.0,0.0,0.0,5048.0,-0.0,0.0,0.0,-107615296.0,-107615280.0,2.718429300292151e+23,0.0,0.0,0.0,0.0,53,-0.0,-107614792.0,0.0,0.0,0.0,0.0,0.0,0.0,0.0,0,0,0,0.0,0.0,0.0,0.0,0.0,0.0,0.0,0.0,0.0,0.0,0.0,0.0,0.0,0.0,0.0,0.0,0,-107875648.0,53,0.0,106,-107614832.0,0.0,ERR,ERR,ERR,ERR,ERR,ERR,ERR,ERR,ERR,ERR,ERR,ERR,ERR,ERR,ERR,ERR,ERR,ERR,ERR,ERR,ERR,ERR,ERR,ERR,ERR,ERR,ERR,ERR,ERR,ERR,ERR,ERR,ERR,ERR,ERR,ERR,ERR,ERR,ERR,ERR,ERR,ERR,ERR,ERR,ERR,ERR,ERR,ERR,ERR,ERR,ERR,ERR,ERR,ERR,ERR,ERR,ERR,ERR,ERR,ERR,ERR,ERR,ERR,ERR,ERR,ERR,ERR,50.0,60.0,100,0.0,0.0,0.0,0.0,0.0,0.0,0.0,0.0,0.0,0.0,0.0,0.0,0.0,0.0,0.0,0.0,61.6,74,13,65512,50,65476,0,300,0,0,8,20529,65476,0,0,26214,60.0,0.0,0.0,0.0,0.0,0.0
2026-05-17T18:17:02,ERR,ERR,ERR,ERR,ERR,ERR,ERR,ERR,ERR,ERR,ERR,ERR,ERR,ERR,ERR,ERR,ERR,ERR,ERR,ERR,ERR,ERR,ERR,ERR,ERR,ERR,ERR,ERR,ERR,ERR,ERR,ERR,ERR,ERR,ERR,ERR,ERR,ERR,ERR,ERR,ERR,ERR,ERR,ERR,ERR,ERR,ERR,ERR,ERR,ERR,ERR,ERR,ERR,ERR,ERR,ERR,ERR,ERR,ERR,ERR,ERR,ERR,ERR,ERR,ERR,ERR,ERR,ERR,ERR,ERR,ERR,ERR,ERR,ERR,ERR,ERR,ERR,ERR,ERR,ERR,ERR,ERR,ERR,ERR,ERR,ERR,ERR,ERR,ERR,ERR,ERR,ERR,ERR,ERR,ERR,ERR,ERR,ERR,ERR,ERR,ERR,ERR,ERR,ERR,ERR,ERR,ERR,ERR,ERR,ERR,ERR,ERR,ERR,ERR,ERR,ERR,ERR,ERR,ERR,ERR,ERR,ERR,ERR,ERR,ERR,0.0,-107615296.0,-134474944.0,0.0,0.0,1.3936040501711995e+18,7.805,0.0,0,0,4,0,8422,0.0,45,0.0,0.0,0.0,0.0,0.0,0,0,0,0,0.0,0,0,0,0,0,0,0,0,0,0,0,0,0,0,0,0,0,0,0,0,0,0,0,0,0,0,0,0,0,0,0,0,0,38,14,7,45,65476,0,300,0,0,8,21553,0.0,-107605600.0,0.0,0.0,0.0,0.0,0.0,0.0,0.0,0.0,0.0,0.0,0.0,0.0,0.0,0.0,0.0,0.0,0.0,0.0,0.0,0.0,0.0,0.0,-0.0,0.0,0.0,0.0,0.0,0.0,5048.0,-0.0,0.0,0.0,-107615296.0,-107615280.0,2.718429300292151e+23,0.0,0.0,0.0,0.0,53,-0.0,-107614792.0,0.0,0.0,0.0,0.0,0.0,0.0,0.0,0,0,0,0.0,0.0,0.0,0.0,0.0,0.0,0.0,0.0,0.0,0.0,0.0,0.0,0.0,0.0,0.0,0.0,0,-107875648.0,53,0.0,106,-107614832.0,0.0,ERR,ERR,ERR,ERR,ERR,ERR,ERR,ERR,ERR,ERR,ERR,ERR,ERR,ERR,ERR,ERR,ERR,ERR,ERR,ERR,ERR,ERR,ERR,ERR,ERR,ERR,ERR,ERR,ERR,ERR,ERR,ERR,ERR,ERR,ERR,ERR,ERR,ERR,ERR,ERR,ERR,ERR,ERR,ERR,ERR,ERR,ERR,ERR,ERR,ERR,ERR,ERR,ERR,ERR,ERR,ERR,ERR,ERR,ERR,ERR,ERR,ERR,ERR,ERR,ERR,ERR,ERR,50.0,60.0,100,0.0,0.0,0.0,0.0,0.0,0.0,0.0,0.0,0.0,0.0,0.0,0.0,0.0,0.0,0.0,0.0,61.6,74,13,65512,50,65476,0,300,0,0,8,20529,65476,0,0,26214,60.0,0.0,0.0,0.0,0.0,0.0
2026-05-17T18:17:03,ERR,ERR,ERR,ERR,ERR,ERR,ERR,ERR,ERR,ERR,ERR,ERR,ERR,ERR,ERR,ERR,ERR,ERR,ERR,ERR,ERR,ERR,ERR,ERR,ERR,ERR,ERR,ERR,ERR,ERR,ERR,ERR,ERR,ERR,ERR,ERR,ERR,ERR,ERR,ERR,ERR,ERR,ERR,ERR,ERR,ERR,ERR,ERR,ERR,ERR,ERR,ERR,ERR,ERR,ERR,ERR,ERR,ERR,ERR,ERR,ERR,ERR,ERR,ERR,ERR,ERR,ERR,ERR,ERR,ERR,ERR,ERR,ERR,ERR,ERR,ERR,ERR,ERR,ERR,ERR,ERR,ERR,ERR,ERR,ERR,ERR,ERR,ERR,ERR,ERR,ERR,ERR,ERR,ERR,ERR,ERR,ERR,ERR,ERR,ERR,ERR,ERR,ERR,ERR,ERR,ERR,ERR,ERR,ERR,ERR,ERR,ERR,ERR,ERR,ERR,ERR,ERR,ERR,ERR,ERR,ERR,ERR,ERR,ERR,ERR,0.0,-107615296.0,-134474944.0,0.0,0.0,1.3936040501711995e+18,7.805,0.0,0,0,4,0,8422,0.0,45,0.0,0.0,0.0,0.0,0.0,0,0,0,0,0.0,0,0,0,0,0,0,0,0,0,0,0,0,0,0,0,0,0,0,0,0,0,0,0,0,0,0,0,0,0,0,0,0,0,38,14,7,45,65476,0,300,0,0,8,21553,0.0,-107605600.0,0.0,0.0,0.0,0.0,0.0,0.0,0.0,0.0,0.0,0.0,0.0,0.0,0.0,0.0,0.0,0.0,0.0,0.0,0.0,0.0,0.0,0.0,-0.0,0.0,0.0,0.0,0.0,0.0,5048.0,-0.0,0.0,0.0,-107615296.0,-107615280.0,2.718429300292151e+23,0.0,0.0,0.0,0.0,53,-0.0,-107614792.0,0.0,0.0,0.0,0.0,0.0,0.0,0.0,0,0,0,0.0,0.0,0.0,0.0,0.0,0.0,0.0,0.0,0.0,0.0,0.0,0.0,0.0,0.0,0.0,0.0,0,-107875648.0,53,0.0,106,-107614832.0,0.0,ERR,ERR,ERR,ERR,ERR,ERR,ERR,ERR,ERR,ERR,ERR,ERR,ERR,ERR,ERR,ERR,ERR,ERR,ERR,ERR,ERR,ERR,ERR,ERR,ERR,ERR,ERR,ERR,ERR,ERR,ERR,ERR,ERR,ERR,ERR,ERR,ERR,ERR,ERR,ERR,ERR,ERR,ERR,ERR,ERR,ERR,ERR,ERR,ERR,ERR,ERR,ERR,ERR,ERR,ERR,ERR,ERR,ERR,ERR,ERR,ERR,ERR,ERR,ERR,ERR,ERR,ERR,50.0,60.0,100,0.0,0.0,0.0,0.0,0.0,0.0,0.0,0.0,0.0,0.0,0.0,0.0,0.0,0.0,0.0,0.0,61.6,74,13,65512,50,65476,0,300,0,0,8,20529,65476,0,0,26214,60.0,0.0,0.0,0.0,0.0,0.0
2026-05-17T18:17:04,ERR,ERR,ERR,ERR,ERR,ERR,ERR,ERR,ERR,ERR,ERR,ERR,ERR,ERR,ERR,ERR,ERR,ERR,ERR,ERR,ERR,ERR,ERR,ERR,ERR,ERR,ERR,ERR,ERR,ERR,ERR,ERR,ERR,ERR,ERR,ERR,ERR,ERR,ERR,ERR,ERR,ERR,ERR,ERR,ERR,ERR,ERR,ERR,ERR,ERR,ERR,ERR,ERR,ERR,ERR,ERR,ERR,ERR,ERR,ERR,ERR,ERR,ERR,ERR,ERR,ERR,ERR,ERR,ERR,ERR,ERR,ERR,ERR,ERR,ERR,ERR,ERR,ERR,ERR,ERR,ERR,ERR,ERR,ERR,ERR,ERR,ERR,ERR,ERR,ERR,ERR,ERR,ERR,ERR,ERR,ERR,ERR,ERR,ERR,ERR,ERR,ERR,ERR,ERR,ERR,ERR,ERR,ERR,ERR,ERR,ERR,ERR,ERR,ERR,ERR,ERR,ERR,ERR,ERR,ERR,ERR,ERR,ERR,ERR,ERR,0.0,-107615296.0,-134474944.0,0.0,0.0,1.3936040501711995e+18,7.805,0.0,0,0,4,0,8422,0.0,45,0.0,0.0,0.0,0.0,0.0,0,0,0,0,0.0,0,0,0,0,0,0,0,0,0,0,0,0,0,0,0,0,0,0,0,0,0,0,0,0,0,0,0,0,0,0,0,0,0,38,14,7,45,65476,0,300,0,0,8,21553,0.0,-107605600.0,0.0,0.0,0.0,0.0,0.0,0.0,0.0,0.0,0.0,0.0,0.0,0.0,0.0,0.0,0.0,0.0,0.0,0.0,0.0,0.0,0.0,0.0,-0.0,0.0,0.0,0.0,0.0,0.0,5048.0,-0.0,0.0,0.0,-107615296.0,-107615280.0,2.718429300292151e+23,0.0,0.0,0.0,0.0,53,-0.0,-107614792.0,0.0,0.0,0.0,0.0,0.0,0.0,0.0,0,0,0,0.0,0.0,0.0,0.0,0.0,0.0,0.0,0.0,0.0,0.0,0.0,0.0,0.0,0.0,0.0,0.0,0,-107875648.0,53,0.0,106,-107614832.0,0.0,ERR,ERR,ERR,ERR,ERR,ERR,ERR,ERR,ERR,ERR,ERR,ERR,ERR,ERR,ERR,ERR,ERR,ERR,ERR,ERR,ERR,ERR,ERR,ERR,ERR,ERR,ERR,ERR,ERR,ERR,ERR,ERR,ERR,ERR,ERR,ERR,ERR,ERR,ERR,ERR,ERR,ERR,ERR,ERR,ERR,ERR,ERR,ERR,ERR,ERR,ERR,ERR,ERR,ERR,ERR,ERR,ERR,ERR,ERR,ERR,ERR,ERR,ERR,ERR,ERR,ERR,ERR,50.0,60.0,100,0.0,0.0,0.0,0.0,0.0,0.0,0.0,0.0,0.0,0.0,0.0,0.0,0.0,0.0,0.0,0.0,62.0,74,13,65512,50,65476,0,300,0,0,8,20529,65476,0,0,26214,60.0,0.0,0.0,0.0,0.0,0.0
2026-05-17T18:17:05,ERR,ERR,ERR,ERR,ERR,ERR,ERR,ERR,ERR,ERR,ERR,ERR,ERR,ERR,ERR,ERR,ERR,ERR,ERR,ERR,ERR,ERR,ERR,ERR,ERR,ERR,ERR,ERR,ERR,ERR,ERR,ERR,ERR,ERR,ERR,ERR,ERR,ERR,ERR,ERR,ERR,ERR,ERR,ERR,ERR,ERR,ERR,ERR,ERR,ERR,ERR,ERR,ERR,ERR,ERR,ERR,ERR,ERR,ERR,ERR,ERR,ERR,ERR,ERR,ERR,ERR,ERR,ERR,ERR,ERR,ERR,ERR,ERR,ERR,ERR,ERR,ERR,ERR,ERR,ERR,ERR,ERR,ERR,ERR,ERR,ERR,ERR,ERR,ERR,ERR,ERR,ERR,ERR,ERR,ERR,ERR,ERR,ERR,ERR,ERR,ERR,ERR,ERR,ERR,ERR,ERR,ERR,ERR,ERR,ERR,ERR,ERR,ERR,ERR,ERR,ERR,ERR,ERR,ERR,ERR,ERR,ERR,ERR,ERR,ERR,0.0,-107615296.0,-134474944.0,0.0,0.0,1.3936040501711995e+18,7.805,0.0,0,0,4,0,8422,0.0,45,0.0,0.0,0.0,0.0,0.0,0,0,0,0,0.0,0,0,0,0,0,0,0,0,0,0,0,0,0,0,0,0,0,0,0,0,0,0,0,0,0,0,0,0,0,0,0,0,0,38,14,7,45,65476,0,300,0,0,8,21553,0.0,-107605600.0,0.0,0.0,0.0,0.0,0.0,0.0,0.0,0.0,0.0,0.0,0.0,0.0,0.0,0.0,0.0,0.0,0.0,0.0,0.0,0.0,0.0,0.0,-0.0,0.0,0.0,0.0,0.0,0.0,5046.0,-2.004,0.0,0.0,-107615296.0,-107615280.0,2.718429300292151e+23,0.0,0.0,0.0,0.0,53,-0.0,0.0,0.0,0.0,0.0,0.0,0.0,0.0,0.0,0,0,0,0.0,0.0,0.0,0.0,0.0,0.0,0.0,0.0,0.0,0.0,0.0,0.0,0.0,0.0,0.0,0.0,0,-107875648.0,53,0.0,106,-107614832.0,0.0,ERR,ERR,ERR,ERR,ERR,ERR,ERR,ERR,ERR,ERR,ERR,ERR,ERR,ERR,ERR,ERR,ERR,ERR,ERR,ERR,ERR,ERR,ERR,ERR,ERR,ERR,ERR,ERR,ERR,ERR,ERR,ERR,ERR,ERR,ERR,ERR,ERR,ERR,ERR,ERR,ERR,ERR,ERR,ERR,ERR,ERR,ERR,ERR,ERR,ERR,ERR,ERR,ERR,ERR,ERR,ERR,ERR,ERR,ERR,ERR,ERR,ERR,ERR,ERR,ERR,ERR,ERR,50.0,60.0,100,0.0,0.0,0.0,0.0,0.0,0.0,0.0,0.0,0.0,0.0,0.0,0.0,0.0,0.0,0.0,0.0,61.6,74,13,65512,50,65476,0,300,0,0,8,20529,65476,0,0,26214,60.0,0.0,0.0,0.0,0.0,0.0
2026-05-17T18:17:06,ERR,ERR,ERR,ERR,ERR,ERR,ERR,ERR,ERR,ERR,ERR,ERR,ERR,ERR,ERR,ERR,ERR,ERR,ERR,ERR,ERR,ERR,ERR,ERR,ERR,ERR,ERR,ERR,ERR,ERR,ERR,ERR,ERR,ERR,ERR,ERR,ERR,ERR,ERR,ERR,ERR,ERR,ERR,ERR,ERR,ERR,ERR,ERR,ERR,ERR,ERR,ERR,ERR,ERR,ERR,ERR,ERR,ERR,ERR,ERR,ERR,ERR,ERR,ERR,ERR,ERR,ERR,ERR,ERR,ERR,ERR,ERR,ERR,ERR,ERR,ERR,ERR,ERR,ERR,ERR,ERR,ERR,ERR,ERR,ERR,ERR,ERR,ERR,ERR,ERR,ERR,ERR,ERR,ERR,ERR,ERR,ERR,ERR,ERR,ERR,ERR,ERR,ERR,ERR,ERR,ERR,ERR,ERR,ERR,ERR,ERR,ERR,ERR,ERR,ERR,ERR,ERR,ERR,ERR,ERR,ERR,ERR,ERR,ERR,ERR,0.0,-107615296.0,-134474944.0,0.0,0.0,1.3936040501711995e+18,7.805,0.0,0,0,4,0,8422,0.0,45,0.0,0.0,0.0,0.0,0.0,0,0,0,0,0.0,0,0,0,0,0,0,0,0,0,0,0,0,0,0,0,0,0,0,0,0,0,0,0,0,0,0,0,0,0,0,0,0,0,38,14,7,45,65476,0,300,0,0,8,21553,0.0,-107605600.0,0.0,0.0,0.0,0.0,0.0,0.0,0.0,0.0,0.0,0.0,0.0,0.0,0.0,0.0,0.0,0.0,0.0,0.0,0.0,0.0,0.0,0.0,-0.0,0.0,0.0,0.0,0.0,0.0,5046.0,-2.004,0.0,0.0,-107615296.0,-107615280.0,2.718429300292151e+23,0.0,0.0,0.0,0.0,53,-0.0,0.0,0.0,0.0,0.0,0.0,0.0,0.0,0.0,0,0,0,0.0,0.0,0.0,0.0,0.0,0.0,0.0,0.0,0.0,0.0,0.0,0.0,0.0,0.0,0.0,0.0,0,-107875648.0,53,0.0,106,-107614832.0,0.0,ERR,ERR,ERR,ERR,ERR,ERR,ERR,ERR,ERR,ERR,ERR,ERR,ERR,ERR,ERR,ERR,ERR,ERR,ERR,ERR,ERR,ERR,ERR,ERR,ERR,ERR,ERR,ERR,ERR,ERR,ERR,ERR,ERR,ERR,ERR,ERR,ERR,ERR,ERR,ERR,ERR,ERR,ERR,ERR,ERR,ERR,ERR,ERR,ERR,ERR,ERR,ERR,ERR,ERR,ERR,ERR,ERR,ERR,ERR,ERR,ERR,ERR,ERR,ERR,ERR,ERR,ERR,50.0,60.0,100,0.0,0.0,0.0,0.0,0.0,0.0,0.0,0.0,0.0,0.0,0.0,0.0,0.0,0.0,0.0,0.0,61.6,74,13,65512,50,65476,0,300,0,0,8,20529,65476,0,0,26214,60.0,0.0,0.0,0.0,0.0,0.0
2026-05-17T18:17:07,ERR,ERR,ERR,ERR,ERR,ERR,ERR,ERR,ERR,ERR,ERR,ERR,ERR,ERR,ERR,ERR,ERR,ERR,ERR,ERR,ERR,ERR,ERR,ERR,ERR,ERR,ERR,ERR,ERR,ERR,ERR,ERR,ERR,ERR,ERR,ERR,ERR,ERR,ERR,ERR,ERR,ERR,ERR,ERR,ERR,ERR,ERR,ERR,ERR,ERR,ERR,ERR,ERR,ERR,ERR,ERR,ERR,ERR,ERR,ERR,ERR,ERR,ERR,ERR,ERR,ERR,ERR,ERR,ERR,ERR,ERR,ERR,ERR,ERR,ERR,ERR,ERR,ERR,ERR,ERR,ERR,ERR,ERR,ERR,ERR,ERR,ERR,ERR,ERR,ERR,ERR,ERR,ERR,ERR,ERR,ERR,ERR,ERR,ERR,ERR,ERR,ERR,ERR,ERR,ERR,ERR,ERR,ERR,ERR,ERR,ERR,ERR,ERR,ERR,ERR,ERR,ERR,ERR,ERR,ERR,ERR,ERR,ERR,ERR,ERR,0.0,-107615296.0,-134474944.0,0.0,0.0,1.3936040501711995e+18,7.805,0.0,0,0,4,0,8422,0.0,45,0.0,0.0,0.0,0.0,0.0,0,0,0,0,0.0,0,0,0,0,0,0,0,0,0,0,0,0,0,0,0,0,0,0,0,0,0,0,0,0,0,0,0,0,0,0,0,0,0,38,14,7,45,65476,0,300,0,0,8,21553,0.0,-107605600.0,0.0,0.0,0.0,0.0,0.0,0.0,0.0,0.0,0.0,0.0,0.0,0.0,0.0,0.0,0.0,0.0,0.0,0.0,0.0,0.0,0.0,0.0,-0.0,0.0,0.0,0.0,0.0,0.0,5046.0,-2.004,0.0,0.0,-107615296.0,-107615280.0,2.718429300292151e+23,0.0,0.0,0.0,0.0,53,-0.0,0.0,0.0,0.0,0.0,0.0,0.0,0.0,0.0,0,0,0,0.0,0.0,0.0,0.0,0.0,0.0,0.0,0.0,0.0,0.0,0.0,0.0,0.0,0.0,0.0,0.0,0,-107875648.0,53,0.0,106,-107614832.0,0.0,ERR,ERR,ERR,ERR,ERR,ERR,ERR,ERR,ERR,ERR,ERR,ERR,ERR,ERR,ERR,ERR,ERR,ERR,ERR,ERR,ERR,ERR,ERR,ERR,ERR,ERR,ERR,ERR,ERR,ERR,ERR,ERR,ERR,ERR,ERR,ERR,ERR,ERR,ERR,ERR,ERR,ERR,ERR,ERR,ERR,ERR,ERR,ERR,ERR,ERR,ERR,ERR,ERR,ERR,ERR,ERR,ERR,ERR,ERR,ERR,ERR,ERR,ERR,ERR,ERR,ERR,ERR,50.0,60.0,100,0.0,0.0,0.0,0.0,0.0,0.0,0.0,0.0,0.0,0.0,0.0,0.0,0.0,0.0,0.0,0.0,61.6,74,13,65512,50,65476,0,300,0,0,8,20529,65476,0,0,26214,60.0,0.0,0.0,0.0,0.0,0.0
2026-05-17T18:17:08,ERR,ERR,ERR,ERR,ERR,ERR,ERR,ERR,ERR,ERR,ERR,ERR,ERR,ERR,ERR,ERR,ERR,ERR,ERR,ERR,ERR,ERR,ERR,ERR,ERR,ERR,ERR,ERR,ERR,ERR,ERR,ERR,ERR,ERR,ERR,ERR,ERR,ERR,ERR,ERR,ERR,ERR,ERR,ERR,ERR,ERR,ERR,ERR,ERR,ERR,ERR,ERR,ERR,ERR,ERR,ERR,ERR,ERR,ERR,ERR,ERR,ERR,ERR,ERR,ERR,ERR,ERR,ERR,ERR,ERR,ERR,ERR,ERR,ERR,ERR,ERR,ERR,ERR,ERR,ERR,ERR,ERR,ERR,ERR,ERR,ERR,ERR,ERR,ERR,ERR,ERR,ERR,ERR,ERR,ERR,ERR,ERR,ERR,ERR,ERR,ERR,ERR,ERR,ERR,ERR,ERR,ERR,ERR,ERR,ERR,ERR,ERR,ERR,ERR,ERR,ERR,ERR,ERR,ERR,ERR,ERR,ERR,ERR,ERR,ERR,0.0,-107615296.0,-134474944.0,0.0,0.0,1.3936040501711995e+18,7.805,0.0,0,0,4,0,8422,0.0,45,0.0,0.0,0.0,0.0,0.0,0,0,0,0,0.0,0,0,0,0,0,0,0,0,0,0,0,0,0,0,0,0,0,0,0,0,0,0,0,0,0,0,0,0,0,0,0,0,0,38,14,7,45,65476,0,300,0,0,8,21553,0.0,-107605600.0,0.0,0.0,0.0,0.0,0.0,0.0,0.0,0.0,0.0,0.0,0.0,0.0,0.0,0.0,0.0,0.0,0.0,0.0,0.0,0.0,0.0,0.0,-0.0,0.0,0.0,0.0,0.0,0.0,5046.0,-2.004,0.0,0.0,-107615296.0,-107615280.0,2.718429300292151e+23,0.0,0.0,0.0,0.0,53,-0.0,0.0,0.0,0.0,0.0,0.0,0.0,0.0,0.0,0,0,0,0.0,0.0,0.0,0.0,0.0,0.0,0.0,0.0,0.0,0.0,0.0,0.0,0.0,0.0,0.0,0.0,0,-107875648.0,53,0.0,106,-107614832.0,0.0,ERR,ERR,ERR,ERR,ERR,ERR,ERR,ERR,ERR,ERR,ERR,ERR,ERR,ERR,ERR,ERR,ERR,ERR,ERR,ERR,ERR,ERR,ERR,ERR,ERR,ERR,ERR,ERR,ERR,ERR,ERR,ERR,ERR,ERR,ERR,ERR,ERR,ERR,ERR,ERR,ERR,ERR,ERR,ERR,ERR,ERR,ERR,ERR,ERR,ERR,ERR,ERR,ERR,ERR,ERR,ERR,ERR,ERR,ERR,ERR,ERR,ERR,ERR,ERR,ERR,ERR,ERR,50.0,60.0,100,0.0,0.0,0.0,0.0,0.0,0.0,0.0,0.0,0.0,0.0,0.0,0.0,0.0,0.0,0.0,0.0,61.6,74,13,65512,50,65476,0,300,0,0,8,20529,65476,0,0,26214,60.0,0.0,0.0,0.0,0.0,0.0
2026-05-17T18:17:09,ERR,ERR,ERR,ERR,ERR,ERR,ERR,ERR,ERR,ERR,ERR,ERR,ERR,ERR,ERR,ERR,ERR,ERR,ERR,ERR,ERR,ERR,ERR,ERR,ERR,ERR,ERR,ERR,ERR,ERR,ERR,ERR,ERR,ERR,ERR,ERR,ERR,ERR,ERR,ERR,ERR,ERR,ERR,ERR,ERR,ERR,ERR,ERR,ERR,ERR,ERR,ERR,ERR,ERR,ERR,ERR,ERR,ERR,ERR,ERR,ERR,ERR,ERR,ERR,ERR,ERR,ERR,ERR,ERR,ERR,ERR,ERR,ERR,ERR,ERR,ERR,ERR,ERR,ERR,ERR,ERR,ERR,ERR,ERR,ERR,ERR,ERR,ERR,ERR,ERR,ERR,ERR,ERR,ERR,ERR,ERR,ERR,ERR,ERR,ERR,ERR,ERR,ERR,ERR,ERR,ERR,ERR,ERR,ERR,ERR,ERR,ERR,ERR,ERR,ERR,ERR,ERR,ERR,ERR,ERR,ERR,ERR,ERR,ERR,ERR,0.0,-107615296.0,-134474944.0,0.0,0.0,1.3936040501711995e+18,7.805,0.0,0,0,4,0,8422,0.0,45,0.0,0.0,0.0,0.0,0.0,0,0,0,0,0.0,0,0,0,0,0,0,0,0,0,0,0,0,0,0,0,0,0,0,0,0,0,0,0,0,0,0,0,0,0,0,0,0,0,38,14,7,45,65476,0,300,0,0,8,21553,0.0,-107605600.0,0.0,0.0,0.0,0.0,0.0,0.0,0.0,0.0,0.0,0.0,0.0,0.0,0.0,0.0,0.0,0.0,0.0,0.0,0.0,0.0,0.0,0.0,-0.0,0.0,0.0,0.0,0.0,0.0,5046.0,-2.004,0.0,0.0,-107615296.0,-107615280.0,2.718429300292151e+23,0.0,0.0,0.0,0.0,53,-0.0,0.0,0.0,0.0,0.0,0.0,0.0,0.0,0.0,0,0,0,0.0,0.0,0.0,0.0,0.0,0.0,0.0,0.0,0.0,0.0,0.0,0.0,0.0,0.0,0.0,0.0,0,-107875648.0,53,0.0,106,-107614832.0,0.0,ERR,ERR,ERR,ERR,ERR,ERR,ERR,ERR,ERR,ERR,ERR,ERR,ERR,ERR,ERR,ERR,ERR,ERR,ERR,ERR,ERR,ERR,ERR,ERR,ERR,ERR,ERR,ERR,ERR,ERR,ERR,ERR,ERR,ERR,ERR,ERR,ERR,ERR,ERR,ERR,ERR,ERR,ERR,ERR,ERR,ERR,ERR,ERR,ERR,ERR,ERR,ERR,ERR,ERR,ERR,ERR,ERR,ERR,ERR,ERR,ERR,ERR,ERR,ERR,ERR,ERR,ERR,50.0,60.0,100,0.0,0.0,0.0,0.0,0.0,0.0,0.0,0.0,0.0,0.0,0.0,0.0,0.0,0.0,0.0,0.0,62.0,74,13,65512,50,65476,0,300,0,0,8,20529,65476,0,0,26214,60.0,0.0,0.0,0.0,0.0,0.0
2026-05-17T18:17:10,ERR,ERR,ERR,ERR,ERR,ERR,ERR,ERR,ERR,ERR,ERR,ERR,ERR,ERR,ERR,ERR,ERR,ERR,ERR,ERR,ERR,ERR,ERR,ERR,ERR,ERR,ERR,ERR,ERR,ERR,ERR,ERR,ERR,ERR,ERR,ERR,ERR,ERR,ERR,ERR,ERR,ERR,ERR,ERR,ERR,ERR,ERR,ERR,ERR,ERR,ERR,ERR,ERR,ERR,ERR,ERR,ERR,ERR,ERR,ERR,ERR,ERR,ERR,ERR,ERR,ERR,ERR,ERR,ERR,ERR,ERR,ERR,ERR,ERR,ERR,ERR,ERR,ERR,ERR,ERR,ERR,ERR,ERR,ERR,ERR,ERR,ERR,ERR,ERR,ERR,ERR,ERR,ERR,ERR,ERR,ERR,ERR,ERR,ERR,ERR,ERR,ERR,ERR,ERR,ERR,ERR,ERR,ERR,ERR,ERR,ERR,ERR,ERR,ERR,ERR,ERR,ERR,ERR,ERR,ERR,ERR,ERR,ERR,ERR,ERR,0.0,-107615296.0,-134474944.0,0.0,0.0,1.3936040501711995e+18,7.805,0.0,0,0,4,0,8422,0.0,45,0.0,0.0,0.0,0.0,0.0,0,0,0,0,0.0,0,0,0,0,0,0,0,0,0,0,0,0,0,0,0,0,0,0,0,0,0,0,0,0,0,0,0,0,0,0,0,0,0,38,14,7,45,65476,0,300,0,0,8,21553,0.0,-107605600.0,0.0,0.0,0.0,0.0,0.0,0.0,0.0,0.0,0.0,0.0,0.0,0.0,0.0,0.0,0.0,0.0,0.0,0.0,0.0,0.0,0.0,0.0,-0.0,0.0,0.0,0.0,0.0,0.0,5047.0,-131350.453,0.0,0.0,-107615296.0,-107615280.0,2.718429300292151e+23,0.0,0.0,0.0,0.0,53,-0.0,-3.222003136178649e+26,0.0,0.0,0.0,0.0,0.0,0.0,0.0,0,0,0,0.0,0.0,0.0,0.0,0.0,0.0,0.0,0.0,0.0,0.0,0.0,0.0,0.0,0.0,0.0,0.0,0,-107875648.0,53,0.0,106,-107614832.0,0.0,ERR,ERR,ERR,ERR,ERR,ERR,ERR,ERR,ERR,ERR,ERR,ERR,ERR,ERR,ERR,ERR,ERR,ERR,ERR,ERR,ERR,ERR,ERR,ERR,ERR,ERR,ERR,ERR,ERR,ERR,ERR,ERR,ERR,ERR,ERR,ERR,ERR,ERR,ERR,ERR,ERR,ERR,ERR,ERR,ERR,ERR,ERR,ERR,ERR,ERR,ERR,ERR,ERR,ERR,ERR,ERR,ERR,ERR,ERR,ERR,ERR,ERR,ERR,ERR,ERR,ERR,ERR,50.0,60.0,100,0.0,0.0,0.0,0.0,0.0,0.0,0.0,0.0,0.0,0.0,0.0,0.0,0.0,0.0,0.0,0.0,62.0,74,13,65512,50,65476,0,300,0,0,8,20529,65476,0,0,26214,60.0,0.0,0.0,0.0,0.0,0.0
2026-05-17T18:17:11,ERR,ERR,ERR,ERR,ERR,ERR,ERR,ERR,ERR,ERR,ERR,ERR,ERR,ERR,ERR,ERR,ERR,ERR,ERR,ERR,ERR,ERR,ERR,ERR,ERR,ERR,ERR,ERR,ERR,ERR,ERR,ERR,ERR,ERR,ERR,ERR,ERR,ERR,ERR,ERR,ERR,ERR,ERR,ERR,ERR,ERR,ERR,ERR,ERR,ERR,ERR,ERR,ERR,ERR,ERR,ERR,ERR,ERR,ERR,ERR,ERR,ERR,ERR,ERR,ERR,ERR,ERR,ERR,ERR,ERR,ERR,ERR,ERR,ERR,ERR,ERR,ERR,ERR,ERR,ERR,ERR,ERR,ERR,ERR,ERR,ERR,ERR,ERR,ERR,ERR,ERR,ERR,ERR,ERR,ERR,ERR,ERR,ERR,ERR,ERR,ERR,ERR,ERR,ERR,ERR,ERR,ERR,ERR,ERR,ERR,ERR,ERR,ERR,ERR,ERR,ERR,ERR,ERR,ERR,ERR,ERR,ERR,ERR,ERR,ERR,0.0,-107615296.0,-134474944.0,0.0,0.0,1.3936040501711995e+18,7.805,0.0,0,0,4,0,8422,0.0,45,0.0,0.0,0.0,0.0,0.0,0,0,0,0,0.0,0,0,0,0,0,0,0,0,0,0,0,0,0,0,0,0,0,0,0,0,0,0,0,0,0,0,0,0,0,0,0,0,0,38,14,7,45,65476,0,300,0,0,8,21553,0.0,-107605600.0,0.0,0.0,0.0,0.0,0.0,0.0,0.0,0.0,0.0,0.0,0.0,0.0,0.0,0.0,0.0,0.0,0.0,0.0,0.0,0.0,0.0,0.0,-0.0,0.0,0.0,0.0,0.0,0.0,5047.0,-131350.453,0.0,0.0,-107615296.0,-107615280.0,2.718429300292151e+23,0.0,0.0,0.0,0.0,53,-0.0,-3.222003136178649e+26,0.0,0.0,0.0,0.0,0.0,0.0,0.0,0,0,0,0.0,0.0,0.0,0.0,0.0,0.0,0.0,0.0,0.0,0.0,0.0,0.0,0.0,0.0,0.0,0.0,0,-107875648.0,53,0.0,106,-107614832.0,0.0,ERR,ERR,ERR,ERR,ERR,ERR,ERR,ERR,ERR,ERR,ERR,ERR,ERR,ERR,ERR,ERR,ERR,ERR,ERR,ERR,ERR,ERR,ERR,ERR,ERR,ERR,ERR,ERR,ERR,ERR,ERR,ERR,ERR,ERR,ERR,ERR,ERR,ERR,ERR,ERR,ERR,ERR,ERR,ERR,ERR,ERR,ERR,ERR,ERR,ERR,ERR,ERR,ERR,ERR,ERR,ERR,ERR,ERR,ERR,ERR,ERR,ERR,ERR,ERR,ERR,ERR,ERR,50.0,60.0,100,0.0,0.0,0.0,0.0,0.0,0.0,0.0,0.0,0.0,0.0,0.0,0.0,0.0,0.0,0.0,0.0,61.6,74,13,65512,50,65476,0,300,0,0,8,20529,65476,0,0,26214,60.0,0.0,0.0,0.0,0.0,0.0
2026-05-17T18:17:12,ERR,ERR,ERR,ERR,ERR,ERR,ERR,ERR,ERR,ERR,ERR,ERR,ERR,ERR,ERR,ERR,ERR,ERR,ERR,ERR,ERR,ERR,ERR,ERR,ERR,ERR,ERR,ERR,ERR,ERR,ERR,ERR,ERR,ERR,ERR,ERR,ERR,ERR,ERR,ERR,ERR,ERR,ERR,ERR,ERR,ERR,ERR,ERR,ERR,ERR,ERR,ERR,ERR,ERR,ERR,ERR,ERR,ERR,ERR,ERR,ERR,ERR,ERR,ERR,ERR,ERR,ERR,ERR,ERR,ERR,ERR,ERR,ERR,ERR,ERR,ERR,ERR,ERR,ERR,ERR,ERR,ERR,ERR,ERR,ERR,ERR,ERR,ERR,ERR,ERR,ERR,ERR,ERR,ERR,ERR,ERR,ERR,ERR,ERR,ERR,ERR,ERR,ERR,ERR,ERR,ERR,ERR,ERR,ERR,ERR,ERR,ERR,ERR,ERR,ERR,ERR,ERR,ERR,ERR,ERR,ERR,ERR,ERR,ERR,ERR,0.0,-107615296.0,-134474944.0,0.0,0.0,1.3936040501711995e+18,7.805,0.0,0,0,4,0,8422,0.0,45,0.0,0.0,0.0,0.0,0.0,0,0,0,0,0.0,0,0,0,0,0,0,0,0,0,0,0,0,0,0,0,0,0,0,0,0,0,0,0,0,0,0,0,0,0,0,0,0,0,38,14,7,45,65476,0,300,0,0,8,21553,0.0,-107605600.0,0.0,0.0,0.0,0.0,0.0,0.0,0.0,0.0,0.0,0.0,0.0,0.0,0.0,0.0,0.0,0.0,0.0,0.0,0.0,0.0,0.0,0.0,-0.0,0.0,0.0,0.0,0.0,0.0,5047.0,-131350.453,0.0,0.0,-107615296.0,-107615280.0,2.718429300292151e+23,0.0,0.0,0.0,0.0,53,-0.0,-3.222003136178649e+26,0.0,0.0,0.0,0.0,0.0,0.0,0.0,0,0,0,0.0,0.0,0.0,0.0,0.0,0.0,0.0,0.0,0.0,0.0,0.0,0.0,0.0,0.0,0.0,0.0,0,-107875648.0,53,0.0,106,-107614832.0,0.0,ERR,ERR,ERR,ERR,ERR,ERR,ERR,ERR,ERR,ERR,ERR,ERR,ERR,ERR,ERR,ERR,ERR,ERR,ERR,ERR,ERR,ERR,ERR,ERR,ERR,ERR,ERR,ERR,ERR,ERR,ERR,ERR,ERR,ERR,ERR,ERR,ERR,ERR,ERR,ERR,ERR,ERR,ERR,ERR,ERR,ERR,ERR,ERR,ERR,ERR,ERR,ERR,ERR,ERR,ERR,ERR,ERR,ERR,ERR,ERR,ERR,ERR,ERR,ERR,ERR,ERR,ERR,50.0,60.0,100,0.0,0.0,0.0,0.0,0.0,0.0,0.0,0.0,0.0,0.0,0.0,0.0,0.0,0.0,0.0,0.0,61.6,74,13,65512,50,65476,0,300,0,0,8,20529,65476,0,0,26214,60.0,0.0,0.0,0.0,0.0,0.0
2026-05-17T18:17:13,ERR,ERR,ERR,ERR,ERR,ERR,ERR,ERR,ERR,ERR,ERR,ERR,ERR,ERR,ERR,ERR,ERR,ERR,ERR,ERR,ERR,ERR,ERR,ERR,ERR,ERR,ERR,ERR,ERR,ERR,ERR,ERR,ERR,ERR,ERR,ERR,ERR,ERR,ERR,ERR,ERR,ERR,ERR,ERR,ERR,ERR,ERR,ERR,ERR,ERR,ERR,ERR,ERR,ERR,ERR,ERR,ERR,ERR,ERR,ERR,ERR,ERR,ERR,ERR,ERR,ERR,ERR,ERR,ERR,ERR,ERR,ERR,ERR,ERR,ERR,ERR,ERR,ERR,ERR,ERR,ERR,ERR,ERR,ERR,ERR,ERR,ERR,ERR,ERR,ERR,ERR,ERR,ERR,ERR,ERR,ERR,ERR,ERR,ERR,ERR,ERR,ERR,ERR,ERR,ERR,ERR,ERR,ERR,ERR,ERR,ERR,ERR,ERR,ERR,ERR,ERR,ERR,ERR,ERR,ERR,ERR,ERR,ERR,ERR,ERR,0.0,-107615296.0,-134474944.0,0.0,0.0,1.3936040501711995e+18,7.805,0.0,0,0,4,0,8422,0.0,45,0.0,0.0,0.0,0.0,0.0,0,0,0,0,0.0,0,0,0,0,0,0,0,0,0,0,0,0,0,0,0,0,0,0,0,0,0,0,0,0,0,0,0,0,0,0,0,0,0,38,14,7,45,65476,0,300,0,0,8,21553,0.0,-107605600.0,0.0,0.0,0.0,0.0,0.0,0.0,0.0,0.0,0.0,0.0,0.0,0.0,0.0,0.0,0.0,0.0,0.0,0.0,0.0,0.0,0.0,0.0,-0.0,0.0,0.0,0.0,0.0,0.0,5047.0,-131350.453,0.0,0.0,-107615296.0,-107615280.0,2.718429300292151e+23,0.0,0.0,0.0,0.0,53,-0.0,-3.222003136178649e+26,0.0,0.0,0.0,0.0,0.0,0.0,0.0,0,0,0,0.0,0.0,0.0,0.0,0.0,0.0,0.0,0.0,0.0,0.0,0.0,0.0,0.0,0.0,0.0,0.0,0,-107875648.0,53,0.0,106,-107614832.0,0.0,ERR,ERR,ERR,ERR,ERR,ERR,ERR,ERR,ERR,ERR,ERR,ERR,ERR,ERR,ERR,ERR,ERR,ERR,ERR,ERR,ERR,ERR,ERR,ERR,ERR,ERR,ERR,ERR,ERR,ERR,ERR,ERR,ERR,ERR,ERR,ERR,ERR,ERR,ERR,ERR,ERR,ERR,ERR,ERR,ERR,ERR,ERR,ERR,ERR,ERR,ERR,ERR,ERR,ERR,ERR,ERR,ERR,ERR,ERR,ERR,ERR,ERR,ERR,ERR,ERR,ERR,ERR,50.0,60.0,100,0.0,0.0,0.0,0.0,0.0,0.0,0.0,0.0,0.0,0.0,0.0,0.0,0.0,0.0,0.0,0.0,61.6,74,13,65512,50,65476,0,300,0,0,8,20529,65476,0,0,26214,60.0,0.0,0.0,0.0,0.0,0.0
2026-05-17T18:17:14,ERR,ERR,ERR,ERR,ERR,ERR,ERR,ERR,ERR,ERR,ERR,ERR,ERR,ERR,ERR,ERR,ERR,ERR,ERR,ERR,ERR,ERR,ERR,ERR,ERR,ERR,ERR,ERR,ERR,ERR,ERR,ERR,ERR,ERR,ERR,ERR,ERR,ERR,ERR,ERR,ERR,ERR,ERR,ERR,ERR,ERR,ERR,ERR,ERR,ERR,ERR,ERR,ERR,ERR,ERR,ERR,ERR,ERR,ERR,ERR,ERR,ERR,ERR,ERR,ERR,ERR,ERR,ERR,ERR,ERR,ERR,ERR,ERR,ERR,ERR,ERR,ERR,ERR,ERR,ERR,ERR,ERR,ERR,ERR,ERR,ERR,ERR,ERR,ERR,ERR,ERR,ERR,ERR,ERR,ERR,ERR,ERR,ERR,ERR,ERR,ERR,ERR,ERR,ERR,ERR,ERR,ERR,ERR,ERR,ERR,ERR,ERR,ERR,ERR,ERR,ERR,ERR,ERR,ERR,ERR,ERR,ERR,ERR,ERR,ERR,0.0,-107615296.0,-134474944.0,0.0,0.0,1.3936040501711995e+18,7.805,0.0,0,0,4,0,8422,0.0,45,0.0,0.0,0.0,0.0,0.0,0,0,0,0,0.0,0,0,0,0,0,0,0,0,0,0,0,0,0,0,0,0,0,0,0,0,0,0,0,0,0,0,0,0,0,0,0,0,0,38,14,7,45,65476,0,300,0,0,8,21553,0.0,-107605600.0,0.0,0.0,0.0,0.0,0.0,0.0,0.0,0.0,0.0,0.0,0.0,0.0,0.0,0.0,0.0,0.0,0.0,0.0,0.0,0.0,0.0,0.0,-0.0,0.0,0.0,0.0,0.0,0.0,5047.0,-131350.453,0.0,0.0,-107615296.0,-107615280.0,2.718429300292151e+23,0.0,0.0,0.0,0.0,53,-0.0,-3.222003136178649e+26,0.0,0.0,0.0,0.0,0.0,0.0,0.0,0,0,0,0.0,0.0,0.0,0.0,0.0,0.0,0.0,0.0,0.0,0.0,0.0,0.0,0.0,0.0,0.0,0.0,0,-107875648.0,53,0.0,106,-107614832.0,0.0,ERR,ERR,ERR,ERR,ERR,ERR,ERR,ERR,ERR,ERR,ERR,ERR,ERR,ERR,ERR,ERR,ERR,ERR,ERR,ERR,ERR,ERR,ERR,ERR,ERR,ERR,ERR,ERR,ERR,ERR,ERR,ERR,ERR,ERR,ERR,ERR,ERR,ERR,ERR,ERR,ERR,ERR,ERR,ERR,ERR,ERR,ERR,ERR,ERR,ERR,ERR,ERR,ERR,ERR,ERR,ERR,ERR,ERR,ERR,ERR,ERR,ERR,ERR,ERR,ERR,ERR,ERR,50.0,60.0,100,0.0,0.0,0.0,0.0,0.0,0.0,0.0,0.0,0.0,0.0,0.0,0.0,0.0,0.0,0.0,0.0,62.0,74,13,65512,50,65476,0,300,0,0,8,20529,65476,0,0,26214,60.0,0.0,0.0,0.0,0.0,0.0
2026-05-17T18:17:15,ERR,ERR,ERR,ERR,ERR,ERR,ERR,ERR,ERR,ERR,ERR,ERR,ERR,ERR,ERR,ERR,ERR,ERR,ERR,ERR,ERR,ERR,ERR,ERR,ERR,ERR,ERR,ERR,ERR,ERR,ERR,ERR,ERR,ERR,ERR,ERR,ERR,ERR,ERR,ERR,ERR,ERR,ERR,ERR,ERR,ERR,ERR,ERR,ERR,ERR,ERR,ERR,ERR,ERR,ERR,ERR,ERR,ERR,ERR,ERR,ERR,ERR,ERR,ERR,ERR,ERR,ERR,ERR,ERR,ERR,ERR,ERR,ERR,ERR,ERR,ERR,ERR,ERR,ERR,ERR,ERR,ERR,ERR,ERR,ERR,ERR,ERR,ERR,ERR,ERR,ERR,ERR,ERR,ERR,ERR,ERR,ERR,ERR,ERR,ERR,ERR,ERR,ERR,ERR,ERR,ERR,ERR,ERR,ERR,ERR,ERR,ERR,ERR,ERR,ERR,ERR,ERR,ERR,ERR,ERR,ERR,ERR,ERR,ERR,ERR,0.0,-107615296.0,-134474944.0,0.0,0.0,1.3936040501711995e+18,7.805,0.0,0,0,4,0,8422,0.0,45,0.0,0.0,0.0,0.0,0.0,0,0,0,0,0.0,0,0,0,0,0,0,0,0,0,0,0,0,0,0,0,0,0,0,0,0,0,0,0,0,0,0,0,0,0,0,0,0,0,38,14,7,45,65476,0,300,0,0,8,21553,0.0,-107605600.0,0.0,0.0,0.0,0.0,0.0,0.0,0.0,0.0,0.0,0.0,0.0,0.0,0.0,0.0,0.0,0.0,0.0,0.0,0.0,0.0,0.0,0.0,-0.0,0.0,0.0,0.0,0.0,0.0,5049.0,-0.0,0.0,0.0,-107615296.0,-107615280.0,2.718429300292151e+23,0.0,0.0,0.0,0.0,53,-0.0,-107614792.0,0.0,0.0,0.0,0.0,0.0,0.0,0.0,0,0,0,0.0,0.0,0.0,0.0,0.0,0.0,0.0,0.0,0.0,0.0,0.0,0.0,0.0,0.0,0.0,0.0,0,-107875648.0,53,0.0,106,-107614832.0,0.0,ERR,ERR,ERR,ERR,ERR,ERR,ERR,ERR,ERR,ERR,ERR,ERR,ERR,ERR,ERR,ERR,ERR,ERR,ERR,ERR,ERR,ERR,ERR,ERR,ERR,ERR,ERR,ERR,ERR,ERR,ERR,ERR,ERR,ERR,ERR,ERR,ERR,ERR,ERR,ERR,ERR,ERR,ERR,ERR,ERR,ERR,ERR,ERR,ERR,ERR,ERR,ERR,ERR,ERR,ERR,ERR,ERR,ERR,ERR,ERR,ERR,ERR,ERR,ERR,ERR,ERR,ERR,50.0,60.0,100,0.0,0.0,0.0,0.0,0.0,0.0,0.0,0.0,0.0,0.0,0.0,0.0,0.0,0.0,0.0,0.0,62.0,74,13,65512,50,65476,0,300,0,0,8,20529,65476,0,0,26214,60.0,0.0,0.0,0.0,0.0,0.0
2026-05-17T18:17:16,ERR,ERR,ERR,ERR,ERR,ERR,ERR,ERR,ERR,ERR,ERR,ERR,ERR,ERR,ERR,ERR,ERR,ERR,ERR,ERR,ERR,ERR,ERR,ERR,ERR,ERR,ERR,ERR,ERR,ERR,ERR,ERR,ERR,ERR,ERR,ERR,ERR,ERR,ERR,ERR,ERR,ERR,ERR,ERR,ERR,ERR,ERR,ERR,ERR,ERR,ERR,ERR,ERR,ERR,ERR,ERR,ERR,ERR,ERR,ERR,ERR,ERR,ERR,ERR,ERR,ERR,ERR,ERR,ERR,ERR,ERR,ERR,ERR,ERR,ERR,ERR,ERR,ERR,ERR,ERR,ERR,ERR,ERR,ERR,ERR,ERR,ERR,ERR,ERR,ERR,ERR,ERR,ERR,ERR,ERR,ERR,ERR,ERR,ERR,ERR,ERR,ERR,ERR,ERR,ERR,ERR,ERR,ERR,ERR,ERR,ERR,ERR,ERR,ERR,ERR,ERR,ERR,ERR,ERR,ERR,ERR,ERR,ERR,ERR,ERR,0.0,-107615296.0,-134474944.0,0.0,0.0,1.3936040501711995e+18,7.805,0.0,0,0,4,0,8422,0.0,45,0.0,0.0,0.0,0.0,0.0,0,0,0,0,0.0,0,0,0,0,0,0,0,0,0,0,0,0,0,0,0,0,0,0,0,0,0,0,0,0,0,0,0,0,0,0,0,0,0,38,14,7,45,65476,0,300,0,0,8,21553,0.0,-107605600.0,0.0,0.0,0.0,0.0,0.0,0.0,0.0,0.0,0.0,0.0,0.0,0.0,0.0,0.0,0.0,0.0,0.0,0.0,0.0,0.0,0.0,0.0,-0.0,0.0,0.0,0.0,0.0,0.0,5049.0,-0.0,0.0,0.0,-107615296.0,-107615280.0,2.718429300292151e+23,0.0,0.0,0.0,0.0,53,-0.0,-107614792.0,0.0,0.0,0.0,0.0,0.0,0.0,0.0,0,0,0,0.0,0.0,0.0,0.0,0.0,0.0,0.0,0.0,0.0,0.0,0.0,0.0,0.0,0.0,0.0,0.0,0,-107875648.0,53,0.0,106,-107614832.0,0.0,ERR,ERR,ERR,ERR,ERR,ERR,ERR,ERR,ERR,ERR,ERR,ERR,ERR,ERR,ERR,ERR,ERR,ERR,ERR,ERR,ERR,ERR,ERR,ERR,ERR,ERR,ERR,ERR,ERR,ERR,ERR,ERR,ERR,ERR,ERR,ERR,ERR,ERR,ERR,ERR,ERR,ERR,ERR,ERR,ERR,ERR,ERR,ERR,ERR,ERR,ERR,ERR,ERR,ERR,ERR,ERR,ERR,ERR,ERR,ERR,ERR,ERR,ERR,ERR,ERR,ERR,ERR,50.0,60.0,100,0.0,0.0,0.0,0.0,0.0,0.0,0.0,0.0,0.0,0.0,0.0,0.0,0.0,0.0,0.0,0.0,61.6,74,13,65512,50,65476,0,300,0,0,8,20529,65476,0,0,26214,60.0,0.0,0.0,0.0,0.0,0.0
2026-05-17T18:17:17,ERR,ERR,ERR,ERR,ERR,ERR,ERR,ERR,ERR,ERR,ERR,ERR,ERR,ERR,ERR,ERR,ERR,ERR,ERR,ERR,ERR,ERR,ERR,ERR,ERR,ERR,ERR,ERR,ERR,ERR,ERR,ERR,ERR,ERR,ERR,ERR,ERR,ERR,ERR,ERR,ERR,ERR,ERR,ERR,ERR,ERR,ERR,ERR,ERR,ERR,ERR,ERR,ERR,ERR,ERR,ERR,ERR,ERR,ERR,ERR,ERR,ERR,ERR,ERR,ERR,ERR,ERR,ERR,ERR,ERR,ERR,ERR,ERR,ERR,ERR,ERR,ERR,ERR,ERR,ERR,ERR,ERR,ERR,ERR,ERR,ERR,ERR,ERR,ERR,ERR,ERR,ERR,ERR,ERR,ERR,ERR,ERR,ERR,ERR,ERR,ERR,ERR,ERR,ERR,ERR,ERR,ERR,ERR,ERR,ERR,ERR,ERR,ERR,ERR,ERR,ERR,ERR,ERR,ERR,ERR,ERR,ERR,ERR,ERR,ERR,0.0,-107615296.0,-134474944.0,0.0,0.0,1.3936040501711995e+18,7.805,0.0,0,0,4,0,8422,0.0,45,0.0,0.0,0.0,0.0,0.0,0,0,0,0,0.0,0,0,0,0,0,0,0,0,0,0,0,0,0,0,0,0,0,0,0,0,0,0,0,0,0,0,0,0,0,0,0,0,0,38,14,7,45,65476,0,300,0,0,8,21553,0.0,-107605600.0,0.0,0.0,0.0,0.0,0.0,0.0,0.0,0.0,0.0,0.0,0.0,0.0,0.0,0.0,0.0,0.0,0.0,0.0,0.0,0.0,0.0,0.0,-0.0,0.0,0.0,0.0,0.0,0.0,5049.0,-0.0,0.0,0.0,-107615296.0,-107615280.0,2.718429300292151e+23,0.0,0.0,0.0,0.0,53,-0.0,-107614792.0,0.0,0.0,0.0,0.0,0.0,0.0,0.0,0,0,0,0.0,0.0,0.0,0.0,0.0,0.0,0.0,0.0,0.0,0.0,0.0,0.0,0.0,0.0,0.0,0.0,0,-107875648.0,53,0.0,106,-107614832.0,0.0,ERR,ERR,ERR,ERR,ERR,ERR,ERR,ERR,ERR,ERR,ERR,ERR,ERR,ERR,ERR,ERR,ERR,ERR,ERR,ERR,ERR,ERR,ERR,ERR,ERR,ERR,ERR,ERR,ERR,ERR,ERR,ERR,ERR,ERR,ERR,ERR,ERR,ERR,ERR,ERR,ERR,ERR,ERR,ERR,ERR,ERR,ERR,ERR,ERR,ERR,ERR,ERR,ERR,ERR,ERR,ERR,ERR,ERR,ERR,ERR,ERR,ERR,ERR,ERR,ERR,ERR,ERR,50.0,60.0,100,0.0,0.0,0.0,0.0,0.0,0.0,0.0,0.0,0.0,0.0,0.0,0.0,0.0,0.0,0.0,0.0,61.6,74,13,65512,50,65476,0,300,0,0,8,20529,65476,0,0,26214,60.0,0.0,0.0,0.0,0.0,0.0
2026-05-17T18:17:18,ERR,ERR,ERR,ERR,ERR,ERR,ERR,ERR,ERR,ERR,ERR,ERR,ERR,ERR,ERR,ERR,ERR,ERR,ERR,ERR,ERR,ERR,ERR,ERR,ERR,ERR,ERR,ERR,ERR,ERR,ERR,ERR,ERR,ERR,ERR,ERR,ERR,ERR,ERR,ERR,ERR,ERR,ERR,ERR,ERR,ERR,ERR,ERR,ERR,ERR,ERR,ERR,ERR,ERR,ERR,ERR,ERR,ERR,ERR,ERR,ERR,ERR,ERR,ERR,ERR,ERR,ERR,ERR,ERR,ERR,ERR,ERR,ERR,ERR,ERR,ERR,ERR,ERR,ERR,ERR,ERR,ERR,ERR,ERR,ERR,ERR,ERR,ERR,ERR,ERR,ERR,ERR,ERR,ERR,ERR,ERR,ERR,ERR,ERR,ERR,ERR,ERR,ERR,ERR,ERR,ERR,ERR,ERR,ERR,ERR,ERR,ERR,ERR,ERR,ERR,ERR,ERR,ERR,ERR,ERR,ERR,ERR,ERR,ERR,ERR,0.0,-107615296.0,-134474944.0,0.0,0.0,1.3936040501711995e+18,7.805,0.0,0,0,4,0,8422,0.0,45,0.0,0.0,0.0,0.0,0.0,0,0,0,0,0.0,0,0,0,0,0,0,0,0,0,0,0,0,0,0,0,0,0,0,0,0,0,0,0,0,0,0,0,0,0,0,0,0,0,38,14,7,45,65476,0,300,0,0,8,21553,0.0,-107605600.0,0.0,0.0,0.0,0.0,0.0,0.0,0.0,0.0,0.0,0.0,0.0,0.0,0.0,0.0,0.0,0.0,0.0,0.0,0.0,0.0,0.0,0.0,-0.0,0.0,0.0,0.0,0.0,0.0,5049.0,-0.0,0.0,0.0,-107615296.0,-107615280.0,2.718429300292151e+23,0.0,0.0,0.0,0.0,53,-0.0,-107614792.0,0.0,0.0,0.0,0.0,0.0,0.0,0.0,0,0,0,0.0,0.0,0.0,0.0,0.0,0.0,0.0,0.0,0.0,0.0,0.0,0.0,0.0,0.0,0.0,0.0,0,-107875648.0,53,0.0,106,-107614832.0,0.0,ERR,ERR,ERR,ERR,ERR,ERR,ERR,ERR,ERR,ERR,ERR,ERR,ERR,ERR,ERR,ERR,ERR,ERR,ERR,ERR,ERR,ERR,ERR,ERR,ERR,ERR,ERR,ERR,ERR,ERR,ERR,ERR,ERR,ERR,ERR,ERR,ERR,ERR,ERR,ERR,ERR,ERR,ERR,ERR,ERR,ERR,ERR,ERR,ERR,ERR,ERR,ERR,ERR,ERR,ERR,ERR,ERR,ERR,ERR,ERR,ERR,ERR,ERR,ERR,ERR,ERR,ERR,50.0,60.0,100,0.0,0.0,0.0,0.0,0.0,0.0,0.0,0.0,0.0,0.0,0.0,0.0,0.0,0.0,0.0,0.0,61.6,74,13,65512,50,65476,0,300,0,0,8,20529,65476,0,0,26214,60.0,0.0,0.0,0.0,0.0,0.0
2026-05-17T18:17:19,ERR,ERR,ERR,ERR,ERR,ERR,ERR,ERR,ERR,ERR,ERR,ERR,ERR,ERR,ERR,ERR,ERR,ERR,ERR,ERR,ERR,ERR,ERR,ERR,ERR,ERR,ERR,ERR,ERR,ERR,ERR,ERR,ERR,ERR,ERR,ERR,ERR,ERR,ERR,ERR,ERR,ERR,ERR,ERR,ERR,ERR,ERR,ERR,ERR,ERR,ERR,ERR,ERR,ERR,ERR,ERR,ERR,ERR,ERR,ERR,ERR,ERR,ERR,ERR,ERR,ERR,ERR,ERR,ERR,ERR,ERR,ERR,ERR,ERR,ERR,ERR,ERR,ERR,ERR,ERR,ERR,ERR,ERR,ERR,ERR,ERR,ERR,ERR,ERR,ERR,ERR,ERR,ERR,ERR,ERR,ERR,ERR,ERR,ERR,ERR,ERR,ERR,ERR,ERR,ERR,ERR,ERR,ERR,ERR,ERR,ERR,ERR,ERR,ERR,ERR,ERR,ERR,ERR,ERR,ERR,ERR,ERR,ERR,ERR,ERR,0.0,-107615296.0,-134474944.0,0.0,0.0,1.3936040501711995e+18,7.805,0.0,0,0,4,0,8422,0.0,45,0.0,0.0,0.0,0.0,0.0,0,0,0,0,0.0,0,0,0,0,0,0,0,0,0,0,0,0,0,0,0,0,0,0,0,0,0,0,0,0,0,0,0,0,0,0,0,0,0,38,14,7,45,65476,0,300,0,0,8,21553,0.0,-107605600.0,0.0,0.0,0.0,0.0,0.0,0.0,0.0,0.0,0.0,0.0,0.0,0.0,0.0,0.0,0.0,0.0,0.0,0.0,0.0,0.0,0.0,0.0,-0.0,0.0,0.0,0.0,0.0,0.0,5049.0,-0.0,0.0,0.0,-107615296.0,-107615280.0,2.718429300292151e+23,0.0,0.0,0.0,0.0,53,-0.0,-107614792.0,0.0,0.0,0.0,0.0,0.0,0.0,0.0,0,0,0,0.0,0.0,0.0,0.0,0.0,0.0,0.0,0.0,0.0,0.0,0.0,0.0,0.0,0.0,0.0,0.0,0,-107875648.0,53,0.0,106,-107614832.0,0.0,ERR,ERR,ERR,ERR,ERR,ERR,ERR,ERR,ERR,ERR,ERR,ERR,ERR,ERR,ERR,ERR,ERR,ERR,ERR,ERR,ERR,ERR,ERR,ERR,ERR,ERR,ERR,ERR,ERR,ERR,ERR,ERR,ERR,ERR,ERR,ERR,ERR,ERR,ERR,ERR,ERR,ERR,ERR,ERR,ERR,ERR,ERR,ERR,ERR,ERR,ERR,ERR,ERR,ERR,ERR,ERR,ERR,ERR,ERR,ERR,ERR,ERR,ERR,ERR,ERR,ERR,ERR,50.0,60.0,100,0.0,0.0,0.0,0.0,0.0,0.0,0.0,0.0,0.0,0.0,0.0,0.0,0.0,0.0,0.0,0.0,62.0,74,13,65512,50,65476,0,300,0,0,8,20529,65476,0,0,26214,60.0,0.0,0.0,0.0,0.0,0.0
2026-05-17T18:17:20,ERR,ERR,ERR,ERR,ERR,ERR,ERR,ERR,ERR,ERR,ERR,ERR,ERR,ERR,ERR,ERR,ERR,ERR,ERR,ERR,ERR,ERR,ERR,ERR,ERR,ERR,ERR,ERR,ERR,ERR,ERR,ERR,ERR,ERR,ERR,ERR,ERR,ERR,ERR,ERR,ERR,ERR,ERR,ERR,ERR,ERR,ERR,ERR,ERR,ERR,ERR,ERR,ERR,ERR,ERR,ERR,ERR,ERR,ERR,ERR,ERR,ERR,ERR,ERR,ERR,ERR,ERR,ERR,ERR,ERR,ERR,ERR,ERR,ERR,ERR,ERR,ERR,ERR,ERR,ERR,ERR,ERR,ERR,ERR,ERR,ERR,ERR,ERR,ERR,ERR,ERR,ERR,ERR,ERR,ERR,ERR,ERR,ERR,ERR,ERR,ERR,ERR,ERR,ERR,ERR,ERR,ERR,ERR,ERR,ERR,ERR,ERR,ERR,ERR,ERR,ERR,ERR,ERR,ERR,ERR,ERR,ERR,ERR,ERR,ERR,0.0,-107615296.0,-134474944.0,0.0,0.0,1.3936040501711995e+18,7.805,0.0,0,0,4,0,8422,0.0,45,0.0,0.0,0.0,0.0,0.0,0,0,0,0,0.0,0,0,0,0,0,0,0,0,0,0,0,0,0,0,0,0,0,0,0,0,0,0,0,0,0,0,0,0,0,0,0,0,0,38,14,7,45,65476,0,300,0,0,8,21553,0.0,-107605600.0,0.0,0.0,0.0,0.0,0.0,0.0,0.0,0.0,0.0,0.0,0.0,0.0,0.0,0.0,0.0,0.0,0.0,0.0,0.0,0.0,0.0,0.0,-0.0,0.0,0.0,0.0,0.0,0.0,5049.0,-131350.453,0.0,0.0,-107615296.0,-107615280.0,2.718429300292151e+23,0.0,0.0,0.0,0.0,53,-0.0,-4.950401904804668e+32,0.0,0.0,0.0,0.0,0.0,0.0,0.0,0,0,0,0.0,0.0,0.0,0.0,0.0,0.0,0.0,0.0,0.0,0.0,0.0,0.0,0.0,0.0,0.0,0.0,0,-107875648.0,53,0.0,106,-107614832.0,0.0,ERR,ERR,ERR,ERR,ERR,ERR,ERR,ERR,ERR,ERR,ERR,ERR,ERR,ERR,ERR,ERR,ERR,ERR,ERR,ERR,ERR,ERR,ERR,ERR,ERR,ERR,ERR,ERR,ERR,ERR,ERR,ERR,ERR,ERR,ERR,ERR,ERR,ERR,ERR,ERR,ERR,ERR,ERR,ERR,ERR,ERR,ERR,ERR,ERR,ERR,ERR,ERR,ERR,ERR,ERR,ERR,ERR,ERR,ERR,ERR,ERR,ERR,ERR,ERR,ERR,ERR,ERR,50.0,60.0,100,0.0,0.0,0.0,0.0,0.0,0.0,0.0,0.0,0.0,0.0,0.0,0.0,0.0,0.0,0.0,0.0,62.0,74,13,65512,50,65476,0,300,0,0,8,20529,65476,0,0,26214,60.0,0.0,0.0,0.0,0.0,0.0
2026-05-17T18:17:21,ERR,ERR,ERR,ERR,ERR,ERR,ERR,ERR,ERR,ERR,ERR,ERR,ERR,ERR,ERR,ERR,ERR,ERR,ERR,ERR,ERR,ERR,ERR,ERR,ERR,ERR,ERR,ERR,ERR,ERR,ERR,ERR,ERR,ERR,ERR,ERR,ERR,ERR,ERR,ERR,ERR,ERR,ERR,ERR,ERR,ERR,ERR,ERR,ERR,ERR,ERR,ERR,ERR,ERR,ERR,ERR,ERR,ERR,ERR,ERR,ERR,ERR,ERR,ERR,ERR,ERR,ERR,ERR,ERR,ERR,ERR,ERR,ERR,ERR,ERR,ERR,ERR,ERR,ERR,ERR,ERR,ERR,ERR,ERR,ERR,ERR,ERR,ERR,ERR,ERR,ERR,ERR,ERR,ERR,ERR,ERR,ERR,ERR,ERR,ERR,ERR,ERR,ERR,ERR,ERR,ERR,ERR,ERR,ERR,ERR,ERR,ERR,ERR,ERR,ERR,ERR,ERR,ERR,ERR,ERR,ERR,ERR,ERR,ERR,ERR,0.0,-107615296.0,-134474944.0,0.0,0.0,1.3936040501711995e+18,7.805,0.0,0,0,4,0,8422,0.0,45,0.0,0.0,0.0,0.0,0.0,0,0,0,0,0.0,0,0,0,0,0,0,0,0,0,0,0,0,0,0,0,0,0,0,0,0,0,0,0,0,0,0,0,0,0,0,0,0,0,38,14,7,45,65476,0,300,0,0,8,21553,0.0,-107605600.0,0.0,0.0,0.0,0.0,0.0,0.0,0.0,0.0,0.0,0.0,0.0,0.0,0.0,0.0,0.0,0.0,0.0,0.0,0.0,0.0,0.0,0.0,-0.0,0.0,0.0,0.0,0.0,0.0,5049.0,-131350.453,0.0,0.0,-107615296.0,-107615280.0,2.718429300292151e+23,0.0,0.0,0.0,0.0,53,-0.0,-4.950401904804668e+32,0.0,0.0,0.0,0.0,0.0,0.0,0.0,0,0,0,0.0,0.0,0.0,0.0,0.0,0.0,0.0,0.0,0.0,0.0,0.0,0.0,0.0,0.0,0.0,0.0,0,-107875648.0,53,0.0,106,-107614832.0,0.0,ERR,ERR,ERR,ERR,ERR,ERR,ERR,ERR,ERR,ERR,ERR,ERR,ERR,ERR,ERR,ERR,ERR,ERR,ERR,ERR,ERR,ERR,ERR,ERR,ERR,ERR,ERR,ERR,ERR,ERR,ERR,ERR,ERR,ERR,ERR,ERR,ERR,ERR,ERR,ERR,ERR,ERR,ERR,ERR,ERR,ERR,ERR,ERR,ERR,ERR,ERR,ERR,ERR,ERR,ERR,ERR,ERR,ERR,ERR,ERR,ERR,ERR,ERR,ERR,ERR,ERR,ERR,50.0,60.0,100,0.0,0.0,0.0,0.0,0.0,0.0,0.0,0.0,0.0,0.0,0.0,0.0,0.0,0.0,0.0,0.0,61.6,74,13,65512,50,65476,0,300,0,0,8,20529,65476,0,0,26214,60.0,0.0,0.0,0.0,0.0,0.0
2026-05-17T18:17:22,ERR,ERR,ERR,ERR,ERR,ERR,ERR,ERR,ERR,ERR,ERR,ERR,ERR,ERR,ERR,ERR,ERR,ERR,ERR,ERR,ERR,ERR,ERR,ERR,ERR,ERR,ERR,ERR,ERR,ERR,ERR,ERR,ERR,ERR,ERR,ERR,ERR,ERR,ERR,ERR,ERR,ERR,ERR,ERR,ERR,ERR,ERR,ERR,ERR,ERR,ERR,ERR,ERR,ERR,ERR,ERR,ERR,ERR,ERR,ERR,ERR,ERR,ERR,ERR,ERR,ERR,ERR,ERR,ERR,ERR,ERR,ERR,ERR,ERR,ERR,ERR,ERR,ERR,ERR,ERR,ERR,ERR,ERR,ERR,ERR,ERR,ERR,ERR,ERR,ERR,ERR,ERR,ERR,ERR,ERR,ERR,ERR,ERR,ERR,ERR,ERR,ERR,ERR,ERR,ERR,ERR,ERR,ERR,ERR,ERR,ERR,ERR,ERR,ERR,ERR,ERR,ERR,ERR,ERR,ERR,ERR,ERR,ERR,ERR,ERR,0.0,-107615296.0,-134474944.0,0.0,0.0,1.3936040501711995e+18,7.805,0.0,0,0,4,0,8422,0.0,45,0.0,0.0,0.0,0.0,0.0,0,0,0,0,0.0,0,0,0,0,0,0,0,0,0,0,0,0,0,0,0,0,0,0,0,0,0,0,0,0,0,0,0,0,0,0,0,0,0,38,14,7,45,65476,0,300,0,0,8,21553,0.0,-107605600.0,0.0,0.0,0.0,0.0,0.0,0.0,0.0,0.0,0.0,0.0,0.0,0.0,0.0,0.0,0.0,0.0,0.0,0.0,0.0,0.0,0.0,0.0,-0.0,0.0,0.0,0.0,0.0,0.0,5049.0,-131350.453,0.0,0.0,-107615296.0,-107615280.0,2.718429300292151e+23,0.0,0.0,0.0,0.0,53,-0.0,-4.950401904804668e+32,0.0,0.0,0.0,0.0,0.0,0.0,0.0,0,0,0,0.0,0.0,0.0,0.0,0.0,0.0,0.0,0.0,0.0,0.0,0.0,0.0,0.0,0.0,0.0,0.0,0,-107875648.0,53,0.0,106,-107614832.0,0.0,ERR,ERR,ERR,ERR,ERR,ERR,ERR,ERR,ERR,ERR,ERR,ERR,ERR,ERR,ERR,ERR,ERR,ERR,ERR,ERR,ERR,ERR,ERR,ERR,ERR,ERR,ERR,ERR,ERR,ERR,ERR,ERR,ERR,ERR,ERR,ERR,ERR,ERR,ERR,ERR,ERR,ERR,ERR,ERR,ERR,ERR,ERR,ERR,ERR,ERR,ERR,ERR,ERR,ERR,ERR,ERR,ERR,ERR,ERR,ERR,ERR,ERR,ERR,ERR,ERR,ERR,ERR,50.0,60.0,100,0.0,0.0,0.0,0.0,0.0,0.0,0.0,0.0,0.0,0.0,0.0,0.0,0.0,0.0,0.0,0.0,61.6,74,13,65512,50,65476,0,300,0,0,8,20529,65476,0,0,26214,60.0,0.0,0.0,0.0,0.0,0.0
2026-05-17T18:17:23,ERR,ERR,ERR,ERR,ERR,ERR,ERR,ERR,ERR,ERR,ERR,ERR,ERR,ERR,ERR,ERR,ERR,ERR,ERR,ERR,ERR,ERR,ERR,ERR,ERR,ERR,ERR,ERR,ERR,ERR,ERR,ERR,ERR,ERR,ERR,ERR,ERR,ERR,ERR,ERR,ERR,ERR,ERR,ERR,ERR,ERR,ERR,ERR,ERR,ERR,ERR,ERR,ERR,ERR,ERR,ERR,ERR,ERR,ERR,ERR,ERR,ERR,ERR,ERR,ERR,ERR,ERR,ERR,ERR,ERR,ERR,ERR,ERR,ERR,ERR,ERR,ERR,ERR,ERR,ERR,ERR,ERR,ERR,ERR,ERR,ERR,ERR,ERR,ERR,ERR,ERR,ERR,ERR,ERR,ERR,ERR,ERR,ERR,ERR,ERR,ERR,ERR,ERR,ERR,ERR,ERR,ERR,ERR,ERR,ERR,ERR,ERR,ERR,ERR,ERR,ERR,ERR,ERR,ERR,ERR,ERR,ERR,ERR,ERR,ERR,0.0,-107615296.0,-134474944.0,0.0,0.0,1.3936040501711995e+18,7.805,0.0,0,0,4,0,8422,0.0,45,0.0,0.0,0.0,0.0,0.0,0,0,0,0,0.0,0,0,0,0,0,0,0,0,0,0,0,0,0,0,0,0,0,0,0,0,0,0,0,0,0,0,0,0,0,0,0,0,0,38,14,7,45,65476,0,300,0,0,8,21553,0.0,-107605600.0,0.0,0.0,0.0,0.0,0.0,0.0,0.0,0.0,0.0,0.0,0.0,0.0,0.0,0.0,0.0,0.0,0.0,0.0,0.0,0.0,0.0,0.0,-0.0,0.0,0.0,0.0,0.0,0.0,5049.0,-131350.453,0.0,0.0,-107615296.0,-107615280.0,2.718429300292151e+23,0.0,0.0,0.0,0.0,53,-0.0,-4.950401904804668e+32,0.0,0.0,0.0,0.0,0.0,0.0,0.0,0,0,0,0.0,0.0,0.0,0.0,0.0,0.0,0.0,0.0,0.0,0.0,0.0,0.0,0.0,0.0,0.0,0.0,0,-107875648.0,53,0.0,106,-107614832.0,0.0,ERR,ERR,ERR,ERR,ERR,ERR,ERR,ERR,ERR,ERR,ERR,ERR,ERR,ERR,ERR,ERR,ERR,ERR,ERR,ERR,ERR,ERR,ERR,ERR,ERR,ERR,ERR,ERR,ERR,ERR,ERR,ERR,ERR,ERR,ERR,ERR,ERR,ERR,ERR,ERR,ERR,ERR,ERR,ERR,ERR,ERR,ERR,ERR,ERR,ERR,ERR,ERR,ERR,ERR,ERR,ERR,ERR,ERR,ERR,ERR,ERR,ERR,ERR,ERR,ERR,ERR,ERR,50.0,60.0,100,0.0,0.0,0.0,0.0,0.0,0.0,0.0,0.0,0.0,0.0,0.0,0.0,0.0,0.0,0.0,0.0,61.6,74,13,65512,50,65476,0,300,0,0,8,20529,65476,0,0,26214,60.0,0.0,0.0,0.0,0.0,0.0
2026-05-17T18:17:24,ERR,ERR,ERR,ERR,ERR,ERR,ERR,ERR,ERR,ERR,ERR,ERR,ERR,ERR,ERR,ERR,ERR,ERR,ERR,ERR,ERR,ERR,ERR,ERR,ERR,ERR,ERR,ERR,ERR,ERR,ERR,ERR,ERR,ERR,ERR,ERR,ERR,ERR,ERR,ERR,ERR,ERR,ERR,ERR,ERR,ERR,ERR,ERR,ERR,ERR,ERR,ERR,ERR,ERR,ERR,ERR,ERR,ERR,ERR,ERR,ERR,ERR,ERR,ERR,ERR,ERR,ERR,ERR,ERR,ERR,ERR,ERR,ERR,ERR,ERR,ERR,ERR,ERR,ERR,ERR,ERR,ERR,ERR,ERR,ERR,ERR,ERR,ERR,ERR,ERR,ERR,ERR,ERR,ERR,ERR,ERR,ERR,ERR,ERR,ERR,ERR,ERR,ERR,ERR,ERR,ERR,ERR,ERR,ERR,ERR,ERR,ERR,ERR,ERR,ERR,ERR,ERR,ERR,ERR,ERR,ERR,ERR,ERR,ERR,ERR,0.0,-107615296.0,-134474944.0,0.0,0.0,1.3936040501711995e+18,7.805,0.0,0,0,4,0,8422,0.0,45,0.0,0.0,0.0,0.0,0.0,0,0,0,0,0.0,0,0,0,0,0,0,0,0,0,0,0,0,0,0,0,0,0,0,0,0,0,0,0,0,0,0,0,0,0,0,0,0,0,38,14,7,45,65476,0,300,0,0,8,21553,0.0,-107605600.0,0.0,0.0,0.0,0.0,0.0,0.0,0.0,0.0,0.0,0.0,0.0,0.0,0.0,0.0,0.0,0.0,0.0,0.0,0.0,0.0,0.0,0.0,-0.0,0.0,0.0,0.0,0.0,0.0,5049.0,-131350.453,0.0,0.0,-107615296.0,-107615280.0,2.718429300292151e+23,0.0,0.0,0.0,0.0,53,-0.0,-4.950401904804668e+32,0.0,0.0,0.0,0.0,0.0,0.0,0.0,0,0,0,0.0,0.0,0.0,0.0,0.0,0.0,0.0,0.0,0.0,0.0,0.0,0.0,0.0,0.0,0.0,0.0,0,-107875648.0,53,0.0,106,-107614832.0,0.0,ERR,ERR,ERR,ERR,ERR,ERR,ERR,ERR,ERR,ERR,ERR,ERR,ERR,ERR,ERR,ERR,ERR,ERR,ERR,ERR,ERR,ERR,ERR,ERR,ERR,ERR,ERR,ERR,ERR,ERR,ERR,ERR,ERR,ERR,ERR,ERR,ERR,ERR,ERR,ERR,ERR,ERR,ERR,ERR,ERR,ERR,ERR,ERR,ERR,ERR,ERR,ERR,ERR,ERR,ERR,ERR,ERR,ERR,ERR,ERR,ERR,ERR,ERR,ERR,ERR,ERR,ERR,50.0,60.0,100,0.0,0.0,0.0,0.0,0.0,0.0,0.0,0.0,0.0,0.0,0.0,0.0,0.0,0.0,0.0,0.0,61.6,74,13,65512,50,65476,0,300,0,0,8,20529,65476,0,0,26214,60.0,0.0,0.0,0.0,0.0,0.0
2026-05-17T18:17:25,ERR,ERR,ERR,ERR,ERR,ERR,ERR,ERR,ERR,ERR,ERR,ERR,ERR,ERR,ERR,ERR,ERR,ERR,ERR,ERR,ERR,ERR,ERR,ERR,ERR,ERR,ERR,ERR,ERR,ERR,ERR,ERR,ERR,ERR,ERR,ERR,ERR,ERR,ERR,ERR,ERR,ERR,ERR,ERR,ERR,ERR,ERR,ERR,ERR,ERR,ERR,ERR,ERR,ERR,ERR,ERR,ERR,ERR,ERR,ERR,ERR,ERR,ERR,ERR,ERR,ERR,ERR,ERR,ERR,ERR,ERR,ERR,ERR,ERR,ERR,ERR,ERR,ERR,ERR,ERR,ERR,ERR,ERR,ERR,ERR,ERR,ERR,ERR,ERR,ERR,ERR,ERR,ERR,ERR,ERR,ERR,ERR,ERR,ERR,ERR,ERR,ERR,ERR,ERR,ERR,ERR,ERR,ERR,ERR,ERR,ERR,ERR,ERR,ERR,ERR,ERR,ERR,ERR,ERR,ERR,ERR,ERR,ERR,ERR,ERR,0.0,-107615296.0,-134474944.0,0.0,0.0,1.3936040501711995e+18,7.805,0.0,0,0,4,0,8422,0.0,45,0.0,0.0,0.0,0.0,0.0,0,0,0,0,0.0,0,0,0,0,0,0,0,0,0,0,0,0,0,0,0,0,0,0,0,0,0,0,0,0,0,0,0,0,0,0,0,0,0,38,14,7,45,65476,0,300,0,0,8,21553,0.0,-107605600.0,0.0,0.0,0.0,0.0,0.0,0.0,0.0,0.0,0.0,0.0,0.0,0.0,0.0,0.0,0.0,0.0,0.0,0.0,0.0,0.0,0.0,0.0,-0.0,0.0,0.0,0.0,0.0,0.0,5048.0,-0.0,0.0,0.0,-107615296.0,-107615280.0,2.718429300292151e+23,0.0,0.0,0.0,0.0,53,-0.0,-0.0,0.0,0.0,0.0,0.0,0.0,0.0,0.0,0,0,0,0.0,0.0,0.0,0.0,0.0,0.0,0.0,0.0,0.0,0.0,0.0,0.0,0.0,0.0,0.0,0.0,0,-107875648.0,53,0.0,106,-107614832.0,0.0,ERR,ERR,ERR,ERR,ERR,ERR,ERR,ERR,ERR,ERR,ERR,ERR,ERR,ERR,ERR,ERR,ERR,ERR,ERR,ERR,ERR,ERR,ERR,ERR,ERR,ERR,ERR,ERR,ERR,ERR,ERR,ERR,ERR,ERR,ERR,ERR,ERR,ERR,ERR,ERR,ERR,ERR,ERR,ERR,ERR,ERR,ERR,ERR,ERR,ERR,ERR,ERR,ERR,ERR,ERR,ERR,ERR,ERR,ERR,ERR,ERR,ERR,ERR,ERR,ERR,ERR,ERR,50.0,60.0,100,0.0,0.0,0.0,0.0,0.0,0.0,0.0,0.0,0.0,0.0,0.0,0.0,0.0,0.0,0.0,0.0,61.6,74,13,65512,50,65476,0,300,0,0,8,20529,65476,0,0,26214,60.0,0.0,0.0,0.0,0.0,0.0
2026-05-17T18:17:26,ERR,ERR,ERR,ERR,ERR,ERR,ERR,ERR,ERR,ERR,ERR,ERR,ERR,ERR,ERR,ERR,ERR,ERR,ERR,ERR,ERR,ERR,ERR,ERR,ERR,ERR,ERR,ERR,ERR,ERR,ERR,ERR,ERR,ERR,ERR,ERR,ERR,ERR,ERR,ERR,ERR,ERR,ERR,ERR,ERR,ERR,ERR,ERR,ERR,ERR,ERR,ERR,ERR,ERR,ERR,ERR,ERR,ERR,ERR,ERR,ERR,ERR,ERR,ERR,ERR,ERR,ERR,ERR,ERR,ERR,ERR,ERR,ERR,ERR,ERR,ERR,ERR,ERR,ERR,ERR,ERR,ERR,ERR,ERR,ERR,ERR,ERR,ERR,ERR,ERR,ERR,ERR,ERR,ERR,ERR,ERR,ERR,ERR,ERR,ERR,ERR,ERR,ERR,ERR,ERR,ERR,ERR,ERR,ERR,ERR,ERR,ERR,ERR,ERR,ERR,ERR,ERR,ERR,ERR,ERR,ERR,ERR,ERR,ERR,ERR,0.0,-107615296.0,-134474944.0,0.0,0.0,1.3936040501711995e+18,7.805,0.0,0,0,4,0,8422,0.0,45,0.0,0.0,0.0,0.0,0.0,0,0,0,0,0.0,0,0,0,0,0,0,0,0,0,0,0,0,0,0,0,0,0,0,0,0,0,0,0,0,0,0,0,0,0,0,0,0,0,38,14,7,45,65476,0,300,0,0,8,21553,0.0,-107605600.0,0.0,0.0,0.0,0.0,0.0,0.0,0.0,0.0,0.0,0.0,0.0,0.0,0.0,0.0,0.0,0.0,0.0,0.0,0.0,0.0,0.0,0.0,-0.0,0.0,0.0,0.0,0.0,0.0,5048.0,-0.0,0.0,0.0,-107615296.0,-107615280.0,2.718429300292151e+23,0.0,0.0,0.0,0.0,53,-0.0,-0.0,0.0,0.0,0.0,0.0,0.0,0.0,0.0,0,0,0,0.0,0.0,0.0,0.0,0.0,0.0,0.0,0.0,0.0,0.0,0.0,0.0,0.0,0.0,0.0,0.0,0,-107875648.0,53,0.0,106,-107614832.0,0.0,ERR,ERR,ERR,ERR,ERR,ERR,ERR,ERR,ERR,ERR,ERR,ERR,ERR,ERR,ERR,ERR,ERR,ERR,ERR,ERR,ERR,ERR,ERR,ERR,ERR,ERR,ERR,ERR,ERR,ERR,ERR,ERR,ERR,ERR,ERR,ERR,ERR,ERR,ERR,ERR,ERR,ERR,ERR,ERR,ERR,ERR,ERR,ERR,ERR,ERR,ERR,ERR,ERR,ERR,ERR,ERR,ERR,ERR,ERR,ERR,ERR,ERR,ERR,ERR,ERR,ERR,ERR,50.0,60.0,100,0.0,0.0,0.0,0.0,0.0,0.0,0.0,0.0,0.0,0.0,0.0,0.0,0.0,0.0,0.0,0.0,62.0,74,13,65512,50,65476,0,300,0,0,8,20529,65476,0,0,26214,60.0,0.0,0.0,0.0,0.0,0.0
2026-05-17T18:17:27,ERR,ERR,ERR,ERR,ERR,ERR,ERR,ERR,ERR,ERR,ERR,ERR,ERR,ERR,ERR,ERR,ERR,ERR,ERR,ERR,ERR,ERR,ERR,ERR,ERR,ERR,ERR,ERR,ERR,ERR,ERR,ERR,ERR,ERR,ERR,ERR,ERR,ERR,ERR,ERR,ERR,ERR,ERR,ERR,ERR,ERR,ERR,ERR,ERR,ERR,ERR,ERR,ERR,ERR,ERR,ERR,ERR,ERR,ERR,ERR,ERR,ERR,ERR,ERR,ERR,ERR,ERR,ERR,ERR,ERR,ERR,ERR,ERR,ERR,ERR,ERR,ERR,ERR,ERR,ERR,ERR,ERR,ERR,ERR,ERR,ERR,ERR,ERR,ERR,ERR,ERR,ERR,ERR,ERR,ERR,ERR,ERR,ERR,ERR,ERR,ERR,ERR,ERR,ERR,ERR,ERR,ERR,ERR,ERR,ERR,ERR,ERR,ERR,ERR,ERR,ERR,ERR,ERR,ERR,ERR,ERR,ERR,ERR,ERR,ERR,0.0,-107615296.0,-134474944.0,0.0,0.0,1.3936040501711995e+18,7.805,0.0,0,0,4,0,8422,0.0,45,0.0,0.0,0.0,0.0,0.0,0,0,0,0,0.0,0,0,0,0,0,0,0,0,0,0,0,0,0,0,0,0,0,0,0,0,0,0,0,0,0,0,0,0,0,0,0,0,0,38,14,7,45,65476,0,300,0,0,8,21553,0.0,-107605600.0,0.0,0.0,0.0,0.0,0.0,0.0,0.0,0.0,0.0,0.0,0.0,0.0,0.0,0.0,0.0,0.0,0.0,0.0,0.0,0.0,0.0,0.0,-0.0,0.0,0.0,0.0,0.0,0.0,5048.0,-0.0,0.0,0.0,-107615296.0,-107615280.0,2.718429300292151e+23,0.0,0.0,0.0,0.0,53,-0.0,-0.0,0.0,0.0,0.0,0.0,0.0,0.0,0.0,0,0,0,0.0,0.0,0.0,0.0,0.0,0.0,0.0,0.0,0.0,0.0,0.0,0.0,0.0,0.0,0.0,0.0,0,-107875648.0,53,0.0,106,-107614832.0,0.0,ERR,ERR,ERR,ERR,ERR,ERR,ERR,ERR,ERR,ERR,ERR,ERR,ERR,ERR,ERR,ERR,ERR,ERR,ERR,ERR,ERR,ERR,ERR,ERR,ERR,ERR,ERR,ERR,ERR,ERR,ERR,ERR,ERR,ERR,ERR,ERR,ERR,ERR,ERR,ERR,ERR,ERR,ERR,ERR,ERR,ERR,ERR,ERR,ERR,ERR,ERR,ERR,ERR,ERR,ERR,ERR,ERR,ERR,ERR,ERR,ERR,ERR,ERR,ERR,ERR,ERR,ERR,50.0,60.0,100,0.0,0.0,0.0,0.0,0.0,0.0,0.0,0.0,0.0,0.0,0.0,0.0,0.0,0.0,0.0,0.0,62.0,74,13,65512,50,65476,0,300,0,0,8,20529,65476,0,0,26214,60.0,0.0,0.0,0.0,0.0,0.0
2026-05-17T18:17:28,ERR,ERR,ERR,ERR,ERR,ERR,ERR,ERR,ERR,ERR,ERR,ERR,ERR,ERR,ERR,ERR,ERR,ERR,ERR,ERR,ERR,ERR,ERR,ERR,ERR,ERR,ERR,ERR,ERR,ERR,ERR,ERR,ERR,ERR,ERR,ERR,ERR,ERR,ERR,ERR,ERR,ERR,ERR,ERR,ERR,ERR,ERR,ERR,ERR,ERR,ERR,ERR,ERR,ERR,ERR,ERR,ERR,ERR,ERR,ERR,ERR,ERR,ERR,ERR,ERR,ERR,ERR,ERR,ERR,ERR,ERR,ERR,ERR,ERR,ERR,ERR,ERR,ERR,ERR,ERR,ERR,ERR,ERR,ERR,ERR,ERR,ERR,ERR,ERR,ERR,ERR,ERR,ERR,ERR,ERR,ERR,ERR,ERR,ERR,ERR,ERR,ERR,ERR,ERR,ERR,ERR,ERR,ERR,ERR,ERR,ERR,ERR,ERR,ERR,ERR,ERR,ERR,ERR,ERR,ERR,ERR,ERR,ERR,ERR,ERR,0.0,-107615296.0,-134474944.0,0.0,0.0,1.3936040501711995e+18,7.805,0.0,0,0,4,0,8422,0.0,45,0.0,0.0,0.0,0.0,0.0,0,0,0,0,0.0,0,0,0,0,0,0,0,0,0,0,0,0,0,0,0,0,0,0,0,0,0,0,0,0,0,0,0,0,0,0,0,0,0,38,14,7,45,65476,0,300,0,0,8,21553,0.0,-107605600.0,0.0,0.0,0.0,0.0,0.0,0.0,0.0,0.0,0.0,0.0,0.0,0.0,0.0,0.0,0.0,0.0,0.0,0.0,0.0,0.0,0.0,0.0,-0.0,0.0,0.0,0.0,0.0,0.0,5048.0,-0.0,0.0,0.0,-107615296.0,-107615280.0,2.718429300292151e+23,0.0,0.0,0.0,0.0,53,-0.0,-0.0,0.0,0.0,0.0,0.0,0.0,0.0,0.0,0,0,0,0.0,0.0,0.0,0.0,0.0,0.0,0.0,0.0,0.0,0.0,0.0,0.0,0.0,0.0,0.0,0.0,0,-107875648.0,53,0.0,106,-107614832.0,0.0,ERR,ERR,ERR,ERR,ERR,ERR,ERR,ERR,ERR,ERR,ERR,ERR,ERR,ERR,ERR,ERR,ERR,ERR,ERR,ERR,ERR,ERR,ERR,ERR,ERR,ERR,ERR,ERR,ERR,ERR,ERR,ERR,ERR,ERR,ERR,ERR,ERR,ERR,ERR,ERR,ERR,ERR,ERR,ERR,ERR,ERR,ERR,ERR,ERR,ERR,ERR,ERR,ERR,ERR,ERR,ERR,ERR,ERR,ERR,ERR,ERR,ERR,ERR,ERR,ERR,ERR,ERR,50.0,60.0,100,0.0,0.0,0.0,0.0,0.0,0.0,0.0,0.0,0.0,0.0,0.0,0.0,0.0,0.0,0.0,0.0,61.6,74,13,65512,50,65476,0,300,0,0,8,20529,65476,0,0,26214,60.0,0.0,0.0,0.0,0.0,0.0
2026-05-17T18:17:29,ERR,ERR,ERR,ERR,ERR,ERR,ERR,ERR,ERR,ERR,ERR,ERR,ERR,ERR,ERR,ERR,ERR,ERR,ERR,ERR,ERR,ERR,ERR,ERR,ERR,ERR,ERR,ERR,ERR,ERR,ERR,ERR,ERR,ERR,ERR,ERR,ERR,ERR,ERR,ERR,ERR,ERR,ERR,ERR,ERR,ERR,ERR,ERR,ERR,ERR,ERR,ERR,ERR,ERR,ERR,ERR,ERR,ERR,ERR,ERR,ERR,ERR,ERR,ERR,ERR,ERR,ERR,ERR,ERR,ERR,ERR,ERR,ERR,ERR,ERR,ERR,ERR,ERR,ERR,ERR,ERR,ERR,ERR,ERR,ERR,ERR,ERR,ERR,ERR,ERR,ERR,ERR,ERR,ERR,ERR,ERR,ERR,ERR,ERR,ERR,ERR,ERR,ERR,ERR,ERR,ERR,ERR,ERR,ERR,ERR,ERR,ERR,ERR,ERR,ERR,ERR,ERR,ERR,ERR,ERR,ERR,ERR,ERR,ERR,ERR,0.0,-107615296.0,-134474944.0,0.0,0.0,1.3936040501711995e+18,7.805,0.0,0,0,4,0,8422,0.0,45,0.0,0.0,0.0,0.0,0.0,0,0,0,0,0.0,0,0,0,0,0,0,0,0,0,0,0,0,0,0,0,0,0,0,0,0,0,0,0,0,0,0,0,0,0,0,0,0,0,38,14,7,45,65476,0,300,0,0,8,21553,0.0,-107605600.0,0.0,0.0,0.0,0.0,0.0,0.0,0.0,0.0,0.0,0.0,0.0,0.0,0.0,0.0,0.0,0.0,0.0,0.0,0.0,0.0,0.0,0.0,-0.0,0.0,0.0,0.0,0.0,0.0,5048.0,-0.0,0.0,0.0,-107615296.0,-107615280.0,2.718429300292151e+23,0.0,0.0,0.0,0.0,53,-0.0,-0.0,0.0,0.0,0.0,0.0,0.0,0.0,0.0,0,0,0,0.0,0.0,0.0,0.0,0.0,0.0,0.0,0.0,0.0,0.0,0.0,0.0,0.0,0.0,0.0,0.0,0,-107875648.0,53,0.0,106,-107614832.0,0.0,ERR,ERR,ERR,ERR,ERR,ERR,ERR,ERR,ERR,ERR,ERR,ERR,ERR,ERR,ERR,ERR,ERR,ERR,ERR,ERR,ERR,ERR,ERR,ERR,ERR,ERR,ERR,ERR,ERR,ERR,ERR,ERR,ERR,ERR,ERR,ERR,ERR,ERR,ERR,ERR,ERR,ERR,ERR,ERR,ERR,ERR,ERR,ERR,ERR,ERR,ERR,ERR,ERR,ERR,ERR,ERR,ERR,ERR,ERR,ERR,ERR,ERR,ERR,ERR,ERR,ERR,ERR,50.0,60.0,100,0.0,0.0,0.0,0.0,0.0,0.0,0.0,0.0,0.0,0.0,0.0,0.0,0.0,0.0,0.0,0.0,61.6,74,13,65512,50,65476,0,300,0,0,8,20529,65476,0,0,26214,60.0,0.0,0.0,0.0,0.0,0.0
2026-05-17T18:17:30,ERR,ERR,ERR,ERR,ERR,ERR,ERR,ERR,ERR,ERR,ERR,ERR,ERR,ERR,ERR,ERR,ERR,ERR,ERR,ERR,ERR,ERR,ERR,ERR,ERR,ERR,ERR,ERR,ERR,ERR,ERR,ERR,ERR,ERR,ERR,ERR,ERR,ERR,ERR,ERR,ERR,ERR,ERR,ERR,ERR,ERR,ERR,ERR,ERR,ERR,ERR,ERR,ERR,ERR,ERR,ERR,ERR,ERR,ERR,ERR,ERR,ERR,ERR,ERR,ERR,ERR,ERR,ERR,ERR,ERR,ERR,ERR,ERR,ERR,ERR,ERR,ERR,ERR,ERR,ERR,ERR,ERR,ERR,ERR,ERR,ERR,ERR,ERR,ERR,ERR,ERR,ERR,ERR,ERR,ERR,ERR,ERR,ERR,ERR,ERR,ERR,ERR,ERR,ERR,ERR,ERR,ERR,ERR,ERR,ERR,ERR,ERR,ERR,ERR,ERR,ERR,ERR,ERR,ERR,ERR,ERR,ERR,ERR,ERR,ERR,0.0,-107615296.0,-134474944.0,0.0,0.0,1.3936040501711995e+18,7.805,0.0,0,0,4,0,8422,0.0,45,0.0,0.0,0.0,0.0,0.0,0,0,0,0,0.0,0,0,0,0,0,0,0,0,0,0,0,0,0,0,0,0,0,0,0,0,0,0,0,0,0,0,0,0,0,0,0,0,0,38,14,7,45,65476,0,300,0,0,8,21553,0.0,-107605600.0,0.0,0.0,0.0,0.0,0.0,0.0,0.0,0.0,0.0,0.0,0.0,0.0,0.0,0.0,0.0,0.0,0.0,0.0,0.0,0.0,0.0,0.0,-0.0,0.0,0.0,0.0,0.0,0.0,5051.0,1.040665504650976e+34,0.0,0.0,-107615296.0,-107615280.0,2.718429300292151e+23,0.0,0.0,0.0,0.0,53,-0.0,-0.0,0.0,0.0,0.0,0.0,0.0,0.0,0.0,0,0,0,0.0,0.0,0.0,0.0,0.0,0.0,0.0,0.0,0.0,0.0,0.0,0.0,0.0,0.0,0.0,0.0,0,-107875648.0,53,0.0,106,-107614832.0,0.0,ERR,ERR,ERR,ERR,ERR,ERR,ERR,ERR,ERR,ERR,ERR,ERR,ERR,ERR,ERR,ERR,ERR,ERR,ERR,ERR,ERR,ERR,ERR,ERR,ERR,ERR,ERR,ERR,ERR,ERR,ERR,ERR,ERR,ERR,ERR,ERR,ERR,ERR,ERR,ERR,ERR,ERR,ERR,ERR,ERR,ERR,ERR,ERR,ERR,ERR,ERR,ERR,ERR,ERR,ERR,ERR,ERR,ERR,ERR,ERR,ERR,ERR,ERR,ERR,ERR,ERR,ERR,50.0,60.0,100,0.0,0.0,0.0,0.0,0.0,0.0,0.0,0.0,0.0,0.0,0.0,0.0,0.0,0.0,0.0,0.0,61.6,74,13,65512,50,65476,0,300,0,0,8,20529,65476,0,0,26214,60.0,0.0,0.0,0.0,0.0,0.0
2026-05-17T18:17:31,ERR,ERR,ERR,ERR,ERR,ERR,ERR,ERR,ERR,ERR,ERR,ERR,ERR,ERR,ERR,ERR,ERR,ERR,ERR,ERR,ERR,ERR,ERR,ERR,ERR,ERR,ERR,ERR,ERR,ERR,ERR,ERR,ERR,ERR,ERR,ERR,ERR,ERR,ERR,ERR,ERR,ERR,ERR,ERR,ERR,ERR,ERR,ERR,ERR,ERR,ERR,ERR,ERR,ERR,ERR,ERR,ERR,ERR,ERR,ERR,ERR,ERR,ERR,ERR,ERR,ERR,ERR,ERR,ERR,ERR,ERR,ERR,ERR,ERR,ERR,ERR,ERR,ERR,ERR,ERR,ERR,ERR,ERR,ERR,ERR,ERR,ERR,ERR,ERR,ERR,ERR,ERR,ERR,ERR,ERR,ERR,ERR,ERR,ERR,ERR,ERR,ERR,ERR,ERR,ERR,ERR,ERR,ERR,ERR,ERR,ERR,ERR,ERR,ERR,ERR,ERR,ERR,ERR,ERR,ERR,ERR,ERR,ERR,ERR,ERR,0.0,-107615296.0,-134474944.0,0.0,0.0,1.3936040501711995e+18,7.805,0.0,0,0,4,0,8422,0.0,45,0.0,0.0,0.0,0.0,0.0,0,0,0,0,0.0,0,0,0,0,0,0,0,0,0,0,0,0,0,0,0,0,0,0,0,0,0,0,0,0,0,0,0,0,0,0,0,0,0,38,14,7,45,65476,0,300,0,0,8,21553,0.0,-107605600.0,0.0,0.0,0.0,0.0,0.0,0.0,0.0,0.0,0.0,0.0,0.0,0.0,0.0,0.0,0.0,0.0,0.0,0.0,0.0,0.0,0.0,0.0,-0.0,0.0,0.0,0.0,0.0,0.0,5051.0,1.040665504650976e+34,0.0,0.0,-107615296.0,-107615280.0,2.718429300292151e+23,0.0,0.0,0.0,0.0,53,-0.0,-0.0,0.0,0.0,0.0,0.0,0.0,0.0,0.0,0,0,0,0.0,0.0,0.0,0.0,0.0,0.0,0.0,0.0,0.0,0.0,0.0,0.0,0.0,0.0,0.0,0.0,0,-107875648.0,53,0.0,106,-107614832.0,0.0,ERR,ERR,ERR,ERR,ERR,ERR,ERR,ERR,ERR,ERR,ERR,ERR,ERR,ERR,ERR,ERR,ERR,ERR,ERR,ERR,ERR,ERR,ERR,ERR,ERR,ERR,ERR,ERR,ERR,ERR,ERR,ERR,ERR,ERR,ERR,ERR,ERR,ERR,ERR,ERR,ERR,ERR,ERR,ERR,ERR,ERR,ERR,ERR,ERR,ERR,ERR,ERR,ERR,ERR,ERR,ERR,ERR,ERR,ERR,ERR,ERR,ERR,ERR,ERR,ERR,ERR,ERR,50.0,60.0,100,0.0,0.0,0.0,0.0,0.0,0.0,0.0,0.0,0.0,0.0,0.0,0.0,0.0,0.0,0.0,0.0,61.6,74,13,65512,50,65476,0,300,0,0,8,20529,65476,0,0,26214,60.0,0.0,0.0,0.0,0.0,0.0
2026-05-17T18:17:32,ERR,ERR,ERR,ERR,ERR,ERR,ERR,ERR,ERR,ERR,ERR,ERR,ERR,ERR,ERR,ERR,ERR,ERR,ERR,ERR,ERR,ERR,ERR,ERR,ERR,ERR,ERR,ERR,ERR,ERR,ERR,ERR,ERR,ERR,ERR,ERR,ERR,ERR,ERR,ERR,ERR,ERR,ERR,ERR,ERR,ERR,ERR,ERR,ERR,ERR,ERR,ERR,ERR,ERR,ERR,ERR,ERR,ERR,ERR,ERR,ERR,ERR,ERR,ERR,ERR,ERR,ERR,ERR,ERR,ERR,ERR,ERR,ERR,ERR,ERR,ERR,ERR,ERR,ERR,ERR,ERR,ERR,ERR,ERR,ERR,ERR,ERR,ERR,ERR,ERR,ERR,ERR,ERR,ERR,ERR,ERR,ERR,ERR,ERR,ERR,ERR,ERR,ERR,ERR,ERR,ERR,ERR,ERR,ERR,ERR,ERR,ERR,ERR,ERR,ERR,ERR,ERR,ERR,ERR,ERR,ERR,ERR,ERR,ERR,ERR,0.0,-107615296.0,-134474944.0,0.0,0.0,1.3936040501711995e+18,7.805,0.0,0,0,4,0,8422,0.0,45,0.0,0.0,0.0,0.0,0.0,0,0,0,0,0.0,0,0,0,0,0,0,0,0,0,0,0,0,0,0,0,0,0,0,0,0,0,0,0,0,0,0,0,0,0,0,0,0,0,38,14,7,45,65476,0,300,0,0,8,21553,0.0,-107605600.0,0.0,0.0,0.0,0.0,0.0,0.0,0.0,0.0,0.0,0.0,0.0,0.0,0.0,0.0,0.0,0.0,0.0,0.0,0.0,0.0,0.0,0.0,-0.0,0.0,0.0,0.0,0.0,0.0,5051.0,1.040665504650976e+34,0.0,0.0,-107615296.0,-107615280.0,2.718429300292151e+23,0.0,0.0,0.0,0.0,53,-0.0,-0.0,0.0,0.0,0.0,0.0,0.0,0.0,0.0,0,0,0,0.0,0.0,0.0,0.0,0.0,0.0,0.0,0.0,0.0,0.0,0.0,0.0,0.0,0.0,0.0,0.0,0,-107875648.0,53,0.0,106,-107614832.0,0.0,ERR,ERR,ERR,ERR,ERR,ERR,ERR,ERR,ERR,ERR,ERR,ERR,ERR,ERR,ERR,ERR,ERR,ERR,ERR,ERR,ERR,ERR,ERR,ERR,ERR,ERR,ERR,ERR,ERR,ERR,ERR,ERR,ERR,ERR,ERR,ERR,ERR,ERR,ERR,ERR,ERR,ERR,ERR,ERR,ERR,ERR,ERR,ERR,ERR,ERR,ERR,ERR,ERR,ERR,ERR,ERR,ERR,ERR,ERR,ERR,ERR,ERR,ERR,ERR,ERR,ERR,ERR,50.0,60.0,100,0.0,0.0,0.0,0.0,0.0,0.0,0.0,0.0,0.0,0.0,0.0,0.0,0.0,0.0,0.0,0.0,62.0,74,13,65512,50,65476,0,300,0,0,8,20529,65476,0,0,26214,60.0,0.0,0.0,0.0,0.0,0.0
2026-05-17T18:17:33,ERR,ERR,ERR,ERR,ERR,ERR,ERR,ERR,ERR,ERR,ERR,ERR,ERR,ERR,ERR,ERR,ERR,ERR,ERR,ERR,ERR,ERR,ERR,ERR,ERR,ERR,ERR,ERR,ERR,ERR,ERR,ERR,ERR,ERR,ERR,ERR,ERR,ERR,ERR,ERR,ERR,ERR,ERR,ERR,ERR,ERR,ERR,ERR,ERR,ERR,ERR,ERR,ERR,ERR,ERR,ERR,ERR,ERR,ERR,ERR,ERR,ERR,ERR,ERR,ERR,ERR,ERR,ERR,ERR,ERR,ERR,ERR,ERR,ERR,ERR,ERR,ERR,ERR,ERR,ERR,ERR,ERR,ERR,ERR,ERR,ERR,ERR,ERR,ERR,ERR,ERR,ERR,ERR,ERR,ERR,ERR,ERR,ERR,ERR,ERR,ERR,ERR,ERR,ERR,ERR,ERR,ERR,ERR,ERR,ERR,ERR,ERR,ERR,ERR,ERR,ERR,ERR,ERR,ERR,ERR,ERR,ERR,ERR,ERR,ERR,0.0,-107615296.0,-134474944.0,0.0,0.0,1.3936040501711995e+18,7.805,0.0,0,0,4,0,8422,0.0,45,0.0,0.0,0.0,0.0,0.0,0,0,0,0,0.0,0,0,0,0,0,0,0,0,0,0,0,0,0,0,0,0,0,0,0,0,0,0,0,0,0,0,0,0,0,0,0,0,0,38,14,7,45,65476,0,300,0,0,8,21553,0.0,-107605600.0,0.0,0.0,0.0,0.0,0.0,0.0,0.0,0.0,0.0,0.0,0.0,0.0,0.0,0.0,0.0,0.0,0.0,0.0,0.0,0.0,0.0,0.0,-0.0,0.0,0.0,0.0,0.0,0.0,5051.0,1.040665504650976e+34,0.0,0.0,-107615296.0,-107615280.0,2.718429300292151e+23,0.0,0.0,0.0,0.0,53,-0.0,-0.0,0.0,0.0,0.0,0.0,0.0,0.0,0.0,0,0,0,0.0,0.0,0.0,0.0,0.0,0.0,0.0,0.0,0.0,0.0,0.0,0.0,0.0,0.0,0.0,0.0,0,-107875648.0,53,0.0,106,-107614832.0,0.0,ERR,ERR,ERR,ERR,ERR,ERR,ERR,ERR,ERR,ERR,ERR,ERR,ERR,ERR,ERR,ERR,ERR,ERR,ERR,ERR,ERR,ERR,ERR,ERR,ERR,ERR,ERR,ERR,ERR,ERR,ERR,ERR,ERR,ERR,ERR,ERR,ERR,ERR,ERR,ERR,ERR,ERR,ERR,ERR,ERR,ERR,ERR,ERR,ERR,ERR,ERR,ERR,ERR,ERR,ERR,ERR,ERR,ERR,ERR,ERR,ERR,ERR,ERR,ERR,ERR,ERR,ERR,50.0,60.0,100,0.0,0.0,0.0,0.0,0.0,0.0,0.0,0.0,0.0,0.0,0.0,0.0,0.0,0.0,0.0,0.0,62.0,74,13,65512,50,65476,0,300,0,0,8,20529,65476,0,0,26214,60.0,0.0,0.0,0.0,0.0,0.0
2026-05-17T18:17:34,ERR,ERR,ERR,ERR,ERR,ERR,ERR,ERR,ERR,ERR,ERR,ERR,ERR,ERR,ERR,ERR,ERR,ERR,ERR,ERR,ERR,ERR,ERR,ERR,ERR,ERR,ERR,ERR,ERR,ERR,ERR,ERR,ERR,ERR,ERR,ERR,ERR,ERR,ERR,ERR,ERR,ERR,ERR,ERR,ERR,ERR,ERR,ERR,ERR,ERR,ERR,ERR,ERR,ERR,ERR,ERR,ERR,ERR,ERR,ERR,ERR,ERR,ERR,ERR,ERR,ERR,ERR,ERR,ERR,ERR,ERR,ERR,ERR,ERR,ERR,ERR,ERR,ERR,ERR,ERR,ERR,ERR,ERR,ERR,ERR,ERR,ERR,ERR,ERR,ERR,ERR,ERR,ERR,ERR,ERR,ERR,ERR,ERR,ERR,ERR,ERR,ERR,ERR,ERR,ERR,ERR,ERR,ERR,ERR,ERR,ERR,ERR,ERR,ERR,ERR,ERR,ERR,ERR,ERR,ERR,ERR,ERR,ERR,ERR,ERR,0.0,-107615296.0,-134474944.0,0.0,0.0,1.3936040501711995e+18,7.805,0.0,0,0,4,0,8422,0.0,45,0.0,0.0,0.0,0.0,0.0,0,0,0,0,0.0,0,0,0,0,0,0,0,0,0,0,0,0,0,0,0,0,0,0,0,0,0,0,0,0,0,0,0,0,0,0,0,0,0,38,14,7,45,65476,0,300,0,0,8,21553,0.0,-107605600.0,0.0,0.0,0.0,0.0,0.0,0.0,0.0,0.0,0.0,0.0,0.0,0.0,0.0,0.0,0.0,0.0,0.0,0.0,0.0,0.0,0.0,0.0,-0.0,0.0,0.0,0.0,0.0,0.0,5051.0,1.040665504650976e+34,0.0,0.0,-107615296.0,-107615280.0,2.718429300292151e+23,0.0,0.0,0.0,0.0,53,-0.0,-0.0,0.0,0.0,0.0,0.0,0.0,0.0,0.0,0,0,0,0.0,0.0,0.0,0.0,0.0,0.0,0.0,0.0,0.0,0.0,0.0,0.0,0.0,0.0,0.0,0.0,0,-107875648.0,53,0.0,106,-107614832.0,0.0,ERR,ERR,ERR,ERR,ERR,ERR,ERR,ERR,ERR,ERR,ERR,ERR,ERR,ERR,ERR,ERR,ERR,ERR,ERR,ERR,ERR,ERR,ERR,ERR,ERR,ERR,ERR,ERR,ERR,ERR,ERR,ERR,ERR,ERR,ERR,ERR,ERR,ERR,ERR,ERR,ERR,ERR,ERR,ERR,ERR,ERR,ERR,ERR,ERR,ERR,ERR,ERR,ERR,ERR,ERR,ERR,ERR,ERR,ERR,ERR,ERR,ERR,ERR,ERR,ERR,ERR,ERR,50.0,60.0,100,0.0,0.0,0.0,0.0,0.0,0.0,0.0,0.0,0.0,0.0,0.0,0.0,0.0,0.0,0.0,0.0,62.0,74,13,65512,50,65476,0,300,0,0,8,20529,65476,0,0,26214,60.0,0.0,0.0,0.0,0.0,0.0
2026-05-17T18:17:35,ERR,ERR,ERR,ERR,ERR,ERR,ERR,ERR,ERR,ERR,ERR,ERR,ERR,ERR,ERR,ERR,ERR,ERR,ERR,ERR,ERR,ERR,ERR,ERR,ERR,ERR,ERR,ERR,ERR,ERR,ERR,ERR,ERR,ERR,ERR,ERR,ERR,ERR,ERR,ERR,ERR,ERR,ERR,ERR,ERR,ERR,ERR,ERR,ERR,ERR,ERR,ERR,ERR,ERR,ERR,ERR,ERR,ERR,ERR,ERR,ERR,ERR,ERR,ERR,ERR,ERR,ERR,ERR,ERR,ERR,ERR,ERR,ERR,ERR,ERR,ERR,ERR,ERR,ERR,ERR,ERR,ERR,ERR,ERR,ERR,ERR,ERR,ERR,ERR,ERR,ERR,ERR,ERR,ERR,ERR,ERR,ERR,ERR,ERR,ERR,ERR,ERR,ERR,ERR,ERR,ERR,ERR,ERR,ERR,ERR,ERR,ERR,ERR,ERR,ERR,ERR,ERR,ERR,ERR,ERR,ERR,ERR,ERR,ERR,ERR,0.0,-107615296.0,-134474944.0,0.0,0.0,1.3936040501711995e+18,7.805,0.0,0,0,4,0,8422,0.0,45,0.0,0.0,0.0,0.0,0.0,0,0,0,0,0.0,0,0,0,0,0,0,0,0,0,0,0,0,0,0,0,0,0,0,0,0,0,0,0,0,0,0,0,0,0,0,0,0,0,38,14,7,45,65476,0,300,0,0,8,21553,0.0,-107605600.0,0.0,0.0,0.0,0.0,0.0,0.0,0.0,0.0,0.0,0.0,0.0,0.0,0.0,0.0,0.0,0.0,0.0,0.0,0.0,0.0,0.0,0.0,-0.0,0.0,0.0,0.0,0.0,0.0,5051.0,-0.0,0.0,0.0,-107615296.0,-107615280.0,2.718429300292151e+23,0.0,0.0,0.0,0.0,53,-0.0,-0.0,0.0,0.0,0.0,0.0,0.0,0.0,0.0,0,0,0,0.0,0.0,0.0,0.0,0.0,0.0,0.0,0.0,0.0,0.0,0.0,0.0,0.0,0.0,0.0,0.0,0,-107875648.0,53,0.0,106,-107614832.0,0.0,ERR,ERR,ERR,ERR,ERR,ERR,ERR,ERR,ERR,ERR,ERR,ERR,ERR,ERR,ERR,ERR,ERR,ERR,ERR,ERR,ERR,ERR,ERR,ERR,ERR,ERR,ERR,ERR,ERR,ERR,ERR,ERR,ERR,ERR,ERR,ERR,ERR,ERR,ERR,ERR,ERR,ERR,ERR,ERR,ERR,ERR,ERR,ERR,ERR,ERR,ERR,ERR,ERR,ERR,ERR,ERR,ERR,ERR,ERR,ERR,ERR,ERR,ERR,ERR,ERR,ERR,ERR,50.0,60.0,100,0.0,0.0,0.0,0.0,0.0,0.0,0.0,0.0,0.0,0.0,0.0,0.0,0.0,0.0,0.0,0.0,61.6,74,13,65512,50,65476,0,300,0,0,8,20529,65476,0,0,26214,60.0,0.0,0.0,0.0,0.0,0.0
2026-05-17T18:17:36,ERR,ERR,ERR,ERR,ERR,ERR,ERR,ERR,ERR,ERR,ERR,ERR,ERR,ERR,ERR,ERR,ERR,ERR,ERR,ERR,ERR,ERR,ERR,ERR,ERR,ERR,ERR,ERR,ERR,ERR,ERR,ERR,ERR,ERR,ERR,ERR,ERR,ERR,ERR,ERR,ERR,ERR,ERR,ERR,ERR,ERR,ERR,ERR,ERR,ERR,ERR,ERR,ERR,ERR,ERR,ERR,ERR,ERR,ERR,ERR,ERR,ERR,ERR,ERR,ERR,ERR,ERR,ERR,ERR,ERR,ERR,ERR,ERR,ERR,ERR,ERR,ERR,ERR,ERR,ERR,ERR,ERR,ERR,ERR,ERR,ERR,ERR,ERR,ERR,ERR,ERR,ERR,ERR,ERR,ERR,ERR,ERR,ERR,ERR,ERR,ERR,ERR,ERR,ERR,ERR,ERR,ERR,ERR,ERR,ERR,ERR,ERR,ERR,ERR,ERR,ERR,ERR,ERR,ERR,ERR,ERR,ERR,ERR,ERR,ERR,0.0,-107615296.0,-134474944.0,0.0,0.0,1.3936040501711995e+18,7.805,0.0,0,0,4,0,8422,0.0,45,0.0,0.0,0.0,0.0,0.0,0,0,0,0,0.0,0,0,0,0,0,0,0,0,0,0,0,0,0,0,0,0,0,0,0,0,0,0,0,0,0,0,0,0,0,0,0,0,0,38,14,7,45,65476,0,300,0,0,8,21553,0.0,-107605600.0,0.0,0.0,0.0,0.0,0.0,0.0,0.0,0.0,0.0,0.0,0.0,0.0,0.0,0.0,0.0,0.0,0.0,0.0,0.0,0.0,0.0,0.0,-0.0,0.0,0.0,0.0,0.0,0.0,5051.0,-0.0,0.0,0.0,-107615296.0,-107615280.0,2.718429300292151e+23,0.0,0.0,0.0,0.0,53,-0.0,-0.0,0.0,0.0,0.0,0.0,0.0,0.0,0.0,0,0,0,0.0,0.0,0.0,0.0,0.0,0.0,0.0,0.0,0.0,0.0,0.0,0.0,0.0,0.0,0.0,0.0,0,-107875648.0,53,0.0,106,-107614832.0,0.0,ERR,ERR,ERR,ERR,ERR,ERR,ERR,ERR,ERR,ERR,ERR,ERR,ERR,ERR,ERR,ERR,ERR,ERR,ERR,ERR,ERR,ERR,ERR,ERR,ERR,ERR,ERR,ERR,ERR,ERR,ERR,ERR,ERR,ERR,ERR,ERR,ERR,ERR,ERR,ERR,ERR,ERR,ERR,ERR,ERR,ERR,ERR,ERR,ERR,ERR,ERR,ERR,ERR,ERR,ERR,ERR,ERR,ERR,ERR,ERR,ERR,ERR,ERR,ERR,ERR,ERR,ERR,50.0,60.0,100,0.0,0.0,0.0,0.0,0.0,0.0,0.0,0.0,0.0,0.0,0.0,0.0,0.0,0.0,0.0,0.0,61.6,74,13,65512,50,65476,0,300,0,0,8,20529,65476,0,0,26214,60.0,0.0,0.0,0.0,0.0,0.0
2026-05-17T18:17:37,ERR,ERR,ERR,ERR,ERR,ERR,ERR,ERR,ERR,ERR,ERR,ERR,ERR,ERR,ERR,ERR,ERR,ERR,ERR,ERR,ERR,ERR,ERR,ERR,ERR,ERR,ERR,ERR,ERR,ERR,ERR,ERR,ERR,ERR,ERR,ERR,ERR,ERR,ERR,ERR,ERR,ERR,ERR,ERR,ERR,ERR,ERR,ERR,ERR,ERR,ERR,ERR,ERR,ERR,ERR,ERR,ERR,ERR,ERR,ERR,ERR,ERR,ERR,ERR,ERR,ERR,ERR,ERR,ERR,ERR,ERR,ERR,ERR,ERR,ERR,ERR,ERR,ERR,ERR,ERR,ERR,ERR,ERR,ERR,ERR,ERR,ERR,ERR,ERR,ERR,ERR,ERR,ERR,ERR,ERR,ERR,ERR,ERR,ERR,ERR,ERR,ERR,ERR,ERR,ERR,ERR,ERR,ERR,ERR,ERR,ERR,ERR,ERR,ERR,ERR,ERR,ERR,ERR,ERR,ERR,ERR,ERR,ERR,ERR,ERR,0.0,-107615296.0,-134474944.0,0.0,0.0,1.3936040501711995e+18,7.805,0.0,0,0,4,0,8422,0.0,45,0.0,0.0,0.0,0.0,0.0,0,0,0,0,0.0,0,0,0,0,0,0,0,0,0,0,0,0,0,0,0,0,0,0,0,0,0,0,0,0,0,0,0,0,0,0,0,0,0,38,14,7,45,65476,0,300,0,0,8,21553,0.0,-107605600.0,0.0,0.0,0.0,0.0,0.0,0.0,0.0,0.0,0.0,0.0,0.0,0.0,0.0,0.0,0.0,0.0,0.0,0.0,0.0,0.0,0.0,0.0,-0.0,0.0,0.0,0.0,0.0,0.0,5051.0,-0.0,0.0,0.0,-107615296.0,-107615280.0,2.718429300292151e+23,0.0,0.0,0.0,0.0,53,-0.0,-0.0,0.0,0.0,0.0,0.0,0.0,0.0,0.0,0,0,0,0.0,0.0,0.0,0.0,0.0,0.0,0.0,0.0,0.0,0.0,0.0,0.0,0.0,0.0,0.0,0.0,0,-107875648.0,53,0.0,106,-107614832.0,0.0,ERR,ERR,ERR,ERR,ERR,ERR,ERR,ERR,ERR,ERR,ERR,ERR,ERR,ERR,ERR,ERR,ERR,ERR,ERR,ERR,ERR,ERR,ERR,ERR,ERR,ERR,ERR,ERR,ERR,ERR,ERR,ERR,ERR,ERR,ERR,ERR,ERR,ERR,ERR,ERR,ERR,ERR,ERR,ERR,ERR,ERR,ERR,ERR,ERR,ERR,ERR,ERR,ERR,ERR,ERR,ERR,ERR,ERR,ERR,ERR,ERR,ERR,ERR,ERR,ERR,ERR,ERR,50.0,60.0,100,0.0,0.0,0.0,0.0,0.0,0.0,0.0,0.0,0.0,0.0,0.0,0.0,0.0,0.0,0.0,0.0,61.6,74,13,65512,50,65476,0,300,0,0,8,20529,65476,0,0,26214,60.0,0.0,0.0,0.0,0.0,0.0
2026-05-17T18:17:38,ERR,ERR,ERR,ERR,ERR,ERR,ERR,ERR,ERR,ERR,ERR,ERR,ERR,ERR,ERR,ERR,ERR,ERR,ERR,ERR,ERR,ERR,ERR,ERR,ERR,ERR,ERR,ERR,ERR,ERR,ERR,ERR,ERR,ERR,ERR,ERR,ERR,ERR,ERR,ERR,ERR,ERR,ERR,ERR,ERR,ERR,ERR,ERR,ERR,ERR,ERR,ERR,ERR,ERR,ERR,ERR,ERR,ERR,ERR,ERR,ERR,ERR,ERR,ERR,ERR,ERR,ERR,ERR,ERR,ERR,ERR,ERR,ERR,ERR,ERR,ERR,ERR,ERR,ERR,ERR,ERR,ERR,ERR,ERR,ERR,ERR,ERR,ERR,ERR,ERR,ERR,ERR,ERR,ERR,ERR,ERR,ERR,ERR,ERR,ERR,ERR,ERR,ERR,ERR,ERR,ERR,ERR,ERR,ERR,ERR,ERR,ERR,ERR,ERR,ERR,ERR,ERR,ERR,ERR,ERR,ERR,ERR,ERR,ERR,ERR,0.0,-107615296.0,-134474944.0,0.0,0.0,1.3936040501711995e+18,7.805,0.0,0,0,4,0,8422,0.0,45,0.0,0.0,0.0,0.0,0.0,0,0,0,0,0.0,0,0,0,0,0,0,0,0,0,0,0,0,0,0,0,0,0,0,0,0,0,0,0,0,0,0,0,0,0,0,0,0,0,38,14,7,45,65476,0,300,0,0,8,21553,0.0,-107605600.0,0.0,0.0,0.0,0.0,0.0,0.0,0.0,0.0,0.0,0.0,0.0,0.0,0.0,0.0,0.0,0.0,0.0,0.0,0.0,0.0,0.0,0.0,-0.0,0.0,0.0,0.0,0.0,0.0,5051.0,-0.0,0.0,0.0,-107615296.0,-107615280.0,2.718429300292151e+23,0.0,0.0,0.0,0.0,53,-0.0,-0.0,0.0,0.0,0.0,0.0,0.0,0.0,0.0,0,0,0,0.0,0.0,0.0,0.0,0.0,0.0,0.0,0.0,0.0,0.0,0.0,0.0,0.0,0.0,0.0,0.0,0,-107875648.0,53,0.0,106,-107614832.0,0.0,ERR,ERR,ERR,ERR,ERR,ERR,ERR,ERR,ERR,ERR,ERR,ERR,ERR,ERR,ERR,ERR,ERR,ERR,ERR,ERR,ERR,ERR,ERR,ERR,ERR,ERR,ERR,ERR,ERR,ERR,ERR,ERR,ERR,ERR,ERR,ERR,ERR,ERR,ERR,ERR,ERR,ERR,ERR,ERR,ERR,ERR,ERR,ERR,ERR,ERR,ERR,ERR,ERR,ERR,ERR,ERR,ERR,ERR,ERR,ERR,ERR,ERR,ERR,ERR,ERR,ERR,ERR,50.0,60.0,100,0.0,0.0,0.0,0.0,0.0,0.0,0.0,0.0,0.0,0.0,0.0,0.0,0.0,0.0,0.0,0.0,61.6,74,13,65512,50,65476,0,300,0,0,8,20529,65476,0,0,26214,60.0,0.0,0.0,0.0,0.0,0.0
2026-05-17T18:17:39,ERR,ERR,ERR,ERR,ERR,ERR,ERR,ERR,ERR,ERR,ERR,ERR,ERR,ERR,ERR,ERR,ERR,ERR,ERR,ERR,ERR,ERR,ERR,ERR,ERR,ERR,ERR,ERR,ERR,ERR,ERR,ERR,ERR,ERR,ERR,ERR,ERR,ERR,ERR,ERR,ERR,ERR,ERR,ERR,ERR,ERR,ERR,ERR,ERR,ERR,ERR,ERR,ERR,ERR,ERR,ERR,ERR,ERR,ERR,ERR,ERR,ERR,ERR,ERR,ERR,ERR,ERR,ERR,ERR,ERR,ERR,ERR,ERR,ERR,ERR,ERR,ERR,ERR,ERR,ERR,ERR,ERR,ERR,ERR,ERR,ERR,ERR,ERR,ERR,ERR,ERR,ERR,ERR,ERR,ERR,ERR,ERR,ERR,ERR,ERR,ERR,ERR,ERR,ERR,ERR,ERR,ERR,ERR,ERR,ERR,ERR,ERR,ERR,ERR,ERR,ERR,ERR,ERR,ERR,ERR,ERR,ERR,ERR,ERR,ERR,0.0,-107615296.0,-134474944.0,0.0,0.0,1.3936040501711995e+18,7.805,0.0,0,0,4,0,8422,0.0,45,0.0,0.0,0.0,0.0,0.0,0,0,0,0,0.0,0,0,0,0,0,0,0,0,0,0,0,0,0,0,0,0,0,0,0,0,0,0,0,0,0,0,0,0,0,0,0,0,0,38,14,7,45,65476,0,300,0,0,8,21553,0.0,-107605600.0,0.0,0.0,0.0,0.0,0.0,0.0,0.0,0.0,0.0,0.0,0.0,0.0,0.0,0.0,0.0,0.0,0.0,0.0,0.0,0.0,0.0,0.0,-0.0,0.0,0.0,0.0,0.0,0.0,5051.0,-0.0,0.0,0.0,-107615296.0,-107615280.0,2.718429300292151e+23,0.0,0.0,0.0,0.0,53,-0.0,-0.0,0.0,0.0,0.0,0.0,0.0,0.0,0.0,0,0,0,0.0,0.0,0.0,0.0,0.0,0.0,0.0,0.0,0.0,0.0,0.0,0.0,0.0,0.0,0.0,0.0,0,-107875648.0,53,0.0,106,-107614832.0,0.0,ERR,ERR,ERR,ERR,ERR,ERR,ERR,ERR,ERR,ERR,ERR,ERR,ERR,ERR,ERR,ERR,ERR,ERR,ERR,ERR,ERR,ERR,ERR,ERR,ERR,ERR,ERR,ERR,ERR,ERR,ERR,ERR,ERR,ERR,ERR,ERR,ERR,ERR,ERR,ERR,ERR,ERR,ERR,ERR,ERR,ERR,ERR,ERR,ERR,ERR,ERR,ERR,ERR,ERR,ERR,ERR,ERR,ERR,ERR,ERR,ERR,ERR,ERR,ERR,ERR,ERR,ERR,50.0,60.0,100,0.0,0.0,0.0,0.0,0.0,0.0,0.0,0.0,0.0,0.0,0.0,0.0,0.0,0.0,0.0,0.0,61.6,74,13,65512,50,65476,0,300,0,0,8,20529,65476,0,0,26214,60.0,0.0,0.0,0.0,0.0,0.0
2026-05-17T18:17:40,ERR,ERR,ERR,ERR,ERR,ERR,ERR,ERR,ERR,ERR,ERR,ERR,ERR,ERR,ERR,ERR,ERR,ERR,ERR,ERR,ERR,ERR,ERR,ERR,ERR,ERR,ERR,ERR,ERR,ERR,ERR,ERR,ERR,ERR,ERR,ERR,ERR,ERR,ERR,ERR,ERR,ERR,ERR,ERR,ERR,ERR,ERR,ERR,ERR,ERR,ERR,ERR,ERR,ERR,ERR,ERR,ERR,ERR,ERR,ERR,ERR,ERR,ERR,ERR,ERR,ERR,ERR,ERR,ERR,ERR,ERR,ERR,ERR,ERR,ERR,ERR,ERR,ERR,ERR,ERR,ERR,ERR,ERR,ERR,ERR,ERR,ERR,ERR,ERR,ERR,ERR,ERR,ERR,ERR,ERR,ERR,ERR,ERR,ERR,ERR,ERR,ERR,ERR,ERR,ERR,ERR,ERR,ERR,ERR,ERR,ERR,ERR,ERR,ERR,ERR,ERR,ERR,ERR,ERR,ERR,ERR,ERR,ERR,ERR,ERR,0.0,-107615296.0,-134474944.0,0.0,0.0,1.3936040501711995e+18,7.805,0.0,0,0,4,0,8422,0.0,45,0.0,0.0,0.0,0.0,0.0,0,0,0,0,0.0,0,0,0,0,0,0,0,0,0,0,0,0,0,0,0,0,0,0,0,0,0,0,0,0,0,0,0,0,0,0,0,0,0,38,14,7,45,65476,0,300,0,0,8,21553,0.0,-107605600.0,0.0,0.0,0.0,0.0,0.0,0.0,0.0,0.0,0.0,0.0,0.0,0.0,0.0,0.0,0.0,0.0,0.0,0.0,0.0,0.0,0.0,0.0,-0.0,0.0,0.0,0.0,0.0,0.0,5047.0,-0.0,0.0,0.0,-107615296.0,-107615280.0,2.718429300292151e+23,0.0,0.0,0.0,0.0,53,-0.0,-107614792.0,0.0,0.0,0.0,0.0,0.0,0.0,0.0,0,0,0,0.0,0.0,0.0,0.0,0.0,0.0,0.0,0.0,0.0,0.0,0.0,0.0,0.0,0.0,0.0,0.0,0,-107875648.0,53,0.0,106,-107614832.0,0.0,ERR,ERR,ERR,ERR,ERR,ERR,ERR,ERR,ERR,ERR,ERR,ERR,ERR,ERR,ERR,ERR,ERR,ERR,ERR,ERR,ERR,ERR,ERR,ERR,ERR,ERR,ERR,ERR,ERR,ERR,ERR,ERR,ERR,ERR,ERR,ERR,ERR,ERR,ERR,ERR,ERR,ERR,ERR,ERR,ERR,ERR,ERR,ERR,ERR,ERR,ERR,ERR,ERR,ERR,ERR,ERR,ERR,ERR,ERR,ERR,ERR,ERR,ERR,ERR,ERR,ERR,ERR,50.0,60.0,100,0.0,0.0,0.0,0.0,0.0,0.0,0.0,0.0,0.0,0.0,0.0,0.0,0.0,0.0,0.0,0.0,61.6,74,13,65512,50,65476,0,300,0,0,8,20529,65476,0,0,26214,60.0,0.0,0.0,0.0,0.0,0.0
2026-05-17T18:17:41,ERR,ERR,ERR,ERR,ERR,ERR,ERR,ERR,ERR,ERR,ERR,ERR,ERR,ERR,ERR,ERR,ERR,ERR,ERR,ERR,ERR,ERR,ERR,ERR,ERR,ERR,ERR,ERR,ERR,ERR,ERR,ERR,ERR,ERR,ERR,ERR,ERR,ERR,ERR,ERR,ERR,ERR,ERR,ERR,ERR,ERR,ERR,ERR,ERR,ERR,ERR,ERR,ERR,ERR,ERR,ERR,ERR,ERR,ERR,ERR,ERR,ERR,ERR,ERR,ERR,ERR,ERR,ERR,ERR,ERR,ERR,ERR,ERR,ERR,ERR,ERR,ERR,ERR,ERR,ERR,ERR,ERR,ERR,ERR,ERR,ERR,ERR,ERR,ERR,ERR,ERR,ERR,ERR,ERR,ERR,ERR,ERR,ERR,ERR,ERR,ERR,ERR,ERR,ERR,ERR,ERR,ERR,ERR,ERR,ERR,ERR,ERR,ERR,ERR,ERR,ERR,ERR,ERR,ERR,ERR,ERR,ERR,ERR,ERR,ERR,0.0,-107615296.0,-134474944.0,0.0,0.0,1.3936040501711995e+18,7.805,0.0,0,0,4,0,8422,0.0,45,0.0,0.0,0.0,0.0,0.0,0,0,0,0,0.0,0,0,0,0,0,0,0,0,0,0,0,0,0,0,0,0,0,0,0,0,0,0,0,0,0,0,0,0,0,0,0,0,0,38,14,7,45,65476,0,300,0,0,8,21553,0.0,-107605600.0,0.0,0.0,0.0,0.0,0.0,0.0,0.0,0.0,0.0,0.0,0.0,0.0,0.0,0.0,0.0,0.0,0.0,0.0,0.0,0.0,0.0,0.0,-0.0,0.0,0.0,0.0,0.0,0.0,5047.0,-0.0,0.0,0.0,-107615296.0,-107615280.0,2.718429300292151e+23,0.0,0.0,0.0,0.0,53,-0.0,-107614792.0,0.0,0.0,0.0,0.0,0.0,0.0,0.0,0,0,0,0.0,0.0,0.0,0.0,0.0,0.0,0.0,0.0,0.0,0.0,0.0,0.0,0.0,0.0,0.0,0.0,0,-107875648.0,53,0.0,106,-107614832.0,0.0,ERR,ERR,ERR,ERR,ERR,ERR,ERR,ERR,ERR,ERR,ERR,ERR,ERR,ERR,ERR,ERR,ERR,ERR,ERR,ERR,ERR,ERR,ERR,ERR,ERR,ERR,ERR,ERR,ERR,ERR,ERR,ERR,ERR,ERR,ERR,ERR,ERR,ERR,ERR,ERR,ERR,ERR,ERR,ERR,ERR,ERR,ERR,ERR,ERR,ERR,ERR,ERR,ERR,ERR,ERR,ERR,ERR,ERR,ERR,ERR,ERR,ERR,ERR,ERR,ERR,ERR,ERR,50.0,60.0,100,0.0,0.0,0.0,0.0,0.0,0.0,0.0,0.0,0.0,0.0,0.0,0.0,0.0,0.0,0.0,0.0,61.6,74,13,65512,50,65476,0,300,0,0,8,20529,65476,0,0,26214,60.0,0.0,0.0,0.0,0.0,0.0
2026-05-17T18:17:42,ERR,ERR,ERR,ERR,ERR,ERR,ERR,ERR,ERR,ERR,ERR,ERR,ERR,ERR,ERR,ERR,ERR,ERR,ERR,ERR,ERR,ERR,ERR,ERR,ERR,ERR,ERR,ERR,ERR,ERR,ERR,ERR,ERR,ERR,ERR,ERR,ERR,ERR,ERR,ERR,ERR,ERR,ERR,ERR,ERR,ERR,ERR,ERR,ERR,ERR,ERR,ERR,ERR,ERR,ERR,ERR,ERR,ERR,ERR,ERR,ERR,ERR,ERR,ERR,ERR,ERR,ERR,ERR,ERR,ERR,ERR,ERR,ERR,ERR,ERR,ERR,ERR,ERR,ERR,ERR,ERR,ERR,ERR,ERR,ERR,ERR,ERR,ERR,ERR,ERR,ERR,ERR,ERR,ERR,ERR,ERR,ERR,ERR,ERR,ERR,ERR,ERR,ERR,ERR,ERR,ERR,ERR,ERR,ERR,ERR,ERR,ERR,ERR,ERR,ERR,ERR,ERR,ERR,ERR,ERR,ERR,ERR,ERR,ERR,ERR,0.0,-107615296.0,-134474944.0,0.0,0.0,1.3936040501711995e+18,7.805,0.0,0,0,4,0,8422,0.0,45,0.0,0.0,0.0,0.0,0.0,0,0,0,0,0.0,0,0,0,0,0,0,0,0,0,0,0,0,0,0,0,0,0,0,0,0,0,0,0,0,0,0,0,0,0,0,0,0,0,38,14,7,45,65476,0,300,0,0,8,21553,0.0,-107605600.0,0.0,0.0,0.0,0.0,0.0,0.0,0.0,0.0,0.0,0.0,0.0,0.0,0.0,0.0,0.0,0.0,0.0,0.0,0.0,0.0,0.0,0.0,-0.0,0.0,0.0,0.0,0.0,0.0,5047.0,-0.0,0.0,0.0,-107615296.0,-107615280.0,2.718429300292151e+23,0.0,0.0,0.0,0.0,53,-0.0,-107614792.0,0.0,0.0,0.0,0.0,0.0,0.0,0.0,0,0,0,0.0,0.0,0.0,0.0,0.0,0.0,0.0,0.0,0.0,0.0,0.0,0.0,0.0,0.0,0.0,0.0,0,-107875648.0,53,0.0,106,-107614832.0,0.0,ERR,ERR,ERR,ERR,ERR,ERR,ERR,ERR,ERR,ERR,ERR,ERR,ERR,ERR,ERR,ERR,ERR,ERR,ERR,ERR,ERR,ERR,ERR,ERR,ERR,ERR,ERR,ERR,ERR,ERR,ERR,ERR,ERR,ERR,ERR,ERR,ERR,ERR,ERR,ERR,ERR,ERR,ERR,ERR,ERR,ERR,ERR,ERR,ERR,ERR,ERR,ERR,ERR,ERR,ERR,ERR,ERR,ERR,ERR,ERR,ERR,ERR,ERR,ERR,ERR,ERR,ERR,50.0,60.0,100,0.0,0.0,0.0,0.0,0.0,0.0,0.0,0.0,0.0,0.0,0.0,0.0,0.0,0.0,0.0,0.0,61.6,74,13,65512,50,65476,0,300,0,0,8,20529,65476,0,0,26214,60.0,0.0,0.0,0.0,0.0,0.0
2026-05-17T18:17:43,ERR,ERR,ERR,ERR,ERR,ERR,ERR,ERR,ERR,ERR,ERR,ERR,ERR,ERR,ERR,ERR,ERR,ERR,ERR,ERR,ERR,ERR,ERR,ERR,ERR,ERR,ERR,ERR,ERR,ERR,ERR,ERR,ERR,ERR,ERR,ERR,ERR,ERR,ERR,ERR,ERR,ERR,ERR,ERR,ERR,ERR,ERR,ERR,ERR,ERR,ERR,ERR,ERR,ERR,ERR,ERR,ERR,ERR,ERR,ERR,ERR,ERR,ERR,ERR,ERR,ERR,ERR,ERR,ERR,ERR,ERR,ERR,ERR,ERR,ERR,ERR,ERR,ERR,ERR,ERR,ERR,ERR,ERR,ERR,ERR,ERR,ERR,ERR,ERR,ERR,ERR,ERR,ERR,ERR,ERR,ERR,ERR,ERR,ERR,ERR,ERR,ERR,ERR,ERR,ERR,ERR,ERR,ERR,ERR,ERR,ERR,ERR,ERR,ERR,ERR,ERR,ERR,ERR,ERR,ERR,ERR,ERR,ERR,ERR,ERR,0.0,-107615296.0,-134474944.0,0.0,0.0,1.3936040501711995e+18,7.805,0.0,0,0,4,0,8422,0.0,45,0.0,0.0,0.0,0.0,0.0,0,0,0,0,0.0,0,0,0,0,0,0,0,0,0,0,0,0,0,0,0,0,0,0,0,0,0,0,0,0,0,0,0,0,0,0,0,0,0,38,14,7,45,65476,0,300,0,0,8,21553,0.0,-107605600.0,0.0,0.0,0.0,0.0,0.0,0.0,0.0,0.0,0.0,0.0,0.0,0.0,0.0,0.0,0.0,0.0,0.0,0.0,0.0,0.0,0.0,0.0,-0.0,0.0,0.0,0.0,0.0,0.0,5047.0,-0.0,0.0,0.0,-107615296.0,-107615280.0,2.718429300292151e+23,0.0,0.0,0.0,0.0,53,-0.0,-107614792.0,0.0,0.0,0.0,0.0,0.0,0.0,0.0,0,0,0,0.0,0.0,0.0,0.0,0.0,0.0,0.0,0.0,0.0,0.0,0.0,0.0,0.0,0.0,0.0,0.0,0,-107875648.0,53,0.0,106,-107614832.0,0.0,ERR,ERR,ERR,ERR,ERR,ERR,ERR,ERR,ERR,ERR,ERR,ERR,ERR,ERR,ERR,ERR,ERR,ERR,ERR,ERR,ERR,ERR,ERR,ERR,ERR,ERR,ERR,ERR,ERR,ERR,ERR,ERR,ERR,ERR,ERR,ERR,ERR,ERR,ERR,ERR,ERR,ERR,ERR,ERR,ERR,ERR,ERR,ERR,ERR,ERR,ERR,ERR,ERR,ERR,ERR,ERR,ERR,ERR,ERR,ERR,ERR,ERR,ERR,ERR,ERR,ERR,ERR,50.0,60.0,100,0.0,0.0,0.0,0.0,0.0,0.0,0.0,0.0,0.0,0.0,0.0,0.0,0.0,0.0,0.0,0.0,61.6,74,13,65512,50,65476,0,300,0,0,8,20529,65476,0,0,26214,60.0,0.0,0.0,0.0,0.0,0.0
2026-05-17T18:17:44,ERR,ERR,ERR,ERR,ERR,ERR,ERR,ERR,ERR,ERR,ERR,ERR,ERR,ERR,ERR,ERR,ERR,ERR,ERR,ERR,ERR,ERR,ERR,ERR,ERR,ERR,ERR,ERR,ERR,ERR,ERR,ERR,ERR,ERR,ERR,ERR,ERR,ERR,ERR,ERR,ERR,ERR,ERR,ERR,ERR,ERR,ERR,ERR,ERR,ERR,ERR,ERR,ERR,ERR,ERR,ERR,ERR,ERR,ERR,ERR,ERR,ERR,ERR,ERR,ERR,ERR,ERR,ERR,ERR,ERR,ERR,ERR,ERR,ERR,ERR,ERR,ERR,ERR,ERR,ERR,ERR,ERR,ERR,ERR,ERR,ERR,ERR,ERR,ERR,ERR,ERR,ERR,ERR,ERR,ERR,ERR,ERR,ERR,ERR,ERR,ERR,ERR,ERR,ERR,ERR,ERR,ERR,ERR,ERR,ERR,ERR,ERR,ERR,ERR,ERR,ERR,ERR,ERR,ERR,ERR,ERR,ERR,ERR,ERR,ERR,0.0,-107615296.0,-134474944.0,0.0,0.0,1.3936040501711995e+18,7.805,0.0,0,0,4,0,8422,0.0,45,0.0,0.0,0.0,0.0,0.0,0,0,0,0,0.0,0,0,0,0,0,0,0,0,0,0,0,0,0,0,0,0,0,0,0,0,0,0,0,0,0,0,0,0,0,0,0,0,0,38,14,7,45,65476,0,300,0,0,8,21553,0.0,-107605600.0,0.0,0.0,0.0,0.0,0.0,0.0,0.0,0.0,0.0,0.0,0.0,0.0,0.0,0.0,0.0,0.0,0.0,0.0,0.0,0.0,0.0,0.0,-0.0,0.0,0.0,0.0,0.0,0.0,5047.0,-0.0,0.0,0.0,-107615296.0,-107615280.0,2.718429300292151e+23,0.0,0.0,0.0,0.0,53,-0.0,-107614792.0,0.0,0.0,0.0,0.0,0.0,0.0,0.0,0,0,0,0.0,0.0,0.0,0.0,0.0,0.0,0.0,0.0,0.0,0.0,0.0,0.0,0.0,0.0,0.0,0.0,0,-107875648.0,53,0.0,106,-107614832.0,0.0,ERR,ERR,ERR,ERR,ERR,ERR,ERR,ERR,ERR,ERR,ERR,ERR,ERR,ERR,ERR,ERR,ERR,ERR,ERR,ERR,ERR,ERR,ERR,ERR,ERR,ERR,ERR,ERR,ERR,ERR,ERR,ERR,ERR,ERR,ERR,ERR,ERR,ERR,ERR,ERR,ERR,ERR,ERR,ERR,ERR,ERR,ERR,ERR,ERR,ERR,ERR,ERR,ERR,ERR,ERR,ERR,ERR,ERR,ERR,ERR,ERR,ERR,ERR,ERR,ERR,ERR,ERR,50.0,60.0,100,0.0,0.0,0.0,0.0,0.0,0.0,0.0,0.0,0.0,0.0,0.0,0.0,0.0,0.0,0.0,0.0,62.0,74,13,65512,50,65476,0,300,0,0,8,20529,65476,0,0,26214,60.0,0.0,0.0,0.0,0.0,0.0
2026-05-17T18:17:45,ERR,ERR,ERR,ERR,ERR,ERR,ERR,ERR,ERR,ERR,ERR,ERR,ERR,ERR,ERR,ERR,ERR,ERR,ERR,ERR,ERR,ERR,ERR,ERR,ERR,ERR,ERR,ERR,ERR,ERR,ERR,ERR,ERR,ERR,ERR,ERR,ERR,ERR,ERR,ERR,ERR,ERR,ERR,ERR,ERR,ERR,ERR,ERR,ERR,ERR,ERR,ERR,ERR,ERR,ERR,ERR,ERR,ERR,ERR,ERR,ERR,ERR,ERR,ERR,ERR,ERR,ERR,ERR,ERR,ERR,ERR,ERR,ERR,ERR,ERR,ERR,ERR,ERR,ERR,ERR,ERR,ERR,ERR,ERR,ERR,ERR,ERR,ERR,ERR,ERR,ERR,ERR,ERR,ERR,ERR,ERR,ERR,ERR,ERR,ERR,ERR,ERR,ERR,ERR,ERR,ERR,ERR,ERR,ERR,ERR,ERR,ERR,ERR,ERR,ERR,ERR,ERR,ERR,ERR,ERR,ERR,ERR,ERR,ERR,ERR,0.0,-107615296.0,-134474944.0,0.0,0.0,1.3936040501711995e+18,7.805,0.0,0,0,4,0,8422,0.0,45,0.0,0.0,0.0,0.0,0.0,0,0,0,0,0.0,0,0,0,0,0,0,0,0,0,0,0,0,0,0,0,0,0,0,0,0,0,0,0,0,0,0,0,0,0,0,0,0,0,38,14,7,45,65476,0,300,0,0,8,21553,0.0,-107605600.0,0.0,0.0,0.0,0.0,0.0,0.0,0.0,0.0,0.0,0.0,0.0,0.0,0.0,0.0,0.0,0.0,0.0,0.0,0.0,0.0,0.0,0.0,-0.0,0.0,0.0,0.0,0.0,0.0,5047.0,-0.0,0.0,0.0,-107615296.0,-107615280.0,2.718429300292151e+23,0.0,0.0,0.0,0.0,53,-0.0,-107614792.0,0.0,0.0,0.0,0.0,0.0,0.0,0.0,0,0,0,0.0,0.0,0.0,0.0,0.0,0.0,0.0,0.0,0.0,0.0,0.0,0.0,0.0,0.0,0.0,0.0,0,-107875648.0,53,0.0,106,-107614832.0,0.0,ERR,ERR,ERR,ERR,ERR,ERR,ERR,ERR,ERR,ERR,ERR,ERR,ERR,ERR,ERR,ERR,ERR,ERR,ERR,ERR,ERR,ERR,ERR,ERR,ERR,ERR,ERR,ERR,ERR,ERR,ERR,ERR,ERR,ERR,ERR,ERR,ERR,ERR,ERR,ERR,ERR,ERR,ERR,ERR,ERR,ERR,ERR,ERR,ERR,ERR,ERR,ERR,ERR,ERR,ERR,ERR,ERR,ERR,ERR,ERR,ERR,ERR,ERR,ERR,ERR,ERR,ERR,50.0,60.0,100,0.0,0.0,0.0,0.0,0.0,0.0,0.0,0.0,0.0,0.0,0.0,0.0,0.0,0.0,0.0,0.0,62.0,74,13,65512,50,65476,0,300,0,0,8,20529,65476,0,0,26214,60.0,0.0,0.0,0.0,0.0,0.0
2026-05-17T18:17:46,ERR,ERR,ERR,ERR,ERR,ERR,ERR,ERR,ERR,ERR,ERR,ERR,ERR,ERR,ERR,ERR,ERR,ERR,ERR,ERR,ERR,ERR,ERR,ERR,ERR,ERR,ERR,ERR,ERR,ERR,ERR,ERR,ERR,ERR,ERR,ERR,ERR,ERR,ERR,ERR,ERR,ERR,ERR,ERR,ERR,ERR,ERR,ERR,ERR,ERR,ERR,ERR,ERR,ERR,ERR,ERR,ERR,ERR,ERR,ERR,ERR,ERR,ERR,ERR,ERR,ERR,ERR,ERR,ERR,ERR,ERR,ERR,ERR,ERR,ERR,ERR,ERR,ERR,ERR,ERR,ERR,ERR,ERR,ERR,ERR,ERR,ERR,ERR,ERR,ERR,ERR,ERR,ERR,ERR,ERR,ERR,ERR,ERR,ERR,ERR,ERR,ERR,ERR,ERR,ERR,ERR,ERR,ERR,ERR,ERR,ERR,ERR,ERR,ERR,ERR,ERR,ERR,ERR,ERR,ERR,ERR,ERR,ERR,ERR,ERR,0.0,-107615296.0,-134474944.0,0.0,0.0,1.3936040501711995e+18,7.805,0.0,0,0,4,0,8422,0.0,45,0.0,0.0,0.0,0.0,0.0,0,0,0,0,0.0,0,0,0,0,0,0,0,0,0,0,0,0,0,0,0,0,0,0,0,0,0,0,0,0,0,0,0,0,0,0,0,0,0,38,14,7,45,65476,0,300,0,0,8,21553,0.0,-107605600.0,0.0,0.0,0.0,0.0,0.0,0.0,0.0,0.0,0.0,0.0,0.0,0.0,0.0,0.0,0.0,0.0,0.0,0.0,0.0,0.0,0.0,0.0,-0.0,0.0,0.0,0.0,0.0,0.0,5047.0,-0.0,0.0,0.0,-107615296.0,-107615280.0,2.718429300292151e+23,0.0,0.0,0.0,0.0,53,-0.0,-107614792.0,0.0,0.0,0.0,0.0,0.0,0.0,0.0,0,0,0,0.0,0.0,0.0,0.0,0.0,0.0,0.0,0.0,0.0,0.0,0.0,0.0,0.0,0.0,0.0,0.0,0,-107875648.0,53,0.0,106,-107614832.0,0.0,ERR,ERR,ERR,ERR,ERR,ERR,ERR,ERR,ERR,ERR,ERR,ERR,ERR,ERR,ERR,ERR,ERR,ERR,ERR,ERR,ERR,ERR,ERR,ERR,ERR,ERR,ERR,ERR,ERR,ERR,ERR,ERR,ERR,ERR,ERR,ERR,ERR,ERR,ERR,ERR,ERR,ERR,ERR,ERR,ERR,ERR,ERR,ERR,ERR,ERR,ERR,ERR,ERR,ERR,ERR,ERR,ERR,ERR,ERR,ERR,ERR,ERR,ERR,ERR,ERR,ERR,ERR,50.0,60.0,100,0.0,0.0,0.0,0.0,0.0,0.0,0.0,0.0,0.0,0.0,0.0,0.0,0.0,0.0,0.0,0.0,62.0,74,13,65512,50,65476,0,300,0,0,8,20529,65476,0,0,26214,60.0,0.0,0.0,0.0,0.0,0.0
2026-05-17T18:17:47,ERR,ERR,ERR,ERR,ERR,ERR,ERR,ERR,ERR,ERR,ERR,ERR,ERR,ERR,ERR,ERR,ERR,ERR,ERR,ERR,ERR,ERR,ERR,ERR,ERR,ERR,ERR,ERR,ERR,ERR,ERR,ERR,ERR,ERR,ERR,ERR,ERR,ERR,ERR,ERR,ERR,ERR,ERR,ERR,ERR,ERR,ERR,ERR,ERR,ERR,ERR,ERR,ERR,ERR,ERR,ERR,ERR,ERR,ERR,ERR,ERR,ERR,ERR,ERR,ERR,ERR,ERR,ERR,ERR,ERR,ERR,ERR,ERR,ERR,ERR,ERR,ERR,ERR,ERR,ERR,ERR,ERR,ERR,ERR,ERR,ERR,ERR,ERR,ERR,ERR,ERR,ERR,ERR,ERR,ERR,ERR,ERR,ERR,ERR,ERR,ERR,ERR,ERR,ERR,ERR,ERR,ERR,ERR,ERR,ERR,ERR,ERR,ERR,ERR,ERR,ERR,ERR,ERR,ERR,ERR,ERR,ERR,ERR,ERR,ERR,0.0,-107615296.0,-134474944.0,0.0,0.0,1.3936040501711995e+18,7.805,0.0,0,0,4,0,8422,0.0,45,0.0,0.0,0.0,0.0,0.0,0,0,0,0,0.0,0,0,0,0,0,0,0,0,0,0,0,0,0,0,0,0,0,0,0,0,0,0,0,0,0,0,0,0,0,0,0,0,0,38,14,7,45,65476,0,300,0,0,8,21553,0.0,-107605600.0,0.0,0.0,0.0,0.0,0.0,0.0,0.0,0.0,0.0,0.0,0.0,0.0,0.0,0.0,0.0,0.0,0.0,0.0,0.0,0.0,0.0,0.0,-0.0,0.0,0.0,0.0,0.0,0.0,5047.0,-0.0,0.0,0.0,-107615296.0,-107615280.0,2.718429300292151e+23,0.0,0.0,0.0,0.0,53,-0.0,-107614792.0,0.0,0.0,0.0,0.0,0.0,0.0,0.0,0,0,0,0.0,0.0,0.0,0.0,0.0,0.0,0.0,0.0,0.0,0.0,0.0,0.0,0.0,0.0,0.0,0.0,0,-107875648.0,53,0.0,106,-107614832.0,0.0,ERR,ERR,ERR,ERR,ERR,ERR,ERR,ERR,ERR,ERR,ERR,ERR,ERR,ERR,ERR,ERR,ERR,ERR,ERR,ERR,ERR,ERR,ERR,ERR,ERR,ERR,ERR,ERR,ERR,ERR,ERR,ERR,ERR,ERR,ERR,ERR,ERR,ERR,ERR,ERR,ERR,ERR,ERR,ERR,ERR,ERR,ERR,ERR,ERR,ERR,ERR,ERR,ERR,ERR,ERR,ERR,ERR,ERR,ERR,ERR,ERR,ERR,ERR,ERR,ERR,ERR,ERR,50.0,60.0,100,0.0,0.0,0.0,0.0,0.0,0.0,0.0,0.0,0.0,0.0,0.0,0.0,0.0,0.0,0.0,0.0,61.6,74,13,65512,50,65476,0,300,0,0,8,20529,65476,0,0,26214,60.0,0.0,0.0,0.0,0.0,0.0
2026-05-17T18:17:48,ERR,ERR,ERR,ERR,ERR,ERR,ERR,ERR,ERR,ERR,ERR,ERR,ERR,ERR,ERR,ERR,ERR,ERR,ERR,ERR,ERR,ERR,ERR,ERR,ERR,ERR,ERR,ERR,ERR,ERR,ERR,ERR,ERR,ERR,ERR,ERR,ERR,ERR,ERR,ERR,ERR,ERR,ERR,ERR,ERR,ERR,ERR,ERR,ERR,ERR,ERR,ERR,ERR,ERR,ERR,ERR,ERR,ERR,ERR,ERR,ERR,ERR,ERR,ERR,ERR,ERR,ERR,ERR,ERR,ERR,ERR,ERR,ERR,ERR,ERR,ERR,ERR,ERR,ERR,ERR,ERR,ERR,ERR,ERR,ERR,ERR,ERR,ERR,ERR,ERR,ERR,ERR,ERR,ERR,ERR,ERR,ERR,ERR,ERR,ERR,ERR,ERR,ERR,ERR,ERR,ERR,ERR,ERR,ERR,ERR,ERR,ERR,ERR,ERR,ERR,ERR,ERR,ERR,ERR,ERR,ERR,ERR,ERR,ERR,ERR,0.0,-107615296.0,-134474944.0,0.0,0.0,1.3936040501711995e+18,7.805,0.0,0,0,4,0,8422,0.0,45,0.0,0.0,0.0,0.0,0.0,0,0,0,0,0.0,0,0,0,0,0,0,0,0,0,0,0,0,0,0,0,0,0,0,0,0,0,0,0,0,0,0,0,0,0,0,0,0,0,38,14,7,45,65476,0,300,0,0,8,21553,0.0,-107605600.0,0.0,0.0,0.0,0.0,0.0,0.0,0.0,0.0,0.0,0.0,0.0,0.0,0.0,0.0,0.0,0.0,0.0,0.0,0.0,0.0,0.0,0.0,-0.0,0.0,0.0,0.0,0.0,0.0,5047.0,-0.0,0.0,0.0,-107615296.0,-107615280.0,2.718429300292151e+23,0.0,0.0,0.0,0.0,53,-0.0,-107614792.0,0.0,0.0,0.0,0.0,0.0,0.0,0.0,0,0,0,0.0,0.0,0.0,0.0,0.0,0.0,0.0,0.0,0.0,0.0,0.0,0.0,0.0,0.0,0.0,0.0,0,-107875648.0,53,0.0,106,-107614832.0,0.0,ERR,ERR,ERR,ERR,ERR,ERR,ERR,ERR,ERR,ERR,ERR,ERR,ERR,ERR,ERR,ERR,ERR,ERR,ERR,ERR,ERR,ERR,ERR,ERR,ERR,ERR,ERR,ERR,ERR,ERR,ERR,ERR,ERR,ERR,ERR,ERR,ERR,ERR,ERR,ERR,ERR,ERR,ERR,ERR,ERR,ERR,ERR,ERR,ERR,ERR,ERR,ERR,ERR,ERR,ERR,ERR,ERR,ERR,ERR,ERR,ERR,ERR,ERR,ERR,ERR,ERR,ERR,50.0,60.0,100,0.0,0.0,0.0,0.0,0.0,0.0,0.0,0.0,0.0,0.0,0.0,0.0,0.0,0.0,0.0,0.0,61.6,74,13,65512,50,65476,0,300,0,0,8,20529,65476,0,0,26214,60.0,0.0,0.0,0.0,0.0,0.0
2026-05-17T18:17:49,ERR,ERR,ERR,ERR,ERR,ERR,ERR,ERR,ERR,ERR,ERR,ERR,ERR,ERR,ERR,ERR,ERR,ERR,ERR,ERR,ERR,ERR,ERR,ERR,ERR,ERR,ERR,ERR,ERR,ERR,ERR,ERR,ERR,ERR,ERR,ERR,ERR,ERR,ERR,ERR,ERR,ERR,ERR,ERR,ERR,ERR,ERR,ERR,ERR,ERR,ERR,ERR,ERR,ERR,ERR,ERR,ERR,ERR,ERR,ERR,ERR,ERR,ERR,ERR,ERR,ERR,ERR,ERR,ERR,ERR,ERR,ERR,ERR,ERR,ERR,ERR,ERR,ERR,ERR,ERR,ERR,ERR,ERR,ERR,ERR,ERR,ERR,ERR,ERR,ERR,ERR,ERR,ERR,ERR,ERR,ERR,ERR,ERR,ERR,ERR,ERR,ERR,ERR,ERR,ERR,ERR,ERR,ERR,ERR,ERR,ERR,ERR,ERR,ERR,ERR,ERR,ERR,ERR,ERR,ERR,ERR,ERR,ERR,ERR,ERR,0.0,-107615296.0,-134474944.0,0.0,0.0,1.3936040501711995e+18,7.805,0.0,0,0,4,0,8422,0.0,45,0.0,0.0,0.0,0.0,0.0,0,0,0,0,0.0,0,0,0,0,0,0,0,0,0,0,0,0,0,0,0,0,0,0,0,0,0,0,0,0,0,0,0,0,0,0,0,0,0,38,14,7,45,65476,0,300,0,0,8,21553,0.0,-107605600.0,0.0,0.0,0.0,0.0,0.0,0.0,0.0,0.0,0.0,0.0,0.0,0.0,0.0,0.0,0.0,0.0,0.0,0.0,0.0,0.0,0.0,0.0,-0.0,0.0,0.0,0.0,0.0,0.0,5047.0,-0.0,0.0,0.0,-107615296.0,-107615280.0,2.718429300292151e+23,0.0,0.0,0.0,0.0,53,-0.0,-107614792.0,0.0,0.0,0.0,0.0,0.0,0.0,0.0,0,0,0,0.0,0.0,0.0,0.0,0.0,0.0,0.0,0.0,0.0,0.0,0.0,0.0,0.0,0.0,0.0,0.0,0,-107875648.0,53,0.0,106,-107614832.0,0.0,ERR,ERR,ERR,ERR,ERR,ERR,ERR,ERR,ERR,ERR,ERR,ERR,ERR,ERR,ERR,ERR,ERR,ERR,ERR,ERR,ERR,ERR,ERR,ERR,ERR,ERR,ERR,ERR,ERR,ERR,ERR,ERR,ERR,ERR,ERR,ERR,ERR,ERR,ERR,ERR,ERR,ERR,ERR,ERR,ERR,ERR,ERR,ERR,ERR,ERR,ERR,ERR,ERR,ERR,ERR,ERR,ERR,ERR,ERR,ERR,ERR,ERR,ERR,ERR,ERR,ERR,ERR,50.0,60.0,100,0.0,0.0,0.0,0.0,0.0,0.0,0.0,0.0,0.0,0.0,0.0,0.0,0.0,0.0,0.0,0.0,62.0,74,13,65512,50,65476,0,300,0,0,8,20529,65476,0,0,26214,60.0,0.0,0.0,0.0,0.0,0.0
2026-05-17T18:17:50,ERR,ERR,ERR,ERR,ERR,ERR,ERR,ERR,ERR,ERR,ERR,ERR,ERR,ERR,ERR,ERR,ERR,ERR,ERR,ERR,ERR,ERR,ERR,ERR,ERR,ERR,ERR,ERR,ERR,ERR,ERR,ERR,ERR,ERR,ERR,ERR,ERR,ERR,ERR,ERR,ERR,ERR,ERR,ERR,ERR,ERR,ERR,ERR,ERR,ERR,ERR,ERR,ERR,ERR,ERR,ERR,ERR,ERR,ERR,ERR,ERR,ERR,ERR,ERR,ERR,ERR,ERR,ERR,ERR,ERR,ERR,ERR,ERR,ERR,ERR,ERR,ERR,ERR,ERR,ERR,ERR,ERR,ERR,ERR,ERR,ERR,ERR,ERR,ERR,ERR,ERR,ERR,ERR,ERR,ERR,ERR,ERR,ERR,ERR,ERR,ERR,ERR,ERR,ERR,ERR,ERR,ERR,ERR,ERR,ERR,ERR,ERR,ERR,ERR,ERR,ERR,ERR,ERR,ERR,ERR,ERR,ERR,ERR,ERR,ERR,0.0,-107615296.0,-134474944.0,0.0,0.0,1.3936040501711995e+18,7.805,0.0,0,0,4,0,8422,0.0,45,0.0,0.0,0.0,0.0,0.0,0,0,0,0,0.0,0,0,0,0,0,0,0,0,0,0,0,0,0,0,0,0,0,0,0,0,0,0,0,0,0,0,0,0,0,0,0,0,0,38,14,7,45,65476,0,300,0,0,8,21553,0.0,-107605600.0,0.0,0.0,0.0,0.0,0.0,0.0,0.0,0.0,0.0,0.0,0.0,0.0,0.0,0.0,0.0,0.0,0.0,0.0,0.0,0.0,0.0,0.0,-0.0,0.0,0.0,0.0,0.0,0.0,5078.0,2.004,0.0,0.0,-107615296.0,-107615280.0,2.718429300292151e+23,0.0,0.0,0.0,0.0,53,-0.0,-71.629,0.0,0.0,0.0,0.0,0.0,0.0,0.0,0,0,0,0.0,0.0,0.0,0.0,0.0,0.0,0.0,0.0,0.0,0.0,0.0,0.0,0.0,0.0,0.0,0.0,0,-107875648.0,53,0.0,106,-107614832.0,0.0,ERR,ERR,ERR,ERR,ERR,ERR,ERR,ERR,ERR,ERR,ERR,ERR,ERR,ERR,ERR,ERR,ERR,ERR,ERR,ERR,ERR,ERR,ERR,ERR,ERR,ERR,ERR,ERR,ERR,ERR,ERR,ERR,ERR,ERR,ERR,ERR,ERR,ERR,ERR,ERR,ERR,ERR,ERR,ERR,ERR,ERR,ERR,ERR,ERR,ERR,ERR,ERR,ERR,ERR,ERR,ERR,ERR,ERR,ERR,ERR,ERR,ERR,ERR,ERR,ERR,ERR,ERR,50.0,60.0,100,0.0,0.0,0.0,0.0,0.0,0.0,0.0,0.0,0.0,0.0,0.0,0.0,0.0,0.0,0.0,0.0,62.0,74,13,65512,50,65476,0,300,0,0,8,20529,65476,0,0,26214,60.0,0.0,0.0,0.0,0.0,0.0
2026-05-17T18:17:51,ERR,ERR,ERR,ERR,ERR,ERR,ERR,ERR,ERR,ERR,ERR,ERR,ERR,ERR,ERR,ERR,ERR,ERR,ERR,ERR,ERR,ERR,ERR,ERR,ERR,ERR,ERR,ERR,ERR,ERR,ERR,ERR,ERR,ERR,ERR,ERR,ERR,ERR,ERR,ERR,ERR,ERR,ERR,ERR,ERR,ERR,ERR,ERR,ERR,ERR,ERR,ERR,ERR,ERR,ERR,ERR,ERR,ERR,ERR,ERR,ERR,ERR,ERR,ERR,ERR,ERR,ERR,ERR,ERR,ERR,ERR,ERR,ERR,ERR,ERR,ERR,ERR,ERR,ERR,ERR,ERR,ERR,ERR,ERR,ERR,ERR,ERR,ERR,ERR,ERR,ERR,ERR,ERR,ERR,ERR,ERR,ERR,ERR,ERR,ERR,ERR,ERR,ERR,ERR,ERR,ERR,ERR,ERR,ERR,ERR,ERR,ERR,ERR,ERR,ERR,ERR,ERR,ERR,ERR,ERR,ERR,ERR,ERR,ERR,ERR,0.0,-107615296.0,-134474944.0,0.0,0.0,1.3936040501711995e+18,7.805,0.0,0,0,4,0,8422,0.0,45,0.0,0.0,0.0,0.0,0.0,0,0,0,0,0.0,0,0,0,0,0,0,0,0,0,0,0,0,0,0,0,0,0,0,0,0,0,0,0,0,0,0,0,0,0,0,0,0,0,38,14,7,45,65476,0,300,0,0,8,21553,0.0,-107605600.0,0.0,0.0,0.0,0.0,0.0,0.0,0.0,0.0,0.0,0.0,0.0,0.0,0.0,0.0,0.0,0.0,0.0,0.0,0.0,0.0,0.0,0.0,-0.0,0.0,0.0,0.0,0.0,0.0,5078.0,2.004,0.0,0.0,-107615296.0,-107615280.0,2.718429300292151e+23,0.0,0.0,0.0,0.0,53,-0.0,-71.629,0.0,0.0,0.0,0.0,0.0,0.0,0.0,0,0,0,0.0,0.0,0.0,0.0,0.0,0.0,0.0,0.0,0.0,0.0,0.0,0.0,0.0,0.0,0.0,0.0,0,-107875648.0,53,0.0,106,-107614832.0,0.0,ERR,ERR,ERR,ERR,ERR,ERR,ERR,ERR,ERR,ERR,ERR,ERR,ERR,ERR,ERR,ERR,ERR,ERR,ERR,ERR,ERR,ERR,ERR,ERR,ERR,ERR,ERR,ERR,ERR,ERR,ERR,ERR,ERR,ERR,ERR,ERR,ERR,ERR,ERR,ERR,ERR,ERR,ERR,ERR,ERR,ERR,ERR,ERR,ERR,ERR,ERR,ERR,ERR,ERR,ERR,ERR,ERR,ERR,ERR,ERR,ERR,ERR,ERR,ERR,ERR,ERR,ERR,50.0,60.0,100,0.0,0.0,0.0,0.0,0.0,0.0,0.0,0.0,0.0,0.0,0.0,0.0,0.0,0.0,0.0,0.0,62.0,74,13,65512,50,65476,0,300,0,0,8,20529,65476,0,0,26214,60.0,0.0,0.0,0.0,0.0,0.0
2026-05-17T18:17:52,ERR,ERR,ERR,ERR,ERR,ERR,ERR,ERR,ERR,ERR,ERR,ERR,ERR,ERR,ERR,ERR,ERR,ERR,ERR,ERR,ERR,ERR,ERR,ERR,ERR,ERR,ERR,ERR,ERR,ERR,ERR,ERR,ERR,ERR,ERR,ERR,ERR,ERR,ERR,ERR,ERR,ERR,ERR,ERR,ERR,ERR,ERR,ERR,ERR,ERR,ERR,ERR,ERR,ERR,ERR,ERR,ERR,ERR,ERR,ERR,ERR,ERR,ERR,ERR,ERR,ERR,ERR,ERR,ERR,ERR,ERR,ERR,ERR,ERR,ERR,ERR,ERR,ERR,ERR,ERR,ERR,ERR,ERR,ERR,ERR,ERR,ERR,ERR,ERR,ERR,ERR,ERR,ERR,ERR,ERR,ERR,ERR,ERR,ERR,ERR,ERR,ERR,ERR,ERR,ERR,ERR,ERR,ERR,ERR,ERR,ERR,ERR,ERR,ERR,ERR,ERR,ERR,ERR,ERR,ERR,ERR,ERR,ERR,ERR,ERR,0.0,-107615296.0,-134474944.0,0.0,0.0,1.3936040501711995e+18,7.805,0.0,0,0,4,0,8422,0.0,45,0.0,0.0,0.0,0.0,0.0,0,0,0,0,0.0,0,0,0,0,0,0,0,0,0,0,0,0,0,0,0,0,0,0,0,0,0,0,0,0,0,0,0,0,0,0,0,0,0,38,14,7,45,65476,0,300,0,0,8,21553,0.0,-107605600.0,0.0,0.0,0.0,0.0,0.0,0.0,0.0,0.0,0.0,0.0,0.0,0.0,0.0,0.0,0.0,0.0,0.0,0.0,0.0,0.0,0.0,0.0,-0.0,0.0,0.0,0.0,0.0,0.0,5078.0,2.004,0.0,0.0,-107615296.0,-107615280.0,2.718429300292151e+23,0.0,0.0,0.0,0.0,53,-0.0,-71.629,0.0,0.0,0.0,0.0,0.0,0.0,0.0,0,0,0,0.0,0.0,0.0,0.0,0.0,0.0,0.0,0.0,0.0,0.0,0.0,0.0,0.0,0.0,0.0,0.0,0,-107875648.0,53,0.0,106,-107614832.0,0.0,ERR,ERR,ERR,ERR,ERR,ERR,ERR,ERR,ERR,ERR,ERR,ERR,ERR,ERR,ERR,ERR,ERR,ERR,ERR,ERR,ERR,ERR,ERR,ERR,ERR,ERR,ERR,ERR,ERR,ERR,ERR,ERR,ERR,ERR,ERR,ERR,ERR,ERR,ERR,ERR,ERR,ERR,ERR,ERR,ERR,ERR,ERR,ERR,ERR,ERR,ERR,ERR,ERR,ERR,ERR,ERR,ERR,ERR,ERR,ERR,ERR,ERR,ERR,ERR,ERR,ERR,ERR,50.0,60.0,100,0.0,0.0,0.0,0.0,0.0,0.0,0.0,0.0,0.0,0.0,0.0,0.0,0.0,0.0,0.0,0.0,62.0,74,13,65512,50,65476,0,300,0,0,8,20529,65476,0,0,26214,60.0,0.0,0.0,0.0,0.0,0.0
2026-05-17T18:17:53,ERR,ERR,ERR,ERR,ERR,ERR,ERR,ERR,ERR,ERR,ERR,ERR,ERR,ERR,ERR,ERR,ERR,ERR,ERR,ERR,ERR,ERR,ERR,ERR,ERR,ERR,ERR,ERR,ERR,ERR,ERR,ERR,ERR,ERR,ERR,ERR,ERR,ERR,ERR,ERR,ERR,ERR,ERR,ERR,ERR,ERR,ERR,ERR,ERR,ERR,ERR,ERR,ERR,ERR,ERR,ERR,ERR,ERR,ERR,ERR,ERR,ERR,ERR,ERR,ERR,ERR,ERR,ERR,ERR,ERR,ERR,ERR,ERR,ERR,ERR,ERR,ERR,ERR,ERR,ERR,ERR,ERR,ERR,ERR,ERR,ERR,ERR,ERR,ERR,ERR,ERR,ERR,ERR,ERR,ERR,ERR,ERR,ERR,ERR,ERR,ERR,ERR,ERR,ERR,ERR,ERR,ERR,ERR,ERR,ERR,ERR,ERR,ERR,ERR,ERR,ERR,ERR,ERR,ERR,ERR,ERR,ERR,ERR,ERR,ERR,0.0,-107615296.0,-134474944.0,0.0,0.0,1.3936040501711995e+18,7.805,0.0,0,0,4,0,8422,0.0,45,0.0,0.0,0.0,0.0,0.0,0,0,0,0,0.0,0,0,0,0,0,0,0,0,0,0,0,0,0,0,0,0,0,0,0,0,0,0,0,0,0,0,0,0,0,0,0,0,0,38,14,7,45,65476,0,300,0,0,8,21553,0.0,-107605600.0,0.0,0.0,0.0,0.0,0.0,0.0,0.0,0.0,0.0,0.0,0.0,0.0,0.0,0.0,0.0,0.0,0.0,0.0,0.0,0.0,0.0,0.0,-0.0,0.0,0.0,0.0,0.0,0.0,5078.0,2.004,0.0,0.0,-107615296.0,-107615280.0,2.718429300292151e+23,0.0,0.0,0.0,0.0,53,-0.0,-71.629,0.0,0.0,0.0,0.0,0.0,0.0,0.0,0,0,0,0.0,0.0,0.0,0.0,0.0,0.0,0.0,0.0,0.0,0.0,0.0,0.0,0.0,0.0,0.0,0.0,0,-107875648.0,53,0.0,106,-107614832.0,0.0,ERR,ERR,ERR,ERR,ERR,ERR,ERR,ERR,ERR,ERR,ERR,ERR,ERR,ERR,ERR,ERR,ERR,ERR,ERR,ERR,ERR,ERR,ERR,ERR,ERR,ERR,ERR,ERR,ERR,ERR,ERR,ERR,ERR,ERR,ERR,ERR,ERR,ERR,ERR,ERR,ERR,ERR,ERR,ERR,ERR,ERR,ERR,ERR,ERR,ERR,ERR,ERR,ERR,ERR,ERR,ERR,ERR,ERR,ERR,ERR,ERR,ERR,ERR,ERR,ERR,ERR,ERR,50.0,60.0,100,0.0,0.0,0.0,0.0,0.0,0.0,0.0,0.0,0.0,0.0,0.0,0.0,0.0,0.0,0.0,0.0,61.6,74,13,65512,50,65476,0,300,0,0,8,20529,65476,0,0,26214,60.0,0.0,0.0,0.0,0.0,0.0
2026-05-17T18:17:54,ERR,ERR,ERR,ERR,ERR,ERR,ERR,ERR,ERR,ERR,ERR,ERR,ERR,ERR,ERR,ERR,ERR,ERR,ERR,ERR,ERR,ERR,ERR,ERR,ERR,ERR,ERR,ERR,ERR,ERR,ERR,ERR,ERR,ERR,ERR,ERR,ERR,ERR,ERR,ERR,ERR,ERR,ERR,ERR,ERR,ERR,ERR,ERR,ERR,ERR,ERR,ERR,ERR,ERR,ERR,ERR,ERR,ERR,ERR,ERR,ERR,ERR,ERR,ERR,ERR,ERR,ERR,ERR,ERR,ERR,ERR,ERR,ERR,ERR,ERR,ERR,ERR,ERR,ERR,ERR,ERR,ERR,ERR,ERR,ERR,ERR,ERR,ERR,ERR,ERR,ERR,ERR,ERR,ERR,ERR,ERR,ERR,ERR,ERR,ERR,ERR,ERR,ERR,ERR,ERR,ERR,ERR,ERR,ERR,ERR,ERR,ERR,ERR,ERR,ERR,ERR,ERR,ERR,ERR,ERR,ERR,ERR,ERR,ERR,ERR,0.0,-107615296.0,-134474944.0,0.0,0.0,1.3936040501711995e+18,7.805,0.0,0,0,4,0,8422,0.0,45,0.0,0.0,0.0,0.0,0.0,0,0,0,0,0.0,0,0,0,0,0,0,0,0,0,0,0,0,0,0,0,0,0,0,0,0,0,0,0,0,0,0,0,0,0,0,0,0,0,38,14,7,45,65476,0,300,0,0,8,21553,0.0,-107605600.0,0.0,0.0,0.0,0.0,0.0,0.0,0.0,0.0,0.0,0.0,0.0,0.0,0.0,0.0,0.0,0.0,0.0,0.0,0.0,0.0,0.0,0.0,-0.0,0.0,0.0,0.0,0.0,0.0,5078.0,2.004,0.0,0.0,-107615296.0,-107615280.0,2.718429300292151e+23,0.0,0.0,0.0,0.0,53,-0.0,-71.629,0.0,0.0,0.0,0.0,0.0,0.0,0.0,0,0,0,0.0,0.0,0.0,0.0,0.0,0.0,0.0,0.0,0.0,0.0,0.0,0.0,0.0,0.0,0.0,0.0,0,-107875648.0,53,0.0,106,-107614832.0,0.0,ERR,ERR,ERR,ERR,ERR,ERR,ERR,ERR,ERR,ERR,ERR,ERR,ERR,ERR,ERR,ERR,ERR,ERR,ERR,ERR,ERR,ERR,ERR,ERR,ERR,ERR,ERR,ERR,ERR,ERR,ERR,ERR,ERR,ERR,ERR,ERR,ERR,ERR,ERR,ERR,ERR,ERR,ERR,ERR,ERR,ERR,ERR,ERR,ERR,ERR,ERR,ERR,ERR,ERR,ERR,ERR,ERR,ERR,ERR,ERR,ERR,ERR,ERR,ERR,ERR,ERR,ERR,50.0,60.0,100,0.0,0.0,0.0,0.0,0.0,0.0,0.0,0.0,0.0,0.0,0.0,0.0,0.0,0.0,0.0,0.0,61.6,74,13,65512,50,65476,0,300,0,0,8,20529,65476,0,0,26214,60.0,0.0,0.0,0.0,0.0,0.0
2026-05-17T18:17:55,ERR,ERR,ERR,ERR,ERR,ERR,ERR,ERR,ERR,ERR,ERR,ERR,ERR,ERR,ERR,ERR,ERR,ERR,ERR,ERR,ERR,ERR,ERR,ERR,ERR,ERR,ERR,ERR,ERR,ERR,ERR,ERR,ERR,ERR,ERR,ERR,ERR,ERR,ERR,ERR,ERR,ERR,ERR,ERR,ERR,ERR,ERR,ERR,ERR,ERR,ERR,ERR,ERR,ERR,ERR,ERR,ERR,ERR,ERR,ERR,ERR,ERR,ERR,ERR,ERR,ERR,ERR,ERR,ERR,ERR,ERR,ERR,ERR,ERR,ERR,ERR,ERR,ERR,ERR,ERR,ERR,ERR,ERR,ERR,ERR,ERR,ERR,ERR,ERR,ERR,ERR,ERR,ERR,ERR,ERR,ERR,ERR,ERR,ERR,ERR,ERR,ERR,ERR,ERR,ERR,ERR,ERR,ERR,ERR,ERR,ERR,ERR,ERR,ERR,ERR,ERR,ERR,ERR,ERR,ERR,ERR,ERR,ERR,ERR,ERR,0.0,-107615296.0,-134474944.0,0.0,0.0,1.3936040501711995e+18,7.805,0.0,0,0,4,0,8422,0.0,45,0.0,0.0,0.0,0.0,0.0,0,0,0,0,0.0,0,0,0,0,0,0,0,0,0,0,0,0,0,0,0,0,0,0,0,0,0,0,0,0,0,0,0,0,0,0,0,0,0,38,14,7,45,65476,0,300,0,0,8,21553,0.0,-107605600.0,0.0,0.0,0.0,0.0,0.0,0.0,0.0,0.0,0.0,0.0,0.0,0.0,0.0,0.0,0.0,0.0,0.0,0.0,0.0,0.0,0.0,0.0,-0.0,0.0,0.0,0.0,0.0,0.0,5078.0,-0.0,0.0,0.0,-107615296.0,-107615280.0,2.718429300292151e+23,0.0,0.0,0.0,0.0,53,-0.0,0.0,0.0,0.0,0.0,0.0,0.0,0.0,0.0,0,0,0,0.0,0.0,0.0,0.0,0.0,0.0,0.0,0.0,0.0,0.0,0.0,0.0,0.0,0.0,0.0,0.0,0,-107875648.0,53,0.0,106,-107614832.0,0.0,ERR,ERR,ERR,ERR,ERR,ERR,ERR,ERR,ERR,ERR,ERR,ERR,ERR,ERR,ERR,ERR,ERR,ERR,ERR,ERR,ERR,ERR,ERR,ERR,ERR,ERR,ERR,ERR,ERR,ERR,ERR,ERR,ERR,ERR,ERR,ERR,ERR,ERR,ERR,ERR,ERR,ERR,ERR,ERR,ERR,ERR,ERR,ERR,ERR,ERR,ERR,ERR,ERR,ERR,ERR,ERR,ERR,ERR,ERR,ERR,ERR,ERR,ERR,ERR,ERR,ERR,ERR,50.0,60.0,100,0.0,0.0,0.0,0.0,0.0,0.0,0.0,0.0,0.0,0.0,0.0,0.0,0.0,0.0,0.0,0.0,61.6,74,13,65512,50,65476,0,300,0,0,8,20529,65476,0,0,26214,60.0,0.0,0.0,0.0,0.0,0.0
2026-05-17T18:17:56,ERR,ERR,ERR,ERR,ERR,ERR,ERR,ERR,ERR,ERR,ERR,ERR,ERR,ERR,ERR,ERR,ERR,ERR,ERR,ERR,ERR,ERR,ERR,ERR,ERR,ERR,ERR,ERR,ERR,ERR,ERR,ERR,ERR,ERR,ERR,ERR,ERR,ERR,ERR,ERR,ERR,ERR,ERR,ERR,ERR,ERR,ERR,ERR,ERR,ERR,ERR,ERR,ERR,ERR,ERR,ERR,ERR,ERR,ERR,ERR,ERR,ERR,ERR,ERR,ERR,ERR,ERR,ERR,ERR,ERR,ERR,ERR,ERR,ERR,ERR,ERR,ERR,ERR,ERR,ERR,ERR,ERR,ERR,ERR,ERR,ERR,ERR,ERR,ERR,ERR,ERR,ERR,ERR,ERR,ERR,ERR,ERR,ERR,ERR,ERR,ERR,ERR,ERR,ERR,ERR,ERR,ERR,ERR,ERR,ERR,ERR,ERR,ERR,ERR,ERR,ERR,ERR,ERR,ERR,ERR,ERR,ERR,ERR,ERR,ERR,0.0,-107615296.0,-134474944.0,0.0,0.0,1.3936040501711995e+18,7.805,0.0,0,0,4,0,8422,0.0,45,0.0,0.0,0.0,0.0,0.0,0,0,0,0,0.0,0,0,0,0,0,0,0,0,0,0,0,0,0,0,0,0,0,0,0,0,0,0,0,0,0,0,0,0,0,0,0,0,0,38,14,7,45,65476,0,300,0,0,8,21553,0.0,-107605600.0,0.0,0.0,0.0,0.0,0.0,0.0,0.0,0.0,0.0,0.0,0.0,0.0,0.0,0.0,0.0,0.0,0.0,0.0,0.0,0.0,0.0,0.0,-0.0,0.0,0.0,0.0,0.0,0.0,5078.0,-0.0,0.0,0.0,-107615296.0,-107615280.0,2.718429300292151e+23,0.0,0.0,0.0,0.0,53,-0.0,0.0,0.0,0.0,0.0,0.0,0.0,0.0,0.0,0,0,0,0.0,0.0,0.0,0.0,0.0,0.0,0.0,0.0,0.0,0.0,0.0,0.0,0.0,0.0,0.0,0.0,0,-107875648.0,53,0.0,106,-107614832.0,0.0,ERR,ERR,ERR,ERR,ERR,ERR,ERR,ERR,ERR,ERR,ERR,ERR,ERR,ERR,ERR,ERR,ERR,ERR,ERR,ERR,ERR,ERR,ERR,ERR,ERR,ERR,ERR,ERR,ERR,ERR,ERR,ERR,ERR,ERR,ERR,ERR,ERR,ERR,ERR,ERR,ERR,ERR,ERR,ERR,ERR,ERR,ERR,ERR,ERR,ERR,ERR,ERR,ERR,ERR,ERR,ERR,ERR,ERR,ERR,ERR,ERR,ERR,ERR,ERR,ERR,ERR,ERR,50.0,60.0,100,0.0,0.0,0.0,0.0,0.0,0.0,0.0,0.0,0.0,0.0,0.0,0.0,0.0,0.0,0.0,0.0,62.0,74,13,65512,50,65476,0,300,0,0,8,20529,65476,0,0,26214,60.0,0.0,0.0,0.0,0.0,0.0
2026-05-17T18:17:57,ERR,ERR,ERR,ERR,ERR,ERR,ERR,ERR,ERR,ERR,ERR,ERR,ERR,ERR,ERR,ERR,ERR,ERR,ERR,ERR,ERR,ERR,ERR,ERR,ERR,ERR,ERR,ERR,ERR,ERR,ERR,ERR,ERR,ERR,ERR,ERR,ERR,ERR,ERR,ERR,ERR,ERR,ERR,ERR,ERR,ERR,ERR,ERR,ERR,ERR,ERR,ERR,ERR,ERR,ERR,ERR,ERR,ERR,ERR,ERR,ERR,ERR,ERR,ERR,ERR,ERR,ERR,ERR,ERR,ERR,ERR,ERR,ERR,ERR,ERR,ERR,ERR,ERR,ERR,ERR,ERR,ERR,ERR,ERR,ERR,ERR,ERR,ERR,ERR,ERR,ERR,ERR,ERR,ERR,ERR,ERR,ERR,ERR,ERR,ERR,ERR,ERR,ERR,ERR,ERR,ERR,ERR,ERR,ERR,ERR,ERR,ERR,ERR,ERR,ERR,ERR,ERR,ERR,ERR,ERR,ERR,ERR,ERR,ERR,ERR,0.0,-107615296.0,-134474944.0,0.0,0.0,1.3936040501711995e+18,7.805,0.0,0,0,4,0,8422,0.0,45,0.0,0.0,0.0,0.0,0.0,0,0,0,0,0.0,0,0,0,0,0,0,0,0,0,0,0,0,0,0,0,0,0,0,0,0,0,0,0,0,0,0,0,0,0,0,0,0,0,38,14,7,45,65476,0,300,0,0,8,21553,0.0,-107605600.0,0.0,0.0,0.0,0.0,0.0,0.0,0.0,0.0,0.0,0.0,0.0,0.0,0.0,0.0,0.0,0.0,0.0,0.0,0.0,0.0,0.0,0.0,-0.0,0.0,0.0,0.0,0.0,0.0,5078.0,-0.0,0.0,0.0,-107615296.0,-107615280.0,2.718429300292151e+23,0.0,0.0,0.0,0.0,53,-0.0,0.0,0.0,0.0,0.0,0.0,0.0,0.0,0.0,0,0,0,0.0,0.0,0.0,0.0,0.0,0.0,0.0,0.0,0.0,0.0,0.0,0.0,0.0,0.0,0.0,0.0,0,-107875648.0,53,0.0,106,-107614832.0,0.0,ERR,ERR,ERR,ERR,ERR,ERR,ERR,ERR,ERR,ERR,ERR,ERR,ERR,ERR,ERR,ERR,ERR,ERR,ERR,ERR,ERR,ERR,ERR,ERR,ERR,ERR,ERR,ERR,ERR,ERR,ERR,ERR,ERR,ERR,ERR,ERR,ERR,ERR,ERR,ERR,ERR,ERR,ERR,ERR,ERR,ERR,ERR,ERR,ERR,ERR,ERR,ERR,ERR,ERR,ERR,ERR,ERR,ERR,ERR,ERR,ERR,ERR,ERR,ERR,ERR,ERR,ERR,50.0,60.0,100,0.0,0.0,0.0,0.0,0.0,0.0,0.0,0.0,0.0,0.0,0.0,0.0,0.0,0.0,0.0,0.0,62.0,74,13,65512,50,65476,0,300,0,0,8,20529,65476,0,0,26214,60.0,0.0,0.0,0.0,0.0,0.0
2026-05-17T18:17:58,ERR,ERR,ERR,ERR,ERR,ERR,ERR,ERR,ERR,ERR,ERR,ERR,ERR,ERR,ERR,ERR,ERR,ERR,ERR,ERR,ERR,ERR,ERR,ERR,ERR,ERR,ERR,ERR,ERR,ERR,ERR,ERR,ERR,ERR,ERR,ERR,ERR,ERR,ERR,ERR,ERR,ERR,ERR,ERR,ERR,ERR,ERR,ERR,ERR,ERR,ERR,ERR,ERR,ERR,ERR,ERR,ERR,ERR,ERR,ERR,ERR,ERR,ERR,ERR,ERR,ERR,ERR,ERR,ERR,ERR,ERR,ERR,ERR,ERR,ERR,ERR,ERR,ERR,ERR,ERR,ERR,ERR,ERR,ERR,ERR,ERR,ERR,ERR,ERR,ERR,ERR,ERR,ERR,ERR,ERR,ERR,ERR,ERR,ERR,ERR,ERR,ERR,ERR,ERR,ERR,ERR,ERR,ERR,ERR,ERR,ERR,ERR,ERR,ERR,ERR,ERR,ERR,ERR,ERR,ERR,ERR,ERR,ERR,ERR,ERR,0.0,-107615296.0,-134474944.0,0.0,0.0,1.3936040501711995e+18,7.805,0.0,0,0,4,0,8422,0.0,45,0.0,0.0,0.0,0.0,0.0,0,0,0,0,0.0,0,0,0,0,0,0,0,0,0,0,0,0,0,0,0,0,0,0,0,0,0,0,0,0,0,0,0,0,0,0,0,0,0,38,14,7,45,65476,0,300,0,0,8,21553,0.0,-107605600.0,0.0,0.0,0.0,0.0,0.0,0.0,0.0,0.0,0.0,0.0,0.0,0.0,0.0,0.0,0.0,0.0,0.0,0.0,0.0,0.0,0.0,0.0,-0.0,0.0,0.0,0.0,0.0,0.0,5078.0,-0.0,0.0,0.0,-107615296.0,-107615280.0,2.718429300292151e+23,0.0,0.0,0.0,0.0,53,-0.0,0.0,0.0,0.0,0.0,0.0,0.0,0.0,0.0,0,0,0,0.0,0.0,0.0,0.0,0.0,0.0,0.0,0.0,0.0,0.0,0.0,0.0,0.0,0.0,0.0,0.0,0,-107875648.0,53,0.0,106,-107614832.0,0.0,ERR,ERR,ERR,ERR,ERR,ERR,ERR,ERR,ERR,ERR,ERR,ERR,ERR,ERR,ERR,ERR,ERR,ERR,ERR,ERR,ERR,ERR,ERR,ERR,ERR,ERR,ERR,ERR,ERR,ERR,ERR,ERR,ERR,ERR,ERR,ERR,ERR,ERR,ERR,ERR,ERR,ERR,ERR,ERR,ERR,ERR,ERR,ERR,ERR,ERR,ERR,ERR,ERR,ERR,ERR,ERR,ERR,ERR,ERR,ERR,ERR,ERR,ERR,ERR,ERR,ERR,ERR,50.0,60.0,100,0.0,0.0,0.0,0.0,0.0,0.0,0.0,0.0,0.0,0.0,0.0,0.0,0.0,0.0,0.0,0.0,61.6,74,13,65512,50,65476,0,300,0,0,8,20529,65476,0,0,26214,60.0,0.0,0.0,0.0,0.0,0.0
2026-05-17T18:17:59,ERR,ERR,ERR,ERR,ERR,ERR,ERR,ERR,ERR,ERR,ERR,ERR,ERR,ERR,ERR,ERR,ERR,ERR,ERR,ERR,ERR,ERR,ERR,ERR,ERR,ERR,ERR,ERR,ERR,ERR,ERR,ERR,ERR,ERR,ERR,ERR,ERR,ERR,ERR,ERR,ERR,ERR,ERR,ERR,ERR,ERR,ERR,ERR,ERR,ERR,ERR,ERR,ERR,ERR,ERR,ERR,ERR,ERR,ERR,ERR,ERR,ERR,ERR,ERR,ERR,ERR,ERR,ERR,ERR,ERR,ERR,ERR,ERR,ERR,ERR,ERR,ERR,ERR,ERR,ERR,ERR,ERR,ERR,ERR,ERR,ERR,ERR,ERR,ERR,ERR,ERR,ERR,ERR,ERR,ERR,ERR,ERR,ERR,ERR,ERR,ERR,ERR,ERR,ERR,ERR,ERR,ERR,ERR,ERR,ERR,ERR,ERR,ERR,ERR,ERR,ERR,ERR,ERR,ERR,ERR,ERR,ERR,ERR,ERR,ERR,0.0,-107615296.0,-134474944.0,0.0,0.0,1.3936040501711995e+18,7.805,0.0,0,0,4,0,8422,0.0,45,0.0,0.0,0.0,0.0,0.0,0,0,0,0,0.0,0,0,0,0,0,0,0,0,0,0,0,0,0,0,0,0,0,0,0,0,0,0,0,0,0,0,0,0,0,0,0,0,0,38,14,7,45,65476,0,300,0,0,8,21553,0.0,-107605600.0,0.0,0.0,0.0,0.0,0.0,0.0,0.0,0.0,0.0,0.0,0.0,0.0,0.0,0.0,0.0,0.0,0.0,0.0,0.0,0.0,0.0,0.0,-0.0,0.0,0.0,0.0,0.0,0.0,5078.0,-0.0,0.0,0.0,-107615296.0,-107615280.0,2.718429300292151e+23,0.0,0.0,0.0,0.0,53,-0.0,0.0,0.0,0.0,0.0,0.0,0.0,0.0,0.0,0,0,0,0.0,0.0,0.0,0.0,0.0,0.0,0.0,0.0,0.0,0.0,0.0,0.0,0.0,0.0,0.0,0.0,0,-107875648.0,53,0.0,106,-107614832.0,0.0,ERR,ERR,ERR,ERR,ERR,ERR,ERR,ERR,ERR,ERR,ERR,ERR,ERR,ERR,ERR,ERR,ERR,ERR,ERR,ERR,ERR,ERR,ERR,ERR,ERR,ERR,ERR,ERR,ERR,ERR,ERR,ERR,ERR,ERR,ERR,ERR,ERR,ERR,ERR,ERR,ERR,ERR,ERR,ERR,ERR,ERR,ERR,ERR,ERR,ERR,ERR,ERR,ERR,ERR,ERR,ERR,ERR,ERR,ERR,ERR,ERR,ERR,ERR,ERR,ERR,ERR,ERR,50.0,60.0,100,0.0,0.0,0.0,0.0,0.0,0.0,0.0,0.0,0.0,0.0,0.0,0.0,0.0,0.0,0.0,0.0,61.6,74,13,65512,50,65476,0,300,0,0,8,20529,65476,0,0,26214,60.0,0.0,0.0,0.0,0.0,0.0
2026-05-17T18:18:00,ERR,ERR,ERR,ERR,ERR,ERR,ERR,ERR,ERR,ERR,ERR,ERR,ERR,ERR,ERR,ERR,ERR,ERR,ERR,ERR,ERR,ERR,ERR,ERR,ERR,ERR,ERR,ERR,ERR,ERR,ERR,ERR,ERR,ERR,ERR,ERR,ERR,ERR,ERR,ERR,ERR,ERR,ERR,ERR,ERR,ERR,ERR,ERR,ERR,ERR,ERR,ERR,ERR,ERR,ERR,ERR,ERR,ERR,ERR,ERR,ERR,ERR,ERR,ERR,ERR,ERR,ERR,ERR,ERR,ERR,ERR,ERR,ERR,ERR,ERR,ERR,ERR,ERR,ERR,ERR,ERR,ERR,ERR,ERR,ERR,ERR,ERR,ERR,ERR,ERR,ERR,ERR,ERR,ERR,ERR,ERR,ERR,ERR,ERR,ERR,ERR,ERR,ERR,ERR,ERR,ERR,ERR,ERR,ERR,ERR,ERR,ERR,ERR,ERR,ERR,ERR,ERR,ERR,ERR,ERR,ERR,ERR,ERR,ERR,ERR,0.0,-107615296.0,-134474944.0,0.0,0.0,1.3936040501711995e+18,7.805,0.0,0,0,4,0,8422,0.0,45,0.0,0.0,0.0,0.0,0.0,0,0,0,0,0.0,0,0,0,0,0,0,0,0,0,0,0,0,0,0,0,0,0,0,0,0,0,0,0,0,0,0,0,0,0,0,0,0,0,38,14,7,45,65476,0,300,0,0,8,21553,0.0,-107605600.0,0.0,0.0,0.0,0.0,0.0,0.0,0.0,0.0,0.0,0.0,0.0,0.0,0.0,0.0,0.0,0.0,0.0,0.0,0.0,0.0,0.0,0.0,-0.0,0.0,0.0,0.0,0.0,0.0,5078.0,-0.0,0.0,0.0,-107615296.0,-107615280.0,2.718429300292151e+23,0.0,0.0,0.0,0.0,53,-0.0,0.0,0.0,0.0,0.0,0.0,0.0,0.0,0.0,0,0,0,0.0,0.0,0.0,0.0,0.0,0.0,0.0,0.0,0.0,0.0,0.0,0.0,0.0,0.0,0.0,0.0,0,-107875648.0,53,0.0,106,-107614832.0,0.0,ERR,ERR,ERR,ERR,ERR,ERR,ERR,ERR,ERR,ERR,ERR,ERR,ERR,ERR,ERR,ERR,ERR,ERR,ERR,ERR,ERR,ERR,ERR,ERR,ERR,ERR,ERR,ERR,ERR,ERR,ERR,ERR,ERR,ERR,ERR,ERR,ERR,ERR,ERR,ERR,ERR,ERR,ERR,ERR,ERR,ERR,ERR,ERR,ERR,ERR,ERR,ERR,ERR,ERR,ERR,ERR,ERR,ERR,ERR,ERR,ERR,ERR,ERR,ERR,ERR,ERR,ERR,50.0,60.0,100,0.0,0.0,0.0,0.0,0.0,0.0,0.0,0.0,0.0,0.0,0.0,0.0,0.0,0.0,0.0,0.0,61.6,74,13,65512,50,65476,0,300,0,0,8,20529,65476,0,0,26214,60.0,0.0,0.0,0.0,0.0,0.0
2026-05-17T18:18:01,ERR,ERR,ERR,ERR,ERR,ERR,ERR,ERR,ERR,ERR,ERR,ERR,ERR,ERR,ERR,ERR,ERR,ERR,ERR,ERR,ERR,ERR,ERR,ERR,ERR,ERR,ERR,ERR,ERR,ERR,ERR,ERR,ERR,ERR,ERR,ERR,ERR,ERR,ERR,ERR,ERR,ERR,ERR,ERR,ERR,ERR,ERR,ERR,ERR,ERR,ERR,ERR,ERR,ERR,ERR,ERR,ERR,ERR,ERR,ERR,ERR,ERR,ERR,ERR,ERR,ERR,ERR,ERR,ERR,ERR,ERR,ERR,ERR,ERR,ERR,ERR,ERR,ERR,ERR,ERR,ERR,ERR,ERR,ERR,ERR,ERR,ERR,ERR,ERR,ERR,ERR,ERR,ERR,ERR,ERR,ERR,ERR,ERR,ERR,ERR,ERR,ERR,ERR,ERR,ERR,ERR,ERR,ERR,ERR,ERR,ERR,ERR,ERR,ERR,ERR,ERR,ERR,ERR,ERR,ERR,ERR,ERR,ERR,ERR,ERR,0.0,-107615296.0,-134474944.0,0.0,0.0,1.3936040501711995e+18,7.805,0.0,0,0,4,0,8422,0.0,45,0.0,0.0,0.0,0.0,0.0,0,0,0,0,0.0,0,0,0,0,0,0,0,0,0,0,0,0,0,0,0,0,0,0,0,0,0,0,0,0,0,0,0,0,0,0,0,0,0,38,14,7,45,65476,0,300,0,0,8,21553,0.0,-107605600.0,0.0,0.0,0.0,0.0,0.0,0.0,0.0,0.0,0.0,0.0,0.0,0.0,0.0,0.0,0.0,0.0,0.0,0.0,0.0,0.0,0.0,0.0,-0.0,0.0,0.0,0.0,0.0,0.0,5086.0,-0.0,0.0,0.0,-107615296.0,-107615280.0,2.718429300292151e+23,0.0,0.0,0.0,0.0,53,-0.0,-71.629,0.0,0.0,0.0,0.0,0.0,0.0,0.0,0,0,0,0.0,0.0,0.0,0.0,0.0,0.0,0.0,0.0,0.0,0.0,0.0,0.0,0.0,0.0,0.0,0.0,0,-107875648.0,53,0.0,106,-107614832.0,0.0,ERR,ERR,ERR,ERR,ERR,ERR,ERR,ERR,ERR,ERR,ERR,ERR,ERR,ERR,ERR,ERR,ERR,ERR,ERR,ERR,ERR,ERR,ERR,ERR,ERR,ERR,ERR,ERR,ERR,ERR,ERR,ERR,ERR,ERR,ERR,ERR,ERR,ERR,ERR,ERR,ERR,ERR,ERR,ERR,ERR,ERR,ERR,ERR,ERR,ERR,ERR,ERR,ERR,ERR,ERR,ERR,ERR,ERR,ERR,ERR,ERR,ERR,ERR,ERR,ERR,ERR,ERR,50.0,60.0,100,0.0,0.0,0.0,0.0,0.0,0.0,0.0,0.0,0.0,0.0,0.0,0.0,0.0,0.0,0.0,0.0,61.6,74,13,65512,50,65476,0,300,0,0,8,20529,65476,0,0,26214,60.0,0.0,0.0,0.0,0.0,0.0
2026-05-17T18:18:02,ERR,ERR,ERR,ERR,ERR,ERR,ERR,ERR,ERR,ERR,ERR,ERR,ERR,ERR,ERR,ERR,ERR,ERR,ERR,ERR,ERR,ERR,ERR,ERR,ERR,ERR,ERR,ERR,ERR,ERR,ERR,ERR,ERR,ERR,ERR,ERR,ERR,ERR,ERR,ERR,ERR,ERR,ERR,ERR,ERR,ERR,ERR,ERR,ERR,ERR,ERR,ERR,ERR,ERR,ERR,ERR,ERR,ERR,ERR,ERR,ERR,ERR,ERR,ERR,ERR,ERR,ERR,ERR,ERR,ERR,ERR,ERR,ERR,ERR,ERR,ERR,ERR,ERR,ERR,ERR,ERR,ERR,ERR,ERR,ERR,ERR,ERR,ERR,ERR,ERR,ERR,ERR,ERR,ERR,ERR,ERR,ERR,ERR,ERR,ERR,ERR,ERR,ERR,ERR,ERR,ERR,ERR,ERR,ERR,ERR,ERR,ERR,ERR,ERR,ERR,ERR,ERR,ERR,ERR,ERR,ERR,ERR,ERR,ERR,ERR,0.0,-107615296.0,-134474944.0,0.0,0.0,1.3936040501711995e+18,7.805,0.0,0,0,4,0,8422,0.0,45,0.0,0.0,0.0,0.0,0.0,0,0,0,0,0.0,0,0,0,0,0,0,0,0,0,0,0,0,0,0,0,0,0,0,0,0,0,0,0,0,0,0,0,0,0,0,0,0,0,38,14,7,45,65476,0,300,0,0,8,21553,0.0,-107605600.0,0.0,0.0,0.0,0.0,0.0,0.0,0.0,0.0,0.0,0.0,0.0,0.0,0.0,0.0,0.0,0.0,0.0,0.0,0.0,0.0,0.0,0.0,-0.0,0.0,0.0,0.0,0.0,0.0,5086.0,-0.0,0.0,0.0,-107615296.0,-107615280.0,2.718429300292151e+23,0.0,0.0,0.0,0.0,53,-0.0,-71.629,0.0,0.0,0.0,0.0,0.0,0.0,0.0,0,0,0,0.0,0.0,0.0,0.0,0.0,0.0,0.0,0.0,0.0,0.0,0.0,0.0,0.0,0.0,0.0,0.0,0,-107875648.0,53,0.0,106,-107614832.0,0.0,ERR,ERR,ERR,ERR,ERR,ERR,ERR,ERR,ERR,ERR,ERR,ERR,ERR,ERR,ERR,ERR,ERR,ERR,ERR,ERR,ERR,ERR,ERR,ERR,ERR,ERR,ERR,ERR,ERR,ERR,ERR,ERR,ERR,ERR,ERR,ERR,ERR,ERR,ERR,ERR,ERR,ERR,ERR,ERR,ERR,ERR,ERR,ERR,ERR,ERR,ERR,ERR,ERR,ERR,ERR,ERR,ERR,ERR,ERR,ERR,ERR,ERR,ERR,ERR,ERR,ERR,ERR,50.0,60.0,100,0.0,0.0,0.0,0.0,0.0,0.0,0.0,0.0,0.0,0.0,0.0,0.0,0.0,0.0,0.0,0.0,61.6,74,13,65512,50,65476,0,300,0,0,8,20529,65476,0,0,26214,60.0,0.0,0.0,0.0,0.0,0.0
2026-05-17T18:18:03,ERR,ERR,ERR,ERR,ERR,ERR,ERR,ERR,ERR,ERR,ERR,ERR,ERR,ERR,ERR,ERR,ERR,ERR,ERR,ERR,ERR,ERR,ERR,ERR,ERR,ERR,ERR,ERR,ERR,ERR,ERR,ERR,ERR,ERR,ERR,ERR,ERR,ERR,ERR,ERR,ERR,ERR,ERR,ERR,ERR,ERR,ERR,ERR,ERR,ERR,ERR,ERR,ERR,ERR,ERR,ERR,ERR,ERR,ERR,ERR,ERR,ERR,ERR,ERR,ERR,ERR,ERR,ERR,ERR,ERR,ERR,ERR,ERR,ERR,ERR,ERR,ERR,ERR,ERR,ERR,ERR,ERR,ERR,ERR,ERR,ERR,ERR,ERR,ERR,ERR,ERR,ERR,ERR,ERR,ERR,ERR,ERR,ERR,ERR,ERR,ERR,ERR,ERR,ERR,ERR,ERR,ERR,ERR,ERR,ERR,ERR,ERR,ERR,ERR,ERR,ERR,ERR,ERR,ERR,ERR,ERR,ERR,ERR,ERR,ERR,0.0,-107615296.0,-134474944.0,0.0,0.0,1.3936040501711995e+18,7.805,0.0,0,0,4,0,8422,0.0,45,0.0,0.0,0.0,0.0,0.0,0,0,0,0,0.0,0,0,0,0,0,0,0,0,0,0,0,0,0,0,0,0,0,0,0,0,0,0,0,0,0,0,0,0,0,0,0,0,0,38,14,7,45,65476,0,300,0,0,8,21553,0.0,-107605600.0,0.0,0.0,0.0,0.0,0.0,0.0,0.0,0.0,0.0,0.0,0.0,0.0,0.0,0.0,0.0,0.0,0.0,0.0,0.0,0.0,0.0,0.0,-0.0,0.0,0.0,0.0,0.0,0.0,5086.0,-0.0,0.0,0.0,-107615296.0,-107615280.0,2.718429300292151e+23,0.0,0.0,0.0,0.0,53,-0.0,-71.629,0.0,0.0,0.0,0.0,0.0,0.0,0.0,0,0,0,0.0,0.0,0.0,0.0,0.0,0.0,0.0,0.0,0.0,0.0,0.0,0.0,0.0,0.0,0.0,0.0,0,-107875648.0,53,0.0,106,-107614832.0,0.0,ERR,ERR,ERR,ERR,ERR,ERR,ERR,ERR,ERR,ERR,ERR,ERR,ERR,ERR,ERR,ERR,ERR,ERR,ERR,ERR,ERR,ERR,ERR,ERR,ERR,ERR,ERR,ERR,ERR,ERR,ERR,ERR,ERR,ERR,ERR,ERR,ERR,ERR,ERR,ERR,ERR,ERR,ERR,ERR,ERR,ERR,ERR,ERR,ERR,ERR,ERR,ERR,ERR,ERR,ERR,ERR,ERR,ERR,ERR,ERR,ERR,ERR,ERR,ERR,ERR,ERR,ERR,50.0,60.0,100,0.0,0.0,0.0,0.0,0.0,0.0,0.0,0.0,0.0,0.0,0.0,0.0,0.0,0.0,0.0,0.0,61.6,74,13,65512,50,65476,0,300,0,0,8,20529,65476,0,0,26214,60.0,0.0,0.0,0.0,0.0,0.0
2026-05-17T18:18:04,ERR,ERR,ERR,ERR,ERR,ERR,ERR,ERR,ERR,ERR,ERR,ERR,ERR,ERR,ERR,ERR,ERR,ERR,ERR,ERR,ERR,ERR,ERR,ERR,ERR,ERR,ERR,ERR,ERR,ERR,ERR,ERR,ERR,ERR,ERR,ERR,ERR,ERR,ERR,ERR,ERR,ERR,ERR,ERR,ERR,ERR,ERR,ERR,ERR,ERR,ERR,ERR,ERR,ERR,ERR,ERR,ERR,ERR,ERR,ERR,ERR,ERR,ERR,ERR,ERR,ERR,ERR,ERR,ERR,ERR,ERR,ERR,ERR,ERR,ERR,ERR,ERR,ERR,ERR,ERR,ERR,ERR,ERR,ERR,ERR,ERR,ERR,ERR,ERR,ERR,ERR,ERR,ERR,ERR,ERR,ERR,ERR,ERR,ERR,ERR,ERR,ERR,ERR,ERR,ERR,ERR,ERR,ERR,ERR,ERR,ERR,ERR,ERR,ERR,ERR,ERR,ERR,ERR,ERR,ERR,ERR,ERR,ERR,ERR,ERR,0.0,-107615296.0,-134474944.0,0.0,0.0,1.3936040501711995e+18,7.805,0.0,0,0,4,0,8422,0.0,45,0.0,0.0,0.0,0.0,0.0,0,0,0,0,0.0,0,0,0,0,0,0,0,0,0,0,0,0,0,0,0,0,0,0,0,0,0,0,0,0,0,0,0,0,0,0,0,0,0,38,14,7,45,65476,0,300,0,0,8,21553,0.0,-107605600.0,0.0,0.0,0.0,0.0,0.0,0.0,0.0,0.0,0.0,0.0,0.0,0.0,0.0,0.0,0.0,0.0,0.0,0.0,0.0,0.0,0.0,0.0,-0.0,0.0,0.0,0.0,0.0,0.0,5086.0,-0.0,0.0,0.0,-107615296.0,-107615280.0,2.718429300292151e+23,0.0,0.0,0.0,0.0,53,-0.0,-71.629,0.0,0.0,0.0,0.0,0.0,0.0,0.0,0,0,0,0.0,0.0,0.0,0.0,0.0,0.0,0.0,0.0,0.0,0.0,0.0,0.0,0.0,0.0,0.0,0.0,0,-107875648.0,53,0.0,106,-107614832.0,0.0,ERR,ERR,ERR,ERR,ERR,ERR,ERR,ERR,ERR,ERR,ERR,ERR,ERR,ERR,ERR,ERR,ERR,ERR,ERR,ERR,ERR,ERR,ERR,ERR,ERR,ERR,ERR,ERR,ERR,ERR,ERR,ERR,ERR,ERR,ERR,ERR,ERR,ERR,ERR,ERR,ERR,ERR,ERR,ERR,ERR,ERR,ERR,ERR,ERR,ERR,ERR,ERR,ERR,ERR,ERR,ERR,ERR,ERR,ERR,ERR,ERR,ERR,ERR,ERR,ERR,ERR,ERR,50.0,60.0,100,0.0,0.0,0.0,0.0,0.0,0.0,0.0,0.0,0.0,0.0,0.0,0.0,0.0,0.0,0.0,0.0,61.6,74,13,65512,50,65476,0,300,0,0,8,20529,65476,0,0,26214,60.0,0.0,0.0,0.0,0.0,0.0
2026-05-17T18:18:05,ERR,ERR,ERR,ERR,ERR,ERR,ERR,ERR,ERR,ERR,ERR,ERR,ERR,ERR,ERR,ERR,ERR,ERR,ERR,ERR,ERR,ERR,ERR,ERR,ERR,ERR,ERR,ERR,ERR,ERR,ERR,ERR,ERR,ERR,ERR,ERR,ERR,ERR,ERR,ERR,ERR,ERR,ERR,ERR,ERR,ERR,ERR,ERR,ERR,ERR,ERR,ERR,ERR,ERR,ERR,ERR,ERR,ERR,ERR,ERR,ERR,ERR,ERR,ERR,ERR,ERR,ERR,ERR,ERR,ERR,ERR,ERR,ERR,ERR,ERR,ERR,ERR,ERR,ERR,ERR,ERR,ERR,ERR,ERR,ERR,ERR,ERR,ERR,ERR,ERR,ERR,ERR,ERR,ERR,ERR,ERR,ERR,ERR,ERR,ERR,ERR,ERR,ERR,ERR,ERR,ERR,ERR,ERR,ERR,ERR,ERR,ERR,ERR,ERR,ERR,ERR,ERR,ERR,ERR,ERR,ERR,ERR,ERR,ERR,ERR,0.0,-107615296.0,-134474944.0,0.0,0.0,1.3936040501711995e+18,7.805,0.0,0,0,4,0,8422,0.0,45,0.0,0.0,0.0,0.0,0.0,0,0,0,0,0.0,0,0,0,0,0,0,0,0,0,0,0,0,0,0,0,0,0,0,0,0,0,0,0,0,0,0,0,0,0,0,0,0,0,38,14,7,45,65476,0,300,0,0,8,21553,0.0,-107605600.0,0.0,0.0,0.0,0.0,0.0,0.0,0.0,0.0,0.0,0.0,0.0,0.0,0.0,0.0,0.0,0.0,0.0,0.0,0.0,0.0,0.0,0.0,-0.0,0.0,0.0,0.0,0.0,0.0,5086.0,-0.0,0.0,0.0,-107615296.0,-107615280.0,2.718429300292151e+23,0.0,0.0,0.0,0.0,53,-0.0,-71.629,0.0,0.0,0.0,0.0,0.0,0.0,0.0,0,0,0,0.0,0.0,0.0,0.0,0.0,0.0,0.0,0.0,0.0,0.0,0.0,0.0,0.0,0.0,0.0,0.0,0,-107875648.0,53,0.0,106,-107614832.0,0.0,ERR,ERR,ERR,ERR,ERR,ERR,ERR,ERR,ERR,ERR,ERR,ERR,ERR,ERR,ERR,ERR,ERR,ERR,ERR,ERR,ERR,ERR,ERR,ERR,ERR,ERR,ERR,ERR,ERR,ERR,ERR,ERR,ERR,ERR,ERR,ERR,ERR,ERR,ERR,ERR,ERR,ERR,ERR,ERR,ERR,ERR,ERR,ERR,ERR,ERR,ERR,ERR,ERR,ERR,ERR,ERR,ERR,ERR,ERR,ERR,ERR,ERR,ERR,ERR,ERR,ERR,ERR,50.0,60.0,100,0.0,0.0,0.0,0.0,0.0,0.0,0.0,0.0,0.0,0.0,0.0,0.0,0.0,0.0,0.0,0.0,62.0,74,13,65512,50,65476,0,300,0,0,8,20529,65476,0,0,26214,60.0,0.0,0.0,0.0,0.0,0.0
2026-05-17T18:18:06,ERR,ERR,ERR,ERR,ERR,ERR,ERR,ERR,ERR,ERR,ERR,ERR,ERR,ERR,ERR,ERR,ERR,ERR,ERR,ERR,ERR,ERR,ERR,ERR,ERR,ERR,ERR,ERR,ERR,ERR,ERR,ERR,ERR,ERR,ERR,ERR,ERR,ERR,ERR,ERR,ERR,ERR,ERR,ERR,ERR,ERR,ERR,ERR,ERR,ERR,ERR,ERR,ERR,ERR,ERR,ERR,ERR,ERR,ERR,ERR,ERR,ERR,ERR,ERR,ERR,ERR,ERR,ERR,ERR,ERR,ERR,ERR,ERR,ERR,ERR,ERR,ERR,ERR,ERR,ERR,ERR,ERR,ERR,ERR,ERR,ERR,ERR,ERR,ERR,ERR,ERR,ERR,ERR,ERR,ERR,ERR,ERR,ERR,ERR,ERR,ERR,ERR,ERR,ERR,ERR,ERR,ERR,ERR,ERR,ERR,ERR,ERR,ERR,ERR,ERR,ERR,ERR,ERR,ERR,ERR,ERR,ERR,ERR,ERR,ERR,0.0,-107615296.0,-134474944.0,0.0,0.0,1.3936040501711995e+18,7.805,0.0,0,0,4,0,8422,0.0,45,0.0,0.0,0.0,0.0,0.0,0,0,0,0,0.0,0,0,0,0,0,0,0,0,0,0,0,0,0,0,0,0,0,0,0,0,0,0,0,0,0,0,0,0,0,0,0,0,0,38,14,7,45,65476,0,300,0,0,8,21553,0.0,-107605600.0,0.0,0.0,0.0,0.0,0.0,0.0,0.0,0.0,0.0,0.0,0.0,0.0,0.0,0.0,0.0,0.0,0.0,0.0,0.0,0.0,0.0,0.0,-0.0,0.0,0.0,0.0,0.0,0.0,5078.0,3.697187013234e+19,0.0,0.0,-107615296.0,-107615280.0,2.718429300292151e+23,0.0,0.0,0.0,0.0,53,-0.0,-107614800.0,0.0,0.0,0.0,0.0,0.0,0.0,0.0,0,0,0,0.0,0.0,0.0,0.0,0.0,0.0,0.0,0.0,0.0,0.0,0.0,0.0,0.0,0.0,0.0,0.0,0,-107875648.0,53,0.0,106,-107614832.0,0.0,ERR,ERR,ERR,ERR,ERR,ERR,ERR,ERR,ERR,ERR,ERR,ERR,ERR,ERR,ERR,ERR,ERR,ERR,ERR,ERR,ERR,ERR,ERR,ERR,ERR,ERR,ERR,ERR,ERR,ERR,ERR,ERR,ERR,ERR,ERR,ERR,ERR,ERR,ERR,ERR,ERR,ERR,ERR,ERR,ERR,ERR,ERR,ERR,ERR,ERR,ERR,ERR,ERR,ERR,ERR,ERR,ERR,ERR,ERR,ERR,ERR,ERR,ERR,ERR,ERR,ERR,ERR,50.0,60.0,100,0.0,0.0,0.0,0.0,0.0,0.0,0.0,0.0,0.0,0.0,0.0,0.0,0.0,0.0,0.0,0.0,62.0,74,13,65512,50,65476,0,300,0,0,8,20529,65476,0,0,26214,60.0,0.0,0.0,0.0,0.0,0.0
2026-05-17T18:18:07,ERR,ERR,ERR,ERR,ERR,ERR,ERR,ERR,ERR,ERR,ERR,ERR,ERR,ERR,ERR,ERR,ERR,ERR,ERR,ERR,ERR,ERR,ERR,ERR,ERR,ERR,ERR,ERR,ERR,ERR,ERR,ERR,ERR,ERR,ERR,ERR,ERR,ERR,ERR,ERR,ERR,ERR,ERR,ERR,ERR,ERR,ERR,ERR,ERR,ERR,ERR,ERR,ERR,ERR,ERR,ERR,ERR,ERR,ERR,ERR,ERR,ERR,ERR,ERR,ERR,ERR,ERR,ERR,ERR,ERR,ERR,ERR,ERR,ERR,ERR,ERR,ERR,ERR,ERR,ERR,ERR,ERR,ERR,ERR,ERR,ERR,ERR,ERR,ERR,ERR,ERR,ERR,ERR,ERR,ERR,ERR,ERR,ERR,ERR,ERR,ERR,ERR,ERR,ERR,ERR,ERR,ERR,ERR,ERR,ERR,ERR,ERR,ERR,ERR,ERR,ERR,ERR,ERR,ERR,ERR,ERR,ERR,ERR,ERR,ERR,0.0,-107615296.0,-134474944.0,0.0,0.0,1.3936040501711995e+18,7.805,0.0,0,0,4,0,8422,0.0,45,0.0,0.0,0.0,0.0,0.0,0,0,0,0,0.0,0,0,0,0,0,0,0,0,0,0,0,0,0,0,0,0,0,0,0,0,0,0,0,0,0,0,0,0,0,0,0,0,0,38,14,7,45,65476,0,300,0,0,8,21553,0.0,-107605600.0,0.0,0.0,0.0,0.0,0.0,0.0,0.0,0.0,0.0,0.0,0.0,0.0,0.0,0.0,0.0,0.0,0.0,0.0,0.0,0.0,0.0,0.0,-0.0,0.0,0.0,0.0,0.0,0.0,5078.0,3.697187013234e+19,0.0,0.0,-107615296.0,-107615280.0,2.718429300292151e+23,0.0,0.0,0.0,0.0,53,-0.0,-107614800.0,0.0,0.0,0.0,0.0,0.0,0.0,0.0,0,0,0,0.0,0.0,0.0,0.0,0.0,0.0,0.0,0.0,0.0,0.0,0.0,0.0,0.0,0.0,0.0,0.0,0,-107875648.0,53,0.0,106,-107614832.0,0.0,ERR,ERR,ERR,ERR,ERR,ERR,ERR,ERR,ERR,ERR,ERR,ERR,ERR,ERR,ERR,ERR,ERR,ERR,ERR,ERR,ERR,ERR,ERR,ERR,ERR,ERR,ERR,ERR,ERR,ERR,ERR,ERR,ERR,ERR,ERR,ERR,ERR,ERR,ERR,ERR,ERR,ERR,ERR,ERR,ERR,ERR,ERR,ERR,ERR,ERR,ERR,ERR,ERR,ERR,ERR,ERR,ERR,ERR,ERR,ERR,ERR,ERR,ERR,ERR,ERR,ERR,ERR,50.0,60.0,100,0.0,0.0,0.0,0.0,0.0,0.0,0.0,0.0,0.0,0.0,0.0,0.0,0.0,0.0,0.0,0.0,61.6,74,13,65512,50,65476,0,300,0,0,8,20529,65476,0,0,26214,60.0,0.0,0.0,0.0,0.0,0.0
2026-05-17T18:18:08,ERR,ERR,ERR,ERR,ERR,ERR,ERR,ERR,ERR,ERR,ERR,ERR,ERR,ERR,ERR,ERR,ERR,ERR,ERR,ERR,ERR,ERR,ERR,ERR,ERR,ERR,ERR,ERR,ERR,ERR,ERR,ERR,ERR,ERR,ERR,ERR,ERR,ERR,ERR,ERR,ERR,ERR,ERR,ERR,ERR,ERR,ERR,ERR,ERR,ERR,ERR,ERR,ERR,ERR,ERR,ERR,ERR,ERR,ERR,ERR,ERR,ERR,ERR,ERR,ERR,ERR,ERR,ERR,ERR,ERR,ERR,ERR,ERR,ERR,ERR,ERR,ERR,ERR,ERR,ERR,ERR,ERR,ERR,ERR,ERR,ERR,ERR,ERR,ERR,ERR,ERR,ERR,ERR,ERR,ERR,ERR,ERR,ERR,ERR,ERR,ERR,ERR,ERR,ERR,ERR,ERR,ERR,ERR,ERR,ERR,ERR,ERR,ERR,ERR,ERR,ERR,ERR,ERR,ERR,ERR,ERR,ERR,ERR,ERR,ERR,0.0,-107615296.0,-134474944.0,0.0,0.0,1.3936040501711995e+18,7.805,0.0,0,0,4,0,8422,0.0,45,0.0,0.0,0.0,0.0,0.0,0,0,0,0,0.0,0,0,0,0,0,0,0,0,0,0,0,0,0,0,0,0,0,0,0,0,0,0,0,0,0,0,0,0,0,0,0,0,0,38,14,7,45,65476,0,300,0,0,8,21553,0.0,-107605600.0,0.0,0.0,0.0,0.0,0.0,0.0,0.0,0.0,0.0,0.0,0.0,0.0,0.0,0.0,0.0,0.0,0.0,0.0,0.0,0.0,0.0,0.0,-0.0,0.0,0.0,0.0,0.0,0.0,5078.0,3.697187013234e+19,0.0,0.0,-107615296.0,-107615280.0,2.718429300292151e+23,0.0,0.0,0.0,0.0,53,-0.0,-107614800.0,0.0,0.0,0.0,0.0,0.0,0.0,0.0,0,0,0,0.0,0.0,0.0,0.0,0.0,0.0,0.0,0.0,0.0,0.0,0.0,0.0,0.0,0.0,0.0,0.0,0,-107875648.0,53,0.0,106,-107614832.0,0.0,ERR,ERR,ERR,ERR,ERR,ERR,ERR,ERR,ERR,ERR,ERR,ERR,ERR,ERR,ERR,ERR,ERR,ERR,ERR,ERR,ERR,ERR,ERR,ERR,ERR,ERR,ERR,ERR,ERR,ERR,ERR,ERR,ERR,ERR,ERR,ERR,ERR,ERR,ERR,ERR,ERR,ERR,ERR,ERR,ERR,ERR,ERR,ERR,ERR,ERR,ERR,ERR,ERR,ERR,ERR,ERR,ERR,ERR,ERR,ERR,ERR,ERR,ERR,ERR,ERR,ERR,ERR,50.0,60.0,100,0.0,0.0,0.0,0.0,0.0,0.0,0.0,0.0,0.0,0.0,0.0,0.0,0.0,0.0,0.0,0.0,61.6,74,13,65512,50,65476,0,300,0,0,8,20529,65476,0,0,26214,60.0,0.0,0.0,0.0,0.0,0.0
2026-05-17T18:18:09,ERR,ERR,ERR,ERR,ERR,ERR,ERR,ERR,ERR,ERR,ERR,ERR,ERR,ERR,ERR,ERR,ERR,ERR,ERR,ERR,ERR,ERR,ERR,ERR,ERR,ERR,ERR,ERR,ERR,ERR,ERR,ERR,ERR,ERR,ERR,ERR,ERR,ERR,ERR,ERR,ERR,ERR,ERR,ERR,ERR,ERR,ERR,ERR,ERR,ERR,ERR,ERR,ERR,ERR,ERR,ERR,ERR,ERR,ERR,ERR,ERR,ERR,ERR,ERR,ERR,ERR,ERR,ERR,ERR,ERR,ERR,ERR,ERR,ERR,ERR,ERR,ERR,ERR,ERR,ERR,ERR,ERR,ERR,ERR,ERR,ERR,ERR,ERR,ERR,ERR,ERR,ERR,ERR,ERR,ERR,ERR,ERR,ERR,ERR,ERR,ERR,ERR,ERR,ERR,ERR,ERR,ERR,ERR,ERR,ERR,ERR,ERR,ERR,ERR,ERR,ERR,ERR,ERR,ERR,ERR,ERR,ERR,ERR,ERR,ERR,0.0,-107615296.0,-134474944.0,0.0,0.0,1.3936040501711995e+18,7.805,0.0,0,0,4,0,8422,0.0,45,0.0,0.0,0.0,0.0,0.0,0,0,0,0,0.0,0,0,0,0,0,0,0,0,0,0,0,0,0,0,0,0,0,0,0,0,0,0,0,0,0,0,0,0,0,0,0,0,0,38,14,7,45,65476,0,300,0,0,8,21553,0.0,-107605600.0,0.0,0.0,0.0,0.0,0.0,0.0,0.0,0.0,0.0,0.0,0.0,0.0,0.0,0.0,0.0,0.0,0.0,0.0,0.0,0.0,0.0,0.0,-0.0,0.0,0.0,0.0,0.0,0.0,5078.0,3.697187013234e+19,0.0,0.0,-107615296.0,-107615280.0,2.718429300292151e+23,0.0,0.0,0.0,0.0,53,-0.0,-107614800.0,0.0,0.0,0.0,0.0,0.0,0.0,0.0,0,0,0,0.0,0.0,0.0,0.0,0.0,0.0,0.0,0.0,0.0,0.0,0.0,0.0,0.0,0.0,0.0,0.0,0,-107875648.0,53,0.0,106,-107614832.0,0.0,ERR,ERR,ERR,ERR,ERR,ERR,ERR,ERR,ERR,ERR,ERR,ERR,ERR,ERR,ERR,ERR,ERR,ERR,ERR,ERR,ERR,ERR,ERR,ERR,ERR,ERR,ERR,ERR,ERR,ERR,ERR,ERR,ERR,ERR,ERR,ERR,ERR,ERR,ERR,ERR,ERR,ERR,ERR,ERR,ERR,ERR,ERR,ERR,ERR,ERR,ERR,ERR,ERR,ERR,ERR,ERR,ERR,ERR,ERR,ERR,ERR,ERR,ERR,ERR,ERR,ERR,ERR,50.0,60.0,100,0.0,0.0,0.0,0.0,0.0,0.0,0.0,0.0,0.0,0.0,0.0,0.0,0.0,0.0,0.0,0.0,61.6,74,13,65512,50,65476,0,300,0,0,8,20529,65476,0,0,26214,60.0,0.0,0.0,0.0,0.0,0.0
2026-05-17T18:18:10,ERR,ERR,ERR,ERR,ERR,ERR,ERR,ERR,ERR,ERR,ERR,ERR,ERR,ERR,ERR,ERR,ERR,ERR,ERR,ERR,ERR,ERR,ERR,ERR,ERR,ERR,ERR,ERR,ERR,ERR,ERR,ERR,ERR,ERR,ERR,ERR,ERR,ERR,ERR,ERR,ERR,ERR,ERR,ERR,ERR,ERR,ERR,ERR,ERR,ERR,ERR,ERR,ERR,ERR,ERR,ERR,ERR,ERR,ERR,ERR,ERR,ERR,ERR,ERR,ERR,ERR,ERR,ERR,ERR,ERR,ERR,ERR,ERR,ERR,ERR,ERR,ERR,ERR,ERR,ERR,ERR,ERR,ERR,ERR,ERR,ERR,ERR,ERR,ERR,ERR,ERR,ERR,ERR,ERR,ERR,ERR,ERR,ERR,ERR,ERR,ERR,ERR,ERR,ERR,ERR,ERR,ERR,ERR,ERR,ERR,ERR,ERR,ERR,ERR,ERR,ERR,ERR,ERR,ERR,ERR,ERR,ERR,ERR,ERR,ERR,0.0,-107615296.0,-134474944.0,0.0,0.0,1.3936040501711995e+18,7.805,0.0,0,0,4,0,8422,0.0,45,0.0,0.0,0.0,0.0,0.0,0,0,0,0,0.0,0,0,0,0,0,0,0,0,0,0,0,0,0,0,0,0,0,0,0,0,0,0,0,0,0,0,0,0,0,0,0,0,0,38,14,7,45,65476,0,300,0,0,8,21553,0.0,-107605600.0,0.0,0.0,0.0,0.0,0.0,0.0,0.0,0.0,0.0,0.0,0.0,0.0,0.0,0.0,0.0,0.0,0.0,0.0,0.0,0.0,0.0,0.0,-0.0,0.0,0.0,0.0,0.0,0.0,5078.0,3.697187013234e+19,0.0,0.0,-107615296.0,-107615280.0,2.718429300292151e+23,0.0,0.0,0.0,0.0,53,-0.0,-107614800.0,0.0,0.0,0.0,0.0,0.0,0.0,0.0,0,0,0,0.0,0.0,0.0,0.0,0.0,0.0,0.0,0.0,0.0,0.0,0.0,0.0,0.0,0.0,0.0,0.0,0,-107875648.0,53,0.0,106,-107614832.0,0.0,ERR,ERR,ERR,ERR,ERR,ERR,ERR,ERR,ERR,ERR,ERR,ERR,ERR,ERR,ERR,ERR,ERR,ERR,ERR,ERR,ERR,ERR,ERR,ERR,ERR,ERR,ERR,ERR,ERR,ERR,ERR,ERR,ERR,ERR,ERR,ERR,ERR,ERR,ERR,ERR,ERR,ERR,ERR,ERR,ERR,ERR,ERR,ERR,ERR,ERR,ERR,ERR,ERR,ERR,ERR,ERR,ERR,ERR,ERR,ERR,ERR,ERR,ERR,ERR,ERR,ERR,ERR,50.0,60.0,100,0.0,0.0,0.0,0.0,0.0,0.0,0.0,0.0,0.0,0.0,0.0,0.0,0.0,0.0,0.0,0.0,61.6,74,13,65512,50,65476,0,300,0,0,8,20529,65476,0,0,26214,60.0,0.0,0.0,0.0,0.0,0.0
2026-05-17T18:18:11,ERR,ERR,ERR,ERR,ERR,ERR,ERR,ERR,ERR,ERR,ERR,ERR,ERR,ERR,ERR,ERR,ERR,ERR,ERR,ERR,ERR,ERR,ERR,ERR,ERR,ERR,ERR,ERR,ERR,ERR,ERR,ERR,ERR,ERR,ERR,ERR,ERR,ERR,ERR,ERR,ERR,ERR,ERR,ERR,ERR,ERR,ERR,ERR,ERR,ERR,ERR,ERR,ERR,ERR,ERR,ERR,ERR,ERR,ERR,ERR,ERR,ERR,ERR,ERR,ERR,ERR,ERR,ERR,ERR,ERR,ERR,ERR,ERR,ERR,ERR,ERR,ERR,ERR,ERR,ERR,ERR,ERR,ERR,ERR,ERR,ERR,ERR,ERR,ERR,ERR,ERR,ERR,ERR,ERR,ERR,ERR,ERR,ERR,ERR,ERR,ERR,ERR,ERR,ERR,ERR,ERR,ERR,ERR,ERR,ERR,ERR,ERR,ERR,ERR,ERR,ERR,ERR,ERR,ERR,ERR,ERR,ERR,ERR,ERR,ERR,0.0,-107615296.0,-134474944.0,0.0,0.0,1.3936040501711995e+18,7.805,0.0,0,0,4,0,8422,0.0,45,0.0,0.0,0.0,0.0,0.0,0,0,0,0,0.0,0,0,0,0,0,0,0,0,0,0,0,0,0,0,0,0,0,0,0,0,0,0,0,0,0,0,0,0,0,0,0,0,0,38,14,7,45,65476,0,300,0,0,8,21553,0.0,-107605600.0,0.0,0.0,0.0,0.0,0.0,0.0,0.0,0.0,0.0,0.0,0.0,0.0,0.0,0.0,0.0,0.0,0.0,0.0,0.0,0.0,0.0,0.0,-0.0,0.0,0.0,0.0,0.0,0.0,5080.0,-0.0,0.0,0.0,-107615296.0,-107615280.0,2.718429300292151e+23,0.0,0.0,0.0,0.0,53,-0.0,-3.2220035051135306e+26,0.0,0.0,0.0,0.0,0.0,0.0,0.0,0,0,0,0.0,0.0,0.0,0.0,0.0,0.0,0.0,0.0,0.0,0.0,0.0,0.0,0.0,0.0,0.0,0.0,0,-107875648.0,53,0.0,106,-107614832.0,0.0,ERR,ERR,ERR,ERR,ERR,ERR,ERR,ERR,ERR,ERR,ERR,ERR,ERR,ERR,ERR,ERR,ERR,ERR,ERR,ERR,ERR,ERR,ERR,ERR,ERR,ERR,ERR,ERR,ERR,ERR,ERR,ERR,ERR,ERR,ERR,ERR,ERR,ERR,ERR,ERR,ERR,ERR,ERR,ERR,ERR,ERR,ERR,ERR,ERR,ERR,ERR,ERR,ERR,ERR,ERR,ERR,ERR,ERR,ERR,ERR,ERR,ERR,ERR,ERR,ERR,ERR,ERR,50.0,60.0,100,0.0,0.0,0.0,0.0,0.0,0.0,0.0,0.0,0.0,0.0,0.0,0.0,0.0,0.0,0.0,0.0,61.6,74,13,65512,50,65476,0,300,0,0,8,20529,65476,0,0,26214,60.0,0.0,0.0,0.0,0.0,0.0
2026-05-17T18:18:12,ERR,ERR,ERR,ERR,ERR,ERR,ERR,ERR,ERR,ERR,ERR,ERR,ERR,ERR,ERR,ERR,ERR,ERR,ERR,ERR,ERR,ERR,ERR,ERR,ERR,ERR,ERR,ERR,ERR,ERR,ERR,ERR,ERR,ERR,ERR,ERR,ERR,ERR,ERR,ERR,ERR,ERR,ERR,ERR,ERR,ERR,ERR,ERR,ERR,ERR,ERR,ERR,ERR,ERR,ERR,ERR,ERR,ERR,ERR,ERR,ERR,ERR,ERR,ERR,ERR,ERR,ERR,ERR,ERR,ERR,ERR,ERR,ERR,ERR,ERR,ERR,ERR,ERR,ERR,ERR,ERR,ERR,ERR,ERR,ERR,ERR,ERR,ERR,ERR,ERR,ERR,ERR,ERR,ERR,ERR,ERR,ERR,ERR,ERR,ERR,ERR,ERR,ERR,ERR,ERR,ERR,ERR,ERR,ERR,ERR,ERR,ERR,ERR,ERR,ERR,ERR,ERR,ERR,ERR,ERR,ERR,ERR,ERR,ERR,ERR,0.0,-107615296.0,-134474944.0,0.0,0.0,1.3936040501711995e+18,7.805,0.0,0,0,4,0,8422,0.0,45,0.0,0.0,0.0,0.0,0.0,0,0,0,0,0.0,0,0,0,0,0,0,0,0,0,0,0,0,0,0,0,0,0,0,0,0,0,0,0,0,0,0,0,0,0,0,0,0,0,38,14,7,45,65476,0,300,0,0,8,21553,0.0,-107605600.0,0.0,0.0,0.0,0.0,0.0,0.0,0.0,0.0,0.0,0.0,0.0,0.0,0.0,0.0,0.0,0.0,0.0,0.0,0.0,0.0,0.0,0.0,-0.0,0.0,0.0,0.0,0.0,0.0,5080.0,-0.0,0.0,0.0,-107615296.0,-107615280.0,2.718429300292151e+23,0.0,0.0,0.0,0.0,53,-0.0,-3.2220035051135306e+26,0.0,0.0,0.0,0.0,0.0,0.0,0.0,0,0,0,0.0,0.0,0.0,0.0,0.0,0.0,0.0,0.0,0.0,0.0,0.0,0.0,0.0,0.0,0.0,0.0,0,-107875648.0,53,0.0,106,-107614832.0,0.0,ERR,ERR,ERR,ERR,ERR,ERR,ERR,ERR,ERR,ERR,ERR,ERR,ERR,ERR,ERR,ERR,ERR,ERR,ERR,ERR,ERR,ERR,ERR,ERR,ERR,ERR,ERR,ERR,ERR,ERR,ERR,ERR,ERR,ERR,ERR,ERR,ERR,ERR,ERR,ERR,ERR,ERR,ERR,ERR,ERR,ERR,ERR,ERR,ERR,ERR,ERR,ERR,ERR,ERR,ERR,ERR,ERR,ERR,ERR,ERR,ERR,ERR,ERR,ERR,ERR,ERR,ERR,50.0,60.0,100,0.0,0.0,0.0,0.0,0.0,0.0,0.0,0.0,0.0,0.0,0.0,0.0,0.0,0.0,0.0,0.0,61.6,74,13,65512,50,65476,0,300,0,0,8,20529,65476,0,0,26214,60.0,0.0,0.0,0.0,0.0,0.0
2026-05-17T18:18:13,ERR,ERR,ERR,ERR,ERR,ERR,ERR,ERR,ERR,ERR,ERR,ERR,ERR,ERR,ERR,ERR,ERR,ERR,ERR,ERR,ERR,ERR,ERR,ERR,ERR,ERR,ERR,ERR,ERR,ERR,ERR,ERR,ERR,ERR,ERR,ERR,ERR,ERR,ERR,ERR,ERR,ERR,ERR,ERR,ERR,ERR,ERR,ERR,ERR,ERR,ERR,ERR,ERR,ERR,ERR,ERR,ERR,ERR,ERR,ERR,ERR,ERR,ERR,ERR,ERR,ERR,ERR,ERR,ERR,ERR,ERR,ERR,ERR,ERR,ERR,ERR,ERR,ERR,ERR,ERR,ERR,ERR,ERR,ERR,ERR,ERR,ERR,ERR,ERR,ERR,ERR,ERR,ERR,ERR,ERR,ERR,ERR,ERR,ERR,ERR,ERR,ERR,ERR,ERR,ERR,ERR,ERR,ERR,ERR,ERR,ERR,ERR,ERR,ERR,ERR,ERR,ERR,ERR,ERR,ERR,ERR,ERR,ERR,ERR,ERR,0.0,-107615296.0,-134474944.0,0.0,0.0,1.3936040501711995e+18,7.805,0.0,0,0,4,0,8422,0.0,45,0.0,0.0,0.0,0.0,0.0,0,0,0,0,0.0,0,0,0,0,0,0,0,0,0,0,0,0,0,0,0,0,0,0,0,0,0,0,0,0,0,0,0,0,0,0,0,0,0,38,14,7,45,65476,0,300,0,0,8,21553,0.0,-107605600.0,0.0,0.0,0.0,0.0,0.0,0.0,0.0,0.0,0.0,0.0,0.0,0.0,0.0,0.0,0.0,0.0,0.0,0.0,0.0,0.0,0.0,0.0,-0.0,0.0,0.0,0.0,0.0,0.0,5080.0,-0.0,0.0,0.0,-107615296.0,-107615280.0,2.718429300292151e+23,0.0,0.0,0.0,0.0,53,-0.0,-3.2220035051135306e+26,0.0,0.0,0.0,0.0,0.0,0.0,0.0,0,0,0,0.0,0.0,0.0,0.0,0.0,0.0,0.0,0.0,0.0,0.0,0.0,0.0,0.0,0.0,0.0,0.0,0,-107875648.0,53,0.0,106,-107614832.0,0.0,ERR,ERR,ERR,ERR,ERR,ERR,ERR,ERR,ERR,ERR,ERR,ERR,ERR,ERR,ERR,ERR,ERR,ERR,ERR,ERR,ERR,ERR,ERR,ERR,ERR,ERR,ERR,ERR,ERR,ERR,ERR,ERR,ERR,ERR,ERR,ERR,ERR,ERR,ERR,ERR,ERR,ERR,ERR,ERR,ERR,ERR,ERR,ERR,ERR,ERR,ERR,ERR,ERR,ERR,ERR,ERR,ERR,ERR,ERR,ERR,ERR,ERR,ERR,ERR,ERR,ERR,ERR,50.0,60.0,100,0.0,0.0,0.0,0.0,0.0,0.0,0.0,0.0,0.0,0.0,0.0,0.0,0.0,0.0,0.0,0.0,61.6,74,13,65512,50,65476,0,300,0,0,8,20529,65476,0,0,26214,60.0,0.0,0.0,0.0,0.0,0.0
2026-05-17T18:18:14,ERR,ERR,ERR,ERR,ERR,ERR,ERR,ERR,ERR,ERR,ERR,ERR,ERR,ERR,ERR,ERR,ERR,ERR,ERR,ERR,ERR,ERR,ERR,ERR,ERR,ERR,ERR,ERR,ERR,ERR,ERR,ERR,ERR,ERR,ERR,ERR,ERR,ERR,ERR,ERR,ERR,ERR,ERR,ERR,ERR,ERR,ERR,ERR,ERR,ERR,ERR,ERR,ERR,ERR,ERR,ERR,ERR,ERR,ERR,ERR,ERR,ERR,ERR,ERR,ERR,ERR,ERR,ERR,ERR,ERR,ERR,ERR,ERR,ERR,ERR,ERR,ERR,ERR,ERR,ERR,ERR,ERR,ERR,ERR,ERR,ERR,ERR,ERR,ERR,ERR,ERR,ERR,ERR,ERR,ERR,ERR,ERR,ERR,ERR,ERR,ERR,ERR,ERR,ERR,ERR,ERR,ERR,ERR,ERR,ERR,ERR,ERR,ERR,ERR,ERR,ERR,ERR,ERR,ERR,ERR,ERR,ERR,ERR,ERR,ERR,0.0,-107615296.0,-134474944.0,0.0,0.0,1.3936040501711995e+18,7.805,0.0,0,0,4,0,8422,0.0,45,0.0,0.0,0.0,0.0,0.0,0,0,0,0,0.0,0,0,0,0,0,0,0,0,0,0,0,0,0,0,0,0,0,0,0,0,0,0,0,0,0,0,0,0,0,0,0,0,0,38,14,7,45,65476,0,300,0,0,8,21553,0.0,-107605600.0,0.0,0.0,0.0,0.0,0.0,0.0,0.0,0.0,0.0,0.0,0.0,0.0,0.0,0.0,0.0,0.0,0.0,0.0,0.0,0.0,0.0,0.0,-0.0,0.0,0.0,0.0,0.0,0.0,5080.0,-0.0,0.0,0.0,-107615296.0,-107615280.0,2.718429300292151e+23,0.0,0.0,0.0,0.0,53,-0.0,-3.2220035051135306e+26,0.0,0.0,0.0,0.0,0.0,0.0,0.0,0,0,0,0.0,0.0,0.0,0.0,0.0,0.0,0.0,0.0,0.0,0.0,0.0,0.0,0.0,0.0,0.0,0.0,0,-107875648.0,53,0.0,106,-107614832.0,0.0,ERR,ERR,ERR,ERR,ERR,ERR,ERR,ERR,ERR,ERR,ERR,ERR,ERR,ERR,ERR,ERR,ERR,ERR,ERR,ERR,ERR,ERR,ERR,ERR,ERR,ERR,ERR,ERR,ERR,ERR,ERR,ERR,ERR,ERR,ERR,ERR,ERR,ERR,ERR,ERR,ERR,ERR,ERR,ERR,ERR,ERR,ERR,ERR,ERR,ERR,ERR,ERR,ERR,ERR,ERR,ERR,ERR,ERR,ERR,ERR,ERR,ERR,ERR,ERR,ERR,ERR,ERR,50.0,60.0,100,0.0,0.0,0.0,0.0,0.0,0.0,0.0,0.0,0.0,0.0,0.0,0.0,0.0,0.0,0.0,0.0,61.6,74,13,65512,50,65476,0,300,0,0,8,20529,65476,0,0,26214,60.0,0.0,0.0,0.0,0.0,0.0
2026-05-17T18:18:15,ERR,ERR,ERR,ERR,ERR,ERR,ERR,ERR,ERR,ERR,ERR,ERR,ERR,ERR,ERR,ERR,ERR,ERR,ERR,ERR,ERR,ERR,ERR,ERR,ERR,ERR,ERR,ERR,ERR,ERR,ERR,ERR,ERR,ERR,ERR,ERR,ERR,ERR,ERR,ERR,ERR,ERR,ERR,ERR,ERR,ERR,ERR,ERR,ERR,ERR,ERR,ERR,ERR,ERR,ERR,ERR,ERR,ERR,ERR,ERR,ERR,ERR,ERR,ERR,ERR,ERR,ERR,ERR,ERR,ERR,ERR,ERR,ERR,ERR,ERR,ERR,ERR,ERR,ERR,ERR,ERR,ERR,ERR,ERR,ERR,ERR,ERR,ERR,ERR,ERR,ERR,ERR,ERR,ERR,ERR,ERR,ERR,ERR,ERR,ERR,ERR,ERR,ERR,ERR,ERR,ERR,ERR,ERR,ERR,ERR,ERR,ERR,ERR,ERR,ERR,ERR,ERR,ERR,ERR,ERR,ERR,ERR,ERR,ERR,ERR,0.0,-107615296.0,-134474944.0,0.0,0.0,1.3936040501711995e+18,7.805,0.0,0,0,4,0,8422,0.0,45,0.0,0.0,0.0,0.0,0.0,0,0,0,0,0.0,0,0,0,0,0,0,0,0,0,0,0,0,0,0,0,0,0,0,0,0,0,0,0,0,0,0,0,0,0,0,0,0,0,38,14,7,45,65476,0,300,0,0,8,21553,0.0,-107605600.0,0.0,0.0,0.0,0.0,0.0,0.0,0.0,0.0,0.0,0.0,0.0,0.0,0.0,0.0,0.0,0.0,0.0,0.0,0.0,0.0,0.0,0.0,-0.0,0.0,0.0,0.0,0.0,0.0,5080.0,-0.0,0.0,0.0,-107615296.0,-107615280.0,2.718429300292151e+23,0.0,0.0,0.0,0.0,53,-0.0,-3.2220035051135306e+26,0.0,0.0,0.0,0.0,0.0,0.0,0.0,0,0,0,0.0,0.0,0.0,0.0,0.0,0.0,0.0,0.0,0.0,0.0,0.0,0.0,0.0,0.0,0.0,0.0,0,-107875648.0,53,0.0,106,-107614832.0,0.0,ERR,ERR,ERR,ERR,ERR,ERR,ERR,ERR,ERR,ERR,ERR,ERR,ERR,ERR,ERR,ERR,ERR,ERR,ERR,ERR,ERR,ERR,ERR,ERR,ERR,ERR,ERR,ERR,ERR,ERR,ERR,ERR,ERR,ERR,ERR,ERR,ERR,ERR,ERR,ERR,ERR,ERR,ERR,ERR,ERR,ERR,ERR,ERR,ERR,ERR,ERR,ERR,ERR,ERR,ERR,ERR,ERR,ERR,ERR,ERR,ERR,ERR,ERR,ERR,ERR,ERR,ERR,50.0,60.0,100,0.0,0.0,0.0,0.0,0.0,0.0,0.0,0.0,0.0,0.0,0.0,0.0,0.0,0.0,0.0,0.0,61.6,74,13,65512,50,65476,0,300,0,0,8,20529,65476,0,0,26214,60.0,0.0,0.0,0.0,0.0,0.0
2026-05-17T18:18:16,ERR,ERR,ERR,ERR,ERR,ERR,ERR,ERR,ERR,ERR,ERR,ERR,ERR,ERR,ERR,ERR,ERR,ERR,ERR,ERR,ERR,ERR,ERR,ERR,ERR,ERR,ERR,ERR,ERR,ERR,ERR,ERR,ERR,ERR,ERR,ERR,ERR,ERR,ERR,ERR,ERR,ERR,ERR,ERR,ERR,ERR,ERR,ERR,ERR,ERR,ERR,ERR,ERR,ERR,ERR,ERR,ERR,ERR,ERR,ERR,ERR,ERR,ERR,ERR,ERR,ERR,ERR,ERR,ERR,ERR,ERR,ERR,ERR,ERR,ERR,ERR,ERR,ERR,ERR,ERR,ERR,ERR,ERR,ERR,ERR,ERR,ERR,ERR,ERR,ERR,ERR,ERR,ERR,ERR,ERR,ERR,ERR,ERR,ERR,ERR,ERR,ERR,ERR,ERR,ERR,ERR,ERR,ERR,ERR,ERR,ERR,ERR,ERR,ERR,ERR,ERR,ERR,ERR,ERR,ERR,ERR,ERR,ERR,ERR,ERR,0.0,-107615296.0,-134474944.0,0.0,0.0,1.3936040501711995e+18,7.805,0.0,0,0,4,0,8422,0.0,45,0.0,0.0,0.0,0.0,0.0,0,0,0,0,0.0,0,0,0,0,0,0,0,0,0,0,0,0,0,0,0,0,0,0,0,0,0,0,0,0,0,0,0,0,0,0,0,0,0,38,14,7,45,65476,0,300,0,0,8,21553,0.0,-107605600.0,0.0,0.0,0.0,0.0,0.0,0.0,0.0,0.0,0.0,0.0,0.0,0.0,0.0,0.0,0.0,0.0,0.0,0.0,0.0,0.0,0.0,0.0,-0.0,0.0,0.0,0.0,0.0,0.0,5078.0,-0.0,0.0,0.0,-107615296.0,-107615280.0,2.718429300292151e+23,0.0,0.0,0.0,0.0,53,-0.0,0.0,0.0,0.0,0.0,0.0,0.0,0.0,0.0,0,0,0,0.0,0.0,0.0,0.0,0.0,0.0,0.0,0.0,0.0,0.0,0.0,0.0,0.0,0.0,0.0,0.0,0,-107875648.0,53,0.0,106,-107614832.0,0.0,ERR,ERR,ERR,ERR,ERR,ERR,ERR,ERR,ERR,ERR,ERR,ERR,ERR,ERR,ERR,ERR,ERR,ERR,ERR,ERR,ERR,ERR,ERR,ERR,ERR,ERR,ERR,ERR,ERR,ERR,ERR,ERR,ERR,ERR,ERR,ERR,ERR,ERR,ERR,ERR,ERR,ERR,ERR,ERR,ERR,ERR,ERR,ERR,ERR,ERR,ERR,ERR,ERR,ERR,ERR,ERR,ERR,ERR,ERR,ERR,ERR,ERR,ERR,ERR,ERR,ERR,ERR,50.0,60.0,100,0.0,0.0,0.0,0.0,0.0,0.0,0.0,0.0,0.0,0.0,0.0,0.0,0.0,0.0,0.0,0.0,61.6,74,13,65512,50,65476,0,300,0,0,8,20529,65476,0,0,26214,60.0,0.0,0.0,0.0,0.0,0.0
2026-05-17T18:18:17,ERR,ERR,ERR,ERR,ERR,ERR,ERR,ERR,ERR,ERR,ERR,ERR,ERR,ERR,ERR,ERR,ERR,ERR,ERR,ERR,ERR,ERR,ERR,ERR,ERR,ERR,ERR,ERR,ERR,ERR,ERR,ERR,ERR,ERR,ERR,ERR,ERR,ERR,ERR,ERR,ERR,ERR,ERR,ERR,ERR,ERR,ERR,ERR,ERR,ERR,ERR,ERR,ERR,ERR,ERR,ERR,ERR,ERR,ERR,ERR,ERR,ERR,ERR,ERR,ERR,ERR,ERR,ERR,ERR,ERR,ERR,ERR,ERR,ERR,ERR,ERR,ERR,ERR,ERR,ERR,ERR,ERR,ERR,ERR,ERR,ERR,ERR,ERR,ERR,ERR,ERR,ERR,ERR,ERR,ERR,ERR,ERR,ERR,ERR,ERR,ERR,ERR,ERR,ERR,ERR,ERR,ERR,ERR,ERR,ERR,ERR,ERR,ERR,ERR,ERR,ERR,ERR,ERR,ERR,ERR,ERR,ERR,ERR,ERR,ERR,0.0,-107615296.0,-134474944.0,0.0,0.0,1.3936040501711995e+18,7.805,0.0,0,0,4,0,8422,0.0,45,0.0,0.0,0.0,0.0,0.0,0,0,0,0,0.0,0,0,0,0,0,0,0,0,0,0,0,0,0,0,0,0,0,0,0,0,0,0,0,0,0,0,0,0,0,0,0,0,0,38,14,7,45,65476,0,300,0,0,8,21553,0.0,-107605600.0,0.0,0.0,0.0,0.0,0.0,0.0,0.0,0.0,0.0,0.0,0.0,0.0,0.0,0.0,0.0,0.0,0.0,0.0,0.0,0.0,0.0,0.0,-0.0,0.0,0.0,0.0,0.0,0.0,5078.0,-0.0,0.0,0.0,-107615296.0,-107615280.0,2.718429300292151e+23,0.0,0.0,0.0,0.0,53,-0.0,0.0,0.0,0.0,0.0,0.0,0.0,0.0,0.0,0,0,0,0.0,0.0,0.0,0.0,0.0,0.0,0.0,0.0,0.0,0.0,0.0,0.0,0.0,0.0,0.0,0.0,0,-107875648.0,53,0.0,106,-107614832.0,0.0,ERR,ERR,ERR,ERR,ERR,ERR,ERR,ERR,ERR,ERR,ERR,ERR,ERR,ERR,ERR,ERR,ERR,ERR,ERR,ERR,ERR,ERR,ERR,ERR,ERR,ERR,ERR,ERR,ERR,ERR,ERR,ERR,ERR,ERR,ERR,ERR,ERR,ERR,ERR,ERR,ERR,ERR,ERR,ERR,ERR,ERR,ERR,ERR,ERR,ERR,ERR,ERR,ERR,ERR,ERR,ERR,ERR,ERR,ERR,ERR,ERR,ERR,ERR,ERR,ERR,ERR,ERR,50.0,60.0,100,0.0,0.0,0.0,0.0,0.0,0.0,0.0,0.0,0.0,0.0,0.0,0.0,0.0,0.0,0.0,0.0,61.6,74,13,65512,50,65476,0,300,0,0,8,20529,65476,0,0,26214,60.0,0.0,0.0,0.0,0.0,0.0
2026-05-17T18:18:18,ERR,ERR,ERR,ERR,ERR,ERR,ERR,ERR,ERR,ERR,ERR,ERR,ERR,ERR,ERR,ERR,ERR,ERR,ERR,ERR,ERR,ERR,ERR,ERR,ERR,ERR,ERR,ERR,ERR,ERR,ERR,ERR,ERR,ERR,ERR,ERR,ERR,ERR,ERR,ERR,ERR,ERR,ERR,ERR,ERR,ERR,ERR,ERR,ERR,ERR,ERR,ERR,ERR,ERR,ERR,ERR,ERR,ERR,ERR,ERR,ERR,ERR,ERR,ERR,ERR,ERR,ERR,ERR,ERR,ERR,ERR,ERR,ERR,ERR,ERR,ERR,ERR,ERR,ERR,ERR,ERR,ERR,ERR,ERR,ERR,ERR,ERR,ERR,ERR,ERR,ERR,ERR,ERR,ERR,ERR,ERR,ERR,ERR,ERR,ERR,ERR,ERR,ERR,ERR,ERR,ERR,ERR,ERR,ERR,ERR,ERR,ERR,ERR,ERR,ERR,ERR,ERR,ERR,ERR,ERR,ERR,ERR,ERR,ERR,ERR,0.0,-107615296.0,-134474944.0,0.0,0.0,1.3936040501711995e+18,7.805,0.0,0,0,4,0,8422,0.0,45,0.0,0.0,0.0,0.0,0.0,0,0,0,0,0.0,0,0,0,0,0,0,0,0,0,0,0,0,0,0,0,0,0,0,0,0,0,0,0,0,0,0,0,0,0,0,0,0,0,38,14,7,45,65476,0,300,0,0,8,21553,0.0,-107605600.0,0.0,0.0,0.0,0.0,0.0,0.0,0.0,0.0,0.0,0.0,0.0,0.0,0.0,0.0,0.0,0.0,0.0,0.0,0.0,0.0,0.0,0.0,-0.0,0.0,0.0,0.0,0.0,0.0,5078.0,-0.0,0.0,0.0,-107615296.0,-107615280.0,2.718429300292151e+23,0.0,0.0,0.0,0.0,53,-0.0,0.0,0.0,0.0,0.0,0.0,0.0,0.0,0.0,0,0,0,0.0,0.0,0.0,0.0,0.0,0.0,0.0,0.0,0.0,0.0,0.0,0.0,0.0,0.0,0.0,0.0,0,-107875648.0,53,0.0,106,-107614832.0,0.0,ERR,ERR,ERR,ERR,ERR,ERR,ERR,ERR,ERR,ERR,ERR,ERR,ERR,ERR,ERR,ERR,ERR,ERR,ERR,ERR,ERR,ERR,ERR,ERR,ERR,ERR,ERR,ERR,ERR,ERR,ERR,ERR,ERR,ERR,ERR,ERR,ERR,ERR,ERR,ERR,ERR,ERR,ERR,ERR,ERR,ERR,ERR,ERR,ERR,ERR,ERR,ERR,ERR,ERR,ERR,ERR,ERR,ERR,ERR,ERR,ERR,ERR,ERR,ERR,ERR,ERR,ERR,50.0,60.0,100,0.0,0.0,0.0,0.0,0.0,0.0,0.0,0.0,0.0,0.0,0.0,0.0,0.0,0.0,0.0,0.0,61.6,74,13,65512,50,65476,0,300,0,0,8,20529,65476,0,0,26214,60.0,0.0,0.0,0.0,0.0,0.0
2026-05-17T18:18:19,ERR,ERR,ERR,ERR,ERR,ERR,ERR,ERR,ERR,ERR,ERR,ERR,ERR,ERR,ERR,ERR,ERR,ERR,ERR,ERR,ERR,ERR,ERR,ERR,ERR,ERR,ERR,ERR,ERR,ERR,ERR,ERR,ERR,ERR,ERR,ERR,ERR,ERR,ERR,ERR,ERR,ERR,ERR,ERR,ERR,ERR,ERR,ERR,ERR,ERR,ERR,ERR,ERR,ERR,ERR,ERR,ERR,ERR,ERR,ERR,ERR,ERR,ERR,ERR,ERR,ERR,ERR,ERR,ERR,ERR,ERR,ERR,ERR,ERR,ERR,ERR,ERR,ERR,ERR,ERR,ERR,ERR,ERR,ERR,ERR,ERR,ERR,ERR,ERR,ERR,ERR,ERR,ERR,ERR,ERR,ERR,ERR,ERR,ERR,ERR,ERR,ERR,ERR,ERR,ERR,ERR,ERR,ERR,ERR,ERR,ERR,ERR,ERR,ERR,ERR,ERR,ERR,ERR,ERR,ERR,ERR,ERR,ERR,ERR,ERR,0.0,-107615296.0,-134474944.0,0.0,0.0,1.3936040501711995e+18,7.805,0.0,0,0,4,0,8422,0.0,45,0.0,0.0,0.0,0.0,0.0,0,0,0,0,0.0,0,0,0,0,0,0,0,0,0,0,0,0,0,0,0,0,0,0,0,0,0,0,0,0,0,0,0,0,0,0,0,0,0,38,14,7,45,65476,0,300,0,0,8,21553,0.0,-107605600.0,0.0,0.0,0.0,0.0,0.0,0.0,0.0,0.0,0.0,0.0,0.0,0.0,0.0,0.0,0.0,0.0,0.0,0.0,0.0,0.0,0.0,0.0,-0.0,0.0,0.0,0.0,0.0,0.0,5078.0,-0.0,0.0,0.0,-107615296.0,-107615280.0,2.718429300292151e+23,0.0,0.0,0.0,0.0,53,-0.0,0.0,0.0,0.0,0.0,0.0,0.0,0.0,0.0,0,0,0,0.0,0.0,0.0,0.0,0.0,0.0,0.0,0.0,0.0,0.0,0.0,0.0,0.0,0.0,0.0,0.0,0,-107875648.0,53,0.0,106,-107614832.0,0.0,ERR,ERR,ERR,ERR,ERR,ERR,ERR,ERR,ERR,ERR,ERR,ERR,ERR,ERR,ERR,ERR,ERR,ERR,ERR,ERR,ERR,ERR,ERR,ERR,ERR,ERR,ERR,ERR,ERR,ERR,ERR,ERR,ERR,ERR,ERR,ERR,ERR,ERR,ERR,ERR,ERR,ERR,ERR,ERR,ERR,ERR,ERR,ERR,ERR,ERR,ERR,ERR,ERR,ERR,ERR,ERR,ERR,ERR,ERR,ERR,ERR,ERR,ERR,ERR,ERR,ERR,ERR,50.0,60.0,100,0.0,0.0,0.0,0.0,0.0,0.0,0.0,0.0,0.0,0.0,0.0,0.0,0.0,0.0,0.0,0.0,61.6,74,13,65512,50,65476,0,300,0,0,8,20529,65476,0,0,26214,60.0,0.0,0.0,0.0,0.0,0.0
2026-05-17T18:18:20,ERR,ERR,ERR,ERR,ERR,ERR,ERR,ERR,ERR,ERR,ERR,ERR,ERR,ERR,ERR,ERR,ERR,ERR,ERR,ERR,ERR,ERR,ERR,ERR,ERR,ERR,ERR,ERR,ERR,ERR,ERR,ERR,ERR,ERR,ERR,ERR,ERR,ERR,ERR,ERR,ERR,ERR,ERR,ERR,ERR,ERR,ERR,ERR,ERR,ERR,ERR,ERR,ERR,ERR,ERR,ERR,ERR,ERR,ERR,ERR,ERR,ERR,ERR,ERR,ERR,ERR,ERR,ERR,ERR,ERR,ERR,ERR,ERR,ERR,ERR,ERR,ERR,ERR,ERR,ERR,ERR,ERR,ERR,ERR,ERR,ERR,ERR,ERR,ERR,ERR,ERR,ERR,ERR,ERR,ERR,ERR,ERR,ERR,ERR,ERR,ERR,ERR,ERR,ERR,ERR,ERR,ERR,ERR,ERR,ERR,ERR,ERR,ERR,ERR,ERR,ERR,ERR,ERR,ERR,ERR,ERR,ERR,ERR,ERR,ERR,0.0,-107615296.0,-134474944.0,0.0,0.0,1.3936040501711995e+18,7.805,0.0,0,0,4,0,8422,0.0,45,0.0,0.0,0.0,0.0,0.0,0,0,0,0,0.0,0,0,0,0,0,0,0,0,0,0,0,0,0,0,0,0,0,0,0,0,0,0,0,0,0,0,0,0,0,0,0,0,0,38,14,7,45,65476,0,300,0,0,8,21553,0.0,-107605600.0,0.0,0.0,0.0,0.0,0.0,0.0,0.0,0.0,0.0,0.0,0.0,0.0,0.0,0.0,0.0,0.0,0.0,0.0,0.0,0.0,0.0,0.0,-0.0,0.0,0.0,0.0,0.0,0.0,5078.0,-0.0,0.0,0.0,-107615296.0,-107615280.0,2.718429300292151e+23,0.0,0.0,0.0,0.0,53,-0.0,0.0,0.0,0.0,0.0,0.0,0.0,0.0,0.0,0,0,0,0.0,0.0,0.0,0.0,0.0,0.0,0.0,0.0,0.0,0.0,0.0,0.0,0.0,0.0,0.0,0.0,0,-107875648.0,53,0.0,106,-107614832.0,0.0,ERR,ERR,ERR,ERR,ERR,ERR,ERR,ERR,ERR,ERR,ERR,ERR,ERR,ERR,ERR,ERR,ERR,ERR,ERR,ERR,ERR,ERR,ERR,ERR,ERR,ERR,ERR,ERR,ERR,ERR,ERR,ERR,ERR,ERR,ERR,ERR,ERR,ERR,ERR,ERR,ERR,ERR,ERR,ERR,ERR,ERR,ERR,ERR,ERR,ERR,ERR,ERR,ERR,ERR,ERR,ERR,ERR,ERR,ERR,ERR,ERR,ERR,ERR,ERR,ERR,ERR,ERR,50.0,60.0,100,0.0,0.0,0.0,0.0,0.0,0.0,0.0,0.0,0.0,0.0,0.0,0.0,0.0,0.0,0.0,0.0,61.6,74,13,65512,50,65476,0,300,0,0,8,20529,65476,0,0,26214,60.0,0.0,0.0,0.0,0.0,0.0
2026-05-17T18:18:21,ERR,ERR,ERR,ERR,ERR,ERR,ERR,ERR,ERR,ERR,ERR,ERR,ERR,ERR,ERR,ERR,ERR,ERR,ERR,ERR,ERR,ERR,ERR,ERR,ERR,ERR,ERR,ERR,ERR,ERR,ERR,ERR,ERR,ERR,ERR,ERR,ERR,ERR,ERR,ERR,ERR,ERR,ERR,ERR,ERR,ERR,ERR,ERR,ERR,ERR,ERR,ERR,ERR,ERR,ERR,ERR,ERR,ERR,ERR,ERR,ERR,ERR,ERR,ERR,ERR,ERR,ERR,ERR,ERR,ERR,ERR,ERR,ERR,ERR,ERR,ERR,ERR,ERR,ERR,ERR,ERR,ERR,ERR,ERR,ERR,ERR,ERR,ERR,ERR,ERR,ERR,ERR,ERR,ERR,ERR,ERR,ERR,ERR,ERR,ERR,ERR,ERR,ERR,ERR,ERR,ERR,ERR,ERR,ERR,ERR,ERR,ERR,ERR,ERR,ERR,ERR,ERR,ERR,ERR,ERR,ERR,ERR,ERR,ERR,ERR,0.0,-107615296.0,-134474944.0,0.0,0.0,1.3936040501711995e+18,7.805,0.0,0,0,4,0,8422,0.0,45,0.0,0.0,0.0,0.0,0.0,0,0,0,0,0.0,0,0,0,0,0,0,0,0,0,0,0,0,0,0,0,0,0,0,0,0,0,0,0,0,0,0,0,0,0,0,0,0,0,38,14,7,45,65476,0,300,0,0,8,21553,0.0,-107605600.0,0.0,0.0,0.0,0.0,0.0,0.0,0.0,0.0,0.0,0.0,0.0,0.0,0.0,0.0,0.0,0.0,0.0,0.0,0.0,0.0,0.0,0.0,-0.0,0.0,0.0,0.0,0.0,0.0,5081.0,-2.004,0.0,0.0,-107615296.0,-107615280.0,2.718429300292151e+23,0.0,0.0,0.0,0.0,53,-0.0,0.0,0.0,0.0,0.0,0.0,0.0,0.0,0.0,0,0,0,0.0,0.0,0.0,0.0,0.0,0.0,0.0,0.0,0.0,0.0,0.0,0.0,0.0,0.0,0.0,0.0,0,-107875648.0,53,0.0,106,-107614832.0,0.0,ERR,ERR,ERR,ERR,ERR,ERR,ERR,ERR,ERR,ERR,ERR,ERR,ERR,ERR,ERR,ERR,ERR,ERR,ERR,ERR,ERR,ERR,ERR,ERR,ERR,ERR,ERR,ERR,ERR,ERR,ERR,ERR,ERR,ERR,ERR,ERR,ERR,ERR,ERR,ERR,ERR,ERR,ERR,ERR,ERR,ERR,ERR,ERR,ERR,ERR,ERR,ERR,ERR,ERR,ERR,ERR,ERR,ERR,ERR,ERR,ERR,ERR,ERR,ERR,ERR,ERR,ERR,50.0,60.0,100,0.0,0.0,0.0,0.0,0.0,0.0,0.0,0.0,0.0,0.0,0.0,0.0,0.0,0.0,0.0,0.0,61.6,74,13,65512,50,65476,0,300,0,0,8,20529,65476,0,0,26214,60.0,0.0,0.0,0.0,0.0,0.0
2026-05-17T18:18:22,ERR,ERR,ERR,ERR,ERR,ERR,ERR,ERR,ERR,ERR,ERR,ERR,ERR,ERR,ERR,ERR,ERR,ERR,ERR,ERR,ERR,ERR,ERR,ERR,ERR,ERR,ERR,ERR,ERR,ERR,ERR,ERR,ERR,ERR,ERR,ERR,ERR,ERR,ERR,ERR,ERR,ERR,ERR,ERR,ERR,ERR,ERR,ERR,ERR,ERR,ERR,ERR,ERR,ERR,ERR,ERR,ERR,ERR,ERR,ERR,ERR,ERR,ERR,ERR,ERR,ERR,ERR,ERR,ERR,ERR,ERR,ERR,ERR,ERR,ERR,ERR,ERR,ERR,ERR,ERR,ERR,ERR,ERR,ERR,ERR,ERR,ERR,ERR,ERR,ERR,ERR,ERR,ERR,ERR,ERR,ERR,ERR,ERR,ERR,ERR,ERR,ERR,ERR,ERR,ERR,ERR,ERR,ERR,ERR,ERR,ERR,ERR,ERR,ERR,ERR,ERR,ERR,ERR,ERR,ERR,ERR,ERR,ERR,ERR,ERR,0.0,-107615296.0,-134474944.0,0.0,0.0,1.3936040501711995e+18,7.805,0.0,0,0,4,0,8422,0.0,45,0.0,0.0,0.0,0.0,0.0,0,0,0,0,0.0,0,0,0,0,0,0,0,0,0,0,0,0,0,0,0,0,0,0,0,0,0,0,0,0,0,0,0,0,0,0,0,0,0,38,14,7,45,65476,0,300,0,0,8,21553,0.0,-107605600.0,0.0,0.0,0.0,0.0,0.0,0.0,0.0,0.0,0.0,0.0,0.0,0.0,0.0,0.0,0.0,0.0,0.0,0.0,0.0,0.0,0.0,0.0,-0.0,0.0,0.0,0.0,0.0,0.0,5081.0,-2.004,0.0,0.0,-107615296.0,-107615280.0,2.718429300292151e+23,0.0,0.0,0.0,0.0,53,-0.0,0.0,0.0,0.0,0.0,0.0,0.0,0.0,0.0,0,0,0,0.0,0.0,0.0,0.0,0.0,0.0,0.0,0.0,0.0,0.0,0.0,0.0,0.0,0.0,0.0,0.0,0,-107875648.0,53,0.0,106,-107614832.0,0.0,ERR,ERR,ERR,ERR,ERR,ERR,ERR,ERR,ERR,ERR,ERR,ERR,ERR,ERR,ERR,ERR,ERR,ERR,ERR,ERR,ERR,ERR,ERR,ERR,ERR,ERR,ERR,ERR,ERR,ERR,ERR,ERR,ERR,ERR,ERR,ERR,ERR,ERR,ERR,ERR,ERR,ERR,ERR,ERR,ERR,ERR,ERR,ERR,ERR,ERR,ERR,ERR,ERR,ERR,ERR,ERR,ERR,ERR,ERR,ERR,ERR,ERR,ERR,ERR,ERR,ERR,ERR,50.0,60.0,100,0.0,0.0,0.0,0.0,0.0,0.0,0.0,0.0,0.0,0.0,0.0,0.0,0.0,0.0,0.0,0.0,61.6,74,13,65512,50,65476,0,300,0,0,8,20529,65476,0,0,26214,60.0,0.0,0.0,0.0,0.0,0.0
2026-05-17T18:18:23,ERR,ERR,ERR,ERR,ERR,ERR,ERR,ERR,ERR,ERR,ERR,ERR,ERR,ERR,ERR,ERR,ERR,ERR,ERR,ERR,ERR,ERR,ERR,ERR,ERR,ERR,ERR,ERR,ERR,ERR,ERR,ERR,ERR,ERR,ERR,ERR,ERR,ERR,ERR,ERR,ERR,ERR,ERR,ERR,ERR,ERR,ERR,ERR,ERR,ERR,ERR,ERR,ERR,ERR,ERR,ERR,ERR,ERR,ERR,ERR,ERR,ERR,ERR,ERR,ERR,ERR,ERR,ERR,ERR,ERR,ERR,ERR,ERR,ERR,ERR,ERR,ERR,ERR,ERR,ERR,ERR,ERR,ERR,ERR,ERR,ERR,ERR,ERR,ERR,ERR,ERR,ERR,ERR,ERR,ERR,ERR,ERR,ERR,ERR,ERR,ERR,ERR,ERR,ERR,ERR,ERR,ERR,ERR,ERR,ERR,ERR,ERR,ERR,ERR,ERR,ERR,ERR,ERR,ERR,ERR,ERR,ERR,ERR,ERR,ERR,0.0,-107615296.0,-134474944.0,0.0,0.0,1.3936040501711995e+18,7.805,0.0,0,0,4,0,8422,0.0,45,0.0,0.0,0.0,0.0,0.0,0,0,0,0,0.0,0,0,0,0,0,0,0,0,0,0,0,0,0,0,0,0,0,0,0,0,0,0,0,0,0,0,0,0,0,0,0,0,0,38,14,7,45,65476,0,300,0,0,8,21553,0.0,-107605600.0,0.0,0.0,0.0,0.0,0.0,0.0,0.0,0.0,0.0,0.0,0.0,0.0,0.0,0.0,0.0,0.0,0.0,0.0,0.0,0.0,0.0,0.0,-0.0,0.0,0.0,0.0,0.0,0.0,5081.0,-2.004,0.0,0.0,-107615296.0,-107615280.0,2.718429300292151e+23,0.0,0.0,0.0,0.0,53,-0.0,0.0,0.0,0.0,0.0,0.0,0.0,0.0,0.0,0,0,0,0.0,0.0,0.0,0.0,0.0,0.0,0.0,0.0,0.0,0.0,0.0,0.0,0.0,0.0,0.0,0.0,0,-107875648.0,53,0.0,106,-107614832.0,0.0,ERR,ERR,ERR,ERR,ERR,ERR,ERR,ERR,ERR,ERR,ERR,ERR,ERR,ERR,ERR,ERR,ERR,ERR,ERR,ERR,ERR,ERR,ERR,ERR,ERR,ERR,ERR,ERR,ERR,ERR,ERR,ERR,ERR,ERR,ERR,ERR,ERR,ERR,ERR,ERR,ERR,ERR,ERR,ERR,ERR,ERR,ERR,ERR,ERR,ERR,ERR,ERR,ERR,ERR,ERR,ERR,ERR,ERR,ERR,ERR,ERR,ERR,ERR,ERR,ERR,ERR,ERR,50.0,60.0,100,0.0,0.0,0.0,0.0,0.0,0.0,0.0,0.0,0.0,0.0,0.0,0.0,0.0,0.0,0.0,0.0,61.6,74,13,65512,50,65476,0,300,0,0,8,20529,65476,0,0,26214,60.0,0.0,0.0,0.0,0.0,0.0
2026-05-17T18:18:24,ERR,ERR,ERR,ERR,ERR,ERR,ERR,ERR,ERR,ERR,ERR,ERR,ERR,ERR,ERR,ERR,ERR,ERR,ERR,ERR,ERR,ERR,ERR,ERR,ERR,ERR,ERR,ERR,ERR,ERR,ERR,ERR,ERR,ERR,ERR,ERR,ERR,ERR,ERR,ERR,ERR,ERR,ERR,ERR,ERR,ERR,ERR,ERR,ERR,ERR,ERR,ERR,ERR,ERR,ERR,ERR,ERR,ERR,ERR,ERR,ERR,ERR,ERR,ERR,ERR,ERR,ERR,ERR,ERR,ERR,ERR,ERR,ERR,ERR,ERR,ERR,ERR,ERR,ERR,ERR,ERR,ERR,ERR,ERR,ERR,ERR,ERR,ERR,ERR,ERR,ERR,ERR,ERR,ERR,ERR,ERR,ERR,ERR,ERR,ERR,ERR,ERR,ERR,ERR,ERR,ERR,ERR,ERR,ERR,ERR,ERR,ERR,ERR,ERR,ERR,ERR,ERR,ERR,ERR,ERR,ERR,ERR,ERR,ERR,ERR,0.0,-107615296.0,-134474944.0,0.0,0.0,1.3936040501711995e+18,7.805,0.0,0,0,4,0,8422,0.0,45,0.0,0.0,0.0,0.0,0.0,0,0,0,0,0.0,0,0,0,0,0,0,0,0,0,0,0,0,0,0,0,0,0,0,0,0,0,0,0,0,0,0,0,0,0,0,0,0,0,38,14,7,45,65476,0,300,0,0,8,21553,0.0,-107605600.0,0.0,0.0,0.0,0.0,0.0,0.0,0.0,0.0,0.0,0.0,0.0,0.0,0.0,0.0,0.0,0.0,0.0,0.0,0.0,0.0,0.0,0.0,-0.0,0.0,0.0,0.0,0.0,0.0,5081.0,-2.004,0.0,0.0,-107615296.0,-107615280.0,2.718429300292151e+23,0.0,0.0,0.0,0.0,53,-0.0,0.0,0.0,0.0,0.0,0.0,0.0,0.0,0.0,0,0,0,0.0,0.0,0.0,0.0,0.0,0.0,0.0,0.0,0.0,0.0,0.0,0.0,0.0,0.0,0.0,0.0,0,-107875648.0,53,0.0,106,-107614832.0,0.0,ERR,ERR,ERR,ERR,ERR,ERR,ERR,ERR,ERR,ERR,ERR,ERR,ERR,ERR,ERR,ERR,ERR,ERR,ERR,ERR,ERR,ERR,ERR,ERR,ERR,ERR,ERR,ERR,ERR,ERR,ERR,ERR,ERR,ERR,ERR,ERR,ERR,ERR,ERR,ERR,ERR,ERR,ERR,ERR,ERR,ERR,ERR,ERR,ERR,ERR,ERR,ERR,ERR,ERR,ERR,ERR,ERR,ERR,ERR,ERR,ERR,ERR,ERR,ERR,ERR,ERR,ERR,50.0,60.0,100,0.0,0.0,0.0,0.0,0.0,0.0,0.0,0.0,0.0,0.0,0.0,0.0,0.0,0.0,0.0,0.0,61.6,74,13,65512,50,65476,0,300,0,0,8,20529,65476,0,0,26214,60.0,0.0,0.0,0.0,0.0,0.0
2026-05-17T18:18:25,ERR,ERR,ERR,ERR,ERR,ERR,ERR,ERR,ERR,ERR,ERR,ERR,ERR,ERR,ERR,ERR,ERR,ERR,ERR,ERR,ERR,ERR,ERR,ERR,ERR,ERR,ERR,ERR,ERR,ERR,ERR,ERR,ERR,ERR,ERR,ERR,ERR,ERR,ERR,ERR,ERR,ERR,ERR,ERR,ERR,ERR,ERR,ERR,ERR,ERR,ERR,ERR,ERR,ERR,ERR,ERR,ERR,ERR,ERR,ERR,ERR,ERR,ERR,ERR,ERR,ERR,ERR,ERR,ERR,ERR,ERR,ERR,ERR,ERR,ERR,ERR,ERR,ERR,ERR,ERR,ERR,ERR,ERR,ERR,ERR,ERR,ERR,ERR,ERR,ERR,ERR,ERR,ERR,ERR,ERR,ERR,ERR,ERR,ERR,ERR,ERR,ERR,ERR,ERR,ERR,ERR,ERR,ERR,ERR,ERR,ERR,ERR,ERR,ERR,ERR,ERR,ERR,ERR,ERR,ERR,ERR,ERR,ERR,ERR,ERR,0.0,-107615296.0,-134474944.0,0.0,0.0,1.3936040501711995e+18,7.805,0.0,0,0,4,0,8422,0.0,45,0.0,0.0,0.0,0.0,0.0,0,0,0,0,0.0,0,0,0,0,0,0,0,0,0,0,0,0,0,0,0,0,0,0,0,0,0,0,0,0,0,0,0,0,0,0,0,0,0,38,14,7,45,65476,0,300,0,0,8,21553,0.0,-107605600.0,0.0,0.0,0.0,0.0,0.0,0.0,0.0,0.0,0.0,0.0,0.0,0.0,0.0,0.0,0.0,0.0,0.0,0.0,0.0,0.0,0.0,0.0,-0.0,0.0,0.0,0.0,0.0,0.0,5081.0,-2.004,0.0,0.0,-107615296.0,-107615280.0,2.718429300292151e+23,0.0,0.0,0.0,0.0,53,-0.0,0.0,0.0,0.0,0.0,0.0,0.0,0.0,0.0,0,0,0,0.0,0.0,0.0,0.0,0.0,0.0,0.0,0.0,0.0,0.0,0.0,0.0,0.0,0.0,0.0,0.0,0,-107875648.0,53,0.0,106,-107614832.0,0.0,ERR,ERR,ERR,ERR,ERR,ERR,ERR,ERR,ERR,ERR,ERR,ERR,ERR,ERR,ERR,ERR,ERR,ERR,ERR,ERR,ERR,ERR,ERR,ERR,ERR,ERR,ERR,ERR,ERR,ERR,ERR,ERR,ERR,ERR,ERR,ERR,ERR,ERR,ERR,ERR,ERR,ERR,ERR,ERR,ERR,ERR,ERR,ERR,ERR,ERR,ERR,ERR,ERR,ERR,ERR,ERR,ERR,ERR,ERR,ERR,ERR,ERR,ERR,ERR,ERR,ERR,ERR,50.0,60.0,100,0.0,0.0,0.0,0.0,0.0,0.0,0.0,0.0,0.0,0.0,0.0,0.0,0.0,0.0,0.0,0.0,61.6,74,13,65512,50,65476,0,300,0,0,8,20529,65476,0,0,26214,60.0,0.0,0.0,0.0,0.0,0.0
2026-05-17T18:18:26,ERR,ERR,ERR,ERR,ERR,ERR,ERR,ERR,ERR,ERR,ERR,ERR,ERR,ERR,ERR,ERR,ERR,ERR,ERR,ERR,ERR,ERR,ERR,ERR,ERR,ERR,ERR,ERR,ERR,ERR,ERR,ERR,ERR,ERR,ERR,ERR,ERR,ERR,ERR,ERR,ERR,ERR,ERR,ERR,ERR,ERR,ERR,ERR,ERR,ERR,ERR,ERR,ERR,ERR,ERR,ERR,ERR,ERR,ERR,ERR,ERR,ERR,ERR,ERR,ERR,ERR,ERR,ERR,ERR,ERR,ERR,ERR,ERR,ERR,ERR,ERR,ERR,ERR,ERR,ERR,ERR,ERR,ERR,ERR,ERR,ERR,ERR,ERR,ERR,ERR,ERR,ERR,ERR,ERR,ERR,ERR,ERR,ERR,ERR,ERR,ERR,ERR,ERR,ERR,ERR,ERR,ERR,ERR,ERR,ERR,ERR,ERR,ERR,ERR,ERR,ERR,ERR,ERR,ERR,ERR,ERR,ERR,ERR,ERR,ERR,0.0,-107615296.0,-134474944.0,0.0,0.0,1.3936040501711995e+18,7.805,0.0,0,0,4,0,8422,0.0,45,0.0,0.0,0.0,0.0,0.0,0,0,0,0,0.0,0,0,0,0,0,0,0,0,0,0,0,0,0,0,0,0,0,0,0,0,0,0,0,0,0,0,0,0,0,0,0,0,0,38,14,7,45,65476,0,300,0,0,8,21553,0.0,-107605600.0,0.0,0.0,0.0,0.0,0.0,0.0,0.0,0.0,0.0,0.0,0.0,0.0,0.0,0.0,0.0,0.0,0.0,0.0,0.0,0.0,0.0,0.0,-0.0,0.0,0.0,0.0,0.0,0.0,5056.0,-0.0,0.0,0.0,-107615296.0,-107615280.0,2.718429300292151e+23,0.0,0.0,0.0,0.0,53,-0.0,0.0,0.0,0.0,0.0,0.0,0.0,0.0,0.0,0,0,0,0.0,0.0,0.0,0.0,0.0,0.0,0.0,0.0,0.0,0.0,0.0,0.0,0.0,0.0,0.0,0.0,0,-107875648.0,53,0.0,106,-107614832.0,0.0,ERR,ERR,ERR,ERR,ERR,ERR,ERR,ERR,ERR,ERR,ERR,ERR,ERR,ERR,ERR,ERR,ERR,ERR,ERR,ERR,ERR,ERR,ERR,ERR,ERR,ERR,ERR,ERR,ERR,ERR,ERR,ERR,ERR,ERR,ERR,ERR,ERR,ERR,ERR,ERR,ERR,ERR,ERR,ERR,ERR,ERR,ERR,ERR,ERR,ERR,ERR,ERR,ERR,ERR,ERR,ERR,ERR,ERR,ERR,ERR,ERR,ERR,ERR,ERR,ERR,ERR,ERR,50.0,60.0,100,0.0,0.0,0.0,0.0,0.0,0.0,0.0,0.0,0.0,0.0,0.0,0.0,0.0,0.0,0.0,0.0,61.6,74,13,65512,50,65476,0,300,0,0,8,20529,65476,0,0,26214,60.0,0.0,0.0,0.0,0.0,0.0
2026-05-17T18:18:27,ERR,ERR,ERR,ERR,ERR,ERR,ERR,ERR,ERR,ERR,ERR,ERR,ERR,ERR,ERR,ERR,ERR,ERR,ERR,ERR,ERR,ERR,ERR,ERR,ERR,ERR,ERR,ERR,ERR,ERR,ERR,ERR,ERR,ERR,ERR,ERR,ERR,ERR,ERR,ERR,ERR,ERR,ERR,ERR,ERR,ERR,ERR,ERR,ERR,ERR,ERR,ERR,ERR,ERR,ERR,ERR,ERR,ERR,ERR,ERR,ERR,ERR,ERR,ERR,ERR,ERR,ERR,ERR,ERR,ERR,ERR,ERR,ERR,ERR,ERR,ERR,ERR,ERR,ERR,ERR,ERR,ERR,ERR,ERR,ERR,ERR,ERR,ERR,ERR,ERR,ERR,ERR,ERR,ERR,ERR,ERR,ERR,ERR,ERR,ERR,ERR,ERR,ERR,ERR,ERR,ERR,ERR,ERR,ERR,ERR,ERR,ERR,ERR,ERR,ERR,ERR,ERR,ERR,ERR,ERR,ERR,ERR,ERR,ERR,ERR,0.0,-107615296.0,-134474944.0,0.0,0.0,1.3936040501711995e+18,7.805,0.0,0,0,4,0,8422,0.0,45,0.0,0.0,0.0,0.0,0.0,0,0,0,0,0.0,0,0,0,0,0,0,0,0,0,0,0,0,0,0,0,0,0,0,0,0,0,0,0,0,0,0,0,0,0,0,0,0,0,38,14,7,45,65476,0,300,0,0,8,21553,0.0,-107605600.0,0.0,0.0,0.0,0.0,0.0,0.0,0.0,0.0,0.0,0.0,0.0,0.0,0.0,0.0,0.0,0.0,0.0,0.0,0.0,0.0,0.0,0.0,-0.0,0.0,0.0,0.0,0.0,0.0,5056.0,-0.0,0.0,0.0,-107615296.0,-107615280.0,2.718429300292151e+23,0.0,0.0,0.0,0.0,53,-0.0,0.0,0.0,0.0,0.0,0.0,0.0,0.0,0.0,0,0,0,0.0,0.0,0.0,0.0,0.0,0.0,0.0,0.0,0.0,0.0,0.0,0.0,0.0,0.0,0.0,0.0,0,-107875648.0,53,0.0,106,-107614832.0,0.0,ERR,ERR,ERR,ERR,ERR,ERR,ERR,ERR,ERR,ERR,ERR,ERR,ERR,ERR,ERR,ERR,ERR,ERR,ERR,ERR,ERR,ERR,ERR,ERR,ERR,ERR,ERR,ERR,ERR,ERR,ERR,ERR,ERR,ERR,ERR,ERR,ERR,ERR,ERR,ERR,ERR,ERR,ERR,ERR,ERR,ERR,ERR,ERR,ERR,ERR,ERR,ERR,ERR,ERR,ERR,ERR,ERR,ERR,ERR,ERR,ERR,ERR,ERR,ERR,ERR,ERR,ERR,50.0,60.0,100,0.0,0.0,0.0,0.0,0.0,0.0,0.0,0.0,0.0,0.0,0.0,0.0,0.0,0.0,0.0,0.0,61.6,74,13,65512,50,65476,0,300,0,0,8,20529,65476,0,0,26214,60.0,0.0,0.0,0.0,0.0,0.0
2026-05-17T18:18:28,ERR,ERR,ERR,ERR,ERR,ERR,ERR,ERR,ERR,ERR,ERR,ERR,ERR,ERR,ERR,ERR,ERR,ERR,ERR,ERR,ERR,ERR,ERR,ERR,ERR,ERR,ERR,ERR,ERR,ERR,ERR,ERR,ERR,ERR,ERR,ERR,ERR,ERR,ERR,ERR,ERR,ERR,ERR,ERR,ERR,ERR,ERR,ERR,ERR,ERR,ERR,ERR,ERR,ERR,ERR,ERR,ERR,ERR,ERR,ERR,ERR,ERR,ERR,ERR,ERR,ERR,ERR,ERR,ERR,ERR,ERR,ERR,ERR,ERR,ERR,ERR,ERR,ERR,ERR,ERR,ERR,ERR,ERR,ERR,ERR,ERR,ERR,ERR,ERR,ERR,ERR,ERR,ERR,ERR,ERR,ERR,ERR,ERR,ERR,ERR,ERR,ERR,ERR,ERR,ERR,ERR,ERR,ERR,ERR,ERR,ERR,ERR,ERR,ERR,ERR,ERR,ERR,ERR,ERR,ERR,ERR,ERR,ERR,ERR,ERR,0.0,-107615296.0,-134474944.0,0.0,0.0,1.3936040501711995e+18,7.805,0.0,0,0,4,0,8422,0.0,45,0.0,0.0,0.0,0.0,0.0,0,0,0,0,0.0,0,0,0,0,0,0,0,0,0,0,0,0,0,0,0,0,0,0,0,0,0,0,0,0,0,0,0,0,0,0,0,0,0,38,14,7,45,65476,0,300,0,0,8,21553,0.0,-107605600.0,0.0,0.0,0.0,0.0,0.0,0.0,0.0,0.0,0.0,0.0,0.0,0.0,0.0,0.0,0.0,0.0,0.0,0.0,0.0,0.0,0.0,0.0,-0.0,0.0,0.0,0.0,0.0,0.0,5056.0,-0.0,0.0,0.0,-107615296.0,-107615280.0,2.718429300292151e+23,0.0,0.0,0.0,0.0,53,-0.0,0.0,0.0,0.0,0.0,0.0,0.0,0.0,0.0,0,0,0,0.0,0.0,0.0,0.0,0.0,0.0,0.0,0.0,0.0,0.0,0.0,0.0,0.0,0.0,0.0,0.0,0,-107875648.0,53,0.0,106,-107614832.0,0.0,ERR,ERR,ERR,ERR,ERR,ERR,ERR,ERR,ERR,ERR,ERR,ERR,ERR,ERR,ERR,ERR,ERR,ERR,ERR,ERR,ERR,ERR,ERR,ERR,ERR,ERR,ERR,ERR,ERR,ERR,ERR,ERR,ERR,ERR,ERR,ERR,ERR,ERR,ERR,ERR,ERR,ERR,ERR,ERR,ERR,ERR,ERR,ERR,ERR,ERR,ERR,ERR,ERR,ERR,ERR,ERR,ERR,ERR,ERR,ERR,ERR,ERR,ERR,ERR,ERR,ERR,ERR,50.0,60.0,100,0.0,0.0,0.0,0.0,0.0,0.0,0.0,0.0,0.0,0.0,0.0,0.0,0.0,0.0,0.0,0.0,61.6,74,13,65512,50,65476,0,300,0,0,8,20529,65476,0,0,26214,60.0,0.0,0.0,0.0,0.0,0.0
2026-05-17T18:18:29,ERR,ERR,ERR,ERR,ERR,ERR,ERR,ERR,ERR,ERR,ERR,ERR,ERR,ERR,ERR,ERR,ERR,ERR,ERR,ERR,ERR,ERR,ERR,ERR,ERR,ERR,ERR,ERR,ERR,ERR,ERR,ERR,ERR,ERR,ERR,ERR,ERR,ERR,ERR,ERR,ERR,ERR,ERR,ERR,ERR,ERR,ERR,ERR,ERR,ERR,ERR,ERR,ERR,ERR,ERR,ERR,ERR,ERR,ERR,ERR,ERR,ERR,ERR,ERR,ERR,ERR,ERR,ERR,ERR,ERR,ERR,ERR,ERR,ERR,ERR,ERR,ERR,ERR,ERR,ERR,ERR,ERR,ERR,ERR,ERR,ERR,ERR,ERR,ERR,ERR,ERR,ERR,ERR,ERR,ERR,ERR,ERR,ERR,ERR,ERR,ERR,ERR,ERR,ERR,ERR,ERR,ERR,ERR,ERR,ERR,ERR,ERR,ERR,ERR,ERR,ERR,ERR,ERR,ERR,ERR,ERR,ERR,ERR,ERR,ERR,0.0,-107615296.0,-134474944.0,0.0,0.0,1.3936040501711995e+18,7.805,0.0,0,0,4,0,8422,0.0,45,0.0,0.0,0.0,0.0,0.0,0,0,0,0,0.0,0,0,0,0,0,0,0,0,0,0,0,0,0,0,0,0,0,0,0,0,0,0,0,0,0,0,0,0,0,0,0,0,0,38,14,7,45,65476,0,300,0,0,8,21553,0.0,-107605600.0,0.0,0.0,0.0,0.0,0.0,0.0,0.0,0.0,0.0,0.0,0.0,0.0,0.0,0.0,0.0,0.0,0.0,0.0,0.0,0.0,0.0,0.0,-0.0,0.0,0.0,0.0,0.0,0.0,5056.0,-0.0,0.0,0.0,-107615296.0,-107615280.0,2.718429300292151e+23,0.0,0.0,0.0,0.0,53,-0.0,0.0,0.0,0.0,0.0,0.0,0.0,0.0,0.0,0,0,0,0.0,0.0,0.0,0.0,0.0,0.0,0.0,0.0,0.0,0.0,0.0,0.0,0.0,0.0,0.0,0.0,0,-107875648.0,53,0.0,106,-107614832.0,0.0,ERR,ERR,ERR,ERR,ERR,ERR,ERR,ERR,ERR,ERR,ERR,ERR,ERR,ERR,ERR,ERR,ERR,ERR,ERR,ERR,ERR,ERR,ERR,ERR,ERR,ERR,ERR,ERR,ERR,ERR,ERR,ERR,ERR,ERR,ERR,ERR,ERR,ERR,ERR,ERR,ERR,ERR,ERR,ERR,ERR,ERR,ERR,ERR,ERR,ERR,ERR,ERR,ERR,ERR,ERR,ERR,ERR,ERR,ERR,ERR,ERR,ERR,ERR,ERR,ERR,ERR,ERR,50.0,60.0,100,0.0,0.0,0.0,0.0,0.0,0.0,0.0,0.0,0.0,0.0,0.0,0.0,0.0,0.0,0.0,0.0,61.6,74,13,65512,50,65476,0,300,0,0,8,20529,65476,0,0,26214,60.0,0.0,0.0,0.0,0.0,0.0
2026-05-17T18:18:30,ERR,ERR,ERR,ERR,ERR,ERR,ERR,ERR,ERR,ERR,ERR,ERR,ERR,ERR,ERR,ERR,ERR,ERR,ERR,ERR,ERR,ERR,ERR,ERR,ERR,ERR,ERR,ERR,ERR,ERR,ERR,ERR,ERR,ERR,ERR,ERR,ERR,ERR,ERR,ERR,ERR,ERR,ERR,ERR,ERR,ERR,ERR,ERR,ERR,ERR,ERR,ERR,ERR,ERR,ERR,ERR,ERR,ERR,ERR,ERR,ERR,ERR,ERR,ERR,ERR,ERR,ERR,ERR,ERR,ERR,ERR,ERR,ERR,ERR,ERR,ERR,ERR,ERR,ERR,ERR,ERR,ERR,ERR,ERR,ERR,ERR,ERR,ERR,ERR,ERR,ERR,ERR,ERR,ERR,ERR,ERR,ERR,ERR,ERR,ERR,ERR,ERR,ERR,ERR,ERR,ERR,ERR,ERR,ERR,ERR,ERR,ERR,ERR,ERR,ERR,ERR,ERR,ERR,ERR,ERR,ERR,ERR,ERR,ERR,ERR,0.0,-107615296.0,-134474944.0,0.0,0.0,1.3936040501711995e+18,7.805,0.0,0,0,4,0,8422,0.0,45,0.0,0.0,0.0,0.0,0.0,0,0,0,0,0.0,0,0,0,0,0,0,0,0,0,0,0,0,0,0,0,0,0,0,0,0,0,0,0,0,0,0,0,0,0,0,0,0,0,38,14,7,45,65476,0,300,0,0,8,21553,0.0,-107605600.0,0.0,0.0,0.0,0.0,0.0,0.0,0.0,0.0,0.0,0.0,0.0,0.0,0.0,0.0,0.0,0.0,0.0,0.0,0.0,0.0,0.0,0.0,-0.0,0.0,0.0,0.0,0.0,0.0,5056.0,-0.0,0.0,0.0,-107615296.0,-107615280.0,2.718429300292151e+23,0.0,0.0,0.0,0.0,53,-0.0,0.0,0.0,0.0,0.0,0.0,0.0,0.0,0.0,0,0,0,0.0,0.0,0.0,0.0,0.0,0.0,0.0,0.0,0.0,0.0,0.0,0.0,0.0,0.0,0.0,0.0,0,-107875648.0,53,0.0,106,-107614832.0,0.0,ERR,ERR,ERR,ERR,ERR,ERR,ERR,ERR,ERR,ERR,ERR,ERR,ERR,ERR,ERR,ERR,ERR,ERR,ERR,ERR,ERR,ERR,ERR,ERR,ERR,ERR,ERR,ERR,ERR,ERR,ERR,ERR,ERR,ERR,ERR,ERR,ERR,ERR,ERR,ERR,ERR,ERR,ERR,ERR,ERR,ERR,ERR,ERR,ERR,ERR,ERR,ERR,ERR,ERR,ERR,ERR,ERR,ERR,ERR,ERR,ERR,ERR,ERR,ERR,ERR,ERR,ERR,50.0,60.0,100,0.0,0.0,0.0,0.0,0.0,0.0,0.0,0.0,0.0,0.0,0.0,0.0,0.0,0.0,0.0,0.0,61.6,74,13,65512,50,65476,0,300,0,0,8,20529,65476,0,0,26214,60.0,0.0,0.0,0.0,0.0,0.0
2026-05-17T18:18:31,ERR,ERR,ERR,ERR,ERR,ERR,ERR,ERR,ERR,ERR,ERR,ERR,ERR,ERR,ERR,ERR,ERR,ERR,ERR,ERR,ERR,ERR,ERR,ERR,ERR,ERR,ERR,ERR,ERR,ERR,ERR,ERR,ERR,ERR,ERR,ERR,ERR,ERR,ERR,ERR,ERR,ERR,ERR,ERR,ERR,ERR,ERR,ERR,ERR,ERR,ERR,ERR,ERR,ERR,ERR,ERR,ERR,ERR,ERR,ERR,ERR,ERR,ERR,ERR,ERR,ERR,ERR,ERR,ERR,ERR,ERR,ERR,ERR,ERR,ERR,ERR,ERR,ERR,ERR,ERR,ERR,ERR,ERR,ERR,ERR,ERR,ERR,ERR,ERR,ERR,ERR,ERR,ERR,ERR,ERR,ERR,ERR,ERR,ERR,ERR,ERR,ERR,ERR,ERR,ERR,ERR,ERR,ERR,ERR,ERR,ERR,ERR,ERR,ERR,ERR,ERR,ERR,ERR,ERR,ERR,ERR,ERR,ERR,ERR,ERR,0.0,-107615296.0,-134474944.0,0.0,0.0,1.3936040501711995e+18,7.805,0.0,0,0,4,0,8422,0.0,45,0.0,0.0,0.0,0.0,0.0,0,0,0,0,0.0,0,0,0,0,0,0,0,0,0,0,0,0,0,0,0,0,0,0,0,0,0,0,0,0,0,0,0,0,0,0,0,0,0,38,14,7,45,65476,0,300,0,0,8,21553,0.0,-107605600.0,0.0,0.0,0.0,0.0,0.0,0.0,0.0,0.0,0.0,0.0,0.0,0.0,0.0,0.0,0.0,0.0,0.0,0.0,0.0,0.0,0.0,0.0,-0.0,0.0,0.0,0.0,0.0,0.0,5080.0,131350.469,0.0,0.0,-107615296.0,-107615280.0,2.718429300292151e+23,0.0,0.0,0.0,0.0,53,-0.0,-0.0,0.0,0.0,0.0,0.0,0.0,0.0,0.0,0,0,0,0.0,0.0,0.0,0.0,0.0,0.0,0.0,0.0,0.0,0.0,0.0,0.0,0.0,0.0,0.0,0.0,0,-107875648.0,53,0.0,106,-107614832.0,0.0,ERR,ERR,ERR,ERR,ERR,ERR,ERR,ERR,ERR,ERR,ERR,ERR,ERR,ERR,ERR,ERR,ERR,ERR,ERR,ERR,ERR,ERR,ERR,ERR,ERR,ERR,ERR,ERR,ERR,ERR,ERR,ERR,ERR,ERR,ERR,ERR,ERR,ERR,ERR,ERR,ERR,ERR,ERR,ERR,ERR,ERR,ERR,ERR,ERR,ERR,ERR,ERR,ERR,ERR,ERR,ERR,ERR,ERR,ERR,ERR,ERR,ERR,ERR,ERR,ERR,ERR,ERR,50.0,60.0,100,0.0,0.0,0.0,0.0,0.0,0.0,0.0,0.0,0.0,0.0,0.0,0.0,0.0,0.0,0.0,0.0,62.0,74,13,65512,50,65476,0,300,0,0,8,20529,65476,0,0,26214,60.0,0.0,0.0,0.0,0.0,0.0
2026-05-17T18:18:32,ERR,ERR,ERR,ERR,ERR,ERR,ERR,ERR,ERR,ERR,ERR,ERR,ERR,ERR,ERR,ERR,ERR,ERR,ERR,ERR,ERR,ERR,ERR,ERR,ERR,ERR,ERR,ERR,ERR,ERR,ERR,ERR,ERR,ERR,ERR,ERR,ERR,ERR,ERR,ERR,ERR,ERR,ERR,ERR,ERR,ERR,ERR,ERR,ERR,ERR,ERR,ERR,ERR,ERR,ERR,ERR,ERR,ERR,ERR,ERR,ERR,ERR,ERR,ERR,ERR,ERR,ERR,ERR,ERR,ERR,ERR,ERR,ERR,ERR,ERR,ERR,ERR,ERR,ERR,ERR,ERR,ERR,ERR,ERR,ERR,ERR,ERR,ERR,ERR,ERR,ERR,ERR,ERR,ERR,ERR,ERR,ERR,ERR,ERR,ERR,ERR,ERR,ERR,ERR,ERR,ERR,ERR,ERR,ERR,ERR,ERR,ERR,ERR,ERR,ERR,ERR,ERR,ERR,ERR,ERR,ERR,ERR,ERR,ERR,ERR,0.0,-107615296.0,-134474944.0,0.0,0.0,1.3936040501711995e+18,7.805,0.0,0,0,4,0,8422,0.0,45,0.0,0.0,0.0,0.0,0.0,0,0,0,0,0.0,0,0,0,0,0,0,0,0,0,0,0,0,0,0,0,0,0,0,0,0,0,0,0,0,0,0,0,0,0,0,0,0,0,38,14,7,45,65476,0,300,0,0,8,21553,0.0,-107605600.0,0.0,0.0,0.0,0.0,0.0,0.0,0.0,0.0,0.0,0.0,0.0,0.0,0.0,0.0,0.0,0.0,0.0,0.0,0.0,0.0,0.0,0.0,-0.0,0.0,0.0,0.0,0.0,0.0,5080.0,131350.469,0.0,0.0,-107615296.0,-107615280.0,2.718429300292151e+23,0.0,0.0,0.0,0.0,53,-0.0,-0.0,0.0,0.0,0.0,0.0,0.0,0.0,0.0,0,0,0,0.0,0.0,0.0,0.0,0.0,0.0,0.0,0.0,0.0,0.0,0.0,0.0,0.0,0.0,0.0,0.0,0,-107875648.0,53,0.0,106,-107614832.0,0.0,ERR,ERR,ERR,ERR,ERR,ERR,ERR,ERR,ERR,ERR,ERR,ERR,ERR,ERR,ERR,ERR,ERR,ERR,ERR,ERR,ERR,ERR,ERR,ERR,ERR,ERR,ERR,ERR,ERR,ERR,ERR,ERR,ERR,ERR,ERR,ERR,ERR,ERR,ERR,ERR,ERR,ERR,ERR,ERR,ERR,ERR,ERR,ERR,ERR,ERR,ERR,ERR,ERR,ERR,ERR,ERR,ERR,ERR,ERR,ERR,ERR,ERR,ERR,ERR,ERR,ERR,ERR,50.0,60.0,100,0.0,0.0,0.0,0.0,0.0,0.0,0.0,0.0,0.0,0.0,0.0,0.0,0.0,0.0,0.0,0.0,62.0,74,13,65512,50,65476,0,300,0,0,8,20529,65476,0,0,26214,60.0,0.0,0.0,0.0,0.0,0.0
2026-05-17T18:18:33,ERR,ERR,ERR,ERR,ERR,ERR,ERR,ERR,ERR,ERR,ERR,ERR,ERR,ERR,ERR,ERR,ERR,ERR,ERR,ERR,ERR,ERR,ERR,ERR,ERR,ERR,ERR,ERR,ERR,ERR,ERR,ERR,ERR,ERR,ERR,ERR,ERR,ERR,ERR,ERR,ERR,ERR,ERR,ERR,ERR,ERR,ERR,ERR,ERR,ERR,ERR,ERR,ERR,ERR,ERR,ERR,ERR,ERR,ERR,ERR,ERR,ERR,ERR,ERR,ERR,ERR,ERR,ERR,ERR,ERR,ERR,ERR,ERR,ERR,ERR,ERR,ERR,ERR,ERR,ERR,ERR,ERR,ERR,ERR,ERR,ERR,ERR,ERR,ERR,ERR,ERR,ERR,ERR,ERR,ERR,ERR,ERR,ERR,ERR,ERR,ERR,ERR,ERR,ERR,ERR,ERR,ERR,ERR,ERR,ERR,ERR,ERR,ERR,ERR,ERR,ERR,ERR,ERR,ERR,ERR,ERR,ERR,ERR,ERR,ERR,0.0,-107615296.0,-134474944.0,0.0,0.0,1.3936040501711995e+18,7.805,0.0,0,0,4,0,8422,0.0,45,0.0,0.0,0.0,0.0,0.0,0,0,0,0,0.0,0,0,0,0,0,0,0,0,0,0,0,0,0,0,0,0,0,0,0,0,0,0,0,0,0,0,0,0,0,0,0,0,0,38,14,7,45,65476,0,300,0,0,8,21553,0.0,-107605600.0,0.0,0.0,0.0,0.0,0.0,0.0,0.0,0.0,0.0,0.0,0.0,0.0,0.0,0.0,0.0,0.0,0.0,0.0,0.0,0.0,0.0,0.0,-0.0,0.0,0.0,0.0,0.0,0.0,5080.0,131350.469,0.0,0.0,-107615296.0,-107615280.0,2.718429300292151e+23,0.0,0.0,0.0,0.0,53,-0.0,-0.0,0.0,0.0,0.0,0.0,0.0,0.0,0.0,0,0,0,0.0,0.0,0.0,0.0,0.0,0.0,0.0,0.0,0.0,0.0,0.0,0.0,0.0,0.0,0.0,0.0,0,-107875648.0,53,0.0,106,-107614832.0,0.0,ERR,ERR,ERR,ERR,ERR,ERR,ERR,ERR,ERR,ERR,ERR,ERR,ERR,ERR,ERR,ERR,ERR,ERR,ERR,ERR,ERR,ERR,ERR,ERR,ERR,ERR,ERR,ERR,ERR,ERR,ERR,ERR,ERR,ERR,ERR,ERR,ERR,ERR,ERR,ERR,ERR,ERR,ERR,ERR,ERR,ERR,ERR,ERR,ERR,ERR,ERR,ERR,ERR,ERR,ERR,ERR,ERR,ERR,ERR,ERR,ERR,ERR,ERR,ERR,ERR,ERR,ERR,50.0,60.0,100,0.0,0.0,0.0,0.0,0.0,0.0,0.0,0.0,0.0,0.0,0.0,0.0,0.0,0.0,0.0,0.0,62.0,74,13,65512,50,65476,0,300,0,0,8,20529,65476,0,0,26214,60.0,0.0,0.0,0.0,0.0,0.0
2026-05-17T18:18:34,ERR,ERR,ERR,ERR,ERR,ERR,ERR,ERR,ERR,ERR,ERR,ERR,ERR,ERR,ERR,ERR,ERR,ERR,ERR,ERR,ERR,ERR,ERR,ERR,ERR,ERR,ERR,ERR,ERR,ERR,ERR,ERR,ERR,ERR,ERR,ERR,ERR,ERR,ERR,ERR,ERR,ERR,ERR,ERR,ERR,ERR,ERR,ERR,ERR,ERR,ERR,ERR,ERR,ERR,ERR,ERR,ERR,ERR,ERR,ERR,ERR,ERR,ERR,ERR,ERR,ERR,ERR,ERR,ERR,ERR,ERR,ERR,ERR,ERR,ERR,ERR,ERR,ERR,ERR,ERR,ERR,ERR,ERR,ERR,ERR,ERR,ERR,ERR,ERR,ERR,ERR,ERR,ERR,ERR,ERR,ERR,ERR,ERR,ERR,ERR,ERR,ERR,ERR,ERR,ERR,ERR,ERR,ERR,ERR,ERR,ERR,ERR,ERR,ERR,ERR,ERR,ERR,ERR,ERR,ERR,ERR,ERR,ERR,ERR,ERR,0.0,-107615296.0,-134474944.0,0.0,0.0,1.3936040501711995e+18,7.805,0.0,0,0,4,0,8422,0.0,45,0.0,0.0,0.0,0.0,0.0,0,0,0,0,0.0,0,0,0,0,0,0,0,0,0,0,0,0,0,0,0,0,0,0,0,0,0,0,0,0,0,0,0,0,0,0,0,0,0,38,14,7,45,65476,0,300,0,0,8,21553,0.0,-107605600.0,0.0,0.0,0.0,0.0,0.0,0.0,0.0,0.0,0.0,0.0,0.0,0.0,0.0,0.0,0.0,0.0,0.0,0.0,0.0,0.0,0.0,0.0,-0.0,0.0,0.0,0.0,0.0,0.0,5080.0,131350.469,0.0,0.0,-107615296.0,-107615280.0,2.718429300292151e+23,0.0,0.0,0.0,0.0,53,-0.0,-0.0,0.0,0.0,0.0,0.0,0.0,0.0,0.0,0,0,0,0.0,0.0,0.0,0.0,0.0,0.0,0.0,0.0,0.0,0.0,0.0,0.0,0.0,0.0,0.0,0.0,0,-107875648.0,53,0.0,106,-107614832.0,0.0,ERR,ERR,ERR,ERR,ERR,ERR,ERR,ERR,ERR,ERR,ERR,ERR,ERR,ERR,ERR,ERR,ERR,ERR,ERR,ERR,ERR,ERR,ERR,ERR,ERR,ERR,ERR,ERR,ERR,ERR,ERR,ERR,ERR,ERR,ERR,ERR,ERR,ERR,ERR,ERR,ERR,ERR,ERR,ERR,ERR,ERR,ERR,ERR,ERR,ERR,ERR,ERR,ERR,ERR,ERR,ERR,ERR,ERR,ERR,ERR,ERR,ERR,ERR,ERR,ERR,ERR,ERR,50.0,60.0,100,0.0,0.0,0.0,0.0,0.0,0.0,0.0,0.0,0.0,0.0,0.0,0.0,0.0,0.0,0.0,0.0,62.0,74,13,65512,50,65476,0,300,0,0,8,20529,65476,0,0,26214,60.0,0.0,0.0,0.0,0.0,0.0
2026-05-17T18:18:35,ERR,ERR,ERR,ERR,ERR,ERR,ERR,ERR,ERR,ERR,ERR,ERR,ERR,ERR,ERR,ERR,ERR,ERR,ERR,ERR,ERR,ERR,ERR,ERR,ERR,ERR,ERR,ERR,ERR,ERR,ERR,ERR,ERR,ERR,ERR,ERR,ERR,ERR,ERR,ERR,ERR,ERR,ERR,ERR,ERR,ERR,ERR,ERR,ERR,ERR,ERR,ERR,ERR,ERR,ERR,ERR,ERR,ERR,ERR,ERR,ERR,ERR,ERR,ERR,ERR,ERR,ERR,ERR,ERR,ERR,ERR,ERR,ERR,ERR,ERR,ERR,ERR,ERR,ERR,ERR,ERR,ERR,ERR,ERR,ERR,ERR,ERR,ERR,ERR,ERR,ERR,ERR,ERR,ERR,ERR,ERR,ERR,ERR,ERR,ERR,ERR,ERR,ERR,ERR,ERR,ERR,ERR,ERR,ERR,ERR,ERR,ERR,ERR,ERR,ERR,ERR,ERR,ERR,ERR,ERR,ERR,ERR,ERR,ERR,ERR,0.0,-107615296.0,-134474944.0,0.0,0.0,1.3936040501711995e+18,7.805,0.0,0,0,4,0,8422,0.0,45,0.0,0.0,0.0,0.0,0.0,0,0,0,0,0.0,0,0,0,0,0,0,0,0,0,0,0,0,0,0,0,0,0,0,0,0,0,0,0,0,0,0,0,0,0,0,0,0,0,38,14,7,45,65476,0,300,0,0,8,21553,0.0,-107605600.0,0.0,0.0,0.0,0.0,0.0,0.0,0.0,0.0,0.0,0.0,0.0,0.0,0.0,0.0,0.0,0.0,0.0,0.0,0.0,0.0,0.0,0.0,-0.0,0.0,0.0,0.0,0.0,0.0,5080.0,131350.469,0.0,0.0,-107615296.0,-107615280.0,2.718429300292151e+23,0.0,0.0,0.0,0.0,53,-0.0,-0.0,0.0,0.0,0.0,0.0,0.0,0.0,0.0,0,0,0,0.0,0.0,0.0,0.0,0.0,0.0,0.0,0.0,0.0,0.0,0.0,0.0,0.0,0.0,0.0,0.0,0,-107875648.0,53,0.0,106,-107614832.0,0.0,ERR,ERR,ERR,ERR,ERR,ERR,ERR,ERR,ERR,ERR,ERR,ERR,ERR,ERR,ERR,ERR,ERR,ERR,ERR,ERR,ERR,ERR,ERR,ERR,ERR,ERR,ERR,ERR,ERR,ERR,ERR,ERR,ERR,ERR,ERR,ERR,ERR,ERR,ERR,ERR,ERR,ERR,ERR,ERR,ERR,ERR,ERR,ERR,ERR,ERR,ERR,ERR,ERR,ERR,ERR,ERR,ERR,ERR,ERR,ERR,ERR,ERR,ERR,ERR,ERR,ERR,ERR,50.0,60.0,100,0.0,0.0,0.0,0.0,0.0,0.0,0.0,0.0,0.0,0.0,0.0,0.0,0.0,0.0,0.0,0.0,61.6,74,13,65512,50,65476,0,300,0,0,8,20529,65476,0,0,26214,60.0,0.0,0.0,0.0,0.0,0.0
2026-05-17T18:18:36,ERR,ERR,ERR,ERR,ERR,ERR,ERR,ERR,ERR,ERR,ERR,ERR,ERR,ERR,ERR,ERR,ERR,ERR,ERR,ERR,ERR,ERR,ERR,ERR,ERR,ERR,ERR,ERR,ERR,ERR,ERR,ERR,ERR,ERR,ERR,ERR,ERR,ERR,ERR,ERR,ERR,ERR,ERR,ERR,ERR,ERR,ERR,ERR,ERR,ERR,ERR,ERR,ERR,ERR,ERR,ERR,ERR,ERR,ERR,ERR,ERR,ERR,ERR,ERR,ERR,ERR,ERR,ERR,ERR,ERR,ERR,ERR,ERR,ERR,ERR,ERR,ERR,ERR,ERR,ERR,ERR,ERR,ERR,ERR,ERR,ERR,ERR,ERR,ERR,ERR,ERR,ERR,ERR,ERR,ERR,ERR,ERR,ERR,ERR,ERR,ERR,ERR,ERR,ERR,ERR,ERR,ERR,ERR,ERR,ERR,ERR,ERR,ERR,ERR,ERR,ERR,ERR,ERR,ERR,ERR,ERR,ERR,ERR,ERR,ERR,0.0,-107615296.0,-134474944.0,0.0,0.0,1.3936040501711995e+18,7.805,0.0,0,0,4,0,8422,0.0,45,0.0,0.0,0.0,0.0,0.0,0,0,0,0,0.0,0,0,0,0,0,0,0,0,0,0,0,0,0,0,0,0,0,0,0,0,0,0,0,0,0,0,0,0,0,0,0,0,0,38,14,7,45,65476,0,300,0,0,8,21553,0.0,-107605600.0,0.0,0.0,0.0,0.0,0.0,0.0,0.0,0.0,0.0,0.0,0.0,0.0,0.0,0.0,0.0,0.0,0.0,0.0,0.0,0.0,0.0,0.0,-0.0,0.0,0.0,0.0,0.0,0.0,5050.0,-3.697186573429349e+19,0.0,0.0,-107615296.0,-107615280.0,2.718429300292151e+23,0.0,0.0,0.0,0.0,53,-0.0,0.0,0.0,0.0,0.0,0.0,0.0,0.0,0.0,0,0,0,0.0,0.0,0.0,0.0,0.0,0.0,0.0,0.0,0.0,0.0,0.0,0.0,0.0,0.0,0.0,0.0,0,-107875648.0,53,0.0,106,-107614832.0,0.0,ERR,ERR,ERR,ERR,ERR,ERR,ERR,ERR,ERR,ERR,ERR,ERR,ERR,ERR,ERR,ERR,ERR,ERR,ERR,ERR,ERR,ERR,ERR,ERR,ERR,ERR,ERR,ERR,ERR,ERR,ERR,ERR,ERR,ERR,ERR,ERR,ERR,ERR,ERR,ERR,ERR,ERR,ERR,ERR,ERR,ERR,ERR,ERR,ERR,ERR,ERR,ERR,ERR,ERR,ERR,ERR,ERR,ERR,ERR,ERR,ERR,ERR,ERR,ERR,ERR,ERR,ERR,50.0,60.0,100,0.0,0.0,0.0,0.0,0.0,0.0,0.0,0.0,0.0,0.0,0.0,0.0,0.0,0.0,0.0,0.0,61.6,74,13,65512,50,65476,0,300,0,0,8,20529,65476,0,0,26214,60.0,0.0,0.0,0.0,0.0,0.0
2026-05-17T18:18:37,ERR,ERR,ERR,ERR,ERR,ERR,ERR,ERR,ERR,ERR,ERR,ERR,ERR,ERR,ERR,ERR,ERR,ERR,ERR,ERR,ERR,ERR,ERR,ERR,ERR,ERR,ERR,ERR,ERR,ERR,ERR,ERR,ERR,ERR,ERR,ERR,ERR,ERR,ERR,ERR,ERR,ERR,ERR,ERR,ERR,ERR,ERR,ERR,ERR,ERR,ERR,ERR,ERR,ERR,ERR,ERR,ERR,ERR,ERR,ERR,ERR,ERR,ERR,ERR,ERR,ERR,ERR,ERR,ERR,ERR,ERR,ERR,ERR,ERR,ERR,ERR,ERR,ERR,ERR,ERR,ERR,ERR,ERR,ERR,ERR,ERR,ERR,ERR,ERR,ERR,ERR,ERR,ERR,ERR,ERR,ERR,ERR,ERR,ERR,ERR,ERR,ERR,ERR,ERR,ERR,ERR,ERR,ERR,ERR,ERR,ERR,ERR,ERR,ERR,ERR,ERR,ERR,ERR,ERR,ERR,ERR,ERR,ERR,ERR,ERR,0.0,-107615296.0,-134474944.0,0.0,0.0,1.3936040501711995e+18,7.805,0.0,0,0,4,0,8422,0.0,45,0.0,0.0,0.0,0.0,0.0,0,0,0,0,0.0,0,0,0,0,0,0,0,0,0,0,0,0,0,0,0,0,0,0,0,0,0,0,0,0,0,0,0,0,0,0,0,0,0,38,14,7,45,65476,0,300,0,0,8,21553,0.0,-107605600.0,0.0,0.0,0.0,0.0,0.0,0.0,0.0,0.0,0.0,0.0,0.0,0.0,0.0,0.0,0.0,0.0,0.0,0.0,0.0,0.0,0.0,0.0,-0.0,0.0,0.0,0.0,0.0,0.0,5050.0,-3.697186573429349e+19,0.0,0.0,-107615296.0,-107615280.0,2.718429300292151e+23,0.0,0.0,0.0,0.0,53,-0.0,0.0,0.0,0.0,0.0,0.0,0.0,0.0,0.0,0,0,0,0.0,0.0,0.0,0.0,0.0,0.0,0.0,0.0,0.0,0.0,0.0,0.0,0.0,0.0,0.0,0.0,0,-107875648.0,53,0.0,106,-107614832.0,0.0,ERR,ERR,ERR,ERR,ERR,ERR,ERR,ERR,ERR,ERR,ERR,ERR,ERR,ERR,ERR,ERR,ERR,ERR,ERR,ERR,ERR,ERR,ERR,ERR,ERR,ERR,ERR,ERR,ERR,ERR,ERR,ERR,ERR,ERR,ERR,ERR,ERR,ERR,ERR,ERR,ERR,ERR,ERR,ERR,ERR,ERR,ERR,ERR,ERR,ERR,ERR,ERR,ERR,ERR,ERR,ERR,ERR,ERR,ERR,ERR,ERR,ERR,ERR,ERR,ERR,ERR,ERR,50.0,60.0,100,0.0,0.0,0.0,0.0,0.0,0.0,0.0,0.0,0.0,0.0,0.0,0.0,0.0,0.0,0.0,0.0,62.0,74,13,65512,50,65476,0,300,0,0,8,20529,65476,0,0,26214,60.0,0.0,0.0,0.0,0.0,0.0
2026-05-17T18:18:38,ERR,ERR,ERR,ERR,ERR,ERR,ERR,ERR,ERR,ERR,ERR,ERR,ERR,ERR,ERR,ERR,ERR,ERR,ERR,ERR,ERR,ERR,ERR,ERR,ERR,ERR,ERR,ERR,ERR,ERR,ERR,ERR,ERR,ERR,ERR,ERR,ERR,ERR,ERR,ERR,ERR,ERR,ERR,ERR,ERR,ERR,ERR,ERR,ERR,ERR,ERR,ERR,ERR,ERR,ERR,ERR,ERR,ERR,ERR,ERR,ERR,ERR,ERR,ERR,ERR,ERR,ERR,ERR,ERR,ERR,ERR,ERR,ERR,ERR,ERR,ERR,ERR,ERR,ERR,ERR,ERR,ERR,ERR,ERR,ERR,ERR,ERR,ERR,ERR,ERR,ERR,ERR,ERR,ERR,ERR,ERR,ERR,ERR,ERR,ERR,ERR,ERR,ERR,ERR,ERR,ERR,ERR,ERR,ERR,ERR,ERR,ERR,ERR,ERR,ERR,ERR,ERR,ERR,ERR,ERR,ERR,ERR,ERR,ERR,ERR,0.0,-107615296.0,-134474944.0,0.0,0.0,1.3936040501711995e+18,7.805,0.0,0,0,4,0,8422,0.0,45,0.0,0.0,0.0,0.0,0.0,0,0,0,0,0.0,0,0,0,0,0,0,0,0,0,0,0,0,0,0,0,0,0,0,0,0,0,0,0,0,0,0,0,0,0,0,0,0,0,38,14,7,45,65476,0,300,0,0,8,21553,0.0,-107605600.0,0.0,0.0,0.0,0.0,0.0,0.0,0.0,0.0,0.0,0.0,0.0,0.0,0.0,0.0,0.0,0.0,0.0,0.0,0.0,0.0,0.0,0.0,-0.0,0.0,0.0,0.0,0.0,0.0,5050.0,-3.697186573429349e+19,0.0,0.0,-107615296.0,-107615280.0,2.718429300292151e+23,0.0,0.0,0.0,0.0,53,-0.0,0.0,0.0,0.0,0.0,0.0,0.0,0.0,0.0,0,0,0,0.0,0.0,0.0,0.0,0.0,0.0,0.0,0.0,0.0,0.0,0.0,0.0,0.0,0.0,0.0,0.0,0,-107875648.0,53,0.0,106,-107614832.0,0.0,ERR,ERR,ERR,ERR,ERR,ERR,ERR,ERR,ERR,ERR,ERR,ERR,ERR,ERR,ERR,ERR,ERR,ERR,ERR,ERR,ERR,ERR,ERR,ERR,ERR,ERR,ERR,ERR,ERR,ERR,ERR,ERR,ERR,ERR,ERR,ERR,ERR,ERR,ERR,ERR,ERR,ERR,ERR,ERR,ERR,ERR,ERR,ERR,ERR,ERR,ERR,ERR,ERR,ERR,ERR,ERR,ERR,ERR,ERR,ERR,ERR,ERR,ERR,ERR,ERR,ERR,ERR,50.0,60.0,100,0.0,0.0,0.0,0.0,0.0,0.0,0.0,0.0,0.0,0.0,0.0,0.0,0.0,0.0,0.0,0.0,61.6,74,13,65512,50,65476,0,300,0,0,8,20529,65476,0,0,26214,60.0,0.0,0.0,0.0,0.0,0.0
2026-05-17T18:18:39,ERR,ERR,ERR,ERR,ERR,ERR,ERR,ERR,ERR,ERR,ERR,ERR,ERR,ERR,ERR,ERR,ERR,ERR,ERR,ERR,ERR,ERR,ERR,ERR,ERR,ERR,ERR,ERR,ERR,ERR,ERR,ERR,ERR,ERR,ERR,ERR,ERR,ERR,ERR,ERR,ERR,ERR,ERR,ERR,ERR,ERR,ERR,ERR,ERR,ERR,ERR,ERR,ERR,ERR,ERR,ERR,ERR,ERR,ERR,ERR,ERR,ERR,ERR,ERR,ERR,ERR,ERR,ERR,ERR,ERR,ERR,ERR,ERR,ERR,ERR,ERR,ERR,ERR,ERR,ERR,ERR,ERR,ERR,ERR,ERR,ERR,ERR,ERR,ERR,ERR,ERR,ERR,ERR,ERR,ERR,ERR,ERR,ERR,ERR,ERR,ERR,ERR,ERR,ERR,ERR,ERR,ERR,ERR,ERR,ERR,ERR,ERR,ERR,ERR,ERR,ERR,ERR,ERR,ERR,ERR,ERR,ERR,ERR,ERR,ERR,0.0,-107615296.0,-134474944.0,0.0,0.0,1.3936040501711995e+18,7.805,0.0,0,0,4,0,8422,0.0,45,0.0,0.0,0.0,0.0,0.0,0,0,0,0,0.0,0,0,0,0,0,0,0,0,0,0,0,0,0,0,0,0,0,0,0,0,0,0,0,0,0,0,0,0,0,0,0,0,0,38,14,7,45,65476,0,300,0,0,8,21553,0.0,-107605600.0,0.0,0.0,0.0,0.0,0.0,0.0,0.0,0.0,0.0,0.0,0.0,0.0,0.0,0.0,0.0,0.0,0.0,0.0,0.0,0.0,0.0,0.0,-0.0,0.0,0.0,0.0,0.0,0.0,5050.0,-3.697186573429349e+19,0.0,0.0,-107615296.0,-107615280.0,2.718429300292151e+23,0.0,0.0,0.0,0.0,53,-0.0,0.0,0.0,0.0,0.0,0.0,0.0,0.0,0.0,0,0,0,0.0,0.0,0.0,0.0,0.0,0.0,0.0,0.0,0.0,0.0,0.0,0.0,0.0,0.0,0.0,0.0,0,-107875648.0,53,0.0,106,-107614832.0,0.0,ERR,ERR,ERR,ERR,ERR,ERR,ERR,ERR,ERR,ERR,ERR,ERR,ERR,ERR,ERR,ERR,ERR,ERR,ERR,ERR,ERR,ERR,ERR,ERR,ERR,ERR,ERR,ERR,ERR,ERR,ERR,ERR,ERR,ERR,ERR,ERR,ERR,ERR,ERR,ERR,ERR,ERR,ERR,ERR,ERR,ERR,ERR,ERR,ERR,ERR,ERR,ERR,ERR,ERR,ERR,ERR,ERR,ERR,ERR,ERR,ERR,ERR,ERR,ERR,ERR,ERR,ERR,50.0,60.0,100,0.0,0.0,0.0,0.0,0.0,0.0,0.0,0.0,0.0,0.0,0.0,0.0,0.0,0.0,0.0,0.0,61.6,74,13,65512,50,65476,0,300,0,0,8,20529,65476,0,0,26214,60.0,0.0,0.0,0.0,0.0,0.0
2026-05-17T18:18:40,ERR,ERR,ERR,ERR,ERR,ERR,ERR,ERR,ERR,ERR,ERR,ERR,ERR,ERR,ERR,ERR,ERR,ERR,ERR,ERR,ERR,ERR,ERR,ERR,ERR,ERR,ERR,ERR,ERR,ERR,ERR,ERR,ERR,ERR,ERR,ERR,ERR,ERR,ERR,ERR,ERR,ERR,ERR,ERR,ERR,ERR,ERR,ERR,ERR,ERR,ERR,ERR,ERR,ERR,ERR,ERR,ERR,ERR,ERR,ERR,ERR,ERR,ERR,ERR,ERR,ERR,ERR,ERR,ERR,ERR,ERR,ERR,ERR,ERR,ERR,ERR,ERR,ERR,ERR,ERR,ERR,ERR,ERR,ERR,ERR,ERR,ERR,ERR,ERR,ERR,ERR,ERR,ERR,ERR,ERR,ERR,ERR,ERR,ERR,ERR,ERR,ERR,ERR,ERR,ERR,ERR,ERR,ERR,ERR,ERR,ERR,ERR,ERR,ERR,ERR,ERR,ERR,ERR,ERR,ERR,ERR,ERR,ERR,ERR,ERR,0.0,-107615296.0,-134474944.0,0.0,0.0,1.3936040501711995e+18,7.805,0.0,0,0,4,0,8422,0.0,45,0.0,0.0,0.0,0.0,0.0,0,0,0,0,0.0,0,0,0,0,0,0,0,0,0,0,0,0,0,0,0,0,0,0,0,0,0,0,0,0,0,0,0,0,0,0,0,0,0,38,14,7,45,65476,0,300,0,0,8,21553,0.0,-107605600.0,0.0,0.0,0.0,0.0,0.0,0.0,0.0,0.0,0.0,0.0,0.0,0.0,0.0,0.0,0.0,0.0,0.0,0.0,0.0,0.0,0.0,0.0,-0.0,0.0,0.0,0.0,0.0,0.0,5050.0,-3.697186573429349e+19,0.0,0.0,-107615296.0,-107615280.0,2.718429300292151e+23,0.0,0.0,0.0,0.0,53,-0.0,0.0,0.0,0.0,0.0,0.0,0.0,0.0,0.0,0,0,0,0.0,0.0,0.0,0.0,0.0,0.0,0.0,0.0,0.0,0.0,0.0,0.0,0.0,0.0,0.0,0.0,0,-107875648.0,53,0.0,106,-107614832.0,0.0,ERR,ERR,ERR,ERR,ERR,ERR,ERR,ERR,ERR,ERR,ERR,ERR,ERR,ERR,ERR,ERR,ERR,ERR,ERR,ERR,ERR,ERR,ERR,ERR,ERR,ERR,ERR,ERR,ERR,ERR,ERR,ERR,ERR,ERR,ERR,ERR,ERR,ERR,ERR,ERR,ERR,ERR,ERR,ERR,ERR,ERR,ERR,ERR,ERR,ERR,ERR,ERR,ERR,ERR,ERR,ERR,ERR,ERR,ERR,ERR,ERR,ERR,ERR,ERR,ERR,ERR,ERR,50.0,60.0,100,0.0,0.0,0.0,0.0,0.0,0.0,0.0,0.0,0.0,0.0,0.0,0.0,0.0,0.0,0.0,0.0,62.0,74,13,65512,50,65476,0,300,0,0,8,20529,65476,0,0,26214,60.0,0.0,0.0,0.0,0.0,0.0
2026-05-17T18:18:41,ERR,ERR,ERR,ERR,ERR,ERR,ERR,ERR,ERR,ERR,ERR,ERR,ERR,ERR,ERR,ERR,ERR,ERR,ERR,ERR,ERR,ERR,ERR,ERR,ERR,ERR,ERR,ERR,ERR,ERR,ERR,ERR,ERR,ERR,ERR,ERR,ERR,ERR,ERR,ERR,ERR,ERR,ERR,ERR,ERR,ERR,ERR,ERR,ERR,ERR,ERR,ERR,ERR,ERR,ERR,ERR,ERR,ERR,ERR,ERR,ERR,ERR,ERR,ERR,ERR,ERR,ERR,ERR,ERR,ERR,ERR,ERR,ERR,ERR,ERR,ERR,ERR,ERR,ERR,ERR,ERR,ERR,ERR,ERR,ERR,ERR,ERR,ERR,ERR,ERR,ERR,ERR,ERR,ERR,ERR,ERR,ERR,ERR,ERR,ERR,ERR,ERR,ERR,ERR,ERR,ERR,ERR,ERR,ERR,ERR,ERR,ERR,ERR,ERR,ERR,ERR,ERR,ERR,ERR,ERR,ERR,ERR,ERR,ERR,ERR,0.0,-107615296.0,-134474944.0,0.0,0.0,1.3936040501711995e+18,7.805,0.0,0,0,4,0,8422,0.0,45,0.0,0.0,0.0,0.0,0.0,0,0,0,0,0.0,0,0,0,0,0,0,0,0,0,0,0,0,0,0,0,0,0,0,0,0,0,0,0,0,0,0,0,0,0,0,0,0,0,38,14,7,45,65476,0,300,0,0,8,21553,0.0,-107605600.0,0.0,0.0,0.0,0.0,0.0,0.0,0.0,0.0,0.0,0.0,0.0,0.0,0.0,0.0,0.0,0.0,0.0,0.0,0.0,0.0,0.0,0.0,-0.0,0.0,0.0,0.0,0.0,0.0,5022.0,-3.697186133624698e+19,0.0,0.0,-107615296.0,-107615280.0,2.718429300292151e+23,0.0,0.0,0.0,0.0,53,-0.0,-107614784.0,0.0,0.0,0.0,0.0,0.0,0.0,0.0,0,0,0,0.0,0.0,0.0,0.0,0.0,0.0,0.0,0.0,0.0,0.0,0.0,0.0,0.0,0.0,0.0,0.0,0,-107875648.0,53,0.0,106,-107614832.0,0.0,ERR,ERR,ERR,ERR,ERR,ERR,ERR,ERR,ERR,ERR,ERR,ERR,ERR,ERR,ERR,ERR,ERR,ERR,ERR,ERR,ERR,ERR,ERR,ERR,ERR,ERR,ERR,ERR,ERR,ERR,ERR,ERR,ERR,ERR,ERR,ERR,ERR,ERR,ERR,ERR,ERR,ERR,ERR,ERR,ERR,ERR,ERR,ERR,ERR,ERR,ERR,ERR,ERR,ERR,ERR,ERR,ERR,ERR,ERR,ERR,ERR,ERR,ERR,ERR,ERR,ERR,ERR,50.0,60.0,100,0.0,0.0,0.0,0.0,0.0,0.0,0.0,0.0,0.0,0.0,0.0,0.0,0.0,0.0,0.0,0.0,62.0,74,13,65512,50,65476,0,300,0,0,8,20529,65476,0,0,26214,60.0,0.0,0.0,0.0,0.0,0.0
2026-05-17T18:18:42,ERR,ERR,ERR,ERR,ERR,ERR,ERR,ERR,ERR,ERR,ERR,ERR,ERR,ERR,ERR,ERR,ERR,ERR,ERR,ERR,ERR,ERR,ERR,ERR,ERR,ERR,ERR,ERR,ERR,ERR,ERR,ERR,ERR,ERR,ERR,ERR,ERR,ERR,ERR,ERR,ERR,ERR,ERR,ERR,ERR,ERR,ERR,ERR,ERR,ERR,ERR,ERR,ERR,ERR,ERR,ERR,ERR,ERR,ERR,ERR,ERR,ERR,ERR,ERR,ERR,ERR,ERR,ERR,ERR,ERR,ERR,ERR,ERR,ERR,ERR,ERR,ERR,ERR,ERR,ERR,ERR,ERR,ERR,ERR,ERR,ERR,ERR,ERR,ERR,ERR,ERR,ERR,ERR,ERR,ERR,ERR,ERR,ERR,ERR,ERR,ERR,ERR,ERR,ERR,ERR,ERR,ERR,ERR,ERR,ERR,ERR,ERR,ERR,ERR,ERR,ERR,ERR,ERR,ERR,ERR,ERR,ERR,ERR,ERR,ERR,0.0,-107615296.0,-134474944.0,0.0,0.0,1.3936040501711995e+18,7.805,0.0,0,0,4,0,8422,0.0,45,0.0,0.0,0.0,0.0,0.0,0,0,0,0,0.0,0,0,0,0,0,0,0,0,0,0,0,0,0,0,0,0,0,0,0,0,0,0,0,0,0,0,0,0,0,0,0,0,0,38,14,7,45,65476,0,300,0,0,8,21553,0.0,-107605600.0,0.0,0.0,0.0,0.0,0.0,0.0,0.0,0.0,0.0,0.0,0.0,0.0,0.0,0.0,0.0,0.0,0.0,0.0,0.0,0.0,0.0,0.0,-0.0,0.0,0.0,0.0,0.0,0.0,5022.0,-3.697186133624698e+19,0.0,0.0,-107615296.0,-107615280.0,2.718429300292151e+23,0.0,0.0,0.0,0.0,53,-0.0,-107614784.0,0.0,0.0,0.0,0.0,0.0,0.0,0.0,0,0,0,0.0,0.0,0.0,0.0,0.0,0.0,0.0,0.0,0.0,0.0,0.0,0.0,0.0,0.0,0.0,0.0,0,-107875648.0,53,0.0,106,-107614832.0,0.0,ERR,ERR,ERR,ERR,ERR,ERR,ERR,ERR,ERR,ERR,ERR,ERR,ERR,ERR,ERR,ERR,ERR,ERR,ERR,ERR,ERR,ERR,ERR,ERR,ERR,ERR,ERR,ERR,ERR,ERR,ERR,ERR,ERR,ERR,ERR,ERR,ERR,ERR,ERR,ERR,ERR,ERR,ERR,ERR,ERR,ERR,ERR,ERR,ERR,ERR,ERR,ERR,ERR,ERR,ERR,ERR,ERR,ERR,ERR,ERR,ERR,ERR,ERR,ERR,ERR,ERR,ERR,50.0,60.0,100,0.0,0.0,0.0,0.0,0.0,0.0,0.0,0.0,0.0,0.0,0.0,0.0,0.0,0.0,0.0,0.0,61.6,74,13,65512,50,65476,0,300,0,0,8,20529,65476,0,0,26214,60.0,0.0,0.0,0.0,0.0,0.0
2026-05-17T18:18:43,ERR,ERR,ERR,ERR,ERR,ERR,ERR,ERR,ERR,ERR,ERR,ERR,ERR,ERR,ERR,ERR,ERR,ERR,ERR,ERR,ERR,ERR,ERR,ERR,ERR,ERR,ERR,ERR,ERR,ERR,ERR,ERR,ERR,ERR,ERR,ERR,ERR,ERR,ERR,ERR,ERR,ERR,ERR,ERR,ERR,ERR,ERR,ERR,ERR,ERR,ERR,ERR,ERR,ERR,ERR,ERR,ERR,ERR,ERR,ERR,ERR,ERR,ERR,ERR,ERR,ERR,ERR,ERR,ERR,ERR,ERR,ERR,ERR,ERR,ERR,ERR,ERR,ERR,ERR,ERR,ERR,ERR,ERR,ERR,ERR,ERR,ERR,ERR,ERR,ERR,ERR,ERR,ERR,ERR,ERR,ERR,ERR,ERR,ERR,ERR,ERR,ERR,ERR,ERR,ERR,ERR,ERR,ERR,ERR,ERR,ERR,ERR,ERR,ERR,ERR,ERR,ERR,ERR,ERR,ERR,ERR,ERR,ERR,ERR,ERR,0.0,-107615296.0,-134474944.0,0.0,0.0,1.3936040501711995e+18,7.805,0.0,0,0,4,0,8422,0.0,45,0.0,0.0,0.0,0.0,0.0,0,0,0,0,0.0,0,0,0,0,0,0,0,0,0,0,0,0,0,0,0,0,0,0,0,0,0,0,0,0,0,0,0,0,0,0,0,0,0,38,14,7,45,65476,0,300,0,0,8,21553,0.0,-107605600.0,0.0,0.0,0.0,0.0,0.0,0.0,0.0,0.0,0.0,0.0,0.0,0.0,0.0,0.0,0.0,0.0,0.0,0.0,0.0,0.0,0.0,0.0,-0.0,0.0,0.0,0.0,0.0,0.0,5022.0,-3.697186133624698e+19,0.0,0.0,-107615296.0,-107615280.0,2.718429300292151e+23,0.0,0.0,0.0,0.0,53,-0.0,-107614784.0,0.0,0.0,0.0,0.0,0.0,0.0,0.0,0,0,0,0.0,0.0,0.0,0.0,0.0,0.0,0.0,0.0,0.0,0.0,0.0,0.0,0.0,0.0,0.0,0.0,0,-107875648.0,53,0.0,106,-107614832.0,0.0,ERR,ERR,ERR,ERR,ERR,ERR,ERR,ERR,ERR,ERR,ERR,ERR,ERR,ERR,ERR,ERR,ERR,ERR,ERR,ERR,ERR,ERR,ERR,ERR,ERR,ERR,ERR,ERR,ERR,ERR,ERR,ERR,ERR,ERR,ERR,ERR,ERR,ERR,ERR,ERR,ERR,ERR,ERR,ERR,ERR,ERR,ERR,ERR,ERR,ERR,ERR,ERR,ERR,ERR,ERR,ERR,ERR,ERR,ERR,ERR,ERR,ERR,ERR,ERR,ERR,ERR,ERR,50.0,60.0,100,0.0,0.0,0.0,0.0,0.0,0.0,0.0,0.0,0.0,0.0,0.0,0.0,0.0,0.0,0.0,0.0,61.6,74,13,65512,50,65476,0,300,0,0,8,20529,65476,0,0,26214,60.0,0.0,0.0,0.0,0.0,0.0
2026-05-17T18:18:44,ERR,ERR,ERR,ERR,ERR,ERR,ERR,ERR,ERR,ERR,ERR,ERR,ERR,ERR,ERR,ERR,ERR,ERR,ERR,ERR,ERR,ERR,ERR,ERR,ERR,ERR,ERR,ERR,ERR,ERR,ERR,ERR,ERR,ERR,ERR,ERR,ERR,ERR,ERR,ERR,ERR,ERR,ERR,ERR,ERR,ERR,ERR,ERR,ERR,ERR,ERR,ERR,ERR,ERR,ERR,ERR,ERR,ERR,ERR,ERR,ERR,ERR,ERR,ERR,ERR,ERR,ERR,ERR,ERR,ERR,ERR,ERR,ERR,ERR,ERR,ERR,ERR,ERR,ERR,ERR,ERR,ERR,ERR,ERR,ERR,ERR,ERR,ERR,ERR,ERR,ERR,ERR,ERR,ERR,ERR,ERR,ERR,ERR,ERR,ERR,ERR,ERR,ERR,ERR,ERR,ERR,ERR,ERR,ERR,ERR,ERR,ERR,ERR,ERR,ERR,ERR,ERR,ERR,ERR,ERR,ERR,ERR,ERR,ERR,ERR,0.0,-107615296.0,-134474944.0,0.0,0.0,1.3936040501711995e+18,7.805,0.0,0,0,4,0,8422,0.0,45,0.0,0.0,0.0,0.0,0.0,0,0,0,0,0.0,0,0,0,0,0,0,0,0,0,0,0,0,0,0,0,0,0,0,0,0,0,0,0,0,0,0,0,0,0,0,0,0,0,38,14,7,45,65476,0,300,0,0,8,21553,0.0,-107605600.0,0.0,0.0,0.0,0.0,0.0,0.0,0.0,0.0,0.0,0.0,0.0,0.0,0.0,0.0,0.0,0.0,0.0,0.0,0.0,0.0,0.0,0.0,-0.0,0.0,0.0,0.0,0.0,0.0,5022.0,-3.697186133624698e+19,0.0,0.0,-107615296.0,-107615280.0,2.718429300292151e+23,0.0,0.0,0.0,0.0,53,-0.0,-107614784.0,0.0,0.0,0.0,0.0,0.0,0.0,0.0,0,0,0,0.0,0.0,0.0,0.0,0.0,0.0,0.0,0.0,0.0,0.0,0.0,0.0,0.0,0.0,0.0,0.0,0,-107875648.0,53,0.0,106,-107614832.0,0.0,ERR,ERR,ERR,ERR,ERR,ERR,ERR,ERR,ERR,ERR,ERR,ERR,ERR,ERR,ERR,ERR,ERR,ERR,ERR,ERR,ERR,ERR,ERR,ERR,ERR,ERR,ERR,ERR,ERR,ERR,ERR,ERR,ERR,ERR,ERR,ERR,ERR,ERR,ERR,ERR,ERR,ERR,ERR,ERR,ERR,ERR,ERR,ERR,ERR,ERR,ERR,ERR,ERR,ERR,ERR,ERR,ERR,ERR,ERR,ERR,ERR,ERR,ERR,ERR,ERR,ERR,ERR,50.0,60.0,100,0.0,0.0,0.0,0.0,0.0,0.0,0.0,0.0,0.0,0.0,0.0,0.0,0.0,0.0,0.0,0.0,61.6,74,13,65512,50,65476,0,300,0,0,8,20529,65476,0,0,26214,60.0,0.0,0.0,0.0,0.0,0.0
2026-05-17T18:18:45,ERR,ERR,ERR,ERR,ERR,ERR,ERR,ERR,ERR,ERR,ERR,ERR,ERR,ERR,ERR,ERR,ERR,ERR,ERR,ERR,ERR,ERR,ERR,ERR,ERR,ERR,ERR,ERR,ERR,ERR,ERR,ERR,ERR,ERR,ERR,ERR,ERR,ERR,ERR,ERR,ERR,ERR,ERR,ERR,ERR,ERR,ERR,ERR,ERR,ERR,ERR,ERR,ERR,ERR,ERR,ERR,ERR,ERR,ERR,ERR,ERR,ERR,ERR,ERR,ERR,ERR,ERR,ERR,ERR,ERR,ERR,ERR,ERR,ERR,ERR,ERR,ERR,ERR,ERR,ERR,ERR,ERR,ERR,ERR,ERR,ERR,ERR,ERR,ERR,ERR,ERR,ERR,ERR,ERR,ERR,ERR,ERR,ERR,ERR,ERR,ERR,ERR,ERR,ERR,ERR,ERR,ERR,ERR,ERR,ERR,ERR,ERR,ERR,ERR,ERR,ERR,ERR,ERR,ERR,ERR,ERR,ERR,ERR,ERR,ERR,0.0,-107615296.0,-134474944.0,0.0,0.0,1.3936040501711995e+18,7.805,0.0,0,0,4,0,8422,0.0,45,0.0,0.0,0.0,0.0,0.0,0,0,0,0,0.0,0,0,0,0,0,0,0,0,0,0,0,0,0,0,0,0,0,0,0,0,0,0,0,0,0,0,0,0,0,0,0,0,0,38,14,7,45,65476,0,300,0,0,8,21553,0.0,-107605600.0,0.0,0.0,0.0,0.0,0.0,0.0,0.0,0.0,0.0,0.0,0.0,0.0,0.0,0.0,0.0,0.0,0.0,0.0,0.0,0.0,0.0,0.0,-0.0,0.0,0.0,0.0,0.0,0.0,5022.0,-3.697186133624698e+19,0.0,0.0,-107615296.0,-107615280.0,2.718429300292151e+23,0.0,0.0,0.0,0.0,53,-0.0,-107614784.0,0.0,0.0,0.0,0.0,0.0,0.0,0.0,0,0,0,0.0,0.0,0.0,0.0,0.0,0.0,0.0,0.0,0.0,0.0,0.0,0.0,0.0,0.0,0.0,0.0,0,-107875648.0,53,0.0,106,-107614832.0,0.0,ERR,ERR,ERR,ERR,ERR,ERR,ERR,ERR,ERR,ERR,ERR,ERR,ERR,ERR,ERR,ERR,ERR,ERR,ERR,ERR,ERR,ERR,ERR,ERR,ERR,ERR,ERR,ERR,ERR,ERR,ERR,ERR,ERR,ERR,ERR,ERR,ERR,ERR,ERR,ERR,ERR,ERR,ERR,ERR,ERR,ERR,ERR,ERR,ERR,ERR,ERR,ERR,ERR,ERR,ERR,ERR,ERR,ERR,ERR,ERR,ERR,ERR,ERR,ERR,ERR,ERR,ERR,50.0,60.0,100,0.0,0.0,0.0,0.0,0.0,0.0,0.0,0.0,0.0,0.0,0.0,0.0,0.0,0.0,0.0,0.0,61.6,74,13,65512,50,65476,0,300,0,0,8,20529,65476,0,0,26214,60.0,0.0,0.0,0.0,0.0,0.0
2026-05-17T18:18:46,ERR,ERR,ERR,ERR,ERR,ERR,ERR,ERR,ERR,ERR,ERR,ERR,ERR,ERR,ERR,ERR,ERR,ERR,ERR,ERR,ERR,ERR,ERR,ERR,ERR,ERR,ERR,ERR,ERR,ERR,ERR,ERR,ERR,ERR,ERR,ERR,ERR,ERR,ERR,ERR,ERR,ERR,ERR,ERR,ERR,ERR,ERR,ERR,ERR,ERR,ERR,ERR,ERR,ERR,ERR,ERR,ERR,ERR,ERR,ERR,ERR,ERR,ERR,ERR,ERR,ERR,ERR,ERR,ERR,ERR,ERR,ERR,ERR,ERR,ERR,ERR,ERR,ERR,ERR,ERR,ERR,ERR,ERR,ERR,ERR,ERR,ERR,ERR,ERR,ERR,ERR,ERR,ERR,ERR,ERR,ERR,ERR,ERR,ERR,ERR,ERR,ERR,ERR,ERR,ERR,ERR,ERR,ERR,ERR,ERR,ERR,ERR,ERR,ERR,ERR,ERR,ERR,ERR,ERR,ERR,ERR,ERR,ERR,ERR,ERR,0.0,-107615296.0,-134474944.0,0.0,0.0,1.3936040501711995e+18,7.805,0.0,0,0,4,0,8422,0.0,45,0.0,0.0,0.0,0.0,0.0,0,0,0,0,0.0,0,0,0,0,0,0,0,0,0,0,0,0,0,0,0,0,0,0,0,0,0,0,0,0,0,0,0,0,0,0,0,0,0,38,14,7,45,65476,0,300,0,0,8,21553,0.0,-107605600.0,0.0,0.0,0.0,0.0,0.0,0.0,0.0,0.0,0.0,0.0,0.0,0.0,0.0,0.0,0.0,0.0,0.0,0.0,0.0,0.0,0.0,0.0,-0.0,0.0,0.0,0.0,0.0,0.0,5055.0,0.0,0.0,0.0,-107615296.0,-107615280.0,2.718429300292151e+23,0.0,0.0,0.0,0.0,53,-0.0,0.0,0.0,0.0,0.0,0.0,0.0,0.0,0.0,0,0,0,0.0,0.0,0.0,0.0,0.0,0.0,0.0,0.0,0.0,0.0,0.0,0.0,0.0,0.0,0.0,0.0,0,-107875648.0,53,0.0,106,-107614832.0,0.0,ERR,ERR,ERR,ERR,ERR,ERR,ERR,ERR,ERR,ERR,ERR,ERR,ERR,ERR,ERR,ERR,ERR,ERR,ERR,ERR,ERR,ERR,ERR,ERR,ERR,ERR,ERR,ERR,ERR,ERR,ERR,ERR,ERR,ERR,ERR,ERR,ERR,ERR,ERR,ERR,ERR,ERR,ERR,ERR,ERR,ERR,ERR,ERR,ERR,ERR,ERR,ERR,ERR,ERR,ERR,ERR,ERR,ERR,ERR,ERR,ERR,ERR,ERR,ERR,ERR,ERR,ERR,50.0,60.0,100,0.0,0.0,0.0,0.0,0.0,0.0,0.0,0.0,0.0,0.0,0.0,0.0,0.0,0.0,0.0,0.0,61.6,74,13,65512,50,65476,0,300,0,0,8,20529,65476,0,0,26214,60.0,0.0,0.0,0.0,0.0,0.0
2026-05-17T18:18:47,ERR,ERR,ERR,ERR,ERR,ERR,ERR,ERR,ERR,ERR,ERR,ERR,ERR,ERR,ERR,ERR,ERR,ERR,ERR,ERR,ERR,ERR,ERR,ERR,ERR,ERR,ERR,ERR,ERR,ERR,ERR,ERR,ERR,ERR,ERR,ERR,ERR,ERR,ERR,ERR,ERR,ERR,ERR,ERR,ERR,ERR,ERR,ERR,ERR,ERR,ERR,ERR,ERR,ERR,ERR,ERR,ERR,ERR,ERR,ERR,ERR,ERR,ERR,ERR,ERR,ERR,ERR,ERR,ERR,ERR,ERR,ERR,ERR,ERR,ERR,ERR,ERR,ERR,ERR,ERR,ERR,ERR,ERR,ERR,ERR,ERR,ERR,ERR,ERR,ERR,ERR,ERR,ERR,ERR,ERR,ERR,ERR,ERR,ERR,ERR,ERR,ERR,ERR,ERR,ERR,ERR,ERR,ERR,ERR,ERR,ERR,ERR,ERR,ERR,ERR,ERR,ERR,ERR,ERR,ERR,ERR,ERR,ERR,ERR,ERR,0.0,-107615296.0,-134474944.0,0.0,0.0,1.3936040501711995e+18,7.805,0.0,0,0,4,0,8422,0.0,45,0.0,0.0,0.0,0.0,0.0,0,0,0,0,0.0,0,0,0,0,0,0,0,0,0,0,0,0,0,0,0,0,0,0,0,0,0,0,0,0,0,0,0,0,0,0,0,0,0,38,14,7,45,65476,0,300,0,0,8,21553,0.0,-107605600.0,0.0,0.0,0.0,0.0,0.0,0.0,0.0,0.0,0.0,0.0,0.0,0.0,0.0,0.0,0.0,0.0,0.0,0.0,0.0,0.0,0.0,0.0,-0.0,0.0,0.0,0.0,0.0,0.0,5055.0,0.0,0.0,0.0,-107615296.0,-107615280.0,2.718429300292151e+23,0.0,0.0,0.0,0.0,53,-0.0,0.0,0.0,0.0,0.0,0.0,0.0,0.0,0.0,0,0,0,0.0,0.0,0.0,0.0,0.0,0.0,0.0,0.0,0.0,0.0,0.0,0.0,0.0,0.0,0.0,0.0,0,-107875648.0,53,0.0,106,-107614832.0,0.0,ERR,ERR,ERR,ERR,ERR,ERR,ERR,ERR,ERR,ERR,ERR,ERR,ERR,ERR,ERR,ERR,ERR,ERR,ERR,ERR,ERR,ERR,ERR,ERR,ERR,ERR,ERR,ERR,ERR,ERR,ERR,ERR,ERR,ERR,ERR,ERR,ERR,ERR,ERR,ERR,ERR,ERR,ERR,ERR,ERR,ERR,ERR,ERR,ERR,ERR,ERR,ERR,ERR,ERR,ERR,ERR,ERR,ERR,ERR,ERR,ERR,ERR,ERR,ERR,ERR,ERR,ERR,50.0,60.0,100,0.0,0.0,0.0,0.0,0.0,0.0,0.0,0.0,0.0,0.0,0.0,0.0,0.0,0.0,0.0,0.0,61.6,74,13,65512,50,65476,0,300,0,0,8,20529,65476,0,0,26214,60.0,0.0,0.0,0.0,0.0,0.0
2026-05-17T18:18:48,ERR,ERR,ERR,ERR,ERR,ERR,ERR,ERR,ERR,ERR,ERR,ERR,ERR,ERR,ERR,ERR,ERR,ERR,ERR,ERR,ERR,ERR,ERR,ERR,ERR,ERR,ERR,ERR,ERR,ERR,ERR,ERR,ERR,ERR,ERR,ERR,ERR,ERR,ERR,ERR,ERR,ERR,ERR,ERR,ERR,ERR,ERR,ERR,ERR,ERR,ERR,ERR,ERR,ERR,ERR,ERR,ERR,ERR,ERR,ERR,ERR,ERR,ERR,ERR,ERR,ERR,ERR,ERR,ERR,ERR,ERR,ERR,ERR,ERR,ERR,ERR,ERR,ERR,ERR,ERR,ERR,ERR,ERR,ERR,ERR,ERR,ERR,ERR,ERR,ERR,ERR,ERR,ERR,ERR,ERR,ERR,ERR,ERR,ERR,ERR,ERR,ERR,ERR,ERR,ERR,ERR,ERR,ERR,ERR,ERR,ERR,ERR,ERR,ERR,ERR,ERR,ERR,ERR,ERR,ERR,ERR,ERR,ERR,ERR,ERR,0.0,-107615296.0,-134474944.0,0.0,0.0,1.3936040501711995e+18,7.805,0.0,0,0,4,0,8422,0.0,45,0.0,0.0,0.0,0.0,0.0,0,0,0,0,0.0,0,0,0,0,0,0,0,0,0,0,0,0,0,0,0,0,0,0,0,0,0,0,0,0,0,0,0,0,0,0,0,0,0,38,14,7,45,65476,0,300,0,0,8,21553,0.0,-107605600.0,0.0,0.0,0.0,0.0,0.0,0.0,0.0,0.0,0.0,0.0,0.0,0.0,0.0,0.0,0.0,0.0,0.0,0.0,0.0,0.0,0.0,0.0,-0.0,0.0,0.0,0.0,0.0,0.0,5055.0,0.0,0.0,0.0,-107615296.0,-107615280.0,2.718429300292151e+23,0.0,0.0,0.0,0.0,53,-0.0,0.0,0.0,0.0,0.0,0.0,0.0,0.0,0.0,0,0,0,0.0,0.0,0.0,0.0,0.0,0.0,0.0,0.0,0.0,0.0,0.0,0.0,0.0,0.0,0.0,0.0,0,-107875648.0,53,0.0,106,-107614832.0,0.0,ERR,ERR,ERR,ERR,ERR,ERR,ERR,ERR,ERR,ERR,ERR,ERR,ERR,ERR,ERR,ERR,ERR,ERR,ERR,ERR,ERR,ERR,ERR,ERR,ERR,ERR,ERR,ERR,ERR,ERR,ERR,ERR,ERR,ERR,ERR,ERR,ERR,ERR,ERR,ERR,ERR,ERR,ERR,ERR,ERR,ERR,ERR,ERR,ERR,ERR,ERR,ERR,ERR,ERR,ERR,ERR,ERR,ERR,ERR,ERR,ERR,ERR,ERR,ERR,ERR,ERR,ERR,50.0,60.0,100,0.0,0.0,0.0,0.0,0.0,0.0,0.0,0.0,0.0,0.0,0.0,0.0,0.0,0.0,0.0,0.0,61.6,74,13,65512,50,65476,0,300,0,0,8,20529,65476,0,0,26214,60.0,0.0,0.0,0.0,0.0,0.0
2026-05-17T18:18:49,ERR,ERR,ERR,ERR,ERR,ERR,ERR,ERR,ERR,ERR,ERR,ERR,ERR,ERR,ERR,ERR,ERR,ERR,ERR,ERR,ERR,ERR,ERR,ERR,ERR,ERR,ERR,ERR,ERR,ERR,ERR,ERR,ERR,ERR,ERR,ERR,ERR,ERR,ERR,ERR,ERR,ERR,ERR,ERR,ERR,ERR,ERR,ERR,ERR,ERR,ERR,ERR,ERR,ERR,ERR,ERR,ERR,ERR,ERR,ERR,ERR,ERR,ERR,ERR,ERR,ERR,ERR,ERR,ERR,ERR,ERR,ERR,ERR,ERR,ERR,ERR,ERR,ERR,ERR,ERR,ERR,ERR,ERR,ERR,ERR,ERR,ERR,ERR,ERR,ERR,ERR,ERR,ERR,ERR,ERR,ERR,ERR,ERR,ERR,ERR,ERR,ERR,ERR,ERR,ERR,ERR,ERR,ERR,ERR,ERR,ERR,ERR,ERR,ERR,ERR,ERR,ERR,ERR,ERR,ERR,ERR,ERR,ERR,ERR,ERR,0.0,-107615296.0,-134474944.0,0.0,0.0,1.3936040501711995e+18,7.805,0.0,0,0,4,0,8422,0.0,45,0.0,0.0,0.0,0.0,0.0,0,0,0,0,0.0,0,0,0,0,0,0,0,0,0,0,0,0,0,0,0,0,0,0,0,0,0,0,0,0,0,0,0,0,0,0,0,0,0,38,14,7,45,65476,0,300,0,0,8,21553,0.0,-107605600.0,0.0,0.0,0.0,0.0,0.0,0.0,0.0,0.0,0.0,0.0,0.0,0.0,0.0,0.0,0.0,0.0,0.0,0.0,0.0,0.0,0.0,0.0,-0.0,0.0,0.0,0.0,0.0,0.0,5055.0,0.0,0.0,0.0,-107615296.0,-107615280.0,2.718429300292151e+23,0.0,0.0,0.0,0.0,53,-0.0,0.0,0.0,0.0,0.0,0.0,0.0,0.0,0.0,0,0,0,0.0,0.0,0.0,0.0,0.0,0.0,0.0,0.0,0.0,0.0,0.0,0.0,0.0,0.0,0.0,0.0,0,-107875648.0,53,0.0,106,-107614832.0,0.0,ERR,ERR,ERR,ERR,ERR,ERR,ERR,ERR,ERR,ERR,ERR,ERR,ERR,ERR,ERR,ERR,ERR,ERR,ERR,ERR,ERR,ERR,ERR,ERR,ERR,ERR,ERR,ERR,ERR,ERR,ERR,ERR,ERR,ERR,ERR,ERR,ERR,ERR,ERR,ERR,ERR,ERR,ERR,ERR,ERR,ERR,ERR,ERR,ERR,ERR,ERR,ERR,ERR,ERR,ERR,ERR,ERR,ERR,ERR,ERR,ERR,ERR,ERR,ERR,ERR,ERR,ERR,50.0,60.0,100,0.0,0.0,0.0,0.0,0.0,0.0,0.0,0.0,0.0,0.0,0.0,0.0,0.0,0.0,0.0,0.0,62.0,74,13,65512,50,65476,0,300,0,0,8,20529,65476,0,0,26214,60.0,0.0,0.0,0.0,0.0,0.0
2026-05-17T18:18:50,ERR,ERR,ERR,ERR,ERR,ERR,ERR,ERR,ERR,ERR,ERR,ERR,ERR,ERR,ERR,ERR,ERR,ERR,ERR,ERR,ERR,ERR,ERR,ERR,ERR,ERR,ERR,ERR,ERR,ERR,ERR,ERR,ERR,ERR,ERR,ERR,ERR,ERR,ERR,ERR,ERR,ERR,ERR,ERR,ERR,ERR,ERR,ERR,ERR,ERR,ERR,ERR,ERR,ERR,ERR,ERR,ERR,ERR,ERR,ERR,ERR,ERR,ERR,ERR,ERR,ERR,ERR,ERR,ERR,ERR,ERR,ERR,ERR,ERR,ERR,ERR,ERR,ERR,ERR,ERR,ERR,ERR,ERR,ERR,ERR,ERR,ERR,ERR,ERR,ERR,ERR,ERR,ERR,ERR,ERR,ERR,ERR,ERR,ERR,ERR,ERR,ERR,ERR,ERR,ERR,ERR,ERR,ERR,ERR,ERR,ERR,ERR,ERR,ERR,ERR,ERR,ERR,ERR,ERR,ERR,ERR,ERR,ERR,ERR,ERR,0.0,-107615296.0,-134474944.0,0.0,0.0,1.3936040501711995e+18,7.805,0.0,0,0,4,0,8422,0.0,45,0.0,0.0,0.0,0.0,0.0,0,0,0,0,0.0,0,0,0,0,0,0,0,0,0,0,0,0,0,0,0,0,0,0,0,0,0,0,0,0,0,0,0,0,0,0,0,0,0,38,14,7,45,65476,0,300,0,0,8,21553,0.0,-107605600.0,0.0,0.0,0.0,0.0,0.0,0.0,0.0,0.0,0.0,0.0,0.0,0.0,0.0,0.0,0.0,0.0,0.0,0.0,0.0,0.0,0.0,0.0,-0.0,0.0,0.0,0.0,0.0,0.0,5055.0,0.0,0.0,0.0,-107615296.0,-107615280.0,2.718429300292151e+23,0.0,0.0,0.0,0.0,53,-0.0,0.0,0.0,0.0,0.0,0.0,0.0,0.0,0.0,0,0,0,0.0,0.0,0.0,0.0,0.0,0.0,0.0,0.0,0.0,0.0,0.0,0.0,0.0,0.0,0.0,0.0,0,-107875648.0,53,0.0,106,-107614832.0,0.0,ERR,ERR,ERR,ERR,ERR,ERR,ERR,ERR,ERR,ERR,ERR,ERR,ERR,ERR,ERR,ERR,ERR,ERR,ERR,ERR,ERR,ERR,ERR,ERR,ERR,ERR,ERR,ERR,ERR,ERR,ERR,ERR,ERR,ERR,ERR,ERR,ERR,ERR,ERR,ERR,ERR,ERR,ERR,ERR,ERR,ERR,ERR,ERR,ERR,ERR,ERR,ERR,ERR,ERR,ERR,ERR,ERR,ERR,ERR,ERR,ERR,ERR,ERR,ERR,ERR,ERR,ERR,50.0,60.0,100,0.0,0.0,0.0,0.0,0.0,0.0,0.0,0.0,0.0,0.0,0.0,0.0,0.0,0.0,0.0,0.0,62.0,74,13,65512,50,65476,0,300,0,0,8,20529,65476,0,0,26214,60.0,0.0,0.0,0.0,0.0,0.0
2026-05-17T18:18:51,ERR,ERR,ERR,ERR,ERR,ERR,ERR,ERR,ERR,ERR,ERR,ERR,ERR,ERR,ERR,ERR,ERR,ERR,ERR,ERR,ERR,ERR,ERR,ERR,ERR,ERR,ERR,ERR,ERR,ERR,ERR,ERR,ERR,ERR,ERR,ERR,ERR,ERR,ERR,ERR,ERR,ERR,ERR,ERR,ERR,ERR,ERR,ERR,ERR,ERR,ERR,ERR,ERR,ERR,ERR,ERR,ERR,ERR,ERR,ERR,ERR,ERR,ERR,ERR,ERR,ERR,ERR,ERR,ERR,ERR,ERR,ERR,ERR,ERR,ERR,ERR,ERR,ERR,ERR,ERR,ERR,ERR,ERR,ERR,ERR,ERR,ERR,ERR,ERR,ERR,ERR,ERR,ERR,ERR,ERR,ERR,ERR,ERR,ERR,ERR,ERR,ERR,ERR,ERR,ERR,ERR,ERR,ERR,ERR,ERR,ERR,ERR,ERR,ERR,ERR,ERR,ERR,ERR,ERR,ERR,ERR,ERR,ERR,ERR,ERR,0.0,-107615296.0,-134474944.0,0.0,0.0,1.3936040501711995e+18,7.805,0.0,0,0,4,0,8422,0.0,45,0.0,0.0,0.0,0.0,0.0,0,0,0,0,0.0,0,0,0,0,0,0,0,0,0,0,0,0,0,0,0,0,0,0,0,0,0,0,0,0,0,0,0,0,0,0,0,0,0,38,14,7,45,65476,0,300,0,0,8,21553,0.0,-107605600.0,0.0,0.0,0.0,0.0,0.0,0.0,0.0,0.0,0.0,0.0,0.0,0.0,0.0,0.0,0.0,0.0,0.0,0.0,0.0,0.0,0.0,0.0,-0.0,0.0,0.0,0.0,0.0,0.0,5054.0,564145900486656.0,0.0,0.0,-107615296.0,-107615280.0,2.718429300292151e+23,0.0,0.0,0.0,0.0,53,-0.0,2.71841759093312e+23,0.0,0.0,0.0,0.0,0.0,0.0,0.0,0,0,0,0.0,0.0,0.0,0.0,0.0,0.0,0.0,0.0,0.0,0.0,0.0,0.0,0.0,0.0,0.0,0.0,0,-107875648.0,53,0.0,106,-107614832.0,0.0,ERR,ERR,ERR,ERR,ERR,ERR,ERR,ERR,ERR,ERR,ERR,ERR,ERR,ERR,ERR,ERR,ERR,ERR,ERR,ERR,ERR,ERR,ERR,ERR,ERR,ERR,ERR,ERR,ERR,ERR,ERR,ERR,ERR,ERR,ERR,ERR,ERR,ERR,ERR,ERR,ERR,ERR,ERR,ERR,ERR,ERR,ERR,ERR,ERR,ERR,ERR,ERR,ERR,ERR,ERR,ERR,ERR,ERR,ERR,ERR,ERR,ERR,ERR,ERR,ERR,ERR,ERR,50.0,60.0,100,0.0,0.0,0.0,0.0,0.0,0.0,0.0,0.0,0.0,0.0,0.0,0.0,0.0,0.0,0.0,0.0,62.0,74,13,65512,50,65476,0,300,0,0,8,20529,65476,0,0,26214,60.0,0.0,0.0,0.0,0.0,0.0
2026-05-17T18:18:52,ERR,ERR,ERR,ERR,ERR,ERR,ERR,ERR,ERR,ERR,ERR,ERR,ERR,ERR,ERR,ERR,ERR,ERR,ERR,ERR,ERR,ERR,ERR,ERR,ERR,ERR,ERR,ERR,ERR,ERR,ERR,ERR,ERR,ERR,ERR,ERR,ERR,ERR,ERR,ERR,ERR,ERR,ERR,ERR,ERR,ERR,ERR,ERR,ERR,ERR,ERR,ERR,ERR,ERR,ERR,ERR,ERR,ERR,ERR,ERR,ERR,ERR,ERR,ERR,ERR,ERR,ERR,ERR,ERR,ERR,ERR,ERR,ERR,ERR,ERR,ERR,ERR,ERR,ERR,ERR,ERR,ERR,ERR,ERR,ERR,ERR,ERR,ERR,ERR,ERR,ERR,ERR,ERR,ERR,ERR,ERR,ERR,ERR,ERR,ERR,ERR,ERR,ERR,ERR,ERR,ERR,ERR,ERR,ERR,ERR,ERR,ERR,ERR,ERR,ERR,ERR,ERR,ERR,ERR,ERR,ERR,ERR,ERR,ERR,ERR,0.0,-107615296.0,-134474944.0,0.0,0.0,1.3936040501711995e+18,7.805,0.0,0,0,4,0,8422,0.0,45,0.0,0.0,0.0,0.0,0.0,0,0,0,0,0.0,0,0,0,0,0,0,0,0,0,0,0,0,0,0,0,0,0,0,0,0,0,0,0,0,0,0,0,0,0,0,0,0,0,38,14,7,45,65476,0,300,0,0,8,21553,0.0,-107605600.0,0.0,0.0,0.0,0.0,0.0,0.0,0.0,0.0,0.0,0.0,0.0,0.0,0.0,0.0,0.0,0.0,0.0,0.0,0.0,0.0,0.0,0.0,-0.0,0.0,0.0,0.0,0.0,0.0,5054.0,564145900486656.0,0.0,0.0,-107615296.0,-107615280.0,2.718429300292151e+23,0.0,0.0,0.0,0.0,53,-0.0,2.71841759093312e+23,0.0,0.0,0.0,0.0,0.0,0.0,0.0,0,0,0,0.0,0.0,0.0,0.0,0.0,0.0,0.0,0.0,0.0,0.0,0.0,0.0,0.0,0.0,0.0,0.0,0,-107875648.0,53,0.0,106,-107614832.0,0.0,ERR,ERR,ERR,ERR,ERR,ERR,ERR,ERR,ERR,ERR,ERR,ERR,ERR,ERR,ERR,ERR,ERR,ERR,ERR,ERR,ERR,ERR,ERR,ERR,ERR,ERR,ERR,ERR,ERR,ERR,ERR,ERR,ERR,ERR,ERR,ERR,ERR,ERR,ERR,ERR,ERR,ERR,ERR,ERR,ERR,ERR,ERR,ERR,ERR,ERR,ERR,ERR,ERR,ERR,ERR,ERR,ERR,ERR,ERR,ERR,ERR,ERR,ERR,ERR,ERR,ERR,ERR,50.0,60.0,100,0.0,0.0,0.0,0.0,0.0,0.0,0.0,0.0,0.0,0.0,0.0,0.0,0.0,0.0,0.0,0.0,61.6,74,13,65512,50,65476,0,300,0,0,8,20529,65476,0,0,26214,60.0,0.0,0.0,0.0,0.0,0.0
2026-05-17T18:18:53,ERR,ERR,ERR,ERR,ERR,ERR,ERR,ERR,ERR,ERR,ERR,ERR,ERR,ERR,ERR,ERR,ERR,ERR,ERR,ERR,ERR,ERR,ERR,ERR,ERR,ERR,ERR,ERR,ERR,ERR,ERR,ERR,ERR,ERR,ERR,ERR,ERR,ERR,ERR,ERR,ERR,ERR,ERR,ERR,ERR,ERR,ERR,ERR,ERR,ERR,ERR,ERR,ERR,ERR,ERR,ERR,ERR,ERR,ERR,ERR,ERR,ERR,ERR,ERR,ERR,ERR,ERR,ERR,ERR,ERR,ERR,ERR,ERR,ERR,ERR,ERR,ERR,ERR,ERR,ERR,ERR,ERR,ERR,ERR,ERR,ERR,ERR,ERR,ERR,ERR,ERR,ERR,ERR,ERR,ERR,ERR,ERR,ERR,ERR,ERR,ERR,ERR,ERR,ERR,ERR,ERR,ERR,ERR,ERR,ERR,ERR,ERR,ERR,ERR,ERR,ERR,ERR,ERR,ERR,ERR,ERR,ERR,ERR,ERR,ERR,0.0,-107615296.0,-134474944.0,0.0,0.0,1.3936040501711995e+18,7.805,0.0,0,0,4,0,8422,0.0,45,0.0,0.0,0.0,0.0,0.0,0,0,0,0,0.0,0,0,0,0,0,0,0,0,0,0,0,0,0,0,0,0,0,0,0,0,0,0,0,0,0,0,0,0,0,0,0,0,0,38,14,7,45,65476,0,300,0,0,8,21553,0.0,-107605600.0,0.0,0.0,0.0,0.0,0.0,0.0,0.0,0.0,0.0,0.0,0.0,0.0,0.0,0.0,0.0,0.0,0.0,0.0,0.0,0.0,0.0,0.0,-0.0,0.0,0.0,0.0,0.0,0.0,5054.0,564145900486656.0,0.0,0.0,-107615296.0,-107615280.0,2.718429300292151e+23,0.0,0.0,0.0,0.0,53,-0.0,2.71841759093312e+23,0.0,0.0,0.0,0.0,0.0,0.0,0.0,0,0,0,0.0,0.0,0.0,0.0,0.0,0.0,0.0,0.0,0.0,0.0,0.0,0.0,0.0,0.0,0.0,0.0,0,-107875648.0,53,0.0,106,-107614832.0,0.0,ERR,ERR,ERR,ERR,ERR,ERR,ERR,ERR,ERR,ERR,ERR,ERR,ERR,ERR,ERR,ERR,ERR,ERR,ERR,ERR,ERR,ERR,ERR,ERR,ERR,ERR,ERR,ERR,ERR,ERR,ERR,ERR,ERR,ERR,ERR,ERR,ERR,ERR,ERR,ERR,ERR,ERR,ERR,ERR,ERR,ERR,ERR,ERR,ERR,ERR,ERR,ERR,ERR,ERR,ERR,ERR,ERR,ERR,ERR,ERR,ERR,ERR,ERR,ERR,ERR,ERR,ERR,50.0,60.0,100,0.0,0.0,0.0,0.0,0.0,0.0,0.0,0.0,0.0,0.0,0.0,0.0,0.0,0.0,0.0,0.0,61.6,74,13,65512,50,65476,0,300,0,0,8,20529,65476,0,0,26214,60.0,0.0,0.0,0.0,0.0,0.0
2026-05-17T18:18:54,ERR,ERR,ERR,ERR,ERR,ERR,ERR,ERR,ERR,ERR,ERR,ERR,ERR,ERR,ERR,ERR,ERR,ERR,ERR,ERR,ERR,ERR,ERR,ERR,ERR,ERR,ERR,ERR,ERR,ERR,ERR,ERR,ERR,ERR,ERR,ERR,ERR,ERR,ERR,ERR,ERR,ERR,ERR,ERR,ERR,ERR,ERR,ERR,ERR,ERR,ERR,ERR,ERR,ERR,ERR,ERR,ERR,ERR,ERR,ERR,ERR,ERR,ERR,ERR,ERR,ERR,ERR,ERR,ERR,ERR,ERR,ERR,ERR,ERR,ERR,ERR,ERR,ERR,ERR,ERR,ERR,ERR,ERR,ERR,ERR,ERR,ERR,ERR,ERR,ERR,ERR,ERR,ERR,ERR,ERR,ERR,ERR,ERR,ERR,ERR,ERR,ERR,ERR,ERR,ERR,ERR,ERR,ERR,ERR,ERR,ERR,ERR,ERR,ERR,ERR,ERR,ERR,ERR,ERR,ERR,ERR,ERR,ERR,ERR,ERR,0.0,-107615296.0,-134474944.0,0.0,0.0,1.3936040501711995e+18,7.805,0.0,0,0,4,0,8422,0.0,45,0.0,0.0,0.0,0.0,0.0,0,0,0,0,0.0,0,0,0,0,0,0,0,0,0,0,0,0,0,0,0,0,0,0,0,0,0,0,0,0,0,0,0,0,0,0,0,0,0,38,14,7,45,65476,0,300,0,0,8,21553,0.0,-107605600.0,0.0,0.0,0.0,0.0,0.0,0.0,0.0,0.0,0.0,0.0,0.0,0.0,0.0,0.0,0.0,0.0,0.0,0.0,0.0,0.0,0.0,0.0,-0.0,0.0,0.0,0.0,0.0,0.0,5054.0,564145900486656.0,0.0,0.0,-107615296.0,-107615280.0,2.718429300292151e+23,0.0,0.0,0.0,0.0,53,-0.0,2.71841759093312e+23,0.0,0.0,0.0,0.0,0.0,0.0,0.0,0,0,0,0.0,0.0,0.0,0.0,0.0,0.0,0.0,0.0,0.0,0.0,0.0,0.0,0.0,0.0,0.0,0.0,0,-107875648.0,53,0.0,106,-107614832.0,0.0,ERR,ERR,ERR,ERR,ERR,ERR,ERR,ERR,ERR,ERR,ERR,ERR,ERR,ERR,ERR,ERR,ERR,ERR,ERR,ERR,ERR,ERR,ERR,ERR,ERR,ERR,ERR,ERR,ERR,ERR,ERR,ERR,ERR,ERR,ERR,ERR,ERR,ERR,ERR,ERR,ERR,ERR,ERR,ERR,ERR,ERR,ERR,ERR,ERR,ERR,ERR,ERR,ERR,ERR,ERR,ERR,ERR,ERR,ERR,ERR,ERR,ERR,ERR,ERR,ERR,ERR,ERR,50.0,60.0,100,0.0,0.0,0.0,0.0,0.0,0.0,0.0,0.0,0.0,0.0,0.0,0.0,0.0,0.0,0.0,0.0,61.6,74,13,65512,50,65476,0,300,0,0,8,20529,65476,0,0,26214,60.0,0.0,0.0,0.0,0.0,0.0
2026-05-17T18:18:55,ERR,ERR,ERR,ERR,ERR,ERR,ERR,ERR,ERR,ERR,ERR,ERR,ERR,ERR,ERR,ERR,ERR,ERR,ERR,ERR,ERR,ERR,ERR,ERR,ERR,ERR,ERR,ERR,ERR,ERR,ERR,ERR,ERR,ERR,ERR,ERR,ERR,ERR,ERR,ERR,ERR,ERR,ERR,ERR,ERR,ERR,ERR,ERR,ERR,ERR,ERR,ERR,ERR,ERR,ERR,ERR,ERR,ERR,ERR,ERR,ERR,ERR,ERR,ERR,ERR,ERR,ERR,ERR,ERR,ERR,ERR,ERR,ERR,ERR,ERR,ERR,ERR,ERR,ERR,ERR,ERR,ERR,ERR,ERR,ERR,ERR,ERR,ERR,ERR,ERR,ERR,ERR,ERR,ERR,ERR,ERR,ERR,ERR,ERR,ERR,ERR,ERR,ERR,ERR,ERR,ERR,ERR,ERR,ERR,ERR,ERR,ERR,ERR,ERR,ERR,ERR,ERR,ERR,ERR,ERR,ERR,ERR,ERR,ERR,ERR,0.0,-107615296.0,-134474944.0,0.0,0.0,1.3936040501711995e+18,7.805,0.0,0,0,4,0,8422,0.0,45,0.0,0.0,0.0,0.0,0.0,0,0,0,0,0.0,0,0,0,0,0,0,0,0,0,0,0,0,0,0,0,0,0,0,0,0,0,0,0,0,0,0,0,0,0,0,0,0,0,38,14,7,45,65476,0,300,0,0,8,21553,0.0,-107605600.0,0.0,0.0,0.0,0.0,0.0,0.0,0.0,0.0,0.0,0.0,0.0,0.0,0.0,0.0,0.0,0.0,0.0,0.0,0.0,0.0,0.0,0.0,-0.0,0.0,0.0,0.0,0.0,0.0,5054.0,564145900486656.0,0.0,0.0,-107615296.0,-107615280.0,2.718429300292151e+23,0.0,0.0,0.0,0.0,53,-0.0,2.71841759093312e+23,0.0,0.0,0.0,0.0,0.0,0.0,0.0,0,0,0,0.0,0.0,0.0,0.0,0.0,0.0,0.0,0.0,0.0,0.0,0.0,0.0,0.0,0.0,0.0,0.0,0,-107875648.0,53,0.0,106,-107614832.0,0.0,ERR,ERR,ERR,ERR,ERR,ERR,ERR,ERR,ERR,ERR,ERR,ERR,ERR,ERR,ERR,ERR,ERR,ERR,ERR,ERR,ERR,ERR,ERR,ERR,ERR,ERR,ERR,ERR,ERR,ERR,ERR,ERR,ERR,ERR,ERR,ERR,ERR,ERR,ERR,ERR,ERR,ERR,ERR,ERR,ERR,ERR,ERR,ERR,ERR,ERR,ERR,ERR,ERR,ERR,ERR,ERR,ERR,ERR,ERR,ERR,ERR,ERR,ERR,ERR,ERR,ERR,ERR,50.0,60.0,100,0.0,0.0,0.0,0.0,0.0,0.0,0.0,0.0,0.0,0.0,0.0,0.0,0.0,0.0,0.0,0.0,61.6,74,13,65512,50,65476,0,300,0,0,8,20529,65476,0,0,26214,60.0,0.0,0.0,0.0,0.0,0.0
2026-05-17T18:18:56,ERR,ERR,ERR,ERR,ERR,ERR,ERR,ERR,ERR,ERR,ERR,ERR,ERR,ERR,ERR,ERR,ERR,ERR,ERR,ERR,ERR,ERR,ERR,ERR,ERR,ERR,ERR,ERR,ERR,ERR,ERR,ERR,ERR,ERR,ERR,ERR,ERR,ERR,ERR,ERR,ERR,ERR,ERR,ERR,ERR,ERR,ERR,ERR,ERR,ERR,ERR,ERR,ERR,ERR,ERR,ERR,ERR,ERR,ERR,ERR,ERR,ERR,ERR,ERR,ERR,ERR,ERR,ERR,ERR,ERR,ERR,ERR,ERR,ERR,ERR,ERR,ERR,ERR,ERR,ERR,ERR,ERR,ERR,ERR,ERR,ERR,ERR,ERR,ERR,ERR,ERR,ERR,ERR,ERR,ERR,ERR,ERR,ERR,ERR,ERR,ERR,ERR,ERR,ERR,ERR,ERR,ERR,ERR,ERR,ERR,ERR,ERR,ERR,ERR,ERR,ERR,ERR,ERR,ERR,ERR,ERR,ERR,ERR,ERR,ERR,0.0,-107615296.0,-134474944.0,0.0,0.0,1.3936040501711995e+18,7.805,0.0,0,0,4,0,8422,0.0,45,0.0,0.0,0.0,0.0,0.0,0,0,0,0,0.0,0,0,0,0,0,0,0,0,0,0,0,0,0,0,0,0,0,0,0,0,0,0,0,0,0,0,0,0,0,0,0,0,0,38,14,7,45,65476,0,300,0,0,8,21553,0.0,-107605600.0,0.0,0.0,0.0,0.0,0.0,0.0,0.0,0.0,0.0,0.0,0.0,0.0,0.0,0.0,0.0,0.0,0.0,0.0,0.0,0.0,0.0,0.0,-0.0,0.0,0.0,0.0,0.0,0.0,5048.0,-0.0,0.0,0.0,-107615296.0,-107615280.0,2.718429300292151e+23,0.0,0.0,0.0,0.0,53,-0.0,-107614792.0,0.0,0.0,0.0,0.0,0.0,0.0,0.0,0,0,0,0.0,0.0,0.0,0.0,0.0,0.0,0.0,0.0,0.0,0.0,0.0,0.0,0.0,0.0,0.0,0.0,0,-107875648.0,53,0.0,106,-107614832.0,0.0,ERR,ERR,ERR,ERR,ERR,ERR,ERR,ERR,ERR,ERR,ERR,ERR,ERR,ERR,ERR,ERR,ERR,ERR,ERR,ERR,ERR,ERR,ERR,ERR,ERR,ERR,ERR,ERR,ERR,ERR,ERR,ERR,ERR,ERR,ERR,ERR,ERR,ERR,ERR,ERR,ERR,ERR,ERR,ERR,ERR,ERR,ERR,ERR,ERR,ERR,ERR,ERR,ERR,ERR,ERR,ERR,ERR,ERR,ERR,ERR,ERR,ERR,ERR,ERR,ERR,ERR,ERR,50.0,60.0,100,0.0,0.0,0.0,0.0,0.0,0.0,0.0,0.0,0.0,0.0,0.0,0.0,0.0,0.0,0.0,0.0,61.6,74,13,65512,50,65476,0,300,0,0,8,20529,65476,0,0,26214,60.0,0.0,0.0,0.0,0.0,0.0
2026-05-17T18:18:57,ERR,ERR,ERR,ERR,ERR,ERR,ERR,ERR,ERR,ERR,ERR,ERR,ERR,ERR,ERR,ERR,ERR,ERR,ERR,ERR,ERR,ERR,ERR,ERR,ERR,ERR,ERR,ERR,ERR,ERR,ERR,ERR,ERR,ERR,ERR,ERR,ERR,ERR,ERR,ERR,ERR,ERR,ERR,ERR,ERR,ERR,ERR,ERR,ERR,ERR,ERR,ERR,ERR,ERR,ERR,ERR,ERR,ERR,ERR,ERR,ERR,ERR,ERR,ERR,ERR,ERR,ERR,ERR,ERR,ERR,ERR,ERR,ERR,ERR,ERR,ERR,ERR,ERR,ERR,ERR,ERR,ERR,ERR,ERR,ERR,ERR,ERR,ERR,ERR,ERR,ERR,ERR,ERR,ERR,ERR,ERR,ERR,ERR,ERR,ERR,ERR,ERR,ERR,ERR,ERR,ERR,ERR,ERR,ERR,ERR,ERR,ERR,ERR,ERR,ERR,ERR,ERR,ERR,ERR,ERR,ERR,ERR,ERR,ERR,ERR,0.0,-107615296.0,-134474944.0,0.0,0.0,1.3936040501711995e+18,7.805,0.0,0,0,4,0,8422,0.0,45,0.0,0.0,0.0,0.0,0.0,0,0,0,0,0.0,0,0,0,0,0,0,0,0,0,0,0,0,0,0,0,0,0,0,0,0,0,0,0,0,0,0,0,0,0,0,0,0,0,38,14,7,45,65476,0,300,0,0,8,21553,0.0,-107605600.0,0.0,0.0,0.0,0.0,0.0,0.0,0.0,0.0,0.0,0.0,0.0,0.0,0.0,0.0,0.0,0.0,0.0,0.0,0.0,0.0,0.0,0.0,-0.0,0.0,0.0,0.0,0.0,0.0,5048.0,-0.0,0.0,0.0,-107615296.0,-107615280.0,2.718429300292151e+23,0.0,0.0,0.0,0.0,53,-0.0,-107614792.0,0.0,0.0,0.0,0.0,0.0,0.0,0.0,0,0,0,0.0,0.0,0.0,0.0,0.0,0.0,0.0,0.0,0.0,0.0,0.0,0.0,0.0,0.0,0.0,0.0,0,-107875648.0,53,0.0,106,-107614832.0,0.0,ERR,ERR,ERR,ERR,ERR,ERR,ERR,ERR,ERR,ERR,ERR,ERR,ERR,ERR,ERR,ERR,ERR,ERR,ERR,ERR,ERR,ERR,ERR,ERR,ERR,ERR,ERR,ERR,ERR,ERR,ERR,ERR,ERR,ERR,ERR,ERR,ERR,ERR,ERR,ERR,ERR,ERR,ERR,ERR,ERR,ERR,ERR,ERR,ERR,ERR,ERR,ERR,ERR,ERR,ERR,ERR,ERR,ERR,ERR,ERR,ERR,ERR,ERR,ERR,ERR,ERR,ERR,50.0,60.0,100,0.0,0.0,0.0,0.0,0.0,0.0,0.0,0.0,0.0,0.0,0.0,0.0,0.0,0.0,0.0,0.0,61.6,74,13,65512,50,65476,0,300,0,0,8,20529,65476,0,0,26214,60.0,0.0,0.0,0.0,0.0,0.0
2026-05-17T18:18:58,ERR,ERR,ERR,ERR,ERR,ERR,ERR,ERR,ERR,ERR,ERR,ERR,ERR,ERR,ERR,ERR,ERR,ERR,ERR,ERR,ERR,ERR,ERR,ERR,ERR,ERR,ERR,ERR,ERR,ERR,ERR,ERR,ERR,ERR,ERR,ERR,ERR,ERR,ERR,ERR,ERR,ERR,ERR,ERR,ERR,ERR,ERR,ERR,ERR,ERR,ERR,ERR,ERR,ERR,ERR,ERR,ERR,ERR,ERR,ERR,ERR,ERR,ERR,ERR,ERR,ERR,ERR,ERR,ERR,ERR,ERR,ERR,ERR,ERR,ERR,ERR,ERR,ERR,ERR,ERR,ERR,ERR,ERR,ERR,ERR,ERR,ERR,ERR,ERR,ERR,ERR,ERR,ERR,ERR,ERR,ERR,ERR,ERR,ERR,ERR,ERR,ERR,ERR,ERR,ERR,ERR,ERR,ERR,ERR,ERR,ERR,ERR,ERR,ERR,ERR,ERR,ERR,ERR,ERR,ERR,ERR,ERR,ERR,ERR,ERR,0.0,-107615296.0,-134474944.0,0.0,0.0,1.3936040501711995e+18,7.805,0.0,0,0,4,0,8422,0.0,45,0.0,0.0,0.0,0.0,0.0,0,0,0,0,0.0,0,0,0,0,0,0,0,0,0,0,0,0,0,0,0,0,0,0,0,0,0,0,0,0,0,0,0,0,0,0,0,0,0,38,14,7,45,65476,0,300,0,0,8,21553,0.0,-107605600.0,0.0,0.0,0.0,0.0,0.0,0.0,0.0,0.0,0.0,0.0,0.0,0.0,0.0,0.0,0.0,0.0,0.0,0.0,0.0,0.0,0.0,0.0,-0.0,0.0,0.0,0.0,0.0,0.0,5048.0,-0.0,0.0,0.0,-107615296.0,-107615280.0,2.718429300292151e+23,0.0,0.0,0.0,0.0,53,-0.0,-107614792.0,0.0,0.0,0.0,0.0,0.0,0.0,0.0,0,0,0,0.0,0.0,0.0,0.0,0.0,0.0,0.0,0.0,0.0,0.0,0.0,0.0,0.0,0.0,0.0,0.0,0,-107875648.0,53,0.0,106,-107614832.0,0.0,ERR,ERR,ERR,ERR,ERR,ERR,ERR,ERR,ERR,ERR,ERR,ERR,ERR,ERR,ERR,ERR,ERR,ERR,ERR,ERR,ERR,ERR,ERR,ERR,ERR,ERR,ERR,ERR,ERR,ERR,ERR,ERR,ERR,ERR,ERR,ERR,ERR,ERR,ERR,ERR,ERR,ERR,ERR,ERR,ERR,ERR,ERR,ERR,ERR,ERR,ERR,ERR,ERR,ERR,ERR,ERR,ERR,ERR,ERR,ERR,ERR,ERR,ERR,ERR,ERR,ERR,ERR,50.0,60.0,100,0.0,0.0,0.0,0.0,0.0,0.0,0.0,0.0,0.0,0.0,0.0,0.0,0.0,0.0,0.0,0.0,62.0,74,13,65512,50,65476,0,300,0,0,8,20529,65476,0,0,26214,60.0,0.0,0.0,0.0,0.0,0.0
2026-05-17T18:18:59,ERR,ERR,ERR,ERR,ERR,ERR,ERR,ERR,ERR,ERR,ERR,ERR,ERR,ERR,ERR,ERR,ERR,ERR,ERR,ERR,ERR,ERR,ERR,ERR,ERR,ERR,ERR,ERR,ERR,ERR,ERR,ERR,ERR,ERR,ERR,ERR,ERR,ERR,ERR,ERR,ERR,ERR,ERR,ERR,ERR,ERR,ERR,ERR,ERR,ERR,ERR,ERR,ERR,ERR,ERR,ERR,ERR,ERR,ERR,ERR,ERR,ERR,ERR,ERR,ERR,ERR,ERR,ERR,ERR,ERR,ERR,ERR,ERR,ERR,ERR,ERR,ERR,ERR,ERR,ERR,ERR,ERR,ERR,ERR,ERR,ERR,ERR,ERR,ERR,ERR,ERR,ERR,ERR,ERR,ERR,ERR,ERR,ERR,ERR,ERR,ERR,ERR,ERR,ERR,ERR,ERR,ERR,ERR,ERR,ERR,ERR,ERR,ERR,ERR,ERR,ERR,ERR,ERR,ERR,ERR,ERR,ERR,ERR,ERR,ERR,0.0,-107615296.0,-134474944.0,0.0,0.0,1.3936040501711995e+18,7.805,0.0,0,0,4,0,8422,0.0,45,0.0,0.0,0.0,0.0,0.0,0,0,0,0,0.0,0,0,0,0,0,0,0,0,0,0,0,0,0,0,0,0,0,0,0,0,0,0,0,0,0,0,0,0,0,0,0,0,0,38,14,7,45,65476,0,300,0,0,8,21553,0.0,-107605600.0,0.0,0.0,0.0,0.0,0.0,0.0,0.0,0.0,0.0,0.0,0.0,0.0,0.0,0.0,0.0,0.0,0.0,0.0,0.0,0.0,0.0,0.0,-0.0,0.0,0.0,0.0,0.0,0.0,5048.0,-0.0,0.0,0.0,-107615296.0,-107615280.0,2.718429300292151e+23,0.0,0.0,0.0,0.0,53,-0.0,-107614792.0,0.0,0.0,0.0,0.0,0.0,0.0,0.0,0,0,0,0.0,0.0,0.0,0.0,0.0,0.0,0.0,0.0,0.0,0.0,0.0,0.0,0.0,0.0,0.0,0.0,0,-107875648.0,53,0.0,106,-107614832.0,0.0,ERR,ERR,ERR,ERR,ERR,ERR,ERR,ERR,ERR,ERR,ERR,ERR,ERR,ERR,ERR,ERR,ERR,ERR,ERR,ERR,ERR,ERR,ERR,ERR,ERR,ERR,ERR,ERR,ERR,ERR,ERR,ERR,ERR,ERR,ERR,ERR,ERR,ERR,ERR,ERR,ERR,ERR,ERR,ERR,ERR,ERR,ERR,ERR,ERR,ERR,ERR,ERR,ERR,ERR,ERR,ERR,ERR,ERR,ERR,ERR,ERR,ERR,ERR,ERR,ERR,ERR,ERR,50.0,60.0,100,0.0,0.0,0.0,0.0,0.0,0.0,0.0,0.0,0.0,0.0,0.0,0.0,0.0,0.0,0.0,0.0,62.0,74,13,65512,50,65476,0,300,0,0,8,20529,65476,0,0,26214,60.0,0.0,0.0,0.0,0.0,0.0
2026-05-17T18:19:00,ERR,ERR,ERR,ERR,ERR,ERR,ERR,ERR,ERR,ERR,ERR,ERR,ERR,ERR,ERR,ERR,ERR,ERR,ERR,ERR,ERR,ERR,ERR,ERR,ERR,ERR,ERR,ERR,ERR,ERR,ERR,ERR,ERR,ERR,ERR,ERR,ERR,ERR,ERR,ERR,ERR,ERR,ERR,ERR,ERR,ERR,ERR,ERR,ERR,ERR,ERR,ERR,ERR,ERR,ERR,ERR,ERR,ERR,ERR,ERR,ERR,ERR,ERR,ERR,ERR,ERR,ERR,ERR,ERR,ERR,ERR,ERR,ERR,ERR,ERR,ERR,ERR,ERR,ERR,ERR,ERR,ERR,ERR,ERR,ERR,ERR,ERR,ERR,ERR,ERR,ERR,ERR,ERR,ERR,ERR,ERR,ERR,ERR,ERR,ERR,ERR,ERR,ERR,ERR,ERR,ERR,ERR,ERR,ERR,ERR,ERR,ERR,ERR,ERR,ERR,ERR,ERR,ERR,ERR,ERR,ERR,ERR,ERR,ERR,ERR,0.0,-107615296.0,-134474944.0,0.0,0.0,1.3936040501711995e+18,7.805,0.0,0,0,4,0,8422,0.0,45,0.0,0.0,0.0,0.0,0.0,0,0,0,0,0.0,0,0,0,0,0,0,0,0,0,0,0,0,0,0,0,0,0,0,0,0,0,0,0,0,0,0,0,0,0,0,0,0,0,38,14,7,45,65476,0,300,0,0,8,21553,0.0,-107605600.0,0.0,0.0,0.0,0.0,0.0,0.0,0.0,0.0,0.0,0.0,0.0,0.0,0.0,0.0,0.0,0.0,0.0,0.0,0.0,0.0,0.0,0.0,-0.0,0.0,0.0,0.0,0.0,0.0,5048.0,-0.0,0.0,0.0,-107615296.0,-107615280.0,2.718429300292151e+23,0.0,0.0,0.0,0.0,53,-0.0,-107614792.0,0.0,0.0,0.0,0.0,0.0,0.0,0.0,0,0,0,0.0,0.0,0.0,0.0,0.0,0.0,0.0,0.0,0.0,0.0,0.0,0.0,0.0,0.0,0.0,0.0,0,-107875648.0,53,0.0,106,-107614832.0,0.0,ERR,ERR,ERR,ERR,ERR,ERR,ERR,ERR,ERR,ERR,ERR,ERR,ERR,ERR,ERR,ERR,ERR,ERR,ERR,ERR,ERR,ERR,ERR,ERR,ERR,ERR,ERR,ERR,ERR,ERR,ERR,ERR,ERR,ERR,ERR,ERR,ERR,ERR,ERR,ERR,ERR,ERR,ERR,ERR,ERR,ERR,ERR,ERR,ERR,ERR,ERR,ERR,ERR,ERR,ERR,ERR,ERR,ERR,ERR,ERR,ERR,ERR,ERR,ERR,ERR,ERR,ERR,50.0,60.0,100,0.0,0.0,0.0,0.0,0.0,0.0,0.0,0.0,0.0,0.0,0.0,0.0,0.0,0.0,0.0,0.0,62.0,74,13,65512,50,65476,0,300,0,0,8,20529,65476,0,0,26214,60.0,0.0,0.0,0.0,0.0,0.0
2026-05-17T18:19:01,ERR,ERR,ERR,ERR,ERR,ERR,ERR,ERR,ERR,ERR,ERR,ERR,ERR,ERR,ERR,ERR,ERR,ERR,ERR,ERR,ERR,ERR,ERR,ERR,ERR,ERR,ERR,ERR,ERR,ERR,ERR,ERR,ERR,ERR,ERR,ERR,ERR,ERR,ERR,ERR,ERR,ERR,ERR,ERR,ERR,ERR,ERR,ERR,ERR,ERR,ERR,ERR,ERR,ERR,ERR,ERR,ERR,ERR,ERR,ERR,ERR,ERR,ERR,ERR,ERR,ERR,ERR,ERR,ERR,ERR,ERR,ERR,ERR,ERR,ERR,ERR,ERR,ERR,ERR,ERR,ERR,ERR,ERR,ERR,ERR,ERR,ERR,ERR,ERR,ERR,ERR,ERR,ERR,ERR,ERR,ERR,ERR,ERR,ERR,ERR,ERR,ERR,ERR,ERR,ERR,ERR,ERR,ERR,ERR,ERR,ERR,ERR,ERR,ERR,ERR,ERR,ERR,ERR,ERR,ERR,ERR,ERR,ERR,ERR,ERR,0.0,-107615296.0,-134474944.0,0.0,0.0,1.3936040501711995e+18,7.805,0.0,0,0,4,0,8422,0.0,45,0.0,0.0,0.0,0.0,0.0,0,0,0,0,0.0,0,0,0,0,0,0,0,0,0,0,0,0,0,0,0,0,0,0,0,0,0,0,0,0,0,0,0,0,0,0,0,0,0,38,14,7,45,65476,0,300,0,0,8,21553,0.0,-107605600.0,0.0,0.0,0.0,0.0,0.0,0.0,0.0,0.0,0.0,0.0,0.0,0.0,0.0,0.0,0.0,0.0,0.0,0.0,0.0,0.0,0.0,0.0,-0.0,0.0,0.0,0.0,0.0,0.0,5049.0,-131350.453,0.0,0.0,-107615296.0,-107615280.0,2.718429300292151e+23,0.0,0.0,0.0,0.0,53,-0.0,-4.950401904804668e+32,0.0,0.0,0.0,0.0,0.0,0.0,0.0,0,0,0,0.0,0.0,0.0,0.0,0.0,0.0,0.0,0.0,0.0,0.0,0.0,0.0,0.0,0.0,0.0,0.0,0,-107875648.0,53,0.0,106,-107614832.0,0.0,ERR,ERR,ERR,ERR,ERR,ERR,ERR,ERR,ERR,ERR,ERR,ERR,ERR,ERR,ERR,ERR,ERR,ERR,ERR,ERR,ERR,ERR,ERR,ERR,ERR,ERR,ERR,ERR,ERR,ERR,ERR,ERR,ERR,ERR,ERR,ERR,ERR,ERR,ERR,ERR,ERR,ERR,ERR,ERR,ERR,ERR,ERR,ERR,ERR,ERR,ERR,ERR,ERR,ERR,ERR,ERR,ERR,ERR,ERR,ERR,ERR,ERR,ERR,ERR,ERR,ERR,ERR,50.0,60.0,100,0.0,0.0,0.0,0.0,0.0,0.0,0.0,0.0,0.0,0.0,0.0,0.0,0.0,0.0,0.0,0.0,61.6,74,13,65512,50,65476,0,300,0,0,8,20529,65476,0,0,26214,60.0,0.0,0.0,0.0,0.0,0.0
2026-05-17T18:19:02,ERR,ERR,ERR,ERR,ERR,ERR,ERR,ERR,ERR,ERR,ERR,ERR,ERR,ERR,ERR,ERR,ERR,ERR,ERR,ERR,ERR,ERR,ERR,ERR,ERR,ERR,ERR,ERR,ERR,ERR,ERR,ERR,ERR,ERR,ERR,ERR,ERR,ERR,ERR,ERR,ERR,ERR,ERR,ERR,ERR,ERR,ERR,ERR,ERR,ERR,ERR,ERR,ERR,ERR,ERR,ERR,ERR,ERR,ERR,ERR,ERR,ERR,ERR,ERR,ERR,ERR,ERR,ERR,ERR,ERR,ERR,ERR,ERR,ERR,ERR,ERR,ERR,ERR,ERR,ERR,ERR,ERR,ERR,ERR,ERR,ERR,ERR,ERR,ERR,ERR,ERR,ERR,ERR,ERR,ERR,ERR,ERR,ERR,ERR,ERR,ERR,ERR,ERR,ERR,ERR,ERR,ERR,ERR,ERR,ERR,ERR,ERR,ERR,ERR,ERR,ERR,ERR,ERR,ERR,ERR,ERR,ERR,ERR,ERR,ERR,0.0,-107615296.0,-134474944.0,0.0,0.0,1.3936040501711995e+18,7.805,0.0,0,0,4,0,8422,0.0,45,0.0,0.0,0.0,0.0,0.0,0,0,0,0,0.0,0,0,0,0,0,0,0,0,0,0,0,0,0,0,0,0,0,0,0,0,0,0,0,0,0,0,0,0,0,0,0,0,0,38,14,7,45,65476,0,300,0,0,8,21553,0.0,-107605600.0,0.0,0.0,0.0,0.0,0.0,0.0,0.0,0.0,0.0,0.0,0.0,0.0,0.0,0.0,0.0,0.0,0.0,0.0,0.0,0.0,0.0,0.0,-0.0,0.0,0.0,0.0,0.0,0.0,5049.0,-131350.453,0.0,0.0,-107615296.0,-107615280.0,2.718429300292151e+23,0.0,0.0,0.0,0.0,53,-0.0,-4.950401904804668e+32,0.0,0.0,0.0,0.0,0.0,0.0,0.0,0,0,0,0.0,0.0,0.0,0.0,0.0,0.0,0.0,0.0,0.0,0.0,0.0,0.0,0.0,0.0,0.0,0.0,0,-107875648.0,53,0.0,106,-107614832.0,0.0,ERR,ERR,ERR,ERR,ERR,ERR,ERR,ERR,ERR,ERR,ERR,ERR,ERR,ERR,ERR,ERR,ERR,ERR,ERR,ERR,ERR,ERR,ERR,ERR,ERR,ERR,ERR,ERR,ERR,ERR,ERR,ERR,ERR,ERR,ERR,ERR,ERR,ERR,ERR,ERR,ERR,ERR,ERR,ERR,ERR,ERR,ERR,ERR,ERR,ERR,ERR,ERR,ERR,ERR,ERR,ERR,ERR,ERR,ERR,ERR,ERR,ERR,ERR,ERR,ERR,ERR,ERR,50.0,60.0,100,0.0,0.0,0.0,0.0,0.0,0.0,0.0,0.0,0.0,0.0,0.0,0.0,0.0,0.0,0.0,0.0,61.6,74,13,65512,50,65476,0,300,0,0,8,20529,65476,0,0,26214,60.0,0.0,0.0,0.0,0.0,0.0
2026-05-17T18:19:03,ERR,ERR,ERR,ERR,ERR,ERR,ERR,ERR,ERR,ERR,ERR,ERR,ERR,ERR,ERR,ERR,ERR,ERR,ERR,ERR,ERR,ERR,ERR,ERR,ERR,ERR,ERR,ERR,ERR,ERR,ERR,ERR,ERR,ERR,ERR,ERR,ERR,ERR,ERR,ERR,ERR,ERR,ERR,ERR,ERR,ERR,ERR,ERR,ERR,ERR,ERR,ERR,ERR,ERR,ERR,ERR,ERR,ERR,ERR,ERR,ERR,ERR,ERR,ERR,ERR,ERR,ERR,ERR,ERR,ERR,ERR,ERR,ERR,ERR,ERR,ERR,ERR,ERR,ERR,ERR,ERR,ERR,ERR,ERR,ERR,ERR,ERR,ERR,ERR,ERR,ERR,ERR,ERR,ERR,ERR,ERR,ERR,ERR,ERR,ERR,ERR,ERR,ERR,ERR,ERR,ERR,ERR,ERR,ERR,ERR,ERR,ERR,ERR,ERR,ERR,ERR,ERR,ERR,ERR,ERR,ERR,ERR,ERR,ERR,ERR,0.0,-107615296.0,-134474944.0,0.0,0.0,1.3936040501711995e+18,7.805,0.0,0,0,4,0,8422,0.0,45,0.0,0.0,0.0,0.0,0.0,0,0,0,0,0.0,0,0,0,0,0,0,0,0,0,0,0,0,0,0,0,0,0,0,0,0,0,0,0,0,0,0,0,0,0,0,0,0,0,38,14,7,45,65476,0,300,0,0,8,21553,0.0,-107605600.0,0.0,0.0,0.0,0.0,0.0,0.0,0.0,0.0,0.0,0.0,0.0,0.0,0.0,0.0,0.0,0.0,0.0,0.0,0.0,0.0,0.0,0.0,-0.0,0.0,0.0,0.0,0.0,0.0,5049.0,-131350.453,0.0,0.0,-107615296.0,-107615280.0,2.718429300292151e+23,0.0,0.0,0.0,0.0,53,-0.0,-4.950401904804668e+32,0.0,0.0,0.0,0.0,0.0,0.0,0.0,0,0,0,0.0,0.0,0.0,0.0,0.0,0.0,0.0,0.0,0.0,0.0,0.0,0.0,0.0,0.0,0.0,0.0,0,-107875648.0,53,0.0,106,-107614832.0,0.0,ERR,ERR,ERR,ERR,ERR,ERR,ERR,ERR,ERR,ERR,ERR,ERR,ERR,ERR,ERR,ERR,ERR,ERR,ERR,ERR,ERR,ERR,ERR,ERR,ERR,ERR,ERR,ERR,ERR,ERR,ERR,ERR,ERR,ERR,ERR,ERR,ERR,ERR,ERR,ERR,ERR,ERR,ERR,ERR,ERR,ERR,ERR,ERR,ERR,ERR,ERR,ERR,ERR,ERR,ERR,ERR,ERR,ERR,ERR,ERR,ERR,ERR,ERR,ERR,ERR,ERR,ERR,50.0,60.0,100,0.0,0.0,0.0,0.0,0.0,0.0,0.0,0.0,0.0,0.0,0.0,0.0,0.0,0.0,0.0,0.0,61.6,74,13,65512,50,65476,0,300,0,0,8,20529,65476,0,0,26214,60.0,0.0,0.0,0.0,0.0,0.0
2026-05-17T18:19:04,ERR,ERR,ERR,ERR,ERR,ERR,ERR,ERR,ERR,ERR,ERR,ERR,ERR,ERR,ERR,ERR,ERR,ERR,ERR,ERR,ERR,ERR,ERR,ERR,ERR,ERR,ERR,ERR,ERR,ERR,ERR,ERR,ERR,ERR,ERR,ERR,ERR,ERR,ERR,ERR,ERR,ERR,ERR,ERR,ERR,ERR,ERR,ERR,ERR,ERR,ERR,ERR,ERR,ERR,ERR,ERR,ERR,ERR,ERR,ERR,ERR,ERR,ERR,ERR,ERR,ERR,ERR,ERR,ERR,ERR,ERR,ERR,ERR,ERR,ERR,ERR,ERR,ERR,ERR,ERR,ERR,ERR,ERR,ERR,ERR,ERR,ERR,ERR,ERR,ERR,ERR,ERR,ERR,ERR,ERR,ERR,ERR,ERR,ERR,ERR,ERR,ERR,ERR,ERR,ERR,ERR,ERR,ERR,ERR,ERR,ERR,ERR,ERR,ERR,ERR,ERR,ERR,ERR,ERR,ERR,ERR,ERR,ERR,ERR,ERR,0.0,-107615296.0,-134474944.0,0.0,0.0,1.3936040501711995e+18,7.805,0.0,0,0,4,0,8422,0.0,45,0.0,0.0,0.0,0.0,0.0,0,0,0,0,0.0,0,0,0,0,0,0,0,0,0,0,0,0,0,0,0,0,0,0,0,0,0,0,0,0,0,0,0,0,0,0,0,0,0,38,14,7,45,65476,0,300,0,0,8,21553,0.0,-107605600.0,0.0,0.0,0.0,0.0,0.0,0.0,0.0,0.0,0.0,0.0,0.0,0.0,0.0,0.0,0.0,0.0,0.0,0.0,0.0,0.0,0.0,0.0,-0.0,0.0,0.0,0.0,0.0,0.0,5049.0,-131350.453,0.0,0.0,-107615296.0,-107615280.0,2.718429300292151e+23,0.0,0.0,0.0,0.0,53,-0.0,-4.950401904804668e+32,0.0,0.0,0.0,0.0,0.0,0.0,0.0,0,0,0,0.0,0.0,0.0,0.0,0.0,0.0,0.0,0.0,0.0,0.0,0.0,0.0,0.0,0.0,0.0,0.0,0,-107875648.0,53,0.0,106,-107614832.0,0.0,ERR,ERR,ERR,ERR,ERR,ERR,ERR,ERR,ERR,ERR,ERR,ERR,ERR,ERR,ERR,ERR,ERR,ERR,ERR,ERR,ERR,ERR,ERR,ERR,ERR,ERR,ERR,ERR,ERR,ERR,ERR,ERR,ERR,ERR,ERR,ERR,ERR,ERR,ERR,ERR,ERR,ERR,ERR,ERR,ERR,ERR,ERR,ERR,ERR,ERR,ERR,ERR,ERR,ERR,ERR,ERR,ERR,ERR,ERR,ERR,ERR,ERR,ERR,ERR,ERR,ERR,ERR,50.0,60.0,100,0.0,0.0,0.0,0.0,0.0,0.0,0.0,0.0,0.0,0.0,0.0,0.0,0.0,0.0,0.0,0.0,61.6,74,13,65512,50,65476,0,300,0,0,8,20529,65476,0,0,26214,60.0,0.0,0.0,0.0,0.0,0.0
2026-05-17T18:19:05,ERR,ERR,ERR,ERR,ERR,ERR,ERR,ERR,ERR,ERR,ERR,ERR,ERR,ERR,ERR,ERR,ERR,ERR,ERR,ERR,ERR,ERR,ERR,ERR,ERR,ERR,ERR,ERR,ERR,ERR,ERR,ERR,ERR,ERR,ERR,ERR,ERR,ERR,ERR,ERR,ERR,ERR,ERR,ERR,ERR,ERR,ERR,ERR,ERR,ERR,ERR,ERR,ERR,ERR,ERR,ERR,ERR,ERR,ERR,ERR,ERR,ERR,ERR,ERR,ERR,ERR,ERR,ERR,ERR,ERR,ERR,ERR,ERR,ERR,ERR,ERR,ERR,ERR,ERR,ERR,ERR,ERR,ERR,ERR,ERR,ERR,ERR,ERR,ERR,ERR,ERR,ERR,ERR,ERR,ERR,ERR,ERR,ERR,ERR,ERR,ERR,ERR,ERR,ERR,ERR,ERR,ERR,ERR,ERR,ERR,ERR,ERR,ERR,ERR,ERR,ERR,ERR,ERR,ERR,ERR,ERR,ERR,ERR,ERR,ERR,0.0,-107615296.0,-134474944.0,0.0,0.0,1.3936040501711995e+18,7.805,0.0,0,0,4,0,8422,0.0,45,0.0,0.0,0.0,0.0,0.0,0,0,0,0,0.0,0,0,0,0,0,0,0,0,0,0,0,0,0,0,0,0,0,0,0,0,0,0,0,0,0,0,0,0,0,0,0,0,0,38,14,7,45,65476,0,300,0,0,8,21553,0.0,-107605600.0,0.0,0.0,0.0,0.0,0.0,0.0,0.0,0.0,0.0,0.0,0.0,0.0,0.0,0.0,0.0,0.0,0.0,0.0,0.0,0.0,0.0,0.0,-0.0,0.0,0.0,0.0,0.0,0.0,5049.0,-131350.453,0.0,0.0,-107615296.0,-107615280.0,2.718429300292151e+23,0.0,0.0,0.0,0.0,53,-0.0,-4.950401904804668e+32,0.0,0.0,0.0,0.0,0.0,0.0,0.0,0,0,0,0.0,0.0,0.0,0.0,0.0,0.0,0.0,0.0,0.0,0.0,0.0,0.0,0.0,0.0,0.0,0.0,0,-107875648.0,53,0.0,106,-107614832.0,0.0,ERR,ERR,ERR,ERR,ERR,ERR,ERR,ERR,ERR,ERR,ERR,ERR,ERR,ERR,ERR,ERR,ERR,ERR,ERR,ERR,ERR,ERR,ERR,ERR,ERR,ERR,ERR,ERR,ERR,ERR,ERR,ERR,ERR,ERR,ERR,ERR,ERR,ERR,ERR,ERR,ERR,ERR,ERR,ERR,ERR,ERR,ERR,ERR,ERR,ERR,ERR,ERR,ERR,ERR,ERR,ERR,ERR,ERR,ERR,ERR,ERR,ERR,ERR,ERR,ERR,ERR,ERR,50.0,60.0,100,0.0,0.0,0.0,0.0,0.0,0.0,0.0,0.0,0.0,0.0,0.0,0.0,0.0,0.0,0.0,0.0,61.6,74,13,65512,50,65476,0,300,0,0,8,20529,65476,0,0,26214,60.0,0.0,0.0,0.0,0.0,0.0
2026-05-17T18:19:06,ERR,ERR,ERR,ERR,ERR,ERR,ERR,ERR,ERR,ERR,ERR,ERR,ERR,ERR,ERR,ERR,ERR,ERR,ERR,ERR,ERR,ERR,ERR,ERR,ERR,ERR,ERR,ERR,ERR,ERR,ERR,ERR,ERR,ERR,ERR,ERR,ERR,ERR,ERR,ERR,ERR,ERR,ERR,ERR,ERR,ERR,ERR,ERR,ERR,ERR,ERR,ERR,ERR,ERR,ERR,ERR,ERR,ERR,ERR,ERR,ERR,ERR,ERR,ERR,ERR,ERR,ERR,ERR,ERR,ERR,ERR,ERR,ERR,ERR,ERR,ERR,ERR,ERR,ERR,ERR,ERR,ERR,ERR,ERR,ERR,ERR,ERR,ERR,ERR,ERR,ERR,ERR,ERR,ERR,ERR,ERR,ERR,ERR,ERR,ERR,ERR,ERR,ERR,ERR,ERR,ERR,ERR,ERR,ERR,ERR,ERR,ERR,ERR,ERR,ERR,ERR,ERR,ERR,ERR,ERR,ERR,ERR,ERR,ERR,ERR,0.0,-107615296.0,-134474944.0,0.0,0.0,1.3936040501711995e+18,7.805,0.0,0,0,4,0,8422,0.0,45,0.0,0.0,0.0,0.0,0.0,0,0,0,0,0.0,0,0,0,0,0,0,0,0,0,0,0,0,0,0,0,0,0,0,0,0,0,0,0,0,0,0,0,0,0,0,0,0,0,38,14,7,45,65476,0,300,0,0,8,21553,0.0,-107605600.0,0.0,0.0,0.0,0.0,0.0,0.0,0.0,0.0,0.0,0.0,0.0,0.0,0.0,0.0,0.0,0.0,0.0,0.0,0.0,0.0,0.0,0.0,-0.0,0.0,0.0,0.0,0.0,0.0,5051.0,-0.0,0.0,0.0,-107615296.0,-107615280.0,2.718429300292151e+23,0.0,0.0,0.0,0.0,53,-0.0,-0.0,0.0,0.0,0.0,0.0,0.0,0.0,0.0,0,0,0,0.0,0.0,0.0,0.0,0.0,0.0,0.0,0.0,0.0,0.0,0.0,0.0,0.0,0.0,0.0,0.0,0,-107875648.0,53,0.0,106,-107614832.0,0.0,ERR,ERR,ERR,ERR,ERR,ERR,ERR,ERR,ERR,ERR,ERR,ERR,ERR,ERR,ERR,ERR,ERR,ERR,ERR,ERR,ERR,ERR,ERR,ERR,ERR,ERR,ERR,ERR,ERR,ERR,ERR,ERR,ERR,ERR,ERR,ERR,ERR,ERR,ERR,ERR,ERR,ERR,ERR,ERR,ERR,ERR,ERR,ERR,ERR,ERR,ERR,ERR,ERR,ERR,ERR,ERR,ERR,ERR,ERR,ERR,ERR,ERR,ERR,ERR,ERR,ERR,ERR,50.0,60.0,100,0.0,0.0,0.0,0.0,0.0,0.0,0.0,0.0,0.0,0.0,0.0,0.0,0.0,0.0,0.0,0.0,61.6,74,13,65512,50,65476,0,300,0,0,8,20529,65476,0,0,26214,60.0,0.0,0.0,0.0,0.0,0.0
2026-05-17T18:19:07,ERR,ERR,ERR,ERR,ERR,ERR,ERR,ERR,ERR,ERR,ERR,ERR,ERR,ERR,ERR,ERR,ERR,ERR,ERR,ERR,ERR,ERR,ERR,ERR,ERR,ERR,ERR,ERR,ERR,ERR,ERR,ERR,ERR,ERR,ERR,ERR,ERR,ERR,ERR,ERR,ERR,ERR,ERR,ERR,ERR,ERR,ERR,ERR,ERR,ERR,ERR,ERR,ERR,ERR,ERR,ERR,ERR,ERR,ERR,ERR,ERR,ERR,ERR,ERR,ERR,ERR,ERR,ERR,ERR,ERR,ERR,ERR,ERR,ERR,ERR,ERR,ERR,ERR,ERR,ERR,ERR,ERR,ERR,ERR,ERR,ERR,ERR,ERR,ERR,ERR,ERR,ERR,ERR,ERR,ERR,ERR,ERR,ERR,ERR,ERR,ERR,ERR,ERR,ERR,ERR,ERR,ERR,ERR,ERR,ERR,ERR,ERR,ERR,ERR,ERR,ERR,ERR,ERR,ERR,ERR,ERR,ERR,ERR,ERR,ERR,0.0,-107615296.0,-134474944.0,0.0,0.0,1.3936040501711995e+18,7.805,0.0,0,0,4,0,8422,0.0,45,0.0,0.0,0.0,0.0,0.0,0,0,0,0,0.0,0,0,0,0,0,0,0,0,0,0,0,0,0,0,0,0,0,0,0,0,0,0,0,0,0,0,0,0,0,0,0,0,0,38,14,7,45,65476,0,300,0,0,8,21553,0.0,-107605600.0,0.0,0.0,0.0,0.0,0.0,0.0,0.0,0.0,0.0,0.0,0.0,0.0,0.0,0.0,0.0,0.0,0.0,0.0,0.0,0.0,0.0,0.0,-0.0,0.0,0.0,0.0,0.0,0.0,5051.0,-0.0,0.0,0.0,-107615296.0,-107615280.0,2.718429300292151e+23,0.0,0.0,0.0,0.0,53,-0.0,-0.0,0.0,0.0,0.0,0.0,0.0,0.0,0.0,0,0,0,0.0,0.0,0.0,0.0,0.0,0.0,0.0,0.0,0.0,0.0,0.0,0.0,0.0,0.0,0.0,0.0,0,-107875648.0,53,0.0,106,-107614832.0,0.0,ERR,ERR,ERR,ERR,ERR,ERR,ERR,ERR,ERR,ERR,ERR,ERR,ERR,ERR,ERR,ERR,ERR,ERR,ERR,ERR,ERR,ERR,ERR,ERR,ERR,ERR,ERR,ERR,ERR,ERR,ERR,ERR,ERR,ERR,ERR,ERR,ERR,ERR,ERR,ERR,ERR,ERR,ERR,ERR,ERR,ERR,ERR,ERR,ERR,ERR,ERR,ERR,ERR,ERR,ERR,ERR,ERR,ERR,ERR,ERR,ERR,ERR,ERR,ERR,ERR,ERR,ERR,50.0,60.0,100,0.0,0.0,0.0,0.0,0.0,0.0,0.0,0.0,0.0,0.0,0.0,0.0,0.0,0.0,0.0,0.0,61.6,74,13,65512,50,65476,0,300,0,0,8,20529,65476,0,0,26214,60.0,0.0,0.0,0.0,0.0,0.0
2026-05-17T18:19:08,ERR,ERR,ERR,ERR,ERR,ERR,ERR,ERR,ERR,ERR,ERR,ERR,ERR,ERR,ERR,ERR,ERR,ERR,ERR,ERR,ERR,ERR,ERR,ERR,ERR,ERR,ERR,ERR,ERR,ERR,ERR,ERR,ERR,ERR,ERR,ERR,ERR,ERR,ERR,ERR,ERR,ERR,ERR,ERR,ERR,ERR,ERR,ERR,ERR,ERR,ERR,ERR,ERR,ERR,ERR,ERR,ERR,ERR,ERR,ERR,ERR,ERR,ERR,ERR,ERR,ERR,ERR,ERR,ERR,ERR,ERR,ERR,ERR,ERR,ERR,ERR,ERR,ERR,ERR,ERR,ERR,ERR,ERR,ERR,ERR,ERR,ERR,ERR,ERR,ERR,ERR,ERR,ERR,ERR,ERR,ERR,ERR,ERR,ERR,ERR,ERR,ERR,ERR,ERR,ERR,ERR,ERR,ERR,ERR,ERR,ERR,ERR,ERR,ERR,ERR,ERR,ERR,ERR,ERR,ERR,ERR,ERR,ERR,ERR,ERR,0.0,-107615296.0,-134474944.0,0.0,0.0,1.3936040501711995e+18,7.805,0.0,0,0,4,0,8422,0.0,45,0.0,0.0,0.0,0.0,0.0,0,0,0,0,0.0,0,0,0,0,0,0,0,0,0,0,0,0,0,0,0,0,0,0,0,0,0,0,0,0,0,0,0,0,0,0,0,0,0,38,14,7,45,65476,0,300,0,0,8,21553,0.0,-107605600.0,0.0,0.0,0.0,0.0,0.0,0.0,0.0,0.0,0.0,0.0,0.0,0.0,0.0,0.0,0.0,0.0,0.0,0.0,0.0,0.0,0.0,0.0,-0.0,0.0,0.0,0.0,0.0,0.0,5051.0,-0.0,0.0,0.0,-107615296.0,-107615280.0,2.718429300292151e+23,0.0,0.0,0.0,0.0,53,-0.0,-0.0,0.0,0.0,0.0,0.0,0.0,0.0,0.0,0,0,0,0.0,0.0,0.0,0.0,0.0,0.0,0.0,0.0,0.0,0.0,0.0,0.0,0.0,0.0,0.0,0.0,0,-107875648.0,53,0.0,106,-107614832.0,0.0,ERR,ERR,ERR,ERR,ERR,ERR,ERR,ERR,ERR,ERR,ERR,ERR,ERR,ERR,ERR,ERR,ERR,ERR,ERR,ERR,ERR,ERR,ERR,ERR,ERR,ERR,ERR,ERR,ERR,ERR,ERR,ERR,ERR,ERR,ERR,ERR,ERR,ERR,ERR,ERR,ERR,ERR,ERR,ERR,ERR,ERR,ERR,ERR,ERR,ERR,ERR,ERR,ERR,ERR,ERR,ERR,ERR,ERR,ERR,ERR,ERR,ERR,ERR,ERR,ERR,ERR,ERR,50.0,60.0,100,0.0,0.0,0.0,0.0,0.0,0.0,0.0,0.0,0.0,0.0,0.0,0.0,0.0,0.0,0.0,0.0,61.6,74,13,65512,50,65476,0,300,0,0,8,20529,65476,0,0,26214,60.0,0.0,0.0,0.0,0.0,0.0
2026-05-17T18:19:09,ERR,ERR,ERR,ERR,ERR,ERR,ERR,ERR,ERR,ERR,ERR,ERR,ERR,ERR,ERR,ERR,ERR,ERR,ERR,ERR,ERR,ERR,ERR,ERR,ERR,ERR,ERR,ERR,ERR,ERR,ERR,ERR,ERR,ERR,ERR,ERR,ERR,ERR,ERR,ERR,ERR,ERR,ERR,ERR,ERR,ERR,ERR,ERR,ERR,ERR,ERR,ERR,ERR,ERR,ERR,ERR,ERR,ERR,ERR,ERR,ERR,ERR,ERR,ERR,ERR,ERR,ERR,ERR,ERR,ERR,ERR,ERR,ERR,ERR,ERR,ERR,ERR,ERR,ERR,ERR,ERR,ERR,ERR,ERR,ERR,ERR,ERR,ERR,ERR,ERR,ERR,ERR,ERR,ERR,ERR,ERR,ERR,ERR,ERR,ERR,ERR,ERR,ERR,ERR,ERR,ERR,ERR,ERR,ERR,ERR,ERR,ERR,ERR,ERR,ERR,ERR,ERR,ERR,ERR,ERR,ERR,ERR,ERR,ERR,ERR,0.0,-107615296.0,-134474944.0,0.0,0.0,1.3936040501711995e+18,7.805,0.0,0,0,4,0,8422,0.0,45,0.0,0.0,0.0,0.0,0.0,0,0,0,0,0.0,0,0,0,0,0,0,0,0,0,0,0,0,0,0,0,0,0,0,0,0,0,0,0,0,0,0,0,0,0,0,0,0,0,38,14,7,45,65476,0,300,0,0,8,21553,0.0,-107605600.0,0.0,0.0,0.0,0.0,0.0,0.0,0.0,0.0,0.0,0.0,0.0,0.0,0.0,0.0,0.0,0.0,0.0,0.0,0.0,0.0,0.0,0.0,-0.0,0.0,0.0,0.0,0.0,0.0,5051.0,-0.0,0.0,0.0,-107615296.0,-107615280.0,2.718429300292151e+23,0.0,0.0,0.0,0.0,53,-0.0,-0.0,0.0,0.0,0.0,0.0,0.0,0.0,0.0,0,0,0,0.0,0.0,0.0,0.0,0.0,0.0,0.0,0.0,0.0,0.0,0.0,0.0,0.0,0.0,0.0,0.0,0,-107875648.0,53,0.0,106,-107614832.0,0.0,ERR,ERR,ERR,ERR,ERR,ERR,ERR,ERR,ERR,ERR,ERR,ERR,ERR,ERR,ERR,ERR,ERR,ERR,ERR,ERR,ERR,ERR,ERR,ERR,ERR,ERR,ERR,ERR,ERR,ERR,ERR,ERR,ERR,ERR,ERR,ERR,ERR,ERR,ERR,ERR,ERR,ERR,ERR,ERR,ERR,ERR,ERR,ERR,ERR,ERR,ERR,ERR,ERR,ERR,ERR,ERR,ERR,ERR,ERR,ERR,ERR,ERR,ERR,ERR,ERR,ERR,ERR,50.0,60.0,100,0.0,0.0,0.0,0.0,0.0,0.0,0.0,0.0,0.0,0.0,0.0,0.0,0.0,0.0,0.0,0.0,61.6,74,13,65512,50,65476,0,300,0,0,8,20529,65476,0,0,26214,60.0,0.0,0.0,0.0,0.0,0.0
2026-05-17T18:19:10,ERR,ERR,ERR,ERR,ERR,ERR,ERR,ERR,ERR,ERR,ERR,ERR,ERR,ERR,ERR,ERR,ERR,ERR,ERR,ERR,ERR,ERR,ERR,ERR,ERR,ERR,ERR,ERR,ERR,ERR,ERR,ERR,ERR,ERR,ERR,ERR,ERR,ERR,ERR,ERR,ERR,ERR,ERR,ERR,ERR,ERR,ERR,ERR,ERR,ERR,ERR,ERR,ERR,ERR,ERR,ERR,ERR,ERR,ERR,ERR,ERR,ERR,ERR,ERR,ERR,ERR,ERR,ERR,ERR,ERR,ERR,ERR,ERR,ERR,ERR,ERR,ERR,ERR,ERR,ERR,ERR,ERR,ERR,ERR,ERR,ERR,ERR,ERR,ERR,ERR,ERR,ERR,ERR,ERR,ERR,ERR,ERR,ERR,ERR,ERR,ERR,ERR,ERR,ERR,ERR,ERR,ERR,ERR,ERR,ERR,ERR,ERR,ERR,ERR,ERR,ERR,ERR,ERR,ERR,ERR,ERR,ERR,ERR,ERR,ERR,0.0,-107615296.0,-134474944.0,0.0,0.0,1.3936040501711995e+18,7.805,0.0,0,0,4,0,8422,0.0,45,0.0,0.0,0.0,0.0,0.0,0,0,0,0,0.0,0,0,0,0,0,0,0,0,0,0,0,0,0,0,0,0,0,0,0,0,0,0,0,0,0,0,0,0,0,0,0,0,0,38,14,7,45,65476,0,300,0,0,8,21553,0.0,-107605600.0,0.0,0.0,0.0,0.0,0.0,0.0,0.0,0.0,0.0,0.0,0.0,0.0,0.0,0.0,0.0,0.0,0.0,0.0,0.0,0.0,0.0,0.0,-0.0,0.0,0.0,0.0,0.0,0.0,5051.0,-0.0,0.0,0.0,-107615296.0,-107615280.0,2.718429300292151e+23,0.0,0.0,0.0,0.0,53,-0.0,-0.0,0.0,0.0,0.0,0.0,0.0,0.0,0.0,0,0,0,0.0,0.0,0.0,0.0,0.0,0.0,0.0,0.0,0.0,0.0,0.0,0.0,0.0,0.0,0.0,0.0,0,-107875648.0,53,0.0,106,-107614832.0,0.0,ERR,ERR,ERR,ERR,ERR,ERR,ERR,ERR,ERR,ERR,ERR,ERR,ERR,ERR,ERR,ERR,ERR,ERR,ERR,ERR,ERR,ERR,ERR,ERR,ERR,ERR,ERR,ERR,ERR,ERR,ERR,ERR,ERR,ERR,ERR,ERR,ERR,ERR,ERR,ERR,ERR,ERR,ERR,ERR,ERR,ERR,ERR,ERR,ERR,ERR,ERR,ERR,ERR,ERR,ERR,ERR,ERR,ERR,ERR,ERR,ERR,ERR,ERR,ERR,ERR,ERR,ERR,50.0,60.0,100,0.0,0.0,0.0,0.0,0.0,0.0,0.0,0.0,0.0,0.0,0.0,0.0,0.0,0.0,0.0,0.0,61.6,74,13,65512,50,65476,0,300,0,0,8,20529,65476,0,0,26214,60.0,0.0,0.0,0.0,0.0,0.0
2026-05-17T18:19:11,ERR,ERR,ERR,ERR,ERR,ERR,ERR,ERR,ERR,ERR,ERR,ERR,ERR,ERR,ERR,ERR,ERR,ERR,ERR,ERR,ERR,ERR,ERR,ERR,ERR,ERR,ERR,ERR,ERR,ERR,ERR,ERR,ERR,ERR,ERR,ERR,ERR,ERR,ERR,ERR,ERR,ERR,ERR,ERR,ERR,ERR,ERR,ERR,ERR,ERR,ERR,ERR,ERR,ERR,ERR,ERR,ERR,ERR,ERR,ERR,ERR,ERR,ERR,ERR,ERR,ERR,ERR,ERR,ERR,ERR,ERR,ERR,ERR,ERR,ERR,ERR,ERR,ERR,ERR,ERR,ERR,ERR,ERR,ERR,ERR,ERR,ERR,ERR,ERR,ERR,ERR,ERR,ERR,ERR,ERR,ERR,ERR,ERR,ERR,ERR,ERR,ERR,ERR,ERR,ERR,ERR,ERR,ERR,ERR,ERR,ERR,ERR,ERR,ERR,ERR,ERR,ERR,ERR,ERR,ERR,ERR,ERR,ERR,ERR,ERR,0.0,-107615296.0,-134474944.0,0.0,0.0,1.3936040501711995e+18,7.805,0.0,0,0,4,0,8422,0.0,45,0.0,0.0,0.0,0.0,0.0,0,0,0,0,0.0,0,0,0,0,0,0,0,0,0,0,0,0,0,0,0,0,0,0,0,0,0,0,0,0,0,0,0,0,0,0,0,0,0,38,14,7,45,65476,0,300,0,0,8,21553,0.0,-107605600.0,0.0,0.0,0.0,0.0,0.0,0.0,0.0,0.0,0.0,0.0,0.0,0.0,0.0,0.0,0.0,0.0,0.0,0.0,0.0,0.0,0.0,0.0,-0.0,0.0,0.0,0.0,0.0,0.0,5051.0,2.422988192762658e+24,0.0,0.0,-107615296.0,-107615280.0,2.718429300292151e+23,0.0,0.0,0.0,0.0,53,-0.0,5.848056079300204e+35,0.0,0.0,0.0,0.0,0.0,0.0,0.0,0,0,0,0.0,0.0,0.0,0.0,0.0,0.0,0.0,0.0,0.0,0.0,0.0,0.0,0.0,0.0,0.0,0.0,0,-107875648.0,53,0.0,106,-107614832.0,0.0,ERR,ERR,ERR,ERR,ERR,ERR,ERR,ERR,ERR,ERR,ERR,ERR,ERR,ERR,ERR,ERR,ERR,ERR,ERR,ERR,ERR,ERR,ERR,ERR,ERR,ERR,ERR,ERR,ERR,ERR,ERR,ERR,ERR,ERR,ERR,ERR,ERR,ERR,ERR,ERR,ERR,ERR,ERR,ERR,ERR,ERR,ERR,ERR,ERR,ERR,ERR,ERR,ERR,ERR,ERR,ERR,ERR,ERR,ERR,ERR,ERR,ERR,ERR,ERR,ERR,ERR,ERR,50.0,60.0,100,0.0,0.0,0.0,0.0,0.0,0.0,0.0,0.0,0.0,0.0,0.0,0.0,0.0,0.0,0.0,0.0,61.6,74,13,65512,50,65476,0,300,0,0,8,20529,65476,0,0,26214,60.0,0.0,0.0,0.0,0.0,0.0
2026-05-17T18:19:12,ERR,ERR,ERR,ERR,ERR,ERR,ERR,ERR,ERR,ERR,ERR,ERR,ERR,ERR,ERR,ERR,ERR,ERR,ERR,ERR,ERR,ERR,ERR,ERR,ERR,ERR,ERR,ERR,ERR,ERR,ERR,ERR,ERR,ERR,ERR,ERR,ERR,ERR,ERR,ERR,ERR,ERR,ERR,ERR,ERR,ERR,ERR,ERR,ERR,ERR,ERR,ERR,ERR,ERR,ERR,ERR,ERR,ERR,ERR,ERR,ERR,ERR,ERR,ERR,ERR,ERR,ERR,ERR,ERR,ERR,ERR,ERR,ERR,ERR,ERR,ERR,ERR,ERR,ERR,ERR,ERR,ERR,ERR,ERR,ERR,ERR,ERR,ERR,ERR,ERR,ERR,ERR,ERR,ERR,ERR,ERR,ERR,ERR,ERR,ERR,ERR,ERR,ERR,ERR,ERR,ERR,ERR,ERR,ERR,ERR,ERR,ERR,ERR,ERR,ERR,ERR,ERR,ERR,ERR,ERR,ERR,ERR,ERR,ERR,ERR,0.0,-107615296.0,-134474944.0,0.0,0.0,1.3936040501711995e+18,7.805,0.0,0,0,4,0,8422,0.0,45,0.0,0.0,0.0,0.0,0.0,0,0,0,0,0.0,0,0,0,0,0,0,0,0,0,0,0,0,0,0,0,0,0,0,0,0,0,0,0,0,0,0,0,0,0,0,0,0,0,38,14,7,45,65476,0,300,0,0,8,21553,0.0,-107605600.0,0.0,0.0,0.0,0.0,0.0,0.0,0.0,0.0,0.0,0.0,0.0,0.0,0.0,0.0,0.0,0.0,0.0,0.0,0.0,0.0,0.0,0.0,-0.0,0.0,0.0,0.0,0.0,0.0,5051.0,2.422988192762658e+24,0.0,0.0,-107615296.0,-107615280.0,2.718429300292151e+23,0.0,0.0,0.0,0.0,53,-0.0,5.848056079300204e+35,0.0,0.0,0.0,0.0,0.0,0.0,0.0,0,0,0,0.0,0.0,0.0,0.0,0.0,0.0,0.0,0.0,0.0,0.0,0.0,0.0,0.0,0.0,0.0,0.0,0,-107875648.0,53,0.0,106,-107614832.0,0.0,ERR,ERR,ERR,ERR,ERR,ERR,ERR,ERR,ERR,ERR,ERR,ERR,ERR,ERR,ERR,ERR,ERR,ERR,ERR,ERR,ERR,ERR,ERR,ERR,ERR,ERR,ERR,ERR,ERR,ERR,ERR,ERR,ERR,ERR,ERR,ERR,ERR,ERR,ERR,ERR,ERR,ERR,ERR,ERR,ERR,ERR,ERR,ERR,ERR,ERR,ERR,ERR,ERR,ERR,ERR,ERR,ERR,ERR,ERR,ERR,ERR,ERR,ERR,ERR,ERR,ERR,ERR,50.0,60.0,100,0.0,0.0,0.0,0.0,0.0,0.0,0.0,0.0,0.0,0.0,0.0,0.0,0.0,0.0,0.0,0.0,62.0,74,13,65512,50,65476,0,300,0,0,8,20529,65476,0,0,26214,60.0,0.0,0.0,0.0,0.0,0.0
2026-05-17T18:19:13,ERR,ERR,ERR,ERR,ERR,ERR,ERR,ERR,ERR,ERR,ERR,ERR,ERR,ERR,ERR,ERR,ERR,ERR,ERR,ERR,ERR,ERR,ERR,ERR,ERR,ERR,ERR,ERR,ERR,ERR,ERR,ERR,ERR,ERR,ERR,ERR,ERR,ERR,ERR,ERR,ERR,ERR,ERR,ERR,ERR,ERR,ERR,ERR,ERR,ERR,ERR,ERR,ERR,ERR,ERR,ERR,ERR,ERR,ERR,ERR,ERR,ERR,ERR,ERR,ERR,ERR,ERR,ERR,ERR,ERR,ERR,ERR,ERR,ERR,ERR,ERR,ERR,ERR,ERR,ERR,ERR,ERR,ERR,ERR,ERR,ERR,ERR,ERR,ERR,ERR,ERR,ERR,ERR,ERR,ERR,ERR,ERR,ERR,ERR,ERR,ERR,ERR,ERR,ERR,ERR,ERR,ERR,ERR,ERR,ERR,ERR,ERR,ERR,ERR,ERR,ERR,ERR,ERR,ERR,ERR,ERR,ERR,ERR,ERR,ERR,0.0,-107615296.0,-134474944.0,0.0,0.0,1.3936040501711995e+18,7.805,0.0,0,0,4,0,8422,0.0,45,0.0,0.0,0.0,0.0,0.0,0,0,0,0,0.0,0,0,0,0,0,0,0,0,0,0,0,0,0,0,0,0,0,0,0,0,0,0,0,0,0,0,0,0,0,0,0,0,0,38,14,7,45,65476,0,300,0,0,8,21553,0.0,-107605600.0,0.0,0.0,0.0,0.0,0.0,0.0,0.0,0.0,0.0,0.0,0.0,0.0,0.0,0.0,0.0,0.0,0.0,0.0,0.0,0.0,0.0,0.0,-0.0,0.0,0.0,0.0,0.0,0.0,5051.0,2.422988192762658e+24,0.0,0.0,-107615296.0,-107615280.0,2.718429300292151e+23,0.0,0.0,0.0,0.0,53,-0.0,5.848056079300204e+35,0.0,0.0,0.0,0.0,0.0,0.0,0.0,0,0,0,0.0,0.0,0.0,0.0,0.0,0.0,0.0,0.0,0.0,0.0,0.0,0.0,0.0,0.0,0.0,0.0,0,-107875648.0,53,0.0,106,-107614832.0,0.0,ERR,ERR,ERR,ERR,ERR,ERR,ERR,ERR,ERR,ERR,ERR,ERR,ERR,ERR,ERR,ERR,ERR,ERR,ERR,ERR,ERR,ERR,ERR,ERR,ERR,ERR,ERR,ERR,ERR,ERR,ERR,ERR,ERR,ERR,ERR,ERR,ERR,ERR,ERR,ERR,ERR,ERR,ERR,ERR,ERR,ERR,ERR,ERR,ERR,ERR,ERR,ERR,ERR,ERR,ERR,ERR,ERR,ERR,ERR,ERR,ERR,ERR,ERR,ERR,ERR,ERR,ERR,50.0,60.0,100,0.0,0.0,0.0,0.0,0.0,0.0,0.0,0.0,0.0,0.0,0.0,0.0,0.0,0.0,0.0,0.0,62.0,74,13,65512,50,65476,0,300,0,0,8,20529,65476,0,0,26214,60.0,0.0,0.0,0.0,0.0,0.0
2026-05-17T18:19:14,ERR,ERR,ERR,ERR,ERR,ERR,ERR,ERR,ERR,ERR,ERR,ERR,ERR,ERR,ERR,ERR,ERR,ERR,ERR,ERR,ERR,ERR,ERR,ERR,ERR,ERR,ERR,ERR,ERR,ERR,ERR,ERR,ERR,ERR,ERR,ERR,ERR,ERR,ERR,ERR,ERR,ERR,ERR,ERR,ERR,ERR,ERR,ERR,ERR,ERR,ERR,ERR,ERR,ERR,ERR,ERR,ERR,ERR,ERR,ERR,ERR,ERR,ERR,ERR,ERR,ERR,ERR,ERR,ERR,ERR,ERR,ERR,ERR,ERR,ERR,ERR,ERR,ERR,ERR,ERR,ERR,ERR,ERR,ERR,ERR,ERR,ERR,ERR,ERR,ERR,ERR,ERR,ERR,ERR,ERR,ERR,ERR,ERR,ERR,ERR,ERR,ERR,ERR,ERR,ERR,ERR,ERR,ERR,ERR,ERR,ERR,ERR,ERR,ERR,ERR,ERR,ERR,ERR,ERR,ERR,ERR,ERR,ERR,ERR,ERR,0.0,-107615296.0,-134474944.0,0.0,0.0,1.3936040501711995e+18,7.805,0.0,0,0,4,0,8422,0.0,45,0.0,0.0,0.0,0.0,0.0,0,0,0,0,0.0,0,0,0,0,0,0,0,0,0,0,0,0,0,0,0,0,0,0,0,0,0,0,0,0,0,0,0,0,0,0,0,0,0,38,14,7,45,65476,0,300,0,0,8,21553,0.0,-107605600.0,0.0,0.0,0.0,0.0,0.0,0.0,0.0,0.0,0.0,0.0,0.0,0.0,0.0,0.0,0.0,0.0,0.0,0.0,0.0,0.0,0.0,0.0,-0.0,0.0,0.0,0.0,0.0,0.0,5051.0,2.422988192762658e+24,0.0,0.0,-107615296.0,-107615280.0,2.718429300292151e+23,0.0,0.0,0.0,0.0,53,-0.0,5.848056079300204e+35,0.0,0.0,0.0,0.0,0.0,0.0,0.0,0,0,0,0.0,0.0,0.0,0.0,0.0,0.0,0.0,0.0,0.0,0.0,0.0,0.0,0.0,0.0,0.0,0.0,0,-107875648.0,53,0.0,106,-107614832.0,0.0,ERR,ERR,ERR,ERR,ERR,ERR,ERR,ERR,ERR,ERR,ERR,ERR,ERR,ERR,ERR,ERR,ERR,ERR,ERR,ERR,ERR,ERR,ERR,ERR,ERR,ERR,ERR,ERR,ERR,ERR,ERR,ERR,ERR,ERR,ERR,ERR,ERR,ERR,ERR,ERR,ERR,ERR,ERR,ERR,ERR,ERR,ERR,ERR,ERR,ERR,ERR,ERR,ERR,ERR,ERR,ERR,ERR,ERR,ERR,ERR,ERR,ERR,ERR,ERR,ERR,ERR,ERR,50.0,60.0,100,0.0,0.0,0.0,0.0,0.0,0.0,0.0,0.0,0.0,0.0,0.0,0.0,0.0,0.0,0.0,0.0,62.0,74,13,65512,50,65476,0,300,0,0,8,20529,65476,0,0,26214,60.0,0.0,0.0,0.0,0.0,0.0
2026-05-17T18:19:15,ERR,ERR,ERR,ERR,ERR,ERR,ERR,ERR,ERR,ERR,ERR,ERR,ERR,ERR,ERR,ERR,ERR,ERR,ERR,ERR,ERR,ERR,ERR,ERR,ERR,ERR,ERR,ERR,ERR,ERR,ERR,ERR,ERR,ERR,ERR,ERR,ERR,ERR,ERR,ERR,ERR,ERR,ERR,ERR,ERR,ERR,ERR,ERR,ERR,ERR,ERR,ERR,ERR,ERR,ERR,ERR,ERR,ERR,ERR,ERR,ERR,ERR,ERR,ERR,ERR,ERR,ERR,ERR,ERR,ERR,ERR,ERR,ERR,ERR,ERR,ERR,ERR,ERR,ERR,ERR,ERR,ERR,ERR,ERR,ERR,ERR,ERR,ERR,ERR,ERR,ERR,ERR,ERR,ERR,ERR,ERR,ERR,ERR,ERR,ERR,ERR,ERR,ERR,ERR,ERR,ERR,ERR,ERR,ERR,ERR,ERR,ERR,ERR,ERR,ERR,ERR,ERR,ERR,ERR,ERR,ERR,ERR,ERR,ERR,ERR,0.0,-107615296.0,-134474944.0,0.0,0.0,1.3936040501711995e+18,7.805,0.0,0,0,4,0,8422,0.0,45,0.0,0.0,0.0,0.0,0.0,0,0,0,0,0.0,0,0,0,0,0,0,0,0,0,0,0,0,0,0,0,0,0,0,0,0,0,0,0,0,0,0,0,0,0,0,0,0,0,38,14,7,45,65476,0,300,0,0,8,21553,0.0,-107605600.0,0.0,0.0,0.0,0.0,0.0,0.0,0.0,0.0,0.0,0.0,0.0,0.0,0.0,0.0,0.0,0.0,0.0,0.0,0.0,0.0,0.0,0.0,-0.0,0.0,0.0,0.0,0.0,0.0,5051.0,2.422988192762658e+24,0.0,0.0,-107615296.0,-107615280.0,2.718429300292151e+23,0.0,0.0,0.0,0.0,53,-0.0,5.848056079300204e+35,0.0,0.0,0.0,0.0,0.0,0.0,0.0,0,0,0,0.0,0.0,0.0,0.0,0.0,0.0,0.0,0.0,0.0,0.0,0.0,0.0,0.0,0.0,0.0,0.0,0,-107875648.0,53,0.0,106,-107614832.0,0.0,ERR,ERR,ERR,ERR,ERR,ERR,ERR,ERR,ERR,ERR,ERR,ERR,ERR,ERR,ERR,ERR,ERR,ERR,ERR,ERR,ERR,ERR,ERR,ERR,ERR,ERR,ERR,ERR,ERR,ERR,ERR,ERR,ERR,ERR,ERR,ERR,ERR,ERR,ERR,ERR,ERR,ERR,ERR,ERR,ERR,ERR,ERR,ERR,ERR,ERR,ERR,ERR,ERR,ERR,ERR,ERR,ERR,ERR,ERR,ERR,ERR,ERR,ERR,ERR,ERR,ERR,ERR,50.0,60.0,100,0.0,0.0,0.0,0.0,0.0,0.0,0.0,0.0,0.0,0.0,0.0,0.0,0.0,0.0,0.0,0.0,61.6,74,13,65512,50,65476,0,300,0,0,8,20529,65476,0,0,26214,60.0,0.0,0.0,0.0,0.0,0.0
2026-05-17T18:19:16,ERR,ERR,ERR,ERR,ERR,ERR,ERR,ERR,ERR,ERR,ERR,ERR,ERR,ERR,ERR,ERR,ERR,ERR,ERR,ERR,ERR,ERR,ERR,ERR,ERR,ERR,ERR,ERR,ERR,ERR,ERR,ERR,ERR,ERR,ERR,ERR,ERR,ERR,ERR,ERR,ERR,ERR,ERR,ERR,ERR,ERR,ERR,ERR,ERR,ERR,ERR,ERR,ERR,ERR,ERR,ERR,ERR,ERR,ERR,ERR,ERR,ERR,ERR,ERR,ERR,ERR,ERR,ERR,ERR,ERR,ERR,ERR,ERR,ERR,ERR,ERR,ERR,ERR,ERR,ERR,ERR,ERR,ERR,ERR,ERR,ERR,ERR,ERR,ERR,ERR,ERR,ERR,ERR,ERR,ERR,ERR,ERR,ERR,ERR,ERR,ERR,ERR,ERR,ERR,ERR,ERR,ERR,ERR,ERR,ERR,ERR,ERR,ERR,ERR,ERR,ERR,ERR,ERR,ERR,ERR,ERR,ERR,ERR,ERR,ERR,0.0,-107615296.0,-134474944.0,0.0,0.0,1.3936040501711995e+18,7.805,0.0,0,0,4,0,8422,0.0,45,0.0,0.0,0.0,0.0,0.0,0,0,0,0,0.0,0,0,0,0,0,0,0,0,0,0,0,0,0,0,0,0,0,0,0,0,0,0,0,0,0,0,0,0,0,0,0,0,0,38,14,7,45,65476,0,300,0,0,8,21553,0.0,-107605600.0,0.0,0.0,0.0,0.0,0.0,0.0,0.0,0.0,0.0,0.0,0.0,0.0,0.0,0.0,0.0,0.0,0.0,0.0,0.0,0.0,0.0,0.0,-0.0,0.0,0.0,0.0,0.0,0.0,5051.0,2.422988192762658e+24,0.0,0.0,-107615296.0,-107615280.0,2.718429300292151e+23,0.0,0.0,0.0,0.0,53,-0.0,5.848056079300204e+35,0.0,0.0,0.0,0.0,0.0,0.0,0.0,0,0,0,0.0,0.0,0.0,0.0,0.0,0.0,0.0,0.0,0.0,0.0,0.0,0.0,0.0,0.0,0.0,0.0,0,-107875648.0,53,0.0,106,-107614832.0,0.0,ERR,ERR,ERR,ERR,ERR,ERR,ERR,ERR,ERR,ERR,ERR,ERR,ERR,ERR,ERR,ERR,ERR,ERR,ERR,ERR,ERR,ERR,ERR,ERR,ERR,ERR,ERR,ERR,ERR,ERR,ERR,ERR,ERR,ERR,ERR,ERR,ERR,ERR,ERR,ERR,ERR,ERR,ERR,ERR,ERR,ERR,ERR,ERR,ERR,ERR,ERR,ERR,ERR,ERR,ERR,ERR,ERR,ERR,ERR,ERR,ERR,ERR,ERR,ERR,ERR,ERR,ERR,50.0,60.0,100,0.0,0.0,0.0,0.0,0.0,0.0,0.0,0.0,0.0,0.0,0.0,0.0,0.0,0.0,0.0,0.0,61.6,74,13,65512,50,65476,0,300,0,0,8,20529,65476,0,0,26214,60.0,0.0,0.0,0.0,0.0,0.0
2026-05-17T18:19:17,ERR,ERR,ERR,ERR,ERR,ERR,ERR,ERR,ERR,ERR,ERR,ERR,ERR,ERR,ERR,ERR,ERR,ERR,ERR,ERR,ERR,ERR,ERR,ERR,ERR,ERR,ERR,ERR,ERR,ERR,ERR,ERR,ERR,ERR,ERR,ERR,ERR,ERR,ERR,ERR,ERR,ERR,ERR,ERR,ERR,ERR,ERR,ERR,ERR,ERR,ERR,ERR,ERR,ERR,ERR,ERR,ERR,ERR,ERR,ERR,ERR,ERR,ERR,ERR,ERR,ERR,ERR,ERR,ERR,ERR,ERR,ERR,ERR,ERR,ERR,ERR,ERR,ERR,ERR,ERR,ERR,ERR,ERR,ERR,ERR,ERR,ERR,ERR,ERR,ERR,ERR,ERR,ERR,ERR,ERR,ERR,ERR,ERR,ERR,ERR,ERR,ERR,ERR,ERR,ERR,ERR,ERR,ERR,ERR,ERR,ERR,ERR,ERR,ERR,ERR,ERR,ERR,ERR,ERR,ERR,ERR,ERR,ERR,ERR,ERR,0.0,-107615296.0,-134474944.0,0.0,0.0,1.3936040501711995e+18,7.805,0.0,0,0,4,0,8422,0.0,45,0.0,0.0,0.0,0.0,0.0,0,0,0,0,0.0,0,0,0,0,0,0,0,0,0,0,0,0,0,0,0,0,0,0,0,0,0,0,0,0,0,0,0,0,0,0,0,0,0,38,14,7,45,65476,0,300,0,0,8,21553,0.0,-107605600.0,0.0,0.0,0.0,0.0,0.0,0.0,0.0,0.0,0.0,0.0,0.0,0.0,0.0,0.0,0.0,0.0,0.0,0.0,0.0,0.0,0.0,0.0,-0.0,0.0,0.0,0.0,0.0,0.0,5052.0,131350.453,0.0,0.0,-107615296.0,-107615280.0,2.718429300292151e+23,0.0,0.0,0.0,0.0,53,-0.0,1.9056860945658675e+17,0.0,0.0,0.0,0.0,0.0,0.0,0.0,0,0,0,0.0,0.0,0.0,0.0,0.0,0.0,0.0,0.0,0.0,0.0,0.0,0.0,0.0,0.0,0.0,0.0,0,-107875648.0,53,0.0,106,-107614832.0,0.0,ERR,ERR,ERR,ERR,ERR,ERR,ERR,ERR,ERR,ERR,ERR,ERR,ERR,ERR,ERR,ERR,ERR,ERR,ERR,ERR,ERR,ERR,ERR,ERR,ERR,ERR,ERR,ERR,ERR,ERR,ERR,ERR,ERR,ERR,ERR,ERR,ERR,ERR,ERR,ERR,ERR,ERR,ERR,ERR,ERR,ERR,ERR,ERR,ERR,ERR,ERR,ERR,ERR,ERR,ERR,ERR,ERR,ERR,ERR,ERR,ERR,ERR,ERR,ERR,ERR,ERR,ERR,50.0,60.0,100,0.0,0.0,0.0,0.0,0.0,0.0,0.0,0.0,0.0,0.0,0.0,0.0,0.0,0.0,0.0,0.0,61.6,74,13,65512,50,65476,0,300,0,0,8,20529,65476,0,0,26214,60.0,0.0,0.0,0.0,0.0,0.0
2026-05-17T18:19:18,ERR,ERR,ERR,ERR,ERR,ERR,ERR,ERR,ERR,ERR,ERR,ERR,ERR,ERR,ERR,ERR,ERR,ERR,ERR,ERR,ERR,ERR,ERR,ERR,ERR,ERR,ERR,ERR,ERR,ERR,ERR,ERR,ERR,ERR,ERR,ERR,ERR,ERR,ERR,ERR,ERR,ERR,ERR,ERR,ERR,ERR,ERR,ERR,ERR,ERR,ERR,ERR,ERR,ERR,ERR,ERR,ERR,ERR,ERR,ERR,ERR,ERR,ERR,ERR,ERR,ERR,ERR,ERR,ERR,ERR,ERR,ERR,ERR,ERR,ERR,ERR,ERR,ERR,ERR,ERR,ERR,ERR,ERR,ERR,ERR,ERR,ERR,ERR,ERR,ERR,ERR,ERR,ERR,ERR,ERR,ERR,ERR,ERR,ERR,ERR,ERR,ERR,ERR,ERR,ERR,ERR,ERR,ERR,ERR,ERR,ERR,ERR,ERR,ERR,ERR,ERR,ERR,ERR,ERR,ERR,ERR,ERR,ERR,ERR,ERR,0.0,-107615296.0,-134474944.0,0.0,0.0,1.3936040501711995e+18,7.805,0.0,0,0,4,0,8422,0.0,45,0.0,0.0,0.0,0.0,0.0,0,0,0,0,0.0,0,0,0,0,0,0,0,0,0,0,0,0,0,0,0,0,0,0,0,0,0,0,0,0,0,0,0,0,0,0,0,0,0,38,14,7,45,65476,0,300,0,0,8,21553,0.0,-107605600.0,0.0,0.0,0.0,0.0,0.0,0.0,0.0,0.0,0.0,0.0,0.0,0.0,0.0,0.0,0.0,0.0,0.0,0.0,0.0,0.0,0.0,0.0,-0.0,0.0,0.0,0.0,0.0,0.0,5052.0,131350.453,0.0,0.0,-107615296.0,-107615280.0,2.718429300292151e+23,0.0,0.0,0.0,0.0,53,-0.0,1.9056860945658675e+17,0.0,0.0,0.0,0.0,0.0,0.0,0.0,0,0,0,0.0,0.0,0.0,0.0,0.0,0.0,0.0,0.0,0.0,0.0,0.0,0.0,0.0,0.0,0.0,0.0,0,-107875648.0,53,0.0,106,-107614832.0,0.0,ERR,ERR,ERR,ERR,ERR,ERR,ERR,ERR,ERR,ERR,ERR,ERR,ERR,ERR,ERR,ERR,ERR,ERR,ERR,ERR,ERR,ERR,ERR,ERR,ERR,ERR,ERR,ERR,ERR,ERR,ERR,ERR,ERR,ERR,ERR,ERR,ERR,ERR,ERR,ERR,ERR,ERR,ERR,ERR,ERR,ERR,ERR,ERR,ERR,ERR,ERR,ERR,ERR,ERR,ERR,ERR,ERR,ERR,ERR,ERR,ERR,ERR,ERR,ERR,ERR,ERR,ERR,50.0,60.0,100,0.0,0.0,0.0,0.0,0.0,0.0,0.0,0.0,0.0,0.0,0.0,0.0,0.0,0.0,0.0,0.0,61.6,74,13,65512,50,65476,0,300,0,0,8,20529,65476,0,0,26214,60.0,0.0,0.0,0.0,0.0,0.0
2026-05-17T18:19:19,ERR,ERR,ERR,ERR,ERR,ERR,ERR,ERR,ERR,ERR,ERR,ERR,ERR,ERR,ERR,ERR,ERR,ERR,ERR,ERR,ERR,ERR,ERR,ERR,ERR,ERR,ERR,ERR,ERR,ERR,ERR,ERR,ERR,ERR,ERR,ERR,ERR,ERR,ERR,ERR,ERR,ERR,ERR,ERR,ERR,ERR,ERR,ERR,ERR,ERR,ERR,ERR,ERR,ERR,ERR,ERR,ERR,ERR,ERR,ERR,ERR,ERR,ERR,ERR,ERR,ERR,ERR,ERR,ERR,ERR,ERR,ERR,ERR,ERR,ERR,ERR,ERR,ERR,ERR,ERR,ERR,ERR,ERR,ERR,ERR,ERR,ERR,ERR,ERR,ERR,ERR,ERR,ERR,ERR,ERR,ERR,ERR,ERR,ERR,ERR,ERR,ERR,ERR,ERR,ERR,ERR,ERR,ERR,ERR,ERR,ERR,ERR,ERR,ERR,ERR,ERR,ERR,ERR,ERR,ERR,ERR,ERR,ERR,ERR,ERR,0.0,-107615296.0,-134474944.0,0.0,0.0,1.3936040501711995e+18,7.805,0.0,0,0,4,0,8422,0.0,45,0.0,0.0,0.0,0.0,0.0,0,0,0,0,0.0,0,0,0,0,0,0,0,0,0,0,0,0,0,0,0,0,0,0,0,0,0,0,0,0,0,0,0,0,0,0,0,0,0,38,14,7,45,65476,0,300,0,0,8,21553,0.0,-107605600.0,0.0,0.0,0.0,0.0,0.0,0.0,0.0,0.0,0.0,0.0,0.0,0.0,0.0,0.0,0.0,0.0,0.0,0.0,0.0,0.0,0.0,0.0,-0.0,0.0,0.0,0.0,0.0,0.0,5052.0,131350.453,0.0,0.0,-107615296.0,-107615280.0,2.718429300292151e+23,0.0,0.0,0.0,0.0,53,-0.0,1.9056860945658675e+17,0.0,0.0,0.0,0.0,0.0,0.0,0.0,0,0,0,0.0,0.0,0.0,0.0,0.0,0.0,0.0,0.0,0.0,0.0,0.0,0.0,0.0,0.0,0.0,0.0,0,-107875648.0,53,0.0,106,-107614832.0,0.0,ERR,ERR,ERR,ERR,ERR,ERR,ERR,ERR,ERR,ERR,ERR,ERR,ERR,ERR,ERR,ERR,ERR,ERR,ERR,ERR,ERR,ERR,ERR,ERR,ERR,ERR,ERR,ERR,ERR,ERR,ERR,ERR,ERR,ERR,ERR,ERR,ERR,ERR,ERR,ERR,ERR,ERR,ERR,ERR,ERR,ERR,ERR,ERR,ERR,ERR,ERR,ERR,ERR,ERR,ERR,ERR,ERR,ERR,ERR,ERR,ERR,ERR,ERR,ERR,ERR,ERR,ERR,50.0,60.0,100,0.0,0.0,0.0,0.0,0.0,0.0,0.0,0.0,0.0,0.0,0.0,0.0,0.0,0.0,0.0,0.0,61.6,74,13,65512,50,65476,0,300,0,0,8,20529,65476,0,0,26214,60.0,0.0,0.0,0.0,0.0,0.0
2026-05-17T18:19:20,ERR,ERR,ERR,ERR,ERR,ERR,ERR,ERR,ERR,ERR,ERR,ERR,ERR,ERR,ERR,ERR,ERR,ERR,ERR,ERR,ERR,ERR,ERR,ERR,ERR,ERR,ERR,ERR,ERR,ERR,ERR,ERR,ERR,ERR,ERR,ERR,ERR,ERR,ERR,ERR,ERR,ERR,ERR,ERR,ERR,ERR,ERR,ERR,ERR,ERR,ERR,ERR,ERR,ERR,ERR,ERR,ERR,ERR,ERR,ERR,ERR,ERR,ERR,ERR,ERR,ERR,ERR,ERR,ERR,ERR,ERR,ERR,ERR,ERR,ERR,ERR,ERR,ERR,ERR,ERR,ERR,ERR,ERR,ERR,ERR,ERR,ERR,ERR,ERR,ERR,ERR,ERR,ERR,ERR,ERR,ERR,ERR,ERR,ERR,ERR,ERR,ERR,ERR,ERR,ERR,ERR,ERR,ERR,ERR,ERR,ERR,ERR,ERR,ERR,ERR,ERR,ERR,ERR,ERR,ERR,ERR,ERR,ERR,ERR,ERR,0.0,-107615296.0,-134474944.0,0.0,0.0,1.3936040501711995e+18,7.805,0.0,0,0,4,0,8422,0.0,45,0.0,0.0,0.0,0.0,0.0,0,0,0,0,0.0,0,0,0,0,0,0,0,0,0,0,0,0,0,0,0,0,0,0,0,0,0,0,0,0,0,0,0,0,0,0,0,0,0,38,14,7,45,65476,0,300,0,0,8,21553,0.0,-107605600.0,0.0,0.0,0.0,0.0,0.0,0.0,0.0,0.0,0.0,0.0,0.0,0.0,0.0,0.0,0.0,0.0,0.0,0.0,0.0,0.0,0.0,0.0,-0.0,0.0,0.0,0.0,0.0,0.0,5052.0,131350.453,0.0,0.0,-107615296.0,-107615280.0,2.718429300292151e+23,0.0,0.0,0.0,0.0,53,-0.0,1.9056860945658675e+17,0.0,0.0,0.0,0.0,0.0,0.0,0.0,0,0,0,0.0,0.0,0.0,0.0,0.0,0.0,0.0,0.0,0.0,0.0,0.0,0.0,0.0,0.0,0.0,0.0,0,-107875648.0,53,0.0,106,-107614832.0,0.0,ERR,ERR,ERR,ERR,ERR,ERR,ERR,ERR,ERR,ERR,ERR,ERR,ERR,ERR,ERR,ERR,ERR,ERR,ERR,ERR,ERR,ERR,ERR,ERR,ERR,ERR,ERR,ERR,ERR,ERR,ERR,ERR,ERR,ERR,ERR,ERR,ERR,ERR,ERR,ERR,ERR,ERR,ERR,ERR,ERR,ERR,ERR,ERR,ERR,ERR,ERR,ERR,ERR,ERR,ERR,ERR,ERR,ERR,ERR,ERR,ERR,ERR,ERR,ERR,ERR,ERR,ERR,50.0,60.0,100,0.0,0.0,0.0,0.0,0.0,0.0,0.0,0.0,0.0,0.0,0.0,0.0,0.0,0.0,0.0,0.0,61.6,74,13,65512,50,65476,0,300,0,0,8,20529,65476,0,0,26214,60.0,0.0,0.0,0.0,0.0,0.0
2026-05-17T18:19:21,ERR,ERR,ERR,ERR,ERR,ERR,ERR,ERR,ERR,ERR,ERR,ERR,ERR,ERR,ERR,ERR,ERR,ERR,ERR,ERR,ERR,ERR,ERR,ERR,ERR,ERR,ERR,ERR,ERR,ERR,ERR,ERR,ERR,ERR,ERR,ERR,ERR,ERR,ERR,ERR,ERR,ERR,ERR,ERR,ERR,ERR,ERR,ERR,ERR,ERR,ERR,ERR,ERR,ERR,ERR,ERR,ERR,ERR,ERR,ERR,ERR,ERR,ERR,ERR,ERR,ERR,ERR,ERR,ERR,ERR,ERR,ERR,ERR,ERR,ERR,ERR,ERR,ERR,ERR,ERR,ERR,ERR,ERR,ERR,ERR,ERR,ERR,ERR,ERR,ERR,ERR,ERR,ERR,ERR,ERR,ERR,ERR,ERR,ERR,ERR,ERR,ERR,ERR,ERR,ERR,ERR,ERR,ERR,ERR,ERR,ERR,ERR,ERR,ERR,ERR,ERR,ERR,ERR,ERR,ERR,ERR,ERR,ERR,ERR,ERR,0.0,-107615296.0,-134474944.0,0.0,0.0,1.3936040501711995e+18,7.805,0.0,0,0,4,0,8422,0.0,45,0.0,0.0,0.0,0.0,0.0,0,0,0,0,0.0,0,0,0,0,0,0,0,0,0,0,0,0,0,0,0,0,0,0,0,0,0,0,0,0,0,0,0,0,0,0,0,0,0,38,14,7,45,65476,0,300,0,0,8,21553,0.0,-107605600.0,0.0,0.0,0.0,0.0,0.0,0.0,0.0,0.0,0.0,0.0,0.0,0.0,0.0,0.0,0.0,0.0,0.0,0.0,0.0,0.0,0.0,0.0,-0.0,0.0,0.0,0.0,0.0,0.0,5052.0,131350.453,0.0,0.0,-107615296.0,-107615280.0,2.718429300292151e+23,0.0,0.0,0.0,0.0,53,-0.0,1.9056860945658675e+17,0.0,0.0,0.0,0.0,0.0,0.0,0.0,0,0,0,0.0,0.0,0.0,0.0,0.0,0.0,0.0,0.0,0.0,0.0,0.0,0.0,0.0,0.0,0.0,0.0,0,-107875648.0,53,0.0,106,-107614832.0,0.0,ERR,ERR,ERR,ERR,ERR,ERR,ERR,ERR,ERR,ERR,ERR,ERR,ERR,ERR,ERR,ERR,ERR,ERR,ERR,ERR,ERR,ERR,ERR,ERR,ERR,ERR,ERR,ERR,ERR,ERR,ERR,ERR,ERR,ERR,ERR,ERR,ERR,ERR,ERR,ERR,ERR,ERR,ERR,ERR,ERR,ERR,ERR,ERR,ERR,ERR,ERR,ERR,ERR,ERR,ERR,ERR,ERR,ERR,ERR,ERR,ERR,ERR,ERR,ERR,ERR,ERR,ERR,50.0,60.0,100,0.0,0.0,0.0,0.0,0.0,0.0,0.0,0.0,0.0,0.0,0.0,0.0,0.0,0.0,0.0,0.0,61.6,74,13,65512,50,65476,0,300,0,0,8,20529,65476,0,0,26214,60.0,0.0,0.0,0.0,0.0,0.0
2026-05-17T18:19:22,ERR,ERR,ERR,ERR,ERR,ERR,ERR,ERR,ERR,ERR,ERR,ERR,ERR,ERR,ERR,ERR,ERR,ERR,ERR,ERR,ERR,ERR,ERR,ERR,ERR,ERR,ERR,ERR,ERR,ERR,ERR,ERR,ERR,ERR,ERR,ERR,ERR,ERR,ERR,ERR,ERR,ERR,ERR,ERR,ERR,ERR,ERR,ERR,ERR,ERR,ERR,ERR,ERR,ERR,ERR,ERR,ERR,ERR,ERR,ERR,ERR,ERR,ERR,ERR,ERR,ERR,ERR,ERR,ERR,ERR,ERR,ERR,ERR,ERR,ERR,ERR,ERR,ERR,ERR,ERR,ERR,ERR,ERR,ERR,ERR,ERR,ERR,ERR,ERR,ERR,ERR,ERR,ERR,ERR,ERR,ERR,ERR,ERR,ERR,ERR,ERR,ERR,ERR,ERR,ERR,ERR,ERR,ERR,ERR,ERR,ERR,ERR,ERR,ERR,ERR,ERR,ERR,ERR,ERR,ERR,ERR,ERR,ERR,ERR,ERR,0.0,-107615296.0,-134474944.0,0.0,0.0,1.3936040501711995e+18,7.805,0.0,0,0,4,0,8422,0.0,45,0.0,0.0,0.0,0.0,0.0,0,0,0,0,0.0,0,0,0,0,0,0,0,0,0,0,0,0,0,0,0,0,0,0,0,0,0,0,0,0,0,0,0,0,0,0,0,0,0,38,14,7,45,65476,0,300,0,0,8,21553,0.0,-107605600.0,0.0,0.0,0.0,0.0,0.0,0.0,0.0,0.0,0.0,0.0,0.0,0.0,0.0,0.0,0.0,0.0,0.0,0.0,0.0,0.0,0.0,0.0,-0.0,0.0,0.0,0.0,0.0,0.0,5050.0,1.5879295420089355e+29,0.0,0.0,-107615296.0,-107615280.0,2.718429300292151e+23,0.0,0.0,0.0,0.0,53,-0.0,-0.0,0.0,0.0,0.0,0.0,0.0,0.0,0.0,0,0,0,0.0,0.0,0.0,0.0,0.0,0.0,0.0,0.0,0.0,0.0,0.0,0.0,0.0,0.0,0.0,0.0,0,-107875648.0,53,0.0,106,-107614832.0,0.0,ERR,ERR,ERR,ERR,ERR,ERR,ERR,ERR,ERR,ERR,ERR,ERR,ERR,ERR,ERR,ERR,ERR,ERR,ERR,ERR,ERR,ERR,ERR,ERR,ERR,ERR,ERR,ERR,ERR,ERR,ERR,ERR,ERR,ERR,ERR,ERR,ERR,ERR,ERR,ERR,ERR,ERR,ERR,ERR,ERR,ERR,ERR,ERR,ERR,ERR,ERR,ERR,ERR,ERR,ERR,ERR,ERR,ERR,ERR,ERR,ERR,ERR,ERR,ERR,ERR,ERR,ERR,50.0,60.0,100,0.0,0.0,0.0,0.0,0.0,0.0,0.0,0.0,0.0,0.0,0.0,0.0,0.0,0.0,0.0,0.0,61.6,74,13,65512,50,65476,0,300,0,0,8,20529,65476,0,0,26214,60.0,0.0,0.0,0.0,0.0,0.0
2026-05-17T18:19:23,ERR,ERR,ERR,ERR,ERR,ERR,ERR,ERR,ERR,ERR,ERR,ERR,ERR,ERR,ERR,ERR,ERR,ERR,ERR,ERR,ERR,ERR,ERR,ERR,ERR,ERR,ERR,ERR,ERR,ERR,ERR,ERR,ERR,ERR,ERR,ERR,ERR,ERR,ERR,ERR,ERR,ERR,ERR,ERR,ERR,ERR,ERR,ERR,ERR,ERR,ERR,ERR,ERR,ERR,ERR,ERR,ERR,ERR,ERR,ERR,ERR,ERR,ERR,ERR,ERR,ERR,ERR,ERR,ERR,ERR,ERR,ERR,ERR,ERR,ERR,ERR,ERR,ERR,ERR,ERR,ERR,ERR,ERR,ERR,ERR,ERR,ERR,ERR,ERR,ERR,ERR,ERR,ERR,ERR,ERR,ERR,ERR,ERR,ERR,ERR,ERR,ERR,ERR,ERR,ERR,ERR,ERR,ERR,ERR,ERR,ERR,ERR,ERR,ERR,ERR,ERR,ERR,ERR,ERR,ERR,ERR,ERR,ERR,ERR,ERR,0.0,-107615296.0,-134474944.0,0.0,0.0,1.3936040501711995e+18,7.805,0.0,0,0,4,0,8422,0.0,45,0.0,0.0,0.0,0.0,0.0,0,0,0,0,0.0,0,0,0,0,0,0,0,0,0,0,0,0,0,0,0,0,0,0,0,0,0,0,0,0,0,0,0,0,0,0,0,0,0,38,14,7,45,65476,0,300,0,0,8,21553,0.0,-107605600.0,0.0,0.0,0.0,0.0,0.0,0.0,0.0,0.0,0.0,0.0,0.0,0.0,0.0,0.0,0.0,0.0,0.0,0.0,0.0,0.0,0.0,0.0,-0.0,0.0,0.0,0.0,0.0,0.0,5050.0,1.5879295420089355e+29,0.0,0.0,-107615296.0,-107615280.0,2.718429300292151e+23,0.0,0.0,0.0,0.0,53,-0.0,-0.0,0.0,0.0,0.0,0.0,0.0,0.0,0.0,0,0,0,0.0,0.0,0.0,0.0,0.0,0.0,0.0,0.0,0.0,0.0,0.0,0.0,0.0,0.0,0.0,0.0,0,-107875648.0,53,0.0,106,-107614832.0,0.0,ERR,ERR,ERR,ERR,ERR,ERR,ERR,ERR,ERR,ERR,ERR,ERR,ERR,ERR,ERR,ERR,ERR,ERR,ERR,ERR,ERR,ERR,ERR,ERR,ERR,ERR,ERR,ERR,ERR,ERR,ERR,ERR,ERR,ERR,ERR,ERR,ERR,ERR,ERR,ERR,ERR,ERR,ERR,ERR,ERR,ERR,ERR,ERR,ERR,ERR,ERR,ERR,ERR,ERR,ERR,ERR,ERR,ERR,ERR,ERR,ERR,ERR,ERR,ERR,ERR,ERR,ERR,50.0,60.0,100,0.0,0.0,0.0,0.0,0.0,0.0,0.0,0.0,0.0,0.0,0.0,0.0,0.0,0.0,0.0,0.0,61.6,74,13,65512,50,65476,0,300,0,0,8,20529,65476,0,0,26214,60.0,0.0,0.0,0.0,0.0,0.0
2026-05-17T18:19:24,ERR,ERR,ERR,ERR,ERR,ERR,ERR,ERR,ERR,ERR,ERR,ERR,ERR,ERR,ERR,ERR,ERR,ERR,ERR,ERR,ERR,ERR,ERR,ERR,ERR,ERR,ERR,ERR,ERR,ERR,ERR,ERR,ERR,ERR,ERR,ERR,ERR,ERR,ERR,ERR,ERR,ERR,ERR,ERR,ERR,ERR,ERR,ERR,ERR,ERR,ERR,ERR,ERR,ERR,ERR,ERR,ERR,ERR,ERR,ERR,ERR,ERR,ERR,ERR,ERR,ERR,ERR,ERR,ERR,ERR,ERR,ERR,ERR,ERR,ERR,ERR,ERR,ERR,ERR,ERR,ERR,ERR,ERR,ERR,ERR,ERR,ERR,ERR,ERR,ERR,ERR,ERR,ERR,ERR,ERR,ERR,ERR,ERR,ERR,ERR,ERR,ERR,ERR,ERR,ERR,ERR,ERR,ERR,ERR,ERR,ERR,ERR,ERR,ERR,ERR,ERR,ERR,ERR,ERR,ERR,ERR,ERR,ERR,ERR,ERR,0.0,-107615296.0,-134474944.0,0.0,0.0,1.3936040501711995e+18,7.805,0.0,0,0,4,0,8422,0.0,45,0.0,0.0,0.0,0.0,0.0,0,0,0,0,0.0,0,0,0,0,0,0,0,0,0,0,0,0,0,0,0,0,0,0,0,0,0,0,0,0,0,0,0,0,0,0,0,0,0,38,14,7,45,65476,0,300,0,0,8,21553,0.0,-107605600.0,0.0,0.0,0.0,0.0,0.0,0.0,0.0,0.0,0.0,0.0,0.0,0.0,0.0,0.0,0.0,0.0,0.0,0.0,0.0,0.0,0.0,0.0,-0.0,0.0,0.0,0.0,0.0,0.0,5050.0,1.5879295420089355e+29,0.0,0.0,-107615296.0,-107615280.0,2.718429300292151e+23,0.0,0.0,0.0,0.0,53,-0.0,-0.0,0.0,0.0,0.0,0.0,0.0,0.0,0.0,0,0,0,0.0,0.0,0.0,0.0,0.0,0.0,0.0,0.0,0.0,0.0,0.0,0.0,0.0,0.0,0.0,0.0,0,-107875648.0,53,0.0,106,-107614832.0,0.0,ERR,ERR,ERR,ERR,ERR,ERR,ERR,ERR,ERR,ERR,ERR,ERR,ERR,ERR,ERR,ERR,ERR,ERR,ERR,ERR,ERR,ERR,ERR,ERR,ERR,ERR,ERR,ERR,ERR,ERR,ERR,ERR,ERR,ERR,ERR,ERR,ERR,ERR,ERR,ERR,ERR,ERR,ERR,ERR,ERR,ERR,ERR,ERR,ERR,ERR,ERR,ERR,ERR,ERR,ERR,ERR,ERR,ERR,ERR,ERR,ERR,ERR,ERR,ERR,ERR,ERR,ERR,50.0,60.0,100,0.0,0.0,0.0,0.0,0.0,0.0,0.0,0.0,0.0,0.0,0.0,0.0,0.0,0.0,0.0,0.0,61.6,74,13,65512,50,65476,0,300,0,0,8,20529,65476,0,0,26214,60.0,0.0,0.0,0.0,0.0,0.0
2026-05-17T18:19:25,ERR,ERR,ERR,ERR,ERR,ERR,ERR,ERR,ERR,ERR,ERR,ERR,ERR,ERR,ERR,ERR,ERR,ERR,ERR,ERR,ERR,ERR,ERR,ERR,ERR,ERR,ERR,ERR,ERR,ERR,ERR,ERR,ERR,ERR,ERR,ERR,ERR,ERR,ERR,ERR,ERR,ERR,ERR,ERR,ERR,ERR,ERR,ERR,ERR,ERR,ERR,ERR,ERR,ERR,ERR,ERR,ERR,ERR,ERR,ERR,ERR,ERR,ERR,ERR,ERR,ERR,ERR,ERR,ERR,ERR,ERR,ERR,ERR,ERR,ERR,ERR,ERR,ERR,ERR,ERR,ERR,ERR,ERR,ERR,ERR,ERR,ERR,ERR,ERR,ERR,ERR,ERR,ERR,ERR,ERR,ERR,ERR,ERR,ERR,ERR,ERR,ERR,ERR,ERR,ERR,ERR,ERR,ERR,ERR,ERR,ERR,ERR,ERR,ERR,ERR,ERR,ERR,ERR,ERR,ERR,ERR,ERR,ERR,ERR,ERR,0.0,-107615296.0,-134474944.0,0.0,0.0,1.3936040501711995e+18,7.805,0.0,0,0,4,0,8422,0.0,45,0.0,0.0,0.0,0.0,0.0,0,0,0,0,0.0,0,0,0,0,0,0,0,0,0,0,0,0,0,0,0,0,0,0,0,0,0,0,0,0,0,0,0,0,0,0,0,0,0,38,14,7,45,65476,0,300,0,0,8,21553,0.0,-107605600.0,0.0,0.0,0.0,0.0,0.0,0.0,0.0,0.0,0.0,0.0,0.0,0.0,0.0,0.0,0.0,0.0,0.0,0.0,0.0,0.0,0.0,0.0,-0.0,0.0,0.0,0.0,0.0,0.0,5050.0,1.5879295420089355e+29,0.0,0.0,-107615296.0,-107615280.0,2.718429300292151e+23,0.0,0.0,0.0,0.0,53,-0.0,-0.0,0.0,0.0,0.0,0.0,0.0,0.0,0.0,0,0,0,0.0,0.0,0.0,0.0,0.0,0.0,0.0,0.0,0.0,0.0,0.0,0.0,0.0,0.0,0.0,0.0,0,-107875648.0,53,0.0,106,-107614832.0,0.0,ERR,ERR,ERR,ERR,ERR,ERR,ERR,ERR,ERR,ERR,ERR,ERR,ERR,ERR,ERR,ERR,ERR,ERR,ERR,ERR,ERR,ERR,ERR,ERR,ERR,ERR,ERR,ERR,ERR,ERR,ERR,ERR,ERR,ERR,ERR,ERR,ERR,ERR,ERR,ERR,ERR,ERR,ERR,ERR,ERR,ERR,ERR,ERR,ERR,ERR,ERR,ERR,ERR,ERR,ERR,ERR,ERR,ERR,ERR,ERR,ERR,ERR,ERR,ERR,ERR,ERR,ERR,50.0,60.0,100,0.0,0.0,0.0,0.0,0.0,0.0,0.0,0.0,0.0,0.0,0.0,0.0,0.0,0.0,0.0,0.0,61.6,74,13,65512,50,65476,0,300,0,0,8,20529,65476,0,0,26214,60.0,0.0,0.0,0.0,0.0,0.0
2026-05-17T18:19:26,ERR,ERR,ERR,ERR,ERR,ERR,ERR,ERR,ERR,ERR,ERR,ERR,ERR,ERR,ERR,ERR,ERR,ERR,ERR,ERR,ERR,ERR,ERR,ERR,ERR,ERR,ERR,ERR,ERR,ERR,ERR,ERR,ERR,ERR,ERR,ERR,ERR,ERR,ERR,ERR,ERR,ERR,ERR,ERR,ERR,ERR,ERR,ERR,ERR,ERR,ERR,ERR,ERR,ERR,ERR,ERR,ERR,ERR,ERR,ERR,ERR,ERR,ERR,ERR,ERR,ERR,ERR,ERR,ERR,ERR,ERR,ERR,ERR,ERR,ERR,ERR,ERR,ERR,ERR,ERR,ERR,ERR,ERR,ERR,ERR,ERR,ERR,ERR,ERR,ERR,ERR,ERR,ERR,ERR,ERR,ERR,ERR,ERR,ERR,ERR,ERR,ERR,ERR,ERR,ERR,ERR,ERR,ERR,ERR,ERR,ERR,ERR,ERR,ERR,ERR,ERR,ERR,ERR,ERR,ERR,ERR,ERR,ERR,ERR,ERR,0.0,-107615296.0,-134474944.0,0.0,0.0,1.3936040501711995e+18,7.805,0.0,0,0,4,0,8422,0.0,45,0.0,0.0,0.0,0.0,0.0,0,0,0,0,0.0,0,0,0,0,0,0,0,0,0,0,0,0,0,0,0,0,0,0,0,0,0,0,0,0,0,0,0,0,0,0,0,0,0,38,14,7,45,65476,0,300,0,0,8,21553,0.0,-107605600.0,0.0,0.0,0.0,0.0,0.0,0.0,0.0,0.0,0.0,0.0,0.0,0.0,0.0,0.0,0.0,0.0,0.0,0.0,0.0,0.0,0.0,0.0,-0.0,0.0,0.0,0.0,0.0,0.0,5050.0,1.5879295420089355e+29,0.0,0.0,-107615296.0,-107615280.0,2.718429300292151e+23,0.0,0.0,0.0,0.0,53,-0.0,-0.0,0.0,0.0,0.0,0.0,0.0,0.0,0.0,0,0,0,0.0,0.0,0.0,0.0,0.0,0.0,0.0,0.0,0.0,0.0,0.0,0.0,0.0,0.0,0.0,0.0,0,-107875648.0,53,0.0,106,-107614832.0,0.0,ERR,ERR,ERR,ERR,ERR,ERR,ERR,ERR,ERR,ERR,ERR,ERR,ERR,ERR,ERR,ERR,ERR,ERR,ERR,ERR,ERR,ERR,ERR,ERR,ERR,ERR,ERR,ERR,ERR,ERR,ERR,ERR,ERR,ERR,ERR,ERR,ERR,ERR,ERR,ERR,ERR,ERR,ERR,ERR,ERR,ERR,ERR,ERR,ERR,ERR,ERR,ERR,ERR,ERR,ERR,ERR,ERR,ERR,ERR,ERR,ERR,ERR,ERR,ERR,ERR,ERR,ERR,50.0,60.0,100,0.0,0.0,0.0,0.0,0.0,0.0,0.0,0.0,0.0,0.0,0.0,0.0,0.0,0.0,0.0,0.0,61.6,74,13,65512,50,65476,0,300,0,0,8,20529,65476,0,0,26214,60.0,0.0,0.0,0.0,0.0,0.0
2026-05-17T18:19:27,ERR,ERR,ERR,ERR,ERR,ERR,ERR,ERR,ERR,ERR,ERR,ERR,ERR,ERR,ERR,ERR,ERR,ERR,ERR,ERR,ERR,ERR,ERR,ERR,ERR,ERR,ERR,ERR,ERR,ERR,ERR,ERR,ERR,ERR,ERR,ERR,ERR,ERR,ERR,ERR,ERR,ERR,ERR,ERR,ERR,ERR,ERR,ERR,ERR,ERR,ERR,ERR,ERR,ERR,ERR,ERR,ERR,ERR,ERR,ERR,ERR,ERR,ERR,ERR,ERR,ERR,ERR,ERR,ERR,ERR,ERR,ERR,ERR,ERR,ERR,ERR,ERR,ERR,ERR,ERR,ERR,ERR,ERR,ERR,ERR,ERR,ERR,ERR,ERR,ERR,ERR,ERR,ERR,ERR,ERR,ERR,ERR,ERR,ERR,ERR,ERR,ERR,ERR,ERR,ERR,ERR,ERR,ERR,ERR,ERR,ERR,ERR,ERR,ERR,ERR,ERR,ERR,ERR,ERR,ERR,ERR,ERR,ERR,ERR,ERR,0.0,-107615296.0,-134474944.0,0.0,0.0,1.3936040501711995e+18,7.805,0.0,0,0,4,0,8422,0.0,45,0.0,0.0,0.0,0.0,0.0,0,0,0,0,0.0,0,0,0,0,0,0,0,0,0,0,0,0,0,0,0,0,0,0,0,0,0,0,0,0,0,0,0,0,0,0,0,0,0,38,14,7,45,65476,0,300,0,0,8,21553,0.0,-107605600.0,0.0,0.0,0.0,0.0,0.0,0.0,0.0,0.0,0.0,0.0,0.0,0.0,0.0,0.0,0.0,0.0,0.0,0.0,0.0,0.0,0.0,0.0,-0.0,0.0,0.0,0.0,0.0,0.0,5051.0,1.040665504650976e+34,0.0,0.0,-107615296.0,-107615280.0,2.718429300292151e+23,0.0,0.0,0.0,0.0,53,-0.0,-0.0,0.0,0.0,0.0,0.0,0.0,0.0,0.0,0,0,0,0.0,0.0,0.0,0.0,0.0,0.0,0.0,0.0,0.0,0.0,0.0,0.0,0.0,0.0,0.0,0.0,0,-107875648.0,53,0.0,106,-107614832.0,0.0,ERR,ERR,ERR,ERR,ERR,ERR,ERR,ERR,ERR,ERR,ERR,ERR,ERR,ERR,ERR,ERR,ERR,ERR,ERR,ERR,ERR,ERR,ERR,ERR,ERR,ERR,ERR,ERR,ERR,ERR,ERR,ERR,ERR,ERR,ERR,ERR,ERR,ERR,ERR,ERR,ERR,ERR,ERR,ERR,ERR,ERR,ERR,ERR,ERR,ERR,ERR,ERR,ERR,ERR,ERR,ERR,ERR,ERR,ERR,ERR,ERR,ERR,ERR,ERR,ERR,ERR,ERR,50.0,60.0,100,0.0,0.0,0.0,0.0,0.0,0.0,0.0,0.0,0.0,0.0,0.0,0.0,0.0,0.0,0.0,0.0,61.6,74,13,65512,50,65476,0,300,0,0,8,20529,65476,0,0,26214,60.0,0.0,0.0,0.0,0.0,0.0
2026-05-17T18:19:28,ERR,ERR,ERR,ERR,ERR,ERR,ERR,ERR,ERR,ERR,ERR,ERR,ERR,ERR,ERR,ERR,ERR,ERR,ERR,ERR,ERR,ERR,ERR,ERR,ERR,ERR,ERR,ERR,ERR,ERR,ERR,ERR,ERR,ERR,ERR,ERR,ERR,ERR,ERR,ERR,ERR,ERR,ERR,ERR,ERR,ERR,ERR,ERR,ERR,ERR,ERR,ERR,ERR,ERR,ERR,ERR,ERR,ERR,ERR,ERR,ERR,ERR,ERR,ERR,ERR,ERR,ERR,ERR,ERR,ERR,ERR,ERR,ERR,ERR,ERR,ERR,ERR,ERR,ERR,ERR,ERR,ERR,ERR,ERR,ERR,ERR,ERR,ERR,ERR,ERR,ERR,ERR,ERR,ERR,ERR,ERR,ERR,ERR,ERR,ERR,ERR,ERR,ERR,ERR,ERR,ERR,ERR,ERR,ERR,ERR,ERR,ERR,ERR,ERR,ERR,ERR,ERR,ERR,ERR,ERR,ERR,ERR,ERR,ERR,ERR,0.0,-107615296.0,-134474944.0,0.0,0.0,1.3936040501711995e+18,7.805,0.0,0,0,4,0,8422,0.0,45,0.0,0.0,0.0,0.0,0.0,0,0,0,0,0.0,0,0,0,0,0,0,0,0,0,0,0,0,0,0,0,0,0,0,0,0,0,0,0,0,0,0,0,0,0,0,0,0,0,38,14,7,45,65476,0,300,0,0,8,21553,0.0,-107605600.0,0.0,0.0,0.0,0.0,0.0,0.0,0.0,0.0,0.0,0.0,0.0,0.0,0.0,0.0,0.0,0.0,0.0,0.0,0.0,0.0,0.0,0.0,-0.0,0.0,0.0,0.0,0.0,0.0,5051.0,1.040665504650976e+34,0.0,0.0,-107615296.0,-107615280.0,2.718429300292151e+23,0.0,0.0,0.0,0.0,53,-0.0,-0.0,0.0,0.0,0.0,0.0,0.0,0.0,0.0,0,0,0,0.0,0.0,0.0,0.0,0.0,0.0,0.0,0.0,0.0,0.0,0.0,0.0,0.0,0.0,0.0,0.0,0,-107875648.0,53,0.0,106,-107614832.0,0.0,ERR,ERR,ERR,ERR,ERR,ERR,ERR,ERR,ERR,ERR,ERR,ERR,ERR,ERR,ERR,ERR,ERR,ERR,ERR,ERR,ERR,ERR,ERR,ERR,ERR,ERR,ERR,ERR,ERR,ERR,ERR,ERR,ERR,ERR,ERR,ERR,ERR,ERR,ERR,ERR,ERR,ERR,ERR,ERR,ERR,ERR,ERR,ERR,ERR,ERR,ERR,ERR,ERR,ERR,ERR,ERR,ERR,ERR,ERR,ERR,ERR,ERR,ERR,ERR,ERR,ERR,ERR,50.0,60.0,100,0.0,0.0,0.0,0.0,0.0,0.0,0.0,0.0,0.0,0.0,0.0,0.0,0.0,0.0,0.0,0.0,61.6,74,13,65512,50,65476,0,300,0,0,8,20529,65476,0,0,26214,60.0,0.0,0.0,0.0,0.0,0.0
2026-05-17T18:19:29,ERR,ERR,ERR,ERR,ERR,ERR,ERR,ERR,ERR,ERR,ERR,ERR,ERR,ERR,ERR,ERR,ERR,ERR,ERR,ERR,ERR,ERR,ERR,ERR,ERR,ERR,ERR,ERR,ERR,ERR,ERR,ERR,ERR,ERR,ERR,ERR,ERR,ERR,ERR,ERR,ERR,ERR,ERR,ERR,ERR,ERR,ERR,ERR,ERR,ERR,ERR,ERR,ERR,ERR,ERR,ERR,ERR,ERR,ERR,ERR,ERR,ERR,ERR,ERR,ERR,ERR,ERR,ERR,ERR,ERR,ERR,ERR,ERR,ERR,ERR,ERR,ERR,ERR,ERR,ERR,ERR,ERR,ERR,ERR,ERR,ERR,ERR,ERR,ERR,ERR,ERR,ERR,ERR,ERR,ERR,ERR,ERR,ERR,ERR,ERR,ERR,ERR,ERR,ERR,ERR,ERR,ERR,ERR,ERR,ERR,ERR,ERR,ERR,ERR,ERR,ERR,ERR,ERR,ERR,ERR,ERR,ERR,ERR,ERR,ERR,0.0,-107615296.0,-134474944.0,0.0,0.0,1.3936040501711995e+18,7.805,0.0,0,0,4,0,8422,0.0,45,0.0,0.0,0.0,0.0,0.0,0,0,0,0,0.0,0,0,0,0,0,0,0,0,0,0,0,0,0,0,0,0,0,0,0,0,0,0,0,0,0,0,0,0,0,0,0,0,0,38,14,7,45,65476,0,300,0,0,8,21553,0.0,-107605600.0,0.0,0.0,0.0,0.0,0.0,0.0,0.0,0.0,0.0,0.0,0.0,0.0,0.0,0.0,0.0,0.0,0.0,0.0,0.0,0.0,0.0,0.0,-0.0,0.0,0.0,0.0,0.0,0.0,5051.0,1.040665504650976e+34,0.0,0.0,-107615296.0,-107615280.0,2.718429300292151e+23,0.0,0.0,0.0,0.0,53,-0.0,-0.0,0.0,0.0,0.0,0.0,0.0,0.0,0.0,0,0,0,0.0,0.0,0.0,0.0,0.0,0.0,0.0,0.0,0.0,0.0,0.0,0.0,0.0,0.0,0.0,0.0,0,-107875648.0,53,0.0,106,-107614832.0,0.0,ERR,ERR,ERR,ERR,ERR,ERR,ERR,ERR,ERR,ERR,ERR,ERR,ERR,ERR,ERR,ERR,ERR,ERR,ERR,ERR,ERR,ERR,ERR,ERR,ERR,ERR,ERR,ERR,ERR,ERR,ERR,ERR,ERR,ERR,ERR,ERR,ERR,ERR,ERR,ERR,ERR,ERR,ERR,ERR,ERR,ERR,ERR,ERR,ERR,ERR,ERR,ERR,ERR,ERR,ERR,ERR,ERR,ERR,ERR,ERR,ERR,ERR,ERR,ERR,ERR,ERR,ERR,50.0,60.0,100,0.0,0.0,0.0,0.0,0.0,0.0,0.0,0.0,0.0,0.0,0.0,0.0,0.0,0.0,0.0,0.0,61.6,74,13,65512,50,65476,0,300,0,0,8,20529,65476,0,0,26214,60.0,0.0,0.0,0.0,0.0,0.0
2026-05-17T18:19:30,ERR,ERR,ERR,ERR,ERR,ERR,ERR,ERR,ERR,ERR,ERR,ERR,ERR,ERR,ERR,ERR,ERR,ERR,ERR,ERR,ERR,ERR,ERR,ERR,ERR,ERR,ERR,ERR,ERR,ERR,ERR,ERR,ERR,ERR,ERR,ERR,ERR,ERR,ERR,ERR,ERR,ERR,ERR,ERR,ERR,ERR,ERR,ERR,ERR,ERR,ERR,ERR,ERR,ERR,ERR,ERR,ERR,ERR,ERR,ERR,ERR,ERR,ERR,ERR,ERR,ERR,ERR,ERR,ERR,ERR,ERR,ERR,ERR,ERR,ERR,ERR,ERR,ERR,ERR,ERR,ERR,ERR,ERR,ERR,ERR,ERR,ERR,ERR,ERR,ERR,ERR,ERR,ERR,ERR,ERR,ERR,ERR,ERR,ERR,ERR,ERR,ERR,ERR,ERR,ERR,ERR,ERR,ERR,ERR,ERR,ERR,ERR,ERR,ERR,ERR,ERR,ERR,ERR,ERR,ERR,ERR,ERR,ERR,ERR,ERR,0.0,-107615296.0,-134474944.0,0.0,0.0,1.3936040501711995e+18,7.805,0.0,0,0,4,0,8422,0.0,45,0.0,0.0,0.0,0.0,0.0,0,0,0,0,0.0,0,0,0,0,0,0,0,0,0,0,0,0,0,0,0,0,0,0,0,0,0,0,0,0,0,0,0,0,0,0,0,0,0,38,14,7,45,65476,0,300,0,0,8,21553,0.0,-107605600.0,0.0,0.0,0.0,0.0,0.0,0.0,0.0,0.0,0.0,0.0,0.0,0.0,0.0,0.0,0.0,0.0,0.0,0.0,0.0,0.0,0.0,0.0,-0.0,0.0,0.0,0.0,0.0,0.0,5051.0,1.040665504650976e+34,0.0,0.0,-107615296.0,-107615280.0,2.718429300292151e+23,0.0,0.0,0.0,0.0,53,-0.0,-0.0,0.0,0.0,0.0,0.0,0.0,0.0,0.0,0,0,0,0.0,0.0,0.0,0.0,0.0,0.0,0.0,0.0,0.0,0.0,0.0,0.0,0.0,0.0,0.0,0.0,0,-107875648.0,53,0.0,106,-107614832.0,0.0,ERR,ERR,ERR,ERR,ERR,ERR,ERR,ERR,ERR,ERR,ERR,ERR,ERR,ERR,ERR,ERR,ERR,ERR,ERR,ERR,ERR,ERR,ERR,ERR,ERR,ERR,ERR,ERR,ERR,ERR,ERR,ERR,ERR,ERR,ERR,ERR,ERR,ERR,ERR,ERR,ERR,ERR,ERR,ERR,ERR,ERR,ERR,ERR,ERR,ERR,ERR,ERR,ERR,ERR,ERR,ERR,ERR,ERR,ERR,ERR,ERR,ERR,ERR,ERR,ERR,ERR,ERR,50.0,60.0,100,0.0,0.0,0.0,0.0,0.0,0.0,0.0,0.0,0.0,0.0,0.0,0.0,0.0,0.0,0.0,0.0,61.6,74,13,65512,50,65476,0,300,0,0,8,20529,65476,0,0,26214,60.0,0.0,0.0,0.0,0.0,0.0
2026-05-17T18:19:31,ERR,ERR,ERR,ERR,ERR,ERR,ERR,ERR,ERR,ERR,ERR,ERR,ERR,ERR,ERR,ERR,ERR,ERR,ERR,ERR,ERR,ERR,ERR,ERR,ERR,ERR,ERR,ERR,ERR,ERR,ERR,ERR,ERR,ERR,ERR,ERR,ERR,ERR,ERR,ERR,ERR,ERR,ERR,ERR,ERR,ERR,ERR,ERR,ERR,ERR,ERR,ERR,ERR,ERR,ERR,ERR,ERR,ERR,ERR,ERR,ERR,ERR,ERR,ERR,ERR,ERR,ERR,ERR,ERR,ERR,ERR,ERR,ERR,ERR,ERR,ERR,ERR,ERR,ERR,ERR,ERR,ERR,ERR,ERR,ERR,ERR,ERR,ERR,ERR,ERR,ERR,ERR,ERR,ERR,ERR,ERR,ERR,ERR,ERR,ERR,ERR,ERR,ERR,ERR,ERR,ERR,ERR,ERR,ERR,ERR,ERR,ERR,ERR,ERR,ERR,ERR,ERR,ERR,ERR,ERR,ERR,ERR,ERR,ERR,ERR,0.0,-107615296.0,-134474944.0,0.0,0.0,1.3936040501711995e+18,7.805,0.0,0,0,4,0,8422,0.0,45,0.0,0.0,0.0,0.0,0.0,0,0,0,0,0.0,0,0,0,0,0,0,0,0,0,0,0,0,0,0,0,0,0,0,0,0,0,0,0,0,0,0,0,0,0,0,0,0,0,38,14,7,45,65476,0,300,0,0,8,21553,0.0,-107605600.0,0.0,0.0,0.0,0.0,0.0,0.0,0.0,0.0,0.0,0.0,0.0,0.0,0.0,0.0,0.0,0.0,0.0,0.0,0.0,0.0,0.0,0.0,-0.0,0.0,0.0,0.0,0.0,0.0,5051.0,1.040665504650976e+34,0.0,0.0,-107615296.0,-107615280.0,2.718429300292151e+23,0.0,0.0,0.0,0.0,53,-0.0,-0.0,0.0,0.0,0.0,0.0,0.0,0.0,0.0,0,0,0,0.0,0.0,0.0,0.0,0.0,0.0,0.0,0.0,0.0,0.0,0.0,0.0,0.0,0.0,0.0,0.0,0,-107875648.0,53,0.0,106,-107614832.0,0.0,ERR,ERR,ERR,ERR,ERR,ERR,ERR,ERR,ERR,ERR,ERR,ERR,ERR,ERR,ERR,ERR,ERR,ERR,ERR,ERR,ERR,ERR,ERR,ERR,ERR,ERR,ERR,ERR,ERR,ERR,ERR,ERR,ERR,ERR,ERR,ERR,ERR,ERR,ERR,ERR,ERR,ERR,ERR,ERR,ERR,ERR,ERR,ERR,ERR,ERR,ERR,ERR,ERR,ERR,ERR,ERR,ERR,ERR,ERR,ERR,ERR,ERR,ERR,ERR,ERR,ERR,ERR,50.0,60.0,100,0.0,0.0,0.0,0.0,0.0,0.0,0.0,0.0,0.0,0.0,0.0,0.0,0.0,0.0,0.0,0.0,61.6,74,13,65512,50,65476,0,300,0,0,8,20529,65476,0,0,26214,60.0,0.0,0.0,0.0,0.0,0.0
2026-05-17T18:19:32,ERR,ERR,ERR,ERR,ERR,ERR,ERR,ERR,ERR,ERR,ERR,ERR,ERR,ERR,ERR,ERR,ERR,ERR,ERR,ERR,ERR,ERR,ERR,ERR,ERR,ERR,ERR,ERR,ERR,ERR,ERR,ERR,ERR,ERR,ERR,ERR,ERR,ERR,ERR,ERR,ERR,ERR,ERR,ERR,ERR,ERR,ERR,ERR,ERR,ERR,ERR,ERR,ERR,ERR,ERR,ERR,ERR,ERR,ERR,ERR,ERR,ERR,ERR,ERR,ERR,ERR,ERR,ERR,ERR,ERR,ERR,ERR,ERR,ERR,ERR,ERR,ERR,ERR,ERR,ERR,ERR,ERR,ERR,ERR,ERR,ERR,ERR,ERR,ERR,ERR,ERR,ERR,ERR,ERR,ERR,ERR,ERR,ERR,ERR,ERR,ERR,ERR,ERR,ERR,ERR,ERR,ERR,ERR,ERR,ERR,ERR,ERR,ERR,ERR,ERR,ERR,ERR,ERR,ERR,ERR,ERR,ERR,ERR,ERR,ERR,0.0,-107615296.0,-134474944.0,0.0,0.0,1.3936040501711995e+18,7.805,0.0,0,0,4,0,8422,0.0,45,0.0,0.0,0.0,0.0,0.0,0,0,0,0,0.0,0,0,0,0,0,0,0,0,0,0,0,0,0,0,0,0,0,0,0,0,0,0,0,0,0,0,0,0,0,0,0,0,0,38,14,7,45,65476,0,300,0,0,8,21553,0.0,-107605600.0,0.0,0.0,0.0,0.0,0.0,0.0,0.0,0.0,0.0,0.0,0.0,0.0,0.0,0.0,0.0,0.0,0.0,0.0,0.0,0.0,0.0,0.0,-0.0,0.0,0.0,0.0,0.0,0.0,5050.0,2.422988192762658e+24,0.0,0.0,-107615296.0,-107615280.0,2.718429300292151e+23,0.0,0.0,0.0,0.0,53,-0.0,5.848056079300204e+35,0.0,0.0,0.0,0.0,0.0,0.0,0.0,0,0,0,0.0,0.0,0.0,0.0,0.0,0.0,0.0,0.0,0.0,0.0,0.0,0.0,0.0,0.0,0.0,0.0,0,-107875648.0,53,0.0,106,-107614832.0,0.0,ERR,ERR,ERR,ERR,ERR,ERR,ERR,ERR,ERR,ERR,ERR,ERR,ERR,ERR,ERR,ERR,ERR,ERR,ERR,ERR,ERR,ERR,ERR,ERR,ERR,ERR,ERR,ERR,ERR,ERR,ERR,ERR,ERR,ERR,ERR,ERR,ERR,ERR,ERR,ERR,ERR,ERR,ERR,ERR,ERR,ERR,ERR,ERR,ERR,ERR,ERR,ERR,ERR,ERR,ERR,ERR,ERR,ERR,ERR,ERR,ERR,ERR,ERR,ERR,ERR,ERR,ERR,50.0,60.0,100,0.0,0.0,0.0,0.0,0.0,0.0,0.0,0.0,0.0,0.0,0.0,0.0,0.0,0.0,0.0,0.0,61.6,74,13,65512,50,65476,0,300,0,0,8,20529,65476,0,0,26214,60.0,0.0,0.0,0.0,0.0,0.0
2026-05-17T18:19:33,ERR,ERR,ERR,ERR,ERR,ERR,ERR,ERR,ERR,ERR,ERR,ERR,ERR,ERR,ERR,ERR,ERR,ERR,ERR,ERR,ERR,ERR,ERR,ERR,ERR,ERR,ERR,ERR,ERR,ERR,ERR,ERR,ERR,ERR,ERR,ERR,ERR,ERR,ERR,ERR,ERR,ERR,ERR,ERR,ERR,ERR,ERR,ERR,ERR,ERR,ERR,ERR,ERR,ERR,ERR,ERR,ERR,ERR,ERR,ERR,ERR,ERR,ERR,ERR,ERR,ERR,ERR,ERR,ERR,ERR,ERR,ERR,ERR,ERR,ERR,ERR,ERR,ERR,ERR,ERR,ERR,ERR,ERR,ERR,ERR,ERR,ERR,ERR,ERR,ERR,ERR,ERR,ERR,ERR,ERR,ERR,ERR,ERR,ERR,ERR,ERR,ERR,ERR,ERR,ERR,ERR,ERR,ERR,ERR,ERR,ERR,ERR,ERR,ERR,ERR,ERR,ERR,ERR,ERR,ERR,ERR,ERR,ERR,ERR,ERR,0.0,-107615296.0,-134474944.0,0.0,0.0,1.3936040501711995e+18,7.805,0.0,0,0,4,0,8422,0.0,45,0.0,0.0,0.0,0.0,0.0,0,0,0,0,0.0,0,0,0,0,0,0,0,0,0,0,0,0,0,0,0,0,0,0,0,0,0,0,0,0,0,0,0,0,0,0,0,0,0,38,14,7,45,65476,0,300,0,0,8,21553,0.0,-107605600.0,0.0,0.0,0.0,0.0,0.0,0.0,0.0,0.0,0.0,0.0,0.0,0.0,0.0,0.0,0.0,0.0,0.0,0.0,0.0,0.0,0.0,0.0,-0.0,0.0,0.0,0.0,0.0,0.0,5050.0,2.422988192762658e+24,0.0,0.0,-107615296.0,-107615280.0,2.718429300292151e+23,0.0,0.0,0.0,0.0,53,-0.0,5.848056079300204e+35,0.0,0.0,0.0,0.0,0.0,0.0,0.0,0,0,0,0.0,0.0,0.0,0.0,0.0,0.0,0.0,0.0,0.0,0.0,0.0,0.0,0.0,0.0,0.0,0.0,0,-107875648.0,53,0.0,106,-107614832.0,0.0,ERR,ERR,ERR,ERR,ERR,ERR,ERR,ERR,ERR,ERR,ERR,ERR,ERR,ERR,ERR,ERR,ERR,ERR,ERR,ERR,ERR,ERR,ERR,ERR,ERR,ERR,ERR,ERR,ERR,ERR,ERR,ERR,ERR,ERR,ERR,ERR,ERR,ERR,ERR,ERR,ERR,ERR,ERR,ERR,ERR,ERR,ERR,ERR,ERR,ERR,ERR,ERR,ERR,ERR,ERR,ERR,ERR,ERR,ERR,ERR,ERR,ERR,ERR,ERR,ERR,ERR,ERR,50.0,60.0,100,0.0,0.0,0.0,0.0,0.0,0.0,0.0,0.0,0.0,0.0,0.0,0.0,0.0,0.0,0.0,0.0,61.6,74,13,65512,50,65476,0,300,0,0,8,20529,65476,0,0,26214,60.0,0.0,0.0,0.0,0.0,0.0
2026-05-17T18:19:34,ERR,ERR,ERR,ERR,ERR,ERR,ERR,ERR,ERR,ERR,ERR,ERR,ERR,ERR,ERR,ERR,ERR,ERR,ERR,ERR,ERR,ERR,ERR,ERR,ERR,ERR,ERR,ERR,ERR,ERR,ERR,ERR,ERR,ERR,ERR,ERR,ERR,ERR,ERR,ERR,ERR,ERR,ERR,ERR,ERR,ERR,ERR,ERR,ERR,ERR,ERR,ERR,ERR,ERR,ERR,ERR,ERR,ERR,ERR,ERR,ERR,ERR,ERR,ERR,ERR,ERR,ERR,ERR,ERR,ERR,ERR,ERR,ERR,ERR,ERR,ERR,ERR,ERR,ERR,ERR,ERR,ERR,ERR,ERR,ERR,ERR,ERR,ERR,ERR,ERR,ERR,ERR,ERR,ERR,ERR,ERR,ERR,ERR,ERR,ERR,ERR,ERR,ERR,ERR,ERR,ERR,ERR,ERR,ERR,ERR,ERR,ERR,ERR,ERR,ERR,ERR,ERR,ERR,ERR,ERR,ERR,ERR,ERR,ERR,ERR,0.0,-107615296.0,-134474944.0,0.0,0.0,1.3936040501711995e+18,7.805,0.0,0,0,4,0,8422,0.0,45,0.0,0.0,0.0,0.0,0.0,0,0,0,0,0.0,0,0,0,0,0,0,0,0,0,0,0,0,0,0,0,0,0,0,0,0,0,0,0,0,0,0,0,0,0,0,0,0,0,38,14,7,45,65476,0,300,0,0,8,21553,0.0,-107605600.0,0.0,0.0,0.0,0.0,0.0,0.0,0.0,0.0,0.0,0.0,0.0,0.0,0.0,0.0,0.0,0.0,0.0,0.0,0.0,0.0,0.0,0.0,-0.0,0.0,0.0,0.0,0.0,0.0,5050.0,2.422988192762658e+24,0.0,0.0,-107615296.0,-107615280.0,2.718429300292151e+23,0.0,0.0,0.0,0.0,53,-0.0,5.848056079300204e+35,0.0,0.0,0.0,0.0,0.0,0.0,0.0,0,0,0,0.0,0.0,0.0,0.0,0.0,0.0,0.0,0.0,0.0,0.0,0.0,0.0,0.0,0.0,0.0,0.0,0,-107875648.0,53,0.0,106,-107614832.0,0.0,ERR,ERR,ERR,ERR,ERR,ERR,ERR,ERR,ERR,ERR,ERR,ERR,ERR,ERR,ERR,ERR,ERR,ERR,ERR,ERR,ERR,ERR,ERR,ERR,ERR,ERR,ERR,ERR,ERR,ERR,ERR,ERR,ERR,ERR,ERR,ERR,ERR,ERR,ERR,ERR,ERR,ERR,ERR,ERR,ERR,ERR,ERR,ERR,ERR,ERR,ERR,ERR,ERR,ERR,ERR,ERR,ERR,ERR,ERR,ERR,ERR,ERR,ERR,ERR,ERR,ERR,ERR,50.0,60.0,100,0.0,0.0,0.0,0.0,0.0,0.0,0.0,0.0,0.0,0.0,0.0,0.0,0.0,0.0,0.0,0.0,61.6,74,13,65512,50,65476,0,300,0,0,8,20529,65476,0,0,26214,60.0,0.0,0.0,0.0,0.0,0.0
2026-05-17T18:19:35,ERR,ERR,ERR,ERR,ERR,ERR,ERR,ERR,ERR,ERR,ERR,ERR,ERR,ERR,ERR,ERR,ERR,ERR,ERR,ERR,ERR,ERR,ERR,ERR,ERR,ERR,ERR,ERR,ERR,ERR,ERR,ERR,ERR,ERR,ERR,ERR,ERR,ERR,ERR,ERR,ERR,ERR,ERR,ERR,ERR,ERR,ERR,ERR,ERR,ERR,ERR,ERR,ERR,ERR,ERR,ERR,ERR,ERR,ERR,ERR,ERR,ERR,ERR,ERR,ERR,ERR,ERR,ERR,ERR,ERR,ERR,ERR,ERR,ERR,ERR,ERR,ERR,ERR,ERR,ERR,ERR,ERR,ERR,ERR,ERR,ERR,ERR,ERR,ERR,ERR,ERR,ERR,ERR,ERR,ERR,ERR,ERR,ERR,ERR,ERR,ERR,ERR,ERR,ERR,ERR,ERR,ERR,ERR,ERR,ERR,ERR,ERR,ERR,ERR,ERR,ERR,ERR,ERR,ERR,ERR,ERR,ERR,ERR,ERR,ERR,0.0,-107615296.0,-134474944.0,0.0,0.0,1.3936040501711995e+18,7.805,0.0,0,0,4,0,8422,0.0,45,0.0,0.0,0.0,0.0,0.0,0,0,0,0,0.0,0,0,0,0,0,0,0,0,0,0,0,0,0,0,0,0,0,0,0,0,0,0,0,0,0,0,0,0,0,0,0,0,0,38,14,7,45,65476,0,300,0,0,8,21553,0.0,-107605600.0,0.0,0.0,0.0,0.0,0.0,0.0,0.0,0.0,0.0,0.0,0.0,0.0,0.0,0.0,0.0,0.0,0.0,0.0,0.0,0.0,0.0,0.0,-0.0,0.0,0.0,0.0,0.0,0.0,5050.0,2.422988192762658e+24,0.0,0.0,-107615296.0,-107615280.0,2.718429300292151e+23,0.0,0.0,0.0,0.0,53,-0.0,5.848056079300204e+35,0.0,0.0,0.0,0.0,0.0,0.0,0.0,0,0,0,0.0,0.0,0.0,0.0,0.0,0.0,0.0,0.0,0.0,0.0,0.0,0.0,0.0,0.0,0.0,0.0,0,-107875648.0,53,0.0,106,-107614832.0,0.0,ERR,ERR,ERR,ERR,ERR,ERR,ERR,ERR,ERR,ERR,ERR,ERR,ERR,ERR,ERR,ERR,ERR,ERR,ERR,ERR,ERR,ERR,ERR,ERR,ERR,ERR,ERR,ERR,ERR,ERR,ERR,ERR,ERR,ERR,ERR,ERR,ERR,ERR,ERR,ERR,ERR,ERR,ERR,ERR,ERR,ERR,ERR,ERR,ERR,ERR,ERR,ERR,ERR,ERR,ERR,ERR,ERR,ERR,ERR,ERR,ERR,ERR,ERR,ERR,ERR,ERR,ERR,50.0,60.0,100,0.0,0.0,0.0,0.0,0.0,0.0,0.0,0.0,0.0,0.0,0.0,0.0,0.0,0.0,0.0,0.0,61.6,74,13,65512,50,65476,0,300,0,0,8,20529,65476,0,0,26214,60.0,0.0,0.0,0.0,0.0,0.0
2026-05-17T18:19:36,ERR,ERR,ERR,ERR,ERR,ERR,ERR,ERR,ERR,ERR,ERR,ERR,ERR,ERR,ERR,ERR,ERR,ERR,ERR,ERR,ERR,ERR,ERR,ERR,ERR,ERR,ERR,ERR,ERR,ERR,ERR,ERR,ERR,ERR,ERR,ERR,ERR,ERR,ERR,ERR,ERR,ERR,ERR,ERR,ERR,ERR,ERR,ERR,ERR,ERR,ERR,ERR,ERR,ERR,ERR,ERR,ERR,ERR,ERR,ERR,ERR,ERR,ERR,ERR,ERR,ERR,ERR,ERR,ERR,ERR,ERR,ERR,ERR,ERR,ERR,ERR,ERR,ERR,ERR,ERR,ERR,ERR,ERR,ERR,ERR,ERR,ERR,ERR,ERR,ERR,ERR,ERR,ERR,ERR,ERR,ERR,ERR,ERR,ERR,ERR,ERR,ERR,ERR,ERR,ERR,ERR,ERR,ERR,ERR,ERR,ERR,ERR,ERR,ERR,ERR,ERR,ERR,ERR,ERR,ERR,ERR,ERR,ERR,ERR,ERR,0.0,-107615296.0,-134474944.0,0.0,0.0,1.3936040501711995e+18,7.805,0.0,0,0,4,0,8422,0.0,45,0.0,0.0,0.0,0.0,0.0,0,0,0,0,0.0,0,0,0,0,0,0,0,0,0,0,0,0,0,0,0,0,0,0,0,0,0,0,0,0,0,0,0,0,0,0,0,0,0,38,14,7,45,65476,0,300,0,0,8,21553,0.0,-107605600.0,0.0,0.0,0.0,0.0,0.0,0.0,0.0,0.0,0.0,0.0,0.0,0.0,0.0,0.0,0.0,0.0,0.0,0.0,0.0,0.0,0.0,0.0,-0.0,0.0,0.0,0.0,0.0,0.0,5050.0,2.422988192762658e+24,0.0,0.0,-107615296.0,-107615280.0,2.718429300292151e+23,0.0,0.0,0.0,0.0,53,-0.0,5.848056079300204e+35,0.0,0.0,0.0,0.0,0.0,0.0,0.0,0,0,0,0.0,0.0,0.0,0.0,0.0,0.0,0.0,0.0,0.0,0.0,0.0,0.0,0.0,0.0,0.0,0.0,0,-107875648.0,53,0.0,106,-107614832.0,0.0,ERR,ERR,ERR,ERR,ERR,ERR,ERR,ERR,ERR,ERR,ERR,ERR,ERR,ERR,ERR,ERR,ERR,ERR,ERR,ERR,ERR,ERR,ERR,ERR,ERR,ERR,ERR,ERR,ERR,ERR,ERR,ERR,ERR,ERR,ERR,ERR,ERR,ERR,ERR,ERR,ERR,ERR,ERR,ERR,ERR,ERR,ERR,ERR,ERR,ERR,ERR,ERR,ERR,ERR,ERR,ERR,ERR,ERR,ERR,ERR,ERR,ERR,ERR,ERR,ERR,ERR,ERR,50.0,60.0,100,0.0,0.0,0.0,0.0,0.0,0.0,0.0,0.0,0.0,0.0,0.0,0.0,0.0,0.0,0.0,0.0,61.6,74,13,65512,50,65476,0,300,0,0,8,20529,65476,0,0,26214,60.0,0.0,0.0,0.0,0.0,0.0
2026-05-17T18:19:37,ERR,ERR,ERR,ERR,ERR,ERR,ERR,ERR,ERR,ERR,ERR,ERR,ERR,ERR,ERR,ERR,ERR,ERR,ERR,ERR,ERR,ERR,ERR,ERR,ERR,ERR,ERR,ERR,ERR,ERR,ERR,ERR,ERR,ERR,ERR,ERR,ERR,ERR,ERR,ERR,ERR,ERR,ERR,ERR,ERR,ERR,ERR,ERR,ERR,ERR,ERR,ERR,ERR,ERR,ERR,ERR,ERR,ERR,ERR,ERR,ERR,ERR,ERR,ERR,ERR,ERR,ERR,ERR,ERR,ERR,ERR,ERR,ERR,ERR,ERR,ERR,ERR,ERR,ERR,ERR,ERR,ERR,ERR,ERR,ERR,ERR,ERR,ERR,ERR,ERR,ERR,ERR,ERR,ERR,ERR,ERR,ERR,ERR,ERR,ERR,ERR,ERR,ERR,ERR,ERR,ERR,ERR,ERR,ERR,ERR,ERR,ERR,ERR,ERR,ERR,ERR,ERR,ERR,ERR,ERR,ERR,ERR,ERR,ERR,ERR,0.0,-107615296.0,-134474944.0,0.0,0.0,1.3936040501711995e+18,7.805,0.0,0,0,4,0,8422,0.0,45,0.0,0.0,0.0,0.0,0.0,0,0,0,0,0.0,0,0,0,0,0,0,0,0,0,0,0,0,0,0,0,0,0,0,0,0,0,0,0,0,0,0,0,0,0,0,0,0,0,38,14,7,45,65476,0,300,0,0,8,21553,0.0,-107605600.0,0.0,0.0,0.0,0.0,0.0,0.0,0.0,0.0,0.0,0.0,0.0,0.0,0.0,0.0,0.0,0.0,0.0,0.0,0.0,0.0,0.0,0.0,-0.0,0.0,0.0,0.0,0.0,0.0,5046.0,1.040665504650976e+34,0.0,-107615288.0,-107615296.0,-107615280.0,2.718429300292151e+23,0.0,0.0,0.0,0.0,53,-0.0,-71.629,0.0,0.0,0.0,0.0,0.0,0.0,0.0,0,0,0,0.0,0.0,0.0,0.0,0.0,0.0,0.0,0.0,0.0,0.0,0.0,0.0,0.0,0.0,0.0,0.0,0,-107875648.0,53,0.0,106,-107614832.0,0.0,ERR,ERR,ERR,ERR,ERR,ERR,ERR,ERR,ERR,ERR,ERR,ERR,ERR,ERR,ERR,ERR,ERR,ERR,ERR,ERR,ERR,ERR,ERR,ERR,ERR,ERR,ERR,ERR,ERR,ERR,ERR,ERR,ERR,ERR,ERR,ERR,ERR,ERR,ERR,ERR,ERR,ERR,ERR,ERR,ERR,ERR,ERR,ERR,ERR,ERR,ERR,ERR,ERR,ERR,ERR,ERR,ERR,ERR,ERR,ERR,ERR,ERR,ERR,ERR,ERR,ERR,ERR,50.0,60.0,100,0.0,0.0,0.0,0.0,0.0,0.0,0.0,0.0,0.0,0.0,0.0,0.0,0.0,0.0,0.0,0.0,61.6,74,13,65512,50,65476,0,300,0,0,8,20529,65476,0,0,26214,60.0,0.0,0.0,0.0,0.0,0.0
2026-05-17T18:19:38,ERR,ERR,ERR,ERR,ERR,ERR,ERR,ERR,ERR,ERR,ERR,ERR,ERR,ERR,ERR,ERR,ERR,ERR,ERR,ERR,ERR,ERR,ERR,ERR,ERR,ERR,ERR,ERR,ERR,ERR,ERR,ERR,ERR,ERR,ERR,ERR,ERR,ERR,ERR,ERR,ERR,ERR,ERR,ERR,ERR,ERR,ERR,ERR,ERR,ERR,ERR,ERR,ERR,ERR,ERR,ERR,ERR,ERR,ERR,ERR,ERR,ERR,ERR,ERR,ERR,ERR,ERR,ERR,ERR,ERR,ERR,ERR,ERR,ERR,ERR,ERR,ERR,ERR,ERR,ERR,ERR,ERR,ERR,ERR,ERR,ERR,ERR,ERR,ERR,ERR,ERR,ERR,ERR,ERR,ERR,ERR,ERR,ERR,ERR,ERR,ERR,ERR,ERR,ERR,ERR,ERR,ERR,ERR,ERR,ERR,ERR,ERR,ERR,ERR,ERR,ERR,ERR,ERR,ERR,ERR,ERR,ERR,ERR,ERR,ERR,0.0,-107615296.0,-134474944.0,0.0,0.0,1.3936040501711995e+18,7.805,0.0,0,0,4,0,8422,0.0,45,0.0,0.0,0.0,0.0,0.0,0,0,0,0,0.0,0,0,0,0,0,0,0,0,0,0,0,0,0,0,0,0,0,0,0,0,0,0,0,0,0,0,0,0,0,0,0,0,0,38,14,7,45,65476,0,300,0,0,8,21553,0.0,-107605600.0,0.0,0.0,0.0,0.0,0.0,0.0,0.0,0.0,0.0,0.0,0.0,0.0,0.0,0.0,0.0,0.0,0.0,0.0,0.0,0.0,0.0,0.0,-0.0,0.0,0.0,0.0,0.0,0.0,5046.0,1.040665504650976e+34,0.0,-107615288.0,-107615296.0,-107615280.0,2.718429300292151e+23,0.0,0.0,0.0,0.0,53,-0.0,-71.629,0.0,0.0,0.0,0.0,0.0,0.0,0.0,0,0,0,0.0,0.0,0.0,0.0,0.0,0.0,0.0,0.0,0.0,0.0,0.0,0.0,0.0,0.0,0.0,0.0,0,-107875648.0,53,0.0,106,-107614832.0,0.0,ERR,ERR,ERR,ERR,ERR,ERR,ERR,ERR,ERR,ERR,ERR,ERR,ERR,ERR,ERR,ERR,ERR,ERR,ERR,ERR,ERR,ERR,ERR,ERR,ERR,ERR,ERR,ERR,ERR,ERR,ERR,ERR,ERR,ERR,ERR,ERR,ERR,ERR,ERR,ERR,ERR,ERR,ERR,ERR,ERR,ERR,ERR,ERR,ERR,ERR,ERR,ERR,ERR,ERR,ERR,ERR,ERR,ERR,ERR,ERR,ERR,ERR,ERR,ERR,ERR,ERR,ERR,50.0,60.0,100,0.0,0.0,0.0,0.0,0.0,0.0,0.0,0.0,0.0,0.0,0.0,0.0,0.0,0.0,0.0,0.0,61.6,74,13,65512,50,65476,0,300,0,0,8,20529,65476,0,0,26214,60.0,0.0,0.0,0.0,0.0,0.0
2026-05-17T18:19:39,ERR,ERR,ERR,ERR,ERR,ERR,ERR,ERR,ERR,ERR,ERR,ERR,ERR,ERR,ERR,ERR,ERR,ERR,ERR,ERR,ERR,ERR,ERR,ERR,ERR,ERR,ERR,ERR,ERR,ERR,ERR,ERR,ERR,ERR,ERR,ERR,ERR,ERR,ERR,ERR,ERR,ERR,ERR,ERR,ERR,ERR,ERR,ERR,ERR,ERR,ERR,ERR,ERR,ERR,ERR,ERR,ERR,ERR,ERR,ERR,ERR,ERR,ERR,ERR,ERR,ERR,ERR,ERR,ERR,ERR,ERR,ERR,ERR,ERR,ERR,ERR,ERR,ERR,ERR,ERR,ERR,ERR,ERR,ERR,ERR,ERR,ERR,ERR,ERR,ERR,ERR,ERR,ERR,ERR,ERR,ERR,ERR,ERR,ERR,ERR,ERR,ERR,ERR,ERR,ERR,ERR,ERR,ERR,ERR,ERR,ERR,ERR,ERR,ERR,ERR,ERR,ERR,ERR,ERR,ERR,ERR,ERR,ERR,ERR,ERR,0.0,-107615296.0,-134474944.0,0.0,0.0,1.3936040501711995e+18,7.805,0.0,0,0,4,0,8422,0.0,45,0.0,0.0,0.0,0.0,0.0,0,0,0,0,0.0,0,0,0,0,0,0,0,0,0,0,0,0,0,0,0,0,0,0,0,0,0,0,0,0,0,0,0,0,0,0,0,0,0,38,14,7,45,65476,0,300,0,0,8,21553,0.0,-107605600.0,0.0,0.0,0.0,0.0,0.0,0.0,0.0,0.0,0.0,0.0,0.0,0.0,0.0,0.0,0.0,0.0,0.0,0.0,0.0,0.0,0.0,0.0,-0.0,0.0,0.0,0.0,0.0,0.0,5046.0,1.040665504650976e+34,0.0,-107615288.0,-107615296.0,-107615280.0,2.718429300292151e+23,0.0,0.0,0.0,0.0,53,-0.0,-71.629,0.0,0.0,0.0,0.0,0.0,0.0,0.0,0,0,0,0.0,0.0,0.0,0.0,0.0,0.0,0.0,0.0,0.0,0.0,0.0,0.0,0.0,0.0,0.0,0.0,0,-107875648.0,53,0.0,106,-107614832.0,0.0,ERR,ERR,ERR,ERR,ERR,ERR,ERR,ERR,ERR,ERR,ERR,ERR,ERR,ERR,ERR,ERR,ERR,ERR,ERR,ERR,ERR,ERR,ERR,ERR,ERR,ERR,ERR,ERR,ERR,ERR,ERR,ERR,ERR,ERR,ERR,ERR,ERR,ERR,ERR,ERR,ERR,ERR,ERR,ERR,ERR,ERR,ERR,ERR,ERR,ERR,ERR,ERR,ERR,ERR,ERR,ERR,ERR,ERR,ERR,ERR,ERR,ERR,ERR,ERR,ERR,ERR,ERR,50.0,60.0,100,0.0,0.0,0.0,0.0,0.0,0.0,0.0,0.0,0.0,0.0,0.0,0.0,0.0,0.0,0.0,0.0,61.6,74,13,65512,50,65476,0,300,0,0,8,20529,65476,0,0,26214,60.0,0.0,0.0,0.0,0.0,0.0
2026-05-17T18:19:40,ERR,ERR,ERR,ERR,ERR,ERR,ERR,ERR,ERR,ERR,ERR,ERR,ERR,ERR,ERR,ERR,ERR,ERR,ERR,ERR,ERR,ERR,ERR,ERR,ERR,ERR,ERR,ERR,ERR,ERR,ERR,ERR,ERR,ERR,ERR,ERR,ERR,ERR,ERR,ERR,ERR,ERR,ERR,ERR,ERR,ERR,ERR,ERR,ERR,ERR,ERR,ERR,ERR,ERR,ERR,ERR,ERR,ERR,ERR,ERR,ERR,ERR,ERR,ERR,ERR,ERR,ERR,ERR,ERR,ERR,ERR,ERR,ERR,ERR,ERR,ERR,ERR,ERR,ERR,ERR,ERR,ERR,ERR,ERR,ERR,ERR,ERR,ERR,ERR,ERR,ERR,ERR,ERR,ERR,ERR,ERR,ERR,ERR,ERR,ERR,ERR,ERR,ERR,ERR,ERR,ERR,ERR,ERR,ERR,ERR,ERR,ERR,ERR,ERR,ERR,ERR,ERR,ERR,ERR,ERR,ERR,ERR,ERR,ERR,ERR,0.0,-107615296.0,-134474944.0,0.0,0.0,1.3936040501711995e+18,7.805,0.0,0,0,4,0,8422,0.0,45,0.0,0.0,0.0,0.0,0.0,0,0,0,0,0.0,0,0,0,0,0,0,0,0,0,0,0,0,0,0,0,0,0,0,0,0,0,0,0,0,0,0,0,0,0,0,0,0,0,38,14,7,45,65476,0,300,0,0,8,21553,0.0,-107605600.0,0.0,0.0,0.0,0.0,0.0,0.0,0.0,0.0,0.0,0.0,0.0,0.0,0.0,0.0,0.0,0.0,0.0,0.0,0.0,0.0,0.0,0.0,-0.0,0.0,0.0,0.0,0.0,0.0,5046.0,1.040665504650976e+34,0.0,-107615288.0,-107615296.0,-107615280.0,2.718429300292151e+23,0.0,0.0,0.0,0.0,53,-0.0,-71.629,0.0,0.0,0.0,0.0,0.0,0.0,0.0,0,0,0,0.0,0.0,0.0,0.0,0.0,0.0,0.0,0.0,0.0,0.0,0.0,0.0,0.0,0.0,0.0,0.0,0,-107875648.0,53,0.0,106,-107614832.0,0.0,ERR,ERR,ERR,ERR,ERR,ERR,ERR,ERR,ERR,ERR,ERR,ERR,ERR,ERR,ERR,ERR,ERR,ERR,ERR,ERR,ERR,ERR,ERR,ERR,ERR,ERR,ERR,ERR,ERR,ERR,ERR,ERR,ERR,ERR,ERR,ERR,ERR,ERR,ERR,ERR,ERR,ERR,ERR,ERR,ERR,ERR,ERR,ERR,ERR,ERR,ERR,ERR,ERR,ERR,ERR,ERR,ERR,ERR,ERR,ERR,ERR,ERR,ERR,ERR,ERR,ERR,ERR,50.0,60.0,100,0.0,0.0,0.0,0.0,0.0,0.0,0.0,0.0,0.0,0.0,0.0,0.0,0.0,0.0,0.0,0.0,61.6,74,13,65512,50,65476,0,300,0,0,8,20529,65476,0,0,26214,60.0,0.0,0.0,0.0,0.0,0.0
2026-05-17T18:19:41,ERR,ERR,ERR,ERR,ERR,ERR,ERR,ERR,ERR,ERR,ERR,ERR,ERR,ERR,ERR,ERR,ERR,ERR,ERR,ERR,ERR,ERR,ERR,ERR,ERR,ERR,ERR,ERR,ERR,ERR,ERR,ERR,ERR,ERR,ERR,ERR,ERR,ERR,ERR,ERR,ERR,ERR,ERR,ERR,ERR,ERR,ERR,ERR,ERR,ERR,ERR,ERR,ERR,ERR,ERR,ERR,ERR,ERR,ERR,ERR,ERR,ERR,ERR,ERR,ERR,ERR,ERR,ERR,ERR,ERR,ERR,ERR,ERR,ERR,ERR,ERR,ERR,ERR,ERR,ERR,ERR,ERR,ERR,ERR,ERR,ERR,ERR,ERR,ERR,ERR,ERR,ERR,ERR,ERR,ERR,ERR,ERR,ERR,ERR,ERR,ERR,ERR,ERR,ERR,ERR,ERR,ERR,ERR,ERR,ERR,ERR,ERR,ERR,ERR,ERR,ERR,ERR,ERR,ERR,ERR,ERR,ERR,ERR,ERR,ERR,0.0,-107615296.0,-134474944.0,0.0,0.0,1.3936040501711995e+18,7.805,0.0,0,0,4,0,8422,0.0,45,0.0,0.0,0.0,0.0,0.0,0,0,0,0,0.0,0,0,0,0,0,0,0,0,0,0,0,0,0,0,0,0,0,0,0,0,0,0,0,0,0,0,0,0,0,0,0,0,0,38,14,7,45,65476,0,300,0,0,8,21553,0.0,-107605600.0,0.0,0.0,0.0,0.0,0.0,0.0,0.0,0.0,0.0,0.0,0.0,0.0,0.0,0.0,0.0,0.0,0.0,0.0,0.0,0.0,0.0,0.0,-0.0,0.0,0.0,0.0,0.0,0.0,5046.0,1.040665504650976e+34,0.0,-107615288.0,-107615296.0,-107615280.0,2.718429300292151e+23,0.0,0.0,0.0,0.0,53,-0.0,-71.629,0.0,0.0,0.0,0.0,0.0,0.0,0.0,0,0,0,0.0,0.0,0.0,0.0,0.0,0.0,0.0,0.0,0.0,0.0,0.0,0.0,0.0,0.0,0.0,0.0,0,-107875648.0,53,0.0,106,-107614832.0,0.0,ERR,ERR,ERR,ERR,ERR,ERR,ERR,ERR,ERR,ERR,ERR,ERR,ERR,ERR,ERR,ERR,ERR,ERR,ERR,ERR,ERR,ERR,ERR,ERR,ERR,ERR,ERR,ERR,ERR,ERR,ERR,ERR,ERR,ERR,ERR,ERR,ERR,ERR,ERR,ERR,ERR,ERR,ERR,ERR,ERR,ERR,ERR,ERR,ERR,ERR,ERR,ERR,ERR,ERR,ERR,ERR,ERR,ERR,ERR,ERR,ERR,ERR,ERR,ERR,ERR,ERR,ERR,50.0,60.0,100,0.0,0.0,0.0,0.0,0.0,0.0,0.0,0.0,0.0,0.0,0.0,0.0,0.0,0.0,0.0,0.0,61.6,74,13,65512,50,65476,0,300,0,0,8,20529,65476,0,0,26214,60.0,0.0,0.0,0.0,0.0,0.0
2026-05-17T18:19:42,ERR,ERR,ERR,ERR,ERR,ERR,ERR,ERR,ERR,ERR,ERR,ERR,ERR,ERR,ERR,ERR,ERR,ERR,ERR,ERR,ERR,ERR,ERR,ERR,ERR,ERR,ERR,ERR,ERR,ERR,ERR,ERR,ERR,ERR,ERR,ERR,ERR,ERR,ERR,ERR,ERR,ERR,ERR,ERR,ERR,ERR,ERR,ERR,ERR,ERR,ERR,ERR,ERR,ERR,ERR,ERR,ERR,ERR,ERR,ERR,ERR,ERR,ERR,ERR,ERR,ERR,ERR,ERR,ERR,ERR,ERR,ERR,ERR,ERR,ERR,ERR,ERR,ERR,ERR,ERR,ERR,ERR,ERR,ERR,ERR,ERR,ERR,ERR,ERR,ERR,ERR,ERR,ERR,ERR,ERR,ERR,ERR,ERR,ERR,ERR,ERR,ERR,ERR,ERR,ERR,ERR,ERR,ERR,ERR,ERR,ERR,ERR,ERR,ERR,ERR,ERR,ERR,ERR,ERR,ERR,ERR,ERR,ERR,ERR,ERR,0.0,-107615296.0,-134474944.0,0.0,0.0,1.3936040501711995e+18,7.805,0.0,0,0,4,0,8422,0.0,45,0.0,0.0,0.0,0.0,0.0,0,0,0,0,0.0,0,0,0,0,0,0,0,0,0,0,0,0,0,0,0,0,0,0,0,0,0,0,0,0,0,0,0,0,0,0,0,0,0,38,14,7,45,65476,0,300,0,0,8,21553,0.0,-107605600.0,0.0,0.0,0.0,0.0,0.0,0.0,0.0,0.0,0.0,0.0,0.0,0.0,0.0,0.0,0.0,0.0,0.0,0.0,0.0,0.0,0.0,0.0,-0.0,0.0,0.0,0.0,0.0,0.0,5049.0,-0.0,0.0,0.0,-107615296.0,-107615280.0,2.718429300292151e+23,0.0,0.0,0.0,0.0,53,-0.0,-3.222003136178649e+26,0.0,0.0,0.0,0.0,0.0,0.0,0.0,0,0,0,0.0,0.0,0.0,0.0,0.0,0.0,0.0,0.0,0.0,0.0,0.0,0.0,0.0,0.0,0.0,0.0,0,-107875648.0,53,0.0,106,-107614832.0,0.0,ERR,ERR,ERR,ERR,ERR,ERR,ERR,ERR,ERR,ERR,ERR,ERR,ERR,ERR,ERR,ERR,ERR,ERR,ERR,ERR,ERR,ERR,ERR,ERR,ERR,ERR,ERR,ERR,ERR,ERR,ERR,ERR,ERR,ERR,ERR,ERR,ERR,ERR,ERR,ERR,ERR,ERR,ERR,ERR,ERR,ERR,ERR,ERR,ERR,ERR,ERR,ERR,ERR,ERR,ERR,ERR,ERR,ERR,ERR,ERR,ERR,ERR,ERR,ERR,ERR,ERR,ERR,50.0,60.0,100,0.0,0.0,0.0,0.0,0.0,0.0,0.0,0.0,0.0,0.0,0.0,0.0,0.0,0.0,0.0,0.0,61.6,74,13,65512,50,65476,0,300,0,0,8,20529,65476,0,0,26214,60.0,0.0,0.0,0.0,0.0,0.0
2026-05-17T18:19:43,ERR,ERR,ERR,ERR,ERR,ERR,ERR,ERR,ERR,ERR,ERR,ERR,ERR,ERR,ERR,ERR,ERR,ERR,ERR,ERR,ERR,ERR,ERR,ERR,ERR,ERR,ERR,ERR,ERR,ERR,ERR,ERR,ERR,ERR,ERR,ERR,ERR,ERR,ERR,ERR,ERR,ERR,ERR,ERR,ERR,ERR,ERR,ERR,ERR,ERR,ERR,ERR,ERR,ERR,ERR,ERR,ERR,ERR,ERR,ERR,ERR,ERR,ERR,ERR,ERR,ERR,ERR,ERR,ERR,ERR,ERR,ERR,ERR,ERR,ERR,ERR,ERR,ERR,ERR,ERR,ERR,ERR,ERR,ERR,ERR,ERR,ERR,ERR,ERR,ERR,ERR,ERR,ERR,ERR,ERR,ERR,ERR,ERR,ERR,ERR,ERR,ERR,ERR,ERR,ERR,ERR,ERR,ERR,ERR,ERR,ERR,ERR,ERR,ERR,ERR,ERR,ERR,ERR,ERR,ERR,ERR,ERR,ERR,ERR,ERR,0.0,-107615296.0,-134474944.0,0.0,0.0,1.3936040501711995e+18,7.805,0.0,0,0,4,0,8422,0.0,45,0.0,0.0,0.0,0.0,0.0,0,0,0,0,0.0,0,0,0,0,0,0,0,0,0,0,0,0,0,0,0,0,0,0,0,0,0,0,0,0,0,0,0,0,0,0,0,0,0,38,14,7,45,65476,0,300,0,0,8,21553,0.0,-107605600.0,0.0,0.0,0.0,0.0,0.0,0.0,0.0,0.0,0.0,0.0,0.0,0.0,0.0,0.0,0.0,0.0,0.0,0.0,0.0,0.0,0.0,0.0,-0.0,0.0,0.0,0.0,0.0,0.0,5049.0,-0.0,0.0,0.0,-107615296.0,-107615280.0,2.718429300292151e+23,0.0,0.0,0.0,0.0,53,-0.0,-3.222003136178649e+26,0.0,0.0,0.0,0.0,0.0,0.0,0.0,0,0,0,0.0,0.0,0.0,0.0,0.0,0.0,0.0,0.0,0.0,0.0,0.0,0.0,0.0,0.0,0.0,0.0,0,-107875648.0,53,0.0,106,-107614832.0,0.0,ERR,ERR,ERR,ERR,ERR,ERR,ERR,ERR,ERR,ERR,ERR,ERR,ERR,ERR,ERR,ERR,ERR,ERR,ERR,ERR,ERR,ERR,ERR,ERR,ERR,ERR,ERR,ERR,ERR,ERR,ERR,ERR,ERR,ERR,ERR,ERR,ERR,ERR,ERR,ERR,ERR,ERR,ERR,ERR,ERR,ERR,ERR,ERR,ERR,ERR,ERR,ERR,ERR,ERR,ERR,ERR,ERR,ERR,ERR,ERR,ERR,ERR,ERR,ERR,ERR,ERR,ERR,50.0,60.0,100,0.0,0.0,0.0,0.0,0.0,0.0,0.0,0.0,0.0,0.0,0.0,0.0,0.0,0.0,0.0,0.0,61.6,74,13,65512,50,65476,0,300,0,0,8,20529,65476,0,0,26214,60.0,0.0,0.0,0.0,0.0,0.0
2026-05-17T18:19:44,ERR,ERR,ERR,ERR,ERR,ERR,ERR,ERR,ERR,ERR,ERR,ERR,ERR,ERR,ERR,ERR,ERR,ERR,ERR,ERR,ERR,ERR,ERR,ERR,ERR,ERR,ERR,ERR,ERR,ERR,ERR,ERR,ERR,ERR,ERR,ERR,ERR,ERR,ERR,ERR,ERR,ERR,ERR,ERR,ERR,ERR,ERR,ERR,ERR,ERR,ERR,ERR,ERR,ERR,ERR,ERR,ERR,ERR,ERR,ERR,ERR,ERR,ERR,ERR,ERR,ERR,ERR,ERR,ERR,ERR,ERR,ERR,ERR,ERR,ERR,ERR,ERR,ERR,ERR,ERR,ERR,ERR,ERR,ERR,ERR,ERR,ERR,ERR,ERR,ERR,ERR,ERR,ERR,ERR,ERR,ERR,ERR,ERR,ERR,ERR,ERR,ERR,ERR,ERR,ERR,ERR,ERR,ERR,ERR,ERR,ERR,ERR,ERR,ERR,ERR,ERR,ERR,ERR,ERR,ERR,ERR,ERR,ERR,ERR,ERR,0.0,-107615296.0,-134474944.0,0.0,0.0,1.3936040501711995e+18,7.805,0.0,0,0,4,0,8422,0.0,45,0.0,0.0,0.0,0.0,0.0,0,0,0,0,0.0,0,0,0,0,0,0,0,0,0,0,0,0,0,0,0,0,0,0,0,0,0,0,0,0,0,0,0,0,0,0,0,0,0,38,14,7,45,65476,0,300,0,0,8,21553,0.0,-107605600.0,0.0,0.0,0.0,0.0,0.0,0.0,0.0,0.0,0.0,0.0,0.0,0.0,0.0,0.0,0.0,0.0,0.0,0.0,0.0,0.0,0.0,0.0,-0.0,0.0,0.0,0.0,0.0,0.0,5049.0,-0.0,0.0,0.0,-107615296.0,-107615280.0,2.718429300292151e+23,0.0,0.0,0.0,0.0,53,-0.0,-3.222003136178649e+26,0.0,0.0,0.0,0.0,0.0,0.0,0.0,0,0,0,0.0,0.0,0.0,0.0,0.0,0.0,0.0,0.0,0.0,0.0,0.0,0.0,0.0,0.0,0.0,0.0,0,-107875648.0,53,0.0,106,-107614832.0,0.0,ERR,ERR,ERR,ERR,ERR,ERR,ERR,ERR,ERR,ERR,ERR,ERR,ERR,ERR,ERR,ERR,ERR,ERR,ERR,ERR,ERR,ERR,ERR,ERR,ERR,ERR,ERR,ERR,ERR,ERR,ERR,ERR,ERR,ERR,ERR,ERR,ERR,ERR,ERR,ERR,ERR,ERR,ERR,ERR,ERR,ERR,ERR,ERR,ERR,ERR,ERR,ERR,ERR,ERR,ERR,ERR,ERR,ERR,ERR,ERR,ERR,ERR,ERR,ERR,ERR,ERR,ERR,50.0,60.0,100,0.0,0.0,0.0,0.0,0.0,0.0,0.0,0.0,0.0,0.0,0.0,0.0,0.0,0.0,0.0,0.0,61.6,74,13,65512,50,65476,0,300,0,0,8,20529,65476,0,0,26214,60.0,0.0,0.0,0.0,0.0,0.0
2026-05-17T18:19:45,ERR,ERR,ERR,ERR,ERR,ERR,ERR,ERR,ERR,ERR,ERR,ERR,ERR,ERR,ERR,ERR,ERR,ERR,ERR,ERR,ERR,ERR,ERR,ERR,ERR,ERR,ERR,ERR,ERR,ERR,ERR,ERR,ERR,ERR,ERR,ERR,ERR,ERR,ERR,ERR,ERR,ERR,ERR,ERR,ERR,ERR,ERR,ERR,ERR,ERR,ERR,ERR,ERR,ERR,ERR,ERR,ERR,ERR,ERR,ERR,ERR,ERR,ERR,ERR,ERR,ERR,ERR,ERR,ERR,ERR,ERR,ERR,ERR,ERR,ERR,ERR,ERR,ERR,ERR,ERR,ERR,ERR,ERR,ERR,ERR,ERR,ERR,ERR,ERR,ERR,ERR,ERR,ERR,ERR,ERR,ERR,ERR,ERR,ERR,ERR,ERR,ERR,ERR,ERR,ERR,ERR,ERR,ERR,ERR,ERR,ERR,ERR,ERR,ERR,ERR,ERR,ERR,ERR,ERR,ERR,ERR,ERR,ERR,ERR,ERR,0.0,-107615296.0,-134474944.0,0.0,0.0,1.3936040501711995e+18,7.805,0.0,0,0,4,0,8422,0.0,45,0.0,0.0,0.0,0.0,0.0,0,0,0,0,0.0,0,0,0,0,0,0,0,0,0,0,0,0,0,0,0,0,0,0,0,0,0,0,0,0,0,0,0,0,0,0,0,0,0,38,14,7,45,65476,0,300,0,0,8,21553,0.0,-107605600.0,0.0,0.0,0.0,0.0,0.0,0.0,0.0,0.0,0.0,0.0,0.0,0.0,0.0,0.0,0.0,0.0,0.0,0.0,0.0,0.0,0.0,0.0,-0.0,0.0,0.0,0.0,0.0,0.0,5049.0,-0.0,0.0,0.0,-107615296.0,-107615280.0,2.718429300292151e+23,0.0,0.0,0.0,0.0,53,-0.0,-3.222003136178649e+26,0.0,0.0,0.0,0.0,0.0,0.0,0.0,0,0,0,0.0,0.0,0.0,0.0,0.0,0.0,0.0,0.0,0.0,0.0,0.0,0.0,0.0,0.0,0.0,0.0,0,-107875648.0,53,0.0,106,-107614832.0,0.0,ERR,ERR,ERR,ERR,ERR,ERR,ERR,ERR,ERR,ERR,ERR,ERR,ERR,ERR,ERR,ERR,ERR,ERR,ERR,ERR,ERR,ERR,ERR,ERR,ERR,ERR,ERR,ERR,ERR,ERR,ERR,ERR,ERR,ERR,ERR,ERR,ERR,ERR,ERR,ERR,ERR,ERR,ERR,ERR,ERR,ERR,ERR,ERR,ERR,ERR,ERR,ERR,ERR,ERR,ERR,ERR,ERR,ERR,ERR,ERR,ERR,ERR,ERR,ERR,ERR,ERR,ERR,50.0,60.0,100,0.0,0.0,0.0,0.0,0.0,0.0,0.0,0.0,0.0,0.0,0.0,0.0,0.0,0.0,0.0,0.0,62.0,74,13,65512,50,65476,0,300,0,0,8,20529,65476,0,0,26214,60.0,0.0,0.0,0.0,0.0,0.0
2026-05-17T18:19:46,ERR,ERR,ERR,ERR,ERR,ERR,ERR,ERR,ERR,ERR,ERR,ERR,ERR,ERR,ERR,ERR,ERR,ERR,ERR,ERR,ERR,ERR,ERR,ERR,ERR,ERR,ERR,ERR,ERR,ERR,ERR,ERR,ERR,ERR,ERR,ERR,ERR,ERR,ERR,ERR,ERR,ERR,ERR,ERR,ERR,ERR,ERR,ERR,ERR,ERR,ERR,ERR,ERR,ERR,ERR,ERR,ERR,ERR,ERR,ERR,ERR,ERR,ERR,ERR,ERR,ERR,ERR,ERR,ERR,ERR,ERR,ERR,ERR,ERR,ERR,ERR,ERR,ERR,ERR,ERR,ERR,ERR,ERR,ERR,ERR,ERR,ERR,ERR,ERR,ERR,ERR,ERR,ERR,ERR,ERR,ERR,ERR,ERR,ERR,ERR,ERR,ERR,ERR,ERR,ERR,ERR,ERR,ERR,ERR,ERR,ERR,ERR,ERR,ERR,ERR,ERR,ERR,ERR,ERR,ERR,ERR,ERR,ERR,ERR,ERR,0.0,-107615296.0,-134474944.0,0.0,0.0,1.3936040501711995e+18,7.805,0.0,0,0,4,0,8422,0.0,45,0.0,0.0,0.0,0.0,0.0,0,0,0,0,0.0,0,0,0,0,0,0,0,0,0,0,0,0,0,0,0,0,0,0,0,0,0,0,0,0,0,0,0,0,0,0,0,0,0,38,14,7,45,65476,0,300,0,0,8,21553,0.0,-107605600.0,0.0,0.0,0.0,0.0,0.0,0.0,0.0,0.0,0.0,0.0,0.0,0.0,0.0,0.0,0.0,0.0,0.0,0.0,0.0,0.0,0.0,0.0,-0.0,0.0,0.0,0.0,0.0,0.0,5049.0,-0.0,0.0,0.0,-107615296.0,-107615280.0,2.718429300292151e+23,0.0,0.0,0.0,0.0,53,-0.0,-3.222003136178649e+26,0.0,0.0,0.0,0.0,0.0,0.0,0.0,0,0,0,0.0,0.0,0.0,0.0,0.0,0.0,0.0,0.0,0.0,0.0,0.0,0.0,0.0,0.0,0.0,0.0,0,-107875648.0,53,0.0,106,-107614832.0,0.0,ERR,ERR,ERR,ERR,ERR,ERR,ERR,ERR,ERR,ERR,ERR,ERR,ERR,ERR,ERR,ERR,ERR,ERR,ERR,ERR,ERR,ERR,ERR,ERR,ERR,ERR,ERR,ERR,ERR,ERR,ERR,ERR,ERR,ERR,ERR,ERR,ERR,ERR,ERR,ERR,ERR,ERR,ERR,ERR,ERR,ERR,ERR,ERR,ERR,ERR,ERR,ERR,ERR,ERR,ERR,ERR,ERR,ERR,ERR,ERR,ERR,ERR,ERR,ERR,ERR,ERR,ERR,50.0,60.0,100,0.0,0.0,0.0,0.0,0.0,0.0,0.0,0.0,0.0,0.0,0.0,0.0,0.0,0.0,0.0,0.0,62.0,74,13,65512,50,65476,0,300,0,0,8,20529,65476,0,0,26214,60.0,0.0,0.0,0.0,0.0,0.0
2026-05-17T18:19:47,ERR,ERR,ERR,ERR,ERR,ERR,ERR,ERR,ERR,ERR,ERR,ERR,ERR,ERR,ERR,ERR,ERR,ERR,ERR,ERR,ERR,ERR,ERR,ERR,ERR,ERR,ERR,ERR,ERR,ERR,ERR,ERR,ERR,ERR,ERR,ERR,ERR,ERR,ERR,ERR,ERR,ERR,ERR,ERR,ERR,ERR,ERR,ERR,ERR,ERR,ERR,ERR,ERR,ERR,ERR,ERR,ERR,ERR,ERR,ERR,ERR,ERR,ERR,ERR,ERR,ERR,ERR,ERR,ERR,ERR,ERR,ERR,ERR,ERR,ERR,ERR,ERR,ERR,ERR,ERR,ERR,ERR,ERR,ERR,ERR,ERR,ERR,ERR,ERR,ERR,ERR,ERR,ERR,ERR,ERR,ERR,ERR,ERR,ERR,ERR,ERR,ERR,ERR,ERR,ERR,ERR,ERR,ERR,ERR,ERR,ERR,ERR,ERR,ERR,ERR,ERR,ERR,ERR,ERR,ERR,ERR,ERR,ERR,ERR,ERR,0.0,-107615296.0,-134474944.0,0.0,0.0,1.3936040501711995e+18,7.805,0.0,0,0,4,0,8422,0.0,45,0.0,0.0,0.0,0.0,0.0,0,0,0,0,0.0,0,0,0,0,0,0,0,0,0,0,0,0,0,0,0,0,0,0,0,0,0,0,0,0,0,0,0,0,0,0,0,0,0,38,14,7,45,65476,0,300,0,0,8,21553,0.0,-107605600.0,0.0,0.0,0.0,0.0,0.0,0.0,0.0,0.0,0.0,0.0,0.0,0.0,0.0,0.0,0.0,0.0,0.0,0.0,0.0,0.0,0.0,0.0,-0.0,0.0,0.0,0.0,0.0,0.0,5051.0,-131350.453,0.0,0.0,-107615296.0,-107615280.0,2.718429300292151e+23,0.0,0.0,0.0,0.0,53,-0.0,-152017297211392.0,0.0,0.0,0.0,0.0,0.0,0.0,0.0,0,0,0,0.0,0.0,0.0,0.0,0.0,0.0,0.0,0.0,0.0,0.0,0.0,0.0,0.0,0.0,0.0,0.0,0,-107875648.0,53,0.0,106,-107614832.0,0.0,ERR,ERR,ERR,ERR,ERR,ERR,ERR,ERR,ERR,ERR,ERR,ERR,ERR,ERR,ERR,ERR,ERR,ERR,ERR,ERR,ERR,ERR,ERR,ERR,ERR,ERR,ERR,ERR,ERR,ERR,ERR,ERR,ERR,ERR,ERR,ERR,ERR,ERR,ERR,ERR,ERR,ERR,ERR,ERR,ERR,ERR,ERR,ERR,ERR,ERR,ERR,ERR,ERR,ERR,ERR,ERR,ERR,ERR,ERR,ERR,ERR,ERR,ERR,ERR,ERR,ERR,ERR,50.0,60.0,100,0.0,0.0,0.0,0.0,0.0,0.0,0.0,0.0,0.0,0.0,0.0,0.0,0.0,0.0,0.0,0.0,61.6,74,13,65512,50,65476,0,300,0,0,8,20529,65476,0,0,26214,60.0,0.0,0.0,0.0,0.0,0.0
2026-05-17T18:19:48,ERR,ERR,ERR,ERR,ERR,ERR,ERR,ERR,ERR,ERR,ERR,ERR,ERR,ERR,ERR,ERR,ERR,ERR,ERR,ERR,ERR,ERR,ERR,ERR,ERR,ERR,ERR,ERR,ERR,ERR,ERR,ERR,ERR,ERR,ERR,ERR,ERR,ERR,ERR,ERR,ERR,ERR,ERR,ERR,ERR,ERR,ERR,ERR,ERR,ERR,ERR,ERR,ERR,ERR,ERR,ERR,ERR,ERR,ERR,ERR,ERR,ERR,ERR,ERR,ERR,ERR,ERR,ERR,ERR,ERR,ERR,ERR,ERR,ERR,ERR,ERR,ERR,ERR,ERR,ERR,ERR,ERR,ERR,ERR,ERR,ERR,ERR,ERR,ERR,ERR,ERR,ERR,ERR,ERR,ERR,ERR,ERR,ERR,ERR,ERR,ERR,ERR,ERR,ERR,ERR,ERR,ERR,ERR,ERR,ERR,ERR,ERR,ERR,ERR,ERR,ERR,ERR,ERR,ERR,ERR,ERR,ERR,ERR,ERR,ERR,0.0,-107615296.0,-134474944.0,0.0,0.0,1.3936040501711995e+18,7.805,0.0,0,0,4,0,8422,0.0,45,0.0,0.0,0.0,0.0,0.0,0,0,0,0,0.0,0,0,0,0,0,0,0,0,0,0,0,0,0,0,0,0,0,0,0,0,0,0,0,0,0,0,0,0,0,0,0,0,0,38,14,7,45,65476,0,300,0,0,8,21553,0.0,-107605600.0,0.0,0.0,0.0,0.0,0.0,0.0,0.0,0.0,0.0,0.0,0.0,0.0,0.0,0.0,0.0,0.0,0.0,0.0,0.0,0.0,0.0,0.0,-0.0,0.0,0.0,0.0,0.0,0.0,5051.0,-131350.453,0.0,0.0,-107615296.0,-107615280.0,2.718429300292151e+23,0.0,0.0,0.0,0.0,53,-0.0,-152017297211392.0,0.0,0.0,0.0,0.0,0.0,0.0,0.0,0,0,0,0.0,0.0,0.0,0.0,0.0,0.0,0.0,0.0,0.0,0.0,0.0,0.0,0.0,0.0,0.0,0.0,0,-107875648.0,53,0.0,106,-107614832.0,0.0,ERR,ERR,ERR,ERR,ERR,ERR,ERR,ERR,ERR,ERR,ERR,ERR,ERR,ERR,ERR,ERR,ERR,ERR,ERR,ERR,ERR,ERR,ERR,ERR,ERR,ERR,ERR,ERR,ERR,ERR,ERR,ERR,ERR,ERR,ERR,ERR,ERR,ERR,ERR,ERR,ERR,ERR,ERR,ERR,ERR,ERR,ERR,ERR,ERR,ERR,ERR,ERR,ERR,ERR,ERR,ERR,ERR,ERR,ERR,ERR,ERR,ERR,ERR,ERR,ERR,ERR,ERR,50.0,60.0,100,0.0,0.0,0.0,0.0,0.0,0.0,0.0,0.0,0.0,0.0,0.0,0.0,0.0,0.0,0.0,0.0,61.6,74,13,65512,50,65476,0,300,0,0,8,20529,65476,0,0,26214,60.0,0.0,0.0,0.0,0.0,0.0
2026-05-17T18:19:49,ERR,ERR,ERR,ERR,ERR,ERR,ERR,ERR,ERR,ERR,ERR,ERR,ERR,ERR,ERR,ERR,ERR,ERR,ERR,ERR,ERR,ERR,ERR,ERR,ERR,ERR,ERR,ERR,ERR,ERR,ERR,ERR,ERR,ERR,ERR,ERR,ERR,ERR,ERR,ERR,ERR,ERR,ERR,ERR,ERR,ERR,ERR,ERR,ERR,ERR,ERR,ERR,ERR,ERR,ERR,ERR,ERR,ERR,ERR,ERR,ERR,ERR,ERR,ERR,ERR,ERR,ERR,ERR,ERR,ERR,ERR,ERR,ERR,ERR,ERR,ERR,ERR,ERR,ERR,ERR,ERR,ERR,ERR,ERR,ERR,ERR,ERR,ERR,ERR,ERR,ERR,ERR,ERR,ERR,ERR,ERR,ERR,ERR,ERR,ERR,ERR,ERR,ERR,ERR,ERR,ERR,ERR,ERR,ERR,ERR,ERR,ERR,ERR,ERR,ERR,ERR,ERR,ERR,ERR,ERR,ERR,ERR,ERR,ERR,ERR,0.0,-107615296.0,-134474944.0,0.0,0.0,1.3936040501711995e+18,7.805,0.0,0,0,4,0,8422,0.0,45,0.0,0.0,0.0,0.0,0.0,0,0,0,0,0.0,0,0,0,0,0,0,0,0,0,0,0,0,0,0,0,0,0,0,0,0,0,0,0,0,0,0,0,0,0,0,0,0,0,38,14,7,45,65476,0,300,0,0,8,21553,0.0,-107605600.0,0.0,0.0,0.0,0.0,0.0,0.0,0.0,0.0,0.0,0.0,0.0,0.0,0.0,0.0,0.0,0.0,0.0,0.0,0.0,0.0,0.0,0.0,-0.0,0.0,0.0,0.0,0.0,0.0,5051.0,-131350.453,0.0,0.0,-107615296.0,-107615280.0,2.718429300292151e+23,0.0,0.0,0.0,0.0,53,-0.0,-152017297211392.0,0.0,0.0,0.0,0.0,0.0,0.0,0.0,0,0,0,0.0,0.0,0.0,0.0,0.0,0.0,0.0,0.0,0.0,0.0,0.0,0.0,0.0,0.0,0.0,0.0,0,-107875648.0,53,0.0,106,-107614832.0,0.0,ERR,ERR,ERR,ERR,ERR,ERR,ERR,ERR,ERR,ERR,ERR,ERR,ERR,ERR,ERR,ERR,ERR,ERR,ERR,ERR,ERR,ERR,ERR,ERR,ERR,ERR,ERR,ERR,ERR,ERR,ERR,ERR,ERR,ERR,ERR,ERR,ERR,ERR,ERR,ERR,ERR,ERR,ERR,ERR,ERR,ERR,ERR,ERR,ERR,ERR,ERR,ERR,ERR,ERR,ERR,ERR,ERR,ERR,ERR,ERR,ERR,ERR,ERR,ERR,ERR,ERR,ERR,50.0,60.0,100,0.0,0.0,0.0,0.0,0.0,0.0,0.0,0.0,0.0,0.0,0.0,0.0,0.0,0.0,0.0,0.0,61.6,74,13,65512,50,65476,0,300,0,0,8,20529,65476,0,0,26214,60.0,0.0,0.0,0.0,0.0,0.0
2026-05-17T18:19:50,ERR,ERR,ERR,ERR,ERR,ERR,ERR,ERR,ERR,ERR,ERR,ERR,ERR,ERR,ERR,ERR,ERR,ERR,ERR,ERR,ERR,ERR,ERR,ERR,ERR,ERR,ERR,ERR,ERR,ERR,ERR,ERR,ERR,ERR,ERR,ERR,ERR,ERR,ERR,ERR,ERR,ERR,ERR,ERR,ERR,ERR,ERR,ERR,ERR,ERR,ERR,ERR,ERR,ERR,ERR,ERR,ERR,ERR,ERR,ERR,ERR,ERR,ERR,ERR,ERR,ERR,ERR,ERR,ERR,ERR,ERR,ERR,ERR,ERR,ERR,ERR,ERR,ERR,ERR,ERR,ERR,ERR,ERR,ERR,ERR,ERR,ERR,ERR,ERR,ERR,ERR,ERR,ERR,ERR,ERR,ERR,ERR,ERR,ERR,ERR,ERR,ERR,ERR,ERR,ERR,ERR,ERR,ERR,ERR,ERR,ERR,ERR,ERR,ERR,ERR,ERR,ERR,ERR,ERR,ERR,ERR,ERR,ERR,ERR,ERR,0.0,-107615296.0,-134474944.0,0.0,0.0,1.3936040501711995e+18,7.805,0.0,0,0,4,0,8422,0.0,45,0.0,0.0,0.0,0.0,0.0,0,0,0,0,0.0,0,0,0,0,0,0,0,0,0,0,0,0,0,0,0,0,0,0,0,0,0,0,0,0,0,0,0,0,0,0,0,0,0,38,14,7,45,65476,0,300,0,0,8,21553,0.0,-107605600.0,0.0,0.0,0.0,0.0,0.0,0.0,0.0,0.0,0.0,0.0,0.0,0.0,0.0,0.0,0.0,0.0,0.0,0.0,0.0,0.0,0.0,0.0,-0.0,0.0,0.0,0.0,0.0,0.0,5051.0,-131350.453,0.0,0.0,-107615296.0,-107615280.0,2.718429300292151e+23,0.0,0.0,0.0,0.0,53,-0.0,-152017297211392.0,0.0,0.0,0.0,0.0,0.0,0.0,0.0,0,0,0,0.0,0.0,0.0,0.0,0.0,0.0,0.0,0.0,0.0,0.0,0.0,0.0,0.0,0.0,0.0,0.0,0,-107875648.0,53,0.0,106,-107614832.0,0.0,ERR,ERR,ERR,ERR,ERR,ERR,ERR,ERR,ERR,ERR,ERR,ERR,ERR,ERR,ERR,ERR,ERR,ERR,ERR,ERR,ERR,ERR,ERR,ERR,ERR,ERR,ERR,ERR,ERR,ERR,ERR,ERR,ERR,ERR,ERR,ERR,ERR,ERR,ERR,ERR,ERR,ERR,ERR,ERR,ERR,ERR,ERR,ERR,ERR,ERR,ERR,ERR,ERR,ERR,ERR,ERR,ERR,ERR,ERR,ERR,ERR,ERR,ERR,ERR,ERR,ERR,ERR,50.0,60.0,100,0.0,0.0,0.0,0.0,0.0,0.0,0.0,0.0,0.0,0.0,0.0,0.0,0.0,0.0,0.0,0.0,61.6,74,13,65512,50,65476,0,300,0,0,8,20529,65476,0,0,26214,60.0,0.0,0.0,0.0,0.0,0.0
2026-05-17T18:19:51,ERR,ERR,ERR,ERR,ERR,ERR,ERR,ERR,ERR,ERR,ERR,ERR,ERR,ERR,ERR,ERR,ERR,ERR,ERR,ERR,ERR,ERR,ERR,ERR,ERR,ERR,ERR,ERR,ERR,ERR,ERR,ERR,ERR,ERR,ERR,ERR,ERR,ERR,ERR,ERR,ERR,ERR,ERR,ERR,ERR,ERR,ERR,ERR,ERR,ERR,ERR,ERR,ERR,ERR,ERR,ERR,ERR,ERR,ERR,ERR,ERR,ERR,ERR,ERR,ERR,ERR,ERR,ERR,ERR,ERR,ERR,ERR,ERR,ERR,ERR,ERR,ERR,ERR,ERR,ERR,ERR,ERR,ERR,ERR,ERR,ERR,ERR,ERR,ERR,ERR,ERR,ERR,ERR,ERR,ERR,ERR,ERR,ERR,ERR,ERR,ERR,ERR,ERR,ERR,ERR,ERR,ERR,ERR,ERR,ERR,ERR,ERR,ERR,ERR,ERR,ERR,ERR,ERR,ERR,ERR,ERR,ERR,ERR,ERR,ERR,0.0,-107615296.0,-134474944.0,0.0,0.0,1.3936040501711995e+18,7.805,0.0,0,0,4,0,8422,0.0,45,0.0,0.0,0.0,0.0,0.0,0,0,0,0,0.0,0,0,0,0,0,0,0,0,0,0,0,0,0,0,0,0,0,0,0,0,0,0,0,0,0,0,0,0,0,0,0,0,0,38,14,7,45,65476,0,300,0,0,8,21553,0.0,-107605600.0,0.0,0.0,0.0,0.0,0.0,0.0,0.0,0.0,0.0,0.0,0.0,0.0,0.0,0.0,0.0,0.0,0.0,0.0,0.0,0.0,0.0,0.0,-0.0,0.0,0.0,0.0,0.0,0.0,5051.0,-131350.453,0.0,0.0,-107615296.0,-107615280.0,2.718429300292151e+23,0.0,0.0,0.0,0.0,53,-0.0,-152017297211392.0,0.0,0.0,0.0,0.0,0.0,0.0,0.0,0,0,0,0.0,0.0,0.0,0.0,0.0,0.0,0.0,0.0,0.0,0.0,0.0,0.0,0.0,0.0,0.0,0.0,0,-107875648.0,53,0.0,106,-107614832.0,0.0,ERR,ERR,ERR,ERR,ERR,ERR,ERR,ERR,ERR,ERR,ERR,ERR,ERR,ERR,ERR,ERR,ERR,ERR,ERR,ERR,ERR,ERR,ERR,ERR,ERR,ERR,ERR,ERR,ERR,ERR,ERR,ERR,ERR,ERR,ERR,ERR,ERR,ERR,ERR,ERR,ERR,ERR,ERR,ERR,ERR,ERR,ERR,ERR,ERR,ERR,ERR,ERR,ERR,ERR,ERR,ERR,ERR,ERR,ERR,ERR,ERR,ERR,ERR,ERR,ERR,ERR,ERR,50.0,60.0,100,0.0,0.0,0.0,0.0,0.0,0.0,0.0,0.0,0.0,0.0,0.0,0.0,0.0,0.0,0.0,0.0,61.6,74,13,65512,50,65476,0,300,0,0,8,20529,65476,0,0,26214,60.0,0.0,0.0,0.0,0.0,0.0
2026-05-17T18:19:52,ERR,ERR,ERR,ERR,ERR,ERR,ERR,ERR,ERR,ERR,ERR,ERR,ERR,ERR,ERR,ERR,ERR,ERR,ERR,ERR,ERR,ERR,ERR,ERR,ERR,ERR,ERR,ERR,ERR,ERR,ERR,ERR,ERR,ERR,ERR,ERR,ERR,ERR,ERR,ERR,ERR,ERR,ERR,ERR,ERR,ERR,ERR,ERR,ERR,ERR,ERR,ERR,ERR,ERR,ERR,ERR,ERR,ERR,ERR,ERR,ERR,ERR,ERR,ERR,ERR,ERR,ERR,ERR,ERR,ERR,ERR,ERR,ERR,ERR,ERR,ERR,ERR,ERR,ERR,ERR,ERR,ERR,ERR,ERR,ERR,ERR,ERR,ERR,ERR,ERR,ERR,ERR,ERR,ERR,ERR,ERR,ERR,ERR,ERR,ERR,ERR,ERR,ERR,ERR,ERR,ERR,ERR,ERR,ERR,ERR,ERR,ERR,ERR,ERR,ERR,ERR,ERR,ERR,ERR,ERR,ERR,ERR,ERR,ERR,ERR,0.0,-107615296.0,-134474944.0,0.0,0.0,1.3936040501711995e+18,7.805,0.0,0,0,4,0,8422,0.0,45,0.0,0.0,0.0,0.0,0.0,0,0,0,0,0.0,0,0,0,0,0,0,0,0,0,0,0,0,0,0,0,0,0,0,0,0,0,0,0,0,0,0,0,0,0,0,0,0,0,38,14,7,45,65476,0,300,0,0,8,21553,0.0,-107605600.0,0.0,0.0,0.0,0.0,0.0,0.0,0.0,0.0,0.0,0.0,0.0,0.0,0.0,0.0,0.0,0.0,0.0,0.0,0.0,0.0,0.0,0.0,-0.0,0.0,0.0,0.0,0.0,0.0,5052.0,564145900486656.0,0.0,0.0,-107615296.0,-107615280.0,2.718429300292151e+23,0.0,0.0,0.0,0.0,53,-0.0,1.9056860945658675e+17,0.0,0.0,0.0,0.0,0.0,0.0,0.0,0,0,0,0.0,0.0,0.0,0.0,0.0,0.0,0.0,0.0,0.0,0.0,0.0,0.0,0.0,0.0,0.0,0.0,0,-107875648.0,53,0.0,106,-107614832.0,0.0,ERR,ERR,ERR,ERR,ERR,ERR,ERR,ERR,ERR,ERR,ERR,ERR,ERR,ERR,ERR,ERR,ERR,ERR,ERR,ERR,ERR,ERR,ERR,ERR,ERR,ERR,ERR,ERR,ERR,ERR,ERR,ERR,ERR,ERR,ERR,ERR,ERR,ERR,ERR,ERR,ERR,ERR,ERR,ERR,ERR,ERR,ERR,ERR,ERR,ERR,ERR,ERR,ERR,ERR,ERR,ERR,ERR,ERR,ERR,ERR,ERR,ERR,ERR,ERR,ERR,ERR,ERR,50.0,60.0,100,0.0,0.0,0.0,0.0,0.0,0.0,0.0,0.0,0.0,0.0,0.0,0.0,0.0,0.0,0.0,0.0,62.0,74,13,65512,50,65476,0,300,0,0,8,20529,65476,0,0,26214,60.0,0.0,0.0,0.0,0.0,0.0
2026-05-17T18:19:53,ERR,ERR,ERR,ERR,ERR,ERR,ERR,ERR,ERR,ERR,ERR,ERR,ERR,ERR,ERR,ERR,ERR,ERR,ERR,ERR,ERR,ERR,ERR,ERR,ERR,ERR,ERR,ERR,ERR,ERR,ERR,ERR,ERR,ERR,ERR,ERR,ERR,ERR,ERR,ERR,ERR,ERR,ERR,ERR,ERR,ERR,ERR,ERR,ERR,ERR,ERR,ERR,ERR,ERR,ERR,ERR,ERR,ERR,ERR,ERR,ERR,ERR,ERR,ERR,ERR,ERR,ERR,ERR,ERR,ERR,ERR,ERR,ERR,ERR,ERR,ERR,ERR,ERR,ERR,ERR,ERR,ERR,ERR,ERR,ERR,ERR,ERR,ERR,ERR,ERR,ERR,ERR,ERR,ERR,ERR,ERR,ERR,ERR,ERR,ERR,ERR,ERR,ERR,ERR,ERR,ERR,ERR,ERR,ERR,ERR,ERR,ERR,ERR,ERR,ERR,ERR,ERR,ERR,ERR,ERR,ERR,ERR,ERR,ERR,ERR,0.0,-107615296.0,-134474944.0,0.0,0.0,1.3936040501711995e+18,7.805,0.0,0,0,4,0,8422,0.0,45,0.0,0.0,0.0,0.0,0.0,0,0,0,0,0.0,0,0,0,0,0,0,0,0,0,0,0,0,0,0,0,0,0,0,0,0,0,0,0,0,0,0,0,0,0,0,0,0,0,38,14,7,45,65476,0,300,0,0,8,21553,0.0,-107605600.0,0.0,0.0,0.0,0.0,0.0,0.0,0.0,0.0,0.0,0.0,0.0,0.0,0.0,0.0,0.0,0.0,0.0,0.0,0.0,0.0,0.0,0.0,-0.0,0.0,0.0,0.0,0.0,0.0,5052.0,564145900486656.0,0.0,0.0,-107615296.0,-107615280.0,2.718429300292151e+23,0.0,0.0,0.0,0.0,53,-0.0,1.9056860945658675e+17,0.0,0.0,0.0,0.0,0.0,0.0,0.0,0,0,0,0.0,0.0,0.0,0.0,0.0,0.0,0.0,0.0,0.0,0.0,0.0,0.0,0.0,0.0,0.0,0.0,0,-107875648.0,53,0.0,106,-107614832.0,0.0,ERR,ERR,ERR,ERR,ERR,ERR,ERR,ERR,ERR,ERR,ERR,ERR,ERR,ERR,ERR,ERR,ERR,ERR,ERR,ERR,ERR,ERR,ERR,ERR,ERR,ERR,ERR,ERR,ERR,ERR,ERR,ERR,ERR,ERR,ERR,ERR,ERR,ERR,ERR,ERR,ERR,ERR,ERR,ERR,ERR,ERR,ERR,ERR,ERR,ERR,ERR,ERR,ERR,ERR,ERR,ERR,ERR,ERR,ERR,ERR,ERR,ERR,ERR,ERR,ERR,ERR,ERR,50.0,60.0,100,0.0,0.0,0.0,0.0,0.0,0.0,0.0,0.0,0.0,0.0,0.0,0.0,0.0,0.0,0.0,0.0,62.0,74,13,65512,50,65476,0,300,0,0,8,20529,65476,0,0,26214,60.0,0.0,0.0,0.0,0.0,0.0
2026-05-17T18:19:54,ERR,ERR,ERR,ERR,ERR,ERR,ERR,ERR,ERR,ERR,ERR,ERR,ERR,ERR,ERR,ERR,ERR,ERR,ERR,ERR,ERR,ERR,ERR,ERR,ERR,ERR,ERR,ERR,ERR,ERR,ERR,ERR,ERR,ERR,ERR,ERR,ERR,ERR,ERR,ERR,ERR,ERR,ERR,ERR,ERR,ERR,ERR,ERR,ERR,ERR,ERR,ERR,ERR,ERR,ERR,ERR,ERR,ERR,ERR,ERR,ERR,ERR,ERR,ERR,ERR,ERR,ERR,ERR,ERR,ERR,ERR,ERR,ERR,ERR,ERR,ERR,ERR,ERR,ERR,ERR,ERR,ERR,ERR,ERR,ERR,ERR,ERR,ERR,ERR,ERR,ERR,ERR,ERR,ERR,ERR,ERR,ERR,ERR,ERR,ERR,ERR,ERR,ERR,ERR,ERR,ERR,ERR,ERR,ERR,ERR,ERR,ERR,ERR,ERR,ERR,ERR,ERR,ERR,ERR,ERR,ERR,ERR,ERR,ERR,ERR,0.0,-107615296.0,-134474944.0,0.0,0.0,1.3936040501711995e+18,7.805,0.0,0,0,4,0,8422,0.0,45,0.0,0.0,0.0,0.0,0.0,0,0,0,0,0.0,0,0,0,0,0,0,0,0,0,0,0,0,0,0,0,0,0,0,0,0,0,0,0,0,0,0,0,0,0,0,0,0,0,38,14,7,45,65476,0,300,0,0,8,21553,0.0,-107605600.0,0.0,0.0,0.0,0.0,0.0,0.0,0.0,0.0,0.0,0.0,0.0,0.0,0.0,0.0,0.0,0.0,0.0,0.0,0.0,0.0,0.0,0.0,-0.0,0.0,0.0,0.0,0.0,0.0,5052.0,564145900486656.0,0.0,0.0,-107615296.0,-107615280.0,2.718429300292151e+23,0.0,0.0,0.0,0.0,53,-0.0,1.9056860945658675e+17,0.0,0.0,0.0,0.0,0.0,0.0,0.0,0,0,0,0.0,0.0,0.0,0.0,0.0,0.0,0.0,0.0,0.0,0.0,0.0,0.0,0.0,0.0,0.0,0.0,0,-107875648.0,53,0.0,106,-107614832.0,0.0,ERR,ERR,ERR,ERR,ERR,ERR,ERR,ERR,ERR,ERR,ERR,ERR,ERR,ERR,ERR,ERR,ERR,ERR,ERR,ERR,ERR,ERR,ERR,ERR,ERR,ERR,ERR,ERR,ERR,ERR,ERR,ERR,ERR,ERR,ERR,ERR,ERR,ERR,ERR,ERR,ERR,ERR,ERR,ERR,ERR,ERR,ERR,ERR,ERR,ERR,ERR,ERR,ERR,ERR,ERR,ERR,ERR,ERR,ERR,ERR,ERR,ERR,ERR,ERR,ERR,ERR,ERR,50.0,60.0,100,0.0,0.0,0.0,0.0,0.0,0.0,0.0,0.0,0.0,0.0,0.0,0.0,0.0,0.0,0.0,0.0,61.6,74,13,65512,50,65476,0,300,0,0,8,20529,65476,0,0,26214,60.0,0.0,0.0,0.0,0.0,0.0
2026-05-17T18:19:55,ERR,ERR,ERR,ERR,ERR,ERR,ERR,ERR,ERR,ERR,ERR,ERR,ERR,ERR,ERR,ERR,ERR,ERR,ERR,ERR,ERR,ERR,ERR,ERR,ERR,ERR,ERR,ERR,ERR,ERR,ERR,ERR,ERR,ERR,ERR,ERR,ERR,ERR,ERR,ERR,ERR,ERR,ERR,ERR,ERR,ERR,ERR,ERR,ERR,ERR,ERR,ERR,ERR,ERR,ERR,ERR,ERR,ERR,ERR,ERR,ERR,ERR,ERR,ERR,ERR,ERR,ERR,ERR,ERR,ERR,ERR,ERR,ERR,ERR,ERR,ERR,ERR,ERR,ERR,ERR,ERR,ERR,ERR,ERR,ERR,ERR,ERR,ERR,ERR,ERR,ERR,ERR,ERR,ERR,ERR,ERR,ERR,ERR,ERR,ERR,ERR,ERR,ERR,ERR,ERR,ERR,ERR,ERR,ERR,ERR,ERR,ERR,ERR,ERR,ERR,ERR,ERR,ERR,ERR,ERR,ERR,ERR,ERR,ERR,ERR,0.0,-107615296.0,-134474944.0,0.0,0.0,1.3936040501711995e+18,7.805,0.0,0,0,4,0,8422,0.0,45,0.0,0.0,0.0,0.0,0.0,0,0,0,0,0.0,0,0,0,0,0,0,0,0,0,0,0,0,0,0,0,0,0,0,0,0,0,0,0,0,0,0,0,0,0,0,0,0,0,38,14,7,45,65476,0,300,0,0,8,21553,0.0,-107605600.0,0.0,0.0,0.0,0.0,0.0,0.0,0.0,0.0,0.0,0.0,0.0,0.0,0.0,0.0,0.0,0.0,0.0,0.0,0.0,0.0,0.0,0.0,-0.0,0.0,0.0,0.0,0.0,0.0,5052.0,564145900486656.0,0.0,0.0,-107615296.0,-107615280.0,2.718429300292151e+23,0.0,0.0,0.0,0.0,53,-0.0,1.9056860945658675e+17,0.0,0.0,0.0,0.0,0.0,0.0,0.0,0,0,0,0.0,0.0,0.0,0.0,0.0,0.0,0.0,0.0,0.0,0.0,0.0,0.0,0.0,0.0,0.0,0.0,0,-107875648.0,53,0.0,106,-107614832.0,0.0,ERR,ERR,ERR,ERR,ERR,ERR,ERR,ERR,ERR,ERR,ERR,ERR,ERR,ERR,ERR,ERR,ERR,ERR,ERR,ERR,ERR,ERR,ERR,ERR,ERR,ERR,ERR,ERR,ERR,ERR,ERR,ERR,ERR,ERR,ERR,ERR,ERR,ERR,ERR,ERR,ERR,ERR,ERR,ERR,ERR,ERR,ERR,ERR,ERR,ERR,ERR,ERR,ERR,ERR,ERR,ERR,ERR,ERR,ERR,ERR,ERR,ERR,ERR,ERR,ERR,ERR,ERR,50.0,60.0,100,0.0,0.0,0.0,0.0,0.0,0.0,0.0,0.0,0.0,0.0,0.0,0.0,0.0,0.0,0.0,0.0,61.6,74,13,65512,50,65476,0,300,0,0,8,20529,65476,0,0,26214,60.0,0.0,0.0,0.0,0.0,0.0
2026-05-17T18:19:56,ERR,ERR,ERR,ERR,ERR,ERR,ERR,ERR,ERR,ERR,ERR,ERR,ERR,ERR,ERR,ERR,ERR,ERR,ERR,ERR,ERR,ERR,ERR,ERR,ERR,ERR,ERR,ERR,ERR,ERR,ERR,ERR,ERR,ERR,ERR,ERR,ERR,ERR,ERR,ERR,ERR,ERR,ERR,ERR,ERR,ERR,ERR,ERR,ERR,ERR,ERR,ERR,ERR,ERR,ERR,ERR,ERR,ERR,ERR,ERR,ERR,ERR,ERR,ERR,ERR,ERR,ERR,ERR,ERR,ERR,ERR,ERR,ERR,ERR,ERR,ERR,ERR,ERR,ERR,ERR,ERR,ERR,ERR,ERR,ERR,ERR,ERR,ERR,ERR,ERR,ERR,ERR,ERR,ERR,ERR,ERR,ERR,ERR,ERR,ERR,ERR,ERR,ERR,ERR,ERR,ERR,ERR,ERR,ERR,ERR,ERR,ERR,ERR,ERR,ERR,ERR,ERR,ERR,ERR,ERR,ERR,ERR,ERR,ERR,ERR,0.0,-107615296.0,-134474944.0,0.0,0.0,1.3936040501711995e+18,7.805,0.0,0,0,4,0,8422,0.0,45,0.0,0.0,0.0,0.0,0.0,0,0,0,0,0.0,0,0,0,0,0,0,0,0,0,0,0,0,0,0,0,0,0,0,0,0,0,0,0,0,0,0,0,0,0,0,0,0,0,38,14,7,45,65476,0,300,0,0,8,21553,0.0,-107605600.0,0.0,0.0,0.0,0.0,0.0,0.0,0.0,0.0,0.0,0.0,0.0,0.0,0.0,0.0,0.0,0.0,0.0,0.0,0.0,0.0,0.0,0.0,-0.0,0.0,0.0,0.0,0.0,0.0,5052.0,564145900486656.0,0.0,0.0,-107615296.0,-107615280.0,2.718429300292151e+23,0.0,0.0,0.0,0.0,53,-0.0,1.9056860945658675e+17,0.0,0.0,0.0,0.0,0.0,0.0,0.0,0,0,0,0.0,0.0,0.0,0.0,0.0,0.0,0.0,0.0,0.0,0.0,0.0,0.0,0.0,0.0,0.0,0.0,0,-107875648.0,53,0.0,106,-107614832.0,0.0,ERR,ERR,ERR,ERR,ERR,ERR,ERR,ERR,ERR,ERR,ERR,ERR,ERR,ERR,ERR,ERR,ERR,ERR,ERR,ERR,ERR,ERR,ERR,ERR,ERR,ERR,ERR,ERR,ERR,ERR,ERR,ERR,ERR,ERR,ERR,ERR,ERR,ERR,ERR,ERR,ERR,ERR,ERR,ERR,ERR,ERR,ERR,ERR,ERR,ERR,ERR,ERR,ERR,ERR,ERR,ERR,ERR,ERR,ERR,ERR,ERR,ERR,ERR,ERR,ERR,ERR,ERR,50.0,60.0,100,0.0,0.0,0.0,0.0,0.0,0.0,0.0,0.0,0.0,0.0,0.0,0.0,0.0,0.0,0.0,0.0,61.6,74,13,65512,50,65476,0,300,0,0,8,20529,65476,0,0,26214,60.0,0.0,0.0,0.0,0.0,0.0
2026-05-17T18:19:57,ERR,ERR,ERR,ERR,ERR,ERR,ERR,ERR,ERR,ERR,ERR,ERR,ERR,ERR,ERR,ERR,ERR,ERR,ERR,ERR,ERR,ERR,ERR,ERR,ERR,ERR,ERR,ERR,ERR,ERR,ERR,ERR,ERR,ERR,ERR,ERR,ERR,ERR,ERR,ERR,ERR,ERR,ERR,ERR,ERR,ERR,ERR,ERR,ERR,ERR,ERR,ERR,ERR,ERR,ERR,ERR,ERR,ERR,ERR,ERR,ERR,ERR,ERR,ERR,ERR,ERR,ERR,ERR,ERR,ERR,ERR,ERR,ERR,ERR,ERR,ERR,ERR,ERR,ERR,ERR,ERR,ERR,ERR,ERR,ERR,ERR,ERR,ERR,ERR,ERR,ERR,ERR,ERR,ERR,ERR,ERR,ERR,ERR,ERR,ERR,ERR,ERR,ERR,ERR,ERR,ERR,ERR,ERR,ERR,ERR,ERR,ERR,ERR,ERR,ERR,ERR,ERR,ERR,ERR,ERR,ERR,ERR,ERR,ERR,ERR,0.0,-107615296.0,-134474944.0,0.0,0.0,1.3936040501711995e+18,7.805,0.0,0,0,4,0,8422,0.0,45,0.0,0.0,0.0,0.0,0.0,0,0,0,0,0.0,0,0,0,0,0,0,0,0,0,0,0,0,0,0,0,0,0,0,0,0,0,0,0,0,0,0,0,0,0,0,0,0,0,38,14,7,45,65476,0,300,0,0,8,21553,0.0,-107605600.0,0.0,0.0,0.0,0.0,0.0,0.0,0.0,0.0,0.0,0.0,0.0,0.0,0.0,0.0,0.0,0.0,0.0,0.0,0.0,0.0,0.0,0.0,-0.0,0.0,0.0,0.0,0.0,0.0,5048.0,0.0,0.0,0.0,-107615296.0,-107615280.0,2.718429300292151e+23,0.0,0.0,0.0,0.0,53,-0.0,0.0,0.0,0.0,0.0,0.0,0.0,0.0,0.0,0,0,0,0.0,0.0,0.0,0.0,0.0,0.0,0.0,0.0,0.0,0.0,0.0,0.0,0.0,0.0,0.0,0.0,0,-107875648.0,53,0.0,106,-107614832.0,0.0,ERR,ERR,ERR,ERR,ERR,ERR,ERR,ERR,ERR,ERR,ERR,ERR,ERR,ERR,ERR,ERR,ERR,ERR,ERR,ERR,ERR,ERR,ERR,ERR,ERR,ERR,ERR,ERR,ERR,ERR,ERR,ERR,ERR,ERR,ERR,ERR,ERR,ERR,ERR,ERR,ERR,ERR,ERR,ERR,ERR,ERR,ERR,ERR,ERR,ERR,ERR,ERR,ERR,ERR,ERR,ERR,ERR,ERR,ERR,ERR,ERR,ERR,ERR,ERR,ERR,ERR,ERR,50.0,60.0,100,0.0,0.0,0.0,0.0,0.0,0.0,0.0,0.0,0.0,0.0,0.0,0.0,0.0,0.0,0.0,0.0,62.0,74,13,65512,50,65476,0,300,0,0,8,20529,65476,0,0,26214,60.0,0.0,0.0,0.0,0.0,0.0
2026-05-17T18:19:58,ERR,ERR,ERR,ERR,ERR,ERR,ERR,ERR,ERR,ERR,ERR,ERR,ERR,ERR,ERR,ERR,ERR,ERR,ERR,ERR,ERR,ERR,ERR,ERR,ERR,ERR,ERR,ERR,ERR,ERR,ERR,ERR,ERR,ERR,ERR,ERR,ERR,ERR,ERR,ERR,ERR,ERR,ERR,ERR,ERR,ERR,ERR,ERR,ERR,ERR,ERR,ERR,ERR,ERR,ERR,ERR,ERR,ERR,ERR,ERR,ERR,ERR,ERR,ERR,ERR,ERR,ERR,ERR,ERR,ERR,ERR,ERR,ERR,ERR,ERR,ERR,ERR,ERR,ERR,ERR,ERR,ERR,ERR,ERR,ERR,ERR,ERR,ERR,ERR,ERR,ERR,ERR,ERR,ERR,ERR,ERR,ERR,ERR,ERR,ERR,ERR,ERR,ERR,ERR,ERR,ERR,ERR,ERR,ERR,ERR,ERR,ERR,ERR,ERR,ERR,ERR,ERR,ERR,ERR,ERR,ERR,ERR,ERR,ERR,ERR,0.0,-107615296.0,-134474944.0,0.0,0.0,1.3936040501711995e+18,7.805,0.0,0,0,4,0,8422,0.0,45,0.0,0.0,0.0,0.0,0.0,0,0,0,0,0.0,0,0,0,0,0,0,0,0,0,0,0,0,0,0,0,0,0,0,0,0,0,0,0,0,0,0,0,0,0,0,0,0,0,38,14,7,45,65476,0,300,0,0,8,21553,0.0,-107605600.0,0.0,0.0,0.0,0.0,0.0,0.0,0.0,0.0,0.0,0.0,0.0,0.0,0.0,0.0,0.0,0.0,0.0,0.0,0.0,0.0,0.0,0.0,-0.0,0.0,0.0,0.0,0.0,0.0,5048.0,0.0,0.0,0.0,-107615296.0,-107615280.0,2.718429300292151e+23,0.0,0.0,0.0,0.0,53,-0.0,0.0,0.0,0.0,0.0,0.0,0.0,0.0,0.0,0,0,0,0.0,0.0,0.0,0.0,0.0,0.0,0.0,0.0,0.0,0.0,0.0,0.0,0.0,0.0,0.0,0.0,0,-107875648.0,53,0.0,106,-107614832.0,0.0,ERR,ERR,ERR,ERR,ERR,ERR,ERR,ERR,ERR,ERR,ERR,ERR,ERR,ERR,ERR,ERR,ERR,ERR,ERR,ERR,ERR,ERR,ERR,ERR,ERR,ERR,ERR,ERR,ERR,ERR,ERR,ERR,ERR,ERR,ERR,ERR,ERR,ERR,ERR,ERR,ERR,ERR,ERR,ERR,ERR,ERR,ERR,ERR,ERR,ERR,ERR,ERR,ERR,ERR,ERR,ERR,ERR,ERR,ERR,ERR,ERR,ERR,ERR,ERR,ERR,ERR,ERR,50.0,60.0,100,0.0,0.0,0.0,0.0,0.0,0.0,0.0,0.0,0.0,0.0,0.0,0.0,0.0,0.0,0.0,0.0,62.0,74,13,65512,50,65476,0,300,0,0,8,20529,65476,0,0,26214,60.0,0.0,0.0,0.0,0.0,0.0
2026-05-17T18:19:59,ERR,ERR,ERR,ERR,ERR,ERR,ERR,ERR,ERR,ERR,ERR,ERR,ERR,ERR,ERR,ERR,ERR,ERR,ERR,ERR,ERR,ERR,ERR,ERR,ERR,ERR,ERR,ERR,ERR,ERR,ERR,ERR,ERR,ERR,ERR,ERR,ERR,ERR,ERR,ERR,ERR,ERR,ERR,ERR,ERR,ERR,ERR,ERR,ERR,ERR,ERR,ERR,ERR,ERR,ERR,ERR,ERR,ERR,ERR,ERR,ERR,ERR,ERR,ERR,ERR,ERR,ERR,ERR,ERR,ERR,ERR,ERR,ERR,ERR,ERR,ERR,ERR,ERR,ERR,ERR,ERR,ERR,ERR,ERR,ERR,ERR,ERR,ERR,ERR,ERR,ERR,ERR,ERR,ERR,ERR,ERR,ERR,ERR,ERR,ERR,ERR,ERR,ERR,ERR,ERR,ERR,ERR,ERR,ERR,ERR,ERR,ERR,ERR,ERR,ERR,ERR,ERR,ERR,ERR,ERR,ERR,ERR,ERR,ERR,ERR,0.0,-107615296.0,-134474944.0,0.0,0.0,1.3936040501711995e+18,7.805,0.0,0,0,4,0,8422,0.0,45,0.0,0.0,0.0,0.0,0.0,0,0,0,0,0.0,0,0,0,0,0,0,0,0,0,0,0,0,0,0,0,0,0,0,0,0,0,0,0,0,0,0,0,0,0,0,0,0,0,38,14,7,45,65476,0,300,0,0,8,21553,0.0,-107605600.0,0.0,0.0,0.0,0.0,0.0,0.0,0.0,0.0,0.0,0.0,0.0,0.0,0.0,0.0,0.0,0.0,0.0,0.0,0.0,0.0,0.0,0.0,-0.0,0.0,0.0,0.0,0.0,0.0,5048.0,0.0,0.0,0.0,-107615296.0,-107615280.0,2.718429300292151e+23,0.0,0.0,0.0,0.0,53,-0.0,0.0,0.0,0.0,0.0,0.0,0.0,0.0,0.0,0,0,0,0.0,0.0,0.0,0.0,0.0,0.0,0.0,0.0,0.0,0.0,0.0,0.0,0.0,0.0,0.0,0.0,0,-107875648.0,53,0.0,106,-107614832.0,0.0,ERR,ERR,ERR,ERR,ERR,ERR,ERR,ERR,ERR,ERR,ERR,ERR,ERR,ERR,ERR,ERR,ERR,ERR,ERR,ERR,ERR,ERR,ERR,ERR,ERR,ERR,ERR,ERR,ERR,ERR,ERR,ERR,ERR,ERR,ERR,ERR,ERR,ERR,ERR,ERR,ERR,ERR,ERR,ERR,ERR,ERR,ERR,ERR,ERR,ERR,ERR,ERR,ERR,ERR,ERR,ERR,ERR,ERR,ERR,ERR,ERR,ERR,ERR,ERR,ERR,ERR,ERR,50.0,60.0,100,0.0,0.0,0.0,0.0,0.0,0.0,0.0,0.0,0.0,0.0,0.0,0.0,0.0,0.0,0.0,0.0,62.0,74,13,65512,50,65476,0,300,0,0,8,20529,65476,0,0,26214,60.0,0.0,0.0,0.0,0.0,0.0
2026-05-17T18:20:00,ERR,ERR,ERR,ERR,ERR,ERR,ERR,ERR,ERR,ERR,ERR,ERR,ERR,ERR,ERR,ERR,ERR,ERR,ERR,ERR,ERR,ERR,ERR,ERR,ERR,ERR,ERR,ERR,ERR,ERR,ERR,ERR,ERR,ERR,ERR,ERR,ERR,ERR,ERR,ERR,ERR,ERR,ERR,ERR,ERR,ERR,ERR,ERR,ERR,ERR,ERR,ERR,ERR,ERR,ERR,ERR,ERR,ERR,ERR,ERR,ERR,ERR,ERR,ERR,ERR,ERR,ERR,ERR,ERR,ERR,ERR,ERR,ERR,ERR,ERR,ERR,ERR,ERR,ERR,ERR,ERR,ERR,ERR,ERR,ERR,ERR,ERR,ERR,ERR,ERR,ERR,ERR,ERR,ERR,ERR,ERR,ERR,ERR,ERR,ERR,ERR,ERR,ERR,ERR,ERR,ERR,ERR,ERR,ERR,ERR,ERR,ERR,ERR,ERR,ERR,ERR,ERR,ERR,ERR,ERR,ERR,ERR,ERR,ERR,ERR,0.0,-107615296.0,-134474944.0,0.0,0.0,1.3936040501711995e+18,7.805,0.0,0,0,4,0,8422,0.0,45,0.0,0.0,0.0,0.0,0.0,0,0,0,0,0.0,0,0,0,0,0,0,0,0,0,0,0,0,0,0,0,0,0,0,0,0,0,0,0,0,0,0,0,0,0,0,0,0,0,38,14,7,45,65476,0,300,0,0,8,21553,0.0,-107605600.0,0.0,0.0,0.0,0.0,0.0,0.0,0.0,0.0,0.0,0.0,0.0,0.0,0.0,0.0,0.0,0.0,0.0,0.0,0.0,0.0,0.0,0.0,-0.0,0.0,0.0,0.0,0.0,0.0,5048.0,0.0,0.0,0.0,-107615296.0,-107615280.0,2.718429300292151e+23,0.0,0.0,0.0,0.0,53,-0.0,0.0,0.0,0.0,0.0,0.0,0.0,0.0,0.0,0,0,0,0.0,0.0,0.0,0.0,0.0,0.0,0.0,0.0,0.0,0.0,0.0,0.0,0.0,0.0,0.0,0.0,0,-107875648.0,53,0.0,106,-107614832.0,0.0,ERR,ERR,ERR,ERR,ERR,ERR,ERR,ERR,ERR,ERR,ERR,ERR,ERR,ERR,ERR,ERR,ERR,ERR,ERR,ERR,ERR,ERR,ERR,ERR,ERR,ERR,ERR,ERR,ERR,ERR,ERR,ERR,ERR,ERR,ERR,ERR,ERR,ERR,ERR,ERR,ERR,ERR,ERR,ERR,ERR,ERR,ERR,ERR,ERR,ERR,ERR,ERR,ERR,ERR,ERR,ERR,ERR,ERR,ERR,ERR,ERR,ERR,ERR,ERR,ERR,ERR,ERR,50.0,60.0,100,0.0,0.0,0.0,0.0,0.0,0.0,0.0,0.0,0.0,0.0,0.0,0.0,0.0,0.0,0.0,0.0,62.0,74,13,65512,50,65476,0,300,0,0,8,20529,65476,0,0,26214,60.0,0.0,0.0,0.0,0.0,0.0
2026-05-17T18:20:01,ERR,ERR,ERR,ERR,ERR,ERR,ERR,ERR,ERR,ERR,ERR,ERR,ERR,ERR,ERR,ERR,ERR,ERR,ERR,ERR,ERR,ERR,ERR,ERR,ERR,ERR,ERR,ERR,ERR,ERR,ERR,ERR,ERR,ERR,ERR,ERR,ERR,ERR,ERR,ERR,ERR,ERR,ERR,ERR,ERR,ERR,ERR,ERR,ERR,ERR,ERR,ERR,ERR,ERR,ERR,ERR,ERR,ERR,ERR,ERR,ERR,ERR,ERR,ERR,ERR,ERR,ERR,ERR,ERR,ERR,ERR,ERR,ERR,ERR,ERR,ERR,ERR,ERR,ERR,ERR,ERR,ERR,ERR,ERR,ERR,ERR,ERR,ERR,ERR,ERR,ERR,ERR,ERR,ERR,ERR,ERR,ERR,ERR,ERR,ERR,ERR,ERR,ERR,ERR,ERR,ERR,ERR,ERR,ERR,ERR,ERR,ERR,ERR,ERR,ERR,ERR,ERR,ERR,ERR,ERR,ERR,ERR,ERR,ERR,ERR,0.0,-107615296.0,-134474944.0,0.0,0.0,1.3936040501711995e+18,7.805,0.0,0,0,4,0,8422,0.0,45,0.0,0.0,0.0,0.0,0.0,0,0,0,0,0.0,0,0,0,0,0,0,0,0,0,0,0,0,0,0,0,0,0,0,0,0,0,0,0,0,0,0,0,0,0,0,0,0,0,38,14,7,45,65476,0,300,0,0,8,21553,0.0,-107605600.0,0.0,0.0,0.0,0.0,0.0,0.0,0.0,0.0,0.0,0.0,0.0,0.0,0.0,0.0,0.0,0.0,0.0,0.0,0.0,0.0,0.0,0.0,-0.0,0.0,0.0,0.0,0.0,0.0,5048.0,0.0,0.0,0.0,-107615296.0,-107615280.0,2.718429300292151e+23,0.0,0.0,0.0,0.0,53,-0.0,0.0,0.0,0.0,0.0,0.0,0.0,0.0,0.0,0,0,0,0.0,0.0,0.0,0.0,0.0,0.0,0.0,0.0,0.0,0.0,0.0,0.0,0.0,0.0,0.0,0.0,0,-107875648.0,53,0.0,106,-107614832.0,0.0,ERR,ERR,ERR,ERR,ERR,ERR,ERR,ERR,ERR,ERR,ERR,ERR,ERR,ERR,ERR,ERR,ERR,ERR,ERR,ERR,ERR,ERR,ERR,ERR,ERR,ERR,ERR,ERR,ERR,ERR,ERR,ERR,ERR,ERR,ERR,ERR,ERR,ERR,ERR,ERR,ERR,ERR,ERR,ERR,ERR,ERR,ERR,ERR,ERR,ERR,ERR,ERR,ERR,ERR,ERR,ERR,ERR,ERR,ERR,ERR,ERR,ERR,ERR,ERR,ERR,ERR,ERR,50.0,60.0,100,0.0,0.0,0.0,0.0,0.0,0.0,0.0,0.0,0.0,0.0,0.0,0.0,0.0,0.0,0.0,0.0,61.6,74,13,65512,50,65476,0,300,0,0,8,20529,65476,0,0,26214,60.0,0.0,0.0,0.0,0.0,0.0
2026-05-17T18:20:02,ERR,ERR,ERR,ERR,ERR,ERR,ERR,ERR,ERR,ERR,ERR,ERR,ERR,ERR,ERR,ERR,ERR,ERR,ERR,ERR,ERR,ERR,ERR,ERR,ERR,ERR,ERR,ERR,ERR,ERR,ERR,ERR,ERR,ERR,ERR,ERR,ERR,ERR,ERR,ERR,ERR,ERR,ERR,ERR,ERR,ERR,ERR,ERR,ERR,ERR,ERR,ERR,ERR,ERR,ERR,ERR,ERR,ERR,ERR,ERR,ERR,ERR,ERR,ERR,ERR,ERR,ERR,ERR,ERR,ERR,ERR,ERR,ERR,ERR,ERR,ERR,ERR,ERR,ERR,ERR,ERR,ERR,ERR,ERR,ERR,ERR,ERR,ERR,ERR,ERR,ERR,ERR,ERR,ERR,ERR,ERR,ERR,ERR,ERR,ERR,ERR,ERR,ERR,ERR,ERR,ERR,ERR,ERR,ERR,ERR,ERR,ERR,ERR,ERR,ERR,ERR,ERR,ERR,ERR,ERR,ERR,ERR,ERR,ERR,ERR,0.0,-107615296.0,-134474944.0,0.0,0.0,1.3936040501711995e+18,7.805,0.0,0,0,4,0,8422,0.0,45,0.0,0.0,0.0,0.0,0.0,0,0,0,0,0.0,0,0,0,0,0,0,0,0,0,0,0,0,0,0,0,0,0,0,0,0,0,0,0,0,0,0,0,0,0,0,0,0,0,38,14,7,45,65476,0,300,0,0,8,21553,0.0,-107605600.0,0.0,0.0,0.0,0.0,0.0,0.0,0.0,0.0,0.0,0.0,0.0,0.0,0.0,0.0,0.0,0.0,0.0,0.0,0.0,0.0,-2.004,0.0,-0.0,0.0,0.0,0.0,0.0,0.0,5012.0,-8608182272.0,0.0,0.0,-107615296.0,-107615280.0,2.718429300292151e+23,0.0,0.0,0.0,0.0,53,-0.0,-0.0,0.0,0.0,0.0,0.0,0.0,0.0,0.0,0,0,0,0.0,0.0,0.0,0.0,0.0,0.0,0.0,0.0,0.0,0.0,0.0,0.0,0.0,0.0,0.0,0.0,0,-107875648.0,53,0.0,106,-107614832.0,0.0,ERR,ERR,ERR,ERR,ERR,ERR,ERR,ERR,ERR,ERR,ERR,ERR,ERR,ERR,ERR,ERR,ERR,ERR,ERR,ERR,ERR,ERR,ERR,ERR,ERR,ERR,ERR,ERR,ERR,ERR,ERR,ERR,ERR,ERR,ERR,ERR,ERR,ERR,ERR,ERR,ERR,ERR,ERR,ERR,ERR,ERR,ERR,ERR,ERR,ERR,ERR,ERR,ERR,ERR,ERR,ERR,ERR,ERR,ERR,ERR,ERR,ERR,ERR,ERR,ERR,ERR,ERR,50.0,60.0,100,0.0,0.0,0.0,0.0,0.0,0.0,0.0,0.0,0.0,0.0,0.0,0.0,0.0,0.0,0.0,0.0,61.6,74,13,65512,50,65476,0,300,0,0,8,20529,65476,0,0,26214,60.0,0.0,0.0,0.0,0.0,0.0
2026-05-17T18:20:03,ERR,ERR,ERR,ERR,ERR,ERR,ERR,ERR,ERR,ERR,ERR,ERR,ERR,ERR,ERR,ERR,ERR,ERR,ERR,ERR,ERR,ERR,ERR,ERR,ERR,ERR,ERR,ERR,ERR,ERR,ERR,ERR,ERR,ERR,ERR,ERR,ERR,ERR,ERR,ERR,ERR,ERR,ERR,ERR,ERR,ERR,ERR,ERR,ERR,ERR,ERR,ERR,ERR,ERR,ERR,ERR,ERR,ERR,ERR,ERR,ERR,ERR,ERR,ERR,ERR,ERR,ERR,ERR,ERR,ERR,ERR,ERR,ERR,ERR,ERR,ERR,ERR,ERR,ERR,ERR,ERR,ERR,ERR,ERR,ERR,ERR,ERR,ERR,ERR,ERR,ERR,ERR,ERR,ERR,ERR,ERR,ERR,ERR,ERR,ERR,ERR,ERR,ERR,ERR,ERR,ERR,ERR,ERR,ERR,ERR,ERR,ERR,ERR,ERR,ERR,ERR,ERR,ERR,ERR,ERR,ERR,ERR,ERR,ERR,ERR,0.0,-107615296.0,-134474944.0,0.0,0.0,1.3936040501711995e+18,7.805,0.0,0,0,4,0,8422,0.0,45,0.0,0.0,0.0,0.0,0.0,0,0,0,0,0.0,0,0,0,0,0,0,0,0,0,0,0,0,0,0,0,0,0,0,0,0,0,0,0,0,0,0,0,0,0,0,0,0,0,38,14,7,45,65476,0,300,0,0,8,21553,0.0,-107605600.0,0.0,0.0,0.0,0.0,0.0,0.0,0.0,0.0,0.0,0.0,0.0,0.0,0.0,0.0,0.0,0.0,0.0,0.0,0.0,0.0,-2.004,0.0,-0.0,0.0,0.0,0.0,0.0,0.0,5012.0,-8608182272.0,0.0,0.0,-107615296.0,-107615280.0,2.718429300292151e+23,0.0,0.0,0.0,0.0,53,-0.0,-0.0,0.0,0.0,0.0,0.0,0.0,0.0,0.0,0,0,0,0.0,0.0,0.0,0.0,0.0,0.0,0.0,0.0,0.0,0.0,0.0,0.0,0.0,0.0,0.0,0.0,0,-107875648.0,53,0.0,106,-107614832.0,0.0,ERR,ERR,ERR,ERR,ERR,ERR,ERR,ERR,ERR,ERR,ERR,ERR,ERR,ERR,ERR,ERR,ERR,ERR,ERR,ERR,ERR,ERR,ERR,ERR,ERR,ERR,ERR,ERR,ERR,ERR,ERR,ERR,ERR,ERR,ERR,ERR,ERR,ERR,ERR,ERR,ERR,ERR,ERR,ERR,ERR,ERR,ERR,ERR,ERR,ERR,ERR,ERR,ERR,ERR,ERR,ERR,ERR,ERR,ERR,ERR,ERR,ERR,ERR,ERR,ERR,ERR,ERR,50.0,60.0,100,0.0,0.0,0.0,0.0,0.0,0.0,0.0,0.0,0.0,0.0,0.0,0.0,0.0,0.0,0.0,0.0,61.6,74,13,65512,50,65476,0,300,0,0,8,20529,65476,0,0,26214,60.0,0.0,0.0,0.0,0.0,0.0
2026-05-17T18:20:04,ERR,ERR,ERR,ERR,ERR,ERR,ERR,ERR,ERR,ERR,ERR,ERR,ERR,ERR,ERR,ERR,ERR,ERR,ERR,ERR,ERR,ERR,ERR,ERR,ERR,ERR,ERR,ERR,ERR,ERR,ERR,ERR,ERR,ERR,ERR,ERR,ERR,ERR,ERR,ERR,ERR,ERR,ERR,ERR,ERR,ERR,ERR,ERR,ERR,ERR,ERR,ERR,ERR,ERR,ERR,ERR,ERR,ERR,ERR,ERR,ERR,ERR,ERR,ERR,ERR,ERR,ERR,ERR,ERR,ERR,ERR,ERR,ERR,ERR,ERR,ERR,ERR,ERR,ERR,ERR,ERR,ERR,ERR,ERR,ERR,ERR,ERR,ERR,ERR,ERR,ERR,ERR,ERR,ERR,ERR,ERR,ERR,ERR,ERR,ERR,ERR,ERR,ERR,ERR,ERR,ERR,ERR,ERR,ERR,ERR,ERR,ERR,ERR,ERR,ERR,ERR,ERR,ERR,ERR,ERR,ERR,ERR,ERR,ERR,ERR,0.0,-107615296.0,-134474944.0,0.0,0.0,1.3936040501711995e+18,7.805,0.0,0,0,4,0,8422,0.0,45,0.0,0.0,0.0,0.0,0.0,0,0,0,0,0.0,0,0,0,0,0,0,0,0,0,0,0,0,0,0,0,0,0,0,0,0,0,0,0,0,0,0,0,0,0,0,0,0,0,38,14,7,45,65476,0,300,0,0,8,21553,0.0,-107605600.0,0.0,0.0,0.0,0.0,0.0,0.0,0.0,0.0,0.0,0.0,0.0,0.0,0.0,0.0,0.0,0.0,0.0,0.0,0.0,0.0,-2.004,0.0,-0.0,0.0,0.0,0.0,0.0,0.0,5012.0,-8608182272.0,0.0,0.0,-107615296.0,-107615280.0,2.718429300292151e+23,0.0,0.0,0.0,0.0,53,-0.0,-0.0,0.0,0.0,0.0,0.0,0.0,0.0,0.0,0,0,0,0.0,0.0,0.0,0.0,0.0,0.0,0.0,0.0,0.0,0.0,0.0,0.0,0.0,0.0,0.0,0.0,0,-107875648.0,53,0.0,106,-107614832.0,0.0,ERR,ERR,ERR,ERR,ERR,ERR,ERR,ERR,ERR,ERR,ERR,ERR,ERR,ERR,ERR,ERR,ERR,ERR,ERR,ERR,ERR,ERR,ERR,ERR,ERR,ERR,ERR,ERR,ERR,ERR,ERR,ERR,ERR,ERR,ERR,ERR,ERR,ERR,ERR,ERR,ERR,ERR,ERR,ERR,ERR,ERR,ERR,ERR,ERR,ERR,ERR,ERR,ERR,ERR,ERR,ERR,ERR,ERR,ERR,ERR,ERR,ERR,ERR,ERR,ERR,ERR,ERR,50.0,60.0,100,0.0,0.0,0.0,0.0,0.0,0.0,0.0,0.0,0.0,0.0,0.0,0.0,0.0,0.0,0.0,0.0,61.6,74,13,65512,50,65476,0,300,0,0,8,20529,65476,0,0,26214,60.0,0.0,0.0,0.0,0.0,0.0
2026-05-17T18:20:05,ERR,ERR,ERR,ERR,ERR,ERR,ERR,ERR,ERR,ERR,ERR,ERR,ERR,ERR,ERR,ERR,ERR,ERR,ERR,ERR,ERR,ERR,ERR,ERR,ERR,ERR,ERR,ERR,ERR,ERR,ERR,ERR,ERR,ERR,ERR,ERR,ERR,ERR,ERR,ERR,ERR,ERR,ERR,ERR,ERR,ERR,ERR,ERR,ERR,ERR,ERR,ERR,ERR,ERR,ERR,ERR,ERR,ERR,ERR,ERR,ERR,ERR,ERR,ERR,ERR,ERR,ERR,ERR,ERR,ERR,ERR,ERR,ERR,ERR,ERR,ERR,ERR,ERR,ERR,ERR,ERR,ERR,ERR,ERR,ERR,ERR,ERR,ERR,ERR,ERR,ERR,ERR,ERR,ERR,ERR,ERR,ERR,ERR,ERR,ERR,ERR,ERR,ERR,ERR,ERR,ERR,ERR,ERR,ERR,ERR,ERR,ERR,ERR,ERR,ERR,ERR,ERR,ERR,ERR,ERR,ERR,ERR,ERR,ERR,ERR,0.0,-107615296.0,-134474944.0,0.0,0.0,1.3936040501711995e+18,7.805,0.0,0,0,4,0,8422,0.0,45,0.0,0.0,0.0,0.0,0.0,0,0,0,0,0.0,0,0,0,0,0,0,0,0,0,0,0,0,0,0,0,0,0,0,0,0,0,0,0,0,0,0,0,0,0,0,0,0,0,38,14,7,45,65476,0,300,0,0,8,21553,0.0,-107605600.0,0.0,0.0,0.0,0.0,0.0,0.0,0.0,0.0,0.0,0.0,0.0,0.0,0.0,0.0,0.0,0.0,0.0,0.0,0.0,0.0,-2.004,0.0,-0.0,0.0,0.0,0.0,0.0,0.0,5012.0,-8608182272.0,0.0,0.0,-107615296.0,-107615280.0,2.718429300292151e+23,0.0,0.0,0.0,0.0,53,-0.0,-0.0,0.0,0.0,0.0,0.0,0.0,0.0,0.0,0,0,0,0.0,0.0,0.0,0.0,0.0,0.0,0.0,0.0,0.0,0.0,0.0,0.0,0.0,0.0,0.0,0.0,0,-107875648.0,53,0.0,106,-107614832.0,0.0,ERR,ERR,ERR,ERR,ERR,ERR,ERR,ERR,ERR,ERR,ERR,ERR,ERR,ERR,ERR,ERR,ERR,ERR,ERR,ERR,ERR,ERR,ERR,ERR,ERR,ERR,ERR,ERR,ERR,ERR,ERR,ERR,ERR,ERR,ERR,ERR,ERR,ERR,ERR,ERR,ERR,ERR,ERR,ERR,ERR,ERR,ERR,ERR,ERR,ERR,ERR,ERR,ERR,ERR,ERR,ERR,ERR,ERR,ERR,ERR,ERR,ERR,ERR,ERR,ERR,ERR,ERR,50.0,60.0,100,0.0,0.0,0.0,0.0,0.0,0.0,0.0,0.0,0.0,0.0,0.0,0.0,0.0,0.0,0.0,0.0,61.6,74,13,65512,50,65476,0,300,0,0,8,20529,65476,0,0,26214,60.0,0.0,0.0,0.0,0.0,0.0
2026-05-17T18:20:06,ERR,ERR,ERR,ERR,ERR,ERR,ERR,ERR,ERR,ERR,ERR,ERR,ERR,ERR,ERR,ERR,ERR,ERR,ERR,ERR,ERR,ERR,ERR,ERR,ERR,ERR,ERR,ERR,ERR,ERR,ERR,ERR,ERR,ERR,ERR,ERR,ERR,ERR,ERR,ERR,ERR,ERR,ERR,ERR,ERR,ERR,ERR,ERR,ERR,ERR,ERR,ERR,ERR,ERR,ERR,ERR,ERR,ERR,ERR,ERR,ERR,ERR,ERR,ERR,ERR,ERR,ERR,ERR,ERR,ERR,ERR,ERR,ERR,ERR,ERR,ERR,ERR,ERR,ERR,ERR,ERR,ERR,ERR,ERR,ERR,ERR,ERR,ERR,ERR,ERR,ERR,ERR,ERR,ERR,ERR,ERR,ERR,ERR,ERR,ERR,ERR,ERR,ERR,ERR,ERR,ERR,ERR,ERR,ERR,ERR,ERR,ERR,ERR,ERR,ERR,ERR,ERR,ERR,ERR,ERR,ERR,ERR,ERR,ERR,ERR,0.0,-107615296.0,-134474944.0,0.0,0.0,1.3936040501711995e+18,7.805,0.0,0,0,4,0,8422,0.0,45,0.0,0.0,0.0,0.0,0.0,0,0,0,0,0.0,0,0,0,0,0,0,0,0,0,0,0,0,0,0,0,0,0,0,0,0,0,0,0,0,0,0,0,0,0,0,0,0,0,38,14,7,45,65476,0,300,0,0,8,21553,0.0,-107605600.0,0.0,0.0,0.0,0.0,0.0,0.0,0.0,0.0,0.0,0.0,0.0,0.0,0.0,0.0,0.0,0.0,0.0,0.0,0.0,0.0,-2.004,0.0,-0.0,0.0,0.0,0.0,0.0,0.0,5012.0,-8608182272.0,0.0,0.0,-107615296.0,-107615280.0,2.718429300292151e+23,0.0,0.0,0.0,0.0,53,-0.0,-0.0,0.0,0.0,0.0,0.0,0.0,0.0,0.0,0,0,0,0.0,0.0,0.0,0.0,0.0,0.0,0.0,0.0,0.0,0.0,0.0,0.0,0.0,0.0,0.0,0.0,0,-107875648.0,53,0.0,106,-107614832.0,0.0,ERR,ERR,ERR,ERR,ERR,ERR,ERR,ERR,ERR,ERR,ERR,ERR,ERR,ERR,ERR,ERR,ERR,ERR,ERR,ERR,ERR,ERR,ERR,ERR,ERR,ERR,ERR,ERR,ERR,ERR,ERR,ERR,ERR,ERR,ERR,ERR,ERR,ERR,ERR,ERR,ERR,ERR,ERR,ERR,ERR,ERR,ERR,ERR,ERR,ERR,ERR,ERR,ERR,ERR,ERR,ERR,ERR,ERR,ERR,ERR,ERR,ERR,ERR,ERR,ERR,ERR,ERR,50.0,60.0,100,0.0,0.0,0.0,0.0,0.0,0.0,0.0,0.0,0.0,0.0,0.0,0.0,0.0,0.0,0.0,0.0,61.6,74,13,65512,50,65476,0,300,0,0,8,20529,65476,0,0,26214,60.0,0.0,0.0,0.0,0.0,0.0
2026-05-17T18:20:07,ERR,ERR,ERR,ERR,ERR,ERR,ERR,ERR,ERR,ERR,ERR,ERR,ERR,ERR,ERR,ERR,ERR,ERR,ERR,ERR,ERR,ERR,ERR,ERR,ERR,ERR,ERR,ERR,ERR,ERR,ERR,ERR,ERR,ERR,ERR,ERR,ERR,ERR,ERR,ERR,ERR,ERR,ERR,ERR,ERR,ERR,ERR,ERR,ERR,ERR,ERR,ERR,ERR,ERR,ERR,ERR,ERR,ERR,ERR,ERR,ERR,ERR,ERR,ERR,ERR,ERR,ERR,ERR,ERR,ERR,ERR,ERR,ERR,ERR,ERR,ERR,ERR,ERR,ERR,ERR,ERR,ERR,ERR,ERR,ERR,ERR,ERR,ERR,ERR,ERR,ERR,ERR,ERR,ERR,ERR,ERR,ERR,ERR,ERR,ERR,ERR,ERR,ERR,ERR,ERR,ERR,ERR,ERR,ERR,ERR,ERR,ERR,ERR,ERR,ERR,ERR,ERR,ERR,ERR,ERR,ERR,ERR,ERR,ERR,ERR,0.0,-107615296.0,-134474944.0,0.0,0.0,1.3936040501711995e+18,7.805,0.0,0,0,4,0,8422,0.0,45,0.0,0.0,0.0,0.0,0.0,0,0,0,0,0.0,0,0,0,0,0,0,0,0,0,0,0,0,0,0,0,0,0,0,0,0,0,0,0,0,0,0,0,0,0,0,0,0,0,38,14,7,45,65476,0,300,0,0,8,21553,0.0,-107605600.0,0.0,0.0,0.0,0.0,0.0,0.0,0.0,0.0,0.0,0.0,0.0,0.0,0.0,0.0,0.0,0.0,0.0,0.0,0.0,0.0,0.0,0.0,-0.0,0.0,0.0,0.0,0.0,0.0,5018.0,-0.0,0.0,0.0,-107615296.0,-107615280.0,2.718429300292151e+23,0.0,0.0,0.0,0.0,53,-0.0,-0.0,0.0,0.0,0.0,0.0,0.0,0.0,0.0,0,0,0,0.0,0.0,0.0,0.0,0.0,0.0,0.0,0.0,0.0,0.0,0.0,0.0,0.0,0.0,0.0,0.0,0,-107875648.0,53,0.0,106,-107614832.0,0.0,ERR,ERR,ERR,ERR,ERR,ERR,ERR,ERR,ERR,ERR,ERR,ERR,ERR,ERR,ERR,ERR,ERR,ERR,ERR,ERR,ERR,ERR,ERR,ERR,ERR,ERR,ERR,ERR,ERR,ERR,ERR,ERR,ERR,ERR,ERR,ERR,ERR,ERR,ERR,ERR,ERR,ERR,ERR,ERR,ERR,ERR,ERR,ERR,ERR,ERR,ERR,ERR,ERR,ERR,ERR,ERR,ERR,ERR,ERR,ERR,ERR,ERR,ERR,ERR,ERR,ERR,ERR,50.0,60.0,100,0.0,0.0,0.0,0.0,0.0,0.0,0.0,0.0,0.0,0.0,0.0,0.0,0.0,0.0,0.0,0.0,61.6,74,13,65512,50,65476,0,300,0,0,8,20529,65476,0,0,26214,60.0,0.0,0.0,0.0,0.0,0.0
2026-05-17T18:20:08,ERR,ERR,ERR,ERR,ERR,ERR,ERR,ERR,ERR,ERR,ERR,ERR,ERR,ERR,ERR,ERR,ERR,ERR,ERR,ERR,ERR,ERR,ERR,ERR,ERR,ERR,ERR,ERR,ERR,ERR,ERR,ERR,ERR,ERR,ERR,ERR,ERR,ERR,ERR,ERR,ERR,ERR,ERR,ERR,ERR,ERR,ERR,ERR,ERR,ERR,ERR,ERR,ERR,ERR,ERR,ERR,ERR,ERR,ERR,ERR,ERR,ERR,ERR,ERR,ERR,ERR,ERR,ERR,ERR,ERR,ERR,ERR,ERR,ERR,ERR,ERR,ERR,ERR,ERR,ERR,ERR,ERR,ERR,ERR,ERR,ERR,ERR,ERR,ERR,ERR,ERR,ERR,ERR,ERR,ERR,ERR,ERR,ERR,ERR,ERR,ERR,ERR,ERR,ERR,ERR,ERR,ERR,ERR,ERR,ERR,ERR,ERR,ERR,ERR,ERR,ERR,ERR,ERR,ERR,ERR,ERR,ERR,ERR,ERR,ERR,0.0,-107615296.0,-134474944.0,0.0,0.0,1.3936040501711995e+18,7.805,0.0,0,0,4,0,8422,0.0,45,0.0,0.0,0.0,0.0,0.0,0,0,0,0,0.0,0,0,0,0,0,0,0,0,0,0,0,0,0,0,0,0,0,0,0,0,0,0,0,0,0,0,0,0,0,0,0,0,0,38,14,7,45,65476,0,300,0,0,8,21553,0.0,-107605600.0,0.0,0.0,0.0,0.0,0.0,0.0,0.0,0.0,0.0,0.0,0.0,0.0,0.0,0.0,0.0,0.0,0.0,0.0,0.0,0.0,0.0,0.0,-0.0,0.0,0.0,0.0,0.0,0.0,5018.0,-0.0,0.0,0.0,-107615296.0,-107615280.0,2.718429300292151e+23,0.0,0.0,0.0,0.0,53,-0.0,-0.0,0.0,0.0,0.0,0.0,0.0,0.0,0.0,0,0,0,0.0,0.0,0.0,0.0,0.0,0.0,0.0,0.0,0.0,0.0,0.0,0.0,0.0,0.0,0.0,0.0,0,-107875648.0,53,0.0,106,-107614832.0,0.0,ERR,ERR,ERR,ERR,ERR,ERR,ERR,ERR,ERR,ERR,ERR,ERR,ERR,ERR,ERR,ERR,ERR,ERR,ERR,ERR,ERR,ERR,ERR,ERR,ERR,ERR,ERR,ERR,ERR,ERR,ERR,ERR,ERR,ERR,ERR,ERR,ERR,ERR,ERR,ERR,ERR,ERR,ERR,ERR,ERR,ERR,ERR,ERR,ERR,ERR,ERR,ERR,ERR,ERR,ERR,ERR,ERR,ERR,ERR,ERR,ERR,ERR,ERR,ERR,ERR,ERR,ERR,50.0,60.0,100,0.0,0.0,0.0,0.0,0.0,0.0,0.0,0.0,0.0,0.0,0.0,0.0,0.0,0.0,0.0,0.0,61.6,74,13,65512,50,65476,0,300,0,0,8,20529,65476,0,0,26214,60.0,0.0,0.0,0.0,0.0,0.0
2026-05-17T18:20:09,ERR,ERR,ERR,ERR,ERR,ERR,ERR,ERR,ERR,ERR,ERR,ERR,ERR,ERR,ERR,ERR,ERR,ERR,ERR,ERR,ERR,ERR,ERR,ERR,ERR,ERR,ERR,ERR,ERR,ERR,ERR,ERR,ERR,ERR,ERR,ERR,ERR,ERR,ERR,ERR,ERR,ERR,ERR,ERR,ERR,ERR,ERR,ERR,ERR,ERR,ERR,ERR,ERR,ERR,ERR,ERR,ERR,ERR,ERR,ERR,ERR,ERR,ERR,ERR,ERR,ERR,ERR,ERR,ERR,ERR,ERR,ERR,ERR,ERR,ERR,ERR,ERR,ERR,ERR,ERR,ERR,ERR,ERR,ERR,ERR,ERR,ERR,ERR,ERR,ERR,ERR,ERR,ERR,ERR,ERR,ERR,ERR,ERR,ERR,ERR,ERR,ERR,ERR,ERR,ERR,ERR,ERR,ERR,ERR,ERR,ERR,ERR,ERR,ERR,ERR,ERR,ERR,ERR,ERR,ERR,ERR,ERR,ERR,ERR,ERR,0.0,-107615296.0,-134474944.0,0.0,0.0,1.3936040501711995e+18,7.805,0.0,0,0,4,0,8422,0.0,45,0.0,0.0,0.0,0.0,0.0,0,0,0,0,0.0,0,0,0,0,0,0,0,0,0,0,0,0,0,0,0,0,0,0,0,0,0,0,0,0,0,0,0,0,0,0,0,0,0,38,14,7,45,65476,0,300,0,0,8,21553,0.0,-107605600.0,0.0,0.0,0.0,0.0,0.0,0.0,0.0,0.0,0.0,0.0,0.0,0.0,0.0,0.0,0.0,0.0,0.0,0.0,0.0,0.0,0.0,0.0,-0.0,0.0,0.0,0.0,0.0,0.0,5018.0,-0.0,0.0,0.0,-107615296.0,-107615280.0,2.718429300292151e+23,0.0,0.0,0.0,0.0,53,-0.0,-0.0,0.0,0.0,0.0,0.0,0.0,0.0,0.0,0,0,0,0.0,0.0,0.0,0.0,0.0,0.0,0.0,0.0,0.0,0.0,0.0,0.0,0.0,0.0,0.0,0.0,0,-107875648.0,53,0.0,106,-107614832.0,0.0,ERR,ERR,ERR,ERR,ERR,ERR,ERR,ERR,ERR,ERR,ERR,ERR,ERR,ERR,ERR,ERR,ERR,ERR,ERR,ERR,ERR,ERR,ERR,ERR,ERR,ERR,ERR,ERR,ERR,ERR,ERR,ERR,ERR,ERR,ERR,ERR,ERR,ERR,ERR,ERR,ERR,ERR,ERR,ERR,ERR,ERR,ERR,ERR,ERR,ERR,ERR,ERR,ERR,ERR,ERR,ERR,ERR,ERR,ERR,ERR,ERR,ERR,ERR,ERR,ERR,ERR,ERR,50.0,60.0,100,0.0,0.0,0.0,0.0,0.0,0.0,0.0,0.0,0.0,0.0,0.0,0.0,0.0,0.0,0.0,0.0,61.6,74,13,65512,50,65476,0,300,0,0,8,20529,65476,0,0,26214,60.0,0.0,0.0,0.0,0.0,0.0
2026-05-17T18:20:10,ERR,ERR,ERR,ERR,ERR,ERR,ERR,ERR,ERR,ERR,ERR,ERR,ERR,ERR,ERR,ERR,ERR,ERR,ERR,ERR,ERR,ERR,ERR,ERR,ERR,ERR,ERR,ERR,ERR,ERR,ERR,ERR,ERR,ERR,ERR,ERR,ERR,ERR,ERR,ERR,ERR,ERR,ERR,ERR,ERR,ERR,ERR,ERR,ERR,ERR,ERR,ERR,ERR,ERR,ERR,ERR,ERR,ERR,ERR,ERR,ERR,ERR,ERR,ERR,ERR,ERR,ERR,ERR,ERR,ERR,ERR,ERR,ERR,ERR,ERR,ERR,ERR,ERR,ERR,ERR,ERR,ERR,ERR,ERR,ERR,ERR,ERR,ERR,ERR,ERR,ERR,ERR,ERR,ERR,ERR,ERR,ERR,ERR,ERR,ERR,ERR,ERR,ERR,ERR,ERR,ERR,ERR,ERR,ERR,ERR,ERR,ERR,ERR,ERR,ERR,ERR,ERR,ERR,ERR,ERR,ERR,ERR,ERR,ERR,ERR,0.0,-107615296.0,-134474944.0,0.0,0.0,1.3936040501711995e+18,7.805,0.0,0,0,4,0,8422,0.0,45,0.0,0.0,0.0,0.0,0.0,0,0,0,0,0.0,0,0,0,0,0,0,0,0,0,0,0,0,0,0,0,0,0,0,0,0,0,0,0,0,0,0,0,0,0,0,0,0,0,38,14,7,45,65476,0,300,0,0,8,21553,0.0,-107605600.0,0.0,0.0,0.0,0.0,0.0,0.0,0.0,0.0,0.0,0.0,0.0,0.0,0.0,0.0,0.0,0.0,0.0,0.0,0.0,0.0,0.0,0.0,-0.0,0.0,0.0,0.0,0.0,0.0,5018.0,-0.0,0.0,0.0,-107615296.0,-107615280.0,2.718429300292151e+23,0.0,0.0,0.0,0.0,53,-0.0,-0.0,0.0,0.0,0.0,0.0,0.0,0.0,0.0,0,0,0,0.0,0.0,0.0,0.0,0.0,0.0,0.0,0.0,0.0,0.0,0.0,0.0,0.0,0.0,0.0,0.0,0,-107875648.0,53,0.0,106,-107614832.0,0.0,ERR,ERR,ERR,ERR,ERR,ERR,ERR,ERR,ERR,ERR,ERR,ERR,ERR,ERR,ERR,ERR,ERR,ERR,ERR,ERR,ERR,ERR,ERR,ERR,ERR,ERR,ERR,ERR,ERR,ERR,ERR,ERR,ERR,ERR,ERR,ERR,ERR,ERR,ERR,ERR,ERR,ERR,ERR,ERR,ERR,ERR,ERR,ERR,ERR,ERR,ERR,ERR,ERR,ERR,ERR,ERR,ERR,ERR,ERR,ERR,ERR,ERR,ERR,ERR,ERR,ERR,ERR,50.0,60.0,100,0.0,0.0,0.0,0.0,0.0,0.0,0.0,0.0,0.0,0.0,0.0,0.0,0.0,0.0,0.0,0.0,61.6,74,13,65512,50,65476,0,300,0,0,8,20529,65476,0,0,26214,60.0,0.0,0.0,0.0,0.0,0.0
2026-05-17T18:20:11,ERR,ERR,ERR,ERR,ERR,ERR,ERR,ERR,ERR,ERR,ERR,ERR,ERR,ERR,ERR,ERR,ERR,ERR,ERR,ERR,ERR,ERR,ERR,ERR,ERR,ERR,ERR,ERR,ERR,ERR,ERR,ERR,ERR,ERR,ERR,ERR,ERR,ERR,ERR,ERR,ERR,ERR,ERR,ERR,ERR,ERR,ERR,ERR,ERR,ERR,ERR,ERR,ERR,ERR,ERR,ERR,ERR,ERR,ERR,ERR,ERR,ERR,ERR,ERR,ERR,ERR,ERR,ERR,ERR,ERR,ERR,ERR,ERR,ERR,ERR,ERR,ERR,ERR,ERR,ERR,ERR,ERR,ERR,ERR,ERR,ERR,ERR,ERR,ERR,ERR,ERR,ERR,ERR,ERR,ERR,ERR,ERR,ERR,ERR,ERR,ERR,ERR,ERR,ERR,ERR,ERR,ERR,ERR,ERR,ERR,ERR,ERR,ERR,ERR,ERR,ERR,ERR,ERR,ERR,ERR,ERR,ERR,ERR,ERR,ERR,0.0,-107615296.0,-134474944.0,0.0,0.0,1.3936040501711995e+18,7.805,0.0,0,0,4,0,8422,0.0,45,0.0,0.0,0.0,0.0,0.0,0,0,0,0,0.0,0,0,0,0,0,0,0,0,0,0,0,0,0,0,0,0,0,0,0,0,0,0,0,0,0,0,0,0,0,0,0,0,0,38,14,7,45,65476,0,300,0,0,8,21553,0.0,-107605600.0,0.0,0.0,0.0,0.0,0.0,0.0,0.0,0.0,0.0,0.0,0.0,0.0,0.0,0.0,0.0,0.0,0.0,0.0,0.0,0.0,0.0,0.0,-0.0,0.0,0.0,0.0,0.0,0.0,5018.0,-0.0,0.0,0.0,-107615296.0,-107615280.0,2.718429300292151e+23,0.0,0.0,0.0,0.0,53,-0.0,-0.0,0.0,0.0,0.0,0.0,0.0,0.0,0.0,0,0,0,0.0,0.0,0.0,0.0,0.0,0.0,0.0,0.0,0.0,0.0,0.0,0.0,0.0,0.0,0.0,0.0,0,-107875648.0,53,0.0,106,-107614832.0,0.0,ERR,ERR,ERR,ERR,ERR,ERR,ERR,ERR,ERR,ERR,ERR,ERR,ERR,ERR,ERR,ERR,ERR,ERR,ERR,ERR,ERR,ERR,ERR,ERR,ERR,ERR,ERR,ERR,ERR,ERR,ERR,ERR,ERR,ERR,ERR,ERR,ERR,ERR,ERR,ERR,ERR,ERR,ERR,ERR,ERR,ERR,ERR,ERR,ERR,ERR,ERR,ERR,ERR,ERR,ERR,ERR,ERR,ERR,ERR,ERR,ERR,ERR,ERR,ERR,ERR,ERR,ERR,50.0,60.0,100,0.0,0.0,0.0,0.0,0.0,0.0,0.0,0.0,0.0,0.0,0.0,0.0,0.0,0.0,0.0,0.0,61.6,74,13,65512,50,65476,0,300,0,0,8,20529,65476,0,0,26214,60.0,0.0,0.0,0.0,0.0,0.0
2026-05-17T18:20:12,ERR,ERR,ERR,ERR,ERR,ERR,ERR,ERR,ERR,ERR,ERR,ERR,ERR,ERR,ERR,ERR,ERR,ERR,ERR,ERR,ERR,ERR,ERR,ERR,ERR,ERR,ERR,ERR,ERR,ERR,ERR,ERR,ERR,ERR,ERR,ERR,ERR,ERR,ERR,ERR,ERR,ERR,ERR,ERR,ERR,ERR,ERR,ERR,ERR,ERR,ERR,ERR,ERR,ERR,ERR,ERR,ERR,ERR,ERR,ERR,ERR,ERR,ERR,ERR,ERR,ERR,ERR,ERR,ERR,ERR,ERR,ERR,ERR,ERR,ERR,ERR,ERR,ERR,ERR,ERR,ERR,ERR,ERR,ERR,ERR,ERR,ERR,ERR,ERR,ERR,ERR,ERR,ERR,ERR,ERR,ERR,ERR,ERR,ERR,ERR,ERR,ERR,ERR,ERR,ERR,ERR,ERR,ERR,ERR,ERR,ERR,ERR,ERR,ERR,ERR,ERR,ERR,ERR,ERR,ERR,ERR,ERR,ERR,ERR,ERR,0.0,-107615296.0,-134474944.0,0.0,0.0,1.3936040501711995e+18,7.805,0.0,0,0,4,0,8422,0.0,45,0.0,0.0,0.0,0.0,0.0,0,0,0,0,0.0,0,0,0,0,0,0,0,0,0,0,0,0,0,0,0,0,0,0,0,0,0,0,0,0,0,0,0,0,0,0,0,0,0,38,14,7,45,65476,0,300,0,0,8,21553,0.0,-107605600.0,0.0,0.0,0.0,0.0,0.0,0.0,0.0,0.0,0.0,0.0,0.0,0.0,0.0,0.0,0.0,0.0,0.0,0.0,0.0,0.0,0.0,0.0,-0.0,0.0,0.0,0.0,0.0,0.0,5048.0,0.0,0.0,0.0,-107615296.0,-107615280.0,2.718429300292151e+23,0.0,0.0,0.0,0.0,53,-0.0,-4.9504015179484054e+32,0.0,0.0,0.0,0.0,0.0,0.0,0.0,0,0,0,0.0,0.0,0.0,0.0,0.0,0.0,0.0,0.0,0.0,0.0,0.0,0.0,0.0,0.0,0.0,0.0,0,-107875648.0,53,0.0,106,-107614832.0,0.0,ERR,ERR,ERR,ERR,ERR,ERR,ERR,ERR,ERR,ERR,ERR,ERR,ERR,ERR,ERR,ERR,ERR,ERR,ERR,ERR,ERR,ERR,ERR,ERR,ERR,ERR,ERR,ERR,ERR,ERR,ERR,ERR,ERR,ERR,ERR,ERR,ERR,ERR,ERR,ERR,ERR,ERR,ERR,ERR,ERR,ERR,ERR,ERR,ERR,ERR,ERR,ERR,ERR,ERR,ERR,ERR,ERR,ERR,ERR,ERR,ERR,ERR,ERR,ERR,ERR,ERR,ERR,50.0,60.0,100,0.0,0.0,0.0,0.0,0.0,0.0,0.0,0.0,0.0,0.0,0.0,0.0,0.0,0.0,0.0,0.0,61.6,74,13,65512,50,65476,0,300,0,0,8,20529,65476,0,0,26214,60.0,0.0,0.0,0.0,0.0,0.0
2026-05-17T18:20:13,ERR,ERR,ERR,ERR,ERR,ERR,ERR,ERR,ERR,ERR,ERR,ERR,ERR,ERR,ERR,ERR,ERR,ERR,ERR,ERR,ERR,ERR,ERR,ERR,ERR,ERR,ERR,ERR,ERR,ERR,ERR,ERR,ERR,ERR,ERR,ERR,ERR,ERR,ERR,ERR,ERR,ERR,ERR,ERR,ERR,ERR,ERR,ERR,ERR,ERR,ERR,ERR,ERR,ERR,ERR,ERR,ERR,ERR,ERR,ERR,ERR,ERR,ERR,ERR,ERR,ERR,ERR,ERR,ERR,ERR,ERR,ERR,ERR,ERR,ERR,ERR,ERR,ERR,ERR,ERR,ERR,ERR,ERR,ERR,ERR,ERR,ERR,ERR,ERR,ERR,ERR,ERR,ERR,ERR,ERR,ERR,ERR,ERR,ERR,ERR,ERR,ERR,ERR,ERR,ERR,ERR,ERR,ERR,ERR,ERR,ERR,ERR,ERR,ERR,ERR,ERR,ERR,ERR,ERR,ERR,ERR,ERR,ERR,ERR,ERR,0.0,-107615296.0,-134474944.0,0.0,0.0,1.3936040501711995e+18,7.805,0.0,0,0,4,0,8422,0.0,45,0.0,0.0,0.0,0.0,0.0,0,0,0,0,0.0,0,0,0,0,0,0,0,0,0,0,0,0,0,0,0,0,0,0,0,0,0,0,0,0,0,0,0,0,0,0,0,0,0,38,14,7,45,65476,0,300,0,0,8,21553,0.0,-107605600.0,0.0,0.0,0.0,0.0,0.0,0.0,0.0,0.0,0.0,0.0,0.0,0.0,0.0,0.0,0.0,0.0,0.0,0.0,0.0,0.0,0.0,0.0,-0.0,0.0,0.0,0.0,0.0,0.0,5048.0,0.0,0.0,0.0,-107615296.0,-107615280.0,2.718429300292151e+23,0.0,0.0,0.0,0.0,53,-0.0,-4.9504015179484054e+32,0.0,0.0,0.0,0.0,0.0,0.0,0.0,0,0,0,0.0,0.0,0.0,0.0,0.0,0.0,0.0,0.0,0.0,0.0,0.0,0.0,0.0,0.0,0.0,0.0,0,-107875648.0,53,0.0,106,-107614832.0,0.0,ERR,ERR,ERR,ERR,ERR,ERR,ERR,ERR,ERR,ERR,ERR,ERR,ERR,ERR,ERR,ERR,ERR,ERR,ERR,ERR,ERR,ERR,ERR,ERR,ERR,ERR,ERR,ERR,ERR,ERR,ERR,ERR,ERR,ERR,ERR,ERR,ERR,ERR,ERR,ERR,ERR,ERR,ERR,ERR,ERR,ERR,ERR,ERR,ERR,ERR,ERR,ERR,ERR,ERR,ERR,ERR,ERR,ERR,ERR,ERR,ERR,ERR,ERR,ERR,ERR,ERR,ERR,50.0,60.0,100,0.0,0.0,0.0,0.0,0.0,0.0,0.0,0.0,0.0,0.0,0.0,0.0,0.0,0.0,0.0,0.0,61.6,74,13,65512,50,65476,0,300,0,0,8,20529,65476,0,0,26214,60.0,0.0,0.0,0.0,0.0,0.0
2026-05-17T18:20:14,ERR,ERR,ERR,ERR,ERR,ERR,ERR,ERR,ERR,ERR,ERR,ERR,ERR,ERR,ERR,ERR,ERR,ERR,ERR,ERR,ERR,ERR,ERR,ERR,ERR,ERR,ERR,ERR,ERR,ERR,ERR,ERR,ERR,ERR,ERR,ERR,ERR,ERR,ERR,ERR,ERR,ERR,ERR,ERR,ERR,ERR,ERR,ERR,ERR,ERR,ERR,ERR,ERR,ERR,ERR,ERR,ERR,ERR,ERR,ERR,ERR,ERR,ERR,ERR,ERR,ERR,ERR,ERR,ERR,ERR,ERR,ERR,ERR,ERR,ERR,ERR,ERR,ERR,ERR,ERR,ERR,ERR,ERR,ERR,ERR,ERR,ERR,ERR,ERR,ERR,ERR,ERR,ERR,ERR,ERR,ERR,ERR,ERR,ERR,ERR,ERR,ERR,ERR,ERR,ERR,ERR,ERR,ERR,ERR,ERR,ERR,ERR,ERR,ERR,ERR,ERR,ERR,ERR,ERR,ERR,ERR,ERR,ERR,ERR,ERR,0.0,-107615296.0,-134474944.0,0.0,0.0,1.3936040501711995e+18,7.805,0.0,0,0,4,0,8422,0.0,45,0.0,0.0,0.0,0.0,0.0,0,0,0,0,0.0,0,0,0,0,0,0,0,0,0,0,0,0,0,0,0,0,0,0,0,0,0,0,0,0,0,0,0,0,0,0,0,0,0,38,14,7,45,65476,0,300,0,0,8,21553,0.0,-107605600.0,0.0,0.0,0.0,0.0,0.0,0.0,0.0,0.0,0.0,0.0,0.0,0.0,0.0,0.0,0.0,0.0,0.0,0.0,0.0,0.0,0.0,0.0,-0.0,0.0,0.0,0.0,0.0,0.0,5048.0,0.0,0.0,0.0,-107615296.0,-107615280.0,2.718429300292151e+23,0.0,0.0,0.0,0.0,53,-0.0,-4.9504015179484054e+32,0.0,0.0,0.0,0.0,0.0,0.0,0.0,0,0,0,0.0,0.0,0.0,0.0,0.0,0.0,0.0,0.0,0.0,0.0,0.0,0.0,0.0,0.0,0.0,0.0,0,-107875648.0,53,0.0,106,-107614832.0,0.0,ERR,ERR,ERR,ERR,ERR,ERR,ERR,ERR,ERR,ERR,ERR,ERR,ERR,ERR,ERR,ERR,ERR,ERR,ERR,ERR,ERR,ERR,ERR,ERR,ERR,ERR,ERR,ERR,ERR,ERR,ERR,ERR,ERR,ERR,ERR,ERR,ERR,ERR,ERR,ERR,ERR,ERR,ERR,ERR,ERR,ERR,ERR,ERR,ERR,ERR,ERR,ERR,ERR,ERR,ERR,ERR,ERR,ERR,ERR,ERR,ERR,ERR,ERR,ERR,ERR,ERR,ERR,50.0,60.0,100,0.0,0.0,0.0,0.0,0.0,0.0,0.0,0.0,0.0,0.0,0.0,0.0,0.0,0.0,0.0,0.0,61.6,74,13,65512,50,65476,0,300,0,0,8,20529,65476,0,0,26214,60.0,0.0,0.0,0.0,0.0,0.0
2026-05-17T18:20:15,ERR,ERR,ERR,ERR,ERR,ERR,ERR,ERR,ERR,ERR,ERR,ERR,ERR,ERR,ERR,ERR,ERR,ERR,ERR,ERR,ERR,ERR,ERR,ERR,ERR,ERR,ERR,ERR,ERR,ERR,ERR,ERR,ERR,ERR,ERR,ERR,ERR,ERR,ERR,ERR,ERR,ERR,ERR,ERR,ERR,ERR,ERR,ERR,ERR,ERR,ERR,ERR,ERR,ERR,ERR,ERR,ERR,ERR,ERR,ERR,ERR,ERR,ERR,ERR,ERR,ERR,ERR,ERR,ERR,ERR,ERR,ERR,ERR,ERR,ERR,ERR,ERR,ERR,ERR,ERR,ERR,ERR,ERR,ERR,ERR,ERR,ERR,ERR,ERR,ERR,ERR,ERR,ERR,ERR,ERR,ERR,ERR,ERR,ERR,ERR,ERR,ERR,ERR,ERR,ERR,ERR,ERR,ERR,ERR,ERR,ERR,ERR,ERR,ERR,ERR,ERR,ERR,ERR,ERR,ERR,ERR,ERR,ERR,ERR,ERR,0.0,-107615296.0,-134474944.0,0.0,0.0,1.3936040501711995e+18,7.805,0.0,0,0,4,0,8422,0.0,45,0.0,0.0,0.0,0.0,0.0,0,0,0,0,0.0,0,0,0,0,0,0,0,0,0,0,0,0,0,0,0,0,0,0,0,0,0,0,0,0,0,0,0,0,0,0,0,0,0,38,14,7,45,65476,0,300,0,0,8,21553,0.0,-107605600.0,0.0,0.0,0.0,0.0,0.0,0.0,0.0,0.0,0.0,0.0,0.0,0.0,0.0,0.0,0.0,0.0,0.0,0.0,0.0,0.0,0.0,0.0,-0.0,0.0,0.0,0.0,0.0,0.0,5048.0,0.0,0.0,0.0,-107615296.0,-107615280.0,2.718429300292151e+23,0.0,0.0,0.0,0.0,53,-0.0,-4.9504015179484054e+32,0.0,0.0,0.0,0.0,0.0,0.0,0.0,0,0,0,0.0,0.0,0.0,0.0,0.0,0.0,0.0,0.0,0.0,0.0,0.0,0.0,0.0,0.0,0.0,0.0,0,-107875648.0,53,0.0,106,-107614832.0,0.0,ERR,ERR,ERR,ERR,ERR,ERR,ERR,ERR,ERR,ERR,ERR,ERR,ERR,ERR,ERR,ERR,ERR,ERR,ERR,ERR,ERR,ERR,ERR,ERR,ERR,ERR,ERR,ERR,ERR,ERR,ERR,ERR,ERR,ERR,ERR,ERR,ERR,ERR,ERR,ERR,ERR,ERR,ERR,ERR,ERR,ERR,ERR,ERR,ERR,ERR,ERR,ERR,ERR,ERR,ERR,ERR,ERR,ERR,ERR,ERR,ERR,ERR,ERR,ERR,ERR,ERR,ERR,50.0,60.0,100,0.0,0.0,0.0,0.0,0.0,0.0,0.0,0.0,0.0,0.0,0.0,0.0,0.0,0.0,0.0,0.0,61.6,74,13,65512,50,65476,0,300,0,0,8,20529,65476,0,0,26214,60.0,0.0,0.0,0.0,0.0,0.0
2026-05-17T18:20:16,ERR,ERR,ERR,ERR,ERR,ERR,ERR,ERR,ERR,ERR,ERR,ERR,ERR,ERR,ERR,ERR,ERR,ERR,ERR,ERR,ERR,ERR,ERR,ERR,ERR,ERR,ERR,ERR,ERR,ERR,ERR,ERR,ERR,ERR,ERR,ERR,ERR,ERR,ERR,ERR,ERR,ERR,ERR,ERR,ERR,ERR,ERR,ERR,ERR,ERR,ERR,ERR,ERR,ERR,ERR,ERR,ERR,ERR,ERR,ERR,ERR,ERR,ERR,ERR,ERR,ERR,ERR,ERR,ERR,ERR,ERR,ERR,ERR,ERR,ERR,ERR,ERR,ERR,ERR,ERR,ERR,ERR,ERR,ERR,ERR,ERR,ERR,ERR,ERR,ERR,ERR,ERR,ERR,ERR,ERR,ERR,ERR,ERR,ERR,ERR,ERR,ERR,ERR,ERR,ERR,ERR,ERR,ERR,ERR,ERR,ERR,ERR,ERR,ERR,ERR,ERR,ERR,ERR,ERR,ERR,ERR,ERR,ERR,ERR,ERR,0.0,-107615296.0,-134474944.0,0.0,0.0,1.3936040501711995e+18,7.805,0.0,0,0,4,0,8422,0.0,45,0.0,0.0,0.0,0.0,0.0,0,0,0,0,0.0,0,0,0,0,0,0,0,0,0,0,0,0,0,0,0,0,0,0,0,0,0,0,0,0,0,0,0,0,0,0,0,0,0,38,14,7,45,65476,0,300,0,0,8,21553,0.0,-107605600.0,0.0,0.0,0.0,0.0,0.0,0.0,0.0,0.0,0.0,0.0,0.0,0.0,0.0,0.0,0.0,0.0,0.0,0.0,0.0,0.0,0.0,0.0,-0.0,0.0,0.0,0.0,0.0,0.0,5048.0,0.0,0.0,0.0,-107615296.0,-107615280.0,2.718429300292151e+23,0.0,0.0,0.0,0.0,53,-0.0,-4.9504015179484054e+32,0.0,0.0,0.0,0.0,0.0,0.0,0.0,0,0,0,0.0,0.0,0.0,0.0,0.0,0.0,0.0,0.0,0.0,0.0,0.0,0.0,0.0,0.0,0.0,0.0,0,-107875648.0,53,0.0,106,-107614832.0,0.0,ERR,ERR,ERR,ERR,ERR,ERR,ERR,ERR,ERR,ERR,ERR,ERR,ERR,ERR,ERR,ERR,ERR,ERR,ERR,ERR,ERR,ERR,ERR,ERR,ERR,ERR,ERR,ERR,ERR,ERR,ERR,ERR,ERR,ERR,ERR,ERR,ERR,ERR,ERR,ERR,ERR,ERR,ERR,ERR,ERR,ERR,ERR,ERR,ERR,ERR,ERR,ERR,ERR,ERR,ERR,ERR,ERR,ERR,ERR,ERR,ERR,ERR,ERR,ERR,ERR,ERR,ERR,50.0,60.0,100,0.0,0.0,0.0,0.0,0.0,0.0,0.0,0.0,0.0,0.0,0.0,0.0,0.0,0.0,0.0,0.0,61.6,74,13,65512,50,65476,0,300,0,0,8,20529,65476,0,0,26214,60.0,0.0,0.0,0.0,0.0,0.0
2026-05-17T18:20:17,ERR,ERR,ERR,ERR,ERR,ERR,ERR,ERR,ERR,ERR,ERR,ERR,ERR,ERR,ERR,ERR,ERR,ERR,ERR,ERR,ERR,ERR,ERR,ERR,ERR,ERR,ERR,ERR,ERR,ERR,ERR,ERR,ERR,ERR,ERR,ERR,ERR,ERR,ERR,ERR,ERR,ERR,ERR,ERR,ERR,ERR,ERR,ERR,ERR,ERR,ERR,ERR,ERR,ERR,ERR,ERR,ERR,ERR,ERR,ERR,ERR,ERR,ERR,ERR,ERR,ERR,ERR,ERR,ERR,ERR,ERR,ERR,ERR,ERR,ERR,ERR,ERR,ERR,ERR,ERR,ERR,ERR,ERR,ERR,ERR,ERR,ERR,ERR,ERR,ERR,ERR,ERR,ERR,ERR,ERR,ERR,ERR,ERR,ERR,ERR,ERR,ERR,ERR,ERR,ERR,ERR,ERR,ERR,ERR,ERR,ERR,ERR,ERR,ERR,ERR,ERR,ERR,ERR,ERR,ERR,ERR,ERR,ERR,ERR,ERR,0.0,-107615296.0,-134474944.0,0.0,0.0,1.3936040501711995e+18,7.805,0.0,0,0,4,0,8422,0.0,45,0.0,0.0,0.0,0.0,0.0,0,0,0,0,0.0,0,0,0,0,0,0,0,0,0,0,0,0,0,0,0,0,0,0,0,0,0,0,0,0,0,0,0,0,0,0,0,0,0,38,14,7,45,65476,0,300,0,0,8,21553,0.0,-107605600.0,0.0,0.0,0.0,0.0,0.0,0.0,0.0,0.0,0.0,0.0,0.0,0.0,0.0,0.0,0.0,0.0,0.0,0.0,0.0,0.0,0.0,0.0,-0.0,0.0,0.0,0.0,0.0,0.0,5049.0,0.0,0.0,0.0,-107615296.0,-107615280.0,2.718429300292151e+23,0.0,0.0,0.0,0.0,53,-0.0,0.0,0.0,0.0,0.0,0.0,0.0,0.0,0.0,0,0,0,0.0,0.0,0.0,0.0,0.0,0.0,0.0,0.0,0.0,0.0,0.0,0.0,0.0,0.0,0.0,0.0,0,-107875648.0,53,0.0,106,-107614832.0,0.0,ERR,ERR,ERR,ERR,ERR,ERR,ERR,ERR,ERR,ERR,ERR,ERR,ERR,ERR,ERR,ERR,ERR,ERR,ERR,ERR,ERR,ERR,ERR,ERR,ERR,ERR,ERR,ERR,ERR,ERR,ERR,ERR,ERR,ERR,ERR,ERR,ERR,ERR,ERR,ERR,ERR,ERR,ERR,ERR,ERR,ERR,ERR,ERR,ERR,ERR,ERR,ERR,ERR,ERR,ERR,ERR,ERR,ERR,ERR,ERR,ERR,ERR,ERR,ERR,ERR,ERR,ERR,50.0,60.0,100,0.0,0.0,0.0,0.0,0.0,0.0,0.0,0.0,0.0,0.0,0.0,0.0,0.0,0.0,0.0,0.0,61.6,74,13,65512,50,65476,0,300,0,0,8,20529,65476,0,0,26214,60.0,0.0,0.0,0.0,0.0,0.0
2026-05-17T18:20:18,ERR,ERR,ERR,ERR,ERR,ERR,ERR,ERR,ERR,ERR,ERR,ERR,ERR,ERR,ERR,ERR,ERR,ERR,ERR,ERR,ERR,ERR,ERR,ERR,ERR,ERR,ERR,ERR,ERR,ERR,ERR,ERR,ERR,ERR,ERR,ERR,ERR,ERR,ERR,ERR,ERR,ERR,ERR,ERR,ERR,ERR,ERR,ERR,ERR,ERR,ERR,ERR,ERR,ERR,ERR,ERR,ERR,ERR,ERR,ERR,ERR,ERR,ERR,ERR,ERR,ERR,ERR,ERR,ERR,ERR,ERR,ERR,ERR,ERR,ERR,ERR,ERR,ERR,ERR,ERR,ERR,ERR,ERR,ERR,ERR,ERR,ERR,ERR,ERR,ERR,ERR,ERR,ERR,ERR,ERR,ERR,ERR,ERR,ERR,ERR,ERR,ERR,ERR,ERR,ERR,ERR,ERR,ERR,ERR,ERR,ERR,ERR,ERR,ERR,ERR,ERR,ERR,ERR,ERR,ERR,ERR,ERR,ERR,ERR,ERR,0.0,-107615296.0,-134474944.0,0.0,0.0,1.3936040501711995e+18,7.805,0.0,0,0,4,0,8422,0.0,45,0.0,0.0,0.0,0.0,0.0,0,0,0,0,0.0,0,0,0,0,0,0,0,0,0,0,0,0,0,0,0,0,0,0,0,0,0,0,0,0,0,0,0,0,0,0,0,0,0,38,14,7,45,65476,0,300,0,0,8,21553,0.0,-107605600.0,0.0,0.0,0.0,0.0,0.0,0.0,0.0,0.0,0.0,0.0,0.0,0.0,0.0,0.0,0.0,0.0,0.0,0.0,0.0,0.0,0.0,0.0,-0.0,0.0,0.0,0.0,0.0,0.0,5049.0,0.0,0.0,0.0,-107615296.0,-107615280.0,2.718429300292151e+23,0.0,0.0,0.0,0.0,53,-0.0,0.0,0.0,0.0,0.0,0.0,0.0,0.0,0.0,0,0,0,0.0,0.0,0.0,0.0,0.0,0.0,0.0,0.0,0.0,0.0,0.0,0.0,0.0,0.0,0.0,0.0,0,-107875648.0,53,0.0,106,-107614832.0,0.0,ERR,ERR,ERR,ERR,ERR,ERR,ERR,ERR,ERR,ERR,ERR,ERR,ERR,ERR,ERR,ERR,ERR,ERR,ERR,ERR,ERR,ERR,ERR,ERR,ERR,ERR,ERR,ERR,ERR,ERR,ERR,ERR,ERR,ERR,ERR,ERR,ERR,ERR,ERR,ERR,ERR,ERR,ERR,ERR,ERR,ERR,ERR,ERR,ERR,ERR,ERR,ERR,ERR,ERR,ERR,ERR,ERR,ERR,ERR,ERR,ERR,ERR,ERR,ERR,ERR,ERR,ERR,50.0,60.0,100,0.0,0.0,0.0,0.0,0.0,0.0,0.0,0.0,0.0,0.0,0.0,0.0,0.0,0.0,0.0,0.0,61.6,74,13,65512,50,65476,0,300,0,0,8,20529,65476,0,0,26214,60.0,0.0,0.0,0.0,0.0,0.0
2026-05-17T18:20:19,ERR,ERR,ERR,ERR,ERR,ERR,ERR,ERR,ERR,ERR,ERR,ERR,ERR,ERR,ERR,ERR,ERR,ERR,ERR,ERR,ERR,ERR,ERR,ERR,ERR,ERR,ERR,ERR,ERR,ERR,ERR,ERR,ERR,ERR,ERR,ERR,ERR,ERR,ERR,ERR,ERR,ERR,ERR,ERR,ERR,ERR,ERR,ERR,ERR,ERR,ERR,ERR,ERR,ERR,ERR,ERR,ERR,ERR,ERR,ERR,ERR,ERR,ERR,ERR,ERR,ERR,ERR,ERR,ERR,ERR,ERR,ERR,ERR,ERR,ERR,ERR,ERR,ERR,ERR,ERR,ERR,ERR,ERR,ERR,ERR,ERR,ERR,ERR,ERR,ERR,ERR,ERR,ERR,ERR,ERR,ERR,ERR,ERR,ERR,ERR,ERR,ERR,ERR,ERR,ERR,ERR,ERR,ERR,ERR,ERR,ERR,ERR,ERR,ERR,ERR,ERR,ERR,ERR,ERR,ERR,ERR,ERR,ERR,ERR,ERR,0.0,-107615296.0,-134474944.0,0.0,0.0,1.3936040501711995e+18,7.805,0.0,0,0,4,0,8422,0.0,45,0.0,0.0,0.0,0.0,0.0,0,0,0,0,0.0,0,0,0,0,0,0,0,0,0,0,0,0,0,0,0,0,0,0,0,0,0,0,0,0,0,0,0,0,0,0,0,0,0,38,14,7,45,65476,0,300,0,0,8,21553,0.0,-107605600.0,0.0,0.0,0.0,0.0,0.0,0.0,0.0,0.0,0.0,0.0,0.0,0.0,0.0,0.0,0.0,0.0,0.0,0.0,0.0,0.0,0.0,0.0,-0.0,0.0,0.0,0.0,0.0,0.0,5049.0,0.0,0.0,0.0,-107615296.0,-107615280.0,2.718429300292151e+23,0.0,0.0,0.0,0.0,53,-0.0,0.0,0.0,0.0,0.0,0.0,0.0,0.0,0.0,0,0,0,0.0,0.0,0.0,0.0,0.0,0.0,0.0,0.0,0.0,0.0,0.0,0.0,0.0,0.0,0.0,0.0,0,-107875648.0,53,0.0,106,-107614832.0,0.0,ERR,ERR,ERR,ERR,ERR,ERR,ERR,ERR,ERR,ERR,ERR,ERR,ERR,ERR,ERR,ERR,ERR,ERR,ERR,ERR,ERR,ERR,ERR,ERR,ERR,ERR,ERR,ERR,ERR,ERR,ERR,ERR,ERR,ERR,ERR,ERR,ERR,ERR,ERR,ERR,ERR,ERR,ERR,ERR,ERR,ERR,ERR,ERR,ERR,ERR,ERR,ERR,ERR,ERR,ERR,ERR,ERR,ERR,ERR,ERR,ERR,ERR,ERR,ERR,ERR,ERR,ERR,50.0,60.0,100,0.0,0.0,0.0,0.0,0.0,0.0,0.0,0.0,0.0,0.0,0.0,0.0,0.0,0.0,0.0,0.0,61.6,74,13,65512,50,65476,0,300,0,0,8,20529,65476,0,0,26214,60.0,0.0,0.0,0.0,0.0,0.0
2026-05-17T18:20:20,ERR,ERR,ERR,ERR,ERR,ERR,ERR,ERR,ERR,ERR,ERR,ERR,ERR,ERR,ERR,ERR,ERR,ERR,ERR,ERR,ERR,ERR,ERR,ERR,ERR,ERR,ERR,ERR,ERR,ERR,ERR,ERR,ERR,ERR,ERR,ERR,ERR,ERR,ERR,ERR,ERR,ERR,ERR,ERR,ERR,ERR,ERR,ERR,ERR,ERR,ERR,ERR,ERR,ERR,ERR,ERR,ERR,ERR,ERR,ERR,ERR,ERR,ERR,ERR,ERR,ERR,ERR,ERR,ERR,ERR,ERR,ERR,ERR,ERR,ERR,ERR,ERR,ERR,ERR,ERR,ERR,ERR,ERR,ERR,ERR,ERR,ERR,ERR,ERR,ERR,ERR,ERR,ERR,ERR,ERR,ERR,ERR,ERR,ERR,ERR,ERR,ERR,ERR,ERR,ERR,ERR,ERR,ERR,ERR,ERR,ERR,ERR,ERR,ERR,ERR,ERR,ERR,ERR,ERR,ERR,ERR,ERR,ERR,ERR,ERR,0.0,-107615296.0,-134474944.0,0.0,0.0,1.3936040501711995e+18,7.805,0.0,0,0,4,0,8422,0.0,45,0.0,0.0,0.0,0.0,0.0,0,0,0,0,0.0,0,0,0,0,0,0,0,0,0,0,0,0,0,0,0,0,0,0,0,0,0,0,0,0,0,0,0,0,0,0,0,0,0,38,14,7,45,65476,0,300,0,0,8,21553,0.0,-107605600.0,0.0,0.0,0.0,0.0,0.0,0.0,0.0,0.0,0.0,0.0,0.0,0.0,0.0,0.0,0.0,0.0,0.0,0.0,0.0,0.0,0.0,0.0,-0.0,0.0,0.0,0.0,0.0,0.0,5049.0,0.0,0.0,0.0,-107615296.0,-107615280.0,2.718429300292151e+23,0.0,0.0,0.0,0.0,53,-0.0,0.0,0.0,0.0,0.0,0.0,0.0,0.0,0.0,0,0,0,0.0,0.0,0.0,0.0,0.0,0.0,0.0,0.0,0.0,0.0,0.0,0.0,0.0,0.0,0.0,0.0,0,-107875648.0,53,0.0,106,-107614832.0,0.0,ERR,ERR,ERR,ERR,ERR,ERR,ERR,ERR,ERR,ERR,ERR,ERR,ERR,ERR,ERR,ERR,ERR,ERR,ERR,ERR,ERR,ERR,ERR,ERR,ERR,ERR,ERR,ERR,ERR,ERR,ERR,ERR,ERR,ERR,ERR,ERR,ERR,ERR,ERR,ERR,ERR,ERR,ERR,ERR,ERR,ERR,ERR,ERR,ERR,ERR,ERR,ERR,ERR,ERR,ERR,ERR,ERR,ERR,ERR,ERR,ERR,ERR,ERR,ERR,ERR,ERR,ERR,50.0,60.0,100,0.0,0.0,0.0,0.0,0.0,0.0,0.0,0.0,0.0,0.0,0.0,0.0,0.0,0.0,0.0,0.0,61.6,74,13,65512,50,65476,0,300,0,0,8,20529,65476,0,0,26214,60.0,0.0,0.0,0.0,0.0,0.0
2026-05-17T18:20:21,ERR,ERR,ERR,ERR,ERR,ERR,ERR,ERR,ERR,ERR,ERR,ERR,ERR,ERR,ERR,ERR,ERR,ERR,ERR,ERR,ERR,ERR,ERR,ERR,ERR,ERR,ERR,ERR,ERR,ERR,ERR,ERR,ERR,ERR,ERR,ERR,ERR,ERR,ERR,ERR,ERR,ERR,ERR,ERR,ERR,ERR,ERR,ERR,ERR,ERR,ERR,ERR,ERR,ERR,ERR,ERR,ERR,ERR,ERR,ERR,ERR,ERR,ERR,ERR,ERR,ERR,ERR,ERR,ERR,ERR,ERR,ERR,ERR,ERR,ERR,ERR,ERR,ERR,ERR,ERR,ERR,ERR,ERR,ERR,ERR,ERR,ERR,ERR,ERR,ERR,ERR,ERR,ERR,ERR,ERR,ERR,ERR,ERR,ERR,ERR,ERR,ERR,ERR,ERR,ERR,ERR,ERR,ERR,ERR,ERR,ERR,ERR,ERR,ERR,ERR,ERR,ERR,ERR,ERR,ERR,ERR,ERR,ERR,ERR,ERR,0.0,-107615296.0,-134474944.0,0.0,0.0,1.3936040501711995e+18,7.805,0.0,0,0,4,0,8422,0.0,45,0.0,0.0,0.0,0.0,0.0,0,0,0,0,0.0,0,0,0,0,0,0,0,0,0,0,0,0,0,0,0,0,0,0,0,0,0,0,0,0,0,0,0,0,0,0,0,0,0,38,14,7,45,65476,0,300,0,0,8,21553,0.0,-107605600.0,0.0,0.0,0.0,0.0,0.0,0.0,0.0,0.0,0.0,0.0,0.0,0.0,0.0,0.0,0.0,0.0,0.0,0.0,0.0,0.0,0.0,0.0,-0.0,0.0,0.0,0.0,0.0,0.0,5049.0,0.0,0.0,0.0,-107615296.0,-107615280.0,2.718429300292151e+23,0.0,0.0,0.0,0.0,53,-0.0,0.0,0.0,0.0,0.0,0.0,0.0,0.0,0.0,0,0,0,0.0,0.0,0.0,0.0,0.0,0.0,0.0,0.0,0.0,0.0,0.0,0.0,0.0,0.0,0.0,0.0,0,-107875648.0,53,0.0,106,-107614832.0,0.0,ERR,ERR,ERR,ERR,ERR,ERR,ERR,ERR,ERR,ERR,ERR,ERR,ERR,ERR,ERR,ERR,ERR,ERR,ERR,ERR,ERR,ERR,ERR,ERR,ERR,ERR,ERR,ERR,ERR,ERR,ERR,ERR,ERR,ERR,ERR,ERR,ERR,ERR,ERR,ERR,ERR,ERR,ERR,ERR,ERR,ERR,ERR,ERR,ERR,ERR,ERR,ERR,ERR,ERR,ERR,ERR,ERR,ERR,ERR,ERR,ERR,ERR,ERR,ERR,ERR,ERR,ERR,50.0,60.0,100,0.0,0.0,0.0,0.0,0.0,0.0,0.0,0.0,0.0,0.0,0.0,0.0,0.0,0.0,0.0,0.0,61.6,74,13,65512,50,65476,0,300,0,0,8,20529,65476,0,0,26214,60.0,0.0,0.0,0.0,0.0,0.0
2026-05-17T18:20:22,ERR,ERR,ERR,ERR,ERR,ERR,ERR,ERR,ERR,ERR,ERR,ERR,ERR,ERR,ERR,ERR,ERR,ERR,ERR,ERR,ERR,ERR,ERR,ERR,ERR,ERR,ERR,ERR,ERR,ERR,ERR,ERR,ERR,ERR,ERR,ERR,ERR,ERR,ERR,ERR,ERR,ERR,ERR,ERR,ERR,ERR,ERR,ERR,ERR,ERR,ERR,ERR,ERR,ERR,ERR,ERR,ERR,ERR,ERR,ERR,ERR,ERR,ERR,ERR,ERR,ERR,ERR,ERR,ERR,ERR,ERR,ERR,ERR,ERR,ERR,ERR,ERR,ERR,ERR,ERR,ERR,ERR,ERR,ERR,ERR,ERR,ERR,ERR,ERR,ERR,ERR,ERR,ERR,ERR,ERR,ERR,ERR,ERR,ERR,ERR,ERR,ERR,ERR,ERR,ERR,ERR,ERR,ERR,ERR,ERR,ERR,ERR,ERR,ERR,ERR,ERR,ERR,ERR,ERR,ERR,ERR,ERR,ERR,ERR,ERR,0.0,-107615296.0,-134474944.0,0.0,0.0,1.3936040501711995e+18,7.805,0.0,0,0,4,0,8422,0.0,45,0.0,0.0,0.0,0.0,0.0,0,0,0,0,0.0,0,0,0,0,0,0,0,0,0,0,0,0,0,0,0,0,0,0,0,0,0,0,0,0,0,0,0,0,0,0,0,0,0,38,14,7,45,65476,0,300,0,0,8,21553,0.0,-107605600.0,0.0,0.0,0.0,0.0,0.0,0.0,0.0,0.0,0.0,0.0,0.0,0.0,0.0,0.0,0.0,0.0,0.0,0.0,0.0,0.0,0.0,0.0,-0.0,0.0,0.0,0.0,0.0,0.0,5046.0,0.0,0.0,0.0,-107615296.0,-107615280.0,2.718429300292151e+23,0.0,0.0,0.0,0.0,53,-0.0,0.0,0.0,0.0,0.0,0.0,0.0,0.0,0.0,0,0,0,0.0,0.0,0.0,0.0,0.0,0.0,0.0,0.0,0.0,0.0,0.0,0.0,0.0,0.0,0.0,0.0,0,-107875648.0,53,0.0,106,-107614832.0,0.0,ERR,ERR,ERR,ERR,ERR,ERR,ERR,ERR,ERR,ERR,ERR,ERR,ERR,ERR,ERR,ERR,ERR,ERR,ERR,ERR,ERR,ERR,ERR,ERR,ERR,ERR,ERR,ERR,ERR,ERR,ERR,ERR,ERR,ERR,ERR,ERR,ERR,ERR,ERR,ERR,ERR,ERR,ERR,ERR,ERR,ERR,ERR,ERR,ERR,ERR,ERR,ERR,ERR,ERR,ERR,ERR,ERR,ERR,ERR,ERR,ERR,ERR,ERR,ERR,ERR,ERR,ERR,50.0,60.0,100,0.0,0.0,0.0,0.0,0.0,0.0,0.0,0.0,0.0,0.0,0.0,0.0,0.0,0.0,0.0,0.0,61.6,74,13,65512,50,65476,0,300,0,0,8,20529,65476,0,0,26214,60.0,0.0,0.0,0.0,0.0,0.0
2026-05-17T18:20:23,ERR,ERR,ERR,ERR,ERR,ERR,ERR,ERR,ERR,ERR,ERR,ERR,ERR,ERR,ERR,ERR,ERR,ERR,ERR,ERR,ERR,ERR,ERR,ERR,ERR,ERR,ERR,ERR,ERR,ERR,ERR,ERR,ERR,ERR,ERR,ERR,ERR,ERR,ERR,ERR,ERR,ERR,ERR,ERR,ERR,ERR,ERR,ERR,ERR,ERR,ERR,ERR,ERR,ERR,ERR,ERR,ERR,ERR,ERR,ERR,ERR,ERR,ERR,ERR,ERR,ERR,ERR,ERR,ERR,ERR,ERR,ERR,ERR,ERR,ERR,ERR,ERR,ERR,ERR,ERR,ERR,ERR,ERR,ERR,ERR,ERR,ERR,ERR,ERR,ERR,ERR,ERR,ERR,ERR,ERR,ERR,ERR,ERR,ERR,ERR,ERR,ERR,ERR,ERR,ERR,ERR,ERR,ERR,ERR,ERR,ERR,ERR,ERR,ERR,ERR,ERR,ERR,ERR,ERR,ERR,ERR,ERR,ERR,ERR,ERR,0.0,-107615296.0,-134474944.0,0.0,0.0,1.3936040501711995e+18,7.805,0.0,0,0,4,0,8422,0.0,45,0.0,0.0,0.0,0.0,0.0,0,0,0,0,0.0,0,0,0,0,0,0,0,0,0,0,0,0,0,0,0,0,0,0,0,0,0,0,0,0,0,0,0,0,0,0,0,0,0,38,14,7,45,65476,0,300,0,0,8,21553,0.0,-107605600.0,0.0,0.0,0.0,0.0,0.0,0.0,0.0,0.0,0.0,0.0,0.0,0.0,0.0,0.0,0.0,0.0,0.0,0.0,0.0,0.0,0.0,0.0,-0.0,0.0,0.0,0.0,0.0,0.0,5046.0,0.0,0.0,0.0,-107615296.0,-107615280.0,2.718429300292151e+23,0.0,0.0,0.0,0.0,53,-0.0,0.0,0.0,0.0,0.0,0.0,0.0,0.0,0.0,0,0,0,0.0,0.0,0.0,0.0,0.0,0.0,0.0,0.0,0.0,0.0,0.0,0.0,0.0,0.0,0.0,0.0,0,-107875648.0,53,0.0,106,-107614832.0,0.0,ERR,ERR,ERR,ERR,ERR,ERR,ERR,ERR,ERR,ERR,ERR,ERR,ERR,ERR,ERR,ERR,ERR,ERR,ERR,ERR,ERR,ERR,ERR,ERR,ERR,ERR,ERR,ERR,ERR,ERR,ERR,ERR,ERR,ERR,ERR,ERR,ERR,ERR,ERR,ERR,ERR,ERR,ERR,ERR,ERR,ERR,ERR,ERR,ERR,ERR,ERR,ERR,ERR,ERR,ERR,ERR,ERR,ERR,ERR,ERR,ERR,ERR,ERR,ERR,ERR,ERR,ERR,50.0,60.0,100,0.0,0.0,0.0,0.0,0.0,0.0,0.0,0.0,0.0,0.0,0.0,0.0,0.0,0.0,0.0,0.0,61.6,74,13,65512,50,65476,0,300,0,0,8,20529,65476,0,0,26214,60.0,0.0,0.0,0.0,0.0,0.0
2026-05-17T18:20:24,ERR,ERR,ERR,ERR,ERR,ERR,ERR,ERR,ERR,ERR,ERR,ERR,ERR,ERR,ERR,ERR,ERR,ERR,ERR,ERR,ERR,ERR,ERR,ERR,ERR,ERR,ERR,ERR,ERR,ERR,ERR,ERR,ERR,ERR,ERR,ERR,ERR,ERR,ERR,ERR,ERR,ERR,ERR,ERR,ERR,ERR,ERR,ERR,ERR,ERR,ERR,ERR,ERR,ERR,ERR,ERR,ERR,ERR,ERR,ERR,ERR,ERR,ERR,ERR,ERR,ERR,ERR,ERR,ERR,ERR,ERR,ERR,ERR,ERR,ERR,ERR,ERR,ERR,ERR,ERR,ERR,ERR,ERR,ERR,ERR,ERR,ERR,ERR,ERR,ERR,ERR,ERR,ERR,ERR,ERR,ERR,ERR,ERR,ERR,ERR,ERR,ERR,ERR,ERR,ERR,ERR,ERR,ERR,ERR,ERR,ERR,ERR,ERR,ERR,ERR,ERR,ERR,ERR,ERR,ERR,ERR,ERR,ERR,ERR,ERR,0.0,-107615296.0,-134474944.0,0.0,0.0,1.3936040501711995e+18,7.805,0.0,0,0,4,0,8422,0.0,45,0.0,0.0,0.0,0.0,0.0,0,0,0,0,0.0,0,0,0,0,0,0,0,0,0,0,0,0,0,0,0,0,0,0,0,0,0,0,0,0,0,0,0,0,0,0,0,0,0,38,14,7,45,65476,0,300,0,0,8,21553,0.0,-107605600.0,0.0,0.0,0.0,0.0,0.0,0.0,0.0,0.0,0.0,0.0,0.0,0.0,0.0,0.0,0.0,0.0,0.0,0.0,0.0,0.0,0.0,0.0,-0.0,0.0,0.0,0.0,0.0,0.0,5046.0,0.0,0.0,0.0,-107615296.0,-107615280.0,2.718429300292151e+23,0.0,0.0,0.0,0.0,53,-0.0,0.0,0.0,0.0,0.0,0.0,0.0,0.0,0.0,0,0,0,0.0,0.0,0.0,0.0,0.0,0.0,0.0,0.0,0.0,0.0,0.0,0.0,0.0,0.0,0.0,0.0,0,-107875648.0,53,0.0,106,-107614832.0,0.0,ERR,ERR,ERR,ERR,ERR,ERR,ERR,ERR,ERR,ERR,ERR,ERR,ERR,ERR,ERR,ERR,ERR,ERR,ERR,ERR,ERR,ERR,ERR,ERR,ERR,ERR,ERR,ERR,ERR,ERR,ERR,ERR,ERR,ERR,ERR,ERR,ERR,ERR,ERR,ERR,ERR,ERR,ERR,ERR,ERR,ERR,ERR,ERR,ERR,ERR,ERR,ERR,ERR,ERR,ERR,ERR,ERR,ERR,ERR,ERR,ERR,ERR,ERR,ERR,ERR,ERR,ERR,50.0,60.0,100,0.0,0.0,0.0,0.0,0.0,0.0,0.0,0.0,0.0,0.0,0.0,0.0,0.0,0.0,0.0,0.0,61.6,74,13,65512,50,65476,0,300,0,0,8,20529,65476,0,0,26214,60.0,0.0,0.0,0.0,0.0,0.0
2026-05-17T18:20:25,ERR,ERR,ERR,ERR,ERR,ERR,ERR,ERR,ERR,ERR,ERR,ERR,ERR,ERR,ERR,ERR,ERR,ERR,ERR,ERR,ERR,ERR,ERR,ERR,ERR,ERR,ERR,ERR,ERR,ERR,ERR,ERR,ERR,ERR,ERR,ERR,ERR,ERR,ERR,ERR,ERR,ERR,ERR,ERR,ERR,ERR,ERR,ERR,ERR,ERR,ERR,ERR,ERR,ERR,ERR,ERR,ERR,ERR,ERR,ERR,ERR,ERR,ERR,ERR,ERR,ERR,ERR,ERR,ERR,ERR,ERR,ERR,ERR,ERR,ERR,ERR,ERR,ERR,ERR,ERR,ERR,ERR,ERR,ERR,ERR,ERR,ERR,ERR,ERR,ERR,ERR,ERR,ERR,ERR,ERR,ERR,ERR,ERR,ERR,ERR,ERR,ERR,ERR,ERR,ERR,ERR,ERR,ERR,ERR,ERR,ERR,ERR,ERR,ERR,ERR,ERR,ERR,ERR,ERR,ERR,ERR,ERR,ERR,ERR,ERR,0.0,-107615296.0,-134474944.0,0.0,0.0,1.3936040501711995e+18,7.805,0.0,0,0,4,0,8422,0.0,45,0.0,0.0,0.0,0.0,0.0,0,0,0,0,0.0,0,0,0,0,0,0,0,0,0,0,0,0,0,0,0,0,0,0,0,0,0,0,0,0,0,0,0,0,0,0,0,0,0,38,14,7,45,65476,0,300,0,0,8,21553,0.0,-107605600.0,0.0,0.0,0.0,0.0,0.0,0.0,0.0,0.0,0.0,0.0,0.0,0.0,0.0,0.0,0.0,0.0,0.0,0.0,0.0,0.0,0.0,0.0,-0.0,0.0,0.0,0.0,0.0,0.0,5046.0,0.0,0.0,0.0,-107615296.0,-107615280.0,2.718429300292151e+23,0.0,0.0,0.0,0.0,53,-0.0,0.0,0.0,0.0,0.0,0.0,0.0,0.0,0.0,0,0,0,0.0,0.0,0.0,0.0,0.0,0.0,0.0,0.0,0.0,0.0,0.0,0.0,0.0,0.0,0.0,0.0,0,-107875648.0,53,0.0,106,-107614832.0,0.0,ERR,ERR,ERR,ERR,ERR,ERR,ERR,ERR,ERR,ERR,ERR,ERR,ERR,ERR,ERR,ERR,ERR,ERR,ERR,ERR,ERR,ERR,ERR,ERR,ERR,ERR,ERR,ERR,ERR,ERR,ERR,ERR,ERR,ERR,ERR,ERR,ERR,ERR,ERR,ERR,ERR,ERR,ERR,ERR,ERR,ERR,ERR,ERR,ERR,ERR,ERR,ERR,ERR,ERR,ERR,ERR,ERR,ERR,ERR,ERR,ERR,ERR,ERR,ERR,ERR,ERR,ERR,50.0,60.0,100,0.0,0.0,0.0,0.0,0.0,0.0,0.0,0.0,0.0,0.0,0.0,0.0,0.0,0.0,0.0,0.0,61.6,74,13,65512,50,65476,0,300,0,0,8,20529,65476,0,0,26214,60.0,0.0,0.0,0.0,0.0,0.0
2026-05-17T18:20:26,ERR,ERR,ERR,ERR,ERR,ERR,ERR,ERR,ERR,ERR,ERR,ERR,ERR,ERR,ERR,ERR,ERR,ERR,ERR,ERR,ERR,ERR,ERR,ERR,ERR,ERR,ERR,ERR,ERR,ERR,ERR,ERR,ERR,ERR,ERR,ERR,ERR,ERR,ERR,ERR,ERR,ERR,ERR,ERR,ERR,ERR,ERR,ERR,ERR,ERR,ERR,ERR,ERR,ERR,ERR,ERR,ERR,ERR,ERR,ERR,ERR,ERR,ERR,ERR,ERR,ERR,ERR,ERR,ERR,ERR,ERR,ERR,ERR,ERR,ERR,ERR,ERR,ERR,ERR,ERR,ERR,ERR,ERR,ERR,ERR,ERR,ERR,ERR,ERR,ERR,ERR,ERR,ERR,ERR,ERR,ERR,ERR,ERR,ERR,ERR,ERR,ERR,ERR,ERR,ERR,ERR,ERR,ERR,ERR,ERR,ERR,ERR,ERR,ERR,ERR,ERR,ERR,ERR,ERR,ERR,ERR,ERR,ERR,ERR,ERR,0.0,-107615296.0,-134474944.0,0.0,0.0,1.3936040501711995e+18,7.805,0.0,0,0,4,0,8422,0.0,45,0.0,0.0,0.0,0.0,0.0,0,0,0,0,0.0,0,0,0,0,0,0,0,0,0,0,0,0,0,0,0,0,0,0,0,0,0,0,0,0,0,0,0,0,0,0,0,0,0,38,14,7,45,65476,0,300,0,0,8,21553,0.0,-107605600.0,0.0,0.0,0.0,0.0,0.0,0.0,0.0,0.0,0.0,0.0,0.0,0.0,0.0,0.0,0.0,0.0,0.0,0.0,0.0,0.0,0.0,0.0,-0.0,0.0,0.0,0.0,0.0,0.0,5046.0,0.0,0.0,0.0,-107615296.0,-107615280.0,2.718429300292151e+23,0.0,0.0,0.0,0.0,53,-0.0,0.0,0.0,0.0,0.0,0.0,0.0,0.0,0.0,0,0,0,0.0,0.0,0.0,0.0,0.0,0.0,0.0,0.0,0.0,0.0,0.0,0.0,0.0,0.0,0.0,0.0,0,-107875648.0,53,0.0,106,-107614832.0,0.0,ERR,ERR,ERR,ERR,ERR,ERR,ERR,ERR,ERR,ERR,ERR,ERR,ERR,ERR,ERR,ERR,ERR,ERR,ERR,ERR,ERR,ERR,ERR,ERR,ERR,ERR,ERR,ERR,ERR,ERR,ERR,ERR,ERR,ERR,ERR,ERR,ERR,ERR,ERR,ERR,ERR,ERR,ERR,ERR,ERR,ERR,ERR,ERR,ERR,ERR,ERR,ERR,ERR,ERR,ERR,ERR,ERR,ERR,ERR,ERR,ERR,ERR,ERR,ERR,ERR,ERR,ERR,50.0,60.0,100,0.0,0.0,0.0,0.0,0.0,0.0,0.0,0.0,0.0,0.0,0.0,0.0,0.0,0.0,0.0,0.0,61.6,74,13,65512,50,65476,0,300,0,0,8,20529,65476,0,0,26214,60.0,0.0,0.0,0.0,0.0,0.0
2026-05-17T18:20:27,ERR,ERR,ERR,ERR,ERR,ERR,ERR,ERR,ERR,ERR,ERR,ERR,ERR,ERR,ERR,ERR,ERR,ERR,ERR,ERR,ERR,ERR,ERR,ERR,ERR,ERR,ERR,ERR,ERR,ERR,ERR,ERR,ERR,ERR,ERR,ERR,ERR,ERR,ERR,ERR,ERR,ERR,ERR,ERR,ERR,ERR,ERR,ERR,ERR,ERR,ERR,ERR,ERR,ERR,ERR,ERR,ERR,ERR,ERR,ERR,ERR,ERR,ERR,ERR,ERR,ERR,ERR,ERR,ERR,ERR,ERR,ERR,ERR,ERR,ERR,ERR,ERR,ERR,ERR,ERR,ERR,ERR,ERR,ERR,ERR,ERR,ERR,ERR,ERR,ERR,ERR,ERR,ERR,ERR,ERR,ERR,ERR,ERR,ERR,ERR,ERR,ERR,ERR,ERR,ERR,ERR,ERR,ERR,ERR,ERR,ERR,ERR,ERR,ERR,ERR,ERR,ERR,ERR,ERR,ERR,ERR,ERR,ERR,ERR,ERR,0.0,-107615296.0,-134474944.0,0.0,0.0,1.3936040501711995e+18,7.805,0.0,0,0,4,0,8422,0.0,45,0.0,0.0,0.0,0.0,0.0,0,0,0,0,0.0,0,0,0,0,0,0,0,0,0,0,0,0,0,0,0,0,0,0,0,0,0,0,0,0,0,0,0,0,0,0,0,0,0,38,14,7,45,65476,0,300,0,0,8,21553,0.0,-107605600.0,0.0,0.0,0.0,0.0,0.0,0.0,0.0,0.0,0.0,0.0,0.0,0.0,0.0,0.0,0.0,0.0,0.0,0.0,0.0,0.0,0.0,0.0,-0.0,0.0,0.0,0.0,0.0,0.0,5044.0,0.0,0.0,0.0,-107615296.0,-107615280.0,2.718429300292151e+23,0.0,0.0,0.0,0.0,53,5.848083413016271e+35,0.0,0.0,0.0,0.0,0.0,0.0,0.0,0.0,0,0,0,0.0,0.0,0.0,0.0,0.0,0.0,0.0,0.0,0.0,0.0,0.0,0.0,0.0,0.0,0.0,0.0,0,-107875648.0,53,0.0,106,-107614832.0,0.0,ERR,ERR,ERR,ERR,ERR,ERR,ERR,ERR,ERR,ERR,ERR,ERR,ERR,ERR,ERR,ERR,ERR,ERR,ERR,ERR,ERR,ERR,ERR,ERR,ERR,ERR,ERR,ERR,ERR,ERR,ERR,ERR,ERR,ERR,ERR,ERR,ERR,ERR,ERR,ERR,ERR,ERR,ERR,ERR,ERR,ERR,ERR,ERR,ERR,ERR,ERR,ERR,ERR,ERR,ERR,ERR,ERR,ERR,ERR,ERR,ERR,ERR,ERR,ERR,ERR,ERR,ERR,50.0,60.0,100,0.0,0.0,0.0,0.0,0.0,0.0,0.0,0.0,0.0,0.0,0.0,0.0,0.0,0.0,0.0,0.0,61.6,74,13,65512,50,65476,0,300,0,0,8,20529,65476,0,0,26214,60.0,0.0,0.0,0.0,0.0,0.0
2026-05-17T18:20:28,ERR,ERR,ERR,ERR,ERR,ERR,ERR,ERR,ERR,ERR,ERR,ERR,ERR,ERR,ERR,ERR,ERR,ERR,ERR,ERR,ERR,ERR,ERR,ERR,ERR,ERR,ERR,ERR,ERR,ERR,ERR,ERR,ERR,ERR,ERR,ERR,ERR,ERR,ERR,ERR,ERR,ERR,ERR,ERR,ERR,ERR,ERR,ERR,ERR,ERR,ERR,ERR,ERR,ERR,ERR,ERR,ERR,ERR,ERR,ERR,ERR,ERR,ERR,ERR,ERR,ERR,ERR,ERR,ERR,ERR,ERR,ERR,ERR,ERR,ERR,ERR,ERR,ERR,ERR,ERR,ERR,ERR,ERR,ERR,ERR,ERR,ERR,ERR,ERR,ERR,ERR,ERR,ERR,ERR,ERR,ERR,ERR,ERR,ERR,ERR,ERR,ERR,ERR,ERR,ERR,ERR,ERR,ERR,ERR,ERR,ERR,ERR,ERR,ERR,ERR,ERR,ERR,ERR,ERR,ERR,ERR,ERR,ERR,ERR,ERR,0.0,-107615296.0,-134474944.0,0.0,0.0,1.3936040501711995e+18,7.805,0.0,0,0,4,0,8422,0.0,45,0.0,0.0,0.0,0.0,0.0,0,0,0,0,0.0,0,0,0,0,0,0,0,0,0,0,0,0,0,0,0,0,0,0,0,0,0,0,0,0,0,0,0,0,0,0,0,0,0,38,14,7,45,65476,0,300,0,0,8,21553,0.0,-107605600.0,0.0,0.0,0.0,0.0,0.0,0.0,0.0,0.0,0.0,0.0,0.0,0.0,0.0,0.0,0.0,0.0,0.0,0.0,0.0,0.0,0.0,0.0,-0.0,0.0,0.0,0.0,0.0,0.0,5044.0,0.0,0.0,0.0,-107615296.0,-107615280.0,2.718429300292151e+23,0.0,0.0,0.0,0.0,53,5.848083413016271e+35,0.0,0.0,0.0,0.0,0.0,0.0,0.0,0.0,0,0,0,0.0,0.0,0.0,0.0,0.0,0.0,0.0,0.0,0.0,0.0,0.0,0.0,0.0,0.0,0.0,0.0,0,-107875648.0,53,0.0,106,-107614832.0,0.0,ERR,ERR,ERR,ERR,ERR,ERR,ERR,ERR,ERR,ERR,ERR,ERR,ERR,ERR,ERR,ERR,ERR,ERR,ERR,ERR,ERR,ERR,ERR,ERR,ERR,ERR,ERR,ERR,ERR,ERR,ERR,ERR,ERR,ERR,ERR,ERR,ERR,ERR,ERR,ERR,ERR,ERR,ERR,ERR,ERR,ERR,ERR,ERR,ERR,ERR,ERR,ERR,ERR,ERR,ERR,ERR,ERR,ERR,ERR,ERR,ERR,ERR,ERR,ERR,ERR,ERR,ERR,50.0,60.0,100,0.0,0.0,0.0,0.0,0.0,0.0,0.0,0.0,0.0,0.0,0.0,0.0,0.0,0.0,0.0,0.0,61.6,74,13,65512,50,65476,0,300,0,0,8,20529,65476,0,0,26214,60.0,0.0,0.0,0.0,0.0,0.0
2026-05-17T18:20:29,ERR,ERR,ERR,ERR,ERR,ERR,ERR,ERR,ERR,ERR,ERR,ERR,ERR,ERR,ERR,ERR,ERR,ERR,ERR,ERR,ERR,ERR,ERR,ERR,ERR,ERR,ERR,ERR,ERR,ERR,ERR,ERR,ERR,ERR,ERR,ERR,ERR,ERR,ERR,ERR,ERR,ERR,ERR,ERR,ERR,ERR,ERR,ERR,ERR,ERR,ERR,ERR,ERR,ERR,ERR,ERR,ERR,ERR,ERR,ERR,ERR,ERR,ERR,ERR,ERR,ERR,ERR,ERR,ERR,ERR,ERR,ERR,ERR,ERR,ERR,ERR,ERR,ERR,ERR,ERR,ERR,ERR,ERR,ERR,ERR,ERR,ERR,ERR,ERR,ERR,ERR,ERR,ERR,ERR,ERR,ERR,ERR,ERR,ERR,ERR,ERR,ERR,ERR,ERR,ERR,ERR,ERR,ERR,ERR,ERR,ERR,ERR,ERR,ERR,ERR,ERR,ERR,ERR,ERR,ERR,ERR,ERR,ERR,ERR,ERR,0.0,-107615296.0,-134474944.0,0.0,0.0,1.3936040501711995e+18,7.805,0.0,0,0,4,0,8422,0.0,45,0.0,0.0,0.0,0.0,0.0,0,0,0,0,0.0,0,0,0,0,0,0,0,0,0,0,0,0,0,0,0,0,0,0,0,0,0,0,0,0,0,0,0,0,0,0,0,0,0,38,14,7,45,65476,0,300,0,0,8,21553,0.0,-107605600.0,0.0,0.0,0.0,0.0,0.0,0.0,0.0,0.0,0.0,0.0,0.0,0.0,0.0,0.0,0.0,0.0,0.0,0.0,0.0,0.0,0.0,0.0,-0.0,0.0,0.0,0.0,0.0,0.0,5044.0,0.0,0.0,0.0,-107615296.0,-107615280.0,2.718429300292151e+23,0.0,0.0,0.0,0.0,53,5.848083413016271e+35,0.0,0.0,0.0,0.0,0.0,0.0,0.0,0.0,0,0,0,0.0,0.0,0.0,0.0,0.0,0.0,0.0,0.0,0.0,0.0,0.0,0.0,0.0,0.0,0.0,0.0,0,-107875648.0,53,0.0,106,-107614832.0,0.0,ERR,ERR,ERR,ERR,ERR,ERR,ERR,ERR,ERR,ERR,ERR,ERR,ERR,ERR,ERR,ERR,ERR,ERR,ERR,ERR,ERR,ERR,ERR,ERR,ERR,ERR,ERR,ERR,ERR,ERR,ERR,ERR,ERR,ERR,ERR,ERR,ERR,ERR,ERR,ERR,ERR,ERR,ERR,ERR,ERR,ERR,ERR,ERR,ERR,ERR,ERR,ERR,ERR,ERR,ERR,ERR,ERR,ERR,ERR,ERR,ERR,ERR,ERR,ERR,ERR,ERR,ERR,50.0,60.0,100,0.0,0.0,0.0,0.0,0.0,0.0,0.0,0.0,0.0,0.0,0.0,0.0,0.0,0.0,0.0,0.0,61.6,74,13,65512,50,65476,0,300,0,0,8,20529,65476,0,0,26214,60.0,0.0,0.0,0.0,0.0,0.0
2026-05-17T18:20:30,ERR,ERR,ERR,ERR,ERR,ERR,ERR,ERR,ERR,ERR,ERR,ERR,ERR,ERR,ERR,ERR,ERR,ERR,ERR,ERR,ERR,ERR,ERR,ERR,ERR,ERR,ERR,ERR,ERR,ERR,ERR,ERR,ERR,ERR,ERR,ERR,ERR,ERR,ERR,ERR,ERR,ERR,ERR,ERR,ERR,ERR,ERR,ERR,ERR,ERR,ERR,ERR,ERR,ERR,ERR,ERR,ERR,ERR,ERR,ERR,ERR,ERR,ERR,ERR,ERR,ERR,ERR,ERR,ERR,ERR,ERR,ERR,ERR,ERR,ERR,ERR,ERR,ERR,ERR,ERR,ERR,ERR,ERR,ERR,ERR,ERR,ERR,ERR,ERR,ERR,ERR,ERR,ERR,ERR,ERR,ERR,ERR,ERR,ERR,ERR,ERR,ERR,ERR,ERR,ERR,ERR,ERR,ERR,ERR,ERR,ERR,ERR,ERR,ERR,ERR,ERR,ERR,ERR,ERR,ERR,ERR,ERR,ERR,ERR,ERR,0.0,-107615296.0,-134474944.0,0.0,0.0,1.3936040501711995e+18,7.805,0.0,0,0,4,0,8422,0.0,45,0.0,0.0,0.0,0.0,0.0,0,0,0,0,0.0,0,0,0,0,0,0,0,0,0,0,0,0,0,0,0,0,0,0,0,0,0,0,0,0,0,0,0,0,0,0,0,0,0,38,14,7,45,65476,0,300,0,0,8,21553,0.0,-107605600.0,0.0,0.0,0.0,0.0,0.0,0.0,0.0,0.0,0.0,0.0,0.0,0.0,0.0,0.0,0.0,0.0,0.0,0.0,0.0,0.0,0.0,0.0,-0.0,0.0,0.0,0.0,0.0,0.0,5044.0,0.0,0.0,0.0,-107615296.0,-107615280.0,2.718429300292151e+23,0.0,0.0,0.0,0.0,53,5.848083413016271e+35,0.0,0.0,0.0,0.0,0.0,0.0,0.0,0.0,0,0,0,0.0,0.0,0.0,0.0,0.0,0.0,0.0,0.0,0.0,0.0,0.0,0.0,0.0,0.0,0.0,0.0,0,-107875648.0,53,0.0,106,-107614832.0,0.0,ERR,ERR,ERR,ERR,ERR,ERR,ERR,ERR,ERR,ERR,ERR,ERR,ERR,ERR,ERR,ERR,ERR,ERR,ERR,ERR,ERR,ERR,ERR,ERR,ERR,ERR,ERR,ERR,ERR,ERR,ERR,ERR,ERR,ERR,ERR,ERR,ERR,ERR,ERR,ERR,ERR,ERR,ERR,ERR,ERR,ERR,ERR,ERR,ERR,ERR,ERR,ERR,ERR,ERR,ERR,ERR,ERR,ERR,ERR,ERR,ERR,ERR,ERR,ERR,ERR,ERR,ERR,50.0,60.0,100,0.0,0.0,0.0,0.0,0.0,0.0,0.0,0.0,0.0,0.0,0.0,0.0,0.0,0.0,0.0,0.0,61.6,74,13,65512,50,65476,0,300,0,0,8,20529,65476,0,0,26214,60.0,0.0,0.0,0.0,0.0,0.0
2026-05-17T18:20:31,ERR,ERR,ERR,ERR,ERR,ERR,ERR,ERR,ERR,ERR,ERR,ERR,ERR,ERR,ERR,ERR,ERR,ERR,ERR,ERR,ERR,ERR,ERR,ERR,ERR,ERR,ERR,ERR,ERR,ERR,ERR,ERR,ERR,ERR,ERR,ERR,ERR,ERR,ERR,ERR,ERR,ERR,ERR,ERR,ERR,ERR,ERR,ERR,ERR,ERR,ERR,ERR,ERR,ERR,ERR,ERR,ERR,ERR,ERR,ERR,ERR,ERR,ERR,ERR,ERR,ERR,ERR,ERR,ERR,ERR,ERR,ERR,ERR,ERR,ERR,ERR,ERR,ERR,ERR,ERR,ERR,ERR,ERR,ERR,ERR,ERR,ERR,ERR,ERR,ERR,ERR,ERR,ERR,ERR,ERR,ERR,ERR,ERR,ERR,ERR,ERR,ERR,ERR,ERR,ERR,ERR,ERR,ERR,ERR,ERR,ERR,ERR,ERR,ERR,ERR,ERR,ERR,ERR,ERR,ERR,ERR,ERR,ERR,ERR,ERR,0.0,-107615296.0,-134474944.0,0.0,0.0,1.3936040501711995e+18,7.805,0.0,0,0,4,0,8422,0.0,45,0.0,0.0,0.0,0.0,0.0,0,0,0,0,0.0,0,0,0,0,0,0,0,0,0,0,0,0,0,0,0,0,0,0,0,0,0,0,0,0,0,0,0,0,0,0,0,0,0,38,14,7,45,65476,0,300,0,0,8,21553,0.0,-107605600.0,0.0,0.0,0.0,0.0,0.0,0.0,0.0,0.0,0.0,0.0,0.0,0.0,0.0,0.0,0.0,0.0,0.0,0.0,0.0,0.0,0.0,0.0,-0.0,0.0,0.0,0.0,0.0,0.0,5044.0,0.0,0.0,0.0,-107615296.0,-107615280.0,2.718429300292151e+23,0.0,0.0,0.0,0.0,53,5.848083413016271e+35,0.0,0.0,0.0,0.0,0.0,0.0,0.0,0.0,0,0,0,0.0,0.0,0.0,0.0,0.0,0.0,0.0,0.0,0.0,0.0,0.0,0.0,0.0,0.0,0.0,0.0,0,-107875648.0,53,0.0,106,-107614832.0,0.0,ERR,ERR,ERR,ERR,ERR,ERR,ERR,ERR,ERR,ERR,ERR,ERR,ERR,ERR,ERR,ERR,ERR,ERR,ERR,ERR,ERR,ERR,ERR,ERR,ERR,ERR,ERR,ERR,ERR,ERR,ERR,ERR,ERR,ERR,ERR,ERR,ERR,ERR,ERR,ERR,ERR,ERR,ERR,ERR,ERR,ERR,ERR,ERR,ERR,ERR,ERR,ERR,ERR,ERR,ERR,ERR,ERR,ERR,ERR,ERR,ERR,ERR,ERR,ERR,ERR,ERR,ERR,50.0,60.0,100,0.0,0.0,0.0,0.0,0.0,0.0,0.0,0.0,0.0,0.0,0.0,0.0,0.0,0.0,0.0,0.0,61.6,74,13,65512,50,65476,0,300,0,0,8,20529,65476,0,0,26214,60.0,0.0,0.0,0.0,0.0,0.0
2026-05-17T18:20:32,ERR,ERR,ERR,ERR,ERR,ERR,ERR,ERR,ERR,ERR,ERR,ERR,ERR,ERR,ERR,ERR,ERR,ERR,ERR,ERR,ERR,ERR,ERR,ERR,ERR,ERR,ERR,ERR,ERR,ERR,ERR,ERR,ERR,ERR,ERR,ERR,ERR,ERR,ERR,ERR,ERR,ERR,ERR,ERR,ERR,ERR,ERR,ERR,ERR,ERR,ERR,ERR,ERR,ERR,ERR,ERR,ERR,ERR,ERR,ERR,ERR,ERR,ERR,ERR,ERR,ERR,ERR,ERR,ERR,ERR,ERR,ERR,ERR,ERR,ERR,ERR,ERR,ERR,ERR,ERR,ERR,ERR,ERR,ERR,ERR,ERR,ERR,ERR,ERR,ERR,ERR,ERR,ERR,ERR,ERR,ERR,ERR,ERR,ERR,ERR,ERR,ERR,ERR,ERR,ERR,ERR,ERR,ERR,ERR,ERR,ERR,ERR,ERR,ERR,ERR,ERR,ERR,ERR,ERR,ERR,ERR,ERR,ERR,ERR,ERR,0.0,-107615296.0,-134474944.0,0.0,0.0,1.3936040501711995e+18,7.805,0.0,0,0,4,0,8422,0.0,45,0.0,0.0,0.0,0.0,0.0,0,0,0,0,0.0,0,0,0,0,0,0,0,0,0,0,0,0,0,0,0,0,0,0,0,0,0,0,0,0,0,0,0,0,0,0,0,0,0,38,14,7,45,65476,0,300,0,0,8,21553,0.0,-107605600.0,0.0,0.0,0.0,0.0,0.0,0.0,0.0,0.0,0.0,0.0,0.0,0.0,0.0,0.0,0.0,0.0,0.0,0.0,0.0,0.0,0.0,0.0,-0.0,0.0,0.0,0.0,0.0,0.0,5044.0,2.004,0.0,0.0,-107615296.0,-107615280.0,2.718429300292151e+23,0.0,0.0,0.0,0.0,53,5.848083413016271e+35,89220.57,0.0,0.0,0.0,0.0,0.0,0.0,0.0,0,0,0,0.0,0.0,0.0,0.0,0.0,0.0,0.0,0.0,0.0,0.0,0.0,0.0,0.0,0.0,0.0,0.0,0,-107875648.0,53,0.0,106,-107614832.0,0.0,ERR,ERR,ERR,ERR,ERR,ERR,ERR,ERR,ERR,ERR,ERR,ERR,ERR,ERR,ERR,ERR,ERR,ERR,ERR,ERR,ERR,ERR,ERR,ERR,ERR,ERR,ERR,ERR,ERR,ERR,ERR,ERR,ERR,ERR,ERR,ERR,ERR,ERR,ERR,ERR,ERR,ERR,ERR,ERR,ERR,ERR,ERR,ERR,ERR,ERR,ERR,ERR,ERR,ERR,ERR,ERR,ERR,ERR,ERR,ERR,ERR,ERR,ERR,ERR,ERR,ERR,ERR,50.0,60.0,100,0.0,0.0,0.0,0.0,0.0,0.0,0.0,0.0,0.0,0.0,0.0,0.0,0.0,0.0,0.0,0.0,61.6,74,13,65512,50,65476,0,300,0,0,8,20529,65476,0,0,26214,60.0,0.0,0.0,0.0,0.0,0.0
2026-05-17T18:20:33,ERR,ERR,ERR,ERR,ERR,ERR,ERR,ERR,ERR,ERR,ERR,ERR,ERR,ERR,ERR,ERR,ERR,ERR,ERR,ERR,ERR,ERR,ERR,ERR,ERR,ERR,ERR,ERR,ERR,ERR,ERR,ERR,ERR,ERR,ERR,ERR,ERR,ERR,ERR,ERR,ERR,ERR,ERR,ERR,ERR,ERR,ERR,ERR,ERR,ERR,ERR,ERR,ERR,ERR,ERR,ERR,ERR,ERR,ERR,ERR,ERR,ERR,ERR,ERR,ERR,ERR,ERR,ERR,ERR,ERR,ERR,ERR,ERR,ERR,ERR,ERR,ERR,ERR,ERR,ERR,ERR,ERR,ERR,ERR,ERR,ERR,ERR,ERR,ERR,ERR,ERR,ERR,ERR,ERR,ERR,ERR,ERR,ERR,ERR,ERR,ERR,ERR,ERR,ERR,ERR,ERR,ERR,ERR,ERR,ERR,ERR,ERR,ERR,ERR,ERR,ERR,ERR,ERR,ERR,ERR,ERR,ERR,ERR,ERR,ERR,0.0,-107615296.0,-134474944.0,0.0,0.0,1.3936040501711995e+18,7.805,0.0,0,0,4,0,8422,0.0,45,0.0,0.0,0.0,0.0,0.0,0,0,0,0,0.0,0,0,0,0,0,0,0,0,0,0,0,0,0,0,0,0,0,0,0,0,0,0,0,0,0,0,0,0,0,0,0,0,0,38,14,7,45,65476,0,300,0,0,8,21553,0.0,-107605600.0,0.0,0.0,0.0,0.0,0.0,0.0,0.0,0.0,0.0,0.0,0.0,0.0,0.0,0.0,0.0,0.0,0.0,0.0,0.0,0.0,0.0,0.0,-0.0,0.0,0.0,0.0,0.0,0.0,5044.0,2.004,0.0,0.0,-107615296.0,-107615280.0,2.718429300292151e+23,0.0,0.0,0.0,0.0,53,5.848083413016271e+35,89220.57,0.0,0.0,0.0,0.0,0.0,0.0,0.0,0,0,0,0.0,0.0,0.0,0.0,0.0,0.0,0.0,0.0,0.0,0.0,0.0,0.0,0.0,0.0,0.0,0.0,0,-107875648.0,53,0.0,106,-107614832.0,0.0,ERR,ERR,ERR,ERR,ERR,ERR,ERR,ERR,ERR,ERR,ERR,ERR,ERR,ERR,ERR,ERR,ERR,ERR,ERR,ERR,ERR,ERR,ERR,ERR,ERR,ERR,ERR,ERR,ERR,ERR,ERR,ERR,ERR,ERR,ERR,ERR,ERR,ERR,ERR,ERR,ERR,ERR,ERR,ERR,ERR,ERR,ERR,ERR,ERR,ERR,ERR,ERR,ERR,ERR,ERR,ERR,ERR,ERR,ERR,ERR,ERR,ERR,ERR,ERR,ERR,ERR,ERR,50.0,60.0,100,0.0,0.0,0.0,0.0,0.0,0.0,0.0,0.0,0.0,0.0,0.0,0.0,0.0,0.0,0.0,0.0,61.6,74,13,65512,50,65476,0,300,0,0,8,20529,65476,0,0,26214,60.0,0.0,0.0,0.0,0.0,0.0
2026-05-17T18:20:34,ERR,ERR,ERR,ERR,ERR,ERR,ERR,ERR,ERR,ERR,ERR,ERR,ERR,ERR,ERR,ERR,ERR,ERR,ERR,ERR,ERR,ERR,ERR,ERR,ERR,ERR,ERR,ERR,ERR,ERR,ERR,ERR,ERR,ERR,ERR,ERR,ERR,ERR,ERR,ERR,ERR,ERR,ERR,ERR,ERR,ERR,ERR,ERR,ERR,ERR,ERR,ERR,ERR,ERR,ERR,ERR,ERR,ERR,ERR,ERR,ERR,ERR,ERR,ERR,ERR,ERR,ERR,ERR,ERR,ERR,ERR,ERR,ERR,ERR,ERR,ERR,ERR,ERR,ERR,ERR,ERR,ERR,ERR,ERR,ERR,ERR,ERR,ERR,ERR,ERR,ERR,ERR,ERR,ERR,ERR,ERR,ERR,ERR,ERR,ERR,ERR,ERR,ERR,ERR,ERR,ERR,ERR,ERR,ERR,ERR,ERR,ERR,ERR,ERR,ERR,ERR,ERR,ERR,ERR,ERR,ERR,ERR,ERR,ERR,ERR,0.0,-107615296.0,-134474944.0,0.0,0.0,1.3936040501711995e+18,7.805,0.0,0,0,4,0,8422,0.0,45,0.0,0.0,0.0,0.0,0.0,0,0,0,0,0.0,0,0,0,0,0,0,0,0,0,0,0,0,0,0,0,0,0,0,0,0,0,0,0,0,0,0,0,0,0,0,0,0,0,38,14,7,45,65476,0,300,0,0,8,21553,0.0,-107605600.0,0.0,0.0,0.0,0.0,0.0,0.0,0.0,0.0,0.0,0.0,0.0,0.0,0.0,0.0,0.0,0.0,0.0,0.0,0.0,0.0,0.0,0.0,-0.0,0.0,0.0,0.0,0.0,0.0,5044.0,2.004,0.0,0.0,-107615296.0,-107615280.0,2.718429300292151e+23,0.0,0.0,0.0,0.0,53,5.848083413016271e+35,89220.57,0.0,0.0,0.0,0.0,0.0,0.0,0.0,0,0,0,0.0,0.0,0.0,0.0,0.0,0.0,0.0,0.0,0.0,0.0,0.0,0.0,0.0,0.0,0.0,0.0,0,-107875648.0,53,0.0,106,-107614832.0,0.0,ERR,ERR,ERR,ERR,ERR,ERR,ERR,ERR,ERR,ERR,ERR,ERR,ERR,ERR,ERR,ERR,ERR,ERR,ERR,ERR,ERR,ERR,ERR,ERR,ERR,ERR,ERR,ERR,ERR,ERR,ERR,ERR,ERR,ERR,ERR,ERR,ERR,ERR,ERR,ERR,ERR,ERR,ERR,ERR,ERR,ERR,ERR,ERR,ERR,ERR,ERR,ERR,ERR,ERR,ERR,ERR,ERR,ERR,ERR,ERR,ERR,ERR,ERR,ERR,ERR,ERR,ERR,50.0,60.0,100,0.0,0.0,0.0,0.0,0.0,0.0,0.0,0.0,0.0,0.0,0.0,0.0,0.0,0.0,0.0,0.0,61.6,74,13,65512,50,65476,0,300,0,0,8,20529,65476,0,0,26214,60.0,0.0,0.0,0.0,0.0,0.0
2026-05-17T18:20:35,ERR,ERR,ERR,ERR,ERR,ERR,ERR,ERR,ERR,ERR,ERR,ERR,ERR,ERR,ERR,ERR,ERR,ERR,ERR,ERR,ERR,ERR,ERR,ERR,ERR,ERR,ERR,ERR,ERR,ERR,ERR,ERR,ERR,ERR,ERR,ERR,ERR,ERR,ERR,ERR,ERR,ERR,ERR,ERR,ERR,ERR,ERR,ERR,ERR,ERR,ERR,ERR,ERR,ERR,ERR,ERR,ERR,ERR,ERR,ERR,ERR,ERR,ERR,ERR,ERR,ERR,ERR,ERR,ERR,ERR,ERR,ERR,ERR,ERR,ERR,ERR,ERR,ERR,ERR,ERR,ERR,ERR,ERR,ERR,ERR,ERR,ERR,ERR,ERR,ERR,ERR,ERR,ERR,ERR,ERR,ERR,ERR,ERR,ERR,ERR,ERR,ERR,ERR,ERR,ERR,ERR,ERR,ERR,ERR,ERR,ERR,ERR,ERR,ERR,ERR,ERR,ERR,ERR,ERR,ERR,ERR,ERR,ERR,ERR,ERR,0.0,-107615296.0,-134474944.0,0.0,0.0,1.3936040501711995e+18,7.805,0.0,0,0,4,0,8422,0.0,45,0.0,0.0,0.0,0.0,0.0,0,0,0,0,0.0,0,0,0,0,0,0,0,0,0,0,0,0,0,0,0,0,0,0,0,0,0,0,0,0,0,0,0,0,0,0,0,0,0,38,14,7,45,65476,0,300,0,0,8,21553,0.0,-107605600.0,0.0,0.0,0.0,0.0,0.0,0.0,0.0,0.0,0.0,0.0,0.0,0.0,0.0,0.0,0.0,0.0,0.0,0.0,0.0,0.0,0.0,0.0,-0.0,0.0,0.0,0.0,0.0,0.0,5044.0,2.004,0.0,0.0,-107615296.0,-107615280.0,2.718429300292151e+23,0.0,0.0,0.0,0.0,53,5.848083413016271e+35,89220.57,0.0,0.0,0.0,0.0,0.0,0.0,0.0,0,0,0,0.0,0.0,0.0,0.0,0.0,0.0,0.0,0.0,0.0,0.0,0.0,0.0,0.0,0.0,0.0,0.0,0,-107875648.0,53,0.0,106,-107614832.0,0.0,ERR,ERR,ERR,ERR,ERR,ERR,ERR,ERR,ERR,ERR,ERR,ERR,ERR,ERR,ERR,ERR,ERR,ERR,ERR,ERR,ERR,ERR,ERR,ERR,ERR,ERR,ERR,ERR,ERR,ERR,ERR,ERR,ERR,ERR,ERR,ERR,ERR,ERR,ERR,ERR,ERR,ERR,ERR,ERR,ERR,ERR,ERR,ERR,ERR,ERR,ERR,ERR,ERR,ERR,ERR,ERR,ERR,ERR,ERR,ERR,ERR,ERR,ERR,ERR,ERR,ERR,ERR,50.0,60.0,100,0.0,0.0,0.0,0.0,0.0,0.0,0.0,0.0,0.0,0.0,0.0,0.0,0.0,0.0,0.0,0.0,61.6,74,13,65512,50,65476,0,300,0,0,8,20529,65476,0,0,26214,60.0,0.0,0.0,0.0,0.0,0.0
2026-05-17T18:20:36,ERR,ERR,ERR,ERR,ERR,ERR,ERR,ERR,ERR,ERR,ERR,ERR,ERR,ERR,ERR,ERR,ERR,ERR,ERR,ERR,ERR,ERR,ERR,ERR,ERR,ERR,ERR,ERR,ERR,ERR,ERR,ERR,ERR,ERR,ERR,ERR,ERR,ERR,ERR,ERR,ERR,ERR,ERR,ERR,ERR,ERR,ERR,ERR,ERR,ERR,ERR,ERR,ERR,ERR,ERR,ERR,ERR,ERR,ERR,ERR,ERR,ERR,ERR,ERR,ERR,ERR,ERR,ERR,ERR,ERR,ERR,ERR,ERR,ERR,ERR,ERR,ERR,ERR,ERR,ERR,ERR,ERR,ERR,ERR,ERR,ERR,ERR,ERR,ERR,ERR,ERR,ERR,ERR,ERR,ERR,ERR,ERR,ERR,ERR,ERR,ERR,ERR,ERR,ERR,ERR,ERR,ERR,ERR,ERR,ERR,ERR,ERR,ERR,ERR,ERR,ERR,ERR,ERR,ERR,ERR,ERR,ERR,ERR,ERR,ERR,0.0,-107615296.0,-134474944.0,0.0,0.0,1.3936040501711995e+18,7.805,0.0,0,0,4,0,8422,0.0,45,0.0,0.0,0.0,0.0,0.0,0,0,0,0,0.0,0,0,0,0,0,0,0,0,0,0,0,0,0,0,0,0,0,0,0,0,0,0,0,0,0,0,0,0,0,0,0,0,0,38,14,7,45,65476,0,300,0,0,8,21553,0.0,-107605600.0,0.0,0.0,0.0,0.0,0.0,0.0,0.0,0.0,0.0,0.0,0.0,0.0,0.0,0.0,0.0,0.0,0.0,0.0,0.0,0.0,0.0,0.0,-0.0,0.0,0.0,0.0,0.0,0.0,5044.0,2.004,0.0,0.0,-107615296.0,-107615280.0,2.718429300292151e+23,0.0,0.0,0.0,0.0,53,5.848083413016271e+35,89220.57,0.0,0.0,0.0,0.0,0.0,0.0,0.0,0,0,0,0.0,0.0,0.0,0.0,0.0,0.0,0.0,0.0,0.0,0.0,0.0,0.0,0.0,0.0,0.0,0.0,0,-107875648.0,53,0.0,106,-107614832.0,0.0,ERR,ERR,ERR,ERR,ERR,ERR,ERR,ERR,ERR,ERR,ERR,ERR,ERR,ERR,ERR,ERR,ERR,ERR,ERR,ERR,ERR,ERR,ERR,ERR,ERR,ERR,ERR,ERR,ERR,ERR,ERR,ERR,ERR,ERR,ERR,ERR,ERR,ERR,ERR,ERR,ERR,ERR,ERR,ERR,ERR,ERR,ERR,ERR,ERR,ERR,ERR,ERR,ERR,ERR,ERR,ERR,ERR,ERR,ERR,ERR,ERR,ERR,ERR,ERR,ERR,ERR,ERR,50.0,60.0,100,0.0,0.0,0.0,0.0,0.0,0.0,0.0,0.0,0.0,0.0,0.0,0.0,0.0,0.0,0.0,0.0,61.6,74,13,65512,50,65476,0,300,0,0,8,20529,65476,0,0,26214,60.0,0.0,0.0,0.0,0.0,0.0
2026-05-17T18:20:37,ERR,ERR,ERR,ERR,ERR,ERR,ERR,ERR,ERR,ERR,ERR,ERR,ERR,ERR,ERR,ERR,ERR,ERR,ERR,ERR,ERR,ERR,ERR,ERR,ERR,ERR,ERR,ERR,ERR,ERR,ERR,ERR,ERR,ERR,ERR,ERR,ERR,ERR,ERR,ERR,ERR,ERR,ERR,ERR,ERR,ERR,ERR,ERR,ERR,ERR,ERR,ERR,ERR,ERR,ERR,ERR,ERR,ERR,ERR,ERR,ERR,ERR,ERR,ERR,ERR,ERR,ERR,ERR,ERR,ERR,ERR,ERR,ERR,ERR,ERR,ERR,ERR,ERR,ERR,ERR,ERR,ERR,ERR,ERR,ERR,ERR,ERR,ERR,ERR,ERR,ERR,ERR,ERR,ERR,ERR,ERR,ERR,ERR,ERR,ERR,ERR,ERR,ERR,ERR,ERR,ERR,ERR,ERR,ERR,ERR,ERR,ERR,ERR,ERR,ERR,ERR,ERR,ERR,ERR,ERR,ERR,ERR,ERR,ERR,ERR,0.0,-107615296.0,-134474944.0,0.0,0.0,1.3936040501711995e+18,7.805,0.0,0,0,4,0,8422,0.0,45,0.0,0.0,0.0,0.0,0.0,0,0,0,0,0.0,0,0,0,0,0,0,0,0,0,0,0,0,0,0,0,0,0,0,0,0,0,0,0,0,0,0,0,0,0,0,0,0,0,38,14,7,45,65476,0,300,0,0,8,21553,0.0,-107605600.0,0.0,0.0,0.0,0.0,0.0,0.0,0.0,0.0,0.0,0.0,0.0,0.0,0.0,0.0,0.0,0.0,0.0,0.0,0.0,0.0,0.0,0.0,-0.0,0.0,0.0,0.0,0.0,0.0,5044.0,2.004,0.0,0.0,-107615296.0,-107615280.0,2.718429300292151e+23,0.0,0.0,0.0,0.0,53,5.848083413016271e+35,89220.57,0.0,0.0,0.0,0.0,0.0,0.0,0.0,0,0,0,0.0,0.0,0.0,0.0,0.0,0.0,0.0,0.0,0.0,0.0,0.0,0.0,0.0,0.0,0.0,0.0,0,-107875648.0,53,0.0,106,-107614832.0,0.0,ERR,ERR,ERR,ERR,ERR,ERR,ERR,ERR,ERR,ERR,ERR,ERR,ERR,ERR,ERR,ERR,ERR,ERR,ERR,ERR,ERR,ERR,ERR,ERR,ERR,ERR,ERR,ERR,ERR,ERR,ERR,ERR,ERR,ERR,ERR,ERR,ERR,ERR,ERR,ERR,ERR,ERR,ERR,ERR,ERR,ERR,ERR,ERR,ERR,ERR,ERR,ERR,ERR,ERR,ERR,ERR,ERR,ERR,ERR,ERR,ERR,ERR,ERR,ERR,ERR,ERR,ERR,50.0,60.0,100,0.0,0.0,0.0,0.0,0.0,0.0,0.0,0.0,0.0,0.0,0.0,0.0,0.0,0.0,0.0,0.0,61.6,74,13,65512,50,65476,0,300,0,0,8,20529,65476,0,0,26214,60.0,0.0,0.0,0.0,0.0,0.0
2026-05-17T18:20:38,ERR,ERR,ERR,ERR,ERR,ERR,ERR,ERR,ERR,ERR,ERR,ERR,ERR,ERR,ERR,ERR,ERR,ERR,ERR,ERR,ERR,ERR,ERR,ERR,ERR,ERR,ERR,ERR,ERR,ERR,ERR,ERR,ERR,ERR,ERR,ERR,ERR,ERR,ERR,ERR,ERR,ERR,ERR,ERR,ERR,ERR,ERR,ERR,ERR,ERR,ERR,ERR,ERR,ERR,ERR,ERR,ERR,ERR,ERR,ERR,ERR,ERR,ERR,ERR,ERR,ERR,ERR,ERR,ERR,ERR,ERR,ERR,ERR,ERR,ERR,ERR,ERR,ERR,ERR,ERR,ERR,ERR,ERR,ERR,ERR,ERR,ERR,ERR,ERR,ERR,ERR,ERR,ERR,ERR,ERR,ERR,ERR,ERR,ERR,ERR,ERR,ERR,ERR,ERR,ERR,ERR,ERR,ERR,ERR,ERR,ERR,ERR,ERR,ERR,ERR,ERR,ERR,ERR,ERR,ERR,ERR,ERR,ERR,ERR,ERR,0.0,-107615296.0,-134474944.0,0.0,0.0,1.3936040501711995e+18,7.805,0.0,0,0,4,0,8422,0.0,45,0.0,0.0,0.0,0.0,0.0,0,0,0,0,0.0,0,0,0,0,0,0,0,0,0,0,0,0,0,0,0,0,0,0,0,0,0,0,0,0,0,0,0,0,0,0,0,0,0,38,14,7,45,65476,0,300,0,0,8,21553,0.0,-107605600.0,0.0,0.0,0.0,0.0,0.0,0.0,0.0,0.0,0.0,0.0,0.0,0.0,0.0,0.0,0.0,0.0,0.0,0.0,0.0,0.0,0.0,0.0,-0.0,0.0,0.0,0.0,0.0,0.0,5048.0,8608183296.0,0.0,0.0,-107615296.0,-107615280.0,2.718429300292151e+23,0.0,0.0,0.0,0.0,53,-0.0,1.9056860945658675e+17,0.0,0.0,0.0,0.0,0.0,0.0,0.0,0,0,0,0.0,0.0,0.0,0.0,0.0,0.0,0.0,0.0,0.0,0.0,0.0,0.0,0.0,0.0,0.0,0.0,0,-107875648.0,53,0.0,106,-107614832.0,0.0,ERR,ERR,ERR,ERR,ERR,ERR,ERR,ERR,ERR,ERR,ERR,ERR,ERR,ERR,ERR,ERR,ERR,ERR,ERR,ERR,ERR,ERR,ERR,ERR,ERR,ERR,ERR,ERR,ERR,ERR,ERR,ERR,ERR,ERR,ERR,ERR,ERR,ERR,ERR,ERR,ERR,ERR,ERR,ERR,ERR,ERR,ERR,ERR,ERR,ERR,ERR,ERR,ERR,ERR,ERR,ERR,ERR,ERR,ERR,ERR,ERR,ERR,ERR,ERR,ERR,ERR,ERR,50.0,60.0,100,0.0,0.0,0.0,0.0,0.0,0.0,0.0,0.0,0.0,0.0,0.0,0.0,0.0,0.0,0.0,0.0,61.6,74,13,65512,50,65476,0,300,0,0,8,20529,65476,0,0,26214,60.0,0.0,0.0,0.0,0.0,0.0
2026-05-17T18:20:39,ERR,ERR,ERR,ERR,ERR,ERR,ERR,ERR,ERR,ERR,ERR,ERR,ERR,ERR,ERR,ERR,ERR,ERR,ERR,ERR,ERR,ERR,ERR,ERR,ERR,ERR,ERR,ERR,ERR,ERR,ERR,ERR,ERR,ERR,ERR,ERR,ERR,ERR,ERR,ERR,ERR,ERR,ERR,ERR,ERR,ERR,ERR,ERR,ERR,ERR,ERR,ERR,ERR,ERR,ERR,ERR,ERR,ERR,ERR,ERR,ERR,ERR,ERR,ERR,ERR,ERR,ERR,ERR,ERR,ERR,ERR,ERR,ERR,ERR,ERR,ERR,ERR,ERR,ERR,ERR,ERR,ERR,ERR,ERR,ERR,ERR,ERR,ERR,ERR,ERR,ERR,ERR,ERR,ERR,ERR,ERR,ERR,ERR,ERR,ERR,ERR,ERR,ERR,ERR,ERR,ERR,ERR,ERR,ERR,ERR,ERR,ERR,ERR,ERR,ERR,ERR,ERR,ERR,ERR,ERR,ERR,ERR,ERR,ERR,ERR,0.0,-107615296.0,-134474944.0,0.0,0.0,1.3936040501711995e+18,7.805,0.0,0,0,4,0,8422,0.0,45,0.0,0.0,0.0,0.0,0.0,0,0,0,0,0.0,0,0,0,0,0,0,0,0,0,0,0,0,0,0,0,0,0,0,0,0,0,0,0,0,0,0,0,0,0,0,0,0,0,38,14,7,45,65476,0,300,0,0,8,21553,0.0,-107605600.0,0.0,0.0,0.0,0.0,0.0,0.0,0.0,0.0,0.0,0.0,0.0,0.0,0.0,0.0,0.0,0.0,0.0,0.0,0.0,0.0,0.0,0.0,-0.0,0.0,0.0,0.0,0.0,0.0,5048.0,8608183296.0,0.0,0.0,-107615296.0,-107615280.0,2.718429300292151e+23,0.0,0.0,0.0,0.0,53,-0.0,1.9056860945658675e+17,0.0,0.0,0.0,0.0,0.0,0.0,0.0,0,0,0,0.0,0.0,0.0,0.0,0.0,0.0,0.0,0.0,0.0,0.0,0.0,0.0,0.0,0.0,0.0,0.0,0,-107875648.0,53,0.0,106,-107614832.0,0.0,ERR,ERR,ERR,ERR,ERR,ERR,ERR,ERR,ERR,ERR,ERR,ERR,ERR,ERR,ERR,ERR,ERR,ERR,ERR,ERR,ERR,ERR,ERR,ERR,ERR,ERR,ERR,ERR,ERR,ERR,ERR,ERR,ERR,ERR,ERR,ERR,ERR,ERR,ERR,ERR,ERR,ERR,ERR,ERR,ERR,ERR,ERR,ERR,ERR,ERR,ERR,ERR,ERR,ERR,ERR,ERR,ERR,ERR,ERR,ERR,ERR,ERR,ERR,ERR,ERR,ERR,ERR,50.0,60.0,100,0.0,0.0,0.0,0.0,0.0,0.0,0.0,0.0,0.0,0.0,0.0,0.0,0.0,0.0,0.0,0.0,61.6,74,13,65512,50,65476,0,300,0,0,8,20529,65476,0,0,26214,60.0,0.0,0.0,0.0,0.0,0.0
2026-05-17T18:20:40,ERR,ERR,ERR,ERR,ERR,ERR,ERR,ERR,ERR,ERR,ERR,ERR,ERR,ERR,ERR,ERR,ERR,ERR,ERR,ERR,ERR,ERR,ERR,ERR,ERR,ERR,ERR,ERR,ERR,ERR,ERR,ERR,ERR,ERR,ERR,ERR,ERR,ERR,ERR,ERR,ERR,ERR,ERR,ERR,ERR,ERR,ERR,ERR,ERR,ERR,ERR,ERR,ERR,ERR,ERR,ERR,ERR,ERR,ERR,ERR,ERR,ERR,ERR,ERR,ERR,ERR,ERR,ERR,ERR,ERR,ERR,ERR,ERR,ERR,ERR,ERR,ERR,ERR,ERR,ERR,ERR,ERR,ERR,ERR,ERR,ERR,ERR,ERR,ERR,ERR,ERR,ERR,ERR,ERR,ERR,ERR,ERR,ERR,ERR,ERR,ERR,ERR,ERR,ERR,ERR,ERR,ERR,ERR,ERR,ERR,ERR,ERR,ERR,ERR,ERR,ERR,ERR,ERR,ERR,ERR,ERR,ERR,ERR,ERR,ERR,0.0,-107615296.0,-134474944.0,0.0,0.0,1.3936040501711995e+18,7.805,0.0,0,0,4,0,8422,0.0,45,0.0,0.0,0.0,0.0,0.0,0,0,0,0,0.0,0,0,0,0,0,0,0,0,0,0,0,0,0,0,0,0,0,0,0,0,0,0,0,0,0,0,0,0,0,0,0,0,0,38,14,7,45,65476,0,300,0,0,8,21553,0.0,-107605600.0,0.0,0.0,0.0,0.0,0.0,0.0,0.0,0.0,0.0,0.0,0.0,0.0,0.0,0.0,0.0,0.0,0.0,0.0,0.0,0.0,0.0,0.0,-0.0,0.0,0.0,0.0,0.0,0.0,5048.0,8608183296.0,0.0,0.0,-107615296.0,-107615280.0,2.718429300292151e+23,0.0,0.0,0.0,0.0,53,-0.0,1.9056860945658675e+17,0.0,0.0,0.0,0.0,0.0,0.0,0.0,0,0,0,0.0,0.0,0.0,0.0,0.0,0.0,0.0,0.0,0.0,0.0,0.0,0.0,0.0,0.0,0.0,0.0,0,-107875648.0,53,0.0,106,-107614832.0,0.0,ERR,ERR,ERR,ERR,ERR,ERR,ERR,ERR,ERR,ERR,ERR,ERR,ERR,ERR,ERR,ERR,ERR,ERR,ERR,ERR,ERR,ERR,ERR,ERR,ERR,ERR,ERR,ERR,ERR,ERR,ERR,ERR,ERR,ERR,ERR,ERR,ERR,ERR,ERR,ERR,ERR,ERR,ERR,ERR,ERR,ERR,ERR,ERR,ERR,ERR,ERR,ERR,ERR,ERR,ERR,ERR,ERR,ERR,ERR,ERR,ERR,ERR,ERR,ERR,ERR,ERR,ERR,50.0,60.0,100,0.0,0.0,0.0,0.0,0.0,0.0,0.0,0.0,0.0,0.0,0.0,0.0,0.0,0.0,0.0,0.0,61.6,74,13,65512,50,65476,0,300,0,0,8,20529,65476,0,0,26214,60.0,0.0,0.0,0.0,0.0,0.0
2026-05-17T18:20:41,ERR,ERR,ERR,ERR,ERR,ERR,ERR,ERR,ERR,ERR,ERR,ERR,ERR,ERR,ERR,ERR,ERR,ERR,ERR,ERR,ERR,ERR,ERR,ERR,ERR,ERR,ERR,ERR,ERR,ERR,ERR,ERR,ERR,ERR,ERR,ERR,ERR,ERR,ERR,ERR,ERR,ERR,ERR,ERR,ERR,ERR,ERR,ERR,ERR,ERR,ERR,ERR,ERR,ERR,ERR,ERR,ERR,ERR,ERR,ERR,ERR,ERR,ERR,ERR,ERR,ERR,ERR,ERR,ERR,ERR,ERR,ERR,ERR,ERR,ERR,ERR,ERR,ERR,ERR,ERR,ERR,ERR,ERR,ERR,ERR,ERR,ERR,ERR,ERR,ERR,ERR,ERR,ERR,ERR,ERR,ERR,ERR,ERR,ERR,ERR,ERR,ERR,ERR,ERR,ERR,ERR,ERR,ERR,ERR,ERR,ERR,ERR,ERR,ERR,ERR,ERR,ERR,ERR,ERR,ERR,ERR,ERR,ERR,ERR,ERR,0.0,-107615296.0,-134474944.0,0.0,0.0,1.3936040501711995e+18,7.805,0.0,0,0,4,0,8422,0.0,45,0.0,0.0,0.0,0.0,0.0,0,0,0,0,0.0,0,0,0,0,0,0,0,0,0,0,0,0,0,0,0,0,0,0,0,0,0,0,0,0,0,0,0,0,0,0,0,0,0,38,14,7,45,65476,0,300,0,0,8,21553,0.0,-107605600.0,0.0,0.0,0.0,0.0,0.0,0.0,0.0,0.0,0.0,0.0,0.0,0.0,0.0,0.0,0.0,0.0,0.0,0.0,0.0,0.0,0.0,0.0,-0.0,0.0,0.0,0.0,0.0,0.0,5048.0,8608183296.0,0.0,0.0,-107615296.0,-107615280.0,2.718429300292151e+23,0.0,0.0,0.0,0.0,53,-0.0,1.9056860945658675e+17,0.0,0.0,0.0,0.0,0.0,0.0,0.0,0,0,0,0.0,0.0,0.0,0.0,0.0,0.0,0.0,0.0,0.0,0.0,0.0,0.0,0.0,0.0,0.0,0.0,0,-107875648.0,53,0.0,106,-107614832.0,0.0,ERR,ERR,ERR,ERR,ERR,ERR,ERR,ERR,ERR,ERR,ERR,ERR,ERR,ERR,ERR,ERR,ERR,ERR,ERR,ERR,ERR,ERR,ERR,ERR,ERR,ERR,ERR,ERR,ERR,ERR,ERR,ERR,ERR,ERR,ERR,ERR,ERR,ERR,ERR,ERR,ERR,ERR,ERR,ERR,ERR,ERR,ERR,ERR,ERR,ERR,ERR,ERR,ERR,ERR,ERR,ERR,ERR,ERR,ERR,ERR,ERR,ERR,ERR,ERR,ERR,ERR,ERR,50.0,60.0,100,0.0,0.0,0.0,0.0,0.0,0.0,0.0,0.0,0.0,0.0,0.0,0.0,0.0,0.0,0.0,0.0,61.6,74,13,65512,50,65476,0,300,0,0,8,20529,65476,0,0,26214,60.0,0.0,0.0,0.0,0.0,0.0
2026-05-17T18:20:42,ERR,ERR,ERR,ERR,ERR,ERR,ERR,ERR,ERR,ERR,ERR,ERR,ERR,ERR,ERR,ERR,ERR,ERR,ERR,ERR,ERR,ERR,ERR,ERR,ERR,ERR,ERR,ERR,ERR,ERR,ERR,ERR,ERR,ERR,ERR,ERR,ERR,ERR,ERR,ERR,ERR,ERR,ERR,ERR,ERR,ERR,ERR,ERR,ERR,ERR,ERR,ERR,ERR,ERR,ERR,ERR,ERR,ERR,ERR,ERR,ERR,ERR,ERR,ERR,ERR,ERR,ERR,ERR,ERR,ERR,ERR,ERR,ERR,ERR,ERR,ERR,ERR,ERR,ERR,ERR,ERR,ERR,ERR,ERR,ERR,ERR,ERR,ERR,ERR,ERR,ERR,ERR,ERR,ERR,ERR,ERR,ERR,ERR,ERR,ERR,ERR,ERR,ERR,ERR,ERR,ERR,ERR,ERR,ERR,ERR,ERR,ERR,ERR,ERR,ERR,ERR,ERR,ERR,ERR,ERR,ERR,ERR,ERR,ERR,ERR,0.0,-107615296.0,-134474944.0,0.0,0.0,1.3936040501711995e+18,7.805,0.0,0,0,4,0,8422,0.0,45,0.0,0.0,0.0,0.0,0.0,0,0,0,0,0.0,0,0,0,0,0,0,0,0,0,0,0,0,0,0,0,0,0,0,0,0,0,0,0,0,0,0,0,0,0,0,0,0,0,38,14,7,45,65476,0,300,0,0,8,21553,0.0,-107605600.0,0.0,0.0,0.0,0.0,0.0,0.0,0.0,0.0,0.0,0.0,0.0,0.0,0.0,0.0,0.0,0.0,0.0,0.0,0.0,0.0,0.0,0.0,-0.0,0.0,0.0,0.0,0.0,0.0,5048.0,8608183296.0,0.0,0.0,-107615296.0,-107615280.0,2.718429300292151e+23,0.0,0.0,0.0,0.0,53,-0.0,1.9056860945658675e+17,0.0,0.0,0.0,0.0,0.0,0.0,0.0,0,0,0,0.0,0.0,0.0,0.0,0.0,0.0,0.0,0.0,0.0,0.0,0.0,0.0,0.0,0.0,0.0,0.0,0,-107875648.0,53,0.0,106,-107614832.0,0.0,ERR,ERR,ERR,ERR,ERR,ERR,ERR,ERR,ERR,ERR,ERR,ERR,ERR,ERR,ERR,ERR,ERR,ERR,ERR,ERR,ERR,ERR,ERR,ERR,ERR,ERR,ERR,ERR,ERR,ERR,ERR,ERR,ERR,ERR,ERR,ERR,ERR,ERR,ERR,ERR,ERR,ERR,ERR,ERR,ERR,ERR,ERR,ERR,ERR,ERR,ERR,ERR,ERR,ERR,ERR,ERR,ERR,ERR,ERR,ERR,ERR,ERR,ERR,ERR,ERR,ERR,ERR,50.0,60.0,100,0.0,0.0,0.0,0.0,0.0,0.0,0.0,0.0,0.0,0.0,0.0,0.0,0.0,0.0,0.0,0.0,61.6,74,13,65512,50,65476,0,300,0,0,8,20529,65476,0,0,26214,60.0,0.0,0.0,0.0,0.0,0.0
2026-05-17T18:20:43,ERR,ERR,ERR,ERR,ERR,ERR,ERR,ERR,ERR,ERR,ERR,ERR,ERR,ERR,ERR,ERR,ERR,ERR,ERR,ERR,ERR,ERR,ERR,ERR,ERR,ERR,ERR,ERR,ERR,ERR,ERR,ERR,ERR,ERR,ERR,ERR,ERR,ERR,ERR,ERR,ERR,ERR,ERR,ERR,ERR,ERR,ERR,ERR,ERR,ERR,ERR,ERR,ERR,ERR,ERR,ERR,ERR,ERR,ERR,ERR,ERR,ERR,ERR,ERR,ERR,ERR,ERR,ERR,ERR,ERR,ERR,ERR,ERR,ERR,ERR,ERR,ERR,ERR,ERR,ERR,ERR,ERR,ERR,ERR,ERR,ERR,ERR,ERR,ERR,ERR,ERR,ERR,ERR,ERR,ERR,ERR,ERR,ERR,ERR,ERR,ERR,ERR,ERR,ERR,ERR,ERR,ERR,ERR,ERR,ERR,ERR,ERR,ERR,ERR,ERR,ERR,ERR,ERR,ERR,ERR,ERR,ERR,ERR,ERR,ERR,0.0,-107615296.0,-134474944.0,0.0,0.0,1.3936040501711995e+18,7.805,0.0,0,0,4,0,8422,0.0,45,0.0,0.0,0.0,0.0,0.0,0,0,0,0,0.0,0,0,0,0,0,0,0,0,0,0,0,0,0,0,0,0,0,0,0,0,0,0,0,0,0,0,0,0,0,0,0,0,0,38,14,7,45,65476,0,300,0,0,8,21553,0.0,-107605600.0,0.0,0.0,0.0,0.0,0.0,0.0,0.0,0.0,0.0,0.0,0.0,0.0,0.0,0.0,0.0,0.0,0.0,0.0,0.0,0.0,0.0,0.0,-0.0,0.0,0.0,0.0,0.0,0.0,5045.0,0.0,0.0,0.0,-107615296.0,-107615280.0,2.718429300292151e+23,0.0,0.0,0.0,0.0,53,-0.0,0.0,0.0,0.0,0.0,0.0,0.0,0.0,0.0,0,0,0,0.0,0.0,0.0,0.0,0.0,0.0,0.0,0.0,0.0,0.0,0.0,0.0,0.0,0.0,0.0,0.0,0,-107875648.0,53,0.0,106,-107614832.0,0.0,ERR,ERR,ERR,ERR,ERR,ERR,ERR,ERR,ERR,ERR,ERR,ERR,ERR,ERR,ERR,ERR,ERR,ERR,ERR,ERR,ERR,ERR,ERR,ERR,ERR,ERR,ERR,ERR,ERR,ERR,ERR,ERR,ERR,ERR,ERR,ERR,ERR,ERR,ERR,ERR,ERR,ERR,ERR,ERR,ERR,ERR,ERR,ERR,ERR,ERR,ERR,ERR,ERR,ERR,ERR,ERR,ERR,ERR,ERR,ERR,ERR,ERR,ERR,ERR,ERR,ERR,ERR,50.0,60.0,100,0.0,0.0,0.0,0.0,0.0,0.0,0.0,0.0,0.0,0.0,0.0,0.0,0.0,0.0,0.0,0.0,61.6,74,13,65512,50,65476,0,300,0,0,8,20529,65476,0,0,26214,60.0,0.0,0.0,0.0,0.0,0.0
2026-05-17T18:20:44,ERR,ERR,ERR,ERR,ERR,ERR,ERR,ERR,ERR,ERR,ERR,ERR,ERR,ERR,ERR,ERR,ERR,ERR,ERR,ERR,ERR,ERR,ERR,ERR,ERR,ERR,ERR,ERR,ERR,ERR,ERR,ERR,ERR,ERR,ERR,ERR,ERR,ERR,ERR,ERR,ERR,ERR,ERR,ERR,ERR,ERR,ERR,ERR,ERR,ERR,ERR,ERR,ERR,ERR,ERR,ERR,ERR,ERR,ERR,ERR,ERR,ERR,ERR,ERR,ERR,ERR,ERR,ERR,ERR,ERR,ERR,ERR,ERR,ERR,ERR,ERR,ERR,ERR,ERR,ERR,ERR,ERR,ERR,ERR,ERR,ERR,ERR,ERR,ERR,ERR,ERR,ERR,ERR,ERR,ERR,ERR,ERR,ERR,ERR,ERR,ERR,ERR,ERR,ERR,ERR,ERR,ERR,ERR,ERR,ERR,ERR,ERR,ERR,ERR,ERR,ERR,ERR,ERR,ERR,ERR,ERR,ERR,ERR,ERR,ERR,0.0,-107615296.0,-134474944.0,0.0,0.0,1.3936040501711995e+18,7.805,0.0,0,0,4,0,8422,0.0,45,0.0,0.0,0.0,0.0,0.0,0,0,0,0,0.0,0,0,0,0,0,0,0,0,0,0,0,0,0,0,0,0,0,0,0,0,0,0,0,0,0,0,0,0,0,0,0,0,0,38,14,7,45,65476,0,300,0,0,8,21553,0.0,-107605600.0,0.0,0.0,0.0,0.0,0.0,0.0,0.0,0.0,0.0,0.0,0.0,0.0,0.0,0.0,0.0,0.0,0.0,0.0,0.0,0.0,0.0,0.0,-0.0,0.0,0.0,0.0,0.0,0.0,5045.0,0.0,0.0,0.0,-107615296.0,-107615280.0,2.718429300292151e+23,0.0,0.0,0.0,0.0,53,-0.0,0.0,0.0,0.0,0.0,0.0,0.0,0.0,0.0,0,0,0,0.0,0.0,0.0,0.0,0.0,0.0,0.0,0.0,0.0,0.0,0.0,0.0,0.0,0.0,0.0,0.0,0,-107875648.0,53,0.0,106,-107614832.0,0.0,ERR,ERR,ERR,ERR,ERR,ERR,ERR,ERR,ERR,ERR,ERR,ERR,ERR,ERR,ERR,ERR,ERR,ERR,ERR,ERR,ERR,ERR,ERR,ERR,ERR,ERR,ERR,ERR,ERR,ERR,ERR,ERR,ERR,ERR,ERR,ERR,ERR,ERR,ERR,ERR,ERR,ERR,ERR,ERR,ERR,ERR,ERR,ERR,ERR,ERR,ERR,ERR,ERR,ERR,ERR,ERR,ERR,ERR,ERR,ERR,ERR,ERR,ERR,ERR,ERR,ERR,ERR,50.0,60.0,100,0.0,0.0,0.0,0.0,0.0,0.0,0.0,0.0,0.0,0.0,0.0,0.0,0.0,0.0,0.0,0.0,61.6,74,13,65512,50,65476,0,300,0,0,8,20529,65476,0,0,26214,60.0,0.0,0.0,0.0,0.0,0.0
2026-05-17T18:20:45,ERR,ERR,ERR,ERR,ERR,ERR,ERR,ERR,ERR,ERR,ERR,ERR,ERR,ERR,ERR,ERR,ERR,ERR,ERR,ERR,ERR,ERR,ERR,ERR,ERR,ERR,ERR,ERR,ERR,ERR,ERR,ERR,ERR,ERR,ERR,ERR,ERR,ERR,ERR,ERR,ERR,ERR,ERR,ERR,ERR,ERR,ERR,ERR,ERR,ERR,ERR,ERR,ERR,ERR,ERR,ERR,ERR,ERR,ERR,ERR,ERR,ERR,ERR,ERR,ERR,ERR,ERR,ERR,ERR,ERR,ERR,ERR,ERR,ERR,ERR,ERR,ERR,ERR,ERR,ERR,ERR,ERR,ERR,ERR,ERR,ERR,ERR,ERR,ERR,ERR,ERR,ERR,ERR,ERR,ERR,ERR,ERR,ERR,ERR,ERR,ERR,ERR,ERR,ERR,ERR,ERR,ERR,ERR,ERR,ERR,ERR,ERR,ERR,ERR,ERR,ERR,ERR,ERR,ERR,ERR,ERR,ERR,ERR,ERR,ERR,0.0,-107615296.0,-134474944.0,0.0,0.0,1.3936040501711995e+18,7.805,0.0,0,0,4,0,8422,0.0,45,0.0,0.0,0.0,0.0,0.0,0,0,0,0,0.0,0,0,0,0,0,0,0,0,0,0,0,0,0,0,0,0,0,0,0,0,0,0,0,0,0,0,0,0,0,0,0,0,0,38,14,7,45,65476,0,300,0,0,8,21553,0.0,-107605600.0,0.0,0.0,0.0,0.0,0.0,0.0,0.0,0.0,0.0,0.0,0.0,0.0,0.0,0.0,0.0,0.0,0.0,0.0,0.0,0.0,0.0,0.0,-0.0,0.0,0.0,0.0,0.0,0.0,5045.0,0.0,0.0,0.0,-107615296.0,-107615280.0,2.718429300292151e+23,0.0,0.0,0.0,0.0,53,-0.0,0.0,0.0,0.0,0.0,0.0,0.0,0.0,0.0,0,0,0,0.0,0.0,0.0,0.0,0.0,0.0,0.0,0.0,0.0,0.0,0.0,0.0,0.0,0.0,0.0,0.0,0,-107875648.0,53,0.0,106,-107614832.0,0.0,ERR,ERR,ERR,ERR,ERR,ERR,ERR,ERR,ERR,ERR,ERR,ERR,ERR,ERR,ERR,ERR,ERR,ERR,ERR,ERR,ERR,ERR,ERR,ERR,ERR,ERR,ERR,ERR,ERR,ERR,ERR,ERR,ERR,ERR,ERR,ERR,ERR,ERR,ERR,ERR,ERR,ERR,ERR,ERR,ERR,ERR,ERR,ERR,ERR,ERR,ERR,ERR,ERR,ERR,ERR,ERR,ERR,ERR,ERR,ERR,ERR,ERR,ERR,ERR,ERR,ERR,ERR,50.0,60.0,100,0.0,0.0,0.0,0.0,0.0,0.0,0.0,0.0,0.0,0.0,0.0,0.0,0.0,0.0,0.0,0.0,62.0,74,13,65512,50,65476,0,300,0,0,8,20529,65476,0,0,26214,60.0,0.0,0.0,0.0,0.0,0.0
2026-05-17T18:20:46,ERR,ERR,ERR,ERR,ERR,ERR,ERR,ERR,ERR,ERR,ERR,ERR,ERR,ERR,ERR,ERR,ERR,ERR,ERR,ERR,ERR,ERR,ERR,ERR,ERR,ERR,ERR,ERR,ERR,ERR,ERR,ERR,ERR,ERR,ERR,ERR,ERR,ERR,ERR,ERR,ERR,ERR,ERR,ERR,ERR,ERR,ERR,ERR,ERR,ERR,ERR,ERR,ERR,ERR,ERR,ERR,ERR,ERR,ERR,ERR,ERR,ERR,ERR,ERR,ERR,ERR,ERR,ERR,ERR,ERR,ERR,ERR,ERR,ERR,ERR,ERR,ERR,ERR,ERR,ERR,ERR,ERR,ERR,ERR,ERR,ERR,ERR,ERR,ERR,ERR,ERR,ERR,ERR,ERR,ERR,ERR,ERR,ERR,ERR,ERR,ERR,ERR,ERR,ERR,ERR,ERR,ERR,ERR,ERR,ERR,ERR,ERR,ERR,ERR,ERR,ERR,ERR,ERR,ERR,ERR,ERR,ERR,ERR,ERR,ERR,0.0,-107615296.0,-134474944.0,0.0,0.0,1.3936040501711995e+18,7.805,0.0,0,0,4,0,8422,0.0,45,0.0,0.0,0.0,0.0,0.0,0,0,0,0,0.0,0,0,0,0,0,0,0,0,0,0,0,0,0,0,0,0,0,0,0,0,0,0,0,0,0,0,0,0,0,0,0,0,0,38,14,7,45,65476,0,300,0,0,8,21553,0.0,-107605600.0,0.0,0.0,0.0,0.0,0.0,0.0,0.0,0.0,0.0,0.0,0.0,0.0,0.0,0.0,0.0,0.0,0.0,0.0,0.0,0.0,0.0,0.0,-0.0,0.0,0.0,0.0,0.0,0.0,5045.0,0.0,0.0,0.0,-107615296.0,-107615280.0,2.718429300292151e+23,0.0,0.0,0.0,0.0,53,-0.0,0.0,0.0,0.0,0.0,0.0,0.0,0.0,0.0,0,0,0,0.0,0.0,0.0,0.0,0.0,0.0,0.0,0.0,0.0,0.0,0.0,0.0,0.0,0.0,0.0,0.0,0,-107875648.0,53,0.0,106,-107614832.0,0.0,ERR,ERR,ERR,ERR,ERR,ERR,ERR,ERR,ERR,ERR,ERR,ERR,ERR,ERR,ERR,ERR,ERR,ERR,ERR,ERR,ERR,ERR,ERR,ERR,ERR,ERR,ERR,ERR,ERR,ERR,ERR,ERR,ERR,ERR,ERR,ERR,ERR,ERR,ERR,ERR,ERR,ERR,ERR,ERR,ERR,ERR,ERR,ERR,ERR,ERR,ERR,ERR,ERR,ERR,ERR,ERR,ERR,ERR,ERR,ERR,ERR,ERR,ERR,ERR,ERR,ERR,ERR,50.0,60.0,100,0.0,0.0,0.0,0.0,0.0,0.0,0.0,0.0,0.0,0.0,0.0,0.0,0.0,0.0,0.0,0.0,62.0,74,13,65512,50,65476,0,300,0,0,8,20529,65476,0,0,26214,60.0,0.0,0.0,0.0,0.0,0.0
2026-05-17T18:20:47,ERR,ERR,ERR,ERR,ERR,ERR,ERR,ERR,ERR,ERR,ERR,ERR,ERR,ERR,ERR,ERR,ERR,ERR,ERR,ERR,ERR,ERR,ERR,ERR,ERR,ERR,ERR,ERR,ERR,ERR,ERR,ERR,ERR,ERR,ERR,ERR,ERR,ERR,ERR,ERR,ERR,ERR,ERR,ERR,ERR,ERR,ERR,ERR,ERR,ERR,ERR,ERR,ERR,ERR,ERR,ERR,ERR,ERR,ERR,ERR,ERR,ERR,ERR,ERR,ERR,ERR,ERR,ERR,ERR,ERR,ERR,ERR,ERR,ERR,ERR,ERR,ERR,ERR,ERR,ERR,ERR,ERR,ERR,ERR,ERR,ERR,ERR,ERR,ERR,ERR,ERR,ERR,ERR,ERR,ERR,ERR,ERR,ERR,ERR,ERR,ERR,ERR,ERR,ERR,ERR,ERR,ERR,ERR,ERR,ERR,ERR,ERR,ERR,ERR,ERR,ERR,ERR,ERR,ERR,ERR,ERR,ERR,ERR,ERR,ERR,0.0,-107615296.0,-134474944.0,0.0,0.0,1.3936040501711995e+18,7.805,0.0,0,0,4,0,8422,0.0,45,0.0,0.0,0.0,0.0,0.0,0,0,0,0,0.0,0,0,0,0,0,0,0,0,0,0,0,0,0,0,0,0,0,0,0,0,0,0,0,0,0,0,0,0,0,0,0,0,0,38,14,7,45,65476,0,300,0,0,8,21553,0.0,-107605600.0,0.0,0.0,0.0,0.0,0.0,0.0,0.0,0.0,0.0,0.0,0.0,0.0,0.0,0.0,0.0,0.0,0.0,0.0,0.0,0.0,0.0,0.0,-0.0,0.0,0.0,0.0,0.0,0.0,5045.0,0.0,0.0,0.0,-107615296.0,-107615280.0,2.718429300292151e+23,0.0,0.0,0.0,0.0,53,-0.0,0.0,0.0,0.0,0.0,0.0,0.0,0.0,0.0,0,0,0,0.0,0.0,0.0,0.0,0.0,0.0,0.0,0.0,0.0,0.0,0.0,0.0,0.0,0.0,0.0,0.0,0,-107875648.0,53,0.0,106,-107614832.0,0.0,ERR,ERR,ERR,ERR,ERR,ERR,ERR,ERR,ERR,ERR,ERR,ERR,ERR,ERR,ERR,ERR,ERR,ERR,ERR,ERR,ERR,ERR,ERR,ERR,ERR,ERR,ERR,ERR,ERR,ERR,ERR,ERR,ERR,ERR,ERR,ERR,ERR,ERR,ERR,ERR,ERR,ERR,ERR,ERR,ERR,ERR,ERR,ERR,ERR,ERR,ERR,ERR,ERR,ERR,ERR,ERR,ERR,ERR,ERR,ERR,ERR,ERR,ERR,ERR,ERR,ERR,ERR,50.0,60.0,100,0.0,0.0,0.0,0.0,0.0,0.0,0.0,0.0,0.0,0.0,0.0,0.0,0.0,0.0,0.0,0.0,62.0,74,13,65512,50,65476,0,300,0,0,8,20529,65476,0,0,26214,60.0,0.0,0.0,0.0,0.0,0.0
2026-05-17T18:20:48,ERR,ERR,ERR,ERR,ERR,ERR,ERR,ERR,ERR,ERR,ERR,ERR,ERR,ERR,ERR,ERR,ERR,ERR,ERR,ERR,ERR,ERR,ERR,ERR,ERR,ERR,ERR,ERR,ERR,ERR,ERR,ERR,ERR,ERR,ERR,ERR,ERR,ERR,ERR,ERR,ERR,ERR,ERR,ERR,ERR,ERR,ERR,ERR,ERR,ERR,ERR,ERR,ERR,ERR,ERR,ERR,ERR,ERR,ERR,ERR,ERR,ERR,ERR,ERR,ERR,ERR,ERR,ERR,ERR,ERR,ERR,ERR,ERR,ERR,ERR,ERR,ERR,ERR,ERR,ERR,ERR,ERR,ERR,ERR,ERR,ERR,ERR,ERR,ERR,ERR,ERR,ERR,ERR,ERR,ERR,ERR,ERR,ERR,ERR,ERR,ERR,ERR,ERR,ERR,ERR,ERR,ERR,ERR,ERR,ERR,ERR,ERR,ERR,ERR,ERR,ERR,ERR,ERR,ERR,ERR,ERR,ERR,ERR,ERR,ERR,0.0,-107615296.0,-134474944.0,0.0,0.0,1.3936040501711995e+18,7.805,0.0,0,0,4,0,8422,0.0,45,0.0,0.0,0.0,0.0,0.0,0,0,0,0,0.0,0,0,0,0,0,0,0,0,0,0,0,0,0,0,0,0,0,0,0,0,0,0,0,0,0,0,0,0,0,0,0,0,0,38,14,7,45,65476,0,300,0,0,8,21553,0.0,-107605600.0,0.0,0.0,0.0,0.0,0.0,0.0,0.0,0.0,0.0,0.0,0.0,0.0,0.0,0.0,0.0,0.0,0.0,0.0,0.0,0.0,0.0,0.0,-0.0,0.0,0.0,0.0,0.0,0.0,5050.0,1.5879295420089355e+29,0.0,0.0,-107615296.0,-107615280.0,2.718429300292151e+23,0.0,0.0,0.0,0.0,53,-0.0,-0.0,0.0,0.0,0.0,0.0,0.0,0.0,0.0,0,0,0,0.0,0.0,0.0,0.0,0.0,0.0,0.0,0.0,0.0,0.0,0.0,0.0,0.0,0.0,0.0,0.0,0,-107875648.0,53,0.0,106,-107614832.0,0.0,ERR,ERR,ERR,ERR,ERR,ERR,ERR,ERR,ERR,ERR,ERR,ERR,ERR,ERR,ERR,ERR,ERR,ERR,ERR,ERR,ERR,ERR,ERR,ERR,ERR,ERR,ERR,ERR,ERR,ERR,ERR,ERR,ERR,ERR,ERR,ERR,ERR,ERR,ERR,ERR,ERR,ERR,ERR,ERR,ERR,ERR,ERR,ERR,ERR,ERR,ERR,ERR,ERR,ERR,ERR,ERR,ERR,ERR,ERR,ERR,ERR,ERR,ERR,ERR,ERR,ERR,ERR,50.0,60.0,100,0.0,0.0,0.0,0.0,0.0,0.0,0.0,0.0,0.0,0.0,0.0,0.0,0.0,0.0,0.0,0.0,61.6,74,13,65512,50,65476,0,300,0,0,8,20529,65476,0,0,26214,60.0,0.0,0.0,0.0,0.0,0.0
2026-05-17T18:20:49,ERR,ERR,ERR,ERR,ERR,ERR,ERR,ERR,ERR,ERR,ERR,ERR,ERR,ERR,ERR,ERR,ERR,ERR,ERR,ERR,ERR,ERR,ERR,ERR,ERR,ERR,ERR,ERR,ERR,ERR,ERR,ERR,ERR,ERR,ERR,ERR,ERR,ERR,ERR,ERR,ERR,ERR,ERR,ERR,ERR,ERR,ERR,ERR,ERR,ERR,ERR,ERR,ERR,ERR,ERR,ERR,ERR,ERR,ERR,ERR,ERR,ERR,ERR,ERR,ERR,ERR,ERR,ERR,ERR,ERR,ERR,ERR,ERR,ERR,ERR,ERR,ERR,ERR,ERR,ERR,ERR,ERR,ERR,ERR,ERR,ERR,ERR,ERR,ERR,ERR,ERR,ERR,ERR,ERR,ERR,ERR,ERR,ERR,ERR,ERR,ERR,ERR,ERR,ERR,ERR,ERR,ERR,ERR,ERR,ERR,ERR,ERR,ERR,ERR,ERR,ERR,ERR,ERR,ERR,ERR,ERR,ERR,ERR,ERR,ERR,0.0,-107615296.0,-134474944.0,0.0,0.0,1.3936040501711995e+18,7.805,0.0,0,0,4,0,8422,0.0,45,0.0,0.0,0.0,0.0,0.0,0,0,0,0,0.0,0,0,0,0,0,0,0,0,0,0,0,0,0,0,0,0,0,0,0,0,0,0,0,0,0,0,0,0,0,0,0,0,0,38,14,7,45,65476,0,300,0,0,8,21553,0.0,-107605600.0,0.0,0.0,0.0,0.0,0.0,0.0,0.0,0.0,0.0,0.0,0.0,0.0,0.0,0.0,0.0,0.0,0.0,0.0,0.0,0.0,0.0,0.0,-0.0,0.0,0.0,0.0,0.0,0.0,5050.0,1.5879295420089355e+29,0.0,0.0,-107615296.0,-107615280.0,2.718429300292151e+23,0.0,0.0,0.0,0.0,53,-0.0,-0.0,0.0,0.0,0.0,0.0,0.0,0.0,0.0,0,0,0,0.0,0.0,0.0,0.0,0.0,0.0,0.0,0.0,0.0,0.0,0.0,0.0,0.0,0.0,0.0,0.0,0,-107875648.0,53,0.0,106,-107614832.0,0.0,ERR,ERR,ERR,ERR,ERR,ERR,ERR,ERR,ERR,ERR,ERR,ERR,ERR,ERR,ERR,ERR,ERR,ERR,ERR,ERR,ERR,ERR,ERR,ERR,ERR,ERR,ERR,ERR,ERR,ERR,ERR,ERR,ERR,ERR,ERR,ERR,ERR,ERR,ERR,ERR,ERR,ERR,ERR,ERR,ERR,ERR,ERR,ERR,ERR,ERR,ERR,ERR,ERR,ERR,ERR,ERR,ERR,ERR,ERR,ERR,ERR,ERR,ERR,ERR,ERR,ERR,ERR,50.0,60.0,100,0.0,0.0,0.0,0.0,0.0,0.0,0.0,0.0,0.0,0.0,0.0,0.0,0.0,0.0,0.0,0.0,61.6,74,13,65512,50,65476,0,300,0,0,8,20529,65476,0,0,26214,60.0,0.0,0.0,0.0,0.0,0.0
2026-05-17T18:20:50,ERR,ERR,ERR,ERR,ERR,ERR,ERR,ERR,ERR,ERR,ERR,ERR,ERR,ERR,ERR,ERR,ERR,ERR,ERR,ERR,ERR,ERR,ERR,ERR,ERR,ERR,ERR,ERR,ERR,ERR,ERR,ERR,ERR,ERR,ERR,ERR,ERR,ERR,ERR,ERR,ERR,ERR,ERR,ERR,ERR,ERR,ERR,ERR,ERR,ERR,ERR,ERR,ERR,ERR,ERR,ERR,ERR,ERR,ERR,ERR,ERR,ERR,ERR,ERR,ERR,ERR,ERR,ERR,ERR,ERR,ERR,ERR,ERR,ERR,ERR,ERR,ERR,ERR,ERR,ERR,ERR,ERR,ERR,ERR,ERR,ERR,ERR,ERR,ERR,ERR,ERR,ERR,ERR,ERR,ERR,ERR,ERR,ERR,ERR,ERR,ERR,ERR,ERR,ERR,ERR,ERR,ERR,ERR,ERR,ERR,ERR,ERR,ERR,ERR,ERR,ERR,ERR,ERR,ERR,ERR,ERR,ERR,ERR,ERR,ERR,0.0,-107615296.0,-134474944.0,0.0,0.0,1.3936040501711995e+18,7.805,0.0,0,0,4,0,8422,0.0,45,0.0,0.0,0.0,0.0,0.0,0,0,0,0,0.0,0,0,0,0,0,0,0,0,0,0,0,0,0,0,0,0,0,0,0,0,0,0,0,0,0,0,0,0,0,0,0,0,0,38,14,7,45,65476,0,300,0,0,8,21553,0.0,-107605600.0,0.0,0.0,0.0,0.0,0.0,0.0,0.0,0.0,0.0,0.0,0.0,0.0,0.0,0.0,0.0,0.0,0.0,0.0,0.0,0.0,0.0,0.0,-0.0,0.0,0.0,0.0,0.0,0.0,5050.0,1.5879295420089355e+29,0.0,0.0,-107615296.0,-107615280.0,2.718429300292151e+23,0.0,0.0,0.0,0.0,53,-0.0,-0.0,0.0,0.0,0.0,0.0,0.0,0.0,0.0,0,0,0,0.0,0.0,0.0,0.0,0.0,0.0,0.0,0.0,0.0,0.0,0.0,0.0,0.0,0.0,0.0,0.0,0,-107875648.0,53,0.0,106,-107614832.0,0.0,ERR,ERR,ERR,ERR,ERR,ERR,ERR,ERR,ERR,ERR,ERR,ERR,ERR,ERR,ERR,ERR,ERR,ERR,ERR,ERR,ERR,ERR,ERR,ERR,ERR,ERR,ERR,ERR,ERR,ERR,ERR,ERR,ERR,ERR,ERR,ERR,ERR,ERR,ERR,ERR,ERR,ERR,ERR,ERR,ERR,ERR,ERR,ERR,ERR,ERR,ERR,ERR,ERR,ERR,ERR,ERR,ERR,ERR,ERR,ERR,ERR,ERR,ERR,ERR,ERR,ERR,ERR,50.0,60.0,100,0.0,0.0,0.0,0.0,0.0,0.0,0.0,0.0,0.0,0.0,0.0,0.0,0.0,0.0,0.0,0.0,61.6,74,13,65512,50,65476,0,300,0,0,8,20529,65476,0,0,26214,60.0,0.0,0.0,0.0,0.0,0.0
2026-05-17T18:20:51,ERR,ERR,ERR,ERR,ERR,ERR,ERR,ERR,ERR,ERR,ERR,ERR,ERR,ERR,ERR,ERR,ERR,ERR,ERR,ERR,ERR,ERR,ERR,ERR,ERR,ERR,ERR,ERR,ERR,ERR,ERR,ERR,ERR,ERR,ERR,ERR,ERR,ERR,ERR,ERR,ERR,ERR,ERR,ERR,ERR,ERR,ERR,ERR,ERR,ERR,ERR,ERR,ERR,ERR,ERR,ERR,ERR,ERR,ERR,ERR,ERR,ERR,ERR,ERR,ERR,ERR,ERR,ERR,ERR,ERR,ERR,ERR,ERR,ERR,ERR,ERR,ERR,ERR,ERR,ERR,ERR,ERR,ERR,ERR,ERR,ERR,ERR,ERR,ERR,ERR,ERR,ERR,ERR,ERR,ERR,ERR,ERR,ERR,ERR,ERR,ERR,ERR,ERR,ERR,ERR,ERR,ERR,ERR,ERR,ERR,ERR,ERR,ERR,ERR,ERR,ERR,ERR,ERR,ERR,ERR,ERR,ERR,ERR,ERR,ERR,0.0,-107615296.0,-134474944.0,0.0,0.0,1.3936040501711995e+18,7.805,0.0,0,0,4,0,8422,0.0,45,0.0,0.0,0.0,0.0,0.0,0,0,0,0,0.0,0,0,0,0,0,0,0,0,0,0,0,0,0,0,0,0,0,0,0,0,0,0,0,0,0,0,0,0,0,0,0,0,0,38,14,7,45,65476,0,300,0,0,8,21553,0.0,-107605600.0,0.0,0.0,0.0,0.0,0.0,0.0,0.0,0.0,0.0,0.0,0.0,0.0,0.0,0.0,0.0,0.0,0.0,0.0,0.0,0.0,0.0,0.0,-0.0,0.0,0.0,0.0,0.0,0.0,5050.0,1.5879295420089355e+29,0.0,0.0,-107615296.0,-107615280.0,2.718429300292151e+23,0.0,0.0,0.0,0.0,53,-0.0,-0.0,0.0,0.0,0.0,0.0,0.0,0.0,0.0,0,0,0,0.0,0.0,0.0,0.0,0.0,0.0,0.0,0.0,0.0,0.0,0.0,0.0,0.0,0.0,0.0,0.0,0,-107875648.0,53,0.0,106,-107614832.0,0.0,ERR,ERR,ERR,ERR,ERR,ERR,ERR,ERR,ERR,ERR,ERR,ERR,ERR,ERR,ERR,ERR,ERR,ERR,ERR,ERR,ERR,ERR,ERR,ERR,ERR,ERR,ERR,ERR,ERR,ERR,ERR,ERR,ERR,ERR,ERR,ERR,ERR,ERR,ERR,ERR,ERR,ERR,ERR,ERR,ERR,ERR,ERR,ERR,ERR,ERR,ERR,ERR,ERR,ERR,ERR,ERR,ERR,ERR,ERR,ERR,ERR,ERR,ERR,ERR,ERR,ERR,ERR,50.0,60.0,100,0.0,0.0,0.0,0.0,0.0,0.0,0.0,0.0,0.0,0.0,0.0,0.0,0.0,0.0,0.0,0.0,61.6,74,13,65512,50,65476,0,300,0,0,8,20529,65476,0,0,26214,60.0,0.0,0.0,0.0,0.0,0.0
2026-05-17T18:20:52,ERR,ERR,ERR,ERR,ERR,ERR,ERR,ERR,ERR,ERR,ERR,ERR,ERR,ERR,ERR,ERR,ERR,ERR,ERR,ERR,ERR,ERR,ERR,ERR,ERR,ERR,ERR,ERR,ERR,ERR,ERR,ERR,ERR,ERR,ERR,ERR,ERR,ERR,ERR,ERR,ERR,ERR,ERR,ERR,ERR,ERR,ERR,ERR,ERR,ERR,ERR,ERR,ERR,ERR,ERR,ERR,ERR,ERR,ERR,ERR,ERR,ERR,ERR,ERR,ERR,ERR,ERR,ERR,ERR,ERR,ERR,ERR,ERR,ERR,ERR,ERR,ERR,ERR,ERR,ERR,ERR,ERR,ERR,ERR,ERR,ERR,ERR,ERR,ERR,ERR,ERR,ERR,ERR,ERR,ERR,ERR,ERR,ERR,ERR,ERR,ERR,ERR,ERR,ERR,ERR,ERR,ERR,ERR,ERR,ERR,ERR,ERR,ERR,ERR,ERR,ERR,ERR,ERR,ERR,ERR,ERR,ERR,ERR,ERR,ERR,0.0,-107615296.0,-134474944.0,0.0,0.0,1.3936040501711995e+18,7.805,0.0,0,0,4,0,8422,0.0,45,0.0,0.0,0.0,0.0,0.0,0,0,0,0,0.0,0,0,0,0,0,0,0,0,0,0,0,0,0,0,0,0,0,0,0,0,0,0,0,0,0,0,0,0,0,0,0,0,0,38,14,7,45,65476,0,300,0,0,8,21553,0.0,-107605600.0,0.0,0.0,0.0,0.0,0.0,0.0,0.0,0.0,0.0,0.0,0.0,0.0,0.0,0.0,0.0,0.0,0.0,0.0,0.0,0.0,0.0,0.0,-0.0,0.0,0.0,0.0,0.0,0.0,5050.0,1.5879295420089355e+29,0.0,0.0,-107615296.0,-107615280.0,2.718429300292151e+23,0.0,0.0,0.0,0.0,53,-0.0,-0.0,0.0,0.0,0.0,0.0,0.0,0.0,0.0,0,0,0,0.0,0.0,0.0,0.0,0.0,0.0,0.0,0.0,0.0,0.0,0.0,0.0,0.0,0.0,0.0,0.0,0,-107875648.0,53,0.0,106,-107614832.0,0.0,ERR,ERR,ERR,ERR,ERR,ERR,ERR,ERR,ERR,ERR,ERR,ERR,ERR,ERR,ERR,ERR,ERR,ERR,ERR,ERR,ERR,ERR,ERR,ERR,ERR,ERR,ERR,ERR,ERR,ERR,ERR,ERR,ERR,ERR,ERR,ERR,ERR,ERR,ERR,ERR,ERR,ERR,ERR,ERR,ERR,ERR,ERR,ERR,ERR,ERR,ERR,ERR,ERR,ERR,ERR,ERR,ERR,ERR,ERR,ERR,ERR,ERR,ERR,ERR,ERR,ERR,ERR,50.0,60.0,100,0.0,0.0,0.0,0.0,0.0,0.0,0.0,0.0,0.0,0.0,0.0,0.0,0.0,0.0,0.0,0.0,61.6,74,14,65512,50,65476,0,300,0,0,8,20529,65476,0,0,26214,60.0,0.0,0.0,0.0,0.0,0.0
2026-05-17T18:20:53,ERR,ERR,ERR,ERR,ERR,ERR,ERR,ERR,ERR,ERR,ERR,ERR,ERR,ERR,ERR,ERR,ERR,ERR,ERR,ERR,ERR,ERR,ERR,ERR,ERR,ERR,ERR,ERR,ERR,ERR,ERR,ERR,ERR,ERR,ERR,ERR,ERR,ERR,ERR,ERR,ERR,ERR,ERR,ERR,ERR,ERR,ERR,ERR,ERR,ERR,ERR,ERR,ERR,ERR,ERR,ERR,ERR,ERR,ERR,ERR,ERR,ERR,ERR,ERR,ERR,ERR,ERR,ERR,ERR,ERR,ERR,ERR,ERR,ERR,ERR,ERR,ERR,ERR,ERR,ERR,ERR,ERR,ERR,ERR,ERR,ERR,ERR,ERR,ERR,ERR,ERR,ERR,ERR,ERR,ERR,ERR,ERR,ERR,ERR,ERR,ERR,ERR,ERR,ERR,ERR,ERR,ERR,ERR,ERR,ERR,ERR,ERR,ERR,ERR,ERR,ERR,ERR,ERR,ERR,ERR,ERR,ERR,ERR,ERR,ERR,0.0,-107615296.0,-134474944.0,0.0,0.0,1.3936040501711995e+18,7.805,0.0,0,0,4,0,8422,0.0,45,0.0,0.0,0.0,0.0,0.0,0,0,0,0,0.0,0,0,0,0,0,0,0,0,0,0,0,0,0,0,0,0,0,0,0,0,0,0,0,0,0,0,0,0,0,0,0,0,0,38,14,7,45,65476,0,300,0,0,8,21553,0.0,-107605600.0,0.0,0.0,0.0,0.0,0.0,0.0,0.0,0.0,0.0,0.0,0.0,0.0,0.0,0.0,0.0,0.0,0.0,0.0,0.0,0.0,0.0,0.0,-0.0,0.0,0.0,0.0,0.0,0.0,5049.0,1.5879295420089355e+29,0.0,0.0,-107615296.0,-107615280.0,2.718429300292151e+23,0.0,0.0,0.0,0.0,53,-0.0,-0.0,0.0,0.0,0.0,0.0,0.0,0.0,0.0,0,0,0,0.0,0.0,0.0,0.0,0.0,0.0,0.0,0.0,0.0,0.0,0.0,0.0,0.0,0.0,0.0,0.0,0,-107875648.0,53,0.0,106,-107614832.0,0.0,ERR,ERR,ERR,ERR,ERR,ERR,ERR,ERR,ERR,ERR,ERR,ERR,ERR,ERR,ERR,ERR,ERR,ERR,ERR,ERR,ERR,ERR,ERR,ERR,ERR,ERR,ERR,ERR,ERR,ERR,ERR,ERR,ERR,ERR,ERR,ERR,ERR,ERR,ERR,ERR,ERR,ERR,ERR,ERR,ERR,ERR,ERR,ERR,ERR,ERR,ERR,ERR,ERR,ERR,ERR,ERR,ERR,ERR,ERR,ERR,ERR,ERR,ERR,ERR,ERR,ERR,ERR,50.0,60.0,100,0.0,0.0,0.0,0.0,0.0,0.0,0.0,0.0,0.0,0.0,0.0,0.0,0.0,0.0,0.0,0.0,61.6,74,14,65512,50,65476,0,300,0,0,8,20529,65476,0,0,26214,60.0,0.0,0.0,0.0,0.0,0.0
2026-05-17T18:20:54,ERR,ERR,ERR,ERR,ERR,ERR,ERR,ERR,ERR,ERR,ERR,ERR,ERR,ERR,ERR,ERR,ERR,ERR,ERR,ERR,ERR,ERR,ERR,ERR,ERR,ERR,ERR,ERR,ERR,ERR,ERR,ERR,ERR,ERR,ERR,ERR,ERR,ERR,ERR,ERR,ERR,ERR,ERR,ERR,ERR,ERR,ERR,ERR,ERR,ERR,ERR,ERR,ERR,ERR,ERR,ERR,ERR,ERR,ERR,ERR,ERR,ERR,ERR,ERR,ERR,ERR,ERR,ERR,ERR,ERR,ERR,ERR,ERR,ERR,ERR,ERR,ERR,ERR,ERR,ERR,ERR,ERR,ERR,ERR,ERR,ERR,ERR,ERR,ERR,ERR,ERR,ERR,ERR,ERR,ERR,ERR,ERR,ERR,ERR,ERR,ERR,ERR,ERR,ERR,ERR,ERR,ERR,ERR,ERR,ERR,ERR,ERR,ERR,ERR,ERR,ERR,ERR,ERR,ERR,ERR,ERR,ERR,ERR,ERR,ERR,0.0,-107615296.0,-134474944.0,0.0,0.0,1.3936040501711995e+18,7.805,0.0,0,0,4,0,8422,0.0,45,0.0,0.0,0.0,0.0,0.0,0,0,0,0,0.0,0,0,0,0,0,0,0,0,0,0,0,0,0,0,0,0,0,0,0,0,0,0,0,0,0,0,0,0,0,0,0,0,0,38,14,7,45,65476,0,300,0,0,8,21553,0.0,-107605600.0,0.0,0.0,0.0,0.0,0.0,0.0,0.0,0.0,0.0,0.0,0.0,0.0,0.0,0.0,0.0,0.0,0.0,0.0,0.0,0.0,0.0,0.0,-0.0,0.0,0.0,0.0,0.0,0.0,5049.0,1.5879295420089355e+29,0.0,0.0,-107615296.0,-107615280.0,2.718429300292151e+23,0.0,0.0,0.0,0.0,53,-0.0,-0.0,0.0,0.0,0.0,0.0,0.0,0.0,0.0,0,0,0,0.0,0.0,0.0,0.0,0.0,0.0,0.0,0.0,0.0,0.0,0.0,0.0,0.0,0.0,0.0,0.0,0,-107875648.0,53,0.0,106,-107614832.0,0.0,ERR,ERR,ERR,ERR,ERR,ERR,ERR,ERR,ERR,ERR,ERR,ERR,ERR,ERR,ERR,ERR,ERR,ERR,ERR,ERR,ERR,ERR,ERR,ERR,ERR,ERR,ERR,ERR,ERR,ERR,ERR,ERR,ERR,ERR,ERR,ERR,ERR,ERR,ERR,ERR,ERR,ERR,ERR,ERR,ERR,ERR,ERR,ERR,ERR,ERR,ERR,ERR,ERR,ERR,ERR,ERR,ERR,ERR,ERR,ERR,ERR,ERR,ERR,ERR,ERR,ERR,ERR,50.0,60.0,100,0.0,0.0,0.0,0.0,0.0,0.0,0.0,0.0,0.0,0.0,0.0,0.0,0.0,0.0,0.0,0.0,61.6,74,13,65512,50,65476,0,300,0,0,8,20529,65476,0,0,26214,60.0,0.0,0.0,0.0,0.0,0.0
2026-05-17T18:20:55,ERR,ERR,ERR,ERR,ERR,ERR,ERR,ERR,ERR,ERR,ERR,ERR,ERR,ERR,ERR,ERR,ERR,ERR,ERR,ERR,ERR,ERR,ERR,ERR,ERR,ERR,ERR,ERR,ERR,ERR,ERR,ERR,ERR,ERR,ERR,ERR,ERR,ERR,ERR,ERR,ERR,ERR,ERR,ERR,ERR,ERR,ERR,ERR,ERR,ERR,ERR,ERR,ERR,ERR,ERR,ERR,ERR,ERR,ERR,ERR,ERR,ERR,ERR,ERR,ERR,ERR,ERR,ERR,ERR,ERR,ERR,ERR,ERR,ERR,ERR,ERR,ERR,ERR,ERR,ERR,ERR,ERR,ERR,ERR,ERR,ERR,ERR,ERR,ERR,ERR,ERR,ERR,ERR,ERR,ERR,ERR,ERR,ERR,ERR,ERR,ERR,ERR,ERR,ERR,ERR,ERR,ERR,ERR,ERR,ERR,ERR,ERR,ERR,ERR,ERR,ERR,ERR,ERR,ERR,ERR,ERR,ERR,ERR,ERR,ERR,0.0,-107615296.0,-134474944.0,0.0,0.0,1.3936040501711995e+18,7.805,0.0,0,0,4,0,8422,0.0,45,0.0,0.0,0.0,0.0,0.0,0,0,0,0,0.0,0,0,0,0,0,0,0,0,0,0,0,0,0,0,0,0,0,0,0,0,0,0,0,0,0,0,0,0,0,0,0,0,0,38,14,7,45,65476,0,300,0,0,8,21553,0.0,-107605600.0,0.0,0.0,0.0,0.0,0.0,0.0,0.0,0.0,0.0,0.0,0.0,0.0,0.0,0.0,0.0,0.0,0.0,0.0,0.0,0.0,0.0,0.0,-0.0,0.0,0.0,0.0,0.0,0.0,5049.0,1.5879295420089355e+29,0.0,0.0,-107615296.0,-107615280.0,2.718429300292151e+23,0.0,0.0,0.0,0.0,53,-0.0,-0.0,0.0,0.0,0.0,0.0,0.0,0.0,0.0,0,0,0,0.0,0.0,0.0,0.0,0.0,0.0,0.0,0.0,0.0,0.0,0.0,0.0,0.0,0.0,0.0,0.0,0,-107875648.0,53,0.0,106,-107614832.0,0.0,ERR,ERR,ERR,ERR,ERR,ERR,ERR,ERR,ERR,ERR,ERR,ERR,ERR,ERR,ERR,ERR,ERR,ERR,ERR,ERR,ERR,ERR,ERR,ERR,ERR,ERR,ERR,ERR,ERR,ERR,ERR,ERR,ERR,ERR,ERR,ERR,ERR,ERR,ERR,ERR,ERR,ERR,ERR,ERR,ERR,ERR,ERR,ERR,ERR,ERR,ERR,ERR,ERR,ERR,ERR,ERR,ERR,ERR,ERR,ERR,ERR,ERR,ERR,ERR,ERR,ERR,ERR,50.0,60.0,100,0.0,0.0,0.0,0.0,0.0,0.0,0.0,0.0,0.0,0.0,0.0,0.0,0.0,0.0,0.0,0.0,62.0,74,13,65512,50,65476,0,300,0,0,8,20529,65476,0,0,26214,60.0,0.0,0.0,0.0,0.0,0.0
2026-05-17T18:20:56,ERR,ERR,ERR,ERR,ERR,ERR,ERR,ERR,ERR,ERR,ERR,ERR,ERR,ERR,ERR,ERR,ERR,ERR,ERR,ERR,ERR,ERR,ERR,ERR,ERR,ERR,ERR,ERR,ERR,ERR,ERR,ERR,ERR,ERR,ERR,ERR,ERR,ERR,ERR,ERR,ERR,ERR,ERR,ERR,ERR,ERR,ERR,ERR,ERR,ERR,ERR,ERR,ERR,ERR,ERR,ERR,ERR,ERR,ERR,ERR,ERR,ERR,ERR,ERR,ERR,ERR,ERR,ERR,ERR,ERR,ERR,ERR,ERR,ERR,ERR,ERR,ERR,ERR,ERR,ERR,ERR,ERR,ERR,ERR,ERR,ERR,ERR,ERR,ERR,ERR,ERR,ERR,ERR,ERR,ERR,ERR,ERR,ERR,ERR,ERR,ERR,ERR,ERR,ERR,ERR,ERR,ERR,ERR,ERR,ERR,ERR,ERR,ERR,ERR,ERR,ERR,ERR,ERR,ERR,ERR,ERR,ERR,ERR,ERR,ERR,0.0,-107615296.0,-134474944.0,0.0,0.0,1.3936040501711995e+18,7.805,0.0,0,0,4,0,8422,0.0,45,0.0,0.0,0.0,0.0,0.0,0,0,0,0,0.0,0,0,0,0,0,0,0,0,0,0,0,0,0,0,0,0,0,0,0,0,0,0,0,0,0,0,0,0,0,0,0,0,0,38,14,7,45,65476,0,300,0,0,8,21553,0.0,-107605600.0,0.0,0.0,0.0,0.0,0.0,0.0,0.0,0.0,0.0,0.0,0.0,0.0,0.0,0.0,0.0,0.0,0.0,0.0,0.0,0.0,0.0,0.0,-0.0,0.0,0.0,0.0,0.0,0.0,5049.0,1.5879295420089355e+29,0.0,0.0,-107615296.0,-107615280.0,2.718429300292151e+23,0.0,0.0,0.0,0.0,53,-0.0,-0.0,0.0,0.0,0.0,0.0,0.0,0.0,0.0,0,0,0,0.0,0.0,0.0,0.0,0.0,0.0,0.0,0.0,0.0,0.0,0.0,0.0,0.0,0.0,0.0,0.0,0,-107875648.0,53,0.0,106,-107614832.0,0.0,ERR,ERR,ERR,ERR,ERR,ERR,ERR,ERR,ERR,ERR,ERR,ERR,ERR,ERR,ERR,ERR,ERR,ERR,ERR,ERR,ERR,ERR,ERR,ERR,ERR,ERR,ERR,ERR,ERR,ERR,ERR,ERR,ERR,ERR,ERR,ERR,ERR,ERR,ERR,ERR,ERR,ERR,ERR,ERR,ERR,ERR,ERR,ERR,ERR,ERR,ERR,ERR,ERR,ERR,ERR,ERR,ERR,ERR,ERR,ERR,ERR,ERR,ERR,ERR,ERR,ERR,ERR,50.0,60.0,100,0.0,0.0,0.0,0.0,0.0,0.0,0.0,0.0,0.0,0.0,0.0,0.0,0.0,0.0,0.0,0.0,62.0,74,13,65512,50,65476,0,300,0,0,8,20529,65476,0,0,26214,60.0,0.0,0.0,0.0,0.0,0.0
2026-05-17T18:20:57,ERR,ERR,ERR,ERR,ERR,ERR,ERR,ERR,ERR,ERR,ERR,ERR,ERR,ERR,ERR,ERR,ERR,ERR,ERR,ERR,ERR,ERR,ERR,ERR,ERR,ERR,ERR,ERR,ERR,ERR,ERR,ERR,ERR,ERR,ERR,ERR,ERR,ERR,ERR,ERR,ERR,ERR,ERR,ERR,ERR,ERR,ERR,ERR,ERR,ERR,ERR,ERR,ERR,ERR,ERR,ERR,ERR,ERR,ERR,ERR,ERR,ERR,ERR,ERR,ERR,ERR,ERR,ERR,ERR,ERR,ERR,ERR,ERR,ERR,ERR,ERR,ERR,ERR,ERR,ERR,ERR,ERR,ERR,ERR,ERR,ERR,ERR,ERR,ERR,ERR,ERR,ERR,ERR,ERR,ERR,ERR,ERR,ERR,ERR,ERR,ERR,ERR,ERR,ERR,ERR,ERR,ERR,ERR,ERR,ERR,ERR,ERR,ERR,ERR,ERR,ERR,ERR,ERR,ERR,ERR,ERR,ERR,ERR,ERR,ERR,0.0,-107615296.0,-134474944.0,0.0,0.0,1.3936040501711995e+18,7.805,0.0,0,0,4,0,8422,0.0,45,0.0,0.0,0.0,0.0,0.0,0,0,0,0,0.0,0,0,0,0,0,0,0,0,0,0,0,0,0,0,0,0,0,0,0,0,0,0,0,0,0,0,0,0,0,0,0,0,0,38,14,7,45,65476,0,300,0,0,8,21553,0.0,-107605600.0,0.0,0.0,0.0,0.0,0.0,0.0,0.0,0.0,0.0,0.0,0.0,0.0,0.0,0.0,0.0,0.0,0.0,0.0,0.0,0.0,0.0,0.0,-0.0,0.0,0.0,0.0,0.0,0.0,5049.0,1.5879295420089355e+29,0.0,0.0,-107615296.0,-107615280.0,2.718429300292151e+23,0.0,0.0,0.0,0.0,53,-0.0,-0.0,0.0,0.0,0.0,0.0,0.0,0.0,0.0,0,0,0,0.0,0.0,0.0,0.0,0.0,0.0,0.0,0.0,0.0,0.0,0.0,0.0,0.0,0.0,0.0,0.0,0,-107875648.0,53,0.0,106,-107614832.0,0.0,ERR,ERR,ERR,ERR,ERR,ERR,ERR,ERR,ERR,ERR,ERR,ERR,ERR,ERR,ERR,ERR,ERR,ERR,ERR,ERR,ERR,ERR,ERR,ERR,ERR,ERR,ERR,ERR,ERR,ERR,ERR,ERR,ERR,ERR,ERR,ERR,ERR,ERR,ERR,ERR,ERR,ERR,ERR,ERR,ERR,ERR,ERR,ERR,ERR,ERR,ERR,ERR,ERR,ERR,ERR,ERR,ERR,ERR,ERR,ERR,ERR,ERR,ERR,ERR,ERR,ERR,ERR,50.0,60.0,100,0.0,0.0,0.0,0.0,0.0,0.0,0.0,0.0,0.0,0.0,0.0,0.0,0.0,0.0,0.0,0.0,62.0,74,13,65512,50,65476,0,300,0,0,8,20529,65476,0,0,26214,60.0,0.0,0.0,0.0,0.0,0.0
2026-05-17T18:20:58,ERR,ERR,ERR,ERR,ERR,ERR,ERR,ERR,ERR,ERR,ERR,ERR,ERR,ERR,ERR,ERR,ERR,ERR,ERR,ERR,ERR,ERR,ERR,ERR,ERR,ERR,ERR,ERR,ERR,ERR,ERR,ERR,ERR,ERR,ERR,ERR,ERR,ERR,ERR,ERR,ERR,ERR,ERR,ERR,ERR,ERR,ERR,ERR,ERR,ERR,ERR,ERR,ERR,ERR,ERR,ERR,ERR,ERR,ERR,ERR,ERR,ERR,ERR,ERR,ERR,ERR,ERR,ERR,ERR,ERR,ERR,ERR,ERR,ERR,ERR,ERR,ERR,ERR,ERR,ERR,ERR,ERR,ERR,ERR,ERR,ERR,ERR,ERR,ERR,ERR,ERR,ERR,ERR,ERR,ERR,ERR,ERR,ERR,ERR,ERR,ERR,ERR,ERR,ERR,ERR,ERR,ERR,ERR,ERR,ERR,ERR,ERR,ERR,ERR,ERR,ERR,ERR,ERR,ERR,ERR,ERR,ERR,ERR,ERR,ERR,0.0,-107615296.0,-134474944.0,0.0,0.0,1.3936040501711995e+18,7.805,0.0,0,0,4,0,8422,0.0,45,0.0,0.0,0.0,0.0,0.0,0,0,0,0,0.0,0,0,0,0,0,0,0,0,0,0,0,0,0,0,0,0,0,0,0,0,0,0,0,0,0,0,0,0,0,0,0,0,0,38,14,7,45,65476,0,300,0,0,8,21553,0.0,-107605600.0,0.0,0.0,0.0,0.0,0.0,0.0,0.0,0.0,0.0,0.0,0.0,0.0,0.0,0.0,0.0,0.0,0.0,0.0,0.0,0.0,0.0,0.0,-0.0,0.0,0.0,0.0,0.0,0.0,5045.0,2.422988192762658e+24,0.0,0.0,-107615296.0,-107615280.0,2.718429300292151e+23,0.0,0.0,0.0,0.0,53,-0.0,5.848056079300204e+35,0.0,0.0,0.0,0.0,0.0,0.0,0.0,0,0,0,0.0,0.0,0.0,0.0,0.0,0.0,0.0,0.0,0.0,0.0,0.0,0.0,0.0,0.0,0.0,0.0,0,-107875648.0,53,0.0,106,-107614832.0,0.0,ERR,ERR,ERR,ERR,ERR,ERR,ERR,ERR,ERR,ERR,ERR,ERR,ERR,ERR,ERR,ERR,ERR,ERR,ERR,ERR,ERR,ERR,ERR,ERR,ERR,ERR,ERR,ERR,ERR,ERR,ERR,ERR,ERR,ERR,ERR,ERR,ERR,ERR,ERR,ERR,ERR,ERR,ERR,ERR,ERR,ERR,ERR,ERR,ERR,ERR,ERR,ERR,ERR,ERR,ERR,ERR,ERR,ERR,ERR,ERR,ERR,ERR,ERR,ERR,ERR,ERR,ERR,50.0,60.0,100,0.0,0.0,0.0,0.0,0.0,0.0,0.0,0.0,0.0,0.0,0.0,0.0,0.0,0.0,0.0,0.0,62.0,74,13,65512,50,65476,0,300,0,0,8,20529,65476,0,0,26214,60.0,0.0,0.0,0.0,0.0,0.0
2026-05-17T18:20:59,ERR,ERR,ERR,ERR,ERR,ERR,ERR,ERR,ERR,ERR,ERR,ERR,ERR,ERR,ERR,ERR,ERR,ERR,ERR,ERR,ERR,ERR,ERR,ERR,ERR,ERR,ERR,ERR,ERR,ERR,ERR,ERR,ERR,ERR,ERR,ERR,ERR,ERR,ERR,ERR,ERR,ERR,ERR,ERR,ERR,ERR,ERR,ERR,ERR,ERR,ERR,ERR,ERR,ERR,ERR,ERR,ERR,ERR,ERR,ERR,ERR,ERR,ERR,ERR,ERR,ERR,ERR,ERR,ERR,ERR,ERR,ERR,ERR,ERR,ERR,ERR,ERR,ERR,ERR,ERR,ERR,ERR,ERR,ERR,ERR,ERR,ERR,ERR,ERR,ERR,ERR,ERR,ERR,ERR,ERR,ERR,ERR,ERR,ERR,ERR,ERR,ERR,ERR,ERR,ERR,ERR,ERR,ERR,ERR,ERR,ERR,ERR,ERR,ERR,ERR,ERR,ERR,ERR,ERR,ERR,ERR,ERR,ERR,ERR,ERR,0.0,-107615296.0,-134474944.0,0.0,0.0,1.3936040501711995e+18,7.805,0.0,0,0,4,0,8422,0.0,45,0.0,0.0,0.0,0.0,0.0,0,0,0,0,0.0,0,0,0,0,0,0,0,0,0,0,0,0,0,0,0,0,0,0,0,0,0,0,0,0,0,0,0,0,0,0,0,0,0,38,14,7,45,65476,0,300,0,0,8,21553,0.0,-107605600.0,0.0,0.0,0.0,0.0,0.0,0.0,0.0,0.0,0.0,0.0,0.0,0.0,0.0,0.0,0.0,0.0,0.0,0.0,0.0,0.0,0.0,0.0,-0.0,0.0,0.0,0.0,0.0,0.0,5045.0,2.422988192762658e+24,0.0,0.0,-107615296.0,-107615280.0,2.718429300292151e+23,0.0,0.0,0.0,0.0,53,-0.0,5.848056079300204e+35,0.0,0.0,0.0,0.0,0.0,0.0,0.0,0,0,0,0.0,0.0,0.0,0.0,0.0,0.0,0.0,0.0,0.0,0.0,0.0,0.0,0.0,0.0,0.0,0.0,0,-107875648.0,53,0.0,106,-107614832.0,0.0,ERR,ERR,ERR,ERR,ERR,ERR,ERR,ERR,ERR,ERR,ERR,ERR,ERR,ERR,ERR,ERR,ERR,ERR,ERR,ERR,ERR,ERR,ERR,ERR,ERR,ERR,ERR,ERR,ERR,ERR,ERR,ERR,ERR,ERR,ERR,ERR,ERR,ERR,ERR,ERR,ERR,ERR,ERR,ERR,ERR,ERR,ERR,ERR,ERR,ERR,ERR,ERR,ERR,ERR,ERR,ERR,ERR,ERR,ERR,ERR,ERR,ERR,ERR,ERR,ERR,ERR,ERR,50.0,60.0,100,0.0,0.0,0.0,0.0,0.0,0.0,0.0,0.0,0.0,0.0,0.0,0.0,0.0,0.0,0.0,0.0,62.0,74,13,65512,50,65476,0,300,0,0,8,20529,65476,0,0,26214,60.0,0.0,0.0,0.0,0.0,0.0
2026-05-17T18:21:00,ERR,ERR,ERR,ERR,ERR,ERR,ERR,ERR,ERR,ERR,ERR,ERR,ERR,ERR,ERR,ERR,ERR,ERR,ERR,ERR,ERR,ERR,ERR,ERR,ERR,ERR,ERR,ERR,ERR,ERR,ERR,ERR,ERR,ERR,ERR,ERR,ERR,ERR,ERR,ERR,ERR,ERR,ERR,ERR,ERR,ERR,ERR,ERR,ERR,ERR,ERR,ERR,ERR,ERR,ERR,ERR,ERR,ERR,ERR,ERR,ERR,ERR,ERR,ERR,ERR,ERR,ERR,ERR,ERR,ERR,ERR,ERR,ERR,ERR,ERR,ERR,ERR,ERR,ERR,ERR,ERR,ERR,ERR,ERR,ERR,ERR,ERR,ERR,ERR,ERR,ERR,ERR,ERR,ERR,ERR,ERR,ERR,ERR,ERR,ERR,ERR,ERR,ERR,ERR,ERR,ERR,ERR,ERR,ERR,ERR,ERR,ERR,ERR,ERR,ERR,ERR,ERR,ERR,ERR,ERR,ERR,ERR,ERR,ERR,ERR,0.0,-107615296.0,-134474944.0,0.0,0.0,1.3936040501711995e+18,7.805,0.0,0,0,4,0,8422,0.0,45,0.0,0.0,0.0,0.0,0.0,0,0,0,0,0.0,0,0,0,0,0,0,0,0,0,0,0,0,0,0,0,0,0,0,0,0,0,0,0,0,0,0,0,0,0,0,0,0,0,38,14,7,45,65476,0,300,0,0,8,21553,0.0,-107605600.0,0.0,0.0,0.0,0.0,0.0,0.0,0.0,0.0,0.0,0.0,0.0,0.0,0.0,0.0,0.0,0.0,0.0,0.0,0.0,0.0,0.0,0.0,-0.0,0.0,0.0,0.0,0.0,0.0,5045.0,2.422988192762658e+24,0.0,0.0,-107615296.0,-107615280.0,2.718429300292151e+23,0.0,0.0,0.0,0.0,53,-0.0,5.848056079300204e+35,0.0,0.0,0.0,0.0,0.0,0.0,0.0,0,0,0,0.0,0.0,0.0,0.0,0.0,0.0,0.0,0.0,0.0,0.0,0.0,0.0,0.0,0.0,0.0,0.0,0,-107875648.0,53,0.0,106,-107614832.0,0.0,ERR,ERR,ERR,ERR,ERR,ERR,ERR,ERR,ERR,ERR,ERR,ERR,ERR,ERR,ERR,ERR,ERR,ERR,ERR,ERR,ERR,ERR,ERR,ERR,ERR,ERR,ERR,ERR,ERR,ERR,ERR,ERR,ERR,ERR,ERR,ERR,ERR,ERR,ERR,ERR,ERR,ERR,ERR,ERR,ERR,ERR,ERR,ERR,ERR,ERR,ERR,ERR,ERR,ERR,ERR,ERR,ERR,ERR,ERR,ERR,ERR,ERR,ERR,ERR,ERR,ERR,ERR,50.0,60.0,100,0.0,0.0,0.0,0.0,0.0,0.0,0.0,0.0,0.0,0.0,0.0,0.0,0.0,0.0,0.0,0.0,62.0,74,13,65512,50,65476,0,300,0,0,8,20529,65476,0,0,26214,60.0,0.0,0.0,0.0,0.0,0.0
2026-05-17T18:21:01,ERR,ERR,ERR,ERR,ERR,ERR,ERR,ERR,ERR,ERR,ERR,ERR,ERR,ERR,ERR,ERR,ERR,ERR,ERR,ERR,ERR,ERR,ERR,ERR,ERR,ERR,ERR,ERR,ERR,ERR,ERR,ERR,ERR,ERR,ERR,ERR,ERR,ERR,ERR,ERR,ERR,ERR,ERR,ERR,ERR,ERR,ERR,ERR,ERR,ERR,ERR,ERR,ERR,ERR,ERR,ERR,ERR,ERR,ERR,ERR,ERR,ERR,ERR,ERR,ERR,ERR,ERR,ERR,ERR,ERR,ERR,ERR,ERR,ERR,ERR,ERR,ERR,ERR,ERR,ERR,ERR,ERR,ERR,ERR,ERR,ERR,ERR,ERR,ERR,ERR,ERR,ERR,ERR,ERR,ERR,ERR,ERR,ERR,ERR,ERR,ERR,ERR,ERR,ERR,ERR,ERR,ERR,ERR,ERR,ERR,ERR,ERR,ERR,ERR,ERR,ERR,ERR,ERR,ERR,ERR,ERR,ERR,ERR,ERR,ERR,0.0,-107615296.0,-134474944.0,0.0,0.0,1.3936040501711995e+18,7.805,0.0,0,0,4,0,8422,0.0,45,0.0,0.0,0.0,0.0,0.0,0,0,0,0,0.0,0,0,0,0,0,0,0,0,0,0,0,0,0,0,0,0,0,0,0,0,0,0,0,0,0,0,0,0,0,0,0,0,0,38,14,7,45,65476,0,300,0,0,8,21553,0.0,-107605600.0,0.0,0.0,0.0,0.0,0.0,0.0,0.0,0.0,0.0,0.0,0.0,0.0,0.0,0.0,0.0,0.0,0.0,0.0,0.0,0.0,0.0,0.0,-0.0,0.0,0.0,0.0,0.0,0.0,5045.0,2.422988192762658e+24,0.0,0.0,-107615296.0,-107615280.0,2.718429300292151e+23,0.0,0.0,0.0,0.0,53,-0.0,5.848056079300204e+35,0.0,0.0,0.0,0.0,0.0,0.0,0.0,0,0,0,0.0,0.0,0.0,0.0,0.0,0.0,0.0,0.0,0.0,0.0,0.0,0.0,0.0,0.0,0.0,0.0,0,-107875648.0,53,0.0,106,-107614832.0,0.0,ERR,ERR,ERR,ERR,ERR,ERR,ERR,ERR,ERR,ERR,ERR,ERR,ERR,ERR,ERR,ERR,ERR,ERR,ERR,ERR,ERR,ERR,ERR,ERR,ERR,ERR,ERR,ERR,ERR,ERR,ERR,ERR,ERR,ERR,ERR,ERR,ERR,ERR,ERR,ERR,ERR,ERR,ERR,ERR,ERR,ERR,ERR,ERR,ERR,ERR,ERR,ERR,ERR,ERR,ERR,ERR,ERR,ERR,ERR,ERR,ERR,ERR,ERR,ERR,ERR,ERR,ERR,50.0,60.0,100,0.0,0.0,0.0,0.0,0.0,0.0,0.0,0.0,0.0,0.0,0.0,0.0,0.0,0.0,0.0,0.0,61.6,74,13,65512,50,65476,0,300,0,0,8,20529,65476,0,0,26214,60.0,0.0,0.0,0.0,0.0,0.0
2026-05-17T18:21:02,ERR,ERR,ERR,ERR,ERR,ERR,ERR,ERR,ERR,ERR,ERR,ERR,ERR,ERR,ERR,ERR,ERR,ERR,ERR,ERR,ERR,ERR,ERR,ERR,ERR,ERR,ERR,ERR,ERR,ERR,ERR,ERR,ERR,ERR,ERR,ERR,ERR,ERR,ERR,ERR,ERR,ERR,ERR,ERR,ERR,ERR,ERR,ERR,ERR,ERR,ERR,ERR,ERR,ERR,ERR,ERR,ERR,ERR,ERR,ERR,ERR,ERR,ERR,ERR,ERR,ERR,ERR,ERR,ERR,ERR,ERR,ERR,ERR,ERR,ERR,ERR,ERR,ERR,ERR,ERR,ERR,ERR,ERR,ERR,ERR,ERR,ERR,ERR,ERR,ERR,ERR,ERR,ERR,ERR,ERR,ERR,ERR,ERR,ERR,ERR,ERR,ERR,ERR,ERR,ERR,ERR,ERR,ERR,ERR,ERR,ERR,ERR,ERR,ERR,ERR,ERR,ERR,ERR,ERR,ERR,ERR,ERR,ERR,ERR,ERR,0.0,-107615296.0,-134474944.0,0.0,0.0,1.3936040501711995e+18,7.805,0.0,0,0,4,0,8422,0.0,45,0.0,0.0,0.0,0.0,0.0,0,0,0,0,0.0,0,0,0,0,0,0,0,0,0,0,0,0,0,0,0,0,0,0,0,0,0,0,0,0,0,0,0,0,0,0,0,0,0,38,14,7,45,65476,0,300,0,0,8,21553,0.0,-107605600.0,0.0,0.0,0.0,0.0,0.0,0.0,0.0,0.0,0.0,0.0,0.0,0.0,0.0,0.0,0.0,0.0,0.0,0.0,0.0,0.0,0.0,0.0,-0.0,0.0,0.0,0.0,0.0,0.0,5045.0,2.422988192762658e+24,0.0,0.0,-107615296.0,-107615280.0,2.718429300292151e+23,0.0,0.0,0.0,0.0,53,-0.0,5.848056079300204e+35,0.0,0.0,0.0,0.0,0.0,0.0,0.0,0,0,0,0.0,0.0,0.0,0.0,0.0,0.0,0.0,0.0,0.0,0.0,0.0,0.0,0.0,0.0,0.0,0.0,0,-107875648.0,53,0.0,106,-107614832.0,0.0,ERR,ERR,ERR,ERR,ERR,ERR,ERR,ERR,ERR,ERR,ERR,ERR,ERR,ERR,ERR,ERR,ERR,ERR,ERR,ERR,ERR,ERR,ERR,ERR,ERR,ERR,ERR,ERR,ERR,ERR,ERR,ERR,ERR,ERR,ERR,ERR,ERR,ERR,ERR,ERR,ERR,ERR,ERR,ERR,ERR,ERR,ERR,ERR,ERR,ERR,ERR,ERR,ERR,ERR,ERR,ERR,ERR,ERR,ERR,ERR,ERR,ERR,ERR,ERR,ERR,ERR,ERR,50.0,60.0,100,0.0,0.0,0.0,0.0,0.0,0.0,0.0,0.0,0.0,0.0,0.0,0.0,0.0,0.0,0.0,0.0,61.6,74,13,65512,50,65476,0,300,0,0,8,20529,65476,0,0,26214,60.0,0.0,0.0,0.0,0.0,0.0
2026-05-17T18:21:03,ERR,ERR,ERR,ERR,ERR,ERR,ERR,ERR,ERR,ERR,ERR,ERR,ERR,ERR,ERR,ERR,ERR,ERR,ERR,ERR,ERR,ERR,ERR,ERR,ERR,ERR,ERR,ERR,ERR,ERR,ERR,ERR,ERR,ERR,ERR,ERR,ERR,ERR,ERR,ERR,ERR,ERR,ERR,ERR,ERR,ERR,ERR,ERR,ERR,ERR,ERR,ERR,ERR,ERR,ERR,ERR,ERR,ERR,ERR,ERR,ERR,ERR,ERR,ERR,ERR,ERR,ERR,ERR,ERR,ERR,ERR,ERR,ERR,ERR,ERR,ERR,ERR,ERR,ERR,ERR,ERR,ERR,ERR,ERR,ERR,ERR,ERR,ERR,ERR,ERR,ERR,ERR,ERR,ERR,ERR,ERR,ERR,ERR,ERR,ERR,ERR,ERR,ERR,ERR,ERR,ERR,ERR,ERR,ERR,ERR,ERR,ERR,ERR,ERR,ERR,ERR,ERR,ERR,ERR,ERR,ERR,ERR,ERR,ERR,ERR,0.0,-107615296.0,-134474944.0,0.0,0.0,1.3936040501711995e+18,7.805,0.0,0,0,4,0,8422,0.0,45,0.0,0.0,0.0,0.0,0.0,0,0,0,0,0.0,0,0,0,0,0,0,0,0,0,0,0,0,0,0,0,0,0,0,0,0,0,0,0,0,0,0,0,0,0,0,0,0,0,38,14,7,45,65476,0,300,0,0,8,21553,0.0,-107605600.0,0.0,0.0,0.0,0.0,0.0,0.0,0.0,0.0,0.0,0.0,0.0,0.0,0.0,0.0,0.0,0.0,0.0,0.0,0.0,0.0,0.0,0.0,-0.0,0.0,0.0,0.0,0.0,0.0,5045.0,0.0,0.0,0.0,-107615296.0,-107615280.0,2.718429300292151e+23,0.0,0.0,0.0,0.0,53,-0.0,-4.9504015179484054e+32,0.0,0.0,0.0,0.0,0.0,0.0,0.0,0,0,0,0.0,0.0,0.0,0.0,0.0,0.0,0.0,0.0,0.0,0.0,0.0,0.0,0.0,0.0,0.0,0.0,0,-107875648.0,53,0.0,106,-107614832.0,0.0,ERR,ERR,ERR,ERR,ERR,ERR,ERR,ERR,ERR,ERR,ERR,ERR,ERR,ERR,ERR,ERR,ERR,ERR,ERR,ERR,ERR,ERR,ERR,ERR,ERR,ERR,ERR,ERR,ERR,ERR,ERR,ERR,ERR,ERR,ERR,ERR,ERR,ERR,ERR,ERR,ERR,ERR,ERR,ERR,ERR,ERR,ERR,ERR,ERR,ERR,ERR,ERR,ERR,ERR,ERR,ERR,ERR,ERR,ERR,ERR,ERR,ERR,ERR,ERR,ERR,ERR,ERR,50.0,60.0,100,0.0,0.0,0.0,0.0,0.0,0.0,0.0,0.0,0.0,0.0,0.0,0.0,0.0,0.0,0.0,0.0,61.6,74,13,65512,50,65476,0,300,0,0,8,20529,65476,0,0,26214,60.0,0.0,0.0,0.0,0.0,0.0
2026-05-17T18:21:04,ERR,ERR,ERR,ERR,ERR,ERR,ERR,ERR,ERR,ERR,ERR,ERR,ERR,ERR,ERR,ERR,ERR,ERR,ERR,ERR,ERR,ERR,ERR,ERR,ERR,ERR,ERR,ERR,ERR,ERR,ERR,ERR,ERR,ERR,ERR,ERR,ERR,ERR,ERR,ERR,ERR,ERR,ERR,ERR,ERR,ERR,ERR,ERR,ERR,ERR,ERR,ERR,ERR,ERR,ERR,ERR,ERR,ERR,ERR,ERR,ERR,ERR,ERR,ERR,ERR,ERR,ERR,ERR,ERR,ERR,ERR,ERR,ERR,ERR,ERR,ERR,ERR,ERR,ERR,ERR,ERR,ERR,ERR,ERR,ERR,ERR,ERR,ERR,ERR,ERR,ERR,ERR,ERR,ERR,ERR,ERR,ERR,ERR,ERR,ERR,ERR,ERR,ERR,ERR,ERR,ERR,ERR,ERR,ERR,ERR,ERR,ERR,ERR,ERR,ERR,ERR,ERR,ERR,ERR,ERR,ERR,ERR,ERR,ERR,ERR,0.0,-107615296.0,-134474944.0,0.0,0.0,1.3936040501711995e+18,7.805,0.0,0,0,4,0,8422,0.0,45,0.0,0.0,0.0,0.0,0.0,0,0,0,0,0.0,0,0,0,0,0,0,0,0,0,0,0,0,0,0,0,0,0,0,0,0,0,0,0,0,0,0,0,0,0,0,0,0,0,38,14,7,45,65476,0,300,0,0,8,21553,0.0,-107605600.0,0.0,0.0,0.0,0.0,0.0,0.0,0.0,0.0,0.0,0.0,0.0,0.0,0.0,0.0,0.0,0.0,0.0,0.0,0.0,0.0,0.0,0.0,-0.0,0.0,0.0,0.0,0.0,0.0,5045.0,0.0,0.0,0.0,-107615296.0,-107615280.0,2.718429300292151e+23,0.0,0.0,0.0,0.0,53,-0.0,-4.9504015179484054e+32,0.0,0.0,0.0,0.0,0.0,0.0,0.0,0,0,0,0.0,0.0,0.0,0.0,0.0,0.0,0.0,0.0,0.0,0.0,0.0,0.0,0.0,0.0,0.0,0.0,0,-107875648.0,53,0.0,106,-107614832.0,0.0,ERR,ERR,ERR,ERR,ERR,ERR,ERR,ERR,ERR,ERR,ERR,ERR,ERR,ERR,ERR,ERR,ERR,ERR,ERR,ERR,ERR,ERR,ERR,ERR,ERR,ERR,ERR,ERR,ERR,ERR,ERR,ERR,ERR,ERR,ERR,ERR,ERR,ERR,ERR,ERR,ERR,ERR,ERR,ERR,ERR,ERR,ERR,ERR,ERR,ERR,ERR,ERR,ERR,ERR,ERR,ERR,ERR,ERR,ERR,ERR,ERR,ERR,ERR,ERR,ERR,ERR,ERR,50.0,60.0,100,0.0,0.0,0.0,0.0,0.0,0.0,0.0,0.0,0.0,0.0,0.0,0.0,0.0,0.0,0.0,0.0,61.6,74,14,65512,50,65476,0,300,0,0,8,20529,65476,0,0,26214,60.0,0.0,0.0,0.0,0.0,0.0
2026-05-17T18:21:05,ERR,ERR,ERR,ERR,ERR,ERR,ERR,ERR,ERR,ERR,ERR,ERR,ERR,ERR,ERR,ERR,ERR,ERR,ERR,ERR,ERR,ERR,ERR,ERR,ERR,ERR,ERR,ERR,ERR,ERR,ERR,ERR,ERR,ERR,ERR,ERR,ERR,ERR,ERR,ERR,ERR,ERR,ERR,ERR,ERR,ERR,ERR,ERR,ERR,ERR,ERR,ERR,ERR,ERR,ERR,ERR,ERR,ERR,ERR,ERR,ERR,ERR,ERR,ERR,ERR,ERR,ERR,ERR,ERR,ERR,ERR,ERR,ERR,ERR,ERR,ERR,ERR,ERR,ERR,ERR,ERR,ERR,ERR,ERR,ERR,ERR,ERR,ERR,ERR,ERR,ERR,ERR,ERR,ERR,ERR,ERR,ERR,ERR,ERR,ERR,ERR,ERR,ERR,ERR,ERR,ERR,ERR,ERR,ERR,ERR,ERR,ERR,ERR,ERR,ERR,ERR,ERR,ERR,ERR,ERR,ERR,ERR,ERR,ERR,ERR,0.0,-107615296.0,-134474944.0,0.0,0.0,1.3936040501711995e+18,7.805,0.0,0,0,4,0,8422,0.0,45,0.0,0.0,0.0,0.0,0.0,0,0,0,0,0.0,0,0,0,0,0,0,0,0,0,0,0,0,0,0,0,0,0,0,0,0,0,0,0,0,0,0,0,0,0,0,0,0,0,38,14,7,45,65476,0,300,0,0,8,21553,0.0,-107605600.0,0.0,0.0,0.0,0.0,0.0,0.0,0.0,0.0,0.0,0.0,0.0,0.0,0.0,0.0,0.0,0.0,0.0,0.0,0.0,0.0,0.0,0.0,-0.0,0.0,0.0,0.0,0.0,0.0,5045.0,0.0,0.0,0.0,-107615296.0,-107615280.0,2.718429300292151e+23,0.0,0.0,0.0,0.0,53,-0.0,-4.9504015179484054e+32,0.0,0.0,0.0,0.0,0.0,0.0,0.0,0,0,0,0.0,0.0,0.0,0.0,0.0,0.0,0.0,0.0,0.0,0.0,0.0,0.0,0.0,0.0,0.0,0.0,0,-107875648.0,53,0.0,106,-107614832.0,0.0,ERR,ERR,ERR,ERR,ERR,ERR,ERR,ERR,ERR,ERR,ERR,ERR,ERR,ERR,ERR,ERR,ERR,ERR,ERR,ERR,ERR,ERR,ERR,ERR,ERR,ERR,ERR,ERR,ERR,ERR,ERR,ERR,ERR,ERR,ERR,ERR,ERR,ERR,ERR,ERR,ERR,ERR,ERR,ERR,ERR,ERR,ERR,ERR,ERR,ERR,ERR,ERR,ERR,ERR,ERR,ERR,ERR,ERR,ERR,ERR,ERR,ERR,ERR,ERR,ERR,ERR,ERR,50.0,60.0,100,0.0,0.0,0.0,0.0,0.0,0.0,0.0,0.0,0.0,0.0,0.0,0.0,0.0,0.0,0.0,0.0,61.6,74,14,65512,50,65476,0,300,0,0,8,20529,65476,0,0,26214,60.0,0.0,0.0,0.0,0.0,0.0
2026-05-17T18:21:06,ERR,ERR,ERR,ERR,ERR,ERR,ERR,ERR,ERR,ERR,ERR,ERR,ERR,ERR,ERR,ERR,ERR,ERR,ERR,ERR,ERR,ERR,ERR,ERR,ERR,ERR,ERR,ERR,ERR,ERR,ERR,ERR,ERR,ERR,ERR,ERR,ERR,ERR,ERR,ERR,ERR,ERR,ERR,ERR,ERR,ERR,ERR,ERR,ERR,ERR,ERR,ERR,ERR,ERR,ERR,ERR,ERR,ERR,ERR,ERR,ERR,ERR,ERR,ERR,ERR,ERR,ERR,ERR,ERR,ERR,ERR,ERR,ERR,ERR,ERR,ERR,ERR,ERR,ERR,ERR,ERR,ERR,ERR,ERR,ERR,ERR,ERR,ERR,ERR,ERR,ERR,ERR,ERR,ERR,ERR,ERR,ERR,ERR,ERR,ERR,ERR,ERR,ERR,ERR,ERR,ERR,ERR,ERR,ERR,ERR,ERR,ERR,ERR,ERR,ERR,ERR,ERR,ERR,ERR,ERR,ERR,ERR,ERR,ERR,ERR,0.0,-107615296.0,-134474944.0,0.0,0.0,1.3936040501711995e+18,7.805,0.0,0,0,4,0,8422,0.0,45,0.0,0.0,0.0,0.0,0.0,0,0,0,0,0.0,0,0,0,0,0,0,0,0,0,0,0,0,0,0,0,0,0,0,0,0,0,0,0,0,0,0,0,0,0,0,0,0,0,38,14,7,45,65476,0,300,0,0,8,21553,0.0,-107605600.0,0.0,0.0,0.0,0.0,0.0,0.0,0.0,0.0,0.0,0.0,0.0,0.0,0.0,0.0,0.0,0.0,0.0,0.0,0.0,0.0,0.0,0.0,-0.0,0.0,0.0,0.0,0.0,0.0,5045.0,0.0,0.0,0.0,-107615296.0,-107615280.0,2.718429300292151e+23,0.0,0.0,0.0,0.0,53,-0.0,-4.9504015179484054e+32,0.0,0.0,0.0,0.0,0.0,0.0,0.0,0,0,0,0.0,0.0,0.0,0.0,0.0,0.0,0.0,0.0,0.0,0.0,0.0,0.0,0.0,0.0,0.0,0.0,0,-107875648.0,53,0.0,106,-107614832.0,0.0,ERR,ERR,ERR,ERR,ERR,ERR,ERR,ERR,ERR,ERR,ERR,ERR,ERR,ERR,ERR,ERR,ERR,ERR,ERR,ERR,ERR,ERR,ERR,ERR,ERR,ERR,ERR,ERR,ERR,ERR,ERR,ERR,ERR,ERR,ERR,ERR,ERR,ERR,ERR,ERR,ERR,ERR,ERR,ERR,ERR,ERR,ERR,ERR,ERR,ERR,ERR,ERR,ERR,ERR,ERR,ERR,ERR,ERR,ERR,ERR,ERR,ERR,ERR,ERR,ERR,ERR,ERR,50.0,60.0,100,0.0,0.0,0.0,0.0,0.0,0.0,0.0,0.0,0.0,0.0,0.0,0.0,0.0,0.0,0.0,0.0,62.0,74,14,65512,50,65476,0,300,0,0,8,20529,65476,0,0,26214,60.0,0.0,0.0,0.0,0.0,0.0
2026-05-17T18:21:07,ERR,ERR,ERR,ERR,ERR,ERR,ERR,ERR,ERR,ERR,ERR,ERR,ERR,ERR,ERR,ERR,ERR,ERR,ERR,ERR,ERR,ERR,ERR,ERR,ERR,ERR,ERR,ERR,ERR,ERR,ERR,ERR,ERR,ERR,ERR,ERR,ERR,ERR,ERR,ERR,ERR,ERR,ERR,ERR,ERR,ERR,ERR,ERR,ERR,ERR,ERR,ERR,ERR,ERR,ERR,ERR,ERR,ERR,ERR,ERR,ERR,ERR,ERR,ERR,ERR,ERR,ERR,ERR,ERR,ERR,ERR,ERR,ERR,ERR,ERR,ERR,ERR,ERR,ERR,ERR,ERR,ERR,ERR,ERR,ERR,ERR,ERR,ERR,ERR,ERR,ERR,ERR,ERR,ERR,ERR,ERR,ERR,ERR,ERR,ERR,ERR,ERR,ERR,ERR,ERR,ERR,ERR,ERR,ERR,ERR,ERR,ERR,ERR,ERR,ERR,ERR,ERR,ERR,ERR,ERR,ERR,ERR,ERR,ERR,ERR,0.0,-107615296.0,-134474944.0,0.0,0.0,1.3936040501711995e+18,7.805,0.0,0,0,4,0,8422,0.0,45,0.0,0.0,0.0,0.0,0.0,0,0,0,0,0.0,0,0,0,0,0,0,0,0,0,0,0,0,0,0,0,0,0,0,0,0,0,0,0,0,0,0,0,0,0,0,0,0,0,38,14,7,45,65476,0,300,0,0,8,21553,0.0,-107605600.0,0.0,0.0,0.0,0.0,0.0,0.0,0.0,0.0,0.0,0.0,0.0,0.0,0.0,0.0,0.0,0.0,0.0,0.0,0.0,0.0,0.0,0.0,-0.0,0.0,0.0,0.0,0.0,0.0,5045.0,0.0,0.0,0.0,-107615296.0,-107615280.0,2.718429300292151e+23,0.0,0.0,0.0,0.0,53,-0.0,-4.9504015179484054e+32,0.0,0.0,0.0,0.0,0.0,0.0,0.0,0,0,0,0.0,0.0,0.0,0.0,0.0,0.0,0.0,0.0,0.0,0.0,0.0,0.0,0.0,0.0,0.0,0.0,0,-107875648.0,53,0.0,106,-107614832.0,0.0,ERR,ERR,ERR,ERR,ERR,ERR,ERR,ERR,ERR,ERR,ERR,ERR,ERR,ERR,ERR,ERR,ERR,ERR,ERR,ERR,ERR,ERR,ERR,ERR,ERR,ERR,ERR,ERR,ERR,ERR,ERR,ERR,ERR,ERR,ERR,ERR,ERR,ERR,ERR,ERR,ERR,ERR,ERR,ERR,ERR,ERR,ERR,ERR,ERR,ERR,ERR,ERR,ERR,ERR,ERR,ERR,ERR,ERR,ERR,ERR,ERR,ERR,ERR,ERR,ERR,ERR,ERR,50.0,60.0,100,0.0,0.0,0.0,0.0,0.0,0.0,0.0,0.0,0.0,0.0,0.0,0.0,0.0,0.0,0.0,0.0,62.0,74,14,65512,50,65476,0,300,0,0,8,20529,65476,0,0,26214,60.0,0.0,0.0,0.0,0.0,0.0
2026-05-17T18:21:08,ERR,ERR,ERR,ERR,ERR,ERR,ERR,ERR,ERR,ERR,ERR,ERR,ERR,ERR,ERR,ERR,ERR,ERR,ERR,ERR,ERR,ERR,ERR,ERR,ERR,ERR,ERR,ERR,ERR,ERR,ERR,ERR,ERR,ERR,ERR,ERR,ERR,ERR,ERR,ERR,ERR,ERR,ERR,ERR,ERR,ERR,ERR,ERR,ERR,ERR,ERR,ERR,ERR,ERR,ERR,ERR,ERR,ERR,ERR,ERR,ERR,ERR,ERR,ERR,ERR,ERR,ERR,ERR,ERR,ERR,ERR,ERR,ERR,ERR,ERR,ERR,ERR,ERR,ERR,ERR,ERR,ERR,ERR,ERR,ERR,ERR,ERR,ERR,ERR,ERR,ERR,ERR,ERR,ERR,ERR,ERR,ERR,ERR,ERR,ERR,ERR,ERR,ERR,ERR,ERR,ERR,ERR,ERR,ERR,ERR,ERR,ERR,ERR,ERR,ERR,ERR,ERR,ERR,ERR,ERR,ERR,ERR,ERR,ERR,ERR,0.0,-107615296.0,-134474944.0,0.0,0.0,1.3936040501711995e+18,7.805,0.0,0,0,4,0,8422,0.0,45,0.0,0.0,0.0,0.0,0.0,0,0,0,0,0.0,0,0,0,0,0,0,0,0,0,0,0,0,0,0,0,0,0,0,0,0,0,0,0,0,0,0,0,0,0,0,0,0,0,38,14,7,45,65476,0,300,0,0,8,21553,0.0,-107605600.0,0.0,0.0,0.0,0.0,0.0,0.0,0.0,0.0,0.0,0.0,0.0,0.0,0.0,0.0,0.0,0.0,0.0,0.0,0.0,0.0,0.0,0.0,-0.0,0.0,0.0,0.0,0.0,0.0,5048.0,2.004,0.0,0.0,-107615296.0,-107615280.0,2.718429300292151e+23,0.0,0.0,0.0,0.0,53,-0.0,89220.57,0.0,0.0,0.0,0.0,0.0,0.0,0.0,0,0,0,0.0,0.0,0.0,0.0,0.0,0.0,0.0,0.0,0.0,0.0,0.0,0.0,0.0,0.0,0.0,0.0,0,-107875648.0,53,0.0,106,-107614832.0,0.0,ERR,ERR,ERR,ERR,ERR,ERR,ERR,ERR,ERR,ERR,ERR,ERR,ERR,ERR,ERR,ERR,ERR,ERR,ERR,ERR,ERR,ERR,ERR,ERR,ERR,ERR,ERR,ERR,ERR,ERR,ERR,ERR,ERR,ERR,ERR,ERR,ERR,ERR,ERR,ERR,ERR,ERR,ERR,ERR,ERR,ERR,ERR,ERR,ERR,ERR,ERR,ERR,ERR,ERR,ERR,ERR,ERR,ERR,ERR,ERR,ERR,ERR,ERR,ERR,ERR,ERR,ERR,50.0,60.0,100,0.0,0.0,0.0,0.0,0.0,0.0,0.0,0.0,0.0,0.0,0.0,0.0,0.0,0.0,0.0,0.0,61.6,74,14,65512,50,65476,0,300,0,0,8,20529,65476,0,0,26214,60.0,0.0,0.0,0.0,0.0,0.0
2026-05-17T18:21:09,ERR,ERR,ERR,ERR,ERR,ERR,ERR,ERR,ERR,ERR,ERR,ERR,ERR,ERR,ERR,ERR,ERR,ERR,ERR,ERR,ERR,ERR,ERR,ERR,ERR,ERR,ERR,ERR,ERR,ERR,ERR,ERR,ERR,ERR,ERR,ERR,ERR,ERR,ERR,ERR,ERR,ERR,ERR,ERR,ERR,ERR,ERR,ERR,ERR,ERR,ERR,ERR,ERR,ERR,ERR,ERR,ERR,ERR,ERR,ERR,ERR,ERR,ERR,ERR,ERR,ERR,ERR,ERR,ERR,ERR,ERR,ERR,ERR,ERR,ERR,ERR,ERR,ERR,ERR,ERR,ERR,ERR,ERR,ERR,ERR,ERR,ERR,ERR,ERR,ERR,ERR,ERR,ERR,ERR,ERR,ERR,ERR,ERR,ERR,ERR,ERR,ERR,ERR,ERR,ERR,ERR,ERR,ERR,ERR,ERR,ERR,ERR,ERR,ERR,ERR,ERR,ERR,ERR,ERR,ERR,ERR,ERR,ERR,ERR,ERR,0.0,-107615296.0,-134474944.0,0.0,0.0,1.3936040501711995e+18,7.805,0.0,0,0,4,0,8422,0.0,45,0.0,0.0,0.0,0.0,0.0,0,0,0,0,0.0,0,0,0,0,0,0,0,0,0,0,0,0,0,0,0,0,0,0,0,0,0,0,0,0,0,0,0,0,0,0,0,0,0,38,14,7,45,65476,0,300,0,0,8,21553,0.0,-107605600.0,0.0,0.0,0.0,0.0,0.0,0.0,0.0,0.0,0.0,0.0,0.0,0.0,0.0,0.0,0.0,0.0,0.0,0.0,0.0,0.0,0.0,0.0,-0.0,0.0,0.0,0.0,0.0,0.0,5048.0,2.004,0.0,0.0,-107615296.0,-107615280.0,2.718429300292151e+23,0.0,0.0,0.0,0.0,53,-0.0,89220.57,0.0,0.0,0.0,0.0,0.0,0.0,0.0,0,0,0,0.0,0.0,0.0,0.0,0.0,0.0,0.0,0.0,0.0,0.0,0.0,0.0,0.0,0.0,0.0,0.0,0,-107875648.0,53,0.0,106,-107614832.0,0.0,ERR,ERR,ERR,ERR,ERR,ERR,ERR,ERR,ERR,ERR,ERR,ERR,ERR,ERR,ERR,ERR,ERR,ERR,ERR,ERR,ERR,ERR,ERR,ERR,ERR,ERR,ERR,ERR,ERR,ERR,ERR,ERR,ERR,ERR,ERR,ERR,ERR,ERR,ERR,ERR,ERR,ERR,ERR,ERR,ERR,ERR,ERR,ERR,ERR,ERR,ERR,ERR,ERR,ERR,ERR,ERR,ERR,ERR,ERR,ERR,ERR,ERR,ERR,ERR,ERR,ERR,ERR,50.0,60.0,100,0.0,0.0,0.0,0.0,0.0,0.0,0.0,0.0,0.0,0.0,0.0,0.0,0.0,0.0,0.0,0.0,61.6,74,14,65512,50,65476,0,300,0,0,8,20529,65476,0,0,26214,60.0,0.0,0.0,0.0,0.0,0.0
2026-05-17T18:21:10,ERR,ERR,ERR,ERR,ERR,ERR,ERR,ERR,ERR,ERR,ERR,ERR,ERR,ERR,ERR,ERR,ERR,ERR,ERR,ERR,ERR,ERR,ERR,ERR,ERR,ERR,ERR,ERR,ERR,ERR,ERR,ERR,ERR,ERR,ERR,ERR,ERR,ERR,ERR,ERR,ERR,ERR,ERR,ERR,ERR,ERR,ERR,ERR,ERR,ERR,ERR,ERR,ERR,ERR,ERR,ERR,ERR,ERR,ERR,ERR,ERR,ERR,ERR,ERR,ERR,ERR,ERR,ERR,ERR,ERR,ERR,ERR,ERR,ERR,ERR,ERR,ERR,ERR,ERR,ERR,ERR,ERR,ERR,ERR,ERR,ERR,ERR,ERR,ERR,ERR,ERR,ERR,ERR,ERR,ERR,ERR,ERR,ERR,ERR,ERR,ERR,ERR,ERR,ERR,ERR,ERR,ERR,ERR,ERR,ERR,ERR,ERR,ERR,ERR,ERR,ERR,ERR,ERR,ERR,ERR,ERR,ERR,ERR,ERR,ERR,0.0,-107615296.0,-134474944.0,0.0,0.0,1.3936040501711995e+18,7.805,0.0,0,0,4,0,8422,0.0,45,0.0,0.0,0.0,0.0,0.0,0,0,0,0,0.0,0,0,0,0,0,0,0,0,0,0,0,0,0,0,0,0,0,0,0,0,0,0,0,0,0,0,0,0,0,0,0,0,0,38,14,7,45,65476,0,300,0,0,8,21553,0.0,-107605600.0,0.0,0.0,0.0,0.0,0.0,0.0,0.0,0.0,0.0,0.0,0.0,0.0,0.0,0.0,0.0,0.0,0.0,0.0,0.0,0.0,0.0,0.0,-0.0,0.0,0.0,0.0,0.0,0.0,5048.0,2.004,0.0,0.0,-107615296.0,-107615280.0,2.718429300292151e+23,0.0,0.0,0.0,0.0,53,-0.0,89220.57,0.0,0.0,0.0,0.0,0.0,0.0,0.0,0,0,0,0.0,0.0,0.0,0.0,0.0,0.0,0.0,0.0,0.0,0.0,0.0,0.0,0.0,0.0,0.0,0.0,0,-107875648.0,53,0.0,106,-107614832.0,0.0,ERR,ERR,ERR,ERR,ERR,ERR,ERR,ERR,ERR,ERR,ERR,ERR,ERR,ERR,ERR,ERR,ERR,ERR,ERR,ERR,ERR,ERR,ERR,ERR,ERR,ERR,ERR,ERR,ERR,ERR,ERR,ERR,ERR,ERR,ERR,ERR,ERR,ERR,ERR,ERR,ERR,ERR,ERR,ERR,ERR,ERR,ERR,ERR,ERR,ERR,ERR,ERR,ERR,ERR,ERR,ERR,ERR,ERR,ERR,ERR,ERR,ERR,ERR,ERR,ERR,ERR,ERR,50.0,60.0,100,0.0,0.0,0.0,0.0,0.0,0.0,0.0,0.0,0.0,0.0,0.0,0.0,0.0,0.0,0.0,0.0,61.6,74,14,65512,50,65476,0,300,0,0,8,20529,65476,0,0,26214,60.0,0.0,0.0,0.0,0.0,0.0
2026-05-17T18:21:11,ERR,ERR,ERR,ERR,ERR,ERR,ERR,ERR,ERR,ERR,ERR,ERR,ERR,ERR,ERR,ERR,ERR,ERR,ERR,ERR,ERR,ERR,ERR,ERR,ERR,ERR,ERR,ERR,ERR,ERR,ERR,ERR,ERR,ERR,ERR,ERR,ERR,ERR,ERR,ERR,ERR,ERR,ERR,ERR,ERR,ERR,ERR,ERR,ERR,ERR,ERR,ERR,ERR,ERR,ERR,ERR,ERR,ERR,ERR,ERR,ERR,ERR,ERR,ERR,ERR,ERR,ERR,ERR,ERR,ERR,ERR,ERR,ERR,ERR,ERR,ERR,ERR,ERR,ERR,ERR,ERR,ERR,ERR,ERR,ERR,ERR,ERR,ERR,ERR,ERR,ERR,ERR,ERR,ERR,ERR,ERR,ERR,ERR,ERR,ERR,ERR,ERR,ERR,ERR,ERR,ERR,ERR,ERR,ERR,ERR,ERR,ERR,ERR,ERR,ERR,ERR,ERR,ERR,ERR,ERR,ERR,ERR,ERR,ERR,ERR,0.0,-107615296.0,-134474944.0,0.0,0.0,1.3936040501711995e+18,7.805,0.0,0,0,4,0,8422,0.0,45,0.0,0.0,0.0,0.0,0.0,0,0,0,0,0.0,0,0,0,0,0,0,0,0,0,0,0,0,0,0,0,0,0,0,0,0,0,0,0,0,0,0,0,0,0,0,0,0,0,38,14,7,45,65476,0,300,0,0,8,21553,0.0,-107605600.0,0.0,0.0,0.0,0.0,0.0,0.0,0.0,0.0,0.0,0.0,0.0,0.0,0.0,0.0,0.0,0.0,0.0,0.0,0.0,0.0,0.0,0.0,-0.0,0.0,0.0,0.0,0.0,0.0,5048.0,2.004,0.0,0.0,-107615296.0,-107615280.0,2.718429300292151e+23,0.0,0.0,0.0,0.0,53,-0.0,89220.57,0.0,0.0,0.0,0.0,0.0,0.0,0.0,0,0,0,0.0,0.0,0.0,0.0,0.0,0.0,0.0,0.0,0.0,0.0,0.0,0.0,0.0,0.0,0.0,0.0,0,-107875648.0,53,0.0,106,-107614832.0,0.0,ERR,ERR,ERR,ERR,ERR,ERR,ERR,ERR,ERR,ERR,ERR,ERR,ERR,ERR,ERR,ERR,ERR,ERR,ERR,ERR,ERR,ERR,ERR,ERR,ERR,ERR,ERR,ERR,ERR,ERR,ERR,ERR,ERR,ERR,ERR,ERR,ERR,ERR,ERR,ERR,ERR,ERR,ERR,ERR,ERR,ERR,ERR,ERR,ERR,ERR,ERR,ERR,ERR,ERR,ERR,ERR,ERR,ERR,ERR,ERR,ERR,ERR,ERR,ERR,ERR,ERR,ERR,50.0,60.0,100,0.0,0.0,0.0,0.0,0.0,0.0,0.0,0.0,0.0,0.0,0.0,0.0,0.0,0.0,0.0,0.0,62.0,74,14,65512,50,65476,0,300,0,0,8,20529,65476,0,0,26214,60.0,0.0,0.0,0.0,0.0,0.0
2026-05-17T18:21:12,ERR,ERR,ERR,ERR,ERR,ERR,ERR,ERR,ERR,ERR,ERR,ERR,ERR,ERR,ERR,ERR,ERR,ERR,ERR,ERR,ERR,ERR,ERR,ERR,ERR,ERR,ERR,ERR,ERR,ERR,ERR,ERR,ERR,ERR,ERR,ERR,ERR,ERR,ERR,ERR,ERR,ERR,ERR,ERR,ERR,ERR,ERR,ERR,ERR,ERR,ERR,ERR,ERR,ERR,ERR,ERR,ERR,ERR,ERR,ERR,ERR,ERR,ERR,ERR,ERR,ERR,ERR,ERR,ERR,ERR,ERR,ERR,ERR,ERR,ERR,ERR,ERR,ERR,ERR,ERR,ERR,ERR,ERR,ERR,ERR,ERR,ERR,ERR,ERR,ERR,ERR,ERR,ERR,ERR,ERR,ERR,ERR,ERR,ERR,ERR,ERR,ERR,ERR,ERR,ERR,ERR,ERR,ERR,ERR,ERR,ERR,ERR,ERR,ERR,ERR,ERR,ERR,ERR,ERR,ERR,ERR,ERR,ERR,ERR,ERR,0.0,-107615296.0,-134474944.0,0.0,0.0,1.3936040501711995e+18,7.805,0.0,0,0,4,0,8422,0.0,45,0.0,0.0,0.0,0.0,0.0,0,0,0,0,0.0,0,0,0,0,0,0,0,0,0,0,0,0,0,0,0,0,0,0,0,0,0,0,0,0,0,0,0,0,0,0,0,0,0,38,14,7,45,65476,0,300,0,0,8,21553,0.0,-107605600.0,0.0,0.0,0.0,0.0,0.0,0.0,0.0,0.0,0.0,0.0,0.0,0.0,0.0,0.0,0.0,0.0,0.0,0.0,0.0,0.0,0.0,0.0,-0.0,0.0,0.0,0.0,0.0,0.0,5048.0,2.004,0.0,0.0,-107615296.0,-107615280.0,2.718429300292151e+23,0.0,0.0,0.0,0.0,53,-0.0,89220.57,0.0,0.0,0.0,0.0,0.0,0.0,0.0,0,0,0,0.0,0.0,0.0,0.0,0.0,0.0,0.0,0.0,0.0,0.0,0.0,0.0,0.0,0.0,0.0,0.0,0,-107875648.0,53,0.0,106,-107614832.0,0.0,ERR,ERR,ERR,ERR,ERR,ERR,ERR,ERR,ERR,ERR,ERR,ERR,ERR,ERR,ERR,ERR,ERR,ERR,ERR,ERR,ERR,ERR,ERR,ERR,ERR,ERR,ERR,ERR,ERR,ERR,ERR,ERR,ERR,ERR,ERR,ERR,ERR,ERR,ERR,ERR,ERR,ERR,ERR,ERR,ERR,ERR,ERR,ERR,ERR,ERR,ERR,ERR,ERR,ERR,ERR,ERR,ERR,ERR,ERR,ERR,ERR,ERR,ERR,ERR,ERR,ERR,ERR,50.0,60.0,100,0.0,0.0,0.0,0.0,0.0,0.0,0.0,0.0,0.0,0.0,0.0,0.0,0.0,0.0,0.0,0.0,62.0,74,14,65512,50,65476,0,300,0,0,8,20529,65476,0,0,26214,60.0,0.0,0.0,0.0,0.0,0.0
2026-05-17T18:21:13,ERR,ERR,ERR,ERR,ERR,ERR,ERR,ERR,ERR,ERR,ERR,ERR,ERR,ERR,ERR,ERR,ERR,ERR,ERR,ERR,ERR,ERR,ERR,ERR,ERR,ERR,ERR,ERR,ERR,ERR,ERR,ERR,ERR,ERR,ERR,ERR,ERR,ERR,ERR,ERR,ERR,ERR,ERR,ERR,ERR,ERR,ERR,ERR,ERR,ERR,ERR,ERR,ERR,ERR,ERR,ERR,ERR,ERR,ERR,ERR,ERR,ERR,ERR,ERR,ERR,ERR,ERR,ERR,ERR,ERR,ERR,ERR,ERR,ERR,ERR,ERR,ERR,ERR,ERR,ERR,ERR,ERR,ERR,ERR,ERR,ERR,ERR,ERR,ERR,ERR,ERR,ERR,ERR,ERR,ERR,ERR,ERR,ERR,ERR,ERR,ERR,ERR,ERR,ERR,ERR,ERR,ERR,ERR,ERR,ERR,ERR,ERR,ERR,ERR,ERR,ERR,ERR,ERR,ERR,ERR,ERR,ERR,ERR,ERR,ERR,0.0,-107615296.0,-134474944.0,0.0,0.0,1.3936040501711995e+18,7.805,0.0,0,0,4,0,8422,0.0,45,0.0,0.0,0.0,0.0,0.0,0,0,0,0,0.0,0,0,0,0,0,0,0,0,0,0,0,0,0,0,0,0,0,0,0,0,0,0,0,0,0,0,0,0,0,0,0,0,0,38,14,7,45,65476,0,300,0,0,8,21553,0.0,-107605600.0,0.0,0.0,0.0,0.0,0.0,0.0,0.0,0.0,0.0,0.0,0.0,0.0,0.0,0.0,0.0,0.0,0.0,0.0,0.0,0.0,0.0,0.0,-0.0,0.0,0.0,0.0,0.0,0.0,5046.0,131350.453,0.0,0.0,-107615296.0,-107615280.0,2.718429300292151e+23,0.0,0.0,0.0,0.0,53,-0.0,126840545280.0,0.0,0.0,0.0,0.0,0.0,0.0,0.0,0,0,0,0.0,0.0,0.0,0.0,0.0,0.0,0.0,0.0,0.0,0.0,0.0,0.0,0.0,0.0,0.0,0.0,0,-107875648.0,53,0.0,106,-107614832.0,0.0,ERR,ERR,ERR,ERR,ERR,ERR,ERR,ERR,ERR,ERR,ERR,ERR,ERR,ERR,ERR,ERR,ERR,ERR,ERR,ERR,ERR,ERR,ERR,ERR,ERR,ERR,ERR,ERR,ERR,ERR,ERR,ERR,ERR,ERR,ERR,ERR,ERR,ERR,ERR,ERR,ERR,ERR,ERR,ERR,ERR,ERR,ERR,ERR,ERR,ERR,ERR,ERR,ERR,ERR,ERR,ERR,ERR,ERR,ERR,ERR,ERR,ERR,ERR,ERR,ERR,ERR,ERR,50.0,60.0,100,0.0,0.0,0.0,0.0,0.0,0.0,0.0,0.0,0.0,0.0,0.0,0.0,0.0,0.0,0.0,0.0,61.6,74,14,65512,50,65476,0,300,0,0,8,20529,65476,0,0,26214,60.0,0.0,0.0,0.0,0.0,0.0
2026-05-17T18:21:14,ERR,ERR,ERR,ERR,ERR,ERR,ERR,ERR,ERR,ERR,ERR,ERR,ERR,ERR,ERR,ERR,ERR,ERR,ERR,ERR,ERR,ERR,ERR,ERR,ERR,ERR,ERR,ERR,ERR,ERR,ERR,ERR,ERR,ERR,ERR,ERR,ERR,ERR,ERR,ERR,ERR,ERR,ERR,ERR,ERR,ERR,ERR,ERR,ERR,ERR,ERR,ERR,ERR,ERR,ERR,ERR,ERR,ERR,ERR,ERR,ERR,ERR,ERR,ERR,ERR,ERR,ERR,ERR,ERR,ERR,ERR,ERR,ERR,ERR,ERR,ERR,ERR,ERR,ERR,ERR,ERR,ERR,ERR,ERR,ERR,ERR,ERR,ERR,ERR,ERR,ERR,ERR,ERR,ERR,ERR,ERR,ERR,ERR,ERR,ERR,ERR,ERR,ERR,ERR,ERR,ERR,ERR,ERR,ERR,ERR,ERR,ERR,ERR,ERR,ERR,ERR,ERR,ERR,ERR,ERR,ERR,ERR,ERR,ERR,ERR,0.0,-107615296.0,-134474944.0,0.0,0.0,1.3936040501711995e+18,7.805,0.0,0,0,4,0,8422,0.0,45,0.0,0.0,0.0,0.0,0.0,0,0,0,0,0.0,0,0,0,0,0,0,0,0,0,0,0,0,0,0,0,0,0,0,0,0,0,0,0,0,0,0,0,0,0,0,0,0,0,38,14,7,45,65476,0,300,0,0,8,21553,0.0,-107605600.0,0.0,0.0,0.0,0.0,0.0,0.0,0.0,0.0,0.0,0.0,0.0,0.0,0.0,0.0,0.0,0.0,0.0,0.0,0.0,0.0,0.0,0.0,-0.0,0.0,0.0,0.0,0.0,0.0,5046.0,131350.453,0.0,0.0,-107615296.0,-107615280.0,2.718429300292151e+23,0.0,0.0,0.0,0.0,53,-0.0,126840545280.0,0.0,0.0,0.0,0.0,0.0,0.0,0.0,0,0,0,0.0,0.0,0.0,0.0,0.0,0.0,0.0,0.0,0.0,0.0,0.0,0.0,0.0,0.0,0.0,0.0,0,-107875648.0,53,0.0,106,-107614832.0,0.0,ERR,ERR,ERR,ERR,ERR,ERR,ERR,ERR,ERR,ERR,ERR,ERR,ERR,ERR,ERR,ERR,ERR,ERR,ERR,ERR,ERR,ERR,ERR,ERR,ERR,ERR,ERR,ERR,ERR,ERR,ERR,ERR,ERR,ERR,ERR,ERR,ERR,ERR,ERR,ERR,ERR,ERR,ERR,ERR,ERR,ERR,ERR,ERR,ERR,ERR,ERR,ERR,ERR,ERR,ERR,ERR,ERR,ERR,ERR,ERR,ERR,ERR,ERR,ERR,ERR,ERR,ERR,50.0,60.0,100,0.0,0.0,0.0,0.0,0.0,0.0,0.0,0.0,0.0,0.0,0.0,0.0,0.0,0.0,0.0,0.0,62.0,74,14,65512,50,65476,0,300,0,0,8,20529,65476,0,0,26214,60.0,0.0,0.0,0.0,0.0,0.0
2026-05-17T18:21:15,ERR,ERR,ERR,ERR,ERR,ERR,ERR,ERR,ERR,ERR,ERR,ERR,ERR,ERR,ERR,ERR,ERR,ERR,ERR,ERR,ERR,ERR,ERR,ERR,ERR,ERR,ERR,ERR,ERR,ERR,ERR,ERR,ERR,ERR,ERR,ERR,ERR,ERR,ERR,ERR,ERR,ERR,ERR,ERR,ERR,ERR,ERR,ERR,ERR,ERR,ERR,ERR,ERR,ERR,ERR,ERR,ERR,ERR,ERR,ERR,ERR,ERR,ERR,ERR,ERR,ERR,ERR,ERR,ERR,ERR,ERR,ERR,ERR,ERR,ERR,ERR,ERR,ERR,ERR,ERR,ERR,ERR,ERR,ERR,ERR,ERR,ERR,ERR,ERR,ERR,ERR,ERR,ERR,ERR,ERR,ERR,ERR,ERR,ERR,ERR,ERR,ERR,ERR,ERR,ERR,ERR,ERR,ERR,ERR,ERR,ERR,ERR,ERR,ERR,ERR,ERR,ERR,ERR,ERR,ERR,ERR,ERR,ERR,ERR,ERR,0.0,-107615296.0,-134474944.0,0.0,0.0,1.3936040501711995e+18,7.805,0.0,0,0,4,0,8422,0.0,45,0.0,0.0,0.0,0.0,0.0,0,0,0,0,0.0,0,0,0,0,0,0,0,0,0,0,0,0,0,0,0,0,0,0,0,0,0,0,0,0,0,0,0,0,0,0,0,0,0,38,14,7,45,65476,0,300,0,0,8,21553,0.0,-107605600.0,0.0,0.0,0.0,0.0,0.0,0.0,0.0,0.0,0.0,0.0,0.0,0.0,0.0,0.0,0.0,0.0,0.0,0.0,0.0,0.0,0.0,0.0,-0.0,0.0,0.0,0.0,0.0,0.0,5046.0,131350.453,0.0,0.0,-107615296.0,-107615280.0,2.718429300292151e+23,0.0,0.0,0.0,0.0,53,-0.0,126840545280.0,0.0,0.0,0.0,0.0,0.0,0.0,0.0,0,0,0,0.0,0.0,0.0,0.0,0.0,0.0,0.0,0.0,0.0,0.0,0.0,0.0,0.0,0.0,0.0,0.0,0,-107875648.0,53,0.0,106,-107614832.0,0.0,ERR,ERR,ERR,ERR,ERR,ERR,ERR,ERR,ERR,ERR,ERR,ERR,ERR,ERR,ERR,ERR,ERR,ERR,ERR,ERR,ERR,ERR,ERR,ERR,ERR,ERR,ERR,ERR,ERR,ERR,ERR,ERR,ERR,ERR,ERR,ERR,ERR,ERR,ERR,ERR,ERR,ERR,ERR,ERR,ERR,ERR,ERR,ERR,ERR,ERR,ERR,ERR,ERR,ERR,ERR,ERR,ERR,ERR,ERR,ERR,ERR,ERR,ERR,ERR,ERR,ERR,ERR,50.0,60.0,100,0.0,0.0,0.0,0.0,0.0,0.0,0.0,0.0,0.0,0.0,0.0,0.0,0.0,0.0,0.0,0.0,62.0,74,14,65512,50,65476,0,300,0,0,8,20529,65476,0,0,26214,60.0,0.0,0.0,0.0,0.0,0.0
2026-05-17T18:21:16,ERR,ERR,ERR,ERR,ERR,ERR,ERR,ERR,ERR,ERR,ERR,ERR,ERR,ERR,ERR,ERR,ERR,ERR,ERR,ERR,ERR,ERR,ERR,ERR,ERR,ERR,ERR,ERR,ERR,ERR,ERR,ERR,ERR,ERR,ERR,ERR,ERR,ERR,ERR,ERR,ERR,ERR,ERR,ERR,ERR,ERR,ERR,ERR,ERR,ERR,ERR,ERR,ERR,ERR,ERR,ERR,ERR,ERR,ERR,ERR,ERR,ERR,ERR,ERR,ERR,ERR,ERR,ERR,ERR,ERR,ERR,ERR,ERR,ERR,ERR,ERR,ERR,ERR,ERR,ERR,ERR,ERR,ERR,ERR,ERR,ERR,ERR,ERR,ERR,ERR,ERR,ERR,ERR,ERR,ERR,ERR,ERR,ERR,ERR,ERR,ERR,ERR,ERR,ERR,ERR,ERR,ERR,ERR,ERR,ERR,ERR,ERR,ERR,ERR,ERR,ERR,ERR,ERR,ERR,ERR,ERR,ERR,ERR,ERR,ERR,0.0,-107615296.0,-134474944.0,0.0,0.0,1.3936040501711995e+18,7.805,0.0,0,0,4,0,8422,0.0,45,0.0,0.0,0.0,0.0,0.0,0,0,0,0,0.0,0,0,0,0,0,0,0,0,0,0,0,0,0,0,0,0,0,0,0,0,0,0,0,0,0,0,0,0,0,0,0,0,0,38,14,7,45,65476,0,300,0,0,8,21553,0.0,-107605600.0,0.0,0.0,0.0,0.0,0.0,0.0,0.0,0.0,0.0,0.0,0.0,0.0,0.0,0.0,0.0,0.0,0.0,0.0,0.0,0.0,0.0,0.0,-0.0,0.0,0.0,0.0,0.0,0.0,5046.0,131350.453,0.0,0.0,-107615296.0,-107615280.0,2.718429300292151e+23,0.0,0.0,0.0,0.0,53,-0.0,126840545280.0,0.0,0.0,0.0,0.0,0.0,0.0,0.0,0,0,0,0.0,0.0,0.0,0.0,0.0,0.0,0.0,0.0,0.0,0.0,0.0,0.0,0.0,0.0,0.0,0.0,0,-107875648.0,53,0.0,106,-107614832.0,0.0,ERR,ERR,ERR,ERR,ERR,ERR,ERR,ERR,ERR,ERR,ERR,ERR,ERR,ERR,ERR,ERR,ERR,ERR,ERR,ERR,ERR,ERR,ERR,ERR,ERR,ERR,ERR,ERR,ERR,ERR,ERR,ERR,ERR,ERR,ERR,ERR,ERR,ERR,ERR,ERR,ERR,ERR,ERR,ERR,ERR,ERR,ERR,ERR,ERR,ERR,ERR,ERR,ERR,ERR,ERR,ERR,ERR,ERR,ERR,ERR,ERR,ERR,ERR,ERR,ERR,ERR,ERR,50.0,60.0,100,0.0,0.0,0.0,0.0,0.0,0.0,0.0,0.0,0.0,0.0,0.0,0.0,0.0,0.0,0.0,0.0,61.6,74,14,65512,50,65476,0,300,0,0,8,20529,65476,0,0,26214,60.0,0.0,0.0,0.0,0.0,0.0
2026-05-17T18:21:17,ERR,ERR,ERR,ERR,ERR,ERR,ERR,ERR,ERR,ERR,ERR,ERR,ERR,ERR,ERR,ERR,ERR,ERR,ERR,ERR,ERR,ERR,ERR,ERR,ERR,ERR,ERR,ERR,ERR,ERR,ERR,ERR,ERR,ERR,ERR,ERR,ERR,ERR,ERR,ERR,ERR,ERR,ERR,ERR,ERR,ERR,ERR,ERR,ERR,ERR,ERR,ERR,ERR,ERR,ERR,ERR,ERR,ERR,ERR,ERR,ERR,ERR,ERR,ERR,ERR,ERR,ERR,ERR,ERR,ERR,ERR,ERR,ERR,ERR,ERR,ERR,ERR,ERR,ERR,ERR,ERR,ERR,ERR,ERR,ERR,ERR,ERR,ERR,ERR,ERR,ERR,ERR,ERR,ERR,ERR,ERR,ERR,ERR,ERR,ERR,ERR,ERR,ERR,ERR,ERR,ERR,ERR,ERR,ERR,ERR,ERR,ERR,ERR,ERR,ERR,ERR,ERR,ERR,ERR,ERR,ERR,ERR,ERR,ERR,ERR,0.0,-107615296.0,-134474944.0,0.0,0.0,1.3936040501711995e+18,7.805,0.0,0,0,4,0,8422,0.0,45,0.0,0.0,0.0,0.0,0.0,0,0,0,0,0.0,0,0,0,0,0,0,0,0,0,0,0,0,0,0,0,0,0,0,0,0,0,0,0,0,0,0,0,0,0,0,0,0,0,38,14,7,45,65476,0,300,0,0,8,21553,0.0,-107605600.0,0.0,0.0,0.0,0.0,0.0,0.0,0.0,0.0,0.0,0.0,0.0,0.0,0.0,0.0,0.0,0.0,0.0,0.0,0.0,0.0,0.0,0.0,-0.0,0.0,0.0,0.0,0.0,0.0,5046.0,131350.453,0.0,0.0,-107615296.0,-107615280.0,2.718429300292151e+23,0.0,0.0,0.0,0.0,53,-0.0,126840545280.0,0.0,0.0,0.0,0.0,0.0,0.0,0.0,0,0,0,0.0,0.0,0.0,0.0,0.0,0.0,0.0,0.0,0.0,0.0,0.0,0.0,0.0,0.0,0.0,0.0,0,-107875648.0,53,0.0,106,-107614832.0,0.0,ERR,ERR,ERR,ERR,ERR,ERR,ERR,ERR,ERR,ERR,ERR,ERR,ERR,ERR,ERR,ERR,ERR,ERR,ERR,ERR,ERR,ERR,ERR,ERR,ERR,ERR,ERR,ERR,ERR,ERR,ERR,ERR,ERR,ERR,ERR,ERR,ERR,ERR,ERR,ERR,ERR,ERR,ERR,ERR,ERR,ERR,ERR,ERR,ERR,ERR,ERR,ERR,ERR,ERR,ERR,ERR,ERR,ERR,ERR,ERR,ERR,ERR,ERR,ERR,ERR,ERR,ERR,50.0,60.0,100,0.0,0.0,0.0,0.0,0.0,0.0,0.0,0.0,0.0,0.0,0.0,0.0,0.0,0.0,0.0,0.0,61.6,74,14,65512,50,65476,0,300,0,0,8,20529,65476,0,0,26214,60.0,0.0,0.0,0.0,0.0,0.0
2026-05-17T18:21:18,ERR,ERR,ERR,ERR,ERR,ERR,ERR,ERR,ERR,ERR,ERR,ERR,ERR,ERR,ERR,ERR,ERR,ERR,ERR,ERR,ERR,ERR,ERR,ERR,ERR,ERR,ERR,ERR,ERR,ERR,ERR,ERR,ERR,ERR,ERR,ERR,ERR,ERR,ERR,ERR,ERR,ERR,ERR,ERR,ERR,ERR,ERR,ERR,ERR,ERR,ERR,ERR,ERR,ERR,ERR,ERR,ERR,ERR,ERR,ERR,ERR,ERR,ERR,ERR,ERR,ERR,ERR,ERR,ERR,ERR,ERR,ERR,ERR,ERR,ERR,ERR,ERR,ERR,ERR,ERR,ERR,ERR,ERR,ERR,ERR,ERR,ERR,ERR,ERR,ERR,ERR,ERR,ERR,ERR,ERR,ERR,ERR,ERR,ERR,ERR,ERR,ERR,ERR,ERR,ERR,ERR,ERR,ERR,ERR,ERR,ERR,ERR,ERR,ERR,ERR,ERR,ERR,ERR,ERR,ERR,ERR,ERR,ERR,ERR,ERR,0.0,-107615296.0,-134474944.0,0.0,0.0,1.3936040501711995e+18,7.805,0.0,0,0,4,0,8422,0.0,45,0.0,0.0,0.0,0.0,0.0,0,0,0,0,0.0,0,0,0,0,0,0,0,0,0,0,0,0,0,0,0,0,0,0,0,0,0,0,0,0,0,0,0,0,0,0,0,0,0,38,14,7,45,65476,0,300,0,0,8,21553,0.0,-107605600.0,0.0,0.0,0.0,0.0,0.0,0.0,0.0,0.0,0.0,0.0,0.0,0.0,0.0,0.0,0.0,0.0,0.0,0.0,0.0,0.0,0.0,0.0,-0.0,0.0,0.0,0.0,0.0,0.0,5046.0,3.697186573429349e+19,0.0,0.0,-107615296.0,-107615280.0,2.718429300292151e+23,0.0,0.0,0.0,0.0,53,-0.0,5.848056079300204e+35,0.0,0.0,0.0,0.0,0.0,0.0,0.0,0,0,0,0.0,0.0,0.0,0.0,0.0,0.0,0.0,0.0,0.0,0.0,0.0,0.0,0.0,0.0,0.0,0.0,0,-107875648.0,53,0.0,106,-107614832.0,0.0,ERR,ERR,ERR,ERR,ERR,ERR,ERR,ERR,ERR,ERR,ERR,ERR,ERR,ERR,ERR,ERR,ERR,ERR,ERR,ERR,ERR,ERR,ERR,ERR,ERR,ERR,ERR,ERR,ERR,ERR,ERR,ERR,ERR,ERR,ERR,ERR,ERR,ERR,ERR,ERR,ERR,ERR,ERR,ERR,ERR,ERR,ERR,ERR,ERR,ERR,ERR,ERR,ERR,ERR,ERR,ERR,ERR,ERR,ERR,ERR,ERR,ERR,ERR,ERR,ERR,ERR,ERR,50.0,60.0,100,0.0,0.0,0.0,0.0,0.0,0.0,0.0,0.0,0.0,0.0,0.0,0.0,0.0,0.0,0.0,0.0,61.6,74,14,65512,50,65476,0,300,0,0,8,20529,65476,0,0,26214,60.0,0.0,0.0,0.0,0.0,0.0
2026-05-17T18:21:19,ERR,ERR,ERR,ERR,ERR,ERR,ERR,ERR,ERR,ERR,ERR,ERR,ERR,ERR,ERR,ERR,ERR,ERR,ERR,ERR,ERR,ERR,ERR,ERR,ERR,ERR,ERR,ERR,ERR,ERR,ERR,ERR,ERR,ERR,ERR,ERR,ERR,ERR,ERR,ERR,ERR,ERR,ERR,ERR,ERR,ERR,ERR,ERR,ERR,ERR,ERR,ERR,ERR,ERR,ERR,ERR,ERR,ERR,ERR,ERR,ERR,ERR,ERR,ERR,ERR,ERR,ERR,ERR,ERR,ERR,ERR,ERR,ERR,ERR,ERR,ERR,ERR,ERR,ERR,ERR,ERR,ERR,ERR,ERR,ERR,ERR,ERR,ERR,ERR,ERR,ERR,ERR,ERR,ERR,ERR,ERR,ERR,ERR,ERR,ERR,ERR,ERR,ERR,ERR,ERR,ERR,ERR,ERR,ERR,ERR,ERR,ERR,ERR,ERR,ERR,ERR,ERR,ERR,ERR,ERR,ERR,ERR,ERR,ERR,ERR,0.0,-107615296.0,-134474944.0,0.0,0.0,1.3936040501711995e+18,7.805,0.0,0,0,4,0,8422,0.0,45,0.0,0.0,0.0,0.0,0.0,0,0,0,0,0.0,0,0,0,0,0,0,0,0,0,0,0,0,0,0,0,0,0,0,0,0,0,0,0,0,0,0,0,0,0,0,0,0,0,38,14,7,45,65476,0,300,0,0,8,21553,0.0,-107605600.0,0.0,0.0,0.0,0.0,0.0,0.0,0.0,0.0,0.0,0.0,0.0,0.0,0.0,0.0,0.0,0.0,0.0,0.0,0.0,0.0,0.0,0.0,-0.0,0.0,0.0,0.0,0.0,0.0,5046.0,3.697186573429349e+19,0.0,0.0,-107615296.0,-107615280.0,2.718429300292151e+23,0.0,0.0,0.0,0.0,53,-0.0,5.848056079300204e+35,0.0,0.0,0.0,0.0,0.0,0.0,0.0,0,0,0,0.0,0.0,0.0,0.0,0.0,0.0,0.0,0.0,0.0,0.0,0.0,0.0,0.0,0.0,0.0,0.0,0,-107875648.0,53,0.0,106,-107614832.0,0.0,ERR,ERR,ERR,ERR,ERR,ERR,ERR,ERR,ERR,ERR,ERR,ERR,ERR,ERR,ERR,ERR,ERR,ERR,ERR,ERR,ERR,ERR,ERR,ERR,ERR,ERR,ERR,ERR,ERR,ERR,ERR,ERR,ERR,ERR,ERR,ERR,ERR,ERR,ERR,ERR,ERR,ERR,ERR,ERR,ERR,ERR,ERR,ERR,ERR,ERR,ERR,ERR,ERR,ERR,ERR,ERR,ERR,ERR,ERR,ERR,ERR,ERR,ERR,ERR,ERR,ERR,ERR,50.0,60.0,100,0.0,0.0,0.0,0.0,0.0,0.0,0.0,0.0,0.0,0.0,0.0,0.0,0.0,0.0,0.0,0.0,61.6,74,14,65512,50,65476,0,300,0,0,8,20529,65476,0,0,26214,60.0,0.0,0.0,0.0,0.0,0.0
2026-05-17T18:21:20,ERR,ERR,ERR,ERR,ERR,ERR,ERR,ERR,ERR,ERR,ERR,ERR,ERR,ERR,ERR,ERR,ERR,ERR,ERR,ERR,ERR,ERR,ERR,ERR,ERR,ERR,ERR,ERR,ERR,ERR,ERR,ERR,ERR,ERR,ERR,ERR,ERR,ERR,ERR,ERR,ERR,ERR,ERR,ERR,ERR,ERR,ERR,ERR,ERR,ERR,ERR,ERR,ERR,ERR,ERR,ERR,ERR,ERR,ERR,ERR,ERR,ERR,ERR,ERR,ERR,ERR,ERR,ERR,ERR,ERR,ERR,ERR,ERR,ERR,ERR,ERR,ERR,ERR,ERR,ERR,ERR,ERR,ERR,ERR,ERR,ERR,ERR,ERR,ERR,ERR,ERR,ERR,ERR,ERR,ERR,ERR,ERR,ERR,ERR,ERR,ERR,ERR,ERR,ERR,ERR,ERR,ERR,ERR,ERR,ERR,ERR,ERR,ERR,ERR,ERR,ERR,ERR,ERR,ERR,ERR,ERR,ERR,ERR,ERR,ERR,0.0,-107615296.0,-134474944.0,0.0,0.0,1.3936040501711995e+18,7.805,0.0,0,0,4,0,8422,0.0,45,0.0,0.0,0.0,0.0,0.0,0,0,0,0,0.0,0,0,0,0,0,0,0,0,0,0,0,0,0,0,0,0,0,0,0,0,0,0,0,0,0,0,0,0,0,0,0,0,0,38,14,7,45,65476,0,300,0,0,8,21553,0.0,-107605600.0,0.0,0.0,0.0,0.0,0.0,0.0,0.0,0.0,0.0,0.0,0.0,0.0,0.0,0.0,0.0,0.0,0.0,0.0,0.0,0.0,0.0,0.0,-0.0,0.0,0.0,0.0,0.0,0.0,5046.0,3.697186573429349e+19,0.0,0.0,-107615296.0,-107615280.0,2.718429300292151e+23,0.0,0.0,0.0,0.0,53,-0.0,5.848056079300204e+35,0.0,0.0,0.0,0.0,0.0,0.0,0.0,0,0,0,0.0,0.0,0.0,0.0,0.0,0.0,0.0,0.0,0.0,0.0,0.0,0.0,0.0,0.0,0.0,0.0,0,-107875648.0,53,0.0,106,-107614832.0,0.0,ERR,ERR,ERR,ERR,ERR,ERR,ERR,ERR,ERR,ERR,ERR,ERR,ERR,ERR,ERR,ERR,ERR,ERR,ERR,ERR,ERR,ERR,ERR,ERR,ERR,ERR,ERR,ERR,ERR,ERR,ERR,ERR,ERR,ERR,ERR,ERR,ERR,ERR,ERR,ERR,ERR,ERR,ERR,ERR,ERR,ERR,ERR,ERR,ERR,ERR,ERR,ERR,ERR,ERR,ERR,ERR,ERR,ERR,ERR,ERR,ERR,ERR,ERR,ERR,ERR,ERR,ERR,50.0,60.0,100,0.0,0.0,0.0,0.0,0.0,0.0,0.0,0.0,0.0,0.0,0.0,0.0,0.0,0.0,0.0,0.0,61.6,74,14,65512,50,65476,0,300,0,0,8,20529,65476,0,0,26214,60.0,0.0,0.0,0.0,0.0,0.0
2026-05-17T18:21:21,ERR,ERR,ERR,ERR,ERR,ERR,ERR,ERR,ERR,ERR,ERR,ERR,ERR,ERR,ERR,ERR,ERR,ERR,ERR,ERR,ERR,ERR,ERR,ERR,ERR,ERR,ERR,ERR,ERR,ERR,ERR,ERR,ERR,ERR,ERR,ERR,ERR,ERR,ERR,ERR,ERR,ERR,ERR,ERR,ERR,ERR,ERR,ERR,ERR,ERR,ERR,ERR,ERR,ERR,ERR,ERR,ERR,ERR,ERR,ERR,ERR,ERR,ERR,ERR,ERR,ERR,ERR,ERR,ERR,ERR,ERR,ERR,ERR,ERR,ERR,ERR,ERR,ERR,ERR,ERR,ERR,ERR,ERR,ERR,ERR,ERR,ERR,ERR,ERR,ERR,ERR,ERR,ERR,ERR,ERR,ERR,ERR,ERR,ERR,ERR,ERR,ERR,ERR,ERR,ERR,ERR,ERR,ERR,ERR,ERR,ERR,ERR,ERR,ERR,ERR,ERR,ERR,ERR,ERR,ERR,ERR,ERR,ERR,ERR,ERR,0.0,-107615296.0,-134474944.0,0.0,0.0,1.3936040501711995e+18,7.805,0.0,0,0,4,0,8422,0.0,45,0.0,0.0,0.0,0.0,0.0,0,0,0,0,0.0,0,0,0,0,0,0,0,0,0,0,0,0,0,0,0,0,0,0,0,0,0,0,0,0,0,0,0,0,0,0,0,0,0,38,14,7,45,65476,0,300,0,0,8,21553,0.0,-107605600.0,0.0,0.0,0.0,0.0,0.0,0.0,0.0,0.0,0.0,0.0,0.0,0.0,0.0,0.0,0.0,0.0,0.0,0.0,0.0,0.0,0.0,0.0,-0.0,0.0,0.0,0.0,0.0,0.0,5046.0,3.697186573429349e+19,0.0,0.0,-107615296.0,-107615280.0,2.718429300292151e+23,0.0,0.0,0.0,0.0,53,-0.0,5.848056079300204e+35,0.0,0.0,0.0,0.0,0.0,0.0,0.0,0,0,0,0.0,0.0,0.0,0.0,0.0,0.0,0.0,0.0,0.0,0.0,0.0,0.0,0.0,0.0,0.0,0.0,0,-107875648.0,53,0.0,106,-107614832.0,0.0,ERR,ERR,ERR,ERR,ERR,ERR,ERR,ERR,ERR,ERR,ERR,ERR,ERR,ERR,ERR,ERR,ERR,ERR,ERR,ERR,ERR,ERR,ERR,ERR,ERR,ERR,ERR,ERR,ERR,ERR,ERR,ERR,ERR,ERR,ERR,ERR,ERR,ERR,ERR,ERR,ERR,ERR,ERR,ERR,ERR,ERR,ERR,ERR,ERR,ERR,ERR,ERR,ERR,ERR,ERR,ERR,ERR,ERR,ERR,ERR,ERR,ERR,ERR,ERR,ERR,ERR,ERR,50.0,60.0,100,0.0,0.0,0.0,0.0,0.0,0.0,0.0,0.0,0.0,0.0,0.0,0.0,0.0,0.0,0.0,0.0,61.6,74,14,65512,50,65476,0,300,0,0,8,20529,65476,0,0,26214,60.0,0.0,0.0,0.0,0.0,0.0
2026-05-17T18:21:22,ERR,ERR,ERR,ERR,ERR,ERR,ERR,ERR,ERR,ERR,ERR,ERR,ERR,ERR,ERR,ERR,ERR,ERR,ERR,ERR,ERR,ERR,ERR,ERR,ERR,ERR,ERR,ERR,ERR,ERR,ERR,ERR,ERR,ERR,ERR,ERR,ERR,ERR,ERR,ERR,ERR,ERR,ERR,ERR,ERR,ERR,ERR,ERR,ERR,ERR,ERR,ERR,ERR,ERR,ERR,ERR,ERR,ERR,ERR,ERR,ERR,ERR,ERR,ERR,ERR,ERR,ERR,ERR,ERR,ERR,ERR,ERR,ERR,ERR,ERR,ERR,ERR,ERR,ERR,ERR,ERR,ERR,ERR,ERR,ERR,ERR,ERR,ERR,ERR,ERR,ERR,ERR,ERR,ERR,ERR,ERR,ERR,ERR,ERR,ERR,ERR,ERR,ERR,ERR,ERR,ERR,ERR,ERR,ERR,ERR,ERR,ERR,ERR,ERR,ERR,ERR,ERR,ERR,ERR,ERR,ERR,ERR,ERR,ERR,ERR,0.0,-107615296.0,-134474944.0,0.0,0.0,1.3936040501711995e+18,7.805,0.0,0,0,4,0,8422,0.0,45,0.0,0.0,0.0,0.0,0.0,0,0,0,0,0.0,0,0,0,0,0,0,0,0,0,0,0,0,0,0,0,0,0,0,0,0,0,0,0,0,0,0,0,0,0,0,0,0,0,38,14,7,45,65476,0,300,0,0,8,21553,0.0,-107605600.0,0.0,0.0,0.0,0.0,0.0,0.0,0.0,0.0,0.0,0.0,0.0,0.0,0.0,0.0,0.0,0.0,0.0,0.0,0.0,0.0,0.0,0.0,-0.0,0.0,0.0,0.0,0.0,0.0,5046.0,3.697186573429349e+19,0.0,0.0,-107615296.0,-107615280.0,2.718429300292151e+23,0.0,0.0,0.0,0.0,53,-0.0,5.848056079300204e+35,0.0,0.0,0.0,0.0,0.0,0.0,0.0,0,0,0,0.0,0.0,0.0,0.0,0.0,0.0,0.0,0.0,0.0,0.0,0.0,0.0,0.0,0.0,0.0,0.0,0,-107875648.0,53,0.0,106,-107614832.0,0.0,ERR,ERR,ERR,ERR,ERR,ERR,ERR,ERR,ERR,ERR,ERR,ERR,ERR,ERR,ERR,ERR,ERR,ERR,ERR,ERR,ERR,ERR,ERR,ERR,ERR,ERR,ERR,ERR,ERR,ERR,ERR,ERR,ERR,ERR,ERR,ERR,ERR,ERR,ERR,ERR,ERR,ERR,ERR,ERR,ERR,ERR,ERR,ERR,ERR,ERR,ERR,ERR,ERR,ERR,ERR,ERR,ERR,ERR,ERR,ERR,ERR,ERR,ERR,ERR,ERR,ERR,ERR,50.0,60.0,100,0.0,0.0,0.0,0.0,0.0,0.0,0.0,0.0,0.0,0.0,0.0,0.0,0.0,0.0,0.0,0.0,61.6,74,14,65512,50,65476,0,300,0,0,8,20529,65476,0,0,26214,60.0,0.0,0.0,0.0,0.0,0.0
2026-05-17T18:21:23,ERR,ERR,ERR,ERR,ERR,ERR,ERR,ERR,ERR,ERR,ERR,ERR,ERR,ERR,ERR,ERR,ERR,ERR,ERR,ERR,ERR,ERR,ERR,ERR,ERR,ERR,ERR,ERR,ERR,ERR,ERR,ERR,ERR,ERR,ERR,ERR,ERR,ERR,ERR,ERR,ERR,ERR,ERR,ERR,ERR,ERR,ERR,ERR,ERR,ERR,ERR,ERR,ERR,ERR,ERR,ERR,ERR,ERR,ERR,ERR,ERR,ERR,ERR,ERR,ERR,ERR,ERR,ERR,ERR,ERR,ERR,ERR,ERR,ERR,ERR,ERR,ERR,ERR,ERR,ERR,ERR,ERR,ERR,ERR,ERR,ERR,ERR,ERR,ERR,ERR,ERR,ERR,ERR,ERR,ERR,ERR,ERR,ERR,ERR,ERR,ERR,ERR,ERR,ERR,ERR,ERR,ERR,ERR,ERR,ERR,ERR,ERR,ERR,ERR,ERR,ERR,ERR,ERR,ERR,ERR,ERR,ERR,ERR,ERR,ERR,0.0,0.0,0.0,0.0,0.0,1.3936040501711995e+18,7.805,0.0,0,0,4,0,8422,0.0,45,0.0,0.0,0.0,0.0,0.0,0,0,0,0,0.0,0,0,0,0,0,0,0,0,0,0,0,0,0,0,0,0,0,0,0,0,0,0,0,0,0,0,0,0,0,0,0,0,0,38,14,7,45,65476,0,300,0,0,8,21553,0.0,-107605600.0,0.0,0.0,0.0,0.0,0.0,0.0,0.0,0.0,0.0,0.0,0.0,0.0,0.0,0.0,0.0,0.0,0.0,0.0,0.0,0.0,0.0,0.0,-0.0,0.0,0.0,0.0,0.0,0.0,5047.0,8608183296.0,0.0,0.0,-107615296.0,-107615280.0,2.718429300292151e+23,0.0,0.0,0.0,0.0,53,-0.0,126840545280.0,0.0,0.0,0.0,0.0,0.0,0.0,0.0,0,0,0,0.0,0.0,0.0,0.0,0.0,0.0,0.0,0.0,0.0,0.0,0.0,0.0,0.0,0.0,0.0,0.0,0,-107875648.0,53,0.0,106,-107614832.0,0.0,ERR,ERR,ERR,ERR,ERR,ERR,ERR,ERR,ERR,ERR,ERR,ERR,ERR,ERR,ERR,ERR,ERR,ERR,ERR,ERR,ERR,ERR,ERR,ERR,ERR,ERR,ERR,ERR,ERR,ERR,ERR,ERR,ERR,ERR,ERR,ERR,ERR,ERR,ERR,ERR,ERR,ERR,ERR,ERR,ERR,ERR,ERR,ERR,ERR,ERR,ERR,ERR,ERR,ERR,ERR,ERR,ERR,ERR,ERR,ERR,ERR,ERR,ERR,ERR,ERR,ERR,ERR,50.0,60.0,100,0.0,0.0,0.0,0.0,0.0,0.0,0.0,0.0,0.0,0.0,0.0,0.0,0.0,0.0,0.0,0.0,61.6,74,14,65512,50,65476,0,300,0,0,8,20529,65476,0,0,26214,60.0,0.0,0.0,0.0,0.0,0.0
2026-05-17T18:21:24,ERR,ERR,ERR,ERR,ERR,ERR,ERR,ERR,ERR,ERR,ERR,ERR,ERR,ERR,ERR,ERR,ERR,ERR,ERR,ERR,ERR,ERR,ERR,ERR,ERR,ERR,ERR,ERR,ERR,ERR,ERR,ERR,ERR,ERR,ERR,ERR,ERR,ERR,ERR,ERR,ERR,ERR,ERR,ERR,ERR,ERR,ERR,ERR,ERR,ERR,ERR,ERR,ERR,ERR,ERR,ERR,ERR,ERR,ERR,ERR,ERR,ERR,ERR,ERR,ERR,ERR,ERR,ERR,ERR,ERR,ERR,ERR,ERR,ERR,ERR,ERR,ERR,ERR,ERR,ERR,ERR,ERR,ERR,ERR,ERR,ERR,ERR,ERR,ERR,ERR,ERR,ERR,ERR,ERR,ERR,ERR,ERR,ERR,ERR,ERR,ERR,ERR,ERR,ERR,ERR,ERR,ERR,ERR,ERR,ERR,ERR,ERR,ERR,ERR,ERR,ERR,ERR,ERR,ERR,ERR,ERR,ERR,ERR,ERR,ERR,0.0,0.0,0.0,0.0,0.0,1.3936040501711995e+18,7.805,0.0,0,0,4,0,8422,0.0,45,0.0,0.0,0.0,0.0,0.0,0,0,0,0,0.0,0,0,0,0,0,0,0,0,0,0,0,0,0,0,0,0,0,0,0,0,0,0,0,0,0,0,0,0,0,0,0,0,0,38,14,7,45,65476,0,300,0,0,8,21553,0.0,-107605600.0,0.0,0.0,0.0,0.0,0.0,0.0,0.0,0.0,0.0,0.0,0.0,0.0,0.0,0.0,0.0,0.0,0.0,0.0,0.0,0.0,0.0,0.0,-0.0,0.0,0.0,0.0,0.0,0.0,5047.0,8608183296.0,0.0,0.0,-107615296.0,-107615280.0,2.718429300292151e+23,0.0,0.0,0.0,0.0,53,-0.0,126840545280.0,0.0,0.0,0.0,0.0,0.0,0.0,0.0,0,0,0,0.0,0.0,0.0,0.0,0.0,0.0,0.0,0.0,0.0,0.0,0.0,0.0,0.0,0.0,0.0,0.0,0,-107875648.0,53,0.0,106,-107614832.0,0.0,ERR,ERR,ERR,ERR,ERR,ERR,ERR,ERR,ERR,ERR,ERR,ERR,ERR,ERR,ERR,ERR,ERR,ERR,ERR,ERR,ERR,ERR,ERR,ERR,ERR,ERR,ERR,ERR,ERR,ERR,ERR,ERR,ERR,ERR,ERR,ERR,ERR,ERR,ERR,ERR,ERR,ERR,ERR,ERR,ERR,ERR,ERR,ERR,ERR,ERR,ERR,ERR,ERR,ERR,ERR,ERR,ERR,ERR,ERR,ERR,ERR,ERR,ERR,ERR,ERR,ERR,ERR,50.0,60.0,100,0.0,0.0,0.0,0.0,0.0,0.0,0.0,0.0,0.0,0.0,0.0,0.0,0.0,0.0,0.0,0.0,61.6,74,14,65512,50,65476,0,300,0,0,8,20529,65476,0,0,26214,60.0,0.0,0.0,0.0,0.0,0.0
2026-05-17T18:21:25,ERR,ERR,ERR,ERR,ERR,ERR,ERR,ERR,ERR,ERR,ERR,ERR,ERR,ERR,ERR,ERR,ERR,ERR,ERR,ERR,ERR,ERR,ERR,ERR,ERR,ERR,ERR,ERR,ERR,ERR,ERR,ERR,ERR,ERR,ERR,ERR,ERR,ERR,ERR,ERR,ERR,ERR,ERR,ERR,ERR,ERR,ERR,ERR,ERR,ERR,ERR,ERR,ERR,ERR,ERR,ERR,ERR,ERR,ERR,ERR,ERR,ERR,ERR,ERR,ERR,ERR,ERR,ERR,ERR,ERR,ERR,ERR,ERR,ERR,ERR,ERR,ERR,ERR,ERR,ERR,ERR,ERR,ERR,ERR,ERR,ERR,ERR,ERR,ERR,ERR,ERR,ERR,ERR,ERR,ERR,ERR,ERR,ERR,ERR,ERR,ERR,ERR,ERR,ERR,ERR,ERR,ERR,ERR,ERR,ERR,ERR,ERR,ERR,ERR,ERR,ERR,ERR,ERR,ERR,ERR,ERR,ERR,ERR,ERR,ERR,0.0,0.0,0.0,0.0,0.0,1.3936040501711995e+18,7.805,0.0,0,0,4,0,8422,0.0,45,0.0,0.0,0.0,0.0,0.0,0,0,0,0,0.0,0,0,0,0,0,0,0,0,0,0,0,0,0,0,0,0,0,0,0,0,0,0,0,0,0,0,0,0,0,0,0,0,0,38,14,7,45,65476,0,300,0,0,8,21553,0.0,-107605600.0,0.0,0.0,0.0,0.0,0.0,0.0,0.0,0.0,0.0,0.0,0.0,0.0,0.0,0.0,0.0,0.0,0.0,0.0,0.0,0.0,0.0,0.0,-0.0,0.0,0.0,0.0,0.0,0.0,5047.0,8608183296.0,0.0,0.0,-107615296.0,-107615280.0,2.718429300292151e+23,0.0,0.0,0.0,0.0,53,-0.0,126840545280.0,0.0,0.0,0.0,0.0,0.0,0.0,0.0,0,0,0,0.0,0.0,0.0,0.0,0.0,0.0,0.0,0.0,0.0,0.0,0.0,0.0,0.0,0.0,0.0,0.0,0,-107875648.0,53,0.0,106,-107614832.0,0.0,ERR,ERR,ERR,ERR,ERR,ERR,ERR,ERR,ERR,ERR,ERR,ERR,ERR,ERR,ERR,ERR,ERR,ERR,ERR,ERR,ERR,ERR,ERR,ERR,ERR,ERR,ERR,ERR,ERR,ERR,ERR,ERR,ERR,ERR,ERR,ERR,ERR,ERR,ERR,ERR,ERR,ERR,ERR,ERR,ERR,ERR,ERR,ERR,ERR,ERR,ERR,ERR,ERR,ERR,ERR,ERR,ERR,ERR,ERR,ERR,ERR,ERR,ERR,ERR,ERR,ERR,ERR,50.0,60.0,100,0.0,0.0,0.0,0.0,0.0,0.0,0.0,0.0,0.0,0.0,0.0,0.0,0.0,0.0,0.0,0.0,61.6,74,14,65512,50,65476,0,300,0,0,8,20529,65476,0,0,26214,60.0,0.0,0.0,0.0,0.0,0.0
2026-05-17T18:21:26,ERR,ERR,ERR,ERR,ERR,ERR,ERR,ERR,ERR,ERR,ERR,ERR,ERR,ERR,ERR,ERR,ERR,ERR,ERR,ERR,ERR,ERR,ERR,ERR,ERR,ERR,ERR,ERR,ERR,ERR,ERR,ERR,ERR,ERR,ERR,ERR,ERR,ERR,ERR,ERR,ERR,ERR,ERR,ERR,ERR,ERR,ERR,ERR,ERR,ERR,ERR,ERR,ERR,ERR,ERR,ERR,ERR,ERR,ERR,ERR,ERR,ERR,ERR,ERR,ERR,ERR,ERR,ERR,ERR,ERR,ERR,ERR,ERR,ERR,ERR,ERR,ERR,ERR,ERR,ERR,ERR,ERR,ERR,ERR,ERR,ERR,ERR,ERR,ERR,ERR,ERR,ERR,ERR,ERR,ERR,ERR,ERR,ERR,ERR,ERR,ERR,ERR,ERR,ERR,ERR,ERR,ERR,ERR,ERR,ERR,ERR,ERR,ERR,ERR,ERR,ERR,ERR,ERR,ERR,ERR,ERR,ERR,ERR,ERR,ERR,0.0,0.0,0.0,0.0,0.0,1.3936040501711995e+18,7.805,0.0,0,0,4,0,8422,0.0,45,0.0,0.0,0.0,0.0,0.0,0,0,0,0,0.0,0,0,0,0,0,0,0,0,0,0,0,0,0,0,0,0,0,0,0,0,0,0,0,0,0,0,0,0,0,0,0,0,0,38,14,7,45,65476,0,300,0,0,8,21553,0.0,-107605600.0,0.0,0.0,0.0,0.0,0.0,0.0,0.0,0.0,0.0,0.0,0.0,0.0,0.0,0.0,0.0,0.0,0.0,0.0,0.0,0.0,0.0,0.0,-0.0,0.0,0.0,0.0,0.0,0.0,5047.0,8608183296.0,0.0,0.0,-107615296.0,-107615280.0,2.718429300292151e+23,0.0,0.0,0.0,0.0,53,-0.0,126840545280.0,0.0,0.0,0.0,0.0,0.0,0.0,0.0,0,0,0,0.0,0.0,0.0,0.0,0.0,0.0,0.0,0.0,0.0,0.0,0.0,0.0,0.0,0.0,0.0,0.0,0,-107875648.0,53,0.0,106,-107614832.0,0.0,ERR,ERR,ERR,ERR,ERR,ERR,ERR,ERR,ERR,ERR,ERR,ERR,ERR,ERR,ERR,ERR,ERR,ERR,ERR,ERR,ERR,ERR,ERR,ERR,ERR,ERR,ERR,ERR,ERR,ERR,ERR,ERR,ERR,ERR,ERR,ERR,ERR,ERR,ERR,ERR,ERR,ERR,ERR,ERR,ERR,ERR,ERR,ERR,ERR,ERR,ERR,ERR,ERR,ERR,ERR,ERR,ERR,ERR,ERR,ERR,ERR,ERR,ERR,ERR,ERR,ERR,ERR,50.0,60.0,100,0.0,0.0,0.0,0.0,0.0,0.0,0.0,0.0,0.0,0.0,0.0,0.0,0.0,0.0,0.0,0.0,61.6,74,14,65512,50,65476,0,300,0,0,8,20529,65476,0,0,26214,60.0,0.0,0.0,0.0,0.0,0.0
2026-05-17T18:21:27,ERR,ERR,ERR,ERR,ERR,ERR,ERR,ERR,ERR,ERR,ERR,ERR,ERR,ERR,ERR,ERR,ERR,ERR,ERR,ERR,ERR,ERR,ERR,ERR,ERR,ERR,ERR,ERR,ERR,ERR,ERR,ERR,ERR,ERR,ERR,ERR,ERR,ERR,ERR,ERR,ERR,ERR,ERR,ERR,ERR,ERR,ERR,ERR,ERR,ERR,ERR,ERR,ERR,ERR,ERR,ERR,ERR,ERR,ERR,ERR,ERR,ERR,ERR,ERR,ERR,ERR,ERR,ERR,ERR,ERR,ERR,ERR,ERR,ERR,ERR,ERR,ERR,ERR,ERR,ERR,ERR,ERR,ERR,ERR,ERR,ERR,ERR,ERR,ERR,ERR,ERR,ERR,ERR,ERR,ERR,ERR,ERR,ERR,ERR,ERR,ERR,ERR,ERR,ERR,ERR,ERR,ERR,ERR,ERR,ERR,ERR,ERR,ERR,ERR,ERR,ERR,ERR,ERR,ERR,ERR,ERR,ERR,ERR,ERR,ERR,0.0,0.0,0.0,0.0,0.0,1.3936040501711995e+18,7.805,0.0,0,0,4,0,8422,0.0,45,0.0,0.0,0.0,0.0,0.0,0,0,0,0,0.0,0,0,0,0,0,0,0,0,0,0,0,0,0,0,0,0,0,0,0,0,0,0,0,0,0,0,0,0,0,0,0,0,0,38,14,7,45,65476,0,300,0,0,8,21553,0.0,-107605600.0,0.0,0.0,0.0,0.0,0.0,0.0,0.0,0.0,0.0,0.0,0.0,0.0,0.0,0.0,0.0,0.0,0.0,0.0,0.0,0.0,0.0,0.0,-0.0,0.0,0.0,0.0,0.0,0.0,5047.0,8608183296.0,0.0,0.0,-107615296.0,-107615280.0,2.718429300292151e+23,0.0,0.0,0.0,0.0,53,-0.0,126840545280.0,0.0,0.0,0.0,0.0,0.0,0.0,0.0,0,0,0,0.0,0.0,0.0,0.0,0.0,0.0,0.0,0.0,0.0,0.0,0.0,0.0,0.0,0.0,0.0,0.0,0,-107875648.0,53,0.0,106,-107614832.0,0.0,ERR,ERR,ERR,ERR,ERR,ERR,ERR,ERR,ERR,ERR,ERR,ERR,ERR,ERR,ERR,ERR,ERR,ERR,ERR,ERR,ERR,ERR,ERR,ERR,ERR,ERR,ERR,ERR,ERR,ERR,ERR,ERR,ERR,ERR,ERR,ERR,ERR,ERR,ERR,ERR,ERR,ERR,ERR,ERR,ERR,ERR,ERR,ERR,ERR,ERR,ERR,ERR,ERR,ERR,ERR,ERR,ERR,ERR,ERR,ERR,ERR,ERR,ERR,ERR,ERR,ERR,ERR,50.0,60.0,100,0.0,0.0,0.0,0.0,0.0,0.0,0.0,0.0,0.0,0.0,0.0,0.0,0.0,0.0,0.0,0.0,61.6,74,14,65512,50,65476,0,300,0,0,8,20529,65476,0,0,26214,60.0,0.0,0.0,0.0,0.0,0.0
2026-05-17T18:21:28,ERR,ERR,ERR,ERR,ERR,ERR,ERR,ERR,ERR,ERR,ERR,ERR,ERR,ERR,ERR,ERR,ERR,ERR,ERR,ERR,ERR,ERR,ERR,ERR,ERR,ERR,ERR,ERR,ERR,ERR,ERR,ERR,ERR,ERR,ERR,ERR,ERR,ERR,ERR,ERR,ERR,ERR,ERR,ERR,ERR,ERR,ERR,ERR,ERR,ERR,ERR,ERR,ERR,ERR,ERR,ERR,ERR,ERR,ERR,ERR,ERR,ERR,ERR,ERR,ERR,ERR,ERR,ERR,ERR,ERR,ERR,ERR,ERR,ERR,ERR,ERR,ERR,ERR,ERR,ERR,ERR,ERR,ERR,ERR,ERR,ERR,ERR,ERR,ERR,ERR,ERR,ERR,ERR,ERR,ERR,ERR,ERR,ERR,ERR,ERR,ERR,ERR,ERR,ERR,ERR,ERR,ERR,ERR,ERR,ERR,ERR,ERR,ERR,ERR,ERR,ERR,ERR,ERR,ERR,ERR,ERR,ERR,ERR,ERR,ERR,0.0,0.0,0.0,0.0,0.0,1.3936040501711995e+18,7.805,0.0,0,0,4,0,8422,0.0,45,0.0,0.0,0.0,0.0,0.0,0,0,0,0,0.0,0,0,0,0,0,0,0,0,0,0,0,0,0,0,0,0,0,0,0,0,0,0,0,0,0,0,0,0,0,0,0,0,0,38,14,7,45,65476,0,300,0,0,8,21553,0.0,-107605600.0,0.0,0.0,0.0,0.0,0.0,0.0,0.0,0.0,0.0,0.0,0.0,0.0,0.0,0.0,0.0,0.0,0.0,0.0,0.0,0.0,0.0,0.0,-0.0,0.0,0.0,0.0,0.0,0.0,5045.0,0.0,0.0,0.0,-107615296.0,-107615280.0,2.718429300292151e+23,0.0,0.0,0.0,0.0,53,-0.0,0.0,0.0,0.0,0.0,0.0,0.0,0.0,0.0,0,0,0,0.0,0.0,0.0,0.0,0.0,0.0,0.0,0.0,0.0,0.0,0.0,0.0,0.0,0.0,0.0,0.0,0,-107875648.0,53,0.0,106,-107614832.0,0.0,ERR,ERR,ERR,ERR,ERR,ERR,ERR,ERR,ERR,ERR,ERR,ERR,ERR,ERR,ERR,ERR,ERR,ERR,ERR,ERR,ERR,ERR,ERR,ERR,ERR,ERR,ERR,ERR,ERR,ERR,ERR,ERR,ERR,ERR,ERR,ERR,ERR,ERR,ERR,ERR,ERR,ERR,ERR,ERR,ERR,ERR,ERR,ERR,ERR,ERR,ERR,ERR,ERR,ERR,ERR,ERR,ERR,ERR,ERR,ERR,ERR,ERR,ERR,ERR,ERR,ERR,ERR,50.0,60.0,100,0.0,0.0,0.0,0.0,0.0,0.0,0.0,0.0,0.0,0.0,0.0,0.0,0.0,0.0,0.0,0.0,61.6,74,14,65512,50,65476,0,300,0,0,8,20529,65476,0,0,26214,60.0,0.0,0.0,0.0,0.0,0.0
2026-05-17T18:21:29,ERR,ERR,ERR,ERR,ERR,ERR,ERR,ERR,ERR,ERR,ERR,ERR,ERR,ERR,ERR,ERR,ERR,ERR,ERR,ERR,ERR,ERR,ERR,ERR,ERR,ERR,ERR,ERR,ERR,ERR,ERR,ERR,ERR,ERR,ERR,ERR,ERR,ERR,ERR,ERR,ERR,ERR,ERR,ERR,ERR,ERR,ERR,ERR,ERR,ERR,ERR,ERR,ERR,ERR,ERR,ERR,ERR,ERR,ERR,ERR,ERR,ERR,ERR,ERR,ERR,ERR,ERR,ERR,ERR,ERR,ERR,ERR,ERR,ERR,ERR,ERR,ERR,ERR,ERR,ERR,ERR,ERR,ERR,ERR,ERR,ERR,ERR,ERR,ERR,ERR,ERR,ERR,ERR,ERR,ERR,ERR,ERR,ERR,ERR,ERR,ERR,ERR,ERR,ERR,ERR,ERR,ERR,ERR,ERR,ERR,ERR,ERR,ERR,ERR,ERR,ERR,ERR,ERR,ERR,ERR,ERR,ERR,ERR,ERR,ERR,0.0,0.0,0.0,0.0,0.0,1.3936040501711995e+18,7.805,0.0,0,0,4,0,8422,0.0,45,0.0,0.0,0.0,0.0,0.0,0,0,0,0,0.0,0,0,0,0,0,0,0,0,0,0,0,0,0,0,0,0,0,0,0,0,0,0,0,0,0,0,0,0,0,0,0,0,0,38,14,7,45,65476,0,300,0,0,8,21553,0.0,-107605600.0,0.0,0.0,0.0,0.0,0.0,0.0,0.0,0.0,0.0,0.0,0.0,0.0,0.0,0.0,0.0,0.0,0.0,0.0,0.0,0.0,0.0,0.0,-0.0,0.0,0.0,0.0,0.0,0.0,5045.0,0.0,0.0,0.0,-107615296.0,-107615280.0,2.718429300292151e+23,0.0,0.0,0.0,0.0,53,-0.0,0.0,0.0,0.0,0.0,0.0,0.0,0.0,0.0,0,0,0,0.0,0.0,0.0,0.0,0.0,0.0,0.0,0.0,0.0,0.0,0.0,0.0,0.0,0.0,0.0,0.0,0,-107875648.0,53,0.0,106,-107614832.0,0.0,ERR,ERR,ERR,ERR,ERR,ERR,ERR,ERR,ERR,ERR,ERR,ERR,ERR,ERR,ERR,ERR,ERR,ERR,ERR,ERR,ERR,ERR,ERR,ERR,ERR,ERR,ERR,ERR,ERR,ERR,ERR,ERR,ERR,ERR,ERR,ERR,ERR,ERR,ERR,ERR,ERR,ERR,ERR,ERR,ERR,ERR,ERR,ERR,ERR,ERR,ERR,ERR,ERR,ERR,ERR,ERR,ERR,ERR,ERR,ERR,ERR,ERR,ERR,ERR,ERR,ERR,ERR,50.0,60.0,100,0.0,0.0,0.0,0.0,0.0,0.0,0.0,0.0,0.0,0.0,0.0,0.0,0.0,0.0,0.0,0.0,61.6,74,14,65512,50,65476,0,300,0,0,8,20529,65476,0,0,26214,60.0,0.0,0.0,0.0,0.0,0.0
2026-05-17T18:21:30,ERR,ERR,ERR,ERR,ERR,ERR,ERR,ERR,ERR,ERR,ERR,ERR,ERR,ERR,ERR,ERR,ERR,ERR,ERR,ERR,ERR,ERR,ERR,ERR,ERR,ERR,ERR,ERR,ERR,ERR,ERR,ERR,ERR,ERR,ERR,ERR,ERR,ERR,ERR,ERR,ERR,ERR,ERR,ERR,ERR,ERR,ERR,ERR,ERR,ERR,ERR,ERR,ERR,ERR,ERR,ERR,ERR,ERR,ERR,ERR,ERR,ERR,ERR,ERR,ERR,ERR,ERR,ERR,ERR,ERR,ERR,ERR,ERR,ERR,ERR,ERR,ERR,ERR,ERR,ERR,ERR,ERR,ERR,ERR,ERR,ERR,ERR,ERR,ERR,ERR,ERR,ERR,ERR,ERR,ERR,ERR,ERR,ERR,ERR,ERR,ERR,ERR,ERR,ERR,ERR,ERR,ERR,ERR,ERR,ERR,ERR,ERR,ERR,ERR,ERR,ERR,ERR,ERR,ERR,ERR,ERR,ERR,ERR,ERR,ERR,0.0,0.0,0.0,0.0,0.0,1.3936040501711995e+18,7.805,0.0,0,0,4,0,8422,0.0,45,0.0,0.0,0.0,0.0,0.0,0,0,0,0,0.0,0,0,0,0,0,0,0,0,0,0,0,0,0,0,0,0,0,0,0,0,0,0,0,0,0,0,0,0,0,0,0,0,0,38,14,7,45,65476,0,300,0,0,8,21553,0.0,-107605600.0,0.0,0.0,0.0,0.0,0.0,0.0,0.0,0.0,0.0,0.0,0.0,0.0,0.0,0.0,0.0,0.0,0.0,0.0,0.0,0.0,0.0,0.0,-0.0,0.0,0.0,0.0,0.0,0.0,5045.0,0.0,0.0,0.0,-107615296.0,-107615280.0,2.718429300292151e+23,0.0,0.0,0.0,0.0,53,-0.0,0.0,0.0,0.0,0.0,0.0,0.0,0.0,0.0,0,0,0,0.0,0.0,0.0,0.0,0.0,0.0,0.0,0.0,0.0,0.0,0.0,0.0,0.0,0.0,0.0,0.0,0,-107875648.0,53,0.0,106,-107614832.0,0.0,ERR,ERR,ERR,ERR,ERR,ERR,ERR,ERR,ERR,ERR,ERR,ERR,ERR,ERR,ERR,ERR,ERR,ERR,ERR,ERR,ERR,ERR,ERR,ERR,ERR,ERR,ERR,ERR,ERR,ERR,ERR,ERR,ERR,ERR,ERR,ERR,ERR,ERR,ERR,ERR,ERR,ERR,ERR,ERR,ERR,ERR,ERR,ERR,ERR,ERR,ERR,ERR,ERR,ERR,ERR,ERR,ERR,ERR,ERR,ERR,ERR,ERR,ERR,ERR,ERR,ERR,ERR,50.0,60.0,100,0.0,0.0,0.0,0.0,0.0,0.0,0.0,0.0,0.0,0.0,0.0,0.0,0.0,0.0,0.0,0.0,61.6,74,14,65512,50,65476,0,300,0,0,8,20529,65476,0,0,26214,60.0,0.0,0.0,0.0,0.0,0.0
2026-05-17T18:21:31,ERR,ERR,ERR,ERR,ERR,ERR,ERR,ERR,ERR,ERR,ERR,ERR,ERR,ERR,ERR,ERR,ERR,ERR,ERR,ERR,ERR,ERR,ERR,ERR,ERR,ERR,ERR,ERR,ERR,ERR,ERR,ERR,ERR,ERR,ERR,ERR,ERR,ERR,ERR,ERR,ERR,ERR,ERR,ERR,ERR,ERR,ERR,ERR,ERR,ERR,ERR,ERR,ERR,ERR,ERR,ERR,ERR,ERR,ERR,ERR,ERR,ERR,ERR,ERR,ERR,ERR,ERR,ERR,ERR,ERR,ERR,ERR,ERR,ERR,ERR,ERR,ERR,ERR,ERR,ERR,ERR,ERR,ERR,ERR,ERR,ERR,ERR,ERR,ERR,ERR,ERR,ERR,ERR,ERR,ERR,ERR,ERR,ERR,ERR,ERR,ERR,ERR,ERR,ERR,ERR,ERR,ERR,ERR,ERR,ERR,ERR,ERR,ERR,ERR,ERR,ERR,ERR,ERR,ERR,ERR,ERR,ERR,ERR,ERR,ERR,0.0,0.0,0.0,0.0,0.0,1.3936040501711995e+18,7.805,0.0,0,0,4,0,8422,0.0,45,0.0,0.0,0.0,0.0,0.0,0,0,0,0,0.0,0,0,0,0,0,0,0,0,0,0,0,0,0,0,0,0,0,0,0,0,0,0,0,0,0,0,0,0,0,0,0,0,0,38,14,7,45,65476,0,300,0,0,8,21553,0.0,-107605600.0,0.0,0.0,0.0,0.0,0.0,0.0,0.0,0.0,0.0,0.0,0.0,0.0,0.0,0.0,0.0,0.0,0.0,0.0,0.0,0.0,0.0,0.0,-0.0,0.0,0.0,0.0,0.0,0.0,5045.0,0.0,0.0,0.0,-107615296.0,-107615280.0,2.718429300292151e+23,0.0,0.0,0.0,0.0,53,-0.0,0.0,0.0,0.0,0.0,0.0,0.0,0.0,0.0,0,0,0,0.0,0.0,0.0,0.0,0.0,0.0,0.0,0.0,0.0,0.0,0.0,0.0,0.0,0.0,0.0,0.0,0,-107875648.0,53,0.0,106,-107614832.0,0.0,ERR,ERR,ERR,ERR,ERR,ERR,ERR,ERR,ERR,ERR,ERR,ERR,ERR,ERR,ERR,ERR,ERR,ERR,ERR,ERR,ERR,ERR,ERR,ERR,ERR,ERR,ERR,ERR,ERR,ERR,ERR,ERR,ERR,ERR,ERR,ERR,ERR,ERR,ERR,ERR,ERR,ERR,ERR,ERR,ERR,ERR,ERR,ERR,ERR,ERR,ERR,ERR,ERR,ERR,ERR,ERR,ERR,ERR,ERR,ERR,ERR,ERR,ERR,ERR,ERR,ERR,ERR,50.0,60.0,100,0.0,0.0,0.0,0.0,0.0,0.0,0.0,0.0,0.0,0.0,0.0,0.0,0.0,0.0,0.0,0.0,61.6,74,14,65512,50,65476,0,300,0,0,8,20529,65476,0,0,26214,60.0,0.0,0.0,0.0,0.0,0.0
2026-05-17T18:21:32,ERR,ERR,ERR,ERR,ERR,ERR,ERR,ERR,ERR,ERR,ERR,ERR,ERR,ERR,ERR,ERR,ERR,ERR,ERR,ERR,ERR,ERR,ERR,ERR,ERR,ERR,ERR,ERR,ERR,ERR,ERR,ERR,ERR,ERR,ERR,ERR,ERR,ERR,ERR,ERR,ERR,ERR,ERR,ERR,ERR,ERR,ERR,ERR,ERR,ERR,ERR,ERR,ERR,ERR,ERR,ERR,ERR,ERR,ERR,ERR,ERR,ERR,ERR,ERR,ERR,ERR,ERR,ERR,ERR,ERR,ERR,ERR,ERR,ERR,ERR,ERR,ERR,ERR,ERR,ERR,ERR,ERR,ERR,ERR,ERR,ERR,ERR,ERR,ERR,ERR,ERR,ERR,ERR,ERR,ERR,ERR,ERR,ERR,ERR,ERR,ERR,ERR,ERR,ERR,ERR,ERR,ERR,ERR,ERR,ERR,ERR,ERR,ERR,ERR,ERR,ERR,ERR,ERR,ERR,ERR,ERR,ERR,ERR,ERR,ERR,0.0,0.0,0.0,0.0,0.0,1.3936040501711995e+18,7.805,0.0,0,0,4,0,8422,0.0,45,0.0,0.0,0.0,0.0,0.0,0,0,0,0,0.0,0,0,0,0,0,0,0,0,0,0,0,0,0,0,0,0,0,0,0,0,0,0,0,0,0,0,0,0,0,0,0,0,0,38,14,7,45,65476,0,300,0,0,8,21553,0.0,-107605600.0,0.0,0.0,0.0,0.0,0.0,0.0,0.0,0.0,0.0,0.0,0.0,0.0,0.0,0.0,0.0,0.0,0.0,0.0,0.0,0.0,0.0,0.0,-0.0,0.0,0.0,0.0,0.0,0.0,5045.0,0.0,0.0,0.0,-107615296.0,-107615280.0,2.718429300292151e+23,0.0,0.0,0.0,0.0,53,-0.0,0.0,0.0,0.0,0.0,0.0,0.0,0.0,0.0,0,0,0,0.0,0.0,0.0,0.0,0.0,0.0,0.0,0.0,0.0,0.0,0.0,0.0,0.0,0.0,0.0,0.0,0,-107875648.0,53,0.0,106,-107614832.0,0.0,ERR,ERR,ERR,ERR,ERR,ERR,ERR,ERR,ERR,ERR,ERR,ERR,ERR,ERR,ERR,ERR,ERR,ERR,ERR,ERR,ERR,ERR,ERR,ERR,ERR,ERR,ERR,ERR,ERR,ERR,ERR,ERR,ERR,ERR,ERR,ERR,ERR,ERR,ERR,ERR,ERR,ERR,ERR,ERR,ERR,ERR,ERR,ERR,ERR,ERR,ERR,ERR,ERR,ERR,ERR,ERR,ERR,ERR,ERR,ERR,ERR,ERR,ERR,ERR,ERR,ERR,ERR,50.0,60.0,100,0.0,0.0,0.0,0.0,0.0,0.0,0.0,0.0,0.0,0.0,0.0,0.0,0.0,0.0,0.0,0.0,61.6,74,14,65512,50,65476,0,300,0,0,8,20529,65476,0,0,26214,60.0,0.0,0.0,0.0,0.0,0.0
2026-05-17T18:21:33,ERR,ERR,ERR,ERR,ERR,ERR,ERR,ERR,ERR,ERR,ERR,ERR,ERR,ERR,ERR,ERR,ERR,ERR,ERR,ERR,ERR,ERR,ERR,ERR,ERR,ERR,ERR,ERR,ERR,ERR,ERR,ERR,ERR,ERR,ERR,ERR,ERR,ERR,ERR,ERR,ERR,ERR,ERR,ERR,ERR,ERR,ERR,ERR,ERR,ERR,ERR,ERR,ERR,ERR,ERR,ERR,ERR,ERR,ERR,ERR,ERR,ERR,ERR,ERR,ERR,ERR,ERR,ERR,ERR,ERR,ERR,ERR,ERR,ERR,ERR,ERR,ERR,ERR,ERR,ERR,ERR,ERR,ERR,ERR,ERR,ERR,ERR,ERR,ERR,ERR,ERR,ERR,ERR,ERR,ERR,ERR,ERR,ERR,ERR,ERR,ERR,ERR,ERR,ERR,ERR,ERR,ERR,ERR,ERR,ERR,ERR,ERR,ERR,ERR,ERR,ERR,ERR,ERR,ERR,ERR,ERR,ERR,ERR,ERR,ERR,0.0,-107615296.0,-134474944.0,0.0,0.0,1.3936040501711995e+18,7.805,0.0,0,0,4,0,8422,0.0,45,0.0,0.0,0.0,0.0,0.0,0,0,0,0,0.0,0,0,0,0,0,0,0,0,0,0,0,0,0,0,0,0,0,0,0,0,0,0,0,0,0,0,0,0,0,0,0,0,0,38,14,7,45,65476,0,300,0,0,8,21553,0.0,-107605600.0,0.0,0.0,0.0,0.0,0.0,0.0,0.0,0.0,0.0,0.0,0.0,0.0,0.0,0.0,0.0,0.0,0.0,0.0,0.0,0.0,0.0,0.0,-0.0,0.0,0.0,0.0,0.0,0.0,5045.0,0.0,0.0,0.0,-107615296.0,-107615280.0,2.718429300292151e+23,0.0,0.0,0.0,0.0,53,-0.0,0.0,0.0,0.0,0.0,0.0,0.0,0.0,0.0,0,0,0,0.0,0.0,0.0,0.0,0.0,0.0,0.0,0.0,0.0,0.0,0.0,0.0,0.0,0.0,0.0,0.0,0,-107875648.0,53,0.0,106,-107614832.0,0.0,ERR,ERR,ERR,ERR,ERR,ERR,ERR,ERR,ERR,ERR,ERR,ERR,ERR,ERR,ERR,ERR,ERR,ERR,ERR,ERR,ERR,ERR,ERR,ERR,ERR,ERR,ERR,ERR,ERR,ERR,ERR,ERR,ERR,ERR,ERR,ERR,ERR,ERR,ERR,ERR,ERR,ERR,ERR,ERR,ERR,ERR,ERR,ERR,ERR,ERR,ERR,ERR,ERR,ERR,ERR,ERR,ERR,ERR,ERR,ERR,ERR,ERR,ERR,ERR,ERR,ERR,ERR,50.0,60.0,100,0.0,0.0,0.0,0.0,0.0,0.0,0.0,0.0,0.0,0.0,0.0,0.0,0.0,0.0,0.0,0.0,61.6,74,14,65512,50,65476,0,300,0,0,8,20529,65476,0,0,26214,60.0,0.0,0.0,0.0,0.0,0.0
2026-05-17T18:21:34,ERR,ERR,ERR,ERR,ERR,ERR,ERR,ERR,ERR,ERR,ERR,ERR,ERR,ERR,ERR,ERR,ERR,ERR,ERR,ERR,ERR,ERR,ERR,ERR,ERR,ERR,ERR,ERR,ERR,ERR,ERR,ERR,ERR,ERR,ERR,ERR,ERR,ERR,ERR,ERR,ERR,ERR,ERR,ERR,ERR,ERR,ERR,ERR,ERR,ERR,ERR,ERR,ERR,ERR,ERR,ERR,ERR,ERR,ERR,ERR,ERR,ERR,ERR,ERR,ERR,ERR,ERR,ERR,ERR,ERR,ERR,ERR,ERR,ERR,ERR,ERR,ERR,ERR,ERR,ERR,ERR,ERR,ERR,ERR,ERR,ERR,ERR,ERR,ERR,ERR,ERR,ERR,ERR,ERR,ERR,ERR,ERR,ERR,ERR,ERR,ERR,ERR,ERR,ERR,ERR,ERR,ERR,ERR,ERR,ERR,ERR,ERR,ERR,ERR,ERR,ERR,ERR,ERR,ERR,ERR,ERR,ERR,ERR,ERR,ERR,0.0,-107615296.0,-134474944.0,0.0,0.0,1.3936040501711995e+18,7.805,0.0,0,0,4,0,8422,0.0,45,0.0,0.0,0.0,0.0,0.0,0,0,0,0,0.0,0,0,0,0,0,0,0,0,0,0,0,0,0,0,0,0,0,0,0,0,0,0,0,0,0,0,0,0,0,0,0,0,0,38,14,7,45,65476,0,300,0,0,8,21553,0.0,-107605600.0,0.0,0.0,0.0,0.0,0.0,0.0,0.0,0.0,0.0,0.0,0.0,0.0,0.0,0.0,0.0,0.0,0.0,0.0,0.0,0.0,0.0,0.0,-0.0,0.0,0.0,0.0,0.0,0.0,5045.0,0.0,0.0,0.0,-107615296.0,-107615280.0,2.718429300292151e+23,0.0,0.0,0.0,0.0,53,-0.0,0.0,0.0,0.0,0.0,0.0,0.0,0.0,0.0,0,0,0,0.0,0.0,0.0,0.0,0.0,0.0,0.0,0.0,0.0,0.0,0.0,0.0,0.0,0.0,0.0,0.0,0,-107875648.0,53,0.0,106,-107614832.0,0.0,ERR,ERR,ERR,ERR,ERR,ERR,ERR,ERR,ERR,ERR,ERR,ERR,ERR,ERR,ERR,ERR,ERR,ERR,ERR,ERR,ERR,ERR,ERR,ERR,ERR,ERR,ERR,ERR,ERR,ERR,ERR,ERR,ERR,ERR,ERR,ERR,ERR,ERR,ERR,ERR,ERR,ERR,ERR,ERR,ERR,ERR,ERR,ERR,ERR,ERR,ERR,ERR,ERR,ERR,ERR,ERR,ERR,ERR,ERR,ERR,ERR,ERR,ERR,ERR,ERR,ERR,ERR,50.0,60.0,100,0.0,0.0,0.0,0.0,0.0,0.0,0.0,0.0,0.0,0.0,0.0,0.0,0.0,0.0,0.0,0.0,61.6,74,14,65512,50,65476,0,300,0,0,8,20529,65476,0,0,26214,60.0,0.0,0.0,0.0,0.0,0.0
2026-05-17T18:21:35,ERR,ERR,ERR,ERR,ERR,ERR,ERR,ERR,ERR,ERR,ERR,ERR,ERR,ERR,ERR,ERR,ERR,ERR,ERR,ERR,ERR,ERR,ERR,ERR,ERR,ERR,ERR,ERR,ERR,ERR,ERR,ERR,ERR,ERR,ERR,ERR,ERR,ERR,ERR,ERR,ERR,ERR,ERR,ERR,ERR,ERR,ERR,ERR,ERR,ERR,ERR,ERR,ERR,ERR,ERR,ERR,ERR,ERR,ERR,ERR,ERR,ERR,ERR,ERR,ERR,ERR,ERR,ERR,ERR,ERR,ERR,ERR,ERR,ERR,ERR,ERR,ERR,ERR,ERR,ERR,ERR,ERR,ERR,ERR,ERR,ERR,ERR,ERR,ERR,ERR,ERR,ERR,ERR,ERR,ERR,ERR,ERR,ERR,ERR,ERR,ERR,ERR,ERR,ERR,ERR,ERR,ERR,ERR,ERR,ERR,ERR,ERR,ERR,ERR,ERR,ERR,ERR,ERR,ERR,ERR,ERR,ERR,ERR,ERR,ERR,0.0,-107615296.0,-134474944.0,0.0,0.0,1.3936040501711995e+18,7.805,0.0,0,0,4,0,8422,0.0,45,0.0,0.0,0.0,0.0,0.0,0,0,0,0,0.0,0,0,0,0,0,0,0,0,0,0,0,0,0,0,0,0,0,0,0,0,0,0,0,0,0,0,0,0,0,0,0,0,0,38,14,7,45,65476,0,300,0,0,8,21553,0.0,-107605600.0,0.0,0.0,0.0,0.0,0.0,0.0,0.0,0.0,0.0,0.0,0.0,0.0,0.0,0.0,0.0,0.0,0.0,0.0,0.0,0.0,0.0,0.0,-0.0,0.0,0.0,0.0,0.0,0.0,5045.0,0.0,0.0,0.0,-107615296.0,-107615280.0,2.718429300292151e+23,0.0,0.0,0.0,0.0,53,-0.0,0.0,0.0,0.0,0.0,0.0,0.0,0.0,0.0,0,0,0,0.0,0.0,0.0,0.0,0.0,0.0,0.0,0.0,0.0,0.0,0.0,0.0,0.0,0.0,0.0,0.0,0,-107875648.0,53,0.0,106,-107614832.0,0.0,ERR,ERR,ERR,ERR,ERR,ERR,ERR,ERR,ERR,ERR,ERR,ERR,ERR,ERR,ERR,ERR,ERR,ERR,ERR,ERR,ERR,ERR,ERR,ERR,ERR,ERR,ERR,ERR,ERR,ERR,ERR,ERR,ERR,ERR,ERR,ERR,ERR,ERR,ERR,ERR,ERR,ERR,ERR,ERR,ERR,ERR,ERR,ERR,ERR,ERR,ERR,ERR,ERR,ERR,ERR,ERR,ERR,ERR,ERR,ERR,ERR,ERR,ERR,ERR,ERR,ERR,ERR,50.0,60.0,100,0.0,0.0,0.0,0.0,0.0,0.0,0.0,0.0,0.0,0.0,0.0,0.0,0.0,0.0,0.0,0.0,61.6,74,14,65512,50,65476,0,300,0,0,8,20529,65476,0,0,26214,60.0,0.0,0.0,0.0,0.0,0.0
2026-05-17T18:21:36,ERR,ERR,ERR,ERR,ERR,ERR,ERR,ERR,ERR,ERR,ERR,ERR,ERR,ERR,ERR,ERR,ERR,ERR,ERR,ERR,ERR,ERR,ERR,ERR,ERR,ERR,ERR,ERR,ERR,ERR,ERR,ERR,ERR,ERR,ERR,ERR,ERR,ERR,ERR,ERR,ERR,ERR,ERR,ERR,ERR,ERR,ERR,ERR,ERR,ERR,ERR,ERR,ERR,ERR,ERR,ERR,ERR,ERR,ERR,ERR,ERR,ERR,ERR,ERR,ERR,ERR,ERR,ERR,ERR,ERR,ERR,ERR,ERR,ERR,ERR,ERR,ERR,ERR,ERR,ERR,ERR,ERR,ERR,ERR,ERR,ERR,ERR,ERR,ERR,ERR,ERR,ERR,ERR,ERR,ERR,ERR,ERR,ERR,ERR,ERR,ERR,ERR,ERR,ERR,ERR,ERR,ERR,ERR,ERR,ERR,ERR,ERR,ERR,ERR,ERR,ERR,ERR,ERR,ERR,ERR,ERR,ERR,ERR,ERR,ERR,0.0,-107615296.0,-134474944.0,0.0,0.0,1.3936040501711995e+18,7.805,0.0,0,0,4,0,8422,0.0,45,0.0,0.0,0.0,0.0,0.0,0,0,0,0,0.0,0,0,0,0,0,0,0,0,0,0,0,0,0,0,0,0,0,0,0,0,0,0,0,0,0,0,0,0,0,0,0,0,0,38,14,7,45,65476,0,300,0,0,8,21553,0.0,-107605600.0,0.0,0.0,0.0,0.0,0.0,0.0,0.0,0.0,0.0,0.0,0.0,0.0,0.0,0.0,0.0,0.0,0.0,0.0,0.0,0.0,0.0,0.0,-0.0,0.0,0.0,0.0,0.0,0.0,5045.0,0.0,0.0,0.0,-107615296.0,-107615280.0,2.718429300292151e+23,0.0,0.0,0.0,0.0,53,-0.0,0.0,0.0,0.0,0.0,0.0,0.0,0.0,0.0,0,0,0,0.0,0.0,0.0,0.0,0.0,0.0,0.0,0.0,0.0,0.0,0.0,0.0,0.0,0.0,0.0,0.0,0,-107875648.0,53,0.0,106,-107614832.0,0.0,ERR,ERR,ERR,ERR,ERR,ERR,ERR,ERR,ERR,ERR,ERR,ERR,ERR,ERR,ERR,ERR,ERR,ERR,ERR,ERR,ERR,ERR,ERR,ERR,ERR,ERR,ERR,ERR,ERR,ERR,ERR,ERR,ERR,ERR,ERR,ERR,ERR,ERR,ERR,ERR,ERR,ERR,ERR,ERR,ERR,ERR,ERR,ERR,ERR,ERR,ERR,ERR,ERR,ERR,ERR,ERR,ERR,ERR,ERR,ERR,ERR,ERR,ERR,ERR,ERR,ERR,ERR,50.0,60.0,100,0.0,0.0,0.0,0.0,0.0,0.0,0.0,0.0,0.0,0.0,0.0,0.0,0.0,0.0,0.0,0.0,62.0,74,14,65512,50,65476,0,300,0,0,8,20529,65476,0,0,26214,60.0,0.0,0.0,0.0,0.0,0.0
2026-05-17T18:21:37,ERR,ERR,ERR,ERR,ERR,ERR,ERR,ERR,ERR,ERR,ERR,ERR,ERR,ERR,ERR,ERR,ERR,ERR,ERR,ERR,ERR,ERR,ERR,ERR,ERR,ERR,ERR,ERR,ERR,ERR,ERR,ERR,ERR,ERR,ERR,ERR,ERR,ERR,ERR,ERR,ERR,ERR,ERR,ERR,ERR,ERR,ERR,ERR,ERR,ERR,ERR,ERR,ERR,ERR,ERR,ERR,ERR,ERR,ERR,ERR,ERR,ERR,ERR,ERR,ERR,ERR,ERR,ERR,ERR,ERR,ERR,ERR,ERR,ERR,ERR,ERR,ERR,ERR,ERR,ERR,ERR,ERR,ERR,ERR,ERR,ERR,ERR,ERR,ERR,ERR,ERR,ERR,ERR,ERR,ERR,ERR,ERR,ERR,ERR,ERR,ERR,ERR,ERR,ERR,ERR,ERR,ERR,ERR,ERR,ERR,ERR,ERR,ERR,ERR,ERR,ERR,ERR,ERR,ERR,ERR,ERR,ERR,ERR,ERR,ERR,0.0,-107615296.0,-134474944.0,0.0,0.0,1.3936040501711995e+18,7.805,0.0,0,0,4,0,8422,0.0,45,0.0,0.0,0.0,0.0,0.0,0,0,0,0,0.0,0,0,0,0,0,0,0,0,0,0,0,0,0,0,0,0,0,0,0,0,0,0,0,0,0,0,0,0,0,0,0,0,0,38,14,7,45,65476,0,300,0,0,8,21553,0.0,-107605600.0,0.0,0.0,0.0,0.0,0.0,0.0,0.0,0.0,0.0,0.0,0.0,0.0,0.0,0.0,0.0,0.0,0.0,0.0,0.0,0.0,0.0,0.0,-0.0,0.0,0.0,0.0,0.0,0.0,5045.0,0.0,0.0,0.0,-107615296.0,-107615280.0,2.718429300292151e+23,0.0,0.0,0.0,0.0,53,-0.0,0.0,0.0,0.0,0.0,0.0,0.0,0.0,0.0,0,0,0,0.0,0.0,0.0,0.0,0.0,0.0,0.0,0.0,0.0,0.0,0.0,0.0,0.0,0.0,0.0,0.0,0,-107875648.0,53,0.0,106,-107614832.0,0.0,ERR,ERR,ERR,ERR,ERR,ERR,ERR,ERR,ERR,ERR,ERR,ERR,ERR,ERR,ERR,ERR,ERR,ERR,ERR,ERR,ERR,ERR,ERR,ERR,ERR,ERR,ERR,ERR,ERR,ERR,ERR,ERR,ERR,ERR,ERR,ERR,ERR,ERR,ERR,ERR,ERR,ERR,ERR,ERR,ERR,ERR,ERR,ERR,ERR,ERR,ERR,ERR,ERR,ERR,ERR,ERR,ERR,ERR,ERR,ERR,ERR,ERR,ERR,ERR,ERR,ERR,ERR,50.0,60.0,100,0.0,0.0,0.0,0.0,0.0,0.0,0.0,0.0,0.0,0.0,0.0,0.0,0.0,0.0,0.0,0.0,62.0,74,14,65512,50,65476,0,300,0,0,8,20529,65476,0,0,26214,60.0,0.0,0.0,0.0,0.0,0.0
2026-05-17T18:21:38,ERR,ERR,ERR,ERR,ERR,ERR,ERR,ERR,ERR,ERR,ERR,ERR,ERR,ERR,ERR,ERR,ERR,ERR,ERR,ERR,ERR,ERR,ERR,ERR,ERR,ERR,ERR,ERR,ERR,ERR,ERR,ERR,ERR,ERR,ERR,ERR,ERR,ERR,ERR,ERR,ERR,ERR,ERR,ERR,ERR,ERR,ERR,ERR,ERR,ERR,ERR,ERR,ERR,ERR,ERR,ERR,ERR,ERR,ERR,ERR,ERR,ERR,ERR,ERR,ERR,ERR,ERR,ERR,ERR,ERR,ERR,ERR,ERR,ERR,ERR,ERR,ERR,ERR,ERR,ERR,ERR,ERR,ERR,ERR,ERR,ERR,ERR,ERR,ERR,ERR,ERR,ERR,ERR,ERR,ERR,ERR,ERR,ERR,ERR,ERR,ERR,ERR,ERR,ERR,ERR,ERR,ERR,ERR,ERR,ERR,ERR,ERR,ERR,ERR,ERR,ERR,ERR,ERR,ERR,ERR,ERR,ERR,ERR,ERR,ERR,0.0,-107615296.0,-134474944.0,0.0,0.0,1.3936040501711995e+18,7.805,0.0,0,0,4,0,8422,0.0,45,0.0,0.0,0.0,0.0,0.0,0,0,0,0,0.0,0,0,0,0,0,0,0,0,0,0,0,0,0,0,0,0,0,0,0,0,0,0,0,0,0,0,0,0,0,0,0,0,0,38,14,7,45,65476,0,300,0,0,8,21553,0.0,-107605600.0,0.0,0.0,0.0,0.0,0.0,0.0,0.0,0.0,0.0,0.0,0.0,0.0,0.0,0.0,0.0,0.0,0.0,0.0,0.0,0.0,0.0,0.0,-0.0,0.0,0.0,0.0,0.0,0.0,5010.0,3.697186133624698e+19,0.0,0.0,-107615296.0,-107615280.0,2.718429300292151e+23,0.0,0.0,0.0,0.0,53,-0.0,0.0,0.0,0.0,0.0,0.0,0.0,0.0,0.0,0,0,0,0.0,0.0,0.0,0.0,0.0,0.0,0.0,0.0,0.0,0.0,0.0,0.0,0.0,0.0,0.0,0.0,0,-107875648.0,53,0.0,106,-107614832.0,0.0,ERR,ERR,ERR,ERR,ERR,ERR,ERR,ERR,ERR,ERR,ERR,ERR,ERR,ERR,ERR,ERR,ERR,ERR,ERR,ERR,ERR,ERR,ERR,ERR,ERR,ERR,ERR,ERR,ERR,ERR,ERR,ERR,ERR,ERR,ERR,ERR,ERR,ERR,ERR,ERR,ERR,ERR,ERR,ERR,ERR,ERR,ERR,ERR,ERR,ERR,ERR,ERR,ERR,ERR,ERR,ERR,ERR,ERR,ERR,ERR,ERR,ERR,ERR,ERR,ERR,ERR,ERR,50.0,60.0,100,0.0,0.0,0.0,0.0,0.0,0.0,0.0,0.0,0.0,0.0,0.0,0.0,0.0,0.0,0.0,0.0,62.0,74,14,65512,50,65476,0,300,0,0,8,20529,65476,0,0,26214,60.0,0.0,0.0,0.0,0.0,0.0
2026-05-17T18:21:39,ERR,ERR,ERR,ERR,ERR,ERR,ERR,ERR,ERR,ERR,ERR,ERR,ERR,ERR,ERR,ERR,ERR,ERR,ERR,ERR,ERR,ERR,ERR,ERR,ERR,ERR,ERR,ERR,ERR,ERR,ERR,ERR,ERR,ERR,ERR,ERR,ERR,ERR,ERR,ERR,ERR,ERR,ERR,ERR,ERR,ERR,ERR,ERR,ERR,ERR,ERR,ERR,ERR,ERR,ERR,ERR,ERR,ERR,ERR,ERR,ERR,ERR,ERR,ERR,ERR,ERR,ERR,ERR,ERR,ERR,ERR,ERR,ERR,ERR,ERR,ERR,ERR,ERR,ERR,ERR,ERR,ERR,ERR,ERR,ERR,ERR,ERR,ERR,ERR,ERR,ERR,ERR,ERR,ERR,ERR,ERR,ERR,ERR,ERR,ERR,ERR,ERR,ERR,ERR,ERR,ERR,ERR,ERR,ERR,ERR,ERR,ERR,ERR,ERR,ERR,ERR,ERR,ERR,ERR,ERR,ERR,ERR,ERR,ERR,ERR,0.0,-107615296.0,-134474944.0,0.0,0.0,1.3936040501711995e+18,7.805,0.0,0,0,4,0,8422,0.0,45,0.0,0.0,0.0,0.0,0.0,0,0,0,0,0.0,0,0,0,0,0,0,0,0,0,0,0,0,0,0,0,0,0,0,0,0,0,0,0,0,0,0,0,0,0,0,0,0,0,38,14,7,45,65476,0,300,0,0,8,21553,0.0,-107605600.0,0.0,0.0,0.0,0.0,0.0,0.0,0.0,0.0,0.0,0.0,0.0,0.0,0.0,0.0,0.0,0.0,0.0,0.0,0.0,0.0,0.0,0.0,-0.0,0.0,0.0,0.0,0.0,0.0,5010.0,3.697186133624698e+19,0.0,0.0,-107615296.0,-107615280.0,2.718429300292151e+23,0.0,0.0,0.0,0.0,53,-0.0,0.0,0.0,0.0,0.0,0.0,0.0,0.0,0.0,0,0,0,0.0,0.0,0.0,0.0,0.0,0.0,0.0,0.0,0.0,0.0,0.0,0.0,0.0,0.0,0.0,0.0,0,-107875648.0,53,0.0,106,-107614832.0,0.0,ERR,ERR,ERR,ERR,ERR,ERR,ERR,ERR,ERR,ERR,ERR,ERR,ERR,ERR,ERR,ERR,ERR,ERR,ERR,ERR,ERR,ERR,ERR,ERR,ERR,ERR,ERR,ERR,ERR,ERR,ERR,ERR,ERR,ERR,ERR,ERR,ERR,ERR,ERR,ERR,ERR,ERR,ERR,ERR,ERR,ERR,ERR,ERR,ERR,ERR,ERR,ERR,ERR,ERR,ERR,ERR,ERR,ERR,ERR,ERR,ERR,ERR,ERR,ERR,ERR,ERR,ERR,50.0,60.0,100,0.0,0.0,0.0,0.0,0.0,0.0,0.0,0.0,0.0,0.0,0.0,0.0,0.0,0.0,0.0,0.0,61.6,74,14,65512,50,65476,0,300,0,0,8,20529,65476,0,0,26214,60.0,0.0,0.0,0.0,0.0,0.0
2026-05-17T18:21:40,ERR,ERR,ERR,ERR,ERR,ERR,ERR,ERR,ERR,ERR,ERR,ERR,ERR,ERR,ERR,ERR,ERR,ERR,ERR,ERR,ERR,ERR,ERR,ERR,ERR,ERR,ERR,ERR,ERR,ERR,ERR,ERR,ERR,ERR,ERR,ERR,ERR,ERR,ERR,ERR,ERR,ERR,ERR,ERR,ERR,ERR,ERR,ERR,ERR,ERR,ERR,ERR,ERR,ERR,ERR,ERR,ERR,ERR,ERR,ERR,ERR,ERR,ERR,ERR,ERR,ERR,ERR,ERR,ERR,ERR,ERR,ERR,ERR,ERR,ERR,ERR,ERR,ERR,ERR,ERR,ERR,ERR,ERR,ERR,ERR,ERR,ERR,ERR,ERR,ERR,ERR,ERR,ERR,ERR,ERR,ERR,ERR,ERR,ERR,ERR,ERR,ERR,ERR,ERR,ERR,ERR,ERR,ERR,ERR,ERR,ERR,ERR,ERR,ERR,ERR,ERR,ERR,ERR,ERR,ERR,ERR,ERR,ERR,ERR,ERR,0.0,-107615296.0,-134474944.0,0.0,0.0,1.3936040501711995e+18,7.805,0.0,0,0,4,0,8422,0.0,45,0.0,0.0,0.0,0.0,0.0,0,0,0,0,0.0,0,0,0,0,0,0,0,0,0,0,0,0,0,0,0,0,0,0,0,0,0,0,0,0,0,0,0,0,0,0,0,0,0,38,14,7,45,65476,0,300,0,0,8,21553,0.0,-107605600.0,0.0,0.0,0.0,0.0,0.0,0.0,0.0,0.0,0.0,0.0,0.0,0.0,0.0,0.0,0.0,0.0,0.0,0.0,0.0,0.0,0.0,0.0,-0.0,0.0,0.0,0.0,0.0,0.0,5010.0,3.697186133624698e+19,0.0,0.0,-107615296.0,-107615280.0,2.718429300292151e+23,0.0,0.0,0.0,0.0,53,-0.0,0.0,0.0,0.0,0.0,0.0,0.0,0.0,0.0,0,0,0,0.0,0.0,0.0,0.0,0.0,0.0,0.0,0.0,0.0,0.0,0.0,0.0,0.0,0.0,0.0,0.0,0,-107875648.0,53,0.0,106,-107614832.0,0.0,ERR,ERR,ERR,ERR,ERR,ERR,ERR,ERR,ERR,ERR,ERR,ERR,ERR,ERR,ERR,ERR,ERR,ERR,ERR,ERR,ERR,ERR,ERR,ERR,ERR,ERR,ERR,ERR,ERR,ERR,ERR,ERR,ERR,ERR,ERR,ERR,ERR,ERR,ERR,ERR,ERR,ERR,ERR,ERR,ERR,ERR,ERR,ERR,ERR,ERR,ERR,ERR,ERR,ERR,ERR,ERR,ERR,ERR,ERR,ERR,ERR,ERR,ERR,ERR,ERR,ERR,ERR,50.0,60.0,100,0.0,0.0,0.0,0.0,0.0,0.0,0.0,0.0,0.0,0.0,0.0,0.0,0.0,0.0,0.0,0.0,61.6,74,14,65512,50,65476,0,300,0,0,8,20529,65476,0,0,26214,60.0,0.0,0.0,0.0,0.0,0.0
2026-05-17T18:21:41,ERR,ERR,ERR,ERR,ERR,ERR,ERR,ERR,ERR,ERR,ERR,ERR,ERR,ERR,ERR,ERR,ERR,ERR,ERR,ERR,ERR,ERR,ERR,ERR,ERR,ERR,ERR,ERR,ERR,ERR,ERR,ERR,ERR,ERR,ERR,ERR,ERR,ERR,ERR,ERR,ERR,ERR,ERR,ERR,ERR,ERR,ERR,ERR,ERR,ERR,ERR,ERR,ERR,ERR,ERR,ERR,ERR,ERR,ERR,ERR,ERR,ERR,ERR,ERR,ERR,ERR,ERR,ERR,ERR,ERR,ERR,ERR,ERR,ERR,ERR,ERR,ERR,ERR,ERR,ERR,ERR,ERR,ERR,ERR,ERR,ERR,ERR,ERR,ERR,ERR,ERR,ERR,ERR,ERR,ERR,ERR,ERR,ERR,ERR,ERR,ERR,ERR,ERR,ERR,ERR,ERR,ERR,ERR,ERR,ERR,ERR,ERR,ERR,ERR,ERR,ERR,ERR,ERR,ERR,ERR,ERR,ERR,ERR,ERR,ERR,0.0,-107615296.0,-134474944.0,0.0,0.0,1.3936040501711995e+18,7.805,0.0,0,0,4,0,8422,0.0,45,0.0,0.0,0.0,0.0,0.0,0,0,0,0,0.0,0,0,0,0,0,0,0,0,0,0,0,0,0,0,0,0,0,0,0,0,0,0,0,0,0,0,0,0,0,0,0,0,0,38,14,7,45,65476,0,300,0,0,8,21553,0.0,-107605600.0,0.0,0.0,0.0,0.0,0.0,0.0,0.0,0.0,0.0,0.0,0.0,0.0,0.0,0.0,0.0,0.0,0.0,0.0,0.0,0.0,0.0,0.0,-0.0,0.0,0.0,0.0,0.0,0.0,5010.0,3.697186133624698e+19,0.0,0.0,-107615296.0,-107615280.0,2.718429300292151e+23,0.0,0.0,0.0,0.0,53,-0.0,0.0,0.0,0.0,0.0,0.0,0.0,0.0,0.0,0,0,0,0.0,0.0,0.0,0.0,0.0,0.0,0.0,0.0,0.0,0.0,0.0,0.0,0.0,0.0,0.0,0.0,0,-107875648.0,53,0.0,106,-107614832.0,0.0,ERR,ERR,ERR,ERR,ERR,ERR,ERR,ERR,ERR,ERR,ERR,ERR,ERR,ERR,ERR,ERR,ERR,ERR,ERR,ERR,ERR,ERR,ERR,ERR,ERR,ERR,ERR,ERR,ERR,ERR,ERR,ERR,ERR,ERR,ERR,ERR,ERR,ERR,ERR,ERR,ERR,ERR,ERR,ERR,ERR,ERR,ERR,ERR,ERR,ERR,ERR,ERR,ERR,ERR,ERR,ERR,ERR,ERR,ERR,ERR,ERR,ERR,ERR,ERR,ERR,ERR,ERR,50.0,60.0,100,0.0,0.0,0.0,0.0,0.0,0.0,0.0,0.0,0.0,0.0,0.0,0.0,0.0,0.0,0.0,0.0,61.6,74,14,65512,50,65476,0,300,0,0,8,20529,65476,0,0,26214,60.0,0.0,0.0,0.0,0.0,0.0
2026-05-17T18:21:42,ERR,ERR,ERR,ERR,ERR,ERR,ERR,ERR,ERR,ERR,ERR,ERR,ERR,ERR,ERR,ERR,ERR,ERR,ERR,ERR,ERR,ERR,ERR,ERR,ERR,ERR,ERR,ERR,ERR,ERR,ERR,ERR,ERR,ERR,ERR,ERR,ERR,ERR,ERR,ERR,ERR,ERR,ERR,ERR,ERR,ERR,ERR,ERR,ERR,ERR,ERR,ERR,ERR,ERR,ERR,ERR,ERR,ERR,ERR,ERR,ERR,ERR,ERR,ERR,ERR,ERR,ERR,ERR,ERR,ERR,ERR,ERR,ERR,ERR,ERR,ERR,ERR,ERR,ERR,ERR,ERR,ERR,ERR,ERR,ERR,ERR,ERR,ERR,ERR,ERR,ERR,ERR,ERR,ERR,ERR,ERR,ERR,ERR,ERR,ERR,ERR,ERR,ERR,ERR,ERR,ERR,ERR,ERR,ERR,ERR,ERR,ERR,ERR,ERR,ERR,ERR,ERR,ERR,ERR,ERR,ERR,ERR,ERR,ERR,ERR,0.0,-107615296.0,-134474944.0,0.0,0.0,1.3936040501711995e+18,7.805,0.0,0,0,4,0,8422,0.0,45,0.0,0.0,0.0,0.0,0.0,0,0,0,0,0.0,0,0,0,0,0,0,0,0,0,0,0,0,0,0,0,0,0,0,0,0,0,0,0,0,0,0,0,0,0,0,0,0,0,38,14,7,45,65476,0,300,0,0,8,21553,0.0,-107605600.0,0.0,0.0,0.0,0.0,0.0,0.0,0.0,0.0,0.0,0.0,0.0,0.0,0.0,0.0,0.0,0.0,0.0,0.0,0.0,0.0,0.0,0.0,-0.0,0.0,0.0,0.0,0.0,0.0,5010.0,3.697186133624698e+19,0.0,0.0,-107615296.0,-107615280.0,2.718429300292151e+23,0.0,0.0,0.0,0.0,53,-0.0,0.0,0.0,0.0,0.0,0.0,0.0,0.0,0.0,0,0,0,0.0,0.0,0.0,0.0,0.0,0.0,0.0,0.0,0.0,0.0,0.0,0.0,0.0,0.0,0.0,0.0,0,-107875648.0,53,0.0,106,-107614832.0,0.0,ERR,ERR,ERR,ERR,ERR,ERR,ERR,ERR,ERR,ERR,ERR,ERR,ERR,ERR,ERR,ERR,ERR,ERR,ERR,ERR,ERR,ERR,ERR,ERR,ERR,ERR,ERR,ERR,ERR,ERR,ERR,ERR,ERR,ERR,ERR,ERR,ERR,ERR,ERR,ERR,ERR,ERR,ERR,ERR,ERR,ERR,ERR,ERR,ERR,ERR,ERR,ERR,ERR,ERR,ERR,ERR,ERR,ERR,ERR,ERR,ERR,ERR,ERR,ERR,ERR,ERR,ERR,50.0,60.0,100,0.0,0.0,0.0,0.0,0.0,0.0,0.0,0.0,0.0,0.0,0.0,0.0,0.0,0.0,0.0,0.0,61.6,74,14,65512,50,65476,0,300,0,0,8,20529,65476,0,0,26214,60.0,0.0,0.0,0.0,0.0,0.0
2026-05-17T18:21:43,ERR,ERR,ERR,ERR,ERR,ERR,ERR,ERR,ERR,ERR,ERR,ERR,ERR,ERR,ERR,ERR,ERR,ERR,ERR,ERR,ERR,ERR,ERR,ERR,ERR,ERR,ERR,ERR,ERR,ERR,ERR,ERR,ERR,ERR,ERR,ERR,ERR,ERR,ERR,ERR,ERR,ERR,ERR,ERR,ERR,ERR,ERR,ERR,ERR,ERR,ERR,ERR,ERR,ERR,ERR,ERR,ERR,ERR,ERR,ERR,ERR,ERR,ERR,ERR,ERR,ERR,ERR,ERR,ERR,ERR,ERR,ERR,ERR,ERR,ERR,ERR,ERR,ERR,ERR,ERR,ERR,ERR,ERR,ERR,ERR,ERR,ERR,ERR,ERR,ERR,ERR,ERR,ERR,ERR,ERR,ERR,ERR,ERR,ERR,ERR,ERR,ERR,ERR,ERR,ERR,ERR,ERR,ERR,ERR,ERR,ERR,ERR,ERR,ERR,ERR,ERR,ERR,ERR,ERR,ERR,ERR,ERR,ERR,ERR,ERR,0.0,-107615296.0,-134474944.0,0.0,0.0,1.3936040501711995e+18,7.805,0.0,0,0,4,0,8422,0.0,45,0.0,0.0,0.0,0.0,0.0,0,0,0,0,0.0,0,0,0,0,0,0,0,0,0,0,0,0,0,0,0,0,0,0,0,0,0,0,0,0,0,0,0,0,0,0,0,0,0,38,14,7,45,65476,0,300,0,0,8,21553,0.0,-107605600.0,0.0,0.0,0.0,0.0,0.0,0.0,0.0,0.0,0.0,0.0,0.0,0.0,0.0,0.0,0.0,0.0,0.0,0.0,0.0,0.0,0.0,0.0,-0.0,0.0,0.0,0.0,0.0,0.0,5011.0,0.0,0.0,0.0,-107615296.0,-107615280.0,2.718429300292151e+23,0.0,0.0,0.0,0.0,53,-0.0,-107614776.0,0.0,0.0,0.0,0.0,0.0,0.0,0.0,0,0,0,0.0,0.0,0.0,0.0,0.0,0.0,0.0,0.0,0.0,0.0,0.0,0.0,0.0,0.0,0.0,0.0,0,-107875648.0,53,0.0,106,-107614832.0,0.0,ERR,ERR,ERR,ERR,ERR,ERR,ERR,ERR,ERR,ERR,ERR,ERR,ERR,ERR,ERR,ERR,ERR,ERR,ERR,ERR,ERR,ERR,ERR,ERR,ERR,ERR,ERR,ERR,ERR,ERR,ERR,ERR,ERR,ERR,ERR,ERR,ERR,ERR,ERR,ERR,ERR,ERR,ERR,ERR,ERR,ERR,ERR,ERR,ERR,ERR,ERR,ERR,ERR,ERR,ERR,ERR,ERR,ERR,ERR,ERR,ERR,ERR,ERR,ERR,ERR,ERR,ERR,50.0,60.0,100,0.0,0.0,0.0,0.0,0.0,0.0,0.0,0.0,0.0,0.0,0.0,0.0,0.0,0.0,0.0,0.0,61.6,74,14,65512,50,65476,0,300,0,0,8,20529,65476,0,0,26214,60.0,0.0,0.0,0.0,0.0,0.0
2026-05-17T18:21:44,ERR,ERR,ERR,ERR,ERR,ERR,ERR,ERR,ERR,ERR,ERR,ERR,ERR,ERR,ERR,ERR,ERR,ERR,ERR,ERR,ERR,ERR,ERR,ERR,ERR,ERR,ERR,ERR,ERR,ERR,ERR,ERR,ERR,ERR,ERR,ERR,ERR,ERR,ERR,ERR,ERR,ERR,ERR,ERR,ERR,ERR,ERR,ERR,ERR,ERR,ERR,ERR,ERR,ERR,ERR,ERR,ERR,ERR,ERR,ERR,ERR,ERR,ERR,ERR,ERR,ERR,ERR,ERR,ERR,ERR,ERR,ERR,ERR,ERR,ERR,ERR,ERR,ERR,ERR,ERR,ERR,ERR,ERR,ERR,ERR,ERR,ERR,ERR,ERR,ERR,ERR,ERR,ERR,ERR,ERR,ERR,ERR,ERR,ERR,ERR,ERR,ERR,ERR,ERR,ERR,ERR,ERR,ERR,ERR,ERR,ERR,ERR,ERR,ERR,ERR,ERR,ERR,ERR,ERR,ERR,ERR,ERR,ERR,ERR,ERR,0.0,-107615296.0,-134474944.0,0.0,0.0,1.3936040501711995e+18,7.805,0.0,0,0,4,0,8422,0.0,45,0.0,0.0,0.0,0.0,0.0,0,0,0,0,0.0,0,0,0,0,0,0,0,0,0,0,0,0,0,0,0,0,0,0,0,0,0,0,0,0,0,0,0,0,0,0,0,0,0,38,14,7,45,65476,0,300,0,0,8,21553,0.0,-107605600.0,0.0,0.0,0.0,0.0,0.0,0.0,0.0,0.0,0.0,0.0,0.0,0.0,0.0,0.0,0.0,0.0,0.0,0.0,0.0,0.0,0.0,0.0,-0.0,0.0,0.0,0.0,0.0,0.0,5011.0,0.0,0.0,0.0,-107615296.0,-107615280.0,2.718429300292151e+23,0.0,0.0,0.0,0.0,53,-0.0,-107614776.0,0.0,0.0,0.0,0.0,0.0,0.0,0.0,0,0,0,0.0,0.0,0.0,0.0,0.0,0.0,0.0,0.0,0.0,0.0,0.0,0.0,0.0,0.0,0.0,0.0,0,-107875648.0,53,0.0,106,-107614832.0,0.0,ERR,ERR,ERR,ERR,ERR,ERR,ERR,ERR,ERR,ERR,ERR,ERR,ERR,ERR,ERR,ERR,ERR,ERR,ERR,ERR,ERR,ERR,ERR,ERR,ERR,ERR,ERR,ERR,ERR,ERR,ERR,ERR,ERR,ERR,ERR,ERR,ERR,ERR,ERR,ERR,ERR,ERR,ERR,ERR,ERR,ERR,ERR,ERR,ERR,ERR,ERR,ERR,ERR,ERR,ERR,ERR,ERR,ERR,ERR,ERR,ERR,ERR,ERR,ERR,ERR,ERR,ERR,50.0,60.0,100,0.0,0.0,0.0,0.0,0.0,0.0,0.0,0.0,0.0,0.0,0.0,0.0,0.0,0.0,0.0,0.0,61.6,74,14,65512,50,65476,0,300,0,0,8,20529,65476,0,0,26214,60.0,0.0,0.0,0.0,0.0,0.0
2026-05-17T18:21:45,ERR,ERR,ERR,ERR,ERR,ERR,ERR,ERR,ERR,ERR,ERR,ERR,ERR,ERR,ERR,ERR,ERR,ERR,ERR,ERR,ERR,ERR,ERR,ERR,ERR,ERR,ERR,ERR,ERR,ERR,ERR,ERR,ERR,ERR,ERR,ERR,ERR,ERR,ERR,ERR,ERR,ERR,ERR,ERR,ERR,ERR,ERR,ERR,ERR,ERR,ERR,ERR,ERR,ERR,ERR,ERR,ERR,ERR,ERR,ERR,ERR,ERR,ERR,ERR,ERR,ERR,ERR,ERR,ERR,ERR,ERR,ERR,ERR,ERR,ERR,ERR,ERR,ERR,ERR,ERR,ERR,ERR,ERR,ERR,ERR,ERR,ERR,ERR,ERR,ERR,ERR,ERR,ERR,ERR,ERR,ERR,ERR,ERR,ERR,ERR,ERR,ERR,ERR,ERR,ERR,ERR,ERR,ERR,ERR,ERR,ERR,ERR,ERR,ERR,ERR,ERR,ERR,ERR,ERR,ERR,ERR,ERR,ERR,ERR,ERR,0.0,-107615296.0,-134474944.0,0.0,0.0,1.3936040501711995e+18,7.805,0.0,0,0,4,0,8422,0.0,45,0.0,0.0,0.0,0.0,0.0,0,0,0,0,0.0,0,0,0,0,0,0,0,0,0,0,0,0,0,0,0,0,0,0,0,0,0,0,0,0,0,0,0,0,0,0,0,0,0,38,14,7,45,65476,0,300,0,0,8,21553,0.0,-107605600.0,0.0,0.0,0.0,0.0,0.0,0.0,0.0,0.0,0.0,0.0,0.0,0.0,0.0,0.0,0.0,0.0,0.0,0.0,0.0,0.0,0.0,0.0,-0.0,0.0,0.0,0.0,0.0,0.0,5011.0,0.0,0.0,0.0,-107615296.0,-107615280.0,2.718429300292151e+23,0.0,0.0,0.0,0.0,53,-0.0,-107614776.0,0.0,0.0,0.0,0.0,0.0,0.0,0.0,0,0,0,0.0,0.0,0.0,0.0,0.0,0.0,0.0,0.0,0.0,0.0,0.0,0.0,0.0,0.0,0.0,0.0,0,-107875648.0,53,0.0,106,-107614832.0,0.0,ERR,ERR,ERR,ERR,ERR,ERR,ERR,ERR,ERR,ERR,ERR,ERR,ERR,ERR,ERR,ERR,ERR,ERR,ERR,ERR,ERR,ERR,ERR,ERR,ERR,ERR,ERR,ERR,ERR,ERR,ERR,ERR,ERR,ERR,ERR,ERR,ERR,ERR,ERR,ERR,ERR,ERR,ERR,ERR,ERR,ERR,ERR,ERR,ERR,ERR,ERR,ERR,ERR,ERR,ERR,ERR,ERR,ERR,ERR,ERR,ERR,ERR,ERR,ERR,ERR,ERR,ERR,50.0,60.0,100,0.0,0.0,0.0,0.0,0.0,0.0,0.0,0.0,0.0,0.0,0.0,0.0,0.0,0.0,0.0,0.0,61.6,74,14,65512,50,65476,0,300,0,0,8,20529,65476,0,0,26214,60.0,0.0,0.0,0.0,0.0,0.0
2026-05-17T18:21:46,ERR,ERR,ERR,ERR,ERR,ERR,ERR,ERR,ERR,ERR,ERR,ERR,ERR,ERR,ERR,ERR,ERR,ERR,ERR,ERR,ERR,ERR,ERR,ERR,ERR,ERR,ERR,ERR,ERR,ERR,ERR,ERR,ERR,ERR,ERR,ERR,ERR,ERR,ERR,ERR,ERR,ERR,ERR,ERR,ERR,ERR,ERR,ERR,ERR,ERR,ERR,ERR,ERR,ERR,ERR,ERR,ERR,ERR,ERR,ERR,ERR,ERR,ERR,ERR,ERR,ERR,ERR,ERR,ERR,ERR,ERR,ERR,ERR,ERR,ERR,ERR,ERR,ERR,ERR,ERR,ERR,ERR,ERR,ERR,ERR,ERR,ERR,ERR,ERR,ERR,ERR,ERR,ERR,ERR,ERR,ERR,ERR,ERR,ERR,ERR,ERR,ERR,ERR,ERR,ERR,ERR,ERR,ERR,ERR,ERR,ERR,ERR,ERR,ERR,ERR,ERR,ERR,ERR,ERR,ERR,ERR,ERR,ERR,ERR,ERR,0.0,-107615296.0,-134474944.0,0.0,0.0,1.3936040501711995e+18,7.805,0.0,0,0,4,0,8422,0.0,45,0.0,0.0,0.0,0.0,0.0,0,0,0,0,0.0,0,0,0,0,0,0,0,0,0,0,0,0,0,0,0,0,0,0,0,0,0,0,0,0,0,0,0,0,0,0,0,0,0,38,14,7,45,65476,0,300,0,0,8,21553,0.0,-107605600.0,0.0,0.0,0.0,0.0,0.0,0.0,0.0,0.0,0.0,0.0,0.0,0.0,0.0,0.0,0.0,0.0,0.0,0.0,0.0,0.0,0.0,0.0,-0.0,0.0,0.0,0.0,0.0,0.0,5011.0,0.0,0.0,0.0,-107615296.0,-107615280.0,2.718429300292151e+23,0.0,0.0,0.0,0.0,53,-0.0,-107614776.0,0.0,0.0,0.0,0.0,0.0,0.0,0.0,0,0,0,0.0,0.0,0.0,0.0,0.0,0.0,0.0,0.0,0.0,0.0,0.0,0.0,0.0,0.0,0.0,0.0,0,-107875648.0,53,0.0,106,-107614832.0,0.0,ERR,ERR,ERR,ERR,ERR,ERR,ERR,ERR,ERR,ERR,ERR,ERR,ERR,ERR,ERR,ERR,ERR,ERR,ERR,ERR,ERR,ERR,ERR,ERR,ERR,ERR,ERR,ERR,ERR,ERR,ERR,ERR,ERR,ERR,ERR,ERR,ERR,ERR,ERR,ERR,ERR,ERR,ERR,ERR,ERR,ERR,ERR,ERR,ERR,ERR,ERR,ERR,ERR,ERR,ERR,ERR,ERR,ERR,ERR,ERR,ERR,ERR,ERR,ERR,ERR,ERR,ERR,50.0,60.0,100,0.0,0.0,0.0,0.0,0.0,0.0,0.0,0.0,0.0,0.0,0.0,0.0,0.0,0.0,0.0,0.0,61.6,74,14,65512,50,65476,0,300,0,0,8,20529,65476,0,0,26214,60.0,0.0,0.0,0.0,0.0,0.0
2026-05-17T18:21:47,ERR,ERR,ERR,ERR,ERR,ERR,ERR,ERR,ERR,ERR,ERR,ERR,ERR,ERR,ERR,ERR,ERR,ERR,ERR,ERR,ERR,ERR,ERR,ERR,ERR,ERR,ERR,ERR,ERR,ERR,ERR,ERR,ERR,ERR,ERR,ERR,ERR,ERR,ERR,ERR,ERR,ERR,ERR,ERR,ERR,ERR,ERR,ERR,ERR,ERR,ERR,ERR,ERR,ERR,ERR,ERR,ERR,ERR,ERR,ERR,ERR,ERR,ERR,ERR,ERR,ERR,ERR,ERR,ERR,ERR,ERR,ERR,ERR,ERR,ERR,ERR,ERR,ERR,ERR,ERR,ERR,ERR,ERR,ERR,ERR,ERR,ERR,ERR,ERR,ERR,ERR,ERR,ERR,ERR,ERR,ERR,ERR,ERR,ERR,ERR,ERR,ERR,ERR,ERR,ERR,ERR,ERR,ERR,ERR,ERR,ERR,ERR,ERR,ERR,ERR,ERR,ERR,ERR,ERR,ERR,ERR,ERR,ERR,ERR,ERR,0.0,-107615296.0,-134474944.0,0.0,0.0,1.3936040501711995e+18,7.805,0.0,0,0,4,0,8422,0.0,45,0.0,0.0,0.0,0.0,0.0,0,0,0,0,0.0,0,0,0,0,0,0,0,0,0,0,0,0,0,0,0,0,0,0,0,0,0,0,0,0,0,0,0,0,0,0,0,0,0,38,14,7,45,65476,0,300,0,0,8,21553,0.0,-107605600.0,0.0,0.0,0.0,0.0,0.0,0.0,0.0,0.0,0.0,0.0,0.0,0.0,0.0,0.0,0.0,0.0,0.0,0.0,0.0,0.0,0.0,0.0,-0.0,0.0,0.0,0.0,0.0,0.0,5011.0,0.0,0.0,0.0,-107615296.0,-107615280.0,2.718429300292151e+23,0.0,0.0,0.0,0.0,53,-0.0,-107614776.0,0.0,0.0,0.0,0.0,0.0,0.0,0.0,0,0,0,0.0,0.0,0.0,0.0,0.0,0.0,0.0,0.0,0.0,0.0,0.0,0.0,0.0,0.0,0.0,0.0,0,-107875648.0,53,0.0,106,-107614832.0,0.0,ERR,ERR,ERR,ERR,ERR,ERR,ERR,ERR,ERR,ERR,ERR,ERR,ERR,ERR,ERR,ERR,ERR,ERR,ERR,ERR,ERR,ERR,ERR,ERR,ERR,ERR,ERR,ERR,ERR,ERR,ERR,ERR,ERR,ERR,ERR,ERR,ERR,ERR,ERR,ERR,ERR,ERR,ERR,ERR,ERR,ERR,ERR,ERR,ERR,ERR,ERR,ERR,ERR,ERR,ERR,ERR,ERR,ERR,ERR,ERR,ERR,ERR,ERR,ERR,ERR,ERR,ERR,50.0,60.0,100,0.0,0.0,0.0,0.0,0.0,0.0,0.0,0.0,0.0,0.0,0.0,0.0,0.0,0.0,0.0,0.0,61.6,74,14,65512,50,65476,0,300,0,0,8,20529,65476,0,0,26214,60.0,0.0,0.0,0.0,0.0,0.0
2026-05-17T18:21:48,ERR,ERR,ERR,ERR,ERR,ERR,ERR,ERR,ERR,ERR,ERR,ERR,ERR,ERR,ERR,ERR,ERR,ERR,ERR,ERR,ERR,ERR,ERR,ERR,ERR,ERR,ERR,ERR,ERR,ERR,ERR,ERR,ERR,ERR,ERR,ERR,ERR,ERR,ERR,ERR,ERR,ERR,ERR,ERR,ERR,ERR,ERR,ERR,ERR,ERR,ERR,ERR,ERR,ERR,ERR,ERR,ERR,ERR,ERR,ERR,ERR,ERR,ERR,ERR,ERR,ERR,ERR,ERR,ERR,ERR,ERR,ERR,ERR,ERR,ERR,ERR,ERR,ERR,ERR,ERR,ERR,ERR,ERR,ERR,ERR,ERR,ERR,ERR,ERR,ERR,ERR,ERR,ERR,ERR,ERR,ERR,ERR,ERR,ERR,ERR,ERR,ERR,ERR,ERR,ERR,ERR,ERR,ERR,ERR,ERR,ERR,ERR,ERR,ERR,ERR,ERR,ERR,ERR,ERR,ERR,ERR,ERR,ERR,ERR,ERR,0.0,-107615296.0,-134474944.0,0.0,0.0,1.3936040501711995e+18,7.805,0.0,0,0,4,0,8422,0.0,45,0.0,0.0,0.0,0.0,0.0,0,0,0,0,0.0,0,0,0,0,0,0,0,0,0,0,0,0,0,0,0,0,0,0,0,0,0,0,0,0,0,0,0,0,0,0,0,0,0,38,14,7,45,65476,0,300,0,0,8,21553,0.0,-107605600.0,0.0,0.0,0.0,0.0,0.0,0.0,0.0,0.0,0.0,0.0,0.0,0.0,0.0,0.0,0.0,0.0,0.0,0.0,0.0,0.0,0.0,0.0,-0.0,0.0,0.0,0.0,0.0,0.0,5018.0,0.0,0.0,0.0,-107615296.0,-107615280.0,2.718429300292151e+23,0.0,0.0,0.0,0.0,53,-0.0,0.0,0.0,0.0,0.0,0.0,0.0,0.0,0.0,0,0,0,0.0,0.0,0.0,0.0,0.0,0.0,0.0,0.0,0.0,0.0,0.0,0.0,0.0,0.0,0.0,0.0,0,-107875648.0,53,0.0,106,-107614832.0,0.0,ERR,ERR,ERR,ERR,ERR,ERR,ERR,ERR,ERR,ERR,ERR,ERR,ERR,ERR,ERR,ERR,ERR,ERR,ERR,ERR,ERR,ERR,ERR,ERR,ERR,ERR,ERR,ERR,ERR,ERR,ERR,ERR,ERR,ERR,ERR,ERR,ERR,ERR,ERR,ERR,ERR,ERR,ERR,ERR,ERR,ERR,ERR,ERR,ERR,ERR,ERR,ERR,ERR,ERR,ERR,ERR,ERR,ERR,ERR,ERR,ERR,ERR,ERR,ERR,ERR,ERR,ERR,50.0,60.0,100,0.0,0.0,0.0,0.0,0.0,0.0,0.0,0.0,0.0,0.0,0.0,0.0,0.0,0.0,0.0,0.0,61.6,74,14,65512,50,65476,0,300,0,0,8,20529,65476,0,0,26214,60.0,0.0,0.0,0.0,0.0,0.0
2026-05-17T18:21:49,ERR,ERR,ERR,ERR,ERR,ERR,ERR,ERR,ERR,ERR,ERR,ERR,ERR,ERR,ERR,ERR,ERR,ERR,ERR,ERR,ERR,ERR,ERR,ERR,ERR,ERR,ERR,ERR,ERR,ERR,ERR,ERR,ERR,ERR,ERR,ERR,ERR,ERR,ERR,ERR,ERR,ERR,ERR,ERR,ERR,ERR,ERR,ERR,ERR,ERR,ERR,ERR,ERR,ERR,ERR,ERR,ERR,ERR,ERR,ERR,ERR,ERR,ERR,ERR,ERR,ERR,ERR,ERR,ERR,ERR,ERR,ERR,ERR,ERR,ERR,ERR,ERR,ERR,ERR,ERR,ERR,ERR,ERR,ERR,ERR,ERR,ERR,ERR,ERR,ERR,ERR,ERR,ERR,ERR,ERR,ERR,ERR,ERR,ERR,ERR,ERR,ERR,ERR,ERR,ERR,ERR,ERR,ERR,ERR,ERR,ERR,ERR,ERR,ERR,ERR,ERR,ERR,ERR,ERR,ERR,ERR,ERR,ERR,ERR,ERR,0.0,-107615296.0,-134474944.0,0.0,0.0,1.3936040501711995e+18,7.805,0.0,0,0,4,0,8422,0.0,45,0.0,0.0,0.0,0.0,0.0,0,0,0,0,0.0,0,0,0,0,0,0,0,0,0,0,0,0,0,0,0,0,0,0,0,0,0,0,0,0,0,0,0,0,0,0,0,0,0,38,14,7,45,65476,0,300,0,0,8,21553,0.0,-107605600.0,0.0,0.0,0.0,0.0,0.0,0.0,0.0,0.0,0.0,0.0,0.0,0.0,0.0,0.0,0.0,0.0,0.0,0.0,0.0,0.0,0.0,0.0,-0.0,0.0,0.0,0.0,0.0,0.0,5018.0,0.0,0.0,0.0,-107615296.0,-107615280.0,2.718429300292151e+23,0.0,0.0,0.0,0.0,53,-0.0,0.0,0.0,0.0,0.0,0.0,0.0,0.0,0.0,0,0,0,0.0,0.0,0.0,0.0,0.0,0.0,0.0,0.0,0.0,0.0,0.0,0.0,0.0,0.0,0.0,0.0,0,-107875648.0,53,0.0,106,-107614832.0,0.0,ERR,ERR,ERR,ERR,ERR,ERR,ERR,ERR,ERR,ERR,ERR,ERR,ERR,ERR,ERR,ERR,ERR,ERR,ERR,ERR,ERR,ERR,ERR,ERR,ERR,ERR,ERR,ERR,ERR,ERR,ERR,ERR,ERR,ERR,ERR,ERR,ERR,ERR,ERR,ERR,ERR,ERR,ERR,ERR,ERR,ERR,ERR,ERR,ERR,ERR,ERR,ERR,ERR,ERR,ERR,ERR,ERR,ERR,ERR,ERR,ERR,ERR,ERR,ERR,ERR,ERR,ERR,50.0,60.0,100,0.0,0.0,0.0,0.0,0.0,0.0,0.0,0.0,0.0,0.0,0.0,0.0,0.0,0.0,0.0,0.0,61.6,74,14,65512,50,65476,0,300,0,0,8,20529,65476,0,0,26214,60.0,0.0,0.0,0.0,0.0,0.0
2026-05-17T18:21:50,ERR,ERR,ERR,ERR,ERR,ERR,ERR,ERR,ERR,ERR,ERR,ERR,ERR,ERR,ERR,ERR,ERR,ERR,ERR,ERR,ERR,ERR,ERR,ERR,ERR,ERR,ERR,ERR,ERR,ERR,ERR,ERR,ERR,ERR,ERR,ERR,ERR,ERR,ERR,ERR,ERR,ERR,ERR,ERR,ERR,ERR,ERR,ERR,ERR,ERR,ERR,ERR,ERR,ERR,ERR,ERR,ERR,ERR,ERR,ERR,ERR,ERR,ERR,ERR,ERR,ERR,ERR,ERR,ERR,ERR,ERR,ERR,ERR,ERR,ERR,ERR,ERR,ERR,ERR,ERR,ERR,ERR,ERR,ERR,ERR,ERR,ERR,ERR,ERR,ERR,ERR,ERR,ERR,ERR,ERR,ERR,ERR,ERR,ERR,ERR,ERR,ERR,ERR,ERR,ERR,ERR,ERR,ERR,ERR,ERR,ERR,ERR,ERR,ERR,ERR,ERR,ERR,ERR,ERR,ERR,ERR,ERR,ERR,ERR,ERR,0.0,-107615296.0,-134474944.0,0.0,0.0,1.3936040501711995e+18,7.805,0.0,0,0,4,0,8422,0.0,45,0.0,0.0,0.0,0.0,0.0,0,0,0,0,0.0,0,0,0,0,0,0,0,0,0,0,0,0,0,0,0,0,0,0,0,0,0,0,0,0,0,0,0,0,0,0,0,0,0,38,14,7,45,65476,0,300,0,0,8,21553,0.0,-107605600.0,0.0,0.0,0.0,0.0,0.0,0.0,0.0,0.0,0.0,0.0,0.0,0.0,0.0,0.0,0.0,0.0,0.0,0.0,0.0,0.0,0.0,0.0,-0.0,0.0,0.0,0.0,0.0,0.0,5018.0,0.0,0.0,0.0,-107615296.0,-107615280.0,2.718429300292151e+23,0.0,0.0,0.0,0.0,53,-0.0,0.0,0.0,0.0,0.0,0.0,0.0,0.0,0.0,0,0,0,0.0,0.0,0.0,0.0,0.0,0.0,0.0,0.0,0.0,0.0,0.0,0.0,0.0,0.0,0.0,0.0,0,-107875648.0,53,0.0,106,-107614832.0,0.0,ERR,ERR,ERR,ERR,ERR,ERR,ERR,ERR,ERR,ERR,ERR,ERR,ERR,ERR,ERR,ERR,ERR,ERR,ERR,ERR,ERR,ERR,ERR,ERR,ERR,ERR,ERR,ERR,ERR,ERR,ERR,ERR,ERR,ERR,ERR,ERR,ERR,ERR,ERR,ERR,ERR,ERR,ERR,ERR,ERR,ERR,ERR,ERR,ERR,ERR,ERR,ERR,ERR,ERR,ERR,ERR,ERR,ERR,ERR,ERR,ERR,ERR,ERR,ERR,ERR,ERR,ERR,50.0,60.0,100,0.0,0.0,0.0,0.0,0.0,0.0,0.0,0.0,0.0,0.0,0.0,0.0,0.0,0.0,0.0,0.0,61.6,74,14,65512,50,65476,0,300,0,0,8,20529,65476,0,0,26214,60.0,0.0,0.0,0.0,0.0,0.0
2026-05-17T18:21:51,ERR,ERR,ERR,ERR,ERR,ERR,ERR,ERR,ERR,ERR,ERR,ERR,ERR,ERR,ERR,ERR,ERR,ERR,ERR,ERR,ERR,ERR,ERR,ERR,ERR,ERR,ERR,ERR,ERR,ERR,ERR,ERR,ERR,ERR,ERR,ERR,ERR,ERR,ERR,ERR,ERR,ERR,ERR,ERR,ERR,ERR,ERR,ERR,ERR,ERR,ERR,ERR,ERR,ERR,ERR,ERR,ERR,ERR,ERR,ERR,ERR,ERR,ERR,ERR,ERR,ERR,ERR,ERR,ERR,ERR,ERR,ERR,ERR,ERR,ERR,ERR,ERR,ERR,ERR,ERR,ERR,ERR,ERR,ERR,ERR,ERR,ERR,ERR,ERR,ERR,ERR,ERR,ERR,ERR,ERR,ERR,ERR,ERR,ERR,ERR,ERR,ERR,ERR,ERR,ERR,ERR,ERR,ERR,ERR,ERR,ERR,ERR,ERR,ERR,ERR,ERR,ERR,ERR,ERR,ERR,ERR,ERR,ERR,ERR,ERR,0.0,-107615296.0,-134474944.0,0.0,0.0,1.3936040501711995e+18,7.805,0.0,0,0,4,0,8422,0.0,45,0.0,0.0,0.0,0.0,0.0,0,0,0,0,0.0,0,0,0,0,0,0,0,0,0,0,0,0,0,0,0,0,0,0,0,0,0,0,0,0,0,0,0,0,0,0,0,0,0,38,14,7,45,65476,0,300,0,0,8,21553,0.0,-107605600.0,0.0,0.0,0.0,0.0,0.0,0.0,0.0,0.0,0.0,0.0,0.0,0.0,0.0,0.0,0.0,0.0,0.0,0.0,0.0,0.0,0.0,0.0,-0.0,0.0,0.0,0.0,0.0,0.0,5018.0,0.0,0.0,0.0,-107615296.0,-107615280.0,2.718429300292151e+23,0.0,0.0,0.0,0.0,53,-0.0,0.0,0.0,0.0,0.0,0.0,0.0,0.0,0.0,0,0,0,0.0,0.0,0.0,0.0,0.0,0.0,0.0,0.0,0.0,0.0,0.0,0.0,0.0,0.0,0.0,0.0,0,-107875648.0,53,0.0,106,-107614832.0,0.0,ERR,ERR,ERR,ERR,ERR,ERR,ERR,ERR,ERR,ERR,ERR,ERR,ERR,ERR,ERR,ERR,ERR,ERR,ERR,ERR,ERR,ERR,ERR,ERR,ERR,ERR,ERR,ERR,ERR,ERR,ERR,ERR,ERR,ERR,ERR,ERR,ERR,ERR,ERR,ERR,ERR,ERR,ERR,ERR,ERR,ERR,ERR,ERR,ERR,ERR,ERR,ERR,ERR,ERR,ERR,ERR,ERR,ERR,ERR,ERR,ERR,ERR,ERR,ERR,ERR,ERR,ERR,50.0,60.0,100,0.0,0.0,0.0,0.0,0.0,0.0,0.0,0.0,0.0,0.0,0.0,0.0,0.0,0.0,0.0,0.0,61.6,74,14,65512,50,65476,0,300,0,0,8,20529,65476,0,0,26214,60.0,0.0,0.0,0.0,0.0,0.0
2026-05-17T18:21:52,ERR,ERR,ERR,ERR,ERR,ERR,ERR,ERR,ERR,ERR,ERR,ERR,ERR,ERR,ERR,ERR,ERR,ERR,ERR,ERR,ERR,ERR,ERR,ERR,ERR,ERR,ERR,ERR,ERR,ERR,ERR,ERR,ERR,ERR,ERR,ERR,ERR,ERR,ERR,ERR,ERR,ERR,ERR,ERR,ERR,ERR,ERR,ERR,ERR,ERR,ERR,ERR,ERR,ERR,ERR,ERR,ERR,ERR,ERR,ERR,ERR,ERR,ERR,ERR,ERR,ERR,ERR,ERR,ERR,ERR,ERR,ERR,ERR,ERR,ERR,ERR,ERR,ERR,ERR,ERR,ERR,ERR,ERR,ERR,ERR,ERR,ERR,ERR,ERR,ERR,ERR,ERR,ERR,ERR,ERR,ERR,ERR,ERR,ERR,ERR,ERR,ERR,ERR,ERR,ERR,ERR,ERR,ERR,ERR,ERR,ERR,ERR,ERR,ERR,ERR,ERR,ERR,ERR,ERR,ERR,ERR,ERR,ERR,ERR,ERR,0.0,-107615296.0,-134474944.0,0.0,0.0,1.3936040501711995e+18,7.805,0.0,0,0,4,0,8422,0.0,45,0.0,0.0,0.0,0.0,0.0,0,0,0,0,0.0,0,0,0,0,0,0,0,0,0,0,0,0,0,0,0,0,0,0,0,0,0,0,0,0,0,0,0,0,0,0,0,0,0,38,14,7,45,65476,0,300,0,0,8,21553,0.0,-107605600.0,0.0,0.0,0.0,0.0,0.0,0.0,0.0,0.0,0.0,0.0,0.0,0.0,0.0,0.0,0.0,0.0,0.0,0.0,0.0,0.0,0.0,0.0,-0.0,0.0,0.0,0.0,0.0,0.0,5018.0,0.0,0.0,0.0,-107615296.0,-107615280.0,2.718429300292151e+23,0.0,0.0,0.0,0.0,53,-0.0,0.0,0.0,0.0,0.0,0.0,0.0,0.0,0.0,0,0,0,0.0,0.0,0.0,0.0,0.0,0.0,0.0,0.0,0.0,0.0,0.0,0.0,0.0,0.0,0.0,0.0,0,-107875648.0,53,0.0,106,-107614832.0,0.0,ERR,ERR,ERR,ERR,ERR,ERR,ERR,ERR,ERR,ERR,ERR,ERR,ERR,ERR,ERR,ERR,ERR,ERR,ERR,ERR,ERR,ERR,ERR,ERR,ERR,ERR,ERR,ERR,ERR,ERR,ERR,ERR,ERR,ERR,ERR,ERR,ERR,ERR,ERR,ERR,ERR,ERR,ERR,ERR,ERR,ERR,ERR,ERR,ERR,ERR,ERR,ERR,ERR,ERR,ERR,ERR,ERR,ERR,ERR,ERR,ERR,ERR,ERR,ERR,ERR,ERR,ERR,50.0,60.0,100,0.0,0.0,0.0,0.0,0.0,0.0,0.0,0.0,0.0,0.0,0.0,0.0,0.0,0.0,0.0,0.0,61.6,74,14,65512,50,65476,0,300,0,0,8,20529,65476,0,0,26214,60.0,0.0,0.0,0.0,0.0,0.0
2026-05-17T18:21:53,ERR,ERR,ERR,ERR,ERR,ERR,ERR,ERR,ERR,ERR,ERR,ERR,ERR,ERR,ERR,ERR,ERR,ERR,ERR,ERR,ERR,ERR,ERR,ERR,ERR,ERR,ERR,ERR,ERR,ERR,ERR,ERR,ERR,ERR,ERR,ERR,ERR,ERR,ERR,ERR,ERR,ERR,ERR,ERR,ERR,ERR,ERR,ERR,ERR,ERR,ERR,ERR,ERR,ERR,ERR,ERR,ERR,ERR,ERR,ERR,ERR,ERR,ERR,ERR,ERR,ERR,ERR,ERR,ERR,ERR,ERR,ERR,ERR,ERR,ERR,ERR,ERR,ERR,ERR,ERR,ERR,ERR,ERR,ERR,ERR,ERR,ERR,ERR,ERR,ERR,ERR,ERR,ERR,ERR,ERR,ERR,ERR,ERR,ERR,ERR,ERR,ERR,ERR,ERR,ERR,ERR,ERR,ERR,ERR,ERR,ERR,ERR,ERR,ERR,ERR,ERR,ERR,ERR,ERR,ERR,ERR,ERR,ERR,ERR,ERR,0.0,-107615296.0,-134474944.0,0.0,0.0,1.3936040501711995e+18,7.805,0.0,0,0,4,0,8422,0.0,45,0.0,0.0,0.0,0.0,0.0,0,0,0,0,0.0,0,0,0,0,0,0,0,0,0,0,0,0,0,0,0,0,0,0,0,0,0,0,0,0,0,0,0,0,0,0,0,0,0,38,14,7,45,65476,0,300,0,0,8,21553,0.0,-107605600.0,0.0,0.0,0.0,0.0,0.0,0.0,0.0,0.0,0.0,0.0,0.0,0.0,0.0,0.0,0.0,0.0,0.0,0.0,0.0,0.0,0.0,0.0,-0.0,0.0,0.0,0.0,0.0,0.0,5020.0,564145833377792.0,0.0,0.0,-107615296.0,-107615280.0,2.718429300292151e+23,0.0,0.0,0.0,0.0,53,-0.0,0.0,0.0,0.0,0.0,0.0,0.0,0.0,0.0,0,0,0,0.0,0.0,0.0,0.0,0.0,0.0,0.0,0.0,0.0,0.0,0.0,0.0,0.0,0.0,0.0,0.0,0,-107875648.0,53,0.0,106,-107614832.0,0.0,ERR,ERR,ERR,ERR,ERR,ERR,ERR,ERR,ERR,ERR,ERR,ERR,ERR,ERR,ERR,ERR,ERR,ERR,ERR,ERR,ERR,ERR,ERR,ERR,ERR,ERR,ERR,ERR,ERR,ERR,ERR,ERR,ERR,ERR,ERR,ERR,ERR,ERR,ERR,ERR,ERR,ERR,ERR,ERR,ERR,ERR,ERR,ERR,ERR,ERR,ERR,ERR,ERR,ERR,ERR,ERR,ERR,ERR,ERR,ERR,ERR,ERR,ERR,ERR,ERR,ERR,ERR,50.0,60.0,100,0.0,0.0,0.0,0.0,0.0,0.0,0.0,0.0,0.0,0.0,0.0,0.0,0.0,0.0,0.0,0.0,61.6,74,14,65512,50,65476,0,300,0,0,8,20529,65476,0,0,26214,60.0,0.0,0.0,0.0,0.0,0.0
2026-05-17T18:21:54,ERR,ERR,ERR,ERR,ERR,ERR,ERR,ERR,ERR,ERR,ERR,ERR,ERR,ERR,ERR,ERR,ERR,ERR,ERR,ERR,ERR,ERR,ERR,ERR,ERR,ERR,ERR,ERR,ERR,ERR,ERR,ERR,ERR,ERR,ERR,ERR,ERR,ERR,ERR,ERR,ERR,ERR,ERR,ERR,ERR,ERR,ERR,ERR,ERR,ERR,ERR,ERR,ERR,ERR,ERR,ERR,ERR,ERR,ERR,ERR,ERR,ERR,ERR,ERR,ERR,ERR,ERR,ERR,ERR,ERR,ERR,ERR,ERR,ERR,ERR,ERR,ERR,ERR,ERR,ERR,ERR,ERR,ERR,ERR,ERR,ERR,ERR,ERR,ERR,ERR,ERR,ERR,ERR,ERR,ERR,ERR,ERR,ERR,ERR,ERR,ERR,ERR,ERR,ERR,ERR,ERR,ERR,ERR,ERR,ERR,ERR,ERR,ERR,ERR,ERR,ERR,ERR,ERR,ERR,ERR,ERR,ERR,ERR,ERR,ERR,0.0,-107615296.0,-134474944.0,0.0,0.0,1.3936040501711995e+18,7.805,0.0,0,0,4,0,8422,0.0,45,0.0,0.0,0.0,0.0,0.0,0,0,0,0,0.0,0,0,0,0,0,0,0,0,0,0,0,0,0,0,0,0,0,0,0,0,0,0,0,0,0,0,0,0,0,0,0,0,0,38,14,7,45,65476,0,300,0,0,8,21553,0.0,-107605600.0,0.0,0.0,0.0,0.0,0.0,0.0,0.0,0.0,0.0,0.0,0.0,0.0,0.0,0.0,0.0,0.0,0.0,0.0,0.0,0.0,0.0,0.0,-0.0,0.0,0.0,0.0,0.0,0.0,5020.0,564145833377792.0,0.0,0.0,-107615296.0,-107615280.0,2.718429300292151e+23,0.0,0.0,0.0,0.0,53,-0.0,0.0,0.0,0.0,0.0,0.0,0.0,0.0,0.0,0,0,0,0.0,0.0,0.0,0.0,0.0,0.0,0.0,0.0,0.0,0.0,0.0,0.0,0.0,0.0,0.0,0.0,0,-107875648.0,53,0.0,106,-107614832.0,0.0,ERR,ERR,ERR,ERR,ERR,ERR,ERR,ERR,ERR,ERR,ERR,ERR,ERR,ERR,ERR,ERR,ERR,ERR,ERR,ERR,ERR,ERR,ERR,ERR,ERR,ERR,ERR,ERR,ERR,ERR,ERR,ERR,ERR,ERR,ERR,ERR,ERR,ERR,ERR,ERR,ERR,ERR,ERR,ERR,ERR,ERR,ERR,ERR,ERR,ERR,ERR,ERR,ERR,ERR,ERR,ERR,ERR,ERR,ERR,ERR,ERR,ERR,ERR,ERR,ERR,ERR,ERR,50.0,60.0,100,0.0,0.0,0.0,0.0,0.0,0.0,0.0,0.0,0.0,0.0,0.0,0.0,0.0,0.0,0.0,0.0,61.6,74,14,65512,50,65476,0,300,0,0,8,20529,65476,0,0,26214,60.0,0.0,0.0,0.0,0.0,0.0
2026-05-17T18:21:55,ERR,ERR,ERR,ERR,ERR,ERR,ERR,ERR,ERR,ERR,ERR,ERR,ERR,ERR,ERR,ERR,ERR,ERR,ERR,ERR,ERR,ERR,ERR,ERR,ERR,ERR,ERR,ERR,ERR,ERR,ERR,ERR,ERR,ERR,ERR,ERR,ERR,ERR,ERR,ERR,ERR,ERR,ERR,ERR,ERR,ERR,ERR,ERR,ERR,ERR,ERR,ERR,ERR,ERR,ERR,ERR,ERR,ERR,ERR,ERR,ERR,ERR,ERR,ERR,ERR,ERR,ERR,ERR,ERR,ERR,ERR,ERR,ERR,ERR,ERR,ERR,ERR,ERR,ERR,ERR,ERR,ERR,ERR,ERR,ERR,ERR,ERR,ERR,ERR,ERR,ERR,ERR,ERR,ERR,ERR,ERR,ERR,ERR,ERR,ERR,ERR,ERR,ERR,ERR,ERR,ERR,ERR,ERR,ERR,ERR,ERR,ERR,ERR,ERR,ERR,ERR,ERR,ERR,ERR,ERR,ERR,ERR,ERR,ERR,ERR,0.0,-107615296.0,-134474944.0,0.0,0.0,1.3936040501711995e+18,7.805,0.0,0,0,4,0,8422,0.0,45,0.0,0.0,0.0,0.0,0.0,0,0,0,0,0.0,0,0,0,0,0,0,0,0,0,0,0,0,0,0,0,0,0,0,0,0,0,0,0,0,0,0,0,0,0,0,0,0,0,38,14,7,45,65476,0,300,0,0,8,21553,0.0,-107605600.0,0.0,0.0,0.0,0.0,0.0,0.0,0.0,0.0,0.0,0.0,0.0,0.0,0.0,0.0,0.0,0.0,0.0,0.0,0.0,0.0,0.0,0.0,-0.0,0.0,0.0,0.0,0.0,0.0,5020.0,564145833377792.0,0.0,0.0,-107615296.0,-107615280.0,2.718429300292151e+23,0.0,0.0,0.0,0.0,53,-0.0,0.0,0.0,0.0,0.0,0.0,0.0,0.0,0.0,0,0,0,0.0,0.0,0.0,0.0,0.0,0.0,0.0,0.0,0.0,0.0,0.0,0.0,0.0,0.0,0.0,0.0,0,-107875648.0,53,0.0,106,-107614832.0,0.0,ERR,ERR,ERR,ERR,ERR,ERR,ERR,ERR,ERR,ERR,ERR,ERR,ERR,ERR,ERR,ERR,ERR,ERR,ERR,ERR,ERR,ERR,ERR,ERR,ERR,ERR,ERR,ERR,ERR,ERR,ERR,ERR,ERR,ERR,ERR,ERR,ERR,ERR,ERR,ERR,ERR,ERR,ERR,ERR,ERR,ERR,ERR,ERR,ERR,ERR,ERR,ERR,ERR,ERR,ERR,ERR,ERR,ERR,ERR,ERR,ERR,ERR,ERR,ERR,ERR,ERR,ERR,50.0,60.0,100,0.0,0.0,0.0,0.0,0.0,0.0,0.0,0.0,0.0,0.0,0.0,0.0,0.0,0.0,0.0,0.0,61.6,74,14,65512,50,65476,0,300,0,0,8,20529,65476,0,0,26214,60.0,0.0,0.0,0.0,0.0,0.0
2026-05-17T18:21:56,ERR,ERR,ERR,ERR,ERR,ERR,ERR,ERR,ERR,ERR,ERR,ERR,ERR,ERR,ERR,ERR,ERR,ERR,ERR,ERR,ERR,ERR,ERR,ERR,ERR,ERR,ERR,ERR,ERR,ERR,ERR,ERR,ERR,ERR,ERR,ERR,ERR,ERR,ERR,ERR,ERR,ERR,ERR,ERR,ERR,ERR,ERR,ERR,ERR,ERR,ERR,ERR,ERR,ERR,ERR,ERR,ERR,ERR,ERR,ERR,ERR,ERR,ERR,ERR,ERR,ERR,ERR,ERR,ERR,ERR,ERR,ERR,ERR,ERR,ERR,ERR,ERR,ERR,ERR,ERR,ERR,ERR,ERR,ERR,ERR,ERR,ERR,ERR,ERR,ERR,ERR,ERR,ERR,ERR,ERR,ERR,ERR,ERR,ERR,ERR,ERR,ERR,ERR,ERR,ERR,ERR,ERR,ERR,ERR,ERR,ERR,ERR,ERR,ERR,ERR,ERR,ERR,ERR,ERR,ERR,ERR,ERR,ERR,ERR,ERR,0.0,-107615296.0,-134474944.0,0.0,0.0,1.3936040501711995e+18,7.805,0.0,0,0,4,0,8422,0.0,45,0.0,0.0,0.0,0.0,0.0,0,0,0,0,0.0,0,0,0,0,0,0,0,0,0,0,0,0,0,0,0,0,0,0,0,0,0,0,0,0,0,0,0,0,0,0,0,0,0,38,14,7,45,65476,0,300,0,0,8,21553,0.0,-107605600.0,0.0,0.0,0.0,0.0,0.0,0.0,0.0,0.0,0.0,0.0,0.0,0.0,0.0,0.0,0.0,0.0,0.0,0.0,0.0,0.0,0.0,0.0,-0.0,0.0,0.0,0.0,0.0,0.0,5020.0,564145833377792.0,0.0,0.0,-107615296.0,-107615280.0,2.718429300292151e+23,0.0,0.0,0.0,0.0,53,-0.0,0.0,0.0,0.0,0.0,0.0,0.0,0.0,0.0,0,0,0,0.0,0.0,0.0,0.0,0.0,0.0,0.0,0.0,0.0,0.0,0.0,0.0,0.0,0.0,0.0,0.0,0,-107875648.0,53,0.0,106,-107614832.0,0.0,ERR,ERR,ERR,ERR,ERR,ERR,ERR,ERR,ERR,ERR,ERR,ERR,ERR,ERR,ERR,ERR,ERR,ERR,ERR,ERR,ERR,ERR,ERR,ERR,ERR,ERR,ERR,ERR,ERR,ERR,ERR,ERR,ERR,ERR,ERR,ERR,ERR,ERR,ERR,ERR,ERR,ERR,ERR,ERR,ERR,ERR,ERR,ERR,ERR,ERR,ERR,ERR,ERR,ERR,ERR,ERR,ERR,ERR,ERR,ERR,ERR,ERR,ERR,ERR,ERR,ERR,ERR,50.0,60.0,100,0.0,0.0,0.0,0.0,0.0,0.0,0.0,0.0,0.0,0.0,0.0,0.0,0.0,0.0,0.0,0.0,61.6,74,14,65512,50,65476,0,300,0,0,8,20529,65476,0,0,26214,60.0,0.0,0.0,0.0,0.0,0.0
2026-05-17T18:21:57,ERR,ERR,ERR,ERR,ERR,ERR,ERR,ERR,ERR,ERR,ERR,ERR,ERR,ERR,ERR,ERR,ERR,ERR,ERR,ERR,ERR,ERR,ERR,ERR,ERR,ERR,ERR,ERR,ERR,ERR,ERR,ERR,ERR,ERR,ERR,ERR,ERR,ERR,ERR,ERR,ERR,ERR,ERR,ERR,ERR,ERR,ERR,ERR,ERR,ERR,ERR,ERR,ERR,ERR,ERR,ERR,ERR,ERR,ERR,ERR,ERR,ERR,ERR,ERR,ERR,ERR,ERR,ERR,ERR,ERR,ERR,ERR,ERR,ERR,ERR,ERR,ERR,ERR,ERR,ERR,ERR,ERR,ERR,ERR,ERR,ERR,ERR,ERR,ERR,ERR,ERR,ERR,ERR,ERR,ERR,ERR,ERR,ERR,ERR,ERR,ERR,ERR,ERR,ERR,ERR,ERR,ERR,ERR,ERR,ERR,ERR,ERR,ERR,ERR,ERR,ERR,ERR,ERR,ERR,ERR,ERR,ERR,ERR,ERR,ERR,0.0,-107615296.0,-134474944.0,0.0,0.0,1.3936040501711995e+18,7.805,0.0,0,0,4,0,8422,0.0,45,0.0,0.0,0.0,0.0,0.0,0,0,0,0,0.0,0,0,0,0,0,0,0,0,0,0,0,0,0,0,0,0,0,0,0,0,0,0,0,0,0,0,0,0,0,0,0,0,0,38,14,7,45,65476,0,300,0,0,8,21553,0.0,-107605600.0,0.0,0.0,0.0,0.0,0.0,0.0,0.0,0.0,0.0,0.0,0.0,0.0,0.0,0.0,0.0,0.0,0.0,0.0,0.0,0.0,0.0,0.0,-0.0,0.0,0.0,0.0,0.0,0.0,5020.0,564145833377792.0,0.0,0.0,-107615296.0,-107615280.0,2.718429300292151e+23,0.0,0.0,0.0,0.0,53,-0.0,0.0,0.0,0.0,0.0,0.0,0.0,0.0,0.0,0,0,0,0.0,0.0,0.0,0.0,0.0,0.0,0.0,0.0,0.0,0.0,0.0,0.0,0.0,0.0,0.0,0.0,0,-107875648.0,53,0.0,106,-107614832.0,0.0,ERR,ERR,ERR,ERR,ERR,ERR,ERR,ERR,ERR,ERR,ERR,ERR,ERR,ERR,ERR,ERR,ERR,ERR,ERR,ERR,ERR,ERR,ERR,ERR,ERR,ERR,ERR,ERR,ERR,ERR,ERR,ERR,ERR,ERR,ERR,ERR,ERR,ERR,ERR,ERR,ERR,ERR,ERR,ERR,ERR,ERR,ERR,ERR,ERR,ERR,ERR,ERR,ERR,ERR,ERR,ERR,ERR,ERR,ERR,ERR,ERR,ERR,ERR,ERR,ERR,ERR,ERR,50.0,60.0,100,0.0,0.0,0.0,0.0,0.0,0.0,0.0,0.0,0.0,0.0,0.0,0.0,0.0,0.0,0.0,0.0,61.6,74,14,65512,50,65476,0,300,0,0,8,20529,65476,0,0,26214,60.0,0.0,0.0,0.0,0.0,0.0
2026-05-17T18:21:58,ERR,ERR,ERR,ERR,ERR,ERR,ERR,ERR,ERR,ERR,ERR,ERR,ERR,ERR,ERR,ERR,ERR,ERR,ERR,ERR,ERR,ERR,ERR,ERR,ERR,ERR,ERR,ERR,ERR,ERR,ERR,ERR,ERR,ERR,ERR,ERR,ERR,ERR,ERR,ERR,ERR,ERR,ERR,ERR,ERR,ERR,ERR,ERR,ERR,ERR,ERR,ERR,ERR,ERR,ERR,ERR,ERR,ERR,ERR,ERR,ERR,ERR,ERR,ERR,ERR,ERR,ERR,ERR,ERR,ERR,ERR,ERR,ERR,ERR,ERR,ERR,ERR,ERR,ERR,ERR,ERR,ERR,ERR,ERR,ERR,ERR,ERR,ERR,ERR,ERR,ERR,ERR,ERR,ERR,ERR,ERR,ERR,ERR,ERR,ERR,ERR,ERR,ERR,ERR,ERR,ERR,ERR,ERR,ERR,ERR,ERR,ERR,ERR,ERR,ERR,ERR,ERR,ERR,ERR,ERR,ERR,ERR,ERR,ERR,ERR,0.0,-107615296.0,-134474944.0,0.0,0.0,1.3936040501711995e+18,7.805,0.0,0,0,4,0,8422,0.0,45,0.0,0.0,0.0,0.0,0.0,0,0,0,0,0.0,0,0,0,0,0,0,0,0,0,0,0,0,0,0,0,0,0,0,0,0,0,0,0,0,0,0,0,0,0,0,0,0,0,38,14,7,45,65476,0,300,0,0,8,21553,0.0,-107605600.0,0.0,0.0,0.0,0.0,0.0,0.0,0.0,0.0,0.0,0.0,0.0,0.0,0.0,0.0,0.0,0.0,0.0,0.0,0.0,0.0,0.0,0.0,-0.0,0.0,0.0,0.0,0.0,0.0,5018.0,0.0,0.0,0.0,-107615296.0,-107615280.0,2.718429300292151e+23,0.0,0.0,0.0,0.0,53,-0.0,0.0,0.0,0.0,0.0,0.0,0.0,0.0,0.0,0,0,0,0.0,0.0,0.0,0.0,0.0,0.0,0.0,0.0,0.0,0.0,0.0,0.0,0.0,0.0,0.0,0.0,0,-107875648.0,53,0.0,106,-107614832.0,0.0,ERR,ERR,ERR,ERR,ERR,ERR,ERR,ERR,ERR,ERR,ERR,ERR,ERR,ERR,ERR,ERR,ERR,ERR,ERR,ERR,ERR,ERR,ERR,ERR,ERR,ERR,ERR,ERR,ERR,ERR,ERR,ERR,ERR,ERR,ERR,ERR,ERR,ERR,ERR,ERR,ERR,ERR,ERR,ERR,ERR,ERR,ERR,ERR,ERR,ERR,ERR,ERR,ERR,ERR,ERR,ERR,ERR,ERR,ERR,ERR,ERR,ERR,ERR,ERR,ERR,ERR,ERR,50.0,60.0,100,0.0,0.0,0.0,0.0,0.0,0.0,0.0,0.0,0.0,0.0,0.0,0.0,0.0,0.0,0.0,0.0,61.6,74,14,65512,50,65476,0,300,0,0,8,20529,65476,0,0,26214,60.0,0.0,0.0,0.0,0.0,0.0
2026-05-17T18:21:59,ERR,ERR,ERR,ERR,ERR,ERR,ERR,ERR,ERR,ERR,ERR,ERR,ERR,ERR,ERR,ERR,ERR,ERR,ERR,ERR,ERR,ERR,ERR,ERR,ERR,ERR,ERR,ERR,ERR,ERR,ERR,ERR,ERR,ERR,ERR,ERR,ERR,ERR,ERR,ERR,ERR,ERR,ERR,ERR,ERR,ERR,ERR,ERR,ERR,ERR,ERR,ERR,ERR,ERR,ERR,ERR,ERR,ERR,ERR,ERR,ERR,ERR,ERR,ERR,ERR,ERR,ERR,ERR,ERR,ERR,ERR,ERR,ERR,ERR,ERR,ERR,ERR,ERR,ERR,ERR,ERR,ERR,ERR,ERR,ERR,ERR,ERR,ERR,ERR,ERR,ERR,ERR,ERR,ERR,ERR,ERR,ERR,ERR,ERR,ERR,ERR,ERR,ERR,ERR,ERR,ERR,ERR,ERR,ERR,ERR,ERR,ERR,ERR,ERR,ERR,ERR,ERR,ERR,ERR,ERR,ERR,ERR,ERR,ERR,ERR,0.0,-107615296.0,-134474944.0,0.0,0.0,1.3936040501711995e+18,7.805,0.0,0,0,4,0,8422,0.0,45,0.0,0.0,0.0,0.0,0.0,0,0,0,0,0.0,0,0,0,0,0,0,0,0,0,0,0,0,0,0,0,0,0,0,0,0,0,0,0,0,0,0,0,0,0,0,0,0,0,38,14,7,45,65476,0,300,0,0,8,21553,0.0,-107605600.0,0.0,0.0,0.0,0.0,0.0,0.0,0.0,0.0,0.0,0.0,0.0,0.0,0.0,0.0,0.0,0.0,0.0,0.0,0.0,0.0,0.0,0.0,-0.0,0.0,0.0,0.0,0.0,0.0,5018.0,0.0,0.0,0.0,-107615296.0,-107615280.0,2.718429300292151e+23,0.0,0.0,0.0,0.0,53,-0.0,0.0,0.0,0.0,0.0,0.0,0.0,0.0,0.0,0,0,0,0.0,0.0,0.0,0.0,0.0,0.0,0.0,0.0,0.0,0.0,0.0,0.0,0.0,0.0,0.0,0.0,0,-107875648.0,53,0.0,106,-107614832.0,0.0,ERR,ERR,ERR,ERR,ERR,ERR,ERR,ERR,ERR,ERR,ERR,ERR,ERR,ERR,ERR,ERR,ERR,ERR,ERR,ERR,ERR,ERR,ERR,ERR,ERR,ERR,ERR,ERR,ERR,ERR,ERR,ERR,ERR,ERR,ERR,ERR,ERR,ERR,ERR,ERR,ERR,ERR,ERR,ERR,ERR,ERR,ERR,ERR,ERR,ERR,ERR,ERR,ERR,ERR,ERR,ERR,ERR,ERR,ERR,ERR,ERR,ERR,ERR,ERR,ERR,ERR,ERR,50.0,60.0,100,0.0,0.0,0.0,0.0,0.0,0.0,0.0,0.0,0.0,0.0,0.0,0.0,0.0,0.0,0.0,0.0,61.6,74,14,65512,50,65476,0,300,0,0,8,20529,65476,0,0,26214,60.0,0.0,0.0,0.0,0.0,0.0
2026-05-17T18:22:00,ERR,ERR,ERR,ERR,ERR,ERR,ERR,ERR,ERR,ERR,ERR,ERR,ERR,ERR,ERR,ERR,ERR,ERR,ERR,ERR,ERR,ERR,ERR,ERR,ERR,ERR,ERR,ERR,ERR,ERR,ERR,ERR,ERR,ERR,ERR,ERR,ERR,ERR,ERR,ERR,ERR,ERR,ERR,ERR,ERR,ERR,ERR,ERR,ERR,ERR,ERR,ERR,ERR,ERR,ERR,ERR,ERR,ERR,ERR,ERR,ERR,ERR,ERR,ERR,ERR,ERR,ERR,ERR,ERR,ERR,ERR,ERR,ERR,ERR,ERR,ERR,ERR,ERR,ERR,ERR,ERR,ERR,ERR,ERR,ERR,ERR,ERR,ERR,ERR,ERR,ERR,ERR,ERR,ERR,ERR,ERR,ERR,ERR,ERR,ERR,ERR,ERR,ERR,ERR,ERR,ERR,ERR,ERR,ERR,ERR,ERR,ERR,ERR,ERR,ERR,ERR,ERR,ERR,ERR,ERR,ERR,ERR,ERR,ERR,ERR,0.0,-107615296.0,-134474944.0,0.0,0.0,1.3936040501711995e+18,7.805,0.0,0,0,4,0,8422,0.0,45,0.0,0.0,0.0,0.0,0.0,0,0,0,0,0.0,0,0,0,0,0,0,0,0,0,0,0,0,0,0,0,0,0,0,0,0,0,0,0,0,0,0,0,0,0,0,0,0,0,38,14,7,45,65476,0,300,0,0,8,21553,0.0,-107605600.0,0.0,0.0,0.0,0.0,0.0,0.0,0.0,0.0,0.0,0.0,0.0,0.0,0.0,0.0,0.0,0.0,0.0,0.0,0.0,0.0,0.0,0.0,-0.0,0.0,0.0,0.0,0.0,0.0,5018.0,0.0,0.0,0.0,-107615296.0,-107615280.0,2.718429300292151e+23,0.0,0.0,0.0,0.0,53,-0.0,0.0,0.0,0.0,0.0,0.0,0.0,0.0,0.0,0,0,0,0.0,0.0,0.0,0.0,0.0,0.0,0.0,0.0,0.0,0.0,0.0,0.0,0.0,0.0,0.0,0.0,0,-107875648.0,53,0.0,106,-107614832.0,0.0,ERR,ERR,ERR,ERR,ERR,ERR,ERR,ERR,ERR,ERR,ERR,ERR,ERR,ERR,ERR,ERR,ERR,ERR,ERR,ERR,ERR,ERR,ERR,ERR,ERR,ERR,ERR,ERR,ERR,ERR,ERR,ERR,ERR,ERR,ERR,ERR,ERR,ERR,ERR,ERR,ERR,ERR,ERR,ERR,ERR,ERR,ERR,ERR,ERR,ERR,ERR,ERR,ERR,ERR,ERR,ERR,ERR,ERR,ERR,ERR,ERR,ERR,ERR,ERR,ERR,ERR,ERR,50.0,60.0,100,0.0,0.0,0.0,0.0,0.0,0.0,0.0,0.0,0.0,0.0,0.0,0.0,0.0,0.0,0.0,0.0,62.0,74,14,65512,50,65476,0,300,0,0,8,20529,65476,0,0,26214,60.0,0.0,0.0,0.0,0.0,0.0
2026-05-17T18:22:01,ERR,ERR,ERR,ERR,ERR,ERR,ERR,ERR,ERR,ERR,ERR,ERR,ERR,ERR,ERR,ERR,ERR,ERR,ERR,ERR,ERR,ERR,ERR,ERR,ERR,ERR,ERR,ERR,ERR,ERR,ERR,ERR,ERR,ERR,ERR,ERR,ERR,ERR,ERR,ERR,ERR,ERR,ERR,ERR,ERR,ERR,ERR,ERR,ERR,ERR,ERR,ERR,ERR,ERR,ERR,ERR,ERR,ERR,ERR,ERR,ERR,ERR,ERR,ERR,ERR,ERR,ERR,ERR,ERR,ERR,ERR,ERR,ERR,ERR,ERR,ERR,ERR,ERR,ERR,ERR,ERR,ERR,ERR,ERR,ERR,ERR,ERR,ERR,ERR,ERR,ERR,ERR,ERR,ERR,ERR,ERR,ERR,ERR,ERR,ERR,ERR,ERR,ERR,ERR,ERR,ERR,ERR,ERR,ERR,ERR,ERR,ERR,ERR,ERR,ERR,ERR,ERR,ERR,ERR,ERR,ERR,ERR,ERR,ERR,ERR,0.0,-107615296.0,-134474944.0,0.0,0.0,1.3936040501711995e+18,7.805,0.0,0,0,4,0,8422,0.0,45,0.0,0.0,0.0,0.0,0.0,0,0,0,0,0.0,0,0,0,0,0,0,0,0,0,0,0,0,0,0,0,0,0,0,0,0,0,0,0,0,0,0,0,0,0,0,0,0,0,38,14,7,45,65476,0,300,0,0,8,21553,0.0,-107605600.0,0.0,0.0,0.0,0.0,0.0,0.0,0.0,0.0,0.0,0.0,0.0,0.0,0.0,0.0,0.0,0.0,0.0,0.0,0.0,0.0,0.0,0.0,-0.0,0.0,0.0,0.0,0.0,0.0,5018.0,0.0,0.0,0.0,-107615296.0,-107615280.0,2.718429300292151e+23,0.0,0.0,0.0,0.0,53,-0.0,0.0,0.0,0.0,0.0,0.0,0.0,0.0,0.0,0,0,0,0.0,0.0,0.0,0.0,0.0,0.0,0.0,0.0,0.0,0.0,0.0,0.0,0.0,0.0,0.0,0.0,0,-107875648.0,53,0.0,106,-107614832.0,0.0,ERR,ERR,ERR,ERR,ERR,ERR,ERR,ERR,ERR,ERR,ERR,ERR,ERR,ERR,ERR,ERR,ERR,ERR,ERR,ERR,ERR,ERR,ERR,ERR,ERR,ERR,ERR,ERR,ERR,ERR,ERR,ERR,ERR,ERR,ERR,ERR,ERR,ERR,ERR,ERR,ERR,ERR,ERR,ERR,ERR,ERR,ERR,ERR,ERR,ERR,ERR,ERR,ERR,ERR,ERR,ERR,ERR,ERR,ERR,ERR,ERR,ERR,ERR,ERR,ERR,ERR,ERR,50.0,60.0,100,0.0,0.0,0.0,0.0,0.0,0.0,0.0,0.0,0.0,0.0,0.0,0.0,0.0,0.0,0.0,0.0,62.0,74,14,65512,50,65476,0,300,0,0,8,20529,65476,0,0,26214,60.0,0.0,0.0,0.0,0.0,0.0
2026-05-17T18:22:02,ERR,ERR,ERR,ERR,ERR,ERR,ERR,ERR,ERR,ERR,ERR,ERR,ERR,ERR,ERR,ERR,ERR,ERR,ERR,ERR,ERR,ERR,ERR,ERR,ERR,ERR,ERR,ERR,ERR,ERR,ERR,ERR,ERR,ERR,ERR,ERR,ERR,ERR,ERR,ERR,ERR,ERR,ERR,ERR,ERR,ERR,ERR,ERR,ERR,ERR,ERR,ERR,ERR,ERR,ERR,ERR,ERR,ERR,ERR,ERR,ERR,ERR,ERR,ERR,ERR,ERR,ERR,ERR,ERR,ERR,ERR,ERR,ERR,ERR,ERR,ERR,ERR,ERR,ERR,ERR,ERR,ERR,ERR,ERR,ERR,ERR,ERR,ERR,ERR,ERR,ERR,ERR,ERR,ERR,ERR,ERR,ERR,ERR,ERR,ERR,ERR,ERR,ERR,ERR,ERR,ERR,ERR,ERR,ERR,ERR,ERR,ERR,ERR,ERR,ERR,ERR,ERR,ERR,ERR,ERR,ERR,ERR,ERR,ERR,ERR,0.0,-107615296.0,-134474944.0,0.0,0.0,1.3936040501711995e+18,7.805,0.0,0,0,4,0,8422,0.0,45,0.0,0.0,0.0,0.0,0.0,0,0,0,0,0.0,0,0,0,0,0,0,0,0,0,0,0,0,0,0,0,0,0,0,0,0,0,0,0,0,0,0,0,0,0,0,0,0,0,38,14,7,45,65476,0,300,0,0,8,21553,0.0,-107605600.0,0.0,0.0,0.0,0.0,0.0,0.0,0.0,0.0,0.0,0.0,0.0,0.0,0.0,0.0,0.0,0.0,0.0,0.0,0.0,0.0,0.0,0.0,-0.0,0.0,0.0,0.0,0.0,0.0,5018.0,0.0,0.0,0.0,-107615296.0,-107615280.0,2.718429300292151e+23,0.0,0.0,0.0,0.0,53,-0.0,0.0,0.0,0.0,0.0,0.0,0.0,0.0,0.0,0,0,0,0.0,0.0,0.0,0.0,0.0,0.0,0.0,0.0,0.0,0.0,0.0,0.0,0.0,0.0,0.0,0.0,0,-107875648.0,53,0.0,106,-107614832.0,0.0,ERR,ERR,ERR,ERR,ERR,ERR,ERR,ERR,ERR,ERR,ERR,ERR,ERR,ERR,ERR,ERR,ERR,ERR,ERR,ERR,ERR,ERR,ERR,ERR,ERR,ERR,ERR,ERR,ERR,ERR,ERR,ERR,ERR,ERR,ERR,ERR,ERR,ERR,ERR,ERR,ERR,ERR,ERR,ERR,ERR,ERR,ERR,ERR,ERR,ERR,ERR,ERR,ERR,ERR,ERR,ERR,ERR,ERR,ERR,ERR,ERR,ERR,ERR,ERR,ERR,ERR,ERR,50.0,60.0,100,0.0,0.0,0.0,0.0,0.0,0.0,0.0,0.0,0.0,0.0,0.0,0.0,0.0,0.0,0.0,0.0,61.6,74,14,65512,50,65476,0,300,0,0,8,20529,65476,0,0,26214,60.0,0.0,0.0,0.0,0.0,0.0
2026-05-17T18:22:03,ERR,ERR,ERR,ERR,ERR,ERR,ERR,ERR,ERR,ERR,ERR,ERR,ERR,ERR,ERR,ERR,ERR,ERR,ERR,ERR,ERR,ERR,ERR,ERR,ERR,ERR,ERR,ERR,ERR,ERR,ERR,ERR,ERR,ERR,ERR,ERR,ERR,ERR,ERR,ERR,ERR,ERR,ERR,ERR,ERR,ERR,ERR,ERR,ERR,ERR,ERR,ERR,ERR,ERR,ERR,ERR,ERR,ERR,ERR,ERR,ERR,ERR,ERR,ERR,ERR,ERR,ERR,ERR,ERR,ERR,ERR,ERR,ERR,ERR,ERR,ERR,ERR,ERR,ERR,ERR,ERR,ERR,ERR,ERR,ERR,ERR,ERR,ERR,ERR,ERR,ERR,ERR,ERR,ERR,ERR,ERR,ERR,ERR,ERR,ERR,ERR,ERR,ERR,ERR,ERR,ERR,ERR,ERR,ERR,ERR,ERR,ERR,ERR,ERR,ERR,ERR,ERR,ERR,ERR,ERR,ERR,ERR,ERR,ERR,ERR,0.0,-107615296.0,-134474944.0,0.0,0.0,1.3936040501711995e+18,7.805,0.0,0,0,4,0,8422,0.0,45,0.0,0.0,0.0,0.0,0.0,0,0,0,0,0.0,0,0,0,0,0,0,0,0,0,0,0,0,0,0,0,0,0,0,0,0,0,0,0,0,0,0,0,0,0,0,0,0,0,38,14,7,45,65476,0,300,0,0,8,21553,0.0,-107605600.0,0.0,0.0,0.0,0.0,0.0,0.0,0.0,0.0,0.0,0.0,0.0,0.0,0.0,0.0,0.0,0.0,0.0,0.0,0.0,0.0,0.0,0.0,-0.0,0.0,0.0,0.0,0.0,0.0,5015.0,1.040665380856972e+34,0.0,0.0,-107615296.0,-107615280.0,2.718429300292151e+23,0.0,0.0,0.0,0.0,53,-0.0,0.059,0.0,0.0,0.0,0.0,0.0,0.0,0.0,0,0,0,0.0,0.0,0.0,0.0,0.0,0.0,0.0,0.0,0.0,0.0,0.0,0.0,0.0,0.0,0.0,0.0,0,-107875648.0,53,0.0,106,-107614832.0,0.0,ERR,ERR,ERR,ERR,ERR,ERR,ERR,ERR,ERR,ERR,ERR,ERR,ERR,ERR,ERR,ERR,ERR,ERR,ERR,ERR,ERR,ERR,ERR,ERR,ERR,ERR,ERR,ERR,ERR,ERR,ERR,ERR,ERR,ERR,ERR,ERR,ERR,ERR,ERR,ERR,ERR,ERR,ERR,ERR,ERR,ERR,ERR,ERR,ERR,ERR,ERR,ERR,ERR,ERR,ERR,ERR,ERR,ERR,ERR,ERR,ERR,ERR,ERR,ERR,ERR,ERR,ERR,50.0,60.0,100,0.0,0.0,0.0,0.0,0.0,0.0,0.0,0.0,0.0,0.0,0.0,0.0,0.0,0.0,0.0,0.0,61.6,74,14,65512,50,65476,0,300,0,0,8,20529,65476,0,0,26214,60.0,0.0,0.0,0.0,0.0,0.0
2026-05-17T18:22:04,ERR,ERR,ERR,ERR,ERR,ERR,ERR,ERR,ERR,ERR,ERR,ERR,ERR,ERR,ERR,ERR,ERR,ERR,ERR,ERR,ERR,ERR,ERR,ERR,ERR,ERR,ERR,ERR,ERR,ERR,ERR,ERR,ERR,ERR,ERR,ERR,ERR,ERR,ERR,ERR,ERR,ERR,ERR,ERR,ERR,ERR,ERR,ERR,ERR,ERR,ERR,ERR,ERR,ERR,ERR,ERR,ERR,ERR,ERR,ERR,ERR,ERR,ERR,ERR,ERR,ERR,ERR,ERR,ERR,ERR,ERR,ERR,ERR,ERR,ERR,ERR,ERR,ERR,ERR,ERR,ERR,ERR,ERR,ERR,ERR,ERR,ERR,ERR,ERR,ERR,ERR,ERR,ERR,ERR,ERR,ERR,ERR,ERR,ERR,ERR,ERR,ERR,ERR,ERR,ERR,ERR,ERR,ERR,ERR,ERR,ERR,ERR,ERR,ERR,ERR,ERR,ERR,ERR,ERR,ERR,ERR,ERR,ERR,ERR,ERR,0.0,-107615296.0,-134474944.0,0.0,0.0,1.3936040501711995e+18,7.805,0.0,0,0,4,0,8422,0.0,45,0.0,0.0,0.0,0.0,0.0,0,0,0,0,0.0,0,0,0,0,0,0,0,0,0,0,0,0,0,0,0,0,0,0,0,0,0,0,0,0,0,0,0,0,0,0,0,0,0,38,14,7,45,65476,0,300,0,0,8,21553,0.0,-107605600.0,0.0,0.0,0.0,0.0,0.0,0.0,0.0,0.0,0.0,0.0,0.0,0.0,0.0,0.0,0.0,0.0,0.0,0.0,0.0,0.0,0.0,0.0,-0.0,0.0,0.0,0.0,0.0,0.0,5015.0,1.040665380856972e+34,0.0,0.0,-107615296.0,-107615280.0,2.718429300292151e+23,0.0,0.0,0.0,0.0,53,-0.0,0.059,0.0,0.0,0.0,0.0,0.0,0.0,0.0,0,0,0,0.0,0.0,0.0,0.0,0.0,0.0,0.0,0.0,0.0,0.0,0.0,0.0,0.0,0.0,0.0,0.0,0,-107875648.0,53,0.0,106,-107614832.0,0.0,ERR,ERR,ERR,ERR,ERR,ERR,ERR,ERR,ERR,ERR,ERR,ERR,ERR,ERR,ERR,ERR,ERR,ERR,ERR,ERR,ERR,ERR,ERR,ERR,ERR,ERR,ERR,ERR,ERR,ERR,ERR,ERR,ERR,ERR,ERR,ERR,ERR,ERR,ERR,ERR,ERR,ERR,ERR,ERR,ERR,ERR,ERR,ERR,ERR,ERR,ERR,ERR,ERR,ERR,ERR,ERR,ERR,ERR,ERR,ERR,ERR,ERR,ERR,ERR,ERR,ERR,ERR,50.0,60.0,100,0.0,0.0,0.0,0.0,0.0,0.0,0.0,0.0,0.0,0.0,0.0,0.0,0.0,0.0,0.0,0.0,61.6,74,14,65512,50,65476,0,300,0,0,8,20529,65476,0,0,26214,60.0,0.0,0.0,0.0,0.0,0.0
2026-05-17T18:22:05,ERR,ERR,ERR,ERR,ERR,ERR,ERR,ERR,ERR,ERR,ERR,ERR,ERR,ERR,ERR,ERR,ERR,ERR,ERR,ERR,ERR,ERR,ERR,ERR,ERR,ERR,ERR,ERR,ERR,ERR,ERR,ERR,ERR,ERR,ERR,ERR,ERR,ERR,ERR,ERR,ERR,ERR,ERR,ERR,ERR,ERR,ERR,ERR,ERR,ERR,ERR,ERR,ERR,ERR,ERR,ERR,ERR,ERR,ERR,ERR,ERR,ERR,ERR,ERR,ERR,ERR,ERR,ERR,ERR,ERR,ERR,ERR,ERR,ERR,ERR,ERR,ERR,ERR,ERR,ERR,ERR,ERR,ERR,ERR,ERR,ERR,ERR,ERR,ERR,ERR,ERR,ERR,ERR,ERR,ERR,ERR,ERR,ERR,ERR,ERR,ERR,ERR,ERR,ERR,ERR,ERR,ERR,ERR,ERR,ERR,ERR,ERR,ERR,ERR,ERR,ERR,ERR,ERR,ERR,ERR,ERR,ERR,ERR,ERR,ERR,0.0,-107615296.0,-134474944.0,0.0,0.0,1.3936040501711995e+18,7.805,0.0,0,0,4,0,8422,0.0,45,0.0,0.0,0.0,0.0,0.0,0,0,0,0,0.0,0,0,0,0,0,0,0,0,0,0,0,0,0,0,0,0,0,0,0,0,0,0,0,0,0,0,0,0,0,0,0,0,0,38,14,7,45,65476,0,300,0,0,8,21553,0.0,-107605600.0,0.0,0.0,0.0,0.0,0.0,0.0,0.0,0.0,0.0,0.0,0.0,0.0,0.0,0.0,0.0,0.0,0.0,0.0,0.0,0.0,0.0,0.0,-0.0,0.0,0.0,0.0,0.0,0.0,5015.0,1.040665380856972e+34,0.0,0.0,-107615296.0,-107615280.0,2.718429300292151e+23,0.0,0.0,0.0,0.0,53,-0.0,0.059,0.0,0.0,0.0,0.0,0.0,0.0,0.0,0,0,0,0.0,0.0,0.0,0.0,0.0,0.0,0.0,0.0,0.0,0.0,0.0,0.0,0.0,0.0,0.0,0.0,0,-107875648.0,53,0.0,106,-107614832.0,0.0,ERR,ERR,ERR,ERR,ERR,ERR,ERR,ERR,ERR,ERR,ERR,ERR,ERR,ERR,ERR,ERR,ERR,ERR,ERR,ERR,ERR,ERR,ERR,ERR,ERR,ERR,ERR,ERR,ERR,ERR,ERR,ERR,ERR,ERR,ERR,ERR,ERR,ERR,ERR,ERR,ERR,ERR,ERR,ERR,ERR,ERR,ERR,ERR,ERR,ERR,ERR,ERR,ERR,ERR,ERR,ERR,ERR,ERR,ERR,ERR,ERR,ERR,ERR,ERR,ERR,ERR,ERR,50.0,60.0,100,0.0,0.0,0.0,0.0,0.0,0.0,0.0,0.0,0.0,0.0,0.0,0.0,0.0,0.0,0.0,0.0,61.6,74,14,65512,50,65476,0,300,0,0,8,20529,65476,0,0,26214,60.0,0.0,0.0,0.0,0.0,0.0
2026-05-17T18:22:06,ERR,ERR,ERR,ERR,ERR,ERR,ERR,ERR,ERR,ERR,ERR,ERR,ERR,ERR,ERR,ERR,ERR,ERR,ERR,ERR,ERR,ERR,ERR,ERR,ERR,ERR,ERR,ERR,ERR,ERR,ERR,ERR,ERR,ERR,ERR,ERR,ERR,ERR,ERR,ERR,ERR,ERR,ERR,ERR,ERR,ERR,ERR,ERR,ERR,ERR,ERR,ERR,ERR,ERR,ERR,ERR,ERR,ERR,ERR,ERR,ERR,ERR,ERR,ERR,ERR,ERR,ERR,ERR,ERR,ERR,ERR,ERR,ERR,ERR,ERR,ERR,ERR,ERR,ERR,ERR,ERR,ERR,ERR,ERR,ERR,ERR,ERR,ERR,ERR,ERR,ERR,ERR,ERR,ERR,ERR,ERR,ERR,ERR,ERR,ERR,ERR,ERR,ERR,ERR,ERR,ERR,ERR,ERR,ERR,ERR,ERR,ERR,ERR,ERR,ERR,ERR,ERR,ERR,ERR,ERR,ERR,ERR,ERR,ERR,ERR,0.0,-107615296.0,-134474944.0,0.0,0.0,1.3936040501711995e+18,7.805,0.0,0,0,4,0,8422,0.0,45,0.0,0.0,0.0,0.0,0.0,0,0,0,0,0.0,0,0,0,0,0,0,0,0,0,0,0,0,0,0,0,0,0,0,0,0,0,0,0,0,0,0,0,0,0,0,0,0,0,38,14,7,45,65476,0,300,0,0,8,21553,0.0,-107605600.0,0.0,0.0,0.0,0.0,0.0,0.0,0.0,0.0,0.0,0.0,0.0,0.0,0.0,0.0,0.0,0.0,0.0,0.0,0.0,0.0,0.0,0.0,-0.0,0.0,0.0,0.0,0.0,0.0,5015.0,1.040665380856972e+34,0.0,0.0,-107615296.0,-107615280.0,2.718429300292151e+23,0.0,0.0,0.0,0.0,53,-0.0,0.059,0.0,0.0,0.0,0.0,0.0,0.0,0.0,0,0,0,0.0,0.0,0.0,0.0,0.0,0.0,0.0,0.0,0.0,0.0,0.0,0.0,0.0,0.0,0.0,0.0,0,-107875648.0,53,0.0,106,-107614832.0,0.0,ERR,ERR,ERR,ERR,ERR,ERR,ERR,ERR,ERR,ERR,ERR,ERR,ERR,ERR,ERR,ERR,ERR,ERR,ERR,ERR,ERR,ERR,ERR,ERR,ERR,ERR,ERR,ERR,ERR,ERR,ERR,ERR,ERR,ERR,ERR,ERR,ERR,ERR,ERR,ERR,ERR,ERR,ERR,ERR,ERR,ERR,ERR,ERR,ERR,ERR,ERR,ERR,ERR,ERR,ERR,ERR,ERR,ERR,ERR,ERR,ERR,ERR,ERR,ERR,ERR,ERR,ERR,50.0,60.0,100,0.0,0.0,0.0,0.0,0.0,0.0,0.0,0.0,0.0,0.0,0.0,0.0,0.0,0.0,0.0,0.0,61.6,74,14,65512,50,65476,0,300,0,0,8,20529,65476,0,0,26214,60.0,0.0,0.0,0.0,0.0,0.0
2026-05-17T18:22:07,ERR,ERR,ERR,ERR,ERR,ERR,ERR,ERR,ERR,ERR,ERR,ERR,ERR,ERR,ERR,ERR,ERR,ERR,ERR,ERR,ERR,ERR,ERR,ERR,ERR,ERR,ERR,ERR,ERR,ERR,ERR,ERR,ERR,ERR,ERR,ERR,ERR,ERR,ERR,ERR,ERR,ERR,ERR,ERR,ERR,ERR,ERR,ERR,ERR,ERR,ERR,ERR,ERR,ERR,ERR,ERR,ERR,ERR,ERR,ERR,ERR,ERR,ERR,ERR,ERR,ERR,ERR,ERR,ERR,ERR,ERR,ERR,ERR,ERR,ERR,ERR,ERR,ERR,ERR,ERR,ERR,ERR,ERR,ERR,ERR,ERR,ERR,ERR,ERR,ERR,ERR,ERR,ERR,ERR,ERR,ERR,ERR,ERR,ERR,ERR,ERR,ERR,ERR,ERR,ERR,ERR,ERR,ERR,ERR,ERR,ERR,ERR,ERR,ERR,ERR,ERR,ERR,ERR,ERR,ERR,ERR,ERR,ERR,ERR,ERR,0.0,-107615296.0,-134474944.0,0.0,0.0,1.3936040501711995e+18,7.805,0.0,0,0,4,0,8422,0.0,45,0.0,0.0,0.0,0.0,0.0,0,0,0,0,0.0,0,0,0,0,0,0,0,0,0,0,0,0,0,0,0,0,0,0,0,0,0,0,0,0,0,0,0,0,0,0,0,0,0,38,14,7,45,65476,0,300,0,0,8,21553,0.0,-107605600.0,0.0,0.0,0.0,0.0,0.0,0.0,0.0,0.0,0.0,0.0,0.0,0.0,0.0,0.0,0.0,0.0,0.0,0.0,0.0,0.0,0.0,0.0,-0.0,0.0,0.0,0.0,0.0,0.0,5015.0,1.040665380856972e+34,0.0,0.0,-107615296.0,-107615280.0,2.718429300292151e+23,0.0,0.0,0.0,0.0,53,-0.0,0.059,0.0,0.0,0.0,0.0,0.0,0.0,0.0,0,0,0,0.0,0.0,0.0,0.0,0.0,0.0,0.0,0.0,0.0,0.0,0.0,0.0,0.0,0.0,0.0,0.0,0,-107875648.0,53,0.0,106,-107614832.0,0.0,ERR,ERR,ERR,ERR,ERR,ERR,ERR,ERR,ERR,ERR,ERR,ERR,ERR,ERR,ERR,ERR,ERR,ERR,ERR,ERR,ERR,ERR,ERR,ERR,ERR,ERR,ERR,ERR,ERR,ERR,ERR,ERR,ERR,ERR,ERR,ERR,ERR,ERR,ERR,ERR,ERR,ERR,ERR,ERR,ERR,ERR,ERR,ERR,ERR,ERR,ERR,ERR,ERR,ERR,ERR,ERR,ERR,ERR,ERR,ERR,ERR,ERR,ERR,ERR,ERR,ERR,ERR,50.0,60.0,100,0.0,0.0,0.0,0.0,0.0,0.0,0.0,0.0,0.0,0.0,0.0,0.0,0.0,0.0,0.0,0.0,61.6,74,14,65512,50,65476,0,300,0,0,8,20529,65476,0,0,26214,60.0,0.0,0.0,0.0,0.0,0.0
2026-05-17T18:22:08,ERR,ERR,ERR,ERR,ERR,ERR,ERR,ERR,ERR,ERR,ERR,ERR,ERR,ERR,ERR,ERR,ERR,ERR,ERR,ERR,ERR,ERR,ERR,ERR,ERR,ERR,ERR,ERR,ERR,ERR,ERR,ERR,ERR,ERR,ERR,ERR,ERR,ERR,ERR,ERR,ERR,ERR,ERR,ERR,ERR,ERR,ERR,ERR,ERR,ERR,ERR,ERR,ERR,ERR,ERR,ERR,ERR,ERR,ERR,ERR,ERR,ERR,ERR,ERR,ERR,ERR,ERR,ERR,ERR,ERR,ERR,ERR,ERR,ERR,ERR,ERR,ERR,ERR,ERR,ERR,ERR,ERR,ERR,ERR,ERR,ERR,ERR,ERR,ERR,ERR,ERR,ERR,ERR,ERR,ERR,ERR,ERR,ERR,ERR,ERR,ERR,ERR,ERR,ERR,ERR,ERR,ERR,ERR,ERR,ERR,ERR,ERR,ERR,ERR,ERR,ERR,ERR,ERR,ERR,ERR,ERR,ERR,ERR,ERR,ERR,0.0,-107615296.0,-134474944.0,0.0,0.0,1.3936040501711995e+18,7.805,0.0,0,0,4,0,8422,0.0,45,0.0,0.0,0.0,0.0,0.0,0,0,0,0,0.0,0,0,0,0,0,0,0,0,0,0,0,0,0,0,0,0,0,0,0,0,0,0,0,0,0,0,0,0,0,0,0,0,0,38,14,7,45,65476,0,300,0,0,8,21553,0.0,-107605600.0,0.0,0.0,0.0,0.0,0.0,0.0,0.0,0.0,0.0,0.0,0.0,0.0,0.0,0.0,0.0,0.0,0.0,0.0,0.0,0.0,0.0,0.0,-0.0,0.0,0.0,0.0,0.0,0.0,5010.0,-0.0,0.0,0.0,-107615296.0,-107615280.0,2.718429300292151e+23,0.0,0.0,0.0,0.0,53,3.222028592685471e+26,-0.0,0.0,0.0,0.0,0.0,0.0,0.0,0.0,0,0,0,0.0,0.0,0.0,0.0,0.0,0.0,0.0,0.0,0.0,0.0,0.0,0.0,0.0,0.0,0.0,0.0,0,-107875648.0,53,0.0,106,-107614832.0,0.0,ERR,ERR,ERR,ERR,ERR,ERR,ERR,ERR,ERR,ERR,ERR,ERR,ERR,ERR,ERR,ERR,ERR,ERR,ERR,ERR,ERR,ERR,ERR,ERR,ERR,ERR,ERR,ERR,ERR,ERR,ERR,ERR,ERR,ERR,ERR,ERR,ERR,ERR,ERR,ERR,ERR,ERR,ERR,ERR,ERR,ERR,ERR,ERR,ERR,ERR,ERR,ERR,ERR,ERR,ERR,ERR,ERR,ERR,ERR,ERR,ERR,ERR,ERR,ERR,ERR,ERR,ERR,50.0,60.0,100,0.0,0.0,0.0,0.0,0.0,0.0,0.0,0.0,0.0,0.0,0.0,0.0,0.0,0.0,0.0,0.0,61.6,74,14,65512,50,65476,0,300,0,0,8,20529,65476,0,0,26214,60.0,0.0,0.0,0.0,0.0,0.0
2026-05-17T18:22:09,ERR,ERR,ERR,ERR,ERR,ERR,ERR,ERR,ERR,ERR,ERR,ERR,ERR,ERR,ERR,ERR,ERR,ERR,ERR,ERR,ERR,ERR,ERR,ERR,ERR,ERR,ERR,ERR,ERR,ERR,ERR,ERR,ERR,ERR,ERR,ERR,ERR,ERR,ERR,ERR,ERR,ERR,ERR,ERR,ERR,ERR,ERR,ERR,ERR,ERR,ERR,ERR,ERR,ERR,ERR,ERR,ERR,ERR,ERR,ERR,ERR,ERR,ERR,ERR,ERR,ERR,ERR,ERR,ERR,ERR,ERR,ERR,ERR,ERR,ERR,ERR,ERR,ERR,ERR,ERR,ERR,ERR,ERR,ERR,ERR,ERR,ERR,ERR,ERR,ERR,ERR,ERR,ERR,ERR,ERR,ERR,ERR,ERR,ERR,ERR,ERR,ERR,ERR,ERR,ERR,ERR,ERR,ERR,ERR,ERR,ERR,ERR,ERR,ERR,ERR,ERR,ERR,ERR,ERR,ERR,ERR,ERR,ERR,ERR,ERR,0.0,-107615296.0,-134474944.0,0.0,0.0,1.3936040501711995e+18,7.805,0.0,0,0,4,0,8422,0.0,45,0.0,0.0,0.0,0.0,0.0,0,0,0,0,0.0,0,0,0,0,0,0,0,0,0,0,0,0,0,0,0,0,0,0,0,0,0,0,0,0,0,0,0,0,0,0,0,0,0,38,14,7,45,65476,0,300,0,0,8,21553,0.0,-107605600.0,0.0,0.0,0.0,0.0,0.0,0.0,0.0,0.0,0.0,0.0,0.0,0.0,0.0,0.0,0.0,0.0,0.0,0.0,0.0,0.0,0.0,0.0,-0.0,0.0,0.0,0.0,0.0,0.0,5010.0,-0.0,0.0,0.0,-107615296.0,-107615280.0,2.718429300292151e+23,0.0,0.0,0.0,0.0,53,3.222028592685471e+26,-0.0,0.0,0.0,0.0,0.0,0.0,0.0,0.0,0,0,0,0.0,0.0,0.0,0.0,0.0,0.0,0.0,0.0,0.0,0.0,0.0,0.0,0.0,0.0,0.0,0.0,0,-107875648.0,53,0.0,106,-107614832.0,0.0,ERR,ERR,ERR,ERR,ERR,ERR,ERR,ERR,ERR,ERR,ERR,ERR,ERR,ERR,ERR,ERR,ERR,ERR,ERR,ERR,ERR,ERR,ERR,ERR,ERR,ERR,ERR,ERR,ERR,ERR,ERR,ERR,ERR,ERR,ERR,ERR,ERR,ERR,ERR,ERR,ERR,ERR,ERR,ERR,ERR,ERR,ERR,ERR,ERR,ERR,ERR,ERR,ERR,ERR,ERR,ERR,ERR,ERR,ERR,ERR,ERR,ERR,ERR,ERR,ERR,ERR,ERR,50.0,60.0,100,0.0,0.0,0.0,0.0,0.0,0.0,0.0,0.0,0.0,0.0,0.0,0.0,0.0,0.0,0.0,0.0,61.6,74,14,65512,50,65476,0,300,0,0,8,20529,65476,0,0,26214,60.0,0.0,0.0,0.0,0.0,0.0
2026-05-17T18:22:10,ERR,ERR,ERR,ERR,ERR,ERR,ERR,ERR,ERR,ERR,ERR,ERR,ERR,ERR,ERR,ERR,ERR,ERR,ERR,ERR,ERR,ERR,ERR,ERR,ERR,ERR,ERR,ERR,ERR,ERR,ERR,ERR,ERR,ERR,ERR,ERR,ERR,ERR,ERR,ERR,ERR,ERR,ERR,ERR,ERR,ERR,ERR,ERR,ERR,ERR,ERR,ERR,ERR,ERR,ERR,ERR,ERR,ERR,ERR,ERR,ERR,ERR,ERR,ERR,ERR,ERR,ERR,ERR,ERR,ERR,ERR,ERR,ERR,ERR,ERR,ERR,ERR,ERR,ERR,ERR,ERR,ERR,ERR,ERR,ERR,ERR,ERR,ERR,ERR,ERR,ERR,ERR,ERR,ERR,ERR,ERR,ERR,ERR,ERR,ERR,ERR,ERR,ERR,ERR,ERR,ERR,ERR,ERR,ERR,ERR,ERR,ERR,ERR,ERR,ERR,ERR,ERR,ERR,ERR,ERR,ERR,ERR,ERR,ERR,ERR,0.0,-107615296.0,-134474944.0,0.0,0.0,1.3936040501711995e+18,7.805,0.0,0,0,4,0,8422,0.0,45,0.0,0.0,0.0,0.0,0.0,0,0,0,0,0.0,0,0,0,0,0,0,0,0,0,0,0,0,0,0,0,0,0,0,0,0,0,0,0,0,0,0,0,0,0,0,0,0,0,38,14,7,45,65476,0,300,0,0,8,21553,0.0,-107605600.0,0.0,0.0,0.0,0.0,0.0,0.0,0.0,0.0,0.0,0.0,0.0,0.0,0.0,0.0,0.0,0.0,0.0,0.0,0.0,0.0,0.0,0.0,-0.0,0.0,0.0,0.0,0.0,0.0,5010.0,-0.0,0.0,0.0,-107615296.0,-107615280.0,2.718429300292151e+23,0.0,0.0,0.0,0.0,53,3.222028592685471e+26,-0.0,0.0,0.0,0.0,0.0,0.0,0.0,0.0,0,0,0,0.0,0.0,0.0,0.0,0.0,0.0,0.0,0.0,0.0,0.0,0.0,0.0,0.0,0.0,0.0,0.0,0,-107875648.0,53,0.0,106,-107614832.0,0.0,ERR,ERR,ERR,ERR,ERR,ERR,ERR,ERR,ERR,ERR,ERR,ERR,ERR,ERR,ERR,ERR,ERR,ERR,ERR,ERR,ERR,ERR,ERR,ERR,ERR,ERR,ERR,ERR,ERR,ERR,ERR,ERR,ERR,ERR,ERR,ERR,ERR,ERR,ERR,ERR,ERR,ERR,ERR,ERR,ERR,ERR,ERR,ERR,ERR,ERR,ERR,ERR,ERR,ERR,ERR,ERR,ERR,ERR,ERR,ERR,ERR,ERR,ERR,ERR,ERR,ERR,ERR,50.0,60.0,100,0.0,0.0,0.0,0.0,0.0,0.0,0.0,0.0,0.0,0.0,0.0,0.0,0.0,0.0,0.0,0.0,61.6,74,14,65512,50,65476,0,300,0,0,8,20529,65476,0,0,26214,60.0,0.0,0.0,0.0,0.0,0.0
2026-05-17T18:22:11,ERR,ERR,ERR,ERR,ERR,ERR,ERR,ERR,ERR,ERR,ERR,ERR,ERR,ERR,ERR,ERR,ERR,ERR,ERR,ERR,ERR,ERR,ERR,ERR,ERR,ERR,ERR,ERR,ERR,ERR,ERR,ERR,ERR,ERR,ERR,ERR,ERR,ERR,ERR,ERR,ERR,ERR,ERR,ERR,ERR,ERR,ERR,ERR,ERR,ERR,ERR,ERR,ERR,ERR,ERR,ERR,ERR,ERR,ERR,ERR,ERR,ERR,ERR,ERR,ERR,ERR,ERR,ERR,ERR,ERR,ERR,ERR,ERR,ERR,ERR,ERR,ERR,ERR,ERR,ERR,ERR,ERR,ERR,ERR,ERR,ERR,ERR,ERR,ERR,ERR,ERR,ERR,ERR,ERR,ERR,ERR,ERR,ERR,ERR,ERR,ERR,ERR,ERR,ERR,ERR,ERR,ERR,ERR,ERR,ERR,ERR,ERR,ERR,ERR,ERR,ERR,ERR,ERR,ERR,ERR,ERR,ERR,ERR,ERR,ERR,0.0,-107615296.0,-134474944.0,0.0,0.0,1.3936040501711995e+18,7.805,0.0,0,0,4,0,8422,0.0,45,0.0,0.0,0.0,0.0,0.0,0,0,0,0,0.0,0,0,0,0,0,0,0,0,0,0,0,0,0,0,0,0,0,0,0,0,0,0,0,0,0,0,0,0,0,0,0,0,0,38,14,7,45,65476,0,300,0,0,8,21553,0.0,-107605600.0,0.0,0.0,0.0,0.0,0.0,0.0,0.0,0.0,0.0,0.0,0.0,0.0,0.0,0.0,0.0,0.0,0.0,0.0,0.0,0.0,0.0,0.0,-0.0,0.0,0.0,0.0,0.0,0.0,5010.0,-0.0,0.0,0.0,-107615296.0,-107615280.0,2.718429300292151e+23,0.0,0.0,0.0,0.0,53,3.222028592685471e+26,-0.0,0.0,0.0,0.0,0.0,0.0,0.0,0.0,0,0,0,0.0,0.0,0.0,0.0,0.0,0.0,0.0,0.0,0.0,0.0,0.0,0.0,0.0,0.0,0.0,0.0,0,-107875648.0,53,0.0,106,-107614832.0,0.0,ERR,ERR,ERR,ERR,ERR,ERR,ERR,ERR,ERR,ERR,ERR,ERR,ERR,ERR,ERR,ERR,ERR,ERR,ERR,ERR,ERR,ERR,ERR,ERR,ERR,ERR,ERR,ERR,ERR,ERR,ERR,ERR,ERR,ERR,ERR,ERR,ERR,ERR,ERR,ERR,ERR,ERR,ERR,ERR,ERR,ERR,ERR,ERR,ERR,ERR,ERR,ERR,ERR,ERR,ERR,ERR,ERR,ERR,ERR,ERR,ERR,ERR,ERR,ERR,ERR,ERR,ERR,50.0,60.0,100,0.0,0.0,0.0,0.0,0.0,0.0,0.0,0.0,0.0,0.0,0.0,0.0,0.0,0.0,0.0,0.0,61.6,74,14,65512,50,65476,0,300,0,0,8,20529,65476,0,0,26214,60.0,0.0,0.0,0.0,0.0,0.0
2026-05-17T18:22:12,ERR,ERR,ERR,ERR,ERR,ERR,ERR,ERR,ERR,ERR,ERR,ERR,ERR,ERR,ERR,ERR,ERR,ERR,ERR,ERR,ERR,ERR,ERR,ERR,ERR,ERR,ERR,ERR,ERR,ERR,ERR,ERR,ERR,ERR,ERR,ERR,ERR,ERR,ERR,ERR,ERR,ERR,ERR,ERR,ERR,ERR,ERR,ERR,ERR,ERR,ERR,ERR,ERR,ERR,ERR,ERR,ERR,ERR,ERR,ERR,ERR,ERR,ERR,ERR,ERR,ERR,ERR,ERR,ERR,ERR,ERR,ERR,ERR,ERR,ERR,ERR,ERR,ERR,ERR,ERR,ERR,ERR,ERR,ERR,ERR,ERR,ERR,ERR,ERR,ERR,ERR,ERR,ERR,ERR,ERR,ERR,ERR,ERR,ERR,ERR,ERR,ERR,ERR,ERR,ERR,ERR,ERR,ERR,ERR,ERR,ERR,ERR,ERR,ERR,ERR,ERR,ERR,ERR,ERR,ERR,ERR,ERR,ERR,ERR,ERR,0.0,-107615296.0,-134474944.0,0.0,0.0,1.3936040501711995e+18,7.805,0.0,0,0,4,0,8422,0.0,45,0.0,0.0,0.0,0.0,0.0,0,0,0,0,0.0,0,0,0,0,0,0,0,0,0,0,0,0,0,0,0,0,0,0,0,0,0,0,0,0,0,0,0,0,0,0,0,0,0,38,14,7,45,65476,0,300,0,0,8,21553,0.0,-107605600.0,0.0,0.0,0.0,0.0,0.0,0.0,0.0,0.0,0.0,0.0,0.0,0.0,0.0,0.0,0.0,0.0,0.0,0.0,0.0,0.0,0.0,0.0,-0.0,0.0,0.0,0.0,0.0,0.0,5010.0,-0.0,0.0,0.0,-107615296.0,-107615280.0,2.718429300292151e+23,0.0,0.0,0.0,0.0,53,3.222028592685471e+26,-0.0,0.0,0.0,0.0,0.0,0.0,0.0,0.0,0,0,0,0.0,0.0,0.0,0.0,0.0,0.0,0.0,0.0,0.0,0.0,0.0,0.0,0.0,0.0,0.0,0.0,0,-107875648.0,53,0.0,106,-107614832.0,0.0,ERR,ERR,ERR,ERR,ERR,ERR,ERR,ERR,ERR,ERR,ERR,ERR,ERR,ERR,ERR,ERR,ERR,ERR,ERR,ERR,ERR,ERR,ERR,ERR,ERR,ERR,ERR,ERR,ERR,ERR,ERR,ERR,ERR,ERR,ERR,ERR,ERR,ERR,ERR,ERR,ERR,ERR,ERR,ERR,ERR,ERR,ERR,ERR,ERR,ERR,ERR,ERR,ERR,ERR,ERR,ERR,ERR,ERR,ERR,ERR,ERR,ERR,ERR,ERR,ERR,ERR,ERR,50.0,60.0,100,0.0,0.0,0.0,0.0,0.0,0.0,0.0,0.0,0.0,0.0,0.0,0.0,0.0,0.0,0.0,0.0,61.6,74,14,65512,50,65476,0,300,0,0,8,20529,65476,0,0,26214,60.0,0.0,0.0,0.0,0.0,0.0
2026-05-17T18:22:13,ERR,ERR,ERR,ERR,ERR,ERR,ERR,ERR,ERR,ERR,ERR,ERR,ERR,ERR,ERR,ERR,ERR,ERR,ERR,ERR,ERR,ERR,ERR,ERR,ERR,ERR,ERR,ERR,ERR,ERR,ERR,ERR,ERR,ERR,ERR,ERR,ERR,ERR,ERR,ERR,ERR,ERR,ERR,ERR,ERR,ERR,ERR,ERR,ERR,ERR,ERR,ERR,ERR,ERR,ERR,ERR,ERR,ERR,ERR,ERR,ERR,ERR,ERR,ERR,ERR,ERR,ERR,ERR,ERR,ERR,ERR,ERR,ERR,ERR,ERR,ERR,ERR,ERR,ERR,ERR,ERR,ERR,ERR,ERR,ERR,ERR,ERR,ERR,ERR,ERR,ERR,ERR,ERR,ERR,ERR,ERR,ERR,ERR,ERR,ERR,ERR,ERR,ERR,ERR,ERR,ERR,ERR,ERR,ERR,ERR,ERR,ERR,ERR,ERR,ERR,ERR,ERR,ERR,ERR,ERR,ERR,ERR,ERR,ERR,ERR,0.0,-107615296.0,-134474944.0,0.0,0.0,1.3936040501711995e+18,7.805,0.0,0,0,4,0,8422,0.0,45,0.0,0.0,0.0,0.0,0.0,0,0,0,0,0.0,0,0,0,0,0,0,0,0,0,0,0,0,0,0,0,0,0,0,0,0,0,0,0,0,0,0,0,0,0,0,0,0,0,38,14,7,45,65476,0,300,0,0,8,21553,0.0,-107605600.0,0.0,0.0,0.0,0.0,0.0,0.0,0.0,0.0,0.0,0.0,0.0,0.0,0.0,0.0,0.0,0.0,0.0,0.0,0.0,0.0,0.0,0.0,-0.0,0.0,0.0,0.0,0.0,0.0,5018.0,-2.004,0.0,0.0,-107615296.0,-107615280.0,2.718429300292151e+23,0.0,0.0,0.0,0.0,53,-0.0,-0.0,0.0,0.0,0.0,0.0,0.0,0.0,0.0,0,0,0,0.0,0.0,0.0,0.0,0.0,0.0,0.0,0.0,0.0,0.0,0.0,0.0,0.0,0.0,0.0,0.0,0,-107875648.0,53,0.0,106,-107614832.0,0.0,ERR,ERR,ERR,ERR,ERR,ERR,ERR,ERR,ERR,ERR,ERR,ERR,ERR,ERR,ERR,ERR,ERR,ERR,ERR,ERR,ERR,ERR,ERR,ERR,ERR,ERR,ERR,ERR,ERR,ERR,ERR,ERR,ERR,ERR,ERR,ERR,ERR,ERR,ERR,ERR,ERR,ERR,ERR,ERR,ERR,ERR,ERR,ERR,ERR,ERR,ERR,ERR,ERR,ERR,ERR,ERR,ERR,ERR,ERR,ERR,ERR,ERR,ERR,ERR,ERR,ERR,ERR,50.0,60.0,100,0.0,0.0,0.0,0.0,0.0,0.0,0.0,0.0,0.0,0.0,0.0,0.0,0.0,0.0,0.0,0.0,61.6,74,14,65512,50,65476,0,300,0,0,8,20529,65476,0,0,26214,60.0,0.0,0.0,0.0,0.0,0.0
2026-05-17T18:22:14,ERR,ERR,ERR,ERR,ERR,ERR,ERR,ERR,ERR,ERR,ERR,ERR,ERR,ERR,ERR,ERR,ERR,ERR,ERR,ERR,ERR,ERR,ERR,ERR,ERR,ERR,ERR,ERR,ERR,ERR,ERR,ERR,ERR,ERR,ERR,ERR,ERR,ERR,ERR,ERR,ERR,ERR,ERR,ERR,ERR,ERR,ERR,ERR,ERR,ERR,ERR,ERR,ERR,ERR,ERR,ERR,ERR,ERR,ERR,ERR,ERR,ERR,ERR,ERR,ERR,ERR,ERR,ERR,ERR,ERR,ERR,ERR,ERR,ERR,ERR,ERR,ERR,ERR,ERR,ERR,ERR,ERR,ERR,ERR,ERR,ERR,ERR,ERR,ERR,ERR,ERR,ERR,ERR,ERR,ERR,ERR,ERR,ERR,ERR,ERR,ERR,ERR,ERR,ERR,ERR,ERR,ERR,ERR,ERR,ERR,ERR,ERR,ERR,ERR,ERR,ERR,ERR,ERR,ERR,ERR,ERR,ERR,ERR,ERR,ERR,0.0,-107615296.0,-134474944.0,0.0,0.0,1.3936040501711995e+18,7.805,0.0,0,0,4,0,8422,0.0,45,0.0,0.0,0.0,0.0,0.0,0,0,0,0,0.0,0,0,0,0,0,0,0,0,0,0,0,0,0,0,0,0,0,0,0,0,0,0,0,0,0,0,0,0,0,0,0,0,0,38,14,7,45,65476,0,300,0,0,8,21553,0.0,-107605600.0,0.0,0.0,0.0,0.0,0.0,0.0,0.0,0.0,0.0,0.0,0.0,0.0,0.0,0.0,0.0,0.0,0.0,0.0,0.0,0.0,0.0,0.0,-0.0,0.0,0.0,0.0,0.0,0.0,5018.0,-2.004,0.0,0.0,-107615296.0,-107615280.0,2.718429300292151e+23,0.0,0.0,0.0,0.0,53,-0.0,-0.0,0.0,0.0,0.0,0.0,0.0,0.0,0.0,0,0,0,0.0,0.0,0.0,0.0,0.0,0.0,0.0,0.0,0.0,0.0,0.0,0.0,0.0,0.0,0.0,0.0,0,-107875648.0,53,0.0,106,-107614832.0,0.0,ERR,ERR,ERR,ERR,ERR,ERR,ERR,ERR,ERR,ERR,ERR,ERR,ERR,ERR,ERR,ERR,ERR,ERR,ERR,ERR,ERR,ERR,ERR,ERR,ERR,ERR,ERR,ERR,ERR,ERR,ERR,ERR,ERR,ERR,ERR,ERR,ERR,ERR,ERR,ERR,ERR,ERR,ERR,ERR,ERR,ERR,ERR,ERR,ERR,ERR,ERR,ERR,ERR,ERR,ERR,ERR,ERR,ERR,ERR,ERR,ERR,ERR,ERR,ERR,ERR,ERR,ERR,50.0,60.0,100,0.0,0.0,0.0,0.0,0.0,0.0,0.0,0.0,0.0,0.0,0.0,0.0,0.0,0.0,0.0,0.0,61.6,74,14,65512,50,65476,0,300,0,0,8,20529,65476,0,0,26214,60.0,0.0,0.0,0.0,0.0,0.0
2026-05-17T18:22:15,ERR,ERR,ERR,ERR,ERR,ERR,ERR,ERR,ERR,ERR,ERR,ERR,ERR,ERR,ERR,ERR,ERR,ERR,ERR,ERR,ERR,ERR,ERR,ERR,ERR,ERR,ERR,ERR,ERR,ERR,ERR,ERR,ERR,ERR,ERR,ERR,ERR,ERR,ERR,ERR,ERR,ERR,ERR,ERR,ERR,ERR,ERR,ERR,ERR,ERR,ERR,ERR,ERR,ERR,ERR,ERR,ERR,ERR,ERR,ERR,ERR,ERR,ERR,ERR,ERR,ERR,ERR,ERR,ERR,ERR,ERR,ERR,ERR,ERR,ERR,ERR,ERR,ERR,ERR,ERR,ERR,ERR,ERR,ERR,ERR,ERR,ERR,ERR,ERR,ERR,ERR,ERR,ERR,ERR,ERR,ERR,ERR,ERR,ERR,ERR,ERR,ERR,ERR,ERR,ERR,ERR,ERR,ERR,ERR,ERR,ERR,ERR,ERR,ERR,ERR,ERR,ERR,ERR,ERR,ERR,ERR,ERR,ERR,ERR,ERR,0.0,-107615296.0,-134474944.0,0.0,0.0,1.3936040501711995e+18,7.805,0.0,0,0,4,0,8422,0.0,45,0.0,0.0,0.0,0.0,0.0,0,0,0,0,0.0,0,0,0,0,0,0,0,0,0,0,0,0,0,0,0,0,0,0,0,0,0,0,0,0,0,0,0,0,0,0,0,0,0,38,14,7,45,65476,0,300,0,0,8,21553,0.0,-107605600.0,0.0,0.0,0.0,0.0,0.0,0.0,0.0,0.0,0.0,0.0,0.0,0.0,0.0,0.0,0.0,0.0,0.0,0.0,0.0,0.0,0.0,0.0,-0.0,0.0,0.0,0.0,0.0,0.0,5018.0,-2.004,0.0,0.0,-107615296.0,-107615280.0,2.718429300292151e+23,0.0,0.0,0.0,0.0,53,-0.0,-0.0,0.0,0.0,0.0,0.0,0.0,0.0,0.0,0,0,0,0.0,0.0,0.0,0.0,0.0,0.0,0.0,0.0,0.0,0.0,0.0,0.0,0.0,0.0,0.0,0.0,0,-107875648.0,53,0.0,106,-107614832.0,0.0,ERR,ERR,ERR,ERR,ERR,ERR,ERR,ERR,ERR,ERR,ERR,ERR,ERR,ERR,ERR,ERR,ERR,ERR,ERR,ERR,ERR,ERR,ERR,ERR,ERR,ERR,ERR,ERR,ERR,ERR,ERR,ERR,ERR,ERR,ERR,ERR,ERR,ERR,ERR,ERR,ERR,ERR,ERR,ERR,ERR,ERR,ERR,ERR,ERR,ERR,ERR,ERR,ERR,ERR,ERR,ERR,ERR,ERR,ERR,ERR,ERR,ERR,ERR,ERR,ERR,ERR,ERR,50.0,60.0,100,0.0,0.0,0.0,0.0,0.0,0.0,0.0,0.0,0.0,0.0,0.0,0.0,0.0,0.0,0.0,0.0,61.6,74,14,65512,50,65476,0,300,0,0,8,20529,65476,0,0,26214,60.0,0.0,0.0,0.0,0.0,0.0
2026-05-17T18:22:16,ERR,ERR,ERR,ERR,ERR,ERR,ERR,ERR,ERR,ERR,ERR,ERR,ERR,ERR,ERR,ERR,ERR,ERR,ERR,ERR,ERR,ERR,ERR,ERR,ERR,ERR,ERR,ERR,ERR,ERR,ERR,ERR,ERR,ERR,ERR,ERR,ERR,ERR,ERR,ERR,ERR,ERR,ERR,ERR,ERR,ERR,ERR,ERR,ERR,ERR,ERR,ERR,ERR,ERR,ERR,ERR,ERR,ERR,ERR,ERR,ERR,ERR,ERR,ERR,ERR,ERR,ERR,ERR,ERR,ERR,ERR,ERR,ERR,ERR,ERR,ERR,ERR,ERR,ERR,ERR,ERR,ERR,ERR,ERR,ERR,ERR,ERR,ERR,ERR,ERR,ERR,ERR,ERR,ERR,ERR,ERR,ERR,ERR,ERR,ERR,ERR,ERR,ERR,ERR,ERR,ERR,ERR,ERR,ERR,ERR,ERR,ERR,ERR,ERR,ERR,ERR,ERR,ERR,ERR,ERR,ERR,ERR,ERR,ERR,ERR,0.0,-107615296.0,-134474944.0,0.0,0.0,1.3936040501711995e+18,7.805,0.0,0,0,4,0,8422,0.0,45,0.0,0.0,0.0,0.0,0.0,0,0,0,0,0.0,0,0,0,0,0,0,0,0,0,0,0,0,0,0,0,0,0,0,0,0,0,0,0,0,0,0,0,0,0,0,0,0,0,38,14,7,45,65476,0,300,0,0,8,21553,0.0,-107605600.0,0.0,0.0,0.0,0.0,0.0,0.0,0.0,0.0,0.0,0.0,0.0,0.0,0.0,0.0,0.0,0.0,0.0,0.0,0.0,0.0,0.0,0.0,-0.0,0.0,0.0,0.0,0.0,0.0,5018.0,-2.004,0.0,0.0,-107615296.0,-107615280.0,2.718429300292151e+23,0.0,0.0,0.0,0.0,53,-0.0,-0.0,0.0,0.0,0.0,0.0,0.0,0.0,0.0,0,0,0,0.0,0.0,0.0,0.0,0.0,0.0,0.0,0.0,0.0,0.0,0.0,0.0,0.0,0.0,0.0,0.0,0,-107875648.0,53,0.0,106,-107614832.0,0.0,ERR,ERR,ERR,ERR,ERR,ERR,ERR,ERR,ERR,ERR,ERR,ERR,ERR,ERR,ERR,ERR,ERR,ERR,ERR,ERR,ERR,ERR,ERR,ERR,ERR,ERR,ERR,ERR,ERR,ERR,ERR,ERR,ERR,ERR,ERR,ERR,ERR,ERR,ERR,ERR,ERR,ERR,ERR,ERR,ERR,ERR,ERR,ERR,ERR,ERR,ERR,ERR,ERR,ERR,ERR,ERR,ERR,ERR,ERR,ERR,ERR,ERR,ERR,ERR,ERR,ERR,ERR,50.0,60.0,100,0.0,0.0,0.0,0.0,0.0,0.0,0.0,0.0,0.0,0.0,0.0,0.0,0.0,0.0,0.0,0.0,61.6,74,14,65512,50,65476,0,300,0,0,8,20529,65476,0,0,26214,60.0,0.0,0.0,0.0,0.0,0.0
2026-05-17T18:22:17,ERR,ERR,ERR,ERR,ERR,ERR,ERR,ERR,ERR,ERR,ERR,ERR,ERR,ERR,ERR,ERR,ERR,ERR,ERR,ERR,ERR,ERR,ERR,ERR,ERR,ERR,ERR,ERR,ERR,ERR,ERR,ERR,ERR,ERR,ERR,ERR,ERR,ERR,ERR,ERR,ERR,ERR,ERR,ERR,ERR,ERR,ERR,ERR,ERR,ERR,ERR,ERR,ERR,ERR,ERR,ERR,ERR,ERR,ERR,ERR,ERR,ERR,ERR,ERR,ERR,ERR,ERR,ERR,ERR,ERR,ERR,ERR,ERR,ERR,ERR,ERR,ERR,ERR,ERR,ERR,ERR,ERR,ERR,ERR,ERR,ERR,ERR,ERR,ERR,ERR,ERR,ERR,ERR,ERR,ERR,ERR,ERR,ERR,ERR,ERR,ERR,ERR,ERR,ERR,ERR,ERR,ERR,ERR,ERR,ERR,ERR,ERR,ERR,ERR,ERR,ERR,ERR,ERR,ERR,ERR,ERR,ERR,ERR,ERR,ERR,0.0,-107615296.0,-134474944.0,0.0,0.0,1.3936040501711995e+18,7.805,0.0,0,0,4,0,8422,0.0,45,0.0,0.0,0.0,0.0,0.0,0,0,0,0,0.0,0,0,0,0,0,0,0,0,0,0,0,0,0,0,0,0,0,0,0,0,0,0,0,0,0,0,0,0,0,0,0,0,0,38,14,7,45,65476,0,300,0,0,8,21553,0.0,-107605600.0,0.0,0.0,0.0,0.0,0.0,0.0,0.0,0.0,0.0,0.0,0.0,0.0,0.0,0.0,0.0,0.0,0.0,0.0,0.0,0.0,0.0,0.0,-0.0,0.0,0.0,0.0,0.0,0.0,5018.0,-2.004,0.0,0.0,-107615296.0,-107615280.0,2.718429300292151e+23,0.0,0.0,0.0,0.0,53,-0.0,-0.0,0.0,0.0,0.0,0.0,0.0,0.0,0.0,0,0,0,0.0,0.0,0.0,0.0,0.0,0.0,0.0,0.0,0.0,0.0,0.0,0.0,0.0,0.0,0.0,0.0,0,-107875648.0,53,0.0,106,-107614832.0,0.0,ERR,ERR,ERR,ERR,ERR,ERR,ERR,ERR,ERR,ERR,ERR,ERR,ERR,ERR,ERR,ERR,ERR,ERR,ERR,ERR,ERR,ERR,ERR,ERR,ERR,ERR,ERR,ERR,ERR,ERR,ERR,ERR,ERR,ERR,ERR,ERR,ERR,ERR,ERR,ERR,ERR,ERR,ERR,ERR,ERR,ERR,ERR,ERR,ERR,ERR,ERR,ERR,ERR,ERR,ERR,ERR,ERR,ERR,ERR,ERR,ERR,ERR,ERR,ERR,ERR,ERR,ERR,50.0,60.0,100,0.0,0.0,0.0,0.0,0.0,0.0,0.0,0.0,0.0,0.0,0.0,0.0,0.0,0.0,0.0,0.0,61.6,74,14,65512,50,65476,0,300,0,0,8,20529,65476,0,0,26214,60.0,0.0,0.0,0.0,0.0,0.0
2026-05-17T18:22:18,ERR,ERR,ERR,ERR,ERR,ERR,ERR,ERR,ERR,ERR,ERR,ERR,ERR,ERR,ERR,ERR,ERR,ERR,ERR,ERR,ERR,ERR,ERR,ERR,ERR,ERR,ERR,ERR,ERR,ERR,ERR,ERR,ERR,ERR,ERR,ERR,ERR,ERR,ERR,ERR,ERR,ERR,ERR,ERR,ERR,ERR,ERR,ERR,ERR,ERR,ERR,ERR,ERR,ERR,ERR,ERR,ERR,ERR,ERR,ERR,ERR,ERR,ERR,ERR,ERR,ERR,ERR,ERR,ERR,ERR,ERR,ERR,ERR,ERR,ERR,ERR,ERR,ERR,ERR,ERR,ERR,ERR,ERR,ERR,ERR,ERR,ERR,ERR,ERR,ERR,ERR,ERR,ERR,ERR,ERR,ERR,ERR,ERR,ERR,ERR,ERR,ERR,ERR,ERR,ERR,ERR,ERR,ERR,ERR,ERR,ERR,ERR,ERR,ERR,ERR,ERR,ERR,ERR,ERR,ERR,ERR,ERR,ERR,ERR,ERR,0.0,-107615296.0,-134474944.0,0.0,0.0,1.3936040501711995e+18,7.805,0.0,0,0,4,0,8422,0.0,45,0.0,0.0,0.0,0.0,0.0,0,0,0,0,0.0,0,0,0,0,0,0,0,0,0,0,0,0,0,0,0,0,0,0,0,0,0,0,0,0,0,0,0,0,0,0,0,0,0,38,14,7,45,65476,0,300,0,0,8,21553,0.0,-107605600.0,0.0,0.0,0.0,0.0,0.0,0.0,0.0,0.0,0.0,0.0,0.0,0.0,0.0,0.0,0.0,0.0,0.0,0.0,0.0,0.0,0.0,0.0,-0.0,0.0,0.0,0.0,0.0,0.0,5018.0,-0.0,0.0,0.0,-107615296.0,-107615280.0,2.718429300292151e+23,0.0,0.0,0.0,0.0,53,-0.0,1.9056859227671757e+17,0.0,0.0,0.0,0.0,0.0,0.0,0.0,0,0,0,0.0,0.0,0.0,0.0,0.0,0.0,0.0,0.0,0.0,0.0,0.0,0.0,0.0,0.0,0.0,0.0,0,-107875648.0,53,0.0,106,-107614832.0,0.0,ERR,ERR,ERR,ERR,ERR,ERR,ERR,ERR,ERR,ERR,ERR,ERR,ERR,ERR,ERR,ERR,ERR,ERR,ERR,ERR,ERR,ERR,ERR,ERR,ERR,ERR,ERR,ERR,ERR,ERR,ERR,ERR,ERR,ERR,ERR,ERR,ERR,ERR,ERR,ERR,ERR,ERR,ERR,ERR,ERR,ERR,ERR,ERR,ERR,ERR,ERR,ERR,ERR,ERR,ERR,ERR,ERR,ERR,ERR,ERR,ERR,ERR,ERR,ERR,ERR,ERR,ERR,50.0,60.0,100,0.0,0.0,0.0,0.0,0.0,0.0,0.0,0.0,0.0,0.0,0.0,0.0,0.0,0.0,0.0,0.0,61.6,74,14,65512,50,65476,0,300,0,0,8,20529,65476,0,0,26214,60.0,0.0,0.0,0.0,0.0,0.0
2026-05-17T18:22:19,ERR,ERR,ERR,ERR,ERR,ERR,ERR,ERR,ERR,ERR,ERR,ERR,ERR,ERR,ERR,ERR,ERR,ERR,ERR,ERR,ERR,ERR,ERR,ERR,ERR,ERR,ERR,ERR,ERR,ERR,ERR,ERR,ERR,ERR,ERR,ERR,ERR,ERR,ERR,ERR,ERR,ERR,ERR,ERR,ERR,ERR,ERR,ERR,ERR,ERR,ERR,ERR,ERR,ERR,ERR,ERR,ERR,ERR,ERR,ERR,ERR,ERR,ERR,ERR,ERR,ERR,ERR,ERR,ERR,ERR,ERR,ERR,ERR,ERR,ERR,ERR,ERR,ERR,ERR,ERR,ERR,ERR,ERR,ERR,ERR,ERR,ERR,ERR,ERR,ERR,ERR,ERR,ERR,ERR,ERR,ERR,ERR,ERR,ERR,ERR,ERR,ERR,ERR,ERR,ERR,ERR,ERR,ERR,ERR,ERR,ERR,ERR,ERR,ERR,ERR,ERR,ERR,ERR,ERR,ERR,ERR,ERR,ERR,ERR,ERR,0.0,-107615296.0,-134474944.0,0.0,0.0,1.3936040501711995e+18,7.805,0.0,0,0,4,0,8422,0.0,45,0.0,0.0,0.0,0.0,0.0,0,0,0,0,0.0,0,0,0,0,0,0,0,0,0,0,0,0,0,0,0,0,0,0,0,0,0,0,0,0,0,0,0,0,0,0,0,0,0,38,14,7,45,65476,0,300,0,0,8,21553,0.0,-107605600.0,0.0,0.0,0.0,0.0,0.0,0.0,0.0,0.0,0.0,0.0,0.0,0.0,0.0,0.0,0.0,0.0,0.0,0.0,0.0,0.0,0.0,0.0,-0.0,0.0,0.0,0.0,0.0,0.0,5018.0,-0.0,0.0,0.0,-107615296.0,-107615280.0,2.718429300292151e+23,0.0,0.0,0.0,0.0,53,-0.0,1.9056859227671757e+17,0.0,0.0,0.0,0.0,0.0,0.0,0.0,0,0,0,0.0,0.0,0.0,0.0,0.0,0.0,0.0,0.0,0.0,0.0,0.0,0.0,0.0,0.0,0.0,0.0,0,-107875648.0,53,0.0,106,-107614832.0,0.0,ERR,ERR,ERR,ERR,ERR,ERR,ERR,ERR,ERR,ERR,ERR,ERR,ERR,ERR,ERR,ERR,ERR,ERR,ERR,ERR,ERR,ERR,ERR,ERR,ERR,ERR,ERR,ERR,ERR,ERR,ERR,ERR,ERR,ERR,ERR,ERR,ERR,ERR,ERR,ERR,ERR,ERR,ERR,ERR,ERR,ERR,ERR,ERR,ERR,ERR,ERR,ERR,ERR,ERR,ERR,ERR,ERR,ERR,ERR,ERR,ERR,ERR,ERR,ERR,ERR,ERR,ERR,50.0,60.0,100,0.0,0.0,0.0,0.0,0.0,0.0,0.0,0.0,0.0,0.0,0.0,0.0,0.0,0.0,0.0,0.0,61.6,74,14,65512,50,65476,0,300,0,0,8,20529,65476,0,0,26214,60.0,0.0,0.0,0.0,0.0,0.0
2026-05-17T18:22:20,ERR,ERR,ERR,ERR,ERR,ERR,ERR,ERR,ERR,ERR,ERR,ERR,ERR,ERR,ERR,ERR,ERR,ERR,ERR,ERR,ERR,ERR,ERR,ERR,ERR,ERR,ERR,ERR,ERR,ERR,ERR,ERR,ERR,ERR,ERR,ERR,ERR,ERR,ERR,ERR,ERR,ERR,ERR,ERR,ERR,ERR,ERR,ERR,ERR,ERR,ERR,ERR,ERR,ERR,ERR,ERR,ERR,ERR,ERR,ERR,ERR,ERR,ERR,ERR,ERR,ERR,ERR,ERR,ERR,ERR,ERR,ERR,ERR,ERR,ERR,ERR,ERR,ERR,ERR,ERR,ERR,ERR,ERR,ERR,ERR,ERR,ERR,ERR,ERR,ERR,ERR,ERR,ERR,ERR,ERR,ERR,ERR,ERR,ERR,ERR,ERR,ERR,ERR,ERR,ERR,ERR,ERR,ERR,ERR,ERR,ERR,ERR,ERR,ERR,ERR,ERR,ERR,ERR,ERR,ERR,ERR,ERR,ERR,ERR,ERR,0.0,-107615296.0,-134474944.0,0.0,0.0,1.3936040501711995e+18,7.805,0.0,0,0,4,0,8422,0.0,45,0.0,0.0,0.0,0.0,0.0,0,0,0,0,0.0,0,0,0,0,0,0,0,0,0,0,0,0,0,0,0,0,0,0,0,0,0,0,0,0,0,0,0,0,0,0,0,0,0,38,14,7,45,65476,0,300,0,0,8,21553,0.0,-107605600.0,0.0,0.0,0.0,0.0,0.0,0.0,0.0,0.0,0.0,0.0,0.0,0.0,0.0,0.0,0.0,0.0,0.0,0.0,0.0,0.0,0.0,0.0,-0.0,0.0,0.0,0.0,0.0,0.0,5018.0,-0.0,0.0,0.0,-107615296.0,-107615280.0,2.718429300292151e+23,0.0,0.0,0.0,0.0,53,-0.0,1.9056859227671757e+17,0.0,0.0,0.0,0.0,0.0,0.0,0.0,0,0,0,0.0,0.0,0.0,0.0,0.0,0.0,0.0,0.0,0.0,0.0,0.0,0.0,0.0,0.0,0.0,0.0,0,-107875648.0,53,0.0,106,-107614832.0,0.0,ERR,ERR,ERR,ERR,ERR,ERR,ERR,ERR,ERR,ERR,ERR,ERR,ERR,ERR,ERR,ERR,ERR,ERR,ERR,ERR,ERR,ERR,ERR,ERR,ERR,ERR,ERR,ERR,ERR,ERR,ERR,ERR,ERR,ERR,ERR,ERR,ERR,ERR,ERR,ERR,ERR,ERR,ERR,ERR,ERR,ERR,ERR,ERR,ERR,ERR,ERR,ERR,ERR,ERR,ERR,ERR,ERR,ERR,ERR,ERR,ERR,ERR,ERR,ERR,ERR,ERR,ERR,50.0,60.0,100,0.0,0.0,0.0,0.0,0.0,0.0,0.0,0.0,0.0,0.0,0.0,0.0,0.0,0.0,0.0,0.0,61.6,74,14,65512,50,65476,0,300,0,0,8,20529,65476,0,0,26214,60.0,0.0,0.0,0.0,0.0,0.0
2026-05-17T18:22:21,ERR,ERR,ERR,ERR,ERR,ERR,ERR,ERR,ERR,ERR,ERR,ERR,ERR,ERR,ERR,ERR,ERR,ERR,ERR,ERR,ERR,ERR,ERR,ERR,ERR,ERR,ERR,ERR,ERR,ERR,ERR,ERR,ERR,ERR,ERR,ERR,ERR,ERR,ERR,ERR,ERR,ERR,ERR,ERR,ERR,ERR,ERR,ERR,ERR,ERR,ERR,ERR,ERR,ERR,ERR,ERR,ERR,ERR,ERR,ERR,ERR,ERR,ERR,ERR,ERR,ERR,ERR,ERR,ERR,ERR,ERR,ERR,ERR,ERR,ERR,ERR,ERR,ERR,ERR,ERR,ERR,ERR,ERR,ERR,ERR,ERR,ERR,ERR,ERR,ERR,ERR,ERR,ERR,ERR,ERR,ERR,ERR,ERR,ERR,ERR,ERR,ERR,ERR,ERR,ERR,ERR,ERR,ERR,ERR,ERR,ERR,ERR,ERR,ERR,ERR,ERR,ERR,ERR,ERR,ERR,ERR,ERR,ERR,ERR,ERR,0.0,-107615296.0,-134474944.0,0.0,0.0,1.3936040501711995e+18,7.805,0.0,0,0,4,0,8422,0.0,45,0.0,0.0,0.0,0.0,0.0,0,0,0,0,0.0,0,0,0,0,0,0,0,0,0,0,0,0,0,0,0,0,0,0,0,0,0,0,0,0,0,0,0,0,0,0,0,0,0,38,14,7,45,65476,0,300,0,0,8,21553,0.0,-107605600.0,0.0,0.0,0.0,0.0,0.0,0.0,0.0,0.0,0.0,0.0,0.0,0.0,0.0,0.0,0.0,0.0,0.0,0.0,0.0,0.0,0.0,0.0,-0.0,0.0,0.0,0.0,0.0,0.0,5018.0,-0.0,0.0,0.0,-107615296.0,-107615280.0,2.718429300292151e+23,0.0,0.0,0.0,0.0,53,-0.0,1.9056859227671757e+17,0.0,0.0,0.0,0.0,0.0,0.0,0.0,0,0,0,0.0,0.0,0.0,0.0,0.0,0.0,0.0,0.0,0.0,0.0,0.0,0.0,0.0,0.0,0.0,0.0,0,-107875648.0,53,0.0,106,-107614832.0,0.0,ERR,ERR,ERR,ERR,ERR,ERR,ERR,ERR,ERR,ERR,ERR,ERR,ERR,ERR,ERR,ERR,ERR,ERR,ERR,ERR,ERR,ERR,ERR,ERR,ERR,ERR,ERR,ERR,ERR,ERR,ERR,ERR,ERR,ERR,ERR,ERR,ERR,ERR,ERR,ERR,ERR,ERR,ERR,ERR,ERR,ERR,ERR,ERR,ERR,ERR,ERR,ERR,ERR,ERR,ERR,ERR,ERR,ERR,ERR,ERR,ERR,ERR,ERR,ERR,ERR,ERR,ERR,50.0,60.0,100,0.0,0.0,0.0,0.0,0.0,0.0,0.0,0.0,0.0,0.0,0.0,0.0,0.0,0.0,0.0,0.0,61.6,74,14,65512,50,65476,0,300,0,0,8,20529,65476,0,0,26214,60.0,0.0,0.0,0.0,0.0,0.0
2026-05-17T18:22:22,ERR,ERR,ERR,ERR,ERR,ERR,ERR,ERR,ERR,ERR,ERR,ERR,ERR,ERR,ERR,ERR,ERR,ERR,ERR,ERR,ERR,ERR,ERR,ERR,ERR,ERR,ERR,ERR,ERR,ERR,ERR,ERR,ERR,ERR,ERR,ERR,ERR,ERR,ERR,ERR,ERR,ERR,ERR,ERR,ERR,ERR,ERR,ERR,ERR,ERR,ERR,ERR,ERR,ERR,ERR,ERR,ERR,ERR,ERR,ERR,ERR,ERR,ERR,ERR,ERR,ERR,ERR,ERR,ERR,ERR,ERR,ERR,ERR,ERR,ERR,ERR,ERR,ERR,ERR,ERR,ERR,ERR,ERR,ERR,ERR,ERR,ERR,ERR,ERR,ERR,ERR,ERR,ERR,ERR,ERR,ERR,ERR,ERR,ERR,ERR,ERR,ERR,ERR,ERR,ERR,ERR,ERR,ERR,ERR,ERR,ERR,ERR,ERR,ERR,ERR,ERR,ERR,ERR,ERR,ERR,ERR,ERR,ERR,ERR,ERR,0.0,-107615296.0,-134474944.0,0.0,0.0,1.3936040501711995e+18,7.805,0.0,0,0,4,0,8422,0.0,45,0.0,0.0,0.0,0.0,0.0,0,0,0,0,0.0,0,0,0,0,0,0,0,0,0,0,0,0,0,0,0,0,0,0,0,0,0,0,0,0,0,0,0,0,0,0,0,0,0,38,14,7,45,65476,0,300,0,0,8,21553,0.0,-107605600.0,0.0,0.0,0.0,0.0,0.0,0.0,0.0,0.0,0.0,0.0,0.0,0.0,0.0,0.0,0.0,0.0,0.0,0.0,0.0,0.0,0.0,0.0,-0.0,0.0,0.0,0.0,0.0,0.0,5018.0,-0.0,0.0,0.0,-107615296.0,-107615280.0,2.718429300292151e+23,0.0,0.0,0.0,0.0,53,-0.0,1.9056859227671757e+17,0.0,0.0,0.0,0.0,0.0,0.0,0.0,0,0,0,0.0,0.0,0.0,0.0,0.0,0.0,0.0,0.0,0.0,0.0,0.0,0.0,0.0,0.0,0.0,0.0,0,-107875648.0,53,0.0,106,-107614832.0,0.0,ERR,ERR,ERR,ERR,ERR,ERR,ERR,ERR,ERR,ERR,ERR,ERR,ERR,ERR,ERR,ERR,ERR,ERR,ERR,ERR,ERR,ERR,ERR,ERR,ERR,ERR,ERR,ERR,ERR,ERR,ERR,ERR,ERR,ERR,ERR,ERR,ERR,ERR,ERR,ERR,ERR,ERR,ERR,ERR,ERR,ERR,ERR,ERR,ERR,ERR,ERR,ERR,ERR,ERR,ERR,ERR,ERR,ERR,ERR,ERR,ERR,ERR,ERR,ERR,ERR,ERR,ERR,50.0,60.0,100,0.0,0.0,0.0,0.0,0.0,0.0,0.0,0.0,0.0,0.0,0.0,0.0,0.0,0.0,0.0,0.0,61.6,74,14,65512,50,65476,0,300,0,0,8,20529,65476,0,0,26214,60.0,0.0,0.0,0.0,0.0,0.0
2026-05-17T18:22:23,ERR,ERR,ERR,ERR,ERR,ERR,ERR,ERR,ERR,ERR,ERR,ERR,ERR,ERR,ERR,ERR,ERR,ERR,ERR,ERR,ERR,ERR,ERR,ERR,ERR,ERR,ERR,ERR,ERR,ERR,ERR,ERR,ERR,ERR,ERR,ERR,ERR,ERR,ERR,ERR,ERR,ERR,ERR,ERR,ERR,ERR,ERR,ERR,ERR,ERR,ERR,ERR,ERR,ERR,ERR,ERR,ERR,ERR,ERR,ERR,ERR,ERR,ERR,ERR,ERR,ERR,ERR,ERR,ERR,ERR,ERR,ERR,ERR,ERR,ERR,ERR,ERR,ERR,ERR,ERR,ERR,ERR,ERR,ERR,ERR,ERR,ERR,ERR,ERR,ERR,ERR,ERR,ERR,ERR,ERR,ERR,ERR,ERR,ERR,ERR,ERR,ERR,ERR,ERR,ERR,ERR,ERR,ERR,ERR,ERR,ERR,ERR,ERR,ERR,ERR,ERR,ERR,ERR,ERR,ERR,ERR,ERR,ERR,ERR,ERR,0.0,-107615296.0,-134474944.0,0.0,0.0,1.3936040501711995e+18,7.805,0.0,0,0,4,0,8422,0.0,45,0.0,0.0,0.0,0.0,0.0,0,0,0,0,0.0,0,0,0,0,0,0,0,0,0,0,0,0,0,0,0,0,0,0,0,0,0,0,0,0,0,0,0,0,0,0,0,0,0,38,14,7,45,65476,0,300,0,0,8,21553,0.0,-107605600.0,0.0,0.0,0.0,0.0,0.0,0.0,0.0,0.0,0.0,0.0,0.0,0.0,0.0,0.0,0.0,0.0,0.0,0.0,0.0,0.0,0.0,0.0,-0.0,0.0,0.0,0.0,0.0,0.0,5018.0,-0.0,0.0,0.0,-107615296.0,-107615280.0,2.718429300292151e+23,0.0,0.0,0.0,0.0,53,-0.0,1.9056859227671757e+17,0.0,0.0,0.0,0.0,0.0,0.0,0.0,0,0,0,0.0,0.0,0.0,0.0,0.0,0.0,0.0,0.0,0.0,0.0,0.0,0.0,0.0,0.0,0.0,0.0,0,-107875648.0,53,0.0,106,-107614832.0,0.0,ERR,ERR,ERR,ERR,ERR,ERR,ERR,ERR,ERR,ERR,ERR,ERR,ERR,ERR,ERR,ERR,ERR,ERR,ERR,ERR,ERR,ERR,ERR,ERR,ERR,ERR,ERR,ERR,ERR,ERR,ERR,ERR,ERR,ERR,ERR,ERR,ERR,ERR,ERR,ERR,ERR,ERR,ERR,ERR,ERR,ERR,ERR,ERR,ERR,ERR,ERR,ERR,ERR,ERR,ERR,ERR,ERR,ERR,ERR,ERR,ERR,ERR,ERR,ERR,ERR,ERR,ERR,50.0,60.0,100,0.0,0.0,0.0,0.0,0.0,0.0,0.0,0.0,0.0,0.0,0.0,0.0,0.0,0.0,0.0,0.0,61.6,74,14,65512,50,65476,0,300,0,0,8,20529,65476,0,0,26214,60.0,0.0,0.0,0.0,0.0,0.0
2026-05-17T18:22:24,ERR,ERR,ERR,ERR,ERR,ERR,ERR,ERR,ERR,ERR,ERR,ERR,ERR,ERR,ERR,ERR,ERR,ERR,ERR,ERR,ERR,ERR,ERR,ERR,ERR,ERR,ERR,ERR,ERR,ERR,ERR,ERR,ERR,ERR,ERR,ERR,ERR,ERR,ERR,ERR,ERR,ERR,ERR,ERR,ERR,ERR,ERR,ERR,ERR,ERR,ERR,ERR,ERR,ERR,ERR,ERR,ERR,ERR,ERR,ERR,ERR,ERR,ERR,ERR,ERR,ERR,ERR,ERR,ERR,ERR,ERR,ERR,ERR,ERR,ERR,ERR,ERR,ERR,ERR,ERR,ERR,ERR,ERR,ERR,ERR,ERR,ERR,ERR,ERR,ERR,ERR,ERR,ERR,ERR,ERR,ERR,ERR,ERR,ERR,ERR,ERR,ERR,ERR,ERR,ERR,ERR,ERR,ERR,ERR,ERR,ERR,ERR,ERR,ERR,ERR,ERR,ERR,ERR,ERR,ERR,ERR,ERR,ERR,ERR,ERR,0.0,-107615296.0,-134474944.0,0.0,0.0,1.3936040501711995e+18,7.805,0.0,0,0,4,0,8422,0.0,45,0.0,0.0,0.0,0.0,0.0,0,0,0,0,0.0,0,0,0,0,0,0,0,0,0,0,0,0,0,0,0,0,0,0,0,0,0,0,0,0,0,0,0,0,0,0,0,0,0,38,14,7,45,65476,0,300,0,0,8,21553,0.0,-107605600.0,0.0,0.0,0.0,0.0,0.0,0.0,0.0,0.0,0.0,0.0,0.0,0.0,0.0,0.0,0.0,0.0,0.0,0.0,0.0,0.0,0.0,0.0,-0.0,0.0,0.0,0.0,0.0,0.0,5016.0,1.5879293531142762e+29,0.0,0.0,-107615296.0,-107615280.0,2.718429300292151e+23,0.0,0.0,0.0,0.0,53,-0.0,0.059,0.0,0.0,0.0,0.0,0.0,0.0,0.0,0,0,0,0.0,0.0,0.0,0.0,0.0,0.0,0.0,0.0,0.0,0.0,0.0,0.0,0.0,0.0,0.0,0.0,0,-107875648.0,53,0.0,106,-107614832.0,0.0,ERR,ERR,ERR,ERR,ERR,ERR,ERR,ERR,ERR,ERR,ERR,ERR,ERR,ERR,ERR,ERR,ERR,ERR,ERR,ERR,ERR,ERR,ERR,ERR,ERR,ERR,ERR,ERR,ERR,ERR,ERR,ERR,ERR,ERR,ERR,ERR,ERR,ERR,ERR,ERR,ERR,ERR,ERR,ERR,ERR,ERR,ERR,ERR,ERR,ERR,ERR,ERR,ERR,ERR,ERR,ERR,ERR,ERR,ERR,ERR,ERR,ERR,ERR,ERR,ERR,ERR,ERR,50.0,60.0,100,0.0,0.0,0.0,0.0,0.0,0.0,0.0,0.0,0.0,0.0,0.0,0.0,0.0,0.0,0.0,0.0,61.6,74,14,65512,50,65476,0,300,0,0,8,20529,65476,0,0,26214,60.0,0.0,0.0,0.0,0.0,0.0
2026-05-17T18:22:25,ERR,ERR,ERR,ERR,ERR,ERR,ERR,ERR,ERR,ERR,ERR,ERR,ERR,ERR,ERR,ERR,ERR,ERR,ERR,ERR,ERR,ERR,ERR,ERR,ERR,ERR,ERR,ERR,ERR,ERR,ERR,ERR,ERR,ERR,ERR,ERR,ERR,ERR,ERR,ERR,ERR,ERR,ERR,ERR,ERR,ERR,ERR,ERR,ERR,ERR,ERR,ERR,ERR,ERR,ERR,ERR,ERR,ERR,ERR,ERR,ERR,ERR,ERR,ERR,ERR,ERR,ERR,ERR,ERR,ERR,ERR,ERR,ERR,ERR,ERR,ERR,ERR,ERR,ERR,ERR,ERR,ERR,ERR,ERR,ERR,ERR,ERR,ERR,ERR,ERR,ERR,ERR,ERR,ERR,ERR,ERR,ERR,ERR,ERR,ERR,ERR,ERR,ERR,ERR,ERR,ERR,ERR,ERR,ERR,ERR,ERR,ERR,ERR,ERR,ERR,ERR,ERR,ERR,ERR,ERR,ERR,ERR,ERR,ERR,ERR,0.0,-107615296.0,-134474944.0,0.0,0.0,1.3936040501711995e+18,7.805,0.0,0,0,4,0,8422,0.0,45,0.0,0.0,0.0,0.0,0.0,0,0,0,0,0.0,0,0,0,0,0,0,0,0,0,0,0,0,0,0,0,0,0,0,0,0,0,0,0,0,0,0,0,0,0,0,0,0,0,38,14,7,45,65476,0,300,0,0,8,21553,0.0,-107605600.0,0.0,0.0,0.0,0.0,0.0,0.0,0.0,0.0,0.0,0.0,0.0,0.0,0.0,0.0,0.0,0.0,0.0,0.0,0.0,0.0,0.0,0.0,-0.0,0.0,0.0,0.0,0.0,0.0,5016.0,1.5879293531142762e+29,0.0,0.0,-107615296.0,-107615280.0,2.718429300292151e+23,0.0,0.0,0.0,0.0,53,-0.0,0.059,0.0,0.0,0.0,0.0,0.0,0.0,0.0,0,0,0,0.0,0.0,0.0,0.0,0.0,0.0,0.0,0.0,0.0,0.0,0.0,0.0,0.0,0.0,0.0,0.0,0,-107875648.0,53,0.0,106,-107614832.0,0.0,ERR,ERR,ERR,ERR,ERR,ERR,ERR,ERR,ERR,ERR,ERR,ERR,ERR,ERR,ERR,ERR,ERR,ERR,ERR,ERR,ERR,ERR,ERR,ERR,ERR,ERR,ERR,ERR,ERR,ERR,ERR,ERR,ERR,ERR,ERR,ERR,ERR,ERR,ERR,ERR,ERR,ERR,ERR,ERR,ERR,ERR,ERR,ERR,ERR,ERR,ERR,ERR,ERR,ERR,ERR,ERR,ERR,ERR,ERR,ERR,ERR,ERR,ERR,ERR,ERR,ERR,ERR,50.0,60.0,100,0.0,0.0,0.0,0.0,0.0,0.0,0.0,0.0,0.0,0.0,0.0,0.0,0.0,0.0,0.0,0.0,61.6,74,14,65512,50,65476,0,300,0,0,8,20529,65476,0,0,26214,60.0,0.0,0.0,0.0,0.0,0.0
2026-05-17T18:22:26,ERR,ERR,ERR,ERR,ERR,ERR,ERR,ERR,ERR,ERR,ERR,ERR,ERR,ERR,ERR,ERR,ERR,ERR,ERR,ERR,ERR,ERR,ERR,ERR,ERR,ERR,ERR,ERR,ERR,ERR,ERR,ERR,ERR,ERR,ERR,ERR,ERR,ERR,ERR,ERR,ERR,ERR,ERR,ERR,ERR,ERR,ERR,ERR,ERR,ERR,ERR,ERR,ERR,ERR,ERR,ERR,ERR,ERR,ERR,ERR,ERR,ERR,ERR,ERR,ERR,ERR,ERR,ERR,ERR,ERR,ERR,ERR,ERR,ERR,ERR,ERR,ERR,ERR,ERR,ERR,ERR,ERR,ERR,ERR,ERR,ERR,ERR,ERR,ERR,ERR,ERR,ERR,ERR,ERR,ERR,ERR,ERR,ERR,ERR,ERR,ERR,ERR,ERR,ERR,ERR,ERR,ERR,ERR,ERR,ERR,ERR,ERR,ERR,ERR,ERR,ERR,ERR,ERR,ERR,ERR,ERR,ERR,ERR,ERR,ERR,0.0,-107615296.0,-134474944.0,0.0,0.0,1.3936040501711995e+18,7.805,0.0,0,0,4,0,8422,0.0,45,0.0,0.0,0.0,0.0,0.0,0,0,0,0,0.0,0,0,0,0,0,0,0,0,0,0,0,0,0,0,0,0,0,0,0,0,0,0,0,0,0,0,0,0,0,0,0,0,0,38,14,7,45,65476,0,300,0,0,8,21553,0.0,-107605600.0,0.0,0.0,0.0,0.0,0.0,0.0,0.0,0.0,0.0,0.0,0.0,0.0,0.0,0.0,0.0,0.0,0.0,0.0,0.0,0.0,0.0,0.0,-0.0,0.0,0.0,0.0,0.0,0.0,5016.0,1.5879293531142762e+29,0.0,0.0,-107615296.0,-107615280.0,2.718429300292151e+23,0.0,0.0,0.0,0.0,53,-0.0,0.059,0.0,0.0,0.0,0.0,0.0,0.0,0.0,0,0,0,0.0,0.0,0.0,0.0,0.0,0.0,0.0,0.0,0.0,0.0,0.0,0.0,0.0,0.0,0.0,0.0,0,-107875648.0,53,0.0,106,-107614832.0,0.0,ERR,ERR,ERR,ERR,ERR,ERR,ERR,ERR,ERR,ERR,ERR,ERR,ERR,ERR,ERR,ERR,ERR,ERR,ERR,ERR,ERR,ERR,ERR,ERR,ERR,ERR,ERR,ERR,ERR,ERR,ERR,ERR,ERR,ERR,ERR,ERR,ERR,ERR,ERR,ERR,ERR,ERR,ERR,ERR,ERR,ERR,ERR,ERR,ERR,ERR,ERR,ERR,ERR,ERR,ERR,ERR,ERR,ERR,ERR,ERR,ERR,ERR,ERR,ERR,ERR,ERR,ERR,50.0,60.0,100,0.0,0.0,0.0,0.0,0.0,0.0,0.0,0.0,0.0,0.0,0.0,0.0,0.0,0.0,0.0,0.0,62.0,74,14,65512,50,65476,0,300,0,0,8,20529,65476,0,0,26214,60.0,0.0,0.0,0.0,0.0,0.0
2026-05-17T18:22:27,ERR,ERR,ERR,ERR,ERR,ERR,ERR,ERR,ERR,ERR,ERR,ERR,ERR,ERR,ERR,ERR,ERR,ERR,ERR,ERR,ERR,ERR,ERR,ERR,ERR,ERR,ERR,ERR,ERR,ERR,ERR,ERR,ERR,ERR,ERR,ERR,ERR,ERR,ERR,ERR,ERR,ERR,ERR,ERR,ERR,ERR,ERR,ERR,ERR,ERR,ERR,ERR,ERR,ERR,ERR,ERR,ERR,ERR,ERR,ERR,ERR,ERR,ERR,ERR,ERR,ERR,ERR,ERR,ERR,ERR,ERR,ERR,ERR,ERR,ERR,ERR,ERR,ERR,ERR,ERR,ERR,ERR,ERR,ERR,ERR,ERR,ERR,ERR,ERR,ERR,ERR,ERR,ERR,ERR,ERR,ERR,ERR,ERR,ERR,ERR,ERR,ERR,ERR,ERR,ERR,ERR,ERR,ERR,ERR,ERR,ERR,ERR,ERR,ERR,ERR,ERR,ERR,ERR,ERR,ERR,ERR,ERR,ERR,ERR,ERR,0.0,-107615296.0,-134474944.0,0.0,0.0,1.3936040501711995e+18,7.805,0.0,0,0,4,0,8422,0.0,45,0.0,0.0,0.0,0.0,0.0,0,0,0,0,0.0,0,0,0,0,0,0,0,0,0,0,0,0,0,0,0,0,0,0,0,0,0,0,0,0,0,0,0,0,0,0,0,0,0,38,14,7,45,65476,0,300,0,0,8,21553,0.0,-107605600.0,0.0,0.0,0.0,0.0,0.0,0.0,0.0,0.0,0.0,0.0,0.0,0.0,0.0,0.0,0.0,0.0,0.0,0.0,0.0,0.0,0.0,0.0,-0.0,0.0,0.0,0.0,0.0,0.0,5016.0,1.5879293531142762e+29,0.0,0.0,-107615296.0,-107615280.0,2.718429300292151e+23,0.0,0.0,0.0,0.0,53,-0.0,0.059,0.0,0.0,0.0,0.0,0.0,0.0,0.0,0,0,0,0.0,0.0,0.0,0.0,0.0,0.0,0.0,0.0,0.0,0.0,0.0,0.0,0.0,0.0,0.0,0.0,0,-107875648.0,53,0.0,106,-107614832.0,0.0,ERR,ERR,ERR,ERR,ERR,ERR,ERR,ERR,ERR,ERR,ERR,ERR,ERR,ERR,ERR,ERR,ERR,ERR,ERR,ERR,ERR,ERR,ERR,ERR,ERR,ERR,ERR,ERR,ERR,ERR,ERR,ERR,ERR,ERR,ERR,ERR,ERR,ERR,ERR,ERR,ERR,ERR,ERR,ERR,ERR,ERR,ERR,ERR,ERR,ERR,ERR,ERR,ERR,ERR,ERR,ERR,ERR,ERR,ERR,ERR,ERR,ERR,ERR,ERR,ERR,ERR,ERR,50.0,60.0,100,0.0,0.0,0.0,0.0,0.0,0.0,0.0,0.0,0.0,0.0,0.0,0.0,0.0,0.0,0.0,0.0,62.0,74,14,65512,50,65476,0,300,0,0,8,20529,65476,0,0,26214,60.0,0.0,0.0,0.0,0.0,0.0
2026-05-17T18:22:28,ERR,ERR,ERR,ERR,ERR,ERR,ERR,ERR,ERR,ERR,ERR,ERR,ERR,ERR,ERR,ERR,ERR,ERR,ERR,ERR,ERR,ERR,ERR,ERR,ERR,ERR,ERR,ERR,ERR,ERR,ERR,ERR,ERR,ERR,ERR,ERR,ERR,ERR,ERR,ERR,ERR,ERR,ERR,ERR,ERR,ERR,ERR,ERR,ERR,ERR,ERR,ERR,ERR,ERR,ERR,ERR,ERR,ERR,ERR,ERR,ERR,ERR,ERR,ERR,ERR,ERR,ERR,ERR,ERR,ERR,ERR,ERR,ERR,ERR,ERR,ERR,ERR,ERR,ERR,ERR,ERR,ERR,ERR,ERR,ERR,ERR,ERR,ERR,ERR,ERR,ERR,ERR,ERR,ERR,ERR,ERR,ERR,ERR,ERR,ERR,ERR,ERR,ERR,ERR,ERR,ERR,ERR,ERR,ERR,ERR,ERR,ERR,ERR,ERR,ERR,ERR,ERR,ERR,ERR,ERR,ERR,ERR,ERR,ERR,ERR,0.0,-107615296.0,-134474944.0,0.0,0.0,1.3936040501711995e+18,7.805,0.0,0,0,4,0,8422,0.0,45,0.0,0.0,0.0,0.0,0.0,0,0,0,0,0.0,0,0,0,0,0,0,0,0,0,0,0,0,0,0,0,0,0,0,0,0,0,0,0,0,0,0,0,0,0,0,0,0,0,38,14,7,45,65476,0,300,0,0,8,21553,0.0,-107605600.0,0.0,0.0,0.0,0.0,0.0,0.0,0.0,0.0,0.0,0.0,0.0,0.0,0.0,0.0,0.0,0.0,0.0,0.0,0.0,0.0,0.0,0.0,-0.0,0.0,0.0,0.0,0.0,0.0,5016.0,1.5879293531142762e+29,0.0,0.0,-107615296.0,-107615280.0,2.718429300292151e+23,0.0,0.0,0.0,0.0,53,-0.0,0.059,0.0,0.0,0.0,0.0,0.0,0.0,0.0,0,0,0,0.0,0.0,0.0,0.0,0.0,0.0,0.0,0.0,0.0,0.0,0.0,0.0,0.0,0.0,0.0,0.0,0,-107875648.0,53,0.0,106,-107614832.0,0.0,ERR,ERR,ERR,ERR,ERR,ERR,ERR,ERR,ERR,ERR,ERR,ERR,ERR,ERR,ERR,ERR,ERR,ERR,ERR,ERR,ERR,ERR,ERR,ERR,ERR,ERR,ERR,ERR,ERR,ERR,ERR,ERR,ERR,ERR,ERR,ERR,ERR,ERR,ERR,ERR,ERR,ERR,ERR,ERR,ERR,ERR,ERR,ERR,ERR,ERR,ERR,ERR,ERR,ERR,ERR,ERR,ERR,ERR,ERR,ERR,ERR,ERR,ERR,ERR,ERR,ERR,ERR,50.0,60.0,100,0.0,0.0,0.0,0.0,0.0,0.0,0.0,0.0,0.0,0.0,0.0,0.0,0.0,0.0,0.0,0.0,61.6,74,14,65512,50,65476,0,300,0,0,8,20529,65476,0,0,26214,60.0,0.0,0.0,0.0,0.0,0.0
2026-05-17T18:22:29,ERR,ERR,ERR,ERR,ERR,ERR,ERR,ERR,ERR,ERR,ERR,ERR,ERR,ERR,ERR,ERR,ERR,ERR,ERR,ERR,ERR,ERR,ERR,ERR,ERR,ERR,ERR,ERR,ERR,ERR,ERR,ERR,ERR,ERR,ERR,ERR,ERR,ERR,ERR,ERR,ERR,ERR,ERR,ERR,ERR,ERR,ERR,ERR,ERR,ERR,ERR,ERR,ERR,ERR,ERR,ERR,ERR,ERR,ERR,ERR,ERR,ERR,ERR,ERR,ERR,ERR,ERR,ERR,ERR,ERR,ERR,ERR,ERR,ERR,ERR,ERR,ERR,ERR,ERR,ERR,ERR,ERR,ERR,ERR,ERR,ERR,ERR,ERR,ERR,ERR,ERR,ERR,ERR,ERR,ERR,ERR,ERR,ERR,ERR,ERR,ERR,ERR,ERR,ERR,ERR,ERR,ERR,ERR,ERR,ERR,ERR,ERR,ERR,ERR,ERR,ERR,ERR,ERR,ERR,ERR,ERR,ERR,ERR,ERR,ERR,0.0,-107615296.0,-134474944.0,0.0,0.0,1.3936040501711995e+18,7.805,0.0,0,0,4,0,8422,0.0,45,0.0,0.0,0.0,0.0,0.0,0,0,0,0,0.0,0,0,0,0,0,0,0,0,0,0,0,0,0,0,0,0,0,0,0,0,0,0,0,0,0,0,0,0,0,0,0,0,0,38,14,7,45,65476,0,300,0,0,8,21553,0.0,-107605600.0,0.0,0.0,0.0,0.0,0.0,0.0,0.0,0.0,0.0,0.0,0.0,0.0,0.0,0.0,0.0,0.0,0.0,0.0,0.0,0.0,0.0,0.0,-0.0,0.0,0.0,0.0,0.0,0.0,5015.0,3.697186133624698e+19,0.0,0.0,-107615296.0,-107615280.0,2.718429300292151e+23,0.0,0.0,0.0,0.0,53,-0.0,0.0,0.0,0.0,0.0,0.0,0.0,0.0,0.0,0,0,0,0.0,0.0,0.0,0.0,0.0,0.0,0.0,0.0,0.0,0.0,0.0,0.0,0.0,0.0,0.0,0.0,0,-107875648.0,53,0.0,106,-107614832.0,0.0,ERR,ERR,ERR,ERR,ERR,ERR,ERR,ERR,ERR,ERR,ERR,ERR,ERR,ERR,ERR,ERR,ERR,ERR,ERR,ERR,ERR,ERR,ERR,ERR,ERR,ERR,ERR,ERR,ERR,ERR,ERR,ERR,ERR,ERR,ERR,ERR,ERR,ERR,ERR,ERR,ERR,ERR,ERR,ERR,ERR,ERR,ERR,ERR,ERR,ERR,ERR,ERR,ERR,ERR,ERR,ERR,ERR,ERR,ERR,ERR,ERR,ERR,ERR,ERR,ERR,ERR,ERR,50.0,60.0,100,0.0,0.0,0.0,0.0,0.0,0.0,0.0,0.0,0.0,0.0,0.0,0.0,0.0,0.0,0.0,0.0,61.6,74,14,65512,50,65476,0,300,0,0,8,20529,65476,0,0,26214,60.0,0.0,0.0,0.0,0.0,0.0
2026-05-17T18:22:30,ERR,ERR,ERR,ERR,ERR,ERR,ERR,ERR,ERR,ERR,ERR,ERR,ERR,ERR,ERR,ERR,ERR,ERR,ERR,ERR,ERR,ERR,ERR,ERR,ERR,ERR,ERR,ERR,ERR,ERR,ERR,ERR,ERR,ERR,ERR,ERR,ERR,ERR,ERR,ERR,ERR,ERR,ERR,ERR,ERR,ERR,ERR,ERR,ERR,ERR,ERR,ERR,ERR,ERR,ERR,ERR,ERR,ERR,ERR,ERR,ERR,ERR,ERR,ERR,ERR,ERR,ERR,ERR,ERR,ERR,ERR,ERR,ERR,ERR,ERR,ERR,ERR,ERR,ERR,ERR,ERR,ERR,ERR,ERR,ERR,ERR,ERR,ERR,ERR,ERR,ERR,ERR,ERR,ERR,ERR,ERR,ERR,ERR,ERR,ERR,ERR,ERR,ERR,ERR,ERR,ERR,ERR,ERR,ERR,ERR,ERR,ERR,ERR,ERR,ERR,ERR,ERR,ERR,ERR,ERR,ERR,ERR,ERR,ERR,ERR,0.0,-107615296.0,-134474944.0,0.0,0.0,1.3936040501711995e+18,7.805,0.0,0,0,4,0,8422,0.0,45,0.0,0.0,0.0,0.0,0.0,0,0,0,0,0.0,0,0,0,0,0,0,0,0,0,0,0,0,0,0,0,0,0,0,0,0,0,0,0,0,0,0,0,0,0,0,0,0,0,38,14,7,45,65476,0,300,0,0,8,21553,0.0,-107605600.0,0.0,0.0,0.0,0.0,0.0,0.0,0.0,0.0,0.0,0.0,0.0,0.0,0.0,0.0,0.0,0.0,0.0,0.0,0.0,0.0,0.0,0.0,-0.0,0.0,0.0,0.0,0.0,0.0,5015.0,3.697186133624698e+19,0.0,0.0,-107615296.0,-107615280.0,2.718429300292151e+23,0.0,0.0,0.0,0.0,53,-0.0,0.0,0.0,0.0,0.0,0.0,0.0,0.0,0.0,0,0,0,0.0,0.0,0.0,0.0,0.0,0.0,0.0,0.0,0.0,0.0,0.0,0.0,0.0,0.0,0.0,0.0,0,-107875648.0,53,0.0,106,-107614832.0,0.0,ERR,ERR,ERR,ERR,ERR,ERR,ERR,ERR,ERR,ERR,ERR,ERR,ERR,ERR,ERR,ERR,ERR,ERR,ERR,ERR,ERR,ERR,ERR,ERR,ERR,ERR,ERR,ERR,ERR,ERR,ERR,ERR,ERR,ERR,ERR,ERR,ERR,ERR,ERR,ERR,ERR,ERR,ERR,ERR,ERR,ERR,ERR,ERR,ERR,ERR,ERR,ERR,ERR,ERR,ERR,ERR,ERR,ERR,ERR,ERR,ERR,ERR,ERR,ERR,ERR,ERR,ERR,50.0,60.0,100,0.0,0.0,0.0,0.0,0.0,0.0,0.0,0.0,0.0,0.0,0.0,0.0,0.0,0.0,0.0,0.0,62.0,74,14,65512,50,65476,0,300,0,0,8,20529,65476,0,0,26214,60.0,0.0,0.0,0.0,0.0,0.0
2026-05-17T18:22:31,ERR,ERR,ERR,ERR,ERR,ERR,ERR,ERR,ERR,ERR,ERR,ERR,ERR,ERR,ERR,ERR,ERR,ERR,ERR,ERR,ERR,ERR,ERR,ERR,ERR,ERR,ERR,ERR,ERR,ERR,ERR,ERR,ERR,ERR,ERR,ERR,ERR,ERR,ERR,ERR,ERR,ERR,ERR,ERR,ERR,ERR,ERR,ERR,ERR,ERR,ERR,ERR,ERR,ERR,ERR,ERR,ERR,ERR,ERR,ERR,ERR,ERR,ERR,ERR,ERR,ERR,ERR,ERR,ERR,ERR,ERR,ERR,ERR,ERR,ERR,ERR,ERR,ERR,ERR,ERR,ERR,ERR,ERR,ERR,ERR,ERR,ERR,ERR,ERR,ERR,ERR,ERR,ERR,ERR,ERR,ERR,ERR,ERR,ERR,ERR,ERR,ERR,ERR,ERR,ERR,ERR,ERR,ERR,ERR,ERR,ERR,ERR,ERR,ERR,ERR,ERR,ERR,ERR,ERR,ERR,ERR,ERR,ERR,ERR,ERR,0.0,-107615296.0,-134474944.0,0.0,0.0,1.3936040501711995e+18,7.805,0.0,0,0,4,0,8422,0.0,45,0.0,0.0,0.0,0.0,0.0,0,0,0,0,0.0,0,0,0,0,0,0,0,0,0,0,0,0,0,0,0,0,0,0,0,0,0,0,0,0,0,0,0,0,0,0,0,0,0,38,14,7,45,65476,0,300,0,0,8,21553,0.0,-107605600.0,0.0,0.0,0.0,0.0,0.0,0.0,0.0,0.0,0.0,0.0,0.0,0.0,0.0,0.0,0.0,0.0,0.0,0.0,0.0,0.0,0.0,0.0,-0.0,0.0,0.0,0.0,0.0,0.0,5015.0,3.697186133624698e+19,0.0,0.0,-107615296.0,-107615280.0,2.718429300292151e+23,0.0,0.0,0.0,0.0,53,-0.0,0.0,0.0,0.0,0.0,0.0,0.0,0.0,0.0,0,0,0,0.0,0.0,0.0,0.0,0.0,0.0,0.0,0.0,0.0,0.0,0.0,0.0,0.0,0.0,0.0,0.0,0,-107875648.0,53,0.0,106,-107614832.0,0.0,ERR,ERR,ERR,ERR,ERR,ERR,ERR,ERR,ERR,ERR,ERR,ERR,ERR,ERR,ERR,ERR,ERR,ERR,ERR,ERR,ERR,ERR,ERR,ERR,ERR,ERR,ERR,ERR,ERR,ERR,ERR,ERR,ERR,ERR,ERR,ERR,ERR,ERR,ERR,ERR,ERR,ERR,ERR,ERR,ERR,ERR,ERR,ERR,ERR,ERR,ERR,ERR,ERR,ERR,ERR,ERR,ERR,ERR,ERR,ERR,ERR,ERR,ERR,ERR,ERR,ERR,ERR,50.0,60.0,100,0.0,0.0,0.0,0.0,0.0,0.0,0.0,0.0,0.0,0.0,0.0,0.0,0.0,0.0,0.0,0.0,62.0,74,14,65512,50,65476,0,300,0,0,8,20529,65476,0,0,26214,60.0,0.0,0.0,0.0,0.0,0.0
2026-05-17T18:22:32,ERR,ERR,ERR,ERR,ERR,ERR,ERR,ERR,ERR,ERR,ERR,ERR,ERR,ERR,ERR,ERR,ERR,ERR,ERR,ERR,ERR,ERR,ERR,ERR,ERR,ERR,ERR,ERR,ERR,ERR,ERR,ERR,ERR,ERR,ERR,ERR,ERR,ERR,ERR,ERR,ERR,ERR,ERR,ERR,ERR,ERR,ERR,ERR,ERR,ERR,ERR,ERR,ERR,ERR,ERR,ERR,ERR,ERR,ERR,ERR,ERR,ERR,ERR,ERR,ERR,ERR,ERR,ERR,ERR,ERR,ERR,ERR,ERR,ERR,ERR,ERR,ERR,ERR,ERR,ERR,ERR,ERR,ERR,ERR,ERR,ERR,ERR,ERR,ERR,ERR,ERR,ERR,ERR,ERR,ERR,ERR,ERR,ERR,ERR,ERR,ERR,ERR,ERR,ERR,ERR,ERR,ERR,ERR,ERR,ERR,ERR,ERR,ERR,ERR,ERR,ERR,ERR,ERR,ERR,ERR,ERR,ERR,ERR,ERR,ERR,0.0,-107615296.0,-134474944.0,0.0,0.0,1.3936040501711995e+18,7.805,0.0,0,0,4,0,8422,0.0,45,0.0,0.0,0.0,0.0,0.0,0,0,0,0,0.0,0,0,0,0,0,0,0,0,0,0,0,0,0,0,0,0,0,0,0,0,0,0,0,0,0,0,0,0,0,0,0,0,0,38,14,7,45,65476,0,300,0,0,8,21553,0.0,-107605600.0,0.0,0.0,0.0,0.0,0.0,0.0,0.0,0.0,0.0,0.0,0.0,0.0,0.0,0.0,0.0,0.0,0.0,0.0,0.0,0.0,0.0,0.0,-0.0,0.0,0.0,0.0,0.0,0.0,5015.0,3.697186133624698e+19,0.0,0.0,-107615296.0,-107615280.0,2.718429300292151e+23,0.0,0.0,0.0,0.0,53,-0.0,0.0,0.0,0.0,0.0,0.0,0.0,0.0,0.0,0,0,0,0.0,0.0,0.0,0.0,0.0,0.0,0.0,0.0,0.0,0.0,0.0,0.0,0.0,0.0,0.0,0.0,0,-107875648.0,53,0.0,106,-107614832.0,0.0,ERR,ERR,ERR,ERR,ERR,ERR,ERR,ERR,ERR,ERR,ERR,ERR,ERR,ERR,ERR,ERR,ERR,ERR,ERR,ERR,ERR,ERR,ERR,ERR,ERR,ERR,ERR,ERR,ERR,ERR,ERR,ERR,ERR,ERR,ERR,ERR,ERR,ERR,ERR,ERR,ERR,ERR,ERR,ERR,ERR,ERR,ERR,ERR,ERR,ERR,ERR,ERR,ERR,ERR,ERR,ERR,ERR,ERR,ERR,ERR,ERR,ERR,ERR,ERR,ERR,ERR,ERR,50.0,60.0,100,0.0,0.0,0.0,0.0,0.0,0.0,0.0,0.0,0.0,0.0,0.0,0.0,0.0,0.0,0.0,0.0,62.0,74,14,65512,50,65476,0,300,0,0,8,20529,65476,0,0,26214,60.0,0.0,0.0,0.0,0.0,0.0
2026-05-17T18:22:33,ERR,ERR,ERR,ERR,ERR,ERR,ERR,ERR,ERR,ERR,ERR,ERR,ERR,ERR,ERR,ERR,ERR,ERR,ERR,ERR,ERR,ERR,ERR,ERR,ERR,ERR,ERR,ERR,ERR,ERR,ERR,ERR,ERR,ERR,ERR,ERR,ERR,ERR,ERR,ERR,ERR,ERR,ERR,ERR,ERR,ERR,ERR,ERR,ERR,ERR,ERR,ERR,ERR,ERR,ERR,ERR,ERR,ERR,ERR,ERR,ERR,ERR,ERR,ERR,ERR,ERR,ERR,ERR,ERR,ERR,ERR,ERR,ERR,ERR,ERR,ERR,ERR,ERR,ERR,ERR,ERR,ERR,ERR,ERR,ERR,ERR,ERR,ERR,ERR,ERR,ERR,ERR,ERR,ERR,ERR,ERR,ERR,ERR,ERR,ERR,ERR,ERR,ERR,ERR,ERR,ERR,ERR,ERR,ERR,ERR,ERR,ERR,ERR,ERR,ERR,ERR,ERR,ERR,ERR,ERR,ERR,ERR,ERR,ERR,ERR,0.0,-107615296.0,-134474944.0,0.0,0.0,1.3936040501711995e+18,7.805,0.0,0,0,4,0,8422,0.0,45,0.0,0.0,0.0,0.0,0.0,0,0,0,0,0.0,0,0,0,0,0,0,0,0,0,0,0,0,0,0,0,0,0,0,0,0,0,0,0,0,0,0,0,0,0,0,0,0,0,38,14,7,45,65476,0,300,0,0,8,21553,0.0,-107605600.0,0.0,0.0,0.0,0.0,0.0,0.0,0.0,0.0,0.0,0.0,0.0,0.0,0.0,0.0,0.0,0.0,0.0,0.0,0.0,0.0,0.0,0.0,-0.0,0.0,0.0,0.0,0.0,0.0,5015.0,3.697186133624698e+19,0.0,0.0,-107615296.0,-107615280.0,2.718429300292151e+23,0.0,0.0,0.0,0.0,53,-0.0,0.0,0.0,0.0,0.0,0.0,0.0,0.0,0.0,0,0,0,0.0,0.0,0.0,0.0,0.0,0.0,0.0,0.0,0.0,0.0,0.0,0.0,0.0,0.0,0.0,0.0,0,-107875648.0,53,0.0,106,-107614832.0,0.0,ERR,ERR,ERR,ERR,ERR,ERR,ERR,ERR,ERR,ERR,ERR,ERR,ERR,ERR,ERR,ERR,ERR,ERR,ERR,ERR,ERR,ERR,ERR,ERR,ERR,ERR,ERR,ERR,ERR,ERR,ERR,ERR,ERR,ERR,ERR,ERR,ERR,ERR,ERR,ERR,ERR,ERR,ERR,ERR,ERR,ERR,ERR,ERR,ERR,ERR,ERR,ERR,ERR,ERR,ERR,ERR,ERR,ERR,ERR,ERR,ERR,ERR,ERR,ERR,ERR,ERR,ERR,50.0,60.0,100,0.0,0.0,0.0,0.0,0.0,0.0,0.0,0.0,0.0,0.0,0.0,0.0,0.0,0.0,0.0,0.0,61.6,74,14,65512,50,65476,0,300,0,0,8,20529,65476,0,0,26214,60.0,0.0,0.0,0.0,0.0,0.0
2026-05-17T18:22:34,ERR,ERR,ERR,ERR,ERR,ERR,ERR,ERR,ERR,ERR,ERR,ERR,ERR,ERR,ERR,ERR,ERR,ERR,ERR,ERR,ERR,ERR,ERR,ERR,ERR,ERR,ERR,ERR,ERR,ERR,ERR,ERR,ERR,ERR,ERR,ERR,ERR,ERR,ERR,ERR,ERR,ERR,ERR,ERR,ERR,ERR,ERR,ERR,ERR,ERR,ERR,ERR,ERR,ERR,ERR,ERR,ERR,ERR,ERR,ERR,ERR,ERR,ERR,ERR,ERR,ERR,ERR,ERR,ERR,ERR,ERR,ERR,ERR,ERR,ERR,ERR,ERR,ERR,ERR,ERR,ERR,ERR,ERR,ERR,ERR,ERR,ERR,ERR,ERR,ERR,ERR,ERR,ERR,ERR,ERR,ERR,ERR,ERR,ERR,ERR,ERR,ERR,ERR,ERR,ERR,ERR,ERR,ERR,ERR,ERR,ERR,ERR,ERR,ERR,ERR,ERR,ERR,ERR,ERR,ERR,ERR,ERR,ERR,ERR,ERR,0.0,-107615296.0,-134474944.0,0.0,0.0,1.3936040501711995e+18,7.805,0.0,0,0,4,0,8422,0.0,45,0.0,0.0,0.0,0.0,0.0,0,0,0,0,0.0,0,0,0,0,0,0,0,0,0,0,0,0,0,0,0,0,0,0,0,0,0,0,0,0,0,0,0,0,0,0,0,0,0,38,14,7,45,65476,0,300,0,0,8,21553,0.0,-107605600.0,0.0,0.0,0.0,0.0,0.0,0.0,0.0,0.0,0.0,0.0,0.0,0.0,0.0,0.0,0.0,0.0,0.0,0.0,0.0,0.0,0.0,0.0,-0.0,0.0,0.0,0.0,0.0,0.0,5017.0,0.0,0.0,0.0,-107615296.0,-107615280.0,2.718429300292151e+23,0.0,0.0,0.0,0.0,53,-0.0,-0.0,0.0,0.0,0.0,0.0,0.0,0.0,0.0,0,0,0,0.0,0.0,0.0,0.0,0.0,0.0,0.0,0.0,0.0,0.0,0.0,0.0,0.0,0.0,0.0,0.0,0,-107875648.0,53,0.0,106,-107614832.0,0.0,ERR,ERR,ERR,ERR,ERR,ERR,ERR,ERR,ERR,ERR,ERR,ERR,ERR,ERR,ERR,ERR,ERR,ERR,ERR,ERR,ERR,ERR,ERR,ERR,ERR,ERR,ERR,ERR,ERR,ERR,ERR,ERR,ERR,ERR,ERR,ERR,ERR,ERR,ERR,ERR,ERR,ERR,ERR,ERR,ERR,ERR,ERR,ERR,ERR,ERR,ERR,ERR,ERR,ERR,ERR,ERR,ERR,ERR,ERR,ERR,ERR,ERR,ERR,ERR,ERR,ERR,ERR,50.0,60.0,100,0.0,0.0,0.0,0.0,0.0,0.0,0.0,0.0,0.0,0.0,0.0,0.0,0.0,0.0,0.0,0.0,61.6,74,14,65512,50,65476,0,300,0,0,8,20529,65476,0,0,26214,60.0,0.0,0.0,0.0,0.0,0.0
2026-05-17T18:22:35,ERR,ERR,ERR,ERR,ERR,ERR,ERR,ERR,ERR,ERR,ERR,ERR,ERR,ERR,ERR,ERR,ERR,ERR,ERR,ERR,ERR,ERR,ERR,ERR,ERR,ERR,ERR,ERR,ERR,ERR,ERR,ERR,ERR,ERR,ERR,ERR,ERR,ERR,ERR,ERR,ERR,ERR,ERR,ERR,ERR,ERR,ERR,ERR,ERR,ERR,ERR,ERR,ERR,ERR,ERR,ERR,ERR,ERR,ERR,ERR,ERR,ERR,ERR,ERR,ERR,ERR,ERR,ERR,ERR,ERR,ERR,ERR,ERR,ERR,ERR,ERR,ERR,ERR,ERR,ERR,ERR,ERR,ERR,ERR,ERR,ERR,ERR,ERR,ERR,ERR,ERR,ERR,ERR,ERR,ERR,ERR,ERR,ERR,ERR,ERR,ERR,ERR,ERR,ERR,ERR,ERR,ERR,ERR,ERR,ERR,ERR,ERR,ERR,ERR,ERR,ERR,ERR,ERR,ERR,ERR,ERR,ERR,ERR,ERR,ERR,0.0,-107615296.0,-134474944.0,0.0,0.0,1.3936040501711995e+18,7.805,0.0,0,0,4,0,8422,0.0,45,0.0,0.0,0.0,0.0,0.0,0,0,0,0,0.0,0,0,0,0,0,0,0,0,0,0,0,0,0,0,0,0,0,0,0,0,0,0,0,0,0,0,0,0,0,0,0,0,0,38,14,7,45,65476,0,300,0,0,8,21553,0.0,-107605600.0,0.0,0.0,0.0,0.0,0.0,0.0,0.0,0.0,0.0,0.0,0.0,0.0,0.0,0.0,0.0,0.0,0.0,0.0,0.0,0.0,0.0,0.0,-0.0,0.0,0.0,0.0,0.0,0.0,5017.0,0.0,0.0,0.0,-107615296.0,-107615280.0,2.718429300292151e+23,0.0,0.0,0.0,0.0,53,-0.0,-0.0,0.0,0.0,0.0,0.0,0.0,0.0,0.0,0,0,0,0.0,0.0,0.0,0.0,0.0,0.0,0.0,0.0,0.0,0.0,0.0,0.0,0.0,0.0,0.0,0.0,0,-107875648.0,53,0.0,106,-107614832.0,0.0,ERR,ERR,ERR,ERR,ERR,ERR,ERR,ERR,ERR,ERR,ERR,ERR,ERR,ERR,ERR,ERR,ERR,ERR,ERR,ERR,ERR,ERR,ERR,ERR,ERR,ERR,ERR,ERR,ERR,ERR,ERR,ERR,ERR,ERR,ERR,ERR,ERR,ERR,ERR,ERR,ERR,ERR,ERR,ERR,ERR,ERR,ERR,ERR,ERR,ERR,ERR,ERR,ERR,ERR,ERR,ERR,ERR,ERR,ERR,ERR,ERR,ERR,ERR,ERR,ERR,ERR,ERR,50.0,60.0,100,0.0,0.0,0.0,0.0,0.0,0.0,0.0,0.0,0.0,0.0,0.0,0.0,0.0,0.0,0.0,0.0,61.6,74,14,65512,50,65476,0,300,0,0,8,20529,65476,0,0,26214,60.0,0.0,0.0,0.0,0.0,0.0
2026-05-17T18:22:36,ERR,ERR,ERR,ERR,ERR,ERR,ERR,ERR,ERR,ERR,ERR,ERR,ERR,ERR,ERR,ERR,ERR,ERR,ERR,ERR,ERR,ERR,ERR,ERR,ERR,ERR,ERR,ERR,ERR,ERR,ERR,ERR,ERR,ERR,ERR,ERR,ERR,ERR,ERR,ERR,ERR,ERR,ERR,ERR,ERR,ERR,ERR,ERR,ERR,ERR,ERR,ERR,ERR,ERR,ERR,ERR,ERR,ERR,ERR,ERR,ERR,ERR,ERR,ERR,ERR,ERR,ERR,ERR,ERR,ERR,ERR,ERR,ERR,ERR,ERR,ERR,ERR,ERR,ERR,ERR,ERR,ERR,ERR,ERR,ERR,ERR,ERR,ERR,ERR,ERR,ERR,ERR,ERR,ERR,ERR,ERR,ERR,ERR,ERR,ERR,ERR,ERR,ERR,ERR,ERR,ERR,ERR,ERR,ERR,ERR,ERR,ERR,ERR,ERR,ERR,ERR,ERR,ERR,ERR,ERR,ERR,ERR,ERR,ERR,ERR,0.0,-107615296.0,-134474944.0,0.0,0.0,1.3936040501711995e+18,7.805,0.0,0,0,4,0,8422,0.0,45,0.0,0.0,0.0,0.0,0.0,0,0,0,0,0.0,0,0,0,0,0,0,0,0,0,0,0,0,0,0,0,0,0,0,0,0,0,0,0,0,0,0,0,0,0,0,0,0,0,38,14,7,45,65476,0,300,0,0,8,21553,0.0,-107605600.0,0.0,0.0,0.0,0.0,0.0,0.0,0.0,0.0,0.0,0.0,0.0,0.0,0.0,0.0,0.0,0.0,0.0,0.0,0.0,0.0,0.0,0.0,-0.0,0.0,0.0,0.0,0.0,0.0,5017.0,0.0,0.0,0.0,-107615296.0,-107615280.0,2.718429300292151e+23,0.0,0.0,0.0,0.0,53,-0.0,-0.0,0.0,0.0,0.0,0.0,0.0,0.0,0.0,0,0,0,0.0,0.0,0.0,0.0,0.0,0.0,0.0,0.0,0.0,0.0,0.0,0.0,0.0,0.0,0.0,0.0,0,-107875648.0,53,0.0,106,-107614832.0,0.0,ERR,ERR,ERR,ERR,ERR,ERR,ERR,ERR,ERR,ERR,ERR,ERR,ERR,ERR,ERR,ERR,ERR,ERR,ERR,ERR,ERR,ERR,ERR,ERR,ERR,ERR,ERR,ERR,ERR,ERR,ERR,ERR,ERR,ERR,ERR,ERR,ERR,ERR,ERR,ERR,ERR,ERR,ERR,ERR,ERR,ERR,ERR,ERR,ERR,ERR,ERR,ERR,ERR,ERR,ERR,ERR,ERR,ERR,ERR,ERR,ERR,ERR,ERR,ERR,ERR,ERR,ERR,50.0,60.0,100,0.0,0.0,0.0,0.0,0.0,0.0,0.0,0.0,0.0,0.0,0.0,0.0,0.0,0.0,0.0,0.0,61.6,74,14,65512,50,65476,0,300,0,0,8,20529,65476,0,0,26214,60.0,0.0,0.0,0.0,0.0,0.0
2026-05-17T18:22:37,ERR,ERR,ERR,ERR,ERR,ERR,ERR,ERR,ERR,ERR,ERR,ERR,ERR,ERR,ERR,ERR,ERR,ERR,ERR,ERR,ERR,ERR,ERR,ERR,ERR,ERR,ERR,ERR,ERR,ERR,ERR,ERR,ERR,ERR,ERR,ERR,ERR,ERR,ERR,ERR,ERR,ERR,ERR,ERR,ERR,ERR,ERR,ERR,ERR,ERR,ERR,ERR,ERR,ERR,ERR,ERR,ERR,ERR,ERR,ERR,ERR,ERR,ERR,ERR,ERR,ERR,ERR,ERR,ERR,ERR,ERR,ERR,ERR,ERR,ERR,ERR,ERR,ERR,ERR,ERR,ERR,ERR,ERR,ERR,ERR,ERR,ERR,ERR,ERR,ERR,ERR,ERR,ERR,ERR,ERR,ERR,ERR,ERR,ERR,ERR,ERR,ERR,ERR,ERR,ERR,ERR,ERR,ERR,ERR,ERR,ERR,ERR,ERR,ERR,ERR,ERR,ERR,ERR,ERR,ERR,ERR,ERR,ERR,ERR,ERR,0.0,-107615296.0,-134474944.0,0.0,0.0,1.3936040501711995e+18,7.805,0.0,0,0,4,0,8422,0.0,45,0.0,0.0,0.0,0.0,0.0,0,0,0,0,0.0,0,0,0,0,0,0,0,0,0,0,0,0,0,0,0,0,0,0,0,0,0,0,0,0,0,0,0,0,0,0,0,0,0,38,14,7,45,65476,0,300,0,0,8,21553,0.0,-107605600.0,0.0,0.0,0.0,0.0,0.0,0.0,0.0,0.0,0.0,0.0,0.0,0.0,0.0,0.0,0.0,0.0,0.0,0.0,0.0,0.0,0.0,0.0,-0.0,0.0,0.0,0.0,0.0,0.0,5017.0,0.0,0.0,0.0,-107615296.0,-107615280.0,2.718429300292151e+23,0.0,0.0,0.0,0.0,53,-0.0,-0.0,0.0,0.0,0.0,0.0,0.0,0.0,0.0,0,0,0,0.0,0.0,0.0,0.0,0.0,0.0,0.0,0.0,0.0,0.0,0.0,0.0,0.0,0.0,0.0,0.0,0,-107875648.0,53,0.0,106,-107614832.0,0.0,ERR,ERR,ERR,ERR,ERR,ERR,ERR,ERR,ERR,ERR,ERR,ERR,ERR,ERR,ERR,ERR,ERR,ERR,ERR,ERR,ERR,ERR,ERR,ERR,ERR,ERR,ERR,ERR,ERR,ERR,ERR,ERR,ERR,ERR,ERR,ERR,ERR,ERR,ERR,ERR,ERR,ERR,ERR,ERR,ERR,ERR,ERR,ERR,ERR,ERR,ERR,ERR,ERR,ERR,ERR,ERR,ERR,ERR,ERR,ERR,ERR,ERR,ERR,ERR,ERR,ERR,ERR,50.0,60.0,100,0.0,0.0,0.0,0.0,0.0,0.0,0.0,0.0,0.0,0.0,0.0,0.0,0.0,0.0,0.0,0.0,61.6,74,14,65512,50,65476,0,300,0,0,8,20529,65476,0,0,26214,60.0,0.0,0.0,0.0,0.0,0.0
2026-05-17T18:22:38,ERR,ERR,ERR,ERR,ERR,ERR,ERR,ERR,ERR,ERR,ERR,ERR,ERR,ERR,ERR,ERR,ERR,ERR,ERR,ERR,ERR,ERR,ERR,ERR,ERR,ERR,ERR,ERR,ERR,ERR,ERR,ERR,ERR,ERR,ERR,ERR,ERR,ERR,ERR,ERR,ERR,ERR,ERR,ERR,ERR,ERR,ERR,ERR,ERR,ERR,ERR,ERR,ERR,ERR,ERR,ERR,ERR,ERR,ERR,ERR,ERR,ERR,ERR,ERR,ERR,ERR,ERR,ERR,ERR,ERR,ERR,ERR,ERR,ERR,ERR,ERR,ERR,ERR,ERR,ERR,ERR,ERR,ERR,ERR,ERR,ERR,ERR,ERR,ERR,ERR,ERR,ERR,ERR,ERR,ERR,ERR,ERR,ERR,ERR,ERR,ERR,ERR,ERR,ERR,ERR,ERR,ERR,ERR,ERR,ERR,ERR,ERR,ERR,ERR,ERR,ERR,ERR,ERR,ERR,ERR,ERR,ERR,ERR,ERR,ERR,0.0,-107615296.0,-134474944.0,0.0,0.0,1.3936040501711995e+18,7.805,0.0,0,0,4,0,8422,0.0,45,0.0,0.0,0.0,0.0,0.0,0,0,0,0,0.0,0,0,0,0,0,0,0,0,0,0,0,0,0,0,0,0,0,0,0,0,0,0,0,0,0,0,0,0,0,0,0,0,0,38,14,7,45,65476,0,300,0,0,8,21553,0.0,-107605600.0,0.0,0.0,0.0,0.0,0.0,0.0,0.0,0.0,0.0,0.0,0.0,0.0,0.0,0.0,0.0,0.0,0.0,0.0,0.0,0.0,0.0,0.0,-0.0,0.0,0.0,0.0,0.0,0.0,5017.0,0.0,0.0,0.0,-107615296.0,-107615280.0,2.718429300292151e+23,0.0,0.0,0.0,0.0,53,-0.0,-0.0,0.0,0.0,0.0,0.0,0.0,0.0,0.0,0,0,0,0.0,0.0,0.0,0.0,0.0,0.0,0.0,0.0,0.0,0.0,0.0,0.0,0.0,0.0,0.0,0.0,0,-107875648.0,53,0.0,106,-107614832.0,0.0,ERR,ERR,ERR,ERR,ERR,ERR,ERR,ERR,ERR,ERR,ERR,ERR,ERR,ERR,ERR,ERR,ERR,ERR,ERR,ERR,ERR,ERR,ERR,ERR,ERR,ERR,ERR,ERR,ERR,ERR,ERR,ERR,ERR,ERR,ERR,ERR,ERR,ERR,ERR,ERR,ERR,ERR,ERR,ERR,ERR,ERR,ERR,ERR,ERR,ERR,ERR,ERR,ERR,ERR,ERR,ERR,ERR,ERR,ERR,ERR,ERR,ERR,ERR,ERR,ERR,ERR,ERR,50.0,60.0,100,0.0,0.0,0.0,0.0,0.0,0.0,0.0,0.0,0.0,0.0,0.0,0.0,0.0,0.0,0.0,0.0,61.6,74,14,65512,50,65476,0,300,0,0,8,20529,65476,0,0,26214,60.0,0.0,0.0,0.0,0.0,0.0
2026-05-17T18:22:39,ERR,ERR,ERR,ERR,ERR,ERR,ERR,ERR,ERR,ERR,ERR,ERR,ERR,ERR,ERR,ERR,ERR,ERR,ERR,ERR,ERR,ERR,ERR,ERR,ERR,ERR,ERR,ERR,ERR,ERR,ERR,ERR,ERR,ERR,ERR,ERR,ERR,ERR,ERR,ERR,ERR,ERR,ERR,ERR,ERR,ERR,ERR,ERR,ERR,ERR,ERR,ERR,ERR,ERR,ERR,ERR,ERR,ERR,ERR,ERR,ERR,ERR,ERR,ERR,ERR,ERR,ERR,ERR,ERR,ERR,ERR,ERR,ERR,ERR,ERR,ERR,ERR,ERR,ERR,ERR,ERR,ERR,ERR,ERR,ERR,ERR,ERR,ERR,ERR,ERR,ERR,ERR,ERR,ERR,ERR,ERR,ERR,ERR,ERR,ERR,ERR,ERR,ERR,ERR,ERR,ERR,ERR,ERR,ERR,ERR,ERR,ERR,ERR,ERR,ERR,ERR,ERR,ERR,ERR,ERR,ERR,ERR,ERR,ERR,ERR,0.0,-107615296.0,-134474944.0,0.0,0.0,1.3936040501711995e+18,7.805,0.0,0,0,4,0,8422,0.0,45,0.0,0.0,0.0,0.0,0.0,0,0,0,0,0.0,0,0,0,0,0,0,0,0,0,0,0,0,0,0,0,0,0,0,0,0,0,0,0,0,0,0,0,0,0,0,0,0,0,38,14,7,45,65476,0,300,0,0,8,21553,0.0,-107605600.0,0.0,0.0,0.0,0.0,0.0,0.0,0.0,0.0,0.0,0.0,0.0,0.0,0.0,0.0,0.0,0.0,0.0,0.0,0.0,0.0,0.0,0.0,-0.0,0.0,0.0,0.0,0.0,0.0,4984.0,-564145766268928.0,0.0,0.0,-107615296.0,-107615280.0,2.718429300292151e+23,0.0,0.0,0.0,0.0,53,-0.0,5.848055287018579e+35,0.0,0.0,0.0,0.0,0.0,0.0,0.0,0,0,0,0.0,0.0,0.0,0.0,0.0,0.0,0.0,0.0,0.0,0.0,0.0,0.0,0.0,0.0,0.0,0.0,0,-107875648.0,53,0.0,106,-107614832.0,0.0,ERR,ERR,ERR,ERR,ERR,ERR,ERR,ERR,ERR,ERR,ERR,ERR,ERR,ERR,ERR,ERR,ERR,ERR,ERR,ERR,ERR,ERR,ERR,ERR,ERR,ERR,ERR,ERR,ERR,ERR,ERR,ERR,ERR,ERR,ERR,ERR,ERR,ERR,ERR,ERR,ERR,ERR,ERR,ERR,ERR,ERR,ERR,ERR,ERR,ERR,ERR,ERR,ERR,ERR,ERR,ERR,ERR,ERR,ERR,ERR,ERR,ERR,ERR,ERR,ERR,ERR,ERR,50.0,60.0,100,0.0,0.0,0.0,0.0,0.0,0.0,0.0,0.0,0.0,0.0,0.0,0.0,0.0,0.0,0.0,0.0,61.6,74,14,65512,50,65476,0,300,0,0,8,20529,65476,0,0,26214,60.0,0.0,0.0,0.0,0.0,0.0
2026-05-17T18:22:40,ERR,ERR,ERR,ERR,ERR,ERR,ERR,ERR,ERR,ERR,ERR,ERR,ERR,ERR,ERR,ERR,ERR,ERR,ERR,ERR,ERR,ERR,ERR,ERR,ERR,ERR,ERR,ERR,ERR,ERR,ERR,ERR,ERR,ERR,ERR,ERR,ERR,ERR,ERR,ERR,ERR,ERR,ERR,ERR,ERR,ERR,ERR,ERR,ERR,ERR,ERR,ERR,ERR,ERR,ERR,ERR,ERR,ERR,ERR,ERR,ERR,ERR,ERR,ERR,ERR,ERR,ERR,ERR,ERR,ERR,ERR,ERR,ERR,ERR,ERR,ERR,ERR,ERR,ERR,ERR,ERR,ERR,ERR,ERR,ERR,ERR,ERR,ERR,ERR,ERR,ERR,ERR,ERR,ERR,ERR,ERR,ERR,ERR,ERR,ERR,ERR,ERR,ERR,ERR,ERR,ERR,ERR,ERR,ERR,ERR,ERR,ERR,ERR,ERR,ERR,ERR,ERR,ERR,ERR,ERR,ERR,ERR,ERR,ERR,ERR,0.0,-107615296.0,-134474944.0,0.0,0.0,1.3936040501711995e+18,7.805,0.0,0,0,4,0,8422,0.0,45,0.0,0.0,0.0,0.0,0.0,0,0,0,0,0.0,0,0,0,0,0,0,0,0,0,0,0,0,0,0,0,0,0,0,0,0,0,0,0,0,0,0,0,0,0,0,0,0,0,38,14,7,45,65476,0,300,0,0,8,21553,0.0,-107605600.0,0.0,0.0,0.0,0.0,0.0,0.0,0.0,0.0,0.0,0.0,0.0,0.0,0.0,0.0,0.0,0.0,0.0,0.0,0.0,0.0,0.0,0.0,-0.0,0.0,0.0,0.0,0.0,0.0,4984.0,-564145766268928.0,0.0,0.0,-107615296.0,-107615280.0,2.718429300292151e+23,0.0,0.0,0.0,0.0,53,-0.0,5.848055287018579e+35,0.0,0.0,0.0,0.0,0.0,0.0,0.0,0,0,0,0.0,0.0,0.0,0.0,0.0,0.0,0.0,0.0,0.0,0.0,0.0,0.0,0.0,0.0,0.0,0.0,0,-107875648.0,53,0.0,106,-107614832.0,0.0,ERR,ERR,ERR,ERR,ERR,ERR,ERR,ERR,ERR,ERR,ERR,ERR,ERR,ERR,ERR,ERR,ERR,ERR,ERR,ERR,ERR,ERR,ERR,ERR,ERR,ERR,ERR,ERR,ERR,ERR,ERR,ERR,ERR,ERR,ERR,ERR,ERR,ERR,ERR,ERR,ERR,ERR,ERR,ERR,ERR,ERR,ERR,ERR,ERR,ERR,ERR,ERR,ERR,ERR,ERR,ERR,ERR,ERR,ERR,ERR,ERR,ERR,ERR,ERR,ERR,ERR,ERR,50.0,60.0,100,0.0,0.0,0.0,0.0,0.0,0.0,0.0,0.0,0.0,0.0,0.0,0.0,0.0,0.0,0.0,0.0,61.6,74,14,65512,50,65476,0,300,0,0,8,20529,65476,0,0,26214,60.0,0.0,0.0,0.0,0.0,0.0
2026-05-17T18:22:41,ERR,ERR,ERR,ERR,ERR,ERR,ERR,ERR,ERR,ERR,ERR,ERR,ERR,ERR,ERR,ERR,ERR,ERR,ERR,ERR,ERR,ERR,ERR,ERR,ERR,ERR,ERR,ERR,ERR,ERR,ERR,ERR,ERR,ERR,ERR,ERR,ERR,ERR,ERR,ERR,ERR,ERR,ERR,ERR,ERR,ERR,ERR,ERR,ERR,ERR,ERR,ERR,ERR,ERR,ERR,ERR,ERR,ERR,ERR,ERR,ERR,ERR,ERR,ERR,ERR,ERR,ERR,ERR,ERR,ERR,ERR,ERR,ERR,ERR,ERR,ERR,ERR,ERR,ERR,ERR,ERR,ERR,ERR,ERR,ERR,ERR,ERR,ERR,ERR,ERR,ERR,ERR,ERR,ERR,ERR,ERR,ERR,ERR,ERR,ERR,ERR,ERR,ERR,ERR,ERR,ERR,ERR,ERR,ERR,ERR,ERR,ERR,ERR,ERR,ERR,ERR,ERR,ERR,ERR,ERR,ERR,ERR,ERR,ERR,ERR,0.0,-107615296.0,-134474944.0,0.0,0.0,1.3936040501711995e+18,7.805,0.0,0,0,4,0,8422,0.0,45,0.0,0.0,0.0,0.0,0.0,0,0,0,0,0.0,0,0,0,0,0,0,0,0,0,0,0,0,0,0,0,0,0,0,0,0,0,0,0,0,0,0,0,0,0,0,0,0,0,38,14,7,45,65476,0,300,0,0,8,21553,0.0,-107605600.0,0.0,0.0,0.0,0.0,0.0,0.0,0.0,0.0,0.0,0.0,0.0,0.0,0.0,0.0,0.0,0.0,0.0,0.0,0.0,0.0,0.0,0.0,-0.0,0.0,0.0,0.0,0.0,0.0,4984.0,-564145766268928.0,0.0,0.0,-107615296.0,-107615280.0,2.718429300292151e+23,0.0,0.0,0.0,0.0,53,-0.0,5.848055287018579e+35,0.0,0.0,0.0,0.0,0.0,0.0,0.0,0,0,0,0.0,0.0,0.0,0.0,0.0,0.0,0.0,0.0,0.0,0.0,0.0,0.0,0.0,0.0,0.0,0.0,0,-107875648.0,53,0.0,106,-107614832.0,0.0,ERR,ERR,ERR,ERR,ERR,ERR,ERR,ERR,ERR,ERR,ERR,ERR,ERR,ERR,ERR,ERR,ERR,ERR,ERR,ERR,ERR,ERR,ERR,ERR,ERR,ERR,ERR,ERR,ERR,ERR,ERR,ERR,ERR,ERR,ERR,ERR,ERR,ERR,ERR,ERR,ERR,ERR,ERR,ERR,ERR,ERR,ERR,ERR,ERR,ERR,ERR,ERR,ERR,ERR,ERR,ERR,ERR,ERR,ERR,ERR,ERR,ERR,ERR,ERR,ERR,ERR,ERR,50.0,60.0,100,0.0,0.0,0.0,0.0,0.0,0.0,0.0,0.0,0.0,0.0,0.0,0.0,0.0,0.0,0.0,0.0,61.6,74,14,65512,50,65476,0,300,0,0,8,20529,65476,0,0,26214,60.0,0.0,0.0,0.0,0.0,0.0
2026-05-17T18:22:42,ERR,ERR,ERR,ERR,ERR,ERR,ERR,ERR,ERR,ERR,ERR,ERR,ERR,ERR,ERR,ERR,ERR,ERR,ERR,ERR,ERR,ERR,ERR,ERR,ERR,ERR,ERR,ERR,ERR,ERR,ERR,ERR,ERR,ERR,ERR,ERR,ERR,ERR,ERR,ERR,ERR,ERR,ERR,ERR,ERR,ERR,ERR,ERR,ERR,ERR,ERR,ERR,ERR,ERR,ERR,ERR,ERR,ERR,ERR,ERR,ERR,ERR,ERR,ERR,ERR,ERR,ERR,ERR,ERR,ERR,ERR,ERR,ERR,ERR,ERR,ERR,ERR,ERR,ERR,ERR,ERR,ERR,ERR,ERR,ERR,ERR,ERR,ERR,ERR,ERR,ERR,ERR,ERR,ERR,ERR,ERR,ERR,ERR,ERR,ERR,ERR,ERR,ERR,ERR,ERR,ERR,ERR,ERR,ERR,ERR,ERR,ERR,ERR,ERR,ERR,ERR,ERR,ERR,ERR,ERR,ERR,ERR,ERR,ERR,ERR,0.0,-107615296.0,-134474944.0,0.0,0.0,1.3936040501711995e+18,7.805,0.0,0,0,4,0,8422,0.0,45,0.0,0.0,0.0,0.0,0.0,0,0,0,0,0.0,0,0,0,0,0,0,0,0,0,0,0,0,0,0,0,0,0,0,0,0,0,0,0,0,0,0,0,0,0,0,0,0,0,38,14,7,45,65476,0,300,0,0,8,21553,0.0,-107605600.0,0.0,0.0,0.0,0.0,0.0,0.0,0.0,0.0,0.0,0.0,0.0,0.0,0.0,0.0,0.0,0.0,0.0,0.0,0.0,0.0,0.0,0.0,-0.0,0.0,0.0,0.0,0.0,0.0,4984.0,-564145766268928.0,0.0,0.0,-107615296.0,-107615280.0,2.718429300292151e+23,0.0,0.0,0.0,0.0,53,-0.0,5.848055287018579e+35,0.0,0.0,0.0,0.0,0.0,0.0,0.0,0,0,0,0.0,0.0,0.0,0.0,0.0,0.0,0.0,0.0,0.0,0.0,0.0,0.0,0.0,0.0,0.0,0.0,0,-107875648.0,53,0.0,106,-107614832.0,0.0,ERR,ERR,ERR,ERR,ERR,ERR,ERR,ERR,ERR,ERR,ERR,ERR,ERR,ERR,ERR,ERR,ERR,ERR,ERR,ERR,ERR,ERR,ERR,ERR,ERR,ERR,ERR,ERR,ERR,ERR,ERR,ERR,ERR,ERR,ERR,ERR,ERR,ERR,ERR,ERR,ERR,ERR,ERR,ERR,ERR,ERR,ERR,ERR,ERR,ERR,ERR,ERR,ERR,ERR,ERR,ERR,ERR,ERR,ERR,ERR,ERR,ERR,ERR,ERR,ERR,ERR,ERR,50.0,60.0,100,0.0,0.0,0.0,0.0,0.0,0.0,0.0,0.0,0.0,0.0,0.0,0.0,0.0,0.0,0.0,0.0,61.6,74,14,65512,50,65476,0,300,0,0,8,20529,65476,0,0,26214,60.0,0.0,0.0,0.0,0.0,0.0
2026-05-17T18:22:43,ERR,ERR,ERR,ERR,ERR,ERR,ERR,ERR,ERR,ERR,ERR,ERR,ERR,ERR,ERR,ERR,ERR,ERR,ERR,ERR,ERR,ERR,ERR,ERR,ERR,ERR,ERR,ERR,ERR,ERR,ERR,ERR,ERR,ERR,ERR,ERR,ERR,ERR,ERR,ERR,ERR,ERR,ERR,ERR,ERR,ERR,ERR,ERR,ERR,ERR,ERR,ERR,ERR,ERR,ERR,ERR,ERR,ERR,ERR,ERR,ERR,ERR,ERR,ERR,ERR,ERR,ERR,ERR,ERR,ERR,ERR,ERR,ERR,ERR,ERR,ERR,ERR,ERR,ERR,ERR,ERR,ERR,ERR,ERR,ERR,ERR,ERR,ERR,ERR,ERR,ERR,ERR,ERR,ERR,ERR,ERR,ERR,ERR,ERR,ERR,ERR,ERR,ERR,ERR,ERR,ERR,ERR,ERR,ERR,ERR,ERR,ERR,ERR,ERR,ERR,ERR,ERR,ERR,ERR,ERR,ERR,ERR,ERR,ERR,ERR,0.0,-107615296.0,-134474944.0,0.0,0.0,1.3936040501711995e+18,7.805,0.0,0,0,4,0,8422,0.0,45,0.0,0.0,0.0,0.0,0.0,0,0,0,0,0.0,0,0,0,0,0,0,0,0,0,0,0,0,0,0,0,0,0,0,0,0,0,0,0,0,0,0,0,0,0,0,0,0,0,38,14,7,45,65476,0,300,0,0,8,21553,0.0,-107605600.0,0.0,0.0,0.0,0.0,0.0,0.0,0.0,0.0,0.0,0.0,0.0,0.0,0.0,0.0,0.0,0.0,0.0,0.0,0.0,0.0,0.0,0.0,-0.0,0.0,0.0,0.0,0.0,0.0,4984.0,-564145766268928.0,0.0,0.0,-107615296.0,-107615280.0,2.718429300292151e+23,0.0,0.0,0.0,0.0,53,-0.0,5.848055287018579e+35,0.0,0.0,0.0,0.0,0.0,0.0,0.0,0,0,0,0.0,0.0,0.0,0.0,0.0,0.0,0.0,0.0,0.0,0.0,0.0,0.0,0.0,0.0,0.0,0.0,0,-107875648.0,53,0.0,106,-107614832.0,0.0,ERR,ERR,ERR,ERR,ERR,ERR,ERR,ERR,ERR,ERR,ERR,ERR,ERR,ERR,ERR,ERR,ERR,ERR,ERR,ERR,ERR,ERR,ERR,ERR,ERR,ERR,ERR,ERR,ERR,ERR,ERR,ERR,ERR,ERR,ERR,ERR,ERR,ERR,ERR,ERR,ERR,ERR,ERR,ERR,ERR,ERR,ERR,ERR,ERR,ERR,ERR,ERR,ERR,ERR,ERR,ERR,ERR,ERR,ERR,ERR,ERR,ERR,ERR,ERR,ERR,ERR,ERR,50.0,60.0,100,0.0,0.0,0.0,0.0,0.0,0.0,0.0,0.0,0.0,0.0,0.0,0.0,0.0,0.0,0.0,0.0,61.6,74,14,65512,50,65476,0,300,0,0,8,20529,65476,0,0,26214,60.0,0.0,0.0,0.0,0.0,0.0
2026-05-17T18:22:44,ERR,ERR,ERR,ERR,ERR,ERR,ERR,ERR,ERR,ERR,ERR,ERR,ERR,ERR,ERR,ERR,ERR,ERR,ERR,ERR,ERR,ERR,ERR,ERR,ERR,ERR,ERR,ERR,ERR,ERR,ERR,ERR,ERR,ERR,ERR,ERR,ERR,ERR,ERR,ERR,ERR,ERR,ERR,ERR,ERR,ERR,ERR,ERR,ERR,ERR,ERR,ERR,ERR,ERR,ERR,ERR,ERR,ERR,ERR,ERR,ERR,ERR,ERR,ERR,ERR,ERR,ERR,ERR,ERR,ERR,ERR,ERR,ERR,ERR,ERR,ERR,ERR,ERR,ERR,ERR,ERR,ERR,ERR,ERR,ERR,ERR,ERR,ERR,ERR,ERR,ERR,ERR,ERR,ERR,ERR,ERR,ERR,ERR,ERR,ERR,ERR,ERR,ERR,ERR,ERR,ERR,ERR,ERR,ERR,ERR,ERR,ERR,ERR,ERR,ERR,ERR,ERR,ERR,ERR,ERR,ERR,ERR,ERR,ERR,ERR,0.0,-107615296.0,-134474944.0,0.0,0.0,1.3936040501711995e+18,7.805,0.0,0,0,4,0,8422,0.0,45,0.0,0.0,0.0,0.0,0.0,0,0,0,0,0.0,0,0,0,0,0,0,0,0,0,0,0,0,0,0,0,0,0,0,0,0,0,0,0,0,0,0,0,0,0,0,0,0,0,38,14,7,45,65476,0,300,0,0,8,21553,0.0,-107605600.0,0.0,0.0,0.0,0.0,0.0,0.0,0.0,0.0,0.0,0.0,0.0,0.0,0.0,0.0,0.0,0.0,0.0,0.0,0.0,0.0,0.0,0.0,-0.0,0.0,0.0,0.0,0.0,0.0,5014.0,0.0,0.0,0.0,0.0,-107615280.0,2.718429300292151e+23,0.0,0.0,0.0,0.0,53,-0.0,-0.0,0.0,0.0,0.0,0.0,0.0,0.0,0.0,0,0,0,0.0,0.0,0.0,0.0,0.0,0.0,0.0,0.0,0.0,0.0,0.0,0.0,0.0,0.0,0.0,0.0,0,-107875648.0,53,0.0,106,-107614832.0,0.0,ERR,ERR,ERR,ERR,ERR,ERR,ERR,ERR,ERR,ERR,ERR,ERR,ERR,ERR,ERR,ERR,ERR,ERR,ERR,ERR,ERR,ERR,ERR,ERR,ERR,ERR,ERR,ERR,ERR,ERR,ERR,ERR,ERR,ERR,ERR,ERR,ERR,ERR,ERR,ERR,ERR,ERR,ERR,ERR,ERR,ERR,ERR,ERR,ERR,ERR,ERR,ERR,ERR,ERR,ERR,ERR,ERR,ERR,ERR,ERR,ERR,ERR,ERR,ERR,ERR,ERR,ERR,50.0,60.0,100,0.0,0.0,0.0,0.0,0.0,0.0,0.0,0.0,0.0,0.0,0.0,0.0,0.0,0.0,0.0,0.0,62.0,74,14,65512,50,65476,0,300,0,0,8,20529,65476,0,0,26214,60.0,0.0,0.0,0.0,0.0,0.0
2026-05-17T18:22:45,ERR,ERR,ERR,ERR,ERR,ERR,ERR,ERR,ERR,ERR,ERR,ERR,ERR,ERR,ERR,ERR,ERR,ERR,ERR,ERR,ERR,ERR,ERR,ERR,ERR,ERR,ERR,ERR,ERR,ERR,ERR,ERR,ERR,ERR,ERR,ERR,ERR,ERR,ERR,ERR,ERR,ERR,ERR,ERR,ERR,ERR,ERR,ERR,ERR,ERR,ERR,ERR,ERR,ERR,ERR,ERR,ERR,ERR,ERR,ERR,ERR,ERR,ERR,ERR,ERR,ERR,ERR,ERR,ERR,ERR,ERR,ERR,ERR,ERR,ERR,ERR,ERR,ERR,ERR,ERR,ERR,ERR,ERR,ERR,ERR,ERR,ERR,ERR,ERR,ERR,ERR,ERR,ERR,ERR,ERR,ERR,ERR,ERR,ERR,ERR,ERR,ERR,ERR,ERR,ERR,ERR,ERR,ERR,ERR,ERR,ERR,ERR,ERR,ERR,ERR,ERR,ERR,ERR,ERR,ERR,ERR,ERR,ERR,ERR,ERR,0.0,-107615296.0,-134474944.0,0.0,0.0,1.3936040501711995e+18,7.805,0.0,0,0,4,0,8422,0.0,45,0.0,0.0,0.0,0.0,0.0,0,0,0,0,0.0,0,0,0,0,0,0,0,0,0,0,0,0,0,0,0,0,0,0,0,0,0,0,0,0,0,0,0,0,0,0,0,0,0,38,14,7,45,65476,0,300,0,0,8,21553,0.0,-107605600.0,0.0,0.0,0.0,0.0,0.0,0.0,0.0,0.0,0.0,0.0,0.0,0.0,0.0,0.0,0.0,0.0,0.0,0.0,0.0,0.0,0.0,0.0,-0.0,0.0,0.0,0.0,0.0,0.0,5014.0,0.0,0.0,0.0,0.0,-107615280.0,2.718429300292151e+23,0.0,0.0,0.0,0.0,53,-0.0,-0.0,0.0,0.0,0.0,0.0,0.0,0.0,0.0,0,0,0,0.0,0.0,0.0,0.0,0.0,0.0,0.0,0.0,0.0,0.0,0.0,0.0,0.0,0.0,0.0,0.0,0,-107875648.0,53,0.0,106,-107614832.0,0.0,ERR,ERR,ERR,ERR,ERR,ERR,ERR,ERR,ERR,ERR,ERR,ERR,ERR,ERR,ERR,ERR,ERR,ERR,ERR,ERR,ERR,ERR,ERR,ERR,ERR,ERR,ERR,ERR,ERR,ERR,ERR,ERR,ERR,ERR,ERR,ERR,ERR,ERR,ERR,ERR,ERR,ERR,ERR,ERR,ERR,ERR,ERR,ERR,ERR,ERR,ERR,ERR,ERR,ERR,ERR,ERR,ERR,ERR,ERR,ERR,ERR,ERR,ERR,ERR,ERR,ERR,ERR,50.0,60.0,100,0.0,0.0,0.0,0.0,0.0,0.0,0.0,0.0,0.0,0.0,0.0,0.0,0.0,0.0,0.0,0.0,62.0,74,14,65512,50,65476,0,300,0,0,8,20529,65476,0,0,26214,60.0,0.0,0.0,0.0,0.0,0.0
2026-05-17T18:22:46,ERR,ERR,ERR,ERR,ERR,ERR,ERR,ERR,ERR,ERR,ERR,ERR,ERR,ERR,ERR,ERR,ERR,ERR,ERR,ERR,ERR,ERR,ERR,ERR,ERR,ERR,ERR,ERR,ERR,ERR,ERR,ERR,ERR,ERR,ERR,ERR,ERR,ERR,ERR,ERR,ERR,ERR,ERR,ERR,ERR,ERR,ERR,ERR,ERR,ERR,ERR,ERR,ERR,ERR,ERR,ERR,ERR,ERR,ERR,ERR,ERR,ERR,ERR,ERR,ERR,ERR,ERR,ERR,ERR,ERR,ERR,ERR,ERR,ERR,ERR,ERR,ERR,ERR,ERR,ERR,ERR,ERR,ERR,ERR,ERR,ERR,ERR,ERR,ERR,ERR,ERR,ERR,ERR,ERR,ERR,ERR,ERR,ERR,ERR,ERR,ERR,ERR,ERR,ERR,ERR,ERR,ERR,ERR,ERR,ERR,ERR,ERR,ERR,ERR,ERR,ERR,ERR,ERR,ERR,ERR,ERR,ERR,ERR,ERR,ERR,0.0,-107615296.0,-134474944.0,0.0,0.0,1.3936040501711995e+18,7.805,0.0,0,0,4,0,8422,0.0,45,0.0,0.0,0.0,0.0,0.0,0,0,0,0,0.0,0,0,0,0,0,0,0,0,0,0,0,0,0,0,0,0,0,0,0,0,0,0,0,0,0,0,0,0,0,0,0,0,0,38,14,7,45,65476,0,300,0,0,8,21553,0.0,-107605600.0,0.0,0.0,0.0,0.0,0.0,0.0,0.0,0.0,0.0,0.0,0.0,0.0,0.0,0.0,0.0,0.0,0.0,0.0,0.0,0.0,0.0,0.0,-0.0,0.0,0.0,0.0,0.0,0.0,5014.0,0.0,0.0,0.0,0.0,-107615280.0,2.718429300292151e+23,0.0,0.0,0.0,0.0,53,-0.0,-0.0,0.0,0.0,0.0,0.0,0.0,0.0,0.0,0,0,0,0.0,0.0,0.0,0.0,0.0,0.0,0.0,0.0,0.0,0.0,0.0,0.0,0.0,0.0,0.0,0.0,0,-107875648.0,53,0.0,106,-107614832.0,0.0,ERR,ERR,ERR,ERR,ERR,ERR,ERR,ERR,ERR,ERR,ERR,ERR,ERR,ERR,ERR,ERR,ERR,ERR,ERR,ERR,ERR,ERR,ERR,ERR,ERR,ERR,ERR,ERR,ERR,ERR,ERR,ERR,ERR,ERR,ERR,ERR,ERR,ERR,ERR,ERR,ERR,ERR,ERR,ERR,ERR,ERR,ERR,ERR,ERR,ERR,ERR,ERR,ERR,ERR,ERR,ERR,ERR,ERR,ERR,ERR,ERR,ERR,ERR,ERR,ERR,ERR,ERR,50.0,60.0,100,0.0,0.0,0.0,0.0,0.0,0.0,0.0,0.0,0.0,0.0,0.0,0.0,0.0,0.0,0.0,0.0,61.6,74,14,65512,50,65476,0,300,0,0,8,20529,65476,0,0,26214,60.0,0.0,0.0,0.0,0.0,0.0
2026-05-17T18:22:47,ERR,ERR,ERR,ERR,ERR,ERR,ERR,ERR,ERR,ERR,ERR,ERR,ERR,ERR,ERR,ERR,ERR,ERR,ERR,ERR,ERR,ERR,ERR,ERR,ERR,ERR,ERR,ERR,ERR,ERR,ERR,ERR,ERR,ERR,ERR,ERR,ERR,ERR,ERR,ERR,ERR,ERR,ERR,ERR,ERR,ERR,ERR,ERR,ERR,ERR,ERR,ERR,ERR,ERR,ERR,ERR,ERR,ERR,ERR,ERR,ERR,ERR,ERR,ERR,ERR,ERR,ERR,ERR,ERR,ERR,ERR,ERR,ERR,ERR,ERR,ERR,ERR,ERR,ERR,ERR,ERR,ERR,ERR,ERR,ERR,ERR,ERR,ERR,ERR,ERR,ERR,ERR,ERR,ERR,ERR,ERR,ERR,ERR,ERR,ERR,ERR,ERR,ERR,ERR,ERR,ERR,ERR,ERR,ERR,ERR,ERR,ERR,ERR,ERR,ERR,ERR,ERR,ERR,ERR,ERR,ERR,ERR,ERR,ERR,ERR,0.0,-107615296.0,-134474944.0,0.0,0.0,1.3936040501711995e+18,7.805,0.0,0,0,4,0,8422,0.0,45,0.0,0.0,0.0,0.0,0.0,0,0,0,0,0.0,0,0,0,0,0,0,0,0,0,0,0,0,0,0,0,0,0,0,0,0,0,0,0,0,0,0,0,0,0,0,0,0,0,38,14,7,45,65476,0,300,0,0,8,21553,0.0,-107605600.0,0.0,0.0,0.0,0.0,0.0,0.0,0.0,0.0,0.0,0.0,0.0,0.0,0.0,0.0,0.0,0.0,0.0,0.0,0.0,0.0,0.0,0.0,-0.0,0.0,0.0,0.0,0.0,0.0,5014.0,0.0,0.0,0.0,0.0,-107615280.0,2.718429300292151e+23,0.0,0.0,0.0,0.0,53,-0.0,-0.0,0.0,0.0,0.0,0.0,0.0,0.0,0.0,0,0,0,0.0,0.0,0.0,0.0,0.0,0.0,0.0,0.0,0.0,0.0,0.0,0.0,0.0,0.0,0.0,0.0,0,-107875648.0,53,0.0,106,-107614832.0,0.0,ERR,ERR,ERR,ERR,ERR,ERR,ERR,ERR,ERR,ERR,ERR,ERR,ERR,ERR,ERR,ERR,ERR,ERR,ERR,ERR,ERR,ERR,ERR,ERR,ERR,ERR,ERR,ERR,ERR,ERR,ERR,ERR,ERR,ERR,ERR,ERR,ERR,ERR,ERR,ERR,ERR,ERR,ERR,ERR,ERR,ERR,ERR,ERR,ERR,ERR,ERR,ERR,ERR,ERR,ERR,ERR,ERR,ERR,ERR,ERR,ERR,ERR,ERR,ERR,ERR,ERR,ERR,50.0,60.0,100,0.0,0.0,0.0,0.0,0.0,0.0,0.0,0.0,0.0,0.0,0.0,0.0,0.0,0.0,0.0,0.0,62.0,74,14,65512,50,65476,0,300,0,0,8,20529,65476,0,0,26214,60.0,0.0,0.0,0.0,0.0,0.0
2026-05-17T18:22:48,ERR,ERR,ERR,ERR,ERR,ERR,ERR,ERR,ERR,ERR,ERR,ERR,ERR,ERR,ERR,ERR,ERR,ERR,ERR,ERR,ERR,ERR,ERR,ERR,ERR,ERR,ERR,ERR,ERR,ERR,ERR,ERR,ERR,ERR,ERR,ERR,ERR,ERR,ERR,ERR,ERR,ERR,ERR,ERR,ERR,ERR,ERR,ERR,ERR,ERR,ERR,ERR,ERR,ERR,ERR,ERR,ERR,ERR,ERR,ERR,ERR,ERR,ERR,ERR,ERR,ERR,ERR,ERR,ERR,ERR,ERR,ERR,ERR,ERR,ERR,ERR,ERR,ERR,ERR,ERR,ERR,ERR,ERR,ERR,ERR,ERR,ERR,ERR,ERR,ERR,ERR,ERR,ERR,ERR,ERR,ERR,ERR,ERR,ERR,ERR,ERR,ERR,ERR,ERR,ERR,ERR,ERR,ERR,ERR,ERR,ERR,ERR,ERR,ERR,ERR,ERR,ERR,ERR,ERR,ERR,ERR,ERR,ERR,ERR,ERR,0.0,-107615296.0,-134474944.0,0.0,0.0,1.3936040501711995e+18,7.805,0.0,0,0,4,0,8422,0.0,45,0.0,0.0,0.0,0.0,0.0,0,0,0,0,0.0,0,0,0,0,0,0,0,0,0,0,0,0,0,0,0,0,0,0,0,0,0,0,0,0,0,0,0,0,0,0,0,0,0,38,14,7,45,65476,0,300,0,0,8,21553,0.0,-107605600.0,0.0,0.0,0.0,0.0,0.0,0.0,0.0,0.0,0.0,0.0,0.0,0.0,0.0,0.0,0.0,0.0,0.0,0.0,0.0,0.0,0.0,0.0,-0.0,0.0,0.0,0.0,0.0,0.0,5014.0,0.0,0.0,0.0,0.0,-107615280.0,2.718429300292151e+23,0.0,0.0,0.0,0.0,53,-0.0,-0.0,0.0,0.0,0.0,0.0,0.0,0.0,0.0,0,0,0,0.0,0.0,0.0,0.0,0.0,0.0,0.0,0.0,0.0,0.0,0.0,0.0,0.0,0.0,0.0,0.0,0,-107875648.0,53,0.0,106,-107614832.0,0.0,ERR,ERR,ERR,ERR,ERR,ERR,ERR,ERR,ERR,ERR,ERR,ERR,ERR,ERR,ERR,ERR,ERR,ERR,ERR,ERR,ERR,ERR,ERR,ERR,ERR,ERR,ERR,ERR,ERR,ERR,ERR,ERR,ERR,ERR,ERR,ERR,ERR,ERR,ERR,ERR,ERR,ERR,ERR,ERR,ERR,ERR,ERR,ERR,ERR,ERR,ERR,ERR,ERR,ERR,ERR,ERR,ERR,ERR,ERR,ERR,ERR,ERR,ERR,ERR,ERR,ERR,ERR,50.0,60.0,100,0.0,0.0,0.0,0.0,0.0,0.0,0.0,0.0,0.0,0.0,0.0,0.0,0.0,0.0,0.0,0.0,62.0,74,14,65512,50,65476,0,300,0,0,8,20529,65476,0,0,26214,60.0,0.0,0.0,0.0,0.0,0.0
2026-05-17T18:22:49,ERR,ERR,ERR,ERR,ERR,ERR,ERR,ERR,ERR,ERR,ERR,ERR,ERR,ERR,ERR,ERR,ERR,ERR,ERR,ERR,ERR,ERR,ERR,ERR,ERR,ERR,ERR,ERR,ERR,ERR,ERR,ERR,ERR,ERR,ERR,ERR,ERR,ERR,ERR,ERR,ERR,ERR,ERR,ERR,ERR,ERR,ERR,ERR,ERR,ERR,ERR,ERR,ERR,ERR,ERR,ERR,ERR,ERR,ERR,ERR,ERR,ERR,ERR,ERR,ERR,ERR,ERR,ERR,ERR,ERR,ERR,ERR,ERR,ERR,ERR,ERR,ERR,ERR,ERR,ERR,ERR,ERR,ERR,ERR,ERR,ERR,ERR,ERR,ERR,ERR,ERR,ERR,ERR,ERR,ERR,ERR,ERR,ERR,ERR,ERR,ERR,ERR,ERR,ERR,ERR,ERR,ERR,ERR,ERR,ERR,ERR,ERR,ERR,ERR,ERR,ERR,ERR,ERR,ERR,ERR,ERR,ERR,ERR,ERR,ERR,0.0,-107615296.0,-134474944.0,0.0,0.0,1.3936040501711995e+18,7.805,0.0,0,0,4,0,8422,0.0,45,0.0,0.0,0.0,0.0,0.0,0,0,0,0,0.0,0,0,0,0,0,0,0,0,0,0,0,0,0,0,0,0,0,0,0,0,0,0,0,0,0,0,0,0,0,0,0,0,0,38,14,7,45,65476,0,300,0,0,8,21553,0.0,-107605600.0,0.0,0.0,0.0,0.0,0.0,0.0,0.0,0.0,0.0,0.0,0.0,0.0,0.0,0.0,0.0,0.0,0.0,0.0,0.0,0.0,0.0,0.0,-0.0,0.0,0.0,0.0,0.0,0.0,5017.0,0.0,0.0,0.0,-107615296.0,-107615280.0,2.718429300292151e+23,0.0,0.0,0.0,0.0,53,-0.0,-2.30882787541985e+20,0.0,0.0,0.0,0.0,0.0,0.0,0.0,0,0,0,0.0,0.0,0.0,0.0,0.0,0.0,0.0,0.0,0.0,0.0,0.0,0.0,0.0,0.0,0.0,0.0,0,-107875648.0,53,0.0,106,-107614832.0,0.0,ERR,ERR,ERR,ERR,ERR,ERR,ERR,ERR,ERR,ERR,ERR,ERR,ERR,ERR,ERR,ERR,ERR,ERR,ERR,ERR,ERR,ERR,ERR,ERR,ERR,ERR,ERR,ERR,ERR,ERR,ERR,ERR,ERR,ERR,ERR,ERR,ERR,ERR,ERR,ERR,ERR,ERR,ERR,ERR,ERR,ERR,ERR,ERR,ERR,ERR,ERR,ERR,ERR,ERR,ERR,ERR,ERR,ERR,ERR,ERR,ERR,ERR,ERR,ERR,ERR,ERR,ERR,50.0,60.0,100,0.0,0.0,0.0,0.0,0.0,0.0,0.0,0.0,0.0,0.0,0.0,0.0,0.0,0.0,0.0,0.0,61.6,74,14,65512,50,65476,0,300,0,0,8,20529,65476,0,0,26214,60.0,0.0,0.0,0.0,0.0,0.0
2026-05-17T18:22:50,ERR,ERR,ERR,ERR,ERR,ERR,ERR,ERR,ERR,ERR,ERR,ERR,ERR,ERR,ERR,ERR,ERR,ERR,ERR,ERR,ERR,ERR,ERR,ERR,ERR,ERR,ERR,ERR,ERR,ERR,ERR,ERR,ERR,ERR,ERR,ERR,ERR,ERR,ERR,ERR,ERR,ERR,ERR,ERR,ERR,ERR,ERR,ERR,ERR,ERR,ERR,ERR,ERR,ERR,ERR,ERR,ERR,ERR,ERR,ERR,ERR,ERR,ERR,ERR,ERR,ERR,ERR,ERR,ERR,ERR,ERR,ERR,ERR,ERR,ERR,ERR,ERR,ERR,ERR,ERR,ERR,ERR,ERR,ERR,ERR,ERR,ERR,ERR,ERR,ERR,ERR,ERR,ERR,ERR,ERR,ERR,ERR,ERR,ERR,ERR,ERR,ERR,ERR,ERR,ERR,ERR,ERR,ERR,ERR,ERR,ERR,ERR,ERR,ERR,ERR,ERR,ERR,ERR,ERR,ERR,ERR,ERR,ERR,ERR,ERR,0.0,-107615296.0,-134474944.0,0.0,0.0,1.3936040501711995e+18,7.805,0.0,0,0,4,0,8422,0.0,45,0.0,0.0,0.0,0.0,0.0,0,0,0,0,0.0,0,0,0,0,0,0,0,0,0,0,0,0,0,0,0,0,0,0,0,0,0,0,0,0,0,0,0,0,0,0,0,0,0,38,14,7,45,65476,0,300,0,0,8,21553,0.0,-107605600.0,0.0,0.0,0.0,0.0,0.0,0.0,0.0,0.0,0.0,0.0,0.0,0.0,0.0,0.0,0.0,0.0,0.0,0.0,0.0,0.0,0.0,0.0,-0.0,0.0,0.0,0.0,0.0,0.0,5017.0,0.0,0.0,0.0,-107615296.0,-107615280.0,2.718429300292151e+23,0.0,0.0,0.0,0.0,53,-0.0,-2.30882787541985e+20,0.0,0.0,0.0,0.0,0.0,0.0,0.0,0,0,0,0.0,0.0,0.0,0.0,0.0,0.0,0.0,0.0,0.0,0.0,0.0,0.0,0.0,0.0,0.0,0.0,0,-107875648.0,53,0.0,106,-107614832.0,0.0,ERR,ERR,ERR,ERR,ERR,ERR,ERR,ERR,ERR,ERR,ERR,ERR,ERR,ERR,ERR,ERR,ERR,ERR,ERR,ERR,ERR,ERR,ERR,ERR,ERR,ERR,ERR,ERR,ERR,ERR,ERR,ERR,ERR,ERR,ERR,ERR,ERR,ERR,ERR,ERR,ERR,ERR,ERR,ERR,ERR,ERR,ERR,ERR,ERR,ERR,ERR,ERR,ERR,ERR,ERR,ERR,ERR,ERR,ERR,ERR,ERR,ERR,ERR,ERR,ERR,ERR,ERR,50.0,60.0,100,0.0,0.0,0.0,0.0,0.0,0.0,0.0,0.0,0.0,0.0,0.0,0.0,0.0,0.0,0.0,0.0,61.6,74,14,65512,50,65476,0,300,0,0,8,20529,65476,0,0,26214,60.0,0.0,0.0,0.0,0.0,0.0
2026-05-17T18:22:51,ERR,ERR,ERR,ERR,ERR,ERR,ERR,ERR,ERR,ERR,ERR,ERR,ERR,ERR,ERR,ERR,ERR,ERR,ERR,ERR,ERR,ERR,ERR,ERR,ERR,ERR,ERR,ERR,ERR,ERR,ERR,ERR,ERR,ERR,ERR,ERR,ERR,ERR,ERR,ERR,ERR,ERR,ERR,ERR,ERR,ERR,ERR,ERR,ERR,ERR,ERR,ERR,ERR,ERR,ERR,ERR,ERR,ERR,ERR,ERR,ERR,ERR,ERR,ERR,ERR,ERR,ERR,ERR,ERR,ERR,ERR,ERR,ERR,ERR,ERR,ERR,ERR,ERR,ERR,ERR,ERR,ERR,ERR,ERR,ERR,ERR,ERR,ERR,ERR,ERR,ERR,ERR,ERR,ERR,ERR,ERR,ERR,ERR,ERR,ERR,ERR,ERR,ERR,ERR,ERR,ERR,ERR,ERR,ERR,ERR,ERR,ERR,ERR,ERR,ERR,ERR,ERR,ERR,ERR,ERR,ERR,ERR,ERR,ERR,ERR,0.0,-107615296.0,-134474944.0,0.0,0.0,1.3936040501711995e+18,7.805,0.0,0,0,4,0,8422,0.0,45,0.0,0.0,0.0,0.0,0.0,0,0,0,0,0.0,0,0,0,0,0,0,0,0,0,0,0,0,0,0,0,0,0,0,0,0,0,0,0,0,0,0,0,0,0,0,0,0,0,38,14,7,45,65476,0,300,0,0,8,21553,0.0,-107605600.0,0.0,0.0,0.0,0.0,0.0,0.0,0.0,0.0,0.0,0.0,0.0,0.0,0.0,0.0,0.0,0.0,0.0,0.0,0.0,0.0,0.0,0.0,-0.0,0.0,0.0,0.0,0.0,0.0,5017.0,0.0,0.0,0.0,-107615296.0,-107615280.0,2.718429300292151e+23,0.0,0.0,0.0,0.0,53,-0.0,-2.30882787541985e+20,0.0,0.0,0.0,0.0,0.0,0.0,0.0,0,0,0,0.0,0.0,0.0,0.0,0.0,0.0,0.0,0.0,0.0,0.0,0.0,0.0,0.0,0.0,0.0,0.0,0,-107875648.0,53,0.0,106,-107614832.0,0.0,ERR,ERR,ERR,ERR,ERR,ERR,ERR,ERR,ERR,ERR,ERR,ERR,ERR,ERR,ERR,ERR,ERR,ERR,ERR,ERR,ERR,ERR,ERR,ERR,ERR,ERR,ERR,ERR,ERR,ERR,ERR,ERR,ERR,ERR,ERR,ERR,ERR,ERR,ERR,ERR,ERR,ERR,ERR,ERR,ERR,ERR,ERR,ERR,ERR,ERR,ERR,ERR,ERR,ERR,ERR,ERR,ERR,ERR,ERR,ERR,ERR,ERR,ERR,ERR,ERR,ERR,ERR,50.0,60.0,100,0.0,0.0,0.0,0.0,0.0,0.0,0.0,0.0,0.0,0.0,0.0,0.0,0.0,0.0,0.0,0.0,61.6,74,14,65512,50,65476,0,300,0,0,8,20529,65476,0,0,26214,60.0,0.0,0.0,0.0,0.0,0.0
2026-05-17T18:22:52,ERR,ERR,ERR,ERR,ERR,ERR,ERR,ERR,ERR,ERR,ERR,ERR,ERR,ERR,ERR,ERR,ERR,ERR,ERR,ERR,ERR,ERR,ERR,ERR,ERR,ERR,ERR,ERR,ERR,ERR,ERR,ERR,ERR,ERR,ERR,ERR,ERR,ERR,ERR,ERR,ERR,ERR,ERR,ERR,ERR,ERR,ERR,ERR,ERR,ERR,ERR,ERR,ERR,ERR,ERR,ERR,ERR,ERR,ERR,ERR,ERR,ERR,ERR,ERR,ERR,ERR,ERR,ERR,ERR,ERR,ERR,ERR,ERR,ERR,ERR,ERR,ERR,ERR,ERR,ERR,ERR,ERR,ERR,ERR,ERR,ERR,ERR,ERR,ERR,ERR,ERR,ERR,ERR,ERR,ERR,ERR,ERR,ERR,ERR,ERR,ERR,ERR,ERR,ERR,ERR,ERR,ERR,ERR,ERR,ERR,ERR,ERR,ERR,ERR,ERR,ERR,ERR,ERR,ERR,ERR,ERR,ERR,ERR,ERR,ERR,0.0,-107615296.0,-134474944.0,0.0,0.0,1.3936040501711995e+18,7.805,0.0,0,0,4,0,8422,0.0,45,0.0,0.0,0.0,0.0,0.0,0,0,0,0,0.0,0,0,0,0,0,0,0,0,0,0,0,0,0,0,0,0,0,0,0,0,0,0,0,0,0,0,0,0,0,0,0,0,0,38,14,7,45,65476,0,300,0,0,8,21553,0.0,-107605600.0,0.0,0.0,0.0,0.0,0.0,0.0,0.0,0.0,0.0,0.0,0.0,0.0,0.0,0.0,0.0,0.0,0.0,0.0,0.0,0.0,0.0,0.0,-0.0,0.0,0.0,0.0,0.0,0.0,5017.0,0.0,0.0,0.0,-107615296.0,-107615280.0,2.718429300292151e+23,0.0,0.0,0.0,0.0,53,-0.0,-2.30882787541985e+20,0.0,0.0,0.0,0.0,0.0,0.0,0.0,0,0,0,0.0,0.0,0.0,0.0,0.0,0.0,0.0,0.0,0.0,0.0,0.0,0.0,0.0,0.0,0.0,0.0,0,-107875648.0,53,0.0,106,-107614832.0,0.0,ERR,ERR,ERR,ERR,ERR,ERR,ERR,ERR,ERR,ERR,ERR,ERR,ERR,ERR,ERR,ERR,ERR,ERR,ERR,ERR,ERR,ERR,ERR,ERR,ERR,ERR,ERR,ERR,ERR,ERR,ERR,ERR,ERR,ERR,ERR,ERR,ERR,ERR,ERR,ERR,ERR,ERR,ERR,ERR,ERR,ERR,ERR,ERR,ERR,ERR,ERR,ERR,ERR,ERR,ERR,ERR,ERR,ERR,ERR,ERR,ERR,ERR,ERR,ERR,ERR,ERR,ERR,50.0,60.0,100,0.0,0.0,0.0,0.0,0.0,0.0,0.0,0.0,0.0,0.0,0.0,0.0,0.0,0.0,0.0,0.0,61.6,74,14,65512,50,65476,0,300,0,0,8,20529,65476,0,0,26214,60.0,0.0,0.0,0.0,0.0,0.0
2026-05-17T18:22:53,ERR,ERR,ERR,ERR,ERR,ERR,ERR,ERR,ERR,ERR,ERR,ERR,ERR,ERR,ERR,ERR,ERR,ERR,ERR,ERR,ERR,ERR,ERR,ERR,ERR,ERR,ERR,ERR,ERR,ERR,ERR,ERR,ERR,ERR,ERR,ERR,ERR,ERR,ERR,ERR,ERR,ERR,ERR,ERR,ERR,ERR,ERR,ERR,ERR,ERR,ERR,ERR,ERR,ERR,ERR,ERR,ERR,ERR,ERR,ERR,ERR,ERR,ERR,ERR,ERR,ERR,ERR,ERR,ERR,ERR,ERR,ERR,ERR,ERR,ERR,ERR,ERR,ERR,ERR,ERR,ERR,ERR,ERR,ERR,ERR,ERR,ERR,ERR,ERR,ERR,ERR,ERR,ERR,ERR,ERR,ERR,ERR,ERR,ERR,ERR,ERR,ERR,ERR,ERR,ERR,ERR,ERR,ERR,ERR,ERR,ERR,ERR,ERR,ERR,ERR,ERR,ERR,ERR,ERR,ERR,ERR,ERR,ERR,ERR,ERR,0.0,-107615296.0,-134474944.0,0.0,0.0,1.3936040501711995e+18,7.805,0.0,0,0,4,0,8422,0.0,45,0.0,0.0,0.0,0.0,0.0,0,0,0,0,0.0,0,0,0,0,0,0,0,0,0,0,0,0,0,0,0,0,0,0,0,0,0,0,0,0,0,0,0,0,0,0,0,0,0,38,14,7,45,65476,0,300,0,0,8,21553,0.0,-107605600.0,0.0,0.0,0.0,0.0,0.0,0.0,0.0,0.0,0.0,0.0,0.0,0.0,0.0,0.0,0.0,0.0,0.0,0.0,0.0,0.0,0.0,0.0,-0.0,0.0,0.0,0.0,0.0,0.0,5017.0,0.0,0.0,0.0,-107615296.0,-107615280.0,2.718429300292151e+23,0.0,0.0,0.0,0.0,53,-0.0,-2.30882787541985e+20,0.0,0.0,0.0,0.0,0.0,0.0,0.0,0,0,0,0.0,0.0,0.0,0.0,0.0,0.0,0.0,0.0,0.0,0.0,0.0,0.0,0.0,0.0,0.0,0.0,0,-107875648.0,53,0.0,106,-107614832.0,0.0,ERR,ERR,ERR,ERR,ERR,ERR,ERR,ERR,ERR,ERR,ERR,ERR,ERR,ERR,ERR,ERR,ERR,ERR,ERR,ERR,ERR,ERR,ERR,ERR,ERR,ERR,ERR,ERR,ERR,ERR,ERR,ERR,ERR,ERR,ERR,ERR,ERR,ERR,ERR,ERR,ERR,ERR,ERR,ERR,ERR,ERR,ERR,ERR,ERR,ERR,ERR,ERR,ERR,ERR,ERR,ERR,ERR,ERR,ERR,ERR,ERR,ERR,ERR,ERR,ERR,ERR,ERR,50.0,60.0,100,0.0,0.0,0.0,0.0,0.0,0.0,0.0,0.0,0.0,0.0,0.0,0.0,0.0,0.0,0.0,0.0,62.0,74,14,65512,50,65476,0,300,0,0,8,20529,65476,0,0,26214,60.0,0.0,0.0,0.0,0.0,0.0
2026-05-17T18:22:54,ERR,ERR,ERR,ERR,ERR,ERR,ERR,ERR,ERR,ERR,ERR,ERR,ERR,ERR,ERR,ERR,ERR,ERR,ERR,ERR,ERR,ERR,ERR,ERR,ERR,ERR,ERR,ERR,ERR,ERR,ERR,ERR,ERR,ERR,ERR,ERR,ERR,ERR,ERR,ERR,ERR,ERR,ERR,ERR,ERR,ERR,ERR,ERR,ERR,ERR,ERR,ERR,ERR,ERR,ERR,ERR,ERR,ERR,ERR,ERR,ERR,ERR,ERR,ERR,ERR,ERR,ERR,ERR,ERR,ERR,ERR,ERR,ERR,ERR,ERR,ERR,ERR,ERR,ERR,ERR,ERR,ERR,ERR,ERR,ERR,ERR,ERR,ERR,ERR,ERR,ERR,ERR,ERR,ERR,ERR,ERR,ERR,ERR,ERR,ERR,ERR,ERR,ERR,ERR,ERR,ERR,ERR,ERR,ERR,ERR,ERR,ERR,ERR,ERR,ERR,ERR,ERR,ERR,ERR,ERR,ERR,ERR,ERR,ERR,ERR,0.0,-107615296.0,-134474944.0,0.0,0.0,1.3936040501711995e+18,7.805,0.0,0,0,4,0,8422,0.0,45,0.0,0.0,0.0,0.0,0.0,0,0,0,0,0.0,0,0,0,0,0,0,0,0,0,0,0,0,0,0,0,0,0,0,0,0,0,0,0,0,0,0,0,0,0,0,0,0,0,38,14,7,45,65476,0,300,0,0,8,21553,0.0,-107605600.0,0.0,0.0,0.0,0.0,0.0,0.0,0.0,0.0,0.0,0.0,0.0,0.0,0.0,0.0,0.0,0.0,0.0,0.0,0.0,0.0,0.0,2.004,-0.0,0.0,0.0,0.0,0.0,0.0,5019.0,0.0,0.0,0.0,-107615296.0,-107615280.0,2.718429300292151e+23,0.0,0.0,0.0,0.0,53,-0.0,-107614776.0,0.0,0.0,0.0,0.0,0.0,0.0,0.0,0,0,0,0.0,0.0,0.0,0.0,0.0,0.0,0.0,0.0,0.0,0.0,0.0,0.0,0.0,0.0,0.0,0.0,0,-107875648.0,53,0.0,106,-107614832.0,0.0,ERR,ERR,ERR,ERR,ERR,ERR,ERR,ERR,ERR,ERR,ERR,ERR,ERR,ERR,ERR,ERR,ERR,ERR,ERR,ERR,ERR,ERR,ERR,ERR,ERR,ERR,ERR,ERR,ERR,ERR,ERR,ERR,ERR,ERR,ERR,ERR,ERR,ERR,ERR,ERR,ERR,ERR,ERR,ERR,ERR,ERR,ERR,ERR,ERR,ERR,ERR,ERR,ERR,ERR,ERR,ERR,ERR,ERR,ERR,ERR,ERR,ERR,ERR,ERR,ERR,ERR,ERR,50.0,60.0,100,0.0,0.0,0.0,0.0,0.0,0.0,0.0,0.0,0.0,0.0,0.0,0.0,0.0,0.0,0.0,0.0,61.6,74,14,65512,50,65476,0,300,0,0,8,20529,65476,0,0,26214,60.0,0.0,0.0,0.0,0.0,0.0
2026-05-17T18:22:55,ERR,ERR,ERR,ERR,ERR,ERR,ERR,ERR,ERR,ERR,ERR,ERR,ERR,ERR,ERR,ERR,ERR,ERR,ERR,ERR,ERR,ERR,ERR,ERR,ERR,ERR,ERR,ERR,ERR,ERR,ERR,ERR,ERR,ERR,ERR,ERR,ERR,ERR,ERR,ERR,ERR,ERR,ERR,ERR,ERR,ERR,ERR,ERR,ERR,ERR,ERR,ERR,ERR,ERR,ERR,ERR,ERR,ERR,ERR,ERR,ERR,ERR,ERR,ERR,ERR,ERR,ERR,ERR,ERR,ERR,ERR,ERR,ERR,ERR,ERR,ERR,ERR,ERR,ERR,ERR,ERR,ERR,ERR,ERR,ERR,ERR,ERR,ERR,ERR,ERR,ERR,ERR,ERR,ERR,ERR,ERR,ERR,ERR,ERR,ERR,ERR,ERR,ERR,ERR,ERR,ERR,ERR,ERR,ERR,ERR,ERR,ERR,ERR,ERR,ERR,ERR,ERR,ERR,ERR,ERR,ERR,ERR,ERR,ERR,ERR,0.0,-107615296.0,-134474944.0,0.0,0.0,1.3936040501711995e+18,7.805,0.0,0,0,4,0,8422,0.0,45,0.0,0.0,0.0,0.0,0.0,0,0,0,0,0.0,0,0,0,0,0,0,0,0,0,0,0,0,0,0,0,0,0,0,0,0,0,0,0,0,0,0,0,0,0,0,0,0,0,38,14,7,45,65476,0,300,0,0,8,21553,0.0,-107605600.0,0.0,0.0,0.0,0.0,0.0,0.0,0.0,0.0,0.0,0.0,0.0,0.0,0.0,0.0,0.0,0.0,0.0,0.0,0.0,0.0,0.0,2.004,-0.0,0.0,0.0,0.0,0.0,0.0,5019.0,0.0,0.0,0.0,-107615296.0,-107615280.0,2.718429300292151e+23,0.0,0.0,0.0,0.0,53,-0.0,-107614776.0,0.0,0.0,0.0,0.0,0.0,0.0,0.0,0,0,0,0.0,0.0,0.0,0.0,0.0,0.0,0.0,0.0,0.0,0.0,0.0,0.0,0.0,0.0,0.0,0.0,0,-107875648.0,53,0.0,106,-107614832.0,0.0,ERR,ERR,ERR,ERR,ERR,ERR,ERR,ERR,ERR,ERR,ERR,ERR,ERR,ERR,ERR,ERR,ERR,ERR,ERR,ERR,ERR,ERR,ERR,ERR,ERR,ERR,ERR,ERR,ERR,ERR,ERR,ERR,ERR,ERR,ERR,ERR,ERR,ERR,ERR,ERR,ERR,ERR,ERR,ERR,ERR,ERR,ERR,ERR,ERR,ERR,ERR,ERR,ERR,ERR,ERR,ERR,ERR,ERR,ERR,ERR,ERR,ERR,ERR,ERR,ERR,ERR,ERR,50.0,60.0,100,0.0,0.0,0.0,0.0,0.0,0.0,0.0,0.0,0.0,0.0,0.0,0.0,0.0,0.0,0.0,0.0,61.6,74,14,65512,50,65476,0,300,0,0,8,20529,65476,0,0,26214,60.0,0.0,0.0,0.0,0.0,0.0
2026-05-17T18:22:56,ERR,ERR,ERR,ERR,ERR,ERR,ERR,ERR,ERR,ERR,ERR,ERR,ERR,ERR,ERR,ERR,ERR,ERR,ERR,ERR,ERR,ERR,ERR,ERR,ERR,ERR,ERR,ERR,ERR,ERR,ERR,ERR,ERR,ERR,ERR,ERR,ERR,ERR,ERR,ERR,ERR,ERR,ERR,ERR,ERR,ERR,ERR,ERR,ERR,ERR,ERR,ERR,ERR,ERR,ERR,ERR,ERR,ERR,ERR,ERR,ERR,ERR,ERR,ERR,ERR,ERR,ERR,ERR,ERR,ERR,ERR,ERR,ERR,ERR,ERR,ERR,ERR,ERR,ERR,ERR,ERR,ERR,ERR,ERR,ERR,ERR,ERR,ERR,ERR,ERR,ERR,ERR,ERR,ERR,ERR,ERR,ERR,ERR,ERR,ERR,ERR,ERR,ERR,ERR,ERR,ERR,ERR,ERR,ERR,ERR,ERR,ERR,ERR,ERR,ERR,ERR,ERR,ERR,ERR,ERR,ERR,ERR,ERR,ERR,ERR,0.0,-107615296.0,-134474944.0,0.0,0.0,1.3936040501711995e+18,7.805,0.0,0,0,4,0,8422,0.0,45,0.0,0.0,0.0,0.0,0.0,0,0,0,0,0.0,0,0,0,0,0,0,0,0,0,0,0,0,0,0,0,0,0,0,0,0,0,0,0,0,0,0,0,0,0,0,0,0,0,38,14,7,45,65476,0,300,0,0,8,21553,0.0,-107605600.0,0.0,0.0,0.0,0.0,0.0,0.0,0.0,0.0,0.0,0.0,0.0,0.0,0.0,0.0,0.0,0.0,0.0,0.0,0.0,0.0,0.0,2.004,-0.0,0.0,0.0,0.0,0.0,0.0,5019.0,0.0,0.0,0.0,-107615296.0,-107615280.0,2.718429300292151e+23,0.0,0.0,0.0,0.0,53,-0.0,-107614776.0,0.0,0.0,0.0,0.0,0.0,0.0,0.0,0,0,0,0.0,0.0,0.0,0.0,0.0,0.0,0.0,0.0,0.0,0.0,0.0,0.0,0.0,0.0,0.0,0.0,0,-107875648.0,53,0.0,106,-107614832.0,0.0,ERR,ERR,ERR,ERR,ERR,ERR,ERR,ERR,ERR,ERR,ERR,ERR,ERR,ERR,ERR,ERR,ERR,ERR,ERR,ERR,ERR,ERR,ERR,ERR,ERR,ERR,ERR,ERR,ERR,ERR,ERR,ERR,ERR,ERR,ERR,ERR,ERR,ERR,ERR,ERR,ERR,ERR,ERR,ERR,ERR,ERR,ERR,ERR,ERR,ERR,ERR,ERR,ERR,ERR,ERR,ERR,ERR,ERR,ERR,ERR,ERR,ERR,ERR,ERR,ERR,ERR,ERR,50.0,60.0,100,0.0,0.0,0.0,0.0,0.0,0.0,0.0,0.0,0.0,0.0,0.0,0.0,0.0,0.0,0.0,0.0,61.6,74,14,65512,50,65476,0,300,0,0,8,20529,65476,0,0,26214,60.0,0.0,0.0,0.0,0.0,0.0
2026-05-17T18:22:57,ERR,ERR,ERR,ERR,ERR,ERR,ERR,ERR,ERR,ERR,ERR,ERR,ERR,ERR,ERR,ERR,ERR,ERR,ERR,ERR,ERR,ERR,ERR,ERR,ERR,ERR,ERR,ERR,ERR,ERR,ERR,ERR,ERR,ERR,ERR,ERR,ERR,ERR,ERR,ERR,ERR,ERR,ERR,ERR,ERR,ERR,ERR,ERR,ERR,ERR,ERR,ERR,ERR,ERR,ERR,ERR,ERR,ERR,ERR,ERR,ERR,ERR,ERR,ERR,ERR,ERR,ERR,ERR,ERR,ERR,ERR,ERR,ERR,ERR,ERR,ERR,ERR,ERR,ERR,ERR,ERR,ERR,ERR,ERR,ERR,ERR,ERR,ERR,ERR,ERR,ERR,ERR,ERR,ERR,ERR,ERR,ERR,ERR,ERR,ERR,ERR,ERR,ERR,ERR,ERR,ERR,ERR,ERR,ERR,ERR,ERR,ERR,ERR,ERR,ERR,ERR,ERR,ERR,ERR,ERR,ERR,ERR,ERR,ERR,ERR,0.0,-107615296.0,-134474944.0,0.0,0.0,1.3936040501711995e+18,7.805,0.0,0,0,4,0,8422,0.0,45,0.0,0.0,0.0,0.0,0.0,0,0,0,0,0.0,0,0,0,0,0,0,0,0,0,0,0,0,0,0,0,0,0,0,0,0,0,0,0,0,0,0,0,0,0,0,0,0,0,38,14,7,45,65476,0,300,0,0,8,21553,0.0,-107605600.0,0.0,0.0,0.0,0.0,0.0,0.0,0.0,0.0,0.0,0.0,0.0,0.0,0.0,0.0,0.0,0.0,0.0,0.0,0.0,0.0,0.0,2.004,-0.0,0.0,0.0,0.0,0.0,0.0,5019.0,0.0,0.0,0.0,-107615296.0,-107615280.0,2.718429300292151e+23,0.0,0.0,0.0,0.0,53,-0.0,-107614776.0,0.0,0.0,0.0,0.0,0.0,0.0,0.0,0,0,0,0.0,0.0,0.0,0.0,0.0,0.0,0.0,0.0,0.0,0.0,0.0,0.0,0.0,0.0,0.0,0.0,0,-107875648.0,53,0.0,106,-107614832.0,0.0,ERR,ERR,ERR,ERR,ERR,ERR,ERR,ERR,ERR,ERR,ERR,ERR,ERR,ERR,ERR,ERR,ERR,ERR,ERR,ERR,ERR,ERR,ERR,ERR,ERR,ERR,ERR,ERR,ERR,ERR,ERR,ERR,ERR,ERR,ERR,ERR,ERR,ERR,ERR,ERR,ERR,ERR,ERR,ERR,ERR,ERR,ERR,ERR,ERR,ERR,ERR,ERR,ERR,ERR,ERR,ERR,ERR,ERR,ERR,ERR,ERR,ERR,ERR,ERR,ERR,ERR,ERR,50.0,60.0,100,0.0,0.0,0.0,0.0,0.0,0.0,0.0,0.0,0.0,0.0,0.0,0.0,0.0,0.0,0.0,0.0,61.6,74,14,65512,50,65476,0,300,0,0,8,20529,65476,0,0,26214,60.0,0.0,0.0,0.0,0.0,0.0
2026-05-17T18:22:58,ERR,ERR,ERR,ERR,ERR,ERR,ERR,ERR,ERR,ERR,ERR,ERR,ERR,ERR,ERR,ERR,ERR,ERR,ERR,ERR,ERR,ERR,ERR,ERR,ERR,ERR,ERR,ERR,ERR,ERR,ERR,ERR,ERR,ERR,ERR,ERR,ERR,ERR,ERR,ERR,ERR,ERR,ERR,ERR,ERR,ERR,ERR,ERR,ERR,ERR,ERR,ERR,ERR,ERR,ERR,ERR,ERR,ERR,ERR,ERR,ERR,ERR,ERR,ERR,ERR,ERR,ERR,ERR,ERR,ERR,ERR,ERR,ERR,ERR,ERR,ERR,ERR,ERR,ERR,ERR,ERR,ERR,ERR,ERR,ERR,ERR,ERR,ERR,ERR,ERR,ERR,ERR,ERR,ERR,ERR,ERR,ERR,ERR,ERR,ERR,ERR,ERR,ERR,ERR,ERR,ERR,ERR,ERR,ERR,ERR,ERR,ERR,ERR,ERR,ERR,ERR,ERR,ERR,ERR,ERR,ERR,ERR,ERR,ERR,ERR,0.0,-107615296.0,-134474944.0,0.0,0.0,1.3936040501711995e+18,7.805,0.0,0,0,4,0,8422,0.0,45,0.0,0.0,0.0,0.0,0.0,0,0,0,0,0.0,0,0,0,0,0,0,0,0,0,0,0,0,0,0,0,0,0,0,0,0,0,0,0,0,0,0,0,0,0,0,0,0,0,38,14,7,45,65476,0,300,0,0,8,21553,0.0,-107605600.0,0.0,0.0,0.0,0.0,0.0,0.0,0.0,0.0,0.0,0.0,0.0,0.0,0.0,0.0,0.0,0.0,0.0,0.0,0.0,0.0,0.0,2.004,-0.0,0.0,0.0,0.0,0.0,0.0,5019.0,0.0,0.0,0.0,-107615296.0,-107615280.0,2.718429300292151e+23,0.0,0.0,0.0,0.0,53,-0.0,-107614776.0,0.0,0.0,0.0,0.0,0.0,0.0,0.0,0,0,0,0.0,0.0,0.0,0.0,0.0,0.0,0.0,0.0,0.0,0.0,0.0,0.0,0.0,0.0,0.0,0.0,0,-107875648.0,53,0.0,106,-107614832.0,0.0,ERR,ERR,ERR,ERR,ERR,ERR,ERR,ERR,ERR,ERR,ERR,ERR,ERR,ERR,ERR,ERR,ERR,ERR,ERR,ERR,ERR,ERR,ERR,ERR,ERR,ERR,ERR,ERR,ERR,ERR,ERR,ERR,ERR,ERR,ERR,ERR,ERR,ERR,ERR,ERR,ERR,ERR,ERR,ERR,ERR,ERR,ERR,ERR,ERR,ERR,ERR,ERR,ERR,ERR,ERR,ERR,ERR,ERR,ERR,ERR,ERR,ERR,ERR,ERR,ERR,ERR,ERR,50.0,60.0,100,0.0,0.0,0.0,0.0,0.0,0.0,0.0,0.0,0.0,0.0,0.0,0.0,0.0,0.0,0.0,0.0,61.6,74,14,65512,50,65476,0,300,0,0,8,20529,65476,0,0,26214,60.0,0.0,0.0,0.0,0.0,0.0
2026-05-17T18:22:59,ERR,ERR,ERR,ERR,ERR,ERR,ERR,ERR,ERR,ERR,ERR,ERR,ERR,ERR,ERR,ERR,ERR,ERR,ERR,ERR,ERR,ERR,ERR,ERR,ERR,ERR,ERR,ERR,ERR,ERR,ERR,ERR,ERR,ERR,ERR,ERR,ERR,ERR,ERR,ERR,ERR,ERR,ERR,ERR,ERR,ERR,ERR,ERR,ERR,ERR,ERR,ERR,ERR,ERR,ERR,ERR,ERR,ERR,ERR,ERR,ERR,ERR,ERR,ERR,ERR,ERR,ERR,ERR,ERR,ERR,ERR,ERR,ERR,ERR,ERR,ERR,ERR,ERR,ERR,ERR,ERR,ERR,ERR,ERR,ERR,ERR,ERR,ERR,ERR,ERR,ERR,ERR,ERR,ERR,ERR,ERR,ERR,ERR,ERR,ERR,ERR,ERR,ERR,ERR,ERR,ERR,ERR,ERR,ERR,ERR,ERR,ERR,ERR,ERR,ERR,ERR,ERR,ERR,ERR,ERR,ERR,ERR,ERR,ERR,ERR,0.0,-107615296.0,-134474944.0,0.0,0.0,1.3936040501711995e+18,7.805,0.0,0,0,4,0,8422,0.0,45,0.0,0.0,0.0,0.0,0.0,0,0,0,0,0.0,0,0,0,0,0,0,0,0,0,0,0,0,0,0,0,0,0,0,0,0,0,0,0,0,0,0,0,0,0,0,0,0,0,38,14,7,45,65476,0,300,0,0,8,21553,0.0,-107605600.0,0.0,0.0,0.0,0.0,0.0,0.0,0.0,0.0,0.0,0.0,0.0,0.0,0.0,0.0,0.0,0.0,0.0,0.0,0.0,0.0,0.0,0.0,-0.0,0.0,0.0,0.0,0.0,0.0,5012.0,0.0,0.0,0.0,-107615296.0,-107615280.0,2.718429300292151e+23,0.0,0.0,0.0,0.0,53,5.848083413016271e+35,-152017263656960.0,0.0,0.0,0.0,0.0,0.0,0.0,0.0,0,0,0,0.0,0.0,0.0,0.0,0.0,0.0,0.0,0.0,0.0,0.0,0.0,0.0,0.0,0.0,0.0,0.0,0,-107875648.0,53,0.0,106,-107614832.0,0.0,ERR,ERR,ERR,ERR,ERR,ERR,ERR,ERR,ERR,ERR,ERR,ERR,ERR,ERR,ERR,ERR,ERR,ERR,ERR,ERR,ERR,ERR,ERR,ERR,ERR,ERR,ERR,ERR,ERR,ERR,ERR,ERR,ERR,ERR,ERR,ERR,ERR,ERR,ERR,ERR,ERR,ERR,ERR,ERR,ERR,ERR,ERR,ERR,ERR,ERR,ERR,ERR,ERR,ERR,ERR,ERR,ERR,ERR,ERR,ERR,ERR,ERR,ERR,ERR,ERR,ERR,ERR,50.0,60.0,100,0.0,0.0,0.0,0.0,0.0,0.0,0.0,0.0,0.0,0.0,0.0,0.0,0.0,0.0,0.0,0.0,61.6,74,14,65512,50,65476,0,300,0,0,8,20529,65476,0,0,26214,60.0,0.0,0.0,0.0,0.0,0.0
2026-05-17T18:23:00,ERR,ERR,ERR,ERR,ERR,ERR,ERR,ERR,ERR,ERR,ERR,ERR,ERR,ERR,ERR,ERR,ERR,ERR,ERR,ERR,ERR,ERR,ERR,ERR,ERR,ERR,ERR,ERR,ERR,ERR,ERR,ERR,ERR,ERR,ERR,ERR,ERR,ERR,ERR,ERR,ERR,ERR,ERR,ERR,ERR,ERR,ERR,ERR,ERR,ERR,ERR,ERR,ERR,ERR,ERR,ERR,ERR,ERR,ERR,ERR,ERR,ERR,ERR,ERR,ERR,ERR,ERR,ERR,ERR,ERR,ERR,ERR,ERR,ERR,ERR,ERR,ERR,ERR,ERR,ERR,ERR,ERR,ERR,ERR,ERR,ERR,ERR,ERR,ERR,ERR,ERR,ERR,ERR,ERR,ERR,ERR,ERR,ERR,ERR,ERR,ERR,ERR,ERR,ERR,ERR,ERR,ERR,ERR,ERR,ERR,ERR,ERR,ERR,ERR,ERR,ERR,ERR,ERR,ERR,ERR,ERR,ERR,ERR,ERR,ERR,0.0,-107615296.0,-134474944.0,0.0,0.0,1.3936040501711995e+18,7.805,0.0,0,0,4,0,8422,0.0,45,0.0,0.0,0.0,0.0,0.0,0,0,0,0,0.0,0,0,0,0,0,0,0,0,0,0,0,0,0,0,0,0,0,0,0,0,0,0,0,0,0,0,0,0,0,0,0,0,0,38,14,7,45,65476,0,300,0,0,8,21553,0.0,-107605600.0,0.0,0.0,0.0,0.0,0.0,0.0,0.0,0.0,0.0,0.0,0.0,0.0,0.0,0.0,0.0,0.0,0.0,0.0,0.0,0.0,0.0,0.0,-0.0,0.0,0.0,0.0,0.0,0.0,5012.0,0.0,0.0,0.0,-107615296.0,-107615280.0,2.718429300292151e+23,0.0,0.0,0.0,0.0,53,5.848083413016271e+35,-152017263656960.0,0.0,0.0,0.0,0.0,0.0,0.0,0.0,0,0,0,0.0,0.0,0.0,0.0,0.0,0.0,0.0,0.0,0.0,0.0,0.0,0.0,0.0,0.0,0.0,0.0,0,-107875648.0,53,0.0,106,-107614832.0,0.0,ERR,ERR,ERR,ERR,ERR,ERR,ERR,ERR,ERR,ERR,ERR,ERR,ERR,ERR,ERR,ERR,ERR,ERR,ERR,ERR,ERR,ERR,ERR,ERR,ERR,ERR,ERR,ERR,ERR,ERR,ERR,ERR,ERR,ERR,ERR,ERR,ERR,ERR,ERR,ERR,ERR,ERR,ERR,ERR,ERR,ERR,ERR,ERR,ERR,ERR,ERR,ERR,ERR,ERR,ERR,ERR,ERR,ERR,ERR,ERR,ERR,ERR,ERR,ERR,ERR,ERR,ERR,50.0,60.0,100,0.0,0.0,0.0,0.0,0.0,0.0,0.0,0.0,0.0,0.0,0.0,0.0,0.0,0.0,0.0,0.0,61.6,74,14,65512,50,65476,0,300,0,0,8,20529,65476,0,0,26214,60.0,0.0,0.0,0.0,0.0,0.0
2026-05-17T18:23:01,ERR,ERR,ERR,ERR,ERR,ERR,ERR,ERR,ERR,ERR,ERR,ERR,ERR,ERR,ERR,ERR,ERR,ERR,ERR,ERR,ERR,ERR,ERR,ERR,ERR,ERR,ERR,ERR,ERR,ERR,ERR,ERR,ERR,ERR,ERR,ERR,ERR,ERR,ERR,ERR,ERR,ERR,ERR,ERR,ERR,ERR,ERR,ERR,ERR,ERR,ERR,ERR,ERR,ERR,ERR,ERR,ERR,ERR,ERR,ERR,ERR,ERR,ERR,ERR,ERR,ERR,ERR,ERR,ERR,ERR,ERR,ERR,ERR,ERR,ERR,ERR,ERR,ERR,ERR,ERR,ERR,ERR,ERR,ERR,ERR,ERR,ERR,ERR,ERR,ERR,ERR,ERR,ERR,ERR,ERR,ERR,ERR,ERR,ERR,ERR,ERR,ERR,ERR,ERR,ERR,ERR,ERR,ERR,ERR,ERR,ERR,ERR,ERR,ERR,ERR,ERR,ERR,ERR,ERR,ERR,ERR,ERR,ERR,ERR,ERR,0.0,-107615296.0,-134474944.0,0.0,0.0,1.3936040501711995e+18,7.805,0.0,0,0,4,0,8422,0.0,45,0.0,0.0,0.0,0.0,0.0,0,0,0,0,0.0,0,0,0,0,0,0,0,0,0,0,0,0,0,0,0,0,0,0,0,0,0,0,0,0,0,0,0,0,0,0,0,0,0,38,14,7,45,65476,0,300,0,0,8,21553,0.0,-107605600.0,0.0,0.0,0.0,0.0,0.0,0.0,0.0,0.0,0.0,0.0,0.0,0.0,0.0,0.0,0.0,0.0,0.0,0.0,0.0,0.0,0.0,0.0,-0.0,0.0,0.0,0.0,0.0,0.0,5012.0,0.0,0.0,0.0,-107615296.0,-107615280.0,2.718429300292151e+23,0.0,0.0,0.0,0.0,53,5.848083413016271e+35,-152017263656960.0,0.0,0.0,0.0,0.0,0.0,0.0,0.0,0,0,0,0.0,0.0,0.0,0.0,0.0,0.0,0.0,0.0,0.0,0.0,0.0,0.0,0.0,0.0,0.0,0.0,0,-107875648.0,53,0.0,106,-107614832.0,0.0,ERR,ERR,ERR,ERR,ERR,ERR,ERR,ERR,ERR,ERR,ERR,ERR,ERR,ERR,ERR,ERR,ERR,ERR,ERR,ERR,ERR,ERR,ERR,ERR,ERR,ERR,ERR,ERR,ERR,ERR,ERR,ERR,ERR,ERR,ERR,ERR,ERR,ERR,ERR,ERR,ERR,ERR,ERR,ERR,ERR,ERR,ERR,ERR,ERR,ERR,ERR,ERR,ERR,ERR,ERR,ERR,ERR,ERR,ERR,ERR,ERR,ERR,ERR,ERR,ERR,ERR,ERR,50.0,60.0,100,0.0,0.0,0.0,0.0,0.0,0.0,0.0,0.0,0.0,0.0,0.0,0.0,0.0,0.0,0.0,0.0,61.6,74,14,65512,50,65476,0,300,0,0,8,20529,65476,0,0,26214,60.0,0.0,0.0,0.0,0.0,0.0
2026-05-17T18:23:02,ERR,ERR,ERR,ERR,ERR,ERR,ERR,ERR,ERR,ERR,ERR,ERR,ERR,ERR,ERR,ERR,ERR,ERR,ERR,ERR,ERR,ERR,ERR,ERR,ERR,ERR,ERR,ERR,ERR,ERR,ERR,ERR,ERR,ERR,ERR,ERR,ERR,ERR,ERR,ERR,ERR,ERR,ERR,ERR,ERR,ERR,ERR,ERR,ERR,ERR,ERR,ERR,ERR,ERR,ERR,ERR,ERR,ERR,ERR,ERR,ERR,ERR,ERR,ERR,ERR,ERR,ERR,ERR,ERR,ERR,ERR,ERR,ERR,ERR,ERR,ERR,ERR,ERR,ERR,ERR,ERR,ERR,ERR,ERR,ERR,ERR,ERR,ERR,ERR,ERR,ERR,ERR,ERR,ERR,ERR,ERR,ERR,ERR,ERR,ERR,ERR,ERR,ERR,ERR,ERR,ERR,ERR,ERR,ERR,ERR,ERR,ERR,ERR,ERR,ERR,ERR,ERR,ERR,ERR,ERR,ERR,ERR,ERR,ERR,ERR,0.0,-107615296.0,-134474944.0,0.0,0.0,1.3936040501711995e+18,7.805,0.0,0,0,4,0,8422,0.0,45,0.0,0.0,0.0,0.0,0.0,0,0,0,0,0.0,0,0,0,0,0,0,0,0,0,0,0,0,0,0,0,0,0,0,0,0,0,0,0,0,0,0,0,0,0,0,0,0,0,38,14,7,45,65476,0,300,0,0,8,21553,0.0,-107605600.0,0.0,0.0,0.0,0.0,0.0,0.0,0.0,0.0,0.0,0.0,0.0,0.0,0.0,0.0,0.0,0.0,0.0,0.0,0.0,0.0,0.0,0.0,-0.0,0.0,0.0,0.0,0.0,0.0,5012.0,0.0,0.0,0.0,-107615296.0,-107615280.0,2.718429300292151e+23,0.0,0.0,0.0,0.0,53,5.848083413016271e+35,-152017263656960.0,0.0,0.0,0.0,0.0,0.0,0.0,0.0,0,0,0,0.0,0.0,0.0,0.0,0.0,0.0,0.0,0.0,0.0,0.0,0.0,0.0,0.0,0.0,0.0,0.0,0,-107875648.0,53,0.0,106,-107614832.0,0.0,ERR,ERR,ERR,ERR,ERR,ERR,ERR,ERR,ERR,ERR,ERR,ERR,ERR,ERR,ERR,ERR,ERR,ERR,ERR,ERR,ERR,ERR,ERR,ERR,ERR,ERR,ERR,ERR,ERR,ERR,ERR,ERR,ERR,ERR,ERR,ERR,ERR,ERR,ERR,ERR,ERR,ERR,ERR,ERR,ERR,ERR,ERR,ERR,ERR,ERR,ERR,ERR,ERR,ERR,ERR,ERR,ERR,ERR,ERR,ERR,ERR,ERR,ERR,ERR,ERR,ERR,ERR,50.0,60.0,100,0.0,0.0,0.0,0.0,0.0,0.0,0.0,0.0,0.0,0.0,0.0,0.0,0.0,0.0,0.0,0.0,61.6,74,14,65512,50,65476,0,300,0,0,8,20529,65476,0,0,26214,60.0,0.0,0.0,0.0,0.0,0.0
2026-05-17T18:23:03,ERR,ERR,ERR,ERR,ERR,ERR,ERR,ERR,ERR,ERR,ERR,ERR,ERR,ERR,ERR,ERR,ERR,ERR,ERR,ERR,ERR,ERR,ERR,ERR,ERR,ERR,ERR,ERR,ERR,ERR,ERR,ERR,ERR,ERR,ERR,ERR,ERR,ERR,ERR,ERR,ERR,ERR,ERR,ERR,ERR,ERR,ERR,ERR,ERR,ERR,ERR,ERR,ERR,ERR,ERR,ERR,ERR,ERR,ERR,ERR,ERR,ERR,ERR,ERR,ERR,ERR,ERR,ERR,ERR,ERR,ERR,ERR,ERR,ERR,ERR,ERR,ERR,ERR,ERR,ERR,ERR,ERR,ERR,ERR,ERR,ERR,ERR,ERR,ERR,ERR,ERR,ERR,ERR,ERR,ERR,ERR,ERR,ERR,ERR,ERR,ERR,ERR,ERR,ERR,ERR,ERR,ERR,ERR,ERR,ERR,ERR,ERR,ERR,ERR,ERR,ERR,ERR,ERR,ERR,ERR,ERR,ERR,ERR,ERR,ERR,0.0,-107615296.0,-134474944.0,0.0,0.0,1.3936040501711995e+18,7.805,0.0,0,0,4,0,8422,0.0,45,0.0,0.0,0.0,0.0,0.0,0,0,0,0,0.0,0,0,0,0,0,0,0,0,0,0,0,0,0,0,0,0,0,0,0,0,0,0,0,0,0,0,0,0,0,0,0,0,0,38,14,7,45,65476,0,300,0,0,8,21553,0.0,-107605600.0,0.0,0.0,0.0,0.0,0.0,0.0,0.0,0.0,0.0,0.0,0.0,0.0,0.0,0.0,0.0,0.0,0.0,0.0,0.0,0.0,0.0,0.0,-0.0,0.0,0.0,0.0,0.0,0.0,5012.0,0.0,0.0,0.0,-107615296.0,-107615280.0,2.718429300292151e+23,0.0,0.0,0.0,0.0,53,5.848083413016271e+35,-152017263656960.0,0.0,0.0,0.0,0.0,0.0,0.0,0.0,0,0,0,0.0,0.0,0.0,0.0,0.0,0.0,0.0,0.0,0.0,0.0,0.0,0.0,0.0,0.0,0.0,0.0,0,-107875648.0,53,0.0,106,-107614832.0,0.0,ERR,ERR,ERR,ERR,ERR,ERR,ERR,ERR,ERR,ERR,ERR,ERR,ERR,ERR,ERR,ERR,ERR,ERR,ERR,ERR,ERR,ERR,ERR,ERR,ERR,ERR,ERR,ERR,ERR,ERR,ERR,ERR,ERR,ERR,ERR,ERR,ERR,ERR,ERR,ERR,ERR,ERR,ERR,ERR,ERR,ERR,ERR,ERR,ERR,ERR,ERR,ERR,ERR,ERR,ERR,ERR,ERR,ERR,ERR,ERR,ERR,ERR,ERR,ERR,ERR,ERR,ERR,50.0,60.0,100,0.0,0.0,0.0,0.0,0.0,0.0,0.0,0.0,0.0,0.0,0.0,0.0,0.0,0.0,0.0,0.0,61.6,74,14,65512,50,65476,0,300,0,0,8,20529,65476,0,0,26214,60.0,0.0,0.0,0.0,0.0,0.0
2026-05-17T18:23:04,ERR,ERR,ERR,ERR,ERR,ERR,ERR,ERR,ERR,ERR,ERR,ERR,ERR,ERR,ERR,ERR,ERR,ERR,ERR,ERR,ERR,ERR,ERR,ERR,ERR,ERR,ERR,ERR,ERR,ERR,ERR,ERR,ERR,ERR,ERR,ERR,ERR,ERR,ERR,ERR,ERR,ERR,ERR,ERR,ERR,ERR,ERR,ERR,ERR,ERR,ERR,ERR,ERR,ERR,ERR,ERR,ERR,ERR,ERR,ERR,ERR,ERR,ERR,ERR,ERR,ERR,ERR,ERR,ERR,ERR,ERR,ERR,ERR,ERR,ERR,ERR,ERR,ERR,ERR,ERR,ERR,ERR,ERR,ERR,ERR,ERR,ERR,ERR,ERR,ERR,ERR,ERR,ERR,ERR,ERR,ERR,ERR,ERR,ERR,ERR,ERR,ERR,ERR,ERR,ERR,ERR,ERR,ERR,ERR,ERR,ERR,ERR,ERR,ERR,ERR,ERR,ERR,ERR,ERR,ERR,ERR,ERR,ERR,ERR,ERR,0.0,-107615296.0,-134474944.0,0.0,0.0,1.3936040501711995e+18,7.805,0.0,0,0,4,0,8422,0.0,45,0.0,0.0,0.0,0.0,0.0,0,0,0,0,0.0,0,0,0,0,0,0,0,0,0,0,0,0,0,0,0,0,0,0,0,0,0,0,0,0,0,0,0,0,0,0,0,0,0,38,14,7,45,65476,0,300,0,0,8,21553,0.0,-107605600.0,0.0,0.0,0.0,0.0,0.0,0.0,0.0,0.0,0.0,0.0,0.0,0.0,0.0,0.0,0.0,0.0,0.0,0.0,0.0,0.0,0.0,2.004,-0.0,0.0,0.0,0.0,0.0,0.0,5016.0,0.0,0.0,0.0,-107615296.0,-107615280.0,2.718429300292151e+23,0.0,0.0,0.0,0.0,53,-0.0,-2.30882787541985e+20,0.0,0.0,0.0,0.0,0.0,0.0,0.0,0,0,0,0.0,0.0,0.0,0.0,0.0,0.0,0.0,0.0,0.0,0.0,0.0,0.0,0.0,0.0,0.0,0.0,0,-107875648.0,53,0.0,106,-107614832.0,0.0,ERR,ERR,ERR,ERR,ERR,ERR,ERR,ERR,ERR,ERR,ERR,ERR,ERR,ERR,ERR,ERR,ERR,ERR,ERR,ERR,ERR,ERR,ERR,ERR,ERR,ERR,ERR,ERR,ERR,ERR,ERR,ERR,ERR,ERR,ERR,ERR,ERR,ERR,ERR,ERR,ERR,ERR,ERR,ERR,ERR,ERR,ERR,ERR,ERR,ERR,ERR,ERR,ERR,ERR,ERR,ERR,ERR,ERR,ERR,ERR,ERR,ERR,ERR,ERR,ERR,ERR,ERR,50.0,60.0,100,0.0,0.0,0.0,0.0,0.0,0.0,0.0,0.0,0.0,0.0,0.0,0.0,0.0,0.0,0.0,0.0,61.6,74,14,65512,50,65476,0,300,0,0,8,20529,65476,0,0,26214,60.0,0.0,0.0,0.0,0.0,0.0
2026-05-17T18:23:05,ERR,ERR,ERR,ERR,ERR,ERR,ERR,ERR,ERR,ERR,ERR,ERR,ERR,ERR,ERR,ERR,ERR,ERR,ERR,ERR,ERR,ERR,ERR,ERR,ERR,ERR,ERR,ERR,ERR,ERR,ERR,ERR,ERR,ERR,ERR,ERR,ERR,ERR,ERR,ERR,ERR,ERR,ERR,ERR,ERR,ERR,ERR,ERR,ERR,ERR,ERR,ERR,ERR,ERR,ERR,ERR,ERR,ERR,ERR,ERR,ERR,ERR,ERR,ERR,ERR,ERR,ERR,ERR,ERR,ERR,ERR,ERR,ERR,ERR,ERR,ERR,ERR,ERR,ERR,ERR,ERR,ERR,ERR,ERR,ERR,ERR,ERR,ERR,ERR,ERR,ERR,ERR,ERR,ERR,ERR,ERR,ERR,ERR,ERR,ERR,ERR,ERR,ERR,ERR,ERR,ERR,ERR,ERR,ERR,ERR,ERR,ERR,ERR,ERR,ERR,ERR,ERR,ERR,ERR,ERR,ERR,ERR,ERR,ERR,ERR,0.0,-107615296.0,-134474944.0,0.0,0.0,1.3936040501711995e+18,7.805,0.0,0,0,4,0,8422,0.0,45,0.0,0.0,0.0,0.0,0.0,0,0,0,0,0.0,0,0,0,0,0,0,0,0,0,0,0,0,0,0,0,0,0,0,0,0,0,0,0,0,0,0,0,0,0,0,0,0,0,38,14,7,45,65476,0,300,0,0,8,21553,0.0,-107605600.0,0.0,0.0,0.0,0.0,0.0,0.0,0.0,0.0,0.0,0.0,0.0,0.0,0.0,0.0,0.0,0.0,0.0,0.0,0.0,0.0,0.0,2.004,-0.0,0.0,0.0,0.0,0.0,0.0,5016.0,0.0,0.0,0.0,-107615296.0,-107615280.0,2.718429300292151e+23,0.0,0.0,0.0,0.0,53,-0.0,-2.30882787541985e+20,0.0,0.0,0.0,0.0,0.0,0.0,0.0,0,0,0,0.0,0.0,0.0,0.0,0.0,0.0,0.0,0.0,0.0,0.0,0.0,0.0,0.0,0.0,0.0,0.0,0,-107875648.0,53,0.0,106,-107614832.0,0.0,ERR,ERR,ERR,ERR,ERR,ERR,ERR,ERR,ERR,ERR,ERR,ERR,ERR,ERR,ERR,ERR,ERR,ERR,ERR,ERR,ERR,ERR,ERR,ERR,ERR,ERR,ERR,ERR,ERR,ERR,ERR,ERR,ERR,ERR,ERR,ERR,ERR,ERR,ERR,ERR,ERR,ERR,ERR,ERR,ERR,ERR,ERR,ERR,ERR,ERR,ERR,ERR,ERR,ERR,ERR,ERR,ERR,ERR,ERR,ERR,ERR,ERR,ERR,ERR,ERR,ERR,ERR,50.0,60.0,100,0.0,0.0,0.0,0.0,0.0,0.0,0.0,0.0,0.0,0.0,0.0,0.0,0.0,0.0,0.0,0.0,61.6,74,14,65512,50,65476,0,300,0,0,8,20529,65476,0,0,26214,60.0,0.0,0.0,0.0,0.0,0.0
2026-05-17T18:23:06,ERR,ERR,ERR,ERR,ERR,ERR,ERR,ERR,ERR,ERR,ERR,ERR,ERR,ERR,ERR,ERR,ERR,ERR,ERR,ERR,ERR,ERR,ERR,ERR,ERR,ERR,ERR,ERR,ERR,ERR,ERR,ERR,ERR,ERR,ERR,ERR,ERR,ERR,ERR,ERR,ERR,ERR,ERR,ERR,ERR,ERR,ERR,ERR,ERR,ERR,ERR,ERR,ERR,ERR,ERR,ERR,ERR,ERR,ERR,ERR,ERR,ERR,ERR,ERR,ERR,ERR,ERR,ERR,ERR,ERR,ERR,ERR,ERR,ERR,ERR,ERR,ERR,ERR,ERR,ERR,ERR,ERR,ERR,ERR,ERR,ERR,ERR,ERR,ERR,ERR,ERR,ERR,ERR,ERR,ERR,ERR,ERR,ERR,ERR,ERR,ERR,ERR,ERR,ERR,ERR,ERR,ERR,ERR,ERR,ERR,ERR,ERR,ERR,ERR,ERR,ERR,ERR,ERR,ERR,ERR,ERR,ERR,ERR,ERR,ERR,0.0,-107615296.0,-134474944.0,0.0,0.0,1.3936040501711995e+18,7.805,0.0,0,0,4,0,8422,0.0,45,0.0,0.0,0.0,0.0,0.0,0,0,0,0,0.0,0,0,0,0,0,0,0,0,0,0,0,0,0,0,0,0,0,0,0,0,0,0,0,0,0,0,0,0,0,0,0,0,0,38,14,7,45,65476,0,300,0,0,8,21553,0.0,-107605600.0,0.0,0.0,0.0,0.0,0.0,0.0,0.0,0.0,0.0,0.0,0.0,0.0,0.0,0.0,0.0,0.0,0.0,0.0,0.0,0.0,0.0,2.004,-0.0,0.0,0.0,0.0,0.0,0.0,5016.0,0.0,0.0,0.0,-107615296.0,-107615280.0,2.718429300292151e+23,0.0,0.0,0.0,0.0,53,-0.0,-2.30882787541985e+20,0.0,0.0,0.0,0.0,0.0,0.0,0.0,0,0,0,0.0,0.0,0.0,0.0,0.0,0.0,0.0,0.0,0.0,0.0,0.0,0.0,0.0,0.0,0.0,0.0,0,-107875648.0,53,0.0,106,-107614832.0,0.0,ERR,ERR,ERR,ERR,ERR,ERR,ERR,ERR,ERR,ERR,ERR,ERR,ERR,ERR,ERR,ERR,ERR,ERR,ERR,ERR,ERR,ERR,ERR,ERR,ERR,ERR,ERR,ERR,ERR,ERR,ERR,ERR,ERR,ERR,ERR,ERR,ERR,ERR,ERR,ERR,ERR,ERR,ERR,ERR,ERR,ERR,ERR,ERR,ERR,ERR,ERR,ERR,ERR,ERR,ERR,ERR,ERR,ERR,ERR,ERR,ERR,ERR,ERR,ERR,ERR,ERR,ERR,50.0,60.0,100,0.0,0.0,0.0,0.0,0.0,0.0,0.0,0.0,0.0,0.0,0.0,0.0,0.0,0.0,0.0,0.0,61.6,74,14,65512,50,65476,0,300,0,0,8,20529,65476,0,0,26214,60.0,0.0,0.0,0.0,0.0,0.0
2026-05-17T18:23:07,ERR,ERR,ERR,ERR,ERR,ERR,ERR,ERR,ERR,ERR,ERR,ERR,ERR,ERR,ERR,ERR,ERR,ERR,ERR,ERR,ERR,ERR,ERR,ERR,ERR,ERR,ERR,ERR,ERR,ERR,ERR,ERR,ERR,ERR,ERR,ERR,ERR,ERR,ERR,ERR,ERR,ERR,ERR,ERR,ERR,ERR,ERR,ERR,ERR,ERR,ERR,ERR,ERR,ERR,ERR,ERR,ERR,ERR,ERR,ERR,ERR,ERR,ERR,ERR,ERR,ERR,ERR,ERR,ERR,ERR,ERR,ERR,ERR,ERR,ERR,ERR,ERR,ERR,ERR,ERR,ERR,ERR,ERR,ERR,ERR,ERR,ERR,ERR,ERR,ERR,ERR,ERR,ERR,ERR,ERR,ERR,ERR,ERR,ERR,ERR,ERR,ERR,ERR,ERR,ERR,ERR,ERR,ERR,ERR,ERR,ERR,ERR,ERR,ERR,ERR,ERR,ERR,ERR,ERR,ERR,ERR,ERR,ERR,ERR,ERR,0.0,-107615296.0,-134474944.0,0.0,0.0,1.3936040501711995e+18,7.805,0.0,0,0,4,0,8422,0.0,45,0.0,0.0,0.0,0.0,0.0,0,0,0,0,0.0,0,0,0,0,0,0,0,0,0,0,0,0,0,0,0,0,0,0,0,0,0,0,0,0,0,0,0,0,0,0,0,0,0,38,14,7,45,65476,0,300,0,0,8,21553,0.0,-107605600.0,0.0,0.0,0.0,0.0,0.0,0.0,0.0,0.0,0.0,0.0,0.0,0.0,0.0,0.0,0.0,0.0,0.0,0.0,0.0,0.0,0.0,2.004,-0.0,0.0,0.0,0.0,0.0,0.0,5016.0,0.0,0.0,0.0,-107615296.0,-107615280.0,2.718429300292151e+23,0.0,0.0,0.0,0.0,53,-0.0,-2.30882787541985e+20,0.0,0.0,0.0,0.0,0.0,0.0,0.0,0,0,0,0.0,0.0,0.0,0.0,0.0,0.0,0.0,0.0,0.0,0.0,0.0,0.0,0.0,0.0,0.0,0.0,0,-107875648.0,53,0.0,106,-107614832.0,0.0,ERR,ERR,ERR,ERR,ERR,ERR,ERR,ERR,ERR,ERR,ERR,ERR,ERR,ERR,ERR,ERR,ERR,ERR,ERR,ERR,ERR,ERR,ERR,ERR,ERR,ERR,ERR,ERR,ERR,ERR,ERR,ERR,ERR,ERR,ERR,ERR,ERR,ERR,ERR,ERR,ERR,ERR,ERR,ERR,ERR,ERR,ERR,ERR,ERR,ERR,ERR,ERR,ERR,ERR,ERR,ERR,ERR,ERR,ERR,ERR,ERR,ERR,ERR,ERR,ERR,ERR,ERR,50.0,60.0,100,0.0,0.0,0.0,0.0,0.0,0.0,0.0,0.0,0.0,0.0,0.0,0.0,0.0,0.0,0.0,0.0,61.6,74,14,65512,50,65476,0,300,0,0,8,20529,65476,0,0,26214,60.0,0.0,0.0,0.0,0.0,0.0
2026-05-17T18:23:08,ERR,ERR,ERR,ERR,ERR,ERR,ERR,ERR,ERR,ERR,ERR,ERR,ERR,ERR,ERR,ERR,ERR,ERR,ERR,ERR,ERR,ERR,ERR,ERR,ERR,ERR,ERR,ERR,ERR,ERR,ERR,ERR,ERR,ERR,ERR,ERR,ERR,ERR,ERR,ERR,ERR,ERR,ERR,ERR,ERR,ERR,ERR,ERR,ERR,ERR,ERR,ERR,ERR,ERR,ERR,ERR,ERR,ERR,ERR,ERR,ERR,ERR,ERR,ERR,ERR,ERR,ERR,ERR,ERR,ERR,ERR,ERR,ERR,ERR,ERR,ERR,ERR,ERR,ERR,ERR,ERR,ERR,ERR,ERR,ERR,ERR,ERR,ERR,ERR,ERR,ERR,ERR,ERR,ERR,ERR,ERR,ERR,ERR,ERR,ERR,ERR,ERR,ERR,ERR,ERR,ERR,ERR,ERR,ERR,ERR,ERR,ERR,ERR,ERR,ERR,ERR,ERR,ERR,ERR,ERR,ERR,ERR,ERR,ERR,ERR,0.0,-107615296.0,-134474944.0,0.0,0.0,1.3936040501711995e+18,7.805,0.0,0,0,4,0,8422,0.0,45,0.0,0.0,0.0,0.0,0.0,0,0,0,0,0.0,0,0,0,0,0,0,0,0,0,0,0,0,0,0,0,0,0,0,0,0,0,0,0,0,0,0,0,0,0,0,0,0,0,38,14,7,45,65476,0,300,0,0,8,21553,0.0,-107605600.0,0.0,0.0,0.0,0.0,0.0,0.0,0.0,0.0,0.0,0.0,0.0,0.0,0.0,0.0,0.0,0.0,0.0,0.0,0.0,0.0,0.0,2.004,-0.0,0.0,0.0,0.0,0.0,0.0,5016.0,0.0,0.0,0.0,-107615296.0,-107615280.0,2.718429300292151e+23,0.0,0.0,0.0,0.0,53,-0.0,-2.30882787541985e+20,0.0,0.0,0.0,0.0,0.0,0.0,0.0,0,0,0,0.0,0.0,0.0,0.0,0.0,0.0,0.0,0.0,0.0,0.0,0.0,0.0,0.0,0.0,0.0,0.0,0,-107875648.0,53,0.0,106,-107614832.0,0.0,ERR,ERR,ERR,ERR,ERR,ERR,ERR,ERR,ERR,ERR,ERR,ERR,ERR,ERR,ERR,ERR,ERR,ERR,ERR,ERR,ERR,ERR,ERR,ERR,ERR,ERR,ERR,ERR,ERR,ERR,ERR,ERR,ERR,ERR,ERR,ERR,ERR,ERR,ERR,ERR,ERR,ERR,ERR,ERR,ERR,ERR,ERR,ERR,ERR,ERR,ERR,ERR,ERR,ERR,ERR,ERR,ERR,ERR,ERR,ERR,ERR,ERR,ERR,ERR,ERR,ERR,ERR,50.0,60.0,100,0.0,0.0,0.0,0.0,0.0,0.0,0.0,0.0,0.0,0.0,0.0,0.0,0.0,0.0,0.0,0.0,61.6,74,14,65512,50,65476,0,300,0,0,8,20529,65476,0,0,26214,60.0,0.0,0.0,0.0,0.0,0.0
2026-05-17T18:23:09,ERR,ERR,ERR,ERR,ERR,ERR,ERR,ERR,ERR,ERR,ERR,ERR,ERR,ERR,ERR,ERR,ERR,ERR,ERR,ERR,ERR,ERR,ERR,ERR,ERR,ERR,ERR,ERR,ERR,ERR,ERR,ERR,ERR,ERR,ERR,ERR,ERR,ERR,ERR,ERR,ERR,ERR,ERR,ERR,ERR,ERR,ERR,ERR,ERR,ERR,ERR,ERR,ERR,ERR,ERR,ERR,ERR,ERR,ERR,ERR,ERR,ERR,ERR,ERR,ERR,ERR,ERR,ERR,ERR,ERR,ERR,ERR,ERR,ERR,ERR,ERR,ERR,ERR,ERR,ERR,ERR,ERR,ERR,ERR,ERR,ERR,ERR,ERR,ERR,ERR,ERR,ERR,ERR,ERR,ERR,ERR,ERR,ERR,ERR,ERR,ERR,ERR,ERR,ERR,ERR,ERR,ERR,ERR,ERR,ERR,ERR,ERR,ERR,ERR,ERR,ERR,ERR,ERR,ERR,ERR,ERR,ERR,ERR,ERR,ERR,0.0,-107615296.0,-134474944.0,0.0,0.0,1.3936040501711995e+18,7.805,0.0,0,0,4,0,8422,0.0,45,0.0,0.0,0.0,0.0,0.0,0,0,0,0,0.0,0,0,0,0,0,0,0,0,0,0,0,0,0,0,0,0,0,0,0,0,0,0,0,0,0,0,0,0,0,0,0,0,0,38,14,7,45,65476,0,300,0,0,8,21553,0.0,-107605600.0,0.0,0.0,0.0,0.0,0.0,0.0,0.0,0.0,0.0,0.0,0.0,0.0,0.0,0.0,0.0,0.0,0.0,0.0,0.0,0.0,0.0,2.004,-0.0,0.0,0.0,0.0,0.0,0.0,5010.0,2.422987904532282e+24,0.0,0.0,0.0,-107615280.0,2.718429300292151e+23,0.0,0.0,0.0,0.0,53,4.066880103266858e+29,0.0,0.0,0.0,0.0,0.0,0.0,0.0,0.0,0,0,0,0.0,0.0,0.0,0.0,0.0,0.0,0.0,0.0,0.0,0.0,0.0,0.0,0.0,0.0,0.0,0.0,0,-107875648.0,53,0.0,106,-107614832.0,0.0,ERR,ERR,ERR,ERR,ERR,ERR,ERR,ERR,ERR,ERR,ERR,ERR,ERR,ERR,ERR,ERR,ERR,ERR,ERR,ERR,ERR,ERR,ERR,ERR,ERR,ERR,ERR,ERR,ERR,ERR,ERR,ERR,ERR,ERR,ERR,ERR,ERR,ERR,ERR,ERR,ERR,ERR,ERR,ERR,ERR,ERR,ERR,ERR,ERR,ERR,ERR,ERR,ERR,ERR,ERR,ERR,ERR,ERR,ERR,ERR,ERR,ERR,ERR,ERR,ERR,ERR,ERR,50.0,60.0,100,0.0,0.0,0.0,0.0,0.0,0.0,0.0,0.0,0.0,0.0,0.0,0.0,0.0,0.0,0.0,0.0,61.6,74,14,65512,50,65476,0,300,0,0,8,20529,65476,0,0,26214,60.0,0.0,0.0,0.0,0.0,0.0
2026-05-17T18:23:10,ERR,ERR,ERR,ERR,ERR,ERR,ERR,ERR,ERR,ERR,ERR,ERR,ERR,ERR,ERR,ERR,ERR,ERR,ERR,ERR,ERR,ERR,ERR,ERR,ERR,ERR,ERR,ERR,ERR,ERR,ERR,ERR,ERR,ERR,ERR,ERR,ERR,ERR,ERR,ERR,ERR,ERR,ERR,ERR,ERR,ERR,ERR,ERR,ERR,ERR,ERR,ERR,ERR,ERR,ERR,ERR,ERR,ERR,ERR,ERR,ERR,ERR,ERR,ERR,ERR,ERR,ERR,ERR,ERR,ERR,ERR,ERR,ERR,ERR,ERR,ERR,ERR,ERR,ERR,ERR,ERR,ERR,ERR,ERR,ERR,ERR,ERR,ERR,ERR,ERR,ERR,ERR,ERR,ERR,ERR,ERR,ERR,ERR,ERR,ERR,ERR,ERR,ERR,ERR,ERR,ERR,ERR,ERR,ERR,ERR,ERR,ERR,ERR,ERR,ERR,ERR,ERR,ERR,ERR,ERR,ERR,ERR,ERR,ERR,ERR,0.0,-107615296.0,-134474944.0,0.0,0.0,1.3936040501711995e+18,7.805,0.0,0,0,4,0,8422,0.0,45,0.0,0.0,0.0,0.0,0.0,0,0,0,0,0.0,0,0,0,0,0,0,0,0,0,0,0,0,0,0,0,0,0,0,0,0,0,0,0,0,0,0,0,0,0,0,0,0,0,38,14,7,45,65476,0,300,0,0,8,21553,0.0,-107605600.0,0.0,0.0,0.0,0.0,0.0,0.0,0.0,0.0,0.0,0.0,0.0,0.0,0.0,0.0,0.0,0.0,0.0,0.0,0.0,0.0,0.0,2.004,-0.0,0.0,0.0,0.0,0.0,0.0,5010.0,2.422987904532282e+24,0.0,0.0,0.0,-107615280.0,2.718429300292151e+23,0.0,0.0,0.0,0.0,53,4.066880103266858e+29,0.0,0.0,0.0,0.0,0.0,0.0,0.0,0.0,0,0,0,0.0,0.0,0.0,0.0,0.0,0.0,0.0,0.0,0.0,0.0,0.0,0.0,0.0,0.0,0.0,0.0,0,-107875648.0,53,0.0,106,-107614832.0,0.0,ERR,ERR,ERR,ERR,ERR,ERR,ERR,ERR,ERR,ERR,ERR,ERR,ERR,ERR,ERR,ERR,ERR,ERR,ERR,ERR,ERR,ERR,ERR,ERR,ERR,ERR,ERR,ERR,ERR,ERR,ERR,ERR,ERR,ERR,ERR,ERR,ERR,ERR,ERR,ERR,ERR,ERR,ERR,ERR,ERR,ERR,ERR,ERR,ERR,ERR,ERR,ERR,ERR,ERR,ERR,ERR,ERR,ERR,ERR,ERR,ERR,ERR,ERR,ERR,ERR,ERR,ERR,50.0,60.0,100,0.0,0.0,0.0,0.0,0.0,0.0,0.0,0.0,0.0,0.0,0.0,0.0,0.0,0.0,0.0,0.0,61.6,74,14,65512,50,65476,0,300,0,0,8,20529,65476,0,0,26214,60.0,0.0,0.0,0.0,0.0,0.0
2026-05-17T18:23:11,ERR,ERR,ERR,ERR,ERR,ERR,ERR,ERR,ERR,ERR,ERR,ERR,ERR,ERR,ERR,ERR,ERR,ERR,ERR,ERR,ERR,ERR,ERR,ERR,ERR,ERR,ERR,ERR,ERR,ERR,ERR,ERR,ERR,ERR,ERR,ERR,ERR,ERR,ERR,ERR,ERR,ERR,ERR,ERR,ERR,ERR,ERR,ERR,ERR,ERR,ERR,ERR,ERR,ERR,ERR,ERR,ERR,ERR,ERR,ERR,ERR,ERR,ERR,ERR,ERR,ERR,ERR,ERR,ERR,ERR,ERR,ERR,ERR,ERR,ERR,ERR,ERR,ERR,ERR,ERR,ERR,ERR,ERR,ERR,ERR,ERR,ERR,ERR,ERR,ERR,ERR,ERR,ERR,ERR,ERR,ERR,ERR,ERR,ERR,ERR,ERR,ERR,ERR,ERR,ERR,ERR,ERR,ERR,ERR,ERR,ERR,ERR,ERR,ERR,ERR,ERR,ERR,ERR,ERR,ERR,ERR,ERR,ERR,ERR,ERR,0.0,-107615296.0,-134474944.0,0.0,0.0,1.3936040501711995e+18,7.805,0.0,0,0,4,0,8422,0.0,45,0.0,0.0,0.0,0.0,0.0,0,0,0,0,0.0,0,0,0,0,0,0,0,0,0,0,0,0,0,0,0,0,0,0,0,0,0,0,0,0,0,0,0,0,0,0,0,0,0,38,14,7,45,65476,0,300,0,0,8,21553,0.0,-107605600.0,0.0,0.0,0.0,0.0,0.0,0.0,0.0,0.0,0.0,0.0,0.0,0.0,0.0,0.0,0.0,0.0,0.0,0.0,0.0,0.0,0.0,2.004,-0.0,0.0,0.0,0.0,0.0,0.0,5010.0,2.422987904532282e+24,0.0,0.0,0.0,-107615280.0,2.718429300292151e+23,0.0,0.0,0.0,0.0,53,4.066880103266858e+29,0.0,0.0,0.0,0.0,0.0,0.0,0.0,0.0,0,0,0,0.0,0.0,0.0,0.0,0.0,0.0,0.0,0.0,0.0,0.0,0.0,0.0,0.0,0.0,0.0,0.0,0,-107875648.0,53,0.0,106,-107614832.0,0.0,ERR,ERR,ERR,ERR,ERR,ERR,ERR,ERR,ERR,ERR,ERR,ERR,ERR,ERR,ERR,ERR,ERR,ERR,ERR,ERR,ERR,ERR,ERR,ERR,ERR,ERR,ERR,ERR,ERR,ERR,ERR,ERR,ERR,ERR,ERR,ERR,ERR,ERR,ERR,ERR,ERR,ERR,ERR,ERR,ERR,ERR,ERR,ERR,ERR,ERR,ERR,ERR,ERR,ERR,ERR,ERR,ERR,ERR,ERR,ERR,ERR,ERR,ERR,ERR,ERR,ERR,ERR,50.0,60.0,100,0.0,0.0,0.0,0.0,0.0,0.0,0.0,0.0,0.0,0.0,0.0,0.0,0.0,0.0,0.0,0.0,61.6,74,14,65512,50,65476,0,300,0,0,8,20529,65476,0,0,26214,60.0,0.0,0.0,0.0,0.0,0.0
2026-05-17T18:23:12,ERR,ERR,ERR,ERR,ERR,ERR,ERR,ERR,ERR,ERR,ERR,ERR,ERR,ERR,ERR,ERR,ERR,ERR,ERR,ERR,ERR,ERR,ERR,ERR,ERR,ERR,ERR,ERR,ERR,ERR,ERR,ERR,ERR,ERR,ERR,ERR,ERR,ERR,ERR,ERR,ERR,ERR,ERR,ERR,ERR,ERR,ERR,ERR,ERR,ERR,ERR,ERR,ERR,ERR,ERR,ERR,ERR,ERR,ERR,ERR,ERR,ERR,ERR,ERR,ERR,ERR,ERR,ERR,ERR,ERR,ERR,ERR,ERR,ERR,ERR,ERR,ERR,ERR,ERR,ERR,ERR,ERR,ERR,ERR,ERR,ERR,ERR,ERR,ERR,ERR,ERR,ERR,ERR,ERR,ERR,ERR,ERR,ERR,ERR,ERR,ERR,ERR,ERR,ERR,ERR,ERR,ERR,ERR,ERR,ERR,ERR,ERR,ERR,ERR,ERR,ERR,ERR,ERR,ERR,ERR,ERR,ERR,ERR,ERR,ERR,0.0,-107615296.0,-134474944.0,0.0,0.0,1.3936040501711995e+18,7.805,0.0,0,0,4,0,8422,0.0,45,0.0,0.0,0.0,0.0,0.0,0,0,0,0,0.0,0,0,0,0,0,0,0,0,0,0,0,0,0,0,0,0,0,0,0,0,0,0,0,0,0,0,0,0,0,0,0,0,0,38,14,7,45,65476,0,300,0,0,8,21553,0.0,-107605600.0,0.0,0.0,0.0,0.0,0.0,0.0,0.0,0.0,0.0,0.0,0.0,0.0,0.0,0.0,0.0,0.0,0.0,0.0,0.0,0.0,0.0,2.004,-0.0,0.0,0.0,0.0,0.0,0.0,5010.0,2.422987904532282e+24,0.0,0.0,0.0,-107615280.0,2.718429300292151e+23,0.0,0.0,0.0,0.0,53,4.066880103266858e+29,0.0,0.0,0.0,0.0,0.0,0.0,0.0,0.0,0,0,0,0.0,0.0,0.0,0.0,0.0,0.0,0.0,0.0,0.0,0.0,0.0,0.0,0.0,0.0,0.0,0.0,0,-107875648.0,53,0.0,106,-107614832.0,0.0,ERR,ERR,ERR,ERR,ERR,ERR,ERR,ERR,ERR,ERR,ERR,ERR,ERR,ERR,ERR,ERR,ERR,ERR,ERR,ERR,ERR,ERR,ERR,ERR,ERR,ERR,ERR,ERR,ERR,ERR,ERR,ERR,ERR,ERR,ERR,ERR,ERR,ERR,ERR,ERR,ERR,ERR,ERR,ERR,ERR,ERR,ERR,ERR,ERR,ERR,ERR,ERR,ERR,ERR,ERR,ERR,ERR,ERR,ERR,ERR,ERR,ERR,ERR,ERR,ERR,ERR,ERR,50.0,60.0,100,0.0,0.0,0.0,0.0,0.0,0.0,0.0,0.0,0.0,0.0,0.0,0.0,0.0,0.0,0.0,0.0,61.6,74,14,65512,50,65476,0,300,0,0,8,20529,65476,0,0,26214,60.0,0.0,0.0,0.0,0.0,0.0
2026-05-17T18:23:13,ERR,ERR,ERR,ERR,ERR,ERR,ERR,ERR,ERR,ERR,ERR,ERR,ERR,ERR,ERR,ERR,ERR,ERR,ERR,ERR,ERR,ERR,ERR,ERR,ERR,ERR,ERR,ERR,ERR,ERR,ERR,ERR,ERR,ERR,ERR,ERR,ERR,ERR,ERR,ERR,ERR,ERR,ERR,ERR,ERR,ERR,ERR,ERR,ERR,ERR,ERR,ERR,ERR,ERR,ERR,ERR,ERR,ERR,ERR,ERR,ERR,ERR,ERR,ERR,ERR,ERR,ERR,ERR,ERR,ERR,ERR,ERR,ERR,ERR,ERR,ERR,ERR,ERR,ERR,ERR,ERR,ERR,ERR,ERR,ERR,ERR,ERR,ERR,ERR,ERR,ERR,ERR,ERR,ERR,ERR,ERR,ERR,ERR,ERR,ERR,ERR,ERR,ERR,ERR,ERR,ERR,ERR,ERR,ERR,ERR,ERR,ERR,ERR,ERR,ERR,ERR,ERR,ERR,ERR,ERR,ERR,ERR,ERR,ERR,ERR,0.0,-107615296.0,-134474944.0,0.0,0.0,1.3936040501711995e+18,7.805,0.0,0,0,4,0,8422,0.0,45,0.0,0.0,0.0,0.0,0.0,0,0,0,0,0.0,0,0,0,0,0,0,0,0,0,0,0,0,0,0,0,0,0,0,0,0,0,0,0,0,0,0,0,0,0,0,0,0,0,38,14,7,45,65476,0,300,0,0,8,21553,0.0,-107605600.0,0.0,0.0,0.0,0.0,0.0,0.0,0.0,0.0,0.0,0.0,0.0,0.0,0.0,0.0,0.0,0.0,0.0,0.0,0.0,0.0,0.0,2.004,-0.0,0.0,0.0,0.0,0.0,0.0,5010.0,2.422987904532282e+24,0.0,0.0,0.0,-107615280.0,2.718429300292151e+23,0.0,0.0,0.0,0.0,53,4.066880103266858e+29,0.0,0.0,0.0,0.0,0.0,0.0,0.0,0.0,0,0,0,0.0,0.0,0.0,0.0,0.0,0.0,0.0,0.0,0.0,0.0,0.0,0.0,0.0,0.0,0.0,0.0,0,-107875648.0,53,0.0,106,-107614832.0,0.0,ERR,ERR,ERR,ERR,ERR,ERR,ERR,ERR,ERR,ERR,ERR,ERR,ERR,ERR,ERR,ERR,ERR,ERR,ERR,ERR,ERR,ERR,ERR,ERR,ERR,ERR,ERR,ERR,ERR,ERR,ERR,ERR,ERR,ERR,ERR,ERR,ERR,ERR,ERR,ERR,ERR,ERR,ERR,ERR,ERR,ERR,ERR,ERR,ERR,ERR,ERR,ERR,ERR,ERR,ERR,ERR,ERR,ERR,ERR,ERR,ERR,ERR,ERR,ERR,ERR,ERR,ERR,50.0,60.0,100,0.0,0.0,0.0,0.0,0.0,0.0,0.0,0.0,0.0,0.0,0.0,0.0,0.0,0.0,0.0,0.0,61.6,74,14,65512,50,65476,0,300,0,0,8,20529,65476,0,0,26214,60.0,0.0,0.0,0.0,0.0,0.0
2026-05-17T18:23:14,ERR,ERR,ERR,ERR,ERR,ERR,ERR,ERR,ERR,ERR,ERR,ERR,ERR,ERR,ERR,ERR,ERR,ERR,ERR,ERR,ERR,ERR,ERR,ERR,ERR,ERR,ERR,ERR,ERR,ERR,ERR,ERR,ERR,ERR,ERR,ERR,ERR,ERR,ERR,ERR,ERR,ERR,ERR,ERR,ERR,ERR,ERR,ERR,ERR,ERR,ERR,ERR,ERR,ERR,ERR,ERR,ERR,ERR,ERR,ERR,ERR,ERR,ERR,ERR,ERR,ERR,ERR,ERR,ERR,ERR,ERR,ERR,ERR,ERR,ERR,ERR,ERR,ERR,ERR,ERR,ERR,ERR,ERR,ERR,ERR,ERR,ERR,ERR,ERR,ERR,ERR,ERR,ERR,ERR,ERR,ERR,ERR,ERR,ERR,ERR,ERR,ERR,ERR,ERR,ERR,ERR,ERR,ERR,ERR,ERR,ERR,ERR,ERR,ERR,ERR,ERR,ERR,ERR,ERR,ERR,ERR,ERR,ERR,ERR,ERR,0.0,-107615296.0,-134474944.0,0.0,0.0,1.3936040501711995e+18,7.805,0.0,0,0,4,0,8422,0.0,45,0.0,0.0,0.0,0.0,0.0,0,0,0,0,0.0,0,0,0,0,0,0,0,0,0,0,0,0,0,0,0,0,0,0,0,0,0,0,0,0,0,0,0,0,0,0,0,0,0,38,14,7,45,65476,0,300,0,0,8,21553,0.0,-107605600.0,0.0,0.0,0.0,0.0,0.0,0.0,0.0,0.0,0.0,0.0,0.0,0.0,0.0,0.0,0.0,0.0,0.0,0.0,0.0,0.0,0.0,2.004,-0.0,0.0,0.0,0.0,0.0,0.0,5019.0,-0.0,0.0,0.0,-107615296.0,-107615280.0,2.718429300292151e+23,0.0,0.0,0.0,0.0,53,-0.0,4.066853658014554e+29,0.0,0.0,0.0,0.0,0.0,0.0,0.0,0,0,0,0.0,0.0,0.0,0.0,0.0,0.0,0.0,0.0,0.0,0.0,0.0,0.0,0.0,0.0,0.0,0.0,0,-107875648.0,53,0.0,106,-107614832.0,0.0,ERR,ERR,ERR,ERR,ERR,ERR,ERR,ERR,ERR,ERR,ERR,ERR,ERR,ERR,ERR,ERR,ERR,ERR,ERR,ERR,ERR,ERR,ERR,ERR,ERR,ERR,ERR,ERR,ERR,ERR,ERR,ERR,ERR,ERR,ERR,ERR,ERR,ERR,ERR,ERR,ERR,ERR,ERR,ERR,ERR,ERR,ERR,ERR,ERR,ERR,ERR,ERR,ERR,ERR,ERR,ERR,ERR,ERR,ERR,ERR,ERR,ERR,ERR,ERR,ERR,ERR,ERR,50.0,60.0,100,0.0,0.0,0.0,0.0,0.0,0.0,0.0,0.0,0.0,0.0,0.0,0.0,0.0,0.0,0.0,0.0,62.0,74,14,65512,50,65476,0,300,0,0,8,20529,65476,0,0,26214,60.0,0.0,0.0,0.0,0.0,0.0
2026-05-17T18:23:15,ERR,ERR,ERR,ERR,ERR,ERR,ERR,ERR,ERR,ERR,ERR,ERR,ERR,ERR,ERR,ERR,ERR,ERR,ERR,ERR,ERR,ERR,ERR,ERR,ERR,ERR,ERR,ERR,ERR,ERR,ERR,ERR,ERR,ERR,ERR,ERR,ERR,ERR,ERR,ERR,ERR,ERR,ERR,ERR,ERR,ERR,ERR,ERR,ERR,ERR,ERR,ERR,ERR,ERR,ERR,ERR,ERR,ERR,ERR,ERR,ERR,ERR,ERR,ERR,ERR,ERR,ERR,ERR,ERR,ERR,ERR,ERR,ERR,ERR,ERR,ERR,ERR,ERR,ERR,ERR,ERR,ERR,ERR,ERR,ERR,ERR,ERR,ERR,ERR,ERR,ERR,ERR,ERR,ERR,ERR,ERR,ERR,ERR,ERR,ERR,ERR,ERR,ERR,ERR,ERR,ERR,ERR,ERR,ERR,ERR,ERR,ERR,ERR,ERR,ERR,ERR,ERR,ERR,ERR,ERR,ERR,ERR,ERR,ERR,ERR,0.0,-107615296.0,-134474944.0,0.0,0.0,1.3936040501711995e+18,7.805,0.0,0,0,4,0,8422,0.0,45,0.0,0.0,0.0,0.0,0.0,0,0,0,0,0.0,0,0,0,0,0,0,0,0,0,0,0,0,0,0,0,0,0,0,0,0,0,0,0,0,0,0,0,0,0,0,0,0,0,38,14,7,45,65476,0,300,0,0,8,21553,0.0,-107605600.0,0.0,0.0,0.0,0.0,0.0,0.0,0.0,0.0,0.0,0.0,0.0,0.0,0.0,0.0,0.0,0.0,0.0,0.0,0.0,0.0,0.0,2.004,-0.0,0.0,0.0,0.0,0.0,0.0,5019.0,-0.0,0.0,0.0,-107615296.0,-107615280.0,2.718429300292151e+23,0.0,0.0,0.0,0.0,53,-0.0,4.066853658014554e+29,0.0,0.0,0.0,0.0,0.0,0.0,0.0,0,0,0,0.0,0.0,0.0,0.0,0.0,0.0,0.0,0.0,0.0,0.0,0.0,0.0,0.0,0.0,0.0,0.0,0,-107875648.0,53,0.0,106,-107614832.0,0.0,ERR,ERR,ERR,ERR,ERR,ERR,ERR,ERR,ERR,ERR,ERR,ERR,ERR,ERR,ERR,ERR,ERR,ERR,ERR,ERR,ERR,ERR,ERR,ERR,ERR,ERR,ERR,ERR,ERR,ERR,ERR,ERR,ERR,ERR,ERR,ERR,ERR,ERR,ERR,ERR,ERR,ERR,ERR,ERR,ERR,ERR,ERR,ERR,ERR,ERR,ERR,ERR,ERR,ERR,ERR,ERR,ERR,ERR,ERR,ERR,ERR,ERR,ERR,ERR,ERR,ERR,ERR,50.0,60.0,100,0.0,0.0,0.0,0.0,0.0,0.0,0.0,0.0,0.0,0.0,0.0,0.0,0.0,0.0,0.0,0.0,61.6,74,14,65512,50,65476,0,300,0,0,8,20529,65476,0,0,26214,60.0,0.0,0.0,0.0,0.0,0.0
2026-05-17T18:23:16,ERR,ERR,ERR,ERR,ERR,ERR,ERR,ERR,ERR,ERR,ERR,ERR,ERR,ERR,ERR,ERR,ERR,ERR,ERR,ERR,ERR,ERR,ERR,ERR,ERR,ERR,ERR,ERR,ERR,ERR,ERR,ERR,ERR,ERR,ERR,ERR,ERR,ERR,ERR,ERR,ERR,ERR,ERR,ERR,ERR,ERR,ERR,ERR,ERR,ERR,ERR,ERR,ERR,ERR,ERR,ERR,ERR,ERR,ERR,ERR,ERR,ERR,ERR,ERR,ERR,ERR,ERR,ERR,ERR,ERR,ERR,ERR,ERR,ERR,ERR,ERR,ERR,ERR,ERR,ERR,ERR,ERR,ERR,ERR,ERR,ERR,ERR,ERR,ERR,ERR,ERR,ERR,ERR,ERR,ERR,ERR,ERR,ERR,ERR,ERR,ERR,ERR,ERR,ERR,ERR,ERR,ERR,ERR,ERR,ERR,ERR,ERR,ERR,ERR,ERR,ERR,ERR,ERR,ERR,ERR,ERR,ERR,ERR,ERR,ERR,0.0,-107615296.0,-134474944.0,0.0,0.0,1.3936040501711995e+18,7.805,0.0,0,0,4,0,8422,0.0,45,0.0,0.0,0.0,0.0,0.0,0,0,0,0,0.0,0,0,0,0,0,0,0,0,0,0,0,0,0,0,0,0,0,0,0,0,0,0,0,0,0,0,0,0,0,0,0,0,0,38,14,7,45,65476,0,300,0,0,8,21553,0.0,-107605600.0,0.0,0.0,0.0,0.0,0.0,0.0,0.0,0.0,0.0,0.0,0.0,0.0,0.0,0.0,0.0,0.0,0.0,0.0,0.0,0.0,0.0,2.004,-0.0,0.0,0.0,0.0,0.0,0.0,5019.0,-0.0,0.0,0.0,-107615296.0,-107615280.0,2.718429300292151e+23,0.0,0.0,0.0,0.0,53,-0.0,4.066853658014554e+29,0.0,0.0,0.0,0.0,0.0,0.0,0.0,0,0,0,0.0,0.0,0.0,0.0,0.0,0.0,0.0,0.0,0.0,0.0,0.0,0.0,0.0,0.0,0.0,0.0,0,-107875648.0,53,0.0,106,-107614832.0,0.0,ERR,ERR,ERR,ERR,ERR,ERR,ERR,ERR,ERR,ERR,ERR,ERR,ERR,ERR,ERR,ERR,ERR,ERR,ERR,ERR,ERR,ERR,ERR,ERR,ERR,ERR,ERR,ERR,ERR,ERR,ERR,ERR,ERR,ERR,ERR,ERR,ERR,ERR,ERR,ERR,ERR,ERR,ERR,ERR,ERR,ERR,ERR,ERR,ERR,ERR,ERR,ERR,ERR,ERR,ERR,ERR,ERR,ERR,ERR,ERR,ERR,ERR,ERR,ERR,ERR,ERR,ERR,50.0,60.0,100,0.0,0.0,0.0,0.0,0.0,0.0,0.0,0.0,0.0,0.0,0.0,0.0,0.0,0.0,0.0,0.0,61.6,74,14,65512,50,65476,0,300,0,0,8,20529,65476,0,0,26214,60.0,0.0,0.0,0.0,0.0,0.0
2026-05-17T18:23:17,ERR,ERR,ERR,ERR,ERR,ERR,ERR,ERR,ERR,ERR,ERR,ERR,ERR,ERR,ERR,ERR,ERR,ERR,ERR,ERR,ERR,ERR,ERR,ERR,ERR,ERR,ERR,ERR,ERR,ERR,ERR,ERR,ERR,ERR,ERR,ERR,ERR,ERR,ERR,ERR,ERR,ERR,ERR,ERR,ERR,ERR,ERR,ERR,ERR,ERR,ERR,ERR,ERR,ERR,ERR,ERR,ERR,ERR,ERR,ERR,ERR,ERR,ERR,ERR,ERR,ERR,ERR,ERR,ERR,ERR,ERR,ERR,ERR,ERR,ERR,ERR,ERR,ERR,ERR,ERR,ERR,ERR,ERR,ERR,ERR,ERR,ERR,ERR,ERR,ERR,ERR,ERR,ERR,ERR,ERR,ERR,ERR,ERR,ERR,ERR,ERR,ERR,ERR,ERR,ERR,ERR,ERR,ERR,ERR,ERR,ERR,ERR,ERR,ERR,ERR,ERR,ERR,ERR,ERR,ERR,ERR,ERR,ERR,ERR,ERR,0.0,-107615296.0,-134474944.0,0.0,0.0,1.3936040501711995e+18,7.805,0.0,0,0,4,0,8422,0.0,45,0.0,0.0,0.0,0.0,0.0,0,0,0,0,0.0,0,0,0,0,0,0,0,0,0,0,0,0,0,0,0,0,0,0,0,0,0,0,0,0,0,0,0,0,0,0,0,0,0,38,14,7,45,65476,0,300,0,0,8,21553,0.0,-107605600.0,0.0,0.0,0.0,0.0,0.0,0.0,0.0,0.0,0.0,0.0,0.0,0.0,0.0,0.0,0.0,0.0,0.0,0.0,0.0,0.0,0.0,2.004,-0.0,0.0,0.0,0.0,0.0,0.0,5019.0,-0.0,0.0,0.0,-107615296.0,-107615280.0,2.718429300292151e+23,0.0,0.0,0.0,0.0,53,-0.0,4.066853658014554e+29,0.0,0.0,0.0,0.0,0.0,0.0,0.0,0,0,0,0.0,0.0,0.0,0.0,0.0,0.0,0.0,0.0,0.0,0.0,0.0,0.0,0.0,0.0,0.0,0.0,0,-107875648.0,53,0.0,106,-107614832.0,0.0,ERR,ERR,ERR,ERR,ERR,ERR,ERR,ERR,ERR,ERR,ERR,ERR,ERR,ERR,ERR,ERR,ERR,ERR,ERR,ERR,ERR,ERR,ERR,ERR,ERR,ERR,ERR,ERR,ERR,ERR,ERR,ERR,ERR,ERR,ERR,ERR,ERR,ERR,ERR,ERR,ERR,ERR,ERR,ERR,ERR,ERR,ERR,ERR,ERR,ERR,ERR,ERR,ERR,ERR,ERR,ERR,ERR,ERR,ERR,ERR,ERR,ERR,ERR,ERR,ERR,ERR,ERR,50.0,60.0,100,0.0,0.0,0.0,0.0,0.0,0.0,0.0,0.0,0.0,0.0,0.0,0.0,0.0,0.0,0.0,0.0,61.6,74,14,65512,50,65476,0,300,0,0,8,20529,65476,0,0,26214,60.0,0.0,0.0,0.0,0.0,0.0
2026-05-17T18:23:18,ERR,ERR,ERR,ERR,ERR,ERR,ERR,ERR,ERR,ERR,ERR,ERR,ERR,ERR,ERR,ERR,ERR,ERR,ERR,ERR,ERR,ERR,ERR,ERR,ERR,ERR,ERR,ERR,ERR,ERR,ERR,ERR,ERR,ERR,ERR,ERR,ERR,ERR,ERR,ERR,ERR,ERR,ERR,ERR,ERR,ERR,ERR,ERR,ERR,ERR,ERR,ERR,ERR,ERR,ERR,ERR,ERR,ERR,ERR,ERR,ERR,ERR,ERR,ERR,ERR,ERR,ERR,ERR,ERR,ERR,ERR,ERR,ERR,ERR,ERR,ERR,ERR,ERR,ERR,ERR,ERR,ERR,ERR,ERR,ERR,ERR,ERR,ERR,ERR,ERR,ERR,ERR,ERR,ERR,ERR,ERR,ERR,ERR,ERR,ERR,ERR,ERR,ERR,ERR,ERR,ERR,ERR,ERR,ERR,ERR,ERR,ERR,ERR,ERR,ERR,ERR,ERR,ERR,ERR,ERR,ERR,ERR,ERR,ERR,ERR,0.0,-107615296.0,-134474944.0,0.0,0.0,1.3936040501711995e+18,7.805,0.0,0,0,4,0,8422,0.0,45,0.0,0.0,0.0,0.0,0.0,0,0,0,0,0.0,0,0,0,0,0,0,0,0,0,0,0,0,0,0,0,0,0,0,0,0,0,0,0,0,0,0,0,0,0,0,0,0,0,38,14,7,45,65476,0,300,0,0,8,21553,0.0,-107605600.0,0.0,0.0,0.0,0.0,0.0,0.0,0.0,0.0,0.0,0.0,0.0,0.0,0.0,0.0,0.0,0.0,0.0,0.0,0.0,0.0,0.0,2.004,-0.0,0.0,0.0,0.0,0.0,0.0,5019.0,-0.0,0.0,0.0,-107615296.0,-107615280.0,2.718429300292151e+23,0.0,0.0,0.0,0.0,53,-0.0,4.066853658014554e+29,0.0,0.0,0.0,0.0,0.0,0.0,0.0,0,0,0,0.0,0.0,0.0,0.0,0.0,0.0,0.0,0.0,0.0,0.0,0.0,0.0,0.0,0.0,0.0,0.0,0,-107875648.0,53,0.0,106,-107614832.0,0.0,ERR,ERR,ERR,ERR,ERR,ERR,ERR,ERR,ERR,ERR,ERR,ERR,ERR,ERR,ERR,ERR,ERR,ERR,ERR,ERR,ERR,ERR,ERR,ERR,ERR,ERR,ERR,ERR,ERR,ERR,ERR,ERR,ERR,ERR,ERR,ERR,ERR,ERR,ERR,ERR,ERR,ERR,ERR,ERR,ERR,ERR,ERR,ERR,ERR,ERR,ERR,ERR,ERR,ERR,ERR,ERR,ERR,ERR,ERR,ERR,ERR,ERR,ERR,ERR,ERR,ERR,ERR,50.0,60.0,100,0.0,0.0,0.0,0.0,0.0,0.0,0.0,0.0,0.0,0.0,0.0,0.0,0.0,0.0,0.0,0.0,61.6,74,14,65512,50,65476,0,300,0,0,8,20529,65476,0,0,26214,60.0,0.0,0.0,0.0,0.0,0.0
2026-05-17T18:23:19,ERR,ERR,ERR,ERR,ERR,ERR,ERR,ERR,ERR,ERR,ERR,ERR,ERR,ERR,ERR,ERR,ERR,ERR,ERR,ERR,ERR,ERR,ERR,ERR,ERR,ERR,ERR,ERR,ERR,ERR,ERR,ERR,ERR,ERR,ERR,ERR,ERR,ERR,ERR,ERR,ERR,ERR,ERR,ERR,ERR,ERR,ERR,ERR,ERR,ERR,ERR,ERR,ERR,ERR,ERR,ERR,ERR,ERR,ERR,ERR,ERR,ERR,ERR,ERR,ERR,ERR,ERR,ERR,ERR,ERR,ERR,ERR,ERR,ERR,ERR,ERR,ERR,ERR,ERR,ERR,ERR,ERR,ERR,ERR,ERR,ERR,ERR,ERR,ERR,ERR,ERR,ERR,ERR,ERR,ERR,ERR,ERR,ERR,ERR,ERR,ERR,ERR,ERR,ERR,ERR,ERR,ERR,ERR,ERR,ERR,ERR,ERR,ERR,ERR,ERR,ERR,ERR,ERR,ERR,ERR,ERR,ERR,ERR,ERR,ERR,0.0,0.0,0.0,0.0,0.0,1.3936040501711995e+18,7.805,0.0,0,0,4,0,8422,0.0,45,0.0,0.0,0.0,0.0,0.0,0,0,0,0,0.0,0,0,0,0,0,0,0,0,0,0,0,0,0,0,0,0,0,0,0,0,0,0,0,0,0,0,0,0,0,0,0,0,0,38,14,7,45,65476,0,300,0,0,8,21553,0.0,-107605600.0,0.0,0.0,0.0,0.0,0.0,0.0,0.0,0.0,0.0,0.0,0.0,0.0,0.0,0.0,0.0,0.0,0.0,0.0,0.0,0.0,0.0,0.0,-0.0,0.0,0.0,0.0,0.0,0.0,5019.0,-0.0,0.0,0.0,-107615296.0,-107615280.0,2.718429300292151e+23,0.0,0.0,0.0,0.0,53,-0.0,5.848055683159391e+35,0.0,0.0,0.0,0.0,0.0,0.0,0.0,0,0,0,0.0,0.0,0.0,0.0,0.0,0.0,0.0,0.0,0.0,0.0,0.0,0.0,0.0,0.0,0.0,0.0,0,-107875648.0,53,0.0,106,-107614832.0,0.0,ERR,ERR,ERR,ERR,ERR,ERR,ERR,ERR,ERR,ERR,ERR,ERR,ERR,ERR,ERR,ERR,ERR,ERR,ERR,ERR,ERR,ERR,ERR,ERR,ERR,ERR,ERR,ERR,ERR,ERR,ERR,ERR,ERR,ERR,ERR,ERR,ERR,ERR,ERR,ERR,ERR,ERR,ERR,ERR,ERR,ERR,ERR,ERR,ERR,ERR,ERR,ERR,ERR,ERR,ERR,ERR,ERR,ERR,ERR,ERR,ERR,ERR,ERR,ERR,ERR,ERR,ERR,50.0,60.0,100,0.0,0.0,0.0,0.0,0.0,0.0,0.0,0.0,0.0,0.0,0.0,0.0,0.0,0.0,0.0,0.0,61.6,74,14,65512,50,65476,0,300,0,0,8,20529,65476,0,0,26214,60.0,0.0,0.0,0.0,0.0,0.0
2026-05-17T18:23:20,ERR,ERR,ERR,ERR,ERR,ERR,ERR,ERR,ERR,ERR,ERR,ERR,ERR,ERR,ERR,ERR,ERR,ERR,ERR,ERR,ERR,ERR,ERR,ERR,ERR,ERR,ERR,ERR,ERR,ERR,ERR,ERR,ERR,ERR,ERR,ERR,ERR,ERR,ERR,ERR,ERR,ERR,ERR,ERR,ERR,ERR,ERR,ERR,ERR,ERR,ERR,ERR,ERR,ERR,ERR,ERR,ERR,ERR,ERR,ERR,ERR,ERR,ERR,ERR,ERR,ERR,ERR,ERR,ERR,ERR,ERR,ERR,ERR,ERR,ERR,ERR,ERR,ERR,ERR,ERR,ERR,ERR,ERR,ERR,ERR,ERR,ERR,ERR,ERR,ERR,ERR,ERR,ERR,ERR,ERR,ERR,ERR,ERR,ERR,ERR,ERR,ERR,ERR,ERR,ERR,ERR,ERR,ERR,ERR,ERR,ERR,ERR,ERR,ERR,ERR,ERR,ERR,ERR,ERR,ERR,ERR,ERR,ERR,ERR,ERR,0.0,0.0,0.0,0.0,0.0,1.3936040501711995e+18,7.805,0.0,0,0,4,0,8422,0.0,45,0.0,0.0,0.0,0.0,0.0,0,0,0,0,0.0,0,0,0,0,0,0,0,0,0,0,0,0,0,0,0,0,0,0,0,0,0,0,0,0,0,0,0,0,0,0,0,0,0,38,14,7,45,65476,0,300,0,0,8,21553,0.0,-107605600.0,0.0,0.0,0.0,0.0,0.0,0.0,0.0,0.0,0.0,0.0,0.0,0.0,0.0,0.0,0.0,0.0,0.0,0.0,0.0,0.0,0.0,0.0,-0.0,0.0,0.0,0.0,0.0,0.0,5019.0,-0.0,0.0,0.0,-107615296.0,-107615280.0,2.718429300292151e+23,0.0,0.0,0.0,0.0,53,-0.0,5.848055683159391e+35,0.0,0.0,0.0,0.0,0.0,0.0,0.0,0,0,0,0.0,0.0,0.0,0.0,0.0,0.0,0.0,0.0,0.0,0.0,0.0,0.0,0.0,0.0,0.0,0.0,0,-107875648.0,53,0.0,106,-107614832.0,0.0,ERR,ERR,ERR,ERR,ERR,ERR,ERR,ERR,ERR,ERR,ERR,ERR,ERR,ERR,ERR,ERR,ERR,ERR,ERR,ERR,ERR,ERR,ERR,ERR,ERR,ERR,ERR,ERR,ERR,ERR,ERR,ERR,ERR,ERR,ERR,ERR,ERR,ERR,ERR,ERR,ERR,ERR,ERR,ERR,ERR,ERR,ERR,ERR,ERR,ERR,ERR,ERR,ERR,ERR,ERR,ERR,ERR,ERR,ERR,ERR,ERR,ERR,ERR,ERR,ERR,ERR,ERR,50.0,60.0,100,0.0,0.0,0.0,0.0,0.0,0.0,0.0,0.0,0.0,0.0,0.0,0.0,0.0,0.0,0.0,0.0,61.6,74,14,65512,50,65476,0,300,0,0,8,20529,65476,0,0,26214,60.0,0.0,0.0,0.0,0.0,0.0
2026-05-17T18:23:21,ERR,ERR,ERR,ERR,ERR,ERR,ERR,ERR,ERR,ERR,ERR,ERR,ERR,ERR,ERR,ERR,ERR,ERR,ERR,ERR,ERR,ERR,ERR,ERR,ERR,ERR,ERR,ERR,ERR,ERR,ERR,ERR,ERR,ERR,ERR,ERR,ERR,ERR,ERR,ERR,ERR,ERR,ERR,ERR,ERR,ERR,ERR,ERR,ERR,ERR,ERR,ERR,ERR,ERR,ERR,ERR,ERR,ERR,ERR,ERR,ERR,ERR,ERR,ERR,ERR,ERR,ERR,ERR,ERR,ERR,ERR,ERR,ERR,ERR,ERR,ERR,ERR,ERR,ERR,ERR,ERR,ERR,ERR,ERR,ERR,ERR,ERR,ERR,ERR,ERR,ERR,ERR,ERR,ERR,ERR,ERR,ERR,ERR,ERR,ERR,ERR,ERR,ERR,ERR,ERR,ERR,ERR,ERR,ERR,ERR,ERR,ERR,ERR,ERR,ERR,ERR,ERR,ERR,ERR,ERR,ERR,ERR,ERR,ERR,ERR,0.0,0.0,0.0,0.0,0.0,1.3936040501711995e+18,7.805,0.0,0,0,4,0,8422,0.0,45,0.0,0.0,0.0,0.0,0.0,0,0,0,0,0.0,0,0,0,0,0,0,0,0,0,0,0,0,0,0,0,0,0,0,0,0,0,0,0,0,0,0,0,0,0,0,0,0,0,38,14,7,45,65476,0,300,0,0,8,21553,0.0,-107605600.0,0.0,0.0,0.0,0.0,0.0,0.0,0.0,0.0,0.0,0.0,0.0,0.0,0.0,0.0,0.0,0.0,0.0,0.0,0.0,0.0,0.0,0.0,-0.0,0.0,0.0,0.0,0.0,0.0,5019.0,-0.0,0.0,0.0,-107615296.0,-107615280.0,2.718429300292151e+23,0.0,0.0,0.0,0.0,53,-0.0,5.848055683159391e+35,0.0,0.0,0.0,0.0,0.0,0.0,0.0,0,0,0,0.0,0.0,0.0,0.0,0.0,0.0,0.0,0.0,0.0,0.0,0.0,0.0,0.0,0.0,0.0,0.0,0,-107875648.0,53,0.0,106,-107614832.0,0.0,ERR,ERR,ERR,ERR,ERR,ERR,ERR,ERR,ERR,ERR,ERR,ERR,ERR,ERR,ERR,ERR,ERR,ERR,ERR,ERR,ERR,ERR,ERR,ERR,ERR,ERR,ERR,ERR,ERR,ERR,ERR,ERR,ERR,ERR,ERR,ERR,ERR,ERR,ERR,ERR,ERR,ERR,ERR,ERR,ERR,ERR,ERR,ERR,ERR,ERR,ERR,ERR,ERR,ERR,ERR,ERR,ERR,ERR,ERR,ERR,ERR,ERR,ERR,ERR,ERR,ERR,ERR,50.0,60.0,100,0.0,0.0,0.0,0.0,0.0,0.0,0.0,0.0,0.0,0.0,0.0,0.0,0.0,0.0,0.0,0.0,61.6,74,14,65512,50,65476,0,300,0,0,8,20529,65476,0,0,26214,60.0,0.0,0.0,0.0,0.0,0.0
2026-05-17T18:23:22,ERR,ERR,ERR,ERR,ERR,ERR,ERR,ERR,ERR,ERR,ERR,ERR,ERR,ERR,ERR,ERR,ERR,ERR,ERR,ERR,ERR,ERR,ERR,ERR,ERR,ERR,ERR,ERR,ERR,ERR,ERR,ERR,ERR,ERR,ERR,ERR,ERR,ERR,ERR,ERR,ERR,ERR,ERR,ERR,ERR,ERR,ERR,ERR,ERR,ERR,ERR,ERR,ERR,ERR,ERR,ERR,ERR,ERR,ERR,ERR,ERR,ERR,ERR,ERR,ERR,ERR,ERR,ERR,ERR,ERR,ERR,ERR,ERR,ERR,ERR,ERR,ERR,ERR,ERR,ERR,ERR,ERR,ERR,ERR,ERR,ERR,ERR,ERR,ERR,ERR,ERR,ERR,ERR,ERR,ERR,ERR,ERR,ERR,ERR,ERR,ERR,ERR,ERR,ERR,ERR,ERR,ERR,ERR,ERR,ERR,ERR,ERR,ERR,ERR,ERR,ERR,ERR,ERR,ERR,ERR,ERR,ERR,ERR,ERR,ERR,0.0,0.0,0.0,0.0,0.0,1.3936040501711995e+18,7.805,0.0,0,0,4,0,8422,0.0,45,0.0,0.0,0.0,0.0,0.0,0,0,0,0,0.0,0,0,0,0,0,0,0,0,0,0,0,0,0,0,0,0,0,0,0,0,0,0,0,0,0,0,0,0,0,0,0,0,0,38,14,7,45,65476,0,300,0,0,8,21553,0.0,-107605600.0,0.0,0.0,0.0,0.0,0.0,0.0,0.0,0.0,0.0,0.0,0.0,0.0,0.0,0.0,0.0,0.0,0.0,0.0,0.0,0.0,0.0,0.0,-0.0,0.0,0.0,0.0,0.0,0.0,5019.0,-0.0,0.0,0.0,-107615296.0,-107615280.0,2.718429300292151e+23,0.0,0.0,0.0,0.0,53,-0.0,5.848055683159391e+35,0.0,0.0,0.0,0.0,0.0,0.0,0.0,0,0,0,0.0,0.0,0.0,0.0,0.0,0.0,0.0,0.0,0.0,0.0,0.0,0.0,0.0,0.0,0.0,0.0,0,-107875648.0,53,0.0,106,-107614832.0,0.0,ERR,ERR,ERR,ERR,ERR,ERR,ERR,ERR,ERR,ERR,ERR,ERR,ERR,ERR,ERR,ERR,ERR,ERR,ERR,ERR,ERR,ERR,ERR,ERR,ERR,ERR,ERR,ERR,ERR,ERR,ERR,ERR,ERR,ERR,ERR,ERR,ERR,ERR,ERR,ERR,ERR,ERR,ERR,ERR,ERR,ERR,ERR,ERR,ERR,ERR,ERR,ERR,ERR,ERR,ERR,ERR,ERR,ERR,ERR,ERR,ERR,ERR,ERR,ERR,ERR,ERR,ERR,50.0,60.0,100,0.0,0.0,0.0,0.0,0.0,0.0,0.0,0.0,0.0,0.0,0.0,0.0,0.0,0.0,0.0,0.0,61.6,74,14,65512,50,65476,0,300,0,0,8,20529,65476,0,0,26214,60.0,0.0,0.0,0.0,0.0,0.0
2026-05-17T18:23:23,ERR,ERR,ERR,ERR,ERR,ERR,ERR,ERR,ERR,ERR,ERR,ERR,ERR,ERR,ERR,ERR,ERR,ERR,ERR,ERR,ERR,ERR,ERR,ERR,ERR,ERR,ERR,ERR,ERR,ERR,ERR,ERR,ERR,ERR,ERR,ERR,ERR,ERR,ERR,ERR,ERR,ERR,ERR,ERR,ERR,ERR,ERR,ERR,ERR,ERR,ERR,ERR,ERR,ERR,ERR,ERR,ERR,ERR,ERR,ERR,ERR,ERR,ERR,ERR,ERR,ERR,ERR,ERR,ERR,ERR,ERR,ERR,ERR,ERR,ERR,ERR,ERR,ERR,ERR,ERR,ERR,ERR,ERR,ERR,ERR,ERR,ERR,ERR,ERR,ERR,ERR,ERR,ERR,ERR,ERR,ERR,ERR,ERR,ERR,ERR,ERR,ERR,ERR,ERR,ERR,ERR,ERR,ERR,ERR,ERR,ERR,ERR,ERR,ERR,ERR,ERR,ERR,ERR,ERR,ERR,ERR,ERR,ERR,ERR,ERR,0.0,0.0,0.0,0.0,0.0,1.3936040501711995e+18,7.805,0.0,0,0,4,0,8422,0.0,45,0.0,0.0,0.0,0.0,0.0,0,0,0,0,0.0,0,0,0,0,0,0,0,0,0,0,0,0,0,0,0,0,0,0,0,0,0,0,0,0,0,0,0,0,0,0,0,0,0,38,14,7,45,65476,0,300,0,0,8,21553,0.0,-107605600.0,0.0,0.0,0.0,0.0,0.0,0.0,0.0,0.0,0.0,0.0,0.0,0.0,0.0,0.0,0.0,0.0,0.0,0.0,0.0,0.0,0.0,0.0,-0.0,0.0,0.0,0.0,0.0,0.0,5019.0,-0.0,0.0,0.0,-107615296.0,-107615280.0,2.718429300292151e+23,0.0,0.0,0.0,0.0,53,-0.0,5.848055683159391e+35,0.0,0.0,0.0,0.0,0.0,0.0,0.0,0,0,0,0.0,0.0,0.0,0.0,0.0,0.0,0.0,0.0,0.0,0.0,0.0,0.0,0.0,0.0,0.0,0.0,0,-107875648.0,53,0.0,106,-107614832.0,0.0,ERR,ERR,ERR,ERR,ERR,ERR,ERR,ERR,ERR,ERR,ERR,ERR,ERR,ERR,ERR,ERR,ERR,ERR,ERR,ERR,ERR,ERR,ERR,ERR,ERR,ERR,ERR,ERR,ERR,ERR,ERR,ERR,ERR,ERR,ERR,ERR,ERR,ERR,ERR,ERR,ERR,ERR,ERR,ERR,ERR,ERR,ERR,ERR,ERR,ERR,ERR,ERR,ERR,ERR,ERR,ERR,ERR,ERR,ERR,ERR,ERR,ERR,ERR,ERR,ERR,ERR,ERR,50.0,60.0,100,0.0,0.0,0.0,0.0,0.0,0.0,0.0,0.0,0.0,0.0,0.0,0.0,0.0,0.0,0.0,0.0,61.6,74,14,65512,50,65476,0,300,0,0,8,20529,65476,0,0,26214,60.0,0.0,0.0,0.0,0.0,0.0
2026-05-17T18:23:24,ERR,ERR,ERR,ERR,ERR,ERR,ERR,ERR,ERR,ERR,ERR,ERR,ERR,ERR,ERR,ERR,ERR,ERR,ERR,ERR,ERR,ERR,ERR,ERR,ERR,ERR,ERR,ERR,ERR,ERR,ERR,ERR,ERR,ERR,ERR,ERR,ERR,ERR,ERR,ERR,ERR,ERR,ERR,ERR,ERR,ERR,ERR,ERR,ERR,ERR,ERR,ERR,ERR,ERR,ERR,ERR,ERR,ERR,ERR,ERR,ERR,ERR,ERR,ERR,ERR,ERR,ERR,ERR,ERR,ERR,ERR,ERR,ERR,ERR,ERR,ERR,ERR,ERR,ERR,ERR,ERR,ERR,ERR,ERR,ERR,ERR,ERR,ERR,ERR,ERR,ERR,ERR,ERR,ERR,ERR,ERR,ERR,ERR,ERR,ERR,ERR,ERR,ERR,ERR,ERR,ERR,ERR,ERR,ERR,ERR,ERR,ERR,ERR,ERR,ERR,ERR,ERR,ERR,ERR,ERR,ERR,ERR,ERR,ERR,ERR,0.0,0.0,0.0,0.0,0.0,1.3936040501711995e+18,7.805,0.0,0,0,4,0,8422,0.0,45,0.0,0.0,0.0,0.0,0.0,0,0,0,0,0.0,0,0,0,0,0,0,0,0,0,0,0,0,0,0,0,0,0,0,0,0,0,0,0,0,0,0,0,0,0,0,0,0,0,38,14,7,45,65476,0,300,0,0,8,21553,0.0,-107605600.0,0.0,0.0,0.0,0.0,0.0,0.0,0.0,0.0,0.0,0.0,0.0,0.0,0.0,0.0,0.0,0.0,0.0,0.0,0.0,0.0,0.0,2.004,-0.0,0.0,0.0,0.0,0.0,0.0,5011.0,1.5879293531142762e+29,0.0,0.0,0.0,-107615280.0,2.718429300292151e+23,0.0,0.0,0.0,0.0,53,4.950428597886765e+32,0.059,0.0,0.0,0.0,0.0,0.0,0.0,0.0,0,0,0,0.0,0.0,0.0,0.0,0.0,0.0,0.0,0.0,0.0,0.0,0.0,0.0,0.0,0.0,0.0,0.0,0,-107875648.0,53,0.0,106,-107614832.0,0.0,ERR,ERR,ERR,ERR,ERR,ERR,ERR,ERR,ERR,ERR,ERR,ERR,ERR,ERR,ERR,ERR,ERR,ERR,ERR,ERR,ERR,ERR,ERR,ERR,ERR,ERR,ERR,ERR,ERR,ERR,ERR,ERR,ERR,ERR,ERR,ERR,ERR,ERR,ERR,ERR,ERR,ERR,ERR,ERR,ERR,ERR,ERR,ERR,ERR,ERR,ERR,ERR,ERR,ERR,ERR,ERR,ERR,ERR,ERR,ERR,ERR,ERR,ERR,ERR,ERR,ERR,ERR,50.0,60.0,100,0.0,0.0,0.0,0.0,0.0,0.0,0.0,0.0,0.0,0.0,0.0,0.0,0.0,0.0,0.0,0.0,61.6,74,14,65512,50,65476,0,300,0,0,8,20529,65476,0,0,26214,60.0,0.0,0.0,0.0,0.0,0.0
2026-05-17T18:23:25,ERR,ERR,ERR,ERR,ERR,ERR,ERR,ERR,ERR,ERR,ERR,ERR,ERR,ERR,ERR,ERR,ERR,ERR,ERR,ERR,ERR,ERR,ERR,ERR,ERR,ERR,ERR,ERR,ERR,ERR,ERR,ERR,ERR,ERR,ERR,ERR,ERR,ERR,ERR,ERR,ERR,ERR,ERR,ERR,ERR,ERR,ERR,ERR,ERR,ERR,ERR,ERR,ERR,ERR,ERR,ERR,ERR,ERR,ERR,ERR,ERR,ERR,ERR,ERR,ERR,ERR,ERR,ERR,ERR,ERR,ERR,ERR,ERR,ERR,ERR,ERR,ERR,ERR,ERR,ERR,ERR,ERR,ERR,ERR,ERR,ERR,ERR,ERR,ERR,ERR,ERR,ERR,ERR,ERR,ERR,ERR,ERR,ERR,ERR,ERR,ERR,ERR,ERR,ERR,ERR,ERR,ERR,ERR,ERR,ERR,ERR,ERR,ERR,ERR,ERR,ERR,ERR,ERR,ERR,ERR,ERR,ERR,ERR,ERR,ERR,0.0,0.0,0.0,0.0,0.0,1.3936040501711995e+18,7.805,0.0,0,0,4,0,8422,0.0,45,0.0,0.0,0.0,0.0,0.0,0,0,0,0,0.0,0,0,0,0,0,0,0,0,0,0,0,0,0,0,0,0,0,0,0,0,0,0,0,0,0,0,0,0,0,0,0,0,0,38,14,7,45,65476,0,300,0,0,8,21553,0.0,-107605600.0,0.0,0.0,0.0,0.0,0.0,0.0,0.0,0.0,0.0,0.0,0.0,0.0,0.0,0.0,0.0,0.0,0.0,0.0,0.0,0.0,0.0,2.004,-0.0,0.0,0.0,0.0,0.0,0.0,5011.0,1.5879293531142762e+29,0.0,0.0,0.0,-107615280.0,2.718429300292151e+23,0.0,0.0,0.0,0.0,53,4.950428597886765e+32,0.059,0.0,0.0,0.0,0.0,0.0,0.0,0.0,0,0,0,0.0,0.0,0.0,0.0,0.0,0.0,0.0,0.0,0.0,0.0,0.0,0.0,0.0,0.0,0.0,0.0,0,-107875648.0,53,0.0,106,-107614832.0,0.0,ERR,ERR,ERR,ERR,ERR,ERR,ERR,ERR,ERR,ERR,ERR,ERR,ERR,ERR,ERR,ERR,ERR,ERR,ERR,ERR,ERR,ERR,ERR,ERR,ERR,ERR,ERR,ERR,ERR,ERR,ERR,ERR,ERR,ERR,ERR,ERR,ERR,ERR,ERR,ERR,ERR,ERR,ERR,ERR,ERR,ERR,ERR,ERR,ERR,ERR,ERR,ERR,ERR,ERR,ERR,ERR,ERR,ERR,ERR,ERR,ERR,ERR,ERR,ERR,ERR,ERR,ERR,50.0,60.0,100,0.0,0.0,0.0,0.0,0.0,0.0,0.0,0.0,0.0,0.0,0.0,0.0,0.0,0.0,0.0,0.0,61.6,74,14,65512,50,65476,0,300,0,0,8,20529,65476,0,0,26214,60.0,0.0,0.0,0.0,0.0,0.0
2026-05-17T18:23:26,ERR,ERR,ERR,ERR,ERR,ERR,ERR,ERR,ERR,ERR,ERR,ERR,ERR,ERR,ERR,ERR,ERR,ERR,ERR,ERR,ERR,ERR,ERR,ERR,ERR,ERR,ERR,ERR,ERR,ERR,ERR,ERR,ERR,ERR,ERR,ERR,ERR,ERR,ERR,ERR,ERR,ERR,ERR,ERR,ERR,ERR,ERR,ERR,ERR,ERR,ERR,ERR,ERR,ERR,ERR,ERR,ERR,ERR,ERR,ERR,ERR,ERR,ERR,ERR,ERR,ERR,ERR,ERR,ERR,ERR,ERR,ERR,ERR,ERR,ERR,ERR,ERR,ERR,ERR,ERR,ERR,ERR,ERR,ERR,ERR,ERR,ERR,ERR,ERR,ERR,ERR,ERR,ERR,ERR,ERR,ERR,ERR,ERR,ERR,ERR,ERR,ERR,ERR,ERR,ERR,ERR,ERR,ERR,ERR,ERR,ERR,ERR,ERR,ERR,ERR,ERR,ERR,ERR,ERR,ERR,ERR,ERR,ERR,ERR,ERR,0.0,0.0,0.0,0.0,0.0,1.3936040501711995e+18,7.805,0.0,0,0,4,0,8422,0.0,45,0.0,0.0,0.0,0.0,0.0,0,0,0,0,0.0,0,0,0,0,0,0,0,0,0,0,0,0,0,0,0,0,0,0,0,0,0,0,0,0,0,0,0,0,0,0,0,0,0,38,14,7,45,65476,0,300,0,0,8,21553,0.0,-107605600.0,0.0,0.0,0.0,0.0,0.0,0.0,0.0,0.0,0.0,0.0,0.0,0.0,0.0,0.0,0.0,0.0,0.0,0.0,0.0,0.0,0.0,2.004,-0.0,0.0,0.0,0.0,0.0,0.0,5011.0,1.5879293531142762e+29,0.0,0.0,0.0,-107615280.0,2.718429300292151e+23,0.0,0.0,0.0,0.0,53,4.950428597886765e+32,0.059,0.0,0.0,0.0,0.0,0.0,0.0,0.0,0,0,0,0.0,0.0,0.0,0.0,0.0,0.0,0.0,0.0,0.0,0.0,0.0,0.0,0.0,0.0,0.0,0.0,0,-107875648.0,53,0.0,106,-107614832.0,0.0,ERR,ERR,ERR,ERR,ERR,ERR,ERR,ERR,ERR,ERR,ERR,ERR,ERR,ERR,ERR,ERR,ERR,ERR,ERR,ERR,ERR,ERR,ERR,ERR,ERR,ERR,ERR,ERR,ERR,ERR,ERR,ERR,ERR,ERR,ERR,ERR,ERR,ERR,ERR,ERR,ERR,ERR,ERR,ERR,ERR,ERR,ERR,ERR,ERR,ERR,ERR,ERR,ERR,ERR,ERR,ERR,ERR,ERR,ERR,ERR,ERR,ERR,ERR,ERR,ERR,ERR,ERR,50.0,60.0,100,0.0,0.0,0.0,0.0,0.0,0.0,0.0,0.0,0.0,0.0,0.0,0.0,0.0,0.0,0.0,0.0,61.6,74,14,65512,50,65476,0,300,0,0,8,20529,65476,0,0,26214,60.0,0.0,0.0,0.0,0.0,0.0
2026-05-17T18:23:27,ERR,ERR,ERR,ERR,ERR,ERR,ERR,ERR,ERR,ERR,ERR,ERR,ERR,ERR,ERR,ERR,ERR,ERR,ERR,ERR,ERR,ERR,ERR,ERR,ERR,ERR,ERR,ERR,ERR,ERR,ERR,ERR,ERR,ERR,ERR,ERR,ERR,ERR,ERR,ERR,ERR,ERR,ERR,ERR,ERR,ERR,ERR,ERR,ERR,ERR,ERR,ERR,ERR,ERR,ERR,ERR,ERR,ERR,ERR,ERR,ERR,ERR,ERR,ERR,ERR,ERR,ERR,ERR,ERR,ERR,ERR,ERR,ERR,ERR,ERR,ERR,ERR,ERR,ERR,ERR,ERR,ERR,ERR,ERR,ERR,ERR,ERR,ERR,ERR,ERR,ERR,ERR,ERR,ERR,ERR,ERR,ERR,ERR,ERR,ERR,ERR,ERR,ERR,ERR,ERR,ERR,ERR,ERR,ERR,ERR,ERR,ERR,ERR,ERR,ERR,ERR,ERR,ERR,ERR,ERR,ERR,ERR,ERR,ERR,ERR,0.0,0.0,0.0,0.0,0.0,1.3936040501711995e+18,7.805,0.0,0,0,4,0,8422,0.0,45,0.0,0.0,0.0,0.0,0.0,0,0,0,0,0.0,0,0,0,0,0,0,0,0,0,0,0,0,0,0,0,0,0,0,0,0,0,0,0,0,0,0,0,0,0,0,0,0,0,38,14,7,45,65476,0,300,0,0,8,21553,0.0,-107605600.0,0.0,0.0,0.0,0.0,0.0,0.0,0.0,0.0,0.0,0.0,0.0,0.0,0.0,0.0,0.0,0.0,0.0,0.0,0.0,0.0,0.0,2.004,-0.0,0.0,0.0,0.0,0.0,0.0,5011.0,1.5879293531142762e+29,0.0,0.0,0.0,-107615280.0,2.718429300292151e+23,0.0,0.0,0.0,0.0,53,4.950428597886765e+32,0.059,0.0,0.0,0.0,0.0,0.0,0.0,0.0,0,0,0,0.0,0.0,0.0,0.0,0.0,0.0,0.0,0.0,0.0,0.0,0.0,0.0,0.0,0.0,0.0,0.0,0,-107875648.0,53,0.0,106,-107614832.0,0.0,ERR,ERR,ERR,ERR,ERR,ERR,ERR,ERR,ERR,ERR,ERR,ERR,ERR,ERR,ERR,ERR,ERR,ERR,ERR,ERR,ERR,ERR,ERR,ERR,ERR,ERR,ERR,ERR,ERR,ERR,ERR,ERR,ERR,ERR,ERR,ERR,ERR,ERR,ERR,ERR,ERR,ERR,ERR,ERR,ERR,ERR,ERR,ERR,ERR,ERR,ERR,ERR,ERR,ERR,ERR,ERR,ERR,ERR,ERR,ERR,ERR,ERR,ERR,ERR,ERR,ERR,ERR,50.0,60.0,100,0.0,0.0,0.0,0.0,0.0,0.0,0.0,0.0,0.0,0.0,0.0,0.0,0.0,0.0,0.0,0.0,61.6,74,14,65512,50,65476,0,300,0,0,8,20529,65476,0,0,26214,60.0,0.0,0.0,0.0,0.0,0.0
2026-05-17T18:23:28,ERR,ERR,ERR,ERR,ERR,ERR,ERR,ERR,ERR,ERR,ERR,ERR,ERR,ERR,ERR,ERR,ERR,ERR,ERR,ERR,ERR,ERR,ERR,ERR,ERR,ERR,ERR,ERR,ERR,ERR,ERR,ERR,ERR,ERR,ERR,ERR,ERR,ERR,ERR,ERR,ERR,ERR,ERR,ERR,ERR,ERR,ERR,ERR,ERR,ERR,ERR,ERR,ERR,ERR,ERR,ERR,ERR,ERR,ERR,ERR,ERR,ERR,ERR,ERR,ERR,ERR,ERR,ERR,ERR,ERR,ERR,ERR,ERR,ERR,ERR,ERR,ERR,ERR,ERR,ERR,ERR,ERR,ERR,ERR,ERR,ERR,ERR,ERR,ERR,ERR,ERR,ERR,ERR,ERR,ERR,ERR,ERR,ERR,ERR,ERR,ERR,ERR,ERR,ERR,ERR,ERR,ERR,ERR,ERR,ERR,ERR,ERR,ERR,ERR,ERR,ERR,ERR,ERR,ERR,ERR,ERR,ERR,ERR,ERR,ERR,0.0,0.0,0.0,0.0,0.0,1.3936040501711995e+18,7.805,0.0,0,0,4,0,8422,0.0,45,0.0,0.0,0.0,0.0,0.0,0,0,0,0,0.0,0,0,0,0,0,0,0,0,0,0,0,0,0,0,0,0,0,0,0,0,0,0,0,0,0,0,0,0,0,0,0,0,0,38,14,7,45,65476,0,300,0,0,8,21553,0.0,-107605600.0,0.0,0.0,0.0,0.0,0.0,0.0,0.0,0.0,0.0,0.0,0.0,0.0,0.0,0.0,0.0,0.0,0.0,0.0,0.0,0.0,0.0,2.004,-0.0,0.0,0.0,0.0,0.0,0.0,5011.0,1.5879293531142762e+29,0.0,0.0,0.0,-107615280.0,2.718429300292151e+23,0.0,0.0,0.0,0.0,53,4.950428597886765e+32,0.059,0.0,0.0,0.0,0.0,0.0,0.0,0.0,0,0,0,0.0,0.0,0.0,0.0,0.0,0.0,0.0,0.0,0.0,0.0,0.0,0.0,0.0,0.0,0.0,0.0,0,-107875648.0,53,0.0,106,-107614832.0,0.0,ERR,ERR,ERR,ERR,ERR,ERR,ERR,ERR,ERR,ERR,ERR,ERR,ERR,ERR,ERR,ERR,ERR,ERR,ERR,ERR,ERR,ERR,ERR,ERR,ERR,ERR,ERR,ERR,ERR,ERR,ERR,ERR,ERR,ERR,ERR,ERR,ERR,ERR,ERR,ERR,ERR,ERR,ERR,ERR,ERR,ERR,ERR,ERR,ERR,ERR,ERR,ERR,ERR,ERR,ERR,ERR,ERR,ERR,ERR,ERR,ERR,ERR,ERR,ERR,ERR,ERR,ERR,50.0,60.0,100,0.0,0.0,0.0,0.0,0.0,0.0,0.0,0.0,0.0,0.0,0.0,0.0,0.0,0.0,0.0,0.0,61.6,74,14,65512,50,65476,0,300,0,0,8,20529,65476,0,0,26214,60.0,0.0,0.0,0.0,0.0,0.0
2026-05-17T18:23:29,ERR,ERR,ERR,ERR,ERR,ERR,ERR,ERR,ERR,ERR,ERR,ERR,ERR,ERR,ERR,ERR,ERR,ERR,ERR,ERR,ERR,ERR,ERR,ERR,ERR,ERR,ERR,ERR,ERR,ERR,ERR,ERR,ERR,ERR,ERR,ERR,ERR,ERR,ERR,ERR,ERR,ERR,ERR,ERR,ERR,ERR,ERR,ERR,ERR,ERR,ERR,ERR,ERR,ERR,ERR,ERR,ERR,ERR,ERR,ERR,ERR,ERR,ERR,ERR,ERR,ERR,ERR,ERR,ERR,ERR,ERR,ERR,ERR,ERR,ERR,ERR,ERR,ERR,ERR,ERR,ERR,ERR,ERR,ERR,ERR,ERR,ERR,ERR,ERR,ERR,ERR,ERR,ERR,ERR,ERR,ERR,ERR,ERR,ERR,ERR,ERR,ERR,ERR,ERR,ERR,ERR,ERR,ERR,ERR,ERR,ERR,ERR,ERR,ERR,ERR,ERR,ERR,ERR,ERR,ERR,ERR,ERR,ERR,ERR,ERR,0.0,-107615296.0,-134474944.0,0.0,0.0,1.3936040501711995e+18,7.805,0.0,0,0,4,0,8422,0.0,45,0.0,0.0,0.0,0.0,0.0,0,0,0,0,0.0,0,0,0,0,0,0,0,0,0,0,0,0,0,0,0,0,0,0,0,0,0,0,0,0,0,0,0,0,0,0,0,0,0,38,14,7,45,65476,0,300,0,0,8,21553,0.0,-107605600.0,0.0,0.0,0.0,0.0,0.0,0.0,0.0,0.0,0.0,0.0,0.0,0.0,0.0,0.0,0.0,0.0,0.0,0.0,0.0,0.0,0.0,0.0,-0.0,0.0,0.0,0.0,0.0,0.0,5011.0,1.5879293531142762e+29,0.0,0.0,-107615296.0,-107615280.0,2.718429300292151e+23,0.0,0.0,0.0,0.0,53,4.950428597886765e+32,0.059,0.0,0.0,0.0,0.0,0.0,0.0,0.0,0,0,0,0.0,0.0,0.0,0.0,0.0,0.0,0.0,0.0,0.0,0.0,0.0,0.0,0.0,0.0,0.0,0.0,0,-107875648.0,53,0.0,106,-107614832.0,0.0,ERR,ERR,ERR,ERR,ERR,ERR,ERR,ERR,ERR,ERR,ERR,ERR,ERR,ERR,ERR,ERR,ERR,ERR,ERR,ERR,ERR,ERR,ERR,ERR,ERR,ERR,ERR,ERR,ERR,ERR,ERR,ERR,ERR,ERR,ERR,ERR,ERR,ERR,ERR,ERR,ERR,ERR,ERR,ERR,ERR,ERR,ERR,ERR,ERR,ERR,ERR,ERR,ERR,ERR,ERR,ERR,ERR,ERR,ERR,ERR,ERR,ERR,ERR,ERR,ERR,ERR,ERR,50.0,60.0,100,0.0,0.0,0.0,0.0,0.0,0.0,0.0,0.0,0.0,0.0,0.0,0.0,0.0,0.0,0.0,0.0,61.6,74,14,65512,50,65476,0,300,0,0,8,20529,65476,0,0,26214,60.0,0.0,0.0,0.0,0.0,0.0
2026-05-17T18:23:30,ERR,ERR,ERR,ERR,ERR,ERR,ERR,ERR,ERR,ERR,ERR,ERR,ERR,ERR,ERR,ERR,ERR,ERR,ERR,ERR,ERR,ERR,ERR,ERR,ERR,ERR,ERR,ERR,ERR,ERR,ERR,ERR,ERR,ERR,ERR,ERR,ERR,ERR,ERR,ERR,ERR,ERR,ERR,ERR,ERR,ERR,ERR,ERR,ERR,ERR,ERR,ERR,ERR,ERR,ERR,ERR,ERR,ERR,ERR,ERR,ERR,ERR,ERR,ERR,ERR,ERR,ERR,ERR,ERR,ERR,ERR,ERR,ERR,ERR,ERR,ERR,ERR,ERR,ERR,ERR,ERR,ERR,ERR,ERR,ERR,ERR,ERR,ERR,ERR,ERR,ERR,ERR,ERR,ERR,ERR,ERR,ERR,ERR,ERR,ERR,ERR,ERR,ERR,ERR,ERR,ERR,ERR,ERR,ERR,ERR,ERR,ERR,ERR,ERR,ERR,ERR,ERR,ERR,ERR,ERR,ERR,ERR,ERR,ERR,ERR,0.0,-107615296.0,-134474944.0,0.0,0.0,1.3936040501711995e+18,7.805,0.0,0,0,4,0,8422,0.0,45,0.0,0.0,0.0,0.0,0.0,0,0,0,0,0.0,0,0,0,0,0,0,0,0,0,0,0,0,0,0,0,0,0,0,0,0,0,0,0,0,0,0,0,0,0,0,0,0,0,38,14,7,45,65476,0,300,0,0,8,21553,0.0,-107605600.0,0.0,0.0,0.0,0.0,0.0,0.0,0.0,0.0,0.0,0.0,0.0,0.0,0.0,0.0,0.0,0.0,0.0,0.0,0.0,0.0,0.0,0.0,-0.0,0.0,0.0,0.0,0.0,0.0,5011.0,1.5879293531142762e+29,0.0,0.0,-107615296.0,-107615280.0,2.718429300292151e+23,0.0,0.0,0.0,0.0,53,4.950428597886765e+32,0.059,0.0,0.0,0.0,0.0,0.0,0.0,0.0,0,0,0,0.0,0.0,0.0,0.0,0.0,0.0,0.0,0.0,0.0,0.0,0.0,0.0,0.0,0.0,0.0,0.0,0,-107875648.0,53,0.0,106,-107614832.0,0.0,ERR,ERR,ERR,ERR,ERR,ERR,ERR,ERR,ERR,ERR,ERR,ERR,ERR,ERR,ERR,ERR,ERR,ERR,ERR,ERR,ERR,ERR,ERR,ERR,ERR,ERR,ERR,ERR,ERR,ERR,ERR,ERR,ERR,ERR,ERR,ERR,ERR,ERR,ERR,ERR,ERR,ERR,ERR,ERR,ERR,ERR,ERR,ERR,ERR,ERR,ERR,ERR,ERR,ERR,ERR,ERR,ERR,ERR,ERR,ERR,ERR,ERR,ERR,ERR,ERR,ERR,ERR,50.0,60.0,100,0.0,0.0,0.0,0.0,0.0,0.0,0.0,0.0,0.0,0.0,0.0,0.0,0.0,0.0,0.0,0.0,61.6,74,14,65512,50,65476,0,300,0,0,8,20529,65476,0,0,26214,60.0,0.0,0.0,0.0,0.0,0.0
2026-05-17T18:23:31,ERR,ERR,ERR,ERR,ERR,ERR,ERR,ERR,ERR,ERR,ERR,ERR,ERR,ERR,ERR,ERR,ERR,ERR,ERR,ERR,ERR,ERR,ERR,ERR,ERR,ERR,ERR,ERR,ERR,ERR,ERR,ERR,ERR,ERR,ERR,ERR,ERR,ERR,ERR,ERR,ERR,ERR,ERR,ERR,ERR,ERR,ERR,ERR,ERR,ERR,ERR,ERR,ERR,ERR,ERR,ERR,ERR,ERR,ERR,ERR,ERR,ERR,ERR,ERR,ERR,ERR,ERR,ERR,ERR,ERR,ERR,ERR,ERR,ERR,ERR,ERR,ERR,ERR,ERR,ERR,ERR,ERR,ERR,ERR,ERR,ERR,ERR,ERR,ERR,ERR,ERR,ERR,ERR,ERR,ERR,ERR,ERR,ERR,ERR,ERR,ERR,ERR,ERR,ERR,ERR,ERR,ERR,ERR,ERR,ERR,ERR,ERR,ERR,ERR,ERR,ERR,ERR,ERR,ERR,ERR,ERR,ERR,ERR,ERR,ERR,0.0,-107615296.0,-134474944.0,0.0,0.0,1.3936040501711995e+18,7.805,0.0,0,0,4,0,8422,0.0,45,0.0,0.0,0.0,0.0,0.0,0,0,0,0,0.0,0,0,0,0,0,0,0,0,0,0,0,0,0,0,0,0,0,0,0,0,0,0,0,0,0,0,0,0,0,0,0,0,0,38,14,7,45,65476,0,300,0,0,8,21553,0.0,-107605600.0,0.0,0.0,0.0,0.0,0.0,0.0,0.0,0.0,0.0,0.0,0.0,0.0,0.0,0.0,0.0,0.0,0.0,0.0,0.0,0.0,0.0,0.0,-0.0,0.0,0.0,0.0,0.0,0.0,5011.0,1.5879293531142762e+29,0.0,0.0,-107615296.0,-107615280.0,2.718429300292151e+23,0.0,0.0,0.0,0.0,53,4.950428597886765e+32,0.059,0.0,0.0,0.0,0.0,0.0,0.0,0.0,0,0,0,0.0,0.0,0.0,0.0,0.0,0.0,0.0,0.0,0.0,0.0,0.0,0.0,0.0,0.0,0.0,0.0,0,-107875648.0,53,0.0,106,-107614832.0,0.0,ERR,ERR,ERR,ERR,ERR,ERR,ERR,ERR,ERR,ERR,ERR,ERR,ERR,ERR,ERR,ERR,ERR,ERR,ERR,ERR,ERR,ERR,ERR,ERR,ERR,ERR,ERR,ERR,ERR,ERR,ERR,ERR,ERR,ERR,ERR,ERR,ERR,ERR,ERR,ERR,ERR,ERR,ERR,ERR,ERR,ERR,ERR,ERR,ERR,ERR,ERR,ERR,ERR,ERR,ERR,ERR,ERR,ERR,ERR,ERR,ERR,ERR,ERR,ERR,ERR,ERR,ERR,50.0,60.0,100,0.0,0.0,0.0,0.0,0.0,0.0,0.0,0.0,0.0,0.0,0.0,0.0,0.0,0.0,0.0,0.0,61.6,74,14,65512,50,65476,0,300,0,0,8,20529,65476,0,0,26214,60.0,0.0,0.0,0.0,0.0,0.0
2026-05-17T18:23:32,ERR,ERR,ERR,ERR,ERR,ERR,ERR,ERR,ERR,ERR,ERR,ERR,ERR,ERR,ERR,ERR,ERR,ERR,ERR,ERR,ERR,ERR,ERR,ERR,ERR,ERR,ERR,ERR,ERR,ERR,ERR,ERR,ERR,ERR,ERR,ERR,ERR,ERR,ERR,ERR,ERR,ERR,ERR,ERR,ERR,ERR,ERR,ERR,ERR,ERR,ERR,ERR,ERR,ERR,ERR,ERR,ERR,ERR,ERR,ERR,ERR,ERR,ERR,ERR,ERR,ERR,ERR,ERR,ERR,ERR,ERR,ERR,ERR,ERR,ERR,ERR,ERR,ERR,ERR,ERR,ERR,ERR,ERR,ERR,ERR,ERR,ERR,ERR,ERR,ERR,ERR,ERR,ERR,ERR,ERR,ERR,ERR,ERR,ERR,ERR,ERR,ERR,ERR,ERR,ERR,ERR,ERR,ERR,ERR,ERR,ERR,ERR,ERR,ERR,ERR,ERR,ERR,ERR,ERR,ERR,ERR,ERR,ERR,ERR,ERR,0.0,-107615296.0,-134474944.0,0.0,0.0,1.3936040501711995e+18,7.805,0.0,0,0,4,0,8422,0.0,45,0.0,0.0,0.0,0.0,0.0,0,0,0,0,0.0,0,0,0,0,0,0,0,0,0,0,0,0,0,0,0,0,0,0,0,0,0,0,0,0,0,0,0,0,0,0,0,0,0,38,14,7,45,65476,0,300,0,0,8,21553,0.0,-107605600.0,0.0,0.0,0.0,0.0,0.0,0.0,0.0,0.0,0.0,0.0,0.0,0.0,0.0,0.0,0.0,0.0,0.0,0.0,0.0,0.0,0.0,0.0,-0.0,0.0,0.0,0.0,0.0,0.0,5011.0,1.5879293531142762e+29,0.0,0.0,-107615296.0,-107615280.0,2.718429300292151e+23,0.0,0.0,0.0,0.0,53,4.950428597886765e+32,0.059,0.0,0.0,0.0,0.0,0.0,0.0,0.0,0,0,0,0.0,0.0,0.0,0.0,0.0,0.0,0.0,0.0,0.0,0.0,0.0,0.0,0.0,0.0,0.0,0.0,0,-107875648.0,53,0.0,106,-107614832.0,0.0,ERR,ERR,ERR,ERR,ERR,ERR,ERR,ERR,ERR,ERR,ERR,ERR,ERR,ERR,ERR,ERR,ERR,ERR,ERR,ERR,ERR,ERR,ERR,ERR,ERR,ERR,ERR,ERR,ERR,ERR,ERR,ERR,ERR,ERR,ERR,ERR,ERR,ERR,ERR,ERR,ERR,ERR,ERR,ERR,ERR,ERR,ERR,ERR,ERR,ERR,ERR,ERR,ERR,ERR,ERR,ERR,ERR,ERR,ERR,ERR,ERR,ERR,ERR,ERR,ERR,ERR,ERR,50.0,60.0,100,0.0,0.0,0.0,0.0,0.0,0.0,0.0,0.0,0.0,0.0,0.0,0.0,0.0,0.0,0.0,0.0,61.6,74,14,65512,50,65476,0,300,0,0,8,20529,65476,0,0,26214,60.0,0.0,0.0,0.0,0.0,0.0
2026-05-17T18:23:33,ERR,ERR,ERR,ERR,ERR,ERR,ERR,ERR,ERR,ERR,ERR,ERR,ERR,ERR,ERR,ERR,ERR,ERR,ERR,ERR,ERR,ERR,ERR,ERR,ERR,ERR,ERR,ERR,ERR,ERR,ERR,ERR,ERR,ERR,ERR,ERR,ERR,ERR,ERR,ERR,ERR,ERR,ERR,ERR,ERR,ERR,ERR,ERR,ERR,ERR,ERR,ERR,ERR,ERR,ERR,ERR,ERR,ERR,ERR,ERR,ERR,ERR,ERR,ERR,ERR,ERR,ERR,ERR,ERR,ERR,ERR,ERR,ERR,ERR,ERR,ERR,ERR,ERR,ERR,ERR,ERR,ERR,ERR,ERR,ERR,ERR,ERR,ERR,ERR,ERR,ERR,ERR,ERR,ERR,ERR,ERR,ERR,ERR,ERR,ERR,ERR,ERR,ERR,ERR,ERR,ERR,ERR,ERR,ERR,ERR,ERR,ERR,ERR,ERR,ERR,ERR,ERR,ERR,ERR,ERR,ERR,ERR,ERR,ERR,ERR,0.0,-107615296.0,-134474944.0,0.0,0.0,1.3936040501711995e+18,7.805,0.0,0,0,4,0,8422,0.0,45,0.0,0.0,0.0,0.0,0.0,0,0,0,0,0.0,0,0,0,0,0,0,0,0,0,0,0,0,0,0,0,0,0,0,0,0,0,0,0,0,0,0,0,0,0,0,0,0,0,38,14,7,45,65476,0,300,0,0,8,21553,0.0,-107605600.0,0.0,0.0,0.0,0.0,0.0,0.0,0.0,0.0,0.0,0.0,0.0,0.0,0.0,0.0,0.0,0.0,0.0,0.0,0.0,0.0,0.0,0.0,-0.0,0.0,0.0,0.0,0.0,0.0,5011.0,1.5879293531142762e+29,0.0,0.0,-107615296.0,-107615280.0,2.718429300292151e+23,0.0,0.0,0.0,0.0,53,4.950428597886765e+32,0.059,0.0,0.0,0.0,0.0,0.0,0.0,0.0,0,0,0,0.0,0.0,0.0,0.0,0.0,0.0,0.0,0.0,0.0,0.0,0.0,0.0,0.0,0.0,0.0,0.0,0,-107875648.0,53,0.0,106,-107614832.0,0.0,ERR,ERR,ERR,ERR,ERR,ERR,ERR,ERR,ERR,ERR,ERR,ERR,ERR,ERR,ERR,ERR,ERR,ERR,ERR,ERR,ERR,ERR,ERR,ERR,ERR,ERR,ERR,ERR,ERR,ERR,ERR,ERR,ERR,ERR,ERR,ERR,ERR,ERR,ERR,ERR,ERR,ERR,ERR,ERR,ERR,ERR,ERR,ERR,ERR,ERR,ERR,ERR,ERR,ERR,ERR,ERR,ERR,ERR,ERR,ERR,ERR,ERR,ERR,ERR,ERR,ERR,ERR,50.0,60.0,100,0.0,0.0,0.0,0.0,0.0,0.0,0.0,0.0,0.0,0.0,0.0,0.0,0.0,0.0,0.0,0.0,61.6,74,14,65512,50,65476,0,300,0,0,8,20529,65476,0,0,26214,60.0,0.0,0.0,0.0,0.0,0.0
2026-05-17T18:23:34,ERR,ERR,ERR,ERR,ERR,ERR,ERR,ERR,ERR,ERR,ERR,ERR,ERR,ERR,ERR,ERR,ERR,ERR,ERR,ERR,ERR,ERR,ERR,ERR,ERR,ERR,ERR,ERR,ERR,ERR,ERR,ERR,ERR,ERR,ERR,ERR,ERR,ERR,ERR,ERR,ERR,ERR,ERR,ERR,ERR,ERR,ERR,ERR,ERR,ERR,ERR,ERR,ERR,ERR,ERR,ERR,ERR,ERR,ERR,ERR,ERR,ERR,ERR,ERR,ERR,ERR,ERR,ERR,ERR,ERR,ERR,ERR,ERR,ERR,ERR,ERR,ERR,ERR,ERR,ERR,ERR,ERR,ERR,ERR,ERR,ERR,ERR,ERR,ERR,ERR,ERR,ERR,ERR,ERR,ERR,ERR,ERR,ERR,ERR,ERR,ERR,ERR,ERR,ERR,ERR,ERR,ERR,ERR,ERR,ERR,ERR,ERR,ERR,ERR,ERR,ERR,ERR,ERR,ERR,ERR,ERR,ERR,ERR,ERR,ERR,0.0,-107615296.0,-134474944.0,0.0,0.0,1.3936040501711995e+18,7.805,0.0,0,0,4,0,8422,0.0,45,0.0,0.0,0.0,0.0,0.0,0,0,0,0,0.0,0,0,0,0,0,0,0,0,0,0,0,0,0,0,0,0,0,0,0,0,0,0,0,0,0,0,0,0,0,0,0,0,0,38,14,7,45,65476,0,300,0,0,8,21553,0.0,-107605600.0,0.0,0.0,0.0,0.0,0.0,0.0,0.0,0.0,0.0,0.0,0.0,0.0,0.0,0.0,0.0,0.0,0.0,0.0,0.0,0.0,0.0,2.004,-0.0,0.0,0.0,0.0,0.0,0.0,5015.0,1.040665380856972e+34,0.0,0.0,0.0,-107615280.0,2.718429300292151e+23,0.0,0.0,0.0,0.0,53,-0.0,89220.562,0.0,0.0,0.0,0.0,0.0,0.0,0.0,0,0,0,0.0,0.0,0.0,0.0,0.0,0.0,0.0,0.0,0.0,0.0,0.0,0.0,0.0,0.0,0.0,0.0,0,-107875648.0,53,0.0,106,-107614832.0,0.0,ERR,ERR,ERR,ERR,ERR,ERR,ERR,ERR,ERR,ERR,ERR,ERR,ERR,ERR,ERR,ERR,ERR,ERR,ERR,ERR,ERR,ERR,ERR,ERR,ERR,ERR,ERR,ERR,ERR,ERR,ERR,ERR,ERR,ERR,ERR,ERR,ERR,ERR,ERR,ERR,ERR,ERR,ERR,ERR,ERR,ERR,ERR,ERR,ERR,ERR,ERR,ERR,ERR,ERR,ERR,ERR,ERR,ERR,ERR,ERR,ERR,ERR,ERR,ERR,ERR,ERR,ERR,50.0,60.0,100,0.0,0.0,0.0,0.0,0.0,0.0,0.0,0.0,0.0,0.0,0.0,0.0,0.0,0.0,0.0,0.0,61.6,74,14,65512,50,65476,0,300,0,0,8,20529,65476,0,0,26214,60.0,0.0,0.0,0.0,0.0,0.0
2026-05-17T18:23:35,ERR,ERR,ERR,ERR,ERR,ERR,ERR,ERR,ERR,ERR,ERR,ERR,ERR,ERR,ERR,ERR,ERR,ERR,ERR,ERR,ERR,ERR,ERR,ERR,ERR,ERR,ERR,ERR,ERR,ERR,ERR,ERR,ERR,ERR,ERR,ERR,ERR,ERR,ERR,ERR,ERR,ERR,ERR,ERR,ERR,ERR,ERR,ERR,ERR,ERR,ERR,ERR,ERR,ERR,ERR,ERR,ERR,ERR,ERR,ERR,ERR,ERR,ERR,ERR,ERR,ERR,ERR,ERR,ERR,ERR,ERR,ERR,ERR,ERR,ERR,ERR,ERR,ERR,ERR,ERR,ERR,ERR,ERR,ERR,ERR,ERR,ERR,ERR,ERR,ERR,ERR,ERR,ERR,ERR,ERR,ERR,ERR,ERR,ERR,ERR,ERR,ERR,ERR,ERR,ERR,ERR,ERR,ERR,ERR,ERR,ERR,ERR,ERR,ERR,ERR,ERR,ERR,ERR,ERR,ERR,ERR,ERR,ERR,ERR,ERR,0.0,-107615296.0,-134474944.0,0.0,0.0,1.3936040501711995e+18,7.805,0.0,0,0,4,0,8422,0.0,45,0.0,0.0,0.0,0.0,0.0,0,0,0,0,0.0,0,0,0,0,0,0,0,0,0,0,0,0,0,0,0,0,0,0,0,0,0,0,0,0,0,0,0,0,0,0,0,0,0,38,14,7,45,65476,0,300,0,0,8,21553,0.0,-107605600.0,0.0,0.0,0.0,0.0,0.0,0.0,0.0,0.0,0.0,0.0,0.0,0.0,0.0,0.0,0.0,0.0,0.0,0.0,0.0,0.0,0.0,2.004,-0.0,0.0,0.0,0.0,0.0,0.0,5015.0,1.040665380856972e+34,0.0,0.0,0.0,-107615280.0,2.718429300292151e+23,0.0,0.0,0.0,0.0,53,-0.0,89220.562,0.0,0.0,0.0,0.0,0.0,0.0,0.0,0,0,0,0.0,0.0,0.0,0.0,0.0,0.0,0.0,0.0,0.0,0.0,0.0,0.0,0.0,0.0,0.0,0.0,0,-107875648.0,53,0.0,106,-107614832.0,0.0,ERR,ERR,ERR,ERR,ERR,ERR,ERR,ERR,ERR,ERR,ERR,ERR,ERR,ERR,ERR,ERR,ERR,ERR,ERR,ERR,ERR,ERR,ERR,ERR,ERR,ERR,ERR,ERR,ERR,ERR,ERR,ERR,ERR,ERR,ERR,ERR,ERR,ERR,ERR,ERR,ERR,ERR,ERR,ERR,ERR,ERR,ERR,ERR,ERR,ERR,ERR,ERR,ERR,ERR,ERR,ERR,ERR,ERR,ERR,ERR,ERR,ERR,ERR,ERR,ERR,ERR,ERR,50.0,60.0,100,0.0,0.0,0.0,0.0,0.0,0.0,0.0,0.0,0.0,0.0,0.0,0.0,0.0,0.0,0.0,0.0,61.6,74,14,65512,50,65476,0,300,0,0,8,20529,65476,0,0,26214,60.0,0.0,0.0,0.0,0.0,0.0
2026-05-17T18:23:36,ERR,ERR,ERR,ERR,ERR,ERR,ERR,ERR,ERR,ERR,ERR,ERR,ERR,ERR,ERR,ERR,ERR,ERR,ERR,ERR,ERR,ERR,ERR,ERR,ERR,ERR,ERR,ERR,ERR,ERR,ERR,ERR,ERR,ERR,ERR,ERR,ERR,ERR,ERR,ERR,ERR,ERR,ERR,ERR,ERR,ERR,ERR,ERR,ERR,ERR,ERR,ERR,ERR,ERR,ERR,ERR,ERR,ERR,ERR,ERR,ERR,ERR,ERR,ERR,ERR,ERR,ERR,ERR,ERR,ERR,ERR,ERR,ERR,ERR,ERR,ERR,ERR,ERR,ERR,ERR,ERR,ERR,ERR,ERR,ERR,ERR,ERR,ERR,ERR,ERR,ERR,ERR,ERR,ERR,ERR,ERR,ERR,ERR,ERR,ERR,ERR,ERR,ERR,ERR,ERR,ERR,ERR,ERR,ERR,ERR,ERR,ERR,ERR,ERR,ERR,ERR,ERR,ERR,ERR,ERR,ERR,ERR,ERR,ERR,ERR,0.0,-107615296.0,-134474944.0,0.0,0.0,1.3936040501711995e+18,7.805,0.0,0,0,4,0,8422,0.0,45,0.0,0.0,0.0,0.0,0.0,0,0,0,0,0.0,0,0,0,0,0,0,0,0,0,0,0,0,0,0,0,0,0,0,0,0,0,0,0,0,0,0,0,0,0,0,0,0,0,38,14,7,45,65476,0,300,0,0,8,21553,0.0,-107605600.0,0.0,0.0,0.0,0.0,0.0,0.0,0.0,0.0,0.0,0.0,0.0,0.0,0.0,0.0,0.0,0.0,0.0,0.0,0.0,0.0,0.0,2.004,-0.0,0.0,0.0,0.0,0.0,0.0,5015.0,1.040665380856972e+34,0.0,0.0,0.0,-107615280.0,2.718429300292151e+23,0.0,0.0,0.0,0.0,53,-0.0,89220.562,0.0,0.0,0.0,0.0,0.0,0.0,0.0,0,0,0,0.0,0.0,0.0,0.0,0.0,0.0,0.0,0.0,0.0,0.0,0.0,0.0,0.0,0.0,0.0,0.0,0,-107875648.0,53,0.0,106,-107614832.0,0.0,ERR,ERR,ERR,ERR,ERR,ERR,ERR,ERR,ERR,ERR,ERR,ERR,ERR,ERR,ERR,ERR,ERR,ERR,ERR,ERR,ERR,ERR,ERR,ERR,ERR,ERR,ERR,ERR,ERR,ERR,ERR,ERR,ERR,ERR,ERR,ERR,ERR,ERR,ERR,ERR,ERR,ERR,ERR,ERR,ERR,ERR,ERR,ERR,ERR,ERR,ERR,ERR,ERR,ERR,ERR,ERR,ERR,ERR,ERR,ERR,ERR,ERR,ERR,ERR,ERR,ERR,ERR,50.0,60.0,100,0.0,0.0,0.0,0.0,0.0,0.0,0.0,0.0,0.0,0.0,0.0,0.0,0.0,0.0,0.0,0.0,62.0,74,14,65512,50,65476,0,300,0,0,8,20529,65476,0,0,26214,60.0,0.0,0.0,0.0,0.0,0.0
2026-05-17T18:23:37,ERR,ERR,ERR,ERR,ERR,ERR,ERR,ERR,ERR,ERR,ERR,ERR,ERR,ERR,ERR,ERR,ERR,ERR,ERR,ERR,ERR,ERR,ERR,ERR,ERR,ERR,ERR,ERR,ERR,ERR,ERR,ERR,ERR,ERR,ERR,ERR,ERR,ERR,ERR,ERR,ERR,ERR,ERR,ERR,ERR,ERR,ERR,ERR,ERR,ERR,ERR,ERR,ERR,ERR,ERR,ERR,ERR,ERR,ERR,ERR,ERR,ERR,ERR,ERR,ERR,ERR,ERR,ERR,ERR,ERR,ERR,ERR,ERR,ERR,ERR,ERR,ERR,ERR,ERR,ERR,ERR,ERR,ERR,ERR,ERR,ERR,ERR,ERR,ERR,ERR,ERR,ERR,ERR,ERR,ERR,ERR,ERR,ERR,ERR,ERR,ERR,ERR,ERR,ERR,ERR,ERR,ERR,ERR,ERR,ERR,ERR,ERR,ERR,ERR,ERR,ERR,ERR,ERR,ERR,ERR,ERR,ERR,ERR,ERR,ERR,0.0,-107615296.0,-134474944.0,0.0,0.0,1.3936040501711995e+18,7.805,0.0,0,0,4,0,8422,0.0,45,0.0,0.0,0.0,0.0,0.0,0,0,0,0,0.0,0,0,0,0,0,0,0,0,0,0,0,0,0,0,0,0,0,0,0,0,0,0,0,0,0,0,0,0,0,0,0,0,0,38,14,7,45,65476,0,300,0,0,8,21553,0.0,-107605600.0,0.0,0.0,0.0,0.0,0.0,0.0,0.0,0.0,0.0,0.0,0.0,0.0,0.0,0.0,0.0,0.0,0.0,0.0,0.0,0.0,0.0,2.004,-0.0,0.0,0.0,0.0,0.0,0.0,5015.0,1.040665380856972e+34,0.0,0.0,0.0,-107615280.0,2.718429300292151e+23,0.0,0.0,0.0,0.0,53,-0.0,89220.562,0.0,0.0,0.0,0.0,0.0,0.0,0.0,0,0,0,0.0,0.0,0.0,0.0,0.0,0.0,0.0,0.0,0.0,0.0,0.0,0.0,0.0,0.0,0.0,0.0,0,-107875648.0,53,0.0,106,-107614832.0,0.0,ERR,ERR,ERR,ERR,ERR,ERR,ERR,ERR,ERR,ERR,ERR,ERR,ERR,ERR,ERR,ERR,ERR,ERR,ERR,ERR,ERR,ERR,ERR,ERR,ERR,ERR,ERR,ERR,ERR,ERR,ERR,ERR,ERR,ERR,ERR,ERR,ERR,ERR,ERR,ERR,ERR,ERR,ERR,ERR,ERR,ERR,ERR,ERR,ERR,ERR,ERR,ERR,ERR,ERR,ERR,ERR,ERR,ERR,ERR,ERR,ERR,ERR,ERR,ERR,ERR,ERR,ERR,50.0,60.0,100,0.0,0.0,0.0,0.0,0.0,0.0,0.0,0.0,0.0,0.0,0.0,0.0,0.0,0.0,0.0,0.0,62.0,74,14,65512,50,65476,0,300,0,0,8,20529,65476,0,0,26214,60.0,0.0,0.0,0.0,0.0,0.0
2026-05-17T18:23:38,ERR,ERR,ERR,ERR,ERR,ERR,ERR,ERR,ERR,ERR,ERR,ERR,ERR,ERR,ERR,ERR,ERR,ERR,ERR,ERR,ERR,ERR,ERR,ERR,ERR,ERR,ERR,ERR,ERR,ERR,ERR,ERR,ERR,ERR,ERR,ERR,ERR,ERR,ERR,ERR,ERR,ERR,ERR,ERR,ERR,ERR,ERR,ERR,ERR,ERR,ERR,ERR,ERR,ERR,ERR,ERR,ERR,ERR,ERR,ERR,ERR,ERR,ERR,ERR,ERR,ERR,ERR,ERR,ERR,ERR,ERR,ERR,ERR,ERR,ERR,ERR,ERR,ERR,ERR,ERR,ERR,ERR,ERR,ERR,ERR,ERR,ERR,ERR,ERR,ERR,ERR,ERR,ERR,ERR,ERR,ERR,ERR,ERR,ERR,ERR,ERR,ERR,ERR,ERR,ERR,ERR,ERR,ERR,ERR,ERR,ERR,ERR,ERR,ERR,ERR,ERR,ERR,ERR,ERR,ERR,ERR,ERR,ERR,ERR,ERR,0.0,-107615296.0,-134474944.0,0.0,0.0,1.3936040501711995e+18,7.805,0.0,0,0,4,0,8422,0.0,45,0.0,0.0,0.0,0.0,0.0,0,0,0,0,0.0,0,0,0,0,0,0,0,0,0,0,0,0,0,0,0,0,0,0,0,0,0,0,0,0,0,0,0,0,0,0,0,0,0,38,14,7,45,65476,0,300,0,0,8,21553,0.0,-107605600.0,0.0,0.0,0.0,0.0,0.0,0.0,0.0,0.0,0.0,0.0,0.0,0.0,0.0,0.0,0.0,0.0,0.0,0.0,0.0,0.0,0.0,2.004,-0.0,0.0,0.0,0.0,0.0,0.0,5015.0,1.040665380856972e+34,0.0,0.0,0.0,-107615280.0,2.718429300292151e+23,0.0,0.0,0.0,0.0,53,-0.0,89220.562,0.0,0.0,0.0,0.0,0.0,0.0,0.0,0,0,0,0.0,0.0,0.0,0.0,0.0,0.0,0.0,0.0,0.0,0.0,0.0,0.0,0.0,0.0,0.0,0.0,0,-107875648.0,53,0.0,106,-107614832.0,0.0,ERR,ERR,ERR,ERR,ERR,ERR,ERR,ERR,ERR,ERR,ERR,ERR,ERR,ERR,ERR,ERR,ERR,ERR,ERR,ERR,ERR,ERR,ERR,ERR,ERR,ERR,ERR,ERR,ERR,ERR,ERR,ERR,ERR,ERR,ERR,ERR,ERR,ERR,ERR,ERR,ERR,ERR,ERR,ERR,ERR,ERR,ERR,ERR,ERR,ERR,ERR,ERR,ERR,ERR,ERR,ERR,ERR,ERR,ERR,ERR,ERR,ERR,ERR,ERR,ERR,ERR,ERR,50.0,60.0,100,0.0,0.0,0.0,0.0,0.0,0.0,0.0,0.0,0.0,0.0,0.0,0.0,0.0,0.0,0.0,0.0,62.0,74,14,65512,50,65476,0,300,0,0,8,20529,65476,0,0,26214,60.0,0.0,0.0,0.0,0.0,0.0
2026-05-17T18:23:39,ERR,ERR,ERR,ERR,ERR,ERR,ERR,ERR,ERR,ERR,ERR,ERR,ERR,ERR,ERR,ERR,ERR,ERR,ERR,ERR,ERR,ERR,ERR,ERR,ERR,ERR,ERR,ERR,ERR,ERR,ERR,ERR,ERR,ERR,ERR,ERR,ERR,ERR,ERR,ERR,ERR,ERR,ERR,ERR,ERR,ERR,ERR,ERR,ERR,ERR,ERR,ERR,ERR,ERR,ERR,ERR,ERR,ERR,ERR,ERR,ERR,ERR,ERR,ERR,ERR,ERR,ERR,ERR,ERR,ERR,ERR,ERR,ERR,ERR,ERR,ERR,ERR,ERR,ERR,ERR,ERR,ERR,ERR,ERR,ERR,ERR,ERR,ERR,ERR,ERR,ERR,ERR,ERR,ERR,ERR,ERR,ERR,ERR,ERR,ERR,ERR,ERR,ERR,ERR,ERR,ERR,ERR,ERR,ERR,ERR,ERR,ERR,ERR,ERR,ERR,ERR,ERR,ERR,ERR,ERR,ERR,ERR,ERR,ERR,ERR,0.0,-107615296.0,-134474944.0,0.0,0.0,1.3936040501711995e+18,7.805,0.0,0,0,4,0,8422,0.0,45,0.0,0.0,0.0,0.0,0.0,0,0,0,0,0.0,0,0,0,0,0,0,0,0,0,0,0,0,0,0,0,0,0,0,0,0,0,0,0,0,0,0,0,0,0,0,0,0,0,38,14,7,45,65476,0,300,0,0,8,21553,0.0,-107605600.0,0.0,0.0,0.0,0.0,0.0,0.0,0.0,0.0,0.0,0.0,0.0,0.0,0.0,0.0,0.0,0.0,0.0,0.0,0.0,0.0,0.0,2.004,-0.0,0.0,0.0,0.0,0.0,0.0,5015.0,1.040665380856972e+34,0.0,0.0,0.0,-107615280.0,2.718429300292151e+23,0.0,0.0,0.0,0.0,53,-0.0,89220.562,0.0,0.0,0.0,0.0,0.0,0.0,0.0,0,0,0,0.0,0.0,0.0,0.0,0.0,0.0,0.0,0.0,0.0,0.0,0.0,0.0,0.0,0.0,0.0,0.0,0,-107875648.0,53,0.0,106,-107614832.0,0.0,ERR,ERR,ERR,ERR,ERR,ERR,ERR,ERR,ERR,ERR,ERR,ERR,ERR,ERR,ERR,ERR,ERR,ERR,ERR,ERR,ERR,ERR,ERR,ERR,ERR,ERR,ERR,ERR,ERR,ERR,ERR,ERR,ERR,ERR,ERR,ERR,ERR,ERR,ERR,ERR,ERR,ERR,ERR,ERR,ERR,ERR,ERR,ERR,ERR,ERR,ERR,ERR,ERR,ERR,ERR,ERR,ERR,ERR,ERR,ERR,ERR,ERR,ERR,ERR,ERR,ERR,ERR,50.0,60.0,100,0.0,0.0,0.0,0.0,0.0,0.0,0.0,0.0,0.0,0.0,0.0,0.0,0.0,0.0,0.0,0.0,62.0,74,14,65512,50,65476,0,300,0,0,8,20529,65476,0,0,26214,60.0,0.0,0.0,0.0,0.0,0.0
2026-05-17T18:23:40,ERR,ERR,ERR,ERR,ERR,ERR,ERR,ERR,ERR,ERR,ERR,ERR,ERR,ERR,ERR,ERR,ERR,ERR,ERR,ERR,ERR,ERR,ERR,ERR,ERR,ERR,ERR,ERR,ERR,ERR,ERR,ERR,ERR,ERR,ERR,ERR,ERR,ERR,ERR,ERR,ERR,ERR,ERR,ERR,ERR,ERR,ERR,ERR,ERR,ERR,ERR,ERR,ERR,ERR,ERR,ERR,ERR,ERR,ERR,ERR,ERR,ERR,ERR,ERR,ERR,ERR,ERR,ERR,ERR,ERR,ERR,ERR,ERR,ERR,ERR,ERR,ERR,ERR,ERR,ERR,ERR,ERR,ERR,ERR,ERR,ERR,ERR,ERR,ERR,ERR,ERR,ERR,ERR,ERR,ERR,ERR,ERR,ERR,ERR,ERR,ERR,ERR,ERR,ERR,ERR,ERR,ERR,ERR,ERR,ERR,ERR,ERR,ERR,ERR,ERR,ERR,ERR,ERR,ERR,ERR,ERR,ERR,ERR,ERR,ERR,0.0,0.0,0.0,0.0,0.0,1.3936040501711995e+18,7.805,0.0,0,0,4,0,8422,0.0,45,0.0,0.0,0.0,0.0,0.0,0,0,0,0,0.0,0,0,0,0,0,0,0,0,0,0,0,0,0,0,0,0,0,0,0,0,0,0,0,0,0,0,0,0,0,0,0,0,0,38,14,7,45,65476,0,300,0,0,8,21553,0.0,-107605600.0,0.0,0.0,0.0,0.0,0.0,0.0,0.0,0.0,0.0,0.0,0.0,0.0,0.0,0.0,0.0,0.0,0.0,0.0,0.0,0.0,0.0,0.0,-0.0,0.0,0.0,0.0,0.0,0.0,5015.0,3.697186133624698e+19,0.0,0.0,-107615296.0,-107615280.0,2.718429300292151e+23,0.0,0.0,0.0,0.0,53,-0.0,89220.562,0.0,0.0,0.0,0.0,0.0,0.0,0.0,0,0,0,0.0,0.0,0.0,0.0,0.0,0.0,0.0,0.0,0.0,0.0,0.0,0.0,0.0,0.0,0.0,0.0,0,-107875648.0,53,0.0,106,-107614832.0,0.0,ERR,ERR,ERR,ERR,ERR,ERR,ERR,ERR,ERR,ERR,ERR,ERR,ERR,ERR,ERR,ERR,ERR,ERR,ERR,ERR,ERR,ERR,ERR,ERR,ERR,ERR,ERR,ERR,ERR,ERR,ERR,ERR,ERR,ERR,ERR,ERR,ERR,ERR,ERR,ERR,ERR,ERR,ERR,ERR,ERR,ERR,ERR,ERR,ERR,ERR,ERR,ERR,ERR,ERR,ERR,ERR,ERR,ERR,ERR,ERR,ERR,ERR,ERR,ERR,ERR,ERR,ERR,50.0,60.0,100,0.0,0.0,0.0,0.0,0.0,0.0,0.0,0.0,0.0,0.0,0.0,0.0,0.0,0.0,0.0,0.0,62.0,74,14,65512,50,65476,0,300,0,0,8,20529,65476,0,0,26214,60.0,0.0,0.0,0.0,0.0,0.0
2026-05-17T18:23:41,ERR,ERR,ERR,ERR,ERR,ERR,ERR,ERR,ERR,ERR,ERR,ERR,ERR,ERR,ERR,ERR,ERR,ERR,ERR,ERR,ERR,ERR,ERR,ERR,ERR,ERR,ERR,ERR,ERR,ERR,ERR,ERR,ERR,ERR,ERR,ERR,ERR,ERR,ERR,ERR,ERR,ERR,ERR,ERR,ERR,ERR,ERR,ERR,ERR,ERR,ERR,ERR,ERR,ERR,ERR,ERR,ERR,ERR,ERR,ERR,ERR,ERR,ERR,ERR,ERR,ERR,ERR,ERR,ERR,ERR,ERR,ERR,ERR,ERR,ERR,ERR,ERR,ERR,ERR,ERR,ERR,ERR,ERR,ERR,ERR,ERR,ERR,ERR,ERR,ERR,ERR,ERR,ERR,ERR,ERR,ERR,ERR,ERR,ERR,ERR,ERR,ERR,ERR,ERR,ERR,ERR,ERR,ERR,ERR,ERR,ERR,ERR,ERR,ERR,ERR,ERR,ERR,ERR,ERR,ERR,ERR,ERR,ERR,ERR,ERR,0.0,0.0,0.0,0.0,0.0,1.3936040501711995e+18,7.805,0.0,0,0,4,0,8422,0.0,45,0.0,0.0,0.0,0.0,0.0,0,0,0,0,0.0,0,0,0,0,0,0,0,0,0,0,0,0,0,0,0,0,0,0,0,0,0,0,0,0,0,0,0,0,0,0,0,0,0,38,14,7,45,65476,0,300,0,0,8,21553,0.0,-107605600.0,0.0,0.0,0.0,0.0,0.0,0.0,0.0,0.0,0.0,0.0,0.0,0.0,0.0,0.0,0.0,0.0,0.0,0.0,0.0,0.0,0.0,0.0,-0.0,0.0,0.0,0.0,0.0,0.0,5015.0,3.697186133624698e+19,0.0,0.0,-107615296.0,-107615280.0,2.718429300292151e+23,0.0,0.0,0.0,0.0,53,-0.0,89220.562,0.0,0.0,0.0,0.0,0.0,0.0,0.0,0,0,0,0.0,0.0,0.0,0.0,0.0,0.0,0.0,0.0,0.0,0.0,0.0,0.0,0.0,0.0,0.0,0.0,0,-107875648.0,53,0.0,106,-107614832.0,0.0,ERR,ERR,ERR,ERR,ERR,ERR,ERR,ERR,ERR,ERR,ERR,ERR,ERR,ERR,ERR,ERR,ERR,ERR,ERR,ERR,ERR,ERR,ERR,ERR,ERR,ERR,ERR,ERR,ERR,ERR,ERR,ERR,ERR,ERR,ERR,ERR,ERR,ERR,ERR,ERR,ERR,ERR,ERR,ERR,ERR,ERR,ERR,ERR,ERR,ERR,ERR,ERR,ERR,ERR,ERR,ERR,ERR,ERR,ERR,ERR,ERR,ERR,ERR,ERR,ERR,ERR,ERR,50.0,60.0,100,0.0,0.0,0.0,0.0,0.0,0.0,0.0,0.0,0.0,0.0,0.0,0.0,0.0,0.0,0.0,0.0,62.0,74,14,65512,50,65476,0,300,0,0,8,20529,65476,0,0,26214,60.0,0.0,0.0,0.0,0.0,0.0
2026-05-17T18:23:42,ERR,ERR,ERR,ERR,ERR,ERR,ERR,ERR,ERR,ERR,ERR,ERR,ERR,ERR,ERR,ERR,ERR,ERR,ERR,ERR,ERR,ERR,ERR,ERR,ERR,ERR,ERR,ERR,ERR,ERR,ERR,ERR,ERR,ERR,ERR,ERR,ERR,ERR,ERR,ERR,ERR,ERR,ERR,ERR,ERR,ERR,ERR,ERR,ERR,ERR,ERR,ERR,ERR,ERR,ERR,ERR,ERR,ERR,ERR,ERR,ERR,ERR,ERR,ERR,ERR,ERR,ERR,ERR,ERR,ERR,ERR,ERR,ERR,ERR,ERR,ERR,ERR,ERR,ERR,ERR,ERR,ERR,ERR,ERR,ERR,ERR,ERR,ERR,ERR,ERR,ERR,ERR,ERR,ERR,ERR,ERR,ERR,ERR,ERR,ERR,ERR,ERR,ERR,ERR,ERR,ERR,ERR,ERR,ERR,ERR,ERR,ERR,ERR,ERR,ERR,ERR,ERR,ERR,ERR,ERR,ERR,ERR,ERR,ERR,ERR,0.0,0.0,0.0,0.0,0.0,1.3936040501711995e+18,7.805,0.0,0,0,4,0,8422,0.0,45,0.0,0.0,0.0,0.0,0.0,0,0,0,0,0.0,0,0,0,0,0,0,0,0,0,0,0,0,0,0,0,0,0,0,0,0,0,0,0,0,0,0,0,0,0,0,0,0,0,38,14,7,45,65476,0,300,0,0,8,21553,0.0,-107605600.0,0.0,0.0,0.0,0.0,0.0,0.0,0.0,0.0,0.0,0.0,0.0,0.0,0.0,0.0,0.0,0.0,0.0,0.0,0.0,0.0,0.0,0.0,-0.0,0.0,0.0,0.0,0.0,0.0,5015.0,3.697186133624698e+19,0.0,0.0,-107615296.0,-107615280.0,2.718429300292151e+23,0.0,0.0,0.0,0.0,53,-0.0,89220.562,0.0,0.0,0.0,0.0,0.0,0.0,0.0,0,0,0,0.0,0.0,0.0,0.0,0.0,0.0,0.0,0.0,0.0,0.0,0.0,0.0,0.0,0.0,0.0,0.0,0,-107875648.0,53,0.0,106,-107614832.0,0.0,ERR,ERR,ERR,ERR,ERR,ERR,ERR,ERR,ERR,ERR,ERR,ERR,ERR,ERR,ERR,ERR,ERR,ERR,ERR,ERR,ERR,ERR,ERR,ERR,ERR,ERR,ERR,ERR,ERR,ERR,ERR,ERR,ERR,ERR,ERR,ERR,ERR,ERR,ERR,ERR,ERR,ERR,ERR,ERR,ERR,ERR,ERR,ERR,ERR,ERR,ERR,ERR,ERR,ERR,ERR,ERR,ERR,ERR,ERR,ERR,ERR,ERR,ERR,ERR,ERR,ERR,ERR,50.0,60.0,100,0.0,0.0,0.0,0.0,0.0,0.0,0.0,0.0,0.0,0.0,0.0,0.0,0.0,0.0,0.0,0.0,62.0,74,14,65512,50,65476,0,300,0,0,8,20529,65476,0,0,26214,60.0,0.0,0.0,0.0,0.0,0.0
2026-05-17T18:23:43,ERR,ERR,ERR,ERR,ERR,ERR,ERR,ERR,ERR,ERR,ERR,ERR,ERR,ERR,ERR,ERR,ERR,ERR,ERR,ERR,ERR,ERR,ERR,ERR,ERR,ERR,ERR,ERR,ERR,ERR,ERR,ERR,ERR,ERR,ERR,ERR,ERR,ERR,ERR,ERR,ERR,ERR,ERR,ERR,ERR,ERR,ERR,ERR,ERR,ERR,ERR,ERR,ERR,ERR,ERR,ERR,ERR,ERR,ERR,ERR,ERR,ERR,ERR,ERR,ERR,ERR,ERR,ERR,ERR,ERR,ERR,ERR,ERR,ERR,ERR,ERR,ERR,ERR,ERR,ERR,ERR,ERR,ERR,ERR,ERR,ERR,ERR,ERR,ERR,ERR,ERR,ERR,ERR,ERR,ERR,ERR,ERR,ERR,ERR,ERR,ERR,ERR,ERR,ERR,ERR,ERR,ERR,ERR,ERR,ERR,ERR,ERR,ERR,ERR,ERR,ERR,ERR,ERR,ERR,ERR,ERR,ERR,ERR,ERR,ERR,0.0,0.0,0.0,0.0,0.0,1.3936040501711995e+18,7.805,0.0,0,0,4,0,8422,0.0,45,0.0,0.0,0.0,0.0,0.0,0,0,0,0,0.0,0,0,0,0,0,0,0,0,0,0,0,0,0,0,0,0,0,0,0,0,0,0,0,0,0,0,0,0,0,0,0,0,0,38,14,7,45,65476,0,300,0,0,8,21553,0.0,-107605600.0,0.0,0.0,0.0,0.0,0.0,0.0,0.0,0.0,0.0,0.0,0.0,0.0,0.0,0.0,0.0,0.0,0.0,0.0,0.0,0.0,0.0,0.0,-0.0,0.0,0.0,0.0,0.0,0.0,5015.0,3.697186133624698e+19,0.0,0.0,-107615296.0,-107615280.0,2.718429300292151e+23,0.0,0.0,0.0,0.0,53,-0.0,89220.562,0.0,0.0,0.0,0.0,0.0,0.0,0.0,0,0,0,0.0,0.0,0.0,0.0,0.0,0.0,0.0,0.0,0.0,0.0,0.0,0.0,0.0,0.0,0.0,0.0,0,-107875648.0,53,0.0,106,-107614832.0,0.0,ERR,ERR,ERR,ERR,ERR,ERR,ERR,ERR,ERR,ERR,ERR,ERR,ERR,ERR,ERR,ERR,ERR,ERR,ERR,ERR,ERR,ERR,ERR,ERR,ERR,ERR,ERR,ERR,ERR,ERR,ERR,ERR,ERR,ERR,ERR,ERR,ERR,ERR,ERR,ERR,ERR,ERR,ERR,ERR,ERR,ERR,ERR,ERR,ERR,ERR,ERR,ERR,ERR,ERR,ERR,ERR,ERR,ERR,ERR,ERR,ERR,ERR,ERR,ERR,ERR,ERR,ERR,50.0,60.0,100,0.0,0.0,0.0,0.0,0.0,0.0,0.0,0.0,0.0,0.0,0.0,0.0,0.0,0.0,0.0,0.0,61.6,74,14,65512,50,65476,0,300,0,0,8,20529,65476,0,0,26214,60.0,0.0,0.0,0.0,0.0,0.0
2026-05-17T18:23:44,ERR,ERR,ERR,ERR,ERR,ERR,ERR,ERR,ERR,ERR,ERR,ERR,ERR,ERR,ERR,ERR,ERR,ERR,ERR,ERR,ERR,ERR,ERR,ERR,ERR,ERR,ERR,ERR,ERR,ERR,ERR,ERR,ERR,ERR,ERR,ERR,ERR,ERR,ERR,ERR,ERR,ERR,ERR,ERR,ERR,ERR,ERR,ERR,ERR,ERR,ERR,ERR,ERR,ERR,ERR,ERR,ERR,ERR,ERR,ERR,ERR,ERR,ERR,ERR,ERR,ERR,ERR,ERR,ERR,ERR,ERR,ERR,ERR,ERR,ERR,ERR,ERR,ERR,ERR,ERR,ERR,ERR,ERR,ERR,ERR,ERR,ERR,ERR,ERR,ERR,ERR,ERR,ERR,ERR,ERR,ERR,ERR,ERR,ERR,ERR,ERR,ERR,ERR,ERR,ERR,ERR,ERR,ERR,ERR,ERR,ERR,ERR,ERR,ERR,ERR,ERR,ERR,ERR,ERR,ERR,ERR,ERR,ERR,ERR,ERR,0.0,0.0,0.0,0.0,0.0,1.3936040501711995e+18,7.805,0.0,0,0,4,0,8422,0.0,45,0.0,0.0,0.0,0.0,0.0,0,0,0,0,0.0,0,0,0,0,0,0,0,0,0,0,0,0,0,0,0,0,0,0,0,0,0,0,0,0,0,0,0,0,0,0,0,0,0,38,14,7,45,65476,0,300,0,0,8,21553,0.0,-107605600.0,0.0,0.0,0.0,0.0,0.0,0.0,0.0,0.0,0.0,0.0,0.0,0.0,0.0,0.0,0.0,0.0,0.0,0.0,0.0,0.0,0.0,0.0,-0.0,0.0,0.0,0.0,0.0,0.0,5015.0,3.697186133624698e+19,0.0,0.0,-107615296.0,-107615280.0,2.718429300292151e+23,0.0,0.0,0.0,0.0,53,-0.0,89220.562,0.0,0.0,0.0,0.0,0.0,0.0,0.0,0,0,0,0.0,0.0,0.0,0.0,0.0,0.0,0.0,0.0,0.0,0.0,0.0,0.0,0.0,0.0,0.0,0.0,0,-107875648.0,53,0.0,106,-107614832.0,0.0,ERR,ERR,ERR,ERR,ERR,ERR,ERR,ERR,ERR,ERR,ERR,ERR,ERR,ERR,ERR,ERR,ERR,ERR,ERR,ERR,ERR,ERR,ERR,ERR,ERR,ERR,ERR,ERR,ERR,ERR,ERR,ERR,ERR,ERR,ERR,ERR,ERR,ERR,ERR,ERR,ERR,ERR,ERR,ERR,ERR,ERR,ERR,ERR,ERR,ERR,ERR,ERR,ERR,ERR,ERR,ERR,ERR,ERR,ERR,ERR,ERR,ERR,ERR,ERR,ERR,ERR,ERR,50.0,60.0,100,0.0,0.0,0.0,0.0,0.0,0.0,0.0,0.0,0.0,0.0,0.0,0.0,0.0,0.0,0.0,0.0,61.6,74,14,65512,50,65476,0,300,0,0,8,20529,65476,0,0,26214,60.0,0.0,0.0,0.0,0.0,0.0
2026-05-17T18:23:45,ERR,ERR,ERR,ERR,ERR,ERR,ERR,ERR,ERR,ERR,ERR,ERR,ERR,ERR,ERR,ERR,ERR,ERR,ERR,ERR,ERR,ERR,ERR,ERR,ERR,ERR,ERR,ERR,ERR,ERR,ERR,ERR,ERR,ERR,ERR,ERR,ERR,ERR,ERR,ERR,ERR,ERR,ERR,ERR,ERR,ERR,ERR,ERR,ERR,ERR,ERR,ERR,ERR,ERR,ERR,ERR,ERR,ERR,ERR,ERR,ERR,ERR,ERR,ERR,ERR,ERR,ERR,ERR,ERR,ERR,ERR,ERR,ERR,ERR,ERR,ERR,ERR,ERR,ERR,ERR,ERR,ERR,ERR,ERR,ERR,ERR,ERR,ERR,ERR,ERR,ERR,ERR,ERR,ERR,ERR,ERR,ERR,ERR,ERR,ERR,ERR,ERR,ERR,ERR,ERR,ERR,ERR,ERR,ERR,ERR,ERR,ERR,ERR,ERR,ERR,ERR,ERR,ERR,ERR,ERR,ERR,ERR,ERR,ERR,ERR,0.0,-107615296.0,-134474944.0,0.0,0.0,1.3936040501711995e+18,7.805,0.0,0,0,4,0,8422,0.0,45,0.0,0.0,0.0,0.0,0.0,0,0,0,0,0.0,0,0,0,0,0,0,0,0,0,0,0,0,0,0,0,0,0,0,0,0,0,0,0,0,0,0,0,0,0,0,0,0,0,38,14,7,45,65476,0,300,0,0,8,21553,0.0,-107605600.0,0.0,0.0,0.0,0.0,0.0,0.0,0.0,0.0,0.0,0.0,0.0,0.0,0.0,0.0,0.0,0.0,0.0,0.0,0.0,0.0,0.0,0.0,-0.0,0.0,0.0,0.0,0.0,0.0,5015.0,-0.0,0.0,0.0,0.0,-107615280.0,2.718429300292151e+23,0.0,0.0,0.0,0.0,53,-0.0,1.9056859227671757e+17,0.0,0.0,0.0,0.0,0.0,0.0,0.0,0,0,0,0.0,0.0,0.0,0.0,0.0,0.0,0.0,0.0,0.0,0.0,0.0,0.0,0.0,0.0,0.0,0.0,0,-107875648.0,53,0.0,106,-107614832.0,0.0,ERR,ERR,ERR,ERR,ERR,ERR,ERR,ERR,ERR,ERR,ERR,ERR,ERR,ERR,ERR,ERR,ERR,ERR,ERR,ERR,ERR,ERR,ERR,ERR,ERR,ERR,ERR,ERR,ERR,ERR,ERR,ERR,ERR,ERR,ERR,ERR,ERR,ERR,ERR,ERR,ERR,ERR,ERR,ERR,ERR,ERR,ERR,ERR,ERR,ERR,ERR,ERR,ERR,ERR,ERR,ERR,ERR,ERR,ERR,ERR,ERR,ERR,ERR,ERR,ERR,ERR,ERR,50.0,60.0,100,0.0,0.0,0.0,0.0,0.0,0.0,0.0,0.0,0.0,0.0,0.0,0.0,0.0,0.0,0.0,0.0,61.6,74,14,65512,50,65476,0,300,0,0,8,20529,65476,0,0,26214,60.0,0.0,0.0,0.0,0.0,0.0
2026-05-17T18:23:46,ERR,ERR,ERR,ERR,ERR,ERR,ERR,ERR,ERR,ERR,ERR,ERR,ERR,ERR,ERR,ERR,ERR,ERR,ERR,ERR,ERR,ERR,ERR,ERR,ERR,ERR,ERR,ERR,ERR,ERR,ERR,ERR,ERR,ERR,ERR,ERR,ERR,ERR,ERR,ERR,ERR,ERR,ERR,ERR,ERR,ERR,ERR,ERR,ERR,ERR,ERR,ERR,ERR,ERR,ERR,ERR,ERR,ERR,ERR,ERR,ERR,ERR,ERR,ERR,ERR,ERR,ERR,ERR,ERR,ERR,ERR,ERR,ERR,ERR,ERR,ERR,ERR,ERR,ERR,ERR,ERR,ERR,ERR,ERR,ERR,ERR,ERR,ERR,ERR,ERR,ERR,ERR,ERR,ERR,ERR,ERR,ERR,ERR,ERR,ERR,ERR,ERR,ERR,ERR,ERR,ERR,ERR,ERR,ERR,ERR,ERR,ERR,ERR,ERR,ERR,ERR,ERR,ERR,ERR,ERR,ERR,ERR,ERR,ERR,ERR,0.0,-107615296.0,-134474944.0,0.0,0.0,1.3936040501711995e+18,7.805,0.0,0,0,4,0,8422,0.0,45,0.0,0.0,0.0,0.0,0.0,0,0,0,0,0.0,0,0,0,0,0,0,0,0,0,0,0,0,0,0,0,0,0,0,0,0,0,0,0,0,0,0,0,0,0,0,0,0,0,38,14,7,45,65476,0,300,0,0,8,21553,0.0,-107605600.0,0.0,0.0,0.0,0.0,0.0,0.0,0.0,0.0,0.0,0.0,0.0,0.0,0.0,0.0,0.0,0.0,0.0,0.0,0.0,0.0,0.0,0.0,-0.0,0.0,0.0,0.0,0.0,0.0,5015.0,-0.0,0.0,0.0,0.0,-107615280.0,2.718429300292151e+23,0.0,0.0,0.0,0.0,53,-0.0,1.9056859227671757e+17,0.0,0.0,0.0,0.0,0.0,0.0,0.0,0,0,0,0.0,0.0,0.0,0.0,0.0,0.0,0.0,0.0,0.0,0.0,0.0,0.0,0.0,0.0,0.0,0.0,0,-107875648.0,53,0.0,106,-107614832.0,0.0,ERR,ERR,ERR,ERR,ERR,ERR,ERR,ERR,ERR,ERR,ERR,ERR,ERR,ERR,ERR,ERR,ERR,ERR,ERR,ERR,ERR,ERR,ERR,ERR,ERR,ERR,ERR,ERR,ERR,ERR,ERR,ERR,ERR,ERR,ERR,ERR,ERR,ERR,ERR,ERR,ERR,ERR,ERR,ERR,ERR,ERR,ERR,ERR,ERR,ERR,ERR,ERR,ERR,ERR,ERR,ERR,ERR,ERR,ERR,ERR,ERR,ERR,ERR,ERR,ERR,ERR,ERR,50.0,60.0,100,0.0,0.0,0.0,0.0,0.0,0.0,0.0,0.0,0.0,0.0,0.0,0.0,0.0,0.0,0.0,0.0,61.6,74,14,65512,50,65476,0,300,0,0,8,20529,65476,0,0,26214,60.0,0.0,0.0,0.0,0.0,0.0
2026-05-17T18:23:47,ERR,ERR,ERR,ERR,ERR,ERR,ERR,ERR,ERR,ERR,ERR,ERR,ERR,ERR,ERR,ERR,ERR,ERR,ERR,ERR,ERR,ERR,ERR,ERR,ERR,ERR,ERR,ERR,ERR,ERR,ERR,ERR,ERR,ERR,ERR,ERR,ERR,ERR,ERR,ERR,ERR,ERR,ERR,ERR,ERR,ERR,ERR,ERR,ERR,ERR,ERR,ERR,ERR,ERR,ERR,ERR,ERR,ERR,ERR,ERR,ERR,ERR,ERR,ERR,ERR,ERR,ERR,ERR,ERR,ERR,ERR,ERR,ERR,ERR,ERR,ERR,ERR,ERR,ERR,ERR,ERR,ERR,ERR,ERR,ERR,ERR,ERR,ERR,ERR,ERR,ERR,ERR,ERR,ERR,ERR,ERR,ERR,ERR,ERR,ERR,ERR,ERR,ERR,ERR,ERR,ERR,ERR,ERR,ERR,ERR,ERR,ERR,ERR,ERR,ERR,ERR,ERR,ERR,ERR,ERR,ERR,ERR,ERR,ERR,ERR,0.0,-107615296.0,-134474944.0,0.0,0.0,1.3936040501711995e+18,7.805,0.0,0,0,4,0,8422,0.0,45,0.0,0.0,0.0,0.0,0.0,0,0,0,0,0.0,0,0,0,0,0,0,0,0,0,0,0,0,0,0,0,0,0,0,0,0,0,0,0,0,0,0,0,0,0,0,0,0,0,38,14,7,45,65476,0,300,0,0,8,21553,0.0,-107605600.0,0.0,0.0,0.0,0.0,0.0,0.0,0.0,0.0,0.0,0.0,0.0,0.0,0.0,0.0,0.0,0.0,0.0,0.0,0.0,0.0,0.0,0.0,-0.0,0.0,0.0,0.0,0.0,0.0,5015.0,-0.0,0.0,0.0,0.0,-107615280.0,2.718429300292151e+23,0.0,0.0,0.0,0.0,53,-0.0,1.9056859227671757e+17,0.0,0.0,0.0,0.0,0.0,0.0,0.0,0,0,0,0.0,0.0,0.0,0.0,0.0,0.0,0.0,0.0,0.0,0.0,0.0,0.0,0.0,0.0,0.0,0.0,0,-107875648.0,53,0.0,106,-107614832.0,0.0,ERR,ERR,ERR,ERR,ERR,ERR,ERR,ERR,ERR,ERR,ERR,ERR,ERR,ERR,ERR,ERR,ERR,ERR,ERR,ERR,ERR,ERR,ERR,ERR,ERR,ERR,ERR,ERR,ERR,ERR,ERR,ERR,ERR,ERR,ERR,ERR,ERR,ERR,ERR,ERR,ERR,ERR,ERR,ERR,ERR,ERR,ERR,ERR,ERR,ERR,ERR,ERR,ERR,ERR,ERR,ERR,ERR,ERR,ERR,ERR,ERR,ERR,ERR,ERR,ERR,ERR,ERR,50.0,60.0,100,0.0,0.0,0.0,0.0,0.0,0.0,0.0,0.0,0.0,0.0,0.0,0.0,0.0,0.0,0.0,0.0,61.6,74,14,65512,50,65476,0,300,0,0,8,20529,65476,0,0,26214,60.0,0.0,0.0,0.0,0.0,0.0
2026-05-17T18:23:48,ERR,ERR,ERR,ERR,ERR,ERR,ERR,ERR,ERR,ERR,ERR,ERR,ERR,ERR,ERR,ERR,ERR,ERR,ERR,ERR,ERR,ERR,ERR,ERR,ERR,ERR,ERR,ERR,ERR,ERR,ERR,ERR,ERR,ERR,ERR,ERR,ERR,ERR,ERR,ERR,ERR,ERR,ERR,ERR,ERR,ERR,ERR,ERR,ERR,ERR,ERR,ERR,ERR,ERR,ERR,ERR,ERR,ERR,ERR,ERR,ERR,ERR,ERR,ERR,ERR,ERR,ERR,ERR,ERR,ERR,ERR,ERR,ERR,ERR,ERR,ERR,ERR,ERR,ERR,ERR,ERR,ERR,ERR,ERR,ERR,ERR,ERR,ERR,ERR,ERR,ERR,ERR,ERR,ERR,ERR,ERR,ERR,ERR,ERR,ERR,ERR,ERR,ERR,ERR,ERR,ERR,ERR,ERR,ERR,ERR,ERR,ERR,ERR,ERR,ERR,ERR,ERR,ERR,ERR,ERR,ERR,ERR,ERR,ERR,ERR,0.0,-107615296.0,-134474944.0,0.0,0.0,1.3936040501711995e+18,7.805,0.0,0,0,4,0,8422,0.0,45,0.0,0.0,0.0,0.0,0.0,0,0,0,0,0.0,0,0,0,0,0,0,0,0,0,0,0,0,0,0,0,0,0,0,0,0,0,0,0,0,0,0,0,0,0,0,0,0,0,38,14,7,45,65476,0,300,0,0,8,21553,0.0,-107605600.0,0.0,0.0,0.0,0.0,0.0,0.0,0.0,0.0,0.0,0.0,0.0,0.0,0.0,0.0,0.0,0.0,0.0,0.0,0.0,0.0,0.0,0.0,-0.0,0.0,0.0,0.0,0.0,0.0,5015.0,-0.0,0.0,0.0,0.0,-107615280.0,2.718429300292151e+23,0.0,0.0,0.0,0.0,53,-0.0,1.9056859227671757e+17,0.0,0.0,0.0,0.0,0.0,0.0,0.0,0,0,0,0.0,0.0,0.0,0.0,0.0,0.0,0.0,0.0,0.0,0.0,0.0,0.0,0.0,0.0,0.0,0.0,0,-107875648.0,53,0.0,106,-107614832.0,0.0,ERR,ERR,ERR,ERR,ERR,ERR,ERR,ERR,ERR,ERR,ERR,ERR,ERR,ERR,ERR,ERR,ERR,ERR,ERR,ERR,ERR,ERR,ERR,ERR,ERR,ERR,ERR,ERR,ERR,ERR,ERR,ERR,ERR,ERR,ERR,ERR,ERR,ERR,ERR,ERR,ERR,ERR,ERR,ERR,ERR,ERR,ERR,ERR,ERR,ERR,ERR,ERR,ERR,ERR,ERR,ERR,ERR,ERR,ERR,ERR,ERR,ERR,ERR,ERR,ERR,ERR,ERR,50.0,60.0,100,0.0,0.0,0.0,0.0,0.0,0.0,0.0,0.0,0.0,0.0,0.0,0.0,0.0,0.0,0.0,0.0,61.6,74,14,65512,50,65476,0,300,0,0,8,20529,65476,0,0,26214,60.0,0.0,0.0,0.0,0.0,0.0
2026-05-17T18:23:49,ERR,ERR,ERR,ERR,ERR,ERR,ERR,ERR,ERR,ERR,ERR,ERR,ERR,ERR,ERR,ERR,ERR,ERR,ERR,ERR,ERR,ERR,ERR,ERR,ERR,ERR,ERR,ERR,ERR,ERR,ERR,ERR,ERR,ERR,ERR,ERR,ERR,ERR,ERR,ERR,ERR,ERR,ERR,ERR,ERR,ERR,ERR,ERR,ERR,ERR,ERR,ERR,ERR,ERR,ERR,ERR,ERR,ERR,ERR,ERR,ERR,ERR,ERR,ERR,ERR,ERR,ERR,ERR,ERR,ERR,ERR,ERR,ERR,ERR,ERR,ERR,ERR,ERR,ERR,ERR,ERR,ERR,ERR,ERR,ERR,ERR,ERR,ERR,ERR,ERR,ERR,ERR,ERR,ERR,ERR,ERR,ERR,ERR,ERR,ERR,ERR,ERR,ERR,ERR,ERR,ERR,ERR,ERR,ERR,ERR,ERR,ERR,ERR,ERR,ERR,ERR,ERR,ERR,ERR,ERR,ERR,ERR,ERR,ERR,ERR,0.0,-107615296.0,-134474944.0,0.0,0.0,1.3936040501711995e+18,7.805,0.0,0,0,4,0,8422,0.0,45,0.0,0.0,0.0,0.0,0.0,0,0,0,0,0.0,0,0,0,0,0,0,0,0,0,0,0,0,0,0,0,0,0,0,0,0,0,0,0,0,0,0,0,0,0,0,0,0,0,38,14,7,45,65476,0,300,0,0,8,21553,0.0,-107605600.0,0.0,0.0,0.0,0.0,0.0,0.0,0.0,0.0,0.0,0.0,0.0,0.0,0.0,0.0,0.0,0.0,0.0,0.0,0.0,0.0,0.0,0.0,-0.0,0.0,0.0,0.0,0.0,0.0,5015.0,-0.0,0.0,0.0,0.0,-107615280.0,2.718429300292151e+23,0.0,0.0,0.0,0.0,53,-0.0,1.9056859227671757e+17,0.0,0.0,0.0,0.0,0.0,0.0,0.0,0,0,0,0.0,0.0,0.0,0.0,0.0,0.0,0.0,0.0,0.0,0.0,0.0,0.0,0.0,0.0,0.0,0.0,0,-107875648.0,53,0.0,106,-107614832.0,0.0,ERR,ERR,ERR,ERR,ERR,ERR,ERR,ERR,ERR,ERR,ERR,ERR,ERR,ERR,ERR,ERR,ERR,ERR,ERR,ERR,ERR,ERR,ERR,ERR,ERR,ERR,ERR,ERR,ERR,ERR,ERR,ERR,ERR,ERR,ERR,ERR,ERR,ERR,ERR,ERR,ERR,ERR,ERR,ERR,ERR,ERR,ERR,ERR,ERR,ERR,ERR,ERR,ERR,ERR,ERR,ERR,ERR,ERR,ERR,ERR,ERR,ERR,ERR,ERR,ERR,ERR,ERR,50.0,60.0,100,0.0,0.0,0.0,0.0,0.0,0.0,0.0,0.0,0.0,0.0,0.0,0.0,0.0,0.0,0.0,0.0,61.6,74,14,65512,50,65476,0,300,0,0,8,20529,65476,0,0,26214,60.0,0.0,0.0,0.0,0.0,0.0
2026-05-17T18:23:50,ERR,ERR,ERR,ERR,ERR,ERR,ERR,ERR,ERR,ERR,ERR,ERR,ERR,ERR,ERR,ERR,ERR,ERR,ERR,ERR,ERR,ERR,ERR,ERR,ERR,ERR,ERR,ERR,ERR,ERR,ERR,ERR,ERR,ERR,ERR,ERR,ERR,ERR,ERR,ERR,ERR,ERR,ERR,ERR,ERR,ERR,ERR,ERR,ERR,ERR,ERR,ERR,ERR,ERR,ERR,ERR,ERR,ERR,ERR,ERR,ERR,ERR,ERR,ERR,ERR,ERR,ERR,ERR,ERR,ERR,ERR,ERR,ERR,ERR,ERR,ERR,ERR,ERR,ERR,ERR,ERR,ERR,ERR,ERR,ERR,ERR,ERR,ERR,ERR,ERR,ERR,ERR,ERR,ERR,ERR,ERR,ERR,ERR,ERR,ERR,ERR,ERR,ERR,ERR,ERR,ERR,ERR,ERR,ERR,ERR,ERR,ERR,ERR,ERR,ERR,ERR,ERR,ERR,ERR,ERR,ERR,ERR,ERR,ERR,ERR,0.0,0.0,0.0,0.0,0.0,1.3936040501711995e+18,7.805,0.0,0,0,4,0,8422,0.0,45,0.0,0.0,0.0,0.0,0.0,0,0,0,0,0.0,0,0,0,0,0,0,0,0,0,0,0,0,0,0,0,0,0,0,0,0,0,0,0,0,0,0,0,0,0,0,0,0,0,38,14,7,45,65476,0,300,0,0,8,21553,0.0,-107605600.0,0.0,0.0,0.0,0.0,0.0,0.0,0.0,0.0,0.0,0.0,0.0,0.0,0.0,0.0,0.0,0.0,0.0,0.0,0.0,0.0,0.0,0.0,-0.0,0.0,0.0,0.0,0.0,0.0,5018.0,-0.0,0.0,0.0,0.0,-107615280.0,2.718429300292151e+23,0.0,0.0,0.0,0.0,53,-0.0,126840537088.0,0.0,0.0,0.0,0.0,0.0,0.0,0.0,0,0,0,0.0,0.0,0.0,0.0,0.0,0.0,0.0,0.0,0.0,0.0,0.0,0.0,0.0,0.0,0.0,0.0,0,-107875648.0,53,0.0,106,-107614832.0,0.0,ERR,ERR,ERR,ERR,ERR,ERR,ERR,ERR,ERR,ERR,ERR,ERR,ERR,ERR,ERR,ERR,ERR,ERR,ERR,ERR,ERR,ERR,ERR,ERR,ERR,ERR,ERR,ERR,ERR,ERR,ERR,ERR,ERR,ERR,ERR,ERR,ERR,ERR,ERR,ERR,ERR,ERR,ERR,ERR,ERR,ERR,ERR,ERR,ERR,ERR,ERR,ERR,ERR,ERR,ERR,ERR,ERR,ERR,ERR,ERR,ERR,ERR,ERR,ERR,ERR,ERR,ERR,50.0,60.0,100,0.0,0.0,0.0,0.0,0.0,0.0,0.0,0.0,0.0,0.0,0.0,0.0,0.0,0.0,0.0,0.0,62.0,74,14,65512,50,65476,0,300,0,0,8,20529,65476,0,0,26214,60.0,0.0,0.0,0.0,0.0,0.0
2026-05-17T18:23:51,ERR,ERR,ERR,ERR,ERR,ERR,ERR,ERR,ERR,ERR,ERR,ERR,ERR,ERR,ERR,ERR,ERR,ERR,ERR,ERR,ERR,ERR,ERR,ERR,ERR,ERR,ERR,ERR,ERR,ERR,ERR,ERR,ERR,ERR,ERR,ERR,ERR,ERR,ERR,ERR,ERR,ERR,ERR,ERR,ERR,ERR,ERR,ERR,ERR,ERR,ERR,ERR,ERR,ERR,ERR,ERR,ERR,ERR,ERR,ERR,ERR,ERR,ERR,ERR,ERR,ERR,ERR,ERR,ERR,ERR,ERR,ERR,ERR,ERR,ERR,ERR,ERR,ERR,ERR,ERR,ERR,ERR,ERR,ERR,ERR,ERR,ERR,ERR,ERR,ERR,ERR,ERR,ERR,ERR,ERR,ERR,ERR,ERR,ERR,ERR,ERR,ERR,ERR,ERR,ERR,ERR,ERR,ERR,ERR,ERR,ERR,ERR,ERR,ERR,ERR,ERR,ERR,ERR,ERR,ERR,ERR,ERR,ERR,ERR,ERR,0.0,0.0,0.0,0.0,0.0,1.3936040501711995e+18,7.805,0.0,0,0,4,0,8422,0.0,45,0.0,0.0,0.0,0.0,0.0,0,0,0,0,0.0,0,0,0,0,0,0,0,0,0,0,0,0,0,0,0,0,0,0,0,0,0,0,0,0,0,0,0,0,0,0,0,0,0,38,14,7,45,65476,0,300,0,0,8,21553,0.0,-107605600.0,0.0,0.0,0.0,0.0,0.0,0.0,0.0,0.0,0.0,0.0,0.0,0.0,0.0,0.0,0.0,0.0,0.0,0.0,0.0,0.0,0.0,0.0,-0.0,0.0,0.0,0.0,0.0,0.0,5018.0,-0.0,0.0,0.0,0.0,-107615280.0,2.718429300292151e+23,0.0,0.0,0.0,0.0,53,-0.0,126840537088.0,0.0,0.0,0.0,0.0,0.0,0.0,0.0,0,0,0,0.0,0.0,0.0,0.0,0.0,0.0,0.0,0.0,0.0,0.0,0.0,0.0,0.0,0.0,0.0,0.0,0,-107875648.0,53,0.0,106,-107614832.0,0.0,ERR,ERR,ERR,ERR,ERR,ERR,ERR,ERR,ERR,ERR,ERR,ERR,ERR,ERR,ERR,ERR,ERR,ERR,ERR,ERR,ERR,ERR,ERR,ERR,ERR,ERR,ERR,ERR,ERR,ERR,ERR,ERR,ERR,ERR,ERR,ERR,ERR,ERR,ERR,ERR,ERR,ERR,ERR,ERR,ERR,ERR,ERR,ERR,ERR,ERR,ERR,ERR,ERR,ERR,ERR,ERR,ERR,ERR,ERR,ERR,ERR,ERR,ERR,ERR,ERR,ERR,ERR,50.0,60.0,100,0.0,0.0,0.0,0.0,0.0,0.0,0.0,0.0,0.0,0.0,0.0,0.0,0.0,0.0,0.0,0.0,62.0,74,14,65512,50,65476,0,300,0,0,8,20529,65476,0,0,26214,60.0,0.0,0.0,0.0,0.0,0.0
2026-05-17T18:23:52,ERR,ERR,ERR,ERR,ERR,ERR,ERR,ERR,ERR,ERR,ERR,ERR,ERR,ERR,ERR,ERR,ERR,ERR,ERR,ERR,ERR,ERR,ERR,ERR,ERR,ERR,ERR,ERR,ERR,ERR,ERR,ERR,ERR,ERR,ERR,ERR,ERR,ERR,ERR,ERR,ERR,ERR,ERR,ERR,ERR,ERR,ERR,ERR,ERR,ERR,ERR,ERR,ERR,ERR,ERR,ERR,ERR,ERR,ERR,ERR,ERR,ERR,ERR,ERR,ERR,ERR,ERR,ERR,ERR,ERR,ERR,ERR,ERR,ERR,ERR,ERR,ERR,ERR,ERR,ERR,ERR,ERR,ERR,ERR,ERR,ERR,ERR,ERR,ERR,ERR,ERR,ERR,ERR,ERR,ERR,ERR,ERR,ERR,ERR,ERR,ERR,ERR,ERR,ERR,ERR,ERR,ERR,ERR,ERR,ERR,ERR,ERR,ERR,ERR,ERR,ERR,ERR,ERR,ERR,ERR,ERR,ERR,ERR,ERR,ERR,0.0,0.0,0.0,0.0,0.0,1.3936040501711995e+18,7.805,0.0,0,0,4,0,8422,0.0,45,0.0,0.0,0.0,0.0,0.0,0,0,0,0,0.0,0,0,0,0,0,0,0,0,0,0,0,0,0,0,0,0,0,0,0,0,0,0,0,0,0,0,0,0,0,0,0,0,0,38,14,7,45,65476,0,300,0,0,8,21553,0.0,-107605600.0,0.0,0.0,0.0,0.0,0.0,0.0,0.0,0.0,0.0,0.0,0.0,0.0,0.0,0.0,0.0,0.0,0.0,0.0,0.0,0.0,0.0,0.0,-0.0,0.0,0.0,0.0,0.0,0.0,5018.0,-0.0,0.0,0.0,0.0,-107615280.0,2.718429300292151e+23,0.0,0.0,0.0,0.0,53,-0.0,126840537088.0,0.0,0.0,0.0,0.0,0.0,0.0,0.0,0,0,0,0.0,0.0,0.0,0.0,0.0,0.0,0.0,0.0,0.0,0.0,0.0,0.0,0.0,0.0,0.0,0.0,0,-107875648.0,53,0.0,106,-107614832.0,0.0,ERR,ERR,ERR,ERR,ERR,ERR,ERR,ERR,ERR,ERR,ERR,ERR,ERR,ERR,ERR,ERR,ERR,ERR,ERR,ERR,ERR,ERR,ERR,ERR,ERR,ERR,ERR,ERR,ERR,ERR,ERR,ERR,ERR,ERR,ERR,ERR,ERR,ERR,ERR,ERR,ERR,ERR,ERR,ERR,ERR,ERR,ERR,ERR,ERR,ERR,ERR,ERR,ERR,ERR,ERR,ERR,ERR,ERR,ERR,ERR,ERR,ERR,ERR,ERR,ERR,ERR,ERR,50.0,60.0,100,0.0,0.0,0.0,0.0,0.0,0.0,0.0,0.0,0.0,0.0,0.0,0.0,0.0,0.0,0.0,0.0,61.6,74,14,65512,50,65476,0,300,0,0,8,20529,65476,0,0,26214,60.0,0.0,0.0,0.0,0.0,0.0
2026-05-17T18:23:53,ERR,ERR,ERR,ERR,ERR,ERR,ERR,ERR,ERR,ERR,ERR,ERR,ERR,ERR,ERR,ERR,ERR,ERR,ERR,ERR,ERR,ERR,ERR,ERR,ERR,ERR,ERR,ERR,ERR,ERR,ERR,ERR,ERR,ERR,ERR,ERR,ERR,ERR,ERR,ERR,ERR,ERR,ERR,ERR,ERR,ERR,ERR,ERR,ERR,ERR,ERR,ERR,ERR,ERR,ERR,ERR,ERR,ERR,ERR,ERR,ERR,ERR,ERR,ERR,ERR,ERR,ERR,ERR,ERR,ERR,ERR,ERR,ERR,ERR,ERR,ERR,ERR,ERR,ERR,ERR,ERR,ERR,ERR,ERR,ERR,ERR,ERR,ERR,ERR,ERR,ERR,ERR,ERR,ERR,ERR,ERR,ERR,ERR,ERR,ERR,ERR,ERR,ERR,ERR,ERR,ERR,ERR,ERR,ERR,ERR,ERR,ERR,ERR,ERR,ERR,ERR,ERR,ERR,ERR,ERR,ERR,ERR,ERR,ERR,ERR,0.0,0.0,0.0,0.0,0.0,1.3936040501711995e+18,7.805,0.0,0,0,4,0,8422,0.0,45,0.0,0.0,0.0,0.0,0.0,0,0,0,0,0.0,0,0,0,0,0,0,0,0,0,0,0,0,0,0,0,0,0,0,0,0,0,0,0,0,0,0,0,0,0,0,0,0,0,38,14,7,45,65476,0,300,0,0,8,21553,0.0,-107605600.0,0.0,0.0,0.0,0.0,0.0,0.0,0.0,0.0,0.0,0.0,0.0,0.0,0.0,0.0,0.0,0.0,0.0,0.0,0.0,0.0,0.0,0.0,-0.0,0.0,0.0,0.0,0.0,0.0,5018.0,-0.0,0.0,0.0,0.0,-107615280.0,2.718429300292151e+23,0.0,0.0,0.0,0.0,53,-0.0,126840537088.0,0.0,0.0,0.0,0.0,0.0,0.0,0.0,0,0,0,0.0,0.0,0.0,0.0,0.0,0.0,0.0,0.0,0.0,0.0,0.0,0.0,0.0,0.0,0.0,0.0,0,-107875648.0,53,0.0,106,-107614832.0,0.0,ERR,ERR,ERR,ERR,ERR,ERR,ERR,ERR,ERR,ERR,ERR,ERR,ERR,ERR,ERR,ERR,ERR,ERR,ERR,ERR,ERR,ERR,ERR,ERR,ERR,ERR,ERR,ERR,ERR,ERR,ERR,ERR,ERR,ERR,ERR,ERR,ERR,ERR,ERR,ERR,ERR,ERR,ERR,ERR,ERR,ERR,ERR,ERR,ERR,ERR,ERR,ERR,ERR,ERR,ERR,ERR,ERR,ERR,ERR,ERR,ERR,ERR,ERR,ERR,ERR,ERR,ERR,50.0,60.0,100,0.0,0.0,0.0,0.0,0.0,0.0,0.0,0.0,0.0,0.0,0.0,0.0,0.0,0.0,0.0,0.0,61.6,74,14,65512,50,65476,0,300,0,0,8,20529,65476,0,0,26214,60.0,0.0,0.0,0.0,0.0,0.0
2026-05-17T18:23:54,ERR,ERR,ERR,ERR,ERR,ERR,ERR,ERR,ERR,ERR,ERR,ERR,ERR,ERR,ERR,ERR,ERR,ERR,ERR,ERR,ERR,ERR,ERR,ERR,ERR,ERR,ERR,ERR,ERR,ERR,ERR,ERR,ERR,ERR,ERR,ERR,ERR,ERR,ERR,ERR,ERR,ERR,ERR,ERR,ERR,ERR,ERR,ERR,ERR,ERR,ERR,ERR,ERR,ERR,ERR,ERR,ERR,ERR,ERR,ERR,ERR,ERR,ERR,ERR,ERR,ERR,ERR,ERR,ERR,ERR,ERR,ERR,ERR,ERR,ERR,ERR,ERR,ERR,ERR,ERR,ERR,ERR,ERR,ERR,ERR,ERR,ERR,ERR,ERR,ERR,ERR,ERR,ERR,ERR,ERR,ERR,ERR,ERR,ERR,ERR,ERR,ERR,ERR,ERR,ERR,ERR,ERR,ERR,ERR,ERR,ERR,ERR,ERR,ERR,ERR,ERR,ERR,ERR,ERR,ERR,ERR,ERR,ERR,ERR,ERR,0.0,0.0,0.0,0.0,0.0,1.3936040501711995e+18,7.805,0.0,0,0,4,0,8422,0.0,45,0.0,0.0,0.0,0.0,0.0,0,0,0,0,0.0,0,0,0,0,0,0,0,0,0,0,0,0,0,0,0,0,0,0,0,0,0,0,0,0,0,0,0,0,0,0,0,0,0,38,14,7,45,65476,0,300,0,0,8,21553,0.0,-107605600.0,0.0,0.0,0.0,0.0,0.0,0.0,0.0,0.0,0.0,0.0,0.0,0.0,0.0,0.0,0.0,0.0,0.0,0.0,0.0,0.0,0.0,0.0,-0.0,0.0,0.0,0.0,0.0,0.0,5018.0,-0.0,0.0,0.0,0.0,-107615280.0,2.718429300292151e+23,0.0,0.0,0.0,0.0,53,-0.0,126840537088.0,0.0,0.0,0.0,0.0,0.0,0.0,0.0,0,0,0,0.0,0.0,0.0,0.0,0.0,0.0,0.0,0.0,0.0,0.0,0.0,0.0,0.0,0.0,0.0,0.0,0,-107875648.0,53,0.0,106,-107614832.0,0.0,ERR,ERR,ERR,ERR,ERR,ERR,ERR,ERR,ERR,ERR,ERR,ERR,ERR,ERR,ERR,ERR,ERR,ERR,ERR,ERR,ERR,ERR,ERR,ERR,ERR,ERR,ERR,ERR,ERR,ERR,ERR,ERR,ERR,ERR,ERR,ERR,ERR,ERR,ERR,ERR,ERR,ERR,ERR,ERR,ERR,ERR,ERR,ERR,ERR,ERR,ERR,ERR,ERR,ERR,ERR,ERR,ERR,ERR,ERR,ERR,ERR,ERR,ERR,ERR,ERR,ERR,ERR,50.0,60.0,100,0.0,0.0,0.0,0.0,0.0,0.0,0.0,0.0,0.0,0.0,0.0,0.0,0.0,0.0,0.0,0.0,61.6,74,14,65512,50,65476,0,300,0,0,8,20529,65476,0,0,26214,60.0,0.0,0.0,0.0,0.0,0.0
2026-05-17T18:23:55,ERR,ERR,ERR,ERR,ERR,ERR,ERR,ERR,ERR,ERR,ERR,ERR,ERR,ERR,ERR,ERR,ERR,ERR,ERR,ERR,ERR,ERR,ERR,ERR,ERR,ERR,ERR,ERR,ERR,ERR,ERR,ERR,ERR,ERR,ERR,ERR,ERR,ERR,ERR,ERR,ERR,ERR,ERR,ERR,ERR,ERR,ERR,ERR,ERR,ERR,ERR,ERR,ERR,ERR,ERR,ERR,ERR,ERR,ERR,ERR,ERR,ERR,ERR,ERR,ERR,ERR,ERR,ERR,ERR,ERR,ERR,ERR,ERR,ERR,ERR,ERR,ERR,ERR,ERR,ERR,ERR,ERR,ERR,ERR,ERR,ERR,ERR,ERR,ERR,ERR,ERR,ERR,ERR,ERR,ERR,ERR,ERR,ERR,ERR,ERR,ERR,ERR,ERR,ERR,ERR,ERR,ERR,ERR,ERR,ERR,ERR,ERR,ERR,ERR,ERR,ERR,ERR,ERR,ERR,ERR,ERR,ERR,ERR,ERR,ERR,0.0,-107615296.0,-134474944.0,0.0,0.0,1.3936040501711995e+18,7.805,0.0,0,0,4,0,8422,0.0,45,0.0,0.0,0.0,0.0,0.0,0,0,0,0,0.0,0,0,0,0,0,0,0,0,0,0,0,0,0,0,0,0,0,0,0,0,0,0,0,0,0,0,0,0,0,0,0,0,0,38,14,7,45,65476,0,300,0,0,8,21553,0.0,-107605600.0,0.0,0.0,0.0,0.0,0.0,0.0,0.0,0.0,0.0,0.0,0.0,0.0,0.0,0.0,0.0,0.0,0.0,0.0,0.0,0.0,0.0,2.004,-0.0,0.0,0.0,0.0,0.0,0.0,5011.0,-0.0,0.0,0.0,0.0,-107615280.0,2.718429300292151e+23,0.0,0.0,0.0,0.0,53,4.066880103266858e+29,4.066853658014554e+29,0.0,0.0,0.0,0.0,0.0,0.0,0.0,0,0,0,0.0,0.0,0.0,0.0,0.0,0.0,0.0,0.0,0.0,0.0,0.0,0.0,0.0,0.0,0.0,0.0,0,-107875648.0,53,0.0,106,-107614832.0,0.0,ERR,ERR,ERR,ERR,ERR,ERR,ERR,ERR,ERR,ERR,ERR,ERR,ERR,ERR,ERR,ERR,ERR,ERR,ERR,ERR,ERR,ERR,ERR,ERR,ERR,ERR,ERR,ERR,ERR,ERR,ERR,ERR,ERR,ERR,ERR,ERR,ERR,ERR,ERR,ERR,ERR,ERR,ERR,ERR,ERR,ERR,ERR,ERR,ERR,ERR,ERR,ERR,ERR,ERR,ERR,ERR,ERR,ERR,ERR,ERR,ERR,ERR,ERR,ERR,ERR,ERR,ERR,50.0,60.0,100,0.0,0.0,0.0,0.0,0.0,0.0,0.0,0.0,0.0,0.0,0.0,0.0,0.0,0.0,0.0,0.0,62.0,74,14,65512,50,65476,0,300,0,0,8,20529,65476,0,0,26214,60.0,0.0,0.0,0.0,0.0,0.0
2026-05-17T18:23:56,ERR,ERR,ERR,ERR,ERR,ERR,ERR,ERR,ERR,ERR,ERR,ERR,ERR,ERR,ERR,ERR,ERR,ERR,ERR,ERR,ERR,ERR,ERR,ERR,ERR,ERR,ERR,ERR,ERR,ERR,ERR,ERR,ERR,ERR,ERR,ERR,ERR,ERR,ERR,ERR,ERR,ERR,ERR,ERR,ERR,ERR,ERR,ERR,ERR,ERR,ERR,ERR,ERR,ERR,ERR,ERR,ERR,ERR,ERR,ERR,ERR,ERR,ERR,ERR,ERR,ERR,ERR,ERR,ERR,ERR,ERR,ERR,ERR,ERR,ERR,ERR,ERR,ERR,ERR,ERR,ERR,ERR,ERR,ERR,ERR,ERR,ERR,ERR,ERR,ERR,ERR,ERR,ERR,ERR,ERR,ERR,ERR,ERR,ERR,ERR,ERR,ERR,ERR,ERR,ERR,ERR,ERR,ERR,ERR,ERR,ERR,ERR,ERR,ERR,ERR,ERR,ERR,ERR,ERR,ERR,ERR,ERR,ERR,ERR,ERR,0.0,-107615296.0,-134474944.0,0.0,0.0,1.3936040501711995e+18,7.805,0.0,0,0,4,0,8422,0.0,45,0.0,0.0,0.0,0.0,0.0,0,0,0,0,0.0,0,0,0,0,0,0,0,0,0,0,0,0,0,0,0,0,0,0,0,0,0,0,0,0,0,0,0,0,0,0,0,0,0,38,14,7,45,65476,0,300,0,0,8,21553,0.0,-107605600.0,0.0,0.0,0.0,0.0,0.0,0.0,0.0,0.0,0.0,0.0,0.0,0.0,0.0,0.0,0.0,0.0,0.0,0.0,0.0,0.0,0.0,2.004,-0.0,0.0,0.0,0.0,0.0,0.0,5011.0,-0.0,0.0,0.0,0.0,-107615280.0,2.718429300292151e+23,0.0,0.0,0.0,0.0,53,4.066880103266858e+29,4.066853658014554e+29,0.0,0.0,0.0,0.0,0.0,0.0,0.0,0,0,0,0.0,0.0,0.0,0.0,0.0,0.0,0.0,0.0,0.0,0.0,0.0,0.0,0.0,0.0,0.0,0.0,0,-107875648.0,53,0.0,106,-107614832.0,0.0,ERR,ERR,ERR,ERR,ERR,ERR,ERR,ERR,ERR,ERR,ERR,ERR,ERR,ERR,ERR,ERR,ERR,ERR,ERR,ERR,ERR,ERR,ERR,ERR,ERR,ERR,ERR,ERR,ERR,ERR,ERR,ERR,ERR,ERR,ERR,ERR,ERR,ERR,ERR,ERR,ERR,ERR,ERR,ERR,ERR,ERR,ERR,ERR,ERR,ERR,ERR,ERR,ERR,ERR,ERR,ERR,ERR,ERR,ERR,ERR,ERR,ERR,ERR,ERR,ERR,ERR,ERR,50.0,60.0,100,0.0,0.0,0.0,0.0,0.0,0.0,0.0,0.0,0.0,0.0,0.0,0.0,0.0,0.0,0.0,0.0,62.0,74,14,65512,50,65476,0,300,0,0,8,20529,65476,0,0,26214,60.0,0.0,0.0,0.0,0.0,0.0
2026-05-17T18:23:57,ERR,ERR,ERR,ERR,ERR,ERR,ERR,ERR,ERR,ERR,ERR,ERR,ERR,ERR,ERR,ERR,ERR,ERR,ERR,ERR,ERR,ERR,ERR,ERR,ERR,ERR,ERR,ERR,ERR,ERR,ERR,ERR,ERR,ERR,ERR,ERR,ERR,ERR,ERR,ERR,ERR,ERR,ERR,ERR,ERR,ERR,ERR,ERR,ERR,ERR,ERR,ERR,ERR,ERR,ERR,ERR,ERR,ERR,ERR,ERR,ERR,ERR,ERR,ERR,ERR,ERR,ERR,ERR,ERR,ERR,ERR,ERR,ERR,ERR,ERR,ERR,ERR,ERR,ERR,ERR,ERR,ERR,ERR,ERR,ERR,ERR,ERR,ERR,ERR,ERR,ERR,ERR,ERR,ERR,ERR,ERR,ERR,ERR,ERR,ERR,ERR,ERR,ERR,ERR,ERR,ERR,ERR,ERR,ERR,ERR,ERR,ERR,ERR,ERR,ERR,ERR,ERR,ERR,ERR,ERR,ERR,ERR,ERR,ERR,ERR,0.0,-107615296.0,-134474944.0,0.0,0.0,1.3936040501711995e+18,7.805,0.0,0,0,4,0,8422,0.0,45,0.0,0.0,0.0,0.0,0.0,0,0,0,0,0.0,0,0,0,0,0,0,0,0,0,0,0,0,0,0,0,0,0,0,0,0,0,0,0,0,0,0,0,0,0,0,0,0,0,38,14,7,45,65476,0,300,0,0,8,21553,0.0,-107605600.0,0.0,0.0,0.0,0.0,0.0,0.0,0.0,0.0,0.0,0.0,0.0,0.0,0.0,0.0,0.0,0.0,0.0,0.0,0.0,0.0,0.0,2.004,-0.0,0.0,0.0,0.0,0.0,0.0,5011.0,-0.0,0.0,0.0,0.0,-107615280.0,2.718429300292151e+23,0.0,0.0,0.0,0.0,53,4.066880103266858e+29,4.066853658014554e+29,0.0,0.0,0.0,0.0,0.0,0.0,0.0,0,0,0,0.0,0.0,0.0,0.0,0.0,0.0,0.0,0.0,0.0,0.0,0.0,0.0,0.0,0.0,0.0,0.0,0,-107875648.0,53,0.0,106,-107614832.0,0.0,ERR,ERR,ERR,ERR,ERR,ERR,ERR,ERR,ERR,ERR,ERR,ERR,ERR,ERR,ERR,ERR,ERR,ERR,ERR,ERR,ERR,ERR,ERR,ERR,ERR,ERR,ERR,ERR,ERR,ERR,ERR,ERR,ERR,ERR,ERR,ERR,ERR,ERR,ERR,ERR,ERR,ERR,ERR,ERR,ERR,ERR,ERR,ERR,ERR,ERR,ERR,ERR,ERR,ERR,ERR,ERR,ERR,ERR,ERR,ERR,ERR,ERR,ERR,ERR,ERR,ERR,ERR,50.0,60.0,100,0.0,0.0,0.0,0.0,0.0,0.0,0.0,0.0,0.0,0.0,0.0,0.0,0.0,0.0,0.0,0.0,61.6,74,14,65512,50,65476,0,300,0,0,8,20529,65476,0,0,26214,60.0,0.0,0.0,0.0,0.0,0.0
2026-05-17T18:23:58,ERR,ERR,ERR,ERR,ERR,ERR,ERR,ERR,ERR,ERR,ERR,ERR,ERR,ERR,ERR,ERR,ERR,ERR,ERR,ERR,ERR,ERR,ERR,ERR,ERR,ERR,ERR,ERR,ERR,ERR,ERR,ERR,ERR,ERR,ERR,ERR,ERR,ERR,ERR,ERR,ERR,ERR,ERR,ERR,ERR,ERR,ERR,ERR,ERR,ERR,ERR,ERR,ERR,ERR,ERR,ERR,ERR,ERR,ERR,ERR,ERR,ERR,ERR,ERR,ERR,ERR,ERR,ERR,ERR,ERR,ERR,ERR,ERR,ERR,ERR,ERR,ERR,ERR,ERR,ERR,ERR,ERR,ERR,ERR,ERR,ERR,ERR,ERR,ERR,ERR,ERR,ERR,ERR,ERR,ERR,ERR,ERR,ERR,ERR,ERR,ERR,ERR,ERR,ERR,ERR,ERR,ERR,ERR,ERR,ERR,ERR,ERR,ERR,ERR,ERR,ERR,ERR,ERR,ERR,ERR,ERR,ERR,ERR,ERR,ERR,0.0,-107615296.0,-134474944.0,0.0,0.0,1.3936040501711995e+18,7.805,0.0,0,0,4,0,8422,0.0,45,0.0,0.0,0.0,0.0,0.0,0,0,0,0,0.0,0,0,0,0,0,0,0,0,0,0,0,0,0,0,0,0,0,0,0,0,0,0,0,0,0,0,0,0,0,0,0,0,0,38,14,7,45,65476,0,300,0,0,8,21553,0.0,-107605600.0,0.0,0.0,0.0,0.0,0.0,0.0,0.0,0.0,0.0,0.0,0.0,0.0,0.0,0.0,0.0,0.0,0.0,0.0,0.0,0.0,0.0,2.004,-0.0,0.0,0.0,0.0,0.0,0.0,5011.0,-0.0,0.0,0.0,0.0,-107615280.0,2.718429300292151e+23,0.0,0.0,0.0,0.0,53,4.066880103266858e+29,4.066853658014554e+29,0.0,0.0,0.0,0.0,0.0,0.0,0.0,0,0,0,0.0,0.0,0.0,0.0,0.0,0.0,0.0,0.0,0.0,0.0,0.0,0.0,0.0,0.0,0.0,0.0,0,-107875648.0,53,0.0,106,-107614832.0,0.0,ERR,ERR,ERR,ERR,ERR,ERR,ERR,ERR,ERR,ERR,ERR,ERR,ERR,ERR,ERR,ERR,ERR,ERR,ERR,ERR,ERR,ERR,ERR,ERR,ERR,ERR,ERR,ERR,ERR,ERR,ERR,ERR,ERR,ERR,ERR,ERR,ERR,ERR,ERR,ERR,ERR,ERR,ERR,ERR,ERR,ERR,ERR,ERR,ERR,ERR,ERR,ERR,ERR,ERR,ERR,ERR,ERR,ERR,ERR,ERR,ERR,ERR,ERR,ERR,ERR,ERR,ERR,50.0,60.0,100,0.0,0.0,0.0,0.0,0.0,0.0,0.0,0.0,0.0,0.0,0.0,0.0,0.0,0.0,0.0,0.0,61.6,74,14,65512,50,65476,0,300,0,0,8,20529,65476,0,0,26214,60.0,0.0,0.0,0.0,0.0,0.0
2026-05-17T18:23:59,ERR,ERR,ERR,ERR,ERR,ERR,ERR,ERR,ERR,ERR,ERR,ERR,ERR,ERR,ERR,ERR,ERR,ERR,ERR,ERR,ERR,ERR,ERR,ERR,ERR,ERR,ERR,ERR,ERR,ERR,ERR,ERR,ERR,ERR,ERR,ERR,ERR,ERR,ERR,ERR,ERR,ERR,ERR,ERR,ERR,ERR,ERR,ERR,ERR,ERR,ERR,ERR,ERR,ERR,ERR,ERR,ERR,ERR,ERR,ERR,ERR,ERR,ERR,ERR,ERR,ERR,ERR,ERR,ERR,ERR,ERR,ERR,ERR,ERR,ERR,ERR,ERR,ERR,ERR,ERR,ERR,ERR,ERR,ERR,ERR,ERR,ERR,ERR,ERR,ERR,ERR,ERR,ERR,ERR,ERR,ERR,ERR,ERR,ERR,ERR,ERR,ERR,ERR,ERR,ERR,ERR,ERR,ERR,ERR,ERR,ERR,ERR,ERR,ERR,ERR,ERR,ERR,ERR,ERR,ERR,ERR,ERR,ERR,ERR,ERR,0.0,-107615296.0,-134474944.0,0.0,0.0,1.3936040501711995e+18,7.805,0.0,0,0,4,0,8422,0.0,45,0.0,0.0,0.0,0.0,0.0,0,0,0,0,0.0,0,0,0,0,0,0,0,0,0,0,0,0,0,0,0,0,0,0,0,0,0,0,0,0,0,0,0,0,0,0,0,0,0,38,14,7,45,65476,0,300,0,0,8,21553,0.0,-107605600.0,0.0,0.0,0.0,0.0,0.0,0.0,0.0,0.0,0.0,0.0,0.0,0.0,0.0,0.0,0.0,0.0,0.0,0.0,0.0,0.0,0.0,2.004,-0.0,0.0,0.0,0.0,0.0,0.0,5011.0,-0.0,0.0,0.0,0.0,-107615280.0,2.718429300292151e+23,0.0,0.0,0.0,0.0,53,4.066880103266858e+29,4.066853658014554e+29,0.0,0.0,0.0,0.0,0.0,0.0,0.0,0,0,0,0.0,0.0,0.0,0.0,0.0,0.0,0.0,0.0,0.0,0.0,0.0,0.0,0.0,0.0,0.0,0.0,0,-107875648.0,53,0.0,106,-107614832.0,0.0,ERR,ERR,ERR,ERR,ERR,ERR,ERR,ERR,ERR,ERR,ERR,ERR,ERR,ERR,ERR,ERR,ERR,ERR,ERR,ERR,ERR,ERR,ERR,ERR,ERR,ERR,ERR,ERR,ERR,ERR,ERR,ERR,ERR,ERR,ERR,ERR,ERR,ERR,ERR,ERR,ERR,ERR,ERR,ERR,ERR,ERR,ERR,ERR,ERR,ERR,ERR,ERR,ERR,ERR,ERR,ERR,ERR,ERR,ERR,ERR,ERR,ERR,ERR,ERR,ERR,ERR,ERR,50.0,60.0,100,0.0,0.0,0.0,0.0,0.0,0.0,0.0,0.0,0.0,0.0,0.0,0.0,0.0,0.0,0.0,0.0,62.0,74,14,65512,50,65476,0,300,0,0,8,20529,65476,0,0,26214,60.0,0.0,0.0,0.0,0.0,0.0
2026-05-17T18:24:00,ERR,ERR,ERR,ERR,ERR,ERR,ERR,ERR,ERR,ERR,ERR,ERR,ERR,ERR,ERR,ERR,ERR,ERR,ERR,ERR,ERR,ERR,ERR,ERR,ERR,ERR,ERR,ERR,ERR,ERR,ERR,ERR,ERR,ERR,ERR,ERR,ERR,ERR,ERR,ERR,ERR,ERR,ERR,ERR,ERR,ERR,ERR,ERR,ERR,ERR,ERR,ERR,ERR,ERR,ERR,ERR,ERR,ERR,ERR,ERR,ERR,ERR,ERR,ERR,ERR,ERR,ERR,ERR,ERR,ERR,ERR,ERR,ERR,ERR,ERR,ERR,ERR,ERR,ERR,ERR,ERR,ERR,ERR,ERR,ERR,ERR,ERR,ERR,ERR,ERR,ERR,ERR,ERR,ERR,ERR,ERR,ERR,ERR,ERR,ERR,ERR,ERR,ERR,ERR,ERR,ERR,ERR,ERR,ERR,ERR,ERR,ERR,ERR,ERR,ERR,ERR,ERR,ERR,ERR,ERR,ERR,ERR,ERR,ERR,ERR,0.0,0.0,0.0,0.0,0.0,1.3936040501711995e+18,7.805,0.0,0,0,4,0,8422,0.0,45,0.0,0.0,0.0,0.0,0.0,0,0,0,0,0.0,0,0,0,0,0,0,0,0,0,0,0,0,0,0,0,0,0,0,0,0,0,0,0,0,0,0,0,0,0,0,0,0,0,38,14,7,45,65476,0,300,0,0,8,21553,0.0,-107605600.0,0.0,0.0,0.0,0.0,0.0,0.0,0.0,0.0,0.0,0.0,0.0,0.0,0.0,0.0,0.0,0.0,0.0,0.0,0.0,0.0,0.0,0.0,-0.0,0.0,0.0,0.0,0.0,0.0,5018.0,2.422987904532282e+24,0.0,0.0,0.0,-107615280.0,2.718429300292151e+23,0.0,0.0,0.0,0.0,53,-0.0,0.0,0.0,0.0,0.0,0.0,0.0,0.0,0.0,0,0,0,0.0,0.0,0.0,0.0,0.0,0.0,0.0,0.0,0.0,0.0,0.0,0.0,0.0,0.0,0.0,0.0,0,-107875648.0,53,0.0,106,-107614832.0,0.0,ERR,ERR,ERR,ERR,ERR,ERR,ERR,ERR,ERR,ERR,ERR,ERR,ERR,ERR,ERR,ERR,ERR,ERR,ERR,ERR,ERR,ERR,ERR,ERR,ERR,ERR,ERR,ERR,ERR,ERR,ERR,ERR,ERR,ERR,ERR,ERR,ERR,ERR,ERR,ERR,ERR,ERR,ERR,ERR,ERR,ERR,ERR,ERR,ERR,ERR,ERR,ERR,ERR,ERR,ERR,ERR,ERR,ERR,ERR,ERR,ERR,ERR,ERR,ERR,ERR,ERR,ERR,50.0,60.0,100,0.0,0.0,0.0,0.0,0.0,0.0,0.0,0.0,0.0,0.0,0.0,0.0,0.0,0.0,0.0,0.0,62.0,74,14,65512,50,65476,0,300,0,0,8,20529,65476,0,0,26214,60.0,0.0,0.0,0.0,0.0,0.0
2026-05-17T18:24:01,ERR,ERR,ERR,ERR,ERR,ERR,ERR,ERR,ERR,ERR,ERR,ERR,ERR,ERR,ERR,ERR,ERR,ERR,ERR,ERR,ERR,ERR,ERR,ERR,ERR,ERR,ERR,ERR,ERR,ERR,ERR,ERR,ERR,ERR,ERR,ERR,ERR,ERR,ERR,ERR,ERR,ERR,ERR,ERR,ERR,ERR,ERR,ERR,ERR,ERR,ERR,ERR,ERR,ERR,ERR,ERR,ERR,ERR,ERR,ERR,ERR,ERR,ERR,ERR,ERR,ERR,ERR,ERR,ERR,ERR,ERR,ERR,ERR,ERR,ERR,ERR,ERR,ERR,ERR,ERR,ERR,ERR,ERR,ERR,ERR,ERR,ERR,ERR,ERR,ERR,ERR,ERR,ERR,ERR,ERR,ERR,ERR,ERR,ERR,ERR,ERR,ERR,ERR,ERR,ERR,ERR,ERR,ERR,ERR,ERR,ERR,ERR,ERR,ERR,ERR,ERR,ERR,ERR,ERR,ERR,ERR,ERR,ERR,ERR,ERR,0.0,0.0,0.0,0.0,0.0,1.3936040501711995e+18,7.805,0.0,0,0,4,0,8422,0.0,45,0.0,0.0,0.0,0.0,0.0,0,0,0,0,0.0,0,0,0,0,0,0,0,0,0,0,0,0,0,0,0,0,0,0,0,0,0,0,0,0,0,0,0,0,0,0,0,0,0,38,14,7,45,65476,0,300,0,0,8,21553,0.0,-107605600.0,0.0,0.0,0.0,0.0,0.0,0.0,0.0,0.0,0.0,0.0,0.0,0.0,0.0,0.0,0.0,0.0,0.0,0.0,0.0,0.0,0.0,0.0,-0.0,0.0,0.0,0.0,0.0,0.0,5018.0,2.422987904532282e+24,0.0,0.0,0.0,-107615280.0,2.718429300292151e+23,0.0,0.0,0.0,0.0,53,-0.0,0.0,0.0,0.0,0.0,0.0,0.0,0.0,0.0,0,0,0,0.0,0.0,0.0,0.0,0.0,0.0,0.0,0.0,0.0,0.0,0.0,0.0,0.0,0.0,0.0,0.0,0,-107875648.0,53,0.0,106,-107614832.0,0.0,ERR,ERR,ERR,ERR,ERR,ERR,ERR,ERR,ERR,ERR,ERR,ERR,ERR,ERR,ERR,ERR,ERR,ERR,ERR,ERR,ERR,ERR,ERR,ERR,ERR,ERR,ERR,ERR,ERR,ERR,ERR,ERR,ERR,ERR,ERR,ERR,ERR,ERR,ERR,ERR,ERR,ERR,ERR,ERR,ERR,ERR,ERR,ERR,ERR,ERR,ERR,ERR,ERR,ERR,ERR,ERR,ERR,ERR,ERR,ERR,ERR,ERR,ERR,ERR,ERR,ERR,ERR,50.0,60.0,100,0.0,0.0,0.0,0.0,0.0,0.0,0.0,0.0,0.0,0.0,0.0,0.0,0.0,0.0,0.0,0.0,61.6,74,14,65512,50,65476,0,300,0,0,8,20529,65476,0,0,26214,60.0,0.0,0.0,0.0,0.0,0.0
2026-05-17T18:24:02,ERR,ERR,ERR,ERR,ERR,ERR,ERR,ERR,ERR,ERR,ERR,ERR,ERR,ERR,ERR,ERR,ERR,ERR,ERR,ERR,ERR,ERR,ERR,ERR,ERR,ERR,ERR,ERR,ERR,ERR,ERR,ERR,ERR,ERR,ERR,ERR,ERR,ERR,ERR,ERR,ERR,ERR,ERR,ERR,ERR,ERR,ERR,ERR,ERR,ERR,ERR,ERR,ERR,ERR,ERR,ERR,ERR,ERR,ERR,ERR,ERR,ERR,ERR,ERR,ERR,ERR,ERR,ERR,ERR,ERR,ERR,ERR,ERR,ERR,ERR,ERR,ERR,ERR,ERR,ERR,ERR,ERR,ERR,ERR,ERR,ERR,ERR,ERR,ERR,ERR,ERR,ERR,ERR,ERR,ERR,ERR,ERR,ERR,ERR,ERR,ERR,ERR,ERR,ERR,ERR,ERR,ERR,ERR,ERR,ERR,ERR,ERR,ERR,ERR,ERR,ERR,ERR,ERR,ERR,ERR,ERR,ERR,ERR,ERR,ERR,0.0,0.0,0.0,0.0,0.0,1.3936040501711995e+18,7.805,0.0,0,0,4,0,8422,0.0,45,0.0,0.0,0.0,0.0,0.0,0,0,0,0,0.0,0,0,0,0,0,0,0,0,0,0,0,0,0,0,0,0,0,0,0,0,0,0,0,0,0,0,0,0,0,0,0,0,0,38,14,7,45,65476,0,300,0,0,8,21553,0.0,-107605600.0,0.0,0.0,0.0,0.0,0.0,0.0,0.0,0.0,0.0,0.0,0.0,0.0,0.0,0.0,0.0,0.0,0.0,0.0,0.0,0.0,0.0,0.0,-0.0,0.0,0.0,0.0,0.0,0.0,5018.0,2.422987904532282e+24,0.0,0.0,0.0,-107615280.0,2.718429300292151e+23,0.0,0.0,0.0,0.0,53,-0.0,0.0,0.0,0.0,0.0,0.0,0.0,0.0,0.0,0,0,0,0.0,0.0,0.0,0.0,0.0,0.0,0.0,0.0,0.0,0.0,0.0,0.0,0.0,0.0,0.0,0.0,0,-107875648.0,53,0.0,106,-107614832.0,0.0,ERR,ERR,ERR,ERR,ERR,ERR,ERR,ERR,ERR,ERR,ERR,ERR,ERR,ERR,ERR,ERR,ERR,ERR,ERR,ERR,ERR,ERR,ERR,ERR,ERR,ERR,ERR,ERR,ERR,ERR,ERR,ERR,ERR,ERR,ERR,ERR,ERR,ERR,ERR,ERR,ERR,ERR,ERR,ERR,ERR,ERR,ERR,ERR,ERR,ERR,ERR,ERR,ERR,ERR,ERR,ERR,ERR,ERR,ERR,ERR,ERR,ERR,ERR,ERR,ERR,ERR,ERR,50.0,60.0,100,0.0,0.0,0.0,0.0,0.0,0.0,0.0,0.0,0.0,0.0,0.0,0.0,0.0,0.0,0.0,0.0,61.6,74,14,65512,50,65476,0,300,0,0,8,20529,65476,0,0,26214,60.0,0.0,0.0,0.0,0.0,0.0
2026-05-17T18:24:03,ERR,ERR,ERR,ERR,ERR,ERR,ERR,ERR,ERR,ERR,ERR,ERR,ERR,ERR,ERR,ERR,ERR,ERR,ERR,ERR,ERR,ERR,ERR,ERR,ERR,ERR,ERR,ERR,ERR,ERR,ERR,ERR,ERR,ERR,ERR,ERR,ERR,ERR,ERR,ERR,ERR,ERR,ERR,ERR,ERR,ERR,ERR,ERR,ERR,ERR,ERR,ERR,ERR,ERR,ERR,ERR,ERR,ERR,ERR,ERR,ERR,ERR,ERR,ERR,ERR,ERR,ERR,ERR,ERR,ERR,ERR,ERR,ERR,ERR,ERR,ERR,ERR,ERR,ERR,ERR,ERR,ERR,ERR,ERR,ERR,ERR,ERR,ERR,ERR,ERR,ERR,ERR,ERR,ERR,ERR,ERR,ERR,ERR,ERR,ERR,ERR,ERR,ERR,ERR,ERR,ERR,ERR,ERR,ERR,ERR,ERR,ERR,ERR,ERR,ERR,ERR,ERR,ERR,ERR,ERR,ERR,ERR,ERR,ERR,ERR,0.0,0.0,0.0,0.0,0.0,1.3936040501711995e+18,7.805,0.0,0,0,4,0,8422,0.0,45,0.0,0.0,0.0,0.0,0.0,0,0,0,0,0.0,0,0,0,0,0,0,0,0,0,0,0,0,0,0,0,0,0,0,0,0,0,0,0,0,0,0,0,0,0,0,0,0,0,38,14,7,45,65476,0,300,0,0,8,21553,0.0,-107605600.0,0.0,0.0,0.0,0.0,0.0,0.0,0.0,0.0,0.0,0.0,0.0,0.0,0.0,0.0,0.0,0.0,0.0,0.0,0.0,0.0,0.0,0.0,-0.0,0.0,0.0,0.0,0.0,0.0,5018.0,2.422987904532282e+24,0.0,0.0,0.0,-107615280.0,2.718429300292151e+23,0.0,0.0,0.0,0.0,53,-0.0,0.0,0.0,0.0,0.0,0.0,0.0,0.0,0.0,0,0,0,0.0,0.0,0.0,0.0,0.0,0.0,0.0,0.0,0.0,0.0,0.0,0.0,0.0,0.0,0.0,0.0,0,-107875648.0,53,0.0,106,-107614832.0,0.0,ERR,ERR,ERR,ERR,ERR,ERR,ERR,ERR,ERR,ERR,ERR,ERR,ERR,ERR,ERR,ERR,ERR,ERR,ERR,ERR,ERR,ERR,ERR,ERR,ERR,ERR,ERR,ERR,ERR,ERR,ERR,ERR,ERR,ERR,ERR,ERR,ERR,ERR,ERR,ERR,ERR,ERR,ERR,ERR,ERR,ERR,ERR,ERR,ERR,ERR,ERR,ERR,ERR,ERR,ERR,ERR,ERR,ERR,ERR,ERR,ERR,ERR,ERR,ERR,ERR,ERR,ERR,50.0,60.0,100,0.0,0.0,0.0,0.0,0.0,0.0,0.0,0.0,0.0,0.0,0.0,0.0,0.0,0.0,0.0,0.0,61.6,74,14,65512,50,65476,0,300,0,0,8,20529,65476,0,0,26214,60.0,0.0,0.0,0.0,0.0,0.0
2026-05-17T18:24:04,ERR,ERR,ERR,ERR,ERR,ERR,ERR,ERR,ERR,ERR,ERR,ERR,ERR,ERR,ERR,ERR,ERR,ERR,ERR,ERR,ERR,ERR,ERR,ERR,ERR,ERR,ERR,ERR,ERR,ERR,ERR,ERR,ERR,ERR,ERR,ERR,ERR,ERR,ERR,ERR,ERR,ERR,ERR,ERR,ERR,ERR,ERR,ERR,ERR,ERR,ERR,ERR,ERR,ERR,ERR,ERR,ERR,ERR,ERR,ERR,ERR,ERR,ERR,ERR,ERR,ERR,ERR,ERR,ERR,ERR,ERR,ERR,ERR,ERR,ERR,ERR,ERR,ERR,ERR,ERR,ERR,ERR,ERR,ERR,ERR,ERR,ERR,ERR,ERR,ERR,ERR,ERR,ERR,ERR,ERR,ERR,ERR,ERR,ERR,ERR,ERR,ERR,ERR,ERR,ERR,ERR,ERR,ERR,ERR,ERR,ERR,ERR,ERR,ERR,ERR,ERR,ERR,ERR,ERR,ERR,ERR,ERR,ERR,ERR,ERR,0.0,0.0,0.0,0.0,0.0,1.3936040501711995e+18,7.805,0.0,0,0,4,0,8422,0.0,45,0.0,0.0,0.0,0.0,0.0,0,0,0,0,0.0,0,0,0,0,0,0,0,0,0,0,0,0,0,0,0,0,0,0,0,0,0,0,0,0,0,0,0,0,0,0,0,0,0,38,14,7,45,65476,0,300,0,0,8,21553,0.0,-107605600.0,0.0,0.0,0.0,0.0,0.0,0.0,0.0,0.0,0.0,0.0,0.0,0.0,0.0,0.0,0.0,0.0,0.0,0.0,0.0,0.0,0.0,0.0,-0.0,0.0,0.0,0.0,0.0,0.0,5018.0,2.422987904532282e+24,0.0,0.0,0.0,-107615280.0,2.718429300292151e+23,0.0,0.0,0.0,0.0,53,-0.0,0.0,0.0,0.0,0.0,0.0,0.0,0.0,0.0,0,0,0,0.0,0.0,0.0,0.0,0.0,0.0,0.0,0.0,0.0,0.0,0.0,0.0,0.0,0.0,0.0,0.0,0,-107875648.0,53,0.0,106,-107614832.0,0.0,ERR,ERR,ERR,ERR,ERR,ERR,ERR,ERR,ERR,ERR,ERR,ERR,ERR,ERR,ERR,ERR,ERR,ERR,ERR,ERR,ERR,ERR,ERR,ERR,ERR,ERR,ERR,ERR,ERR,ERR,ERR,ERR,ERR,ERR,ERR,ERR,ERR,ERR,ERR,ERR,ERR,ERR,ERR,ERR,ERR,ERR,ERR,ERR,ERR,ERR,ERR,ERR,ERR,ERR,ERR,ERR,ERR,ERR,ERR,ERR,ERR,ERR,ERR,ERR,ERR,ERR,ERR,50.0,60.0,100,0.0,0.0,0.0,0.0,0.0,0.0,0.0,0.0,0.0,0.0,0.0,0.0,0.0,0.0,0.0,0.0,61.6,74,14,65512,50,65476,0,300,0,0,8,20529,65476,0,0,26214,60.0,0.0,0.0,0.0,0.0,0.0
2026-05-17T18:24:05,ERR,ERR,ERR,ERR,ERR,ERR,ERR,ERR,ERR,ERR,ERR,ERR,ERR,ERR,ERR,ERR,ERR,ERR,ERR,ERR,ERR,ERR,ERR,ERR,ERR,ERR,ERR,ERR,ERR,ERR,ERR,ERR,ERR,ERR,ERR,ERR,ERR,ERR,ERR,ERR,ERR,ERR,ERR,ERR,ERR,ERR,ERR,ERR,ERR,ERR,ERR,ERR,ERR,ERR,ERR,ERR,ERR,ERR,ERR,ERR,ERR,ERR,ERR,ERR,ERR,ERR,ERR,ERR,ERR,ERR,ERR,ERR,ERR,ERR,ERR,ERR,ERR,ERR,ERR,ERR,ERR,ERR,ERR,ERR,ERR,ERR,ERR,ERR,ERR,ERR,ERR,ERR,ERR,ERR,ERR,ERR,ERR,ERR,ERR,ERR,ERR,ERR,ERR,ERR,ERR,ERR,ERR,ERR,ERR,ERR,ERR,ERR,ERR,ERR,ERR,ERR,ERR,ERR,ERR,ERR,ERR,ERR,ERR,ERR,ERR,0.0,-107615296.0,-134474944.0,0.0,0.0,1.3936040501711995e+18,7.805,0.0,0,0,4,0,8422,0.0,45,0.0,0.0,0.0,0.0,0.0,0,0,0,0,0.0,0,0,0,0,0,0,0,0,0,0,0,0,0,0,0,0,0,0,0,0,0,0,0,0,0,0,0,0,0,0,0,0,0,38,14,7,45,65476,0,300,0,0,8,21553,0.0,-107605600.0,0.0,0.0,0.0,0.0,0.0,0.0,0.0,0.0,0.0,0.0,0.0,0.0,0.0,0.0,0.0,0.0,0.0,0.0,0.0,0.0,0.0,2.004,-0.0,0.0,0.0,0.0,0.0,0.0,5017.0,2.422987904532282e+24,0.0,0.0,0.0,-107615280.0,2.718429300292151e+23,0.0,0.0,0.0,0.0,53,-0.0,126840537088.0,0.0,0.0,0.0,0.0,0.0,0.0,0.0,0,0,0,0.0,0.0,0.0,0.0,0.0,0.0,0.0,0.0,0.0,0.0,0.0,0.0,0.0,0.0,0.0,0.0,0,-107875648.0,53,0.0,106,-107614832.0,0.0,ERR,ERR,ERR,ERR,ERR,ERR,ERR,ERR,ERR,ERR,ERR,ERR,ERR,ERR,ERR,ERR,ERR,ERR,ERR,ERR,ERR,ERR,ERR,ERR,ERR,ERR,ERR,ERR,ERR,ERR,ERR,ERR,ERR,ERR,ERR,ERR,ERR,ERR,ERR,ERR,ERR,ERR,ERR,ERR,ERR,ERR,ERR,ERR,ERR,ERR,ERR,ERR,ERR,ERR,ERR,ERR,ERR,ERR,ERR,ERR,ERR,ERR,ERR,ERR,ERR,ERR,ERR,50.0,60.0,100,0.0,0.0,0.0,0.0,0.0,0.0,0.0,0.0,0.0,0.0,0.0,0.0,0.0,0.0,0.0,0.0,61.6,74,14,65512,50,65476,0,300,0,0,8,20529,65476,0,0,26214,60.0,0.0,0.0,0.0,0.0,0.0
2026-05-17T18:24:06,ERR,ERR,ERR,ERR,ERR,ERR,ERR,ERR,ERR,ERR,ERR,ERR,ERR,ERR,ERR,ERR,ERR,ERR,ERR,ERR,ERR,ERR,ERR,ERR,ERR,ERR,ERR,ERR,ERR,ERR,ERR,ERR,ERR,ERR,ERR,ERR,ERR,ERR,ERR,ERR,ERR,ERR,ERR,ERR,ERR,ERR,ERR,ERR,ERR,ERR,ERR,ERR,ERR,ERR,ERR,ERR,ERR,ERR,ERR,ERR,ERR,ERR,ERR,ERR,ERR,ERR,ERR,ERR,ERR,ERR,ERR,ERR,ERR,ERR,ERR,ERR,ERR,ERR,ERR,ERR,ERR,ERR,ERR,ERR,ERR,ERR,ERR,ERR,ERR,ERR,ERR,ERR,ERR,ERR,ERR,ERR,ERR,ERR,ERR,ERR,ERR,ERR,ERR,ERR,ERR,ERR,ERR,ERR,ERR,ERR,ERR,ERR,ERR,ERR,ERR,ERR,ERR,ERR,ERR,ERR,ERR,ERR,ERR,ERR,ERR,0.0,-107615296.0,-134474944.0,0.0,0.0,1.3936040501711995e+18,7.805,0.0,0,0,4,0,8422,0.0,45,0.0,0.0,0.0,0.0,0.0,0,0,0,0,0.0,0,0,0,0,0,0,0,0,0,0,0,0,0,0,0,0,0,0,0,0,0,0,0,0,0,0,0,0,0,0,0,0,0,38,14,7,45,65476,0,300,0,0,8,21553,0.0,-107605600.0,0.0,0.0,0.0,0.0,0.0,0.0,0.0,0.0,0.0,0.0,0.0,0.0,0.0,0.0,0.0,0.0,0.0,0.0,0.0,0.0,0.0,2.004,-0.0,0.0,0.0,0.0,0.0,0.0,5017.0,2.422987904532282e+24,0.0,0.0,0.0,-107615280.0,2.718429300292151e+23,0.0,0.0,0.0,0.0,53,-0.0,126840537088.0,0.0,0.0,0.0,0.0,0.0,0.0,0.0,0,0,0,0.0,0.0,0.0,0.0,0.0,0.0,0.0,0.0,0.0,0.0,0.0,0.0,0.0,0.0,0.0,0.0,0,-107875648.0,53,0.0,106,-107614832.0,0.0,ERR,ERR,ERR,ERR,ERR,ERR,ERR,ERR,ERR,ERR,ERR,ERR,ERR,ERR,ERR,ERR,ERR,ERR,ERR,ERR,ERR,ERR,ERR,ERR,ERR,ERR,ERR,ERR,ERR,ERR,ERR,ERR,ERR,ERR,ERR,ERR,ERR,ERR,ERR,ERR,ERR,ERR,ERR,ERR,ERR,ERR,ERR,ERR,ERR,ERR,ERR,ERR,ERR,ERR,ERR,ERR,ERR,ERR,ERR,ERR,ERR,ERR,ERR,ERR,ERR,ERR,ERR,50.0,60.0,100,0.0,0.0,0.0,0.0,0.0,0.0,0.0,0.0,0.0,0.0,0.0,0.0,0.0,0.0,0.0,0.0,62.0,74,14,65512,50,65476,0,300,0,0,8,20529,65476,0,0,26214,60.0,0.0,0.0,0.0,0.0,0.0
2026-05-17T18:24:07,ERR,ERR,ERR,ERR,ERR,ERR,ERR,ERR,ERR,ERR,ERR,ERR,ERR,ERR,ERR,ERR,ERR,ERR,ERR,ERR,ERR,ERR,ERR,ERR,ERR,ERR,ERR,ERR,ERR,ERR,ERR,ERR,ERR,ERR,ERR,ERR,ERR,ERR,ERR,ERR,ERR,ERR,ERR,ERR,ERR,ERR,ERR,ERR,ERR,ERR,ERR,ERR,ERR,ERR,ERR,ERR,ERR,ERR,ERR,ERR,ERR,ERR,ERR,ERR,ERR,ERR,ERR,ERR,ERR,ERR,ERR,ERR,ERR,ERR,ERR,ERR,ERR,ERR,ERR,ERR,ERR,ERR,ERR,ERR,ERR,ERR,ERR,ERR,ERR,ERR,ERR,ERR,ERR,ERR,ERR,ERR,ERR,ERR,ERR,ERR,ERR,ERR,ERR,ERR,ERR,ERR,ERR,ERR,ERR,ERR,ERR,ERR,ERR,ERR,ERR,ERR,ERR,ERR,ERR,ERR,ERR,ERR,ERR,ERR,ERR,0.0,-107615296.0,-134474944.0,0.0,0.0,1.3936040501711995e+18,7.805,0.0,0,0,4,0,8422,0.0,45,0.0,0.0,0.0,0.0,0.0,0,0,0,0,0.0,0,0,0,0,0,0,0,0,0,0,0,0,0,0,0,0,0,0,0,0,0,0,0,0,0,0,0,0,0,0,0,0,0,38,14,7,45,65476,0,300,0,0,8,21553,0.0,-107605600.0,0.0,0.0,0.0,0.0,0.0,0.0,0.0,0.0,0.0,0.0,0.0,0.0,0.0,0.0,0.0,0.0,0.0,0.0,0.0,0.0,0.0,2.004,-0.0,0.0,0.0,0.0,0.0,0.0,5017.0,2.422987904532282e+24,0.0,0.0,0.0,-107615280.0,2.718429300292151e+23,0.0,0.0,0.0,0.0,53,-0.0,126840537088.0,0.0,0.0,0.0,0.0,0.0,0.0,0.0,0,0,0,0.0,0.0,0.0,0.0,0.0,0.0,0.0,0.0,0.0,0.0,0.0,0.0,0.0,0.0,0.0,0.0,0,-107875648.0,53,0.0,106,-107614832.0,0.0,ERR,ERR,ERR,ERR,ERR,ERR,ERR,ERR,ERR,ERR,ERR,ERR,ERR,ERR,ERR,ERR,ERR,ERR,ERR,ERR,ERR,ERR,ERR,ERR,ERR,ERR,ERR,ERR,ERR,ERR,ERR,ERR,ERR,ERR,ERR,ERR,ERR,ERR,ERR,ERR,ERR,ERR,ERR,ERR,ERR,ERR,ERR,ERR,ERR,ERR,ERR,ERR,ERR,ERR,ERR,ERR,ERR,ERR,ERR,ERR,ERR,ERR,ERR,ERR,ERR,ERR,ERR,50.0,60.0,100,0.0,0.0,0.0,0.0,0.0,0.0,0.0,0.0,0.0,0.0,0.0,0.0,0.0,0.0,0.0,0.0,62.0,74,14,65512,50,65476,0,300,0,0,8,20529,65476,0,0,26214,60.0,0.0,0.0,0.0,0.0,0.0
2026-05-17T18:24:08,ERR,ERR,ERR,ERR,ERR,ERR,ERR,ERR,ERR,ERR,ERR,ERR,ERR,ERR,ERR,ERR,ERR,ERR,ERR,ERR,ERR,ERR,ERR,ERR,ERR,ERR,ERR,ERR,ERR,ERR,ERR,ERR,ERR,ERR,ERR,ERR,ERR,ERR,ERR,ERR,ERR,ERR,ERR,ERR,ERR,ERR,ERR,ERR,ERR,ERR,ERR,ERR,ERR,ERR,ERR,ERR,ERR,ERR,ERR,ERR,ERR,ERR,ERR,ERR,ERR,ERR,ERR,ERR,ERR,ERR,ERR,ERR,ERR,ERR,ERR,ERR,ERR,ERR,ERR,ERR,ERR,ERR,ERR,ERR,ERR,ERR,ERR,ERR,ERR,ERR,ERR,ERR,ERR,ERR,ERR,ERR,ERR,ERR,ERR,ERR,ERR,ERR,ERR,ERR,ERR,ERR,ERR,ERR,ERR,ERR,ERR,ERR,ERR,ERR,ERR,ERR,ERR,ERR,ERR,ERR,ERR,ERR,ERR,ERR,ERR,0.0,-107615296.0,-134474944.0,0.0,0.0,1.3936040501711995e+18,7.805,0.0,0,0,4,0,8422,0.0,45,0.0,0.0,0.0,0.0,0.0,0,0,0,0,0.0,0,0,0,0,0,0,0,0,0,0,0,0,0,0,0,0,0,0,0,0,0,0,0,0,0,0,0,0,0,0,0,0,0,38,14,7,45,65476,0,300,0,0,8,21553,0.0,-107605600.0,0.0,0.0,0.0,0.0,0.0,0.0,0.0,0.0,0.0,0.0,0.0,0.0,0.0,0.0,0.0,0.0,0.0,0.0,0.0,0.0,0.0,2.004,-0.0,0.0,0.0,0.0,0.0,0.0,5017.0,2.422987904532282e+24,0.0,0.0,0.0,-107615280.0,2.718429300292151e+23,0.0,0.0,0.0,0.0,53,-0.0,126840537088.0,0.0,0.0,0.0,0.0,0.0,0.0,0.0,0,0,0,0.0,0.0,0.0,0.0,0.0,0.0,0.0,0.0,0.0,0.0,0.0,0.0,0.0,0.0,0.0,0.0,0,-107875648.0,53,0.0,106,-107614832.0,0.0,ERR,ERR,ERR,ERR,ERR,ERR,ERR,ERR,ERR,ERR,ERR,ERR,ERR,ERR,ERR,ERR,ERR,ERR,ERR,ERR,ERR,ERR,ERR,ERR,ERR,ERR,ERR,ERR,ERR,ERR,ERR,ERR,ERR,ERR,ERR,ERR,ERR,ERR,ERR,ERR,ERR,ERR,ERR,ERR,ERR,ERR,ERR,ERR,ERR,ERR,ERR,ERR,ERR,ERR,ERR,ERR,ERR,ERR,ERR,ERR,ERR,ERR,ERR,ERR,ERR,ERR,ERR,50.0,60.0,100,0.0,0.0,0.0,0.0,0.0,0.0,0.0,0.0,0.0,0.0,0.0,0.0,0.0,0.0,0.0,0.0,61.6,74,14,65512,50,65476,0,300,0,0,8,20529,65476,0,0,26214,60.0,0.0,0.0,0.0,0.0,0.0
2026-05-17T18:24:09,ERR,ERR,ERR,ERR,ERR,ERR,ERR,ERR,ERR,ERR,ERR,ERR,ERR,ERR,ERR,ERR,ERR,ERR,ERR,ERR,ERR,ERR,ERR,ERR,ERR,ERR,ERR,ERR,ERR,ERR,ERR,ERR,ERR,ERR,ERR,ERR,ERR,ERR,ERR,ERR,ERR,ERR,ERR,ERR,ERR,ERR,ERR,ERR,ERR,ERR,ERR,ERR,ERR,ERR,ERR,ERR,ERR,ERR,ERR,ERR,ERR,ERR,ERR,ERR,ERR,ERR,ERR,ERR,ERR,ERR,ERR,ERR,ERR,ERR,ERR,ERR,ERR,ERR,ERR,ERR,ERR,ERR,ERR,ERR,ERR,ERR,ERR,ERR,ERR,ERR,ERR,ERR,ERR,ERR,ERR,ERR,ERR,ERR,ERR,ERR,ERR,ERR,ERR,ERR,ERR,ERR,ERR,ERR,ERR,ERR,ERR,ERR,ERR,ERR,ERR,ERR,ERR,ERR,ERR,ERR,ERR,ERR,ERR,ERR,ERR,0.0,-107615296.0,-134474944.0,0.0,0.0,1.3936040501711995e+18,7.805,0.0,0,0,4,0,8422,0.0,45,0.0,0.0,0.0,0.0,0.0,0,0,0,0,0.0,0,0,0,0,0,0,0,0,0,0,0,0,0,0,0,0,0,0,0,0,0,0,0,0,0,0,0,0,0,0,0,0,0,38,14,7,45,65476,0,300,0,0,8,21553,0.0,-107605600.0,0.0,0.0,0.0,0.0,0.0,0.0,0.0,0.0,0.0,0.0,0.0,0.0,0.0,0.0,0.0,0.0,0.0,0.0,0.0,0.0,0.0,2.004,-0.0,0.0,0.0,0.0,0.0,0.0,5017.0,2.422987904532282e+24,0.0,0.0,0.0,-107615280.0,2.718429300292151e+23,0.0,0.0,0.0,0.0,53,-0.0,126840537088.0,0.0,0.0,0.0,0.0,0.0,0.0,0.0,0,0,0,0.0,0.0,0.0,0.0,0.0,0.0,0.0,0.0,0.0,0.0,0.0,0.0,0.0,0.0,0.0,0.0,0,-107875648.0,53,0.0,106,-107614832.0,0.0,ERR,ERR,ERR,ERR,ERR,ERR,ERR,ERR,ERR,ERR,ERR,ERR,ERR,ERR,ERR,ERR,ERR,ERR,ERR,ERR,ERR,ERR,ERR,ERR,ERR,ERR,ERR,ERR,ERR,ERR,ERR,ERR,ERR,ERR,ERR,ERR,ERR,ERR,ERR,ERR,ERR,ERR,ERR,ERR,ERR,ERR,ERR,ERR,ERR,ERR,ERR,ERR,ERR,ERR,ERR,ERR,ERR,ERR,ERR,ERR,ERR,ERR,ERR,ERR,ERR,ERR,ERR,50.0,60.0,100,0.0,0.0,0.0,0.0,0.0,0.0,0.0,0.0,0.0,0.0,0.0,0.0,0.0,0.0,0.0,0.0,61.6,74,14,65512,50,65476,0,300,0,0,8,20529,65476,0,0,26214,60.0,0.0,0.0,0.0,0.0,0.0
2026-05-17T18:24:10,ERR,ERR,ERR,ERR,ERR,ERR,ERR,ERR,ERR,ERR,ERR,ERR,ERR,ERR,ERR,ERR,ERR,ERR,ERR,ERR,ERR,ERR,ERR,ERR,ERR,ERR,ERR,ERR,ERR,ERR,ERR,ERR,ERR,ERR,ERR,ERR,ERR,ERR,ERR,ERR,ERR,ERR,ERR,ERR,ERR,ERR,ERR,ERR,ERR,ERR,ERR,ERR,ERR,ERR,ERR,ERR,ERR,ERR,ERR,ERR,ERR,ERR,ERR,ERR,ERR,ERR,ERR,ERR,ERR,ERR,ERR,ERR,ERR,ERR,ERR,ERR,ERR,ERR,ERR,ERR,ERR,ERR,ERR,ERR,ERR,ERR,ERR,ERR,ERR,ERR,ERR,ERR,ERR,ERR,ERR,ERR,ERR,ERR,ERR,ERR,ERR,ERR,ERR,ERR,ERR,ERR,ERR,ERR,ERR,ERR,ERR,ERR,ERR,ERR,ERR,ERR,ERR,ERR,ERR,ERR,ERR,ERR,ERR,ERR,ERR,0.0,-107615296.0,-134474944.0,0.0,0.0,1.3936040501711995e+18,7.805,0.0,0,0,4,0,8422,0.0,45,0.0,0.0,0.0,0.0,0.0,0,0,0,0,0.0,0,0,0,0,0,0,0,0,0,0,0,0,0,0,0,0,0,0,0,0,0,0,0,0,0,0,0,0,0,0,0,0,0,38,14,7,45,65476,0,300,0,0,8,21553,0.0,-107605600.0,0.0,0.0,0.0,0.0,0.0,0.0,0.0,0.0,0.0,0.0,0.0,0.0,0.0,0.0,0.0,0.0,0.0,0.0,0.0,0.0,0.0,2.004,-0.0,0.0,0.0,0.0,0.0,0.0,5016.0,-0.0,0.0,0.0,0.0,-107615280.0,2.718429300292151e+23,0.0,0.0,0.0,0.0,53,-0.0,-0.0,0.0,0.0,0.0,0.0,0.0,0.0,0.0,0,0,0,0.0,0.0,0.0,0.0,0.0,0.0,0.0,0.0,0.0,0.0,0.0,0.0,0.0,0.0,0.0,0.0,0,-107875648.0,53,0.0,106,-107614832.0,0.0,ERR,ERR,ERR,ERR,ERR,ERR,ERR,ERR,ERR,ERR,ERR,ERR,ERR,ERR,ERR,ERR,ERR,ERR,ERR,ERR,ERR,ERR,ERR,ERR,ERR,ERR,ERR,ERR,ERR,ERR,ERR,ERR,ERR,ERR,ERR,ERR,ERR,ERR,ERR,ERR,ERR,ERR,ERR,ERR,ERR,ERR,ERR,ERR,ERR,ERR,ERR,ERR,ERR,ERR,ERR,ERR,ERR,ERR,ERR,ERR,ERR,ERR,ERR,ERR,ERR,ERR,ERR,50.0,60.0,100,0.0,0.0,0.0,0.0,0.0,0.0,0.0,0.0,0.0,0.0,0.0,0.0,0.0,0.0,0.0,0.0,62.0,74,14,65512,50,65476,0,300,0,0,8,20529,65476,0,0,26214,60.0,0.0,0.0,0.0,0.0,0.0
2026-05-17T18:24:11,ERR,ERR,ERR,ERR,ERR,ERR,ERR,ERR,ERR,ERR,ERR,ERR,ERR,ERR,ERR,ERR,ERR,ERR,ERR,ERR,ERR,ERR,ERR,ERR,ERR,ERR,ERR,ERR,ERR,ERR,ERR,ERR,ERR,ERR,ERR,ERR,ERR,ERR,ERR,ERR,ERR,ERR,ERR,ERR,ERR,ERR,ERR,ERR,ERR,ERR,ERR,ERR,ERR,ERR,ERR,ERR,ERR,ERR,ERR,ERR,ERR,ERR,ERR,ERR,ERR,ERR,ERR,ERR,ERR,ERR,ERR,ERR,ERR,ERR,ERR,ERR,ERR,ERR,ERR,ERR,ERR,ERR,ERR,ERR,ERR,ERR,ERR,ERR,ERR,ERR,ERR,ERR,ERR,ERR,ERR,ERR,ERR,ERR,ERR,ERR,ERR,ERR,ERR,ERR,ERR,ERR,ERR,ERR,ERR,ERR,ERR,ERR,ERR,ERR,ERR,ERR,ERR,ERR,ERR,ERR,ERR,ERR,ERR,ERR,ERR,0.0,-107615296.0,-134474944.0,0.0,0.0,1.3936040501711995e+18,7.805,0.0,0,0,4,0,8422,0.0,45,0.0,0.0,0.0,0.0,0.0,0,0,0,0,0.0,0,0,0,0,0,0,0,0,0,0,0,0,0,0,0,0,0,0,0,0,0,0,0,0,0,0,0,0,0,0,0,0,0,38,14,7,45,65476,0,300,0,0,8,21553,0.0,-107605600.0,0.0,0.0,0.0,0.0,0.0,0.0,0.0,0.0,0.0,0.0,0.0,0.0,0.0,0.0,0.0,0.0,0.0,0.0,0.0,0.0,0.0,2.004,-0.0,0.0,0.0,0.0,0.0,0.0,5016.0,-0.0,0.0,0.0,0.0,-107615280.0,2.718429300292151e+23,0.0,0.0,0.0,0.0,53,-0.0,-0.0,0.0,0.0,0.0,0.0,0.0,0.0,0.0,0,0,0,0.0,0.0,0.0,0.0,0.0,0.0,0.0,0.0,0.0,0.0,0.0,0.0,0.0,0.0,0.0,0.0,0,-107875648.0,53,0.0,106,-107614832.0,0.0,ERR,ERR,ERR,ERR,ERR,ERR,ERR,ERR,ERR,ERR,ERR,ERR,ERR,ERR,ERR,ERR,ERR,ERR,ERR,ERR,ERR,ERR,ERR,ERR,ERR,ERR,ERR,ERR,ERR,ERR,ERR,ERR,ERR,ERR,ERR,ERR,ERR,ERR,ERR,ERR,ERR,ERR,ERR,ERR,ERR,ERR,ERR,ERR,ERR,ERR,ERR,ERR,ERR,ERR,ERR,ERR,ERR,ERR,ERR,ERR,ERR,ERR,ERR,ERR,ERR,ERR,ERR,50.0,60.0,100,0.0,0.0,0.0,0.0,0.0,0.0,0.0,0.0,0.0,0.0,0.0,0.0,0.0,0.0,0.0,0.0,61.6,74,14,65512,50,65476,0,300,0,0,8,20529,65476,0,0,26214,60.0,0.0,0.0,0.0,0.0,0.0
2026-05-17T18:24:12,ERR,ERR,ERR,ERR,ERR,ERR,ERR,ERR,ERR,ERR,ERR,ERR,ERR,ERR,ERR,ERR,ERR,ERR,ERR,ERR,ERR,ERR,ERR,ERR,ERR,ERR,ERR,ERR,ERR,ERR,ERR,ERR,ERR,ERR,ERR,ERR,ERR,ERR,ERR,ERR,ERR,ERR,ERR,ERR,ERR,ERR,ERR,ERR,ERR,ERR,ERR,ERR,ERR,ERR,ERR,ERR,ERR,ERR,ERR,ERR,ERR,ERR,ERR,ERR,ERR,ERR,ERR,ERR,ERR,ERR,ERR,ERR,ERR,ERR,ERR,ERR,ERR,ERR,ERR,ERR,ERR,ERR,ERR,ERR,ERR,ERR,ERR,ERR,ERR,ERR,ERR,ERR,ERR,ERR,ERR,ERR,ERR,ERR,ERR,ERR,ERR,ERR,ERR,ERR,ERR,ERR,ERR,ERR,ERR,ERR,ERR,ERR,ERR,ERR,ERR,ERR,ERR,ERR,ERR,ERR,ERR,ERR,ERR,ERR,ERR,0.0,-107615296.0,-134474944.0,0.0,0.0,1.3936040501711995e+18,7.805,0.0,0,0,4,0,8422,0.0,45,0.0,0.0,0.0,0.0,0.0,0,0,0,0,0.0,0,0,0,0,0,0,0,0,0,0,0,0,0,0,0,0,0,0,0,0,0,0,0,0,0,0,0,0,0,0,0,0,0,38,14,7,45,65476,0,300,0,0,8,21553,0.0,-107605600.0,0.0,0.0,0.0,0.0,0.0,0.0,0.0,0.0,0.0,0.0,0.0,0.0,0.0,0.0,0.0,0.0,0.0,0.0,0.0,0.0,0.0,2.004,-0.0,0.0,0.0,0.0,0.0,0.0,5016.0,-0.0,0.0,0.0,0.0,-107615280.0,2.718429300292151e+23,0.0,0.0,0.0,0.0,53,-0.0,-0.0,0.0,0.0,0.0,0.0,0.0,0.0,0.0,0,0,0,0.0,0.0,0.0,0.0,0.0,0.0,0.0,0.0,0.0,0.0,0.0,0.0,0.0,0.0,0.0,0.0,0,-107875648.0,53,0.0,106,-107614832.0,0.0,ERR,ERR,ERR,ERR,ERR,ERR,ERR,ERR,ERR,ERR,ERR,ERR,ERR,ERR,ERR,ERR,ERR,ERR,ERR,ERR,ERR,ERR,ERR,ERR,ERR,ERR,ERR,ERR,ERR,ERR,ERR,ERR,ERR,ERR,ERR,ERR,ERR,ERR,ERR,ERR,ERR,ERR,ERR,ERR,ERR,ERR,ERR,ERR,ERR,ERR,ERR,ERR,ERR,ERR,ERR,ERR,ERR,ERR,ERR,ERR,ERR,ERR,ERR,ERR,ERR,ERR,ERR,50.0,60.0,100,0.0,0.0,0.0,0.0,0.0,0.0,0.0,0.0,0.0,0.0,0.0,0.0,0.0,0.0,0.0,0.0,61.6,74,14,65512,50,65476,0,300,0,0,8,20529,65476,0,0,26214,60.0,0.0,0.0,0.0,0.0,0.0
2026-05-17T18:24:13,ERR,ERR,ERR,ERR,ERR,ERR,ERR,ERR,ERR,ERR,ERR,ERR,ERR,ERR,ERR,ERR,ERR,ERR,ERR,ERR,ERR,ERR,ERR,ERR,ERR,ERR,ERR,ERR,ERR,ERR,ERR,ERR,ERR,ERR,ERR,ERR,ERR,ERR,ERR,ERR,ERR,ERR,ERR,ERR,ERR,ERR,ERR,ERR,ERR,ERR,ERR,ERR,ERR,ERR,ERR,ERR,ERR,ERR,ERR,ERR,ERR,ERR,ERR,ERR,ERR,ERR,ERR,ERR,ERR,ERR,ERR,ERR,ERR,ERR,ERR,ERR,ERR,ERR,ERR,ERR,ERR,ERR,ERR,ERR,ERR,ERR,ERR,ERR,ERR,ERR,ERR,ERR,ERR,ERR,ERR,ERR,ERR,ERR,ERR,ERR,ERR,ERR,ERR,ERR,ERR,ERR,ERR,ERR,ERR,ERR,ERR,ERR,ERR,ERR,ERR,ERR,ERR,ERR,ERR,ERR,ERR,ERR,ERR,ERR,ERR,0.0,-107615296.0,-134474944.0,0.0,0.0,1.3936040501711995e+18,7.805,0.0,0,0,4,0,8422,0.0,45,0.0,0.0,0.0,0.0,0.0,0,0,0,0,0.0,0,0,0,0,0,0,0,0,0,0,0,0,0,0,0,0,0,0,0,0,0,0,0,0,0,0,0,0,0,0,0,0,0,38,14,7,45,65476,0,300,0,0,8,21553,0.0,-107605600.0,0.0,0.0,0.0,0.0,0.0,0.0,0.0,0.0,0.0,0.0,0.0,0.0,0.0,0.0,0.0,0.0,0.0,0.0,0.0,0.0,0.0,2.004,-0.0,0.0,0.0,0.0,0.0,0.0,5016.0,-0.0,0.0,0.0,0.0,-107615280.0,2.718429300292151e+23,0.0,0.0,0.0,0.0,53,-0.0,-0.0,0.0,0.0,0.0,0.0,0.0,0.0,0.0,0,0,0,0.0,0.0,0.0,0.0,0.0,0.0,0.0,0.0,0.0,0.0,0.0,0.0,0.0,0.0,0.0,0.0,0,-107875648.0,53,0.0,106,-107614832.0,0.0,ERR,ERR,ERR,ERR,ERR,ERR,ERR,ERR,ERR,ERR,ERR,ERR,ERR,ERR,ERR,ERR,ERR,ERR,ERR,ERR,ERR,ERR,ERR,ERR,ERR,ERR,ERR,ERR,ERR,ERR,ERR,ERR,ERR,ERR,ERR,ERR,ERR,ERR,ERR,ERR,ERR,ERR,ERR,ERR,ERR,ERR,ERR,ERR,ERR,ERR,ERR,ERR,ERR,ERR,ERR,ERR,ERR,ERR,ERR,ERR,ERR,ERR,ERR,ERR,ERR,ERR,ERR,50.0,60.0,100,0.0,0.0,0.0,0.0,0.0,0.0,0.0,0.0,0.0,0.0,0.0,0.0,0.0,0.0,0.0,0.0,61.6,74,14,65512,50,65476,0,300,0,0,8,20529,65476,0,0,26214,60.0,0.0,0.0,0.0,0.0,0.0
2026-05-17T18:24:14,ERR,ERR,ERR,ERR,ERR,ERR,ERR,ERR,ERR,ERR,ERR,ERR,ERR,ERR,ERR,ERR,ERR,ERR,ERR,ERR,ERR,ERR,ERR,ERR,ERR,ERR,ERR,ERR,ERR,ERR,ERR,ERR,ERR,ERR,ERR,ERR,ERR,ERR,ERR,ERR,ERR,ERR,ERR,ERR,ERR,ERR,ERR,ERR,ERR,ERR,ERR,ERR,ERR,ERR,ERR,ERR,ERR,ERR,ERR,ERR,ERR,ERR,ERR,ERR,ERR,ERR,ERR,ERR,ERR,ERR,ERR,ERR,ERR,ERR,ERR,ERR,ERR,ERR,ERR,ERR,ERR,ERR,ERR,ERR,ERR,ERR,ERR,ERR,ERR,ERR,ERR,ERR,ERR,ERR,ERR,ERR,ERR,ERR,ERR,ERR,ERR,ERR,ERR,ERR,ERR,ERR,ERR,ERR,ERR,ERR,ERR,ERR,ERR,ERR,ERR,ERR,ERR,ERR,ERR,ERR,ERR,ERR,ERR,ERR,ERR,0.0,-107615296.0,-134474944.0,0.0,0.0,1.3936040501711995e+18,7.805,0.0,0,0,4,0,8422,0.0,45,0.0,0.0,0.0,0.0,0.0,0,0,0,0,0.0,0,0,0,0,0,0,0,0,0,0,0,0,0,0,0,0,0,0,0,0,0,0,0,0,0,0,0,0,0,0,0,0,0,38,14,7,45,65476,0,300,0,0,8,21553,0.0,-107605600.0,0.0,0.0,0.0,0.0,0.0,0.0,0.0,0.0,0.0,0.0,0.0,0.0,0.0,0.0,0.0,0.0,0.0,0.0,0.0,0.0,0.0,2.004,-0.0,0.0,0.0,0.0,0.0,0.0,5016.0,-0.0,0.0,0.0,0.0,-107615280.0,2.718429300292151e+23,0.0,0.0,0.0,0.0,53,-0.0,-0.0,0.0,0.0,0.0,0.0,0.0,0.0,0.0,0,0,0,0.0,0.0,0.0,0.0,0.0,0.0,0.0,0.0,0.0,0.0,0.0,0.0,0.0,0.0,0.0,0.0,0,-107875648.0,53,0.0,106,-107614832.0,0.0,ERR,ERR,ERR,ERR,ERR,ERR,ERR,ERR,ERR,ERR,ERR,ERR,ERR,ERR,ERR,ERR,ERR,ERR,ERR,ERR,ERR,ERR,ERR,ERR,ERR,ERR,ERR,ERR,ERR,ERR,ERR,ERR,ERR,ERR,ERR,ERR,ERR,ERR,ERR,ERR,ERR,ERR,ERR,ERR,ERR,ERR,ERR,ERR,ERR,ERR,ERR,ERR,ERR,ERR,ERR,ERR,ERR,ERR,ERR,ERR,ERR,ERR,ERR,ERR,ERR,ERR,ERR,50.0,60.0,100,0.0,0.0,0.0,0.0,0.0,0.0,0.0,0.0,0.0,0.0,0.0,0.0,0.0,0.0,0.0,0.0,61.6,74,14,65512,50,65476,0,300,0,0,8,20529,65476,0,0,26214,60.0,0.0,0.0,0.0,0.0,0.0
2026-05-17T18:24:15,ERR,ERR,ERR,ERR,ERR,ERR,ERR,ERR,ERR,ERR,ERR,ERR,ERR,ERR,ERR,ERR,ERR,ERR,ERR,ERR,ERR,ERR,ERR,ERR,ERR,ERR,ERR,ERR,ERR,ERR,ERR,ERR,ERR,ERR,ERR,ERR,ERR,ERR,ERR,ERR,ERR,ERR,ERR,ERR,ERR,ERR,ERR,ERR,ERR,ERR,ERR,ERR,ERR,ERR,ERR,ERR,ERR,ERR,ERR,ERR,ERR,ERR,ERR,ERR,ERR,ERR,ERR,ERR,ERR,ERR,ERR,ERR,ERR,ERR,ERR,ERR,ERR,ERR,ERR,ERR,ERR,ERR,ERR,ERR,ERR,ERR,ERR,ERR,ERR,ERR,ERR,ERR,ERR,ERR,ERR,ERR,ERR,ERR,ERR,ERR,ERR,ERR,ERR,ERR,ERR,ERR,ERR,ERR,ERR,ERR,ERR,ERR,ERR,ERR,ERR,ERR,ERR,ERR,ERR,ERR,ERR,ERR,ERR,ERR,ERR,0.0,0.0,0.0,0.0,0.0,1.3936040501711995e+18,7.805,0.0,0,0,4,0,8422,0.0,45,0.0,0.0,0.0,0.0,0.0,0,0,0,0,0.0,0,0,0,0,0,0,0,0,0,0,0,0,0,0,0,0,0,0,0,0,0,0,0,0,0,0,0,0,0,0,0,0,0,38,14,7,45,65476,0,300,0,0,8,21553,0.0,-107605600.0,0.0,0.0,0.0,0.0,0.0,0.0,0.0,0.0,0.0,0.0,0.0,0.0,0.0,0.0,0.0,0.0,0.0,0.0,0.0,0.0,0.0,2.004,-0.0,0.0,0.0,0.0,0.0,0.0,4992.0,-0.0,0.0,0.0,-107615296.0,-107615280.0,2.718429300292151e+23,0.0,0.0,0.0,0.0,53,-0.0,1.9056859227671757e+17,0.0,0.0,0.0,0.0,0.0,0.0,0.0,0,0,0,0.0,0.0,0.0,0.0,0.0,0.0,0.0,0.0,0.0,0.0,0.0,0.0,0.0,0.0,0.0,0.0,0,-107875648.0,53,0.0,106,-107614832.0,0.0,ERR,ERR,ERR,ERR,ERR,ERR,ERR,ERR,ERR,ERR,ERR,ERR,ERR,ERR,ERR,ERR,ERR,ERR,ERR,ERR,ERR,ERR,ERR,ERR,ERR,ERR,ERR,ERR,ERR,ERR,ERR,ERR,ERR,ERR,ERR,ERR,ERR,ERR,ERR,ERR,ERR,ERR,ERR,ERR,ERR,ERR,ERR,ERR,ERR,ERR,ERR,ERR,ERR,ERR,ERR,ERR,ERR,ERR,ERR,ERR,ERR,ERR,ERR,ERR,ERR,ERR,ERR,50.0,60.0,100,0.0,0.0,0.0,0.0,0.0,0.0,0.0,0.0,0.0,0.0,0.0,0.0,0.0,0.0,0.0,0.0,61.6,74,14,65512,50,65476,0,300,0,0,8,20529,65476,0,0,26214,60.0,0.0,0.0,0.0,0.0,0.0
2026-05-17T18:24:16,ERR,ERR,ERR,ERR,ERR,ERR,ERR,ERR,ERR,ERR,ERR,ERR,ERR,ERR,ERR,ERR,ERR,ERR,ERR,ERR,ERR,ERR,ERR,ERR,ERR,ERR,ERR,ERR,ERR,ERR,ERR,ERR,ERR,ERR,ERR,ERR,ERR,ERR,ERR,ERR,ERR,ERR,ERR,ERR,ERR,ERR,ERR,ERR,ERR,ERR,ERR,ERR,ERR,ERR,ERR,ERR,ERR,ERR,ERR,ERR,ERR,ERR,ERR,ERR,ERR,ERR,ERR,ERR,ERR,ERR,ERR,ERR,ERR,ERR,ERR,ERR,ERR,ERR,ERR,ERR,ERR,ERR,ERR,ERR,ERR,ERR,ERR,ERR,ERR,ERR,ERR,ERR,ERR,ERR,ERR,ERR,ERR,ERR,ERR,ERR,ERR,ERR,ERR,ERR,ERR,ERR,ERR,ERR,ERR,ERR,ERR,ERR,ERR,ERR,ERR,ERR,ERR,ERR,ERR,ERR,ERR,ERR,ERR,ERR,ERR,0.0,0.0,0.0,0.0,0.0,1.3936040501711995e+18,7.805,0.0,0,0,4,0,8422,0.0,45,0.0,0.0,0.0,0.0,0.0,0,0,0,0,0.0,0,0,0,0,0,0,0,0,0,0,0,0,0,0,0,0,0,0,0,0,0,0,0,0,0,0,0,0,0,0,0,0,0,38,14,7,45,65476,0,300,0,0,8,21553,0.0,-107605600.0,0.0,0.0,0.0,0.0,0.0,0.0,0.0,0.0,0.0,0.0,0.0,0.0,0.0,0.0,0.0,0.0,0.0,0.0,0.0,0.0,0.0,2.004,-0.0,0.0,0.0,0.0,0.0,0.0,4992.0,-0.0,0.0,0.0,-107615296.0,-107615280.0,2.718429300292151e+23,0.0,0.0,0.0,0.0,53,-0.0,1.9056859227671757e+17,0.0,0.0,0.0,0.0,0.0,0.0,0.0,0,0,0,0.0,0.0,0.0,0.0,0.0,0.0,0.0,0.0,0.0,0.0,0.0,0.0,0.0,0.0,0.0,0.0,0,-107875648.0,53,0.0,106,-107614832.0,0.0,ERR,ERR,ERR,ERR,ERR,ERR,ERR,ERR,ERR,ERR,ERR,ERR,ERR,ERR,ERR,ERR,ERR,ERR,ERR,ERR,ERR,ERR,ERR,ERR,ERR,ERR,ERR,ERR,ERR,ERR,ERR,ERR,ERR,ERR,ERR,ERR,ERR,ERR,ERR,ERR,ERR,ERR,ERR,ERR,ERR,ERR,ERR,ERR,ERR,ERR,ERR,ERR,ERR,ERR,ERR,ERR,ERR,ERR,ERR,ERR,ERR,ERR,ERR,ERR,ERR,ERR,ERR,50.0,60.0,100,0.0,0.0,0.0,0.0,0.0,0.0,0.0,0.0,0.0,0.0,0.0,0.0,0.0,0.0,0.0,0.0,61.6,74,14,65512,50,65476,0,300,0,0,8,20529,65476,0,0,26214,60.0,0.0,0.0,0.0,0.0,0.0
2026-05-17T18:24:17,ERR,ERR,ERR,ERR,ERR,ERR,ERR,ERR,ERR,ERR,ERR,ERR,ERR,ERR,ERR,ERR,ERR,ERR,ERR,ERR,ERR,ERR,ERR,ERR,ERR,ERR,ERR,ERR,ERR,ERR,ERR,ERR,ERR,ERR,ERR,ERR,ERR,ERR,ERR,ERR,ERR,ERR,ERR,ERR,ERR,ERR,ERR,ERR,ERR,ERR,ERR,ERR,ERR,ERR,ERR,ERR,ERR,ERR,ERR,ERR,ERR,ERR,ERR,ERR,ERR,ERR,ERR,ERR,ERR,ERR,ERR,ERR,ERR,ERR,ERR,ERR,ERR,ERR,ERR,ERR,ERR,ERR,ERR,ERR,ERR,ERR,ERR,ERR,ERR,ERR,ERR,ERR,ERR,ERR,ERR,ERR,ERR,ERR,ERR,ERR,ERR,ERR,ERR,ERR,ERR,ERR,ERR,ERR,ERR,ERR,ERR,ERR,ERR,ERR,ERR,ERR,ERR,ERR,ERR,ERR,ERR,ERR,ERR,ERR,ERR,0.0,0.0,0.0,0.0,0.0,1.3936040501711995e+18,7.805,0.0,0,0,4,0,8422,0.0,45,0.0,0.0,0.0,0.0,0.0,0,0,0,0,0.0,0,0,0,0,0,0,0,0,0,0,0,0,0,0,0,0,0,0,0,0,0,0,0,0,0,0,0,0,0,0,0,0,0,38,14,7,45,65476,0,300,0,0,8,21553,0.0,-107605600.0,0.0,0.0,0.0,0.0,0.0,0.0,0.0,0.0,0.0,0.0,0.0,0.0,0.0,0.0,0.0,0.0,0.0,0.0,0.0,0.0,0.0,2.004,-0.0,0.0,0.0,0.0,0.0,0.0,4992.0,-0.0,0.0,0.0,-107615296.0,-107615280.0,2.718429300292151e+23,0.0,0.0,0.0,0.0,53,-0.0,1.9056859227671757e+17,0.0,0.0,0.0,0.0,0.0,0.0,0.0,0,0,0,0.0,0.0,0.0,0.0,0.0,0.0,0.0,0.0,0.0,0.0,0.0,0.0,0.0,0.0,0.0,0.0,0,-107875648.0,53,0.0,106,-107614832.0,0.0,ERR,ERR,ERR,ERR,ERR,ERR,ERR,ERR,ERR,ERR,ERR,ERR,ERR,ERR,ERR,ERR,ERR,ERR,ERR,ERR,ERR,ERR,ERR,ERR,ERR,ERR,ERR,ERR,ERR,ERR,ERR,ERR,ERR,ERR,ERR,ERR,ERR,ERR,ERR,ERR,ERR,ERR,ERR,ERR,ERR,ERR,ERR,ERR,ERR,ERR,ERR,ERR,ERR,ERR,ERR,ERR,ERR,ERR,ERR,ERR,ERR,ERR,ERR,ERR,ERR,ERR,ERR,50.0,60.0,100,0.0,0.0,0.0,0.0,0.0,0.0,0.0,0.0,0.0,0.0,0.0,0.0,0.0,0.0,0.0,0.0,61.6,74,14,65512,50,65476,0,300,0,0,8,20529,65476,0,0,26214,60.0,0.0,0.0,0.0,0.0,0.0
2026-05-17T18:24:18,ERR,ERR,ERR,ERR,ERR,ERR,ERR,ERR,ERR,ERR,ERR,ERR,ERR,ERR,ERR,ERR,ERR,ERR,ERR,ERR,ERR,ERR,ERR,ERR,ERR,ERR,ERR,ERR,ERR,ERR,ERR,ERR,ERR,ERR,ERR,ERR,ERR,ERR,ERR,ERR,ERR,ERR,ERR,ERR,ERR,ERR,ERR,ERR,ERR,ERR,ERR,ERR,ERR,ERR,ERR,ERR,ERR,ERR,ERR,ERR,ERR,ERR,ERR,ERR,ERR,ERR,ERR,ERR,ERR,ERR,ERR,ERR,ERR,ERR,ERR,ERR,ERR,ERR,ERR,ERR,ERR,ERR,ERR,ERR,ERR,ERR,ERR,ERR,ERR,ERR,ERR,ERR,ERR,ERR,ERR,ERR,ERR,ERR,ERR,ERR,ERR,ERR,ERR,ERR,ERR,ERR,ERR,ERR,ERR,ERR,ERR,ERR,ERR,ERR,ERR,ERR,ERR,ERR,ERR,ERR,ERR,ERR,ERR,ERR,ERR,0.0,0.0,0.0,0.0,0.0,1.3936040501711995e+18,7.805,0.0,0,0,4,0,8422,0.0,45,0.0,0.0,0.0,0.0,0.0,0,0,0,0,0.0,0,0,0,0,0,0,0,0,0,0,0,0,0,0,0,0,0,0,0,0,0,0,0,0,0,0,0,0,0,0,0,0,0,38,14,7,45,65476,0,300,0,0,8,21553,0.0,-107605600.0,0.0,0.0,0.0,0.0,0.0,0.0,0.0,0.0,0.0,0.0,0.0,0.0,0.0,0.0,0.0,0.0,0.0,0.0,0.0,0.0,0.0,2.004,-0.0,0.0,0.0,0.0,0.0,0.0,4992.0,-0.0,0.0,0.0,-107615296.0,-107615280.0,2.718429300292151e+23,0.0,0.0,0.0,0.0,53,-0.0,1.9056859227671757e+17,0.0,0.0,0.0,0.0,0.0,0.0,0.0,0,0,0,0.0,0.0,0.0,0.0,0.0,0.0,0.0,0.0,0.0,0.0,0.0,0.0,0.0,0.0,0.0,0.0,0,-107875648.0,53,0.0,106,-107614832.0,0.0,ERR,ERR,ERR,ERR,ERR,ERR,ERR,ERR,ERR,ERR,ERR,ERR,ERR,ERR,ERR,ERR,ERR,ERR,ERR,ERR,ERR,ERR,ERR,ERR,ERR,ERR,ERR,ERR,ERR,ERR,ERR,ERR,ERR,ERR,ERR,ERR,ERR,ERR,ERR,ERR,ERR,ERR,ERR,ERR,ERR,ERR,ERR,ERR,ERR,ERR,ERR,ERR,ERR,ERR,ERR,ERR,ERR,ERR,ERR,ERR,ERR,ERR,ERR,ERR,ERR,ERR,ERR,50.0,60.0,100,0.0,0.0,0.0,0.0,0.0,0.0,0.0,0.0,0.0,0.0,0.0,0.0,0.0,0.0,0.0,0.0,62.0,74,14,65512,50,65476,0,300,0,0,8,20529,65476,0,0,26214,60.0,0.0,0.0,0.0,0.0,0.0
2026-05-17T18:24:19,ERR,ERR,ERR,ERR,ERR,ERR,ERR,ERR,ERR,ERR,ERR,ERR,ERR,ERR,ERR,ERR,ERR,ERR,ERR,ERR,ERR,ERR,ERR,ERR,ERR,ERR,ERR,ERR,ERR,ERR,ERR,ERR,ERR,ERR,ERR,ERR,ERR,ERR,ERR,ERR,ERR,ERR,ERR,ERR,ERR,ERR,ERR,ERR,ERR,ERR,ERR,ERR,ERR,ERR,ERR,ERR,ERR,ERR,ERR,ERR,ERR,ERR,ERR,ERR,ERR,ERR,ERR,ERR,ERR,ERR,ERR,ERR,ERR,ERR,ERR,ERR,ERR,ERR,ERR,ERR,ERR,ERR,ERR,ERR,ERR,ERR,ERR,ERR,ERR,ERR,ERR,ERR,ERR,ERR,ERR,ERR,ERR,ERR,ERR,ERR,ERR,ERR,ERR,ERR,ERR,ERR,ERR,ERR,ERR,ERR,ERR,ERR,ERR,ERR,ERR,ERR,ERR,ERR,ERR,ERR,ERR,ERR,ERR,ERR,ERR,0.0,0.0,0.0,0.0,0.0,1.3936040501711995e+18,7.805,0.0,0,0,4,0,8422,0.0,45,0.0,0.0,0.0,0.0,0.0,0,0,0,0,0.0,0,0,0,0,0,0,0,0,0,0,0,0,0,0,0,0,0,0,0,0,0,0,0,0,0,0,0,0,0,0,0,0,0,38,14,7,45,65476,0,300,0,0,8,21553,0.0,-107605600.0,0.0,0.0,0.0,0.0,0.0,0.0,0.0,0.0,0.0,0.0,0.0,0.0,0.0,0.0,0.0,0.0,0.0,0.0,0.0,0.0,0.0,2.004,-0.0,0.0,0.0,0.0,0.0,0.0,4992.0,-0.0,0.0,0.0,-107615296.0,-107615280.0,2.718429300292151e+23,0.0,0.0,0.0,0.0,53,-0.0,1.9056859227671757e+17,0.0,0.0,0.0,0.0,0.0,0.0,0.0,0,0,0,0.0,0.0,0.0,0.0,0.0,0.0,0.0,0.0,0.0,0.0,0.0,0.0,0.0,0.0,0.0,0.0,0,-107875648.0,53,0.0,106,-107614832.0,0.0,ERR,ERR,ERR,ERR,ERR,ERR,ERR,ERR,ERR,ERR,ERR,ERR,ERR,ERR,ERR,ERR,ERR,ERR,ERR,ERR,ERR,ERR,ERR,ERR,ERR,ERR,ERR,ERR,ERR,ERR,ERR,ERR,ERR,ERR,ERR,ERR,ERR,ERR,ERR,ERR,ERR,ERR,ERR,ERR,ERR,ERR,ERR,ERR,ERR,ERR,ERR,ERR,ERR,ERR,ERR,ERR,ERR,ERR,ERR,ERR,ERR,ERR,ERR,ERR,ERR,ERR,ERR,50.0,60.0,100,0.0,0.0,0.0,0.0,0.0,0.0,0.0,0.0,0.0,0.0,0.0,0.0,0.0,0.0,0.0,0.0,62.0,74,14,65512,50,65476,0,300,0,0,8,20529,65476,0,0,26214,60.0,0.0,0.0,0.0,0.0,0.0
2026-05-17T18:24:20,ERR,ERR,ERR,ERR,ERR,ERR,ERR,ERR,ERR,ERR,ERR,ERR,ERR,ERR,ERR,ERR,ERR,ERR,ERR,ERR,ERR,ERR,ERR,ERR,ERR,ERR,ERR,ERR,ERR,ERR,ERR,ERR,ERR,ERR,ERR,ERR,ERR,ERR,ERR,ERR,ERR,ERR,ERR,ERR,ERR,ERR,ERR,ERR,ERR,ERR,ERR,ERR,ERR,ERR,ERR,ERR,ERR,ERR,ERR,ERR,ERR,ERR,ERR,ERR,ERR,ERR,ERR,ERR,ERR,ERR,ERR,ERR,ERR,ERR,ERR,ERR,ERR,ERR,ERR,ERR,ERR,ERR,ERR,ERR,ERR,ERR,ERR,ERR,ERR,ERR,ERR,ERR,ERR,ERR,ERR,ERR,ERR,ERR,ERR,ERR,ERR,ERR,ERR,ERR,ERR,ERR,ERR,ERR,ERR,ERR,ERR,ERR,ERR,ERR,ERR,ERR,ERR,ERR,ERR,ERR,ERR,ERR,ERR,ERR,ERR,0.0,-107615296.0,-134474944.0,0.0,0.0,1.3936040501711995e+18,7.805,0.0,0,0,4,0,8422,0.0,45,0.0,0.0,0.0,0.0,0.0,0,0,0,0,0.0,0,0,0,0,0,0,0,0,0,0,0,0,0,0,0,0,0,0,0,0,0,0,0,0,0,0,0,0,0,0,0,0,0,38,14,7,45,65476,0,300,0,0,8,21553,0.0,-107605600.0,0.0,0.0,0.0,0.0,0.0,0.0,0.0,0.0,0.0,0.0,0.0,0.0,0.0,0.0,0.0,0.0,0.0,0.0,0.0,0.0,0.0,0.0,-0.0,0.0,0.0,0.0,0.0,0.0,4985.0,-1.587929164219617e+29,0.0,0.0,0.0,-107615280.0,2.718429300292151e+23,0.0,0.0,0.0,0.0,53,-0.0,-0.0,0.0,0.0,0.0,0.0,0.0,0.0,0.0,0,0,0,0.0,0.0,0.0,0.0,0.0,0.0,0.0,0.0,0.0,0.0,0.0,0.0,0.0,0.0,0.0,0.0,0,-107875648.0,53,0.0,106,-107614832.0,0.0,ERR,ERR,ERR,ERR,ERR,ERR,ERR,ERR,ERR,ERR,ERR,ERR,ERR,ERR,ERR,ERR,ERR,ERR,ERR,ERR,ERR,ERR,ERR,ERR,ERR,ERR,ERR,ERR,ERR,ERR,ERR,ERR,ERR,ERR,ERR,ERR,ERR,ERR,ERR,ERR,ERR,ERR,ERR,ERR,ERR,ERR,ERR,ERR,ERR,ERR,ERR,ERR,ERR,ERR,ERR,ERR,ERR,ERR,ERR,ERR,ERR,ERR,ERR,ERR,ERR,ERR,ERR,50.0,60.0,100,0.0,0.0,0.0,0.0,0.0,0.0,0.0,0.0,0.0,0.0,0.0,0.0,0.0,0.0,0.0,0.0,61.6,74,14,65512,50,65476,0,300,0,0,8,20529,65476,0,0,26214,60.0,0.0,0.0,0.0,0.0,0.0
2026-05-17T18:24:21,ERR,ERR,ERR,ERR,ERR,ERR,ERR,ERR,ERR,ERR,ERR,ERR,ERR,ERR,ERR,ERR,ERR,ERR,ERR,ERR,ERR,ERR,ERR,ERR,ERR,ERR,ERR,ERR,ERR,ERR,ERR,ERR,ERR,ERR,ERR,ERR,ERR,ERR,ERR,ERR,ERR,ERR,ERR,ERR,ERR,ERR,ERR,ERR,ERR,ERR,ERR,ERR,ERR,ERR,ERR,ERR,ERR,ERR,ERR,ERR,ERR,ERR,ERR,ERR,ERR,ERR,ERR,ERR,ERR,ERR,ERR,ERR,ERR,ERR,ERR,ERR,ERR,ERR,ERR,ERR,ERR,ERR,ERR,ERR,ERR,ERR,ERR,ERR,ERR,ERR,ERR,ERR,ERR,ERR,ERR,ERR,ERR,ERR,ERR,ERR,ERR,ERR,ERR,ERR,ERR,ERR,ERR,ERR,ERR,ERR,ERR,ERR,ERR,ERR,ERR,ERR,ERR,ERR,ERR,ERR,ERR,ERR,ERR,ERR,ERR,0.0,-107615296.0,-134474944.0,0.0,0.0,1.3936040501711995e+18,7.805,0.0,0,0,4,0,8422,0.0,45,0.0,0.0,0.0,0.0,0.0,0,0,0,0,0.0,0,0,0,0,0,0,0,0,0,0,0,0,0,0,0,0,0,0,0,0,0,0,0,0,0,0,0,0,0,0,0,0,0,38,14,7,45,65476,0,300,0,0,8,21553,0.0,-107605600.0,0.0,0.0,0.0,0.0,0.0,0.0,0.0,0.0,0.0,0.0,0.0,0.0,0.0,0.0,0.0,0.0,0.0,0.0,0.0,0.0,0.0,0.0,-0.0,0.0,0.0,0.0,0.0,0.0,4985.0,-1.587929164219617e+29,0.0,0.0,0.0,-107615280.0,2.718429300292151e+23,0.0,0.0,0.0,0.0,53,-0.0,-0.0,0.0,0.0,0.0,0.0,0.0,0.0,0.0,0,0,0,0.0,0.0,0.0,0.0,0.0,0.0,0.0,0.0,0.0,0.0,0.0,0.0,0.0,0.0,0.0,0.0,0,-107875648.0,53,0.0,106,-107614832.0,0.0,ERR,ERR,ERR,ERR,ERR,ERR,ERR,ERR,ERR,ERR,ERR,ERR,ERR,ERR,ERR,ERR,ERR,ERR,ERR,ERR,ERR,ERR,ERR,ERR,ERR,ERR,ERR,ERR,ERR,ERR,ERR,ERR,ERR,ERR,ERR,ERR,ERR,ERR,ERR,ERR,ERR,ERR,ERR,ERR,ERR,ERR,ERR,ERR,ERR,ERR,ERR,ERR,ERR,ERR,ERR,ERR,ERR,ERR,ERR,ERR,ERR,ERR,ERR,ERR,ERR,ERR,ERR,50.0,60.0,100,0.0,0.0,0.0,0.0,0.0,0.0,0.0,0.0,0.0,0.0,0.0,0.0,0.0,0.0,0.0,0.0,61.6,74,14,65512,50,65476,0,300,0,0,8,20529,65476,0,0,26214,60.0,0.0,0.0,0.0,0.0,0.0
2026-05-17T18:24:22,ERR,ERR,ERR,ERR,ERR,ERR,ERR,ERR,ERR,ERR,ERR,ERR,ERR,ERR,ERR,ERR,ERR,ERR,ERR,ERR,ERR,ERR,ERR,ERR,ERR,ERR,ERR,ERR,ERR,ERR,ERR,ERR,ERR,ERR,ERR,ERR,ERR,ERR,ERR,ERR,ERR,ERR,ERR,ERR,ERR,ERR,ERR,ERR,ERR,ERR,ERR,ERR,ERR,ERR,ERR,ERR,ERR,ERR,ERR,ERR,ERR,ERR,ERR,ERR,ERR,ERR,ERR,ERR,ERR,ERR,ERR,ERR,ERR,ERR,ERR,ERR,ERR,ERR,ERR,ERR,ERR,ERR,ERR,ERR,ERR,ERR,ERR,ERR,ERR,ERR,ERR,ERR,ERR,ERR,ERR,ERR,ERR,ERR,ERR,ERR,ERR,ERR,ERR,ERR,ERR,ERR,ERR,ERR,ERR,ERR,ERR,ERR,ERR,ERR,ERR,ERR,ERR,ERR,ERR,ERR,ERR,ERR,ERR,ERR,ERR,0.0,-107615296.0,-134474944.0,0.0,0.0,1.3936040501711995e+18,7.805,0.0,0,0,4,0,8422,0.0,45,0.0,0.0,0.0,0.0,0.0,0,0,0,0,0.0,0,0,0,0,0,0,0,0,0,0,0,0,0,0,0,0,0,0,0,0,0,0,0,0,0,0,0,0,0,0,0,0,0,38,14,7,45,65476,0,300,0,0,8,21553,0.0,-107605600.0,0.0,0.0,0.0,0.0,0.0,0.0,0.0,0.0,0.0,0.0,0.0,0.0,0.0,0.0,0.0,0.0,0.0,0.0,0.0,0.0,0.0,0.0,-0.0,0.0,0.0,0.0,0.0,0.0,4985.0,-1.587929164219617e+29,0.0,0.0,0.0,-107615280.0,2.718429300292151e+23,0.0,0.0,0.0,0.0,53,-0.0,-0.0,0.0,0.0,0.0,0.0,0.0,0.0,0.0,0,0,0,0.0,0.0,0.0,0.0,0.0,0.0,0.0,0.0,0.0,0.0,0.0,0.0,0.0,0.0,0.0,0.0,0,-107875648.0,53,0.0,106,-107614832.0,0.0,ERR,ERR,ERR,ERR,ERR,ERR,ERR,ERR,ERR,ERR,ERR,ERR,ERR,ERR,ERR,ERR,ERR,ERR,ERR,ERR,ERR,ERR,ERR,ERR,ERR,ERR,ERR,ERR,ERR,ERR,ERR,ERR,ERR,ERR,ERR,ERR,ERR,ERR,ERR,ERR,ERR,ERR,ERR,ERR,ERR,ERR,ERR,ERR,ERR,ERR,ERR,ERR,ERR,ERR,ERR,ERR,ERR,ERR,ERR,ERR,ERR,ERR,ERR,ERR,ERR,ERR,ERR,50.0,60.0,100,0.0,0.0,0.0,0.0,0.0,0.0,0.0,0.0,0.0,0.0,0.0,0.0,0.0,0.0,0.0,0.0,61.6,74,14,65512,50,65476,0,300,0,0,8,20529,65476,0,0,26214,60.0,0.0,0.0,0.0,0.0,0.0
2026-05-17T18:24:23,ERR,ERR,ERR,ERR,ERR,ERR,ERR,ERR,ERR,ERR,ERR,ERR,ERR,ERR,ERR,ERR,ERR,ERR,ERR,ERR,ERR,ERR,ERR,ERR,ERR,ERR,ERR,ERR,ERR,ERR,ERR,ERR,ERR,ERR,ERR,ERR,ERR,ERR,ERR,ERR,ERR,ERR,ERR,ERR,ERR,ERR,ERR,ERR,ERR,ERR,ERR,ERR,ERR,ERR,ERR,ERR,ERR,ERR,ERR,ERR,ERR,ERR,ERR,ERR,ERR,ERR,ERR,ERR,ERR,ERR,ERR,ERR,ERR,ERR,ERR,ERR,ERR,ERR,ERR,ERR,ERR,ERR,ERR,ERR,ERR,ERR,ERR,ERR,ERR,ERR,ERR,ERR,ERR,ERR,ERR,ERR,ERR,ERR,ERR,ERR,ERR,ERR,ERR,ERR,ERR,ERR,ERR,ERR,ERR,ERR,ERR,ERR,ERR,ERR,ERR,ERR,ERR,ERR,ERR,ERR,ERR,ERR,ERR,ERR,ERR,0.0,-107615296.0,-134474944.0,0.0,0.0,1.3936040501711995e+18,7.805,0.0,0,0,4,0,8422,0.0,45,0.0,0.0,0.0,0.0,0.0,0,0,0,0,0.0,0,0,0,0,0,0,0,0,0,0,0,0,0,0,0,0,0,0,0,0,0,0,0,0,0,0,0,0,0,0,0,0,0,38,14,7,45,65476,0,300,0,0,8,21553,0.0,-107605600.0,0.0,0.0,0.0,0.0,0.0,0.0,0.0,0.0,0.0,0.0,0.0,0.0,0.0,0.0,0.0,0.0,0.0,0.0,0.0,0.0,0.0,0.0,-0.0,0.0,0.0,0.0,0.0,0.0,4985.0,-1.587929164219617e+29,0.0,0.0,0.0,-107615280.0,2.718429300292151e+23,0.0,0.0,0.0,0.0,53,-0.0,-0.0,0.0,0.0,0.0,0.0,0.0,0.0,0.0,0,0,0,0.0,0.0,0.0,0.0,0.0,0.0,0.0,0.0,0.0,0.0,0.0,0.0,0.0,0.0,0.0,0.0,0,-107875648.0,53,0.0,106,-107614832.0,0.0,ERR,ERR,ERR,ERR,ERR,ERR,ERR,ERR,ERR,ERR,ERR,ERR,ERR,ERR,ERR,ERR,ERR,ERR,ERR,ERR,ERR,ERR,ERR,ERR,ERR,ERR,ERR,ERR,ERR,ERR,ERR,ERR,ERR,ERR,ERR,ERR,ERR,ERR,ERR,ERR,ERR,ERR,ERR,ERR,ERR,ERR,ERR,ERR,ERR,ERR,ERR,ERR,ERR,ERR,ERR,ERR,ERR,ERR,ERR,ERR,ERR,ERR,ERR,ERR,ERR,ERR,ERR,50.0,60.0,100,0.0,0.0,0.0,0.0,0.0,0.0,0.0,0.0,0.0,0.0,0.0,0.0,0.0,0.0,0.0,0.0,61.6,74,14,65512,50,65476,0,300,0,0,8,20529,65476,0,0,26214,60.0,0.0,0.0,0.0,0.0,0.0
2026-05-17T18:24:24,ERR,ERR,ERR,ERR,ERR,ERR,ERR,ERR,ERR,ERR,ERR,ERR,ERR,ERR,ERR,ERR,ERR,ERR,ERR,ERR,ERR,ERR,ERR,ERR,ERR,ERR,ERR,ERR,ERR,ERR,ERR,ERR,ERR,ERR,ERR,ERR,ERR,ERR,ERR,ERR,ERR,ERR,ERR,ERR,ERR,ERR,ERR,ERR,ERR,ERR,ERR,ERR,ERR,ERR,ERR,ERR,ERR,ERR,ERR,ERR,ERR,ERR,ERR,ERR,ERR,ERR,ERR,ERR,ERR,ERR,ERR,ERR,ERR,ERR,ERR,ERR,ERR,ERR,ERR,ERR,ERR,ERR,ERR,ERR,ERR,ERR,ERR,ERR,ERR,ERR,ERR,ERR,ERR,ERR,ERR,ERR,ERR,ERR,ERR,ERR,ERR,ERR,ERR,ERR,ERR,ERR,ERR,ERR,ERR,ERR,ERR,ERR,ERR,ERR,ERR,ERR,ERR,ERR,ERR,ERR,ERR,ERR,ERR,ERR,ERR,0.0,-107615296.0,-134474944.0,0.0,0.0,1.3936040501711995e+18,7.805,0.0,0,0,4,0,8422,0.0,45,0.0,0.0,0.0,0.0,0.0,0,0,0,0,0.0,0,0,0,0,0,0,0,0,0,0,0,0,0,0,0,0,0,0,0,0,0,0,0,0,0,0,0,0,0,0,0,0,0,38,14,7,45,65476,0,300,0,0,8,21553,0.0,-107605600.0,0.0,0.0,0.0,0.0,0.0,0.0,0.0,0.0,0.0,0.0,0.0,0.0,0.0,0.0,0.0,0.0,0.0,0.0,0.0,0.0,0.0,0.0,-0.0,0.0,0.0,0.0,0.0,0.0,4985.0,-1.587929164219617e+29,0.0,0.0,0.0,-107615280.0,2.718429300292151e+23,0.0,0.0,0.0,0.0,53,-0.0,-0.0,0.0,0.0,0.0,0.0,0.0,0.0,0.0,0,0,0,0.0,0.0,0.0,0.0,0.0,0.0,0.0,0.0,0.0,0.0,0.0,0.0,0.0,0.0,0.0,0.0,0,-107875648.0,53,0.0,106,-107614832.0,0.0,ERR,ERR,ERR,ERR,ERR,ERR,ERR,ERR,ERR,ERR,ERR,ERR,ERR,ERR,ERR,ERR,ERR,ERR,ERR,ERR,ERR,ERR,ERR,ERR,ERR,ERR,ERR,ERR,ERR,ERR,ERR,ERR,ERR,ERR,ERR,ERR,ERR,ERR,ERR,ERR,ERR,ERR,ERR,ERR,ERR,ERR,ERR,ERR,ERR,ERR,ERR,ERR,ERR,ERR,ERR,ERR,ERR,ERR,ERR,ERR,ERR,ERR,ERR,ERR,ERR,ERR,ERR,50.0,60.0,100,0.0,0.0,0.0,0.0,0.0,0.0,0.0,0.0,0.0,0.0,0.0,0.0,0.0,0.0,0.0,0.0,61.6,74,14,65512,50,65476,0,300,0,0,8,20529,65476,0,0,26214,60.0,0.0,0.0,0.0,0.0,0.0
2026-05-17T18:24:25,ERR,ERR,ERR,ERR,ERR,ERR,ERR,ERR,ERR,ERR,ERR,ERR,ERR,ERR,ERR,ERR,ERR,ERR,ERR,ERR,ERR,ERR,ERR,ERR,ERR,ERR,ERR,ERR,ERR,ERR,ERR,ERR,ERR,ERR,ERR,ERR,ERR,ERR,ERR,ERR,ERR,ERR,ERR,ERR,ERR,ERR,ERR,ERR,ERR,ERR,ERR,ERR,ERR,ERR,ERR,ERR,ERR,ERR,ERR,ERR,ERR,ERR,ERR,ERR,ERR,ERR,ERR,ERR,ERR,ERR,ERR,ERR,ERR,ERR,ERR,ERR,ERR,ERR,ERR,ERR,ERR,ERR,ERR,ERR,ERR,ERR,ERR,ERR,ERR,ERR,ERR,ERR,ERR,ERR,ERR,ERR,ERR,ERR,ERR,ERR,ERR,ERR,ERR,ERR,ERR,ERR,ERR,ERR,ERR,ERR,ERR,ERR,ERR,ERR,ERR,ERR,ERR,ERR,ERR,ERR,ERR,ERR,ERR,ERR,ERR,0.0,0.0,0.0,0.0,0.0,1.3936040501711995e+18,7.805,0.0,0,0,4,0,8422,0.0,45,0.0,0.0,0.0,0.0,0.0,0,0,0,0,0.0,0,0,0,0,0,0,0,0,0,0,0,0,0,0,0,0,0,0,0,0,0,0,0,0,0,0,0,0,0,0,0,0,0,38,14,7,45,65476,0,300,0,0,8,21553,0.0,-107605600.0,0.0,0.0,0.0,0.0,0.0,0.0,0.0,0.0,0.0,0.0,0.0,0.0,0.0,0.0,0.0,0.0,0.0,0.0,0.0,0.0,0.0,0.0,-0.0,0.0,0.0,0.0,0.0,0.0,5017.0,0.0,0.0,0.0,-107615296.0,-107615280.0,2.718429300292151e+23,0.0,0.0,0.0,0.0,53,-0.0,-107614776.0,0.0,0.0,0.0,0.0,0.0,0.0,0.0,0,0,0,0.0,0.0,0.0,0.0,0.0,0.0,0.0,0.0,0.0,0.0,0.0,0.0,0.0,0.0,0.0,0.0,0,-107875648.0,53,0.0,106,-107614832.0,0.0,ERR,ERR,ERR,ERR,ERR,ERR,ERR,ERR,ERR,ERR,ERR,ERR,ERR,ERR,ERR,ERR,ERR,ERR,ERR,ERR,ERR,ERR,ERR,ERR,ERR,ERR,ERR,ERR,ERR,ERR,ERR,ERR,ERR,ERR,ERR,ERR,ERR,ERR,ERR,ERR,ERR,ERR,ERR,ERR,ERR,ERR,ERR,ERR,ERR,ERR,ERR,ERR,ERR,ERR,ERR,ERR,ERR,ERR,ERR,ERR,ERR,ERR,ERR,ERR,ERR,ERR,ERR,50.0,60.0,100,0.0,0.0,0.0,0.0,0.0,0.0,0.0,0.0,0.0,0.0,0.0,0.0,0.0,0.0,0.0,0.0,61.6,74,14,65512,50,65476,0,300,0,0,8,20529,65476,0,0,26214,60.0,0.0,0.0,0.0,0.0,0.0
2026-05-17T18:24:26,ERR,ERR,ERR,ERR,ERR,ERR,ERR,ERR,ERR,ERR,ERR,ERR,ERR,ERR,ERR,ERR,ERR,ERR,ERR,ERR,ERR,ERR,ERR,ERR,ERR,ERR,ERR,ERR,ERR,ERR,ERR,ERR,ERR,ERR,ERR,ERR,ERR,ERR,ERR,ERR,ERR,ERR,ERR,ERR,ERR,ERR,ERR,ERR,ERR,ERR,ERR,ERR,ERR,ERR,ERR,ERR,ERR,ERR,ERR,ERR,ERR,ERR,ERR,ERR,ERR,ERR,ERR,ERR,ERR,ERR,ERR,ERR,ERR,ERR,ERR,ERR,ERR,ERR,ERR,ERR,ERR,ERR,ERR,ERR,ERR,ERR,ERR,ERR,ERR,ERR,ERR,ERR,ERR,ERR,ERR,ERR,ERR,ERR,ERR,ERR,ERR,ERR,ERR,ERR,ERR,ERR,ERR,ERR,ERR,ERR,ERR,ERR,ERR,ERR,ERR,ERR,ERR,ERR,ERR,ERR,ERR,ERR,ERR,ERR,ERR,0.0,0.0,0.0,0.0,0.0,1.3936040501711995e+18,7.805,0.0,0,0,4,0,8422,0.0,45,0.0,0.0,0.0,0.0,0.0,0,0,0,0,0.0,0,0,0,0,0,0,0,0,0,0,0,0,0,0,0,0,0,0,0,0,0,0,0,0,0,0,0,0,0,0,0,0,0,38,14,7,45,65476,0,300,0,0,8,21553,0.0,-107605600.0,0.0,0.0,0.0,0.0,0.0,0.0,0.0,0.0,0.0,0.0,0.0,0.0,0.0,0.0,0.0,0.0,0.0,0.0,0.0,0.0,0.0,0.0,-0.0,0.0,0.0,0.0,0.0,0.0,5017.0,0.0,0.0,0.0,-107615296.0,-107615280.0,2.718429300292151e+23,0.0,0.0,0.0,0.0,53,-0.0,-107614776.0,0.0,0.0,0.0,0.0,0.0,0.0,0.0,0,0,0,0.0,0.0,0.0,0.0,0.0,0.0,0.0,0.0,0.0,0.0,0.0,0.0,0.0,0.0,0.0,0.0,0,-107875648.0,53,0.0,106,-107614832.0,0.0,ERR,ERR,ERR,ERR,ERR,ERR,ERR,ERR,ERR,ERR,ERR,ERR,ERR,ERR,ERR,ERR,ERR,ERR,ERR,ERR,ERR,ERR,ERR,ERR,ERR,ERR,ERR,ERR,ERR,ERR,ERR,ERR,ERR,ERR,ERR,ERR,ERR,ERR,ERR,ERR,ERR,ERR,ERR,ERR,ERR,ERR,ERR,ERR,ERR,ERR,ERR,ERR,ERR,ERR,ERR,ERR,ERR,ERR,ERR,ERR,ERR,ERR,ERR,ERR,ERR,ERR,ERR,50.0,60.0,100,0.0,0.0,0.0,0.0,0.0,0.0,0.0,0.0,0.0,0.0,0.0,0.0,0.0,0.0,0.0,0.0,61.6,74,14,65512,50,65476,0,300,0,0,8,20529,65476,0,0,26214,60.0,0.0,0.0,0.0,0.0,0.0
2026-05-17T18:24:27,ERR,ERR,ERR,ERR,ERR,ERR,ERR,ERR,ERR,ERR,ERR,ERR,ERR,ERR,ERR,ERR,ERR,ERR,ERR,ERR,ERR,ERR,ERR,ERR,ERR,ERR,ERR,ERR,ERR,ERR,ERR,ERR,ERR,ERR,ERR,ERR,ERR,ERR,ERR,ERR,ERR,ERR,ERR,ERR,ERR,ERR,ERR,ERR,ERR,ERR,ERR,ERR,ERR,ERR,ERR,ERR,ERR,ERR,ERR,ERR,ERR,ERR,ERR,ERR,ERR,ERR,ERR,ERR,ERR,ERR,ERR,ERR,ERR,ERR,ERR,ERR,ERR,ERR,ERR,ERR,ERR,ERR,ERR,ERR,ERR,ERR,ERR,ERR,ERR,ERR,ERR,ERR,ERR,ERR,ERR,ERR,ERR,ERR,ERR,ERR,ERR,ERR,ERR,ERR,ERR,ERR,ERR,ERR,ERR,ERR,ERR,ERR,ERR,ERR,ERR,ERR,ERR,ERR,ERR,ERR,ERR,ERR,ERR,ERR,ERR,0.0,0.0,0.0,0.0,0.0,1.3936040501711995e+18,7.805,0.0,0,0,4,0,8422,0.0,45,0.0,0.0,0.0,0.0,0.0,0,0,0,0,0.0,0,0,0,0,0,0,0,0,0,0,0,0,0,0,0,0,0,0,0,0,0,0,0,0,0,0,0,0,0,0,0,0,0,38,14,7,45,65476,0,300,0,0,8,21553,0.0,-107605600.0,0.0,0.0,0.0,0.0,0.0,0.0,0.0,0.0,0.0,0.0,0.0,0.0,0.0,0.0,0.0,0.0,0.0,0.0,0.0,0.0,0.0,0.0,-0.0,0.0,0.0,0.0,0.0,0.0,5017.0,0.0,0.0,0.0,-107615296.0,-107615280.0,2.718429300292151e+23,0.0,0.0,0.0,0.0,53,-0.0,-107614776.0,0.0,0.0,0.0,0.0,0.0,0.0,0.0,0,0,0,0.0,0.0,0.0,0.0,0.0,0.0,0.0,0.0,0.0,0.0,0.0,0.0,0.0,0.0,0.0,0.0,0,-107875648.0,53,0.0,106,-107614832.0,0.0,ERR,ERR,ERR,ERR,ERR,ERR,ERR,ERR,ERR,ERR,ERR,ERR,ERR,ERR,ERR,ERR,ERR,ERR,ERR,ERR,ERR,ERR,ERR,ERR,ERR,ERR,ERR,ERR,ERR,ERR,ERR,ERR,ERR,ERR,ERR,ERR,ERR,ERR,ERR,ERR,ERR,ERR,ERR,ERR,ERR,ERR,ERR,ERR,ERR,ERR,ERR,ERR,ERR,ERR,ERR,ERR,ERR,ERR,ERR,ERR,ERR,ERR,ERR,ERR,ERR,ERR,ERR,50.0,60.0,100,0.0,0.0,0.0,0.0,0.0,0.0,0.0,0.0,0.0,0.0,0.0,0.0,0.0,0.0,0.0,0.0,61.6,74,14,65512,50,65476,0,300,0,0,8,20529,65476,0,0,26214,60.0,0.0,0.0,0.0,0.0,0.0
2026-05-17T18:24:28,ERR,ERR,ERR,ERR,ERR,ERR,ERR,ERR,ERR,ERR,ERR,ERR,ERR,ERR,ERR,ERR,ERR,ERR,ERR,ERR,ERR,ERR,ERR,ERR,ERR,ERR,ERR,ERR,ERR,ERR,ERR,ERR,ERR,ERR,ERR,ERR,ERR,ERR,ERR,ERR,ERR,ERR,ERR,ERR,ERR,ERR,ERR,ERR,ERR,ERR,ERR,ERR,ERR,ERR,ERR,ERR,ERR,ERR,ERR,ERR,ERR,ERR,ERR,ERR,ERR,ERR,ERR,ERR,ERR,ERR,ERR,ERR,ERR,ERR,ERR,ERR,ERR,ERR,ERR,ERR,ERR,ERR,ERR,ERR,ERR,ERR,ERR,ERR,ERR,ERR,ERR,ERR,ERR,ERR,ERR,ERR,ERR,ERR,ERR,ERR,ERR,ERR,ERR,ERR,ERR,ERR,ERR,ERR,ERR,ERR,ERR,ERR,ERR,ERR,ERR,ERR,ERR,ERR,ERR,ERR,ERR,ERR,ERR,ERR,ERR,0.0,0.0,0.0,0.0,0.0,1.3936040501711995e+18,7.805,0.0,0,0,4,0,8422,0.0,45,0.0,0.0,0.0,0.0,0.0,0,0,0,0,0.0,0,0,0,0,0,0,0,0,0,0,0,0,0,0,0,0,0,0,0,0,0,0,0,0,0,0,0,0,0,0,0,0,0,38,14,7,45,65476,0,300,0,0,8,21553,0.0,-107605600.0,0.0,0.0,0.0,0.0,0.0,0.0,0.0,0.0,0.0,0.0,0.0,0.0,0.0,0.0,0.0,0.0,0.0,0.0,0.0,0.0,0.0,0.0,-0.0,0.0,0.0,0.0,0.0,0.0,5017.0,0.0,0.0,0.0,-107615296.0,-107615280.0,2.718429300292151e+23,0.0,0.0,0.0,0.0,53,-0.0,-107614776.0,0.0,0.0,0.0,0.0,0.0,0.0,0.0,0,0,0,0.0,0.0,0.0,0.0,0.0,0.0,0.0,0.0,0.0,0.0,0.0,0.0,0.0,0.0,0.0,0.0,0,-107875648.0,53,0.0,106,-107614832.0,0.0,ERR,ERR,ERR,ERR,ERR,ERR,ERR,ERR,ERR,ERR,ERR,ERR,ERR,ERR,ERR,ERR,ERR,ERR,ERR,ERR,ERR,ERR,ERR,ERR,ERR,ERR,ERR,ERR,ERR,ERR,ERR,ERR,ERR,ERR,ERR,ERR,ERR,ERR,ERR,ERR,ERR,ERR,ERR,ERR,ERR,ERR,ERR,ERR,ERR,ERR,ERR,ERR,ERR,ERR,ERR,ERR,ERR,ERR,ERR,ERR,ERR,ERR,ERR,ERR,ERR,ERR,ERR,50.0,60.0,100,0.0,0.0,0.0,0.0,0.0,0.0,0.0,0.0,0.0,0.0,0.0,0.0,0.0,0.0,0.0,0.0,61.6,74,14,65512,50,65476,0,300,0,0,8,20529,65476,0,0,26214,60.0,0.0,0.0,0.0,0.0,0.0
2026-05-17T18:24:29,ERR,ERR,ERR,ERR,ERR,ERR,ERR,ERR,ERR,ERR,ERR,ERR,ERR,ERR,ERR,ERR,ERR,ERR,ERR,ERR,ERR,ERR,ERR,ERR,ERR,ERR,ERR,ERR,ERR,ERR,ERR,ERR,ERR,ERR,ERR,ERR,ERR,ERR,ERR,ERR,ERR,ERR,ERR,ERR,ERR,ERR,ERR,ERR,ERR,ERR,ERR,ERR,ERR,ERR,ERR,ERR,ERR,ERR,ERR,ERR,ERR,ERR,ERR,ERR,ERR,ERR,ERR,ERR,ERR,ERR,ERR,ERR,ERR,ERR,ERR,ERR,ERR,ERR,ERR,ERR,ERR,ERR,ERR,ERR,ERR,ERR,ERR,ERR,ERR,ERR,ERR,ERR,ERR,ERR,ERR,ERR,ERR,ERR,ERR,ERR,ERR,ERR,ERR,ERR,ERR,ERR,ERR,ERR,ERR,ERR,ERR,ERR,ERR,ERR,ERR,ERR,ERR,ERR,ERR,ERR,ERR,ERR,ERR,ERR,ERR,0.0,0.0,0.0,0.0,0.0,1.3936040501711995e+18,7.805,0.0,0,0,4,0,8422,0.0,45,0.0,0.0,0.0,0.0,0.0,0,0,0,0,0.0,0,0,0,0,0,0,0,0,0,0,0,0,0,0,0,0,0,0,0,0,0,0,0,0,0,0,0,0,0,0,0,0,0,38,14,7,45,65476,0,300,0,0,8,21553,0.0,-107605600.0,0.0,0.0,0.0,0.0,0.0,0.0,0.0,0.0,0.0,0.0,0.0,0.0,0.0,0.0,0.0,0.0,0.0,0.0,0.0,0.0,0.0,0.0,-0.0,0.0,0.0,0.0,0.0,0.0,5017.0,0.0,0.0,0.0,-107615296.0,-107615280.0,2.718429300292151e+23,0.0,0.0,0.0,0.0,53,-0.0,-107614776.0,0.0,0.0,0.0,0.0,0.0,0.0,0.0,0,0,0,0.0,0.0,0.0,0.0,0.0,0.0,0.0,0.0,0.0,0.0,0.0,0.0,0.0,0.0,0.0,0.0,0,-107875648.0,53,0.0,106,-107614832.0,0.0,ERR,ERR,ERR,ERR,ERR,ERR,ERR,ERR,ERR,ERR,ERR,ERR,ERR,ERR,ERR,ERR,ERR,ERR,ERR,ERR,ERR,ERR,ERR,ERR,ERR,ERR,ERR,ERR,ERR,ERR,ERR,ERR,ERR,ERR,ERR,ERR,ERR,ERR,ERR,ERR,ERR,ERR,ERR,ERR,ERR,ERR,ERR,ERR,ERR,ERR,ERR,ERR,ERR,ERR,ERR,ERR,ERR,ERR,ERR,ERR,ERR,ERR,ERR,ERR,ERR,ERR,ERR,50.0,60.0,100,0.0,0.0,0.0,0.0,0.0,0.0,0.0,0.0,0.0,0.0,0.0,0.0,0.0,0.0,0.0,0.0,61.6,74,14,65512,50,65476,0,300,0,0,8,20529,65476,0,0,26214,60.0,0.0,0.0,0.0,0.0,0.0
2026-05-17T18:24:30,ERR,ERR,ERR,ERR,ERR,ERR,ERR,ERR,ERR,ERR,ERR,ERR,ERR,ERR,ERR,ERR,ERR,ERR,ERR,ERR,ERR,ERR,ERR,ERR,ERR,ERR,ERR,ERR,ERR,ERR,ERR,ERR,ERR,ERR,ERR,ERR,ERR,ERR,ERR,ERR,ERR,ERR,ERR,ERR,ERR,ERR,ERR,ERR,ERR,ERR,ERR,ERR,ERR,ERR,ERR,ERR,ERR,ERR,ERR,ERR,ERR,ERR,ERR,ERR,ERR,ERR,ERR,ERR,ERR,ERR,ERR,ERR,ERR,ERR,ERR,ERR,ERR,ERR,ERR,ERR,ERR,ERR,ERR,ERR,ERR,ERR,ERR,ERR,ERR,ERR,ERR,ERR,ERR,ERR,ERR,ERR,ERR,ERR,ERR,ERR,ERR,ERR,ERR,ERR,ERR,ERR,ERR,ERR,ERR,ERR,ERR,ERR,ERR,ERR,ERR,ERR,ERR,ERR,ERR,ERR,ERR,ERR,ERR,ERR,ERR,0.0,0.0,0.0,0.0,0.0,1.3936040501711995e+18,7.805,0.0,0,0,4,0,8422,0.0,45,0.0,0.0,0.0,0.0,0.0,0,0,0,0,0.0,0,0,0,0,0,0,0,0,0,0,0,0,0,0,0,0,0,0,0,0,0,0,0,0,0,0,0,0,0,0,0,0,0,38,14,7,45,65476,0,300,0,0,8,21553,0.0,-107605600.0,0.0,0.0,0.0,0.0,0.0,0.0,0.0,0.0,0.0,0.0,0.0,0.0,0.0,0.0,0.0,0.0,0.0,0.0,0.0,0.0,0.0,0.0,-0.0,0.0,0.0,0.0,0.0,0.0,4984.0,-1.587929164219617e+29,0.0,0.0,-107615296.0,-107615280.0,2.718429300292151e+23,0.0,0.0,0.0,0.0,53,-0.0,-0.0,0.0,0.0,0.0,0.0,0.0,0.0,0.0,0,0,0,0.0,0.0,0.0,0.0,0.0,0.0,0.0,0.0,0.0,0.0,0.0,0.0,0.0,0.0,0.0,0.0,0,-107875648.0,53,0.0,106,-107614832.0,0.0,ERR,ERR,ERR,ERR,ERR,ERR,ERR,ERR,ERR,ERR,ERR,ERR,ERR,ERR,ERR,ERR,ERR,ERR,ERR,ERR,ERR,ERR,ERR,ERR,ERR,ERR,ERR,ERR,ERR,ERR,ERR,ERR,ERR,ERR,ERR,ERR,ERR,ERR,ERR,ERR,ERR,ERR,ERR,ERR,ERR,ERR,ERR,ERR,ERR,ERR,ERR,ERR,ERR,ERR,ERR,ERR,ERR,ERR,ERR,ERR,ERR,ERR,ERR,ERR,ERR,ERR,ERR,50.0,60.0,100,0.0,0.0,0.0,0.0,0.0,0.0,0.0,0.0,0.0,0.0,0.0,0.0,0.0,0.0,0.0,0.0,61.6,74,14,65512,50,65476,0,300,0,0,8,20529,65476,0,0,26214,60.0,0.0,0.0,0.0,0.0,0.0
2026-05-17T18:24:31,ERR,ERR,ERR,ERR,ERR,ERR,ERR,ERR,ERR,ERR,ERR,ERR,ERR,ERR,ERR,ERR,ERR,ERR,ERR,ERR,ERR,ERR,ERR,ERR,ERR,ERR,ERR,ERR,ERR,ERR,ERR,ERR,ERR,ERR,ERR,ERR,ERR,ERR,ERR,ERR,ERR,ERR,ERR,ERR,ERR,ERR,ERR,ERR,ERR,ERR,ERR,ERR,ERR,ERR,ERR,ERR,ERR,ERR,ERR,ERR,ERR,ERR,ERR,ERR,ERR,ERR,ERR,ERR,ERR,ERR,ERR,ERR,ERR,ERR,ERR,ERR,ERR,ERR,ERR,ERR,ERR,ERR,ERR,ERR,ERR,ERR,ERR,ERR,ERR,ERR,ERR,ERR,ERR,ERR,ERR,ERR,ERR,ERR,ERR,ERR,ERR,ERR,ERR,ERR,ERR,ERR,ERR,ERR,ERR,ERR,ERR,ERR,ERR,ERR,ERR,ERR,ERR,ERR,ERR,ERR,ERR,ERR,ERR,ERR,ERR,0.0,0.0,0.0,0.0,0.0,1.3936040501711995e+18,7.805,0.0,0,0,4,0,8422,0.0,45,0.0,0.0,0.0,0.0,0.0,0,0,0,0,0.0,0,0,0,0,0,0,0,0,0,0,0,0,0,0,0,0,0,0,0,0,0,0,0,0,0,0,0,0,0,0,0,0,0,38,14,7,45,65476,0,300,0,0,8,21553,0.0,-107605600.0,0.0,0.0,0.0,0.0,0.0,0.0,0.0,0.0,0.0,0.0,0.0,0.0,0.0,0.0,0.0,0.0,0.0,0.0,0.0,0.0,0.0,0.0,-0.0,0.0,0.0,0.0,0.0,0.0,4984.0,-1.587929164219617e+29,0.0,0.0,-107615296.0,-107615280.0,2.718429300292151e+23,0.0,0.0,0.0,0.0,53,-0.0,-0.0,0.0,0.0,0.0,0.0,0.0,0.0,0.0,0,0,0,0.0,0.0,0.0,0.0,0.0,0.0,0.0,0.0,0.0,0.0,0.0,0.0,0.0,0.0,0.0,0.0,0,-107875648.0,53,0.0,106,-107614832.0,0.0,ERR,ERR,ERR,ERR,ERR,ERR,ERR,ERR,ERR,ERR,ERR,ERR,ERR,ERR,ERR,ERR,ERR,ERR,ERR,ERR,ERR,ERR,ERR,ERR,ERR,ERR,ERR,ERR,ERR,ERR,ERR,ERR,ERR,ERR,ERR,ERR,ERR,ERR,ERR,ERR,ERR,ERR,ERR,ERR,ERR,ERR,ERR,ERR,ERR,ERR,ERR,ERR,ERR,ERR,ERR,ERR,ERR,ERR,ERR,ERR,ERR,ERR,ERR,ERR,ERR,ERR,ERR,50.0,60.0,100,0.0,0.0,0.0,0.0,0.0,0.0,0.0,0.0,0.0,0.0,0.0,0.0,0.0,0.0,0.0,0.0,62.0,74,14,65512,50,65476,0,300,0,0,8,20529,65476,0,0,26214,60.0,0.0,0.0,0.0,0.0,0.0
2026-05-17T18:24:32,ERR,ERR,ERR,ERR,ERR,ERR,ERR,ERR,ERR,ERR,ERR,ERR,ERR,ERR,ERR,ERR,ERR,ERR,ERR,ERR,ERR,ERR,ERR,ERR,ERR,ERR,ERR,ERR,ERR,ERR,ERR,ERR,ERR,ERR,ERR,ERR,ERR,ERR,ERR,ERR,ERR,ERR,ERR,ERR,ERR,ERR,ERR,ERR,ERR,ERR,ERR,ERR,ERR,ERR,ERR,ERR,ERR,ERR,ERR,ERR,ERR,ERR,ERR,ERR,ERR,ERR,ERR,ERR,ERR,ERR,ERR,ERR,ERR,ERR,ERR,ERR,ERR,ERR,ERR,ERR,ERR,ERR,ERR,ERR,ERR,ERR,ERR,ERR,ERR,ERR,ERR,ERR,ERR,ERR,ERR,ERR,ERR,ERR,ERR,ERR,ERR,ERR,ERR,ERR,ERR,ERR,ERR,ERR,ERR,ERR,ERR,ERR,ERR,ERR,ERR,ERR,ERR,ERR,ERR,ERR,ERR,ERR,ERR,ERR,ERR,0.0,0.0,0.0,0.0,0.0,1.3936040501711995e+18,7.805,0.0,0,0,4,0,8422,0.0,45,0.0,0.0,0.0,0.0,0.0,0,0,0,0,0.0,0,0,0,0,0,0,0,0,0,0,0,0,0,0,0,0,0,0,0,0,0,0,0,0,0,0,0,0,0,0,0,0,0,38,14,7,45,65476,0,300,0,0,8,21553,0.0,-107605600.0,0.0,0.0,0.0,0.0,0.0,0.0,0.0,0.0,0.0,0.0,0.0,0.0,0.0,0.0,0.0,0.0,0.0,0.0,0.0,0.0,0.0,0.0,-0.0,0.0,0.0,0.0,0.0,0.0,4984.0,-1.587929164219617e+29,0.0,0.0,-107615296.0,-107615280.0,2.718429300292151e+23,0.0,0.0,0.0,0.0,53,-0.0,-0.0,0.0,0.0,0.0,0.0,0.0,0.0,0.0,0,0,0,0.0,0.0,0.0,0.0,0.0,0.0,0.0,0.0,0.0,0.0,0.0,0.0,0.0,0.0,0.0,0.0,0,-107875648.0,53,0.0,106,-107614832.0,0.0,ERR,ERR,ERR,ERR,ERR,ERR,ERR,ERR,ERR,ERR,ERR,ERR,ERR,ERR,ERR,ERR,ERR,ERR,ERR,ERR,ERR,ERR,ERR,ERR,ERR,ERR,ERR,ERR,ERR,ERR,ERR,ERR,ERR,ERR,ERR,ERR,ERR,ERR,ERR,ERR,ERR,ERR,ERR,ERR,ERR,ERR,ERR,ERR,ERR,ERR,ERR,ERR,ERR,ERR,ERR,ERR,ERR,ERR,ERR,ERR,ERR,ERR,ERR,ERR,ERR,ERR,ERR,50.0,60.0,100,0.0,0.0,0.0,0.0,0.0,0.0,0.0,0.0,0.0,0.0,0.0,0.0,0.0,0.0,0.0,0.0,62.0,74,14,65512,50,65476,0,300,0,0,8,20529,65476,0,0,26214,60.0,0.0,0.0,0.0,0.0,0.0
2026-05-17T18:24:33,ERR,ERR,ERR,ERR,ERR,ERR,ERR,ERR,ERR,ERR,ERR,ERR,ERR,ERR,ERR,ERR,ERR,ERR,ERR,ERR,ERR,ERR,ERR,ERR,ERR,ERR,ERR,ERR,ERR,ERR,ERR,ERR,ERR,ERR,ERR,ERR,ERR,ERR,ERR,ERR,ERR,ERR,ERR,ERR,ERR,ERR,ERR,ERR,ERR,ERR,ERR,ERR,ERR,ERR,ERR,ERR,ERR,ERR,ERR,ERR,ERR,ERR,ERR,ERR,ERR,ERR,ERR,ERR,ERR,ERR,ERR,ERR,ERR,ERR,ERR,ERR,ERR,ERR,ERR,ERR,ERR,ERR,ERR,ERR,ERR,ERR,ERR,ERR,ERR,ERR,ERR,ERR,ERR,ERR,ERR,ERR,ERR,ERR,ERR,ERR,ERR,ERR,ERR,ERR,ERR,ERR,ERR,ERR,ERR,ERR,ERR,ERR,ERR,ERR,ERR,ERR,ERR,ERR,ERR,ERR,ERR,ERR,ERR,ERR,ERR,0.0,0.0,0.0,0.0,0.0,1.3936040501711995e+18,7.805,0.0,0,0,4,0,8422,0.0,45,0.0,0.0,0.0,0.0,0.0,0,0,0,0,0.0,0,0,0,0,0,0,0,0,0,0,0,0,0,0,0,0,0,0,0,0,0,0,0,0,0,0,0,0,0,0,0,0,0,38,14,7,45,65476,0,300,0,0,8,21553,0.0,-107605600.0,0.0,0.0,0.0,0.0,0.0,0.0,0.0,0.0,0.0,0.0,0.0,0.0,0.0,0.0,0.0,0.0,0.0,0.0,0.0,0.0,0.0,0.0,-0.0,0.0,0.0,0.0,0.0,0.0,4984.0,-1.587929164219617e+29,0.0,0.0,-107615296.0,-107615280.0,2.718429300292151e+23,0.0,0.0,0.0,0.0,53,-0.0,-0.0,0.0,0.0,0.0,0.0,0.0,0.0,0.0,0,0,0,0.0,0.0,0.0,0.0,0.0,0.0,0.0,0.0,0.0,0.0,0.0,0.0,0.0,0.0,0.0,0.0,0,-107875648.0,53,0.0,106,-107614832.0,0.0,ERR,ERR,ERR,ERR,ERR,ERR,ERR,ERR,ERR,ERR,ERR,ERR,ERR,ERR,ERR,ERR,ERR,ERR,ERR,ERR,ERR,ERR,ERR,ERR,ERR,ERR,ERR,ERR,ERR,ERR,ERR,ERR,ERR,ERR,ERR,ERR,ERR,ERR,ERR,ERR,ERR,ERR,ERR,ERR,ERR,ERR,ERR,ERR,ERR,ERR,ERR,ERR,ERR,ERR,ERR,ERR,ERR,ERR,ERR,ERR,ERR,ERR,ERR,ERR,ERR,ERR,ERR,50.0,60.0,100,0.0,0.0,0.0,0.0,0.0,0.0,0.0,0.0,0.0,0.0,0.0,0.0,0.0,0.0,0.0,0.0,62.0,74,14,65512,50,65476,0,300,0,0,8,20529,65476,0,0,26214,60.0,0.0,0.0,0.0,0.0,0.0
2026-05-17T18:24:34,ERR,ERR,ERR,ERR,ERR,ERR,ERR,ERR,ERR,ERR,ERR,ERR,ERR,ERR,ERR,ERR,ERR,ERR,ERR,ERR,ERR,ERR,ERR,ERR,ERR,ERR,ERR,ERR,ERR,ERR,ERR,ERR,ERR,ERR,ERR,ERR,ERR,ERR,ERR,ERR,ERR,ERR,ERR,ERR,ERR,ERR,ERR,ERR,ERR,ERR,ERR,ERR,ERR,ERR,ERR,ERR,ERR,ERR,ERR,ERR,ERR,ERR,ERR,ERR,ERR,ERR,ERR,ERR,ERR,ERR,ERR,ERR,ERR,ERR,ERR,ERR,ERR,ERR,ERR,ERR,ERR,ERR,ERR,ERR,ERR,ERR,ERR,ERR,ERR,ERR,ERR,ERR,ERR,ERR,ERR,ERR,ERR,ERR,ERR,ERR,ERR,ERR,ERR,ERR,ERR,ERR,ERR,ERR,ERR,ERR,ERR,ERR,ERR,ERR,ERR,ERR,ERR,ERR,ERR,ERR,ERR,ERR,ERR,ERR,ERR,0.0,0.0,0.0,0.0,0.0,1.3936040501711995e+18,7.805,0.0,0,0,4,0,8422,0.0,45,0.0,0.0,0.0,0.0,0.0,0,0,0,0,0.0,0,0,0,0,0,0,0,0,0,0,0,0,0,0,0,0,0,0,0,0,0,0,0,0,0,0,0,0,0,0,0,0,0,38,14,7,45,65476,0,300,0,0,8,21553,0.0,-107605600.0,0.0,0.0,0.0,0.0,0.0,0.0,0.0,0.0,0.0,0.0,0.0,0.0,0.0,0.0,0.0,0.0,0.0,0.0,0.0,0.0,0.0,0.0,-0.0,0.0,0.0,0.0,0.0,0.0,4984.0,-1.587929164219617e+29,0.0,0.0,-107615296.0,-107615280.0,2.718429300292151e+23,0.0,0.0,0.0,0.0,53,-0.0,-0.0,0.0,0.0,0.0,0.0,0.0,0.0,0.0,0,0,0,0.0,0.0,0.0,0.0,0.0,0.0,0.0,0.0,0.0,0.0,0.0,0.0,0.0,0.0,0.0,0.0,0,-107875648.0,53,0.0,106,-107614832.0,0.0,ERR,ERR,ERR,ERR,ERR,ERR,ERR,ERR,ERR,ERR,ERR,ERR,ERR,ERR,ERR,ERR,ERR,ERR,ERR,ERR,ERR,ERR,ERR,ERR,ERR,ERR,ERR,ERR,ERR,ERR,ERR,ERR,ERR,ERR,ERR,ERR,ERR,ERR,ERR,ERR,ERR,ERR,ERR,ERR,ERR,ERR,ERR,ERR,ERR,ERR,ERR,ERR,ERR,ERR,ERR,ERR,ERR,ERR,ERR,ERR,ERR,ERR,ERR,ERR,ERR,ERR,ERR,50.0,60.0,100,0.0,0.0,0.0,0.0,0.0,0.0,0.0,0.0,0.0,0.0,0.0,0.0,0.0,0.0,0.0,0.0,61.6,74,14,65512,50,65476,0,300,0,0,8,20529,65476,0,0,26214,60.0,0.0,0.0,0.0,0.0,0.0
2026-05-17T18:24:35,ERR,ERR,ERR,ERR,ERR,ERR,ERR,ERR,ERR,ERR,ERR,ERR,ERR,ERR,ERR,ERR,ERR,ERR,ERR,ERR,ERR,ERR,ERR,ERR,ERR,ERR,ERR,ERR,ERR,ERR,ERR,ERR,ERR,ERR,ERR,ERR,ERR,ERR,ERR,ERR,ERR,ERR,ERR,ERR,ERR,ERR,ERR,ERR,ERR,ERR,ERR,ERR,ERR,ERR,ERR,ERR,ERR,ERR,ERR,ERR,ERR,ERR,ERR,ERR,ERR,ERR,ERR,ERR,ERR,ERR,ERR,ERR,ERR,ERR,ERR,ERR,ERR,ERR,ERR,ERR,ERR,ERR,ERR,ERR,ERR,ERR,ERR,ERR,ERR,ERR,ERR,ERR,ERR,ERR,ERR,ERR,ERR,ERR,ERR,ERR,ERR,ERR,ERR,ERR,ERR,ERR,ERR,ERR,ERR,ERR,ERR,ERR,ERR,ERR,ERR,ERR,ERR,ERR,ERR,ERR,ERR,ERR,ERR,ERR,ERR,0.0,0.0,0.0,0.0,0.0,1.3936040501711995e+18,7.805,0.0,0,0,4,0,8422,0.0,45,0.0,0.0,0.0,0.0,0.0,0,0,0,0,0.0,0,0,0,0,0,0,0,0,0,0,0,0,0,0,0,0,0,0,0,0,0,0,0,0,0,0,0,0,0,0,0,0,0,38,14,7,45,65476,0,300,0,0,8,21553,0.0,-107605600.0,0.0,0.0,0.0,0.0,0.0,0.0,0.0,0.0,0.0,0.0,0.0,0.0,0.0,0.0,0.0,0.0,0.0,0.0,0.0,0.0,0.0,2.004,-0.0,0.0,0.0,0.0,0.0,0.0,4980.0,-3.6971856938200465e+19,0.0,0.0,0.0,-107615280.0,2.718429300292151e+23,0.0,0.0,0.0,0.0,53,5.848083413016271e+35,-0.0,0.0,0.0,0.0,0.0,0.0,0.0,0.0,0,0,0,0.0,0.0,0.0,0.0,0.0,0.0,0.0,0.0,0.0,0.0,0.0,0.0,0.0,0.0,0.0,0.0,0,-107875648.0,53,0.0,106,-107614832.0,0.0,ERR,ERR,ERR,ERR,ERR,ERR,ERR,ERR,ERR,ERR,ERR,ERR,ERR,ERR,ERR,ERR,ERR,ERR,ERR,ERR,ERR,ERR,ERR,ERR,ERR,ERR,ERR,ERR,ERR,ERR,ERR,ERR,ERR,ERR,ERR,ERR,ERR,ERR,ERR,ERR,ERR,ERR,ERR,ERR,ERR,ERR,ERR,ERR,ERR,ERR,ERR,ERR,ERR,ERR,ERR,ERR,ERR,ERR,ERR,ERR,ERR,ERR,ERR,ERR,ERR,ERR,ERR,50.0,60.0,100,0.0,0.0,0.0,0.0,0.0,0.0,0.0,0.0,0.0,0.0,0.0,0.0,0.0,0.0,0.0,0.0,61.6,74,14,65512,50,65476,0,300,0,0,8,20529,65476,0,0,26214,60.0,0.0,0.0,0.0,0.0,0.0
2026-05-17T18:24:36,ERR,ERR,ERR,ERR,ERR,ERR,ERR,ERR,ERR,ERR,ERR,ERR,ERR,ERR,ERR,ERR,ERR,ERR,ERR,ERR,ERR,ERR,ERR,ERR,ERR,ERR,ERR,ERR,ERR,ERR,ERR,ERR,ERR,ERR,ERR,ERR,ERR,ERR,ERR,ERR,ERR,ERR,ERR,ERR,ERR,ERR,ERR,ERR,ERR,ERR,ERR,ERR,ERR,ERR,ERR,ERR,ERR,ERR,ERR,ERR,ERR,ERR,ERR,ERR,ERR,ERR,ERR,ERR,ERR,ERR,ERR,ERR,ERR,ERR,ERR,ERR,ERR,ERR,ERR,ERR,ERR,ERR,ERR,ERR,ERR,ERR,ERR,ERR,ERR,ERR,ERR,ERR,ERR,ERR,ERR,ERR,ERR,ERR,ERR,ERR,ERR,ERR,ERR,ERR,ERR,ERR,ERR,ERR,ERR,ERR,ERR,ERR,ERR,ERR,ERR,ERR,ERR,ERR,ERR,ERR,ERR,ERR,ERR,ERR,ERR,0.0,0.0,0.0,0.0,0.0,1.3936040501711995e+18,7.805,0.0,0,0,4,0,8422,0.0,45,0.0,0.0,0.0,0.0,0.0,0,0,0,0,0.0,0,0,0,0,0,0,0,0,0,0,0,0,0,0,0,0,0,0,0,0,0,0,0,0,0,0,0,0,0,0,0,0,0,38,14,7,45,65476,0,300,0,0,8,21553,0.0,-107605600.0,0.0,0.0,0.0,0.0,0.0,0.0,0.0,0.0,0.0,0.0,0.0,0.0,0.0,0.0,0.0,0.0,0.0,0.0,0.0,0.0,0.0,2.004,-0.0,0.0,0.0,0.0,0.0,0.0,4980.0,-3.6971856938200465e+19,0.0,0.0,0.0,-107615280.0,2.718429300292151e+23,0.0,0.0,0.0,0.0,53,5.848083413016271e+35,-0.0,0.0,0.0,0.0,0.0,0.0,0.0,0.0,0,0,0,0.0,0.0,0.0,0.0,0.0,0.0,0.0,0.0,0.0,0.0,0.0,0.0,0.0,0.0,0.0,0.0,0,-107875648.0,53,0.0,106,-107614832.0,0.0,ERR,ERR,ERR,ERR,ERR,ERR,ERR,ERR,ERR,ERR,ERR,ERR,ERR,ERR,ERR,ERR,ERR,ERR,ERR,ERR,ERR,ERR,ERR,ERR,ERR,ERR,ERR,ERR,ERR,ERR,ERR,ERR,ERR,ERR,ERR,ERR,ERR,ERR,ERR,ERR,ERR,ERR,ERR,ERR,ERR,ERR,ERR,ERR,ERR,ERR,ERR,ERR,ERR,ERR,ERR,ERR,ERR,ERR,ERR,ERR,ERR,ERR,ERR,ERR,ERR,ERR,ERR,50.0,60.0,100,0.0,0.0,0.0,0.0,0.0,0.0,0.0,0.0,0.0,0.0,0.0,0.0,0.0,0.0,0.0,0.0,62.0,74,14,65512,50,65476,0,300,0,0,8,20529,65476,0,0,26214,60.0,0.0,0.0,0.0,0.0,0.0
2026-05-17T18:24:37,ERR,ERR,ERR,ERR,ERR,ERR,ERR,ERR,ERR,ERR,ERR,ERR,ERR,ERR,ERR,ERR,ERR,ERR,ERR,ERR,ERR,ERR,ERR,ERR,ERR,ERR,ERR,ERR,ERR,ERR,ERR,ERR,ERR,ERR,ERR,ERR,ERR,ERR,ERR,ERR,ERR,ERR,ERR,ERR,ERR,ERR,ERR,ERR,ERR,ERR,ERR,ERR,ERR,ERR,ERR,ERR,ERR,ERR,ERR,ERR,ERR,ERR,ERR,ERR,ERR,ERR,ERR,ERR,ERR,ERR,ERR,ERR,ERR,ERR,ERR,ERR,ERR,ERR,ERR,ERR,ERR,ERR,ERR,ERR,ERR,ERR,ERR,ERR,ERR,ERR,ERR,ERR,ERR,ERR,ERR,ERR,ERR,ERR,ERR,ERR,ERR,ERR,ERR,ERR,ERR,ERR,ERR,ERR,ERR,ERR,ERR,ERR,ERR,ERR,ERR,ERR,ERR,ERR,ERR,ERR,ERR,ERR,ERR,ERR,ERR,0.0,0.0,0.0,0.0,0.0,1.3936040501711995e+18,7.805,0.0,0,0,4,0,8422,0.0,45,0.0,0.0,0.0,0.0,0.0,0,0,0,0,0.0,0,0,0,0,0,0,0,0,0,0,0,0,0,0,0,0,0,0,0,0,0,0,0,0,0,0,0,0,0,0,0,0,0,38,14,7,45,65476,0,300,0,0,8,21553,0.0,-107605600.0,0.0,0.0,0.0,0.0,0.0,0.0,0.0,0.0,0.0,0.0,0.0,0.0,0.0,0.0,0.0,0.0,0.0,0.0,0.0,0.0,0.0,2.004,-0.0,0.0,0.0,0.0,0.0,0.0,4980.0,-3.6971856938200465e+19,0.0,0.0,0.0,-107615280.0,2.718429300292151e+23,0.0,0.0,0.0,0.0,53,5.848083413016271e+35,-0.0,0.0,0.0,0.0,0.0,0.0,0.0,0.0,0,0,0,0.0,0.0,0.0,0.0,0.0,0.0,0.0,0.0,0.0,0.0,0.0,0.0,0.0,0.0,0.0,0.0,0,-107875648.0,53,0.0,106,-107614832.0,0.0,ERR,ERR,ERR,ERR,ERR,ERR,ERR,ERR,ERR,ERR,ERR,ERR,ERR,ERR,ERR,ERR,ERR,ERR,ERR,ERR,ERR,ERR,ERR,ERR,ERR,ERR,ERR,ERR,ERR,ERR,ERR,ERR,ERR,ERR,ERR,ERR,ERR,ERR,ERR,ERR,ERR,ERR,ERR,ERR,ERR,ERR,ERR,ERR,ERR,ERR,ERR,ERR,ERR,ERR,ERR,ERR,ERR,ERR,ERR,ERR,ERR,ERR,ERR,ERR,ERR,ERR,ERR,50.0,60.0,100,0.0,0.0,0.0,0.0,0.0,0.0,0.0,0.0,0.0,0.0,0.0,0.0,0.0,0.0,0.0,0.0,62.0,74,14,65512,50,65476,0,300,0,0,8,20529,65476,0,0,26214,60.0,0.0,0.0,0.0,0.0,0.0
2026-05-17T18:24:38,ERR,ERR,ERR,ERR,ERR,ERR,ERR,ERR,ERR,ERR,ERR,ERR,ERR,ERR,ERR,ERR,ERR,ERR,ERR,ERR,ERR,ERR,ERR,ERR,ERR,ERR,ERR,ERR,ERR,ERR,ERR,ERR,ERR,ERR,ERR,ERR,ERR,ERR,ERR,ERR,ERR,ERR,ERR,ERR,ERR,ERR,ERR,ERR,ERR,ERR,ERR,ERR,ERR,ERR,ERR,ERR,ERR,ERR,ERR,ERR,ERR,ERR,ERR,ERR,ERR,ERR,ERR,ERR,ERR,ERR,ERR,ERR,ERR,ERR,ERR,ERR,ERR,ERR,ERR,ERR,ERR,ERR,ERR,ERR,ERR,ERR,ERR,ERR,ERR,ERR,ERR,ERR,ERR,ERR,ERR,ERR,ERR,ERR,ERR,ERR,ERR,ERR,ERR,ERR,ERR,ERR,ERR,ERR,ERR,ERR,ERR,ERR,ERR,ERR,ERR,ERR,ERR,ERR,ERR,ERR,ERR,ERR,ERR,ERR,ERR,0.0,0.0,0.0,0.0,0.0,1.3936040501711995e+18,7.805,0.0,0,0,4,0,8422,0.0,45,0.0,0.0,0.0,0.0,0.0,0,0,0,0,0.0,0,0,0,0,0,0,0,0,0,0,0,0,0,0,0,0,0,0,0,0,0,0,0,0,0,0,0,0,0,0,0,0,0,38,14,7,45,65476,0,300,0,0,8,21553,0.0,-107605600.0,0.0,0.0,0.0,0.0,0.0,0.0,0.0,0.0,0.0,0.0,0.0,0.0,0.0,0.0,0.0,0.0,0.0,0.0,0.0,0.0,0.0,2.004,-0.0,0.0,0.0,0.0,0.0,0.0,4980.0,-3.6971856938200465e+19,0.0,0.0,0.0,-107615280.0,2.718429300292151e+23,0.0,0.0,0.0,0.0,53,5.848083413016271e+35,-0.0,0.0,0.0,0.0,0.0,0.0,0.0,0.0,0,0,0,0.0,0.0,0.0,0.0,0.0,0.0,0.0,0.0,0.0,0.0,0.0,0.0,0.0,0.0,0.0,0.0,0,-107875648.0,53,0.0,106,-107614832.0,0.0,ERR,ERR,ERR,ERR,ERR,ERR,ERR,ERR,ERR,ERR,ERR,ERR,ERR,ERR,ERR,ERR,ERR,ERR,ERR,ERR,ERR,ERR,ERR,ERR,ERR,ERR,ERR,ERR,ERR,ERR,ERR,ERR,ERR,ERR,ERR,ERR,ERR,ERR,ERR,ERR,ERR,ERR,ERR,ERR,ERR,ERR,ERR,ERR,ERR,ERR,ERR,ERR,ERR,ERR,ERR,ERR,ERR,ERR,ERR,ERR,ERR,ERR,ERR,ERR,ERR,ERR,ERR,50.0,60.0,100,0.0,0.0,0.0,0.0,0.0,0.0,0.0,0.0,0.0,0.0,0.0,0.0,0.0,0.0,0.0,0.0,61.6,74,14,65512,50,65476,0,300,0,0,8,20529,65476,0,0,26214,60.0,0.0,0.0,0.0,0.0,0.0
2026-05-17T18:24:39,ERR,ERR,ERR,ERR,ERR,ERR,ERR,ERR,ERR,ERR,ERR,ERR,ERR,ERR,ERR,ERR,ERR,ERR,ERR,ERR,ERR,ERR,ERR,ERR,ERR,ERR,ERR,ERR,ERR,ERR,ERR,ERR,ERR,ERR,ERR,ERR,ERR,ERR,ERR,ERR,ERR,ERR,ERR,ERR,ERR,ERR,ERR,ERR,ERR,ERR,ERR,ERR,ERR,ERR,ERR,ERR,ERR,ERR,ERR,ERR,ERR,ERR,ERR,ERR,ERR,ERR,ERR,ERR,ERR,ERR,ERR,ERR,ERR,ERR,ERR,ERR,ERR,ERR,ERR,ERR,ERR,ERR,ERR,ERR,ERR,ERR,ERR,ERR,ERR,ERR,ERR,ERR,ERR,ERR,ERR,ERR,ERR,ERR,ERR,ERR,ERR,ERR,ERR,ERR,ERR,ERR,ERR,ERR,ERR,ERR,ERR,ERR,ERR,ERR,ERR,ERR,ERR,ERR,ERR,ERR,ERR,ERR,ERR,ERR,ERR,0.0,0.0,0.0,0.0,0.0,1.3936040501711995e+18,7.805,0.0,0,0,4,0,8422,0.0,45,0.0,0.0,0.0,0.0,0.0,0,0,0,0,0.0,0,0,0,0,0,0,0,0,0,0,0,0,0,0,0,0,0,0,0,0,0,0,0,0,0,0,0,0,0,0,0,0,0,38,14,7,45,65476,0,300,0,0,8,21553,0.0,-107605600.0,0.0,0.0,0.0,0.0,0.0,0.0,0.0,0.0,0.0,0.0,0.0,0.0,0.0,0.0,0.0,0.0,0.0,0.0,0.0,0.0,0.0,2.004,-0.0,0.0,0.0,0.0,0.0,0.0,4980.0,-3.6971856938200465e+19,0.0,0.0,0.0,-107615280.0,2.718429300292151e+23,0.0,0.0,0.0,0.0,53,5.848083413016271e+35,-0.0,0.0,0.0,0.0,0.0,0.0,0.0,0.0,0,0,0,0.0,0.0,0.0,0.0,0.0,0.0,0.0,0.0,0.0,0.0,0.0,0.0,0.0,0.0,0.0,0.0,0,-107875648.0,53,0.0,106,-107614832.0,0.0,ERR,ERR,ERR,ERR,ERR,ERR,ERR,ERR,ERR,ERR,ERR,ERR,ERR,ERR,ERR,ERR,ERR,ERR,ERR,ERR,ERR,ERR,ERR,ERR,ERR,ERR,ERR,ERR,ERR,ERR,ERR,ERR,ERR,ERR,ERR,ERR,ERR,ERR,ERR,ERR,ERR,ERR,ERR,ERR,ERR,ERR,ERR,ERR,ERR,ERR,ERR,ERR,ERR,ERR,ERR,ERR,ERR,ERR,ERR,ERR,ERR,ERR,ERR,ERR,ERR,ERR,ERR,50.0,60.0,100,0.0,0.0,0.0,0.0,0.0,0.0,0.0,0.0,0.0,0.0,0.0,0.0,0.0,0.0,0.0,0.0,62.0,74,14,65512,50,65476,0,300,0,0,8,20529,65476,0,0,26214,60.0,0.0,0.0,0.0,0.0,0.0
2026-05-17T18:24:40,ERR,ERR,ERR,ERR,ERR,ERR,ERR,ERR,ERR,ERR,ERR,ERR,ERR,ERR,ERR,ERR,ERR,ERR,ERR,ERR,ERR,ERR,ERR,ERR,ERR,ERR,ERR,ERR,ERR,ERR,ERR,ERR,ERR,ERR,ERR,ERR,ERR,ERR,ERR,ERR,ERR,ERR,ERR,ERR,ERR,ERR,ERR,ERR,ERR,ERR,ERR,ERR,ERR,ERR,ERR,ERR,ERR,ERR,ERR,ERR,ERR,ERR,ERR,ERR,ERR,ERR,ERR,ERR,ERR,ERR,ERR,ERR,ERR,ERR,ERR,ERR,ERR,ERR,ERR,ERR,ERR,ERR,ERR,ERR,ERR,ERR,ERR,ERR,ERR,ERR,ERR,ERR,ERR,ERR,ERR,ERR,ERR,ERR,ERR,ERR,ERR,ERR,ERR,ERR,ERR,ERR,ERR,ERR,ERR,ERR,ERR,ERR,ERR,ERR,ERR,ERR,ERR,ERR,ERR,ERR,ERR,ERR,ERR,ERR,ERR,0.0,0.0,0.0,0.0,0.0,1.3936040501711995e+18,7.805,0.0,0,0,4,0,8422,0.0,45,0.0,0.0,0.0,0.0,0.0,0,0,0,0,0.0,0,0,0,0,0,0,0,0,0,0,0,0,0,0,0,0,0,0,0,0,0,0,0,0,0,0,0,0,0,0,0,0,0,38,14,7,45,65476,0,300,0,0,8,21553,0.0,-107605600.0,0.0,0.0,0.0,0.0,0.0,0.0,0.0,0.0,0.0,0.0,0.0,0.0,0.0,0.0,0.0,0.0,0.0,0.0,0.0,0.0,0.0,2.004,-0.0,0.0,0.0,0.0,0.0,0.0,4983.0,-2.4229876163019057e+24,0.0,0.0,-107615296.0,-107615280.0,2.718429300292151e+23,0.0,0.0,0.0,0.0,53,-0.0,-0.0,0.0,0.0,0.0,0.0,0.0,0.0,0.0,0,0,0,0.0,0.0,0.0,0.0,0.0,0.0,0.0,0.0,0.0,0.0,0.0,0.0,0.0,0.0,0.0,0.0,0,-107875648.0,53,0.0,106,-107614832.0,0.0,ERR,ERR,ERR,ERR,ERR,ERR,ERR,ERR,ERR,ERR,ERR,ERR,ERR,ERR,ERR,ERR,ERR,ERR,ERR,ERR,ERR,ERR,ERR,ERR,ERR,ERR,ERR,ERR,ERR,ERR,ERR,ERR,ERR,ERR,ERR,ERR,ERR,ERR,ERR,ERR,ERR,ERR,ERR,ERR,ERR,ERR,ERR,ERR,ERR,ERR,ERR,ERR,ERR,ERR,ERR,ERR,ERR,ERR,ERR,ERR,ERR,ERR,ERR,ERR,ERR,ERR,ERR,50.0,60.0,100,0.0,0.0,0.0,0.0,0.0,0.0,0.0,0.0,0.0,0.0,0.0,0.0,0.0,0.0,0.0,0.0,62.0,74,14,65512,50,65476,0,300,0,0,8,20529,65476,0,0,26214,60.0,0.0,0.0,0.0,0.0,0.0
2026-05-17T18:24:41,ERR,ERR,ERR,ERR,ERR,ERR,ERR,ERR,ERR,ERR,ERR,ERR,ERR,ERR,ERR,ERR,ERR,ERR,ERR,ERR,ERR,ERR,ERR,ERR,ERR,ERR,ERR,ERR,ERR,ERR,ERR,ERR,ERR,ERR,ERR,ERR,ERR,ERR,ERR,ERR,ERR,ERR,ERR,ERR,ERR,ERR,ERR,ERR,ERR,ERR,ERR,ERR,ERR,ERR,ERR,ERR,ERR,ERR,ERR,ERR,ERR,ERR,ERR,ERR,ERR,ERR,ERR,ERR,ERR,ERR,ERR,ERR,ERR,ERR,ERR,ERR,ERR,ERR,ERR,ERR,ERR,ERR,ERR,ERR,ERR,ERR,ERR,ERR,ERR,ERR,ERR,ERR,ERR,ERR,ERR,ERR,ERR,ERR,ERR,ERR,ERR,ERR,ERR,ERR,ERR,ERR,ERR,ERR,ERR,ERR,ERR,ERR,ERR,ERR,ERR,ERR,ERR,ERR,ERR,ERR,ERR,ERR,ERR,ERR,ERR,0.0,0.0,0.0,0.0,0.0,1.3936040501711995e+18,7.805,0.0,0,0,4,0,8422,0.0,45,0.0,0.0,0.0,0.0,0.0,0,0,0,0,0.0,0,0,0,0,0,0,0,0,0,0,0,0,0,0,0,0,0,0,0,0,0,0,0,0,0,0,0,0,0,0,0,0,0,38,14,7,45,65476,0,300,0,0,8,21553,0.0,-107605600.0,0.0,0.0,0.0,0.0,0.0,0.0,0.0,0.0,0.0,0.0,0.0,0.0,0.0,0.0,0.0,0.0,0.0,0.0,0.0,0.0,0.0,2.004,-0.0,0.0,0.0,0.0,0.0,0.0,4983.0,-2.4229876163019057e+24,0.0,0.0,-107615296.0,-107615280.0,2.718429300292151e+23,0.0,0.0,0.0,0.0,53,-0.0,-0.0,0.0,0.0,0.0,0.0,0.0,0.0,0.0,0,0,0,0.0,0.0,0.0,0.0,0.0,0.0,0.0,0.0,0.0,0.0,0.0,0.0,0.0,0.0,0.0,0.0,0,-107875648.0,53,0.0,106,-107614832.0,0.0,ERR,ERR,ERR,ERR,ERR,ERR,ERR,ERR,ERR,ERR,ERR,ERR,ERR,ERR,ERR,ERR,ERR,ERR,ERR,ERR,ERR,ERR,ERR,ERR,ERR,ERR,ERR,ERR,ERR,ERR,ERR,ERR,ERR,ERR,ERR,ERR,ERR,ERR,ERR,ERR,ERR,ERR,ERR,ERR,ERR,ERR,ERR,ERR,ERR,ERR,ERR,ERR,ERR,ERR,ERR,ERR,ERR,ERR,ERR,ERR,ERR,ERR,ERR,ERR,ERR,ERR,ERR,50.0,60.0,100,0.0,0.0,0.0,0.0,0.0,0.0,0.0,0.0,0.0,0.0,0.0,0.0,0.0,0.0,0.0,0.0,61.6,74,14,65512,50,65476,0,300,0,0,8,20529,65476,0,0,26214,60.0,0.0,0.0,0.0,0.0,0.0
2026-05-17T18:24:42,ERR,ERR,ERR,ERR,ERR,ERR,ERR,ERR,ERR,ERR,ERR,ERR,ERR,ERR,ERR,ERR,ERR,ERR,ERR,ERR,ERR,ERR,ERR,ERR,ERR,ERR,ERR,ERR,ERR,ERR,ERR,ERR,ERR,ERR,ERR,ERR,ERR,ERR,ERR,ERR,ERR,ERR,ERR,ERR,ERR,ERR,ERR,ERR,ERR,ERR,ERR,ERR,ERR,ERR,ERR,ERR,ERR,ERR,ERR,ERR,ERR,ERR,ERR,ERR,ERR,ERR,ERR,ERR,ERR,ERR,ERR,ERR,ERR,ERR,ERR,ERR,ERR,ERR,ERR,ERR,ERR,ERR,ERR,ERR,ERR,ERR,ERR,ERR,ERR,ERR,ERR,ERR,ERR,ERR,ERR,ERR,ERR,ERR,ERR,ERR,ERR,ERR,ERR,ERR,ERR,ERR,ERR,ERR,ERR,ERR,ERR,ERR,ERR,ERR,ERR,ERR,ERR,ERR,ERR,ERR,ERR,ERR,ERR,ERR,ERR,0.0,0.0,0.0,0.0,0.0,1.3936040501711995e+18,7.805,0.0,0,0,4,0,8422,0.0,45,0.0,0.0,0.0,0.0,0.0,0,0,0,0,0.0,0,0,0,0,0,0,0,0,0,0,0,0,0,0,0,0,0,0,0,0,0,0,0,0,0,0,0,0,0,0,0,0,0,38,14,7,45,65476,0,300,0,0,8,21553,0.0,-107605600.0,0.0,0.0,0.0,0.0,0.0,0.0,0.0,0.0,0.0,0.0,0.0,0.0,0.0,0.0,0.0,0.0,0.0,0.0,0.0,0.0,0.0,2.004,-0.0,0.0,0.0,0.0,0.0,0.0,4983.0,-2.4229876163019057e+24,0.0,0.0,-107615296.0,-107615280.0,2.718429300292151e+23,0.0,0.0,0.0,0.0,53,-0.0,-0.0,0.0,0.0,0.0,0.0,0.0,0.0,0.0,0,0,0,0.0,0.0,0.0,0.0,0.0,0.0,0.0,0.0,0.0,0.0,0.0,0.0,0.0,0.0,0.0,0.0,0,-107875648.0,53,0.0,106,-107614832.0,0.0,ERR,ERR,ERR,ERR,ERR,ERR,ERR,ERR,ERR,ERR,ERR,ERR,ERR,ERR,ERR,ERR,ERR,ERR,ERR,ERR,ERR,ERR,ERR,ERR,ERR,ERR,ERR,ERR,ERR,ERR,ERR,ERR,ERR,ERR,ERR,ERR,ERR,ERR,ERR,ERR,ERR,ERR,ERR,ERR,ERR,ERR,ERR,ERR,ERR,ERR,ERR,ERR,ERR,ERR,ERR,ERR,ERR,ERR,ERR,ERR,ERR,ERR,ERR,ERR,ERR,ERR,ERR,50.0,60.0,100,0.0,0.0,0.0,0.0,0.0,0.0,0.0,0.0,0.0,0.0,0.0,0.0,0.0,0.0,0.0,0.0,61.6,74,14,65512,50,65476,0,300,0,0,8,20529,65476,0,0,26214,60.0,0.0,0.0,0.0,0.0,0.0
2026-05-17T18:24:43,ERR,ERR,ERR,ERR,ERR,ERR,ERR,ERR,ERR,ERR,ERR,ERR,ERR,ERR,ERR,ERR,ERR,ERR,ERR,ERR,ERR,ERR,ERR,ERR,ERR,ERR,ERR,ERR,ERR,ERR,ERR,ERR,ERR,ERR,ERR,ERR,ERR,ERR,ERR,ERR,ERR,ERR,ERR,ERR,ERR,ERR,ERR,ERR,ERR,ERR,ERR,ERR,ERR,ERR,ERR,ERR,ERR,ERR,ERR,ERR,ERR,ERR,ERR,ERR,ERR,ERR,ERR,ERR,ERR,ERR,ERR,ERR,ERR,ERR,ERR,ERR,ERR,ERR,ERR,ERR,ERR,ERR,ERR,ERR,ERR,ERR,ERR,ERR,ERR,ERR,ERR,ERR,ERR,ERR,ERR,ERR,ERR,ERR,ERR,ERR,ERR,ERR,ERR,ERR,ERR,ERR,ERR,ERR,ERR,ERR,ERR,ERR,ERR,ERR,ERR,ERR,ERR,ERR,ERR,ERR,ERR,ERR,ERR,ERR,ERR,0.0,0.0,0.0,0.0,0.0,1.3936040501711995e+18,7.805,0.0,0,0,4,0,8422,0.0,45,0.0,0.0,0.0,0.0,0.0,0,0,0,0,0.0,0,0,0,0,0,0,0,0,0,0,0,0,0,0,0,0,0,0,0,0,0,0,0,0,0,0,0,0,0,0,0,0,0,38,14,7,45,65476,0,300,0,0,8,21553,0.0,-107605600.0,0.0,0.0,0.0,0.0,0.0,0.0,0.0,0.0,0.0,0.0,0.0,0.0,0.0,0.0,0.0,0.0,0.0,0.0,0.0,0.0,0.0,2.004,-0.0,0.0,0.0,0.0,0.0,0.0,4983.0,-2.4229876163019057e+24,0.0,0.0,-107615296.0,-107615280.0,2.718429300292151e+23,0.0,0.0,0.0,0.0,53,-0.0,-0.0,0.0,0.0,0.0,0.0,0.0,0.0,0.0,0,0,0,0.0,0.0,0.0,0.0,0.0,0.0,0.0,0.0,0.0,0.0,0.0,0.0,0.0,0.0,0.0,0.0,0,-107875648.0,53,0.0,106,-107614832.0,0.0,ERR,ERR,ERR,ERR,ERR,ERR,ERR,ERR,ERR,ERR,ERR,ERR,ERR,ERR,ERR,ERR,ERR,ERR,ERR,ERR,ERR,ERR,ERR,ERR,ERR,ERR,ERR,ERR,ERR,ERR,ERR,ERR,ERR,ERR,ERR,ERR,ERR,ERR,ERR,ERR,ERR,ERR,ERR,ERR,ERR,ERR,ERR,ERR,ERR,ERR,ERR,ERR,ERR,ERR,ERR,ERR,ERR,ERR,ERR,ERR,ERR,ERR,ERR,ERR,ERR,ERR,ERR,50.0,60.0,100,0.0,0.0,0.0,0.0,0.0,0.0,0.0,0.0,0.0,0.0,0.0,0.0,0.0,0.0,0.0,0.0,62.0,74,14,65512,50,65476,0,300,0,0,8,20529,65476,0,0,26214,60.0,0.0,0.0,0.0,0.0,0.0
2026-05-17T18:24:44,ERR,ERR,ERR,ERR,ERR,ERR,ERR,ERR,ERR,ERR,ERR,ERR,ERR,ERR,ERR,ERR,ERR,ERR,ERR,ERR,ERR,ERR,ERR,ERR,ERR,ERR,ERR,ERR,ERR,ERR,ERR,ERR,ERR,ERR,ERR,ERR,ERR,ERR,ERR,ERR,ERR,ERR,ERR,ERR,ERR,ERR,ERR,ERR,ERR,ERR,ERR,ERR,ERR,ERR,ERR,ERR,ERR,ERR,ERR,ERR,ERR,ERR,ERR,ERR,ERR,ERR,ERR,ERR,ERR,ERR,ERR,ERR,ERR,ERR,ERR,ERR,ERR,ERR,ERR,ERR,ERR,ERR,ERR,ERR,ERR,ERR,ERR,ERR,ERR,ERR,ERR,ERR,ERR,ERR,ERR,ERR,ERR,ERR,ERR,ERR,ERR,ERR,ERR,ERR,ERR,ERR,ERR,ERR,ERR,ERR,ERR,ERR,ERR,ERR,ERR,ERR,ERR,ERR,ERR,ERR,ERR,ERR,ERR,ERR,ERR,0.0,0.0,0.0,0.0,0.0,1.3936040501711995e+18,7.805,0.0,0,0,4,0,8422,0.0,45,0.0,0.0,0.0,0.0,0.0,0,0,0,0,0.0,0,0,0,0,0,0,0,0,0,0,0,0,0,0,0,0,0,0,0,0,0,0,0,0,0,0,0,0,0,0,0,0,0,38,14,7,45,65476,0,300,0,0,8,21553,0.0,-107605600.0,0.0,0.0,0.0,0.0,0.0,0.0,0.0,0.0,0.0,0.0,0.0,0.0,0.0,0.0,0.0,0.0,0.0,0.0,0.0,0.0,0.0,2.004,-0.0,0.0,0.0,0.0,0.0,0.0,4983.0,-2.4229876163019057e+24,0.0,0.0,-107615296.0,-107615280.0,2.718429300292151e+23,0.0,0.0,0.0,0.0,53,-0.0,-0.0,0.0,0.0,0.0,0.0,0.0,0.0,0.0,0,0,0,0.0,0.0,0.0,0.0,0.0,0.0,0.0,0.0,0.0,0.0,0.0,0.0,0.0,0.0,0.0,0.0,0,-107875648.0,53,0.0,106,-107614832.0,0.0,ERR,ERR,ERR,ERR,ERR,ERR,ERR,ERR,ERR,ERR,ERR,ERR,ERR,ERR,ERR,ERR,ERR,ERR,ERR,ERR,ERR,ERR,ERR,ERR,ERR,ERR,ERR,ERR,ERR,ERR,ERR,ERR,ERR,ERR,ERR,ERR,ERR,ERR,ERR,ERR,ERR,ERR,ERR,ERR,ERR,ERR,ERR,ERR,ERR,ERR,ERR,ERR,ERR,ERR,ERR,ERR,ERR,ERR,ERR,ERR,ERR,ERR,ERR,ERR,ERR,ERR,ERR,50.0,60.0,100,0.0,0.0,0.0,0.0,0.0,0.0,0.0,0.0,0.0,0.0,0.0,0.0,0.0,0.0,0.0,0.0,62.0,74,14,65512,50,65476,0,300,0,0,8,20529,65476,0,0,26214,60.0,0.0,0.0,0.0,0.0,0.0
2026-05-17T18:24:45,ERR,ERR,ERR,ERR,ERR,ERR,ERR,ERR,ERR,ERR,ERR,ERR,ERR,ERR,ERR,ERR,ERR,ERR,ERR,ERR,ERR,ERR,ERR,ERR,ERR,ERR,ERR,ERR,ERR,ERR,ERR,ERR,ERR,ERR,ERR,ERR,ERR,ERR,ERR,ERR,ERR,ERR,ERR,ERR,ERR,ERR,ERR,ERR,ERR,ERR,ERR,ERR,ERR,ERR,ERR,ERR,ERR,ERR,ERR,ERR,ERR,ERR,ERR,ERR,ERR,ERR,ERR,ERR,ERR,ERR,ERR,ERR,ERR,ERR,ERR,ERR,ERR,ERR,ERR,ERR,ERR,ERR,ERR,ERR,ERR,ERR,ERR,ERR,ERR,ERR,ERR,ERR,ERR,ERR,ERR,ERR,ERR,ERR,ERR,ERR,ERR,ERR,ERR,ERR,ERR,ERR,ERR,ERR,ERR,ERR,ERR,ERR,ERR,ERR,ERR,ERR,ERR,ERR,ERR,ERR,ERR,ERR,ERR,ERR,ERR,0.0,0.0,0.0,0.0,0.0,1.3936040501711995e+18,7.805,0.0,0,0,4,0,8422,0.0,45,0.0,0.0,0.0,0.0,0.0,0,0,0,0,0.0,0,0,0,0,0,0,0,0,0,0,0,0,0,0,0,0,0,0,0,0,0,0,0,0,0,0,0,0,0,0,0,0,0,38,14,7,45,65476,0,300,0,0,8,21553,0.0,-107605600.0,0.0,0.0,0.0,0.0,0.0,0.0,0.0,0.0,0.0,0.0,0.0,0.0,0.0,0.0,0.0,0.0,0.0,0.0,0.0,0.0,0.0,2.004,-0.0,0.0,0.0,0.0,0.0,0.0,4984.0,-2.4229876163019057e+24,0.0,0.0,-107615296.0,-107615280.0,2.718429300292151e+23,0.0,0.0,0.0,0.0,53,-0.0,-0.0,0.0,0.0,0.0,0.0,0.0,0.0,0.0,0,0,0,0.0,0.0,0.0,0.0,0.0,0.0,0.0,0.0,0.0,0.0,0.0,0.0,0.0,0.0,0.0,0.0,0,-107875648.0,53,0.0,106,-107614832.0,0.0,ERR,ERR,ERR,ERR,ERR,ERR,ERR,ERR,ERR,ERR,ERR,ERR,ERR,ERR,ERR,ERR,ERR,ERR,ERR,ERR,ERR,ERR,ERR,ERR,ERR,ERR,ERR,ERR,ERR,ERR,ERR,ERR,ERR,ERR,ERR,ERR,ERR,ERR,ERR,ERR,ERR,ERR,ERR,ERR,ERR,ERR,ERR,ERR,ERR,ERR,ERR,ERR,ERR,ERR,ERR,ERR,ERR,ERR,ERR,ERR,ERR,ERR,ERR,ERR,ERR,ERR,ERR,50.0,60.0,100,0.0,0.0,0.0,0.0,0.0,0.0,0.0,0.0,0.0,0.0,0.0,0.0,0.0,0.0,0.0,0.0,62.0,74,14,65512,50,65476,0,300,0,0,8,20529,65476,0,0,26214,60.0,0.0,0.0,0.0,0.0,0.0
2026-05-17T18:24:46,ERR,ERR,ERR,ERR,ERR,ERR,ERR,ERR,ERR,ERR,ERR,ERR,ERR,ERR,ERR,ERR,ERR,ERR,ERR,ERR,ERR,ERR,ERR,ERR,ERR,ERR,ERR,ERR,ERR,ERR,ERR,ERR,ERR,ERR,ERR,ERR,ERR,ERR,ERR,ERR,ERR,ERR,ERR,ERR,ERR,ERR,ERR,ERR,ERR,ERR,ERR,ERR,ERR,ERR,ERR,ERR,ERR,ERR,ERR,ERR,ERR,ERR,ERR,ERR,ERR,ERR,ERR,ERR,ERR,ERR,ERR,ERR,ERR,ERR,ERR,ERR,ERR,ERR,ERR,ERR,ERR,ERR,ERR,ERR,ERR,ERR,ERR,ERR,ERR,ERR,ERR,ERR,ERR,ERR,ERR,ERR,ERR,ERR,ERR,ERR,ERR,ERR,ERR,ERR,ERR,ERR,ERR,ERR,ERR,ERR,ERR,ERR,ERR,ERR,ERR,ERR,ERR,ERR,ERR,ERR,ERR,ERR,ERR,ERR,ERR,0.0,0.0,0.0,0.0,0.0,1.3936040501711995e+18,7.805,0.0,0,0,4,0,8422,0.0,45,0.0,0.0,0.0,0.0,0.0,0,0,0,0,0.0,0,0,0,0,0,0,0,0,0,0,0,0,0,0,0,0,0,0,0,0,0,0,0,0,0,0,0,0,0,0,0,0,0,38,14,7,45,65476,0,300,0,0,8,21553,0.0,-107605600.0,0.0,0.0,0.0,0.0,0.0,0.0,0.0,0.0,0.0,0.0,0.0,0.0,0.0,0.0,0.0,0.0,0.0,0.0,0.0,0.0,0.0,2.004,-0.0,0.0,0.0,0.0,0.0,0.0,4984.0,-2.4229876163019057e+24,0.0,0.0,-107615296.0,-107615280.0,2.718429300292151e+23,0.0,0.0,0.0,0.0,53,-0.0,-0.0,0.0,0.0,0.0,0.0,0.0,0.0,0.0,0,0,0,0.0,0.0,0.0,0.0,0.0,0.0,0.0,0.0,0.0,0.0,0.0,0.0,0.0,0.0,0.0,0.0,0,-107875648.0,53,0.0,106,-107614832.0,0.0,ERR,ERR,ERR,ERR,ERR,ERR,ERR,ERR,ERR,ERR,ERR,ERR,ERR,ERR,ERR,ERR,ERR,ERR,ERR,ERR,ERR,ERR,ERR,ERR,ERR,ERR,ERR,ERR,ERR,ERR,ERR,ERR,ERR,ERR,ERR,ERR,ERR,ERR,ERR,ERR,ERR,ERR,ERR,ERR,ERR,ERR,ERR,ERR,ERR,ERR,ERR,ERR,ERR,ERR,ERR,ERR,ERR,ERR,ERR,ERR,ERR,ERR,ERR,ERR,ERR,ERR,ERR,50.0,60.0,100,0.0,0.0,0.0,0.0,0.0,0.0,0.0,0.0,0.0,0.0,0.0,0.0,0.0,0.0,0.0,0.0,61.6,74,14,65512,50,65476,0,300,0,0,8,20529,65476,0,0,26214,60.0,0.0,0.0,0.0,0.0,0.0
2026-05-17T18:24:47,ERR,ERR,ERR,ERR,ERR,ERR,ERR,ERR,ERR,ERR,ERR,ERR,ERR,ERR,ERR,ERR,ERR,ERR,ERR,ERR,ERR,ERR,ERR,ERR,ERR,ERR,ERR,ERR,ERR,ERR,ERR,ERR,ERR,ERR,ERR,ERR,ERR,ERR,ERR,ERR,ERR,ERR,ERR,ERR,ERR,ERR,ERR,ERR,ERR,ERR,ERR,ERR,ERR,ERR,ERR,ERR,ERR,ERR,ERR,ERR,ERR,ERR,ERR,ERR,ERR,ERR,ERR,ERR,ERR,ERR,ERR,ERR,ERR,ERR,ERR,ERR,ERR,ERR,ERR,ERR,ERR,ERR,ERR,ERR,ERR,ERR,ERR,ERR,ERR,ERR,ERR,ERR,ERR,ERR,ERR,ERR,ERR,ERR,ERR,ERR,ERR,ERR,ERR,ERR,ERR,ERR,ERR,ERR,ERR,ERR,ERR,ERR,ERR,ERR,ERR,ERR,ERR,ERR,ERR,ERR,ERR,ERR,ERR,ERR,ERR,0.0,0.0,0.0,0.0,0.0,1.3936040501711995e+18,7.805,0.0,0,0,4,0,8422,0.0,45,0.0,0.0,0.0,0.0,0.0,0,0,0,0,0.0,0,0,0,0,0,0,0,0,0,0,0,0,0,0,0,0,0,0,0,0,0,0,0,0,0,0,0,0,0,0,0,0,0,38,14,7,45,65476,0,300,0,0,8,21553,0.0,-107605600.0,0.0,0.0,0.0,0.0,0.0,0.0,0.0,0.0,0.0,0.0,0.0,0.0,0.0,0.0,0.0,0.0,0.0,0.0,0.0,0.0,0.0,2.004,-0.0,0.0,0.0,0.0,0.0,0.0,4984.0,-2.4229876163019057e+24,0.0,0.0,-107615296.0,-107615280.0,2.718429300292151e+23,0.0,0.0,0.0,0.0,53,-0.0,-0.0,0.0,0.0,0.0,0.0,0.0,0.0,0.0,0,0,0,0.0,0.0,0.0,0.0,0.0,0.0,0.0,0.0,0.0,0.0,0.0,0.0,0.0,0.0,0.0,0.0,0,-107875648.0,53,0.0,106,-107614832.0,0.0,ERR,ERR,ERR,ERR,ERR,ERR,ERR,ERR,ERR,ERR,ERR,ERR,ERR,ERR,ERR,ERR,ERR,ERR,ERR,ERR,ERR,ERR,ERR,ERR,ERR,ERR,ERR,ERR,ERR,ERR,ERR,ERR,ERR,ERR,ERR,ERR,ERR,ERR,ERR,ERR,ERR,ERR,ERR,ERR,ERR,ERR,ERR,ERR,ERR,ERR,ERR,ERR,ERR,ERR,ERR,ERR,ERR,ERR,ERR,ERR,ERR,ERR,ERR,ERR,ERR,ERR,ERR,50.0,60.0,100,0.0,0.0,0.0,0.0,0.0,0.0,0.0,0.0,0.0,0.0,0.0,0.0,0.0,0.0,0.0,0.0,61.6,74,14,65512,50,65476,0,300,0,0,8,20529,65476,0,0,26214,60.0,0.0,0.0,0.0,0.0,0.0
2026-05-17T18:24:48,ERR,ERR,ERR,ERR,ERR,ERR,ERR,ERR,ERR,ERR,ERR,ERR,ERR,ERR,ERR,ERR,ERR,ERR,ERR,ERR,ERR,ERR,ERR,ERR,ERR,ERR,ERR,ERR,ERR,ERR,ERR,ERR,ERR,ERR,ERR,ERR,ERR,ERR,ERR,ERR,ERR,ERR,ERR,ERR,ERR,ERR,ERR,ERR,ERR,ERR,ERR,ERR,ERR,ERR,ERR,ERR,ERR,ERR,ERR,ERR,ERR,ERR,ERR,ERR,ERR,ERR,ERR,ERR,ERR,ERR,ERR,ERR,ERR,ERR,ERR,ERR,ERR,ERR,ERR,ERR,ERR,ERR,ERR,ERR,ERR,ERR,ERR,ERR,ERR,ERR,ERR,ERR,ERR,ERR,ERR,ERR,ERR,ERR,ERR,ERR,ERR,ERR,ERR,ERR,ERR,ERR,ERR,ERR,ERR,ERR,ERR,ERR,ERR,ERR,ERR,ERR,ERR,ERR,ERR,ERR,ERR,ERR,ERR,ERR,ERR,0.0,0.0,0.0,0.0,0.0,1.3936040501711995e+18,7.805,0.0,0,0,4,0,8422,0.0,45,0.0,0.0,0.0,0.0,0.0,0,0,0,0,0.0,0,0,0,0,0,0,0,0,0,0,0,0,0,0,0,0,0,0,0,0,0,0,0,0,0,0,0,0,0,0,0,0,0,38,14,7,45,65476,0,300,0,0,8,21553,0.0,-107605600.0,0.0,0.0,0.0,0.0,0.0,0.0,0.0,0.0,0.0,0.0,0.0,0.0,0.0,0.0,0.0,0.0,0.0,0.0,0.0,0.0,0.0,2.004,-0.0,0.0,0.0,0.0,0.0,0.0,4984.0,-2.4229876163019057e+24,0.0,0.0,-107615296.0,-107615280.0,2.718429300292151e+23,0.0,0.0,0.0,0.0,53,-0.0,-0.0,0.0,0.0,0.0,0.0,0.0,0.0,0.0,0,0,0,0.0,0.0,0.0,0.0,0.0,0.0,0.0,0.0,0.0,0.0,0.0,0.0,0.0,0.0,0.0,0.0,0,-107875648.0,53,0.0,106,-107614832.0,0.0,ERR,ERR,ERR,ERR,ERR,ERR,ERR,ERR,ERR,ERR,ERR,ERR,ERR,ERR,ERR,ERR,ERR,ERR,ERR,ERR,ERR,ERR,ERR,ERR,ERR,ERR,ERR,ERR,ERR,ERR,ERR,ERR,ERR,ERR,ERR,ERR,ERR,ERR,ERR,ERR,ERR,ERR,ERR,ERR,ERR,ERR,ERR,ERR,ERR,ERR,ERR,ERR,ERR,ERR,ERR,ERR,ERR,ERR,ERR,ERR,ERR,ERR,ERR,ERR,ERR,ERR,ERR,50.0,60.0,100,0.0,0.0,0.0,0.0,0.0,0.0,0.0,0.0,0.0,0.0,0.0,0.0,0.0,0.0,0.0,0.0,61.6,74,14,65512,50,65476,0,300,0,0,8,20529,65476,0,0,26214,60.0,0.0,0.0,0.0,0.0,0.0
2026-05-17T18:24:49,ERR,ERR,ERR,ERR,ERR,ERR,ERR,ERR,ERR,ERR,ERR,ERR,ERR,ERR,ERR,ERR,ERR,ERR,ERR,ERR,ERR,ERR,ERR,ERR,ERR,ERR,ERR,ERR,ERR,ERR,ERR,ERR,ERR,ERR,ERR,ERR,ERR,ERR,ERR,ERR,ERR,ERR,ERR,ERR,ERR,ERR,ERR,ERR,ERR,ERR,ERR,ERR,ERR,ERR,ERR,ERR,ERR,ERR,ERR,ERR,ERR,ERR,ERR,ERR,ERR,ERR,ERR,ERR,ERR,ERR,ERR,ERR,ERR,ERR,ERR,ERR,ERR,ERR,ERR,ERR,ERR,ERR,ERR,ERR,ERR,ERR,ERR,ERR,ERR,ERR,ERR,ERR,ERR,ERR,ERR,ERR,ERR,ERR,ERR,ERR,ERR,ERR,ERR,ERR,ERR,ERR,ERR,ERR,ERR,ERR,ERR,ERR,ERR,ERR,ERR,ERR,ERR,ERR,ERR,ERR,ERR,ERR,ERR,ERR,ERR,0.0,0.0,0.0,0.0,0.0,1.3936040501711995e+18,7.805,0.0,0,0,4,0,8422,0.0,45,0.0,0.0,0.0,0.0,0.0,0,0,0,0,0.0,0,0,0,0,0,0,0,0,0,0,0,0,0,0,0,0,0,0,0,0,0,0,0,0,0,0,0,0,0,0,0,0,0,38,14,7,45,65476,0,300,0,0,8,21553,0.0,-107605600.0,0.0,0.0,0.0,0.0,0.0,0.0,0.0,0.0,0.0,0.0,0.0,0.0,0.0,0.0,0.0,0.0,0.0,0.0,0.0,0.0,0.0,2.004,-0.0,0.0,0.0,0.0,0.0,0.0,4984.0,-2.4229876163019057e+24,0.0,0.0,-107615296.0,-107615280.0,2.718429300292151e+23,0.0,0.0,0.0,0.0,53,-0.0,-0.0,0.0,0.0,0.0,0.0,0.0,0.0,0.0,0,0,0,0.0,0.0,0.0,0.0,0.0,0.0,0.0,0.0,0.0,0.0,0.0,0.0,0.0,0.0,0.0,0.0,0,-107875648.0,53,0.0,106,-107614832.0,0.0,ERR,ERR,ERR,ERR,ERR,ERR,ERR,ERR,ERR,ERR,ERR,ERR,ERR,ERR,ERR,ERR,ERR,ERR,ERR,ERR,ERR,ERR,ERR,ERR,ERR,ERR,ERR,ERR,ERR,ERR,ERR,ERR,ERR,ERR,ERR,ERR,ERR,ERR,ERR,ERR,ERR,ERR,ERR,ERR,ERR,ERR,ERR,ERR,ERR,ERR,ERR,ERR,ERR,ERR,ERR,ERR,ERR,ERR,ERR,ERR,ERR,ERR,ERR,ERR,ERR,ERR,ERR,50.0,60.0,100,0.0,0.0,0.0,0.0,0.0,0.0,0.0,0.0,0.0,0.0,0.0,0.0,0.0,0.0,0.0,0.0,61.6,74,14,65512,50,65476,0,300,0,0,8,20529,65476,0,0,26214,60.0,0.0,0.0,0.0,0.0,0.0
2026-05-17T18:24:50,ERR,ERR,ERR,ERR,ERR,ERR,ERR,ERR,ERR,ERR,ERR,ERR,ERR,ERR,ERR,ERR,ERR,ERR,ERR,ERR,ERR,ERR,ERR,ERR,ERR,ERR,ERR,ERR,ERR,ERR,ERR,ERR,ERR,ERR,ERR,ERR,ERR,ERR,ERR,ERR,ERR,ERR,ERR,ERR,ERR,ERR,ERR,ERR,ERR,ERR,ERR,ERR,ERR,ERR,ERR,ERR,ERR,ERR,ERR,ERR,ERR,ERR,ERR,ERR,ERR,ERR,ERR,ERR,ERR,ERR,ERR,ERR,ERR,ERR,ERR,ERR,ERR,ERR,ERR,ERR,ERR,ERR,ERR,ERR,ERR,ERR,ERR,ERR,ERR,ERR,ERR,ERR,ERR,ERR,ERR,ERR,ERR,ERR,ERR,ERR,ERR,ERR,ERR,ERR,ERR,ERR,ERR,ERR,ERR,ERR,ERR,ERR,ERR,ERR,ERR,ERR,ERR,ERR,ERR,ERR,ERR,ERR,ERR,ERR,ERR,0.0,0.0,0.0,0.0,0.0,1.3936040501711995e+18,7.805,0.0,0,0,4,0,8422,0.0,45,0.0,0.0,0.0,0.0,0.0,0,0,0,0,0.0,0,0,0,0,0,0,0,0,0,0,0,0,0,0,0,0,0,0,0,0,0,0,0,0,0,0,0,0,0,0,0,0,0,38,14,7,45,65476,0,300,0,0,8,21553,0.0,-107605600.0,0.0,0.0,0.0,0.0,0.0,0.0,0.0,0.0,0.0,0.0,0.0,0.0,-2.596148429267414e+33,0.0,0.0,0.0,0.0,0.0,0.0,0.0,0.0,2.004,-0.0,0.0,0.0,0.0,0.0,0.0,4985.0,-3.6971856938200465e+19,0.0,0.0,0.0,-107615280.0,2.718429300292151e+23,0.0,0.0,0.0,0.0,53,-0.0,-0.0,0.0,0.0,0.0,0.0,0.0,0.0,0.0,0,0,0,0.0,0.0,0.0,0.0,0.0,0.0,0.0,0.0,0.0,0.0,0.0,0.0,0.0,0.0,0.0,0.0,0,-107875648.0,53,0.0,106,-107614832.0,0.0,ERR,ERR,ERR,ERR,ERR,ERR,ERR,ERR,ERR,ERR,ERR,ERR,ERR,ERR,ERR,ERR,ERR,ERR,ERR,ERR,ERR,ERR,ERR,ERR,ERR,ERR,ERR,ERR,ERR,ERR,ERR,ERR,ERR,ERR,ERR,ERR,ERR,ERR,ERR,ERR,ERR,ERR,ERR,ERR,ERR,ERR,ERR,ERR,ERR,ERR,ERR,ERR,ERR,ERR,ERR,ERR,ERR,ERR,ERR,ERR,ERR,ERR,ERR,ERR,ERR,ERR,ERR,50.0,60.0,100,0.0,0.0,0.0,0.0,0.0,0.0,0.0,0.0,0.0,0.0,0.0,0.0,0.0,0.0,0.0,0.0,61.6,74,14,65512,50,65476,0,300,0,0,8,20529,65476,0,0,26214,60.0,0.0,0.0,0.0,0.0,0.0
2026-05-17T18:24:51,ERR,ERR,ERR,ERR,ERR,ERR,ERR,ERR,ERR,ERR,ERR,ERR,ERR,ERR,ERR,ERR,ERR,ERR,ERR,ERR,ERR,ERR,ERR,ERR,ERR,ERR,ERR,ERR,ERR,ERR,ERR,ERR,ERR,ERR,ERR,ERR,ERR,ERR,ERR,ERR,ERR,ERR,ERR,ERR,ERR,ERR,ERR,ERR,ERR,ERR,ERR,ERR,ERR,ERR,ERR,ERR,ERR,ERR,ERR,ERR,ERR,ERR,ERR,ERR,ERR,ERR,ERR,ERR,ERR,ERR,ERR,ERR,ERR,ERR,ERR,ERR,ERR,ERR,ERR,ERR,ERR,ERR,ERR,ERR,ERR,ERR,ERR,ERR,ERR,ERR,ERR,ERR,ERR,ERR,ERR,ERR,ERR,ERR,ERR,ERR,ERR,ERR,ERR,ERR,ERR,ERR,ERR,ERR,ERR,ERR,ERR,ERR,ERR,ERR,ERR,ERR,ERR,ERR,ERR,ERR,ERR,ERR,ERR,ERR,ERR,0.0,0.0,0.0,0.0,0.0,1.3936040501711995e+18,7.805,0.0,0,0,4,0,8422,0.0,45,0.0,0.0,0.0,0.0,0.0,0,0,0,0,0.0,0,0,0,0,0,0,0,0,0,0,0,0,0,0,0,0,0,0,0,0,0,0,0,0,0,0,0,0,0,0,0,0,0,38,14,7,45,65476,0,300,0,0,8,21553,0.0,-107605600.0,0.0,0.0,0.0,0.0,0.0,0.0,0.0,0.0,0.0,0.0,0.0,0.0,-2.596148429267414e+33,0.0,0.0,0.0,0.0,0.0,0.0,0.0,0.0,2.004,-0.0,0.0,0.0,0.0,0.0,0.0,4985.0,-3.6971856938200465e+19,0.0,0.0,0.0,-107615280.0,2.718429300292151e+23,0.0,0.0,0.0,0.0,53,-0.0,-0.0,0.0,0.0,0.0,0.0,0.0,0.0,0.0,0,0,0,0.0,0.0,0.0,0.0,0.0,0.0,0.0,0.0,0.0,0.0,0.0,0.0,0.0,0.0,0.0,0.0,0,-107875648.0,53,0.0,106,-107614832.0,0.0,ERR,ERR,ERR,ERR,ERR,ERR,ERR,ERR,ERR,ERR,ERR,ERR,ERR,ERR,ERR,ERR,ERR,ERR,ERR,ERR,ERR,ERR,ERR,ERR,ERR,ERR,ERR,ERR,ERR,ERR,ERR,ERR,ERR,ERR,ERR,ERR,ERR,ERR,ERR,ERR,ERR,ERR,ERR,ERR,ERR,ERR,ERR,ERR,ERR,ERR,ERR,ERR,ERR,ERR,ERR,ERR,ERR,ERR,ERR,ERR,ERR,ERR,ERR,ERR,ERR,ERR,ERR,50.0,60.0,100,0.0,0.0,0.0,0.0,0.0,0.0,0.0,0.0,0.0,0.0,0.0,0.0,0.0,0.0,0.0,0.0,61.6,74,14,65512,50,65476,0,300,0,0,8,20529,65476,0,0,26214,60.0,0.0,0.0,0.0,0.0,0.0
2026-05-17T18:24:52,ERR,ERR,ERR,ERR,ERR,ERR,ERR,ERR,ERR,ERR,ERR,ERR,ERR,ERR,ERR,ERR,ERR,ERR,ERR,ERR,ERR,ERR,ERR,ERR,ERR,ERR,ERR,ERR,ERR,ERR,ERR,ERR,ERR,ERR,ERR,ERR,ERR,ERR,ERR,ERR,ERR,ERR,ERR,ERR,ERR,ERR,ERR,ERR,ERR,ERR,ERR,ERR,ERR,ERR,ERR,ERR,ERR,ERR,ERR,ERR,ERR,ERR,ERR,ERR,ERR,ERR,ERR,ERR,ERR,ERR,ERR,ERR,ERR,ERR,ERR,ERR,ERR,ERR,ERR,ERR,ERR,ERR,ERR,ERR,ERR,ERR,ERR,ERR,ERR,ERR,ERR,ERR,ERR,ERR,ERR,ERR,ERR,ERR,ERR,ERR,ERR,ERR,ERR,ERR,ERR,ERR,ERR,ERR,ERR,ERR,ERR,ERR,ERR,ERR,ERR,ERR,ERR,ERR,ERR,ERR,ERR,ERR,ERR,ERR,ERR,0.0,0.0,0.0,0.0,0.0,1.3936040501711995e+18,7.805,0.0,0,0,4,0,8422,0.0,45,0.0,0.0,0.0,0.0,0.0,0,0,0,0,0.0,0,0,0,0,0,0,0,0,0,0,0,0,0,0,0,0,0,0,0,0,0,0,0,0,0,0,0,0,0,0,0,0,0,38,14,7,45,65476,0,300,0,0,8,21553,0.0,-107605600.0,0.0,0.0,0.0,0.0,0.0,0.0,0.0,0.0,0.0,0.0,0.0,0.0,-2.596148429267414e+33,0.0,0.0,0.0,0.0,0.0,0.0,0.0,0.0,2.004,-0.0,0.0,0.0,0.0,0.0,0.0,4985.0,-3.6971856938200465e+19,0.0,0.0,0.0,-107615280.0,2.718429300292151e+23,0.0,0.0,0.0,0.0,53,-0.0,-0.0,0.0,0.0,0.0,0.0,0.0,0.0,0.0,0,0,0,0.0,0.0,0.0,0.0,0.0,0.0,0.0,0.0,0.0,0.0,0.0,0.0,0.0,0.0,0.0,0.0,0,-107875648.0,53,0.0,106,-107614832.0,0.0,ERR,ERR,ERR,ERR,ERR,ERR,ERR,ERR,ERR,ERR,ERR,ERR,ERR,ERR,ERR,ERR,ERR,ERR,ERR,ERR,ERR,ERR,ERR,ERR,ERR,ERR,ERR,ERR,ERR,ERR,ERR,ERR,ERR,ERR,ERR,ERR,ERR,ERR,ERR,ERR,ERR,ERR,ERR,ERR,ERR,ERR,ERR,ERR,ERR,ERR,ERR,ERR,ERR,ERR,ERR,ERR,ERR,ERR,ERR,ERR,ERR,ERR,ERR,ERR,ERR,ERR,ERR,50.0,60.0,100,0.0,0.0,0.0,0.0,0.0,0.0,0.0,0.0,0.0,0.0,0.0,0.0,0.0,0.0,0.0,0.0,61.6,74,14,65512,50,65476,0,300,0,0,8,20529,65476,0,0,26214,60.0,0.0,0.0,0.0,0.0,0.0
2026-05-17T18:24:53,ERR,ERR,ERR,ERR,ERR,ERR,ERR,ERR,ERR,ERR,ERR,ERR,ERR,ERR,ERR,ERR,ERR,ERR,ERR,ERR,ERR,ERR,ERR,ERR,ERR,ERR,ERR,ERR,ERR,ERR,ERR,ERR,ERR,ERR,ERR,ERR,ERR,ERR,ERR,ERR,ERR,ERR,ERR,ERR,ERR,ERR,ERR,ERR,ERR,ERR,ERR,ERR,ERR,ERR,ERR,ERR,ERR,ERR,ERR,ERR,ERR,ERR,ERR,ERR,ERR,ERR,ERR,ERR,ERR,ERR,ERR,ERR,ERR,ERR,ERR,ERR,ERR,ERR,ERR,ERR,ERR,ERR,ERR,ERR,ERR,ERR,ERR,ERR,ERR,ERR,ERR,ERR,ERR,ERR,ERR,ERR,ERR,ERR,ERR,ERR,ERR,ERR,ERR,ERR,ERR,ERR,ERR,ERR,ERR,ERR,ERR,ERR,ERR,ERR,ERR,ERR,ERR,ERR,ERR,ERR,ERR,ERR,ERR,ERR,ERR,0.0,0.0,0.0,0.0,0.0,1.3936040501711995e+18,7.805,0.0,0,0,4,0,8422,0.0,45,0.0,0.0,0.0,0.0,0.0,0,0,0,0,0.0,0,0,0,0,0,0,0,0,0,0,0,0,0,0,0,0,0,0,0,0,0,0,0,0,0,0,0,0,0,0,0,0,0,38,14,7,45,65476,0,300,0,0,8,21553,0.0,-107605600.0,0.0,0.0,0.0,0.0,0.0,0.0,0.0,0.0,0.0,0.0,0.0,0.0,-2.596148429267414e+33,0.0,0.0,0.0,0.0,0.0,0.0,0.0,0.0,2.004,-0.0,0.0,0.0,0.0,0.0,0.0,4985.0,-3.6971856938200465e+19,0.0,0.0,0.0,-107615280.0,2.718429300292151e+23,0.0,0.0,0.0,0.0,53,-0.0,-0.0,0.0,0.0,0.0,0.0,0.0,0.0,0.0,0,0,0,0.0,0.0,0.0,0.0,0.0,0.0,0.0,0.0,0.0,0.0,0.0,0.0,0.0,0.0,0.0,0.0,0,-107875648.0,53,0.0,106,-107614832.0,0.0,ERR,ERR,ERR,ERR,ERR,ERR,ERR,ERR,ERR,ERR,ERR,ERR,ERR,ERR,ERR,ERR,ERR,ERR,ERR,ERR,ERR,ERR,ERR,ERR,ERR,ERR,ERR,ERR,ERR,ERR,ERR,ERR,ERR,ERR,ERR,ERR,ERR,ERR,ERR,ERR,ERR,ERR,ERR,ERR,ERR,ERR,ERR,ERR,ERR,ERR,ERR,ERR,ERR,ERR,ERR,ERR,ERR,ERR,ERR,ERR,ERR,ERR,ERR,ERR,ERR,ERR,ERR,50.0,60.0,100,0.0,0.0,0.0,0.0,0.0,0.0,0.0,0.0,0.0,0.0,0.0,0.0,0.0,0.0,0.0,0.0,61.6,74,14,65512,50,65476,0,300,0,0,8,20529,65476,0,0,26214,60.0,0.0,0.0,0.0,0.0,0.0
2026-05-17T18:24:54,ERR,ERR,ERR,ERR,ERR,ERR,ERR,ERR,ERR,ERR,ERR,ERR,ERR,ERR,ERR,ERR,ERR,ERR,ERR,ERR,ERR,ERR,ERR,ERR,ERR,ERR,ERR,ERR,ERR,ERR,ERR,ERR,ERR,ERR,ERR,ERR,ERR,ERR,ERR,ERR,ERR,ERR,ERR,ERR,ERR,ERR,ERR,ERR,ERR,ERR,ERR,ERR,ERR,ERR,ERR,ERR,ERR,ERR,ERR,ERR,ERR,ERR,ERR,ERR,ERR,ERR,ERR,ERR,ERR,ERR,ERR,ERR,ERR,ERR,ERR,ERR,ERR,ERR,ERR,ERR,ERR,ERR,ERR,ERR,ERR,ERR,ERR,ERR,ERR,ERR,ERR,ERR,ERR,ERR,ERR,ERR,ERR,ERR,ERR,ERR,ERR,ERR,ERR,ERR,ERR,ERR,ERR,ERR,ERR,ERR,ERR,ERR,ERR,ERR,ERR,ERR,ERR,ERR,ERR,ERR,ERR,ERR,ERR,ERR,ERR,0.0,0.0,0.0,0.0,0.0,1.3936040501711995e+18,7.805,0.0,0,0,4,0,8422,0.0,45,0.0,0.0,0.0,0.0,0.0,0,0,0,0,0.0,0,0,0,0,0,0,0,0,0,0,0,0,0,0,0,0,0,0,0,0,0,0,0,0,0,0,0,0,0,0,0,0,0,38,14,7,45,65476,0,300,0,0,8,21553,0.0,-107605600.0,0.0,0.0,0.0,0.0,0.0,0.0,0.0,0.0,0.0,0.0,0.0,0.0,-2.596148429267414e+33,0.0,0.0,0.0,0.0,0.0,0.0,0.0,0.0,2.004,-0.0,0.0,0.0,0.0,0.0,0.0,4985.0,-3.6971856938200465e+19,0.0,0.0,0.0,-107615280.0,2.718429300292151e+23,0.0,0.0,0.0,0.0,53,-0.0,-0.0,0.0,0.0,0.0,0.0,0.0,0.0,0.0,0,0,0,0.0,0.0,0.0,0.0,0.0,0.0,0.0,0.0,0.0,0.0,0.0,0.0,0.0,0.0,0.0,0.0,0,-107875648.0,53,0.0,106,-107614832.0,0.0,ERR,ERR,ERR,ERR,ERR,ERR,ERR,ERR,ERR,ERR,ERR,ERR,ERR,ERR,ERR,ERR,ERR,ERR,ERR,ERR,ERR,ERR,ERR,ERR,ERR,ERR,ERR,ERR,ERR,ERR,ERR,ERR,ERR,ERR,ERR,ERR,ERR,ERR,ERR,ERR,ERR,ERR,ERR,ERR,ERR,ERR,ERR,ERR,ERR,ERR,ERR,ERR,ERR,ERR,ERR,ERR,ERR,ERR,ERR,ERR,ERR,ERR,ERR,ERR,ERR,ERR,ERR,50.0,60.0,100,0.0,0.0,0.0,0.0,0.0,0.0,0.0,0.0,0.0,0.0,0.0,0.0,0.0,0.0,0.0,0.0,61.6,74,14,65512,50,65476,0,300,0,0,8,20529,65476,0,0,26214,60.0,0.0,0.0,0.0,0.0,0.0
2026-05-17T18:24:55,ERR,ERR,ERR,ERR,ERR,ERR,ERR,ERR,ERR,ERR,ERR,ERR,ERR,ERR,ERR,ERR,ERR,ERR,ERR,ERR,ERR,ERR,ERR,ERR,ERR,ERR,ERR,ERR,ERR,ERR,ERR,ERR,ERR,ERR,ERR,ERR,ERR,ERR,ERR,ERR,ERR,ERR,ERR,ERR,ERR,ERR,ERR,ERR,ERR,ERR,ERR,ERR,ERR,ERR,ERR,ERR,ERR,ERR,ERR,ERR,ERR,ERR,ERR,ERR,ERR,ERR,ERR,ERR,ERR,ERR,ERR,ERR,ERR,ERR,ERR,ERR,ERR,ERR,ERR,ERR,ERR,ERR,ERR,ERR,ERR,ERR,ERR,ERR,ERR,ERR,ERR,ERR,ERR,ERR,ERR,ERR,ERR,ERR,ERR,ERR,ERR,ERR,ERR,ERR,ERR,ERR,ERR,ERR,ERR,ERR,ERR,ERR,ERR,ERR,ERR,ERR,ERR,ERR,ERR,ERR,ERR,ERR,ERR,ERR,ERR,0.0,0.0,0.0,0.0,0.0,1.3936040501711995e+18,7.805,0.0,0,0,4,0,8422,0.0,45,0.0,0.0,0.0,0.0,0.0,0,0,0,0,0.0,0,0,0,0,0,0,0,0,0,0,0,0,0,0,0,0,0,0,0,0,0,0,0,0,0,0,0,0,0,0,0,0,0,38,14,7,45,65476,0,300,0,0,8,21553,0.0,-107605600.0,0.0,0.0,0.0,0.0,0.0,0.0,0.0,0.0,0.0,0.0,0.0,0.0,-2.596148429267414e+33,0.0,0.0,0.0,0.0,0.0,0.0,0.0,0.0,2.004,-0.0,0.0,0.0,0.0,0.0,0.0,4985.0,-3.6971856938200465e+19,0.0,0.0,0.0,-107615280.0,2.718429300292151e+23,0.0,0.0,0.0,0.0,53,-0.0,-0.0,0.0,0.0,0.0,0.0,0.0,0.0,0.0,0,0,0,0.0,0.0,0.0,0.0,0.0,0.0,0.0,0.0,0.0,0.0,0.0,0.0,0.0,0.0,0.0,0.0,0,-107875648.0,53,0.0,106,-107614832.0,0.0,ERR,ERR,ERR,ERR,ERR,ERR,ERR,ERR,ERR,ERR,ERR,ERR,ERR,ERR,ERR,ERR,ERR,ERR,ERR,ERR,ERR,ERR,ERR,ERR,ERR,ERR,ERR,ERR,ERR,ERR,ERR,ERR,ERR,ERR,ERR,ERR,ERR,ERR,ERR,ERR,ERR,ERR,ERR,ERR,ERR,ERR,ERR,ERR,ERR,ERR,ERR,ERR,ERR,ERR,ERR,ERR,ERR,ERR,ERR,ERR,ERR,ERR,ERR,ERR,ERR,ERR,ERR,50.0,60.0,100,0.0,0.0,0.0,0.0,0.0,0.0,0.0,0.0,0.0,0.0,0.0,0.0,0.0,0.0,0.0,0.0,61.6,74,14,65512,50,65476,0,300,0,0,8,20529,65476,0,0,26214,60.0,0.0,0.0,0.0,0.0,0.0
2026-05-17T18:24:56,ERR,ERR,ERR,ERR,ERR,ERR,ERR,ERR,ERR,ERR,ERR,ERR,ERR,ERR,ERR,ERR,ERR,ERR,ERR,ERR,ERR,ERR,ERR,ERR,ERR,ERR,ERR,ERR,ERR,ERR,ERR,ERR,ERR,ERR,ERR,ERR,ERR,ERR,ERR,ERR,ERR,ERR,ERR,ERR,ERR,ERR,ERR,ERR,ERR,ERR,ERR,ERR,ERR,ERR,ERR,ERR,ERR,ERR,ERR,ERR,ERR,ERR,ERR,ERR,ERR,ERR,ERR,ERR,ERR,ERR,ERR,ERR,ERR,ERR,ERR,ERR,ERR,ERR,ERR,ERR,ERR,ERR,ERR,ERR,ERR,ERR,ERR,ERR,ERR,ERR,ERR,ERR,ERR,ERR,ERR,ERR,ERR,ERR,ERR,ERR,ERR,ERR,ERR,ERR,ERR,ERR,ERR,ERR,ERR,ERR,ERR,ERR,ERR,ERR,ERR,ERR,ERR,ERR,ERR,ERR,ERR,ERR,ERR,ERR,ERR,0.0,0.0,0.0,0.0,0.0,1.3936040501711995e+18,7.805,0.0,0,0,4,0,8422,0.0,45,0.0,0.0,0.0,0.0,0.0,0,0,0,0,0.0,0,0,0,0,0,0,0,0,0,0,0,0,0,0,0,0,0,0,0,0,0,0,0,0,0,0,0,0,0,0,0,0,0,38,14,7,45,65476,0,300,0,0,8,21553,0.0,-107605600.0,0.0,0.0,0.0,0.0,0.0,0.0,0.0,0.0,0.0,0.0,0.0,0.0,0.0,0.0,0.0,0.0,0.0,0.0,0.0,0.0,0.0,0.0,-0.0,0.0,0.0,0.0,0.0,0.0,4986.0,-1.0406652570629681e+34,0.0,0.0,0.0,-107615280.0,2.718429300292151e+23,0.0,0.0,0.0,0.0,53,-0.0,-0.0,0.0,0.0,0.0,0.0,0.0,0.0,0.0,0,0,0,0.0,0.0,0.0,0.0,0.0,0.0,0.0,0.0,0.0,0.0,0.0,0.0,0.0,0.0,0.0,0.0,0,-107875648.0,53,0.0,106,-107614832.0,0.0,ERR,ERR,ERR,ERR,ERR,ERR,ERR,ERR,ERR,ERR,ERR,ERR,ERR,ERR,ERR,ERR,ERR,ERR,ERR,ERR,ERR,ERR,ERR,ERR,ERR,ERR,ERR,ERR,ERR,ERR,ERR,ERR,ERR,ERR,ERR,ERR,ERR,ERR,ERR,ERR,ERR,ERR,ERR,ERR,ERR,ERR,ERR,ERR,ERR,ERR,ERR,ERR,ERR,ERR,ERR,ERR,ERR,ERR,ERR,ERR,ERR,ERR,ERR,ERR,ERR,ERR,ERR,50.0,60.0,100,0.0,0.0,0.0,0.0,0.0,0.0,0.0,0.0,0.0,0.0,0.0,0.0,0.0,0.0,0.0,0.0,61.6,74,14,65512,50,65476,0,300,0,0,8,20529,65476,0,0,26214,60.0,0.0,0.0,0.0,0.0,0.0
2026-05-17T18:24:57,ERR,ERR,ERR,ERR,ERR,ERR,ERR,ERR,ERR,ERR,ERR,ERR,ERR,ERR,ERR,ERR,ERR,ERR,ERR,ERR,ERR,ERR,ERR,ERR,ERR,ERR,ERR,ERR,ERR,ERR,ERR,ERR,ERR,ERR,ERR,ERR,ERR,ERR,ERR,ERR,ERR,ERR,ERR,ERR,ERR,ERR,ERR,ERR,ERR,ERR,ERR,ERR,ERR,ERR,ERR,ERR,ERR,ERR,ERR,ERR,ERR,ERR,ERR,ERR,ERR,ERR,ERR,ERR,ERR,ERR,ERR,ERR,ERR,ERR,ERR,ERR,ERR,ERR,ERR,ERR,ERR,ERR,ERR,ERR,ERR,ERR,ERR,ERR,ERR,ERR,ERR,ERR,ERR,ERR,ERR,ERR,ERR,ERR,ERR,ERR,ERR,ERR,ERR,ERR,ERR,ERR,ERR,ERR,ERR,ERR,ERR,ERR,ERR,ERR,ERR,ERR,ERR,ERR,ERR,ERR,ERR,ERR,ERR,ERR,ERR,0.0,0.0,0.0,0.0,0.0,1.3936040501711995e+18,7.805,0.0,0,0,4,0,8422,0.0,45,0.0,0.0,0.0,0.0,0.0,0,0,0,0,0.0,0,0,0,0,0,0,0,0,0,0,0,0,0,0,0,0,0,0,0,0,0,0,0,0,0,0,0,0,0,0,0,0,0,38,14,7,45,65476,0,300,0,0,8,21553,0.0,-107605600.0,0.0,0.0,0.0,0.0,0.0,0.0,0.0,0.0,0.0,0.0,0.0,0.0,0.0,0.0,0.0,0.0,0.0,0.0,0.0,0.0,0.0,0.0,-0.0,0.0,0.0,0.0,0.0,0.0,4986.0,-1.0406652570629681e+34,0.0,0.0,0.0,-107615280.0,2.718429300292151e+23,0.0,0.0,0.0,0.0,53,-0.0,-0.0,0.0,0.0,0.0,0.0,0.0,0.0,0.0,0,0,0,0.0,0.0,0.0,0.0,0.0,0.0,0.0,0.0,0.0,0.0,0.0,0.0,0.0,0.0,0.0,0.0,0,-107875648.0,53,0.0,106,-107614832.0,0.0,ERR,ERR,ERR,ERR,ERR,ERR,ERR,ERR,ERR,ERR,ERR,ERR,ERR,ERR,ERR,ERR,ERR,ERR,ERR,ERR,ERR,ERR,ERR,ERR,ERR,ERR,ERR,ERR,ERR,ERR,ERR,ERR,ERR,ERR,ERR,ERR,ERR,ERR,ERR,ERR,ERR,ERR,ERR,ERR,ERR,ERR,ERR,ERR,ERR,ERR,ERR,ERR,ERR,ERR,ERR,ERR,ERR,ERR,ERR,ERR,ERR,ERR,ERR,ERR,ERR,ERR,ERR,50.0,60.0,100,0.0,0.0,0.0,0.0,0.0,0.0,0.0,0.0,0.0,0.0,0.0,0.0,0.0,0.0,0.0,0.0,61.6,74,14,65512,50,65476,0,300,0,0,8,20529,65476,0,0,26214,60.0,0.0,0.0,0.0,0.0,0.0
2026-05-17T18:24:58,ERR,ERR,ERR,ERR,ERR,ERR,ERR,ERR,ERR,ERR,ERR,ERR,ERR,ERR,ERR,ERR,ERR,ERR,ERR,ERR,ERR,ERR,ERR,ERR,ERR,ERR,ERR,ERR,ERR,ERR,ERR,ERR,ERR,ERR,ERR,ERR,ERR,ERR,ERR,ERR,ERR,ERR,ERR,ERR,ERR,ERR,ERR,ERR,ERR,ERR,ERR,ERR,ERR,ERR,ERR,ERR,ERR,ERR,ERR,ERR,ERR,ERR,ERR,ERR,ERR,ERR,ERR,ERR,ERR,ERR,ERR,ERR,ERR,ERR,ERR,ERR,ERR,ERR,ERR,ERR,ERR,ERR,ERR,ERR,ERR,ERR,ERR,ERR,ERR,ERR,ERR,ERR,ERR,ERR,ERR,ERR,ERR,ERR,ERR,ERR,ERR,ERR,ERR,ERR,ERR,ERR,ERR,ERR,ERR,ERR,ERR,ERR,ERR,ERR,ERR,ERR,ERR,ERR,ERR,ERR,ERR,ERR,ERR,ERR,ERR,0.0,0.0,0.0,0.0,0.0,1.3936040501711995e+18,7.805,0.0,0,0,4,0,8422,0.0,45,0.0,0.0,0.0,0.0,0.0,0,0,0,0,0.0,0,0,0,0,0,0,0,0,0,0,0,0,0,0,0,0,0,0,0,0,0,0,0,0,0,0,0,0,0,0,0,0,0,38,14,7,45,65476,0,300,0,0,8,21553,0.0,-107605600.0,0.0,0.0,0.0,0.0,0.0,0.0,0.0,0.0,0.0,0.0,0.0,0.0,0.0,0.0,0.0,0.0,0.0,0.0,0.0,0.0,0.0,0.0,-0.0,0.0,0.0,0.0,0.0,0.0,4986.0,-1.0406652570629681e+34,0.0,0.0,0.0,-107615280.0,2.718429300292151e+23,0.0,0.0,0.0,0.0,53,-0.0,-0.0,0.0,0.0,0.0,0.0,0.0,0.0,0.0,0,0,0,0.0,0.0,0.0,0.0,0.0,0.0,0.0,0.0,0.0,0.0,0.0,0.0,0.0,0.0,0.0,0.0,0,-107875648.0,53,0.0,106,-107614832.0,0.0,ERR,ERR,ERR,ERR,ERR,ERR,ERR,ERR,ERR,ERR,ERR,ERR,ERR,ERR,ERR,ERR,ERR,ERR,ERR,ERR,ERR,ERR,ERR,ERR,ERR,ERR,ERR,ERR,ERR,ERR,ERR,ERR,ERR,ERR,ERR,ERR,ERR,ERR,ERR,ERR,ERR,ERR,ERR,ERR,ERR,ERR,ERR,ERR,ERR,ERR,ERR,ERR,ERR,ERR,ERR,ERR,ERR,ERR,ERR,ERR,ERR,ERR,ERR,ERR,ERR,ERR,ERR,50.0,60.0,100,0.0,0.0,0.0,0.0,0.0,0.0,0.0,0.0,0.0,0.0,0.0,0.0,0.0,0.0,0.0,0.0,61.6,74,14,65512,50,65476,0,300,0,0,8,20529,65476,0,0,26214,60.0,0.0,0.0,0.0,0.0,0.0
2026-05-17T18:24:59,ERR,ERR,ERR,ERR,ERR,ERR,ERR,ERR,ERR,ERR,ERR,ERR,ERR,ERR,ERR,ERR,ERR,ERR,ERR,ERR,ERR,ERR,ERR,ERR,ERR,ERR,ERR,ERR,ERR,ERR,ERR,ERR,ERR,ERR,ERR,ERR,ERR,ERR,ERR,ERR,ERR,ERR,ERR,ERR,ERR,ERR,ERR,ERR,ERR,ERR,ERR,ERR,ERR,ERR,ERR,ERR,ERR,ERR,ERR,ERR,ERR,ERR,ERR,ERR,ERR,ERR,ERR,ERR,ERR,ERR,ERR,ERR,ERR,ERR,ERR,ERR,ERR,ERR,ERR,ERR,ERR,ERR,ERR,ERR,ERR,ERR,ERR,ERR,ERR,ERR,ERR,ERR,ERR,ERR,ERR,ERR,ERR,ERR,ERR,ERR,ERR,ERR,ERR,ERR,ERR,ERR,ERR,ERR,ERR,ERR,ERR,ERR,ERR,ERR,ERR,ERR,ERR,ERR,ERR,ERR,ERR,ERR,ERR,ERR,ERR,0.0,0.0,0.0,0.0,0.0,1.3936040501711995e+18,7.805,0.0,0,0,4,0,8422,0.0,45,0.0,0.0,0.0,0.0,0.0,0,0,0,0,0.0,0,0,0,0,0,0,0,0,0,0,0,0,0,0,0,0,0,0,0,0,0,0,0,0,0,0,0,0,0,0,0,0,0,38,14,7,45,65476,0,300,0,0,8,21553,0.0,-107605600.0,0.0,0.0,0.0,0.0,0.0,0.0,0.0,0.0,0.0,0.0,0.0,0.0,0.0,0.0,0.0,0.0,0.0,0.0,0.0,0.0,0.0,0.0,-0.0,0.0,0.0,0.0,0.0,0.0,4986.0,-1.0406652570629681e+34,0.0,0.0,0.0,-107615280.0,2.718429300292151e+23,0.0,0.0,0.0,0.0,53,-0.0,-0.0,0.0,0.0,0.0,0.0,0.0,0.0,0.0,0,0,0,0.0,0.0,0.0,0.0,0.0,0.0,0.0,0.0,0.0,0.0,0.0,0.0,0.0,0.0,0.0,0.0,0,-107875648.0,53,0.0,106,-107614832.0,0.0,ERR,ERR,ERR,ERR,ERR,ERR,ERR,ERR,ERR,ERR,ERR,ERR,ERR,ERR,ERR,ERR,ERR,ERR,ERR,ERR,ERR,ERR,ERR,ERR,ERR,ERR,ERR,ERR,ERR,ERR,ERR,ERR,ERR,ERR,ERR,ERR,ERR,ERR,ERR,ERR,ERR,ERR,ERR,ERR,ERR,ERR,ERR,ERR,ERR,ERR,ERR,ERR,ERR,ERR,ERR,ERR,ERR,ERR,ERR,ERR,ERR,ERR,ERR,ERR,ERR,ERR,ERR,50.0,60.0,100,0.0,0.0,0.0,0.0,0.0,0.0,0.0,0.0,0.0,0.0,0.0,0.0,0.0,0.0,0.0,0.0,61.6,74,14,65512,50,65476,0,300,0,0,8,20529,65476,0,0,26214,60.0,0.0,0.0,0.0,0.0,0.0
2026-05-17T18:25:00,ERR,ERR,ERR,ERR,ERR,ERR,ERR,ERR,ERR,ERR,ERR,ERR,ERR,ERR,ERR,ERR,ERR,ERR,ERR,ERR,ERR,ERR,ERR,ERR,ERR,ERR,ERR,ERR,ERR,ERR,ERR,ERR,ERR,ERR,ERR,ERR,ERR,ERR,ERR,ERR,ERR,ERR,ERR,ERR,ERR,ERR,ERR,ERR,ERR,ERR,ERR,ERR,ERR,ERR,ERR,ERR,ERR,ERR,ERR,ERR,ERR,ERR,ERR,ERR,ERR,ERR,ERR,ERR,ERR,ERR,ERR,ERR,ERR,ERR,ERR,ERR,ERR,ERR,ERR,ERR,ERR,ERR,ERR,ERR,ERR,ERR,ERR,ERR,ERR,ERR,ERR,ERR,ERR,ERR,ERR,ERR,ERR,ERR,ERR,ERR,ERR,ERR,ERR,ERR,ERR,ERR,ERR,ERR,ERR,ERR,ERR,ERR,ERR,ERR,ERR,ERR,ERR,ERR,ERR,ERR,ERR,ERR,ERR,ERR,ERR,0.0,0.0,0.0,0.0,0.0,1.3936040501711995e+18,7.805,0.0,0,0,4,0,8422,0.0,45,0.0,0.0,0.0,0.0,0.0,0,0,0,0,0.0,0,0,0,0,0,0,0,0,0,0,0,0,0,0,0,0,0,0,0,0,0,0,0,0,0,0,0,0,0,0,0,0,0,38,14,7,45,65476,0,300,0,0,8,21553,0.0,-107605600.0,0.0,0.0,0.0,0.0,0.0,0.0,0.0,0.0,0.0,0.0,0.0,0.0,0.0,0.0,0.0,0.0,0.0,0.0,0.0,0.0,0.0,0.0,-0.0,0.0,0.0,0.0,0.0,0.0,4986.0,-1.0406652570629681e+34,0.0,0.0,0.0,-107615280.0,2.718429300292151e+23,0.0,0.0,0.0,0.0,53,-0.0,-0.0,0.0,0.0,0.0,0.0,0.0,0.0,0.0,0,0,0,0.0,0.0,0.0,0.0,0.0,0.0,0.0,0.0,0.0,0.0,0.0,0.0,0.0,0.0,0.0,0.0,0,-107875648.0,53,0.0,106,-107614832.0,0.0,ERR,ERR,ERR,ERR,ERR,ERR,ERR,ERR,ERR,ERR,ERR,ERR,ERR,ERR,ERR,ERR,ERR,ERR,ERR,ERR,ERR,ERR,ERR,ERR,ERR,ERR,ERR,ERR,ERR,ERR,ERR,ERR,ERR,ERR,ERR,ERR,ERR,ERR,ERR,ERR,ERR,ERR,ERR,ERR,ERR,ERR,ERR,ERR,ERR,ERR,ERR,ERR,ERR,ERR,ERR,ERR,ERR,ERR,ERR,ERR,ERR,ERR,ERR,ERR,ERR,ERR,ERR,50.0,60.0,100,0.0,0.0,0.0,0.0,0.0,0.0,0.0,0.0,0.0,0.0,0.0,0.0,0.0,0.0,0.0,0.0,61.6,74,14,65512,50,65476,0,300,0,0,8,20529,65476,0,0,26214,60.0,0.0,0.0,0.0,0.0,0.0
2026-05-17T18:25:01,ERR,ERR,ERR,ERR,ERR,ERR,ERR,ERR,ERR,ERR,ERR,ERR,ERR,ERR,ERR,ERR,ERR,ERR,ERR,ERR,ERR,ERR,ERR,ERR,ERR,ERR,ERR,ERR,ERR,ERR,ERR,ERR,ERR,ERR,ERR,ERR,ERR,ERR,ERR,ERR,ERR,ERR,ERR,ERR,ERR,ERR,ERR,ERR,ERR,ERR,ERR,ERR,ERR,ERR,ERR,ERR,ERR,ERR,ERR,ERR,ERR,ERR,ERR,ERR,ERR,ERR,ERR,ERR,ERR,ERR,ERR,ERR,ERR,ERR,ERR,ERR,ERR,ERR,ERR,ERR,ERR,ERR,ERR,ERR,ERR,ERR,ERR,ERR,ERR,ERR,ERR,ERR,ERR,ERR,ERR,ERR,ERR,ERR,ERR,ERR,ERR,ERR,ERR,ERR,ERR,ERR,ERR,ERR,ERR,ERR,ERR,ERR,ERR,ERR,ERR,ERR,ERR,ERR,ERR,ERR,ERR,ERR,ERR,ERR,ERR,0.0,-107615296.0,-134474944.0,0.0,0.0,1.3936040501711995e+18,7.805,0.0,0,0,4,0,8422,0.0,45,0.0,0.0,0.0,0.0,0.0,0,0,0,0,0.0,0,0,0,0,0,0,0,0,0,0,0,0,0,0,0,0,0,0,0,0,0,0,0,0,0,0,0,0,0,0,0,0,0,38,14,7,45,65476,0,300,0,0,8,21553,0.0,-107605600.0,0.0,0.0,0.0,0.0,0.0,0.0,0.0,0.0,0.0,0.0,0.0,0.0,0.0,0.0,0.0,0.0,0.0,0.0,0.0,0.0,0.0,0.0,-0.0,0.0,0.0,0.0,0.0,0.0,4985.0,-0.0,0.0,0.0,0.0,-107615280.0,2.718429300292151e+23,0.0,0.0,0.0,0.0,53,-0.0,126840528896.0,0.0,0.0,0.0,0.0,0.0,0.0,0.0,0,0,0,0.0,0.0,0.0,0.0,0.0,0.0,0.0,0.0,0.0,0.0,0.0,0.0,0.0,0.0,0.0,0.0,0,-107875648.0,53,0.0,106,-107614832.0,0.0,ERR,ERR,ERR,ERR,ERR,ERR,ERR,ERR,ERR,ERR,ERR,ERR,ERR,ERR,ERR,ERR,ERR,ERR,ERR,ERR,ERR,ERR,ERR,ERR,ERR,ERR,ERR,ERR,ERR,ERR,ERR,ERR,ERR,ERR,ERR,ERR,ERR,ERR,ERR,ERR,ERR,ERR,ERR,ERR,ERR,ERR,ERR,ERR,ERR,ERR,ERR,ERR,ERR,ERR,ERR,ERR,ERR,ERR,ERR,ERR,ERR,ERR,ERR,ERR,ERR,ERR,ERR,50.0,60.0,100,0.0,0.0,0.0,0.0,0.0,0.0,0.0,0.0,0.0,0.0,0.0,0.0,0.0,0.0,0.0,0.0,61.6,74,14,65512,50,65476,0,300,0,0,8,20529,65476,0,0,26214,60.0,0.0,0.0,0.0,0.0,0.0
2026-05-17T18:25:02,ERR,ERR,ERR,ERR,ERR,ERR,ERR,ERR,ERR,ERR,ERR,ERR,ERR,ERR,ERR,ERR,ERR,ERR,ERR,ERR,ERR,ERR,ERR,ERR,ERR,ERR,ERR,ERR,ERR,ERR,ERR,ERR,ERR,ERR,ERR,ERR,ERR,ERR,ERR,ERR,ERR,ERR,ERR,ERR,ERR,ERR,ERR,ERR,ERR,ERR,ERR,ERR,ERR,ERR,ERR,ERR,ERR,ERR,ERR,ERR,ERR,ERR,ERR,ERR,ERR,ERR,ERR,ERR,ERR,ERR,ERR,ERR,ERR,ERR,ERR,ERR,ERR,ERR,ERR,ERR,ERR,ERR,ERR,ERR,ERR,ERR,ERR,ERR,ERR,ERR,ERR,ERR,ERR,ERR,ERR,ERR,ERR,ERR,ERR,ERR,ERR,ERR,ERR,ERR,ERR,ERR,ERR,ERR,ERR,ERR,ERR,ERR,ERR,ERR,ERR,ERR,ERR,ERR,ERR,ERR,ERR,ERR,ERR,ERR,ERR,0.0,-107615296.0,-134474944.0,0.0,0.0,1.3936040501711995e+18,7.805,0.0,0,0,4,0,8422,0.0,45,0.0,0.0,0.0,0.0,0.0,0,0,0,0,0.0,0,0,0,0,0,0,0,0,0,0,0,0,0,0,0,0,0,0,0,0,0,0,0,0,0,0,0,0,0,0,0,0,0,38,14,7,45,65476,0,300,0,0,8,21553,0.0,-107605600.0,0.0,0.0,0.0,0.0,0.0,0.0,0.0,0.0,0.0,0.0,0.0,0.0,0.0,0.0,0.0,0.0,0.0,0.0,0.0,0.0,0.0,0.0,-0.0,0.0,0.0,0.0,0.0,0.0,4985.0,-0.0,0.0,0.0,0.0,-107615280.0,2.718429300292151e+23,0.0,0.0,0.0,0.0,53,-0.0,126840528896.0,0.0,0.0,0.0,0.0,0.0,0.0,0.0,0,0,0,0.0,0.0,0.0,0.0,0.0,0.0,0.0,0.0,0.0,0.0,0.0,0.0,0.0,0.0,0.0,0.0,0,-107875648.0,53,0.0,106,-107614832.0,0.0,ERR,ERR,ERR,ERR,ERR,ERR,ERR,ERR,ERR,ERR,ERR,ERR,ERR,ERR,ERR,ERR,ERR,ERR,ERR,ERR,ERR,ERR,ERR,ERR,ERR,ERR,ERR,ERR,ERR,ERR,ERR,ERR,ERR,ERR,ERR,ERR,ERR,ERR,ERR,ERR,ERR,ERR,ERR,ERR,ERR,ERR,ERR,ERR,ERR,ERR,ERR,ERR,ERR,ERR,ERR,ERR,ERR,ERR,ERR,ERR,ERR,ERR,ERR,ERR,ERR,ERR,ERR,50.0,60.0,100,0.0,0.0,0.0,0.0,0.0,0.0,0.0,0.0,0.0,0.0,0.0,0.0,0.0,0.0,0.0,0.0,62.0,74,14,65512,50,65476,0,300,0,0,8,20529,65476,0,0,26214,60.0,0.0,0.0,0.0,0.0,0.0
2026-05-17T18:25:03,ERR,ERR,ERR,ERR,ERR,ERR,ERR,ERR,ERR,ERR,ERR,ERR,ERR,ERR,ERR,ERR,ERR,ERR,ERR,ERR,ERR,ERR,ERR,ERR,ERR,ERR,ERR,ERR,ERR,ERR,ERR,ERR,ERR,ERR,ERR,ERR,ERR,ERR,ERR,ERR,ERR,ERR,ERR,ERR,ERR,ERR,ERR,ERR,ERR,ERR,ERR,ERR,ERR,ERR,ERR,ERR,ERR,ERR,ERR,ERR,ERR,ERR,ERR,ERR,ERR,ERR,ERR,ERR,ERR,ERR,ERR,ERR,ERR,ERR,ERR,ERR,ERR,ERR,ERR,ERR,ERR,ERR,ERR,ERR,ERR,ERR,ERR,ERR,ERR,ERR,ERR,ERR,ERR,ERR,ERR,ERR,ERR,ERR,ERR,ERR,ERR,ERR,ERR,ERR,ERR,ERR,ERR,ERR,ERR,ERR,ERR,ERR,ERR,ERR,ERR,ERR,ERR,ERR,ERR,ERR,ERR,ERR,ERR,ERR,ERR,0.0,-107615296.0,-134474944.0,0.0,0.0,1.3936040501711995e+18,7.805,0.0,0,0,4,0,8422,0.0,45,0.0,0.0,0.0,0.0,0.0,0,0,0,0,0.0,0,0,0,0,0,0,0,0,0,0,0,0,0,0,0,0,0,0,0,0,0,0,0,0,0,0,0,0,0,0,0,0,0,38,14,7,45,65476,0,300,0,0,8,21553,0.0,-107605600.0,0.0,0.0,0.0,0.0,0.0,0.0,0.0,0.0,0.0,0.0,0.0,0.0,0.0,0.0,0.0,0.0,0.0,0.0,0.0,0.0,0.0,0.0,-0.0,0.0,0.0,0.0,0.0,0.0,4985.0,-0.0,0.0,0.0,0.0,-107615280.0,2.718429300292151e+23,0.0,0.0,0.0,0.0,53,-0.0,126840528896.0,0.0,0.0,0.0,0.0,0.0,0.0,0.0,0,0,0,0.0,0.0,0.0,0.0,0.0,0.0,0.0,0.0,0.0,0.0,0.0,0.0,0.0,0.0,0.0,0.0,0,-107875648.0,53,0.0,106,-107614832.0,0.0,ERR,ERR,ERR,ERR,ERR,ERR,ERR,ERR,ERR,ERR,ERR,ERR,ERR,ERR,ERR,ERR,ERR,ERR,ERR,ERR,ERR,ERR,ERR,ERR,ERR,ERR,ERR,ERR,ERR,ERR,ERR,ERR,ERR,ERR,ERR,ERR,ERR,ERR,ERR,ERR,ERR,ERR,ERR,ERR,ERR,ERR,ERR,ERR,ERR,ERR,ERR,ERR,ERR,ERR,ERR,ERR,ERR,ERR,ERR,ERR,ERR,ERR,ERR,ERR,ERR,ERR,ERR,50.0,60.0,100,0.0,0.0,0.0,0.0,0.0,0.0,0.0,0.0,0.0,0.0,0.0,0.0,0.0,0.0,0.0,0.0,62.0,74,14,65512,50,65476,0,300,0,0,8,20529,65476,0,0,26214,60.0,0.0,0.0,0.0,0.0,0.0
2026-05-17T18:25:04,ERR,ERR,ERR,ERR,ERR,ERR,ERR,ERR,ERR,ERR,ERR,ERR,ERR,ERR,ERR,ERR,ERR,ERR,ERR,ERR,ERR,ERR,ERR,ERR,ERR,ERR,ERR,ERR,ERR,ERR,ERR,ERR,ERR,ERR,ERR,ERR,ERR,ERR,ERR,ERR,ERR,ERR,ERR,ERR,ERR,ERR,ERR,ERR,ERR,ERR,ERR,ERR,ERR,ERR,ERR,ERR,ERR,ERR,ERR,ERR,ERR,ERR,ERR,ERR,ERR,ERR,ERR,ERR,ERR,ERR,ERR,ERR,ERR,ERR,ERR,ERR,ERR,ERR,ERR,ERR,ERR,ERR,ERR,ERR,ERR,ERR,ERR,ERR,ERR,ERR,ERR,ERR,ERR,ERR,ERR,ERR,ERR,ERR,ERR,ERR,ERR,ERR,ERR,ERR,ERR,ERR,ERR,ERR,ERR,ERR,ERR,ERR,ERR,ERR,ERR,ERR,ERR,ERR,ERR,ERR,ERR,ERR,ERR,ERR,ERR,0.0,-107615296.0,-134474944.0,0.0,0.0,1.3936040501711995e+18,7.805,0.0,0,0,4,0,8422,0.0,45,0.0,0.0,0.0,0.0,0.0,0,0,0,0,0.0,0,0,0,0,0,0,0,0,0,0,0,0,0,0,0,0,0,0,0,0,0,0,0,0,0,0,0,0,0,0,0,0,0,38,14,7,45,65476,0,300,0,0,8,21553,0.0,-107605600.0,0.0,0.0,0.0,0.0,0.0,0.0,0.0,0.0,0.0,0.0,0.0,0.0,0.0,0.0,0.0,0.0,0.0,0.0,0.0,0.0,0.0,0.0,-0.0,0.0,0.0,0.0,0.0,0.0,4985.0,-0.0,0.0,0.0,0.0,-107615280.0,2.718429300292151e+23,0.0,0.0,0.0,0.0,53,-0.0,126840528896.0,0.0,0.0,0.0,0.0,0.0,0.0,0.0,0,0,0,0.0,0.0,0.0,0.0,0.0,0.0,0.0,0.0,0.0,0.0,0.0,0.0,0.0,0.0,0.0,0.0,0,-107875648.0,53,0.0,106,-107614832.0,0.0,ERR,ERR,ERR,ERR,ERR,ERR,ERR,ERR,ERR,ERR,ERR,ERR,ERR,ERR,ERR,ERR,ERR,ERR,ERR,ERR,ERR,ERR,ERR,ERR,ERR,ERR,ERR,ERR,ERR,ERR,ERR,ERR,ERR,ERR,ERR,ERR,ERR,ERR,ERR,ERR,ERR,ERR,ERR,ERR,ERR,ERR,ERR,ERR,ERR,ERR,ERR,ERR,ERR,ERR,ERR,ERR,ERR,ERR,ERR,ERR,ERR,ERR,ERR,ERR,ERR,ERR,ERR,50.0,60.0,100,0.0,0.0,0.0,0.0,0.0,0.0,0.0,0.0,0.0,0.0,0.0,0.0,0.0,0.0,0.0,0.0,61.6,74,14,65512,50,65476,0,300,0,0,8,20529,65476,0,0,26214,60.0,0.0,0.0,0.0,0.0,0.0
2026-05-17T18:25:05,ERR,ERR,ERR,ERR,ERR,ERR,ERR,ERR,ERR,ERR,ERR,ERR,ERR,ERR,ERR,ERR,ERR,ERR,ERR,ERR,ERR,ERR,ERR,ERR,ERR,ERR,ERR,ERR,ERR,ERR,ERR,ERR,ERR,ERR,ERR,ERR,ERR,ERR,ERR,ERR,ERR,ERR,ERR,ERR,ERR,ERR,ERR,ERR,ERR,ERR,ERR,ERR,ERR,ERR,ERR,ERR,ERR,ERR,ERR,ERR,ERR,ERR,ERR,ERR,ERR,ERR,ERR,ERR,ERR,ERR,ERR,ERR,ERR,ERR,ERR,ERR,ERR,ERR,ERR,ERR,ERR,ERR,ERR,ERR,ERR,ERR,ERR,ERR,ERR,ERR,ERR,ERR,ERR,ERR,ERR,ERR,ERR,ERR,ERR,ERR,ERR,ERR,ERR,ERR,ERR,ERR,ERR,ERR,ERR,ERR,ERR,ERR,ERR,ERR,ERR,ERR,ERR,ERR,ERR,ERR,ERR,ERR,ERR,ERR,ERR,0.0,-107615296.0,-134474944.0,0.0,0.0,1.3936040501711995e+18,7.805,0.0,0,0,4,0,8422,0.0,45,0.0,0.0,0.0,0.0,0.0,0,0,0,0,0.0,0,0,0,0,0,0,0,0,0,0,0,0,0,0,0,0,0,0,0,0,0,0,0,0,0,0,0,0,0,0,0,0,0,38,14,7,45,65476,0,300,0,0,8,21553,0.0,-107605600.0,0.0,0.0,0.0,0.0,0.0,0.0,0.0,0.0,0.0,0.0,0.0,0.0,0.0,0.0,0.0,0.0,0.0,0.0,0.0,0.0,0.0,0.0,-0.0,0.0,0.0,0.0,0.0,0.0,4985.0,-0.0,0.0,0.0,0.0,-107615280.0,2.718429300292151e+23,0.0,0.0,0.0,0.0,53,-0.0,126840528896.0,0.0,0.0,0.0,0.0,0.0,0.0,0.0,0,0,0,0.0,0.0,0.0,0.0,0.0,0.0,0.0,0.0,0.0,0.0,0.0,0.0,0.0,0.0,0.0,0.0,0,-107875648.0,53,0.0,106,-107614832.0,0.0,ERR,ERR,ERR,ERR,ERR,ERR,ERR,ERR,ERR,ERR,ERR,ERR,ERR,ERR,ERR,ERR,ERR,ERR,ERR,ERR,ERR,ERR,ERR,ERR,ERR,ERR,ERR,ERR,ERR,ERR,ERR,ERR,ERR,ERR,ERR,ERR,ERR,ERR,ERR,ERR,ERR,ERR,ERR,ERR,ERR,ERR,ERR,ERR,ERR,ERR,ERR,ERR,ERR,ERR,ERR,ERR,ERR,ERR,ERR,ERR,ERR,ERR,ERR,ERR,ERR,ERR,ERR,50.0,60.0,100,0.0,0.0,0.0,0.0,0.0,0.0,0.0,0.0,0.0,0.0,0.0,0.0,0.0,0.0,0.0,0.0,61.6,74,14,65512,50,65476,0,300,0,0,8,20529,65476,0,0,26214,60.0,0.0,0.0,0.0,0.0,0.0
2026-05-17T18:25:06,ERR,ERR,ERR,ERR,ERR,ERR,ERR,ERR,ERR,ERR,ERR,ERR,ERR,ERR,ERR,ERR,ERR,ERR,ERR,ERR,ERR,ERR,ERR,ERR,ERR,ERR,ERR,ERR,ERR,ERR,ERR,ERR,ERR,ERR,ERR,ERR,ERR,ERR,ERR,ERR,ERR,ERR,ERR,ERR,ERR,ERR,ERR,ERR,ERR,ERR,ERR,ERR,ERR,ERR,ERR,ERR,ERR,ERR,ERR,ERR,ERR,ERR,ERR,ERR,ERR,ERR,ERR,ERR,ERR,ERR,ERR,ERR,ERR,ERR,ERR,ERR,ERR,ERR,ERR,ERR,ERR,ERR,ERR,ERR,ERR,ERR,ERR,ERR,ERR,ERR,ERR,ERR,ERR,ERR,ERR,ERR,ERR,ERR,ERR,ERR,ERR,ERR,ERR,ERR,ERR,ERR,ERR,ERR,ERR,ERR,ERR,ERR,ERR,ERR,ERR,ERR,ERR,ERR,ERR,ERR,ERR,ERR,ERR,ERR,ERR,0.0,-107615296.0,-134474944.0,0.0,0.0,1.3936040501711995e+18,7.805,0.0,0,0,4,0,8422,0.0,45,0.0,0.0,0.0,0.0,0.0,0,0,0,0,0.0,0,0,0,0,0,0,0,0,0,0,0,0,0,0,0,0,0,0,0,0,0,0,0,0,0,0,0,0,0,0,0,0,0,38,14,7,45,65476,0,300,0,0,8,21553,0.0,-107605600.0,0.0,0.0,0.0,0.0,0.0,0.0,0.0,0.0,0.0,0.0,0.0,0.0,0.0,0.0,0.0,0.0,0.0,0.0,0.0,0.0,0.0,2.004,-0.0,0.0,0.0,0.0,0.0,0.0,4985.0,-564145766268928.0,0.0,0.0,-107615296.0,-107615280.0,2.718429300292151e+23,0.0,0.0,0.0,0.0,53,-0.0,5.848055287018579e+35,0.0,0.0,0.0,0.0,0.0,0.0,0.0,0,0,0,0.0,0.0,0.0,0.0,0.0,0.0,0.0,0.0,0.0,0.0,0.0,0.0,0.0,0.0,0.0,0.0,0,-107875648.0,53,0.0,106,-107614832.0,0.0,ERR,ERR,ERR,ERR,ERR,ERR,ERR,ERR,ERR,ERR,ERR,ERR,ERR,ERR,ERR,ERR,ERR,ERR,ERR,ERR,ERR,ERR,ERR,ERR,ERR,ERR,ERR,ERR,ERR,ERR,ERR,ERR,ERR,ERR,ERR,ERR,ERR,ERR,ERR,ERR,ERR,ERR,ERR,ERR,ERR,ERR,ERR,ERR,ERR,ERR,ERR,ERR,ERR,ERR,ERR,ERR,ERR,ERR,ERR,ERR,ERR,ERR,ERR,ERR,ERR,ERR,ERR,50.0,60.0,100,0.0,0.0,0.0,0.0,0.0,0.0,0.0,0.0,0.0,0.0,0.0,0.0,0.0,0.0,0.0,0.0,61.6,74,14,65512,50,65476,0,300,0,0,8,20529,65476,0,0,26214,60.0,0.0,0.0,0.0,0.0,0.0
2026-05-17T18:25:07,ERR,ERR,ERR,ERR,ERR,ERR,ERR,ERR,ERR,ERR,ERR,ERR,ERR,ERR,ERR,ERR,ERR,ERR,ERR,ERR,ERR,ERR,ERR,ERR,ERR,ERR,ERR,ERR,ERR,ERR,ERR,ERR,ERR,ERR,ERR,ERR,ERR,ERR,ERR,ERR,ERR,ERR,ERR,ERR,ERR,ERR,ERR,ERR,ERR,ERR,ERR,ERR,ERR,ERR,ERR,ERR,ERR,ERR,ERR,ERR,ERR,ERR,ERR,ERR,ERR,ERR,ERR,ERR,ERR,ERR,ERR,ERR,ERR,ERR,ERR,ERR,ERR,ERR,ERR,ERR,ERR,ERR,ERR,ERR,ERR,ERR,ERR,ERR,ERR,ERR,ERR,ERR,ERR,ERR,ERR,ERR,ERR,ERR,ERR,ERR,ERR,ERR,ERR,ERR,ERR,ERR,ERR,ERR,ERR,ERR,ERR,ERR,ERR,ERR,ERR,ERR,ERR,ERR,ERR,ERR,ERR,ERR,ERR,ERR,ERR,0.0,-107615296.0,-134474944.0,0.0,0.0,1.3936040501711995e+18,7.805,0.0,0,0,4,0,8422,0.0,45,0.0,0.0,0.0,0.0,0.0,0,0,0,0,0.0,0,0,0,0,0,0,0,0,0,0,0,0,0,0,0,0,0,0,0,0,0,0,0,0,0,0,0,0,0,0,0,0,0,38,14,7,45,65476,0,300,0,0,8,21553,0.0,-107605600.0,0.0,0.0,0.0,0.0,0.0,0.0,0.0,0.0,0.0,0.0,0.0,0.0,0.0,0.0,0.0,0.0,0.0,0.0,0.0,0.0,0.0,2.004,-0.0,0.0,0.0,0.0,0.0,0.0,4985.0,-564145766268928.0,0.0,0.0,-107615296.0,-107615280.0,2.718429300292151e+23,0.0,0.0,0.0,0.0,53,-0.0,5.848055287018579e+35,0.0,0.0,0.0,0.0,0.0,0.0,0.0,0,0,0,0.0,0.0,0.0,0.0,0.0,0.0,0.0,0.0,0.0,0.0,0.0,0.0,0.0,0.0,0.0,0.0,0,-107875648.0,53,0.0,106,-107614832.0,0.0,ERR,ERR,ERR,ERR,ERR,ERR,ERR,ERR,ERR,ERR,ERR,ERR,ERR,ERR,ERR,ERR,ERR,ERR,ERR,ERR,ERR,ERR,ERR,ERR,ERR,ERR,ERR,ERR,ERR,ERR,ERR,ERR,ERR,ERR,ERR,ERR,ERR,ERR,ERR,ERR,ERR,ERR,ERR,ERR,ERR,ERR,ERR,ERR,ERR,ERR,ERR,ERR,ERR,ERR,ERR,ERR,ERR,ERR,ERR,ERR,ERR,ERR,ERR,ERR,ERR,ERR,ERR,50.0,60.0,100,0.0,0.0,0.0,0.0,0.0,0.0,0.0,0.0,0.0,0.0,0.0,0.0,0.0,0.0,0.0,0.0,61.6,74,14,65512,50,65476,0,300,0,0,8,20529,65476,0,0,26214,60.0,0.0,0.0,0.0,0.0,0.0
2026-05-17T18:25:08,ERR,ERR,ERR,ERR,ERR,ERR,ERR,ERR,ERR,ERR,ERR,ERR,ERR,ERR,ERR,ERR,ERR,ERR,ERR,ERR,ERR,ERR,ERR,ERR,ERR,ERR,ERR,ERR,ERR,ERR,ERR,ERR,ERR,ERR,ERR,ERR,ERR,ERR,ERR,ERR,ERR,ERR,ERR,ERR,ERR,ERR,ERR,ERR,ERR,ERR,ERR,ERR,ERR,ERR,ERR,ERR,ERR,ERR,ERR,ERR,ERR,ERR,ERR,ERR,ERR,ERR,ERR,ERR,ERR,ERR,ERR,ERR,ERR,ERR,ERR,ERR,ERR,ERR,ERR,ERR,ERR,ERR,ERR,ERR,ERR,ERR,ERR,ERR,ERR,ERR,ERR,ERR,ERR,ERR,ERR,ERR,ERR,ERR,ERR,ERR,ERR,ERR,ERR,ERR,ERR,ERR,ERR,ERR,ERR,ERR,ERR,ERR,ERR,ERR,ERR,ERR,ERR,ERR,ERR,ERR,ERR,ERR,ERR,ERR,ERR,0.0,-107615296.0,-134474944.0,0.0,0.0,1.3936040501711995e+18,7.805,0.0,0,0,4,0,8422,0.0,45,0.0,0.0,0.0,0.0,0.0,0,0,0,0,0.0,0,0,0,0,0,0,0,0,0,0,0,0,0,0,0,0,0,0,0,0,0,0,0,0,0,0,0,0,0,0,0,0,0,38,14,7,45,65476,0,300,0,0,8,21553,0.0,-107605600.0,0.0,0.0,0.0,0.0,0.0,0.0,0.0,0.0,0.0,0.0,0.0,0.0,0.0,0.0,0.0,0.0,0.0,0.0,0.0,0.0,0.0,2.004,-0.0,0.0,0.0,0.0,0.0,0.0,4985.0,-564145766268928.0,0.0,0.0,-107615296.0,-107615280.0,2.718429300292151e+23,0.0,0.0,0.0,0.0,53,-0.0,5.848055287018579e+35,0.0,0.0,0.0,0.0,0.0,0.0,0.0,0,0,0,0.0,0.0,0.0,0.0,0.0,0.0,0.0,0.0,0.0,0.0,0.0,0.0,0.0,0.0,0.0,0.0,0,-107875648.0,53,0.0,106,-107614832.0,0.0,ERR,ERR,ERR,ERR,ERR,ERR,ERR,ERR,ERR,ERR,ERR,ERR,ERR,ERR,ERR,ERR,ERR,ERR,ERR,ERR,ERR,ERR,ERR,ERR,ERR,ERR,ERR,ERR,ERR,ERR,ERR,ERR,ERR,ERR,ERR,ERR,ERR,ERR,ERR,ERR,ERR,ERR,ERR,ERR,ERR,ERR,ERR,ERR,ERR,ERR,ERR,ERR,ERR,ERR,ERR,ERR,ERR,ERR,ERR,ERR,ERR,ERR,ERR,ERR,ERR,ERR,ERR,50.0,60.0,100,0.0,0.0,0.0,0.0,0.0,0.0,0.0,0.0,0.0,0.0,0.0,0.0,0.0,0.0,0.0,0.0,62.0,74,14,65512,50,65476,0,300,0,0,8,20529,65476,0,0,26214,60.0,0.0,0.0,0.0,0.0,0.0
2026-05-17T18:25:09,ERR,ERR,ERR,ERR,ERR,ERR,ERR,ERR,ERR,ERR,ERR,ERR,ERR,ERR,ERR,ERR,ERR,ERR,ERR,ERR,ERR,ERR,ERR,ERR,ERR,ERR,ERR,ERR,ERR,ERR,ERR,ERR,ERR,ERR,ERR,ERR,ERR,ERR,ERR,ERR,ERR,ERR,ERR,ERR,ERR,ERR,ERR,ERR,ERR,ERR,ERR,ERR,ERR,ERR,ERR,ERR,ERR,ERR,ERR,ERR,ERR,ERR,ERR,ERR,ERR,ERR,ERR,ERR,ERR,ERR,ERR,ERR,ERR,ERR,ERR,ERR,ERR,ERR,ERR,ERR,ERR,ERR,ERR,ERR,ERR,ERR,ERR,ERR,ERR,ERR,ERR,ERR,ERR,ERR,ERR,ERR,ERR,ERR,ERR,ERR,ERR,ERR,ERR,ERR,ERR,ERR,ERR,ERR,ERR,ERR,ERR,ERR,ERR,ERR,ERR,ERR,ERR,ERR,ERR,ERR,ERR,ERR,ERR,ERR,ERR,0.0,-107615296.0,-134474944.0,0.0,0.0,1.3936040501711995e+18,7.805,0.0,0,0,4,0,8422,0.0,45,0.0,0.0,0.0,0.0,0.0,0,0,0,0,0.0,0,0,0,0,0,0,0,0,0,0,0,0,0,0,0,0,0,0,0,0,0,0,0,0,0,0,0,0,0,0,0,0,0,38,14,7,45,65476,0,300,0,0,8,21553,0.0,-107605600.0,0.0,0.0,0.0,0.0,0.0,0.0,0.0,0.0,0.0,0.0,0.0,0.0,0.0,0.0,0.0,0.0,0.0,0.0,0.0,0.0,0.0,2.004,-0.0,0.0,0.0,0.0,0.0,0.0,4985.0,-564145766268928.0,0.0,0.0,-107615296.0,-107615280.0,2.718429300292151e+23,0.0,0.0,0.0,0.0,53,-0.0,5.848055287018579e+35,0.0,0.0,0.0,0.0,0.0,0.0,0.0,0,0,0,0.0,0.0,0.0,0.0,0.0,0.0,0.0,0.0,0.0,0.0,0.0,0.0,0.0,0.0,0.0,0.0,0,-107875648.0,53,0.0,106,-107614832.0,0.0,ERR,ERR,ERR,ERR,ERR,ERR,ERR,ERR,ERR,ERR,ERR,ERR,ERR,ERR,ERR,ERR,ERR,ERR,ERR,ERR,ERR,ERR,ERR,ERR,ERR,ERR,ERR,ERR,ERR,ERR,ERR,ERR,ERR,ERR,ERR,ERR,ERR,ERR,ERR,ERR,ERR,ERR,ERR,ERR,ERR,ERR,ERR,ERR,ERR,ERR,ERR,ERR,ERR,ERR,ERR,ERR,ERR,ERR,ERR,ERR,ERR,ERR,ERR,ERR,ERR,ERR,ERR,50.0,60.0,100,0.0,0.0,0.0,0.0,0.0,0.0,0.0,0.0,0.0,0.0,0.0,0.0,0.0,0.0,0.0,0.0,61.6,74,14,65512,50,65476,0,300,0,0,8,20529,65476,0,0,26214,60.0,0.0,0.0,0.0,0.0,0.0
2026-05-17T18:25:10,ERR,ERR,ERR,ERR,ERR,ERR,ERR,ERR,ERR,ERR,ERR,ERR,ERR,ERR,ERR,ERR,ERR,ERR,ERR,ERR,ERR,ERR,ERR,ERR,ERR,ERR,ERR,ERR,ERR,ERR,ERR,ERR,ERR,ERR,ERR,ERR,ERR,ERR,ERR,ERR,ERR,ERR,ERR,ERR,ERR,ERR,ERR,ERR,ERR,ERR,ERR,ERR,ERR,ERR,ERR,ERR,ERR,ERR,ERR,ERR,ERR,ERR,ERR,ERR,ERR,ERR,ERR,ERR,ERR,ERR,ERR,ERR,ERR,ERR,ERR,ERR,ERR,ERR,ERR,ERR,ERR,ERR,ERR,ERR,ERR,ERR,ERR,ERR,ERR,ERR,ERR,ERR,ERR,ERR,ERR,ERR,ERR,ERR,ERR,ERR,ERR,ERR,ERR,ERR,ERR,ERR,ERR,ERR,ERR,ERR,ERR,ERR,ERR,ERR,ERR,ERR,ERR,ERR,ERR,ERR,ERR,ERR,ERR,ERR,ERR,0.0,-107615296.0,-134474944.0,0.0,0.0,1.3936040501711995e+18,7.805,0.0,0,0,4,0,8422,0.0,45,0.0,0.0,0.0,0.0,0.0,0,0,0,0,0.0,0,0,0,0,0,0,0,0,0,0,0,0,0,0,0,0,0,0,0,0,0,0,0,0,0,0,0,0,0,0,0,0,0,38,14,7,45,65476,0,300,0,0,8,21553,0.0,-107605600.0,0.0,0.0,0.0,0.0,0.0,0.0,0.0,0.0,0.0,0.0,0.0,0.0,0.0,0.0,0.0,0.0,0.0,0.0,0.0,0.0,0.0,2.004,-0.0,0.0,0.0,0.0,0.0,0.0,4985.0,-564145766268928.0,0.0,0.0,-107615296.0,-107615280.0,2.718429300292151e+23,0.0,0.0,0.0,0.0,53,-0.0,5.848055287018579e+35,0.0,0.0,0.0,0.0,0.0,0.0,0.0,0,0,0,0.0,0.0,0.0,0.0,0.0,0.0,0.0,0.0,0.0,0.0,0.0,0.0,0.0,0.0,0.0,0.0,0,-107875648.0,53,0.0,106,-107614832.0,0.0,ERR,ERR,ERR,ERR,ERR,ERR,ERR,ERR,ERR,ERR,ERR,ERR,ERR,ERR,ERR,ERR,ERR,ERR,ERR,ERR,ERR,ERR,ERR,ERR,ERR,ERR,ERR,ERR,ERR,ERR,ERR,ERR,ERR,ERR,ERR,ERR,ERR,ERR,ERR,ERR,ERR,ERR,ERR,ERR,ERR,ERR,ERR,ERR,ERR,ERR,ERR,ERR,ERR,ERR,ERR,ERR,ERR,ERR,ERR,ERR,ERR,ERR,ERR,ERR,ERR,ERR,ERR,50.0,60.0,100,0.0,0.0,0.0,0.0,0.0,0.0,0.0,0.0,0.0,0.0,0.0,0.0,0.0,0.0,0.0,0.0,61.6,74,14,65512,50,65476,0,300,0,0,8,20529,65476,0,0,26214,60.0,0.0,0.0,0.0,0.0,0.0
2026-05-17T18:25:11,ERR,ERR,ERR,ERR,ERR,ERR,ERR,ERR,ERR,ERR,ERR,ERR,ERR,ERR,ERR,ERR,ERR,ERR,ERR,ERR,ERR,ERR,ERR,ERR,ERR,ERR,ERR,ERR,ERR,ERR,ERR,ERR,ERR,ERR,ERR,ERR,ERR,ERR,ERR,ERR,ERR,ERR,ERR,ERR,ERR,ERR,ERR,ERR,ERR,ERR,ERR,ERR,ERR,ERR,ERR,ERR,ERR,ERR,ERR,ERR,ERR,ERR,ERR,ERR,ERR,ERR,ERR,ERR,ERR,ERR,ERR,ERR,ERR,ERR,ERR,ERR,ERR,ERR,ERR,ERR,ERR,ERR,ERR,ERR,ERR,ERR,ERR,ERR,ERR,ERR,ERR,ERR,ERR,ERR,ERR,ERR,ERR,ERR,ERR,ERR,ERR,ERR,ERR,ERR,ERR,ERR,ERR,ERR,ERR,ERR,ERR,ERR,ERR,ERR,ERR,ERR,ERR,ERR,ERR,ERR,ERR,ERR,ERR,ERR,ERR,0.0,0.0,0.0,0.0,0.0,1.3936040501711995e+18,7.805,0.0,0,0,4,0,8422,0.0,45,0.0,0.0,0.0,0.0,0.0,0,0,0,0,0.0,0,0,0,0,0,0,0,0,0,0,0,0,0,0,0,0,0,0,0,0,0,0,0,0,0,0,0,0,0,0,0,0,0,38,14,7,45,65476,0,300,0,0,8,21553,0.0,-107605600.0,0.0,0.0,0.0,0.0,0.0,0.0,0.0,0.0,0.0,0.0,0.0,0.0,0.0,0.0,0.0,0.0,0.0,0.0,0.0,0.0,0.0,0.0,-0.0,0.0,0.0,0.0,0.0,0.0,5016.0,0.0,0.0,0.0,0.0,-107615280.0,2.718429300292151e+23,0.0,0.0,0.0,0.0,53,-0.0,-107614776.0,0.0,0.0,0.0,0.0,0.0,0.0,0.0,0,0,0,0.0,0.0,0.0,0.0,0.0,0.0,0.0,0.0,0.0,0.0,0.0,0.0,0.0,0.0,0.0,0.0,0,-107875648.0,53,0.0,106,-107614832.0,0.0,ERR,ERR,ERR,ERR,ERR,ERR,ERR,ERR,ERR,ERR,ERR,ERR,ERR,ERR,ERR,ERR,ERR,ERR,ERR,ERR,ERR,ERR,ERR,ERR,ERR,ERR,ERR,ERR,ERR,ERR,ERR,ERR,ERR,ERR,ERR,ERR,ERR,ERR,ERR,ERR,ERR,ERR,ERR,ERR,ERR,ERR,ERR,ERR,ERR,ERR,ERR,ERR,ERR,ERR,ERR,ERR,ERR,ERR,ERR,ERR,ERR,ERR,ERR,ERR,ERR,ERR,ERR,50.0,60.0,100,0.0,0.0,0.0,0.0,0.0,0.0,0.0,0.0,0.0,0.0,0.0,0.0,0.0,0.0,0.0,0.0,61.6,74,14,65512,50,65476,0,300,0,0,8,20529,65476,0,0,26214,60.0,0.0,0.0,0.0,0.0,0.0
2026-05-17T18:25:12,ERR,ERR,ERR,ERR,ERR,ERR,ERR,ERR,ERR,ERR,ERR,ERR,ERR,ERR,ERR,ERR,ERR,ERR,ERR,ERR,ERR,ERR,ERR,ERR,ERR,ERR,ERR,ERR,ERR,ERR,ERR,ERR,ERR,ERR,ERR,ERR,ERR,ERR,ERR,ERR,ERR,ERR,ERR,ERR,ERR,ERR,ERR,ERR,ERR,ERR,ERR,ERR,ERR,ERR,ERR,ERR,ERR,ERR,ERR,ERR,ERR,ERR,ERR,ERR,ERR,ERR,ERR,ERR,ERR,ERR,ERR,ERR,ERR,ERR,ERR,ERR,ERR,ERR,ERR,ERR,ERR,ERR,ERR,ERR,ERR,ERR,ERR,ERR,ERR,ERR,ERR,ERR,ERR,ERR,ERR,ERR,ERR,ERR,ERR,ERR,ERR,ERR,ERR,ERR,ERR,ERR,ERR,ERR,ERR,ERR,ERR,ERR,ERR,ERR,ERR,ERR,ERR,ERR,ERR,ERR,ERR,ERR,ERR,ERR,ERR,0.0,0.0,0.0,0.0,0.0,1.3936040501711995e+18,7.805,0.0,0,0,4,0,8422,0.0,45,0.0,0.0,0.0,0.0,0.0,0,0,0,0,0.0,0,0,0,0,0,0,0,0,0,0,0,0,0,0,0,0,0,0,0,0,0,0,0,0,0,0,0,0,0,0,0,0,0,38,14,7,45,65476,0,300,0,0,8,21553,0.0,-107605600.0,0.0,0.0,0.0,0.0,0.0,0.0,0.0,0.0,0.0,0.0,0.0,0.0,0.0,0.0,0.0,0.0,0.0,0.0,0.0,0.0,0.0,0.0,-0.0,0.0,0.0,0.0,0.0,0.0,5016.0,0.0,0.0,0.0,0.0,-107615280.0,2.718429300292151e+23,0.0,0.0,0.0,0.0,53,-0.0,-107614776.0,0.0,0.0,0.0,0.0,0.0,0.0,0.0,0,0,0,0.0,0.0,0.0,0.0,0.0,0.0,0.0,0.0,0.0,0.0,0.0,0.0,0.0,0.0,0.0,0.0,0,-107875648.0,53,0.0,106,-107614832.0,0.0,ERR,ERR,ERR,ERR,ERR,ERR,ERR,ERR,ERR,ERR,ERR,ERR,ERR,ERR,ERR,ERR,ERR,ERR,ERR,ERR,ERR,ERR,ERR,ERR,ERR,ERR,ERR,ERR,ERR,ERR,ERR,ERR,ERR,ERR,ERR,ERR,ERR,ERR,ERR,ERR,ERR,ERR,ERR,ERR,ERR,ERR,ERR,ERR,ERR,ERR,ERR,ERR,ERR,ERR,ERR,ERR,ERR,ERR,ERR,ERR,ERR,ERR,ERR,ERR,ERR,ERR,ERR,50.0,60.0,100,0.0,0.0,0.0,0.0,0.0,0.0,0.0,0.0,0.0,0.0,0.0,0.0,0.0,0.0,0.0,0.0,61.6,74,14,65512,50,65476,0,300,0,0,8,20529,65476,0,0,26214,60.0,0.0,0.0,0.0,0.0,0.0
2026-05-17T18:25:13,ERR,ERR,ERR,ERR,ERR,ERR,ERR,ERR,ERR,ERR,ERR,ERR,ERR,ERR,ERR,ERR,ERR,ERR,ERR,ERR,ERR,ERR,ERR,ERR,ERR,ERR,ERR,ERR,ERR,ERR,ERR,ERR,ERR,ERR,ERR,ERR,ERR,ERR,ERR,ERR,ERR,ERR,ERR,ERR,ERR,ERR,ERR,ERR,ERR,ERR,ERR,ERR,ERR,ERR,ERR,ERR,ERR,ERR,ERR,ERR,ERR,ERR,ERR,ERR,ERR,ERR,ERR,ERR,ERR,ERR,ERR,ERR,ERR,ERR,ERR,ERR,ERR,ERR,ERR,ERR,ERR,ERR,ERR,ERR,ERR,ERR,ERR,ERR,ERR,ERR,ERR,ERR,ERR,ERR,ERR,ERR,ERR,ERR,ERR,ERR,ERR,ERR,ERR,ERR,ERR,ERR,ERR,ERR,ERR,ERR,ERR,ERR,ERR,ERR,ERR,ERR,ERR,ERR,ERR,ERR,ERR,ERR,ERR,ERR,ERR,0.0,0.0,0.0,0.0,0.0,1.3936040501711995e+18,7.805,0.0,0,0,4,0,8422,0.0,45,0.0,0.0,0.0,0.0,0.0,0,0,0,0,0.0,0,0,0,0,0,0,0,0,0,0,0,0,0,0,0,0,0,0,0,0,0,0,0,0,0,0,0,0,0,0,0,0,0,38,14,7,45,65476,0,300,0,0,8,21553,0.0,-107605600.0,0.0,0.0,0.0,0.0,0.0,0.0,0.0,0.0,0.0,0.0,0.0,0.0,0.0,0.0,0.0,0.0,0.0,0.0,0.0,0.0,0.0,0.0,-0.0,0.0,0.0,0.0,0.0,0.0,5016.0,0.0,0.0,0.0,0.0,-107615280.0,2.718429300292151e+23,0.0,0.0,0.0,0.0,53,-0.0,-107614776.0,0.0,0.0,0.0,0.0,0.0,0.0,0.0,0,0,0,0.0,0.0,0.0,0.0,0.0,0.0,0.0,0.0,0.0,0.0,0.0,0.0,0.0,0.0,0.0,0.0,0,-107875648.0,53,0.0,106,-107614832.0,0.0,ERR,ERR,ERR,ERR,ERR,ERR,ERR,ERR,ERR,ERR,ERR,ERR,ERR,ERR,ERR,ERR,ERR,ERR,ERR,ERR,ERR,ERR,ERR,ERR,ERR,ERR,ERR,ERR,ERR,ERR,ERR,ERR,ERR,ERR,ERR,ERR,ERR,ERR,ERR,ERR,ERR,ERR,ERR,ERR,ERR,ERR,ERR,ERR,ERR,ERR,ERR,ERR,ERR,ERR,ERR,ERR,ERR,ERR,ERR,ERR,ERR,ERR,ERR,ERR,ERR,ERR,ERR,50.0,60.0,100,0.0,0.0,0.0,0.0,0.0,0.0,0.0,0.0,0.0,0.0,0.0,0.0,0.0,0.0,0.0,0.0,61.6,74,14,65512,50,65476,0,300,0,0,8,20529,65476,0,0,26214,60.0,0.0,0.0,0.0,0.0,0.0
2026-05-17T18:25:14,ERR,ERR,ERR,ERR,ERR,ERR,ERR,ERR,ERR,ERR,ERR,ERR,ERR,ERR,ERR,ERR,ERR,ERR,ERR,ERR,ERR,ERR,ERR,ERR,ERR,ERR,ERR,ERR,ERR,ERR,ERR,ERR,ERR,ERR,ERR,ERR,ERR,ERR,ERR,ERR,ERR,ERR,ERR,ERR,ERR,ERR,ERR,ERR,ERR,ERR,ERR,ERR,ERR,ERR,ERR,ERR,ERR,ERR,ERR,ERR,ERR,ERR,ERR,ERR,ERR,ERR,ERR,ERR,ERR,ERR,ERR,ERR,ERR,ERR,ERR,ERR,ERR,ERR,ERR,ERR,ERR,ERR,ERR,ERR,ERR,ERR,ERR,ERR,ERR,ERR,ERR,ERR,ERR,ERR,ERR,ERR,ERR,ERR,ERR,ERR,ERR,ERR,ERR,ERR,ERR,ERR,ERR,ERR,ERR,ERR,ERR,ERR,ERR,ERR,ERR,ERR,ERR,ERR,ERR,ERR,ERR,ERR,ERR,ERR,ERR,0.0,0.0,0.0,0.0,0.0,1.3936040501711995e+18,7.805,0.0,0,0,4,0,8422,0.0,45,0.0,0.0,0.0,0.0,0.0,0,0,0,0,0.0,0,0,0,0,0,0,0,0,0,0,0,0,0,0,0,0,0,0,0,0,0,0,0,0,0,0,0,0,0,0,0,0,0,38,14,7,45,65476,0,300,0,0,8,21553,0.0,-107605600.0,0.0,0.0,0.0,0.0,0.0,0.0,0.0,0.0,0.0,0.0,0.0,0.0,0.0,0.0,0.0,0.0,0.0,0.0,0.0,0.0,0.0,0.0,-0.0,0.0,0.0,0.0,0.0,0.0,5016.0,0.0,0.0,0.0,0.0,-107615280.0,2.718429300292151e+23,0.0,0.0,0.0,0.0,53,-0.0,-107614776.0,0.0,0.0,0.0,0.0,0.0,0.0,0.0,0,0,0,0.0,0.0,0.0,0.0,0.0,0.0,0.0,0.0,0.0,0.0,0.0,0.0,0.0,0.0,0.0,0.0,0,-107875648.0,53,0.0,106,-107614832.0,0.0,ERR,ERR,ERR,ERR,ERR,ERR,ERR,ERR,ERR,ERR,ERR,ERR,ERR,ERR,ERR,ERR,ERR,ERR,ERR,ERR,ERR,ERR,ERR,ERR,ERR,ERR,ERR,ERR,ERR,ERR,ERR,ERR,ERR,ERR,ERR,ERR,ERR,ERR,ERR,ERR,ERR,ERR,ERR,ERR,ERR,ERR,ERR,ERR,ERR,ERR,ERR,ERR,ERR,ERR,ERR,ERR,ERR,ERR,ERR,ERR,ERR,ERR,ERR,ERR,ERR,ERR,ERR,50.0,60.0,100,0.0,0.0,0.0,0.0,0.0,0.0,0.0,0.0,0.0,0.0,0.0,0.0,0.0,0.0,0.0,0.0,61.6,74,14,65512,50,65476,0,300,0,0,8,20529,65476,0,0,26214,60.0,0.0,0.0,0.0,0.0,0.0
2026-05-17T18:25:15,ERR,ERR,ERR,ERR,ERR,ERR,ERR,ERR,ERR,ERR,ERR,ERR,ERR,ERR,ERR,ERR,ERR,ERR,ERR,ERR,ERR,ERR,ERR,ERR,ERR,ERR,ERR,ERR,ERR,ERR,ERR,ERR,ERR,ERR,ERR,ERR,ERR,ERR,ERR,ERR,ERR,ERR,ERR,ERR,ERR,ERR,ERR,ERR,ERR,ERR,ERR,ERR,ERR,ERR,ERR,ERR,ERR,ERR,ERR,ERR,ERR,ERR,ERR,ERR,ERR,ERR,ERR,ERR,ERR,ERR,ERR,ERR,ERR,ERR,ERR,ERR,ERR,ERR,ERR,ERR,ERR,ERR,ERR,ERR,ERR,ERR,ERR,ERR,ERR,ERR,ERR,ERR,ERR,ERR,ERR,ERR,ERR,ERR,ERR,ERR,ERR,ERR,ERR,ERR,ERR,ERR,ERR,ERR,ERR,ERR,ERR,ERR,ERR,ERR,ERR,ERR,ERR,ERR,ERR,ERR,ERR,ERR,ERR,ERR,ERR,0.0,0.0,0.0,0.0,0.0,1.3936040501711995e+18,7.805,0.0,0,0,4,0,8422,0.0,45,0.0,0.0,0.0,0.0,0.0,0,0,0,0,0.0,0,0,0,0,0,0,0,0,0,0,0,0,0,0,0,0,0,0,0,0,0,0,0,0,0,0,0,0,0,0,0,0,0,38,14,7,45,65476,0,300,0,0,8,21553,0.0,-107605600.0,0.0,0.0,0.0,0.0,0.0,0.0,0.0,0.0,0.0,0.0,0.0,0.0,0.0,0.0,0.0,0.0,0.0,0.0,0.0,0.0,0.0,0.0,-0.0,0.0,0.0,0.0,0.0,0.0,5016.0,0.0,0.0,0.0,0.0,-107615280.0,2.718429300292151e+23,0.0,0.0,0.0,0.0,53,-0.0,-107614776.0,0.0,0.0,0.0,0.0,0.0,0.0,0.0,0,0,0,0.0,0.0,0.0,0.0,0.0,0.0,0.0,0.0,0.0,0.0,0.0,0.0,0.0,0.0,0.0,0.0,0,-107875648.0,53,0.0,106,-107614832.0,0.0,ERR,ERR,ERR,ERR,ERR,ERR,ERR,ERR,ERR,ERR,ERR,ERR,ERR,ERR,ERR,ERR,ERR,ERR,ERR,ERR,ERR,ERR,ERR,ERR,ERR,ERR,ERR,ERR,ERR,ERR,ERR,ERR,ERR,ERR,ERR,ERR,ERR,ERR,ERR,ERR,ERR,ERR,ERR,ERR,ERR,ERR,ERR,ERR,ERR,ERR,ERR,ERR,ERR,ERR,ERR,ERR,ERR,ERR,ERR,ERR,ERR,ERR,ERR,ERR,ERR,ERR,ERR,50.0,60.0,100,0.0,0.0,0.0,0.0,0.0,0.0,0.0,0.0,0.0,0.0,0.0,0.0,0.0,0.0,0.0,0.0,61.6,74,14,65512,50,65476,0,300,0,0,8,20529,65476,0,0,26214,60.0,0.0,0.0,0.0,0.0,0.0
2026-05-17T18:25:16,ERR,ERR,ERR,ERR,ERR,ERR,ERR,ERR,ERR,ERR,ERR,ERR,ERR,ERR,ERR,ERR,ERR,ERR,ERR,ERR,ERR,ERR,ERR,ERR,ERR,ERR,ERR,ERR,ERR,ERR,ERR,ERR,ERR,ERR,ERR,ERR,ERR,ERR,ERR,ERR,ERR,ERR,ERR,ERR,ERR,ERR,ERR,ERR,ERR,ERR,ERR,ERR,ERR,ERR,ERR,ERR,ERR,ERR,ERR,ERR,ERR,ERR,ERR,ERR,ERR,ERR,ERR,ERR,ERR,ERR,ERR,ERR,ERR,ERR,ERR,ERR,ERR,ERR,ERR,ERR,ERR,ERR,ERR,ERR,ERR,ERR,ERR,ERR,ERR,ERR,ERR,ERR,ERR,ERR,ERR,ERR,ERR,ERR,ERR,ERR,ERR,ERR,ERR,ERR,ERR,ERR,ERR,ERR,ERR,ERR,ERR,ERR,ERR,ERR,ERR,ERR,ERR,ERR,ERR,ERR,ERR,ERR,ERR,ERR,ERR,0.0,-107615296.0,-134474944.0,0.0,0.0,1.3936040501711995e+18,7.805,0.0,0,0,4,0,8422,0.0,45,0.0,0.0,0.0,0.0,0.0,0,0,0,0,0.0,0,0,0,0,0,0,0,0,0,0,0,0,0,0,0,0,0,0,0,0,0,0,0,0,0,0,0,0,0,0,0,0,0,38,14,7,45,65476,0,300,0,0,8,21553,0.0,-107605600.0,0.0,0.0,0.0,0.0,0.0,0.0,0.0,0.0,0.0,0.0,0.0,0.0,0.0,0.0,0.0,0.0,0.0,0.0,0.0,0.0,0.0,0.0,-0.0,0.0,0.0,0.0,0.0,0.0,5014.0,0.0,0.0,0.0,0.0,-107615280.0,2.718429300292151e+23,0.0,0.0,0.0,0.0,53,-0.0,0.0,0.0,0.0,0.0,0.0,0.0,0.0,0.0,0,0,0,0.0,0.0,0.0,0.0,0.0,0.0,0.0,0.0,0.0,0.0,0.0,0.0,0.0,0.0,0.0,0.0,0,-107875648.0,53,0.0,106,-107614832.0,0.0,ERR,ERR,ERR,ERR,ERR,ERR,ERR,ERR,ERR,ERR,ERR,ERR,ERR,ERR,ERR,ERR,ERR,ERR,ERR,ERR,ERR,ERR,ERR,ERR,ERR,ERR,ERR,ERR,ERR,ERR,ERR,ERR,ERR,ERR,ERR,ERR,ERR,ERR,ERR,ERR,ERR,ERR,ERR,ERR,ERR,ERR,ERR,ERR,ERR,ERR,ERR,ERR,ERR,ERR,ERR,ERR,ERR,ERR,ERR,ERR,ERR,ERR,ERR,ERR,ERR,ERR,ERR,50.0,60.0,100,0.0,0.0,0.0,0.0,0.0,0.0,0.0,0.0,0.0,0.0,0.0,0.0,0.0,0.0,0.0,0.0,61.6,74,14,65512,50,65476,0,300,0,0,8,20529,65476,0,0,26214,60.0,0.0,0.0,0.0,0.0,0.0
2026-05-17T18:25:17,ERR,ERR,ERR,ERR,ERR,ERR,ERR,ERR,ERR,ERR,ERR,ERR,ERR,ERR,ERR,ERR,ERR,ERR,ERR,ERR,ERR,ERR,ERR,ERR,ERR,ERR,ERR,ERR,ERR,ERR,ERR,ERR,ERR,ERR,ERR,ERR,ERR,ERR,ERR,ERR,ERR,ERR,ERR,ERR,ERR,ERR,ERR,ERR,ERR,ERR,ERR,ERR,ERR,ERR,ERR,ERR,ERR,ERR,ERR,ERR,ERR,ERR,ERR,ERR,ERR,ERR,ERR,ERR,ERR,ERR,ERR,ERR,ERR,ERR,ERR,ERR,ERR,ERR,ERR,ERR,ERR,ERR,ERR,ERR,ERR,ERR,ERR,ERR,ERR,ERR,ERR,ERR,ERR,ERR,ERR,ERR,ERR,ERR,ERR,ERR,ERR,ERR,ERR,ERR,ERR,ERR,ERR,ERR,ERR,ERR,ERR,ERR,ERR,ERR,ERR,ERR,ERR,ERR,ERR,ERR,ERR,ERR,ERR,ERR,ERR,0.0,-107615296.0,-134474944.0,0.0,0.0,1.3936040501711995e+18,7.805,0.0,0,0,4,0,8422,0.0,45,0.0,0.0,0.0,0.0,0.0,0,0,0,0,0.0,0,0,0,0,0,0,0,0,0,0,0,0,0,0,0,0,0,0,0,0,0,0,0,0,0,0,0,0,0,0,0,0,0,38,14,7,45,65476,0,300,0,0,8,21553,0.0,-107605600.0,0.0,0.0,0.0,0.0,0.0,0.0,0.0,0.0,0.0,0.0,0.0,0.0,0.0,0.0,0.0,0.0,0.0,0.0,0.0,0.0,0.0,0.0,-0.0,0.0,0.0,0.0,0.0,0.0,5014.0,0.0,0.0,0.0,0.0,-107615280.0,2.718429300292151e+23,0.0,0.0,0.0,0.0,53,-0.0,0.0,0.0,0.0,0.0,0.0,0.0,0.0,0.0,0,0,0,0.0,0.0,0.0,0.0,0.0,0.0,0.0,0.0,0.0,0.0,0.0,0.0,0.0,0.0,0.0,0.0,0,-107875648.0,53,0.0,106,-107614832.0,0.0,ERR,ERR,ERR,ERR,ERR,ERR,ERR,ERR,ERR,ERR,ERR,ERR,ERR,ERR,ERR,ERR,ERR,ERR,ERR,ERR,ERR,ERR,ERR,ERR,ERR,ERR,ERR,ERR,ERR,ERR,ERR,ERR,ERR,ERR,ERR,ERR,ERR,ERR,ERR,ERR,ERR,ERR,ERR,ERR,ERR,ERR,ERR,ERR,ERR,ERR,ERR,ERR,ERR,ERR,ERR,ERR,ERR,ERR,ERR,ERR,ERR,ERR,ERR,ERR,ERR,ERR,ERR,50.0,60.0,100,0.0,0.0,0.0,0.0,0.0,0.0,0.0,0.0,0.0,0.0,0.0,0.0,0.0,0.0,0.0,0.0,61.6,74,14,65512,50,65476,0,300,0,0,8,20529,65476,0,0,26214,60.0,0.0,0.0,0.0,0.0,0.0
2026-05-17T18:25:18,ERR,ERR,ERR,ERR,ERR,ERR,ERR,ERR,ERR,ERR,ERR,ERR,ERR,ERR,ERR,ERR,ERR,ERR,ERR,ERR,ERR,ERR,ERR,ERR,ERR,ERR,ERR,ERR,ERR,ERR,ERR,ERR,ERR,ERR,ERR,ERR,ERR,ERR,ERR,ERR,ERR,ERR,ERR,ERR,ERR,ERR,ERR,ERR,ERR,ERR,ERR,ERR,ERR,ERR,ERR,ERR,ERR,ERR,ERR,ERR,ERR,ERR,ERR,ERR,ERR,ERR,ERR,ERR,ERR,ERR,ERR,ERR,ERR,ERR,ERR,ERR,ERR,ERR,ERR,ERR,ERR,ERR,ERR,ERR,ERR,ERR,ERR,ERR,ERR,ERR,ERR,ERR,ERR,ERR,ERR,ERR,ERR,ERR,ERR,ERR,ERR,ERR,ERR,ERR,ERR,ERR,ERR,ERR,ERR,ERR,ERR,ERR,ERR,ERR,ERR,ERR,ERR,ERR,ERR,ERR,ERR,ERR,ERR,ERR,ERR,0.0,-107615296.0,-134474944.0,0.0,0.0,1.3936040501711995e+18,7.805,0.0,0,0,4,0,8422,0.0,45,0.0,0.0,0.0,0.0,0.0,0,0,0,0,0.0,0,0,0,0,0,0,0,0,0,0,0,0,0,0,0,0,0,0,0,0,0,0,0,0,0,0,0,0,0,0,0,0,0,38,14,7,45,65476,0,300,0,0,8,21553,0.0,-107605600.0,0.0,0.0,0.0,0.0,0.0,0.0,0.0,0.0,0.0,0.0,0.0,0.0,0.0,0.0,0.0,0.0,0.0,0.0,0.0,0.0,0.0,0.0,-0.0,0.0,0.0,0.0,0.0,0.0,5014.0,0.0,0.0,0.0,0.0,-107615280.0,2.718429300292151e+23,0.0,0.0,0.0,0.0,53,-0.0,0.0,0.0,0.0,0.0,0.0,0.0,0.0,0.0,0,0,0,0.0,0.0,0.0,0.0,0.0,0.0,0.0,0.0,0.0,0.0,0.0,0.0,0.0,0.0,0.0,0.0,0,-107875648.0,53,0.0,106,-107614832.0,0.0,ERR,ERR,ERR,ERR,ERR,ERR,ERR,ERR,ERR,ERR,ERR,ERR,ERR,ERR,ERR,ERR,ERR,ERR,ERR,ERR,ERR,ERR,ERR,ERR,ERR,ERR,ERR,ERR,ERR,ERR,ERR,ERR,ERR,ERR,ERR,ERR,ERR,ERR,ERR,ERR,ERR,ERR,ERR,ERR,ERR,ERR,ERR,ERR,ERR,ERR,ERR,ERR,ERR,ERR,ERR,ERR,ERR,ERR,ERR,ERR,ERR,ERR,ERR,ERR,ERR,ERR,ERR,50.0,60.0,100,0.0,0.0,0.0,0.0,0.0,0.0,0.0,0.0,0.0,0.0,0.0,0.0,0.0,0.0,0.0,0.0,61.6,74,14,65512,50,65476,0,300,0,0,8,20529,65476,0,0,26214,60.0,0.0,0.0,0.0,0.0,0.0
2026-05-17T18:25:19,ERR,ERR,ERR,ERR,ERR,ERR,ERR,ERR,ERR,ERR,ERR,ERR,ERR,ERR,ERR,ERR,ERR,ERR,ERR,ERR,ERR,ERR,ERR,ERR,ERR,ERR,ERR,ERR,ERR,ERR,ERR,ERR,ERR,ERR,ERR,ERR,ERR,ERR,ERR,ERR,ERR,ERR,ERR,ERR,ERR,ERR,ERR,ERR,ERR,ERR,ERR,ERR,ERR,ERR,ERR,ERR,ERR,ERR,ERR,ERR,ERR,ERR,ERR,ERR,ERR,ERR,ERR,ERR,ERR,ERR,ERR,ERR,ERR,ERR,ERR,ERR,ERR,ERR,ERR,ERR,ERR,ERR,ERR,ERR,ERR,ERR,ERR,ERR,ERR,ERR,ERR,ERR,ERR,ERR,ERR,ERR,ERR,ERR,ERR,ERR,ERR,ERR,ERR,ERR,ERR,ERR,ERR,ERR,ERR,ERR,ERR,ERR,ERR,ERR,ERR,ERR,ERR,ERR,ERR,ERR,ERR,ERR,ERR,ERR,ERR,0.0,-107615296.0,-134474944.0,0.0,0.0,1.3936040501711995e+18,7.805,0.0,0,0,4,0,8422,0.0,45,0.0,0.0,0.0,0.0,0.0,0,0,0,0,0.0,0,0,0,0,0,0,0,0,0,0,0,0,0,0,0,0,0,0,0,0,0,0,0,0,0,0,0,0,0,0,0,0,0,38,14,7,45,65476,0,300,0,0,8,21553,0.0,-107605600.0,0.0,0.0,0.0,0.0,0.0,0.0,0.0,0.0,0.0,0.0,0.0,0.0,0.0,0.0,0.0,0.0,0.0,0.0,0.0,0.0,0.0,0.0,-0.0,0.0,0.0,0.0,0.0,0.0,5014.0,0.0,0.0,0.0,0.0,-107615280.0,2.718429300292151e+23,0.0,0.0,0.0,0.0,53,-0.0,0.0,0.0,0.0,0.0,0.0,0.0,0.0,0.0,0,0,0,0.0,0.0,0.0,0.0,0.0,0.0,0.0,0.0,0.0,0.0,0.0,0.0,0.0,0.0,0.0,0.0,0,-107875648.0,53,0.0,106,-107614832.0,0.0,ERR,ERR,ERR,ERR,ERR,ERR,ERR,ERR,ERR,ERR,ERR,ERR,ERR,ERR,ERR,ERR,ERR,ERR,ERR,ERR,ERR,ERR,ERR,ERR,ERR,ERR,ERR,ERR,ERR,ERR,ERR,ERR,ERR,ERR,ERR,ERR,ERR,ERR,ERR,ERR,ERR,ERR,ERR,ERR,ERR,ERR,ERR,ERR,ERR,ERR,ERR,ERR,ERR,ERR,ERR,ERR,ERR,ERR,ERR,ERR,ERR,ERR,ERR,ERR,ERR,ERR,ERR,50.0,60.0,100,0.0,0.0,0.0,0.0,0.0,0.0,0.0,0.0,0.0,0.0,0.0,0.0,0.0,0.0,0.0,0.0,61.6,74,14,65512,50,65476,0,300,0,0,8,20529,65476,0,0,26214,60.0,0.0,0.0,0.0,0.0,0.0
2026-05-17T18:25:20,ERR,ERR,ERR,ERR,ERR,ERR,ERR,ERR,ERR,ERR,ERR,ERR,ERR,ERR,ERR,ERR,ERR,ERR,ERR,ERR,ERR,ERR,ERR,ERR,ERR,ERR,ERR,ERR,ERR,ERR,ERR,ERR,ERR,ERR,ERR,ERR,ERR,ERR,ERR,ERR,ERR,ERR,ERR,ERR,ERR,ERR,ERR,ERR,ERR,ERR,ERR,ERR,ERR,ERR,ERR,ERR,ERR,ERR,ERR,ERR,ERR,ERR,ERR,ERR,ERR,ERR,ERR,ERR,ERR,ERR,ERR,ERR,ERR,ERR,ERR,ERR,ERR,ERR,ERR,ERR,ERR,ERR,ERR,ERR,ERR,ERR,ERR,ERR,ERR,ERR,ERR,ERR,ERR,ERR,ERR,ERR,ERR,ERR,ERR,ERR,ERR,ERR,ERR,ERR,ERR,ERR,ERR,ERR,ERR,ERR,ERR,ERR,ERR,ERR,ERR,ERR,ERR,ERR,ERR,ERR,ERR,ERR,ERR,ERR,ERR,0.0,-107615296.0,-134474944.0,0.0,0.0,1.3936040501711995e+18,7.805,0.0,0,0,4,0,8422,0.0,45,0.0,0.0,0.0,0.0,0.0,0,0,0,0,0.0,0,0,0,0,0,0,0,0,0,0,0,0,0,0,0,0,0,0,0,0,0,0,0,0,0,0,0,0,0,0,0,0,0,38,14,7,45,65476,0,300,0,0,8,21553,0.0,-107605600.0,0.0,0.0,0.0,0.0,0.0,0.0,0.0,0.0,0.0,0.0,0.0,0.0,0.0,0.0,0.0,0.0,0.0,0.0,0.0,0.0,0.0,0.0,-0.0,0.0,0.0,0.0,0.0,0.0,5014.0,0.0,0.0,0.0,0.0,-107615280.0,2.718429300292151e+23,0.0,0.0,0.0,0.0,53,-0.0,0.0,0.0,0.0,0.0,0.0,0.0,0.0,0.0,0,0,0,0.0,0.0,0.0,0.0,0.0,0.0,0.0,0.0,0.0,0.0,0.0,0.0,0.0,0.0,0.0,0.0,0,-107875648.0,53,0.0,106,-107614832.0,0.0,ERR,ERR,ERR,ERR,ERR,ERR,ERR,ERR,ERR,ERR,ERR,ERR,ERR,ERR,ERR,ERR,ERR,ERR,ERR,ERR,ERR,ERR,ERR,ERR,ERR,ERR,ERR,ERR,ERR,ERR,ERR,ERR,ERR,ERR,ERR,ERR,ERR,ERR,ERR,ERR,ERR,ERR,ERR,ERR,ERR,ERR,ERR,ERR,ERR,ERR,ERR,ERR,ERR,ERR,ERR,ERR,ERR,ERR,ERR,ERR,ERR,ERR,ERR,ERR,ERR,ERR,ERR,50.0,60.0,100,0.0,0.0,0.0,0.0,0.0,0.0,0.0,0.0,0.0,0.0,0.0,0.0,0.0,0.0,0.0,0.0,62.0,74,14,65512,50,65476,0,300,0,0,8,20529,65476,0,0,26214,60.0,0.0,0.0,0.0,0.0,0.0
2026-05-17T18:25:21,ERR,ERR,ERR,ERR,ERR,ERR,ERR,ERR,ERR,ERR,ERR,ERR,ERR,ERR,ERR,ERR,ERR,ERR,ERR,ERR,ERR,ERR,ERR,ERR,ERR,ERR,ERR,ERR,ERR,ERR,ERR,ERR,ERR,ERR,ERR,ERR,ERR,ERR,ERR,ERR,ERR,ERR,ERR,ERR,ERR,ERR,ERR,ERR,ERR,ERR,ERR,ERR,ERR,ERR,ERR,ERR,ERR,ERR,ERR,ERR,ERR,ERR,ERR,ERR,ERR,ERR,ERR,ERR,ERR,ERR,ERR,ERR,ERR,ERR,ERR,ERR,ERR,ERR,ERR,ERR,ERR,ERR,ERR,ERR,ERR,ERR,ERR,ERR,ERR,ERR,ERR,ERR,ERR,ERR,ERR,ERR,ERR,ERR,ERR,ERR,ERR,ERR,ERR,ERR,ERR,ERR,ERR,ERR,ERR,ERR,ERR,ERR,ERR,ERR,ERR,ERR,ERR,ERR,ERR,ERR,ERR,ERR,ERR,ERR,ERR,0.0,-107615296.0,-134474944.0,0.0,0.0,1.3936040501711995e+18,7.805,0.0,0,0,4,0,8422,0.0,45,0.0,0.0,0.0,0.0,0.0,0,0,0,0,0.0,0,0,0,0,0,0,0,0,0,0,0,0,0,0,0,0,0,0,0,0,0,0,0,0,0,0,0,0,0,0,0,0,0,38,14,7,45,65476,0,300,0,0,8,21553,0.0,-107605600.0,0.0,0.0,0.0,0.0,0.0,0.0,0.0,0.0,0.0,0.0,0.0,0.0,0.0,0.0,0.0,0.0,0.0,0.0,0.0,0.0,0.0,2.004,-0.0,0.0,0.0,0.0,0.0,0.0,5019.0,564145833377792.0,0.0,0.0,0.0,-107615280.0,2.718429300292151e+23,0.0,0.0,0.0,0.0,53,-0.0,-4.950401131092143e+32,0.0,0.0,0.0,0.0,0.0,0.0,0.0,0,0,0,0.0,0.0,0.0,0.0,0.0,0.0,0.0,0.0,0.0,0.0,0.0,0.0,0.0,0.0,0.0,0.0,0,-107875648.0,53,0.0,106,-107614832.0,0.0,ERR,ERR,ERR,ERR,ERR,ERR,ERR,ERR,ERR,ERR,ERR,ERR,ERR,ERR,ERR,ERR,ERR,ERR,ERR,ERR,ERR,ERR,ERR,ERR,ERR,ERR,ERR,ERR,ERR,ERR,ERR,ERR,ERR,ERR,ERR,ERR,ERR,ERR,ERR,ERR,ERR,ERR,ERR,ERR,ERR,ERR,ERR,ERR,ERR,ERR,ERR,ERR,ERR,ERR,ERR,ERR,ERR,ERR,ERR,ERR,ERR,ERR,ERR,ERR,ERR,ERR,ERR,50.0,60.0,100,0.0,0.0,0.0,0.0,0.0,0.0,0.0,0.0,0.0,0.0,0.0,0.0,0.0,0.0,0.0,0.0,62.0,74,14,65512,50,65476,0,300,0,0,8,20529,65476,0,0,26214,60.0,0.0,0.0,0.0,0.0,0.0
2026-05-17T18:25:22,ERR,ERR,ERR,ERR,ERR,ERR,ERR,ERR,ERR,ERR,ERR,ERR,ERR,ERR,ERR,ERR,ERR,ERR,ERR,ERR,ERR,ERR,ERR,ERR,ERR,ERR,ERR,ERR,ERR,ERR,ERR,ERR,ERR,ERR,ERR,ERR,ERR,ERR,ERR,ERR,ERR,ERR,ERR,ERR,ERR,ERR,ERR,ERR,ERR,ERR,ERR,ERR,ERR,ERR,ERR,ERR,ERR,ERR,ERR,ERR,ERR,ERR,ERR,ERR,ERR,ERR,ERR,ERR,ERR,ERR,ERR,ERR,ERR,ERR,ERR,ERR,ERR,ERR,ERR,ERR,ERR,ERR,ERR,ERR,ERR,ERR,ERR,ERR,ERR,ERR,ERR,ERR,ERR,ERR,ERR,ERR,ERR,ERR,ERR,ERR,ERR,ERR,ERR,ERR,ERR,ERR,ERR,ERR,ERR,ERR,ERR,ERR,ERR,ERR,ERR,ERR,ERR,ERR,ERR,ERR,ERR,ERR,ERR,ERR,ERR,0.0,-107615296.0,-134474944.0,0.0,0.0,1.3936040501711995e+18,7.805,0.0,0,0,4,0,8422,0.0,45,0.0,0.0,0.0,0.0,0.0,0,0,0,0,0.0,0,0,0,0,0,0,0,0,0,0,0,0,0,0,0,0,0,0,0,0,0,0,0,0,0,0,0,0,0,0,0,0,0,38,14,7,45,65476,0,300,0,0,8,21553,0.0,-107605600.0,0.0,0.0,0.0,0.0,0.0,0.0,0.0,0.0,0.0,0.0,0.0,0.0,0.0,0.0,0.0,0.0,0.0,0.0,0.0,0.0,0.0,2.004,-0.0,0.0,0.0,0.0,0.0,0.0,5019.0,564145833377792.0,0.0,0.0,0.0,-107615280.0,2.718429300292151e+23,0.0,0.0,0.0,0.0,53,-0.0,-4.950401131092143e+32,0.0,0.0,0.0,0.0,0.0,0.0,0.0,0,0,0,0.0,0.0,0.0,0.0,0.0,0.0,0.0,0.0,0.0,0.0,0.0,0.0,0.0,0.0,0.0,0.0,0,-107875648.0,53,0.0,106,-107614832.0,0.0,ERR,ERR,ERR,ERR,ERR,ERR,ERR,ERR,ERR,ERR,ERR,ERR,ERR,ERR,ERR,ERR,ERR,ERR,ERR,ERR,ERR,ERR,ERR,ERR,ERR,ERR,ERR,ERR,ERR,ERR,ERR,ERR,ERR,ERR,ERR,ERR,ERR,ERR,ERR,ERR,ERR,ERR,ERR,ERR,ERR,ERR,ERR,ERR,ERR,ERR,ERR,ERR,ERR,ERR,ERR,ERR,ERR,ERR,ERR,ERR,ERR,ERR,ERR,ERR,ERR,ERR,ERR,50.0,60.0,100,0.0,0.0,0.0,0.0,0.0,0.0,0.0,0.0,0.0,0.0,0.0,0.0,0.0,0.0,0.0,0.0,61.6,74,14,65512,50,65476,0,300,0,0,8,20529,65476,0,0,26214,60.0,0.0,0.0,0.0,0.0,0.0
2026-05-17T18:25:23,ERR,ERR,ERR,ERR,ERR,ERR,ERR,ERR,ERR,ERR,ERR,ERR,ERR,ERR,ERR,ERR,ERR,ERR,ERR,ERR,ERR,ERR,ERR,ERR,ERR,ERR,ERR,ERR,ERR,ERR,ERR,ERR,ERR,ERR,ERR,ERR,ERR,ERR,ERR,ERR,ERR,ERR,ERR,ERR,ERR,ERR,ERR,ERR,ERR,ERR,ERR,ERR,ERR,ERR,ERR,ERR,ERR,ERR,ERR,ERR,ERR,ERR,ERR,ERR,ERR,ERR,ERR,ERR,ERR,ERR,ERR,ERR,ERR,ERR,ERR,ERR,ERR,ERR,ERR,ERR,ERR,ERR,ERR,ERR,ERR,ERR,ERR,ERR,ERR,ERR,ERR,ERR,ERR,ERR,ERR,ERR,ERR,ERR,ERR,ERR,ERR,ERR,ERR,ERR,ERR,ERR,ERR,ERR,ERR,ERR,ERR,ERR,ERR,ERR,ERR,ERR,ERR,ERR,ERR,ERR,ERR,ERR,ERR,ERR,ERR,0.0,-107615296.0,-134474944.0,0.0,0.0,1.3936040501711995e+18,7.805,0.0,0,0,4,0,8422,0.0,45,0.0,0.0,0.0,0.0,0.0,0,0,0,0,0.0,0,0,0,0,0,0,0,0,0,0,0,0,0,0,0,0,0,0,0,0,0,0,0,0,0,0,0,0,0,0,0,0,0,38,14,7,45,65476,0,300,0,0,8,21553,0.0,-107605600.0,0.0,0.0,0.0,0.0,0.0,0.0,0.0,0.0,0.0,0.0,0.0,0.0,0.0,0.0,0.0,0.0,0.0,0.0,0.0,0.0,0.0,2.004,-0.0,0.0,0.0,0.0,0.0,0.0,5019.0,564145833377792.0,0.0,0.0,0.0,-107615280.0,2.718429300292151e+23,0.0,0.0,0.0,0.0,53,-0.0,-4.950401131092143e+32,0.0,0.0,0.0,0.0,0.0,0.0,0.0,0,0,0,0.0,0.0,0.0,0.0,0.0,0.0,0.0,0.0,0.0,0.0,0.0,0.0,0.0,0.0,0.0,0.0,0,-107875648.0,53,0.0,106,-107614832.0,0.0,ERR,ERR,ERR,ERR,ERR,ERR,ERR,ERR,ERR,ERR,ERR,ERR,ERR,ERR,ERR,ERR,ERR,ERR,ERR,ERR,ERR,ERR,ERR,ERR,ERR,ERR,ERR,ERR,ERR,ERR,ERR,ERR,ERR,ERR,ERR,ERR,ERR,ERR,ERR,ERR,ERR,ERR,ERR,ERR,ERR,ERR,ERR,ERR,ERR,ERR,ERR,ERR,ERR,ERR,ERR,ERR,ERR,ERR,ERR,ERR,ERR,ERR,ERR,ERR,ERR,ERR,ERR,50.0,60.0,100,0.0,0.0,0.0,0.0,0.0,0.0,0.0,0.0,0.0,0.0,0.0,0.0,0.0,0.0,0.0,0.0,61.6,74,14,65512,50,65476,0,300,0,0,8,20529,65476,0,0,26214,60.0,0.0,0.0,0.0,0.0,0.0
2026-05-17T18:25:24,ERR,ERR,ERR,ERR,ERR,ERR,ERR,ERR,ERR,ERR,ERR,ERR,ERR,ERR,ERR,ERR,ERR,ERR,ERR,ERR,ERR,ERR,ERR,ERR,ERR,ERR,ERR,ERR,ERR,ERR,ERR,ERR,ERR,ERR,ERR,ERR,ERR,ERR,ERR,ERR,ERR,ERR,ERR,ERR,ERR,ERR,ERR,ERR,ERR,ERR,ERR,ERR,ERR,ERR,ERR,ERR,ERR,ERR,ERR,ERR,ERR,ERR,ERR,ERR,ERR,ERR,ERR,ERR,ERR,ERR,ERR,ERR,ERR,ERR,ERR,ERR,ERR,ERR,ERR,ERR,ERR,ERR,ERR,ERR,ERR,ERR,ERR,ERR,ERR,ERR,ERR,ERR,ERR,ERR,ERR,ERR,ERR,ERR,ERR,ERR,ERR,ERR,ERR,ERR,ERR,ERR,ERR,ERR,ERR,ERR,ERR,ERR,ERR,ERR,ERR,ERR,ERR,ERR,ERR,ERR,ERR,ERR,ERR,ERR,ERR,0.0,-107615296.0,-134474944.0,0.0,0.0,1.3936040501711995e+18,7.805,0.0,0,0,4,0,8422,0.0,45,0.0,0.0,0.0,0.0,0.0,0,0,0,0,0.0,0,0,0,0,0,0,0,0,0,0,0,0,0,0,0,0,0,0,0,0,0,0,0,0,0,0,0,0,0,0,0,0,0,38,14,7,45,65476,0,300,0,0,8,21553,0.0,-107605600.0,0.0,0.0,0.0,0.0,0.0,0.0,0.0,0.0,0.0,0.0,0.0,0.0,0.0,0.0,0.0,0.0,0.0,0.0,0.0,0.0,0.0,2.004,-0.0,0.0,0.0,0.0,0.0,0.0,5019.0,564145833377792.0,0.0,0.0,0.0,-107615280.0,2.718429300292151e+23,0.0,0.0,0.0,0.0,53,-0.0,-4.950401131092143e+32,0.0,0.0,0.0,0.0,0.0,0.0,0.0,0,0,0,0.0,0.0,0.0,0.0,0.0,0.0,0.0,0.0,0.0,0.0,0.0,0.0,0.0,0.0,0.0,0.0,0,-107875648.0,53,0.0,106,-107614832.0,0.0,ERR,ERR,ERR,ERR,ERR,ERR,ERR,ERR,ERR,ERR,ERR,ERR,ERR,ERR,ERR,ERR,ERR,ERR,ERR,ERR,ERR,ERR,ERR,ERR,ERR,ERR,ERR,ERR,ERR,ERR,ERR,ERR,ERR,ERR,ERR,ERR,ERR,ERR,ERR,ERR,ERR,ERR,ERR,ERR,ERR,ERR,ERR,ERR,ERR,ERR,ERR,ERR,ERR,ERR,ERR,ERR,ERR,ERR,ERR,ERR,ERR,ERR,ERR,ERR,ERR,ERR,ERR,50.0,60.0,100,0.0,0.0,0.0,0.0,0.0,0.0,0.0,0.0,0.0,0.0,0.0,0.0,0.0,0.0,0.0,0.0,61.6,74,14,65512,50,65476,0,300,0,0,8,20529,65476,0,0,26214,60.0,0.0,0.0,0.0,0.0,0.0
2026-05-17T18:25:25,ERR,ERR,ERR,ERR,ERR,ERR,ERR,ERR,ERR,ERR,ERR,ERR,ERR,ERR,ERR,ERR,ERR,ERR,ERR,ERR,ERR,ERR,ERR,ERR,ERR,ERR,ERR,ERR,ERR,ERR,ERR,ERR,ERR,ERR,ERR,ERR,ERR,ERR,ERR,ERR,ERR,ERR,ERR,ERR,ERR,ERR,ERR,ERR,ERR,ERR,ERR,ERR,ERR,ERR,ERR,ERR,ERR,ERR,ERR,ERR,ERR,ERR,ERR,ERR,ERR,ERR,ERR,ERR,ERR,ERR,ERR,ERR,ERR,ERR,ERR,ERR,ERR,ERR,ERR,ERR,ERR,ERR,ERR,ERR,ERR,ERR,ERR,ERR,ERR,ERR,ERR,ERR,ERR,ERR,ERR,ERR,ERR,ERR,ERR,ERR,ERR,ERR,ERR,ERR,ERR,ERR,ERR,ERR,ERR,ERR,ERR,ERR,ERR,ERR,ERR,ERR,ERR,ERR,ERR,ERR,ERR,ERR,ERR,ERR,ERR,0.0,-107615296.0,-134474944.0,0.0,0.0,1.3936040501711995e+18,7.805,0.0,0,0,4,0,8422,0.0,45,0.0,0.0,0.0,0.0,0.0,0,0,0,0,0.0,0,0,0,0,0,0,0,0,0,0,0,0,0,0,0,0,0,0,0,0,0,0,0,0,0,0,0,0,0,0,0,0,0,38,14,7,45,65476,0,300,0,0,8,21553,0.0,-107605600.0,0.0,0.0,0.0,0.0,0.0,0.0,0.0,0.0,0.0,0.0,0.0,0.0,0.0,0.0,0.0,0.0,0.0,0.0,0.0,0.0,0.0,2.004,-0.0,0.0,0.0,0.0,0.0,0.0,5019.0,564145833377792.0,0.0,0.0,0.0,-107615280.0,2.718429300292151e+23,0.0,0.0,0.0,0.0,53,-0.0,-4.950401131092143e+32,0.0,0.0,0.0,0.0,0.0,0.0,0.0,0,0,0,0.0,0.0,0.0,0.0,0.0,0.0,0.0,0.0,0.0,0.0,0.0,0.0,0.0,0.0,0.0,0.0,0,-107875648.0,53,0.0,106,-107614832.0,0.0,ERR,ERR,ERR,ERR,ERR,ERR,ERR,ERR,ERR,ERR,ERR,ERR,ERR,ERR,ERR,ERR,ERR,ERR,ERR,ERR,ERR,ERR,ERR,ERR,ERR,ERR,ERR,ERR,ERR,ERR,ERR,ERR,ERR,ERR,ERR,ERR,ERR,ERR,ERR,ERR,ERR,ERR,ERR,ERR,ERR,ERR,ERR,ERR,ERR,ERR,ERR,ERR,ERR,ERR,ERR,ERR,ERR,ERR,ERR,ERR,ERR,ERR,ERR,ERR,ERR,ERR,ERR,50.0,60.0,100,0.0,0.0,0.0,0.0,0.0,0.0,0.0,0.0,0.0,0.0,0.0,0.0,0.0,0.0,0.0,0.0,61.6,74,14,65512,50,65476,0,300,0,0,8,20529,65476,0,0,26214,60.0,0.0,0.0,0.0,0.0,0.0
2026-05-17T18:25:26,ERR,ERR,ERR,ERR,ERR,ERR,ERR,ERR,ERR,ERR,ERR,ERR,ERR,ERR,ERR,ERR,ERR,ERR,ERR,ERR,ERR,ERR,ERR,ERR,ERR,ERR,ERR,ERR,ERR,ERR,ERR,ERR,ERR,ERR,ERR,ERR,ERR,ERR,ERR,ERR,ERR,ERR,ERR,ERR,ERR,ERR,ERR,ERR,ERR,ERR,ERR,ERR,ERR,ERR,ERR,ERR,ERR,ERR,ERR,ERR,ERR,ERR,ERR,ERR,ERR,ERR,ERR,ERR,ERR,ERR,ERR,ERR,ERR,ERR,ERR,ERR,ERR,ERR,ERR,ERR,ERR,ERR,ERR,ERR,ERR,ERR,ERR,ERR,ERR,ERR,ERR,ERR,ERR,ERR,ERR,ERR,ERR,ERR,ERR,ERR,ERR,ERR,ERR,ERR,ERR,ERR,ERR,ERR,ERR,ERR,ERR,ERR,ERR,ERR,ERR,ERR,ERR,ERR,ERR,ERR,ERR,ERR,ERR,ERR,ERR,0.0,-107615296.0,-134474944.0,0.0,0.0,1.3936040501711995e+18,7.805,0.0,0,0,4,0,8422,0.0,45,0.0,0.0,0.0,0.0,0.0,0,0,0,0,0.0,0,0,0,0,0,0,0,0,0,0,0,0,0,0,0,0,0,0,0,0,0,0,0,0,0,0,0,0,0,0,0,0,0,38,14,7,45,65476,0,300,0,0,8,21553,0.0,-107605600.0,0.0,0.0,0.0,0.0,0.0,0.0,0.0,0.0,0.0,0.0,0.0,0.0,0.0,0.0,0.0,0.0,0.0,0.0,0.0,0.0,0.0,2.004,-0.0,0.0,0.0,0.0,0.0,0.0,5019.0,0.0,0.0,0.0,0.0,-107615280.0,2.718429300292151e+23,0.0,0.0,0.0,0.0,53,-0.0,-0.0,0.0,0.0,0.0,0.0,0.0,0.0,0.0,0,0,0,0.0,0.0,0.0,0.0,0.0,0.0,0.0,0.0,0.0,0.0,0.0,0.0,0.0,0.0,0.0,0.0,0,-107875648.0,53,0.0,106,-107614832.0,0.0,ERR,ERR,ERR,ERR,ERR,ERR,ERR,ERR,ERR,ERR,ERR,ERR,ERR,ERR,ERR,ERR,ERR,ERR,ERR,ERR,ERR,ERR,ERR,ERR,ERR,ERR,ERR,ERR,ERR,ERR,ERR,ERR,ERR,ERR,ERR,ERR,ERR,ERR,ERR,ERR,ERR,ERR,ERR,ERR,ERR,ERR,ERR,ERR,ERR,ERR,ERR,ERR,ERR,ERR,ERR,ERR,ERR,ERR,ERR,ERR,ERR,ERR,ERR,ERR,ERR,ERR,ERR,50.0,60.0,100,0.0,0.0,0.0,0.0,0.0,0.0,0.0,0.0,0.0,0.0,0.0,0.0,0.0,0.0,0.0,0.0,61.6,74,14,65512,50,65476,0,300,0,0,8,20529,65476,0,0,26214,60.0,0.0,0.0,0.0,0.0,0.0
2026-05-17T18:25:27,ERR,ERR,ERR,ERR,ERR,ERR,ERR,ERR,ERR,ERR,ERR,ERR,ERR,ERR,ERR,ERR,ERR,ERR,ERR,ERR,ERR,ERR,ERR,ERR,ERR,ERR,ERR,ERR,ERR,ERR,ERR,ERR,ERR,ERR,ERR,ERR,ERR,ERR,ERR,ERR,ERR,ERR,ERR,ERR,ERR,ERR,ERR,ERR,ERR,ERR,ERR,ERR,ERR,ERR,ERR,ERR,ERR,ERR,ERR,ERR,ERR,ERR,ERR,ERR,ERR,ERR,ERR,ERR,ERR,ERR,ERR,ERR,ERR,ERR,ERR,ERR,ERR,ERR,ERR,ERR,ERR,ERR,ERR,ERR,ERR,ERR,ERR,ERR,ERR,ERR,ERR,ERR,ERR,ERR,ERR,ERR,ERR,ERR,ERR,ERR,ERR,ERR,ERR,ERR,ERR,ERR,ERR,ERR,ERR,ERR,ERR,ERR,ERR,ERR,ERR,ERR,ERR,ERR,ERR,ERR,ERR,ERR,ERR,ERR,ERR,0.0,-107615296.0,-134474944.0,0.0,0.0,1.3936040501711995e+18,7.805,0.0,0,0,4,0,8422,0.0,45,0.0,0.0,0.0,0.0,0.0,0,0,0,0,0.0,0,0,0,0,0,0,0,0,0,0,0,0,0,0,0,0,0,0,0,0,0,0,0,0,0,0,0,0,0,0,0,0,0,38,14,7,45,65476,0,300,0,0,8,21553,0.0,-107605600.0,0.0,0.0,0.0,0.0,0.0,0.0,0.0,0.0,0.0,0.0,0.0,0.0,0.0,0.0,0.0,0.0,0.0,0.0,0.0,0.0,0.0,2.004,-0.0,0.0,0.0,0.0,0.0,0.0,5019.0,0.0,0.0,0.0,0.0,-107615280.0,2.718429300292151e+23,0.0,0.0,0.0,0.0,53,-0.0,-0.0,0.0,0.0,0.0,0.0,0.0,0.0,0.0,0,0,0,0.0,0.0,0.0,0.0,0.0,0.0,0.0,0.0,0.0,0.0,0.0,0.0,0.0,0.0,0.0,0.0,0,-107875648.0,53,0.0,106,-107614832.0,0.0,ERR,ERR,ERR,ERR,ERR,ERR,ERR,ERR,ERR,ERR,ERR,ERR,ERR,ERR,ERR,ERR,ERR,ERR,ERR,ERR,ERR,ERR,ERR,ERR,ERR,ERR,ERR,ERR,ERR,ERR,ERR,ERR,ERR,ERR,ERR,ERR,ERR,ERR,ERR,ERR,ERR,ERR,ERR,ERR,ERR,ERR,ERR,ERR,ERR,ERR,ERR,ERR,ERR,ERR,ERR,ERR,ERR,ERR,ERR,ERR,ERR,ERR,ERR,ERR,ERR,ERR,ERR,50.0,60.0,100,0.0,0.0,0.0,0.0,0.0,0.0,0.0,0.0,0.0,0.0,0.0,0.0,0.0,0.0,0.0,0.0,61.6,74,14,65512,50,65476,0,300,0,0,8,20529,65476,0,0,26214,60.0,0.0,0.0,0.0,0.0,0.0
2026-05-17T18:25:28,ERR,ERR,ERR,ERR,ERR,ERR,ERR,ERR,ERR,ERR,ERR,ERR,ERR,ERR,ERR,ERR,ERR,ERR,ERR,ERR,ERR,ERR,ERR,ERR,ERR,ERR,ERR,ERR,ERR,ERR,ERR,ERR,ERR,ERR,ERR,ERR,ERR,ERR,ERR,ERR,ERR,ERR,ERR,ERR,ERR,ERR,ERR,ERR,ERR,ERR,ERR,ERR,ERR,ERR,ERR,ERR,ERR,ERR,ERR,ERR,ERR,ERR,ERR,ERR,ERR,ERR,ERR,ERR,ERR,ERR,ERR,ERR,ERR,ERR,ERR,ERR,ERR,ERR,ERR,ERR,ERR,ERR,ERR,ERR,ERR,ERR,ERR,ERR,ERR,ERR,ERR,ERR,ERR,ERR,ERR,ERR,ERR,ERR,ERR,ERR,ERR,ERR,ERR,ERR,ERR,ERR,ERR,ERR,ERR,ERR,ERR,ERR,ERR,ERR,ERR,ERR,ERR,ERR,ERR,ERR,ERR,ERR,ERR,ERR,ERR,0.0,-107615296.0,-134474944.0,0.0,0.0,1.3936040501711995e+18,7.805,0.0,0,0,4,0,8422,0.0,45,0.0,0.0,0.0,0.0,0.0,0,0,0,0,0.0,0,0,0,0,0,0,0,0,0,0,0,0,0,0,0,0,0,0,0,0,0,0,0,0,0,0,0,0,0,0,0,0,0,38,14,7,45,65476,0,300,0,0,8,21553,0.0,-107605600.0,0.0,0.0,0.0,0.0,0.0,0.0,0.0,0.0,0.0,0.0,0.0,0.0,0.0,0.0,0.0,0.0,0.0,0.0,0.0,0.0,0.0,2.004,-0.0,0.0,0.0,0.0,0.0,0.0,5019.0,0.0,0.0,0.0,0.0,-107615280.0,2.718429300292151e+23,0.0,0.0,0.0,0.0,53,-0.0,-0.0,0.0,0.0,0.0,0.0,0.0,0.0,0.0,0,0,0,0.0,0.0,0.0,0.0,0.0,0.0,0.0,0.0,0.0,0.0,0.0,0.0,0.0,0.0,0.0,0.0,0,-107875648.0,53,0.0,106,-107614832.0,0.0,ERR,ERR,ERR,ERR,ERR,ERR,ERR,ERR,ERR,ERR,ERR,ERR,ERR,ERR,ERR,ERR,ERR,ERR,ERR,ERR,ERR,ERR,ERR,ERR,ERR,ERR,ERR,ERR,ERR,ERR,ERR,ERR,ERR,ERR,ERR,ERR,ERR,ERR,ERR,ERR,ERR,ERR,ERR,ERR,ERR,ERR,ERR,ERR,ERR,ERR,ERR,ERR,ERR,ERR,ERR,ERR,ERR,ERR,ERR,ERR,ERR,ERR,ERR,ERR,ERR,ERR,ERR,50.0,60.0,100,0.0,0.0,0.0,0.0,0.0,0.0,0.0,0.0,0.0,0.0,0.0,0.0,0.0,0.0,0.0,0.0,61.6,74,14,65512,50,65476,0,300,0,0,8,20529,65476,0,0,26214,60.0,0.0,0.0,0.0,0.0,0.0
2026-05-17T18:25:29,ERR,ERR,ERR,ERR,ERR,ERR,ERR,ERR,ERR,ERR,ERR,ERR,ERR,ERR,ERR,ERR,ERR,ERR,ERR,ERR,ERR,ERR,ERR,ERR,ERR,ERR,ERR,ERR,ERR,ERR,ERR,ERR,ERR,ERR,ERR,ERR,ERR,ERR,ERR,ERR,ERR,ERR,ERR,ERR,ERR,ERR,ERR,ERR,ERR,ERR,ERR,ERR,ERR,ERR,ERR,ERR,ERR,ERR,ERR,ERR,ERR,ERR,ERR,ERR,ERR,ERR,ERR,ERR,ERR,ERR,ERR,ERR,ERR,ERR,ERR,ERR,ERR,ERR,ERR,ERR,ERR,ERR,ERR,ERR,ERR,ERR,ERR,ERR,ERR,ERR,ERR,ERR,ERR,ERR,ERR,ERR,ERR,ERR,ERR,ERR,ERR,ERR,ERR,ERR,ERR,ERR,ERR,ERR,ERR,ERR,ERR,ERR,ERR,ERR,ERR,ERR,ERR,ERR,ERR,ERR,ERR,ERR,ERR,ERR,ERR,0.0,-107615296.0,-134474944.0,0.0,0.0,1.3936040501711995e+18,7.805,0.0,0,0,4,0,8422,0.0,45,0.0,0.0,0.0,0.0,0.0,0,0,0,0,0.0,0,0,0,0,0,0,0,0,0,0,0,0,0,0,0,0,0,0,0,0,0,0,0,0,0,0,0,0,0,0,0,0,0,38,14,7,45,65476,0,300,0,0,8,21553,0.0,-107605600.0,0.0,0.0,0.0,0.0,0.0,0.0,0.0,0.0,0.0,0.0,0.0,0.0,0.0,0.0,0.0,0.0,0.0,0.0,0.0,0.0,0.0,2.004,-0.0,0.0,0.0,0.0,0.0,0.0,5019.0,0.0,0.0,0.0,0.0,-107615280.0,2.718429300292151e+23,0.0,0.0,0.0,0.0,53,-0.0,-0.0,0.0,0.0,0.0,0.0,0.0,0.0,0.0,0,0,0,0.0,0.0,0.0,0.0,0.0,0.0,0.0,0.0,0.0,0.0,0.0,0.0,0.0,0.0,0.0,0.0,0,-107875648.0,53,0.0,106,-107614832.0,0.0,ERR,ERR,ERR,ERR,ERR,ERR,ERR,ERR,ERR,ERR,ERR,ERR,ERR,ERR,ERR,ERR,ERR,ERR,ERR,ERR,ERR,ERR,ERR,ERR,ERR,ERR,ERR,ERR,ERR,ERR,ERR,ERR,ERR,ERR,ERR,ERR,ERR,ERR,ERR,ERR,ERR,ERR,ERR,ERR,ERR,ERR,ERR,ERR,ERR,ERR,ERR,ERR,ERR,ERR,ERR,ERR,ERR,ERR,ERR,ERR,ERR,ERR,ERR,ERR,ERR,ERR,ERR,50.0,60.0,100,0.0,0.0,0.0,0.0,0.0,0.0,0.0,0.0,0.0,0.0,0.0,0.0,0.0,0.0,0.0,0.0,61.6,74,14,65512,50,65476,0,300,0,0,8,20529,65476,0,0,26214,60.0,0.0,0.0,0.0,0.0,0.0
2026-05-17T18:25:30,ERR,ERR,ERR,ERR,ERR,ERR,ERR,ERR,ERR,ERR,ERR,ERR,ERR,ERR,ERR,ERR,ERR,ERR,ERR,ERR,ERR,ERR,ERR,ERR,ERR,ERR,ERR,ERR,ERR,ERR,ERR,ERR,ERR,ERR,ERR,ERR,ERR,ERR,ERR,ERR,ERR,ERR,ERR,ERR,ERR,ERR,ERR,ERR,ERR,ERR,ERR,ERR,ERR,ERR,ERR,ERR,ERR,ERR,ERR,ERR,ERR,ERR,ERR,ERR,ERR,ERR,ERR,ERR,ERR,ERR,ERR,ERR,ERR,ERR,ERR,ERR,ERR,ERR,ERR,ERR,ERR,ERR,ERR,ERR,ERR,ERR,ERR,ERR,ERR,ERR,ERR,ERR,ERR,ERR,ERR,ERR,ERR,ERR,ERR,ERR,ERR,ERR,ERR,ERR,ERR,ERR,ERR,ERR,ERR,ERR,ERR,ERR,ERR,ERR,ERR,ERR,ERR,ERR,ERR,ERR,ERR,ERR,ERR,ERR,ERR,0.0,-107615296.0,-134474944.0,0.0,0.0,1.3936040501711995e+18,7.805,0.0,0,0,4,0,8422,0.0,45,0.0,0.0,0.0,0.0,0.0,0,0,0,0,0.0,0,0,0,0,0,0,0,0,0,0,0,0,0,0,0,0,0,0,0,0,0,0,0,0,0,0,0,0,0,0,0,0,0,38,14,7,45,65476,0,300,0,0,8,21553,0.0,-107605600.0,0.0,0.0,0.0,0.0,0.0,0.0,0.0,0.0,0.0,0.0,0.0,0.0,0.0,0.0,0.0,0.0,0.0,0.0,0.0,0.0,0.0,2.004,-0.0,0.0,0.0,0.0,0.0,0.0,5019.0,0.0,0.0,0.0,0.0,-107615280.0,2.718429300292151e+23,0.0,0.0,0.0,0.0,53,-0.0,-0.0,0.0,0.0,0.0,0.0,0.0,0.0,0.0,0,0,0,0.0,0.0,0.0,0.0,0.0,0.0,0.0,0.0,0.0,0.0,0.0,0.0,0.0,0.0,0.0,0.0,0,-107875648.0,53,0.0,106,-107614832.0,0.0,ERR,ERR,ERR,ERR,ERR,ERR,ERR,ERR,ERR,ERR,ERR,ERR,ERR,ERR,ERR,ERR,ERR,ERR,ERR,ERR,ERR,ERR,ERR,ERR,ERR,ERR,ERR,ERR,ERR,ERR,ERR,ERR,ERR,ERR,ERR,ERR,ERR,ERR,ERR,ERR,ERR,ERR,ERR,ERR,ERR,ERR,ERR,ERR,ERR,ERR,ERR,ERR,ERR,ERR,ERR,ERR,ERR,ERR,ERR,ERR,ERR,ERR,ERR,ERR,ERR,ERR,ERR,50.0,60.0,100,0.0,0.0,0.0,0.0,0.0,0.0,0.0,0.0,0.0,0.0,0.0,0.0,0.0,0.0,0.0,0.0,62.0,74,14,65512,50,65476,0,300,0,0,8,20529,65476,0,0,26214,60.0,0.0,0.0,0.0,0.0,0.0
2026-05-17T18:25:31,ERR,ERR,ERR,ERR,ERR,ERR,ERR,ERR,ERR,ERR,ERR,ERR,ERR,ERR,ERR,ERR,ERR,ERR,ERR,ERR,ERR,ERR,ERR,ERR,ERR,ERR,ERR,ERR,ERR,ERR,ERR,ERR,ERR,ERR,ERR,ERR,ERR,ERR,ERR,ERR,ERR,ERR,ERR,ERR,ERR,ERR,ERR,ERR,ERR,ERR,ERR,ERR,ERR,ERR,ERR,ERR,ERR,ERR,ERR,ERR,ERR,ERR,ERR,ERR,ERR,ERR,ERR,ERR,ERR,ERR,ERR,ERR,ERR,ERR,ERR,ERR,ERR,ERR,ERR,ERR,ERR,ERR,ERR,ERR,ERR,ERR,ERR,ERR,ERR,ERR,ERR,ERR,ERR,ERR,ERR,ERR,ERR,ERR,ERR,ERR,ERR,ERR,ERR,ERR,ERR,ERR,ERR,ERR,ERR,ERR,ERR,ERR,ERR,ERR,ERR,ERR,ERR,ERR,ERR,ERR,ERR,ERR,ERR,ERR,ERR,0.0,0.0,0.0,0.0,0.0,1.3936040501711995e+18,7.805,0.0,0,0,4,0,8422,0.0,45,0.0,0.0,0.0,0.0,0.0,0,0,0,0,0.0,0,0,0,0,0,0,0,0,0,0,0,0,0,0,0,0,0,0,0,0,0,0,0,0,0,0,0,0,0,0,0,0,0,38,14,7,45,65476,0,300,0,0,8,21553,0.0,-107605600.0,0.0,0.0,0.0,0.0,0.0,0.0,0.0,0.0,0.0,0.0,0.0,0.0,0.0,0.0,0.0,0.0,0.0,0.0,0.0,0.0,0.0,0.0,-0.0,0.0,0.0,0.0,0.0,0.0,4987.0,-564145766268928.0,0.0,0.0,0.0,-107615280.0,2.718429300292151e+23,0.0,0.0,0.0,0.0,53,-0.0,5.848055287018579e+35,0.0,0.0,0.0,0.0,0.0,0.0,0.0,0,0,0,0.0,0.0,0.0,0.0,0.0,0.0,0.0,0.0,0.0,0.0,0.0,0.0,0.0,0.0,0.0,0.0,0,-107875648.0,53,0.0,106,-107614832.0,0.0,ERR,ERR,ERR,ERR,ERR,ERR,ERR,ERR,ERR,ERR,ERR,ERR,ERR,ERR,ERR,ERR,ERR,ERR,ERR,ERR,ERR,ERR,ERR,ERR,ERR,ERR,ERR,ERR,ERR,ERR,ERR,ERR,ERR,ERR,ERR,ERR,ERR,ERR,ERR,ERR,ERR,ERR,ERR,ERR,ERR,ERR,ERR,ERR,ERR,ERR,ERR,ERR,ERR,ERR,ERR,ERR,ERR,ERR,ERR,ERR,ERR,ERR,ERR,ERR,ERR,ERR,ERR,50.0,60.0,100,0.0,0.0,0.0,0.0,0.0,0.0,0.0,0.0,0.0,0.0,0.0,0.0,0.0,0.0,0.0,0.0,62.0,74,14,65512,50,65476,0,300,0,0,8,20529,65476,0,0,26214,60.0,0.0,0.0,0.0,0.0,0.0
2026-05-17T18:25:32,ERR,ERR,ERR,ERR,ERR,ERR,ERR,ERR,ERR,ERR,ERR,ERR,ERR,ERR,ERR,ERR,ERR,ERR,ERR,ERR,ERR,ERR,ERR,ERR,ERR,ERR,ERR,ERR,ERR,ERR,ERR,ERR,ERR,ERR,ERR,ERR,ERR,ERR,ERR,ERR,ERR,ERR,ERR,ERR,ERR,ERR,ERR,ERR,ERR,ERR,ERR,ERR,ERR,ERR,ERR,ERR,ERR,ERR,ERR,ERR,ERR,ERR,ERR,ERR,ERR,ERR,ERR,ERR,ERR,ERR,ERR,ERR,ERR,ERR,ERR,ERR,ERR,ERR,ERR,ERR,ERR,ERR,ERR,ERR,ERR,ERR,ERR,ERR,ERR,ERR,ERR,ERR,ERR,ERR,ERR,ERR,ERR,ERR,ERR,ERR,ERR,ERR,ERR,ERR,ERR,ERR,ERR,ERR,ERR,ERR,ERR,ERR,ERR,ERR,ERR,ERR,ERR,ERR,ERR,ERR,ERR,ERR,ERR,ERR,ERR,0.0,0.0,0.0,0.0,0.0,1.3936040501711995e+18,7.805,0.0,0,0,4,0,8422,0.0,45,0.0,0.0,0.0,0.0,0.0,0,0,0,0,0.0,0,0,0,0,0,0,0,0,0,0,0,0,0,0,0,0,0,0,0,0,0,0,0,0,0,0,0,0,0,0,0,0,0,38,14,7,45,65476,0,300,0,0,8,21553,0.0,-107605600.0,0.0,0.0,0.0,0.0,0.0,0.0,0.0,0.0,0.0,0.0,0.0,0.0,0.0,0.0,0.0,0.0,0.0,0.0,0.0,0.0,0.0,0.0,-0.0,0.0,0.0,0.0,0.0,0.0,4987.0,-564145766268928.0,0.0,0.0,0.0,-107615280.0,2.718429300292151e+23,0.0,0.0,0.0,0.0,53,-0.0,5.848055287018579e+35,0.0,0.0,0.0,0.0,0.0,0.0,0.0,0,0,0,0.0,0.0,0.0,0.0,0.0,0.0,0.0,0.0,0.0,0.0,0.0,0.0,0.0,0.0,0.0,0.0,0,-107875648.0,53,0.0,106,-107614832.0,0.0,ERR,ERR,ERR,ERR,ERR,ERR,ERR,ERR,ERR,ERR,ERR,ERR,ERR,ERR,ERR,ERR,ERR,ERR,ERR,ERR,ERR,ERR,ERR,ERR,ERR,ERR,ERR,ERR,ERR,ERR,ERR,ERR,ERR,ERR,ERR,ERR,ERR,ERR,ERR,ERR,ERR,ERR,ERR,ERR,ERR,ERR,ERR,ERR,ERR,ERR,ERR,ERR,ERR,ERR,ERR,ERR,ERR,ERR,ERR,ERR,ERR,ERR,ERR,ERR,ERR,ERR,ERR,50.0,60.0,100,0.0,0.0,0.0,0.0,0.0,0.0,0.0,0.0,0.0,0.0,0.0,0.0,0.0,0.0,0.0,0.0,61.6,74,14,65512,50,65476,0,300,0,0,8,20529,65476,0,0,26214,60.0,0.0,0.0,0.0,0.0,0.0
2026-05-17T18:25:33,ERR,ERR,ERR,ERR,ERR,ERR,ERR,ERR,ERR,ERR,ERR,ERR,ERR,ERR,ERR,ERR,ERR,ERR,ERR,ERR,ERR,ERR,ERR,ERR,ERR,ERR,ERR,ERR,ERR,ERR,ERR,ERR,ERR,ERR,ERR,ERR,ERR,ERR,ERR,ERR,ERR,ERR,ERR,ERR,ERR,ERR,ERR,ERR,ERR,ERR,ERR,ERR,ERR,ERR,ERR,ERR,ERR,ERR,ERR,ERR,ERR,ERR,ERR,ERR,ERR,ERR,ERR,ERR,ERR,ERR,ERR,ERR,ERR,ERR,ERR,ERR,ERR,ERR,ERR,ERR,ERR,ERR,ERR,ERR,ERR,ERR,ERR,ERR,ERR,ERR,ERR,ERR,ERR,ERR,ERR,ERR,ERR,ERR,ERR,ERR,ERR,ERR,ERR,ERR,ERR,ERR,ERR,ERR,ERR,ERR,ERR,ERR,ERR,ERR,ERR,ERR,ERR,ERR,ERR,ERR,ERR,ERR,ERR,ERR,ERR,0.0,0.0,0.0,0.0,0.0,1.3936040501711995e+18,7.805,0.0,0,0,4,0,8422,0.0,45,0.0,0.0,0.0,0.0,0.0,0,0,0,0,0.0,0,0,0,0,0,0,0,0,0,0,0,0,0,0,0,0,0,0,0,0,0,0,0,0,0,0,0,0,0,0,0,0,0,38,14,7,45,65476,0,300,0,0,8,21553,0.0,-107605600.0,0.0,0.0,0.0,0.0,0.0,0.0,0.0,0.0,0.0,0.0,0.0,0.0,0.0,0.0,0.0,0.0,0.0,0.0,0.0,0.0,0.0,0.0,-0.0,0.0,0.0,0.0,0.0,0.0,4987.0,-564145766268928.0,0.0,0.0,0.0,-107615280.0,2.718429300292151e+23,0.0,0.0,0.0,0.0,53,-0.0,5.848055287018579e+35,0.0,0.0,0.0,0.0,0.0,0.0,0.0,0,0,0,0.0,0.0,0.0,0.0,0.0,0.0,0.0,0.0,0.0,0.0,0.0,0.0,0.0,0.0,0.0,0.0,0,-107875648.0,53,0.0,106,-107614832.0,0.0,ERR,ERR,ERR,ERR,ERR,ERR,ERR,ERR,ERR,ERR,ERR,ERR,ERR,ERR,ERR,ERR,ERR,ERR,ERR,ERR,ERR,ERR,ERR,ERR,ERR,ERR,ERR,ERR,ERR,ERR,ERR,ERR,ERR,ERR,ERR,ERR,ERR,ERR,ERR,ERR,ERR,ERR,ERR,ERR,ERR,ERR,ERR,ERR,ERR,ERR,ERR,ERR,ERR,ERR,ERR,ERR,ERR,ERR,ERR,ERR,ERR,ERR,ERR,ERR,ERR,ERR,ERR,50.0,60.0,100,0.0,0.0,0.0,0.0,0.0,0.0,0.0,0.0,0.0,0.0,0.0,0.0,0.0,0.0,0.0,0.0,61.6,74,14,65512,50,65476,0,300,0,0,8,20529,65476,0,0,26214,60.0,0.0,0.0,0.0,0.0,0.0
2026-05-17T18:25:34,ERR,ERR,ERR,ERR,ERR,ERR,ERR,ERR,ERR,ERR,ERR,ERR,ERR,ERR,ERR,ERR,ERR,ERR,ERR,ERR,ERR,ERR,ERR,ERR,ERR,ERR,ERR,ERR,ERR,ERR,ERR,ERR,ERR,ERR,ERR,ERR,ERR,ERR,ERR,ERR,ERR,ERR,ERR,ERR,ERR,ERR,ERR,ERR,ERR,ERR,ERR,ERR,ERR,ERR,ERR,ERR,ERR,ERR,ERR,ERR,ERR,ERR,ERR,ERR,ERR,ERR,ERR,ERR,ERR,ERR,ERR,ERR,ERR,ERR,ERR,ERR,ERR,ERR,ERR,ERR,ERR,ERR,ERR,ERR,ERR,ERR,ERR,ERR,ERR,ERR,ERR,ERR,ERR,ERR,ERR,ERR,ERR,ERR,ERR,ERR,ERR,ERR,ERR,ERR,ERR,ERR,ERR,ERR,ERR,ERR,ERR,ERR,ERR,ERR,ERR,ERR,ERR,ERR,ERR,ERR,ERR,ERR,ERR,ERR,ERR,0.0,0.0,0.0,0.0,0.0,1.3936040501711995e+18,7.805,0.0,0,0,4,0,8422,0.0,45,0.0,0.0,0.0,0.0,0.0,0,0,0,0,0.0,0,0,0,0,0,0,0,0,0,0,0,0,0,0,0,0,0,0,0,0,0,0,0,0,0,0,0,0,0,0,0,0,0,38,14,7,45,65476,0,300,0,0,8,21553,0.0,-107605600.0,0.0,0.0,0.0,0.0,0.0,0.0,0.0,0.0,0.0,0.0,0.0,0.0,0.0,0.0,0.0,0.0,0.0,0.0,0.0,0.0,0.0,0.0,-0.0,0.0,0.0,0.0,0.0,0.0,4987.0,-564145766268928.0,0.0,0.0,0.0,-107615280.0,2.718429300292151e+23,0.0,0.0,0.0,0.0,53,-0.0,5.848055287018579e+35,0.0,0.0,0.0,0.0,0.0,0.0,0.0,0,0,0,0.0,0.0,0.0,0.0,0.0,0.0,0.0,0.0,0.0,0.0,0.0,0.0,0.0,0.0,0.0,0.0,0,-107875648.0,53,0.0,106,-107614832.0,0.0,ERR,ERR,ERR,ERR,ERR,ERR,ERR,ERR,ERR,ERR,ERR,ERR,ERR,ERR,ERR,ERR,ERR,ERR,ERR,ERR,ERR,ERR,ERR,ERR,ERR,ERR,ERR,ERR,ERR,ERR,ERR,ERR,ERR,ERR,ERR,ERR,ERR,ERR,ERR,ERR,ERR,ERR,ERR,ERR,ERR,ERR,ERR,ERR,ERR,ERR,ERR,ERR,ERR,ERR,ERR,ERR,ERR,ERR,ERR,ERR,ERR,ERR,ERR,ERR,ERR,ERR,ERR,50.0,60.0,100,0.0,0.0,0.0,0.0,0.0,0.0,0.0,0.0,0.0,0.0,0.0,0.0,0.0,0.0,0.0,0.0,61.6,74,14,65512,50,65476,0,300,0,0,8,20529,65476,0,0,26214,60.0,0.0,0.0,0.0,0.0,0.0
2026-05-17T18:25:35,ERR,ERR,ERR,ERR,ERR,ERR,ERR,ERR,ERR,ERR,ERR,ERR,ERR,ERR,ERR,ERR,ERR,ERR,ERR,ERR,ERR,ERR,ERR,ERR,ERR,ERR,ERR,ERR,ERR,ERR,ERR,ERR,ERR,ERR,ERR,ERR,ERR,ERR,ERR,ERR,ERR,ERR,ERR,ERR,ERR,ERR,ERR,ERR,ERR,ERR,ERR,ERR,ERR,ERR,ERR,ERR,ERR,ERR,ERR,ERR,ERR,ERR,ERR,ERR,ERR,ERR,ERR,ERR,ERR,ERR,ERR,ERR,ERR,ERR,ERR,ERR,ERR,ERR,ERR,ERR,ERR,ERR,ERR,ERR,ERR,ERR,ERR,ERR,ERR,ERR,ERR,ERR,ERR,ERR,ERR,ERR,ERR,ERR,ERR,ERR,ERR,ERR,ERR,ERR,ERR,ERR,ERR,ERR,ERR,ERR,ERR,ERR,ERR,ERR,ERR,ERR,ERR,ERR,ERR,ERR,ERR,ERR,ERR,ERR,ERR,0.0,0.0,0.0,0.0,0.0,1.3936040501711995e+18,7.805,0.0,0,0,4,0,8422,0.0,45,0.0,0.0,0.0,0.0,0.0,0,0,0,0,0.0,0,0,0,0,0,0,0,0,0,0,0,0,0,0,0,0,0,0,0,0,0,0,0,0,0,0,0,0,0,0,0,0,0,38,14,7,45,65476,0,300,0,0,8,21553,0.0,-107605600.0,0.0,0.0,0.0,0.0,0.0,0.0,0.0,0.0,0.0,0.0,0.0,0.0,0.0,0.0,0.0,0.0,0.0,0.0,0.0,0.0,0.0,0.0,-0.0,0.0,0.0,0.0,0.0,0.0,4987.0,-564145766268928.0,0.0,0.0,0.0,-107615280.0,2.718429300292151e+23,0.0,0.0,0.0,0.0,53,-0.0,5.848055287018579e+35,0.0,0.0,0.0,0.0,0.0,0.0,0.0,0,0,0,0.0,0.0,0.0,0.0,0.0,0.0,0.0,0.0,0.0,0.0,0.0,0.0,0.0,0.0,0.0,0.0,0,-107875648.0,53,0.0,106,-107614832.0,0.0,ERR,ERR,ERR,ERR,ERR,ERR,ERR,ERR,ERR,ERR,ERR,ERR,ERR,ERR,ERR,ERR,ERR,ERR,ERR,ERR,ERR,ERR,ERR,ERR,ERR,ERR,ERR,ERR,ERR,ERR,ERR,ERR,ERR,ERR,ERR,ERR,ERR,ERR,ERR,ERR,ERR,ERR,ERR,ERR,ERR,ERR,ERR,ERR,ERR,ERR,ERR,ERR,ERR,ERR,ERR,ERR,ERR,ERR,ERR,ERR,ERR,ERR,ERR,ERR,ERR,ERR,ERR,50.0,60.0,100,0.0,0.0,0.0,0.0,0.0,0.0,0.0,0.0,0.0,0.0,0.0,0.0,0.0,0.0,0.0,0.0,61.6,74,14,65512,50,65476,0,300,0,0,8,20529,65476,0,0,26214,60.0,0.0,0.0,0.0,0.0,0.0
2026-05-17T18:25:36,ERR,ERR,ERR,ERR,ERR,ERR,ERR,ERR,ERR,ERR,ERR,ERR,ERR,ERR,ERR,ERR,ERR,ERR,ERR,ERR,ERR,ERR,ERR,ERR,ERR,ERR,ERR,ERR,ERR,ERR,ERR,ERR,ERR,ERR,ERR,ERR,ERR,ERR,ERR,ERR,ERR,ERR,ERR,ERR,ERR,ERR,ERR,ERR,ERR,ERR,ERR,ERR,ERR,ERR,ERR,ERR,ERR,ERR,ERR,ERR,ERR,ERR,ERR,ERR,ERR,ERR,ERR,ERR,ERR,ERR,ERR,ERR,ERR,ERR,ERR,ERR,ERR,ERR,ERR,ERR,ERR,ERR,ERR,ERR,ERR,ERR,ERR,ERR,ERR,ERR,ERR,ERR,ERR,ERR,ERR,ERR,ERR,ERR,ERR,ERR,ERR,ERR,ERR,ERR,ERR,ERR,ERR,ERR,ERR,ERR,ERR,ERR,ERR,ERR,ERR,ERR,ERR,ERR,ERR,ERR,ERR,ERR,ERR,ERR,ERR,0.0,0.0,0.0,0.0,0.0,1.3936040501711995e+18,7.805,0.0,0,0,4,0,8422,0.0,45,0.0,0.0,0.0,0.0,0.0,0,0,0,0,0.0,0,0,0,0,0,0,0,0,0,0,0,0,0,0,0,0,0,0,0,0,0,0,0,0,0,0,0,0,0,0,0,0,0,38,14,7,45,65476,0,300,0,0,8,21553,0.0,-107605600.0,0.0,0.0,0.0,0.0,0.0,0.0,0.0,0.0,0.0,0.0,0.0,0.0,0.0,0.0,0.0,0.0,0.0,0.0,0.0,0.0,0.0,2.004,-0.0,0.0,0.0,0.0,0.0,0.0,4993.0,3.697186133624698e+19,0.0,0.0,0.0,-107615280.0,2.718429300292151e+23,0.0,0.0,0.0,0.0,53,-0.0,89220.562,0.0,0.0,0.0,0.0,0.0,0.0,0.0,0,0,0,0.0,0.0,0.0,0.0,0.0,0.0,0.0,0.0,0.0,0.0,0.0,0.0,0.0,0.0,0.0,0.0,0,-107875648.0,53,0.0,106,-107614832.0,0.0,ERR,ERR,ERR,ERR,ERR,ERR,ERR,ERR,ERR,ERR,ERR,ERR,ERR,ERR,ERR,ERR,ERR,ERR,ERR,ERR,ERR,ERR,ERR,ERR,ERR,ERR,ERR,ERR,ERR,ERR,ERR,ERR,ERR,ERR,ERR,ERR,ERR,ERR,ERR,ERR,ERR,ERR,ERR,ERR,ERR,ERR,ERR,ERR,ERR,ERR,ERR,ERR,ERR,ERR,ERR,ERR,ERR,ERR,ERR,ERR,ERR,ERR,ERR,ERR,ERR,ERR,ERR,50.0,60.0,100,0.0,0.0,0.0,0.0,0.0,0.0,0.0,0.0,0.0,0.0,0.0,0.0,0.0,0.0,0.0,0.0,61.6,74,14,65512,50,65476,0,300,0,0,8,20529,65476,0,0,26214,60.0,0.0,0.0,0.0,0.0,0.0
2026-05-17T18:25:37,ERR,ERR,ERR,ERR,ERR,ERR,ERR,ERR,ERR,ERR,ERR,ERR,ERR,ERR,ERR,ERR,ERR,ERR,ERR,ERR,ERR,ERR,ERR,ERR,ERR,ERR,ERR,ERR,ERR,ERR,ERR,ERR,ERR,ERR,ERR,ERR,ERR,ERR,ERR,ERR,ERR,ERR,ERR,ERR,ERR,ERR,ERR,ERR,ERR,ERR,ERR,ERR,ERR,ERR,ERR,ERR,ERR,ERR,ERR,ERR,ERR,ERR,ERR,ERR,ERR,ERR,ERR,ERR,ERR,ERR,ERR,ERR,ERR,ERR,ERR,ERR,ERR,ERR,ERR,ERR,ERR,ERR,ERR,ERR,ERR,ERR,ERR,ERR,ERR,ERR,ERR,ERR,ERR,ERR,ERR,ERR,ERR,ERR,ERR,ERR,ERR,ERR,ERR,ERR,ERR,ERR,ERR,ERR,ERR,ERR,ERR,ERR,ERR,ERR,ERR,ERR,ERR,ERR,ERR,ERR,ERR,ERR,ERR,ERR,ERR,0.0,0.0,0.0,0.0,0.0,1.3936040501711995e+18,7.805,0.0,0,0,4,0,8422,0.0,45,0.0,0.0,0.0,0.0,0.0,0,0,0,0,0.0,0,0,0,0,0,0,0,0,0,0,0,0,0,0,0,0,0,0,0,0,0,0,0,0,0,0,0,0,0,0,0,0,0,38,14,7,45,65476,0,300,0,0,8,21553,0.0,-107605600.0,0.0,0.0,0.0,0.0,0.0,0.0,0.0,0.0,0.0,0.0,0.0,0.0,0.0,0.0,0.0,0.0,0.0,0.0,0.0,0.0,0.0,2.004,-0.0,0.0,0.0,0.0,0.0,0.0,4993.0,3.697186133624698e+19,0.0,0.0,0.0,-107615280.0,2.718429300292151e+23,0.0,0.0,0.0,0.0,53,-0.0,89220.562,0.0,0.0,0.0,0.0,0.0,0.0,0.0,0,0,0,0.0,0.0,0.0,0.0,0.0,0.0,0.0,0.0,0.0,0.0,0.0,0.0,0.0,0.0,0.0,0.0,0,-107875648.0,53,0.0,106,-107614832.0,0.0,ERR,ERR,ERR,ERR,ERR,ERR,ERR,ERR,ERR,ERR,ERR,ERR,ERR,ERR,ERR,ERR,ERR,ERR,ERR,ERR,ERR,ERR,ERR,ERR,ERR,ERR,ERR,ERR,ERR,ERR,ERR,ERR,ERR,ERR,ERR,ERR,ERR,ERR,ERR,ERR,ERR,ERR,ERR,ERR,ERR,ERR,ERR,ERR,ERR,ERR,ERR,ERR,ERR,ERR,ERR,ERR,ERR,ERR,ERR,ERR,ERR,ERR,ERR,ERR,ERR,ERR,ERR,50.0,60.0,100,0.0,0.0,0.0,0.0,0.0,0.0,0.0,0.0,0.0,0.0,0.0,0.0,0.0,0.0,0.0,0.0,61.6,74,14,65512,50,65476,0,300,0,0,8,20529,65476,0,0,26214,60.0,0.0,0.0,0.0,0.0,0.0
2026-05-17T18:25:38,ERR,ERR,ERR,ERR,ERR,ERR,ERR,ERR,ERR,ERR,ERR,ERR,ERR,ERR,ERR,ERR,ERR,ERR,ERR,ERR,ERR,ERR,ERR,ERR,ERR,ERR,ERR,ERR,ERR,ERR,ERR,ERR,ERR,ERR,ERR,ERR,ERR,ERR,ERR,ERR,ERR,ERR,ERR,ERR,ERR,ERR,ERR,ERR,ERR,ERR,ERR,ERR,ERR,ERR,ERR,ERR,ERR,ERR,ERR,ERR,ERR,ERR,ERR,ERR,ERR,ERR,ERR,ERR,ERR,ERR,ERR,ERR,ERR,ERR,ERR,ERR,ERR,ERR,ERR,ERR,ERR,ERR,ERR,ERR,ERR,ERR,ERR,ERR,ERR,ERR,ERR,ERR,ERR,ERR,ERR,ERR,ERR,ERR,ERR,ERR,ERR,ERR,ERR,ERR,ERR,ERR,ERR,ERR,ERR,ERR,ERR,ERR,ERR,ERR,ERR,ERR,ERR,ERR,ERR,ERR,ERR,ERR,ERR,ERR,ERR,0.0,0.0,0.0,0.0,0.0,1.3936040501711995e+18,7.805,0.0,0,0,4,0,8422,0.0,45,0.0,0.0,0.0,0.0,0.0,0,0,0,0,0.0,0,0,0,0,0,0,0,0,0,0,0,0,0,0,0,0,0,0,0,0,0,0,0,0,0,0,0,0,0,0,0,0,0,38,14,7,45,65476,0,300,0,0,8,21553,0.0,-107605600.0,0.0,0.0,0.0,0.0,0.0,0.0,0.0,0.0,0.0,0.0,0.0,0.0,0.0,0.0,0.0,0.0,0.0,0.0,0.0,0.0,0.0,2.004,-0.0,0.0,0.0,0.0,0.0,0.0,4993.0,3.697186133624698e+19,0.0,0.0,0.0,-107615280.0,2.718429300292151e+23,0.0,0.0,0.0,0.0,53,-0.0,89220.562,0.0,0.0,0.0,0.0,0.0,0.0,0.0,0,0,0,0.0,0.0,0.0,0.0,0.0,0.0,0.0,0.0,0.0,0.0,0.0,0.0,0.0,0.0,0.0,0.0,0,-107875648.0,53,0.0,106,-107614832.0,0.0,ERR,ERR,ERR,ERR,ERR,ERR,ERR,ERR,ERR,ERR,ERR,ERR,ERR,ERR,ERR,ERR,ERR,ERR,ERR,ERR,ERR,ERR,ERR,ERR,ERR,ERR,ERR,ERR,ERR,ERR,ERR,ERR,ERR,ERR,ERR,ERR,ERR,ERR,ERR,ERR,ERR,ERR,ERR,ERR,ERR,ERR,ERR,ERR,ERR,ERR,ERR,ERR,ERR,ERR,ERR,ERR,ERR,ERR,ERR,ERR,ERR,ERR,ERR,ERR,ERR,ERR,ERR,50.0,60.0,100,0.0,0.0,0.0,0.0,0.0,0.0,0.0,0.0,0.0,0.0,0.0,0.0,0.0,0.0,0.0,0.0,61.6,74,14,65512,50,65476,0,300,0,0,8,20529,65476,0,0,26214,60.0,0.0,0.0,0.0,0.0,0.0
2026-05-17T18:25:39,ERR,ERR,ERR,ERR,ERR,ERR,ERR,ERR,ERR,ERR,ERR,ERR,ERR,ERR,ERR,ERR,ERR,ERR,ERR,ERR,ERR,ERR,ERR,ERR,ERR,ERR,ERR,ERR,ERR,ERR,ERR,ERR,ERR,ERR,ERR,ERR,ERR,ERR,ERR,ERR,ERR,ERR,ERR,ERR,ERR,ERR,ERR,ERR,ERR,ERR,ERR,ERR,ERR,ERR,ERR,ERR,ERR,ERR,ERR,ERR,ERR,ERR,ERR,ERR,ERR,ERR,ERR,ERR,ERR,ERR,ERR,ERR,ERR,ERR,ERR,ERR,ERR,ERR,ERR,ERR,ERR,ERR,ERR,ERR,ERR,ERR,ERR,ERR,ERR,ERR,ERR,ERR,ERR,ERR,ERR,ERR,ERR,ERR,ERR,ERR,ERR,ERR,ERR,ERR,ERR,ERR,ERR,ERR,ERR,ERR,ERR,ERR,ERR,ERR,ERR,ERR,ERR,ERR,ERR,ERR,ERR,ERR,ERR,ERR,ERR,0.0,0.0,0.0,0.0,0.0,1.3936040501711995e+18,7.805,0.0,0,0,4,0,8422,0.0,45,0.0,0.0,0.0,0.0,0.0,0,0,0,0,0.0,0,0,0,0,0,0,0,0,0,0,0,0,0,0,0,0,0,0,0,0,0,0,0,0,0,0,0,0,0,0,0,0,0,38,14,7,45,65476,0,300,0,0,8,21553,0.0,-107605600.0,0.0,0.0,0.0,0.0,0.0,0.0,0.0,0.0,0.0,0.0,0.0,0.0,0.0,0.0,0.0,0.0,0.0,0.0,0.0,0.0,0.0,2.004,-0.0,0.0,0.0,0.0,0.0,0.0,4993.0,3.697186133624698e+19,0.0,0.0,0.0,-107615280.0,2.718429300292151e+23,0.0,0.0,0.0,0.0,53,-0.0,89220.562,0.0,0.0,0.0,0.0,0.0,0.0,0.0,0,0,0,0.0,0.0,0.0,0.0,0.0,0.0,0.0,0.0,0.0,0.0,0.0,0.0,0.0,0.0,0.0,0.0,0,-107875648.0,53,0.0,106,-107614832.0,0.0,ERR,ERR,ERR,ERR,ERR,ERR,ERR,ERR,ERR,ERR,ERR,ERR,ERR,ERR,ERR,ERR,ERR,ERR,ERR,ERR,ERR,ERR,ERR,ERR,ERR,ERR,ERR,ERR,ERR,ERR,ERR,ERR,ERR,ERR,ERR,ERR,ERR,ERR,ERR,ERR,ERR,ERR,ERR,ERR,ERR,ERR,ERR,ERR,ERR,ERR,ERR,ERR,ERR,ERR,ERR,ERR,ERR,ERR,ERR,ERR,ERR,ERR,ERR,ERR,ERR,ERR,ERR,50.0,60.0,100,0.0,0.0,0.0,0.0,0.0,0.0,0.0,0.0,0.0,0.0,0.0,0.0,0.0,0.0,0.0,0.0,61.6,74,14,65512,50,65476,0,300,0,0,8,20529,65476,0,0,26214,60.0,0.0,0.0,0.0,0.0,0.0
2026-05-17T18:25:40,ERR,ERR,ERR,ERR,ERR,ERR,ERR,ERR,ERR,ERR,ERR,ERR,ERR,ERR,ERR,ERR,ERR,ERR,ERR,ERR,ERR,ERR,ERR,ERR,ERR,ERR,ERR,ERR,ERR,ERR,ERR,ERR,ERR,ERR,ERR,ERR,ERR,ERR,ERR,ERR,ERR,ERR,ERR,ERR,ERR,ERR,ERR,ERR,ERR,ERR,ERR,ERR,ERR,ERR,ERR,ERR,ERR,ERR,ERR,ERR,ERR,ERR,ERR,ERR,ERR,ERR,ERR,ERR,ERR,ERR,ERR,ERR,ERR,ERR,ERR,ERR,ERR,ERR,ERR,ERR,ERR,ERR,ERR,ERR,ERR,ERR,ERR,ERR,ERR,ERR,ERR,ERR,ERR,ERR,ERR,ERR,ERR,ERR,ERR,ERR,ERR,ERR,ERR,ERR,ERR,ERR,ERR,ERR,ERR,ERR,ERR,ERR,ERR,ERR,ERR,ERR,ERR,ERR,ERR,ERR,ERR,ERR,ERR,ERR,ERR,0.0,0.0,0.0,0.0,0.0,1.3936040501711995e+18,7.805,0.0,0,0,4,0,8422,0.0,45,0.0,0.0,0.0,0.0,0.0,0,0,0,0,0.0,0,0,0,0,0,0,0,0,0,0,0,0,0,0,0,0,0,0,0,0,0,0,0,0,0,0,0,0,0,0,0,0,0,38,14,7,45,65476,0,300,0,0,8,21553,0.0,-107605600.0,0.0,0.0,0.0,0.0,0.0,0.0,0.0,0.0,0.0,0.0,0.0,0.0,0.0,0.0,0.0,0.0,0.0,0.0,0.0,0.0,0.0,2.004,-0.0,0.0,0.0,0.0,0.0,0.0,4993.0,3.697186133624698e+19,0.0,0.0,0.0,-107615280.0,2.718429300292151e+23,0.0,0.0,0.0,0.0,53,-0.0,89220.562,0.0,0.0,0.0,0.0,0.0,0.0,0.0,0,0,0,0.0,0.0,0.0,0.0,0.0,0.0,0.0,0.0,0.0,0.0,0.0,0.0,0.0,0.0,0.0,0.0,0,-107875648.0,53,0.0,106,-107614832.0,0.0,ERR,ERR,ERR,ERR,ERR,ERR,ERR,ERR,ERR,ERR,ERR,ERR,ERR,ERR,ERR,ERR,ERR,ERR,ERR,ERR,ERR,ERR,ERR,ERR,ERR,ERR,ERR,ERR,ERR,ERR,ERR,ERR,ERR,ERR,ERR,ERR,ERR,ERR,ERR,ERR,ERR,ERR,ERR,ERR,ERR,ERR,ERR,ERR,ERR,ERR,ERR,ERR,ERR,ERR,ERR,ERR,ERR,ERR,ERR,ERR,ERR,ERR,ERR,ERR,ERR,ERR,ERR,50.0,60.0,100,0.0,0.0,0.0,0.0,0.0,0.0,0.0,0.0,0.0,0.0,0.0,0.0,0.0,0.0,0.0,0.0,61.6,74,14,65512,50,65476,0,300,0,0,8,20529,65476,0,0,26214,60.0,0.0,0.0,0.0,0.0,0.0
2026-05-17T18:25:41,ERR,ERR,ERR,ERR,ERR,ERR,ERR,ERR,ERR,ERR,ERR,ERR,ERR,ERR,ERR,ERR,ERR,ERR,ERR,ERR,ERR,ERR,ERR,ERR,ERR,ERR,ERR,ERR,ERR,ERR,ERR,ERR,ERR,ERR,ERR,ERR,ERR,ERR,ERR,ERR,ERR,ERR,ERR,ERR,ERR,ERR,ERR,ERR,ERR,ERR,ERR,ERR,ERR,ERR,ERR,ERR,ERR,ERR,ERR,ERR,ERR,ERR,ERR,ERR,ERR,ERR,ERR,ERR,ERR,ERR,ERR,ERR,ERR,ERR,ERR,ERR,ERR,ERR,ERR,ERR,ERR,ERR,ERR,ERR,ERR,ERR,ERR,ERR,ERR,ERR,ERR,ERR,ERR,ERR,ERR,ERR,ERR,ERR,ERR,ERR,ERR,ERR,ERR,ERR,ERR,ERR,ERR,ERR,ERR,ERR,ERR,ERR,ERR,ERR,ERR,ERR,ERR,ERR,ERR,ERR,ERR,ERR,ERR,ERR,ERR,0.0,0.0,0.0,0.0,0.0,1.3936040501711995e+18,7.805,0.0,0,0,4,0,8422,0.0,45,0.0,0.0,0.0,0.0,0.0,0,0,0,0,0.0,0,0,0,0,0,0,0,0,0,0,0,0,0,0,0,0,0,0,0,0,0,0,0,0,0,0,0,0,0,0,0,0,0,38,14,7,45,65476,0,300,0,0,8,21553,0.0,-107605600.0,0.0,0.0,0.0,0.0,0.0,0.0,0.0,0.0,0.0,0.0,0.0,0.0,0.0,0.0,0.0,0.0,0.0,0.0,0.0,0.0,0.0,2.004,-0.0,0.0,0.0,0.0,0.0,0.0,5018.0,-0.0,0.0,0.0,0.0,-107615280.0,2.718429300292151e+23,0.0,0.0,0.0,0.0,53,-0.0,-0.0,0.0,0.0,0.0,0.0,0.0,0.0,0.0,0,0,0,0.0,0.0,0.0,0.0,0.0,0.0,0.0,0.0,0.0,0.0,0.0,0.0,0.0,0.0,0.0,0.0,0,-107875648.0,53,0.0,106,-107614832.0,0.0,ERR,ERR,ERR,ERR,ERR,ERR,ERR,ERR,ERR,ERR,ERR,ERR,ERR,ERR,ERR,ERR,ERR,ERR,ERR,ERR,ERR,ERR,ERR,ERR,ERR,ERR,ERR,ERR,ERR,ERR,ERR,ERR,ERR,ERR,ERR,ERR,ERR,ERR,ERR,ERR,ERR,ERR,ERR,ERR,ERR,ERR,ERR,ERR,ERR,ERR,ERR,ERR,ERR,ERR,ERR,ERR,ERR,ERR,ERR,ERR,ERR,ERR,ERR,ERR,ERR,ERR,ERR,50.0,60.0,100,0.0,0.0,0.0,0.0,0.0,0.0,0.0,0.0,0.0,0.0,0.0,0.0,0.0,0.0,0.0,0.0,61.6,74,14,65512,50,65476,0,300,0,0,8,20529,65476,0,0,26214,60.0,0.0,0.0,0.0,0.0,0.0
2026-05-17T18:25:42,ERR,ERR,ERR,ERR,ERR,ERR,ERR,ERR,ERR,ERR,ERR,ERR,ERR,ERR,ERR,ERR,ERR,ERR,ERR,ERR,ERR,ERR,ERR,ERR,ERR,ERR,ERR,ERR,ERR,ERR,ERR,ERR,ERR,ERR,ERR,ERR,ERR,ERR,ERR,ERR,ERR,ERR,ERR,ERR,ERR,ERR,ERR,ERR,ERR,ERR,ERR,ERR,ERR,ERR,ERR,ERR,ERR,ERR,ERR,ERR,ERR,ERR,ERR,ERR,ERR,ERR,ERR,ERR,ERR,ERR,ERR,ERR,ERR,ERR,ERR,ERR,ERR,ERR,ERR,ERR,ERR,ERR,ERR,ERR,ERR,ERR,ERR,ERR,ERR,ERR,ERR,ERR,ERR,ERR,ERR,ERR,ERR,ERR,ERR,ERR,ERR,ERR,ERR,ERR,ERR,ERR,ERR,ERR,ERR,ERR,ERR,ERR,ERR,ERR,ERR,ERR,ERR,ERR,ERR,ERR,ERR,ERR,ERR,ERR,ERR,0.0,0.0,0.0,0.0,0.0,1.3936040501711995e+18,7.805,0.0,0,0,4,0,8422,0.0,45,0.0,0.0,0.0,0.0,0.0,0,0,0,0,0.0,0,0,0,0,0,0,0,0,0,0,0,0,0,0,0,0,0,0,0,0,0,0,0,0,0,0,0,0,0,0,0,0,0,38,14,7,45,65476,0,300,0,0,8,21553,0.0,-107605600.0,0.0,0.0,0.0,0.0,0.0,0.0,0.0,0.0,0.0,0.0,0.0,0.0,0.0,0.0,0.0,0.0,0.0,0.0,0.0,0.0,0.0,2.004,-0.0,0.0,0.0,0.0,0.0,0.0,5018.0,-0.0,0.0,0.0,0.0,-107615280.0,2.718429300292151e+23,0.0,0.0,0.0,0.0,53,-0.0,-0.0,0.0,0.0,0.0,0.0,0.0,0.0,0.0,0,0,0,0.0,0.0,0.0,0.0,0.0,0.0,0.0,0.0,0.0,0.0,0.0,0.0,0.0,0.0,0.0,0.0,0,-107875648.0,53,0.0,106,-107614832.0,0.0,ERR,ERR,ERR,ERR,ERR,ERR,ERR,ERR,ERR,ERR,ERR,ERR,ERR,ERR,ERR,ERR,ERR,ERR,ERR,ERR,ERR,ERR,ERR,ERR,ERR,ERR,ERR,ERR,ERR,ERR,ERR,ERR,ERR,ERR,ERR,ERR,ERR,ERR,ERR,ERR,ERR,ERR,ERR,ERR,ERR,ERR,ERR,ERR,ERR,ERR,ERR,ERR,ERR,ERR,ERR,ERR,ERR,ERR,ERR,ERR,ERR,ERR,ERR,ERR,ERR,ERR,ERR,50.0,60.0,100,0.0,0.0,0.0,0.0,0.0,0.0,0.0,0.0,0.0,0.0,0.0,0.0,0.0,0.0,0.0,0.0,61.6,74,14,65512,50,65476,0,300,0,0,8,20529,65476,0,0,26214,60.0,0.0,0.0,0.0,0.0,0.0
2026-05-17T18:25:43,ERR,ERR,ERR,ERR,ERR,ERR,ERR,ERR,ERR,ERR,ERR,ERR,ERR,ERR,ERR,ERR,ERR,ERR,ERR,ERR,ERR,ERR,ERR,ERR,ERR,ERR,ERR,ERR,ERR,ERR,ERR,ERR,ERR,ERR,ERR,ERR,ERR,ERR,ERR,ERR,ERR,ERR,ERR,ERR,ERR,ERR,ERR,ERR,ERR,ERR,ERR,ERR,ERR,ERR,ERR,ERR,ERR,ERR,ERR,ERR,ERR,ERR,ERR,ERR,ERR,ERR,ERR,ERR,ERR,ERR,ERR,ERR,ERR,ERR,ERR,ERR,ERR,ERR,ERR,ERR,ERR,ERR,ERR,ERR,ERR,ERR,ERR,ERR,ERR,ERR,ERR,ERR,ERR,ERR,ERR,ERR,ERR,ERR,ERR,ERR,ERR,ERR,ERR,ERR,ERR,ERR,ERR,ERR,ERR,ERR,ERR,ERR,ERR,ERR,ERR,ERR,ERR,ERR,ERR,ERR,ERR,ERR,ERR,ERR,ERR,0.0,0.0,0.0,0.0,0.0,1.3936040501711995e+18,7.805,0.0,0,0,4,0,8422,0.0,45,0.0,0.0,0.0,0.0,0.0,0,0,0,0,0.0,0,0,0,0,0,0,0,0,0,0,0,0,0,0,0,0,0,0,0,0,0,0,0,0,0,0,0,0,0,0,0,0,0,38,14,7,45,65476,0,300,0,0,8,21553,0.0,-107605600.0,0.0,0.0,0.0,0.0,0.0,0.0,0.0,0.0,0.0,0.0,0.0,0.0,0.0,0.0,0.0,0.0,0.0,0.0,0.0,0.0,0.0,2.004,-0.0,0.0,0.0,0.0,0.0,0.0,5018.0,-0.0,0.0,0.0,0.0,-107615280.0,2.718429300292151e+23,0.0,0.0,0.0,0.0,53,-0.0,-0.0,0.0,0.0,0.0,0.0,0.0,0.0,0.0,0,0,0,0.0,0.0,0.0,0.0,0.0,0.0,0.0,0.0,0.0,0.0,0.0,0.0,0.0,0.0,0.0,0.0,0,-107875648.0,53,0.0,106,-107614832.0,0.0,ERR,ERR,ERR,ERR,ERR,ERR,ERR,ERR,ERR,ERR,ERR,ERR,ERR,ERR,ERR,ERR,ERR,ERR,ERR,ERR,ERR,ERR,ERR,ERR,ERR,ERR,ERR,ERR,ERR,ERR,ERR,ERR,ERR,ERR,ERR,ERR,ERR,ERR,ERR,ERR,ERR,ERR,ERR,ERR,ERR,ERR,ERR,ERR,ERR,ERR,ERR,ERR,ERR,ERR,ERR,ERR,ERR,ERR,ERR,ERR,ERR,ERR,ERR,ERR,ERR,ERR,ERR,50.0,60.0,100,0.0,0.0,0.0,0.0,0.0,0.0,0.0,0.0,0.0,0.0,0.0,0.0,0.0,0.0,0.0,0.0,61.6,74,14,65512,50,65476,0,300,0,0,8,20529,65476,0,0,26214,60.0,0.0,0.0,0.0,0.0,0.0
2026-05-17T18:25:44,ERR,ERR,ERR,ERR,ERR,ERR,ERR,ERR,ERR,ERR,ERR,ERR,ERR,ERR,ERR,ERR,ERR,ERR,ERR,ERR,ERR,ERR,ERR,ERR,ERR,ERR,ERR,ERR,ERR,ERR,ERR,ERR,ERR,ERR,ERR,ERR,ERR,ERR,ERR,ERR,ERR,ERR,ERR,ERR,ERR,ERR,ERR,ERR,ERR,ERR,ERR,ERR,ERR,ERR,ERR,ERR,ERR,ERR,ERR,ERR,ERR,ERR,ERR,ERR,ERR,ERR,ERR,ERR,ERR,ERR,ERR,ERR,ERR,ERR,ERR,ERR,ERR,ERR,ERR,ERR,ERR,ERR,ERR,ERR,ERR,ERR,ERR,ERR,ERR,ERR,ERR,ERR,ERR,ERR,ERR,ERR,ERR,ERR,ERR,ERR,ERR,ERR,ERR,ERR,ERR,ERR,ERR,ERR,ERR,ERR,ERR,ERR,ERR,ERR,ERR,ERR,ERR,ERR,ERR,ERR,ERR,ERR,ERR,ERR,ERR,0.0,0.0,0.0,0.0,0.0,1.3936040501711995e+18,7.805,0.0,0,0,4,0,8422,0.0,45,0.0,0.0,0.0,0.0,0.0,0,0,0,0,0.0,0,0,0,0,0,0,0,0,0,0,0,0,0,0,0,0,0,0,0,0,0,0,0,0,0,0,0,0,0,0,0,0,0,38,14,7,45,65476,0,300,0,0,8,21553,0.0,-107605600.0,0.0,0.0,0.0,0.0,0.0,0.0,0.0,0.0,0.0,0.0,0.0,0.0,0.0,0.0,0.0,0.0,0.0,0.0,0.0,0.0,0.0,2.004,-0.0,0.0,0.0,0.0,0.0,0.0,5018.0,-0.0,0.0,0.0,0.0,-107615280.0,2.718429300292151e+23,0.0,0.0,0.0,0.0,53,-0.0,-0.0,0.0,0.0,0.0,0.0,0.0,0.0,0.0,0,0,0,0.0,0.0,0.0,0.0,0.0,0.0,0.0,0.0,0.0,0.0,0.0,0.0,0.0,0.0,0.0,0.0,0,-107875648.0,53,0.0,106,-107614832.0,0.0,ERR,ERR,ERR,ERR,ERR,ERR,ERR,ERR,ERR,ERR,ERR,ERR,ERR,ERR,ERR,ERR,ERR,ERR,ERR,ERR,ERR,ERR,ERR,ERR,ERR,ERR,ERR,ERR,ERR,ERR,ERR,ERR,ERR,ERR,ERR,ERR,ERR,ERR,ERR,ERR,ERR,ERR,ERR,ERR,ERR,ERR,ERR,ERR,ERR,ERR,ERR,ERR,ERR,ERR,ERR,ERR,ERR,ERR,ERR,ERR,ERR,ERR,ERR,ERR,ERR,ERR,ERR,50.0,60.0,100,0.0,0.0,0.0,0.0,0.0,0.0,0.0,0.0,0.0,0.0,0.0,0.0,0.0,0.0,0.0,0.0,61.6,74,14,65512,50,65476,0,300,0,0,8,20529,65476,0,0,26214,60.0,0.0,0.0,0.0,0.0,0.0
2026-05-17T18:25:45,ERR,ERR,ERR,ERR,ERR,ERR,ERR,ERR,ERR,ERR,ERR,ERR,ERR,ERR,ERR,ERR,ERR,ERR,ERR,ERR,ERR,ERR,ERR,ERR,ERR,ERR,ERR,ERR,ERR,ERR,ERR,ERR,ERR,ERR,ERR,ERR,ERR,ERR,ERR,ERR,ERR,ERR,ERR,ERR,ERR,ERR,ERR,ERR,ERR,ERR,ERR,ERR,ERR,ERR,ERR,ERR,ERR,ERR,ERR,ERR,ERR,ERR,ERR,ERR,ERR,ERR,ERR,ERR,ERR,ERR,ERR,ERR,ERR,ERR,ERR,ERR,ERR,ERR,ERR,ERR,ERR,ERR,ERR,ERR,ERR,ERR,ERR,ERR,ERR,ERR,ERR,ERR,ERR,ERR,ERR,ERR,ERR,ERR,ERR,ERR,ERR,ERR,ERR,ERR,ERR,ERR,ERR,ERR,ERR,ERR,ERR,ERR,ERR,ERR,ERR,ERR,ERR,ERR,ERR,ERR,ERR,ERR,ERR,ERR,ERR,0.0,0.0,0.0,0.0,0.0,1.3936040501711995e+18,7.805,0.0,0,0,4,0,8422,0.0,45,0.0,0.0,0.0,0.0,0.0,0,0,0,0,0.0,0,0,0,0,0,0,0,0,0,0,0,0,0,0,0,0,0,0,0,0,0,0,0,0,0,0,0,0,0,0,0,0,0,38,14,7,45,65476,0,300,0,0,8,21553,0.0,-107605600.0,0.0,0.0,0.0,0.0,0.0,0.0,0.0,0.0,0.0,0.0,0.0,0.0,0.0,0.0,0.0,0.0,0.0,0.0,0.0,0.0,0.0,2.004,-0.0,0.0,0.0,0.0,0.0,0.0,5018.0,-0.0,0.0,0.0,0.0,-107615280.0,2.718429300292151e+23,0.0,0.0,0.0,0.0,53,-0.0,-0.0,0.0,0.0,0.0,0.0,0.0,0.0,0.0,0,0,0,0.0,0.0,0.0,0.0,0.0,0.0,0.0,0.0,0.0,0.0,0.0,0.0,0.0,0.0,0.0,0.0,0,-107875648.0,53,0.0,106,-107614832.0,0.0,ERR,ERR,ERR,ERR,ERR,ERR,ERR,ERR,ERR,ERR,ERR,ERR,ERR,ERR,ERR,ERR,ERR,ERR,ERR,ERR,ERR,ERR,ERR,ERR,ERR,ERR,ERR,ERR,ERR,ERR,ERR,ERR,ERR,ERR,ERR,ERR,ERR,ERR,ERR,ERR,ERR,ERR,ERR,ERR,ERR,ERR,ERR,ERR,ERR,ERR,ERR,ERR,ERR,ERR,ERR,ERR,ERR,ERR,ERR,ERR,ERR,ERR,ERR,ERR,ERR,ERR,ERR,50.0,60.0,100,0.0,0.0,0.0,0.0,0.0,0.0,0.0,0.0,0.0,0.0,0.0,0.0,0.0,0.0,0.0,0.0,61.6,74,14,65512,50,65476,0,300,0,0,8,20529,65476,0,0,26214,60.0,0.0,0.0,0.0,0.0,0.0
2026-05-17T18:25:46,ERR,ERR,ERR,ERR,ERR,ERR,ERR,ERR,ERR,ERR,ERR,ERR,ERR,ERR,ERR,ERR,ERR,ERR,ERR,ERR,ERR,ERR,ERR,ERR,ERR,ERR,ERR,ERR,ERR,ERR,ERR,ERR,ERR,ERR,ERR,ERR,ERR,ERR,ERR,ERR,ERR,ERR,ERR,ERR,ERR,ERR,ERR,ERR,ERR,ERR,ERR,ERR,ERR,ERR,ERR,ERR,ERR,ERR,ERR,ERR,ERR,ERR,ERR,ERR,ERR,ERR,ERR,ERR,ERR,ERR,ERR,ERR,ERR,ERR,ERR,ERR,ERR,ERR,ERR,ERR,ERR,ERR,ERR,ERR,ERR,ERR,ERR,ERR,ERR,ERR,ERR,ERR,ERR,ERR,ERR,ERR,ERR,ERR,ERR,ERR,ERR,ERR,ERR,ERR,ERR,ERR,ERR,ERR,ERR,ERR,ERR,ERR,ERR,ERR,ERR,ERR,ERR,ERR,ERR,ERR,ERR,ERR,ERR,ERR,ERR,0.0,0.0,0.0,0.0,0.0,1.3936040501711995e+18,7.805,0.0,0,0,4,0,8422,0.0,45,0.0,0.0,0.0,0.0,0.0,0,0,0,0,0.0,0,0,0,0,0,0,0,0,0,0,0,0,0,0,0,0,0,0,0,0,0,0,0,0,0,0,0,0,0,0,0,0,0,38,14,7,45,65476,0,300,0,0,8,21553,0.0,-107605600.0,0.0,0.0,0.0,0.0,0.0,0.0,0.0,0.0,0.0,0.0,0.0,0.0,0.0,0.0,0.0,0.0,0.0,0.0,0.0,0.0,0.0,2.004,-0.0,0.0,0.0,0.0,0.0,0.0,5018.0,-1.5879293531142762e+29,0.0,0.0,0.0,-107615280.0,2.718429300292151e+23,0.0,0.0,0.0,0.0,53,-0.0,-3.222002767243768e+26,0.0,0.0,0.0,0.0,0.0,0.0,0.0,0,0,0,0.0,0.0,0.0,0.0,0.0,0.0,0.0,0.0,0.0,0.0,0.0,0.0,0.0,0.0,0.0,0.0,0,-107875648.0,53,0.0,106,-107614832.0,0.0,ERR,ERR,ERR,ERR,ERR,ERR,ERR,ERR,ERR,ERR,ERR,ERR,ERR,ERR,ERR,ERR,ERR,ERR,ERR,ERR,ERR,ERR,ERR,ERR,ERR,ERR,ERR,ERR,ERR,ERR,ERR,ERR,ERR,ERR,ERR,ERR,ERR,ERR,ERR,ERR,ERR,ERR,ERR,ERR,ERR,ERR,ERR,ERR,ERR,ERR,ERR,ERR,ERR,ERR,ERR,ERR,ERR,ERR,ERR,ERR,ERR,ERR,ERR,ERR,ERR,ERR,ERR,50.0,60.0,100,0.0,0.0,0.0,0.0,0.0,0.0,0.0,0.0,0.0,0.0,0.0,0.0,0.0,0.0,0.0,0.0,61.6,74,14,65512,50,65476,0,300,0,0,8,20529,65476,0,0,26214,60.0,0.0,0.0,0.0,0.0,0.0
2026-05-17T18:25:47,ERR,ERR,ERR,ERR,ERR,ERR,ERR,ERR,ERR,ERR,ERR,ERR,ERR,ERR,ERR,ERR,ERR,ERR,ERR,ERR,ERR,ERR,ERR,ERR,ERR,ERR,ERR,ERR,ERR,ERR,ERR,ERR,ERR,ERR,ERR,ERR,ERR,ERR,ERR,ERR,ERR,ERR,ERR,ERR,ERR,ERR,ERR,ERR,ERR,ERR,ERR,ERR,ERR,ERR,ERR,ERR,ERR,ERR,ERR,ERR,ERR,ERR,ERR,ERR,ERR,ERR,ERR,ERR,ERR,ERR,ERR,ERR,ERR,ERR,ERR,ERR,ERR,ERR,ERR,ERR,ERR,ERR,ERR,ERR,ERR,ERR,ERR,ERR,ERR,ERR,ERR,ERR,ERR,ERR,ERR,ERR,ERR,ERR,ERR,ERR,ERR,ERR,ERR,ERR,ERR,ERR,ERR,ERR,ERR,ERR,ERR,ERR,ERR,ERR,ERR,ERR,ERR,ERR,ERR,ERR,ERR,ERR,ERR,ERR,ERR,0.0,0.0,0.0,0.0,0.0,1.3936040501711995e+18,7.805,0.0,0,0,4,0,8422,0.0,45,0.0,0.0,0.0,0.0,0.0,0,0,0,0,0.0,0,0,0,0,0,0,0,0,0,0,0,0,0,0,0,0,0,0,0,0,0,0,0,0,0,0,0,0,0,0,0,0,0,38,14,7,45,65476,0,300,0,0,8,21553,0.0,-107605600.0,0.0,0.0,0.0,0.0,0.0,0.0,0.0,0.0,0.0,0.0,0.0,0.0,0.0,0.0,0.0,0.0,0.0,0.0,0.0,0.0,0.0,2.004,-0.0,0.0,0.0,0.0,0.0,0.0,5018.0,-1.5879293531142762e+29,0.0,0.0,0.0,-107615280.0,2.718429300292151e+23,0.0,0.0,0.0,0.0,53,-0.0,-3.222002767243768e+26,0.0,0.0,0.0,0.0,0.0,0.0,0.0,0,0,0,0.0,0.0,0.0,0.0,0.0,0.0,0.0,0.0,0.0,0.0,0.0,0.0,0.0,0.0,0.0,0.0,0,-107875648.0,53,0.0,106,-107614832.0,0.0,ERR,ERR,ERR,ERR,ERR,ERR,ERR,ERR,ERR,ERR,ERR,ERR,ERR,ERR,ERR,ERR,ERR,ERR,ERR,ERR,ERR,ERR,ERR,ERR,ERR,ERR,ERR,ERR,ERR,ERR,ERR,ERR,ERR,ERR,ERR,ERR,ERR,ERR,ERR,ERR,ERR,ERR,ERR,ERR,ERR,ERR,ERR,ERR,ERR,ERR,ERR,ERR,ERR,ERR,ERR,ERR,ERR,ERR,ERR,ERR,ERR,ERR,ERR,ERR,ERR,ERR,ERR,50.0,60.0,100,0.0,0.0,0.0,0.0,0.0,0.0,0.0,0.0,0.0,0.0,0.0,0.0,0.0,0.0,0.0,0.0,61.6,74,14,65512,50,65476,0,300,0,0,8,20529,65476,0,0,26214,60.0,0.0,0.0,0.0,0.0,0.0
2026-05-17T18:25:48,ERR,ERR,ERR,ERR,ERR,ERR,ERR,ERR,ERR,ERR,ERR,ERR,ERR,ERR,ERR,ERR,ERR,ERR,ERR,ERR,ERR,ERR,ERR,ERR,ERR,ERR,ERR,ERR,ERR,ERR,ERR,ERR,ERR,ERR,ERR,ERR,ERR,ERR,ERR,ERR,ERR,ERR,ERR,ERR,ERR,ERR,ERR,ERR,ERR,ERR,ERR,ERR,ERR,ERR,ERR,ERR,ERR,ERR,ERR,ERR,ERR,ERR,ERR,ERR,ERR,ERR,ERR,ERR,ERR,ERR,ERR,ERR,ERR,ERR,ERR,ERR,ERR,ERR,ERR,ERR,ERR,ERR,ERR,ERR,ERR,ERR,ERR,ERR,ERR,ERR,ERR,ERR,ERR,ERR,ERR,ERR,ERR,ERR,ERR,ERR,ERR,ERR,ERR,ERR,ERR,ERR,ERR,ERR,ERR,ERR,ERR,ERR,ERR,ERR,ERR,ERR,ERR,ERR,ERR,ERR,ERR,ERR,ERR,ERR,ERR,0.0,0.0,0.0,0.0,0.0,1.3936040501711995e+18,7.805,0.0,0,0,4,0,8422,0.0,45,0.0,0.0,0.0,0.0,0.0,0,0,0,0,0.0,0,0,0,0,0,0,0,0,0,0,0,0,0,0,0,0,0,0,0,0,0,0,0,0,0,0,0,0,0,0,0,0,0,38,14,7,45,65476,0,300,0,0,8,21553,0.0,-107605600.0,0.0,0.0,0.0,0.0,0.0,0.0,0.0,0.0,0.0,0.0,0.0,0.0,0.0,0.0,0.0,0.0,0.0,0.0,0.0,0.0,0.0,2.004,-0.0,0.0,0.0,0.0,0.0,0.0,5018.0,-1.5879293531142762e+29,0.0,0.0,0.0,-107615280.0,2.718429300292151e+23,0.0,0.0,0.0,0.0,53,-0.0,-3.222002767243768e+26,0.0,0.0,0.0,0.0,0.0,0.0,0.0,0,0,0,0.0,0.0,0.0,0.0,0.0,0.0,0.0,0.0,0.0,0.0,0.0,0.0,0.0,0.0,0.0,0.0,0,-107875648.0,53,0.0,106,-107614832.0,0.0,ERR,ERR,ERR,ERR,ERR,ERR,ERR,ERR,ERR,ERR,ERR,ERR,ERR,ERR,ERR,ERR,ERR,ERR,ERR,ERR,ERR,ERR,ERR,ERR,ERR,ERR,ERR,ERR,ERR,ERR,ERR,ERR,ERR,ERR,ERR,ERR,ERR,ERR,ERR,ERR,ERR,ERR,ERR,ERR,ERR,ERR,ERR,ERR,ERR,ERR,ERR,ERR,ERR,ERR,ERR,ERR,ERR,ERR,ERR,ERR,ERR,ERR,ERR,ERR,ERR,ERR,ERR,50.0,60.0,100,0.0,0.0,0.0,0.0,0.0,0.0,0.0,0.0,0.0,0.0,0.0,0.0,0.0,0.0,0.0,0.0,61.6,74,14,65512,50,65476,0,300,0,0,8,20529,65476,0,0,26214,60.0,0.0,0.0,0.0,0.0,0.0
2026-05-17T18:25:49,ERR,ERR,ERR,ERR,ERR,ERR,ERR,ERR,ERR,ERR,ERR,ERR,ERR,ERR,ERR,ERR,ERR,ERR,ERR,ERR,ERR,ERR,ERR,ERR,ERR,ERR,ERR,ERR,ERR,ERR,ERR,ERR,ERR,ERR,ERR,ERR,ERR,ERR,ERR,ERR,ERR,ERR,ERR,ERR,ERR,ERR,ERR,ERR,ERR,ERR,ERR,ERR,ERR,ERR,ERR,ERR,ERR,ERR,ERR,ERR,ERR,ERR,ERR,ERR,ERR,ERR,ERR,ERR,ERR,ERR,ERR,ERR,ERR,ERR,ERR,ERR,ERR,ERR,ERR,ERR,ERR,ERR,ERR,ERR,ERR,ERR,ERR,ERR,ERR,ERR,ERR,ERR,ERR,ERR,ERR,ERR,ERR,ERR,ERR,ERR,ERR,ERR,ERR,ERR,ERR,ERR,ERR,ERR,ERR,ERR,ERR,ERR,ERR,ERR,ERR,ERR,ERR,ERR,ERR,ERR,ERR,ERR,ERR,ERR,ERR,0.0,0.0,0.0,0.0,0.0,1.3936040501711995e+18,7.805,0.0,0,0,4,0,8422,0.0,45,0.0,0.0,0.0,0.0,0.0,0,0,0,0,0.0,0,0,0,0,0,0,0,0,0,0,0,0,0,0,0,0,0,0,0,0,0,0,0,0,0,0,0,0,0,0,0,0,0,38,14,7,45,65476,0,300,0,0,8,21553,0.0,-107605600.0,0.0,0.0,0.0,0.0,0.0,0.0,0.0,0.0,0.0,0.0,0.0,0.0,0.0,0.0,0.0,0.0,0.0,0.0,0.0,0.0,0.0,2.004,-0.0,0.0,0.0,0.0,0.0,0.0,5018.0,-1.5879293531142762e+29,0.0,0.0,0.0,-107615280.0,2.718429300292151e+23,0.0,0.0,0.0,0.0,53,-0.0,-3.222002767243768e+26,0.0,0.0,0.0,0.0,0.0,0.0,0.0,0,0,0,0.0,0.0,0.0,0.0,0.0,0.0,0.0,0.0,0.0,0.0,0.0,0.0,0.0,0.0,0.0,0.0,0,-107875648.0,53,0.0,106,-107614832.0,0.0,ERR,ERR,ERR,ERR,ERR,ERR,ERR,ERR,ERR,ERR,ERR,ERR,ERR,ERR,ERR,ERR,ERR,ERR,ERR,ERR,ERR,ERR,ERR,ERR,ERR,ERR,ERR,ERR,ERR,ERR,ERR,ERR,ERR,ERR,ERR,ERR,ERR,ERR,ERR,ERR,ERR,ERR,ERR,ERR,ERR,ERR,ERR,ERR,ERR,ERR,ERR,ERR,ERR,ERR,ERR,ERR,ERR,ERR,ERR,ERR,ERR,ERR,ERR,ERR,ERR,ERR,ERR,50.0,60.0,100,0.0,0.0,0.0,0.0,0.0,0.0,0.0,0.0,0.0,0.0,0.0,0.0,0.0,0.0,0.0,0.0,61.6,74,14,65512,50,65476,0,300,0,0,8,20529,65476,0,0,26214,60.0,0.0,0.0,0.0,0.0,0.0
2026-05-17T18:25:50,ERR,ERR,ERR,ERR,ERR,ERR,ERR,ERR,ERR,ERR,ERR,ERR,ERR,ERR,ERR,ERR,ERR,ERR,ERR,ERR,ERR,ERR,ERR,ERR,ERR,ERR,ERR,ERR,ERR,ERR,ERR,ERR,ERR,ERR,ERR,ERR,ERR,ERR,ERR,ERR,ERR,ERR,ERR,ERR,ERR,ERR,ERR,ERR,ERR,ERR,ERR,ERR,ERR,ERR,ERR,ERR,ERR,ERR,ERR,ERR,ERR,ERR,ERR,ERR,ERR,ERR,ERR,ERR,ERR,ERR,ERR,ERR,ERR,ERR,ERR,ERR,ERR,ERR,ERR,ERR,ERR,ERR,ERR,ERR,ERR,ERR,ERR,ERR,ERR,ERR,ERR,ERR,ERR,ERR,ERR,ERR,ERR,ERR,ERR,ERR,ERR,ERR,ERR,ERR,ERR,ERR,ERR,ERR,ERR,ERR,ERR,ERR,ERR,ERR,ERR,ERR,ERR,ERR,ERR,ERR,ERR,ERR,ERR,ERR,ERR,0.0,0.0,0.0,0.0,0.0,1.3936040501711995e+18,7.805,0.0,0,0,4,0,8422,0.0,45,0.0,0.0,0.0,0.0,0.0,0,0,0,0,0.0,0,0,0,0,0,0,0,0,0,0,0,0,0,0,0,0,0,0,0,0,0,0,0,0,0,0,0,0,0,0,0,0,0,38,14,7,45,65476,0,300,0,0,8,21553,0.0,-107605600.0,0.0,0.0,0.0,0.0,0.0,0.0,0.0,0.0,0.0,0.0,0.0,0.0,0.0,0.0,0.0,0.0,0.0,0.0,0.0,0.0,0.0,2.004,-0.0,0.0,0.0,0.0,0.0,0.0,5018.0,-1.5879293531142762e+29,0.0,0.0,0.0,-107615280.0,2.718429300292151e+23,0.0,0.0,0.0,0.0,53,-0.0,-3.222002767243768e+26,0.0,0.0,0.0,0.0,0.0,0.0,0.0,0,0,0,0.0,0.0,0.0,0.0,0.0,0.0,0.0,0.0,0.0,0.0,0.0,0.0,0.0,0.0,0.0,0.0,0,-107875648.0,53,0.0,106,-107614832.0,0.0,ERR,ERR,ERR,ERR,ERR,ERR,ERR,ERR,ERR,ERR,ERR,ERR,ERR,ERR,ERR,ERR,ERR,ERR,ERR,ERR,ERR,ERR,ERR,ERR,ERR,ERR,ERR,ERR,ERR,ERR,ERR,ERR,ERR,ERR,ERR,ERR,ERR,ERR,ERR,ERR,ERR,ERR,ERR,ERR,ERR,ERR,ERR,ERR,ERR,ERR,ERR,ERR,ERR,ERR,ERR,ERR,ERR,ERR,ERR,ERR,ERR,ERR,ERR,ERR,ERR,ERR,ERR,50.0,60.0,100,0.0,0.0,0.0,0.0,0.0,0.0,0.0,0.0,0.0,0.0,0.0,0.0,0.0,0.0,0.0,0.0,61.6,74,14,65512,50,65476,0,300,0,0,8,20529,65476,0,0,26214,60.0,0.0,0.0,0.0,0.0,0.0
2026-05-17T18:25:51,ERR,ERR,ERR,ERR,ERR,ERR,ERR,ERR,ERR,ERR,ERR,ERR,ERR,ERR,ERR,ERR,ERR,ERR,ERR,ERR,ERR,ERR,ERR,ERR,ERR,ERR,ERR,ERR,ERR,ERR,ERR,ERR,ERR,ERR,ERR,ERR,ERR,ERR,ERR,ERR,ERR,ERR,ERR,ERR,ERR,ERR,ERR,ERR,ERR,ERR,ERR,ERR,ERR,ERR,ERR,ERR,ERR,ERR,ERR,ERR,ERR,ERR,ERR,ERR,ERR,ERR,ERR,ERR,ERR,ERR,ERR,ERR,ERR,ERR,ERR,ERR,ERR,ERR,ERR,ERR,ERR,ERR,ERR,ERR,ERR,ERR,ERR,ERR,ERR,ERR,ERR,ERR,ERR,ERR,ERR,ERR,ERR,ERR,ERR,ERR,ERR,ERR,ERR,ERR,ERR,ERR,ERR,ERR,ERR,ERR,ERR,ERR,ERR,ERR,ERR,ERR,ERR,ERR,ERR,ERR,ERR,ERR,ERR,ERR,ERR,0.0,-107615296.0,-134474944.0,0.0,0.0,1.3936040501711995e+18,7.805,0.0,0,0,4,0,8422,0.0,45,0.0,0.0,0.0,0.0,0.0,0,0,0,0,0.0,0,0,0,0,0,0,0,0,0,0,0,0,0,0,0,0,0,0,0,0,0,0,0,0,0,0,0,0,0,0,0,0,0,38,14,7,45,65476,0,300,0,0,8,21553,0.0,-107605600.0,0.0,0.0,0.0,0.0,0.0,0.0,0.0,0.0,0.0,0.0,0.0,0.0,0.0,0.0,0.0,0.0,0.0,0.0,0.0,0.0,0.0,2.004,-0.0,0.0,0.0,0.0,0.0,0.0,5051.0,0.0,0.0,0.0,0.0,-107615280.0,2.718429300292151e+23,0.0,0.0,0.0,0.0,53,-0.0,0.059,0.0,0.0,0.0,0.0,0.0,0.0,0.0,0,0,0,0.0,0.0,0.0,0.0,0.0,0.0,0.0,0.0,0.0,0.0,0.0,0.0,0.0,0.0,0.0,0.0,0,-107875648.0,53,0.0,106,-107614832.0,0.0,ERR,ERR,ERR,ERR,ERR,ERR,ERR,ERR,ERR,ERR,ERR,ERR,ERR,ERR,ERR,ERR,ERR,ERR,ERR,ERR,ERR,ERR,ERR,ERR,ERR,ERR,ERR,ERR,ERR,ERR,ERR,ERR,ERR,ERR,ERR,ERR,ERR,ERR,ERR,ERR,ERR,ERR,ERR,ERR,ERR,ERR,ERR,ERR,ERR,ERR,ERR,ERR,ERR,ERR,ERR,ERR,ERR,ERR,ERR,ERR,ERR,ERR,ERR,ERR,ERR,ERR,ERR,50.0,60.0,100,0.0,0.0,0.0,0.0,0.0,0.0,0.0,0.0,0.0,0.0,0.0,0.0,0.0,0.0,0.0,0.0,61.6,74,14,65512,50,65476,0,300,0,0,8,20529,65476,0,0,26214,60.0,0.0,0.0,0.0,0.0,0.0
2026-05-17T18:25:52,ERR,ERR,ERR,ERR,ERR,ERR,ERR,ERR,ERR,ERR,ERR,ERR,ERR,ERR,ERR,ERR,ERR,ERR,ERR,ERR,ERR,ERR,ERR,ERR,ERR,ERR,ERR,ERR,ERR,ERR,ERR,ERR,ERR,ERR,ERR,ERR,ERR,ERR,ERR,ERR,ERR,ERR,ERR,ERR,ERR,ERR,ERR,ERR,ERR,ERR,ERR,ERR,ERR,ERR,ERR,ERR,ERR,ERR,ERR,ERR,ERR,ERR,ERR,ERR,ERR,ERR,ERR,ERR,ERR,ERR,ERR,ERR,ERR,ERR,ERR,ERR,ERR,ERR,ERR,ERR,ERR,ERR,ERR,ERR,ERR,ERR,ERR,ERR,ERR,ERR,ERR,ERR,ERR,ERR,ERR,ERR,ERR,ERR,ERR,ERR,ERR,ERR,ERR,ERR,ERR,ERR,ERR,ERR,ERR,ERR,ERR,ERR,ERR,ERR,ERR,ERR,ERR,ERR,ERR,ERR,ERR,ERR,ERR,ERR,ERR,0.0,-107615296.0,-134474944.0,0.0,0.0,1.3936040501711995e+18,7.805,0.0,0,0,4,0,8422,0.0,45,0.0,0.0,0.0,0.0,0.0,0,0,0,0,0.0,0,0,0,0,0,0,0,0,0,0,0,0,0,0,0,0,0,0,0,0,0,0,0,0,0,0,0,0,0,0,0,0,0,38,14,7,45,65476,0,300,0,0,8,21553,0.0,-107605600.0,0.0,0.0,0.0,0.0,0.0,0.0,0.0,0.0,0.0,0.0,0.0,0.0,0.0,0.0,0.0,0.0,0.0,0.0,0.0,0.0,0.0,2.004,-0.0,0.0,0.0,0.0,0.0,0.0,5051.0,0.0,0.0,0.0,0.0,-107615280.0,2.718429300292151e+23,0.0,0.0,0.0,0.0,53,-0.0,0.059,0.0,0.0,0.0,0.0,0.0,0.0,0.0,0,0,0,0.0,0.0,0.0,0.0,0.0,0.0,0.0,0.0,0.0,0.0,0.0,0.0,0.0,0.0,0.0,0.0,0,-107875648.0,53,0.0,106,-107614832.0,0.0,ERR,ERR,ERR,ERR,ERR,ERR,ERR,ERR,ERR,ERR,ERR,ERR,ERR,ERR,ERR,ERR,ERR,ERR,ERR,ERR,ERR,ERR,ERR,ERR,ERR,ERR,ERR,ERR,ERR,ERR,ERR,ERR,ERR,ERR,ERR,ERR,ERR,ERR,ERR,ERR,ERR,ERR,ERR,ERR,ERR,ERR,ERR,ERR,ERR,ERR,ERR,ERR,ERR,ERR,ERR,ERR,ERR,ERR,ERR,ERR,ERR,ERR,ERR,ERR,ERR,ERR,ERR,50.0,60.0,100,0.0,0.0,0.0,0.0,0.0,0.0,0.0,0.0,0.0,0.0,0.0,0.0,0.0,0.0,0.0,0.0,61.6,74,14,65512,50,65476,0,300,0,0,8,20529,65476,0,0,26214,60.0,0.0,0.0,0.0,0.0,0.0
2026-05-17T18:25:53,ERR,ERR,ERR,ERR,ERR,ERR,ERR,ERR,ERR,ERR,ERR,ERR,ERR,ERR,ERR,ERR,ERR,ERR,ERR,ERR,ERR,ERR,ERR,ERR,ERR,ERR,ERR,ERR,ERR,ERR,ERR,ERR,ERR,ERR,ERR,ERR,ERR,ERR,ERR,ERR,ERR,ERR,ERR,ERR,ERR,ERR,ERR,ERR,ERR,ERR,ERR,ERR,ERR,ERR,ERR,ERR,ERR,ERR,ERR,ERR,ERR,ERR,ERR,ERR,ERR,ERR,ERR,ERR,ERR,ERR,ERR,ERR,ERR,ERR,ERR,ERR,ERR,ERR,ERR,ERR,ERR,ERR,ERR,ERR,ERR,ERR,ERR,ERR,ERR,ERR,ERR,ERR,ERR,ERR,ERR,ERR,ERR,ERR,ERR,ERR,ERR,ERR,ERR,ERR,ERR,ERR,ERR,ERR,ERR,ERR,ERR,ERR,ERR,ERR,ERR,ERR,ERR,ERR,ERR,ERR,ERR,ERR,ERR,ERR,ERR,0.0,-107615296.0,-134474944.0,0.0,0.0,1.3936040501711995e+18,7.805,0.0,0,0,4,0,8422,0.0,45,0.0,0.0,0.0,0.0,0.0,0,0,0,0,0.0,0,0,0,0,0,0,0,0,0,0,0,0,0,0,0,0,0,0,0,0,0,0,0,0,0,0,0,0,0,0,0,0,0,38,14,7,45,65476,0,300,0,0,8,21553,0.0,-107605600.0,0.0,0.0,0.0,0.0,0.0,0.0,0.0,0.0,0.0,0.0,0.0,0.0,0.0,0.0,0.0,0.0,0.0,0.0,0.0,0.0,0.0,2.004,-0.0,0.0,0.0,0.0,0.0,0.0,5051.0,0.0,0.0,0.0,0.0,-107615280.0,2.718429300292151e+23,0.0,0.0,0.0,0.0,53,-0.0,0.059,0.0,0.0,0.0,0.0,0.0,0.0,0.0,0,0,0,0.0,0.0,0.0,0.0,0.0,0.0,0.0,0.0,0.0,0.0,0.0,0.0,0.0,0.0,0.0,0.0,0,-107875648.0,53,0.0,106,-107614832.0,0.0,ERR,ERR,ERR,ERR,ERR,ERR,ERR,ERR,ERR,ERR,ERR,ERR,ERR,ERR,ERR,ERR,ERR,ERR,ERR,ERR,ERR,ERR,ERR,ERR,ERR,ERR,ERR,ERR,ERR,ERR,ERR,ERR,ERR,ERR,ERR,ERR,ERR,ERR,ERR,ERR,ERR,ERR,ERR,ERR,ERR,ERR,ERR,ERR,ERR,ERR,ERR,ERR,ERR,ERR,ERR,ERR,ERR,ERR,ERR,ERR,ERR,ERR,ERR,ERR,ERR,ERR,ERR,50.0,60.0,100,0.0,0.0,0.0,0.0,0.0,0.0,0.0,0.0,0.0,0.0,0.0,0.0,0.0,0.0,0.0,0.0,61.6,74,14,65512,50,65476,0,300,0,0,8,20529,65476,0,0,26214,60.0,0.0,0.0,0.0,0.0,0.0
2026-05-17T18:25:54,ERR,ERR,ERR,ERR,ERR,ERR,ERR,ERR,ERR,ERR,ERR,ERR,ERR,ERR,ERR,ERR,ERR,ERR,ERR,ERR,ERR,ERR,ERR,ERR,ERR,ERR,ERR,ERR,ERR,ERR,ERR,ERR,ERR,ERR,ERR,ERR,ERR,ERR,ERR,ERR,ERR,ERR,ERR,ERR,ERR,ERR,ERR,ERR,ERR,ERR,ERR,ERR,ERR,ERR,ERR,ERR,ERR,ERR,ERR,ERR,ERR,ERR,ERR,ERR,ERR,ERR,ERR,ERR,ERR,ERR,ERR,ERR,ERR,ERR,ERR,ERR,ERR,ERR,ERR,ERR,ERR,ERR,ERR,ERR,ERR,ERR,ERR,ERR,ERR,ERR,ERR,ERR,ERR,ERR,ERR,ERR,ERR,ERR,ERR,ERR,ERR,ERR,ERR,ERR,ERR,ERR,ERR,ERR,ERR,ERR,ERR,ERR,ERR,ERR,ERR,ERR,ERR,ERR,ERR,ERR,ERR,ERR,ERR,ERR,ERR,0.0,-107615296.0,-134474944.0,0.0,0.0,1.3936040501711995e+18,7.805,0.0,0,0,4,0,8422,0.0,45,0.0,0.0,0.0,0.0,0.0,0,0,0,0,0.0,0,0,0,0,0,0,0,0,0,0,0,0,0,0,0,0,0,0,0,0,0,0,0,0,0,0,0,0,0,0,0,0,0,38,14,7,45,65476,0,300,0,0,8,21553,0.0,-107605600.0,0.0,0.0,0.0,0.0,0.0,0.0,0.0,0.0,0.0,0.0,0.0,0.0,0.0,0.0,0.0,0.0,0.0,0.0,0.0,0.0,0.0,2.004,-0.0,0.0,0.0,0.0,0.0,0.0,5051.0,0.0,0.0,0.0,0.0,-107615280.0,2.718429300292151e+23,0.0,0.0,0.0,0.0,53,-0.0,0.059,0.0,0.0,0.0,0.0,0.0,0.0,0.0,0,0,0,0.0,0.0,0.0,0.0,0.0,0.0,0.0,0.0,0.0,0.0,0.0,0.0,0.0,0.0,0.0,0.0,0,-107875648.0,53,0.0,106,-107614832.0,0.0,ERR,ERR,ERR,ERR,ERR,ERR,ERR,ERR,ERR,ERR,ERR,ERR,ERR,ERR,ERR,ERR,ERR,ERR,ERR,ERR,ERR,ERR,ERR,ERR,ERR,ERR,ERR,ERR,ERR,ERR,ERR,ERR,ERR,ERR,ERR,ERR,ERR,ERR,ERR,ERR,ERR,ERR,ERR,ERR,ERR,ERR,ERR,ERR,ERR,ERR,ERR,ERR,ERR,ERR,ERR,ERR,ERR,ERR,ERR,ERR,ERR,ERR,ERR,ERR,ERR,ERR,ERR,50.0,60.0,100,0.0,0.0,0.0,0.0,0.0,0.0,0.0,0.0,0.0,0.0,0.0,0.0,0.0,0.0,0.0,0.0,61.6,74,14,65512,50,65476,0,300,0,0,8,20529,65476,0,0,26214,60.0,0.0,0.0,0.0,0.0,0.0
2026-05-17T18:25:55,ERR,ERR,ERR,ERR,ERR,ERR,ERR,ERR,ERR,ERR,ERR,ERR,ERR,ERR,ERR,ERR,ERR,ERR,ERR,ERR,ERR,ERR,ERR,ERR,ERR,ERR,ERR,ERR,ERR,ERR,ERR,ERR,ERR,ERR,ERR,ERR,ERR,ERR,ERR,ERR,ERR,ERR,ERR,ERR,ERR,ERR,ERR,ERR,ERR,ERR,ERR,ERR,ERR,ERR,ERR,ERR,ERR,ERR,ERR,ERR,ERR,ERR,ERR,ERR,ERR,ERR,ERR,ERR,ERR,ERR,ERR,ERR,ERR,ERR,ERR,ERR,ERR,ERR,ERR,ERR,ERR,ERR,ERR,ERR,ERR,ERR,ERR,ERR,ERR,ERR,ERR,ERR,ERR,ERR,ERR,ERR,ERR,ERR,ERR,ERR,ERR,ERR,ERR,ERR,ERR,ERR,ERR,ERR,ERR,ERR,ERR,ERR,ERR,ERR,ERR,ERR,ERR,ERR,ERR,ERR,ERR,ERR,ERR,ERR,ERR,0.0,-107615296.0,-134474944.0,0.0,0.0,1.3936040501711995e+18,7.805,0.0,0,0,4,0,8422,0.0,45,0.0,0.0,0.0,0.0,0.0,0,0,0,0,0.0,0,0,0,0,0,0,0,0,0,0,0,0,0,0,0,0,0,0,0,0,0,0,0,0,0,0,0,0,0,0,0,0,0,38,14,7,45,65476,0,300,0,0,8,21553,0.0,-107605600.0,0.0,0.0,0.0,0.0,0.0,0.0,0.0,0.0,0.0,0.0,0.0,0.0,0.0,0.0,0.0,0.0,0.0,0.0,0.0,0.0,0.0,2.004,-0.0,0.0,0.0,0.0,0.0,0.0,5051.0,0.0,0.0,0.0,0.0,-107615280.0,2.718429300292151e+23,0.0,0.0,0.0,0.0,53,-0.0,0.059,0.0,0.0,0.0,0.0,0.0,0.0,0.0,0,0,0,0.0,0.0,0.0,0.0,0.0,0.0,0.0,0.0,0.0,0.0,0.0,0.0,0.0,0.0,0.0,0.0,0,-107875648.0,53,0.0,106,-107614832.0,0.0,ERR,ERR,ERR,ERR,ERR,ERR,ERR,ERR,ERR,ERR,ERR,ERR,ERR,ERR,ERR,ERR,ERR,ERR,ERR,ERR,ERR,ERR,ERR,ERR,ERR,ERR,ERR,ERR,ERR,ERR,ERR,ERR,ERR,ERR,ERR,ERR,ERR,ERR,ERR,ERR,ERR,ERR,ERR,ERR,ERR,ERR,ERR,ERR,ERR,ERR,ERR,ERR,ERR,ERR,ERR,ERR,ERR,ERR,ERR,ERR,ERR,ERR,ERR,ERR,ERR,ERR,ERR,50.0,60.0,100,0.0,0.0,0.0,0.0,0.0,0.0,0.0,0.0,0.0,0.0,0.0,0.0,0.0,0.0,0.0,0.0,61.6,74,14,65512,50,65476,0,300,0,0,8,20529,65476,0,0,26214,60.0,0.0,0.0,0.0,0.0,0.0
2026-05-17T18:25:56,ERR,ERR,ERR,ERR,ERR,ERR,ERR,ERR,ERR,ERR,ERR,ERR,ERR,ERR,ERR,ERR,ERR,ERR,ERR,ERR,ERR,ERR,ERR,ERR,ERR,ERR,ERR,ERR,ERR,ERR,ERR,ERR,ERR,ERR,ERR,ERR,ERR,ERR,ERR,ERR,ERR,ERR,ERR,ERR,ERR,ERR,ERR,ERR,ERR,ERR,ERR,ERR,ERR,ERR,ERR,ERR,ERR,ERR,ERR,ERR,ERR,ERR,ERR,ERR,ERR,ERR,ERR,ERR,ERR,ERR,ERR,ERR,ERR,ERR,ERR,ERR,ERR,ERR,ERR,ERR,ERR,ERR,ERR,ERR,ERR,ERR,ERR,ERR,ERR,ERR,ERR,ERR,ERR,ERR,ERR,ERR,ERR,ERR,ERR,ERR,ERR,ERR,ERR,ERR,ERR,ERR,ERR,ERR,ERR,ERR,ERR,ERR,ERR,ERR,ERR,ERR,ERR,ERR,ERR,ERR,ERR,ERR,ERR,ERR,ERR,0.0,-107615296.0,-134474944.0,0.0,0.0,1.3936040501711995e+18,7.805,0.0,0,0,4,0,8422,0.0,45,0.0,0.0,0.0,0.0,0.0,0,0,0,0,0.0,0,0,0,0,0,0,0,0,0,0,0,0,0,0,0,0,0,0,0,0,0,0,0,0,0,0,0,0,0,0,0,0,0,38,14,7,45,65476,0,300,0,0,8,21553,0.0,-107605600.0,0.0,0.0,0.0,0.0,0.0,0.0,0.0,0.0,0.0,0.0,0.0,0.0,0.0,0.0,0.0,0.0,0.0,0.0,0.0,0.0,0.0,0.0,-0.0,0.0,0.0,0.0,0.0,0.0,5054.0,0.0,0.0,0.0,0.0,-107615280.0,2.718429300292151e+23,0.0,0.0,0.0,0.0,53,-0.0,0.0,0.0,0.0,0.0,0.0,0.0,0.0,0.0,0,0,0,0.0,0.0,0.0,0.0,0.0,0.0,0.0,0.0,0.0,0.0,0.0,0.0,0.0,0.0,0.0,0.0,0,-107875648.0,53,0.0,106,-107614832.0,0.0,ERR,ERR,ERR,ERR,ERR,ERR,ERR,ERR,ERR,ERR,ERR,ERR,ERR,ERR,ERR,ERR,ERR,ERR,ERR,ERR,ERR,ERR,ERR,ERR,ERR,ERR,ERR,ERR,ERR,ERR,ERR,ERR,ERR,ERR,ERR,ERR,ERR,ERR,ERR,ERR,ERR,ERR,ERR,ERR,ERR,ERR,ERR,ERR,ERR,ERR,ERR,ERR,ERR,ERR,ERR,ERR,ERR,ERR,ERR,ERR,ERR,ERR,ERR,ERR,ERR,ERR,ERR,50.0,60.0,100,0.0,0.0,0.0,0.0,0.0,0.0,0.0,0.0,0.0,0.0,0.0,0.0,0.0,0.0,0.0,0.0,61.6,74,14,65512,50,65476,0,300,0,0,8,20529,65476,0,0,26214,60.0,0.0,0.0,0.0,0.0,0.0
2026-05-17T18:25:57,ERR,ERR,ERR,ERR,ERR,ERR,ERR,ERR,ERR,ERR,ERR,ERR,ERR,ERR,ERR,ERR,ERR,ERR,ERR,ERR,ERR,ERR,ERR,ERR,ERR,ERR,ERR,ERR,ERR,ERR,ERR,ERR,ERR,ERR,ERR,ERR,ERR,ERR,ERR,ERR,ERR,ERR,ERR,ERR,ERR,ERR,ERR,ERR,ERR,ERR,ERR,ERR,ERR,ERR,ERR,ERR,ERR,ERR,ERR,ERR,ERR,ERR,ERR,ERR,ERR,ERR,ERR,ERR,ERR,ERR,ERR,ERR,ERR,ERR,ERR,ERR,ERR,ERR,ERR,ERR,ERR,ERR,ERR,ERR,ERR,ERR,ERR,ERR,ERR,ERR,ERR,ERR,ERR,ERR,ERR,ERR,ERR,ERR,ERR,ERR,ERR,ERR,ERR,ERR,ERR,ERR,ERR,ERR,ERR,ERR,ERR,ERR,ERR,ERR,ERR,ERR,ERR,ERR,ERR,ERR,ERR,ERR,ERR,ERR,ERR,0.0,-107615296.0,-134474944.0,0.0,0.0,1.3936040501711995e+18,7.805,0.0,0,0,4,0,8422,0.0,45,0.0,0.0,0.0,0.0,0.0,0,0,0,0,0.0,0,0,0,0,0,0,0,0,0,0,0,0,0,0,0,0,0,0,0,0,0,0,0,0,0,0,0,0,0,0,0,0,0,38,14,7,45,65476,0,300,0,0,8,21553,0.0,-107605600.0,0.0,0.0,0.0,0.0,0.0,0.0,0.0,0.0,0.0,0.0,0.0,0.0,0.0,0.0,0.0,0.0,0.0,0.0,0.0,0.0,0.0,0.0,-0.0,0.0,0.0,0.0,0.0,0.0,5054.0,0.0,0.0,0.0,0.0,-107615280.0,2.718429300292151e+23,0.0,0.0,0.0,0.0,53,-0.0,0.0,0.0,0.0,0.0,0.0,0.0,0.0,0.0,0,0,0,0.0,0.0,0.0,0.0,0.0,0.0,0.0,0.0,0.0,0.0,0.0,0.0,0.0,0.0,0.0,0.0,0,-107875648.0,53,0.0,106,-107614832.0,0.0,ERR,ERR,ERR,ERR,ERR,ERR,ERR,ERR,ERR,ERR,ERR,ERR,ERR,ERR,ERR,ERR,ERR,ERR,ERR,ERR,ERR,ERR,ERR,ERR,ERR,ERR,ERR,ERR,ERR,ERR,ERR,ERR,ERR,ERR,ERR,ERR,ERR,ERR,ERR,ERR,ERR,ERR,ERR,ERR,ERR,ERR,ERR,ERR,ERR,ERR,ERR,ERR,ERR,ERR,ERR,ERR,ERR,ERR,ERR,ERR,ERR,ERR,ERR,ERR,ERR,ERR,ERR,50.0,60.0,100,0.0,0.0,0.0,0.0,0.0,0.0,0.0,0.0,0.0,0.0,0.0,0.0,0.0,0.0,0.0,0.0,61.6,74,14,65512,50,65476,0,300,0,0,8,20529,65476,0,0,26214,60.0,0.0,0.0,0.0,0.0,0.0
2026-05-17T18:25:58,ERR,ERR,ERR,ERR,ERR,ERR,ERR,ERR,ERR,ERR,ERR,ERR,ERR,ERR,ERR,ERR,ERR,ERR,ERR,ERR,ERR,ERR,ERR,ERR,ERR,ERR,ERR,ERR,ERR,ERR,ERR,ERR,ERR,ERR,ERR,ERR,ERR,ERR,ERR,ERR,ERR,ERR,ERR,ERR,ERR,ERR,ERR,ERR,ERR,ERR,ERR,ERR,ERR,ERR,ERR,ERR,ERR,ERR,ERR,ERR,ERR,ERR,ERR,ERR,ERR,ERR,ERR,ERR,ERR,ERR,ERR,ERR,ERR,ERR,ERR,ERR,ERR,ERR,ERR,ERR,ERR,ERR,ERR,ERR,ERR,ERR,ERR,ERR,ERR,ERR,ERR,ERR,ERR,ERR,ERR,ERR,ERR,ERR,ERR,ERR,ERR,ERR,ERR,ERR,ERR,ERR,ERR,ERR,ERR,ERR,ERR,ERR,ERR,ERR,ERR,ERR,ERR,ERR,ERR,ERR,ERR,ERR,ERR,ERR,ERR,0.0,-107615296.0,-134474944.0,0.0,0.0,1.3936040501711995e+18,7.805,0.0,0,0,4,0,8422,0.0,45,0.0,0.0,0.0,0.0,0.0,0,0,0,0,0.0,0,0,0,0,0,0,0,0,0,0,0,0,0,0,0,0,0,0,0,0,0,0,0,0,0,0,0,0,0,0,0,0,0,38,14,7,45,65476,0,300,0,0,8,21553,0.0,-107605600.0,0.0,0.0,0.0,0.0,0.0,0.0,0.0,0.0,0.0,0.0,0.0,0.0,0.0,0.0,0.0,0.0,0.0,0.0,0.0,0.0,0.0,0.0,-0.0,0.0,0.0,0.0,0.0,0.0,5054.0,0.0,0.0,0.0,0.0,-107615280.0,2.718429300292151e+23,0.0,0.0,0.0,0.0,53,-0.0,0.0,0.0,0.0,0.0,0.0,0.0,0.0,0.0,0,0,0,0.0,0.0,0.0,0.0,0.0,0.0,0.0,0.0,0.0,0.0,0.0,0.0,0.0,0.0,0.0,0.0,0,-107875648.0,53,0.0,106,-107614832.0,0.0,ERR,ERR,ERR,ERR,ERR,ERR,ERR,ERR,ERR,ERR,ERR,ERR,ERR,ERR,ERR,ERR,ERR,ERR,ERR,ERR,ERR,ERR,ERR,ERR,ERR,ERR,ERR,ERR,ERR,ERR,ERR,ERR,ERR,ERR,ERR,ERR,ERR,ERR,ERR,ERR,ERR,ERR,ERR,ERR,ERR,ERR,ERR,ERR,ERR,ERR,ERR,ERR,ERR,ERR,ERR,ERR,ERR,ERR,ERR,ERR,ERR,ERR,ERR,ERR,ERR,ERR,ERR,50.0,60.0,100,0.0,0.0,0.0,0.0,0.0,0.0,0.0,0.0,0.0,0.0,0.0,0.0,0.0,0.0,0.0,0.0,61.6,74,14,65512,50,65476,0,300,0,0,8,20529,65476,0,0,26214,60.0,0.0,0.0,0.0,0.0,0.0
2026-05-17T18:25:59,ERR,ERR,ERR,ERR,ERR,ERR,ERR,ERR,ERR,ERR,ERR,ERR,ERR,ERR,ERR,ERR,ERR,ERR,ERR,ERR,ERR,ERR,ERR,ERR,ERR,ERR,ERR,ERR,ERR,ERR,ERR,ERR,ERR,ERR,ERR,ERR,ERR,ERR,ERR,ERR,ERR,ERR,ERR,ERR,ERR,ERR,ERR,ERR,ERR,ERR,ERR,ERR,ERR,ERR,ERR,ERR,ERR,ERR,ERR,ERR,ERR,ERR,ERR,ERR,ERR,ERR,ERR,ERR,ERR,ERR,ERR,ERR,ERR,ERR,ERR,ERR,ERR,ERR,ERR,ERR,ERR,ERR,ERR,ERR,ERR,ERR,ERR,ERR,ERR,ERR,ERR,ERR,ERR,ERR,ERR,ERR,ERR,ERR,ERR,ERR,ERR,ERR,ERR,ERR,ERR,ERR,ERR,ERR,ERR,ERR,ERR,ERR,ERR,ERR,ERR,ERR,ERR,ERR,ERR,ERR,ERR,ERR,ERR,ERR,ERR,0.0,-107615296.0,-134474944.0,0.0,0.0,1.3936040501711995e+18,7.805,0.0,0,0,4,0,8422,0.0,45,0.0,0.0,0.0,0.0,0.0,0,0,0,0,0.0,0,0,0,0,0,0,0,0,0,0,0,0,0,0,0,0,0,0,0,0,0,0,0,0,0,0,0,0,0,0,0,0,0,38,14,7,45,65476,0,300,0,0,8,21553,0.0,-107605600.0,0.0,0.0,0.0,0.0,0.0,0.0,0.0,0.0,0.0,0.0,0.0,0.0,0.0,0.0,0.0,0.0,0.0,0.0,0.0,0.0,0.0,0.0,-0.0,0.0,0.0,0.0,0.0,0.0,5054.0,0.0,0.0,0.0,0.0,-107615280.0,2.718429300292151e+23,0.0,0.0,0.0,0.0,53,-0.0,0.0,0.0,0.0,0.0,0.0,0.0,0.0,0.0,0,0,0,0.0,0.0,0.0,0.0,0.0,0.0,0.0,0.0,0.0,0.0,0.0,0.0,0.0,0.0,0.0,0.0,0,-107875648.0,53,0.0,106,-107614832.0,0.0,ERR,ERR,ERR,ERR,ERR,ERR,ERR,ERR,ERR,ERR,ERR,ERR,ERR,ERR,ERR,ERR,ERR,ERR,ERR,ERR,ERR,ERR,ERR,ERR,ERR,ERR,ERR,ERR,ERR,ERR,ERR,ERR,ERR,ERR,ERR,ERR,ERR,ERR,ERR,ERR,ERR,ERR,ERR,ERR,ERR,ERR,ERR,ERR,ERR,ERR,ERR,ERR,ERR,ERR,ERR,ERR,ERR,ERR,ERR,ERR,ERR,ERR,ERR,ERR,ERR,ERR,ERR,50.0,60.0,100,0.0,0.0,0.0,0.0,0.0,0.0,0.0,0.0,0.0,0.0,0.0,0.0,0.0,0.0,0.0,0.0,62.0,74,14,65512,50,65476,0,300,0,0,8,20529,65476,0,0,26214,60.0,0.0,0.0,0.0,0.0,0.0
2026-05-17T18:26:00,ERR,ERR,ERR,ERR,ERR,ERR,ERR,ERR,ERR,ERR,ERR,ERR,ERR,ERR,ERR,ERR,ERR,ERR,ERR,ERR,ERR,ERR,ERR,ERR,ERR,ERR,ERR,ERR,ERR,ERR,ERR,ERR,ERR,ERR,ERR,ERR,ERR,ERR,ERR,ERR,ERR,ERR,ERR,ERR,ERR,ERR,ERR,ERR,ERR,ERR,ERR,ERR,ERR,ERR,ERR,ERR,ERR,ERR,ERR,ERR,ERR,ERR,ERR,ERR,ERR,ERR,ERR,ERR,ERR,ERR,ERR,ERR,ERR,ERR,ERR,ERR,ERR,ERR,ERR,ERR,ERR,ERR,ERR,ERR,ERR,ERR,ERR,ERR,ERR,ERR,ERR,ERR,ERR,ERR,ERR,ERR,ERR,ERR,ERR,ERR,ERR,ERR,ERR,ERR,ERR,ERR,ERR,ERR,ERR,ERR,ERR,ERR,ERR,ERR,ERR,ERR,ERR,ERR,ERR,ERR,ERR,ERR,ERR,ERR,ERR,0.0,-107615296.0,-134474944.0,0.0,0.0,1.3936040501711995e+18,7.805,0.0,0,0,4,0,8422,0.0,45,0.0,0.0,0.0,0.0,0.0,0,0,0,0,0.0,0,0,0,0,0,0,0,0,0,0,0,0,0,0,0,0,0,0,0,0,0,0,0,0,0,0,0,0,0,0,0,0,0,38,14,7,45,65476,0,300,0,0,8,21553,0.0,-107605600.0,0.0,0.0,0.0,0.0,0.0,0.0,0.0,0.0,0.0,0.0,0.0,0.0,0.0,0.0,0.0,0.0,0.0,0.0,0.0,0.0,0.0,0.0,-0.0,0.0,0.0,0.0,0.0,0.0,5054.0,0.0,0.0,0.0,0.0,-107615280.0,2.718429300292151e+23,0.0,0.0,0.0,0.0,53,-0.0,0.0,0.0,0.0,0.0,0.0,0.0,0.0,0.0,0,0,0,0.0,0.0,0.0,0.0,0.0,0.0,0.0,0.0,0.0,0.0,0.0,0.0,0.0,0.0,0.0,0.0,0,-107875648.0,53,0.0,106,-107614832.0,0.0,ERR,ERR,ERR,ERR,ERR,ERR,ERR,ERR,ERR,ERR,ERR,ERR,ERR,ERR,ERR,ERR,ERR,ERR,ERR,ERR,ERR,ERR,ERR,ERR,ERR,ERR,ERR,ERR,ERR,ERR,ERR,ERR,ERR,ERR,ERR,ERR,ERR,ERR,ERR,ERR,ERR,ERR,ERR,ERR,ERR,ERR,ERR,ERR,ERR,ERR,ERR,ERR,ERR,ERR,ERR,ERR,ERR,ERR,ERR,ERR,ERR,ERR,ERR,ERR,ERR,ERR,ERR,50.0,60.0,100,0.0,0.0,0.0,0.0,0.0,0.0,0.0,0.0,0.0,0.0,0.0,0.0,0.0,0.0,0.0,0.0,61.6,74,14,65512,50,65476,0,300,0,0,8,20529,65476,0,0,26214,60.0,0.0,0.0,0.0,0.0,0.0
2026-05-17T18:26:01,ERR,ERR,ERR,ERR,ERR,ERR,ERR,ERR,ERR,ERR,ERR,ERR,ERR,ERR,ERR,ERR,ERR,ERR,ERR,ERR,ERR,ERR,ERR,ERR,ERR,ERR,ERR,ERR,ERR,ERR,ERR,ERR,ERR,ERR,ERR,ERR,ERR,ERR,ERR,ERR,ERR,ERR,ERR,ERR,ERR,ERR,ERR,ERR,ERR,ERR,ERR,ERR,ERR,ERR,ERR,ERR,ERR,ERR,ERR,ERR,ERR,ERR,ERR,ERR,ERR,ERR,ERR,ERR,ERR,ERR,ERR,ERR,ERR,ERR,ERR,ERR,ERR,ERR,ERR,ERR,ERR,ERR,ERR,ERR,ERR,ERR,ERR,ERR,ERR,ERR,ERR,ERR,ERR,ERR,ERR,ERR,ERR,ERR,ERR,ERR,ERR,ERR,ERR,ERR,ERR,ERR,ERR,ERR,ERR,ERR,ERR,ERR,ERR,ERR,ERR,ERR,ERR,ERR,ERR,ERR,ERR,ERR,ERR,ERR,ERR,0.0,0.0,0.0,0.0,0.0,1.3936040501711995e+18,7.805,0.0,0,0,4,0,8422,0.0,45,0.0,0.0,0.0,0.0,0.0,0,0,0,0,0.0,0,0,0,0,0,0,0,0,0,0,0,0,0,0,0,0,0,0,0,0,0,0,0,0,0,0,0,0,0,0,0,0,0,38,14,7,45,65476,0,300,0,0,8,21553,0.0,-107605600.0,0.0,0.0,0.0,0.0,0.0,0.0,0.0,0.0,0.0,0.0,0.0,0.0,0.0,0.0,0.0,0.0,0.0,0.0,0.0,0.0,0.0,2.004,-0.0,0.0,0.0,0.0,0.0,0.0,5020.0,-0.0,0.0,0.0,0.0,-107615280.0,2.718429300292151e+23,0.0,0.0,0.0,0.0,53,-0.0,2.718417410789135e+23,0.0,0.0,0.0,0.0,0.0,0.0,0.0,0,0,0,0.0,0.0,0.0,0.0,0.0,0.0,0.0,0.0,0.0,0.0,0.0,0.0,0.0,0.0,0.0,0.0,0,-107875648.0,53,0.0,106,-107614832.0,0.0,ERR,ERR,ERR,ERR,ERR,ERR,ERR,ERR,ERR,ERR,ERR,ERR,ERR,ERR,ERR,ERR,ERR,ERR,ERR,ERR,ERR,ERR,ERR,ERR,ERR,ERR,ERR,ERR,ERR,ERR,ERR,ERR,ERR,ERR,ERR,ERR,ERR,ERR,ERR,ERR,ERR,ERR,ERR,ERR,ERR,ERR,ERR,ERR,ERR,ERR,ERR,ERR,ERR,ERR,ERR,ERR,ERR,ERR,ERR,ERR,ERR,ERR,ERR,ERR,ERR,ERR,ERR,50.0,60.0,100,0.0,0.0,0.0,0.0,0.0,0.0,0.0,0.0,0.0,0.0,0.0,0.0,0.0,0.0,0.0,0.0,61.6,74,14,65512,50,65476,0,300,0,0,8,20529,65476,0,0,26214,60.0,0.0,0.0,0.0,0.0,0.0
2026-05-17T18:26:02,ERR,ERR,ERR,ERR,ERR,ERR,ERR,ERR,ERR,ERR,ERR,ERR,ERR,ERR,ERR,ERR,ERR,ERR,ERR,ERR,ERR,ERR,ERR,ERR,ERR,ERR,ERR,ERR,ERR,ERR,ERR,ERR,ERR,ERR,ERR,ERR,ERR,ERR,ERR,ERR,ERR,ERR,ERR,ERR,ERR,ERR,ERR,ERR,ERR,ERR,ERR,ERR,ERR,ERR,ERR,ERR,ERR,ERR,ERR,ERR,ERR,ERR,ERR,ERR,ERR,ERR,ERR,ERR,ERR,ERR,ERR,ERR,ERR,ERR,ERR,ERR,ERR,ERR,ERR,ERR,ERR,ERR,ERR,ERR,ERR,ERR,ERR,ERR,ERR,ERR,ERR,ERR,ERR,ERR,ERR,ERR,ERR,ERR,ERR,ERR,ERR,ERR,ERR,ERR,ERR,ERR,ERR,ERR,ERR,ERR,ERR,ERR,ERR,ERR,ERR,ERR,ERR,ERR,ERR,ERR,ERR,ERR,ERR,ERR,ERR,0.0,0.0,0.0,0.0,0.0,1.3936040501711995e+18,7.805,0.0,0,0,4,0,8422,0.0,45,0.0,0.0,0.0,0.0,0.0,0,0,0,0,0.0,0,0,0,0,0,0,0,0,0,0,0,0,0,0,0,0,0,0,0,0,0,0,0,0,0,0,0,0,0,0,0,0,0,38,14,7,45,65476,0,300,0,0,8,21553,0.0,-107605600.0,0.0,0.0,0.0,0.0,0.0,0.0,0.0,0.0,0.0,0.0,0.0,0.0,0.0,0.0,0.0,0.0,0.0,0.0,0.0,0.0,0.0,2.004,-0.0,0.0,0.0,0.0,0.0,0.0,5020.0,-0.0,0.0,0.0,0.0,-107615280.0,2.718429300292151e+23,0.0,0.0,0.0,0.0,53,-0.0,2.718417410789135e+23,0.0,0.0,0.0,0.0,0.0,0.0,0.0,0,0,0,0.0,0.0,0.0,0.0,0.0,0.0,0.0,0.0,0.0,0.0,0.0,0.0,0.0,0.0,0.0,0.0,0,-107875648.0,53,0.0,106,-107614832.0,0.0,ERR,ERR,ERR,ERR,ERR,ERR,ERR,ERR,ERR,ERR,ERR,ERR,ERR,ERR,ERR,ERR,ERR,ERR,ERR,ERR,ERR,ERR,ERR,ERR,ERR,ERR,ERR,ERR,ERR,ERR,ERR,ERR,ERR,ERR,ERR,ERR,ERR,ERR,ERR,ERR,ERR,ERR,ERR,ERR,ERR,ERR,ERR,ERR,ERR,ERR,ERR,ERR,ERR,ERR,ERR,ERR,ERR,ERR,ERR,ERR,ERR,ERR,ERR,ERR,ERR,ERR,ERR,50.0,60.0,100,0.0,0.0,0.0,0.0,0.0,0.0,0.0,0.0,0.0,0.0,0.0,0.0,0.0,0.0,0.0,0.0,61.6,74,14,65512,50,65476,0,300,0,0,8,20529,65476,0,0,26214,60.0,0.0,0.0,0.0,0.0,0.0
2026-05-17T18:26:03,ERR,ERR,ERR,ERR,ERR,ERR,ERR,ERR,ERR,ERR,ERR,ERR,ERR,ERR,ERR,ERR,ERR,ERR,ERR,ERR,ERR,ERR,ERR,ERR,ERR,ERR,ERR,ERR,ERR,ERR,ERR,ERR,ERR,ERR,ERR,ERR,ERR,ERR,ERR,ERR,ERR,ERR,ERR,ERR,ERR,ERR,ERR,ERR,ERR,ERR,ERR,ERR,ERR,ERR,ERR,ERR,ERR,ERR,ERR,ERR,ERR,ERR,ERR,ERR,ERR,ERR,ERR,ERR,ERR,ERR,ERR,ERR,ERR,ERR,ERR,ERR,ERR,ERR,ERR,ERR,ERR,ERR,ERR,ERR,ERR,ERR,ERR,ERR,ERR,ERR,ERR,ERR,ERR,ERR,ERR,ERR,ERR,ERR,ERR,ERR,ERR,ERR,ERR,ERR,ERR,ERR,ERR,ERR,ERR,ERR,ERR,ERR,ERR,ERR,ERR,ERR,ERR,ERR,ERR,ERR,ERR,ERR,ERR,ERR,ERR,0.0,0.0,0.0,0.0,0.0,1.3936040501711995e+18,7.805,0.0,0,0,4,0,8422,0.0,45,0.0,0.0,0.0,0.0,0.0,0,0,0,0,0.0,0,0,0,0,0,0,0,0,0,0,0,0,0,0,0,0,0,0,0,0,0,0,0,0,0,0,0,0,0,0,0,0,0,38,14,7,45,65476,0,300,0,0,8,21553,0.0,-107605600.0,0.0,0.0,0.0,0.0,0.0,0.0,0.0,0.0,0.0,0.0,0.0,0.0,0.0,0.0,0.0,0.0,0.0,0.0,0.0,0.0,0.0,2.004,-0.0,0.0,0.0,0.0,0.0,0.0,5020.0,-0.0,0.0,0.0,0.0,-107615280.0,2.718429300292151e+23,0.0,0.0,0.0,0.0,53,-0.0,2.718417410789135e+23,0.0,0.0,0.0,0.0,0.0,0.0,0.0,0,0,0,0.0,0.0,0.0,0.0,0.0,0.0,0.0,0.0,0.0,0.0,0.0,0.0,0.0,0.0,0.0,0.0,0,-107875648.0,53,0.0,106,-107614832.0,0.0,ERR,ERR,ERR,ERR,ERR,ERR,ERR,ERR,ERR,ERR,ERR,ERR,ERR,ERR,ERR,ERR,ERR,ERR,ERR,ERR,ERR,ERR,ERR,ERR,ERR,ERR,ERR,ERR,ERR,ERR,ERR,ERR,ERR,ERR,ERR,ERR,ERR,ERR,ERR,ERR,ERR,ERR,ERR,ERR,ERR,ERR,ERR,ERR,ERR,ERR,ERR,ERR,ERR,ERR,ERR,ERR,ERR,ERR,ERR,ERR,ERR,ERR,ERR,ERR,ERR,ERR,ERR,50.0,60.0,100,0.0,0.0,0.0,0.0,0.0,0.0,0.0,0.0,0.0,0.0,0.0,0.0,0.0,0.0,0.0,0.0,61.6,74,14,65512,50,65476,0,300,0,0,8,20529,65476,0,0,26214,60.0,0.0,0.0,0.0,0.0,0.0
2026-05-17T18:26:04,ERR,ERR,ERR,ERR,ERR,ERR,ERR,ERR,ERR,ERR,ERR,ERR,ERR,ERR,ERR,ERR,ERR,ERR,ERR,ERR,ERR,ERR,ERR,ERR,ERR,ERR,ERR,ERR,ERR,ERR,ERR,ERR,ERR,ERR,ERR,ERR,ERR,ERR,ERR,ERR,ERR,ERR,ERR,ERR,ERR,ERR,ERR,ERR,ERR,ERR,ERR,ERR,ERR,ERR,ERR,ERR,ERR,ERR,ERR,ERR,ERR,ERR,ERR,ERR,ERR,ERR,ERR,ERR,ERR,ERR,ERR,ERR,ERR,ERR,ERR,ERR,ERR,ERR,ERR,ERR,ERR,ERR,ERR,ERR,ERR,ERR,ERR,ERR,ERR,ERR,ERR,ERR,ERR,ERR,ERR,ERR,ERR,ERR,ERR,ERR,ERR,ERR,ERR,ERR,ERR,ERR,ERR,ERR,ERR,ERR,ERR,ERR,ERR,ERR,ERR,ERR,ERR,ERR,ERR,ERR,ERR,ERR,ERR,ERR,ERR,0.0,0.0,0.0,0.0,0.0,1.3936040501711995e+18,7.805,0.0,0,0,4,0,8422,0.0,45,0.0,0.0,0.0,0.0,0.0,0,0,0,0,0.0,0,0,0,0,0,0,0,0,0,0,0,0,0,0,0,0,0,0,0,0,0,0,0,0,0,0,0,0,0,0,0,0,0,38,14,7,45,65476,0,300,0,0,8,21553,0.0,-107605600.0,0.0,0.0,0.0,0.0,0.0,0.0,0.0,0.0,0.0,0.0,0.0,0.0,0.0,0.0,0.0,0.0,0.0,0.0,0.0,0.0,0.0,2.004,-0.0,0.0,0.0,0.0,0.0,0.0,5020.0,-0.0,0.0,0.0,0.0,-107615280.0,2.718429300292151e+23,0.0,0.0,0.0,0.0,53,-0.0,2.718417410789135e+23,0.0,0.0,0.0,0.0,0.0,0.0,0.0,0,0,0,0.0,0.0,0.0,0.0,0.0,0.0,0.0,0.0,0.0,0.0,0.0,0.0,0.0,0.0,0.0,0.0,0,-107875648.0,53,0.0,106,-107614832.0,0.0,ERR,ERR,ERR,ERR,ERR,ERR,ERR,ERR,ERR,ERR,ERR,ERR,ERR,ERR,ERR,ERR,ERR,ERR,ERR,ERR,ERR,ERR,ERR,ERR,ERR,ERR,ERR,ERR,ERR,ERR,ERR,ERR,ERR,ERR,ERR,ERR,ERR,ERR,ERR,ERR,ERR,ERR,ERR,ERR,ERR,ERR,ERR,ERR,ERR,ERR,ERR,ERR,ERR,ERR,ERR,ERR,ERR,ERR,ERR,ERR,ERR,ERR,ERR,ERR,ERR,ERR,ERR,50.0,60.0,100,0.0,0.0,0.0,0.0,0.0,0.0,0.0,0.0,0.0,0.0,0.0,0.0,0.0,0.0,0.0,0.0,61.6,74,14,65512,50,65476,0,300,0,0,8,20529,65476,0,0,26214,60.0,0.0,0.0,0.0,0.0,0.0
2026-05-17T18:26:05,ERR,ERR,ERR,ERR,ERR,ERR,ERR,ERR,ERR,ERR,ERR,ERR,ERR,ERR,ERR,ERR,ERR,ERR,ERR,ERR,ERR,ERR,ERR,ERR,ERR,ERR,ERR,ERR,ERR,ERR,ERR,ERR,ERR,ERR,ERR,ERR,ERR,ERR,ERR,ERR,ERR,ERR,ERR,ERR,ERR,ERR,ERR,ERR,ERR,ERR,ERR,ERR,ERR,ERR,ERR,ERR,ERR,ERR,ERR,ERR,ERR,ERR,ERR,ERR,ERR,ERR,ERR,ERR,ERR,ERR,ERR,ERR,ERR,ERR,ERR,ERR,ERR,ERR,ERR,ERR,ERR,ERR,ERR,ERR,ERR,ERR,ERR,ERR,ERR,ERR,ERR,ERR,ERR,ERR,ERR,ERR,ERR,ERR,ERR,ERR,ERR,ERR,ERR,ERR,ERR,ERR,ERR,ERR,ERR,ERR,ERR,ERR,ERR,ERR,ERR,ERR,ERR,ERR,ERR,ERR,ERR,ERR,ERR,ERR,ERR,0.0,0.0,0.0,0.0,0.0,1.3936040501711995e+18,7.805,0.0,0,0,4,0,8422,0.0,45,0.0,0.0,0.0,0.0,0.0,0,0,0,0,0.0,0,0,0,0,0,0,0,0,0,0,0,0,0,0,0,0,0,0,0,0,0,0,0,0,0,0,0,0,0,0,0,0,0,38,14,7,45,65476,0,300,0,0,8,21553,0.0,-107605600.0,0.0,0.0,0.0,0.0,0.0,0.0,0.0,0.0,0.0,0.0,0.0,0.0,0.0,0.0,0.0,0.0,0.0,0.0,0.0,0.0,0.0,2.004,-0.0,0.0,0.0,0.0,0.0,0.0,5020.0,-0.0,0.0,0.0,0.0,-107615280.0,2.718429300292151e+23,0.0,0.0,0.0,0.0,53,-0.0,2.718417410789135e+23,0.0,0.0,0.0,0.0,0.0,0.0,0.0,0,0,0,0.0,0.0,0.0,0.0,0.0,0.0,0.0,0.0,0.0,0.0,0.0,0.0,0.0,0.0,0.0,0.0,0,-107875648.0,53,0.0,106,-107614832.0,0.0,ERR,ERR,ERR,ERR,ERR,ERR,ERR,ERR,ERR,ERR,ERR,ERR,ERR,ERR,ERR,ERR,ERR,ERR,ERR,ERR,ERR,ERR,ERR,ERR,ERR,ERR,ERR,ERR,ERR,ERR,ERR,ERR,ERR,ERR,ERR,ERR,ERR,ERR,ERR,ERR,ERR,ERR,ERR,ERR,ERR,ERR,ERR,ERR,ERR,ERR,ERR,ERR,ERR,ERR,ERR,ERR,ERR,ERR,ERR,ERR,ERR,ERR,ERR,ERR,ERR,ERR,ERR,50.0,60.0,100,0.0,0.0,0.0,0.0,0.0,0.0,0.0,0.0,0.0,0.0,0.0,0.0,0.0,0.0,0.0,0.0,61.6,74,14,65512,50,65476,0,300,0,0,8,20529,65476,0,0,26214,60.0,0.0,0.0,0.0,0.0,0.0
2026-05-17T18:26:06,ERR,ERR,ERR,ERR,ERR,ERR,ERR,ERR,ERR,ERR,ERR,ERR,ERR,ERR,ERR,ERR,ERR,ERR,ERR,ERR,ERR,ERR,ERR,ERR,ERR,ERR,ERR,ERR,ERR,ERR,ERR,ERR,ERR,ERR,ERR,ERR,ERR,ERR,ERR,ERR,ERR,ERR,ERR,ERR,ERR,ERR,ERR,ERR,ERR,ERR,ERR,ERR,ERR,ERR,ERR,ERR,ERR,ERR,ERR,ERR,ERR,ERR,ERR,ERR,ERR,ERR,ERR,ERR,ERR,ERR,ERR,ERR,ERR,ERR,ERR,ERR,ERR,ERR,ERR,ERR,ERR,ERR,ERR,ERR,ERR,ERR,ERR,ERR,ERR,ERR,ERR,ERR,ERR,ERR,ERR,ERR,ERR,ERR,ERR,ERR,ERR,ERR,ERR,ERR,ERR,ERR,ERR,ERR,ERR,ERR,ERR,ERR,ERR,ERR,ERR,ERR,ERR,ERR,ERR,ERR,ERR,ERR,ERR,ERR,ERR,0.0,0.0,0.0,0.0,0.0,1.3936040501711995e+18,7.805,0.0,0,0,4,0,8422,0.0,45,0.0,0.0,0.0,0.0,0.0,0,0,0,0,0.0,0,0,0,0,0,0,0,0,0,0,0,0,0,0,0,0,0,0,0,0,0,0,0,0,0,0,0,0,0,0,0,0,0,38,14,7,45,65476,0,300,0,0,8,21553,0.0,-107605600.0,0.0,0.0,0.0,0.0,0.0,0.0,0.0,0.0,0.0,0.0,0.0,0.0,0.0,0.0,0.0,0.0,0.0,0.0,0.0,0.0,0.0,2.004,-0.0,0.0,0.0,0.0,0.0,0.0,5021.0,0.0,0.0,0.0,0.0,-107615280.0,2.718429300292151e+23,0.0,0.0,0.0,0.0,53,-0.0,-4.950401131092143e+32,0.0,0.0,0.0,0.0,0.0,0.0,0.0,0,0,0,0.0,0.0,0.0,0.0,0.0,0.0,0.0,0.0,0.0,0.0,0.0,0.0,0.0,0.0,0.0,0.0,0,-107875648.0,53,0.0,106,-107614832.0,0.0,ERR,ERR,ERR,ERR,ERR,ERR,ERR,ERR,ERR,ERR,ERR,ERR,ERR,ERR,ERR,ERR,ERR,ERR,ERR,ERR,ERR,ERR,ERR,ERR,ERR,ERR,ERR,ERR,ERR,ERR,ERR,ERR,ERR,ERR,ERR,ERR,ERR,ERR,ERR,ERR,ERR,ERR,ERR,ERR,ERR,ERR,ERR,ERR,ERR,ERR,ERR,ERR,ERR,ERR,ERR,ERR,ERR,ERR,ERR,ERR,ERR,ERR,ERR,ERR,ERR,ERR,ERR,50.0,60.0,100,0.0,0.0,0.0,0.0,0.0,0.0,0.0,0.0,0.0,0.0,0.0,0.0,0.0,0.0,0.0,0.0,61.6,74,14,65512,50,65476,0,300,0,0,8,20529,65476,0,0,26214,60.0,0.0,0.0,0.0,0.0,0.0
2026-05-17T18:26:07,ERR,ERR,ERR,ERR,ERR,ERR,ERR,ERR,ERR,ERR,ERR,ERR,ERR,ERR,ERR,ERR,ERR,ERR,ERR,ERR,ERR,ERR,ERR,ERR,ERR,ERR,ERR,ERR,ERR,ERR,ERR,ERR,ERR,ERR,ERR,ERR,ERR,ERR,ERR,ERR,ERR,ERR,ERR,ERR,ERR,ERR,ERR,ERR,ERR,ERR,ERR,ERR,ERR,ERR,ERR,ERR,ERR,ERR,ERR,ERR,ERR,ERR,ERR,ERR,ERR,ERR,ERR,ERR,ERR,ERR,ERR,ERR,ERR,ERR,ERR,ERR,ERR,ERR,ERR,ERR,ERR,ERR,ERR,ERR,ERR,ERR,ERR,ERR,ERR,ERR,ERR,ERR,ERR,ERR,ERR,ERR,ERR,ERR,ERR,ERR,ERR,ERR,ERR,ERR,ERR,ERR,ERR,ERR,ERR,ERR,ERR,ERR,ERR,ERR,ERR,ERR,ERR,ERR,ERR,ERR,ERR,ERR,ERR,ERR,ERR,0.0,0.0,0.0,0.0,0.0,1.3936040501711995e+18,7.805,0.0,0,0,4,0,8422,0.0,45,0.0,0.0,0.0,0.0,0.0,0,0,0,0,0.0,0,0,0,0,0,0,0,0,0,0,0,0,0,0,0,0,0,0,0,0,0,0,0,0,0,0,0,0,0,0,0,0,0,38,14,7,45,65476,0,300,0,0,8,21553,0.0,-107605600.0,0.0,0.0,0.0,0.0,0.0,0.0,0.0,0.0,0.0,0.0,0.0,0.0,0.0,0.0,0.0,0.0,0.0,0.0,0.0,0.0,0.0,2.004,-0.0,0.0,0.0,0.0,0.0,0.0,5021.0,0.0,0.0,0.0,0.0,-107615280.0,2.718429300292151e+23,0.0,0.0,0.0,0.0,53,-0.0,-4.950401131092143e+32,0.0,0.0,0.0,0.0,0.0,0.0,0.0,0,0,0,0.0,0.0,0.0,0.0,0.0,0.0,0.0,0.0,0.0,0.0,0.0,0.0,0.0,0.0,0.0,0.0,0,-107875648.0,53,0.0,106,-107614832.0,0.0,ERR,ERR,ERR,ERR,ERR,ERR,ERR,ERR,ERR,ERR,ERR,ERR,ERR,ERR,ERR,ERR,ERR,ERR,ERR,ERR,ERR,ERR,ERR,ERR,ERR,ERR,ERR,ERR,ERR,ERR,ERR,ERR,ERR,ERR,ERR,ERR,ERR,ERR,ERR,ERR,ERR,ERR,ERR,ERR,ERR,ERR,ERR,ERR,ERR,ERR,ERR,ERR,ERR,ERR,ERR,ERR,ERR,ERR,ERR,ERR,ERR,ERR,ERR,ERR,ERR,ERR,ERR,50.0,60.0,100,0.0,0.0,0.0,0.0,0.0,0.0,0.0,0.0,0.0,0.0,0.0,0.0,0.0,0.0,0.0,0.0,61.6,74,14,65512,50,65476,0,300,0,0,8,20529,65476,0,0,26214,60.0,0.0,0.0,0.0,0.0,0.0
2026-05-17T18:26:08,ERR,ERR,ERR,ERR,ERR,ERR,ERR,ERR,ERR,ERR,ERR,ERR,ERR,ERR,ERR,ERR,ERR,ERR,ERR,ERR,ERR,ERR,ERR,ERR,ERR,ERR,ERR,ERR,ERR,ERR,ERR,ERR,ERR,ERR,ERR,ERR,ERR,ERR,ERR,ERR,ERR,ERR,ERR,ERR,ERR,ERR,ERR,ERR,ERR,ERR,ERR,ERR,ERR,ERR,ERR,ERR,ERR,ERR,ERR,ERR,ERR,ERR,ERR,ERR,ERR,ERR,ERR,ERR,ERR,ERR,ERR,ERR,ERR,ERR,ERR,ERR,ERR,ERR,ERR,ERR,ERR,ERR,ERR,ERR,ERR,ERR,ERR,ERR,ERR,ERR,ERR,ERR,ERR,ERR,ERR,ERR,ERR,ERR,ERR,ERR,ERR,ERR,ERR,ERR,ERR,ERR,ERR,ERR,ERR,ERR,ERR,ERR,ERR,ERR,ERR,ERR,ERR,ERR,ERR,ERR,ERR,ERR,ERR,ERR,ERR,0.0,0.0,0.0,0.0,0.0,1.3936040501711995e+18,7.805,0.0,0,0,4,0,8422,0.0,45,0.0,0.0,0.0,0.0,0.0,0,0,0,0,0.0,0,0,0,0,0,0,0,0,0,0,0,0,0,0,0,0,0,0,0,0,0,0,0,0,0,0,0,0,0,0,0,0,0,38,14,7,45,65476,0,300,0,0,8,21553,0.0,-107605600.0,0.0,0.0,0.0,0.0,0.0,0.0,0.0,0.0,0.0,0.0,0.0,0.0,0.0,0.0,0.0,0.0,0.0,0.0,0.0,0.0,0.0,2.004,-0.0,0.0,0.0,0.0,0.0,0.0,5021.0,0.0,0.0,0.0,0.0,-107615280.0,2.718429300292151e+23,0.0,0.0,0.0,0.0,53,-0.0,-4.950401131092143e+32,0.0,0.0,0.0,0.0,0.0,0.0,0.0,0,0,0,0.0,0.0,0.0,0.0,0.0,0.0,0.0,0.0,0.0,0.0,0.0,0.0,0.0,0.0,0.0,0.0,0,-107875648.0,53,0.0,106,-107614832.0,0.0,ERR,ERR,ERR,ERR,ERR,ERR,ERR,ERR,ERR,ERR,ERR,ERR,ERR,ERR,ERR,ERR,ERR,ERR,ERR,ERR,ERR,ERR,ERR,ERR,ERR,ERR,ERR,ERR,ERR,ERR,ERR,ERR,ERR,ERR,ERR,ERR,ERR,ERR,ERR,ERR,ERR,ERR,ERR,ERR,ERR,ERR,ERR,ERR,ERR,ERR,ERR,ERR,ERR,ERR,ERR,ERR,ERR,ERR,ERR,ERR,ERR,ERR,ERR,ERR,ERR,ERR,ERR,50.0,60.0,100,0.0,0.0,0.0,0.0,0.0,0.0,0.0,0.0,0.0,0.0,0.0,0.0,0.0,0.0,0.0,0.0,61.6,74,14,65512,50,65476,0,300,0,0,8,20529,65476,0,0,26214,60.0,0.0,0.0,0.0,0.0,0.0
2026-05-17T18:26:09,ERR,ERR,ERR,ERR,ERR,ERR,ERR,ERR,ERR,ERR,ERR,ERR,ERR,ERR,ERR,ERR,ERR,ERR,ERR,ERR,ERR,ERR,ERR,ERR,ERR,ERR,ERR,ERR,ERR,ERR,ERR,ERR,ERR,ERR,ERR,ERR,ERR,ERR,ERR,ERR,ERR,ERR,ERR,ERR,ERR,ERR,ERR,ERR,ERR,ERR,ERR,ERR,ERR,ERR,ERR,ERR,ERR,ERR,ERR,ERR,ERR,ERR,ERR,ERR,ERR,ERR,ERR,ERR,ERR,ERR,ERR,ERR,ERR,ERR,ERR,ERR,ERR,ERR,ERR,ERR,ERR,ERR,ERR,ERR,ERR,ERR,ERR,ERR,ERR,ERR,ERR,ERR,ERR,ERR,ERR,ERR,ERR,ERR,ERR,ERR,ERR,ERR,ERR,ERR,ERR,ERR,ERR,ERR,ERR,ERR,ERR,ERR,ERR,ERR,ERR,ERR,ERR,ERR,ERR,ERR,ERR,ERR,ERR,ERR,ERR,0.0,0.0,0.0,0.0,0.0,1.3936040501711995e+18,7.805,0.0,0,0,4,0,8422,0.0,45,0.0,0.0,0.0,0.0,0.0,0,0,0,0,0.0,0,0,0,0,0,0,0,0,0,0,0,0,0,0,0,0,0,0,0,0,0,0,0,0,0,0,0,0,0,0,0,0,0,38,14,7,45,65476,0,300,0,0,8,21553,0.0,-107605600.0,0.0,0.0,0.0,0.0,0.0,0.0,0.0,0.0,0.0,0.0,0.0,0.0,0.0,0.0,0.0,0.0,0.0,0.0,0.0,0.0,0.0,2.004,-0.0,0.0,0.0,0.0,0.0,0.0,5021.0,0.0,0.0,0.0,0.0,-107615280.0,2.718429300292151e+23,0.0,0.0,0.0,0.0,53,-0.0,-4.950401131092143e+32,0.0,0.0,0.0,0.0,0.0,0.0,0.0,0,0,0,0.0,0.0,0.0,0.0,0.0,0.0,0.0,0.0,0.0,0.0,0.0,0.0,0.0,0.0,0.0,0.0,0,-107875648.0,53,0.0,106,-107614832.0,0.0,ERR,ERR,ERR,ERR,ERR,ERR,ERR,ERR,ERR,ERR,ERR,ERR,ERR,ERR,ERR,ERR,ERR,ERR,ERR,ERR,ERR,ERR,ERR,ERR,ERR,ERR,ERR,ERR,ERR,ERR,ERR,ERR,ERR,ERR,ERR,ERR,ERR,ERR,ERR,ERR,ERR,ERR,ERR,ERR,ERR,ERR,ERR,ERR,ERR,ERR,ERR,ERR,ERR,ERR,ERR,ERR,ERR,ERR,ERR,ERR,ERR,ERR,ERR,ERR,ERR,ERR,ERR,50.0,60.0,100,0.0,0.0,0.0,0.0,0.0,0.0,0.0,0.0,0.0,0.0,0.0,0.0,0.0,0.0,0.0,0.0,61.6,74,14,65512,50,65476,0,300,0,0,8,20529,65476,0,0,26214,60.0,0.0,0.0,0.0,0.0,0.0
2026-05-17T18:26:10,ERR,ERR,ERR,ERR,ERR,ERR,ERR,ERR,ERR,ERR,ERR,ERR,ERR,ERR,ERR,ERR,ERR,ERR,ERR,ERR,ERR,ERR,ERR,ERR,ERR,ERR,ERR,ERR,ERR,ERR,ERR,ERR,ERR,ERR,ERR,ERR,ERR,ERR,ERR,ERR,ERR,ERR,ERR,ERR,ERR,ERR,ERR,ERR,ERR,ERR,ERR,ERR,ERR,ERR,ERR,ERR,ERR,ERR,ERR,ERR,ERR,ERR,ERR,ERR,ERR,ERR,ERR,ERR,ERR,ERR,ERR,ERR,ERR,ERR,ERR,ERR,ERR,ERR,ERR,ERR,ERR,ERR,ERR,ERR,ERR,ERR,ERR,ERR,ERR,ERR,ERR,ERR,ERR,ERR,ERR,ERR,ERR,ERR,ERR,ERR,ERR,ERR,ERR,ERR,ERR,ERR,ERR,ERR,ERR,ERR,ERR,ERR,ERR,ERR,ERR,ERR,ERR,ERR,ERR,ERR,ERR,ERR,ERR,ERR,ERR,0.0,0.0,0.0,0.0,0.0,1.3936040501711995e+18,7.805,0.0,0,0,4,0,8422,0.0,45,0.0,0.0,0.0,0.0,0.0,0,0,0,0,0.0,0,0,0,0,0,0,0,0,0,0,0,0,0,0,0,0,0,0,0,0,0,0,0,0,0,0,0,0,0,0,0,0,0,38,14,7,45,65476,0,300,0,0,8,21553,0.0,-107605600.0,0.0,0.0,0.0,0.0,0.0,0.0,0.0,0.0,0.0,0.0,0.0,0.0,0.0,0.0,0.0,0.0,0.0,0.0,0.0,0.0,0.0,2.004,-0.0,0.0,0.0,0.0,0.0,0.0,5021.0,0.0,0.0,0.0,0.0,-107615280.0,2.718429300292151e+23,0.0,0.0,0.0,0.0,53,-0.0,-4.950401131092143e+32,0.0,0.0,0.0,0.0,0.0,0.0,0.0,0,0,0,0.0,0.0,0.0,0.0,0.0,0.0,0.0,0.0,0.0,0.0,0.0,0.0,0.0,0.0,0.0,0.0,0,-107875648.0,53,0.0,106,-107614832.0,0.0,ERR,ERR,ERR,ERR,ERR,ERR,ERR,ERR,ERR,ERR,ERR,ERR,ERR,ERR,ERR,ERR,ERR,ERR,ERR,ERR,ERR,ERR,ERR,ERR,ERR,ERR,ERR,ERR,ERR,ERR,ERR,ERR,ERR,ERR,ERR,ERR,ERR,ERR,ERR,ERR,ERR,ERR,ERR,ERR,ERR,ERR,ERR,ERR,ERR,ERR,ERR,ERR,ERR,ERR,ERR,ERR,ERR,ERR,ERR,ERR,ERR,ERR,ERR,ERR,ERR,ERR,ERR,50.0,60.0,100,0.0,0.0,0.0,0.0,0.0,0.0,0.0,0.0,0.0,0.0,0.0,0.0,0.0,0.0,0.0,0.0,61.6,74,14,65512,50,65476,0,300,0,0,8,20529,65476,0,0,26214,60.0,0.0,0.0,0.0,0.0,0.0
2026-05-17T18:26:11,ERR,ERR,ERR,ERR,ERR,ERR,ERR,ERR,ERR,ERR,ERR,ERR,ERR,ERR,ERR,ERR,ERR,ERR,ERR,ERR,ERR,ERR,ERR,ERR,ERR,ERR,ERR,ERR,ERR,ERR,ERR,ERR,ERR,ERR,ERR,ERR,ERR,ERR,ERR,ERR,ERR,ERR,ERR,ERR,ERR,ERR,ERR,ERR,ERR,ERR,ERR,ERR,ERR,ERR,ERR,ERR,ERR,ERR,ERR,ERR,ERR,ERR,ERR,ERR,ERR,ERR,ERR,ERR,ERR,ERR,ERR,ERR,ERR,ERR,ERR,ERR,ERR,ERR,ERR,ERR,ERR,ERR,ERR,ERR,ERR,ERR,ERR,ERR,ERR,ERR,ERR,ERR,ERR,ERR,ERR,ERR,ERR,ERR,ERR,ERR,ERR,ERR,ERR,ERR,ERR,ERR,ERR,ERR,ERR,ERR,ERR,ERR,ERR,ERR,ERR,ERR,ERR,ERR,ERR,ERR,ERR,ERR,ERR,ERR,ERR,0.0,0.0,0.0,0.0,0.0,1.3936040501711995e+18,7.805,0.0,0,0,4,0,8422,0.0,45,0.0,0.0,0.0,0.0,0.0,0,0,0,0,0.0,0,0,0,0,0,0,0,0,0,0,0,0,0,0,0,0,0,0,0,0,0,0,0,0,0,0,0,0,0,0,0,0,0,38,14,7,45,65476,0,300,0,0,8,21553,0.0,-107605600.0,0.0,0.0,0.0,0.0,0.0,0.0,0.0,0.0,0.0,0.0,0.0,0.0,0.0,0.0,0.0,0.0,0.0,0.0,0.0,0.0,0.0,2.004,-0.0,0.0,0.0,0.0,0.0,0.0,5018.0,8608182272.0,0.0,0.0,-107615296.0,-107615280.0,2.718429300292151e+23,0.0,0.0,0.0,0.0,53,-0.0,0.0,0.0,0.0,0.0,0.0,0.0,0.0,0.0,0,0,0,0.0,0.0,0.0,0.0,0.0,0.0,0.0,0.0,0.0,0.0,0.0,0.0,0.0,0.0,0.0,0.0,0,-107875648.0,53,0.0,106,-107614832.0,0.0,ERR,ERR,ERR,ERR,ERR,ERR,ERR,ERR,ERR,ERR,ERR,ERR,ERR,ERR,ERR,ERR,ERR,ERR,ERR,ERR,ERR,ERR,ERR,ERR,ERR,ERR,ERR,ERR,ERR,ERR,ERR,ERR,ERR,ERR,ERR,ERR,ERR,ERR,ERR,ERR,ERR,ERR,ERR,ERR,ERR,ERR,ERR,ERR,ERR,ERR,ERR,ERR,ERR,ERR,ERR,ERR,ERR,ERR,ERR,ERR,ERR,ERR,ERR,ERR,ERR,ERR,ERR,50.0,60.0,100,0.0,0.0,0.0,0.0,0.0,0.0,0.0,0.0,0.0,0.0,0.0,0.0,0.0,0.0,0.0,0.0,62.0,74,14,65512,50,65476,0,300,0,0,8,20529,65476,0,0,26214,60.0,0.0,0.0,0.0,0.0,0.0
2026-05-17T18:26:12,ERR,ERR,ERR,ERR,ERR,ERR,ERR,ERR,ERR,ERR,ERR,ERR,ERR,ERR,ERR,ERR,ERR,ERR,ERR,ERR,ERR,ERR,ERR,ERR,ERR,ERR,ERR,ERR,ERR,ERR,ERR,ERR,ERR,ERR,ERR,ERR,ERR,ERR,ERR,ERR,ERR,ERR,ERR,ERR,ERR,ERR,ERR,ERR,ERR,ERR,ERR,ERR,ERR,ERR,ERR,ERR,ERR,ERR,ERR,ERR,ERR,ERR,ERR,ERR,ERR,ERR,ERR,ERR,ERR,ERR,ERR,ERR,ERR,ERR,ERR,ERR,ERR,ERR,ERR,ERR,ERR,ERR,ERR,ERR,ERR,ERR,ERR,ERR,ERR,ERR,ERR,ERR,ERR,ERR,ERR,ERR,ERR,ERR,ERR,ERR,ERR,ERR,ERR,ERR,ERR,ERR,ERR,ERR,ERR,ERR,ERR,ERR,ERR,ERR,ERR,ERR,ERR,ERR,ERR,ERR,ERR,ERR,ERR,ERR,ERR,0.0,0.0,0.0,0.0,0.0,1.3936040501711995e+18,7.805,0.0,0,0,4,0,8422,0.0,45,0.0,0.0,0.0,0.0,0.0,0,0,0,0,0.0,0,0,0,0,0,0,0,0,0,0,0,0,0,0,0,0,0,0,0,0,0,0,0,0,0,0,0,0,0,0,0,0,0,38,14,7,45,65476,0,300,0,0,8,21553,0.0,-107605600.0,0.0,0.0,0.0,0.0,0.0,0.0,0.0,0.0,0.0,0.0,0.0,0.0,0.0,0.0,0.0,0.0,0.0,0.0,0.0,0.0,0.0,2.004,-0.0,0.0,0.0,0.0,0.0,0.0,5018.0,8608182272.0,0.0,0.0,-107615296.0,-107615280.0,2.718429300292151e+23,0.0,0.0,0.0,0.0,53,-0.0,0.0,0.0,0.0,0.0,0.0,0.0,0.0,0.0,0,0,0,0.0,0.0,0.0,0.0,0.0,0.0,0.0,0.0,0.0,0.0,0.0,0.0,0.0,0.0,0.0,0.0,0,-107875648.0,53,0.0,106,-107614832.0,0.0,ERR,ERR,ERR,ERR,ERR,ERR,ERR,ERR,ERR,ERR,ERR,ERR,ERR,ERR,ERR,ERR,ERR,ERR,ERR,ERR,ERR,ERR,ERR,ERR,ERR,ERR,ERR,ERR,ERR,ERR,ERR,ERR,ERR,ERR,ERR,ERR,ERR,ERR,ERR,ERR,ERR,ERR,ERR,ERR,ERR,ERR,ERR,ERR,ERR,ERR,ERR,ERR,ERR,ERR,ERR,ERR,ERR,ERR,ERR,ERR,ERR,ERR,ERR,ERR,ERR,ERR,ERR,50.0,60.0,100,0.0,0.0,0.0,0.0,0.0,0.0,0.0,0.0,0.0,0.0,0.0,0.0,0.0,0.0,0.0,0.0,62.0,74,14,65512,50,65476,0,300,0,0,8,20529,65476,0,0,26214,60.0,0.0,0.0,0.0,0.0,0.0
2026-05-17T18:26:13,ERR,ERR,ERR,ERR,ERR,ERR,ERR,ERR,ERR,ERR,ERR,ERR,ERR,ERR,ERR,ERR,ERR,ERR,ERR,ERR,ERR,ERR,ERR,ERR,ERR,ERR,ERR,ERR,ERR,ERR,ERR,ERR,ERR,ERR,ERR,ERR,ERR,ERR,ERR,ERR,ERR,ERR,ERR,ERR,ERR,ERR,ERR,ERR,ERR,ERR,ERR,ERR,ERR,ERR,ERR,ERR,ERR,ERR,ERR,ERR,ERR,ERR,ERR,ERR,ERR,ERR,ERR,ERR,ERR,ERR,ERR,ERR,ERR,ERR,ERR,ERR,ERR,ERR,ERR,ERR,ERR,ERR,ERR,ERR,ERR,ERR,ERR,ERR,ERR,ERR,ERR,ERR,ERR,ERR,ERR,ERR,ERR,ERR,ERR,ERR,ERR,ERR,ERR,ERR,ERR,ERR,ERR,ERR,ERR,ERR,ERR,ERR,ERR,ERR,ERR,ERR,ERR,ERR,ERR,ERR,ERR,ERR,ERR,ERR,ERR,0.0,0.0,0.0,0.0,0.0,1.3936040501711995e+18,7.805,0.0,0,0,4,0,8422,0.0,45,0.0,0.0,0.0,0.0,0.0,0,0,0,0,0.0,0,0,0,0,0,0,0,0,0,0,0,0,0,0,0,0,0,0,0,0,0,0,0,0,0,0,0,0,0,0,0,0,0,38,14,7,45,65476,0,300,0,0,8,21553,0.0,-107605600.0,0.0,0.0,0.0,0.0,0.0,0.0,0.0,0.0,0.0,0.0,0.0,0.0,0.0,0.0,0.0,0.0,0.0,0.0,0.0,0.0,0.0,2.004,-0.0,0.0,0.0,0.0,0.0,0.0,5018.0,8608182272.0,0.0,0.0,-107615296.0,-107615280.0,2.718429300292151e+23,0.0,0.0,0.0,0.0,53,-0.0,0.0,0.0,0.0,0.0,0.0,0.0,0.0,0.0,0,0,0,0.0,0.0,0.0,0.0,0.0,0.0,0.0,0.0,0.0,0.0,0.0,0.0,0.0,0.0,0.0,0.0,0,-107875648.0,53,0.0,106,-107614832.0,0.0,ERR,ERR,ERR,ERR,ERR,ERR,ERR,ERR,ERR,ERR,ERR,ERR,ERR,ERR,ERR,ERR,ERR,ERR,ERR,ERR,ERR,ERR,ERR,ERR,ERR,ERR,ERR,ERR,ERR,ERR,ERR,ERR,ERR,ERR,ERR,ERR,ERR,ERR,ERR,ERR,ERR,ERR,ERR,ERR,ERR,ERR,ERR,ERR,ERR,ERR,ERR,ERR,ERR,ERR,ERR,ERR,ERR,ERR,ERR,ERR,ERR,ERR,ERR,ERR,ERR,ERR,ERR,50.0,60.0,100,0.0,0.0,0.0,0.0,0.0,0.0,0.0,0.0,0.0,0.0,0.0,0.0,0.0,0.0,0.0,0.0,61.6,74,14,65512,50,65476,0,300,0,0,8,20529,65476,0,0,26214,60.0,0.0,0.0,0.0,0.0,0.0
2026-05-17T18:26:14,ERR,ERR,ERR,ERR,ERR,ERR,ERR,ERR,ERR,ERR,ERR,ERR,ERR,ERR,ERR,ERR,ERR,ERR,ERR,ERR,ERR,ERR,ERR,ERR,ERR,ERR,ERR,ERR,ERR,ERR,ERR,ERR,ERR,ERR,ERR,ERR,ERR,ERR,ERR,ERR,ERR,ERR,ERR,ERR,ERR,ERR,ERR,ERR,ERR,ERR,ERR,ERR,ERR,ERR,ERR,ERR,ERR,ERR,ERR,ERR,ERR,ERR,ERR,ERR,ERR,ERR,ERR,ERR,ERR,ERR,ERR,ERR,ERR,ERR,ERR,ERR,ERR,ERR,ERR,ERR,ERR,ERR,ERR,ERR,ERR,ERR,ERR,ERR,ERR,ERR,ERR,ERR,ERR,ERR,ERR,ERR,ERR,ERR,ERR,ERR,ERR,ERR,ERR,ERR,ERR,ERR,ERR,ERR,ERR,ERR,ERR,ERR,ERR,ERR,ERR,ERR,ERR,ERR,ERR,ERR,ERR,ERR,ERR,ERR,ERR,0.0,0.0,0.0,0.0,0.0,1.3936040501711995e+18,7.805,0.0,0,0,4,0,8422,0.0,45,0.0,0.0,0.0,0.0,0.0,0,0,0,0,0.0,0,0,0,0,0,0,0,0,0,0,0,0,0,0,0,0,0,0,0,0,0,0,0,0,0,0,0,0,0,0,0,0,0,38,14,7,45,65476,0,300,0,0,8,21553,0.0,-107605600.0,0.0,0.0,0.0,0.0,0.0,0.0,0.0,0.0,0.0,0.0,0.0,0.0,0.0,0.0,0.0,0.0,0.0,0.0,0.0,0.0,0.0,2.004,-0.0,0.0,0.0,0.0,0.0,0.0,5018.0,8608182272.0,0.0,0.0,-107615296.0,-107615280.0,2.718429300292151e+23,0.0,0.0,0.0,0.0,53,-0.0,0.0,0.0,0.0,0.0,0.0,0.0,0.0,0.0,0,0,0,0.0,0.0,0.0,0.0,0.0,0.0,0.0,0.0,0.0,0.0,0.0,0.0,0.0,0.0,0.0,0.0,0,-107875648.0,53,0.0,106,-107614832.0,0.0,ERR,ERR,ERR,ERR,ERR,ERR,ERR,ERR,ERR,ERR,ERR,ERR,ERR,ERR,ERR,ERR,ERR,ERR,ERR,ERR,ERR,ERR,ERR,ERR,ERR,ERR,ERR,ERR,ERR,ERR,ERR,ERR,ERR,ERR,ERR,ERR,ERR,ERR,ERR,ERR,ERR,ERR,ERR,ERR,ERR,ERR,ERR,ERR,ERR,ERR,ERR,ERR,ERR,ERR,ERR,ERR,ERR,ERR,ERR,ERR,ERR,ERR,ERR,ERR,ERR,ERR,ERR,50.0,60.0,100,0.0,0.0,0.0,0.0,0.0,0.0,0.0,0.0,0.0,0.0,0.0,0.0,0.0,0.0,0.0,0.0,61.6,74,14,65512,50,65476,0,300,0,0,8,20529,65476,0,0,26214,60.0,0.0,0.0,0.0,0.0,0.0
2026-05-17T18:26:15,ERR,ERR,ERR,ERR,ERR,ERR,ERR,ERR,ERR,ERR,ERR,ERR,ERR,ERR,ERR,ERR,ERR,ERR,ERR,ERR,ERR,ERR,ERR,ERR,ERR,ERR,ERR,ERR,ERR,ERR,ERR,ERR,ERR,ERR,ERR,ERR,ERR,ERR,ERR,ERR,ERR,ERR,ERR,ERR,ERR,ERR,ERR,ERR,ERR,ERR,ERR,ERR,ERR,ERR,ERR,ERR,ERR,ERR,ERR,ERR,ERR,ERR,ERR,ERR,ERR,ERR,ERR,ERR,ERR,ERR,ERR,ERR,ERR,ERR,ERR,ERR,ERR,ERR,ERR,ERR,ERR,ERR,ERR,ERR,ERR,ERR,ERR,ERR,ERR,ERR,ERR,ERR,ERR,ERR,ERR,ERR,ERR,ERR,ERR,ERR,ERR,ERR,ERR,ERR,ERR,ERR,ERR,ERR,ERR,ERR,ERR,ERR,ERR,ERR,ERR,ERR,ERR,ERR,ERR,ERR,ERR,ERR,ERR,ERR,ERR,0.0,0.0,0.0,0.0,0.0,1.3936040501711995e+18,7.805,0.0,0,0,4,0,8422,0.0,45,0.0,0.0,0.0,0.0,0.0,0,0,0,0,0.0,0,0,0,0,0,0,0,0,0,0,0,0,0,0,0,0,0,0,0,0,0,0,0,0,0,0,0,0,0,0,0,0,0,38,14,7,45,65476,0,300,0,0,8,21553,0.0,-107605600.0,0.0,0.0,0.0,0.0,0.0,0.0,0.0,0.0,0.0,0.0,0.0,0.0,0.0,0.0,0.0,0.0,0.0,0.0,0.0,0.0,0.0,2.004,-0.0,0.0,0.0,0.0,0.0,0.0,5018.0,8608182272.0,0.0,0.0,-107615296.0,-107615280.0,2.718429300292151e+23,0.0,0.0,0.0,0.0,53,-0.0,0.0,0.0,0.0,0.0,0.0,0.0,0.0,0.0,0,0,0,0.0,0.0,0.0,0.0,0.0,0.0,0.0,0.0,0.0,0.0,0.0,0.0,0.0,0.0,0.0,0.0,0,-107875648.0,53,0.0,106,-107614832.0,0.0,ERR,ERR,ERR,ERR,ERR,ERR,ERR,ERR,ERR,ERR,ERR,ERR,ERR,ERR,ERR,ERR,ERR,ERR,ERR,ERR,ERR,ERR,ERR,ERR,ERR,ERR,ERR,ERR,ERR,ERR,ERR,ERR,ERR,ERR,ERR,ERR,ERR,ERR,ERR,ERR,ERR,ERR,ERR,ERR,ERR,ERR,ERR,ERR,ERR,ERR,ERR,ERR,ERR,ERR,ERR,ERR,ERR,ERR,ERR,ERR,ERR,ERR,ERR,ERR,ERR,ERR,ERR,50.0,60.0,100,0.0,0.0,0.0,0.0,0.0,0.0,0.0,0.0,0.0,0.0,0.0,0.0,0.0,0.0,0.0,0.0,61.6,74,14,65512,50,65476,0,300,0,0,8,20529,65476,0,0,26214,60.0,0.0,0.0,0.0,0.0,0.0
2026-05-17T18:26:16,ERR,ERR,ERR,ERR,ERR,ERR,ERR,ERR,ERR,ERR,ERR,ERR,ERR,ERR,ERR,ERR,ERR,ERR,ERR,ERR,ERR,ERR,ERR,ERR,ERR,ERR,ERR,ERR,ERR,ERR,ERR,ERR,ERR,ERR,ERR,ERR,ERR,ERR,ERR,ERR,ERR,ERR,ERR,ERR,ERR,ERR,ERR,ERR,ERR,ERR,ERR,ERR,ERR,ERR,ERR,ERR,ERR,ERR,ERR,ERR,ERR,ERR,ERR,ERR,ERR,ERR,ERR,ERR,ERR,ERR,ERR,ERR,ERR,ERR,ERR,ERR,ERR,ERR,ERR,ERR,ERR,ERR,ERR,ERR,ERR,ERR,ERR,ERR,ERR,ERR,ERR,ERR,ERR,ERR,ERR,ERR,ERR,ERR,ERR,ERR,ERR,ERR,ERR,ERR,ERR,ERR,ERR,ERR,ERR,ERR,ERR,ERR,ERR,ERR,ERR,ERR,ERR,ERR,ERR,ERR,ERR,ERR,ERR,ERR,ERR,0.0,0.0,0.0,0.0,0.0,1.3936040501711995e+18,7.805,0.0,0,0,4,0,8422,0.0,45,0.0,0.0,0.0,0.0,0.0,0,0,0,0,0.0,0,0,0,0,0,0,0,0,0,0,0,0,0,0,0,0,0,0,0,0,0,0,0,0,0,0,0,0,0,0,0,0,0,38,14,7,45,65476,0,300,0,0,8,21553,0.0,-107605600.0,0.0,0.0,0.0,0.0,0.0,0.0,0.0,0.0,0.0,0.0,0.0,0.0,0.0,0.0,0.0,0.0,0.0,0.0,0.0,0.0,0.0,2.004,-0.0,0.0,0.0,0.0,0.0,0.0,5018.0,0.0,0.0,0.0,0.0,-107615280.0,2.718429300292151e+23,0.0,0.0,0.0,0.0,53,-0.0,-152017263656960.0,0.0,0.0,0.0,0.0,0.0,0.0,0.0,0,0,0,0.0,0.0,0.0,0.0,0.0,0.0,0.0,0.0,0.0,0.0,0.0,0.0,0.0,0.0,0.0,0.0,0,-107875648.0,53,0.0,106,-107614832.0,0.0,ERR,ERR,ERR,ERR,ERR,ERR,ERR,ERR,ERR,ERR,ERR,ERR,ERR,ERR,ERR,ERR,ERR,ERR,ERR,ERR,ERR,ERR,ERR,ERR,ERR,ERR,ERR,ERR,ERR,ERR,ERR,ERR,ERR,ERR,ERR,ERR,ERR,ERR,ERR,ERR,ERR,ERR,ERR,ERR,ERR,ERR,ERR,ERR,ERR,ERR,ERR,ERR,ERR,ERR,ERR,ERR,ERR,ERR,ERR,ERR,ERR,ERR,ERR,ERR,ERR,ERR,ERR,50.0,60.0,100,0.0,0.0,0.0,0.0,0.0,0.0,0.0,0.0,0.0,0.0,0.0,0.0,0.0,0.0,0.0,0.0,62.0,74,14,65512,50,65476,0,300,0,0,8,20529,65476,0,0,26214,60.0,0.0,0.0,0.0,0.0,0.0
2026-05-17T18:26:17,ERR,ERR,ERR,ERR,ERR,ERR,ERR,ERR,ERR,ERR,ERR,ERR,ERR,ERR,ERR,ERR,ERR,ERR,ERR,ERR,ERR,ERR,ERR,ERR,ERR,ERR,ERR,ERR,ERR,ERR,ERR,ERR,ERR,ERR,ERR,ERR,ERR,ERR,ERR,ERR,ERR,ERR,ERR,ERR,ERR,ERR,ERR,ERR,ERR,ERR,ERR,ERR,ERR,ERR,ERR,ERR,ERR,ERR,ERR,ERR,ERR,ERR,ERR,ERR,ERR,ERR,ERR,ERR,ERR,ERR,ERR,ERR,ERR,ERR,ERR,ERR,ERR,ERR,ERR,ERR,ERR,ERR,ERR,ERR,ERR,ERR,ERR,ERR,ERR,ERR,ERR,ERR,ERR,ERR,ERR,ERR,ERR,ERR,ERR,ERR,ERR,ERR,ERR,ERR,ERR,ERR,ERR,ERR,ERR,ERR,ERR,ERR,ERR,ERR,ERR,ERR,ERR,ERR,ERR,ERR,ERR,ERR,ERR,ERR,ERR,0.0,0.0,0.0,0.0,0.0,1.3936040501711995e+18,7.805,0.0,0,0,4,0,8422,0.0,45,0.0,0.0,0.0,0.0,0.0,0,0,0,0,0.0,0,0,0,0,0,0,0,0,0,0,0,0,0,0,0,0,0,0,0,0,0,0,0,0,0,0,0,0,0,0,0,0,0,38,14,7,45,65476,0,300,0,0,8,21553,0.0,-107605600.0,0.0,0.0,0.0,0.0,0.0,0.0,0.0,0.0,0.0,0.0,0.0,0.0,0.0,0.0,0.0,0.0,0.0,0.0,0.0,0.0,0.0,2.004,-0.0,0.0,0.0,0.0,0.0,0.0,5018.0,0.0,0.0,0.0,0.0,-107615280.0,2.718429300292151e+23,0.0,0.0,0.0,0.0,53,-0.0,-152017263656960.0,0.0,0.0,0.0,0.0,0.0,0.0,0.0,0,0,0,0.0,0.0,0.0,0.0,0.0,0.0,0.0,0.0,0.0,0.0,0.0,0.0,0.0,0.0,0.0,0.0,0,-107875648.0,53,0.0,106,-107614832.0,0.0,ERR,ERR,ERR,ERR,ERR,ERR,ERR,ERR,ERR,ERR,ERR,ERR,ERR,ERR,ERR,ERR,ERR,ERR,ERR,ERR,ERR,ERR,ERR,ERR,ERR,ERR,ERR,ERR,ERR,ERR,ERR,ERR,ERR,ERR,ERR,ERR,ERR,ERR,ERR,ERR,ERR,ERR,ERR,ERR,ERR,ERR,ERR,ERR,ERR,ERR,ERR,ERR,ERR,ERR,ERR,ERR,ERR,ERR,ERR,ERR,ERR,ERR,ERR,ERR,ERR,ERR,ERR,50.0,60.0,100,0.0,0.0,0.0,0.0,0.0,0.0,0.0,0.0,0.0,0.0,0.0,0.0,0.0,0.0,0.0,0.0,62.0,74,14,65512,50,65476,0,300,0,0,8,20529,65476,0,0,26214,60.0,0.0,0.0,0.0,0.0,0.0
2026-05-17T18:26:18,ERR,ERR,ERR,ERR,ERR,ERR,ERR,ERR,ERR,ERR,ERR,ERR,ERR,ERR,ERR,ERR,ERR,ERR,ERR,ERR,ERR,ERR,ERR,ERR,ERR,ERR,ERR,ERR,ERR,ERR,ERR,ERR,ERR,ERR,ERR,ERR,ERR,ERR,ERR,ERR,ERR,ERR,ERR,ERR,ERR,ERR,ERR,ERR,ERR,ERR,ERR,ERR,ERR,ERR,ERR,ERR,ERR,ERR,ERR,ERR,ERR,ERR,ERR,ERR,ERR,ERR,ERR,ERR,ERR,ERR,ERR,ERR,ERR,ERR,ERR,ERR,ERR,ERR,ERR,ERR,ERR,ERR,ERR,ERR,ERR,ERR,ERR,ERR,ERR,ERR,ERR,ERR,ERR,ERR,ERR,ERR,ERR,ERR,ERR,ERR,ERR,ERR,ERR,ERR,ERR,ERR,ERR,ERR,ERR,ERR,ERR,ERR,ERR,ERR,ERR,ERR,ERR,ERR,ERR,ERR,ERR,ERR,ERR,ERR,ERR,0.0,0.0,0.0,0.0,0.0,1.3936040501711995e+18,7.805,0.0,0,0,4,0,8422,0.0,45,0.0,0.0,0.0,0.0,0.0,0,0,0,0,0.0,0,0,0,0,0,0,0,0,0,0,0,0,0,0,0,0,0,0,0,0,0,0,0,0,0,0,0,0,0,0,0,0,0,38,14,7,45,65476,0,300,0,0,8,21553,0.0,-107605600.0,0.0,0.0,0.0,0.0,0.0,0.0,0.0,0.0,0.0,0.0,0.0,0.0,0.0,0.0,0.0,0.0,0.0,0.0,0.0,0.0,0.0,2.004,-0.0,0.0,0.0,0.0,0.0,0.0,5018.0,0.0,0.0,0.0,0.0,-107615280.0,2.718429300292151e+23,0.0,0.0,0.0,0.0,53,-0.0,-152017263656960.0,0.0,0.0,0.0,0.0,0.0,0.0,0.0,0,0,0,0.0,0.0,0.0,0.0,0.0,0.0,0.0,0.0,0.0,0.0,0.0,0.0,0.0,0.0,0.0,0.0,0,-107875648.0,53,0.0,106,-107614832.0,0.0,ERR,ERR,ERR,ERR,ERR,ERR,ERR,ERR,ERR,ERR,ERR,ERR,ERR,ERR,ERR,ERR,ERR,ERR,ERR,ERR,ERR,ERR,ERR,ERR,ERR,ERR,ERR,ERR,ERR,ERR,ERR,ERR,ERR,ERR,ERR,ERR,ERR,ERR,ERR,ERR,ERR,ERR,ERR,ERR,ERR,ERR,ERR,ERR,ERR,ERR,ERR,ERR,ERR,ERR,ERR,ERR,ERR,ERR,ERR,ERR,ERR,ERR,ERR,ERR,ERR,ERR,ERR,50.0,60.0,100,0.0,0.0,0.0,0.0,0.0,0.0,0.0,0.0,0.0,0.0,0.0,0.0,0.0,0.0,0.0,0.0,61.6,74,14,65512,50,65476,0,300,0,0,8,20529,65476,0,0,26214,60.0,0.0,0.0,0.0,0.0,0.0
2026-05-17T18:26:19,ERR,ERR,ERR,ERR,ERR,ERR,ERR,ERR,ERR,ERR,ERR,ERR,ERR,ERR,ERR,ERR,ERR,ERR,ERR,ERR,ERR,ERR,ERR,ERR,ERR,ERR,ERR,ERR,ERR,ERR,ERR,ERR,ERR,ERR,ERR,ERR,ERR,ERR,ERR,ERR,ERR,ERR,ERR,ERR,ERR,ERR,ERR,ERR,ERR,ERR,ERR,ERR,ERR,ERR,ERR,ERR,ERR,ERR,ERR,ERR,ERR,ERR,ERR,ERR,ERR,ERR,ERR,ERR,ERR,ERR,ERR,ERR,ERR,ERR,ERR,ERR,ERR,ERR,ERR,ERR,ERR,ERR,ERR,ERR,ERR,ERR,ERR,ERR,ERR,ERR,ERR,ERR,ERR,ERR,ERR,ERR,ERR,ERR,ERR,ERR,ERR,ERR,ERR,ERR,ERR,ERR,ERR,ERR,ERR,ERR,ERR,ERR,ERR,ERR,ERR,ERR,ERR,ERR,ERR,ERR,ERR,ERR,ERR,ERR,ERR,0.0,0.0,0.0,0.0,0.0,1.3936040501711995e+18,7.805,0.0,0,0,4,0,8422,0.0,45,0.0,0.0,0.0,0.0,0.0,0,0,0,0,0.0,0,0,0,0,0,0,0,0,0,0,0,0,0,0,0,0,0,0,0,0,0,0,0,0,0,0,0,0,0,0,0,0,0,38,14,7,45,65476,0,300,0,0,8,21553,0.0,-107605600.0,0.0,0.0,0.0,0.0,0.0,0.0,0.0,0.0,0.0,0.0,0.0,0.0,0.0,0.0,0.0,0.0,0.0,0.0,0.0,0.0,0.0,2.004,-0.0,0.0,0.0,0.0,0.0,0.0,5018.0,0.0,0.0,0.0,0.0,-107615280.0,2.718429300292151e+23,0.0,0.0,0.0,0.0,53,-0.0,-152017263656960.0,0.0,0.0,0.0,0.0,0.0,0.0,0.0,0,0,0,0.0,0.0,0.0,0.0,0.0,0.0,0.0,0.0,0.0,0.0,0.0,0.0,0.0,0.0,0.0,0.0,0,-107875648.0,53,0.0,106,-107614832.0,0.0,ERR,ERR,ERR,ERR,ERR,ERR,ERR,ERR,ERR,ERR,ERR,ERR,ERR,ERR,ERR,ERR,ERR,ERR,ERR,ERR,ERR,ERR,ERR,ERR,ERR,ERR,ERR,ERR,ERR,ERR,ERR,ERR,ERR,ERR,ERR,ERR,ERR,ERR,ERR,ERR,ERR,ERR,ERR,ERR,ERR,ERR,ERR,ERR,ERR,ERR,ERR,ERR,ERR,ERR,ERR,ERR,ERR,ERR,ERR,ERR,ERR,ERR,ERR,ERR,ERR,ERR,ERR,50.0,60.0,100,0.0,0.0,0.0,0.0,0.0,0.0,0.0,0.0,0.0,0.0,0.0,0.0,0.0,0.0,0.0,0.0,61.6,74,14,65512,50,65476,0,300,0,0,8,20529,65476,0,0,26214,60.0,0.0,0.0,0.0,0.0,0.0
2026-05-17T18:26:20,ERR,ERR,ERR,ERR,ERR,ERR,ERR,ERR,ERR,ERR,ERR,ERR,ERR,ERR,ERR,ERR,ERR,ERR,ERR,ERR,ERR,ERR,ERR,ERR,ERR,ERR,ERR,ERR,ERR,ERR,ERR,ERR,ERR,ERR,ERR,ERR,ERR,ERR,ERR,ERR,ERR,ERR,ERR,ERR,ERR,ERR,ERR,ERR,ERR,ERR,ERR,ERR,ERR,ERR,ERR,ERR,ERR,ERR,ERR,ERR,ERR,ERR,ERR,ERR,ERR,ERR,ERR,ERR,ERR,ERR,ERR,ERR,ERR,ERR,ERR,ERR,ERR,ERR,ERR,ERR,ERR,ERR,ERR,ERR,ERR,ERR,ERR,ERR,ERR,ERR,ERR,ERR,ERR,ERR,ERR,ERR,ERR,ERR,ERR,ERR,ERR,ERR,ERR,ERR,ERR,ERR,ERR,ERR,ERR,ERR,ERR,ERR,ERR,ERR,ERR,ERR,ERR,ERR,ERR,ERR,ERR,ERR,ERR,ERR,ERR,0.0,0.0,0.0,0.0,0.0,1.3936040501711995e+18,7.805,0.0,0,0,4,0,8422,0.0,45,0.0,0.0,0.0,0.0,0.0,0,0,0,0,0.0,0,0,0,0,0,0,0,0,0,0,0,0,0,0,0,0,0,0,0,0,0,0,0,0,0,0,0,0,0,0,0,0,0,38,14,7,45,65476,0,300,0,0,8,21553,0.0,-107605600.0,0.0,0.0,0.0,0.0,0.0,0.0,0.0,0.0,0.0,0.0,0.0,0.0,0.0,0.0,0.0,0.0,0.0,0.0,0.0,0.0,0.0,2.004,-0.0,0.0,0.0,0.0,0.0,0.0,5018.0,0.0,0.0,0.0,0.0,-107615280.0,2.718429300292151e+23,0.0,0.0,0.0,0.0,53,-0.0,-152017263656960.0,0.0,0.0,0.0,0.0,0.0,0.0,0.0,0,0,0,0.0,0.0,0.0,0.0,0.0,0.0,0.0,0.0,0.0,0.0,0.0,0.0,0.0,0.0,0.0,0.0,0,-107875648.0,53,0.0,106,-107614832.0,0.0,ERR,ERR,ERR,ERR,ERR,ERR,ERR,ERR,ERR,ERR,ERR,ERR,ERR,ERR,ERR,ERR,ERR,ERR,ERR,ERR,ERR,ERR,ERR,ERR,ERR,ERR,ERR,ERR,ERR,ERR,ERR,ERR,ERR,ERR,ERR,ERR,ERR,ERR,ERR,ERR,ERR,ERR,ERR,ERR,ERR,ERR,ERR,ERR,ERR,ERR,ERR,ERR,ERR,ERR,ERR,ERR,ERR,ERR,ERR,ERR,ERR,ERR,ERR,ERR,ERR,ERR,ERR,50.0,60.0,100,0.0,0.0,0.0,0.0,0.0,0.0,0.0,0.0,0.0,0.0,0.0,0.0,0.0,0.0,0.0,0.0,61.6,74,14,65512,50,65476,0,300,0,0,8,20529,65476,0,0,26214,60.0,0.0,0.0,0.0,0.0,0.0
2026-05-17T18:26:21,ERR,ERR,ERR,ERR,ERR,ERR,ERR,ERR,ERR,ERR,ERR,ERR,ERR,ERR,ERR,ERR,ERR,ERR,ERR,ERR,ERR,ERR,ERR,ERR,ERR,ERR,ERR,ERR,ERR,ERR,ERR,ERR,ERR,ERR,ERR,ERR,ERR,ERR,ERR,ERR,ERR,ERR,ERR,ERR,ERR,ERR,ERR,ERR,ERR,ERR,ERR,ERR,ERR,ERR,ERR,ERR,ERR,ERR,ERR,ERR,ERR,ERR,ERR,ERR,ERR,ERR,ERR,ERR,ERR,ERR,ERR,ERR,ERR,ERR,ERR,ERR,ERR,ERR,ERR,ERR,ERR,ERR,ERR,ERR,ERR,ERR,ERR,ERR,ERR,ERR,ERR,ERR,ERR,ERR,ERR,ERR,ERR,ERR,ERR,ERR,ERR,ERR,ERR,ERR,ERR,ERR,ERR,ERR,ERR,ERR,ERR,ERR,ERR,ERR,ERR,ERR,ERR,ERR,ERR,ERR,ERR,ERR,ERR,ERR,ERR,0.0,0.0,0.0,0.0,0.0,1.3936040501711995e+18,7.805,0.0,0,0,4,0,8422,0.0,45,0.0,0.0,0.0,0.0,0.0,0,0,0,0,0.0,0,0,0,0,0,0,0,0,0,0,0,0,0,0,0,0,0,0,0,0,0,0,0,0,0,0,0,0,0,0,0,0,0,38,14,7,45,65476,0,300,0,0,8,21553,0.0,-107605600.0,0.0,0.0,0.0,0.0,0.0,0.0,0.0,0.0,0.0,0.0,0.0,0.0,0.0,0.0,0.0,0.0,0.0,0.0,0.0,0.0,0.0,2.004,-0.0,0.0,0.0,0.0,0.0,0.0,4982.0,-0.0,0.0,0.0,0.0,-107615280.0,2.718429300292151e+23,0.0,0.0,0.0,0.0,53,-0.0,126840528896.0,0.0,0.0,0.0,0.0,0.0,0.0,0.0,0,0,0,0.0,0.0,0.0,0.0,0.0,0.0,0.0,0.0,0.0,0.0,0.0,0.0,0.0,0.0,0.0,0.0,0,-107875648.0,53,0.0,106,-107614832.0,0.0,ERR,ERR,ERR,ERR,ERR,ERR,ERR,ERR,ERR,ERR,ERR,ERR,ERR,ERR,ERR,ERR,ERR,ERR,ERR,ERR,ERR,ERR,ERR,ERR,ERR,ERR,ERR,ERR,ERR,ERR,ERR,ERR,ERR,ERR,ERR,ERR,ERR,ERR,ERR,ERR,ERR,ERR,ERR,ERR,ERR,ERR,ERR,ERR,ERR,ERR,ERR,ERR,ERR,ERR,ERR,ERR,ERR,ERR,ERR,ERR,ERR,ERR,ERR,ERR,ERR,ERR,ERR,50.0,60.0,100,0.0,0.0,0.0,0.0,0.0,0.0,0.0,0.0,0.0,0.0,0.0,0.0,0.0,0.0,0.0,0.0,61.6,74,14,65512,50,65476,0,300,0,0,8,20529,65476,0,0,26214,60.0,0.0,0.0,0.0,0.0,0.0
2026-05-17T18:26:22,ERR,ERR,ERR,ERR,ERR,ERR,ERR,ERR,ERR,ERR,ERR,ERR,ERR,ERR,ERR,ERR,ERR,ERR,ERR,ERR,ERR,ERR,ERR,ERR,ERR,ERR,ERR,ERR,ERR,ERR,ERR,ERR,ERR,ERR,ERR,ERR,ERR,ERR,ERR,ERR,ERR,ERR,ERR,ERR,ERR,ERR,ERR,ERR,ERR,ERR,ERR,ERR,ERR,ERR,ERR,ERR,ERR,ERR,ERR,ERR,ERR,ERR,ERR,ERR,ERR,ERR,ERR,ERR,ERR,ERR,ERR,ERR,ERR,ERR,ERR,ERR,ERR,ERR,ERR,ERR,ERR,ERR,ERR,ERR,ERR,ERR,ERR,ERR,ERR,ERR,ERR,ERR,ERR,ERR,ERR,ERR,ERR,ERR,ERR,ERR,ERR,ERR,ERR,ERR,ERR,ERR,ERR,ERR,ERR,ERR,ERR,ERR,ERR,ERR,ERR,ERR,ERR,ERR,ERR,ERR,ERR,ERR,ERR,ERR,ERR,0.0,0.0,0.0,0.0,0.0,1.3936040501711995e+18,7.805,0.0,0,0,4,0,8422,0.0,45,0.0,0.0,0.0,0.0,0.0,0,0,0,0,0.0,0,0,0,0,0,0,0,0,0,0,0,0,0,0,0,0,0,0,0,0,0,0,0,0,0,0,0,0,0,0,0,0,0,38,14,7,45,65476,0,300,0,0,8,21553,0.0,-107605600.0,0.0,0.0,0.0,0.0,0.0,0.0,0.0,0.0,0.0,0.0,0.0,0.0,0.0,0.0,0.0,0.0,0.0,0.0,0.0,0.0,0.0,2.004,-0.0,0.0,0.0,0.0,0.0,0.0,4982.0,-0.0,0.0,0.0,0.0,-107615280.0,2.718429300292151e+23,0.0,0.0,0.0,0.0,53,-0.0,126840528896.0,0.0,0.0,0.0,0.0,0.0,0.0,0.0,0,0,0,0.0,0.0,0.0,0.0,0.0,0.0,0.0,0.0,0.0,0.0,0.0,0.0,0.0,0.0,0.0,0.0,0,-107875648.0,53,0.0,106,-107614832.0,0.0,ERR,ERR,ERR,ERR,ERR,ERR,ERR,ERR,ERR,ERR,ERR,ERR,ERR,ERR,ERR,ERR,ERR,ERR,ERR,ERR,ERR,ERR,ERR,ERR,ERR,ERR,ERR,ERR,ERR,ERR,ERR,ERR,ERR,ERR,ERR,ERR,ERR,ERR,ERR,ERR,ERR,ERR,ERR,ERR,ERR,ERR,ERR,ERR,ERR,ERR,ERR,ERR,ERR,ERR,ERR,ERR,ERR,ERR,ERR,ERR,ERR,ERR,ERR,ERR,ERR,ERR,ERR,50.0,60.0,100,0.0,0.0,0.0,0.0,0.0,0.0,0.0,0.0,0.0,0.0,0.0,0.0,0.0,0.0,0.0,0.0,61.6,74,14,65512,50,65476,0,300,0,0,8,20529,65476,0,0,26214,60.0,0.0,0.0,0.0,0.0,0.0
2026-05-17T18:26:23,ERR,ERR,ERR,ERR,ERR,ERR,ERR,ERR,ERR,ERR,ERR,ERR,ERR,ERR,ERR,ERR,ERR,ERR,ERR,ERR,ERR,ERR,ERR,ERR,ERR,ERR,ERR,ERR,ERR,ERR,ERR,ERR,ERR,ERR,ERR,ERR,ERR,ERR,ERR,ERR,ERR,ERR,ERR,ERR,ERR,ERR,ERR,ERR,ERR,ERR,ERR,ERR,ERR,ERR,ERR,ERR,ERR,ERR,ERR,ERR,ERR,ERR,ERR,ERR,ERR,ERR,ERR,ERR,ERR,ERR,ERR,ERR,ERR,ERR,ERR,ERR,ERR,ERR,ERR,ERR,ERR,ERR,ERR,ERR,ERR,ERR,ERR,ERR,ERR,ERR,ERR,ERR,ERR,ERR,ERR,ERR,ERR,ERR,ERR,ERR,ERR,ERR,ERR,ERR,ERR,ERR,ERR,ERR,ERR,ERR,ERR,ERR,ERR,ERR,ERR,ERR,ERR,ERR,ERR,ERR,ERR,ERR,ERR,ERR,ERR,0.0,0.0,0.0,0.0,0.0,1.3936040501711995e+18,7.805,0.0,0,0,4,0,8422,0.0,45,0.0,0.0,0.0,0.0,0.0,0,0,0,0,0.0,0,0,0,0,0,0,0,0,0,0,0,0,0,0,0,0,0,0,0,0,0,0,0,0,0,0,0,0,0,0,0,0,0,38,14,7,45,65476,0,300,0,0,8,21553,0.0,-107605600.0,0.0,0.0,0.0,0.0,0.0,0.0,0.0,0.0,0.0,0.0,0.0,0.0,0.0,0.0,0.0,0.0,0.0,0.0,0.0,0.0,0.0,2.004,-0.0,0.0,0.0,0.0,0.0,0.0,4982.0,-0.0,0.0,0.0,0.0,-107615280.0,2.718429300292151e+23,0.0,0.0,0.0,0.0,53,-0.0,126840528896.0,0.0,0.0,0.0,0.0,0.0,0.0,0.0,0,0,0,0.0,0.0,0.0,0.0,0.0,0.0,0.0,0.0,0.0,0.0,0.0,0.0,0.0,0.0,0.0,0.0,0,-107875648.0,53,0.0,106,-107614832.0,0.0,ERR,ERR,ERR,ERR,ERR,ERR,ERR,ERR,ERR,ERR,ERR,ERR,ERR,ERR,ERR,ERR,ERR,ERR,ERR,ERR,ERR,ERR,ERR,ERR,ERR,ERR,ERR,ERR,ERR,ERR,ERR,ERR,ERR,ERR,ERR,ERR,ERR,ERR,ERR,ERR,ERR,ERR,ERR,ERR,ERR,ERR,ERR,ERR,ERR,ERR,ERR,ERR,ERR,ERR,ERR,ERR,ERR,ERR,ERR,ERR,ERR,ERR,ERR,ERR,ERR,ERR,ERR,50.0,60.0,100,0.0,0.0,0.0,0.0,0.0,0.0,0.0,0.0,0.0,0.0,0.0,0.0,0.0,0.0,0.0,0.0,61.6,74,14,65512,50,65476,0,300,0,0,8,20529,65476,0,0,26214,60.0,0.0,0.0,0.0,0.0,0.0
2026-05-17T18:26:24,ERR,ERR,ERR,ERR,ERR,ERR,ERR,ERR,ERR,ERR,ERR,ERR,ERR,ERR,ERR,ERR,ERR,ERR,ERR,ERR,ERR,ERR,ERR,ERR,ERR,ERR,ERR,ERR,ERR,ERR,ERR,ERR,ERR,ERR,ERR,ERR,ERR,ERR,ERR,ERR,ERR,ERR,ERR,ERR,ERR,ERR,ERR,ERR,ERR,ERR,ERR,ERR,ERR,ERR,ERR,ERR,ERR,ERR,ERR,ERR,ERR,ERR,ERR,ERR,ERR,ERR,ERR,ERR,ERR,ERR,ERR,ERR,ERR,ERR,ERR,ERR,ERR,ERR,ERR,ERR,ERR,ERR,ERR,ERR,ERR,ERR,ERR,ERR,ERR,ERR,ERR,ERR,ERR,ERR,ERR,ERR,ERR,ERR,ERR,ERR,ERR,ERR,ERR,ERR,ERR,ERR,ERR,ERR,ERR,ERR,ERR,ERR,ERR,ERR,ERR,ERR,ERR,ERR,ERR,ERR,ERR,ERR,ERR,ERR,ERR,0.0,0.0,0.0,0.0,0.0,1.3936040501711995e+18,7.805,0.0,0,0,4,0,8422,0.0,45,0.0,0.0,0.0,0.0,0.0,0,0,0,0,0.0,0,0,0,0,0,0,0,0,0,0,0,0,0,0,0,0,0,0,0,0,0,0,0,0,0,0,0,0,0,0,0,0,0,38,14,7,45,65476,0,300,0,0,8,21553,0.0,-107605600.0,0.0,0.0,0.0,0.0,0.0,0.0,0.0,0.0,0.0,0.0,0.0,0.0,0.0,0.0,0.0,0.0,0.0,0.0,0.0,0.0,0.0,2.004,-0.0,0.0,0.0,0.0,0.0,0.0,4982.0,-0.0,0.0,0.0,0.0,-107615280.0,2.718429300292151e+23,0.0,0.0,0.0,0.0,53,-0.0,126840528896.0,0.0,0.0,0.0,0.0,0.0,0.0,0.0,0,0,0,0.0,0.0,0.0,0.0,0.0,0.0,0.0,0.0,0.0,0.0,0.0,0.0,0.0,0.0,0.0,0.0,0,-107875648.0,53,0.0,106,-107614832.0,0.0,ERR,ERR,ERR,ERR,ERR,ERR,ERR,ERR,ERR,ERR,ERR,ERR,ERR,ERR,ERR,ERR,ERR,ERR,ERR,ERR,ERR,ERR,ERR,ERR,ERR,ERR,ERR,ERR,ERR,ERR,ERR,ERR,ERR,ERR,ERR,ERR,ERR,ERR,ERR,ERR,ERR,ERR,ERR,ERR,ERR,ERR,ERR,ERR,ERR,ERR,ERR,ERR,ERR,ERR,ERR,ERR,ERR,ERR,ERR,ERR,ERR,ERR,ERR,ERR,ERR,ERR,ERR,50.0,60.0,100,0.0,0.0,0.0,0.0,0.0,0.0,0.0,0.0,0.0,0.0,0.0,0.0,0.0,0.0,0.0,0.0,61.6,74,14,65512,50,65476,0,300,0,0,8,20529,65476,0,0,26214,60.0,0.0,0.0,0.0,0.0,0.0
2026-05-17T18:26:25,ERR,ERR,ERR,ERR,ERR,ERR,ERR,ERR,ERR,ERR,ERR,ERR,ERR,ERR,ERR,ERR,ERR,ERR,ERR,ERR,ERR,ERR,ERR,ERR,ERR,ERR,ERR,ERR,ERR,ERR,ERR,ERR,ERR,ERR,ERR,ERR,ERR,ERR,ERR,ERR,ERR,ERR,ERR,ERR,ERR,ERR,ERR,ERR,ERR,ERR,ERR,ERR,ERR,ERR,ERR,ERR,ERR,ERR,ERR,ERR,ERR,ERR,ERR,ERR,ERR,ERR,ERR,ERR,ERR,ERR,ERR,ERR,ERR,ERR,ERR,ERR,ERR,ERR,ERR,ERR,ERR,ERR,ERR,ERR,ERR,ERR,ERR,ERR,ERR,ERR,ERR,ERR,ERR,ERR,ERR,ERR,ERR,ERR,ERR,ERR,ERR,ERR,ERR,ERR,ERR,ERR,ERR,ERR,ERR,ERR,ERR,ERR,ERR,ERR,ERR,ERR,ERR,ERR,ERR,ERR,ERR,ERR,ERR,ERR,ERR,0.0,0.0,0.0,0.0,0.0,1.3936040501711995e+18,7.805,0.0,0,0,4,0,8422,0.0,45,0.0,0.0,0.0,0.0,0.0,0,0,0,0,0.0,0,0,0,0,0,0,0,0,0,0,0,0,0,0,0,0,0,0,0,0,0,0,0,0,0,0,0,0,0,0,0,0,0,38,14,7,45,65476,0,300,0,0,8,21553,0.0,-107605600.0,0.0,0.0,0.0,0.0,0.0,0.0,0.0,0.0,0.0,0.0,0.0,0.0,0.0,0.0,0.0,0.0,0.0,0.0,0.0,0.0,0.0,2.004,-0.0,0.0,0.0,0.0,0.0,0.0,4982.0,-0.0,0.0,0.0,0.0,-107615280.0,2.718429300292151e+23,0.0,0.0,0.0,0.0,53,-0.0,126840528896.0,0.0,0.0,0.0,0.0,0.0,0.0,0.0,0,0,0,0.0,0.0,0.0,0.0,0.0,0.0,0.0,0.0,0.0,0.0,0.0,0.0,0.0,0.0,0.0,0.0,0,-107875648.0,53,0.0,106,-107614832.0,0.0,ERR,ERR,ERR,ERR,ERR,ERR,ERR,ERR,ERR,ERR,ERR,ERR,ERR,ERR,ERR,ERR,ERR,ERR,ERR,ERR,ERR,ERR,ERR,ERR,ERR,ERR,ERR,ERR,ERR,ERR,ERR,ERR,ERR,ERR,ERR,ERR,ERR,ERR,ERR,ERR,ERR,ERR,ERR,ERR,ERR,ERR,ERR,ERR,ERR,ERR,ERR,ERR,ERR,ERR,ERR,ERR,ERR,ERR,ERR,ERR,ERR,ERR,ERR,ERR,ERR,ERR,ERR,50.0,60.0,100,0.0,0.0,0.0,0.0,0.0,0.0,0.0,0.0,0.0,0.0,0.0,0.0,0.0,0.0,0.0,0.0,62.0,74,14,65512,50,65476,0,300,0,0,8,20529,65476,0,0,26214,60.0,0.0,0.0,0.0,0.0,0.0
2026-05-17T18:26:26,ERR,ERR,ERR,ERR,ERR,ERR,ERR,ERR,ERR,ERR,ERR,ERR,ERR,ERR,ERR,ERR,ERR,ERR,ERR,ERR,ERR,ERR,ERR,ERR,ERR,ERR,ERR,ERR,ERR,ERR,ERR,ERR,ERR,ERR,ERR,ERR,ERR,ERR,ERR,ERR,ERR,ERR,ERR,ERR,ERR,ERR,ERR,ERR,ERR,ERR,ERR,ERR,ERR,ERR,ERR,ERR,ERR,ERR,ERR,ERR,ERR,ERR,ERR,ERR,ERR,ERR,ERR,ERR,ERR,ERR,ERR,ERR,ERR,ERR,ERR,ERR,ERR,ERR,ERR,ERR,ERR,ERR,ERR,ERR,ERR,ERR,ERR,ERR,ERR,ERR,ERR,ERR,ERR,ERR,ERR,ERR,ERR,ERR,ERR,ERR,ERR,ERR,ERR,ERR,ERR,ERR,ERR,ERR,ERR,ERR,ERR,ERR,ERR,ERR,ERR,ERR,ERR,ERR,ERR,ERR,ERR,ERR,ERR,ERR,ERR,0.0,-107615296.0,-134474944.0,0.0,0.0,1.3936040501711995e+18,7.805,0.0,0,0,4,0,8422,0.0,45,0.0,0.0,0.0,0.0,0.0,0,0,0,0,0.0,0,0,0,0,0,0,0,0,0,0,0,0,0,0,0,0,0,0,0,0,0,0,0,0,0,0,0,0,0,0,0,0,0,38,14,7,45,65476,0,300,0,0,8,21553,0.0,-107605600.0,0.0,0.0,0.0,0.0,0.0,0.0,0.0,0.0,0.0,0.0,0.0,0.0,0.0,0.0,0.0,0.0,0.0,0.0,0.0,0.0,0.0,2.004,-0.0,0.0,0.0,0.0,0.0,0.0,4979.0,564145766268928.0,0.0,0.0,0.0,-107615280.0,2.718429300292151e+23,0.0,0.0,0.0,0.0,53,-0.0,-152017246879744.0,0.0,0.0,0.0,0.0,0.0,0.0,0.0,0,0,0,0.0,0.0,0.0,0.0,0.0,0.0,0.0,0.0,0.0,0.0,0.0,0.0,0.0,0.0,0.0,0.0,0,-107875648.0,53,0.0,106,-107614832.0,0.0,ERR,ERR,ERR,ERR,ERR,ERR,ERR,ERR,ERR,ERR,ERR,ERR,ERR,ERR,ERR,ERR,ERR,ERR,ERR,ERR,ERR,ERR,ERR,ERR,ERR,ERR,ERR,ERR,ERR,ERR,ERR,ERR,ERR,ERR,ERR,ERR,ERR,ERR,ERR,ERR,ERR,ERR,ERR,ERR,ERR,ERR,ERR,ERR,ERR,ERR,ERR,ERR,ERR,ERR,ERR,ERR,ERR,ERR,ERR,ERR,ERR,ERR,ERR,ERR,ERR,ERR,ERR,50.0,60.0,100,0.0,0.0,0.0,0.0,0.0,0.0,0.0,0.0,0.0,0.0,0.0,0.0,0.0,0.0,0.0,0.0,62.0,74,14,65512,50,65476,0,300,0,0,8,20529,65476,0,0,26214,60.0,0.0,0.0,0.0,0.0,0.0
2026-05-17T18:26:27,ERR,ERR,ERR,ERR,ERR,ERR,ERR,ERR,ERR,ERR,ERR,ERR,ERR,ERR,ERR,ERR,ERR,ERR,ERR,ERR,ERR,ERR,ERR,ERR,ERR,ERR,ERR,ERR,ERR,ERR,ERR,ERR,ERR,ERR,ERR,ERR,ERR,ERR,ERR,ERR,ERR,ERR,ERR,ERR,ERR,ERR,ERR,ERR,ERR,ERR,ERR,ERR,ERR,ERR,ERR,ERR,ERR,ERR,ERR,ERR,ERR,ERR,ERR,ERR,ERR,ERR,ERR,ERR,ERR,ERR,ERR,ERR,ERR,ERR,ERR,ERR,ERR,ERR,ERR,ERR,ERR,ERR,ERR,ERR,ERR,ERR,ERR,ERR,ERR,ERR,ERR,ERR,ERR,ERR,ERR,ERR,ERR,ERR,ERR,ERR,ERR,ERR,ERR,ERR,ERR,ERR,ERR,ERR,ERR,ERR,ERR,ERR,ERR,ERR,ERR,ERR,ERR,ERR,ERR,ERR,ERR,ERR,ERR,ERR,ERR,0.0,-107615296.0,-134474944.0,0.0,0.0,1.3936040501711995e+18,7.805,0.0,0,0,4,0,8422,0.0,45,0.0,0.0,0.0,0.0,0.0,0,0,0,0,0.0,0,0,0,0,0,0,0,0,0,0,0,0,0,0,0,0,0,0,0,0,0,0,0,0,0,0,0,0,0,0,0,0,0,38,14,7,45,65476,0,300,0,0,8,21553,0.0,-107605600.0,0.0,0.0,0.0,0.0,0.0,0.0,0.0,0.0,0.0,0.0,0.0,0.0,0.0,0.0,0.0,0.0,0.0,0.0,0.0,0.0,0.0,2.004,-0.0,0.0,0.0,0.0,0.0,0.0,4979.0,564145766268928.0,0.0,0.0,0.0,-107615280.0,2.718429300292151e+23,0.0,0.0,0.0,0.0,53,-0.0,-152017246879744.0,0.0,0.0,0.0,0.0,0.0,0.0,0.0,0,0,0,0.0,0.0,0.0,0.0,0.0,0.0,0.0,0.0,0.0,0.0,0.0,0.0,0.0,0.0,0.0,0.0,0,-107875648.0,53,0.0,106,-107614832.0,0.0,ERR,ERR,ERR,ERR,ERR,ERR,ERR,ERR,ERR,ERR,ERR,ERR,ERR,ERR,ERR,ERR,ERR,ERR,ERR,ERR,ERR,ERR,ERR,ERR,ERR,ERR,ERR,ERR,ERR,ERR,ERR,ERR,ERR,ERR,ERR,ERR,ERR,ERR,ERR,ERR,ERR,ERR,ERR,ERR,ERR,ERR,ERR,ERR,ERR,ERR,ERR,ERR,ERR,ERR,ERR,ERR,ERR,ERR,ERR,ERR,ERR,ERR,ERR,ERR,ERR,ERR,ERR,50.0,60.0,100,0.0,0.0,0.0,0.0,0.0,0.0,0.0,0.0,0.0,0.0,0.0,0.0,0.0,0.0,0.0,0.0,62.0,74,14,65512,50,65476,0,300,0,0,8,20529,65476,0,0,26214,60.0,0.0,0.0,0.0,0.0,0.0
2026-05-17T18:26:28,ERR,ERR,ERR,ERR,ERR,ERR,ERR,ERR,ERR,ERR,ERR,ERR,ERR,ERR,ERR,ERR,ERR,ERR,ERR,ERR,ERR,ERR,ERR,ERR,ERR,ERR,ERR,ERR,ERR,ERR,ERR,ERR,ERR,ERR,ERR,ERR,ERR,ERR,ERR,ERR,ERR,ERR,ERR,ERR,ERR,ERR,ERR,ERR,ERR,ERR,ERR,ERR,ERR,ERR,ERR,ERR,ERR,ERR,ERR,ERR,ERR,ERR,ERR,ERR,ERR,ERR,ERR,ERR,ERR,ERR,ERR,ERR,ERR,ERR,ERR,ERR,ERR,ERR,ERR,ERR,ERR,ERR,ERR,ERR,ERR,ERR,ERR,ERR,ERR,ERR,ERR,ERR,ERR,ERR,ERR,ERR,ERR,ERR,ERR,ERR,ERR,ERR,ERR,ERR,ERR,ERR,ERR,ERR,ERR,ERR,ERR,ERR,ERR,ERR,ERR,ERR,ERR,ERR,ERR,ERR,ERR,ERR,ERR,ERR,ERR,0.0,-107615296.0,-134474944.0,0.0,0.0,1.3936040501711995e+18,7.805,0.0,0,0,4,0,8422,0.0,45,0.0,0.0,0.0,0.0,0.0,0,0,0,0,0.0,0,0,0,0,0,0,0,0,0,0,0,0,0,0,0,0,0,0,0,0,0,0,0,0,0,0,0,0,0,0,0,0,0,38,14,7,45,65476,0,300,0,0,8,21553,0.0,-107605600.0,0.0,0.0,0.0,0.0,0.0,0.0,0.0,0.0,0.0,0.0,0.0,0.0,0.0,0.0,0.0,0.0,0.0,0.0,0.0,0.0,0.0,2.004,-0.0,0.0,0.0,0.0,0.0,0.0,4979.0,564145766268928.0,0.0,0.0,0.0,-107615280.0,2.718429300292151e+23,0.0,0.0,0.0,0.0,53,-0.0,-152017246879744.0,0.0,0.0,0.0,0.0,0.0,0.0,0.0,0,0,0,0.0,0.0,0.0,0.0,0.0,0.0,0.0,0.0,0.0,0.0,0.0,0.0,0.0,0.0,0.0,0.0,0,-107875648.0,53,0.0,106,-107614832.0,0.0,ERR,ERR,ERR,ERR,ERR,ERR,ERR,ERR,ERR,ERR,ERR,ERR,ERR,ERR,ERR,ERR,ERR,ERR,ERR,ERR,ERR,ERR,ERR,ERR,ERR,ERR,ERR,ERR,ERR,ERR,ERR,ERR,ERR,ERR,ERR,ERR,ERR,ERR,ERR,ERR,ERR,ERR,ERR,ERR,ERR,ERR,ERR,ERR,ERR,ERR,ERR,ERR,ERR,ERR,ERR,ERR,ERR,ERR,ERR,ERR,ERR,ERR,ERR,ERR,ERR,ERR,ERR,50.0,60.0,100,0.0,0.0,0.0,0.0,0.0,0.0,0.0,0.0,0.0,0.0,0.0,0.0,0.0,0.0,0.0,0.0,61.6,74,14,65512,50,65476,0,300,0,0,8,20529,65476,0,0,26214,60.0,0.0,0.0,0.0,0.0,0.0
2026-05-17T18:26:29,ERR,ERR,ERR,ERR,ERR,ERR,ERR,ERR,ERR,ERR,ERR,ERR,ERR,ERR,ERR,ERR,ERR,ERR,ERR,ERR,ERR,ERR,ERR,ERR,ERR,ERR,ERR,ERR,ERR,ERR,ERR,ERR,ERR,ERR,ERR,ERR,ERR,ERR,ERR,ERR,ERR,ERR,ERR,ERR,ERR,ERR,ERR,ERR,ERR,ERR,ERR,ERR,ERR,ERR,ERR,ERR,ERR,ERR,ERR,ERR,ERR,ERR,ERR,ERR,ERR,ERR,ERR,ERR,ERR,ERR,ERR,ERR,ERR,ERR,ERR,ERR,ERR,ERR,ERR,ERR,ERR,ERR,ERR,ERR,ERR,ERR,ERR,ERR,ERR,ERR,ERR,ERR,ERR,ERR,ERR,ERR,ERR,ERR,ERR,ERR,ERR,ERR,ERR,ERR,ERR,ERR,ERR,ERR,ERR,ERR,ERR,ERR,ERR,ERR,ERR,ERR,ERR,ERR,ERR,ERR,ERR,ERR,ERR,ERR,ERR,0.0,-107615296.0,-134474944.0,0.0,0.0,1.3936040501711995e+18,7.805,0.0,0,0,4,0,8422,0.0,45,0.0,0.0,0.0,0.0,0.0,0,0,0,0,0.0,0,0,0,0,0,0,0,0,0,0,0,0,0,0,0,0,0,0,0,0,0,0,0,0,0,0,0,0,0,0,0,0,0,38,14,7,45,65476,0,300,0,0,8,21553,0.0,-107605600.0,0.0,0.0,0.0,0.0,0.0,0.0,0.0,0.0,0.0,0.0,0.0,0.0,0.0,0.0,0.0,0.0,0.0,0.0,0.0,0.0,0.0,2.004,-0.0,0.0,0.0,0.0,0.0,0.0,4979.0,564145766268928.0,0.0,0.0,0.0,-107615280.0,2.718429300292151e+23,0.0,0.0,0.0,0.0,53,-0.0,-152017246879744.0,0.0,0.0,0.0,0.0,0.0,0.0,0.0,0,0,0,0.0,0.0,0.0,0.0,0.0,0.0,0.0,0.0,0.0,0.0,0.0,0.0,0.0,0.0,0.0,0.0,0,-107875648.0,53,0.0,106,-107614832.0,0.0,ERR,ERR,ERR,ERR,ERR,ERR,ERR,ERR,ERR,ERR,ERR,ERR,ERR,ERR,ERR,ERR,ERR,ERR,ERR,ERR,ERR,ERR,ERR,ERR,ERR,ERR,ERR,ERR,ERR,ERR,ERR,ERR,ERR,ERR,ERR,ERR,ERR,ERR,ERR,ERR,ERR,ERR,ERR,ERR,ERR,ERR,ERR,ERR,ERR,ERR,ERR,ERR,ERR,ERR,ERR,ERR,ERR,ERR,ERR,ERR,ERR,ERR,ERR,ERR,ERR,ERR,ERR,50.0,60.0,100,0.0,0.0,0.0,0.0,0.0,0.0,0.0,0.0,0.0,0.0,0.0,0.0,0.0,0.0,0.0,0.0,61.6,74,14,65512,50,65476,0,300,0,0,8,20529,65476,0,0,26214,60.0,0.0,0.0,0.0,0.0,0.0
2026-05-17T18:26:30,ERR,ERR,ERR,ERR,ERR,ERR,ERR,ERR,ERR,ERR,ERR,ERR,ERR,ERR,ERR,ERR,ERR,ERR,ERR,ERR,ERR,ERR,ERR,ERR,ERR,ERR,ERR,ERR,ERR,ERR,ERR,ERR,ERR,ERR,ERR,ERR,ERR,ERR,ERR,ERR,ERR,ERR,ERR,ERR,ERR,ERR,ERR,ERR,ERR,ERR,ERR,ERR,ERR,ERR,ERR,ERR,ERR,ERR,ERR,ERR,ERR,ERR,ERR,ERR,ERR,ERR,ERR,ERR,ERR,ERR,ERR,ERR,ERR,ERR,ERR,ERR,ERR,ERR,ERR,ERR,ERR,ERR,ERR,ERR,ERR,ERR,ERR,ERR,ERR,ERR,ERR,ERR,ERR,ERR,ERR,ERR,ERR,ERR,ERR,ERR,ERR,ERR,ERR,ERR,ERR,ERR,ERR,ERR,ERR,ERR,ERR,ERR,ERR,ERR,ERR,ERR,ERR,ERR,ERR,ERR,ERR,ERR,ERR,ERR,ERR,0.0,-107615296.0,-134474944.0,0.0,0.0,1.3936040501711995e+18,7.805,0.0,0,0,4,0,8422,0.0,45,0.0,0.0,0.0,0.0,0.0,0,0,0,0,0.0,0,0,0,0,0,0,0,0,0,0,0,0,0,0,0,0,0,0,0,0,0,0,0,0,0,0,0,0,0,0,0,0,0,38,14,7,45,65476,0,300,0,0,8,21553,0.0,-107605600.0,0.0,0.0,0.0,0.0,0.0,0.0,0.0,0.0,0.0,0.0,0.0,0.0,0.0,0.0,0.0,0.0,0.0,0.0,0.0,0.0,0.0,2.004,-0.0,0.0,0.0,0.0,0.0,0.0,4979.0,564145766268928.0,0.0,0.0,0.0,-107615280.0,2.718429300292151e+23,0.0,0.0,0.0,0.0,53,-0.0,-152017246879744.0,0.0,0.0,0.0,0.0,0.0,0.0,0.0,0,0,0,0.0,0.0,0.0,0.0,0.0,0.0,0.0,0.0,0.0,0.0,0.0,0.0,0.0,0.0,0.0,0.0,0,-107875648.0,53,0.0,106,-107614832.0,0.0,ERR,ERR,ERR,ERR,ERR,ERR,ERR,ERR,ERR,ERR,ERR,ERR,ERR,ERR,ERR,ERR,ERR,ERR,ERR,ERR,ERR,ERR,ERR,ERR,ERR,ERR,ERR,ERR,ERR,ERR,ERR,ERR,ERR,ERR,ERR,ERR,ERR,ERR,ERR,ERR,ERR,ERR,ERR,ERR,ERR,ERR,ERR,ERR,ERR,ERR,ERR,ERR,ERR,ERR,ERR,ERR,ERR,ERR,ERR,ERR,ERR,ERR,ERR,ERR,ERR,ERR,ERR,50.0,60.0,100,0.0,0.0,0.0,0.0,0.0,0.0,0.0,0.0,0.0,0.0,0.0,0.0,0.0,0.0,0.0,0.0,61.6,74,14,65512,50,65476,0,300,0,0,8,20529,65476,0,0,26214,60.0,0.0,0.0,0.0,0.0,0.0
2026-05-17T18:26:31,ERR,ERR,ERR,ERR,ERR,ERR,ERR,ERR,ERR,ERR,ERR,ERR,ERR,ERR,ERR,ERR,ERR,ERR,ERR,ERR,ERR,ERR,ERR,ERR,ERR,ERR,ERR,ERR,ERR,ERR,ERR,ERR,ERR,ERR,ERR,ERR,ERR,ERR,ERR,ERR,ERR,ERR,ERR,ERR,ERR,ERR,ERR,ERR,ERR,ERR,ERR,ERR,ERR,ERR,ERR,ERR,ERR,ERR,ERR,ERR,ERR,ERR,ERR,ERR,ERR,ERR,ERR,ERR,ERR,ERR,ERR,ERR,ERR,ERR,ERR,ERR,ERR,ERR,ERR,ERR,ERR,ERR,ERR,ERR,ERR,ERR,ERR,ERR,ERR,ERR,ERR,ERR,ERR,ERR,ERR,ERR,ERR,ERR,ERR,ERR,ERR,ERR,ERR,ERR,ERR,ERR,ERR,ERR,ERR,ERR,ERR,ERR,ERR,ERR,ERR,ERR,ERR,ERR,ERR,ERR,ERR,ERR,ERR,ERR,ERR,0.0,-107615296.0,-134474944.0,0.0,0.0,1.3936040501711995e+18,7.805,0.0,0,0,4,0,8422,0.0,45,0.0,0.0,0.0,0.0,0.0,0,0,0,0,0.0,0,0,0,0,0,0,0,0,0,0,0,0,0,0,0,0,0,0,0,0,0,0,0,0,0,0,0,0,0,0,0,0,0,38,14,7,45,65476,0,300,0,0,8,21553,0.0,-107605600.0,0.0,0.0,0.0,0.0,0.0,0.0,0.0,0.0,0.0,0.0,0.0,0.0,0.0,0.0,0.0,0.0,0.0,0.0,0.0,0.0,0.0,2.004,-0.0,0.0,0.0,0.0,0.0,0.0,4979.0,564145766268928.0,0.0,0.0,0.0,-107615280.0,2.718429300292151e+23,0.0,0.0,0.0,0.0,53,-0.0,-152017246879744.0,0.0,0.0,0.0,0.0,0.0,0.0,0.0,0,0,0,0.0,0.0,0.0,0.0,0.0,0.0,0.0,0.0,0.0,0.0,0.0,0.0,0.0,0.0,0.0,0.0,0,-107875648.0,53,0.0,106,-107614832.0,0.0,ERR,ERR,ERR,ERR,ERR,ERR,ERR,ERR,ERR,ERR,ERR,ERR,ERR,ERR,ERR,ERR,ERR,ERR,ERR,ERR,ERR,ERR,ERR,ERR,ERR,ERR,ERR,ERR,ERR,ERR,ERR,ERR,ERR,ERR,ERR,ERR,ERR,ERR,ERR,ERR,ERR,ERR,ERR,ERR,ERR,ERR,ERR,ERR,ERR,ERR,ERR,ERR,ERR,ERR,ERR,ERR,ERR,ERR,ERR,ERR,ERR,ERR,ERR,ERR,ERR,ERR,ERR,50.0,60.0,100,0.0,0.0,0.0,0.0,0.0,0.0,0.0,0.0,0.0,0.0,0.0,0.0,0.0,0.0,0.0,0.0,61.6,74,14,65512,50,65476,0,300,0,0,8,20529,65476,0,0,26214,60.0,0.0,0.0,0.0,0.0,0.0
2026-05-17T18:26:32,ERR,ERR,ERR,ERR,ERR,ERR,ERR,ERR,ERR,ERR,ERR,ERR,ERR,ERR,ERR,ERR,ERR,ERR,ERR,ERR,ERR,ERR,ERR,ERR,ERR,ERR,ERR,ERR,ERR,ERR,ERR,ERR,ERR,ERR,ERR,ERR,ERR,ERR,ERR,ERR,ERR,ERR,ERR,ERR,ERR,ERR,ERR,ERR,ERR,ERR,ERR,ERR,ERR,ERR,ERR,ERR,ERR,ERR,ERR,ERR,ERR,ERR,ERR,ERR,ERR,ERR,ERR,ERR,ERR,ERR,ERR,ERR,ERR,ERR,ERR,ERR,ERR,ERR,ERR,ERR,ERR,ERR,ERR,ERR,ERR,ERR,ERR,ERR,ERR,ERR,ERR,ERR,ERR,ERR,ERR,ERR,ERR,ERR,ERR,ERR,ERR,ERR,ERR,ERR,ERR,ERR,ERR,ERR,ERR,ERR,ERR,ERR,ERR,ERR,ERR,ERR,ERR,ERR,ERR,ERR,ERR,ERR,ERR,ERR,ERR,0.0,0.0,0.0,0.0,0.0,1.3936040501711995e+18,7.805,0.0,0,0,4,0,8422,0.0,45,0.0,0.0,0.0,0.0,0.0,0,0,0,0,0.0,0,0,0,0,0,0,0,0,0,0,0,0,0,0,0,0,0,0,0,0,0,0,0,0,0,0,0,0,0,0,0,0,0,38,14,7,45,65476,0,300,0,0,8,21553,0.0,-107605600.0,0.0,0.0,0.0,0.0,0.0,0.0,0.0,0.0,0.0,0.0,0.0,0.0,0.0,0.0,0.0,0.0,0.0,0.0,0.0,0.0,0.0,2.004,-0.0,0.0,0.0,0.0,0.0,0.0,4982.0,0.0,0.0,0.0,0.0,-107615280.0,2.718429300292151e+23,0.0,0.0,0.0,0.0,53,-0.0,-0.0,0.0,0.0,0.0,0.0,0.0,0.0,0.0,0,0,0,0.0,0.0,0.0,0.0,0.0,0.0,0.0,0.0,0.0,0.0,0.0,0.0,0.0,0.0,0.0,0.0,0,-107875648.0,53,0.0,106,-107614832.0,0.0,ERR,ERR,ERR,ERR,ERR,ERR,ERR,ERR,ERR,ERR,ERR,ERR,ERR,ERR,ERR,ERR,ERR,ERR,ERR,ERR,ERR,ERR,ERR,ERR,ERR,ERR,ERR,ERR,ERR,ERR,ERR,ERR,ERR,ERR,ERR,ERR,ERR,ERR,ERR,ERR,ERR,ERR,ERR,ERR,ERR,ERR,ERR,ERR,ERR,ERR,ERR,ERR,ERR,ERR,ERR,ERR,ERR,ERR,ERR,ERR,ERR,ERR,ERR,ERR,ERR,ERR,ERR,50.0,60.0,100,0.0,0.0,0.0,0.0,0.0,0.0,0.0,0.0,0.0,0.0,0.0,0.0,0.0,0.0,0.0,0.0,62.0,74,14,65512,50,65476,0,300,0,0,8,20529,65476,0,0,26214,60.0,0.0,0.0,0.0,0.0,0.0
2026-05-17T18:26:33,ERR,ERR,ERR,ERR,ERR,ERR,ERR,ERR,ERR,ERR,ERR,ERR,ERR,ERR,ERR,ERR,ERR,ERR,ERR,ERR,ERR,ERR,ERR,ERR,ERR,ERR,ERR,ERR,ERR,ERR,ERR,ERR,ERR,ERR,ERR,ERR,ERR,ERR,ERR,ERR,ERR,ERR,ERR,ERR,ERR,ERR,ERR,ERR,ERR,ERR,ERR,ERR,ERR,ERR,ERR,ERR,ERR,ERR,ERR,ERR,ERR,ERR,ERR,ERR,ERR,ERR,ERR,ERR,ERR,ERR,ERR,ERR,ERR,ERR,ERR,ERR,ERR,ERR,ERR,ERR,ERR,ERR,ERR,ERR,ERR,ERR,ERR,ERR,ERR,ERR,ERR,ERR,ERR,ERR,ERR,ERR,ERR,ERR,ERR,ERR,ERR,ERR,ERR,ERR,ERR,ERR,ERR,ERR,ERR,ERR,ERR,ERR,ERR,ERR,ERR,ERR,ERR,ERR,ERR,ERR,ERR,ERR,ERR,ERR,ERR,0.0,0.0,0.0,0.0,0.0,1.3936040501711995e+18,7.805,0.0,0,0,4,0,8422,0.0,45,0.0,0.0,0.0,0.0,0.0,0,0,0,0,0.0,0,0,0,0,0,0,0,0,0,0,0,0,0,0,0,0,0,0,0,0,0,0,0,0,0,0,0,0,0,0,0,0,0,38,14,7,45,65476,0,300,0,0,8,21553,0.0,-107605600.0,0.0,0.0,0.0,0.0,0.0,0.0,0.0,0.0,0.0,0.0,0.0,0.0,0.0,0.0,0.0,0.0,0.0,0.0,0.0,0.0,0.0,2.004,-0.0,0.0,0.0,0.0,0.0,0.0,4982.0,0.0,0.0,0.0,0.0,-107615280.0,2.718429300292151e+23,0.0,0.0,0.0,0.0,53,-0.0,-0.0,0.0,0.0,0.0,0.0,0.0,0.0,0.0,0,0,0,0.0,0.0,0.0,0.0,0.0,0.0,0.0,0.0,0.0,0.0,0.0,0.0,0.0,0.0,0.0,0.0,0,-107875648.0,53,0.0,106,-107614832.0,0.0,ERR,ERR,ERR,ERR,ERR,ERR,ERR,ERR,ERR,ERR,ERR,ERR,ERR,ERR,ERR,ERR,ERR,ERR,ERR,ERR,ERR,ERR,ERR,ERR,ERR,ERR,ERR,ERR,ERR,ERR,ERR,ERR,ERR,ERR,ERR,ERR,ERR,ERR,ERR,ERR,ERR,ERR,ERR,ERR,ERR,ERR,ERR,ERR,ERR,ERR,ERR,ERR,ERR,ERR,ERR,ERR,ERR,ERR,ERR,ERR,ERR,ERR,ERR,ERR,ERR,ERR,ERR,50.0,60.0,100,0.0,0.0,0.0,0.0,0.0,0.0,0.0,0.0,0.0,0.0,0.0,0.0,0.0,0.0,0.0,0.0,62.0,74,14,65512,50,65476,0,300,0,0,8,20529,65476,0,0,26214,60.0,0.0,0.0,0.0,0.0,0.0
2026-05-17T18:26:34,ERR,ERR,ERR,ERR,ERR,ERR,ERR,ERR,ERR,ERR,ERR,ERR,ERR,ERR,ERR,ERR,ERR,ERR,ERR,ERR,ERR,ERR,ERR,ERR,ERR,ERR,ERR,ERR,ERR,ERR,ERR,ERR,ERR,ERR,ERR,ERR,ERR,ERR,ERR,ERR,ERR,ERR,ERR,ERR,ERR,ERR,ERR,ERR,ERR,ERR,ERR,ERR,ERR,ERR,ERR,ERR,ERR,ERR,ERR,ERR,ERR,ERR,ERR,ERR,ERR,ERR,ERR,ERR,ERR,ERR,ERR,ERR,ERR,ERR,ERR,ERR,ERR,ERR,ERR,ERR,ERR,ERR,ERR,ERR,ERR,ERR,ERR,ERR,ERR,ERR,ERR,ERR,ERR,ERR,ERR,ERR,ERR,ERR,ERR,ERR,ERR,ERR,ERR,ERR,ERR,ERR,ERR,ERR,ERR,ERR,ERR,ERR,ERR,ERR,ERR,ERR,ERR,ERR,ERR,ERR,ERR,ERR,ERR,ERR,ERR,0.0,0.0,0.0,0.0,0.0,1.3936040501711995e+18,7.805,0.0,0,0,4,0,8422,0.0,45,0.0,0.0,0.0,0.0,0.0,0,0,0,0,0.0,0,0,0,0,0,0,0,0,0,0,0,0,0,0,0,0,0,0,0,0,0,0,0,0,0,0,0,0,0,0,0,0,0,38,14,7,45,65476,0,300,0,0,8,21553,0.0,-107605600.0,0.0,0.0,0.0,0.0,0.0,0.0,0.0,0.0,0.0,0.0,0.0,0.0,0.0,0.0,0.0,0.0,0.0,0.0,0.0,0.0,0.0,2.004,-0.0,0.0,0.0,0.0,0.0,0.0,4982.0,0.0,0.0,0.0,0.0,-107615280.0,2.718429300292151e+23,0.0,0.0,0.0,0.0,53,-0.0,-0.0,0.0,0.0,0.0,0.0,0.0,0.0,0.0,0,0,0,0.0,0.0,0.0,0.0,0.0,0.0,0.0,0.0,0.0,0.0,0.0,0.0,0.0,0.0,0.0,0.0,0,-107875648.0,53,0.0,106,-107614832.0,0.0,ERR,ERR,ERR,ERR,ERR,ERR,ERR,ERR,ERR,ERR,ERR,ERR,ERR,ERR,ERR,ERR,ERR,ERR,ERR,ERR,ERR,ERR,ERR,ERR,ERR,ERR,ERR,ERR,ERR,ERR,ERR,ERR,ERR,ERR,ERR,ERR,ERR,ERR,ERR,ERR,ERR,ERR,ERR,ERR,ERR,ERR,ERR,ERR,ERR,ERR,ERR,ERR,ERR,ERR,ERR,ERR,ERR,ERR,ERR,ERR,ERR,ERR,ERR,ERR,ERR,ERR,ERR,50.0,60.0,100,0.0,0.0,0.0,0.0,0.0,0.0,0.0,0.0,0.0,0.0,0.0,0.0,0.0,0.0,0.0,0.0,62.0,74,14,65512,50,65476,0,300,0,0,8,20529,65476,0,0,26214,60.0,0.0,0.0,0.0,0.0,0.0
2026-05-17T18:26:35,ERR,ERR,ERR,ERR,ERR,ERR,ERR,ERR,ERR,ERR,ERR,ERR,ERR,ERR,ERR,ERR,ERR,ERR,ERR,ERR,ERR,ERR,ERR,ERR,ERR,ERR,ERR,ERR,ERR,ERR,ERR,ERR,ERR,ERR,ERR,ERR,ERR,ERR,ERR,ERR,ERR,ERR,ERR,ERR,ERR,ERR,ERR,ERR,ERR,ERR,ERR,ERR,ERR,ERR,ERR,ERR,ERR,ERR,ERR,ERR,ERR,ERR,ERR,ERR,ERR,ERR,ERR,ERR,ERR,ERR,ERR,ERR,ERR,ERR,ERR,ERR,ERR,ERR,ERR,ERR,ERR,ERR,ERR,ERR,ERR,ERR,ERR,ERR,ERR,ERR,ERR,ERR,ERR,ERR,ERR,ERR,ERR,ERR,ERR,ERR,ERR,ERR,ERR,ERR,ERR,ERR,ERR,ERR,ERR,ERR,ERR,ERR,ERR,ERR,ERR,ERR,ERR,ERR,ERR,ERR,ERR,ERR,ERR,ERR,ERR,0.0,0.0,0.0,0.0,0.0,1.3936040501711995e+18,7.805,0.0,0,0,4,0,8422,0.0,45,0.0,0.0,0.0,0.0,0.0,0,0,0,0,0.0,0,0,0,0,0,0,0,0,0,0,0,0,0,0,0,0,0,0,0,0,0,0,0,0,0,0,0,0,0,0,0,0,0,38,14,7,45,65476,0,300,0,0,8,21553,0.0,-107605600.0,0.0,0.0,0.0,0.0,0.0,0.0,0.0,0.0,0.0,0.0,0.0,0.0,0.0,0.0,0.0,0.0,0.0,0.0,0.0,0.0,0.0,2.004,-0.0,0.0,0.0,0.0,0.0,0.0,4982.0,0.0,0.0,0.0,0.0,-107615280.0,2.718429300292151e+23,0.0,0.0,0.0,0.0,53,-0.0,-0.0,0.0,0.0,0.0,0.0,0.0,0.0,0.0,0,0,0,0.0,0.0,0.0,0.0,0.0,0.0,0.0,0.0,0.0,0.0,0.0,0.0,0.0,0.0,0.0,0.0,0,-107875648.0,53,0.0,106,-107614832.0,0.0,ERR,ERR,ERR,ERR,ERR,ERR,ERR,ERR,ERR,ERR,ERR,ERR,ERR,ERR,ERR,ERR,ERR,ERR,ERR,ERR,ERR,ERR,ERR,ERR,ERR,ERR,ERR,ERR,ERR,ERR,ERR,ERR,ERR,ERR,ERR,ERR,ERR,ERR,ERR,ERR,ERR,ERR,ERR,ERR,ERR,ERR,ERR,ERR,ERR,ERR,ERR,ERR,ERR,ERR,ERR,ERR,ERR,ERR,ERR,ERR,ERR,ERR,ERR,ERR,ERR,ERR,ERR,50.0,60.0,100,0.0,0.0,0.0,0.0,0.0,0.0,0.0,0.0,0.0,0.0,0.0,0.0,0.0,0.0,0.0,0.0,61.6,74,14,65512,50,65476,0,300,0,0,8,20529,65476,0,0,26214,60.0,0.0,0.0,0.0,0.0,0.0
2026-05-17T18:26:36,ERR,ERR,ERR,ERR,ERR,ERR,ERR,ERR,ERR,ERR,ERR,ERR,ERR,ERR,ERR,ERR,ERR,ERR,ERR,ERR,ERR,ERR,ERR,ERR,ERR,ERR,ERR,ERR,ERR,ERR,ERR,ERR,ERR,ERR,ERR,ERR,ERR,ERR,ERR,ERR,ERR,ERR,ERR,ERR,ERR,ERR,ERR,ERR,ERR,ERR,ERR,ERR,ERR,ERR,ERR,ERR,ERR,ERR,ERR,ERR,ERR,ERR,ERR,ERR,ERR,ERR,ERR,ERR,ERR,ERR,ERR,ERR,ERR,ERR,ERR,ERR,ERR,ERR,ERR,ERR,ERR,ERR,ERR,ERR,ERR,ERR,ERR,ERR,ERR,ERR,ERR,ERR,ERR,ERR,ERR,ERR,ERR,ERR,ERR,ERR,ERR,ERR,ERR,ERR,ERR,ERR,ERR,ERR,ERR,ERR,ERR,ERR,ERR,ERR,ERR,ERR,ERR,ERR,ERR,ERR,ERR,ERR,ERR,ERR,ERR,0.0,0.0,0.0,0.0,0.0,1.3936040501711995e+18,7.805,0.0,0,0,4,0,8422,0.0,45,0.0,0.0,0.0,0.0,0.0,0,0,0,0,0.0,0,0,0,0,0,0,0,0,0,0,0,0,0,0,0,0,0,0,0,0,0,0,0,0,0,0,0,0,0,0,0,0,0,38,14,7,45,65476,0,300,0,0,8,21553,0.0,-107605600.0,0.0,0.0,0.0,0.0,0.0,0.0,0.0,0.0,0.0,0.0,0.0,0.0,0.0,0.0,0.0,0.0,0.0,0.0,0.0,0.0,0.0,2.004,-0.0,0.0,0.0,0.0,0.0,0.0,4982.0,0.0,0.0,0.0,0.0,-107615280.0,2.718429300292151e+23,0.0,0.0,0.0,0.0,53,-0.0,-0.0,0.0,0.0,0.0,0.0,0.0,0.0,0.0,0,0,0,0.0,0.0,0.0,0.0,0.0,0.0,0.0,0.0,0.0,0.0,0.0,0.0,0.0,0.0,0.0,0.0,0,-107875648.0,53,0.0,106,-107614832.0,0.0,ERR,ERR,ERR,ERR,ERR,ERR,ERR,ERR,ERR,ERR,ERR,ERR,ERR,ERR,ERR,ERR,ERR,ERR,ERR,ERR,ERR,ERR,ERR,ERR,ERR,ERR,ERR,ERR,ERR,ERR,ERR,ERR,ERR,ERR,ERR,ERR,ERR,ERR,ERR,ERR,ERR,ERR,ERR,ERR,ERR,ERR,ERR,ERR,ERR,ERR,ERR,ERR,ERR,ERR,ERR,ERR,ERR,ERR,ERR,ERR,ERR,ERR,ERR,ERR,ERR,ERR,ERR,50.0,60.0,100,0.0,0.0,0.0,0.0,0.0,0.0,0.0,0.0,0.0,0.0,0.0,0.0,0.0,0.0,0.0,0.0,61.6,74,14,65512,50,65476,0,300,0,0,8,20529,65476,0,0,26214,60.0,0.0,0.0,0.0,0.0,0.0
2026-05-17T18:26:37,ERR,ERR,ERR,ERR,ERR,ERR,ERR,ERR,ERR,ERR,ERR,ERR,ERR,ERR,ERR,ERR,ERR,ERR,ERR,ERR,ERR,ERR,ERR,ERR,ERR,ERR,ERR,ERR,ERR,ERR,ERR,ERR,ERR,ERR,ERR,ERR,ERR,ERR,ERR,ERR,ERR,ERR,ERR,ERR,ERR,ERR,ERR,ERR,ERR,ERR,ERR,ERR,ERR,ERR,ERR,ERR,ERR,ERR,ERR,ERR,ERR,ERR,ERR,ERR,ERR,ERR,ERR,ERR,ERR,ERR,ERR,ERR,ERR,ERR,ERR,ERR,ERR,ERR,ERR,ERR,ERR,ERR,ERR,ERR,ERR,ERR,ERR,ERR,ERR,ERR,ERR,ERR,ERR,ERR,ERR,ERR,ERR,ERR,ERR,ERR,ERR,ERR,ERR,ERR,ERR,ERR,ERR,ERR,ERR,ERR,ERR,ERR,ERR,ERR,ERR,ERR,ERR,ERR,ERR,ERR,ERR,ERR,ERR,ERR,ERR,0.0,-107615296.0,-134474944.0,0.0,0.0,1.3936040501711995e+18,7.805,0.0,0,0,4,0,8422,0.0,45,0.0,0.0,0.0,0.0,0.0,0,0,0,0,0.0,0,0,0,0,0,0,0,0,0,0,0,0,0,0,0,0,0,0,0,0,0,0,0,0,0,0,0,0,0,0,0,0,0,38,14,7,45,65476,0,300,0,0,8,21553,0.0,-107605600.0,0.0,0.0,0.0,0.0,0.0,0.0,0.0,0.0,0.0,0.0,0.0,0.0,0.0,0.0,0.0,0.0,0.0,0.0,0.0,0.0,0.0,2.004,-0.0,0.0,0.0,0.0,0.0,0.0,4983.0,0.0,0.0,0.0,0.0,-107615280.0,2.718429300292151e+23,0.0,0.0,0.0,0.0,53,-0.0,-0.0,0.0,0.0,0.0,0.0,0.0,0.0,0.0,0,0,0,0.0,0.0,0.0,0.0,0.0,0.0,0.0,0.0,0.0,0.0,0.0,0.0,0.0,0.0,0.0,0.0,0,-107875648.0,53,0.0,106,-107614832.0,0.0,ERR,ERR,ERR,ERR,ERR,ERR,ERR,ERR,ERR,ERR,ERR,ERR,ERR,ERR,ERR,ERR,ERR,ERR,ERR,ERR,ERR,ERR,ERR,ERR,ERR,ERR,ERR,ERR,ERR,ERR,ERR,ERR,ERR,ERR,ERR,ERR,ERR,ERR,ERR,ERR,ERR,ERR,ERR,ERR,ERR,ERR,ERR,ERR,ERR,ERR,ERR,ERR,ERR,ERR,ERR,ERR,ERR,ERR,ERR,ERR,ERR,ERR,ERR,ERR,ERR,ERR,ERR,50.0,60.0,100,0.0,0.0,0.0,0.0,0.0,0.0,0.0,0.0,0.0,0.0,0.0,0.0,0.0,0.0,0.0,0.0,62.0,74,14,65512,50,65476,0,300,0,0,8,20529,65476,0,0,26214,60.0,0.0,0.0,0.0,0.0,0.0
2026-05-17T18:26:38,ERR,ERR,ERR,ERR,ERR,ERR,ERR,ERR,ERR,ERR,ERR,ERR,ERR,ERR,ERR,ERR,ERR,ERR,ERR,ERR,ERR,ERR,ERR,ERR,ERR,ERR,ERR,ERR,ERR,ERR,ERR,ERR,ERR,ERR,ERR,ERR,ERR,ERR,ERR,ERR,ERR,ERR,ERR,ERR,ERR,ERR,ERR,ERR,ERR,ERR,ERR,ERR,ERR,ERR,ERR,ERR,ERR,ERR,ERR,ERR,ERR,ERR,ERR,ERR,ERR,ERR,ERR,ERR,ERR,ERR,ERR,ERR,ERR,ERR,ERR,ERR,ERR,ERR,ERR,ERR,ERR,ERR,ERR,ERR,ERR,ERR,ERR,ERR,ERR,ERR,ERR,ERR,ERR,ERR,ERR,ERR,ERR,ERR,ERR,ERR,ERR,ERR,ERR,ERR,ERR,ERR,ERR,ERR,ERR,ERR,ERR,ERR,ERR,ERR,ERR,ERR,ERR,ERR,ERR,ERR,ERR,ERR,ERR,ERR,ERR,0.0,-107615296.0,-134474944.0,0.0,0.0,1.3936040501711995e+18,7.805,0.0,0,0,4,0,8422,0.0,45,0.0,0.0,0.0,0.0,0.0,0,0,0,0,0.0,0,0,0,0,0,0,0,0,0,0,0,0,0,0,0,0,0,0,0,0,0,0,0,0,0,0,0,0,0,0,0,0,0,38,14,7,45,65476,0,300,0,0,8,21553,0.0,-107605600.0,0.0,0.0,0.0,0.0,0.0,0.0,0.0,0.0,0.0,0.0,0.0,0.0,0.0,0.0,0.0,0.0,0.0,0.0,0.0,0.0,0.0,2.004,-0.0,0.0,0.0,0.0,0.0,0.0,4983.0,0.0,0.0,0.0,0.0,-107615280.0,2.718429300292151e+23,0.0,0.0,0.0,0.0,53,-0.0,-0.0,0.0,0.0,0.0,0.0,0.0,0.0,0.0,0,0,0,0.0,0.0,0.0,0.0,0.0,0.0,0.0,0.0,0.0,0.0,0.0,0.0,0.0,0.0,0.0,0.0,0,-107875648.0,53,0.0,106,-107614832.0,0.0,ERR,ERR,ERR,ERR,ERR,ERR,ERR,ERR,ERR,ERR,ERR,ERR,ERR,ERR,ERR,ERR,ERR,ERR,ERR,ERR,ERR,ERR,ERR,ERR,ERR,ERR,ERR,ERR,ERR,ERR,ERR,ERR,ERR,ERR,ERR,ERR,ERR,ERR,ERR,ERR,ERR,ERR,ERR,ERR,ERR,ERR,ERR,ERR,ERR,ERR,ERR,ERR,ERR,ERR,ERR,ERR,ERR,ERR,ERR,ERR,ERR,ERR,ERR,ERR,ERR,ERR,ERR,50.0,60.0,100,0.0,0.0,0.0,0.0,0.0,0.0,0.0,0.0,0.0,0.0,0.0,0.0,0.0,0.0,0.0,0.0,62.0,74,14,65512,50,65476,0,300,0,0,8,20529,65476,0,0,26214,60.0,0.0,0.0,0.0,0.0,0.0
2026-05-17T18:26:39,ERR,ERR,ERR,ERR,ERR,ERR,ERR,ERR,ERR,ERR,ERR,ERR,ERR,ERR,ERR,ERR,ERR,ERR,ERR,ERR,ERR,ERR,ERR,ERR,ERR,ERR,ERR,ERR,ERR,ERR,ERR,ERR,ERR,ERR,ERR,ERR,ERR,ERR,ERR,ERR,ERR,ERR,ERR,ERR,ERR,ERR,ERR,ERR,ERR,ERR,ERR,ERR,ERR,ERR,ERR,ERR,ERR,ERR,ERR,ERR,ERR,ERR,ERR,ERR,ERR,ERR,ERR,ERR,ERR,ERR,ERR,ERR,ERR,ERR,ERR,ERR,ERR,ERR,ERR,ERR,ERR,ERR,ERR,ERR,ERR,ERR,ERR,ERR,ERR,ERR,ERR,ERR,ERR,ERR,ERR,ERR,ERR,ERR,ERR,ERR,ERR,ERR,ERR,ERR,ERR,ERR,ERR,ERR,ERR,ERR,ERR,ERR,ERR,ERR,ERR,ERR,ERR,ERR,ERR,ERR,ERR,ERR,ERR,ERR,ERR,0.0,-107615296.0,-134474944.0,0.0,0.0,1.3936040501711995e+18,7.805,0.0,0,0,4,0,8422,0.0,45,0.0,0.0,0.0,0.0,0.0,0,0,0,0,0.0,0,0,0,0,0,0,0,0,0,0,0,0,0,0,0,0,0,0,0,0,0,0,0,0,0,0,0,0,0,0,0,0,0,38,14,7,45,65476,0,300,0,0,8,21553,0.0,-107605600.0,0.0,0.0,0.0,0.0,0.0,0.0,0.0,0.0,0.0,0.0,0.0,0.0,0.0,0.0,0.0,0.0,0.0,0.0,0.0,0.0,0.0,2.004,-0.0,0.0,0.0,0.0,0.0,0.0,4983.0,0.0,0.0,0.0,0.0,-107615280.0,2.718429300292151e+23,0.0,0.0,0.0,0.0,53,-0.0,-0.0,0.0,0.0,0.0,0.0,0.0,0.0,0.0,0,0,0,0.0,0.0,0.0,0.0,0.0,0.0,0.0,0.0,0.0,0.0,0.0,0.0,0.0,0.0,0.0,0.0,0,-107875648.0,53,0.0,106,-107614832.0,0.0,ERR,ERR,ERR,ERR,ERR,ERR,ERR,ERR,ERR,ERR,ERR,ERR,ERR,ERR,ERR,ERR,ERR,ERR,ERR,ERR,ERR,ERR,ERR,ERR,ERR,ERR,ERR,ERR,ERR,ERR,ERR,ERR,ERR,ERR,ERR,ERR,ERR,ERR,ERR,ERR,ERR,ERR,ERR,ERR,ERR,ERR,ERR,ERR,ERR,ERR,ERR,ERR,ERR,ERR,ERR,ERR,ERR,ERR,ERR,ERR,ERR,ERR,ERR,ERR,ERR,ERR,ERR,50.0,60.0,100,0.0,0.0,0.0,0.0,0.0,0.0,0.0,0.0,0.0,0.0,0.0,0.0,0.0,0.0,0.0,0.0,61.6,74,14,65512,50,65476,0,300,0,0,8,20529,65476,0,0,26214,60.0,0.0,0.0,0.0,0.0,0.0
2026-05-17T18:26:40,ERR,ERR,ERR,ERR,ERR,ERR,ERR,ERR,ERR,ERR,ERR,ERR,ERR,ERR,ERR,ERR,ERR,ERR,ERR,ERR,ERR,ERR,ERR,ERR,ERR,ERR,ERR,ERR,ERR,ERR,ERR,ERR,ERR,ERR,ERR,ERR,ERR,ERR,ERR,ERR,ERR,ERR,ERR,ERR,ERR,ERR,ERR,ERR,ERR,ERR,ERR,ERR,ERR,ERR,ERR,ERR,ERR,ERR,ERR,ERR,ERR,ERR,ERR,ERR,ERR,ERR,ERR,ERR,ERR,ERR,ERR,ERR,ERR,ERR,ERR,ERR,ERR,ERR,ERR,ERR,ERR,ERR,ERR,ERR,ERR,ERR,ERR,ERR,ERR,ERR,ERR,ERR,ERR,ERR,ERR,ERR,ERR,ERR,ERR,ERR,ERR,ERR,ERR,ERR,ERR,ERR,ERR,ERR,ERR,ERR,ERR,ERR,ERR,ERR,ERR,ERR,ERR,ERR,ERR,ERR,ERR,ERR,ERR,ERR,ERR,0.0,-107615296.0,-134474944.0,0.0,0.0,1.3936040501711995e+18,7.805,0.0,0,0,4,0,8422,0.0,45,0.0,0.0,0.0,0.0,0.0,0,0,0,0,0.0,0,0,0,0,0,0,0,0,0,0,0,0,0,0,0,0,0,0,0,0,0,0,0,0,0,0,0,0,0,0,0,0,0,38,14,7,45,65476,0,300,0,0,8,21553,0.0,-107605600.0,0.0,0.0,0.0,0.0,0.0,0.0,0.0,0.0,0.0,0.0,0.0,0.0,0.0,0.0,0.0,0.0,0.0,0.0,0.0,0.0,0.0,2.004,-0.0,0.0,0.0,0.0,0.0,0.0,4983.0,0.0,0.0,0.0,0.0,-107615280.0,2.718429300292151e+23,0.0,0.0,0.0,0.0,53,-0.0,-0.0,0.0,0.0,0.0,0.0,0.0,0.0,0.0,0,0,0,0.0,0.0,0.0,0.0,0.0,0.0,0.0,0.0,0.0,0.0,0.0,0.0,0.0,0.0,0.0,0.0,0,-107875648.0,53,0.0,106,-107614832.0,0.0,ERR,ERR,ERR,ERR,ERR,ERR,ERR,ERR,ERR,ERR,ERR,ERR,ERR,ERR,ERR,ERR,ERR,ERR,ERR,ERR,ERR,ERR,ERR,ERR,ERR,ERR,ERR,ERR,ERR,ERR,ERR,ERR,ERR,ERR,ERR,ERR,ERR,ERR,ERR,ERR,ERR,ERR,ERR,ERR,ERR,ERR,ERR,ERR,ERR,ERR,ERR,ERR,ERR,ERR,ERR,ERR,ERR,ERR,ERR,ERR,ERR,ERR,ERR,ERR,ERR,ERR,ERR,50.0,60.0,100,0.0,0.0,0.0,0.0,0.0,0.0,0.0,0.0,0.0,0.0,0.0,0.0,0.0,0.0,0.0,0.0,61.6,74,14,65512,50,65476,0,300,0,0,8,20529,65476,0,0,26214,60.0,0.0,0.0,0.0,0.0,0.0
2026-05-17T18:26:41,ERR,ERR,ERR,ERR,ERR,ERR,ERR,ERR,ERR,ERR,ERR,ERR,ERR,ERR,ERR,ERR,ERR,ERR,ERR,ERR,ERR,ERR,ERR,ERR,ERR,ERR,ERR,ERR,ERR,ERR,ERR,ERR,ERR,ERR,ERR,ERR,ERR,ERR,ERR,ERR,ERR,ERR,ERR,ERR,ERR,ERR,ERR,ERR,ERR,ERR,ERR,ERR,ERR,ERR,ERR,ERR,ERR,ERR,ERR,ERR,ERR,ERR,ERR,ERR,ERR,ERR,ERR,ERR,ERR,ERR,ERR,ERR,ERR,ERR,ERR,ERR,ERR,ERR,ERR,ERR,ERR,ERR,ERR,ERR,ERR,ERR,ERR,ERR,ERR,ERR,ERR,ERR,ERR,ERR,ERR,ERR,ERR,ERR,ERR,ERR,ERR,ERR,ERR,ERR,ERR,ERR,ERR,ERR,ERR,ERR,ERR,ERR,ERR,ERR,ERR,ERR,ERR,ERR,ERR,ERR,ERR,ERR,ERR,ERR,ERR,0.0,-107615296.0,-134474944.0,0.0,0.0,1.3936040501711995e+18,7.805,0.0,0,0,4,0,8422,0.0,45,0.0,0.0,0.0,0.0,0.0,0,0,0,0,0.0,0,0,0,0,0,0,0,0,0,0,0,0,0,0,0,0,0,0,0,0,0,0,0,0,0,0,0,0,0,0,0,0,0,38,14,7,45,65476,0,300,0,0,8,21553,0.0,-107605600.0,0.0,0.0,0.0,0.0,0.0,0.0,0.0,0.0,0.0,0.0,0.0,0.0,0.0,0.0,0.0,0.0,0.0,0.0,0.0,0.0,0.0,2.004,-0.0,0.0,0.0,0.0,0.0,0.0,4983.0,0.0,0.0,0.0,0.0,-107615280.0,2.718429300292151e+23,0.0,0.0,0.0,0.0,53,-0.0,-0.0,0.0,0.0,0.0,0.0,0.0,0.0,0.0,0,0,0,0.0,0.0,0.0,0.0,0.0,0.0,0.0,0.0,0.0,0.0,0.0,0.0,0.0,0.0,0.0,0.0,0,-107875648.0,53,0.0,106,-107614832.0,0.0,ERR,ERR,ERR,ERR,ERR,ERR,ERR,ERR,ERR,ERR,ERR,ERR,ERR,ERR,ERR,ERR,ERR,ERR,ERR,ERR,ERR,ERR,ERR,ERR,ERR,ERR,ERR,ERR,ERR,ERR,ERR,ERR,ERR,ERR,ERR,ERR,ERR,ERR,ERR,ERR,ERR,ERR,ERR,ERR,ERR,ERR,ERR,ERR,ERR,ERR,ERR,ERR,ERR,ERR,ERR,ERR,ERR,ERR,ERR,ERR,ERR,ERR,ERR,ERR,ERR,ERR,ERR,50.0,60.0,100,0.0,0.0,0.0,0.0,0.0,0.0,0.0,0.0,0.0,0.0,0.0,0.0,0.0,0.0,0.0,0.0,61.6,74,14,65512,50,65476,0,300,0,0,8,20529,65476,0,0,26214,60.0,0.0,0.0,0.0,0.0,0.0
2026-05-17T18:26:42,ERR,ERR,ERR,ERR,ERR,ERR,ERR,ERR,ERR,ERR,ERR,ERR,ERR,ERR,ERR,ERR,ERR,ERR,ERR,ERR,ERR,ERR,ERR,ERR,ERR,ERR,ERR,ERR,ERR,ERR,ERR,ERR,ERR,ERR,ERR,ERR,ERR,ERR,ERR,ERR,ERR,ERR,ERR,ERR,ERR,ERR,ERR,ERR,ERR,ERR,ERR,ERR,ERR,ERR,ERR,ERR,ERR,ERR,ERR,ERR,ERR,ERR,ERR,ERR,ERR,ERR,ERR,ERR,ERR,ERR,ERR,ERR,ERR,ERR,ERR,ERR,ERR,ERR,ERR,ERR,ERR,ERR,ERR,ERR,ERR,ERR,ERR,ERR,ERR,ERR,ERR,ERR,ERR,ERR,ERR,ERR,ERR,ERR,ERR,ERR,ERR,ERR,ERR,ERR,ERR,ERR,ERR,ERR,ERR,ERR,ERR,ERR,ERR,ERR,ERR,ERR,ERR,ERR,ERR,ERR,ERR,ERR,ERR,ERR,ERR,0.0,0.0,0.0,0.0,0.0,1.3936040501711995e+18,7.805,0.0,0,0,4,0,8422,0.0,45,0.0,0.0,0.0,0.0,0.0,0,0,0,0,0.0,0,0,0,0,0,0,0,0,0,0,0,0,0,0,0,0,0,0,0,0,0,0,0,0,0,0,0,0,0,0,0,0,0,38,14,7,45,65476,0,300,0,0,8,21553,0.0,-107605600.0,0.0,0.0,0.0,0.0,0.0,0.0,0.0,0.0,0.0,0.0,0.0,0.0,0.0,0.0,0.0,0.0,0.0,0.0,0.0,0.0,0.0,2.004,-0.0,0.0,0.0,0.0,0.0,0.0,4983.0,564145766268928.0,0.0,0.0,0.0,-107615280.0,2.718429300292151e+23,0.0,0.0,0.0,0.0,53,-0.0,-152017246879744.0,0.0,0.0,0.0,0.0,0.0,0.0,0.0,0,0,0,0.0,0.0,0.0,0.0,0.0,0.0,0.0,0.0,0.0,0.0,0.0,0.0,0.0,0.0,0.0,0.0,0,-107875648.0,53,0.0,106,-107614832.0,0.0,ERR,ERR,ERR,ERR,ERR,ERR,ERR,ERR,ERR,ERR,ERR,ERR,ERR,ERR,ERR,ERR,ERR,ERR,ERR,ERR,ERR,ERR,ERR,ERR,ERR,ERR,ERR,ERR,ERR,ERR,ERR,ERR,ERR,ERR,ERR,ERR,ERR,ERR,ERR,ERR,ERR,ERR,ERR,ERR,ERR,ERR,ERR,ERR,ERR,ERR,ERR,ERR,ERR,ERR,ERR,ERR,ERR,ERR,ERR,ERR,ERR,ERR,ERR,ERR,ERR,ERR,ERR,50.0,60.0,100,0.0,0.0,0.0,0.0,0.0,0.0,0.0,0.0,0.0,0.0,0.0,0.0,0.0,0.0,0.0,0.0,61.6,74,14,65512,50,65476,0,300,0,0,8,20529,65476,0,0,26214,60.0,0.0,0.0,0.0,0.0,0.0
2026-05-17T18:26:43,ERR,ERR,ERR,ERR,ERR,ERR,ERR,ERR,ERR,ERR,ERR,ERR,ERR,ERR,ERR,ERR,ERR,ERR,ERR,ERR,ERR,ERR,ERR,ERR,ERR,ERR,ERR,ERR,ERR,ERR,ERR,ERR,ERR,ERR,ERR,ERR,ERR,ERR,ERR,ERR,ERR,ERR,ERR,ERR,ERR,ERR,ERR,ERR,ERR,ERR,ERR,ERR,ERR,ERR,ERR,ERR,ERR,ERR,ERR,ERR,ERR,ERR,ERR,ERR,ERR,ERR,ERR,ERR,ERR,ERR,ERR,ERR,ERR,ERR,ERR,ERR,ERR,ERR,ERR,ERR,ERR,ERR,ERR,ERR,ERR,ERR,ERR,ERR,ERR,ERR,ERR,ERR,ERR,ERR,ERR,ERR,ERR,ERR,ERR,ERR,ERR,ERR,ERR,ERR,ERR,ERR,ERR,ERR,ERR,ERR,ERR,ERR,ERR,ERR,ERR,ERR,ERR,ERR,ERR,ERR,ERR,ERR,ERR,ERR,ERR,0.0,0.0,0.0,0.0,0.0,1.3936040501711995e+18,7.805,0.0,0,0,4,0,8422,0.0,45,0.0,0.0,0.0,0.0,0.0,0,0,0,0,0.0,0,0,0,0,0,0,0,0,0,0,0,0,0,0,0,0,0,0,0,0,0,0,0,0,0,0,0,0,0,0,0,0,0,38,14,7,45,65476,0,300,0,0,8,21553,0.0,-107605600.0,0.0,0.0,0.0,0.0,0.0,0.0,0.0,0.0,0.0,0.0,0.0,0.0,0.0,0.0,0.0,0.0,0.0,0.0,0.0,0.0,0.0,2.004,-0.0,0.0,0.0,0.0,0.0,0.0,4983.0,564145766268928.0,0.0,0.0,0.0,-107615280.0,2.718429300292151e+23,0.0,0.0,0.0,0.0,53,-0.0,-152017246879744.0,0.0,0.0,0.0,0.0,0.0,0.0,0.0,0,0,0,0.0,0.0,0.0,0.0,0.0,0.0,0.0,0.0,0.0,0.0,0.0,0.0,0.0,0.0,0.0,0.0,0,-107875648.0,53,0.0,106,-107614832.0,0.0,ERR,ERR,ERR,ERR,ERR,ERR,ERR,ERR,ERR,ERR,ERR,ERR,ERR,ERR,ERR,ERR,ERR,ERR,ERR,ERR,ERR,ERR,ERR,ERR,ERR,ERR,ERR,ERR,ERR,ERR,ERR,ERR,ERR,ERR,ERR,ERR,ERR,ERR,ERR,ERR,ERR,ERR,ERR,ERR,ERR,ERR,ERR,ERR,ERR,ERR,ERR,ERR,ERR,ERR,ERR,ERR,ERR,ERR,ERR,ERR,ERR,ERR,ERR,ERR,ERR,ERR,ERR,50.0,60.0,100,0.0,0.0,0.0,0.0,0.0,0.0,0.0,0.0,0.0,0.0,0.0,0.0,0.0,0.0,0.0,0.0,61.6,74,14,65512,50,65476,0,300,0,0,8,20529,65476,0,0,26214,60.0,0.0,0.0,0.0,0.0,0.0
2026-05-17T18:26:44,ERR,ERR,ERR,ERR,ERR,ERR,ERR,ERR,ERR,ERR,ERR,ERR,ERR,ERR,ERR,ERR,ERR,ERR,ERR,ERR,ERR,ERR,ERR,ERR,ERR,ERR,ERR,ERR,ERR,ERR,ERR,ERR,ERR,ERR,ERR,ERR,ERR,ERR,ERR,ERR,ERR,ERR,ERR,ERR,ERR,ERR,ERR,ERR,ERR,ERR,ERR,ERR,ERR,ERR,ERR,ERR,ERR,ERR,ERR,ERR,ERR,ERR,ERR,ERR,ERR,ERR,ERR,ERR,ERR,ERR,ERR,ERR,ERR,ERR,ERR,ERR,ERR,ERR,ERR,ERR,ERR,ERR,ERR,ERR,ERR,ERR,ERR,ERR,ERR,ERR,ERR,ERR,ERR,ERR,ERR,ERR,ERR,ERR,ERR,ERR,ERR,ERR,ERR,ERR,ERR,ERR,ERR,ERR,ERR,ERR,ERR,ERR,ERR,ERR,ERR,ERR,ERR,ERR,ERR,ERR,ERR,ERR,ERR,ERR,ERR,0.0,0.0,0.0,0.0,0.0,1.3936040501711995e+18,7.805,0.0,0,0,4,0,8422,0.0,45,0.0,0.0,0.0,0.0,0.0,0,0,0,0,0.0,0,0,0,0,0,0,0,0,0,0,0,0,0,0,0,0,0,0,0,0,0,0,0,0,0,0,0,0,0,0,0,0,0,38,14,7,45,65476,0,300,0,0,8,21553,0.0,-107605600.0,0.0,0.0,0.0,0.0,0.0,0.0,0.0,0.0,0.0,0.0,0.0,0.0,0.0,0.0,0.0,0.0,0.0,0.0,0.0,0.0,0.0,2.004,-0.0,0.0,0.0,0.0,0.0,0.0,4983.0,564145766268928.0,0.0,0.0,0.0,-107615280.0,2.718429300292151e+23,0.0,0.0,0.0,0.0,53,-0.0,-152017246879744.0,0.0,0.0,0.0,0.0,0.0,0.0,0.0,0,0,0,0.0,0.0,0.0,0.0,0.0,0.0,0.0,0.0,0.0,0.0,0.0,0.0,0.0,0.0,0.0,0.0,0,-107875648.0,53,0.0,106,-107614832.0,0.0,ERR,ERR,ERR,ERR,ERR,ERR,ERR,ERR,ERR,ERR,ERR,ERR,ERR,ERR,ERR,ERR,ERR,ERR,ERR,ERR,ERR,ERR,ERR,ERR,ERR,ERR,ERR,ERR,ERR,ERR,ERR,ERR,ERR,ERR,ERR,ERR,ERR,ERR,ERR,ERR,ERR,ERR,ERR,ERR,ERR,ERR,ERR,ERR,ERR,ERR,ERR,ERR,ERR,ERR,ERR,ERR,ERR,ERR,ERR,ERR,ERR,ERR,ERR,ERR,ERR,ERR,ERR,50.0,60.0,100,0.0,0.0,0.0,0.0,0.0,0.0,0.0,0.0,0.0,0.0,0.0,0.0,0.0,0.0,0.0,0.0,61.6,74,14,65512,50,65476,0,300,0,0,8,20529,65476,0,0,26214,60.0,0.0,0.0,0.0,0.0,0.0
2026-05-17T18:26:45,ERR,ERR,ERR,ERR,ERR,ERR,ERR,ERR,ERR,ERR,ERR,ERR,ERR,ERR,ERR,ERR,ERR,ERR,ERR,ERR,ERR,ERR,ERR,ERR,ERR,ERR,ERR,ERR,ERR,ERR,ERR,ERR,ERR,ERR,ERR,ERR,ERR,ERR,ERR,ERR,ERR,ERR,ERR,ERR,ERR,ERR,ERR,ERR,ERR,ERR,ERR,ERR,ERR,ERR,ERR,ERR,ERR,ERR,ERR,ERR,ERR,ERR,ERR,ERR,ERR,ERR,ERR,ERR,ERR,ERR,ERR,ERR,ERR,ERR,ERR,ERR,ERR,ERR,ERR,ERR,ERR,ERR,ERR,ERR,ERR,ERR,ERR,ERR,ERR,ERR,ERR,ERR,ERR,ERR,ERR,ERR,ERR,ERR,ERR,ERR,ERR,ERR,ERR,ERR,ERR,ERR,ERR,ERR,ERR,ERR,ERR,ERR,ERR,ERR,ERR,ERR,ERR,ERR,ERR,ERR,ERR,ERR,ERR,ERR,ERR,0.0,0.0,0.0,0.0,0.0,1.3936040501711995e+18,7.805,0.0,0,0,4,0,8422,0.0,45,0.0,0.0,0.0,0.0,0.0,0,0,0,0,0.0,0,0,0,0,0,0,0,0,0,0,0,0,0,0,0,0,0,0,0,0,0,0,0,0,0,0,0,0,0,0,0,0,0,38,14,7,45,65476,0,300,0,0,8,21553,0.0,-107605600.0,0.0,0.0,0.0,0.0,0.0,0.0,0.0,0.0,0.0,0.0,0.0,0.0,0.0,0.0,0.0,0.0,0.0,0.0,0.0,0.0,0.0,2.004,-0.0,0.0,0.0,0.0,0.0,0.0,4983.0,564145766268928.0,0.0,0.0,0.0,-107615280.0,2.718429300292151e+23,0.0,0.0,0.0,0.0,53,-0.0,-152017246879744.0,0.0,0.0,0.0,0.0,0.0,0.0,0.0,0,0,0,0.0,0.0,0.0,0.0,0.0,0.0,0.0,0.0,0.0,0.0,0.0,0.0,0.0,0.0,0.0,0.0,0,-107875648.0,53,0.0,106,-107614832.0,0.0,ERR,ERR,ERR,ERR,ERR,ERR,ERR,ERR,ERR,ERR,ERR,ERR,ERR,ERR,ERR,ERR,ERR,ERR,ERR,ERR,ERR,ERR,ERR,ERR,ERR,ERR,ERR,ERR,ERR,ERR,ERR,ERR,ERR,ERR,ERR,ERR,ERR,ERR,ERR,ERR,ERR,ERR,ERR,ERR,ERR,ERR,ERR,ERR,ERR,ERR,ERR,ERR,ERR,ERR,ERR,ERR,ERR,ERR,ERR,ERR,ERR,ERR,ERR,ERR,ERR,ERR,ERR,50.0,60.0,100,0.0,0.0,0.0,0.0,0.0,0.0,0.0,0.0,0.0,0.0,0.0,0.0,0.0,0.0,0.0,0.0,61.6,74,14,65512,50,65476,0,300,0,0,8,20529,65476,0,0,26214,60.0,0.0,0.0,0.0,0.0,0.0
2026-05-17T18:26:46,ERR,ERR,ERR,ERR,ERR,ERR,ERR,ERR,ERR,ERR,ERR,ERR,ERR,ERR,ERR,ERR,ERR,ERR,ERR,ERR,ERR,ERR,ERR,ERR,ERR,ERR,ERR,ERR,ERR,ERR,ERR,ERR,ERR,ERR,ERR,ERR,ERR,ERR,ERR,ERR,ERR,ERR,ERR,ERR,ERR,ERR,ERR,ERR,ERR,ERR,ERR,ERR,ERR,ERR,ERR,ERR,ERR,ERR,ERR,ERR,ERR,ERR,ERR,ERR,ERR,ERR,ERR,ERR,ERR,ERR,ERR,ERR,ERR,ERR,ERR,ERR,ERR,ERR,ERR,ERR,ERR,ERR,ERR,ERR,ERR,ERR,ERR,ERR,ERR,ERR,ERR,ERR,ERR,ERR,ERR,ERR,ERR,ERR,ERR,ERR,ERR,ERR,ERR,ERR,ERR,ERR,ERR,ERR,ERR,ERR,ERR,ERR,ERR,ERR,ERR,ERR,ERR,ERR,ERR,ERR,ERR,ERR,ERR,ERR,ERR,0.0,0.0,0.0,0.0,0.0,1.3936040501711995e+18,7.805,0.0,0,0,4,0,8422,0.0,45,0.0,0.0,0.0,0.0,0.0,0,0,0,0,0.0,0,0,0,0,0,0,0,0,0,0,0,0,0,0,0,0,0,0,0,0,0,0,0,0,0,0,0,0,0,0,0,0,0,38,14,7,45,65476,0,300,0,0,8,21553,0.0,-107605600.0,0.0,0.0,0.0,0.0,0.0,0.0,0.0,0.0,0.0,0.0,0.0,0.0,0.0,0.0,0.0,0.0,0.0,0.0,0.0,0.0,0.0,2.004,-0.0,0.0,0.0,0.0,0.0,0.0,4983.0,564145766268928.0,0.0,0.0,0.0,-107615280.0,2.718429300292151e+23,0.0,0.0,0.0,0.0,53,-0.0,-152017246879744.0,0.0,0.0,0.0,0.0,0.0,0.0,0.0,0,0,0,0.0,0.0,0.0,0.0,0.0,0.0,0.0,0.0,0.0,0.0,0.0,0.0,0.0,0.0,0.0,0.0,0,-107875648.0,53,0.0,106,-107614832.0,0.0,ERR,ERR,ERR,ERR,ERR,ERR,ERR,ERR,ERR,ERR,ERR,ERR,ERR,ERR,ERR,ERR,ERR,ERR,ERR,ERR,ERR,ERR,ERR,ERR,ERR,ERR,ERR,ERR,ERR,ERR,ERR,ERR,ERR,ERR,ERR,ERR,ERR,ERR,ERR,ERR,ERR,ERR,ERR,ERR,ERR,ERR,ERR,ERR,ERR,ERR,ERR,ERR,ERR,ERR,ERR,ERR,ERR,ERR,ERR,ERR,ERR,ERR,ERR,ERR,ERR,ERR,ERR,50.0,60.0,100,0.0,0.0,0.0,0.0,0.0,0.0,0.0,0.0,0.0,0.0,0.0,0.0,0.0,0.0,0.0,0.0,61.6,74,14,65512,50,65476,0,300,0,0,8,20529,65476,0,0,26214,60.0,0.0,0.0,0.0,0.0,0.0
2026-05-17T18:26:47,ERR,ERR,ERR,ERR,ERR,ERR,ERR,ERR,ERR,ERR,ERR,ERR,ERR,ERR,ERR,ERR,ERR,ERR,ERR,ERR,ERR,ERR,ERR,ERR,ERR,ERR,ERR,ERR,ERR,ERR,ERR,ERR,ERR,ERR,ERR,ERR,ERR,ERR,ERR,ERR,ERR,ERR,ERR,ERR,ERR,ERR,ERR,ERR,ERR,ERR,ERR,ERR,ERR,ERR,ERR,ERR,ERR,ERR,ERR,ERR,ERR,ERR,ERR,ERR,ERR,ERR,ERR,ERR,ERR,ERR,ERR,ERR,ERR,ERR,ERR,ERR,ERR,ERR,ERR,ERR,ERR,ERR,ERR,ERR,ERR,ERR,ERR,ERR,ERR,ERR,ERR,ERR,ERR,ERR,ERR,ERR,ERR,ERR,ERR,ERR,ERR,ERR,ERR,ERR,ERR,ERR,ERR,ERR,ERR,ERR,ERR,ERR,ERR,ERR,ERR,ERR,ERR,ERR,ERR,ERR,ERR,ERR,ERR,ERR,ERR,0.0,0.0,0.0,0.0,0.0,1.3936040501711995e+18,7.805,0.0,0,0,4,0,8422,0.0,45,0.0,0.0,0.0,0.0,0.0,0,0,0,0,0.0,0,0,0,0,0,0,0,0,0,0,0,0,0,0,0,0,0,0,0,0,0,0,0,0,0,0,0,0,0,0,0,0,0,38,14,7,45,65476,0,300,0,0,8,21553,0.0,-107605600.0,0.0,0.0,0.0,0.0,0.0,0.0,0.0,0.0,0.0,0.0,0.0,0.0,0.0,0.0,0.0,0.0,0.0,0.0,0.0,0.0,0.0,2.004,-0.0,0.0,0.0,0.0,0.0,0.0,4978.0,-131350.422,0.0,0.0,0.0,-107615280.0,2.718429300292151e+23,0.0,0.0,0.0,0.0,53,4.066880103266858e+29,2.7184172306451498e+23,0.0,0.0,0.0,0.0,0.0,0.0,0.0,0,0,0,0.0,0.0,0.0,0.0,0.0,0.0,0.0,0.0,0.0,0.0,0.0,0.0,0.0,0.0,0.0,0.0,0,-107875648.0,53,0.0,106,-107614832.0,0.0,ERR,ERR,ERR,ERR,ERR,ERR,ERR,ERR,ERR,ERR,ERR,ERR,ERR,ERR,ERR,ERR,ERR,ERR,ERR,ERR,ERR,ERR,ERR,ERR,ERR,ERR,ERR,ERR,ERR,ERR,ERR,ERR,ERR,ERR,ERR,ERR,ERR,ERR,ERR,ERR,ERR,ERR,ERR,ERR,ERR,ERR,ERR,ERR,ERR,ERR,ERR,ERR,ERR,ERR,ERR,ERR,ERR,ERR,ERR,ERR,ERR,ERR,ERR,ERR,ERR,ERR,ERR,50.0,60.0,100,0.0,0.0,0.0,0.0,0.0,0.0,0.0,0.0,0.0,0.0,0.0,0.0,0.0,0.0,0.0,0.0,61.6,74,14,65512,50,65476,0,300,0,0,8,20529,65476,0,0,26214,60.0,0.0,0.0,0.0,0.0,0.0
2026-05-17T18:26:48,ERR,ERR,ERR,ERR,ERR,ERR,ERR,ERR,ERR,ERR,ERR,ERR,ERR,ERR,ERR,ERR,ERR,ERR,ERR,ERR,ERR,ERR,ERR,ERR,ERR,ERR,ERR,ERR,ERR,ERR,ERR,ERR,ERR,ERR,ERR,ERR,ERR,ERR,ERR,ERR,ERR,ERR,ERR,ERR,ERR,ERR,ERR,ERR,ERR,ERR,ERR,ERR,ERR,ERR,ERR,ERR,ERR,ERR,ERR,ERR,ERR,ERR,ERR,ERR,ERR,ERR,ERR,ERR,ERR,ERR,ERR,ERR,ERR,ERR,ERR,ERR,ERR,ERR,ERR,ERR,ERR,ERR,ERR,ERR,ERR,ERR,ERR,ERR,ERR,ERR,ERR,ERR,ERR,ERR,ERR,ERR,ERR,ERR,ERR,ERR,ERR,ERR,ERR,ERR,ERR,ERR,ERR,ERR,ERR,ERR,ERR,ERR,ERR,ERR,ERR,ERR,ERR,ERR,ERR,ERR,ERR,ERR,ERR,ERR,ERR,0.0,0.0,0.0,0.0,0.0,1.3936040501711995e+18,7.805,0.0,0,0,4,0,8422,0.0,45,0.0,0.0,0.0,0.0,0.0,0,0,0,0,0.0,0,0,0,0,0,0,0,0,0,0,0,0,0,0,0,0,0,0,0,0,0,0,0,0,0,0,0,0,0,0,0,0,0,38,14,7,45,65476,0,300,0,0,8,21553,0.0,-107605600.0,0.0,0.0,0.0,0.0,0.0,0.0,0.0,0.0,0.0,0.0,0.0,0.0,0.0,0.0,0.0,0.0,0.0,0.0,0.0,0.0,0.0,2.004,-0.0,0.0,0.0,0.0,0.0,0.0,4978.0,-131350.422,0.0,0.0,0.0,-107615280.0,2.718429300292151e+23,0.0,0.0,0.0,0.0,53,4.066880103266858e+29,2.7184172306451498e+23,0.0,0.0,0.0,0.0,0.0,0.0,0.0,0,0,0,0.0,0.0,0.0,0.0,0.0,0.0,0.0,0.0,0.0,0.0,0.0,0.0,0.0,0.0,0.0,0.0,0,-107875648.0,53,0.0,106,-107614832.0,0.0,ERR,ERR,ERR,ERR,ERR,ERR,ERR,ERR,ERR,ERR,ERR,ERR,ERR,ERR,ERR,ERR,ERR,ERR,ERR,ERR,ERR,ERR,ERR,ERR,ERR,ERR,ERR,ERR,ERR,ERR,ERR,ERR,ERR,ERR,ERR,ERR,ERR,ERR,ERR,ERR,ERR,ERR,ERR,ERR,ERR,ERR,ERR,ERR,ERR,ERR,ERR,ERR,ERR,ERR,ERR,ERR,ERR,ERR,ERR,ERR,ERR,ERR,ERR,ERR,ERR,ERR,ERR,50.0,60.0,100,0.0,0.0,0.0,0.0,0.0,0.0,0.0,0.0,0.0,0.0,0.0,0.0,0.0,0.0,0.0,0.0,61.6,74,14,65512,50,65476,0,300,0,0,8,20529,65476,0,0,26214,60.0,0.0,0.0,0.0,0.0,0.0
2026-05-17T18:26:49,ERR,ERR,ERR,ERR,ERR,ERR,ERR,ERR,ERR,ERR,ERR,ERR,ERR,ERR,ERR,ERR,ERR,ERR,ERR,ERR,ERR,ERR,ERR,ERR,ERR,ERR,ERR,ERR,ERR,ERR,ERR,ERR,ERR,ERR,ERR,ERR,ERR,ERR,ERR,ERR,ERR,ERR,ERR,ERR,ERR,ERR,ERR,ERR,ERR,ERR,ERR,ERR,ERR,ERR,ERR,ERR,ERR,ERR,ERR,ERR,ERR,ERR,ERR,ERR,ERR,ERR,ERR,ERR,ERR,ERR,ERR,ERR,ERR,ERR,ERR,ERR,ERR,ERR,ERR,ERR,ERR,ERR,ERR,ERR,ERR,ERR,ERR,ERR,ERR,ERR,ERR,ERR,ERR,ERR,ERR,ERR,ERR,ERR,ERR,ERR,ERR,ERR,ERR,ERR,ERR,ERR,ERR,ERR,ERR,ERR,ERR,ERR,ERR,ERR,ERR,ERR,ERR,ERR,ERR,ERR,ERR,ERR,ERR,ERR,ERR,0.0,0.0,0.0,0.0,0.0,1.3936040501711995e+18,7.805,0.0,0,0,4,0,8422,0.0,45,0.0,0.0,0.0,0.0,0.0,0,0,0,0,0.0,0,0,0,0,0,0,0,0,0,0,0,0,0,0,0,0,0,0,0,0,0,0,0,0,0,0,0,0,0,0,0,0,0,38,14,7,45,65476,0,300,0,0,8,21553,0.0,-107605600.0,0.0,0.0,0.0,0.0,0.0,0.0,0.0,0.0,0.0,0.0,0.0,0.0,0.0,0.0,0.0,0.0,0.0,0.0,0.0,0.0,0.0,2.004,-0.0,0.0,0.0,0.0,0.0,0.0,4978.0,-131350.422,0.0,0.0,0.0,-107615280.0,2.718429300292151e+23,0.0,0.0,0.0,0.0,53,4.066880103266858e+29,2.7184172306451498e+23,0.0,0.0,0.0,0.0,0.0,0.0,0.0,0,0,0,0.0,0.0,0.0,0.0,0.0,0.0,0.0,0.0,0.0,0.0,0.0,0.0,0.0,0.0,0.0,0.0,0,-107875648.0,53,0.0,106,-107614832.0,0.0,ERR,ERR,ERR,ERR,ERR,ERR,ERR,ERR,ERR,ERR,ERR,ERR,ERR,ERR,ERR,ERR,ERR,ERR,ERR,ERR,ERR,ERR,ERR,ERR,ERR,ERR,ERR,ERR,ERR,ERR,ERR,ERR,ERR,ERR,ERR,ERR,ERR,ERR,ERR,ERR,ERR,ERR,ERR,ERR,ERR,ERR,ERR,ERR,ERR,ERR,ERR,ERR,ERR,ERR,ERR,ERR,ERR,ERR,ERR,ERR,ERR,ERR,ERR,ERR,ERR,ERR,ERR,50.0,60.0,100,0.0,0.0,0.0,0.0,0.0,0.0,0.0,0.0,0.0,0.0,0.0,0.0,0.0,0.0,0.0,0.0,61.6,74,14,65512,50,65476,0,300,0,0,8,20529,65476,0,0,26214,60.0,0.0,0.0,0.0,0.0,0.0
2026-05-17T18:26:50,ERR,ERR,ERR,ERR,ERR,ERR,ERR,ERR,ERR,ERR,ERR,ERR,ERR,ERR,ERR,ERR,ERR,ERR,ERR,ERR,ERR,ERR,ERR,ERR,ERR,ERR,ERR,ERR,ERR,ERR,ERR,ERR,ERR,ERR,ERR,ERR,ERR,ERR,ERR,ERR,ERR,ERR,ERR,ERR,ERR,ERR,ERR,ERR,ERR,ERR,ERR,ERR,ERR,ERR,ERR,ERR,ERR,ERR,ERR,ERR,ERR,ERR,ERR,ERR,ERR,ERR,ERR,ERR,ERR,ERR,ERR,ERR,ERR,ERR,ERR,ERR,ERR,ERR,ERR,ERR,ERR,ERR,ERR,ERR,ERR,ERR,ERR,ERR,ERR,ERR,ERR,ERR,ERR,ERR,ERR,ERR,ERR,ERR,ERR,ERR,ERR,ERR,ERR,ERR,ERR,ERR,ERR,ERR,ERR,ERR,ERR,ERR,ERR,ERR,ERR,ERR,ERR,ERR,ERR,ERR,ERR,ERR,ERR,ERR,ERR,0.0,0.0,0.0,0.0,0.0,1.3936040501711995e+18,7.805,0.0,0,0,4,0,8422,0.0,45,0.0,0.0,0.0,0.0,0.0,0,0,0,0,0.0,0,0,0,0,0,0,0,0,0,0,0,0,0,0,0,0,0,0,0,0,0,0,0,0,0,0,0,0,0,0,0,0,0,38,14,7,45,65476,0,300,0,0,8,21553,0.0,-107605600.0,0.0,0.0,0.0,0.0,0.0,0.0,0.0,0.0,0.0,0.0,0.0,0.0,0.0,0.0,0.0,0.0,0.0,0.0,0.0,0.0,0.0,2.004,-0.0,0.0,0.0,0.0,0.0,0.0,4978.0,-131350.422,0.0,0.0,0.0,-107615280.0,2.718429300292151e+23,0.0,0.0,0.0,0.0,53,4.066880103266858e+29,2.7184172306451498e+23,0.0,0.0,0.0,0.0,0.0,0.0,0.0,0,0,0,0.0,0.0,0.0,0.0,0.0,0.0,0.0,0.0,0.0,0.0,0.0,0.0,0.0,0.0,0.0,0.0,0,-107875648.0,53,0.0,106,-107614832.0,0.0,ERR,ERR,ERR,ERR,ERR,ERR,ERR,ERR,ERR,ERR,ERR,ERR,ERR,ERR,ERR,ERR,ERR,ERR,ERR,ERR,ERR,ERR,ERR,ERR,ERR,ERR,ERR,ERR,ERR,ERR,ERR,ERR,ERR,ERR,ERR,ERR,ERR,ERR,ERR,ERR,ERR,ERR,ERR,ERR,ERR,ERR,ERR,ERR,ERR,ERR,ERR,ERR,ERR,ERR,ERR,ERR,ERR,ERR,ERR,ERR,ERR,ERR,ERR,ERR,ERR,ERR,ERR,50.0,60.0,100,0.0,0.0,0.0,0.0,0.0,0.0,0.0,0.0,0.0,0.0,0.0,0.0,0.0,0.0,0.0,0.0,61.6,74,14,65512,50,65476,0,300,0,0,8,20529,65476,0,0,26214,60.0,0.0,0.0,0.0,0.0,0.0
2026-05-17T18:26:51,ERR,ERR,ERR,ERR,ERR,ERR,ERR,ERR,ERR,ERR,ERR,ERR,ERR,ERR,ERR,ERR,ERR,ERR,ERR,ERR,ERR,ERR,ERR,ERR,ERR,ERR,ERR,ERR,ERR,ERR,ERR,ERR,ERR,ERR,ERR,ERR,ERR,ERR,ERR,ERR,ERR,ERR,ERR,ERR,ERR,ERR,ERR,ERR,ERR,ERR,ERR,ERR,ERR,ERR,ERR,ERR,ERR,ERR,ERR,ERR,ERR,ERR,ERR,ERR,ERR,ERR,ERR,ERR,ERR,ERR,ERR,ERR,ERR,ERR,ERR,ERR,ERR,ERR,ERR,ERR,ERR,ERR,ERR,ERR,ERR,ERR,ERR,ERR,ERR,ERR,ERR,ERR,ERR,ERR,ERR,ERR,ERR,ERR,ERR,ERR,ERR,ERR,ERR,ERR,ERR,ERR,ERR,ERR,ERR,ERR,ERR,ERR,ERR,ERR,ERR,ERR,ERR,ERR,ERR,ERR,ERR,ERR,ERR,ERR,ERR,0.0,0.0,0.0,0.0,0.0,1.3936040501711995e+18,7.805,0.0,0,0,4,0,8422,0.0,45,0.0,0.0,0.0,0.0,0.0,0,0,0,0,0.0,0,0,0,0,0,0,0,0,0,0,0,0,0,0,0,0,0,0,0,0,0,0,0,0,0,0,0,0,0,0,0,0,0,38,14,7,45,65476,0,300,0,0,8,21553,0.0,-107605600.0,0.0,0.0,0.0,0.0,0.0,0.0,0.0,0.0,0.0,0.0,0.0,0.0,0.0,0.0,0.0,0.0,0.0,0.0,0.0,0.0,0.0,2.004,-0.0,0.0,0.0,0.0,0.0,0.0,4978.0,-131350.422,0.0,0.0,0.0,-107615280.0,2.718429300292151e+23,0.0,0.0,0.0,0.0,53,4.066880103266858e+29,2.7184172306451498e+23,0.0,0.0,0.0,0.0,0.0,0.0,0.0,0,0,0,0.0,0.0,0.0,0.0,0.0,0.0,0.0,0.0,0.0,0.0,0.0,0.0,0.0,0.0,0.0,0.0,0,-107875648.0,53,0.0,106,-107614832.0,0.0,ERR,ERR,ERR,ERR,ERR,ERR,ERR,ERR,ERR,ERR,ERR,ERR,ERR,ERR,ERR,ERR,ERR,ERR,ERR,ERR,ERR,ERR,ERR,ERR,ERR,ERR,ERR,ERR,ERR,ERR,ERR,ERR,ERR,ERR,ERR,ERR,ERR,ERR,ERR,ERR,ERR,ERR,ERR,ERR,ERR,ERR,ERR,ERR,ERR,ERR,ERR,ERR,ERR,ERR,ERR,ERR,ERR,ERR,ERR,ERR,ERR,ERR,ERR,ERR,ERR,ERR,ERR,50.0,60.0,100,0.0,0.0,0.0,0.0,0.0,0.0,0.0,0.0,0.0,0.0,0.0,0.0,0.0,0.0,0.0,0.0,61.6,74,14,65512,50,65476,0,300,0,0,8,20529,65476,0,0,26214,60.0,0.0,0.0,0.0,0.0,0.0
2026-05-17T18:26:52,ERR,ERR,ERR,ERR,ERR,ERR,ERR,ERR,ERR,ERR,ERR,ERR,ERR,ERR,ERR,ERR,ERR,ERR,ERR,ERR,ERR,ERR,ERR,ERR,ERR,ERR,ERR,ERR,ERR,ERR,ERR,ERR,ERR,ERR,ERR,ERR,ERR,ERR,ERR,ERR,ERR,ERR,ERR,ERR,ERR,ERR,ERR,ERR,ERR,ERR,ERR,ERR,ERR,ERR,ERR,ERR,ERR,ERR,ERR,ERR,ERR,ERR,ERR,ERR,ERR,ERR,ERR,ERR,ERR,ERR,ERR,ERR,ERR,ERR,ERR,ERR,ERR,ERR,ERR,ERR,ERR,ERR,ERR,ERR,ERR,ERR,ERR,ERR,ERR,ERR,ERR,ERR,ERR,ERR,ERR,ERR,ERR,ERR,ERR,ERR,ERR,ERR,ERR,ERR,ERR,ERR,ERR,ERR,ERR,ERR,ERR,ERR,ERR,ERR,ERR,ERR,ERR,ERR,ERR,ERR,ERR,ERR,ERR,ERR,ERR,0.0,0.0,0.0,0.0,0.0,1.3936040501711995e+18,7.805,0.0,0,0,4,0,8422,0.0,45,0.0,0.0,0.0,0.0,0.0,0,0,0,0,0.0,0,0,0,0,0,0,0,0,0,0,0,0,0,0,0,0,0,0,0,0,0,0,0,0,0,0,0,0,0,0,0,0,0,38,14,7,45,65476,0,300,0,0,8,21553,0.0,-107605600.0,0.0,0.0,0.0,0.0,0.0,0.0,0.0,0.0,0.0,0.0,0.0,0.0,0.0,0.0,0.0,0.0,0.0,0.0,0.0,0.0,0.0,2.004,-0.0,0.0,0.0,0.0,0.0,0.0,4981.0,-2.4229876163019057e+24,0.0,0.0,-107615296.0,-107615280.0,2.718429300292151e+23,0.0,0.0,0.0,0.0,53,-0.0,-0.0,0.0,0.0,0.0,0.0,0.0,0.0,0.0,0,0,0,0.0,0.0,0.0,0.0,0.0,0.0,0.0,0.0,0.0,0.0,0.0,0.0,0.0,0.0,0.0,0.0,0,-107875648.0,53,0.0,106,-107614832.0,0.0,ERR,ERR,ERR,ERR,ERR,ERR,ERR,ERR,ERR,ERR,ERR,ERR,ERR,ERR,ERR,ERR,ERR,ERR,ERR,ERR,ERR,ERR,ERR,ERR,ERR,ERR,ERR,ERR,ERR,ERR,ERR,ERR,ERR,ERR,ERR,ERR,ERR,ERR,ERR,ERR,ERR,ERR,ERR,ERR,ERR,ERR,ERR,ERR,ERR,ERR,ERR,ERR,ERR,ERR,ERR,ERR,ERR,ERR,ERR,ERR,ERR,ERR,ERR,ERR,ERR,ERR,ERR,50.0,60.0,100,0.0,0.0,0.0,0.0,0.0,0.0,0.0,0.0,0.0,0.0,0.0,0.0,0.0,0.0,0.0,0.0,61.6,74,14,65512,50,65476,0,300,0,0,8,20529,65476,0,0,26214,60.0,0.0,0.0,0.0,0.0,0.0
2026-05-17T18:26:53,ERR,ERR,ERR,ERR,ERR,ERR,ERR,ERR,ERR,ERR,ERR,ERR,ERR,ERR,ERR,ERR,ERR,ERR,ERR,ERR,ERR,ERR,ERR,ERR,ERR,ERR,ERR,ERR,ERR,ERR,ERR,ERR,ERR,ERR,ERR,ERR,ERR,ERR,ERR,ERR,ERR,ERR,ERR,ERR,ERR,ERR,ERR,ERR,ERR,ERR,ERR,ERR,ERR,ERR,ERR,ERR,ERR,ERR,ERR,ERR,ERR,ERR,ERR,ERR,ERR,ERR,ERR,ERR,ERR,ERR,ERR,ERR,ERR,ERR,ERR,ERR,ERR,ERR,ERR,ERR,ERR,ERR,ERR,ERR,ERR,ERR,ERR,ERR,ERR,ERR,ERR,ERR,ERR,ERR,ERR,ERR,ERR,ERR,ERR,ERR,ERR,ERR,ERR,ERR,ERR,ERR,ERR,ERR,ERR,ERR,ERR,ERR,ERR,ERR,ERR,ERR,ERR,ERR,ERR,ERR,ERR,ERR,ERR,ERR,ERR,0.0,0.0,0.0,0.0,0.0,1.3936040501711995e+18,7.805,0.0,0,0,4,0,8422,0.0,45,0.0,0.0,0.0,0.0,0.0,0,0,0,0,0.0,0,0,0,0,0,0,0,0,0,0,0,0,0,0,0,0,0,0,0,0,0,0,0,0,0,0,0,0,0,0,0,0,0,38,14,7,45,65476,0,300,0,0,8,21553,0.0,-107605600.0,0.0,0.0,0.0,0.0,0.0,0.0,0.0,0.0,0.0,0.0,0.0,0.0,0.0,0.0,0.0,0.0,0.0,0.0,0.0,0.0,0.0,2.004,-0.0,0.0,0.0,0.0,0.0,0.0,4981.0,-2.4229876163019057e+24,0.0,0.0,-107615296.0,-107615280.0,2.718429300292151e+23,0.0,0.0,0.0,0.0,53,-0.0,-0.0,0.0,0.0,0.0,0.0,0.0,0.0,0.0,0,0,0,0.0,0.0,0.0,0.0,0.0,0.0,0.0,0.0,0.0,0.0,0.0,0.0,0.0,0.0,0.0,0.0,0,-107875648.0,53,0.0,106,-107614832.0,0.0,ERR,ERR,ERR,ERR,ERR,ERR,ERR,ERR,ERR,ERR,ERR,ERR,ERR,ERR,ERR,ERR,ERR,ERR,ERR,ERR,ERR,ERR,ERR,ERR,ERR,ERR,ERR,ERR,ERR,ERR,ERR,ERR,ERR,ERR,ERR,ERR,ERR,ERR,ERR,ERR,ERR,ERR,ERR,ERR,ERR,ERR,ERR,ERR,ERR,ERR,ERR,ERR,ERR,ERR,ERR,ERR,ERR,ERR,ERR,ERR,ERR,ERR,ERR,ERR,ERR,ERR,ERR,50.0,60.0,100,0.0,0.0,0.0,0.0,0.0,0.0,0.0,0.0,0.0,0.0,0.0,0.0,0.0,0.0,0.0,0.0,61.6,74,14,65512,50,65476,0,300,0,0,8,20529,65476,0,0,26214,60.0,0.0,0.0,0.0,0.0,0.0
2026-05-17T18:26:54,ERR,ERR,ERR,ERR,ERR,ERR,ERR,ERR,ERR,ERR,ERR,ERR,ERR,ERR,ERR,ERR,ERR,ERR,ERR,ERR,ERR,ERR,ERR,ERR,ERR,ERR,ERR,ERR,ERR,ERR,ERR,ERR,ERR,ERR,ERR,ERR,ERR,ERR,ERR,ERR,ERR,ERR,ERR,ERR,ERR,ERR,ERR,ERR,ERR,ERR,ERR,ERR,ERR,ERR,ERR,ERR,ERR,ERR,ERR,ERR,ERR,ERR,ERR,ERR,ERR,ERR,ERR,ERR,ERR,ERR,ERR,ERR,ERR,ERR,ERR,ERR,ERR,ERR,ERR,ERR,ERR,ERR,ERR,ERR,ERR,ERR,ERR,ERR,ERR,ERR,ERR,ERR,ERR,ERR,ERR,ERR,ERR,ERR,ERR,ERR,ERR,ERR,ERR,ERR,ERR,ERR,ERR,ERR,ERR,ERR,ERR,ERR,ERR,ERR,ERR,ERR,ERR,ERR,ERR,ERR,ERR,ERR,ERR,ERR,ERR,0.0,0.0,0.0,0.0,0.0,1.3936040501711995e+18,7.805,0.0,0,0,4,0,8422,0.0,45,0.0,0.0,0.0,0.0,0.0,0,0,0,0,0.0,0,0,0,0,0,0,0,0,0,0,0,0,0,0,0,0,0,0,0,0,0,0,0,0,0,0,0,0,0,0,0,0,0,38,14,7,45,65476,0,300,0,0,8,21553,0.0,-107605600.0,0.0,0.0,0.0,0.0,0.0,0.0,0.0,0.0,0.0,0.0,0.0,0.0,0.0,0.0,0.0,0.0,0.0,0.0,0.0,0.0,0.0,2.004,-0.0,0.0,0.0,0.0,0.0,0.0,4981.0,-2.4229876163019057e+24,0.0,0.0,-107615296.0,-107615280.0,2.718429300292151e+23,0.0,0.0,0.0,0.0,53,-0.0,-0.0,0.0,0.0,0.0,0.0,0.0,0.0,0.0,0,0,0,0.0,0.0,0.0,0.0,0.0,0.0,0.0,0.0,0.0,0.0,0.0,0.0,0.0,0.0,0.0,0.0,0,-107875648.0,53,0.0,106,-107614832.0,0.0,ERR,ERR,ERR,ERR,ERR,ERR,ERR,ERR,ERR,ERR,ERR,ERR,ERR,ERR,ERR,ERR,ERR,ERR,ERR,ERR,ERR,ERR,ERR,ERR,ERR,ERR,ERR,ERR,ERR,ERR,ERR,ERR,ERR,ERR,ERR,ERR,ERR,ERR,ERR,ERR,ERR,ERR,ERR,ERR,ERR,ERR,ERR,ERR,ERR,ERR,ERR,ERR,ERR,ERR,ERR,ERR,ERR,ERR,ERR,ERR,ERR,ERR,ERR,ERR,ERR,ERR,ERR,50.0,60.0,100,0.0,0.0,0.0,0.0,0.0,0.0,0.0,0.0,0.0,0.0,0.0,0.0,0.0,0.0,0.0,0.0,61.6,74,14,65512,50,65476,0,300,0,0,8,20529,65476,0,0,26214,60.0,0.0,0.0,0.0,0.0,0.0
2026-05-17T18:26:55,ERR,ERR,ERR,ERR,ERR,ERR,ERR,ERR,ERR,ERR,ERR,ERR,ERR,ERR,ERR,ERR,ERR,ERR,ERR,ERR,ERR,ERR,ERR,ERR,ERR,ERR,ERR,ERR,ERR,ERR,ERR,ERR,ERR,ERR,ERR,ERR,ERR,ERR,ERR,ERR,ERR,ERR,ERR,ERR,ERR,ERR,ERR,ERR,ERR,ERR,ERR,ERR,ERR,ERR,ERR,ERR,ERR,ERR,ERR,ERR,ERR,ERR,ERR,ERR,ERR,ERR,ERR,ERR,ERR,ERR,ERR,ERR,ERR,ERR,ERR,ERR,ERR,ERR,ERR,ERR,ERR,ERR,ERR,ERR,ERR,ERR,ERR,ERR,ERR,ERR,ERR,ERR,ERR,ERR,ERR,ERR,ERR,ERR,ERR,ERR,ERR,ERR,ERR,ERR,ERR,ERR,ERR,ERR,ERR,ERR,ERR,ERR,ERR,ERR,ERR,ERR,ERR,ERR,ERR,ERR,ERR,ERR,ERR,ERR,ERR,0.0,0.0,0.0,0.0,0.0,1.3936040501711995e+18,7.805,0.0,0,0,4,0,8422,0.0,45,0.0,0.0,0.0,0.0,0.0,0,0,0,0,0.0,0,0,0,0,0,0,0,0,0,0,0,0,0,0,0,0,0,0,0,0,0,0,0,0,0,0,0,0,0,0,0,0,0,38,14,7,45,65476,0,300,0,0,8,21553,0.0,-107605600.0,0.0,0.0,0.0,0.0,0.0,0.0,0.0,0.0,0.0,0.0,0.0,0.0,0.0,0.0,0.0,0.0,0.0,0.0,0.0,0.0,0.0,2.004,-0.0,0.0,0.0,0.0,0.0,0.0,4981.0,-2.4229876163019057e+24,0.0,0.0,-107615296.0,-107615280.0,2.718429300292151e+23,0.0,0.0,0.0,0.0,53,-0.0,-0.0,0.0,0.0,0.0,0.0,0.0,0.0,0.0,0,0,0,0.0,0.0,0.0,0.0,0.0,0.0,0.0,0.0,0.0,0.0,0.0,0.0,0.0,0.0,0.0,0.0,0,-107875648.0,53,0.0,106,-107614832.0,0.0,ERR,ERR,ERR,ERR,ERR,ERR,ERR,ERR,ERR,ERR,ERR,ERR,ERR,ERR,ERR,ERR,ERR,ERR,ERR,ERR,ERR,ERR,ERR,ERR,ERR,ERR,ERR,ERR,ERR,ERR,ERR,ERR,ERR,ERR,ERR,ERR,ERR,ERR,ERR,ERR,ERR,ERR,ERR,ERR,ERR,ERR,ERR,ERR,ERR,ERR,ERR,ERR,ERR,ERR,ERR,ERR,ERR,ERR,ERR,ERR,ERR,ERR,ERR,ERR,ERR,ERR,ERR,50.0,60.0,100,0.0,0.0,0.0,0.0,0.0,0.0,0.0,0.0,0.0,0.0,0.0,0.0,0.0,0.0,0.0,0.0,61.6,74,14,65512,50,65476,0,300,0,0,8,20529,65476,0,0,26214,60.0,0.0,0.0,0.0,0.0,0.0
2026-05-17T18:26:56,ERR,ERR,ERR,ERR,ERR,ERR,ERR,ERR,ERR,ERR,ERR,ERR,ERR,ERR,ERR,ERR,ERR,ERR,ERR,ERR,ERR,ERR,ERR,ERR,ERR,ERR,ERR,ERR,ERR,ERR,ERR,ERR,ERR,ERR,ERR,ERR,ERR,ERR,ERR,ERR,ERR,ERR,ERR,ERR,ERR,ERR,ERR,ERR,ERR,ERR,ERR,ERR,ERR,ERR,ERR,ERR,ERR,ERR,ERR,ERR,ERR,ERR,ERR,ERR,ERR,ERR,ERR,ERR,ERR,ERR,ERR,ERR,ERR,ERR,ERR,ERR,ERR,ERR,ERR,ERR,ERR,ERR,ERR,ERR,ERR,ERR,ERR,ERR,ERR,ERR,ERR,ERR,ERR,ERR,ERR,ERR,ERR,ERR,ERR,ERR,ERR,ERR,ERR,ERR,ERR,ERR,ERR,ERR,ERR,ERR,ERR,ERR,ERR,ERR,ERR,ERR,ERR,ERR,ERR,ERR,ERR,ERR,ERR,ERR,ERR,0.0,0.0,0.0,0.0,0.0,1.3936040501711995e+18,7.805,0.0,0,0,4,0,8422,0.0,45,0.0,0.0,0.0,0.0,0.0,0,0,0,0,0.0,0,0,0,0,0,0,0,0,0,0,0,0,0,0,0,0,0,0,0,0,0,0,0,0,0,0,0,0,0,0,0,0,0,38,14,7,45,65476,0,300,0,0,8,21553,0.0,-107605600.0,0.0,0.0,0.0,0.0,0.0,0.0,0.0,0.0,0.0,0.0,0.0,0.0,0.0,0.0,0.0,0.0,0.0,0.0,0.0,0.0,0.0,2.004,-0.0,0.0,0.0,0.0,0.0,0.0,4981.0,-2.4229876163019057e+24,0.0,0.0,-107615296.0,-107615280.0,2.718429300292151e+23,0.0,0.0,0.0,0.0,53,-0.0,-0.0,0.0,0.0,0.0,0.0,0.0,0.0,0.0,0,0,0,0.0,0.0,0.0,0.0,0.0,0.0,0.0,0.0,0.0,0.0,0.0,0.0,0.0,0.0,0.0,0.0,0,-107875648.0,53,0.0,106,-107614832.0,0.0,ERR,ERR,ERR,ERR,ERR,ERR,ERR,ERR,ERR,ERR,ERR,ERR,ERR,ERR,ERR,ERR,ERR,ERR,ERR,ERR,ERR,ERR,ERR,ERR,ERR,ERR,ERR,ERR,ERR,ERR,ERR,ERR,ERR,ERR,ERR,ERR,ERR,ERR,ERR,ERR,ERR,ERR,ERR,ERR,ERR,ERR,ERR,ERR,ERR,ERR,ERR,ERR,ERR,ERR,ERR,ERR,ERR,ERR,ERR,ERR,ERR,ERR,ERR,ERR,ERR,ERR,ERR,50.0,60.0,100,0.0,0.0,0.0,0.0,0.0,0.0,0.0,0.0,0.0,0.0,0.0,0.0,0.0,0.0,0.0,0.0,61.6,74,14,65512,50,65476,0,300,0,0,8,20529,65476,0,0,26214,60.0,0.0,0.0,0.0,0.0,0.0
2026-05-17T18:26:57,ERR,ERR,ERR,ERR,ERR,ERR,ERR,ERR,ERR,ERR,ERR,ERR,ERR,ERR,ERR,ERR,ERR,ERR,ERR,ERR,ERR,ERR,ERR,ERR,ERR,ERR,ERR,ERR,ERR,ERR,ERR,ERR,ERR,ERR,ERR,ERR,ERR,ERR,ERR,ERR,ERR,ERR,ERR,ERR,ERR,ERR,ERR,ERR,ERR,ERR,ERR,ERR,ERR,ERR,ERR,ERR,ERR,ERR,ERR,ERR,ERR,ERR,ERR,ERR,ERR,ERR,ERR,ERR,ERR,ERR,ERR,ERR,ERR,ERR,ERR,ERR,ERR,ERR,ERR,ERR,ERR,ERR,ERR,ERR,ERR,ERR,ERR,ERR,ERR,ERR,ERR,ERR,ERR,ERR,ERR,ERR,ERR,ERR,ERR,ERR,ERR,ERR,ERR,ERR,ERR,ERR,ERR,ERR,ERR,ERR,ERR,ERR,ERR,ERR,ERR,ERR,ERR,ERR,ERR,ERR,ERR,ERR,ERR,ERR,ERR,0.0,0.0,0.0,0.0,0.0,1.3936040501711995e+18,7.805,0.0,0,0,4,0,8422,0.0,45,0.0,0.0,0.0,0.0,0.0,0,0,0,0,0.0,0,0,0,0,0,0,0,0,0,0,0,0,0,0,0,0,0,0,0,0,0,0,0,0,0,0,0,0,0,0,0,0,0,38,14,7,45,65476,0,300,0,0,8,21553,0.0,-107605600.0,0.0,0.0,0.0,0.0,0.0,0.0,0.0,0.0,0.0,0.0,0.0,0.0,0.0,0.0,0.0,0.0,0.0,0.0,0.0,0.0,0.0,0.0,-0.0,0.0,0.0,0.0,0.0,0.0,5016.0,0.0,0.0,0.0,0.0,-107615280.0,2.718429300292151e+23,0.0,0.0,0.0,0.0,53,-0.0,-107614776.0,0.0,0.0,0.0,0.0,0.0,0.0,0.0,0,0,0,0.0,0.0,0.0,0.0,0.0,0.0,0.0,0.0,0.0,0.0,0.0,0.0,0.0,0.0,0.0,0.0,0,-107875648.0,53,0.0,106,-107614832.0,0.0,ERR,ERR,ERR,ERR,ERR,ERR,ERR,ERR,ERR,ERR,ERR,ERR,ERR,ERR,ERR,ERR,ERR,ERR,ERR,ERR,ERR,ERR,ERR,ERR,ERR,ERR,ERR,ERR,ERR,ERR,ERR,ERR,ERR,ERR,ERR,ERR,ERR,ERR,ERR,ERR,ERR,ERR,ERR,ERR,ERR,ERR,ERR,ERR,ERR,ERR,ERR,ERR,ERR,ERR,ERR,ERR,ERR,ERR,ERR,ERR,ERR,ERR,ERR,ERR,ERR,ERR,ERR,50.0,60.0,100,0.0,0.0,0.0,0.0,0.0,0.0,0.0,0.0,0.0,0.0,0.0,0.0,0.0,0.0,0.0,0.0,61.6,74,14,65512,50,65476,0,300,0,0,8,20529,65476,0,0,26214,60.0,0.0,0.0,0.0,0.0,0.0
2026-05-17T18:26:58,ERR,ERR,ERR,ERR,ERR,ERR,ERR,ERR,ERR,ERR,ERR,ERR,ERR,ERR,ERR,ERR,ERR,ERR,ERR,ERR,ERR,ERR,ERR,ERR,ERR,ERR,ERR,ERR,ERR,ERR,ERR,ERR,ERR,ERR,ERR,ERR,ERR,ERR,ERR,ERR,ERR,ERR,ERR,ERR,ERR,ERR,ERR,ERR,ERR,ERR,ERR,ERR,ERR,ERR,ERR,ERR,ERR,ERR,ERR,ERR,ERR,ERR,ERR,ERR,ERR,ERR,ERR,ERR,ERR,ERR,ERR,ERR,ERR,ERR,ERR,ERR,ERR,ERR,ERR,ERR,ERR,ERR,ERR,ERR,ERR,ERR,ERR,ERR,ERR,ERR,ERR,ERR,ERR,ERR,ERR,ERR,ERR,ERR,ERR,ERR,ERR,ERR,ERR,ERR,ERR,ERR,ERR,ERR,ERR,ERR,ERR,ERR,ERR,ERR,ERR,ERR,ERR,ERR,ERR,ERR,ERR,ERR,ERR,ERR,ERR,0.0,0.0,0.0,0.0,0.0,1.3936040501711995e+18,7.805,0.0,0,0,4,0,8422,0.0,45,0.0,0.0,0.0,0.0,0.0,0,0,0,0,0.0,0,0,0,0,0,0,0,0,0,0,0,0,0,0,0,0,0,0,0,0,0,0,0,0,0,0,0,0,0,0,0,0,0,38,14,7,45,65476,0,300,0,0,8,21553,0.0,-107605600.0,0.0,0.0,0.0,0.0,0.0,0.0,0.0,0.0,0.0,0.0,0.0,0.0,0.0,0.0,0.0,0.0,0.0,0.0,0.0,0.0,0.0,0.0,-0.0,0.0,0.0,0.0,0.0,0.0,5016.0,0.0,0.0,0.0,0.0,-107615280.0,2.718429300292151e+23,0.0,0.0,0.0,0.0,53,-0.0,-107614776.0,0.0,0.0,0.0,0.0,0.0,0.0,0.0,0,0,0,0.0,0.0,0.0,0.0,0.0,0.0,0.0,0.0,0.0,0.0,0.0,0.0,0.0,0.0,0.0,0.0,0,-107875648.0,53,0.0,106,-107614832.0,0.0,ERR,ERR,ERR,ERR,ERR,ERR,ERR,ERR,ERR,ERR,ERR,ERR,ERR,ERR,ERR,ERR,ERR,ERR,ERR,ERR,ERR,ERR,ERR,ERR,ERR,ERR,ERR,ERR,ERR,ERR,ERR,ERR,ERR,ERR,ERR,ERR,ERR,ERR,ERR,ERR,ERR,ERR,ERR,ERR,ERR,ERR,ERR,ERR,ERR,ERR,ERR,ERR,ERR,ERR,ERR,ERR,ERR,ERR,ERR,ERR,ERR,ERR,ERR,ERR,ERR,ERR,ERR,50.0,60.0,100,0.0,0.0,0.0,0.0,0.0,0.0,0.0,0.0,0.0,0.0,0.0,0.0,0.0,0.0,0.0,0.0,61.6,74,14,65512,50,65476,0,300,0,0,8,20529,65476,0,0,26214,60.0,0.0,0.0,0.0,0.0,0.0
2026-05-17T18:26:59,ERR,ERR,ERR,ERR,ERR,ERR,ERR,ERR,ERR,ERR,ERR,ERR,ERR,ERR,ERR,ERR,ERR,ERR,ERR,ERR,ERR,ERR,ERR,ERR,ERR,ERR,ERR,ERR,ERR,ERR,ERR,ERR,ERR,ERR,ERR,ERR,ERR,ERR,ERR,ERR,ERR,ERR,ERR,ERR,ERR,ERR,ERR,ERR,ERR,ERR,ERR,ERR,ERR,ERR,ERR,ERR,ERR,ERR,ERR,ERR,ERR,ERR,ERR,ERR,ERR,ERR,ERR,ERR,ERR,ERR,ERR,ERR,ERR,ERR,ERR,ERR,ERR,ERR,ERR,ERR,ERR,ERR,ERR,ERR,ERR,ERR,ERR,ERR,ERR,ERR,ERR,ERR,ERR,ERR,ERR,ERR,ERR,ERR,ERR,ERR,ERR,ERR,ERR,ERR,ERR,ERR,ERR,ERR,ERR,ERR,ERR,ERR,ERR,ERR,ERR,ERR,ERR,ERR,ERR,ERR,ERR,ERR,ERR,ERR,ERR,0.0,0.0,0.0,0.0,0.0,1.3936040501711995e+18,7.805,0.0,0,0,4,0,8422,0.0,45,0.0,0.0,0.0,0.0,0.0,0,0,0,0,0.0,0,0,0,0,0,0,0,0,0,0,0,0,0,0,0,0,0,0,0,0,0,0,0,0,0,0,0,0,0,0,0,0,0,38,14,7,45,65476,0,300,0,0,8,21553,0.0,-107605600.0,0.0,0.0,0.0,0.0,0.0,0.0,0.0,0.0,0.0,0.0,0.0,0.0,0.0,0.0,0.0,0.0,0.0,0.0,0.0,0.0,0.0,0.0,-0.0,0.0,0.0,0.0,0.0,0.0,5016.0,0.0,0.0,0.0,0.0,-107615280.0,2.718429300292151e+23,0.0,0.0,0.0,0.0,53,-0.0,-107614776.0,0.0,0.0,0.0,0.0,0.0,0.0,0.0,0,0,0,0.0,0.0,0.0,0.0,0.0,0.0,0.0,0.0,0.0,0.0,0.0,0.0,0.0,0.0,0.0,0.0,0,-107875648.0,53,0.0,106,-107614832.0,0.0,ERR,ERR,ERR,ERR,ERR,ERR,ERR,ERR,ERR,ERR,ERR,ERR,ERR,ERR,ERR,ERR,ERR,ERR,ERR,ERR,ERR,ERR,ERR,ERR,ERR,ERR,ERR,ERR,ERR,ERR,ERR,ERR,ERR,ERR,ERR,ERR,ERR,ERR,ERR,ERR,ERR,ERR,ERR,ERR,ERR,ERR,ERR,ERR,ERR,ERR,ERR,ERR,ERR,ERR,ERR,ERR,ERR,ERR,ERR,ERR,ERR,ERR,ERR,ERR,ERR,ERR,ERR,50.0,60.0,100,0.0,0.0,0.0,0.0,0.0,0.0,0.0,0.0,0.0,0.0,0.0,0.0,0.0,0.0,0.0,0.0,61.6,74,14,65512,50,65476,0,300,0,0,8,20529,65476,0,0,26214,60.0,0.0,0.0,0.0,0.0,0.0
2026-05-17T18:27:00,ERR,ERR,ERR,ERR,ERR,ERR,ERR,ERR,ERR,ERR,ERR,ERR,ERR,ERR,ERR,ERR,ERR,ERR,ERR,ERR,ERR,ERR,ERR,ERR,ERR,ERR,ERR,ERR,ERR,ERR,ERR,ERR,ERR,ERR,ERR,ERR,ERR,ERR,ERR,ERR,ERR,ERR,ERR,ERR,ERR,ERR,ERR,ERR,ERR,ERR,ERR,ERR,ERR,ERR,ERR,ERR,ERR,ERR,ERR,ERR,ERR,ERR,ERR,ERR,ERR,ERR,ERR,ERR,ERR,ERR,ERR,ERR,ERR,ERR,ERR,ERR,ERR,ERR,ERR,ERR,ERR,ERR,ERR,ERR,ERR,ERR,ERR,ERR,ERR,ERR,ERR,ERR,ERR,ERR,ERR,ERR,ERR,ERR,ERR,ERR,ERR,ERR,ERR,ERR,ERR,ERR,ERR,ERR,ERR,ERR,ERR,ERR,ERR,ERR,ERR,ERR,ERR,ERR,ERR,ERR,ERR,ERR,ERR,ERR,ERR,0.0,0.0,0.0,0.0,0.0,1.3936040501711995e+18,7.805,0.0,0,0,4,0,8422,0.0,45,0.0,0.0,0.0,0.0,0.0,0,0,0,0,0.0,0,0,0,0,0,0,0,0,0,0,0,0,0,0,0,0,0,0,0,0,0,0,0,0,0,0,0,0,0,0,0,0,0,38,14,7,45,65476,0,300,0,0,8,21553,0.0,-107605600.0,0.0,0.0,0.0,0.0,0.0,0.0,0.0,0.0,0.0,0.0,0.0,0.0,0.0,0.0,0.0,0.0,0.0,0.0,0.0,0.0,0.0,0.0,-0.0,0.0,0.0,0.0,0.0,0.0,5016.0,0.0,0.0,0.0,0.0,-107615280.0,2.718429300292151e+23,0.0,0.0,0.0,0.0,53,-0.0,-107614776.0,0.0,0.0,0.0,0.0,0.0,0.0,0.0,0,0,0,0.0,0.0,0.0,0.0,0.0,0.0,0.0,0.0,0.0,0.0,0.0,0.0,0.0,0.0,0.0,0.0,0,-107875648.0,53,0.0,106,-107614832.0,0.0,ERR,ERR,ERR,ERR,ERR,ERR,ERR,ERR,ERR,ERR,ERR,ERR,ERR,ERR,ERR,ERR,ERR,ERR,ERR,ERR,ERR,ERR,ERR,ERR,ERR,ERR,ERR,ERR,ERR,ERR,ERR,ERR,ERR,ERR,ERR,ERR,ERR,ERR,ERR,ERR,ERR,ERR,ERR,ERR,ERR,ERR,ERR,ERR,ERR,ERR,ERR,ERR,ERR,ERR,ERR,ERR,ERR,ERR,ERR,ERR,ERR,ERR,ERR,ERR,ERR,ERR,ERR,50.0,60.0,100,0.0,0.0,0.0,0.0,0.0,0.0,0.0,0.0,0.0,0.0,0.0,0.0,0.0,0.0,0.0,0.0,62.0,74,14,65512,50,65476,0,300,0,0,8,20529,65476,0,0,26214,60.0,0.0,0.0,0.0,0.0,0.0
2026-05-17T18:27:01,ERR,ERR,ERR,ERR,ERR,ERR,ERR,ERR,ERR,ERR,ERR,ERR,ERR,ERR,ERR,ERR,ERR,ERR,ERR,ERR,ERR,ERR,ERR,ERR,ERR,ERR,ERR,ERR,ERR,ERR,ERR,ERR,ERR,ERR,ERR,ERR,ERR,ERR,ERR,ERR,ERR,ERR,ERR,ERR,ERR,ERR,ERR,ERR,ERR,ERR,ERR,ERR,ERR,ERR,ERR,ERR,ERR,ERR,ERR,ERR,ERR,ERR,ERR,ERR,ERR,ERR,ERR,ERR,ERR,ERR,ERR,ERR,ERR,ERR,ERR,ERR,ERR,ERR,ERR,ERR,ERR,ERR,ERR,ERR,ERR,ERR,ERR,ERR,ERR,ERR,ERR,ERR,ERR,ERR,ERR,ERR,ERR,ERR,ERR,ERR,ERR,ERR,ERR,ERR,ERR,ERR,ERR,ERR,ERR,ERR,ERR,ERR,ERR,ERR,ERR,ERR,ERR,ERR,ERR,ERR,ERR,ERR,ERR,ERR,ERR,0.0,0.0,0.0,0.0,0.0,1.3936040501711995e+18,7.805,0.0,0,0,4,0,8422,0.0,45,0.0,0.0,0.0,0.0,0.0,0,0,0,0,0.0,0,0,0,0,0,0,0,0,0,0,0,0,0,0,0,0,0,0,0,0,0,0,0,0,0,0,0,0,0,0,0,0,0,38,14,7,45,65476,0,300,0,0,8,21553,0.0,-107605600.0,0.0,0.0,0.0,0.0,0.0,0.0,0.0,0.0,0.0,0.0,0.0,0.0,0.0,0.0,0.0,0.0,0.0,0.0,0.0,0.0,0.0,0.0,-0.0,0.0,0.0,0.0,0.0,0.0,5016.0,0.0,0.0,0.0,0.0,-107615280.0,2.718429300292151e+23,0.0,0.0,0.0,0.0,53,-0.0,-107614776.0,0.0,0.0,0.0,0.0,0.0,0.0,0.0,0,0,0,0.0,0.0,0.0,0.0,0.0,0.0,0.0,0.0,0.0,0.0,0.0,0.0,0.0,0.0,0.0,0.0,0,-107875648.0,53,0.0,106,-107614832.0,0.0,ERR,ERR,ERR,ERR,ERR,ERR,ERR,ERR,ERR,ERR,ERR,ERR,ERR,ERR,ERR,ERR,ERR,ERR,ERR,ERR,ERR,ERR,ERR,ERR,ERR,ERR,ERR,ERR,ERR,ERR,ERR,ERR,ERR,ERR,ERR,ERR,ERR,ERR,ERR,ERR,ERR,ERR,ERR,ERR,ERR,ERR,ERR,ERR,ERR,ERR,ERR,ERR,ERR,ERR,ERR,ERR,ERR,ERR,ERR,ERR,ERR,ERR,ERR,ERR,ERR,ERR,ERR,50.0,60.0,100,0.0,0.0,0.0,0.0,0.0,0.0,0.0,0.0,0.0,0.0,0.0,0.0,0.0,0.0,0.0,0.0,62.0,74,14,65512,50,65476,0,300,0,0,8,20529,65476,0,0,26214,60.0,0.0,0.0,0.0,0.0,0.0
2026-05-17T18:27:02,ERR,ERR,ERR,ERR,ERR,ERR,ERR,ERR,ERR,ERR,ERR,ERR,ERR,ERR,ERR,ERR,ERR,ERR,ERR,ERR,ERR,ERR,ERR,ERR,ERR,ERR,ERR,ERR,ERR,ERR,ERR,ERR,ERR,ERR,ERR,ERR,ERR,ERR,ERR,ERR,ERR,ERR,ERR,ERR,ERR,ERR,ERR,ERR,ERR,ERR,ERR,ERR,ERR,ERR,ERR,ERR,ERR,ERR,ERR,ERR,ERR,ERR,ERR,ERR,ERR,ERR,ERR,ERR,ERR,ERR,ERR,ERR,ERR,ERR,ERR,ERR,ERR,ERR,ERR,ERR,ERR,ERR,ERR,ERR,ERR,ERR,ERR,ERR,ERR,ERR,ERR,ERR,ERR,ERR,ERR,ERR,ERR,ERR,ERR,ERR,ERR,ERR,ERR,ERR,ERR,ERR,ERR,ERR,ERR,ERR,ERR,ERR,ERR,ERR,ERR,ERR,ERR,ERR,ERR,ERR,ERR,ERR,ERR,ERR,ERR,0.0,0.0,0.0,0.0,0.0,1.3936040501711995e+18,7.805,0.0,0,0,4,0,8422,0.0,45,0.0,0.0,0.0,0.0,0.0,0,0,0,0,0.0,0,0,0,0,0,0,0,0,0,0,0,0,0,0,0,0,0,0,0,0,0,0,0,0,0,0,0,0,0,0,0,0,0,38,14,7,45,65476,0,300,0,0,8,21553,0.0,-107605600.0,0.0,0.0,0.0,0.0,0.0,0.0,0.0,0.0,0.0,0.0,0.0,0.0,0.0,0.0,0.0,0.0,0.0,0.0,0.0,0.0,0.0,2.004,-0.0,0.0,0.0,0.0,0.0,0.0,4983.0,-1.0406652570629681e+34,0.0,0.0,0.0,-107615280.0,2.718429300292151e+23,0.0,0.0,0.0,0.0,53,-0.0,-0.0,0.0,0.0,0.0,0.0,0.0,0.0,0.0,0,0,0,0.0,0.0,0.0,0.0,0.0,0.0,0.0,0.0,0.0,0.0,0.0,0.0,0.0,0.0,0.0,0.0,0,-107875648.0,53,0.0,106,-107614832.0,0.0,ERR,ERR,ERR,ERR,ERR,ERR,ERR,ERR,ERR,ERR,ERR,ERR,ERR,ERR,ERR,ERR,ERR,ERR,ERR,ERR,ERR,ERR,ERR,ERR,ERR,ERR,ERR,ERR,ERR,ERR,ERR,ERR,ERR,ERR,ERR,ERR,ERR,ERR,ERR,ERR,ERR,ERR,ERR,ERR,ERR,ERR,ERR,ERR,ERR,ERR,ERR,ERR,ERR,ERR,ERR,ERR,ERR,ERR,ERR,ERR,ERR,ERR,ERR,ERR,ERR,ERR,ERR,50.0,60.0,100,0.0,0.0,0.0,0.0,0.0,0.0,0.0,0.0,0.0,0.0,0.0,0.0,0.0,0.0,0.0,0.0,62.0,74,14,65512,50,65476,0,300,0,0,8,20529,65476,0,0,26214,60.0,0.0,0.0,0.0,0.0,0.0
2026-05-17T18:27:03,ERR,ERR,ERR,ERR,ERR,ERR,ERR,ERR,ERR,ERR,ERR,ERR,ERR,ERR,ERR,ERR,ERR,ERR,ERR,ERR,ERR,ERR,ERR,ERR,ERR,ERR,ERR,ERR,ERR,ERR,ERR,ERR,ERR,ERR,ERR,ERR,ERR,ERR,ERR,ERR,ERR,ERR,ERR,ERR,ERR,ERR,ERR,ERR,ERR,ERR,ERR,ERR,ERR,ERR,ERR,ERR,ERR,ERR,ERR,ERR,ERR,ERR,ERR,ERR,ERR,ERR,ERR,ERR,ERR,ERR,ERR,ERR,ERR,ERR,ERR,ERR,ERR,ERR,ERR,ERR,ERR,ERR,ERR,ERR,ERR,ERR,ERR,ERR,ERR,ERR,ERR,ERR,ERR,ERR,ERR,ERR,ERR,ERR,ERR,ERR,ERR,ERR,ERR,ERR,ERR,ERR,ERR,ERR,ERR,ERR,ERR,ERR,ERR,ERR,ERR,ERR,ERR,ERR,ERR,ERR,ERR,ERR,ERR,ERR,ERR,0.0,0.0,0.0,0.0,0.0,1.3936040501711995e+18,7.805,0.0,0,0,4,0,8422,0.0,45,0.0,0.0,0.0,0.0,0.0,0,0,0,0,0.0,0,0,0,0,0,0,0,0,0,0,0,0,0,0,0,0,0,0,0,0,0,0,0,0,0,0,0,0,0,0,0,0,0,38,14,7,45,65476,0,300,0,0,8,21553,0.0,-107605600.0,0.0,0.0,0.0,0.0,0.0,0.0,0.0,0.0,0.0,0.0,0.0,0.0,0.0,0.0,0.0,0.0,0.0,0.0,0.0,0.0,0.0,2.004,-0.0,0.0,0.0,0.0,0.0,0.0,4983.0,-1.0406652570629681e+34,0.0,0.0,0.0,-107615280.0,2.718429300292151e+23,0.0,0.0,0.0,0.0,53,-0.0,-0.0,0.0,0.0,0.0,0.0,0.0,0.0,0.0,0,0,0,0.0,0.0,0.0,0.0,0.0,0.0,0.0,0.0,0.0,0.0,0.0,0.0,0.0,0.0,0.0,0.0,0,-107875648.0,53,0.0,106,-107614832.0,0.0,ERR,ERR,ERR,ERR,ERR,ERR,ERR,ERR,ERR,ERR,ERR,ERR,ERR,ERR,ERR,ERR,ERR,ERR,ERR,ERR,ERR,ERR,ERR,ERR,ERR,ERR,ERR,ERR,ERR,ERR,ERR,ERR,ERR,ERR,ERR,ERR,ERR,ERR,ERR,ERR,ERR,ERR,ERR,ERR,ERR,ERR,ERR,ERR,ERR,ERR,ERR,ERR,ERR,ERR,ERR,ERR,ERR,ERR,ERR,ERR,ERR,ERR,ERR,ERR,ERR,ERR,ERR,50.0,60.0,100,0.0,0.0,0.0,0.0,0.0,0.0,0.0,0.0,0.0,0.0,0.0,0.0,0.0,0.0,0.0,0.0,61.6,74,14,65512,50,65476,0,300,0,0,8,20529,65476,0,0,26214,60.0,0.0,0.0,0.0,0.0,0.0
2026-05-17T18:27:04,ERR,ERR,ERR,ERR,ERR,ERR,ERR,ERR,ERR,ERR,ERR,ERR,ERR,ERR,ERR,ERR,ERR,ERR,ERR,ERR,ERR,ERR,ERR,ERR,ERR,ERR,ERR,ERR,ERR,ERR,ERR,ERR,ERR,ERR,ERR,ERR,ERR,ERR,ERR,ERR,ERR,ERR,ERR,ERR,ERR,ERR,ERR,ERR,ERR,ERR,ERR,ERR,ERR,ERR,ERR,ERR,ERR,ERR,ERR,ERR,ERR,ERR,ERR,ERR,ERR,ERR,ERR,ERR,ERR,ERR,ERR,ERR,ERR,ERR,ERR,ERR,ERR,ERR,ERR,ERR,ERR,ERR,ERR,ERR,ERR,ERR,ERR,ERR,ERR,ERR,ERR,ERR,ERR,ERR,ERR,ERR,ERR,ERR,ERR,ERR,ERR,ERR,ERR,ERR,ERR,ERR,ERR,ERR,ERR,ERR,ERR,ERR,ERR,ERR,ERR,ERR,ERR,ERR,ERR,ERR,ERR,ERR,ERR,ERR,ERR,0.0,0.0,0.0,0.0,0.0,1.3936040501711995e+18,7.805,0.0,0,0,4,0,8422,0.0,45,0.0,0.0,0.0,0.0,0.0,0,0,0,0,0.0,0,0,0,0,0,0,0,0,0,0,0,0,0,0,0,0,0,0,0,0,0,0,0,0,0,0,0,0,0,0,0,0,0,38,14,7,45,65476,0,300,0,0,8,21553,0.0,-107605600.0,0.0,0.0,0.0,0.0,0.0,0.0,0.0,0.0,0.0,0.0,0.0,0.0,0.0,0.0,0.0,0.0,0.0,0.0,0.0,0.0,0.0,2.004,-0.0,0.0,0.0,0.0,0.0,0.0,4983.0,-1.0406652570629681e+34,0.0,0.0,0.0,-107615280.0,2.718429300292151e+23,0.0,0.0,0.0,0.0,53,-0.0,-0.0,0.0,0.0,0.0,0.0,0.0,0.0,0.0,0,0,0,0.0,0.0,0.0,0.0,0.0,0.0,0.0,0.0,0.0,0.0,0.0,0.0,0.0,0.0,0.0,0.0,0,-107875648.0,53,0.0,106,-107614832.0,0.0,ERR,ERR,ERR,ERR,ERR,ERR,ERR,ERR,ERR,ERR,ERR,ERR,ERR,ERR,ERR,ERR,ERR,ERR,ERR,ERR,ERR,ERR,ERR,ERR,ERR,ERR,ERR,ERR,ERR,ERR,ERR,ERR,ERR,ERR,ERR,ERR,ERR,ERR,ERR,ERR,ERR,ERR,ERR,ERR,ERR,ERR,ERR,ERR,ERR,ERR,ERR,ERR,ERR,ERR,ERR,ERR,ERR,ERR,ERR,ERR,ERR,ERR,ERR,ERR,ERR,ERR,ERR,50.0,60.0,100,0.0,0.0,0.0,0.0,0.0,0.0,0.0,0.0,0.0,0.0,0.0,0.0,0.0,0.0,0.0,0.0,61.6,74,14,65512,50,65476,0,300,0,0,8,20529,65476,0,0,26214,60.0,0.0,0.0,0.0,0.0,0.0
2026-05-17T18:27:05,ERR,ERR,ERR,ERR,ERR,ERR,ERR,ERR,ERR,ERR,ERR,ERR,ERR,ERR,ERR,ERR,ERR,ERR,ERR,ERR,ERR,ERR,ERR,ERR,ERR,ERR,ERR,ERR,ERR,ERR,ERR,ERR,ERR,ERR,ERR,ERR,ERR,ERR,ERR,ERR,ERR,ERR,ERR,ERR,ERR,ERR,ERR,ERR,ERR,ERR,ERR,ERR,ERR,ERR,ERR,ERR,ERR,ERR,ERR,ERR,ERR,ERR,ERR,ERR,ERR,ERR,ERR,ERR,ERR,ERR,ERR,ERR,ERR,ERR,ERR,ERR,ERR,ERR,ERR,ERR,ERR,ERR,ERR,ERR,ERR,ERR,ERR,ERR,ERR,ERR,ERR,ERR,ERR,ERR,ERR,ERR,ERR,ERR,ERR,ERR,ERR,ERR,ERR,ERR,ERR,ERR,ERR,ERR,ERR,ERR,ERR,ERR,ERR,ERR,ERR,ERR,ERR,ERR,ERR,ERR,ERR,ERR,ERR,ERR,ERR,0.0,0.0,0.0,0.0,0.0,1.3936040501711995e+18,7.805,0.0,0,0,4,0,8422,0.0,45,0.0,0.0,0.0,0.0,0.0,0,0,0,0,0.0,0,0,0,0,0,0,0,0,0,0,0,0,0,0,0,0,0,0,0,0,0,0,0,0,0,0,0,0,0,0,0,0,0,38,14,7,45,65476,0,300,0,0,8,21553,0.0,-107605600.0,0.0,0.0,0.0,0.0,0.0,0.0,0.0,0.0,0.0,0.0,0.0,0.0,0.0,0.0,0.0,0.0,0.0,0.0,0.0,0.0,0.0,2.004,-0.0,0.0,0.0,0.0,0.0,0.0,4983.0,-1.0406652570629681e+34,0.0,0.0,0.0,-107615280.0,2.718429300292151e+23,0.0,0.0,0.0,0.0,53,-0.0,-0.0,0.0,0.0,0.0,0.0,0.0,0.0,0.0,0,0,0,0.0,0.0,0.0,0.0,0.0,0.0,0.0,0.0,0.0,0.0,0.0,0.0,0.0,0.0,0.0,0.0,0,-107875648.0,53,0.0,106,-107614832.0,0.0,ERR,ERR,ERR,ERR,ERR,ERR,ERR,ERR,ERR,ERR,ERR,ERR,ERR,ERR,ERR,ERR,ERR,ERR,ERR,ERR,ERR,ERR,ERR,ERR,ERR,ERR,ERR,ERR,ERR,ERR,ERR,ERR,ERR,ERR,ERR,ERR,ERR,ERR,ERR,ERR,ERR,ERR,ERR,ERR,ERR,ERR,ERR,ERR,ERR,ERR,ERR,ERR,ERR,ERR,ERR,ERR,ERR,ERR,ERR,ERR,ERR,ERR,ERR,ERR,ERR,ERR,ERR,50.0,60.0,100,0.0,0.0,0.0,0.0,0.0,0.0,0.0,0.0,0.0,0.0,0.0,0.0,0.0,0.0,0.0,0.0,62.0,74,14,65512,50,65476,0,300,0,0,8,20529,65476,0,0,26214,60.0,0.0,0.0,0.0,0.0,0.0
2026-05-17T18:27:06,ERR,ERR,ERR,ERR,ERR,ERR,ERR,ERR,ERR,ERR,ERR,ERR,ERR,ERR,ERR,ERR,ERR,ERR,ERR,ERR,ERR,ERR,ERR,ERR,ERR,ERR,ERR,ERR,ERR,ERR,ERR,ERR,ERR,ERR,ERR,ERR,ERR,ERR,ERR,ERR,ERR,ERR,ERR,ERR,ERR,ERR,ERR,ERR,ERR,ERR,ERR,ERR,ERR,ERR,ERR,ERR,ERR,ERR,ERR,ERR,ERR,ERR,ERR,ERR,ERR,ERR,ERR,ERR,ERR,ERR,ERR,ERR,ERR,ERR,ERR,ERR,ERR,ERR,ERR,ERR,ERR,ERR,ERR,ERR,ERR,ERR,ERR,ERR,ERR,ERR,ERR,ERR,ERR,ERR,ERR,ERR,ERR,ERR,ERR,ERR,ERR,ERR,ERR,ERR,ERR,ERR,ERR,ERR,ERR,ERR,ERR,ERR,ERR,ERR,ERR,ERR,ERR,ERR,ERR,ERR,ERR,ERR,ERR,ERR,ERR,0.0,0.0,0.0,0.0,0.0,1.3936040501711995e+18,7.805,0.0,0,0,4,0,8422,0.0,45,0.0,0.0,0.0,0.0,0.0,0,0,0,0,0.0,0,0,0,0,0,0,0,0,0,0,0,0,0,0,0,0,0,0,0,0,0,0,0,0,0,0,0,0,0,0,0,0,0,38,14,7,45,65476,0,300,0,0,8,21553,0.0,-107605600.0,0.0,0.0,0.0,0.0,0.0,0.0,0.0,0.0,0.0,0.0,0.0,0.0,0.0,0.0,0.0,0.0,0.0,0.0,0.0,0.0,0.0,2.004,-0.0,0.0,0.0,0.0,0.0,0.0,4983.0,-1.0406652570629681e+34,0.0,0.0,0.0,-107615280.0,2.718429300292151e+23,0.0,0.0,0.0,0.0,53,-0.0,-0.0,0.0,0.0,0.0,0.0,0.0,0.0,0.0,0,0,0,0.0,0.0,0.0,0.0,0.0,0.0,0.0,0.0,0.0,0.0,0.0,0.0,0.0,0.0,0.0,0.0,0,-107875648.0,53,0.0,106,-107614832.0,0.0,ERR,ERR,ERR,ERR,ERR,ERR,ERR,ERR,ERR,ERR,ERR,ERR,ERR,ERR,ERR,ERR,ERR,ERR,ERR,ERR,ERR,ERR,ERR,ERR,ERR,ERR,ERR,ERR,ERR,ERR,ERR,ERR,ERR,ERR,ERR,ERR,ERR,ERR,ERR,ERR,ERR,ERR,ERR,ERR,ERR,ERR,ERR,ERR,ERR,ERR,ERR,ERR,ERR,ERR,ERR,ERR,ERR,ERR,ERR,ERR,ERR,ERR,ERR,ERR,ERR,ERR,ERR,50.0,60.0,100,0.0,0.0,0.0,0.0,0.0,0.0,0.0,0.0,0.0,0.0,0.0,0.0,0.0,0.0,0.0,0.0,62.0,74,14,65512,50,65476,0,300,0,0,8,20529,65476,0,0,26214,60.0,0.0,0.0,0.0,0.0,0.0
2026-05-17T18:27:07,ERR,ERR,ERR,ERR,ERR,ERR,ERR,ERR,ERR,ERR,ERR,ERR,ERR,ERR,ERR,ERR,ERR,ERR,ERR,ERR,ERR,ERR,ERR,ERR,ERR,ERR,ERR,ERR,ERR,ERR,ERR,ERR,ERR,ERR,ERR,ERR,ERR,ERR,ERR,ERR,ERR,ERR,ERR,ERR,ERR,ERR,ERR,ERR,ERR,ERR,ERR,ERR,ERR,ERR,ERR,ERR,ERR,ERR,ERR,ERR,ERR,ERR,ERR,ERR,ERR,ERR,ERR,ERR,ERR,ERR,ERR,ERR,ERR,ERR,ERR,ERR,ERR,ERR,ERR,ERR,ERR,ERR,ERR,ERR,ERR,ERR,ERR,ERR,ERR,ERR,ERR,ERR,ERR,ERR,ERR,ERR,ERR,ERR,ERR,ERR,ERR,ERR,ERR,ERR,ERR,ERR,ERR,ERR,ERR,ERR,ERR,ERR,ERR,ERR,ERR,ERR,ERR,ERR,ERR,ERR,ERR,ERR,ERR,ERR,ERR,0.0,0.0,0.0,0.0,0.0,1.3936040501711995e+18,7.805,0.0,0,0,4,0,8422,0.0,45,0.0,0.0,0.0,0.0,0.0,0,0,0,0,0.0,0,0,0,0,0,0,0,0,0,0,0,0,0,0,0,0,0,0,0,0,0,0,0,0,0,0,0,0,0,0,0,0,0,38,14,7,45,65476,0,300,0,0,8,21553,0.0,-107605600.0,0.0,0.0,0.0,0.0,0.0,0.0,0.0,0.0,0.0,0.0,0.0,0.0,0.0,0.0,0.0,0.0,0.0,0.0,0.0,0.0,0.0,2.004,-0.0,0.0,0.0,0.0,0.0,0.0,4979.0,-0.0,0.0,0.0,-107615296.0,-107615280.0,2.718429300292151e+23,0.0,0.0,0.0,0.0,53,4.950428597886765e+32,126840528896.0,0.0,0.0,0.0,0.0,0.0,0.0,0.0,0,0,0,0.0,0.0,0.0,0.0,0.0,0.0,0.0,0.0,0.0,0.0,0.0,0.0,0.0,0.0,0.0,0.0,0,-107875648.0,53,0.0,106,-107614832.0,0.0,ERR,ERR,ERR,ERR,ERR,ERR,ERR,ERR,ERR,ERR,ERR,ERR,ERR,ERR,ERR,ERR,ERR,ERR,ERR,ERR,ERR,ERR,ERR,ERR,ERR,ERR,ERR,ERR,ERR,ERR,ERR,ERR,ERR,ERR,ERR,ERR,ERR,ERR,ERR,ERR,ERR,ERR,ERR,ERR,ERR,ERR,ERR,ERR,ERR,ERR,ERR,ERR,ERR,ERR,ERR,ERR,ERR,ERR,ERR,ERR,ERR,ERR,ERR,ERR,ERR,ERR,ERR,50.0,60.0,100,0.0,0.0,0.0,0.0,0.0,0.0,0.0,0.0,0.0,0.0,0.0,0.0,0.0,0.0,0.0,0.0,61.6,74,14,65512,50,65476,0,300,0,0,8,20529,65476,0,0,26214,60.0,0.0,0.0,0.0,0.0,0.0
2026-05-17T18:27:08,ERR,ERR,ERR,ERR,ERR,ERR,ERR,ERR,ERR,ERR,ERR,ERR,ERR,ERR,ERR,ERR,ERR,ERR,ERR,ERR,ERR,ERR,ERR,ERR,ERR,ERR,ERR,ERR,ERR,ERR,ERR,ERR,ERR,ERR,ERR,ERR,ERR,ERR,ERR,ERR,ERR,ERR,ERR,ERR,ERR,ERR,ERR,ERR,ERR,ERR,ERR,ERR,ERR,ERR,ERR,ERR,ERR,ERR,ERR,ERR,ERR,ERR,ERR,ERR,ERR,ERR,ERR,ERR,ERR,ERR,ERR,ERR,ERR,ERR,ERR,ERR,ERR,ERR,ERR,ERR,ERR,ERR,ERR,ERR,ERR,ERR,ERR,ERR,ERR,ERR,ERR,ERR,ERR,ERR,ERR,ERR,ERR,ERR,ERR,ERR,ERR,ERR,ERR,ERR,ERR,ERR,ERR,ERR,ERR,ERR,ERR,ERR,ERR,ERR,ERR,ERR,ERR,ERR,ERR,ERR,ERR,ERR,ERR,ERR,ERR,0.0,0.0,0.0,0.0,0.0,1.3936040501711995e+18,7.805,0.0,0,0,4,0,8422,0.0,45,0.0,0.0,0.0,0.0,0.0,0,0,0,0,0.0,0,0,0,0,0,0,0,0,0,0,0,0,0,0,0,0,0,0,0,0,0,0,0,0,0,0,0,0,0,0,0,0,0,38,14,7,45,65476,0,300,0,0,8,21553,0.0,-107605600.0,0.0,0.0,0.0,0.0,0.0,0.0,0.0,0.0,0.0,0.0,0.0,0.0,0.0,0.0,0.0,0.0,0.0,0.0,0.0,0.0,0.0,2.004,-0.0,0.0,0.0,0.0,0.0,0.0,4979.0,-0.0,0.0,0.0,-107615296.0,-107615280.0,2.718429300292151e+23,0.0,0.0,0.0,0.0,53,4.950428597886765e+32,126840528896.0,0.0,0.0,0.0,0.0,0.0,0.0,0.0,0,0,0,0.0,0.0,0.0,0.0,0.0,0.0,0.0,0.0,0.0,0.0,0.0,0.0,0.0,0.0,0.0,0.0,0,-107875648.0,53,0.0,106,-107614832.0,0.0,ERR,ERR,ERR,ERR,ERR,ERR,ERR,ERR,ERR,ERR,ERR,ERR,ERR,ERR,ERR,ERR,ERR,ERR,ERR,ERR,ERR,ERR,ERR,ERR,ERR,ERR,ERR,ERR,ERR,ERR,ERR,ERR,ERR,ERR,ERR,ERR,ERR,ERR,ERR,ERR,ERR,ERR,ERR,ERR,ERR,ERR,ERR,ERR,ERR,ERR,ERR,ERR,ERR,ERR,ERR,ERR,ERR,ERR,ERR,ERR,ERR,ERR,ERR,ERR,ERR,ERR,ERR,50.0,60.0,100,0.0,0.0,0.0,0.0,0.0,0.0,0.0,0.0,0.0,0.0,0.0,0.0,0.0,0.0,0.0,0.0,61.6,74,14,65512,50,65476,0,300,0,0,8,20529,65476,0,0,26214,60.0,0.0,0.0,0.0,0.0,0.0
2026-05-17T18:27:09,ERR,ERR,ERR,ERR,ERR,ERR,ERR,ERR,ERR,ERR,ERR,ERR,ERR,ERR,ERR,ERR,ERR,ERR,ERR,ERR,ERR,ERR,ERR,ERR,ERR,ERR,ERR,ERR,ERR,ERR,ERR,ERR,ERR,ERR,ERR,ERR,ERR,ERR,ERR,ERR,ERR,ERR,ERR,ERR,ERR,ERR,ERR,ERR,ERR,ERR,ERR,ERR,ERR,ERR,ERR,ERR,ERR,ERR,ERR,ERR,ERR,ERR,ERR,ERR,ERR,ERR,ERR,ERR,ERR,ERR,ERR,ERR,ERR,ERR,ERR,ERR,ERR,ERR,ERR,ERR,ERR,ERR,ERR,ERR,ERR,ERR,ERR,ERR,ERR,ERR,ERR,ERR,ERR,ERR,ERR,ERR,ERR,ERR,ERR,ERR,ERR,ERR,ERR,ERR,ERR,ERR,ERR,ERR,ERR,ERR,ERR,ERR,ERR,ERR,ERR,ERR,ERR,ERR,ERR,ERR,ERR,ERR,ERR,ERR,ERR,0.0,0.0,0.0,0.0,0.0,1.3936040501711995e+18,7.805,0.0,0,0,4,0,8422,0.0,45,0.0,0.0,0.0,0.0,0.0,0,0,0,0,0.0,0,0,0,0,0,0,0,0,0,0,0,0,0,0,0,0,0,0,0,0,0,0,0,0,0,0,0,0,0,0,0,0,0,38,14,7,45,65476,0,300,0,0,8,21553,0.0,-107605600.0,0.0,0.0,0.0,0.0,0.0,0.0,0.0,0.0,0.0,0.0,0.0,0.0,0.0,0.0,0.0,0.0,0.0,0.0,0.0,0.0,0.0,2.004,-0.0,0.0,0.0,0.0,0.0,0.0,4979.0,-0.0,0.0,0.0,-107615296.0,-107615280.0,2.718429300292151e+23,0.0,0.0,0.0,0.0,53,4.950428597886765e+32,126840528896.0,0.0,0.0,0.0,0.0,0.0,0.0,0.0,0,0,0,0.0,0.0,0.0,0.0,0.0,0.0,0.0,0.0,0.0,0.0,0.0,0.0,0.0,0.0,0.0,0.0,0,-107875648.0,53,0.0,106,-107614832.0,0.0,ERR,ERR,ERR,ERR,ERR,ERR,ERR,ERR,ERR,ERR,ERR,ERR,ERR,ERR,ERR,ERR,ERR,ERR,ERR,ERR,ERR,ERR,ERR,ERR,ERR,ERR,ERR,ERR,ERR,ERR,ERR,ERR,ERR,ERR,ERR,ERR,ERR,ERR,ERR,ERR,ERR,ERR,ERR,ERR,ERR,ERR,ERR,ERR,ERR,ERR,ERR,ERR,ERR,ERR,ERR,ERR,ERR,ERR,ERR,ERR,ERR,ERR,ERR,ERR,ERR,ERR,ERR,50.0,60.0,100,0.0,0.0,0.0,0.0,0.0,0.0,0.0,0.0,0.0,0.0,0.0,0.0,0.0,0.0,0.0,0.0,62.0,74,14,65512,50,65476,0,300,0,0,8,20529,65476,0,0,26214,60.0,0.0,0.0,0.0,0.0,0.0
2026-05-17T18:27:10,ERR,ERR,ERR,ERR,ERR,ERR,ERR,ERR,ERR,ERR,ERR,ERR,ERR,ERR,ERR,ERR,ERR,ERR,ERR,ERR,ERR,ERR,ERR,ERR,ERR,ERR,ERR,ERR,ERR,ERR,ERR,ERR,ERR,ERR,ERR,ERR,ERR,ERR,ERR,ERR,ERR,ERR,ERR,ERR,ERR,ERR,ERR,ERR,ERR,ERR,ERR,ERR,ERR,ERR,ERR,ERR,ERR,ERR,ERR,ERR,ERR,ERR,ERR,ERR,ERR,ERR,ERR,ERR,ERR,ERR,ERR,ERR,ERR,ERR,ERR,ERR,ERR,ERR,ERR,ERR,ERR,ERR,ERR,ERR,ERR,ERR,ERR,ERR,ERR,ERR,ERR,ERR,ERR,ERR,ERR,ERR,ERR,ERR,ERR,ERR,ERR,ERR,ERR,ERR,ERR,ERR,ERR,ERR,ERR,ERR,ERR,ERR,ERR,ERR,ERR,ERR,ERR,ERR,ERR,ERR,ERR,ERR,ERR,ERR,ERR,0.0,0.0,0.0,0.0,0.0,1.3936040501711995e+18,7.805,0.0,0,0,4,0,8422,0.0,45,0.0,0.0,0.0,0.0,0.0,0,0,0,0,0.0,0,0,0,0,0,0,0,0,0,0,0,0,0,0,0,0,0,0,0,0,0,0,0,0,0,0,0,0,0,0,0,0,0,38,14,7,45,65476,0,300,0,0,8,21553,0.0,-107605600.0,0.0,0.0,0.0,0.0,0.0,0.0,0.0,0.0,0.0,0.0,0.0,0.0,0.0,0.0,0.0,0.0,0.0,0.0,0.0,0.0,0.0,2.004,-0.0,0.0,0.0,0.0,0.0,0.0,4979.0,-0.0,0.0,0.0,-107615296.0,-107615280.0,2.718429300292151e+23,0.0,0.0,0.0,0.0,53,4.950428597886765e+32,126840528896.0,0.0,0.0,0.0,0.0,0.0,0.0,0.0,0,0,0,0.0,0.0,0.0,0.0,0.0,0.0,0.0,0.0,0.0,0.0,0.0,0.0,0.0,0.0,0.0,0.0,0,-107875648.0,53,0.0,106,-107614832.0,0.0,ERR,ERR,ERR,ERR,ERR,ERR,ERR,ERR,ERR,ERR,ERR,ERR,ERR,ERR,ERR,ERR,ERR,ERR,ERR,ERR,ERR,ERR,ERR,ERR,ERR,ERR,ERR,ERR,ERR,ERR,ERR,ERR,ERR,ERR,ERR,ERR,ERR,ERR,ERR,ERR,ERR,ERR,ERR,ERR,ERR,ERR,ERR,ERR,ERR,ERR,ERR,ERR,ERR,ERR,ERR,ERR,ERR,ERR,ERR,ERR,ERR,ERR,ERR,ERR,ERR,ERR,ERR,50.0,60.0,100,0.0,0.0,0.0,0.0,0.0,0.0,0.0,0.0,0.0,0.0,0.0,0.0,0.0,0.0,0.0,0.0,62.0,74,14,65512,50,65476,0,300,0,0,8,20529,65476,0,0,26214,60.0,0.0,0.0,0.0,0.0,0.0
2026-05-17T18:27:11,ERR,ERR,ERR,ERR,ERR,ERR,ERR,ERR,ERR,ERR,ERR,ERR,ERR,ERR,ERR,ERR,ERR,ERR,ERR,ERR,ERR,ERR,ERR,ERR,ERR,ERR,ERR,ERR,ERR,ERR,ERR,ERR,ERR,ERR,ERR,ERR,ERR,ERR,ERR,ERR,ERR,ERR,ERR,ERR,ERR,ERR,ERR,ERR,ERR,ERR,ERR,ERR,ERR,ERR,ERR,ERR,ERR,ERR,ERR,ERR,ERR,ERR,ERR,ERR,ERR,ERR,ERR,ERR,ERR,ERR,ERR,ERR,ERR,ERR,ERR,ERR,ERR,ERR,ERR,ERR,ERR,ERR,ERR,ERR,ERR,ERR,ERR,ERR,ERR,ERR,ERR,ERR,ERR,ERR,ERR,ERR,ERR,ERR,ERR,ERR,ERR,ERR,ERR,ERR,ERR,ERR,ERR,ERR,ERR,ERR,ERR,ERR,ERR,ERR,ERR,ERR,ERR,ERR,ERR,ERR,ERR,ERR,ERR,ERR,ERR,0.0,0.0,0.0,0.0,0.0,1.3936040501711995e+18,7.805,0.0,0,0,4,0,8422,0.0,45,0.0,0.0,0.0,0.0,0.0,0,0,0,0,0.0,0,0,0,0,0,0,0,0,0,0,0,0,0,0,0,0,0,0,0,0,0,0,0,0,0,0,0,0,0,0,0,0,0,38,14,7,45,65476,0,300,0,0,8,21553,0.0,-107605600.0,0.0,0.0,0.0,0.0,0.0,0.0,0.0,0.0,0.0,0.0,0.0,0.0,0.0,0.0,0.0,0.0,0.0,0.0,0.0,0.0,0.0,2.004,-0.0,0.0,0.0,0.0,0.0,0.0,4979.0,-0.0,0.0,0.0,-107615296.0,-107615280.0,2.718429300292151e+23,0.0,0.0,0.0,0.0,53,4.950428597886765e+32,126840528896.0,0.0,0.0,0.0,0.0,0.0,0.0,0.0,0,0,0,0.0,0.0,0.0,0.0,0.0,0.0,0.0,0.0,0.0,0.0,0.0,0.0,0.0,0.0,0.0,0.0,0,-107875648.0,53,0.0,106,-107614832.0,0.0,ERR,ERR,ERR,ERR,ERR,ERR,ERR,ERR,ERR,ERR,ERR,ERR,ERR,ERR,ERR,ERR,ERR,ERR,ERR,ERR,ERR,ERR,ERR,ERR,ERR,ERR,ERR,ERR,ERR,ERR,ERR,ERR,ERR,ERR,ERR,ERR,ERR,ERR,ERR,ERR,ERR,ERR,ERR,ERR,ERR,ERR,ERR,ERR,ERR,ERR,ERR,ERR,ERR,ERR,ERR,ERR,ERR,ERR,ERR,ERR,ERR,ERR,ERR,ERR,ERR,ERR,ERR,50.0,60.0,100,0.0,0.0,0.0,0.0,0.0,0.0,0.0,0.0,0.0,0.0,0.0,0.0,0.0,0.0,0.0,0.0,62.0,74,14,65512,50,65476,0,300,0,0,8,20529,65476,0,0,26214,60.0,0.0,0.0,0.0,0.0,0.0
2026-05-17T18:27:12,ERR,ERR,ERR,ERR,ERR,ERR,ERR,ERR,ERR,ERR,ERR,ERR,ERR,ERR,ERR,ERR,ERR,ERR,ERR,ERR,ERR,ERR,ERR,ERR,ERR,ERR,ERR,ERR,ERR,ERR,ERR,ERR,ERR,ERR,ERR,ERR,ERR,ERR,ERR,ERR,ERR,ERR,ERR,ERR,ERR,ERR,ERR,ERR,ERR,ERR,ERR,ERR,ERR,ERR,ERR,ERR,ERR,ERR,ERR,ERR,ERR,ERR,ERR,ERR,ERR,ERR,ERR,ERR,ERR,ERR,ERR,ERR,ERR,ERR,ERR,ERR,ERR,ERR,ERR,ERR,ERR,ERR,ERR,ERR,ERR,ERR,ERR,ERR,ERR,ERR,ERR,ERR,ERR,ERR,ERR,ERR,ERR,ERR,ERR,ERR,ERR,ERR,ERR,ERR,ERR,ERR,ERR,ERR,ERR,ERR,ERR,ERR,ERR,ERR,ERR,ERR,ERR,ERR,ERR,ERR,ERR,ERR,ERR,ERR,ERR,0.0,0.0,0.0,0.0,0.0,1.3936040501711995e+18,7.805,0.0,0,0,4,0,8422,0.0,45,0.0,0.0,0.0,0.0,0.0,0,0,0,0,0.0,0,0,0,0,0,0,0,0,0,0,0,0,0,0,0,0,0,0,0,0,0,0,0,0,0,0,0,0,0,0,0,0,0,38,14,7,45,65476,0,300,0,0,8,21553,0.0,-107605600.0,0.0,0.0,0.0,0.0,0.0,0.0,0.0,0.0,0.0,0.0,0.0,0.0,0.0,0.0,0.0,0.0,0.0,0.0,0.0,0.0,0.0,2.004,-0.0,0.0,0.0,0.0,0.0,0.0,4980.0,-0.0,0.0,0.0,0.0,-107615280.0,2.718429300292151e+23,0.0,0.0,0.0,0.0,53,5.848083413016271e+35,0.0,0.0,0.0,0.0,0.0,0.0,0.0,0.0,0,0,0,0.0,0.0,0.0,0.0,0.0,0.0,0.0,0.0,0.0,0.0,0.0,0.0,0.0,0.0,0.0,0.0,0,-107875648.0,53,0.0,106,-107614832.0,0.0,ERR,ERR,ERR,ERR,ERR,ERR,ERR,ERR,ERR,ERR,ERR,ERR,ERR,ERR,ERR,ERR,ERR,ERR,ERR,ERR,ERR,ERR,ERR,ERR,ERR,ERR,ERR,ERR,ERR,ERR,ERR,ERR,ERR,ERR,ERR,ERR,ERR,ERR,ERR,ERR,ERR,ERR,ERR,ERR,ERR,ERR,ERR,ERR,ERR,ERR,ERR,ERR,ERR,ERR,ERR,ERR,ERR,ERR,ERR,ERR,ERR,ERR,ERR,ERR,ERR,ERR,ERR,50.0,60.0,100,0.0,0.0,0.0,0.0,0.0,0.0,0.0,0.0,0.0,0.0,0.0,0.0,0.0,0.0,0.0,0.0,61.6,74,14,65512,50,65476,0,300,0,0,8,20529,65476,0,0,26214,60.0,0.0,0.0,0.0,0.0,0.0
2026-05-17T18:27:13,ERR,ERR,ERR,ERR,ERR,ERR,ERR,ERR,ERR,ERR,ERR,ERR,ERR,ERR,ERR,ERR,ERR,ERR,ERR,ERR,ERR,ERR,ERR,ERR,ERR,ERR,ERR,ERR,ERR,ERR,ERR,ERR,ERR,ERR,ERR,ERR,ERR,ERR,ERR,ERR,ERR,ERR,ERR,ERR,ERR,ERR,ERR,ERR,ERR,ERR,ERR,ERR,ERR,ERR,ERR,ERR,ERR,ERR,ERR,ERR,ERR,ERR,ERR,ERR,ERR,ERR,ERR,ERR,ERR,ERR,ERR,ERR,ERR,ERR,ERR,ERR,ERR,ERR,ERR,ERR,ERR,ERR,ERR,ERR,ERR,ERR,ERR,ERR,ERR,ERR,ERR,ERR,ERR,ERR,ERR,ERR,ERR,ERR,ERR,ERR,ERR,ERR,ERR,ERR,ERR,ERR,ERR,ERR,ERR,ERR,ERR,ERR,ERR,ERR,ERR,ERR,ERR,ERR,ERR,ERR,ERR,ERR,ERR,ERR,ERR,0.0,0.0,0.0,0.0,0.0,1.3936040501711995e+18,7.805,0.0,0,0,4,0,8422,0.0,45,0.0,0.0,0.0,0.0,0.0,0,0,0,0,0.0,0,0,0,0,0,0,0,0,0,0,0,0,0,0,0,0,0,0,0,0,0,0,0,0,0,0,0,0,0,0,0,0,0,38,14,7,45,65476,0,300,0,0,8,21553,0.0,-107605600.0,0.0,0.0,0.0,0.0,0.0,0.0,0.0,0.0,0.0,0.0,0.0,0.0,0.0,0.0,0.0,0.0,0.0,0.0,0.0,0.0,0.0,2.004,-0.0,0.0,0.0,0.0,0.0,0.0,4980.0,-0.0,0.0,0.0,0.0,-107615280.0,2.718429300292151e+23,0.0,0.0,0.0,0.0,53,5.848083413016271e+35,0.0,0.0,0.0,0.0,0.0,0.0,0.0,0.0,0,0,0,0.0,0.0,0.0,0.0,0.0,0.0,0.0,0.0,0.0,0.0,0.0,0.0,0.0,0.0,0.0,0.0,0,-107875648.0,53,0.0,106,-107614832.0,0.0,ERR,ERR,ERR,ERR,ERR,ERR,ERR,ERR,ERR,ERR,ERR,ERR,ERR,ERR,ERR,ERR,ERR,ERR,ERR,ERR,ERR,ERR,ERR,ERR,ERR,ERR,ERR,ERR,ERR,ERR,ERR,ERR,ERR,ERR,ERR,ERR,ERR,ERR,ERR,ERR,ERR,ERR,ERR,ERR,ERR,ERR,ERR,ERR,ERR,ERR,ERR,ERR,ERR,ERR,ERR,ERR,ERR,ERR,ERR,ERR,ERR,ERR,ERR,ERR,ERR,ERR,ERR,50.0,60.0,100,0.0,0.0,0.0,0.0,0.0,0.0,0.0,0.0,0.0,0.0,0.0,0.0,0.0,0.0,0.0,0.0,61.6,74,14,65512,50,65476,0,300,0,0,8,20529,65476,0,0,26214,60.0,0.0,0.0,0.0,0.0,0.0
2026-05-17T18:27:14,ERR,ERR,ERR,ERR,ERR,ERR,ERR,ERR,ERR,ERR,ERR,ERR,ERR,ERR,ERR,ERR,ERR,ERR,ERR,ERR,ERR,ERR,ERR,ERR,ERR,ERR,ERR,ERR,ERR,ERR,ERR,ERR,ERR,ERR,ERR,ERR,ERR,ERR,ERR,ERR,ERR,ERR,ERR,ERR,ERR,ERR,ERR,ERR,ERR,ERR,ERR,ERR,ERR,ERR,ERR,ERR,ERR,ERR,ERR,ERR,ERR,ERR,ERR,ERR,ERR,ERR,ERR,ERR,ERR,ERR,ERR,ERR,ERR,ERR,ERR,ERR,ERR,ERR,ERR,ERR,ERR,ERR,ERR,ERR,ERR,ERR,ERR,ERR,ERR,ERR,ERR,ERR,ERR,ERR,ERR,ERR,ERR,ERR,ERR,ERR,ERR,ERR,ERR,ERR,ERR,ERR,ERR,ERR,ERR,ERR,ERR,ERR,ERR,ERR,ERR,ERR,ERR,ERR,ERR,ERR,ERR,ERR,ERR,ERR,ERR,0.0,0.0,0.0,0.0,0.0,1.3936040501711995e+18,7.805,0.0,0,0,4,0,8422,0.0,45,0.0,0.0,0.0,0.0,0.0,0,0,0,0,0.0,0,0,0,0,0,0,0,0,0,0,0,0,0,0,0,0,0,0,0,0,0,0,0,0,0,0,0,0,0,0,0,0,0,38,14,7,45,65476,0,300,0,0,8,21553,0.0,-107605600.0,0.0,0.0,0.0,0.0,0.0,0.0,0.0,0.0,0.0,0.0,0.0,0.0,0.0,0.0,0.0,0.0,0.0,0.0,0.0,0.0,0.0,2.004,-0.0,0.0,0.0,0.0,0.0,0.0,4980.0,-0.0,0.0,0.0,0.0,-107615280.0,2.718429300292151e+23,0.0,0.0,0.0,0.0,53,5.848083413016271e+35,0.0,0.0,0.0,0.0,0.0,0.0,0.0,0.0,0,0,0,0.0,0.0,0.0,0.0,0.0,0.0,0.0,0.0,0.0,0.0,0.0,0.0,0.0,0.0,0.0,0.0,0,-107875648.0,53,0.0,106,-107614832.0,0.0,ERR,ERR,ERR,ERR,ERR,ERR,ERR,ERR,ERR,ERR,ERR,ERR,ERR,ERR,ERR,ERR,ERR,ERR,ERR,ERR,ERR,ERR,ERR,ERR,ERR,ERR,ERR,ERR,ERR,ERR,ERR,ERR,ERR,ERR,ERR,ERR,ERR,ERR,ERR,ERR,ERR,ERR,ERR,ERR,ERR,ERR,ERR,ERR,ERR,ERR,ERR,ERR,ERR,ERR,ERR,ERR,ERR,ERR,ERR,ERR,ERR,ERR,ERR,ERR,ERR,ERR,ERR,50.0,60.0,100,0.0,0.0,0.0,0.0,0.0,0.0,0.0,0.0,0.0,0.0,0.0,0.0,0.0,0.0,0.0,0.0,61.6,74,14,65512,50,65476,0,300,0,0,8,20529,65476,0,0,26214,60.0,0.0,0.0,0.0,0.0,0.0
2026-05-17T18:27:15,ERR,ERR,ERR,ERR,ERR,ERR,ERR,ERR,ERR,ERR,ERR,ERR,ERR,ERR,ERR,ERR,ERR,ERR,ERR,ERR,ERR,ERR,ERR,ERR,ERR,ERR,ERR,ERR,ERR,ERR,ERR,ERR,ERR,ERR,ERR,ERR,ERR,ERR,ERR,ERR,ERR,ERR,ERR,ERR,ERR,ERR,ERR,ERR,ERR,ERR,ERR,ERR,ERR,ERR,ERR,ERR,ERR,ERR,ERR,ERR,ERR,ERR,ERR,ERR,ERR,ERR,ERR,ERR,ERR,ERR,ERR,ERR,ERR,ERR,ERR,ERR,ERR,ERR,ERR,ERR,ERR,ERR,ERR,ERR,ERR,ERR,ERR,ERR,ERR,ERR,ERR,ERR,ERR,ERR,ERR,ERR,ERR,ERR,ERR,ERR,ERR,ERR,ERR,ERR,ERR,ERR,ERR,ERR,ERR,ERR,ERR,ERR,ERR,ERR,ERR,ERR,ERR,ERR,ERR,ERR,ERR,ERR,ERR,ERR,ERR,0.0,0.0,0.0,0.0,0.0,1.3936040501711995e+18,7.805,0.0,0,0,4,0,8422,0.0,45,0.0,0.0,0.0,0.0,0.0,0,0,0,0,0.0,0,0,0,0,0,0,0,0,0,0,0,0,0,0,0,0,0,0,0,0,0,0,0,0,0,0,0,0,0,0,0,0,0,38,14,7,45,65476,0,300,0,0,8,21553,0.0,-107605600.0,0.0,0.0,0.0,0.0,0.0,0.0,0.0,0.0,0.0,0.0,0.0,0.0,0.0,0.0,0.0,0.0,0.0,0.0,0.0,0.0,0.0,2.004,-0.0,0.0,0.0,0.0,0.0,0.0,4980.0,-0.0,0.0,0.0,0.0,-107615280.0,2.718429300292151e+23,0.0,0.0,0.0,0.0,53,5.848083413016271e+35,0.0,0.0,0.0,0.0,0.0,0.0,0.0,0.0,0,0,0,0.0,0.0,0.0,0.0,0.0,0.0,0.0,0.0,0.0,0.0,0.0,0.0,0.0,0.0,0.0,0.0,0,-107875648.0,53,0.0,106,-107614832.0,0.0,ERR,ERR,ERR,ERR,ERR,ERR,ERR,ERR,ERR,ERR,ERR,ERR,ERR,ERR,ERR,ERR,ERR,ERR,ERR,ERR,ERR,ERR,ERR,ERR,ERR,ERR,ERR,ERR,ERR,ERR,ERR,ERR,ERR,ERR,ERR,ERR,ERR,ERR,ERR,ERR,ERR,ERR,ERR,ERR,ERR,ERR,ERR,ERR,ERR,ERR,ERR,ERR,ERR,ERR,ERR,ERR,ERR,ERR,ERR,ERR,ERR,ERR,ERR,ERR,ERR,ERR,ERR,50.0,60.0,100,0.0,0.0,0.0,0.0,0.0,0.0,0.0,0.0,0.0,0.0,0.0,0.0,0.0,0.0,0.0,0.0,61.6,74,14,65512,50,65476,0,300,0,0,8,20529,65476,0,0,26214,60.0,0.0,0.0,0.0,0.0,0.0
2026-05-17T18:27:16,ERR,ERR,ERR,ERR,ERR,ERR,ERR,ERR,ERR,ERR,ERR,ERR,ERR,ERR,ERR,ERR,ERR,ERR,ERR,ERR,ERR,ERR,ERR,ERR,ERR,ERR,ERR,ERR,ERR,ERR,ERR,ERR,ERR,ERR,ERR,ERR,ERR,ERR,ERR,ERR,ERR,ERR,ERR,ERR,ERR,ERR,ERR,ERR,ERR,ERR,ERR,ERR,ERR,ERR,ERR,ERR,ERR,ERR,ERR,ERR,ERR,ERR,ERR,ERR,ERR,ERR,ERR,ERR,ERR,ERR,ERR,ERR,ERR,ERR,ERR,ERR,ERR,ERR,ERR,ERR,ERR,ERR,ERR,ERR,ERR,ERR,ERR,ERR,ERR,ERR,ERR,ERR,ERR,ERR,ERR,ERR,ERR,ERR,ERR,ERR,ERR,ERR,ERR,ERR,ERR,ERR,ERR,ERR,ERR,ERR,ERR,ERR,ERR,ERR,ERR,ERR,ERR,ERR,ERR,ERR,ERR,ERR,ERR,ERR,ERR,0.0,0.0,0.0,0.0,0.0,1.3936040501711995e+18,7.805,0.0,0,0,4,0,8422,0.0,45,0.0,0.0,0.0,0.0,0.0,0,0,0,0,0.0,0,0,0,0,0,0,0,0,0,0,0,0,0,0,0,0,0,0,0,0,0,0,0,0,0,0,0,0,0,0,0,0,0,38,14,7,45,65476,0,300,0,0,8,21553,0.0,-107605600.0,0.0,0.0,0.0,0.0,0.0,0.0,0.0,0.0,0.0,0.0,0.0,0.0,0.0,0.0,0.0,0.0,0.0,0.0,0.0,0.0,0.0,2.004,-0.0,0.0,0.0,0.0,0.0,0.0,4980.0,-0.0,0.0,0.0,0.0,-107615280.0,2.718429300292151e+23,0.0,0.0,0.0,0.0,53,5.848083413016271e+35,0.0,0.0,0.0,0.0,0.0,0.0,0.0,0.0,0,0,0,0.0,0.0,0.0,0.0,0.0,0.0,0.0,0.0,0.0,0.0,0.0,0.0,0.0,0.0,0.0,0.0,0,-107875648.0,53,0.0,106,-107614832.0,0.0,ERR,ERR,ERR,ERR,ERR,ERR,ERR,ERR,ERR,ERR,ERR,ERR,ERR,ERR,ERR,ERR,ERR,ERR,ERR,ERR,ERR,ERR,ERR,ERR,ERR,ERR,ERR,ERR,ERR,ERR,ERR,ERR,ERR,ERR,ERR,ERR,ERR,ERR,ERR,ERR,ERR,ERR,ERR,ERR,ERR,ERR,ERR,ERR,ERR,ERR,ERR,ERR,ERR,ERR,ERR,ERR,ERR,ERR,ERR,ERR,ERR,ERR,ERR,ERR,ERR,ERR,ERR,50.0,60.0,100,0.0,0.0,0.0,0.0,0.0,0.0,0.0,0.0,0.0,0.0,0.0,0.0,0.0,0.0,0.0,0.0,61.6,74,14,65512,50,65476,0,300,0,0,8,20529,65476,0,0,26214,60.0,0.0,0.0,0.0,0.0,0.0
2026-05-17T18:27:17,ERR,ERR,ERR,ERR,ERR,ERR,ERR,ERR,ERR,ERR,ERR,ERR,ERR,ERR,ERR,ERR,ERR,ERR,ERR,ERR,ERR,ERR,ERR,ERR,ERR,ERR,ERR,ERR,ERR,ERR,ERR,ERR,ERR,ERR,ERR,ERR,ERR,ERR,ERR,ERR,ERR,ERR,ERR,ERR,ERR,ERR,ERR,ERR,ERR,ERR,ERR,ERR,ERR,ERR,ERR,ERR,ERR,ERR,ERR,ERR,ERR,ERR,ERR,ERR,ERR,ERR,ERR,ERR,ERR,ERR,ERR,ERR,ERR,ERR,ERR,ERR,ERR,ERR,ERR,ERR,ERR,ERR,ERR,ERR,ERR,ERR,ERR,ERR,ERR,ERR,ERR,ERR,ERR,ERR,ERR,ERR,ERR,ERR,ERR,ERR,ERR,ERR,ERR,ERR,ERR,ERR,ERR,ERR,ERR,ERR,ERR,ERR,ERR,ERR,ERR,ERR,ERR,ERR,ERR,ERR,ERR,ERR,ERR,ERR,ERR,0.0,0.0,0.0,0.0,0.0,1.3936040501711995e+18,7.805,0.0,0,0,4,0,8422,0.0,45,0.0,0.0,0.0,0.0,0.0,0,0,0,0,0.0,0,0,0,0,0,0,0,0,0,0,0,0,0,0,0,0,0,0,0,0,0,0,0,0,0,0,0,0,0,0,0,0,0,38,14,7,45,65476,0,300,0,0,8,21553,0.0,-107605600.0,0.0,0.0,0.0,0.0,0.0,0.0,0.0,0.0,0.0,0.0,0.0,0.0,0.0,0.0,0.0,0.0,0.0,0.0,0.0,0.0,0.0,2.004,-0.0,0.0,0.0,0.0,0.0,0.0,4982.0,-0.0,0.0,0.0,0.0,-107615280.0,2.718429300292151e+23,0.0,0.0,0.0,0.0,53,-0.0,0.0,0.0,0.0,0.0,0.0,0.0,0.0,0.0,0,0,0,0.0,0.0,0.0,0.0,0.0,0.0,0.0,0.0,0.0,0.0,0.0,0.0,0.0,0.0,0.0,0.0,0,-107875648.0,53,0.0,106,-107614832.0,0.0,ERR,ERR,ERR,ERR,ERR,ERR,ERR,ERR,ERR,ERR,ERR,ERR,ERR,ERR,ERR,ERR,ERR,ERR,ERR,ERR,ERR,ERR,ERR,ERR,ERR,ERR,ERR,ERR,ERR,ERR,ERR,ERR,ERR,ERR,ERR,ERR,ERR,ERR,ERR,ERR,ERR,ERR,ERR,ERR,ERR,ERR,ERR,ERR,ERR,ERR,ERR,ERR,ERR,ERR,ERR,ERR,ERR,ERR,ERR,ERR,ERR,ERR,ERR,ERR,ERR,ERR,ERR,50.0,60.0,100,0.0,0.0,0.0,0.0,0.0,0.0,0.0,0.0,0.0,0.0,0.0,0.0,0.0,0.0,0.0,0.0,61.6,74,14,65512,50,65476,0,300,0,0,8,20529,65476,0,0,26214,60.0,0.0,0.0,0.0,0.0,0.0
2026-05-17T18:27:18,ERR,ERR,ERR,ERR,ERR,ERR,ERR,ERR,ERR,ERR,ERR,ERR,ERR,ERR,ERR,ERR,ERR,ERR,ERR,ERR,ERR,ERR,ERR,ERR,ERR,ERR,ERR,ERR,ERR,ERR,ERR,ERR,ERR,ERR,ERR,ERR,ERR,ERR,ERR,ERR,ERR,ERR,ERR,ERR,ERR,ERR,ERR,ERR,ERR,ERR,ERR,ERR,ERR,ERR,ERR,ERR,ERR,ERR,ERR,ERR,ERR,ERR,ERR,ERR,ERR,ERR,ERR,ERR,ERR,ERR,ERR,ERR,ERR,ERR,ERR,ERR,ERR,ERR,ERR,ERR,ERR,ERR,ERR,ERR,ERR,ERR,ERR,ERR,ERR,ERR,ERR,ERR,ERR,ERR,ERR,ERR,ERR,ERR,ERR,ERR,ERR,ERR,ERR,ERR,ERR,ERR,ERR,ERR,ERR,ERR,ERR,ERR,ERR,ERR,ERR,ERR,ERR,ERR,ERR,ERR,ERR,ERR,ERR,ERR,ERR,0.0,0.0,0.0,0.0,0.0,1.3936040501711995e+18,7.805,0.0,0,0,4,0,8422,0.0,45,0.0,0.0,0.0,0.0,0.0,0,0,0,0,0.0,0,0,0,0,0,0,0,0,0,0,0,0,0,0,0,0,0,0,0,0,0,0,0,0,0,0,0,0,0,0,0,0,0,38,14,7,45,65476,0,300,0,0,8,21553,0.0,-107605600.0,0.0,0.0,0.0,0.0,0.0,0.0,0.0,0.0,0.0,0.0,0.0,0.0,0.0,0.0,0.0,0.0,0.0,0.0,0.0,0.0,0.0,2.004,-0.0,0.0,0.0,0.0,0.0,0.0,4982.0,-0.0,0.0,0.0,0.0,-107615280.0,2.718429300292151e+23,0.0,0.0,0.0,0.0,53,-0.0,0.0,0.0,0.0,0.0,0.0,0.0,0.0,0.0,0,0,0,0.0,0.0,0.0,0.0,0.0,0.0,0.0,0.0,0.0,0.0,0.0,0.0,0.0,0.0,0.0,0.0,0,-107875648.0,53,0.0,106,-107614832.0,0.0,ERR,ERR,ERR,ERR,ERR,ERR,ERR,ERR,ERR,ERR,ERR,ERR,ERR,ERR,ERR,ERR,ERR,ERR,ERR,ERR,ERR,ERR,ERR,ERR,ERR,ERR,ERR,ERR,ERR,ERR,ERR,ERR,ERR,ERR,ERR,ERR,ERR,ERR,ERR,ERR,ERR,ERR,ERR,ERR,ERR,ERR,ERR,ERR,ERR,ERR,ERR,ERR,ERR,ERR,ERR,ERR,ERR,ERR,ERR,ERR,ERR,ERR,ERR,ERR,ERR,ERR,ERR,50.0,60.0,100,0.0,0.0,0.0,0.0,0.0,0.0,0.0,0.0,0.0,0.0,0.0,0.0,0.0,0.0,0.0,0.0,61.6,74,14,65512,50,65476,0,300,0,0,8,20529,65476,0,0,26214,60.0,0.0,0.0,0.0,0.0,0.0
2026-05-17T18:27:19,ERR,ERR,ERR,ERR,ERR,ERR,ERR,ERR,ERR,ERR,ERR,ERR,ERR,ERR,ERR,ERR,ERR,ERR,ERR,ERR,ERR,ERR,ERR,ERR,ERR,ERR,ERR,ERR,ERR,ERR,ERR,ERR,ERR,ERR,ERR,ERR,ERR,ERR,ERR,ERR,ERR,ERR,ERR,ERR,ERR,ERR,ERR,ERR,ERR,ERR,ERR,ERR,ERR,ERR,ERR,ERR,ERR,ERR,ERR,ERR,ERR,ERR,ERR,ERR,ERR,ERR,ERR,ERR,ERR,ERR,ERR,ERR,ERR,ERR,ERR,ERR,ERR,ERR,ERR,ERR,ERR,ERR,ERR,ERR,ERR,ERR,ERR,ERR,ERR,ERR,ERR,ERR,ERR,ERR,ERR,ERR,ERR,ERR,ERR,ERR,ERR,ERR,ERR,ERR,ERR,ERR,ERR,ERR,ERR,ERR,ERR,ERR,ERR,ERR,ERR,ERR,ERR,ERR,ERR,ERR,ERR,ERR,ERR,ERR,ERR,0.0,0.0,0.0,0.0,0.0,1.3936040501711995e+18,7.805,0.0,0,0,4,0,8422,0.0,45,0.0,0.0,0.0,0.0,0.0,0,0,0,0,0.0,0,0,0,0,0,0,0,0,0,0,0,0,0,0,0,0,0,0,0,0,0,0,0,0,0,0,0,0,0,0,0,0,0,38,14,7,45,65476,0,300,0,0,8,21553,0.0,-107605600.0,0.0,0.0,0.0,0.0,0.0,0.0,0.0,0.0,0.0,0.0,0.0,0.0,0.0,0.0,0.0,0.0,0.0,0.0,0.0,0.0,0.0,2.004,-0.0,0.0,0.0,0.0,0.0,0.0,4982.0,-0.0,0.0,0.0,0.0,-107615280.0,2.718429300292151e+23,0.0,0.0,0.0,0.0,53,-0.0,0.0,0.0,0.0,0.0,0.0,0.0,0.0,0.0,0,0,0,0.0,0.0,0.0,0.0,0.0,0.0,0.0,0.0,0.0,0.0,0.0,0.0,0.0,0.0,0.0,0.0,0,-107875648.0,53,0.0,106,-107614832.0,0.0,ERR,ERR,ERR,ERR,ERR,ERR,ERR,ERR,ERR,ERR,ERR,ERR,ERR,ERR,ERR,ERR,ERR,ERR,ERR,ERR,ERR,ERR,ERR,ERR,ERR,ERR,ERR,ERR,ERR,ERR,ERR,ERR,ERR,ERR,ERR,ERR,ERR,ERR,ERR,ERR,ERR,ERR,ERR,ERR,ERR,ERR,ERR,ERR,ERR,ERR,ERR,ERR,ERR,ERR,ERR,ERR,ERR,ERR,ERR,ERR,ERR,ERR,ERR,ERR,ERR,ERR,ERR,50.0,60.0,100,0.0,0.0,0.0,0.0,0.0,0.0,0.0,0.0,0.0,0.0,0.0,0.0,0.0,0.0,0.0,0.0,61.6,74,14,65512,50,65476,0,300,0,0,8,20529,65476,0,0,26214,60.0,0.0,0.0,0.0,0.0,0.0
2026-05-17T18:27:20,ERR,ERR,ERR,ERR,ERR,ERR,ERR,ERR,ERR,ERR,ERR,ERR,ERR,ERR,ERR,ERR,ERR,ERR,ERR,ERR,ERR,ERR,ERR,ERR,ERR,ERR,ERR,ERR,ERR,ERR,ERR,ERR,ERR,ERR,ERR,ERR,ERR,ERR,ERR,ERR,ERR,ERR,ERR,ERR,ERR,ERR,ERR,ERR,ERR,ERR,ERR,ERR,ERR,ERR,ERR,ERR,ERR,ERR,ERR,ERR,ERR,ERR,ERR,ERR,ERR,ERR,ERR,ERR,ERR,ERR,ERR,ERR,ERR,ERR,ERR,ERR,ERR,ERR,ERR,ERR,ERR,ERR,ERR,ERR,ERR,ERR,ERR,ERR,ERR,ERR,ERR,ERR,ERR,ERR,ERR,ERR,ERR,ERR,ERR,ERR,ERR,ERR,ERR,ERR,ERR,ERR,ERR,ERR,ERR,ERR,ERR,ERR,ERR,ERR,ERR,ERR,ERR,ERR,ERR,ERR,ERR,ERR,ERR,ERR,ERR,0.0,0.0,0.0,0.0,0.0,1.3936040501711995e+18,7.805,0.0,0,0,4,0,8422,0.0,45,0.0,0.0,0.0,0.0,0.0,0,0,0,0,0.0,0,0,0,0,0,0,0,0,0,0,0,0,0,0,0,0,0,0,0,0,0,0,0,0,0,0,0,0,0,0,0,0,0,38,14,7,45,65476,0,300,0,0,8,21553,0.0,-107605600.0,0.0,0.0,0.0,0.0,0.0,0.0,0.0,0.0,0.0,0.0,0.0,0.0,0.0,0.0,0.0,0.0,0.0,0.0,0.0,0.0,0.0,2.004,-0.0,0.0,0.0,0.0,0.0,0.0,4982.0,-0.0,0.0,0.0,0.0,-107615280.0,2.718429300292151e+23,0.0,0.0,0.0,0.0,53,-0.0,0.0,0.0,0.0,0.0,0.0,0.0,0.0,0.0,0,0,0,0.0,0.0,0.0,0.0,0.0,0.0,0.0,0.0,0.0,0.0,0.0,0.0,0.0,0.0,0.0,0.0,0,-107875648.0,53,0.0,106,-107614832.0,0.0,ERR,ERR,ERR,ERR,ERR,ERR,ERR,ERR,ERR,ERR,ERR,ERR,ERR,ERR,ERR,ERR,ERR,ERR,ERR,ERR,ERR,ERR,ERR,ERR,ERR,ERR,ERR,ERR,ERR,ERR,ERR,ERR,ERR,ERR,ERR,ERR,ERR,ERR,ERR,ERR,ERR,ERR,ERR,ERR,ERR,ERR,ERR,ERR,ERR,ERR,ERR,ERR,ERR,ERR,ERR,ERR,ERR,ERR,ERR,ERR,ERR,ERR,ERR,ERR,ERR,ERR,ERR,50.0,60.0,100,0.0,0.0,0.0,0.0,0.0,0.0,0.0,0.0,0.0,0.0,0.0,0.0,0.0,0.0,0.0,0.0,61.6,74,14,65512,50,65476,0,300,0,0,8,20529,65476,0,0,26214,60.0,0.0,0.0,0.0,0.0,0.0
2026-05-17T18:27:21,ERR,ERR,ERR,ERR,ERR,ERR,ERR,ERR,ERR,ERR,ERR,ERR,ERR,ERR,ERR,ERR,ERR,ERR,ERR,ERR,ERR,ERR,ERR,ERR,ERR,ERR,ERR,ERR,ERR,ERR,ERR,ERR,ERR,ERR,ERR,ERR,ERR,ERR,ERR,ERR,ERR,ERR,ERR,ERR,ERR,ERR,ERR,ERR,ERR,ERR,ERR,ERR,ERR,ERR,ERR,ERR,ERR,ERR,ERR,ERR,ERR,ERR,ERR,ERR,ERR,ERR,ERR,ERR,ERR,ERR,ERR,ERR,ERR,ERR,ERR,ERR,ERR,ERR,ERR,ERR,ERR,ERR,ERR,ERR,ERR,ERR,ERR,ERR,ERR,ERR,ERR,ERR,ERR,ERR,ERR,ERR,ERR,ERR,ERR,ERR,ERR,ERR,ERR,ERR,ERR,ERR,ERR,ERR,ERR,ERR,ERR,ERR,ERR,ERR,ERR,ERR,ERR,ERR,ERR,ERR,ERR,ERR,ERR,ERR,ERR,0.0,0.0,0.0,0.0,0.0,1.3936040501711995e+18,7.805,0.0,0,0,4,0,8422,0.0,45,0.0,0.0,0.0,0.0,0.0,0,0,0,0,0.0,0,0,0,0,0,0,0,0,0,0,0,0,0,0,0,0,0,0,0,0,0,0,0,0,0,0,0,0,0,0,0,0,0,38,14,7,45,65476,0,300,0,0,8,21553,0.0,-107605600.0,0.0,0.0,0.0,0.0,0.0,0.0,0.0,0.0,0.0,0.0,0.0,0.0,0.0,0.0,0.0,0.0,0.0,0.0,0.0,0.0,0.0,2.004,-0.0,0.0,0.0,0.0,0.0,0.0,4982.0,-0.0,0.0,0.0,0.0,-107615280.0,2.718429300292151e+23,0.0,0.0,0.0,0.0,53,-0.0,0.0,0.0,0.0,0.0,0.0,0.0,0.0,0.0,0,0,0,0.0,0.0,0.0,0.0,0.0,0.0,0.0,0.0,0.0,0.0,0.0,0.0,0.0,0.0,0.0,0.0,0,-107875648.0,53,0.0,106,-107614832.0,0.0,ERR,ERR,ERR,ERR,ERR,ERR,ERR,ERR,ERR,ERR,ERR,ERR,ERR,ERR,ERR,ERR,ERR,ERR,ERR,ERR,ERR,ERR,ERR,ERR,ERR,ERR,ERR,ERR,ERR,ERR,ERR,ERR,ERR,ERR,ERR,ERR,ERR,ERR,ERR,ERR,ERR,ERR,ERR,ERR,ERR,ERR,ERR,ERR,ERR,ERR,ERR,ERR,ERR,ERR,ERR,ERR,ERR,ERR,ERR,ERR,ERR,ERR,ERR,ERR,ERR,ERR,ERR,50.0,60.0,100,0.0,0.0,0.0,0.0,0.0,0.0,0.0,0.0,0.0,0.0,0.0,0.0,0.0,0.0,0.0,0.0,61.6,74,14,65512,50,65476,0,300,0,0,8,20529,65476,0,0,26214,60.0,0.0,0.0,0.0,0.0,0.0
2026-05-17T18:27:22,ERR,ERR,ERR,ERR,ERR,ERR,ERR,ERR,ERR,ERR,ERR,ERR,ERR,ERR,ERR,ERR,ERR,ERR,ERR,ERR,ERR,ERR,ERR,ERR,ERR,ERR,ERR,ERR,ERR,ERR,ERR,ERR,ERR,ERR,ERR,ERR,ERR,ERR,ERR,ERR,ERR,ERR,ERR,ERR,ERR,ERR,ERR,ERR,ERR,ERR,ERR,ERR,ERR,ERR,ERR,ERR,ERR,ERR,ERR,ERR,ERR,ERR,ERR,ERR,ERR,ERR,ERR,ERR,ERR,ERR,ERR,ERR,ERR,ERR,ERR,ERR,ERR,ERR,ERR,ERR,ERR,ERR,ERR,ERR,ERR,ERR,ERR,ERR,ERR,ERR,ERR,ERR,ERR,ERR,ERR,ERR,ERR,ERR,ERR,ERR,ERR,ERR,ERR,ERR,ERR,ERR,ERR,ERR,ERR,ERR,ERR,ERR,ERR,ERR,ERR,ERR,ERR,ERR,ERR,ERR,ERR,ERR,ERR,ERR,ERR,0.0,-107615296.0,-134474944.0,0.0,0.0,1.3936040501711995e+18,7.805,0.0,0,0,4,0,8422,0.0,45,0.0,0.0,0.0,0.0,0.0,0,0,0,0,0.0,0,0,0,0,0,0,0,0,0,0,0,0,0,0,0,0,0,0,0,0,0,0,0,0,0,0,0,0,0,0,0,0,0,38,14,7,45,65476,0,300,0,0,8,21553,0.0,-107605600.0,0.0,0.0,0.0,0.0,0.0,0.0,0.0,0.0,0.0,0.0,0.0,0.0,0.0,0.0,0.0,0.0,0.0,0.0,0.0,0.0,0.0,0.0,-0.0,0.0,0.0,0.0,0.0,0.0,4987.0,-2.004,0.0,0.0,0.0,-107615280.0,2.718429300292151e+23,0.0,0.0,0.0,0.0,53,-0.0,1.905685750968484e+17,0.0,0.0,0.0,0.0,0.0,0.0,0.0,0,0,0,0.0,0.0,0.0,0.0,0.0,0.0,0.0,0.0,0.0,0.0,0.0,0.0,0.0,0.0,0.0,0.0,0,-107875648.0,53,0.0,106,-107614832.0,0.0,ERR,ERR,ERR,ERR,ERR,ERR,ERR,ERR,ERR,ERR,ERR,ERR,ERR,ERR,ERR,ERR,ERR,ERR,ERR,ERR,ERR,ERR,ERR,ERR,ERR,ERR,ERR,ERR,ERR,ERR,ERR,ERR,ERR,ERR,ERR,ERR,ERR,ERR,ERR,ERR,ERR,ERR,ERR,ERR,ERR,ERR,ERR,ERR,ERR,ERR,ERR,ERR,ERR,ERR,ERR,ERR,ERR,ERR,ERR,ERR,ERR,ERR,ERR,ERR,ERR,ERR,ERR,50.0,60.0,100,0.0,0.0,0.0,0.0,0.0,0.0,0.0,0.0,0.0,0.0,0.0,0.0,0.0,0.0,0.0,0.0,61.6,74,14,65512,50,65476,0,300,0,0,8,20529,65476,0,0,26214,60.0,0.0,0.0,0.0,0.0,0.0
2026-05-17T18:27:23,ERR,ERR,ERR,ERR,ERR,ERR,ERR,ERR,ERR,ERR,ERR,ERR,ERR,ERR,ERR,ERR,ERR,ERR,ERR,ERR,ERR,ERR,ERR,ERR,ERR,ERR,ERR,ERR,ERR,ERR,ERR,ERR,ERR,ERR,ERR,ERR,ERR,ERR,ERR,ERR,ERR,ERR,ERR,ERR,ERR,ERR,ERR,ERR,ERR,ERR,ERR,ERR,ERR,ERR,ERR,ERR,ERR,ERR,ERR,ERR,ERR,ERR,ERR,ERR,ERR,ERR,ERR,ERR,ERR,ERR,ERR,ERR,ERR,ERR,ERR,ERR,ERR,ERR,ERR,ERR,ERR,ERR,ERR,ERR,ERR,ERR,ERR,ERR,ERR,ERR,ERR,ERR,ERR,ERR,ERR,ERR,ERR,ERR,ERR,ERR,ERR,ERR,ERR,ERR,ERR,ERR,ERR,ERR,ERR,ERR,ERR,ERR,ERR,ERR,ERR,ERR,ERR,ERR,ERR,ERR,ERR,ERR,ERR,ERR,ERR,0.0,-107615296.0,-134474944.0,0.0,0.0,1.3936040501711995e+18,7.805,0.0,0,0,4,0,8422,0.0,45,0.0,0.0,0.0,0.0,0.0,0,0,0,0,0.0,0,0,0,0,0,0,0,0,0,0,0,0,0,0,0,0,0,0,0,0,0,0,0,0,0,0,0,0,0,0,0,0,0,38,14,7,45,65476,0,300,0,0,8,21553,0.0,-107605600.0,0.0,0.0,0.0,0.0,0.0,0.0,0.0,0.0,0.0,0.0,0.0,0.0,0.0,0.0,0.0,0.0,0.0,0.0,0.0,0.0,0.0,0.0,-0.0,0.0,0.0,0.0,0.0,0.0,4987.0,-2.004,0.0,0.0,0.0,-107615280.0,2.718429300292151e+23,0.0,0.0,0.0,0.0,53,-0.0,1.905685750968484e+17,0.0,0.0,0.0,0.0,0.0,0.0,0.0,0,0,0,0.0,0.0,0.0,0.0,0.0,0.0,0.0,0.0,0.0,0.0,0.0,0.0,0.0,0.0,0.0,0.0,0,-107875648.0,53,0.0,106,-107614832.0,0.0,ERR,ERR,ERR,ERR,ERR,ERR,ERR,ERR,ERR,ERR,ERR,ERR,ERR,ERR,ERR,ERR,ERR,ERR,ERR,ERR,ERR,ERR,ERR,ERR,ERR,ERR,ERR,ERR,ERR,ERR,ERR,ERR,ERR,ERR,ERR,ERR,ERR,ERR,ERR,ERR,ERR,ERR,ERR,ERR,ERR,ERR,ERR,ERR,ERR,ERR,ERR,ERR,ERR,ERR,ERR,ERR,ERR,ERR,ERR,ERR,ERR,ERR,ERR,ERR,ERR,ERR,ERR,50.0,60.0,100,0.0,0.0,0.0,0.0,0.0,0.0,0.0,0.0,0.0,0.0,0.0,0.0,0.0,0.0,0.0,0.0,61.6,74,14,65512,50,65476,0,300,0,0,8,20529,65476,0,0,26214,60.0,0.0,0.0,0.0,0.0,0.0
2026-05-17T18:27:24,ERR,ERR,ERR,ERR,ERR,ERR,ERR,ERR,ERR,ERR,ERR,ERR,ERR,ERR,ERR,ERR,ERR,ERR,ERR,ERR,ERR,ERR,ERR,ERR,ERR,ERR,ERR,ERR,ERR,ERR,ERR,ERR,ERR,ERR,ERR,ERR,ERR,ERR,ERR,ERR,ERR,ERR,ERR,ERR,ERR,ERR,ERR,ERR,ERR,ERR,ERR,ERR,ERR,ERR,ERR,ERR,ERR,ERR,ERR,ERR,ERR,ERR,ERR,ERR,ERR,ERR,ERR,ERR,ERR,ERR,ERR,ERR,ERR,ERR,ERR,ERR,ERR,ERR,ERR,ERR,ERR,ERR,ERR,ERR,ERR,ERR,ERR,ERR,ERR,ERR,ERR,ERR,ERR,ERR,ERR,ERR,ERR,ERR,ERR,ERR,ERR,ERR,ERR,ERR,ERR,ERR,ERR,ERR,ERR,ERR,ERR,ERR,ERR,ERR,ERR,ERR,ERR,ERR,ERR,ERR,ERR,ERR,ERR,ERR,ERR,0.0,-107615296.0,-134474944.0,0.0,0.0,1.3936040501711995e+18,7.805,0.0,0,0,4,0,8422,0.0,45,0.0,0.0,0.0,0.0,0.0,0,0,0,0,0.0,0,0,0,0,0,0,0,0,0,0,0,0,0,0,0,0,0,0,0,0,0,0,0,0,0,0,0,0,0,0,0,0,0,38,14,7,45,65476,0,300,0,0,8,21553,0.0,-107605600.0,0.0,0.0,0.0,0.0,0.0,0.0,0.0,0.0,0.0,0.0,0.0,0.0,0.0,0.0,0.0,0.0,0.0,0.0,0.0,0.0,0.0,0.0,-0.0,0.0,0.0,0.0,0.0,0.0,4987.0,-2.004,0.0,0.0,0.0,-107615280.0,2.718429300292151e+23,0.0,0.0,0.0,0.0,53,-0.0,1.905685750968484e+17,0.0,0.0,0.0,0.0,0.0,0.0,0.0,0,0,0,0.0,0.0,0.0,0.0,0.0,0.0,0.0,0.0,0.0,0.0,0.0,0.0,0.0,0.0,0.0,0.0,0,-107875648.0,53,0.0,106,-107614832.0,0.0,ERR,ERR,ERR,ERR,ERR,ERR,ERR,ERR,ERR,ERR,ERR,ERR,ERR,ERR,ERR,ERR,ERR,ERR,ERR,ERR,ERR,ERR,ERR,ERR,ERR,ERR,ERR,ERR,ERR,ERR,ERR,ERR,ERR,ERR,ERR,ERR,ERR,ERR,ERR,ERR,ERR,ERR,ERR,ERR,ERR,ERR,ERR,ERR,ERR,ERR,ERR,ERR,ERR,ERR,ERR,ERR,ERR,ERR,ERR,ERR,ERR,ERR,ERR,ERR,ERR,ERR,ERR,50.0,60.0,100,0.0,0.0,0.0,0.0,0.0,0.0,0.0,0.0,0.0,0.0,0.0,0.0,0.0,0.0,0.0,0.0,61.6,74,14,65512,50,65476,0,300,0,0,8,20529,65476,0,0,26214,60.0,0.0,0.0,0.0,0.0,0.0
2026-05-17T18:27:25,ERR,ERR,ERR,ERR,ERR,ERR,ERR,ERR,ERR,ERR,ERR,ERR,ERR,ERR,ERR,ERR,ERR,ERR,ERR,ERR,ERR,ERR,ERR,ERR,ERR,ERR,ERR,ERR,ERR,ERR,ERR,ERR,ERR,ERR,ERR,ERR,ERR,ERR,ERR,ERR,ERR,ERR,ERR,ERR,ERR,ERR,ERR,ERR,ERR,ERR,ERR,ERR,ERR,ERR,ERR,ERR,ERR,ERR,ERR,ERR,ERR,ERR,ERR,ERR,ERR,ERR,ERR,ERR,ERR,ERR,ERR,ERR,ERR,ERR,ERR,ERR,ERR,ERR,ERR,ERR,ERR,ERR,ERR,ERR,ERR,ERR,ERR,ERR,ERR,ERR,ERR,ERR,ERR,ERR,ERR,ERR,ERR,ERR,ERR,ERR,ERR,ERR,ERR,ERR,ERR,ERR,ERR,ERR,ERR,ERR,ERR,ERR,ERR,ERR,ERR,ERR,ERR,ERR,ERR,ERR,ERR,ERR,ERR,ERR,ERR,0.0,-107615296.0,-134474944.0,0.0,0.0,1.3936040501711995e+18,7.805,0.0,0,0,4,0,8422,0.0,45,0.0,0.0,0.0,0.0,0.0,0,0,0,0,0.0,0,0,0,0,0,0,0,0,0,0,0,0,0,0,0,0,0,0,0,0,0,0,0,0,0,0,0,0,0,0,0,0,0,38,14,7,45,65476,0,300,0,0,8,21553,0.0,-107605600.0,0.0,0.0,0.0,0.0,0.0,0.0,0.0,0.0,0.0,0.0,0.0,0.0,0.0,0.0,0.0,0.0,0.0,0.0,0.0,0.0,0.0,0.0,-0.0,0.0,0.0,0.0,0.0,0.0,4987.0,-2.004,0.0,0.0,0.0,-107615280.0,2.718429300292151e+23,0.0,0.0,0.0,0.0,53,-0.0,1.905685750968484e+17,0.0,0.0,0.0,0.0,0.0,0.0,0.0,0,0,0,0.0,0.0,0.0,0.0,0.0,0.0,0.0,0.0,0.0,0.0,0.0,0.0,0.0,0.0,0.0,0.0,0,-107875648.0,53,0.0,106,-107614832.0,0.0,ERR,ERR,ERR,ERR,ERR,ERR,ERR,ERR,ERR,ERR,ERR,ERR,ERR,ERR,ERR,ERR,ERR,ERR,ERR,ERR,ERR,ERR,ERR,ERR,ERR,ERR,ERR,ERR,ERR,ERR,ERR,ERR,ERR,ERR,ERR,ERR,ERR,ERR,ERR,ERR,ERR,ERR,ERR,ERR,ERR,ERR,ERR,ERR,ERR,ERR,ERR,ERR,ERR,ERR,ERR,ERR,ERR,ERR,ERR,ERR,ERR,ERR,ERR,ERR,ERR,ERR,ERR,50.0,60.0,100,0.0,0.0,0.0,0.0,0.0,0.0,0.0,0.0,0.0,0.0,0.0,0.0,0.0,0.0,0.0,0.0,61.6,74,14,65512,50,65476,0,300,0,0,8,20529,65476,0,0,26214,60.0,0.0,0.0,0.0,0.0,0.0
2026-05-17T18:27:26,ERR,ERR,ERR,ERR,ERR,ERR,ERR,ERR,ERR,ERR,ERR,ERR,ERR,ERR,ERR,ERR,ERR,ERR,ERR,ERR,ERR,ERR,ERR,ERR,ERR,ERR,ERR,ERR,ERR,ERR,ERR,ERR,ERR,ERR,ERR,ERR,ERR,ERR,ERR,ERR,ERR,ERR,ERR,ERR,ERR,ERR,ERR,ERR,ERR,ERR,ERR,ERR,ERR,ERR,ERR,ERR,ERR,ERR,ERR,ERR,ERR,ERR,ERR,ERR,ERR,ERR,ERR,ERR,ERR,ERR,ERR,ERR,ERR,ERR,ERR,ERR,ERR,ERR,ERR,ERR,ERR,ERR,ERR,ERR,ERR,ERR,ERR,ERR,ERR,ERR,ERR,ERR,ERR,ERR,ERR,ERR,ERR,ERR,ERR,ERR,ERR,ERR,ERR,ERR,ERR,ERR,ERR,ERR,ERR,ERR,ERR,ERR,ERR,ERR,ERR,ERR,ERR,ERR,ERR,ERR,ERR,ERR,ERR,ERR,ERR,0.0,-107615296.0,-134474944.0,0.0,0.0,1.3936040501711995e+18,7.805,0.0,0,0,4,0,8422,0.0,45,0.0,0.0,0.0,0.0,0.0,0,0,0,0,0.0,0,0,0,0,0,0,0,0,0,0,0,0,0,0,0,0,0,0,0,0,0,0,0,0,0,0,0,0,0,0,0,0,0,38,14,7,45,65476,0,300,0,0,8,21553,0.0,-107605600.0,0.0,0.0,0.0,0.0,0.0,0.0,0.0,0.0,0.0,0.0,0.0,0.0,0.0,0.0,0.0,0.0,0.0,0.0,0.0,0.0,0.0,0.0,-0.0,0.0,0.0,0.0,0.0,0.0,4987.0,-2.004,0.0,0.0,0.0,-107615280.0,2.718429300292151e+23,0.0,0.0,0.0,0.0,53,-0.0,1.905685750968484e+17,0.0,0.0,0.0,0.0,0.0,0.0,0.0,0,0,0,0.0,0.0,0.0,0.0,0.0,0.0,0.0,0.0,0.0,0.0,0.0,0.0,0.0,0.0,0.0,0.0,0,-107875648.0,53,0.0,106,-107614832.0,0.0,ERR,ERR,ERR,ERR,ERR,ERR,ERR,ERR,ERR,ERR,ERR,ERR,ERR,ERR,ERR,ERR,ERR,ERR,ERR,ERR,ERR,ERR,ERR,ERR,ERR,ERR,ERR,ERR,ERR,ERR,ERR,ERR,ERR,ERR,ERR,ERR,ERR,ERR,ERR,ERR,ERR,ERR,ERR,ERR,ERR,ERR,ERR,ERR,ERR,ERR,ERR,ERR,ERR,ERR,ERR,ERR,ERR,ERR,ERR,ERR,ERR,ERR,ERR,ERR,ERR,ERR,ERR,50.0,60.0,100,0.0,0.0,0.0,0.0,0.0,0.0,0.0,0.0,0.0,0.0,0.0,0.0,0.0,0.0,0.0,0.0,61.6,74,14,65512,50,65476,0,300,0,0,8,20529,65476,0,0,26214,60.0,0.0,0.0,0.0,0.0,0.0
2026-05-17T18:27:27,ERR,ERR,ERR,ERR,ERR,ERR,ERR,ERR,ERR,ERR,ERR,ERR,ERR,ERR,ERR,ERR,ERR,ERR,ERR,ERR,ERR,ERR,ERR,ERR,ERR,ERR,ERR,ERR,ERR,ERR,ERR,ERR,ERR,ERR,ERR,ERR,ERR,ERR,ERR,ERR,ERR,ERR,ERR,ERR,ERR,ERR,ERR,ERR,ERR,ERR,ERR,ERR,ERR,ERR,ERR,ERR,ERR,ERR,ERR,ERR,ERR,ERR,ERR,ERR,ERR,ERR,ERR,ERR,ERR,ERR,ERR,ERR,ERR,ERR,ERR,ERR,ERR,ERR,ERR,ERR,ERR,ERR,ERR,ERR,ERR,ERR,ERR,ERR,ERR,ERR,ERR,ERR,ERR,ERR,ERR,ERR,ERR,ERR,ERR,ERR,ERR,ERR,ERR,ERR,ERR,ERR,ERR,ERR,ERR,ERR,ERR,ERR,ERR,ERR,ERR,ERR,ERR,ERR,ERR,ERR,ERR,ERR,ERR,ERR,ERR,0.0,0.0,0.0,0.0,0.0,1.3936040501711995e+18,7.805,0.0,0,0,4,0,8422,0.0,45,0.0,0.0,0.0,0.0,0.0,0,0,0,0,0.0,0,0,0,0,0,0,0,0,0,0,0,0,0,0,0,0,0,0,0,0,0,0,0,0,0,0,0,0,0,0,0,0,0,38,14,7,45,65476,0,300,0,0,8,21553,0.0,-107605600.0,0.0,0.0,0.0,0.0,0.0,0.0,0.0,0.0,0.0,0.0,0.0,0.0,0.0,0.0,0.0,0.0,0.0,0.0,0.0,0.0,0.0,2.004,-0.0,0.0,0.0,0.0,0.0,0.0,4983.0,-1.0406652570629681e+34,0.0,0.0,0.0,-107615280.0,2.718429300292151e+23,0.0,0.0,0.0,0.0,53,-0.0,-0.0,0.0,0.0,0.0,0.0,0.0,0.0,0.0,0,0,0,0.0,0.0,0.0,0.0,0.0,0.0,0.0,0.0,0.0,0.0,0.0,0.0,0.0,0.0,0.0,0.0,0,-107875648.0,53,0.0,106,-107614832.0,0.0,ERR,ERR,ERR,ERR,ERR,ERR,ERR,ERR,ERR,ERR,ERR,ERR,ERR,ERR,ERR,ERR,ERR,ERR,ERR,ERR,ERR,ERR,ERR,ERR,ERR,ERR,ERR,ERR,ERR,ERR,ERR,ERR,ERR,ERR,ERR,ERR,ERR,ERR,ERR,ERR,ERR,ERR,ERR,ERR,ERR,ERR,ERR,ERR,ERR,ERR,ERR,ERR,ERR,ERR,ERR,ERR,ERR,ERR,ERR,ERR,ERR,ERR,ERR,ERR,ERR,ERR,ERR,50.0,60.0,100,0.0,0.0,0.0,0.0,0.0,0.0,0.0,0.0,0.0,0.0,0.0,0.0,0.0,0.0,0.0,0.0,61.6,74,14,65512,50,65476,0,300,0,0,8,20529,65476,0,0,26214,60.0,0.0,0.0,0.0,0.0,0.0
2026-05-17T18:27:28,ERR,ERR,ERR,ERR,ERR,ERR,ERR,ERR,ERR,ERR,ERR,ERR,ERR,ERR,ERR,ERR,ERR,ERR,ERR,ERR,ERR,ERR,ERR,ERR,ERR,ERR,ERR,ERR,ERR,ERR,ERR,ERR,ERR,ERR,ERR,ERR,ERR,ERR,ERR,ERR,ERR,ERR,ERR,ERR,ERR,ERR,ERR,ERR,ERR,ERR,ERR,ERR,ERR,ERR,ERR,ERR,ERR,ERR,ERR,ERR,ERR,ERR,ERR,ERR,ERR,ERR,ERR,ERR,ERR,ERR,ERR,ERR,ERR,ERR,ERR,ERR,ERR,ERR,ERR,ERR,ERR,ERR,ERR,ERR,ERR,ERR,ERR,ERR,ERR,ERR,ERR,ERR,ERR,ERR,ERR,ERR,ERR,ERR,ERR,ERR,ERR,ERR,ERR,ERR,ERR,ERR,ERR,ERR,ERR,ERR,ERR,ERR,ERR,ERR,ERR,ERR,ERR,ERR,ERR,ERR,ERR,ERR,ERR,ERR,ERR,0.0,0.0,0.0,0.0,0.0,1.3936040501711995e+18,7.805,0.0,0,0,4,0,8422,0.0,45,0.0,0.0,0.0,0.0,0.0,0,0,0,0,0.0,0,0,0,0,0,0,0,0,0,0,0,0,0,0,0,0,0,0,0,0,0,0,0,0,0,0,0,0,0,0,0,0,0,38,14,7,45,65476,0,300,0,0,8,21553,0.0,-107605600.0,0.0,0.0,0.0,0.0,0.0,0.0,0.0,0.0,0.0,0.0,0.0,0.0,0.0,0.0,0.0,0.0,0.0,0.0,0.0,0.0,0.0,2.004,-0.0,0.0,0.0,0.0,0.0,0.0,4983.0,-1.0406652570629681e+34,0.0,0.0,0.0,-107615280.0,2.718429300292151e+23,0.0,0.0,0.0,0.0,53,-0.0,-0.0,0.0,0.0,0.0,0.0,0.0,0.0,0.0,0,0,0,0.0,0.0,0.0,0.0,0.0,0.0,0.0,0.0,0.0,0.0,0.0,0.0,0.0,0.0,0.0,0.0,0,-107875648.0,53,0.0,106,-107614832.0,0.0,ERR,ERR,ERR,ERR,ERR,ERR,ERR,ERR,ERR,ERR,ERR,ERR,ERR,ERR,ERR,ERR,ERR,ERR,ERR,ERR,ERR,ERR,ERR,ERR,ERR,ERR,ERR,ERR,ERR,ERR,ERR,ERR,ERR,ERR,ERR,ERR,ERR,ERR,ERR,ERR,ERR,ERR,ERR,ERR,ERR,ERR,ERR,ERR,ERR,ERR,ERR,ERR,ERR,ERR,ERR,ERR,ERR,ERR,ERR,ERR,ERR,ERR,ERR,ERR,ERR,ERR,ERR,50.0,60.0,100,0.0,0.0,0.0,0.0,0.0,0.0,0.0,0.0,0.0,0.0,0.0,0.0,0.0,0.0,0.0,0.0,61.6,74,14,65512,50,65476,0,300,0,0,8,20529,65476,0,0,26214,60.0,0.0,0.0,0.0,0.0,0.0
2026-05-17T18:27:29,ERR,ERR,ERR,ERR,ERR,ERR,ERR,ERR,ERR,ERR,ERR,ERR,ERR,ERR,ERR,ERR,ERR,ERR,ERR,ERR,ERR,ERR,ERR,ERR,ERR,ERR,ERR,ERR,ERR,ERR,ERR,ERR,ERR,ERR,ERR,ERR,ERR,ERR,ERR,ERR,ERR,ERR,ERR,ERR,ERR,ERR,ERR,ERR,ERR,ERR,ERR,ERR,ERR,ERR,ERR,ERR,ERR,ERR,ERR,ERR,ERR,ERR,ERR,ERR,ERR,ERR,ERR,ERR,ERR,ERR,ERR,ERR,ERR,ERR,ERR,ERR,ERR,ERR,ERR,ERR,ERR,ERR,ERR,ERR,ERR,ERR,ERR,ERR,ERR,ERR,ERR,ERR,ERR,ERR,ERR,ERR,ERR,ERR,ERR,ERR,ERR,ERR,ERR,ERR,ERR,ERR,ERR,ERR,ERR,ERR,ERR,ERR,ERR,ERR,ERR,ERR,ERR,ERR,ERR,ERR,ERR,ERR,ERR,ERR,ERR,0.0,0.0,0.0,0.0,0.0,1.3936040501711995e+18,7.805,0.0,0,0,4,0,8422,0.0,45,0.0,0.0,0.0,0.0,0.0,0,0,0,0,0.0,0,0,0,0,0,0,0,0,0,0,0,0,0,0,0,0,0,0,0,0,0,0,0,0,0,0,0,0,0,0,0,0,0,38,14,7,45,65476,0,300,0,0,8,21553,0.0,-107605600.0,0.0,0.0,0.0,0.0,0.0,0.0,0.0,0.0,0.0,0.0,0.0,0.0,0.0,0.0,0.0,0.0,0.0,0.0,0.0,0.0,0.0,2.004,-0.0,0.0,0.0,0.0,0.0,0.0,4983.0,-1.0406652570629681e+34,0.0,0.0,0.0,-107615280.0,2.718429300292151e+23,0.0,0.0,0.0,0.0,53,-0.0,-0.0,0.0,0.0,0.0,0.0,0.0,0.0,0.0,0,0,0,0.0,0.0,0.0,0.0,0.0,0.0,0.0,0.0,0.0,0.0,0.0,0.0,0.0,0.0,0.0,0.0,0,-107875648.0,53,0.0,106,-107614832.0,0.0,ERR,ERR,ERR,ERR,ERR,ERR,ERR,ERR,ERR,ERR,ERR,ERR,ERR,ERR,ERR,ERR,ERR,ERR,ERR,ERR,ERR,ERR,ERR,ERR,ERR,ERR,ERR,ERR,ERR,ERR,ERR,ERR,ERR,ERR,ERR,ERR,ERR,ERR,ERR,ERR,ERR,ERR,ERR,ERR,ERR,ERR,ERR,ERR,ERR,ERR,ERR,ERR,ERR,ERR,ERR,ERR,ERR,ERR,ERR,ERR,ERR,ERR,ERR,ERR,ERR,ERR,ERR,50.0,60.0,100,0.0,0.0,0.0,0.0,0.0,0.0,0.0,0.0,0.0,0.0,0.0,0.0,0.0,0.0,0.0,0.0,61.6,74,14,65512,50,65476,0,300,0,0,8,20529,65476,0,0,26214,60.0,0.0,0.0,0.0,0.0,0.0
2026-05-17T18:27:30,ERR,ERR,ERR,ERR,ERR,ERR,ERR,ERR,ERR,ERR,ERR,ERR,ERR,ERR,ERR,ERR,ERR,ERR,ERR,ERR,ERR,ERR,ERR,ERR,ERR,ERR,ERR,ERR,ERR,ERR,ERR,ERR,ERR,ERR,ERR,ERR,ERR,ERR,ERR,ERR,ERR,ERR,ERR,ERR,ERR,ERR,ERR,ERR,ERR,ERR,ERR,ERR,ERR,ERR,ERR,ERR,ERR,ERR,ERR,ERR,ERR,ERR,ERR,ERR,ERR,ERR,ERR,ERR,ERR,ERR,ERR,ERR,ERR,ERR,ERR,ERR,ERR,ERR,ERR,ERR,ERR,ERR,ERR,ERR,ERR,ERR,ERR,ERR,ERR,ERR,ERR,ERR,ERR,ERR,ERR,ERR,ERR,ERR,ERR,ERR,ERR,ERR,ERR,ERR,ERR,ERR,ERR,ERR,ERR,ERR,ERR,ERR,ERR,ERR,ERR,ERR,ERR,ERR,ERR,ERR,ERR,ERR,ERR,ERR,ERR,0.0,0.0,0.0,0.0,0.0,1.3936040501711995e+18,7.805,0.0,0,0,4,0,8422,0.0,45,0.0,0.0,0.0,0.0,0.0,0,0,0,0,0.0,0,0,0,0,0,0,0,0,0,0,0,0,0,0,0,0,0,0,0,0,0,0,0,0,0,0,0,0,0,0,0,0,0,38,14,7,45,65476,0,300,0,0,8,21553,0.0,-107605600.0,0.0,0.0,0.0,0.0,0.0,0.0,0.0,0.0,0.0,0.0,0.0,0.0,0.0,0.0,0.0,0.0,0.0,0.0,0.0,0.0,0.0,2.004,-0.0,0.0,0.0,0.0,0.0,0.0,4983.0,-1.0406652570629681e+34,0.0,0.0,0.0,-107615280.0,2.718429300292151e+23,0.0,0.0,0.0,0.0,53,-0.0,-0.0,0.0,0.0,0.0,0.0,0.0,0.0,0.0,0,0,0,0.0,0.0,0.0,0.0,0.0,0.0,0.0,0.0,0.0,0.0,0.0,0.0,0.0,0.0,0.0,0.0,0,-107875648.0,53,0.0,106,-107614832.0,0.0,ERR,ERR,ERR,ERR,ERR,ERR,ERR,ERR,ERR,ERR,ERR,ERR,ERR,ERR,ERR,ERR,ERR,ERR,ERR,ERR,ERR,ERR,ERR,ERR,ERR,ERR,ERR,ERR,ERR,ERR,ERR,ERR,ERR,ERR,ERR,ERR,ERR,ERR,ERR,ERR,ERR,ERR,ERR,ERR,ERR,ERR,ERR,ERR,ERR,ERR,ERR,ERR,ERR,ERR,ERR,ERR,ERR,ERR,ERR,ERR,ERR,ERR,ERR,ERR,ERR,ERR,ERR,50.0,60.0,100,0.0,0.0,0.0,0.0,0.0,0.0,0.0,0.0,0.0,0.0,0.0,0.0,0.0,0.0,0.0,0.0,61.6,74,14,65512,50,65476,0,300,0,0,8,20529,65476,0,0,26214,60.0,0.0,0.0,0.0,0.0,0.0
2026-05-17T18:27:31,ERR,ERR,ERR,ERR,ERR,ERR,ERR,ERR,ERR,ERR,ERR,ERR,ERR,ERR,ERR,ERR,ERR,ERR,ERR,ERR,ERR,ERR,ERR,ERR,ERR,ERR,ERR,ERR,ERR,ERR,ERR,ERR,ERR,ERR,ERR,ERR,ERR,ERR,ERR,ERR,ERR,ERR,ERR,ERR,ERR,ERR,ERR,ERR,ERR,ERR,ERR,ERR,ERR,ERR,ERR,ERR,ERR,ERR,ERR,ERR,ERR,ERR,ERR,ERR,ERR,ERR,ERR,ERR,ERR,ERR,ERR,ERR,ERR,ERR,ERR,ERR,ERR,ERR,ERR,ERR,ERR,ERR,ERR,ERR,ERR,ERR,ERR,ERR,ERR,ERR,ERR,ERR,ERR,ERR,ERR,ERR,ERR,ERR,ERR,ERR,ERR,ERR,ERR,ERR,ERR,ERR,ERR,ERR,ERR,ERR,ERR,ERR,ERR,ERR,ERR,ERR,ERR,ERR,ERR,ERR,ERR,ERR,ERR,ERR,ERR,0.0,0.0,0.0,0.0,0.0,1.3936040501711995e+18,7.805,0.0,0,0,4,0,8422,0.0,45,0.0,0.0,0.0,0.0,0.0,0,0,0,0,0.0,0,0,0,0,0,0,0,0,0,0,0,0,0,0,0,0,0,0,0,0,0,0,0,0,0,0,0,0,0,0,0,0,0,38,14,7,45,65476,0,300,0,0,8,21553,0.0,-107605600.0,0.0,0.0,0.0,0.0,0.0,0.0,0.0,0.0,0.0,0.0,0.0,0.0,0.0,0.0,0.0,0.0,0.0,0.0,0.0,0.0,0.0,2.004,-0.0,0.0,0.0,0.0,0.0,0.0,4983.0,-1.0406652570629681e+34,0.0,0.0,0.0,-107615280.0,2.718429300292151e+23,0.0,0.0,0.0,0.0,53,-0.0,-0.0,0.0,0.0,0.0,0.0,0.0,0.0,0.0,0,0,0,0.0,0.0,0.0,0.0,0.0,0.0,0.0,0.0,0.0,0.0,0.0,0.0,0.0,0.0,0.0,0.0,0,-107875648.0,53,0.0,106,-107614832.0,0.0,ERR,ERR,ERR,ERR,ERR,ERR,ERR,ERR,ERR,ERR,ERR,ERR,ERR,ERR,ERR,ERR,ERR,ERR,ERR,ERR,ERR,ERR,ERR,ERR,ERR,ERR,ERR,ERR,ERR,ERR,ERR,ERR,ERR,ERR,ERR,ERR,ERR,ERR,ERR,ERR,ERR,ERR,ERR,ERR,ERR,ERR,ERR,ERR,ERR,ERR,ERR,ERR,ERR,ERR,ERR,ERR,ERR,ERR,ERR,ERR,ERR,ERR,ERR,ERR,ERR,ERR,ERR,50.0,60.0,100,0.0,0.0,0.0,0.0,0.0,0.0,0.0,0.0,0.0,0.0,0.0,0.0,0.0,0.0,0.0,0.0,61.6,74,14,65512,50,65476,0,300,0,0,8,20529,65476,0,0,26214,60.0,0.0,0.0,0.0,0.0,0.0
2026-05-17T18:27:32,ERR,ERR,ERR,ERR,ERR,ERR,ERR,ERR,ERR,ERR,ERR,ERR,ERR,ERR,ERR,ERR,ERR,ERR,ERR,ERR,ERR,ERR,ERR,ERR,ERR,ERR,ERR,ERR,ERR,ERR,ERR,ERR,ERR,ERR,ERR,ERR,ERR,ERR,ERR,ERR,ERR,ERR,ERR,ERR,ERR,ERR,ERR,ERR,ERR,ERR,ERR,ERR,ERR,ERR,ERR,ERR,ERR,ERR,ERR,ERR,ERR,ERR,ERR,ERR,ERR,ERR,ERR,ERR,ERR,ERR,ERR,ERR,ERR,ERR,ERR,ERR,ERR,ERR,ERR,ERR,ERR,ERR,ERR,ERR,ERR,ERR,ERR,ERR,ERR,ERR,ERR,ERR,ERR,ERR,ERR,ERR,ERR,ERR,ERR,ERR,ERR,ERR,ERR,ERR,ERR,ERR,ERR,ERR,ERR,ERR,ERR,ERR,ERR,ERR,ERR,ERR,ERR,ERR,ERR,ERR,ERR,ERR,ERR,ERR,ERR,0.0,0.0,0.0,0.0,0.0,1.3936040501711995e+18,7.805,0.0,0,0,4,0,8422,0.0,45,0.0,0.0,0.0,0.0,0.0,0,0,0,0,0.0,0,0,0,0,0,0,0,0,0,0,0,0,0,0,0,0,0,0,0,0,0,0,0,0,0,0,0,0,0,0,0,0,0,38,14,7,45,65476,0,300,0,0,8,21553,0.0,-107605600.0,0.0,0.0,0.0,0.0,0.0,0.0,0.0,0.0,0.0,0.0,0.0,0.0,0.0,0.0,0.0,0.0,0.0,0.0,0.0,0.0,0.0,0.0,-0.0,0.0,0.0,0.0,0.0,0.0,4987.0,-8608181248.0,0.0,0.0,0.0,-107615280.0,2.718429300292151e+23,0.0,0.0,0.0,0.0,53,-0.0,4.066853280225235e+29,0.0,0.0,0.0,0.0,0.0,0.0,0.0,0,0,0,0.0,0.0,0.0,0.0,0.0,0.0,0.0,0.0,0.0,0.0,0.0,0.0,0.0,0.0,0.0,0.0,0,-107875648.0,53,0.0,106,-107614832.0,0.0,ERR,ERR,ERR,ERR,ERR,ERR,ERR,ERR,ERR,ERR,ERR,ERR,ERR,ERR,ERR,ERR,ERR,ERR,ERR,ERR,ERR,ERR,ERR,ERR,ERR,ERR,ERR,ERR,ERR,ERR,ERR,ERR,ERR,ERR,ERR,ERR,ERR,ERR,ERR,ERR,ERR,ERR,ERR,ERR,ERR,ERR,ERR,ERR,ERR,ERR,ERR,ERR,ERR,ERR,ERR,ERR,ERR,ERR,ERR,ERR,ERR,ERR,ERR,ERR,ERR,ERR,ERR,50.0,60.0,100,0.0,0.0,0.0,0.0,0.0,0.0,0.0,0.0,0.0,0.0,0.0,0.0,0.0,0.0,0.0,0.0,61.6,74,14,65512,50,65476,0,300,0,0,8,20529,65476,0,0,26214,60.0,0.0,0.0,0.0,0.0,0.0
2026-05-17T18:27:33,ERR,ERR,ERR,ERR,ERR,ERR,ERR,ERR,ERR,ERR,ERR,ERR,ERR,ERR,ERR,ERR,ERR,ERR,ERR,ERR,ERR,ERR,ERR,ERR,ERR,ERR,ERR,ERR,ERR,ERR,ERR,ERR,ERR,ERR,ERR,ERR,ERR,ERR,ERR,ERR,ERR,ERR,ERR,ERR,ERR,ERR,ERR,ERR,ERR,ERR,ERR,ERR,ERR,ERR,ERR,ERR,ERR,ERR,ERR,ERR,ERR,ERR,ERR,ERR,ERR,ERR,ERR,ERR,ERR,ERR,ERR,ERR,ERR,ERR,ERR,ERR,ERR,ERR,ERR,ERR,ERR,ERR,ERR,ERR,ERR,ERR,ERR,ERR,ERR,ERR,ERR,ERR,ERR,ERR,ERR,ERR,ERR,ERR,ERR,ERR,ERR,ERR,ERR,ERR,ERR,ERR,ERR,ERR,ERR,ERR,ERR,ERR,ERR,ERR,ERR,ERR,ERR,ERR,ERR,ERR,ERR,ERR,ERR,ERR,ERR,0.0,0.0,0.0,0.0,0.0,1.3936040501711995e+18,7.805,0.0,0,0,4,0,8422,0.0,45,0.0,0.0,0.0,0.0,0.0,0,0,0,0,0.0,0,0,0,0,0,0,0,0,0,0,0,0,0,0,0,0,0,0,0,0,0,0,0,0,0,0,0,0,0,0,0,0,0,38,14,7,45,65476,0,300,0,0,8,21553,0.0,-107605600.0,0.0,0.0,0.0,0.0,0.0,0.0,0.0,0.0,0.0,0.0,0.0,0.0,0.0,0.0,0.0,0.0,0.0,0.0,0.0,0.0,0.0,0.0,-0.0,0.0,0.0,0.0,0.0,0.0,4987.0,-8608181248.0,0.0,0.0,0.0,-107615280.0,2.718429300292151e+23,0.0,0.0,0.0,0.0,53,-0.0,4.066853280225235e+29,0.0,0.0,0.0,0.0,0.0,0.0,0.0,0,0,0,0.0,0.0,0.0,0.0,0.0,0.0,0.0,0.0,0.0,0.0,0.0,0.0,0.0,0.0,0.0,0.0,0,-107875648.0,53,0.0,106,-107614832.0,0.0,ERR,ERR,ERR,ERR,ERR,ERR,ERR,ERR,ERR,ERR,ERR,ERR,ERR,ERR,ERR,ERR,ERR,ERR,ERR,ERR,ERR,ERR,ERR,ERR,ERR,ERR,ERR,ERR,ERR,ERR,ERR,ERR,ERR,ERR,ERR,ERR,ERR,ERR,ERR,ERR,ERR,ERR,ERR,ERR,ERR,ERR,ERR,ERR,ERR,ERR,ERR,ERR,ERR,ERR,ERR,ERR,ERR,ERR,ERR,ERR,ERR,ERR,ERR,ERR,ERR,ERR,ERR,50.0,60.0,100,0.0,0.0,0.0,0.0,0.0,0.0,0.0,0.0,0.0,0.0,0.0,0.0,0.0,0.0,0.0,0.0,61.6,73,14,65512,50,65476,0,300,0,0,8,20529,65476,0,0,26214,60.0,0.0,0.0,0.0,0.0,0.0
2026-05-17T18:27:34,ERR,ERR,ERR,ERR,ERR,ERR,ERR,ERR,ERR,ERR,ERR,ERR,ERR,ERR,ERR,ERR,ERR,ERR,ERR,ERR,ERR,ERR,ERR,ERR,ERR,ERR,ERR,ERR,ERR,ERR,ERR,ERR,ERR,ERR,ERR,ERR,ERR,ERR,ERR,ERR,ERR,ERR,ERR,ERR,ERR,ERR,ERR,ERR,ERR,ERR,ERR,ERR,ERR,ERR,ERR,ERR,ERR,ERR,ERR,ERR,ERR,ERR,ERR,ERR,ERR,ERR,ERR,ERR,ERR,ERR,ERR,ERR,ERR,ERR,ERR,ERR,ERR,ERR,ERR,ERR,ERR,ERR,ERR,ERR,ERR,ERR,ERR,ERR,ERR,ERR,ERR,ERR,ERR,ERR,ERR,ERR,ERR,ERR,ERR,ERR,ERR,ERR,ERR,ERR,ERR,ERR,ERR,ERR,ERR,ERR,ERR,ERR,ERR,ERR,ERR,ERR,ERR,ERR,ERR,ERR,ERR,ERR,ERR,ERR,ERR,0.0,0.0,0.0,0.0,0.0,1.3936040501711995e+18,7.805,0.0,0,0,4,0,8422,0.0,45,0.0,0.0,0.0,0.0,0.0,0,0,0,0,0.0,0,0,0,0,0,0,0,0,0,0,0,0,0,0,0,0,0,0,0,0,0,0,0,0,0,0,0,0,0,0,0,0,0,38,14,7,45,65476,0,300,0,0,8,21553,0.0,-107605600.0,0.0,0.0,0.0,0.0,0.0,0.0,0.0,0.0,0.0,0.0,0.0,0.0,0.0,0.0,0.0,0.0,0.0,0.0,0.0,0.0,0.0,0.0,-0.0,0.0,0.0,0.0,0.0,0.0,4987.0,-8608181248.0,0.0,0.0,0.0,-107615280.0,2.718429300292151e+23,0.0,0.0,0.0,0.0,53,-0.0,4.066853280225235e+29,0.0,0.0,0.0,0.0,0.0,0.0,0.0,0,0,0,0.0,0.0,0.0,0.0,0.0,0.0,0.0,0.0,0.0,0.0,0.0,0.0,0.0,0.0,0.0,0.0,0,-107875648.0,53,0.0,106,-107614832.0,0.0,ERR,ERR,ERR,ERR,ERR,ERR,ERR,ERR,ERR,ERR,ERR,ERR,ERR,ERR,ERR,ERR,ERR,ERR,ERR,ERR,ERR,ERR,ERR,ERR,ERR,ERR,ERR,ERR,ERR,ERR,ERR,ERR,ERR,ERR,ERR,ERR,ERR,ERR,ERR,ERR,ERR,ERR,ERR,ERR,ERR,ERR,ERR,ERR,ERR,ERR,ERR,ERR,ERR,ERR,ERR,ERR,ERR,ERR,ERR,ERR,ERR,ERR,ERR,ERR,ERR,ERR,ERR,50.0,60.0,100,0.0,0.0,0.0,0.0,0.0,0.0,0.0,0.0,0.0,0.0,0.0,0.0,0.0,0.0,0.0,0.0,61.6,73,14,65512,50,65476,0,300,0,0,8,20529,65476,0,0,26214,60.0,0.0,0.0,0.0,0.0,0.0
2026-05-17T18:27:35,ERR,ERR,ERR,ERR,ERR,ERR,ERR,ERR,ERR,ERR,ERR,ERR,ERR,ERR,ERR,ERR,ERR,ERR,ERR,ERR,ERR,ERR,ERR,ERR,ERR,ERR,ERR,ERR,ERR,ERR,ERR,ERR,ERR,ERR,ERR,ERR,ERR,ERR,ERR,ERR,ERR,ERR,ERR,ERR,ERR,ERR,ERR,ERR,ERR,ERR,ERR,ERR,ERR,ERR,ERR,ERR,ERR,ERR,ERR,ERR,ERR,ERR,ERR,ERR,ERR,ERR,ERR,ERR,ERR,ERR,ERR,ERR,ERR,ERR,ERR,ERR,ERR,ERR,ERR,ERR,ERR,ERR,ERR,ERR,ERR,ERR,ERR,ERR,ERR,ERR,ERR,ERR,ERR,ERR,ERR,ERR,ERR,ERR,ERR,ERR,ERR,ERR,ERR,ERR,ERR,ERR,ERR,ERR,ERR,ERR,ERR,ERR,ERR,ERR,ERR,ERR,ERR,ERR,ERR,ERR,ERR,ERR,ERR,ERR,ERR,0.0,0.0,0.0,0.0,0.0,1.3936040501711995e+18,7.805,0.0,0,0,4,0,8422,0.0,45,0.0,0.0,0.0,0.0,0.0,0,0,0,0,0.0,0,0,0,0,0,0,0,0,0,0,0,0,0,0,0,0,0,0,0,0,0,0,0,0,0,0,0,0,0,0,0,0,0,38,14,7,45,65476,0,300,0,0,8,21553,0.0,-107605600.0,0.0,0.0,0.0,0.0,0.0,0.0,0.0,0.0,0.0,0.0,0.0,0.0,0.0,0.0,0.0,0.0,0.0,0.0,0.0,0.0,0.0,0.0,-0.0,0.0,0.0,0.0,0.0,0.0,4987.0,-8608181248.0,0.0,0.0,0.0,-107615280.0,2.718429300292151e+23,0.0,0.0,0.0,0.0,53,-0.0,4.066853280225235e+29,0.0,0.0,0.0,0.0,0.0,0.0,0.0,0,0,0,0.0,0.0,0.0,0.0,0.0,0.0,0.0,0.0,0.0,0.0,0.0,0.0,0.0,0.0,0.0,0.0,0,-107875648.0,53,0.0,106,-107614832.0,0.0,ERR,ERR,ERR,ERR,ERR,ERR,ERR,ERR,ERR,ERR,ERR,ERR,ERR,ERR,ERR,ERR,ERR,ERR,ERR,ERR,ERR,ERR,ERR,ERR,ERR,ERR,ERR,ERR,ERR,ERR,ERR,ERR,ERR,ERR,ERR,ERR,ERR,ERR,ERR,ERR,ERR,ERR,ERR,ERR,ERR,ERR,ERR,ERR,ERR,ERR,ERR,ERR,ERR,ERR,ERR,ERR,ERR,ERR,ERR,ERR,ERR,ERR,ERR,ERR,ERR,ERR,ERR,50.0,60.0,100,0.0,0.0,0.0,0.0,0.0,0.0,0.0,0.0,0.0,0.0,0.0,0.0,0.0,0.0,0.0,0.0,61.6,73,14,65512,50,65476,0,300,0,0,8,20529,65476,0,0,26214,60.0,0.0,0.0,0.0,0.0,0.0
2026-05-17T18:27:36,ERR,ERR,ERR,ERR,ERR,ERR,ERR,ERR,ERR,ERR,ERR,ERR,ERR,ERR,ERR,ERR,ERR,ERR,ERR,ERR,ERR,ERR,ERR,ERR,ERR,ERR,ERR,ERR,ERR,ERR,ERR,ERR,ERR,ERR,ERR,ERR,ERR,ERR,ERR,ERR,ERR,ERR,ERR,ERR,ERR,ERR,ERR,ERR,ERR,ERR,ERR,ERR,ERR,ERR,ERR,ERR,ERR,ERR,ERR,ERR,ERR,ERR,ERR,ERR,ERR,ERR,ERR,ERR,ERR,ERR,ERR,ERR,ERR,ERR,ERR,ERR,ERR,ERR,ERR,ERR,ERR,ERR,ERR,ERR,ERR,ERR,ERR,ERR,ERR,ERR,ERR,ERR,ERR,ERR,ERR,ERR,ERR,ERR,ERR,ERR,ERR,ERR,ERR,ERR,ERR,ERR,ERR,ERR,ERR,ERR,ERR,ERR,ERR,ERR,ERR,ERR,ERR,ERR,ERR,ERR,ERR,ERR,ERR,ERR,ERR,0.0,0.0,0.0,0.0,0.0,1.3936040501711995e+18,7.805,0.0,0,0,4,0,8422,0.0,45,0.0,0.0,0.0,0.0,0.0,0,0,0,0,0.0,0,0,0,0,0,0,0,0,0,0,0,0,0,0,0,0,0,0,0,0,0,0,0,0,0,0,0,0,0,0,0,0,0,38,14,7,45,65476,0,300,0,0,8,21553,0.0,-107605600.0,0.0,0.0,0.0,0.0,0.0,0.0,0.0,0.0,0.0,0.0,0.0,0.0,0.0,0.0,0.0,0.0,0.0,0.0,0.0,0.0,0.0,0.0,-0.0,0.0,0.0,0.0,0.0,0.0,4987.0,-8608181248.0,0.0,0.0,0.0,-107615280.0,2.718429300292151e+23,0.0,0.0,0.0,0.0,53,-0.0,4.066853280225235e+29,0.0,0.0,0.0,0.0,0.0,0.0,0.0,0,0,0,0.0,0.0,0.0,0.0,0.0,0.0,0.0,0.0,0.0,0.0,0.0,0.0,0.0,0.0,0.0,0.0,0,-107875648.0,53,0.0,106,-107614832.0,0.0,ERR,ERR,ERR,ERR,ERR,ERR,ERR,ERR,ERR,ERR,ERR,ERR,ERR,ERR,ERR,ERR,ERR,ERR,ERR,ERR,ERR,ERR,ERR,ERR,ERR,ERR,ERR,ERR,ERR,ERR,ERR,ERR,ERR,ERR,ERR,ERR,ERR,ERR,ERR,ERR,ERR,ERR,ERR,ERR,ERR,ERR,ERR,ERR,ERR,ERR,ERR,ERR,ERR,ERR,ERR,ERR,ERR,ERR,ERR,ERR,ERR,ERR,ERR,ERR,ERR,ERR,ERR,50.0,60.0,100,0.0,0.0,0.0,0.0,0.0,0.0,0.0,0.0,0.0,0.0,0.0,0.0,0.0,0.0,0.0,0.0,61.6,73,14,65512,50,65476,0,300,0,0,8,20529,65476,0,0,26214,60.0,0.0,0.0,0.0,0.0,0.0
2026-05-17T18:27:37,ERR,ERR,ERR,ERR,ERR,ERR,ERR,ERR,ERR,ERR,ERR,ERR,ERR,ERR,ERR,ERR,ERR,ERR,ERR,ERR,ERR,ERR,ERR,ERR,ERR,ERR,ERR,ERR,ERR,ERR,ERR,ERR,ERR,ERR,ERR,ERR,ERR,ERR,ERR,ERR,ERR,ERR,ERR,ERR,ERR,ERR,ERR,ERR,ERR,ERR,ERR,ERR,ERR,ERR,ERR,ERR,ERR,ERR,ERR,ERR,ERR,ERR,ERR,ERR,ERR,ERR,ERR,ERR,ERR,ERR,ERR,ERR,ERR,ERR,ERR,ERR,ERR,ERR,ERR,ERR,ERR,ERR,ERR,ERR,ERR,ERR,ERR,ERR,ERR,ERR,ERR,ERR,ERR,ERR,ERR,ERR,ERR,ERR,ERR,ERR,ERR,ERR,ERR,ERR,ERR,ERR,ERR,ERR,ERR,ERR,ERR,ERR,ERR,ERR,ERR,ERR,ERR,ERR,ERR,ERR,ERR,ERR,ERR,ERR,ERR,0.0,0.0,0.0,0.0,0.0,1.3936040501711995e+18,7.805,0.0,0,0,4,0,8422,0.0,45,0.0,0.0,0.0,0.0,0.0,0,0,0,0,0.0,0,0,0,0,0,0,0,0,0,0,0,0,0,0,0,0,0,0,0,0,0,0,0,0,0,0,0,0,0,0,0,0,0,38,14,7,45,65476,0,300,0,0,8,21553,0.0,-107605600.0,0.0,0.0,0.0,0.0,0.0,0.0,0.0,0.0,0.0,0.0,0.0,0.0,0.0,0.0,0.0,0.0,0.0,0.0,0.0,0.0,0.0,2.004,-0.0,0.0,0.0,0.0,0.0,0.0,4983.0,1.587929164219617e+29,0.0,0.0,0.0,-107615280.0,2.718429300292151e+23,0.0,0.0,0.0,0.0,53,-0.0,0.0,0.0,0.0,0.0,0.0,0.0,0.0,0.0,0,0,0,0.0,0.0,0.0,0.0,0.0,0.0,0.0,0.0,0.0,0.0,0.0,0.0,0.0,0.0,0.0,0.0,0,-107875648.0,53,0.0,106,-107614832.0,0.0,ERR,ERR,ERR,ERR,ERR,ERR,ERR,ERR,ERR,ERR,ERR,ERR,ERR,ERR,ERR,ERR,ERR,ERR,ERR,ERR,ERR,ERR,ERR,ERR,ERR,ERR,ERR,ERR,ERR,ERR,ERR,ERR,ERR,ERR,ERR,ERR,ERR,ERR,ERR,ERR,ERR,ERR,ERR,ERR,ERR,ERR,ERR,ERR,ERR,ERR,ERR,ERR,ERR,ERR,ERR,ERR,ERR,ERR,ERR,ERR,ERR,ERR,ERR,ERR,ERR,ERR,ERR,50.0,60.0,100,0.0,0.0,0.0,0.0,0.0,0.0,0.0,0.0,0.0,0.0,0.0,0.0,0.0,0.0,0.0,0.0,61.6,74,14,65512,50,65476,0,300,0,0,8,20529,65476,0,0,26214,60.0,0.0,0.0,0.0,0.0,0.0
2026-05-17T18:27:38,ERR,ERR,ERR,ERR,ERR,ERR,ERR,ERR,ERR,ERR,ERR,ERR,ERR,ERR,ERR,ERR,ERR,ERR,ERR,ERR,ERR,ERR,ERR,ERR,ERR,ERR,ERR,ERR,ERR,ERR,ERR,ERR,ERR,ERR,ERR,ERR,ERR,ERR,ERR,ERR,ERR,ERR,ERR,ERR,ERR,ERR,ERR,ERR,ERR,ERR,ERR,ERR,ERR,ERR,ERR,ERR,ERR,ERR,ERR,ERR,ERR,ERR,ERR,ERR,ERR,ERR,ERR,ERR,ERR,ERR,ERR,ERR,ERR,ERR,ERR,ERR,ERR,ERR,ERR,ERR,ERR,ERR,ERR,ERR,ERR,ERR,ERR,ERR,ERR,ERR,ERR,ERR,ERR,ERR,ERR,ERR,ERR,ERR,ERR,ERR,ERR,ERR,ERR,ERR,ERR,ERR,ERR,ERR,ERR,ERR,ERR,ERR,ERR,ERR,ERR,ERR,ERR,ERR,ERR,ERR,ERR,ERR,ERR,ERR,ERR,0.0,0.0,0.0,0.0,0.0,1.3936040501711995e+18,7.805,0.0,0,0,4,0,8422,0.0,45,0.0,0.0,0.0,0.0,0.0,0,0,0,0,0.0,0,0,0,0,0,0,0,0,0,0,0,0,0,0,0,0,0,0,0,0,0,0,0,0,0,0,0,0,0,0,0,0,0,38,14,7,45,65476,0,300,0,0,8,21553,0.0,-107605600.0,0.0,0.0,0.0,0.0,0.0,0.0,0.0,0.0,0.0,0.0,0.0,0.0,0.0,0.0,0.0,0.0,0.0,0.0,0.0,0.0,0.0,2.004,-0.0,0.0,0.0,0.0,0.0,0.0,4983.0,1.587929164219617e+29,0.0,0.0,0.0,-107615280.0,2.718429300292151e+23,0.0,0.0,0.0,0.0,53,-0.0,0.0,0.0,0.0,0.0,0.0,0.0,0.0,0.0,0,0,0,0.0,0.0,0.0,0.0,0.0,0.0,0.0,0.0,0.0,0.0,0.0,0.0,0.0,0.0,0.0,0.0,0,-107875648.0,53,0.0,106,-107614832.0,0.0,ERR,ERR,ERR,ERR,ERR,ERR,ERR,ERR,ERR,ERR,ERR,ERR,ERR,ERR,ERR,ERR,ERR,ERR,ERR,ERR,ERR,ERR,ERR,ERR,ERR,ERR,ERR,ERR,ERR,ERR,ERR,ERR,ERR,ERR,ERR,ERR,ERR,ERR,ERR,ERR,ERR,ERR,ERR,ERR,ERR,ERR,ERR,ERR,ERR,ERR,ERR,ERR,ERR,ERR,ERR,ERR,ERR,ERR,ERR,ERR,ERR,ERR,ERR,ERR,ERR,ERR,ERR,50.0,60.0,100,0.0,0.0,0.0,0.0,0.0,0.0,0.0,0.0,0.0,0.0,0.0,0.0,0.0,0.0,0.0,0.0,61.6,74,14,65512,50,65476,0,300,0,0,8,20529,65476,0,0,26214,60.0,0.0,0.0,0.0,0.0,0.0
2026-05-17T18:27:39,ERR,ERR,ERR,ERR,ERR,ERR,ERR,ERR,ERR,ERR,ERR,ERR,ERR,ERR,ERR,ERR,ERR,ERR,ERR,ERR,ERR,ERR,ERR,ERR,ERR,ERR,ERR,ERR,ERR,ERR,ERR,ERR,ERR,ERR,ERR,ERR,ERR,ERR,ERR,ERR,ERR,ERR,ERR,ERR,ERR,ERR,ERR,ERR,ERR,ERR,ERR,ERR,ERR,ERR,ERR,ERR,ERR,ERR,ERR,ERR,ERR,ERR,ERR,ERR,ERR,ERR,ERR,ERR,ERR,ERR,ERR,ERR,ERR,ERR,ERR,ERR,ERR,ERR,ERR,ERR,ERR,ERR,ERR,ERR,ERR,ERR,ERR,ERR,ERR,ERR,ERR,ERR,ERR,ERR,ERR,ERR,ERR,ERR,ERR,ERR,ERR,ERR,ERR,ERR,ERR,ERR,ERR,ERR,ERR,ERR,ERR,ERR,ERR,ERR,ERR,ERR,ERR,ERR,ERR,ERR,ERR,ERR,ERR,ERR,ERR,0.0,0.0,0.0,0.0,0.0,1.3936040501711995e+18,7.805,0.0,0,0,4,0,8422,0.0,45,0.0,0.0,0.0,0.0,0.0,0,0,0,0,0.0,0,0,0,0,0,0,0,0,0,0,0,0,0,0,0,0,0,0,0,0,0,0,0,0,0,0,0,0,0,0,0,0,0,38,14,7,45,65476,0,300,0,0,8,21553,0.0,-107605600.0,0.0,0.0,0.0,0.0,0.0,0.0,0.0,0.0,0.0,0.0,0.0,0.0,0.0,0.0,0.0,0.0,0.0,0.0,0.0,0.0,0.0,2.004,-0.0,0.0,0.0,0.0,0.0,0.0,4983.0,1.587929164219617e+29,0.0,0.0,0.0,-107615280.0,2.718429300292151e+23,0.0,0.0,0.0,0.0,53,-0.0,0.0,0.0,0.0,0.0,0.0,0.0,0.0,0.0,0,0,0,0.0,0.0,0.0,0.0,0.0,0.0,0.0,0.0,0.0,0.0,0.0,0.0,0.0,0.0,0.0,0.0,0,-107875648.0,53,0.0,106,-107614832.0,0.0,ERR,ERR,ERR,ERR,ERR,ERR,ERR,ERR,ERR,ERR,ERR,ERR,ERR,ERR,ERR,ERR,ERR,ERR,ERR,ERR,ERR,ERR,ERR,ERR,ERR,ERR,ERR,ERR,ERR,ERR,ERR,ERR,ERR,ERR,ERR,ERR,ERR,ERR,ERR,ERR,ERR,ERR,ERR,ERR,ERR,ERR,ERR,ERR,ERR,ERR,ERR,ERR,ERR,ERR,ERR,ERR,ERR,ERR,ERR,ERR,ERR,ERR,ERR,ERR,ERR,ERR,ERR,50.0,60.0,100,0.0,0.0,0.0,0.0,0.0,0.0,0.0,0.0,0.0,0.0,0.0,0.0,0.0,0.0,0.0,0.0,62.0,74,14,65512,50,65476,0,300,0,0,8,20529,65476,0,0,26214,60.0,0.0,0.0,0.0,0.0,0.0
2026-05-17T18:27:40,ERR,ERR,ERR,ERR,ERR,ERR,ERR,ERR,ERR,ERR,ERR,ERR,ERR,ERR,ERR,ERR,ERR,ERR,ERR,ERR,ERR,ERR,ERR,ERR,ERR,ERR,ERR,ERR,ERR,ERR,ERR,ERR,ERR,ERR,ERR,ERR,ERR,ERR,ERR,ERR,ERR,ERR,ERR,ERR,ERR,ERR,ERR,ERR,ERR,ERR,ERR,ERR,ERR,ERR,ERR,ERR,ERR,ERR,ERR,ERR,ERR,ERR,ERR,ERR,ERR,ERR,ERR,ERR,ERR,ERR,ERR,ERR,ERR,ERR,ERR,ERR,ERR,ERR,ERR,ERR,ERR,ERR,ERR,ERR,ERR,ERR,ERR,ERR,ERR,ERR,ERR,ERR,ERR,ERR,ERR,ERR,ERR,ERR,ERR,ERR,ERR,ERR,ERR,ERR,ERR,ERR,ERR,ERR,ERR,ERR,ERR,ERR,ERR,ERR,ERR,ERR,ERR,ERR,ERR,ERR,ERR,ERR,ERR,ERR,ERR,0.0,0.0,0.0,0.0,0.0,1.3936040501711995e+18,7.805,0.0,0,0,4,0,8422,0.0,45,0.0,0.0,0.0,0.0,0.0,0,0,0,0,0.0,0,0,0,0,0,0,0,0,0,0,0,0,0,0,0,0,0,0,0,0,0,0,0,0,0,0,0,0,0,0,0,0,0,38,14,7,45,65476,0,300,0,0,8,21553,0.0,-107605600.0,0.0,0.0,0.0,0.0,0.0,0.0,0.0,0.0,0.0,0.0,0.0,0.0,0.0,0.0,0.0,0.0,0.0,0.0,0.0,0.0,0.0,2.004,-0.0,0.0,0.0,0.0,0.0,0.0,4983.0,1.587929164219617e+29,0.0,0.0,0.0,-107615280.0,2.718429300292151e+23,0.0,0.0,0.0,0.0,53,-0.0,0.0,0.0,0.0,0.0,0.0,0.0,0.0,0.0,0,0,0,0.0,0.0,0.0,0.0,0.0,0.0,0.0,0.0,0.0,0.0,0.0,0.0,0.0,0.0,0.0,0.0,0,-107875648.0,53,0.0,106,-107614832.0,0.0,ERR,ERR,ERR,ERR,ERR,ERR,ERR,ERR,ERR,ERR,ERR,ERR,ERR,ERR,ERR,ERR,ERR,ERR,ERR,ERR,ERR,ERR,ERR,ERR,ERR,ERR,ERR,ERR,ERR,ERR,ERR,ERR,ERR,ERR,ERR,ERR,ERR,ERR,ERR,ERR,ERR,ERR,ERR,ERR,ERR,ERR,ERR,ERR,ERR,ERR,ERR,ERR,ERR,ERR,ERR,ERR,ERR,ERR,ERR,ERR,ERR,ERR,ERR,ERR,ERR,ERR,ERR,50.0,60.0,100,0.0,0.0,0.0,0.0,0.0,0.0,0.0,0.0,0.0,0.0,0.0,0.0,0.0,0.0,0.0,0.0,61.6,74,14,65512,50,65476,0,300,0,0,8,20529,65476,0,0,26214,60.0,0.0,0.0,0.0,0.0,0.0
2026-05-17T18:27:41,ERR,ERR,ERR,ERR,ERR,ERR,ERR,ERR,ERR,ERR,ERR,ERR,ERR,ERR,ERR,ERR,ERR,ERR,ERR,ERR,ERR,ERR,ERR,ERR,ERR,ERR,ERR,ERR,ERR,ERR,ERR,ERR,ERR,ERR,ERR,ERR,ERR,ERR,ERR,ERR,ERR,ERR,ERR,ERR,ERR,ERR,ERR,ERR,ERR,ERR,ERR,ERR,ERR,ERR,ERR,ERR,ERR,ERR,ERR,ERR,ERR,ERR,ERR,ERR,ERR,ERR,ERR,ERR,ERR,ERR,ERR,ERR,ERR,ERR,ERR,ERR,ERR,ERR,ERR,ERR,ERR,ERR,ERR,ERR,ERR,ERR,ERR,ERR,ERR,ERR,ERR,ERR,ERR,ERR,ERR,ERR,ERR,ERR,ERR,ERR,ERR,ERR,ERR,ERR,ERR,ERR,ERR,ERR,ERR,ERR,ERR,ERR,ERR,ERR,ERR,ERR,ERR,ERR,ERR,ERR,ERR,ERR,ERR,ERR,ERR,0.0,0.0,0.0,0.0,0.0,1.3936040501711995e+18,7.805,0.0,0,0,4,0,8422,0.0,45,0.0,0.0,0.0,0.0,0.0,0,0,0,0,0.0,0,0,0,0,0,0,0,0,0,0,0,0,0,0,0,0,0,0,0,0,0,0,0,0,0,0,0,0,0,0,0,0,0,38,14,7,45,65476,0,300,0,0,8,21553,0.0,-107605600.0,0.0,0.0,0.0,0.0,0.0,0.0,0.0,0.0,0.0,0.0,0.0,0.0,0.0,0.0,0.0,0.0,0.0,0.0,0.0,0.0,0.0,2.004,-0.0,0.0,0.0,0.0,0.0,0.0,4983.0,1.587929164219617e+29,0.0,0.0,0.0,-107615280.0,2.718429300292151e+23,0.0,0.0,0.0,0.0,53,-0.0,0.0,0.0,0.0,0.0,0.0,0.0,0.0,0.0,0,0,0,0.0,0.0,0.0,0.0,0.0,0.0,0.0,0.0,0.0,0.0,0.0,0.0,0.0,0.0,0.0,0.0,0,-107875648.0,53,0.0,106,-107614832.0,0.0,ERR,ERR,ERR,ERR,ERR,ERR,ERR,ERR,ERR,ERR,ERR,ERR,ERR,ERR,ERR,ERR,ERR,ERR,ERR,ERR,ERR,ERR,ERR,ERR,ERR,ERR,ERR,ERR,ERR,ERR,ERR,ERR,ERR,ERR,ERR,ERR,ERR,ERR,ERR,ERR,ERR,ERR,ERR,ERR,ERR,ERR,ERR,ERR,ERR,ERR,ERR,ERR,ERR,ERR,ERR,ERR,ERR,ERR,ERR,ERR,ERR,ERR,ERR,ERR,ERR,ERR,ERR,50.0,60.0,100,0.0,0.0,0.0,0.0,0.0,0.0,0.0,0.0,0.0,0.0,0.0,0.0,0.0,0.0,0.0,0.0,61.6,74,14,65512,50,65476,0,300,0,0,8,20529,65476,0,0,26214,60.0,0.0,0.0,0.0,0.0,0.0
2026-05-17T18:27:42,ERR,ERR,ERR,ERR,ERR,ERR,ERR,ERR,ERR,ERR,ERR,ERR,ERR,ERR,ERR,ERR,ERR,ERR,ERR,ERR,ERR,ERR,ERR,ERR,ERR,ERR,ERR,ERR,ERR,ERR,ERR,ERR,ERR,ERR,ERR,ERR,ERR,ERR,ERR,ERR,ERR,ERR,ERR,ERR,ERR,ERR,ERR,ERR,ERR,ERR,ERR,ERR,ERR,ERR,ERR,ERR,ERR,ERR,ERR,ERR,ERR,ERR,ERR,ERR,ERR,ERR,ERR,ERR,ERR,ERR,ERR,ERR,ERR,ERR,ERR,ERR,ERR,ERR,ERR,ERR,ERR,ERR,ERR,ERR,ERR,ERR,ERR,ERR,ERR,ERR,ERR,ERR,ERR,ERR,ERR,ERR,ERR,ERR,ERR,ERR,ERR,ERR,ERR,ERR,ERR,ERR,ERR,ERR,ERR,ERR,ERR,ERR,ERR,ERR,ERR,ERR,ERR,ERR,ERR,ERR,ERR,ERR,ERR,ERR,ERR,0.0,0.0,0.0,0.0,0.0,1.3936040501711995e+18,7.805,0.0,0,0,4,0,8422,0.0,45,0.0,0.0,0.0,0.0,0.0,0,0,0,0,0.0,0,0,0,0,0,0,0,0,0,0,0,0,0,0,0,0,0,0,0,0,0,0,0,0,0,0,0,0,0,0,0,0,0,38,14,7,45,65476,0,300,0,0,8,21553,0.0,-107605600.0,0.0,0.0,0.0,0.0,0.0,0.0,0.0,0.0,0.0,0.0,0.0,0.0,0.0,0.0,0.0,0.0,0.0,0.0,0.0,0.0,0.0,2.004,-0.0,0.0,0.0,0.0,0.0,0.0,4981.0,-0.0,0.0,0.0,0.0,-107615280.0,2.718429300292151e+23,0.0,0.0,0.0,0.0,53,5.848083413016271e+35,0.0,0.0,0.0,0.0,0.0,0.0,0.0,0.0,0,0,0,0.0,0.0,0.0,0.0,0.0,0.0,0.0,0.0,0.0,0.0,0.0,0.0,0.0,0.0,0.0,0.0,0,-107875648.0,53,0.0,106,-107614832.0,0.0,ERR,ERR,ERR,ERR,ERR,ERR,ERR,ERR,ERR,ERR,ERR,ERR,ERR,ERR,ERR,ERR,ERR,ERR,ERR,ERR,ERR,ERR,ERR,ERR,ERR,ERR,ERR,ERR,ERR,ERR,ERR,ERR,ERR,ERR,ERR,ERR,ERR,ERR,ERR,ERR,ERR,ERR,ERR,ERR,ERR,ERR,ERR,ERR,ERR,ERR,ERR,ERR,ERR,ERR,ERR,ERR,ERR,ERR,ERR,ERR,ERR,ERR,ERR,ERR,ERR,ERR,ERR,50.0,60.0,100,0.0,0.0,0.0,0.0,0.0,0.0,0.0,0.0,0.0,0.0,0.0,0.0,0.0,0.0,0.0,0.0,61.6,74,14,65512,50,65476,0,300,0,0,8,20529,65476,0,0,26214,60.0,0.0,0.0,0.0,0.0,0.0
2026-05-17T18:27:43,ERR,ERR,ERR,ERR,ERR,ERR,ERR,ERR,ERR,ERR,ERR,ERR,ERR,ERR,ERR,ERR,ERR,ERR,ERR,ERR,ERR,ERR,ERR,ERR,ERR,ERR,ERR,ERR,ERR,ERR,ERR,ERR,ERR,ERR,ERR,ERR,ERR,ERR,ERR,ERR,ERR,ERR,ERR,ERR,ERR,ERR,ERR,ERR,ERR,ERR,ERR,ERR,ERR,ERR,ERR,ERR,ERR,ERR,ERR,ERR,ERR,ERR,ERR,ERR,ERR,ERR,ERR,ERR,ERR,ERR,ERR,ERR,ERR,ERR,ERR,ERR,ERR,ERR,ERR,ERR,ERR,ERR,ERR,ERR,ERR,ERR,ERR,ERR,ERR,ERR,ERR,ERR,ERR,ERR,ERR,ERR,ERR,ERR,ERR,ERR,ERR,ERR,ERR,ERR,ERR,ERR,ERR,ERR,ERR,ERR,ERR,ERR,ERR,ERR,ERR,ERR,ERR,ERR,ERR,ERR,ERR,ERR,ERR,ERR,ERR,0.0,0.0,0.0,0.0,0.0,1.3936040501711995e+18,7.805,0.0,0,0,4,0,8422,0.0,45,0.0,0.0,0.0,0.0,0.0,0,0,0,0,0.0,0,0,0,0,0,0,0,0,0,0,0,0,0,0,0,0,0,0,0,0,0,0,0,0,0,0,0,0,0,0,0,0,0,38,14,7,45,65476,0,300,0,0,8,21553,0.0,-107605600.0,0.0,0.0,0.0,0.0,0.0,0.0,0.0,0.0,0.0,0.0,0.0,0.0,0.0,0.0,0.0,0.0,0.0,0.0,0.0,0.0,0.0,2.004,-0.0,0.0,0.0,0.0,0.0,0.0,4981.0,-0.0,0.0,0.0,0.0,-107615280.0,2.718429300292151e+23,0.0,0.0,0.0,0.0,53,5.848083413016271e+35,0.0,0.0,0.0,0.0,0.0,0.0,0.0,0.0,0,0,0,0.0,0.0,0.0,0.0,0.0,0.0,0.0,0.0,0.0,0.0,0.0,0.0,0.0,0.0,0.0,0.0,0,-107875648.0,53,0.0,106,-107614832.0,0.0,ERR,ERR,ERR,ERR,ERR,ERR,ERR,ERR,ERR,ERR,ERR,ERR,ERR,ERR,ERR,ERR,ERR,ERR,ERR,ERR,ERR,ERR,ERR,ERR,ERR,ERR,ERR,ERR,ERR,ERR,ERR,ERR,ERR,ERR,ERR,ERR,ERR,ERR,ERR,ERR,ERR,ERR,ERR,ERR,ERR,ERR,ERR,ERR,ERR,ERR,ERR,ERR,ERR,ERR,ERR,ERR,ERR,ERR,ERR,ERR,ERR,ERR,ERR,ERR,ERR,ERR,ERR,50.0,60.0,100,0.0,0.0,0.0,0.0,0.0,0.0,0.0,0.0,0.0,0.0,0.0,0.0,0.0,0.0,0.0,0.0,61.6,74,14,65512,50,65476,0,300,0,0,8,20529,65476,0,0,26214,60.0,0.0,0.0,0.0,0.0,0.0
2026-05-17T18:27:44,ERR,ERR,ERR,ERR,ERR,ERR,ERR,ERR,ERR,ERR,ERR,ERR,ERR,ERR,ERR,ERR,ERR,ERR,ERR,ERR,ERR,ERR,ERR,ERR,ERR,ERR,ERR,ERR,ERR,ERR,ERR,ERR,ERR,ERR,ERR,ERR,ERR,ERR,ERR,ERR,ERR,ERR,ERR,ERR,ERR,ERR,ERR,ERR,ERR,ERR,ERR,ERR,ERR,ERR,ERR,ERR,ERR,ERR,ERR,ERR,ERR,ERR,ERR,ERR,ERR,ERR,ERR,ERR,ERR,ERR,ERR,ERR,ERR,ERR,ERR,ERR,ERR,ERR,ERR,ERR,ERR,ERR,ERR,ERR,ERR,ERR,ERR,ERR,ERR,ERR,ERR,ERR,ERR,ERR,ERR,ERR,ERR,ERR,ERR,ERR,ERR,ERR,ERR,ERR,ERR,ERR,ERR,ERR,ERR,ERR,ERR,ERR,ERR,ERR,ERR,ERR,ERR,ERR,ERR,ERR,ERR,ERR,ERR,ERR,ERR,0.0,0.0,0.0,0.0,0.0,1.3936040501711995e+18,7.805,0.0,0,0,4,0,8422,0.0,45,0.0,0.0,0.0,0.0,0.0,0,0,0,0,0.0,0,0,0,0,0,0,0,0,0,0,0,0,0,0,0,0,0,0,0,0,0,0,0,0,0,0,0,0,0,0,0,0,0,38,14,7,45,65476,0,300,0,0,8,21553,0.0,-107605600.0,0.0,0.0,0.0,0.0,0.0,0.0,0.0,0.0,0.0,0.0,0.0,0.0,0.0,0.0,0.0,0.0,0.0,0.0,0.0,0.0,0.0,2.004,-0.0,0.0,0.0,0.0,0.0,0.0,4981.0,-0.0,0.0,0.0,0.0,-107615280.0,2.718429300292151e+23,0.0,0.0,0.0,0.0,53,5.848083413016271e+35,0.0,0.0,0.0,0.0,0.0,0.0,0.0,0.0,0,0,0,0.0,0.0,0.0,0.0,0.0,0.0,0.0,0.0,0.0,0.0,0.0,0.0,0.0,0.0,0.0,0.0,0,-107875648.0,53,0.0,106,-107614832.0,0.0,ERR,ERR,ERR,ERR,ERR,ERR,ERR,ERR,ERR,ERR,ERR,ERR,ERR,ERR,ERR,ERR,ERR,ERR,ERR,ERR,ERR,ERR,ERR,ERR,ERR,ERR,ERR,ERR,ERR,ERR,ERR,ERR,ERR,ERR,ERR,ERR,ERR,ERR,ERR,ERR,ERR,ERR,ERR,ERR,ERR,ERR,ERR,ERR,ERR,ERR,ERR,ERR,ERR,ERR,ERR,ERR,ERR,ERR,ERR,ERR,ERR,ERR,ERR,ERR,ERR,ERR,ERR,50.0,60.0,100,0.0,0.0,0.0,0.0,0.0,0.0,0.0,0.0,0.0,0.0,0.0,0.0,0.0,0.0,0.0,0.0,62.0,74,14,65512,50,65476,0,300,0,0,8,20529,65476,0,0,26214,60.0,0.0,0.0,0.0,0.0,0.0
2026-05-17T18:27:45,ERR,ERR,ERR,ERR,ERR,ERR,ERR,ERR,ERR,ERR,ERR,ERR,ERR,ERR,ERR,ERR,ERR,ERR,ERR,ERR,ERR,ERR,ERR,ERR,ERR,ERR,ERR,ERR,ERR,ERR,ERR,ERR,ERR,ERR,ERR,ERR,ERR,ERR,ERR,ERR,ERR,ERR,ERR,ERR,ERR,ERR,ERR,ERR,ERR,ERR,ERR,ERR,ERR,ERR,ERR,ERR,ERR,ERR,ERR,ERR,ERR,ERR,ERR,ERR,ERR,ERR,ERR,ERR,ERR,ERR,ERR,ERR,ERR,ERR,ERR,ERR,ERR,ERR,ERR,ERR,ERR,ERR,ERR,ERR,ERR,ERR,ERR,ERR,ERR,ERR,ERR,ERR,ERR,ERR,ERR,ERR,ERR,ERR,ERR,ERR,ERR,ERR,ERR,ERR,ERR,ERR,ERR,ERR,ERR,ERR,ERR,ERR,ERR,ERR,ERR,ERR,ERR,ERR,ERR,ERR,ERR,ERR,ERR,ERR,ERR,0.0,0.0,0.0,0.0,0.0,1.3936040501711995e+18,7.805,0.0,0,0,4,0,8422,0.0,45,0.0,0.0,0.0,0.0,0.0,0,0,0,0,0.0,0,0,0,0,0,0,0,0,0,0,0,0,0,0,0,0,0,0,0,0,0,0,0,0,0,0,0,0,0,0,0,0,0,38,14,7,45,65476,0,300,0,0,8,21553,0.0,-107605600.0,0.0,0.0,0.0,0.0,0.0,0.0,0.0,0.0,0.0,0.0,0.0,0.0,0.0,0.0,0.0,0.0,0.0,0.0,0.0,0.0,0.0,2.004,-0.0,0.0,0.0,0.0,0.0,0.0,4981.0,-0.0,0.0,0.0,0.0,-107615280.0,2.718429300292151e+23,0.0,0.0,0.0,0.0,53,5.848083413016271e+35,0.0,0.0,0.0,0.0,0.0,0.0,0.0,0.0,0,0,0,0.0,0.0,0.0,0.0,0.0,0.0,0.0,0.0,0.0,0.0,0.0,0.0,0.0,0.0,0.0,0.0,0,-107875648.0,53,0.0,106,-107614832.0,0.0,ERR,ERR,ERR,ERR,ERR,ERR,ERR,ERR,ERR,ERR,ERR,ERR,ERR,ERR,ERR,ERR,ERR,ERR,ERR,ERR,ERR,ERR,ERR,ERR,ERR,ERR,ERR,ERR,ERR,ERR,ERR,ERR,ERR,ERR,ERR,ERR,ERR,ERR,ERR,ERR,ERR,ERR,ERR,ERR,ERR,ERR,ERR,ERR,ERR,ERR,ERR,ERR,ERR,ERR,ERR,ERR,ERR,ERR,ERR,ERR,ERR,ERR,ERR,ERR,ERR,ERR,ERR,50.0,60.0,100,0.0,0.0,0.0,0.0,0.0,0.0,0.0,0.0,0.0,0.0,0.0,0.0,0.0,0.0,0.0,0.0,61.6,74,14,65512,50,65476,0,300,0,0,8,20529,65476,0,0,26214,60.0,0.0,0.0,0.0,0.0,0.0
2026-05-17T18:27:46,ERR,ERR,ERR,ERR,ERR,ERR,ERR,ERR,ERR,ERR,ERR,ERR,ERR,ERR,ERR,ERR,ERR,ERR,ERR,ERR,ERR,ERR,ERR,ERR,ERR,ERR,ERR,ERR,ERR,ERR,ERR,ERR,ERR,ERR,ERR,ERR,ERR,ERR,ERR,ERR,ERR,ERR,ERR,ERR,ERR,ERR,ERR,ERR,ERR,ERR,ERR,ERR,ERR,ERR,ERR,ERR,ERR,ERR,ERR,ERR,ERR,ERR,ERR,ERR,ERR,ERR,ERR,ERR,ERR,ERR,ERR,ERR,ERR,ERR,ERR,ERR,ERR,ERR,ERR,ERR,ERR,ERR,ERR,ERR,ERR,ERR,ERR,ERR,ERR,ERR,ERR,ERR,ERR,ERR,ERR,ERR,ERR,ERR,ERR,ERR,ERR,ERR,ERR,ERR,ERR,ERR,ERR,ERR,ERR,ERR,ERR,ERR,ERR,ERR,ERR,ERR,ERR,ERR,ERR,ERR,ERR,ERR,ERR,ERR,ERR,0.0,0.0,0.0,0.0,0.0,1.3936040501711995e+18,7.805,0.0,0,0,4,0,8422,0.0,45,0.0,0.0,0.0,0.0,0.0,0,0,0,0,0.0,0,0,0,0,0,0,0,0,0,0,0,0,0,0,0,0,0,0,0,0,0,0,0,0,0,0,0,0,0,0,0,0,0,38,14,7,45,65476,0,300,0,0,8,21553,0.0,-107605600.0,0.0,0.0,0.0,0.0,0.0,0.0,0.0,0.0,0.0,0.0,0.0,0.0,0.0,0.0,0.0,0.0,0.0,0.0,0.0,0.0,0.0,2.004,-0.0,0.0,0.0,0.0,0.0,0.0,4981.0,-0.0,0.0,0.0,0.0,-107615280.0,2.718429300292151e+23,0.0,0.0,0.0,0.0,53,5.848083413016271e+35,0.0,0.0,0.0,0.0,0.0,0.0,0.0,0.0,0,0,0,0.0,0.0,0.0,0.0,0.0,0.0,0.0,0.0,0.0,0.0,0.0,0.0,0.0,0.0,0.0,0.0,0,-107875648.0,53,0.0,106,-107614832.0,0.0,ERR,ERR,ERR,ERR,ERR,ERR,ERR,ERR,ERR,ERR,ERR,ERR,ERR,ERR,ERR,ERR,ERR,ERR,ERR,ERR,ERR,ERR,ERR,ERR,ERR,ERR,ERR,ERR,ERR,ERR,ERR,ERR,ERR,ERR,ERR,ERR,ERR,ERR,ERR,ERR,ERR,ERR,ERR,ERR,ERR,ERR,ERR,ERR,ERR,ERR,ERR,ERR,ERR,ERR,ERR,ERR,ERR,ERR,ERR,ERR,ERR,ERR,ERR,ERR,ERR,ERR,ERR,50.0,60.0,100,0.0,0.0,0.0,0.0,0.0,0.0,0.0,0.0,0.0,0.0,0.0,0.0,0.0,0.0,0.0,0.0,61.6,74,14,65512,50,65476,0,300,0,0,8,20529,65476,0,0,26214,60.0,0.0,0.0,0.0,0.0,0.0
2026-05-17T18:27:47,ERR,ERR,ERR,ERR,ERR,ERR,ERR,ERR,ERR,ERR,ERR,ERR,ERR,ERR,ERR,ERR,ERR,ERR,ERR,ERR,ERR,ERR,ERR,ERR,ERR,ERR,ERR,ERR,ERR,ERR,ERR,ERR,ERR,ERR,ERR,ERR,ERR,ERR,ERR,ERR,ERR,ERR,ERR,ERR,ERR,ERR,ERR,ERR,ERR,ERR,ERR,ERR,ERR,ERR,ERR,ERR,ERR,ERR,ERR,ERR,ERR,ERR,ERR,ERR,ERR,ERR,ERR,ERR,ERR,ERR,ERR,ERR,ERR,ERR,ERR,ERR,ERR,ERR,ERR,ERR,ERR,ERR,ERR,ERR,ERR,ERR,ERR,ERR,ERR,ERR,ERR,ERR,ERR,ERR,ERR,ERR,ERR,ERR,ERR,ERR,ERR,ERR,ERR,ERR,ERR,ERR,ERR,ERR,ERR,ERR,ERR,ERR,ERR,ERR,ERR,ERR,ERR,ERR,ERR,ERR,ERR,ERR,ERR,ERR,ERR,0.0,0.0,0.0,0.0,0.0,1.3936040501711995e+18,7.805,0.0,0,0,4,0,8422,0.0,45,0.0,0.0,0.0,0.0,0.0,0,0,0,0,0.0,0,0,0,0,0,0,0,0,0,0,0,0,0,0,0,0,0,0,0,0,0,0,0,0,0,0,0,0,0,0,0,0,0,38,14,7,45,65476,0,300,0,0,8,21553,0.0,-107605600.0,0.0,0.0,0.0,0.0,0.0,0.0,0.0,0.0,0.0,0.0,0.0,0.0,0.0,0.0,0.0,0.0,0.0,0.0,0.0,0.0,0.0,2.004,-0.0,0.0,0.0,0.0,0.0,0.0,4978.0,2.4229876163019057e+24,0.0,0.0,0.0,-107615280.0,2.718429300292151e+23,0.0,0.0,0.0,0.0,53,4.066880103266858e+29,-107614768.0,0.0,0.0,0.0,0.0,0.0,0.0,0.0,0,0,0,0.0,0.0,0.0,0.0,0.0,0.0,0.0,0.0,0.0,0.0,0.0,0.0,0.0,0.0,0.0,0.0,0,-107875648.0,53,0.0,106,-107614832.0,0.0,ERR,ERR,ERR,ERR,ERR,ERR,ERR,ERR,ERR,ERR,ERR,ERR,ERR,ERR,ERR,ERR,ERR,ERR,ERR,ERR,ERR,ERR,ERR,ERR,ERR,ERR,ERR,ERR,ERR,ERR,ERR,ERR,ERR,ERR,ERR,ERR,ERR,ERR,ERR,ERR,ERR,ERR,ERR,ERR,ERR,ERR,ERR,ERR,ERR,ERR,ERR,ERR,ERR,ERR,ERR,ERR,ERR,ERR,ERR,ERR,ERR,ERR,ERR,ERR,ERR,ERR,ERR,50.0,60.0,100,0.0,0.0,0.0,0.0,0.0,0.0,0.0,0.0,0.0,0.0,0.0,0.0,0.0,0.0,0.0,0.0,62.0,74,14,65512,50,65476,0,300,0,0,8,20529,65476,0,0,26214,60.0,0.0,0.0,0.0,0.0,0.0
2026-05-17T18:27:48,ERR,ERR,ERR,ERR,ERR,ERR,ERR,ERR,ERR,ERR,ERR,ERR,ERR,ERR,ERR,ERR,ERR,ERR,ERR,ERR,ERR,ERR,ERR,ERR,ERR,ERR,ERR,ERR,ERR,ERR,ERR,ERR,ERR,ERR,ERR,ERR,ERR,ERR,ERR,ERR,ERR,ERR,ERR,ERR,ERR,ERR,ERR,ERR,ERR,ERR,ERR,ERR,ERR,ERR,ERR,ERR,ERR,ERR,ERR,ERR,ERR,ERR,ERR,ERR,ERR,ERR,ERR,ERR,ERR,ERR,ERR,ERR,ERR,ERR,ERR,ERR,ERR,ERR,ERR,ERR,ERR,ERR,ERR,ERR,ERR,ERR,ERR,ERR,ERR,ERR,ERR,ERR,ERR,ERR,ERR,ERR,ERR,ERR,ERR,ERR,ERR,ERR,ERR,ERR,ERR,ERR,ERR,ERR,ERR,ERR,ERR,ERR,ERR,ERR,ERR,ERR,ERR,ERR,ERR,ERR,ERR,ERR,ERR,ERR,ERR,0.0,0.0,0.0,0.0,0.0,1.3936040501711995e+18,7.805,0.0,0,0,4,0,8422,0.0,45,0.0,0.0,0.0,0.0,0.0,0,0,0,0,0.0,0,0,0,0,0,0,0,0,0,0,0,0,0,0,0,0,0,0,0,0,0,0,0,0,0,0,0,0,0,0,0,0,0,38,14,7,45,65476,0,300,0,0,8,21553,0.0,-107605600.0,0.0,0.0,0.0,0.0,0.0,0.0,0.0,0.0,0.0,0.0,0.0,0.0,0.0,0.0,0.0,0.0,0.0,0.0,0.0,0.0,0.0,2.004,-0.0,0.0,0.0,0.0,0.0,0.0,4978.0,2.4229876163019057e+24,0.0,0.0,0.0,-107615280.0,2.718429300292151e+23,0.0,0.0,0.0,0.0,53,4.066880103266858e+29,-107614768.0,0.0,0.0,0.0,0.0,0.0,0.0,0.0,0,0,0,0.0,0.0,0.0,0.0,0.0,0.0,0.0,0.0,0.0,0.0,0.0,0.0,0.0,0.0,0.0,0.0,0,-107875648.0,53,0.0,106,-107614832.0,0.0,ERR,ERR,ERR,ERR,ERR,ERR,ERR,ERR,ERR,ERR,ERR,ERR,ERR,ERR,ERR,ERR,ERR,ERR,ERR,ERR,ERR,ERR,ERR,ERR,ERR,ERR,ERR,ERR,ERR,ERR,ERR,ERR,ERR,ERR,ERR,ERR,ERR,ERR,ERR,ERR,ERR,ERR,ERR,ERR,ERR,ERR,ERR,ERR,ERR,ERR,ERR,ERR,ERR,ERR,ERR,ERR,ERR,ERR,ERR,ERR,ERR,ERR,ERR,ERR,ERR,ERR,ERR,50.0,60.0,100,0.0,0.0,0.0,0.0,0.0,0.0,0.0,0.0,0.0,0.0,0.0,0.0,0.0,0.0,0.0,0.0,62.0,74,14,65512,50,65476,0,300,0,0,8,20529,65476,0,0,26214,60.0,0.0,0.0,0.0,0.0,0.0
2026-05-17T18:27:49,ERR,ERR,ERR,ERR,ERR,ERR,ERR,ERR,ERR,ERR,ERR,ERR,ERR,ERR,ERR,ERR,ERR,ERR,ERR,ERR,ERR,ERR,ERR,ERR,ERR,ERR,ERR,ERR,ERR,ERR,ERR,ERR,ERR,ERR,ERR,ERR,ERR,ERR,ERR,ERR,ERR,ERR,ERR,ERR,ERR,ERR,ERR,ERR,ERR,ERR,ERR,ERR,ERR,ERR,ERR,ERR,ERR,ERR,ERR,ERR,ERR,ERR,ERR,ERR,ERR,ERR,ERR,ERR,ERR,ERR,ERR,ERR,ERR,ERR,ERR,ERR,ERR,ERR,ERR,ERR,ERR,ERR,ERR,ERR,ERR,ERR,ERR,ERR,ERR,ERR,ERR,ERR,ERR,ERR,ERR,ERR,ERR,ERR,ERR,ERR,ERR,ERR,ERR,ERR,ERR,ERR,ERR,ERR,ERR,ERR,ERR,ERR,ERR,ERR,ERR,ERR,ERR,ERR,ERR,ERR,ERR,ERR,ERR,ERR,ERR,0.0,0.0,0.0,0.0,0.0,1.3936040501711995e+18,7.805,0.0,0,0,4,0,8422,0.0,45,0.0,0.0,0.0,0.0,0.0,0,0,0,0,0.0,0,0,0,0,0,0,0,0,0,0,0,0,0,0,0,0,0,0,0,0,0,0,0,0,0,0,0,0,0,0,0,0,0,38,14,7,45,65476,0,300,0,0,8,21553,0.0,-107605600.0,0.0,0.0,0.0,0.0,0.0,0.0,0.0,0.0,0.0,0.0,0.0,0.0,0.0,0.0,0.0,0.0,0.0,0.0,0.0,0.0,0.0,2.004,-0.0,0.0,0.0,0.0,0.0,0.0,4978.0,2.4229876163019057e+24,0.0,0.0,0.0,-107615280.0,2.718429300292151e+23,0.0,0.0,0.0,0.0,53,4.066880103266858e+29,-107614768.0,0.0,0.0,0.0,0.0,0.0,0.0,0.0,0,0,0,0.0,0.0,0.0,0.0,0.0,0.0,0.0,0.0,0.0,0.0,0.0,0.0,0.0,0.0,0.0,0.0,0,-107875648.0,53,0.0,106,-107614832.0,0.0,ERR,ERR,ERR,ERR,ERR,ERR,ERR,ERR,ERR,ERR,ERR,ERR,ERR,ERR,ERR,ERR,ERR,ERR,ERR,ERR,ERR,ERR,ERR,ERR,ERR,ERR,ERR,ERR,ERR,ERR,ERR,ERR,ERR,ERR,ERR,ERR,ERR,ERR,ERR,ERR,ERR,ERR,ERR,ERR,ERR,ERR,ERR,ERR,ERR,ERR,ERR,ERR,ERR,ERR,ERR,ERR,ERR,ERR,ERR,ERR,ERR,ERR,ERR,ERR,ERR,ERR,ERR,50.0,60.0,100,0.0,0.0,0.0,0.0,0.0,0.0,0.0,0.0,0.0,0.0,0.0,0.0,0.0,0.0,0.0,0.0,61.6,74,14,65512,50,65476,0,300,0,0,8,20529,65476,0,0,26214,60.0,0.0,0.0,0.0,0.0,0.0
2026-05-17T18:27:50,ERR,ERR,ERR,ERR,ERR,ERR,ERR,ERR,ERR,ERR,ERR,ERR,ERR,ERR,ERR,ERR,ERR,ERR,ERR,ERR,ERR,ERR,ERR,ERR,ERR,ERR,ERR,ERR,ERR,ERR,ERR,ERR,ERR,ERR,ERR,ERR,ERR,ERR,ERR,ERR,ERR,ERR,ERR,ERR,ERR,ERR,ERR,ERR,ERR,ERR,ERR,ERR,ERR,ERR,ERR,ERR,ERR,ERR,ERR,ERR,ERR,ERR,ERR,ERR,ERR,ERR,ERR,ERR,ERR,ERR,ERR,ERR,ERR,ERR,ERR,ERR,ERR,ERR,ERR,ERR,ERR,ERR,ERR,ERR,ERR,ERR,ERR,ERR,ERR,ERR,ERR,ERR,ERR,ERR,ERR,ERR,ERR,ERR,ERR,ERR,ERR,ERR,ERR,ERR,ERR,ERR,ERR,ERR,ERR,ERR,ERR,ERR,ERR,ERR,ERR,ERR,ERR,ERR,ERR,ERR,ERR,ERR,ERR,ERR,ERR,0.0,0.0,0.0,0.0,0.0,1.3936040501711995e+18,7.805,0.0,0,0,4,0,8422,0.0,45,0.0,0.0,0.0,0.0,0.0,0,0,0,0,0.0,0,0,0,0,0,0,0,0,0,0,0,0,0,0,0,0,0,0,0,0,0,0,0,0,0,0,0,0,0,0,0,0,0,38,14,7,45,65476,0,300,0,0,8,21553,0.0,-107605600.0,0.0,0.0,0.0,0.0,0.0,0.0,0.0,0.0,0.0,0.0,0.0,0.0,0.0,0.0,0.0,0.0,0.0,0.0,0.0,0.0,0.0,2.004,-0.0,0.0,0.0,0.0,0.0,0.0,4978.0,2.4229876163019057e+24,0.0,0.0,0.0,-107615280.0,2.718429300292151e+23,0.0,0.0,0.0,0.0,53,4.066880103266858e+29,-107614768.0,0.0,0.0,0.0,0.0,0.0,0.0,0.0,0,0,0,0.0,0.0,0.0,0.0,0.0,0.0,0.0,0.0,0.0,0.0,0.0,0.0,0.0,0.0,0.0,0.0,0,-107875648.0,53,0.0,106,-107614832.0,0.0,ERR,ERR,ERR,ERR,ERR,ERR,ERR,ERR,ERR,ERR,ERR,ERR,ERR,ERR,ERR,ERR,ERR,ERR,ERR,ERR,ERR,ERR,ERR,ERR,ERR,ERR,ERR,ERR,ERR,ERR,ERR,ERR,ERR,ERR,ERR,ERR,ERR,ERR,ERR,ERR,ERR,ERR,ERR,ERR,ERR,ERR,ERR,ERR,ERR,ERR,ERR,ERR,ERR,ERR,ERR,ERR,ERR,ERR,ERR,ERR,ERR,ERR,ERR,ERR,ERR,ERR,ERR,50.0,60.0,100,0.0,0.0,0.0,0.0,0.0,0.0,0.0,0.0,0.0,0.0,0.0,0.0,0.0,0.0,0.0,0.0,61.6,74,14,65512,50,65476,0,300,0,0,8,20529,65476,0,0,26214,60.0,0.0,0.0,0.0,0.0,0.0
2026-05-17T18:27:51,ERR,ERR,ERR,ERR,ERR,ERR,ERR,ERR,ERR,ERR,ERR,ERR,ERR,ERR,ERR,ERR,ERR,ERR,ERR,ERR,ERR,ERR,ERR,ERR,ERR,ERR,ERR,ERR,ERR,ERR,ERR,ERR,ERR,ERR,ERR,ERR,ERR,ERR,ERR,ERR,ERR,ERR,ERR,ERR,ERR,ERR,ERR,ERR,ERR,ERR,ERR,ERR,ERR,ERR,ERR,ERR,ERR,ERR,ERR,ERR,ERR,ERR,ERR,ERR,ERR,ERR,ERR,ERR,ERR,ERR,ERR,ERR,ERR,ERR,ERR,ERR,ERR,ERR,ERR,ERR,ERR,ERR,ERR,ERR,ERR,ERR,ERR,ERR,ERR,ERR,ERR,ERR,ERR,ERR,ERR,ERR,ERR,ERR,ERR,ERR,ERR,ERR,ERR,ERR,ERR,ERR,ERR,ERR,ERR,ERR,ERR,ERR,ERR,ERR,ERR,ERR,ERR,ERR,ERR,ERR,ERR,ERR,ERR,ERR,ERR,0.0,0.0,0.0,0.0,0.0,1.3936040501711995e+18,7.805,0.0,0,0,4,0,8422,0.0,45,0.0,0.0,0.0,0.0,0.0,0,0,0,0,0.0,0,0,0,0,0,0,0,0,0,0,0,0,0,0,0,0,0,0,0,0,0,0,0,0,0,0,0,0,0,0,0,0,0,38,14,7,45,65476,0,300,0,0,8,21553,0.0,-107605600.0,0.0,0.0,0.0,0.0,0.0,0.0,0.0,0.0,0.0,0.0,0.0,0.0,0.0,0.0,0.0,0.0,0.0,0.0,0.0,0.0,0.0,2.004,-0.0,0.0,0.0,0.0,0.0,0.0,4978.0,2.4229876163019057e+24,0.0,0.0,0.0,-107615280.0,2.718429300292151e+23,0.0,0.0,0.0,0.0,53,4.066880103266858e+29,-107614768.0,0.0,0.0,0.0,0.0,0.0,0.0,0.0,0,0,0,0.0,0.0,0.0,0.0,0.0,0.0,0.0,0.0,0.0,0.0,0.0,0.0,0.0,0.0,0.0,0.0,0,-107875648.0,53,0.0,106,-107614832.0,0.0,ERR,ERR,ERR,ERR,ERR,ERR,ERR,ERR,ERR,ERR,ERR,ERR,ERR,ERR,ERR,ERR,ERR,ERR,ERR,ERR,ERR,ERR,ERR,ERR,ERR,ERR,ERR,ERR,ERR,ERR,ERR,ERR,ERR,ERR,ERR,ERR,ERR,ERR,ERR,ERR,ERR,ERR,ERR,ERR,ERR,ERR,ERR,ERR,ERR,ERR,ERR,ERR,ERR,ERR,ERR,ERR,ERR,ERR,ERR,ERR,ERR,ERR,ERR,ERR,ERR,ERR,ERR,50.0,60.0,100,0.0,0.0,0.0,0.0,0.0,0.0,0.0,0.0,0.0,0.0,0.0,0.0,0.0,0.0,0.0,0.0,61.6,74,14,65512,50,65476,0,300,0,0,8,20529,65476,0,0,26214,60.0,0.0,0.0,0.0,0.0,0.0
2026-05-17T18:27:52,ERR,ERR,ERR,ERR,ERR,ERR,ERR,ERR,ERR,ERR,ERR,ERR,ERR,ERR,ERR,ERR,ERR,ERR,ERR,ERR,ERR,ERR,ERR,ERR,ERR,ERR,ERR,ERR,ERR,ERR,ERR,ERR,ERR,ERR,ERR,ERR,ERR,ERR,ERR,ERR,ERR,ERR,ERR,ERR,ERR,ERR,ERR,ERR,ERR,ERR,ERR,ERR,ERR,ERR,ERR,ERR,ERR,ERR,ERR,ERR,ERR,ERR,ERR,ERR,ERR,ERR,ERR,ERR,ERR,ERR,ERR,ERR,ERR,ERR,ERR,ERR,ERR,ERR,ERR,ERR,ERR,ERR,ERR,ERR,ERR,ERR,ERR,ERR,ERR,ERR,ERR,ERR,ERR,ERR,ERR,ERR,ERR,ERR,ERR,ERR,ERR,ERR,ERR,ERR,ERR,ERR,ERR,ERR,ERR,ERR,ERR,ERR,ERR,ERR,ERR,ERR,ERR,ERR,ERR,ERR,ERR,ERR,ERR,ERR,ERR,0.0,0.0,0.0,0.0,0.0,1.3936040501711995e+18,7.805,0.0,0,0,4,0,8422,0.0,45,0.0,0.0,0.0,0.0,0.0,0,0,0,0,0.0,0,0,0,0,0,0,0,0,0,0,0,0,0,0,0,0,0,0,0,0,0,0,0,0,0,0,0,0,0,0,0,0,0,38,14,7,45,65476,0,300,0,0,8,21553,0.0,-107605600.0,0.0,0.0,0.0,0.0,0.0,0.0,0.0,0.0,0.0,0.0,0.0,0.0,0.0,0.0,0.0,0.0,0.0,0.0,0.0,0.0,0.0,2.004,-0.0,0.0,0.0,0.0,0.0,0.0,4982.0,0.0,0.0,0.0,0.0,-107615280.0,2.718429300292151e+23,0.0,0.0,0.0,0.0,53,5.848083413016271e+35,-0.0,0.0,0.0,0.0,0.0,0.0,0.0,0.0,0,0,0,0.0,0.0,0.0,0.0,0.0,0.0,0.0,0.0,0.0,0.0,0.0,0.0,0.0,0.0,0.0,0.0,0,-107875648.0,53,0.0,106,-107614832.0,0.0,ERR,ERR,ERR,ERR,ERR,ERR,ERR,ERR,ERR,ERR,ERR,ERR,ERR,ERR,ERR,ERR,ERR,ERR,ERR,ERR,ERR,ERR,ERR,ERR,ERR,ERR,ERR,ERR,ERR,ERR,ERR,ERR,ERR,ERR,ERR,ERR,ERR,ERR,ERR,ERR,ERR,ERR,ERR,ERR,ERR,ERR,ERR,ERR,ERR,ERR,ERR,ERR,ERR,ERR,ERR,ERR,ERR,ERR,ERR,ERR,ERR,ERR,ERR,ERR,ERR,ERR,ERR,50.0,60.0,100,0.0,0.0,0.0,0.0,0.0,0.0,0.0,0.0,0.0,0.0,0.0,0.0,0.0,0.0,0.0,0.0,61.6,74,14,65512,50,65476,0,300,0,0,8,20529,65476,0,0,26214,60.0,0.0,0.0,0.0,0.0,0.0
2026-05-17T18:27:53,ERR,ERR,ERR,ERR,ERR,ERR,ERR,ERR,ERR,ERR,ERR,ERR,ERR,ERR,ERR,ERR,ERR,ERR,ERR,ERR,ERR,ERR,ERR,ERR,ERR,ERR,ERR,ERR,ERR,ERR,ERR,ERR,ERR,ERR,ERR,ERR,ERR,ERR,ERR,ERR,ERR,ERR,ERR,ERR,ERR,ERR,ERR,ERR,ERR,ERR,ERR,ERR,ERR,ERR,ERR,ERR,ERR,ERR,ERR,ERR,ERR,ERR,ERR,ERR,ERR,ERR,ERR,ERR,ERR,ERR,ERR,ERR,ERR,ERR,ERR,ERR,ERR,ERR,ERR,ERR,ERR,ERR,ERR,ERR,ERR,ERR,ERR,ERR,ERR,ERR,ERR,ERR,ERR,ERR,ERR,ERR,ERR,ERR,ERR,ERR,ERR,ERR,ERR,ERR,ERR,ERR,ERR,ERR,ERR,ERR,ERR,ERR,ERR,ERR,ERR,ERR,ERR,ERR,ERR,ERR,ERR,ERR,ERR,ERR,ERR,0.0,0.0,0.0,0.0,0.0,1.3936040501711995e+18,7.805,0.0,0,0,4,0,8422,0.0,45,0.0,0.0,0.0,0.0,0.0,0,0,0,0,0.0,0,0,0,0,0,0,0,0,0,0,0,0,0,0,0,0,0,0,0,0,0,0,0,0,0,0,0,0,0,0,0,0,0,38,14,7,45,65476,0,300,0,0,8,21553,0.0,-107605600.0,0.0,0.0,0.0,0.0,0.0,0.0,0.0,0.0,0.0,0.0,0.0,0.0,0.0,0.0,0.0,0.0,0.0,0.0,0.0,0.0,0.0,2.004,-0.0,0.0,0.0,0.0,0.0,0.0,4982.0,0.0,0.0,0.0,0.0,-107615280.0,2.718429300292151e+23,0.0,0.0,0.0,0.0,53,5.848083413016271e+35,-0.0,0.0,0.0,0.0,0.0,0.0,0.0,0.0,0,0,0,0.0,0.0,0.0,0.0,0.0,0.0,0.0,0.0,0.0,0.0,0.0,0.0,0.0,0.0,0.0,0.0,0,-107875648.0,53,0.0,106,-107614832.0,0.0,ERR,ERR,ERR,ERR,ERR,ERR,ERR,ERR,ERR,ERR,ERR,ERR,ERR,ERR,ERR,ERR,ERR,ERR,ERR,ERR,ERR,ERR,ERR,ERR,ERR,ERR,ERR,ERR,ERR,ERR,ERR,ERR,ERR,ERR,ERR,ERR,ERR,ERR,ERR,ERR,ERR,ERR,ERR,ERR,ERR,ERR,ERR,ERR,ERR,ERR,ERR,ERR,ERR,ERR,ERR,ERR,ERR,ERR,ERR,ERR,ERR,ERR,ERR,ERR,ERR,ERR,ERR,50.0,60.0,100,0.0,0.0,0.0,0.0,0.0,0.0,0.0,0.0,0.0,0.0,0.0,0.0,0.0,0.0,0.0,0.0,61.6,74,14,65512,50,65476,0,300,0,0,8,20529,65476,0,0,26214,60.0,0.0,0.0,0.0,0.0,0.0
2026-05-17T18:27:54,ERR,ERR,ERR,ERR,ERR,ERR,ERR,ERR,ERR,ERR,ERR,ERR,ERR,ERR,ERR,ERR,ERR,ERR,ERR,ERR,ERR,ERR,ERR,ERR,ERR,ERR,ERR,ERR,ERR,ERR,ERR,ERR,ERR,ERR,ERR,ERR,ERR,ERR,ERR,ERR,ERR,ERR,ERR,ERR,ERR,ERR,ERR,ERR,ERR,ERR,ERR,ERR,ERR,ERR,ERR,ERR,ERR,ERR,ERR,ERR,ERR,ERR,ERR,ERR,ERR,ERR,ERR,ERR,ERR,ERR,ERR,ERR,ERR,ERR,ERR,ERR,ERR,ERR,ERR,ERR,ERR,ERR,ERR,ERR,ERR,ERR,ERR,ERR,ERR,ERR,ERR,ERR,ERR,ERR,ERR,ERR,ERR,ERR,ERR,ERR,ERR,ERR,ERR,ERR,ERR,ERR,ERR,ERR,ERR,ERR,ERR,ERR,ERR,ERR,ERR,ERR,ERR,ERR,ERR,ERR,ERR,ERR,ERR,ERR,ERR,0.0,0.0,0.0,0.0,0.0,1.3936040501711995e+18,7.805,0.0,0,0,4,0,8422,0.0,45,0.0,0.0,0.0,0.0,0.0,0,0,0,0,0.0,0,0,0,0,0,0,0,0,0,0,0,0,0,0,0,0,0,0,0,0,0,0,0,0,0,0,0,0,0,0,0,0,0,38,14,7,45,65476,0,300,0,0,8,21553,0.0,-107605600.0,0.0,0.0,0.0,0.0,0.0,0.0,0.0,0.0,0.0,0.0,0.0,0.0,0.0,0.0,0.0,0.0,0.0,0.0,0.0,0.0,0.0,2.004,-0.0,0.0,0.0,0.0,0.0,0.0,4982.0,0.0,0.0,0.0,0.0,-107615280.0,2.718429300292151e+23,0.0,0.0,0.0,0.0,53,5.848083413016271e+35,-0.0,0.0,0.0,0.0,0.0,0.0,0.0,0.0,0,0,0,0.0,0.0,0.0,0.0,0.0,0.0,0.0,0.0,0.0,0.0,0.0,0.0,0.0,0.0,0.0,0.0,0,-107875648.0,53,0.0,106,-107614832.0,0.0,ERR,ERR,ERR,ERR,ERR,ERR,ERR,ERR,ERR,ERR,ERR,ERR,ERR,ERR,ERR,ERR,ERR,ERR,ERR,ERR,ERR,ERR,ERR,ERR,ERR,ERR,ERR,ERR,ERR,ERR,ERR,ERR,ERR,ERR,ERR,ERR,ERR,ERR,ERR,ERR,ERR,ERR,ERR,ERR,ERR,ERR,ERR,ERR,ERR,ERR,ERR,ERR,ERR,ERR,ERR,ERR,ERR,ERR,ERR,ERR,ERR,ERR,ERR,ERR,ERR,ERR,ERR,50.0,60.0,100,0.0,0.0,0.0,0.0,0.0,0.0,0.0,0.0,0.0,0.0,0.0,0.0,0.0,0.0,0.0,0.0,61.6,74,14,65512,50,65476,0,300,0,0,8,20529,65476,0,0,26214,60.0,0.0,0.0,0.0,0.0,0.0
2026-05-17T18:27:55,ERR,ERR,ERR,ERR,ERR,ERR,ERR,ERR,ERR,ERR,ERR,ERR,ERR,ERR,ERR,ERR,ERR,ERR,ERR,ERR,ERR,ERR,ERR,ERR,ERR,ERR,ERR,ERR,ERR,ERR,ERR,ERR,ERR,ERR,ERR,ERR,ERR,ERR,ERR,ERR,ERR,ERR,ERR,ERR,ERR,ERR,ERR,ERR,ERR,ERR,ERR,ERR,ERR,ERR,ERR,ERR,ERR,ERR,ERR,ERR,ERR,ERR,ERR,ERR,ERR,ERR,ERR,ERR,ERR,ERR,ERR,ERR,ERR,ERR,ERR,ERR,ERR,ERR,ERR,ERR,ERR,ERR,ERR,ERR,ERR,ERR,ERR,ERR,ERR,ERR,ERR,ERR,ERR,ERR,ERR,ERR,ERR,ERR,ERR,ERR,ERR,ERR,ERR,ERR,ERR,ERR,ERR,ERR,ERR,ERR,ERR,ERR,ERR,ERR,ERR,ERR,ERR,ERR,ERR,ERR,ERR,ERR,ERR,ERR,ERR,0.0,0.0,0.0,0.0,0.0,1.3936040501711995e+18,7.805,0.0,0,0,4,0,8422,0.0,45,0.0,0.0,0.0,0.0,0.0,0,0,0,0,0.0,0,0,0,0,0,0,0,0,0,0,0,0,0,0,0,0,0,0,0,0,0,0,0,0,0,0,0,0,0,0,0,0,0,38,14,7,45,65476,0,300,0,0,8,21553,0.0,-107605600.0,0.0,0.0,0.0,0.0,0.0,0.0,0.0,0.0,0.0,0.0,0.0,0.0,0.0,0.0,0.0,0.0,0.0,0.0,0.0,0.0,0.0,2.004,-0.0,0.0,0.0,0.0,0.0,0.0,4982.0,0.0,0.0,0.0,0.0,-107615280.0,2.718429300292151e+23,0.0,0.0,0.0,0.0,53,5.848083413016271e+35,-0.0,0.0,0.0,0.0,0.0,0.0,0.0,0.0,0,0,0,0.0,0.0,0.0,0.0,0.0,0.0,0.0,0.0,0.0,0.0,0.0,0.0,0.0,0.0,0.0,0.0,0,-107875648.0,53,0.0,106,-107614832.0,0.0,ERR,ERR,ERR,ERR,ERR,ERR,ERR,ERR,ERR,ERR,ERR,ERR,ERR,ERR,ERR,ERR,ERR,ERR,ERR,ERR,ERR,ERR,ERR,ERR,ERR,ERR,ERR,ERR,ERR,ERR,ERR,ERR,ERR,ERR,ERR,ERR,ERR,ERR,ERR,ERR,ERR,ERR,ERR,ERR,ERR,ERR,ERR,ERR,ERR,ERR,ERR,ERR,ERR,ERR,ERR,ERR,ERR,ERR,ERR,ERR,ERR,ERR,ERR,ERR,ERR,ERR,ERR,50.0,60.0,100,0.0,0.0,0.0,0.0,0.0,0.0,0.0,0.0,0.0,0.0,0.0,0.0,0.0,0.0,0.0,0.0,61.6,74,14,65512,50,65476,0,300,0,0,8,20529,65476,0,0,26214,60.0,0.0,0.0,0.0,0.0,0.0
2026-05-17T18:27:56,ERR,ERR,ERR,ERR,ERR,ERR,ERR,ERR,ERR,ERR,ERR,ERR,ERR,ERR,ERR,ERR,ERR,ERR,ERR,ERR,ERR,ERR,ERR,ERR,ERR,ERR,ERR,ERR,ERR,ERR,ERR,ERR,ERR,ERR,ERR,ERR,ERR,ERR,ERR,ERR,ERR,ERR,ERR,ERR,ERR,ERR,ERR,ERR,ERR,ERR,ERR,ERR,ERR,ERR,ERR,ERR,ERR,ERR,ERR,ERR,ERR,ERR,ERR,ERR,ERR,ERR,ERR,ERR,ERR,ERR,ERR,ERR,ERR,ERR,ERR,ERR,ERR,ERR,ERR,ERR,ERR,ERR,ERR,ERR,ERR,ERR,ERR,ERR,ERR,ERR,ERR,ERR,ERR,ERR,ERR,ERR,ERR,ERR,ERR,ERR,ERR,ERR,ERR,ERR,ERR,ERR,ERR,ERR,ERR,ERR,ERR,ERR,ERR,ERR,ERR,ERR,ERR,ERR,ERR,ERR,ERR,ERR,ERR,ERR,ERR,0.0,0.0,0.0,0.0,0.0,1.3936040501711995e+18,7.805,0.0,0,0,4,0,8422,0.0,45,0.0,0.0,0.0,0.0,0.0,0,0,0,0,0.0,0,0,0,0,0,0,0,0,0,0,0,0,0,0,0,0,0,0,0,0,0,0,0,0,0,0,0,0,0,0,0,0,0,38,14,7,45,65476,0,300,0,0,8,21553,0.0,-107605600.0,0.0,0.0,0.0,0.0,0.0,0.0,0.0,0.0,0.0,0.0,0.0,0.0,0.0,0.0,0.0,0.0,0.0,0.0,0.0,0.0,0.0,2.004,-0.0,0.0,0.0,0.0,0.0,0.0,4982.0,0.0,0.0,0.0,0.0,-107615280.0,2.718429300292151e+23,0.0,0.0,0.0,0.0,53,5.848083413016271e+35,-0.0,0.0,0.0,0.0,0.0,0.0,0.0,0.0,0,0,0,0.0,0.0,0.0,0.0,0.0,0.0,0.0,0.0,0.0,0.0,0.0,0.0,0.0,0.0,0.0,0.0,0,-107875648.0,53,0.0,106,-107614832.0,0.0,ERR,ERR,ERR,ERR,ERR,ERR,ERR,ERR,ERR,ERR,ERR,ERR,ERR,ERR,ERR,ERR,ERR,ERR,ERR,ERR,ERR,ERR,ERR,ERR,ERR,ERR,ERR,ERR,ERR,ERR,ERR,ERR,ERR,ERR,ERR,ERR,ERR,ERR,ERR,ERR,ERR,ERR,ERR,ERR,ERR,ERR,ERR,ERR,ERR,ERR,ERR,ERR,ERR,ERR,ERR,ERR,ERR,ERR,ERR,ERR,ERR,ERR,ERR,ERR,ERR,ERR,ERR,50.0,60.0,100,0.0,0.0,0.0,0.0,0.0,0.0,0.0,0.0,0.0,0.0,0.0,0.0,0.0,0.0,0.0,0.0,62.0,74,14,65512,50,65476,0,300,0,0,8,20529,65476,0,0,26214,60.0,0.0,0.0,0.0,0.0,0.0
2026-05-17T18:27:57,ERR,ERR,ERR,ERR,ERR,ERR,ERR,ERR,ERR,ERR,ERR,ERR,ERR,ERR,ERR,ERR,ERR,ERR,ERR,ERR,ERR,ERR,ERR,ERR,ERR,ERR,ERR,ERR,ERR,ERR,ERR,ERR,ERR,ERR,ERR,ERR,ERR,ERR,ERR,ERR,ERR,ERR,ERR,ERR,ERR,ERR,ERR,ERR,ERR,ERR,ERR,ERR,ERR,ERR,ERR,ERR,ERR,ERR,ERR,ERR,ERR,ERR,ERR,ERR,ERR,ERR,ERR,ERR,ERR,ERR,ERR,ERR,ERR,ERR,ERR,ERR,ERR,ERR,ERR,ERR,ERR,ERR,ERR,ERR,ERR,ERR,ERR,ERR,ERR,ERR,ERR,ERR,ERR,ERR,ERR,ERR,ERR,ERR,ERR,ERR,ERR,ERR,ERR,ERR,ERR,ERR,ERR,ERR,ERR,ERR,ERR,ERR,ERR,ERR,ERR,ERR,ERR,ERR,ERR,ERR,ERR,ERR,ERR,ERR,ERR,0.0,0.0,0.0,0.0,0.0,1.3936040501711995e+18,7.805,0.0,0,0,4,0,8422,0.0,45,0.0,0.0,0.0,0.0,0.0,0,0,0,0,0.0,0,0,0,0,0,0,0,0,0,0,0,0,0,0,0,0,0,0,0,0,0,0,0,0,0,0,0,0,0,0,0,0,0,38,14,7,45,65476,0,300,0,0,8,21553,0.0,-107605600.0,0.0,0.0,0.0,0.0,0.0,0.0,0.0,0.0,0.0,0.0,0.0,0.0,0.0,0.0,0.0,0.0,0.0,0.0,0.0,0.0,0.0,2.004,-0.0,0.0,0.0,0.0,0.0,0.0,4982.0,0.0,0.0,0.0,0.0,-107615280.0,2.718429300292151e+23,0.0,0.0,0.0,0.0,53,5.848083413016271e+35,-0.0,0.0,0.0,0.0,0.0,0.0,0.0,0.0,0,0,0,0.0,0.0,0.0,0.0,0.0,0.0,0.0,0.0,0.0,0.0,0.0,0.0,0.0,0.0,0.0,0.0,0,-107875648.0,53,0.0,106,-107614832.0,0.0,ERR,ERR,ERR,ERR,ERR,ERR,ERR,ERR,ERR,ERR,ERR,ERR,ERR,ERR,ERR,ERR,ERR,ERR,ERR,ERR,ERR,ERR,ERR,ERR,ERR,ERR,ERR,ERR,ERR,ERR,ERR,ERR,ERR,ERR,ERR,ERR,ERR,ERR,ERR,ERR,ERR,ERR,ERR,ERR,ERR,ERR,ERR,ERR,ERR,ERR,ERR,ERR,ERR,ERR,ERR,ERR,ERR,ERR,ERR,ERR,ERR,ERR,ERR,ERR,ERR,ERR,ERR,50.0,60.0,100,0.0,0.0,0.0,0.0,0.0,0.0,0.0,0.0,0.0,0.0,0.0,0.0,0.0,0.0,0.0,0.0,62.0,74,14,65512,50,65476,0,300,0,0,8,20529,65476,0,0,26214,60.0,0.0,0.0,0.0,0.0,0.0
2026-05-17T18:27:58,ERR,ERR,ERR,ERR,ERR,ERR,ERR,ERR,ERR,ERR,ERR,ERR,ERR,ERR,ERR,ERR,ERR,ERR,ERR,ERR,ERR,ERR,ERR,ERR,ERR,ERR,ERR,ERR,ERR,ERR,ERR,ERR,ERR,ERR,ERR,ERR,ERR,ERR,ERR,ERR,ERR,ERR,ERR,ERR,ERR,ERR,ERR,ERR,ERR,ERR,ERR,ERR,ERR,ERR,ERR,ERR,ERR,ERR,ERR,ERR,ERR,ERR,ERR,ERR,ERR,ERR,ERR,ERR,ERR,ERR,ERR,ERR,ERR,ERR,ERR,ERR,ERR,ERR,ERR,ERR,ERR,ERR,ERR,ERR,ERR,ERR,ERR,ERR,ERR,ERR,ERR,ERR,ERR,ERR,ERR,ERR,ERR,ERR,ERR,ERR,ERR,ERR,ERR,ERR,ERR,ERR,ERR,ERR,ERR,ERR,ERR,ERR,ERR,ERR,ERR,ERR,ERR,ERR,ERR,ERR,ERR,ERR,ERR,ERR,ERR,0.0,0.0,0.0,0.0,0.0,1.3936040501711995e+18,7.805,0.0,0,0,4,0,8422,0.0,45,0.0,0.0,0.0,0.0,0.0,0,0,0,0,0.0,0,0,0,0,0,0,0,0,0,0,0,0,0,0,0,0,0,0,0,0,0,0,0,0,0,0,0,0,0,0,0,0,0,38,14,7,45,65476,0,300,0,0,8,21553,0.0,-107605600.0,0.0,0.0,0.0,0.0,0.0,0.0,0.0,0.0,0.0,0.0,0.0,0.0,0.0,0.0,0.0,0.0,0.0,0.0,0.0,0.0,0.0,2.004,-0.0,0.0,0.0,0.0,0.0,0.0,4979.0,2.004,0.0,0.0,0.0,-107615280.0,2.718429300292151e+23,0.0,0.0,0.0,0.0,53,4.950428597886765e+32,-0.0,0.0,0.0,0.0,0.0,0.0,0.0,0.0,0,0,0,0.0,0.0,0.0,0.0,0.0,0.0,0.0,0.0,0.0,0.0,0.0,0.0,0.0,0.0,0.0,0.0,0,-107875648.0,53,0.0,106,-107614832.0,0.0,ERR,ERR,ERR,ERR,ERR,ERR,ERR,ERR,ERR,ERR,ERR,ERR,ERR,ERR,ERR,ERR,ERR,ERR,ERR,ERR,ERR,ERR,ERR,ERR,ERR,ERR,ERR,ERR,ERR,ERR,ERR,ERR,ERR,ERR,ERR,ERR,ERR,ERR,ERR,ERR,ERR,ERR,ERR,ERR,ERR,ERR,ERR,ERR,ERR,ERR,ERR,ERR,ERR,ERR,ERR,ERR,ERR,ERR,ERR,ERR,ERR,ERR,ERR,ERR,ERR,ERR,ERR,50.0,60.0,100,0.0,0.0,0.0,0.0,0.0,0.0,0.0,0.0,0.0,0.0,0.0,0.0,0.0,0.0,0.0,0.0,62.0,74,14,65512,50,65476,0,300,0,0,8,20529,65476,0,0,26214,60.0,0.0,0.0,0.0,0.0,0.0
2026-05-17T18:27:59,ERR,ERR,ERR,ERR,ERR,ERR,ERR,ERR,ERR,ERR,ERR,ERR,ERR,ERR,ERR,ERR,ERR,ERR,ERR,ERR,ERR,ERR,ERR,ERR,ERR,ERR,ERR,ERR,ERR,ERR,ERR,ERR,ERR,ERR,ERR,ERR,ERR,ERR,ERR,ERR,ERR,ERR,ERR,ERR,ERR,ERR,ERR,ERR,ERR,ERR,ERR,ERR,ERR,ERR,ERR,ERR,ERR,ERR,ERR,ERR,ERR,ERR,ERR,ERR,ERR,ERR,ERR,ERR,ERR,ERR,ERR,ERR,ERR,ERR,ERR,ERR,ERR,ERR,ERR,ERR,ERR,ERR,ERR,ERR,ERR,ERR,ERR,ERR,ERR,ERR,ERR,ERR,ERR,ERR,ERR,ERR,ERR,ERR,ERR,ERR,ERR,ERR,ERR,ERR,ERR,ERR,ERR,ERR,ERR,ERR,ERR,ERR,ERR,ERR,ERR,ERR,ERR,ERR,ERR,ERR,ERR,ERR,ERR,ERR,ERR,0.0,0.0,0.0,0.0,0.0,1.3936040501711995e+18,7.805,0.0,0,0,4,0,8422,0.0,45,0.0,0.0,0.0,0.0,0.0,0,0,0,0,0.0,0,0,0,0,0,0,0,0,0,0,0,0,0,0,0,0,0,0,0,0,0,0,0,0,0,0,0,0,0,0,0,0,0,38,14,7,45,65476,0,300,0,0,8,21553,0.0,-107605600.0,0.0,0.0,0.0,0.0,0.0,0.0,0.0,0.0,0.0,0.0,0.0,0.0,0.0,0.0,0.0,0.0,0.0,0.0,0.0,0.0,0.0,2.004,-0.0,0.0,0.0,0.0,0.0,0.0,4979.0,2.004,0.0,0.0,0.0,-107615280.0,2.718429300292151e+23,0.0,0.0,0.0,0.0,53,4.950428597886765e+32,-0.0,0.0,0.0,0.0,0.0,0.0,0.0,0.0,0,0,0,0.0,0.0,0.0,0.0,0.0,0.0,0.0,0.0,0.0,0.0,0.0,0.0,0.0,0.0,0.0,0.0,0,-107875648.0,53,0.0,106,-107614832.0,0.0,ERR,ERR,ERR,ERR,ERR,ERR,ERR,ERR,ERR,ERR,ERR,ERR,ERR,ERR,ERR,ERR,ERR,ERR,ERR,ERR,ERR,ERR,ERR,ERR,ERR,ERR,ERR,ERR,ERR,ERR,ERR,ERR,ERR,ERR,ERR,ERR,ERR,ERR,ERR,ERR,ERR,ERR,ERR,ERR,ERR,ERR,ERR,ERR,ERR,ERR,ERR,ERR,ERR,ERR,ERR,ERR,ERR,ERR,ERR,ERR,ERR,ERR,ERR,ERR,ERR,ERR,ERR,50.0,60.0,100,0.0,0.0,0.0,0.0,0.0,0.0,0.0,0.0,0.0,0.0,0.0,0.0,0.0,0.0,0.0,0.0,62.0,74,14,65512,50,65476,0,300,0,0,8,20529,65476,0,0,26214,60.0,0.0,0.0,0.0,0.0,0.0
2026-05-17T18:28:00,ERR,ERR,ERR,ERR,ERR,ERR,ERR,ERR,ERR,ERR,ERR,ERR,ERR,ERR,ERR,ERR,ERR,ERR,ERR,ERR,ERR,ERR,ERR,ERR,ERR,ERR,ERR,ERR,ERR,ERR,ERR,ERR,ERR,ERR,ERR,ERR,ERR,ERR,ERR,ERR,ERR,ERR,ERR,ERR,ERR,ERR,ERR,ERR,ERR,ERR,ERR,ERR,ERR,ERR,ERR,ERR,ERR,ERR,ERR,ERR,ERR,ERR,ERR,ERR,ERR,ERR,ERR,ERR,ERR,ERR,ERR,ERR,ERR,ERR,ERR,ERR,ERR,ERR,ERR,ERR,ERR,ERR,ERR,ERR,ERR,ERR,ERR,ERR,ERR,ERR,ERR,ERR,ERR,ERR,ERR,ERR,ERR,ERR,ERR,ERR,ERR,ERR,ERR,ERR,ERR,ERR,ERR,ERR,ERR,ERR,ERR,ERR,ERR,ERR,ERR,ERR,ERR,ERR,ERR,ERR,ERR,ERR,ERR,ERR,ERR,0.0,0.0,0.0,0.0,0.0,1.3936040501711995e+18,7.805,0.0,0,0,4,0,8422,0.0,45,0.0,0.0,0.0,0.0,0.0,0,0,0,0,0.0,0,0,0,0,0,0,0,0,0,0,0,0,0,0,0,0,0,0,0,0,0,0,0,0,0,0,0,0,0,0,0,0,0,38,14,7,45,65476,0,300,0,0,8,21553,0.0,-107605600.0,0.0,0.0,0.0,0.0,0.0,0.0,0.0,0.0,0.0,0.0,0.0,0.0,0.0,0.0,0.0,0.0,0.0,0.0,0.0,0.0,0.0,2.004,-0.0,0.0,0.0,0.0,0.0,0.0,4979.0,2.004,0.0,0.0,0.0,-107615280.0,2.718429300292151e+23,0.0,0.0,0.0,0.0,53,4.950428597886765e+32,-0.0,0.0,0.0,0.0,0.0,0.0,0.0,0.0,0,0,0,0.0,0.0,0.0,0.0,0.0,0.0,0.0,0.0,0.0,0.0,0.0,0.0,0.0,0.0,0.0,0.0,0,-107875648.0,53,0.0,106,-107614832.0,0.0,ERR,ERR,ERR,ERR,ERR,ERR,ERR,ERR,ERR,ERR,ERR,ERR,ERR,ERR,ERR,ERR,ERR,ERR,ERR,ERR,ERR,ERR,ERR,ERR,ERR,ERR,ERR,ERR,ERR,ERR,ERR,ERR,ERR,ERR,ERR,ERR,ERR,ERR,ERR,ERR,ERR,ERR,ERR,ERR,ERR,ERR,ERR,ERR,ERR,ERR,ERR,ERR,ERR,ERR,ERR,ERR,ERR,ERR,ERR,ERR,ERR,ERR,ERR,ERR,ERR,ERR,ERR,50.0,60.0,100,0.0,0.0,0.0,0.0,0.0,0.0,0.0,0.0,0.0,0.0,0.0,0.0,0.0,0.0,0.0,0.0,62.0,74,14,65512,50,65476,0,300,0,0,8,20529,65476,0,0,26214,60.0,0.0,0.0,0.0,0.0,0.0
2026-05-17T18:28:01,ERR,ERR,ERR,ERR,ERR,ERR,ERR,ERR,ERR,ERR,ERR,ERR,ERR,ERR,ERR,ERR,ERR,ERR,ERR,ERR,ERR,ERR,ERR,ERR,ERR,ERR,ERR,ERR,ERR,ERR,ERR,ERR,ERR,ERR,ERR,ERR,ERR,ERR,ERR,ERR,ERR,ERR,ERR,ERR,ERR,ERR,ERR,ERR,ERR,ERR,ERR,ERR,ERR,ERR,ERR,ERR,ERR,ERR,ERR,ERR,ERR,ERR,ERR,ERR,ERR,ERR,ERR,ERR,ERR,ERR,ERR,ERR,ERR,ERR,ERR,ERR,ERR,ERR,ERR,ERR,ERR,ERR,ERR,ERR,ERR,ERR,ERR,ERR,ERR,ERR,ERR,ERR,ERR,ERR,ERR,ERR,ERR,ERR,ERR,ERR,ERR,ERR,ERR,ERR,ERR,ERR,ERR,ERR,ERR,ERR,ERR,ERR,ERR,ERR,ERR,ERR,ERR,ERR,ERR,ERR,ERR,ERR,ERR,ERR,ERR,0.0,0.0,0.0,0.0,0.0,1.3936040501711995e+18,7.805,0.0,0,0,4,0,8422,0.0,45,0.0,0.0,0.0,0.0,0.0,0,0,0,0,0.0,0,0,0,0,0,0,0,0,0,0,0,0,0,0,0,0,0,0,0,0,0,0,0,0,0,0,0,0,0,0,0,0,0,38,14,7,45,65476,0,300,0,0,8,21553,0.0,-107605600.0,0.0,0.0,0.0,0.0,0.0,0.0,0.0,0.0,0.0,0.0,0.0,0.0,0.0,0.0,0.0,0.0,0.0,0.0,0.0,0.0,0.0,2.004,-0.0,0.0,0.0,0.0,0.0,0.0,4979.0,2.004,0.0,0.0,0.0,-107615280.0,2.718429300292151e+23,0.0,0.0,0.0,0.0,53,4.950428597886765e+32,-0.0,0.0,0.0,0.0,0.0,0.0,0.0,0.0,0,0,0,0.0,0.0,0.0,0.0,0.0,0.0,0.0,0.0,0.0,0.0,0.0,0.0,0.0,0.0,0.0,0.0,0,-107875648.0,53,0.0,106,-107614832.0,0.0,ERR,ERR,ERR,ERR,ERR,ERR,ERR,ERR,ERR,ERR,ERR,ERR,ERR,ERR,ERR,ERR,ERR,ERR,ERR,ERR,ERR,ERR,ERR,ERR,ERR,ERR,ERR,ERR,ERR,ERR,ERR,ERR,ERR,ERR,ERR,ERR,ERR,ERR,ERR,ERR,ERR,ERR,ERR,ERR,ERR,ERR,ERR,ERR,ERR,ERR,ERR,ERR,ERR,ERR,ERR,ERR,ERR,ERR,ERR,ERR,ERR,ERR,ERR,ERR,ERR,ERR,ERR,50.0,60.0,100,0.0,0.0,0.0,0.0,0.0,0.0,0.0,0.0,0.0,0.0,0.0,0.0,0.0,0.0,0.0,0.0,61.6,74,14,65512,50,65476,0,300,0,0,8,20529,65476,0,0,26214,60.0,0.0,0.0,0.0,0.0,0.0
2026-05-17T18:28:02,ERR,ERR,ERR,ERR,ERR,ERR,ERR,ERR,ERR,ERR,ERR,ERR,ERR,ERR,ERR,ERR,ERR,ERR,ERR,ERR,ERR,ERR,ERR,ERR,ERR,ERR,ERR,ERR,ERR,ERR,ERR,ERR,ERR,ERR,ERR,ERR,ERR,ERR,ERR,ERR,ERR,ERR,ERR,ERR,ERR,ERR,ERR,ERR,ERR,ERR,ERR,ERR,ERR,ERR,ERR,ERR,ERR,ERR,ERR,ERR,ERR,ERR,ERR,ERR,ERR,ERR,ERR,ERR,ERR,ERR,ERR,ERR,ERR,ERR,ERR,ERR,ERR,ERR,ERR,ERR,ERR,ERR,ERR,ERR,ERR,ERR,ERR,ERR,ERR,ERR,ERR,ERR,ERR,ERR,ERR,ERR,ERR,ERR,ERR,ERR,ERR,ERR,ERR,ERR,ERR,ERR,ERR,ERR,ERR,ERR,ERR,ERR,ERR,ERR,ERR,ERR,ERR,ERR,ERR,ERR,ERR,ERR,ERR,ERR,ERR,0.0,0.0,0.0,0.0,0.0,1.3936040501711995e+18,7.805,0.0,0,0,4,0,8422,0.0,45,0.0,0.0,0.0,0.0,0.0,0,0,0,0,0.0,0,0,0,0,0,0,0,0,0,0,0,0,0,0,0,0,0,0,0,0,0,0,0,0,0,0,0,0,0,0,0,0,0,38,14,7,45,65476,0,300,0,0,8,21553,0.0,-107605600.0,0.0,0.0,0.0,0.0,0.0,0.0,0.0,0.0,0.0,0.0,0.0,0.0,0.0,0.0,0.0,0.0,0.0,0.0,0.0,0.0,0.0,2.004,-0.0,0.0,0.0,0.0,0.0,0.0,4979.0,2.004,0.0,0.0,0.0,-107615280.0,2.718429300292151e+23,0.0,0.0,0.0,0.0,53,4.950428597886765e+32,-0.0,0.0,0.0,0.0,0.0,0.0,0.0,0.0,0,0,0,0.0,0.0,0.0,0.0,0.0,0.0,0.0,0.0,0.0,0.0,0.0,0.0,0.0,0.0,0.0,0.0,0,-107875648.0,53,0.0,106,-107614832.0,0.0,ERR,ERR,ERR,ERR,ERR,ERR,ERR,ERR,ERR,ERR,ERR,ERR,ERR,ERR,ERR,ERR,ERR,ERR,ERR,ERR,ERR,ERR,ERR,ERR,ERR,ERR,ERR,ERR,ERR,ERR,ERR,ERR,ERR,ERR,ERR,ERR,ERR,ERR,ERR,ERR,ERR,ERR,ERR,ERR,ERR,ERR,ERR,ERR,ERR,ERR,ERR,ERR,ERR,ERR,ERR,ERR,ERR,ERR,ERR,ERR,ERR,ERR,ERR,ERR,ERR,ERR,ERR,50.0,60.0,100,0.0,0.0,0.0,0.0,0.0,0.0,0.0,0.0,0.0,0.0,0.0,0.0,0.0,0.0,0.0,0.0,61.6,74,14,65512,50,65476,0,300,0,0,8,20529,65476,0,0,26214,60.0,0.0,0.0,0.0,0.0,0.0
2026-05-17T18:28:03,ERR,ERR,ERR,ERR,ERR,ERR,ERR,ERR,ERR,ERR,ERR,ERR,ERR,ERR,ERR,ERR,ERR,ERR,ERR,ERR,ERR,ERR,ERR,ERR,ERR,ERR,ERR,ERR,ERR,ERR,ERR,ERR,ERR,ERR,ERR,ERR,ERR,ERR,ERR,ERR,ERR,ERR,ERR,ERR,ERR,ERR,ERR,ERR,ERR,ERR,ERR,ERR,ERR,ERR,ERR,ERR,ERR,ERR,ERR,ERR,ERR,ERR,ERR,ERR,ERR,ERR,ERR,ERR,ERR,ERR,ERR,ERR,ERR,ERR,ERR,ERR,ERR,ERR,ERR,ERR,ERR,ERR,ERR,ERR,ERR,ERR,ERR,ERR,ERR,ERR,ERR,ERR,ERR,ERR,ERR,ERR,ERR,ERR,ERR,ERR,ERR,ERR,ERR,ERR,ERR,ERR,ERR,ERR,ERR,ERR,ERR,ERR,ERR,ERR,ERR,ERR,ERR,ERR,ERR,ERR,ERR,ERR,ERR,ERR,ERR,0.0,0.0,0.0,0.0,0.0,1.3936040501711995e+18,7.805,0.0,0,0,4,0,8422,0.0,45,0.0,0.0,0.0,0.0,0.0,0,0,0,0,0.0,0,0,0,0,0,0,0,0,0,0,0,0,0,0,0,0,0,0,0,0,0,0,0,0,0,0,0,0,0,0,0,0,0,38,14,7,45,65476,0,300,0,0,8,21553,0.0,-107605600.0,0.0,0.0,0.0,0.0,0.0,0.0,0.0,0.0,0.0,0.0,0.0,0.0,0.0,0.0,0.0,0.0,0.0,0.0,0.0,0.0,0.0,2.004,-0.0,0.0,0.0,0.0,0.0,0.0,4949.0,-1.5879289753249576e+29,0.0,0.0,0.0,-107615280.0,2.718429300292151e+23,0.0,0.0,0.0,0.0,53,5.848083413016271e+35,-0.0,0.0,0.0,0.0,0.0,0.0,0.0,0.0,0,0,0,0.0,0.0,0.0,0.0,0.0,0.0,0.0,0.0,0.0,0.0,0.0,0.0,0.0,0.0,0.0,0.0,0,-107875648.0,53,0.0,106,-107614832.0,0.0,ERR,ERR,ERR,ERR,ERR,ERR,ERR,ERR,ERR,ERR,ERR,ERR,ERR,ERR,ERR,ERR,ERR,ERR,ERR,ERR,ERR,ERR,ERR,ERR,ERR,ERR,ERR,ERR,ERR,ERR,ERR,ERR,ERR,ERR,ERR,ERR,ERR,ERR,ERR,ERR,ERR,ERR,ERR,ERR,ERR,ERR,ERR,ERR,ERR,ERR,ERR,ERR,ERR,ERR,ERR,ERR,ERR,ERR,ERR,ERR,ERR,ERR,ERR,ERR,ERR,ERR,ERR,50.0,60.0,100,0.0,0.0,0.0,0.0,0.0,0.0,0.0,0.0,0.0,0.0,0.0,0.0,0.0,0.0,0.0,0.0,61.6,74,14,65512,50,65476,0,300,0,0,8,20529,65476,0,0,26214,60.0,0.0,0.0,0.0,0.0,0.0
2026-05-17T18:28:04,ERR,ERR,ERR,ERR,ERR,ERR,ERR,ERR,ERR,ERR,ERR,ERR,ERR,ERR,ERR,ERR,ERR,ERR,ERR,ERR,ERR,ERR,ERR,ERR,ERR,ERR,ERR,ERR,ERR,ERR,ERR,ERR,ERR,ERR,ERR,ERR,ERR,ERR,ERR,ERR,ERR,ERR,ERR,ERR,ERR,ERR,ERR,ERR,ERR,ERR,ERR,ERR,ERR,ERR,ERR,ERR,ERR,ERR,ERR,ERR,ERR,ERR,ERR,ERR,ERR,ERR,ERR,ERR,ERR,ERR,ERR,ERR,ERR,ERR,ERR,ERR,ERR,ERR,ERR,ERR,ERR,ERR,ERR,ERR,ERR,ERR,ERR,ERR,ERR,ERR,ERR,ERR,ERR,ERR,ERR,ERR,ERR,ERR,ERR,ERR,ERR,ERR,ERR,ERR,ERR,ERR,ERR,ERR,ERR,ERR,ERR,ERR,ERR,ERR,ERR,ERR,ERR,ERR,ERR,ERR,ERR,ERR,ERR,ERR,ERR,0.0,0.0,0.0,0.0,0.0,1.3936040501711995e+18,7.805,0.0,0,0,4,0,8422,0.0,45,0.0,0.0,0.0,0.0,0.0,0,0,0,0,0.0,0,0,0,0,0,0,0,0,0,0,0,0,0,0,0,0,0,0,0,0,0,0,0,0,0,0,0,0,0,0,0,0,0,38,14,7,45,65476,0,300,0,0,8,21553,0.0,-107605600.0,0.0,0.0,0.0,0.0,0.0,0.0,0.0,0.0,0.0,0.0,0.0,0.0,0.0,0.0,0.0,0.0,0.0,0.0,0.0,0.0,0.0,2.004,-0.0,0.0,0.0,0.0,0.0,0.0,4949.0,-1.5879289753249576e+29,0.0,0.0,0.0,-107615280.0,2.718429300292151e+23,0.0,0.0,0.0,0.0,53,5.848083413016271e+35,-0.0,0.0,0.0,0.0,0.0,0.0,0.0,0.0,0,0,0,0.0,0.0,0.0,0.0,0.0,0.0,0.0,0.0,0.0,0.0,0.0,0.0,0.0,0.0,0.0,0.0,0,-107875648.0,53,0.0,106,-107614832.0,0.0,ERR,ERR,ERR,ERR,ERR,ERR,ERR,ERR,ERR,ERR,ERR,ERR,ERR,ERR,ERR,ERR,ERR,ERR,ERR,ERR,ERR,ERR,ERR,ERR,ERR,ERR,ERR,ERR,ERR,ERR,ERR,ERR,ERR,ERR,ERR,ERR,ERR,ERR,ERR,ERR,ERR,ERR,ERR,ERR,ERR,ERR,ERR,ERR,ERR,ERR,ERR,ERR,ERR,ERR,ERR,ERR,ERR,ERR,ERR,ERR,ERR,ERR,ERR,ERR,ERR,ERR,ERR,50.0,60.0,100,0.0,0.0,0.0,0.0,0.0,0.0,0.0,0.0,0.0,0.0,0.0,0.0,0.0,0.0,0.0,0.0,61.6,74,14,65512,50,65476,0,300,0,0,8,20529,65476,0,0,26214,60.0,0.0,0.0,0.0,0.0,0.0
2026-05-17T18:28:05,ERR,ERR,ERR,ERR,ERR,ERR,ERR,ERR,ERR,ERR,ERR,ERR,ERR,ERR,ERR,ERR,ERR,ERR,ERR,ERR,ERR,ERR,ERR,ERR,ERR,ERR,ERR,ERR,ERR,ERR,ERR,ERR,ERR,ERR,ERR,ERR,ERR,ERR,ERR,ERR,ERR,ERR,ERR,ERR,ERR,ERR,ERR,ERR,ERR,ERR,ERR,ERR,ERR,ERR,ERR,ERR,ERR,ERR,ERR,ERR,ERR,ERR,ERR,ERR,ERR,ERR,ERR,ERR,ERR,ERR,ERR,ERR,ERR,ERR,ERR,ERR,ERR,ERR,ERR,ERR,ERR,ERR,ERR,ERR,ERR,ERR,ERR,ERR,ERR,ERR,ERR,ERR,ERR,ERR,ERR,ERR,ERR,ERR,ERR,ERR,ERR,ERR,ERR,ERR,ERR,ERR,ERR,ERR,ERR,ERR,ERR,ERR,ERR,ERR,ERR,ERR,ERR,ERR,ERR,ERR,ERR,ERR,ERR,ERR,ERR,0.0,0.0,0.0,0.0,0.0,1.3936040501711995e+18,7.805,0.0,0,0,4,0,8422,0.0,45,0.0,0.0,0.0,0.0,0.0,0,0,0,0,0.0,0,0,0,0,0,0,0,0,0,0,0,0,0,0,0,0,0,0,0,0,0,0,0,0,0,0,0,0,0,0,0,0,0,38,14,7,45,65476,0,300,0,0,8,21553,0.0,-107605600.0,0.0,0.0,0.0,0.0,0.0,0.0,0.0,0.0,0.0,0.0,0.0,0.0,0.0,0.0,0.0,0.0,0.0,0.0,0.0,0.0,0.0,2.004,-0.0,0.0,0.0,0.0,0.0,0.0,4949.0,-1.5879289753249576e+29,0.0,0.0,0.0,-107615280.0,2.718429300292151e+23,0.0,0.0,0.0,0.0,53,5.848083413016271e+35,-0.0,0.0,0.0,0.0,0.0,0.0,0.0,0.0,0,0,0,0.0,0.0,0.0,0.0,0.0,0.0,0.0,0.0,0.0,0.0,0.0,0.0,0.0,0.0,0.0,0.0,0,-107875648.0,53,0.0,106,-107614832.0,0.0,ERR,ERR,ERR,ERR,ERR,ERR,ERR,ERR,ERR,ERR,ERR,ERR,ERR,ERR,ERR,ERR,ERR,ERR,ERR,ERR,ERR,ERR,ERR,ERR,ERR,ERR,ERR,ERR,ERR,ERR,ERR,ERR,ERR,ERR,ERR,ERR,ERR,ERR,ERR,ERR,ERR,ERR,ERR,ERR,ERR,ERR,ERR,ERR,ERR,ERR,ERR,ERR,ERR,ERR,ERR,ERR,ERR,ERR,ERR,ERR,ERR,ERR,ERR,ERR,ERR,ERR,ERR,50.0,60.0,100,0.0,0.0,0.0,0.0,0.0,0.0,0.0,0.0,0.0,0.0,0.0,0.0,0.0,0.0,0.0,0.0,61.6,73,14,65512,50,65476,0,300,0,0,8,20529,65476,0,0,26214,60.0,0.0,0.0,0.0,0.0,0.0
2026-05-17T18:28:06,ERR,ERR,ERR,ERR,ERR,ERR,ERR,ERR,ERR,ERR,ERR,ERR,ERR,ERR,ERR,ERR,ERR,ERR,ERR,ERR,ERR,ERR,ERR,ERR,ERR,ERR,ERR,ERR,ERR,ERR,ERR,ERR,ERR,ERR,ERR,ERR,ERR,ERR,ERR,ERR,ERR,ERR,ERR,ERR,ERR,ERR,ERR,ERR,ERR,ERR,ERR,ERR,ERR,ERR,ERR,ERR,ERR,ERR,ERR,ERR,ERR,ERR,ERR,ERR,ERR,ERR,ERR,ERR,ERR,ERR,ERR,ERR,ERR,ERR,ERR,ERR,ERR,ERR,ERR,ERR,ERR,ERR,ERR,ERR,ERR,ERR,ERR,ERR,ERR,ERR,ERR,ERR,ERR,ERR,ERR,ERR,ERR,ERR,ERR,ERR,ERR,ERR,ERR,ERR,ERR,ERR,ERR,ERR,ERR,ERR,ERR,ERR,ERR,ERR,ERR,ERR,ERR,ERR,ERR,ERR,ERR,ERR,ERR,ERR,ERR,0.0,0.0,0.0,0.0,0.0,1.3936040501711995e+18,7.805,0.0,0,0,4,0,8422,0.0,45,0.0,0.0,0.0,0.0,0.0,0,0,0,0,0.0,0,0,0,0,0,0,0,0,0,0,0,0,0,0,0,0,0,0,0,0,0,0,0,0,0,0,0,0,0,0,0,0,0,38,14,7,45,65476,0,300,0,0,8,21553,0.0,-107605600.0,0.0,0.0,0.0,0.0,0.0,0.0,0.0,0.0,0.0,0.0,0.0,0.0,0.0,0.0,0.0,0.0,0.0,0.0,0.0,0.0,0.0,2.004,-0.0,0.0,0.0,0.0,0.0,0.0,4949.0,-1.5879289753249576e+29,0.0,0.0,0.0,-107615280.0,2.718429300292151e+23,0.0,0.0,0.0,0.0,53,5.848083413016271e+35,-0.0,0.0,0.0,0.0,0.0,0.0,0.0,0.0,0,0,0,0.0,0.0,0.0,0.0,0.0,0.0,0.0,0.0,0.0,0.0,0.0,0.0,0.0,0.0,0.0,0.0,0,-107875648.0,53,0.0,106,-107614832.0,0.0,ERR,ERR,ERR,ERR,ERR,ERR,ERR,ERR,ERR,ERR,ERR,ERR,ERR,ERR,ERR,ERR,ERR,ERR,ERR,ERR,ERR,ERR,ERR,ERR,ERR,ERR,ERR,ERR,ERR,ERR,ERR,ERR,ERR,ERR,ERR,ERR,ERR,ERR,ERR,ERR,ERR,ERR,ERR,ERR,ERR,ERR,ERR,ERR,ERR,ERR,ERR,ERR,ERR,ERR,ERR,ERR,ERR,ERR,ERR,ERR,ERR,ERR,ERR,ERR,ERR,ERR,ERR,50.0,60.0,100,0.0,0.0,0.0,0.0,0.0,0.0,0.0,0.0,0.0,0.0,0.0,0.0,0.0,0.0,0.0,0.0,61.6,73,14,65512,50,65476,0,300,0,0,8,20529,65476,0,0,26214,60.0,0.0,0.0,0.0,0.0,0.0
2026-05-17T18:28:07,ERR,ERR,ERR,ERR,ERR,ERR,ERR,ERR,ERR,ERR,ERR,ERR,ERR,ERR,ERR,ERR,ERR,ERR,ERR,ERR,ERR,ERR,ERR,ERR,ERR,ERR,ERR,ERR,ERR,ERR,ERR,ERR,ERR,ERR,ERR,ERR,ERR,ERR,ERR,ERR,ERR,ERR,ERR,ERR,ERR,ERR,ERR,ERR,ERR,ERR,ERR,ERR,ERR,ERR,ERR,ERR,ERR,ERR,ERR,ERR,ERR,ERR,ERR,ERR,ERR,ERR,ERR,ERR,ERR,ERR,ERR,ERR,ERR,ERR,ERR,ERR,ERR,ERR,ERR,ERR,ERR,ERR,ERR,ERR,ERR,ERR,ERR,ERR,ERR,ERR,ERR,ERR,ERR,ERR,ERR,ERR,ERR,ERR,ERR,ERR,ERR,ERR,ERR,ERR,ERR,ERR,ERR,ERR,ERR,ERR,ERR,ERR,ERR,ERR,ERR,ERR,ERR,ERR,ERR,ERR,ERR,ERR,ERR,ERR,ERR,0.0,0.0,0.0,0.0,0.0,1.3936040501711995e+18,7.805,0.0,0,0,4,0,8422,0.0,45,0.0,0.0,0.0,0.0,0.0,0,0,0,0,0.0,0,0,0,0,0,0,0,0,0,0,0,0,0,0,0,0,0,0,0,0,0,0,0,0,0,0,0,0,0,0,0,0,0,38,14,7,45,65476,0,300,0,0,8,21553,0.0,-107605600.0,0.0,0.0,0.0,0.0,0.0,0.0,0.0,0.0,0.0,0.0,0.0,0.0,0.0,0.0,0.0,0.0,0.0,0.0,0.0,0.0,0.0,2.004,-0.0,0.0,0.0,0.0,0.0,0.0,4949.0,-1.5879289753249576e+29,0.0,0.0,0.0,-107615280.0,2.718429300292151e+23,0.0,0.0,0.0,0.0,53,5.848083413016271e+35,-0.0,0.0,0.0,0.0,0.0,0.0,0.0,0.0,0,0,0,0.0,0.0,0.0,0.0,0.0,0.0,0.0,0.0,0.0,0.0,0.0,0.0,0.0,0.0,0.0,0.0,0,-107875648.0,53,0.0,106,-107614832.0,0.0,ERR,ERR,ERR,ERR,ERR,ERR,ERR,ERR,ERR,ERR,ERR,ERR,ERR,ERR,ERR,ERR,ERR,ERR,ERR,ERR,ERR,ERR,ERR,ERR,ERR,ERR,ERR,ERR,ERR,ERR,ERR,ERR,ERR,ERR,ERR,ERR,ERR,ERR,ERR,ERR,ERR,ERR,ERR,ERR,ERR,ERR,ERR,ERR,ERR,ERR,ERR,ERR,ERR,ERR,ERR,ERR,ERR,ERR,ERR,ERR,ERR,ERR,ERR,ERR,ERR,ERR,ERR,50.0,60.0,100,0.0,0.0,0.0,0.0,0.0,0.0,0.0,0.0,0.0,0.0,0.0,0.0,0.0,0.0,0.0,0.0,61.6,74,14,65512,50,65476,0,300,0,0,8,20529,65476,0,0,26214,60.0,0.0,0.0,0.0,0.0,0.0
2026-05-17T18:28:08,ERR,ERR,ERR,ERR,ERR,ERR,ERR,ERR,ERR,ERR,ERR,ERR,ERR,ERR,ERR,ERR,ERR,ERR,ERR,ERR,ERR,ERR,ERR,ERR,ERR,ERR,ERR,ERR,ERR,ERR,ERR,ERR,ERR,ERR,ERR,ERR,ERR,ERR,ERR,ERR,ERR,ERR,ERR,ERR,ERR,ERR,ERR,ERR,ERR,ERR,ERR,ERR,ERR,ERR,ERR,ERR,ERR,ERR,ERR,ERR,ERR,ERR,ERR,ERR,ERR,ERR,ERR,ERR,ERR,ERR,ERR,ERR,ERR,ERR,ERR,ERR,ERR,ERR,ERR,ERR,ERR,ERR,ERR,ERR,ERR,ERR,ERR,ERR,ERR,ERR,ERR,ERR,ERR,ERR,ERR,ERR,ERR,ERR,ERR,ERR,ERR,ERR,ERR,ERR,ERR,ERR,ERR,ERR,ERR,ERR,ERR,ERR,ERR,ERR,ERR,ERR,ERR,ERR,ERR,ERR,ERR,ERR,ERR,ERR,ERR,0.0,0.0,0.0,0.0,0.0,1.3936040501711995e+18,7.805,0.0,0,0,4,0,8422,0.0,45,0.0,0.0,0.0,0.0,0.0,0,0,0,0,0.0,0,0,0,0,0,0,0,0,0,0,0,0,0,0,0,0,0,0,0,0,0,0,0,0,0,0,0,0,0,0,0,0,0,38,14,7,45,65476,0,300,0,0,8,21553,0.0,-107605600.0,0.0,0.0,0.0,0.0,0.0,0.0,0.0,0.0,0.0,0.0,0.0,0.0,0.0,0.0,0.0,0.0,0.0,0.0,0.0,0.0,0.0,2.004,-0.0,0.0,0.0,0.0,0.0,0.0,4984.0,-8608181248.0,0.0,0.0,0.0,-107615280.0,2.718429300292151e+23,0.0,0.0,0.0,0.0,53,-0.0,-0.0,0.0,0.0,0.0,0.0,0.0,0.0,0.0,0,0,0,0.0,0.0,0.0,0.0,0.0,0.0,0.0,0.0,0.0,0.0,0.0,0.0,0.0,0.0,0.0,0.0,0,-107875648.0,53,0.0,106,-107614832.0,0.0,ERR,ERR,ERR,ERR,ERR,ERR,ERR,ERR,ERR,ERR,ERR,ERR,ERR,ERR,ERR,ERR,ERR,ERR,ERR,ERR,ERR,ERR,ERR,ERR,ERR,ERR,ERR,ERR,ERR,ERR,ERR,ERR,ERR,ERR,ERR,ERR,ERR,ERR,ERR,ERR,ERR,ERR,ERR,ERR,ERR,ERR,ERR,ERR,ERR,ERR,ERR,ERR,ERR,ERR,ERR,ERR,ERR,ERR,ERR,ERR,ERR,ERR,ERR,ERR,ERR,ERR,ERR,50.0,60.0,100,0.0,0.0,0.0,0.0,0.0,0.0,0.0,0.0,0.0,0.0,0.0,0.0,0.0,0.0,0.0,0.0,61.6,74,14,65512,50,65476,0,300,0,0,8,20529,65476,0,0,26214,60.0,0.0,0.0,0.0,0.0,0.0
2026-05-17T18:28:09,ERR,ERR,ERR,ERR,ERR,ERR,ERR,ERR,ERR,ERR,ERR,ERR,ERR,ERR,ERR,ERR,ERR,ERR,ERR,ERR,ERR,ERR,ERR,ERR,ERR,ERR,ERR,ERR,ERR,ERR,ERR,ERR,ERR,ERR,ERR,ERR,ERR,ERR,ERR,ERR,ERR,ERR,ERR,ERR,ERR,ERR,ERR,ERR,ERR,ERR,ERR,ERR,ERR,ERR,ERR,ERR,ERR,ERR,ERR,ERR,ERR,ERR,ERR,ERR,ERR,ERR,ERR,ERR,ERR,ERR,ERR,ERR,ERR,ERR,ERR,ERR,ERR,ERR,ERR,ERR,ERR,ERR,ERR,ERR,ERR,ERR,ERR,ERR,ERR,ERR,ERR,ERR,ERR,ERR,ERR,ERR,ERR,ERR,ERR,ERR,ERR,ERR,ERR,ERR,ERR,ERR,ERR,ERR,ERR,ERR,ERR,ERR,ERR,ERR,ERR,ERR,ERR,ERR,ERR,ERR,ERR,ERR,ERR,ERR,ERR,0.0,0.0,0.0,0.0,0.0,1.3936040501711995e+18,7.805,0.0,0,0,4,0,8422,0.0,45,0.0,0.0,0.0,0.0,0.0,0,0,0,0,0.0,0,0,0,0,0,0,0,0,0,0,0,0,0,0,0,0,0,0,0,0,0,0,0,0,0,0,0,0,0,0,0,0,0,38,14,7,45,65476,0,300,0,0,8,21553,0.0,-107605600.0,0.0,0.0,0.0,0.0,0.0,0.0,0.0,0.0,0.0,0.0,0.0,0.0,0.0,0.0,0.0,0.0,0.0,0.0,0.0,0.0,0.0,2.004,-0.0,0.0,0.0,0.0,0.0,0.0,4984.0,-8608181248.0,0.0,0.0,0.0,-107615280.0,2.718429300292151e+23,0.0,0.0,0.0,0.0,53,-0.0,-0.0,0.0,0.0,0.0,0.0,0.0,0.0,0.0,0,0,0,0.0,0.0,0.0,0.0,0.0,0.0,0.0,0.0,0.0,0.0,0.0,0.0,0.0,0.0,0.0,0.0,0,-107875648.0,53,0.0,106,-107614832.0,0.0,ERR,ERR,ERR,ERR,ERR,ERR,ERR,ERR,ERR,ERR,ERR,ERR,ERR,ERR,ERR,ERR,ERR,ERR,ERR,ERR,ERR,ERR,ERR,ERR,ERR,ERR,ERR,ERR,ERR,ERR,ERR,ERR,ERR,ERR,ERR,ERR,ERR,ERR,ERR,ERR,ERR,ERR,ERR,ERR,ERR,ERR,ERR,ERR,ERR,ERR,ERR,ERR,ERR,ERR,ERR,ERR,ERR,ERR,ERR,ERR,ERR,ERR,ERR,ERR,ERR,ERR,ERR,50.0,60.0,100,0.0,0.0,0.0,0.0,0.0,0.0,0.0,0.0,0.0,0.0,0.0,0.0,0.0,0.0,0.0,0.0,61.6,74,14,65512,50,65476,0,300,0,0,8,20529,65476,0,0,26214,60.0,0.0,0.0,0.0,0.0,0.0
2026-05-17T18:28:10,ERR,ERR,ERR,ERR,ERR,ERR,ERR,ERR,ERR,ERR,ERR,ERR,ERR,ERR,ERR,ERR,ERR,ERR,ERR,ERR,ERR,ERR,ERR,ERR,ERR,ERR,ERR,ERR,ERR,ERR,ERR,ERR,ERR,ERR,ERR,ERR,ERR,ERR,ERR,ERR,ERR,ERR,ERR,ERR,ERR,ERR,ERR,ERR,ERR,ERR,ERR,ERR,ERR,ERR,ERR,ERR,ERR,ERR,ERR,ERR,ERR,ERR,ERR,ERR,ERR,ERR,ERR,ERR,ERR,ERR,ERR,ERR,ERR,ERR,ERR,ERR,ERR,ERR,ERR,ERR,ERR,ERR,ERR,ERR,ERR,ERR,ERR,ERR,ERR,ERR,ERR,ERR,ERR,ERR,ERR,ERR,ERR,ERR,ERR,ERR,ERR,ERR,ERR,ERR,ERR,ERR,ERR,ERR,ERR,ERR,ERR,ERR,ERR,ERR,ERR,ERR,ERR,ERR,ERR,ERR,ERR,ERR,ERR,ERR,ERR,0.0,0.0,0.0,0.0,0.0,1.3936040501711995e+18,7.805,0.0,0,0,4,0,8422,0.0,45,0.0,0.0,0.0,0.0,0.0,0,0,0,0,0.0,0,0,0,0,0,0,0,0,0,0,0,0,0,0,0,0,0,0,0,0,0,0,0,0,0,0,0,0,0,0,0,0,0,38,14,7,45,65476,0,300,0,0,8,21553,0.0,-107605600.0,0.0,0.0,0.0,0.0,0.0,0.0,0.0,0.0,0.0,0.0,0.0,0.0,0.0,0.0,0.0,0.0,0.0,0.0,0.0,0.0,0.0,2.004,-0.0,0.0,0.0,0.0,0.0,0.0,4984.0,-8608181248.0,0.0,0.0,0.0,-107615280.0,2.718429300292151e+23,0.0,0.0,0.0,0.0,53,-0.0,-0.0,0.0,0.0,0.0,0.0,0.0,0.0,0.0,0,0,0,0.0,0.0,0.0,0.0,0.0,0.0,0.0,0.0,0.0,0.0,0.0,0.0,0.0,0.0,0.0,0.0,0,-107875648.0,53,0.0,106,-107614832.0,0.0,ERR,ERR,ERR,ERR,ERR,ERR,ERR,ERR,ERR,ERR,ERR,ERR,ERR,ERR,ERR,ERR,ERR,ERR,ERR,ERR,ERR,ERR,ERR,ERR,ERR,ERR,ERR,ERR,ERR,ERR,ERR,ERR,ERR,ERR,ERR,ERR,ERR,ERR,ERR,ERR,ERR,ERR,ERR,ERR,ERR,ERR,ERR,ERR,ERR,ERR,ERR,ERR,ERR,ERR,ERR,ERR,ERR,ERR,ERR,ERR,ERR,ERR,ERR,ERR,ERR,ERR,ERR,50.0,60.0,100,0.0,0.0,0.0,0.0,0.0,0.0,0.0,0.0,0.0,0.0,0.0,0.0,0.0,0.0,0.0,0.0,62.0,74,14,65512,50,65476,0,300,0,0,8,20529,65476,0,0,26214,60.0,0.0,0.0,0.0,0.0,0.0
2026-05-17T18:28:11,ERR,ERR,ERR,ERR,ERR,ERR,ERR,ERR,ERR,ERR,ERR,ERR,ERR,ERR,ERR,ERR,ERR,ERR,ERR,ERR,ERR,ERR,ERR,ERR,ERR,ERR,ERR,ERR,ERR,ERR,ERR,ERR,ERR,ERR,ERR,ERR,ERR,ERR,ERR,ERR,ERR,ERR,ERR,ERR,ERR,ERR,ERR,ERR,ERR,ERR,ERR,ERR,ERR,ERR,ERR,ERR,ERR,ERR,ERR,ERR,ERR,ERR,ERR,ERR,ERR,ERR,ERR,ERR,ERR,ERR,ERR,ERR,ERR,ERR,ERR,ERR,ERR,ERR,ERR,ERR,ERR,ERR,ERR,ERR,ERR,ERR,ERR,ERR,ERR,ERR,ERR,ERR,ERR,ERR,ERR,ERR,ERR,ERR,ERR,ERR,ERR,ERR,ERR,ERR,ERR,ERR,ERR,ERR,ERR,ERR,ERR,ERR,ERR,ERR,ERR,ERR,ERR,ERR,ERR,ERR,ERR,ERR,ERR,ERR,ERR,0.0,0.0,0.0,0.0,0.0,1.3936040501711995e+18,7.805,0.0,0,0,4,0,8422,0.0,45,0.0,0.0,0.0,0.0,0.0,0,0,0,0,0.0,0,0,0,0,0,0,0,0,0,0,0,0,0,0,0,0,0,0,0,0,0,0,0,0,0,0,0,0,0,0,0,0,0,38,14,7,45,65476,0,300,0,0,8,21553,0.0,-107605600.0,0.0,0.0,0.0,0.0,0.0,0.0,0.0,0.0,0.0,0.0,0.0,0.0,0.0,0.0,0.0,0.0,0.0,0.0,0.0,0.0,0.0,2.004,-0.0,0.0,0.0,0.0,0.0,0.0,4984.0,-8608181248.0,0.0,0.0,0.0,-107615280.0,2.718429300292151e+23,0.0,0.0,0.0,0.0,53,-0.0,-0.0,0.0,0.0,0.0,0.0,0.0,0.0,0.0,0,0,0,0.0,0.0,0.0,0.0,0.0,0.0,0.0,0.0,0.0,0.0,0.0,0.0,0.0,0.0,0.0,0.0,0,-107875648.0,53,0.0,106,-107614832.0,0.0,ERR,ERR,ERR,ERR,ERR,ERR,ERR,ERR,ERR,ERR,ERR,ERR,ERR,ERR,ERR,ERR,ERR,ERR,ERR,ERR,ERR,ERR,ERR,ERR,ERR,ERR,ERR,ERR,ERR,ERR,ERR,ERR,ERR,ERR,ERR,ERR,ERR,ERR,ERR,ERR,ERR,ERR,ERR,ERR,ERR,ERR,ERR,ERR,ERR,ERR,ERR,ERR,ERR,ERR,ERR,ERR,ERR,ERR,ERR,ERR,ERR,ERR,ERR,ERR,ERR,ERR,ERR,50.0,60.0,100,0.0,0.0,0.0,0.0,0.0,0.0,0.0,0.0,0.0,0.0,0.0,0.0,0.0,0.0,0.0,0.0,62.0,74,14,65512,50,65476,0,300,0,0,8,20529,65476,0,0,26214,60.0,0.0,0.0,0.0,0.0,0.0
2026-05-17T18:28:12,ERR,ERR,ERR,ERR,ERR,ERR,ERR,ERR,ERR,ERR,ERR,ERR,ERR,ERR,ERR,ERR,ERR,ERR,ERR,ERR,ERR,ERR,ERR,ERR,ERR,ERR,ERR,ERR,ERR,ERR,ERR,ERR,ERR,ERR,ERR,ERR,ERR,ERR,ERR,ERR,ERR,ERR,ERR,ERR,ERR,ERR,ERR,ERR,ERR,ERR,ERR,ERR,ERR,ERR,ERR,ERR,ERR,ERR,ERR,ERR,ERR,ERR,ERR,ERR,ERR,ERR,ERR,ERR,ERR,ERR,ERR,ERR,ERR,ERR,ERR,ERR,ERR,ERR,ERR,ERR,ERR,ERR,ERR,ERR,ERR,ERR,ERR,ERR,ERR,ERR,ERR,ERR,ERR,ERR,ERR,ERR,ERR,ERR,ERR,ERR,ERR,ERR,ERR,ERR,ERR,ERR,ERR,ERR,ERR,ERR,ERR,ERR,ERR,ERR,ERR,ERR,ERR,ERR,ERR,ERR,ERR,ERR,ERR,ERR,ERR,0.0,0.0,0.0,0.0,0.0,1.3936040501711995e+18,7.805,0.0,0,0,4,0,8422,0.0,45,0.0,0.0,0.0,0.0,0.0,0,0,0,0,0.0,0,0,0,0,0,0,0,0,0,0,0,0,0,0,0,0,0,0,0,0,0,0,0,0,0,0,0,0,0,0,0,0,0,38,14,7,45,65476,0,300,0,0,8,21553,0.0,-107605600.0,0.0,0.0,0.0,0.0,0.0,0.0,0.0,0.0,0.0,0.0,0.0,0.0,0.0,0.0,0.0,0.0,0.0,0.0,0.0,0.0,0.0,2.004,-0.0,0.0,0.0,0.0,0.0,0.0,4984.0,-8608181248.0,0.0,0.0,0.0,-107615280.0,2.718429300292151e+23,0.0,0.0,0.0,0.0,53,-0.0,-0.0,0.0,0.0,0.0,0.0,0.0,0.0,0.0,0,0,0,0.0,0.0,0.0,0.0,0.0,0.0,0.0,0.0,0.0,0.0,0.0,0.0,0.0,0.0,0.0,0.0,0,-107875648.0,53,0.0,106,-107614832.0,0.0,ERR,ERR,ERR,ERR,ERR,ERR,ERR,ERR,ERR,ERR,ERR,ERR,ERR,ERR,ERR,ERR,ERR,ERR,ERR,ERR,ERR,ERR,ERR,ERR,ERR,ERR,ERR,ERR,ERR,ERR,ERR,ERR,ERR,ERR,ERR,ERR,ERR,ERR,ERR,ERR,ERR,ERR,ERR,ERR,ERR,ERR,ERR,ERR,ERR,ERR,ERR,ERR,ERR,ERR,ERR,ERR,ERR,ERR,ERR,ERR,ERR,ERR,ERR,ERR,ERR,ERR,ERR,50.0,60.0,100,0.0,0.0,0.0,0.0,0.0,0.0,0.0,0.0,0.0,0.0,0.0,0.0,0.0,0.0,0.0,0.0,61.6,74,14,65512,50,65476,0,300,0,0,8,20529,65476,0,0,26214,60.0,0.0,0.0,0.0,0.0,0.0
2026-05-17T18:28:13,ERR,ERR,ERR,ERR,ERR,ERR,ERR,ERR,ERR,ERR,ERR,ERR,ERR,ERR,ERR,ERR,ERR,ERR,ERR,ERR,ERR,ERR,ERR,ERR,ERR,ERR,ERR,ERR,ERR,ERR,ERR,ERR,ERR,ERR,ERR,ERR,ERR,ERR,ERR,ERR,ERR,ERR,ERR,ERR,ERR,ERR,ERR,ERR,ERR,ERR,ERR,ERR,ERR,ERR,ERR,ERR,ERR,ERR,ERR,ERR,ERR,ERR,ERR,ERR,ERR,ERR,ERR,ERR,ERR,ERR,ERR,ERR,ERR,ERR,ERR,ERR,ERR,ERR,ERR,ERR,ERR,ERR,ERR,ERR,ERR,ERR,ERR,ERR,ERR,ERR,ERR,ERR,ERR,ERR,ERR,ERR,ERR,ERR,ERR,ERR,ERR,ERR,ERR,ERR,ERR,ERR,ERR,ERR,ERR,ERR,ERR,ERR,ERR,ERR,ERR,ERR,ERR,ERR,ERR,ERR,ERR,ERR,ERR,ERR,ERR,0.0,0.0,0.0,0.0,0.0,1.3936040501711995e+18,7.805,0.0,0,0,4,0,8422,0.0,45,0.0,0.0,0.0,0.0,0.0,0,0,0,0,0.0,0,0,0,0,0,0,0,0,0,0,0,0,0,0,0,0,0,0,0,0,0,0,0,0,0,0,0,0,0,0,0,0,0,38,14,7,45,65476,0,300,0,0,8,21553,0.0,-107605600.0,0.0,0.0,0.0,0.0,0.0,0.0,0.0,0.0,0.0,0.0,0.0,0.0,0.0,0.0,0.0,0.0,0.0,0.0,0.0,0.0,0.0,2.004,-0.0,0.0,0.0,0.0,0.0,0.0,5017.0,0.0,0.0,0.0,0.0,-107615280.0,2.718429300292151e+23,0.0,0.0,0.0,0.0,53,-0.0,-71.629,0.0,0.0,0.0,0.0,0.0,0.0,0.0,0,0,0,0.0,0.0,0.0,0.0,0.0,0.0,0.0,0.0,0.0,0.0,0.0,0.0,0.0,0.0,0.0,0.0,0,-107875648.0,53,0.0,106,-107614832.0,0.0,ERR,ERR,ERR,ERR,ERR,ERR,ERR,ERR,ERR,ERR,ERR,ERR,ERR,ERR,ERR,ERR,ERR,ERR,ERR,ERR,ERR,ERR,ERR,ERR,ERR,ERR,ERR,ERR,ERR,ERR,ERR,ERR,ERR,ERR,ERR,ERR,ERR,ERR,ERR,ERR,ERR,ERR,ERR,ERR,ERR,ERR,ERR,ERR,ERR,ERR,ERR,ERR,ERR,ERR,ERR,ERR,ERR,ERR,ERR,ERR,ERR,ERR,ERR,ERR,ERR,ERR,ERR,50.0,60.0,100,0.0,0.0,0.0,0.0,0.0,0.0,0.0,0.0,0.0,0.0,0.0,0.0,0.0,0.0,0.0,0.0,61.6,74,14,65512,50,65476,0,300,0,0,8,20529,65476,0,0,26214,60.0,0.0,0.0,0.0,0.0,0.0
2026-05-17T18:28:14,ERR,ERR,ERR,ERR,ERR,ERR,ERR,ERR,ERR,ERR,ERR,ERR,ERR,ERR,ERR,ERR,ERR,ERR,ERR,ERR,ERR,ERR,ERR,ERR,ERR,ERR,ERR,ERR,ERR,ERR,ERR,ERR,ERR,ERR,ERR,ERR,ERR,ERR,ERR,ERR,ERR,ERR,ERR,ERR,ERR,ERR,ERR,ERR,ERR,ERR,ERR,ERR,ERR,ERR,ERR,ERR,ERR,ERR,ERR,ERR,ERR,ERR,ERR,ERR,ERR,ERR,ERR,ERR,ERR,ERR,ERR,ERR,ERR,ERR,ERR,ERR,ERR,ERR,ERR,ERR,ERR,ERR,ERR,ERR,ERR,ERR,ERR,ERR,ERR,ERR,ERR,ERR,ERR,ERR,ERR,ERR,ERR,ERR,ERR,ERR,ERR,ERR,ERR,ERR,ERR,ERR,ERR,ERR,ERR,ERR,ERR,ERR,ERR,ERR,ERR,ERR,ERR,ERR,ERR,ERR,ERR,ERR,ERR,ERR,ERR,0.0,0.0,0.0,0.0,0.0,1.3936040501711995e+18,7.805,0.0,0,0,4,0,8422,0.0,45,0.0,0.0,0.0,0.0,0.0,0,0,0,0,0.0,0,0,0,0,0,0,0,0,0,0,0,0,0,0,0,0,0,0,0,0,0,0,0,0,0,0,0,0,0,0,0,0,0,38,14,7,45,65476,0,300,0,0,8,21553,0.0,-107605600.0,0.0,0.0,0.0,0.0,0.0,0.0,0.0,0.0,0.0,0.0,0.0,0.0,0.0,0.0,0.0,0.0,0.0,0.0,0.0,0.0,0.0,2.004,-0.0,0.0,0.0,0.0,0.0,0.0,5017.0,0.0,0.0,0.0,0.0,-107615280.0,2.718429300292151e+23,0.0,0.0,0.0,0.0,53,-0.0,-71.629,0.0,0.0,0.0,0.0,0.0,0.0,0.0,0,0,0,0.0,0.0,0.0,0.0,0.0,0.0,0.0,0.0,0.0,0.0,0.0,0.0,0.0,0.0,0.0,0.0,0,-107875648.0,53,0.0,106,-107614832.0,0.0,ERR,ERR,ERR,ERR,ERR,ERR,ERR,ERR,ERR,ERR,ERR,ERR,ERR,ERR,ERR,ERR,ERR,ERR,ERR,ERR,ERR,ERR,ERR,ERR,ERR,ERR,ERR,ERR,ERR,ERR,ERR,ERR,ERR,ERR,ERR,ERR,ERR,ERR,ERR,ERR,ERR,ERR,ERR,ERR,ERR,ERR,ERR,ERR,ERR,ERR,ERR,ERR,ERR,ERR,ERR,ERR,ERR,ERR,ERR,ERR,ERR,ERR,ERR,ERR,ERR,ERR,ERR,50.0,60.0,100,0.0,0.0,0.0,0.0,0.0,0.0,0.0,0.0,0.0,0.0,0.0,0.0,0.0,0.0,0.0,0.0,62.0,74,14,65512,50,65476,0,300,0,0,8,20529,65476,0,0,26214,60.0,0.0,0.0,0.0,0.0,0.0
2026-05-17T18:28:15,ERR,ERR,ERR,ERR,ERR,ERR,ERR,ERR,ERR,ERR,ERR,ERR,ERR,ERR,ERR,ERR,ERR,ERR,ERR,ERR,ERR,ERR,ERR,ERR,ERR,ERR,ERR,ERR,ERR,ERR,ERR,ERR,ERR,ERR,ERR,ERR,ERR,ERR,ERR,ERR,ERR,ERR,ERR,ERR,ERR,ERR,ERR,ERR,ERR,ERR,ERR,ERR,ERR,ERR,ERR,ERR,ERR,ERR,ERR,ERR,ERR,ERR,ERR,ERR,ERR,ERR,ERR,ERR,ERR,ERR,ERR,ERR,ERR,ERR,ERR,ERR,ERR,ERR,ERR,ERR,ERR,ERR,ERR,ERR,ERR,ERR,ERR,ERR,ERR,ERR,ERR,ERR,ERR,ERR,ERR,ERR,ERR,ERR,ERR,ERR,ERR,ERR,ERR,ERR,ERR,ERR,ERR,ERR,ERR,ERR,ERR,ERR,ERR,ERR,ERR,ERR,ERR,ERR,ERR,ERR,ERR,ERR,ERR,ERR,ERR,0.0,0.0,0.0,0.0,0.0,1.3936040501711995e+18,7.805,0.0,0,0,4,0,8422,0.0,45,0.0,0.0,0.0,0.0,0.0,0,0,0,0,0.0,0,0,0,0,0,0,0,0,0,0,0,0,0,0,0,0,0,0,0,0,0,0,0,0,0,0,0,0,0,0,0,0,0,38,14,7,45,65476,0,300,0,0,8,21553,0.0,-107605600.0,0.0,0.0,0.0,0.0,0.0,0.0,0.0,0.0,0.0,0.0,0.0,0.0,0.0,0.0,0.0,0.0,0.0,0.0,0.0,0.0,0.0,2.004,-0.0,0.0,0.0,0.0,0.0,0.0,5017.0,0.0,0.0,0.0,0.0,-107615280.0,2.718429300292151e+23,0.0,0.0,0.0,0.0,53,-0.0,-71.629,0.0,0.0,0.0,0.0,0.0,0.0,0.0,0,0,0,0.0,0.0,0.0,0.0,0.0,0.0,0.0,0.0,0.0,0.0,0.0,0.0,0.0,0.0,0.0,0.0,0,-107875648.0,53,0.0,106,-107614832.0,0.0,ERR,ERR,ERR,ERR,ERR,ERR,ERR,ERR,ERR,ERR,ERR,ERR,ERR,ERR,ERR,ERR,ERR,ERR,ERR,ERR,ERR,ERR,ERR,ERR,ERR,ERR,ERR,ERR,ERR,ERR,ERR,ERR,ERR,ERR,ERR,ERR,ERR,ERR,ERR,ERR,ERR,ERR,ERR,ERR,ERR,ERR,ERR,ERR,ERR,ERR,ERR,ERR,ERR,ERR,ERR,ERR,ERR,ERR,ERR,ERR,ERR,ERR,ERR,ERR,ERR,ERR,ERR,50.0,60.0,100,0.0,0.0,0.0,0.0,0.0,0.0,0.0,0.0,0.0,0.0,0.0,0.0,0.0,0.0,0.0,0.0,61.6,74,14,65512,50,65476,0,300,0,0,8,20529,65476,0,0,26214,60.0,0.0,0.0,0.0,0.0,0.0
2026-05-17T18:28:16,ERR,ERR,ERR,ERR,ERR,ERR,ERR,ERR,ERR,ERR,ERR,ERR,ERR,ERR,ERR,ERR,ERR,ERR,ERR,ERR,ERR,ERR,ERR,ERR,ERR,ERR,ERR,ERR,ERR,ERR,ERR,ERR,ERR,ERR,ERR,ERR,ERR,ERR,ERR,ERR,ERR,ERR,ERR,ERR,ERR,ERR,ERR,ERR,ERR,ERR,ERR,ERR,ERR,ERR,ERR,ERR,ERR,ERR,ERR,ERR,ERR,ERR,ERR,ERR,ERR,ERR,ERR,ERR,ERR,ERR,ERR,ERR,ERR,ERR,ERR,ERR,ERR,ERR,ERR,ERR,ERR,ERR,ERR,ERR,ERR,ERR,ERR,ERR,ERR,ERR,ERR,ERR,ERR,ERR,ERR,ERR,ERR,ERR,ERR,ERR,ERR,ERR,ERR,ERR,ERR,ERR,ERR,ERR,ERR,ERR,ERR,ERR,ERR,ERR,ERR,ERR,ERR,ERR,ERR,ERR,ERR,ERR,ERR,ERR,ERR,0.0,0.0,0.0,0.0,0.0,1.3936040501711995e+18,7.805,0.0,0,0,4,0,8422,0.0,45,0.0,0.0,0.0,0.0,0.0,0,0,0,0,0.0,0,0,0,0,0,0,0,0,0,0,0,0,0,0,0,0,0,0,0,0,0,0,0,0,0,0,0,0,0,0,0,0,0,38,14,7,45,65476,0,300,0,0,8,21553,0.0,-107605600.0,0.0,0.0,0.0,0.0,0.0,0.0,0.0,0.0,0.0,0.0,0.0,0.0,0.0,0.0,0.0,0.0,0.0,0.0,0.0,0.0,0.0,2.004,-0.0,0.0,0.0,0.0,0.0,0.0,5017.0,0.0,0.0,0.0,0.0,-107615280.0,2.718429300292151e+23,0.0,0.0,0.0,0.0,53,-0.0,-71.629,0.0,0.0,0.0,0.0,0.0,0.0,0.0,0,0,0,0.0,0.0,0.0,0.0,0.0,0.0,0.0,0.0,0.0,0.0,0.0,0.0,0.0,0.0,0.0,0.0,0,-107875648.0,53,0.0,106,-107614832.0,0.0,ERR,ERR,ERR,ERR,ERR,ERR,ERR,ERR,ERR,ERR,ERR,ERR,ERR,ERR,ERR,ERR,ERR,ERR,ERR,ERR,ERR,ERR,ERR,ERR,ERR,ERR,ERR,ERR,ERR,ERR,ERR,ERR,ERR,ERR,ERR,ERR,ERR,ERR,ERR,ERR,ERR,ERR,ERR,ERR,ERR,ERR,ERR,ERR,ERR,ERR,ERR,ERR,ERR,ERR,ERR,ERR,ERR,ERR,ERR,ERR,ERR,ERR,ERR,ERR,ERR,ERR,ERR,50.0,60.0,100,0.0,0.0,0.0,0.0,0.0,0.0,0.0,0.0,0.0,0.0,0.0,0.0,0.0,0.0,0.0,0.0,61.6,74,14,65512,50,65476,0,300,0,0,8,20529,65476,0,0,26214,60.0,0.0,0.0,0.0,0.0,0.0
2026-05-17T18:28:17,ERR,ERR,ERR,ERR,ERR,ERR,ERR,ERR,ERR,ERR,ERR,ERR,ERR,ERR,ERR,ERR,ERR,ERR,ERR,ERR,ERR,ERR,ERR,ERR,ERR,ERR,ERR,ERR,ERR,ERR,ERR,ERR,ERR,ERR,ERR,ERR,ERR,ERR,ERR,ERR,ERR,ERR,ERR,ERR,ERR,ERR,ERR,ERR,ERR,ERR,ERR,ERR,ERR,ERR,ERR,ERR,ERR,ERR,ERR,ERR,ERR,ERR,ERR,ERR,ERR,ERR,ERR,ERR,ERR,ERR,ERR,ERR,ERR,ERR,ERR,ERR,ERR,ERR,ERR,ERR,ERR,ERR,ERR,ERR,ERR,ERR,ERR,ERR,ERR,ERR,ERR,ERR,ERR,ERR,ERR,ERR,ERR,ERR,ERR,ERR,ERR,ERR,ERR,ERR,ERR,ERR,ERR,ERR,ERR,ERR,ERR,ERR,ERR,ERR,ERR,ERR,ERR,ERR,ERR,ERR,ERR,ERR,ERR,ERR,ERR,0.0,0.0,0.0,0.0,0.0,1.3936040501711995e+18,7.805,0.0,0,0,4,0,8422,0.0,45,0.0,0.0,0.0,0.0,0.0,0,0,0,0,0.0,0,0,0,0,0,0,0,0,0,0,0,0,0,0,0,0,0,0,0,0,0,0,0,0,0,0,0,0,0,0,0,0,0,38,14,7,45,65476,0,300,0,0,8,21553,0.0,-107605600.0,0.0,0.0,0.0,0.0,0.0,0.0,0.0,0.0,0.0,0.0,0.0,0.0,0.0,0.0,0.0,0.0,0.0,0.0,0.0,0.0,0.0,2.004,-0.0,0.0,0.0,0.0,0.0,0.0,5017.0,0.0,0.0,0.0,0.0,-107615280.0,2.718429300292151e+23,0.0,0.0,0.0,0.0,53,-0.0,-71.629,0.0,0.0,0.0,0.0,0.0,0.0,0.0,0,0,0,0.0,0.0,0.0,0.0,0.0,0.0,0.0,0.0,0.0,0.0,0.0,0.0,0.0,0.0,0.0,0.0,0,-107875648.0,53,0.0,106,-107614832.0,0.0,ERR,ERR,ERR,ERR,ERR,ERR,ERR,ERR,ERR,ERR,ERR,ERR,ERR,ERR,ERR,ERR,ERR,ERR,ERR,ERR,ERR,ERR,ERR,ERR,ERR,ERR,ERR,ERR,ERR,ERR,ERR,ERR,ERR,ERR,ERR,ERR,ERR,ERR,ERR,ERR,ERR,ERR,ERR,ERR,ERR,ERR,ERR,ERR,ERR,ERR,ERR,ERR,ERR,ERR,ERR,ERR,ERR,ERR,ERR,ERR,ERR,ERR,ERR,ERR,ERR,ERR,ERR,50.0,60.0,100,0.0,0.0,0.0,0.0,0.0,0.0,0.0,0.0,0.0,0.0,0.0,0.0,0.0,0.0,0.0,0.0,61.6,74,14,65512,50,65476,0,300,0,0,8,20529,65476,0,0,26214,60.0,0.0,0.0,0.0,0.0,0.0
2026-05-17T18:28:18,ERR,ERR,ERR,ERR,ERR,ERR,ERR,ERR,ERR,ERR,ERR,ERR,ERR,ERR,ERR,ERR,ERR,ERR,ERR,ERR,ERR,ERR,ERR,ERR,ERR,ERR,ERR,ERR,ERR,ERR,ERR,ERR,ERR,ERR,ERR,ERR,ERR,ERR,ERR,ERR,ERR,ERR,ERR,ERR,ERR,ERR,ERR,ERR,ERR,ERR,ERR,ERR,ERR,ERR,ERR,ERR,ERR,ERR,ERR,ERR,ERR,ERR,ERR,ERR,ERR,ERR,ERR,ERR,ERR,ERR,ERR,ERR,ERR,ERR,ERR,ERR,ERR,ERR,ERR,ERR,ERR,ERR,ERR,ERR,ERR,ERR,ERR,ERR,ERR,ERR,ERR,ERR,ERR,ERR,ERR,ERR,ERR,ERR,ERR,ERR,ERR,ERR,ERR,ERR,ERR,ERR,ERR,ERR,ERR,ERR,ERR,ERR,ERR,ERR,ERR,ERR,ERR,ERR,ERR,ERR,ERR,ERR,ERR,ERR,ERR,0.0,0.0,0.0,0.0,0.0,1.3936040501711995e+18,7.805,0.0,0,0,4,0,8422,0.0,45,0.0,0.0,0.0,0.0,0.0,0,0,0,0,0.0,0,0,0,0,0,0,0,0,0,0,0,0,0,0,0,0,0,0,0,0,0,0,0,0,0,0,0,0,0,0,0,0,0,38,14,7,45,65476,0,300,0,0,8,21553,0.0,-107605600.0,0.0,0.0,0.0,0.0,0.0,0.0,0.0,0.0,0.0,0.0,0.0,0.0,0.0,0.0,0.0,0.0,0.0,0.0,0.0,0.0,0.0,2.004,-0.0,0.0,0.0,0.0,0.0,0.0,4983.0,-8608181248.0,0.0,0.0,0.0,-107615280.0,2.718429300292151e+23,0.0,0.0,0.0,0.0,53,-0.0,1.905685750968484e+17,0.0,0.0,0.0,0.0,0.0,0.0,0.0,0,0,0,0.0,0.0,0.0,0.0,0.0,0.0,0.0,0.0,0.0,0.0,0.0,0.0,0.0,0.0,0.0,0.0,0,-107875648.0,53,0.0,106,-107614832.0,0.0,ERR,ERR,ERR,ERR,ERR,ERR,ERR,ERR,ERR,ERR,ERR,ERR,ERR,ERR,ERR,ERR,ERR,ERR,ERR,ERR,ERR,ERR,ERR,ERR,ERR,ERR,ERR,ERR,ERR,ERR,ERR,ERR,ERR,ERR,ERR,ERR,ERR,ERR,ERR,ERR,ERR,ERR,ERR,ERR,ERR,ERR,ERR,ERR,ERR,ERR,ERR,ERR,ERR,ERR,ERR,ERR,ERR,ERR,ERR,ERR,ERR,ERR,ERR,ERR,ERR,ERR,ERR,50.0,60.0,100,0.0,0.0,0.0,0.0,0.0,0.0,0.0,0.0,0.0,0.0,0.0,0.0,0.0,0.0,0.0,0.0,61.6,74,14,65512,50,65476,0,300,0,0,8,20529,65476,0,0,26214,60.0,0.0,0.0,0.0,0.0,0.0
2026-05-17T18:28:19,ERR,ERR,ERR,ERR,ERR,ERR,ERR,ERR,ERR,ERR,ERR,ERR,ERR,ERR,ERR,ERR,ERR,ERR,ERR,ERR,ERR,ERR,ERR,ERR,ERR,ERR,ERR,ERR,ERR,ERR,ERR,ERR,ERR,ERR,ERR,ERR,ERR,ERR,ERR,ERR,ERR,ERR,ERR,ERR,ERR,ERR,ERR,ERR,ERR,ERR,ERR,ERR,ERR,ERR,ERR,ERR,ERR,ERR,ERR,ERR,ERR,ERR,ERR,ERR,ERR,ERR,ERR,ERR,ERR,ERR,ERR,ERR,ERR,ERR,ERR,ERR,ERR,ERR,ERR,ERR,ERR,ERR,ERR,ERR,ERR,ERR,ERR,ERR,ERR,ERR,ERR,ERR,ERR,ERR,ERR,ERR,ERR,ERR,ERR,ERR,ERR,ERR,ERR,ERR,ERR,ERR,ERR,ERR,ERR,ERR,ERR,ERR,ERR,ERR,ERR,ERR,ERR,ERR,ERR,ERR,ERR,ERR,ERR,ERR,ERR,0.0,0.0,0.0,0.0,0.0,1.3936040501711995e+18,7.805,0.0,0,0,4,0,8422,0.0,45,0.0,0.0,0.0,0.0,0.0,0,0,0,0,0.0,0,0,0,0,0,0,0,0,0,0,0,0,0,0,0,0,0,0,0,0,0,0,0,0,0,0,0,0,0,0,0,0,0,38,14,7,45,65476,0,300,0,0,8,21553,0.0,-107605600.0,0.0,0.0,0.0,0.0,0.0,0.0,0.0,0.0,0.0,0.0,0.0,0.0,0.0,0.0,0.0,0.0,0.0,0.0,0.0,0.0,0.0,2.004,-0.0,0.0,0.0,0.0,0.0,0.0,4983.0,-8608181248.0,0.0,0.0,0.0,-107615280.0,2.718429300292151e+23,0.0,0.0,0.0,0.0,53,-0.0,1.905685750968484e+17,0.0,0.0,0.0,0.0,0.0,0.0,0.0,0,0,0,0.0,0.0,0.0,0.0,0.0,0.0,0.0,0.0,0.0,0.0,0.0,0.0,0.0,0.0,0.0,0.0,0,-107875648.0,53,0.0,106,-107614832.0,0.0,ERR,ERR,ERR,ERR,ERR,ERR,ERR,ERR,ERR,ERR,ERR,ERR,ERR,ERR,ERR,ERR,ERR,ERR,ERR,ERR,ERR,ERR,ERR,ERR,ERR,ERR,ERR,ERR,ERR,ERR,ERR,ERR,ERR,ERR,ERR,ERR,ERR,ERR,ERR,ERR,ERR,ERR,ERR,ERR,ERR,ERR,ERR,ERR,ERR,ERR,ERR,ERR,ERR,ERR,ERR,ERR,ERR,ERR,ERR,ERR,ERR,ERR,ERR,ERR,ERR,ERR,ERR,50.0,60.0,100,0.0,0.0,0.0,0.0,0.0,0.0,0.0,0.0,0.0,0.0,0.0,0.0,0.0,0.0,0.0,0.0,61.6,74,14,65512,50,65476,0,300,0,0,8,20529,65476,0,0,26214,60.0,0.0,0.0,0.0,0.0,0.0
2026-05-17T18:28:20,ERR,ERR,ERR,ERR,ERR,ERR,ERR,ERR,ERR,ERR,ERR,ERR,ERR,ERR,ERR,ERR,ERR,ERR,ERR,ERR,ERR,ERR,ERR,ERR,ERR,ERR,ERR,ERR,ERR,ERR,ERR,ERR,ERR,ERR,ERR,ERR,ERR,ERR,ERR,ERR,ERR,ERR,ERR,ERR,ERR,ERR,ERR,ERR,ERR,ERR,ERR,ERR,ERR,ERR,ERR,ERR,ERR,ERR,ERR,ERR,ERR,ERR,ERR,ERR,ERR,ERR,ERR,ERR,ERR,ERR,ERR,ERR,ERR,ERR,ERR,ERR,ERR,ERR,ERR,ERR,ERR,ERR,ERR,ERR,ERR,ERR,ERR,ERR,ERR,ERR,ERR,ERR,ERR,ERR,ERR,ERR,ERR,ERR,ERR,ERR,ERR,ERR,ERR,ERR,ERR,ERR,ERR,ERR,ERR,ERR,ERR,ERR,ERR,ERR,ERR,ERR,ERR,ERR,ERR,ERR,ERR,ERR,ERR,ERR,ERR,0.0,0.0,0.0,0.0,0.0,1.3936040501711995e+18,7.805,0.0,0,0,4,0,8422,0.0,45,0.0,0.0,0.0,0.0,0.0,0,0,0,0,0.0,0,0,0,0,0,0,0,0,0,0,0,0,0,0,0,0,0,0,0,0,0,0,0,0,0,0,0,0,0,0,0,0,0,38,14,7,45,65476,0,300,0,0,8,21553,0.0,-107605600.0,0.0,0.0,0.0,0.0,0.0,0.0,0.0,0.0,0.0,0.0,0.0,0.0,0.0,0.0,0.0,0.0,0.0,0.0,0.0,0.0,0.0,2.004,-0.0,0.0,0.0,0.0,0.0,0.0,4983.0,-8608181248.0,0.0,0.0,0.0,-107615280.0,2.718429300292151e+23,0.0,0.0,0.0,0.0,53,-0.0,1.905685750968484e+17,0.0,0.0,0.0,0.0,0.0,0.0,0.0,0,0,0,0.0,0.0,0.0,0.0,0.0,0.0,0.0,0.0,0.0,0.0,0.0,0.0,0.0,0.0,0.0,0.0,0,-107875648.0,53,0.0,106,-107614832.0,0.0,ERR,ERR,ERR,ERR,ERR,ERR,ERR,ERR,ERR,ERR,ERR,ERR,ERR,ERR,ERR,ERR,ERR,ERR,ERR,ERR,ERR,ERR,ERR,ERR,ERR,ERR,ERR,ERR,ERR,ERR,ERR,ERR,ERR,ERR,ERR,ERR,ERR,ERR,ERR,ERR,ERR,ERR,ERR,ERR,ERR,ERR,ERR,ERR,ERR,ERR,ERR,ERR,ERR,ERR,ERR,ERR,ERR,ERR,ERR,ERR,ERR,ERR,ERR,ERR,ERR,ERR,ERR,50.0,60.0,100,0.0,0.0,0.0,0.0,0.0,0.0,0.0,0.0,0.0,0.0,0.0,0.0,0.0,0.0,0.0,0.0,62.0,74,14,65512,50,65476,0,300,0,0,8,20529,65476,0,0,26214,60.0,0.0,0.0,0.0,0.0,0.0
2026-05-17T18:28:21,ERR,ERR,ERR,ERR,ERR,ERR,ERR,ERR,ERR,ERR,ERR,ERR,ERR,ERR,ERR,ERR,ERR,ERR,ERR,ERR,ERR,ERR,ERR,ERR,ERR,ERR,ERR,ERR,ERR,ERR,ERR,ERR,ERR,ERR,ERR,ERR,ERR,ERR,ERR,ERR,ERR,ERR,ERR,ERR,ERR,ERR,ERR,ERR,ERR,ERR,ERR,ERR,ERR,ERR,ERR,ERR,ERR,ERR,ERR,ERR,ERR,ERR,ERR,ERR,ERR,ERR,ERR,ERR,ERR,ERR,ERR,ERR,ERR,ERR,ERR,ERR,ERR,ERR,ERR,ERR,ERR,ERR,ERR,ERR,ERR,ERR,ERR,ERR,ERR,ERR,ERR,ERR,ERR,ERR,ERR,ERR,ERR,ERR,ERR,ERR,ERR,ERR,ERR,ERR,ERR,ERR,ERR,ERR,ERR,ERR,ERR,ERR,ERR,ERR,ERR,ERR,ERR,ERR,ERR,ERR,ERR,ERR,ERR,ERR,ERR,0.0,0.0,0.0,0.0,0.0,1.3936040501711995e+18,7.805,0.0,0,0,4,0,8422,0.0,45,0.0,0.0,0.0,0.0,0.0,0,0,0,0,0.0,0,0,0,0,0,0,0,0,0,0,0,0,0,0,0,0,0,0,0,0,0,0,0,0,0,0,0,0,0,0,0,0,0,38,14,7,45,65476,0,300,0,0,8,21553,0.0,-107605600.0,0.0,0.0,0.0,0.0,0.0,0.0,0.0,0.0,0.0,0.0,0.0,0.0,0.0,0.0,0.0,0.0,0.0,0.0,0.0,0.0,0.0,2.004,-0.0,0.0,0.0,0.0,0.0,0.0,4983.0,-8608181248.0,0.0,0.0,0.0,-107615280.0,2.718429300292151e+23,0.0,0.0,0.0,0.0,53,-0.0,1.905685750968484e+17,0.0,0.0,0.0,0.0,0.0,0.0,0.0,0,0,0,0.0,0.0,0.0,0.0,0.0,0.0,0.0,0.0,0.0,0.0,0.0,0.0,0.0,0.0,0.0,0.0,0,-107875648.0,53,0.0,106,-107614832.0,0.0,ERR,ERR,ERR,ERR,ERR,ERR,ERR,ERR,ERR,ERR,ERR,ERR,ERR,ERR,ERR,ERR,ERR,ERR,ERR,ERR,ERR,ERR,ERR,ERR,ERR,ERR,ERR,ERR,ERR,ERR,ERR,ERR,ERR,ERR,ERR,ERR,ERR,ERR,ERR,ERR,ERR,ERR,ERR,ERR,ERR,ERR,ERR,ERR,ERR,ERR,ERR,ERR,ERR,ERR,ERR,ERR,ERR,ERR,ERR,ERR,ERR,ERR,ERR,ERR,ERR,ERR,ERR,50.0,60.0,100,0.0,0.0,0.0,0.0,0.0,0.0,0.0,0.0,0.0,0.0,0.0,0.0,0.0,0.0,0.0,0.0,62.0,74,14,65512,50,65476,0,300,0,0,8,20529,65476,0,0,26214,60.0,0.0,0.0,0.0,0.0,0.0
2026-05-17T18:28:22,ERR,ERR,ERR,ERR,ERR,ERR,ERR,ERR,ERR,ERR,ERR,ERR,ERR,ERR,ERR,ERR,ERR,ERR,ERR,ERR,ERR,ERR,ERR,ERR,ERR,ERR,ERR,ERR,ERR,ERR,ERR,ERR,ERR,ERR,ERR,ERR,ERR,ERR,ERR,ERR,ERR,ERR,ERR,ERR,ERR,ERR,ERR,ERR,ERR,ERR,ERR,ERR,ERR,ERR,ERR,ERR,ERR,ERR,ERR,ERR,ERR,ERR,ERR,ERR,ERR,ERR,ERR,ERR,ERR,ERR,ERR,ERR,ERR,ERR,ERR,ERR,ERR,ERR,ERR,ERR,ERR,ERR,ERR,ERR,ERR,ERR,ERR,ERR,ERR,ERR,ERR,ERR,ERR,ERR,ERR,ERR,ERR,ERR,ERR,ERR,ERR,ERR,ERR,ERR,ERR,ERR,ERR,ERR,ERR,ERR,ERR,ERR,ERR,ERR,ERR,ERR,ERR,ERR,ERR,ERR,ERR,ERR,ERR,ERR,ERR,0.0,0.0,0.0,0.0,0.0,1.3936040501711995e+18,7.805,0.0,0,0,4,0,8422,0.0,45,0.0,0.0,0.0,0.0,0.0,0,0,0,0,0.0,0,0,0,0,0,0,0,0,0,0,0,0,0,0,0,0,0,0,0,0,0,0,0,0,0,0,0,0,0,0,0,0,0,38,14,7,45,65476,0,300,0,0,8,21553,0.0,-107605600.0,0.0,0.0,0.0,0.0,0.0,0.0,0.0,0.0,0.0,0.0,0.0,0.0,0.0,0.0,0.0,0.0,0.0,0.0,0.0,0.0,0.0,2.004,-0.0,0.0,0.0,0.0,0.0,0.0,4983.0,-8608181248.0,0.0,0.0,0.0,-107615280.0,2.718429300292151e+23,0.0,0.0,0.0,0.0,53,-0.0,1.905685750968484e+17,0.0,0.0,0.0,0.0,0.0,0.0,0.0,0,0,0,0.0,0.0,0.0,0.0,0.0,0.0,0.0,0.0,0.0,0.0,0.0,0.0,0.0,0.0,0.0,0.0,0,-107875648.0,53,0.0,106,-107614832.0,0.0,ERR,ERR,ERR,ERR,ERR,ERR,ERR,ERR,ERR,ERR,ERR,ERR,ERR,ERR,ERR,ERR,ERR,ERR,ERR,ERR,ERR,ERR,ERR,ERR,ERR,ERR,ERR,ERR,ERR,ERR,ERR,ERR,ERR,ERR,ERR,ERR,ERR,ERR,ERR,ERR,ERR,ERR,ERR,ERR,ERR,ERR,ERR,ERR,ERR,ERR,ERR,ERR,ERR,ERR,ERR,ERR,ERR,ERR,ERR,ERR,ERR,ERR,ERR,ERR,ERR,ERR,ERR,50.0,60.0,100,0.0,0.0,0.0,0.0,0.0,0.0,0.0,0.0,0.0,0.0,0.0,0.0,0.0,0.0,0.0,0.0,61.6,74,14,65512,50,65476,0,300,0,0,8,20529,65476,0,0,26214,60.0,0.0,0.0,0.0,0.0,0.0
2026-05-17T18:28:23,ERR,ERR,ERR,ERR,ERR,ERR,ERR,ERR,ERR,ERR,ERR,ERR,ERR,ERR,ERR,ERR,ERR,ERR,ERR,ERR,ERR,ERR,ERR,ERR,ERR,ERR,ERR,ERR,ERR,ERR,ERR,ERR,ERR,ERR,ERR,ERR,ERR,ERR,ERR,ERR,ERR,ERR,ERR,ERR,ERR,ERR,ERR,ERR,ERR,ERR,ERR,ERR,ERR,ERR,ERR,ERR,ERR,ERR,ERR,ERR,ERR,ERR,ERR,ERR,ERR,ERR,ERR,ERR,ERR,ERR,ERR,ERR,ERR,ERR,ERR,ERR,ERR,ERR,ERR,ERR,ERR,ERR,ERR,ERR,ERR,ERR,ERR,ERR,ERR,ERR,ERR,ERR,ERR,ERR,ERR,ERR,ERR,ERR,ERR,ERR,ERR,ERR,ERR,ERR,ERR,ERR,ERR,ERR,ERR,ERR,ERR,ERR,ERR,ERR,ERR,ERR,ERR,ERR,ERR,ERR,ERR,ERR,ERR,ERR,ERR,0.0,0.0,0.0,0.0,0.0,1.3936040501711995e+18,7.805,0.0,0,0,4,0,8422,0.0,45,0.0,0.0,0.0,0.0,0.0,0,0,0,0,0.0,0,0,0,0,0,0,0,0,0,0,0,0,0,0,0,0,0,0,0,0,0,0,0,0,0,0,0,0,0,0,0,0,0,38,14,7,45,65476,0,300,0,0,8,21553,0.0,-107605600.0,0.0,0.0,0.0,0.0,0.0,0.0,0.0,0.0,0.0,0.0,0.0,0.0,0.0,0.0,0.0,0.0,0.0,0.0,0.0,0.0,0.0,2.004,-0.0,0.0,0.0,0.0,0.0,0.0,4982.0,-0.0,0.0,0.0,0.0,-107615280.0,2.718429300292151e+23,0.0,0.0,0.0,0.0,53,-0.0,0.0,0.0,0.0,0.0,0.0,0.0,0.0,0.0,0,0,0,0.0,0.0,0.0,0.0,0.0,0.0,0.0,0.0,0.0,0.0,0.0,0.0,0.0,0.0,0.0,0.0,0,-107875648.0,53,0.0,106,-107614832.0,0.0,ERR,ERR,ERR,ERR,ERR,ERR,ERR,ERR,ERR,ERR,ERR,ERR,ERR,ERR,ERR,ERR,ERR,ERR,ERR,ERR,ERR,ERR,ERR,ERR,ERR,ERR,ERR,ERR,ERR,ERR,ERR,ERR,ERR,ERR,ERR,ERR,ERR,ERR,ERR,ERR,ERR,ERR,ERR,ERR,ERR,ERR,ERR,ERR,ERR,ERR,ERR,ERR,ERR,ERR,ERR,ERR,ERR,ERR,ERR,ERR,ERR,ERR,ERR,ERR,ERR,ERR,ERR,50.0,60.0,100,0.0,0.0,0.0,0.0,0.0,0.0,0.0,0.0,0.0,0.0,0.0,0.0,0.0,0.0,0.0,0.0,61.6,74,14,65512,50,65476,0,300,0,0,8,20529,65476,0,0,26214,60.0,0.0,0.0,0.0,0.0,0.0
2026-05-17T18:28:24,ERR,ERR,ERR,ERR,ERR,ERR,ERR,ERR,ERR,ERR,ERR,ERR,ERR,ERR,ERR,ERR,ERR,ERR,ERR,ERR,ERR,ERR,ERR,ERR,ERR,ERR,ERR,ERR,ERR,ERR,ERR,ERR,ERR,ERR,ERR,ERR,ERR,ERR,ERR,ERR,ERR,ERR,ERR,ERR,ERR,ERR,ERR,ERR,ERR,ERR,ERR,ERR,ERR,ERR,ERR,ERR,ERR,ERR,ERR,ERR,ERR,ERR,ERR,ERR,ERR,ERR,ERR,ERR,ERR,ERR,ERR,ERR,ERR,ERR,ERR,ERR,ERR,ERR,ERR,ERR,ERR,ERR,ERR,ERR,ERR,ERR,ERR,ERR,ERR,ERR,ERR,ERR,ERR,ERR,ERR,ERR,ERR,ERR,ERR,ERR,ERR,ERR,ERR,ERR,ERR,ERR,ERR,ERR,ERR,ERR,ERR,ERR,ERR,ERR,ERR,ERR,ERR,ERR,ERR,ERR,ERR,ERR,ERR,ERR,ERR,0.0,0.0,0.0,0.0,0.0,1.3936040501711995e+18,7.805,0.0,0,0,4,0,8422,0.0,45,0.0,0.0,0.0,0.0,0.0,0,0,0,0,0.0,0,0,0,0,0,0,0,0,0,0,0,0,0,0,0,0,0,0,0,0,0,0,0,0,0,0,0,0,0,0,0,0,0,38,14,7,45,65476,0,300,0,0,8,21553,0.0,-107605600.0,0.0,0.0,0.0,0.0,0.0,0.0,0.0,0.0,0.0,0.0,0.0,0.0,0.0,0.0,0.0,0.0,0.0,0.0,0.0,0.0,0.0,2.004,-0.0,0.0,0.0,0.0,0.0,0.0,4982.0,-0.0,0.0,0.0,0.0,-107615280.0,2.718429300292151e+23,0.0,0.0,0.0,0.0,53,-0.0,0.0,0.0,0.0,0.0,0.0,0.0,0.0,0.0,0,0,0,0.0,0.0,0.0,0.0,0.0,0.0,0.0,0.0,0.0,0.0,0.0,0.0,0.0,0.0,0.0,0.0,0,-107875648.0,53,0.0,106,-107614832.0,0.0,ERR,ERR,ERR,ERR,ERR,ERR,ERR,ERR,ERR,ERR,ERR,ERR,ERR,ERR,ERR,ERR,ERR,ERR,ERR,ERR,ERR,ERR,ERR,ERR,ERR,ERR,ERR,ERR,ERR,ERR,ERR,ERR,ERR,ERR,ERR,ERR,ERR,ERR,ERR,ERR,ERR,ERR,ERR,ERR,ERR,ERR,ERR,ERR,ERR,ERR,ERR,ERR,ERR,ERR,ERR,ERR,ERR,ERR,ERR,ERR,ERR,ERR,ERR,ERR,ERR,ERR,ERR,50.0,60.0,100,0.0,0.0,0.0,0.0,0.0,0.0,0.0,0.0,0.0,0.0,0.0,0.0,0.0,0.0,0.0,0.0,61.6,74,14,65512,50,65476,0,300,0,0,8,20529,65476,0,0,26214,60.0,0.0,0.0,0.0,0.0,0.0
2026-05-17T18:28:25,ERR,ERR,ERR,ERR,ERR,ERR,ERR,ERR,ERR,ERR,ERR,ERR,ERR,ERR,ERR,ERR,ERR,ERR,ERR,ERR,ERR,ERR,ERR,ERR,ERR,ERR,ERR,ERR,ERR,ERR,ERR,ERR,ERR,ERR,ERR,ERR,ERR,ERR,ERR,ERR,ERR,ERR,ERR,ERR,ERR,ERR,ERR,ERR,ERR,ERR,ERR,ERR,ERR,ERR,ERR,ERR,ERR,ERR,ERR,ERR,ERR,ERR,ERR,ERR,ERR,ERR,ERR,ERR,ERR,ERR,ERR,ERR,ERR,ERR,ERR,ERR,ERR,ERR,ERR,ERR,ERR,ERR,ERR,ERR,ERR,ERR,ERR,ERR,ERR,ERR,ERR,ERR,ERR,ERR,ERR,ERR,ERR,ERR,ERR,ERR,ERR,ERR,ERR,ERR,ERR,ERR,ERR,ERR,ERR,ERR,ERR,ERR,ERR,ERR,ERR,ERR,ERR,ERR,ERR,ERR,ERR,ERR,ERR,ERR,ERR,0.0,0.0,0.0,0.0,0.0,1.3936040501711995e+18,7.805,0.0,0,0,4,0,8422,0.0,45,0.0,0.0,0.0,0.0,0.0,0,0,0,0,0.0,0,0,0,0,0,0,0,0,0,0,0,0,0,0,0,0,0,0,0,0,0,0,0,0,0,0,0,0,0,0,0,0,0,38,14,7,45,65476,0,300,0,0,8,21553,0.0,-107605600.0,0.0,0.0,0.0,0.0,0.0,0.0,0.0,0.0,0.0,0.0,0.0,0.0,0.0,0.0,0.0,0.0,0.0,0.0,0.0,0.0,0.0,2.004,-0.0,0.0,0.0,0.0,0.0,0.0,4982.0,-0.0,0.0,0.0,0.0,-107615280.0,2.718429300292151e+23,0.0,0.0,0.0,0.0,53,-0.0,0.0,0.0,0.0,0.0,0.0,0.0,0.0,0.0,0,0,0,0.0,0.0,0.0,0.0,0.0,0.0,0.0,0.0,0.0,0.0,0.0,0.0,0.0,0.0,0.0,0.0,0,-107875648.0,53,0.0,106,-107614832.0,0.0,ERR,ERR,ERR,ERR,ERR,ERR,ERR,ERR,ERR,ERR,ERR,ERR,ERR,ERR,ERR,ERR,ERR,ERR,ERR,ERR,ERR,ERR,ERR,ERR,ERR,ERR,ERR,ERR,ERR,ERR,ERR,ERR,ERR,ERR,ERR,ERR,ERR,ERR,ERR,ERR,ERR,ERR,ERR,ERR,ERR,ERR,ERR,ERR,ERR,ERR,ERR,ERR,ERR,ERR,ERR,ERR,ERR,ERR,ERR,ERR,ERR,ERR,ERR,ERR,ERR,ERR,ERR,50.0,60.0,100,0.0,0.0,0.0,0.0,0.0,0.0,0.0,0.0,0.0,0.0,0.0,0.0,0.0,0.0,0.0,0.0,61.6,74,14,65512,50,65476,0,300,0,0,8,20529,65476,0,0,26214,60.0,0.0,0.0,0.0,0.0,0.0
2026-05-17T18:28:26,ERR,ERR,ERR,ERR,ERR,ERR,ERR,ERR,ERR,ERR,ERR,ERR,ERR,ERR,ERR,ERR,ERR,ERR,ERR,ERR,ERR,ERR,ERR,ERR,ERR,ERR,ERR,ERR,ERR,ERR,ERR,ERR,ERR,ERR,ERR,ERR,ERR,ERR,ERR,ERR,ERR,ERR,ERR,ERR,ERR,ERR,ERR,ERR,ERR,ERR,ERR,ERR,ERR,ERR,ERR,ERR,ERR,ERR,ERR,ERR,ERR,ERR,ERR,ERR,ERR,ERR,ERR,ERR,ERR,ERR,ERR,ERR,ERR,ERR,ERR,ERR,ERR,ERR,ERR,ERR,ERR,ERR,ERR,ERR,ERR,ERR,ERR,ERR,ERR,ERR,ERR,ERR,ERR,ERR,ERR,ERR,ERR,ERR,ERR,ERR,ERR,ERR,ERR,ERR,ERR,ERR,ERR,ERR,ERR,ERR,ERR,ERR,ERR,ERR,ERR,ERR,ERR,ERR,ERR,ERR,ERR,ERR,ERR,ERR,ERR,0.0,0.0,0.0,0.0,0.0,1.3936040501711995e+18,7.805,0.0,0,0,4,0,8422,0.0,45,0.0,0.0,0.0,0.0,0.0,0,0,0,0,0.0,0,0,0,0,0,0,0,0,0,0,0,0,0,0,0,0,0,0,0,0,0,0,0,0,0,0,0,0,0,0,0,0,0,38,14,7,45,65476,0,300,0,0,8,21553,0.0,-107605600.0,0.0,0.0,0.0,0.0,0.0,0.0,0.0,0.0,0.0,0.0,0.0,0.0,0.0,0.0,0.0,0.0,0.0,0.0,0.0,0.0,0.0,2.004,-0.0,0.0,0.0,0.0,0.0,0.0,4982.0,-0.0,0.0,0.0,0.0,-107615280.0,2.718429300292151e+23,0.0,0.0,0.0,0.0,53,-0.0,0.0,0.0,0.0,0.0,0.0,0.0,0.0,0.0,0,0,0,0.0,0.0,0.0,0.0,0.0,0.0,0.0,0.0,0.0,0.0,0.0,0.0,0.0,0.0,0.0,0.0,0,-107875648.0,53,0.0,106,-107614832.0,0.0,ERR,ERR,ERR,ERR,ERR,ERR,ERR,ERR,ERR,ERR,ERR,ERR,ERR,ERR,ERR,ERR,ERR,ERR,ERR,ERR,ERR,ERR,ERR,ERR,ERR,ERR,ERR,ERR,ERR,ERR,ERR,ERR,ERR,ERR,ERR,ERR,ERR,ERR,ERR,ERR,ERR,ERR,ERR,ERR,ERR,ERR,ERR,ERR,ERR,ERR,ERR,ERR,ERR,ERR,ERR,ERR,ERR,ERR,ERR,ERR,ERR,ERR,ERR,ERR,ERR,ERR,ERR,50.0,60.0,100,0.0,0.0,0.0,0.0,0.0,0.0,0.0,0.0,0.0,0.0,0.0,0.0,0.0,0.0,0.0,0.0,61.6,74,14,65512,50,65476,0,300,0,0,8,20529,65476,0,0,26214,60.0,0.0,0.0,0.0,0.0,0.0
2026-05-17T18:28:27,ERR,ERR,ERR,ERR,ERR,ERR,ERR,ERR,ERR,ERR,ERR,ERR,ERR,ERR,ERR,ERR,ERR,ERR,ERR,ERR,ERR,ERR,ERR,ERR,ERR,ERR,ERR,ERR,ERR,ERR,ERR,ERR,ERR,ERR,ERR,ERR,ERR,ERR,ERR,ERR,ERR,ERR,ERR,ERR,ERR,ERR,ERR,ERR,ERR,ERR,ERR,ERR,ERR,ERR,ERR,ERR,ERR,ERR,ERR,ERR,ERR,ERR,ERR,ERR,ERR,ERR,ERR,ERR,ERR,ERR,ERR,ERR,ERR,ERR,ERR,ERR,ERR,ERR,ERR,ERR,ERR,ERR,ERR,ERR,ERR,ERR,ERR,ERR,ERR,ERR,ERR,ERR,ERR,ERR,ERR,ERR,ERR,ERR,ERR,ERR,ERR,ERR,ERR,ERR,ERR,ERR,ERR,ERR,ERR,ERR,ERR,ERR,ERR,ERR,ERR,ERR,ERR,ERR,ERR,ERR,ERR,ERR,ERR,ERR,ERR,0.0,0.0,0.0,0.0,0.0,1.3936040501711995e+18,7.805,0.0,0,0,4,0,8422,0.0,45,0.0,0.0,0.0,0.0,0.0,0,0,0,0,0.0,0,0,0,0,0,0,0,0,0,0,0,0,0,0,0,0,0,0,0,0,0,0,0,0,0,0,0,0,0,0,0,0,0,38,14,7,45,65476,0,300,0,0,8,21553,0.0,-107605600.0,0.0,0.0,0.0,0.0,0.0,0.0,0.0,0.0,0.0,0.0,0.0,0.0,0.0,0.0,0.0,0.0,0.0,0.0,0.0,0.0,0.0,2.004,-0.0,0.0,0.0,0.0,0.0,0.0,4982.0,-0.0,0.0,0.0,0.0,-107615280.0,2.718429300292151e+23,0.0,0.0,0.0,0.0,53,-0.0,0.0,0.0,0.0,0.0,0.0,0.0,0.0,0.0,0,0,0,0.0,0.0,0.0,0.0,0.0,0.0,0.0,0.0,0.0,0.0,0.0,0.0,0.0,0.0,0.0,0.0,0,-107875648.0,53,0.0,106,-107614832.0,0.0,ERR,ERR,ERR,ERR,ERR,ERR,ERR,ERR,ERR,ERR,ERR,ERR,ERR,ERR,ERR,ERR,ERR,ERR,ERR,ERR,ERR,ERR,ERR,ERR,ERR,ERR,ERR,ERR,ERR,ERR,ERR,ERR,ERR,ERR,ERR,ERR,ERR,ERR,ERR,ERR,ERR,ERR,ERR,ERR,ERR,ERR,ERR,ERR,ERR,ERR,ERR,ERR,ERR,ERR,ERR,ERR,ERR,ERR,ERR,ERR,ERR,ERR,ERR,ERR,ERR,ERR,ERR,50.0,60.0,100,0.0,0.0,0.0,0.0,0.0,0.0,0.0,0.0,0.0,0.0,0.0,0.0,0.0,0.0,0.0,0.0,61.6,73,14,65512,50,65476,0,300,0,0,8,20529,65476,0,0,26214,60.0,0.0,0.0,0.0,0.0,0.0
2026-05-17T18:28:28,ERR,ERR,ERR,ERR,ERR,ERR,ERR,ERR,ERR,ERR,ERR,ERR,ERR,ERR,ERR,ERR,ERR,ERR,ERR,ERR,ERR,ERR,ERR,ERR,ERR,ERR,ERR,ERR,ERR,ERR,ERR,ERR,ERR,ERR,ERR,ERR,ERR,ERR,ERR,ERR,ERR,ERR,ERR,ERR,ERR,ERR,ERR,ERR,ERR,ERR,ERR,ERR,ERR,ERR,ERR,ERR,ERR,ERR,ERR,ERR,ERR,ERR,ERR,ERR,ERR,ERR,ERR,ERR,ERR,ERR,ERR,ERR,ERR,ERR,ERR,ERR,ERR,ERR,ERR,ERR,ERR,ERR,ERR,ERR,ERR,ERR,ERR,ERR,ERR,ERR,ERR,ERR,ERR,ERR,ERR,ERR,ERR,ERR,ERR,ERR,ERR,ERR,ERR,ERR,ERR,ERR,ERR,ERR,ERR,ERR,ERR,ERR,ERR,ERR,ERR,ERR,ERR,ERR,ERR,ERR,ERR,ERR,ERR,ERR,ERR,0.0,0.0,0.0,0.0,0.0,1.3936040501711995e+18,7.805,0.0,0,0,4,0,8422,0.0,45,0.0,0.0,0.0,0.0,0.0,0,0,0,0,0.0,0,0,0,0,0,0,0,0,0,0,0,0,0,0,0,0,0,0,0,0,0,0,0,0,0,0,0,0,0,0,0,0,0,38,14,7,45,65476,0,300,0,0,8,21553,0.0,-107605600.0,0.0,0.0,0.0,0.0,0.0,0.0,0.0,0.0,0.0,0.0,0.0,0.0,0.0,0.0,0.0,0.0,0.0,0.0,0.0,0.0,0.0,2.004,-0.0,0.0,0.0,0.0,0.0,0.0,4979.0,131350.422,0.0,0.0,0.0,-107615280.0,2.718429300292151e+23,0.0,0.0,0.0,0.0,53,4.066880103266858e+29,-0.0,0.0,0.0,0.0,0.0,0.0,0.0,0.0,0,0,0,0.0,0.0,0.0,0.0,0.0,0.0,0.0,0.0,0.0,0.0,0.0,0.0,0.0,0.0,0.0,0.0,0,-107875648.0,53,0.0,106,-107614832.0,0.0,ERR,ERR,ERR,ERR,ERR,ERR,ERR,ERR,ERR,ERR,ERR,ERR,ERR,ERR,ERR,ERR,ERR,ERR,ERR,ERR,ERR,ERR,ERR,ERR,ERR,ERR,ERR,ERR,ERR,ERR,ERR,ERR,ERR,ERR,ERR,ERR,ERR,ERR,ERR,ERR,ERR,ERR,ERR,ERR,ERR,ERR,ERR,ERR,ERR,ERR,ERR,ERR,ERR,ERR,ERR,ERR,ERR,ERR,ERR,ERR,ERR,ERR,ERR,ERR,ERR,ERR,ERR,50.0,60.0,100,0.0,0.0,0.0,0.0,0.0,0.0,0.0,0.0,0.0,0.0,0.0,0.0,0.0,0.0,0.0,0.0,61.6,73,14,65512,50,65476,0,300,0,0,8,20529,65476,0,0,26214,60.0,0.0,0.0,0.0,0.0,0.0
2026-05-17T18:28:29,ERR,ERR,ERR,ERR,ERR,ERR,ERR,ERR,ERR,ERR,ERR,ERR,ERR,ERR,ERR,ERR,ERR,ERR,ERR,ERR,ERR,ERR,ERR,ERR,ERR,ERR,ERR,ERR,ERR,ERR,ERR,ERR,ERR,ERR,ERR,ERR,ERR,ERR,ERR,ERR,ERR,ERR,ERR,ERR,ERR,ERR,ERR,ERR,ERR,ERR,ERR,ERR,ERR,ERR,ERR,ERR,ERR,ERR,ERR,ERR,ERR,ERR,ERR,ERR,ERR,ERR,ERR,ERR,ERR,ERR,ERR,ERR,ERR,ERR,ERR,ERR,ERR,ERR,ERR,ERR,ERR,ERR,ERR,ERR,ERR,ERR,ERR,ERR,ERR,ERR,ERR,ERR,ERR,ERR,ERR,ERR,ERR,ERR,ERR,ERR,ERR,ERR,ERR,ERR,ERR,ERR,ERR,ERR,ERR,ERR,ERR,ERR,ERR,ERR,ERR,ERR,ERR,ERR,ERR,ERR,ERR,ERR,ERR,ERR,ERR,0.0,0.0,0.0,0.0,0.0,1.3936040501711995e+18,7.805,0.0,0,0,4,0,8422,0.0,45,0.0,0.0,0.0,0.0,0.0,0,0,0,0,0.0,0,0,0,0,0,0,0,0,0,0,0,0,0,0,0,0,0,0,0,0,0,0,0,0,0,0,0,0,0,0,0,0,0,38,14,7,45,65476,0,300,0,0,8,21553,0.0,-107605600.0,0.0,0.0,0.0,0.0,0.0,0.0,0.0,0.0,0.0,0.0,0.0,0.0,0.0,0.0,0.0,0.0,0.0,0.0,0.0,0.0,0.0,2.004,-0.0,0.0,0.0,0.0,0.0,0.0,4979.0,131350.422,0.0,0.0,0.0,-107615280.0,2.718429300292151e+23,0.0,0.0,0.0,0.0,53,4.066880103266858e+29,-0.0,0.0,0.0,0.0,0.0,0.0,0.0,0.0,0,0,0,0.0,0.0,0.0,0.0,0.0,0.0,0.0,0.0,0.0,0.0,0.0,0.0,0.0,0.0,0.0,0.0,0,-107875648.0,53,0.0,106,-107614832.0,0.0,ERR,ERR,ERR,ERR,ERR,ERR,ERR,ERR,ERR,ERR,ERR,ERR,ERR,ERR,ERR,ERR,ERR,ERR,ERR,ERR,ERR,ERR,ERR,ERR,ERR,ERR,ERR,ERR,ERR,ERR,ERR,ERR,ERR,ERR,ERR,ERR,ERR,ERR,ERR,ERR,ERR,ERR,ERR,ERR,ERR,ERR,ERR,ERR,ERR,ERR,ERR,ERR,ERR,ERR,ERR,ERR,ERR,ERR,ERR,ERR,ERR,ERR,ERR,ERR,ERR,ERR,ERR,50.0,60.0,100,0.0,0.0,0.0,0.0,0.0,0.0,0.0,0.0,0.0,0.0,0.0,0.0,0.0,0.0,0.0,0.0,61.6,73,14,65512,50,65476,0,300,0,0,8,20529,65476,0,0,26214,60.0,0.0,0.0,0.0,0.0,0.0
2026-05-17T18:28:30,ERR,ERR,ERR,ERR,ERR,ERR,ERR,ERR,ERR,ERR,ERR,ERR,ERR,ERR,ERR,ERR,ERR,ERR,ERR,ERR,ERR,ERR,ERR,ERR,ERR,ERR,ERR,ERR,ERR,ERR,ERR,ERR,ERR,ERR,ERR,ERR,ERR,ERR,ERR,ERR,ERR,ERR,ERR,ERR,ERR,ERR,ERR,ERR,ERR,ERR,ERR,ERR,ERR,ERR,ERR,ERR,ERR,ERR,ERR,ERR,ERR,ERR,ERR,ERR,ERR,ERR,ERR,ERR,ERR,ERR,ERR,ERR,ERR,ERR,ERR,ERR,ERR,ERR,ERR,ERR,ERR,ERR,ERR,ERR,ERR,ERR,ERR,ERR,ERR,ERR,ERR,ERR,ERR,ERR,ERR,ERR,ERR,ERR,ERR,ERR,ERR,ERR,ERR,ERR,ERR,ERR,ERR,ERR,ERR,ERR,ERR,ERR,ERR,ERR,ERR,ERR,ERR,ERR,ERR,ERR,ERR,ERR,ERR,ERR,ERR,0.0,0.0,0.0,0.0,0.0,1.3936040501711995e+18,7.805,0.0,0,0,4,0,8422,0.0,45,0.0,0.0,0.0,0.0,0.0,0,0,0,0,0.0,0,0,0,0,0,0,0,0,0,0,0,0,0,0,0,0,0,0,0,0,0,0,0,0,0,0,0,0,0,0,0,0,0,38,14,7,45,65476,0,300,0,0,8,21553,0.0,-107605600.0,0.0,0.0,0.0,0.0,0.0,0.0,0.0,0.0,0.0,0.0,0.0,0.0,0.0,0.0,0.0,0.0,0.0,0.0,0.0,0.0,0.0,2.004,-0.0,0.0,0.0,0.0,0.0,0.0,4979.0,131350.422,0.0,0.0,0.0,-107615280.0,2.718429300292151e+23,0.0,0.0,0.0,0.0,53,4.066880103266858e+29,-0.0,0.0,0.0,0.0,0.0,0.0,0.0,0.0,0,0,0,0.0,0.0,0.0,0.0,0.0,0.0,0.0,0.0,0.0,0.0,0.0,0.0,0.0,0.0,0.0,0.0,0,-107875648.0,53,0.0,106,-107614832.0,0.0,ERR,ERR,ERR,ERR,ERR,ERR,ERR,ERR,ERR,ERR,ERR,ERR,ERR,ERR,ERR,ERR,ERR,ERR,ERR,ERR,ERR,ERR,ERR,ERR,ERR,ERR,ERR,ERR,ERR,ERR,ERR,ERR,ERR,ERR,ERR,ERR,ERR,ERR,ERR,ERR,ERR,ERR,ERR,ERR,ERR,ERR,ERR,ERR,ERR,ERR,ERR,ERR,ERR,ERR,ERR,ERR,ERR,ERR,ERR,ERR,ERR,ERR,ERR,ERR,ERR,ERR,ERR,50.0,60.0,100,0.0,0.0,0.0,0.0,0.0,0.0,0.0,0.0,0.0,0.0,0.0,0.0,0.0,0.0,0.0,0.0,61.6,73,14,65512,50,65476,0,300,0,0,8,20529,65476,0,0,26214,60.0,0.0,0.0,0.0,0.0,0.0
2026-05-17T18:28:31,ERR,ERR,ERR,ERR,ERR,ERR,ERR,ERR,ERR,ERR,ERR,ERR,ERR,ERR,ERR,ERR,ERR,ERR,ERR,ERR,ERR,ERR,ERR,ERR,ERR,ERR,ERR,ERR,ERR,ERR,ERR,ERR,ERR,ERR,ERR,ERR,ERR,ERR,ERR,ERR,ERR,ERR,ERR,ERR,ERR,ERR,ERR,ERR,ERR,ERR,ERR,ERR,ERR,ERR,ERR,ERR,ERR,ERR,ERR,ERR,ERR,ERR,ERR,ERR,ERR,ERR,ERR,ERR,ERR,ERR,ERR,ERR,ERR,ERR,ERR,ERR,ERR,ERR,ERR,ERR,ERR,ERR,ERR,ERR,ERR,ERR,ERR,ERR,ERR,ERR,ERR,ERR,ERR,ERR,ERR,ERR,ERR,ERR,ERR,ERR,ERR,ERR,ERR,ERR,ERR,ERR,ERR,ERR,ERR,ERR,ERR,ERR,ERR,ERR,ERR,ERR,ERR,ERR,ERR,ERR,ERR,ERR,ERR,ERR,ERR,0.0,0.0,0.0,0.0,0.0,1.3936040501711995e+18,7.805,0.0,0,0,4,0,8422,0.0,45,0.0,0.0,0.0,0.0,0.0,0,0,0,0,0.0,0,0,0,0,0,0,0,0,0,0,0,0,0,0,0,0,0,0,0,0,0,0,0,0,0,0,0,0,0,0,0,0,0,38,14,7,45,65476,0,300,0,0,8,21553,0.0,-107605600.0,0.0,0.0,0.0,0.0,0.0,0.0,0.0,0.0,0.0,0.0,0.0,0.0,0.0,0.0,0.0,0.0,0.0,0.0,0.0,0.0,0.0,2.004,-0.0,0.0,0.0,0.0,0.0,0.0,4979.0,131350.422,0.0,0.0,0.0,-107615280.0,2.718429300292151e+23,0.0,0.0,0.0,0.0,53,4.066880103266858e+29,-0.0,0.0,0.0,0.0,0.0,0.0,0.0,0.0,0,0,0,0.0,0.0,0.0,0.0,0.0,0.0,0.0,0.0,0.0,0.0,0.0,0.0,0.0,0.0,0.0,0.0,0,-107875648.0,53,0.0,106,-107614832.0,0.0,ERR,ERR,ERR,ERR,ERR,ERR,ERR,ERR,ERR,ERR,ERR,ERR,ERR,ERR,ERR,ERR,ERR,ERR,ERR,ERR,ERR,ERR,ERR,ERR,ERR,ERR,ERR,ERR,ERR,ERR,ERR,ERR,ERR,ERR,ERR,ERR,ERR,ERR,ERR,ERR,ERR,ERR,ERR,ERR,ERR,ERR,ERR,ERR,ERR,ERR,ERR,ERR,ERR,ERR,ERR,ERR,ERR,ERR,ERR,ERR,ERR,ERR,ERR,ERR,ERR,ERR,ERR,50.0,60.0,100,0.0,0.0,0.0,0.0,0.0,0.0,0.0,0.0,0.0,0.0,0.0,0.0,0.0,0.0,0.0,0.0,61.6,73,14,65512,50,65476,0,300,0,0,8,20529,65476,0,0,26214,60.0,0.0,0.0,0.0,0.0,0.0
2026-05-17T18:28:32,ERR,ERR,ERR,ERR,ERR,ERR,ERR,ERR,ERR,ERR,ERR,ERR,ERR,ERR,ERR,ERR,ERR,ERR,ERR,ERR,ERR,ERR,ERR,ERR,ERR,ERR,ERR,ERR,ERR,ERR,ERR,ERR,ERR,ERR,ERR,ERR,ERR,ERR,ERR,ERR,ERR,ERR,ERR,ERR,ERR,ERR,ERR,ERR,ERR,ERR,ERR,ERR,ERR,ERR,ERR,ERR,ERR,ERR,ERR,ERR,ERR,ERR,ERR,ERR,ERR,ERR,ERR,ERR,ERR,ERR,ERR,ERR,ERR,ERR,ERR,ERR,ERR,ERR,ERR,ERR,ERR,ERR,ERR,ERR,ERR,ERR,ERR,ERR,ERR,ERR,ERR,ERR,ERR,ERR,ERR,ERR,ERR,ERR,ERR,ERR,ERR,ERR,ERR,ERR,ERR,ERR,ERR,ERR,ERR,ERR,ERR,ERR,ERR,ERR,ERR,ERR,ERR,ERR,ERR,ERR,ERR,ERR,ERR,ERR,ERR,0.0,0.0,0.0,0.0,0.0,1.3936040501711995e+18,7.805,0.0,0,0,4,0,8422,0.0,45,0.0,0.0,0.0,0.0,0.0,0,0,0,0,0.0,0,0,0,0,0,0,0,0,0,0,0,0,0,0,0,0,0,0,0,0,0,0,0,0,0,0,0,0,0,0,0,0,0,38,14,7,45,65476,0,300,0,0,8,21553,0.0,-107605600.0,0.0,0.0,0.0,0.0,0.0,0.0,0.0,0.0,0.0,0.0,0.0,0.0,0.0,0.0,0.0,0.0,0.0,0.0,0.0,0.0,0.0,2.004,-0.0,0.0,0.0,0.0,0.0,0.0,4979.0,131350.422,0.0,0.0,0.0,-107615280.0,2.718429300292151e+23,0.0,0.0,0.0,0.0,53,4.066880103266858e+29,-0.0,0.0,0.0,0.0,0.0,0.0,0.0,0.0,0,0,0,0.0,0.0,0.0,0.0,0.0,0.0,0.0,0.0,0.0,0.0,0.0,0.0,0.0,0.0,0.0,0.0,0,-107875648.0,53,0.0,106,-107614832.0,0.0,ERR,ERR,ERR,ERR,ERR,ERR,ERR,ERR,ERR,ERR,ERR,ERR,ERR,ERR,ERR,ERR,ERR,ERR,ERR,ERR,ERR,ERR,ERR,ERR,ERR,ERR,ERR,ERR,ERR,ERR,ERR,ERR,ERR,ERR,ERR,ERR,ERR,ERR,ERR,ERR,ERR,ERR,ERR,ERR,ERR,ERR,ERR,ERR,ERR,ERR,ERR,ERR,ERR,ERR,ERR,ERR,ERR,ERR,ERR,ERR,ERR,ERR,ERR,ERR,ERR,ERR,ERR,50.0,60.0,100,0.0,0.0,0.0,0.0,0.0,0.0,0.0,0.0,0.0,0.0,0.0,0.0,0.0,0.0,0.0,0.0,61.6,73,14,65512,50,65476,0,300,0,0,8,20529,65476,0,0,26214,60.0,0.0,0.0,0.0,0.0,0.0
2026-05-17T18:28:33,ERR,ERR,ERR,ERR,ERR,ERR,ERR,ERR,ERR,ERR,ERR,ERR,ERR,ERR,ERR,ERR,ERR,ERR,ERR,ERR,ERR,ERR,ERR,ERR,ERR,ERR,ERR,ERR,ERR,ERR,ERR,ERR,ERR,ERR,ERR,ERR,ERR,ERR,ERR,ERR,ERR,ERR,ERR,ERR,ERR,ERR,ERR,ERR,ERR,ERR,ERR,ERR,ERR,ERR,ERR,ERR,ERR,ERR,ERR,ERR,ERR,ERR,ERR,ERR,ERR,ERR,ERR,ERR,ERR,ERR,ERR,ERR,ERR,ERR,ERR,ERR,ERR,ERR,ERR,ERR,ERR,ERR,ERR,ERR,ERR,ERR,ERR,ERR,ERR,ERR,ERR,ERR,ERR,ERR,ERR,ERR,ERR,ERR,ERR,ERR,ERR,ERR,ERR,ERR,ERR,ERR,ERR,ERR,ERR,ERR,ERR,ERR,ERR,ERR,ERR,ERR,ERR,ERR,ERR,ERR,ERR,ERR,ERR,ERR,ERR,0.0,0.0,0.0,0.0,0.0,1.3936040501711995e+18,7.805,0.0,0,0,4,0,8422,0.0,45,0.0,0.0,0.0,0.0,0.0,0,0,0,0,0.0,0,0,0,0,0,0,0,0,0,0,0,0,0,0,0,0,0,0,0,0,0,0,0,0,0,0,0,0,0,0,0,0,0,38,14,7,45,65476,0,300,0,0,8,21553,0.0,-107605600.0,0.0,0.0,0.0,0.0,0.0,0.0,0.0,0.0,0.0,0.0,0.0,0.0,0.0,0.0,0.0,0.0,0.0,0.0,0.0,0.0,0.0,2.004,-0.0,0.0,0.0,0.0,0.0,0.0,4979.0,1.0406652570629681e+34,0.0,0.0,0.0,-107615280.0,2.718429300292151e+23,0.0,0.0,0.0,0.0,53,-0.0,0.0,0.0,0.0,0.0,0.0,0.0,0.0,0.0,0,0,0,0.0,0.0,0.0,0.0,0.0,0.0,0.0,0.0,0.0,0.0,0.0,0.0,0.0,0.0,0.0,0.0,0,-107875648.0,53,0.0,106,-107614832.0,0.0,ERR,ERR,ERR,ERR,ERR,ERR,ERR,ERR,ERR,ERR,ERR,ERR,ERR,ERR,ERR,ERR,ERR,ERR,ERR,ERR,ERR,ERR,ERR,ERR,ERR,ERR,ERR,ERR,ERR,ERR,ERR,ERR,ERR,ERR,ERR,ERR,ERR,ERR,ERR,ERR,ERR,ERR,ERR,ERR,ERR,ERR,ERR,ERR,ERR,ERR,ERR,ERR,ERR,ERR,ERR,ERR,ERR,ERR,ERR,ERR,ERR,ERR,ERR,ERR,ERR,ERR,ERR,50.0,60.0,100,0.0,0.0,0.0,0.0,0.0,0.0,0.0,0.0,0.0,0.0,0.0,0.0,0.0,0.0,0.0,0.0,61.6,73,14,65512,50,65476,0,300,0,0,8,20529,65476,0,0,26214,60.0,0.0,0.0,0.0,0.0,0.0
2026-05-17T18:28:34,ERR,ERR,ERR,ERR,ERR,ERR,ERR,ERR,ERR,ERR,ERR,ERR,ERR,ERR,ERR,ERR,ERR,ERR,ERR,ERR,ERR,ERR,ERR,ERR,ERR,ERR,ERR,ERR,ERR,ERR,ERR,ERR,ERR,ERR,ERR,ERR,ERR,ERR,ERR,ERR,ERR,ERR,ERR,ERR,ERR,ERR,ERR,ERR,ERR,ERR,ERR,ERR,ERR,ERR,ERR,ERR,ERR,ERR,ERR,ERR,ERR,ERR,ERR,ERR,ERR,ERR,ERR,ERR,ERR,ERR,ERR,ERR,ERR,ERR,ERR,ERR,ERR,ERR,ERR,ERR,ERR,ERR,ERR,ERR,ERR,ERR,ERR,ERR,ERR,ERR,ERR,ERR,ERR,ERR,ERR,ERR,ERR,ERR,ERR,ERR,ERR,ERR,ERR,ERR,ERR,ERR,ERR,ERR,ERR,ERR,ERR,ERR,ERR,ERR,ERR,ERR,ERR,ERR,ERR,ERR,ERR,ERR,ERR,ERR,ERR,0.0,0.0,0.0,0.0,0.0,1.3936040501711995e+18,7.805,0.0,0,0,4,0,8422,0.0,45,0.0,0.0,0.0,0.0,0.0,0,0,0,0,0.0,0,0,0,0,0,0,0,0,0,0,0,0,0,0,0,0,0,0,0,0,0,0,0,0,0,0,0,0,0,0,0,0,0,38,14,7,45,65476,0,300,0,0,8,21553,0.0,-107605600.0,0.0,0.0,0.0,0.0,0.0,0.0,0.0,0.0,0.0,0.0,0.0,0.0,0.0,0.0,0.0,0.0,0.0,0.0,0.0,0.0,0.0,2.004,-0.0,0.0,0.0,0.0,0.0,0.0,4979.0,1.0406652570629681e+34,0.0,0.0,0.0,-107615280.0,2.718429300292151e+23,0.0,0.0,0.0,0.0,53,-0.0,0.0,0.0,0.0,0.0,0.0,0.0,0.0,0.0,0,0,0,0.0,0.0,0.0,0.0,0.0,0.0,0.0,0.0,0.0,0.0,0.0,0.0,0.0,0.0,0.0,0.0,0,-107875648.0,53,0.0,106,-107614832.0,0.0,ERR,ERR,ERR,ERR,ERR,ERR,ERR,ERR,ERR,ERR,ERR,ERR,ERR,ERR,ERR,ERR,ERR,ERR,ERR,ERR,ERR,ERR,ERR,ERR,ERR,ERR,ERR,ERR,ERR,ERR,ERR,ERR,ERR,ERR,ERR,ERR,ERR,ERR,ERR,ERR,ERR,ERR,ERR,ERR,ERR,ERR,ERR,ERR,ERR,ERR,ERR,ERR,ERR,ERR,ERR,ERR,ERR,ERR,ERR,ERR,ERR,ERR,ERR,ERR,ERR,ERR,ERR,50.0,60.0,100,0.0,0.0,0.0,0.0,0.0,0.0,0.0,0.0,0.0,0.0,0.0,0.0,0.0,0.0,0.0,0.0,62.0,73,14,65512,50,65476,0,300,0,0,8,20529,65476,0,0,26214,60.0,0.0,0.0,0.0,0.0,0.0
2026-05-17T18:28:35,ERR,ERR,ERR,ERR,ERR,ERR,ERR,ERR,ERR,ERR,ERR,ERR,ERR,ERR,ERR,ERR,ERR,ERR,ERR,ERR,ERR,ERR,ERR,ERR,ERR,ERR,ERR,ERR,ERR,ERR,ERR,ERR,ERR,ERR,ERR,ERR,ERR,ERR,ERR,ERR,ERR,ERR,ERR,ERR,ERR,ERR,ERR,ERR,ERR,ERR,ERR,ERR,ERR,ERR,ERR,ERR,ERR,ERR,ERR,ERR,ERR,ERR,ERR,ERR,ERR,ERR,ERR,ERR,ERR,ERR,ERR,ERR,ERR,ERR,ERR,ERR,ERR,ERR,ERR,ERR,ERR,ERR,ERR,ERR,ERR,ERR,ERR,ERR,ERR,ERR,ERR,ERR,ERR,ERR,ERR,ERR,ERR,ERR,ERR,ERR,ERR,ERR,ERR,ERR,ERR,ERR,ERR,ERR,ERR,ERR,ERR,ERR,ERR,ERR,ERR,ERR,ERR,ERR,ERR,ERR,ERR,ERR,ERR,ERR,ERR,0.0,0.0,0.0,0.0,0.0,1.3936040501711995e+18,7.805,0.0,0,0,4,0,8422,0.0,45,0.0,0.0,0.0,0.0,0.0,0,0,0,0,0.0,0,0,0,0,0,0,0,0,0,0,0,0,0,0,0,0,0,0,0,0,0,0,0,0,0,0,0,0,0,0,0,0,0,38,14,7,45,65476,0,300,0,0,8,21553,0.0,-107605600.0,0.0,0.0,0.0,0.0,0.0,0.0,0.0,0.0,0.0,0.0,0.0,0.0,0.0,0.0,0.0,0.0,0.0,0.0,0.0,0.0,0.0,2.004,-0.0,0.0,0.0,0.0,0.0,0.0,4979.0,1.0406652570629681e+34,0.0,0.0,0.0,-107615280.0,2.718429300292151e+23,0.0,0.0,0.0,0.0,53,-0.0,0.0,0.0,0.0,0.0,0.0,0.0,0.0,0.0,0,0,0,0.0,0.0,0.0,0.0,0.0,0.0,0.0,0.0,0.0,0.0,0.0,0.0,0.0,0.0,0.0,0.0,0,-107875648.0,53,0.0,106,-107614832.0,0.0,ERR,ERR,ERR,ERR,ERR,ERR,ERR,ERR,ERR,ERR,ERR,ERR,ERR,ERR,ERR,ERR,ERR,ERR,ERR,ERR,ERR,ERR,ERR,ERR,ERR,ERR,ERR,ERR,ERR,ERR,ERR,ERR,ERR,ERR,ERR,ERR,ERR,ERR,ERR,ERR,ERR,ERR,ERR,ERR,ERR,ERR,ERR,ERR,ERR,ERR,ERR,ERR,ERR,ERR,ERR,ERR,ERR,ERR,ERR,ERR,ERR,ERR,ERR,ERR,ERR,ERR,ERR,50.0,60.0,100,0.0,0.0,0.0,0.0,0.0,0.0,0.0,0.0,0.0,0.0,0.0,0.0,0.0,0.0,0.0,0.0,62.0,73,14,65512,50,65476,0,300,0,0,8,20529,65476,0,0,26214,60.0,0.0,0.0,0.0,0.0,0.0
2026-05-17T18:28:36,ERR,ERR,ERR,ERR,ERR,ERR,ERR,ERR,ERR,ERR,ERR,ERR,ERR,ERR,ERR,ERR,ERR,ERR,ERR,ERR,ERR,ERR,ERR,ERR,ERR,ERR,ERR,ERR,ERR,ERR,ERR,ERR,ERR,ERR,ERR,ERR,ERR,ERR,ERR,ERR,ERR,ERR,ERR,ERR,ERR,ERR,ERR,ERR,ERR,ERR,ERR,ERR,ERR,ERR,ERR,ERR,ERR,ERR,ERR,ERR,ERR,ERR,ERR,ERR,ERR,ERR,ERR,ERR,ERR,ERR,ERR,ERR,ERR,ERR,ERR,ERR,ERR,ERR,ERR,ERR,ERR,ERR,ERR,ERR,ERR,ERR,ERR,ERR,ERR,ERR,ERR,ERR,ERR,ERR,ERR,ERR,ERR,ERR,ERR,ERR,ERR,ERR,ERR,ERR,ERR,ERR,ERR,ERR,ERR,ERR,ERR,ERR,ERR,ERR,ERR,ERR,ERR,ERR,ERR,ERR,ERR,ERR,ERR,ERR,ERR,0.0,0.0,0.0,0.0,0.0,1.3936040501711995e+18,7.805,0.0,0,0,4,0,8422,0.0,45,0.0,0.0,0.0,0.0,0.0,0,0,0,0,0.0,0,0,0,0,0,0,0,0,0,0,0,0,0,0,0,0,0,0,0,0,0,0,0,0,0,0,0,0,0,0,0,0,0,38,14,7,45,65476,0,300,0,0,8,21553,0.0,-107605600.0,0.0,0.0,0.0,0.0,0.0,0.0,0.0,0.0,0.0,0.0,0.0,0.0,0.0,0.0,0.0,0.0,0.0,0.0,0.0,0.0,0.0,2.004,-0.0,0.0,0.0,0.0,0.0,0.0,4979.0,1.0406652570629681e+34,0.0,0.0,0.0,-107615280.0,2.718429300292151e+23,0.0,0.0,0.0,0.0,53,-0.0,0.0,0.0,0.0,0.0,0.0,0.0,0.0,0.0,0,0,0,0.0,0.0,0.0,0.0,0.0,0.0,0.0,0.0,0.0,0.0,0.0,0.0,0.0,0.0,0.0,0.0,0,-107875648.0,53,0.0,106,-107614832.0,0.0,ERR,ERR,ERR,ERR,ERR,ERR,ERR,ERR,ERR,ERR,ERR,ERR,ERR,ERR,ERR,ERR,ERR,ERR,ERR,ERR,ERR,ERR,ERR,ERR,ERR,ERR,ERR,ERR,ERR,ERR,ERR,ERR,ERR,ERR,ERR,ERR,ERR,ERR,ERR,ERR,ERR,ERR,ERR,ERR,ERR,ERR,ERR,ERR,ERR,ERR,ERR,ERR,ERR,ERR,ERR,ERR,ERR,ERR,ERR,ERR,ERR,ERR,ERR,ERR,ERR,ERR,ERR,50.0,60.0,100,0.0,0.0,0.0,0.0,0.0,0.0,0.0,0.0,0.0,0.0,0.0,0.0,0.0,0.0,0.0,0.0,61.6,73,14,65512,50,65476,0,300,0,0,8,20529,65476,0,0,26214,60.0,0.0,0.0,0.0,0.0,0.0
2026-05-17T18:28:37,ERR,ERR,ERR,ERR,ERR,ERR,ERR,ERR,ERR,ERR,ERR,ERR,ERR,ERR,ERR,ERR,ERR,ERR,ERR,ERR,ERR,ERR,ERR,ERR,ERR,ERR,ERR,ERR,ERR,ERR,ERR,ERR,ERR,ERR,ERR,ERR,ERR,ERR,ERR,ERR,ERR,ERR,ERR,ERR,ERR,ERR,ERR,ERR,ERR,ERR,ERR,ERR,ERR,ERR,ERR,ERR,ERR,ERR,ERR,ERR,ERR,ERR,ERR,ERR,ERR,ERR,ERR,ERR,ERR,ERR,ERR,ERR,ERR,ERR,ERR,ERR,ERR,ERR,ERR,ERR,ERR,ERR,ERR,ERR,ERR,ERR,ERR,ERR,ERR,ERR,ERR,ERR,ERR,ERR,ERR,ERR,ERR,ERR,ERR,ERR,ERR,ERR,ERR,ERR,ERR,ERR,ERR,ERR,ERR,ERR,ERR,ERR,ERR,ERR,ERR,ERR,ERR,ERR,ERR,ERR,ERR,ERR,ERR,ERR,ERR,0.0,0.0,0.0,0.0,0.0,1.3936040501711995e+18,7.805,0.0,0,0,4,0,8422,0.0,45,0.0,0.0,0.0,0.0,0.0,0,0,0,0,0.0,0,0,0,0,0,0,0,0,0,0,0,0,0,0,0,0,0,0,0,0,0,0,0,0,0,0,0,0,0,0,0,0,0,38,14,7,45,65476,0,300,0,0,8,21553,0.0,-107605600.0,0.0,0.0,0.0,0.0,0.0,0.0,0.0,0.0,0.0,0.0,0.0,0.0,0.0,0.0,0.0,0.0,0.0,0.0,0.0,0.0,0.0,2.004,-0.0,0.0,0.0,0.0,0.0,0.0,4979.0,1.0406652570629681e+34,0.0,0.0,0.0,-107615280.0,2.718429300292151e+23,0.0,0.0,0.0,0.0,53,-0.0,0.0,0.0,0.0,0.0,0.0,0.0,0.0,0.0,0,0,0,0.0,0.0,0.0,0.0,0.0,0.0,0.0,0.0,0.0,0.0,0.0,0.0,0.0,0.0,0.0,0.0,0,-107875648.0,53,0.0,106,-107614832.0,0.0,ERR,ERR,ERR,ERR,ERR,ERR,ERR,ERR,ERR,ERR,ERR,ERR,ERR,ERR,ERR,ERR,ERR,ERR,ERR,ERR,ERR,ERR,ERR,ERR,ERR,ERR,ERR,ERR,ERR,ERR,ERR,ERR,ERR,ERR,ERR,ERR,ERR,ERR,ERR,ERR,ERR,ERR,ERR,ERR,ERR,ERR,ERR,ERR,ERR,ERR,ERR,ERR,ERR,ERR,ERR,ERR,ERR,ERR,ERR,ERR,ERR,ERR,ERR,ERR,ERR,ERR,ERR,50.0,60.0,100,0.0,0.0,0.0,0.0,0.0,0.0,0.0,0.0,0.0,0.0,0.0,0.0,0.0,0.0,0.0,0.0,61.6,73,14,65512,50,65476,0,300,0,0,8,20529,65476,0,0,26214,60.0,0.0,0.0,0.0,0.0,0.0
2026-05-17T18:28:38,ERR,ERR,ERR,ERR,ERR,ERR,ERR,ERR,ERR,ERR,ERR,ERR,ERR,ERR,ERR,ERR,ERR,ERR,ERR,ERR,ERR,ERR,ERR,ERR,ERR,ERR,ERR,ERR,ERR,ERR,ERR,ERR,ERR,ERR,ERR,ERR,ERR,ERR,ERR,ERR,ERR,ERR,ERR,ERR,ERR,ERR,ERR,ERR,ERR,ERR,ERR,ERR,ERR,ERR,ERR,ERR,ERR,ERR,ERR,ERR,ERR,ERR,ERR,ERR,ERR,ERR,ERR,ERR,ERR,ERR,ERR,ERR,ERR,ERR,ERR,ERR,ERR,ERR,ERR,ERR,ERR,ERR,ERR,ERR,ERR,ERR,ERR,ERR,ERR,ERR,ERR,ERR,ERR,ERR,ERR,ERR,ERR,ERR,ERR,ERR,ERR,ERR,ERR,ERR,ERR,ERR,ERR,ERR,ERR,ERR,ERR,ERR,ERR,ERR,ERR,ERR,ERR,ERR,ERR,ERR,ERR,ERR,ERR,ERR,ERR,0.0,0.0,0.0,0.0,0.0,1.3936040501711995e+18,7.805,0.0,0,0,4,0,8422,0.0,45,0.0,0.0,0.0,0.0,0.0,0,0,0,0,0.0,0,0,0,0,0,0,0,0,0,0,0,0,0,0,0,0,0,0,0,0,0,0,0,0,0,0,0,0,0,0,0,0,0,38,14,7,45,65476,0,300,0,0,8,21553,0.0,-107605600.0,0.0,0.0,0.0,0.0,0.0,0.0,0.0,0.0,0.0,0.0,0.0,0.0,0.0,0.0,0.0,0.0,0.0,0.0,0.0,0.0,0.0,2.004,-0.0,0.0,0.0,0.0,0.0,0.0,4983.0,-131350.422,0.0,0.0,0.0,-107615280.0,2.718429300292151e+23,0.0,0.0,0.0,0.0,53,-0.0,5.848055287018579e+35,0.0,0.0,0.0,0.0,0.0,0.0,0.0,0,0,0,0.0,0.0,0.0,0.0,0.0,0.0,0.0,0.0,0.0,0.0,0.0,0.0,0.0,0.0,0.0,0.0,0,-107875648.0,53,0.0,106,-107614832.0,0.0,ERR,ERR,ERR,ERR,ERR,ERR,ERR,ERR,ERR,ERR,ERR,ERR,ERR,ERR,ERR,ERR,ERR,ERR,ERR,ERR,ERR,ERR,ERR,ERR,ERR,ERR,ERR,ERR,ERR,ERR,ERR,ERR,ERR,ERR,ERR,ERR,ERR,ERR,ERR,ERR,ERR,ERR,ERR,ERR,ERR,ERR,ERR,ERR,ERR,ERR,ERR,ERR,ERR,ERR,ERR,ERR,ERR,ERR,ERR,ERR,ERR,ERR,ERR,ERR,ERR,ERR,ERR,50.0,60.0,100,0.0,0.0,0.0,0.0,0.0,0.0,0.0,0.0,0.0,0.0,0.0,0.0,0.0,0.0,0.0,0.0,61.6,73,14,65512,50,65476,0,300,0,0,8,20529,65476,0,0,26214,60.0,0.0,0.0,0.0,0.0,0.0
2026-05-17T18:28:39,ERR,ERR,ERR,ERR,ERR,ERR,ERR,ERR,ERR,ERR,ERR,ERR,ERR,ERR,ERR,ERR,ERR,ERR,ERR,ERR,ERR,ERR,ERR,ERR,ERR,ERR,ERR,ERR,ERR,ERR,ERR,ERR,ERR,ERR,ERR,ERR,ERR,ERR,ERR,ERR,ERR,ERR,ERR,ERR,ERR,ERR,ERR,ERR,ERR,ERR,ERR,ERR,ERR,ERR,ERR,ERR,ERR,ERR,ERR,ERR,ERR,ERR,ERR,ERR,ERR,ERR,ERR,ERR,ERR,ERR,ERR,ERR,ERR,ERR,ERR,ERR,ERR,ERR,ERR,ERR,ERR,ERR,ERR,ERR,ERR,ERR,ERR,ERR,ERR,ERR,ERR,ERR,ERR,ERR,ERR,ERR,ERR,ERR,ERR,ERR,ERR,ERR,ERR,ERR,ERR,ERR,ERR,ERR,ERR,ERR,ERR,ERR,ERR,ERR,ERR,ERR,ERR,ERR,ERR,ERR,ERR,ERR,ERR,ERR,ERR,0.0,0.0,0.0,0.0,0.0,1.3936040501711995e+18,7.805,0.0,0,0,4,0,8422,0.0,45,0.0,0.0,0.0,0.0,0.0,0,0,0,0,0.0,0,0,0,0,0,0,0,0,0,0,0,0,0,0,0,0,0,0,0,0,0,0,0,0,0,0,0,0,0,0,0,0,0,38,14,7,45,65476,0,300,0,0,8,21553,0.0,-107605600.0,0.0,0.0,0.0,0.0,0.0,0.0,0.0,0.0,0.0,0.0,0.0,0.0,0.0,0.0,0.0,0.0,0.0,0.0,0.0,0.0,0.0,2.004,-0.0,0.0,0.0,0.0,0.0,0.0,4983.0,-131350.422,0.0,0.0,0.0,-107615280.0,2.718429300292151e+23,0.0,0.0,0.0,0.0,53,-0.0,5.848055287018579e+35,0.0,0.0,0.0,0.0,0.0,0.0,0.0,0,0,0,0.0,0.0,0.0,0.0,0.0,0.0,0.0,0.0,0.0,0.0,0.0,0.0,0.0,0.0,0.0,0.0,0,-107875648.0,53,0.0,106,-107614832.0,0.0,ERR,ERR,ERR,ERR,ERR,ERR,ERR,ERR,ERR,ERR,ERR,ERR,ERR,ERR,ERR,ERR,ERR,ERR,ERR,ERR,ERR,ERR,ERR,ERR,ERR,ERR,ERR,ERR,ERR,ERR,ERR,ERR,ERR,ERR,ERR,ERR,ERR,ERR,ERR,ERR,ERR,ERR,ERR,ERR,ERR,ERR,ERR,ERR,ERR,ERR,ERR,ERR,ERR,ERR,ERR,ERR,ERR,ERR,ERR,ERR,ERR,ERR,ERR,ERR,ERR,ERR,ERR,50.0,60.0,100,0.0,0.0,0.0,0.0,0.0,0.0,0.0,0.0,0.0,0.0,0.0,0.0,0.0,0.0,0.0,0.0,61.6,73,14,65512,50,65476,0,300,0,0,8,20529,65476,0,0,26214,60.0,0.0,0.0,0.0,0.0,0.0
2026-05-17T18:28:40,ERR,ERR,ERR,ERR,ERR,ERR,ERR,ERR,ERR,ERR,ERR,ERR,ERR,ERR,ERR,ERR,ERR,ERR,ERR,ERR,ERR,ERR,ERR,ERR,ERR,ERR,ERR,ERR,ERR,ERR,ERR,ERR,ERR,ERR,ERR,ERR,ERR,ERR,ERR,ERR,ERR,ERR,ERR,ERR,ERR,ERR,ERR,ERR,ERR,ERR,ERR,ERR,ERR,ERR,ERR,ERR,ERR,ERR,ERR,ERR,ERR,ERR,ERR,ERR,ERR,ERR,ERR,ERR,ERR,ERR,ERR,ERR,ERR,ERR,ERR,ERR,ERR,ERR,ERR,ERR,ERR,ERR,ERR,ERR,ERR,ERR,ERR,ERR,ERR,ERR,ERR,ERR,ERR,ERR,ERR,ERR,ERR,ERR,ERR,ERR,ERR,ERR,ERR,ERR,ERR,ERR,ERR,ERR,ERR,ERR,ERR,ERR,ERR,ERR,ERR,ERR,ERR,ERR,ERR,ERR,ERR,ERR,ERR,ERR,ERR,0.0,0.0,0.0,0.0,0.0,1.3936040501711995e+18,7.805,0.0,0,0,4,0,8422,0.0,45,0.0,0.0,0.0,0.0,0.0,0,0,0,0,0.0,0,0,0,0,0,0,0,0,0,0,0,0,0,0,0,0,0,0,0,0,0,0,0,0,0,0,0,0,0,0,0,0,0,38,14,7,45,65476,0,300,0,0,8,21553,0.0,-107605600.0,0.0,0.0,0.0,0.0,0.0,0.0,0.0,0.0,0.0,0.0,0.0,0.0,0.0,0.0,0.0,0.0,0.0,0.0,0.0,0.0,0.0,2.004,-0.0,0.0,0.0,0.0,0.0,0.0,4983.0,-131350.422,0.0,0.0,0.0,-107615280.0,2.718429300292151e+23,0.0,0.0,0.0,0.0,53,-0.0,5.848055287018579e+35,0.0,0.0,0.0,0.0,0.0,0.0,0.0,0,0,0,0.0,0.0,0.0,0.0,0.0,0.0,0.0,0.0,0.0,0.0,0.0,0.0,0.0,0.0,0.0,0.0,0,-107875648.0,53,0.0,106,-107614832.0,0.0,ERR,ERR,ERR,ERR,ERR,ERR,ERR,ERR,ERR,ERR,ERR,ERR,ERR,ERR,ERR,ERR,ERR,ERR,ERR,ERR,ERR,ERR,ERR,ERR,ERR,ERR,ERR,ERR,ERR,ERR,ERR,ERR,ERR,ERR,ERR,ERR,ERR,ERR,ERR,ERR,ERR,ERR,ERR,ERR,ERR,ERR,ERR,ERR,ERR,ERR,ERR,ERR,ERR,ERR,ERR,ERR,ERR,ERR,ERR,ERR,ERR,ERR,ERR,ERR,ERR,ERR,ERR,50.0,60.0,100,0.0,0.0,0.0,0.0,0.0,0.0,0.0,0.0,0.0,0.0,0.0,0.0,0.0,0.0,0.0,0.0,62.0,73,14,65512,50,65476,0,300,0,0,8,20529,65476,0,0,26214,60.0,0.0,0.0,0.0,0.0,0.0
2026-05-17T18:28:41,ERR,ERR,ERR,ERR,ERR,ERR,ERR,ERR,ERR,ERR,ERR,ERR,ERR,ERR,ERR,ERR,ERR,ERR,ERR,ERR,ERR,ERR,ERR,ERR,ERR,ERR,ERR,ERR,ERR,ERR,ERR,ERR,ERR,ERR,ERR,ERR,ERR,ERR,ERR,ERR,ERR,ERR,ERR,ERR,ERR,ERR,ERR,ERR,ERR,ERR,ERR,ERR,ERR,ERR,ERR,ERR,ERR,ERR,ERR,ERR,ERR,ERR,ERR,ERR,ERR,ERR,ERR,ERR,ERR,ERR,ERR,ERR,ERR,ERR,ERR,ERR,ERR,ERR,ERR,ERR,ERR,ERR,ERR,ERR,ERR,ERR,ERR,ERR,ERR,ERR,ERR,ERR,ERR,ERR,ERR,ERR,ERR,ERR,ERR,ERR,ERR,ERR,ERR,ERR,ERR,ERR,ERR,ERR,ERR,ERR,ERR,ERR,ERR,ERR,ERR,ERR,ERR,ERR,ERR,ERR,ERR,ERR,ERR,ERR,ERR,0.0,0.0,0.0,0.0,0.0,1.3936040501711995e+18,7.805,0.0,0,0,4,0,8422,0.0,45,0.0,0.0,0.0,0.0,0.0,0,0,0,0,0.0,0,0,0,0,0,0,0,0,0,0,0,0,0,0,0,0,0,0,0,0,0,0,0,0,0,0,0,0,0,0,0,0,0,38,14,7,45,65476,0,300,0,0,8,21553,0.0,-107605600.0,0.0,0.0,0.0,0.0,0.0,0.0,0.0,0.0,0.0,0.0,0.0,0.0,0.0,0.0,0.0,0.0,0.0,0.0,0.0,0.0,0.0,2.004,-0.0,0.0,0.0,0.0,0.0,0.0,4983.0,-131350.422,0.0,0.0,0.0,-107615280.0,2.718429300292151e+23,0.0,0.0,0.0,0.0,53,-0.0,5.848055287018579e+35,0.0,0.0,0.0,0.0,0.0,0.0,0.0,0,0,0,0.0,0.0,0.0,0.0,0.0,0.0,0.0,0.0,0.0,0.0,0.0,0.0,0.0,0.0,0.0,0.0,0,-107875648.0,53,0.0,106,-107614832.0,0.0,ERR,ERR,ERR,ERR,ERR,ERR,ERR,ERR,ERR,ERR,ERR,ERR,ERR,ERR,ERR,ERR,ERR,ERR,ERR,ERR,ERR,ERR,ERR,ERR,ERR,ERR,ERR,ERR,ERR,ERR,ERR,ERR,ERR,ERR,ERR,ERR,ERR,ERR,ERR,ERR,ERR,ERR,ERR,ERR,ERR,ERR,ERR,ERR,ERR,ERR,ERR,ERR,ERR,ERR,ERR,ERR,ERR,ERR,ERR,ERR,ERR,ERR,ERR,ERR,ERR,ERR,ERR,50.0,60.0,100,0.0,0.0,0.0,0.0,0.0,0.0,0.0,0.0,0.0,0.0,0.0,0.0,0.0,0.0,0.0,0.0,61.6,73,14,65512,50,65476,0,300,0,0,8,20529,65476,0,0,26214,60.0,0.0,0.0,0.0,0.0,0.0
2026-05-17T18:28:42,ERR,ERR,ERR,ERR,ERR,ERR,ERR,ERR,ERR,ERR,ERR,ERR,ERR,ERR,ERR,ERR,ERR,ERR,ERR,ERR,ERR,ERR,ERR,ERR,ERR,ERR,ERR,ERR,ERR,ERR,ERR,ERR,ERR,ERR,ERR,ERR,ERR,ERR,ERR,ERR,ERR,ERR,ERR,ERR,ERR,ERR,ERR,ERR,ERR,ERR,ERR,ERR,ERR,ERR,ERR,ERR,ERR,ERR,ERR,ERR,ERR,ERR,ERR,ERR,ERR,ERR,ERR,ERR,ERR,ERR,ERR,ERR,ERR,ERR,ERR,ERR,ERR,ERR,ERR,ERR,ERR,ERR,ERR,ERR,ERR,ERR,ERR,ERR,ERR,ERR,ERR,ERR,ERR,ERR,ERR,ERR,ERR,ERR,ERR,ERR,ERR,ERR,ERR,ERR,ERR,ERR,ERR,ERR,ERR,ERR,ERR,ERR,ERR,ERR,ERR,ERR,ERR,ERR,ERR,ERR,ERR,ERR,ERR,ERR,ERR,0.0,0.0,0.0,0.0,0.0,1.3936040501711995e+18,7.805,0.0,0,0,4,0,8422,0.0,45,0.0,0.0,0.0,0.0,0.0,0,0,0,0,0.0,0,0,0,0,0,0,0,0,0,0,0,0,0,0,0,0,0,0,0,0,0,0,0,0,0,0,0,0,0,0,0,0,0,38,14,7,45,65476,0,300,0,0,8,21553,0.0,-107605600.0,0.0,0.0,0.0,0.0,0.0,0.0,0.0,0.0,0.0,0.0,0.0,0.0,0.0,0.0,0.0,0.0,0.0,0.0,0.0,0.0,0.0,2.004,-0.0,0.0,0.0,0.0,0.0,0.0,4983.0,-131350.422,0.0,0.0,0.0,-107615280.0,2.718429300292151e+23,0.0,0.0,0.0,0.0,53,-0.0,5.848055287018579e+35,0.0,0.0,0.0,0.0,0.0,0.0,0.0,0,0,0,0.0,0.0,0.0,0.0,0.0,0.0,0.0,0.0,0.0,0.0,0.0,0.0,0.0,0.0,0.0,0.0,0,-107875648.0,53,0.0,106,-107614832.0,0.0,ERR,ERR,ERR,ERR,ERR,ERR,ERR,ERR,ERR,ERR,ERR,ERR,ERR,ERR,ERR,ERR,ERR,ERR,ERR,ERR,ERR,ERR,ERR,ERR,ERR,ERR,ERR,ERR,ERR,ERR,ERR,ERR,ERR,ERR,ERR,ERR,ERR,ERR,ERR,ERR,ERR,ERR,ERR,ERR,ERR,ERR,ERR,ERR,ERR,ERR,ERR,ERR,ERR,ERR,ERR,ERR,ERR,ERR,ERR,ERR,ERR,ERR,ERR,ERR,ERR,ERR,ERR,50.0,60.0,100,0.0,0.0,0.0,0.0,0.0,0.0,0.0,0.0,0.0,0.0,0.0,0.0,0.0,0.0,0.0,0.0,61.6,73,14,65512,50,65476,0,300,0,0,8,20529,65476,0,0,26214,60.0,0.0,0.0,0.0,0.0,0.0
2026-05-17T18:28:43,ERR,ERR,ERR,ERR,ERR,ERR,ERR,ERR,ERR,ERR,ERR,ERR,ERR,ERR,ERR,ERR,ERR,ERR,ERR,ERR,ERR,ERR,ERR,ERR,ERR,ERR,ERR,ERR,ERR,ERR,ERR,ERR,ERR,ERR,ERR,ERR,ERR,ERR,ERR,ERR,ERR,ERR,ERR,ERR,ERR,ERR,ERR,ERR,ERR,ERR,ERR,ERR,ERR,ERR,ERR,ERR,ERR,ERR,ERR,ERR,ERR,ERR,ERR,ERR,ERR,ERR,ERR,ERR,ERR,ERR,ERR,ERR,ERR,ERR,ERR,ERR,ERR,ERR,ERR,ERR,ERR,ERR,ERR,ERR,ERR,ERR,ERR,ERR,ERR,ERR,ERR,ERR,ERR,ERR,ERR,ERR,ERR,ERR,ERR,ERR,ERR,ERR,ERR,ERR,ERR,ERR,ERR,ERR,ERR,ERR,ERR,ERR,ERR,ERR,ERR,ERR,ERR,ERR,ERR,ERR,ERR,ERR,ERR,ERR,ERR,0.0,0.0,0.0,0.0,0.0,1.3936040501711995e+18,7.805,0.0,0,0,4,0,8422,0.0,45,0.0,0.0,0.0,0.0,0.0,0,0,0,0,0.0,0,0,0,0,0,0,0,0,0,0,0,0,0,0,0,0,0,0,0,0,0,0,0,0,0,0,0,0,0,0,0,0,0,38,14,7,45,65476,0,300,0,0,8,21553,0.0,-107605600.0,0.0,0.0,0.0,0.0,0.0,0.0,0.0,0.0,0.0,0.0,0.0,0.0,0.0,0.0,0.0,0.0,0.0,0.0,0.0,0.0,0.0,2.004,-0.0,0.0,0.0,0.0,0.0,0.0,4984.0,-3.6971856938200465e+19,0.0,0.0,0.0,-107615280.0,2.718429300292151e+23,0.0,0.0,0.0,0.0,53,-0.0,-0.0,0.0,0.0,0.0,0.0,0.0,0.0,0.0,0,0,0,0.0,0.0,0.0,0.0,0.0,0.0,0.0,0.0,0.0,0.0,0.0,0.0,0.0,0.0,0.0,0.0,0,-107875648.0,53,0.0,106,-107614832.0,0.0,ERR,ERR,ERR,ERR,ERR,ERR,ERR,ERR,ERR,ERR,ERR,ERR,ERR,ERR,ERR,ERR,ERR,ERR,ERR,ERR,ERR,ERR,ERR,ERR,ERR,ERR,ERR,ERR,ERR,ERR,ERR,ERR,ERR,ERR,ERR,ERR,ERR,ERR,ERR,ERR,ERR,ERR,ERR,ERR,ERR,ERR,ERR,ERR,ERR,ERR,ERR,ERR,ERR,ERR,ERR,ERR,ERR,ERR,ERR,ERR,ERR,ERR,ERR,ERR,ERR,ERR,ERR,50.0,60.0,100,0.0,0.0,0.0,0.0,0.0,0.0,0.0,0.0,0.0,0.0,0.0,0.0,0.0,0.0,0.0,0.0,61.6,73,14,65512,50,65476,0,300,0,0,8,20529,65476,0,0,26214,60.0,0.0,0.0,0.0,0.0,0.0
2026-05-17T18:28:44,ERR,ERR,ERR,ERR,ERR,ERR,ERR,ERR,ERR,ERR,ERR,ERR,ERR,ERR,ERR,ERR,ERR,ERR,ERR,ERR,ERR,ERR,ERR,ERR,ERR,ERR,ERR,ERR,ERR,ERR,ERR,ERR,ERR,ERR,ERR,ERR,ERR,ERR,ERR,ERR,ERR,ERR,ERR,ERR,ERR,ERR,ERR,ERR,ERR,ERR,ERR,ERR,ERR,ERR,ERR,ERR,ERR,ERR,ERR,ERR,ERR,ERR,ERR,ERR,ERR,ERR,ERR,ERR,ERR,ERR,ERR,ERR,ERR,ERR,ERR,ERR,ERR,ERR,ERR,ERR,ERR,ERR,ERR,ERR,ERR,ERR,ERR,ERR,ERR,ERR,ERR,ERR,ERR,ERR,ERR,ERR,ERR,ERR,ERR,ERR,ERR,ERR,ERR,ERR,ERR,ERR,ERR,ERR,ERR,ERR,ERR,ERR,ERR,ERR,ERR,ERR,ERR,ERR,ERR,ERR,ERR,ERR,ERR,ERR,ERR,0.0,0.0,0.0,0.0,0.0,1.3936040501711995e+18,7.805,0.0,0,0,4,0,8422,0.0,45,0.0,0.0,0.0,0.0,0.0,0,0,0,0,0.0,0,0,0,0,0,0,0,0,0,0,0,0,0,0,0,0,0,0,0,0,0,0,0,0,0,0,0,0,0,0,0,0,0,38,14,7,45,65476,0,300,0,0,8,21553,0.0,-107605600.0,0.0,0.0,0.0,0.0,0.0,0.0,0.0,0.0,0.0,0.0,0.0,0.0,0.0,0.0,0.0,0.0,0.0,0.0,0.0,0.0,0.0,2.004,-0.0,0.0,0.0,0.0,0.0,0.0,4984.0,-3.6971856938200465e+19,0.0,0.0,0.0,-107615280.0,2.718429300292151e+23,0.0,0.0,0.0,0.0,53,-0.0,-0.0,0.0,0.0,0.0,0.0,0.0,0.0,0.0,0,0,0,0.0,0.0,0.0,0.0,0.0,0.0,0.0,0.0,0.0,0.0,0.0,0.0,0.0,0.0,0.0,0.0,0,-107875648.0,53,0.0,106,-107614832.0,0.0,ERR,ERR,ERR,ERR,ERR,ERR,ERR,ERR,ERR,ERR,ERR,ERR,ERR,ERR,ERR,ERR,ERR,ERR,ERR,ERR,ERR,ERR,ERR,ERR,ERR,ERR,ERR,ERR,ERR,ERR,ERR,ERR,ERR,ERR,ERR,ERR,ERR,ERR,ERR,ERR,ERR,ERR,ERR,ERR,ERR,ERR,ERR,ERR,ERR,ERR,ERR,ERR,ERR,ERR,ERR,ERR,ERR,ERR,ERR,ERR,ERR,ERR,ERR,ERR,ERR,ERR,ERR,50.0,60.0,100,0.0,0.0,0.0,0.0,0.0,0.0,0.0,0.0,0.0,0.0,0.0,0.0,0.0,0.0,0.0,0.0,61.6,73,14,65512,50,65476,0,300,0,0,8,20529,65476,0,0,26214,60.0,0.0,0.0,0.0,0.0,0.0
2026-05-17T18:28:45,ERR,ERR,ERR,ERR,ERR,ERR,ERR,ERR,ERR,ERR,ERR,ERR,ERR,ERR,ERR,ERR,ERR,ERR,ERR,ERR,ERR,ERR,ERR,ERR,ERR,ERR,ERR,ERR,ERR,ERR,ERR,ERR,ERR,ERR,ERR,ERR,ERR,ERR,ERR,ERR,ERR,ERR,ERR,ERR,ERR,ERR,ERR,ERR,ERR,ERR,ERR,ERR,ERR,ERR,ERR,ERR,ERR,ERR,ERR,ERR,ERR,ERR,ERR,ERR,ERR,ERR,ERR,ERR,ERR,ERR,ERR,ERR,ERR,ERR,ERR,ERR,ERR,ERR,ERR,ERR,ERR,ERR,ERR,ERR,ERR,ERR,ERR,ERR,ERR,ERR,ERR,ERR,ERR,ERR,ERR,ERR,ERR,ERR,ERR,ERR,ERR,ERR,ERR,ERR,ERR,ERR,ERR,ERR,ERR,ERR,ERR,ERR,ERR,ERR,ERR,ERR,ERR,ERR,ERR,ERR,ERR,ERR,ERR,ERR,ERR,0.0,0.0,0.0,0.0,0.0,1.3936040501711995e+18,7.805,0.0,0,0,4,0,8422,0.0,45,0.0,0.0,0.0,0.0,0.0,0,0,0,0,0.0,0,0,0,0,0,0,0,0,0,0,0,0,0,0,0,0,0,0,0,0,0,0,0,0,0,0,0,0,0,0,0,0,0,38,14,7,45,65476,0,300,0,0,8,21553,0.0,-107605600.0,0.0,0.0,0.0,0.0,0.0,0.0,0.0,0.0,0.0,0.0,0.0,0.0,0.0,0.0,0.0,0.0,0.0,0.0,0.0,0.0,0.0,2.004,-0.0,0.0,0.0,0.0,0.0,0.0,4984.0,-3.6971856938200465e+19,0.0,0.0,0.0,-107615280.0,2.718429300292151e+23,0.0,0.0,0.0,0.0,53,-0.0,-0.0,0.0,0.0,0.0,0.0,0.0,0.0,0.0,0,0,0,0.0,0.0,0.0,0.0,0.0,0.0,0.0,0.0,0.0,0.0,0.0,0.0,0.0,0.0,0.0,0.0,0,-107875648.0,53,0.0,106,-107614832.0,0.0,ERR,ERR,ERR,ERR,ERR,ERR,ERR,ERR,ERR,ERR,ERR,ERR,ERR,ERR,ERR,ERR,ERR,ERR,ERR,ERR,ERR,ERR,ERR,ERR,ERR,ERR,ERR,ERR,ERR,ERR,ERR,ERR,ERR,ERR,ERR,ERR,ERR,ERR,ERR,ERR,ERR,ERR,ERR,ERR,ERR,ERR,ERR,ERR,ERR,ERR,ERR,ERR,ERR,ERR,ERR,ERR,ERR,ERR,ERR,ERR,ERR,ERR,ERR,ERR,ERR,ERR,ERR,50.0,60.0,100,0.0,0.0,0.0,0.0,0.0,0.0,0.0,0.0,0.0,0.0,0.0,0.0,0.0,0.0,0.0,0.0,61.6,73,14,65512,50,65476,0,300,0,0,8,20529,65476,0,0,26214,60.0,0.0,0.0,0.0,0.0,0.0
2026-05-17T18:28:46,ERR,ERR,ERR,ERR,ERR,ERR,ERR,ERR,ERR,ERR,ERR,ERR,ERR,ERR,ERR,ERR,ERR,ERR,ERR,ERR,ERR,ERR,ERR,ERR,ERR,ERR,ERR,ERR,ERR,ERR,ERR,ERR,ERR,ERR,ERR,ERR,ERR,ERR,ERR,ERR,ERR,ERR,ERR,ERR,ERR,ERR,ERR,ERR,ERR,ERR,ERR,ERR,ERR,ERR,ERR,ERR,ERR,ERR,ERR,ERR,ERR,ERR,ERR,ERR,ERR,ERR,ERR,ERR,ERR,ERR,ERR,ERR,ERR,ERR,ERR,ERR,ERR,ERR,ERR,ERR,ERR,ERR,ERR,ERR,ERR,ERR,ERR,ERR,ERR,ERR,ERR,ERR,ERR,ERR,ERR,ERR,ERR,ERR,ERR,ERR,ERR,ERR,ERR,ERR,ERR,ERR,ERR,ERR,ERR,ERR,ERR,ERR,ERR,ERR,ERR,ERR,ERR,ERR,ERR,ERR,ERR,ERR,ERR,ERR,ERR,0.0,0.0,0.0,0.0,0.0,1.3936040501711995e+18,7.805,0.0,0,0,4,0,8422,0.0,45,0.0,0.0,0.0,0.0,0.0,0,0,0,0,0.0,0,0,0,0,0,0,0,0,0,0,0,0,0,0,0,0,0,0,0,0,0,0,0,0,0,0,0,0,0,0,0,0,0,38,14,7,45,65476,0,300,0,0,8,21553,0.0,-107605600.0,0.0,0.0,0.0,0.0,0.0,0.0,0.0,0.0,0.0,0.0,0.0,0.0,0.0,0.0,0.0,0.0,0.0,0.0,0.0,0.0,0.0,2.004,-0.0,0.0,0.0,0.0,0.0,0.0,4984.0,-3.6971856938200465e+19,0.0,0.0,0.0,-107615280.0,2.718429300292151e+23,0.0,0.0,0.0,0.0,53,-0.0,-0.0,0.0,0.0,0.0,0.0,0.0,0.0,0.0,0,0,0,0.0,0.0,0.0,0.0,0.0,0.0,0.0,0.0,0.0,0.0,0.0,0.0,0.0,0.0,0.0,0.0,0,-107875648.0,53,0.0,106,-107614832.0,0.0,ERR,ERR,ERR,ERR,ERR,ERR,ERR,ERR,ERR,ERR,ERR,ERR,ERR,ERR,ERR,ERR,ERR,ERR,ERR,ERR,ERR,ERR,ERR,ERR,ERR,ERR,ERR,ERR,ERR,ERR,ERR,ERR,ERR,ERR,ERR,ERR,ERR,ERR,ERR,ERR,ERR,ERR,ERR,ERR,ERR,ERR,ERR,ERR,ERR,ERR,ERR,ERR,ERR,ERR,ERR,ERR,ERR,ERR,ERR,ERR,ERR,ERR,ERR,ERR,ERR,ERR,ERR,50.0,60.0,100,0.0,0.0,0.0,0.0,0.0,0.0,0.0,0.0,0.0,0.0,0.0,0.0,0.0,0.0,0.0,0.0,61.6,73,14,65512,50,65476,0,300,0,0,8,20529,65476,0,0,26214,60.0,0.0,0.0,0.0,0.0,0.0
2026-05-17T18:28:47,ERR,ERR,ERR,ERR,ERR,ERR,ERR,ERR,ERR,ERR,ERR,ERR,ERR,ERR,ERR,ERR,ERR,ERR,ERR,ERR,ERR,ERR,ERR,ERR,ERR,ERR,ERR,ERR,ERR,ERR,ERR,ERR,ERR,ERR,ERR,ERR,ERR,ERR,ERR,ERR,ERR,ERR,ERR,ERR,ERR,ERR,ERR,ERR,ERR,ERR,ERR,ERR,ERR,ERR,ERR,ERR,ERR,ERR,ERR,ERR,ERR,ERR,ERR,ERR,ERR,ERR,ERR,ERR,ERR,ERR,ERR,ERR,ERR,ERR,ERR,ERR,ERR,ERR,ERR,ERR,ERR,ERR,ERR,ERR,ERR,ERR,ERR,ERR,ERR,ERR,ERR,ERR,ERR,ERR,ERR,ERR,ERR,ERR,ERR,ERR,ERR,ERR,ERR,ERR,ERR,ERR,ERR,ERR,ERR,ERR,ERR,ERR,ERR,ERR,ERR,ERR,ERR,ERR,ERR,ERR,ERR,ERR,ERR,ERR,ERR,0.0,0.0,0.0,0.0,0.0,1.3936040501711995e+18,7.805,0.0,0,0,4,0,8422,0.0,45,0.0,0.0,0.0,0.0,0.0,0,0,0,0,0.0,0,0,0,0,0,0,0,0,0,0,0,0,0,0,0,0,0,0,0,0,0,0,0,0,0,0,0,0,0,0,0,0,0,38,14,7,45,65476,0,300,0,0,8,21553,0.0,-107605600.0,0.0,0.0,0.0,0.0,0.0,0.0,0.0,0.0,0.0,0.0,0.0,0.0,0.0,0.0,0.0,0.0,0.0,0.0,0.0,0.0,0.0,2.004,-0.0,0.0,0.0,0.0,0.0,0.0,4984.0,-3.6971856938200465e+19,0.0,0.0,0.0,-107615280.0,2.718429300292151e+23,0.0,0.0,0.0,0.0,53,-0.0,-0.0,0.0,0.0,0.0,0.0,0.0,0.0,0.0,0,0,0,0.0,0.0,0.0,0.0,0.0,0.0,0.0,0.0,0.0,0.0,0.0,0.0,0.0,0.0,0.0,0.0,0,-107875648.0,53,0.0,106,-107614832.0,0.0,ERR,ERR,ERR,ERR,ERR,ERR,ERR,ERR,ERR,ERR,ERR,ERR,ERR,ERR,ERR,ERR,ERR,ERR,ERR,ERR,ERR,ERR,ERR,ERR,ERR,ERR,ERR,ERR,ERR,ERR,ERR,ERR,ERR,ERR,ERR,ERR,ERR,ERR,ERR,ERR,ERR,ERR,ERR,ERR,ERR,ERR,ERR,ERR,ERR,ERR,ERR,ERR,ERR,ERR,ERR,ERR,ERR,ERR,ERR,ERR,ERR,ERR,ERR,ERR,ERR,ERR,ERR,50.0,60.0,100,0.0,0.0,0.0,0.0,0.0,0.0,0.0,0.0,0.0,0.0,0.0,0.0,0.0,0.0,0.0,0.0,61.6,73,14,65512,50,65476,0,300,0,0,8,20529,65476,0,0,26214,60.0,0.0,0.0,0.0,0.0,0.0
2026-05-17T18:28:48,ERR,ERR,ERR,ERR,ERR,ERR,ERR,ERR,ERR,ERR,ERR,ERR,ERR,ERR,ERR,ERR,ERR,ERR,ERR,ERR,ERR,ERR,ERR,ERR,ERR,ERR,ERR,ERR,ERR,ERR,ERR,ERR,ERR,ERR,ERR,ERR,ERR,ERR,ERR,ERR,ERR,ERR,ERR,ERR,ERR,ERR,ERR,ERR,ERR,ERR,ERR,ERR,ERR,ERR,ERR,ERR,ERR,ERR,ERR,ERR,ERR,ERR,ERR,ERR,ERR,ERR,ERR,ERR,ERR,ERR,ERR,ERR,ERR,ERR,ERR,ERR,ERR,ERR,ERR,ERR,ERR,ERR,ERR,ERR,ERR,ERR,ERR,ERR,ERR,ERR,ERR,ERR,ERR,ERR,ERR,ERR,ERR,ERR,ERR,ERR,ERR,ERR,ERR,ERR,ERR,ERR,ERR,ERR,ERR,ERR,ERR,ERR,ERR,ERR,ERR,ERR,ERR,ERR,ERR,ERR,ERR,ERR,ERR,ERR,ERR,0.0,0.0,0.0,0.0,0.0,1.3936040501711995e+18,7.805,0.0,0,0,4,0,8422,0.0,45,0.0,0.0,0.0,0.0,0.0,0,0,0,0,0.0,0,0,0,0,0,0,0,0,0,0,0,0,0,0,0,0,0,0,0,0,0,0,0,0,0,0,0,0,0,0,0,0,0,38,14,7,45,65476,0,300,0,0,8,21553,0.0,-107605600.0,0.0,0.0,0.0,0.0,0.0,0.0,0.0,0.0,0.0,0.0,0.0,0.0,0.0,0.0,0.0,0.0,0.0,0.0,0.0,0.0,0.0,2.004,-0.0,0.0,0.0,0.0,0.0,0.0,4979.0,-2.004,0.0,0.0,0.0,-107615280.0,2.718429300292151e+23,0.0,0.0,0.0,0.0,53,-0.0,1.905685750968484e+17,0.0,0.0,0.0,0.0,0.0,0.0,0.0,0,0,0,0.0,0.0,0.0,0.0,0.0,0.0,0.0,0.0,0.0,0.0,0.0,0.0,0.0,0.0,0.0,0.0,0,-107875648.0,53,0.0,106,-107614832.0,0.0,ERR,ERR,ERR,ERR,ERR,ERR,ERR,ERR,ERR,ERR,ERR,ERR,ERR,ERR,ERR,ERR,ERR,ERR,ERR,ERR,ERR,ERR,ERR,ERR,ERR,ERR,ERR,ERR,ERR,ERR,ERR,ERR,ERR,ERR,ERR,ERR,ERR,ERR,ERR,ERR,ERR,ERR,ERR,ERR,ERR,ERR,ERR,ERR,ERR,ERR,ERR,ERR,ERR,ERR,ERR,ERR,ERR,ERR,ERR,ERR,ERR,ERR,ERR,ERR,ERR,ERR,ERR,50.0,60.0,100,0.0,0.0,0.0,0.0,0.0,0.0,0.0,0.0,0.0,0.0,0.0,0.0,0.0,0.0,0.0,0.0,62.0,73,14,65512,50,65476,0,300,0,0,8,20529,65476,0,0,26214,60.0,0.0,0.0,0.0,0.0,0.0
2026-05-17T18:28:49,ERR,ERR,ERR,ERR,ERR,ERR,ERR,ERR,ERR,ERR,ERR,ERR,ERR,ERR,ERR,ERR,ERR,ERR,ERR,ERR,ERR,ERR,ERR,ERR,ERR,ERR,ERR,ERR,ERR,ERR,ERR,ERR,ERR,ERR,ERR,ERR,ERR,ERR,ERR,ERR,ERR,ERR,ERR,ERR,ERR,ERR,ERR,ERR,ERR,ERR,ERR,ERR,ERR,ERR,ERR,ERR,ERR,ERR,ERR,ERR,ERR,ERR,ERR,ERR,ERR,ERR,ERR,ERR,ERR,ERR,ERR,ERR,ERR,ERR,ERR,ERR,ERR,ERR,ERR,ERR,ERR,ERR,ERR,ERR,ERR,ERR,ERR,ERR,ERR,ERR,ERR,ERR,ERR,ERR,ERR,ERR,ERR,ERR,ERR,ERR,ERR,ERR,ERR,ERR,ERR,ERR,ERR,ERR,ERR,ERR,ERR,ERR,ERR,ERR,ERR,ERR,ERR,ERR,ERR,ERR,ERR,ERR,ERR,ERR,ERR,0.0,0.0,0.0,0.0,0.0,1.3936040501711995e+18,7.805,0.0,0,0,4,0,8422,0.0,45,0.0,0.0,0.0,0.0,0.0,0,0,0,0,0.0,0,0,0,0,0,0,0,0,0,0,0,0,0,0,0,0,0,0,0,0,0,0,0,0,0,0,0,0,0,0,0,0,0,38,14,7,45,65476,0,300,0,0,8,21553,0.0,-107605600.0,0.0,0.0,0.0,0.0,0.0,0.0,0.0,0.0,0.0,0.0,0.0,0.0,0.0,0.0,0.0,0.0,0.0,0.0,0.0,0.0,0.0,2.004,-0.0,0.0,0.0,0.0,0.0,0.0,4979.0,-2.004,0.0,0.0,0.0,-107615280.0,2.718429300292151e+23,0.0,0.0,0.0,0.0,53,-0.0,1.905685750968484e+17,0.0,0.0,0.0,0.0,0.0,0.0,0.0,0,0,0,0.0,0.0,0.0,0.0,0.0,0.0,0.0,0.0,0.0,0.0,0.0,0.0,0.0,0.0,0.0,0.0,0,-107875648.0,53,0.0,106,-107614832.0,0.0,ERR,ERR,ERR,ERR,ERR,ERR,ERR,ERR,ERR,ERR,ERR,ERR,ERR,ERR,ERR,ERR,ERR,ERR,ERR,ERR,ERR,ERR,ERR,ERR,ERR,ERR,ERR,ERR,ERR,ERR,ERR,ERR,ERR,ERR,ERR,ERR,ERR,ERR,ERR,ERR,ERR,ERR,ERR,ERR,ERR,ERR,ERR,ERR,ERR,ERR,ERR,ERR,ERR,ERR,ERR,ERR,ERR,ERR,ERR,ERR,ERR,ERR,ERR,ERR,ERR,ERR,ERR,50.0,60.0,100,0.0,0.0,0.0,0.0,0.0,0.0,0.0,0.0,0.0,0.0,0.0,0.0,0.0,0.0,0.0,0.0,62.0,73,14,65512,50,65476,0,300,0,0,8,20529,65476,0,0,26214,60.0,0.0,0.0,0.0,0.0,0.0
2026-05-17T18:28:50,ERR,ERR,ERR,ERR,ERR,ERR,ERR,ERR,ERR,ERR,ERR,ERR,ERR,ERR,ERR,ERR,ERR,ERR,ERR,ERR,ERR,ERR,ERR,ERR,ERR,ERR,ERR,ERR,ERR,ERR,ERR,ERR,ERR,ERR,ERR,ERR,ERR,ERR,ERR,ERR,ERR,ERR,ERR,ERR,ERR,ERR,ERR,ERR,ERR,ERR,ERR,ERR,ERR,ERR,ERR,ERR,ERR,ERR,ERR,ERR,ERR,ERR,ERR,ERR,ERR,ERR,ERR,ERR,ERR,ERR,ERR,ERR,ERR,ERR,ERR,ERR,ERR,ERR,ERR,ERR,ERR,ERR,ERR,ERR,ERR,ERR,ERR,ERR,ERR,ERR,ERR,ERR,ERR,ERR,ERR,ERR,ERR,ERR,ERR,ERR,ERR,ERR,ERR,ERR,ERR,ERR,ERR,ERR,ERR,ERR,ERR,ERR,ERR,ERR,ERR,ERR,ERR,ERR,ERR,ERR,ERR,ERR,ERR,ERR,ERR,0.0,0.0,0.0,0.0,0.0,1.3936040501711995e+18,7.805,0.0,0,0,4,0,8422,0.0,45,0.0,0.0,0.0,0.0,0.0,0,0,0,0,0.0,0,0,0,0,0,0,0,0,0,0,0,0,0,0,0,0,0,0,0,0,0,0,0,0,0,0,0,0,0,0,0,0,0,38,14,7,45,65476,0,300,0,0,8,21553,0.0,-107605600.0,0.0,0.0,0.0,0.0,0.0,0.0,0.0,0.0,0.0,0.0,0.0,0.0,0.0,0.0,0.0,0.0,0.0,0.0,0.0,0.0,0.0,2.004,-0.0,0.0,0.0,0.0,0.0,0.0,4979.0,-2.004,0.0,0.0,0.0,-107615280.0,2.718429300292151e+23,0.0,0.0,0.0,0.0,53,-0.0,1.905685750968484e+17,0.0,0.0,0.0,0.0,0.0,0.0,0.0,0,0,0,0.0,0.0,0.0,0.0,0.0,0.0,0.0,0.0,0.0,0.0,0.0,0.0,0.0,0.0,0.0,0.0,0,-107875648.0,53,0.0,106,-107614832.0,0.0,ERR,ERR,ERR,ERR,ERR,ERR,ERR,ERR,ERR,ERR,ERR,ERR,ERR,ERR,ERR,ERR,ERR,ERR,ERR,ERR,ERR,ERR,ERR,ERR,ERR,ERR,ERR,ERR,ERR,ERR,ERR,ERR,ERR,ERR,ERR,ERR,ERR,ERR,ERR,ERR,ERR,ERR,ERR,ERR,ERR,ERR,ERR,ERR,ERR,ERR,ERR,ERR,ERR,ERR,ERR,ERR,ERR,ERR,ERR,ERR,ERR,ERR,ERR,ERR,ERR,ERR,ERR,50.0,60.0,100,0.0,0.0,0.0,0.0,0.0,0.0,0.0,0.0,0.0,0.0,0.0,0.0,0.0,0.0,0.0,0.0,62.0,73,14,65512,50,65476,0,300,0,0,8,20529,65476,0,0,26214,60.0,0.0,0.0,0.0,0.0,0.0
2026-05-17T18:28:51,ERR,ERR,ERR,ERR,ERR,ERR,ERR,ERR,ERR,ERR,ERR,ERR,ERR,ERR,ERR,ERR,ERR,ERR,ERR,ERR,ERR,ERR,ERR,ERR,ERR,ERR,ERR,ERR,ERR,ERR,ERR,ERR,ERR,ERR,ERR,ERR,ERR,ERR,ERR,ERR,ERR,ERR,ERR,ERR,ERR,ERR,ERR,ERR,ERR,ERR,ERR,ERR,ERR,ERR,ERR,ERR,ERR,ERR,ERR,ERR,ERR,ERR,ERR,ERR,ERR,ERR,ERR,ERR,ERR,ERR,ERR,ERR,ERR,ERR,ERR,ERR,ERR,ERR,ERR,ERR,ERR,ERR,ERR,ERR,ERR,ERR,ERR,ERR,ERR,ERR,ERR,ERR,ERR,ERR,ERR,ERR,ERR,ERR,ERR,ERR,ERR,ERR,ERR,ERR,ERR,ERR,ERR,ERR,ERR,ERR,ERR,ERR,ERR,ERR,ERR,ERR,ERR,ERR,ERR,ERR,ERR,ERR,ERR,ERR,ERR,0.0,0.0,0.0,0.0,0.0,1.3936040501711995e+18,7.805,0.0,0,0,4,0,8422,0.0,45,0.0,0.0,0.0,0.0,0.0,0,0,0,0,0.0,0,0,0,0,0,0,0,0,0,0,0,0,0,0,0,0,0,0,0,0,0,0,0,0,0,0,0,0,0,0,0,0,0,38,14,7,45,65476,0,300,0,0,8,21553,0.0,-107605600.0,0.0,0.0,0.0,0.0,0.0,0.0,0.0,0.0,0.0,0.0,0.0,0.0,0.0,0.0,0.0,0.0,0.0,0.0,0.0,0.0,0.0,2.004,-0.0,0.0,0.0,0.0,0.0,0.0,4979.0,-2.004,0.0,0.0,0.0,-107615280.0,2.718429300292151e+23,0.0,0.0,0.0,0.0,53,-0.0,1.905685750968484e+17,0.0,0.0,0.0,0.0,0.0,0.0,0.0,0,0,0,0.0,0.0,0.0,0.0,0.0,0.0,0.0,0.0,0.0,0.0,0.0,0.0,0.0,0.0,0.0,0.0,0,-107875648.0,53,0.0,106,-107614832.0,0.0,ERR,ERR,ERR,ERR,ERR,ERR,ERR,ERR,ERR,ERR,ERR,ERR,ERR,ERR,ERR,ERR,ERR,ERR,ERR,ERR,ERR,ERR,ERR,ERR,ERR,ERR,ERR,ERR,ERR,ERR,ERR,ERR,ERR,ERR,ERR,ERR,ERR,ERR,ERR,ERR,ERR,ERR,ERR,ERR,ERR,ERR,ERR,ERR,ERR,ERR,ERR,ERR,ERR,ERR,ERR,ERR,ERR,ERR,ERR,ERR,ERR,ERR,ERR,ERR,ERR,ERR,ERR,50.0,60.0,100,0.0,0.0,0.0,0.0,0.0,0.0,0.0,0.0,0.0,0.0,0.0,0.0,0.0,0.0,0.0,0.0,62.0,73,14,65512,50,65476,0,300,0,0,8,20529,65476,0,0,26214,60.0,0.0,0.0,0.0,0.0,0.0
2026-05-17T18:28:52,ERR,ERR,ERR,ERR,ERR,ERR,ERR,ERR,ERR,ERR,ERR,ERR,ERR,ERR,ERR,ERR,ERR,ERR,ERR,ERR,ERR,ERR,ERR,ERR,ERR,ERR,ERR,ERR,ERR,ERR,ERR,ERR,ERR,ERR,ERR,ERR,ERR,ERR,ERR,ERR,ERR,ERR,ERR,ERR,ERR,ERR,ERR,ERR,ERR,ERR,ERR,ERR,ERR,ERR,ERR,ERR,ERR,ERR,ERR,ERR,ERR,ERR,ERR,ERR,ERR,ERR,ERR,ERR,ERR,ERR,ERR,ERR,ERR,ERR,ERR,ERR,ERR,ERR,ERR,ERR,ERR,ERR,ERR,ERR,ERR,ERR,ERR,ERR,ERR,ERR,ERR,ERR,ERR,ERR,ERR,ERR,ERR,ERR,ERR,ERR,ERR,ERR,ERR,ERR,ERR,ERR,ERR,ERR,ERR,ERR,ERR,ERR,ERR,ERR,ERR,ERR,ERR,ERR,ERR,ERR,ERR,ERR,ERR,ERR,ERR,0.0,0.0,0.0,0.0,0.0,1.3936040501711995e+18,7.805,0.0,0,0,4,0,8422,0.0,45,0.0,0.0,0.0,0.0,0.0,0,0,0,0,0.0,0,0,0,0,0,0,0,0,0,0,0,0,0,0,0,0,0,0,0,0,0,0,0,0,0,0,0,0,0,0,0,0,0,38,14,7,45,65476,0,300,0,0,8,21553,0.0,-107605600.0,0.0,0.0,0.0,0.0,0.0,0.0,0.0,0.0,0.0,0.0,0.0,0.0,0.0,0.0,0.0,0.0,0.0,0.0,0.0,0.0,0.0,2.004,-0.0,0.0,0.0,0.0,0.0,0.0,4979.0,-2.004,0.0,0.0,0.0,-107615280.0,2.718429300292151e+23,0.0,0.0,0.0,0.0,53,-0.0,1.905685750968484e+17,0.0,0.0,0.0,0.0,0.0,0.0,0.0,0,0,0,0.0,0.0,0.0,0.0,0.0,0.0,0.0,0.0,0.0,0.0,0.0,0.0,0.0,0.0,0.0,0.0,0,-107875648.0,53,0.0,106,-107614832.0,0.0,ERR,ERR,ERR,ERR,ERR,ERR,ERR,ERR,ERR,ERR,ERR,ERR,ERR,ERR,ERR,ERR,ERR,ERR,ERR,ERR,ERR,ERR,ERR,ERR,ERR,ERR,ERR,ERR,ERR,ERR,ERR,ERR,ERR,ERR,ERR,ERR,ERR,ERR,ERR,ERR,ERR,ERR,ERR,ERR,ERR,ERR,ERR,ERR,ERR,ERR,ERR,ERR,ERR,ERR,ERR,ERR,ERR,ERR,ERR,ERR,ERR,ERR,ERR,ERR,ERR,ERR,ERR,50.0,60.0,100,0.0,0.0,0.0,0.0,0.0,0.0,0.0,0.0,0.0,0.0,0.0,0.0,0.0,0.0,0.0,0.0,61.6,73,14,65512,50,65476,0,300,0,0,8,20529,65476,0,0,26214,60.0,0.0,0.0,0.0,0.0,0.0
2026-05-17T18:28:53,ERR,ERR,ERR,ERR,ERR,ERR,ERR,ERR,ERR,ERR,ERR,ERR,ERR,ERR,ERR,ERR,ERR,ERR,ERR,ERR,ERR,ERR,ERR,ERR,ERR,ERR,ERR,ERR,ERR,ERR,ERR,ERR,ERR,ERR,ERR,ERR,ERR,ERR,ERR,ERR,ERR,ERR,ERR,ERR,ERR,ERR,ERR,ERR,ERR,ERR,ERR,ERR,ERR,ERR,ERR,ERR,ERR,ERR,ERR,ERR,ERR,ERR,ERR,ERR,ERR,ERR,ERR,ERR,ERR,ERR,ERR,ERR,ERR,ERR,ERR,ERR,ERR,ERR,ERR,ERR,ERR,ERR,ERR,ERR,ERR,ERR,ERR,ERR,ERR,ERR,ERR,ERR,ERR,ERR,ERR,ERR,ERR,ERR,ERR,ERR,ERR,ERR,ERR,ERR,ERR,ERR,ERR,ERR,ERR,ERR,ERR,ERR,ERR,ERR,ERR,ERR,ERR,ERR,ERR,ERR,ERR,ERR,ERR,ERR,ERR,0.0,0.0,0.0,0.0,0.0,1.3936040501711995e+18,7.805,0.0,0,0,4,0,8422,0.0,45,0.0,0.0,0.0,0.0,0.0,0,0,0,0,0.0,0,0,0,0,0,0,0,0,0,0,0,0,0,0,0,0,0,0,0,0,0,0,0,0,0,0,0,0,0,0,0,0,0,38,14,7,45,65476,0,300,0,0,8,21553,0.0,-107605600.0,0.0,0.0,0.0,0.0,0.0,0.0,0.0,0.0,0.0,0.0,0.0,0.0,-2.596148429267414e+33,0.0,0.0,0.0,0.0,0.0,0.0,0.0,0.0,2.004,-0.0,0.0,0.0,0.0,0.0,0.0,4980.0,1.587929164219617e+29,0.0,0.0,0.0,-107615280.0,2.718429300292151e+23,0.0,0.0,0.0,0.0,53,5.848083413016271e+35,-4.950400744235881e+32,0.0,0.0,0.0,0.0,0.0,0.0,0.0,0,0,0,0.0,0.0,0.0,0.0,0.0,0.0,0.0,0.0,0.0,0.0,0.0,0.0,0.0,0.0,0.0,0.0,0,-107875648.0,53,0.0,106,-107614832.0,0.0,ERR,ERR,ERR,ERR,ERR,ERR,ERR,ERR,ERR,ERR,ERR,ERR,ERR,ERR,ERR,ERR,ERR,ERR,ERR,ERR,ERR,ERR,ERR,ERR,ERR,ERR,ERR,ERR,ERR,ERR,ERR,ERR,ERR,ERR,ERR,ERR,ERR,ERR,ERR,ERR,ERR,ERR,ERR,ERR,ERR,ERR,ERR,ERR,ERR,ERR,ERR,ERR,ERR,ERR,ERR,ERR,ERR,ERR,ERR,ERR,ERR,ERR,ERR,ERR,ERR,ERR,ERR,50.0,60.0,100,0.0,0.0,0.0,0.0,0.0,0.0,0.0,0.0,0.0,0.0,0.0,0.0,0.0,0.0,0.0,0.0,61.6,73,14,65512,50,65476,0,300,0,0,8,20529,65476,0,0,26214,60.0,0.0,0.0,0.0,0.0,0.0
2026-05-17T18:28:54,ERR,ERR,ERR,ERR,ERR,ERR,ERR,ERR,ERR,ERR,ERR,ERR,ERR,ERR,ERR,ERR,ERR,ERR,ERR,ERR,ERR,ERR,ERR,ERR,ERR,ERR,ERR,ERR,ERR,ERR,ERR,ERR,ERR,ERR,ERR,ERR,ERR,ERR,ERR,ERR,ERR,ERR,ERR,ERR,ERR,ERR,ERR,ERR,ERR,ERR,ERR,ERR,ERR,ERR,ERR,ERR,ERR,ERR,ERR,ERR,ERR,ERR,ERR,ERR,ERR,ERR,ERR,ERR,ERR,ERR,ERR,ERR,ERR,ERR,ERR,ERR,ERR,ERR,ERR,ERR,ERR,ERR,ERR,ERR,ERR,ERR,ERR,ERR,ERR,ERR,ERR,ERR,ERR,ERR,ERR,ERR,ERR,ERR,ERR,ERR,ERR,ERR,ERR,ERR,ERR,ERR,ERR,ERR,ERR,ERR,ERR,ERR,ERR,ERR,ERR,ERR,ERR,ERR,ERR,ERR,ERR,ERR,ERR,ERR,ERR,0.0,0.0,0.0,0.0,0.0,1.3936040501711995e+18,7.805,0.0,0,0,4,0,8422,0.0,45,0.0,0.0,0.0,0.0,0.0,0,0,0,0,0.0,0,0,0,0,0,0,0,0,0,0,0,0,0,0,0,0,0,0,0,0,0,0,0,0,0,0,0,0,0,0,0,0,0,38,14,7,45,65476,0,300,0,0,8,21553,0.0,-107605600.0,0.0,0.0,0.0,0.0,0.0,0.0,0.0,0.0,0.0,0.0,0.0,0.0,-2.596148429267414e+33,0.0,0.0,0.0,0.0,0.0,0.0,0.0,0.0,2.004,-0.0,0.0,0.0,0.0,0.0,0.0,4980.0,1.587929164219617e+29,0.0,0.0,0.0,-107615280.0,2.718429300292151e+23,0.0,0.0,0.0,0.0,53,5.848083413016271e+35,-4.950400744235881e+32,0.0,0.0,0.0,0.0,0.0,0.0,0.0,0,0,0,0.0,0.0,0.0,0.0,0.0,0.0,0.0,0.0,0.0,0.0,0.0,0.0,0.0,0.0,0.0,0.0,0,-107875648.0,53,0.0,106,-107614832.0,0.0,ERR,ERR,ERR,ERR,ERR,ERR,ERR,ERR,ERR,ERR,ERR,ERR,ERR,ERR,ERR,ERR,ERR,ERR,ERR,ERR,ERR,ERR,ERR,ERR,ERR,ERR,ERR,ERR,ERR,ERR,ERR,ERR,ERR,ERR,ERR,ERR,ERR,ERR,ERR,ERR,ERR,ERR,ERR,ERR,ERR,ERR,ERR,ERR,ERR,ERR,ERR,ERR,ERR,ERR,ERR,ERR,ERR,ERR,ERR,ERR,ERR,ERR,ERR,ERR,ERR,ERR,ERR,50.0,60.0,100,0.0,0.0,0.0,0.0,0.0,0.0,0.0,0.0,0.0,0.0,0.0,0.0,0.0,0.0,0.0,0.0,61.6,73,14,65512,50,65476,0,300,0,0,8,20529,65476,0,0,26214,60.0,0.0,0.0,0.0,0.0,0.0
2026-05-17T18:28:55,ERR,ERR,ERR,ERR,ERR,ERR,ERR,ERR,ERR,ERR,ERR,ERR,ERR,ERR,ERR,ERR,ERR,ERR,ERR,ERR,ERR,ERR,ERR,ERR,ERR,ERR,ERR,ERR,ERR,ERR,ERR,ERR,ERR,ERR,ERR,ERR,ERR,ERR,ERR,ERR,ERR,ERR,ERR,ERR,ERR,ERR,ERR,ERR,ERR,ERR,ERR,ERR,ERR,ERR,ERR,ERR,ERR,ERR,ERR,ERR,ERR,ERR,ERR,ERR,ERR,ERR,ERR,ERR,ERR,ERR,ERR,ERR,ERR,ERR,ERR,ERR,ERR,ERR,ERR,ERR,ERR,ERR,ERR,ERR,ERR,ERR,ERR,ERR,ERR,ERR,ERR,ERR,ERR,ERR,ERR,ERR,ERR,ERR,ERR,ERR,ERR,ERR,ERR,ERR,ERR,ERR,ERR,ERR,ERR,ERR,ERR,ERR,ERR,ERR,ERR,ERR,ERR,ERR,ERR,ERR,ERR,ERR,ERR,ERR,ERR,0.0,0.0,0.0,0.0,0.0,1.3936040501711995e+18,7.805,0.0,0,0,4,0,8422,0.0,45,0.0,0.0,0.0,0.0,0.0,0,0,0,0,0.0,0,0,0,0,0,0,0,0,0,0,0,0,0,0,0,0,0,0,0,0,0,0,0,0,0,0,0,0,0,0,0,0,0,38,14,7,45,65476,0,300,0,0,8,21553,0.0,-107605600.0,0.0,0.0,0.0,0.0,0.0,0.0,0.0,0.0,0.0,0.0,0.0,0.0,-2.596148429267414e+33,0.0,0.0,0.0,0.0,0.0,0.0,0.0,0.0,2.004,-0.0,0.0,0.0,0.0,0.0,0.0,4980.0,1.587929164219617e+29,0.0,0.0,0.0,-107615280.0,2.718429300292151e+23,0.0,0.0,0.0,0.0,53,5.848083413016271e+35,-4.950400744235881e+32,0.0,0.0,0.0,0.0,0.0,0.0,0.0,0,0,0,0.0,0.0,0.0,0.0,0.0,0.0,0.0,0.0,0.0,0.0,0.0,0.0,0.0,0.0,0.0,0.0,0,-107875648.0,53,0.0,106,-107614832.0,0.0,ERR,ERR,ERR,ERR,ERR,ERR,ERR,ERR,ERR,ERR,ERR,ERR,ERR,ERR,ERR,ERR,ERR,ERR,ERR,ERR,ERR,ERR,ERR,ERR,ERR,ERR,ERR,ERR,ERR,ERR,ERR,ERR,ERR,ERR,ERR,ERR,ERR,ERR,ERR,ERR,ERR,ERR,ERR,ERR,ERR,ERR,ERR,ERR,ERR,ERR,ERR,ERR,ERR,ERR,ERR,ERR,ERR,ERR,ERR,ERR,ERR,ERR,ERR,ERR,ERR,ERR,ERR,50.0,60.0,100,0.0,0.0,0.0,0.0,0.0,0.0,0.0,0.0,0.0,0.0,0.0,0.0,0.0,0.0,0.0,0.0,61.6,73,14,65512,50,65476,0,300,0,0,8,20529,65476,0,0,26214,60.0,0.0,0.0,0.0,0.0,0.0
2026-05-17T18:28:56,ERR,ERR,ERR,ERR,ERR,ERR,ERR,ERR,ERR,ERR,ERR,ERR,ERR,ERR,ERR,ERR,ERR,ERR,ERR,ERR,ERR,ERR,ERR,ERR,ERR,ERR,ERR,ERR,ERR,ERR,ERR,ERR,ERR,ERR,ERR,ERR,ERR,ERR,ERR,ERR,ERR,ERR,ERR,ERR,ERR,ERR,ERR,ERR,ERR,ERR,ERR,ERR,ERR,ERR,ERR,ERR,ERR,ERR,ERR,ERR,ERR,ERR,ERR,ERR,ERR,ERR,ERR,ERR,ERR,ERR,ERR,ERR,ERR,ERR,ERR,ERR,ERR,ERR,ERR,ERR,ERR,ERR,ERR,ERR,ERR,ERR,ERR,ERR,ERR,ERR,ERR,ERR,ERR,ERR,ERR,ERR,ERR,ERR,ERR,ERR,ERR,ERR,ERR,ERR,ERR,ERR,ERR,ERR,ERR,ERR,ERR,ERR,ERR,ERR,ERR,ERR,ERR,ERR,ERR,ERR,ERR,ERR,ERR,ERR,ERR,0.0,0.0,0.0,0.0,0.0,1.3936040501711995e+18,7.805,0.0,0,0,4,0,8422,0.0,45,0.0,0.0,0.0,0.0,0.0,0,0,0,0,0.0,0,0,0,0,0,0,0,0,0,0,0,0,0,0,0,0,0,0,0,0,0,0,0,0,0,0,0,0,0,0,0,0,0,38,14,7,45,65476,0,300,0,0,8,21553,0.0,-107605600.0,0.0,0.0,0.0,0.0,0.0,0.0,0.0,0.0,0.0,0.0,0.0,0.0,-2.596148429267414e+33,0.0,0.0,0.0,0.0,0.0,0.0,0.0,0.0,2.004,-0.0,0.0,0.0,0.0,0.0,0.0,4980.0,1.587929164219617e+29,0.0,0.0,0.0,-107615280.0,2.718429300292151e+23,0.0,0.0,0.0,0.0,53,5.848083413016271e+35,-4.950400744235881e+32,0.0,0.0,0.0,0.0,0.0,0.0,0.0,0,0,0,0.0,0.0,0.0,0.0,0.0,0.0,0.0,0.0,0.0,0.0,0.0,0.0,0.0,0.0,0.0,0.0,0,-107875648.0,53,0.0,106,-107614832.0,0.0,ERR,ERR,ERR,ERR,ERR,ERR,ERR,ERR,ERR,ERR,ERR,ERR,ERR,ERR,ERR,ERR,ERR,ERR,ERR,ERR,ERR,ERR,ERR,ERR,ERR,ERR,ERR,ERR,ERR,ERR,ERR,ERR,ERR,ERR,ERR,ERR,ERR,ERR,ERR,ERR,ERR,ERR,ERR,ERR,ERR,ERR,ERR,ERR,ERR,ERR,ERR,ERR,ERR,ERR,ERR,ERR,ERR,ERR,ERR,ERR,ERR,ERR,ERR,ERR,ERR,ERR,ERR,50.0,60.0,100,0.0,0.0,0.0,0.0,0.0,0.0,0.0,0.0,0.0,0.0,0.0,0.0,0.0,0.0,0.0,0.0,61.6,73,14,65512,50,65476,0,300,0,0,8,20529,65476,0,0,26214,60.0,0.0,0.0,0.0,0.0,0.0
2026-05-17T18:28:57,ERR,ERR,ERR,ERR,ERR,ERR,ERR,ERR,ERR,ERR,ERR,ERR,ERR,ERR,ERR,ERR,ERR,ERR,ERR,ERR,ERR,ERR,ERR,ERR,ERR,ERR,ERR,ERR,ERR,ERR,ERR,ERR,ERR,ERR,ERR,ERR,ERR,ERR,ERR,ERR,ERR,ERR,ERR,ERR,ERR,ERR,ERR,ERR,ERR,ERR,ERR,ERR,ERR,ERR,ERR,ERR,ERR,ERR,ERR,ERR,ERR,ERR,ERR,ERR,ERR,ERR,ERR,ERR,ERR,ERR,ERR,ERR,ERR,ERR,ERR,ERR,ERR,ERR,ERR,ERR,ERR,ERR,ERR,ERR,ERR,ERR,ERR,ERR,ERR,ERR,ERR,ERR,ERR,ERR,ERR,ERR,ERR,ERR,ERR,ERR,ERR,ERR,ERR,ERR,ERR,ERR,ERR,ERR,ERR,ERR,ERR,ERR,ERR,ERR,ERR,ERR,ERR,ERR,ERR,ERR,ERR,ERR,ERR,ERR,ERR,0.0,0.0,0.0,0.0,0.0,1.3936040501711995e+18,7.805,0.0,0,0,4,0,8422,0.0,45,0.0,0.0,0.0,0.0,0.0,0,0,0,0,0.0,0,0,0,0,0,0,0,0,0,0,0,0,0,0,0,0,0,0,0,0,0,0,0,0,0,0,0,0,0,0,0,0,0,38,14,7,45,65476,0,300,0,0,8,21553,0.0,-107605600.0,0.0,0.0,0.0,0.0,0.0,0.0,0.0,0.0,0.0,0.0,0.0,0.0,-2.596148429267414e+33,0.0,0.0,0.0,0.0,0.0,0.0,0.0,0.0,2.004,-0.0,0.0,0.0,0.0,0.0,0.0,4980.0,1.587929164219617e+29,0.0,0.0,0.0,-107615280.0,2.718429300292151e+23,0.0,0.0,0.0,0.0,53,5.848083413016271e+35,-4.950400744235881e+32,0.0,0.0,0.0,0.0,0.0,0.0,0.0,0,0,0,0.0,0.0,0.0,0.0,0.0,0.0,0.0,0.0,0.0,0.0,0.0,0.0,0.0,0.0,0.0,0.0,0,-107875648.0,53,0.0,106,-107614832.0,0.0,ERR,ERR,ERR,ERR,ERR,ERR,ERR,ERR,ERR,ERR,ERR,ERR,ERR,ERR,ERR,ERR,ERR,ERR,ERR,ERR,ERR,ERR,ERR,ERR,ERR,ERR,ERR,ERR,ERR,ERR,ERR,ERR,ERR,ERR,ERR,ERR,ERR,ERR,ERR,ERR,ERR,ERR,ERR,ERR,ERR,ERR,ERR,ERR,ERR,ERR,ERR,ERR,ERR,ERR,ERR,ERR,ERR,ERR,ERR,ERR,ERR,ERR,ERR,ERR,ERR,ERR,ERR,50.0,60.0,100,0.0,0.0,0.0,0.0,0.0,0.0,0.0,0.0,0.0,0.0,0.0,0.0,0.0,0.0,0.0,0.0,61.6,73,14,65512,50,65476,0,300,0,0,8,20529,65476,0,0,26214,60.0,0.0,0.0,0.0,0.0,0.0
2026-05-17T18:28:58,ERR,ERR,ERR,ERR,ERR,ERR,ERR,ERR,ERR,ERR,ERR,ERR,ERR,ERR,ERR,ERR,ERR,ERR,ERR,ERR,ERR,ERR,ERR,ERR,ERR,ERR,ERR,ERR,ERR,ERR,ERR,ERR,ERR,ERR,ERR,ERR,ERR,ERR,ERR,ERR,ERR,ERR,ERR,ERR,ERR,ERR,ERR,ERR,ERR,ERR,ERR,ERR,ERR,ERR,ERR,ERR,ERR,ERR,ERR,ERR,ERR,ERR,ERR,ERR,ERR,ERR,ERR,ERR,ERR,ERR,ERR,ERR,ERR,ERR,ERR,ERR,ERR,ERR,ERR,ERR,ERR,ERR,ERR,ERR,ERR,ERR,ERR,ERR,ERR,ERR,ERR,ERR,ERR,ERR,ERR,ERR,ERR,ERR,ERR,ERR,ERR,ERR,ERR,ERR,ERR,ERR,ERR,ERR,ERR,ERR,ERR,ERR,ERR,ERR,ERR,ERR,ERR,ERR,ERR,ERR,ERR,ERR,ERR,ERR,ERR,0.0,0.0,0.0,0.0,0.0,1.3936040501711995e+18,7.805,0.0,0,0,4,0,8422,0.0,45,0.0,0.0,0.0,0.0,0.0,0,0,0,0,0.0,0,0,0,0,0,0,0,0,0,0,0,0,0,0,0,0,0,0,0,0,0,0,0,0,0,0,0,0,0,0,0,0,0,38,14,7,45,65476,0,300,0,0,8,21553,0.0,-107605600.0,0.0,0.0,0.0,0.0,0.0,0.0,0.0,0.0,0.0,0.0,0.0,0.0,0.0,0.0,0.0,0.0,0.0,0.0,0.0,0.0,0.0,2.004,-0.0,0.0,0.0,0.0,0.0,0.0,4977.0,-3.6971856938200465e+19,0.0,0.0,0.0,-107615280.0,2.718429300292151e+23,0.0,0.0,0.0,0.0,53,3.222028592685471e+26,-0.0,0.0,0.0,0.0,0.0,0.0,0.0,0.0,0,0,0,0.0,0.0,0.0,0.0,0.0,0.0,0.0,0.0,0.0,0.0,0.0,0.0,0.0,0.0,0.0,0.0,0,-107875648.0,53,0.0,106,-107614832.0,0.0,ERR,ERR,ERR,ERR,ERR,ERR,ERR,ERR,ERR,ERR,ERR,ERR,ERR,ERR,ERR,ERR,ERR,ERR,ERR,ERR,ERR,ERR,ERR,ERR,ERR,ERR,ERR,ERR,ERR,ERR,ERR,ERR,ERR,ERR,ERR,ERR,ERR,ERR,ERR,ERR,ERR,ERR,ERR,ERR,ERR,ERR,ERR,ERR,ERR,ERR,ERR,ERR,ERR,ERR,ERR,ERR,ERR,ERR,ERR,ERR,ERR,ERR,ERR,ERR,ERR,ERR,ERR,50.0,60.0,100,0.0,0.0,0.0,0.0,0.0,0.0,0.0,0.0,0.0,0.0,0.0,0.0,0.0,0.0,0.0,0.0,61.6,73,14,65512,50,65476,0,300,0,0,8,20529,65476,0,0,26214,60.0,0.0,0.0,0.0,0.0,0.0
2026-05-17T18:28:59,ERR,ERR,ERR,ERR,ERR,ERR,ERR,ERR,ERR,ERR,ERR,ERR,ERR,ERR,ERR,ERR,ERR,ERR,ERR,ERR,ERR,ERR,ERR,ERR,ERR,ERR,ERR,ERR,ERR,ERR,ERR,ERR,ERR,ERR,ERR,ERR,ERR,ERR,ERR,ERR,ERR,ERR,ERR,ERR,ERR,ERR,ERR,ERR,ERR,ERR,ERR,ERR,ERR,ERR,ERR,ERR,ERR,ERR,ERR,ERR,ERR,ERR,ERR,ERR,ERR,ERR,ERR,ERR,ERR,ERR,ERR,ERR,ERR,ERR,ERR,ERR,ERR,ERR,ERR,ERR,ERR,ERR,ERR,ERR,ERR,ERR,ERR,ERR,ERR,ERR,ERR,ERR,ERR,ERR,ERR,ERR,ERR,ERR,ERR,ERR,ERR,ERR,ERR,ERR,ERR,ERR,ERR,ERR,ERR,ERR,ERR,ERR,ERR,ERR,ERR,ERR,ERR,ERR,ERR,ERR,ERR,ERR,ERR,ERR,ERR,0.0,0.0,0.0,0.0,0.0,1.3936040501711995e+18,7.805,0.0,0,0,4,0,8422,0.0,45,0.0,0.0,0.0,0.0,0.0,0,0,0,0,0.0,0,0,0,0,0,0,0,0,0,0,0,0,0,0,0,0,0,0,0,0,0,0,0,0,0,0,0,0,0,0,0,0,0,38,14,7,45,65476,0,300,0,0,8,21553,0.0,-107605600.0,0.0,0.0,0.0,0.0,0.0,0.0,0.0,0.0,0.0,0.0,0.0,0.0,0.0,0.0,0.0,0.0,0.0,0.0,0.0,0.0,0.0,2.004,-0.0,0.0,0.0,0.0,0.0,0.0,4977.0,-3.6971856938200465e+19,0.0,0.0,0.0,-107615280.0,2.718429300292151e+23,0.0,0.0,0.0,0.0,53,3.222028592685471e+26,-0.0,0.0,0.0,0.0,0.0,0.0,0.0,0.0,0,0,0,0.0,0.0,0.0,0.0,0.0,0.0,0.0,0.0,0.0,0.0,0.0,0.0,0.0,0.0,0.0,0.0,0,-107875648.0,53,0.0,106,-107614832.0,0.0,ERR,ERR,ERR,ERR,ERR,ERR,ERR,ERR,ERR,ERR,ERR,ERR,ERR,ERR,ERR,ERR,ERR,ERR,ERR,ERR,ERR,ERR,ERR,ERR,ERR,ERR,ERR,ERR,ERR,ERR,ERR,ERR,ERR,ERR,ERR,ERR,ERR,ERR,ERR,ERR,ERR,ERR,ERR,ERR,ERR,ERR,ERR,ERR,ERR,ERR,ERR,ERR,ERR,ERR,ERR,ERR,ERR,ERR,ERR,ERR,ERR,ERR,ERR,ERR,ERR,ERR,ERR,50.0,60.0,100,0.0,0.0,0.0,0.0,0.0,0.0,0.0,0.0,0.0,0.0,0.0,0.0,0.0,0.0,0.0,0.0,61.6,73,14,65512,50,65476,0,300,0,0,8,20529,65476,0,0,26214,60.0,0.0,0.0,0.0,0.0,0.0
2026-05-17T18:29:00,ERR,ERR,ERR,ERR,ERR,ERR,ERR,ERR,ERR,ERR,ERR,ERR,ERR,ERR,ERR,ERR,ERR,ERR,ERR,ERR,ERR,ERR,ERR,ERR,ERR,ERR,ERR,ERR,ERR,ERR,ERR,ERR,ERR,ERR,ERR,ERR,ERR,ERR,ERR,ERR,ERR,ERR,ERR,ERR,ERR,ERR,ERR,ERR,ERR,ERR,ERR,ERR,ERR,ERR,ERR,ERR,ERR,ERR,ERR,ERR,ERR,ERR,ERR,ERR,ERR,ERR,ERR,ERR,ERR,ERR,ERR,ERR,ERR,ERR,ERR,ERR,ERR,ERR,ERR,ERR,ERR,ERR,ERR,ERR,ERR,ERR,ERR,ERR,ERR,ERR,ERR,ERR,ERR,ERR,ERR,ERR,ERR,ERR,ERR,ERR,ERR,ERR,ERR,ERR,ERR,ERR,ERR,ERR,ERR,ERR,ERR,ERR,ERR,ERR,ERR,ERR,ERR,ERR,ERR,ERR,ERR,ERR,ERR,ERR,ERR,0.0,0.0,0.0,0.0,0.0,1.3936040501711995e+18,7.805,0.0,0,0,4,0,8422,0.0,45,0.0,0.0,0.0,0.0,0.0,0,0,0,0,0.0,0,0,0,0,0,0,0,0,0,0,0,0,0,0,0,0,0,0,0,0,0,0,0,0,0,0,0,0,0,0,0,0,0,38,14,7,45,65476,0,300,0,0,8,21553,0.0,-107605600.0,0.0,0.0,0.0,0.0,0.0,0.0,0.0,0.0,0.0,0.0,0.0,0.0,0.0,0.0,0.0,0.0,0.0,0.0,0.0,0.0,0.0,2.004,-0.0,0.0,0.0,0.0,0.0,0.0,4977.0,-3.6971856938200465e+19,0.0,0.0,0.0,-107615280.0,2.718429300292151e+23,0.0,0.0,0.0,0.0,53,3.222028592685471e+26,-0.0,0.0,0.0,0.0,0.0,0.0,0.0,0.0,0,0,0,0.0,0.0,0.0,0.0,0.0,0.0,0.0,0.0,0.0,0.0,0.0,0.0,0.0,0.0,0.0,0.0,0,-107875648.0,53,0.0,106,-107614832.0,0.0,ERR,ERR,ERR,ERR,ERR,ERR,ERR,ERR,ERR,ERR,ERR,ERR,ERR,ERR,ERR,ERR,ERR,ERR,ERR,ERR,ERR,ERR,ERR,ERR,ERR,ERR,ERR,ERR,ERR,ERR,ERR,ERR,ERR,ERR,ERR,ERR,ERR,ERR,ERR,ERR,ERR,ERR,ERR,ERR,ERR,ERR,ERR,ERR,ERR,ERR,ERR,ERR,ERR,ERR,ERR,ERR,ERR,ERR,ERR,ERR,ERR,ERR,ERR,ERR,ERR,ERR,ERR,50.0,60.0,100,0.0,0.0,0.0,0.0,0.0,0.0,0.0,0.0,0.0,0.0,0.0,0.0,0.0,0.0,0.0,0.0,61.6,73,14,65512,50,65476,0,300,0,0,8,20529,65476,0,0,26214,60.0,0.0,0.0,0.0,0.0,0.0
2026-05-17T18:29:01,ERR,ERR,ERR,ERR,ERR,ERR,ERR,ERR,ERR,ERR,ERR,ERR,ERR,ERR,ERR,ERR,ERR,ERR,ERR,ERR,ERR,ERR,ERR,ERR,ERR,ERR,ERR,ERR,ERR,ERR,ERR,ERR,ERR,ERR,ERR,ERR,ERR,ERR,ERR,ERR,ERR,ERR,ERR,ERR,ERR,ERR,ERR,ERR,ERR,ERR,ERR,ERR,ERR,ERR,ERR,ERR,ERR,ERR,ERR,ERR,ERR,ERR,ERR,ERR,ERR,ERR,ERR,ERR,ERR,ERR,ERR,ERR,ERR,ERR,ERR,ERR,ERR,ERR,ERR,ERR,ERR,ERR,ERR,ERR,ERR,ERR,ERR,ERR,ERR,ERR,ERR,ERR,ERR,ERR,ERR,ERR,ERR,ERR,ERR,ERR,ERR,ERR,ERR,ERR,ERR,ERR,ERR,ERR,ERR,ERR,ERR,ERR,ERR,ERR,ERR,ERR,ERR,ERR,ERR,ERR,ERR,ERR,ERR,ERR,ERR,0.0,0.0,0.0,0.0,0.0,1.3936040501711995e+18,7.805,0.0,0,0,4,0,8422,0.0,45,0.0,0.0,0.0,0.0,0.0,0,0,0,0,0.0,0,0,0,0,0,0,0,0,0,0,0,0,0,0,0,0,0,0,0,0,0,0,0,0,0,0,0,0,0,0,0,0,0,38,14,7,45,65476,0,300,0,0,8,21553,0.0,-107605600.0,0.0,0.0,0.0,0.0,0.0,0.0,0.0,0.0,0.0,0.0,0.0,0.0,0.0,0.0,0.0,0.0,0.0,0.0,0.0,0.0,0.0,2.004,-0.0,0.0,0.0,0.0,0.0,0.0,4977.0,-3.6971856938200465e+19,0.0,0.0,0.0,-107615280.0,2.718429300292151e+23,0.0,0.0,0.0,0.0,53,3.222028592685471e+26,-0.0,0.0,0.0,0.0,0.0,0.0,0.0,0.0,0,0,0,0.0,0.0,0.0,0.0,0.0,0.0,0.0,0.0,0.0,0.0,0.0,0.0,0.0,0.0,0.0,0.0,0,-107875648.0,53,0.0,106,-107614832.0,0.0,ERR,ERR,ERR,ERR,ERR,ERR,ERR,ERR,ERR,ERR,ERR,ERR,ERR,ERR,ERR,ERR,ERR,ERR,ERR,ERR,ERR,ERR,ERR,ERR,ERR,ERR,ERR,ERR,ERR,ERR,ERR,ERR,ERR,ERR,ERR,ERR,ERR,ERR,ERR,ERR,ERR,ERR,ERR,ERR,ERR,ERR,ERR,ERR,ERR,ERR,ERR,ERR,ERR,ERR,ERR,ERR,ERR,ERR,ERR,ERR,ERR,ERR,ERR,ERR,ERR,ERR,ERR,50.0,60.0,100,0.0,0.0,0.0,0.0,0.0,0.0,0.0,0.0,0.0,0.0,0.0,0.0,0.0,0.0,0.0,0.0,62.0,73,14,65512,50,65476,0,300,0,0,8,20529,65476,0,0,26214,60.0,0.0,0.0,0.0,0.0,0.0
2026-05-17T18:29:02,ERR,ERR,ERR,ERR,ERR,ERR,ERR,ERR,ERR,ERR,ERR,ERR,ERR,ERR,ERR,ERR,ERR,ERR,ERR,ERR,ERR,ERR,ERR,ERR,ERR,ERR,ERR,ERR,ERR,ERR,ERR,ERR,ERR,ERR,ERR,ERR,ERR,ERR,ERR,ERR,ERR,ERR,ERR,ERR,ERR,ERR,ERR,ERR,ERR,ERR,ERR,ERR,ERR,ERR,ERR,ERR,ERR,ERR,ERR,ERR,ERR,ERR,ERR,ERR,ERR,ERR,ERR,ERR,ERR,ERR,ERR,ERR,ERR,ERR,ERR,ERR,ERR,ERR,ERR,ERR,ERR,ERR,ERR,ERR,ERR,ERR,ERR,ERR,ERR,ERR,ERR,ERR,ERR,ERR,ERR,ERR,ERR,ERR,ERR,ERR,ERR,ERR,ERR,ERR,ERR,ERR,ERR,ERR,ERR,ERR,ERR,ERR,ERR,ERR,ERR,ERR,ERR,ERR,ERR,ERR,ERR,ERR,ERR,ERR,ERR,0.0,0.0,0.0,0.0,0.0,1.3936040501711995e+18,7.805,0.0,0,0,4,0,8422,0.0,45,0.0,0.0,0.0,0.0,0.0,0,0,0,0,0.0,0,0,0,0,0,0,0,0,0,0,0,0,0,0,0,0,0,0,0,0,0,0,0,0,0,0,0,0,0,0,0,0,0,38,14,7,45,65476,0,300,0,0,8,21553,0.0,-107605600.0,0.0,0.0,0.0,0.0,0.0,0.0,0.0,0.0,0.0,0.0,0.0,0.0,0.0,0.0,0.0,0.0,0.0,0.0,0.0,0.0,0.0,2.004,-0.0,0.0,0.0,0.0,0.0,0.0,4977.0,-3.6971856938200465e+19,0.0,0.0,0.0,-107615280.0,2.718429300292151e+23,0.0,0.0,0.0,0.0,53,3.222028592685471e+26,-0.0,0.0,0.0,0.0,0.0,0.0,0.0,0.0,0,0,0,0.0,0.0,0.0,0.0,0.0,0.0,0.0,0.0,0.0,0.0,0.0,0.0,0.0,0.0,0.0,0.0,0,-107875648.0,53,0.0,106,-107614832.0,0.0,ERR,ERR,ERR,ERR,ERR,ERR,ERR,ERR,ERR,ERR,ERR,ERR,ERR,ERR,ERR,ERR,ERR,ERR,ERR,ERR,ERR,ERR,ERR,ERR,ERR,ERR,ERR,ERR,ERR,ERR,ERR,ERR,ERR,ERR,ERR,ERR,ERR,ERR,ERR,ERR,ERR,ERR,ERR,ERR,ERR,ERR,ERR,ERR,ERR,ERR,ERR,ERR,ERR,ERR,ERR,ERR,ERR,ERR,ERR,ERR,ERR,ERR,ERR,ERR,ERR,ERR,ERR,50.0,60.0,100,0.0,0.0,0.0,0.0,0.0,0.0,0.0,0.0,0.0,0.0,0.0,0.0,0.0,0.0,0.0,0.0,61.6,73,14,65512,50,65476,0,300,0,0,8,20529,65476,0,0,26214,60.0,0.0,0.0,0.0,0.0,0.0
2026-05-17T18:29:03,ERR,ERR,ERR,ERR,ERR,ERR,ERR,ERR,ERR,ERR,ERR,ERR,ERR,ERR,ERR,ERR,ERR,ERR,ERR,ERR,ERR,ERR,ERR,ERR,ERR,ERR,ERR,ERR,ERR,ERR,ERR,ERR,ERR,ERR,ERR,ERR,ERR,ERR,ERR,ERR,ERR,ERR,ERR,ERR,ERR,ERR,ERR,ERR,ERR,ERR,ERR,ERR,ERR,ERR,ERR,ERR,ERR,ERR,ERR,ERR,ERR,ERR,ERR,ERR,ERR,ERR,ERR,ERR,ERR,ERR,ERR,ERR,ERR,ERR,ERR,ERR,ERR,ERR,ERR,ERR,ERR,ERR,ERR,ERR,ERR,ERR,ERR,ERR,ERR,ERR,ERR,ERR,ERR,ERR,ERR,ERR,ERR,ERR,ERR,ERR,ERR,ERR,ERR,ERR,ERR,ERR,ERR,ERR,ERR,ERR,ERR,ERR,ERR,ERR,ERR,ERR,ERR,ERR,ERR,ERR,ERR,ERR,ERR,ERR,ERR,0.0,0.0,0.0,0.0,0.0,1.3936040501711995e+18,7.805,0.0,0,0,4,0,8422,0.0,45,0.0,0.0,0.0,0.0,0.0,0,0,0,0,0.0,0,0,0,0,0,0,0,0,0,0,0,0,0,0,0,0,0,0,0,0,0,0,0,0,0,0,0,0,0,0,0,0,0,38,14,7,45,65476,0,300,0,0,8,21553,0.0,-107605600.0,0.0,0.0,0.0,0.0,0.0,0.0,0.0,0.0,0.0,0.0,0.0,0.0,0.0,0.0,0.0,0.0,0.0,0.0,0.0,0.0,0.0,2.004,-0.0,0.0,0.0,0.0,0.0,0.0,5018.0,0.0,0.0,0.0,0.0,-107615280.0,2.718429300292151e+23,0.0,0.0,0.0,0.0,53,-0.0,-71.629,0.0,0.0,0.0,0.0,0.0,0.0,0.0,0,0,0,0.0,0.0,0.0,0.0,0.0,0.0,0.0,0.0,0.0,0.0,0.0,0.0,0.0,0.0,0.0,0.0,0,-107875648.0,53,0.0,106,-107614832.0,0.0,ERR,ERR,ERR,ERR,ERR,ERR,ERR,ERR,ERR,ERR,ERR,ERR,ERR,ERR,ERR,ERR,ERR,ERR,ERR,ERR,ERR,ERR,ERR,ERR,ERR,ERR,ERR,ERR,ERR,ERR,ERR,ERR,ERR,ERR,ERR,ERR,ERR,ERR,ERR,ERR,ERR,ERR,ERR,ERR,ERR,ERR,ERR,ERR,ERR,ERR,ERR,ERR,ERR,ERR,ERR,ERR,ERR,ERR,ERR,ERR,ERR,ERR,ERR,ERR,ERR,ERR,ERR,50.0,60.0,100,0.0,0.0,0.0,0.0,0.0,0.0,0.0,0.0,0.0,0.0,0.0,0.0,0.0,0.0,0.0,0.0,61.6,73,14,65512,50,65476,0,300,0,0,8,20529,65476,0,0,26214,60.0,0.0,0.0,0.0,0.0,0.0
2026-05-17T18:29:04,ERR,ERR,ERR,ERR,ERR,ERR,ERR,ERR,ERR,ERR,ERR,ERR,ERR,ERR,ERR,ERR,ERR,ERR,ERR,ERR,ERR,ERR,ERR,ERR,ERR,ERR,ERR,ERR,ERR,ERR,ERR,ERR,ERR,ERR,ERR,ERR,ERR,ERR,ERR,ERR,ERR,ERR,ERR,ERR,ERR,ERR,ERR,ERR,ERR,ERR,ERR,ERR,ERR,ERR,ERR,ERR,ERR,ERR,ERR,ERR,ERR,ERR,ERR,ERR,ERR,ERR,ERR,ERR,ERR,ERR,ERR,ERR,ERR,ERR,ERR,ERR,ERR,ERR,ERR,ERR,ERR,ERR,ERR,ERR,ERR,ERR,ERR,ERR,ERR,ERR,ERR,ERR,ERR,ERR,ERR,ERR,ERR,ERR,ERR,ERR,ERR,ERR,ERR,ERR,ERR,ERR,ERR,ERR,ERR,ERR,ERR,ERR,ERR,ERR,ERR,ERR,ERR,ERR,ERR,ERR,ERR,ERR,ERR,ERR,ERR,0.0,0.0,0.0,0.0,0.0,1.3936040501711995e+18,7.805,0.0,0,0,4,0,8422,0.0,45,0.0,0.0,0.0,0.0,0.0,0,0,0,0,0.0,0,0,0,0,0,0,0,0,0,0,0,0,0,0,0,0,0,0,0,0,0,0,0,0,0,0,0,0,0,0,0,0,0,38,14,7,45,65476,0,300,0,0,8,21553,0.0,-107605600.0,0.0,0.0,0.0,0.0,0.0,0.0,0.0,0.0,0.0,0.0,0.0,0.0,0.0,0.0,0.0,0.0,0.0,0.0,0.0,0.0,0.0,2.004,-0.0,0.0,0.0,0.0,0.0,0.0,5018.0,0.0,0.0,0.0,0.0,-107615280.0,2.718429300292151e+23,0.0,0.0,0.0,0.0,53,-0.0,-71.629,0.0,0.0,0.0,0.0,0.0,0.0,0.0,0,0,0,0.0,0.0,0.0,0.0,0.0,0.0,0.0,0.0,0.0,0.0,0.0,0.0,0.0,0.0,0.0,0.0,0,-107875648.0,53,0.0,106,-107614832.0,0.0,ERR,ERR,ERR,ERR,ERR,ERR,ERR,ERR,ERR,ERR,ERR,ERR,ERR,ERR,ERR,ERR,ERR,ERR,ERR,ERR,ERR,ERR,ERR,ERR,ERR,ERR,ERR,ERR,ERR,ERR,ERR,ERR,ERR,ERR,ERR,ERR,ERR,ERR,ERR,ERR,ERR,ERR,ERR,ERR,ERR,ERR,ERR,ERR,ERR,ERR,ERR,ERR,ERR,ERR,ERR,ERR,ERR,ERR,ERR,ERR,ERR,ERR,ERR,ERR,ERR,ERR,ERR,50.0,60.0,100,0.0,0.0,0.0,0.0,0.0,0.0,0.0,0.0,0.0,0.0,0.0,0.0,0.0,0.0,0.0,0.0,62.0,73,14,65512,50,65476,0,300,0,0,8,20529,65476,0,0,26214,60.0,0.0,0.0,0.0,0.0,0.0
2026-05-17T18:29:05,ERR,ERR,ERR,ERR,ERR,ERR,ERR,ERR,ERR,ERR,ERR,ERR,ERR,ERR,ERR,ERR,ERR,ERR,ERR,ERR,ERR,ERR,ERR,ERR,ERR,ERR,ERR,ERR,ERR,ERR,ERR,ERR,ERR,ERR,ERR,ERR,ERR,ERR,ERR,ERR,ERR,ERR,ERR,ERR,ERR,ERR,ERR,ERR,ERR,ERR,ERR,ERR,ERR,ERR,ERR,ERR,ERR,ERR,ERR,ERR,ERR,ERR,ERR,ERR,ERR,ERR,ERR,ERR,ERR,ERR,ERR,ERR,ERR,ERR,ERR,ERR,ERR,ERR,ERR,ERR,ERR,ERR,ERR,ERR,ERR,ERR,ERR,ERR,ERR,ERR,ERR,ERR,ERR,ERR,ERR,ERR,ERR,ERR,ERR,ERR,ERR,ERR,ERR,ERR,ERR,ERR,ERR,ERR,ERR,ERR,ERR,ERR,ERR,ERR,ERR,ERR,ERR,ERR,ERR,ERR,ERR,ERR,ERR,ERR,ERR,0.0,0.0,0.0,0.0,0.0,1.3936040501711995e+18,7.805,0.0,0,0,4,0,8422,0.0,45,0.0,0.0,0.0,0.0,0.0,0,0,0,0,0.0,0,0,0,0,0,0,0,0,0,0,0,0,0,0,0,0,0,0,0,0,0,0,0,0,0,0,0,0,0,0,0,0,0,38,14,7,45,65476,0,300,0,0,8,21553,0.0,-107605600.0,0.0,0.0,0.0,0.0,0.0,0.0,0.0,0.0,0.0,0.0,0.0,0.0,0.0,0.0,0.0,0.0,0.0,0.0,0.0,0.0,0.0,2.004,-0.0,0.0,0.0,0.0,0.0,0.0,5018.0,0.0,0.0,0.0,0.0,-107615280.0,2.718429300292151e+23,0.0,0.0,0.0,0.0,53,-0.0,-71.629,0.0,0.0,0.0,0.0,0.0,0.0,0.0,0,0,0,0.0,0.0,0.0,0.0,0.0,0.0,0.0,0.0,0.0,0.0,0.0,0.0,0.0,0.0,0.0,0.0,0,-107875648.0,53,0.0,106,-107614832.0,0.0,ERR,ERR,ERR,ERR,ERR,ERR,ERR,ERR,ERR,ERR,ERR,ERR,ERR,ERR,ERR,ERR,ERR,ERR,ERR,ERR,ERR,ERR,ERR,ERR,ERR,ERR,ERR,ERR,ERR,ERR,ERR,ERR,ERR,ERR,ERR,ERR,ERR,ERR,ERR,ERR,ERR,ERR,ERR,ERR,ERR,ERR,ERR,ERR,ERR,ERR,ERR,ERR,ERR,ERR,ERR,ERR,ERR,ERR,ERR,ERR,ERR,ERR,ERR,ERR,ERR,ERR,ERR,50.0,60.0,100,0.0,0.0,0.0,0.0,0.0,0.0,0.0,0.0,0.0,0.0,0.0,0.0,0.0,0.0,0.0,0.0,62.0,73,14,65512,50,65476,0,300,0,0,8,20529,65476,0,0,26214,60.0,0.0,0.0,0.0,0.0,0.0
2026-05-17T18:29:06,ERR,ERR,ERR,ERR,ERR,ERR,ERR,ERR,ERR,ERR,ERR,ERR,ERR,ERR,ERR,ERR,ERR,ERR,ERR,ERR,ERR,ERR,ERR,ERR,ERR,ERR,ERR,ERR,ERR,ERR,ERR,ERR,ERR,ERR,ERR,ERR,ERR,ERR,ERR,ERR,ERR,ERR,ERR,ERR,ERR,ERR,ERR,ERR,ERR,ERR,ERR,ERR,ERR,ERR,ERR,ERR,ERR,ERR,ERR,ERR,ERR,ERR,ERR,ERR,ERR,ERR,ERR,ERR,ERR,ERR,ERR,ERR,ERR,ERR,ERR,ERR,ERR,ERR,ERR,ERR,ERR,ERR,ERR,ERR,ERR,ERR,ERR,ERR,ERR,ERR,ERR,ERR,ERR,ERR,ERR,ERR,ERR,ERR,ERR,ERR,ERR,ERR,ERR,ERR,ERR,ERR,ERR,ERR,ERR,ERR,ERR,ERR,ERR,ERR,ERR,ERR,ERR,ERR,ERR,ERR,ERR,ERR,ERR,ERR,ERR,0.0,0.0,0.0,0.0,0.0,1.3936040501711995e+18,7.805,0.0,0,0,4,0,8422,0.0,45,0.0,0.0,0.0,0.0,0.0,0,0,0,0,0.0,0,0,0,0,0,0,0,0,0,0,0,0,0,0,0,0,0,0,0,0,0,0,0,0,0,0,0,0,0,0,0,0,0,38,14,7,45,65476,0,300,0,0,8,21553,0.0,-107605600.0,0.0,0.0,0.0,0.0,0.0,0.0,0.0,0.0,0.0,0.0,0.0,0.0,0.0,0.0,0.0,0.0,0.0,0.0,0.0,0.0,0.0,2.004,-0.0,0.0,0.0,0.0,0.0,0.0,5018.0,0.0,0.0,0.0,0.0,-107615280.0,2.718429300292151e+23,0.0,0.0,0.0,0.0,53,-0.0,-71.629,0.0,0.0,0.0,0.0,0.0,0.0,0.0,0,0,0,0.0,0.0,0.0,0.0,0.0,0.0,0.0,0.0,0.0,0.0,0.0,0.0,0.0,0.0,0.0,0.0,0,-107875648.0,53,0.0,106,-107614832.0,0.0,ERR,ERR,ERR,ERR,ERR,ERR,ERR,ERR,ERR,ERR,ERR,ERR,ERR,ERR,ERR,ERR,ERR,ERR,ERR,ERR,ERR,ERR,ERR,ERR,ERR,ERR,ERR,ERR,ERR,ERR,ERR,ERR,ERR,ERR,ERR,ERR,ERR,ERR,ERR,ERR,ERR,ERR,ERR,ERR,ERR,ERR,ERR,ERR,ERR,ERR,ERR,ERR,ERR,ERR,ERR,ERR,ERR,ERR,ERR,ERR,ERR,ERR,ERR,ERR,ERR,ERR,ERR,50.0,60.0,100,0.0,0.0,0.0,0.0,0.0,0.0,0.0,0.0,0.0,0.0,0.0,0.0,0.0,0.0,0.0,0.0,62.0,73,14,65512,50,65476,0,300,0,0,8,20529,65476,0,0,26214,60.0,0.0,0.0,0.0,0.0,0.0
2026-05-17T18:29:07,ERR,ERR,ERR,ERR,ERR,ERR,ERR,ERR,ERR,ERR,ERR,ERR,ERR,ERR,ERR,ERR,ERR,ERR,ERR,ERR,ERR,ERR,ERR,ERR,ERR,ERR,ERR,ERR,ERR,ERR,ERR,ERR,ERR,ERR,ERR,ERR,ERR,ERR,ERR,ERR,ERR,ERR,ERR,ERR,ERR,ERR,ERR,ERR,ERR,ERR,ERR,ERR,ERR,ERR,ERR,ERR,ERR,ERR,ERR,ERR,ERR,ERR,ERR,ERR,ERR,ERR,ERR,ERR,ERR,ERR,ERR,ERR,ERR,ERR,ERR,ERR,ERR,ERR,ERR,ERR,ERR,ERR,ERR,ERR,ERR,ERR,ERR,ERR,ERR,ERR,ERR,ERR,ERR,ERR,ERR,ERR,ERR,ERR,ERR,ERR,ERR,ERR,ERR,ERR,ERR,ERR,ERR,ERR,ERR,ERR,ERR,ERR,ERR,ERR,ERR,ERR,ERR,ERR,ERR,ERR,ERR,ERR,ERR,ERR,ERR,0.0,0.0,0.0,0.0,0.0,1.3936040501711995e+18,7.805,0.0,0,0,4,0,8422,0.0,45,0.0,0.0,0.0,0.0,0.0,0,0,0,0,0.0,0,0,0,0,0,0,0,0,0,0,0,0,0,0,0,0,0,0,0,0,0,0,0,0,0,0,0,0,0,0,0,0,0,38,14,7,45,65476,0,300,0,0,8,21553,0.0,-107605600.0,0.0,0.0,0.0,0.0,0.0,0.0,0.0,0.0,0.0,0.0,0.0,0.0,0.0,0.0,0.0,0.0,0.0,0.0,0.0,0.0,0.0,2.004,-0.0,0.0,0.0,0.0,0.0,0.0,5018.0,0.0,0.0,0.0,0.0,-107615280.0,2.718429300292151e+23,0.0,0.0,0.0,0.0,53,-0.0,-71.629,0.0,0.0,0.0,0.0,0.0,0.0,0.0,0,0,0,0.0,0.0,0.0,0.0,0.0,0.0,0.0,0.0,0.0,0.0,0.0,0.0,0.0,0.0,0.0,0.0,0,-107875648.0,53,0.0,106,-107614832.0,0.0,ERR,ERR,ERR,ERR,ERR,ERR,ERR,ERR,ERR,ERR,ERR,ERR,ERR,ERR,ERR,ERR,ERR,ERR,ERR,ERR,ERR,ERR,ERR,ERR,ERR,ERR,ERR,ERR,ERR,ERR,ERR,ERR,ERR,ERR,ERR,ERR,ERR,ERR,ERR,ERR,ERR,ERR,ERR,ERR,ERR,ERR,ERR,ERR,ERR,ERR,ERR,ERR,ERR,ERR,ERR,ERR,ERR,ERR,ERR,ERR,ERR,ERR,ERR,ERR,ERR,ERR,ERR,50.0,60.0,100,0.0,0.0,0.0,0.0,0.0,0.0,0.0,0.0,0.0,0.0,0.0,0.0,0.0,0.0,0.0,0.0,62.0,73,14,65512,50,65476,0,300,0,0,8,20529,65476,0,0,26214,60.0,0.0,0.0,0.0,0.0,0.0
2026-05-17T18:29:08,ERR,ERR,ERR,ERR,ERR,ERR,ERR,ERR,ERR,ERR,ERR,ERR,ERR,ERR,ERR,ERR,ERR,ERR,ERR,ERR,ERR,ERR,ERR,ERR,ERR,ERR,ERR,ERR,ERR,ERR,ERR,ERR,ERR,ERR,ERR,ERR,ERR,ERR,ERR,ERR,ERR,ERR,ERR,ERR,ERR,ERR,ERR,ERR,ERR,ERR,ERR,ERR,ERR,ERR,ERR,ERR,ERR,ERR,ERR,ERR,ERR,ERR,ERR,ERR,ERR,ERR,ERR,ERR,ERR,ERR,ERR,ERR,ERR,ERR,ERR,ERR,ERR,ERR,ERR,ERR,ERR,ERR,ERR,ERR,ERR,ERR,ERR,ERR,ERR,ERR,ERR,ERR,ERR,ERR,ERR,ERR,ERR,ERR,ERR,ERR,ERR,ERR,ERR,ERR,ERR,ERR,ERR,ERR,ERR,ERR,ERR,ERR,ERR,ERR,ERR,ERR,ERR,ERR,ERR,ERR,ERR,ERR,ERR,ERR,ERR,0.0,0.0,0.0,0.0,0.0,1.3936040501711995e+18,7.805,0.0,0,0,4,0,8422,0.0,45,0.0,0.0,0.0,0.0,0.0,0,0,0,0,0.0,0,0,0,0,0,0,0,0,0,0,0,0,0,0,0,0,0,0,0,0,0,0,0,0,0,0,0,0,0,0,0,0,0,38,14,7,45,65476,0,300,0,0,8,21553,0.0,-107605600.0,0.0,0.0,0.0,0.0,0.0,0.0,0.0,0.0,0.0,0.0,0.0,0.0,0.0,0.0,0.0,0.0,0.0,0.0,0.0,0.0,0.0,2.004,-0.0,0.0,0.0,0.0,0.0,0.0,4984.0,-0.0,0.0,0.0,0.0,-107615280.0,2.718429300292151e+23,0.0,0.0,0.0,0.0,53,-0.0,0.0,0.0,0.0,0.0,0.0,0.0,0.0,0.0,0,0,0,0.0,0.0,0.0,0.0,0.0,0.0,0.0,0.0,0.0,0.0,0.0,0.0,0.0,0.0,0.0,0.0,0,-107875648.0,53,0.0,106,-107614832.0,0.0,ERR,ERR,ERR,ERR,ERR,ERR,ERR,ERR,ERR,ERR,ERR,ERR,ERR,ERR,ERR,ERR,ERR,ERR,ERR,ERR,ERR,ERR,ERR,ERR,ERR,ERR,ERR,ERR,ERR,ERR,ERR,ERR,ERR,ERR,ERR,ERR,ERR,ERR,ERR,ERR,ERR,ERR,ERR,ERR,ERR,ERR,ERR,ERR,ERR,ERR,ERR,ERR,ERR,ERR,ERR,ERR,ERR,ERR,ERR,ERR,ERR,ERR,ERR,ERR,ERR,ERR,ERR,50.0,60.0,100,0.0,0.0,0.0,0.0,0.0,0.0,0.0,0.0,0.0,0.0,0.0,0.0,0.0,0.0,0.0,0.0,61.6,73,14,65512,50,65476,0,300,0,0,8,20529,65476,0,0,26214,60.0,0.0,0.0,0.0,0.0,0.0
2026-05-17T18:29:09,ERR,ERR,ERR,ERR,ERR,ERR,ERR,ERR,ERR,ERR,ERR,ERR,ERR,ERR,ERR,ERR,ERR,ERR,ERR,ERR,ERR,ERR,ERR,ERR,ERR,ERR,ERR,ERR,ERR,ERR,ERR,ERR,ERR,ERR,ERR,ERR,ERR,ERR,ERR,ERR,ERR,ERR,ERR,ERR,ERR,ERR,ERR,ERR,ERR,ERR,ERR,ERR,ERR,ERR,ERR,ERR,ERR,ERR,ERR,ERR,ERR,ERR,ERR,ERR,ERR,ERR,ERR,ERR,ERR,ERR,ERR,ERR,ERR,ERR,ERR,ERR,ERR,ERR,ERR,ERR,ERR,ERR,ERR,ERR,ERR,ERR,ERR,ERR,ERR,ERR,ERR,ERR,ERR,ERR,ERR,ERR,ERR,ERR,ERR,ERR,ERR,ERR,ERR,ERR,ERR,ERR,ERR,ERR,ERR,ERR,ERR,ERR,ERR,ERR,ERR,ERR,ERR,ERR,ERR,ERR,ERR,ERR,ERR,ERR,ERR,0.0,0.0,0.0,0.0,0.0,1.3936040501711995e+18,7.805,0.0,0,0,4,0,8422,0.0,45,0.0,0.0,0.0,0.0,0.0,0,0,0,0,0.0,0,0,0,0,0,0,0,0,0,0,0,0,0,0,0,0,0,0,0,0,0,0,0,0,0,0,0,0,0,0,0,0,0,38,14,7,45,65476,0,300,0,0,8,21553,0.0,-107605600.0,0.0,0.0,0.0,0.0,0.0,0.0,0.0,0.0,0.0,0.0,0.0,0.0,0.0,0.0,0.0,0.0,0.0,0.0,0.0,0.0,0.0,2.004,-0.0,0.0,0.0,0.0,0.0,0.0,4984.0,-0.0,0.0,0.0,0.0,-107615280.0,2.718429300292151e+23,0.0,0.0,0.0,0.0,53,-0.0,0.0,0.0,0.0,0.0,0.0,0.0,0.0,0.0,0,0,0,0.0,0.0,0.0,0.0,0.0,0.0,0.0,0.0,0.0,0.0,0.0,0.0,0.0,0.0,0.0,0.0,0,-107875648.0,53,0.0,106,-107614832.0,0.0,ERR,ERR,ERR,ERR,ERR,ERR,ERR,ERR,ERR,ERR,ERR,ERR,ERR,ERR,ERR,ERR,ERR,ERR,ERR,ERR,ERR,ERR,ERR,ERR,ERR,ERR,ERR,ERR,ERR,ERR,ERR,ERR,ERR,ERR,ERR,ERR,ERR,ERR,ERR,ERR,ERR,ERR,ERR,ERR,ERR,ERR,ERR,ERR,ERR,ERR,ERR,ERR,ERR,ERR,ERR,ERR,ERR,ERR,ERR,ERR,ERR,ERR,ERR,ERR,ERR,ERR,ERR,50.0,60.0,100,0.0,0.0,0.0,0.0,0.0,0.0,0.0,0.0,0.0,0.0,0.0,0.0,0.0,0.0,0.0,0.0,61.6,73,14,65512,50,65476,0,300,0,0,8,20529,65476,0,0,26214,60.0,0.0,0.0,0.0,0.0,0.0
2026-05-17T18:29:10,ERR,ERR,ERR,ERR,ERR,ERR,ERR,ERR,ERR,ERR,ERR,ERR,ERR,ERR,ERR,ERR,ERR,ERR,ERR,ERR,ERR,ERR,ERR,ERR,ERR,ERR,ERR,ERR,ERR,ERR,ERR,ERR,ERR,ERR,ERR,ERR,ERR,ERR,ERR,ERR,ERR,ERR,ERR,ERR,ERR,ERR,ERR,ERR,ERR,ERR,ERR,ERR,ERR,ERR,ERR,ERR,ERR,ERR,ERR,ERR,ERR,ERR,ERR,ERR,ERR,ERR,ERR,ERR,ERR,ERR,ERR,ERR,ERR,ERR,ERR,ERR,ERR,ERR,ERR,ERR,ERR,ERR,ERR,ERR,ERR,ERR,ERR,ERR,ERR,ERR,ERR,ERR,ERR,ERR,ERR,ERR,ERR,ERR,ERR,ERR,ERR,ERR,ERR,ERR,ERR,ERR,ERR,ERR,ERR,ERR,ERR,ERR,ERR,ERR,ERR,ERR,ERR,ERR,ERR,ERR,ERR,ERR,ERR,ERR,ERR,0.0,0.0,0.0,0.0,0.0,1.3936040501711995e+18,7.805,0.0,0,0,4,0,8422,0.0,45,0.0,0.0,0.0,0.0,0.0,0,0,0,0,0.0,0,0,0,0,0,0,0,0,0,0,0,0,0,0,0,0,0,0,0,0,0,0,0,0,0,0,0,0,0,0,0,0,0,38,14,7,45,65476,0,300,0,0,8,21553,0.0,-107605600.0,0.0,0.0,0.0,0.0,0.0,0.0,0.0,0.0,0.0,0.0,0.0,0.0,0.0,0.0,0.0,0.0,0.0,0.0,0.0,0.0,0.0,2.004,-0.0,0.0,0.0,0.0,0.0,0.0,4984.0,-0.0,0.0,0.0,0.0,-107615280.0,2.718429300292151e+23,0.0,0.0,0.0,0.0,53,-0.0,0.0,0.0,0.0,0.0,0.0,0.0,0.0,0.0,0,0,0,0.0,0.0,0.0,0.0,0.0,0.0,0.0,0.0,0.0,0.0,0.0,0.0,0.0,0.0,0.0,0.0,0,-107875648.0,53,0.0,106,-107614832.0,0.0,ERR,ERR,ERR,ERR,ERR,ERR,ERR,ERR,ERR,ERR,ERR,ERR,ERR,ERR,ERR,ERR,ERR,ERR,ERR,ERR,ERR,ERR,ERR,ERR,ERR,ERR,ERR,ERR,ERR,ERR,ERR,ERR,ERR,ERR,ERR,ERR,ERR,ERR,ERR,ERR,ERR,ERR,ERR,ERR,ERR,ERR,ERR,ERR,ERR,ERR,ERR,ERR,ERR,ERR,ERR,ERR,ERR,ERR,ERR,ERR,ERR,ERR,ERR,ERR,ERR,ERR,ERR,50.0,60.0,100,0.0,0.0,0.0,0.0,0.0,0.0,0.0,0.0,0.0,0.0,0.0,0.0,0.0,0.0,0.0,0.0,61.6,73,14,65512,50,65476,0,300,0,0,8,20529,65476,0,0,26214,60.0,0.0,0.0,0.0,0.0,0.0
2026-05-17T18:29:11,ERR,ERR,ERR,ERR,ERR,ERR,ERR,ERR,ERR,ERR,ERR,ERR,ERR,ERR,ERR,ERR,ERR,ERR,ERR,ERR,ERR,ERR,ERR,ERR,ERR,ERR,ERR,ERR,ERR,ERR,ERR,ERR,ERR,ERR,ERR,ERR,ERR,ERR,ERR,ERR,ERR,ERR,ERR,ERR,ERR,ERR,ERR,ERR,ERR,ERR,ERR,ERR,ERR,ERR,ERR,ERR,ERR,ERR,ERR,ERR,ERR,ERR,ERR,ERR,ERR,ERR,ERR,ERR,ERR,ERR,ERR,ERR,ERR,ERR,ERR,ERR,ERR,ERR,ERR,ERR,ERR,ERR,ERR,ERR,ERR,ERR,ERR,ERR,ERR,ERR,ERR,ERR,ERR,ERR,ERR,ERR,ERR,ERR,ERR,ERR,ERR,ERR,ERR,ERR,ERR,ERR,ERR,ERR,ERR,ERR,ERR,ERR,ERR,ERR,ERR,ERR,ERR,ERR,ERR,ERR,ERR,ERR,ERR,ERR,ERR,0.0,0.0,0.0,0.0,0.0,1.3936040501711995e+18,7.805,0.0,0,0,4,0,8422,0.0,45,0.0,0.0,0.0,0.0,0.0,0,0,0,0,0.0,0,0,0,0,0,0,0,0,0,0,0,0,0,0,0,0,0,0,0,0,0,0,0,0,0,0,0,0,0,0,0,0,0,38,14,7,45,65476,0,300,0,0,8,21553,0.0,-107605600.0,0.0,0.0,0.0,0.0,0.0,0.0,0.0,0.0,0.0,0.0,0.0,0.0,0.0,0.0,0.0,0.0,0.0,0.0,0.0,0.0,0.0,2.004,-0.0,0.0,0.0,0.0,0.0,0.0,4984.0,-0.0,0.0,0.0,0.0,-107615280.0,2.718429300292151e+23,0.0,0.0,0.0,0.0,53,-0.0,0.0,0.0,0.0,0.0,0.0,0.0,0.0,0.0,0,0,0,0.0,0.0,0.0,0.0,0.0,0.0,0.0,0.0,0.0,0.0,0.0,0.0,0.0,0.0,0.0,0.0,0,-107875648.0,53,0.0,106,-107614832.0,0.0,ERR,ERR,ERR,ERR,ERR,ERR,ERR,ERR,ERR,ERR,ERR,ERR,ERR,ERR,ERR,ERR,ERR,ERR,ERR,ERR,ERR,ERR,ERR,ERR,ERR,ERR,ERR,ERR,ERR,ERR,ERR,ERR,ERR,ERR,ERR,ERR,ERR,ERR,ERR,ERR,ERR,ERR,ERR,ERR,ERR,ERR,ERR,ERR,ERR,ERR,ERR,ERR,ERR,ERR,ERR,ERR,ERR,ERR,ERR,ERR,ERR,ERR,ERR,ERR,ERR,ERR,ERR,50.0,60.0,100,0.0,0.0,0.0,0.0,0.0,0.0,0.0,0.0,0.0,0.0,0.0,0.0,0.0,0.0,0.0,0.0,62.0,73,14,65512,50,65476,0,300,0,0,8,20529,65476,0,0,26214,60.0,0.0,0.0,0.0,0.0,0.0
2026-05-17T18:29:12,ERR,ERR,ERR,ERR,ERR,ERR,ERR,ERR,ERR,ERR,ERR,ERR,ERR,ERR,ERR,ERR,ERR,ERR,ERR,ERR,ERR,ERR,ERR,ERR,ERR,ERR,ERR,ERR,ERR,ERR,ERR,ERR,ERR,ERR,ERR,ERR,ERR,ERR,ERR,ERR,ERR,ERR,ERR,ERR,ERR,ERR,ERR,ERR,ERR,ERR,ERR,ERR,ERR,ERR,ERR,ERR,ERR,ERR,ERR,ERR,ERR,ERR,ERR,ERR,ERR,ERR,ERR,ERR,ERR,ERR,ERR,ERR,ERR,ERR,ERR,ERR,ERR,ERR,ERR,ERR,ERR,ERR,ERR,ERR,ERR,ERR,ERR,ERR,ERR,ERR,ERR,ERR,ERR,ERR,ERR,ERR,ERR,ERR,ERR,ERR,ERR,ERR,ERR,ERR,ERR,ERR,ERR,ERR,ERR,ERR,ERR,ERR,ERR,ERR,ERR,ERR,ERR,ERR,ERR,ERR,ERR,ERR,ERR,ERR,ERR,0.0,0.0,0.0,0.0,0.0,1.3936040501711995e+18,7.805,0.0,0,0,4,0,8422,0.0,45,0.0,0.0,0.0,0.0,0.0,0,0,0,0,0.0,0,0,0,0,0,0,0,0,0,0,0,0,0,0,0,0,0,0,0,0,0,0,0,0,0,0,0,0,0,0,0,0,0,38,14,7,45,65476,0,300,0,0,8,21553,0.0,-107605600.0,0.0,0.0,0.0,0.0,0.0,0.0,0.0,0.0,0.0,0.0,0.0,0.0,0.0,0.0,0.0,0.0,0.0,0.0,0.0,0.0,0.0,2.004,-0.0,0.0,0.0,0.0,0.0,0.0,4984.0,-0.0,0.0,0.0,0.0,-107615280.0,2.718429300292151e+23,0.0,0.0,0.0,0.0,53,-0.0,0.0,0.0,0.0,0.0,0.0,0.0,0.0,0.0,0,0,0,0.0,0.0,0.0,0.0,0.0,0.0,0.0,0.0,0.0,0.0,0.0,0.0,0.0,0.0,0.0,0.0,0,-107875648.0,53,0.0,106,-107614832.0,0.0,ERR,ERR,ERR,ERR,ERR,ERR,ERR,ERR,ERR,ERR,ERR,ERR,ERR,ERR,ERR,ERR,ERR,ERR,ERR,ERR,ERR,ERR,ERR,ERR,ERR,ERR,ERR,ERR,ERR,ERR,ERR,ERR,ERR,ERR,ERR,ERR,ERR,ERR,ERR,ERR,ERR,ERR,ERR,ERR,ERR,ERR,ERR,ERR,ERR,ERR,ERR,ERR,ERR,ERR,ERR,ERR,ERR,ERR,ERR,ERR,ERR,ERR,ERR,ERR,ERR,ERR,ERR,50.0,60.0,100,0.0,0.0,0.0,0.0,0.0,0.0,0.0,0.0,0.0,0.0,0.0,0.0,0.0,0.0,0.0,0.0,62.0,73,14,65512,50,65476,0,300,0,0,8,20529,65476,0,0,26214,60.0,0.0,0.0,0.0,0.0,0.0
2026-05-17T18:29:13,ERR,ERR,ERR,ERR,ERR,ERR,ERR,ERR,ERR,ERR,ERR,ERR,ERR,ERR,ERR,ERR,ERR,ERR,ERR,ERR,ERR,ERR,ERR,ERR,ERR,ERR,ERR,ERR,ERR,ERR,ERR,ERR,ERR,ERR,ERR,ERR,ERR,ERR,ERR,ERR,ERR,ERR,ERR,ERR,ERR,ERR,ERR,ERR,ERR,ERR,ERR,ERR,ERR,ERR,ERR,ERR,ERR,ERR,ERR,ERR,ERR,ERR,ERR,ERR,ERR,ERR,ERR,ERR,ERR,ERR,ERR,ERR,ERR,ERR,ERR,ERR,ERR,ERR,ERR,ERR,ERR,ERR,ERR,ERR,ERR,ERR,ERR,ERR,ERR,ERR,ERR,ERR,ERR,ERR,ERR,ERR,ERR,ERR,ERR,ERR,ERR,ERR,ERR,ERR,ERR,ERR,ERR,ERR,ERR,ERR,ERR,ERR,ERR,ERR,ERR,ERR,ERR,ERR,ERR,ERR,ERR,ERR,ERR,ERR,ERR,0.0,0.0,0.0,0.0,0.0,1.3936040501711995e+18,7.805,0.0,0,0,4,0,8422,0.0,45,0.0,0.0,0.0,0.0,0.0,0,0,0,0,0.0,0,0,0,0,0,0,0,0,0,0,0,0,0,0,0,0,0,0,0,0,0,0,0,0,0,0,0,0,0,0,0,0,0,38,14,7,45,65476,0,300,0,0,8,21553,0.0,-107605600.0,0.0,0.0,0.0,0.0,0.0,0.0,0.0,0.0,0.0,0.0,0.0,0.0,0.0,0.0,0.0,0.0,0.0,0.0,0.0,0.0,0.0,2.004,-0.0,0.0,0.0,0.0,0.0,0.0,4983.0,-0.0,0.0,0.0,0.0,-107615280.0,2.718429300292151e+23,0.0,0.0,0.0,0.0,53,-0.0,0.059,0.0,0.0,0.0,0.0,0.0,0.0,0.0,0,0,0,0.0,0.0,0.0,0.0,0.0,0.0,0.0,0.0,0.0,0.0,0.0,0.0,0.0,0.0,0.0,0.0,0,-107875648.0,53,0.0,106,-107614832.0,0.0,ERR,ERR,ERR,ERR,ERR,ERR,ERR,ERR,ERR,ERR,ERR,ERR,ERR,ERR,ERR,ERR,ERR,ERR,ERR,ERR,ERR,ERR,ERR,ERR,ERR,ERR,ERR,ERR,ERR,ERR,ERR,ERR,ERR,ERR,ERR,ERR,ERR,ERR,ERR,ERR,ERR,ERR,ERR,ERR,ERR,ERR,ERR,ERR,ERR,ERR,ERR,ERR,ERR,ERR,ERR,ERR,ERR,ERR,ERR,ERR,ERR,ERR,ERR,ERR,ERR,ERR,ERR,50.0,60.0,100,0.0,0.0,0.0,0.0,0.0,0.0,0.0,0.0,0.0,0.0,0.0,0.0,0.0,0.0,0.0,0.0,62.0,73,14,65512,50,65476,0,300,0,0,8,20529,65476,0,0,26214,60.0,0.0,0.0,0.0,0.0,0.0
2026-05-17T18:29:14,ERR,ERR,ERR,ERR,ERR,ERR,ERR,ERR,ERR,ERR,ERR,ERR,ERR,ERR,ERR,ERR,ERR,ERR,ERR,ERR,ERR,ERR,ERR,ERR,ERR,ERR,ERR,ERR,ERR,ERR,ERR,ERR,ERR,ERR,ERR,ERR,ERR,ERR,ERR,ERR,ERR,ERR,ERR,ERR,ERR,ERR,ERR,ERR,ERR,ERR,ERR,ERR,ERR,ERR,ERR,ERR,ERR,ERR,ERR,ERR,ERR,ERR,ERR,ERR,ERR,ERR,ERR,ERR,ERR,ERR,ERR,ERR,ERR,ERR,ERR,ERR,ERR,ERR,ERR,ERR,ERR,ERR,ERR,ERR,ERR,ERR,ERR,ERR,ERR,ERR,ERR,ERR,ERR,ERR,ERR,ERR,ERR,ERR,ERR,ERR,ERR,ERR,ERR,ERR,ERR,ERR,ERR,ERR,ERR,ERR,ERR,ERR,ERR,ERR,ERR,ERR,ERR,ERR,ERR,ERR,ERR,ERR,ERR,ERR,ERR,0.0,0.0,0.0,0.0,0.0,1.3936040501711995e+18,7.805,0.0,0,0,4,0,8422,0.0,45,0.0,0.0,0.0,0.0,0.0,0,0,0,0,0.0,0,0,0,0,0,0,0,0,0,0,0,0,0,0,0,0,0,0,0,0,0,0,0,0,0,0,0,0,0,0,0,0,0,38,14,7,45,65476,0,300,0,0,8,21553,0.0,-107605600.0,0.0,0.0,0.0,0.0,0.0,0.0,0.0,0.0,0.0,0.0,0.0,0.0,0.0,0.0,0.0,0.0,0.0,0.0,0.0,0.0,0.0,2.004,-0.0,0.0,0.0,0.0,0.0,0.0,4983.0,-0.0,0.0,0.0,0.0,-107615280.0,2.718429300292151e+23,0.0,0.0,0.0,0.0,53,-0.0,0.059,0.0,0.0,0.0,0.0,0.0,0.0,0.0,0,0,0,0.0,0.0,0.0,0.0,0.0,0.0,0.0,0.0,0.0,0.0,0.0,0.0,0.0,0.0,0.0,0.0,0,-107875648.0,53,0.0,106,-107614832.0,0.0,ERR,ERR,ERR,ERR,ERR,ERR,ERR,ERR,ERR,ERR,ERR,ERR,ERR,ERR,ERR,ERR,ERR,ERR,ERR,ERR,ERR,ERR,ERR,ERR,ERR,ERR,ERR,ERR,ERR,ERR,ERR,ERR,ERR,ERR,ERR,ERR,ERR,ERR,ERR,ERR,ERR,ERR,ERR,ERR,ERR,ERR,ERR,ERR,ERR,ERR,ERR,ERR,ERR,ERR,ERR,ERR,ERR,ERR,ERR,ERR,ERR,ERR,ERR,ERR,ERR,ERR,ERR,50.0,60.0,100,0.0,0.0,0.0,0.0,0.0,0.0,0.0,0.0,0.0,0.0,0.0,0.0,0.0,0.0,0.0,0.0,62.0,73,14,65512,50,65476,0,300,0,0,8,20529,65476,0,0,26214,60.0,0.0,0.0,0.0,0.0,0.0
2026-05-17T18:29:15,ERR,ERR,ERR,ERR,ERR,ERR,ERR,ERR,ERR,ERR,ERR,ERR,ERR,ERR,ERR,ERR,ERR,ERR,ERR,ERR,ERR,ERR,ERR,ERR,ERR,ERR,ERR,ERR,ERR,ERR,ERR,ERR,ERR,ERR,ERR,ERR,ERR,ERR,ERR,ERR,ERR,ERR,ERR,ERR,ERR,ERR,ERR,ERR,ERR,ERR,ERR,ERR,ERR,ERR,ERR,ERR,ERR,ERR,ERR,ERR,ERR,ERR,ERR,ERR,ERR,ERR,ERR,ERR,ERR,ERR,ERR,ERR,ERR,ERR,ERR,ERR,ERR,ERR,ERR,ERR,ERR,ERR,ERR,ERR,ERR,ERR,ERR,ERR,ERR,ERR,ERR,ERR,ERR,ERR,ERR,ERR,ERR,ERR,ERR,ERR,ERR,ERR,ERR,ERR,ERR,ERR,ERR,ERR,ERR,ERR,ERR,ERR,ERR,ERR,ERR,ERR,ERR,ERR,ERR,ERR,ERR,ERR,ERR,ERR,ERR,0.0,0.0,0.0,0.0,0.0,1.3936040501711995e+18,7.805,0.0,0,0,4,0,8422,0.0,45,0.0,0.0,0.0,0.0,0.0,0,0,0,0,0.0,0,0,0,0,0,0,0,0,0,0,0,0,0,0,0,0,0,0,0,0,0,0,0,0,0,0,0,0,0,0,0,0,0,38,14,7,45,65476,0,300,0,0,8,21553,0.0,-107605600.0,0.0,0.0,0.0,0.0,0.0,0.0,0.0,0.0,0.0,0.0,0.0,0.0,0.0,0.0,0.0,0.0,0.0,0.0,0.0,0.0,0.0,2.004,-0.0,0.0,0.0,0.0,0.0,0.0,4983.0,-0.0,0.0,0.0,0.0,-107615280.0,2.718429300292151e+23,0.0,0.0,0.0,0.0,53,-0.0,0.059,0.0,0.0,0.0,0.0,0.0,0.0,0.0,0,0,0,0.0,0.0,0.0,0.0,0.0,0.0,0.0,0.0,0.0,0.0,0.0,0.0,0.0,0.0,0.0,0.0,0,-107875648.0,53,0.0,106,-107614832.0,0.0,ERR,ERR,ERR,ERR,ERR,ERR,ERR,ERR,ERR,ERR,ERR,ERR,ERR,ERR,ERR,ERR,ERR,ERR,ERR,ERR,ERR,ERR,ERR,ERR,ERR,ERR,ERR,ERR,ERR,ERR,ERR,ERR,ERR,ERR,ERR,ERR,ERR,ERR,ERR,ERR,ERR,ERR,ERR,ERR,ERR,ERR,ERR,ERR,ERR,ERR,ERR,ERR,ERR,ERR,ERR,ERR,ERR,ERR,ERR,ERR,ERR,ERR,ERR,ERR,ERR,ERR,ERR,50.0,60.0,100,0.0,0.0,0.0,0.0,0.0,0.0,0.0,0.0,0.0,0.0,0.0,0.0,0.0,0.0,0.0,0.0,61.6,73,14,65512,50,65476,0,300,0,0,8,20529,65476,0,0,26214,60.0,0.0,0.0,0.0,0.0,0.0
2026-05-17T18:29:16,ERR,ERR,ERR,ERR,ERR,ERR,ERR,ERR,ERR,ERR,ERR,ERR,ERR,ERR,ERR,ERR,ERR,ERR,ERR,ERR,ERR,ERR,ERR,ERR,ERR,ERR,ERR,ERR,ERR,ERR,ERR,ERR,ERR,ERR,ERR,ERR,ERR,ERR,ERR,ERR,ERR,ERR,ERR,ERR,ERR,ERR,ERR,ERR,ERR,ERR,ERR,ERR,ERR,ERR,ERR,ERR,ERR,ERR,ERR,ERR,ERR,ERR,ERR,ERR,ERR,ERR,ERR,ERR,ERR,ERR,ERR,ERR,ERR,ERR,ERR,ERR,ERR,ERR,ERR,ERR,ERR,ERR,ERR,ERR,ERR,ERR,ERR,ERR,ERR,ERR,ERR,ERR,ERR,ERR,ERR,ERR,ERR,ERR,ERR,ERR,ERR,ERR,ERR,ERR,ERR,ERR,ERR,ERR,ERR,ERR,ERR,ERR,ERR,ERR,ERR,ERR,ERR,ERR,ERR,ERR,ERR,ERR,ERR,ERR,ERR,0.0,0.0,0.0,0.0,0.0,1.3936040501711995e+18,7.805,0.0,0,0,4,0,8422,0.0,45,0.0,0.0,0.0,0.0,0.0,0,0,0,0,0.0,0,0,0,0,0,0,0,0,0,0,0,0,0,0,0,0,0,0,0,0,0,0,0,0,0,0,0,0,0,0,0,0,0,38,14,7,45,65476,0,300,0,0,8,21553,0.0,-107605600.0,0.0,0.0,0.0,0.0,0.0,0.0,0.0,0.0,0.0,0.0,0.0,0.0,0.0,0.0,0.0,0.0,0.0,0.0,0.0,0.0,0.0,2.004,-0.0,0.0,0.0,0.0,0.0,0.0,4983.0,-0.0,0.0,0.0,0.0,-107615280.0,2.718429300292151e+23,0.0,0.0,0.0,0.0,53,-0.0,0.059,0.0,0.0,0.0,0.0,0.0,0.0,0.0,0,0,0,0.0,0.0,0.0,0.0,0.0,0.0,0.0,0.0,0.0,0.0,0.0,0.0,0.0,0.0,0.0,0.0,0,-107875648.0,53,0.0,106,-107614832.0,0.0,ERR,ERR,ERR,ERR,ERR,ERR,ERR,ERR,ERR,ERR,ERR,ERR,ERR,ERR,ERR,ERR,ERR,ERR,ERR,ERR,ERR,ERR,ERR,ERR,ERR,ERR,ERR,ERR,ERR,ERR,ERR,ERR,ERR,ERR,ERR,ERR,ERR,ERR,ERR,ERR,ERR,ERR,ERR,ERR,ERR,ERR,ERR,ERR,ERR,ERR,ERR,ERR,ERR,ERR,ERR,ERR,ERR,ERR,ERR,ERR,ERR,ERR,ERR,ERR,ERR,ERR,ERR,50.0,60.0,100,0.0,0.0,0.0,0.0,0.0,0.0,0.0,0.0,0.0,0.0,0.0,0.0,0.0,0.0,0.0,0.0,61.6,73,14,65512,50,65476,0,300,0,0,8,20529,65476,0,0,26214,60.0,0.0,0.0,0.0,0.0,0.0
2026-05-17T18:29:17,ERR,ERR,ERR,ERR,ERR,ERR,ERR,ERR,ERR,ERR,ERR,ERR,ERR,ERR,ERR,ERR,ERR,ERR,ERR,ERR,ERR,ERR,ERR,ERR,ERR,ERR,ERR,ERR,ERR,ERR,ERR,ERR,ERR,ERR,ERR,ERR,ERR,ERR,ERR,ERR,ERR,ERR,ERR,ERR,ERR,ERR,ERR,ERR,ERR,ERR,ERR,ERR,ERR,ERR,ERR,ERR,ERR,ERR,ERR,ERR,ERR,ERR,ERR,ERR,ERR,ERR,ERR,ERR,ERR,ERR,ERR,ERR,ERR,ERR,ERR,ERR,ERR,ERR,ERR,ERR,ERR,ERR,ERR,ERR,ERR,ERR,ERR,ERR,ERR,ERR,ERR,ERR,ERR,ERR,ERR,ERR,ERR,ERR,ERR,ERR,ERR,ERR,ERR,ERR,ERR,ERR,ERR,ERR,ERR,ERR,ERR,ERR,ERR,ERR,ERR,ERR,ERR,ERR,ERR,ERR,ERR,ERR,ERR,ERR,ERR,0.0,0.0,0.0,0.0,0.0,1.3936040501711995e+18,7.805,0.0,0,0,4,0,8422,0.0,45,0.0,0.0,0.0,0.0,0.0,0,0,0,0,0.0,0,0,0,0,0,0,0,0,0,0,0,0,0,0,0,0,0,0,0,0,0,0,0,0,0,0,0,0,0,0,0,0,0,38,14,7,45,65476,0,300,0,0,8,21553,0.0,-107605600.0,0.0,0.0,0.0,0.0,0.0,0.0,0.0,0.0,0.0,0.0,0.0,0.0,0.0,0.0,0.0,0.0,0.0,0.0,0.0,0.0,0.0,2.004,-0.0,0.0,0.0,0.0,0.0,0.0,4983.0,-0.0,0.0,0.0,0.0,-107615280.0,2.718429300292151e+23,0.0,0.0,0.0,0.0,53,-0.0,0.059,0.0,0.0,0.0,0.0,0.0,0.0,0.0,0,0,0,0.0,0.0,0.0,0.0,0.0,0.0,0.0,0.0,0.0,0.0,0.0,0.0,0.0,0.0,0.0,0.0,0,-107875648.0,53,0.0,106,-107614832.0,0.0,ERR,ERR,ERR,ERR,ERR,ERR,ERR,ERR,ERR,ERR,ERR,ERR,ERR,ERR,ERR,ERR,ERR,ERR,ERR,ERR,ERR,ERR,ERR,ERR,ERR,ERR,ERR,ERR,ERR,ERR,ERR,ERR,ERR,ERR,ERR,ERR,ERR,ERR,ERR,ERR,ERR,ERR,ERR,ERR,ERR,ERR,ERR,ERR,ERR,ERR,ERR,ERR,ERR,ERR,ERR,ERR,ERR,ERR,ERR,ERR,ERR,ERR,ERR,ERR,ERR,ERR,ERR,50.0,60.0,100,0.0,0.0,0.0,0.0,0.0,0.0,0.0,0.0,0.0,0.0,0.0,0.0,0.0,0.0,0.0,0.0,61.6,73,14,65512,50,65476,0,300,0,0,8,20529,65476,0,0,26214,60.0,0.0,0.0,0.0,0.0,0.0
2026-05-17T18:29:18,ERR,ERR,ERR,ERR,ERR,ERR,ERR,ERR,ERR,ERR,ERR,ERR,ERR,ERR,ERR,ERR,ERR,ERR,ERR,ERR,ERR,ERR,ERR,ERR,ERR,ERR,ERR,ERR,ERR,ERR,ERR,ERR,ERR,ERR,ERR,ERR,ERR,ERR,ERR,ERR,ERR,ERR,ERR,ERR,ERR,ERR,ERR,ERR,ERR,ERR,ERR,ERR,ERR,ERR,ERR,ERR,ERR,ERR,ERR,ERR,ERR,ERR,ERR,ERR,ERR,ERR,ERR,ERR,ERR,ERR,ERR,ERR,ERR,ERR,ERR,ERR,ERR,ERR,ERR,ERR,ERR,ERR,ERR,ERR,ERR,ERR,ERR,ERR,ERR,ERR,ERR,ERR,ERR,ERR,ERR,ERR,ERR,ERR,ERR,ERR,ERR,ERR,ERR,ERR,ERR,ERR,ERR,ERR,ERR,ERR,ERR,ERR,ERR,ERR,ERR,ERR,ERR,ERR,ERR,ERR,ERR,ERR,ERR,ERR,ERR,0.0,0.0,0.0,0.0,0.0,1.3936040501711995e+18,7.805,0.0,0,0,4,0,8422,0.0,45,0.0,0.0,0.0,0.0,0.0,0,0,0,0,0.0,0,0,0,0,0,0,0,0,0,0,0,0,0,0,0,0,0,0,0,0,0,0,0,0,0,0,0,0,0,0,0,0,0,38,14,7,45,65476,0,300,0,0,8,21553,0.0,-107605600.0,0.0,0.0,0.0,0.0,0.0,0.0,0.0,0.0,0.0,0.0,0.0,0.0,0.0,0.0,0.0,0.0,0.0,0.0,0.0,0.0,0.0,2.004,-0.0,0.0,0.0,0.0,0.0,0.0,4982.0,-0.0,0.0,0.0,0.0,-107615280.0,2.718429300292151e+23,0.0,0.0,0.0,0.0,53,-0.0,0.0,0.0,0.0,0.0,0.0,0.0,0.0,0.0,0,0,0,0.0,0.0,0.0,0.0,0.0,0.0,0.0,0.0,0.0,0.0,0.0,0.0,0.0,0.0,0.0,0.0,0,-107875648.0,53,0.0,106,-107614832.0,0.0,ERR,ERR,ERR,ERR,ERR,ERR,ERR,ERR,ERR,ERR,ERR,ERR,ERR,ERR,ERR,ERR,ERR,ERR,ERR,ERR,ERR,ERR,ERR,ERR,ERR,ERR,ERR,ERR,ERR,ERR,ERR,ERR,ERR,ERR,ERR,ERR,ERR,ERR,ERR,ERR,ERR,ERR,ERR,ERR,ERR,ERR,ERR,ERR,ERR,ERR,ERR,ERR,ERR,ERR,ERR,ERR,ERR,ERR,ERR,ERR,ERR,ERR,ERR,ERR,ERR,ERR,ERR,50.0,60.0,100,0.0,0.0,0.0,0.0,0.0,0.0,0.0,0.0,0.0,0.0,0.0,0.0,0.0,0.0,0.0,0.0,61.6,73,14,65512,50,65476,0,300,0,0,8,20529,65476,0,0,26214,60.0,0.0,0.0,0.0,0.0,0.0
2026-05-17T18:29:19,ERR,ERR,ERR,ERR,ERR,ERR,ERR,ERR,ERR,ERR,ERR,ERR,ERR,ERR,ERR,ERR,ERR,ERR,ERR,ERR,ERR,ERR,ERR,ERR,ERR,ERR,ERR,ERR,ERR,ERR,ERR,ERR,ERR,ERR,ERR,ERR,ERR,ERR,ERR,ERR,ERR,ERR,ERR,ERR,ERR,ERR,ERR,ERR,ERR,ERR,ERR,ERR,ERR,ERR,ERR,ERR,ERR,ERR,ERR,ERR,ERR,ERR,ERR,ERR,ERR,ERR,ERR,ERR,ERR,ERR,ERR,ERR,ERR,ERR,ERR,ERR,ERR,ERR,ERR,ERR,ERR,ERR,ERR,ERR,ERR,ERR,ERR,ERR,ERR,ERR,ERR,ERR,ERR,ERR,ERR,ERR,ERR,ERR,ERR,ERR,ERR,ERR,ERR,ERR,ERR,ERR,ERR,ERR,ERR,ERR,ERR,ERR,ERR,ERR,ERR,ERR,ERR,ERR,ERR,ERR,ERR,ERR,ERR,ERR,ERR,0.0,0.0,0.0,0.0,0.0,1.3936040501711995e+18,7.805,0.0,0,0,4,0,8422,0.0,45,0.0,0.0,0.0,0.0,0.0,0,0,0,0,0.0,0,0,0,0,0,0,0,0,0,0,0,0,0,0,0,0,0,0,0,0,0,0,0,0,0,0,0,0,0,0,0,0,0,38,14,7,45,65476,0,300,0,0,8,21553,0.0,-107605600.0,0.0,0.0,0.0,0.0,0.0,0.0,0.0,0.0,0.0,0.0,0.0,0.0,0.0,0.0,0.0,0.0,0.0,0.0,0.0,0.0,0.0,2.004,-0.0,0.0,0.0,0.0,0.0,0.0,4982.0,-0.0,0.0,0.0,0.0,-107615280.0,2.718429300292151e+23,0.0,0.0,0.0,0.0,53,-0.0,0.0,0.0,0.0,0.0,0.0,0.0,0.0,0.0,0,0,0,0.0,0.0,0.0,0.0,0.0,0.0,0.0,0.0,0.0,0.0,0.0,0.0,0.0,0.0,0.0,0.0,0,-107875648.0,53,0.0,106,-107614832.0,0.0,ERR,ERR,ERR,ERR,ERR,ERR,ERR,ERR,ERR,ERR,ERR,ERR,ERR,ERR,ERR,ERR,ERR,ERR,ERR,ERR,ERR,ERR,ERR,ERR,ERR,ERR,ERR,ERR,ERR,ERR,ERR,ERR,ERR,ERR,ERR,ERR,ERR,ERR,ERR,ERR,ERR,ERR,ERR,ERR,ERR,ERR,ERR,ERR,ERR,ERR,ERR,ERR,ERR,ERR,ERR,ERR,ERR,ERR,ERR,ERR,ERR,ERR,ERR,ERR,ERR,ERR,ERR,50.0,60.0,100,0.0,0.0,0.0,0.0,0.0,0.0,0.0,0.0,0.0,0.0,0.0,0.0,0.0,0.0,0.0,0.0,61.6,73,14,65512,50,65476,0,300,0,0,8,20529,65476,0,0,26214,60.0,0.0,0.0,0.0,0.0,0.0
2026-05-17T18:29:20,ERR,ERR,ERR,ERR,ERR,ERR,ERR,ERR,ERR,ERR,ERR,ERR,ERR,ERR,ERR,ERR,ERR,ERR,ERR,ERR,ERR,ERR,ERR,ERR,ERR,ERR,ERR,ERR,ERR,ERR,ERR,ERR,ERR,ERR,ERR,ERR,ERR,ERR,ERR,ERR,ERR,ERR,ERR,ERR,ERR,ERR,ERR,ERR,ERR,ERR,ERR,ERR,ERR,ERR,ERR,ERR,ERR,ERR,ERR,ERR,ERR,ERR,ERR,ERR,ERR,ERR,ERR,ERR,ERR,ERR,ERR,ERR,ERR,ERR,ERR,ERR,ERR,ERR,ERR,ERR,ERR,ERR,ERR,ERR,ERR,ERR,ERR,ERR,ERR,ERR,ERR,ERR,ERR,ERR,ERR,ERR,ERR,ERR,ERR,ERR,ERR,ERR,ERR,ERR,ERR,ERR,ERR,ERR,ERR,ERR,ERR,ERR,ERR,ERR,ERR,ERR,ERR,ERR,ERR,ERR,ERR,ERR,ERR,ERR,ERR,0.0,0.0,0.0,0.0,0.0,1.3936040501711995e+18,7.805,0.0,0,0,4,0,8422,0.0,45,0.0,0.0,0.0,0.0,0.0,0,0,0,0,0.0,0,0,0,0,0,0,0,0,0,0,0,0,0,0,0,0,0,0,0,0,0,0,0,0,0,0,0,0,0,0,0,0,0,38,14,7,45,65476,0,300,0,0,8,21553,0.0,-107605600.0,0.0,0.0,0.0,0.0,0.0,0.0,0.0,0.0,0.0,0.0,0.0,0.0,0.0,0.0,0.0,0.0,0.0,0.0,0.0,0.0,0.0,2.004,-0.0,0.0,0.0,0.0,0.0,0.0,4982.0,-0.0,0.0,0.0,0.0,-107615280.0,2.718429300292151e+23,0.0,0.0,0.0,0.0,53,-0.0,0.0,0.0,0.0,0.0,0.0,0.0,0.0,0.0,0,0,0,0.0,0.0,0.0,0.0,0.0,0.0,0.0,0.0,0.0,0.0,0.0,0.0,0.0,0.0,0.0,0.0,0,-107875648.0,53,0.0,106,-107614832.0,0.0,ERR,ERR,ERR,ERR,ERR,ERR,ERR,ERR,ERR,ERR,ERR,ERR,ERR,ERR,ERR,ERR,ERR,ERR,ERR,ERR,ERR,ERR,ERR,ERR,ERR,ERR,ERR,ERR,ERR,ERR,ERR,ERR,ERR,ERR,ERR,ERR,ERR,ERR,ERR,ERR,ERR,ERR,ERR,ERR,ERR,ERR,ERR,ERR,ERR,ERR,ERR,ERR,ERR,ERR,ERR,ERR,ERR,ERR,ERR,ERR,ERR,ERR,ERR,ERR,ERR,ERR,ERR,50.0,60.0,100,0.0,0.0,0.0,0.0,0.0,0.0,0.0,0.0,0.0,0.0,0.0,0.0,0.0,0.0,0.0,0.0,61.6,73,14,65512,50,65476,0,300,0,0,8,20529,65476,0,0,26214,60.0,0.0,0.0,0.0,0.0,0.0
2026-05-17T18:29:21,ERR,ERR,ERR,ERR,ERR,ERR,ERR,ERR,ERR,ERR,ERR,ERR,ERR,ERR,ERR,ERR,ERR,ERR,ERR,ERR,ERR,ERR,ERR,ERR,ERR,ERR,ERR,ERR,ERR,ERR,ERR,ERR,ERR,ERR,ERR,ERR,ERR,ERR,ERR,ERR,ERR,ERR,ERR,ERR,ERR,ERR,ERR,ERR,ERR,ERR,ERR,ERR,ERR,ERR,ERR,ERR,ERR,ERR,ERR,ERR,ERR,ERR,ERR,ERR,ERR,ERR,ERR,ERR,ERR,ERR,ERR,ERR,ERR,ERR,ERR,ERR,ERR,ERR,ERR,ERR,ERR,ERR,ERR,ERR,ERR,ERR,ERR,ERR,ERR,ERR,ERR,ERR,ERR,ERR,ERR,ERR,ERR,ERR,ERR,ERR,ERR,ERR,ERR,ERR,ERR,ERR,ERR,ERR,ERR,ERR,ERR,ERR,ERR,ERR,ERR,ERR,ERR,ERR,ERR,ERR,ERR,ERR,ERR,ERR,ERR,0.0,0.0,0.0,0.0,0.0,1.3936040501711995e+18,7.805,0.0,0,0,4,0,8422,0.0,45,0.0,0.0,0.0,0.0,0.0,0,0,0,0,0.0,0,0,0,0,0,0,0,0,0,0,0,0,0,0,0,0,0,0,0,0,0,0,0,0,0,0,0,0,0,0,0,0,0,38,14,7,45,65476,0,300,0,0,8,21553,0.0,-107605600.0,0.0,0.0,0.0,0.0,0.0,0.0,0.0,0.0,0.0,0.0,0.0,0.0,0.0,0.0,0.0,0.0,0.0,0.0,0.0,0.0,0.0,2.004,-0.0,0.0,0.0,0.0,0.0,0.0,4982.0,-0.0,0.0,0.0,0.0,-107615280.0,2.718429300292151e+23,0.0,0.0,0.0,0.0,53,-0.0,0.0,0.0,0.0,0.0,0.0,0.0,0.0,0.0,0,0,0,0.0,0.0,0.0,0.0,0.0,0.0,0.0,0.0,0.0,0.0,0.0,0.0,0.0,0.0,0.0,0.0,0,-107875648.0,53,0.0,106,-107614832.0,0.0,ERR,ERR,ERR,ERR,ERR,ERR,ERR,ERR,ERR,ERR,ERR,ERR,ERR,ERR,ERR,ERR,ERR,ERR,ERR,ERR,ERR,ERR,ERR,ERR,ERR,ERR,ERR,ERR,ERR,ERR,ERR,ERR,ERR,ERR,ERR,ERR,ERR,ERR,ERR,ERR,ERR,ERR,ERR,ERR,ERR,ERR,ERR,ERR,ERR,ERR,ERR,ERR,ERR,ERR,ERR,ERR,ERR,ERR,ERR,ERR,ERR,ERR,ERR,ERR,ERR,ERR,ERR,50.0,60.0,100,0.0,0.0,0.0,0.0,0.0,0.0,0.0,0.0,0.0,0.0,0.0,0.0,0.0,0.0,0.0,0.0,61.6,73,14,65512,50,65476,0,300,0,0,8,20529,65476,0,0,26214,60.0,0.0,0.0,0.0,0.0,0.0
2026-05-17T18:29:22,ERR,ERR,ERR,ERR,ERR,ERR,ERR,ERR,ERR,ERR,ERR,ERR,ERR,ERR,ERR,ERR,ERR,ERR,ERR,ERR,ERR,ERR,ERR,ERR,ERR,ERR,ERR,ERR,ERR,ERR,ERR,ERR,ERR,ERR,ERR,ERR,ERR,ERR,ERR,ERR,ERR,ERR,ERR,ERR,ERR,ERR,ERR,ERR,ERR,ERR,ERR,ERR,ERR,ERR,ERR,ERR,ERR,ERR,ERR,ERR,ERR,ERR,ERR,ERR,ERR,ERR,ERR,ERR,ERR,ERR,ERR,ERR,ERR,ERR,ERR,ERR,ERR,ERR,ERR,ERR,ERR,ERR,ERR,ERR,ERR,ERR,ERR,ERR,ERR,ERR,ERR,ERR,ERR,ERR,ERR,ERR,ERR,ERR,ERR,ERR,ERR,ERR,ERR,ERR,ERR,ERR,ERR,ERR,ERR,ERR,ERR,ERR,ERR,ERR,ERR,ERR,ERR,ERR,ERR,ERR,ERR,ERR,ERR,ERR,ERR,0.0,0.0,0.0,0.0,0.0,1.3936040501711995e+18,7.805,0.0,0,0,4,0,8422,0.0,45,0.0,0.0,0.0,0.0,0.0,0,0,0,0,0.0,0,0,0,0,0,0,0,0,0,0,0,0,0,0,0,0,0,0,0,0,0,0,0,0,0,0,0,0,0,0,0,0,0,38,14,7,45,65476,0,300,0,0,8,21553,0.0,-107605600.0,0.0,0.0,0.0,0.0,0.0,0.0,0.0,0.0,0.0,0.0,0.0,0.0,0.0,0.0,0.0,0.0,0.0,0.0,0.0,0.0,0.0,2.004,-0.0,0.0,0.0,0.0,0.0,0.0,4982.0,-0.0,0.0,0.0,0.0,-107615280.0,2.718429300292151e+23,0.0,0.0,0.0,0.0,53,-0.0,0.0,0.0,0.0,0.0,0.0,0.0,0.0,0.0,0,0,0,0.0,0.0,0.0,0.0,0.0,0.0,0.0,0.0,0.0,0.0,0.0,0.0,0.0,0.0,0.0,0.0,0,-107875648.0,53,0.0,106,-107614832.0,0.0,ERR,ERR,ERR,ERR,ERR,ERR,ERR,ERR,ERR,ERR,ERR,ERR,ERR,ERR,ERR,ERR,ERR,ERR,ERR,ERR,ERR,ERR,ERR,ERR,ERR,ERR,ERR,ERR,ERR,ERR,ERR,ERR,ERR,ERR,ERR,ERR,ERR,ERR,ERR,ERR,ERR,ERR,ERR,ERR,ERR,ERR,ERR,ERR,ERR,ERR,ERR,ERR,ERR,ERR,ERR,ERR,ERR,ERR,ERR,ERR,ERR,ERR,ERR,ERR,ERR,ERR,ERR,50.0,60.0,100,0.0,0.0,0.0,0.0,0.0,0.0,0.0,0.0,0.0,0.0,0.0,0.0,0.0,0.0,0.0,0.0,61.6,73,14,65512,50,65476,0,300,0,0,8,20529,65476,0,0,26214,60.0,0.0,0.0,0.0,0.0,0.0
2026-05-17T18:29:23,ERR,ERR,ERR,ERR,ERR,ERR,ERR,ERR,ERR,ERR,ERR,ERR,ERR,ERR,ERR,ERR,ERR,ERR,ERR,ERR,ERR,ERR,ERR,ERR,ERR,ERR,ERR,ERR,ERR,ERR,ERR,ERR,ERR,ERR,ERR,ERR,ERR,ERR,ERR,ERR,ERR,ERR,ERR,ERR,ERR,ERR,ERR,ERR,ERR,ERR,ERR,ERR,ERR,ERR,ERR,ERR,ERR,ERR,ERR,ERR,ERR,ERR,ERR,ERR,ERR,ERR,ERR,ERR,ERR,ERR,ERR,ERR,ERR,ERR,ERR,ERR,ERR,ERR,ERR,ERR,ERR,ERR,ERR,ERR,ERR,ERR,ERR,ERR,ERR,ERR,ERR,ERR,ERR,ERR,ERR,ERR,ERR,ERR,ERR,ERR,ERR,ERR,ERR,ERR,ERR,ERR,ERR,ERR,ERR,ERR,ERR,ERR,ERR,ERR,ERR,ERR,ERR,ERR,ERR,ERR,ERR,ERR,ERR,ERR,ERR,0.0,0.0,0.0,0.0,0.0,1.3936040501711995e+18,7.805,0.0,0,0,4,0,8422,0.0,45,0.0,0.0,0.0,0.0,0.0,0,0,0,0,0.0,0,0,0,0,0,0,0,0,0,0,0,0,0,0,0,0,0,0,0,0,0,0,0,0,0,0,0,0,0,0,0,0,0,38,14,7,45,65476,0,300,0,0,8,21553,0.0,-107605600.0,0.0,0.0,0.0,0.0,0.0,0.0,0.0,0.0,0.0,0.0,0.0,0.0,0.0,0.0,0.0,0.0,0.0,0.0,0.0,0.0,0.0,2.004,-0.0,0.0,0.0,0.0,0.0,0.0,4983.0,8608181248.0,0.0,0.0,0.0,-107615280.0,2.718429300292151e+23,0.0,0.0,0.0,0.0,53,-0.0,-107614768.0,0.0,0.0,0.0,0.0,0.0,0.0,0.0,0,0,0,0.0,0.0,0.0,0.0,0.0,0.0,0.0,0.0,0.0,0.0,0.0,0.0,0.0,0.0,0.0,0.0,0,-107875648.0,53,0.0,106,-107614832.0,0.0,ERR,ERR,ERR,ERR,ERR,ERR,ERR,ERR,ERR,ERR,ERR,ERR,ERR,ERR,ERR,ERR,ERR,ERR,ERR,ERR,ERR,ERR,ERR,ERR,ERR,ERR,ERR,ERR,ERR,ERR,ERR,ERR,ERR,ERR,ERR,ERR,ERR,ERR,ERR,ERR,ERR,ERR,ERR,ERR,ERR,ERR,ERR,ERR,ERR,ERR,ERR,ERR,ERR,ERR,ERR,ERR,ERR,ERR,ERR,ERR,ERR,ERR,ERR,ERR,ERR,ERR,ERR,50.0,60.0,100,0.0,0.0,0.0,0.0,0.0,0.0,0.0,0.0,0.0,0.0,0.0,0.0,0.0,0.0,0.0,0.0,61.6,73,14,65512,50,65476,0,300,0,0,8,20529,65476,0,0,26214,60.0,0.0,0.0,0.0,0.0,0.0
2026-05-17T18:29:24,ERR,ERR,ERR,ERR,ERR,ERR,ERR,ERR,ERR,ERR,ERR,ERR,ERR,ERR,ERR,ERR,ERR,ERR,ERR,ERR,ERR,ERR,ERR,ERR,ERR,ERR,ERR,ERR,ERR,ERR,ERR,ERR,ERR,ERR,ERR,ERR,ERR,ERR,ERR,ERR,ERR,ERR,ERR,ERR,ERR,ERR,ERR,ERR,ERR,ERR,ERR,ERR,ERR,ERR,ERR,ERR,ERR,ERR,ERR,ERR,ERR,ERR,ERR,ERR,ERR,ERR,ERR,ERR,ERR,ERR,ERR,ERR,ERR,ERR,ERR,ERR,ERR,ERR,ERR,ERR,ERR,ERR,ERR,ERR,ERR,ERR,ERR,ERR,ERR,ERR,ERR,ERR,ERR,ERR,ERR,ERR,ERR,ERR,ERR,ERR,ERR,ERR,ERR,ERR,ERR,ERR,ERR,ERR,ERR,ERR,ERR,ERR,ERR,ERR,ERR,ERR,ERR,ERR,ERR,ERR,ERR,ERR,ERR,ERR,ERR,0.0,0.0,0.0,0.0,0.0,1.3936040501711995e+18,7.805,0.0,0,0,4,0,8422,0.0,45,0.0,0.0,0.0,0.0,0.0,0,0,0,0,0.0,0,0,0,0,0,0,0,0,0,0,0,0,0,0,0,0,0,0,0,0,0,0,0,0,0,0,0,0,0,0,0,0,0,38,14,7,45,65476,0,300,0,0,8,21553,0.0,-107605600.0,0.0,0.0,0.0,0.0,0.0,0.0,0.0,0.0,0.0,0.0,0.0,0.0,0.0,0.0,0.0,0.0,0.0,0.0,0.0,0.0,0.0,2.004,-0.0,0.0,0.0,0.0,0.0,0.0,4983.0,8608181248.0,0.0,0.0,0.0,-107615280.0,2.718429300292151e+23,0.0,0.0,0.0,0.0,53,-0.0,-107614768.0,0.0,0.0,0.0,0.0,0.0,0.0,0.0,0,0,0,0.0,0.0,0.0,0.0,0.0,0.0,0.0,0.0,0.0,0.0,0.0,0.0,0.0,0.0,0.0,0.0,0,-107875648.0,53,0.0,106,-107614832.0,0.0,ERR,ERR,ERR,ERR,ERR,ERR,ERR,ERR,ERR,ERR,ERR,ERR,ERR,ERR,ERR,ERR,ERR,ERR,ERR,ERR,ERR,ERR,ERR,ERR,ERR,ERR,ERR,ERR,ERR,ERR,ERR,ERR,ERR,ERR,ERR,ERR,ERR,ERR,ERR,ERR,ERR,ERR,ERR,ERR,ERR,ERR,ERR,ERR,ERR,ERR,ERR,ERR,ERR,ERR,ERR,ERR,ERR,ERR,ERR,ERR,ERR,ERR,ERR,ERR,ERR,ERR,ERR,50.0,60.0,100,0.0,0.0,0.0,0.0,0.0,0.0,0.0,0.0,0.0,0.0,0.0,0.0,0.0,0.0,0.0,0.0,61.6,73,14,65512,50,65476,0,300,0,0,8,20529,65476,0,0,26214,60.0,0.0,0.0,0.0,0.0,0.0
2026-05-17T18:29:25,ERR,ERR,ERR,ERR,ERR,ERR,ERR,ERR,ERR,ERR,ERR,ERR,ERR,ERR,ERR,ERR,ERR,ERR,ERR,ERR,ERR,ERR,ERR,ERR,ERR,ERR,ERR,ERR,ERR,ERR,ERR,ERR,ERR,ERR,ERR,ERR,ERR,ERR,ERR,ERR,ERR,ERR,ERR,ERR,ERR,ERR,ERR,ERR,ERR,ERR,ERR,ERR,ERR,ERR,ERR,ERR,ERR,ERR,ERR,ERR,ERR,ERR,ERR,ERR,ERR,ERR,ERR,ERR,ERR,ERR,ERR,ERR,ERR,ERR,ERR,ERR,ERR,ERR,ERR,ERR,ERR,ERR,ERR,ERR,ERR,ERR,ERR,ERR,ERR,ERR,ERR,ERR,ERR,ERR,ERR,ERR,ERR,ERR,ERR,ERR,ERR,ERR,ERR,ERR,ERR,ERR,ERR,ERR,ERR,ERR,ERR,ERR,ERR,ERR,ERR,ERR,ERR,ERR,ERR,ERR,ERR,ERR,ERR,ERR,ERR,0.0,0.0,0.0,0.0,0.0,1.3936040501711995e+18,7.805,0.0,0,0,4,0,8422,0.0,45,0.0,0.0,0.0,0.0,0.0,0,0,0,0,0.0,0,0,0,0,0,0,0,0,0,0,0,0,0,0,0,0,0,0,0,0,0,0,0,0,0,0,0,0,0,0,0,0,0,38,14,7,45,65476,0,300,0,0,8,21553,0.0,-107605600.0,0.0,0.0,0.0,0.0,0.0,0.0,0.0,0.0,0.0,0.0,0.0,0.0,0.0,0.0,0.0,0.0,0.0,0.0,0.0,0.0,0.0,2.004,-0.0,0.0,0.0,0.0,0.0,0.0,4983.0,8608181248.0,0.0,0.0,0.0,-107615280.0,2.718429300292151e+23,0.0,0.0,0.0,0.0,53,-0.0,-107614768.0,0.0,0.0,0.0,0.0,0.0,0.0,0.0,0,0,0,0.0,0.0,0.0,0.0,0.0,0.0,0.0,0.0,0.0,0.0,0.0,0.0,0.0,0.0,0.0,0.0,0,-107875648.0,53,0.0,106,-107614832.0,0.0,ERR,ERR,ERR,ERR,ERR,ERR,ERR,ERR,ERR,ERR,ERR,ERR,ERR,ERR,ERR,ERR,ERR,ERR,ERR,ERR,ERR,ERR,ERR,ERR,ERR,ERR,ERR,ERR,ERR,ERR,ERR,ERR,ERR,ERR,ERR,ERR,ERR,ERR,ERR,ERR,ERR,ERR,ERR,ERR,ERR,ERR,ERR,ERR,ERR,ERR,ERR,ERR,ERR,ERR,ERR,ERR,ERR,ERR,ERR,ERR,ERR,ERR,ERR,ERR,ERR,ERR,ERR,50.0,60.0,100,0.0,0.0,0.0,0.0,0.0,0.0,0.0,0.0,0.0,0.0,0.0,0.0,0.0,0.0,0.0,0.0,61.6,73,14,65512,50,65476,0,300,0,0,8,20529,65476,0,0,26214,60.0,0.0,0.0,0.0,0.0,0.0
2026-05-17T18:29:26,ERR,ERR,ERR,ERR,ERR,ERR,ERR,ERR,ERR,ERR,ERR,ERR,ERR,ERR,ERR,ERR,ERR,ERR,ERR,ERR,ERR,ERR,ERR,ERR,ERR,ERR,ERR,ERR,ERR,ERR,ERR,ERR,ERR,ERR,ERR,ERR,ERR,ERR,ERR,ERR,ERR,ERR,ERR,ERR,ERR,ERR,ERR,ERR,ERR,ERR,ERR,ERR,ERR,ERR,ERR,ERR,ERR,ERR,ERR,ERR,ERR,ERR,ERR,ERR,ERR,ERR,ERR,ERR,ERR,ERR,ERR,ERR,ERR,ERR,ERR,ERR,ERR,ERR,ERR,ERR,ERR,ERR,ERR,ERR,ERR,ERR,ERR,ERR,ERR,ERR,ERR,ERR,ERR,ERR,ERR,ERR,ERR,ERR,ERR,ERR,ERR,ERR,ERR,ERR,ERR,ERR,ERR,ERR,ERR,ERR,ERR,ERR,ERR,ERR,ERR,ERR,ERR,ERR,ERR,ERR,ERR,ERR,ERR,ERR,ERR,0.0,0.0,0.0,0.0,0.0,1.3936040501711995e+18,7.805,0.0,0,0,4,0,8422,0.0,45,0.0,0.0,0.0,0.0,0.0,0,0,0,0,0.0,0,0,0,0,0,0,0,0,0,0,0,0,0,0,0,0,0,0,0,0,0,0,0,0,0,0,0,0,0,0,0,0,0,38,14,7,45,65476,0,300,0,0,8,21553,0.0,-107605600.0,0.0,0.0,0.0,0.0,0.0,0.0,0.0,0.0,0.0,0.0,0.0,0.0,0.0,0.0,0.0,0.0,0.0,0.0,0.0,0.0,0.0,2.004,-0.0,0.0,0.0,0.0,0.0,0.0,4983.0,8608181248.0,0.0,0.0,0.0,-107615280.0,2.718429300292151e+23,0.0,0.0,0.0,0.0,53,-0.0,-107614768.0,0.0,0.0,0.0,0.0,0.0,0.0,0.0,0,0,0,0.0,0.0,0.0,0.0,0.0,0.0,0.0,0.0,0.0,0.0,0.0,0.0,0.0,0.0,0.0,0.0,0,-107875648.0,53,0.0,106,-107614832.0,0.0,ERR,ERR,ERR,ERR,ERR,ERR,ERR,ERR,ERR,ERR,ERR,ERR,ERR,ERR,ERR,ERR,ERR,ERR,ERR,ERR,ERR,ERR,ERR,ERR,ERR,ERR,ERR,ERR,ERR,ERR,ERR,ERR,ERR,ERR,ERR,ERR,ERR,ERR,ERR,ERR,ERR,ERR,ERR,ERR,ERR,ERR,ERR,ERR,ERR,ERR,ERR,ERR,ERR,ERR,ERR,ERR,ERR,ERR,ERR,ERR,ERR,ERR,ERR,ERR,ERR,ERR,ERR,50.0,60.0,100,0.0,0.0,0.0,0.0,0.0,0.0,0.0,0.0,0.0,0.0,0.0,0.0,0.0,0.0,0.0,0.0,61.6,73,14,65512,50,65476,0,300,0,0,8,20529,65476,0,0,26214,60.0,0.0,0.0,0.0,0.0,0.0
2026-05-17T18:29:27,ERR,ERR,ERR,ERR,ERR,ERR,ERR,ERR,ERR,ERR,ERR,ERR,ERR,ERR,ERR,ERR,ERR,ERR,ERR,ERR,ERR,ERR,ERR,ERR,ERR,ERR,ERR,ERR,ERR,ERR,ERR,ERR,ERR,ERR,ERR,ERR,ERR,ERR,ERR,ERR,ERR,ERR,ERR,ERR,ERR,ERR,ERR,ERR,ERR,ERR,ERR,ERR,ERR,ERR,ERR,ERR,ERR,ERR,ERR,ERR,ERR,ERR,ERR,ERR,ERR,ERR,ERR,ERR,ERR,ERR,ERR,ERR,ERR,ERR,ERR,ERR,ERR,ERR,ERR,ERR,ERR,ERR,ERR,ERR,ERR,ERR,ERR,ERR,ERR,ERR,ERR,ERR,ERR,ERR,ERR,ERR,ERR,ERR,ERR,ERR,ERR,ERR,ERR,ERR,ERR,ERR,ERR,ERR,ERR,ERR,ERR,ERR,ERR,ERR,ERR,ERR,ERR,ERR,ERR,ERR,ERR,ERR,ERR,ERR,ERR,0.0,0.0,0.0,0.0,0.0,1.3936040501711995e+18,7.805,0.0,0,0,4,0,8422,0.0,45,0.0,0.0,0.0,0.0,0.0,0,0,0,0,0.0,0,0,0,0,0,0,0,0,0,0,0,0,0,0,0,0,0,0,0,0,0,0,0,0,0,0,0,0,0,0,0,0,0,38,14,7,45,65476,0,300,0,0,8,21553,0.0,-107605600.0,0.0,0.0,0.0,0.0,0.0,0.0,0.0,0.0,0.0,0.0,0.0,0.0,0.0,0.0,0.0,0.0,0.0,0.0,0.0,0.0,0.0,2.004,-0.0,0.0,0.0,0.0,0.0,0.0,4983.0,8608181248.0,0.0,0.0,0.0,-107615280.0,2.718429300292151e+23,0.0,0.0,0.0,0.0,53,-0.0,-107614768.0,0.0,0.0,0.0,0.0,0.0,0.0,0.0,0,0,0,0.0,0.0,0.0,0.0,0.0,0.0,0.0,0.0,0.0,0.0,0.0,0.0,0.0,0.0,0.0,0.0,0,-107875648.0,53,0.0,106,-107614832.0,0.0,ERR,ERR,ERR,ERR,ERR,ERR,ERR,ERR,ERR,ERR,ERR,ERR,ERR,ERR,ERR,ERR,ERR,ERR,ERR,ERR,ERR,ERR,ERR,ERR,ERR,ERR,ERR,ERR,ERR,ERR,ERR,ERR,ERR,ERR,ERR,ERR,ERR,ERR,ERR,ERR,ERR,ERR,ERR,ERR,ERR,ERR,ERR,ERR,ERR,ERR,ERR,ERR,ERR,ERR,ERR,ERR,ERR,ERR,ERR,ERR,ERR,ERR,ERR,ERR,ERR,ERR,ERR,50.0,60.0,100,0.0,0.0,0.0,0.0,0.0,0.0,0.0,0.0,0.0,0.0,0.0,0.0,0.0,0.0,0.0,0.0,62.0,73,14,65512,50,65476,0,300,0,0,8,20529,65476,0,0,26214,60.0,0.0,0.0,0.0,0.0,0.0
2026-05-17T18:29:28,ERR,ERR,ERR,ERR,ERR,ERR,ERR,ERR,ERR,ERR,ERR,ERR,ERR,ERR,ERR,ERR,ERR,ERR,ERR,ERR,ERR,ERR,ERR,ERR,ERR,ERR,ERR,ERR,ERR,ERR,ERR,ERR,ERR,ERR,ERR,ERR,ERR,ERR,ERR,ERR,ERR,ERR,ERR,ERR,ERR,ERR,ERR,ERR,ERR,ERR,ERR,ERR,ERR,ERR,ERR,ERR,ERR,ERR,ERR,ERR,ERR,ERR,ERR,ERR,ERR,ERR,ERR,ERR,ERR,ERR,ERR,ERR,ERR,ERR,ERR,ERR,ERR,ERR,ERR,ERR,ERR,ERR,ERR,ERR,ERR,ERR,ERR,ERR,ERR,ERR,ERR,ERR,ERR,ERR,ERR,ERR,ERR,ERR,ERR,ERR,ERR,ERR,ERR,ERR,ERR,ERR,ERR,ERR,ERR,ERR,ERR,ERR,ERR,ERR,ERR,ERR,ERR,ERR,ERR,ERR,ERR,ERR,ERR,ERR,ERR,0.0,0.0,0.0,0.0,0.0,1.3936040501711995e+18,7.805,0.0,0,0,4,0,8422,0.0,45,0.0,0.0,0.0,0.0,0.0,0,0,0,0,0.0,0,0,0,0,0,0,0,0,0,0,0,0,0,0,0,0,0,0,0,0,0,0,0,0,0,0,0,0,0,0,0,0,0,38,14,7,45,65476,0,300,0,0,8,21553,0.0,-107605600.0,0.0,0.0,0.0,0.0,0.0,0.0,0.0,0.0,0.0,0.0,0.0,0.0,0.0,0.0,0.0,0.0,0.0,0.0,0.0,0.0,0.0,2.004,-0.0,0.0,0.0,0.0,0.0,0.0,4984.0,3.6971856938200465e+19,0.0,0.0,0.0,-107615280.0,2.718429300292151e+23,0.0,0.0,0.0,0.0,53,-0.0,-2.3088276994979896e+20,0.0,0.0,0.0,0.0,0.0,0.0,0.0,0,0,0,0.0,0.0,0.0,0.0,0.0,0.0,0.0,0.0,0.0,0.0,0.0,0.0,0.0,0.0,0.0,0.0,0,-107875648.0,53,0.0,106,-107614832.0,0.0,ERR,ERR,ERR,ERR,ERR,ERR,ERR,ERR,ERR,ERR,ERR,ERR,ERR,ERR,ERR,ERR,ERR,ERR,ERR,ERR,ERR,ERR,ERR,ERR,ERR,ERR,ERR,ERR,ERR,ERR,ERR,ERR,ERR,ERR,ERR,ERR,ERR,ERR,ERR,ERR,ERR,ERR,ERR,ERR,ERR,ERR,ERR,ERR,ERR,ERR,ERR,ERR,ERR,ERR,ERR,ERR,ERR,ERR,ERR,ERR,ERR,ERR,ERR,ERR,ERR,ERR,ERR,50.0,60.0,100,0.0,0.0,0.0,0.0,0.0,0.0,0.0,0.0,0.0,0.0,0.0,0.0,0.0,0.0,0.0,0.0,62.0,73,14,65512,50,65476,0,300,0,0,8,20529,65476,0,0,26214,60.0,0.0,0.0,0.0,0.0,0.0
2026-05-17T18:29:29,ERR,ERR,ERR,ERR,ERR,ERR,ERR,ERR,ERR,ERR,ERR,ERR,ERR,ERR,ERR,ERR,ERR,ERR,ERR,ERR,ERR,ERR,ERR,ERR,ERR,ERR,ERR,ERR,ERR,ERR,ERR,ERR,ERR,ERR,ERR,ERR,ERR,ERR,ERR,ERR,ERR,ERR,ERR,ERR,ERR,ERR,ERR,ERR,ERR,ERR,ERR,ERR,ERR,ERR,ERR,ERR,ERR,ERR,ERR,ERR,ERR,ERR,ERR,ERR,ERR,ERR,ERR,ERR,ERR,ERR,ERR,ERR,ERR,ERR,ERR,ERR,ERR,ERR,ERR,ERR,ERR,ERR,ERR,ERR,ERR,ERR,ERR,ERR,ERR,ERR,ERR,ERR,ERR,ERR,ERR,ERR,ERR,ERR,ERR,ERR,ERR,ERR,ERR,ERR,ERR,ERR,ERR,ERR,ERR,ERR,ERR,ERR,ERR,ERR,ERR,ERR,ERR,ERR,ERR,ERR,ERR,ERR,ERR,ERR,ERR,0.0,0.0,0.0,0.0,0.0,1.3936040501711995e+18,7.805,0.0,0,0,4,0,8422,0.0,45,0.0,0.0,0.0,0.0,0.0,0,0,0,0,0.0,0,0,0,0,0,0,0,0,0,0,0,0,0,0,0,0,0,0,0,0,0,0,0,0,0,0,0,0,0,0,0,0,0,38,14,7,45,65476,0,300,0,0,8,21553,0.0,-107605600.0,0.0,0.0,0.0,0.0,0.0,0.0,0.0,0.0,0.0,0.0,0.0,0.0,0.0,0.0,0.0,0.0,0.0,0.0,0.0,0.0,0.0,2.004,-0.0,0.0,0.0,0.0,0.0,0.0,4984.0,3.6971856938200465e+19,0.0,0.0,0.0,-107615280.0,2.718429300292151e+23,0.0,0.0,0.0,0.0,53,-0.0,-2.3088276994979896e+20,0.0,0.0,0.0,0.0,0.0,0.0,0.0,0,0,0,0.0,0.0,0.0,0.0,0.0,0.0,0.0,0.0,0.0,0.0,0.0,0.0,0.0,0.0,0.0,0.0,0,-107875648.0,53,0.0,106,-107614832.0,0.0,ERR,ERR,ERR,ERR,ERR,ERR,ERR,ERR,ERR,ERR,ERR,ERR,ERR,ERR,ERR,ERR,ERR,ERR,ERR,ERR,ERR,ERR,ERR,ERR,ERR,ERR,ERR,ERR,ERR,ERR,ERR,ERR,ERR,ERR,ERR,ERR,ERR,ERR,ERR,ERR,ERR,ERR,ERR,ERR,ERR,ERR,ERR,ERR,ERR,ERR,ERR,ERR,ERR,ERR,ERR,ERR,ERR,ERR,ERR,ERR,ERR,ERR,ERR,ERR,ERR,ERR,ERR,50.0,60.0,100,0.0,0.0,0.0,0.0,0.0,0.0,0.0,0.0,0.0,0.0,0.0,0.0,0.0,0.0,0.0,0.0,62.0,73,14,65512,50,65476,0,300,0,0,8,20529,65476,0,0,26214,60.0,0.0,0.0,0.0,0.0,0.0
2026-05-17T18:29:30,ERR,ERR,ERR,ERR,ERR,ERR,ERR,ERR,ERR,ERR,ERR,ERR,ERR,ERR,ERR,ERR,ERR,ERR,ERR,ERR,ERR,ERR,ERR,ERR,ERR,ERR,ERR,ERR,ERR,ERR,ERR,ERR,ERR,ERR,ERR,ERR,ERR,ERR,ERR,ERR,ERR,ERR,ERR,ERR,ERR,ERR,ERR,ERR,ERR,ERR,ERR,ERR,ERR,ERR,ERR,ERR,ERR,ERR,ERR,ERR,ERR,ERR,ERR,ERR,ERR,ERR,ERR,ERR,ERR,ERR,ERR,ERR,ERR,ERR,ERR,ERR,ERR,ERR,ERR,ERR,ERR,ERR,ERR,ERR,ERR,ERR,ERR,ERR,ERR,ERR,ERR,ERR,ERR,ERR,ERR,ERR,ERR,ERR,ERR,ERR,ERR,ERR,ERR,ERR,ERR,ERR,ERR,ERR,ERR,ERR,ERR,ERR,ERR,ERR,ERR,ERR,ERR,ERR,ERR,ERR,ERR,ERR,ERR,ERR,ERR,0.0,0.0,0.0,0.0,0.0,1.3936040501711995e+18,7.805,0.0,0,0,4,0,8422,0.0,45,0.0,0.0,0.0,0.0,0.0,0,0,0,0,0.0,0,0,0,0,0,0,0,0,0,0,0,0,0,0,0,0,0,0,0,0,0,0,0,0,0,0,0,0,0,0,0,0,0,38,14,7,45,65476,0,300,0,0,8,21553,0.0,-107605600.0,0.0,0.0,0.0,0.0,0.0,0.0,0.0,0.0,0.0,0.0,0.0,0.0,0.0,0.0,0.0,0.0,0.0,0.0,0.0,0.0,0.0,2.004,-0.0,0.0,0.0,0.0,0.0,0.0,4984.0,3.6971856938200465e+19,0.0,0.0,0.0,-107615280.0,2.718429300292151e+23,0.0,0.0,0.0,0.0,53,-0.0,-2.3088276994979896e+20,0.0,0.0,0.0,0.0,0.0,0.0,0.0,0,0,0,0.0,0.0,0.0,0.0,0.0,0.0,0.0,0.0,0.0,0.0,0.0,0.0,0.0,0.0,0.0,0.0,0,-107875648.0,53,0.0,106,-107614832.0,0.0,ERR,ERR,ERR,ERR,ERR,ERR,ERR,ERR,ERR,ERR,ERR,ERR,ERR,ERR,ERR,ERR,ERR,ERR,ERR,ERR,ERR,ERR,ERR,ERR,ERR,ERR,ERR,ERR,ERR,ERR,ERR,ERR,ERR,ERR,ERR,ERR,ERR,ERR,ERR,ERR,ERR,ERR,ERR,ERR,ERR,ERR,ERR,ERR,ERR,ERR,ERR,ERR,ERR,ERR,ERR,ERR,ERR,ERR,ERR,ERR,ERR,ERR,ERR,ERR,ERR,ERR,ERR,50.0,60.0,100,0.0,0.0,0.0,0.0,0.0,0.0,0.0,0.0,0.0,0.0,0.0,0.0,0.0,0.0,0.0,0.0,61.6,73,14,65512,50,65476,0,300,0,0,8,20529,65476,0,0,26214,60.0,0.0,0.0,0.0,0.0,0.0
2026-05-17T18:29:31,ERR,ERR,ERR,ERR,ERR,ERR,ERR,ERR,ERR,ERR,ERR,ERR,ERR,ERR,ERR,ERR,ERR,ERR,ERR,ERR,ERR,ERR,ERR,ERR,ERR,ERR,ERR,ERR,ERR,ERR,ERR,ERR,ERR,ERR,ERR,ERR,ERR,ERR,ERR,ERR,ERR,ERR,ERR,ERR,ERR,ERR,ERR,ERR,ERR,ERR,ERR,ERR,ERR,ERR,ERR,ERR,ERR,ERR,ERR,ERR,ERR,ERR,ERR,ERR,ERR,ERR,ERR,ERR,ERR,ERR,ERR,ERR,ERR,ERR,ERR,ERR,ERR,ERR,ERR,ERR,ERR,ERR,ERR,ERR,ERR,ERR,ERR,ERR,ERR,ERR,ERR,ERR,ERR,ERR,ERR,ERR,ERR,ERR,ERR,ERR,ERR,ERR,ERR,ERR,ERR,ERR,ERR,ERR,ERR,ERR,ERR,ERR,ERR,ERR,ERR,ERR,ERR,ERR,ERR,ERR,ERR,ERR,ERR,ERR,ERR,0.0,0.0,0.0,0.0,0.0,1.3936040501711995e+18,7.805,0.0,0,0,4,0,8422,0.0,45,0.0,0.0,0.0,0.0,0.0,0,0,0,0,0.0,0,0,0,0,0,0,0,0,0,0,0,0,0,0,0,0,0,0,0,0,0,0,0,0,0,0,0,0,0,0,0,0,0,38,14,7,45,65476,0,300,0,0,8,21553,0.0,-107605600.0,0.0,0.0,0.0,0.0,0.0,0.0,0.0,0.0,0.0,0.0,0.0,0.0,0.0,0.0,0.0,0.0,0.0,0.0,0.0,0.0,0.0,2.004,-0.0,0.0,0.0,0.0,0.0,0.0,4984.0,3.6971856938200465e+19,0.0,0.0,0.0,-107615280.0,2.718429300292151e+23,0.0,0.0,0.0,0.0,53,-0.0,-2.3088276994979896e+20,0.0,0.0,0.0,0.0,0.0,0.0,0.0,0,0,0,0.0,0.0,0.0,0.0,0.0,0.0,0.0,0.0,0.0,0.0,0.0,0.0,0.0,0.0,0.0,0.0,0,-107875648.0,53,0.0,106,-107614832.0,0.0,ERR,ERR,ERR,ERR,ERR,ERR,ERR,ERR,ERR,ERR,ERR,ERR,ERR,ERR,ERR,ERR,ERR,ERR,ERR,ERR,ERR,ERR,ERR,ERR,ERR,ERR,ERR,ERR,ERR,ERR,ERR,ERR,ERR,ERR,ERR,ERR,ERR,ERR,ERR,ERR,ERR,ERR,ERR,ERR,ERR,ERR,ERR,ERR,ERR,ERR,ERR,ERR,ERR,ERR,ERR,ERR,ERR,ERR,ERR,ERR,ERR,ERR,ERR,ERR,ERR,ERR,ERR,50.0,60.0,100,0.0,0.0,0.0,0.0,0.0,0.0,0.0,0.0,0.0,0.0,0.0,0.0,0.0,0.0,0.0,0.0,61.6,73,14,65512,50,65476,0,300,0,0,8,20529,65476,0,0,26214,60.0,0.0,0.0,0.0,0.0,0.0
2026-05-17T18:29:32,ERR,ERR,ERR,ERR,ERR,ERR,ERR,ERR,ERR,ERR,ERR,ERR,ERR,ERR,ERR,ERR,ERR,ERR,ERR,ERR,ERR,ERR,ERR,ERR,ERR,ERR,ERR,ERR,ERR,ERR,ERR,ERR,ERR,ERR,ERR,ERR,ERR,ERR,ERR,ERR,ERR,ERR,ERR,ERR,ERR,ERR,ERR,ERR,ERR,ERR,ERR,ERR,ERR,ERR,ERR,ERR,ERR,ERR,ERR,ERR,ERR,ERR,ERR,ERR,ERR,ERR,ERR,ERR,ERR,ERR,ERR,ERR,ERR,ERR,ERR,ERR,ERR,ERR,ERR,ERR,ERR,ERR,ERR,ERR,ERR,ERR,ERR,ERR,ERR,ERR,ERR,ERR,ERR,ERR,ERR,ERR,ERR,ERR,ERR,ERR,ERR,ERR,ERR,ERR,ERR,ERR,ERR,ERR,ERR,ERR,ERR,ERR,ERR,ERR,ERR,ERR,ERR,ERR,ERR,ERR,ERR,ERR,ERR,ERR,ERR,0.0,0.0,0.0,0.0,0.0,1.3936040501711995e+18,7.805,0.0,0,0,4,0,8422,0.0,45,0.0,0.0,0.0,0.0,0.0,0,0,0,0,0.0,0,0,0,0,0,0,0,0,0,0,0,0,0,0,0,0,0,0,0,0,0,0,0,0,0,0,0,0,0,0,0,0,0,38,14,7,45,65476,0,300,0,0,8,21553,0.0,-107605600.0,0.0,0.0,0.0,0.0,0.0,0.0,0.0,0.0,0.0,0.0,0.0,0.0,0.0,0.0,0.0,0.0,0.0,0.0,0.0,0.0,0.0,2.004,-0.0,0.0,0.0,0.0,0.0,0.0,4984.0,3.6971856938200465e+19,0.0,0.0,0.0,-107615280.0,2.718429300292151e+23,0.0,0.0,0.0,0.0,53,-0.0,-2.3088276994979896e+20,0.0,0.0,0.0,0.0,0.0,0.0,0.0,0,0,0,0.0,0.0,0.0,0.0,0.0,0.0,0.0,0.0,0.0,0.0,0.0,0.0,0.0,0.0,0.0,0.0,0,-107875648.0,53,0.0,106,-107614832.0,0.0,ERR,ERR,ERR,ERR,ERR,ERR,ERR,ERR,ERR,ERR,ERR,ERR,ERR,ERR,ERR,ERR,ERR,ERR,ERR,ERR,ERR,ERR,ERR,ERR,ERR,ERR,ERR,ERR,ERR,ERR,ERR,ERR,ERR,ERR,ERR,ERR,ERR,ERR,ERR,ERR,ERR,ERR,ERR,ERR,ERR,ERR,ERR,ERR,ERR,ERR,ERR,ERR,ERR,ERR,ERR,ERR,ERR,ERR,ERR,ERR,ERR,ERR,ERR,ERR,ERR,ERR,ERR,50.0,60.0,100,0.0,0.0,0.0,0.0,0.0,0.0,0.0,0.0,0.0,0.0,0.0,0.0,0.0,0.0,0.0,0.0,61.6,73,14,65512,50,65476,0,300,0,0,8,20529,65476,0,0,26214,60.0,0.0,0.0,0.0,0.0,0.0
2026-05-17T18:29:33,ERR,ERR,ERR,ERR,ERR,ERR,ERR,ERR,ERR,ERR,ERR,ERR,ERR,ERR,ERR,ERR,ERR,ERR,ERR,ERR,ERR,ERR,ERR,ERR,ERR,ERR,ERR,ERR,ERR,ERR,ERR,ERR,ERR,ERR,ERR,ERR,ERR,ERR,ERR,ERR,ERR,ERR,ERR,ERR,ERR,ERR,ERR,ERR,ERR,ERR,ERR,ERR,ERR,ERR,ERR,ERR,ERR,ERR,ERR,ERR,ERR,ERR,ERR,ERR,ERR,ERR,ERR,ERR,ERR,ERR,ERR,ERR,ERR,ERR,ERR,ERR,ERR,ERR,ERR,ERR,ERR,ERR,ERR,ERR,ERR,ERR,ERR,ERR,ERR,ERR,ERR,ERR,ERR,ERR,ERR,ERR,ERR,ERR,ERR,ERR,ERR,ERR,ERR,ERR,ERR,ERR,ERR,ERR,ERR,ERR,ERR,ERR,ERR,ERR,ERR,ERR,ERR,ERR,ERR,ERR,ERR,ERR,ERR,ERR,ERR,0.0,0.0,0.0,0.0,0.0,1.3936040501711995e+18,7.805,0.0,0,0,4,0,8422,0.0,45,0.0,0.0,0.0,0.0,0.0,0,0,0,0,0.0,0,0,0,0,0,0,0,0,0,0,0,0,0,0,0,0,0,0,0,0,0,0,0,0,0,0,0,0,0,0,0,0,0,38,14,7,45,65476,0,300,0,0,8,21553,0.0,-107605600.0,0.0,0.0,0.0,0.0,0.0,0.0,0.0,0.0,0.0,0.0,0.0,0.0,0.0,0.0,0.0,0.0,0.0,0.0,0.0,0.0,0.0,2.004,-0.0,0.0,0.0,0.0,0.0,0.0,4950.0,-3.6971852540153954e+19,0.0,0.0,0.0,-107615280.0,2.718429300292151e+23,0.0,0.0,0.0,0.0,53,-0.0,0.059,0.0,0.0,0.0,0.0,0.0,0.0,0.0,0,0,0,0.0,0.0,0.0,0.0,0.0,0.0,0.0,0.0,0.0,0.0,0.0,0.0,0.0,0.0,0.0,0.0,0,-107875648.0,53,0.0,106,-107614832.0,0.0,ERR,ERR,ERR,ERR,ERR,ERR,ERR,ERR,ERR,ERR,ERR,ERR,ERR,ERR,ERR,ERR,ERR,ERR,ERR,ERR,ERR,ERR,ERR,ERR,ERR,ERR,ERR,ERR,ERR,ERR,ERR,ERR,ERR,ERR,ERR,ERR,ERR,ERR,ERR,ERR,ERR,ERR,ERR,ERR,ERR,ERR,ERR,ERR,ERR,ERR,ERR,ERR,ERR,ERR,ERR,ERR,ERR,ERR,ERR,ERR,ERR,ERR,ERR,ERR,ERR,ERR,ERR,50.0,60.0,100,0.0,0.0,0.0,0.0,0.0,0.0,0.0,0.0,0.0,0.0,0.0,0.0,0.0,0.0,0.0,0.0,61.6,73,14,65512,50,65476,0,300,0,0,8,20529,65476,0,0,26214,60.0,0.0,0.0,0.0,0.0,0.0
2026-05-17T18:29:34,ERR,ERR,ERR,ERR,ERR,ERR,ERR,ERR,ERR,ERR,ERR,ERR,ERR,ERR,ERR,ERR,ERR,ERR,ERR,ERR,ERR,ERR,ERR,ERR,ERR,ERR,ERR,ERR,ERR,ERR,ERR,ERR,ERR,ERR,ERR,ERR,ERR,ERR,ERR,ERR,ERR,ERR,ERR,ERR,ERR,ERR,ERR,ERR,ERR,ERR,ERR,ERR,ERR,ERR,ERR,ERR,ERR,ERR,ERR,ERR,ERR,ERR,ERR,ERR,ERR,ERR,ERR,ERR,ERR,ERR,ERR,ERR,ERR,ERR,ERR,ERR,ERR,ERR,ERR,ERR,ERR,ERR,ERR,ERR,ERR,ERR,ERR,ERR,ERR,ERR,ERR,ERR,ERR,ERR,ERR,ERR,ERR,ERR,ERR,ERR,ERR,ERR,ERR,ERR,ERR,ERR,ERR,ERR,ERR,ERR,ERR,ERR,ERR,ERR,ERR,ERR,ERR,ERR,ERR,ERR,ERR,ERR,ERR,ERR,ERR,0.0,0.0,0.0,0.0,0.0,1.3936040501711995e+18,7.805,0.0,0,0,4,0,8422,0.0,45,0.0,0.0,0.0,0.0,0.0,0,0,0,0,0.0,0,0,0,0,0,0,0,0,0,0,0,0,0,0,0,0,0,0,0,0,0,0,0,0,0,0,0,0,0,0,0,0,0,38,14,7,45,65476,0,300,0,0,8,21553,0.0,-107605600.0,0.0,0.0,0.0,0.0,0.0,0.0,0.0,0.0,0.0,0.0,0.0,0.0,0.0,0.0,0.0,0.0,0.0,0.0,0.0,0.0,0.0,2.004,-0.0,0.0,0.0,0.0,0.0,0.0,4950.0,-3.6971852540153954e+19,0.0,0.0,0.0,-107615280.0,2.718429300292151e+23,0.0,0.0,0.0,0.0,53,-0.0,0.059,0.0,0.0,0.0,0.0,0.0,0.0,0.0,0,0,0,0.0,0.0,0.0,0.0,0.0,0.0,0.0,0.0,0.0,0.0,0.0,0.0,0.0,0.0,0.0,0.0,0,-107875648.0,53,0.0,106,-107614832.0,0.0,ERR,ERR,ERR,ERR,ERR,ERR,ERR,ERR,ERR,ERR,ERR,ERR,ERR,ERR,ERR,ERR,ERR,ERR,ERR,ERR,ERR,ERR,ERR,ERR,ERR,ERR,ERR,ERR,ERR,ERR,ERR,ERR,ERR,ERR,ERR,ERR,ERR,ERR,ERR,ERR,ERR,ERR,ERR,ERR,ERR,ERR,ERR,ERR,ERR,ERR,ERR,ERR,ERR,ERR,ERR,ERR,ERR,ERR,ERR,ERR,ERR,ERR,ERR,ERR,ERR,ERR,ERR,50.0,60.0,100,0.0,0.0,0.0,0.0,0.0,0.0,0.0,0.0,0.0,0.0,0.0,0.0,0.0,0.0,0.0,0.0,61.6,73,14,65512,50,65476,0,300,0,0,8,20529,65476,0,0,26214,60.0,0.0,0.0,0.0,0.0,0.0
2026-05-17T18:29:35,ERR,ERR,ERR,ERR,ERR,ERR,ERR,ERR,ERR,ERR,ERR,ERR,ERR,ERR,ERR,ERR,ERR,ERR,ERR,ERR,ERR,ERR,ERR,ERR,ERR,ERR,ERR,ERR,ERR,ERR,ERR,ERR,ERR,ERR,ERR,ERR,ERR,ERR,ERR,ERR,ERR,ERR,ERR,ERR,ERR,ERR,ERR,ERR,ERR,ERR,ERR,ERR,ERR,ERR,ERR,ERR,ERR,ERR,ERR,ERR,ERR,ERR,ERR,ERR,ERR,ERR,ERR,ERR,ERR,ERR,ERR,ERR,ERR,ERR,ERR,ERR,ERR,ERR,ERR,ERR,ERR,ERR,ERR,ERR,ERR,ERR,ERR,ERR,ERR,ERR,ERR,ERR,ERR,ERR,ERR,ERR,ERR,ERR,ERR,ERR,ERR,ERR,ERR,ERR,ERR,ERR,ERR,ERR,ERR,ERR,ERR,ERR,ERR,ERR,ERR,ERR,ERR,ERR,ERR,ERR,ERR,ERR,ERR,ERR,ERR,0.0,0.0,0.0,0.0,0.0,1.3936040501711995e+18,7.805,0.0,0,0,4,0,8422,0.0,45,0.0,0.0,0.0,0.0,0.0,0,0,0,0,0.0,0,0,0,0,0,0,0,0,0,0,0,0,0,0,0,0,0,0,0,0,0,0,0,0,0,0,0,0,0,0,0,0,0,38,14,7,45,65476,0,300,0,0,8,21553,0.0,-107605600.0,0.0,0.0,0.0,0.0,0.0,0.0,0.0,0.0,0.0,0.0,0.0,0.0,0.0,0.0,0.0,0.0,0.0,0.0,0.0,0.0,0.0,2.004,-0.0,0.0,0.0,0.0,0.0,0.0,4950.0,-3.6971852540153954e+19,0.0,0.0,0.0,-107615280.0,2.718429300292151e+23,0.0,0.0,0.0,0.0,53,-0.0,0.059,0.0,0.0,0.0,0.0,0.0,0.0,0.0,0,0,0,0.0,0.0,0.0,0.0,0.0,0.0,0.0,0.0,0.0,0.0,0.0,0.0,0.0,0.0,0.0,0.0,0,-107875648.0,53,0.0,106,-107614832.0,0.0,ERR,ERR,ERR,ERR,ERR,ERR,ERR,ERR,ERR,ERR,ERR,ERR,ERR,ERR,ERR,ERR,ERR,ERR,ERR,ERR,ERR,ERR,ERR,ERR,ERR,ERR,ERR,ERR,ERR,ERR,ERR,ERR,ERR,ERR,ERR,ERR,ERR,ERR,ERR,ERR,ERR,ERR,ERR,ERR,ERR,ERR,ERR,ERR,ERR,ERR,ERR,ERR,ERR,ERR,ERR,ERR,ERR,ERR,ERR,ERR,ERR,ERR,ERR,ERR,ERR,ERR,ERR,50.0,60.0,100,0.0,0.0,0.0,0.0,0.0,0.0,0.0,0.0,0.0,0.0,0.0,0.0,0.0,0.0,0.0,0.0,61.6,73,14,65512,50,65476,0,300,0,0,8,20529,65476,0,0,26214,60.0,0.0,0.0,0.0,0.0,0.0
2026-05-17T18:29:36,ERR,ERR,ERR,ERR,ERR,ERR,ERR,ERR,ERR,ERR,ERR,ERR,ERR,ERR,ERR,ERR,ERR,ERR,ERR,ERR,ERR,ERR,ERR,ERR,ERR,ERR,ERR,ERR,ERR,ERR,ERR,ERR,ERR,ERR,ERR,ERR,ERR,ERR,ERR,ERR,ERR,ERR,ERR,ERR,ERR,ERR,ERR,ERR,ERR,ERR,ERR,ERR,ERR,ERR,ERR,ERR,ERR,ERR,ERR,ERR,ERR,ERR,ERR,ERR,ERR,ERR,ERR,ERR,ERR,ERR,ERR,ERR,ERR,ERR,ERR,ERR,ERR,ERR,ERR,ERR,ERR,ERR,ERR,ERR,ERR,ERR,ERR,ERR,ERR,ERR,ERR,ERR,ERR,ERR,ERR,ERR,ERR,ERR,ERR,ERR,ERR,ERR,ERR,ERR,ERR,ERR,ERR,ERR,ERR,ERR,ERR,ERR,ERR,ERR,ERR,ERR,ERR,ERR,ERR,ERR,ERR,ERR,ERR,ERR,ERR,0.0,0.0,0.0,0.0,0.0,1.3936040501711995e+18,7.805,0.0,0,0,4,0,8422,0.0,45,0.0,0.0,0.0,0.0,0.0,0,0,0,0,0.0,0,0,0,0,0,0,0,0,0,0,0,0,0,0,0,0,0,0,0,0,0,0,0,0,0,0,0,0,0,0,0,0,0,38,14,7,45,65476,0,300,0,0,8,21553,0.0,-107605600.0,0.0,0.0,0.0,0.0,0.0,0.0,0.0,0.0,0.0,0.0,0.0,0.0,0.0,0.0,0.0,0.0,0.0,0.0,0.0,0.0,0.0,2.004,-0.0,0.0,0.0,0.0,0.0,0.0,4950.0,-3.6971852540153954e+19,0.0,0.0,0.0,-107615280.0,2.718429300292151e+23,0.0,0.0,0.0,0.0,53,-0.0,0.059,0.0,0.0,0.0,0.0,0.0,0.0,0.0,0,0,0,0.0,0.0,0.0,0.0,0.0,0.0,0.0,0.0,0.0,0.0,0.0,0.0,0.0,0.0,0.0,0.0,0,-107875648.0,53,0.0,106,-107614832.0,0.0,ERR,ERR,ERR,ERR,ERR,ERR,ERR,ERR,ERR,ERR,ERR,ERR,ERR,ERR,ERR,ERR,ERR,ERR,ERR,ERR,ERR,ERR,ERR,ERR,ERR,ERR,ERR,ERR,ERR,ERR,ERR,ERR,ERR,ERR,ERR,ERR,ERR,ERR,ERR,ERR,ERR,ERR,ERR,ERR,ERR,ERR,ERR,ERR,ERR,ERR,ERR,ERR,ERR,ERR,ERR,ERR,ERR,ERR,ERR,ERR,ERR,ERR,ERR,ERR,ERR,ERR,ERR,50.0,60.0,100,0.0,0.0,0.0,0.0,0.0,0.0,0.0,0.0,0.0,0.0,0.0,0.0,0.0,0.0,0.0,0.0,62.0,73,14,65512,50,65476,0,300,0,0,8,20529,65476,0,0,26214,60.0,0.0,0.0,0.0,0.0,0.0
2026-05-17T18:29:37,ERR,ERR,ERR,ERR,ERR,ERR,ERR,ERR,ERR,ERR,ERR,ERR,ERR,ERR,ERR,ERR,ERR,ERR,ERR,ERR,ERR,ERR,ERR,ERR,ERR,ERR,ERR,ERR,ERR,ERR,ERR,ERR,ERR,ERR,ERR,ERR,ERR,ERR,ERR,ERR,ERR,ERR,ERR,ERR,ERR,ERR,ERR,ERR,ERR,ERR,ERR,ERR,ERR,ERR,ERR,ERR,ERR,ERR,ERR,ERR,ERR,ERR,ERR,ERR,ERR,ERR,ERR,ERR,ERR,ERR,ERR,ERR,ERR,ERR,ERR,ERR,ERR,ERR,ERR,ERR,ERR,ERR,ERR,ERR,ERR,ERR,ERR,ERR,ERR,ERR,ERR,ERR,ERR,ERR,ERR,ERR,ERR,ERR,ERR,ERR,ERR,ERR,ERR,ERR,ERR,ERR,ERR,ERR,ERR,ERR,ERR,ERR,ERR,ERR,ERR,ERR,ERR,ERR,ERR,ERR,ERR,ERR,ERR,ERR,ERR,0.0,0.0,0.0,0.0,0.0,1.3936040501711995e+18,7.805,0.0,0,0,4,0,8422,0.0,45,0.0,0.0,0.0,0.0,0.0,0,0,0,0,0.0,0,0,0,0,0,0,0,0,0,0,0,0,0,0,0,0,0,0,0,0,0,0,0,0,0,0,0,0,0,0,0,0,0,38,14,7,45,65476,0,300,0,0,8,21553,0.0,-107605600.0,0.0,0.0,0.0,0.0,0.0,0.0,0.0,0.0,0.0,0.0,0.0,0.0,0.0,0.0,0.0,0.0,0.0,0.0,0.0,0.0,0.0,2.004,-0.0,0.0,0.0,0.0,0.0,0.0,4950.0,-3.6971852540153954e+19,0.0,0.0,0.0,-107615280.0,2.718429300292151e+23,0.0,0.0,0.0,0.0,53,-0.0,0.059,0.0,0.0,0.0,0.0,0.0,0.0,0.0,0,0,0,0.0,0.0,0.0,0.0,0.0,0.0,0.0,0.0,0.0,0.0,0.0,0.0,0.0,0.0,0.0,0.0,0,-107875648.0,53,0.0,106,-107614832.0,0.0,ERR,ERR,ERR,ERR,ERR,ERR,ERR,ERR,ERR,ERR,ERR,ERR,ERR,ERR,ERR,ERR,ERR,ERR,ERR,ERR,ERR,ERR,ERR,ERR,ERR,ERR,ERR,ERR,ERR,ERR,ERR,ERR,ERR,ERR,ERR,ERR,ERR,ERR,ERR,ERR,ERR,ERR,ERR,ERR,ERR,ERR,ERR,ERR,ERR,ERR,ERR,ERR,ERR,ERR,ERR,ERR,ERR,ERR,ERR,ERR,ERR,ERR,ERR,ERR,ERR,ERR,ERR,50.0,60.0,100,0.0,0.0,0.0,0.0,0.0,0.0,0.0,0.0,0.0,0.0,0.0,0.0,0.0,0.0,0.0,0.0,61.6,73,14,65512,50,65476,0,300,0,0,8,20529,65476,0,0,26214,60.0,0.0,0.0,0.0,0.0,0.0
2026-05-17T18:29:38,ERR,ERR,ERR,ERR,ERR,ERR,ERR,ERR,ERR,ERR,ERR,ERR,ERR,ERR,ERR,ERR,ERR,ERR,ERR,ERR,ERR,ERR,ERR,ERR,ERR,ERR,ERR,ERR,ERR,ERR,ERR,ERR,ERR,ERR,ERR,ERR,ERR,ERR,ERR,ERR,ERR,ERR,ERR,ERR,ERR,ERR,ERR,ERR,ERR,ERR,ERR,ERR,ERR,ERR,ERR,ERR,ERR,ERR,ERR,ERR,ERR,ERR,ERR,ERR,ERR,ERR,ERR,ERR,ERR,ERR,ERR,ERR,ERR,ERR,ERR,ERR,ERR,ERR,ERR,ERR,ERR,ERR,ERR,ERR,ERR,ERR,ERR,ERR,ERR,ERR,ERR,ERR,ERR,ERR,ERR,ERR,ERR,ERR,ERR,ERR,ERR,ERR,ERR,ERR,ERR,ERR,ERR,ERR,ERR,ERR,ERR,ERR,ERR,ERR,ERR,ERR,ERR,ERR,ERR,ERR,ERR,ERR,ERR,ERR,ERR,0.0,0.0,0.0,0.0,0.0,1.3936040501711995e+18,7.805,0.0,0,0,4,0,8422,0.0,45,0.0,0.0,0.0,0.0,0.0,0,0,0,0,0.0,0,0,0,0,0,0,0,0,0,0,0,0,0,0,0,0,0,0,0,0,0,0,0,0,0,0,0,0,0,0,0,0,0,38,14,7,45,65476,0,300,0,0,8,21553,0.0,-107605600.0,0.0,0.0,0.0,0.0,0.0,0.0,0.0,0.0,0.0,0.0,0.0,0.0,0.0,0.0,0.0,0.0,0.0,0.0,0.0,0.0,0.0,2.004,-0.0,0.0,0.0,0.0,0.0,0.0,4950.0,-3.6971852540153954e+19,0.0,0.0,0.0,-107615280.0,2.718429300292151e+23,0.0,0.0,0.0,0.0,53,-0.0,0.059,0.0,0.0,0.0,0.0,0.0,0.0,0.0,0,0,0,0.0,0.0,0.0,0.0,0.0,0.0,0.0,0.0,0.0,0.0,0.0,0.0,0.0,0.0,0.0,0.0,0,-107875648.0,53,0.0,106,-107614832.0,0.0,ERR,ERR,ERR,ERR,ERR,ERR,ERR,ERR,ERR,ERR,ERR,ERR,ERR,ERR,ERR,ERR,ERR,ERR,ERR,ERR,ERR,ERR,ERR,ERR,ERR,ERR,ERR,ERR,ERR,ERR,ERR,ERR,ERR,ERR,ERR,ERR,ERR,ERR,ERR,ERR,ERR,ERR,ERR,ERR,ERR,ERR,ERR,ERR,ERR,ERR,ERR,ERR,ERR,ERR,ERR,ERR,ERR,ERR,ERR,ERR,ERR,ERR,ERR,ERR,ERR,ERR,ERR,50.0,60.0,100,0.0,0.0,0.0,0.0,0.0,0.0,0.0,0.0,0.0,0.0,0.0,0.0,0.0,0.0,0.0,0.0,61.6,73,14,65512,50,65476,0,300,0,0,8,20529,65476,0,0,26214,60.0,0.0,0.0,0.0,0.0,0.0
2026-05-17T18:29:39,ERR,ERR,ERR,ERR,ERR,ERR,ERR,ERR,ERR,ERR,ERR,ERR,ERR,ERR,ERR,ERR,ERR,ERR,ERR,ERR,ERR,ERR,ERR,ERR,ERR,ERR,ERR,ERR,ERR,ERR,ERR,ERR,ERR,ERR,ERR,ERR,ERR,ERR,ERR,ERR,ERR,ERR,ERR,ERR,ERR,ERR,ERR,ERR,ERR,ERR,ERR,ERR,ERR,ERR,ERR,ERR,ERR,ERR,ERR,ERR,ERR,ERR,ERR,ERR,ERR,ERR,ERR,ERR,ERR,ERR,ERR,ERR,ERR,ERR,ERR,ERR,ERR,ERR,ERR,ERR,ERR,ERR,ERR,ERR,ERR,ERR,ERR,ERR,ERR,ERR,ERR,ERR,ERR,ERR,ERR,ERR,ERR,ERR,ERR,ERR,ERR,ERR,ERR,ERR,ERR,ERR,ERR,ERR,ERR,ERR,ERR,ERR,ERR,ERR,ERR,ERR,ERR,ERR,ERR,ERR,ERR,ERR,ERR,ERR,ERR,0.0,0.0,0.0,0.0,0.0,1.3936040501711995e+18,7.805,0.0,0,0,4,0,8422,0.0,45,0.0,0.0,0.0,0.0,0.0,0,0,0,0,0.0,0,0,0,0,0,0,0,0,0,0,0,0,0,0,0,0,0,0,0,0,0,0,0,0,0,0,0,0,0,0,0,0,0,38,14,7,45,65476,0,300,0,0,8,21553,0.0,-107605600.0,0.0,0.0,0.0,0.0,0.0,0.0,0.0,0.0,0.0,0.0,0.0,0.0,0.0,0.0,0.0,0.0,0.0,0.0,0.0,0.0,0.0,2.004,-0.0,0.0,0.0,0.0,0.0,0.0,4951.0,-1.5879289753249576e+29,0.0,0.0,0.0,-107615280.0,2.718429300292151e+23,0.0,0.0,0.0,0.0,53,-0.0,126840520704.0,0.0,0.0,0.0,0.0,0.0,0.0,0.0,0,0,0,0.0,0.0,0.0,0.0,0.0,0.0,0.0,0.0,0.0,0.0,0.0,0.0,0.0,0.0,0.0,0.0,0,-107875648.0,53,0.0,106,-107614832.0,0.0,ERR,ERR,ERR,ERR,ERR,ERR,ERR,ERR,ERR,ERR,ERR,ERR,ERR,ERR,ERR,ERR,ERR,ERR,ERR,ERR,ERR,ERR,ERR,ERR,ERR,ERR,ERR,ERR,ERR,ERR,ERR,ERR,ERR,ERR,ERR,ERR,ERR,ERR,ERR,ERR,ERR,ERR,ERR,ERR,ERR,ERR,ERR,ERR,ERR,ERR,ERR,ERR,ERR,ERR,ERR,ERR,ERR,ERR,ERR,ERR,ERR,ERR,ERR,ERR,ERR,ERR,ERR,50.0,60.0,100,0.0,0.0,0.0,0.0,0.0,0.0,0.0,0.0,0.0,0.0,0.0,0.0,0.0,0.0,0.0,0.0,61.6,73,14,65512,50,65476,0,300,0,0,8,20529,65476,0,0,26214,60.0,0.0,0.0,0.0,0.0,0.0
2026-05-17T18:29:40,ERR,ERR,ERR,ERR,ERR,ERR,ERR,ERR,ERR,ERR,ERR,ERR,ERR,ERR,ERR,ERR,ERR,ERR,ERR,ERR,ERR,ERR,ERR,ERR,ERR,ERR,ERR,ERR,ERR,ERR,ERR,ERR,ERR,ERR,ERR,ERR,ERR,ERR,ERR,ERR,ERR,ERR,ERR,ERR,ERR,ERR,ERR,ERR,ERR,ERR,ERR,ERR,ERR,ERR,ERR,ERR,ERR,ERR,ERR,ERR,ERR,ERR,ERR,ERR,ERR,ERR,ERR,ERR,ERR,ERR,ERR,ERR,ERR,ERR,ERR,ERR,ERR,ERR,ERR,ERR,ERR,ERR,ERR,ERR,ERR,ERR,ERR,ERR,ERR,ERR,ERR,ERR,ERR,ERR,ERR,ERR,ERR,ERR,ERR,ERR,ERR,ERR,ERR,ERR,ERR,ERR,ERR,ERR,ERR,ERR,ERR,ERR,ERR,ERR,ERR,ERR,ERR,ERR,ERR,ERR,ERR,ERR,ERR,ERR,ERR,0.0,0.0,0.0,0.0,0.0,1.3936040501711995e+18,7.805,0.0,0,0,4,0,8422,0.0,45,0.0,0.0,0.0,0.0,0.0,0,0,0,0,0.0,0,0,0,0,0,0,0,0,0,0,0,0,0,0,0,0,0,0,0,0,0,0,0,0,0,0,0,0,0,0,0,0,0,38,14,7,45,65476,0,300,0,0,8,21553,0.0,-107605600.0,0.0,0.0,0.0,0.0,0.0,0.0,0.0,0.0,0.0,0.0,0.0,0.0,0.0,0.0,0.0,0.0,0.0,0.0,0.0,0.0,0.0,2.004,-0.0,0.0,0.0,0.0,0.0,0.0,4951.0,-1.5879289753249576e+29,0.0,0.0,0.0,-107615280.0,2.718429300292151e+23,0.0,0.0,0.0,0.0,53,-0.0,126840520704.0,0.0,0.0,0.0,0.0,0.0,0.0,0.0,0,0,0,0.0,0.0,0.0,0.0,0.0,0.0,0.0,0.0,0.0,0.0,0.0,0.0,0.0,0.0,0.0,0.0,0,-107875648.0,53,0.0,106,-107614832.0,0.0,ERR,ERR,ERR,ERR,ERR,ERR,ERR,ERR,ERR,ERR,ERR,ERR,ERR,ERR,ERR,ERR,ERR,ERR,ERR,ERR,ERR,ERR,ERR,ERR,ERR,ERR,ERR,ERR,ERR,ERR,ERR,ERR,ERR,ERR,ERR,ERR,ERR,ERR,ERR,ERR,ERR,ERR,ERR,ERR,ERR,ERR,ERR,ERR,ERR,ERR,ERR,ERR,ERR,ERR,ERR,ERR,ERR,ERR,ERR,ERR,ERR,ERR,ERR,ERR,ERR,ERR,ERR,50.0,60.0,100,0.0,0.0,0.0,0.0,0.0,0.0,0.0,0.0,0.0,0.0,0.0,0.0,0.0,0.0,0.0,0.0,61.6,73,14,65512,50,65476,0,300,0,0,8,20529,65476,0,0,26214,60.0,0.0,0.0,0.0,0.0,0.0
2026-05-17T18:29:41,ERR,ERR,ERR,ERR,ERR,ERR,ERR,ERR,ERR,ERR,ERR,ERR,ERR,ERR,ERR,ERR,ERR,ERR,ERR,ERR,ERR,ERR,ERR,ERR,ERR,ERR,ERR,ERR,ERR,ERR,ERR,ERR,ERR,ERR,ERR,ERR,ERR,ERR,ERR,ERR,ERR,ERR,ERR,ERR,ERR,ERR,ERR,ERR,ERR,ERR,ERR,ERR,ERR,ERR,ERR,ERR,ERR,ERR,ERR,ERR,ERR,ERR,ERR,ERR,ERR,ERR,ERR,ERR,ERR,ERR,ERR,ERR,ERR,ERR,ERR,ERR,ERR,ERR,ERR,ERR,ERR,ERR,ERR,ERR,ERR,ERR,ERR,ERR,ERR,ERR,ERR,ERR,ERR,ERR,ERR,ERR,ERR,ERR,ERR,ERR,ERR,ERR,ERR,ERR,ERR,ERR,ERR,ERR,ERR,ERR,ERR,ERR,ERR,ERR,ERR,ERR,ERR,ERR,ERR,ERR,ERR,ERR,ERR,ERR,ERR,0.0,0.0,0.0,0.0,0.0,1.3936040501711995e+18,7.805,0.0,0,0,4,0,8422,0.0,45,0.0,0.0,0.0,0.0,0.0,0,0,0,0,0.0,0,0,0,0,0,0,0,0,0,0,0,0,0,0,0,0,0,0,0,0,0,0,0,0,0,0,0,0,0,0,0,0,0,38,14,7,45,65476,0,300,0,0,8,21553,0.0,-107605600.0,0.0,0.0,0.0,0.0,0.0,0.0,0.0,0.0,0.0,0.0,0.0,0.0,0.0,0.0,0.0,0.0,0.0,0.0,0.0,0.0,0.0,2.004,-0.0,0.0,0.0,0.0,0.0,0.0,4951.0,-1.5879289753249576e+29,0.0,0.0,0.0,-107615280.0,2.718429300292151e+23,0.0,0.0,0.0,0.0,53,-0.0,126840520704.0,0.0,0.0,0.0,0.0,0.0,0.0,0.0,0,0,0,0.0,0.0,0.0,0.0,0.0,0.0,0.0,0.0,0.0,0.0,0.0,0.0,0.0,0.0,0.0,0.0,0,-107875648.0,53,0.0,106,-107614832.0,0.0,ERR,ERR,ERR,ERR,ERR,ERR,ERR,ERR,ERR,ERR,ERR,ERR,ERR,ERR,ERR,ERR,ERR,ERR,ERR,ERR,ERR,ERR,ERR,ERR,ERR,ERR,ERR,ERR,ERR,ERR,ERR,ERR,ERR,ERR,ERR,ERR,ERR,ERR,ERR,ERR,ERR,ERR,ERR,ERR,ERR,ERR,ERR,ERR,ERR,ERR,ERR,ERR,ERR,ERR,ERR,ERR,ERR,ERR,ERR,ERR,ERR,ERR,ERR,ERR,ERR,ERR,ERR,50.0,60.0,100,0.0,0.0,0.0,0.0,0.0,0.0,0.0,0.0,0.0,0.0,0.0,0.0,0.0,0.0,0.0,0.0,61.6,73,14,65512,50,65476,0,300,0,0,8,20529,65476,0,0,26214,60.0,0.0,0.0,0.0,0.0,0.0
2026-05-17T18:29:42,ERR,ERR,ERR,ERR,ERR,ERR,ERR,ERR,ERR,ERR,ERR,ERR,ERR,ERR,ERR,ERR,ERR,ERR,ERR,ERR,ERR,ERR,ERR,ERR,ERR,ERR,ERR,ERR,ERR,ERR,ERR,ERR,ERR,ERR,ERR,ERR,ERR,ERR,ERR,ERR,ERR,ERR,ERR,ERR,ERR,ERR,ERR,ERR,ERR,ERR,ERR,ERR,ERR,ERR,ERR,ERR,ERR,ERR,ERR,ERR,ERR,ERR,ERR,ERR,ERR,ERR,ERR,ERR,ERR,ERR,ERR,ERR,ERR,ERR,ERR,ERR,ERR,ERR,ERR,ERR,ERR,ERR,ERR,ERR,ERR,ERR,ERR,ERR,ERR,ERR,ERR,ERR,ERR,ERR,ERR,ERR,ERR,ERR,ERR,ERR,ERR,ERR,ERR,ERR,ERR,ERR,ERR,ERR,ERR,ERR,ERR,ERR,ERR,ERR,ERR,ERR,ERR,ERR,ERR,ERR,ERR,ERR,ERR,ERR,ERR,0.0,0.0,0.0,0.0,0.0,1.3936040501711995e+18,7.805,0.0,0,0,4,0,8422,0.0,45,0.0,0.0,0.0,0.0,0.0,0,0,0,0,0.0,0,0,0,0,0,0,0,0,0,0,0,0,0,0,0,0,0,0,0,0,0,0,0,0,0,0,0,0,0,0,0,0,0,38,14,7,45,65476,0,300,0,0,8,21553,0.0,-107605600.0,0.0,0.0,0.0,0.0,0.0,0.0,0.0,0.0,0.0,0.0,0.0,0.0,0.0,0.0,0.0,0.0,0.0,0.0,0.0,0.0,0.0,2.004,-0.0,0.0,0.0,0.0,0.0,0.0,4951.0,-1.5879289753249576e+29,0.0,0.0,0.0,-107615280.0,2.718429300292151e+23,0.0,0.0,0.0,0.0,53,-0.0,126840520704.0,0.0,0.0,0.0,0.0,0.0,0.0,0.0,0,0,0,0.0,0.0,0.0,0.0,0.0,0.0,0.0,0.0,0.0,0.0,0.0,0.0,0.0,0.0,0.0,0.0,0,-107875648.0,53,0.0,106,-107614832.0,0.0,ERR,ERR,ERR,ERR,ERR,ERR,ERR,ERR,ERR,ERR,ERR,ERR,ERR,ERR,ERR,ERR,ERR,ERR,ERR,ERR,ERR,ERR,ERR,ERR,ERR,ERR,ERR,ERR,ERR,ERR,ERR,ERR,ERR,ERR,ERR,ERR,ERR,ERR,ERR,ERR,ERR,ERR,ERR,ERR,ERR,ERR,ERR,ERR,ERR,ERR,ERR,ERR,ERR,ERR,ERR,ERR,ERR,ERR,ERR,ERR,ERR,ERR,ERR,ERR,ERR,ERR,ERR,50.0,60.0,100,0.0,0.0,0.0,0.0,0.0,0.0,0.0,0.0,0.0,0.0,0.0,0.0,0.0,0.0,0.0,0.0,61.6,73,14,65512,50,65476,0,300,0,0,8,20529,65476,0,0,26214,60.0,0.0,0.0,0.0,0.0,0.0
2026-05-17T18:29:43,ERR,ERR,ERR,ERR,ERR,ERR,ERR,ERR,ERR,ERR,ERR,ERR,ERR,ERR,ERR,ERR,ERR,ERR,ERR,ERR,ERR,ERR,ERR,ERR,ERR,ERR,ERR,ERR,ERR,ERR,ERR,ERR,ERR,ERR,ERR,ERR,ERR,ERR,ERR,ERR,ERR,ERR,ERR,ERR,ERR,ERR,ERR,ERR,ERR,ERR,ERR,ERR,ERR,ERR,ERR,ERR,ERR,ERR,ERR,ERR,ERR,ERR,ERR,ERR,ERR,ERR,ERR,ERR,ERR,ERR,ERR,ERR,ERR,ERR,ERR,ERR,ERR,ERR,ERR,ERR,ERR,ERR,ERR,ERR,ERR,ERR,ERR,ERR,ERR,ERR,ERR,ERR,ERR,ERR,ERR,ERR,ERR,ERR,ERR,ERR,ERR,ERR,ERR,ERR,ERR,ERR,ERR,ERR,ERR,ERR,ERR,ERR,ERR,ERR,ERR,ERR,ERR,ERR,ERR,ERR,ERR,ERR,ERR,ERR,ERR,0.0,0.0,0.0,0.0,0.0,1.3936040501711995e+18,7.805,0.0,0,0,4,0,8422,0.0,45,0.0,0.0,0.0,0.0,0.0,0,0,0,0,0.0,0,0,0,0,0,0,0,0,0,0,0,0,0,0,0,0,0,0,0,0,0,0,0,0,0,0,0,0,0,0,0,0,0,38,14,7,45,65476,0,300,0,0,8,21553,0.0,-107605600.0,0.0,0.0,0.0,0.0,0.0,0.0,0.0,0.0,0.0,0.0,0.0,0.0,0.0,0.0,0.0,0.0,0.0,0.0,0.0,0.0,0.0,2.004,-0.0,0.0,0.0,0.0,0.0,0.0,4951.0,-1.5879289753249576e+29,0.0,0.0,0.0,-107615280.0,2.718429300292151e+23,0.0,0.0,0.0,0.0,53,-0.0,126840520704.0,0.0,0.0,0.0,0.0,0.0,0.0,0.0,0,0,0,0.0,0.0,0.0,0.0,0.0,0.0,0.0,0.0,0.0,0.0,0.0,0.0,0.0,0.0,0.0,0.0,0,-107875648.0,53,0.0,106,-107614832.0,0.0,ERR,ERR,ERR,ERR,ERR,ERR,ERR,ERR,ERR,ERR,ERR,ERR,ERR,ERR,ERR,ERR,ERR,ERR,ERR,ERR,ERR,ERR,ERR,ERR,ERR,ERR,ERR,ERR,ERR,ERR,ERR,ERR,ERR,ERR,ERR,ERR,ERR,ERR,ERR,ERR,ERR,ERR,ERR,ERR,ERR,ERR,ERR,ERR,ERR,ERR,ERR,ERR,ERR,ERR,ERR,ERR,ERR,ERR,ERR,ERR,ERR,ERR,ERR,ERR,ERR,ERR,ERR,50.0,60.0,100,0.0,0.0,0.0,0.0,0.0,0.0,0.0,0.0,0.0,0.0,0.0,0.0,0.0,0.0,0.0,0.0,62.0,73,14,65512,50,65476,0,300,0,0,8,20529,65476,0,0,26214,60.0,0.0,0.0,0.0,0.0,0.0
2026-05-17T18:29:44,ERR,ERR,ERR,ERR,ERR,ERR,ERR,ERR,ERR,ERR,ERR,ERR,ERR,ERR,ERR,ERR,ERR,ERR,ERR,ERR,ERR,ERR,ERR,ERR,ERR,ERR,ERR,ERR,ERR,ERR,ERR,ERR,ERR,ERR,ERR,ERR,ERR,ERR,ERR,ERR,ERR,ERR,ERR,ERR,ERR,ERR,ERR,ERR,ERR,ERR,ERR,ERR,ERR,ERR,ERR,ERR,ERR,ERR,ERR,ERR,ERR,ERR,ERR,ERR,ERR,ERR,ERR,ERR,ERR,ERR,ERR,ERR,ERR,ERR,ERR,ERR,ERR,ERR,ERR,ERR,ERR,ERR,ERR,ERR,ERR,ERR,ERR,ERR,ERR,ERR,ERR,ERR,ERR,ERR,ERR,ERR,ERR,ERR,ERR,ERR,ERR,ERR,ERR,ERR,ERR,ERR,ERR,ERR,ERR,ERR,ERR,ERR,ERR,ERR,ERR,ERR,ERR,ERR,ERR,ERR,ERR,ERR,ERR,ERR,ERR,0.0,0.0,0.0,0.0,0.0,1.3936040501711995e+18,7.805,0.0,0,0,4,0,8422,0.0,45,0.0,0.0,0.0,0.0,0.0,0,0,0,0,0.0,0,0,0,0,0,0,0,0,0,0,0,0,0,0,0,0,0,0,0,0,0,0,0,0,0,0,0,0,0,0,0,0,0,38,14,7,45,65476,0,300,0,0,8,21553,0.0,-107605600.0,0.0,0.0,0.0,0.0,0.0,0.0,0.0,0.0,0.0,0.0,0.0,0.0,0.0,0.0,0.0,0.0,0.0,0.0,0.0,0.0,0.0,2.004,-0.0,0.0,0.0,0.0,0.0,0.0,4955.0,-131350.406,0.0,0.0,0.0,-107615280.0,2.718429300292151e+23,0.0,0.0,0.0,0.0,53,-0.0,0.0,0.0,0.0,0.0,0.0,0.0,0.0,0.0,0,0,0,0.0,0.0,0.0,0.0,0.0,0.0,0.0,0.0,0.0,0.0,0.0,0.0,0.0,0.0,0.0,0.0,0,-107875648.0,53,0.0,106,-107614832.0,0.0,ERR,ERR,ERR,ERR,ERR,ERR,ERR,ERR,ERR,ERR,ERR,ERR,ERR,ERR,ERR,ERR,ERR,ERR,ERR,ERR,ERR,ERR,ERR,ERR,ERR,ERR,ERR,ERR,ERR,ERR,ERR,ERR,ERR,ERR,ERR,ERR,ERR,ERR,ERR,ERR,ERR,ERR,ERR,ERR,ERR,ERR,ERR,ERR,ERR,ERR,ERR,ERR,ERR,ERR,ERR,ERR,ERR,ERR,ERR,ERR,ERR,ERR,ERR,ERR,ERR,ERR,ERR,50.0,60.0,100,0.0,0.0,0.0,0.0,0.0,0.0,0.0,0.0,0.0,0.0,0.0,0.0,0.0,0.0,0.0,0.0,62.0,73,14,65512,50,65476,0,300,0,0,8,20529,65476,0,0,26214,60.0,0.0,0.0,0.0,0.0,0.0
2026-05-17T18:29:45,ERR,ERR,ERR,ERR,ERR,ERR,ERR,ERR,ERR,ERR,ERR,ERR,ERR,ERR,ERR,ERR,ERR,ERR,ERR,ERR,ERR,ERR,ERR,ERR,ERR,ERR,ERR,ERR,ERR,ERR,ERR,ERR,ERR,ERR,ERR,ERR,ERR,ERR,ERR,ERR,ERR,ERR,ERR,ERR,ERR,ERR,ERR,ERR,ERR,ERR,ERR,ERR,ERR,ERR,ERR,ERR,ERR,ERR,ERR,ERR,ERR,ERR,ERR,ERR,ERR,ERR,ERR,ERR,ERR,ERR,ERR,ERR,ERR,ERR,ERR,ERR,ERR,ERR,ERR,ERR,ERR,ERR,ERR,ERR,ERR,ERR,ERR,ERR,ERR,ERR,ERR,ERR,ERR,ERR,ERR,ERR,ERR,ERR,ERR,ERR,ERR,ERR,ERR,ERR,ERR,ERR,ERR,ERR,ERR,ERR,ERR,ERR,ERR,ERR,ERR,ERR,ERR,ERR,ERR,ERR,ERR,ERR,ERR,ERR,ERR,0.0,0.0,0.0,0.0,0.0,1.3936040501711995e+18,7.805,0.0,0,0,4,0,8422,0.0,45,0.0,0.0,0.0,0.0,0.0,0,0,0,0,0.0,0,0,0,0,0,0,0,0,0,0,0,0,0,0,0,0,0,0,0,0,0,0,0,0,0,0,0,0,0,0,0,0,0,38,14,7,45,65476,0,300,0,0,8,21553,0.0,-107605600.0,0.0,0.0,0.0,0.0,0.0,0.0,0.0,0.0,0.0,0.0,0.0,0.0,0.0,0.0,0.0,0.0,0.0,0.0,0.0,0.0,0.0,2.004,-0.0,0.0,0.0,0.0,0.0,0.0,4955.0,-131350.406,0.0,0.0,0.0,-107615280.0,2.718429300292151e+23,0.0,0.0,0.0,0.0,53,-0.0,0.0,0.0,0.0,0.0,0.0,0.0,0.0,0.0,0,0,0,0.0,0.0,0.0,0.0,0.0,0.0,0.0,0.0,0.0,0.0,0.0,0.0,0.0,0.0,0.0,0.0,0,-107875648.0,53,0.0,106,-107614832.0,0.0,ERR,ERR,ERR,ERR,ERR,ERR,ERR,ERR,ERR,ERR,ERR,ERR,ERR,ERR,ERR,ERR,ERR,ERR,ERR,ERR,ERR,ERR,ERR,ERR,ERR,ERR,ERR,ERR,ERR,ERR,ERR,ERR,ERR,ERR,ERR,ERR,ERR,ERR,ERR,ERR,ERR,ERR,ERR,ERR,ERR,ERR,ERR,ERR,ERR,ERR,ERR,ERR,ERR,ERR,ERR,ERR,ERR,ERR,ERR,ERR,ERR,ERR,ERR,ERR,ERR,ERR,ERR,50.0,60.0,100,0.0,0.0,0.0,0.0,0.0,0.0,0.0,0.0,0.0,0.0,0.0,0.0,0.0,0.0,0.0,0.0,62.0,73,14,65512,50,65476,0,300,0,0,8,20529,65476,0,0,26214,60.0,0.0,0.0,0.0,0.0,0.0
2026-05-17T18:29:46,ERR,ERR,ERR,ERR,ERR,ERR,ERR,ERR,ERR,ERR,ERR,ERR,ERR,ERR,ERR,ERR,ERR,ERR,ERR,ERR,ERR,ERR,ERR,ERR,ERR,ERR,ERR,ERR,ERR,ERR,ERR,ERR,ERR,ERR,ERR,ERR,ERR,ERR,ERR,ERR,ERR,ERR,ERR,ERR,ERR,ERR,ERR,ERR,ERR,ERR,ERR,ERR,ERR,ERR,ERR,ERR,ERR,ERR,ERR,ERR,ERR,ERR,ERR,ERR,ERR,ERR,ERR,ERR,ERR,ERR,ERR,ERR,ERR,ERR,ERR,ERR,ERR,ERR,ERR,ERR,ERR,ERR,ERR,ERR,ERR,ERR,ERR,ERR,ERR,ERR,ERR,ERR,ERR,ERR,ERR,ERR,ERR,ERR,ERR,ERR,ERR,ERR,ERR,ERR,ERR,ERR,ERR,ERR,ERR,ERR,ERR,ERR,ERR,ERR,ERR,ERR,ERR,ERR,ERR,ERR,ERR,ERR,ERR,ERR,ERR,0.0,0.0,0.0,0.0,0.0,1.3936040501711995e+18,7.805,0.0,0,0,4,0,8422,0.0,45,0.0,0.0,0.0,0.0,0.0,0,0,0,0,0.0,0,0,0,0,0,0,0,0,0,0,0,0,0,0,0,0,0,0,0,0,0,0,0,0,0,0,0,0,0,0,0,0,0,38,14,7,45,65476,0,300,0,0,8,21553,0.0,-107605600.0,0.0,0.0,0.0,0.0,0.0,0.0,0.0,0.0,0.0,0.0,0.0,0.0,0.0,0.0,0.0,0.0,0.0,0.0,0.0,0.0,0.0,2.004,-0.0,0.0,0.0,0.0,0.0,0.0,4955.0,-131350.406,0.0,0.0,0.0,-107615280.0,2.718429300292151e+23,0.0,0.0,0.0,0.0,53,-0.0,0.0,0.0,0.0,0.0,0.0,0.0,0.0,0.0,0,0,0,0.0,0.0,0.0,0.0,0.0,0.0,0.0,0.0,0.0,0.0,0.0,0.0,0.0,0.0,0.0,0.0,0,-107875648.0,53,0.0,106,-107614832.0,0.0,ERR,ERR,ERR,ERR,ERR,ERR,ERR,ERR,ERR,ERR,ERR,ERR,ERR,ERR,ERR,ERR,ERR,ERR,ERR,ERR,ERR,ERR,ERR,ERR,ERR,ERR,ERR,ERR,ERR,ERR,ERR,ERR,ERR,ERR,ERR,ERR,ERR,ERR,ERR,ERR,ERR,ERR,ERR,ERR,ERR,ERR,ERR,ERR,ERR,ERR,ERR,ERR,ERR,ERR,ERR,ERR,ERR,ERR,ERR,ERR,ERR,ERR,ERR,ERR,ERR,ERR,ERR,50.0,60.0,100,0.0,0.0,0.0,0.0,0.0,0.0,0.0,0.0,0.0,0.0,0.0,0.0,0.0,0.0,0.0,0.0,61.6,73,14,65512,50,65476,0,300,0,0,8,20529,65476,0,0,26214,60.0,0.0,0.0,0.0,0.0,0.0
2026-05-17T18:29:47,ERR,ERR,ERR,ERR,ERR,ERR,ERR,ERR,ERR,ERR,ERR,ERR,ERR,ERR,ERR,ERR,ERR,ERR,ERR,ERR,ERR,ERR,ERR,ERR,ERR,ERR,ERR,ERR,ERR,ERR,ERR,ERR,ERR,ERR,ERR,ERR,ERR,ERR,ERR,ERR,ERR,ERR,ERR,ERR,ERR,ERR,ERR,ERR,ERR,ERR,ERR,ERR,ERR,ERR,ERR,ERR,ERR,ERR,ERR,ERR,ERR,ERR,ERR,ERR,ERR,ERR,ERR,ERR,ERR,ERR,ERR,ERR,ERR,ERR,ERR,ERR,ERR,ERR,ERR,ERR,ERR,ERR,ERR,ERR,ERR,ERR,ERR,ERR,ERR,ERR,ERR,ERR,ERR,ERR,ERR,ERR,ERR,ERR,ERR,ERR,ERR,ERR,ERR,ERR,ERR,ERR,ERR,ERR,ERR,ERR,ERR,ERR,ERR,ERR,ERR,ERR,ERR,ERR,ERR,ERR,ERR,ERR,ERR,ERR,ERR,0.0,0.0,0.0,0.0,0.0,1.3936040501711995e+18,7.805,0.0,0,0,4,0,8422,0.0,45,0.0,0.0,0.0,0.0,0.0,0,0,0,0,0.0,0,0,0,0,0,0,0,0,0,0,0,0,0,0,0,0,0,0,0,0,0,0,0,0,0,0,0,0,0,0,0,0,0,38,14,7,45,65476,0,300,0,0,8,21553,0.0,-107605600.0,0.0,0.0,0.0,0.0,0.0,0.0,0.0,0.0,0.0,0.0,0.0,0.0,0.0,0.0,0.0,0.0,0.0,0.0,0.0,0.0,0.0,2.004,-0.0,0.0,0.0,0.0,0.0,0.0,4955.0,-131350.406,0.0,0.0,0.0,-107615280.0,2.718429300292151e+23,0.0,0.0,0.0,0.0,53,-0.0,0.0,0.0,0.0,0.0,0.0,0.0,0.0,0.0,0,0,0,0.0,0.0,0.0,0.0,0.0,0.0,0.0,0.0,0.0,0.0,0.0,0.0,0.0,0.0,0.0,0.0,0,-107875648.0,53,0.0,106,-107614832.0,0.0,ERR,ERR,ERR,ERR,ERR,ERR,ERR,ERR,ERR,ERR,ERR,ERR,ERR,ERR,ERR,ERR,ERR,ERR,ERR,ERR,ERR,ERR,ERR,ERR,ERR,ERR,ERR,ERR,ERR,ERR,ERR,ERR,ERR,ERR,ERR,ERR,ERR,ERR,ERR,ERR,ERR,ERR,ERR,ERR,ERR,ERR,ERR,ERR,ERR,ERR,ERR,ERR,ERR,ERR,ERR,ERR,ERR,ERR,ERR,ERR,ERR,ERR,ERR,ERR,ERR,ERR,ERR,50.0,60.0,100,0.0,0.0,0.0,0.0,0.0,0.0,0.0,0.0,0.0,0.0,0.0,0.0,0.0,0.0,0.0,0.0,61.6,73,14,65512,50,65476,0,300,0,0,8,20529,65476,0,0,26214,60.0,0.0,0.0,0.0,0.0,0.0
2026-05-17T18:29:48,ERR,ERR,ERR,ERR,ERR,ERR,ERR,ERR,ERR,ERR,ERR,ERR,ERR,ERR,ERR,ERR,ERR,ERR,ERR,ERR,ERR,ERR,ERR,ERR,ERR,ERR,ERR,ERR,ERR,ERR,ERR,ERR,ERR,ERR,ERR,ERR,ERR,ERR,ERR,ERR,ERR,ERR,ERR,ERR,ERR,ERR,ERR,ERR,ERR,ERR,ERR,ERR,ERR,ERR,ERR,ERR,ERR,ERR,ERR,ERR,ERR,ERR,ERR,ERR,ERR,ERR,ERR,ERR,ERR,ERR,ERR,ERR,ERR,ERR,ERR,ERR,ERR,ERR,ERR,ERR,ERR,ERR,ERR,ERR,ERR,ERR,ERR,ERR,ERR,ERR,ERR,ERR,ERR,ERR,ERR,ERR,ERR,ERR,ERR,ERR,ERR,ERR,ERR,ERR,ERR,ERR,ERR,ERR,ERR,ERR,ERR,ERR,ERR,ERR,ERR,ERR,ERR,ERR,ERR,ERR,ERR,ERR,ERR,ERR,ERR,0.0,0.0,0.0,0.0,0.0,1.3936040501711995e+18,7.805,0.0,0,0,4,0,8422,0.0,45,0.0,0.0,0.0,0.0,0.0,0,0,0,0,0.0,0,0,0,0,0,0,0,0,0,0,0,0,0,0,0,0,0,0,0,0,0,0,0,0,0,0,0,0,0,0,0,0,0,38,14,7,45,65476,0,300,0,0,8,21553,0.0,-107605600.0,0.0,0.0,0.0,0.0,0.0,0.0,0.0,0.0,0.0,0.0,0.0,0.0,0.0,0.0,0.0,0.0,0.0,0.0,0.0,0.0,0.0,2.004,-0.0,0.0,0.0,0.0,0.0,0.0,4955.0,-131350.406,0.0,0.0,0.0,-107615280.0,2.718429300292151e+23,0.0,0.0,0.0,0.0,53,-0.0,0.0,0.0,0.0,0.0,0.0,0.0,0.0,0.0,0,0,0,0.0,0.0,0.0,0.0,0.0,0.0,0.0,0.0,0.0,0.0,0.0,0.0,0.0,0.0,0.0,0.0,0,-107875648.0,53,0.0,106,-107614832.0,0.0,ERR,ERR,ERR,ERR,ERR,ERR,ERR,ERR,ERR,ERR,ERR,ERR,ERR,ERR,ERR,ERR,ERR,ERR,ERR,ERR,ERR,ERR,ERR,ERR,ERR,ERR,ERR,ERR,ERR,ERR,ERR,ERR,ERR,ERR,ERR,ERR,ERR,ERR,ERR,ERR,ERR,ERR,ERR,ERR,ERR,ERR,ERR,ERR,ERR,ERR,ERR,ERR,ERR,ERR,ERR,ERR,ERR,ERR,ERR,ERR,ERR,ERR,ERR,ERR,ERR,ERR,ERR,50.0,60.0,100,0.0,0.0,0.0,0.0,0.0,0.0,0.0,0.0,0.0,0.0,0.0,0.0,0.0,0.0,0.0,0.0,61.6,73,14,65512,50,65476,0,300,0,0,8,20529,65476,0,0,26214,60.0,0.0,0.0,0.0,0.0,0.0
2026-05-17T18:29:49,ERR,ERR,ERR,ERR,ERR,ERR,ERR,ERR,ERR,ERR,ERR,ERR,ERR,ERR,ERR,ERR,ERR,ERR,ERR,ERR,ERR,ERR,ERR,ERR,ERR,ERR,ERR,ERR,ERR,ERR,ERR,ERR,ERR,ERR,ERR,ERR,ERR,ERR,ERR,ERR,ERR,ERR,ERR,ERR,ERR,ERR,ERR,ERR,ERR,ERR,ERR,ERR,ERR,ERR,ERR,ERR,ERR,ERR,ERR,ERR,ERR,ERR,ERR,ERR,ERR,ERR,ERR,ERR,ERR,ERR,ERR,ERR,ERR,ERR,ERR,ERR,ERR,ERR,ERR,ERR,ERR,ERR,ERR,ERR,ERR,ERR,ERR,ERR,ERR,ERR,ERR,ERR,ERR,ERR,ERR,ERR,ERR,ERR,ERR,ERR,ERR,ERR,ERR,ERR,ERR,ERR,ERR,ERR,ERR,ERR,ERR,ERR,ERR,ERR,ERR,ERR,ERR,ERR,ERR,ERR,ERR,ERR,ERR,ERR,ERR,0.0,0.0,0.0,0.0,0.0,1.3936040501711995e+18,7.805,0.0,0,0,4,0,8422,0.0,45,0.0,0.0,0.0,0.0,0.0,0,0,0,0,0.0,0,0,0,0,0,0,0,0,0,0,0,0,0,0,0,0,0,0,0,0,0,0,0,0,0,0,0,0,0,0,0,0,0,38,14,7,45,65476,0,300,0,0,8,21553,0.0,-107605600.0,0.0,0.0,0.0,0.0,0.0,0.0,0.0,0.0,0.0,0.0,0.0,0.0,0.0,0.0,0.0,0.0,0.0,0.0,0.0,0.0,0.0,2.004,-0.0,0.0,0.0,0.0,0.0,0.0,4957.0,-0.0,0.0,0.0,0.0,-107615280.0,2.718429300292151e+23,0.0,0.0,0.0,0.0,53,-0.0,-2.308827523576129e+20,0.0,0.0,0.0,0.0,0.0,0.0,0.0,0,0,0,0.0,0.0,0.0,0.0,0.0,0.0,0.0,0.0,0.0,0.0,0.0,0.0,0.0,0.0,0.0,0.0,0,-107875648.0,53,0.0,106,-107614832.0,0.0,ERR,ERR,ERR,ERR,ERR,ERR,ERR,ERR,ERR,ERR,ERR,ERR,ERR,ERR,ERR,ERR,ERR,ERR,ERR,ERR,ERR,ERR,ERR,ERR,ERR,ERR,ERR,ERR,ERR,ERR,ERR,ERR,ERR,ERR,ERR,ERR,ERR,ERR,ERR,ERR,ERR,ERR,ERR,ERR,ERR,ERR,ERR,ERR,ERR,ERR,ERR,ERR,ERR,ERR,ERR,ERR,ERR,ERR,ERR,ERR,ERR,ERR,ERR,ERR,ERR,ERR,ERR,50.0,60.0,100,0.0,0.0,0.0,0.0,0.0,0.0,0.0,0.0,0.0,0.0,0.0,0.0,0.0,0.0,0.0,0.0,61.6,73,14,65512,50,65476,0,300,0,0,8,20529,65476,0,0,26214,60.0,0.0,0.0,0.0,0.0,0.0
2026-05-17T18:29:50,ERR,ERR,ERR,ERR,ERR,ERR,ERR,ERR,ERR,ERR,ERR,ERR,ERR,ERR,ERR,ERR,ERR,ERR,ERR,ERR,ERR,ERR,ERR,ERR,ERR,ERR,ERR,ERR,ERR,ERR,ERR,ERR,ERR,ERR,ERR,ERR,ERR,ERR,ERR,ERR,ERR,ERR,ERR,ERR,ERR,ERR,ERR,ERR,ERR,ERR,ERR,ERR,ERR,ERR,ERR,ERR,ERR,ERR,ERR,ERR,ERR,ERR,ERR,ERR,ERR,ERR,ERR,ERR,ERR,ERR,ERR,ERR,ERR,ERR,ERR,ERR,ERR,ERR,ERR,ERR,ERR,ERR,ERR,ERR,ERR,ERR,ERR,ERR,ERR,ERR,ERR,ERR,ERR,ERR,ERR,ERR,ERR,ERR,ERR,ERR,ERR,ERR,ERR,ERR,ERR,ERR,ERR,ERR,ERR,ERR,ERR,ERR,ERR,ERR,ERR,ERR,ERR,ERR,ERR,ERR,ERR,ERR,ERR,ERR,ERR,0.0,0.0,0.0,0.0,0.0,1.3936040501711995e+18,7.805,0.0,0,0,4,0,8422,0.0,45,0.0,0.0,0.0,0.0,0.0,0,0,0,0,0.0,0,0,0,0,0,0,0,0,0,0,0,0,0,0,0,0,0,0,0,0,0,0,0,0,0,0,0,0,0,0,0,0,0,38,14,7,45,65476,0,300,0,0,8,21553,0.0,-107605600.0,0.0,0.0,0.0,0.0,0.0,0.0,0.0,0.0,0.0,0.0,0.0,0.0,0.0,0.0,0.0,0.0,0.0,0.0,0.0,0.0,0.0,2.004,-0.0,0.0,0.0,0.0,0.0,0.0,4957.0,-0.0,0.0,0.0,0.0,-107615280.0,2.718429300292151e+23,0.0,0.0,0.0,0.0,53,-0.0,-2.308827523576129e+20,0.0,0.0,0.0,0.0,0.0,0.0,0.0,0,0,0,0.0,0.0,0.0,0.0,0.0,0.0,0.0,0.0,0.0,0.0,0.0,0.0,0.0,0.0,0.0,0.0,0,-107875648.0,53,0.0,106,-107614832.0,0.0,ERR,ERR,ERR,ERR,ERR,ERR,ERR,ERR,ERR,ERR,ERR,ERR,ERR,ERR,ERR,ERR,ERR,ERR,ERR,ERR,ERR,ERR,ERR,ERR,ERR,ERR,ERR,ERR,ERR,ERR,ERR,ERR,ERR,ERR,ERR,ERR,ERR,ERR,ERR,ERR,ERR,ERR,ERR,ERR,ERR,ERR,ERR,ERR,ERR,ERR,ERR,ERR,ERR,ERR,ERR,ERR,ERR,ERR,ERR,ERR,ERR,ERR,ERR,ERR,ERR,ERR,ERR,50.0,60.0,100,0.0,0.0,0.0,0.0,0.0,0.0,0.0,0.0,0.0,0.0,0.0,0.0,0.0,0.0,0.0,0.0,61.6,73,14,65512,50,65476,0,300,0,0,8,20529,65476,0,0,26214,60.0,0.0,0.0,0.0,0.0,0.0
2026-05-17T18:29:51,ERR,ERR,ERR,ERR,ERR,ERR,ERR,ERR,ERR,ERR,ERR,ERR,ERR,ERR,ERR,ERR,ERR,ERR,ERR,ERR,ERR,ERR,ERR,ERR,ERR,ERR,ERR,ERR,ERR,ERR,ERR,ERR,ERR,ERR,ERR,ERR,ERR,ERR,ERR,ERR,ERR,ERR,ERR,ERR,ERR,ERR,ERR,ERR,ERR,ERR,ERR,ERR,ERR,ERR,ERR,ERR,ERR,ERR,ERR,ERR,ERR,ERR,ERR,ERR,ERR,ERR,ERR,ERR,ERR,ERR,ERR,ERR,ERR,ERR,ERR,ERR,ERR,ERR,ERR,ERR,ERR,ERR,ERR,ERR,ERR,ERR,ERR,ERR,ERR,ERR,ERR,ERR,ERR,ERR,ERR,ERR,ERR,ERR,ERR,ERR,ERR,ERR,ERR,ERR,ERR,ERR,ERR,ERR,ERR,ERR,ERR,ERR,ERR,ERR,ERR,ERR,ERR,ERR,ERR,ERR,ERR,ERR,ERR,ERR,ERR,0.0,0.0,0.0,0.0,0.0,1.3936040501711995e+18,7.805,0.0,0,0,4,0,8422,0.0,45,0.0,0.0,0.0,0.0,0.0,0,0,0,0,0.0,0,0,0,0,0,0,0,0,0,0,0,0,0,0,0,0,0,0,0,0,0,0,0,0,0,0,0,0,0,0,0,0,0,38,14,7,45,65476,0,300,0,0,8,21553,0.0,-107605600.0,0.0,0.0,0.0,0.0,0.0,0.0,0.0,0.0,0.0,0.0,0.0,0.0,0.0,0.0,0.0,0.0,0.0,0.0,0.0,0.0,0.0,2.004,-0.0,0.0,0.0,0.0,0.0,0.0,4957.0,-0.0,0.0,0.0,0.0,-107615280.0,2.718429300292151e+23,0.0,0.0,0.0,0.0,53,-0.0,-2.308827523576129e+20,0.0,0.0,0.0,0.0,0.0,0.0,0.0,0,0,0,0.0,0.0,0.0,0.0,0.0,0.0,0.0,0.0,0.0,0.0,0.0,0.0,0.0,0.0,0.0,0.0,0,-107875648.0,53,0.0,106,-107614832.0,0.0,ERR,ERR,ERR,ERR,ERR,ERR,ERR,ERR,ERR,ERR,ERR,ERR,ERR,ERR,ERR,ERR,ERR,ERR,ERR,ERR,ERR,ERR,ERR,ERR,ERR,ERR,ERR,ERR,ERR,ERR,ERR,ERR,ERR,ERR,ERR,ERR,ERR,ERR,ERR,ERR,ERR,ERR,ERR,ERR,ERR,ERR,ERR,ERR,ERR,ERR,ERR,ERR,ERR,ERR,ERR,ERR,ERR,ERR,ERR,ERR,ERR,ERR,ERR,ERR,ERR,ERR,ERR,50.0,60.0,100,0.0,0.0,0.0,0.0,0.0,0.0,0.0,0.0,0.0,0.0,0.0,0.0,0.0,0.0,0.0,0.0,61.6,73,14,65512,50,65476,0,300,0,0,8,20529,65476,0,0,26214,60.0,0.0,0.0,0.0,0.0,0.0
2026-05-17T18:29:52,ERR,ERR,ERR,ERR,ERR,ERR,ERR,ERR,ERR,ERR,ERR,ERR,ERR,ERR,ERR,ERR,ERR,ERR,ERR,ERR,ERR,ERR,ERR,ERR,ERR,ERR,ERR,ERR,ERR,ERR,ERR,ERR,ERR,ERR,ERR,ERR,ERR,ERR,ERR,ERR,ERR,ERR,ERR,ERR,ERR,ERR,ERR,ERR,ERR,ERR,ERR,ERR,ERR,ERR,ERR,ERR,ERR,ERR,ERR,ERR,ERR,ERR,ERR,ERR,ERR,ERR,ERR,ERR,ERR,ERR,ERR,ERR,ERR,ERR,ERR,ERR,ERR,ERR,ERR,ERR,ERR,ERR,ERR,ERR,ERR,ERR,ERR,ERR,ERR,ERR,ERR,ERR,ERR,ERR,ERR,ERR,ERR,ERR,ERR,ERR,ERR,ERR,ERR,ERR,ERR,ERR,ERR,ERR,ERR,ERR,ERR,ERR,ERR,ERR,ERR,ERR,ERR,ERR,ERR,ERR,ERR,ERR,ERR,ERR,ERR,0.0,0.0,0.0,0.0,0.0,1.3936040501711995e+18,7.805,0.0,0,0,4,0,8422,0.0,45,0.0,0.0,0.0,0.0,0.0,0,0,0,0,0.0,0,0,0,0,0,0,0,0,0,0,0,0,0,0,0,0,0,0,0,0,0,0,0,0,0,0,0,0,0,0,0,0,0,38,14,7,45,65476,0,300,0,0,8,21553,0.0,-107605600.0,0.0,0.0,0.0,0.0,0.0,0.0,0.0,0.0,0.0,0.0,0.0,0.0,0.0,0.0,0.0,0.0,0.0,0.0,0.0,0.0,0.0,2.004,-0.0,0.0,0.0,0.0,0.0,0.0,4957.0,-0.0,0.0,0.0,0.0,-107615280.0,2.718429300292151e+23,0.0,0.0,0.0,0.0,53,-0.0,-2.308827523576129e+20,0.0,0.0,0.0,0.0,0.0,0.0,0.0,0,0,0,0.0,0.0,0.0,0.0,0.0,0.0,0.0,0.0,0.0,0.0,0.0,0.0,0.0,0.0,0.0,0.0,0,-107875648.0,53,0.0,106,-107614832.0,0.0,ERR,ERR,ERR,ERR,ERR,ERR,ERR,ERR,ERR,ERR,ERR,ERR,ERR,ERR,ERR,ERR,ERR,ERR,ERR,ERR,ERR,ERR,ERR,ERR,ERR,ERR,ERR,ERR,ERR,ERR,ERR,ERR,ERR,ERR,ERR,ERR,ERR,ERR,ERR,ERR,ERR,ERR,ERR,ERR,ERR,ERR,ERR,ERR,ERR,ERR,ERR,ERR,ERR,ERR,ERR,ERR,ERR,ERR,ERR,ERR,ERR,ERR,ERR,ERR,ERR,ERR,ERR,50.0,60.0,100,0.0,0.0,0.0,0.0,0.0,0.0,0.0,0.0,0.0,0.0,0.0,0.0,0.0,0.0,0.0,0.0,61.6,73,14,65512,50,65476,0,300,0,0,8,20529,65476,0,0,26214,60.0,0.0,0.0,0.0,0.0,0.0
2026-05-17T18:29:53,ERR,ERR,ERR,ERR,ERR,ERR,ERR,ERR,ERR,ERR,ERR,ERR,ERR,ERR,ERR,ERR,ERR,ERR,ERR,ERR,ERR,ERR,ERR,ERR,ERR,ERR,ERR,ERR,ERR,ERR,ERR,ERR,ERR,ERR,ERR,ERR,ERR,ERR,ERR,ERR,ERR,ERR,ERR,ERR,ERR,ERR,ERR,ERR,ERR,ERR,ERR,ERR,ERR,ERR,ERR,ERR,ERR,ERR,ERR,ERR,ERR,ERR,ERR,ERR,ERR,ERR,ERR,ERR,ERR,ERR,ERR,ERR,ERR,ERR,ERR,ERR,ERR,ERR,ERR,ERR,ERR,ERR,ERR,ERR,ERR,ERR,ERR,ERR,ERR,ERR,ERR,ERR,ERR,ERR,ERR,ERR,ERR,ERR,ERR,ERR,ERR,ERR,ERR,ERR,ERR,ERR,ERR,ERR,ERR,ERR,ERR,ERR,ERR,ERR,ERR,ERR,ERR,ERR,ERR,ERR,ERR,ERR,ERR,ERR,ERR,0.0,0.0,0.0,0.0,0.0,1.3936040501711995e+18,7.805,0.0,0,0,4,0,8422,0.0,45,0.0,0.0,0.0,0.0,0.0,0,0,0,0,0.0,0,0,0,0,0,0,0,0,0,0,0,0,0,0,0,0,0,0,0,0,0,0,0,0,0,0,0,0,0,0,0,0,0,38,14,7,45,65476,0,300,0,0,8,21553,0.0,-107605600.0,0.0,0.0,0.0,0.0,0.0,0.0,0.0,0.0,0.0,0.0,0.0,0.0,0.0,0.0,0.0,0.0,0.0,0.0,0.0,0.0,0.0,2.004,-0.0,0.0,0.0,0.0,0.0,0.0,4957.0,-0.0,0.0,0.0,0.0,-107615280.0,2.718429300292151e+23,0.0,0.0,0.0,0.0,53,-0.0,-2.308827523576129e+20,0.0,0.0,0.0,0.0,0.0,0.0,0.0,0,0,0,0.0,0.0,0.0,0.0,0.0,0.0,0.0,0.0,0.0,0.0,0.0,0.0,0.0,0.0,0.0,0.0,0,-107875648.0,53,0.0,106,-107614832.0,0.0,ERR,ERR,ERR,ERR,ERR,ERR,ERR,ERR,ERR,ERR,ERR,ERR,ERR,ERR,ERR,ERR,ERR,ERR,ERR,ERR,ERR,ERR,ERR,ERR,ERR,ERR,ERR,ERR,ERR,ERR,ERR,ERR,ERR,ERR,ERR,ERR,ERR,ERR,ERR,ERR,ERR,ERR,ERR,ERR,ERR,ERR,ERR,ERR,ERR,ERR,ERR,ERR,ERR,ERR,ERR,ERR,ERR,ERR,ERR,ERR,ERR,ERR,ERR,ERR,ERR,ERR,ERR,50.0,60.0,100,0.0,0.0,0.0,0.0,0.0,0.0,0.0,0.0,0.0,0.0,0.0,0.0,0.0,0.0,0.0,0.0,62.0,73,14,65512,50,65476,0,300,0,0,8,20529,65476,0,0,26214,60.0,0.0,0.0,0.0,0.0,0.0
2026-05-17T18:29:54,ERR,ERR,ERR,ERR,ERR,ERR,ERR,ERR,ERR,ERR,ERR,ERR,ERR,ERR,ERR,ERR,ERR,ERR,ERR,ERR,ERR,ERR,ERR,ERR,ERR,ERR,ERR,ERR,ERR,ERR,ERR,ERR,ERR,ERR,ERR,ERR,ERR,ERR,ERR,ERR,ERR,ERR,ERR,ERR,ERR,ERR,ERR,ERR,ERR,ERR,ERR,ERR,ERR,ERR,ERR,ERR,ERR,ERR,ERR,ERR,ERR,ERR,ERR,ERR,ERR,ERR,ERR,ERR,ERR,ERR,ERR,ERR,ERR,ERR,ERR,ERR,ERR,ERR,ERR,ERR,ERR,ERR,ERR,ERR,ERR,ERR,ERR,ERR,ERR,ERR,ERR,ERR,ERR,ERR,ERR,ERR,ERR,ERR,ERR,ERR,ERR,ERR,ERR,ERR,ERR,ERR,ERR,ERR,ERR,ERR,ERR,ERR,ERR,ERR,ERR,ERR,ERR,ERR,ERR,ERR,ERR,ERR,ERR,ERR,ERR,0.0,0.0,0.0,0.0,0.0,1.3936040501711995e+18,7.805,0.0,0,0,4,0,8422,0.0,45,0.0,0.0,0.0,0.0,0.0,0,0,0,0,0.0,0,0,0,0,0,0,0,0,0,0,0,0,0,0,0,0,0,0,0,0,0,0,0,0,0,0,0,0,0,0,0,0,0,38,14,7,45,65476,0,300,0,0,8,21553,0.0,-107605600.0,0.0,0.0,0.0,0.0,0.0,0.0,0.0,0.0,0.0,0.0,0.0,0.0,0.0,0.0,0.0,0.0,0.0,0.0,0.0,0.0,0.0,2.004,-0.0,0.0,0.0,0.0,0.0,0.0,4952.0,-564145699160064.0,0.0,0.0,0.0,-107615280.0,2.718429300292151e+23,0.0,0.0,0.0,0.0,53,-0.0,0.0,0.0,0.0,0.0,0.0,0.0,0.0,0.0,0,0,0,0.0,0.0,0.0,0.0,0.0,0.0,0.0,0.0,0.0,0.0,0.0,0.0,0.0,0.0,0.0,0.0,0,-107875648.0,53,0.0,106,-107614832.0,0.0,ERR,ERR,ERR,ERR,ERR,ERR,ERR,ERR,ERR,ERR,ERR,ERR,ERR,ERR,ERR,ERR,ERR,ERR,ERR,ERR,ERR,ERR,ERR,ERR,ERR,ERR,ERR,ERR,ERR,ERR,ERR,ERR,ERR,ERR,ERR,ERR,ERR,ERR,ERR,ERR,ERR,ERR,ERR,ERR,ERR,ERR,ERR,ERR,ERR,ERR,ERR,ERR,ERR,ERR,ERR,ERR,ERR,ERR,ERR,ERR,ERR,ERR,ERR,ERR,ERR,ERR,ERR,50.0,60.0,100,0.0,0.0,0.0,0.0,0.0,0.0,0.0,0.0,0.0,0.0,0.0,0.0,0.0,0.0,0.0,0.0,62.0,73,14,65512,50,65476,0,300,0,0,8,20529,65476,0,0,26214,60.0,0.0,0.0,0.0,0.0,0.0
2026-05-17T18:29:55,ERR,ERR,ERR,ERR,ERR,ERR,ERR,ERR,ERR,ERR,ERR,ERR,ERR,ERR,ERR,ERR,ERR,ERR,ERR,ERR,ERR,ERR,ERR,ERR,ERR,ERR,ERR,ERR,ERR,ERR,ERR,ERR,ERR,ERR,ERR,ERR,ERR,ERR,ERR,ERR,ERR,ERR,ERR,ERR,ERR,ERR,ERR,ERR,ERR,ERR,ERR,ERR,ERR,ERR,ERR,ERR,ERR,ERR,ERR,ERR,ERR,ERR,ERR,ERR,ERR,ERR,ERR,ERR,ERR,ERR,ERR,ERR,ERR,ERR,ERR,ERR,ERR,ERR,ERR,ERR,ERR,ERR,ERR,ERR,ERR,ERR,ERR,ERR,ERR,ERR,ERR,ERR,ERR,ERR,ERR,ERR,ERR,ERR,ERR,ERR,ERR,ERR,ERR,ERR,ERR,ERR,ERR,ERR,ERR,ERR,ERR,ERR,ERR,ERR,ERR,ERR,ERR,ERR,ERR,ERR,ERR,ERR,ERR,ERR,ERR,0.0,0.0,0.0,0.0,0.0,1.3936040501711995e+18,7.805,0.0,0,0,4,0,8422,0.0,45,0.0,0.0,0.0,0.0,0.0,0,0,0,0,0.0,0,0,0,0,0,0,0,0,0,0,0,0,0,0,0,0,0,0,0,0,0,0,0,0,0,0,0,0,0,0,0,0,0,38,14,7,45,65476,0,300,0,0,8,21553,0.0,-107605600.0,0.0,0.0,0.0,0.0,0.0,0.0,0.0,0.0,0.0,0.0,0.0,0.0,0.0,0.0,0.0,0.0,0.0,0.0,0.0,0.0,0.0,2.004,-0.0,0.0,0.0,0.0,0.0,0.0,4952.0,-564145699160064.0,0.0,0.0,0.0,-107615280.0,2.718429300292151e+23,0.0,0.0,0.0,0.0,53,-0.0,0.0,0.0,0.0,0.0,0.0,0.0,0.0,0.0,0,0,0,0.0,0.0,0.0,0.0,0.0,0.0,0.0,0.0,0.0,0.0,0.0,0.0,0.0,0.0,0.0,0.0,0,-107875648.0,53,0.0,106,-107614832.0,0.0,ERR,ERR,ERR,ERR,ERR,ERR,ERR,ERR,ERR,ERR,ERR,ERR,ERR,ERR,ERR,ERR,ERR,ERR,ERR,ERR,ERR,ERR,ERR,ERR,ERR,ERR,ERR,ERR,ERR,ERR,ERR,ERR,ERR,ERR,ERR,ERR,ERR,ERR,ERR,ERR,ERR,ERR,ERR,ERR,ERR,ERR,ERR,ERR,ERR,ERR,ERR,ERR,ERR,ERR,ERR,ERR,ERR,ERR,ERR,ERR,ERR,ERR,ERR,ERR,ERR,ERR,ERR,50.0,60.0,100,0.0,0.0,0.0,0.0,0.0,0.0,0.0,0.0,0.0,0.0,0.0,0.0,0.0,0.0,0.0,0.0,61.6,73,14,65512,50,65476,0,300,0,0,8,20529,65476,0,0,26214,60.0,0.0,0.0,0.0,0.0,0.0
2026-05-17T18:29:56,ERR,ERR,ERR,ERR,ERR,ERR,ERR,ERR,ERR,ERR,ERR,ERR,ERR,ERR,ERR,ERR,ERR,ERR,ERR,ERR,ERR,ERR,ERR,ERR,ERR,ERR,ERR,ERR,ERR,ERR,ERR,ERR,ERR,ERR,ERR,ERR,ERR,ERR,ERR,ERR,ERR,ERR,ERR,ERR,ERR,ERR,ERR,ERR,ERR,ERR,ERR,ERR,ERR,ERR,ERR,ERR,ERR,ERR,ERR,ERR,ERR,ERR,ERR,ERR,ERR,ERR,ERR,ERR,ERR,ERR,ERR,ERR,ERR,ERR,ERR,ERR,ERR,ERR,ERR,ERR,ERR,ERR,ERR,ERR,ERR,ERR,ERR,ERR,ERR,ERR,ERR,ERR,ERR,ERR,ERR,ERR,ERR,ERR,ERR,ERR,ERR,ERR,ERR,ERR,ERR,ERR,ERR,ERR,ERR,ERR,ERR,ERR,ERR,ERR,ERR,ERR,ERR,ERR,ERR,ERR,ERR,ERR,ERR,ERR,ERR,0.0,0.0,0.0,0.0,0.0,1.3936040501711995e+18,7.805,0.0,0,0,4,0,8422,0.0,45,0.0,0.0,0.0,0.0,0.0,0,0,0,0,0.0,0,0,0,0,0,0,0,0,0,0,0,0,0,0,0,0,0,0,0,0,0,0,0,0,0,0,0,0,0,0,0,0,0,38,14,7,45,65476,0,300,0,0,8,21553,0.0,-107605600.0,0.0,0.0,0.0,0.0,0.0,0.0,0.0,0.0,0.0,0.0,0.0,0.0,0.0,0.0,0.0,0.0,0.0,0.0,0.0,0.0,0.0,2.004,-0.0,0.0,0.0,0.0,0.0,0.0,4952.0,-564145699160064.0,0.0,0.0,0.0,-107615280.0,2.718429300292151e+23,0.0,0.0,0.0,0.0,53,-0.0,0.0,0.0,0.0,0.0,0.0,0.0,0.0,0.0,0,0,0,0.0,0.0,0.0,0.0,0.0,0.0,0.0,0.0,0.0,0.0,0.0,0.0,0.0,0.0,0.0,0.0,0,-107875648.0,53,0.0,106,-107614832.0,0.0,ERR,ERR,ERR,ERR,ERR,ERR,ERR,ERR,ERR,ERR,ERR,ERR,ERR,ERR,ERR,ERR,ERR,ERR,ERR,ERR,ERR,ERR,ERR,ERR,ERR,ERR,ERR,ERR,ERR,ERR,ERR,ERR,ERR,ERR,ERR,ERR,ERR,ERR,ERR,ERR,ERR,ERR,ERR,ERR,ERR,ERR,ERR,ERR,ERR,ERR,ERR,ERR,ERR,ERR,ERR,ERR,ERR,ERR,ERR,ERR,ERR,ERR,ERR,ERR,ERR,ERR,ERR,50.0,60.0,100,0.0,0.0,0.0,0.0,0.0,0.0,0.0,0.0,0.0,0.0,0.0,0.0,0.0,0.0,0.0,0.0,61.6,73,14,65512,50,65476,0,300,0,0,8,20529,65476,0,0,26214,60.0,0.0,0.0,0.0,0.0,0.0
2026-05-17T18:29:57,ERR,ERR,ERR,ERR,ERR,ERR,ERR,ERR,ERR,ERR,ERR,ERR,ERR,ERR,ERR,ERR,ERR,ERR,ERR,ERR,ERR,ERR,ERR,ERR,ERR,ERR,ERR,ERR,ERR,ERR,ERR,ERR,ERR,ERR,ERR,ERR,ERR,ERR,ERR,ERR,ERR,ERR,ERR,ERR,ERR,ERR,ERR,ERR,ERR,ERR,ERR,ERR,ERR,ERR,ERR,ERR,ERR,ERR,ERR,ERR,ERR,ERR,ERR,ERR,ERR,ERR,ERR,ERR,ERR,ERR,ERR,ERR,ERR,ERR,ERR,ERR,ERR,ERR,ERR,ERR,ERR,ERR,ERR,ERR,ERR,ERR,ERR,ERR,ERR,ERR,ERR,ERR,ERR,ERR,ERR,ERR,ERR,ERR,ERR,ERR,ERR,ERR,ERR,ERR,ERR,ERR,ERR,ERR,ERR,ERR,ERR,ERR,ERR,ERR,ERR,ERR,ERR,ERR,ERR,ERR,ERR,ERR,ERR,ERR,ERR,0.0,0.0,0.0,0.0,0.0,1.3936040501711995e+18,7.805,0.0,0,0,4,0,8422,0.0,45,0.0,0.0,0.0,0.0,0.0,0,0,0,0,0.0,0,0,0,0,0,0,0,0,0,0,0,0,0,0,0,0,0,0,0,0,0,0,0,0,0,0,0,0,0,0,0,0,0,38,14,7,45,65476,0,300,0,0,8,21553,0.0,-107605600.0,0.0,0.0,0.0,0.0,0.0,0.0,0.0,0.0,0.0,0.0,0.0,0.0,0.0,0.0,0.0,0.0,0.0,0.0,0.0,0.0,0.0,2.004,-0.0,0.0,0.0,0.0,0.0,0.0,4952.0,-564145699160064.0,0.0,0.0,0.0,-107615280.0,2.718429300292151e+23,0.0,0.0,0.0,0.0,53,-0.0,0.0,0.0,0.0,0.0,0.0,0.0,0.0,0.0,0,0,0,0.0,0.0,0.0,0.0,0.0,0.0,0.0,0.0,0.0,0.0,0.0,0.0,0.0,0.0,0.0,0.0,0,-107875648.0,53,0.0,106,-107614832.0,0.0,ERR,ERR,ERR,ERR,ERR,ERR,ERR,ERR,ERR,ERR,ERR,ERR,ERR,ERR,ERR,ERR,ERR,ERR,ERR,ERR,ERR,ERR,ERR,ERR,ERR,ERR,ERR,ERR,ERR,ERR,ERR,ERR,ERR,ERR,ERR,ERR,ERR,ERR,ERR,ERR,ERR,ERR,ERR,ERR,ERR,ERR,ERR,ERR,ERR,ERR,ERR,ERR,ERR,ERR,ERR,ERR,ERR,ERR,ERR,ERR,ERR,ERR,ERR,ERR,ERR,ERR,ERR,50.0,60.0,100,0.0,0.0,0.0,0.0,0.0,0.0,0.0,0.0,0.0,0.0,0.0,0.0,0.0,0.0,0.0,0.0,61.6,73,14,65512,50,65476,0,300,0,0,8,20529,65476,0,0,26214,60.0,0.0,0.0,0.0,0.0,0.0
2026-05-17T18:29:58,ERR,ERR,ERR,ERR,ERR,ERR,ERR,ERR,ERR,ERR,ERR,ERR,ERR,ERR,ERR,ERR,ERR,ERR,ERR,ERR,ERR,ERR,ERR,ERR,ERR,ERR,ERR,ERR,ERR,ERR,ERR,ERR,ERR,ERR,ERR,ERR,ERR,ERR,ERR,ERR,ERR,ERR,ERR,ERR,ERR,ERR,ERR,ERR,ERR,ERR,ERR,ERR,ERR,ERR,ERR,ERR,ERR,ERR,ERR,ERR,ERR,ERR,ERR,ERR,ERR,ERR,ERR,ERR,ERR,ERR,ERR,ERR,ERR,ERR,ERR,ERR,ERR,ERR,ERR,ERR,ERR,ERR,ERR,ERR,ERR,ERR,ERR,ERR,ERR,ERR,ERR,ERR,ERR,ERR,ERR,ERR,ERR,ERR,ERR,ERR,ERR,ERR,ERR,ERR,ERR,ERR,ERR,ERR,ERR,ERR,ERR,ERR,ERR,ERR,ERR,ERR,ERR,ERR,ERR,ERR,ERR,ERR,ERR,ERR,ERR,0.0,0.0,0.0,0.0,0.0,1.3936040501711995e+18,7.805,0.0,0,0,4,0,8422,0.0,45,0.0,0.0,0.0,0.0,0.0,0,0,0,0,0.0,0,0,0,0,0,0,0,0,0,0,0,0,0,0,0,0,0,0,0,0,0,0,0,0,0,0,0,0,0,0,0,0,0,38,14,7,45,65476,0,300,0,0,8,21553,0.0,-107605600.0,0.0,0.0,0.0,0.0,0.0,0.0,0.0,0.0,0.0,0.0,0.0,0.0,0.0,0.0,0.0,0.0,0.0,0.0,0.0,0.0,0.0,2.004,-0.0,0.0,0.0,0.0,0.0,0.0,4952.0,-564145699160064.0,0.0,0.0,0.0,-107615280.0,2.718429300292151e+23,0.0,0.0,0.0,0.0,53,-0.0,0.0,0.0,0.0,0.0,0.0,0.0,0.0,0.0,0,0,0,0.0,0.0,0.0,0.0,0.0,0.0,0.0,0.0,0.0,0.0,0.0,0.0,0.0,0.0,0.0,0.0,0,-107875648.0,53,0.0,106,-107614832.0,0.0,ERR,ERR,ERR,ERR,ERR,ERR,ERR,ERR,ERR,ERR,ERR,ERR,ERR,ERR,ERR,ERR,ERR,ERR,ERR,ERR,ERR,ERR,ERR,ERR,ERR,ERR,ERR,ERR,ERR,ERR,ERR,ERR,ERR,ERR,ERR,ERR,ERR,ERR,ERR,ERR,ERR,ERR,ERR,ERR,ERR,ERR,ERR,ERR,ERR,ERR,ERR,ERR,ERR,ERR,ERR,ERR,ERR,ERR,ERR,ERR,ERR,ERR,ERR,ERR,ERR,ERR,ERR,50.0,60.0,100,0.0,0.0,0.0,0.0,0.0,0.0,0.0,0.0,0.0,0.0,0.0,0.0,0.0,0.0,0.0,0.0,61.6,73,14,65512,50,65476,0,300,0,0,8,20529,65476,0,0,26214,60.0,0.0,0.0,0.0,0.0,0.0
2026-05-17T18:29:59,ERR,ERR,ERR,ERR,ERR,ERR,ERR,ERR,ERR,ERR,ERR,ERR,ERR,ERR,ERR,ERR,ERR,ERR,ERR,ERR,ERR,ERR,ERR,ERR,ERR,ERR,ERR,ERR,ERR,ERR,ERR,ERR,ERR,ERR,ERR,ERR,ERR,ERR,ERR,ERR,ERR,ERR,ERR,ERR,ERR,ERR,ERR,ERR,ERR,ERR,ERR,ERR,ERR,ERR,ERR,ERR,ERR,ERR,ERR,ERR,ERR,ERR,ERR,ERR,ERR,ERR,ERR,ERR,ERR,ERR,ERR,ERR,ERR,ERR,ERR,ERR,ERR,ERR,ERR,ERR,ERR,ERR,ERR,ERR,ERR,ERR,ERR,ERR,ERR,ERR,ERR,ERR,ERR,ERR,ERR,ERR,ERR,ERR,ERR,ERR,ERR,ERR,ERR,ERR,ERR,ERR,ERR,ERR,ERR,ERR,ERR,ERR,ERR,ERR,ERR,ERR,ERR,ERR,ERR,ERR,ERR,ERR,ERR,ERR,ERR,0.0,0.0,0.0,0.0,0.0,1.3936040501711995e+18,7.805,0.0,0,0,4,0,8422,0.0,45,0.0,0.0,0.0,0.0,0.0,0,0,0,0,0.0,0,0,0,0,0,0,0,0,0,0,0,0,0,0,0,0,0,0,0,0,0,0,0,0,0,0,0,0,0,0,0,0,0,38,14,7,45,65476,0,300,0,0,8,21553,0.0,-107605600.0,0.0,0.0,0.0,0.0,0.0,0.0,0.0,0.0,0.0,0.0,0.0,0.0,0.0,0.0,0.0,0.0,0.0,0.0,0.0,0.0,0.0,2.004,-0.0,0.0,0.0,0.0,0.0,0.0,4984.0,-0.0,0.0,0.0,0.0,-107615280.0,2.718429300292151e+23,0.0,0.0,0.0,0.0,53,-0.0,126840528896.0,0.0,0.0,0.0,0.0,0.0,0.0,0.0,0,0,0,0.0,0.0,0.0,0.0,0.0,0.0,0.0,0.0,0.0,0.0,0.0,0.0,0.0,0.0,0.0,0.0,0,-107875648.0,53,0.0,106,-107614832.0,0.0,ERR,ERR,ERR,ERR,ERR,ERR,ERR,ERR,ERR,ERR,ERR,ERR,ERR,ERR,ERR,ERR,ERR,ERR,ERR,ERR,ERR,ERR,ERR,ERR,ERR,ERR,ERR,ERR,ERR,ERR,ERR,ERR,ERR,ERR,ERR,ERR,ERR,ERR,ERR,ERR,ERR,ERR,ERR,ERR,ERR,ERR,ERR,ERR,ERR,ERR,ERR,ERR,ERR,ERR,ERR,ERR,ERR,ERR,ERR,ERR,ERR,ERR,ERR,ERR,ERR,ERR,ERR,50.0,60.0,100,0.0,0.0,0.0,0.0,0.0,0.0,0.0,0.0,0.0,0.0,0.0,0.0,0.0,0.0,0.0,0.0,61.6,73,14,65512,50,65476,0,300,0,0,8,20529,65476,0,0,26214,60.0,0.0,0.0,0.0,0.0,0.0
2026-05-17T18:30:00,ERR,ERR,ERR,ERR,ERR,ERR,ERR,ERR,ERR,ERR,ERR,ERR,ERR,ERR,ERR,ERR,ERR,ERR,ERR,ERR,ERR,ERR,ERR,ERR,ERR,ERR,ERR,ERR,ERR,ERR,ERR,ERR,ERR,ERR,ERR,ERR,ERR,ERR,ERR,ERR,ERR,ERR,ERR,ERR,ERR,ERR,ERR,ERR,ERR,ERR,ERR,ERR,ERR,ERR,ERR,ERR,ERR,ERR,ERR,ERR,ERR,ERR,ERR,ERR,ERR,ERR,ERR,ERR,ERR,ERR,ERR,ERR,ERR,ERR,ERR,ERR,ERR,ERR,ERR,ERR,ERR,ERR,ERR,ERR,ERR,ERR,ERR,ERR,ERR,ERR,ERR,ERR,ERR,ERR,ERR,ERR,ERR,ERR,ERR,ERR,ERR,ERR,ERR,ERR,ERR,ERR,ERR,ERR,ERR,ERR,ERR,ERR,ERR,ERR,ERR,ERR,ERR,ERR,ERR,ERR,ERR,ERR,ERR,ERR,ERR,0.0,0.0,0.0,0.0,0.0,1.3936040501711995e+18,7.805,0.0,0,0,4,0,8422,0.0,45,0.0,0.0,0.0,0.0,0.0,0,0,0,0,0.0,0,0,0,0,0,0,0,0,0,0,0,0,0,0,0,0,0,0,0,0,0,0,0,0,0,0,0,0,0,0,0,0,0,38,14,7,45,65476,0,300,0,0,8,21553,0.0,-107605600.0,0.0,0.0,0.0,0.0,0.0,0.0,0.0,0.0,0.0,0.0,0.0,0.0,0.0,0.0,0.0,0.0,0.0,0.0,0.0,0.0,0.0,2.004,-0.0,0.0,0.0,0.0,0.0,0.0,4984.0,-0.0,0.0,0.0,0.0,-107615280.0,2.718429300292151e+23,0.0,0.0,0.0,0.0,53,-0.0,126840528896.0,0.0,0.0,0.0,0.0,0.0,0.0,0.0,0,0,0,0.0,0.0,0.0,0.0,0.0,0.0,0.0,0.0,0.0,0.0,0.0,0.0,0.0,0.0,0.0,0.0,0,-107875648.0,53,0.0,106,-107614832.0,0.0,ERR,ERR,ERR,ERR,ERR,ERR,ERR,ERR,ERR,ERR,ERR,ERR,ERR,ERR,ERR,ERR,ERR,ERR,ERR,ERR,ERR,ERR,ERR,ERR,ERR,ERR,ERR,ERR,ERR,ERR,ERR,ERR,ERR,ERR,ERR,ERR,ERR,ERR,ERR,ERR,ERR,ERR,ERR,ERR,ERR,ERR,ERR,ERR,ERR,ERR,ERR,ERR,ERR,ERR,ERR,ERR,ERR,ERR,ERR,ERR,ERR,ERR,ERR,ERR,ERR,ERR,ERR,50.0,60.0,100,0.0,0.0,0.0,0.0,0.0,0.0,0.0,0.0,0.0,0.0,0.0,0.0,0.0,0.0,0.0,0.0,61.6,73,14,65512,50,65476,0,300,0,0,8,20529,65476,0,0,26214,60.0,0.0,0.0,0.0,0.0,0.0
2026-05-17T18:30:01,ERR,ERR,ERR,ERR,ERR,ERR,ERR,ERR,ERR,ERR,ERR,ERR,ERR,ERR,ERR,ERR,ERR,ERR,ERR,ERR,ERR,ERR,ERR,ERR,ERR,ERR,ERR,ERR,ERR,ERR,ERR,ERR,ERR,ERR,ERR,ERR,ERR,ERR,ERR,ERR,ERR,ERR,ERR,ERR,ERR,ERR,ERR,ERR,ERR,ERR,ERR,ERR,ERR,ERR,ERR,ERR,ERR,ERR,ERR,ERR,ERR,ERR,ERR,ERR,ERR,ERR,ERR,ERR,ERR,ERR,ERR,ERR,ERR,ERR,ERR,ERR,ERR,ERR,ERR,ERR,ERR,ERR,ERR,ERR,ERR,ERR,ERR,ERR,ERR,ERR,ERR,ERR,ERR,ERR,ERR,ERR,ERR,ERR,ERR,ERR,ERR,ERR,ERR,ERR,ERR,ERR,ERR,ERR,ERR,ERR,ERR,ERR,ERR,ERR,ERR,ERR,ERR,ERR,ERR,ERR,ERR,ERR,ERR,ERR,ERR,0.0,0.0,0.0,0.0,0.0,1.3936040501711995e+18,7.805,0.0,0,0,4,0,8422,0.0,45,0.0,0.0,0.0,0.0,0.0,0,0,0,0,0.0,0,0,0,0,0,0,0,0,0,0,0,0,0,0,0,0,0,0,0,0,0,0,0,0,0,0,0,0,0,0,0,0,0,38,14,7,45,65476,0,300,0,0,8,21553,0.0,-107605600.0,0.0,0.0,0.0,0.0,0.0,0.0,0.0,0.0,0.0,0.0,0.0,0.0,0.0,0.0,0.0,0.0,0.0,0.0,0.0,0.0,0.0,2.004,-0.0,0.0,0.0,0.0,0.0,0.0,4984.0,-0.0,0.0,0.0,0.0,-107615280.0,2.718429300292151e+23,0.0,0.0,0.0,0.0,53,-0.0,126840528896.0,0.0,0.0,0.0,0.0,0.0,0.0,0.0,0,0,0,0.0,0.0,0.0,0.0,0.0,0.0,0.0,0.0,0.0,0.0,0.0,0.0,0.0,0.0,0.0,0.0,0,-107875648.0,53,0.0,106,-107614832.0,0.0,ERR,ERR,ERR,ERR,ERR,ERR,ERR,ERR,ERR,ERR,ERR,ERR,ERR,ERR,ERR,ERR,ERR,ERR,ERR,ERR,ERR,ERR,ERR,ERR,ERR,ERR,ERR,ERR,ERR,ERR,ERR,ERR,ERR,ERR,ERR,ERR,ERR,ERR,ERR,ERR,ERR,ERR,ERR,ERR,ERR,ERR,ERR,ERR,ERR,ERR,ERR,ERR,ERR,ERR,ERR,ERR,ERR,ERR,ERR,ERR,ERR,ERR,ERR,ERR,ERR,ERR,ERR,50.0,60.0,100,0.0,0.0,0.0,0.0,0.0,0.0,0.0,0.0,0.0,0.0,0.0,0.0,0.0,0.0,0.0,0.0,61.6,73,14,65512,50,65476,0,300,0,0,8,20529,65476,0,0,26214,60.0,0.0,0.0,0.0,0.0,0.0
2026-05-17T18:30:02,ERR,ERR,ERR,ERR,ERR,ERR,ERR,ERR,ERR,ERR,ERR,ERR,ERR,ERR,ERR,ERR,ERR,ERR,ERR,ERR,ERR,ERR,ERR,ERR,ERR,ERR,ERR,ERR,ERR,ERR,ERR,ERR,ERR,ERR,ERR,ERR,ERR,ERR,ERR,ERR,ERR,ERR,ERR,ERR,ERR,ERR,ERR,ERR,ERR,ERR,ERR,ERR,ERR,ERR,ERR,ERR,ERR,ERR,ERR,ERR,ERR,ERR,ERR,ERR,ERR,ERR,ERR,ERR,ERR,ERR,ERR,ERR,ERR,ERR,ERR,ERR,ERR,ERR,ERR,ERR,ERR,ERR,ERR,ERR,ERR,ERR,ERR,ERR,ERR,ERR,ERR,ERR,ERR,ERR,ERR,ERR,ERR,ERR,ERR,ERR,ERR,ERR,ERR,ERR,ERR,ERR,ERR,ERR,ERR,ERR,ERR,ERR,ERR,ERR,ERR,ERR,ERR,ERR,ERR,ERR,ERR,ERR,ERR,ERR,ERR,0.0,0.0,0.0,0.0,0.0,1.3936040501711995e+18,7.805,0.0,0,0,4,0,8422,0.0,45,0.0,0.0,0.0,0.0,0.0,0,0,0,0,0.0,0,0,0,0,0,0,0,0,0,0,0,0,0,0,0,0,0,0,0,0,0,0,0,0,0,0,0,0,0,0,0,0,0,38,14,7,45,65476,0,300,0,0,8,21553,0.0,-107605600.0,0.0,0.0,0.0,0.0,0.0,0.0,0.0,0.0,0.0,0.0,0.0,0.0,0.0,0.0,0.0,0.0,0.0,0.0,0.0,0.0,0.0,2.004,-0.0,0.0,0.0,0.0,0.0,0.0,4984.0,-0.0,0.0,0.0,0.0,-107615280.0,2.718429300292151e+23,0.0,0.0,0.0,0.0,53,-0.0,126840528896.0,0.0,0.0,0.0,0.0,0.0,0.0,0.0,0,0,0,0.0,0.0,0.0,0.0,0.0,0.0,0.0,0.0,0.0,0.0,0.0,0.0,0.0,0.0,0.0,0.0,0,-107875648.0,53,0.0,106,-107614832.0,0.0,ERR,ERR,ERR,ERR,ERR,ERR,ERR,ERR,ERR,ERR,ERR,ERR,ERR,ERR,ERR,ERR,ERR,ERR,ERR,ERR,ERR,ERR,ERR,ERR,ERR,ERR,ERR,ERR,ERR,ERR,ERR,ERR,ERR,ERR,ERR,ERR,ERR,ERR,ERR,ERR,ERR,ERR,ERR,ERR,ERR,ERR,ERR,ERR,ERR,ERR,ERR,ERR,ERR,ERR,ERR,ERR,ERR,ERR,ERR,ERR,ERR,ERR,ERR,ERR,ERR,ERR,ERR,50.0,60.0,100,0.0,0.0,0.0,0.0,0.0,0.0,0.0,0.0,0.0,0.0,0.0,0.0,0.0,0.0,0.0,0.0,61.6,73,14,65512,50,65476,0,300,0,0,8,20529,65476,0,0,26214,60.0,0.0,0.0,0.0,0.0,0.0
2026-05-17T18:30:03,ERR,ERR,ERR,ERR,ERR,ERR,ERR,ERR,ERR,ERR,ERR,ERR,ERR,ERR,ERR,ERR,ERR,ERR,ERR,ERR,ERR,ERR,ERR,ERR,ERR,ERR,ERR,ERR,ERR,ERR,ERR,ERR,ERR,ERR,ERR,ERR,ERR,ERR,ERR,ERR,ERR,ERR,ERR,ERR,ERR,ERR,ERR,ERR,ERR,ERR,ERR,ERR,ERR,ERR,ERR,ERR,ERR,ERR,ERR,ERR,ERR,ERR,ERR,ERR,ERR,ERR,ERR,ERR,ERR,ERR,ERR,ERR,ERR,ERR,ERR,ERR,ERR,ERR,ERR,ERR,ERR,ERR,ERR,ERR,ERR,ERR,ERR,ERR,ERR,ERR,ERR,ERR,ERR,ERR,ERR,ERR,ERR,ERR,ERR,ERR,ERR,ERR,ERR,ERR,ERR,ERR,ERR,ERR,ERR,ERR,ERR,ERR,ERR,ERR,ERR,ERR,ERR,ERR,ERR,ERR,ERR,ERR,ERR,ERR,ERR,0.0,0.0,0.0,0.0,0.0,1.3936040501711995e+18,7.805,0.0,0,0,4,0,8422,0.0,45,0.0,0.0,0.0,0.0,0.0,0,0,0,0,0.0,0,0,0,0,0,0,0,0,0,0,0,0,0,0,0,0,0,0,0,0,0,0,0,0,0,0,0,0,0,0,0,0,0,38,14,7,45,65476,0,300,0,0,8,21553,0.0,-107605600.0,0.0,0.0,0.0,0.0,0.0,0.0,0.0,0.0,0.0,0.0,0.0,0.0,0.0,0.0,0.0,0.0,0.0,0.0,0.0,0.0,0.0,2.004,-0.0,0.0,0.0,0.0,0.0,0.0,4984.0,-0.0,0.0,0.0,0.0,-107615280.0,2.718429300292151e+23,0.0,0.0,0.0,0.0,53,-0.0,126840528896.0,0.0,0.0,0.0,0.0,0.0,0.0,0.0,0,0,0,0.0,0.0,0.0,0.0,0.0,0.0,0.0,0.0,0.0,0.0,0.0,0.0,0.0,0.0,0.0,0.0,0,-107875648.0,53,0.0,106,-107614832.0,0.0,ERR,ERR,ERR,ERR,ERR,ERR,ERR,ERR,ERR,ERR,ERR,ERR,ERR,ERR,ERR,ERR,ERR,ERR,ERR,ERR,ERR,ERR,ERR,ERR,ERR,ERR,ERR,ERR,ERR,ERR,ERR,ERR,ERR,ERR,ERR,ERR,ERR,ERR,ERR,ERR,ERR,ERR,ERR,ERR,ERR,ERR,ERR,ERR,ERR,ERR,ERR,ERR,ERR,ERR,ERR,ERR,ERR,ERR,ERR,ERR,ERR,ERR,ERR,ERR,ERR,ERR,ERR,50.0,60.0,100,0.0,0.0,0.0,0.0,0.0,0.0,0.0,0.0,0.0,0.0,0.0,0.0,0.0,0.0,0.0,0.0,61.6,73,14,65512,50,65476,0,300,0,0,8,20529,65476,0,0,26214,60.0,0.0,0.0,0.0,0.0,0.0
2026-05-17T18:30:04,ERR,ERR,ERR,ERR,ERR,ERR,ERR,ERR,ERR,ERR,ERR,ERR,ERR,ERR,ERR,ERR,ERR,ERR,ERR,ERR,ERR,ERR,ERR,ERR,ERR,ERR,ERR,ERR,ERR,ERR,ERR,ERR,ERR,ERR,ERR,ERR,ERR,ERR,ERR,ERR,ERR,ERR,ERR,ERR,ERR,ERR,ERR,ERR,ERR,ERR,ERR,ERR,ERR,ERR,ERR,ERR,ERR,ERR,ERR,ERR,ERR,ERR,ERR,ERR,ERR,ERR,ERR,ERR,ERR,ERR,ERR,ERR,ERR,ERR,ERR,ERR,ERR,ERR,ERR,ERR,ERR,ERR,ERR,ERR,ERR,ERR,ERR,ERR,ERR,ERR,ERR,ERR,ERR,ERR,ERR,ERR,ERR,ERR,ERR,ERR,ERR,ERR,ERR,ERR,ERR,ERR,ERR,ERR,ERR,ERR,ERR,ERR,ERR,ERR,ERR,ERR,ERR,ERR,ERR,ERR,ERR,ERR,ERR,ERR,ERR,0.0,0.0,0.0,0.0,0.0,1.3936040501711995e+18,7.805,0.0,0,0,4,0,8422,0.0,45,0.0,0.0,0.0,0.0,0.0,0,0,0,0,0.0,0,0,0,0,0,0,0,0,0,0,0,0,0,0,0,0,0,0,0,0,0,0,0,0,0,0,0,0,0,0,0,0,0,38,14,7,45,65476,0,300,0,0,8,21553,0.0,-107605600.0,0.0,0.0,0.0,0.0,0.0,0.0,0.0,0.0,0.0,0.0,0.0,0.0,0.0,0.0,0.0,0.0,0.0,0.0,0.0,0.0,0.0,2.004,-0.0,0.0,0.0,0.0,0.0,0.0,5013.0,0.0,0.0,0.0,0.0,-107615280.0,2.718429300292151e+23,0.0,0.0,0.0,0.0,53,4.950428597886765e+32,-107614776.0,0.0,0.0,0.0,0.0,0.0,0.0,0.0,0,0,0,0.0,0.0,0.0,0.0,0.0,0.0,0.0,0.0,0.0,0.0,0.0,0.0,0.0,0.0,0.0,0.0,0,-107875648.0,53,0.0,106,-107614832.0,0.0,ERR,ERR,ERR,ERR,ERR,ERR,ERR,ERR,ERR,ERR,ERR,ERR,ERR,ERR,ERR,ERR,ERR,ERR,ERR,ERR,ERR,ERR,ERR,ERR,ERR,ERR,ERR,ERR,ERR,ERR,ERR,ERR,ERR,ERR,ERR,ERR,ERR,ERR,ERR,ERR,ERR,ERR,ERR,ERR,ERR,ERR,ERR,ERR,ERR,ERR,ERR,ERR,ERR,ERR,ERR,ERR,ERR,ERR,ERR,ERR,ERR,ERR,ERR,ERR,ERR,ERR,ERR,50.0,60.0,100,0.0,0.0,0.0,0.0,0.0,0.0,0.0,0.0,0.0,0.0,0.0,0.0,0.0,0.0,0.0,0.0,61.6,73,14,65512,50,65476,0,300,0,0,8,20529,65476,0,0,26214,60.0,0.0,0.0,0.0,0.0,0.0
2026-05-17T18:30:05,ERR,ERR,ERR,ERR,ERR,ERR,ERR,ERR,ERR,ERR,ERR,ERR,ERR,ERR,ERR,ERR,ERR,ERR,ERR,ERR,ERR,ERR,ERR,ERR,ERR,ERR,ERR,ERR,ERR,ERR,ERR,ERR,ERR,ERR,ERR,ERR,ERR,ERR,ERR,ERR,ERR,ERR,ERR,ERR,ERR,ERR,ERR,ERR,ERR,ERR,ERR,ERR,ERR,ERR,ERR,ERR,ERR,ERR,ERR,ERR,ERR,ERR,ERR,ERR,ERR,ERR,ERR,ERR,ERR,ERR,ERR,ERR,ERR,ERR,ERR,ERR,ERR,ERR,ERR,ERR,ERR,ERR,ERR,ERR,ERR,ERR,ERR,ERR,ERR,ERR,ERR,ERR,ERR,ERR,ERR,ERR,ERR,ERR,ERR,ERR,ERR,ERR,ERR,ERR,ERR,ERR,ERR,ERR,ERR,ERR,ERR,ERR,ERR,ERR,ERR,ERR,ERR,ERR,ERR,ERR,ERR,ERR,ERR,ERR,ERR,0.0,0.0,0.0,0.0,0.0,1.3936040501711995e+18,7.805,0.0,0,0,4,0,8422,0.0,45,0.0,0.0,0.0,0.0,0.0,0,0,0,0,0.0,0,0,0,0,0,0,0,0,0,0,0,0,0,0,0,0,0,0,0,0,0,0,0,0,0,0,0,0,0,0,0,0,0,38,14,7,45,65476,0,300,0,0,8,21553,0.0,-107605600.0,0.0,0.0,0.0,0.0,0.0,0.0,0.0,0.0,0.0,0.0,0.0,0.0,0.0,0.0,0.0,0.0,0.0,0.0,0.0,0.0,0.0,2.004,-0.0,0.0,0.0,0.0,0.0,0.0,5013.0,0.0,0.0,0.0,0.0,-107615280.0,2.718429300292151e+23,0.0,0.0,0.0,0.0,53,4.950428597886765e+32,-107614776.0,0.0,0.0,0.0,0.0,0.0,0.0,0.0,0,0,0,0.0,0.0,0.0,0.0,0.0,0.0,0.0,0.0,0.0,0.0,0.0,0.0,0.0,0.0,0.0,0.0,0,-107875648.0,53,0.0,106,-107614832.0,0.0,ERR,ERR,ERR,ERR,ERR,ERR,ERR,ERR,ERR,ERR,ERR,ERR,ERR,ERR,ERR,ERR,ERR,ERR,ERR,ERR,ERR,ERR,ERR,ERR,ERR,ERR,ERR,ERR,ERR,ERR,ERR,ERR,ERR,ERR,ERR,ERR,ERR,ERR,ERR,ERR,ERR,ERR,ERR,ERR,ERR,ERR,ERR,ERR,ERR,ERR,ERR,ERR,ERR,ERR,ERR,ERR,ERR,ERR,ERR,ERR,ERR,ERR,ERR,ERR,ERR,ERR,ERR,50.0,60.0,100,0.0,0.0,0.0,0.0,0.0,0.0,0.0,0.0,0.0,0.0,0.0,0.0,0.0,0.0,0.0,0.0,61.6,73,14,65512,50,65476,0,300,0,0,8,20529,65476,0,0,26214,60.0,0.0,0.0,0.0,0.0,0.0
2026-05-17T18:30:06,ERR,ERR,ERR,ERR,ERR,ERR,ERR,ERR,ERR,ERR,ERR,ERR,ERR,ERR,ERR,ERR,ERR,ERR,ERR,ERR,ERR,ERR,ERR,ERR,ERR,ERR,ERR,ERR,ERR,ERR,ERR,ERR,ERR,ERR,ERR,ERR,ERR,ERR,ERR,ERR,ERR,ERR,ERR,ERR,ERR,ERR,ERR,ERR,ERR,ERR,ERR,ERR,ERR,ERR,ERR,ERR,ERR,ERR,ERR,ERR,ERR,ERR,ERR,ERR,ERR,ERR,ERR,ERR,ERR,ERR,ERR,ERR,ERR,ERR,ERR,ERR,ERR,ERR,ERR,ERR,ERR,ERR,ERR,ERR,ERR,ERR,ERR,ERR,ERR,ERR,ERR,ERR,ERR,ERR,ERR,ERR,ERR,ERR,ERR,ERR,ERR,ERR,ERR,ERR,ERR,ERR,ERR,ERR,ERR,ERR,ERR,ERR,ERR,ERR,ERR,ERR,ERR,ERR,ERR,ERR,ERR,ERR,ERR,ERR,ERR,0.0,0.0,0.0,0.0,0.0,1.3936040501711995e+18,7.805,0.0,0,0,4,0,8422,0.0,45,0.0,0.0,0.0,0.0,0.0,0,0,0,0,0.0,0,0,0,0,0,0,0,0,0,0,0,0,0,0,0,0,0,0,0,0,0,0,0,0,0,0,0,0,0,0,0,0,0,38,14,7,45,65476,0,300,0,0,8,21553,0.0,-107605600.0,0.0,0.0,0.0,0.0,0.0,0.0,0.0,0.0,0.0,0.0,0.0,0.0,0.0,0.0,0.0,0.0,0.0,0.0,0.0,0.0,0.0,2.004,-0.0,0.0,0.0,0.0,0.0,0.0,5013.0,0.0,0.0,0.0,0.0,-107615280.0,2.718429300292151e+23,0.0,0.0,0.0,0.0,53,4.950428597886765e+32,-107614776.0,0.0,0.0,0.0,0.0,0.0,0.0,0.0,0,0,0,0.0,0.0,0.0,0.0,0.0,0.0,0.0,0.0,0.0,0.0,0.0,0.0,0.0,0.0,0.0,0.0,0,-107875648.0,53,0.0,106,-107614832.0,0.0,ERR,ERR,ERR,ERR,ERR,ERR,ERR,ERR,ERR,ERR,ERR,ERR,ERR,ERR,ERR,ERR,ERR,ERR,ERR,ERR,ERR,ERR,ERR,ERR,ERR,ERR,ERR,ERR,ERR,ERR,ERR,ERR,ERR,ERR,ERR,ERR,ERR,ERR,ERR,ERR,ERR,ERR,ERR,ERR,ERR,ERR,ERR,ERR,ERR,ERR,ERR,ERR,ERR,ERR,ERR,ERR,ERR,ERR,ERR,ERR,ERR,ERR,ERR,ERR,ERR,ERR,ERR,50.0,60.0,100,0.0,0.0,0.0,0.0,0.0,0.0,0.0,0.0,0.0,0.0,0.0,0.0,0.0,0.0,0.0,0.0,61.6,73,14,65512,50,65476,0,300,0,0,8,20529,65476,0,0,26214,60.0,0.0,0.0,0.0,0.0,0.0
2026-05-17T18:30:07,ERR,ERR,ERR,ERR,ERR,ERR,ERR,ERR,ERR,ERR,ERR,ERR,ERR,ERR,ERR,ERR,ERR,ERR,ERR,ERR,ERR,ERR,ERR,ERR,ERR,ERR,ERR,ERR,ERR,ERR,ERR,ERR,ERR,ERR,ERR,ERR,ERR,ERR,ERR,ERR,ERR,ERR,ERR,ERR,ERR,ERR,ERR,ERR,ERR,ERR,ERR,ERR,ERR,ERR,ERR,ERR,ERR,ERR,ERR,ERR,ERR,ERR,ERR,ERR,ERR,ERR,ERR,ERR,ERR,ERR,ERR,ERR,ERR,ERR,ERR,ERR,ERR,ERR,ERR,ERR,ERR,ERR,ERR,ERR,ERR,ERR,ERR,ERR,ERR,ERR,ERR,ERR,ERR,ERR,ERR,ERR,ERR,ERR,ERR,ERR,ERR,ERR,ERR,ERR,ERR,ERR,ERR,ERR,ERR,ERR,ERR,ERR,ERR,ERR,ERR,ERR,ERR,ERR,ERR,ERR,ERR,ERR,ERR,ERR,ERR,0.0,0.0,0.0,0.0,0.0,1.3936040501711995e+18,7.805,0.0,0,0,4,0,8422,0.0,45,0.0,0.0,0.0,0.0,0.0,0,0,0,0,0.0,0,0,0,0,0,0,0,0,0,0,0,0,0,0,0,0,0,0,0,0,0,0,0,0,0,0,0,0,0,0,0,0,0,38,14,7,45,65476,0,300,0,0,8,21553,0.0,-107605600.0,0.0,0.0,0.0,0.0,0.0,0.0,0.0,0.0,0.0,0.0,0.0,0.0,0.0,0.0,0.0,0.0,0.0,0.0,0.0,0.0,0.0,2.004,-0.0,0.0,0.0,0.0,0.0,0.0,5013.0,0.0,0.0,0.0,0.0,-107615280.0,2.718429300292151e+23,0.0,0.0,0.0,0.0,53,4.950428597886765e+32,-107614776.0,0.0,0.0,0.0,0.0,0.0,0.0,0.0,0,0,0,0.0,0.0,0.0,0.0,0.0,0.0,0.0,0.0,0.0,0.0,0.0,0.0,0.0,0.0,0.0,0.0,0,-107875648.0,53,0.0,106,-107614832.0,0.0,ERR,ERR,ERR,ERR,ERR,ERR,ERR,ERR,ERR,ERR,ERR,ERR,ERR,ERR,ERR,ERR,ERR,ERR,ERR,ERR,ERR,ERR,ERR,ERR,ERR,ERR,ERR,ERR,ERR,ERR,ERR,ERR,ERR,ERR,ERR,ERR,ERR,ERR,ERR,ERR,ERR,ERR,ERR,ERR,ERR,ERR,ERR,ERR,ERR,ERR,ERR,ERR,ERR,ERR,ERR,ERR,ERR,ERR,ERR,ERR,ERR,ERR,ERR,ERR,ERR,ERR,ERR,50.0,60.0,100,0.0,0.0,0.0,0.0,0.0,0.0,0.0,0.0,0.0,0.0,0.0,0.0,0.0,0.0,0.0,0.0,62.0,73,14,65512,50,65476,0,300,0,0,8,20529,65476,0,0,26214,60.0,0.0,0.0,0.0,0.0,0.0
2026-05-17T18:30:08,ERR,ERR,ERR,ERR,ERR,ERR,ERR,ERR,ERR,ERR,ERR,ERR,ERR,ERR,ERR,ERR,ERR,ERR,ERR,ERR,ERR,ERR,ERR,ERR,ERR,ERR,ERR,ERR,ERR,ERR,ERR,ERR,ERR,ERR,ERR,ERR,ERR,ERR,ERR,ERR,ERR,ERR,ERR,ERR,ERR,ERR,ERR,ERR,ERR,ERR,ERR,ERR,ERR,ERR,ERR,ERR,ERR,ERR,ERR,ERR,ERR,ERR,ERR,ERR,ERR,ERR,ERR,ERR,ERR,ERR,ERR,ERR,ERR,ERR,ERR,ERR,ERR,ERR,ERR,ERR,ERR,ERR,ERR,ERR,ERR,ERR,ERR,ERR,ERR,ERR,ERR,ERR,ERR,ERR,ERR,ERR,ERR,ERR,ERR,ERR,ERR,ERR,ERR,ERR,ERR,ERR,ERR,ERR,ERR,ERR,ERR,ERR,ERR,ERR,ERR,ERR,ERR,ERR,ERR,ERR,ERR,ERR,ERR,ERR,ERR,0.0,0.0,0.0,0.0,0.0,1.3936040501711995e+18,7.805,0.0,0,0,4,0,8422,0.0,45,0.0,0.0,0.0,0.0,0.0,0,0,0,0,0.0,0,0,0,0,0,0,0,0,0,0,0,0,0,0,0,0,0,0,0,0,0,0,0,0,0,0,0,0,0,0,0,0,0,38,14,7,45,65476,0,300,0,0,8,21553,0.0,-107605600.0,0.0,0.0,0.0,0.0,0.0,0.0,0.0,0.0,0.0,0.0,0.0,0.0,0.0,0.0,0.0,0.0,0.0,0.0,0.0,0.0,0.0,2.004,-0.0,0.0,0.0,0.0,0.0,0.0,5013.0,0.0,0.0,0.0,0.0,-107615280.0,2.718429300292151e+23,0.0,0.0,0.0,0.0,53,4.950428597886765e+32,-107614776.0,0.0,0.0,0.0,0.0,0.0,0.0,0.0,0,0,0,0.0,0.0,0.0,0.0,0.0,0.0,0.0,0.0,0.0,0.0,0.0,0.0,0.0,0.0,0.0,0.0,0,-107875648.0,53,0.0,106,-107614832.0,0.0,ERR,ERR,ERR,ERR,ERR,ERR,ERR,ERR,ERR,ERR,ERR,ERR,ERR,ERR,ERR,ERR,ERR,ERR,ERR,ERR,ERR,ERR,ERR,ERR,ERR,ERR,ERR,ERR,ERR,ERR,ERR,ERR,ERR,ERR,ERR,ERR,ERR,ERR,ERR,ERR,ERR,ERR,ERR,ERR,ERR,ERR,ERR,ERR,ERR,ERR,ERR,ERR,ERR,ERR,ERR,ERR,ERR,ERR,ERR,ERR,ERR,ERR,ERR,ERR,ERR,ERR,ERR,50.0,60.0,100,0.0,0.0,0.0,0.0,0.0,0.0,0.0,0.0,0.0,0.0,0.0,0.0,0.0,0.0,0.0,0.0,62.0,73,14,65512,50,65476,0,300,0,0,8,20529,65476,0,0,26214,60.0,0.0,0.0,0.0,0.0,0.0
2026-05-17T18:30:09,ERR,ERR,ERR,ERR,ERR,ERR,ERR,ERR,ERR,ERR,ERR,ERR,ERR,ERR,ERR,ERR,ERR,ERR,ERR,ERR,ERR,ERR,ERR,ERR,ERR,ERR,ERR,ERR,ERR,ERR,ERR,ERR,ERR,ERR,ERR,ERR,ERR,ERR,ERR,ERR,ERR,ERR,ERR,ERR,ERR,ERR,ERR,ERR,ERR,ERR,ERR,ERR,ERR,ERR,ERR,ERR,ERR,ERR,ERR,ERR,ERR,ERR,ERR,ERR,ERR,ERR,ERR,ERR,ERR,ERR,ERR,ERR,ERR,ERR,ERR,ERR,ERR,ERR,ERR,ERR,ERR,ERR,ERR,ERR,ERR,ERR,ERR,ERR,ERR,ERR,ERR,ERR,ERR,ERR,ERR,ERR,ERR,ERR,ERR,ERR,ERR,ERR,ERR,ERR,ERR,ERR,ERR,ERR,ERR,ERR,ERR,ERR,ERR,ERR,ERR,ERR,ERR,ERR,ERR,ERR,ERR,ERR,ERR,ERR,ERR,0.0,0.0,0.0,0.0,0.0,1.3936040501711995e+18,7.805,0.0,0,0,4,0,8422,0.0,45,0.0,0.0,0.0,0.0,0.0,0,0,0,0,0.0,0,0,0,0,0,0,0,0,0,0,0,0,0,0,0,0,0,0,0,0,0,0,0,0,0,0,0,0,0,0,0,0,0,38,14,7,45,65476,0,300,0,0,8,21553,0.0,-107605600.0,0.0,0.0,0.0,0.0,0.0,0.0,0.0,0.0,0.0,0.0,0.0,0.0,0.0,0.0,0.0,0.0,0.0,0.0,0.0,0.0,0.0,2.004,-0.0,0.0,0.0,0.0,0.0,0.0,5017.0,0.0,0.0,0.0,0.0,-107615280.0,2.718429300292151e+23,0.0,0.0,0.0,0.0,53,-0.0,-71.629,0.0,0.0,0.0,0.0,0.0,0.0,0.0,0,0,0,0.0,0.0,0.0,0.0,0.0,0.0,0.0,0.0,0.0,0.0,0.0,0.0,0.0,0.0,0.0,0.0,0,-107875648.0,53,0.0,106,-107614832.0,0.0,ERR,ERR,ERR,ERR,ERR,ERR,ERR,ERR,ERR,ERR,ERR,ERR,ERR,ERR,ERR,ERR,ERR,ERR,ERR,ERR,ERR,ERR,ERR,ERR,ERR,ERR,ERR,ERR,ERR,ERR,ERR,ERR,ERR,ERR,ERR,ERR,ERR,ERR,ERR,ERR,ERR,ERR,ERR,ERR,ERR,ERR,ERR,ERR,ERR,ERR,ERR,ERR,ERR,ERR,ERR,ERR,ERR,ERR,ERR,ERR,ERR,ERR,ERR,ERR,ERR,ERR,ERR,50.0,60.0,100,0.0,0.0,0.0,0.0,0.0,0.0,0.0,0.0,0.0,0.0,0.0,0.0,0.0,0.0,0.0,0.0,61.6,73,14,65512,50,65476,0,300,0,0,8,20529,65476,0,0,26214,60.0,0.0,0.0,0.0,0.0,0.0
2026-05-17T18:30:10,ERR,ERR,ERR,ERR,ERR,ERR,ERR,ERR,ERR,ERR,ERR,ERR,ERR,ERR,ERR,ERR,ERR,ERR,ERR,ERR,ERR,ERR,ERR,ERR,ERR,ERR,ERR,ERR,ERR,ERR,ERR,ERR,ERR,ERR,ERR,ERR,ERR,ERR,ERR,ERR,ERR,ERR,ERR,ERR,ERR,ERR,ERR,ERR,ERR,ERR,ERR,ERR,ERR,ERR,ERR,ERR,ERR,ERR,ERR,ERR,ERR,ERR,ERR,ERR,ERR,ERR,ERR,ERR,ERR,ERR,ERR,ERR,ERR,ERR,ERR,ERR,ERR,ERR,ERR,ERR,ERR,ERR,ERR,ERR,ERR,ERR,ERR,ERR,ERR,ERR,ERR,ERR,ERR,ERR,ERR,ERR,ERR,ERR,ERR,ERR,ERR,ERR,ERR,ERR,ERR,ERR,ERR,ERR,ERR,ERR,ERR,ERR,ERR,ERR,ERR,ERR,ERR,ERR,ERR,ERR,ERR,ERR,ERR,ERR,ERR,0.0,0.0,0.0,0.0,0.0,1.3936040501711995e+18,7.805,0.0,0,0,4,0,8422,0.0,45,0.0,0.0,0.0,0.0,0.0,0,0,0,0,0.0,0,0,0,0,0,0,0,0,0,0,0,0,0,0,0,0,0,0,0,0,0,0,0,0,0,0,0,0,0,0,0,0,0,38,14,7,45,65476,0,300,0,0,8,21553,0.0,-107605600.0,0.0,0.0,0.0,0.0,0.0,0.0,0.0,0.0,0.0,0.0,0.0,0.0,0.0,0.0,0.0,0.0,0.0,0.0,0.0,0.0,0.0,2.004,-0.0,0.0,0.0,0.0,0.0,0.0,5017.0,0.0,0.0,0.0,0.0,-107615280.0,2.718429300292151e+23,0.0,0.0,0.0,0.0,53,-0.0,-71.629,0.0,0.0,0.0,0.0,0.0,0.0,0.0,0,0,0,0.0,0.0,0.0,0.0,0.0,0.0,0.0,0.0,0.0,0.0,0.0,0.0,0.0,0.0,0.0,0.0,0,-107875648.0,53,0.0,106,-107614832.0,0.0,ERR,ERR,ERR,ERR,ERR,ERR,ERR,ERR,ERR,ERR,ERR,ERR,ERR,ERR,ERR,ERR,ERR,ERR,ERR,ERR,ERR,ERR,ERR,ERR,ERR,ERR,ERR,ERR,ERR,ERR,ERR,ERR,ERR,ERR,ERR,ERR,ERR,ERR,ERR,ERR,ERR,ERR,ERR,ERR,ERR,ERR,ERR,ERR,ERR,ERR,ERR,ERR,ERR,ERR,ERR,ERR,ERR,ERR,ERR,ERR,ERR,ERR,ERR,ERR,ERR,ERR,ERR,50.0,60.0,100,0.0,0.0,0.0,0.0,0.0,0.0,0.0,0.0,0.0,0.0,0.0,0.0,0.0,0.0,0.0,0.0,61.6,73,14,65512,50,65476,0,300,0,0,8,20529,65476,0,0,26214,60.0,0.0,0.0,0.0,0.0,0.0
2026-05-17T18:30:11,ERR,ERR,ERR,ERR,ERR,ERR,ERR,ERR,ERR,ERR,ERR,ERR,ERR,ERR,ERR,ERR,ERR,ERR,ERR,ERR,ERR,ERR,ERR,ERR,ERR,ERR,ERR,ERR,ERR,ERR,ERR,ERR,ERR,ERR,ERR,ERR,ERR,ERR,ERR,ERR,ERR,ERR,ERR,ERR,ERR,ERR,ERR,ERR,ERR,ERR,ERR,ERR,ERR,ERR,ERR,ERR,ERR,ERR,ERR,ERR,ERR,ERR,ERR,ERR,ERR,ERR,ERR,ERR,ERR,ERR,ERR,ERR,ERR,ERR,ERR,ERR,ERR,ERR,ERR,ERR,ERR,ERR,ERR,ERR,ERR,ERR,ERR,ERR,ERR,ERR,ERR,ERR,ERR,ERR,ERR,ERR,ERR,ERR,ERR,ERR,ERR,ERR,ERR,ERR,ERR,ERR,ERR,ERR,ERR,ERR,ERR,ERR,ERR,ERR,ERR,ERR,ERR,ERR,ERR,ERR,ERR,ERR,ERR,ERR,ERR,0.0,0.0,0.0,0.0,0.0,1.3936040501711995e+18,7.805,0.0,0,0,4,0,8422,0.0,45,0.0,0.0,0.0,0.0,0.0,0,0,0,0,0.0,0,0,0,0,0,0,0,0,0,0,0,0,0,0,0,0,0,0,0,0,0,0,0,0,0,0,0,0,0,0,0,0,0,38,14,7,45,65476,0,300,0,0,8,21553,0.0,-107605600.0,0.0,0.0,0.0,0.0,0.0,0.0,0.0,0.0,0.0,0.0,0.0,0.0,0.0,0.0,0.0,0.0,0.0,0.0,0.0,0.0,0.0,2.004,-0.0,0.0,0.0,0.0,0.0,0.0,5017.0,0.0,0.0,0.0,0.0,-107615280.0,2.718429300292151e+23,0.0,0.0,0.0,0.0,53,-0.0,-71.629,0.0,0.0,0.0,0.0,0.0,0.0,0.0,0,0,0,0.0,0.0,0.0,0.0,0.0,0.0,0.0,0.0,0.0,0.0,0.0,0.0,0.0,0.0,0.0,0.0,0,-107875648.0,53,0.0,106,-107614832.0,0.0,ERR,ERR,ERR,ERR,ERR,ERR,ERR,ERR,ERR,ERR,ERR,ERR,ERR,ERR,ERR,ERR,ERR,ERR,ERR,ERR,ERR,ERR,ERR,ERR,ERR,ERR,ERR,ERR,ERR,ERR,ERR,ERR,ERR,ERR,ERR,ERR,ERR,ERR,ERR,ERR,ERR,ERR,ERR,ERR,ERR,ERR,ERR,ERR,ERR,ERR,ERR,ERR,ERR,ERR,ERR,ERR,ERR,ERR,ERR,ERR,ERR,ERR,ERR,ERR,ERR,ERR,ERR,50.0,60.0,100,0.0,0.0,0.0,0.0,0.0,0.0,0.0,0.0,0.0,0.0,0.0,0.0,0.0,0.0,0.0,0.0,61.6,73,14,65512,50,65476,0,300,0,0,8,20529,65476,0,0,26214,60.0,0.0,0.0,0.0,0.0,0.0
2026-05-17T18:30:12,ERR,ERR,ERR,ERR,ERR,ERR,ERR,ERR,ERR,ERR,ERR,ERR,ERR,ERR,ERR,ERR,ERR,ERR,ERR,ERR,ERR,ERR,ERR,ERR,ERR,ERR,ERR,ERR,ERR,ERR,ERR,ERR,ERR,ERR,ERR,ERR,ERR,ERR,ERR,ERR,ERR,ERR,ERR,ERR,ERR,ERR,ERR,ERR,ERR,ERR,ERR,ERR,ERR,ERR,ERR,ERR,ERR,ERR,ERR,ERR,ERR,ERR,ERR,ERR,ERR,ERR,ERR,ERR,ERR,ERR,ERR,ERR,ERR,ERR,ERR,ERR,ERR,ERR,ERR,ERR,ERR,ERR,ERR,ERR,ERR,ERR,ERR,ERR,ERR,ERR,ERR,ERR,ERR,ERR,ERR,ERR,ERR,ERR,ERR,ERR,ERR,ERR,ERR,ERR,ERR,ERR,ERR,ERR,ERR,ERR,ERR,ERR,ERR,ERR,ERR,ERR,ERR,ERR,ERR,ERR,ERR,ERR,ERR,ERR,ERR,0.0,0.0,0.0,0.0,0.0,1.3936040501711995e+18,7.805,0.0,0,0,4,0,8422,0.0,45,0.0,0.0,0.0,0.0,0.0,0,0,0,0,0.0,0,0,0,0,0,0,0,0,0,0,0,0,0,0,0,0,0,0,0,0,0,0,0,0,0,0,0,0,0,0,0,0,0,38,14,7,45,65476,0,300,0,0,8,21553,0.0,-107605600.0,0.0,0.0,0.0,0.0,0.0,0.0,0.0,0.0,0.0,0.0,0.0,0.0,0.0,0.0,0.0,0.0,0.0,0.0,0.0,0.0,0.0,2.004,-0.0,0.0,0.0,0.0,0.0,0.0,5017.0,0.0,0.0,0.0,0.0,-107615280.0,2.718429300292151e+23,0.0,0.0,0.0,0.0,53,-0.0,-71.629,0.0,0.0,0.0,0.0,0.0,0.0,0.0,0,0,0,0.0,0.0,0.0,0.0,0.0,0.0,0.0,0.0,0.0,0.0,0.0,0.0,0.0,0.0,0.0,0.0,0,-107875648.0,53,0.0,106,-107614832.0,0.0,ERR,ERR,ERR,ERR,ERR,ERR,ERR,ERR,ERR,ERR,ERR,ERR,ERR,ERR,ERR,ERR,ERR,ERR,ERR,ERR,ERR,ERR,ERR,ERR,ERR,ERR,ERR,ERR,ERR,ERR,ERR,ERR,ERR,ERR,ERR,ERR,ERR,ERR,ERR,ERR,ERR,ERR,ERR,ERR,ERR,ERR,ERR,ERR,ERR,ERR,ERR,ERR,ERR,ERR,ERR,ERR,ERR,ERR,ERR,ERR,ERR,ERR,ERR,ERR,ERR,ERR,ERR,50.0,60.0,100,0.0,0.0,0.0,0.0,0.0,0.0,0.0,0.0,0.0,0.0,0.0,0.0,0.0,0.0,0.0,0.0,61.6,73,14,65512,50,65476,0,300,0,0,8,20529,65476,0,0,26214,60.0,0.0,0.0,0.0,0.0,0.0
2026-05-17T18:30:13,ERR,ERR,ERR,ERR,ERR,ERR,ERR,ERR,ERR,ERR,ERR,ERR,ERR,ERR,ERR,ERR,ERR,ERR,ERR,ERR,ERR,ERR,ERR,ERR,ERR,ERR,ERR,ERR,ERR,ERR,ERR,ERR,ERR,ERR,ERR,ERR,ERR,ERR,ERR,ERR,ERR,ERR,ERR,ERR,ERR,ERR,ERR,ERR,ERR,ERR,ERR,ERR,ERR,ERR,ERR,ERR,ERR,ERR,ERR,ERR,ERR,ERR,ERR,ERR,ERR,ERR,ERR,ERR,ERR,ERR,ERR,ERR,ERR,ERR,ERR,ERR,ERR,ERR,ERR,ERR,ERR,ERR,ERR,ERR,ERR,ERR,ERR,ERR,ERR,ERR,ERR,ERR,ERR,ERR,ERR,ERR,ERR,ERR,ERR,ERR,ERR,ERR,ERR,ERR,ERR,ERR,ERR,ERR,ERR,ERR,ERR,ERR,ERR,ERR,ERR,ERR,ERR,ERR,ERR,ERR,ERR,ERR,ERR,ERR,ERR,0.0,0.0,0.0,0.0,0.0,1.3936040501711995e+18,7.805,0.0,0,0,4,0,8422,0.0,45,0.0,0.0,0.0,0.0,0.0,0,0,0,0,0.0,0,0,0,0,0,0,0,0,0,0,0,0,0,0,0,0,0,0,0,0,0,0,0,0,0,0,0,0,0,0,0,0,0,38,14,7,45,65476,0,300,0,0,8,21553,0.0,-107605600.0,0.0,0.0,0.0,0.0,0.0,0.0,0.0,0.0,0.0,0.0,0.0,0.0,0.0,0.0,0.0,0.0,0.0,0.0,0.0,0.0,0.0,2.004,-0.0,0.0,0.0,0.0,0.0,0.0,5017.0,0.0,0.0,0.0,0.0,-107615280.0,2.718429300292151e+23,0.0,0.0,0.0,0.0,53,-0.0,-71.629,0.0,0.0,0.0,0.0,0.0,0.0,0.0,0,0,0,0.0,0.0,0.0,0.0,0.0,0.0,0.0,0.0,0.0,0.0,0.0,0.0,0.0,0.0,0.0,0.0,0,-107875648.0,53,0.0,106,-107614832.0,0.0,ERR,ERR,ERR,ERR,ERR,ERR,ERR,ERR,ERR,ERR,ERR,ERR,ERR,ERR,ERR,ERR,ERR,ERR,ERR,ERR,ERR,ERR,ERR,ERR,ERR,ERR,ERR,ERR,ERR,ERR,ERR,ERR,ERR,ERR,ERR,ERR,ERR,ERR,ERR,ERR,ERR,ERR,ERR,ERR,ERR,ERR,ERR,ERR,ERR,ERR,ERR,ERR,ERR,ERR,ERR,ERR,ERR,ERR,ERR,ERR,ERR,ERR,ERR,ERR,ERR,ERR,ERR,50.0,60.0,100,0.0,0.0,0.0,0.0,0.0,0.0,0.0,0.0,0.0,0.0,0.0,0.0,0.0,0.0,0.0,0.0,61.6,73,14,65512,50,65476,0,300,0,0,8,20529,65476,0,0,26214,60.0,0.0,0.0,0.0,0.0,0.0
2026-05-17T18:30:14,ERR,ERR,ERR,ERR,ERR,ERR,ERR,ERR,ERR,ERR,ERR,ERR,ERR,ERR,ERR,ERR,ERR,ERR,ERR,ERR,ERR,ERR,ERR,ERR,ERR,ERR,ERR,ERR,ERR,ERR,ERR,ERR,ERR,ERR,ERR,ERR,ERR,ERR,ERR,ERR,ERR,ERR,ERR,ERR,ERR,ERR,ERR,ERR,ERR,ERR,ERR,ERR,ERR,ERR,ERR,ERR,ERR,ERR,ERR,ERR,ERR,ERR,ERR,ERR,ERR,ERR,ERR,ERR,ERR,ERR,ERR,ERR,ERR,ERR,ERR,ERR,ERR,ERR,ERR,ERR,ERR,ERR,ERR,ERR,ERR,ERR,ERR,ERR,ERR,ERR,ERR,ERR,ERR,ERR,ERR,ERR,ERR,ERR,ERR,ERR,ERR,ERR,ERR,ERR,ERR,ERR,ERR,ERR,ERR,ERR,ERR,ERR,ERR,ERR,ERR,ERR,ERR,ERR,ERR,ERR,ERR,ERR,ERR,ERR,ERR,0.0,0.0,0.0,0.0,0.0,1.3936040501711995e+18,7.805,0.0,0,0,4,0,8422,0.0,45,0.0,0.0,0.0,0.0,0.0,0,0,0,0,0.0,0,0,0,0,0,0,0,0,0,0,0,0,0,0,0,0,0,0,0,0,0,0,0,0,0,0,0,0,0,0,0,0,0,38,14,7,45,65476,0,300,0,0,8,21553,0.0,-107605600.0,0.0,0.0,0.0,0.0,0.0,0.0,0.0,0.0,0.0,0.0,0.0,0.0,0.0,0.0,0.0,0.0,0.0,0.0,0.0,0.0,0.0,2.004,-0.0,0.0,0.0,0.0,0.0,0.0,5018.0,0.0,0.0,0.0,0.0,-107615280.0,2.718429300292151e+23,0.0,0.0,0.0,0.0,53,-0.0,-0.0,0.0,0.0,0.0,0.0,0.0,0.0,0.0,0,0,0,0.0,0.0,0.0,0.0,0.0,0.0,0.0,0.0,0.0,0.0,0.0,0.0,0.0,0.0,0.0,0.0,0,-107875648.0,53,0.0,106,-107614832.0,0.0,ERR,ERR,ERR,ERR,ERR,ERR,ERR,ERR,ERR,ERR,ERR,ERR,ERR,ERR,ERR,ERR,ERR,ERR,ERR,ERR,ERR,ERR,ERR,ERR,ERR,ERR,ERR,ERR,ERR,ERR,ERR,ERR,ERR,ERR,ERR,ERR,ERR,ERR,ERR,ERR,ERR,ERR,ERR,ERR,ERR,ERR,ERR,ERR,ERR,ERR,ERR,ERR,ERR,ERR,ERR,ERR,ERR,ERR,ERR,ERR,ERR,ERR,ERR,ERR,ERR,ERR,ERR,50.0,60.0,100,0.0,0.0,0.0,0.0,0.0,0.0,0.0,0.0,0.0,0.0,0.0,0.0,0.0,0.0,0.0,0.0,61.6,73,14,65512,50,65476,0,300,0,0,8,20529,65476,0,0,26214,60.0,0.0,0.0,0.0,0.0,0.0
2026-05-17T18:30:15,ERR,ERR,ERR,ERR,ERR,ERR,ERR,ERR,ERR,ERR,ERR,ERR,ERR,ERR,ERR,ERR,ERR,ERR,ERR,ERR,ERR,ERR,ERR,ERR,ERR,ERR,ERR,ERR,ERR,ERR,ERR,ERR,ERR,ERR,ERR,ERR,ERR,ERR,ERR,ERR,ERR,ERR,ERR,ERR,ERR,ERR,ERR,ERR,ERR,ERR,ERR,ERR,ERR,ERR,ERR,ERR,ERR,ERR,ERR,ERR,ERR,ERR,ERR,ERR,ERR,ERR,ERR,ERR,ERR,ERR,ERR,ERR,ERR,ERR,ERR,ERR,ERR,ERR,ERR,ERR,ERR,ERR,ERR,ERR,ERR,ERR,ERR,ERR,ERR,ERR,ERR,ERR,ERR,ERR,ERR,ERR,ERR,ERR,ERR,ERR,ERR,ERR,ERR,ERR,ERR,ERR,ERR,ERR,ERR,ERR,ERR,ERR,ERR,ERR,ERR,ERR,ERR,ERR,ERR,ERR,ERR,ERR,ERR,ERR,ERR,0.0,0.0,0.0,0.0,0.0,1.3936040501711995e+18,7.805,0.0,0,0,4,0,8422,0.0,45,0.0,0.0,0.0,0.0,0.0,0,0,0,0,0.0,0,0,0,0,0,0,0,0,0,0,0,0,0,0,0,0,0,0,0,0,0,0,0,0,0,0,0,0,0,0,0,0,0,38,14,7,45,65476,0,300,0,0,8,21553,0.0,-107605600.0,0.0,0.0,0.0,0.0,0.0,0.0,0.0,0.0,0.0,0.0,0.0,0.0,0.0,0.0,0.0,0.0,0.0,0.0,0.0,0.0,0.0,2.004,-0.0,0.0,0.0,0.0,0.0,0.0,5018.0,0.0,0.0,0.0,0.0,-107615280.0,2.718429300292151e+23,0.0,0.0,0.0,0.0,53,-0.0,-0.0,0.0,0.0,0.0,0.0,0.0,0.0,0.0,0,0,0,0.0,0.0,0.0,0.0,0.0,0.0,0.0,0.0,0.0,0.0,0.0,0.0,0.0,0.0,0.0,0.0,0,-107875648.0,53,0.0,106,-107614832.0,0.0,ERR,ERR,ERR,ERR,ERR,ERR,ERR,ERR,ERR,ERR,ERR,ERR,ERR,ERR,ERR,ERR,ERR,ERR,ERR,ERR,ERR,ERR,ERR,ERR,ERR,ERR,ERR,ERR,ERR,ERR,ERR,ERR,ERR,ERR,ERR,ERR,ERR,ERR,ERR,ERR,ERR,ERR,ERR,ERR,ERR,ERR,ERR,ERR,ERR,ERR,ERR,ERR,ERR,ERR,ERR,ERR,ERR,ERR,ERR,ERR,ERR,ERR,ERR,ERR,ERR,ERR,ERR,50.0,60.0,100,0.0,0.0,0.0,0.0,0.0,0.0,0.0,0.0,0.0,0.0,0.0,0.0,0.0,0.0,0.0,0.0,61.6,73,14,65512,50,65476,0,300,0,0,8,20529,65476,0,0,26214,60.0,0.0,0.0,0.0,0.0,0.0
2026-05-17T18:30:16,ERR,ERR,ERR,ERR,ERR,ERR,ERR,ERR,ERR,ERR,ERR,ERR,ERR,ERR,ERR,ERR,ERR,ERR,ERR,ERR,ERR,ERR,ERR,ERR,ERR,ERR,ERR,ERR,ERR,ERR,ERR,ERR,ERR,ERR,ERR,ERR,ERR,ERR,ERR,ERR,ERR,ERR,ERR,ERR,ERR,ERR,ERR,ERR,ERR,ERR,ERR,ERR,ERR,ERR,ERR,ERR,ERR,ERR,ERR,ERR,ERR,ERR,ERR,ERR,ERR,ERR,ERR,ERR,ERR,ERR,ERR,ERR,ERR,ERR,ERR,ERR,ERR,ERR,ERR,ERR,ERR,ERR,ERR,ERR,ERR,ERR,ERR,ERR,ERR,ERR,ERR,ERR,ERR,ERR,ERR,ERR,ERR,ERR,ERR,ERR,ERR,ERR,ERR,ERR,ERR,ERR,ERR,ERR,ERR,ERR,ERR,ERR,ERR,ERR,ERR,ERR,ERR,ERR,ERR,ERR,ERR,ERR,ERR,ERR,ERR,0.0,0.0,0.0,0.0,0.0,1.3936040501711995e+18,7.805,0.0,0,0,4,0,8422,0.0,45,0.0,0.0,0.0,0.0,0.0,0,0,0,0,0.0,0,0,0,0,0,0,0,0,0,0,0,0,0,0,0,0,0,0,0,0,0,0,0,0,0,0,0,0,0,0,0,0,0,38,14,7,45,65476,0,300,0,0,8,21553,0.0,-107605600.0,0.0,0.0,0.0,0.0,0.0,0.0,0.0,0.0,0.0,0.0,0.0,0.0,0.0,0.0,0.0,0.0,0.0,0.0,0.0,0.0,0.0,2.004,-0.0,0.0,0.0,0.0,0.0,0.0,5018.0,0.0,0.0,0.0,0.0,-107615280.0,2.718429300292151e+23,0.0,0.0,0.0,0.0,53,-0.0,-0.0,0.0,0.0,0.0,0.0,0.0,0.0,0.0,0,0,0,0.0,0.0,0.0,0.0,0.0,0.0,0.0,0.0,0.0,0.0,0.0,0.0,0.0,0.0,0.0,0.0,0,-107875648.0,53,0.0,106,-107614832.0,0.0,ERR,ERR,ERR,ERR,ERR,ERR,ERR,ERR,ERR,ERR,ERR,ERR,ERR,ERR,ERR,ERR,ERR,ERR,ERR,ERR,ERR,ERR,ERR,ERR,ERR,ERR,ERR,ERR,ERR,ERR,ERR,ERR,ERR,ERR,ERR,ERR,ERR,ERR,ERR,ERR,ERR,ERR,ERR,ERR,ERR,ERR,ERR,ERR,ERR,ERR,ERR,ERR,ERR,ERR,ERR,ERR,ERR,ERR,ERR,ERR,ERR,ERR,ERR,ERR,ERR,ERR,ERR,50.0,60.0,100,0.0,0.0,0.0,0.0,0.0,0.0,0.0,0.0,0.0,0.0,0.0,0.0,0.0,0.0,0.0,0.0,61.6,73,14,65512,50,65476,0,300,0,0,8,20529,65476,0,0,26214,60.0,0.0,0.0,0.0,0.0,0.0
2026-05-17T18:30:17,ERR,ERR,ERR,ERR,ERR,ERR,ERR,ERR,ERR,ERR,ERR,ERR,ERR,ERR,ERR,ERR,ERR,ERR,ERR,ERR,ERR,ERR,ERR,ERR,ERR,ERR,ERR,ERR,ERR,ERR,ERR,ERR,ERR,ERR,ERR,ERR,ERR,ERR,ERR,ERR,ERR,ERR,ERR,ERR,ERR,ERR,ERR,ERR,ERR,ERR,ERR,ERR,ERR,ERR,ERR,ERR,ERR,ERR,ERR,ERR,ERR,ERR,ERR,ERR,ERR,ERR,ERR,ERR,ERR,ERR,ERR,ERR,ERR,ERR,ERR,ERR,ERR,ERR,ERR,ERR,ERR,ERR,ERR,ERR,ERR,ERR,ERR,ERR,ERR,ERR,ERR,ERR,ERR,ERR,ERR,ERR,ERR,ERR,ERR,ERR,ERR,ERR,ERR,ERR,ERR,ERR,ERR,ERR,ERR,ERR,ERR,ERR,ERR,ERR,ERR,ERR,ERR,ERR,ERR,ERR,ERR,ERR,ERR,ERR,ERR,0.0,0.0,0.0,0.0,0.0,1.3936040501711995e+18,7.805,0.0,0,0,4,0,8422,0.0,45,0.0,0.0,0.0,0.0,0.0,0,0,0,0,0.0,0,0,0,0,0,0,0,0,0,0,0,0,0,0,0,0,0,0,0,0,0,0,0,0,0,0,0,0,0,0,0,0,0,38,14,7,45,65476,0,300,0,0,8,21553,0.0,-107605600.0,0.0,0.0,0.0,0.0,0.0,0.0,0.0,0.0,0.0,0.0,0.0,0.0,0.0,0.0,0.0,0.0,0.0,0.0,0.0,0.0,0.0,2.004,-0.0,0.0,0.0,0.0,0.0,0.0,5018.0,0.0,0.0,0.0,0.0,-107615280.0,2.718429300292151e+23,0.0,0.0,0.0,0.0,53,-0.0,-0.0,0.0,0.0,0.0,0.0,0.0,0.0,0.0,0,0,0,0.0,0.0,0.0,0.0,0.0,0.0,0.0,0.0,0.0,0.0,0.0,0.0,0.0,0.0,0.0,0.0,0,-107875648.0,53,0.0,106,-107614832.0,0.0,ERR,ERR,ERR,ERR,ERR,ERR,ERR,ERR,ERR,ERR,ERR,ERR,ERR,ERR,ERR,ERR,ERR,ERR,ERR,ERR,ERR,ERR,ERR,ERR,ERR,ERR,ERR,ERR,ERR,ERR,ERR,ERR,ERR,ERR,ERR,ERR,ERR,ERR,ERR,ERR,ERR,ERR,ERR,ERR,ERR,ERR,ERR,ERR,ERR,ERR,ERR,ERR,ERR,ERR,ERR,ERR,ERR,ERR,ERR,ERR,ERR,ERR,ERR,ERR,ERR,ERR,ERR,50.0,60.0,100,0.0,0.0,0.0,0.0,0.0,0.0,0.0,0.0,0.0,0.0,0.0,0.0,0.0,0.0,0.0,0.0,61.6,73,14,65512,50,65476,0,300,0,0,8,20529,65476,0,0,26214,60.0,0.0,0.0,0.0,0.0,0.0
2026-05-17T18:30:18,ERR,ERR,ERR,ERR,ERR,ERR,ERR,ERR,ERR,ERR,ERR,ERR,ERR,ERR,ERR,ERR,ERR,ERR,ERR,ERR,ERR,ERR,ERR,ERR,ERR,ERR,ERR,ERR,ERR,ERR,ERR,ERR,ERR,ERR,ERR,ERR,ERR,ERR,ERR,ERR,ERR,ERR,ERR,ERR,ERR,ERR,ERR,ERR,ERR,ERR,ERR,ERR,ERR,ERR,ERR,ERR,ERR,ERR,ERR,ERR,ERR,ERR,ERR,ERR,ERR,ERR,ERR,ERR,ERR,ERR,ERR,ERR,ERR,ERR,ERR,ERR,ERR,ERR,ERR,ERR,ERR,ERR,ERR,ERR,ERR,ERR,ERR,ERR,ERR,ERR,ERR,ERR,ERR,ERR,ERR,ERR,ERR,ERR,ERR,ERR,ERR,ERR,ERR,ERR,ERR,ERR,ERR,ERR,ERR,ERR,ERR,ERR,ERR,ERR,ERR,ERR,ERR,ERR,ERR,ERR,ERR,ERR,ERR,ERR,ERR,0.0,0.0,0.0,0.0,0.0,1.3936040501711995e+18,7.805,0.0,0,0,4,0,8422,0.0,45,0.0,0.0,0.0,0.0,0.0,0,0,0,0,0.0,0,0,0,0,0,0,0,0,0,0,0,0,0,0,0,0,0,0,0,0,0,0,0,0,0,0,0,0,0,0,0,0,0,38,14,7,45,65476,0,300,0,0,8,21553,0.0,-107605600.0,0.0,0.0,0.0,0.0,0.0,0.0,0.0,0.0,0.0,0.0,0.0,0.0,0.0,0.0,0.0,0.0,0.0,0.0,0.0,0.0,0.0,2.004,-0.0,0.0,0.0,0.0,0.0,0.0,5018.0,0.0,0.0,0.0,0.0,-107615280.0,2.718429300292151e+23,0.0,0.0,0.0,0.0,53,-0.0,-0.0,0.0,0.0,0.0,0.0,0.0,0.0,0.0,0,0,0,0.0,0.0,0.0,0.0,0.0,0.0,0.0,0.0,0.0,0.0,0.0,0.0,0.0,0.0,0.0,0.0,0,-107875648.0,53,0.0,106,-107614832.0,0.0,ERR,ERR,ERR,ERR,ERR,ERR,ERR,ERR,ERR,ERR,ERR,ERR,ERR,ERR,ERR,ERR,ERR,ERR,ERR,ERR,ERR,ERR,ERR,ERR,ERR,ERR,ERR,ERR,ERR,ERR,ERR,ERR,ERR,ERR,ERR,ERR,ERR,ERR,ERR,ERR,ERR,ERR,ERR,ERR,ERR,ERR,ERR,ERR,ERR,ERR,ERR,ERR,ERR,ERR,ERR,ERR,ERR,ERR,ERR,ERR,ERR,ERR,ERR,ERR,ERR,ERR,ERR,50.0,60.0,100,0.0,0.0,0.0,0.0,0.0,0.0,0.0,0.0,0.0,0.0,0.0,0.0,0.0,0.0,0.0,0.0,61.6,73,14,65512,50,65476,0,300,0,0,8,20529,65476,0,0,26214,60.0,0.0,0.0,0.0,0.0,0.0
2026-05-17T18:30:19,ERR,ERR,ERR,ERR,ERR,ERR,ERR,ERR,ERR,ERR,ERR,ERR,ERR,ERR,ERR,ERR,ERR,ERR,ERR,ERR,ERR,ERR,ERR,ERR,ERR,ERR,ERR,ERR,ERR,ERR,ERR,ERR,ERR,ERR,ERR,ERR,ERR,ERR,ERR,ERR,ERR,ERR,ERR,ERR,ERR,ERR,ERR,ERR,ERR,ERR,ERR,ERR,ERR,ERR,ERR,ERR,ERR,ERR,ERR,ERR,ERR,ERR,ERR,ERR,ERR,ERR,ERR,ERR,ERR,ERR,ERR,ERR,ERR,ERR,ERR,ERR,ERR,ERR,ERR,ERR,ERR,ERR,ERR,ERR,ERR,ERR,ERR,ERR,ERR,ERR,ERR,ERR,ERR,ERR,ERR,ERR,ERR,ERR,ERR,ERR,ERR,ERR,ERR,ERR,ERR,ERR,ERR,ERR,ERR,ERR,ERR,ERR,ERR,ERR,ERR,ERR,ERR,ERR,ERR,ERR,ERR,ERR,ERR,ERR,ERR,0.0,0.0,0.0,0.0,0.0,1.3936040501711995e+18,7.805,0.0,0,0,4,0,8422,0.0,45,0.0,0.0,0.0,0.0,0.0,0,0,0,0,0.0,0,0,0,0,0,0,0,0,0,0,0,0,0,0,0,0,0,0,0,0,0,0,0,0,0,0,0,0,0,0,0,0,0,38,14,7,45,65476,0,300,0,0,8,21553,0.0,-107605600.0,0.0,0.0,0.0,0.0,0.0,0.0,0.0,0.0,0.0,0.0,0.0,0.0,0.0,0.0,0.0,0.0,0.0,0.0,0.0,0.0,0.0,2.004,-0.0,0.0,0.0,0.0,0.0,0.0,5016.0,2.422987904532282e+24,0.0,0.0,0.0,-107615280.0,2.718429300292151e+23,0.0,0.0,0.0,0.0,53,-0.0,1.9056859227671757e+17,0.0,0.0,0.0,0.0,0.0,0.0,0.0,0,0,0,0.0,0.0,0.0,0.0,0.0,0.0,0.0,0.0,0.0,0.0,0.0,0.0,0.0,0.0,0.0,0.0,0,-107875648.0,53,0.0,106,-107614832.0,0.0,ERR,ERR,ERR,ERR,ERR,ERR,ERR,ERR,ERR,ERR,ERR,ERR,ERR,ERR,ERR,ERR,ERR,ERR,ERR,ERR,ERR,ERR,ERR,ERR,ERR,ERR,ERR,ERR,ERR,ERR,ERR,ERR,ERR,ERR,ERR,ERR,ERR,ERR,ERR,ERR,ERR,ERR,ERR,ERR,ERR,ERR,ERR,ERR,ERR,ERR,ERR,ERR,ERR,ERR,ERR,ERR,ERR,ERR,ERR,ERR,ERR,ERR,ERR,ERR,ERR,ERR,ERR,50.0,60.0,100,0.0,0.0,0.0,0.0,0.0,0.0,0.0,0.0,0.0,0.0,0.0,0.0,0.0,0.0,0.0,0.0,61.6,73,14,65512,50,65476,0,300,0,0,8,20529,65476,0,0,26214,60.0,0.0,0.0,0.0,0.0,0.0
2026-05-17T18:30:20,ERR,ERR,ERR,ERR,ERR,ERR,ERR,ERR,ERR,ERR,ERR,ERR,ERR,ERR,ERR,ERR,ERR,ERR,ERR,ERR,ERR,ERR,ERR,ERR,ERR,ERR,ERR,ERR,ERR,ERR,ERR,ERR,ERR,ERR,ERR,ERR,ERR,ERR,ERR,ERR,ERR,ERR,ERR,ERR,ERR,ERR,ERR,ERR,ERR,ERR,ERR,ERR,ERR,ERR,ERR,ERR,ERR,ERR,ERR,ERR,ERR,ERR,ERR,ERR,ERR,ERR,ERR,ERR,ERR,ERR,ERR,ERR,ERR,ERR,ERR,ERR,ERR,ERR,ERR,ERR,ERR,ERR,ERR,ERR,ERR,ERR,ERR,ERR,ERR,ERR,ERR,ERR,ERR,ERR,ERR,ERR,ERR,ERR,ERR,ERR,ERR,ERR,ERR,ERR,ERR,ERR,ERR,ERR,ERR,ERR,ERR,ERR,ERR,ERR,ERR,ERR,ERR,ERR,ERR,ERR,ERR,ERR,ERR,ERR,ERR,0.0,0.0,0.0,0.0,0.0,1.3936040501711995e+18,7.805,0.0,0,0,4,0,8422,0.0,45,0.0,0.0,0.0,0.0,0.0,0,0,0,0,0.0,0,0,0,0,0,0,0,0,0,0,0,0,0,0,0,0,0,0,0,0,0,0,0,0,0,0,0,0,0,0,0,0,0,38,14,7,45,65476,0,300,0,0,8,21553,0.0,-107605600.0,0.0,0.0,0.0,0.0,0.0,0.0,0.0,0.0,0.0,0.0,0.0,0.0,0.0,0.0,0.0,0.0,0.0,0.0,0.0,0.0,0.0,2.004,-0.0,0.0,0.0,0.0,0.0,0.0,5016.0,2.422987904532282e+24,0.0,0.0,0.0,-107615280.0,2.718429300292151e+23,0.0,0.0,0.0,0.0,53,-0.0,1.9056859227671757e+17,0.0,0.0,0.0,0.0,0.0,0.0,0.0,0,0,0,0.0,0.0,0.0,0.0,0.0,0.0,0.0,0.0,0.0,0.0,0.0,0.0,0.0,0.0,0.0,0.0,0,-107875648.0,53,0.0,106,-107614832.0,0.0,ERR,ERR,ERR,ERR,ERR,ERR,ERR,ERR,ERR,ERR,ERR,ERR,ERR,ERR,ERR,ERR,ERR,ERR,ERR,ERR,ERR,ERR,ERR,ERR,ERR,ERR,ERR,ERR,ERR,ERR,ERR,ERR,ERR,ERR,ERR,ERR,ERR,ERR,ERR,ERR,ERR,ERR,ERR,ERR,ERR,ERR,ERR,ERR,ERR,ERR,ERR,ERR,ERR,ERR,ERR,ERR,ERR,ERR,ERR,ERR,ERR,ERR,ERR,ERR,ERR,ERR,ERR,50.0,60.0,100,0.0,0.0,0.0,0.0,0.0,0.0,0.0,0.0,0.0,0.0,0.0,0.0,0.0,0.0,0.0,0.0,61.6,73,14,65512,50,65476,0,300,0,0,8,20529,65476,0,0,26214,60.0,0.0,0.0,0.0,0.0,0.0
2026-05-17T18:30:21,ERR,ERR,ERR,ERR,ERR,ERR,ERR,ERR,ERR,ERR,ERR,ERR,ERR,ERR,ERR,ERR,ERR,ERR,ERR,ERR,ERR,ERR,ERR,ERR,ERR,ERR,ERR,ERR,ERR,ERR,ERR,ERR,ERR,ERR,ERR,ERR,ERR,ERR,ERR,ERR,ERR,ERR,ERR,ERR,ERR,ERR,ERR,ERR,ERR,ERR,ERR,ERR,ERR,ERR,ERR,ERR,ERR,ERR,ERR,ERR,ERR,ERR,ERR,ERR,ERR,ERR,ERR,ERR,ERR,ERR,ERR,ERR,ERR,ERR,ERR,ERR,ERR,ERR,ERR,ERR,ERR,ERR,ERR,ERR,ERR,ERR,ERR,ERR,ERR,ERR,ERR,ERR,ERR,ERR,ERR,ERR,ERR,ERR,ERR,ERR,ERR,ERR,ERR,ERR,ERR,ERR,ERR,ERR,ERR,ERR,ERR,ERR,ERR,ERR,ERR,ERR,ERR,ERR,ERR,ERR,ERR,ERR,ERR,ERR,ERR,0.0,0.0,0.0,0.0,0.0,1.3936040501711995e+18,7.805,0.0,0,0,4,0,8422,0.0,45,0.0,0.0,0.0,0.0,0.0,0,0,0,0,0.0,0,0,0,0,0,0,0,0,0,0,0,0,0,0,0,0,0,0,0,0,0,0,0,0,0,0,0,0,0,0,0,0,0,38,14,7,45,65476,0,300,0,0,8,21553,0.0,-107605600.0,0.0,0.0,0.0,0.0,0.0,0.0,0.0,0.0,0.0,0.0,0.0,0.0,0.0,0.0,0.0,0.0,0.0,0.0,0.0,0.0,0.0,2.004,-0.0,0.0,0.0,0.0,0.0,0.0,5016.0,2.422987904532282e+24,0.0,0.0,0.0,-107615280.0,2.718429300292151e+23,0.0,0.0,0.0,0.0,53,-0.0,1.9056859227671757e+17,0.0,0.0,0.0,0.0,0.0,0.0,0.0,0,0,0,0.0,0.0,0.0,0.0,0.0,0.0,0.0,0.0,0.0,0.0,0.0,0.0,0.0,0.0,0.0,0.0,0,-107875648.0,53,0.0,106,-107614832.0,0.0,ERR,ERR,ERR,ERR,ERR,ERR,ERR,ERR,ERR,ERR,ERR,ERR,ERR,ERR,ERR,ERR,ERR,ERR,ERR,ERR,ERR,ERR,ERR,ERR,ERR,ERR,ERR,ERR,ERR,ERR,ERR,ERR,ERR,ERR,ERR,ERR,ERR,ERR,ERR,ERR,ERR,ERR,ERR,ERR,ERR,ERR,ERR,ERR,ERR,ERR,ERR,ERR,ERR,ERR,ERR,ERR,ERR,ERR,ERR,ERR,ERR,ERR,ERR,ERR,ERR,ERR,ERR,50.0,60.0,100,0.0,0.0,0.0,0.0,0.0,0.0,0.0,0.0,0.0,0.0,0.0,0.0,0.0,0.0,0.0,0.0,61.6,73,14,65512,50,65476,0,300,0,0,8,20529,65476,0,0,26214,60.0,0.0,0.0,0.0,0.0,0.0
2026-05-17T18:30:22,ERR,ERR,ERR,ERR,ERR,ERR,ERR,ERR,ERR,ERR,ERR,ERR,ERR,ERR,ERR,ERR,ERR,ERR,ERR,ERR,ERR,ERR,ERR,ERR,ERR,ERR,ERR,ERR,ERR,ERR,ERR,ERR,ERR,ERR,ERR,ERR,ERR,ERR,ERR,ERR,ERR,ERR,ERR,ERR,ERR,ERR,ERR,ERR,ERR,ERR,ERR,ERR,ERR,ERR,ERR,ERR,ERR,ERR,ERR,ERR,ERR,ERR,ERR,ERR,ERR,ERR,ERR,ERR,ERR,ERR,ERR,ERR,ERR,ERR,ERR,ERR,ERR,ERR,ERR,ERR,ERR,ERR,ERR,ERR,ERR,ERR,ERR,ERR,ERR,ERR,ERR,ERR,ERR,ERR,ERR,ERR,ERR,ERR,ERR,ERR,ERR,ERR,ERR,ERR,ERR,ERR,ERR,ERR,ERR,ERR,ERR,ERR,ERR,ERR,ERR,ERR,ERR,ERR,ERR,ERR,ERR,ERR,ERR,ERR,ERR,0.0,0.0,0.0,0.0,0.0,1.3936040501711995e+18,7.805,0.0,0,0,4,0,8422,0.0,45,0.0,0.0,0.0,0.0,0.0,0,0,0,0,0.0,0,0,0,0,0,0,0,0,0,0,0,0,0,0,0,0,0,0,0,0,0,0,0,0,0,0,0,0,0,0,0,0,0,38,14,7,45,65476,0,300,0,0,8,21553,0.0,-107605600.0,0.0,0.0,0.0,0.0,0.0,0.0,0.0,0.0,0.0,0.0,0.0,0.0,0.0,0.0,0.0,0.0,0.0,0.0,0.0,0.0,0.0,2.004,-0.0,0.0,0.0,0.0,0.0,0.0,5016.0,2.422987904532282e+24,0.0,0.0,0.0,-107615280.0,2.718429300292151e+23,0.0,0.0,0.0,0.0,53,-0.0,1.9056859227671757e+17,0.0,0.0,0.0,0.0,0.0,0.0,0.0,0,0,0,0.0,0.0,0.0,0.0,0.0,0.0,0.0,0.0,0.0,0.0,0.0,0.0,0.0,0.0,0.0,0.0,0,-107875648.0,53,0.0,106,-107614832.0,0.0,ERR,ERR,ERR,ERR,ERR,ERR,ERR,ERR,ERR,ERR,ERR,ERR,ERR,ERR,ERR,ERR,ERR,ERR,ERR,ERR,ERR,ERR,ERR,ERR,ERR,ERR,ERR,ERR,ERR,ERR,ERR,ERR,ERR,ERR,ERR,ERR,ERR,ERR,ERR,ERR,ERR,ERR,ERR,ERR,ERR,ERR,ERR,ERR,ERR,ERR,ERR,ERR,ERR,ERR,ERR,ERR,ERR,ERR,ERR,ERR,ERR,ERR,ERR,ERR,ERR,ERR,ERR,50.0,60.0,100,0.0,0.0,0.0,0.0,0.0,0.0,0.0,0.0,0.0,0.0,0.0,0.0,0.0,0.0,0.0,0.0,61.6,73,14,65512,50,65476,0,300,0,0,8,20529,65476,0,0,26214,60.0,0.0,0.0,0.0,0.0,0.0
2026-05-17T18:30:23,ERR,ERR,ERR,ERR,ERR,ERR,ERR,ERR,ERR,ERR,ERR,ERR,ERR,ERR,ERR,ERR,ERR,ERR,ERR,ERR,ERR,ERR,ERR,ERR,ERR,ERR,ERR,ERR,ERR,ERR,ERR,ERR,ERR,ERR,ERR,ERR,ERR,ERR,ERR,ERR,ERR,ERR,ERR,ERR,ERR,ERR,ERR,ERR,ERR,ERR,ERR,ERR,ERR,ERR,ERR,ERR,ERR,ERR,ERR,ERR,ERR,ERR,ERR,ERR,ERR,ERR,ERR,ERR,ERR,ERR,ERR,ERR,ERR,ERR,ERR,ERR,ERR,ERR,ERR,ERR,ERR,ERR,ERR,ERR,ERR,ERR,ERR,ERR,ERR,ERR,ERR,ERR,ERR,ERR,ERR,ERR,ERR,ERR,ERR,ERR,ERR,ERR,ERR,ERR,ERR,ERR,ERR,ERR,ERR,ERR,ERR,ERR,ERR,ERR,ERR,ERR,ERR,ERR,ERR,ERR,ERR,ERR,ERR,ERR,ERR,0.0,0.0,0.0,0.0,0.0,1.3936040501711995e+18,7.805,0.0,0,0,4,0,8422,0.0,45,0.0,0.0,0.0,0.0,0.0,0,0,0,0,0.0,0,0,0,0,0,0,0,0,0,0,0,0,0,0,0,0,0,0,0,0,0,0,0,0,0,0,0,0,0,0,0,0,0,38,14,7,45,65476,0,300,0,0,8,21553,0.0,-107605600.0,0.0,0.0,0.0,0.0,0.0,0.0,0.0,0.0,0.0,0.0,0.0,0.0,0.0,0.0,0.0,0.0,0.0,0.0,0.0,0.0,0.0,2.004,-0.0,0.0,0.0,0.0,0.0,0.0,5016.0,2.422987904532282e+24,0.0,0.0,0.0,-107615280.0,2.718429300292151e+23,0.0,0.0,0.0,0.0,53,-0.0,1.9056859227671757e+17,0.0,0.0,0.0,0.0,0.0,0.0,0.0,0,0,0,0.0,0.0,0.0,0.0,0.0,0.0,0.0,0.0,0.0,0.0,0.0,0.0,0.0,0.0,0.0,0.0,0,-107875648.0,53,0.0,106,-107614832.0,0.0,ERR,ERR,ERR,ERR,ERR,ERR,ERR,ERR,ERR,ERR,ERR,ERR,ERR,ERR,ERR,ERR,ERR,ERR,ERR,ERR,ERR,ERR,ERR,ERR,ERR,ERR,ERR,ERR,ERR,ERR,ERR,ERR,ERR,ERR,ERR,ERR,ERR,ERR,ERR,ERR,ERR,ERR,ERR,ERR,ERR,ERR,ERR,ERR,ERR,ERR,ERR,ERR,ERR,ERR,ERR,ERR,ERR,ERR,ERR,ERR,ERR,ERR,ERR,ERR,ERR,ERR,ERR,50.0,60.0,100,0.0,0.0,0.0,0.0,0.0,0.0,0.0,0.0,0.0,0.0,0.0,0.0,0.0,0.0,0.0,0.0,61.6,73,14,65512,50,65476,0,300,0,0,8,20529,65476,0,0,26214,60.0,0.0,0.0,0.0,0.0,0.0
2026-05-17T18:30:24,ERR,ERR,ERR,ERR,ERR,ERR,ERR,ERR,ERR,ERR,ERR,ERR,ERR,ERR,ERR,ERR,ERR,ERR,ERR,ERR,ERR,ERR,ERR,ERR,ERR,ERR,ERR,ERR,ERR,ERR,ERR,ERR,ERR,ERR,ERR,ERR,ERR,ERR,ERR,ERR,ERR,ERR,ERR,ERR,ERR,ERR,ERR,ERR,ERR,ERR,ERR,ERR,ERR,ERR,ERR,ERR,ERR,ERR,ERR,ERR,ERR,ERR,ERR,ERR,ERR,ERR,ERR,ERR,ERR,ERR,ERR,ERR,ERR,ERR,ERR,ERR,ERR,ERR,ERR,ERR,ERR,ERR,ERR,ERR,ERR,ERR,ERR,ERR,ERR,ERR,ERR,ERR,ERR,ERR,ERR,ERR,ERR,ERR,ERR,ERR,ERR,ERR,ERR,ERR,ERR,ERR,ERR,ERR,ERR,ERR,ERR,ERR,ERR,ERR,ERR,ERR,ERR,ERR,ERR,ERR,ERR,ERR,ERR,ERR,ERR,0.0,0.0,0.0,0.0,0.0,1.3936040501711995e+18,7.805,0.0,0,0,4,0,8422,0.0,45,0.0,0.0,0.0,0.0,0.0,0,0,0,0,0.0,0,0,0,0,0,0,0,0,0,0,0,0,0,0,0,0,0,0,0,0,0,0,0,0,0,0,0,0,0,0,0,0,0,38,14,7,45,65476,0,300,0,0,8,21553,0.0,-107605600.0,0.0,0.0,0.0,0.0,0.0,0.0,0.0,0.0,0.0,0.0,0.0,0.0,0.0,0.0,0.0,0.0,0.0,0.0,0.0,0.0,0.0,2.004,-0.0,0.0,0.0,0.0,0.0,0.0,5018.0,-0.0,0.0,0.0,0.0,-107615280.0,2.718429300292151e+23,0.0,0.0,0.0,0.0,53,-0.0,-0.0,0.0,0.0,0.0,0.0,0.0,0.0,0.0,0,0,0,0.0,0.0,0.0,0.0,0.0,0.0,0.0,0.0,0.0,0.0,0.0,0.0,0.0,0.0,0.0,0.0,0,-107875648.0,53,0.0,106,-107614832.0,0.0,ERR,ERR,ERR,ERR,ERR,ERR,ERR,ERR,ERR,ERR,ERR,ERR,ERR,ERR,ERR,ERR,ERR,ERR,ERR,ERR,ERR,ERR,ERR,ERR,ERR,ERR,ERR,ERR,ERR,ERR,ERR,ERR,ERR,ERR,ERR,ERR,ERR,ERR,ERR,ERR,ERR,ERR,ERR,ERR,ERR,ERR,ERR,ERR,ERR,ERR,ERR,ERR,ERR,ERR,ERR,ERR,ERR,ERR,ERR,ERR,ERR,ERR,ERR,ERR,ERR,ERR,ERR,50.0,60.0,100,0.0,0.0,0.0,0.0,0.0,0.0,0.0,0.0,0.0,0.0,0.0,0.0,0.0,0.0,0.0,0.0,61.6,73,14,65512,50,65476,0,300,0,0,8,20529,65476,0,0,26214,60.0,0.0,0.0,0.0,0.0,0.0
2026-05-17T18:30:25,ERR,ERR,ERR,ERR,ERR,ERR,ERR,ERR,ERR,ERR,ERR,ERR,ERR,ERR,ERR,ERR,ERR,ERR,ERR,ERR,ERR,ERR,ERR,ERR,ERR,ERR,ERR,ERR,ERR,ERR,ERR,ERR,ERR,ERR,ERR,ERR,ERR,ERR,ERR,ERR,ERR,ERR,ERR,ERR,ERR,ERR,ERR,ERR,ERR,ERR,ERR,ERR,ERR,ERR,ERR,ERR,ERR,ERR,ERR,ERR,ERR,ERR,ERR,ERR,ERR,ERR,ERR,ERR,ERR,ERR,ERR,ERR,ERR,ERR,ERR,ERR,ERR,ERR,ERR,ERR,ERR,ERR,ERR,ERR,ERR,ERR,ERR,ERR,ERR,ERR,ERR,ERR,ERR,ERR,ERR,ERR,ERR,ERR,ERR,ERR,ERR,ERR,ERR,ERR,ERR,ERR,ERR,ERR,ERR,ERR,ERR,ERR,ERR,ERR,ERR,ERR,ERR,ERR,ERR,ERR,ERR,ERR,ERR,ERR,ERR,0.0,0.0,0.0,0.0,0.0,1.3936040501711995e+18,7.805,0.0,0,0,4,0,8422,0.0,45,0.0,0.0,0.0,0.0,0.0,0,0,0,0,0.0,0,0,0,0,0,0,0,0,0,0,0,0,0,0,0,0,0,0,0,0,0,0,0,0,0,0,0,0,0,0,0,0,0,38,14,7,45,65476,0,300,0,0,8,21553,0.0,-107605600.0,0.0,0.0,0.0,0.0,0.0,0.0,0.0,0.0,0.0,0.0,0.0,0.0,0.0,0.0,0.0,0.0,0.0,0.0,0.0,0.0,0.0,2.004,-0.0,0.0,0.0,0.0,0.0,0.0,5018.0,-0.0,0.0,0.0,0.0,-107615280.0,2.718429300292151e+23,0.0,0.0,0.0,0.0,53,-0.0,-0.0,0.0,0.0,0.0,0.0,0.0,0.0,0.0,0,0,0,0.0,0.0,0.0,0.0,0.0,0.0,0.0,0.0,0.0,0.0,0.0,0.0,0.0,0.0,0.0,0.0,0,-107875648.0,53,0.0,106,-107614832.0,0.0,ERR,ERR,ERR,ERR,ERR,ERR,ERR,ERR,ERR,ERR,ERR,ERR,ERR,ERR,ERR,ERR,ERR,ERR,ERR,ERR,ERR,ERR,ERR,ERR,ERR,ERR,ERR,ERR,ERR,ERR,ERR,ERR,ERR,ERR,ERR,ERR,ERR,ERR,ERR,ERR,ERR,ERR,ERR,ERR,ERR,ERR,ERR,ERR,ERR,ERR,ERR,ERR,ERR,ERR,ERR,ERR,ERR,ERR,ERR,ERR,ERR,ERR,ERR,ERR,ERR,ERR,ERR,50.0,60.0,100,0.0,0.0,0.0,0.0,0.0,0.0,0.0,0.0,0.0,0.0,0.0,0.0,0.0,0.0,0.0,0.0,62.0,73,14,65512,50,65476,0,300,0,0,8,20529,65476,0,0,26214,60.0,0.0,0.0,0.0,0.0,0.0
2026-05-17T18:30:26,ERR,ERR,ERR,ERR,ERR,ERR,ERR,ERR,ERR,ERR,ERR,ERR,ERR,ERR,ERR,ERR,ERR,ERR,ERR,ERR,ERR,ERR,ERR,ERR,ERR,ERR,ERR,ERR,ERR,ERR,ERR,ERR,ERR,ERR,ERR,ERR,ERR,ERR,ERR,ERR,ERR,ERR,ERR,ERR,ERR,ERR,ERR,ERR,ERR,ERR,ERR,ERR,ERR,ERR,ERR,ERR,ERR,ERR,ERR,ERR,ERR,ERR,ERR,ERR,ERR,ERR,ERR,ERR,ERR,ERR,ERR,ERR,ERR,ERR,ERR,ERR,ERR,ERR,ERR,ERR,ERR,ERR,ERR,ERR,ERR,ERR,ERR,ERR,ERR,ERR,ERR,ERR,ERR,ERR,ERR,ERR,ERR,ERR,ERR,ERR,ERR,ERR,ERR,ERR,ERR,ERR,ERR,ERR,ERR,ERR,ERR,ERR,ERR,ERR,ERR,ERR,ERR,ERR,ERR,ERR,ERR,ERR,ERR,ERR,ERR,0.0,0.0,0.0,0.0,0.0,1.3936040501711995e+18,7.805,0.0,0,0,4,0,8422,0.0,45,0.0,0.0,0.0,0.0,0.0,0,0,0,0,0.0,0,0,0,0,0,0,0,0,0,0,0,0,0,0,0,0,0,0,0,0,0,0,0,0,0,0,0,0,0,0,0,0,0,38,14,7,45,65476,0,300,0,0,8,21553,0.0,-107605600.0,0.0,0.0,0.0,0.0,0.0,0.0,0.0,0.0,0.0,0.0,0.0,0.0,0.0,0.0,0.0,0.0,0.0,0.0,0.0,0.0,0.0,2.004,-0.0,0.0,0.0,0.0,0.0,0.0,5018.0,-0.0,0.0,0.0,0.0,-107615280.0,2.718429300292151e+23,0.0,0.0,0.0,0.0,53,-0.0,-0.0,0.0,0.0,0.0,0.0,0.0,0.0,0.0,0,0,0,0.0,0.0,0.0,0.0,0.0,0.0,0.0,0.0,0.0,0.0,0.0,0.0,0.0,0.0,0.0,0.0,0,-107875648.0,53,0.0,106,-107614832.0,0.0,ERR,ERR,ERR,ERR,ERR,ERR,ERR,ERR,ERR,ERR,ERR,ERR,ERR,ERR,ERR,ERR,ERR,ERR,ERR,ERR,ERR,ERR,ERR,ERR,ERR,ERR,ERR,ERR,ERR,ERR,ERR,ERR,ERR,ERR,ERR,ERR,ERR,ERR,ERR,ERR,ERR,ERR,ERR,ERR,ERR,ERR,ERR,ERR,ERR,ERR,ERR,ERR,ERR,ERR,ERR,ERR,ERR,ERR,ERR,ERR,ERR,ERR,ERR,ERR,ERR,ERR,ERR,50.0,60.0,100,0.0,0.0,0.0,0.0,0.0,0.0,0.0,0.0,0.0,0.0,0.0,0.0,0.0,0.0,0.0,0.0,62.0,73,14,65512,50,65476,0,300,0,0,8,20529,65476,0,0,26214,60.0,0.0,0.0,0.0,0.0,0.0
2026-05-17T18:30:27,ERR,ERR,ERR,ERR,ERR,ERR,ERR,ERR,ERR,ERR,ERR,ERR,ERR,ERR,ERR,ERR,ERR,ERR,ERR,ERR,ERR,ERR,ERR,ERR,ERR,ERR,ERR,ERR,ERR,ERR,ERR,ERR,ERR,ERR,ERR,ERR,ERR,ERR,ERR,ERR,ERR,ERR,ERR,ERR,ERR,ERR,ERR,ERR,ERR,ERR,ERR,ERR,ERR,ERR,ERR,ERR,ERR,ERR,ERR,ERR,ERR,ERR,ERR,ERR,ERR,ERR,ERR,ERR,ERR,ERR,ERR,ERR,ERR,ERR,ERR,ERR,ERR,ERR,ERR,ERR,ERR,ERR,ERR,ERR,ERR,ERR,ERR,ERR,ERR,ERR,ERR,ERR,ERR,ERR,ERR,ERR,ERR,ERR,ERR,ERR,ERR,ERR,ERR,ERR,ERR,ERR,ERR,ERR,ERR,ERR,ERR,ERR,ERR,ERR,ERR,ERR,ERR,ERR,ERR,ERR,ERR,ERR,ERR,ERR,ERR,0.0,0.0,0.0,0.0,0.0,1.3936040501711995e+18,7.805,0.0,0,0,4,0,8422,0.0,45,0.0,0.0,0.0,0.0,0.0,0,0,0,0,0.0,0,0,0,0,0,0,0,0,0,0,0,0,0,0,0,0,0,0,0,0,0,0,0,0,0,0,0,0,0,0,0,0,0,38,14,7,45,65476,0,300,0,0,8,21553,0.0,-107605600.0,0.0,0.0,0.0,0.0,0.0,0.0,0.0,0.0,0.0,0.0,0.0,0.0,0.0,0.0,0.0,0.0,0.0,0.0,0.0,0.0,0.0,2.004,-0.0,0.0,0.0,0.0,0.0,0.0,5018.0,-0.0,0.0,0.0,0.0,-107615280.0,2.718429300292151e+23,0.0,0.0,0.0,0.0,53,-0.0,-0.0,0.0,0.0,0.0,0.0,0.0,0.0,0.0,0,0,0,0.0,0.0,0.0,0.0,0.0,0.0,0.0,0.0,0.0,0.0,0.0,0.0,0.0,0.0,0.0,0.0,0,-107875648.0,53,0.0,106,-107614832.0,0.0,ERR,ERR,ERR,ERR,ERR,ERR,ERR,ERR,ERR,ERR,ERR,ERR,ERR,ERR,ERR,ERR,ERR,ERR,ERR,ERR,ERR,ERR,ERR,ERR,ERR,ERR,ERR,ERR,ERR,ERR,ERR,ERR,ERR,ERR,ERR,ERR,ERR,ERR,ERR,ERR,ERR,ERR,ERR,ERR,ERR,ERR,ERR,ERR,ERR,ERR,ERR,ERR,ERR,ERR,ERR,ERR,ERR,ERR,ERR,ERR,ERR,ERR,ERR,ERR,ERR,ERR,ERR,50.0,60.0,100,0.0,0.0,0.0,0.0,0.0,0.0,0.0,0.0,0.0,0.0,0.0,0.0,0.0,0.0,0.0,0.0,62.0,73,14,65512,50,65476,0,300,0,0,8,20529,65476,0,0,26214,60.0,0.0,0.0,0.0,0.0,0.0
2026-05-17T18:30:28,ERR,ERR,ERR,ERR,ERR,ERR,ERR,ERR,ERR,ERR,ERR,ERR,ERR,ERR,ERR,ERR,ERR,ERR,ERR,ERR,ERR,ERR,ERR,ERR,ERR,ERR,ERR,ERR,ERR,ERR,ERR,ERR,ERR,ERR,ERR,ERR,ERR,ERR,ERR,ERR,ERR,ERR,ERR,ERR,ERR,ERR,ERR,ERR,ERR,ERR,ERR,ERR,ERR,ERR,ERR,ERR,ERR,ERR,ERR,ERR,ERR,ERR,ERR,ERR,ERR,ERR,ERR,ERR,ERR,ERR,ERR,ERR,ERR,ERR,ERR,ERR,ERR,ERR,ERR,ERR,ERR,ERR,ERR,ERR,ERR,ERR,ERR,ERR,ERR,ERR,ERR,ERR,ERR,ERR,ERR,ERR,ERR,ERR,ERR,ERR,ERR,ERR,ERR,ERR,ERR,ERR,ERR,ERR,ERR,ERR,ERR,ERR,ERR,ERR,ERR,ERR,ERR,ERR,ERR,ERR,ERR,ERR,ERR,ERR,ERR,0.0,0.0,0.0,0.0,0.0,1.3936040501711995e+18,7.805,0.0,0,0,4,0,8422,0.0,45,0.0,0.0,0.0,0.0,0.0,0,0,0,0,0.0,0,0,0,0,0,0,0,0,0,0,0,0,0,0,0,0,0,0,0,0,0,0,0,0,0,0,0,0,0,0,0,0,0,38,14,7,45,65476,0,300,0,0,8,21553,0.0,-107605600.0,0.0,0.0,0.0,0.0,0.0,0.0,0.0,0.0,0.0,0.0,0.0,0.0,0.0,0.0,0.0,0.0,0.0,0.0,0.0,0.0,0.0,2.004,-0.0,0.0,0.0,0.0,0.0,0.0,5018.0,-0.0,0.0,0.0,0.0,-107615280.0,2.718429300292151e+23,0.0,0.0,0.0,0.0,53,-0.0,-0.0,0.0,0.0,0.0,0.0,0.0,0.0,0.0,0,0,0,0.0,0.0,0.0,0.0,0.0,0.0,0.0,0.0,0.0,0.0,0.0,0.0,0.0,0.0,0.0,0.0,0,-107875648.0,53,0.0,106,-107614832.0,0.0,ERR,ERR,ERR,ERR,ERR,ERR,ERR,ERR,ERR,ERR,ERR,ERR,ERR,ERR,ERR,ERR,ERR,ERR,ERR,ERR,ERR,ERR,ERR,ERR,ERR,ERR,ERR,ERR,ERR,ERR,ERR,ERR,ERR,ERR,ERR,ERR,ERR,ERR,ERR,ERR,ERR,ERR,ERR,ERR,ERR,ERR,ERR,ERR,ERR,ERR,ERR,ERR,ERR,ERR,ERR,ERR,ERR,ERR,ERR,ERR,ERR,ERR,ERR,ERR,ERR,ERR,ERR,50.0,60.0,100,0.0,0.0,0.0,0.0,0.0,0.0,0.0,0.0,0.0,0.0,0.0,0.0,0.0,0.0,0.0,0.0,61.6,73,14,65512,50,65476,0,300,0,0,8,20529,65476,0,0,26214,60.0,0.0,0.0,0.0,0.0,0.0
2026-05-17T18:30:29,ERR,ERR,ERR,ERR,ERR,ERR,ERR,ERR,ERR,ERR,ERR,ERR,ERR,ERR,ERR,ERR,ERR,ERR,ERR,ERR,ERR,ERR,ERR,ERR,ERR,ERR,ERR,ERR,ERR,ERR,ERR,ERR,ERR,ERR,ERR,ERR,ERR,ERR,ERR,ERR,ERR,ERR,ERR,ERR,ERR,ERR,ERR,ERR,ERR,ERR,ERR,ERR,ERR,ERR,ERR,ERR,ERR,ERR,ERR,ERR,ERR,ERR,ERR,ERR,ERR,ERR,ERR,ERR,ERR,ERR,ERR,ERR,ERR,ERR,ERR,ERR,ERR,ERR,ERR,ERR,ERR,ERR,ERR,ERR,ERR,ERR,ERR,ERR,ERR,ERR,ERR,ERR,ERR,ERR,ERR,ERR,ERR,ERR,ERR,ERR,ERR,ERR,ERR,ERR,ERR,ERR,ERR,ERR,ERR,ERR,ERR,ERR,ERR,ERR,ERR,ERR,ERR,ERR,ERR,ERR,ERR,ERR,ERR,ERR,ERR,0.0,0.0,0.0,0.0,0.0,1.3936040501711995e+18,7.805,0.0,0,0,4,0,8422,0.0,45,0.0,0.0,0.0,0.0,0.0,0,0,0,0,0.0,0,0,0,0,0,0,0,0,0,0,0,0,0,0,0,0,0,0,0,0,0,0,0,0,0,0,0,0,0,0,0,0,0,38,14,7,45,65476,0,300,0,0,8,21553,0.0,-107605600.0,0.0,0.0,0.0,0.0,0.0,0.0,0.0,0.0,0.0,0.0,0.0,0.0,0.0,0.0,0.0,0.0,0.0,0.0,0.0,0.0,0.0,2.004,-0.0,0.0,0.0,0.0,0.0,0.0,5017.0,-0.0,0.0,0.0,0.0,-107615280.0,2.718429300292151e+23,0.0,0.0,0.0,0.0,53,-0.0,-0.0,0.0,0.0,0.0,0.0,0.0,0.0,0.0,0,0,0,0.0,0.0,0.0,0.0,0.0,0.0,0.0,0.0,0.0,0.0,0.0,0.0,0.0,0.0,0.0,0.0,0,-107875648.0,53,0.0,106,-107614832.0,0.0,ERR,ERR,ERR,ERR,ERR,ERR,ERR,ERR,ERR,ERR,ERR,ERR,ERR,ERR,ERR,ERR,ERR,ERR,ERR,ERR,ERR,ERR,ERR,ERR,ERR,ERR,ERR,ERR,ERR,ERR,ERR,ERR,ERR,ERR,ERR,ERR,ERR,ERR,ERR,ERR,ERR,ERR,ERR,ERR,ERR,ERR,ERR,ERR,ERR,ERR,ERR,ERR,ERR,ERR,ERR,ERR,ERR,ERR,ERR,ERR,ERR,ERR,ERR,ERR,ERR,ERR,ERR,50.0,60.0,100,0.0,0.0,0.0,0.0,0.0,0.0,0.0,0.0,0.0,0.0,0.0,0.0,0.0,0.0,0.0,0.0,61.6,73,14,65512,50,65476,0,300,0,0,8,20529,65476,0,0,26214,60.0,0.0,0.0,0.0,0.0,0.0
2026-05-17T18:30:30,ERR,ERR,ERR,ERR,ERR,ERR,ERR,ERR,ERR,ERR,ERR,ERR,ERR,ERR,ERR,ERR,ERR,ERR,ERR,ERR,ERR,ERR,ERR,ERR,ERR,ERR,ERR,ERR,ERR,ERR,ERR,ERR,ERR,ERR,ERR,ERR,ERR,ERR,ERR,ERR,ERR,ERR,ERR,ERR,ERR,ERR,ERR,ERR,ERR,ERR,ERR,ERR,ERR,ERR,ERR,ERR,ERR,ERR,ERR,ERR,ERR,ERR,ERR,ERR,ERR,ERR,ERR,ERR,ERR,ERR,ERR,ERR,ERR,ERR,ERR,ERR,ERR,ERR,ERR,ERR,ERR,ERR,ERR,ERR,ERR,ERR,ERR,ERR,ERR,ERR,ERR,ERR,ERR,ERR,ERR,ERR,ERR,ERR,ERR,ERR,ERR,ERR,ERR,ERR,ERR,ERR,ERR,ERR,ERR,ERR,ERR,ERR,ERR,ERR,ERR,ERR,ERR,ERR,ERR,ERR,ERR,ERR,ERR,ERR,ERR,0.0,0.0,0.0,0.0,0.0,1.3936040501711995e+18,7.805,0.0,0,0,4,0,8422,0.0,45,0.0,0.0,0.0,0.0,0.0,0,0,0,0,0.0,0,0,0,0,0,0,0,0,0,0,0,0,0,0,0,0,0,0,0,0,0,0,0,0,0,0,0,0,0,0,0,0,0,38,14,7,45,65476,0,300,0,0,8,21553,0.0,-107605600.0,0.0,0.0,0.0,0.0,0.0,0.0,0.0,0.0,0.0,0.0,0.0,0.0,0.0,0.0,0.0,0.0,0.0,0.0,0.0,0.0,0.0,2.004,-0.0,0.0,0.0,0.0,0.0,0.0,5017.0,-0.0,0.0,0.0,0.0,-107615280.0,2.718429300292151e+23,0.0,0.0,0.0,0.0,53,-0.0,-0.0,0.0,0.0,0.0,0.0,0.0,0.0,0.0,0,0,0,0.0,0.0,0.0,0.0,0.0,0.0,0.0,0.0,0.0,0.0,0.0,0.0,0.0,0.0,0.0,0.0,0,-107875648.0,53,0.0,106,-107614832.0,0.0,ERR,ERR,ERR,ERR,ERR,ERR,ERR,ERR,ERR,ERR,ERR,ERR,ERR,ERR,ERR,ERR,ERR,ERR,ERR,ERR,ERR,ERR,ERR,ERR,ERR,ERR,ERR,ERR,ERR,ERR,ERR,ERR,ERR,ERR,ERR,ERR,ERR,ERR,ERR,ERR,ERR,ERR,ERR,ERR,ERR,ERR,ERR,ERR,ERR,ERR,ERR,ERR,ERR,ERR,ERR,ERR,ERR,ERR,ERR,ERR,ERR,ERR,ERR,ERR,ERR,ERR,ERR,50.0,60.0,100,0.0,0.0,0.0,0.0,0.0,0.0,0.0,0.0,0.0,0.0,0.0,0.0,0.0,0.0,0.0,0.0,62.0,73,14,65512,50,65476,0,300,0,0,8,20529,65476,0,0,26214,60.0,0.0,0.0,0.0,0.0,0.0
2026-05-17T18:30:31,ERR,ERR,ERR,ERR,ERR,ERR,ERR,ERR,ERR,ERR,ERR,ERR,ERR,ERR,ERR,ERR,ERR,ERR,ERR,ERR,ERR,ERR,ERR,ERR,ERR,ERR,ERR,ERR,ERR,ERR,ERR,ERR,ERR,ERR,ERR,ERR,ERR,ERR,ERR,ERR,ERR,ERR,ERR,ERR,ERR,ERR,ERR,ERR,ERR,ERR,ERR,ERR,ERR,ERR,ERR,ERR,ERR,ERR,ERR,ERR,ERR,ERR,ERR,ERR,ERR,ERR,ERR,ERR,ERR,ERR,ERR,ERR,ERR,ERR,ERR,ERR,ERR,ERR,ERR,ERR,ERR,ERR,ERR,ERR,ERR,ERR,ERR,ERR,ERR,ERR,ERR,ERR,ERR,ERR,ERR,ERR,ERR,ERR,ERR,ERR,ERR,ERR,ERR,ERR,ERR,ERR,ERR,ERR,ERR,ERR,ERR,ERR,ERR,ERR,ERR,ERR,ERR,ERR,ERR,ERR,ERR,ERR,ERR,ERR,ERR,0.0,0.0,0.0,0.0,0.0,1.3936040501711995e+18,7.805,0.0,0,0,4,0,8422,0.0,45,0.0,0.0,0.0,0.0,0.0,0,0,0,0,0.0,0,0,0,0,0,0,0,0,0,0,0,0,0,0,0,0,0,0,0,0,0,0,0,0,0,0,0,0,0,0,0,0,0,38,14,7,45,65476,0,300,0,0,8,21553,0.0,-107605600.0,0.0,0.0,0.0,0.0,0.0,0.0,0.0,0.0,0.0,0.0,0.0,0.0,0.0,0.0,0.0,0.0,0.0,0.0,0.0,0.0,0.0,2.004,-0.0,0.0,0.0,0.0,0.0,0.0,5017.0,-0.0,0.0,0.0,0.0,-107615280.0,2.718429300292151e+23,0.0,0.0,0.0,0.0,53,-0.0,-0.0,0.0,0.0,0.0,0.0,0.0,0.0,0.0,0,0,0,0.0,0.0,0.0,0.0,0.0,0.0,0.0,0.0,0.0,0.0,0.0,0.0,0.0,0.0,0.0,0.0,0,-107875648.0,53,0.0,106,-107614832.0,0.0,ERR,ERR,ERR,ERR,ERR,ERR,ERR,ERR,ERR,ERR,ERR,ERR,ERR,ERR,ERR,ERR,ERR,ERR,ERR,ERR,ERR,ERR,ERR,ERR,ERR,ERR,ERR,ERR,ERR,ERR,ERR,ERR,ERR,ERR,ERR,ERR,ERR,ERR,ERR,ERR,ERR,ERR,ERR,ERR,ERR,ERR,ERR,ERR,ERR,ERR,ERR,ERR,ERR,ERR,ERR,ERR,ERR,ERR,ERR,ERR,ERR,ERR,ERR,ERR,ERR,ERR,ERR,50.0,60.0,100,0.0,0.0,0.0,0.0,0.0,0.0,0.0,0.0,0.0,0.0,0.0,0.0,0.0,0.0,0.0,0.0,62.0,73,14,65512,50,65476,0,300,0,0,8,20529,65476,0,0,26214,60.0,0.0,0.0,0.0,0.0,0.0
2026-05-17T18:30:32,ERR,ERR,ERR,ERR,ERR,ERR,ERR,ERR,ERR,ERR,ERR,ERR,ERR,ERR,ERR,ERR,ERR,ERR,ERR,ERR,ERR,ERR,ERR,ERR,ERR,ERR,ERR,ERR,ERR,ERR,ERR,ERR,ERR,ERR,ERR,ERR,ERR,ERR,ERR,ERR,ERR,ERR,ERR,ERR,ERR,ERR,ERR,ERR,ERR,ERR,ERR,ERR,ERR,ERR,ERR,ERR,ERR,ERR,ERR,ERR,ERR,ERR,ERR,ERR,ERR,ERR,ERR,ERR,ERR,ERR,ERR,ERR,ERR,ERR,ERR,ERR,ERR,ERR,ERR,ERR,ERR,ERR,ERR,ERR,ERR,ERR,ERR,ERR,ERR,ERR,ERR,ERR,ERR,ERR,ERR,ERR,ERR,ERR,ERR,ERR,ERR,ERR,ERR,ERR,ERR,ERR,ERR,ERR,ERR,ERR,ERR,ERR,ERR,ERR,ERR,ERR,ERR,ERR,ERR,ERR,ERR,ERR,ERR,ERR,ERR,0.0,0.0,0.0,0.0,0.0,1.3936040501711995e+18,7.805,0.0,0,0,4,0,8422,0.0,45,0.0,0.0,0.0,0.0,0.0,0,0,0,0,0.0,0,0,0,0,0,0,0,0,0,0,0,0,0,0,0,0,0,0,0,0,0,0,0,0,0,0,0,0,0,0,0,0,0,38,14,7,45,65476,0,300,0,0,8,21553,0.0,-107605600.0,0.0,0.0,0.0,0.0,0.0,0.0,0.0,0.0,0.0,0.0,0.0,0.0,0.0,0.0,0.0,0.0,0.0,0.0,0.0,0.0,0.0,2.004,-0.0,0.0,0.0,0.0,0.0,0.0,5017.0,-0.0,0.0,0.0,0.0,-107615280.0,2.718429300292151e+23,0.0,0.0,0.0,0.0,53,-0.0,-0.0,0.0,0.0,0.0,0.0,0.0,0.0,0.0,0,0,0,0.0,0.0,0.0,0.0,0.0,0.0,0.0,0.0,0.0,0.0,0.0,0.0,0.0,0.0,0.0,0.0,0,-107875648.0,53,0.0,106,-107614832.0,0.0,ERR,ERR,ERR,ERR,ERR,ERR,ERR,ERR,ERR,ERR,ERR,ERR,ERR,ERR,ERR,ERR,ERR,ERR,ERR,ERR,ERR,ERR,ERR,ERR,ERR,ERR,ERR,ERR,ERR,ERR,ERR,ERR,ERR,ERR,ERR,ERR,ERR,ERR,ERR,ERR,ERR,ERR,ERR,ERR,ERR,ERR,ERR,ERR,ERR,ERR,ERR,ERR,ERR,ERR,ERR,ERR,ERR,ERR,ERR,ERR,ERR,ERR,ERR,ERR,ERR,ERR,ERR,50.0,60.0,100,0.0,0.0,0.0,0.0,0.0,0.0,0.0,0.0,0.0,0.0,0.0,0.0,0.0,0.0,0.0,0.0,61.6,73,14,65512,50,65476,0,300,0,0,8,20529,65476,0,0,26214,60.0,0.0,0.0,0.0,0.0,0.0
2026-05-17T18:30:33,ERR,ERR,ERR,ERR,ERR,ERR,ERR,ERR,ERR,ERR,ERR,ERR,ERR,ERR,ERR,ERR,ERR,ERR,ERR,ERR,ERR,ERR,ERR,ERR,ERR,ERR,ERR,ERR,ERR,ERR,ERR,ERR,ERR,ERR,ERR,ERR,ERR,ERR,ERR,ERR,ERR,ERR,ERR,ERR,ERR,ERR,ERR,ERR,ERR,ERR,ERR,ERR,ERR,ERR,ERR,ERR,ERR,ERR,ERR,ERR,ERR,ERR,ERR,ERR,ERR,ERR,ERR,ERR,ERR,ERR,ERR,ERR,ERR,ERR,ERR,ERR,ERR,ERR,ERR,ERR,ERR,ERR,ERR,ERR,ERR,ERR,ERR,ERR,ERR,ERR,ERR,ERR,ERR,ERR,ERR,ERR,ERR,ERR,ERR,ERR,ERR,ERR,ERR,ERR,ERR,ERR,ERR,ERR,ERR,ERR,ERR,ERR,ERR,ERR,ERR,ERR,ERR,ERR,ERR,ERR,ERR,ERR,ERR,ERR,ERR,0.0,0.0,0.0,0.0,0.0,1.3936040501711995e+18,7.805,0.0,0,0,4,0,8422,0.0,45,0.0,0.0,0.0,0.0,0.0,0,0,0,0,0.0,0,0,0,0,0,0,0,0,0,0,0,0,0,0,0,0,0,0,0,0,0,0,0,0,0,0,0,0,0,0,0,0,0,38,14,7,45,65476,0,300,0,0,8,21553,0.0,-107605600.0,0.0,0.0,0.0,0.0,0.0,0.0,0.0,0.0,0.0,0.0,0.0,0.0,0.0,0.0,0.0,0.0,0.0,0.0,0.0,0.0,0.0,2.004,-0.0,0.0,0.0,0.0,0.0,0.0,5017.0,-0.0,0.0,0.0,0.0,-107615280.0,2.718429300292151e+23,0.0,0.0,0.0,0.0,53,-0.0,-0.0,0.0,0.0,0.0,0.0,0.0,0.0,0.0,0,0,0,0.0,0.0,0.0,0.0,0.0,0.0,0.0,0.0,0.0,0.0,0.0,0.0,0.0,0.0,0.0,0.0,0,-107875648.0,53,0.0,106,-107614832.0,0.0,ERR,ERR,ERR,ERR,ERR,ERR,ERR,ERR,ERR,ERR,ERR,ERR,ERR,ERR,ERR,ERR,ERR,ERR,ERR,ERR,ERR,ERR,ERR,ERR,ERR,ERR,ERR,ERR,ERR,ERR,ERR,ERR,ERR,ERR,ERR,ERR,ERR,ERR,ERR,ERR,ERR,ERR,ERR,ERR,ERR,ERR,ERR,ERR,ERR,ERR,ERR,ERR,ERR,ERR,ERR,ERR,ERR,ERR,ERR,ERR,ERR,ERR,ERR,ERR,ERR,ERR,ERR,50.0,60.0,100,0.0,0.0,0.0,0.0,0.0,0.0,0.0,0.0,0.0,0.0,0.0,0.0,0.0,0.0,0.0,0.0,61.6,73,14,65512,50,65476,0,300,0,0,8,20529,65476,0,0,26214,60.0,0.0,0.0,0.0,0.0,0.0
2026-05-17T18:30:34,ERR,ERR,ERR,ERR,ERR,ERR,ERR,ERR,ERR,ERR,ERR,ERR,ERR,ERR,ERR,ERR,ERR,ERR,ERR,ERR,ERR,ERR,ERR,ERR,ERR,ERR,ERR,ERR,ERR,ERR,ERR,ERR,ERR,ERR,ERR,ERR,ERR,ERR,ERR,ERR,ERR,ERR,ERR,ERR,ERR,ERR,ERR,ERR,ERR,ERR,ERR,ERR,ERR,ERR,ERR,ERR,ERR,ERR,ERR,ERR,ERR,ERR,ERR,ERR,ERR,ERR,ERR,ERR,ERR,ERR,ERR,ERR,ERR,ERR,ERR,ERR,ERR,ERR,ERR,ERR,ERR,ERR,ERR,ERR,ERR,ERR,ERR,ERR,ERR,ERR,ERR,ERR,ERR,ERR,ERR,ERR,ERR,ERR,ERR,ERR,ERR,ERR,ERR,ERR,ERR,ERR,ERR,ERR,ERR,ERR,ERR,ERR,ERR,ERR,ERR,ERR,ERR,ERR,ERR,ERR,ERR,ERR,ERR,ERR,ERR,0.0,0.0,0.0,0.0,0.0,1.3936040501711995e+18,7.805,0.0,0,0,4,0,8422,0.0,45,0.0,0.0,0.0,0.0,0.0,0,0,0,0,0.0,0,0,0,0,0,0,0,0,0,0,0,0,0,0,0,0,0,0,0,0,0,0,0,0,0,0,0,0,0,0,0,0,0,38,14,7,45,65476,0,300,0,0,8,21553,0.0,-107605600.0,0.0,0.0,0.0,0.0,0.0,0.0,0.0,0.0,0.0,0.0,0.0,0.0,0.0,0.0,0.0,0.0,0.0,0.0,0.0,0.0,0.0,2.004,-0.0,0.0,0.0,0.0,0.0,0.0,5016.0,-564145833377792.0,0.0,0.0,0.0,-107615280.0,2.718429300292151e+23,0.0,0.0,0.0,0.0,53,-0.0,-71.629,0.0,0.0,0.0,0.0,0.0,0.0,0.0,0,0,0,0.0,0.0,0.0,0.0,0.0,0.0,0.0,0.0,0.0,0.0,0.0,0.0,0.0,0.0,0.0,0.0,0,-107875648.0,53,0.0,106,-107614832.0,0.0,ERR,ERR,ERR,ERR,ERR,ERR,ERR,ERR,ERR,ERR,ERR,ERR,ERR,ERR,ERR,ERR,ERR,ERR,ERR,ERR,ERR,ERR,ERR,ERR,ERR,ERR,ERR,ERR,ERR,ERR,ERR,ERR,ERR,ERR,ERR,ERR,ERR,ERR,ERR,ERR,ERR,ERR,ERR,ERR,ERR,ERR,ERR,ERR,ERR,ERR,ERR,ERR,ERR,ERR,ERR,ERR,ERR,ERR,ERR,ERR,ERR,ERR,ERR,ERR,ERR,ERR,ERR,50.0,60.0,100,0.0,0.0,0.0,0.0,0.0,0.0,0.0,0.0,0.0,0.0,0.0,0.0,0.0,0.0,0.0,0.0,61.6,73,14,65512,50,65476,0,300,0,0,8,20529,65476,0,0,26214,60.0,0.0,0.0,0.0,0.0,0.0
2026-05-17T18:30:35,ERR,ERR,ERR,ERR,ERR,ERR,ERR,ERR,ERR,ERR,ERR,ERR,ERR,ERR,ERR,ERR,ERR,ERR,ERR,ERR,ERR,ERR,ERR,ERR,ERR,ERR,ERR,ERR,ERR,ERR,ERR,ERR,ERR,ERR,ERR,ERR,ERR,ERR,ERR,ERR,ERR,ERR,ERR,ERR,ERR,ERR,ERR,ERR,ERR,ERR,ERR,ERR,ERR,ERR,ERR,ERR,ERR,ERR,ERR,ERR,ERR,ERR,ERR,ERR,ERR,ERR,ERR,ERR,ERR,ERR,ERR,ERR,ERR,ERR,ERR,ERR,ERR,ERR,ERR,ERR,ERR,ERR,ERR,ERR,ERR,ERR,ERR,ERR,ERR,ERR,ERR,ERR,ERR,ERR,ERR,ERR,ERR,ERR,ERR,ERR,ERR,ERR,ERR,ERR,ERR,ERR,ERR,ERR,ERR,ERR,ERR,ERR,ERR,ERR,ERR,ERR,ERR,ERR,ERR,ERR,ERR,ERR,ERR,ERR,ERR,0.0,0.0,0.0,0.0,0.0,1.3936040501711995e+18,7.805,0.0,0,0,4,0,8422,0.0,45,0.0,0.0,0.0,0.0,0.0,0,0,0,0,0.0,0,0,0,0,0,0,0,0,0,0,0,0,0,0,0,0,0,0,0,0,0,0,0,0,0,0,0,0,0,0,0,0,0,38,14,7,45,65476,0,300,0,0,8,21553,0.0,-107605600.0,0.0,0.0,0.0,0.0,0.0,0.0,0.0,0.0,0.0,0.0,0.0,0.0,0.0,0.0,0.0,0.0,0.0,0.0,0.0,0.0,0.0,2.004,-0.0,0.0,0.0,0.0,0.0,0.0,5016.0,-564145833377792.0,0.0,0.0,0.0,-107615280.0,2.718429300292151e+23,0.0,0.0,0.0,0.0,53,-0.0,-71.629,0.0,0.0,0.0,0.0,0.0,0.0,0.0,0,0,0,0.0,0.0,0.0,0.0,0.0,0.0,0.0,0.0,0.0,0.0,0.0,0.0,0.0,0.0,0.0,0.0,0,-107875648.0,53,0.0,106,-107614832.0,0.0,ERR,ERR,ERR,ERR,ERR,ERR,ERR,ERR,ERR,ERR,ERR,ERR,ERR,ERR,ERR,ERR,ERR,ERR,ERR,ERR,ERR,ERR,ERR,ERR,ERR,ERR,ERR,ERR,ERR,ERR,ERR,ERR,ERR,ERR,ERR,ERR,ERR,ERR,ERR,ERR,ERR,ERR,ERR,ERR,ERR,ERR,ERR,ERR,ERR,ERR,ERR,ERR,ERR,ERR,ERR,ERR,ERR,ERR,ERR,ERR,ERR,ERR,ERR,ERR,ERR,ERR,ERR,50.0,60.0,100,0.0,0.0,0.0,0.0,0.0,0.0,0.0,0.0,0.0,0.0,0.0,0.0,0.0,0.0,0.0,0.0,61.6,73,14,65512,50,65476,0,300,0,0,8,20529,65476,0,0,26214,60.0,0.0,0.0,0.0,0.0,0.0
2026-05-17T18:30:36,ERR,ERR,ERR,ERR,ERR,ERR,ERR,ERR,ERR,ERR,ERR,ERR,ERR,ERR,ERR,ERR,ERR,ERR,ERR,ERR,ERR,ERR,ERR,ERR,ERR,ERR,ERR,ERR,ERR,ERR,ERR,ERR,ERR,ERR,ERR,ERR,ERR,ERR,ERR,ERR,ERR,ERR,ERR,ERR,ERR,ERR,ERR,ERR,ERR,ERR,ERR,ERR,ERR,ERR,ERR,ERR,ERR,ERR,ERR,ERR,ERR,ERR,ERR,ERR,ERR,ERR,ERR,ERR,ERR,ERR,ERR,ERR,ERR,ERR,ERR,ERR,ERR,ERR,ERR,ERR,ERR,ERR,ERR,ERR,ERR,ERR,ERR,ERR,ERR,ERR,ERR,ERR,ERR,ERR,ERR,ERR,ERR,ERR,ERR,ERR,ERR,ERR,ERR,ERR,ERR,ERR,ERR,ERR,ERR,ERR,ERR,ERR,ERR,ERR,ERR,ERR,ERR,ERR,ERR,ERR,ERR,ERR,ERR,ERR,ERR,0.0,0.0,0.0,0.0,0.0,1.3936040501711995e+18,7.805,0.0,0,0,4,0,8422,0.0,45,0.0,0.0,0.0,0.0,0.0,0,0,0,0,0.0,0,0,0,0,0,0,0,0,0,0,0,0,0,0,0,0,0,0,0,0,0,0,0,0,0,0,0,0,0,0,0,0,0,38,14,7,45,65476,0,300,0,0,8,21553,0.0,-107605600.0,0.0,0.0,0.0,0.0,0.0,0.0,0.0,0.0,0.0,0.0,0.0,0.0,0.0,0.0,0.0,0.0,0.0,0.0,0.0,0.0,0.0,2.004,-0.0,0.0,0.0,0.0,0.0,0.0,5016.0,-564145833377792.0,0.0,0.0,0.0,-107615280.0,2.718429300292151e+23,0.0,0.0,0.0,0.0,53,-0.0,-71.629,0.0,0.0,0.0,0.0,0.0,0.0,0.0,0,0,0,0.0,0.0,0.0,0.0,0.0,0.0,0.0,0.0,0.0,0.0,0.0,0.0,0.0,0.0,0.0,0.0,0,-107875648.0,53,0.0,106,-107614832.0,0.0,ERR,ERR,ERR,ERR,ERR,ERR,ERR,ERR,ERR,ERR,ERR,ERR,ERR,ERR,ERR,ERR,ERR,ERR,ERR,ERR,ERR,ERR,ERR,ERR,ERR,ERR,ERR,ERR,ERR,ERR,ERR,ERR,ERR,ERR,ERR,ERR,ERR,ERR,ERR,ERR,ERR,ERR,ERR,ERR,ERR,ERR,ERR,ERR,ERR,ERR,ERR,ERR,ERR,ERR,ERR,ERR,ERR,ERR,ERR,ERR,ERR,ERR,ERR,ERR,ERR,ERR,ERR,50.0,60.0,100,0.0,0.0,0.0,0.0,0.0,0.0,0.0,0.0,0.0,0.0,0.0,0.0,0.0,0.0,0.0,0.0,61.6,73,14,65512,50,65476,0,300,0,0,8,20529,65476,0,0,26214,60.0,0.0,0.0,0.0,0.0,0.0
2026-05-17T18:30:37,ERR,ERR,ERR,ERR,ERR,ERR,ERR,ERR,ERR,ERR,ERR,ERR,ERR,ERR,ERR,ERR,ERR,ERR,ERR,ERR,ERR,ERR,ERR,ERR,ERR,ERR,ERR,ERR,ERR,ERR,ERR,ERR,ERR,ERR,ERR,ERR,ERR,ERR,ERR,ERR,ERR,ERR,ERR,ERR,ERR,ERR,ERR,ERR,ERR,ERR,ERR,ERR,ERR,ERR,ERR,ERR,ERR,ERR,ERR,ERR,ERR,ERR,ERR,ERR,ERR,ERR,ERR,ERR,ERR,ERR,ERR,ERR,ERR,ERR,ERR,ERR,ERR,ERR,ERR,ERR,ERR,ERR,ERR,ERR,ERR,ERR,ERR,ERR,ERR,ERR,ERR,ERR,ERR,ERR,ERR,ERR,ERR,ERR,ERR,ERR,ERR,ERR,ERR,ERR,ERR,ERR,ERR,ERR,ERR,ERR,ERR,ERR,ERR,ERR,ERR,ERR,ERR,ERR,ERR,ERR,ERR,ERR,ERR,ERR,ERR,0.0,0.0,0.0,0.0,0.0,1.3936040501711995e+18,7.805,0.0,0,0,4,0,8422,0.0,45,0.0,0.0,0.0,0.0,0.0,0,0,0,0,0.0,0,0,0,0,0,0,0,0,0,0,0,0,0,0,0,0,0,0,0,0,0,0,0,0,0,0,0,0,0,0,0,0,0,38,14,7,45,65476,0,300,0,0,8,21553,0.0,-107605600.0,0.0,0.0,0.0,0.0,0.0,0.0,0.0,0.0,0.0,0.0,0.0,0.0,0.0,0.0,0.0,0.0,0.0,0.0,0.0,0.0,0.0,2.004,-0.0,0.0,0.0,0.0,0.0,0.0,5016.0,-564145833377792.0,0.0,0.0,0.0,-107615280.0,2.718429300292151e+23,0.0,0.0,0.0,0.0,53,-0.0,-71.629,0.0,0.0,0.0,0.0,0.0,0.0,0.0,0,0,0,0.0,0.0,0.0,0.0,0.0,0.0,0.0,0.0,0.0,0.0,0.0,0.0,0.0,0.0,0.0,0.0,0,-107875648.0,53,0.0,106,-107614832.0,0.0,ERR,ERR,ERR,ERR,ERR,ERR,ERR,ERR,ERR,ERR,ERR,ERR,ERR,ERR,ERR,ERR,ERR,ERR,ERR,ERR,ERR,ERR,ERR,ERR,ERR,ERR,ERR,ERR,ERR,ERR,ERR,ERR,ERR,ERR,ERR,ERR,ERR,ERR,ERR,ERR,ERR,ERR,ERR,ERR,ERR,ERR,ERR,ERR,ERR,ERR,ERR,ERR,ERR,ERR,ERR,ERR,ERR,ERR,ERR,ERR,ERR,ERR,ERR,ERR,ERR,ERR,ERR,50.0,60.0,100,0.0,0.0,0.0,0.0,0.0,0.0,0.0,0.0,0.0,0.0,0.0,0.0,0.0,0.0,0.0,0.0,62.0,73,14,65512,50,65476,0,300,0,0,8,20529,65476,0,0,26214,60.0,0.0,0.0,0.0,0.0,0.0
2026-05-17T18:30:38,ERR,ERR,ERR,ERR,ERR,ERR,ERR,ERR,ERR,ERR,ERR,ERR,ERR,ERR,ERR,ERR,ERR,ERR,ERR,ERR,ERR,ERR,ERR,ERR,ERR,ERR,ERR,ERR,ERR,ERR,ERR,ERR,ERR,ERR,ERR,ERR,ERR,ERR,ERR,ERR,ERR,ERR,ERR,ERR,ERR,ERR,ERR,ERR,ERR,ERR,ERR,ERR,ERR,ERR,ERR,ERR,ERR,ERR,ERR,ERR,ERR,ERR,ERR,ERR,ERR,ERR,ERR,ERR,ERR,ERR,ERR,ERR,ERR,ERR,ERR,ERR,ERR,ERR,ERR,ERR,ERR,ERR,ERR,ERR,ERR,ERR,ERR,ERR,ERR,ERR,ERR,ERR,ERR,ERR,ERR,ERR,ERR,ERR,ERR,ERR,ERR,ERR,ERR,ERR,ERR,ERR,ERR,ERR,ERR,ERR,ERR,ERR,ERR,ERR,ERR,ERR,ERR,ERR,ERR,ERR,ERR,ERR,ERR,ERR,ERR,0.0,0.0,0.0,0.0,0.0,1.3936040501711995e+18,7.805,0.0,0,0,4,0,8422,0.0,45,0.0,0.0,0.0,0.0,0.0,0,0,0,0,0.0,0,0,0,0,0,0,0,0,0,0,0,0,0,0,0,0,0,0,0,0,0,0,0,0,0,0,0,0,0,0,0,0,0,38,14,7,45,65476,0,300,0,0,8,21553,0.0,-107605600.0,0.0,0.0,0.0,0.0,0.0,0.0,0.0,0.0,0.0,0.0,0.0,0.0,0.0,0.0,0.0,0.0,0.0,0.0,0.0,0.0,0.0,2.004,-0.0,0.0,0.0,0.0,0.0,0.0,5016.0,-564145833377792.0,0.0,0.0,0.0,-107615280.0,2.718429300292151e+23,0.0,0.0,0.0,0.0,53,-0.0,-71.629,0.0,0.0,0.0,0.0,0.0,0.0,0.0,0,0,0,0.0,0.0,0.0,0.0,0.0,0.0,0.0,0.0,0.0,0.0,0.0,0.0,0.0,0.0,0.0,0.0,0,-107875648.0,53,0.0,106,-107614832.0,0.0,ERR,ERR,ERR,ERR,ERR,ERR,ERR,ERR,ERR,ERR,ERR,ERR,ERR,ERR,ERR,ERR,ERR,ERR,ERR,ERR,ERR,ERR,ERR,ERR,ERR,ERR,ERR,ERR,ERR,ERR,ERR,ERR,ERR,ERR,ERR,ERR,ERR,ERR,ERR,ERR,ERR,ERR,ERR,ERR,ERR,ERR,ERR,ERR,ERR,ERR,ERR,ERR,ERR,ERR,ERR,ERR,ERR,ERR,ERR,ERR,ERR,ERR,ERR,ERR,ERR,ERR,ERR,50.0,60.0,100,0.0,0.0,0.0,0.0,0.0,0.0,0.0,0.0,0.0,0.0,0.0,0.0,0.0,0.0,0.0,0.0,62.0,73,14,65512,50,65476,0,300,0,0,8,20529,65476,0,0,26214,60.0,0.0,0.0,0.0,0.0,0.0
2026-05-17T18:30:39,ERR,ERR,ERR,ERR,ERR,ERR,ERR,ERR,ERR,ERR,ERR,ERR,ERR,ERR,ERR,ERR,ERR,ERR,ERR,ERR,ERR,ERR,ERR,ERR,ERR,ERR,ERR,ERR,ERR,ERR,ERR,ERR,ERR,ERR,ERR,ERR,ERR,ERR,ERR,ERR,ERR,ERR,ERR,ERR,ERR,ERR,ERR,ERR,ERR,ERR,ERR,ERR,ERR,ERR,ERR,ERR,ERR,ERR,ERR,ERR,ERR,ERR,ERR,ERR,ERR,ERR,ERR,ERR,ERR,ERR,ERR,ERR,ERR,ERR,ERR,ERR,ERR,ERR,ERR,ERR,ERR,ERR,ERR,ERR,ERR,ERR,ERR,ERR,ERR,ERR,ERR,ERR,ERR,ERR,ERR,ERR,ERR,ERR,ERR,ERR,ERR,ERR,ERR,ERR,ERR,ERR,ERR,ERR,ERR,ERR,ERR,ERR,ERR,ERR,ERR,ERR,ERR,ERR,ERR,ERR,ERR,ERR,ERR,ERR,ERR,0.0,0.0,0.0,0.0,0.0,1.3936040501711995e+18,7.805,0.0,0,0,4,0,8422,0.0,45,0.0,0.0,0.0,0.0,0.0,0,0,0,0,0.0,0,0,0,0,0,0,0,0,0,0,0,0,0,0,0,0,0,0,0,0,0,0,0,0,0,0,0,0,0,0,0,0,0,38,14,7,45,65476,0,300,0,0,8,21553,0.0,-107605600.0,0.0,0.0,0.0,0.0,0.0,0.0,0.0,0.0,0.0,0.0,0.0,0.0,-2.596148429267414e+33,0.0,0.0,0.0,0.0,0.0,0.0,0.0,0.0,2.004,-0.0,0.0,0.0,0.0,0.0,0.0,5022.0,-3.697186133624698e+19,0.0,0.0,0.0,-107615280.0,2.718429300292151e+23,0.0,0.0,0.0,0.0,53,-0.0,-71.629,0.0,0.0,0.0,0.0,0.0,0.0,0.0,0,0,0,0.0,0.0,0.0,0.0,0.0,0.0,0.0,0.0,0.0,0.0,0.0,0.0,0.0,0.0,0.0,0.0,0,-107875648.0,53,0.0,106,-107614832.0,0.0,ERR,ERR,ERR,ERR,ERR,ERR,ERR,ERR,ERR,ERR,ERR,ERR,ERR,ERR,ERR,ERR,ERR,ERR,ERR,ERR,ERR,ERR,ERR,ERR,ERR,ERR,ERR,ERR,ERR,ERR,ERR,ERR,ERR,ERR,ERR,ERR,ERR,ERR,ERR,ERR,ERR,ERR,ERR,ERR,ERR,ERR,ERR,ERR,ERR,ERR,ERR,ERR,ERR,ERR,ERR,ERR,ERR,ERR,ERR,ERR,ERR,ERR,ERR,ERR,ERR,ERR,ERR,50.0,60.0,100,0.0,0.0,0.0,0.0,0.0,0.0,0.0,0.0,0.0,0.0,0.0,0.0,0.0,0.0,0.0,0.0,62.0,73,14,65512,50,65476,0,300,0,0,8,20529,65476,0,0,26214,60.0,0.0,0.0,0.0,0.0,0.0
2026-05-17T18:30:40,ERR,ERR,ERR,ERR,ERR,ERR,ERR,ERR,ERR,ERR,ERR,ERR,ERR,ERR,ERR,ERR,ERR,ERR,ERR,ERR,ERR,ERR,ERR,ERR,ERR,ERR,ERR,ERR,ERR,ERR,ERR,ERR,ERR,ERR,ERR,ERR,ERR,ERR,ERR,ERR,ERR,ERR,ERR,ERR,ERR,ERR,ERR,ERR,ERR,ERR,ERR,ERR,ERR,ERR,ERR,ERR,ERR,ERR,ERR,ERR,ERR,ERR,ERR,ERR,ERR,ERR,ERR,ERR,ERR,ERR,ERR,ERR,ERR,ERR,ERR,ERR,ERR,ERR,ERR,ERR,ERR,ERR,ERR,ERR,ERR,ERR,ERR,ERR,ERR,ERR,ERR,ERR,ERR,ERR,ERR,ERR,ERR,ERR,ERR,ERR,ERR,ERR,ERR,ERR,ERR,ERR,ERR,ERR,ERR,ERR,ERR,ERR,ERR,ERR,ERR,ERR,ERR,ERR,ERR,ERR,ERR,ERR,ERR,ERR,ERR,0.0,0.0,0.0,0.0,0.0,1.3936040501711995e+18,7.805,0.0,0,0,4,0,8422,0.0,45,0.0,0.0,0.0,0.0,0.0,0,0,0,0,0.0,0,0,0,0,0,0,0,0,0,0,0,0,0,0,0,0,0,0,0,0,0,0,0,0,0,0,0,0,0,0,0,0,0,38,14,7,45,65476,0,300,0,0,8,21553,0.0,-107605600.0,0.0,0.0,0.0,0.0,0.0,0.0,0.0,0.0,0.0,0.0,0.0,0.0,-2.596148429267414e+33,0.0,0.0,0.0,0.0,0.0,0.0,0.0,0.0,2.004,-0.0,0.0,0.0,0.0,0.0,0.0,5022.0,-3.697186133624698e+19,0.0,0.0,0.0,-107615280.0,2.718429300292151e+23,0.0,0.0,0.0,0.0,53,-0.0,-71.629,0.0,0.0,0.0,0.0,0.0,0.0,0.0,0,0,0,0.0,0.0,0.0,0.0,0.0,0.0,0.0,0.0,0.0,0.0,0.0,0.0,0.0,0.0,0.0,0.0,0,-107875648.0,53,0.0,106,-107614832.0,0.0,ERR,ERR,ERR,ERR,ERR,ERR,ERR,ERR,ERR,ERR,ERR,ERR,ERR,ERR,ERR,ERR,ERR,ERR,ERR,ERR,ERR,ERR,ERR,ERR,ERR,ERR,ERR,ERR,ERR,ERR,ERR,ERR,ERR,ERR,ERR,ERR,ERR,ERR,ERR,ERR,ERR,ERR,ERR,ERR,ERR,ERR,ERR,ERR,ERR,ERR,ERR,ERR,ERR,ERR,ERR,ERR,ERR,ERR,ERR,ERR,ERR,ERR,ERR,ERR,ERR,ERR,ERR,50.0,60.0,100,0.0,0.0,0.0,0.0,0.0,0.0,0.0,0.0,0.0,0.0,0.0,0.0,0.0,0.0,0.0,0.0,61.6,73,14,65512,50,65476,0,300,0,0,8,20529,65476,0,0,26214,60.0,0.0,0.0,0.0,0.0,0.0
2026-05-17T18:30:41,ERR,ERR,ERR,ERR,ERR,ERR,ERR,ERR,ERR,ERR,ERR,ERR,ERR,ERR,ERR,ERR,ERR,ERR,ERR,ERR,ERR,ERR,ERR,ERR,ERR,ERR,ERR,ERR,ERR,ERR,ERR,ERR,ERR,ERR,ERR,ERR,ERR,ERR,ERR,ERR,ERR,ERR,ERR,ERR,ERR,ERR,ERR,ERR,ERR,ERR,ERR,ERR,ERR,ERR,ERR,ERR,ERR,ERR,ERR,ERR,ERR,ERR,ERR,ERR,ERR,ERR,ERR,ERR,ERR,ERR,ERR,ERR,ERR,ERR,ERR,ERR,ERR,ERR,ERR,ERR,ERR,ERR,ERR,ERR,ERR,ERR,ERR,ERR,ERR,ERR,ERR,ERR,ERR,ERR,ERR,ERR,ERR,ERR,ERR,ERR,ERR,ERR,ERR,ERR,ERR,ERR,ERR,ERR,ERR,ERR,ERR,ERR,ERR,ERR,ERR,ERR,ERR,ERR,ERR,ERR,ERR,ERR,ERR,ERR,ERR,0.0,0.0,0.0,0.0,0.0,1.3936040501711995e+18,7.805,0.0,0,0,4,0,8422,0.0,45,0.0,0.0,0.0,0.0,0.0,0,0,0,0,0.0,0,0,0,0,0,0,0,0,0,0,0,0,0,0,0,0,0,0,0,0,0,0,0,0,0,0,0,0,0,0,0,0,0,38,14,7,45,65476,0,300,0,0,8,21553,0.0,-107605600.0,0.0,0.0,0.0,0.0,0.0,0.0,0.0,0.0,0.0,0.0,0.0,0.0,-2.596148429267414e+33,0.0,0.0,0.0,0.0,0.0,0.0,0.0,0.0,2.004,-0.0,0.0,0.0,0.0,0.0,0.0,5022.0,-3.697186133624698e+19,0.0,0.0,0.0,-107615280.0,2.718429300292151e+23,0.0,0.0,0.0,0.0,53,-0.0,-71.629,0.0,0.0,0.0,0.0,0.0,0.0,0.0,0,0,0,0.0,0.0,0.0,0.0,0.0,0.0,0.0,0.0,0.0,0.0,0.0,0.0,0.0,0.0,0.0,0.0,0,-107875648.0,53,0.0,106,-107614832.0,0.0,ERR,ERR,ERR,ERR,ERR,ERR,ERR,ERR,ERR,ERR,ERR,ERR,ERR,ERR,ERR,ERR,ERR,ERR,ERR,ERR,ERR,ERR,ERR,ERR,ERR,ERR,ERR,ERR,ERR,ERR,ERR,ERR,ERR,ERR,ERR,ERR,ERR,ERR,ERR,ERR,ERR,ERR,ERR,ERR,ERR,ERR,ERR,ERR,ERR,ERR,ERR,ERR,ERR,ERR,ERR,ERR,ERR,ERR,ERR,ERR,ERR,ERR,ERR,ERR,ERR,ERR,ERR,50.0,60.0,100,0.0,0.0,0.0,0.0,0.0,0.0,0.0,0.0,0.0,0.0,0.0,0.0,0.0,0.0,0.0,0.0,61.6,73,14,65512,50,65476,0,300,0,0,8,20529,65476,0,0,26214,60.0,0.0,0.0,0.0,0.0,0.0
2026-05-17T18:30:42,ERR,ERR,ERR,ERR,ERR,ERR,ERR,ERR,ERR,ERR,ERR,ERR,ERR,ERR,ERR,ERR,ERR,ERR,ERR,ERR,ERR,ERR,ERR,ERR,ERR,ERR,ERR,ERR,ERR,ERR,ERR,ERR,ERR,ERR,ERR,ERR,ERR,ERR,ERR,ERR,ERR,ERR,ERR,ERR,ERR,ERR,ERR,ERR,ERR,ERR,ERR,ERR,ERR,ERR,ERR,ERR,ERR,ERR,ERR,ERR,ERR,ERR,ERR,ERR,ERR,ERR,ERR,ERR,ERR,ERR,ERR,ERR,ERR,ERR,ERR,ERR,ERR,ERR,ERR,ERR,ERR,ERR,ERR,ERR,ERR,ERR,ERR,ERR,ERR,ERR,ERR,ERR,ERR,ERR,ERR,ERR,ERR,ERR,ERR,ERR,ERR,ERR,ERR,ERR,ERR,ERR,ERR,ERR,ERR,ERR,ERR,ERR,ERR,ERR,ERR,ERR,ERR,ERR,ERR,ERR,ERR,ERR,ERR,ERR,ERR,0.0,0.0,0.0,0.0,0.0,1.3936040501711995e+18,7.805,0.0,0,0,4,0,8422,0.0,45,0.0,0.0,0.0,0.0,0.0,0,0,0,0,0.0,0,0,0,0,0,0,0,0,0,0,0,0,0,0,0,0,0,0,0,0,0,0,0,0,0,0,0,0,0,0,0,0,0,38,14,7,45,65476,0,300,0,0,8,21553,0.0,-107605600.0,0.0,0.0,0.0,0.0,0.0,0.0,0.0,0.0,0.0,0.0,0.0,0.0,-2.596148429267414e+33,0.0,0.0,0.0,0.0,0.0,0.0,0.0,0.0,2.004,-0.0,0.0,0.0,0.0,0.0,0.0,5022.0,-3.697186133624698e+19,0.0,0.0,0.0,-107615280.0,2.718429300292151e+23,0.0,0.0,0.0,0.0,53,-0.0,-71.629,0.0,0.0,0.0,0.0,0.0,0.0,0.0,0,0,0,0.0,0.0,0.0,0.0,0.0,0.0,0.0,0.0,0.0,0.0,0.0,0.0,0.0,0.0,0.0,0.0,0,-107875648.0,53,0.0,106,-107614832.0,0.0,ERR,ERR,ERR,ERR,ERR,ERR,ERR,ERR,ERR,ERR,ERR,ERR,ERR,ERR,ERR,ERR,ERR,ERR,ERR,ERR,ERR,ERR,ERR,ERR,ERR,ERR,ERR,ERR,ERR,ERR,ERR,ERR,ERR,ERR,ERR,ERR,ERR,ERR,ERR,ERR,ERR,ERR,ERR,ERR,ERR,ERR,ERR,ERR,ERR,ERR,ERR,ERR,ERR,ERR,ERR,ERR,ERR,ERR,ERR,ERR,ERR,ERR,ERR,ERR,ERR,ERR,ERR,50.0,60.0,100,0.0,0.0,0.0,0.0,0.0,0.0,0.0,0.0,0.0,0.0,0.0,0.0,0.0,0.0,0.0,0.0,62.0,73,14,65512,50,65476,0,300,0,0,8,20529,65476,0,0,26214,60.0,0.0,0.0,0.0,0.0,0.0
2026-05-17T18:30:43,ERR,ERR,ERR,ERR,ERR,ERR,ERR,ERR,ERR,ERR,ERR,ERR,ERR,ERR,ERR,ERR,ERR,ERR,ERR,ERR,ERR,ERR,ERR,ERR,ERR,ERR,ERR,ERR,ERR,ERR,ERR,ERR,ERR,ERR,ERR,ERR,ERR,ERR,ERR,ERR,ERR,ERR,ERR,ERR,ERR,ERR,ERR,ERR,ERR,ERR,ERR,ERR,ERR,ERR,ERR,ERR,ERR,ERR,ERR,ERR,ERR,ERR,ERR,ERR,ERR,ERR,ERR,ERR,ERR,ERR,ERR,ERR,ERR,ERR,ERR,ERR,ERR,ERR,ERR,ERR,ERR,ERR,ERR,ERR,ERR,ERR,ERR,ERR,ERR,ERR,ERR,ERR,ERR,ERR,ERR,ERR,ERR,ERR,ERR,ERR,ERR,ERR,ERR,ERR,ERR,ERR,ERR,ERR,ERR,ERR,ERR,ERR,ERR,ERR,ERR,ERR,ERR,ERR,ERR,ERR,ERR,ERR,ERR,ERR,ERR,0.0,0.0,0.0,0.0,0.0,1.3936040501711995e+18,7.805,0.0,0,0,4,0,8422,0.0,45,0.0,0.0,0.0,0.0,0.0,0,0,0,0,0.0,0,0,0,0,0,0,0,0,0,0,0,0,0,0,0,0,0,0,0,0,0,0,0,0,0,0,0,0,0,0,0,0,0,38,14,7,45,65476,0,300,0,0,8,21553,0.0,-107605600.0,0.0,0.0,0.0,0.0,0.0,0.0,0.0,0.0,0.0,0.0,0.0,0.0,-2.596148429267414e+33,0.0,0.0,0.0,0.0,0.0,0.0,0.0,0.0,2.004,-0.0,0.0,0.0,0.0,0.0,0.0,5022.0,-3.697186133624698e+19,0.0,0.0,0.0,-107615280.0,2.718429300292151e+23,0.0,0.0,0.0,0.0,53,-0.0,-71.629,0.0,0.0,0.0,0.0,0.0,0.0,0.0,0,0,0,0.0,0.0,0.0,0.0,0.0,0.0,0.0,0.0,0.0,0.0,0.0,0.0,0.0,0.0,0.0,0.0,0,-107875648.0,53,0.0,106,-107614832.0,0.0,ERR,ERR,ERR,ERR,ERR,ERR,ERR,ERR,ERR,ERR,ERR,ERR,ERR,ERR,ERR,ERR,ERR,ERR,ERR,ERR,ERR,ERR,ERR,ERR,ERR,ERR,ERR,ERR,ERR,ERR,ERR,ERR,ERR,ERR,ERR,ERR,ERR,ERR,ERR,ERR,ERR,ERR,ERR,ERR,ERR,ERR,ERR,ERR,ERR,ERR,ERR,ERR,ERR,ERR,ERR,ERR,ERR,ERR,ERR,ERR,ERR,ERR,ERR,ERR,ERR,ERR,ERR,50.0,60.0,100,0.0,0.0,0.0,0.0,0.0,0.0,0.0,0.0,0.0,0.0,0.0,0.0,0.0,0.0,0.0,0.0,62.0,73,14,65512,50,65476,0,300,0,0,8,20529,65476,0,0,26214,60.0,0.0,0.0,0.0,0.0,0.0
2026-05-17T18:30:44,ERR,ERR,ERR,ERR,ERR,ERR,ERR,ERR,ERR,ERR,ERR,ERR,ERR,ERR,ERR,ERR,ERR,ERR,ERR,ERR,ERR,ERR,ERR,ERR,ERR,ERR,ERR,ERR,ERR,ERR,ERR,ERR,ERR,ERR,ERR,ERR,ERR,ERR,ERR,ERR,ERR,ERR,ERR,ERR,ERR,ERR,ERR,ERR,ERR,ERR,ERR,ERR,ERR,ERR,ERR,ERR,ERR,ERR,ERR,ERR,ERR,ERR,ERR,ERR,ERR,ERR,ERR,ERR,ERR,ERR,ERR,ERR,ERR,ERR,ERR,ERR,ERR,ERR,ERR,ERR,ERR,ERR,ERR,ERR,ERR,ERR,ERR,ERR,ERR,ERR,ERR,ERR,ERR,ERR,ERR,ERR,ERR,ERR,ERR,ERR,ERR,ERR,ERR,ERR,ERR,ERR,ERR,ERR,ERR,ERR,ERR,ERR,ERR,ERR,ERR,ERR,ERR,ERR,ERR,ERR,ERR,ERR,ERR,ERR,ERR,0.0,0.0,0.0,0.0,0.0,1.3936040501711995e+18,7.805,0.0,0,0,4,0,8422,0.0,45,0.0,0.0,0.0,0.0,0.0,0,0,0,0,0.0,0,0,0,0,0,0,0,0,0,0,0,0,0,0,0,0,0,0,0,0,0,0,0,0,0,0,0,0,0,0,0,0,0,38,14,7,45,65476,0,300,0,0,8,21553,0.0,-107605600.0,0.0,0.0,0.0,0.0,0.0,0.0,0.0,0.0,0.0,0.0,0.0,0.0,0.0,0.0,0.0,0.0,0.0,0.0,0.0,0.0,0.0,2.004,-0.0,0.0,0.0,0.0,0.0,0.0,5021.0,-564145833377792.0,0.0,0.0,0.0,-107615280.0,2.718429300292151e+23,0.0,0.0,0.0,0.0,53,-0.0,-3.222002767243768e+26,0.0,0.0,0.0,0.0,0.0,0.0,0.0,0,0,0,0.0,0.0,0.0,0.0,0.0,0.0,0.0,0.0,0.0,0.0,0.0,0.0,0.0,0.0,0.0,0.0,0,-107875648.0,53,0.0,106,-107614832.0,0.0,ERR,ERR,ERR,ERR,ERR,ERR,ERR,ERR,ERR,ERR,ERR,ERR,ERR,ERR,ERR,ERR,ERR,ERR,ERR,ERR,ERR,ERR,ERR,ERR,ERR,ERR,ERR,ERR,ERR,ERR,ERR,ERR,ERR,ERR,ERR,ERR,ERR,ERR,ERR,ERR,ERR,ERR,ERR,ERR,ERR,ERR,ERR,ERR,ERR,ERR,ERR,ERR,ERR,ERR,ERR,ERR,ERR,ERR,ERR,ERR,ERR,ERR,ERR,ERR,ERR,ERR,ERR,50.0,60.0,100,0.0,0.0,0.0,0.0,0.0,0.0,0.0,0.0,0.0,0.0,0.0,0.0,0.0,0.0,0.0,0.0,61.6,73,14,65512,50,65476,0,300,0,0,8,20529,65476,0,0,26214,60.0,0.0,0.0,0.0,0.0,0.0
2026-05-17T18:30:45,ERR,ERR,ERR,ERR,ERR,ERR,ERR,ERR,ERR,ERR,ERR,ERR,ERR,ERR,ERR,ERR,ERR,ERR,ERR,ERR,ERR,ERR,ERR,ERR,ERR,ERR,ERR,ERR,ERR,ERR,ERR,ERR,ERR,ERR,ERR,ERR,ERR,ERR,ERR,ERR,ERR,ERR,ERR,ERR,ERR,ERR,ERR,ERR,ERR,ERR,ERR,ERR,ERR,ERR,ERR,ERR,ERR,ERR,ERR,ERR,ERR,ERR,ERR,ERR,ERR,ERR,ERR,ERR,ERR,ERR,ERR,ERR,ERR,ERR,ERR,ERR,ERR,ERR,ERR,ERR,ERR,ERR,ERR,ERR,ERR,ERR,ERR,ERR,ERR,ERR,ERR,ERR,ERR,ERR,ERR,ERR,ERR,ERR,ERR,ERR,ERR,ERR,ERR,ERR,ERR,ERR,ERR,ERR,ERR,ERR,ERR,ERR,ERR,ERR,ERR,ERR,ERR,ERR,ERR,ERR,ERR,ERR,ERR,ERR,ERR,0.0,0.0,0.0,0.0,0.0,1.3936040501711995e+18,7.805,0.0,0,0,4,0,8422,0.0,45,0.0,0.0,0.0,0.0,0.0,0,0,0,0,0.0,0,0,0,0,0,0,0,0,0,0,0,0,0,0,0,0,0,0,0,0,0,0,0,0,0,0,0,0,0,0,0,0,0,38,14,7,45,65476,0,300,0,0,8,21553,0.0,-107605600.0,0.0,0.0,0.0,0.0,0.0,0.0,0.0,0.0,0.0,0.0,0.0,0.0,0.0,0.0,0.0,0.0,0.0,0.0,0.0,0.0,0.0,2.004,-0.0,0.0,0.0,0.0,0.0,0.0,5021.0,-564145833377792.0,0.0,0.0,0.0,-107615280.0,2.718429300292151e+23,0.0,0.0,0.0,0.0,53,-0.0,-3.222002767243768e+26,0.0,0.0,0.0,0.0,0.0,0.0,0.0,0,0,0,0.0,0.0,0.0,0.0,0.0,0.0,0.0,0.0,0.0,0.0,0.0,0.0,0.0,0.0,0.0,0.0,0,-107875648.0,53,0.0,106,-107614832.0,0.0,ERR,ERR,ERR,ERR,ERR,ERR,ERR,ERR,ERR,ERR,ERR,ERR,ERR,ERR,ERR,ERR,ERR,ERR,ERR,ERR,ERR,ERR,ERR,ERR,ERR,ERR,ERR,ERR,ERR,ERR,ERR,ERR,ERR,ERR,ERR,ERR,ERR,ERR,ERR,ERR,ERR,ERR,ERR,ERR,ERR,ERR,ERR,ERR,ERR,ERR,ERR,ERR,ERR,ERR,ERR,ERR,ERR,ERR,ERR,ERR,ERR,ERR,ERR,ERR,ERR,ERR,ERR,50.0,60.0,100,0.0,0.0,0.0,0.0,0.0,0.0,0.0,0.0,0.0,0.0,0.0,0.0,0.0,0.0,0.0,0.0,61.6,73,14,65512,50,65476,0,300,0,0,8,20529,65476,0,0,26214,60.0,0.0,0.0,0.0,0.0,0.0
2026-05-17T18:30:46,ERR,ERR,ERR,ERR,ERR,ERR,ERR,ERR,ERR,ERR,ERR,ERR,ERR,ERR,ERR,ERR,ERR,ERR,ERR,ERR,ERR,ERR,ERR,ERR,ERR,ERR,ERR,ERR,ERR,ERR,ERR,ERR,ERR,ERR,ERR,ERR,ERR,ERR,ERR,ERR,ERR,ERR,ERR,ERR,ERR,ERR,ERR,ERR,ERR,ERR,ERR,ERR,ERR,ERR,ERR,ERR,ERR,ERR,ERR,ERR,ERR,ERR,ERR,ERR,ERR,ERR,ERR,ERR,ERR,ERR,ERR,ERR,ERR,ERR,ERR,ERR,ERR,ERR,ERR,ERR,ERR,ERR,ERR,ERR,ERR,ERR,ERR,ERR,ERR,ERR,ERR,ERR,ERR,ERR,ERR,ERR,ERR,ERR,ERR,ERR,ERR,ERR,ERR,ERR,ERR,ERR,ERR,ERR,ERR,ERR,ERR,ERR,ERR,ERR,ERR,ERR,ERR,ERR,ERR,ERR,ERR,ERR,ERR,ERR,ERR,0.0,0.0,0.0,0.0,0.0,1.3936040501711995e+18,7.805,0.0,0,0,4,0,8422,0.0,45,0.0,0.0,0.0,0.0,0.0,0,0,0,0,0.0,0,0,0,0,0,0,0,0,0,0,0,0,0,0,0,0,0,0,0,0,0,0,0,0,0,0,0,0,0,0,0,0,0,38,14,7,45,65476,0,300,0,0,8,21553,0.0,-107605600.0,0.0,0.0,0.0,0.0,0.0,0.0,0.0,0.0,0.0,0.0,0.0,0.0,0.0,0.0,0.0,0.0,0.0,0.0,0.0,0.0,0.0,2.004,-0.0,0.0,0.0,0.0,0.0,0.0,5021.0,-564145833377792.0,0.0,0.0,0.0,-107615280.0,2.718429300292151e+23,0.0,0.0,0.0,0.0,53,-0.0,-3.222002767243768e+26,0.0,0.0,0.0,0.0,0.0,0.0,0.0,0,0,0,0.0,0.0,0.0,0.0,0.0,0.0,0.0,0.0,0.0,0.0,0.0,0.0,0.0,0.0,0.0,0.0,0,-107875648.0,53,0.0,106,-107614832.0,0.0,ERR,ERR,ERR,ERR,ERR,ERR,ERR,ERR,ERR,ERR,ERR,ERR,ERR,ERR,ERR,ERR,ERR,ERR,ERR,ERR,ERR,ERR,ERR,ERR,ERR,ERR,ERR,ERR,ERR,ERR,ERR,ERR,ERR,ERR,ERR,ERR,ERR,ERR,ERR,ERR,ERR,ERR,ERR,ERR,ERR,ERR,ERR,ERR,ERR,ERR,ERR,ERR,ERR,ERR,ERR,ERR,ERR,ERR,ERR,ERR,ERR,ERR,ERR,ERR,ERR,ERR,ERR,50.0,60.0,100,0.0,0.0,0.0,0.0,0.0,0.0,0.0,0.0,0.0,0.0,0.0,0.0,0.0,0.0,0.0,0.0,61.6,73,14,65512,50,65476,0,300,0,0,8,20529,65476,0,0,26214,60.0,0.0,0.0,0.0,0.0,0.0
2026-05-17T18:30:47,ERR,ERR,ERR,ERR,ERR,ERR,ERR,ERR,ERR,ERR,ERR,ERR,ERR,ERR,ERR,ERR,ERR,ERR,ERR,ERR,ERR,ERR,ERR,ERR,ERR,ERR,ERR,ERR,ERR,ERR,ERR,ERR,ERR,ERR,ERR,ERR,ERR,ERR,ERR,ERR,ERR,ERR,ERR,ERR,ERR,ERR,ERR,ERR,ERR,ERR,ERR,ERR,ERR,ERR,ERR,ERR,ERR,ERR,ERR,ERR,ERR,ERR,ERR,ERR,ERR,ERR,ERR,ERR,ERR,ERR,ERR,ERR,ERR,ERR,ERR,ERR,ERR,ERR,ERR,ERR,ERR,ERR,ERR,ERR,ERR,ERR,ERR,ERR,ERR,ERR,ERR,ERR,ERR,ERR,ERR,ERR,ERR,ERR,ERR,ERR,ERR,ERR,ERR,ERR,ERR,ERR,ERR,ERR,ERR,ERR,ERR,ERR,ERR,ERR,ERR,ERR,ERR,ERR,ERR,ERR,ERR,ERR,ERR,ERR,ERR,0.0,0.0,0.0,0.0,0.0,1.3936040501711995e+18,7.805,0.0,0,0,4,0,8422,0.0,45,0.0,0.0,0.0,0.0,0.0,0,0,0,0,0.0,0,0,0,0,0,0,0,0,0,0,0,0,0,0,0,0,0,0,0,0,0,0,0,0,0,0,0,0,0,0,0,0,0,38,14,7,45,65476,0,300,0,0,8,21553,0.0,-107605600.0,0.0,0.0,0.0,0.0,0.0,0.0,0.0,0.0,0.0,0.0,0.0,0.0,0.0,0.0,0.0,0.0,0.0,0.0,0.0,0.0,0.0,2.004,-0.0,0.0,0.0,0.0,0.0,0.0,5021.0,-564145833377792.0,0.0,0.0,0.0,-107615280.0,2.718429300292151e+23,0.0,0.0,0.0,0.0,53,-0.0,-3.222002767243768e+26,0.0,0.0,0.0,0.0,0.0,0.0,0.0,0,0,0,0.0,0.0,0.0,0.0,0.0,0.0,0.0,0.0,0.0,0.0,0.0,0.0,0.0,0.0,0.0,0.0,0,-107875648.0,53,0.0,106,-107614832.0,0.0,ERR,ERR,ERR,ERR,ERR,ERR,ERR,ERR,ERR,ERR,ERR,ERR,ERR,ERR,ERR,ERR,ERR,ERR,ERR,ERR,ERR,ERR,ERR,ERR,ERR,ERR,ERR,ERR,ERR,ERR,ERR,ERR,ERR,ERR,ERR,ERR,ERR,ERR,ERR,ERR,ERR,ERR,ERR,ERR,ERR,ERR,ERR,ERR,ERR,ERR,ERR,ERR,ERR,ERR,ERR,ERR,ERR,ERR,ERR,ERR,ERR,ERR,ERR,ERR,ERR,ERR,ERR,50.0,60.0,100,0.0,0.0,0.0,0.0,0.0,0.0,0.0,0.0,0.0,0.0,0.0,0.0,0.0,0.0,0.0,0.0,61.6,73,14,65512,50,65476,0,300,0,0,8,20529,65476,0,0,26214,60.0,0.0,0.0,0.0,0.0,0.0
2026-05-17T18:30:48,ERR,ERR,ERR,ERR,ERR,ERR,ERR,ERR,ERR,ERR,ERR,ERR,ERR,ERR,ERR,ERR,ERR,ERR,ERR,ERR,ERR,ERR,ERR,ERR,ERR,ERR,ERR,ERR,ERR,ERR,ERR,ERR,ERR,ERR,ERR,ERR,ERR,ERR,ERR,ERR,ERR,ERR,ERR,ERR,ERR,ERR,ERR,ERR,ERR,ERR,ERR,ERR,ERR,ERR,ERR,ERR,ERR,ERR,ERR,ERR,ERR,ERR,ERR,ERR,ERR,ERR,ERR,ERR,ERR,ERR,ERR,ERR,ERR,ERR,ERR,ERR,ERR,ERR,ERR,ERR,ERR,ERR,ERR,ERR,ERR,ERR,ERR,ERR,ERR,ERR,ERR,ERR,ERR,ERR,ERR,ERR,ERR,ERR,ERR,ERR,ERR,ERR,ERR,ERR,ERR,ERR,ERR,ERR,ERR,ERR,ERR,ERR,ERR,ERR,ERR,ERR,ERR,ERR,ERR,ERR,ERR,ERR,ERR,ERR,ERR,0.0,0.0,0.0,0.0,0.0,1.3936040501711995e+18,7.805,0.0,0,0,4,0,8422,0.0,45,0.0,0.0,0.0,0.0,0.0,0,0,0,0,0.0,0,0,0,0,0,0,0,0,0,0,0,0,0,0,0,0,0,0,0,0,0,0,0,0,0,0,0,0,0,0,0,0,0,38,14,7,45,65476,0,300,0,0,8,21553,0.0,-107605600.0,0.0,0.0,0.0,0.0,0.0,0.0,0.0,0.0,0.0,0.0,0.0,0.0,0.0,0.0,0.0,0.0,0.0,0.0,0.0,0.0,0.0,2.004,-0.0,0.0,0.0,0.0,0.0,0.0,5021.0,-564145833377792.0,0.0,0.0,0.0,-107615280.0,2.718429300292151e+23,0.0,0.0,0.0,0.0,53,-0.0,-3.222002767243768e+26,0.0,0.0,0.0,0.0,0.0,0.0,0.0,0,0,0,0.0,0.0,0.0,0.0,0.0,0.0,0.0,0.0,0.0,0.0,0.0,0.0,0.0,0.0,0.0,0.0,0,-107875648.0,53,0.0,106,-107614832.0,0.0,ERR,ERR,ERR,ERR,ERR,ERR,ERR,ERR,ERR,ERR,ERR,ERR,ERR,ERR,ERR,ERR,ERR,ERR,ERR,ERR,ERR,ERR,ERR,ERR,ERR,ERR,ERR,ERR,ERR,ERR,ERR,ERR,ERR,ERR,ERR,ERR,ERR,ERR,ERR,ERR,ERR,ERR,ERR,ERR,ERR,ERR,ERR,ERR,ERR,ERR,ERR,ERR,ERR,ERR,ERR,ERR,ERR,ERR,ERR,ERR,ERR,ERR,ERR,ERR,ERR,ERR,ERR,50.0,60.0,100,0.0,0.0,0.0,0.0,0.0,0.0,0.0,0.0,0.0,0.0,0.0,0.0,0.0,0.0,0.0,0.0,61.6,73,14,65512,50,65476,0,300,0,0,8,20529,65476,0,0,26214,60.0,0.0,0.0,0.0,0.0,0.0
2026-05-17T18:30:49,ERR,ERR,ERR,ERR,ERR,ERR,ERR,ERR,ERR,ERR,ERR,ERR,ERR,ERR,ERR,ERR,ERR,ERR,ERR,ERR,ERR,ERR,ERR,ERR,ERR,ERR,ERR,ERR,ERR,ERR,ERR,ERR,ERR,ERR,ERR,ERR,ERR,ERR,ERR,ERR,ERR,ERR,ERR,ERR,ERR,ERR,ERR,ERR,ERR,ERR,ERR,ERR,ERR,ERR,ERR,ERR,ERR,ERR,ERR,ERR,ERR,ERR,ERR,ERR,ERR,ERR,ERR,ERR,ERR,ERR,ERR,ERR,ERR,ERR,ERR,ERR,ERR,ERR,ERR,ERR,ERR,ERR,ERR,ERR,ERR,ERR,ERR,ERR,ERR,ERR,ERR,ERR,ERR,ERR,ERR,ERR,ERR,ERR,ERR,ERR,ERR,ERR,ERR,ERR,ERR,ERR,ERR,ERR,ERR,ERR,ERR,ERR,ERR,ERR,ERR,ERR,ERR,ERR,ERR,ERR,ERR,ERR,ERR,ERR,ERR,0.0,0.0,0.0,0.0,0.0,1.3936040501711995e+18,7.805,0.0,0,0,4,0,8422,0.0,45,0.0,0.0,0.0,0.0,0.0,0,0,0,0,0.0,0,0,0,0,0,0,0,0,0,0,0,0,0,0,0,0,0,0,0,0,0,0,0,0,0,0,0,0,0,0,0,0,0,38,14,7,45,65476,0,300,0,0,8,21553,0.0,-107605600.0,0.0,0.0,0.0,0.0,0.0,0.0,0.0,0.0,0.0,0.0,0.0,0.0,0.0,0.0,0.0,0.0,0.0,0.0,0.0,0.0,0.0,2.004,-0.0,0.0,0.0,0.0,0.0,0.0,5020.0,-564145833377792.0,0.0,0.0,0.0,-107615280.0,2.718429300292151e+23,0.0,0.0,0.0,0.0,53,-0.0,-0.0,0.0,0.0,0.0,0.0,0.0,0.0,0.0,0,0,0,0.0,0.0,0.0,0.0,0.0,0.0,0.0,0.0,0.0,0.0,0.0,0.0,0.0,0.0,0.0,0.0,0,-107875648.0,53,0.0,106,-107614832.0,0.0,ERR,ERR,ERR,ERR,ERR,ERR,ERR,ERR,ERR,ERR,ERR,ERR,ERR,ERR,ERR,ERR,ERR,ERR,ERR,ERR,ERR,ERR,ERR,ERR,ERR,ERR,ERR,ERR,ERR,ERR,ERR,ERR,ERR,ERR,ERR,ERR,ERR,ERR,ERR,ERR,ERR,ERR,ERR,ERR,ERR,ERR,ERR,ERR,ERR,ERR,ERR,ERR,ERR,ERR,ERR,ERR,ERR,ERR,ERR,ERR,ERR,ERR,ERR,ERR,ERR,ERR,ERR,50.0,60.0,100,0.0,0.0,0.0,0.0,0.0,0.0,0.0,0.0,0.0,0.0,0.0,0.0,0.0,0.0,0.0,0.0,62.0,73,14,65512,50,65476,0,300,0,0,8,20529,65476,0,0,26214,60.0,0.0,0.0,0.0,0.0,0.0
2026-05-17T18:30:50,ERR,ERR,ERR,ERR,ERR,ERR,ERR,ERR,ERR,ERR,ERR,ERR,ERR,ERR,ERR,ERR,ERR,ERR,ERR,ERR,ERR,ERR,ERR,ERR,ERR,ERR,ERR,ERR,ERR,ERR,ERR,ERR,ERR,ERR,ERR,ERR,ERR,ERR,ERR,ERR,ERR,ERR,ERR,ERR,ERR,ERR,ERR,ERR,ERR,ERR,ERR,ERR,ERR,ERR,ERR,ERR,ERR,ERR,ERR,ERR,ERR,ERR,ERR,ERR,ERR,ERR,ERR,ERR,ERR,ERR,ERR,ERR,ERR,ERR,ERR,ERR,ERR,ERR,ERR,ERR,ERR,ERR,ERR,ERR,ERR,ERR,ERR,ERR,ERR,ERR,ERR,ERR,ERR,ERR,ERR,ERR,ERR,ERR,ERR,ERR,ERR,ERR,ERR,ERR,ERR,ERR,ERR,ERR,ERR,ERR,ERR,ERR,ERR,ERR,ERR,ERR,ERR,ERR,ERR,ERR,ERR,ERR,ERR,ERR,ERR,0.0,0.0,0.0,0.0,0.0,1.3936040501711995e+18,7.805,0.0,0,0,4,0,8422,0.0,45,0.0,0.0,0.0,0.0,0.0,0,0,0,0,0.0,0,0,0,0,0,0,0,0,0,0,0,0,0,0,0,0,0,0,0,0,0,0,0,0,0,0,0,0,0,0,0,0,0,38,14,7,45,65476,0,300,0,0,8,21553,0.0,-107605600.0,0.0,0.0,0.0,0.0,0.0,0.0,0.0,0.0,0.0,0.0,0.0,0.0,0.0,0.0,0.0,0.0,0.0,0.0,0.0,0.0,0.0,2.004,-0.0,0.0,0.0,0.0,0.0,0.0,5020.0,-564145833377792.0,0.0,0.0,0.0,-107615280.0,2.718429300292151e+23,0.0,0.0,0.0,0.0,53,-0.0,-0.0,0.0,0.0,0.0,0.0,0.0,0.0,0.0,0,0,0,0.0,0.0,0.0,0.0,0.0,0.0,0.0,0.0,0.0,0.0,0.0,0.0,0.0,0.0,0.0,0.0,0,-107875648.0,53,0.0,106,-107614832.0,0.0,ERR,ERR,ERR,ERR,ERR,ERR,ERR,ERR,ERR,ERR,ERR,ERR,ERR,ERR,ERR,ERR,ERR,ERR,ERR,ERR,ERR,ERR,ERR,ERR,ERR,ERR,ERR,ERR,ERR,ERR,ERR,ERR,ERR,ERR,ERR,ERR,ERR,ERR,ERR,ERR,ERR,ERR,ERR,ERR,ERR,ERR,ERR,ERR,ERR,ERR,ERR,ERR,ERR,ERR,ERR,ERR,ERR,ERR,ERR,ERR,ERR,ERR,ERR,ERR,ERR,ERR,ERR,50.0,60.0,100,0.0,0.0,0.0,0.0,0.0,0.0,0.0,0.0,0.0,0.0,0.0,0.0,0.0,0.0,0.0,0.0,62.0,73,14,65512,50,65476,0,300,0,0,8,20529,65476,0,0,26214,60.0,0.0,0.0,0.0,0.0,0.0
2026-05-17T18:30:51,ERR,ERR,ERR,ERR,ERR,ERR,ERR,ERR,ERR,ERR,ERR,ERR,ERR,ERR,ERR,ERR,ERR,ERR,ERR,ERR,ERR,ERR,ERR,ERR,ERR,ERR,ERR,ERR,ERR,ERR,ERR,ERR,ERR,ERR,ERR,ERR,ERR,ERR,ERR,ERR,ERR,ERR,ERR,ERR,ERR,ERR,ERR,ERR,ERR,ERR,ERR,ERR,ERR,ERR,ERR,ERR,ERR,ERR,ERR,ERR,ERR,ERR,ERR,ERR,ERR,ERR,ERR,ERR,ERR,ERR,ERR,ERR,ERR,ERR,ERR,ERR,ERR,ERR,ERR,ERR,ERR,ERR,ERR,ERR,ERR,ERR,ERR,ERR,ERR,ERR,ERR,ERR,ERR,ERR,ERR,ERR,ERR,ERR,ERR,ERR,ERR,ERR,ERR,ERR,ERR,ERR,ERR,ERR,ERR,ERR,ERR,ERR,ERR,ERR,ERR,ERR,ERR,ERR,ERR,ERR,ERR,ERR,ERR,ERR,ERR,0.0,0.0,0.0,0.0,0.0,1.3936040501711995e+18,7.805,0.0,0,0,4,0,8422,0.0,45,0.0,0.0,0.0,0.0,0.0,0,0,0,0,0.0,0,0,0,0,0,0,0,0,0,0,0,0,0,0,0,0,0,0,0,0,0,0,0,0,0,0,0,0,0,0,0,0,0,38,14,7,45,65476,0,300,0,0,8,21553,0.0,-107605600.0,0.0,0.0,0.0,0.0,0.0,0.0,0.0,0.0,0.0,0.0,0.0,0.0,0.0,0.0,0.0,0.0,0.0,0.0,0.0,0.0,0.0,2.004,-0.0,0.0,0.0,0.0,0.0,0.0,5020.0,-564145833377792.0,0.0,0.0,0.0,-107615280.0,2.718429300292151e+23,0.0,0.0,0.0,0.0,53,-0.0,-0.0,0.0,0.0,0.0,0.0,0.0,0.0,0.0,0,0,0,0.0,0.0,0.0,0.0,0.0,0.0,0.0,0.0,0.0,0.0,0.0,0.0,0.0,0.0,0.0,0.0,0,-107875648.0,53,0.0,106,-107614832.0,0.0,ERR,ERR,ERR,ERR,ERR,ERR,ERR,ERR,ERR,ERR,ERR,ERR,ERR,ERR,ERR,ERR,ERR,ERR,ERR,ERR,ERR,ERR,ERR,ERR,ERR,ERR,ERR,ERR,ERR,ERR,ERR,ERR,ERR,ERR,ERR,ERR,ERR,ERR,ERR,ERR,ERR,ERR,ERR,ERR,ERR,ERR,ERR,ERR,ERR,ERR,ERR,ERR,ERR,ERR,ERR,ERR,ERR,ERR,ERR,ERR,ERR,ERR,ERR,ERR,ERR,ERR,ERR,50.0,60.0,100,0.0,0.0,0.0,0.0,0.0,0.0,0.0,0.0,0.0,0.0,0.0,0.0,0.0,0.0,0.0,0.0,61.6,73,14,65512,50,65476,0,300,0,0,8,20529,65476,0,0,26214,60.0,0.0,0.0,0.0,0.0,0.0
2026-05-17T18:30:52,ERR,ERR,ERR,ERR,ERR,ERR,ERR,ERR,ERR,ERR,ERR,ERR,ERR,ERR,ERR,ERR,ERR,ERR,ERR,ERR,ERR,ERR,ERR,ERR,ERR,ERR,ERR,ERR,ERR,ERR,ERR,ERR,ERR,ERR,ERR,ERR,ERR,ERR,ERR,ERR,ERR,ERR,ERR,ERR,ERR,ERR,ERR,ERR,ERR,ERR,ERR,ERR,ERR,ERR,ERR,ERR,ERR,ERR,ERR,ERR,ERR,ERR,ERR,ERR,ERR,ERR,ERR,ERR,ERR,ERR,ERR,ERR,ERR,ERR,ERR,ERR,ERR,ERR,ERR,ERR,ERR,ERR,ERR,ERR,ERR,ERR,ERR,ERR,ERR,ERR,ERR,ERR,ERR,ERR,ERR,ERR,ERR,ERR,ERR,ERR,ERR,ERR,ERR,ERR,ERR,ERR,ERR,ERR,ERR,ERR,ERR,ERR,ERR,ERR,ERR,ERR,ERR,ERR,ERR,ERR,ERR,ERR,ERR,ERR,ERR,0.0,0.0,0.0,0.0,0.0,1.3936040501711995e+18,7.805,0.0,0,0,4,0,8422,0.0,45,0.0,0.0,0.0,0.0,0.0,0,0,0,0,0.0,0,0,0,0,0,0,0,0,0,0,0,0,0,0,0,0,0,0,0,0,0,0,0,0,0,0,0,0,0,0,0,0,0,38,14,7,45,65476,0,300,0,0,8,21553,0.0,-107605600.0,0.0,0.0,0.0,0.0,0.0,0.0,0.0,0.0,0.0,0.0,0.0,0.0,0.0,0.0,0.0,0.0,0.0,0.0,0.0,0.0,0.0,2.004,-0.0,0.0,0.0,0.0,0.0,0.0,5020.0,-564145833377792.0,0.0,0.0,0.0,-107615280.0,2.718429300292151e+23,0.0,0.0,0.0,0.0,53,-0.0,-0.0,0.0,0.0,0.0,0.0,0.0,0.0,0.0,0,0,0,0.0,0.0,0.0,0.0,0.0,0.0,0.0,0.0,0.0,0.0,0.0,0.0,0.0,0.0,0.0,0.0,0,-107875648.0,53,0.0,106,-107614832.0,0.0,ERR,ERR,ERR,ERR,ERR,ERR,ERR,ERR,ERR,ERR,ERR,ERR,ERR,ERR,ERR,ERR,ERR,ERR,ERR,ERR,ERR,ERR,ERR,ERR,ERR,ERR,ERR,ERR,ERR,ERR,ERR,ERR,ERR,ERR,ERR,ERR,ERR,ERR,ERR,ERR,ERR,ERR,ERR,ERR,ERR,ERR,ERR,ERR,ERR,ERR,ERR,ERR,ERR,ERR,ERR,ERR,ERR,ERR,ERR,ERR,ERR,ERR,ERR,ERR,ERR,ERR,ERR,50.0,60.0,100,0.0,0.0,0.0,0.0,0.0,0.0,0.0,0.0,0.0,0.0,0.0,0.0,0.0,0.0,0.0,0.0,61.6,73,14,65512,50,65476,0,300,0,0,8,20529,65476,0,0,26214,60.0,0.0,0.0,0.0,0.0,0.0
2026-05-17T18:30:53,ERR,ERR,ERR,ERR,ERR,ERR,ERR,ERR,ERR,ERR,ERR,ERR,ERR,ERR,ERR,ERR,ERR,ERR,ERR,ERR,ERR,ERR,ERR,ERR,ERR,ERR,ERR,ERR,ERR,ERR,ERR,ERR,ERR,ERR,ERR,ERR,ERR,ERR,ERR,ERR,ERR,ERR,ERR,ERR,ERR,ERR,ERR,ERR,ERR,ERR,ERR,ERR,ERR,ERR,ERR,ERR,ERR,ERR,ERR,ERR,ERR,ERR,ERR,ERR,ERR,ERR,ERR,ERR,ERR,ERR,ERR,ERR,ERR,ERR,ERR,ERR,ERR,ERR,ERR,ERR,ERR,ERR,ERR,ERR,ERR,ERR,ERR,ERR,ERR,ERR,ERR,ERR,ERR,ERR,ERR,ERR,ERR,ERR,ERR,ERR,ERR,ERR,ERR,ERR,ERR,ERR,ERR,ERR,ERR,ERR,ERR,ERR,ERR,ERR,ERR,ERR,ERR,ERR,ERR,ERR,ERR,ERR,ERR,ERR,ERR,0.0,0.0,0.0,0.0,0.0,1.3936040501711995e+18,7.805,0.0,0,0,4,0,8422,0.0,45,0.0,0.0,0.0,0.0,0.0,0,0,0,0,0.0,0,0,0,0,0,0,0,0,0,0,0,0,0,0,0,0,0,0,0,0,0,0,0,0,0,0,0,0,0,0,0,0,0,38,14,7,45,65476,0,300,0,0,8,21553,0.0,-107605600.0,0.0,0.0,0.0,0.0,0.0,0.0,0.0,0.0,0.0,0.0,0.0,0.0,0.0,0.0,0.0,0.0,0.0,0.0,0.0,0.0,0.0,2.004,-0.0,0.0,0.0,0.0,0.0,0.0,5020.0,-564145833377792.0,0.0,0.0,0.0,-107615280.0,2.718429300292151e+23,0.0,0.0,0.0,0.0,53,-0.0,-0.0,0.0,0.0,0.0,0.0,0.0,0.0,0.0,0,0,0,0.0,0.0,0.0,0.0,0.0,0.0,0.0,0.0,0.0,0.0,0.0,0.0,0.0,0.0,0.0,0.0,0,-107875648.0,53,0.0,106,-107614832.0,0.0,ERR,ERR,ERR,ERR,ERR,ERR,ERR,ERR,ERR,ERR,ERR,ERR,ERR,ERR,ERR,ERR,ERR,ERR,ERR,ERR,ERR,ERR,ERR,ERR,ERR,ERR,ERR,ERR,ERR,ERR,ERR,ERR,ERR,ERR,ERR,ERR,ERR,ERR,ERR,ERR,ERR,ERR,ERR,ERR,ERR,ERR,ERR,ERR,ERR,ERR,ERR,ERR,ERR,ERR,ERR,ERR,ERR,ERR,ERR,ERR,ERR,ERR,ERR,ERR,ERR,ERR,ERR,50.0,60.0,100,0.0,0.0,0.0,0.0,0.0,0.0,0.0,0.0,0.0,0.0,0.0,0.0,0.0,0.0,0.0,0.0,61.6,73,14,65512,50,65476,0,300,0,0,8,20529,65476,0,0,26214,60.0,0.0,0.0,0.0,0.0,0.0
2026-05-17T18:30:54,ERR,ERR,ERR,ERR,ERR,ERR,ERR,ERR,ERR,ERR,ERR,ERR,ERR,ERR,ERR,ERR,ERR,ERR,ERR,ERR,ERR,ERR,ERR,ERR,ERR,ERR,ERR,ERR,ERR,ERR,ERR,ERR,ERR,ERR,ERR,ERR,ERR,ERR,ERR,ERR,ERR,ERR,ERR,ERR,ERR,ERR,ERR,ERR,ERR,ERR,ERR,ERR,ERR,ERR,ERR,ERR,ERR,ERR,ERR,ERR,ERR,ERR,ERR,ERR,ERR,ERR,ERR,ERR,ERR,ERR,ERR,ERR,ERR,ERR,ERR,ERR,ERR,ERR,ERR,ERR,ERR,ERR,ERR,ERR,ERR,ERR,ERR,ERR,ERR,ERR,ERR,ERR,ERR,ERR,ERR,ERR,ERR,ERR,ERR,ERR,ERR,ERR,ERR,ERR,ERR,ERR,ERR,ERR,ERR,ERR,ERR,ERR,ERR,ERR,ERR,ERR,ERR,ERR,ERR,ERR,ERR,ERR,ERR,ERR,ERR,0.0,0.0,0.0,0.0,0.0,1.3936040501711995e+18,7.805,0.0,0,0,4,0,8422,0.0,45,0.0,0.0,0.0,0.0,0.0,0,0,0,0,0.0,0,0,0,0,0,0,0,0,0,0,0,0,0,0,0,0,0,0,0,0,0,0,0,0,0,0,0,0,0,0,0,0,0,38,14,7,45,65476,0,300,0,0,8,21553,0.0,-107605600.0,0.0,0.0,0.0,0.0,0.0,0.0,0.0,0.0,0.0,0.0,0.0,0.0,0.0,0.0,0.0,0.0,0.0,0.0,0.0,0.0,0.0,2.004,-0.0,0.0,0.0,0.0,0.0,0.0,5015.0,-0.0,0.0,0.0,0.0,-107615280.0,2.718429300292151e+23,0.0,0.0,0.0,0.0,53,-0.0,-0.0,0.0,0.0,0.0,0.0,0.0,0.0,0.0,0,0,0,0.0,0.0,0.0,0.0,0.0,0.0,0.0,0.0,0.0,0.0,0.0,0.0,0.0,0.0,0.0,0.0,0,-107875648.0,53,0.0,106,-107614832.0,0.0,ERR,ERR,ERR,ERR,ERR,ERR,ERR,ERR,ERR,ERR,ERR,ERR,ERR,ERR,ERR,ERR,ERR,ERR,ERR,ERR,ERR,ERR,ERR,ERR,ERR,ERR,ERR,ERR,ERR,ERR,ERR,ERR,ERR,ERR,ERR,ERR,ERR,ERR,ERR,ERR,ERR,ERR,ERR,ERR,ERR,ERR,ERR,ERR,ERR,ERR,ERR,ERR,ERR,ERR,ERR,ERR,ERR,ERR,ERR,ERR,ERR,ERR,ERR,ERR,ERR,ERR,ERR,50.0,60.0,100,0.0,0.0,0.0,0.0,0.0,0.0,0.0,0.0,0.0,0.0,0.0,0.0,0.0,0.0,0.0,0.0,61.6,73,14,65512,50,65476,0,300,0,0,8,20529,65476,0,0,26214,60.0,0.0,0.0,0.0,0.0,0.0
2026-05-17T18:30:55,ERR,ERR,ERR,ERR,ERR,ERR,ERR,ERR,ERR,ERR,ERR,ERR,ERR,ERR,ERR,ERR,ERR,ERR,ERR,ERR,ERR,ERR,ERR,ERR,ERR,ERR,ERR,ERR,ERR,ERR,ERR,ERR,ERR,ERR,ERR,ERR,ERR,ERR,ERR,ERR,ERR,ERR,ERR,ERR,ERR,ERR,ERR,ERR,ERR,ERR,ERR,ERR,ERR,ERR,ERR,ERR,ERR,ERR,ERR,ERR,ERR,ERR,ERR,ERR,ERR,ERR,ERR,ERR,ERR,ERR,ERR,ERR,ERR,ERR,ERR,ERR,ERR,ERR,ERR,ERR,ERR,ERR,ERR,ERR,ERR,ERR,ERR,ERR,ERR,ERR,ERR,ERR,ERR,ERR,ERR,ERR,ERR,ERR,ERR,ERR,ERR,ERR,ERR,ERR,ERR,ERR,ERR,ERR,ERR,ERR,ERR,ERR,ERR,ERR,ERR,ERR,ERR,ERR,ERR,ERR,ERR,ERR,ERR,ERR,ERR,0.0,0.0,0.0,0.0,0.0,1.3936040501711995e+18,7.805,0.0,0,0,4,0,8422,0.0,45,0.0,0.0,0.0,0.0,0.0,0,0,0,0,0.0,0,0,0,0,0,0,0,0,0,0,0,0,0,0,0,0,0,0,0,0,0,0,0,0,0,0,0,0,0,0,0,0,0,38,14,7,45,65476,0,300,0,0,8,21553,0.0,-107605600.0,0.0,0.0,0.0,0.0,0.0,0.0,0.0,0.0,0.0,0.0,0.0,0.0,0.0,0.0,0.0,0.0,0.0,0.0,0.0,0.0,0.0,2.004,-0.0,0.0,0.0,0.0,0.0,0.0,5015.0,-0.0,0.0,0.0,0.0,-107615280.0,2.718429300292151e+23,0.0,0.0,0.0,0.0,53,-0.0,-0.0,0.0,0.0,0.0,0.0,0.0,0.0,0.0,0,0,0,0.0,0.0,0.0,0.0,0.0,0.0,0.0,0.0,0.0,0.0,0.0,0.0,0.0,0.0,0.0,0.0,0,-107875648.0,53,0.0,106,-107614832.0,0.0,ERR,ERR,ERR,ERR,ERR,ERR,ERR,ERR,ERR,ERR,ERR,ERR,ERR,ERR,ERR,ERR,ERR,ERR,ERR,ERR,ERR,ERR,ERR,ERR,ERR,ERR,ERR,ERR,ERR,ERR,ERR,ERR,ERR,ERR,ERR,ERR,ERR,ERR,ERR,ERR,ERR,ERR,ERR,ERR,ERR,ERR,ERR,ERR,ERR,ERR,ERR,ERR,ERR,ERR,ERR,ERR,ERR,ERR,ERR,ERR,ERR,ERR,ERR,ERR,ERR,ERR,ERR,50.0,60.0,100,0.0,0.0,0.0,0.0,0.0,0.0,0.0,0.0,0.0,0.0,0.0,0.0,0.0,0.0,0.0,0.0,61.6,73,14,65512,50,65476,0,300,0,0,8,20529,65476,0,0,26214,60.0,0.0,0.0,0.0,0.0,0.0
2026-05-17T18:30:56,ERR,ERR,ERR,ERR,ERR,ERR,ERR,ERR,ERR,ERR,ERR,ERR,ERR,ERR,ERR,ERR,ERR,ERR,ERR,ERR,ERR,ERR,ERR,ERR,ERR,ERR,ERR,ERR,ERR,ERR,ERR,ERR,ERR,ERR,ERR,ERR,ERR,ERR,ERR,ERR,ERR,ERR,ERR,ERR,ERR,ERR,ERR,ERR,ERR,ERR,ERR,ERR,ERR,ERR,ERR,ERR,ERR,ERR,ERR,ERR,ERR,ERR,ERR,ERR,ERR,ERR,ERR,ERR,ERR,ERR,ERR,ERR,ERR,ERR,ERR,ERR,ERR,ERR,ERR,ERR,ERR,ERR,ERR,ERR,ERR,ERR,ERR,ERR,ERR,ERR,ERR,ERR,ERR,ERR,ERR,ERR,ERR,ERR,ERR,ERR,ERR,ERR,ERR,ERR,ERR,ERR,ERR,ERR,ERR,ERR,ERR,ERR,ERR,ERR,ERR,ERR,ERR,ERR,ERR,ERR,ERR,ERR,ERR,ERR,ERR,0.0,0.0,0.0,0.0,0.0,1.3936040501711995e+18,7.805,0.0,0,0,4,0,8422,0.0,45,0.0,0.0,0.0,0.0,0.0,0,0,0,0,0.0,0,0,0,0,0,0,0,0,0,0,0,0,0,0,0,0,0,0,0,0,0,0,0,0,0,0,0,0,0,0,0,0,0,38,14,7,45,65476,0,300,0,0,8,21553,0.0,-107605600.0,0.0,0.0,0.0,0.0,0.0,0.0,0.0,0.0,0.0,0.0,0.0,0.0,0.0,0.0,0.0,0.0,0.0,0.0,0.0,0.0,0.0,2.004,-0.0,0.0,0.0,0.0,0.0,0.0,5015.0,-0.0,0.0,0.0,0.0,-107615280.0,2.718429300292151e+23,0.0,0.0,0.0,0.0,53,-0.0,-0.0,0.0,0.0,0.0,0.0,0.0,0.0,0.0,0,0,0,0.0,0.0,0.0,0.0,0.0,0.0,0.0,0.0,0.0,0.0,0.0,0.0,0.0,0.0,0.0,0.0,0,-107875648.0,53,0.0,106,-107614832.0,0.0,ERR,ERR,ERR,ERR,ERR,ERR,ERR,ERR,ERR,ERR,ERR,ERR,ERR,ERR,ERR,ERR,ERR,ERR,ERR,ERR,ERR,ERR,ERR,ERR,ERR,ERR,ERR,ERR,ERR,ERR,ERR,ERR,ERR,ERR,ERR,ERR,ERR,ERR,ERR,ERR,ERR,ERR,ERR,ERR,ERR,ERR,ERR,ERR,ERR,ERR,ERR,ERR,ERR,ERR,ERR,ERR,ERR,ERR,ERR,ERR,ERR,ERR,ERR,ERR,ERR,ERR,ERR,50.0,60.0,100,0.0,0.0,0.0,0.0,0.0,0.0,0.0,0.0,0.0,0.0,0.0,0.0,0.0,0.0,0.0,0.0,61.6,73,14,65512,50,65476,0,300,0,0,8,20529,65476,0,0,26214,60.0,0.0,0.0,0.0,0.0,0.0
2026-05-17T18:30:57,ERR,ERR,ERR,ERR,ERR,ERR,ERR,ERR,ERR,ERR,ERR,ERR,ERR,ERR,ERR,ERR,ERR,ERR,ERR,ERR,ERR,ERR,ERR,ERR,ERR,ERR,ERR,ERR,ERR,ERR,ERR,ERR,ERR,ERR,ERR,ERR,ERR,ERR,ERR,ERR,ERR,ERR,ERR,ERR,ERR,ERR,ERR,ERR,ERR,ERR,ERR,ERR,ERR,ERR,ERR,ERR,ERR,ERR,ERR,ERR,ERR,ERR,ERR,ERR,ERR,ERR,ERR,ERR,ERR,ERR,ERR,ERR,ERR,ERR,ERR,ERR,ERR,ERR,ERR,ERR,ERR,ERR,ERR,ERR,ERR,ERR,ERR,ERR,ERR,ERR,ERR,ERR,ERR,ERR,ERR,ERR,ERR,ERR,ERR,ERR,ERR,ERR,ERR,ERR,ERR,ERR,ERR,ERR,ERR,ERR,ERR,ERR,ERR,ERR,ERR,ERR,ERR,ERR,ERR,ERR,ERR,ERR,ERR,ERR,ERR,0.0,0.0,0.0,0.0,0.0,1.3936040501711995e+18,7.805,0.0,0,0,4,0,8422,0.0,45,0.0,0.0,0.0,0.0,0.0,0,0,0,0,0.0,0,0,0,0,0,0,0,0,0,0,0,0,0,0,0,0,0,0,0,0,0,0,0,0,0,0,0,0,0,0,0,0,0,38,14,7,45,65476,0,300,0,0,8,21553,0.0,-107605600.0,0.0,0.0,0.0,0.0,0.0,0.0,0.0,0.0,0.0,0.0,0.0,0.0,0.0,0.0,0.0,0.0,0.0,0.0,0.0,0.0,0.0,2.004,-0.0,0.0,0.0,0.0,0.0,0.0,5015.0,-0.0,0.0,0.0,0.0,-107615280.0,2.718429300292151e+23,0.0,0.0,0.0,0.0,53,-0.0,-0.0,0.0,0.0,0.0,0.0,0.0,0.0,0.0,0,0,0,0.0,0.0,0.0,0.0,0.0,0.0,0.0,0.0,0.0,0.0,0.0,0.0,0.0,0.0,0.0,0.0,0,-107875648.0,53,0.0,106,-107614832.0,0.0,ERR,ERR,ERR,ERR,ERR,ERR,ERR,ERR,ERR,ERR,ERR,ERR,ERR,ERR,ERR,ERR,ERR,ERR,ERR,ERR,ERR,ERR,ERR,ERR,ERR,ERR,ERR,ERR,ERR,ERR,ERR,ERR,ERR,ERR,ERR,ERR,ERR,ERR,ERR,ERR,ERR,ERR,ERR,ERR,ERR,ERR,ERR,ERR,ERR,ERR,ERR,ERR,ERR,ERR,ERR,ERR,ERR,ERR,ERR,ERR,ERR,ERR,ERR,ERR,ERR,ERR,ERR,50.0,60.0,100,0.0,0.0,0.0,0.0,0.0,0.0,0.0,0.0,0.0,0.0,0.0,0.0,0.0,0.0,0.0,0.0,61.6,73,14,65512,50,65476,0,300,0,0,8,20529,65476,0,0,26214,60.0,0.0,0.0,0.0,0.0,0.0
2026-05-17T18:30:58,ERR,ERR,ERR,ERR,ERR,ERR,ERR,ERR,ERR,ERR,ERR,ERR,ERR,ERR,ERR,ERR,ERR,ERR,ERR,ERR,ERR,ERR,ERR,ERR,ERR,ERR,ERR,ERR,ERR,ERR,ERR,ERR,ERR,ERR,ERR,ERR,ERR,ERR,ERR,ERR,ERR,ERR,ERR,ERR,ERR,ERR,ERR,ERR,ERR,ERR,ERR,ERR,ERR,ERR,ERR,ERR,ERR,ERR,ERR,ERR,ERR,ERR,ERR,ERR,ERR,ERR,ERR,ERR,ERR,ERR,ERR,ERR,ERR,ERR,ERR,ERR,ERR,ERR,ERR,ERR,ERR,ERR,ERR,ERR,ERR,ERR,ERR,ERR,ERR,ERR,ERR,ERR,ERR,ERR,ERR,ERR,ERR,ERR,ERR,ERR,ERR,ERR,ERR,ERR,ERR,ERR,ERR,ERR,ERR,ERR,ERR,ERR,ERR,ERR,ERR,ERR,ERR,ERR,ERR,ERR,ERR,ERR,ERR,ERR,ERR,0.0,0.0,0.0,0.0,0.0,1.3936040501711995e+18,7.805,0.0,0,0,4,0,8422,0.0,45,0.0,0.0,0.0,0.0,0.0,0,0,0,0,0.0,0,0,0,0,0,0,0,0,0,0,0,0,0,0,0,0,0,0,0,0,0,0,0,0,0,0,0,0,0,0,0,0,0,38,14,7,45,65476,0,300,0,0,8,21553,0.0,-107605600.0,0.0,0.0,0.0,0.0,0.0,0.0,0.0,0.0,0.0,0.0,0.0,0.0,0.0,0.0,0.0,0.0,0.0,0.0,0.0,0.0,0.0,2.004,-0.0,0.0,0.0,0.0,0.0,0.0,5015.0,-0.0,0.0,0.0,0.0,-107615280.0,2.718429300292151e+23,0.0,0.0,0.0,0.0,53,-0.0,-0.0,0.0,0.0,0.0,0.0,0.0,0.0,0.0,0,0,0,0.0,0.0,0.0,0.0,0.0,0.0,0.0,0.0,0.0,0.0,0.0,0.0,0.0,0.0,0.0,0.0,0,-107875648.0,53,0.0,106,-107614832.0,0.0,ERR,ERR,ERR,ERR,ERR,ERR,ERR,ERR,ERR,ERR,ERR,ERR,ERR,ERR,ERR,ERR,ERR,ERR,ERR,ERR,ERR,ERR,ERR,ERR,ERR,ERR,ERR,ERR,ERR,ERR,ERR,ERR,ERR,ERR,ERR,ERR,ERR,ERR,ERR,ERR,ERR,ERR,ERR,ERR,ERR,ERR,ERR,ERR,ERR,ERR,ERR,ERR,ERR,ERR,ERR,ERR,ERR,ERR,ERR,ERR,ERR,ERR,ERR,ERR,ERR,ERR,ERR,50.0,60.0,100,0.0,0.0,0.0,0.0,0.0,0.0,0.0,0.0,0.0,0.0,0.0,0.0,0.0,0.0,0.0,0.0,62.0,73,14,65512,50,65476,0,300,0,0,8,20529,65476,0,0,26214,60.0,0.0,0.0,0.0,0.0,0.0
2026-05-17T18:30:59,ERR,ERR,ERR,ERR,ERR,ERR,ERR,ERR,ERR,ERR,ERR,ERR,ERR,ERR,ERR,ERR,ERR,ERR,ERR,ERR,ERR,ERR,ERR,ERR,ERR,ERR,ERR,ERR,ERR,ERR,ERR,ERR,ERR,ERR,ERR,ERR,ERR,ERR,ERR,ERR,ERR,ERR,ERR,ERR,ERR,ERR,ERR,ERR,ERR,ERR,ERR,ERR,ERR,ERR,ERR,ERR,ERR,ERR,ERR,ERR,ERR,ERR,ERR,ERR,ERR,ERR,ERR,ERR,ERR,ERR,ERR,ERR,ERR,ERR,ERR,ERR,ERR,ERR,ERR,ERR,ERR,ERR,ERR,ERR,ERR,ERR,ERR,ERR,ERR,ERR,ERR,ERR,ERR,ERR,ERR,ERR,ERR,ERR,ERR,ERR,ERR,ERR,ERR,ERR,ERR,ERR,ERR,ERR,ERR,ERR,ERR,ERR,ERR,ERR,ERR,ERR,ERR,ERR,ERR,ERR,ERR,ERR,ERR,ERR,ERR,0.0,0.0,0.0,0.0,0.0,1.3936040501711995e+18,7.805,0.0,0,0,4,0,8422,0.0,45,0.0,0.0,0.0,0.0,0.0,0,0,0,0,0.0,0,0,0,0,0,0,0,0,0,0,0,0,0,0,0,0,0,0,0,0,0,0,0,0,0,0,0,0,0,0,0,0,0,38,14,7,45,65476,0,300,0,0,8,21553,0.0,-107605600.0,0.0,0.0,0.0,0.0,0.0,0.0,0.0,0.0,0.0,0.0,0.0,0.0,0.0,0.0,0.0,0.0,0.0,0.0,0.0,0.0,0.0,2.004,-0.0,0.0,0.0,0.0,0.0,0.0,5019.0,564145833377792.0,0.0,0.0,0.0,-107615280.0,2.718429300292151e+23,0.0,0.0,0.0,0.0,53,-0.0,0.0,0.0,0.0,0.0,0.0,0.0,0.0,0.0,0,0,0,0.0,0.0,0.0,0.0,0.0,0.0,0.0,0.0,0.0,0.0,0.0,0.0,0.0,0.0,0.0,0.0,0,-107875648.0,53,0.0,106,-107614832.0,0.0,ERR,ERR,ERR,ERR,ERR,ERR,ERR,ERR,ERR,ERR,ERR,ERR,ERR,ERR,ERR,ERR,ERR,ERR,ERR,ERR,ERR,ERR,ERR,ERR,ERR,ERR,ERR,ERR,ERR,ERR,ERR,ERR,ERR,ERR,ERR,ERR,ERR,ERR,ERR,ERR,ERR,ERR,ERR,ERR,ERR,ERR,ERR,ERR,ERR,ERR,ERR,ERR,ERR,ERR,ERR,ERR,ERR,ERR,ERR,ERR,ERR,ERR,ERR,ERR,ERR,ERR,ERR,50.0,60.0,100,0.0,0.0,0.0,0.0,0.0,0.0,0.0,0.0,0.0,0.0,0.0,0.0,0.0,0.0,0.0,0.0,62.0,73,14,65512,50,65476,0,300,0,0,8,20529,65476,0,0,26214,60.0,0.0,0.0,0.0,0.0,0.0
2026-05-17T18:31:00,ERR,ERR,ERR,ERR,ERR,ERR,ERR,ERR,ERR,ERR,ERR,ERR,ERR,ERR,ERR,ERR,ERR,ERR,ERR,ERR,ERR,ERR,ERR,ERR,ERR,ERR,ERR,ERR,ERR,ERR,ERR,ERR,ERR,ERR,ERR,ERR,ERR,ERR,ERR,ERR,ERR,ERR,ERR,ERR,ERR,ERR,ERR,ERR,ERR,ERR,ERR,ERR,ERR,ERR,ERR,ERR,ERR,ERR,ERR,ERR,ERR,ERR,ERR,ERR,ERR,ERR,ERR,ERR,ERR,ERR,ERR,ERR,ERR,ERR,ERR,ERR,ERR,ERR,ERR,ERR,ERR,ERR,ERR,ERR,ERR,ERR,ERR,ERR,ERR,ERR,ERR,ERR,ERR,ERR,ERR,ERR,ERR,ERR,ERR,ERR,ERR,ERR,ERR,ERR,ERR,ERR,ERR,ERR,ERR,ERR,ERR,ERR,ERR,ERR,ERR,ERR,ERR,ERR,ERR,ERR,ERR,ERR,ERR,ERR,ERR,0.0,0.0,0.0,0.0,0.0,1.3936040501711995e+18,7.805,0.0,0,0,4,0,8422,0.0,45,0.0,0.0,0.0,0.0,0.0,0,0,0,0,0.0,0,0,0,0,0,0,0,0,0,0,0,0,0,0,0,0,0,0,0,0,0,0,0,0,0,0,0,0,0,0,0,0,0,38,14,7,45,65476,0,300,0,0,8,21553,0.0,-107605600.0,0.0,0.0,0.0,0.0,0.0,0.0,0.0,0.0,0.0,0.0,0.0,0.0,0.0,0.0,0.0,0.0,0.0,0.0,0.0,0.0,0.0,2.004,-0.0,0.0,0.0,0.0,0.0,0.0,5019.0,564145833377792.0,0.0,0.0,0.0,-107615280.0,2.718429300292151e+23,0.0,0.0,0.0,0.0,53,-0.0,0.0,0.0,0.0,0.0,0.0,0.0,0.0,0.0,0,0,0,0.0,0.0,0.0,0.0,0.0,0.0,0.0,0.0,0.0,0.0,0.0,0.0,0.0,0.0,0.0,0.0,0,-107875648.0,53,0.0,106,-107614832.0,0.0,ERR,ERR,ERR,ERR,ERR,ERR,ERR,ERR,ERR,ERR,ERR,ERR,ERR,ERR,ERR,ERR,ERR,ERR,ERR,ERR,ERR,ERR,ERR,ERR,ERR,ERR,ERR,ERR,ERR,ERR,ERR,ERR,ERR,ERR,ERR,ERR,ERR,ERR,ERR,ERR,ERR,ERR,ERR,ERR,ERR,ERR,ERR,ERR,ERR,ERR,ERR,ERR,ERR,ERR,ERR,ERR,ERR,ERR,ERR,ERR,ERR,ERR,ERR,ERR,ERR,ERR,ERR,50.0,60.0,100,0.0,0.0,0.0,0.0,0.0,0.0,0.0,0.0,0.0,0.0,0.0,0.0,0.0,0.0,0.0,0.0,61.6,73,14,65512,50,65476,0,300,0,0,8,20529,65476,0,0,26214,60.0,0.0,0.0,0.0,0.0,0.0
2026-05-17T18:31:01,ERR,ERR,ERR,ERR,ERR,ERR,ERR,ERR,ERR,ERR,ERR,ERR,ERR,ERR,ERR,ERR,ERR,ERR,ERR,ERR,ERR,ERR,ERR,ERR,ERR,ERR,ERR,ERR,ERR,ERR,ERR,ERR,ERR,ERR,ERR,ERR,ERR,ERR,ERR,ERR,ERR,ERR,ERR,ERR,ERR,ERR,ERR,ERR,ERR,ERR,ERR,ERR,ERR,ERR,ERR,ERR,ERR,ERR,ERR,ERR,ERR,ERR,ERR,ERR,ERR,ERR,ERR,ERR,ERR,ERR,ERR,ERR,ERR,ERR,ERR,ERR,ERR,ERR,ERR,ERR,ERR,ERR,ERR,ERR,ERR,ERR,ERR,ERR,ERR,ERR,ERR,ERR,ERR,ERR,ERR,ERR,ERR,ERR,ERR,ERR,ERR,ERR,ERR,ERR,ERR,ERR,ERR,ERR,ERR,ERR,ERR,ERR,ERR,ERR,ERR,ERR,ERR,ERR,ERR,ERR,ERR,ERR,ERR,ERR,ERR,0.0,0.0,0.0,0.0,0.0,1.3936040501711995e+18,7.805,0.0,0,0,4,0,8422,0.0,45,0.0,0.0,0.0,0.0,0.0,0,0,0,0,0.0,0,0,0,0,0,0,0,0,0,0,0,0,0,0,0,0,0,0,0,0,0,0,0,0,0,0,0,0,0,0,0,0,0,38,14,7,45,65476,0,300,0,0,8,21553,0.0,-107605600.0,0.0,0.0,0.0,0.0,0.0,0.0,0.0,0.0,0.0,0.0,0.0,0.0,0.0,0.0,0.0,0.0,0.0,0.0,0.0,0.0,0.0,2.004,-0.0,0.0,0.0,0.0,0.0,0.0,5019.0,564145833377792.0,0.0,0.0,0.0,-107615280.0,2.718429300292151e+23,0.0,0.0,0.0,0.0,53,-0.0,0.0,0.0,0.0,0.0,0.0,0.0,0.0,0.0,0,0,0,0.0,0.0,0.0,0.0,0.0,0.0,0.0,0.0,0.0,0.0,0.0,0.0,0.0,0.0,0.0,0.0,0,-107875648.0,53,0.0,106,-107614832.0,0.0,ERR,ERR,ERR,ERR,ERR,ERR,ERR,ERR,ERR,ERR,ERR,ERR,ERR,ERR,ERR,ERR,ERR,ERR,ERR,ERR,ERR,ERR,ERR,ERR,ERR,ERR,ERR,ERR,ERR,ERR,ERR,ERR,ERR,ERR,ERR,ERR,ERR,ERR,ERR,ERR,ERR,ERR,ERR,ERR,ERR,ERR,ERR,ERR,ERR,ERR,ERR,ERR,ERR,ERR,ERR,ERR,ERR,ERR,ERR,ERR,ERR,ERR,ERR,ERR,ERR,ERR,ERR,50.0,60.0,100,0.0,0.0,0.0,0.0,0.0,0.0,0.0,0.0,0.0,0.0,0.0,0.0,0.0,0.0,0.0,0.0,61.6,73,14,65512,50,65476,0,300,0,0,8,20529,65476,0,0,26214,60.0,0.0,0.0,0.0,0.0,0.0
2026-05-17T18:31:02,ERR,ERR,ERR,ERR,ERR,ERR,ERR,ERR,ERR,ERR,ERR,ERR,ERR,ERR,ERR,ERR,ERR,ERR,ERR,ERR,ERR,ERR,ERR,ERR,ERR,ERR,ERR,ERR,ERR,ERR,ERR,ERR,ERR,ERR,ERR,ERR,ERR,ERR,ERR,ERR,ERR,ERR,ERR,ERR,ERR,ERR,ERR,ERR,ERR,ERR,ERR,ERR,ERR,ERR,ERR,ERR,ERR,ERR,ERR,ERR,ERR,ERR,ERR,ERR,ERR,ERR,ERR,ERR,ERR,ERR,ERR,ERR,ERR,ERR,ERR,ERR,ERR,ERR,ERR,ERR,ERR,ERR,ERR,ERR,ERR,ERR,ERR,ERR,ERR,ERR,ERR,ERR,ERR,ERR,ERR,ERR,ERR,ERR,ERR,ERR,ERR,ERR,ERR,ERR,ERR,ERR,ERR,ERR,ERR,ERR,ERR,ERR,ERR,ERR,ERR,ERR,ERR,ERR,ERR,ERR,ERR,ERR,ERR,ERR,ERR,0.0,0.0,0.0,0.0,0.0,1.3936040501711995e+18,7.805,0.0,0,0,4,0,8422,0.0,45,0.0,0.0,0.0,0.0,0.0,0,0,0,0,0.0,0,0,0,0,0,0,0,0,0,0,0,0,0,0,0,0,0,0,0,0,0,0,0,0,0,0,0,0,0,0,0,0,0,38,14,7,45,65476,0,300,0,0,8,21553,0.0,-107605600.0,0.0,0.0,0.0,0.0,0.0,0.0,0.0,0.0,0.0,0.0,0.0,0.0,0.0,0.0,0.0,0.0,0.0,0.0,0.0,0.0,0.0,2.004,-0.0,0.0,0.0,0.0,0.0,0.0,5019.0,564145833377792.0,0.0,0.0,0.0,-107615280.0,2.718429300292151e+23,0.0,0.0,0.0,0.0,53,-0.0,0.0,0.0,0.0,0.0,0.0,0.0,0.0,0.0,0,0,0,0.0,0.0,0.0,0.0,0.0,0.0,0.0,0.0,0.0,0.0,0.0,0.0,0.0,0.0,0.0,0.0,0,-107875648.0,53,0.0,106,-107614832.0,0.0,ERR,ERR,ERR,ERR,ERR,ERR,ERR,ERR,ERR,ERR,ERR,ERR,ERR,ERR,ERR,ERR,ERR,ERR,ERR,ERR,ERR,ERR,ERR,ERR,ERR,ERR,ERR,ERR,ERR,ERR,ERR,ERR,ERR,ERR,ERR,ERR,ERR,ERR,ERR,ERR,ERR,ERR,ERR,ERR,ERR,ERR,ERR,ERR,ERR,ERR,ERR,ERR,ERR,ERR,ERR,ERR,ERR,ERR,ERR,ERR,ERR,ERR,ERR,ERR,ERR,ERR,ERR,50.0,60.0,100,0.0,0.0,0.0,0.0,0.0,0.0,0.0,0.0,0.0,0.0,0.0,0.0,0.0,0.0,0.0,0.0,61.6,73,14,65512,50,65476,0,300,0,0,8,20529,65476,0,0,26214,60.0,0.0,0.0,0.0,0.0,0.0
2026-05-17T18:31:03,ERR,ERR,ERR,ERR,ERR,ERR,ERR,ERR,ERR,ERR,ERR,ERR,ERR,ERR,ERR,ERR,ERR,ERR,ERR,ERR,ERR,ERR,ERR,ERR,ERR,ERR,ERR,ERR,ERR,ERR,ERR,ERR,ERR,ERR,ERR,ERR,ERR,ERR,ERR,ERR,ERR,ERR,ERR,ERR,ERR,ERR,ERR,ERR,ERR,ERR,ERR,ERR,ERR,ERR,ERR,ERR,ERR,ERR,ERR,ERR,ERR,ERR,ERR,ERR,ERR,ERR,ERR,ERR,ERR,ERR,ERR,ERR,ERR,ERR,ERR,ERR,ERR,ERR,ERR,ERR,ERR,ERR,ERR,ERR,ERR,ERR,ERR,ERR,ERR,ERR,ERR,ERR,ERR,ERR,ERR,ERR,ERR,ERR,ERR,ERR,ERR,ERR,ERR,ERR,ERR,ERR,ERR,ERR,ERR,ERR,ERR,ERR,ERR,ERR,ERR,ERR,ERR,ERR,ERR,ERR,ERR,ERR,ERR,ERR,ERR,0.0,0.0,0.0,0.0,0.0,1.3936040501711995e+18,7.805,0.0,0,0,4,0,8422,0.0,45,0.0,0.0,0.0,0.0,0.0,0,0,0,0,0.0,0,0,0,0,0,0,0,0,0,0,0,0,0,0,0,0,0,0,0,0,0,0,0,0,0,0,0,0,0,0,0,0,0,38,14,7,45,65476,0,300,0,0,8,21553,0.0,-107605600.0,0.0,0.0,0.0,0.0,0.0,0.0,0.0,0.0,0.0,0.0,0.0,0.0,0.0,0.0,0.0,0.0,0.0,0.0,0.0,0.0,0.0,2.004,-0.0,0.0,0.0,0.0,0.0,0.0,5019.0,564145833377792.0,0.0,0.0,0.0,-107615280.0,2.718429300292151e+23,0.0,0.0,0.0,0.0,53,-0.0,0.0,0.0,0.0,0.0,0.0,0.0,0.0,0.0,0,0,0,0.0,0.0,0.0,0.0,0.0,0.0,0.0,0.0,0.0,0.0,0.0,0.0,0.0,0.0,0.0,0.0,0,-107875648.0,53,0.0,106,-107614832.0,0.0,ERR,ERR,ERR,ERR,ERR,ERR,ERR,ERR,ERR,ERR,ERR,ERR,ERR,ERR,ERR,ERR,ERR,ERR,ERR,ERR,ERR,ERR,ERR,ERR,ERR,ERR,ERR,ERR,ERR,ERR,ERR,ERR,ERR,ERR,ERR,ERR,ERR,ERR,ERR,ERR,ERR,ERR,ERR,ERR,ERR,ERR,ERR,ERR,ERR,ERR,ERR,ERR,ERR,ERR,ERR,ERR,ERR,ERR,ERR,ERR,ERR,ERR,ERR,ERR,ERR,ERR,ERR,50.0,60.0,100,0.0,0.0,0.0,0.0,0.0,0.0,0.0,0.0,0.0,0.0,0.0,0.0,0.0,0.0,0.0,0.0,61.6,73,14,65512,50,65476,0,300,0,0,8,20529,65476,0,0,26214,60.0,0.0,0.0,0.0,0.0,0.0
2026-05-17T18:31:04,ERR,ERR,ERR,ERR,ERR,ERR,ERR,ERR,ERR,ERR,ERR,ERR,ERR,ERR,ERR,ERR,ERR,ERR,ERR,ERR,ERR,ERR,ERR,ERR,ERR,ERR,ERR,ERR,ERR,ERR,ERR,ERR,ERR,ERR,ERR,ERR,ERR,ERR,ERR,ERR,ERR,ERR,ERR,ERR,ERR,ERR,ERR,ERR,ERR,ERR,ERR,ERR,ERR,ERR,ERR,ERR,ERR,ERR,ERR,ERR,ERR,ERR,ERR,ERR,ERR,ERR,ERR,ERR,ERR,ERR,ERR,ERR,ERR,ERR,ERR,ERR,ERR,ERR,ERR,ERR,ERR,ERR,ERR,ERR,ERR,ERR,ERR,ERR,ERR,ERR,ERR,ERR,ERR,ERR,ERR,ERR,ERR,ERR,ERR,ERR,ERR,ERR,ERR,ERR,ERR,ERR,ERR,ERR,ERR,ERR,ERR,ERR,ERR,ERR,ERR,ERR,ERR,ERR,ERR,ERR,ERR,ERR,ERR,ERR,ERR,0.0,0.0,0.0,0.0,0.0,1.3936040501711995e+18,7.805,0.0,0,0,4,0,8422,0.0,45,0.0,0.0,0.0,0.0,0.0,0,0,0,0,0.0,0,0,0,0,0,0,0,0,0,0,0,0,0,0,0,0,0,0,0,0,0,0,0,0,0,0,0,0,0,0,0,0,0,38,14,7,45,65476,0,300,0,0,8,21553,0.0,-107605600.0,0.0,0.0,0.0,0.0,0.0,0.0,0.0,0.0,0.0,0.0,0.0,0.0,0.0,0.0,0.0,0.0,0.0,0.0,0.0,0.0,0.0,2.004,-0.0,0.0,0.0,0.0,0.0,0.0,5016.0,-0.0,0.0,0.0,0.0,-107615280.0,2.718429300292151e+23,0.0,0.0,0.0,0.0,53,-0.0,2.718417410789135e+23,0.0,0.0,0.0,0.0,0.0,0.0,0.0,0,0,0,0.0,0.0,0.0,0.0,0.0,0.0,0.0,0.0,0.0,0.0,0.0,0.0,0.0,0.0,0.0,0.0,0,-107875648.0,53,0.0,106,-107614832.0,0.0,ERR,ERR,ERR,ERR,ERR,ERR,ERR,ERR,ERR,ERR,ERR,ERR,ERR,ERR,ERR,ERR,ERR,ERR,ERR,ERR,ERR,ERR,ERR,ERR,ERR,ERR,ERR,ERR,ERR,ERR,ERR,ERR,ERR,ERR,ERR,ERR,ERR,ERR,ERR,ERR,ERR,ERR,ERR,ERR,ERR,ERR,ERR,ERR,ERR,ERR,ERR,ERR,ERR,ERR,ERR,ERR,ERR,ERR,ERR,ERR,ERR,ERR,ERR,ERR,ERR,ERR,ERR,50.0,60.0,100,0.0,0.0,0.0,0.0,0.0,0.0,0.0,0.0,0.0,0.0,0.0,0.0,0.0,0.0,0.0,0.0,61.6,73,14,65512,50,65476,0,300,0,0,8,20529,65476,0,0,26214,60.0,0.0,0.0,0.0,0.0,0.0
2026-05-17T18:31:05,ERR,ERR,ERR,ERR,ERR,ERR,ERR,ERR,ERR,ERR,ERR,ERR,ERR,ERR,ERR,ERR,ERR,ERR,ERR,ERR,ERR,ERR,ERR,ERR,ERR,ERR,ERR,ERR,ERR,ERR,ERR,ERR,ERR,ERR,ERR,ERR,ERR,ERR,ERR,ERR,ERR,ERR,ERR,ERR,ERR,ERR,ERR,ERR,ERR,ERR,ERR,ERR,ERR,ERR,ERR,ERR,ERR,ERR,ERR,ERR,ERR,ERR,ERR,ERR,ERR,ERR,ERR,ERR,ERR,ERR,ERR,ERR,ERR,ERR,ERR,ERR,ERR,ERR,ERR,ERR,ERR,ERR,ERR,ERR,ERR,ERR,ERR,ERR,ERR,ERR,ERR,ERR,ERR,ERR,ERR,ERR,ERR,ERR,ERR,ERR,ERR,ERR,ERR,ERR,ERR,ERR,ERR,ERR,ERR,ERR,ERR,ERR,ERR,ERR,ERR,ERR,ERR,ERR,ERR,ERR,ERR,ERR,ERR,ERR,ERR,0.0,0.0,0.0,0.0,0.0,1.3936040501711995e+18,7.805,0.0,0,0,4,0,8422,0.0,45,0.0,0.0,0.0,0.0,0.0,0,0,0,0,0.0,0,0,0,0,0,0,0,0,0,0,0,0,0,0,0,0,0,0,0,0,0,0,0,0,0,0,0,0,0,0,0,0,0,38,14,7,45,65476,0,300,0,0,8,21553,0.0,-107605600.0,0.0,0.0,0.0,0.0,0.0,0.0,0.0,0.0,0.0,0.0,0.0,0.0,0.0,0.0,0.0,0.0,0.0,0.0,0.0,0.0,0.0,2.004,-0.0,0.0,0.0,0.0,0.0,0.0,5016.0,-0.0,0.0,0.0,0.0,-107615280.0,2.718429300292151e+23,0.0,0.0,0.0,0.0,53,-0.0,2.718417410789135e+23,0.0,0.0,0.0,0.0,0.0,0.0,0.0,0,0,0,0.0,0.0,0.0,0.0,0.0,0.0,0.0,0.0,0.0,0.0,0.0,0.0,0.0,0.0,0.0,0.0,0,-107875648.0,53,0.0,106,-107614832.0,0.0,ERR,ERR,ERR,ERR,ERR,ERR,ERR,ERR,ERR,ERR,ERR,ERR,ERR,ERR,ERR,ERR,ERR,ERR,ERR,ERR,ERR,ERR,ERR,ERR,ERR,ERR,ERR,ERR,ERR,ERR,ERR,ERR,ERR,ERR,ERR,ERR,ERR,ERR,ERR,ERR,ERR,ERR,ERR,ERR,ERR,ERR,ERR,ERR,ERR,ERR,ERR,ERR,ERR,ERR,ERR,ERR,ERR,ERR,ERR,ERR,ERR,ERR,ERR,ERR,ERR,ERR,ERR,50.0,60.0,100,0.0,0.0,0.0,0.0,0.0,0.0,0.0,0.0,0.0,0.0,0.0,0.0,0.0,0.0,0.0,0.0,62.0,73,14,65512,50,65476,0,300,0,0,8,20529,65476,0,0,26214,60.0,0.0,0.0,0.0,0.0,0.0
2026-05-17T18:31:06,ERR,ERR,ERR,ERR,ERR,ERR,ERR,ERR,ERR,ERR,ERR,ERR,ERR,ERR,ERR,ERR,ERR,ERR,ERR,ERR,ERR,ERR,ERR,ERR,ERR,ERR,ERR,ERR,ERR,ERR,ERR,ERR,ERR,ERR,ERR,ERR,ERR,ERR,ERR,ERR,ERR,ERR,ERR,ERR,ERR,ERR,ERR,ERR,ERR,ERR,ERR,ERR,ERR,ERR,ERR,ERR,ERR,ERR,ERR,ERR,ERR,ERR,ERR,ERR,ERR,ERR,ERR,ERR,ERR,ERR,ERR,ERR,ERR,ERR,ERR,ERR,ERR,ERR,ERR,ERR,ERR,ERR,ERR,ERR,ERR,ERR,ERR,ERR,ERR,ERR,ERR,ERR,ERR,ERR,ERR,ERR,ERR,ERR,ERR,ERR,ERR,ERR,ERR,ERR,ERR,ERR,ERR,ERR,ERR,ERR,ERR,ERR,ERR,ERR,ERR,ERR,ERR,ERR,ERR,ERR,ERR,ERR,ERR,ERR,ERR,0.0,0.0,0.0,0.0,0.0,1.3936040501711995e+18,7.805,0.0,0,0,4,0,8422,0.0,45,0.0,0.0,0.0,0.0,0.0,0,0,0,0,0.0,0,0,0,0,0,0,0,0,0,0,0,0,0,0,0,0,0,0,0,0,0,0,0,0,0,0,0,0,0,0,0,0,0,38,14,7,45,65476,0,300,0,0,8,21553,0.0,-107605600.0,0.0,0.0,0.0,0.0,0.0,0.0,0.0,0.0,0.0,0.0,0.0,0.0,0.0,0.0,0.0,0.0,0.0,0.0,0.0,0.0,0.0,2.004,-0.0,0.0,0.0,0.0,0.0,0.0,5016.0,-0.0,0.0,0.0,0.0,-107615280.0,2.718429300292151e+23,0.0,0.0,0.0,0.0,53,-0.0,2.718417410789135e+23,0.0,0.0,0.0,0.0,0.0,0.0,0.0,0,0,0,0.0,0.0,0.0,0.0,0.0,0.0,0.0,0.0,0.0,0.0,0.0,0.0,0.0,0.0,0.0,0.0,0,-107875648.0,53,0.0,106,-107614832.0,0.0,ERR,ERR,ERR,ERR,ERR,ERR,ERR,ERR,ERR,ERR,ERR,ERR,ERR,ERR,ERR,ERR,ERR,ERR,ERR,ERR,ERR,ERR,ERR,ERR,ERR,ERR,ERR,ERR,ERR,ERR,ERR,ERR,ERR,ERR,ERR,ERR,ERR,ERR,ERR,ERR,ERR,ERR,ERR,ERR,ERR,ERR,ERR,ERR,ERR,ERR,ERR,ERR,ERR,ERR,ERR,ERR,ERR,ERR,ERR,ERR,ERR,ERR,ERR,ERR,ERR,ERR,ERR,50.0,60.0,100,0.0,0.0,0.0,0.0,0.0,0.0,0.0,0.0,0.0,0.0,0.0,0.0,0.0,0.0,0.0,0.0,62.0,73,14,65512,50,65476,0,300,0,0,8,20529,65476,0,0,26214,60.0,0.0,0.0,0.0,0.0,0.0
2026-05-17T18:31:07,ERR,ERR,ERR,ERR,ERR,ERR,ERR,ERR,ERR,ERR,ERR,ERR,ERR,ERR,ERR,ERR,ERR,ERR,ERR,ERR,ERR,ERR,ERR,ERR,ERR,ERR,ERR,ERR,ERR,ERR,ERR,ERR,ERR,ERR,ERR,ERR,ERR,ERR,ERR,ERR,ERR,ERR,ERR,ERR,ERR,ERR,ERR,ERR,ERR,ERR,ERR,ERR,ERR,ERR,ERR,ERR,ERR,ERR,ERR,ERR,ERR,ERR,ERR,ERR,ERR,ERR,ERR,ERR,ERR,ERR,ERR,ERR,ERR,ERR,ERR,ERR,ERR,ERR,ERR,ERR,ERR,ERR,ERR,ERR,ERR,ERR,ERR,ERR,ERR,ERR,ERR,ERR,ERR,ERR,ERR,ERR,ERR,ERR,ERR,ERR,ERR,ERR,ERR,ERR,ERR,ERR,ERR,ERR,ERR,ERR,ERR,ERR,ERR,ERR,ERR,ERR,ERR,ERR,ERR,ERR,ERR,ERR,ERR,ERR,ERR,0.0,0.0,0.0,0.0,0.0,1.3936040501711995e+18,7.805,0.0,0,0,4,0,8422,0.0,45,0.0,0.0,0.0,0.0,0.0,0,0,0,0,0.0,0,0,0,0,0,0,0,0,0,0,0,0,0,0,0,0,0,0,0,0,0,0,0,0,0,0,0,0,0,0,0,0,0,38,14,7,45,65476,0,300,0,0,8,21553,0.0,-107605600.0,0.0,0.0,0.0,0.0,0.0,0.0,0.0,0.0,0.0,0.0,0.0,0.0,0.0,0.0,0.0,0.0,0.0,0.0,0.0,0.0,0.0,2.004,-0.0,0.0,0.0,0.0,0.0,0.0,5016.0,-0.0,0.0,0.0,0.0,-107615280.0,2.718429300292151e+23,0.0,0.0,0.0,0.0,53,-0.0,2.718417410789135e+23,0.0,0.0,0.0,0.0,0.0,0.0,0.0,0,0,0,0.0,0.0,0.0,0.0,0.0,0.0,0.0,0.0,0.0,0.0,0.0,0.0,0.0,0.0,0.0,0.0,0,-107875648.0,53,0.0,106,-107614832.0,0.0,ERR,ERR,ERR,ERR,ERR,ERR,ERR,ERR,ERR,ERR,ERR,ERR,ERR,ERR,ERR,ERR,ERR,ERR,ERR,ERR,ERR,ERR,ERR,ERR,ERR,ERR,ERR,ERR,ERR,ERR,ERR,ERR,ERR,ERR,ERR,ERR,ERR,ERR,ERR,ERR,ERR,ERR,ERR,ERR,ERR,ERR,ERR,ERR,ERR,ERR,ERR,ERR,ERR,ERR,ERR,ERR,ERR,ERR,ERR,ERR,ERR,ERR,ERR,ERR,ERR,ERR,ERR,50.0,60.0,100,0.0,0.0,0.0,0.0,0.0,0.0,0.0,0.0,0.0,0.0,0.0,0.0,0.0,0.0,0.0,0.0,61.6,73,14,65512,50,65476,0,300,0,0,8,20529,65476,0,0,26214,60.0,0.0,0.0,0.0,0.0,0.0
2026-05-17T18:31:08,ERR,ERR,ERR,ERR,ERR,ERR,ERR,ERR,ERR,ERR,ERR,ERR,ERR,ERR,ERR,ERR,ERR,ERR,ERR,ERR,ERR,ERR,ERR,ERR,ERR,ERR,ERR,ERR,ERR,ERR,ERR,ERR,ERR,ERR,ERR,ERR,ERR,ERR,ERR,ERR,ERR,ERR,ERR,ERR,ERR,ERR,ERR,ERR,ERR,ERR,ERR,ERR,ERR,ERR,ERR,ERR,ERR,ERR,ERR,ERR,ERR,ERR,ERR,ERR,ERR,ERR,ERR,ERR,ERR,ERR,ERR,ERR,ERR,ERR,ERR,ERR,ERR,ERR,ERR,ERR,ERR,ERR,ERR,ERR,ERR,ERR,ERR,ERR,ERR,ERR,ERR,ERR,ERR,ERR,ERR,ERR,ERR,ERR,ERR,ERR,ERR,ERR,ERR,ERR,ERR,ERR,ERR,ERR,ERR,ERR,ERR,ERR,ERR,ERR,ERR,ERR,ERR,ERR,ERR,ERR,ERR,ERR,ERR,ERR,ERR,0.0,0.0,0.0,0.0,0.0,1.3936040501711995e+18,7.805,0.0,0,0,4,0,8422,0.0,45,0.0,0.0,0.0,0.0,0.0,0,0,0,0,0.0,0,0,0,0,0,0,0,0,0,0,0,0,0,0,0,0,0,0,0,0,0,0,0,0,0,0,0,0,0,0,0,0,0,38,14,7,45,65476,0,300,0,0,8,21553,0.0,-107605600.0,0.0,0.0,0.0,0.0,0.0,0.0,0.0,0.0,0.0,0.0,0.0,0.0,0.0,0.0,0.0,0.0,0.0,0.0,0.0,0.0,0.0,2.004,-0.0,0.0,0.0,0.0,0.0,0.0,5016.0,-0.0,0.0,0.0,0.0,-107615280.0,2.718429300292151e+23,0.0,0.0,0.0,0.0,53,-0.0,2.718417410789135e+23,0.0,0.0,0.0,0.0,0.0,0.0,0.0,0,0,0,0.0,0.0,0.0,0.0,0.0,0.0,0.0,0.0,0.0,0.0,0.0,0.0,0.0,0.0,0.0,0.0,0,-107875648.0,53,0.0,106,-107614832.0,0.0,ERR,ERR,ERR,ERR,ERR,ERR,ERR,ERR,ERR,ERR,ERR,ERR,ERR,ERR,ERR,ERR,ERR,ERR,ERR,ERR,ERR,ERR,ERR,ERR,ERR,ERR,ERR,ERR,ERR,ERR,ERR,ERR,ERR,ERR,ERR,ERR,ERR,ERR,ERR,ERR,ERR,ERR,ERR,ERR,ERR,ERR,ERR,ERR,ERR,ERR,ERR,ERR,ERR,ERR,ERR,ERR,ERR,ERR,ERR,ERR,ERR,ERR,ERR,ERR,ERR,ERR,ERR,50.0,60.0,100,0.0,0.0,0.0,0.0,0.0,0.0,0.0,0.0,0.0,0.0,0.0,0.0,0.0,0.0,0.0,0.0,62.0,73,14,65512,50,65476,0,300,0,0,8,20529,65476,0,0,26214,60.0,0.0,0.0,0.0,0.0,0.0
2026-05-17T18:31:09,ERR,ERR,ERR,ERR,ERR,ERR,ERR,ERR,ERR,ERR,ERR,ERR,ERR,ERR,ERR,ERR,ERR,ERR,ERR,ERR,ERR,ERR,ERR,ERR,ERR,ERR,ERR,ERR,ERR,ERR,ERR,ERR,ERR,ERR,ERR,ERR,ERR,ERR,ERR,ERR,ERR,ERR,ERR,ERR,ERR,ERR,ERR,ERR,ERR,ERR,ERR,ERR,ERR,ERR,ERR,ERR,ERR,ERR,ERR,ERR,ERR,ERR,ERR,ERR,ERR,ERR,ERR,ERR,ERR,ERR,ERR,ERR,ERR,ERR,ERR,ERR,ERR,ERR,ERR,ERR,ERR,ERR,ERR,ERR,ERR,ERR,ERR,ERR,ERR,ERR,ERR,ERR,ERR,ERR,ERR,ERR,ERR,ERR,ERR,ERR,ERR,ERR,ERR,ERR,ERR,ERR,ERR,ERR,ERR,ERR,ERR,ERR,ERR,ERR,ERR,ERR,ERR,ERR,ERR,ERR,ERR,ERR,ERR,ERR,ERR,0.0,0.0,0.0,0.0,0.0,1.3936040501711995e+18,7.805,0.0,0,0,4,0,8422,0.0,45,0.0,0.0,0.0,0.0,0.0,0,0,0,0,0.0,0,0,0,0,0,0,0,0,0,0,0,0,0,0,0,0,0,0,0,0,0,0,0,0,0,0,0,0,0,0,0,0,0,38,14,7,45,65476,0,300,0,0,8,21553,0.0,-107605600.0,0.0,0.0,0.0,0.0,0.0,0.0,0.0,0.0,0.0,0.0,0.0,0.0,-2.596148429267414e+33,0.0,0.0,0.0,0.0,0.0,0.0,0.0,0.0,2.004,-0.0,0.0,0.0,0.0,0.0,0.0,5019.0,0.0,0.0,0.0,0.0,-107615280.0,2.718429300292151e+23,0.0,0.0,0.0,0.0,53,-0.0,0.0,0.0,0.0,0.0,0.0,0.0,0.0,0.0,0,0,0,0.0,0.0,0.0,0.0,0.0,0.0,0.0,0.0,0.0,0.0,0.0,0.0,0.0,0.0,0.0,0.0,0,-107875648.0,53,0.0,106,-107614832.0,0.0,ERR,ERR,ERR,ERR,ERR,ERR,ERR,ERR,ERR,ERR,ERR,ERR,ERR,ERR,ERR,ERR,ERR,ERR,ERR,ERR,ERR,ERR,ERR,ERR,ERR,ERR,ERR,ERR,ERR,ERR,ERR,ERR,ERR,ERR,ERR,ERR,ERR,ERR,ERR,ERR,ERR,ERR,ERR,ERR,ERR,ERR,ERR,ERR,ERR,ERR,ERR,ERR,ERR,ERR,ERR,ERR,ERR,ERR,ERR,ERR,ERR,ERR,ERR,ERR,ERR,ERR,ERR,50.0,60.0,100,0.0,0.0,0.0,0.0,0.0,0.0,0.0,0.0,0.0,0.0,0.0,0.0,0.0,0.0,0.0,0.0,62.0,73,14,65512,50,65476,0,300,0,0,8,20529,65476,0,0,26214,60.0,0.0,0.0,0.0,0.0,0.0
2026-05-17T18:31:10,ERR,ERR,ERR,ERR,ERR,ERR,ERR,ERR,ERR,ERR,ERR,ERR,ERR,ERR,ERR,ERR,ERR,ERR,ERR,ERR,ERR,ERR,ERR,ERR,ERR,ERR,ERR,ERR,ERR,ERR,ERR,ERR,ERR,ERR,ERR,ERR,ERR,ERR,ERR,ERR,ERR,ERR,ERR,ERR,ERR,ERR,ERR,ERR,ERR,ERR,ERR,ERR,ERR,ERR,ERR,ERR,ERR,ERR,ERR,ERR,ERR,ERR,ERR,ERR,ERR,ERR,ERR,ERR,ERR,ERR,ERR,ERR,ERR,ERR,ERR,ERR,ERR,ERR,ERR,ERR,ERR,ERR,ERR,ERR,ERR,ERR,ERR,ERR,ERR,ERR,ERR,ERR,ERR,ERR,ERR,ERR,ERR,ERR,ERR,ERR,ERR,ERR,ERR,ERR,ERR,ERR,ERR,ERR,ERR,ERR,ERR,ERR,ERR,ERR,ERR,ERR,ERR,ERR,ERR,ERR,ERR,ERR,ERR,ERR,ERR,0.0,0.0,0.0,0.0,0.0,1.3936040501711995e+18,7.805,0.0,0,0,4,0,8422,0.0,45,0.0,0.0,0.0,0.0,0.0,0,0,0,0,0.0,0,0,0,0,0,0,0,0,0,0,0,0,0,0,0,0,0,0,0,0,0,0,0,0,0,0,0,0,0,0,0,0,0,38,14,7,45,65476,0,300,0,0,8,21553,0.0,-107605600.0,0.0,0.0,0.0,0.0,0.0,0.0,0.0,0.0,0.0,0.0,0.0,0.0,-2.596148429267414e+33,0.0,0.0,0.0,0.0,0.0,0.0,0.0,0.0,2.004,-0.0,0.0,0.0,0.0,0.0,0.0,5019.0,0.0,0.0,0.0,0.0,-107615280.0,2.718429300292151e+23,0.0,0.0,0.0,0.0,53,-0.0,0.0,0.0,0.0,0.0,0.0,0.0,0.0,0.0,0,0,0,0.0,0.0,0.0,0.0,0.0,0.0,0.0,0.0,0.0,0.0,0.0,0.0,0.0,0.0,0.0,0.0,0,-107875648.0,53,0.0,106,-107614832.0,0.0,ERR,ERR,ERR,ERR,ERR,ERR,ERR,ERR,ERR,ERR,ERR,ERR,ERR,ERR,ERR,ERR,ERR,ERR,ERR,ERR,ERR,ERR,ERR,ERR,ERR,ERR,ERR,ERR,ERR,ERR,ERR,ERR,ERR,ERR,ERR,ERR,ERR,ERR,ERR,ERR,ERR,ERR,ERR,ERR,ERR,ERR,ERR,ERR,ERR,ERR,ERR,ERR,ERR,ERR,ERR,ERR,ERR,ERR,ERR,ERR,ERR,ERR,ERR,ERR,ERR,ERR,ERR,50.0,60.0,100,0.0,0.0,0.0,0.0,0.0,0.0,0.0,0.0,0.0,0.0,0.0,0.0,0.0,0.0,0.0,0.0,62.0,73,14,65512,50,65476,0,300,0,0,8,20529,65476,0,0,26214,60.0,0.0,0.0,0.0,0.0,0.0
2026-05-17T18:31:11,ERR,ERR,ERR,ERR,ERR,ERR,ERR,ERR,ERR,ERR,ERR,ERR,ERR,ERR,ERR,ERR,ERR,ERR,ERR,ERR,ERR,ERR,ERR,ERR,ERR,ERR,ERR,ERR,ERR,ERR,ERR,ERR,ERR,ERR,ERR,ERR,ERR,ERR,ERR,ERR,ERR,ERR,ERR,ERR,ERR,ERR,ERR,ERR,ERR,ERR,ERR,ERR,ERR,ERR,ERR,ERR,ERR,ERR,ERR,ERR,ERR,ERR,ERR,ERR,ERR,ERR,ERR,ERR,ERR,ERR,ERR,ERR,ERR,ERR,ERR,ERR,ERR,ERR,ERR,ERR,ERR,ERR,ERR,ERR,ERR,ERR,ERR,ERR,ERR,ERR,ERR,ERR,ERR,ERR,ERR,ERR,ERR,ERR,ERR,ERR,ERR,ERR,ERR,ERR,ERR,ERR,ERR,ERR,ERR,ERR,ERR,ERR,ERR,ERR,ERR,ERR,ERR,ERR,ERR,ERR,ERR,ERR,ERR,ERR,ERR,0.0,0.0,0.0,0.0,0.0,1.3936040501711995e+18,7.805,0.0,0,0,4,0,8422,0.0,45,0.0,0.0,0.0,0.0,0.0,0,0,0,0,0.0,0,0,0,0,0,0,0,0,0,0,0,0,0,0,0,0,0,0,0,0,0,0,0,0,0,0,0,0,0,0,0,0,0,38,14,7,45,65476,0,300,0,0,8,21553,0.0,-107605600.0,0.0,0.0,0.0,0.0,0.0,0.0,0.0,0.0,0.0,0.0,0.0,0.0,-2.596148429267414e+33,0.0,0.0,0.0,0.0,0.0,0.0,0.0,0.0,2.004,-0.0,0.0,0.0,0.0,0.0,0.0,5019.0,0.0,0.0,0.0,0.0,-107615280.0,2.718429300292151e+23,0.0,0.0,0.0,0.0,53,-0.0,0.0,0.0,0.0,0.0,0.0,0.0,0.0,0.0,0,0,0,0.0,0.0,0.0,0.0,0.0,0.0,0.0,0.0,0.0,0.0,0.0,0.0,0.0,0.0,0.0,0.0,0,-107875648.0,53,0.0,106,-107614832.0,0.0,ERR,ERR,ERR,ERR,ERR,ERR,ERR,ERR,ERR,ERR,ERR,ERR,ERR,ERR,ERR,ERR,ERR,ERR,ERR,ERR,ERR,ERR,ERR,ERR,ERR,ERR,ERR,ERR,ERR,ERR,ERR,ERR,ERR,ERR,ERR,ERR,ERR,ERR,ERR,ERR,ERR,ERR,ERR,ERR,ERR,ERR,ERR,ERR,ERR,ERR,ERR,ERR,ERR,ERR,ERR,ERR,ERR,ERR,ERR,ERR,ERR,ERR,ERR,ERR,ERR,ERR,ERR,50.0,60.0,100,0.0,0.0,0.0,0.0,0.0,0.0,0.0,0.0,0.0,0.0,0.0,0.0,0.0,0.0,0.0,0.0,62.0,73,14,65512,50,65476,0,300,0,0,8,20529,65476,0,0,26214,60.0,0.0,0.0,0.0,0.0,0.0
2026-05-17T18:31:12,ERR,ERR,ERR,ERR,ERR,ERR,ERR,ERR,ERR,ERR,ERR,ERR,ERR,ERR,ERR,ERR,ERR,ERR,ERR,ERR,ERR,ERR,ERR,ERR,ERR,ERR,ERR,ERR,ERR,ERR,ERR,ERR,ERR,ERR,ERR,ERR,ERR,ERR,ERR,ERR,ERR,ERR,ERR,ERR,ERR,ERR,ERR,ERR,ERR,ERR,ERR,ERR,ERR,ERR,ERR,ERR,ERR,ERR,ERR,ERR,ERR,ERR,ERR,ERR,ERR,ERR,ERR,ERR,ERR,ERR,ERR,ERR,ERR,ERR,ERR,ERR,ERR,ERR,ERR,ERR,ERR,ERR,ERR,ERR,ERR,ERR,ERR,ERR,ERR,ERR,ERR,ERR,ERR,ERR,ERR,ERR,ERR,ERR,ERR,ERR,ERR,ERR,ERR,ERR,ERR,ERR,ERR,ERR,ERR,ERR,ERR,ERR,ERR,ERR,ERR,ERR,ERR,ERR,ERR,ERR,ERR,ERR,ERR,ERR,ERR,0.0,0.0,0.0,0.0,0.0,1.3936040501711995e+18,7.805,0.0,0,0,4,0,8422,0.0,45,0.0,0.0,0.0,0.0,0.0,0,0,0,0,0.0,0,0,0,0,0,0,0,0,0,0,0,0,0,0,0,0,0,0,0,0,0,0,0,0,0,0,0,0,0,0,0,0,0,38,14,7,45,65476,0,300,0,0,8,21553,0.0,-107605600.0,0.0,0.0,0.0,0.0,0.0,0.0,0.0,0.0,0.0,0.0,0.0,0.0,-2.596148429267414e+33,0.0,0.0,0.0,0.0,0.0,0.0,0.0,0.0,2.004,-0.0,0.0,0.0,0.0,0.0,0.0,5019.0,0.0,0.0,0.0,0.0,-107615280.0,2.718429300292151e+23,0.0,0.0,0.0,0.0,53,-0.0,0.0,0.0,0.0,0.0,0.0,0.0,0.0,0.0,0,0,0,0.0,0.0,0.0,0.0,0.0,0.0,0.0,0.0,0.0,0.0,0.0,0.0,0.0,0.0,0.0,0.0,0,-107875648.0,53,0.0,106,-107614832.0,0.0,ERR,ERR,ERR,ERR,ERR,ERR,ERR,ERR,ERR,ERR,ERR,ERR,ERR,ERR,ERR,ERR,ERR,ERR,ERR,ERR,ERR,ERR,ERR,ERR,ERR,ERR,ERR,ERR,ERR,ERR,ERR,ERR,ERR,ERR,ERR,ERR,ERR,ERR,ERR,ERR,ERR,ERR,ERR,ERR,ERR,ERR,ERR,ERR,ERR,ERR,ERR,ERR,ERR,ERR,ERR,ERR,ERR,ERR,ERR,ERR,ERR,ERR,ERR,ERR,ERR,ERR,ERR,50.0,60.0,100,0.0,0.0,0.0,0.0,0.0,0.0,0.0,0.0,0.0,0.0,0.0,0.0,0.0,0.0,0.0,0.0,61.6,73,14,65512,50,65476,0,300,0,0,8,20529,65476,0,0,26214,60.0,0.0,0.0,0.0,0.0,0.0
2026-05-17T18:31:13,ERR,ERR,ERR,ERR,ERR,ERR,ERR,ERR,ERR,ERR,ERR,ERR,ERR,ERR,ERR,ERR,ERR,ERR,ERR,ERR,ERR,ERR,ERR,ERR,ERR,ERR,ERR,ERR,ERR,ERR,ERR,ERR,ERR,ERR,ERR,ERR,ERR,ERR,ERR,ERR,ERR,ERR,ERR,ERR,ERR,ERR,ERR,ERR,ERR,ERR,ERR,ERR,ERR,ERR,ERR,ERR,ERR,ERR,ERR,ERR,ERR,ERR,ERR,ERR,ERR,ERR,ERR,ERR,ERR,ERR,ERR,ERR,ERR,ERR,ERR,ERR,ERR,ERR,ERR,ERR,ERR,ERR,ERR,ERR,ERR,ERR,ERR,ERR,ERR,ERR,ERR,ERR,ERR,ERR,ERR,ERR,ERR,ERR,ERR,ERR,ERR,ERR,ERR,ERR,ERR,ERR,ERR,ERR,ERR,ERR,ERR,ERR,ERR,ERR,ERR,ERR,ERR,ERR,ERR,ERR,ERR,ERR,ERR,ERR,ERR,0.0,0.0,0.0,0.0,0.0,1.3936040501711995e+18,7.805,0.0,0,0,4,0,8422,0.0,45,0.0,0.0,0.0,0.0,0.0,0,0,0,0,0.0,0,0,0,0,0,0,0,0,0,0,0,0,0,0,0,0,0,0,0,0,0,0,0,0,0,0,0,0,0,0,0,0,0,38,14,7,45,65476,0,300,0,0,8,21553,0.0,-107605600.0,0.0,0.0,0.0,0.0,0.0,0.0,0.0,0.0,0.0,0.0,0.0,0.0,-2.596148429267414e+33,0.0,0.0,0.0,0.0,0.0,0.0,0.0,0.0,2.004,-0.0,0.0,0.0,0.0,0.0,0.0,5019.0,0.0,0.0,0.0,0.0,-107615280.0,2.718429300292151e+23,0.0,0.0,0.0,0.0,53,-0.0,0.0,0.0,0.0,0.0,0.0,0.0,0.0,0.0,0,0,0,0.0,0.0,0.0,0.0,0.0,0.0,0.0,0.0,0.0,0.0,0.0,0.0,0.0,0.0,0.0,0.0,0,-107875648.0,53,0.0,106,-107614832.0,0.0,ERR,ERR,ERR,ERR,ERR,ERR,ERR,ERR,ERR,ERR,ERR,ERR,ERR,ERR,ERR,ERR,ERR,ERR,ERR,ERR,ERR,ERR,ERR,ERR,ERR,ERR,ERR,ERR,ERR,ERR,ERR,ERR,ERR,ERR,ERR,ERR,ERR,ERR,ERR,ERR,ERR,ERR,ERR,ERR,ERR,ERR,ERR,ERR,ERR,ERR,ERR,ERR,ERR,ERR,ERR,ERR,ERR,ERR,ERR,ERR,ERR,ERR,ERR,ERR,ERR,ERR,ERR,50.0,60.0,100,0.0,0.0,0.0,0.0,0.0,0.0,0.0,0.0,0.0,0.0,0.0,0.0,0.0,0.0,0.0,0.0,61.6,73,14,65512,50,65476,0,300,0,0,8,20529,65476,0,0,26214,60.0,0.0,0.0,0.0,0.0,0.0
2026-05-17T18:31:14,ERR,ERR,ERR,ERR,ERR,ERR,ERR,ERR,ERR,ERR,ERR,ERR,ERR,ERR,ERR,ERR,ERR,ERR,ERR,ERR,ERR,ERR,ERR,ERR,ERR,ERR,ERR,ERR,ERR,ERR,ERR,ERR,ERR,ERR,ERR,ERR,ERR,ERR,ERR,ERR,ERR,ERR,ERR,ERR,ERR,ERR,ERR,ERR,ERR,ERR,ERR,ERR,ERR,ERR,ERR,ERR,ERR,ERR,ERR,ERR,ERR,ERR,ERR,ERR,ERR,ERR,ERR,ERR,ERR,ERR,ERR,ERR,ERR,ERR,ERR,ERR,ERR,ERR,ERR,ERR,ERR,ERR,ERR,ERR,ERR,ERR,ERR,ERR,ERR,ERR,ERR,ERR,ERR,ERR,ERR,ERR,ERR,ERR,ERR,ERR,ERR,ERR,ERR,ERR,ERR,ERR,ERR,ERR,ERR,ERR,ERR,ERR,ERR,ERR,ERR,ERR,ERR,ERR,ERR,ERR,ERR,ERR,ERR,ERR,ERR,0.0,0.0,0.0,0.0,0.0,1.3936040501711995e+18,7.805,0.0,0,0,4,0,8422,0.0,45,0.0,0.0,0.0,0.0,0.0,0,0,0,0,0.0,0,0,0,0,0,0,0,0,0,0,0,0,0,0,0,0,0,0,0,0,0,0,0,0,0,0,0,0,0,0,0,0,0,38,14,7,45,65476,0,300,0,0,8,21553,0.0,-107605600.0,0.0,0.0,0.0,0.0,0.0,0.0,0.0,0.0,0.0,0.0,0.0,0.0,0.0,0.0,0.0,0.0,0.0,0.0,0.0,0.0,0.0,2.004,-0.0,0.0,0.0,0.0,0.0,0.0,5049.0,0.0,0.0,0.0,0.0,-107615280.0,2.718429300292151e+23,0.0,0.0,0.0,0.0,53,-0.0,0.0,0.0,0.0,0.0,0.0,0.0,0.0,0.0,0,0,0,0.0,0.0,0.0,0.0,0.0,0.0,0.0,0.0,0.0,0.0,0.0,0.0,0.0,0.0,0.0,0.0,0,-107875648.0,53,0.0,106,-107614832.0,0.0,ERR,ERR,ERR,ERR,ERR,ERR,ERR,ERR,ERR,ERR,ERR,ERR,ERR,ERR,ERR,ERR,ERR,ERR,ERR,ERR,ERR,ERR,ERR,ERR,ERR,ERR,ERR,ERR,ERR,ERR,ERR,ERR,ERR,ERR,ERR,ERR,ERR,ERR,ERR,ERR,ERR,ERR,ERR,ERR,ERR,ERR,ERR,ERR,ERR,ERR,ERR,ERR,ERR,ERR,ERR,ERR,ERR,ERR,ERR,ERR,ERR,ERR,ERR,ERR,ERR,ERR,ERR,50.0,60.0,100,0.0,0.0,0.0,0.0,0.0,0.0,0.0,0.0,0.0,0.0,0.0,0.0,0.0,0.0,0.0,0.0,61.6,73,14,65512,50,65476,0,300,0,0,8,20529,65476,0,0,26214,60.0,0.0,0.0,0.0,0.0,0.0
2026-05-17T18:31:15,ERR,ERR,ERR,ERR,ERR,ERR,ERR,ERR,ERR,ERR,ERR,ERR,ERR,ERR,ERR,ERR,ERR,ERR,ERR,ERR,ERR,ERR,ERR,ERR,ERR,ERR,ERR,ERR,ERR,ERR,ERR,ERR,ERR,ERR,ERR,ERR,ERR,ERR,ERR,ERR,ERR,ERR,ERR,ERR,ERR,ERR,ERR,ERR,ERR,ERR,ERR,ERR,ERR,ERR,ERR,ERR,ERR,ERR,ERR,ERR,ERR,ERR,ERR,ERR,ERR,ERR,ERR,ERR,ERR,ERR,ERR,ERR,ERR,ERR,ERR,ERR,ERR,ERR,ERR,ERR,ERR,ERR,ERR,ERR,ERR,ERR,ERR,ERR,ERR,ERR,ERR,ERR,ERR,ERR,ERR,ERR,ERR,ERR,ERR,ERR,ERR,ERR,ERR,ERR,ERR,ERR,ERR,ERR,ERR,ERR,ERR,ERR,ERR,ERR,ERR,ERR,ERR,ERR,ERR,ERR,ERR,ERR,ERR,ERR,ERR,0.0,0.0,0.0,0.0,0.0,1.3936040501711995e+18,7.805,0.0,0,0,4,0,8422,0.0,45,0.0,0.0,0.0,0.0,0.0,0,0,0,0,0.0,0,0,0,0,0,0,0,0,0,0,0,0,0,0,0,0,0,0,0,0,0,0,0,0,0,0,0,0,0,0,0,0,0,38,14,7,45,65476,0,300,0,0,8,21553,0.0,-107605600.0,0.0,0.0,0.0,0.0,0.0,0.0,0.0,0.0,0.0,0.0,0.0,0.0,0.0,0.0,0.0,0.0,0.0,0.0,0.0,0.0,0.0,2.004,-0.0,0.0,0.0,0.0,0.0,0.0,5049.0,0.0,0.0,0.0,0.0,-107615280.0,2.718429300292151e+23,0.0,0.0,0.0,0.0,53,-0.0,0.0,0.0,0.0,0.0,0.0,0.0,0.0,0.0,0,0,0,0.0,0.0,0.0,0.0,0.0,0.0,0.0,0.0,0.0,0.0,0.0,0.0,0.0,0.0,0.0,0.0,0,-107875648.0,53,0.0,106,-107614832.0,0.0,ERR,ERR,ERR,ERR,ERR,ERR,ERR,ERR,ERR,ERR,ERR,ERR,ERR,ERR,ERR,ERR,ERR,ERR,ERR,ERR,ERR,ERR,ERR,ERR,ERR,ERR,ERR,ERR,ERR,ERR,ERR,ERR,ERR,ERR,ERR,ERR,ERR,ERR,ERR,ERR,ERR,ERR,ERR,ERR,ERR,ERR,ERR,ERR,ERR,ERR,ERR,ERR,ERR,ERR,ERR,ERR,ERR,ERR,ERR,ERR,ERR,ERR,ERR,ERR,ERR,ERR,ERR,50.0,60.0,100,0.0,0.0,0.0,0.0,0.0,0.0,0.0,0.0,0.0,0.0,0.0,0.0,0.0,0.0,0.0,0.0,62.0,73,14,65512,50,65476,0,300,0,0,8,20529,65476,0,0,26214,60.0,0.0,0.0,0.0,0.0,0.0
2026-05-17T18:31:16,ERR,ERR,ERR,ERR,ERR,ERR,ERR,ERR,ERR,ERR,ERR,ERR,ERR,ERR,ERR,ERR,ERR,ERR,ERR,ERR,ERR,ERR,ERR,ERR,ERR,ERR,ERR,ERR,ERR,ERR,ERR,ERR,ERR,ERR,ERR,ERR,ERR,ERR,ERR,ERR,ERR,ERR,ERR,ERR,ERR,ERR,ERR,ERR,ERR,ERR,ERR,ERR,ERR,ERR,ERR,ERR,ERR,ERR,ERR,ERR,ERR,ERR,ERR,ERR,ERR,ERR,ERR,ERR,ERR,ERR,ERR,ERR,ERR,ERR,ERR,ERR,ERR,ERR,ERR,ERR,ERR,ERR,ERR,ERR,ERR,ERR,ERR,ERR,ERR,ERR,ERR,ERR,ERR,ERR,ERR,ERR,ERR,ERR,ERR,ERR,ERR,ERR,ERR,ERR,ERR,ERR,ERR,ERR,ERR,ERR,ERR,ERR,ERR,ERR,ERR,ERR,ERR,ERR,ERR,ERR,ERR,ERR,ERR,ERR,ERR,0.0,0.0,0.0,0.0,0.0,1.3936040501711995e+18,7.805,0.0,0,0,4,0,8422,0.0,45,0.0,0.0,0.0,0.0,0.0,0,0,0,0,0.0,0,0,0,0,0,0,0,0,0,0,0,0,0,0,0,0,0,0,0,0,0,0,0,0,0,0,0,0,0,0,0,0,0,38,14,7,45,65476,0,300,0,0,8,21553,0.0,-107605600.0,0.0,0.0,0.0,0.0,0.0,0.0,0.0,0.0,0.0,0.0,0.0,0.0,0.0,0.0,0.0,0.0,0.0,0.0,0.0,0.0,0.0,2.004,-0.0,0.0,0.0,0.0,0.0,0.0,5049.0,0.0,0.0,0.0,0.0,-107615280.0,2.718429300292151e+23,0.0,0.0,0.0,0.0,53,-0.0,0.0,0.0,0.0,0.0,0.0,0.0,0.0,0.0,0,0,0,0.0,0.0,0.0,0.0,0.0,0.0,0.0,0.0,0.0,0.0,0.0,0.0,0.0,0.0,0.0,0.0,0,-107875648.0,53,0.0,106,-107614832.0,0.0,ERR,ERR,ERR,ERR,ERR,ERR,ERR,ERR,ERR,ERR,ERR,ERR,ERR,ERR,ERR,ERR,ERR,ERR,ERR,ERR,ERR,ERR,ERR,ERR,ERR,ERR,ERR,ERR,ERR,ERR,ERR,ERR,ERR,ERR,ERR,ERR,ERR,ERR,ERR,ERR,ERR,ERR,ERR,ERR,ERR,ERR,ERR,ERR,ERR,ERR,ERR,ERR,ERR,ERR,ERR,ERR,ERR,ERR,ERR,ERR,ERR,ERR,ERR,ERR,ERR,ERR,ERR,50.0,60.0,100,0.0,0.0,0.0,0.0,0.0,0.0,0.0,0.0,0.0,0.0,0.0,0.0,0.0,0.0,0.0,0.0,62.0,73,14,65512,50,65476,0,300,0,0,8,20529,65476,0,0,26214,60.0,0.0,0.0,0.0,0.0,0.0
2026-05-17T18:31:17,ERR,ERR,ERR,ERR,ERR,ERR,ERR,ERR,ERR,ERR,ERR,ERR,ERR,ERR,ERR,ERR,ERR,ERR,ERR,ERR,ERR,ERR,ERR,ERR,ERR,ERR,ERR,ERR,ERR,ERR,ERR,ERR,ERR,ERR,ERR,ERR,ERR,ERR,ERR,ERR,ERR,ERR,ERR,ERR,ERR,ERR,ERR,ERR,ERR,ERR,ERR,ERR,ERR,ERR,ERR,ERR,ERR,ERR,ERR,ERR,ERR,ERR,ERR,ERR,ERR,ERR,ERR,ERR,ERR,ERR,ERR,ERR,ERR,ERR,ERR,ERR,ERR,ERR,ERR,ERR,ERR,ERR,ERR,ERR,ERR,ERR,ERR,ERR,ERR,ERR,ERR,ERR,ERR,ERR,ERR,ERR,ERR,ERR,ERR,ERR,ERR,ERR,ERR,ERR,ERR,ERR,ERR,ERR,ERR,ERR,ERR,ERR,ERR,ERR,ERR,ERR,ERR,ERR,ERR,ERR,ERR,ERR,ERR,ERR,ERR,0.0,0.0,0.0,0.0,0.0,1.3936040501711995e+18,7.805,0.0,0,0,4,0,8422,0.0,45,0.0,0.0,0.0,0.0,0.0,0,0,0,0,0.0,0,0,0,0,0,0,0,0,0,0,0,0,0,0,0,0,0,0,0,0,0,0,0,0,0,0,0,0,0,0,0,0,0,38,14,7,45,65476,0,300,0,0,8,21553,0.0,-107605600.0,0.0,0.0,0.0,0.0,0.0,0.0,0.0,0.0,0.0,0.0,0.0,0.0,0.0,0.0,0.0,0.0,0.0,0.0,0.0,0.0,0.0,2.004,-0.0,0.0,0.0,0.0,0.0,0.0,5049.0,0.0,0.0,0.0,0.0,-107615280.0,2.718429300292151e+23,0.0,0.0,0.0,0.0,53,-0.0,0.0,0.0,0.0,0.0,0.0,0.0,0.0,0.0,0,0,0,0.0,0.0,0.0,0.0,0.0,0.0,0.0,0.0,0.0,0.0,0.0,0.0,0.0,0.0,0.0,0.0,0,-107875648.0,53,0.0,106,-107614832.0,0.0,ERR,ERR,ERR,ERR,ERR,ERR,ERR,ERR,ERR,ERR,ERR,ERR,ERR,ERR,ERR,ERR,ERR,ERR,ERR,ERR,ERR,ERR,ERR,ERR,ERR,ERR,ERR,ERR,ERR,ERR,ERR,ERR,ERR,ERR,ERR,ERR,ERR,ERR,ERR,ERR,ERR,ERR,ERR,ERR,ERR,ERR,ERR,ERR,ERR,ERR,ERR,ERR,ERR,ERR,ERR,ERR,ERR,ERR,ERR,ERR,ERR,ERR,ERR,ERR,ERR,ERR,ERR,50.0,60.0,100,0.0,0.0,0.0,0.0,0.0,0.0,0.0,0.0,0.0,0.0,0.0,0.0,0.0,0.0,0.0,0.0,61.6,73,14,65512,50,65476,0,300,0,0,8,20529,65476,0,0,26214,60.0,0.0,0.0,0.0,0.0,0.0
2026-05-17T18:31:18,ERR,ERR,ERR,ERR,ERR,ERR,ERR,ERR,ERR,ERR,ERR,ERR,ERR,ERR,ERR,ERR,ERR,ERR,ERR,ERR,ERR,ERR,ERR,ERR,ERR,ERR,ERR,ERR,ERR,ERR,ERR,ERR,ERR,ERR,ERR,ERR,ERR,ERR,ERR,ERR,ERR,ERR,ERR,ERR,ERR,ERR,ERR,ERR,ERR,ERR,ERR,ERR,ERR,ERR,ERR,ERR,ERR,ERR,ERR,ERR,ERR,ERR,ERR,ERR,ERR,ERR,ERR,ERR,ERR,ERR,ERR,ERR,ERR,ERR,ERR,ERR,ERR,ERR,ERR,ERR,ERR,ERR,ERR,ERR,ERR,ERR,ERR,ERR,ERR,ERR,ERR,ERR,ERR,ERR,ERR,ERR,ERR,ERR,ERR,ERR,ERR,ERR,ERR,ERR,ERR,ERR,ERR,ERR,ERR,ERR,ERR,ERR,ERR,ERR,ERR,ERR,ERR,ERR,ERR,ERR,ERR,ERR,ERR,ERR,ERR,0.0,0.0,0.0,0.0,0.0,1.3936040501711995e+18,7.805,0.0,0,0,4,0,8422,0.0,45,0.0,0.0,0.0,0.0,0.0,0,0,0,0,0.0,0,0,0,0,0,0,0,0,0,0,0,0,0,0,0,0,0,0,0,0,0,0,0,0,0,0,0,0,0,0,0,0,0,38,14,7,45,65476,0,300,0,0,8,21553,0.0,-107605600.0,0.0,0.0,0.0,0.0,0.0,0.0,0.0,0.0,0.0,0.0,0.0,0.0,0.0,0.0,0.0,0.0,0.0,0.0,0.0,0.0,0.0,2.004,-0.0,0.0,0.0,0.0,0.0,0.0,5049.0,0.0,0.0,0.0,0.0,-107615280.0,2.718429300292151e+23,0.0,0.0,0.0,0.0,53,-0.0,0.0,0.0,0.0,0.0,0.0,0.0,0.0,0.0,0,0,0,0.0,0.0,0.0,0.0,0.0,0.0,0.0,0.0,0.0,0.0,0.0,0.0,0.0,0.0,0.0,0.0,0,-107875648.0,53,0.0,106,-107614832.0,0.0,ERR,ERR,ERR,ERR,ERR,ERR,ERR,ERR,ERR,ERR,ERR,ERR,ERR,ERR,ERR,ERR,ERR,ERR,ERR,ERR,ERR,ERR,ERR,ERR,ERR,ERR,ERR,ERR,ERR,ERR,ERR,ERR,ERR,ERR,ERR,ERR,ERR,ERR,ERR,ERR,ERR,ERR,ERR,ERR,ERR,ERR,ERR,ERR,ERR,ERR,ERR,ERR,ERR,ERR,ERR,ERR,ERR,ERR,ERR,ERR,ERR,ERR,ERR,ERR,ERR,ERR,ERR,50.0,60.0,100,0.0,0.0,0.0,0.0,0.0,0.0,0.0,0.0,0.0,0.0,0.0,0.0,0.0,0.0,0.0,0.0,61.6,73,14,65512,50,65476,0,300,0,0,8,20529,65476,0,0,26214,60.0,0.0,0.0,0.0,0.0,0.0
2026-05-17T18:31:19,ERR,ERR,ERR,ERR,ERR,ERR,ERR,ERR,ERR,ERR,ERR,ERR,ERR,ERR,ERR,ERR,ERR,ERR,ERR,ERR,ERR,ERR,ERR,ERR,ERR,ERR,ERR,ERR,ERR,ERR,ERR,ERR,ERR,ERR,ERR,ERR,ERR,ERR,ERR,ERR,ERR,ERR,ERR,ERR,ERR,ERR,ERR,ERR,ERR,ERR,ERR,ERR,ERR,ERR,ERR,ERR,ERR,ERR,ERR,ERR,ERR,ERR,ERR,ERR,ERR,ERR,ERR,ERR,ERR,ERR,ERR,ERR,ERR,ERR,ERR,ERR,ERR,ERR,ERR,ERR,ERR,ERR,ERR,ERR,ERR,ERR,ERR,ERR,ERR,ERR,ERR,ERR,ERR,ERR,ERR,ERR,ERR,ERR,ERR,ERR,ERR,ERR,ERR,ERR,ERR,ERR,ERR,ERR,ERR,ERR,ERR,ERR,ERR,ERR,ERR,ERR,ERR,ERR,ERR,ERR,ERR,ERR,ERR,ERR,ERR,0.0,0.0,0.0,0.0,0.0,1.3936040501711995e+18,7.805,0.0,0,0,4,0,8422,0.0,45,0.0,0.0,0.0,0.0,0.0,0,0,0,0,0.0,0,0,0,0,0,0,0,0,0,0,0,0,0,0,0,0,0,0,0,0,0,0,0,0,0,0,0,0,0,0,0,0,0,38,14,7,45,65476,0,300,0,0,8,21553,0.0,-107605600.0,0.0,0.0,0.0,0.0,0.0,0.0,0.0,0.0,0.0,0.0,0.0,0.0,0.0,0.0,0.0,0.0,0.0,0.0,0.0,0.0,0.0,2.004,-0.0,0.0,0.0,0.0,0.0,0.0,5050.0,0.0,0.0,0.0,0.0,-107615280.0,2.718429300292151e+23,0.0,0.0,0.0,0.0,53,-0.0,0.0,0.0,0.0,0.0,0.0,0.0,0.0,0.0,0,0,0,0.0,0.0,0.0,0.0,0.0,0.0,0.0,0.0,0.0,0.0,0.0,0.0,0.0,0.0,0.0,0.0,0,-107875648.0,53,0.0,106,-107614832.0,0.0,ERR,ERR,ERR,ERR,ERR,ERR,ERR,ERR,ERR,ERR,ERR,ERR,ERR,ERR,ERR,ERR,ERR,ERR,ERR,ERR,ERR,ERR,ERR,ERR,ERR,ERR,ERR,ERR,ERR,ERR,ERR,ERR,ERR,ERR,ERR,ERR,ERR,ERR,ERR,ERR,ERR,ERR,ERR,ERR,ERR,ERR,ERR,ERR,ERR,ERR,ERR,ERR,ERR,ERR,ERR,ERR,ERR,ERR,ERR,ERR,ERR,ERR,ERR,ERR,ERR,ERR,ERR,50.0,60.0,100,0.0,0.0,0.0,0.0,0.0,0.0,0.0,0.0,0.0,0.0,0.0,0.0,0.0,0.0,0.0,0.0,61.6,73,14,65512,50,65476,0,300,0,0,8,20529,65476,0,0,26214,60.0,0.0,0.0,0.0,0.0,0.0
2026-05-17T18:31:20,ERR,ERR,ERR,ERR,ERR,ERR,ERR,ERR,ERR,ERR,ERR,ERR,ERR,ERR,ERR,ERR,ERR,ERR,ERR,ERR,ERR,ERR,ERR,ERR,ERR,ERR,ERR,ERR,ERR,ERR,ERR,ERR,ERR,ERR,ERR,ERR,ERR,ERR,ERR,ERR,ERR,ERR,ERR,ERR,ERR,ERR,ERR,ERR,ERR,ERR,ERR,ERR,ERR,ERR,ERR,ERR,ERR,ERR,ERR,ERR,ERR,ERR,ERR,ERR,ERR,ERR,ERR,ERR,ERR,ERR,ERR,ERR,ERR,ERR,ERR,ERR,ERR,ERR,ERR,ERR,ERR,ERR,ERR,ERR,ERR,ERR,ERR,ERR,ERR,ERR,ERR,ERR,ERR,ERR,ERR,ERR,ERR,ERR,ERR,ERR,ERR,ERR,ERR,ERR,ERR,ERR,ERR,ERR,ERR,ERR,ERR,ERR,ERR,ERR,ERR,ERR,ERR,ERR,ERR,ERR,ERR,ERR,ERR,ERR,ERR,0.0,0.0,0.0,0.0,0.0,1.3936040501711995e+18,7.805,0.0,0,0,4,0,8422,0.0,45,0.0,0.0,0.0,0.0,0.0,0,0,0,0,0.0,0,0,0,0,0,0,0,0,0,0,0,0,0,0,0,0,0,0,0,0,0,0,0,0,0,0,0,0,0,0,0,0,0,38,14,7,45,65476,0,300,0,0,8,21553,0.0,-107605600.0,0.0,0.0,0.0,0.0,0.0,0.0,0.0,0.0,0.0,0.0,0.0,0.0,0.0,0.0,0.0,0.0,0.0,0.0,0.0,0.0,0.0,2.004,-0.0,0.0,0.0,0.0,0.0,0.0,5050.0,0.0,0.0,0.0,0.0,-107615280.0,2.718429300292151e+23,0.0,0.0,0.0,0.0,53,-0.0,0.0,0.0,0.0,0.0,0.0,0.0,0.0,0.0,0,0,0,0.0,0.0,0.0,0.0,0.0,0.0,0.0,0.0,0.0,0.0,0.0,0.0,0.0,0.0,0.0,0.0,0,-107875648.0,53,0.0,106,-107614832.0,0.0,ERR,ERR,ERR,ERR,ERR,ERR,ERR,ERR,ERR,ERR,ERR,ERR,ERR,ERR,ERR,ERR,ERR,ERR,ERR,ERR,ERR,ERR,ERR,ERR,ERR,ERR,ERR,ERR,ERR,ERR,ERR,ERR,ERR,ERR,ERR,ERR,ERR,ERR,ERR,ERR,ERR,ERR,ERR,ERR,ERR,ERR,ERR,ERR,ERR,ERR,ERR,ERR,ERR,ERR,ERR,ERR,ERR,ERR,ERR,ERR,ERR,ERR,ERR,ERR,ERR,ERR,ERR,50.0,60.0,100,0.0,0.0,0.0,0.0,0.0,0.0,0.0,0.0,0.0,0.0,0.0,0.0,0.0,0.0,0.0,0.0,61.6,73,14,65512,50,65476,0,300,0,0,8,20529,65476,0,0,26214,60.0,0.0,0.0,0.0,0.0,0.0
2026-05-17T18:31:21,ERR,ERR,ERR,ERR,ERR,ERR,ERR,ERR,ERR,ERR,ERR,ERR,ERR,ERR,ERR,ERR,ERR,ERR,ERR,ERR,ERR,ERR,ERR,ERR,ERR,ERR,ERR,ERR,ERR,ERR,ERR,ERR,ERR,ERR,ERR,ERR,ERR,ERR,ERR,ERR,ERR,ERR,ERR,ERR,ERR,ERR,ERR,ERR,ERR,ERR,ERR,ERR,ERR,ERR,ERR,ERR,ERR,ERR,ERR,ERR,ERR,ERR,ERR,ERR,ERR,ERR,ERR,ERR,ERR,ERR,ERR,ERR,ERR,ERR,ERR,ERR,ERR,ERR,ERR,ERR,ERR,ERR,ERR,ERR,ERR,ERR,ERR,ERR,ERR,ERR,ERR,ERR,ERR,ERR,ERR,ERR,ERR,ERR,ERR,ERR,ERR,ERR,ERR,ERR,ERR,ERR,ERR,ERR,ERR,ERR,ERR,ERR,ERR,ERR,ERR,ERR,ERR,ERR,ERR,ERR,ERR,ERR,ERR,ERR,ERR,0.0,0.0,0.0,0.0,0.0,1.3936040501711995e+18,7.805,0.0,0,0,4,0,8422,0.0,45,0.0,0.0,0.0,0.0,0.0,0,0,0,0,0.0,0,0,0,0,0,0,0,0,0,0,0,0,0,0,0,0,0,0,0,0,0,0,0,0,0,0,0,0,0,0,0,0,0,38,14,7,45,65476,0,300,0,0,8,21553,0.0,-107605600.0,0.0,0.0,0.0,0.0,0.0,0.0,0.0,0.0,0.0,0.0,0.0,0.0,0.0,0.0,0.0,0.0,0.0,0.0,0.0,0.0,0.0,2.004,-0.0,0.0,0.0,0.0,0.0,0.0,5050.0,0.0,0.0,0.0,0.0,-107615280.0,2.718429300292151e+23,0.0,0.0,0.0,0.0,53,-0.0,0.0,0.0,0.0,0.0,0.0,0.0,0.0,0.0,0,0,0,0.0,0.0,0.0,0.0,0.0,0.0,0.0,0.0,0.0,0.0,0.0,0.0,0.0,0.0,0.0,0.0,0,-107875648.0,53,0.0,106,-107614832.0,0.0,ERR,ERR,ERR,ERR,ERR,ERR,ERR,ERR,ERR,ERR,ERR,ERR,ERR,ERR,ERR,ERR,ERR,ERR,ERR,ERR,ERR,ERR,ERR,ERR,ERR,ERR,ERR,ERR,ERR,ERR,ERR,ERR,ERR,ERR,ERR,ERR,ERR,ERR,ERR,ERR,ERR,ERR,ERR,ERR,ERR,ERR,ERR,ERR,ERR,ERR,ERR,ERR,ERR,ERR,ERR,ERR,ERR,ERR,ERR,ERR,ERR,ERR,ERR,ERR,ERR,ERR,ERR,50.0,60.0,100,0.0,0.0,0.0,0.0,0.0,0.0,0.0,0.0,0.0,0.0,0.0,0.0,0.0,0.0,0.0,0.0,61.6,73,14,65512,50,65476,0,300,0,0,8,20529,65476,0,0,26214,60.0,0.0,0.0,0.0,0.0,0.0
2026-05-17T18:31:22,ERR,ERR,ERR,ERR,ERR,ERR,ERR,ERR,ERR,ERR,ERR,ERR,ERR,ERR,ERR,ERR,ERR,ERR,ERR,ERR,ERR,ERR,ERR,ERR,ERR,ERR,ERR,ERR,ERR,ERR,ERR,ERR,ERR,ERR,ERR,ERR,ERR,ERR,ERR,ERR,ERR,ERR,ERR,ERR,ERR,ERR,ERR,ERR,ERR,ERR,ERR,ERR,ERR,ERR,ERR,ERR,ERR,ERR,ERR,ERR,ERR,ERR,ERR,ERR,ERR,ERR,ERR,ERR,ERR,ERR,ERR,ERR,ERR,ERR,ERR,ERR,ERR,ERR,ERR,ERR,ERR,ERR,ERR,ERR,ERR,ERR,ERR,ERR,ERR,ERR,ERR,ERR,ERR,ERR,ERR,ERR,ERR,ERR,ERR,ERR,ERR,ERR,ERR,ERR,ERR,ERR,ERR,ERR,ERR,ERR,ERR,ERR,ERR,ERR,ERR,ERR,ERR,ERR,ERR,ERR,ERR,ERR,ERR,ERR,ERR,0.0,0.0,0.0,0.0,0.0,1.3936040501711995e+18,7.805,0.0,0,0,4,0,8422,0.0,45,0.0,0.0,0.0,0.0,0.0,0,0,0,0,0.0,0,0,0,0,0,0,0,0,0,0,0,0,0,0,0,0,0,0,0,0,0,0,0,0,0,0,0,0,0,0,0,0,0,38,14,7,45,65476,0,300,0,0,8,21553,0.0,-107605600.0,0.0,0.0,0.0,0.0,0.0,0.0,0.0,0.0,0.0,0.0,0.0,0.0,0.0,0.0,0.0,0.0,0.0,0.0,0.0,0.0,0.0,2.004,-0.0,0.0,0.0,0.0,0.0,0.0,5050.0,0.0,0.0,0.0,0.0,-107615280.0,2.718429300292151e+23,0.0,0.0,0.0,0.0,53,-0.0,0.0,0.0,0.0,0.0,0.0,0.0,0.0,0.0,0,0,0,0.0,0.0,0.0,0.0,0.0,0.0,0.0,0.0,0.0,0.0,0.0,0.0,0.0,0.0,0.0,0.0,0,-107875648.0,53,0.0,106,-107614832.0,0.0,ERR,ERR,ERR,ERR,ERR,ERR,ERR,ERR,ERR,ERR,ERR,ERR,ERR,ERR,ERR,ERR,ERR,ERR,ERR,ERR,ERR,ERR,ERR,ERR,ERR,ERR,ERR,ERR,ERR,ERR,ERR,ERR,ERR,ERR,ERR,ERR,ERR,ERR,ERR,ERR,ERR,ERR,ERR,ERR,ERR,ERR,ERR,ERR,ERR,ERR,ERR,ERR,ERR,ERR,ERR,ERR,ERR,ERR,ERR,ERR,ERR,ERR,ERR,ERR,ERR,ERR,ERR,50.0,60.0,100,0.0,0.0,0.0,0.0,0.0,0.0,0.0,0.0,0.0,0.0,0.0,0.0,0.0,0.0,0.0,0.0,61.6,73,14,65512,50,65476,0,300,0,0,8,20529,65476,0,0,26214,60.0,0.0,0.0,0.0,0.0,0.0
2026-05-17T18:31:23,ERR,ERR,ERR,ERR,ERR,ERR,ERR,ERR,ERR,ERR,ERR,ERR,ERR,ERR,ERR,ERR,ERR,ERR,ERR,ERR,ERR,ERR,ERR,ERR,ERR,ERR,ERR,ERR,ERR,ERR,ERR,ERR,ERR,ERR,ERR,ERR,ERR,ERR,ERR,ERR,ERR,ERR,ERR,ERR,ERR,ERR,ERR,ERR,ERR,ERR,ERR,ERR,ERR,ERR,ERR,ERR,ERR,ERR,ERR,ERR,ERR,ERR,ERR,ERR,ERR,ERR,ERR,ERR,ERR,ERR,ERR,ERR,ERR,ERR,ERR,ERR,ERR,ERR,ERR,ERR,ERR,ERR,ERR,ERR,ERR,ERR,ERR,ERR,ERR,ERR,ERR,ERR,ERR,ERR,ERR,ERR,ERR,ERR,ERR,ERR,ERR,ERR,ERR,ERR,ERR,ERR,ERR,ERR,ERR,ERR,ERR,ERR,ERR,ERR,ERR,ERR,ERR,ERR,ERR,ERR,ERR,ERR,ERR,ERR,ERR,0.0,0.0,0.0,0.0,0.0,1.3936040501711995e+18,7.805,0.0,0,0,4,0,8422,0.0,45,0.0,0.0,0.0,0.0,0.0,0,0,0,0,0.0,0,0,0,0,0,0,0,0,0,0,0,0,0,0,0,0,0,0,0,0,0,0,0,0,0,0,0,0,0,0,0,0,0,38,14,7,45,65476,0,300,0,0,8,21553,0.0,-107605600.0,0.0,0.0,0.0,0.0,0.0,0.0,0.0,0.0,0.0,0.0,0.0,0.0,0.0,0.0,0.0,0.0,0.0,0.0,0.0,0.0,0.0,2.004,-0.0,0.0,0.0,0.0,0.0,0.0,5050.0,0.0,0.0,0.0,0.0,-107615280.0,2.718429300292151e+23,0.0,0.0,0.0,0.0,53,-0.0,0.0,0.0,0.0,0.0,0.0,0.0,0.0,0.0,0,0,0,0.0,0.0,0.0,0.0,0.0,0.0,0.0,0.0,0.0,0.0,0.0,0.0,0.0,0.0,0.0,0.0,0,-107875648.0,53,0.0,106,-107614832.0,0.0,ERR,ERR,ERR,ERR,ERR,ERR,ERR,ERR,ERR,ERR,ERR,ERR,ERR,ERR,ERR,ERR,ERR,ERR,ERR,ERR,ERR,ERR,ERR,ERR,ERR,ERR,ERR,ERR,ERR,ERR,ERR,ERR,ERR,ERR,ERR,ERR,ERR,ERR,ERR,ERR,ERR,ERR,ERR,ERR,ERR,ERR,ERR,ERR,ERR,ERR,ERR,ERR,ERR,ERR,ERR,ERR,ERR,ERR,ERR,ERR,ERR,ERR,ERR,ERR,ERR,ERR,ERR,50.0,60.0,100,0.0,0.0,0.0,0.0,0.0,0.0,0.0,0.0,0.0,0.0,0.0,0.0,0.0,0.0,0.0,0.0,61.6,73,14,65512,50,65476,0,300,0,0,8,20529,65476,0,0,26214,60.0,0.0,0.0,0.0,0.0,0.0
2026-05-17T18:31:24,ERR,ERR,ERR,ERR,ERR,ERR,ERR,ERR,ERR,ERR,ERR,ERR,ERR,ERR,ERR,ERR,ERR,ERR,ERR,ERR,ERR,ERR,ERR,ERR,ERR,ERR,ERR,ERR,ERR,ERR,ERR,ERR,ERR,ERR,ERR,ERR,ERR,ERR,ERR,ERR,ERR,ERR,ERR,ERR,ERR,ERR,ERR,ERR,ERR,ERR,ERR,ERR,ERR,ERR,ERR,ERR,ERR,ERR,ERR,ERR,ERR,ERR,ERR,ERR,ERR,ERR,ERR,ERR,ERR,ERR,ERR,ERR,ERR,ERR,ERR,ERR,ERR,ERR,ERR,ERR,ERR,ERR,ERR,ERR,ERR,ERR,ERR,ERR,ERR,ERR,ERR,ERR,ERR,ERR,ERR,ERR,ERR,ERR,ERR,ERR,ERR,ERR,ERR,ERR,ERR,ERR,ERR,ERR,ERR,ERR,ERR,ERR,ERR,ERR,ERR,ERR,ERR,ERR,ERR,ERR,ERR,ERR,ERR,ERR,ERR,0.0,0.0,0.0,0.0,0.0,1.3936040501711995e+18,7.805,0.0,0,0,4,0,8422,0.0,45,0.0,0.0,0.0,0.0,0.0,0,0,0,0,0.0,0,0,0,0,0,0,0,0,0,0,0,0,0,0,0,0,0,0,0,0,0,0,0,0,0,0,0,0,0,0,0,0,0,38,14,7,45,65476,0,300,0,0,8,21553,0.0,-107605600.0,0.0,0.0,0.0,0.0,0.0,0.0,0.0,0.0,0.0,0.0,0.0,0.0,0.0,0.0,0.0,0.0,0.0,0.0,0.0,0.0,0.0,2.004,-0.0,0.0,0.0,0.0,0.0,0.0,5050.0,0.0,0.0,0.0,0.0,-107615280.0,2.718429300292151e+23,0.0,0.0,0.0,0.0,53,-0.0,0.0,0.0,0.0,0.0,0.0,0.0,0.0,0.0,0,0,0,0.0,0.0,0.0,0.0,0.0,0.0,0.0,0.0,0.0,0.0,0.0,0.0,0.0,0.0,0.0,0.0,0,-107875648.0,53,0.0,106,-107614832.0,0.0,ERR,ERR,ERR,ERR,ERR,ERR,ERR,ERR,ERR,ERR,ERR,ERR,ERR,ERR,ERR,ERR,ERR,ERR,ERR,ERR,ERR,ERR,ERR,ERR,ERR,ERR,ERR,ERR,ERR,ERR,ERR,ERR,ERR,ERR,ERR,ERR,ERR,ERR,ERR,ERR,ERR,ERR,ERR,ERR,ERR,ERR,ERR,ERR,ERR,ERR,ERR,ERR,ERR,ERR,ERR,ERR,ERR,ERR,ERR,ERR,ERR,ERR,ERR,ERR,ERR,ERR,ERR,50.0,60.0,100,0.0,0.0,0.0,0.0,0.0,0.0,0.0,0.0,0.0,0.0,0.0,0.0,0.0,0.0,0.0,0.0,62.0,73,14,65512,50,65476,0,300,0,0,8,20529,65476,0,0,26214,60.0,0.0,0.0,0.0,0.0,0.0
2026-05-17T18:31:25,ERR,ERR,ERR,ERR,ERR,ERR,ERR,ERR,ERR,ERR,ERR,ERR,ERR,ERR,ERR,ERR,ERR,ERR,ERR,ERR,ERR,ERR,ERR,ERR,ERR,ERR,ERR,ERR,ERR,ERR,ERR,ERR,ERR,ERR,ERR,ERR,ERR,ERR,ERR,ERR,ERR,ERR,ERR,ERR,ERR,ERR,ERR,ERR,ERR,ERR,ERR,ERR,ERR,ERR,ERR,ERR,ERR,ERR,ERR,ERR,ERR,ERR,ERR,ERR,ERR,ERR,ERR,ERR,ERR,ERR,ERR,ERR,ERR,ERR,ERR,ERR,ERR,ERR,ERR,ERR,ERR,ERR,ERR,ERR,ERR,ERR,ERR,ERR,ERR,ERR,ERR,ERR,ERR,ERR,ERR,ERR,ERR,ERR,ERR,ERR,ERR,ERR,ERR,ERR,ERR,ERR,ERR,ERR,ERR,ERR,ERR,ERR,ERR,ERR,ERR,ERR,ERR,ERR,ERR,ERR,ERR,ERR,ERR,ERR,ERR,0.0,0.0,0.0,0.0,0.0,1.3936040501711995e+18,7.805,0.0,0,0,4,0,8422,0.0,45,0.0,0.0,0.0,0.0,0.0,0,0,0,0,0.0,0,0,0,0,0,0,0,0,0,0,0,0,0,0,0,0,0,0,0,0,0,0,0,0,0,0,0,0,0,0,0,0,0,38,14,7,45,65476,0,300,0,0,8,21553,0.0,-107605600.0,0.0,0.0,0.0,0.0,0.0,0.0,0.0,0.0,0.0,0.0,0.0,0.0,0.0,0.0,0.0,0.0,0.0,0.0,0.0,0.0,0.0,2.004,-0.0,0.0,0.0,0.0,0.0,0.0,5047.0,0.0,0.0,0.0,0.0,-107615280.0,2.718429300292151e+23,0.0,0.0,0.0,0.0,53,-0.0,0.0,0.0,0.0,0.0,0.0,0.0,0.0,0.0,0,0,0,0.0,0.0,0.0,0.0,0.0,0.0,0.0,0.0,0.0,0.0,0.0,0.0,0.0,0.0,0.0,0.0,0,-107875648.0,53,0.0,106,-107614832.0,0.0,ERR,ERR,ERR,ERR,ERR,ERR,ERR,ERR,ERR,ERR,ERR,ERR,ERR,ERR,ERR,ERR,ERR,ERR,ERR,ERR,ERR,ERR,ERR,ERR,ERR,ERR,ERR,ERR,ERR,ERR,ERR,ERR,ERR,ERR,ERR,ERR,ERR,ERR,ERR,ERR,ERR,ERR,ERR,ERR,ERR,ERR,ERR,ERR,ERR,ERR,ERR,ERR,ERR,ERR,ERR,ERR,ERR,ERR,ERR,ERR,ERR,ERR,ERR,ERR,ERR,ERR,ERR,50.0,60.0,100,0.0,0.0,0.0,0.0,0.0,0.0,0.0,0.0,0.0,0.0,0.0,0.0,0.0,0.0,0.0,0.0,62.0,73,14,65512,50,65476,0,300,0,0,8,20529,65476,0,0,26214,60.0,0.0,0.0,0.0,0.0,0.0
2026-05-17T18:31:26,ERR,ERR,ERR,ERR,ERR,ERR,ERR,ERR,ERR,ERR,ERR,ERR,ERR,ERR,ERR,ERR,ERR,ERR,ERR,ERR,ERR,ERR,ERR,ERR,ERR,ERR,ERR,ERR,ERR,ERR,ERR,ERR,ERR,ERR,ERR,ERR,ERR,ERR,ERR,ERR,ERR,ERR,ERR,ERR,ERR,ERR,ERR,ERR,ERR,ERR,ERR,ERR,ERR,ERR,ERR,ERR,ERR,ERR,ERR,ERR,ERR,ERR,ERR,ERR,ERR,ERR,ERR,ERR,ERR,ERR,ERR,ERR,ERR,ERR,ERR,ERR,ERR,ERR,ERR,ERR,ERR,ERR,ERR,ERR,ERR,ERR,ERR,ERR,ERR,ERR,ERR,ERR,ERR,ERR,ERR,ERR,ERR,ERR,ERR,ERR,ERR,ERR,ERR,ERR,ERR,ERR,ERR,ERR,ERR,ERR,ERR,ERR,ERR,ERR,ERR,ERR,ERR,ERR,ERR,ERR,ERR,ERR,ERR,ERR,ERR,0.0,0.0,0.0,0.0,0.0,1.3936040501711995e+18,7.805,0.0,0,0,4,0,8422,0.0,45,0.0,0.0,0.0,0.0,0.0,0,0,0,0,0.0,0,0,0,0,0,0,0,0,0,0,0,0,0,0,0,0,0,0,0,0,0,0,0,0,0,0,0,0,0,0,0,0,0,38,14,7,45,65476,0,300,0,0,8,21553,0.0,-107605600.0,0.0,0.0,0.0,0.0,0.0,0.0,0.0,0.0,0.0,0.0,0.0,0.0,0.0,0.0,0.0,0.0,0.0,0.0,0.0,0.0,0.0,2.004,-0.0,0.0,0.0,0.0,0.0,0.0,5047.0,0.0,0.0,0.0,0.0,-107615280.0,2.718429300292151e+23,0.0,0.0,0.0,0.0,53,-0.0,0.0,0.0,0.0,0.0,0.0,0.0,0.0,0.0,0,0,0,0.0,0.0,0.0,0.0,0.0,0.0,0.0,0.0,0.0,0.0,0.0,0.0,0.0,0.0,0.0,0.0,0,-107875648.0,53,0.0,106,-107614832.0,0.0,ERR,ERR,ERR,ERR,ERR,ERR,ERR,ERR,ERR,ERR,ERR,ERR,ERR,ERR,ERR,ERR,ERR,ERR,ERR,ERR,ERR,ERR,ERR,ERR,ERR,ERR,ERR,ERR,ERR,ERR,ERR,ERR,ERR,ERR,ERR,ERR,ERR,ERR,ERR,ERR,ERR,ERR,ERR,ERR,ERR,ERR,ERR,ERR,ERR,ERR,ERR,ERR,ERR,ERR,ERR,ERR,ERR,ERR,ERR,ERR,ERR,ERR,ERR,ERR,ERR,ERR,ERR,50.0,60.0,100,0.0,0.0,0.0,0.0,0.0,0.0,0.0,0.0,0.0,0.0,0.0,0.0,0.0,0.0,0.0,0.0,61.6,73,14,65512,50,65476,0,300,0,0,8,20529,65476,0,0,26214,60.0,0.0,0.0,0.0,0.0,0.0
2026-05-17T18:31:27,ERR,ERR,ERR,ERR,ERR,ERR,ERR,ERR,ERR,ERR,ERR,ERR,ERR,ERR,ERR,ERR,ERR,ERR,ERR,ERR,ERR,ERR,ERR,ERR,ERR,ERR,ERR,ERR,ERR,ERR,ERR,ERR,ERR,ERR,ERR,ERR,ERR,ERR,ERR,ERR,ERR,ERR,ERR,ERR,ERR,ERR,ERR,ERR,ERR,ERR,ERR,ERR,ERR,ERR,ERR,ERR,ERR,ERR,ERR,ERR,ERR,ERR,ERR,ERR,ERR,ERR,ERR,ERR,ERR,ERR,ERR,ERR,ERR,ERR,ERR,ERR,ERR,ERR,ERR,ERR,ERR,ERR,ERR,ERR,ERR,ERR,ERR,ERR,ERR,ERR,ERR,ERR,ERR,ERR,ERR,ERR,ERR,ERR,ERR,ERR,ERR,ERR,ERR,ERR,ERR,ERR,ERR,ERR,ERR,ERR,ERR,ERR,ERR,ERR,ERR,ERR,ERR,ERR,ERR,ERR,ERR,ERR,ERR,ERR,ERR,0.0,0.0,0.0,0.0,0.0,1.3936040501711995e+18,7.805,0.0,0,0,4,0,8422,0.0,45,0.0,0.0,0.0,0.0,0.0,0,0,0,0,0.0,0,0,0,0,0,0,0,0,0,0,0,0,0,0,0,0,0,0,0,0,0,0,0,0,0,0,0,0,0,0,0,0,0,38,14,7,45,65476,0,300,0,0,8,21553,0.0,-107605600.0,0.0,0.0,0.0,0.0,0.0,0.0,0.0,0.0,0.0,0.0,0.0,0.0,0.0,0.0,0.0,0.0,0.0,0.0,0.0,0.0,0.0,2.004,-0.0,0.0,0.0,0.0,0.0,0.0,5047.0,0.0,0.0,0.0,0.0,-107615280.0,2.718429300292151e+23,0.0,0.0,0.0,0.0,53,-0.0,0.0,0.0,0.0,0.0,0.0,0.0,0.0,0.0,0,0,0,0.0,0.0,0.0,0.0,0.0,0.0,0.0,0.0,0.0,0.0,0.0,0.0,0.0,0.0,0.0,0.0,0,-107875648.0,53,0.0,106,-107614832.0,0.0,ERR,ERR,ERR,ERR,ERR,ERR,ERR,ERR,ERR,ERR,ERR,ERR,ERR,ERR,ERR,ERR,ERR,ERR,ERR,ERR,ERR,ERR,ERR,ERR,ERR,ERR,ERR,ERR,ERR,ERR,ERR,ERR,ERR,ERR,ERR,ERR,ERR,ERR,ERR,ERR,ERR,ERR,ERR,ERR,ERR,ERR,ERR,ERR,ERR,ERR,ERR,ERR,ERR,ERR,ERR,ERR,ERR,ERR,ERR,ERR,ERR,ERR,ERR,ERR,ERR,ERR,ERR,50.0,60.0,100,0.0,0.0,0.0,0.0,0.0,0.0,0.0,0.0,0.0,0.0,0.0,0.0,0.0,0.0,0.0,0.0,61.6,73,14,65512,50,65476,0,300,0,0,8,20529,65476,0,0,26214,60.0,0.0,0.0,0.0,0.0,0.0
2026-05-17T18:31:28,ERR,ERR,ERR,ERR,ERR,ERR,ERR,ERR,ERR,ERR,ERR,ERR,ERR,ERR,ERR,ERR,ERR,ERR,ERR,ERR,ERR,ERR,ERR,ERR,ERR,ERR,ERR,ERR,ERR,ERR,ERR,ERR,ERR,ERR,ERR,ERR,ERR,ERR,ERR,ERR,ERR,ERR,ERR,ERR,ERR,ERR,ERR,ERR,ERR,ERR,ERR,ERR,ERR,ERR,ERR,ERR,ERR,ERR,ERR,ERR,ERR,ERR,ERR,ERR,ERR,ERR,ERR,ERR,ERR,ERR,ERR,ERR,ERR,ERR,ERR,ERR,ERR,ERR,ERR,ERR,ERR,ERR,ERR,ERR,ERR,ERR,ERR,ERR,ERR,ERR,ERR,ERR,ERR,ERR,ERR,ERR,ERR,ERR,ERR,ERR,ERR,ERR,ERR,ERR,ERR,ERR,ERR,ERR,ERR,ERR,ERR,ERR,ERR,ERR,ERR,ERR,ERR,ERR,ERR,ERR,ERR,ERR,ERR,ERR,ERR,0.0,0.0,0.0,0.0,0.0,1.3936040501711995e+18,7.805,0.0,0,0,4,0,8422,0.0,45,0.0,0.0,0.0,0.0,0.0,0,0,0,0,0.0,0,0,0,0,0,0,0,0,0,0,0,0,0,0,0,0,0,0,0,0,0,0,0,0,0,0,0,0,0,0,0,0,0,38,14,7,45,65476,0,300,0,0,8,21553,0.0,-107605600.0,0.0,0.0,0.0,0.0,0.0,0.0,0.0,0.0,0.0,0.0,0.0,0.0,0.0,0.0,0.0,0.0,0.0,0.0,0.0,0.0,0.0,2.004,-0.0,0.0,0.0,0.0,0.0,0.0,5047.0,0.0,0.0,0.0,0.0,-107615280.0,2.718429300292151e+23,0.0,0.0,0.0,0.0,53,-0.0,0.0,0.0,0.0,0.0,0.0,0.0,0.0,0.0,0,0,0,0.0,0.0,0.0,0.0,0.0,0.0,0.0,0.0,0.0,0.0,0.0,0.0,0.0,0.0,0.0,0.0,0,-107875648.0,53,0.0,106,-107614832.0,0.0,ERR,ERR,ERR,ERR,ERR,ERR,ERR,ERR,ERR,ERR,ERR,ERR,ERR,ERR,ERR,ERR,ERR,ERR,ERR,ERR,ERR,ERR,ERR,ERR,ERR,ERR,ERR,ERR,ERR,ERR,ERR,ERR,ERR,ERR,ERR,ERR,ERR,ERR,ERR,ERR,ERR,ERR,ERR,ERR,ERR,ERR,ERR,ERR,ERR,ERR,ERR,ERR,ERR,ERR,ERR,ERR,ERR,ERR,ERR,ERR,ERR,ERR,ERR,ERR,ERR,ERR,ERR,50.0,60.0,100,0.0,0.0,0.0,0.0,0.0,0.0,0.0,0.0,0.0,0.0,0.0,0.0,0.0,0.0,0.0,0.0,62.0,73,14,65512,50,65476,0,300,0,0,8,20529,65476,0,0,26214,60.0,0.0,0.0,0.0,0.0,0.0
2026-05-17T18:31:29,ERR,ERR,ERR,ERR,ERR,ERR,ERR,ERR,ERR,ERR,ERR,ERR,ERR,ERR,ERR,ERR,ERR,ERR,ERR,ERR,ERR,ERR,ERR,ERR,ERR,ERR,ERR,ERR,ERR,ERR,ERR,ERR,ERR,ERR,ERR,ERR,ERR,ERR,ERR,ERR,ERR,ERR,ERR,ERR,ERR,ERR,ERR,ERR,ERR,ERR,ERR,ERR,ERR,ERR,ERR,ERR,ERR,ERR,ERR,ERR,ERR,ERR,ERR,ERR,ERR,ERR,ERR,ERR,ERR,ERR,ERR,ERR,ERR,ERR,ERR,ERR,ERR,ERR,ERR,ERR,ERR,ERR,ERR,ERR,ERR,ERR,ERR,ERR,ERR,ERR,ERR,ERR,ERR,ERR,ERR,ERR,ERR,ERR,ERR,ERR,ERR,ERR,ERR,ERR,ERR,ERR,ERR,ERR,ERR,ERR,ERR,ERR,ERR,ERR,ERR,ERR,ERR,ERR,ERR,ERR,ERR,ERR,ERR,ERR,ERR,0.0,0.0,0.0,0.0,0.0,1.3936040501711995e+18,7.805,0.0,0,0,4,0,8422,0.0,45,0.0,0.0,0.0,0.0,0.0,0,0,0,0,0.0,0,0,0,0,0,0,0,0,0,0,0,0,0,0,0,0,0,0,0,0,0,0,0,0,0,0,0,0,0,0,0,0,0,38,14,7,45,65476,0,300,0,0,8,21553,0.0,-107605600.0,0.0,0.0,0.0,0.0,0.0,0.0,0.0,0.0,0.0,0.0,0.0,0.0,0.0,0.0,0.0,0.0,0.0,0.0,0.0,0.0,0.0,2.004,-0.0,0.0,0.0,0.0,0.0,0.0,5047.0,0.0,0.0,0.0,0.0,-107615280.0,2.718429300292151e+23,0.0,0.0,0.0,0.0,53,-0.0,0.0,0.0,0.0,0.0,0.0,0.0,0.0,0.0,0,0,0,0.0,0.0,0.0,0.0,0.0,0.0,0.0,0.0,0.0,0.0,0.0,0.0,0.0,0.0,0.0,0.0,0,-107875648.0,53,0.0,106,-107614832.0,0.0,ERR,ERR,ERR,ERR,ERR,ERR,ERR,ERR,ERR,ERR,ERR,ERR,ERR,ERR,ERR,ERR,ERR,ERR,ERR,ERR,ERR,ERR,ERR,ERR,ERR,ERR,ERR,ERR,ERR,ERR,ERR,ERR,ERR,ERR,ERR,ERR,ERR,ERR,ERR,ERR,ERR,ERR,ERR,ERR,ERR,ERR,ERR,ERR,ERR,ERR,ERR,ERR,ERR,ERR,ERR,ERR,ERR,ERR,ERR,ERR,ERR,ERR,ERR,ERR,ERR,ERR,ERR,50.0,60.0,100,0.0,0.0,0.0,0.0,0.0,0.0,0.0,0.0,0.0,0.0,0.0,0.0,0.0,0.0,0.0,0.0,61.6,73,14,65512,50,65476,0,300,0,0,8,20529,65476,0,0,26214,60.0,0.0,0.0,0.0,0.0,0.0
2026-05-17T18:31:30,ERR,ERR,ERR,ERR,ERR,ERR,ERR,ERR,ERR,ERR,ERR,ERR,ERR,ERR,ERR,ERR,ERR,ERR,ERR,ERR,ERR,ERR,ERR,ERR,ERR,ERR,ERR,ERR,ERR,ERR,ERR,ERR,ERR,ERR,ERR,ERR,ERR,ERR,ERR,ERR,ERR,ERR,ERR,ERR,ERR,ERR,ERR,ERR,ERR,ERR,ERR,ERR,ERR,ERR,ERR,ERR,ERR,ERR,ERR,ERR,ERR,ERR,ERR,ERR,ERR,ERR,ERR,ERR,ERR,ERR,ERR,ERR,ERR,ERR,ERR,ERR,ERR,ERR,ERR,ERR,ERR,ERR,ERR,ERR,ERR,ERR,ERR,ERR,ERR,ERR,ERR,ERR,ERR,ERR,ERR,ERR,ERR,ERR,ERR,ERR,ERR,ERR,ERR,ERR,ERR,ERR,ERR,ERR,ERR,ERR,ERR,ERR,ERR,ERR,ERR,ERR,ERR,ERR,ERR,ERR,ERR,ERR,ERR,ERR,ERR,0.0,0.0,0.0,0.0,0.0,1.3936040501711995e+18,7.805,0.0,0,0,4,0,8422,0.0,45,0.0,0.0,0.0,0.0,0.0,0,0,0,0,0.0,0,0,0,0,0,0,0,0,0,0,0,0,0,0,0,0,0,0,0,0,0,0,0,0,0,0,0,0,0,0,0,0,0,38,14,7,45,65476,0,300,0,0,8,21553,0.0,-107605600.0,0.0,0.0,0.0,0.0,0.0,0.0,0.0,0.0,0.0,0.0,0.0,0.0,0.0,0.0,0.0,0.0,0.0,0.0,0.0,0.0,0.0,2.004,-0.0,0.0,0.0,0.0,0.0,0.0,5053.0,1.5879295420089355e+29,0.0,0.0,0.0,-107615280.0,2.718429300292151e+23,0.0,0.0,0.0,0.0,53,-0.0,-0.0,0.0,0.0,0.0,0.0,0.0,0.0,0.0,0,0,0,0.0,0.0,0.0,0.0,0.0,0.0,0.0,0.0,0.0,0.0,0.0,0.0,0.0,0.0,0.0,0.0,0,-107875648.0,53,0.0,106,-107614832.0,0.0,ERR,ERR,ERR,ERR,ERR,ERR,ERR,ERR,ERR,ERR,ERR,ERR,ERR,ERR,ERR,ERR,ERR,ERR,ERR,ERR,ERR,ERR,ERR,ERR,ERR,ERR,ERR,ERR,ERR,ERR,ERR,ERR,ERR,ERR,ERR,ERR,ERR,ERR,ERR,ERR,ERR,ERR,ERR,ERR,ERR,ERR,ERR,ERR,ERR,ERR,ERR,ERR,ERR,ERR,ERR,ERR,ERR,ERR,ERR,ERR,ERR,ERR,ERR,ERR,ERR,ERR,ERR,50.0,60.0,100,0.0,0.0,0.0,0.0,0.0,0.0,0.0,0.0,0.0,0.0,0.0,0.0,0.0,0.0,0.0,0.0,61.6,73,14,65512,50,65476,0,300,0,0,8,20529,65476,0,0,26214,60.0,0.0,0.0,0.0,0.0,0.0
2026-05-17T18:31:31,ERR,ERR,ERR,ERR,ERR,ERR,ERR,ERR,ERR,ERR,ERR,ERR,ERR,ERR,ERR,ERR,ERR,ERR,ERR,ERR,ERR,ERR,ERR,ERR,ERR,ERR,ERR,ERR,ERR,ERR,ERR,ERR,ERR,ERR,ERR,ERR,ERR,ERR,ERR,ERR,ERR,ERR,ERR,ERR,ERR,ERR,ERR,ERR,ERR,ERR,ERR,ERR,ERR,ERR,ERR,ERR,ERR,ERR,ERR,ERR,ERR,ERR,ERR,ERR,ERR,ERR,ERR,ERR,ERR,ERR,ERR,ERR,ERR,ERR,ERR,ERR,ERR,ERR,ERR,ERR,ERR,ERR,ERR,ERR,ERR,ERR,ERR,ERR,ERR,ERR,ERR,ERR,ERR,ERR,ERR,ERR,ERR,ERR,ERR,ERR,ERR,ERR,ERR,ERR,ERR,ERR,ERR,ERR,ERR,ERR,ERR,ERR,ERR,ERR,ERR,ERR,ERR,ERR,ERR,ERR,ERR,ERR,ERR,ERR,ERR,0.0,0.0,0.0,0.0,0.0,1.3936040501711995e+18,7.805,0.0,0,0,4,0,8422,0.0,45,0.0,0.0,0.0,0.0,0.0,0,0,0,0,0.0,0,0,0,0,0,0,0,0,0,0,0,0,0,0,0,0,0,0,0,0,0,0,0,0,0,0,0,0,0,0,0,0,0,38,14,7,45,65476,0,300,0,0,8,21553,0.0,-107605600.0,0.0,0.0,0.0,0.0,0.0,0.0,0.0,0.0,0.0,0.0,0.0,0.0,0.0,0.0,0.0,0.0,0.0,0.0,0.0,0.0,0.0,2.004,-0.0,0.0,0.0,0.0,0.0,0.0,5053.0,1.5879295420089355e+29,0.0,0.0,0.0,-107615280.0,2.718429300292151e+23,0.0,0.0,0.0,0.0,53,-0.0,-0.0,0.0,0.0,0.0,0.0,0.0,0.0,0.0,0,0,0,0.0,0.0,0.0,0.0,0.0,0.0,0.0,0.0,0.0,0.0,0.0,0.0,0.0,0.0,0.0,0.0,0,-107875648.0,53,0.0,106,-107614832.0,0.0,ERR,ERR,ERR,ERR,ERR,ERR,ERR,ERR,ERR,ERR,ERR,ERR,ERR,ERR,ERR,ERR,ERR,ERR,ERR,ERR,ERR,ERR,ERR,ERR,ERR,ERR,ERR,ERR,ERR,ERR,ERR,ERR,ERR,ERR,ERR,ERR,ERR,ERR,ERR,ERR,ERR,ERR,ERR,ERR,ERR,ERR,ERR,ERR,ERR,ERR,ERR,ERR,ERR,ERR,ERR,ERR,ERR,ERR,ERR,ERR,ERR,ERR,ERR,ERR,ERR,ERR,ERR,50.0,60.0,100,0.0,0.0,0.0,0.0,0.0,0.0,0.0,0.0,0.0,0.0,0.0,0.0,0.0,0.0,0.0,0.0,61.6,73,14,65512,50,65476,0,300,0,0,8,20529,65476,0,0,26214,60.0,0.0,0.0,0.0,0.0,0.0
2026-05-17T18:31:32,ERR,ERR,ERR,ERR,ERR,ERR,ERR,ERR,ERR,ERR,ERR,ERR,ERR,ERR,ERR,ERR,ERR,ERR,ERR,ERR,ERR,ERR,ERR,ERR,ERR,ERR,ERR,ERR,ERR,ERR,ERR,ERR,ERR,ERR,ERR,ERR,ERR,ERR,ERR,ERR,ERR,ERR,ERR,ERR,ERR,ERR,ERR,ERR,ERR,ERR,ERR,ERR,ERR,ERR,ERR,ERR,ERR,ERR,ERR,ERR,ERR,ERR,ERR,ERR,ERR,ERR,ERR,ERR,ERR,ERR,ERR,ERR,ERR,ERR,ERR,ERR,ERR,ERR,ERR,ERR,ERR,ERR,ERR,ERR,ERR,ERR,ERR,ERR,ERR,ERR,ERR,ERR,ERR,ERR,ERR,ERR,ERR,ERR,ERR,ERR,ERR,ERR,ERR,ERR,ERR,ERR,ERR,ERR,ERR,ERR,ERR,ERR,ERR,ERR,ERR,ERR,ERR,ERR,ERR,ERR,ERR,ERR,ERR,ERR,ERR,0.0,0.0,0.0,0.0,0.0,1.3936040501711995e+18,7.805,0.0,0,0,4,0,8422,0.0,45,0.0,0.0,0.0,0.0,0.0,0,0,0,0,0.0,0,0,0,0,0,0,0,0,0,0,0,0,0,0,0,0,0,0,0,0,0,0,0,0,0,0,0,0,0,0,0,0,0,38,14,7,45,65476,0,300,0,0,8,21553,0.0,-107605600.0,0.0,0.0,0.0,0.0,0.0,0.0,0.0,0.0,0.0,0.0,0.0,0.0,0.0,0.0,0.0,0.0,0.0,0.0,0.0,0.0,0.0,2.004,-0.0,0.0,0.0,0.0,0.0,0.0,5053.0,1.5879295420089355e+29,0.0,0.0,0.0,-107615280.0,2.718429300292151e+23,0.0,0.0,0.0,0.0,53,-0.0,-0.0,0.0,0.0,0.0,0.0,0.0,0.0,0.0,0,0,0,0.0,0.0,0.0,0.0,0.0,0.0,0.0,0.0,0.0,0.0,0.0,0.0,0.0,0.0,0.0,0.0,0,-107875648.0,53,0.0,106,-107614832.0,0.0,ERR,ERR,ERR,ERR,ERR,ERR,ERR,ERR,ERR,ERR,ERR,ERR,ERR,ERR,ERR,ERR,ERR,ERR,ERR,ERR,ERR,ERR,ERR,ERR,ERR,ERR,ERR,ERR,ERR,ERR,ERR,ERR,ERR,ERR,ERR,ERR,ERR,ERR,ERR,ERR,ERR,ERR,ERR,ERR,ERR,ERR,ERR,ERR,ERR,ERR,ERR,ERR,ERR,ERR,ERR,ERR,ERR,ERR,ERR,ERR,ERR,ERR,ERR,ERR,ERR,ERR,ERR,50.0,60.0,100,0.0,0.0,0.0,0.0,0.0,0.0,0.0,0.0,0.0,0.0,0.0,0.0,0.0,0.0,0.0,0.0,61.6,73,14,65512,50,65476,0,300,0,0,8,20529,65476,0,0,26214,60.0,0.0,0.0,0.0,0.0,0.0
2026-05-17T18:31:33,ERR,ERR,ERR,ERR,ERR,ERR,ERR,ERR,ERR,ERR,ERR,ERR,ERR,ERR,ERR,ERR,ERR,ERR,ERR,ERR,ERR,ERR,ERR,ERR,ERR,ERR,ERR,ERR,ERR,ERR,ERR,ERR,ERR,ERR,ERR,ERR,ERR,ERR,ERR,ERR,ERR,ERR,ERR,ERR,ERR,ERR,ERR,ERR,ERR,ERR,ERR,ERR,ERR,ERR,ERR,ERR,ERR,ERR,ERR,ERR,ERR,ERR,ERR,ERR,ERR,ERR,ERR,ERR,ERR,ERR,ERR,ERR,ERR,ERR,ERR,ERR,ERR,ERR,ERR,ERR,ERR,ERR,ERR,ERR,ERR,ERR,ERR,ERR,ERR,ERR,ERR,ERR,ERR,ERR,ERR,ERR,ERR,ERR,ERR,ERR,ERR,ERR,ERR,ERR,ERR,ERR,ERR,ERR,ERR,ERR,ERR,ERR,ERR,ERR,ERR,ERR,ERR,ERR,ERR,ERR,ERR,ERR,ERR,ERR,ERR,0.0,0.0,0.0,0.0,0.0,1.3936040501711995e+18,7.805,0.0,0,0,4,0,8422,0.0,45,0.0,0.0,0.0,0.0,0.0,0,0,0,0,0.0,0,0,0,0,0,0,0,0,0,0,0,0,0,0,0,0,0,0,0,0,0,0,0,0,0,0,0,0,0,0,0,0,0,38,14,7,45,65476,0,300,0,0,8,21553,0.0,-107605600.0,0.0,0.0,0.0,0.0,0.0,0.0,0.0,0.0,0.0,0.0,0.0,0.0,0.0,0.0,0.0,0.0,0.0,0.0,0.0,0.0,0.0,2.004,-0.0,0.0,0.0,0.0,0.0,0.0,5053.0,1.5879295420089355e+29,0.0,0.0,0.0,-107615280.0,2.718429300292151e+23,0.0,0.0,0.0,0.0,53,-0.0,-0.0,0.0,0.0,0.0,0.0,0.0,0.0,0.0,0,0,0,0.0,0.0,0.0,0.0,0.0,0.0,0.0,0.0,0.0,0.0,0.0,0.0,0.0,0.0,0.0,0.0,0,-107875648.0,53,0.0,106,-107614832.0,0.0,ERR,ERR,ERR,ERR,ERR,ERR,ERR,ERR,ERR,ERR,ERR,ERR,ERR,ERR,ERR,ERR,ERR,ERR,ERR,ERR,ERR,ERR,ERR,ERR,ERR,ERR,ERR,ERR,ERR,ERR,ERR,ERR,ERR,ERR,ERR,ERR,ERR,ERR,ERR,ERR,ERR,ERR,ERR,ERR,ERR,ERR,ERR,ERR,ERR,ERR,ERR,ERR,ERR,ERR,ERR,ERR,ERR,ERR,ERR,ERR,ERR,ERR,ERR,ERR,ERR,ERR,ERR,50.0,60.0,100,0.0,0.0,0.0,0.0,0.0,0.0,0.0,0.0,0.0,0.0,0.0,0.0,0.0,0.0,0.0,0.0,62.0,73,14,65512,50,65476,0,300,0,0,8,20529,65476,0,0,26214,60.0,0.0,0.0,0.0,0.0,0.0
2026-05-17T18:31:34,ERR,ERR,ERR,ERR,ERR,ERR,ERR,ERR,ERR,ERR,ERR,ERR,ERR,ERR,ERR,ERR,ERR,ERR,ERR,ERR,ERR,ERR,ERR,ERR,ERR,ERR,ERR,ERR,ERR,ERR,ERR,ERR,ERR,ERR,ERR,ERR,ERR,ERR,ERR,ERR,ERR,ERR,ERR,ERR,ERR,ERR,ERR,ERR,ERR,ERR,ERR,ERR,ERR,ERR,ERR,ERR,ERR,ERR,ERR,ERR,ERR,ERR,ERR,ERR,ERR,ERR,ERR,ERR,ERR,ERR,ERR,ERR,ERR,ERR,ERR,ERR,ERR,ERR,ERR,ERR,ERR,ERR,ERR,ERR,ERR,ERR,ERR,ERR,ERR,ERR,ERR,ERR,ERR,ERR,ERR,ERR,ERR,ERR,ERR,ERR,ERR,ERR,ERR,ERR,ERR,ERR,ERR,ERR,ERR,ERR,ERR,ERR,ERR,ERR,ERR,ERR,ERR,ERR,ERR,ERR,ERR,ERR,ERR,ERR,ERR,0.0,0.0,0.0,0.0,0.0,1.3936040501711995e+18,7.805,0.0,0,0,4,0,8422,0.0,45,0.0,0.0,0.0,0.0,0.0,0,0,0,0,0.0,0,0,0,0,0,0,0,0,0,0,0,0,0,0,0,0,0,0,0,0,0,0,0,0,0,0,0,0,0,0,0,0,0,38,14,7,45,65476,0,300,0,0,8,21553,0.0,-107605600.0,0.0,0.0,0.0,0.0,0.0,0.0,0.0,0.0,0.0,0.0,0.0,0.0,0.0,0.0,0.0,0.0,0.0,0.0,0.0,0.0,0.0,2.004,-0.0,0.0,0.0,0.0,0.0,0.0,5053.0,1.5879295420089355e+29,0.0,0.0,0.0,-107615280.0,2.718429300292151e+23,0.0,0.0,0.0,0.0,53,-0.0,-0.0,0.0,0.0,0.0,0.0,0.0,0.0,0.0,0,0,0,0.0,0.0,0.0,0.0,0.0,0.0,0.0,0.0,0.0,0.0,0.0,0.0,0.0,0.0,0.0,0.0,0,-107875648.0,53,0.0,106,-107614832.0,0.0,ERR,ERR,ERR,ERR,ERR,ERR,ERR,ERR,ERR,ERR,ERR,ERR,ERR,ERR,ERR,ERR,ERR,ERR,ERR,ERR,ERR,ERR,ERR,ERR,ERR,ERR,ERR,ERR,ERR,ERR,ERR,ERR,ERR,ERR,ERR,ERR,ERR,ERR,ERR,ERR,ERR,ERR,ERR,ERR,ERR,ERR,ERR,ERR,ERR,ERR,ERR,ERR,ERR,ERR,ERR,ERR,ERR,ERR,ERR,ERR,ERR,ERR,ERR,ERR,ERR,ERR,ERR,50.0,60.0,100,0.0,0.0,0.0,0.0,0.0,0.0,0.0,0.0,0.0,0.0,0.0,0.0,0.0,0.0,0.0,0.0,62.0,73,14,65512,50,65476,0,300,0,0,8,20529,65476,0,0,26214,60.0,0.0,0.0,0.0,0.0,0.0
2026-05-17T18:31:35,ERR,ERR,ERR,ERR,ERR,ERR,ERR,ERR,ERR,ERR,ERR,ERR,ERR,ERR,ERR,ERR,ERR,ERR,ERR,ERR,ERR,ERR,ERR,ERR,ERR,ERR,ERR,ERR,ERR,ERR,ERR,ERR,ERR,ERR,ERR,ERR,ERR,ERR,ERR,ERR,ERR,ERR,ERR,ERR,ERR,ERR,ERR,ERR,ERR,ERR,ERR,ERR,ERR,ERR,ERR,ERR,ERR,ERR,ERR,ERR,ERR,ERR,ERR,ERR,ERR,ERR,ERR,ERR,ERR,ERR,ERR,ERR,ERR,ERR,ERR,ERR,ERR,ERR,ERR,ERR,ERR,ERR,ERR,ERR,ERR,ERR,ERR,ERR,ERR,ERR,ERR,ERR,ERR,ERR,ERR,ERR,ERR,ERR,ERR,ERR,ERR,ERR,ERR,ERR,ERR,ERR,ERR,ERR,ERR,ERR,ERR,ERR,ERR,ERR,ERR,ERR,ERR,ERR,ERR,ERR,ERR,ERR,ERR,ERR,ERR,0.0,0.0,0.0,0.0,0.0,1.3936040501711995e+18,7.805,0.0,0,0,4,0,8422,0.0,45,0.0,0.0,0.0,0.0,0.0,0,0,0,0,0.0,0,0,0,0,0,0,0,0,0,0,0,0,0,0,0,0,0,0,0,0,0,0,0,0,0,0,0,0,0,0,0,0,0,38,14,7,45,65476,0,300,0,0,8,21553,0.0,-107605600.0,0.0,0.0,0.0,0.0,0.0,0.0,0.0,0.0,0.0,0.0,0.0,0.0,0.0,0.0,0.0,0.0,0.0,0.0,0.0,0.0,0.0,2.004,-0.0,0.0,0.0,0.0,0.0,0.0,5046.0,2.004,0.0,0.0,0.0,-107615280.0,2.718429300292151e+23,0.0,0.0,0.0,0.0,53,-0.0,89220.57,0.0,0.0,0.0,0.0,0.0,0.0,0.0,0,0,0,0.0,0.0,0.0,0.0,0.0,0.0,0.0,0.0,0.0,0.0,0.0,0.0,0.0,0.0,0.0,0.0,0,-107875648.0,53,0.0,106,-107614832.0,0.0,ERR,ERR,ERR,ERR,ERR,ERR,ERR,ERR,ERR,ERR,ERR,ERR,ERR,ERR,ERR,ERR,ERR,ERR,ERR,ERR,ERR,ERR,ERR,ERR,ERR,ERR,ERR,ERR,ERR,ERR,ERR,ERR,ERR,ERR,ERR,ERR,ERR,ERR,ERR,ERR,ERR,ERR,ERR,ERR,ERR,ERR,ERR,ERR,ERR,ERR,ERR,ERR,ERR,ERR,ERR,ERR,ERR,ERR,ERR,ERR,ERR,ERR,ERR,ERR,ERR,ERR,ERR,50.0,60.0,100,0.0,0.0,0.0,0.0,0.0,0.0,0.0,0.0,0.0,0.0,0.0,0.0,0.0,0.0,0.0,0.0,61.6,73,14,65512,50,65476,0,300,0,0,8,20529,65476,0,0,26214,60.0,0.0,0.0,0.0,0.0,0.0
2026-05-17T18:31:36,ERR,ERR,ERR,ERR,ERR,ERR,ERR,ERR,ERR,ERR,ERR,ERR,ERR,ERR,ERR,ERR,ERR,ERR,ERR,ERR,ERR,ERR,ERR,ERR,ERR,ERR,ERR,ERR,ERR,ERR,ERR,ERR,ERR,ERR,ERR,ERR,ERR,ERR,ERR,ERR,ERR,ERR,ERR,ERR,ERR,ERR,ERR,ERR,ERR,ERR,ERR,ERR,ERR,ERR,ERR,ERR,ERR,ERR,ERR,ERR,ERR,ERR,ERR,ERR,ERR,ERR,ERR,ERR,ERR,ERR,ERR,ERR,ERR,ERR,ERR,ERR,ERR,ERR,ERR,ERR,ERR,ERR,ERR,ERR,ERR,ERR,ERR,ERR,ERR,ERR,ERR,ERR,ERR,ERR,ERR,ERR,ERR,ERR,ERR,ERR,ERR,ERR,ERR,ERR,ERR,ERR,ERR,ERR,ERR,ERR,ERR,ERR,ERR,ERR,ERR,ERR,ERR,ERR,ERR,ERR,ERR,ERR,ERR,ERR,ERR,0.0,0.0,0.0,0.0,0.0,1.3936040501711995e+18,7.805,0.0,0,0,4,0,8422,0.0,45,0.0,0.0,0.0,0.0,0.0,0,0,0,0,0.0,0,0,0,0,0,0,0,0,0,0,0,0,0,0,0,0,0,0,0,0,0,0,0,0,0,0,0,0,0,0,0,0,0,38,14,7,45,65476,0,300,0,0,8,21553,0.0,-107605600.0,0.0,0.0,0.0,0.0,0.0,0.0,0.0,0.0,0.0,0.0,0.0,0.0,0.0,0.0,0.0,0.0,0.0,0.0,0.0,0.0,0.0,2.004,-0.0,0.0,0.0,0.0,0.0,0.0,5046.0,2.004,0.0,0.0,0.0,-107615280.0,2.718429300292151e+23,0.0,0.0,0.0,0.0,53,-0.0,89220.57,0.0,0.0,0.0,0.0,0.0,0.0,0.0,0,0,0,0.0,0.0,0.0,0.0,0.0,0.0,0.0,0.0,0.0,0.0,0.0,0.0,0.0,0.0,0.0,0.0,0,-107875648.0,53,0.0,106,-107614832.0,0.0,ERR,ERR,ERR,ERR,ERR,ERR,ERR,ERR,ERR,ERR,ERR,ERR,ERR,ERR,ERR,ERR,ERR,ERR,ERR,ERR,ERR,ERR,ERR,ERR,ERR,ERR,ERR,ERR,ERR,ERR,ERR,ERR,ERR,ERR,ERR,ERR,ERR,ERR,ERR,ERR,ERR,ERR,ERR,ERR,ERR,ERR,ERR,ERR,ERR,ERR,ERR,ERR,ERR,ERR,ERR,ERR,ERR,ERR,ERR,ERR,ERR,ERR,ERR,ERR,ERR,ERR,ERR,50.0,60.0,100,0.0,0.0,0.0,0.0,0.0,0.0,0.0,0.0,0.0,0.0,0.0,0.0,0.0,0.0,0.0,0.0,61.6,73,14,65512,50,65476,0,300,0,0,8,20529,65476,0,0,26214,60.0,0.0,0.0,0.0,0.0,0.0
2026-05-17T18:31:37,ERR,ERR,ERR,ERR,ERR,ERR,ERR,ERR,ERR,ERR,ERR,ERR,ERR,ERR,ERR,ERR,ERR,ERR,ERR,ERR,ERR,ERR,ERR,ERR,ERR,ERR,ERR,ERR,ERR,ERR,ERR,ERR,ERR,ERR,ERR,ERR,ERR,ERR,ERR,ERR,ERR,ERR,ERR,ERR,ERR,ERR,ERR,ERR,ERR,ERR,ERR,ERR,ERR,ERR,ERR,ERR,ERR,ERR,ERR,ERR,ERR,ERR,ERR,ERR,ERR,ERR,ERR,ERR,ERR,ERR,ERR,ERR,ERR,ERR,ERR,ERR,ERR,ERR,ERR,ERR,ERR,ERR,ERR,ERR,ERR,ERR,ERR,ERR,ERR,ERR,ERR,ERR,ERR,ERR,ERR,ERR,ERR,ERR,ERR,ERR,ERR,ERR,ERR,ERR,ERR,ERR,ERR,ERR,ERR,ERR,ERR,ERR,ERR,ERR,ERR,ERR,ERR,ERR,ERR,ERR,ERR,ERR,ERR,ERR,ERR,0.0,0.0,0.0,0.0,0.0,1.3936040501711995e+18,7.805,0.0,0,0,4,0,8422,0.0,45,0.0,0.0,0.0,0.0,0.0,0,0,0,0,0.0,0,0,0,0,0,0,0,0,0,0,0,0,0,0,0,0,0,0,0,0,0,0,0,0,0,0,0,0,0,0,0,0,0,38,14,7,45,65476,0,300,0,0,8,21553,0.0,-107605600.0,0.0,0.0,0.0,0.0,0.0,0.0,0.0,0.0,0.0,0.0,0.0,0.0,0.0,0.0,0.0,0.0,0.0,0.0,0.0,0.0,0.0,2.004,-0.0,0.0,0.0,0.0,0.0,0.0,5046.0,2.004,0.0,0.0,0.0,-107615280.0,2.718429300292151e+23,0.0,0.0,0.0,0.0,53,-0.0,89220.57,0.0,0.0,0.0,0.0,0.0,0.0,0.0,0,0,0,0.0,0.0,0.0,0.0,0.0,0.0,0.0,0.0,0.0,0.0,0.0,0.0,0.0,0.0,0.0,0.0,0,-107875648.0,53,0.0,106,-107614832.0,0.0,ERR,ERR,ERR,ERR,ERR,ERR,ERR,ERR,ERR,ERR,ERR,ERR,ERR,ERR,ERR,ERR,ERR,ERR,ERR,ERR,ERR,ERR,ERR,ERR,ERR,ERR,ERR,ERR,ERR,ERR,ERR,ERR,ERR,ERR,ERR,ERR,ERR,ERR,ERR,ERR,ERR,ERR,ERR,ERR,ERR,ERR,ERR,ERR,ERR,ERR,ERR,ERR,ERR,ERR,ERR,ERR,ERR,ERR,ERR,ERR,ERR,ERR,ERR,ERR,ERR,ERR,ERR,50.0,60.0,100,0.0,0.0,0.0,0.0,0.0,0.0,0.0,0.0,0.0,0.0,0.0,0.0,0.0,0.0,0.0,0.0,62.0,73,14,65512,50,65476,0,300,0,0,8,20529,65476,0,0,26214,60.0,0.0,0.0,0.0,0.0,0.0
2026-05-17T18:31:38,ERR,ERR,ERR,ERR,ERR,ERR,ERR,ERR,ERR,ERR,ERR,ERR,ERR,ERR,ERR,ERR,ERR,ERR,ERR,ERR,ERR,ERR,ERR,ERR,ERR,ERR,ERR,ERR,ERR,ERR,ERR,ERR,ERR,ERR,ERR,ERR,ERR,ERR,ERR,ERR,ERR,ERR,ERR,ERR,ERR,ERR,ERR,ERR,ERR,ERR,ERR,ERR,ERR,ERR,ERR,ERR,ERR,ERR,ERR,ERR,ERR,ERR,ERR,ERR,ERR,ERR,ERR,ERR,ERR,ERR,ERR,ERR,ERR,ERR,ERR,ERR,ERR,ERR,ERR,ERR,ERR,ERR,ERR,ERR,ERR,ERR,ERR,ERR,ERR,ERR,ERR,ERR,ERR,ERR,ERR,ERR,ERR,ERR,ERR,ERR,ERR,ERR,ERR,ERR,ERR,ERR,ERR,ERR,ERR,ERR,ERR,ERR,ERR,ERR,ERR,ERR,ERR,ERR,ERR,ERR,ERR,ERR,ERR,ERR,ERR,0.0,0.0,0.0,0.0,0.0,1.3936040501711995e+18,7.805,0.0,0,0,4,0,8422,0.0,45,0.0,0.0,0.0,0.0,0.0,0,0,0,0,0.0,0,0,0,0,0,0,0,0,0,0,0,0,0,0,0,0,0,0,0,0,0,0,0,0,0,0,0,0,0,0,0,0,0,38,14,7,45,65476,0,300,0,0,8,21553,0.0,-107605600.0,0.0,0.0,0.0,0.0,0.0,0.0,0.0,0.0,0.0,0.0,0.0,0.0,0.0,0.0,0.0,0.0,0.0,0.0,0.0,0.0,0.0,2.004,-0.0,0.0,0.0,0.0,0.0,0.0,5046.0,2.004,0.0,0.0,0.0,-107615280.0,2.718429300292151e+23,0.0,0.0,0.0,0.0,53,-0.0,89220.57,0.0,0.0,0.0,0.0,0.0,0.0,0.0,0,0,0,0.0,0.0,0.0,0.0,0.0,0.0,0.0,0.0,0.0,0.0,0.0,0.0,0.0,0.0,0.0,0.0,0,-107875648.0,53,0.0,106,-107614832.0,0.0,ERR,ERR,ERR,ERR,ERR,ERR,ERR,ERR,ERR,ERR,ERR,ERR,ERR,ERR,ERR,ERR,ERR,ERR,ERR,ERR,ERR,ERR,ERR,ERR,ERR,ERR,ERR,ERR,ERR,ERR,ERR,ERR,ERR,ERR,ERR,ERR,ERR,ERR,ERR,ERR,ERR,ERR,ERR,ERR,ERR,ERR,ERR,ERR,ERR,ERR,ERR,ERR,ERR,ERR,ERR,ERR,ERR,ERR,ERR,ERR,ERR,ERR,ERR,ERR,ERR,ERR,ERR,50.0,60.0,100,0.0,0.0,0.0,0.0,0.0,0.0,0.0,0.0,0.0,0.0,0.0,0.0,0.0,0.0,0.0,0.0,61.6,73,14,65512,50,65476,0,300,0,0,8,20529,65476,0,0,26214,60.0,0.0,0.0,0.0,0.0,0.0
2026-05-17T18:31:39,ERR,ERR,ERR,ERR,ERR,ERR,ERR,ERR,ERR,ERR,ERR,ERR,ERR,ERR,ERR,ERR,ERR,ERR,ERR,ERR,ERR,ERR,ERR,ERR,ERR,ERR,ERR,ERR,ERR,ERR,ERR,ERR,ERR,ERR,ERR,ERR,ERR,ERR,ERR,ERR,ERR,ERR,ERR,ERR,ERR,ERR,ERR,ERR,ERR,ERR,ERR,ERR,ERR,ERR,ERR,ERR,ERR,ERR,ERR,ERR,ERR,ERR,ERR,ERR,ERR,ERR,ERR,ERR,ERR,ERR,ERR,ERR,ERR,ERR,ERR,ERR,ERR,ERR,ERR,ERR,ERR,ERR,ERR,ERR,ERR,ERR,ERR,ERR,ERR,ERR,ERR,ERR,ERR,ERR,ERR,ERR,ERR,ERR,ERR,ERR,ERR,ERR,ERR,ERR,ERR,ERR,ERR,ERR,ERR,ERR,ERR,ERR,ERR,ERR,ERR,ERR,ERR,ERR,ERR,ERR,ERR,ERR,ERR,ERR,ERR,0.0,0.0,0.0,0.0,0.0,1.3936040501711995e+18,7.805,0.0,0,0,4,0,8422,0.0,45,0.0,0.0,0.0,0.0,0.0,0,0,0,0,0.0,0,0,0,0,0,0,0,0,0,0,0,0,0,0,0,0,0,0,0,0,0,0,0,0,0,0,0,0,0,0,0,0,0,38,14,7,45,65476,0,300,0,0,8,21553,0.0,-107605600.0,0.0,0.0,0.0,0.0,0.0,0.0,0.0,0.0,0.0,0.0,0.0,0.0,0.0,0.0,0.0,0.0,0.0,0.0,0.0,0.0,0.0,2.004,-0.0,0.0,0.0,0.0,0.0,0.0,5046.0,2.004,0.0,0.0,0.0,-107615280.0,2.718429300292151e+23,0.0,0.0,0.0,0.0,53,-0.0,89220.57,0.0,0.0,0.0,0.0,0.0,0.0,0.0,0,0,0,0.0,0.0,0.0,0.0,0.0,0.0,0.0,0.0,0.0,0.0,0.0,0.0,0.0,0.0,0.0,0.0,0,-107875648.0,53,0.0,106,-107614832.0,0.0,ERR,ERR,ERR,ERR,ERR,ERR,ERR,ERR,ERR,ERR,ERR,ERR,ERR,ERR,ERR,ERR,ERR,ERR,ERR,ERR,ERR,ERR,ERR,ERR,ERR,ERR,ERR,ERR,ERR,ERR,ERR,ERR,ERR,ERR,ERR,ERR,ERR,ERR,ERR,ERR,ERR,ERR,ERR,ERR,ERR,ERR,ERR,ERR,ERR,ERR,ERR,ERR,ERR,ERR,ERR,ERR,ERR,ERR,ERR,ERR,ERR,ERR,ERR,ERR,ERR,ERR,ERR,50.0,60.0,100,0.0,0.0,0.0,0.0,0.0,0.0,0.0,0.0,0.0,0.0,0.0,0.0,0.0,0.0,0.0,0.0,61.6,73,14,65512,50,65476,0,300,0,0,8,20529,65476,0,0,26214,60.0,0.0,0.0,0.0,0.0,0.0
2026-05-17T18:31:40,ERR,ERR,ERR,ERR,ERR,ERR,ERR,ERR,ERR,ERR,ERR,ERR,ERR,ERR,ERR,ERR,ERR,ERR,ERR,ERR,ERR,ERR,ERR,ERR,ERR,ERR,ERR,ERR,ERR,ERR,ERR,ERR,ERR,ERR,ERR,ERR,ERR,ERR,ERR,ERR,ERR,ERR,ERR,ERR,ERR,ERR,ERR,ERR,ERR,ERR,ERR,ERR,ERR,ERR,ERR,ERR,ERR,ERR,ERR,ERR,ERR,ERR,ERR,ERR,ERR,ERR,ERR,ERR,ERR,ERR,ERR,ERR,ERR,ERR,ERR,ERR,ERR,ERR,ERR,ERR,ERR,ERR,ERR,ERR,ERR,ERR,ERR,ERR,ERR,ERR,ERR,ERR,ERR,ERR,ERR,ERR,ERR,ERR,ERR,ERR,ERR,ERR,ERR,ERR,ERR,ERR,ERR,ERR,ERR,ERR,ERR,ERR,ERR,ERR,ERR,ERR,ERR,ERR,ERR,ERR,ERR,ERR,ERR,ERR,ERR,0.0,0.0,0.0,0.0,0.0,1.3936040501711995e+18,7.805,0.0,0,0,4,0,8422,0.0,45,0.0,0.0,0.0,0.0,0.0,0,0,0,0,0.0,0,0,0,0,0,0,0,0,0,0,0,0,0,0,0,0,0,0,0,0,0,0,0,0,0,0,0,0,0,0,0,0,0,38,14,7,45,65476,0,300,0,0,8,21553,0.0,-107605600.0,0.0,0.0,0.0,0.0,0.0,0.0,0.0,0.0,0.0,0.0,0.0,0.0,0.0,0.0,0.0,0.0,0.0,0.0,0.0,0.0,0.0,2.004,-0.0,0.0,0.0,0.0,0.0,0.0,5015.0,-8608182272.0,0.0,0.0,0.0,-107615280.0,2.718429300292151e+23,0.0,0.0,0.0,0.0,53,-0.0,-0.0,0.0,0.0,0.0,0.0,0.0,0.0,0.0,0,0,0,0.0,0.0,0.0,0.0,0.0,0.0,0.0,0.0,0.0,0.0,0.0,0.0,0.0,0.0,0.0,0.0,0,-107875648.0,53,0.0,106,-107614832.0,0.0,ERR,ERR,ERR,ERR,ERR,ERR,ERR,ERR,ERR,ERR,ERR,ERR,ERR,ERR,ERR,ERR,ERR,ERR,ERR,ERR,ERR,ERR,ERR,ERR,ERR,ERR,ERR,ERR,ERR,ERR,ERR,ERR,ERR,ERR,ERR,ERR,ERR,ERR,ERR,ERR,ERR,ERR,ERR,ERR,ERR,ERR,ERR,ERR,ERR,ERR,ERR,ERR,ERR,ERR,ERR,ERR,ERR,ERR,ERR,ERR,ERR,ERR,ERR,ERR,ERR,ERR,ERR,50.0,60.0,100,0.0,0.0,0.0,0.0,0.0,0.0,0.0,0.0,0.0,0.0,0.0,0.0,0.0,0.0,0.0,0.0,61.6,73,14,65512,50,65476,0,300,0,0,8,20529,65476,0,0,26214,60.0,0.0,0.0,0.0,0.0,0.0
2026-05-17T18:31:41,ERR,ERR,ERR,ERR,ERR,ERR,ERR,ERR,ERR,ERR,ERR,ERR,ERR,ERR,ERR,ERR,ERR,ERR,ERR,ERR,ERR,ERR,ERR,ERR,ERR,ERR,ERR,ERR,ERR,ERR,ERR,ERR,ERR,ERR,ERR,ERR,ERR,ERR,ERR,ERR,ERR,ERR,ERR,ERR,ERR,ERR,ERR,ERR,ERR,ERR,ERR,ERR,ERR,ERR,ERR,ERR,ERR,ERR,ERR,ERR,ERR,ERR,ERR,ERR,ERR,ERR,ERR,ERR,ERR,ERR,ERR,ERR,ERR,ERR,ERR,ERR,ERR,ERR,ERR,ERR,ERR,ERR,ERR,ERR,ERR,ERR,ERR,ERR,ERR,ERR,ERR,ERR,ERR,ERR,ERR,ERR,ERR,ERR,ERR,ERR,ERR,ERR,ERR,ERR,ERR,ERR,ERR,ERR,ERR,ERR,ERR,ERR,ERR,ERR,ERR,ERR,ERR,ERR,ERR,ERR,ERR,ERR,ERR,ERR,ERR,0.0,0.0,0.0,0.0,0.0,1.3936040501711995e+18,7.805,0.0,0,0,4,0,8422,0.0,45,0.0,0.0,0.0,0.0,0.0,0,0,0,0,0.0,0,0,0,0,0,0,0,0,0,0,0,0,0,0,0,0,0,0,0,0,0,0,0,0,0,0,0,0,0,0,0,0,0,38,14,7,45,65476,0,300,0,0,8,21553,0.0,-107605600.0,0.0,0.0,0.0,0.0,0.0,0.0,0.0,0.0,0.0,0.0,0.0,0.0,0.0,0.0,0.0,0.0,0.0,0.0,0.0,0.0,0.0,2.004,-0.0,0.0,0.0,0.0,0.0,0.0,5015.0,-8608182272.0,0.0,0.0,0.0,-107615280.0,2.718429300292151e+23,0.0,0.0,0.0,0.0,53,-0.0,-0.0,0.0,0.0,0.0,0.0,0.0,0.0,0.0,0,0,0,0.0,0.0,0.0,0.0,0.0,0.0,0.0,0.0,0.0,0.0,0.0,0.0,0.0,0.0,0.0,0.0,0,-107875648.0,53,0.0,106,-107614832.0,0.0,ERR,ERR,ERR,ERR,ERR,ERR,ERR,ERR,ERR,ERR,ERR,ERR,ERR,ERR,ERR,ERR,ERR,ERR,ERR,ERR,ERR,ERR,ERR,ERR,ERR,ERR,ERR,ERR,ERR,ERR,ERR,ERR,ERR,ERR,ERR,ERR,ERR,ERR,ERR,ERR,ERR,ERR,ERR,ERR,ERR,ERR,ERR,ERR,ERR,ERR,ERR,ERR,ERR,ERR,ERR,ERR,ERR,ERR,ERR,ERR,ERR,ERR,ERR,ERR,ERR,ERR,ERR,50.0,60.0,100,0.0,0.0,0.0,0.0,0.0,0.0,0.0,0.0,0.0,0.0,0.0,0.0,0.0,0.0,0.0,0.0,61.6,73,14,65512,50,65476,0,300,0,0,8,20529,65476,0,0,26214,60.0,0.0,0.0,0.0,0.0,0.0
2026-05-17T18:31:42,ERR,ERR,ERR,ERR,ERR,ERR,ERR,ERR,ERR,ERR,ERR,ERR,ERR,ERR,ERR,ERR,ERR,ERR,ERR,ERR,ERR,ERR,ERR,ERR,ERR,ERR,ERR,ERR,ERR,ERR,ERR,ERR,ERR,ERR,ERR,ERR,ERR,ERR,ERR,ERR,ERR,ERR,ERR,ERR,ERR,ERR,ERR,ERR,ERR,ERR,ERR,ERR,ERR,ERR,ERR,ERR,ERR,ERR,ERR,ERR,ERR,ERR,ERR,ERR,ERR,ERR,ERR,ERR,ERR,ERR,ERR,ERR,ERR,ERR,ERR,ERR,ERR,ERR,ERR,ERR,ERR,ERR,ERR,ERR,ERR,ERR,ERR,ERR,ERR,ERR,ERR,ERR,ERR,ERR,ERR,ERR,ERR,ERR,ERR,ERR,ERR,ERR,ERR,ERR,ERR,ERR,ERR,ERR,ERR,ERR,ERR,ERR,ERR,ERR,ERR,ERR,ERR,ERR,ERR,ERR,ERR,ERR,ERR,ERR,ERR,0.0,0.0,0.0,0.0,0.0,1.3936040501711995e+18,7.805,0.0,0,0,4,0,8422,0.0,45,0.0,0.0,0.0,0.0,0.0,0,0,0,0,0.0,0,0,0,0,0,0,0,0,0,0,0,0,0,0,0,0,0,0,0,0,0,0,0,0,0,0,0,0,0,0,0,0,0,38,14,7,45,65476,0,300,0,0,8,21553,0.0,-107605600.0,0.0,0.0,0.0,0.0,0.0,0.0,0.0,0.0,0.0,0.0,0.0,0.0,0.0,0.0,0.0,0.0,0.0,0.0,0.0,0.0,0.0,2.004,-0.0,0.0,0.0,0.0,0.0,0.0,5015.0,-8608182272.0,0.0,0.0,0.0,-107615280.0,2.718429300292151e+23,0.0,0.0,0.0,0.0,53,-0.0,-0.0,0.0,0.0,0.0,0.0,0.0,0.0,0.0,0,0,0,0.0,0.0,0.0,0.0,0.0,0.0,0.0,0.0,0.0,0.0,0.0,0.0,0.0,0.0,0.0,0.0,0,-107875648.0,53,0.0,106,-107614832.0,0.0,ERR,ERR,ERR,ERR,ERR,ERR,ERR,ERR,ERR,ERR,ERR,ERR,ERR,ERR,ERR,ERR,ERR,ERR,ERR,ERR,ERR,ERR,ERR,ERR,ERR,ERR,ERR,ERR,ERR,ERR,ERR,ERR,ERR,ERR,ERR,ERR,ERR,ERR,ERR,ERR,ERR,ERR,ERR,ERR,ERR,ERR,ERR,ERR,ERR,ERR,ERR,ERR,ERR,ERR,ERR,ERR,ERR,ERR,ERR,ERR,ERR,ERR,ERR,ERR,ERR,ERR,ERR,50.0,60.0,100,0.0,0.0,0.0,0.0,0.0,0.0,0.0,0.0,0.0,0.0,0.0,0.0,0.0,0.0,0.0,0.0,61.6,73,14,65512,50,65476,0,300,0,0,8,20529,65476,0,0,26214,60.0,0.0,0.0,0.0,0.0,0.0
2026-05-17T18:31:43,ERR,ERR,ERR,ERR,ERR,ERR,ERR,ERR,ERR,ERR,ERR,ERR,ERR,ERR,ERR,ERR,ERR,ERR,ERR,ERR,ERR,ERR,ERR,ERR,ERR,ERR,ERR,ERR,ERR,ERR,ERR,ERR,ERR,ERR,ERR,ERR,ERR,ERR,ERR,ERR,ERR,ERR,ERR,ERR,ERR,ERR,ERR,ERR,ERR,ERR,ERR,ERR,ERR,ERR,ERR,ERR,ERR,ERR,ERR,ERR,ERR,ERR,ERR,ERR,ERR,ERR,ERR,ERR,ERR,ERR,ERR,ERR,ERR,ERR,ERR,ERR,ERR,ERR,ERR,ERR,ERR,ERR,ERR,ERR,ERR,ERR,ERR,ERR,ERR,ERR,ERR,ERR,ERR,ERR,ERR,ERR,ERR,ERR,ERR,ERR,ERR,ERR,ERR,ERR,ERR,ERR,ERR,ERR,ERR,ERR,ERR,ERR,ERR,ERR,ERR,ERR,ERR,ERR,ERR,ERR,ERR,ERR,ERR,ERR,ERR,0.0,0.0,0.0,0.0,0.0,1.3936040501711995e+18,7.805,0.0,0,0,4,0,8422,0.0,45,0.0,0.0,0.0,0.0,0.0,0,0,0,0,0.0,0,0,0,0,0,0,0,0,0,0,0,0,0,0,0,0,0,0,0,0,0,0,0,0,0,0,0,0,0,0,0,0,0,38,14,7,45,65476,0,300,0,0,8,21553,0.0,-107605600.0,0.0,0.0,0.0,0.0,0.0,0.0,0.0,0.0,0.0,0.0,0.0,0.0,0.0,0.0,0.0,0.0,0.0,0.0,0.0,0.0,0.0,2.004,-0.0,0.0,0.0,0.0,0.0,0.0,5015.0,-8608182272.0,0.0,0.0,0.0,-107615280.0,2.718429300292151e+23,0.0,0.0,0.0,0.0,53,-0.0,-0.0,0.0,0.0,0.0,0.0,0.0,0.0,0.0,0,0,0,0.0,0.0,0.0,0.0,0.0,0.0,0.0,0.0,0.0,0.0,0.0,0.0,0.0,0.0,0.0,0.0,0,-107875648.0,53,0.0,106,-107614832.0,0.0,ERR,ERR,ERR,ERR,ERR,ERR,ERR,ERR,ERR,ERR,ERR,ERR,ERR,ERR,ERR,ERR,ERR,ERR,ERR,ERR,ERR,ERR,ERR,ERR,ERR,ERR,ERR,ERR,ERR,ERR,ERR,ERR,ERR,ERR,ERR,ERR,ERR,ERR,ERR,ERR,ERR,ERR,ERR,ERR,ERR,ERR,ERR,ERR,ERR,ERR,ERR,ERR,ERR,ERR,ERR,ERR,ERR,ERR,ERR,ERR,ERR,ERR,ERR,ERR,ERR,ERR,ERR,50.0,60.0,100,0.0,0.0,0.0,0.0,0.0,0.0,0.0,0.0,0.0,0.0,0.0,0.0,0.0,0.0,0.0,0.0,61.6,73,14,65512,50,65476,0,300,0,0,8,20529,65476,0,0,26214,60.0,0.0,0.0,0.0,0.0,0.0
2026-05-17T18:31:44,ERR,ERR,ERR,ERR,ERR,ERR,ERR,ERR,ERR,ERR,ERR,ERR,ERR,ERR,ERR,ERR,ERR,ERR,ERR,ERR,ERR,ERR,ERR,ERR,ERR,ERR,ERR,ERR,ERR,ERR,ERR,ERR,ERR,ERR,ERR,ERR,ERR,ERR,ERR,ERR,ERR,ERR,ERR,ERR,ERR,ERR,ERR,ERR,ERR,ERR,ERR,ERR,ERR,ERR,ERR,ERR,ERR,ERR,ERR,ERR,ERR,ERR,ERR,ERR,ERR,ERR,ERR,ERR,ERR,ERR,ERR,ERR,ERR,ERR,ERR,ERR,ERR,ERR,ERR,ERR,ERR,ERR,ERR,ERR,ERR,ERR,ERR,ERR,ERR,ERR,ERR,ERR,ERR,ERR,ERR,ERR,ERR,ERR,ERR,ERR,ERR,ERR,ERR,ERR,ERR,ERR,ERR,ERR,ERR,ERR,ERR,ERR,ERR,ERR,ERR,ERR,ERR,ERR,ERR,ERR,ERR,ERR,ERR,ERR,ERR,0.0,0.0,0.0,0.0,0.0,1.3936040501711995e+18,7.805,0.0,0,0,4,0,8422,0.0,45,0.0,0.0,0.0,0.0,0.0,0,0,0,0,0.0,0,0,0,0,0,0,0,0,0,0,0,0,0,0,0,0,0,0,0,0,0,0,0,0,0,0,0,0,0,0,0,0,0,38,14,7,45,65476,0,300,0,0,8,21553,0.0,-107605600.0,0.0,0.0,0.0,0.0,0.0,0.0,0.0,0.0,0.0,0.0,0.0,0.0,0.0,0.0,0.0,0.0,0.0,0.0,0.0,0.0,0.0,2.004,-0.0,0.0,0.0,0.0,0.0,0.0,5015.0,-8608182272.0,0.0,0.0,0.0,-107615280.0,2.718429300292151e+23,0.0,0.0,0.0,0.0,53,-0.0,-0.0,0.0,0.0,0.0,0.0,0.0,0.0,0.0,0,0,0,0.0,0.0,0.0,0.0,0.0,0.0,0.0,0.0,0.0,0.0,0.0,0.0,0.0,0.0,0.0,0.0,0,-107875648.0,53,0.0,106,-107614832.0,0.0,ERR,ERR,ERR,ERR,ERR,ERR,ERR,ERR,ERR,ERR,ERR,ERR,ERR,ERR,ERR,ERR,ERR,ERR,ERR,ERR,ERR,ERR,ERR,ERR,ERR,ERR,ERR,ERR,ERR,ERR,ERR,ERR,ERR,ERR,ERR,ERR,ERR,ERR,ERR,ERR,ERR,ERR,ERR,ERR,ERR,ERR,ERR,ERR,ERR,ERR,ERR,ERR,ERR,ERR,ERR,ERR,ERR,ERR,ERR,ERR,ERR,ERR,ERR,ERR,ERR,ERR,ERR,50.0,60.0,100,0.0,0.0,0.0,0.0,0.0,0.0,0.0,0.0,0.0,0.0,0.0,0.0,0.0,0.0,0.0,0.0,61.6,73,14,65512,50,65476,0,300,0,0,8,20529,65476,0,0,26214,60.0,0.0,0.0,0.0,0.0,0.0
2026-05-17T18:31:45,ERR,ERR,ERR,ERR,ERR,ERR,ERR,ERR,ERR,ERR,ERR,ERR,ERR,ERR,ERR,ERR,ERR,ERR,ERR,ERR,ERR,ERR,ERR,ERR,ERR,ERR,ERR,ERR,ERR,ERR,ERR,ERR,ERR,ERR,ERR,ERR,ERR,ERR,ERR,ERR,ERR,ERR,ERR,ERR,ERR,ERR,ERR,ERR,ERR,ERR,ERR,ERR,ERR,ERR,ERR,ERR,ERR,ERR,ERR,ERR,ERR,ERR,ERR,ERR,ERR,ERR,ERR,ERR,ERR,ERR,ERR,ERR,ERR,ERR,ERR,ERR,ERR,ERR,ERR,ERR,ERR,ERR,ERR,ERR,ERR,ERR,ERR,ERR,ERR,ERR,ERR,ERR,ERR,ERR,ERR,ERR,ERR,ERR,ERR,ERR,ERR,ERR,ERR,ERR,ERR,ERR,ERR,ERR,ERR,ERR,ERR,ERR,ERR,ERR,ERR,ERR,ERR,ERR,ERR,ERR,ERR,ERR,ERR,ERR,ERR,0.0,-107615296.0,-134474944.0,0.0,0.0,1.3936040501711995e+18,7.805,0.0,0,0,4,0,8422,0.0,45,0.0,0.0,0.0,0.0,0.0,0,0,0,0,0.0,0,0,0,0,0,0,0,0,0,0,0,0,0,0,0,0,0,0,0,0,0,0,0,0,0,0,0,0,0,0,0,0,0,38,14,7,45,65476,0,300,0,0,8,21553,0.0,-107605600.0,0.0,0.0,0.0,0.0,0.0,0.0,0.0,0.0,0.0,0.0,0.0,0.0,0.0,0.0,0.0,0.0,0.0,0.0,0.0,0.0,0.0,2.004,-0.0,0.0,0.0,0.0,0.0,0.0,5017.0,-564145833377792.0,0.0,0.0,0.0,-107615280.0,2.718429300292151e+23,0.0,0.0,0.0,0.0,53,-0.0,-71.629,0.0,0.0,0.0,0.0,0.0,0.0,0.0,0,0,0,0.0,0.0,0.0,0.0,0.0,0.0,0.0,0.0,0.0,0.0,0.0,0.0,0.0,0.0,0.0,0.0,0,-107875648.0,53,0.0,106,-107614832.0,0.0,ERR,ERR,ERR,ERR,ERR,ERR,ERR,ERR,ERR,ERR,ERR,ERR,ERR,ERR,ERR,ERR,ERR,ERR,ERR,ERR,ERR,ERR,ERR,ERR,ERR,ERR,ERR,ERR,ERR,ERR,ERR,ERR,ERR,ERR,ERR,ERR,ERR,ERR,ERR,ERR,ERR,ERR,ERR,ERR,ERR,ERR,ERR,ERR,ERR,ERR,ERR,ERR,ERR,ERR,ERR,ERR,ERR,ERR,ERR,ERR,ERR,ERR,ERR,ERR,ERR,ERR,ERR,50.0,60.0,100,0.0,0.0,0.0,0.0,0.0,0.0,0.0,0.0,0.0,0.0,0.0,0.0,0.0,0.0,0.0,0.0,61.6,73,14,65512,50,65476,0,300,0,0,8,20529,65476,0,0,26214,60.0,0.0,0.0,0.0,0.0,0.0
2026-05-17T18:31:46,ERR,ERR,ERR,ERR,ERR,ERR,ERR,ERR,ERR,ERR,ERR,ERR,ERR,ERR,ERR,ERR,ERR,ERR,ERR,ERR,ERR,ERR,ERR,ERR,ERR,ERR,ERR,ERR,ERR,ERR,ERR,ERR,ERR,ERR,ERR,ERR,ERR,ERR,ERR,ERR,ERR,ERR,ERR,ERR,ERR,ERR,ERR,ERR,ERR,ERR,ERR,ERR,ERR,ERR,ERR,ERR,ERR,ERR,ERR,ERR,ERR,ERR,ERR,ERR,ERR,ERR,ERR,ERR,ERR,ERR,ERR,ERR,ERR,ERR,ERR,ERR,ERR,ERR,ERR,ERR,ERR,ERR,ERR,ERR,ERR,ERR,ERR,ERR,ERR,ERR,ERR,ERR,ERR,ERR,ERR,ERR,ERR,ERR,ERR,ERR,ERR,ERR,ERR,ERR,ERR,ERR,ERR,ERR,ERR,ERR,ERR,ERR,ERR,ERR,ERR,ERR,ERR,ERR,ERR,ERR,ERR,ERR,ERR,ERR,ERR,0.0,-107615296.0,-134474944.0,0.0,0.0,1.3936040501711995e+18,7.805,0.0,0,0,4,0,8422,0.0,45,0.0,0.0,0.0,0.0,0.0,0,0,0,0,0.0,0,0,0,0,0,0,0,0,0,0,0,0,0,0,0,0,0,0,0,0,0,0,0,0,0,0,0,0,0,0,0,0,0,38,14,7,45,65476,0,300,0,0,8,21553,0.0,-107605600.0,0.0,0.0,0.0,0.0,0.0,0.0,0.0,0.0,0.0,0.0,0.0,0.0,0.0,0.0,0.0,0.0,0.0,0.0,0.0,0.0,0.0,2.004,-0.0,0.0,0.0,0.0,0.0,0.0,5017.0,-564145833377792.0,0.0,0.0,0.0,-107615280.0,2.718429300292151e+23,0.0,0.0,0.0,0.0,53,-0.0,-71.629,0.0,0.0,0.0,0.0,0.0,0.0,0.0,0,0,0,0.0,0.0,0.0,0.0,0.0,0.0,0.0,0.0,0.0,0.0,0.0,0.0,0.0,0.0,0.0,0.0,0,-107875648.0,53,0.0,106,-107614832.0,0.0,ERR,ERR,ERR,ERR,ERR,ERR,ERR,ERR,ERR,ERR,ERR,ERR,ERR,ERR,ERR,ERR,ERR,ERR,ERR,ERR,ERR,ERR,ERR,ERR,ERR,ERR,ERR,ERR,ERR,ERR,ERR,ERR,ERR,ERR,ERR,ERR,ERR,ERR,ERR,ERR,ERR,ERR,ERR,ERR,ERR,ERR,ERR,ERR,ERR,ERR,ERR,ERR,ERR,ERR,ERR,ERR,ERR,ERR,ERR,ERR,ERR,ERR,ERR,ERR,ERR,ERR,ERR,50.0,60.0,100,0.0,0.0,0.0,0.0,0.0,0.0,0.0,0.0,0.0,0.0,0.0,0.0,0.0,0.0,0.0,0.0,61.6,73,14,65512,50,65476,0,300,0,0,8,20529,65476,0,0,26214,60.0,0.0,0.0,0.0,0.0,0.0
2026-05-17T18:31:47,ERR,ERR,ERR,ERR,ERR,ERR,ERR,ERR,ERR,ERR,ERR,ERR,ERR,ERR,ERR,ERR,ERR,ERR,ERR,ERR,ERR,ERR,ERR,ERR,ERR,ERR,ERR,ERR,ERR,ERR,ERR,ERR,ERR,ERR,ERR,ERR,ERR,ERR,ERR,ERR,ERR,ERR,ERR,ERR,ERR,ERR,ERR,ERR,ERR,ERR,ERR,ERR,ERR,ERR,ERR,ERR,ERR,ERR,ERR,ERR,ERR,ERR,ERR,ERR,ERR,ERR,ERR,ERR,ERR,ERR,ERR,ERR,ERR,ERR,ERR,ERR,ERR,ERR,ERR,ERR,ERR,ERR,ERR,ERR,ERR,ERR,ERR,ERR,ERR,ERR,ERR,ERR,ERR,ERR,ERR,ERR,ERR,ERR,ERR,ERR,ERR,ERR,ERR,ERR,ERR,ERR,ERR,ERR,ERR,ERR,ERR,ERR,ERR,ERR,ERR,ERR,ERR,ERR,ERR,ERR,ERR,ERR,ERR,ERR,ERR,0.0,-107615296.0,-134474944.0,0.0,0.0,1.3936040501711995e+18,7.805,0.0,0,0,4,0,8422,0.0,45,0.0,0.0,0.0,0.0,0.0,0,0,0,0,0.0,0,0,0,0,0,0,0,0,0,0,0,0,0,0,0,0,0,0,0,0,0,0,0,0,0,0,0,0,0,0,0,0,0,38,14,7,45,65476,0,300,0,0,8,21553,0.0,-107605600.0,0.0,0.0,0.0,0.0,0.0,0.0,0.0,0.0,0.0,0.0,0.0,0.0,0.0,0.0,0.0,0.0,0.0,0.0,0.0,0.0,0.0,2.004,-0.0,0.0,0.0,0.0,0.0,0.0,5017.0,-564145833377792.0,0.0,0.0,0.0,-107615280.0,2.718429300292151e+23,0.0,0.0,0.0,0.0,53,-0.0,-71.629,0.0,0.0,0.0,0.0,0.0,0.0,0.0,0,0,0,0.0,0.0,0.0,0.0,0.0,0.0,0.0,0.0,0.0,0.0,0.0,0.0,0.0,0.0,0.0,0.0,0,-107875648.0,53,0.0,106,-107614832.0,0.0,ERR,ERR,ERR,ERR,ERR,ERR,ERR,ERR,ERR,ERR,ERR,ERR,ERR,ERR,ERR,ERR,ERR,ERR,ERR,ERR,ERR,ERR,ERR,ERR,ERR,ERR,ERR,ERR,ERR,ERR,ERR,ERR,ERR,ERR,ERR,ERR,ERR,ERR,ERR,ERR,ERR,ERR,ERR,ERR,ERR,ERR,ERR,ERR,ERR,ERR,ERR,ERR,ERR,ERR,ERR,ERR,ERR,ERR,ERR,ERR,ERR,ERR,ERR,ERR,ERR,ERR,ERR,50.0,60.0,100,0.0,0.0,0.0,0.0,0.0,0.0,0.0,0.0,0.0,0.0,0.0,0.0,0.0,0.0,0.0,0.0,62.0,73,14,65512,50,65476,0,300,0,0,8,20529,65476,0,0,26214,60.0,0.0,0.0,0.0,0.0,0.0
2026-05-17T18:31:49,ERR,ERR,ERR,ERR,ERR,ERR,ERR,ERR,ERR,ERR,ERR,ERR,ERR,ERR,ERR,ERR,ERR,ERR,ERR,ERR,ERR,ERR,ERR,ERR,ERR,ERR,ERR,ERR,ERR,ERR,ERR,ERR,ERR,ERR,ERR,ERR,ERR,ERR,ERR,ERR,ERR,ERR,ERR,ERR,ERR,ERR,ERR,ERR,ERR,ERR,ERR,ERR,ERR,ERR,ERR,ERR,ERR,ERR,ERR,ERR,ERR,ERR,ERR,ERR,ERR,ERR,ERR,ERR,ERR,ERR,ERR,ERR,ERR,ERR,ERR,ERR,ERR,ERR,ERR,ERR,ERR,ERR,ERR,ERR,ERR,ERR,ERR,ERR,ERR,ERR,ERR,ERR,ERR,ERR,ERR,ERR,ERR,ERR,ERR,ERR,ERR,ERR,ERR,ERR,ERR,ERR,ERR,ERR,ERR,ERR,ERR,ERR,ERR,ERR,ERR,ERR,ERR,ERR,ERR,ERR,ERR,ERR,ERR,ERR,ERR,0.0,-107615296.0,-134474944.0,0.0,0.0,1.3936040501711995e+18,7.805,0.0,0,0,4,0,8422,0.0,45,0.0,0.0,0.0,0.0,0.0,0,0,0,0,0.0,0,0,0,0,0,0,0,0,0,0,0,0,0,0,0,0,0,0,0,0,0,0,0,0,0,0,0,0,0,0,0,0,0,38,14,7,45,65476,0,300,0,0,8,21553,0.0,-107605600.0,0.0,0.0,0.0,0.0,0.0,0.0,0.0,0.0,0.0,0.0,0.0,0.0,0.0,0.0,0.0,0.0,0.0,0.0,0.0,0.0,0.0,2.004,-0.0,0.0,0.0,0.0,0.0,0.0,5017.0,-564145833377792.0,0.0,0.0,0.0,-107615280.0,2.718429300292151e+23,0.0,0.0,0.0,0.0,53,-0.0,-71.629,0.0,0.0,0.0,0.0,0.0,0.0,0.0,0,0,0,0.0,0.0,0.0,0.0,0.0,0.0,0.0,0.0,0.0,0.0,0.0,0.0,0.0,0.0,0.0,0.0,0,-107875648.0,53,0.0,106,-107614832.0,0.0,ERR,ERR,ERR,ERR,ERR,ERR,ERR,ERR,ERR,ERR,ERR,ERR,ERR,ERR,ERR,ERR,ERR,ERR,ERR,ERR,ERR,ERR,ERR,ERR,ERR,ERR,ERR,ERR,ERR,ERR,ERR,ERR,ERR,ERR,ERR,ERR,ERR,ERR,ERR,ERR,ERR,ERR,ERR,ERR,ERR,ERR,ERR,ERR,ERR,ERR,ERR,ERR,ERR,ERR,ERR,ERR,ERR,ERR,ERR,ERR,ERR,ERR,ERR,ERR,ERR,ERR,ERR,50.0,60.0,100,0.0,0.0,0.0,0.0,0.0,0.0,0.0,0.0,0.0,0.0,0.0,0.0,0.0,0.0,0.0,0.0,62.0,73,14,65512,50,65476,0,300,0,0,8,20529,65476,0,0,26214,60.0,0.0,0.0,0.0,0.0,0.0
2026-05-17T18:31:50,ERR,ERR,ERR,ERR,ERR,ERR,ERR,ERR,ERR,ERR,ERR,ERR,ERR,ERR,ERR,ERR,ERR,ERR,ERR,ERR,ERR,ERR,ERR,ERR,ERR,ERR,ERR,ERR,ERR,ERR,ERR,ERR,ERR,ERR,ERR,ERR,ERR,ERR,ERR,ERR,ERR,ERR,ERR,ERR,ERR,ERR,ERR,ERR,ERR,ERR,ERR,ERR,ERR,ERR,ERR,ERR,ERR,ERR,ERR,ERR,ERR,ERR,ERR,ERR,ERR,ERR,ERR,ERR,ERR,ERR,ERR,ERR,ERR,ERR,ERR,ERR,ERR,ERR,ERR,ERR,ERR,ERR,ERR,ERR,ERR,ERR,ERR,ERR,ERR,ERR,ERR,ERR,ERR,ERR,ERR,ERR,ERR,ERR,ERR,ERR,ERR,ERR,ERR,ERR,ERR,ERR,ERR,ERR,ERR,ERR,ERR,ERR,ERR,ERR,ERR,ERR,ERR,ERR,ERR,ERR,ERR,ERR,ERR,ERR,ERR,0.0,-107615296.0,-134474944.0,0.0,0.0,1.3936040501711995e+18,7.805,0.0,0,0,4,0,8422,0.0,45,0.0,0.0,0.0,0.0,0.0,0,0,0,0,0.0,0,0,0,0,0,0,0,0,0,0,0,0,0,0,0,0,0,0,0,0,0,0,0,0,0,0,0,0,0,0,0,0,0,38,14,7,45,65476,0,300,0,0,8,21553,0.0,-107605600.0,0.0,0.0,0.0,0.0,0.0,0.0,0.0,0.0,0.0,0.0,0.0,0.0,0.0,0.0,0.0,0.0,0.0,0.0,0.0,0.0,0.0,2.004,-0.0,0.0,0.0,0.0,0.0,0.0,5017.0,-564145833377792.0,0.0,0.0,0.0,-107615280.0,2.718429300292151e+23,0.0,0.0,0.0,0.0,53,-0.0,-71.629,0.0,0.0,0.0,0.0,0.0,0.0,0.0,0,0,0,0.0,0.0,0.0,0.0,0.0,0.0,0.0,0.0,0.0,0.0,0.0,0.0,0.0,0.0,0.0,0.0,0,-107875648.0,53,0.0,106,-107614832.0,0.0,ERR,ERR,ERR,ERR,ERR,ERR,ERR,ERR,ERR,ERR,ERR,ERR,ERR,ERR,ERR,ERR,ERR,ERR,ERR,ERR,ERR,ERR,ERR,ERR,ERR,ERR,ERR,ERR,ERR,ERR,ERR,ERR,ERR,ERR,ERR,ERR,ERR,ERR,ERR,ERR,ERR,ERR,ERR,ERR,ERR,ERR,ERR,ERR,ERR,ERR,ERR,ERR,ERR,ERR,ERR,ERR,ERR,ERR,ERR,ERR,ERR,ERR,ERR,ERR,ERR,ERR,ERR,50.0,60.0,100,0.0,0.0,0.0,0.0,0.0,0.0,0.0,0.0,0.0,0.0,0.0,0.0,0.0,0.0,0.0,0.0,61.6,73,14,65512,50,65476,0,300,0,0,8,20529,65476,0,0,26214,60.0,0.0,0.0,0.0,0.0,0.0
2026-05-17T18:31:51,ERR,ERR,ERR,ERR,ERR,ERR,ERR,ERR,ERR,ERR,ERR,ERR,ERR,ERR,ERR,ERR,ERR,ERR,ERR,ERR,ERR,ERR,ERR,ERR,ERR,ERR,ERR,ERR,ERR,ERR,ERR,ERR,ERR,ERR,ERR,ERR,ERR,ERR,ERR,ERR,ERR,ERR,ERR,ERR,ERR,ERR,ERR,ERR,ERR,ERR,ERR,ERR,ERR,ERR,ERR,ERR,ERR,ERR,ERR,ERR,ERR,ERR,ERR,ERR,ERR,ERR,ERR,ERR,ERR,ERR,ERR,ERR,ERR,ERR,ERR,ERR,ERR,ERR,ERR,ERR,ERR,ERR,ERR,ERR,ERR,ERR,ERR,ERR,ERR,ERR,ERR,ERR,ERR,ERR,ERR,ERR,ERR,ERR,ERR,ERR,ERR,ERR,ERR,ERR,ERR,ERR,ERR,ERR,ERR,ERR,ERR,ERR,ERR,ERR,ERR,ERR,ERR,ERR,ERR,ERR,ERR,ERR,ERR,ERR,ERR,0.0,0.0,0.0,0.0,0.0,1.3936040501711995e+18,7.805,0.0,0,0,4,0,8422,0.0,45,0.0,0.0,0.0,0.0,0.0,0,0,0,0,0.0,0,0,0,0,0,0,0,0,0,0,0,0,0,0,0,0,0,0,0,0,0,0,0,0,0,0,0,0,0,0,0,0,0,38,14,7,45,65476,0,300,0,0,8,21553,0.0,-107605600.0,0.0,0.0,0.0,0.0,0.0,0.0,0.0,0.0,0.0,0.0,0.0,0.0,0.0,0.0,0.0,0.0,0.0,0.0,0.0,0.0,0.0,2.004,-0.0,0.0,0.0,0.0,0.0,0.0,5013.0,3.697186133624698e+19,0.0,0.0,0.0,-107615280.0,2.718429300292151e+23,0.0,0.0,0.0,0.0,53,-0.0,0.0,0.0,0.0,0.0,0.0,0.0,0.0,0.0,0,0,0,0.0,0.0,0.0,0.0,0.0,0.0,0.0,0.0,0.0,0.0,0.0,0.0,0.0,0.0,0.0,0.0,0,-107875648.0,53,0.0,106,-107614832.0,0.0,ERR,ERR,ERR,ERR,ERR,ERR,ERR,ERR,ERR,ERR,ERR,ERR,ERR,ERR,ERR,ERR,ERR,ERR,ERR,ERR,ERR,ERR,ERR,ERR,ERR,ERR,ERR,ERR,ERR,ERR,ERR,ERR,ERR,ERR,ERR,ERR,ERR,ERR,ERR,ERR,ERR,ERR,ERR,ERR,ERR,ERR,ERR,ERR,ERR,ERR,ERR,ERR,ERR,ERR,ERR,ERR,ERR,ERR,ERR,ERR,ERR,ERR,ERR,ERR,ERR,ERR,ERR,50.0,60.0,100,0.0,0.0,0.0,0.0,0.0,0.0,0.0,0.0,0.0,0.0,0.0,0.0,0.0,0.0,0.0,0.0,61.6,73,14,65512,50,65476,0,300,0,0,8,20529,65476,0,0,26214,60.0,0.0,0.0,0.0,0.0,0.0
2026-05-17T18:31:52,ERR,ERR,ERR,ERR,ERR,ERR,ERR,ERR,ERR,ERR,ERR,ERR,ERR,ERR,ERR,ERR,ERR,ERR,ERR,ERR,ERR,ERR,ERR,ERR,ERR,ERR,ERR,ERR,ERR,ERR,ERR,ERR,ERR,ERR,ERR,ERR,ERR,ERR,ERR,ERR,ERR,ERR,ERR,ERR,ERR,ERR,ERR,ERR,ERR,ERR,ERR,ERR,ERR,ERR,ERR,ERR,ERR,ERR,ERR,ERR,ERR,ERR,ERR,ERR,ERR,ERR,ERR,ERR,ERR,ERR,ERR,ERR,ERR,ERR,ERR,ERR,ERR,ERR,ERR,ERR,ERR,ERR,ERR,ERR,ERR,ERR,ERR,ERR,ERR,ERR,ERR,ERR,ERR,ERR,ERR,ERR,ERR,ERR,ERR,ERR,ERR,ERR,ERR,ERR,ERR,ERR,ERR,ERR,ERR,ERR,ERR,ERR,ERR,ERR,ERR,ERR,ERR,ERR,ERR,ERR,ERR,ERR,ERR,ERR,ERR,0.0,0.0,0.0,0.0,0.0,1.3936040501711995e+18,7.805,0.0,0,0,4,0,8422,0.0,45,0.0,0.0,0.0,0.0,0.0,0,0,0,0,0.0,0,0,0,0,0,0,0,0,0,0,0,0,0,0,0,0,0,0,0,0,0,0,0,0,0,0,0,0,0,0,0,0,0,38,14,7,45,65476,0,300,0,0,8,21553,0.0,-107605600.0,0.0,0.0,0.0,0.0,0.0,0.0,0.0,0.0,0.0,0.0,0.0,0.0,0.0,0.0,0.0,0.0,0.0,0.0,0.0,0.0,0.0,2.004,-0.0,0.0,0.0,0.0,0.0,0.0,5013.0,3.697186133624698e+19,0.0,0.0,0.0,-107615280.0,2.718429300292151e+23,0.0,0.0,0.0,0.0,53,-0.0,0.0,0.0,0.0,0.0,0.0,0.0,0.0,0.0,0,0,0,0.0,0.0,0.0,0.0,0.0,0.0,0.0,0.0,0.0,0.0,0.0,0.0,0.0,0.0,0.0,0.0,0,-107875648.0,53,0.0,106,-107614832.0,0.0,ERR,ERR,ERR,ERR,ERR,ERR,ERR,ERR,ERR,ERR,ERR,ERR,ERR,ERR,ERR,ERR,ERR,ERR,ERR,ERR,ERR,ERR,ERR,ERR,ERR,ERR,ERR,ERR,ERR,ERR,ERR,ERR,ERR,ERR,ERR,ERR,ERR,ERR,ERR,ERR,ERR,ERR,ERR,ERR,ERR,ERR,ERR,ERR,ERR,ERR,ERR,ERR,ERR,ERR,ERR,ERR,ERR,ERR,ERR,ERR,ERR,ERR,ERR,ERR,ERR,ERR,ERR,50.0,60.0,100,0.0,0.0,0.0,0.0,0.0,0.0,0.0,0.0,0.0,0.0,0.0,0.0,0.0,0.0,0.0,0.0,61.6,73,14,65512,50,65476,0,300,0,0,8,20529,65476,0,0,26214,60.0,0.0,0.0,0.0,0.0,0.0
2026-05-17T18:31:53,ERR,ERR,ERR,ERR,ERR,ERR,ERR,ERR,ERR,ERR,ERR,ERR,ERR,ERR,ERR,ERR,ERR,ERR,ERR,ERR,ERR,ERR,ERR,ERR,ERR,ERR,ERR,ERR,ERR,ERR,ERR,ERR,ERR,ERR,ERR,ERR,ERR,ERR,ERR,ERR,ERR,ERR,ERR,ERR,ERR,ERR,ERR,ERR,ERR,ERR,ERR,ERR,ERR,ERR,ERR,ERR,ERR,ERR,ERR,ERR,ERR,ERR,ERR,ERR,ERR,ERR,ERR,ERR,ERR,ERR,ERR,ERR,ERR,ERR,ERR,ERR,ERR,ERR,ERR,ERR,ERR,ERR,ERR,ERR,ERR,ERR,ERR,ERR,ERR,ERR,ERR,ERR,ERR,ERR,ERR,ERR,ERR,ERR,ERR,ERR,ERR,ERR,ERR,ERR,ERR,ERR,ERR,ERR,ERR,ERR,ERR,ERR,ERR,ERR,ERR,ERR,ERR,ERR,ERR,ERR,ERR,ERR,ERR,ERR,ERR,0.0,0.0,0.0,0.0,0.0,1.3936040501711995e+18,7.805,0.0,0,0,4,0,8422,0.0,45,0.0,0.0,0.0,0.0,0.0,0,0,0,0,0.0,0,0,0,0,0,0,0,0,0,0,0,0,0,0,0,0,0,0,0,0,0,0,0,0,0,0,0,0,0,0,0,0,0,38,14,7,45,65476,0,300,0,0,8,21553,0.0,-107605600.0,0.0,0.0,0.0,0.0,0.0,0.0,0.0,0.0,0.0,0.0,0.0,0.0,0.0,0.0,0.0,0.0,0.0,0.0,0.0,0.0,0.0,2.004,-0.0,0.0,0.0,0.0,0.0,0.0,5013.0,3.697186133624698e+19,0.0,0.0,0.0,-107615280.0,2.718429300292151e+23,0.0,0.0,0.0,0.0,53,-0.0,0.0,0.0,0.0,0.0,0.0,0.0,0.0,0.0,0,0,0,0.0,0.0,0.0,0.0,0.0,0.0,0.0,0.0,0.0,0.0,0.0,0.0,0.0,0.0,0.0,0.0,0,-107875648.0,53,0.0,106,-107614832.0,0.0,ERR,ERR,ERR,ERR,ERR,ERR,ERR,ERR,ERR,ERR,ERR,ERR,ERR,ERR,ERR,ERR,ERR,ERR,ERR,ERR,ERR,ERR,ERR,ERR,ERR,ERR,ERR,ERR,ERR,ERR,ERR,ERR,ERR,ERR,ERR,ERR,ERR,ERR,ERR,ERR,ERR,ERR,ERR,ERR,ERR,ERR,ERR,ERR,ERR,ERR,ERR,ERR,ERR,ERR,ERR,ERR,ERR,ERR,ERR,ERR,ERR,ERR,ERR,ERR,ERR,ERR,ERR,50.0,60.0,100,0.0,0.0,0.0,0.0,0.0,0.0,0.0,0.0,0.0,0.0,0.0,0.0,0.0,0.0,0.0,0.0,62.0,73,14,65512,50,65476,0,300,0,0,8,20529,65476,0,0,26214,60.0,0.0,0.0,0.0,0.0,0.0
2026-05-17T18:31:54,ERR,ERR,ERR,ERR,ERR,ERR,ERR,ERR,ERR,ERR,ERR,ERR,ERR,ERR,ERR,ERR,ERR,ERR,ERR,ERR,ERR,ERR,ERR,ERR,ERR,ERR,ERR,ERR,ERR,ERR,ERR,ERR,ERR,ERR,ERR,ERR,ERR,ERR,ERR,ERR,ERR,ERR,ERR,ERR,ERR,ERR,ERR,ERR,ERR,ERR,ERR,ERR,ERR,ERR,ERR,ERR,ERR,ERR,ERR,ERR,ERR,ERR,ERR,ERR,ERR,ERR,ERR,ERR,ERR,ERR,ERR,ERR,ERR,ERR,ERR,ERR,ERR,ERR,ERR,ERR,ERR,ERR,ERR,ERR,ERR,ERR,ERR,ERR,ERR,ERR,ERR,ERR,ERR,ERR,ERR,ERR,ERR,ERR,ERR,ERR,ERR,ERR,ERR,ERR,ERR,ERR,ERR,ERR,ERR,ERR,ERR,ERR,ERR,ERR,ERR,ERR,ERR,ERR,ERR,ERR,ERR,ERR,ERR,ERR,ERR,0.0,0.0,0.0,0.0,0.0,1.3936040501711995e+18,7.805,0.0,0,0,4,0,8422,0.0,45,0.0,0.0,0.0,0.0,0.0,0,0,0,0,0.0,0,0,0,0,0,0,0,0,0,0,0,0,0,0,0,0,0,0,0,0,0,0,0,0,0,0,0,0,0,0,0,0,0,38,14,7,45,65476,0,300,0,0,8,21553,0.0,-107605600.0,0.0,0.0,0.0,0.0,0.0,0.0,0.0,0.0,0.0,0.0,0.0,0.0,0.0,0.0,0.0,0.0,0.0,0.0,0.0,0.0,0.0,2.004,-0.0,0.0,0.0,0.0,0.0,0.0,5013.0,3.697186133624698e+19,0.0,0.0,0.0,-107615280.0,2.718429300292151e+23,0.0,0.0,0.0,0.0,53,-0.0,0.0,0.0,0.0,0.0,0.0,0.0,0.0,0.0,0,0,0,0.0,0.0,0.0,0.0,0.0,0.0,0.0,0.0,0.0,0.0,0.0,0.0,0.0,0.0,0.0,0.0,0,-107875648.0,53,0.0,106,-107614832.0,0.0,ERR,ERR,ERR,ERR,ERR,ERR,ERR,ERR,ERR,ERR,ERR,ERR,ERR,ERR,ERR,ERR,ERR,ERR,ERR,ERR,ERR,ERR,ERR,ERR,ERR,ERR,ERR,ERR,ERR,ERR,ERR,ERR,ERR,ERR,ERR,ERR,ERR,ERR,ERR,ERR,ERR,ERR,ERR,ERR,ERR,ERR,ERR,ERR,ERR,ERR,ERR,ERR,ERR,ERR,ERR,ERR,ERR,ERR,ERR,ERR,ERR,ERR,ERR,ERR,ERR,ERR,ERR,50.0,60.0,100,0.0,0.0,0.0,0.0,0.0,0.0,0.0,0.0,0.0,0.0,0.0,0.0,0.0,0.0,0.0,0.0,62.0,73,14,65512,50,65476,0,300,0,0,8,20529,65476,0,0,26214,60.0,0.0,0.0,0.0,0.0,0.0
2026-05-17T18:31:55,ERR,ERR,ERR,ERR,ERR,ERR,ERR,ERR,ERR,ERR,ERR,ERR,ERR,ERR,ERR,ERR,ERR,ERR,ERR,ERR,ERR,ERR,ERR,ERR,ERR,ERR,ERR,ERR,ERR,ERR,ERR,ERR,ERR,ERR,ERR,ERR,ERR,ERR,ERR,ERR,ERR,ERR,ERR,ERR,ERR,ERR,ERR,ERR,ERR,ERR,ERR,ERR,ERR,ERR,ERR,ERR,ERR,ERR,ERR,ERR,ERR,ERR,ERR,ERR,ERR,ERR,ERR,ERR,ERR,ERR,ERR,ERR,ERR,ERR,ERR,ERR,ERR,ERR,ERR,ERR,ERR,ERR,ERR,ERR,ERR,ERR,ERR,ERR,ERR,ERR,ERR,ERR,ERR,ERR,ERR,ERR,ERR,ERR,ERR,ERR,ERR,ERR,ERR,ERR,ERR,ERR,ERR,ERR,ERR,ERR,ERR,ERR,ERR,ERR,ERR,ERR,ERR,ERR,ERR,ERR,ERR,ERR,ERR,ERR,ERR,0.0,0.0,0.0,0.0,0.0,1.3936040501711995e+18,7.805,0.0,0,0,4,0,8422,0.0,45,0.0,0.0,0.0,0.0,0.0,0,0,0,0,0.0,0,0,0,0,0,0,0,0,0,0,0,0,0,0,0,0,0,0,0,0,0,0,0,0,0,0,0,0,0,0,0,0,0,38,14,7,45,65476,0,300,0,0,8,21553,0.0,-107605600.0,0.0,0.0,0.0,0.0,0.0,0.0,0.0,0.0,0.0,0.0,0.0,0.0,0.0,0.0,0.0,0.0,0.0,0.0,0.0,0.0,0.0,2.004,-0.0,0.0,0.0,0.0,0.0,0.0,5013.0,3.697186133624698e+19,0.0,0.0,0.0,-107615280.0,2.718429300292151e+23,0.0,0.0,0.0,0.0,53,-0.0,0.0,0.0,0.0,0.0,0.0,0.0,0.0,0.0,0,0,0,0.0,0.0,0.0,0.0,0.0,0.0,0.0,0.0,0.0,0.0,0.0,0.0,0.0,0.0,0.0,0.0,0,-107875648.0,53,0.0,106,-107614832.0,0.0,ERR,ERR,ERR,ERR,ERR,ERR,ERR,ERR,ERR,ERR,ERR,ERR,ERR,ERR,ERR,ERR,ERR,ERR,ERR,ERR,ERR,ERR,ERR,ERR,ERR,ERR,ERR,ERR,ERR,ERR,ERR,ERR,ERR,ERR,ERR,ERR,ERR,ERR,ERR,ERR,ERR,ERR,ERR,ERR,ERR,ERR,ERR,ERR,ERR,ERR,ERR,ERR,ERR,ERR,ERR,ERR,ERR,ERR,ERR,ERR,ERR,ERR,ERR,ERR,ERR,ERR,ERR,50.0,60.0,100,0.0,0.0,0.0,0.0,0.0,0.0,0.0,0.0,0.0,0.0,0.0,0.0,0.0,0.0,0.0,0.0,62.0,73,14,65512,50,65476,0,300,0,0,8,20529,65476,0,0,26214,60.0,0.0,0.0,0.0,0.0,0.0
2026-05-17T18:31:56,ERR,ERR,ERR,ERR,ERR,ERR,ERR,ERR,ERR,ERR,ERR,ERR,ERR,ERR,ERR,ERR,ERR,ERR,ERR,ERR,ERR,ERR,ERR,ERR,ERR,ERR,ERR,ERR,ERR,ERR,ERR,ERR,ERR,ERR,ERR,ERR,ERR,ERR,ERR,ERR,ERR,ERR,ERR,ERR,ERR,ERR,ERR,ERR,ERR,ERR,ERR,ERR,ERR,ERR,ERR,ERR,ERR,ERR,ERR,ERR,ERR,ERR,ERR,ERR,ERR,ERR,ERR,ERR,ERR,ERR,ERR,ERR,ERR,ERR,ERR,ERR,ERR,ERR,ERR,ERR,ERR,ERR,ERR,ERR,ERR,ERR,ERR,ERR,ERR,ERR,ERR,ERR,ERR,ERR,ERR,ERR,ERR,ERR,ERR,ERR,ERR,ERR,ERR,ERR,ERR,ERR,ERR,ERR,ERR,ERR,ERR,ERR,ERR,ERR,ERR,ERR,ERR,ERR,ERR,ERR,ERR,ERR,ERR,ERR,ERR,0.0,0.0,0.0,0.0,0.0,1.3936040501711995e+18,7.805,0.0,0,0,4,0,8422,0.0,45,0.0,0.0,0.0,0.0,0.0,0,0,0,0,0.0,0,0,0,0,0,0,0,0,0,0,0,0,0,0,0,0,0,0,0,0,0,0,0,0,0,0,0,0,0,0,0,0,0,38,14,7,45,65476,0,300,0,0,8,21553,0.0,-107605600.0,0.0,0.0,0.0,0.0,0.0,0.0,0.0,0.0,0.0,0.0,0.0,0.0,0.0,0.0,0.0,0.0,0.0,0.0,0.0,0.0,0.0,2.004,-0.0,0.0,0.0,0.0,0.0,0.0,5013.0,0.0,0.0,0.0,0.0,-107615280.0,2.718429300292151e+23,0.0,0.0,0.0,0.0,53,-0.0,-4.950401131092143e+32,0.0,0.0,0.0,0.0,0.0,0.0,0.0,0,0,0,0.0,0.0,0.0,0.0,0.0,0.0,0.0,0.0,0.0,0.0,0.0,0.0,0.0,0.0,0.0,0.0,0,-107875648.0,53,0.0,106,-107614832.0,0.0,ERR,ERR,ERR,ERR,ERR,ERR,ERR,ERR,ERR,ERR,ERR,ERR,ERR,ERR,ERR,ERR,ERR,ERR,ERR,ERR,ERR,ERR,ERR,ERR,ERR,ERR,ERR,ERR,ERR,ERR,ERR,ERR,ERR,ERR,ERR,ERR,ERR,ERR,ERR,ERR,ERR,ERR,ERR,ERR,ERR,ERR,ERR,ERR,ERR,ERR,ERR,ERR,ERR,ERR,ERR,ERR,ERR,ERR,ERR,ERR,ERR,ERR,ERR,ERR,ERR,ERR,ERR,50.0,60.0,100,0.0,0.0,0.0,0.0,0.0,0.0,0.0,0.0,0.0,0.0,0.0,0.0,0.0,0.0,0.0,0.0,62.0,73,14,65512,50,65476,0,300,0,0,8,20529,65476,0,0,26214,60.0,0.0,0.0,0.0,0.0,0.0
2026-05-17T18:31:57,ERR,ERR,ERR,ERR,ERR,ERR,ERR,ERR,ERR,ERR,ERR,ERR,ERR,ERR,ERR,ERR,ERR,ERR,ERR,ERR,ERR,ERR,ERR,ERR,ERR,ERR,ERR,ERR,ERR,ERR,ERR,ERR,ERR,ERR,ERR,ERR,ERR,ERR,ERR,ERR,ERR,ERR,ERR,ERR,ERR,ERR,ERR,ERR,ERR,ERR,ERR,ERR,ERR,ERR,ERR,ERR,ERR,ERR,ERR,ERR,ERR,ERR,ERR,ERR,ERR,ERR,ERR,ERR,ERR,ERR,ERR,ERR,ERR,ERR,ERR,ERR,ERR,ERR,ERR,ERR,ERR,ERR,ERR,ERR,ERR,ERR,ERR,ERR,ERR,ERR,ERR,ERR,ERR,ERR,ERR,ERR,ERR,ERR,ERR,ERR,ERR,ERR,ERR,ERR,ERR,ERR,ERR,ERR,ERR,ERR,ERR,ERR,ERR,ERR,ERR,ERR,ERR,ERR,ERR,ERR,ERR,ERR,ERR,ERR,ERR,0.0,0.0,0.0,0.0,0.0,1.3936040501711995e+18,7.805,0.0,0,0,4,0,8422,0.0,45,0.0,0.0,0.0,0.0,0.0,0,0,0,0,0.0,0,0,0,0,0,0,0,0,0,0,0,0,0,0,0,0,0,0,0,0,0,0,0,0,0,0,0,0,0,0,0,0,0,38,14,7,45,65476,0,300,0,0,8,21553,0.0,-107605600.0,0.0,0.0,0.0,0.0,0.0,0.0,0.0,0.0,0.0,0.0,0.0,0.0,0.0,0.0,0.0,0.0,0.0,0.0,0.0,0.0,0.0,2.004,-0.0,0.0,0.0,0.0,0.0,0.0,5013.0,0.0,0.0,0.0,0.0,-107615280.0,2.718429300292151e+23,0.0,0.0,0.0,0.0,53,-0.0,-4.950401131092143e+32,0.0,0.0,0.0,0.0,0.0,0.0,0.0,0,0,0,0.0,0.0,0.0,0.0,0.0,0.0,0.0,0.0,0.0,0.0,0.0,0.0,0.0,0.0,0.0,0.0,0,-107875648.0,53,0.0,106,-107614832.0,0.0,ERR,ERR,ERR,ERR,ERR,ERR,ERR,ERR,ERR,ERR,ERR,ERR,ERR,ERR,ERR,ERR,ERR,ERR,ERR,ERR,ERR,ERR,ERR,ERR,ERR,ERR,ERR,ERR,ERR,ERR,ERR,ERR,ERR,ERR,ERR,ERR,ERR,ERR,ERR,ERR,ERR,ERR,ERR,ERR,ERR,ERR,ERR,ERR,ERR,ERR,ERR,ERR,ERR,ERR,ERR,ERR,ERR,ERR,ERR,ERR,ERR,ERR,ERR,ERR,ERR,ERR,ERR,50.0,60.0,100,0.0,0.0,0.0,0.0,0.0,0.0,0.0,0.0,0.0,0.0,0.0,0.0,0.0,0.0,0.0,0.0,61.6,73,14,65512,50,65476,0,300,0,0,8,20529,65476,0,0,26214,60.0,0.0,0.0,0.0,0.0,0.0
2026-05-17T18:31:58,ERR,ERR,ERR,ERR,ERR,ERR,ERR,ERR,ERR,ERR,ERR,ERR,ERR,ERR,ERR,ERR,ERR,ERR,ERR,ERR,ERR,ERR,ERR,ERR,ERR,ERR,ERR,ERR,ERR,ERR,ERR,ERR,ERR,ERR,ERR,ERR,ERR,ERR,ERR,ERR,ERR,ERR,ERR,ERR,ERR,ERR,ERR,ERR,ERR,ERR,ERR,ERR,ERR,ERR,ERR,ERR,ERR,ERR,ERR,ERR,ERR,ERR,ERR,ERR,ERR,ERR,ERR,ERR,ERR,ERR,ERR,ERR,ERR,ERR,ERR,ERR,ERR,ERR,ERR,ERR,ERR,ERR,ERR,ERR,ERR,ERR,ERR,ERR,ERR,ERR,ERR,ERR,ERR,ERR,ERR,ERR,ERR,ERR,ERR,ERR,ERR,ERR,ERR,ERR,ERR,ERR,ERR,ERR,ERR,ERR,ERR,ERR,ERR,ERR,ERR,ERR,ERR,ERR,ERR,ERR,ERR,ERR,ERR,ERR,ERR,0.0,0.0,0.0,0.0,0.0,1.3936040501711995e+18,7.805,0.0,0,0,4,0,8422,0.0,45,0.0,0.0,0.0,0.0,0.0,0,0,0,0,0.0,0,0,0,0,0,0,0,0,0,0,0,0,0,0,0,0,0,0,0,0,0,0,0,0,0,0,0,0,0,0,0,0,0,38,14,7,45,65476,0,300,0,0,8,21553,0.0,-107605600.0,0.0,0.0,0.0,0.0,0.0,0.0,0.0,0.0,0.0,0.0,0.0,0.0,0.0,0.0,0.0,0.0,0.0,0.0,0.0,0.0,0.0,2.004,-0.0,0.0,0.0,0.0,0.0,0.0,5013.0,0.0,0.0,0.0,0.0,-107615280.0,2.718429300292151e+23,0.0,0.0,0.0,0.0,53,-0.0,-4.950401131092143e+32,0.0,0.0,0.0,0.0,0.0,0.0,0.0,0,0,0,0.0,0.0,0.0,0.0,0.0,0.0,0.0,0.0,0.0,0.0,0.0,0.0,0.0,0.0,0.0,0.0,0,-107875648.0,53,0.0,106,-107614832.0,0.0,ERR,ERR,ERR,ERR,ERR,ERR,ERR,ERR,ERR,ERR,ERR,ERR,ERR,ERR,ERR,ERR,ERR,ERR,ERR,ERR,ERR,ERR,ERR,ERR,ERR,ERR,ERR,ERR,ERR,ERR,ERR,ERR,ERR,ERR,ERR,ERR,ERR,ERR,ERR,ERR,ERR,ERR,ERR,ERR,ERR,ERR,ERR,ERR,ERR,ERR,ERR,ERR,ERR,ERR,ERR,ERR,ERR,ERR,ERR,ERR,ERR,ERR,ERR,ERR,ERR,ERR,ERR,50.0,60.0,100,0.0,0.0,0.0,0.0,0.0,0.0,0.0,0.0,0.0,0.0,0.0,0.0,0.0,0.0,0.0,0.0,61.6,73,14,65512,50,65476,0,300,0,0,8,20529,65476,0,0,26214,60.0,0.0,0.0,0.0,0.0,0.0
2026-05-17T18:31:59,ERR,ERR,ERR,ERR,ERR,ERR,ERR,ERR,ERR,ERR,ERR,ERR,ERR,ERR,ERR,ERR,ERR,ERR,ERR,ERR,ERR,ERR,ERR,ERR,ERR,ERR,ERR,ERR,ERR,ERR,ERR,ERR,ERR,ERR,ERR,ERR,ERR,ERR,ERR,ERR,ERR,ERR,ERR,ERR,ERR,ERR,ERR,ERR,ERR,ERR,ERR,ERR,ERR,ERR,ERR,ERR,ERR,ERR,ERR,ERR,ERR,ERR,ERR,ERR,ERR,ERR,ERR,ERR,ERR,ERR,ERR,ERR,ERR,ERR,ERR,ERR,ERR,ERR,ERR,ERR,ERR,ERR,ERR,ERR,ERR,ERR,ERR,ERR,ERR,ERR,ERR,ERR,ERR,ERR,ERR,ERR,ERR,ERR,ERR,ERR,ERR,ERR,ERR,ERR,ERR,ERR,ERR,ERR,ERR,ERR,ERR,ERR,ERR,ERR,ERR,ERR,ERR,ERR,ERR,ERR,ERR,ERR,ERR,ERR,ERR,0.0,0.0,0.0,0.0,0.0,1.3936040501711995e+18,7.805,0.0,0,0,4,0,8422,0.0,45,0.0,0.0,0.0,0.0,0.0,0,0,0,0,0.0,0,0,0,0,0,0,0,0,0,0,0,0,0,0,0,0,0,0,0,0,0,0,0,0,0,0,0,0,0,0,0,0,0,38,14,7,45,65476,0,300,0,0,8,21553,0.0,-107605600.0,0.0,0.0,0.0,0.0,0.0,0.0,0.0,0.0,0.0,0.0,0.0,0.0,0.0,0.0,0.0,0.0,0.0,0.0,0.0,0.0,0.0,2.004,-0.0,0.0,0.0,0.0,0.0,0.0,5013.0,0.0,0.0,0.0,0.0,-107615280.0,2.718429300292151e+23,0.0,0.0,0.0,0.0,53,-0.0,-4.950401131092143e+32,0.0,0.0,0.0,0.0,0.0,0.0,0.0,0,0,0,0.0,0.0,0.0,0.0,0.0,0.0,0.0,0.0,0.0,0.0,0.0,0.0,0.0,0.0,0.0,0.0,0,-107875648.0,53,0.0,106,-107614832.0,0.0,ERR,ERR,ERR,ERR,ERR,ERR,ERR,ERR,ERR,ERR,ERR,ERR,ERR,ERR,ERR,ERR,ERR,ERR,ERR,ERR,ERR,ERR,ERR,ERR,ERR,ERR,ERR,ERR,ERR,ERR,ERR,ERR,ERR,ERR,ERR,ERR,ERR,ERR,ERR,ERR,ERR,ERR,ERR,ERR,ERR,ERR,ERR,ERR,ERR,ERR,ERR,ERR,ERR,ERR,ERR,ERR,ERR,ERR,ERR,ERR,ERR,ERR,ERR,ERR,ERR,ERR,ERR,50.0,60.0,100,0.0,0.0,0.0,0.0,0.0,0.0,0.0,0.0,0.0,0.0,0.0,0.0,0.0,0.0,0.0,0.0,61.6,73,14,65512,50,65476,0,300,0,0,8,20529,65476,0,0,26214,60.0,0.0,0.0,0.0,0.0,0.0
2026-05-17T18:32:00,ERR,ERR,ERR,ERR,ERR,ERR,ERR,ERR,ERR,ERR,ERR,ERR,ERR,ERR,ERR,ERR,ERR,ERR,ERR,ERR,ERR,ERR,ERR,ERR,ERR,ERR,ERR,ERR,ERR,ERR,ERR,ERR,ERR,ERR,ERR,ERR,ERR,ERR,ERR,ERR,ERR,ERR,ERR,ERR,ERR,ERR,ERR,ERR,ERR,ERR,ERR,ERR,ERR,ERR,ERR,ERR,ERR,ERR,ERR,ERR,ERR,ERR,ERR,ERR,ERR,ERR,ERR,ERR,ERR,ERR,ERR,ERR,ERR,ERR,ERR,ERR,ERR,ERR,ERR,ERR,ERR,ERR,ERR,ERR,ERR,ERR,ERR,ERR,ERR,ERR,ERR,ERR,ERR,ERR,ERR,ERR,ERR,ERR,ERR,ERR,ERR,ERR,ERR,ERR,ERR,ERR,ERR,ERR,ERR,ERR,ERR,ERR,ERR,ERR,ERR,ERR,ERR,ERR,ERR,ERR,ERR,ERR,ERR,ERR,ERR,0.0,0.0,0.0,0.0,0.0,1.3936040501711995e+18,7.805,0.0,0,0,4,0,8422,0.0,45,0.0,0.0,0.0,0.0,0.0,0,0,0,0,0.0,0,0,0,0,0,0,0,0,0,0,0,0,0,0,0,0,0,0,0,0,0,0,0,0,0,0,0,0,0,0,0,0,0,38,14,7,45,65476,0,300,0,0,8,21553,0.0,-107605600.0,0.0,0.0,0.0,0.0,0.0,0.0,0.0,0.0,0.0,0.0,0.0,0.0,0.0,0.0,0.0,0.0,0.0,0.0,0.0,0.0,0.0,2.004,-0.0,0.0,0.0,0.0,0.0,0.0,5013.0,0.0,0.0,0.0,0.0,-107615280.0,2.718429300292151e+23,0.0,0.0,0.0,0.0,53,-0.0,-4.950401131092143e+32,0.0,0.0,0.0,0.0,0.0,0.0,0.0,0,0,0,0.0,0.0,0.0,0.0,0.0,0.0,0.0,0.0,0.0,0.0,0.0,0.0,0.0,0.0,0.0,0.0,0,-107875648.0,53,0.0,106,-107614832.0,0.0,ERR,ERR,ERR,ERR,ERR,ERR,ERR,ERR,ERR,ERR,ERR,ERR,ERR,ERR,ERR,ERR,ERR,ERR,ERR,ERR,ERR,ERR,ERR,ERR,ERR,ERR,ERR,ERR,ERR,ERR,ERR,ERR,ERR,ERR,ERR,ERR,ERR,ERR,ERR,ERR,ERR,ERR,ERR,ERR,ERR,ERR,ERR,ERR,ERR,ERR,ERR,ERR,ERR,ERR,ERR,ERR,ERR,ERR,ERR,ERR,ERR,ERR,ERR,ERR,ERR,ERR,ERR,50.0,60.0,100,0.0,0.0,0.0,0.0,0.0,0.0,0.0,0.0,0.0,0.0,0.0,0.0,0.0,0.0,0.0,0.0,61.6,73,14,65512,50,65476,0,300,0,0,8,20529,65476,0,0,26214,60.0,0.0,0.0,0.0,0.0,0.0
2026-05-17T18:32:01,ERR,ERR,ERR,ERR,ERR,ERR,ERR,ERR,ERR,ERR,ERR,ERR,ERR,ERR,ERR,ERR,ERR,ERR,ERR,ERR,ERR,ERR,ERR,ERR,ERR,ERR,ERR,ERR,ERR,ERR,ERR,ERR,ERR,ERR,ERR,ERR,ERR,ERR,ERR,ERR,ERR,ERR,ERR,ERR,ERR,ERR,ERR,ERR,ERR,ERR,ERR,ERR,ERR,ERR,ERR,ERR,ERR,ERR,ERR,ERR,ERR,ERR,ERR,ERR,ERR,ERR,ERR,ERR,ERR,ERR,ERR,ERR,ERR,ERR,ERR,ERR,ERR,ERR,ERR,ERR,ERR,ERR,ERR,ERR,ERR,ERR,ERR,ERR,ERR,ERR,ERR,ERR,ERR,ERR,ERR,ERR,ERR,ERR,ERR,ERR,ERR,ERR,ERR,ERR,ERR,ERR,ERR,ERR,ERR,ERR,ERR,ERR,ERR,ERR,ERR,ERR,ERR,ERR,ERR,ERR,ERR,ERR,ERR,ERR,ERR,0.0,0.0,0.0,0.0,0.0,1.3936040501711995e+18,7.805,0.0,0,0,4,0,8422,0.0,45,0.0,0.0,0.0,0.0,0.0,0,0,0,0,0.0,0,0,0,0,0,0,0,0,0,0,0,0,0,0,0,0,0,0,0,0,0,0,0,0,0,0,0,0,0,0,0,0,0,38,14,7,45,65476,0,300,0,0,8,21553,0.0,-107605600.0,0.0,0.0,0.0,0.0,0.0,0.0,0.0,0.0,0.0,0.0,0.0,0.0,0.0,0.0,0.0,0.0,0.0,0.0,0.0,0.0,0.0,2.004,-0.0,0.0,0.0,0.0,0.0,0.0,5012.0,0.0,0.0,0.0,0.0,-107615280.0,2.718429300292151e+23,0.0,0.0,0.0,0.0,53,5.848083413016271e+35,-71.629,0.0,0.0,0.0,0.0,0.0,0.0,0.0,0,0,0,0.0,0.0,0.0,0.0,0.0,0.0,0.0,0.0,0.0,0.0,0.0,0.0,0.0,0.0,0.0,0.0,0,-107875648.0,53,0.0,106,-107614832.0,0.0,ERR,ERR,ERR,ERR,ERR,ERR,ERR,ERR,ERR,ERR,ERR,ERR,ERR,ERR,ERR,ERR,ERR,ERR,ERR,ERR,ERR,ERR,ERR,ERR,ERR,ERR,ERR,ERR,ERR,ERR,ERR,ERR,ERR,ERR,ERR,ERR,ERR,ERR,ERR,ERR,ERR,ERR,ERR,ERR,ERR,ERR,ERR,ERR,ERR,ERR,ERR,ERR,ERR,ERR,ERR,ERR,ERR,ERR,ERR,ERR,ERR,ERR,ERR,ERR,ERR,ERR,ERR,50.0,60.0,100,0.0,0.0,0.0,0.0,0.0,0.0,0.0,0.0,0.0,0.0,0.0,0.0,0.0,0.0,0.0,0.0,61.6,73,14,65512,50,65476,0,300,0,0,8,20529,65476,0,0,26214,60.0,0.0,0.0,0.0,0.0,0.0
2026-05-17T18:32:02,ERR,ERR,ERR,ERR,ERR,ERR,ERR,ERR,ERR,ERR,ERR,ERR,ERR,ERR,ERR,ERR,ERR,ERR,ERR,ERR,ERR,ERR,ERR,ERR,ERR,ERR,ERR,ERR,ERR,ERR,ERR,ERR,ERR,ERR,ERR,ERR,ERR,ERR,ERR,ERR,ERR,ERR,ERR,ERR,ERR,ERR,ERR,ERR,ERR,ERR,ERR,ERR,ERR,ERR,ERR,ERR,ERR,ERR,ERR,ERR,ERR,ERR,ERR,ERR,ERR,ERR,ERR,ERR,ERR,ERR,ERR,ERR,ERR,ERR,ERR,ERR,ERR,ERR,ERR,ERR,ERR,ERR,ERR,ERR,ERR,ERR,ERR,ERR,ERR,ERR,ERR,ERR,ERR,ERR,ERR,ERR,ERR,ERR,ERR,ERR,ERR,ERR,ERR,ERR,ERR,ERR,ERR,ERR,ERR,ERR,ERR,ERR,ERR,ERR,ERR,ERR,ERR,ERR,ERR,ERR,ERR,ERR,ERR,ERR,ERR,0.0,0.0,0.0,0.0,0.0,1.3936040501711995e+18,7.805,0.0,0,0,4,0,8422,0.0,45,0.0,0.0,0.0,0.0,0.0,0,0,0,0,0.0,0,0,0,0,0,0,0,0,0,0,0,0,0,0,0,0,0,0,0,0,0,0,0,0,0,0,0,0,0,0,0,0,0,38,14,7,45,65476,0,300,0,0,8,21553,0.0,-107605600.0,0.0,0.0,0.0,0.0,0.0,0.0,0.0,0.0,0.0,0.0,0.0,0.0,0.0,0.0,0.0,0.0,0.0,0.0,0.0,0.0,0.0,2.004,-0.0,0.0,0.0,0.0,0.0,0.0,5012.0,0.0,0.0,0.0,0.0,-107615280.0,2.718429300292151e+23,0.0,0.0,0.0,0.0,53,5.848083413016271e+35,-71.629,0.0,0.0,0.0,0.0,0.0,0.0,0.0,0,0,0,0.0,0.0,0.0,0.0,0.0,0.0,0.0,0.0,0.0,0.0,0.0,0.0,0.0,0.0,0.0,0.0,0,-107875648.0,53,0.0,106,-107614832.0,0.0,ERR,ERR,ERR,ERR,ERR,ERR,ERR,ERR,ERR,ERR,ERR,ERR,ERR,ERR,ERR,ERR,ERR,ERR,ERR,ERR,ERR,ERR,ERR,ERR,ERR,ERR,ERR,ERR,ERR,ERR,ERR,ERR,ERR,ERR,ERR,ERR,ERR,ERR,ERR,ERR,ERR,ERR,ERR,ERR,ERR,ERR,ERR,ERR,ERR,ERR,ERR,ERR,ERR,ERR,ERR,ERR,ERR,ERR,ERR,ERR,ERR,ERR,ERR,ERR,ERR,ERR,ERR,50.0,60.0,100,0.0,0.0,0.0,0.0,0.0,0.0,0.0,0.0,0.0,0.0,0.0,0.0,0.0,0.0,0.0,0.0,61.6,73,14,65512,50,65476,0,300,0,0,8,20529,65476,0,0,26214,60.0,0.0,0.0,0.0,0.0,0.0
2026-05-17T18:32:03,ERR,ERR,ERR,ERR,ERR,ERR,ERR,ERR,ERR,ERR,ERR,ERR,ERR,ERR,ERR,ERR,ERR,ERR,ERR,ERR,ERR,ERR,ERR,ERR,ERR,ERR,ERR,ERR,ERR,ERR,ERR,ERR,ERR,ERR,ERR,ERR,ERR,ERR,ERR,ERR,ERR,ERR,ERR,ERR,ERR,ERR,ERR,ERR,ERR,ERR,ERR,ERR,ERR,ERR,ERR,ERR,ERR,ERR,ERR,ERR,ERR,ERR,ERR,ERR,ERR,ERR,ERR,ERR,ERR,ERR,ERR,ERR,ERR,ERR,ERR,ERR,ERR,ERR,ERR,ERR,ERR,ERR,ERR,ERR,ERR,ERR,ERR,ERR,ERR,ERR,ERR,ERR,ERR,ERR,ERR,ERR,ERR,ERR,ERR,ERR,ERR,ERR,ERR,ERR,ERR,ERR,ERR,ERR,ERR,ERR,ERR,ERR,ERR,ERR,ERR,ERR,ERR,ERR,ERR,ERR,ERR,ERR,ERR,ERR,ERR,0.0,0.0,0.0,0.0,0.0,1.3936040501711995e+18,7.805,0.0,0,0,4,0,8422,0.0,45,0.0,0.0,0.0,0.0,0.0,0,0,0,0,0.0,0,0,0,0,0,0,0,0,0,0,0,0,0,0,0,0,0,0,0,0,0,0,0,0,0,0,0,0,0,0,0,0,0,38,14,7,45,65476,0,300,0,0,8,21553,0.0,-107605600.0,0.0,0.0,0.0,0.0,0.0,0.0,0.0,0.0,0.0,0.0,0.0,0.0,0.0,0.0,0.0,0.0,0.0,0.0,0.0,0.0,0.0,2.004,-0.0,0.0,0.0,0.0,0.0,0.0,5012.0,0.0,0.0,0.0,0.0,-107615280.0,2.718429300292151e+23,0.0,0.0,0.0,0.0,53,5.848083413016271e+35,-71.629,0.0,0.0,0.0,0.0,0.0,0.0,0.0,0,0,0,0.0,0.0,0.0,0.0,0.0,0.0,0.0,0.0,0.0,0.0,0.0,0.0,0.0,0.0,0.0,0.0,0,-107875648.0,53,0.0,106,-107614832.0,0.0,ERR,ERR,ERR,ERR,ERR,ERR,ERR,ERR,ERR,ERR,ERR,ERR,ERR,ERR,ERR,ERR,ERR,ERR,ERR,ERR,ERR,ERR,ERR,ERR,ERR,ERR,ERR,ERR,ERR,ERR,ERR,ERR,ERR,ERR,ERR,ERR,ERR,ERR,ERR,ERR,ERR,ERR,ERR,ERR,ERR,ERR,ERR,ERR,ERR,ERR,ERR,ERR,ERR,ERR,ERR,ERR,ERR,ERR,ERR,ERR,ERR,ERR,ERR,ERR,ERR,ERR,ERR,50.0,60.0,100,0.0,0.0,0.0,0.0,0.0,0.0,0.0,0.0,0.0,0.0,0.0,0.0,0.0,0.0,0.0,0.0,61.6,73,14,65512,50,65476,0,300,0,0,8,20529,65476,0,0,26214,60.0,0.0,0.0,0.0,0.0,0.0
2026-05-17T18:32:04,ERR,ERR,ERR,ERR,ERR,ERR,ERR,ERR,ERR,ERR,ERR,ERR,ERR,ERR,ERR,ERR,ERR,ERR,ERR,ERR,ERR,ERR,ERR,ERR,ERR,ERR,ERR,ERR,ERR,ERR,ERR,ERR,ERR,ERR,ERR,ERR,ERR,ERR,ERR,ERR,ERR,ERR,ERR,ERR,ERR,ERR,ERR,ERR,ERR,ERR,ERR,ERR,ERR,ERR,ERR,ERR,ERR,ERR,ERR,ERR,ERR,ERR,ERR,ERR,ERR,ERR,ERR,ERR,ERR,ERR,ERR,ERR,ERR,ERR,ERR,ERR,ERR,ERR,ERR,ERR,ERR,ERR,ERR,ERR,ERR,ERR,ERR,ERR,ERR,ERR,ERR,ERR,ERR,ERR,ERR,ERR,ERR,ERR,ERR,ERR,ERR,ERR,ERR,ERR,ERR,ERR,ERR,ERR,ERR,ERR,ERR,ERR,ERR,ERR,ERR,ERR,ERR,ERR,ERR,ERR,ERR,ERR,ERR,ERR,ERR,0.0,0.0,0.0,0.0,0.0,1.3936040501711995e+18,7.805,0.0,0,0,4,0,8422,0.0,45,0.0,0.0,0.0,0.0,0.0,0,0,0,0,0.0,0,0,0,0,0,0,0,0,0,0,0,0,0,0,0,0,0,0,0,0,0,0,0,0,0,0,0,0,0,0,0,0,0,38,14,7,45,65476,0,300,0,0,8,21553,0.0,-107605600.0,0.0,0.0,0.0,0.0,0.0,0.0,0.0,0.0,0.0,0.0,0.0,0.0,0.0,0.0,0.0,0.0,0.0,0.0,0.0,0.0,0.0,2.004,-0.0,0.0,0.0,0.0,0.0,0.0,5012.0,0.0,0.0,0.0,0.0,-107615280.0,2.718429300292151e+23,0.0,0.0,0.0,0.0,53,5.848083413016271e+35,-71.629,0.0,0.0,0.0,0.0,0.0,0.0,0.0,0,0,0,0.0,0.0,0.0,0.0,0.0,0.0,0.0,0.0,0.0,0.0,0.0,0.0,0.0,0.0,0.0,0.0,0,-107875648.0,53,0.0,106,-107614832.0,0.0,ERR,ERR,ERR,ERR,ERR,ERR,ERR,ERR,ERR,ERR,ERR,ERR,ERR,ERR,ERR,ERR,ERR,ERR,ERR,ERR,ERR,ERR,ERR,ERR,ERR,ERR,ERR,ERR,ERR,ERR,ERR,ERR,ERR,ERR,ERR,ERR,ERR,ERR,ERR,ERR,ERR,ERR,ERR,ERR,ERR,ERR,ERR,ERR,ERR,ERR,ERR,ERR,ERR,ERR,ERR,ERR,ERR,ERR,ERR,ERR,ERR,ERR,ERR,ERR,ERR,ERR,ERR,50.0,60.0,100,0.0,0.0,0.0,0.0,0.0,0.0,0.0,0.0,0.0,0.0,0.0,0.0,0.0,0.0,0.0,0.0,61.6,73,14,65512,50,65476,0,300,0,0,8,20529,65476,0,0,26214,60.0,0.0,0.0,0.0,0.0,0.0
2026-05-17T18:32:05,ERR,ERR,ERR,ERR,ERR,ERR,ERR,ERR,ERR,ERR,ERR,ERR,ERR,ERR,ERR,ERR,ERR,ERR,ERR,ERR,ERR,ERR,ERR,ERR,ERR,ERR,ERR,ERR,ERR,ERR,ERR,ERR,ERR,ERR,ERR,ERR,ERR,ERR,ERR,ERR,ERR,ERR,ERR,ERR,ERR,ERR,ERR,ERR,ERR,ERR,ERR,ERR,ERR,ERR,ERR,ERR,ERR,ERR,ERR,ERR,ERR,ERR,ERR,ERR,ERR,ERR,ERR,ERR,ERR,ERR,ERR,ERR,ERR,ERR,ERR,ERR,ERR,ERR,ERR,ERR,ERR,ERR,ERR,ERR,ERR,ERR,ERR,ERR,ERR,ERR,ERR,ERR,ERR,ERR,ERR,ERR,ERR,ERR,ERR,ERR,ERR,ERR,ERR,ERR,ERR,ERR,ERR,ERR,ERR,ERR,ERR,ERR,ERR,ERR,ERR,ERR,ERR,ERR,ERR,ERR,ERR,ERR,ERR,ERR,ERR,0.0,0.0,0.0,0.0,0.0,1.3936040501711995e+18,7.805,0.0,0,0,4,0,8422,0.0,45,0.0,0.0,0.0,0.0,0.0,0,0,0,0,0.0,0,0,0,0,0,0,0,0,0,0,0,0,0,0,0,0,0,0,0,0,0,0,0,0,0,0,0,0,0,0,0,0,0,38,14,7,45,65476,0,300,0,0,8,21553,0.0,-107605600.0,0.0,0.0,0.0,0.0,0.0,0.0,0.0,0.0,0.0,0.0,0.0,0.0,0.0,0.0,0.0,0.0,0.0,0.0,0.0,0.0,0.0,2.004,-0.0,0.0,0.0,0.0,0.0,0.0,5012.0,0.0,0.0,0.0,0.0,-107615280.0,2.718429300292151e+23,0.0,0.0,0.0,0.0,53,5.848083413016271e+35,-71.629,0.0,0.0,0.0,0.0,0.0,0.0,0.0,0,0,0,0.0,0.0,0.0,0.0,0.0,0.0,0.0,0.0,0.0,0.0,0.0,0.0,0.0,0.0,0.0,0.0,0,-107875648.0,53,0.0,106,-107614832.0,0.0,ERR,ERR,ERR,ERR,ERR,ERR,ERR,ERR,ERR,ERR,ERR,ERR,ERR,ERR,ERR,ERR,ERR,ERR,ERR,ERR,ERR,ERR,ERR,ERR,ERR,ERR,ERR,ERR,ERR,ERR,ERR,ERR,ERR,ERR,ERR,ERR,ERR,ERR,ERR,ERR,ERR,ERR,ERR,ERR,ERR,ERR,ERR,ERR,ERR,ERR,ERR,ERR,ERR,ERR,ERR,ERR,ERR,ERR,ERR,ERR,ERR,ERR,ERR,ERR,ERR,ERR,ERR,50.0,60.0,100,0.0,0.0,0.0,0.0,0.0,0.0,0.0,0.0,0.0,0.0,0.0,0.0,0.0,0.0,0.0,0.0,61.6,73,14,65512,50,65476,0,300,0,0,8,20529,65476,0,0,26214,60.0,0.0,0.0,0.0,0.0,0.0
2026-05-17T18:32:06,ERR,ERR,ERR,ERR,ERR,ERR,ERR,ERR,ERR,ERR,ERR,ERR,ERR,ERR,ERR,ERR,ERR,ERR,ERR,ERR,ERR,ERR,ERR,ERR,ERR,ERR,ERR,ERR,ERR,ERR,ERR,ERR,ERR,ERR,ERR,ERR,ERR,ERR,ERR,ERR,ERR,ERR,ERR,ERR,ERR,ERR,ERR,ERR,ERR,ERR,ERR,ERR,ERR,ERR,ERR,ERR,ERR,ERR,ERR,ERR,ERR,ERR,ERR,ERR,ERR,ERR,ERR,ERR,ERR,ERR,ERR,ERR,ERR,ERR,ERR,ERR,ERR,ERR,ERR,ERR,ERR,ERR,ERR,ERR,ERR,ERR,ERR,ERR,ERR,ERR,ERR,ERR,ERR,ERR,ERR,ERR,ERR,ERR,ERR,ERR,ERR,ERR,ERR,ERR,ERR,ERR,ERR,ERR,ERR,ERR,ERR,ERR,ERR,ERR,ERR,ERR,ERR,ERR,ERR,ERR,ERR,ERR,ERR,ERR,ERR,0.0,0.0,0.0,0.0,0.0,1.3936040501711995e+18,7.805,0.0,0,0,4,0,8422,0.0,45,0.0,0.0,0.0,0.0,0.0,0,0,0,0,0.0,0,0,0,0,0,0,0,0,0,0,0,0,0,0,0,0,0,0,0,0,0,0,0,0,0,0,0,0,0,0,0,0,0,38,14,7,45,65476,0,300,0,0,8,21553,0.0,-107605600.0,0.0,0.0,0.0,0.0,0.0,0.0,0.0,0.0,0.0,0.0,0.0,0.0,0.0,0.0,0.0,0.0,0.0,0.0,0.0,0.0,0.0,2.004,-0.0,0.0,0.0,0.0,0.0,0.0,5011.0,1.040665380856972e+34,0.0,0.0,0.0,-107615280.0,2.718429300292151e+23,0.0,0.0,0.0,0.0,53,4.950428597886765e+32,89220.562,0.0,0.0,0.0,0.0,0.0,0.0,0.0,0,0,0,0.0,0.0,0.0,0.0,0.0,0.0,0.0,0.0,0.0,0.0,0.0,0.0,0.0,0.0,0.0,0.0,0,-107875648.0,53,0.0,106,-107614832.0,0.0,ERR,ERR,ERR,ERR,ERR,ERR,ERR,ERR,ERR,ERR,ERR,ERR,ERR,ERR,ERR,ERR,ERR,ERR,ERR,ERR,ERR,ERR,ERR,ERR,ERR,ERR,ERR,ERR,ERR,ERR,ERR,ERR,ERR,ERR,ERR,ERR,ERR,ERR,ERR,ERR,ERR,ERR,ERR,ERR,ERR,ERR,ERR,ERR,ERR,ERR,ERR,ERR,ERR,ERR,ERR,ERR,ERR,ERR,ERR,ERR,ERR,ERR,ERR,ERR,ERR,ERR,ERR,50.0,60.0,100,0.0,0.0,0.0,0.0,0.0,0.0,0.0,0.0,0.0,0.0,0.0,0.0,0.0,0.0,0.0,0.0,61.6,73,14,65512,50,65476,0,300,0,0,8,20529,65476,0,0,26214,60.0,0.0,0.0,0.0,0.0,0.0
2026-05-17T18:32:07,ERR,ERR,ERR,ERR,ERR,ERR,ERR,ERR,ERR,ERR,ERR,ERR,ERR,ERR,ERR,ERR,ERR,ERR,ERR,ERR,ERR,ERR,ERR,ERR,ERR,ERR,ERR,ERR,ERR,ERR,ERR,ERR,ERR,ERR,ERR,ERR,ERR,ERR,ERR,ERR,ERR,ERR,ERR,ERR,ERR,ERR,ERR,ERR,ERR,ERR,ERR,ERR,ERR,ERR,ERR,ERR,ERR,ERR,ERR,ERR,ERR,ERR,ERR,ERR,ERR,ERR,ERR,ERR,ERR,ERR,ERR,ERR,ERR,ERR,ERR,ERR,ERR,ERR,ERR,ERR,ERR,ERR,ERR,ERR,ERR,ERR,ERR,ERR,ERR,ERR,ERR,ERR,ERR,ERR,ERR,ERR,ERR,ERR,ERR,ERR,ERR,ERR,ERR,ERR,ERR,ERR,ERR,ERR,ERR,ERR,ERR,ERR,ERR,ERR,ERR,ERR,ERR,ERR,ERR,ERR,ERR,ERR,ERR,ERR,ERR,0.0,0.0,0.0,0.0,0.0,1.3936040501711995e+18,7.805,0.0,0,0,4,0,8422,0.0,45,0.0,0.0,0.0,0.0,0.0,0,0,0,0,0.0,0,0,0,0,0,0,0,0,0,0,0,0,0,0,0,0,0,0,0,0,0,0,0,0,0,0,0,0,0,0,0,0,0,38,14,7,45,65476,0,300,0,0,8,21553,0.0,-107605600.0,0.0,0.0,0.0,0.0,0.0,0.0,0.0,0.0,0.0,0.0,0.0,0.0,0.0,0.0,0.0,0.0,0.0,0.0,0.0,0.0,0.0,2.004,-0.0,0.0,0.0,0.0,0.0,0.0,5011.0,1.040665380856972e+34,0.0,0.0,0.0,-107615280.0,2.718429300292151e+23,0.0,0.0,0.0,0.0,53,4.950428597886765e+32,89220.562,0.0,0.0,0.0,0.0,0.0,0.0,0.0,0,0,0,0.0,0.0,0.0,0.0,0.0,0.0,0.0,0.0,0.0,0.0,0.0,0.0,0.0,0.0,0.0,0.0,0,-107875648.0,53,0.0,106,-107614832.0,0.0,ERR,ERR,ERR,ERR,ERR,ERR,ERR,ERR,ERR,ERR,ERR,ERR,ERR,ERR,ERR,ERR,ERR,ERR,ERR,ERR,ERR,ERR,ERR,ERR,ERR,ERR,ERR,ERR,ERR,ERR,ERR,ERR,ERR,ERR,ERR,ERR,ERR,ERR,ERR,ERR,ERR,ERR,ERR,ERR,ERR,ERR,ERR,ERR,ERR,ERR,ERR,ERR,ERR,ERR,ERR,ERR,ERR,ERR,ERR,ERR,ERR,ERR,ERR,ERR,ERR,ERR,ERR,50.0,60.0,100,0.0,0.0,0.0,0.0,0.0,0.0,0.0,0.0,0.0,0.0,0.0,0.0,0.0,0.0,0.0,0.0,61.6,73,14,65512,50,65476,0,300,0,0,8,20529,65476,0,0,26214,60.0,0.0,0.0,0.0,0.0,0.0
2026-05-17T18:32:08,ERR,ERR,ERR,ERR,ERR,ERR,ERR,ERR,ERR,ERR,ERR,ERR,ERR,ERR,ERR,ERR,ERR,ERR,ERR,ERR,ERR,ERR,ERR,ERR,ERR,ERR,ERR,ERR,ERR,ERR,ERR,ERR,ERR,ERR,ERR,ERR,ERR,ERR,ERR,ERR,ERR,ERR,ERR,ERR,ERR,ERR,ERR,ERR,ERR,ERR,ERR,ERR,ERR,ERR,ERR,ERR,ERR,ERR,ERR,ERR,ERR,ERR,ERR,ERR,ERR,ERR,ERR,ERR,ERR,ERR,ERR,ERR,ERR,ERR,ERR,ERR,ERR,ERR,ERR,ERR,ERR,ERR,ERR,ERR,ERR,ERR,ERR,ERR,ERR,ERR,ERR,ERR,ERR,ERR,ERR,ERR,ERR,ERR,ERR,ERR,ERR,ERR,ERR,ERR,ERR,ERR,ERR,ERR,ERR,ERR,ERR,ERR,ERR,ERR,ERR,ERR,ERR,ERR,ERR,ERR,ERR,ERR,ERR,ERR,ERR,0.0,0.0,0.0,0.0,0.0,1.3936040501711995e+18,7.805,0.0,0,0,4,0,8422,0.0,45,0.0,0.0,0.0,0.0,0.0,0,0,0,0,0.0,0,0,0,0,0,0,0,0,0,0,0,0,0,0,0,0,0,0,0,0,0,0,0,0,0,0,0,0,0,0,0,0,0,38,14,7,45,65476,0,300,0,0,8,21553,0.0,-107605600.0,0.0,0.0,0.0,0.0,0.0,0.0,0.0,0.0,0.0,0.0,0.0,0.0,0.0,0.0,0.0,0.0,0.0,0.0,0.0,0.0,0.0,2.004,-0.0,0.0,0.0,0.0,0.0,0.0,5011.0,1.040665380856972e+34,0.0,0.0,0.0,-107615280.0,2.718429300292151e+23,0.0,0.0,0.0,0.0,53,4.950428597886765e+32,89220.562,0.0,0.0,0.0,0.0,0.0,0.0,0.0,0,0,0,0.0,0.0,0.0,0.0,0.0,0.0,0.0,0.0,0.0,0.0,0.0,0.0,0.0,0.0,0.0,0.0,0,-107875648.0,53,0.0,106,-107614832.0,0.0,ERR,ERR,ERR,ERR,ERR,ERR,ERR,ERR,ERR,ERR,ERR,ERR,ERR,ERR,ERR,ERR,ERR,ERR,ERR,ERR,ERR,ERR,ERR,ERR,ERR,ERR,ERR,ERR,ERR,ERR,ERR,ERR,ERR,ERR,ERR,ERR,ERR,ERR,ERR,ERR,ERR,ERR,ERR,ERR,ERR,ERR,ERR,ERR,ERR,ERR,ERR,ERR,ERR,ERR,ERR,ERR,ERR,ERR,ERR,ERR,ERR,ERR,ERR,ERR,ERR,ERR,ERR,50.0,60.0,100,0.0,0.0,0.0,0.0,0.0,0.0,0.0,0.0,0.0,0.0,0.0,0.0,0.0,0.0,0.0,0.0,61.6,73,14,65512,50,65476,0,300,0,0,8,20529,65476,0,0,26214,60.0,0.0,0.0,0.0,0.0,0.0
2026-05-17T18:32:09,ERR,ERR,ERR,ERR,ERR,ERR,ERR,ERR,ERR,ERR,ERR,ERR,ERR,ERR,ERR,ERR,ERR,ERR,ERR,ERR,ERR,ERR,ERR,ERR,ERR,ERR,ERR,ERR,ERR,ERR,ERR,ERR,ERR,ERR,ERR,ERR,ERR,ERR,ERR,ERR,ERR,ERR,ERR,ERR,ERR,ERR,ERR,ERR,ERR,ERR,ERR,ERR,ERR,ERR,ERR,ERR,ERR,ERR,ERR,ERR,ERR,ERR,ERR,ERR,ERR,ERR,ERR,ERR,ERR,ERR,ERR,ERR,ERR,ERR,ERR,ERR,ERR,ERR,ERR,ERR,ERR,ERR,ERR,ERR,ERR,ERR,ERR,ERR,ERR,ERR,ERR,ERR,ERR,ERR,ERR,ERR,ERR,ERR,ERR,ERR,ERR,ERR,ERR,ERR,ERR,ERR,ERR,ERR,ERR,ERR,ERR,ERR,ERR,ERR,ERR,ERR,ERR,ERR,ERR,ERR,ERR,ERR,ERR,ERR,ERR,0.0,0.0,0.0,0.0,0.0,1.3936040501711995e+18,7.805,0.0,0,0,4,0,8422,0.0,45,0.0,0.0,0.0,0.0,0.0,0,0,0,0,0.0,0,0,0,0,0,0,0,0,0,0,0,0,0,0,0,0,0,0,0,0,0,0,0,0,0,0,0,0,0,0,0,0,0,38,14,7,45,65476,0,300,0,0,8,21553,0.0,-107605600.0,0.0,0.0,0.0,0.0,0.0,0.0,0.0,0.0,0.0,0.0,0.0,0.0,0.0,0.0,0.0,0.0,0.0,0.0,0.0,0.0,0.0,2.004,-0.0,0.0,0.0,0.0,0.0,0.0,5011.0,1.040665380856972e+34,0.0,0.0,0.0,-107615280.0,2.718429300292151e+23,0.0,0.0,0.0,0.0,53,4.950428597886765e+32,89220.562,0.0,0.0,0.0,0.0,0.0,0.0,0.0,0,0,0,0.0,0.0,0.0,0.0,0.0,0.0,0.0,0.0,0.0,0.0,0.0,0.0,0.0,0.0,0.0,0.0,0,-107875648.0,53,0.0,106,-107614832.0,0.0,ERR,ERR,ERR,ERR,ERR,ERR,ERR,ERR,ERR,ERR,ERR,ERR,ERR,ERR,ERR,ERR,ERR,ERR,ERR,ERR,ERR,ERR,ERR,ERR,ERR,ERR,ERR,ERR,ERR,ERR,ERR,ERR,ERR,ERR,ERR,ERR,ERR,ERR,ERR,ERR,ERR,ERR,ERR,ERR,ERR,ERR,ERR,ERR,ERR,ERR,ERR,ERR,ERR,ERR,ERR,ERR,ERR,ERR,ERR,ERR,ERR,ERR,ERR,ERR,ERR,ERR,ERR,50.0,60.0,100,0.0,0.0,0.0,0.0,0.0,0.0,0.0,0.0,0.0,0.0,0.0,0.0,0.0,0.0,0.0,0.0,61.6,73,14,65512,50,65476,0,300,0,0,8,20529,65476,0,0,26214,60.0,0.0,0.0,0.0,0.0,0.0
2026-05-17T18:32:10,ERR,ERR,ERR,ERR,ERR,ERR,ERR,ERR,ERR,ERR,ERR,ERR,ERR,ERR,ERR,ERR,ERR,ERR,ERR,ERR,ERR,ERR,ERR,ERR,ERR,ERR,ERR,ERR,ERR,ERR,ERR,ERR,ERR,ERR,ERR,ERR,ERR,ERR,ERR,ERR,ERR,ERR,ERR,ERR,ERR,ERR,ERR,ERR,ERR,ERR,ERR,ERR,ERR,ERR,ERR,ERR,ERR,ERR,ERR,ERR,ERR,ERR,ERR,ERR,ERR,ERR,ERR,ERR,ERR,ERR,ERR,ERR,ERR,ERR,ERR,ERR,ERR,ERR,ERR,ERR,ERR,ERR,ERR,ERR,ERR,ERR,ERR,ERR,ERR,ERR,ERR,ERR,ERR,ERR,ERR,ERR,ERR,ERR,ERR,ERR,ERR,ERR,ERR,ERR,ERR,ERR,ERR,ERR,ERR,ERR,ERR,ERR,ERR,ERR,ERR,ERR,ERR,ERR,ERR,ERR,ERR,ERR,ERR,ERR,ERR,0.0,0.0,0.0,0.0,0.0,1.3936040501711995e+18,7.805,0.0,0,0,4,0,8422,0.0,45,0.0,0.0,0.0,0.0,0.0,0,0,0,0,0.0,0,0,0,0,0,0,0,0,0,0,0,0,0,0,0,0,0,0,0,0,0,0,0,0,0,0,0,0,0,0,0,0,0,38,14,7,45,65476,0,300,0,0,8,21553,0.0,-107605600.0,0.0,0.0,0.0,0.0,0.0,0.0,0.0,0.0,0.0,0.0,0.0,0.0,0.0,0.0,0.0,0.0,0.0,0.0,0.0,0.0,0.0,2.004,-0.0,0.0,0.0,0.0,0.0,0.0,5011.0,1.040665380856972e+34,0.0,0.0,0.0,-107615280.0,2.718429300292151e+23,0.0,0.0,0.0,0.0,53,4.950428597886765e+32,89220.562,0.0,0.0,0.0,0.0,0.0,0.0,0.0,0,0,0,0.0,0.0,0.0,0.0,0.0,0.0,0.0,0.0,0.0,0.0,0.0,0.0,0.0,0.0,0.0,0.0,0,-107875648.0,53,0.0,106,-107614832.0,0.0,ERR,ERR,ERR,ERR,ERR,ERR,ERR,ERR,ERR,ERR,ERR,ERR,ERR,ERR,ERR,ERR,ERR,ERR,ERR,ERR,ERR,ERR,ERR,ERR,ERR,ERR,ERR,ERR,ERR,ERR,ERR,ERR,ERR,ERR,ERR,ERR,ERR,ERR,ERR,ERR,ERR,ERR,ERR,ERR,ERR,ERR,ERR,ERR,ERR,ERR,ERR,ERR,ERR,ERR,ERR,ERR,ERR,ERR,ERR,ERR,ERR,ERR,ERR,ERR,ERR,ERR,ERR,50.0,60.0,100,0.0,0.0,0.0,0.0,0.0,0.0,0.0,0.0,0.0,0.0,0.0,0.0,0.0,0.0,0.0,0.0,61.6,73,14,65512,50,65476,0,300,0,0,8,20529,65476,0,0,26214,60.0,0.0,0.0,0.0,0.0,0.0
2026-05-17T18:32:11,ERR,ERR,ERR,ERR,ERR,ERR,ERR,ERR,ERR,ERR,ERR,ERR,ERR,ERR,ERR,ERR,ERR,ERR,ERR,ERR,ERR,ERR,ERR,ERR,ERR,ERR,ERR,ERR,ERR,ERR,ERR,ERR,ERR,ERR,ERR,ERR,ERR,ERR,ERR,ERR,ERR,ERR,ERR,ERR,ERR,ERR,ERR,ERR,ERR,ERR,ERR,ERR,ERR,ERR,ERR,ERR,ERR,ERR,ERR,ERR,ERR,ERR,ERR,ERR,ERR,ERR,ERR,ERR,ERR,ERR,ERR,ERR,ERR,ERR,ERR,ERR,ERR,ERR,ERR,ERR,ERR,ERR,ERR,ERR,ERR,ERR,ERR,ERR,ERR,ERR,ERR,ERR,ERR,ERR,ERR,ERR,ERR,ERR,ERR,ERR,ERR,ERR,ERR,ERR,ERR,ERR,ERR,ERR,ERR,ERR,ERR,ERR,ERR,ERR,ERR,ERR,ERR,ERR,ERR,ERR,ERR,ERR,ERR,ERR,ERR,0.0,0.0,0.0,0.0,0.0,1.3936040501711995e+18,7.805,0.0,0,0,4,0,8422,0.0,45,0.0,0.0,0.0,0.0,0.0,0,0,0,0,0.0,0,0,0,0,0,0,0,0,0,0,0,0,0,0,0,0,0,0,0,0,0,0,0,0,0,0,0,0,0,0,0,0,0,38,14,7,45,65476,0,300,0,0,8,21553,0.0,-107605600.0,0.0,0.0,0.0,0.0,0.0,0.0,0.0,0.0,0.0,0.0,0.0,0.0,0.0,0.0,0.0,0.0,0.0,0.0,0.0,0.0,0.0,2.004,-0.0,0.0,0.0,0.0,0.0,0.0,5012.0,2.004,0.0,0.0,0.0,-107615280.0,2.718429300292151e+23,0.0,0.0,0.0,0.0,53,5.848083413016271e+35,0.0,0.0,0.0,0.0,0.0,0.0,0.0,0.0,0,0,0,0.0,0.0,0.0,0.0,0.0,0.0,0.0,0.0,0.0,0.0,0.0,0.0,0.0,0.0,0.0,0.0,0,-107875648.0,53,0.0,106,-107614832.0,0.0,ERR,ERR,ERR,ERR,ERR,ERR,ERR,ERR,ERR,ERR,ERR,ERR,ERR,ERR,ERR,ERR,ERR,ERR,ERR,ERR,ERR,ERR,ERR,ERR,ERR,ERR,ERR,ERR,ERR,ERR,ERR,ERR,ERR,ERR,ERR,ERR,ERR,ERR,ERR,ERR,ERR,ERR,ERR,ERR,ERR,ERR,ERR,ERR,ERR,ERR,ERR,ERR,ERR,ERR,ERR,ERR,ERR,ERR,ERR,ERR,ERR,ERR,ERR,ERR,ERR,ERR,ERR,50.0,60.0,100,0.0,0.0,0.0,0.0,0.0,0.0,0.0,0.0,0.0,0.0,0.0,0.0,0.0,0.0,0.0,0.0,61.6,73,14,65512,50,65476,0,300,0,0,8,20529,65476,0,0,26214,60.0,0.0,0.0,0.0,0.0,0.0
2026-05-17T18:32:12,ERR,ERR,ERR,ERR,ERR,ERR,ERR,ERR,ERR,ERR,ERR,ERR,ERR,ERR,ERR,ERR,ERR,ERR,ERR,ERR,ERR,ERR,ERR,ERR,ERR,ERR,ERR,ERR,ERR,ERR,ERR,ERR,ERR,ERR,ERR,ERR,ERR,ERR,ERR,ERR,ERR,ERR,ERR,ERR,ERR,ERR,ERR,ERR,ERR,ERR,ERR,ERR,ERR,ERR,ERR,ERR,ERR,ERR,ERR,ERR,ERR,ERR,ERR,ERR,ERR,ERR,ERR,ERR,ERR,ERR,ERR,ERR,ERR,ERR,ERR,ERR,ERR,ERR,ERR,ERR,ERR,ERR,ERR,ERR,ERR,ERR,ERR,ERR,ERR,ERR,ERR,ERR,ERR,ERR,ERR,ERR,ERR,ERR,ERR,ERR,ERR,ERR,ERR,ERR,ERR,ERR,ERR,ERR,ERR,ERR,ERR,ERR,ERR,ERR,ERR,ERR,ERR,ERR,ERR,ERR,ERR,ERR,ERR,ERR,ERR,0.0,0.0,0.0,0.0,0.0,1.3936040501711995e+18,7.805,0.0,0,0,4,0,8422,0.0,45,0.0,0.0,0.0,0.0,0.0,0,0,0,0,0.0,0,0,0,0,0,0,0,0,0,0,0,0,0,0,0,0,0,0,0,0,0,0,0,0,0,0,0,0,0,0,0,0,0,38,14,7,45,65476,0,300,0,0,8,21553,0.0,-107605600.0,0.0,0.0,0.0,0.0,0.0,0.0,0.0,0.0,0.0,0.0,0.0,0.0,0.0,0.0,0.0,0.0,0.0,0.0,0.0,0.0,0.0,2.004,-0.0,0.0,0.0,0.0,0.0,0.0,5012.0,2.004,0.0,0.0,0.0,-107615280.0,2.718429300292151e+23,0.0,0.0,0.0,0.0,53,5.848083413016271e+35,0.0,0.0,0.0,0.0,0.0,0.0,0.0,0.0,0,0,0,0.0,0.0,0.0,0.0,0.0,0.0,0.0,0.0,0.0,0.0,0.0,0.0,0.0,0.0,0.0,0.0,0,-107875648.0,53,0.0,106,-107614832.0,0.0,ERR,ERR,ERR,ERR,ERR,ERR,ERR,ERR,ERR,ERR,ERR,ERR,ERR,ERR,ERR,ERR,ERR,ERR,ERR,ERR,ERR,ERR,ERR,ERR,ERR,ERR,ERR,ERR,ERR,ERR,ERR,ERR,ERR,ERR,ERR,ERR,ERR,ERR,ERR,ERR,ERR,ERR,ERR,ERR,ERR,ERR,ERR,ERR,ERR,ERR,ERR,ERR,ERR,ERR,ERR,ERR,ERR,ERR,ERR,ERR,ERR,ERR,ERR,ERR,ERR,ERR,ERR,50.0,60.0,100,0.0,0.0,0.0,0.0,0.0,0.0,0.0,0.0,0.0,0.0,0.0,0.0,0.0,0.0,0.0,0.0,61.6,73,14,65512,50,65476,0,300,0,0,8,20529,65476,0,0,26214,60.0,0.0,0.0,0.0,0.0,0.0
2026-05-17T18:32:13,ERR,ERR,ERR,ERR,ERR,ERR,ERR,ERR,ERR,ERR,ERR,ERR,ERR,ERR,ERR,ERR,ERR,ERR,ERR,ERR,ERR,ERR,ERR,ERR,ERR,ERR,ERR,ERR,ERR,ERR,ERR,ERR,ERR,ERR,ERR,ERR,ERR,ERR,ERR,ERR,ERR,ERR,ERR,ERR,ERR,ERR,ERR,ERR,ERR,ERR,ERR,ERR,ERR,ERR,ERR,ERR,ERR,ERR,ERR,ERR,ERR,ERR,ERR,ERR,ERR,ERR,ERR,ERR,ERR,ERR,ERR,ERR,ERR,ERR,ERR,ERR,ERR,ERR,ERR,ERR,ERR,ERR,ERR,ERR,ERR,ERR,ERR,ERR,ERR,ERR,ERR,ERR,ERR,ERR,ERR,ERR,ERR,ERR,ERR,ERR,ERR,ERR,ERR,ERR,ERR,ERR,ERR,ERR,ERR,ERR,ERR,ERR,ERR,ERR,ERR,ERR,ERR,ERR,ERR,ERR,ERR,ERR,ERR,ERR,ERR,0.0,0.0,0.0,0.0,0.0,1.3936040501711995e+18,7.805,0.0,0,0,4,0,8422,0.0,45,0.0,0.0,0.0,0.0,0.0,0,0,0,0,0.0,0,0,0,0,0,0,0,0,0,0,0,0,0,0,0,0,0,0,0,0,0,0,0,0,0,0,0,0,0,0,0,0,0,38,14,7,45,65476,0,300,0,0,8,21553,0.0,-107605600.0,0.0,0.0,0.0,0.0,0.0,0.0,0.0,0.0,0.0,0.0,0.0,0.0,0.0,0.0,0.0,0.0,0.0,0.0,0.0,0.0,0.0,2.004,-0.0,0.0,0.0,0.0,0.0,0.0,5012.0,2.004,0.0,0.0,0.0,-107615280.0,2.718429300292151e+23,0.0,0.0,0.0,0.0,53,5.848083413016271e+35,0.0,0.0,0.0,0.0,0.0,0.0,0.0,0.0,0,0,0,0.0,0.0,0.0,0.0,0.0,0.0,0.0,0.0,0.0,0.0,0.0,0.0,0.0,0.0,0.0,0.0,0,-107875648.0,53,0.0,106,-107614832.0,0.0,ERR,ERR,ERR,ERR,ERR,ERR,ERR,ERR,ERR,ERR,ERR,ERR,ERR,ERR,ERR,ERR,ERR,ERR,ERR,ERR,ERR,ERR,ERR,ERR,ERR,ERR,ERR,ERR,ERR,ERR,ERR,ERR,ERR,ERR,ERR,ERR,ERR,ERR,ERR,ERR,ERR,ERR,ERR,ERR,ERR,ERR,ERR,ERR,ERR,ERR,ERR,ERR,ERR,ERR,ERR,ERR,ERR,ERR,ERR,ERR,ERR,ERR,ERR,ERR,ERR,ERR,ERR,50.0,60.0,100,0.0,0.0,0.0,0.0,0.0,0.0,0.0,0.0,0.0,0.0,0.0,0.0,0.0,0.0,0.0,0.0,61.6,73,14,65512,50,65476,0,300,0,0,8,20529,65476,0,0,26214,60.0,0.0,0.0,0.0,0.0,0.0
2026-05-17T18:32:14,ERR,ERR,ERR,ERR,ERR,ERR,ERR,ERR,ERR,ERR,ERR,ERR,ERR,ERR,ERR,ERR,ERR,ERR,ERR,ERR,ERR,ERR,ERR,ERR,ERR,ERR,ERR,ERR,ERR,ERR,ERR,ERR,ERR,ERR,ERR,ERR,ERR,ERR,ERR,ERR,ERR,ERR,ERR,ERR,ERR,ERR,ERR,ERR,ERR,ERR,ERR,ERR,ERR,ERR,ERR,ERR,ERR,ERR,ERR,ERR,ERR,ERR,ERR,ERR,ERR,ERR,ERR,ERR,ERR,ERR,ERR,ERR,ERR,ERR,ERR,ERR,ERR,ERR,ERR,ERR,ERR,ERR,ERR,ERR,ERR,ERR,ERR,ERR,ERR,ERR,ERR,ERR,ERR,ERR,ERR,ERR,ERR,ERR,ERR,ERR,ERR,ERR,ERR,ERR,ERR,ERR,ERR,ERR,ERR,ERR,ERR,ERR,ERR,ERR,ERR,ERR,ERR,ERR,ERR,ERR,ERR,ERR,ERR,ERR,ERR,0.0,0.0,0.0,0.0,0.0,1.3936040501711995e+18,7.805,0.0,0,0,4,0,8422,0.0,45,0.0,0.0,0.0,0.0,0.0,0,0,0,0,0.0,0,0,0,0,0,0,0,0,0,0,0,0,0,0,0,0,0,0,0,0,0,0,0,0,0,0,0,0,0,0,0,0,0,38,14,7,45,65476,0,300,0,0,8,21553,0.0,-107605600.0,0.0,0.0,0.0,0.0,0.0,0.0,0.0,0.0,0.0,0.0,0.0,0.0,0.0,0.0,0.0,0.0,0.0,0.0,0.0,0.0,0.0,2.004,-0.0,0.0,0.0,0.0,0.0,0.0,5012.0,2.004,0.0,0.0,0.0,-107615280.0,2.718429300292151e+23,0.0,0.0,0.0,0.0,53,5.848083413016271e+35,0.0,0.0,0.0,0.0,0.0,0.0,0.0,0.0,0,0,0,0.0,0.0,0.0,0.0,0.0,0.0,0.0,0.0,0.0,0.0,0.0,0.0,0.0,0.0,0.0,0.0,0,-107875648.0,53,0.0,106,-107614832.0,0.0,ERR,ERR,ERR,ERR,ERR,ERR,ERR,ERR,ERR,ERR,ERR,ERR,ERR,ERR,ERR,ERR,ERR,ERR,ERR,ERR,ERR,ERR,ERR,ERR,ERR,ERR,ERR,ERR,ERR,ERR,ERR,ERR,ERR,ERR,ERR,ERR,ERR,ERR,ERR,ERR,ERR,ERR,ERR,ERR,ERR,ERR,ERR,ERR,ERR,ERR,ERR,ERR,ERR,ERR,ERR,ERR,ERR,ERR,ERR,ERR,ERR,ERR,ERR,ERR,ERR,ERR,ERR,50.0,60.0,100,0.0,0.0,0.0,0.0,0.0,0.0,0.0,0.0,0.0,0.0,0.0,0.0,0.0,0.0,0.0,0.0,61.6,73,14,65512,50,65476,0,300,0,0,8,20529,65476,0,0,26214,60.0,0.0,0.0,0.0,0.0,0.0
2026-05-17T18:32:15,ERR,ERR,ERR,ERR,ERR,ERR,ERR,ERR,ERR,ERR,ERR,ERR,ERR,ERR,ERR,ERR,ERR,ERR,ERR,ERR,ERR,ERR,ERR,ERR,ERR,ERR,ERR,ERR,ERR,ERR,ERR,ERR,ERR,ERR,ERR,ERR,ERR,ERR,ERR,ERR,ERR,ERR,ERR,ERR,ERR,ERR,ERR,ERR,ERR,ERR,ERR,ERR,ERR,ERR,ERR,ERR,ERR,ERR,ERR,ERR,ERR,ERR,ERR,ERR,ERR,ERR,ERR,ERR,ERR,ERR,ERR,ERR,ERR,ERR,ERR,ERR,ERR,ERR,ERR,ERR,ERR,ERR,ERR,ERR,ERR,ERR,ERR,ERR,ERR,ERR,ERR,ERR,ERR,ERR,ERR,ERR,ERR,ERR,ERR,ERR,ERR,ERR,ERR,ERR,ERR,ERR,ERR,ERR,ERR,ERR,ERR,ERR,ERR,ERR,ERR,ERR,ERR,ERR,ERR,ERR,ERR,ERR,ERR,ERR,ERR,0.0,0.0,0.0,0.0,0.0,1.3936040501711995e+18,7.805,0.0,0,0,4,0,8422,0.0,45,0.0,0.0,0.0,0.0,0.0,0,0,0,0,0.0,0,0,0,0,0,0,0,0,0,0,0,0,0,0,0,0,0,0,0,0,0,0,0,0,0,0,0,0,0,0,0,0,0,38,14,7,45,65476,0,300,0,0,8,21553,0.0,-107605600.0,0.0,0.0,0.0,0.0,0.0,0.0,0.0,0.0,0.0,0.0,0.0,0.0,0.0,0.0,0.0,0.0,0.0,0.0,0.0,0.0,0.0,2.004,-0.0,0.0,0.0,0.0,0.0,0.0,5012.0,2.004,0.0,0.0,0.0,-107615280.0,2.718429300292151e+23,0.0,0.0,0.0,0.0,53,5.848083413016271e+35,0.0,0.0,0.0,0.0,0.0,0.0,0.0,0.0,0,0,0,0.0,0.0,0.0,0.0,0.0,0.0,0.0,0.0,0.0,0.0,0.0,0.0,0.0,0.0,0.0,0.0,0,-107875648.0,53,0.0,106,-107614832.0,0.0,ERR,ERR,ERR,ERR,ERR,ERR,ERR,ERR,ERR,ERR,ERR,ERR,ERR,ERR,ERR,ERR,ERR,ERR,ERR,ERR,ERR,ERR,ERR,ERR,ERR,ERR,ERR,ERR,ERR,ERR,ERR,ERR,ERR,ERR,ERR,ERR,ERR,ERR,ERR,ERR,ERR,ERR,ERR,ERR,ERR,ERR,ERR,ERR,ERR,ERR,ERR,ERR,ERR,ERR,ERR,ERR,ERR,ERR,ERR,ERR,ERR,ERR,ERR,ERR,ERR,ERR,ERR,50.0,60.0,100,0.0,0.0,0.0,0.0,0.0,0.0,0.0,0.0,0.0,0.0,0.0,0.0,0.0,0.0,0.0,0.0,61.6,73,14,65512,50,65476,0,300,0,0,8,20529,65476,0,0,26214,60.0,0.0,0.0,0.0,0.0,0.0
2026-05-17T18:32:16,ERR,ERR,ERR,ERR,ERR,ERR,ERR,ERR,ERR,ERR,ERR,ERR,ERR,ERR,ERR,ERR,ERR,ERR,ERR,ERR,ERR,ERR,ERR,ERR,ERR,ERR,ERR,ERR,ERR,ERR,ERR,ERR,ERR,ERR,ERR,ERR,ERR,ERR,ERR,ERR,ERR,ERR,ERR,ERR,ERR,ERR,ERR,ERR,ERR,ERR,ERR,ERR,ERR,ERR,ERR,ERR,ERR,ERR,ERR,ERR,ERR,ERR,ERR,ERR,ERR,ERR,ERR,ERR,ERR,ERR,ERR,ERR,ERR,ERR,ERR,ERR,ERR,ERR,ERR,ERR,ERR,ERR,ERR,ERR,ERR,ERR,ERR,ERR,ERR,ERR,ERR,ERR,ERR,ERR,ERR,ERR,ERR,ERR,ERR,ERR,ERR,ERR,ERR,ERR,ERR,ERR,ERR,ERR,ERR,ERR,ERR,ERR,ERR,ERR,ERR,ERR,ERR,ERR,ERR,ERR,ERR,ERR,ERR,ERR,ERR,0.0,0.0,0.0,0.0,0.0,1.3936040501711995e+18,7.805,0.0,0,0,4,0,8422,0.0,45,0.0,0.0,0.0,0.0,0.0,0,0,0,0,0.0,0,0,0,0,0,0,0,0,0,0,0,0,0,0,0,0,0,0,0,0,0,0,0,0,0,0,0,0,0,0,0,0,0,38,14,7,45,65476,0,300,0,0,8,21553,0.0,-107605600.0,0.0,0.0,0.0,0.0,0.0,0.0,0.0,0.0,0.0,0.0,0.0,0.0,0.0,0.0,0.0,0.0,0.0,0.0,0.0,0.0,0.0,2.004,-0.0,0.0,0.0,0.0,0.0,0.0,4983.0,-2.004,0.0,0.0,0.0,-107615280.0,2.718429300292151e+23,0.0,0.0,0.0,0.0,53,-0.0,1.905685750968484e+17,0.0,0.0,0.0,0.0,0.0,0.0,0.0,0,0,0,0.0,0.0,0.0,0.0,0.0,0.0,0.0,0.0,0.0,0.0,0.0,0.0,0.0,0.0,0.0,0.0,0,-107875648.0,53,0.0,106,-107614832.0,0.0,ERR,ERR,ERR,ERR,ERR,ERR,ERR,ERR,ERR,ERR,ERR,ERR,ERR,ERR,ERR,ERR,ERR,ERR,ERR,ERR,ERR,ERR,ERR,ERR,ERR,ERR,ERR,ERR,ERR,ERR,ERR,ERR,ERR,ERR,ERR,ERR,ERR,ERR,ERR,ERR,ERR,ERR,ERR,ERR,ERR,ERR,ERR,ERR,ERR,ERR,ERR,ERR,ERR,ERR,ERR,ERR,ERR,ERR,ERR,ERR,ERR,ERR,ERR,ERR,ERR,ERR,ERR,50.0,60.0,100,0.0,0.0,0.0,0.0,0.0,0.0,0.0,0.0,0.0,0.0,0.0,0.0,0.0,0.0,0.0,0.0,61.6,73,14,65512,50,65476,0,300,0,0,8,20529,65476,0,0,26214,60.0,0.0,0.0,0.0,0.0,0.0
2026-05-17T18:32:17,ERR,ERR,ERR,ERR,ERR,ERR,ERR,ERR,ERR,ERR,ERR,ERR,ERR,ERR,ERR,ERR,ERR,ERR,ERR,ERR,ERR,ERR,ERR,ERR,ERR,ERR,ERR,ERR,ERR,ERR,ERR,ERR,ERR,ERR,ERR,ERR,ERR,ERR,ERR,ERR,ERR,ERR,ERR,ERR,ERR,ERR,ERR,ERR,ERR,ERR,ERR,ERR,ERR,ERR,ERR,ERR,ERR,ERR,ERR,ERR,ERR,ERR,ERR,ERR,ERR,ERR,ERR,ERR,ERR,ERR,ERR,ERR,ERR,ERR,ERR,ERR,ERR,ERR,ERR,ERR,ERR,ERR,ERR,ERR,ERR,ERR,ERR,ERR,ERR,ERR,ERR,ERR,ERR,ERR,ERR,ERR,ERR,ERR,ERR,ERR,ERR,ERR,ERR,ERR,ERR,ERR,ERR,ERR,ERR,ERR,ERR,ERR,ERR,ERR,ERR,ERR,ERR,ERR,ERR,ERR,ERR,ERR,ERR,ERR,ERR,0.0,0.0,0.0,0.0,0.0,1.3936040501711995e+18,7.805,0.0,0,0,4,0,8422,0.0,45,0.0,0.0,0.0,0.0,0.0,0,0,0,0,0.0,0,0,0,0,0,0,0,0,0,0,0,0,0,0,0,0,0,0,0,0,0,0,0,0,0,0,0,0,0,0,0,0,0,38,14,7,45,65476,0,300,0,0,8,21553,0.0,-107605600.0,0.0,0.0,0.0,0.0,0.0,0.0,0.0,0.0,0.0,0.0,0.0,0.0,0.0,0.0,0.0,0.0,0.0,0.0,0.0,0.0,0.0,2.004,-0.0,0.0,0.0,0.0,0.0,0.0,4983.0,-2.004,0.0,0.0,0.0,-107615280.0,2.718429300292151e+23,0.0,0.0,0.0,0.0,53,-0.0,1.905685750968484e+17,0.0,0.0,0.0,0.0,0.0,0.0,0.0,0,0,0,0.0,0.0,0.0,0.0,0.0,0.0,0.0,0.0,0.0,0.0,0.0,0.0,0.0,0.0,0.0,0.0,0,-107875648.0,53,0.0,106,-107614832.0,0.0,ERR,ERR,ERR,ERR,ERR,ERR,ERR,ERR,ERR,ERR,ERR,ERR,ERR,ERR,ERR,ERR,ERR,ERR,ERR,ERR,ERR,ERR,ERR,ERR,ERR,ERR,ERR,ERR,ERR,ERR,ERR,ERR,ERR,ERR,ERR,ERR,ERR,ERR,ERR,ERR,ERR,ERR,ERR,ERR,ERR,ERR,ERR,ERR,ERR,ERR,ERR,ERR,ERR,ERR,ERR,ERR,ERR,ERR,ERR,ERR,ERR,ERR,ERR,ERR,ERR,ERR,ERR,50.0,60.0,100,0.0,0.0,0.0,0.0,0.0,0.0,0.0,0.0,0.0,0.0,0.0,0.0,0.0,0.0,0.0,0.0,61.6,73,14,65512,50,65476,0,300,0,0,8,20529,65476,0,0,26214,60.0,0.0,0.0,0.0,0.0,0.0
2026-05-17T18:32:18,ERR,ERR,ERR,ERR,ERR,ERR,ERR,ERR,ERR,ERR,ERR,ERR,ERR,ERR,ERR,ERR,ERR,ERR,ERR,ERR,ERR,ERR,ERR,ERR,ERR,ERR,ERR,ERR,ERR,ERR,ERR,ERR,ERR,ERR,ERR,ERR,ERR,ERR,ERR,ERR,ERR,ERR,ERR,ERR,ERR,ERR,ERR,ERR,ERR,ERR,ERR,ERR,ERR,ERR,ERR,ERR,ERR,ERR,ERR,ERR,ERR,ERR,ERR,ERR,ERR,ERR,ERR,ERR,ERR,ERR,ERR,ERR,ERR,ERR,ERR,ERR,ERR,ERR,ERR,ERR,ERR,ERR,ERR,ERR,ERR,ERR,ERR,ERR,ERR,ERR,ERR,ERR,ERR,ERR,ERR,ERR,ERR,ERR,ERR,ERR,ERR,ERR,ERR,ERR,ERR,ERR,ERR,ERR,ERR,ERR,ERR,ERR,ERR,ERR,ERR,ERR,ERR,ERR,ERR,ERR,ERR,ERR,ERR,ERR,ERR,0.0,0.0,0.0,0.0,0.0,1.3936040501711995e+18,7.805,0.0,0,0,4,0,8422,0.0,45,0.0,0.0,0.0,0.0,0.0,0,0,0,0,0.0,0,0,0,0,0,0,0,0,0,0,0,0,0,0,0,0,0,0,0,0,0,0,0,0,0,0,0,0,0,0,0,0,0,38,14,7,45,65476,0,300,0,0,8,21553,0.0,-107605600.0,0.0,0.0,0.0,0.0,0.0,0.0,0.0,0.0,0.0,0.0,0.0,0.0,0.0,0.0,0.0,0.0,0.0,0.0,0.0,0.0,0.0,2.004,-0.0,0.0,0.0,0.0,0.0,0.0,4983.0,-2.004,0.0,0.0,0.0,-107615280.0,2.718429300292151e+23,0.0,0.0,0.0,0.0,53,-0.0,1.905685750968484e+17,0.0,0.0,0.0,0.0,0.0,0.0,0.0,0,0,0,0.0,0.0,0.0,0.0,0.0,0.0,0.0,0.0,0.0,0.0,0.0,0.0,0.0,0.0,0.0,0.0,0,-107875648.0,53,0.0,106,-107614832.0,0.0,ERR,ERR,ERR,ERR,ERR,ERR,ERR,ERR,ERR,ERR,ERR,ERR,ERR,ERR,ERR,ERR,ERR,ERR,ERR,ERR,ERR,ERR,ERR,ERR,ERR,ERR,ERR,ERR,ERR,ERR,ERR,ERR,ERR,ERR,ERR,ERR,ERR,ERR,ERR,ERR,ERR,ERR,ERR,ERR,ERR,ERR,ERR,ERR,ERR,ERR,ERR,ERR,ERR,ERR,ERR,ERR,ERR,ERR,ERR,ERR,ERR,ERR,ERR,ERR,ERR,ERR,ERR,50.0,60.0,100,0.0,0.0,0.0,0.0,0.0,0.0,0.0,0.0,0.0,0.0,0.0,0.0,0.0,0.0,0.0,0.0,61.6,73,14,65512,50,65476,0,300,0,0,8,20529,65476,0,0,26214,60.0,0.0,0.0,0.0,0.0,0.0
2026-05-17T18:32:19,ERR,ERR,ERR,ERR,ERR,ERR,ERR,ERR,ERR,ERR,ERR,ERR,ERR,ERR,ERR,ERR,ERR,ERR,ERR,ERR,ERR,ERR,ERR,ERR,ERR,ERR,ERR,ERR,ERR,ERR,ERR,ERR,ERR,ERR,ERR,ERR,ERR,ERR,ERR,ERR,ERR,ERR,ERR,ERR,ERR,ERR,ERR,ERR,ERR,ERR,ERR,ERR,ERR,ERR,ERR,ERR,ERR,ERR,ERR,ERR,ERR,ERR,ERR,ERR,ERR,ERR,ERR,ERR,ERR,ERR,ERR,ERR,ERR,ERR,ERR,ERR,ERR,ERR,ERR,ERR,ERR,ERR,ERR,ERR,ERR,ERR,ERR,ERR,ERR,ERR,ERR,ERR,ERR,ERR,ERR,ERR,ERR,ERR,ERR,ERR,ERR,ERR,ERR,ERR,ERR,ERR,ERR,ERR,ERR,ERR,ERR,ERR,ERR,ERR,ERR,ERR,ERR,ERR,ERR,ERR,ERR,ERR,ERR,ERR,ERR,0.0,0.0,0.0,0.0,0.0,1.3936040501711995e+18,7.805,0.0,0,0,4,0,8422,0.0,45,0.0,0.0,0.0,0.0,0.0,0,0,0,0,0.0,0,0,0,0,0,0,0,0,0,0,0,0,0,0,0,0,0,0,0,0,0,0,0,0,0,0,0,0,0,0,0,0,0,38,14,7,45,65476,0,300,0,0,8,21553,0.0,-107605600.0,0.0,0.0,0.0,0.0,0.0,0.0,0.0,0.0,0.0,0.0,0.0,0.0,0.0,0.0,0.0,0.0,0.0,0.0,0.0,0.0,0.0,2.004,-0.0,0.0,0.0,0.0,0.0,0.0,4983.0,-2.004,0.0,0.0,0.0,-107615280.0,2.718429300292151e+23,0.0,0.0,0.0,0.0,53,-0.0,1.905685750968484e+17,0.0,0.0,0.0,0.0,0.0,0.0,0.0,0,0,0,0.0,0.0,0.0,0.0,0.0,0.0,0.0,0.0,0.0,0.0,0.0,0.0,0.0,0.0,0.0,0.0,0,-107875648.0,53,0.0,106,-107614832.0,0.0,ERR,ERR,ERR,ERR,ERR,ERR,ERR,ERR,ERR,ERR,ERR,ERR,ERR,ERR,ERR,ERR,ERR,ERR,ERR,ERR,ERR,ERR,ERR,ERR,ERR,ERR,ERR,ERR,ERR,ERR,ERR,ERR,ERR,ERR,ERR,ERR,ERR,ERR,ERR,ERR,ERR,ERR,ERR,ERR,ERR,ERR,ERR,ERR,ERR,ERR,ERR,ERR,ERR,ERR,ERR,ERR,ERR,ERR,ERR,ERR,ERR,ERR,ERR,ERR,ERR,ERR,ERR,50.0,60.0,100,0.0,0.0,0.0,0.0,0.0,0.0,0.0,0.0,0.0,0.0,0.0,0.0,0.0,0.0,0.0,0.0,61.6,73,14,65512,50,65476,0,300,0,0,8,20529,65476,0,0,26214,60.0,0.0,0.0,0.0,0.0,0.0
2026-05-17T18:32:20,ERR,ERR,ERR,ERR,ERR,ERR,ERR,ERR,ERR,ERR,ERR,ERR,ERR,ERR,ERR,ERR,ERR,ERR,ERR,ERR,ERR,ERR,ERR,ERR,ERR,ERR,ERR,ERR,ERR,ERR,ERR,ERR,ERR,ERR,ERR,ERR,ERR,ERR,ERR,ERR,ERR,ERR,ERR,ERR,ERR,ERR,ERR,ERR,ERR,ERR,ERR,ERR,ERR,ERR,ERR,ERR,ERR,ERR,ERR,ERR,ERR,ERR,ERR,ERR,ERR,ERR,ERR,ERR,ERR,ERR,ERR,ERR,ERR,ERR,ERR,ERR,ERR,ERR,ERR,ERR,ERR,ERR,ERR,ERR,ERR,ERR,ERR,ERR,ERR,ERR,ERR,ERR,ERR,ERR,ERR,ERR,ERR,ERR,ERR,ERR,ERR,ERR,ERR,ERR,ERR,ERR,ERR,ERR,ERR,ERR,ERR,ERR,ERR,ERR,ERR,ERR,ERR,ERR,ERR,ERR,ERR,ERR,ERR,ERR,ERR,0.0,0.0,0.0,0.0,0.0,1.3936040501711995e+18,7.805,0.0,0,0,4,0,8422,0.0,45,0.0,0.0,0.0,0.0,0.0,0,0,0,0,0.0,0,0,0,0,0,0,0,0,0,0,0,0,0,0,0,0,0,0,0,0,0,0,0,0,0,0,0,0,0,0,0,0,0,38,14,7,45,65476,0,300,0,0,8,21553,0.0,-107605600.0,0.0,0.0,0.0,0.0,0.0,0.0,0.0,0.0,0.0,0.0,0.0,0.0,0.0,0.0,0.0,0.0,0.0,0.0,0.0,0.0,0.0,2.004,-0.0,0.0,0.0,0.0,0.0,0.0,4983.0,-2.004,0.0,0.0,0.0,-107615280.0,2.718429300292151e+23,0.0,0.0,0.0,0.0,53,-0.0,1.905685750968484e+17,0.0,0.0,0.0,0.0,0.0,0.0,0.0,0,0,0,0.0,0.0,0.0,0.0,0.0,0.0,0.0,0.0,0.0,0.0,0.0,0.0,0.0,0.0,0.0,0.0,0,-107875648.0,53,0.0,106,-107614832.0,0.0,ERR,ERR,ERR,ERR,ERR,ERR,ERR,ERR,ERR,ERR,ERR,ERR,ERR,ERR,ERR,ERR,ERR,ERR,ERR,ERR,ERR,ERR,ERR,ERR,ERR,ERR,ERR,ERR,ERR,ERR,ERR,ERR,ERR,ERR,ERR,ERR,ERR,ERR,ERR,ERR,ERR,ERR,ERR,ERR,ERR,ERR,ERR,ERR,ERR,ERR,ERR,ERR,ERR,ERR,ERR,ERR,ERR,ERR,ERR,ERR,ERR,ERR,ERR,ERR,ERR,ERR,ERR,50.0,60.0,100,0.0,0.0,0.0,0.0,0.0,0.0,0.0,0.0,0.0,0.0,0.0,0.0,0.0,0.0,0.0,0.0,61.6,73,14,65512,50,65476,0,300,0,0,8,20529,65476,0,0,26214,60.0,0.0,0.0,0.0,0.0,0.0
2026-05-17T18:32:21,ERR,ERR,ERR,ERR,ERR,ERR,ERR,ERR,ERR,ERR,ERR,ERR,ERR,ERR,ERR,ERR,ERR,ERR,ERR,ERR,ERR,ERR,ERR,ERR,ERR,ERR,ERR,ERR,ERR,ERR,ERR,ERR,ERR,ERR,ERR,ERR,ERR,ERR,ERR,ERR,ERR,ERR,ERR,ERR,ERR,ERR,ERR,ERR,ERR,ERR,ERR,ERR,ERR,ERR,ERR,ERR,ERR,ERR,ERR,ERR,ERR,ERR,ERR,ERR,ERR,ERR,ERR,ERR,ERR,ERR,ERR,ERR,ERR,ERR,ERR,ERR,ERR,ERR,ERR,ERR,ERR,ERR,ERR,ERR,ERR,ERR,ERR,ERR,ERR,ERR,ERR,ERR,ERR,ERR,ERR,ERR,ERR,ERR,ERR,ERR,ERR,ERR,ERR,ERR,ERR,ERR,ERR,ERR,ERR,ERR,ERR,ERR,ERR,ERR,ERR,ERR,ERR,ERR,ERR,ERR,ERR,ERR,ERR,ERR,ERR,0.0,0.0,0.0,0.0,0.0,1.3936040501711995e+18,7.805,0.0,0,0,4,0,8422,0.0,45,0.0,0.0,0.0,0.0,0.0,0,0,0,0,0.0,0,0,0,0,0,0,0,0,0,0,0,0,0,0,0,0,0,0,0,0,0,0,0,0,0,0,0,0,0,0,0,0,0,38,14,7,45,65476,0,300,0,0,8,21553,0.0,-107605600.0,0.0,0.0,0.0,0.0,0.0,0.0,0.0,0.0,0.0,0.0,0.0,0.0,0.0,0.0,0.0,0.0,0.0,0.0,0.0,0.0,0.0,2.004,-0.0,0.0,0.0,0.0,0.0,0.0,4980.0,-0.0,0.0,0.0,0.0,-107615280.0,2.718429300292151e+23,0.0,0.0,0.0,0.0,53,5.848083413016271e+35,0.0,0.0,0.0,0.0,0.0,0.0,0.0,0.0,0,0,0,0.0,0.0,0.0,0.0,0.0,0.0,0.0,0.0,0.0,0.0,0.0,0.0,0.0,0.0,0.0,0.0,0,-107875648.0,53,0.0,106,-107614832.0,0.0,ERR,ERR,ERR,ERR,ERR,ERR,ERR,ERR,ERR,ERR,ERR,ERR,ERR,ERR,ERR,ERR,ERR,ERR,ERR,ERR,ERR,ERR,ERR,ERR,ERR,ERR,ERR,ERR,ERR,ERR,ERR,ERR,ERR,ERR,ERR,ERR,ERR,ERR,ERR,ERR,ERR,ERR,ERR,ERR,ERR,ERR,ERR,ERR,ERR,ERR,ERR,ERR,ERR,ERR,ERR,ERR,ERR,ERR,ERR,ERR,ERR,ERR,ERR,ERR,ERR,ERR,ERR,50.0,60.0,100,0.0,0.0,0.0,0.0,0.0,0.0,0.0,0.0,0.0,0.0,0.0,0.0,0.0,0.0,0.0,0.0,61.6,73,14,65512,50,65476,0,300,0,0,8,20529,65476,0,0,26214,60.0,0.0,0.0,0.0,0.0,0.0
2026-05-17T18:32:22,ERR,ERR,ERR,ERR,ERR,ERR,ERR,ERR,ERR,ERR,ERR,ERR,ERR,ERR,ERR,ERR,ERR,ERR,ERR,ERR,ERR,ERR,ERR,ERR,ERR,ERR,ERR,ERR,ERR,ERR,ERR,ERR,ERR,ERR,ERR,ERR,ERR,ERR,ERR,ERR,ERR,ERR,ERR,ERR,ERR,ERR,ERR,ERR,ERR,ERR,ERR,ERR,ERR,ERR,ERR,ERR,ERR,ERR,ERR,ERR,ERR,ERR,ERR,ERR,ERR,ERR,ERR,ERR,ERR,ERR,ERR,ERR,ERR,ERR,ERR,ERR,ERR,ERR,ERR,ERR,ERR,ERR,ERR,ERR,ERR,ERR,ERR,ERR,ERR,ERR,ERR,ERR,ERR,ERR,ERR,ERR,ERR,ERR,ERR,ERR,ERR,ERR,ERR,ERR,ERR,ERR,ERR,ERR,ERR,ERR,ERR,ERR,ERR,ERR,ERR,ERR,ERR,ERR,ERR,ERR,ERR,ERR,ERR,ERR,ERR,0.0,0.0,0.0,0.0,0.0,1.3936040501711995e+18,7.805,0.0,0,0,4,0,8422,0.0,45,0.0,0.0,0.0,0.0,0.0,0,0,0,0,0.0,0,0,0,0,0,0,0,0,0,0,0,0,0,0,0,0,0,0,0,0,0,0,0,0,0,0,0,0,0,0,0,0,0,38,14,7,45,65476,0,300,0,0,8,21553,0.0,-107605600.0,0.0,0.0,0.0,0.0,0.0,0.0,0.0,0.0,0.0,0.0,0.0,0.0,0.0,0.0,0.0,0.0,0.0,0.0,0.0,0.0,0.0,2.004,-0.0,0.0,0.0,0.0,0.0,0.0,4980.0,-0.0,0.0,0.0,0.0,-107615280.0,2.718429300292151e+23,0.0,0.0,0.0,0.0,53,5.848083413016271e+35,0.0,0.0,0.0,0.0,0.0,0.0,0.0,0.0,0,0,0,0.0,0.0,0.0,0.0,0.0,0.0,0.0,0.0,0.0,0.0,0.0,0.0,0.0,0.0,0.0,0.0,0,-107875648.0,53,0.0,106,-107614832.0,0.0,ERR,ERR,ERR,ERR,ERR,ERR,ERR,ERR,ERR,ERR,ERR,ERR,ERR,ERR,ERR,ERR,ERR,ERR,ERR,ERR,ERR,ERR,ERR,ERR,ERR,ERR,ERR,ERR,ERR,ERR,ERR,ERR,ERR,ERR,ERR,ERR,ERR,ERR,ERR,ERR,ERR,ERR,ERR,ERR,ERR,ERR,ERR,ERR,ERR,ERR,ERR,ERR,ERR,ERR,ERR,ERR,ERR,ERR,ERR,ERR,ERR,ERR,ERR,ERR,ERR,ERR,ERR,50.0,60.0,100,0.0,0.0,0.0,0.0,0.0,0.0,0.0,0.0,0.0,0.0,0.0,0.0,0.0,0.0,0.0,0.0,61.6,73,14,65512,50,65476,0,300,0,0,8,20529,65476,0,0,26214,60.0,0.0,0.0,0.0,0.0,0.0
2026-05-17T18:32:23,ERR,ERR,ERR,ERR,ERR,ERR,ERR,ERR,ERR,ERR,ERR,ERR,ERR,ERR,ERR,ERR,ERR,ERR,ERR,ERR,ERR,ERR,ERR,ERR,ERR,ERR,ERR,ERR,ERR,ERR,ERR,ERR,ERR,ERR,ERR,ERR,ERR,ERR,ERR,ERR,ERR,ERR,ERR,ERR,ERR,ERR,ERR,ERR,ERR,ERR,ERR,ERR,ERR,ERR,ERR,ERR,ERR,ERR,ERR,ERR,ERR,ERR,ERR,ERR,ERR,ERR,ERR,ERR,ERR,ERR,ERR,ERR,ERR,ERR,ERR,ERR,ERR,ERR,ERR,ERR,ERR,ERR,ERR,ERR,ERR,ERR,ERR,ERR,ERR,ERR,ERR,ERR,ERR,ERR,ERR,ERR,ERR,ERR,ERR,ERR,ERR,ERR,ERR,ERR,ERR,ERR,ERR,ERR,ERR,ERR,ERR,ERR,ERR,ERR,ERR,ERR,ERR,ERR,ERR,ERR,ERR,ERR,ERR,ERR,ERR,0.0,0.0,0.0,0.0,0.0,1.3936040501711995e+18,7.805,0.0,0,0,4,0,8422,0.0,45,0.0,0.0,0.0,0.0,0.0,0,0,0,0,0.0,0,0,0,0,0,0,0,0,0,0,0,0,0,0,0,0,0,0,0,0,0,0,0,0,0,0,0,0,0,0,0,0,0,38,14,7,45,65476,0,300,0,0,8,21553,0.0,-107605600.0,0.0,0.0,0.0,0.0,0.0,0.0,0.0,0.0,0.0,0.0,0.0,0.0,0.0,0.0,0.0,0.0,0.0,0.0,0.0,0.0,0.0,2.004,-0.0,0.0,0.0,0.0,0.0,0.0,4980.0,-0.0,0.0,0.0,0.0,-107615280.0,2.718429300292151e+23,0.0,0.0,0.0,0.0,53,5.848083413016271e+35,0.0,0.0,0.0,0.0,0.0,0.0,0.0,0.0,0,0,0,0.0,0.0,0.0,0.0,0.0,0.0,0.0,0.0,0.0,0.0,0.0,0.0,0.0,0.0,0.0,0.0,0,-107875648.0,53,0.0,106,-107614832.0,0.0,ERR,ERR,ERR,ERR,ERR,ERR,ERR,ERR,ERR,ERR,ERR,ERR,ERR,ERR,ERR,ERR,ERR,ERR,ERR,ERR,ERR,ERR,ERR,ERR,ERR,ERR,ERR,ERR,ERR,ERR,ERR,ERR,ERR,ERR,ERR,ERR,ERR,ERR,ERR,ERR,ERR,ERR,ERR,ERR,ERR,ERR,ERR,ERR,ERR,ERR,ERR,ERR,ERR,ERR,ERR,ERR,ERR,ERR,ERR,ERR,ERR,ERR,ERR,ERR,ERR,ERR,ERR,50.0,60.0,100,0.0,0.0,0.0,0.0,0.0,0.0,0.0,0.0,0.0,0.0,0.0,0.0,0.0,0.0,0.0,0.0,61.6,73,14,65512,50,65476,0,300,0,0,8,20529,65476,0,0,26214,60.0,0.0,0.0,0.0,0.0,0.0
2026-05-17T18:32:24,ERR,ERR,ERR,ERR,ERR,ERR,ERR,ERR,ERR,ERR,ERR,ERR,ERR,ERR,ERR,ERR,ERR,ERR,ERR,ERR,ERR,ERR,ERR,ERR,ERR,ERR,ERR,ERR,ERR,ERR,ERR,ERR,ERR,ERR,ERR,ERR,ERR,ERR,ERR,ERR,ERR,ERR,ERR,ERR,ERR,ERR,ERR,ERR,ERR,ERR,ERR,ERR,ERR,ERR,ERR,ERR,ERR,ERR,ERR,ERR,ERR,ERR,ERR,ERR,ERR,ERR,ERR,ERR,ERR,ERR,ERR,ERR,ERR,ERR,ERR,ERR,ERR,ERR,ERR,ERR,ERR,ERR,ERR,ERR,ERR,ERR,ERR,ERR,ERR,ERR,ERR,ERR,ERR,ERR,ERR,ERR,ERR,ERR,ERR,ERR,ERR,ERR,ERR,ERR,ERR,ERR,ERR,ERR,ERR,ERR,ERR,ERR,ERR,ERR,ERR,ERR,ERR,ERR,ERR,ERR,ERR,ERR,ERR,ERR,ERR,0.0,0.0,0.0,0.0,0.0,1.3936040501711995e+18,7.805,0.0,0,0,4,0,8422,0.0,45,0.0,0.0,0.0,0.0,0.0,0,0,0,0,0.0,0,0,0,0,0,0,0,0,0,0,0,0,0,0,0,0,0,0,0,0,0,0,0,0,0,0,0,0,0,0,0,0,0,38,14,7,45,65476,0,300,0,0,8,21553,0.0,-107605600.0,0.0,0.0,0.0,0.0,0.0,0.0,0.0,0.0,0.0,0.0,0.0,0.0,0.0,0.0,0.0,0.0,0.0,0.0,0.0,0.0,0.0,2.004,-0.0,0.0,0.0,0.0,0.0,0.0,4980.0,-0.0,0.0,0.0,0.0,-107615280.0,2.718429300292151e+23,0.0,0.0,0.0,0.0,53,5.848083413016271e+35,0.0,0.0,0.0,0.0,0.0,0.0,0.0,0.0,0,0,0,0.0,0.0,0.0,0.0,0.0,0.0,0.0,0.0,0.0,0.0,0.0,0.0,0.0,0.0,0.0,0.0,0,-107875648.0,53,0.0,106,-107614832.0,0.0,ERR,ERR,ERR,ERR,ERR,ERR,ERR,ERR,ERR,ERR,ERR,ERR,ERR,ERR,ERR,ERR,ERR,ERR,ERR,ERR,ERR,ERR,ERR,ERR,ERR,ERR,ERR,ERR,ERR,ERR,ERR,ERR,ERR,ERR,ERR,ERR,ERR,ERR,ERR,ERR,ERR,ERR,ERR,ERR,ERR,ERR,ERR,ERR,ERR,ERR,ERR,ERR,ERR,ERR,ERR,ERR,ERR,ERR,ERR,ERR,ERR,ERR,ERR,ERR,ERR,ERR,ERR,50.0,60.0,100,0.0,0.0,0.0,0.0,0.0,0.0,0.0,0.0,0.0,0.0,0.0,0.0,0.0,0.0,0.0,0.0,61.6,73,14,65512,50,65476,0,300,0,0,8,20529,65476,0,0,26214,60.0,0.0,0.0,0.0,0.0,0.0
2026-05-17T18:32:25,ERR,ERR,ERR,ERR,ERR,ERR,ERR,ERR,ERR,ERR,ERR,ERR,ERR,ERR,ERR,ERR,ERR,ERR,ERR,ERR,ERR,ERR,ERR,ERR,ERR,ERR,ERR,ERR,ERR,ERR,ERR,ERR,ERR,ERR,ERR,ERR,ERR,ERR,ERR,ERR,ERR,ERR,ERR,ERR,ERR,ERR,ERR,ERR,ERR,ERR,ERR,ERR,ERR,ERR,ERR,ERR,ERR,ERR,ERR,ERR,ERR,ERR,ERR,ERR,ERR,ERR,ERR,ERR,ERR,ERR,ERR,ERR,ERR,ERR,ERR,ERR,ERR,ERR,ERR,ERR,ERR,ERR,ERR,ERR,ERR,ERR,ERR,ERR,ERR,ERR,ERR,ERR,ERR,ERR,ERR,ERR,ERR,ERR,ERR,ERR,ERR,ERR,ERR,ERR,ERR,ERR,ERR,ERR,ERR,ERR,ERR,ERR,ERR,ERR,ERR,ERR,ERR,ERR,ERR,ERR,ERR,ERR,ERR,ERR,ERR,0.0,0.0,0.0,0.0,0.0,1.3936040501711995e+18,7.805,0.0,0,0,4,0,8422,0.0,45,0.0,0.0,0.0,0.0,0.0,0,0,0,0,0.0,0,0,0,0,0,0,0,0,0,0,0,0,0,0,0,0,0,0,0,0,0,0,0,0,0,0,0,0,0,0,0,0,0,38,14,7,45,65476,0,300,0,0,8,21553,0.0,-107605600.0,0.0,0.0,0.0,0.0,0.0,0.0,0.0,0.0,0.0,0.0,0.0,0.0,0.0,0.0,0.0,0.0,0.0,0.0,0.0,0.0,0.0,2.004,-0.0,0.0,0.0,0.0,0.0,0.0,4980.0,-0.0,0.0,0.0,0.0,-107615280.0,2.718429300292151e+23,0.0,0.0,0.0,0.0,53,5.848083413016271e+35,0.0,0.0,0.0,0.0,0.0,0.0,0.0,0.0,0,0,0,0.0,0.0,0.0,0.0,0.0,0.0,0.0,0.0,0.0,0.0,0.0,0.0,0.0,0.0,0.0,0.0,0,-107875648.0,53,0.0,106,-107614832.0,0.0,ERR,ERR,ERR,ERR,ERR,ERR,ERR,ERR,ERR,ERR,ERR,ERR,ERR,ERR,ERR,ERR,ERR,ERR,ERR,ERR,ERR,ERR,ERR,ERR,ERR,ERR,ERR,ERR,ERR,ERR,ERR,ERR,ERR,ERR,ERR,ERR,ERR,ERR,ERR,ERR,ERR,ERR,ERR,ERR,ERR,ERR,ERR,ERR,ERR,ERR,ERR,ERR,ERR,ERR,ERR,ERR,ERR,ERR,ERR,ERR,ERR,ERR,ERR,ERR,ERR,ERR,ERR,50.0,60.0,100,0.0,0.0,0.0,0.0,0.0,0.0,0.0,0.0,0.0,0.0,0.0,0.0,0.0,0.0,0.0,0.0,61.6,73,14,65512,50,65476,0,300,0,0,8,20529,65476,0,0,26214,60.0,0.0,0.0,0.0,0.0,0.0
2026-05-17T18:32:26,ERR,ERR,ERR,ERR,ERR,ERR,ERR,ERR,ERR,ERR,ERR,ERR,ERR,ERR,ERR,ERR,ERR,ERR,ERR,ERR,ERR,ERR,ERR,ERR,ERR,ERR,ERR,ERR,ERR,ERR,ERR,ERR,ERR,ERR,ERR,ERR,ERR,ERR,ERR,ERR,ERR,ERR,ERR,ERR,ERR,ERR,ERR,ERR,ERR,ERR,ERR,ERR,ERR,ERR,ERR,ERR,ERR,ERR,ERR,ERR,ERR,ERR,ERR,ERR,ERR,ERR,ERR,ERR,ERR,ERR,ERR,ERR,ERR,ERR,ERR,ERR,ERR,ERR,ERR,ERR,ERR,ERR,ERR,ERR,ERR,ERR,ERR,ERR,ERR,ERR,ERR,ERR,ERR,ERR,ERR,ERR,ERR,ERR,ERR,ERR,ERR,ERR,ERR,ERR,ERR,ERR,ERR,ERR,ERR,ERR,ERR,ERR,ERR,ERR,ERR,ERR,ERR,ERR,ERR,ERR,ERR,ERR,ERR,ERR,ERR,0.0,0.0,0.0,0.0,0.0,1.3936040501711995e+18,7.805,0.0,0,0,4,0,8422,0.0,45,0.0,0.0,0.0,0.0,0.0,0,0,0,0,0.0,0,0,0,0,0,0,0,0,0,0,0,0,0,0,0,0,0,0,0,0,0,0,0,0,0,0,0,0,0,0,0,0,0,38,14,7,45,65476,0,300,0,0,8,21553,0.0,-107605600.0,0.0,0.0,0.0,0.0,0.0,0.0,0.0,0.0,0.0,0.0,0.0,0.0,0.0,0.0,0.0,0.0,0.0,0.0,0.0,0.0,0.0,2.004,-0.0,0.0,0.0,0.0,0.0,0.0,4980.0,1.0406652570629681e+34,0.0,0.0,0.0,-107615280.0,2.718429300292151e+23,0.0,0.0,0.0,0.0,53,5.848083413016271e+35,0.0,0.0,0.0,0.0,0.0,0.0,0.0,0.0,0,0,0,0.0,0.0,0.0,0.0,0.0,0.0,0.0,0.0,0.0,0.0,0.0,0.0,0.0,0.0,0.0,0.0,0,-107875648.0,53,0.0,106,-107614832.0,0.0,ERR,ERR,ERR,ERR,ERR,ERR,ERR,ERR,ERR,ERR,ERR,ERR,ERR,ERR,ERR,ERR,ERR,ERR,ERR,ERR,ERR,ERR,ERR,ERR,ERR,ERR,ERR,ERR,ERR,ERR,ERR,ERR,ERR,ERR,ERR,ERR,ERR,ERR,ERR,ERR,ERR,ERR,ERR,ERR,ERR,ERR,ERR,ERR,ERR,ERR,ERR,ERR,ERR,ERR,ERR,ERR,ERR,ERR,ERR,ERR,ERR,ERR,ERR,ERR,ERR,ERR,ERR,50.0,60.0,100,0.0,0.0,0.0,0.0,0.0,0.0,0.0,0.0,0.0,0.0,0.0,0.0,0.0,0.0,0.0,0.0,61.6,73,14,65512,50,65476,0,300,0,0,8,20529,65476,0,0,26214,60.0,0.0,0.0,0.0,0.0,0.0
2026-05-17T18:32:27,ERR,ERR,ERR,ERR,ERR,ERR,ERR,ERR,ERR,ERR,ERR,ERR,ERR,ERR,ERR,ERR,ERR,ERR,ERR,ERR,ERR,ERR,ERR,ERR,ERR,ERR,ERR,ERR,ERR,ERR,ERR,ERR,ERR,ERR,ERR,ERR,ERR,ERR,ERR,ERR,ERR,ERR,ERR,ERR,ERR,ERR,ERR,ERR,ERR,ERR,ERR,ERR,ERR,ERR,ERR,ERR,ERR,ERR,ERR,ERR,ERR,ERR,ERR,ERR,ERR,ERR,ERR,ERR,ERR,ERR,ERR,ERR,ERR,ERR,ERR,ERR,ERR,ERR,ERR,ERR,ERR,ERR,ERR,ERR,ERR,ERR,ERR,ERR,ERR,ERR,ERR,ERR,ERR,ERR,ERR,ERR,ERR,ERR,ERR,ERR,ERR,ERR,ERR,ERR,ERR,ERR,ERR,ERR,ERR,ERR,ERR,ERR,ERR,ERR,ERR,ERR,ERR,ERR,ERR,ERR,ERR,ERR,ERR,ERR,ERR,0.0,0.0,0.0,0.0,0.0,1.3936040501711995e+18,7.805,0.0,0,0,4,0,8422,0.0,45,0.0,0.0,0.0,0.0,0.0,0,0,0,0,0.0,0,0,0,0,0,0,0,0,0,0,0,0,0,0,0,0,0,0,0,0,0,0,0,0,0,0,0,0,0,0,0,0,0,38,14,7,45,65476,0,300,0,0,8,21553,0.0,-107605600.0,0.0,0.0,0.0,0.0,0.0,0.0,0.0,0.0,0.0,0.0,0.0,0.0,0.0,0.0,0.0,0.0,0.0,0.0,0.0,0.0,0.0,2.004,-0.0,0.0,0.0,0.0,0.0,0.0,4980.0,1.0406652570629681e+34,0.0,0.0,0.0,-107615280.0,2.718429300292151e+23,0.0,0.0,0.0,0.0,53,5.848083413016271e+35,0.0,0.0,0.0,0.0,0.0,0.0,0.0,0.0,0,0,0,0.0,0.0,0.0,0.0,0.0,0.0,0.0,0.0,0.0,0.0,0.0,0.0,0.0,0.0,0.0,0.0,0,-107875648.0,53,0.0,106,-107614832.0,0.0,ERR,ERR,ERR,ERR,ERR,ERR,ERR,ERR,ERR,ERR,ERR,ERR,ERR,ERR,ERR,ERR,ERR,ERR,ERR,ERR,ERR,ERR,ERR,ERR,ERR,ERR,ERR,ERR,ERR,ERR,ERR,ERR,ERR,ERR,ERR,ERR,ERR,ERR,ERR,ERR,ERR,ERR,ERR,ERR,ERR,ERR,ERR,ERR,ERR,ERR,ERR,ERR,ERR,ERR,ERR,ERR,ERR,ERR,ERR,ERR,ERR,ERR,ERR,ERR,ERR,ERR,ERR,50.0,60.0,100,0.0,0.0,0.0,0.0,0.0,0.0,0.0,0.0,0.0,0.0,0.0,0.0,0.0,0.0,0.0,0.0,61.6,73,14,65512,50,65476,0,300,0,0,8,20529,65476,0,0,26214,60.0,0.0,0.0,0.0,0.0,0.0
2026-05-17T18:32:28,ERR,ERR,ERR,ERR,ERR,ERR,ERR,ERR,ERR,ERR,ERR,ERR,ERR,ERR,ERR,ERR,ERR,ERR,ERR,ERR,ERR,ERR,ERR,ERR,ERR,ERR,ERR,ERR,ERR,ERR,ERR,ERR,ERR,ERR,ERR,ERR,ERR,ERR,ERR,ERR,ERR,ERR,ERR,ERR,ERR,ERR,ERR,ERR,ERR,ERR,ERR,ERR,ERR,ERR,ERR,ERR,ERR,ERR,ERR,ERR,ERR,ERR,ERR,ERR,ERR,ERR,ERR,ERR,ERR,ERR,ERR,ERR,ERR,ERR,ERR,ERR,ERR,ERR,ERR,ERR,ERR,ERR,ERR,ERR,ERR,ERR,ERR,ERR,ERR,ERR,ERR,ERR,ERR,ERR,ERR,ERR,ERR,ERR,ERR,ERR,ERR,ERR,ERR,ERR,ERR,ERR,ERR,ERR,ERR,ERR,ERR,ERR,ERR,ERR,ERR,ERR,ERR,ERR,ERR,ERR,ERR,ERR,ERR,ERR,ERR,0.0,0.0,0.0,0.0,0.0,1.3936040501711995e+18,7.805,0.0,0,0,4,0,8422,0.0,45,0.0,0.0,0.0,0.0,0.0,0,0,0,0,0.0,0,0,0,0,0,0,0,0,0,0,0,0,0,0,0,0,0,0,0,0,0,0,0,0,0,0,0,0,0,0,0,0,0,38,14,7,45,65476,0,300,0,0,8,21553,0.0,-107605600.0,0.0,0.0,0.0,0.0,0.0,0.0,0.0,0.0,0.0,0.0,0.0,0.0,0.0,0.0,0.0,0.0,0.0,0.0,0.0,0.0,0.0,2.004,-0.0,0.0,0.0,0.0,0.0,0.0,4980.0,1.0406652570629681e+34,0.0,0.0,0.0,-107615280.0,2.718429300292151e+23,0.0,0.0,0.0,0.0,53,5.848083413016271e+35,0.0,0.0,0.0,0.0,0.0,0.0,0.0,0.0,0,0,0,0.0,0.0,0.0,0.0,0.0,0.0,0.0,0.0,0.0,0.0,0.0,0.0,0.0,0.0,0.0,0.0,0,-107875648.0,53,0.0,106,-107614832.0,0.0,ERR,ERR,ERR,ERR,ERR,ERR,ERR,ERR,ERR,ERR,ERR,ERR,ERR,ERR,ERR,ERR,ERR,ERR,ERR,ERR,ERR,ERR,ERR,ERR,ERR,ERR,ERR,ERR,ERR,ERR,ERR,ERR,ERR,ERR,ERR,ERR,ERR,ERR,ERR,ERR,ERR,ERR,ERR,ERR,ERR,ERR,ERR,ERR,ERR,ERR,ERR,ERR,ERR,ERR,ERR,ERR,ERR,ERR,ERR,ERR,ERR,ERR,ERR,ERR,ERR,ERR,ERR,50.0,60.0,100,0.0,0.0,0.0,0.0,0.0,0.0,0.0,0.0,0.0,0.0,0.0,0.0,0.0,0.0,0.0,0.0,61.6,73,14,65512,50,65476,0,300,0,0,8,20529,65476,0,0,26214,60.0,0.0,0.0,0.0,0.0,0.0
2026-05-17T18:32:29,ERR,ERR,ERR,ERR,ERR,ERR,ERR,ERR,ERR,ERR,ERR,ERR,ERR,ERR,ERR,ERR,ERR,ERR,ERR,ERR,ERR,ERR,ERR,ERR,ERR,ERR,ERR,ERR,ERR,ERR,ERR,ERR,ERR,ERR,ERR,ERR,ERR,ERR,ERR,ERR,ERR,ERR,ERR,ERR,ERR,ERR,ERR,ERR,ERR,ERR,ERR,ERR,ERR,ERR,ERR,ERR,ERR,ERR,ERR,ERR,ERR,ERR,ERR,ERR,ERR,ERR,ERR,ERR,ERR,ERR,ERR,ERR,ERR,ERR,ERR,ERR,ERR,ERR,ERR,ERR,ERR,ERR,ERR,ERR,ERR,ERR,ERR,ERR,ERR,ERR,ERR,ERR,ERR,ERR,ERR,ERR,ERR,ERR,ERR,ERR,ERR,ERR,ERR,ERR,ERR,ERR,ERR,ERR,ERR,ERR,ERR,ERR,ERR,ERR,ERR,ERR,ERR,ERR,ERR,ERR,ERR,ERR,ERR,ERR,ERR,0.0,0.0,0.0,0.0,0.0,1.3936040501711995e+18,7.805,0.0,0,0,4,0,8422,0.0,45,0.0,0.0,0.0,0.0,0.0,0,0,0,0,0.0,0,0,0,0,0,0,0,0,0,0,0,0,0,0,0,0,0,0,0,0,0,0,0,0,0,0,0,0,0,0,0,0,0,38,14,7,45,65476,0,300,0,0,8,21553,0.0,-107605600.0,0.0,0.0,0.0,0.0,0.0,0.0,0.0,0.0,0.0,0.0,0.0,0.0,0.0,0.0,0.0,0.0,0.0,0.0,0.0,0.0,0.0,2.004,-0.0,0.0,0.0,0.0,0.0,0.0,4980.0,1.0406652570629681e+34,0.0,0.0,0.0,-107615280.0,2.718429300292151e+23,0.0,0.0,0.0,0.0,53,5.848083413016271e+35,0.0,0.0,0.0,0.0,0.0,0.0,0.0,0.0,0,0,0,0.0,0.0,0.0,0.0,0.0,0.0,0.0,0.0,0.0,0.0,0.0,0.0,0.0,0.0,0.0,0.0,0,-107875648.0,53,0.0,106,-107614832.0,0.0,ERR,ERR,ERR,ERR,ERR,ERR,ERR,ERR,ERR,ERR,ERR,ERR,ERR,ERR,ERR,ERR,ERR,ERR,ERR,ERR,ERR,ERR,ERR,ERR,ERR,ERR,ERR,ERR,ERR,ERR,ERR,ERR,ERR,ERR,ERR,ERR,ERR,ERR,ERR,ERR,ERR,ERR,ERR,ERR,ERR,ERR,ERR,ERR,ERR,ERR,ERR,ERR,ERR,ERR,ERR,ERR,ERR,ERR,ERR,ERR,ERR,ERR,ERR,ERR,ERR,ERR,ERR,50.0,60.0,100,0.0,0.0,0.0,0.0,0.0,0.0,0.0,0.0,0.0,0.0,0.0,0.0,0.0,0.0,0.0,0.0,61.6,73,14,65512,50,65476,0,300,0,0,8,20529,65476,0,0,26214,60.0,0.0,0.0,0.0,0.0,0.0
2026-05-17T18:32:30,ERR,ERR,ERR,ERR,ERR,ERR,ERR,ERR,ERR,ERR,ERR,ERR,ERR,ERR,ERR,ERR,ERR,ERR,ERR,ERR,ERR,ERR,ERR,ERR,ERR,ERR,ERR,ERR,ERR,ERR,ERR,ERR,ERR,ERR,ERR,ERR,ERR,ERR,ERR,ERR,ERR,ERR,ERR,ERR,ERR,ERR,ERR,ERR,ERR,ERR,ERR,ERR,ERR,ERR,ERR,ERR,ERR,ERR,ERR,ERR,ERR,ERR,ERR,ERR,ERR,ERR,ERR,ERR,ERR,ERR,ERR,ERR,ERR,ERR,ERR,ERR,ERR,ERR,ERR,ERR,ERR,ERR,ERR,ERR,ERR,ERR,ERR,ERR,ERR,ERR,ERR,ERR,ERR,ERR,ERR,ERR,ERR,ERR,ERR,ERR,ERR,ERR,ERR,ERR,ERR,ERR,ERR,ERR,ERR,ERR,ERR,ERR,ERR,ERR,ERR,ERR,ERR,ERR,ERR,ERR,ERR,ERR,ERR,ERR,ERR,0.0,0.0,0.0,0.0,0.0,1.3936040501711995e+18,7.805,0.0,0,0,4,0,8422,0.0,45,0.0,0.0,0.0,0.0,0.0,0,0,0,0,0.0,0,0,0,0,0,0,0,0,0,0,0,0,0,0,0,0,0,0,0,0,0,0,0,0,0,0,0,0,0,0,0,0,0,38,14,7,45,65476,0,300,0,0,8,21553,0.0,-107605600.0,0.0,0.0,0.0,0.0,0.0,0.0,0.0,0.0,0.0,0.0,0.0,0.0,0.0,0.0,0.0,0.0,0.0,0.0,0.0,0.0,0.0,2.004,-0.0,0.0,0.0,0.0,0.0,0.0,4980.0,1.0406652570629681e+34,0.0,0.0,0.0,-107615280.0,2.718429300292151e+23,0.0,0.0,0.0,0.0,53,5.848083413016271e+35,0.0,0.0,0.0,0.0,0.0,0.0,0.0,0.0,0,0,0,0.0,0.0,0.0,0.0,0.0,0.0,0.0,0.0,0.0,0.0,0.0,0.0,0.0,0.0,0.0,0.0,0,-107875648.0,53,0.0,106,-107614832.0,0.0,ERR,ERR,ERR,ERR,ERR,ERR,ERR,ERR,ERR,ERR,ERR,ERR,ERR,ERR,ERR,ERR,ERR,ERR,ERR,ERR,ERR,ERR,ERR,ERR,ERR,ERR,ERR,ERR,ERR,ERR,ERR,ERR,ERR,ERR,ERR,ERR,ERR,ERR,ERR,ERR,ERR,ERR,ERR,ERR,ERR,ERR,ERR,ERR,ERR,ERR,ERR,ERR,ERR,ERR,ERR,ERR,ERR,ERR,ERR,ERR,ERR,ERR,ERR,ERR,ERR,ERR,ERR,50.0,60.0,100,0.0,0.0,0.0,0.0,0.0,0.0,0.0,0.0,0.0,0.0,0.0,0.0,0.0,0.0,0.0,0.0,61.6,73,14,65512,50,65476,0,300,0,0,8,20529,65476,0,0,26214,60.0,0.0,0.0,0.0,0.0,0.0
2026-05-17T18:32:31,ERR,ERR,ERR,ERR,ERR,ERR,ERR,ERR,ERR,ERR,ERR,ERR,ERR,ERR,ERR,ERR,ERR,ERR,ERR,ERR,ERR,ERR,ERR,ERR,ERR,ERR,ERR,ERR,ERR,ERR,ERR,ERR,ERR,ERR,ERR,ERR,ERR,ERR,ERR,ERR,ERR,ERR,ERR,ERR,ERR,ERR,ERR,ERR,ERR,ERR,ERR,ERR,ERR,ERR,ERR,ERR,ERR,ERR,ERR,ERR,ERR,ERR,ERR,ERR,ERR,ERR,ERR,ERR,ERR,ERR,ERR,ERR,ERR,ERR,ERR,ERR,ERR,ERR,ERR,ERR,ERR,ERR,ERR,ERR,ERR,ERR,ERR,ERR,ERR,ERR,ERR,ERR,ERR,ERR,ERR,ERR,ERR,ERR,ERR,ERR,ERR,ERR,ERR,ERR,ERR,ERR,ERR,ERR,ERR,ERR,ERR,ERR,ERR,ERR,ERR,ERR,ERR,ERR,ERR,ERR,ERR,ERR,ERR,ERR,ERR,0.0,0.0,0.0,0.0,0.0,1.3936040501711995e+18,7.805,0.0,0,0,4,0,8422,0.0,45,0.0,0.0,0.0,0.0,0.0,0,0,0,0,0.0,0,0,0,0,0,0,0,0,0,0,0,0,0,0,0,0,0,0,0,0,0,0,0,0,0,0,0,0,0,0,0,0,0,38,14,7,45,65476,0,300,0,0,8,21553,0.0,-107605600.0,0.0,0.0,0.0,0.0,0.0,0.0,0.0,0.0,0.0,0.0,0.0,0.0,0.0,0.0,0.0,0.0,0.0,0.0,0.0,0.0,0.0,2.004,-0.0,0.0,0.0,0.0,0.0,0.0,4985.0,-2.4229876163019057e+24,0.0,0.0,0.0,-107615280.0,2.718429300292151e+23,0.0,0.0,0.0,0.0,53,-0.0,-0.0,0.0,0.0,0.0,0.0,0.0,0.0,0.0,0,0,0,0.0,0.0,0.0,0.0,0.0,0.0,0.0,0.0,0.0,0.0,0.0,0.0,0.0,0.0,0.0,0.0,0,-107875648.0,53,0.0,106,-107614832.0,0.0,ERR,ERR,ERR,ERR,ERR,ERR,ERR,ERR,ERR,ERR,ERR,ERR,ERR,ERR,ERR,ERR,ERR,ERR,ERR,ERR,ERR,ERR,ERR,ERR,ERR,ERR,ERR,ERR,ERR,ERR,ERR,ERR,ERR,ERR,ERR,ERR,ERR,ERR,ERR,ERR,ERR,ERR,ERR,ERR,ERR,ERR,ERR,ERR,ERR,ERR,ERR,ERR,ERR,ERR,ERR,ERR,ERR,ERR,ERR,ERR,ERR,ERR,ERR,ERR,ERR,ERR,ERR,50.0,60.0,100,0.0,0.0,0.0,0.0,0.0,0.0,0.0,0.0,0.0,0.0,0.0,0.0,0.0,0.0,0.0,0.0,61.6,73,14,65512,50,65476,0,300,0,0,8,20529,65476,0,0,26214,60.0,0.0,0.0,0.0,0.0,0.0
2026-05-17T18:32:32,ERR,ERR,ERR,ERR,ERR,ERR,ERR,ERR,ERR,ERR,ERR,ERR,ERR,ERR,ERR,ERR,ERR,ERR,ERR,ERR,ERR,ERR,ERR,ERR,ERR,ERR,ERR,ERR,ERR,ERR,ERR,ERR,ERR,ERR,ERR,ERR,ERR,ERR,ERR,ERR,ERR,ERR,ERR,ERR,ERR,ERR,ERR,ERR,ERR,ERR,ERR,ERR,ERR,ERR,ERR,ERR,ERR,ERR,ERR,ERR,ERR,ERR,ERR,ERR,ERR,ERR,ERR,ERR,ERR,ERR,ERR,ERR,ERR,ERR,ERR,ERR,ERR,ERR,ERR,ERR,ERR,ERR,ERR,ERR,ERR,ERR,ERR,ERR,ERR,ERR,ERR,ERR,ERR,ERR,ERR,ERR,ERR,ERR,ERR,ERR,ERR,ERR,ERR,ERR,ERR,ERR,ERR,ERR,ERR,ERR,ERR,ERR,ERR,ERR,ERR,ERR,ERR,ERR,ERR,ERR,ERR,ERR,ERR,ERR,ERR,0.0,0.0,0.0,0.0,0.0,1.3936040501711995e+18,7.805,0.0,0,0,4,0,8422,0.0,45,0.0,0.0,0.0,0.0,0.0,0,0,0,0,0.0,0,0,0,0,0,0,0,0,0,0,0,0,0,0,0,0,0,0,0,0,0,0,0,0,0,0,0,0,0,0,0,0,0,38,14,7,45,65476,0,300,0,0,8,21553,0.0,-107605600.0,0.0,0.0,0.0,0.0,0.0,0.0,0.0,0.0,0.0,0.0,0.0,0.0,0.0,0.0,0.0,0.0,0.0,0.0,0.0,0.0,0.0,2.004,-0.0,0.0,0.0,0.0,0.0,0.0,4985.0,-2.4229876163019057e+24,0.0,0.0,0.0,-107615280.0,2.718429300292151e+23,0.0,0.0,0.0,0.0,53,-0.0,-0.0,0.0,0.0,0.0,0.0,0.0,0.0,0.0,0,0,0,0.0,0.0,0.0,0.0,0.0,0.0,0.0,0.0,0.0,0.0,0.0,0.0,0.0,0.0,0.0,0.0,0,-107875648.0,53,0.0,106,-107614832.0,0.0,ERR,ERR,ERR,ERR,ERR,ERR,ERR,ERR,ERR,ERR,ERR,ERR,ERR,ERR,ERR,ERR,ERR,ERR,ERR,ERR,ERR,ERR,ERR,ERR,ERR,ERR,ERR,ERR,ERR,ERR,ERR,ERR,ERR,ERR,ERR,ERR,ERR,ERR,ERR,ERR,ERR,ERR,ERR,ERR,ERR,ERR,ERR,ERR,ERR,ERR,ERR,ERR,ERR,ERR,ERR,ERR,ERR,ERR,ERR,ERR,ERR,ERR,ERR,ERR,ERR,ERR,ERR,50.0,60.0,100,0.0,0.0,0.0,0.0,0.0,0.0,0.0,0.0,0.0,0.0,0.0,0.0,0.0,0.0,0.0,0.0,62.0,73,14,65512,50,65476,0,300,0,0,8,20529,65476,0,0,26214,60.0,0.0,0.0,0.0,0.0,0.0
2026-05-17T18:32:33,ERR,ERR,ERR,ERR,ERR,ERR,ERR,ERR,ERR,ERR,ERR,ERR,ERR,ERR,ERR,ERR,ERR,ERR,ERR,ERR,ERR,ERR,ERR,ERR,ERR,ERR,ERR,ERR,ERR,ERR,ERR,ERR,ERR,ERR,ERR,ERR,ERR,ERR,ERR,ERR,ERR,ERR,ERR,ERR,ERR,ERR,ERR,ERR,ERR,ERR,ERR,ERR,ERR,ERR,ERR,ERR,ERR,ERR,ERR,ERR,ERR,ERR,ERR,ERR,ERR,ERR,ERR,ERR,ERR,ERR,ERR,ERR,ERR,ERR,ERR,ERR,ERR,ERR,ERR,ERR,ERR,ERR,ERR,ERR,ERR,ERR,ERR,ERR,ERR,ERR,ERR,ERR,ERR,ERR,ERR,ERR,ERR,ERR,ERR,ERR,ERR,ERR,ERR,ERR,ERR,ERR,ERR,ERR,ERR,ERR,ERR,ERR,ERR,ERR,ERR,ERR,ERR,ERR,ERR,ERR,ERR,ERR,ERR,ERR,ERR,0.0,0.0,0.0,0.0,0.0,1.3936040501711995e+18,7.805,0.0,0,0,4,0,8422,0.0,45,0.0,0.0,0.0,0.0,0.0,0,0,0,0,0.0,0,0,0,0,0,0,0,0,0,0,0,0,0,0,0,0,0,0,0,0,0,0,0,0,0,0,0,0,0,0,0,0,0,38,14,7,45,65476,0,300,0,0,8,21553,0.0,-107605600.0,0.0,0.0,0.0,0.0,0.0,0.0,0.0,0.0,0.0,0.0,0.0,0.0,0.0,0.0,0.0,0.0,0.0,0.0,0.0,0.0,0.0,2.004,-0.0,0.0,0.0,0.0,0.0,0.0,4985.0,-2.4229876163019057e+24,0.0,0.0,0.0,-107615280.0,2.718429300292151e+23,0.0,0.0,0.0,0.0,53,-0.0,-0.0,0.0,0.0,0.0,0.0,0.0,0.0,0.0,0,0,0,0.0,0.0,0.0,0.0,0.0,0.0,0.0,0.0,0.0,0.0,0.0,0.0,0.0,0.0,0.0,0.0,0,-107875648.0,53,0.0,106,-107614832.0,0.0,ERR,ERR,ERR,ERR,ERR,ERR,ERR,ERR,ERR,ERR,ERR,ERR,ERR,ERR,ERR,ERR,ERR,ERR,ERR,ERR,ERR,ERR,ERR,ERR,ERR,ERR,ERR,ERR,ERR,ERR,ERR,ERR,ERR,ERR,ERR,ERR,ERR,ERR,ERR,ERR,ERR,ERR,ERR,ERR,ERR,ERR,ERR,ERR,ERR,ERR,ERR,ERR,ERR,ERR,ERR,ERR,ERR,ERR,ERR,ERR,ERR,ERR,ERR,ERR,ERR,ERR,ERR,50.0,60.0,100,0.0,0.0,0.0,0.0,0.0,0.0,0.0,0.0,0.0,0.0,0.0,0.0,0.0,0.0,0.0,0.0,62.0,73,14,65512,50,65476,0,300,0,0,8,20529,65476,0,0,26214,60.0,0.0,0.0,0.0,0.0,0.0
2026-05-17T18:32:34,ERR,ERR,ERR,ERR,ERR,ERR,ERR,ERR,ERR,ERR,ERR,ERR,ERR,ERR,ERR,ERR,ERR,ERR,ERR,ERR,ERR,ERR,ERR,ERR,ERR,ERR,ERR,ERR,ERR,ERR,ERR,ERR,ERR,ERR,ERR,ERR,ERR,ERR,ERR,ERR,ERR,ERR,ERR,ERR,ERR,ERR,ERR,ERR,ERR,ERR,ERR,ERR,ERR,ERR,ERR,ERR,ERR,ERR,ERR,ERR,ERR,ERR,ERR,ERR,ERR,ERR,ERR,ERR,ERR,ERR,ERR,ERR,ERR,ERR,ERR,ERR,ERR,ERR,ERR,ERR,ERR,ERR,ERR,ERR,ERR,ERR,ERR,ERR,ERR,ERR,ERR,ERR,ERR,ERR,ERR,ERR,ERR,ERR,ERR,ERR,ERR,ERR,ERR,ERR,ERR,ERR,ERR,ERR,ERR,ERR,ERR,ERR,ERR,ERR,ERR,ERR,ERR,ERR,ERR,ERR,ERR,ERR,ERR,ERR,ERR,0.0,0.0,0.0,0.0,0.0,1.3936040501711995e+18,7.805,0.0,0,0,4,0,8422,0.0,45,0.0,0.0,0.0,0.0,0.0,0,0,0,0,0.0,0,0,0,0,0,0,0,0,0,0,0,0,0,0,0,0,0,0,0,0,0,0,0,0,0,0,0,0,0,0,0,0,0,38,14,7,45,65476,0,300,0,0,8,21553,0.0,-107605600.0,0.0,0.0,0.0,0.0,0.0,0.0,0.0,0.0,0.0,0.0,0.0,0.0,0.0,0.0,0.0,0.0,0.0,0.0,0.0,0.0,0.0,2.004,-0.0,0.0,0.0,0.0,0.0,0.0,4985.0,-2.4229876163019057e+24,0.0,0.0,0.0,-107615280.0,2.718429300292151e+23,0.0,0.0,0.0,0.0,53,-0.0,-0.0,0.0,0.0,0.0,0.0,0.0,0.0,0.0,0,0,0,0.0,0.0,0.0,0.0,0.0,0.0,0.0,0.0,0.0,0.0,0.0,0.0,0.0,0.0,0.0,0.0,0,-107875648.0,53,0.0,106,-107614832.0,0.0,ERR,ERR,ERR,ERR,ERR,ERR,ERR,ERR,ERR,ERR,ERR,ERR,ERR,ERR,ERR,ERR,ERR,ERR,ERR,ERR,ERR,ERR,ERR,ERR,ERR,ERR,ERR,ERR,ERR,ERR,ERR,ERR,ERR,ERR,ERR,ERR,ERR,ERR,ERR,ERR,ERR,ERR,ERR,ERR,ERR,ERR,ERR,ERR,ERR,ERR,ERR,ERR,ERR,ERR,ERR,ERR,ERR,ERR,ERR,ERR,ERR,ERR,ERR,ERR,ERR,ERR,ERR,50.0,60.0,100,0.0,0.0,0.0,0.0,0.0,0.0,0.0,0.0,0.0,0.0,0.0,0.0,0.0,0.0,0.0,0.0,61.6,73,14,65512,50,65476,0,300,0,0,8,20529,65476,0,0,26214,60.0,0.0,0.0,0.0,0.0,0.0
2026-05-17T18:32:35,ERR,ERR,ERR,ERR,ERR,ERR,ERR,ERR,ERR,ERR,ERR,ERR,ERR,ERR,ERR,ERR,ERR,ERR,ERR,ERR,ERR,ERR,ERR,ERR,ERR,ERR,ERR,ERR,ERR,ERR,ERR,ERR,ERR,ERR,ERR,ERR,ERR,ERR,ERR,ERR,ERR,ERR,ERR,ERR,ERR,ERR,ERR,ERR,ERR,ERR,ERR,ERR,ERR,ERR,ERR,ERR,ERR,ERR,ERR,ERR,ERR,ERR,ERR,ERR,ERR,ERR,ERR,ERR,ERR,ERR,ERR,ERR,ERR,ERR,ERR,ERR,ERR,ERR,ERR,ERR,ERR,ERR,ERR,ERR,ERR,ERR,ERR,ERR,ERR,ERR,ERR,ERR,ERR,ERR,ERR,ERR,ERR,ERR,ERR,ERR,ERR,ERR,ERR,ERR,ERR,ERR,ERR,ERR,ERR,ERR,ERR,ERR,ERR,ERR,ERR,ERR,ERR,ERR,ERR,ERR,ERR,ERR,ERR,ERR,ERR,0.0,0.0,0.0,0.0,0.0,1.3936040501711995e+18,7.805,0.0,0,0,4,0,8422,0.0,45,0.0,0.0,0.0,0.0,0.0,0,0,0,0,0.0,0,0,0,0,0,0,0,0,0,0,0,0,0,0,0,0,0,0,0,0,0,0,0,0,0,0,0,0,0,0,0,0,0,38,14,7,45,65476,0,300,0,0,8,21553,0.0,-107605600.0,0.0,0.0,0.0,0.0,0.0,0.0,0.0,0.0,0.0,0.0,0.0,0.0,0.0,0.0,0.0,0.0,0.0,0.0,0.0,0.0,0.0,2.004,-0.0,0.0,0.0,0.0,0.0,0.0,4985.0,-2.4229876163019057e+24,0.0,0.0,0.0,-107615280.0,2.718429300292151e+23,0.0,0.0,0.0,0.0,53,-0.0,-0.0,0.0,0.0,0.0,0.0,0.0,0.0,0.0,0,0,0,0.0,0.0,0.0,0.0,0.0,0.0,0.0,0.0,0.0,0.0,0.0,0.0,0.0,0.0,0.0,0.0,0,-107875648.0,53,0.0,106,-107614832.0,0.0,ERR,ERR,ERR,ERR,ERR,ERR,ERR,ERR,ERR,ERR,ERR,ERR,ERR,ERR,ERR,ERR,ERR,ERR,ERR,ERR,ERR,ERR,ERR,ERR,ERR,ERR,ERR,ERR,ERR,ERR,ERR,ERR,ERR,ERR,ERR,ERR,ERR,ERR,ERR,ERR,ERR,ERR,ERR,ERR,ERR,ERR,ERR,ERR,ERR,ERR,ERR,ERR,ERR,ERR,ERR,ERR,ERR,ERR,ERR,ERR,ERR,ERR,ERR,ERR,ERR,ERR,ERR,50.0,60.0,100,0.0,0.0,0.0,0.0,0.0,0.0,0.0,0.0,0.0,0.0,0.0,0.0,0.0,0.0,0.0,0.0,61.6,73,14,65512,50,65476,0,300,0,0,8,20529,65476,0,0,26214,60.0,0.0,0.0,0.0,0.0,0.0
2026-05-17T18:32:36,ERR,ERR,ERR,ERR,ERR,ERR,ERR,ERR,ERR,ERR,ERR,ERR,ERR,ERR,ERR,ERR,ERR,ERR,ERR,ERR,ERR,ERR,ERR,ERR,ERR,ERR,ERR,ERR,ERR,ERR,ERR,ERR,ERR,ERR,ERR,ERR,ERR,ERR,ERR,ERR,ERR,ERR,ERR,ERR,ERR,ERR,ERR,ERR,ERR,ERR,ERR,ERR,ERR,ERR,ERR,ERR,ERR,ERR,ERR,ERR,ERR,ERR,ERR,ERR,ERR,ERR,ERR,ERR,ERR,ERR,ERR,ERR,ERR,ERR,ERR,ERR,ERR,ERR,ERR,ERR,ERR,ERR,ERR,ERR,ERR,ERR,ERR,ERR,ERR,ERR,ERR,ERR,ERR,ERR,ERR,ERR,ERR,ERR,ERR,ERR,ERR,ERR,ERR,ERR,ERR,ERR,ERR,ERR,ERR,ERR,ERR,ERR,ERR,ERR,ERR,ERR,ERR,ERR,ERR,ERR,ERR,ERR,ERR,ERR,ERR,0.0,0.0,0.0,0.0,0.0,1.3936040501711995e+18,7.805,0.0,0,0,4,0,8422,0.0,45,0.0,0.0,0.0,0.0,0.0,0,0,0,0,0.0,0,0,0,0,0,0,0,0,0,0,0,0,0,0,0,0,0,0,0,0,0,0,0,0,0,0,0,0,0,0,0,0,0,38,14,7,45,65476,0,300,0,0,8,21553,0.0,-107605600.0,0.0,0.0,0.0,0.0,0.0,0.0,0.0,0.0,0.0,0.0,0.0,0.0,0.0,0.0,0.0,0.0,0.0,0.0,0.0,0.0,0.0,2.004,-0.0,0.0,0.0,0.0,0.0,0.0,5022.0,0.0,0.0,0.0,0.0,-107615280.0,2.718429300292151e+23,0.0,0.0,0.0,0.0,53,-0.0,-2.30882787541985e+20,0.0,0.0,0.0,0.0,0.0,0.0,0.0,0,0,0,0.0,0.0,0.0,0.0,0.0,0.0,0.0,0.0,0.0,0.0,0.0,0.0,0.0,0.0,0.0,0.0,0,-107875648.0,53,0.0,106,-107614832.0,0.0,ERR,ERR,ERR,ERR,ERR,ERR,ERR,ERR,ERR,ERR,ERR,ERR,ERR,ERR,ERR,ERR,ERR,ERR,ERR,ERR,ERR,ERR,ERR,ERR,ERR,ERR,ERR,ERR,ERR,ERR,ERR,ERR,ERR,ERR,ERR,ERR,ERR,ERR,ERR,ERR,ERR,ERR,ERR,ERR,ERR,ERR,ERR,ERR,ERR,ERR,ERR,ERR,ERR,ERR,ERR,ERR,ERR,ERR,ERR,ERR,ERR,ERR,ERR,ERR,ERR,ERR,ERR,50.0,60.0,100,0.0,0.0,0.0,0.0,0.0,0.0,0.0,0.0,0.0,0.0,0.0,0.0,0.0,0.0,0.0,0.0,61.6,73,14,65512,50,65476,0,300,0,0,8,20529,65476,0,0,26214,60.0,0.0,0.0,0.0,0.0,0.0
2026-05-17T18:32:37,ERR,ERR,ERR,ERR,ERR,ERR,ERR,ERR,ERR,ERR,ERR,ERR,ERR,ERR,ERR,ERR,ERR,ERR,ERR,ERR,ERR,ERR,ERR,ERR,ERR,ERR,ERR,ERR,ERR,ERR,ERR,ERR,ERR,ERR,ERR,ERR,ERR,ERR,ERR,ERR,ERR,ERR,ERR,ERR,ERR,ERR,ERR,ERR,ERR,ERR,ERR,ERR,ERR,ERR,ERR,ERR,ERR,ERR,ERR,ERR,ERR,ERR,ERR,ERR,ERR,ERR,ERR,ERR,ERR,ERR,ERR,ERR,ERR,ERR,ERR,ERR,ERR,ERR,ERR,ERR,ERR,ERR,ERR,ERR,ERR,ERR,ERR,ERR,ERR,ERR,ERR,ERR,ERR,ERR,ERR,ERR,ERR,ERR,ERR,ERR,ERR,ERR,ERR,ERR,ERR,ERR,ERR,ERR,ERR,ERR,ERR,ERR,ERR,ERR,ERR,ERR,ERR,ERR,ERR,ERR,ERR,ERR,ERR,ERR,ERR,0.0,0.0,0.0,0.0,0.0,1.3936040501711995e+18,7.805,0.0,0,0,4,0,8422,0.0,45,0.0,0.0,0.0,0.0,0.0,0,0,0,0,0.0,0,0,0,0,0,0,0,0,0,0,0,0,0,0,0,0,0,0,0,0,0,0,0,0,0,0,0,0,0,0,0,0,0,38,14,7,45,65476,0,300,0,0,8,21553,0.0,-107605600.0,0.0,0.0,0.0,0.0,0.0,0.0,0.0,0.0,0.0,0.0,0.0,0.0,0.0,0.0,0.0,0.0,0.0,0.0,0.0,0.0,0.0,2.004,-0.0,0.0,0.0,0.0,0.0,0.0,5022.0,0.0,0.0,0.0,0.0,-107615280.0,2.718429300292151e+23,0.0,0.0,0.0,0.0,53,-0.0,-2.30882787541985e+20,0.0,0.0,0.0,0.0,0.0,0.0,0.0,0,0,0,0.0,0.0,0.0,0.0,0.0,0.0,0.0,0.0,0.0,0.0,0.0,0.0,0.0,0.0,0.0,0.0,0,-107875648.0,53,0.0,106,-107614832.0,0.0,ERR,ERR,ERR,ERR,ERR,ERR,ERR,ERR,ERR,ERR,ERR,ERR,ERR,ERR,ERR,ERR,ERR,ERR,ERR,ERR,ERR,ERR,ERR,ERR,ERR,ERR,ERR,ERR,ERR,ERR,ERR,ERR,ERR,ERR,ERR,ERR,ERR,ERR,ERR,ERR,ERR,ERR,ERR,ERR,ERR,ERR,ERR,ERR,ERR,ERR,ERR,ERR,ERR,ERR,ERR,ERR,ERR,ERR,ERR,ERR,ERR,ERR,ERR,ERR,ERR,ERR,ERR,50.0,60.0,100,0.0,0.0,0.0,0.0,0.0,0.0,0.0,0.0,0.0,0.0,0.0,0.0,0.0,0.0,0.0,0.0,61.6,73,14,65512,50,65476,0,300,0,0,8,20529,65476,0,0,26214,60.0,0.0,0.0,0.0,0.0,0.0
2026-05-17T18:32:38,ERR,ERR,ERR,ERR,ERR,ERR,ERR,ERR,ERR,ERR,ERR,ERR,ERR,ERR,ERR,ERR,ERR,ERR,ERR,ERR,ERR,ERR,ERR,ERR,ERR,ERR,ERR,ERR,ERR,ERR,ERR,ERR,ERR,ERR,ERR,ERR,ERR,ERR,ERR,ERR,ERR,ERR,ERR,ERR,ERR,ERR,ERR,ERR,ERR,ERR,ERR,ERR,ERR,ERR,ERR,ERR,ERR,ERR,ERR,ERR,ERR,ERR,ERR,ERR,ERR,ERR,ERR,ERR,ERR,ERR,ERR,ERR,ERR,ERR,ERR,ERR,ERR,ERR,ERR,ERR,ERR,ERR,ERR,ERR,ERR,ERR,ERR,ERR,ERR,ERR,ERR,ERR,ERR,ERR,ERR,ERR,ERR,ERR,ERR,ERR,ERR,ERR,ERR,ERR,ERR,ERR,ERR,ERR,ERR,ERR,ERR,ERR,ERR,ERR,ERR,ERR,ERR,ERR,ERR,ERR,ERR,ERR,ERR,ERR,ERR,0.0,0.0,0.0,0.0,0.0,1.3936040501711995e+18,7.805,0.0,0,0,4,0,8422,0.0,45,0.0,0.0,0.0,0.0,0.0,0,0,0,0,0.0,0,0,0,0,0,0,0,0,0,0,0,0,0,0,0,0,0,0,0,0,0,0,0,0,0,0,0,0,0,0,0,0,0,38,14,7,45,65476,0,300,0,0,8,21553,0.0,-107605600.0,0.0,0.0,0.0,0.0,0.0,0.0,0.0,0.0,0.0,0.0,0.0,0.0,0.0,0.0,0.0,0.0,0.0,0.0,0.0,0.0,0.0,2.004,-0.0,0.0,0.0,0.0,0.0,0.0,5022.0,0.0,0.0,0.0,0.0,-107615280.0,2.718429300292151e+23,0.0,0.0,0.0,0.0,53,-0.0,-2.30882787541985e+20,0.0,0.0,0.0,0.0,0.0,0.0,0.0,0,0,0,0.0,0.0,0.0,0.0,0.0,0.0,0.0,0.0,0.0,0.0,0.0,0.0,0.0,0.0,0.0,0.0,0,-107875648.0,53,0.0,106,-107614832.0,0.0,ERR,ERR,ERR,ERR,ERR,ERR,ERR,ERR,ERR,ERR,ERR,ERR,ERR,ERR,ERR,ERR,ERR,ERR,ERR,ERR,ERR,ERR,ERR,ERR,ERR,ERR,ERR,ERR,ERR,ERR,ERR,ERR,ERR,ERR,ERR,ERR,ERR,ERR,ERR,ERR,ERR,ERR,ERR,ERR,ERR,ERR,ERR,ERR,ERR,ERR,ERR,ERR,ERR,ERR,ERR,ERR,ERR,ERR,ERR,ERR,ERR,ERR,ERR,ERR,ERR,ERR,ERR,50.0,60.0,100,0.0,0.0,0.0,0.0,0.0,0.0,0.0,0.0,0.0,0.0,0.0,0.0,0.0,0.0,0.0,0.0,61.6,73,14,65512,50,65476,0,300,0,0,8,20529,65476,0,0,26214,60.0,0.0,0.0,0.0,0.0,0.0
2026-05-17T18:32:39,ERR,ERR,ERR,ERR,ERR,ERR,ERR,ERR,ERR,ERR,ERR,ERR,ERR,ERR,ERR,ERR,ERR,ERR,ERR,ERR,ERR,ERR,ERR,ERR,ERR,ERR,ERR,ERR,ERR,ERR,ERR,ERR,ERR,ERR,ERR,ERR,ERR,ERR,ERR,ERR,ERR,ERR,ERR,ERR,ERR,ERR,ERR,ERR,ERR,ERR,ERR,ERR,ERR,ERR,ERR,ERR,ERR,ERR,ERR,ERR,ERR,ERR,ERR,ERR,ERR,ERR,ERR,ERR,ERR,ERR,ERR,ERR,ERR,ERR,ERR,ERR,ERR,ERR,ERR,ERR,ERR,ERR,ERR,ERR,ERR,ERR,ERR,ERR,ERR,ERR,ERR,ERR,ERR,ERR,ERR,ERR,ERR,ERR,ERR,ERR,ERR,ERR,ERR,ERR,ERR,ERR,ERR,ERR,ERR,ERR,ERR,ERR,ERR,ERR,ERR,ERR,ERR,ERR,ERR,ERR,ERR,ERR,ERR,ERR,ERR,0.0,0.0,0.0,0.0,0.0,1.3936040501711995e+18,7.805,0.0,0,0,4,0,8422,0.0,45,0.0,0.0,0.0,0.0,0.0,0,0,0,0,0.0,0,0,0,0,0,0,0,0,0,0,0,0,0,0,0,0,0,0,0,0,0,0,0,0,0,0,0,0,0,0,0,0,0,38,14,7,45,65476,0,300,0,0,8,21553,0.0,-107605600.0,0.0,0.0,0.0,0.0,0.0,0.0,0.0,0.0,0.0,0.0,0.0,0.0,0.0,0.0,0.0,0.0,0.0,0.0,0.0,0.0,0.0,2.004,-0.0,0.0,0.0,0.0,0.0,0.0,5022.0,0.0,0.0,0.0,0.0,-107615280.0,2.718429300292151e+23,0.0,0.0,0.0,0.0,53,-0.0,-2.30882787541985e+20,0.0,0.0,0.0,0.0,0.0,0.0,0.0,0,0,0,0.0,0.0,0.0,0.0,0.0,0.0,0.0,0.0,0.0,0.0,0.0,0.0,0.0,0.0,0.0,0.0,0,-107875648.0,53,0.0,106,-107614832.0,0.0,ERR,ERR,ERR,ERR,ERR,ERR,ERR,ERR,ERR,ERR,ERR,ERR,ERR,ERR,ERR,ERR,ERR,ERR,ERR,ERR,ERR,ERR,ERR,ERR,ERR,ERR,ERR,ERR,ERR,ERR,ERR,ERR,ERR,ERR,ERR,ERR,ERR,ERR,ERR,ERR,ERR,ERR,ERR,ERR,ERR,ERR,ERR,ERR,ERR,ERR,ERR,ERR,ERR,ERR,ERR,ERR,ERR,ERR,ERR,ERR,ERR,ERR,ERR,ERR,ERR,ERR,ERR,50.0,60.0,100,0.0,0.0,0.0,0.0,0.0,0.0,0.0,0.0,0.0,0.0,0.0,0.0,0.0,0.0,0.0,0.0,61.6,73,14,65512,50,65476,0,300,0,0,8,20529,65476,0,0,26214,60.0,0.0,0.0,0.0,0.0,0.0
2026-05-17T18:32:40,ERR,ERR,ERR,ERR,ERR,ERR,ERR,ERR,ERR,ERR,ERR,ERR,ERR,ERR,ERR,ERR,ERR,ERR,ERR,ERR,ERR,ERR,ERR,ERR,ERR,ERR,ERR,ERR,ERR,ERR,ERR,ERR,ERR,ERR,ERR,ERR,ERR,ERR,ERR,ERR,ERR,ERR,ERR,ERR,ERR,ERR,ERR,ERR,ERR,ERR,ERR,ERR,ERR,ERR,ERR,ERR,ERR,ERR,ERR,ERR,ERR,ERR,ERR,ERR,ERR,ERR,ERR,ERR,ERR,ERR,ERR,ERR,ERR,ERR,ERR,ERR,ERR,ERR,ERR,ERR,ERR,ERR,ERR,ERR,ERR,ERR,ERR,ERR,ERR,ERR,ERR,ERR,ERR,ERR,ERR,ERR,ERR,ERR,ERR,ERR,ERR,ERR,ERR,ERR,ERR,ERR,ERR,ERR,ERR,ERR,ERR,ERR,ERR,ERR,ERR,ERR,ERR,ERR,ERR,ERR,ERR,ERR,ERR,ERR,ERR,0.0,0.0,0.0,0.0,0.0,1.3936040501711995e+18,7.805,0.0,0,0,4,0,8422,0.0,45,0.0,0.0,0.0,0.0,0.0,0,0,0,0,0.0,0,0,0,0,0,0,0,0,0,0,0,0,0,0,0,0,0,0,0,0,0,0,0,0,0,0,0,0,0,0,0,0,0,38,14,7,45,65476,0,300,0,0,8,21553,0.0,-107605600.0,0.0,0.0,0.0,0.0,0.0,0.0,0.0,0.0,0.0,0.0,0.0,0.0,0.0,0.0,0.0,0.0,0.0,0.0,0.0,0.0,0.0,2.004,-0.0,0.0,0.0,0.0,0.0,0.0,5022.0,0.0,0.0,0.0,0.0,-107615280.0,2.718429300292151e+23,0.0,0.0,0.0,0.0,53,-0.0,-2.30882787541985e+20,0.0,0.0,0.0,0.0,0.0,0.0,0.0,0,0,0,0.0,0.0,0.0,0.0,0.0,0.0,0.0,0.0,0.0,0.0,0.0,0.0,0.0,0.0,0.0,0.0,0,-107875648.0,53,0.0,106,-107614832.0,0.0,ERR,ERR,ERR,ERR,ERR,ERR,ERR,ERR,ERR,ERR,ERR,ERR,ERR,ERR,ERR,ERR,ERR,ERR,ERR,ERR,ERR,ERR,ERR,ERR,ERR,ERR,ERR,ERR,ERR,ERR,ERR,ERR,ERR,ERR,ERR,ERR,ERR,ERR,ERR,ERR,ERR,ERR,ERR,ERR,ERR,ERR,ERR,ERR,ERR,ERR,ERR,ERR,ERR,ERR,ERR,ERR,ERR,ERR,ERR,ERR,ERR,ERR,ERR,ERR,ERR,ERR,ERR,50.0,60.0,100,0.0,0.0,0.0,0.0,0.0,0.0,0.0,0.0,0.0,0.0,0.0,0.0,0.0,0.0,0.0,0.0,61.6,73,14,65512,50,65476,0,300,0,0,8,20529,65476,0,0,26214,60.0,0.0,0.0,0.0,0.0,0.0
2026-05-17T18:32:41,ERR,ERR,ERR,ERR,ERR,ERR,ERR,ERR,ERR,ERR,ERR,ERR,ERR,ERR,ERR,ERR,ERR,ERR,ERR,ERR,ERR,ERR,ERR,ERR,ERR,ERR,ERR,ERR,ERR,ERR,ERR,ERR,ERR,ERR,ERR,ERR,ERR,ERR,ERR,ERR,ERR,ERR,ERR,ERR,ERR,ERR,ERR,ERR,ERR,ERR,ERR,ERR,ERR,ERR,ERR,ERR,ERR,ERR,ERR,ERR,ERR,ERR,ERR,ERR,ERR,ERR,ERR,ERR,ERR,ERR,ERR,ERR,ERR,ERR,ERR,ERR,ERR,ERR,ERR,ERR,ERR,ERR,ERR,ERR,ERR,ERR,ERR,ERR,ERR,ERR,ERR,ERR,ERR,ERR,ERR,ERR,ERR,ERR,ERR,ERR,ERR,ERR,ERR,ERR,ERR,ERR,ERR,ERR,ERR,ERR,ERR,ERR,ERR,ERR,ERR,ERR,ERR,ERR,ERR,ERR,ERR,ERR,ERR,ERR,ERR,0.0,0.0,0.0,0.0,0.0,1.3936040501711995e+18,7.805,0.0,0,0,4,0,8422,0.0,45,0.0,0.0,0.0,0.0,0.0,0,0,0,0,0.0,0,0,0,0,0,0,0,0,0,0,0,0,0,0,0,0,0,0,0,0,0,0,0,0,0,0,0,0,0,0,0,0,0,38,14,7,45,65476,0,300,0,0,8,21553,0.0,-107605600.0,0.0,0.0,0.0,0.0,0.0,0.0,0.0,0.0,0.0,0.0,0.0,0.0,0.0,0.0,0.0,0.0,0.0,0.0,0.0,0.0,0.0,2.004,-0.0,0.0,0.0,0.0,0.0,0.0,5015.0,564145833377792.0,0.0,0.0,0.0,-107615280.0,2.718429300292151e+23,0.0,0.0,0.0,0.0,53,-0.0,0.0,0.0,0.0,0.0,0.0,0.0,0.0,0.0,0,0,0,0.0,0.0,0.0,0.0,0.0,0.0,0.0,0.0,0.0,0.0,0.0,0.0,0.0,0.0,0.0,0.0,0,-107875648.0,53,0.0,106,-107614832.0,0.0,ERR,ERR,ERR,ERR,ERR,ERR,ERR,ERR,ERR,ERR,ERR,ERR,ERR,ERR,ERR,ERR,ERR,ERR,ERR,ERR,ERR,ERR,ERR,ERR,ERR,ERR,ERR,ERR,ERR,ERR,ERR,ERR,ERR,ERR,ERR,ERR,ERR,ERR,ERR,ERR,ERR,ERR,ERR,ERR,ERR,ERR,ERR,ERR,ERR,ERR,ERR,ERR,ERR,ERR,ERR,ERR,ERR,ERR,ERR,ERR,ERR,ERR,ERR,ERR,ERR,ERR,ERR,50.0,60.0,100,0.0,0.0,0.0,0.0,0.0,0.0,0.0,0.0,0.0,0.0,0.0,0.0,0.0,0.0,0.0,0.0,61.6,73,14,65512,50,65476,0,300,0,0,8,20529,65476,0,0,26214,60.0,0.0,0.0,0.0,0.0,0.0
2026-05-17T18:32:42,ERR,ERR,ERR,ERR,ERR,ERR,ERR,ERR,ERR,ERR,ERR,ERR,ERR,ERR,ERR,ERR,ERR,ERR,ERR,ERR,ERR,ERR,ERR,ERR,ERR,ERR,ERR,ERR,ERR,ERR,ERR,ERR,ERR,ERR,ERR,ERR,ERR,ERR,ERR,ERR,ERR,ERR,ERR,ERR,ERR,ERR,ERR,ERR,ERR,ERR,ERR,ERR,ERR,ERR,ERR,ERR,ERR,ERR,ERR,ERR,ERR,ERR,ERR,ERR,ERR,ERR,ERR,ERR,ERR,ERR,ERR,ERR,ERR,ERR,ERR,ERR,ERR,ERR,ERR,ERR,ERR,ERR,ERR,ERR,ERR,ERR,ERR,ERR,ERR,ERR,ERR,ERR,ERR,ERR,ERR,ERR,ERR,ERR,ERR,ERR,ERR,ERR,ERR,ERR,ERR,ERR,ERR,ERR,ERR,ERR,ERR,ERR,ERR,ERR,ERR,ERR,ERR,ERR,ERR,ERR,ERR,ERR,ERR,ERR,ERR,0.0,0.0,0.0,0.0,0.0,1.3936040501711995e+18,7.805,0.0,0,0,4,0,8422,0.0,45,0.0,0.0,0.0,0.0,0.0,0,0,0,0,0.0,0,0,0,0,0,0,0,0,0,0,0,0,0,0,0,0,0,0,0,0,0,0,0,0,0,0,0,0,0,0,0,0,0,38,14,7,45,65476,0,300,0,0,8,21553,0.0,-107605600.0,0.0,0.0,0.0,0.0,0.0,0.0,0.0,0.0,0.0,0.0,0.0,0.0,0.0,0.0,0.0,0.0,0.0,0.0,0.0,0.0,0.0,2.004,-0.0,0.0,0.0,0.0,0.0,0.0,5015.0,564145833377792.0,0.0,0.0,0.0,-107615280.0,2.718429300292151e+23,0.0,0.0,0.0,0.0,53,-0.0,0.0,0.0,0.0,0.0,0.0,0.0,0.0,0.0,0,0,0,0.0,0.0,0.0,0.0,0.0,0.0,0.0,0.0,0.0,0.0,0.0,0.0,0.0,0.0,0.0,0.0,0,-107875648.0,53,0.0,106,-107614832.0,0.0,ERR,ERR,ERR,ERR,ERR,ERR,ERR,ERR,ERR,ERR,ERR,ERR,ERR,ERR,ERR,ERR,ERR,ERR,ERR,ERR,ERR,ERR,ERR,ERR,ERR,ERR,ERR,ERR,ERR,ERR,ERR,ERR,ERR,ERR,ERR,ERR,ERR,ERR,ERR,ERR,ERR,ERR,ERR,ERR,ERR,ERR,ERR,ERR,ERR,ERR,ERR,ERR,ERR,ERR,ERR,ERR,ERR,ERR,ERR,ERR,ERR,ERR,ERR,ERR,ERR,ERR,ERR,50.0,60.0,100,0.0,0.0,0.0,0.0,0.0,0.0,0.0,0.0,0.0,0.0,0.0,0.0,0.0,0.0,0.0,0.0,61.6,73,14,65512,50,65476,0,300,0,0,8,20529,65476,0,0,26214,60.0,0.0,0.0,0.0,0.0,0.0
2026-05-17T18:32:43,ERR,ERR,ERR,ERR,ERR,ERR,ERR,ERR,ERR,ERR,ERR,ERR,ERR,ERR,ERR,ERR,ERR,ERR,ERR,ERR,ERR,ERR,ERR,ERR,ERR,ERR,ERR,ERR,ERR,ERR,ERR,ERR,ERR,ERR,ERR,ERR,ERR,ERR,ERR,ERR,ERR,ERR,ERR,ERR,ERR,ERR,ERR,ERR,ERR,ERR,ERR,ERR,ERR,ERR,ERR,ERR,ERR,ERR,ERR,ERR,ERR,ERR,ERR,ERR,ERR,ERR,ERR,ERR,ERR,ERR,ERR,ERR,ERR,ERR,ERR,ERR,ERR,ERR,ERR,ERR,ERR,ERR,ERR,ERR,ERR,ERR,ERR,ERR,ERR,ERR,ERR,ERR,ERR,ERR,ERR,ERR,ERR,ERR,ERR,ERR,ERR,ERR,ERR,ERR,ERR,ERR,ERR,ERR,ERR,ERR,ERR,ERR,ERR,ERR,ERR,ERR,ERR,ERR,ERR,ERR,ERR,ERR,ERR,ERR,ERR,0.0,0.0,0.0,0.0,0.0,1.3936040501711995e+18,7.805,0.0,0,0,4,0,8422,0.0,45,0.0,0.0,0.0,0.0,0.0,0,0,0,0,0.0,0,0,0,0,0,0,0,0,0,0,0,0,0,0,0,0,0,0,0,0,0,0,0,0,0,0,0,0,0,0,0,0,0,38,14,7,45,65476,0,300,0,0,8,21553,0.0,-107605600.0,0.0,0.0,0.0,0.0,0.0,0.0,0.0,0.0,0.0,0.0,0.0,0.0,0.0,0.0,0.0,0.0,0.0,0.0,0.0,0.0,0.0,2.004,-0.0,0.0,0.0,0.0,0.0,0.0,5015.0,564145833377792.0,0.0,0.0,0.0,-107615280.0,2.718429300292151e+23,0.0,0.0,0.0,0.0,53,-0.0,0.0,0.0,0.0,0.0,0.0,0.0,0.0,0.0,0,0,0,0.0,0.0,0.0,0.0,0.0,0.0,0.0,0.0,0.0,0.0,0.0,0.0,0.0,0.0,0.0,0.0,0,-107875648.0,53,0.0,106,-107614832.0,0.0,ERR,ERR,ERR,ERR,ERR,ERR,ERR,ERR,ERR,ERR,ERR,ERR,ERR,ERR,ERR,ERR,ERR,ERR,ERR,ERR,ERR,ERR,ERR,ERR,ERR,ERR,ERR,ERR,ERR,ERR,ERR,ERR,ERR,ERR,ERR,ERR,ERR,ERR,ERR,ERR,ERR,ERR,ERR,ERR,ERR,ERR,ERR,ERR,ERR,ERR,ERR,ERR,ERR,ERR,ERR,ERR,ERR,ERR,ERR,ERR,ERR,ERR,ERR,ERR,ERR,ERR,ERR,50.0,60.0,100,0.0,0.0,0.0,0.0,0.0,0.0,0.0,0.0,0.0,0.0,0.0,0.0,0.0,0.0,0.0,0.0,61.6,73,14,65512,50,65476,0,300,0,0,8,20529,65476,0,0,26214,60.0,0.0,0.0,0.0,0.0,0.0
2026-05-17T18:32:44,ERR,ERR,ERR,ERR,ERR,ERR,ERR,ERR,ERR,ERR,ERR,ERR,ERR,ERR,ERR,ERR,ERR,ERR,ERR,ERR,ERR,ERR,ERR,ERR,ERR,ERR,ERR,ERR,ERR,ERR,ERR,ERR,ERR,ERR,ERR,ERR,ERR,ERR,ERR,ERR,ERR,ERR,ERR,ERR,ERR,ERR,ERR,ERR,ERR,ERR,ERR,ERR,ERR,ERR,ERR,ERR,ERR,ERR,ERR,ERR,ERR,ERR,ERR,ERR,ERR,ERR,ERR,ERR,ERR,ERR,ERR,ERR,ERR,ERR,ERR,ERR,ERR,ERR,ERR,ERR,ERR,ERR,ERR,ERR,ERR,ERR,ERR,ERR,ERR,ERR,ERR,ERR,ERR,ERR,ERR,ERR,ERR,ERR,ERR,ERR,ERR,ERR,ERR,ERR,ERR,ERR,ERR,ERR,ERR,ERR,ERR,ERR,ERR,ERR,ERR,ERR,ERR,ERR,ERR,ERR,ERR,ERR,ERR,ERR,ERR,0.0,0.0,0.0,0.0,0.0,1.3936040501711995e+18,7.805,0.0,0,0,4,0,8422,0.0,45,0.0,0.0,0.0,0.0,0.0,0,0,0,0,0.0,0,0,0,0,0,0,0,0,0,0,0,0,0,0,0,0,0,0,0,0,0,0,0,0,0,0,0,0,0,0,0,0,0,38,14,7,45,65476,0,300,0,0,8,21553,0.0,-107605600.0,0.0,0.0,0.0,0.0,0.0,0.0,0.0,0.0,0.0,0.0,0.0,0.0,0.0,0.0,0.0,0.0,0.0,0.0,0.0,0.0,0.0,2.004,-0.0,0.0,0.0,0.0,0.0,0.0,5015.0,564145833377792.0,0.0,0.0,0.0,-107615280.0,2.718429300292151e+23,0.0,0.0,0.0,0.0,53,-0.0,0.0,0.0,0.0,0.0,0.0,0.0,0.0,0.0,0,0,0,0.0,0.0,0.0,0.0,0.0,0.0,0.0,0.0,0.0,0.0,0.0,0.0,0.0,0.0,0.0,0.0,0,-107875648.0,53,0.0,106,-107614832.0,0.0,ERR,ERR,ERR,ERR,ERR,ERR,ERR,ERR,ERR,ERR,ERR,ERR,ERR,ERR,ERR,ERR,ERR,ERR,ERR,ERR,ERR,ERR,ERR,ERR,ERR,ERR,ERR,ERR,ERR,ERR,ERR,ERR,ERR,ERR,ERR,ERR,ERR,ERR,ERR,ERR,ERR,ERR,ERR,ERR,ERR,ERR,ERR,ERR,ERR,ERR,ERR,ERR,ERR,ERR,ERR,ERR,ERR,ERR,ERR,ERR,ERR,ERR,ERR,ERR,ERR,ERR,ERR,50.0,60.0,100,0.0,0.0,0.0,0.0,0.0,0.0,0.0,0.0,0.0,0.0,0.0,0.0,0.0,0.0,0.0,0.0,61.6,73,14,65512,50,65476,0,300,0,0,8,20529,65476,0,0,26214,60.0,0.0,0.0,0.0,0.0,0.0
2026-05-17T18:32:45,ERR,ERR,ERR,ERR,ERR,ERR,ERR,ERR,ERR,ERR,ERR,ERR,ERR,ERR,ERR,ERR,ERR,ERR,ERR,ERR,ERR,ERR,ERR,ERR,ERR,ERR,ERR,ERR,ERR,ERR,ERR,ERR,ERR,ERR,ERR,ERR,ERR,ERR,ERR,ERR,ERR,ERR,ERR,ERR,ERR,ERR,ERR,ERR,ERR,ERR,ERR,ERR,ERR,ERR,ERR,ERR,ERR,ERR,ERR,ERR,ERR,ERR,ERR,ERR,ERR,ERR,ERR,ERR,ERR,ERR,ERR,ERR,ERR,ERR,ERR,ERR,ERR,ERR,ERR,ERR,ERR,ERR,ERR,ERR,ERR,ERR,ERR,ERR,ERR,ERR,ERR,ERR,ERR,ERR,ERR,ERR,ERR,ERR,ERR,ERR,ERR,ERR,ERR,ERR,ERR,ERR,ERR,ERR,ERR,ERR,ERR,ERR,ERR,ERR,ERR,ERR,ERR,ERR,ERR,ERR,ERR,ERR,ERR,ERR,ERR,0.0,0.0,0.0,0.0,0.0,1.3936040501711995e+18,7.805,0.0,0,0,4,0,8422,0.0,45,0.0,0.0,0.0,0.0,0.0,0,0,0,0,0.0,0,0,0,0,0,0,0,0,0,0,0,0,0,0,0,0,0,0,0,0,0,0,0,0,0,0,0,0,0,0,0,0,0,38,14,7,45,65476,0,300,0,0,8,21553,0.0,-107605600.0,0.0,0.0,0.0,0.0,0.0,0.0,0.0,0.0,0.0,0.0,0.0,0.0,0.0,0.0,0.0,0.0,0.0,0.0,0.0,0.0,0.0,2.004,-0.0,0.0,0.0,0.0,0.0,0.0,5015.0,564145833377792.0,0.0,0.0,0.0,-107615280.0,2.718429300292151e+23,0.0,0.0,0.0,0.0,53,-0.0,0.0,0.0,0.0,0.0,0.0,0.0,0.0,0.0,0,0,0,0.0,0.0,0.0,0.0,0.0,0.0,0.0,0.0,0.0,0.0,0.0,0.0,0.0,0.0,0.0,0.0,0,-107875648.0,53,0.0,106,-107614832.0,0.0,ERR,ERR,ERR,ERR,ERR,ERR,ERR,ERR,ERR,ERR,ERR,ERR,ERR,ERR,ERR,ERR,ERR,ERR,ERR,ERR,ERR,ERR,ERR,ERR,ERR,ERR,ERR,ERR,ERR,ERR,ERR,ERR,ERR,ERR,ERR,ERR,ERR,ERR,ERR,ERR,ERR,ERR,ERR,ERR,ERR,ERR,ERR,ERR,ERR,ERR,ERR,ERR,ERR,ERR,ERR,ERR,ERR,ERR,ERR,ERR,ERR,ERR,ERR,ERR,ERR,ERR,ERR,50.0,60.0,100,0.0,0.0,0.0,0.0,0.0,0.0,0.0,0.0,0.0,0.0,0.0,0.0,0.0,0.0,0.0,0.0,61.6,73,14,65512,50,65476,0,300,0,0,8,20529,65476,0,0,26214,60.0,0.0,0.0,0.0,0.0,0.0
2026-05-17T18:32:46,ERR,ERR,ERR,ERR,ERR,ERR,ERR,ERR,ERR,ERR,ERR,ERR,ERR,ERR,ERR,ERR,ERR,ERR,ERR,ERR,ERR,ERR,ERR,ERR,ERR,ERR,ERR,ERR,ERR,ERR,ERR,ERR,ERR,ERR,ERR,ERR,ERR,ERR,ERR,ERR,ERR,ERR,ERR,ERR,ERR,ERR,ERR,ERR,ERR,ERR,ERR,ERR,ERR,ERR,ERR,ERR,ERR,ERR,ERR,ERR,ERR,ERR,ERR,ERR,ERR,ERR,ERR,ERR,ERR,ERR,ERR,ERR,ERR,ERR,ERR,ERR,ERR,ERR,ERR,ERR,ERR,ERR,ERR,ERR,ERR,ERR,ERR,ERR,ERR,ERR,ERR,ERR,ERR,ERR,ERR,ERR,ERR,ERR,ERR,ERR,ERR,ERR,ERR,ERR,ERR,ERR,ERR,ERR,ERR,ERR,ERR,ERR,ERR,ERR,ERR,ERR,ERR,ERR,ERR,ERR,ERR,ERR,ERR,ERR,ERR,0.0,0.0,0.0,0.0,0.0,1.3936040501711995e+18,7.805,0.0,0,0,4,0,8422,0.0,45,0.0,0.0,0.0,0.0,0.0,0,0,0,0,0.0,0,0,0,0,0,0,0,0,0,0,0,0,0,0,0,0,0,0,0,0,0,0,0,0,0,0,0,0,0,0,0,0,0,38,14,7,45,65476,0,300,0,0,8,21553,0.0,-107605600.0,0.0,0.0,0.0,0.0,0.0,0.0,0.0,0.0,0.0,0.0,0.0,0.0,0.0,0.0,0.0,0.0,0.0,0.0,0.0,0.0,0.0,2.004,-0.0,0.0,0.0,0.0,0.0,0.0,5015.0,564145833377792.0,0.0,0.0,0.0,-107615280.0,2.718429300292151e+23,0.0,0.0,0.0,0.0,53,-0.0,0.0,0.0,0.0,0.0,0.0,0.0,0.0,0.0,0,0,0,0.0,0.0,0.0,0.0,0.0,0.0,0.0,0.0,0.0,0.0,0.0,0.0,0.0,0.0,0.0,0.0,0,-107875648.0,53,0.0,106,-107614832.0,0.0,ERR,ERR,ERR,ERR,ERR,ERR,ERR,ERR,ERR,ERR,ERR,ERR,ERR,ERR,ERR,ERR,ERR,ERR,ERR,ERR,ERR,ERR,ERR,ERR,ERR,ERR,ERR,ERR,ERR,ERR,ERR,ERR,ERR,ERR,ERR,ERR,ERR,ERR,ERR,ERR,ERR,ERR,ERR,ERR,ERR,ERR,ERR,ERR,ERR,ERR,ERR,ERR,ERR,ERR,ERR,ERR,ERR,ERR,ERR,ERR,ERR,ERR,ERR,ERR,ERR,ERR,ERR,50.0,60.0,100,0.0,0.0,0.0,0.0,0.0,0.0,0.0,0.0,0.0,0.0,0.0,0.0,0.0,0.0,0.0,0.0,61.6,73,14,65512,50,65476,0,300,0,0,8,20529,65476,0,0,26214,60.0,0.0,0.0,0.0,0.0,0.0
2026-05-17T18:32:47,ERR,ERR,ERR,ERR,ERR,ERR,ERR,ERR,ERR,ERR,ERR,ERR,ERR,ERR,ERR,ERR,ERR,ERR,ERR,ERR,ERR,ERR,ERR,ERR,ERR,ERR,ERR,ERR,ERR,ERR,ERR,ERR,ERR,ERR,ERR,ERR,ERR,ERR,ERR,ERR,ERR,ERR,ERR,ERR,ERR,ERR,ERR,ERR,ERR,ERR,ERR,ERR,ERR,ERR,ERR,ERR,ERR,ERR,ERR,ERR,ERR,ERR,ERR,ERR,ERR,ERR,ERR,ERR,ERR,ERR,ERR,ERR,ERR,ERR,ERR,ERR,ERR,ERR,ERR,ERR,ERR,ERR,ERR,ERR,ERR,ERR,ERR,ERR,ERR,ERR,ERR,ERR,ERR,ERR,ERR,ERR,ERR,ERR,ERR,ERR,ERR,ERR,ERR,ERR,ERR,ERR,ERR,ERR,ERR,ERR,ERR,ERR,ERR,ERR,ERR,ERR,ERR,ERR,ERR,ERR,ERR,ERR,ERR,ERR,ERR,0.0,0.0,0.0,0.0,0.0,1.3936040501711995e+18,7.805,0.0,0,0,4,0,8422,0.0,45,0.0,0.0,0.0,0.0,0.0,0,0,0,0,0.0,0,0,0,0,0,0,0,0,0,0,0,0,0,0,0,0,0,0,0,0,0,0,0,0,0,0,0,0,0,0,0,0,0,38,14,7,45,65476,0,300,0,0,8,21553,0.0,-107605600.0,0.0,0.0,0.0,0.0,0.0,0.0,0.0,0.0,0.0,0.0,0.0,0.0,0.0,0.0,0.0,0.0,0.0,0.0,0.0,0.0,0.0,2.004,-0.0,0.0,0.0,0.0,0.0,0.0,5013.0,2.422987904532282e+24,0.0,0.0,0.0,-107615280.0,2.718429300292151e+23,0.0,0.0,0.0,0.0,53,-0.0,0.0,0.0,0.0,0.0,0.0,0.0,0.0,0.0,0,0,0,0.0,0.0,0.0,0.0,0.0,0.0,0.0,0.0,0.0,0.0,0.0,0.0,0.0,0.0,0.0,0.0,0,-107875648.0,53,0.0,106,-107614832.0,0.0,ERR,ERR,ERR,ERR,ERR,ERR,ERR,ERR,ERR,ERR,ERR,ERR,ERR,ERR,ERR,ERR,ERR,ERR,ERR,ERR,ERR,ERR,ERR,ERR,ERR,ERR,ERR,ERR,ERR,ERR,ERR,ERR,ERR,ERR,ERR,ERR,ERR,ERR,ERR,ERR,ERR,ERR,ERR,ERR,ERR,ERR,ERR,ERR,ERR,ERR,ERR,ERR,ERR,ERR,ERR,ERR,ERR,ERR,ERR,ERR,ERR,ERR,ERR,ERR,ERR,ERR,ERR,50.0,60.0,100,0.0,0.0,0.0,0.0,0.0,0.0,0.0,0.0,0.0,0.0,0.0,0.0,0.0,0.0,0.0,0.0,61.6,73,14,65512,50,65476,0,300,0,0,8,20529,65476,0,0,26214,60.0,0.0,0.0,0.0,0.0,0.0
2026-05-17T18:32:48,ERR,ERR,ERR,ERR,ERR,ERR,ERR,ERR,ERR,ERR,ERR,ERR,ERR,ERR,ERR,ERR,ERR,ERR,ERR,ERR,ERR,ERR,ERR,ERR,ERR,ERR,ERR,ERR,ERR,ERR,ERR,ERR,ERR,ERR,ERR,ERR,ERR,ERR,ERR,ERR,ERR,ERR,ERR,ERR,ERR,ERR,ERR,ERR,ERR,ERR,ERR,ERR,ERR,ERR,ERR,ERR,ERR,ERR,ERR,ERR,ERR,ERR,ERR,ERR,ERR,ERR,ERR,ERR,ERR,ERR,ERR,ERR,ERR,ERR,ERR,ERR,ERR,ERR,ERR,ERR,ERR,ERR,ERR,ERR,ERR,ERR,ERR,ERR,ERR,ERR,ERR,ERR,ERR,ERR,ERR,ERR,ERR,ERR,ERR,ERR,ERR,ERR,ERR,ERR,ERR,ERR,ERR,ERR,ERR,ERR,ERR,ERR,ERR,ERR,ERR,ERR,ERR,ERR,ERR,ERR,ERR,ERR,ERR,ERR,ERR,0.0,0.0,0.0,0.0,0.0,1.3936040501711995e+18,7.805,0.0,0,0,4,0,8422,0.0,45,0.0,0.0,0.0,0.0,0.0,0,0,0,0,0.0,0,0,0,0,0,0,0,0,0,0,0,0,0,0,0,0,0,0,0,0,0,0,0,0,0,0,0,0,0,0,0,0,0,38,14,7,45,65476,0,300,0,0,8,21553,0.0,-107605600.0,0.0,0.0,0.0,0.0,0.0,0.0,0.0,0.0,0.0,0.0,0.0,0.0,0.0,0.0,0.0,0.0,0.0,0.0,0.0,0.0,0.0,2.004,-0.0,0.0,0.0,0.0,0.0,0.0,5013.0,2.422987904532282e+24,0.0,0.0,0.0,-107615280.0,2.718429300292151e+23,0.0,0.0,0.0,0.0,53,-0.0,0.0,0.0,0.0,0.0,0.0,0.0,0.0,0.0,0,0,0,0.0,0.0,0.0,0.0,0.0,0.0,0.0,0.0,0.0,0.0,0.0,0.0,0.0,0.0,0.0,0.0,0,-107875648.0,53,0.0,106,-107614832.0,0.0,ERR,ERR,ERR,ERR,ERR,ERR,ERR,ERR,ERR,ERR,ERR,ERR,ERR,ERR,ERR,ERR,ERR,ERR,ERR,ERR,ERR,ERR,ERR,ERR,ERR,ERR,ERR,ERR,ERR,ERR,ERR,ERR,ERR,ERR,ERR,ERR,ERR,ERR,ERR,ERR,ERR,ERR,ERR,ERR,ERR,ERR,ERR,ERR,ERR,ERR,ERR,ERR,ERR,ERR,ERR,ERR,ERR,ERR,ERR,ERR,ERR,ERR,ERR,ERR,ERR,ERR,ERR,50.0,60.0,100,0.0,0.0,0.0,0.0,0.0,0.0,0.0,0.0,0.0,0.0,0.0,0.0,0.0,0.0,0.0,0.0,62.0,73,14,65512,50,65476,0,300,0,0,8,20529,65476,0,0,26214,60.0,0.0,0.0,0.0,0.0,0.0
2026-05-17T18:32:49,ERR,ERR,ERR,ERR,ERR,ERR,ERR,ERR,ERR,ERR,ERR,ERR,ERR,ERR,ERR,ERR,ERR,ERR,ERR,ERR,ERR,ERR,ERR,ERR,ERR,ERR,ERR,ERR,ERR,ERR,ERR,ERR,ERR,ERR,ERR,ERR,ERR,ERR,ERR,ERR,ERR,ERR,ERR,ERR,ERR,ERR,ERR,ERR,ERR,ERR,ERR,ERR,ERR,ERR,ERR,ERR,ERR,ERR,ERR,ERR,ERR,ERR,ERR,ERR,ERR,ERR,ERR,ERR,ERR,ERR,ERR,ERR,ERR,ERR,ERR,ERR,ERR,ERR,ERR,ERR,ERR,ERR,ERR,ERR,ERR,ERR,ERR,ERR,ERR,ERR,ERR,ERR,ERR,ERR,ERR,ERR,ERR,ERR,ERR,ERR,ERR,ERR,ERR,ERR,ERR,ERR,ERR,ERR,ERR,ERR,ERR,ERR,ERR,ERR,ERR,ERR,ERR,ERR,ERR,ERR,ERR,ERR,ERR,ERR,ERR,0.0,0.0,0.0,0.0,0.0,1.3936040501711995e+18,7.805,0.0,0,0,4,0,8422,0.0,45,0.0,0.0,0.0,0.0,0.0,0,0,0,0,0.0,0,0,0,0,0,0,0,0,0,0,0,0,0,0,0,0,0,0,0,0,0,0,0,0,0,0,0,0,0,0,0,0,0,38,14,7,45,65476,0,300,0,0,8,21553,0.0,-107605600.0,0.0,0.0,0.0,0.0,0.0,0.0,0.0,0.0,0.0,0.0,0.0,0.0,0.0,0.0,0.0,0.0,0.0,0.0,0.0,0.0,0.0,2.004,-0.0,0.0,0.0,0.0,0.0,0.0,5013.0,2.422987904532282e+24,0.0,0.0,0.0,-107615280.0,2.718429300292151e+23,0.0,0.0,0.0,0.0,53,-0.0,0.0,0.0,0.0,0.0,0.0,0.0,0.0,0.0,0,0,0,0.0,0.0,0.0,0.0,0.0,0.0,0.0,0.0,0.0,0.0,0.0,0.0,0.0,0.0,0.0,0.0,0,-107875648.0,53,0.0,106,-107614832.0,0.0,ERR,ERR,ERR,ERR,ERR,ERR,ERR,ERR,ERR,ERR,ERR,ERR,ERR,ERR,ERR,ERR,ERR,ERR,ERR,ERR,ERR,ERR,ERR,ERR,ERR,ERR,ERR,ERR,ERR,ERR,ERR,ERR,ERR,ERR,ERR,ERR,ERR,ERR,ERR,ERR,ERR,ERR,ERR,ERR,ERR,ERR,ERR,ERR,ERR,ERR,ERR,ERR,ERR,ERR,ERR,ERR,ERR,ERR,ERR,ERR,ERR,ERR,ERR,ERR,ERR,ERR,ERR,50.0,60.0,100,0.0,0.0,0.0,0.0,0.0,0.0,0.0,0.0,0.0,0.0,0.0,0.0,0.0,0.0,0.0,0.0,61.6,73,14,65512,50,65476,0,300,0,0,8,20529,65476,0,0,26214,60.0,0.0,0.0,0.0,0.0,0.0
2026-05-17T18:32:50,ERR,ERR,ERR,ERR,ERR,ERR,ERR,ERR,ERR,ERR,ERR,ERR,ERR,ERR,ERR,ERR,ERR,ERR,ERR,ERR,ERR,ERR,ERR,ERR,ERR,ERR,ERR,ERR,ERR,ERR,ERR,ERR,ERR,ERR,ERR,ERR,ERR,ERR,ERR,ERR,ERR,ERR,ERR,ERR,ERR,ERR,ERR,ERR,ERR,ERR,ERR,ERR,ERR,ERR,ERR,ERR,ERR,ERR,ERR,ERR,ERR,ERR,ERR,ERR,ERR,ERR,ERR,ERR,ERR,ERR,ERR,ERR,ERR,ERR,ERR,ERR,ERR,ERR,ERR,ERR,ERR,ERR,ERR,ERR,ERR,ERR,ERR,ERR,ERR,ERR,ERR,ERR,ERR,ERR,ERR,ERR,ERR,ERR,ERR,ERR,ERR,ERR,ERR,ERR,ERR,ERR,ERR,ERR,ERR,ERR,ERR,ERR,ERR,ERR,ERR,ERR,ERR,ERR,ERR,ERR,ERR,ERR,ERR,ERR,ERR,0.0,0.0,0.0,0.0,0.0,1.3936040501711995e+18,7.805,0.0,0,0,4,0,8422,0.0,45,0.0,0.0,0.0,0.0,0.0,0,0,0,0,0.0,0,0,0,0,0,0,0,0,0,0,0,0,0,0,0,0,0,0,0,0,0,0,0,0,0,0,0,0,0,0,0,0,0,38,14,7,45,65476,0,300,0,0,8,21553,0.0,-107605600.0,0.0,0.0,0.0,0.0,0.0,0.0,0.0,0.0,0.0,0.0,0.0,0.0,0.0,0.0,0.0,0.0,0.0,0.0,0.0,0.0,0.0,2.004,-0.0,0.0,0.0,0.0,0.0,0.0,5013.0,2.422987904532282e+24,0.0,0.0,0.0,-107615280.0,2.718429300292151e+23,0.0,0.0,0.0,0.0,53,-0.0,0.0,0.0,0.0,0.0,0.0,0.0,0.0,0.0,0,0,0,0.0,0.0,0.0,0.0,0.0,0.0,0.0,0.0,0.0,0.0,0.0,0.0,0.0,0.0,0.0,0.0,0,-107875648.0,53,0.0,106,-107614832.0,0.0,ERR,ERR,ERR,ERR,ERR,ERR,ERR,ERR,ERR,ERR,ERR,ERR,ERR,ERR,ERR,ERR,ERR,ERR,ERR,ERR,ERR,ERR,ERR,ERR,ERR,ERR,ERR,ERR,ERR,ERR,ERR,ERR,ERR,ERR,ERR,ERR,ERR,ERR,ERR,ERR,ERR,ERR,ERR,ERR,ERR,ERR,ERR,ERR,ERR,ERR,ERR,ERR,ERR,ERR,ERR,ERR,ERR,ERR,ERR,ERR,ERR,ERR,ERR,ERR,ERR,ERR,ERR,50.0,60.0,100,0.0,0.0,0.0,0.0,0.0,0.0,0.0,0.0,0.0,0.0,0.0,0.0,0.0,0.0,0.0,0.0,61.6,73,14,65512,50,65476,0,300,0,0,8,20529,65476,0,0,26214,60.0,0.0,0.0,0.0,0.0,0.0
2026-05-17T18:32:51,ERR,ERR,ERR,ERR,ERR,ERR,ERR,ERR,ERR,ERR,ERR,ERR,ERR,ERR,ERR,ERR,ERR,ERR,ERR,ERR,ERR,ERR,ERR,ERR,ERR,ERR,ERR,ERR,ERR,ERR,ERR,ERR,ERR,ERR,ERR,ERR,ERR,ERR,ERR,ERR,ERR,ERR,ERR,ERR,ERR,ERR,ERR,ERR,ERR,ERR,ERR,ERR,ERR,ERR,ERR,ERR,ERR,ERR,ERR,ERR,ERR,ERR,ERR,ERR,ERR,ERR,ERR,ERR,ERR,ERR,ERR,ERR,ERR,ERR,ERR,ERR,ERR,ERR,ERR,ERR,ERR,ERR,ERR,ERR,ERR,ERR,ERR,ERR,ERR,ERR,ERR,ERR,ERR,ERR,ERR,ERR,ERR,ERR,ERR,ERR,ERR,ERR,ERR,ERR,ERR,ERR,ERR,ERR,ERR,ERR,ERR,ERR,ERR,ERR,ERR,ERR,ERR,ERR,ERR,ERR,ERR,ERR,ERR,ERR,ERR,0.0,0.0,0.0,0.0,0.0,1.3936040501711995e+18,7.805,0.0,0,0,4,0,8422,0.0,45,0.0,0.0,0.0,0.0,0.0,0,0,0,0,0.0,0,0,0,0,0,0,0,0,0,0,0,0,0,0,0,0,0,0,0,0,0,0,0,0,0,0,0,0,0,0,0,0,0,38,14,7,45,65476,0,300,0,0,8,21553,0.0,-107605600.0,0.0,0.0,0.0,0.0,0.0,0.0,0.0,0.0,0.0,0.0,0.0,0.0,0.0,0.0,0.0,0.0,0.0,0.0,0.0,0.0,0.0,2.004,-0.0,0.0,0.0,0.0,0.0,0.0,5013.0,2.422987904532282e+24,0.0,0.0,0.0,-107615280.0,2.718429300292151e+23,0.0,0.0,0.0,0.0,53,-0.0,0.0,0.0,0.0,0.0,0.0,0.0,0.0,0.0,0,0,0,0.0,0.0,0.0,0.0,0.0,0.0,0.0,0.0,0.0,0.0,0.0,0.0,0.0,0.0,0.0,0.0,0,-107875648.0,53,0.0,106,-107614832.0,0.0,ERR,ERR,ERR,ERR,ERR,ERR,ERR,ERR,ERR,ERR,ERR,ERR,ERR,ERR,ERR,ERR,ERR,ERR,ERR,ERR,ERR,ERR,ERR,ERR,ERR,ERR,ERR,ERR,ERR,ERR,ERR,ERR,ERR,ERR,ERR,ERR,ERR,ERR,ERR,ERR,ERR,ERR,ERR,ERR,ERR,ERR,ERR,ERR,ERR,ERR,ERR,ERR,ERR,ERR,ERR,ERR,ERR,ERR,ERR,ERR,ERR,ERR,ERR,ERR,ERR,ERR,ERR,50.0,60.0,100,0.0,0.0,0.0,0.0,0.0,0.0,0.0,0.0,0.0,0.0,0.0,0.0,0.0,0.0,0.0,0.0,61.6,73,14,65512,50,65476,0,300,0,0,8,20529,65476,0,0,26214,60.0,0.0,0.0,0.0,0.0,0.0
2026-05-17T18:32:52,ERR,ERR,ERR,ERR,ERR,ERR,ERR,ERR,ERR,ERR,ERR,ERR,ERR,ERR,ERR,ERR,ERR,ERR,ERR,ERR,ERR,ERR,ERR,ERR,ERR,ERR,ERR,ERR,ERR,ERR,ERR,ERR,ERR,ERR,ERR,ERR,ERR,ERR,ERR,ERR,ERR,ERR,ERR,ERR,ERR,ERR,ERR,ERR,ERR,ERR,ERR,ERR,ERR,ERR,ERR,ERR,ERR,ERR,ERR,ERR,ERR,ERR,ERR,ERR,ERR,ERR,ERR,ERR,ERR,ERR,ERR,ERR,ERR,ERR,ERR,ERR,ERR,ERR,ERR,ERR,ERR,ERR,ERR,ERR,ERR,ERR,ERR,ERR,ERR,ERR,ERR,ERR,ERR,ERR,ERR,ERR,ERR,ERR,ERR,ERR,ERR,ERR,ERR,ERR,ERR,ERR,ERR,ERR,ERR,ERR,ERR,ERR,ERR,ERR,ERR,ERR,ERR,ERR,ERR,ERR,ERR,ERR,ERR,ERR,ERR,0.0,0.0,0.0,0.0,0.0,1.3936040501711995e+18,7.805,0.0,0,0,4,0,8422,0.0,45,0.0,0.0,0.0,0.0,0.0,0,0,0,0,0.0,0,0,0,0,0,0,0,0,0,0,0,0,0,0,0,0,0,0,0,0,0,0,0,0,0,0,0,0,0,0,0,0,0,38,14,7,45,65476,0,300,0,0,8,21553,0.0,-107605600.0,0.0,0.0,0.0,0.0,0.0,0.0,0.0,0.0,0.0,0.0,0.0,0.0,0.0,0.0,0.0,0.0,0.0,0.0,0.0,0.0,0.0,2.004,-0.0,0.0,0.0,0.0,0.0,0.0,5015.0,0.0,0.0,0.0,0.0,-107615280.0,2.718429300292151e+23,0.0,0.0,0.0,0.0,53,-0.0,-152017263656960.0,0.0,0.0,0.0,0.0,0.0,0.0,0.0,0,0,0,0.0,0.0,0.0,0.0,0.0,0.0,0.0,0.0,0.0,0.0,0.0,0.0,0.0,0.0,0.0,0.0,0,-107875648.0,53,0.0,106,-107614832.0,0.0,ERR,ERR,ERR,ERR,ERR,ERR,ERR,ERR,ERR,ERR,ERR,ERR,ERR,ERR,ERR,ERR,ERR,ERR,ERR,ERR,ERR,ERR,ERR,ERR,ERR,ERR,ERR,ERR,ERR,ERR,ERR,ERR,ERR,ERR,ERR,ERR,ERR,ERR,ERR,ERR,ERR,ERR,ERR,ERR,ERR,ERR,ERR,ERR,ERR,ERR,ERR,ERR,ERR,ERR,ERR,ERR,ERR,ERR,ERR,ERR,ERR,ERR,ERR,ERR,ERR,ERR,ERR,50.0,60.0,100,0.0,0.0,0.0,0.0,0.0,0.0,0.0,0.0,0.0,0.0,0.0,0.0,0.0,0.0,0.0,0.0,61.6,73,14,65512,50,65476,0,300,0,0,8,20529,65476,0,0,26214,60.0,0.0,0.0,0.0,0.0,0.0
2026-05-17T18:32:53,ERR,ERR,ERR,ERR,ERR,ERR,ERR,ERR,ERR,ERR,ERR,ERR,ERR,ERR,ERR,ERR,ERR,ERR,ERR,ERR,ERR,ERR,ERR,ERR,ERR,ERR,ERR,ERR,ERR,ERR,ERR,ERR,ERR,ERR,ERR,ERR,ERR,ERR,ERR,ERR,ERR,ERR,ERR,ERR,ERR,ERR,ERR,ERR,ERR,ERR,ERR,ERR,ERR,ERR,ERR,ERR,ERR,ERR,ERR,ERR,ERR,ERR,ERR,ERR,ERR,ERR,ERR,ERR,ERR,ERR,ERR,ERR,ERR,ERR,ERR,ERR,ERR,ERR,ERR,ERR,ERR,ERR,ERR,ERR,ERR,ERR,ERR,ERR,ERR,ERR,ERR,ERR,ERR,ERR,ERR,ERR,ERR,ERR,ERR,ERR,ERR,ERR,ERR,ERR,ERR,ERR,ERR,ERR,ERR,ERR,ERR,ERR,ERR,ERR,ERR,ERR,ERR,ERR,ERR,ERR,ERR,ERR,ERR,ERR,ERR,0.0,0.0,0.0,0.0,0.0,1.3936040501711995e+18,7.805,0.0,0,0,4,0,8422,0.0,45,0.0,0.0,0.0,0.0,0.0,0,0,0,0,0.0,0,0,0,0,0,0,0,0,0,0,0,0,0,0,0,0,0,0,0,0,0,0,0,0,0,0,0,0,0,0,0,0,0,38,14,7,45,65476,0,300,0,0,8,21553,0.0,-107605600.0,0.0,0.0,0.0,0.0,0.0,0.0,0.0,0.0,0.0,0.0,0.0,0.0,0.0,0.0,0.0,0.0,0.0,0.0,0.0,0.0,0.0,2.004,-0.0,0.0,0.0,0.0,0.0,0.0,5015.0,0.0,0.0,0.0,0.0,-107615280.0,2.718429300292151e+23,0.0,0.0,0.0,0.0,53,-0.0,-152017263656960.0,0.0,0.0,0.0,0.0,0.0,0.0,0.0,0,0,0,0.0,0.0,0.0,0.0,0.0,0.0,0.0,0.0,0.0,0.0,0.0,0.0,0.0,0.0,0.0,0.0,0,-107875648.0,53,0.0,106,-107614832.0,0.0,ERR,ERR,ERR,ERR,ERR,ERR,ERR,ERR,ERR,ERR,ERR,ERR,ERR,ERR,ERR,ERR,ERR,ERR,ERR,ERR,ERR,ERR,ERR,ERR,ERR,ERR,ERR,ERR,ERR,ERR,ERR,ERR,ERR,ERR,ERR,ERR,ERR,ERR,ERR,ERR,ERR,ERR,ERR,ERR,ERR,ERR,ERR,ERR,ERR,ERR,ERR,ERR,ERR,ERR,ERR,ERR,ERR,ERR,ERR,ERR,ERR,ERR,ERR,ERR,ERR,ERR,ERR,50.0,60.0,100,0.0,0.0,0.0,0.0,0.0,0.0,0.0,0.0,0.0,0.0,0.0,0.0,0.0,0.0,0.0,0.0,62.0,73,14,65512,50,65476,0,300,0,0,8,20529,65476,0,0,26214,60.0,0.0,0.0,0.0,0.0,0.0
2026-05-17T18:32:54,ERR,ERR,ERR,ERR,ERR,ERR,ERR,ERR,ERR,ERR,ERR,ERR,ERR,ERR,ERR,ERR,ERR,ERR,ERR,ERR,ERR,ERR,ERR,ERR,ERR,ERR,ERR,ERR,ERR,ERR,ERR,ERR,ERR,ERR,ERR,ERR,ERR,ERR,ERR,ERR,ERR,ERR,ERR,ERR,ERR,ERR,ERR,ERR,ERR,ERR,ERR,ERR,ERR,ERR,ERR,ERR,ERR,ERR,ERR,ERR,ERR,ERR,ERR,ERR,ERR,ERR,ERR,ERR,ERR,ERR,ERR,ERR,ERR,ERR,ERR,ERR,ERR,ERR,ERR,ERR,ERR,ERR,ERR,ERR,ERR,ERR,ERR,ERR,ERR,ERR,ERR,ERR,ERR,ERR,ERR,ERR,ERR,ERR,ERR,ERR,ERR,ERR,ERR,ERR,ERR,ERR,ERR,ERR,ERR,ERR,ERR,ERR,ERR,ERR,ERR,ERR,ERR,ERR,ERR,ERR,ERR,ERR,ERR,ERR,ERR,0.0,0.0,0.0,0.0,0.0,1.3936040501711995e+18,7.805,0.0,0,0,4,0,8422,0.0,45,0.0,0.0,0.0,0.0,0.0,0,0,0,0,0.0,0,0,0,0,0,0,0,0,0,0,0,0,0,0,0,0,0,0,0,0,0,0,0,0,0,0,0,0,0,0,0,0,0,38,14,7,45,65476,0,300,0,0,8,21553,0.0,-107605600.0,0.0,0.0,0.0,0.0,0.0,0.0,0.0,0.0,0.0,0.0,0.0,0.0,0.0,0.0,0.0,0.0,0.0,0.0,0.0,0.0,0.0,2.004,-0.0,0.0,0.0,0.0,0.0,0.0,5015.0,0.0,0.0,0.0,0.0,-107615280.0,2.718429300292151e+23,0.0,0.0,0.0,0.0,53,-0.0,-152017263656960.0,0.0,0.0,0.0,0.0,0.0,0.0,0.0,0,0,0,0.0,0.0,0.0,0.0,0.0,0.0,0.0,0.0,0.0,0.0,0.0,0.0,0.0,0.0,0.0,0.0,0,-107875648.0,53,0.0,106,-107614832.0,0.0,ERR,ERR,ERR,ERR,ERR,ERR,ERR,ERR,ERR,ERR,ERR,ERR,ERR,ERR,ERR,ERR,ERR,ERR,ERR,ERR,ERR,ERR,ERR,ERR,ERR,ERR,ERR,ERR,ERR,ERR,ERR,ERR,ERR,ERR,ERR,ERR,ERR,ERR,ERR,ERR,ERR,ERR,ERR,ERR,ERR,ERR,ERR,ERR,ERR,ERR,ERR,ERR,ERR,ERR,ERR,ERR,ERR,ERR,ERR,ERR,ERR,ERR,ERR,ERR,ERR,ERR,ERR,50.0,60.0,100,0.0,0.0,0.0,0.0,0.0,0.0,0.0,0.0,0.0,0.0,0.0,0.0,0.0,0.0,0.0,0.0,62.0,73,14,65512,50,65476,0,300,0,0,8,20529,65476,0,0,26214,60.0,0.0,0.0,0.0,0.0,0.0
2026-05-17T18:32:55,ERR,ERR,ERR,ERR,ERR,ERR,ERR,ERR,ERR,ERR,ERR,ERR,ERR,ERR,ERR,ERR,ERR,ERR,ERR,ERR,ERR,ERR,ERR,ERR,ERR,ERR,ERR,ERR,ERR,ERR,ERR,ERR,ERR,ERR,ERR,ERR,ERR,ERR,ERR,ERR,ERR,ERR,ERR,ERR,ERR,ERR,ERR,ERR,ERR,ERR,ERR,ERR,ERR,ERR,ERR,ERR,ERR,ERR,ERR,ERR,ERR,ERR,ERR,ERR,ERR,ERR,ERR,ERR,ERR,ERR,ERR,ERR,ERR,ERR,ERR,ERR,ERR,ERR,ERR,ERR,ERR,ERR,ERR,ERR,ERR,ERR,ERR,ERR,ERR,ERR,ERR,ERR,ERR,ERR,ERR,ERR,ERR,ERR,ERR,ERR,ERR,ERR,ERR,ERR,ERR,ERR,ERR,ERR,ERR,ERR,ERR,ERR,ERR,ERR,ERR,ERR,ERR,ERR,ERR,ERR,ERR,ERR,ERR,ERR,ERR,0.0,0.0,0.0,0.0,0.0,1.3936040501711995e+18,7.805,0.0,0,0,4,0,8422,0.0,45,0.0,0.0,0.0,0.0,0.0,0,0,0,0,0.0,0,0,0,0,0,0,0,0,0,0,0,0,0,0,0,0,0,0,0,0,0,0,0,0,0,0,0,0,0,0,0,0,0,38,14,7,45,65476,0,300,0,0,8,21553,0.0,-107605600.0,0.0,0.0,0.0,0.0,0.0,0.0,0.0,0.0,0.0,0.0,0.0,0.0,0.0,0.0,0.0,0.0,0.0,0.0,0.0,0.0,0.0,2.004,-0.0,0.0,0.0,0.0,0.0,0.0,5015.0,0.0,0.0,0.0,0.0,-107615280.0,2.718429300292151e+23,0.0,0.0,0.0,0.0,53,-0.0,-152017263656960.0,0.0,0.0,0.0,0.0,0.0,0.0,0.0,0,0,0,0.0,0.0,0.0,0.0,0.0,0.0,0.0,0.0,0.0,0.0,0.0,0.0,0.0,0.0,0.0,0.0,0,-107875648.0,53,0.0,106,-107614832.0,0.0,ERR,ERR,ERR,ERR,ERR,ERR,ERR,ERR,ERR,ERR,ERR,ERR,ERR,ERR,ERR,ERR,ERR,ERR,ERR,ERR,ERR,ERR,ERR,ERR,ERR,ERR,ERR,ERR,ERR,ERR,ERR,ERR,ERR,ERR,ERR,ERR,ERR,ERR,ERR,ERR,ERR,ERR,ERR,ERR,ERR,ERR,ERR,ERR,ERR,ERR,ERR,ERR,ERR,ERR,ERR,ERR,ERR,ERR,ERR,ERR,ERR,ERR,ERR,ERR,ERR,ERR,ERR,50.0,60.0,100,0.0,0.0,0.0,0.0,0.0,0.0,0.0,0.0,0.0,0.0,0.0,0.0,0.0,0.0,0.0,0.0,61.6,73,14,65512,50,65476,0,300,0,0,8,20529,65476,0,0,26214,60.0,0.0,0.0,0.0,0.0,0.0
2026-05-17T18:32:56,ERR,ERR,ERR,ERR,ERR,ERR,ERR,ERR,ERR,ERR,ERR,ERR,ERR,ERR,ERR,ERR,ERR,ERR,ERR,ERR,ERR,ERR,ERR,ERR,ERR,ERR,ERR,ERR,ERR,ERR,ERR,ERR,ERR,ERR,ERR,ERR,ERR,ERR,ERR,ERR,ERR,ERR,ERR,ERR,ERR,ERR,ERR,ERR,ERR,ERR,ERR,ERR,ERR,ERR,ERR,ERR,ERR,ERR,ERR,ERR,ERR,ERR,ERR,ERR,ERR,ERR,ERR,ERR,ERR,ERR,ERR,ERR,ERR,ERR,ERR,ERR,ERR,ERR,ERR,ERR,ERR,ERR,ERR,ERR,ERR,ERR,ERR,ERR,ERR,ERR,ERR,ERR,ERR,ERR,ERR,ERR,ERR,ERR,ERR,ERR,ERR,ERR,ERR,ERR,ERR,ERR,ERR,ERR,ERR,ERR,ERR,ERR,ERR,ERR,ERR,ERR,ERR,ERR,ERR,ERR,ERR,ERR,ERR,ERR,ERR,0.0,0.0,0.0,0.0,0.0,1.3936040501711995e+18,7.805,0.0,0,0,4,0,8422,0.0,45,0.0,0.0,0.0,0.0,0.0,0,0,0,0,0.0,0,0,0,0,0,0,0,0,0,0,0,0,0,0,0,0,0,0,0,0,0,0,0,0,0,0,0,0,0,0,0,0,0,38,14,7,45,65476,0,300,0,0,8,21553,0.0,-107605600.0,0.0,0.0,0.0,0.0,0.0,0.0,0.0,0.0,0.0,0.0,0.0,0.0,0.0,0.0,0.0,0.0,0.0,0.0,0.0,0.0,0.0,2.004,-0.0,0.0,0.0,0.0,0.0,0.0,5015.0,0.0,0.0,0.0,0.0,-107615280.0,2.718429300292151e+23,0.0,0.0,0.0,0.0,53,-0.0,-152017263656960.0,0.0,0.0,0.0,0.0,0.0,0.0,0.0,0,0,0,0.0,0.0,0.0,0.0,0.0,0.0,0.0,0.0,0.0,0.0,0.0,0.0,0.0,0.0,0.0,0.0,0,-107875648.0,53,0.0,106,-107614832.0,0.0,ERR,ERR,ERR,ERR,ERR,ERR,ERR,ERR,ERR,ERR,ERR,ERR,ERR,ERR,ERR,ERR,ERR,ERR,ERR,ERR,ERR,ERR,ERR,ERR,ERR,ERR,ERR,ERR,ERR,ERR,ERR,ERR,ERR,ERR,ERR,ERR,ERR,ERR,ERR,ERR,ERR,ERR,ERR,ERR,ERR,ERR,ERR,ERR,ERR,ERR,ERR,ERR,ERR,ERR,ERR,ERR,ERR,ERR,ERR,ERR,ERR,ERR,ERR,ERR,ERR,ERR,ERR,50.0,60.0,100,0.0,0.0,0.0,0.0,0.0,0.0,0.0,0.0,0.0,0.0,0.0,0.0,0.0,0.0,0.0,0.0,61.6,73,14,65512,50,65476,0,300,0,0,8,20529,65476,0,0,26214,60.0,0.0,0.0,0.0,0.0,0.0
2026-05-17T18:32:57,ERR,ERR,ERR,ERR,ERR,ERR,ERR,ERR,ERR,ERR,ERR,ERR,ERR,ERR,ERR,ERR,ERR,ERR,ERR,ERR,ERR,ERR,ERR,ERR,ERR,ERR,ERR,ERR,ERR,ERR,ERR,ERR,ERR,ERR,ERR,ERR,ERR,ERR,ERR,ERR,ERR,ERR,ERR,ERR,ERR,ERR,ERR,ERR,ERR,ERR,ERR,ERR,ERR,ERR,ERR,ERR,ERR,ERR,ERR,ERR,ERR,ERR,ERR,ERR,ERR,ERR,ERR,ERR,ERR,ERR,ERR,ERR,ERR,ERR,ERR,ERR,ERR,ERR,ERR,ERR,ERR,ERR,ERR,ERR,ERR,ERR,ERR,ERR,ERR,ERR,ERR,ERR,ERR,ERR,ERR,ERR,ERR,ERR,ERR,ERR,ERR,ERR,ERR,ERR,ERR,ERR,ERR,ERR,ERR,ERR,ERR,ERR,ERR,ERR,ERR,ERR,ERR,ERR,ERR,ERR,ERR,ERR,ERR,ERR,ERR,0.0,0.0,0.0,0.0,0.0,1.3936040501711995e+18,7.805,0.0,0,0,4,0,8422,0.0,45,0.0,0.0,0.0,0.0,0.0,0,0,0,0,0.0,0,0,0,0,0,0,0,0,0,0,0,0,0,0,0,0,0,0,0,0,0,0,0,0,0,0,0,0,0,0,0,0,0,38,14,7,45,65476,0,300,0,0,8,21553,0.0,-107605600.0,0.0,0.0,0.0,0.0,0.0,0.0,0.0,0.0,0.0,0.0,0.0,0.0,0.0,0.0,0.0,0.0,0.0,0.0,0.0,0.0,0.0,2.004,-0.0,0.0,0.0,0.0,0.0,0.0,5019.0,-0.0,0.0,0.0,0.0,-107615280.0,2.718429300292151e+23,0.0,0.0,0.0,0.0,53,-0.0,4.066853658014554e+29,0.0,0.0,0.0,0.0,0.0,0.0,0.0,0,0,0,0.0,0.0,0.0,0.0,0.0,0.0,0.0,0.0,0.0,0.0,0.0,0.0,0.0,0.0,0.0,0.0,0,-107875648.0,53,0.0,106,-107614832.0,0.0,ERR,ERR,ERR,ERR,ERR,ERR,ERR,ERR,ERR,ERR,ERR,ERR,ERR,ERR,ERR,ERR,ERR,ERR,ERR,ERR,ERR,ERR,ERR,ERR,ERR,ERR,ERR,ERR,ERR,ERR,ERR,ERR,ERR,ERR,ERR,ERR,ERR,ERR,ERR,ERR,ERR,ERR,ERR,ERR,ERR,ERR,ERR,ERR,ERR,ERR,ERR,ERR,ERR,ERR,ERR,ERR,ERR,ERR,ERR,ERR,ERR,ERR,ERR,ERR,ERR,ERR,ERR,50.0,60.0,100,0.0,0.0,0.0,0.0,0.0,0.0,0.0,0.0,0.0,0.0,0.0,0.0,0.0,0.0,0.0,0.0,61.6,73,14,65512,50,65476,0,300,0,0,8,20529,65476,0,0,26214,60.0,0.0,0.0,0.0,0.0,0.0
2026-05-17T18:32:58,ERR,ERR,ERR,ERR,ERR,ERR,ERR,ERR,ERR,ERR,ERR,ERR,ERR,ERR,ERR,ERR,ERR,ERR,ERR,ERR,ERR,ERR,ERR,ERR,ERR,ERR,ERR,ERR,ERR,ERR,ERR,ERR,ERR,ERR,ERR,ERR,ERR,ERR,ERR,ERR,ERR,ERR,ERR,ERR,ERR,ERR,ERR,ERR,ERR,ERR,ERR,ERR,ERR,ERR,ERR,ERR,ERR,ERR,ERR,ERR,ERR,ERR,ERR,ERR,ERR,ERR,ERR,ERR,ERR,ERR,ERR,ERR,ERR,ERR,ERR,ERR,ERR,ERR,ERR,ERR,ERR,ERR,ERR,ERR,ERR,ERR,ERR,ERR,ERR,ERR,ERR,ERR,ERR,ERR,ERR,ERR,ERR,ERR,ERR,ERR,ERR,ERR,ERR,ERR,ERR,ERR,ERR,ERR,ERR,ERR,ERR,ERR,ERR,ERR,ERR,ERR,ERR,ERR,ERR,ERR,ERR,ERR,ERR,ERR,ERR,0.0,0.0,0.0,0.0,0.0,1.3936040501711995e+18,7.805,0.0,0,0,4,0,8422,0.0,45,0.0,0.0,0.0,0.0,0.0,0,0,0,0,0.0,0,0,0,0,0,0,0,0,0,0,0,0,0,0,0,0,0,0,0,0,0,0,0,0,0,0,0,0,0,0,0,0,0,38,14,7,45,65476,0,300,0,0,8,21553,0.0,-107605600.0,0.0,0.0,0.0,0.0,0.0,0.0,0.0,0.0,0.0,0.0,0.0,0.0,0.0,0.0,0.0,0.0,0.0,0.0,0.0,0.0,0.0,2.004,-0.0,0.0,0.0,0.0,0.0,0.0,5019.0,-0.0,0.0,0.0,0.0,-107615280.0,2.718429300292151e+23,0.0,0.0,0.0,0.0,53,-0.0,4.066853658014554e+29,0.0,0.0,0.0,0.0,0.0,0.0,0.0,0,0,0,0.0,0.0,0.0,0.0,0.0,0.0,0.0,0.0,0.0,0.0,0.0,0.0,0.0,0.0,0.0,0.0,0,-107875648.0,53,0.0,106,-107614832.0,0.0,ERR,ERR,ERR,ERR,ERR,ERR,ERR,ERR,ERR,ERR,ERR,ERR,ERR,ERR,ERR,ERR,ERR,ERR,ERR,ERR,ERR,ERR,ERR,ERR,ERR,ERR,ERR,ERR,ERR,ERR,ERR,ERR,ERR,ERR,ERR,ERR,ERR,ERR,ERR,ERR,ERR,ERR,ERR,ERR,ERR,ERR,ERR,ERR,ERR,ERR,ERR,ERR,ERR,ERR,ERR,ERR,ERR,ERR,ERR,ERR,ERR,ERR,ERR,ERR,ERR,ERR,ERR,50.0,60.0,100,0.0,0.0,0.0,0.0,0.0,0.0,0.0,0.0,0.0,0.0,0.0,0.0,0.0,0.0,0.0,0.0,61.6,73,14,65512,50,65476,0,300,0,0,8,20529,65476,0,0,26214,60.0,0.0,0.0,0.0,0.0,0.0
2026-05-17T18:32:59,ERR,ERR,ERR,ERR,ERR,ERR,ERR,ERR,ERR,ERR,ERR,ERR,ERR,ERR,ERR,ERR,ERR,ERR,ERR,ERR,ERR,ERR,ERR,ERR,ERR,ERR,ERR,ERR,ERR,ERR,ERR,ERR,ERR,ERR,ERR,ERR,ERR,ERR,ERR,ERR,ERR,ERR,ERR,ERR,ERR,ERR,ERR,ERR,ERR,ERR,ERR,ERR,ERR,ERR,ERR,ERR,ERR,ERR,ERR,ERR,ERR,ERR,ERR,ERR,ERR,ERR,ERR,ERR,ERR,ERR,ERR,ERR,ERR,ERR,ERR,ERR,ERR,ERR,ERR,ERR,ERR,ERR,ERR,ERR,ERR,ERR,ERR,ERR,ERR,ERR,ERR,ERR,ERR,ERR,ERR,ERR,ERR,ERR,ERR,ERR,ERR,ERR,ERR,ERR,ERR,ERR,ERR,ERR,ERR,ERR,ERR,ERR,ERR,ERR,ERR,ERR,ERR,ERR,ERR,ERR,ERR,ERR,ERR,ERR,ERR,0.0,0.0,0.0,0.0,0.0,1.3936040501711995e+18,7.805,0.0,0,0,4,0,8422,0.0,45,0.0,0.0,0.0,0.0,0.0,0,0,0,0,0.0,0,0,0,0,0,0,0,0,0,0,0,0,0,0,0,0,0,0,0,0,0,0,0,0,0,0,0,0,0,0,0,0,0,38,14,7,45,65476,0,300,0,0,8,21553,0.0,-107605600.0,0.0,0.0,0.0,0.0,0.0,0.0,0.0,0.0,0.0,0.0,0.0,0.0,0.0,0.0,0.0,0.0,0.0,0.0,0.0,0.0,0.0,2.004,-0.0,0.0,0.0,0.0,0.0,0.0,5019.0,-0.0,0.0,0.0,0.0,-107615280.0,2.718429300292151e+23,0.0,0.0,0.0,0.0,53,-0.0,4.066853658014554e+29,0.0,0.0,0.0,0.0,0.0,0.0,0.0,0,0,0,0.0,0.0,0.0,0.0,0.0,0.0,0.0,0.0,0.0,0.0,0.0,0.0,0.0,0.0,0.0,0.0,0,-107875648.0,53,0.0,106,-107614832.0,0.0,ERR,ERR,ERR,ERR,ERR,ERR,ERR,ERR,ERR,ERR,ERR,ERR,ERR,ERR,ERR,ERR,ERR,ERR,ERR,ERR,ERR,ERR,ERR,ERR,ERR,ERR,ERR,ERR,ERR,ERR,ERR,ERR,ERR,ERR,ERR,ERR,ERR,ERR,ERR,ERR,ERR,ERR,ERR,ERR,ERR,ERR,ERR,ERR,ERR,ERR,ERR,ERR,ERR,ERR,ERR,ERR,ERR,ERR,ERR,ERR,ERR,ERR,ERR,ERR,ERR,ERR,ERR,50.0,60.0,100,0.0,0.0,0.0,0.0,0.0,0.0,0.0,0.0,0.0,0.0,0.0,0.0,0.0,0.0,0.0,0.0,61.6,73,14,65512,50,65476,0,300,0,0,8,20529,65476,0,0,26214,60.0,0.0,0.0,0.0,0.0,0.0
2026-05-17T18:33:00,ERR,ERR,ERR,ERR,ERR,ERR,ERR,ERR,ERR,ERR,ERR,ERR,ERR,ERR,ERR,ERR,ERR,ERR,ERR,ERR,ERR,ERR,ERR,ERR,ERR,ERR,ERR,ERR,ERR,ERR,ERR,ERR,ERR,ERR,ERR,ERR,ERR,ERR,ERR,ERR,ERR,ERR,ERR,ERR,ERR,ERR,ERR,ERR,ERR,ERR,ERR,ERR,ERR,ERR,ERR,ERR,ERR,ERR,ERR,ERR,ERR,ERR,ERR,ERR,ERR,ERR,ERR,ERR,ERR,ERR,ERR,ERR,ERR,ERR,ERR,ERR,ERR,ERR,ERR,ERR,ERR,ERR,ERR,ERR,ERR,ERR,ERR,ERR,ERR,ERR,ERR,ERR,ERR,ERR,ERR,ERR,ERR,ERR,ERR,ERR,ERR,ERR,ERR,ERR,ERR,ERR,ERR,ERR,ERR,ERR,ERR,ERR,ERR,ERR,ERR,ERR,ERR,ERR,ERR,ERR,ERR,ERR,ERR,ERR,ERR,0.0,0.0,0.0,0.0,0.0,1.3936040501711995e+18,7.805,0.0,0,0,4,0,8422,0.0,45,0.0,0.0,0.0,0.0,0.0,0,0,0,0,0.0,0,0,0,0,0,0,0,0,0,0,0,0,0,0,0,0,0,0,0,0,0,0,0,0,0,0,0,0,0,0,0,0,0,38,14,7,45,65476,0,300,0,0,8,21553,0.0,-107605600.0,0.0,0.0,0.0,0.0,0.0,0.0,0.0,0.0,0.0,0.0,0.0,0.0,0.0,0.0,0.0,0.0,0.0,0.0,0.0,0.0,0.0,2.004,-0.0,0.0,0.0,0.0,0.0,0.0,5019.0,-0.0,0.0,0.0,0.0,-107615280.0,2.718429300292151e+23,0.0,0.0,0.0,0.0,53,-0.0,4.066853658014554e+29,0.0,0.0,0.0,0.0,0.0,0.0,0.0,0,0,0,0.0,0.0,0.0,0.0,0.0,0.0,0.0,0.0,0.0,0.0,0.0,0.0,0.0,0.0,0.0,0.0,0,-107875648.0,53,0.0,106,-107614832.0,0.0,ERR,ERR,ERR,ERR,ERR,ERR,ERR,ERR,ERR,ERR,ERR,ERR,ERR,ERR,ERR,ERR,ERR,ERR,ERR,ERR,ERR,ERR,ERR,ERR,ERR,ERR,ERR,ERR,ERR,ERR,ERR,ERR,ERR,ERR,ERR,ERR,ERR,ERR,ERR,ERR,ERR,ERR,ERR,ERR,ERR,ERR,ERR,ERR,ERR,ERR,ERR,ERR,ERR,ERR,ERR,ERR,ERR,ERR,ERR,ERR,ERR,ERR,ERR,ERR,ERR,ERR,ERR,50.0,60.0,100,0.0,0.0,0.0,0.0,0.0,0.0,0.0,0.0,0.0,0.0,0.0,0.0,0.0,0.0,0.0,0.0,61.6,73,14,65512,50,65476,0,300,0,0,8,20529,65476,0,0,26214,60.0,0.0,0.0,0.0,0.0,0.0
2026-05-17T18:33:01,ERR,ERR,ERR,ERR,ERR,ERR,ERR,ERR,ERR,ERR,ERR,ERR,ERR,ERR,ERR,ERR,ERR,ERR,ERR,ERR,ERR,ERR,ERR,ERR,ERR,ERR,ERR,ERR,ERR,ERR,ERR,ERR,ERR,ERR,ERR,ERR,ERR,ERR,ERR,ERR,ERR,ERR,ERR,ERR,ERR,ERR,ERR,ERR,ERR,ERR,ERR,ERR,ERR,ERR,ERR,ERR,ERR,ERR,ERR,ERR,ERR,ERR,ERR,ERR,ERR,ERR,ERR,ERR,ERR,ERR,ERR,ERR,ERR,ERR,ERR,ERR,ERR,ERR,ERR,ERR,ERR,ERR,ERR,ERR,ERR,ERR,ERR,ERR,ERR,ERR,ERR,ERR,ERR,ERR,ERR,ERR,ERR,ERR,ERR,ERR,ERR,ERR,ERR,ERR,ERR,ERR,ERR,ERR,ERR,ERR,ERR,ERR,ERR,ERR,ERR,ERR,ERR,ERR,ERR,ERR,ERR,ERR,ERR,ERR,ERR,0.0,0.0,0.0,0.0,0.0,1.3936040501711995e+18,7.805,0.0,0,0,4,0,8422,0.0,45,0.0,0.0,0.0,0.0,0.0,0,0,0,0,0.0,0,0,0,0,0,0,0,0,0,0,0,0,0,0,0,0,0,0,0,0,0,0,0,0,0,0,0,0,0,0,0,0,0,38,14,7,45,65476,0,300,0,0,8,21553,0.0,-107605600.0,0.0,0.0,0.0,0.0,0.0,0.0,0.0,0.0,0.0,0.0,0.0,0.0,0.0,0.0,0.0,0.0,0.0,0.0,0.0,0.0,0.0,2.004,-0.0,0.0,0.0,0.0,0.0,0.0,5019.0,-0.0,0.0,0.0,0.0,-107615280.0,2.718429300292151e+23,0.0,0.0,0.0,0.0,53,-0.0,4.066853658014554e+29,0.0,0.0,0.0,0.0,0.0,0.0,0.0,0,0,0,0.0,0.0,0.0,0.0,0.0,0.0,0.0,0.0,0.0,0.0,0.0,0.0,0.0,0.0,0.0,0.0,0,-107875648.0,53,0.0,106,-107614832.0,0.0,ERR,ERR,ERR,ERR,ERR,ERR,ERR,ERR,ERR,ERR,ERR,ERR,ERR,ERR,ERR,ERR,ERR,ERR,ERR,ERR,ERR,ERR,ERR,ERR,ERR,ERR,ERR,ERR,ERR,ERR,ERR,ERR,ERR,ERR,ERR,ERR,ERR,ERR,ERR,ERR,ERR,ERR,ERR,ERR,ERR,ERR,ERR,ERR,ERR,ERR,ERR,ERR,ERR,ERR,ERR,ERR,ERR,ERR,ERR,ERR,ERR,ERR,ERR,ERR,ERR,ERR,ERR,50.0,60.0,100,0.0,0.0,0.0,0.0,0.0,0.0,0.0,0.0,0.0,0.0,0.0,0.0,0.0,0.0,0.0,0.0,61.6,73,14,65512,50,65476,0,300,0,0,8,20529,65476,0,0,26214,60.0,0.0,0.0,0.0,0.0,0.0
2026-05-17T18:33:02,ERR,ERR,ERR,ERR,ERR,ERR,ERR,ERR,ERR,ERR,ERR,ERR,ERR,ERR,ERR,ERR,ERR,ERR,ERR,ERR,ERR,ERR,ERR,ERR,ERR,ERR,ERR,ERR,ERR,ERR,ERR,ERR,ERR,ERR,ERR,ERR,ERR,ERR,ERR,ERR,ERR,ERR,ERR,ERR,ERR,ERR,ERR,ERR,ERR,ERR,ERR,ERR,ERR,ERR,ERR,ERR,ERR,ERR,ERR,ERR,ERR,ERR,ERR,ERR,ERR,ERR,ERR,ERR,ERR,ERR,ERR,ERR,ERR,ERR,ERR,ERR,ERR,ERR,ERR,ERR,ERR,ERR,ERR,ERR,ERR,ERR,ERR,ERR,ERR,ERR,ERR,ERR,ERR,ERR,ERR,ERR,ERR,ERR,ERR,ERR,ERR,ERR,ERR,ERR,ERR,ERR,ERR,ERR,ERR,ERR,ERR,ERR,ERR,ERR,ERR,ERR,ERR,ERR,ERR,ERR,ERR,ERR,ERR,ERR,ERR,0.0,0.0,0.0,0.0,0.0,1.3936040501711995e+18,7.805,0.0,0,0,4,0,8422,0.0,45,0.0,0.0,0.0,0.0,0.0,0,0,0,0,0.0,0,0,0,0,0,0,0,0,0,0,0,0,0,0,0,0,0,0,0,0,0,0,0,0,0,0,0,0,0,0,0,0,0,38,14,7,45,65476,0,300,0,0,8,21553,0.0,-107605600.0,0.0,0.0,0.0,0.0,0.0,0.0,0.0,0.0,0.0,0.0,0.0,0.0,0.0,0.0,0.0,0.0,0.0,0.0,0.0,0.0,0.0,2.004,-0.0,0.0,0.0,0.0,0.0,0.0,5015.0,-0.0,0.0,0.0,0.0,-107615280.0,2.718429300292151e+23,0.0,0.0,0.0,0.0,53,-0.0,126840537088.0,0.0,0.0,0.0,0.0,0.0,0.0,0.0,0,0,0,0.0,0.0,0.0,0.0,0.0,0.0,0.0,0.0,0.0,0.0,0.0,0.0,0.0,0.0,0.0,0.0,0,-107875648.0,53,0.0,106,-107614832.0,0.0,ERR,ERR,ERR,ERR,ERR,ERR,ERR,ERR,ERR,ERR,ERR,ERR,ERR,ERR,ERR,ERR,ERR,ERR,ERR,ERR,ERR,ERR,ERR,ERR,ERR,ERR,ERR,ERR,ERR,ERR,ERR,ERR,ERR,ERR,ERR,ERR,ERR,ERR,ERR,ERR,ERR,ERR,ERR,ERR,ERR,ERR,ERR,ERR,ERR,ERR,ERR,ERR,ERR,ERR,ERR,ERR,ERR,ERR,ERR,ERR,ERR,ERR,ERR,ERR,ERR,ERR,ERR,50.0,60.0,100,0.0,0.0,0.0,0.0,0.0,0.0,0.0,0.0,0.0,0.0,0.0,0.0,0.0,0.0,0.0,0.0,62.0,73,14,65512,50,65476,0,300,0,0,8,20529,65476,0,0,26214,60.0,0.0,0.0,0.0,0.0,0.0
2026-05-17T18:33:03,ERR,ERR,ERR,ERR,ERR,ERR,ERR,ERR,ERR,ERR,ERR,ERR,ERR,ERR,ERR,ERR,ERR,ERR,ERR,ERR,ERR,ERR,ERR,ERR,ERR,ERR,ERR,ERR,ERR,ERR,ERR,ERR,ERR,ERR,ERR,ERR,ERR,ERR,ERR,ERR,ERR,ERR,ERR,ERR,ERR,ERR,ERR,ERR,ERR,ERR,ERR,ERR,ERR,ERR,ERR,ERR,ERR,ERR,ERR,ERR,ERR,ERR,ERR,ERR,ERR,ERR,ERR,ERR,ERR,ERR,ERR,ERR,ERR,ERR,ERR,ERR,ERR,ERR,ERR,ERR,ERR,ERR,ERR,ERR,ERR,ERR,ERR,ERR,ERR,ERR,ERR,ERR,ERR,ERR,ERR,ERR,ERR,ERR,ERR,ERR,ERR,ERR,ERR,ERR,ERR,ERR,ERR,ERR,ERR,ERR,ERR,ERR,ERR,ERR,ERR,ERR,ERR,ERR,ERR,ERR,ERR,ERR,ERR,ERR,ERR,0.0,0.0,0.0,0.0,0.0,1.3936040501711995e+18,7.805,0.0,0,0,4,0,8422,0.0,45,0.0,0.0,0.0,0.0,0.0,0,0,0,0,0.0,0,0,0,0,0,0,0,0,0,0,0,0,0,0,0,0,0,0,0,0,0,0,0,0,0,0,0,0,0,0,0,0,0,38,14,7,45,65476,0,300,0,0,8,21553,0.0,-107605600.0,0.0,0.0,0.0,0.0,0.0,0.0,0.0,0.0,0.0,0.0,0.0,0.0,0.0,0.0,0.0,0.0,0.0,0.0,0.0,0.0,0.0,2.004,-0.0,0.0,0.0,0.0,0.0,0.0,5015.0,-0.0,0.0,0.0,0.0,-107615280.0,2.718429300292151e+23,0.0,0.0,0.0,0.0,53,-0.0,126840537088.0,0.0,0.0,0.0,0.0,0.0,0.0,0.0,0,0,0,0.0,0.0,0.0,0.0,0.0,0.0,0.0,0.0,0.0,0.0,0.0,0.0,0.0,0.0,0.0,0.0,0,-107875648.0,53,0.0,106,-107614832.0,0.0,ERR,ERR,ERR,ERR,ERR,ERR,ERR,ERR,ERR,ERR,ERR,ERR,ERR,ERR,ERR,ERR,ERR,ERR,ERR,ERR,ERR,ERR,ERR,ERR,ERR,ERR,ERR,ERR,ERR,ERR,ERR,ERR,ERR,ERR,ERR,ERR,ERR,ERR,ERR,ERR,ERR,ERR,ERR,ERR,ERR,ERR,ERR,ERR,ERR,ERR,ERR,ERR,ERR,ERR,ERR,ERR,ERR,ERR,ERR,ERR,ERR,ERR,ERR,ERR,ERR,ERR,ERR,50.0,60.0,100,0.0,0.0,0.0,0.0,0.0,0.0,0.0,0.0,0.0,0.0,0.0,0.0,0.0,0.0,0.0,0.0,61.6,73,14,65512,50,65476,0,300,0,0,8,20529,65476,0,0,26214,60.0,0.0,0.0,0.0,0.0,0.0
2026-05-17T18:33:04,ERR,ERR,ERR,ERR,ERR,ERR,ERR,ERR,ERR,ERR,ERR,ERR,ERR,ERR,ERR,ERR,ERR,ERR,ERR,ERR,ERR,ERR,ERR,ERR,ERR,ERR,ERR,ERR,ERR,ERR,ERR,ERR,ERR,ERR,ERR,ERR,ERR,ERR,ERR,ERR,ERR,ERR,ERR,ERR,ERR,ERR,ERR,ERR,ERR,ERR,ERR,ERR,ERR,ERR,ERR,ERR,ERR,ERR,ERR,ERR,ERR,ERR,ERR,ERR,ERR,ERR,ERR,ERR,ERR,ERR,ERR,ERR,ERR,ERR,ERR,ERR,ERR,ERR,ERR,ERR,ERR,ERR,ERR,ERR,ERR,ERR,ERR,ERR,ERR,ERR,ERR,ERR,ERR,ERR,ERR,ERR,ERR,ERR,ERR,ERR,ERR,ERR,ERR,ERR,ERR,ERR,ERR,ERR,ERR,ERR,ERR,ERR,ERR,ERR,ERR,ERR,ERR,ERR,ERR,ERR,ERR,ERR,ERR,ERR,ERR,0.0,0.0,0.0,0.0,0.0,1.3936040501711995e+18,7.805,0.0,0,0,4,0,8422,0.0,45,0.0,0.0,0.0,0.0,0.0,0,0,0,0,0.0,0,0,0,0,0,0,0,0,0,0,0,0,0,0,0,0,0,0,0,0,0,0,0,0,0,0,0,0,0,0,0,0,0,38,14,7,45,65476,0,300,0,0,8,21553,0.0,-107605600.0,0.0,0.0,0.0,0.0,0.0,0.0,0.0,0.0,0.0,0.0,0.0,0.0,0.0,0.0,0.0,0.0,0.0,0.0,0.0,0.0,0.0,2.004,-0.0,0.0,0.0,0.0,0.0,0.0,5015.0,-0.0,0.0,0.0,0.0,-107615280.0,2.718429300292151e+23,0.0,0.0,0.0,0.0,53,-0.0,126840537088.0,0.0,0.0,0.0,0.0,0.0,0.0,0.0,0,0,0,0.0,0.0,0.0,0.0,0.0,0.0,0.0,0.0,0.0,0.0,0.0,0.0,0.0,0.0,0.0,0.0,0,-107875648.0,53,0.0,106,-107614832.0,0.0,ERR,ERR,ERR,ERR,ERR,ERR,ERR,ERR,ERR,ERR,ERR,ERR,ERR,ERR,ERR,ERR,ERR,ERR,ERR,ERR,ERR,ERR,ERR,ERR,ERR,ERR,ERR,ERR,ERR,ERR,ERR,ERR,ERR,ERR,ERR,ERR,ERR,ERR,ERR,ERR,ERR,ERR,ERR,ERR,ERR,ERR,ERR,ERR,ERR,ERR,ERR,ERR,ERR,ERR,ERR,ERR,ERR,ERR,ERR,ERR,ERR,ERR,ERR,ERR,ERR,ERR,ERR,50.0,60.0,100,0.0,0.0,0.0,0.0,0.0,0.0,0.0,0.0,0.0,0.0,0.0,0.0,0.0,0.0,0.0,0.0,61.6,73,14,65512,50,65476,0,300,0,0,8,20529,65476,0,0,26214,60.0,0.0,0.0,0.0,0.0,0.0
2026-05-17T18:33:05,ERR,ERR,ERR,ERR,ERR,ERR,ERR,ERR,ERR,ERR,ERR,ERR,ERR,ERR,ERR,ERR,ERR,ERR,ERR,ERR,ERR,ERR,ERR,ERR,ERR,ERR,ERR,ERR,ERR,ERR,ERR,ERR,ERR,ERR,ERR,ERR,ERR,ERR,ERR,ERR,ERR,ERR,ERR,ERR,ERR,ERR,ERR,ERR,ERR,ERR,ERR,ERR,ERR,ERR,ERR,ERR,ERR,ERR,ERR,ERR,ERR,ERR,ERR,ERR,ERR,ERR,ERR,ERR,ERR,ERR,ERR,ERR,ERR,ERR,ERR,ERR,ERR,ERR,ERR,ERR,ERR,ERR,ERR,ERR,ERR,ERR,ERR,ERR,ERR,ERR,ERR,ERR,ERR,ERR,ERR,ERR,ERR,ERR,ERR,ERR,ERR,ERR,ERR,ERR,ERR,ERR,ERR,ERR,ERR,ERR,ERR,ERR,ERR,ERR,ERR,ERR,ERR,ERR,ERR,ERR,ERR,ERR,ERR,ERR,ERR,0.0,0.0,0.0,0.0,0.0,1.3936040501711995e+18,7.805,0.0,0,0,4,0,8422,0.0,45,0.0,0.0,0.0,0.0,0.0,0,0,0,0,0.0,0,0,0,0,0,0,0,0,0,0,0,0,0,0,0,0,0,0,0,0,0,0,0,0,0,0,0,0,0,0,0,0,0,38,14,7,45,65476,0,300,0,0,8,21553,0.0,-107605600.0,0.0,0.0,0.0,0.0,0.0,0.0,0.0,0.0,0.0,0.0,0.0,0.0,0.0,0.0,0.0,0.0,0.0,0.0,0.0,0.0,0.0,2.004,-0.0,0.0,0.0,0.0,0.0,0.0,5015.0,-0.0,0.0,0.0,0.0,-107615280.0,2.718429300292151e+23,0.0,0.0,0.0,0.0,53,-0.0,126840537088.0,0.0,0.0,0.0,0.0,0.0,0.0,0.0,0,0,0,0.0,0.0,0.0,0.0,0.0,0.0,0.0,0.0,0.0,0.0,0.0,0.0,0.0,0.0,0.0,0.0,0,-107875648.0,53,0.0,106,-107614832.0,0.0,ERR,ERR,ERR,ERR,ERR,ERR,ERR,ERR,ERR,ERR,ERR,ERR,ERR,ERR,ERR,ERR,ERR,ERR,ERR,ERR,ERR,ERR,ERR,ERR,ERR,ERR,ERR,ERR,ERR,ERR,ERR,ERR,ERR,ERR,ERR,ERR,ERR,ERR,ERR,ERR,ERR,ERR,ERR,ERR,ERR,ERR,ERR,ERR,ERR,ERR,ERR,ERR,ERR,ERR,ERR,ERR,ERR,ERR,ERR,ERR,ERR,ERR,ERR,ERR,ERR,ERR,ERR,50.0,60.0,100,0.0,0.0,0.0,0.0,0.0,0.0,0.0,0.0,0.0,0.0,0.0,0.0,0.0,0.0,0.0,0.0,62.0,73,14,65512,50,65476,0,300,0,0,8,20529,65476,0,0,26214,60.0,0.0,0.0,0.0,0.0,0.0
2026-05-17T18:33:06,ERR,ERR,ERR,ERR,ERR,ERR,ERR,ERR,ERR,ERR,ERR,ERR,ERR,ERR,ERR,ERR,ERR,ERR,ERR,ERR,ERR,ERR,ERR,ERR,ERR,ERR,ERR,ERR,ERR,ERR,ERR,ERR,ERR,ERR,ERR,ERR,ERR,ERR,ERR,ERR,ERR,ERR,ERR,ERR,ERR,ERR,ERR,ERR,ERR,ERR,ERR,ERR,ERR,ERR,ERR,ERR,ERR,ERR,ERR,ERR,ERR,ERR,ERR,ERR,ERR,ERR,ERR,ERR,ERR,ERR,ERR,ERR,ERR,ERR,ERR,ERR,ERR,ERR,ERR,ERR,ERR,ERR,ERR,ERR,ERR,ERR,ERR,ERR,ERR,ERR,ERR,ERR,ERR,ERR,ERR,ERR,ERR,ERR,ERR,ERR,ERR,ERR,ERR,ERR,ERR,ERR,ERR,ERR,ERR,ERR,ERR,ERR,ERR,ERR,ERR,ERR,ERR,ERR,ERR,ERR,ERR,ERR,ERR,ERR,ERR,0.0,0.0,0.0,0.0,0.0,1.3936040501711995e+18,7.805,0.0,0,0,4,0,8422,0.0,45,0.0,0.0,0.0,0.0,0.0,0,0,0,0,0.0,0,0,0,0,0,0,0,0,0,0,0,0,0,0,0,0,0,0,0,0,0,0,0,0,0,0,0,0,0,0,0,0,0,38,14,7,45,65476,0,300,0,0,8,21553,0.0,-107605600.0,0.0,0.0,0.0,0.0,0.0,0.0,0.0,0.0,0.0,0.0,0.0,0.0,0.0,0.0,0.0,0.0,0.0,0.0,0.0,0.0,0.0,2.004,-0.0,0.0,0.0,0.0,0.0,0.0,5015.0,-0.0,0.0,0.0,0.0,-107615280.0,2.718429300292151e+23,0.0,0.0,0.0,0.0,53,-0.0,126840537088.0,0.0,0.0,0.0,0.0,0.0,0.0,0.0,0,0,0,0.0,0.0,0.0,0.0,0.0,0.0,0.0,0.0,0.0,0.0,0.0,0.0,0.0,0.0,0.0,0.0,0,-107875648.0,53,0.0,106,-107614832.0,0.0,ERR,ERR,ERR,ERR,ERR,ERR,ERR,ERR,ERR,ERR,ERR,ERR,ERR,ERR,ERR,ERR,ERR,ERR,ERR,ERR,ERR,ERR,ERR,ERR,ERR,ERR,ERR,ERR,ERR,ERR,ERR,ERR,ERR,ERR,ERR,ERR,ERR,ERR,ERR,ERR,ERR,ERR,ERR,ERR,ERR,ERR,ERR,ERR,ERR,ERR,ERR,ERR,ERR,ERR,ERR,ERR,ERR,ERR,ERR,ERR,ERR,ERR,ERR,ERR,ERR,ERR,ERR,50.0,60.0,100,0.0,0.0,0.0,0.0,0.0,0.0,0.0,0.0,0.0,0.0,0.0,0.0,0.0,0.0,0.0,0.0,62.0,73,14,65512,50,65476,0,300,0,0,8,20529,65476,0,0,26214,60.0,0.0,0.0,0.0,0.0,0.0
2026-05-17T18:33:07,ERR,ERR,ERR,ERR,ERR,ERR,ERR,ERR,ERR,ERR,ERR,ERR,ERR,ERR,ERR,ERR,ERR,ERR,ERR,ERR,ERR,ERR,ERR,ERR,ERR,ERR,ERR,ERR,ERR,ERR,ERR,ERR,ERR,ERR,ERR,ERR,ERR,ERR,ERR,ERR,ERR,ERR,ERR,ERR,ERR,ERR,ERR,ERR,ERR,ERR,ERR,ERR,ERR,ERR,ERR,ERR,ERR,ERR,ERR,ERR,ERR,ERR,ERR,ERR,ERR,ERR,ERR,ERR,ERR,ERR,ERR,ERR,ERR,ERR,ERR,ERR,ERR,ERR,ERR,ERR,ERR,ERR,ERR,ERR,ERR,ERR,ERR,ERR,ERR,ERR,ERR,ERR,ERR,ERR,ERR,ERR,ERR,ERR,ERR,ERR,ERR,ERR,ERR,ERR,ERR,ERR,ERR,ERR,ERR,ERR,ERR,ERR,ERR,ERR,ERR,ERR,ERR,ERR,ERR,ERR,ERR,ERR,ERR,ERR,ERR,0.0,0.0,0.0,0.0,0.0,1.3936040501711995e+18,7.805,0.0,0,0,4,0,8422,0.0,45,0.0,0.0,0.0,0.0,0.0,0,0,0,0,0.0,0,0,0,0,0,0,0,0,0,0,0,0,0,0,0,0,0,0,0,0,0,0,0,0,0,0,0,0,0,0,0,0,0,38,14,7,45,65476,0,300,0,0,8,21553,0.0,-107605600.0,0.0,0.0,0.0,0.0,0.0,0.0,0.0,0.0,0.0,0.0,0.0,0.0,0.0,0.0,0.0,0.0,0.0,0.0,0.0,0.0,0.0,2.004,-0.0,0.0,0.0,0.0,0.0,0.0,5015.0,564145833377792.0,0.0,0.0,0.0,-107615280.0,2.718429300292151e+23,0.0,0.0,0.0,0.0,53,-0.0,0.0,0.0,0.0,0.0,0.0,0.0,0.0,0.0,0,0,0,0.0,0.0,0.0,0.0,0.0,0.0,0.0,0.0,0.0,0.0,0.0,0.0,0.0,0.0,0.0,0.0,0,-107875648.0,53,0.0,106,-107614832.0,0.0,ERR,ERR,ERR,ERR,ERR,ERR,ERR,ERR,ERR,ERR,ERR,ERR,ERR,ERR,ERR,ERR,ERR,ERR,ERR,ERR,ERR,ERR,ERR,ERR,ERR,ERR,ERR,ERR,ERR,ERR,ERR,ERR,ERR,ERR,ERR,ERR,ERR,ERR,ERR,ERR,ERR,ERR,ERR,ERR,ERR,ERR,ERR,ERR,ERR,ERR,ERR,ERR,ERR,ERR,ERR,ERR,ERR,ERR,ERR,ERR,ERR,ERR,ERR,ERR,ERR,ERR,ERR,50.0,60.0,100,0.0,0.0,0.0,0.0,0.0,0.0,0.0,0.0,0.0,0.0,0.0,0.0,0.0,0.0,0.0,0.0,61.6,73,14,65512,50,65476,0,300,0,0,8,20529,65476,0,0,26214,60.0,0.0,0.0,0.0,0.0,0.0
2026-05-17T18:33:08,ERR,ERR,ERR,ERR,ERR,ERR,ERR,ERR,ERR,ERR,ERR,ERR,ERR,ERR,ERR,ERR,ERR,ERR,ERR,ERR,ERR,ERR,ERR,ERR,ERR,ERR,ERR,ERR,ERR,ERR,ERR,ERR,ERR,ERR,ERR,ERR,ERR,ERR,ERR,ERR,ERR,ERR,ERR,ERR,ERR,ERR,ERR,ERR,ERR,ERR,ERR,ERR,ERR,ERR,ERR,ERR,ERR,ERR,ERR,ERR,ERR,ERR,ERR,ERR,ERR,ERR,ERR,ERR,ERR,ERR,ERR,ERR,ERR,ERR,ERR,ERR,ERR,ERR,ERR,ERR,ERR,ERR,ERR,ERR,ERR,ERR,ERR,ERR,ERR,ERR,ERR,ERR,ERR,ERR,ERR,ERR,ERR,ERR,ERR,ERR,ERR,ERR,ERR,ERR,ERR,ERR,ERR,ERR,ERR,ERR,ERR,ERR,ERR,ERR,ERR,ERR,ERR,ERR,ERR,ERR,ERR,ERR,ERR,ERR,ERR,0.0,0.0,0.0,0.0,0.0,1.3936040501711995e+18,7.805,0.0,0,0,4,0,8422,0.0,45,0.0,0.0,0.0,0.0,0.0,0,0,0,0,0.0,0,0,0,0,0,0,0,0,0,0,0,0,0,0,0,0,0,0,0,0,0,0,0,0,0,0,0,0,0,0,0,0,0,38,14,7,45,65476,0,300,0,0,8,21553,0.0,-107605600.0,0.0,0.0,0.0,0.0,0.0,0.0,0.0,0.0,0.0,0.0,0.0,0.0,0.0,0.0,0.0,0.0,0.0,0.0,0.0,0.0,0.0,2.004,-0.0,0.0,0.0,0.0,0.0,0.0,5015.0,564145833377792.0,0.0,0.0,0.0,-107615280.0,2.718429300292151e+23,0.0,0.0,0.0,0.0,53,-0.0,0.0,0.0,0.0,0.0,0.0,0.0,0.0,0.0,0,0,0,0.0,0.0,0.0,0.0,0.0,0.0,0.0,0.0,0.0,0.0,0.0,0.0,0.0,0.0,0.0,0.0,0,-107875648.0,53,0.0,106,-107614832.0,0.0,ERR,ERR,ERR,ERR,ERR,ERR,ERR,ERR,ERR,ERR,ERR,ERR,ERR,ERR,ERR,ERR,ERR,ERR,ERR,ERR,ERR,ERR,ERR,ERR,ERR,ERR,ERR,ERR,ERR,ERR,ERR,ERR,ERR,ERR,ERR,ERR,ERR,ERR,ERR,ERR,ERR,ERR,ERR,ERR,ERR,ERR,ERR,ERR,ERR,ERR,ERR,ERR,ERR,ERR,ERR,ERR,ERR,ERR,ERR,ERR,ERR,ERR,ERR,ERR,ERR,ERR,ERR,50.0,60.0,100,0.0,0.0,0.0,0.0,0.0,0.0,0.0,0.0,0.0,0.0,0.0,0.0,0.0,0.0,0.0,0.0,61.6,73,14,65512,50,65476,0,300,0,0,8,20529,65476,0,0,26214,60.0,0.0,0.0,0.0,0.0,0.0
2026-05-17T18:33:09,ERR,ERR,ERR,ERR,ERR,ERR,ERR,ERR,ERR,ERR,ERR,ERR,ERR,ERR,ERR,ERR,ERR,ERR,ERR,ERR,ERR,ERR,ERR,ERR,ERR,ERR,ERR,ERR,ERR,ERR,ERR,ERR,ERR,ERR,ERR,ERR,ERR,ERR,ERR,ERR,ERR,ERR,ERR,ERR,ERR,ERR,ERR,ERR,ERR,ERR,ERR,ERR,ERR,ERR,ERR,ERR,ERR,ERR,ERR,ERR,ERR,ERR,ERR,ERR,ERR,ERR,ERR,ERR,ERR,ERR,ERR,ERR,ERR,ERR,ERR,ERR,ERR,ERR,ERR,ERR,ERR,ERR,ERR,ERR,ERR,ERR,ERR,ERR,ERR,ERR,ERR,ERR,ERR,ERR,ERR,ERR,ERR,ERR,ERR,ERR,ERR,ERR,ERR,ERR,ERR,ERR,ERR,ERR,ERR,ERR,ERR,ERR,ERR,ERR,ERR,ERR,ERR,ERR,ERR,ERR,ERR,ERR,ERR,ERR,ERR,0.0,0.0,0.0,0.0,0.0,1.3936040501711995e+18,7.805,0.0,0,0,4,0,8422,0.0,45,0.0,0.0,0.0,0.0,0.0,0,0,0,0,0.0,0,0,0,0,0,0,0,0,0,0,0,0,0,0,0,0,0,0,0,0,0,0,0,0,0,0,0,0,0,0,0,0,0,38,14,7,45,65476,0,300,0,0,8,21553,0.0,-107605600.0,0.0,0.0,0.0,0.0,0.0,0.0,0.0,0.0,0.0,0.0,0.0,0.0,0.0,0.0,0.0,0.0,0.0,0.0,0.0,0.0,0.0,2.004,-0.0,0.0,0.0,0.0,0.0,0.0,5015.0,564145833377792.0,0.0,0.0,0.0,-107615280.0,2.718429300292151e+23,0.0,0.0,0.0,0.0,53,-0.0,0.0,0.0,0.0,0.0,0.0,0.0,0.0,0.0,0,0,0,0.0,0.0,0.0,0.0,0.0,0.0,0.0,0.0,0.0,0.0,0.0,0.0,0.0,0.0,0.0,0.0,0,-107875648.0,53,0.0,106,-107614832.0,0.0,ERR,ERR,ERR,ERR,ERR,ERR,ERR,ERR,ERR,ERR,ERR,ERR,ERR,ERR,ERR,ERR,ERR,ERR,ERR,ERR,ERR,ERR,ERR,ERR,ERR,ERR,ERR,ERR,ERR,ERR,ERR,ERR,ERR,ERR,ERR,ERR,ERR,ERR,ERR,ERR,ERR,ERR,ERR,ERR,ERR,ERR,ERR,ERR,ERR,ERR,ERR,ERR,ERR,ERR,ERR,ERR,ERR,ERR,ERR,ERR,ERR,ERR,ERR,ERR,ERR,ERR,ERR,50.0,60.0,100,0.0,0.0,0.0,0.0,0.0,0.0,0.0,0.0,0.0,0.0,0.0,0.0,0.0,0.0,0.0,0.0,61.6,73,14,65512,50,65476,0,300,0,0,8,20529,65476,0,0,26214,60.0,0.0,0.0,0.0,0.0,0.0
2026-05-17T18:33:10,ERR,ERR,ERR,ERR,ERR,ERR,ERR,ERR,ERR,ERR,ERR,ERR,ERR,ERR,ERR,ERR,ERR,ERR,ERR,ERR,ERR,ERR,ERR,ERR,ERR,ERR,ERR,ERR,ERR,ERR,ERR,ERR,ERR,ERR,ERR,ERR,ERR,ERR,ERR,ERR,ERR,ERR,ERR,ERR,ERR,ERR,ERR,ERR,ERR,ERR,ERR,ERR,ERR,ERR,ERR,ERR,ERR,ERR,ERR,ERR,ERR,ERR,ERR,ERR,ERR,ERR,ERR,ERR,ERR,ERR,ERR,ERR,ERR,ERR,ERR,ERR,ERR,ERR,ERR,ERR,ERR,ERR,ERR,ERR,ERR,ERR,ERR,ERR,ERR,ERR,ERR,ERR,ERR,ERR,ERR,ERR,ERR,ERR,ERR,ERR,ERR,ERR,ERR,ERR,ERR,ERR,ERR,ERR,ERR,ERR,ERR,ERR,ERR,ERR,ERR,ERR,ERR,ERR,ERR,ERR,ERR,ERR,ERR,ERR,ERR,0.0,0.0,0.0,0.0,0.0,1.3936040501711995e+18,7.805,0.0,0,0,4,0,8422,0.0,45,0.0,0.0,0.0,0.0,0.0,0,0,0,0,0.0,0,0,0,0,0,0,0,0,0,0,0,0,0,0,0,0,0,0,0,0,0,0,0,0,0,0,0,0,0,0,0,0,0,38,14,7,45,65476,0,300,0,0,8,21553,0.0,-107605600.0,0.0,0.0,0.0,0.0,0.0,0.0,0.0,0.0,0.0,0.0,0.0,0.0,0.0,0.0,0.0,0.0,0.0,0.0,0.0,0.0,0.0,2.004,-0.0,0.0,0.0,0.0,0.0,0.0,5015.0,564145833377792.0,0.0,0.0,0.0,-107615280.0,2.718429300292151e+23,0.0,0.0,0.0,0.0,53,-0.0,0.0,0.0,0.0,0.0,0.0,0.0,0.0,0.0,0,0,0,0.0,0.0,0.0,0.0,0.0,0.0,0.0,0.0,0.0,0.0,0.0,0.0,0.0,0.0,0.0,0.0,0,-107875648.0,53,0.0,106,-107614832.0,0.0,ERR,ERR,ERR,ERR,ERR,ERR,ERR,ERR,ERR,ERR,ERR,ERR,ERR,ERR,ERR,ERR,ERR,ERR,ERR,ERR,ERR,ERR,ERR,ERR,ERR,ERR,ERR,ERR,ERR,ERR,ERR,ERR,ERR,ERR,ERR,ERR,ERR,ERR,ERR,ERR,ERR,ERR,ERR,ERR,ERR,ERR,ERR,ERR,ERR,ERR,ERR,ERR,ERR,ERR,ERR,ERR,ERR,ERR,ERR,ERR,ERR,ERR,ERR,ERR,ERR,ERR,ERR,50.0,60.0,100,0.0,0.0,0.0,0.0,0.0,0.0,0.0,0.0,0.0,0.0,0.0,0.0,0.0,0.0,0.0,0.0,62.0,73,14,65512,50,65476,0,300,0,0,8,20529,65476,0,0,26214,60.0,0.0,0.0,0.0,0.0,0.0
2026-05-17T18:33:11,ERR,ERR,ERR,ERR,ERR,ERR,ERR,ERR,ERR,ERR,ERR,ERR,ERR,ERR,ERR,ERR,ERR,ERR,ERR,ERR,ERR,ERR,ERR,ERR,ERR,ERR,ERR,ERR,ERR,ERR,ERR,ERR,ERR,ERR,ERR,ERR,ERR,ERR,ERR,ERR,ERR,ERR,ERR,ERR,ERR,ERR,ERR,ERR,ERR,ERR,ERR,ERR,ERR,ERR,ERR,ERR,ERR,ERR,ERR,ERR,ERR,ERR,ERR,ERR,ERR,ERR,ERR,ERR,ERR,ERR,ERR,ERR,ERR,ERR,ERR,ERR,ERR,ERR,ERR,ERR,ERR,ERR,ERR,ERR,ERR,ERR,ERR,ERR,ERR,ERR,ERR,ERR,ERR,ERR,ERR,ERR,ERR,ERR,ERR,ERR,ERR,ERR,ERR,ERR,ERR,ERR,ERR,ERR,ERR,ERR,ERR,ERR,ERR,ERR,ERR,ERR,ERR,ERR,ERR,ERR,ERR,ERR,ERR,ERR,ERR,0.0,0.0,0.0,0.0,0.0,1.3936040501711995e+18,7.805,0.0,0,0,4,0,8422,0.0,45,0.0,0.0,0.0,0.0,0.0,0,0,0,0,0.0,0,0,0,0,0,0,0,0,0,0,0,0,0,0,0,0,0,0,0,0,0,0,0,0,0,0,0,0,0,0,0,0,0,38,14,7,45,65476,0,300,0,0,8,21553,0.0,-107605600.0,0.0,0.0,0.0,0.0,0.0,0.0,0.0,0.0,0.0,0.0,0.0,0.0,0.0,0.0,0.0,0.0,0.0,0.0,0.0,0.0,0.0,2.004,-0.0,0.0,0.0,0.0,0.0,0.0,5015.0,564145833377792.0,0.0,0.0,0.0,-107615280.0,2.718429300292151e+23,0.0,0.0,0.0,0.0,53,-0.0,0.0,0.0,0.0,0.0,0.0,0.0,0.0,0.0,0,0,0,0.0,0.0,0.0,0.0,0.0,0.0,0.0,0.0,0.0,0.0,0.0,0.0,0.0,0.0,0.0,0.0,0,-107875648.0,53,0.0,106,-107614832.0,0.0,ERR,ERR,ERR,ERR,ERR,ERR,ERR,ERR,ERR,ERR,ERR,ERR,ERR,ERR,ERR,ERR,ERR,ERR,ERR,ERR,ERR,ERR,ERR,ERR,ERR,ERR,ERR,ERR,ERR,ERR,ERR,ERR,ERR,ERR,ERR,ERR,ERR,ERR,ERR,ERR,ERR,ERR,ERR,ERR,ERR,ERR,ERR,ERR,ERR,ERR,ERR,ERR,ERR,ERR,ERR,ERR,ERR,ERR,ERR,ERR,ERR,ERR,ERR,ERR,ERR,ERR,ERR,50.0,60.0,100,0.0,0.0,0.0,0.0,0.0,0.0,0.0,0.0,0.0,0.0,0.0,0.0,0.0,0.0,0.0,0.0,62.0,73,14,65512,50,65476,0,300,0,0,8,20529,65476,0,0,26214,60.0,0.0,0.0,0.0,0.0,0.0
2026-05-17T18:33:12,ERR,ERR,ERR,ERR,ERR,ERR,ERR,ERR,ERR,ERR,ERR,ERR,ERR,ERR,ERR,ERR,ERR,ERR,ERR,ERR,ERR,ERR,ERR,ERR,ERR,ERR,ERR,ERR,ERR,ERR,ERR,ERR,ERR,ERR,ERR,ERR,ERR,ERR,ERR,ERR,ERR,ERR,ERR,ERR,ERR,ERR,ERR,ERR,ERR,ERR,ERR,ERR,ERR,ERR,ERR,ERR,ERR,ERR,ERR,ERR,ERR,ERR,ERR,ERR,ERR,ERR,ERR,ERR,ERR,ERR,ERR,ERR,ERR,ERR,ERR,ERR,ERR,ERR,ERR,ERR,ERR,ERR,ERR,ERR,ERR,ERR,ERR,ERR,ERR,ERR,ERR,ERR,ERR,ERR,ERR,ERR,ERR,ERR,ERR,ERR,ERR,ERR,ERR,ERR,ERR,ERR,ERR,ERR,ERR,ERR,ERR,ERR,ERR,ERR,ERR,ERR,ERR,ERR,ERR,ERR,ERR,ERR,ERR,ERR,ERR,0.0,0.0,0.0,0.0,0.0,1.3936040501711995e+18,7.805,0.0,0,0,4,0,8422,0.0,45,0.0,0.0,0.0,0.0,0.0,0,0,0,0,0.0,0,0,0,0,0,0,0,0,0,0,0,0,0,0,0,0,0,0,0,0,0,0,0,0,0,0,0,0,0,0,0,0,0,38,14,7,45,65476,0,300,0,0,8,21553,0.0,-107605600.0,0.0,0.0,0.0,0.0,0.0,0.0,0.0,0.0,0.0,0.0,0.0,0.0,0.0,0.0,0.0,0.0,0.0,0.0,0.0,0.0,0.0,2.004,-0.0,0.0,0.0,0.0,0.0,0.0,5016.0,0.0,0.0,0.0,0.0,-107615280.0,2.718429300292151e+23,0.0,0.0,0.0,0.0,53,-0.0,-107614776.0,0.0,0.0,0.0,0.0,0.0,0.0,0.0,0,0,0,0.0,0.0,0.0,0.0,0.0,0.0,0.0,0.0,0.0,0.0,0.0,0.0,0.0,0.0,0.0,0.0,0,-107875648.0,53,0.0,106,-107614832.0,0.0,ERR,ERR,ERR,ERR,ERR,ERR,ERR,ERR,ERR,ERR,ERR,ERR,ERR,ERR,ERR,ERR,ERR,ERR,ERR,ERR,ERR,ERR,ERR,ERR,ERR,ERR,ERR,ERR,ERR,ERR,ERR,ERR,ERR,ERR,ERR,ERR,ERR,ERR,ERR,ERR,ERR,ERR,ERR,ERR,ERR,ERR,ERR,ERR,ERR,ERR,ERR,ERR,ERR,ERR,ERR,ERR,ERR,ERR,ERR,ERR,ERR,ERR,ERR,ERR,ERR,ERR,ERR,50.0,60.0,100,0.0,0.0,0.0,0.0,0.0,0.0,0.0,0.0,0.0,0.0,0.0,0.0,0.0,0.0,0.0,0.0,61.6,73,14,65512,50,65476,0,300,0,0,8,20529,65476,0,0,26214,60.0,0.0,0.0,0.0,0.0,0.0
2026-05-17T18:33:13,ERR,ERR,ERR,ERR,ERR,ERR,ERR,ERR,ERR,ERR,ERR,ERR,ERR,ERR,ERR,ERR,ERR,ERR,ERR,ERR,ERR,ERR,ERR,ERR,ERR,ERR,ERR,ERR,ERR,ERR,ERR,ERR,ERR,ERR,ERR,ERR,ERR,ERR,ERR,ERR,ERR,ERR,ERR,ERR,ERR,ERR,ERR,ERR,ERR,ERR,ERR,ERR,ERR,ERR,ERR,ERR,ERR,ERR,ERR,ERR,ERR,ERR,ERR,ERR,ERR,ERR,ERR,ERR,ERR,ERR,ERR,ERR,ERR,ERR,ERR,ERR,ERR,ERR,ERR,ERR,ERR,ERR,ERR,ERR,ERR,ERR,ERR,ERR,ERR,ERR,ERR,ERR,ERR,ERR,ERR,ERR,ERR,ERR,ERR,ERR,ERR,ERR,ERR,ERR,ERR,ERR,ERR,ERR,ERR,ERR,ERR,ERR,ERR,ERR,ERR,ERR,ERR,ERR,ERR,ERR,ERR,ERR,ERR,ERR,ERR,0.0,0.0,0.0,0.0,0.0,1.3936040501711995e+18,7.805,0.0,0,0,4,0,8422,0.0,45,0.0,0.0,0.0,0.0,0.0,0,0,0,0,0.0,0,0,0,0,0,0,0,0,0,0,0,0,0,0,0,0,0,0,0,0,0,0,0,0,0,0,0,0,0,0,0,0,0,38,14,7,45,65476,0,300,0,0,8,21553,0.0,-107605600.0,0.0,0.0,0.0,0.0,0.0,0.0,0.0,0.0,0.0,0.0,0.0,0.0,0.0,0.0,0.0,0.0,0.0,0.0,0.0,0.0,0.0,2.004,-0.0,0.0,0.0,0.0,0.0,0.0,5016.0,0.0,0.0,0.0,0.0,-107615280.0,2.718429300292151e+23,0.0,0.0,0.0,0.0,53,-0.0,-107614776.0,0.0,0.0,0.0,0.0,0.0,0.0,0.0,0,0,0,0.0,0.0,0.0,0.0,0.0,0.0,0.0,0.0,0.0,0.0,0.0,0.0,0.0,0.0,0.0,0.0,0,-107875648.0,53,0.0,106,-107614832.0,0.0,ERR,ERR,ERR,ERR,ERR,ERR,ERR,ERR,ERR,ERR,ERR,ERR,ERR,ERR,ERR,ERR,ERR,ERR,ERR,ERR,ERR,ERR,ERR,ERR,ERR,ERR,ERR,ERR,ERR,ERR,ERR,ERR,ERR,ERR,ERR,ERR,ERR,ERR,ERR,ERR,ERR,ERR,ERR,ERR,ERR,ERR,ERR,ERR,ERR,ERR,ERR,ERR,ERR,ERR,ERR,ERR,ERR,ERR,ERR,ERR,ERR,ERR,ERR,ERR,ERR,ERR,ERR,50.0,60.0,100,0.0,0.0,0.0,0.0,0.0,0.0,0.0,0.0,0.0,0.0,0.0,0.0,0.0,0.0,0.0,0.0,61.6,73,14,65512,50,65476,0,300,0,0,8,20529,65476,0,0,26214,60.0,0.0,0.0,0.0,0.0,0.0
2026-05-17T18:33:14,ERR,ERR,ERR,ERR,ERR,ERR,ERR,ERR,ERR,ERR,ERR,ERR,ERR,ERR,ERR,ERR,ERR,ERR,ERR,ERR,ERR,ERR,ERR,ERR,ERR,ERR,ERR,ERR,ERR,ERR,ERR,ERR,ERR,ERR,ERR,ERR,ERR,ERR,ERR,ERR,ERR,ERR,ERR,ERR,ERR,ERR,ERR,ERR,ERR,ERR,ERR,ERR,ERR,ERR,ERR,ERR,ERR,ERR,ERR,ERR,ERR,ERR,ERR,ERR,ERR,ERR,ERR,ERR,ERR,ERR,ERR,ERR,ERR,ERR,ERR,ERR,ERR,ERR,ERR,ERR,ERR,ERR,ERR,ERR,ERR,ERR,ERR,ERR,ERR,ERR,ERR,ERR,ERR,ERR,ERR,ERR,ERR,ERR,ERR,ERR,ERR,ERR,ERR,ERR,ERR,ERR,ERR,ERR,ERR,ERR,ERR,ERR,ERR,ERR,ERR,ERR,ERR,ERR,ERR,ERR,ERR,ERR,ERR,ERR,ERR,0.0,0.0,0.0,0.0,0.0,1.3936040501711995e+18,7.805,0.0,0,0,4,0,8422,0.0,45,0.0,0.0,0.0,0.0,0.0,0,0,0,0,0.0,0,0,0,0,0,0,0,0,0,0,0,0,0,0,0,0,0,0,0,0,0,0,0,0,0,0,0,0,0,0,0,0,0,38,14,7,45,65476,0,300,0,0,8,21553,0.0,-107605600.0,0.0,0.0,0.0,0.0,0.0,0.0,0.0,0.0,0.0,0.0,0.0,0.0,0.0,0.0,0.0,0.0,0.0,0.0,0.0,0.0,0.0,2.004,-0.0,0.0,0.0,0.0,0.0,0.0,5016.0,0.0,0.0,0.0,0.0,-107615280.0,2.718429300292151e+23,0.0,0.0,0.0,0.0,53,-0.0,-107614776.0,0.0,0.0,0.0,0.0,0.0,0.0,0.0,0,0,0,0.0,0.0,0.0,0.0,0.0,0.0,0.0,0.0,0.0,0.0,0.0,0.0,0.0,0.0,0.0,0.0,0,-107875648.0,53,0.0,106,-107614832.0,0.0,ERR,ERR,ERR,ERR,ERR,ERR,ERR,ERR,ERR,ERR,ERR,ERR,ERR,ERR,ERR,ERR,ERR,ERR,ERR,ERR,ERR,ERR,ERR,ERR,ERR,ERR,ERR,ERR,ERR,ERR,ERR,ERR,ERR,ERR,ERR,ERR,ERR,ERR,ERR,ERR,ERR,ERR,ERR,ERR,ERR,ERR,ERR,ERR,ERR,ERR,ERR,ERR,ERR,ERR,ERR,ERR,ERR,ERR,ERR,ERR,ERR,ERR,ERR,ERR,ERR,ERR,ERR,50.0,60.0,100,0.0,0.0,0.0,0.0,0.0,0.0,0.0,0.0,0.0,0.0,0.0,0.0,0.0,0.0,0.0,0.0,61.6,73,14,65512,50,65476,0,300,0,0,8,20529,65476,0,0,26214,60.0,0.0,0.0,0.0,0.0,0.0
2026-05-17T18:33:15,ERR,ERR,ERR,ERR,ERR,ERR,ERR,ERR,ERR,ERR,ERR,ERR,ERR,ERR,ERR,ERR,ERR,ERR,ERR,ERR,ERR,ERR,ERR,ERR,ERR,ERR,ERR,ERR,ERR,ERR,ERR,ERR,ERR,ERR,ERR,ERR,ERR,ERR,ERR,ERR,ERR,ERR,ERR,ERR,ERR,ERR,ERR,ERR,ERR,ERR,ERR,ERR,ERR,ERR,ERR,ERR,ERR,ERR,ERR,ERR,ERR,ERR,ERR,ERR,ERR,ERR,ERR,ERR,ERR,ERR,ERR,ERR,ERR,ERR,ERR,ERR,ERR,ERR,ERR,ERR,ERR,ERR,ERR,ERR,ERR,ERR,ERR,ERR,ERR,ERR,ERR,ERR,ERR,ERR,ERR,ERR,ERR,ERR,ERR,ERR,ERR,ERR,ERR,ERR,ERR,ERR,ERR,ERR,ERR,ERR,ERR,ERR,ERR,ERR,ERR,ERR,ERR,ERR,ERR,ERR,ERR,ERR,ERR,ERR,ERR,0.0,0.0,0.0,0.0,0.0,1.3936040501711995e+18,7.805,0.0,0,0,4,0,8422,0.0,45,0.0,0.0,0.0,0.0,0.0,0,0,0,0,0.0,0,0,0,0,0,0,0,0,0,0,0,0,0,0,0,0,0,0,0,0,0,0,0,0,0,0,0,0,0,0,0,0,0,38,14,7,45,65476,0,300,0,0,8,21553,0.0,-107605600.0,0.0,0.0,0.0,0.0,0.0,0.0,0.0,0.0,0.0,0.0,0.0,0.0,0.0,0.0,0.0,0.0,0.0,0.0,0.0,0.0,0.0,2.004,-0.0,0.0,0.0,0.0,0.0,0.0,5016.0,0.0,0.0,0.0,0.0,-107615280.0,2.718429300292151e+23,0.0,0.0,0.0,0.0,53,-0.0,-107614776.0,0.0,0.0,0.0,0.0,0.0,0.0,0.0,0,0,0,0.0,0.0,0.0,0.0,0.0,0.0,0.0,0.0,0.0,0.0,0.0,0.0,0.0,0.0,0.0,0.0,0,-107875648.0,53,0.0,106,-107614832.0,0.0,ERR,ERR,ERR,ERR,ERR,ERR,ERR,ERR,ERR,ERR,ERR,ERR,ERR,ERR,ERR,ERR,ERR,ERR,ERR,ERR,ERR,ERR,ERR,ERR,ERR,ERR,ERR,ERR,ERR,ERR,ERR,ERR,ERR,ERR,ERR,ERR,ERR,ERR,ERR,ERR,ERR,ERR,ERR,ERR,ERR,ERR,ERR,ERR,ERR,ERR,ERR,ERR,ERR,ERR,ERR,ERR,ERR,ERR,ERR,ERR,ERR,ERR,ERR,ERR,ERR,ERR,ERR,50.0,60.0,100,0.0,0.0,0.0,0.0,0.0,0.0,0.0,0.0,0.0,0.0,0.0,0.0,0.0,0.0,0.0,0.0,61.6,73,14,65512,50,65476,0,300,0,0,8,20529,65476,0,0,26214,60.0,0.0,0.0,0.0,0.0,0.0
2026-05-17T18:33:16,ERR,ERR,ERR,ERR,ERR,ERR,ERR,ERR,ERR,ERR,ERR,ERR,ERR,ERR,ERR,ERR,ERR,ERR,ERR,ERR,ERR,ERR,ERR,ERR,ERR,ERR,ERR,ERR,ERR,ERR,ERR,ERR,ERR,ERR,ERR,ERR,ERR,ERR,ERR,ERR,ERR,ERR,ERR,ERR,ERR,ERR,ERR,ERR,ERR,ERR,ERR,ERR,ERR,ERR,ERR,ERR,ERR,ERR,ERR,ERR,ERR,ERR,ERR,ERR,ERR,ERR,ERR,ERR,ERR,ERR,ERR,ERR,ERR,ERR,ERR,ERR,ERR,ERR,ERR,ERR,ERR,ERR,ERR,ERR,ERR,ERR,ERR,ERR,ERR,ERR,ERR,ERR,ERR,ERR,ERR,ERR,ERR,ERR,ERR,ERR,ERR,ERR,ERR,ERR,ERR,ERR,ERR,ERR,ERR,ERR,ERR,ERR,ERR,ERR,ERR,ERR,ERR,ERR,ERR,ERR,ERR,ERR,ERR,ERR,ERR,0.0,0.0,0.0,0.0,0.0,1.3936040501711995e+18,7.805,0.0,0,0,4,0,8422,0.0,45,0.0,0.0,0.0,0.0,0.0,0,0,0,0,0.0,0,0,0,0,0,0,0,0,0,0,0,0,0,0,0,0,0,0,0,0,0,0,0,0,0,0,0,0,0,0,0,0,0,38,14,7,45,65476,0,300,0,0,8,21553,0.0,-107605600.0,0.0,0.0,0.0,0.0,0.0,0.0,0.0,0.0,0.0,0.0,0.0,0.0,0.0,0.0,0.0,0.0,0.0,0.0,0.0,0.0,0.0,2.004,-0.0,0.0,0.0,0.0,0.0,0.0,5016.0,0.0,0.0,0.0,0.0,-107615280.0,2.718429300292151e+23,0.0,0.0,0.0,0.0,53,-0.0,-107614776.0,0.0,0.0,0.0,0.0,0.0,0.0,0.0,0,0,0,0.0,0.0,0.0,0.0,0.0,0.0,0.0,0.0,0.0,0.0,0.0,0.0,0.0,0.0,0.0,0.0,0,-107875648.0,53,0.0,106,-107614832.0,0.0,ERR,ERR,ERR,ERR,ERR,ERR,ERR,ERR,ERR,ERR,ERR,ERR,ERR,ERR,ERR,ERR,ERR,ERR,ERR,ERR,ERR,ERR,ERR,ERR,ERR,ERR,ERR,ERR,ERR,ERR,ERR,ERR,ERR,ERR,ERR,ERR,ERR,ERR,ERR,ERR,ERR,ERR,ERR,ERR,ERR,ERR,ERR,ERR,ERR,ERR,ERR,ERR,ERR,ERR,ERR,ERR,ERR,ERR,ERR,ERR,ERR,ERR,ERR,ERR,ERR,ERR,ERR,50.0,60.0,100,0.0,0.0,0.0,0.0,0.0,0.0,0.0,0.0,0.0,0.0,0.0,0.0,0.0,0.0,0.0,0.0,61.6,73,14,65512,50,65476,0,300,0,0,8,20529,65476,0,0,26214,60.0,0.0,0.0,0.0,0.0,0.0
2026-05-17T18:33:17,ERR,ERR,ERR,ERR,ERR,ERR,ERR,ERR,ERR,ERR,ERR,ERR,ERR,ERR,ERR,ERR,ERR,ERR,ERR,ERR,ERR,ERR,ERR,ERR,ERR,ERR,ERR,ERR,ERR,ERR,ERR,ERR,ERR,ERR,ERR,ERR,ERR,ERR,ERR,ERR,ERR,ERR,ERR,ERR,ERR,ERR,ERR,ERR,ERR,ERR,ERR,ERR,ERR,ERR,ERR,ERR,ERR,ERR,ERR,ERR,ERR,ERR,ERR,ERR,ERR,ERR,ERR,ERR,ERR,ERR,ERR,ERR,ERR,ERR,ERR,ERR,ERR,ERR,ERR,ERR,ERR,ERR,ERR,ERR,ERR,ERR,ERR,ERR,ERR,ERR,ERR,ERR,ERR,ERR,ERR,ERR,ERR,ERR,ERR,ERR,ERR,ERR,ERR,ERR,ERR,ERR,ERR,ERR,ERR,ERR,ERR,ERR,ERR,ERR,ERR,ERR,ERR,ERR,ERR,ERR,ERR,ERR,ERR,ERR,ERR,0.0,0.0,0.0,0.0,0.0,1.3936040501711995e+18,7.805,0.0,0,0,4,0,8422,0.0,45,0.0,0.0,0.0,0.0,0.0,0,0,0,0,0.0,0,0,0,0,0,0,0,0,0,0,0,0,0,0,0,0,0,0,0,0,0,0,0,0,0,0,0,0,0,0,0,0,0,38,14,7,45,65476,0,300,0,0,8,21553,0.0,-107605600.0,0.0,0.0,0.0,0.0,0.0,0.0,0.0,0.0,0.0,0.0,0.0,0.0,0.0,0.0,0.0,0.0,0.0,0.0,0.0,0.0,0.0,2.004,-0.0,0.0,0.0,0.0,0.0,0.0,5014.0,564145833377792.0,0.0,0.0,0.0,-107615280.0,2.718429300292151e+23,0.0,0.0,0.0,0.0,53,-0.0,0.0,0.0,0.0,0.0,0.0,0.0,0.0,0.0,0,0,0,0.0,0.0,0.0,0.0,0.0,0.0,0.0,0.0,0.0,0.0,0.0,0.0,0.0,0.0,0.0,0.0,0,-107875648.0,53,0.0,106,-107614832.0,0.0,ERR,ERR,ERR,ERR,ERR,ERR,ERR,ERR,ERR,ERR,ERR,ERR,ERR,ERR,ERR,ERR,ERR,ERR,ERR,ERR,ERR,ERR,ERR,ERR,ERR,ERR,ERR,ERR,ERR,ERR,ERR,ERR,ERR,ERR,ERR,ERR,ERR,ERR,ERR,ERR,ERR,ERR,ERR,ERR,ERR,ERR,ERR,ERR,ERR,ERR,ERR,ERR,ERR,ERR,ERR,ERR,ERR,ERR,ERR,ERR,ERR,ERR,ERR,ERR,ERR,ERR,ERR,50.0,60.0,100,0.0,0.0,0.0,0.0,0.0,0.0,0.0,0.0,0.0,0.0,0.0,0.0,0.0,0.0,0.0,0.0,62.0,73,14,65512,50,65476,0,300,0,0,8,20529,65476,0,0,26214,60.0,0.0,0.0,0.0,0.0,0.0
2026-05-17T18:33:18,ERR,ERR,ERR,ERR,ERR,ERR,ERR,ERR,ERR,ERR,ERR,ERR,ERR,ERR,ERR,ERR,ERR,ERR,ERR,ERR,ERR,ERR,ERR,ERR,ERR,ERR,ERR,ERR,ERR,ERR,ERR,ERR,ERR,ERR,ERR,ERR,ERR,ERR,ERR,ERR,ERR,ERR,ERR,ERR,ERR,ERR,ERR,ERR,ERR,ERR,ERR,ERR,ERR,ERR,ERR,ERR,ERR,ERR,ERR,ERR,ERR,ERR,ERR,ERR,ERR,ERR,ERR,ERR,ERR,ERR,ERR,ERR,ERR,ERR,ERR,ERR,ERR,ERR,ERR,ERR,ERR,ERR,ERR,ERR,ERR,ERR,ERR,ERR,ERR,ERR,ERR,ERR,ERR,ERR,ERR,ERR,ERR,ERR,ERR,ERR,ERR,ERR,ERR,ERR,ERR,ERR,ERR,ERR,ERR,ERR,ERR,ERR,ERR,ERR,ERR,ERR,ERR,ERR,ERR,ERR,ERR,ERR,ERR,ERR,ERR,0.0,0.0,0.0,0.0,0.0,1.3936040501711995e+18,7.805,0.0,0,0,4,0,8422,0.0,45,0.0,0.0,0.0,0.0,0.0,0,0,0,0,0.0,0,0,0,0,0,0,0,0,0,0,0,0,0,0,0,0,0,0,0,0,0,0,0,0,0,0,0,0,0,0,0,0,0,38,14,7,45,65476,0,300,0,0,8,21553,0.0,-107605600.0,0.0,0.0,0.0,0.0,0.0,0.0,0.0,0.0,0.0,0.0,0.0,0.0,0.0,0.0,0.0,0.0,0.0,0.0,0.0,0.0,0.0,2.004,-0.0,0.0,0.0,0.0,0.0,0.0,5014.0,564145833377792.0,0.0,0.0,0.0,-107615280.0,2.718429300292151e+23,0.0,0.0,0.0,0.0,53,-0.0,0.0,0.0,0.0,0.0,0.0,0.0,0.0,0.0,0,0,0,0.0,0.0,0.0,0.0,0.0,0.0,0.0,0.0,0.0,0.0,0.0,0.0,0.0,0.0,0.0,0.0,0,-107875648.0,53,0.0,106,-107614832.0,0.0,ERR,ERR,ERR,ERR,ERR,ERR,ERR,ERR,ERR,ERR,ERR,ERR,ERR,ERR,ERR,ERR,ERR,ERR,ERR,ERR,ERR,ERR,ERR,ERR,ERR,ERR,ERR,ERR,ERR,ERR,ERR,ERR,ERR,ERR,ERR,ERR,ERR,ERR,ERR,ERR,ERR,ERR,ERR,ERR,ERR,ERR,ERR,ERR,ERR,ERR,ERR,ERR,ERR,ERR,ERR,ERR,ERR,ERR,ERR,ERR,ERR,ERR,ERR,ERR,ERR,ERR,ERR,50.0,60.0,100,0.0,0.0,0.0,0.0,0.0,0.0,0.0,0.0,0.0,0.0,0.0,0.0,0.0,0.0,0.0,0.0,62.0,73,14,65512,50,65476,0,300,0,0,8,20529,65476,0,0,26214,60.0,0.0,0.0,0.0,0.0,0.0
2026-05-17T18:33:19,ERR,ERR,ERR,ERR,ERR,ERR,ERR,ERR,ERR,ERR,ERR,ERR,ERR,ERR,ERR,ERR,ERR,ERR,ERR,ERR,ERR,ERR,ERR,ERR,ERR,ERR,ERR,ERR,ERR,ERR,ERR,ERR,ERR,ERR,ERR,ERR,ERR,ERR,ERR,ERR,ERR,ERR,ERR,ERR,ERR,ERR,ERR,ERR,ERR,ERR,ERR,ERR,ERR,ERR,ERR,ERR,ERR,ERR,ERR,ERR,ERR,ERR,ERR,ERR,ERR,ERR,ERR,ERR,ERR,ERR,ERR,ERR,ERR,ERR,ERR,ERR,ERR,ERR,ERR,ERR,ERR,ERR,ERR,ERR,ERR,ERR,ERR,ERR,ERR,ERR,ERR,ERR,ERR,ERR,ERR,ERR,ERR,ERR,ERR,ERR,ERR,ERR,ERR,ERR,ERR,ERR,ERR,ERR,ERR,ERR,ERR,ERR,ERR,ERR,ERR,ERR,ERR,ERR,ERR,ERR,ERR,ERR,ERR,ERR,ERR,0.0,0.0,0.0,0.0,0.0,1.3936040501711995e+18,7.805,0.0,0,0,4,0,8422,0.0,45,0.0,0.0,0.0,0.0,0.0,0,0,0,0,0.0,0,0,0,0,0,0,0,0,0,0,0,0,0,0,0,0,0,0,0,0,0,0,0,0,0,0,0,0,0,0,0,0,0,38,14,7,45,65476,0,300,0,0,8,21553,0.0,-107605600.0,0.0,0.0,0.0,0.0,0.0,0.0,0.0,0.0,0.0,0.0,0.0,0.0,0.0,0.0,0.0,0.0,0.0,0.0,0.0,0.0,0.0,2.004,-0.0,0.0,0.0,0.0,0.0,0.0,5014.0,564145833377792.0,0.0,0.0,0.0,-107615280.0,2.718429300292151e+23,0.0,0.0,0.0,0.0,53,-0.0,0.0,0.0,0.0,0.0,0.0,0.0,0.0,0.0,0,0,0,0.0,0.0,0.0,0.0,0.0,0.0,0.0,0.0,0.0,0.0,0.0,0.0,0.0,0.0,0.0,0.0,0,-107875648.0,53,0.0,106,-107614832.0,0.0,ERR,ERR,ERR,ERR,ERR,ERR,ERR,ERR,ERR,ERR,ERR,ERR,ERR,ERR,ERR,ERR,ERR,ERR,ERR,ERR,ERR,ERR,ERR,ERR,ERR,ERR,ERR,ERR,ERR,ERR,ERR,ERR,ERR,ERR,ERR,ERR,ERR,ERR,ERR,ERR,ERR,ERR,ERR,ERR,ERR,ERR,ERR,ERR,ERR,ERR,ERR,ERR,ERR,ERR,ERR,ERR,ERR,ERR,ERR,ERR,ERR,ERR,ERR,ERR,ERR,ERR,ERR,50.0,60.0,100,0.0,0.0,0.0,0.0,0.0,0.0,0.0,0.0,0.0,0.0,0.0,0.0,0.0,0.0,0.0,0.0,61.6,73,14,65512,50,65476,0,300,0,0,8,20529,65476,0,0,26214,60.0,0.0,0.0,0.0,0.0,0.0
2026-05-17T18:33:20,ERR,ERR,ERR,ERR,ERR,ERR,ERR,ERR,ERR,ERR,ERR,ERR,ERR,ERR,ERR,ERR,ERR,ERR,ERR,ERR,ERR,ERR,ERR,ERR,ERR,ERR,ERR,ERR,ERR,ERR,ERR,ERR,ERR,ERR,ERR,ERR,ERR,ERR,ERR,ERR,ERR,ERR,ERR,ERR,ERR,ERR,ERR,ERR,ERR,ERR,ERR,ERR,ERR,ERR,ERR,ERR,ERR,ERR,ERR,ERR,ERR,ERR,ERR,ERR,ERR,ERR,ERR,ERR,ERR,ERR,ERR,ERR,ERR,ERR,ERR,ERR,ERR,ERR,ERR,ERR,ERR,ERR,ERR,ERR,ERR,ERR,ERR,ERR,ERR,ERR,ERR,ERR,ERR,ERR,ERR,ERR,ERR,ERR,ERR,ERR,ERR,ERR,ERR,ERR,ERR,ERR,ERR,ERR,ERR,ERR,ERR,ERR,ERR,ERR,ERR,ERR,ERR,ERR,ERR,ERR,ERR,ERR,ERR,ERR,ERR,0.0,0.0,0.0,0.0,0.0,1.3936040501711995e+18,7.805,0.0,0,0,4,0,8422,0.0,45,0.0,0.0,0.0,0.0,0.0,0,0,0,0,0.0,0,0,0,0,0,0,0,0,0,0,0,0,0,0,0,0,0,0,0,0,0,0,0,0,0,0,0,0,0,0,0,0,0,38,14,7,45,65476,0,300,0,0,8,21553,0.0,-107605600.0,0.0,0.0,0.0,0.0,0.0,0.0,0.0,0.0,0.0,0.0,0.0,0.0,0.0,0.0,0.0,0.0,0.0,0.0,0.0,0.0,0.0,2.004,-0.0,0.0,0.0,0.0,0.0,0.0,5014.0,564145833377792.0,0.0,0.0,0.0,-107615280.0,2.718429300292151e+23,0.0,0.0,0.0,0.0,53,-0.0,0.0,0.0,0.0,0.0,0.0,0.0,0.0,0.0,0,0,0,0.0,0.0,0.0,0.0,0.0,0.0,0.0,0.0,0.0,0.0,0.0,0.0,0.0,0.0,0.0,0.0,0,-107875648.0,53,0.0,106,-107614832.0,0.0,ERR,ERR,ERR,ERR,ERR,ERR,ERR,ERR,ERR,ERR,ERR,ERR,ERR,ERR,ERR,ERR,ERR,ERR,ERR,ERR,ERR,ERR,ERR,ERR,ERR,ERR,ERR,ERR,ERR,ERR,ERR,ERR,ERR,ERR,ERR,ERR,ERR,ERR,ERR,ERR,ERR,ERR,ERR,ERR,ERR,ERR,ERR,ERR,ERR,ERR,ERR,ERR,ERR,ERR,ERR,ERR,ERR,ERR,ERR,ERR,ERR,ERR,ERR,ERR,ERR,ERR,ERR,50.0,60.0,100,0.0,0.0,0.0,0.0,0.0,0.0,0.0,0.0,0.0,0.0,0.0,0.0,0.0,0.0,0.0,0.0,61.6,73,14,65512,50,65476,0,300,0,0,8,20529,65476,0,0,26214,60.0,0.0,0.0,0.0,0.0,0.0
2026-05-17T18:33:21,ERR,ERR,ERR,ERR,ERR,ERR,ERR,ERR,ERR,ERR,ERR,ERR,ERR,ERR,ERR,ERR,ERR,ERR,ERR,ERR,ERR,ERR,ERR,ERR,ERR,ERR,ERR,ERR,ERR,ERR,ERR,ERR,ERR,ERR,ERR,ERR,ERR,ERR,ERR,ERR,ERR,ERR,ERR,ERR,ERR,ERR,ERR,ERR,ERR,ERR,ERR,ERR,ERR,ERR,ERR,ERR,ERR,ERR,ERR,ERR,ERR,ERR,ERR,ERR,ERR,ERR,ERR,ERR,ERR,ERR,ERR,ERR,ERR,ERR,ERR,ERR,ERR,ERR,ERR,ERR,ERR,ERR,ERR,ERR,ERR,ERR,ERR,ERR,ERR,ERR,ERR,ERR,ERR,ERR,ERR,ERR,ERR,ERR,ERR,ERR,ERR,ERR,ERR,ERR,ERR,ERR,ERR,ERR,ERR,ERR,ERR,ERR,ERR,ERR,ERR,ERR,ERR,ERR,ERR,ERR,ERR,ERR,ERR,ERR,ERR,0.0,0.0,0.0,0.0,0.0,1.3936040501711995e+18,7.805,0.0,0,0,4,0,8422,0.0,45,0.0,0.0,0.0,0.0,0.0,0,0,0,0,0.0,0,0,0,0,0,0,0,0,0,0,0,0,0,0,0,0,0,0,0,0,0,0,0,0,0,0,0,0,0,0,0,0,0,38,14,7,45,65476,0,300,0,0,8,21553,0.0,-107605600.0,0.0,0.0,0.0,0.0,0.0,0.0,0.0,0.0,0.0,0.0,0.0,0.0,0.0,0.0,0.0,0.0,0.0,0.0,0.0,0.0,0.0,2.004,-0.0,0.0,0.0,0.0,0.0,0.0,5014.0,564145833377792.0,0.0,0.0,0.0,-107615280.0,2.718429300292151e+23,0.0,0.0,0.0,0.0,53,-0.0,0.0,0.0,0.0,0.0,0.0,0.0,0.0,0.0,0,0,0,0.0,0.0,0.0,0.0,0.0,0.0,0.0,0.0,0.0,0.0,0.0,0.0,0.0,0.0,0.0,0.0,0,-107875648.0,53,0.0,106,-107614832.0,0.0,ERR,ERR,ERR,ERR,ERR,ERR,ERR,ERR,ERR,ERR,ERR,ERR,ERR,ERR,ERR,ERR,ERR,ERR,ERR,ERR,ERR,ERR,ERR,ERR,ERR,ERR,ERR,ERR,ERR,ERR,ERR,ERR,ERR,ERR,ERR,ERR,ERR,ERR,ERR,ERR,ERR,ERR,ERR,ERR,ERR,ERR,ERR,ERR,ERR,ERR,ERR,ERR,ERR,ERR,ERR,ERR,ERR,ERR,ERR,ERR,ERR,ERR,ERR,ERR,ERR,ERR,ERR,50.0,60.0,100,0.0,0.0,0.0,0.0,0.0,0.0,0.0,0.0,0.0,0.0,0.0,0.0,0.0,0.0,0.0,0.0,61.6,73,14,65512,50,65476,0,300,0,0,8,20529,65476,0,0,26214,60.0,0.0,0.0,0.0,0.0,0.0
2026-05-17T18:33:22,ERR,ERR,ERR,ERR,ERR,ERR,ERR,ERR,ERR,ERR,ERR,ERR,ERR,ERR,ERR,ERR,ERR,ERR,ERR,ERR,ERR,ERR,ERR,ERR,ERR,ERR,ERR,ERR,ERR,ERR,ERR,ERR,ERR,ERR,ERR,ERR,ERR,ERR,ERR,ERR,ERR,ERR,ERR,ERR,ERR,ERR,ERR,ERR,ERR,ERR,ERR,ERR,ERR,ERR,ERR,ERR,ERR,ERR,ERR,ERR,ERR,ERR,ERR,ERR,ERR,ERR,ERR,ERR,ERR,ERR,ERR,ERR,ERR,ERR,ERR,ERR,ERR,ERR,ERR,ERR,ERR,ERR,ERR,ERR,ERR,ERR,ERR,ERR,ERR,ERR,ERR,ERR,ERR,ERR,ERR,ERR,ERR,ERR,ERR,ERR,ERR,ERR,ERR,ERR,ERR,ERR,ERR,ERR,ERR,ERR,ERR,ERR,ERR,ERR,ERR,ERR,ERR,ERR,ERR,ERR,ERR,ERR,ERR,ERR,ERR,0.0,0.0,0.0,0.0,0.0,1.3936040501711995e+18,7.805,0.0,0,0,4,0,8422,0.0,45,0.0,0.0,0.0,0.0,0.0,0,0,0,0,0.0,0,0,0,0,0,0,0,0,0,0,0,0,0,0,0,0,0,0,0,0,0,0,0,0,0,0,0,0,0,0,0,0,0,38,14,7,45,65476,0,300,0,0,8,21553,0.0,-107605600.0,0.0,0.0,0.0,0.0,0.0,0.0,0.0,0.0,0.0,0.0,0.0,0.0,-2.596148429267414e+33,0.0,0.0,0.0,0.0,0.0,0.0,0.0,0.0,2.004,-0.0,0.0,0.0,0.0,0.0,0.0,5016.0,-0.0,0.0,0.0,0.0,-107615280.0,2.718429300292151e+23,0.0,0.0,0.0,0.0,53,-0.0,126840537088.0,0.0,0.0,0.0,0.0,0.0,0.0,0.0,0,0,0,0.0,0.0,0.0,0.0,0.0,0.0,0.0,0.0,0.0,0.0,0.0,0.0,0.0,0.0,0.0,0.0,0,-107875648.0,53,0.0,106,-107614832.0,0.0,ERR,ERR,ERR,ERR,ERR,ERR,ERR,ERR,ERR,ERR,ERR,ERR,ERR,ERR,ERR,ERR,ERR,ERR,ERR,ERR,ERR,ERR,ERR,ERR,ERR,ERR,ERR,ERR,ERR,ERR,ERR,ERR,ERR,ERR,ERR,ERR,ERR,ERR,ERR,ERR,ERR,ERR,ERR,ERR,ERR,ERR,ERR,ERR,ERR,ERR,ERR,ERR,ERR,ERR,ERR,ERR,ERR,ERR,ERR,ERR,ERR,ERR,ERR,ERR,ERR,ERR,ERR,50.0,60.0,100,0.0,0.0,0.0,0.0,0.0,0.0,0.0,0.0,0.0,0.0,0.0,0.0,0.0,0.0,0.0,0.0,61.6,73,14,65512,50,65476,0,300,0,0,8,20529,65476,0,0,26214,60.0,0.0,0.0,0.0,0.0,0.0
2026-05-17T18:33:23,ERR,ERR,ERR,ERR,ERR,ERR,ERR,ERR,ERR,ERR,ERR,ERR,ERR,ERR,ERR,ERR,ERR,ERR,ERR,ERR,ERR,ERR,ERR,ERR,ERR,ERR,ERR,ERR,ERR,ERR,ERR,ERR,ERR,ERR,ERR,ERR,ERR,ERR,ERR,ERR,ERR,ERR,ERR,ERR,ERR,ERR,ERR,ERR,ERR,ERR,ERR,ERR,ERR,ERR,ERR,ERR,ERR,ERR,ERR,ERR,ERR,ERR,ERR,ERR,ERR,ERR,ERR,ERR,ERR,ERR,ERR,ERR,ERR,ERR,ERR,ERR,ERR,ERR,ERR,ERR,ERR,ERR,ERR,ERR,ERR,ERR,ERR,ERR,ERR,ERR,ERR,ERR,ERR,ERR,ERR,ERR,ERR,ERR,ERR,ERR,ERR,ERR,ERR,ERR,ERR,ERR,ERR,ERR,ERR,ERR,ERR,ERR,ERR,ERR,ERR,ERR,ERR,ERR,ERR,ERR,ERR,ERR,ERR,ERR,ERR,0.0,0.0,0.0,0.0,0.0,1.3936040501711995e+18,7.805,0.0,0,0,4,0,8422,0.0,45,0.0,0.0,0.0,0.0,0.0,0,0,0,0,0.0,0,0,0,0,0,0,0,0,0,0,0,0,0,0,0,0,0,0,0,0,0,0,0,0,0,0,0,0,0,0,0,0,0,38,14,7,45,65476,0,300,0,0,8,21553,0.0,-107605600.0,0.0,0.0,0.0,0.0,0.0,0.0,0.0,0.0,0.0,0.0,0.0,0.0,-2.596148429267414e+33,0.0,0.0,0.0,0.0,0.0,0.0,0.0,0.0,2.004,-0.0,0.0,0.0,0.0,0.0,0.0,5016.0,-0.0,0.0,0.0,0.0,-107615280.0,2.718429300292151e+23,0.0,0.0,0.0,0.0,53,-0.0,126840537088.0,0.0,0.0,0.0,0.0,0.0,0.0,0.0,0,0,0,0.0,0.0,0.0,0.0,0.0,0.0,0.0,0.0,0.0,0.0,0.0,0.0,0.0,0.0,0.0,0.0,0,-107875648.0,53,0.0,106,-107614832.0,0.0,ERR,ERR,ERR,ERR,ERR,ERR,ERR,ERR,ERR,ERR,ERR,ERR,ERR,ERR,ERR,ERR,ERR,ERR,ERR,ERR,ERR,ERR,ERR,ERR,ERR,ERR,ERR,ERR,ERR,ERR,ERR,ERR,ERR,ERR,ERR,ERR,ERR,ERR,ERR,ERR,ERR,ERR,ERR,ERR,ERR,ERR,ERR,ERR,ERR,ERR,ERR,ERR,ERR,ERR,ERR,ERR,ERR,ERR,ERR,ERR,ERR,ERR,ERR,ERR,ERR,ERR,ERR,50.0,60.0,100,0.0,0.0,0.0,0.0,0.0,0.0,0.0,0.0,0.0,0.0,0.0,0.0,0.0,0.0,0.0,0.0,61.6,73,14,65512,50,65476,0,300,0,0,8,20529,65476,0,0,26214,60.0,0.0,0.0,0.0,0.0,0.0
2026-05-17T18:33:24,ERR,ERR,ERR,ERR,ERR,ERR,ERR,ERR,ERR,ERR,ERR,ERR,ERR,ERR,ERR,ERR,ERR,ERR,ERR,ERR,ERR,ERR,ERR,ERR,ERR,ERR,ERR,ERR,ERR,ERR,ERR,ERR,ERR,ERR,ERR,ERR,ERR,ERR,ERR,ERR,ERR,ERR,ERR,ERR,ERR,ERR,ERR,ERR,ERR,ERR,ERR,ERR,ERR,ERR,ERR,ERR,ERR,ERR,ERR,ERR,ERR,ERR,ERR,ERR,ERR,ERR,ERR,ERR,ERR,ERR,ERR,ERR,ERR,ERR,ERR,ERR,ERR,ERR,ERR,ERR,ERR,ERR,ERR,ERR,ERR,ERR,ERR,ERR,ERR,ERR,ERR,ERR,ERR,ERR,ERR,ERR,ERR,ERR,ERR,ERR,ERR,ERR,ERR,ERR,ERR,ERR,ERR,ERR,ERR,ERR,ERR,ERR,ERR,ERR,ERR,ERR,ERR,ERR,ERR,ERR,ERR,ERR,ERR,ERR,ERR,0.0,0.0,0.0,0.0,0.0,1.3936040501711995e+18,7.805,0.0,0,0,4,0,8422,0.0,45,0.0,0.0,0.0,0.0,0.0,0,0,0,0,0.0,0,0,0,0,0,0,0,0,0,0,0,0,0,0,0,0,0,0,0,0,0,0,0,0,0,0,0,0,0,0,0,0,0,38,14,7,45,65476,0,300,0,0,8,21553,0.0,-107605600.0,0.0,0.0,0.0,0.0,0.0,0.0,0.0,0.0,0.0,0.0,0.0,0.0,-2.596148429267414e+33,0.0,0.0,0.0,0.0,0.0,0.0,0.0,0.0,2.004,-0.0,0.0,0.0,0.0,0.0,0.0,5016.0,-0.0,0.0,0.0,0.0,-107615280.0,2.718429300292151e+23,0.0,0.0,0.0,0.0,53,-0.0,126840537088.0,0.0,0.0,0.0,0.0,0.0,0.0,0.0,0,0,0,0.0,0.0,0.0,0.0,0.0,0.0,0.0,0.0,0.0,0.0,0.0,0.0,0.0,0.0,0.0,0.0,0,-107875648.0,53,0.0,106,-107614832.0,0.0,ERR,ERR,ERR,ERR,ERR,ERR,ERR,ERR,ERR,ERR,ERR,ERR,ERR,ERR,ERR,ERR,ERR,ERR,ERR,ERR,ERR,ERR,ERR,ERR,ERR,ERR,ERR,ERR,ERR,ERR,ERR,ERR,ERR,ERR,ERR,ERR,ERR,ERR,ERR,ERR,ERR,ERR,ERR,ERR,ERR,ERR,ERR,ERR,ERR,ERR,ERR,ERR,ERR,ERR,ERR,ERR,ERR,ERR,ERR,ERR,ERR,ERR,ERR,ERR,ERR,ERR,ERR,50.0,60.0,100,0.0,0.0,0.0,0.0,0.0,0.0,0.0,0.0,0.0,0.0,0.0,0.0,0.0,0.0,0.0,0.0,61.6,73,14,65512,50,65476,0,300,0,0,8,20529,65476,0,0,26214,60.0,0.0,0.0,0.0,0.0,0.0
2026-05-17T18:33:25,ERR,ERR,ERR,ERR,ERR,ERR,ERR,ERR,ERR,ERR,ERR,ERR,ERR,ERR,ERR,ERR,ERR,ERR,ERR,ERR,ERR,ERR,ERR,ERR,ERR,ERR,ERR,ERR,ERR,ERR,ERR,ERR,ERR,ERR,ERR,ERR,ERR,ERR,ERR,ERR,ERR,ERR,ERR,ERR,ERR,ERR,ERR,ERR,ERR,ERR,ERR,ERR,ERR,ERR,ERR,ERR,ERR,ERR,ERR,ERR,ERR,ERR,ERR,ERR,ERR,ERR,ERR,ERR,ERR,ERR,ERR,ERR,ERR,ERR,ERR,ERR,ERR,ERR,ERR,ERR,ERR,ERR,ERR,ERR,ERR,ERR,ERR,ERR,ERR,ERR,ERR,ERR,ERR,ERR,ERR,ERR,ERR,ERR,ERR,ERR,ERR,ERR,ERR,ERR,ERR,ERR,ERR,ERR,ERR,ERR,ERR,ERR,ERR,ERR,ERR,ERR,ERR,ERR,ERR,ERR,ERR,ERR,ERR,ERR,ERR,0.0,0.0,0.0,0.0,0.0,1.3936040501711995e+18,7.805,0.0,0,0,4,0,8422,0.0,45,0.0,0.0,0.0,0.0,0.0,0,0,0,0,0.0,0,0,0,0,0,0,0,0,0,0,0,0,0,0,0,0,0,0,0,0,0,0,0,0,0,0,0,0,0,0,0,0,0,38,14,7,45,65476,0,300,0,0,8,21553,0.0,-107605600.0,0.0,0.0,0.0,0.0,0.0,0.0,0.0,0.0,0.0,0.0,0.0,0.0,-2.596148429267414e+33,0.0,0.0,0.0,0.0,0.0,0.0,0.0,0.0,2.004,-0.0,0.0,0.0,0.0,0.0,0.0,5016.0,-0.0,0.0,0.0,0.0,-107615280.0,2.718429300292151e+23,0.0,0.0,0.0,0.0,53,-0.0,126840537088.0,0.0,0.0,0.0,0.0,0.0,0.0,0.0,0,0,0,0.0,0.0,0.0,0.0,0.0,0.0,0.0,0.0,0.0,0.0,0.0,0.0,0.0,0.0,0.0,0.0,0,-107875648.0,53,0.0,106,-107614832.0,0.0,ERR,ERR,ERR,ERR,ERR,ERR,ERR,ERR,ERR,ERR,ERR,ERR,ERR,ERR,ERR,ERR,ERR,ERR,ERR,ERR,ERR,ERR,ERR,ERR,ERR,ERR,ERR,ERR,ERR,ERR,ERR,ERR,ERR,ERR,ERR,ERR,ERR,ERR,ERR,ERR,ERR,ERR,ERR,ERR,ERR,ERR,ERR,ERR,ERR,ERR,ERR,ERR,ERR,ERR,ERR,ERR,ERR,ERR,ERR,ERR,ERR,ERR,ERR,ERR,ERR,ERR,ERR,50.0,60.0,100,0.0,0.0,0.0,0.0,0.0,0.0,0.0,0.0,0.0,0.0,0.0,0.0,0.0,0.0,0.0,0.0,61.6,73,14,65512,50,65476,0,300,0,0,8,20529,65476,0,0,26214,60.0,0.0,0.0,0.0,0.0,0.0
2026-05-17T18:33:26,ERR,ERR,ERR,ERR,ERR,ERR,ERR,ERR,ERR,ERR,ERR,ERR,ERR,ERR,ERR,ERR,ERR,ERR,ERR,ERR,ERR,ERR,ERR,ERR,ERR,ERR,ERR,ERR,ERR,ERR,ERR,ERR,ERR,ERR,ERR,ERR,ERR,ERR,ERR,ERR,ERR,ERR,ERR,ERR,ERR,ERR,ERR,ERR,ERR,ERR,ERR,ERR,ERR,ERR,ERR,ERR,ERR,ERR,ERR,ERR,ERR,ERR,ERR,ERR,ERR,ERR,ERR,ERR,ERR,ERR,ERR,ERR,ERR,ERR,ERR,ERR,ERR,ERR,ERR,ERR,ERR,ERR,ERR,ERR,ERR,ERR,ERR,ERR,ERR,ERR,ERR,ERR,ERR,ERR,ERR,ERR,ERR,ERR,ERR,ERR,ERR,ERR,ERR,ERR,ERR,ERR,ERR,ERR,ERR,ERR,ERR,ERR,ERR,ERR,ERR,ERR,ERR,ERR,ERR,ERR,ERR,ERR,ERR,ERR,ERR,0.0,0.0,0.0,0.0,0.0,1.3936040501711995e+18,7.805,0.0,0,0,4,0,8422,0.0,45,0.0,0.0,0.0,0.0,0.0,0,0,0,0,0.0,0,0,0,0,0,0,0,0,0,0,0,0,0,0,0,0,0,0,0,0,0,0,0,0,0,0,0,0,0,0,0,0,0,38,14,7,45,65476,0,300,0,0,8,21553,0.0,-107605600.0,0.0,0.0,0.0,0.0,0.0,0.0,0.0,0.0,0.0,0.0,0.0,0.0,-2.596148429267414e+33,0.0,0.0,0.0,0.0,0.0,0.0,0.0,0.0,2.004,-0.0,0.0,0.0,0.0,0.0,0.0,5016.0,-0.0,0.0,0.0,0.0,-107615280.0,2.718429300292151e+23,0.0,0.0,0.0,0.0,53,-0.0,126840537088.0,0.0,0.0,0.0,0.0,0.0,0.0,0.0,0,0,0,0.0,0.0,0.0,0.0,0.0,0.0,0.0,0.0,0.0,0.0,0.0,0.0,0.0,0.0,0.0,0.0,0,-107875648.0,53,0.0,106,-107614832.0,0.0,ERR,ERR,ERR,ERR,ERR,ERR,ERR,ERR,ERR,ERR,ERR,ERR,ERR,ERR,ERR,ERR,ERR,ERR,ERR,ERR,ERR,ERR,ERR,ERR,ERR,ERR,ERR,ERR,ERR,ERR,ERR,ERR,ERR,ERR,ERR,ERR,ERR,ERR,ERR,ERR,ERR,ERR,ERR,ERR,ERR,ERR,ERR,ERR,ERR,ERR,ERR,ERR,ERR,ERR,ERR,ERR,ERR,ERR,ERR,ERR,ERR,ERR,ERR,ERR,ERR,ERR,ERR,50.0,60.0,100,0.0,0.0,0.0,0.0,0.0,0.0,0.0,0.0,0.0,0.0,0.0,0.0,0.0,0.0,0.0,0.0,61.6,73,14,65512,50,65476,0,300,0,0,8,20529,65476,0,0,26214,60.0,0.0,0.0,0.0,0.0,0.0
2026-05-17T18:33:27,ERR,ERR,ERR,ERR,ERR,ERR,ERR,ERR,ERR,ERR,ERR,ERR,ERR,ERR,ERR,ERR,ERR,ERR,ERR,ERR,ERR,ERR,ERR,ERR,ERR,ERR,ERR,ERR,ERR,ERR,ERR,ERR,ERR,ERR,ERR,ERR,ERR,ERR,ERR,ERR,ERR,ERR,ERR,ERR,ERR,ERR,ERR,ERR,ERR,ERR,ERR,ERR,ERR,ERR,ERR,ERR,ERR,ERR,ERR,ERR,ERR,ERR,ERR,ERR,ERR,ERR,ERR,ERR,ERR,ERR,ERR,ERR,ERR,ERR,ERR,ERR,ERR,ERR,ERR,ERR,ERR,ERR,ERR,ERR,ERR,ERR,ERR,ERR,ERR,ERR,ERR,ERR,ERR,ERR,ERR,ERR,ERR,ERR,ERR,ERR,ERR,ERR,ERR,ERR,ERR,ERR,ERR,ERR,ERR,ERR,ERR,ERR,ERR,ERR,ERR,ERR,ERR,ERR,ERR,ERR,ERR,ERR,ERR,ERR,ERR,0.0,0.0,0.0,0.0,0.0,1.3936040501711995e+18,7.805,0.0,0,0,4,0,8422,0.0,45,0.0,0.0,0.0,0.0,0.0,0,0,0,0,0.0,0,0,0,0,0,0,0,0,0,0,0,0,0,0,0,0,0,0,0,0,0,0,0,0,0,0,0,0,0,0,0,0,0,38,14,7,45,65476,0,300,0,0,8,21553,0.0,-107605600.0,0.0,0.0,0.0,0.0,0.0,0.0,0.0,0.0,0.0,0.0,0.0,0.0,0.0,0.0,0.0,0.0,0.0,0.0,0.0,0.0,0.0,2.004,-0.0,0.0,0.0,0.0,0.0,0.0,5020.0,2.422987904532282e+24,0.0,0.0,0.0,-107615280.0,2.718429300292151e+23,0.0,0.0,0.0,0.0,53,-0.0,0.0,0.0,0.0,0.0,0.0,0.0,0.0,0.0,0,0,0,0.0,0.0,0.0,0.0,0.0,0.0,0.0,0.0,0.0,0.0,0.0,0.0,0.0,0.0,0.0,0.0,0,-107875648.0,53,0.0,106,-107614832.0,0.0,ERR,ERR,ERR,ERR,ERR,ERR,ERR,ERR,ERR,ERR,ERR,ERR,ERR,ERR,ERR,ERR,ERR,ERR,ERR,ERR,ERR,ERR,ERR,ERR,ERR,ERR,ERR,ERR,ERR,ERR,ERR,ERR,ERR,ERR,ERR,ERR,ERR,ERR,ERR,ERR,ERR,ERR,ERR,ERR,ERR,ERR,ERR,ERR,ERR,ERR,ERR,ERR,ERR,ERR,ERR,ERR,ERR,ERR,ERR,ERR,ERR,ERR,ERR,ERR,ERR,ERR,ERR,50.0,60.0,100,0.0,0.0,0.0,0.0,0.0,0.0,0.0,0.0,0.0,0.0,0.0,0.0,0.0,0.0,0.0,0.0,61.6,73,14,65512,50,65476,0,300,0,0,8,20529,65476,0,0,26214,60.0,0.0,0.0,0.0,0.0,0.0
2026-05-17T18:33:28,ERR,ERR,ERR,ERR,ERR,ERR,ERR,ERR,ERR,ERR,ERR,ERR,ERR,ERR,ERR,ERR,ERR,ERR,ERR,ERR,ERR,ERR,ERR,ERR,ERR,ERR,ERR,ERR,ERR,ERR,ERR,ERR,ERR,ERR,ERR,ERR,ERR,ERR,ERR,ERR,ERR,ERR,ERR,ERR,ERR,ERR,ERR,ERR,ERR,ERR,ERR,ERR,ERR,ERR,ERR,ERR,ERR,ERR,ERR,ERR,ERR,ERR,ERR,ERR,ERR,ERR,ERR,ERR,ERR,ERR,ERR,ERR,ERR,ERR,ERR,ERR,ERR,ERR,ERR,ERR,ERR,ERR,ERR,ERR,ERR,ERR,ERR,ERR,ERR,ERR,ERR,ERR,ERR,ERR,ERR,ERR,ERR,ERR,ERR,ERR,ERR,ERR,ERR,ERR,ERR,ERR,ERR,ERR,ERR,ERR,ERR,ERR,ERR,ERR,ERR,ERR,ERR,ERR,ERR,ERR,ERR,ERR,ERR,ERR,ERR,0.0,0.0,0.0,0.0,0.0,1.3936040501711995e+18,7.805,0.0,0,0,4,0,8422,0.0,45,0.0,0.0,0.0,0.0,0.0,0,0,0,0,0.0,0,0,0,0,0,0,0,0,0,0,0,0,0,0,0,0,0,0,0,0,0,0,0,0,0,0,0,0,0,0,0,0,0,38,14,7,45,65476,0,300,0,0,8,21553,0.0,-107605600.0,0.0,0.0,0.0,0.0,0.0,0.0,0.0,0.0,0.0,0.0,0.0,0.0,0.0,0.0,0.0,0.0,0.0,0.0,0.0,0.0,0.0,2.004,-0.0,0.0,0.0,0.0,0.0,0.0,5020.0,2.422987904532282e+24,0.0,0.0,0.0,-107615280.0,2.718429300292151e+23,0.0,0.0,0.0,0.0,53,-0.0,0.0,0.0,0.0,0.0,0.0,0.0,0.0,0.0,0,0,0,0.0,0.0,0.0,0.0,0.0,0.0,0.0,0.0,0.0,0.0,0.0,0.0,0.0,0.0,0.0,0.0,0,-107875648.0,53,0.0,106,-107614832.0,0.0,ERR,ERR,ERR,ERR,ERR,ERR,ERR,ERR,ERR,ERR,ERR,ERR,ERR,ERR,ERR,ERR,ERR,ERR,ERR,ERR,ERR,ERR,ERR,ERR,ERR,ERR,ERR,ERR,ERR,ERR,ERR,ERR,ERR,ERR,ERR,ERR,ERR,ERR,ERR,ERR,ERR,ERR,ERR,ERR,ERR,ERR,ERR,ERR,ERR,ERR,ERR,ERR,ERR,ERR,ERR,ERR,ERR,ERR,ERR,ERR,ERR,ERR,ERR,ERR,ERR,ERR,ERR,50.0,60.0,100,0.0,0.0,0.0,0.0,0.0,0.0,0.0,0.0,0.0,0.0,0.0,0.0,0.0,0.0,0.0,0.0,62.0,73,14,65512,50,65476,0,300,0,0,8,20529,65476,0,0,26214,60.0,0.0,0.0,0.0,0.0,0.0
2026-05-17T18:33:29,ERR,ERR,ERR,ERR,ERR,ERR,ERR,ERR,ERR,ERR,ERR,ERR,ERR,ERR,ERR,ERR,ERR,ERR,ERR,ERR,ERR,ERR,ERR,ERR,ERR,ERR,ERR,ERR,ERR,ERR,ERR,ERR,ERR,ERR,ERR,ERR,ERR,ERR,ERR,ERR,ERR,ERR,ERR,ERR,ERR,ERR,ERR,ERR,ERR,ERR,ERR,ERR,ERR,ERR,ERR,ERR,ERR,ERR,ERR,ERR,ERR,ERR,ERR,ERR,ERR,ERR,ERR,ERR,ERR,ERR,ERR,ERR,ERR,ERR,ERR,ERR,ERR,ERR,ERR,ERR,ERR,ERR,ERR,ERR,ERR,ERR,ERR,ERR,ERR,ERR,ERR,ERR,ERR,ERR,ERR,ERR,ERR,ERR,ERR,ERR,ERR,ERR,ERR,ERR,ERR,ERR,ERR,ERR,ERR,ERR,ERR,ERR,ERR,ERR,ERR,ERR,ERR,ERR,ERR,ERR,ERR,ERR,ERR,ERR,ERR,0.0,0.0,0.0,0.0,0.0,1.3936040501711995e+18,7.805,0.0,0,0,4,0,8422,0.0,45,0.0,0.0,0.0,0.0,0.0,0,0,0,0,0.0,0,0,0,0,0,0,0,0,0,0,0,0,0,0,0,0,0,0,0,0,0,0,0,0,0,0,0,0,0,0,0,0,0,38,14,7,45,65476,0,300,0,0,8,21553,0.0,-107605600.0,0.0,0.0,0.0,0.0,0.0,0.0,0.0,0.0,0.0,0.0,0.0,0.0,0.0,0.0,0.0,0.0,0.0,0.0,0.0,0.0,0.0,2.004,-0.0,0.0,0.0,0.0,0.0,0.0,5020.0,2.422987904532282e+24,0.0,0.0,0.0,-107615280.0,2.718429300292151e+23,0.0,0.0,0.0,0.0,53,-0.0,0.0,0.0,0.0,0.0,0.0,0.0,0.0,0.0,0,0,0,0.0,0.0,0.0,0.0,0.0,0.0,0.0,0.0,0.0,0.0,0.0,0.0,0.0,0.0,0.0,0.0,0,-107875648.0,53,0.0,106,-107614832.0,0.0,ERR,ERR,ERR,ERR,ERR,ERR,ERR,ERR,ERR,ERR,ERR,ERR,ERR,ERR,ERR,ERR,ERR,ERR,ERR,ERR,ERR,ERR,ERR,ERR,ERR,ERR,ERR,ERR,ERR,ERR,ERR,ERR,ERR,ERR,ERR,ERR,ERR,ERR,ERR,ERR,ERR,ERR,ERR,ERR,ERR,ERR,ERR,ERR,ERR,ERR,ERR,ERR,ERR,ERR,ERR,ERR,ERR,ERR,ERR,ERR,ERR,ERR,ERR,ERR,ERR,ERR,ERR,50.0,60.0,100,0.0,0.0,0.0,0.0,0.0,0.0,0.0,0.0,0.0,0.0,0.0,0.0,0.0,0.0,0.0,0.0,62.0,73,14,65512,50,65476,0,300,0,0,8,20529,65476,0,0,26214,60.0,0.0,0.0,0.0,0.0,0.0
2026-05-17T18:33:30,ERR,ERR,ERR,ERR,ERR,ERR,ERR,ERR,ERR,ERR,ERR,ERR,ERR,ERR,ERR,ERR,ERR,ERR,ERR,ERR,ERR,ERR,ERR,ERR,ERR,ERR,ERR,ERR,ERR,ERR,ERR,ERR,ERR,ERR,ERR,ERR,ERR,ERR,ERR,ERR,ERR,ERR,ERR,ERR,ERR,ERR,ERR,ERR,ERR,ERR,ERR,ERR,ERR,ERR,ERR,ERR,ERR,ERR,ERR,ERR,ERR,ERR,ERR,ERR,ERR,ERR,ERR,ERR,ERR,ERR,ERR,ERR,ERR,ERR,ERR,ERR,ERR,ERR,ERR,ERR,ERR,ERR,ERR,ERR,ERR,ERR,ERR,ERR,ERR,ERR,ERR,ERR,ERR,ERR,ERR,ERR,ERR,ERR,ERR,ERR,ERR,ERR,ERR,ERR,ERR,ERR,ERR,ERR,ERR,ERR,ERR,ERR,ERR,ERR,ERR,ERR,ERR,ERR,ERR,ERR,ERR,ERR,ERR,ERR,ERR,0.0,0.0,0.0,0.0,0.0,1.3936040501711995e+18,7.805,0.0,0,0,4,0,8422,0.0,45,0.0,0.0,0.0,0.0,0.0,0,0,0,0,0.0,0,0,0,0,0,0,0,0,0,0,0,0,0,0,0,0,0,0,0,0,0,0,0,0,0,0,0,0,0,0,0,0,0,38,14,7,45,65476,0,300,0,0,8,21553,0.0,-107605600.0,0.0,0.0,0.0,0.0,0.0,0.0,0.0,0.0,0.0,0.0,0.0,0.0,0.0,0.0,0.0,0.0,0.0,0.0,0.0,0.0,0.0,2.004,-0.0,0.0,0.0,0.0,0.0,0.0,5020.0,2.422987904532282e+24,0.0,0.0,0.0,-107615280.0,2.718429300292151e+23,0.0,0.0,0.0,0.0,53,-0.0,0.0,0.0,0.0,0.0,0.0,0.0,0.0,0.0,0,0,0,0.0,0.0,0.0,0.0,0.0,0.0,0.0,0.0,0.0,0.0,0.0,0.0,0.0,0.0,0.0,0.0,0,-107875648.0,53,0.0,106,-107614832.0,0.0,ERR,ERR,ERR,ERR,ERR,ERR,ERR,ERR,ERR,ERR,ERR,ERR,ERR,ERR,ERR,ERR,ERR,ERR,ERR,ERR,ERR,ERR,ERR,ERR,ERR,ERR,ERR,ERR,ERR,ERR,ERR,ERR,ERR,ERR,ERR,ERR,ERR,ERR,ERR,ERR,ERR,ERR,ERR,ERR,ERR,ERR,ERR,ERR,ERR,ERR,ERR,ERR,ERR,ERR,ERR,ERR,ERR,ERR,ERR,ERR,ERR,ERR,ERR,ERR,ERR,ERR,ERR,50.0,60.0,100,0.0,0.0,0.0,0.0,0.0,0.0,0.0,0.0,0.0,0.0,0.0,0.0,0.0,0.0,0.0,0.0,61.6,73,14,65512,50,65476,0,300,0,0,8,20529,65476,0,0,26214,60.0,0.0,0.0,0.0,0.0,0.0
2026-05-17T18:33:31,ERR,ERR,ERR,ERR,ERR,ERR,ERR,ERR,ERR,ERR,ERR,ERR,ERR,ERR,ERR,ERR,ERR,ERR,ERR,ERR,ERR,ERR,ERR,ERR,ERR,ERR,ERR,ERR,ERR,ERR,ERR,ERR,ERR,ERR,ERR,ERR,ERR,ERR,ERR,ERR,ERR,ERR,ERR,ERR,ERR,ERR,ERR,ERR,ERR,ERR,ERR,ERR,ERR,ERR,ERR,ERR,ERR,ERR,ERR,ERR,ERR,ERR,ERR,ERR,ERR,ERR,ERR,ERR,ERR,ERR,ERR,ERR,ERR,ERR,ERR,ERR,ERR,ERR,ERR,ERR,ERR,ERR,ERR,ERR,ERR,ERR,ERR,ERR,ERR,ERR,ERR,ERR,ERR,ERR,ERR,ERR,ERR,ERR,ERR,ERR,ERR,ERR,ERR,ERR,ERR,ERR,ERR,ERR,ERR,ERR,ERR,ERR,ERR,ERR,ERR,ERR,ERR,ERR,ERR,ERR,ERR,ERR,ERR,ERR,ERR,0.0,0.0,0.0,0.0,0.0,1.3936040501711995e+18,7.805,0.0,0,0,4,0,8422,0.0,45,0.0,0.0,0.0,0.0,0.0,0,0,0,0,0.0,0,0,0,0,0,0,0,0,0,0,0,0,0,0,0,0,0,0,0,0,0,0,0,0,0,0,0,0,0,0,0,0,0,38,14,7,45,65476,0,300,0,0,8,21553,0.0,-107605600.0,0.0,0.0,0.0,0.0,0.0,0.0,0.0,0.0,0.0,0.0,0.0,0.0,0.0,0.0,0.0,0.0,0.0,0.0,0.0,0.0,0.0,2.004,-0.0,0.0,0.0,0.0,0.0,0.0,5020.0,2.422987904532282e+24,0.0,0.0,0.0,-107615280.0,2.718429300292151e+23,0.0,0.0,0.0,0.0,53,-0.0,0.0,0.0,0.0,0.0,0.0,0.0,0.0,0.0,0,0,0,0.0,0.0,0.0,0.0,0.0,0.0,0.0,0.0,0.0,0.0,0.0,0.0,0.0,0.0,0.0,0.0,0,-107875648.0,53,0.0,106,-107614832.0,0.0,ERR,ERR,ERR,ERR,ERR,ERR,ERR,ERR,ERR,ERR,ERR,ERR,ERR,ERR,ERR,ERR,ERR,ERR,ERR,ERR,ERR,ERR,ERR,ERR,ERR,ERR,ERR,ERR,ERR,ERR,ERR,ERR,ERR,ERR,ERR,ERR,ERR,ERR,ERR,ERR,ERR,ERR,ERR,ERR,ERR,ERR,ERR,ERR,ERR,ERR,ERR,ERR,ERR,ERR,ERR,ERR,ERR,ERR,ERR,ERR,ERR,ERR,ERR,ERR,ERR,ERR,ERR,50.0,60.0,100,0.0,0.0,0.0,0.0,0.0,0.0,0.0,0.0,0.0,0.0,0.0,0.0,0.0,0.0,0.0,0.0,61.6,73,14,65512,50,65476,0,300,0,0,8,20529,65476,0,0,26214,60.0,0.0,0.0,0.0,0.0,0.0
2026-05-17T18:33:32,ERR,ERR,ERR,ERR,ERR,ERR,ERR,ERR,ERR,ERR,ERR,ERR,ERR,ERR,ERR,ERR,ERR,ERR,ERR,ERR,ERR,ERR,ERR,ERR,ERR,ERR,ERR,ERR,ERR,ERR,ERR,ERR,ERR,ERR,ERR,ERR,ERR,ERR,ERR,ERR,ERR,ERR,ERR,ERR,ERR,ERR,ERR,ERR,ERR,ERR,ERR,ERR,ERR,ERR,ERR,ERR,ERR,ERR,ERR,ERR,ERR,ERR,ERR,ERR,ERR,ERR,ERR,ERR,ERR,ERR,ERR,ERR,ERR,ERR,ERR,ERR,ERR,ERR,ERR,ERR,ERR,ERR,ERR,ERR,ERR,ERR,ERR,ERR,ERR,ERR,ERR,ERR,ERR,ERR,ERR,ERR,ERR,ERR,ERR,ERR,ERR,ERR,ERR,ERR,ERR,ERR,ERR,ERR,ERR,ERR,ERR,ERR,ERR,ERR,ERR,ERR,ERR,ERR,ERR,ERR,ERR,ERR,ERR,ERR,ERR,0.0,0.0,0.0,0.0,0.0,1.3936040501711995e+18,7.805,0.0,0,0,4,0,8422,0.0,45,0.0,0.0,0.0,0.0,0.0,0,0,0,0,0.0,0,0,0,0,0,0,0,0,0,0,0,0,0,0,0,0,0,0,0,0,0,0,0,0,0,0,0,0,0,0,0,0,0,38,14,7,45,65476,0,300,0,0,8,21553,0.0,-107605600.0,0.0,0.0,0.0,0.0,0.0,0.0,0.0,0.0,0.0,0.0,0.0,0.0,0.0,0.0,0.0,0.0,0.0,0.0,0.0,0.0,0.0,2.004,-0.0,0.0,0.0,0.0,0.0,0.0,5014.0,8608182272.0,0.0,0.0,0.0,-107615280.0,2.718429300292151e+23,0.0,0.0,0.0,0.0,53,-0.0,0.0,0.0,0.0,0.0,0.0,0.0,0.0,0.0,0,0,0,0.0,0.0,0.0,0.0,0.0,0.0,0.0,0.0,0.0,0.0,0.0,0.0,0.0,0.0,0.0,0.0,0,-107875648.0,53,0.0,106,-107614832.0,0.0,ERR,ERR,ERR,ERR,ERR,ERR,ERR,ERR,ERR,ERR,ERR,ERR,ERR,ERR,ERR,ERR,ERR,ERR,ERR,ERR,ERR,ERR,ERR,ERR,ERR,ERR,ERR,ERR,ERR,ERR,ERR,ERR,ERR,ERR,ERR,ERR,ERR,ERR,ERR,ERR,ERR,ERR,ERR,ERR,ERR,ERR,ERR,ERR,ERR,ERR,ERR,ERR,ERR,ERR,ERR,ERR,ERR,ERR,ERR,ERR,ERR,ERR,ERR,ERR,ERR,ERR,ERR,50.0,60.0,100,0.0,0.0,0.0,0.0,0.0,0.0,0.0,0.0,0.0,0.0,0.0,0.0,0.0,0.0,0.0,0.0,61.6,73,14,65512,50,65476,0,300,0,0,8,20529,65476,0,0,26214,60.0,0.0,0.0,0.0,0.0,0.0
2026-05-17T18:33:33,ERR,ERR,ERR,ERR,ERR,ERR,ERR,ERR,ERR,ERR,ERR,ERR,ERR,ERR,ERR,ERR,ERR,ERR,ERR,ERR,ERR,ERR,ERR,ERR,ERR,ERR,ERR,ERR,ERR,ERR,ERR,ERR,ERR,ERR,ERR,ERR,ERR,ERR,ERR,ERR,ERR,ERR,ERR,ERR,ERR,ERR,ERR,ERR,ERR,ERR,ERR,ERR,ERR,ERR,ERR,ERR,ERR,ERR,ERR,ERR,ERR,ERR,ERR,ERR,ERR,ERR,ERR,ERR,ERR,ERR,ERR,ERR,ERR,ERR,ERR,ERR,ERR,ERR,ERR,ERR,ERR,ERR,ERR,ERR,ERR,ERR,ERR,ERR,ERR,ERR,ERR,ERR,ERR,ERR,ERR,ERR,ERR,ERR,ERR,ERR,ERR,ERR,ERR,ERR,ERR,ERR,ERR,ERR,ERR,ERR,ERR,ERR,ERR,ERR,ERR,ERR,ERR,ERR,ERR,ERR,ERR,ERR,ERR,ERR,ERR,0.0,0.0,0.0,0.0,0.0,1.3936040501711995e+18,7.805,0.0,0,0,4,0,8422,0.0,45,0.0,0.0,0.0,0.0,0.0,0,0,0,0,0.0,0,0,0,0,0,0,0,0,0,0,0,0,0,0,0,0,0,0,0,0,0,0,0,0,0,0,0,0,0,0,0,0,0,38,14,7,45,65476,0,300,0,0,8,21553,0.0,-107605600.0,0.0,0.0,0.0,0.0,0.0,0.0,0.0,0.0,0.0,0.0,0.0,0.0,0.0,0.0,0.0,0.0,0.0,0.0,0.0,0.0,0.0,2.004,-0.0,0.0,0.0,0.0,0.0,0.0,5014.0,8608182272.0,0.0,0.0,0.0,-107615280.0,2.718429300292151e+23,0.0,0.0,0.0,0.0,53,-0.0,0.0,0.0,0.0,0.0,0.0,0.0,0.0,0.0,0,0,0,0.0,0.0,0.0,0.0,0.0,0.0,0.0,0.0,0.0,0.0,0.0,0.0,0.0,0.0,0.0,0.0,0,-107875648.0,53,0.0,106,-107614832.0,0.0,ERR,ERR,ERR,ERR,ERR,ERR,ERR,ERR,ERR,ERR,ERR,ERR,ERR,ERR,ERR,ERR,ERR,ERR,ERR,ERR,ERR,ERR,ERR,ERR,ERR,ERR,ERR,ERR,ERR,ERR,ERR,ERR,ERR,ERR,ERR,ERR,ERR,ERR,ERR,ERR,ERR,ERR,ERR,ERR,ERR,ERR,ERR,ERR,ERR,ERR,ERR,ERR,ERR,ERR,ERR,ERR,ERR,ERR,ERR,ERR,ERR,ERR,ERR,ERR,ERR,ERR,ERR,50.0,60.0,100,0.0,0.0,0.0,0.0,0.0,0.0,0.0,0.0,0.0,0.0,0.0,0.0,0.0,0.0,0.0,0.0,62.0,73,14,65512,50,65476,0,300,0,0,8,20529,65476,0,0,26214,60.0,0.0,0.0,0.0,0.0,0.0
2026-05-17T18:33:34,ERR,ERR,ERR,ERR,ERR,ERR,ERR,ERR,ERR,ERR,ERR,ERR,ERR,ERR,ERR,ERR,ERR,ERR,ERR,ERR,ERR,ERR,ERR,ERR,ERR,ERR,ERR,ERR,ERR,ERR,ERR,ERR,ERR,ERR,ERR,ERR,ERR,ERR,ERR,ERR,ERR,ERR,ERR,ERR,ERR,ERR,ERR,ERR,ERR,ERR,ERR,ERR,ERR,ERR,ERR,ERR,ERR,ERR,ERR,ERR,ERR,ERR,ERR,ERR,ERR,ERR,ERR,ERR,ERR,ERR,ERR,ERR,ERR,ERR,ERR,ERR,ERR,ERR,ERR,ERR,ERR,ERR,ERR,ERR,ERR,ERR,ERR,ERR,ERR,ERR,ERR,ERR,ERR,ERR,ERR,ERR,ERR,ERR,ERR,ERR,ERR,ERR,ERR,ERR,ERR,ERR,ERR,ERR,ERR,ERR,ERR,ERR,ERR,ERR,ERR,ERR,ERR,ERR,ERR,ERR,ERR,ERR,ERR,ERR,ERR,0.0,0.0,0.0,0.0,0.0,1.3936040501711995e+18,7.805,0.0,0,0,4,0,8422,0.0,45,0.0,0.0,0.0,0.0,0.0,0,0,0,0,0.0,0,0,0,0,0,0,0,0,0,0,0,0,0,0,0,0,0,0,0,0,0,0,0,0,0,0,0,0,0,0,0,0,0,38,14,7,45,65476,0,300,0,0,8,21553,0.0,-107605600.0,0.0,0.0,0.0,0.0,0.0,0.0,0.0,0.0,0.0,0.0,0.0,0.0,0.0,0.0,0.0,0.0,0.0,0.0,0.0,0.0,0.0,2.004,-0.0,0.0,0.0,0.0,0.0,0.0,5014.0,8608182272.0,0.0,0.0,0.0,-107615280.0,2.718429300292151e+23,0.0,0.0,0.0,0.0,53,-0.0,0.0,0.0,0.0,0.0,0.0,0.0,0.0,0.0,0,0,0,0.0,0.0,0.0,0.0,0.0,0.0,0.0,0.0,0.0,0.0,0.0,0.0,0.0,0.0,0.0,0.0,0,-107875648.0,53,0.0,106,-107614832.0,0.0,ERR,ERR,ERR,ERR,ERR,ERR,ERR,ERR,ERR,ERR,ERR,ERR,ERR,ERR,ERR,ERR,ERR,ERR,ERR,ERR,ERR,ERR,ERR,ERR,ERR,ERR,ERR,ERR,ERR,ERR,ERR,ERR,ERR,ERR,ERR,ERR,ERR,ERR,ERR,ERR,ERR,ERR,ERR,ERR,ERR,ERR,ERR,ERR,ERR,ERR,ERR,ERR,ERR,ERR,ERR,ERR,ERR,ERR,ERR,ERR,ERR,ERR,ERR,ERR,ERR,ERR,ERR,50.0,60.0,100,0.0,0.0,0.0,0.0,0.0,0.0,0.0,0.0,0.0,0.0,0.0,0.0,0.0,0.0,0.0,0.0,62.0,73,14,65512,50,65476,0,300,0,0,8,20529,65476,0,0,26214,60.0,0.0,0.0,0.0,0.0,0.0
2026-05-17T18:33:35,ERR,ERR,ERR,ERR,ERR,ERR,ERR,ERR,ERR,ERR,ERR,ERR,ERR,ERR,ERR,ERR,ERR,ERR,ERR,ERR,ERR,ERR,ERR,ERR,ERR,ERR,ERR,ERR,ERR,ERR,ERR,ERR,ERR,ERR,ERR,ERR,ERR,ERR,ERR,ERR,ERR,ERR,ERR,ERR,ERR,ERR,ERR,ERR,ERR,ERR,ERR,ERR,ERR,ERR,ERR,ERR,ERR,ERR,ERR,ERR,ERR,ERR,ERR,ERR,ERR,ERR,ERR,ERR,ERR,ERR,ERR,ERR,ERR,ERR,ERR,ERR,ERR,ERR,ERR,ERR,ERR,ERR,ERR,ERR,ERR,ERR,ERR,ERR,ERR,ERR,ERR,ERR,ERR,ERR,ERR,ERR,ERR,ERR,ERR,ERR,ERR,ERR,ERR,ERR,ERR,ERR,ERR,ERR,ERR,ERR,ERR,ERR,ERR,ERR,ERR,ERR,ERR,ERR,ERR,ERR,ERR,ERR,ERR,ERR,ERR,0.0,0.0,0.0,0.0,0.0,1.3936040501711995e+18,7.805,0.0,0,0,4,0,8422,0.0,45,0.0,0.0,0.0,0.0,0.0,0,0,0,0,0.0,0,0,0,0,0,0,0,0,0,0,0,0,0,0,0,0,0,0,0,0,0,0,0,0,0,0,0,0,0,0,0,0,0,38,14,7,45,65476,0,300,0,0,8,21553,0.0,-107605600.0,0.0,0.0,0.0,0.0,0.0,0.0,0.0,0.0,0.0,0.0,0.0,0.0,0.0,0.0,0.0,0.0,0.0,0.0,0.0,0.0,0.0,2.004,-0.0,0.0,0.0,0.0,0.0,0.0,5014.0,8608182272.0,0.0,0.0,0.0,-107615280.0,2.718429300292151e+23,0.0,0.0,0.0,0.0,53,-0.0,0.0,0.0,0.0,0.0,0.0,0.0,0.0,0.0,0,0,0,0.0,0.0,0.0,0.0,0.0,0.0,0.0,0.0,0.0,0.0,0.0,0.0,0.0,0.0,0.0,0.0,0,-107875648.0,53,0.0,106,-107614832.0,0.0,ERR,ERR,ERR,ERR,ERR,ERR,ERR,ERR,ERR,ERR,ERR,ERR,ERR,ERR,ERR,ERR,ERR,ERR,ERR,ERR,ERR,ERR,ERR,ERR,ERR,ERR,ERR,ERR,ERR,ERR,ERR,ERR,ERR,ERR,ERR,ERR,ERR,ERR,ERR,ERR,ERR,ERR,ERR,ERR,ERR,ERR,ERR,ERR,ERR,ERR,ERR,ERR,ERR,ERR,ERR,ERR,ERR,ERR,ERR,ERR,ERR,ERR,ERR,ERR,ERR,ERR,ERR,50.0,60.0,100,0.0,0.0,0.0,0.0,0.0,0.0,0.0,0.0,0.0,0.0,0.0,0.0,0.0,0.0,0.0,0.0,61.6,73,14,65512,50,65476,0,300,0,0,8,20529,65476,0,0,26214,60.0,0.0,0.0,0.0,0.0,0.0
2026-05-17T18:33:36,ERR,ERR,ERR,ERR,ERR,ERR,ERR,ERR,ERR,ERR,ERR,ERR,ERR,ERR,ERR,ERR,ERR,ERR,ERR,ERR,ERR,ERR,ERR,ERR,ERR,ERR,ERR,ERR,ERR,ERR,ERR,ERR,ERR,ERR,ERR,ERR,ERR,ERR,ERR,ERR,ERR,ERR,ERR,ERR,ERR,ERR,ERR,ERR,ERR,ERR,ERR,ERR,ERR,ERR,ERR,ERR,ERR,ERR,ERR,ERR,ERR,ERR,ERR,ERR,ERR,ERR,ERR,ERR,ERR,ERR,ERR,ERR,ERR,ERR,ERR,ERR,ERR,ERR,ERR,ERR,ERR,ERR,ERR,ERR,ERR,ERR,ERR,ERR,ERR,ERR,ERR,ERR,ERR,ERR,ERR,ERR,ERR,ERR,ERR,ERR,ERR,ERR,ERR,ERR,ERR,ERR,ERR,ERR,ERR,ERR,ERR,ERR,ERR,ERR,ERR,ERR,ERR,ERR,ERR,ERR,ERR,ERR,ERR,ERR,ERR,0.0,0.0,0.0,0.0,0.0,1.3936040501711995e+18,7.805,0.0,0,0,4,0,8422,0.0,45,0.0,0.0,0.0,0.0,0.0,0,0,0,0,0.0,0,0,0,0,0,0,0,0,0,0,0,0,0,0,0,0,0,0,0,0,0,0,0,0,0,0,0,0,0,0,0,0,0,38,14,7,45,65476,0,300,0,0,8,21553,0.0,-107605600.0,0.0,0.0,0.0,0.0,0.0,0.0,0.0,0.0,0.0,0.0,0.0,0.0,0.0,0.0,0.0,0.0,0.0,0.0,0.0,0.0,0.0,2.004,-0.0,0.0,0.0,0.0,0.0,0.0,5014.0,8608182272.0,0.0,0.0,0.0,-107615280.0,2.718429300292151e+23,0.0,0.0,0.0,0.0,53,-0.0,0.0,0.0,0.0,0.0,0.0,0.0,0.0,0.0,0,0,0,0.0,0.0,0.0,0.0,0.0,0.0,0.0,0.0,0.0,0.0,0.0,0.0,0.0,0.0,0.0,0.0,0,-107875648.0,53,0.0,106,-107614832.0,0.0,ERR,ERR,ERR,ERR,ERR,ERR,ERR,ERR,ERR,ERR,ERR,ERR,ERR,ERR,ERR,ERR,ERR,ERR,ERR,ERR,ERR,ERR,ERR,ERR,ERR,ERR,ERR,ERR,ERR,ERR,ERR,ERR,ERR,ERR,ERR,ERR,ERR,ERR,ERR,ERR,ERR,ERR,ERR,ERR,ERR,ERR,ERR,ERR,ERR,ERR,ERR,ERR,ERR,ERR,ERR,ERR,ERR,ERR,ERR,ERR,ERR,ERR,ERR,ERR,ERR,ERR,ERR,50.0,60.0,100,0.0,0.0,0.0,0.0,0.0,0.0,0.0,0.0,0.0,0.0,0.0,0.0,0.0,0.0,0.0,0.0,61.6,73,14,65512,50,65476,0,300,0,0,8,20529,65476,0,0,26214,60.0,0.0,0.0,0.0,0.0,0.0
2026-05-17T18:33:37,ERR,ERR,ERR,ERR,ERR,ERR,ERR,ERR,ERR,ERR,ERR,ERR,ERR,ERR,ERR,ERR,ERR,ERR,ERR,ERR,ERR,ERR,ERR,ERR,ERR,ERR,ERR,ERR,ERR,ERR,ERR,ERR,ERR,ERR,ERR,ERR,ERR,ERR,ERR,ERR,ERR,ERR,ERR,ERR,ERR,ERR,ERR,ERR,ERR,ERR,ERR,ERR,ERR,ERR,ERR,ERR,ERR,ERR,ERR,ERR,ERR,ERR,ERR,ERR,ERR,ERR,ERR,ERR,ERR,ERR,ERR,ERR,ERR,ERR,ERR,ERR,ERR,ERR,ERR,ERR,ERR,ERR,ERR,ERR,ERR,ERR,ERR,ERR,ERR,ERR,ERR,ERR,ERR,ERR,ERR,ERR,ERR,ERR,ERR,ERR,ERR,ERR,ERR,ERR,ERR,ERR,ERR,ERR,ERR,ERR,ERR,ERR,ERR,ERR,ERR,ERR,ERR,ERR,ERR,ERR,ERR,ERR,ERR,ERR,ERR,0.0,0.0,0.0,0.0,0.0,1.3936040501711995e+18,7.805,0.0,0,0,4,0,8422,0.0,45,0.0,0.0,0.0,0.0,0.0,0,0,0,0,0.0,0,0,0,0,0,0,0,0,0,0,0,0,0,0,0,0,0,0,0,0,0,0,0,0,0,0,0,0,0,0,0,0,0,38,14,7,45,65476,0,300,0,0,8,21553,0.0,-107605600.0,0.0,0.0,0.0,0.0,0.0,0.0,0.0,0.0,0.0,0.0,0.0,0.0,0.0,0.0,0.0,0.0,0.0,0.0,0.0,0.0,0.0,2.004,-0.0,0.0,0.0,0.0,0.0,0.0,5013.0,0.0,0.0,0.0,0.0,-107615280.0,2.718429300292151e+23,0.0,0.0,0.0,0.0,53,-0.0,-3.222002398308886e+26,0.0,0.0,0.0,0.0,0.0,0.0,0.0,0,0,0,0.0,0.0,0.0,0.0,0.0,0.0,0.0,0.0,0.0,0.0,0.0,0.0,0.0,0.0,0.0,0.0,0,-107875648.0,53,0.0,106,-107614832.0,0.0,ERR,ERR,ERR,ERR,ERR,ERR,ERR,ERR,ERR,ERR,ERR,ERR,ERR,ERR,ERR,ERR,ERR,ERR,ERR,ERR,ERR,ERR,ERR,ERR,ERR,ERR,ERR,ERR,ERR,ERR,ERR,ERR,ERR,ERR,ERR,ERR,ERR,ERR,ERR,ERR,ERR,ERR,ERR,ERR,ERR,ERR,ERR,ERR,ERR,ERR,ERR,ERR,ERR,ERR,ERR,ERR,ERR,ERR,ERR,ERR,ERR,ERR,ERR,ERR,ERR,ERR,ERR,50.0,60.0,100,0.0,0.0,0.0,0.0,0.0,0.0,0.0,0.0,0.0,0.0,0.0,0.0,0.0,0.0,0.0,0.0,62.0,73,14,65512,50,65476,0,300,0,0,8,20529,65476,0,0,26214,60.0,0.0,0.0,0.0,0.0,0.0
2026-05-17T18:33:38,ERR,ERR,ERR,ERR,ERR,ERR,ERR,ERR,ERR,ERR,ERR,ERR,ERR,ERR,ERR,ERR,ERR,ERR,ERR,ERR,ERR,ERR,ERR,ERR,ERR,ERR,ERR,ERR,ERR,ERR,ERR,ERR,ERR,ERR,ERR,ERR,ERR,ERR,ERR,ERR,ERR,ERR,ERR,ERR,ERR,ERR,ERR,ERR,ERR,ERR,ERR,ERR,ERR,ERR,ERR,ERR,ERR,ERR,ERR,ERR,ERR,ERR,ERR,ERR,ERR,ERR,ERR,ERR,ERR,ERR,ERR,ERR,ERR,ERR,ERR,ERR,ERR,ERR,ERR,ERR,ERR,ERR,ERR,ERR,ERR,ERR,ERR,ERR,ERR,ERR,ERR,ERR,ERR,ERR,ERR,ERR,ERR,ERR,ERR,ERR,ERR,ERR,ERR,ERR,ERR,ERR,ERR,ERR,ERR,ERR,ERR,ERR,ERR,ERR,ERR,ERR,ERR,ERR,ERR,ERR,ERR,ERR,ERR,ERR,ERR,0.0,0.0,0.0,0.0,0.0,1.3936040501711995e+18,7.805,0.0,0,0,4,0,8422,0.0,45,0.0,0.0,0.0,0.0,0.0,0,0,0,0,0.0,0,0,0,0,0,0,0,0,0,0,0,0,0,0,0,0,0,0,0,0,0,0,0,0,0,0,0,0,0,0,0,0,0,38,14,7,45,65476,0,300,0,0,8,21553,0.0,-107605600.0,0.0,0.0,0.0,0.0,0.0,0.0,0.0,0.0,0.0,0.0,0.0,0.0,0.0,0.0,0.0,0.0,0.0,0.0,0.0,0.0,0.0,2.004,-0.0,0.0,0.0,0.0,0.0,0.0,5013.0,0.0,0.0,0.0,0.0,-107615280.0,2.718429300292151e+23,0.0,0.0,0.0,0.0,53,-0.0,-3.222002398308886e+26,0.0,0.0,0.0,0.0,0.0,0.0,0.0,0,0,0,0.0,0.0,0.0,0.0,0.0,0.0,0.0,0.0,0.0,0.0,0.0,0.0,0.0,0.0,0.0,0.0,0,-107875648.0,53,0.0,106,-107614832.0,0.0,ERR,ERR,ERR,ERR,ERR,ERR,ERR,ERR,ERR,ERR,ERR,ERR,ERR,ERR,ERR,ERR,ERR,ERR,ERR,ERR,ERR,ERR,ERR,ERR,ERR,ERR,ERR,ERR,ERR,ERR,ERR,ERR,ERR,ERR,ERR,ERR,ERR,ERR,ERR,ERR,ERR,ERR,ERR,ERR,ERR,ERR,ERR,ERR,ERR,ERR,ERR,ERR,ERR,ERR,ERR,ERR,ERR,ERR,ERR,ERR,ERR,ERR,ERR,ERR,ERR,ERR,ERR,50.0,60.0,100,0.0,0.0,0.0,0.0,0.0,0.0,0.0,0.0,0.0,0.0,0.0,0.0,0.0,0.0,0.0,0.0,62.0,73,14,65512,50,65476,0,300,0,0,8,20529,65476,0,0,26214,60.0,0.0,0.0,0.0,0.0,0.0
2026-05-17T18:33:39,ERR,ERR,ERR,ERR,ERR,ERR,ERR,ERR,ERR,ERR,ERR,ERR,ERR,ERR,ERR,ERR,ERR,ERR,ERR,ERR,ERR,ERR,ERR,ERR,ERR,ERR,ERR,ERR,ERR,ERR,ERR,ERR,ERR,ERR,ERR,ERR,ERR,ERR,ERR,ERR,ERR,ERR,ERR,ERR,ERR,ERR,ERR,ERR,ERR,ERR,ERR,ERR,ERR,ERR,ERR,ERR,ERR,ERR,ERR,ERR,ERR,ERR,ERR,ERR,ERR,ERR,ERR,ERR,ERR,ERR,ERR,ERR,ERR,ERR,ERR,ERR,ERR,ERR,ERR,ERR,ERR,ERR,ERR,ERR,ERR,ERR,ERR,ERR,ERR,ERR,ERR,ERR,ERR,ERR,ERR,ERR,ERR,ERR,ERR,ERR,ERR,ERR,ERR,ERR,ERR,ERR,ERR,ERR,ERR,ERR,ERR,ERR,ERR,ERR,ERR,ERR,ERR,ERR,ERR,ERR,ERR,ERR,ERR,ERR,ERR,0.0,0.0,0.0,0.0,0.0,1.3936040501711995e+18,7.805,0.0,0,0,4,0,8422,0.0,45,0.0,0.0,0.0,0.0,0.0,0,0,0,0,0.0,0,0,0,0,0,0,0,0,0,0,0,0,0,0,0,0,0,0,0,0,0,0,0,0,0,0,0,0,0,0,0,0,0,38,14,7,45,65476,0,300,0,0,8,21553,0.0,-107605600.0,0.0,0.0,0.0,0.0,0.0,0.0,0.0,0.0,0.0,0.0,0.0,0.0,0.0,0.0,0.0,0.0,0.0,0.0,0.0,0.0,0.0,2.004,-0.0,0.0,0.0,0.0,0.0,0.0,5013.0,0.0,0.0,0.0,0.0,-107615280.0,2.718429300292151e+23,0.0,0.0,0.0,0.0,53,-0.0,-3.222002398308886e+26,0.0,0.0,0.0,0.0,0.0,0.0,0.0,0,0,0,0.0,0.0,0.0,0.0,0.0,0.0,0.0,0.0,0.0,0.0,0.0,0.0,0.0,0.0,0.0,0.0,0,-107875648.0,53,0.0,106,-107614832.0,0.0,ERR,ERR,ERR,ERR,ERR,ERR,ERR,ERR,ERR,ERR,ERR,ERR,ERR,ERR,ERR,ERR,ERR,ERR,ERR,ERR,ERR,ERR,ERR,ERR,ERR,ERR,ERR,ERR,ERR,ERR,ERR,ERR,ERR,ERR,ERR,ERR,ERR,ERR,ERR,ERR,ERR,ERR,ERR,ERR,ERR,ERR,ERR,ERR,ERR,ERR,ERR,ERR,ERR,ERR,ERR,ERR,ERR,ERR,ERR,ERR,ERR,ERR,ERR,ERR,ERR,ERR,ERR,50.0,60.0,100,0.0,0.0,0.0,0.0,0.0,0.0,0.0,0.0,0.0,0.0,0.0,0.0,0.0,0.0,0.0,0.0,61.6,73,14,65512,50,65476,0,300,0,0,8,20529,65476,0,0,26214,60.0,0.0,0.0,0.0,0.0,0.0
2026-05-17T18:33:40,ERR,ERR,ERR,ERR,ERR,ERR,ERR,ERR,ERR,ERR,ERR,ERR,ERR,ERR,ERR,ERR,ERR,ERR,ERR,ERR,ERR,ERR,ERR,ERR,ERR,ERR,ERR,ERR,ERR,ERR,ERR,ERR,ERR,ERR,ERR,ERR,ERR,ERR,ERR,ERR,ERR,ERR,ERR,ERR,ERR,ERR,ERR,ERR,ERR,ERR,ERR,ERR,ERR,ERR,ERR,ERR,ERR,ERR,ERR,ERR,ERR,ERR,ERR,ERR,ERR,ERR,ERR,ERR,ERR,ERR,ERR,ERR,ERR,ERR,ERR,ERR,ERR,ERR,ERR,ERR,ERR,ERR,ERR,ERR,ERR,ERR,ERR,ERR,ERR,ERR,ERR,ERR,ERR,ERR,ERR,ERR,ERR,ERR,ERR,ERR,ERR,ERR,ERR,ERR,ERR,ERR,ERR,ERR,ERR,ERR,ERR,ERR,ERR,ERR,ERR,ERR,ERR,ERR,ERR,ERR,ERR,ERR,ERR,ERR,ERR,0.0,0.0,0.0,0.0,0.0,1.3936040501711995e+18,7.805,0.0,0,0,4,0,8422,0.0,45,0.0,0.0,0.0,0.0,0.0,0,0,0,0,0.0,0,0,0,0,0,0,0,0,0,0,0,0,0,0,0,0,0,0,0,0,0,0,0,0,0,0,0,0,0,0,0,0,0,38,14,7,45,65476,0,300,0,0,8,21553,0.0,-107605600.0,0.0,0.0,0.0,0.0,0.0,0.0,0.0,0.0,0.0,0.0,0.0,0.0,0.0,0.0,0.0,0.0,0.0,0.0,0.0,0.0,0.0,2.004,-0.0,0.0,0.0,0.0,0.0,0.0,5013.0,0.0,0.0,0.0,0.0,-107615280.0,2.718429300292151e+23,0.0,0.0,0.0,0.0,53,-0.0,-3.222002398308886e+26,0.0,0.0,0.0,0.0,0.0,0.0,0.0,0,0,0,0.0,0.0,0.0,0.0,0.0,0.0,0.0,0.0,0.0,0.0,0.0,0.0,0.0,0.0,0.0,0.0,0,-107875648.0,53,0.0,106,-107614832.0,0.0,ERR,ERR,ERR,ERR,ERR,ERR,ERR,ERR,ERR,ERR,ERR,ERR,ERR,ERR,ERR,ERR,ERR,ERR,ERR,ERR,ERR,ERR,ERR,ERR,ERR,ERR,ERR,ERR,ERR,ERR,ERR,ERR,ERR,ERR,ERR,ERR,ERR,ERR,ERR,ERR,ERR,ERR,ERR,ERR,ERR,ERR,ERR,ERR,ERR,ERR,ERR,ERR,ERR,ERR,ERR,ERR,ERR,ERR,ERR,ERR,ERR,ERR,ERR,ERR,ERR,ERR,ERR,50.0,60.0,100,0.0,0.0,0.0,0.0,0.0,0.0,0.0,0.0,0.0,0.0,0.0,0.0,0.0,0.0,0.0,0.0,61.6,73,14,65512,50,65476,0,300,0,0,8,20529,65476,0,0,26214,60.0,0.0,0.0,0.0,0.0,0.0
2026-05-17T18:33:41,ERR,ERR,ERR,ERR,ERR,ERR,ERR,ERR,ERR,ERR,ERR,ERR,ERR,ERR,ERR,ERR,ERR,ERR,ERR,ERR,ERR,ERR,ERR,ERR,ERR,ERR,ERR,ERR,ERR,ERR,ERR,ERR,ERR,ERR,ERR,ERR,ERR,ERR,ERR,ERR,ERR,ERR,ERR,ERR,ERR,ERR,ERR,ERR,ERR,ERR,ERR,ERR,ERR,ERR,ERR,ERR,ERR,ERR,ERR,ERR,ERR,ERR,ERR,ERR,ERR,ERR,ERR,ERR,ERR,ERR,ERR,ERR,ERR,ERR,ERR,ERR,ERR,ERR,ERR,ERR,ERR,ERR,ERR,ERR,ERR,ERR,ERR,ERR,ERR,ERR,ERR,ERR,ERR,ERR,ERR,ERR,ERR,ERR,ERR,ERR,ERR,ERR,ERR,ERR,ERR,ERR,ERR,ERR,ERR,ERR,ERR,ERR,ERR,ERR,ERR,ERR,ERR,ERR,ERR,ERR,ERR,ERR,ERR,ERR,ERR,0.0,0.0,0.0,0.0,0.0,1.3936040501711995e+18,7.805,0.0,0,0,4,0,8422,0.0,45,0.0,0.0,0.0,0.0,0.0,0,0,0,0,0.0,0,0,0,0,0,0,0,0,0,0,0,0,0,0,0,0,0,0,0,0,0,0,0,0,0,0,0,0,0,0,0,0,0,38,14,7,45,65476,0,300,0,0,8,21553,0.0,-107605600.0,0.0,0.0,0.0,0.0,0.0,0.0,0.0,0.0,0.0,0.0,0.0,0.0,0.0,0.0,0.0,0.0,0.0,0.0,0.0,0.0,0.0,2.004,-0.0,0.0,0.0,0.0,0.0,0.0,5013.0,0.0,0.0,0.0,0.0,-107615280.0,2.718429300292151e+23,0.0,0.0,0.0,0.0,53,-0.0,-3.222002398308886e+26,0.0,0.0,0.0,0.0,0.0,0.0,0.0,0,0,0,0.0,0.0,0.0,0.0,0.0,0.0,0.0,0.0,0.0,0.0,0.0,0.0,0.0,0.0,0.0,0.0,0,-107875648.0,53,0.0,106,-107614832.0,0.0,ERR,ERR,ERR,ERR,ERR,ERR,ERR,ERR,ERR,ERR,ERR,ERR,ERR,ERR,ERR,ERR,ERR,ERR,ERR,ERR,ERR,ERR,ERR,ERR,ERR,ERR,ERR,ERR,ERR,ERR,ERR,ERR,ERR,ERR,ERR,ERR,ERR,ERR,ERR,ERR,ERR,ERR,ERR,ERR,ERR,ERR,ERR,ERR,ERR,ERR,ERR,ERR,ERR,ERR,ERR,ERR,ERR,ERR,ERR,ERR,ERR,ERR,ERR,ERR,ERR,ERR,ERR,50.0,60.0,100,0.0,0.0,0.0,0.0,0.0,0.0,0.0,0.0,0.0,0.0,0.0,0.0,0.0,0.0,0.0,0.0,61.6,73,14,65512,50,65476,0,300,0,0,8,20529,65476,0,0,26214,60.0,0.0,0.0,0.0,0.0,0.0
2026-05-17T18:33:42,ERR,ERR,ERR,ERR,ERR,ERR,ERR,ERR,ERR,ERR,ERR,ERR,ERR,ERR,ERR,ERR,ERR,ERR,ERR,ERR,ERR,ERR,ERR,ERR,ERR,ERR,ERR,ERR,ERR,ERR,ERR,ERR,ERR,ERR,ERR,ERR,ERR,ERR,ERR,ERR,ERR,ERR,ERR,ERR,ERR,ERR,ERR,ERR,ERR,ERR,ERR,ERR,ERR,ERR,ERR,ERR,ERR,ERR,ERR,ERR,ERR,ERR,ERR,ERR,ERR,ERR,ERR,ERR,ERR,ERR,ERR,ERR,ERR,ERR,ERR,ERR,ERR,ERR,ERR,ERR,ERR,ERR,ERR,ERR,ERR,ERR,ERR,ERR,ERR,ERR,ERR,ERR,ERR,ERR,ERR,ERR,ERR,ERR,ERR,ERR,ERR,ERR,ERR,ERR,ERR,ERR,ERR,ERR,ERR,ERR,ERR,ERR,ERR,ERR,ERR,ERR,ERR,ERR,ERR,ERR,ERR,ERR,ERR,ERR,ERR,0.0,0.0,0.0,0.0,0.0,1.3936040501711995e+18,7.805,0.0,0,0,4,0,8422,0.0,45,0.0,0.0,0.0,0.0,0.0,0,0,0,0,0.0,0,0,0,0,0,0,0,0,0,0,0,0,0,0,0,0,0,0,0,0,0,0,0,0,0,0,0,0,0,0,0,0,0,38,14,7,45,65476,0,300,0,0,8,21553,0.0,-107605600.0,0.0,0.0,0.0,0.0,0.0,0.0,0.0,0.0,0.0,0.0,0.0,0.0,0.0,0.0,0.0,0.0,0.0,0.0,0.0,0.0,0.0,2.004,-0.0,0.0,0.0,0.0,0.0,0.0,5011.0,8608182272.0,0.0,0.0,0.0,-107615280.0,2.718429300292151e+23,0.0,0.0,0.0,0.0,53,4.950428597886765e+32,0.0,0.0,0.0,0.0,0.0,0.0,0.0,0.0,0,0,0,0.0,0.0,0.0,0.0,0.0,0.0,0.0,0.0,0.0,0.0,0.0,0.0,0.0,0.0,0.0,0.0,0,-107875648.0,53,0.0,106,-107614832.0,0.0,ERR,ERR,ERR,ERR,ERR,ERR,ERR,ERR,ERR,ERR,ERR,ERR,ERR,ERR,ERR,ERR,ERR,ERR,ERR,ERR,ERR,ERR,ERR,ERR,ERR,ERR,ERR,ERR,ERR,ERR,ERR,ERR,ERR,ERR,ERR,ERR,ERR,ERR,ERR,ERR,ERR,ERR,ERR,ERR,ERR,ERR,ERR,ERR,ERR,ERR,ERR,ERR,ERR,ERR,ERR,ERR,ERR,ERR,ERR,ERR,ERR,ERR,ERR,ERR,ERR,ERR,ERR,50.0,60.0,100,0.0,0.0,0.0,0.0,0.0,0.0,0.0,0.0,0.0,0.0,0.0,0.0,0.0,0.0,0.0,0.0,61.6,73,14,65512,50,65476,0,300,0,0,8,20529,65476,0,0,26214,60.0,0.0,0.0,0.0,0.0,0.0
2026-05-17T18:33:43,ERR,ERR,ERR,ERR,ERR,ERR,ERR,ERR,ERR,ERR,ERR,ERR,ERR,ERR,ERR,ERR,ERR,ERR,ERR,ERR,ERR,ERR,ERR,ERR,ERR,ERR,ERR,ERR,ERR,ERR,ERR,ERR,ERR,ERR,ERR,ERR,ERR,ERR,ERR,ERR,ERR,ERR,ERR,ERR,ERR,ERR,ERR,ERR,ERR,ERR,ERR,ERR,ERR,ERR,ERR,ERR,ERR,ERR,ERR,ERR,ERR,ERR,ERR,ERR,ERR,ERR,ERR,ERR,ERR,ERR,ERR,ERR,ERR,ERR,ERR,ERR,ERR,ERR,ERR,ERR,ERR,ERR,ERR,ERR,ERR,ERR,ERR,ERR,ERR,ERR,ERR,ERR,ERR,ERR,ERR,ERR,ERR,ERR,ERR,ERR,ERR,ERR,ERR,ERR,ERR,ERR,ERR,ERR,ERR,ERR,ERR,ERR,ERR,ERR,ERR,ERR,ERR,ERR,ERR,ERR,ERR,ERR,ERR,ERR,ERR,0.0,0.0,0.0,0.0,0.0,1.3936040501711995e+18,7.805,0.0,0,0,4,0,8422,0.0,45,0.0,0.0,0.0,0.0,0.0,0,0,0,0,0.0,0,0,0,0,0,0,0,0,0,0,0,0,0,0,0,0,0,0,0,0,0,0,0,0,0,0,0,0,0,0,0,0,0,38,14,7,45,65476,0,300,0,0,8,21553,0.0,-107605600.0,0.0,0.0,0.0,0.0,0.0,0.0,0.0,0.0,0.0,0.0,0.0,0.0,0.0,0.0,0.0,0.0,0.0,0.0,0.0,0.0,0.0,2.004,-0.0,0.0,0.0,0.0,0.0,0.0,5011.0,8608182272.0,0.0,0.0,0.0,-107615280.0,2.718429300292151e+23,0.0,0.0,0.0,0.0,53,4.950428597886765e+32,0.0,0.0,0.0,0.0,0.0,0.0,0.0,0.0,0,0,0,0.0,0.0,0.0,0.0,0.0,0.0,0.0,0.0,0.0,0.0,0.0,0.0,0.0,0.0,0.0,0.0,0,-107875648.0,53,0.0,106,-107614832.0,0.0,ERR,ERR,ERR,ERR,ERR,ERR,ERR,ERR,ERR,ERR,ERR,ERR,ERR,ERR,ERR,ERR,ERR,ERR,ERR,ERR,ERR,ERR,ERR,ERR,ERR,ERR,ERR,ERR,ERR,ERR,ERR,ERR,ERR,ERR,ERR,ERR,ERR,ERR,ERR,ERR,ERR,ERR,ERR,ERR,ERR,ERR,ERR,ERR,ERR,ERR,ERR,ERR,ERR,ERR,ERR,ERR,ERR,ERR,ERR,ERR,ERR,ERR,ERR,ERR,ERR,ERR,ERR,50.0,60.0,100,0.0,0.0,0.0,0.0,0.0,0.0,0.0,0.0,0.0,0.0,0.0,0.0,0.0,0.0,0.0,0.0,61.6,73,14,65512,50,65476,0,300,0,0,8,20529,65476,0,0,26214,60.0,0.0,0.0,0.0,0.0,0.0
2026-05-17T18:33:44,ERR,ERR,ERR,ERR,ERR,ERR,ERR,ERR,ERR,ERR,ERR,ERR,ERR,ERR,ERR,ERR,ERR,ERR,ERR,ERR,ERR,ERR,ERR,ERR,ERR,ERR,ERR,ERR,ERR,ERR,ERR,ERR,ERR,ERR,ERR,ERR,ERR,ERR,ERR,ERR,ERR,ERR,ERR,ERR,ERR,ERR,ERR,ERR,ERR,ERR,ERR,ERR,ERR,ERR,ERR,ERR,ERR,ERR,ERR,ERR,ERR,ERR,ERR,ERR,ERR,ERR,ERR,ERR,ERR,ERR,ERR,ERR,ERR,ERR,ERR,ERR,ERR,ERR,ERR,ERR,ERR,ERR,ERR,ERR,ERR,ERR,ERR,ERR,ERR,ERR,ERR,ERR,ERR,ERR,ERR,ERR,ERR,ERR,ERR,ERR,ERR,ERR,ERR,ERR,ERR,ERR,ERR,ERR,ERR,ERR,ERR,ERR,ERR,ERR,ERR,ERR,ERR,ERR,ERR,ERR,ERR,ERR,ERR,ERR,ERR,0.0,0.0,0.0,0.0,0.0,1.3936040501711995e+18,7.805,0.0,0,0,4,0,8422,0.0,45,0.0,0.0,0.0,0.0,0.0,0,0,0,0,0.0,0,0,0,0,0,0,0,0,0,0,0,0,0,0,0,0,0,0,0,0,0,0,0,0,0,0,0,0,0,0,0,0,0,38,14,7,45,65476,0,300,0,0,8,21553,0.0,-107605600.0,0.0,0.0,0.0,0.0,0.0,0.0,0.0,0.0,0.0,0.0,0.0,0.0,0.0,0.0,0.0,0.0,0.0,0.0,0.0,0.0,0.0,2.004,-0.0,0.0,0.0,0.0,0.0,0.0,5011.0,8608182272.0,0.0,0.0,0.0,-107615280.0,2.718429300292151e+23,0.0,0.0,0.0,0.0,53,4.950428597886765e+32,0.0,0.0,0.0,0.0,0.0,0.0,0.0,0.0,0,0,0,0.0,0.0,0.0,0.0,0.0,0.0,0.0,0.0,0.0,0.0,0.0,0.0,0.0,0.0,0.0,0.0,0,-107875648.0,53,0.0,106,-107614832.0,0.0,ERR,ERR,ERR,ERR,ERR,ERR,ERR,ERR,ERR,ERR,ERR,ERR,ERR,ERR,ERR,ERR,ERR,ERR,ERR,ERR,ERR,ERR,ERR,ERR,ERR,ERR,ERR,ERR,ERR,ERR,ERR,ERR,ERR,ERR,ERR,ERR,ERR,ERR,ERR,ERR,ERR,ERR,ERR,ERR,ERR,ERR,ERR,ERR,ERR,ERR,ERR,ERR,ERR,ERR,ERR,ERR,ERR,ERR,ERR,ERR,ERR,ERR,ERR,ERR,ERR,ERR,ERR,50.0,60.0,100,0.0,0.0,0.0,0.0,0.0,0.0,0.0,0.0,0.0,0.0,0.0,0.0,0.0,0.0,0.0,0.0,61.6,73,14,65512,50,65476,0,300,0,0,8,20529,65476,0,0,26214,60.0,0.0,0.0,0.0,0.0,0.0
2026-05-17T18:33:45,ERR,ERR,ERR,ERR,ERR,ERR,ERR,ERR,ERR,ERR,ERR,ERR,ERR,ERR,ERR,ERR,ERR,ERR,ERR,ERR,ERR,ERR,ERR,ERR,ERR,ERR,ERR,ERR,ERR,ERR,ERR,ERR,ERR,ERR,ERR,ERR,ERR,ERR,ERR,ERR,ERR,ERR,ERR,ERR,ERR,ERR,ERR,ERR,ERR,ERR,ERR,ERR,ERR,ERR,ERR,ERR,ERR,ERR,ERR,ERR,ERR,ERR,ERR,ERR,ERR,ERR,ERR,ERR,ERR,ERR,ERR,ERR,ERR,ERR,ERR,ERR,ERR,ERR,ERR,ERR,ERR,ERR,ERR,ERR,ERR,ERR,ERR,ERR,ERR,ERR,ERR,ERR,ERR,ERR,ERR,ERR,ERR,ERR,ERR,ERR,ERR,ERR,ERR,ERR,ERR,ERR,ERR,ERR,ERR,ERR,ERR,ERR,ERR,ERR,ERR,ERR,ERR,ERR,ERR,ERR,ERR,ERR,ERR,ERR,ERR,0.0,0.0,0.0,0.0,0.0,1.3936040501711995e+18,7.805,0.0,0,0,4,0,8422,0.0,45,0.0,0.0,0.0,0.0,0.0,0,0,0,0,0.0,0,0,0,0,0,0,0,0,0,0,0,0,0,0,0,0,0,0,0,0,0,0,0,0,0,0,0,0,0,0,0,0,0,38,14,7,45,65476,0,300,0,0,8,21553,0.0,-107605600.0,0.0,0.0,0.0,0.0,0.0,0.0,0.0,0.0,0.0,0.0,0.0,0.0,0.0,0.0,0.0,0.0,0.0,0.0,0.0,0.0,0.0,2.004,-0.0,0.0,0.0,0.0,0.0,0.0,5011.0,8608182272.0,0.0,0.0,0.0,-107615280.0,2.718429300292151e+23,0.0,0.0,0.0,0.0,53,4.950428597886765e+32,0.0,0.0,0.0,0.0,0.0,0.0,0.0,0.0,0,0,0,0.0,0.0,0.0,0.0,0.0,0.0,0.0,0.0,0.0,0.0,0.0,0.0,0.0,0.0,0.0,0.0,0,-107875648.0,53,0.0,106,-107614832.0,0.0,ERR,ERR,ERR,ERR,ERR,ERR,ERR,ERR,ERR,ERR,ERR,ERR,ERR,ERR,ERR,ERR,ERR,ERR,ERR,ERR,ERR,ERR,ERR,ERR,ERR,ERR,ERR,ERR,ERR,ERR,ERR,ERR,ERR,ERR,ERR,ERR,ERR,ERR,ERR,ERR,ERR,ERR,ERR,ERR,ERR,ERR,ERR,ERR,ERR,ERR,ERR,ERR,ERR,ERR,ERR,ERR,ERR,ERR,ERR,ERR,ERR,ERR,ERR,ERR,ERR,ERR,ERR,50.0,60.0,100,0.0,0.0,0.0,0.0,0.0,0.0,0.0,0.0,0.0,0.0,0.0,0.0,0.0,0.0,0.0,0.0,61.6,73,14,65512,50,65476,0,300,0,0,8,20529,65476,0,0,26214,60.0,0.0,0.0,0.0,0.0,0.0
2026-05-17T18:33:46,ERR,ERR,ERR,ERR,ERR,ERR,ERR,ERR,ERR,ERR,ERR,ERR,ERR,ERR,ERR,ERR,ERR,ERR,ERR,ERR,ERR,ERR,ERR,ERR,ERR,ERR,ERR,ERR,ERR,ERR,ERR,ERR,ERR,ERR,ERR,ERR,ERR,ERR,ERR,ERR,ERR,ERR,ERR,ERR,ERR,ERR,ERR,ERR,ERR,ERR,ERR,ERR,ERR,ERR,ERR,ERR,ERR,ERR,ERR,ERR,ERR,ERR,ERR,ERR,ERR,ERR,ERR,ERR,ERR,ERR,ERR,ERR,ERR,ERR,ERR,ERR,ERR,ERR,ERR,ERR,ERR,ERR,ERR,ERR,ERR,ERR,ERR,ERR,ERR,ERR,ERR,ERR,ERR,ERR,ERR,ERR,ERR,ERR,ERR,ERR,ERR,ERR,ERR,ERR,ERR,ERR,ERR,ERR,ERR,ERR,ERR,ERR,ERR,ERR,ERR,ERR,ERR,ERR,ERR,ERR,ERR,ERR,ERR,ERR,ERR,0.0,0.0,0.0,0.0,0.0,1.3936040501711995e+18,7.805,0.0,0,0,4,0,8422,0.0,45,0.0,0.0,0.0,0.0,0.0,0,0,0,0,0.0,0,0,0,0,0,0,0,0,0,0,0,0,0,0,0,0,0,0,0,0,0,0,0,0,0,0,0,0,0,0,0,0,0,38,14,7,45,65476,0,300,0,0,8,21553,0.0,-107605600.0,0.0,0.0,0.0,0.0,0.0,0.0,0.0,0.0,0.0,0.0,0.0,0.0,0.0,0.0,0.0,0.0,0.0,0.0,0.0,0.0,0.0,2.004,-0.0,0.0,0.0,0.0,0.0,0.0,5011.0,8608182272.0,0.0,0.0,0.0,-107615280.0,2.718429300292151e+23,0.0,0.0,0.0,0.0,53,4.950428597886765e+32,0.0,0.0,0.0,0.0,0.0,0.0,0.0,0.0,0,0,0,0.0,0.0,0.0,0.0,0.0,0.0,0.0,0.0,0.0,0.0,0.0,0.0,0.0,0.0,0.0,0.0,0,-107875648.0,53,0.0,106,-107614832.0,0.0,ERR,ERR,ERR,ERR,ERR,ERR,ERR,ERR,ERR,ERR,ERR,ERR,ERR,ERR,ERR,ERR,ERR,ERR,ERR,ERR,ERR,ERR,ERR,ERR,ERR,ERR,ERR,ERR,ERR,ERR,ERR,ERR,ERR,ERR,ERR,ERR,ERR,ERR,ERR,ERR,ERR,ERR,ERR,ERR,ERR,ERR,ERR,ERR,ERR,ERR,ERR,ERR,ERR,ERR,ERR,ERR,ERR,ERR,ERR,ERR,ERR,ERR,ERR,ERR,ERR,ERR,ERR,50.0,60.0,100,0.0,0.0,0.0,0.0,0.0,0.0,0.0,0.0,0.0,0.0,0.0,0.0,0.0,0.0,0.0,0.0,61.6,73,14,65512,50,65476,0,300,0,0,8,20529,65476,0,0,26214,60.0,0.0,0.0,0.0,0.0,0.0
2026-05-17T18:33:47,ERR,ERR,ERR,ERR,ERR,ERR,ERR,ERR,ERR,ERR,ERR,ERR,ERR,ERR,ERR,ERR,ERR,ERR,ERR,ERR,ERR,ERR,ERR,ERR,ERR,ERR,ERR,ERR,ERR,ERR,ERR,ERR,ERR,ERR,ERR,ERR,ERR,ERR,ERR,ERR,ERR,ERR,ERR,ERR,ERR,ERR,ERR,ERR,ERR,ERR,ERR,ERR,ERR,ERR,ERR,ERR,ERR,ERR,ERR,ERR,ERR,ERR,ERR,ERR,ERR,ERR,ERR,ERR,ERR,ERR,ERR,ERR,ERR,ERR,ERR,ERR,ERR,ERR,ERR,ERR,ERR,ERR,ERR,ERR,ERR,ERR,ERR,ERR,ERR,ERR,ERR,ERR,ERR,ERR,ERR,ERR,ERR,ERR,ERR,ERR,ERR,ERR,ERR,ERR,ERR,ERR,ERR,ERR,ERR,ERR,ERR,ERR,ERR,ERR,ERR,ERR,ERR,ERR,ERR,ERR,ERR,ERR,ERR,ERR,ERR,0.0,0.0,0.0,0.0,0.0,1.3936040501711995e+18,7.805,0.0,0,0,4,0,8422,0.0,45,0.0,0.0,0.0,0.0,0.0,0,0,0,0,0.0,0,0,0,0,0,0,0,0,0,0,0,0,0,0,0,0,0,0,0,0,0,0,0,0,0,0,0,0,0,0,0,0,0,38,14,7,45,65476,0,300,0,0,8,21553,0.0,-107605600.0,0.0,0.0,0.0,0.0,0.0,0.0,0.0,0.0,0.0,0.0,0.0,0.0,0.0,0.0,0.0,0.0,0.0,0.0,0.0,0.0,0.0,2.004,-0.0,0.0,0.0,0.0,0.0,0.0,5016.0,-0.0,0.0,0.0,0.0,-107615280.0,2.718429300292151e+23,0.0,0.0,0.0,0.0,53,-0.0,2.718417410789135e+23,0.0,0.0,0.0,0.0,0.0,0.0,0.0,0,0,0,0.0,0.0,0.0,0.0,0.0,0.0,0.0,0.0,0.0,0.0,0.0,0.0,0.0,0.0,0.0,0.0,0,-107875648.0,53,0.0,106,-107614832.0,0.0,ERR,ERR,ERR,ERR,ERR,ERR,ERR,ERR,ERR,ERR,ERR,ERR,ERR,ERR,ERR,ERR,ERR,ERR,ERR,ERR,ERR,ERR,ERR,ERR,ERR,ERR,ERR,ERR,ERR,ERR,ERR,ERR,ERR,ERR,ERR,ERR,ERR,ERR,ERR,ERR,ERR,ERR,ERR,ERR,ERR,ERR,ERR,ERR,ERR,ERR,ERR,ERR,ERR,ERR,ERR,ERR,ERR,ERR,ERR,ERR,ERR,ERR,ERR,ERR,ERR,ERR,ERR,50.0,60.0,100,0.0,0.0,0.0,0.0,0.0,0.0,0.0,0.0,0.0,0.0,0.0,0.0,0.0,0.0,0.0,0.0,61.6,73,14,65512,50,65476,0,300,0,0,8,20529,65476,0,0,26214,60.0,0.0,0.0,0.0,0.0,0.0
2026-05-17T18:33:48,ERR,ERR,ERR,ERR,ERR,ERR,ERR,ERR,ERR,ERR,ERR,ERR,ERR,ERR,ERR,ERR,ERR,ERR,ERR,ERR,ERR,ERR,ERR,ERR,ERR,ERR,ERR,ERR,ERR,ERR,ERR,ERR,ERR,ERR,ERR,ERR,ERR,ERR,ERR,ERR,ERR,ERR,ERR,ERR,ERR,ERR,ERR,ERR,ERR,ERR,ERR,ERR,ERR,ERR,ERR,ERR,ERR,ERR,ERR,ERR,ERR,ERR,ERR,ERR,ERR,ERR,ERR,ERR,ERR,ERR,ERR,ERR,ERR,ERR,ERR,ERR,ERR,ERR,ERR,ERR,ERR,ERR,ERR,ERR,ERR,ERR,ERR,ERR,ERR,ERR,ERR,ERR,ERR,ERR,ERR,ERR,ERR,ERR,ERR,ERR,ERR,ERR,ERR,ERR,ERR,ERR,ERR,ERR,ERR,ERR,ERR,ERR,ERR,ERR,ERR,ERR,ERR,ERR,ERR,ERR,ERR,ERR,ERR,ERR,ERR,0.0,0.0,0.0,0.0,0.0,1.3936040501711995e+18,7.805,0.0,0,0,4,0,8422,0.0,45,0.0,0.0,0.0,0.0,0.0,0,0,0,0,0.0,0,0,0,0,0,0,0,0,0,0,0,0,0,0,0,0,0,0,0,0,0,0,0,0,0,0,0,0,0,0,0,0,0,38,14,7,45,65476,0,300,0,0,8,21553,0.0,-107605600.0,0.0,0.0,0.0,0.0,0.0,0.0,0.0,0.0,0.0,0.0,0.0,0.0,0.0,0.0,0.0,0.0,0.0,0.0,0.0,0.0,0.0,2.004,-0.0,0.0,0.0,0.0,0.0,0.0,5016.0,-0.0,0.0,0.0,0.0,-107615280.0,2.718429300292151e+23,0.0,0.0,0.0,0.0,53,-0.0,2.718417410789135e+23,0.0,0.0,0.0,0.0,0.0,0.0,0.0,0,0,0,0.0,0.0,0.0,0.0,0.0,0.0,0.0,0.0,0.0,0.0,0.0,0.0,0.0,0.0,0.0,0.0,0,-107875648.0,53,0.0,106,-107614832.0,0.0,ERR,ERR,ERR,ERR,ERR,ERR,ERR,ERR,ERR,ERR,ERR,ERR,ERR,ERR,ERR,ERR,ERR,ERR,ERR,ERR,ERR,ERR,ERR,ERR,ERR,ERR,ERR,ERR,ERR,ERR,ERR,ERR,ERR,ERR,ERR,ERR,ERR,ERR,ERR,ERR,ERR,ERR,ERR,ERR,ERR,ERR,ERR,ERR,ERR,ERR,ERR,ERR,ERR,ERR,ERR,ERR,ERR,ERR,ERR,ERR,ERR,ERR,ERR,ERR,ERR,ERR,ERR,50.0,60.0,100,0.0,0.0,0.0,0.0,0.0,0.0,0.0,0.0,0.0,0.0,0.0,0.0,0.0,0.0,0.0,0.0,61.6,73,14,65512,50,65476,0,300,0,0,8,20529,65476,0,0,26214,60.0,0.0,0.0,0.0,0.0,0.0
2026-05-17T18:33:49,ERR,ERR,ERR,ERR,ERR,ERR,ERR,ERR,ERR,ERR,ERR,ERR,ERR,ERR,ERR,ERR,ERR,ERR,ERR,ERR,ERR,ERR,ERR,ERR,ERR,ERR,ERR,ERR,ERR,ERR,ERR,ERR,ERR,ERR,ERR,ERR,ERR,ERR,ERR,ERR,ERR,ERR,ERR,ERR,ERR,ERR,ERR,ERR,ERR,ERR,ERR,ERR,ERR,ERR,ERR,ERR,ERR,ERR,ERR,ERR,ERR,ERR,ERR,ERR,ERR,ERR,ERR,ERR,ERR,ERR,ERR,ERR,ERR,ERR,ERR,ERR,ERR,ERR,ERR,ERR,ERR,ERR,ERR,ERR,ERR,ERR,ERR,ERR,ERR,ERR,ERR,ERR,ERR,ERR,ERR,ERR,ERR,ERR,ERR,ERR,ERR,ERR,ERR,ERR,ERR,ERR,ERR,ERR,ERR,ERR,ERR,ERR,ERR,ERR,ERR,ERR,ERR,ERR,ERR,ERR,ERR,ERR,ERR,ERR,ERR,0.0,0.0,0.0,0.0,0.0,1.3936040501711995e+18,7.805,0.0,0,0,4,0,8422,0.0,45,0.0,0.0,0.0,0.0,0.0,0,0,0,0,0.0,0,0,0,0,0,0,0,0,0,0,0,0,0,0,0,0,0,0,0,0,0,0,0,0,0,0,0,0,0,0,0,0,0,38,14,7,45,65476,0,300,0,0,8,21553,0.0,-107605600.0,0.0,0.0,0.0,0.0,0.0,0.0,0.0,0.0,0.0,0.0,0.0,0.0,0.0,0.0,0.0,0.0,0.0,0.0,0.0,0.0,0.0,2.004,-0.0,0.0,0.0,0.0,0.0,0.0,5016.0,-0.0,0.0,0.0,0.0,-107615280.0,2.718429300292151e+23,0.0,0.0,0.0,0.0,53,-0.0,2.718417410789135e+23,0.0,0.0,0.0,0.0,0.0,0.0,0.0,0,0,0,0.0,0.0,0.0,0.0,0.0,0.0,0.0,0.0,0.0,0.0,0.0,0.0,0.0,0.0,0.0,0.0,0,-107875648.0,53,0.0,106,-107614832.0,0.0,ERR,ERR,ERR,ERR,ERR,ERR,ERR,ERR,ERR,ERR,ERR,ERR,ERR,ERR,ERR,ERR,ERR,ERR,ERR,ERR,ERR,ERR,ERR,ERR,ERR,ERR,ERR,ERR,ERR,ERR,ERR,ERR,ERR,ERR,ERR,ERR,ERR,ERR,ERR,ERR,ERR,ERR,ERR,ERR,ERR,ERR,ERR,ERR,ERR,ERR,ERR,ERR,ERR,ERR,ERR,ERR,ERR,ERR,ERR,ERR,ERR,ERR,ERR,ERR,ERR,ERR,ERR,50.0,60.0,100,0.0,0.0,0.0,0.0,0.0,0.0,0.0,0.0,0.0,0.0,0.0,0.0,0.0,0.0,0.0,0.0,61.6,73,14,65512,50,65476,0,300,0,0,8,20529,65476,0,0,26214,60.0,0.0,0.0,0.0,0.0,0.0
2026-05-17T18:33:50,ERR,ERR,ERR,ERR,ERR,ERR,ERR,ERR,ERR,ERR,ERR,ERR,ERR,ERR,ERR,ERR,ERR,ERR,ERR,ERR,ERR,ERR,ERR,ERR,ERR,ERR,ERR,ERR,ERR,ERR,ERR,ERR,ERR,ERR,ERR,ERR,ERR,ERR,ERR,ERR,ERR,ERR,ERR,ERR,ERR,ERR,ERR,ERR,ERR,ERR,ERR,ERR,ERR,ERR,ERR,ERR,ERR,ERR,ERR,ERR,ERR,ERR,ERR,ERR,ERR,ERR,ERR,ERR,ERR,ERR,ERR,ERR,ERR,ERR,ERR,ERR,ERR,ERR,ERR,ERR,ERR,ERR,ERR,ERR,ERR,ERR,ERR,ERR,ERR,ERR,ERR,ERR,ERR,ERR,ERR,ERR,ERR,ERR,ERR,ERR,ERR,ERR,ERR,ERR,ERR,ERR,ERR,ERR,ERR,ERR,ERR,ERR,ERR,ERR,ERR,ERR,ERR,ERR,ERR,ERR,ERR,ERR,ERR,ERR,ERR,0.0,0.0,0.0,0.0,0.0,1.3936040501711995e+18,7.805,0.0,0,0,4,0,8422,0.0,45,0.0,0.0,0.0,0.0,0.0,0,0,0,0,0.0,0,0,0,0,0,0,0,0,0,0,0,0,0,0,0,0,0,0,0,0,0,0,0,0,0,0,0,0,0,0,0,0,0,38,14,7,45,65476,0,300,0,0,8,21553,0.0,-107605600.0,0.0,0.0,0.0,0.0,0.0,0.0,0.0,0.0,0.0,0.0,0.0,0.0,0.0,0.0,0.0,0.0,0.0,0.0,0.0,0.0,0.0,2.004,-0.0,0.0,0.0,0.0,0.0,0.0,5016.0,-0.0,0.0,0.0,0.0,-107615280.0,2.718429300292151e+23,0.0,0.0,0.0,0.0,53,-0.0,2.718417410789135e+23,0.0,0.0,0.0,0.0,0.0,0.0,0.0,0,0,0,0.0,0.0,0.0,0.0,0.0,0.0,0.0,0.0,0.0,0.0,0.0,0.0,0.0,0.0,0.0,0.0,0,-107875648.0,53,0.0,106,-107614832.0,0.0,ERR,ERR,ERR,ERR,ERR,ERR,ERR,ERR,ERR,ERR,ERR,ERR,ERR,ERR,ERR,ERR,ERR,ERR,ERR,ERR,ERR,ERR,ERR,ERR,ERR,ERR,ERR,ERR,ERR,ERR,ERR,ERR,ERR,ERR,ERR,ERR,ERR,ERR,ERR,ERR,ERR,ERR,ERR,ERR,ERR,ERR,ERR,ERR,ERR,ERR,ERR,ERR,ERR,ERR,ERR,ERR,ERR,ERR,ERR,ERR,ERR,ERR,ERR,ERR,ERR,ERR,ERR,50.0,60.0,100,0.0,0.0,0.0,0.0,0.0,0.0,0.0,0.0,0.0,0.0,0.0,0.0,0.0,0.0,0.0,0.0,61.6,73,14,65512,50,65476,0,300,0,0,8,20529,65476,0,0,26214,60.0,0.0,0.0,0.0,0.0,0.0
2026-05-17T18:33:51,ERR,ERR,ERR,ERR,ERR,ERR,ERR,ERR,ERR,ERR,ERR,ERR,ERR,ERR,ERR,ERR,ERR,ERR,ERR,ERR,ERR,ERR,ERR,ERR,ERR,ERR,ERR,ERR,ERR,ERR,ERR,ERR,ERR,ERR,ERR,ERR,ERR,ERR,ERR,ERR,ERR,ERR,ERR,ERR,ERR,ERR,ERR,ERR,ERR,ERR,ERR,ERR,ERR,ERR,ERR,ERR,ERR,ERR,ERR,ERR,ERR,ERR,ERR,ERR,ERR,ERR,ERR,ERR,ERR,ERR,ERR,ERR,ERR,ERR,ERR,ERR,ERR,ERR,ERR,ERR,ERR,ERR,ERR,ERR,ERR,ERR,ERR,ERR,ERR,ERR,ERR,ERR,ERR,ERR,ERR,ERR,ERR,ERR,ERR,ERR,ERR,ERR,ERR,ERR,ERR,ERR,ERR,ERR,ERR,ERR,ERR,ERR,ERR,ERR,ERR,ERR,ERR,ERR,ERR,ERR,ERR,ERR,ERR,ERR,ERR,0.0,0.0,0.0,0.0,0.0,1.3936040501711995e+18,7.805,0.0,0,0,4,0,8422,0.0,45,0.0,0.0,0.0,0.0,0.0,0,0,0,0,0.0,0,0,0,0,0,0,0,0,0,0,0,0,0,0,0,0,0,0,0,0,0,0,0,0,0,0,0,0,0,0,0,0,0,38,14,7,45,65476,0,300,0,0,8,21553,0.0,-107605600.0,0.0,0.0,0.0,0.0,0.0,0.0,0.0,0.0,0.0,0.0,0.0,0.0,0.0,0.0,0.0,0.0,0.0,0.0,0.0,0.0,0.0,2.004,-0.0,0.0,0.0,0.0,0.0,0.0,5016.0,-0.0,0.0,0.0,0.0,-107615280.0,2.718429300292151e+23,0.0,0.0,0.0,0.0,53,-0.0,2.718417410789135e+23,0.0,0.0,0.0,0.0,0.0,0.0,0.0,0,0,0,0.0,0.0,0.0,0.0,0.0,0.0,0.0,0.0,0.0,0.0,0.0,0.0,0.0,0.0,0.0,0.0,0,-107875648.0,53,0.0,106,-107614832.0,0.0,ERR,ERR,ERR,ERR,ERR,ERR,ERR,ERR,ERR,ERR,ERR,ERR,ERR,ERR,ERR,ERR,ERR,ERR,ERR,ERR,ERR,ERR,ERR,ERR,ERR,ERR,ERR,ERR,ERR,ERR,ERR,ERR,ERR,ERR,ERR,ERR,ERR,ERR,ERR,ERR,ERR,ERR,ERR,ERR,ERR,ERR,ERR,ERR,ERR,ERR,ERR,ERR,ERR,ERR,ERR,ERR,ERR,ERR,ERR,ERR,ERR,ERR,ERR,ERR,ERR,ERR,ERR,50.0,60.0,100,0.0,0.0,0.0,0.0,0.0,0.0,0.0,0.0,0.0,0.0,0.0,0.0,0.0,0.0,0.0,0.0,62.0,73,14,65512,50,65476,0,300,0,0,8,20529,65476,0,0,26214,60.0,0.0,0.0,0.0,0.0,0.0
2026-05-17T18:33:52,ERR,ERR,ERR,ERR,ERR,ERR,ERR,ERR,ERR,ERR,ERR,ERR,ERR,ERR,ERR,ERR,ERR,ERR,ERR,ERR,ERR,ERR,ERR,ERR,ERR,ERR,ERR,ERR,ERR,ERR,ERR,ERR,ERR,ERR,ERR,ERR,ERR,ERR,ERR,ERR,ERR,ERR,ERR,ERR,ERR,ERR,ERR,ERR,ERR,ERR,ERR,ERR,ERR,ERR,ERR,ERR,ERR,ERR,ERR,ERR,ERR,ERR,ERR,ERR,ERR,ERR,ERR,ERR,ERR,ERR,ERR,ERR,ERR,ERR,ERR,ERR,ERR,ERR,ERR,ERR,ERR,ERR,ERR,ERR,ERR,ERR,ERR,ERR,ERR,ERR,ERR,ERR,ERR,ERR,ERR,ERR,ERR,ERR,ERR,ERR,ERR,ERR,ERR,ERR,ERR,ERR,ERR,ERR,ERR,ERR,ERR,ERR,ERR,ERR,ERR,ERR,ERR,ERR,ERR,ERR,ERR,ERR,ERR,ERR,ERR,0.0,0.0,0.0,0.0,0.0,1.3936040501711995e+18,7.805,0.0,0,0,4,0,8422,0.0,45,0.0,0.0,0.0,0.0,0.0,0,0,0,0,0.0,0,0,0,0,0,0,0,0,0,0,0,0,0,0,0,0,0,0,0,0,0,0,0,0,0,0,0,0,0,0,0,0,0,38,14,7,45,65476,0,300,0,0,8,21553,0.0,-107605600.0,0.0,0.0,0.0,0.0,0.0,0.0,0.0,0.0,0.0,0.0,0.0,0.0,0.0,0.0,0.0,0.0,0.0,0.0,0.0,0.0,0.0,2.004,-0.0,0.0,0.0,0.0,0.0,0.0,5011.0,-3.697186133624698e+19,0.0,0.0,0.0,-107615280.0,2.718429300292151e+23,0.0,0.0,0.0,0.0,53,4.950428597886765e+32,-107614784.0,0.0,0.0,0.0,0.0,0.0,0.0,0.0,0,0,0,0.0,0.0,0.0,0.0,0.0,0.0,0.0,0.0,0.0,0.0,0.0,0.0,0.0,0.0,0.0,0.0,0,-107875648.0,53,0.0,106,-107614832.0,0.0,ERR,ERR,ERR,ERR,ERR,ERR,ERR,ERR,ERR,ERR,ERR,ERR,ERR,ERR,ERR,ERR,ERR,ERR,ERR,ERR,ERR,ERR,ERR,ERR,ERR,ERR,ERR,ERR,ERR,ERR,ERR,ERR,ERR,ERR,ERR,ERR,ERR,ERR,ERR,ERR,ERR,ERR,ERR,ERR,ERR,ERR,ERR,ERR,ERR,ERR,ERR,ERR,ERR,ERR,ERR,ERR,ERR,ERR,ERR,ERR,ERR,ERR,ERR,ERR,ERR,ERR,ERR,50.0,60.0,100,0.0,0.0,0.0,0.0,0.0,0.0,0.0,0.0,0.0,0.0,0.0,0.0,0.0,0.0,0.0,0.0,62.0,73,14,65512,50,65476,0,300,0,0,8,20529,65476,0,0,26214,60.0,0.0,0.0,0.0,0.0,0.0
2026-05-17T18:33:53,ERR,ERR,ERR,ERR,ERR,ERR,ERR,ERR,ERR,ERR,ERR,ERR,ERR,ERR,ERR,ERR,ERR,ERR,ERR,ERR,ERR,ERR,ERR,ERR,ERR,ERR,ERR,ERR,ERR,ERR,ERR,ERR,ERR,ERR,ERR,ERR,ERR,ERR,ERR,ERR,ERR,ERR,ERR,ERR,ERR,ERR,ERR,ERR,ERR,ERR,ERR,ERR,ERR,ERR,ERR,ERR,ERR,ERR,ERR,ERR,ERR,ERR,ERR,ERR,ERR,ERR,ERR,ERR,ERR,ERR,ERR,ERR,ERR,ERR,ERR,ERR,ERR,ERR,ERR,ERR,ERR,ERR,ERR,ERR,ERR,ERR,ERR,ERR,ERR,ERR,ERR,ERR,ERR,ERR,ERR,ERR,ERR,ERR,ERR,ERR,ERR,ERR,ERR,ERR,ERR,ERR,ERR,ERR,ERR,ERR,ERR,ERR,ERR,ERR,ERR,ERR,ERR,ERR,ERR,ERR,ERR,ERR,ERR,ERR,ERR,0.0,0.0,0.0,0.0,0.0,1.3936040501711995e+18,7.805,0.0,0,0,4,0,8422,0.0,45,0.0,0.0,0.0,0.0,0.0,0,0,0,0,0.0,0,0,0,0,0,0,0,0,0,0,0,0,0,0,0,0,0,0,0,0,0,0,0,0,0,0,0,0,0,0,0,0,0,38,14,7,45,65476,0,300,0,0,8,21553,0.0,-107605600.0,0.0,0.0,0.0,0.0,0.0,0.0,0.0,0.0,0.0,0.0,0.0,0.0,0.0,0.0,0.0,0.0,0.0,0.0,0.0,0.0,0.0,2.004,-0.0,0.0,0.0,0.0,0.0,0.0,5011.0,-3.697186133624698e+19,0.0,0.0,0.0,-107615280.0,2.718429300292151e+23,0.0,0.0,0.0,0.0,53,4.950428597886765e+32,-107614784.0,0.0,0.0,0.0,0.0,0.0,0.0,0.0,0,0,0,0.0,0.0,0.0,0.0,0.0,0.0,0.0,0.0,0.0,0.0,0.0,0.0,0.0,0.0,0.0,0.0,0,-107875648.0,53,0.0,106,-107614832.0,0.0,ERR,ERR,ERR,ERR,ERR,ERR,ERR,ERR,ERR,ERR,ERR,ERR,ERR,ERR,ERR,ERR,ERR,ERR,ERR,ERR,ERR,ERR,ERR,ERR,ERR,ERR,ERR,ERR,ERR,ERR,ERR,ERR,ERR,ERR,ERR,ERR,ERR,ERR,ERR,ERR,ERR,ERR,ERR,ERR,ERR,ERR,ERR,ERR,ERR,ERR,ERR,ERR,ERR,ERR,ERR,ERR,ERR,ERR,ERR,ERR,ERR,ERR,ERR,ERR,ERR,ERR,ERR,50.0,60.0,100,0.0,0.0,0.0,0.0,0.0,0.0,0.0,0.0,0.0,0.0,0.0,0.0,0.0,0.0,0.0,0.0,62.0,73,14,65512,50,65476,0,300,0,0,8,20529,65476,0,0,26214,60.0,0.0,0.0,0.0,0.0,0.0
2026-05-17T18:33:54,ERR,ERR,ERR,ERR,ERR,ERR,ERR,ERR,ERR,ERR,ERR,ERR,ERR,ERR,ERR,ERR,ERR,ERR,ERR,ERR,ERR,ERR,ERR,ERR,ERR,ERR,ERR,ERR,ERR,ERR,ERR,ERR,ERR,ERR,ERR,ERR,ERR,ERR,ERR,ERR,ERR,ERR,ERR,ERR,ERR,ERR,ERR,ERR,ERR,ERR,ERR,ERR,ERR,ERR,ERR,ERR,ERR,ERR,ERR,ERR,ERR,ERR,ERR,ERR,ERR,ERR,ERR,ERR,ERR,ERR,ERR,ERR,ERR,ERR,ERR,ERR,ERR,ERR,ERR,ERR,ERR,ERR,ERR,ERR,ERR,ERR,ERR,ERR,ERR,ERR,ERR,ERR,ERR,ERR,ERR,ERR,ERR,ERR,ERR,ERR,ERR,ERR,ERR,ERR,ERR,ERR,ERR,ERR,ERR,ERR,ERR,ERR,ERR,ERR,ERR,ERR,ERR,ERR,ERR,ERR,ERR,ERR,ERR,ERR,ERR,0.0,0.0,0.0,0.0,0.0,1.3936040501711995e+18,7.805,0.0,0,0,4,0,8422,0.0,45,0.0,0.0,0.0,0.0,0.0,0,0,0,0,0.0,0,0,0,0,0,0,0,0,0,0,0,0,0,0,0,0,0,0,0,0,0,0,0,0,0,0,0,0,0,0,0,0,0,38,14,7,45,65476,0,300,0,0,8,21553,0.0,-107605600.0,0.0,0.0,0.0,0.0,0.0,0.0,0.0,0.0,0.0,0.0,0.0,0.0,0.0,0.0,0.0,0.0,0.0,0.0,0.0,0.0,0.0,2.004,-0.0,0.0,0.0,0.0,0.0,0.0,5011.0,-3.697186133624698e+19,0.0,0.0,0.0,-107615280.0,2.718429300292151e+23,0.0,0.0,0.0,0.0,53,4.950428597886765e+32,-107614784.0,0.0,0.0,0.0,0.0,0.0,0.0,0.0,0,0,0,0.0,0.0,0.0,0.0,0.0,0.0,0.0,0.0,0.0,0.0,0.0,0.0,0.0,0.0,0.0,0.0,0,-107875648.0,53,0.0,106,-107614832.0,0.0,ERR,ERR,ERR,ERR,ERR,ERR,ERR,ERR,ERR,ERR,ERR,ERR,ERR,ERR,ERR,ERR,ERR,ERR,ERR,ERR,ERR,ERR,ERR,ERR,ERR,ERR,ERR,ERR,ERR,ERR,ERR,ERR,ERR,ERR,ERR,ERR,ERR,ERR,ERR,ERR,ERR,ERR,ERR,ERR,ERR,ERR,ERR,ERR,ERR,ERR,ERR,ERR,ERR,ERR,ERR,ERR,ERR,ERR,ERR,ERR,ERR,ERR,ERR,ERR,ERR,ERR,ERR,50.0,60.0,100,0.0,0.0,0.0,0.0,0.0,0.0,0.0,0.0,0.0,0.0,0.0,0.0,0.0,0.0,0.0,0.0,62.0,73,14,65512,50,65476,0,300,0,0,8,20529,65476,0,0,26214,60.0,0.0,0.0,0.0,0.0,0.0
2026-05-17T18:33:55,ERR,ERR,ERR,ERR,ERR,ERR,ERR,ERR,ERR,ERR,ERR,ERR,ERR,ERR,ERR,ERR,ERR,ERR,ERR,ERR,ERR,ERR,ERR,ERR,ERR,ERR,ERR,ERR,ERR,ERR,ERR,ERR,ERR,ERR,ERR,ERR,ERR,ERR,ERR,ERR,ERR,ERR,ERR,ERR,ERR,ERR,ERR,ERR,ERR,ERR,ERR,ERR,ERR,ERR,ERR,ERR,ERR,ERR,ERR,ERR,ERR,ERR,ERR,ERR,ERR,ERR,ERR,ERR,ERR,ERR,ERR,ERR,ERR,ERR,ERR,ERR,ERR,ERR,ERR,ERR,ERR,ERR,ERR,ERR,ERR,ERR,ERR,ERR,ERR,ERR,ERR,ERR,ERR,ERR,ERR,ERR,ERR,ERR,ERR,ERR,ERR,ERR,ERR,ERR,ERR,ERR,ERR,ERR,ERR,ERR,ERR,ERR,ERR,ERR,ERR,ERR,ERR,ERR,ERR,ERR,ERR,ERR,ERR,ERR,ERR,0.0,0.0,0.0,0.0,0.0,1.3936040501711995e+18,7.805,0.0,0,0,4,0,8422,0.0,45,0.0,0.0,0.0,0.0,0.0,0,0,0,0,0.0,0,0,0,0,0,0,0,0,0,0,0,0,0,0,0,0,0,0,0,0,0,0,0,0,0,0,0,0,0,0,0,0,0,38,14,7,45,65476,0,300,0,0,8,21553,0.0,-107605600.0,0.0,0.0,0.0,0.0,0.0,0.0,0.0,0.0,0.0,0.0,0.0,0.0,0.0,0.0,0.0,0.0,0.0,0.0,0.0,0.0,0.0,2.004,-0.0,0.0,0.0,0.0,0.0,0.0,5011.0,-3.697186133624698e+19,0.0,0.0,0.0,-107615280.0,2.718429300292151e+23,0.0,0.0,0.0,0.0,53,4.950428597886765e+32,-107614784.0,0.0,0.0,0.0,0.0,0.0,0.0,0.0,0,0,0,0.0,0.0,0.0,0.0,0.0,0.0,0.0,0.0,0.0,0.0,0.0,0.0,0.0,0.0,0.0,0.0,0,-107875648.0,53,0.0,106,-107614832.0,0.0,ERR,ERR,ERR,ERR,ERR,ERR,ERR,ERR,ERR,ERR,ERR,ERR,ERR,ERR,ERR,ERR,ERR,ERR,ERR,ERR,ERR,ERR,ERR,ERR,ERR,ERR,ERR,ERR,ERR,ERR,ERR,ERR,ERR,ERR,ERR,ERR,ERR,ERR,ERR,ERR,ERR,ERR,ERR,ERR,ERR,ERR,ERR,ERR,ERR,ERR,ERR,ERR,ERR,ERR,ERR,ERR,ERR,ERR,ERR,ERR,ERR,ERR,ERR,ERR,ERR,ERR,ERR,50.0,60.0,100,0.0,0.0,0.0,0.0,0.0,0.0,0.0,0.0,0.0,0.0,0.0,0.0,0.0,0.0,0.0,0.0,62.0,73,14,65512,50,65476,0,300,0,0,8,20529,65476,0,0,26214,60.0,0.0,0.0,0.0,0.0,0.0
2026-05-17T18:33:56,ERR,ERR,ERR,ERR,ERR,ERR,ERR,ERR,ERR,ERR,ERR,ERR,ERR,ERR,ERR,ERR,ERR,ERR,ERR,ERR,ERR,ERR,ERR,ERR,ERR,ERR,ERR,ERR,ERR,ERR,ERR,ERR,ERR,ERR,ERR,ERR,ERR,ERR,ERR,ERR,ERR,ERR,ERR,ERR,ERR,ERR,ERR,ERR,ERR,ERR,ERR,ERR,ERR,ERR,ERR,ERR,ERR,ERR,ERR,ERR,ERR,ERR,ERR,ERR,ERR,ERR,ERR,ERR,ERR,ERR,ERR,ERR,ERR,ERR,ERR,ERR,ERR,ERR,ERR,ERR,ERR,ERR,ERR,ERR,ERR,ERR,ERR,ERR,ERR,ERR,ERR,ERR,ERR,ERR,ERR,ERR,ERR,ERR,ERR,ERR,ERR,ERR,ERR,ERR,ERR,ERR,ERR,ERR,ERR,ERR,ERR,ERR,ERR,ERR,ERR,ERR,ERR,ERR,ERR,ERR,ERR,ERR,ERR,ERR,ERR,0.0,0.0,0.0,0.0,0.0,1.3936040501711995e+18,7.805,0.0,0,0,4,0,8422,0.0,45,0.0,0.0,0.0,0.0,0.0,0,0,0,0,0.0,0,0,0,0,0,0,0,0,0,0,0,0,0,0,0,0,0,0,0,0,0,0,0,0,0,0,0,0,0,0,0,0,0,38,14,7,45,65476,0,300,0,0,8,21553,0.0,-107605600.0,0.0,0.0,0.0,0.0,0.0,0.0,0.0,0.0,0.0,0.0,0.0,0.0,0.0,0.0,0.0,0.0,0.0,0.0,0.0,0.0,0.0,2.004,-0.0,0.0,0.0,0.0,0.0,0.0,5011.0,-3.697186133624698e+19,0.0,0.0,0.0,-107615280.0,2.718429300292151e+23,0.0,0.0,0.0,0.0,53,4.950428597886765e+32,-107614784.0,0.0,0.0,0.0,0.0,0.0,0.0,0.0,0,0,0,0.0,0.0,0.0,0.0,0.0,0.0,0.0,0.0,0.0,0.0,0.0,0.0,0.0,0.0,0.0,0.0,0,-107875648.0,53,0.0,106,-107614832.0,0.0,ERR,ERR,ERR,ERR,ERR,ERR,ERR,ERR,ERR,ERR,ERR,ERR,ERR,ERR,ERR,ERR,ERR,ERR,ERR,ERR,ERR,ERR,ERR,ERR,ERR,ERR,ERR,ERR,ERR,ERR,ERR,ERR,ERR,ERR,ERR,ERR,ERR,ERR,ERR,ERR,ERR,ERR,ERR,ERR,ERR,ERR,ERR,ERR,ERR,ERR,ERR,ERR,ERR,ERR,ERR,ERR,ERR,ERR,ERR,ERR,ERR,ERR,ERR,ERR,ERR,ERR,ERR,50.0,60.0,100,0.0,0.0,0.0,0.0,0.0,0.0,0.0,0.0,0.0,0.0,0.0,0.0,0.0,0.0,0.0,0.0,61.6,73,14,65512,50,65476,0,300,0,0,8,20529,65476,0,0,26214,60.0,0.0,0.0,0.0,0.0,0.0
2026-05-17T18:33:57,ERR,ERR,ERR,ERR,ERR,ERR,ERR,ERR,ERR,ERR,ERR,ERR,ERR,ERR,ERR,ERR,ERR,ERR,ERR,ERR,ERR,ERR,ERR,ERR,ERR,ERR,ERR,ERR,ERR,ERR,ERR,ERR,ERR,ERR,ERR,ERR,ERR,ERR,ERR,ERR,ERR,ERR,ERR,ERR,ERR,ERR,ERR,ERR,ERR,ERR,ERR,ERR,ERR,ERR,ERR,ERR,ERR,ERR,ERR,ERR,ERR,ERR,ERR,ERR,ERR,ERR,ERR,ERR,ERR,ERR,ERR,ERR,ERR,ERR,ERR,ERR,ERR,ERR,ERR,ERR,ERR,ERR,ERR,ERR,ERR,ERR,ERR,ERR,ERR,ERR,ERR,ERR,ERR,ERR,ERR,ERR,ERR,ERR,ERR,ERR,ERR,ERR,ERR,ERR,ERR,ERR,ERR,ERR,ERR,ERR,ERR,ERR,ERR,ERR,ERR,ERR,ERR,ERR,ERR,ERR,ERR,ERR,ERR,ERR,ERR,0.0,0.0,0.0,0.0,0.0,1.3936040501711995e+18,7.805,0.0,0,0,4,0,8422,0.0,45,0.0,0.0,0.0,0.0,0.0,0,0,0,0,0.0,0,0,0,0,0,0,0,0,0,0,0,0,0,0,0,0,0,0,0,0,0,0,0,0,0,0,0,0,0,0,0,0,0,38,14,7,45,65476,0,300,0,0,8,21553,0.0,-107605600.0,0.0,0.0,0.0,0.0,0.0,0.0,0.0,0.0,0.0,0.0,0.0,0.0,0.0,0.0,0.0,0.0,0.0,0.0,0.0,0.0,0.0,2.004,-0.0,0.0,0.0,0.0,0.0,0.0,5050.0,0.0,0.0,0.0,0.0,-107615280.0,2.718429300292151e+23,0.0,0.0,0.0,0.0,53,-0.0,0.059,0.0,0.0,0.0,0.0,0.0,0.0,0.0,0,0,0,0.0,0.0,0.0,0.0,0.0,0.0,0.0,0.0,0.0,0.0,0.0,0.0,0.0,0.0,0.0,0.0,0,-107875648.0,53,0.0,106,-107614832.0,0.0,ERR,ERR,ERR,ERR,ERR,ERR,ERR,ERR,ERR,ERR,ERR,ERR,ERR,ERR,ERR,ERR,ERR,ERR,ERR,ERR,ERR,ERR,ERR,ERR,ERR,ERR,ERR,ERR,ERR,ERR,ERR,ERR,ERR,ERR,ERR,ERR,ERR,ERR,ERR,ERR,ERR,ERR,ERR,ERR,ERR,ERR,ERR,ERR,ERR,ERR,ERR,ERR,ERR,ERR,ERR,ERR,ERR,ERR,ERR,ERR,ERR,ERR,ERR,ERR,ERR,ERR,ERR,50.0,60.0,100,0.0,0.0,0.0,0.0,0.0,0.0,0.0,0.0,0.0,0.0,0.0,0.0,0.0,0.0,0.0,0.0,61.6,73,14,65512,50,65476,0,300,0,0,8,20529,65476,0,0,26214,60.0,0.0,0.0,0.0,0.0,0.0
2026-05-17T18:33:58,ERR,ERR,ERR,ERR,ERR,ERR,ERR,ERR,ERR,ERR,ERR,ERR,ERR,ERR,ERR,ERR,ERR,ERR,ERR,ERR,ERR,ERR,ERR,ERR,ERR,ERR,ERR,ERR,ERR,ERR,ERR,ERR,ERR,ERR,ERR,ERR,ERR,ERR,ERR,ERR,ERR,ERR,ERR,ERR,ERR,ERR,ERR,ERR,ERR,ERR,ERR,ERR,ERR,ERR,ERR,ERR,ERR,ERR,ERR,ERR,ERR,ERR,ERR,ERR,ERR,ERR,ERR,ERR,ERR,ERR,ERR,ERR,ERR,ERR,ERR,ERR,ERR,ERR,ERR,ERR,ERR,ERR,ERR,ERR,ERR,ERR,ERR,ERR,ERR,ERR,ERR,ERR,ERR,ERR,ERR,ERR,ERR,ERR,ERR,ERR,ERR,ERR,ERR,ERR,ERR,ERR,ERR,ERR,ERR,ERR,ERR,ERR,ERR,ERR,ERR,ERR,ERR,ERR,ERR,ERR,ERR,ERR,ERR,ERR,ERR,0.0,0.0,0.0,0.0,0.0,1.3936040501711995e+18,7.805,0.0,0,0,4,0,8422,0.0,45,0.0,0.0,0.0,0.0,0.0,0,0,0,0,0.0,0,0,0,0,0,0,0,0,0,0,0,0,0,0,0,0,0,0,0,0,0,0,0,0,0,0,0,0,0,0,0,0,0,38,14,7,45,65476,0,300,0,0,8,21553,0.0,-107605600.0,0.0,0.0,0.0,0.0,0.0,0.0,0.0,0.0,0.0,0.0,0.0,0.0,0.0,0.0,0.0,0.0,0.0,0.0,0.0,0.0,0.0,2.004,-0.0,0.0,0.0,0.0,0.0,0.0,5050.0,0.0,0.0,0.0,0.0,-107615280.0,2.718429300292151e+23,0.0,0.0,0.0,0.0,53,-0.0,0.059,0.0,0.0,0.0,0.0,0.0,0.0,0.0,0,0,0,0.0,0.0,0.0,0.0,0.0,0.0,0.0,0.0,0.0,0.0,0.0,0.0,0.0,0.0,0.0,0.0,0,-107875648.0,53,0.0,106,-107614832.0,0.0,ERR,ERR,ERR,ERR,ERR,ERR,ERR,ERR,ERR,ERR,ERR,ERR,ERR,ERR,ERR,ERR,ERR,ERR,ERR,ERR,ERR,ERR,ERR,ERR,ERR,ERR,ERR,ERR,ERR,ERR,ERR,ERR,ERR,ERR,ERR,ERR,ERR,ERR,ERR,ERR,ERR,ERR,ERR,ERR,ERR,ERR,ERR,ERR,ERR,ERR,ERR,ERR,ERR,ERR,ERR,ERR,ERR,ERR,ERR,ERR,ERR,ERR,ERR,ERR,ERR,ERR,ERR,50.0,60.0,100,0.0,0.0,0.0,0.0,0.0,0.0,0.0,0.0,0.0,0.0,0.0,0.0,0.0,0.0,0.0,0.0,62.0,73,14,65512,50,65476,0,300,0,0,8,20529,65476,0,0,26214,60.0,0.0,0.0,0.0,0.0,0.0
2026-05-17T18:33:59,ERR,ERR,ERR,ERR,ERR,ERR,ERR,ERR,ERR,ERR,ERR,ERR,ERR,ERR,ERR,ERR,ERR,ERR,ERR,ERR,ERR,ERR,ERR,ERR,ERR,ERR,ERR,ERR,ERR,ERR,ERR,ERR,ERR,ERR,ERR,ERR,ERR,ERR,ERR,ERR,ERR,ERR,ERR,ERR,ERR,ERR,ERR,ERR,ERR,ERR,ERR,ERR,ERR,ERR,ERR,ERR,ERR,ERR,ERR,ERR,ERR,ERR,ERR,ERR,ERR,ERR,ERR,ERR,ERR,ERR,ERR,ERR,ERR,ERR,ERR,ERR,ERR,ERR,ERR,ERR,ERR,ERR,ERR,ERR,ERR,ERR,ERR,ERR,ERR,ERR,ERR,ERR,ERR,ERR,ERR,ERR,ERR,ERR,ERR,ERR,ERR,ERR,ERR,ERR,ERR,ERR,ERR,ERR,ERR,ERR,ERR,ERR,ERR,ERR,ERR,ERR,ERR,ERR,ERR,ERR,ERR,ERR,ERR,ERR,ERR,0.0,0.0,0.0,0.0,0.0,1.3936040501711995e+18,7.805,0.0,0,0,4,0,8422,0.0,45,0.0,0.0,0.0,0.0,0.0,0,0,0,0,0.0,0,0,0,0,0,0,0,0,0,0,0,0,0,0,0,0,0,0,0,0,0,0,0,0,0,0,0,0,0,0,0,0,0,38,14,7,45,65476,0,300,0,0,8,21553,0.0,-107605600.0,0.0,0.0,0.0,0.0,0.0,0.0,0.0,0.0,0.0,0.0,0.0,0.0,0.0,0.0,0.0,0.0,0.0,0.0,0.0,0.0,0.0,2.004,-0.0,0.0,0.0,0.0,0.0,0.0,5050.0,0.0,0.0,0.0,0.0,-107615280.0,2.718429300292151e+23,0.0,0.0,0.0,0.0,53,-0.0,0.059,0.0,0.0,0.0,0.0,0.0,0.0,0.0,0,0,0,0.0,0.0,0.0,0.0,0.0,0.0,0.0,0.0,0.0,0.0,0.0,0.0,0.0,0.0,0.0,0.0,0,-107875648.0,53,0.0,106,-107614832.0,0.0,ERR,ERR,ERR,ERR,ERR,ERR,ERR,ERR,ERR,ERR,ERR,ERR,ERR,ERR,ERR,ERR,ERR,ERR,ERR,ERR,ERR,ERR,ERR,ERR,ERR,ERR,ERR,ERR,ERR,ERR,ERR,ERR,ERR,ERR,ERR,ERR,ERR,ERR,ERR,ERR,ERR,ERR,ERR,ERR,ERR,ERR,ERR,ERR,ERR,ERR,ERR,ERR,ERR,ERR,ERR,ERR,ERR,ERR,ERR,ERR,ERR,ERR,ERR,ERR,ERR,ERR,ERR,50.0,60.0,100,0.0,0.0,0.0,0.0,0.0,0.0,0.0,0.0,0.0,0.0,0.0,0.0,0.0,0.0,0.0,0.0,62.0,73,14,65512,50,65476,0,300,0,0,8,20529,65476,0,0,26214,60.0,0.0,0.0,0.0,0.0,0.0
2026-05-17T18:34:00,ERR,ERR,ERR,ERR,ERR,ERR,ERR,ERR,ERR,ERR,ERR,ERR,ERR,ERR,ERR,ERR,ERR,ERR,ERR,ERR,ERR,ERR,ERR,ERR,ERR,ERR,ERR,ERR,ERR,ERR,ERR,ERR,ERR,ERR,ERR,ERR,ERR,ERR,ERR,ERR,ERR,ERR,ERR,ERR,ERR,ERR,ERR,ERR,ERR,ERR,ERR,ERR,ERR,ERR,ERR,ERR,ERR,ERR,ERR,ERR,ERR,ERR,ERR,ERR,ERR,ERR,ERR,ERR,ERR,ERR,ERR,ERR,ERR,ERR,ERR,ERR,ERR,ERR,ERR,ERR,ERR,ERR,ERR,ERR,ERR,ERR,ERR,ERR,ERR,ERR,ERR,ERR,ERR,ERR,ERR,ERR,ERR,ERR,ERR,ERR,ERR,ERR,ERR,ERR,ERR,ERR,ERR,ERR,ERR,ERR,ERR,ERR,ERR,ERR,ERR,ERR,ERR,ERR,ERR,ERR,ERR,ERR,ERR,ERR,ERR,0.0,0.0,0.0,0.0,0.0,1.3936040501711995e+18,7.805,0.0,0,0,4,0,8422,0.0,45,0.0,0.0,0.0,0.0,0.0,0,0,0,0,0.0,0,0,0,0,0,0,0,0,0,0,0,0,0,0,0,0,0,0,0,0,0,0,0,0,0,0,0,0,0,0,0,0,0,38,14,7,45,65476,0,300,0,0,8,21553,0.0,-107605600.0,0.0,0.0,0.0,0.0,0.0,0.0,0.0,0.0,0.0,0.0,0.0,0.0,0.0,0.0,0.0,0.0,0.0,0.0,0.0,0.0,0.0,2.004,-0.0,0.0,0.0,0.0,0.0,0.0,5050.0,0.0,0.0,0.0,0.0,-107615280.0,2.718429300292151e+23,0.0,0.0,0.0,0.0,53,-0.0,0.059,0.0,0.0,0.0,0.0,0.0,0.0,0.0,0,0,0,0.0,0.0,0.0,0.0,0.0,0.0,0.0,0.0,0.0,0.0,0.0,0.0,0.0,0.0,0.0,0.0,0,-107875648.0,53,0.0,106,-107614832.0,0.0,ERR,ERR,ERR,ERR,ERR,ERR,ERR,ERR,ERR,ERR,ERR,ERR,ERR,ERR,ERR,ERR,ERR,ERR,ERR,ERR,ERR,ERR,ERR,ERR,ERR,ERR,ERR,ERR,ERR,ERR,ERR,ERR,ERR,ERR,ERR,ERR,ERR,ERR,ERR,ERR,ERR,ERR,ERR,ERR,ERR,ERR,ERR,ERR,ERR,ERR,ERR,ERR,ERR,ERR,ERR,ERR,ERR,ERR,ERR,ERR,ERR,ERR,ERR,ERR,ERR,ERR,ERR,50.0,60.0,100,0.0,0.0,0.0,0.0,0.0,0.0,0.0,0.0,0.0,0.0,0.0,0.0,0.0,0.0,0.0,0.0,61.6,73,14,65512,50,65476,0,300,0,0,8,20529,65476,0,0,26214,60.0,0.0,0.0,0.0,0.0,0.0
2026-05-17T18:34:01,ERR,ERR,ERR,ERR,ERR,ERR,ERR,ERR,ERR,ERR,ERR,ERR,ERR,ERR,ERR,ERR,ERR,ERR,ERR,ERR,ERR,ERR,ERR,ERR,ERR,ERR,ERR,ERR,ERR,ERR,ERR,ERR,ERR,ERR,ERR,ERR,ERR,ERR,ERR,ERR,ERR,ERR,ERR,ERR,ERR,ERR,ERR,ERR,ERR,ERR,ERR,ERR,ERR,ERR,ERR,ERR,ERR,ERR,ERR,ERR,ERR,ERR,ERR,ERR,ERR,ERR,ERR,ERR,ERR,ERR,ERR,ERR,ERR,ERR,ERR,ERR,ERR,ERR,ERR,ERR,ERR,ERR,ERR,ERR,ERR,ERR,ERR,ERR,ERR,ERR,ERR,ERR,ERR,ERR,ERR,ERR,ERR,ERR,ERR,ERR,ERR,ERR,ERR,ERR,ERR,ERR,ERR,ERR,ERR,ERR,ERR,ERR,ERR,ERR,ERR,ERR,ERR,ERR,ERR,ERR,ERR,ERR,ERR,ERR,ERR,0.0,0.0,0.0,0.0,0.0,1.3936040501711995e+18,7.805,0.0,0,0,4,0,8422,0.0,45,0.0,0.0,0.0,0.0,0.0,0,0,0,0,0.0,0,0,0,0,0,0,0,0,0,0,0,0,0,0,0,0,0,0,0,0,0,0,0,0,0,0,0,0,0,0,0,0,0,38,14,7,45,65476,0,300,0,0,8,21553,0.0,-107605600.0,0.0,0.0,0.0,0.0,0.0,0.0,0.0,0.0,0.0,0.0,0.0,0.0,0.0,0.0,0.0,0.0,0.0,0.0,0.0,0.0,0.0,2.004,-0.0,0.0,0.0,0.0,0.0,0.0,5050.0,0.0,0.0,0.0,0.0,-107615280.0,2.718429300292151e+23,0.0,0.0,0.0,0.0,53,-0.0,0.059,0.0,0.0,0.0,0.0,0.0,0.0,0.0,0,0,0,0.0,0.0,0.0,0.0,0.0,0.0,0.0,0.0,0.0,0.0,0.0,0.0,0.0,0.0,0.0,0.0,0,-107875648.0,53,0.0,106,-107614832.0,0.0,ERR,ERR,ERR,ERR,ERR,ERR,ERR,ERR,ERR,ERR,ERR,ERR,ERR,ERR,ERR,ERR,ERR,ERR,ERR,ERR,ERR,ERR,ERR,ERR,ERR,ERR,ERR,ERR,ERR,ERR,ERR,ERR,ERR,ERR,ERR,ERR,ERR,ERR,ERR,ERR,ERR,ERR,ERR,ERR,ERR,ERR,ERR,ERR,ERR,ERR,ERR,ERR,ERR,ERR,ERR,ERR,ERR,ERR,ERR,ERR,ERR,ERR,ERR,ERR,ERR,ERR,ERR,50.0,60.0,100,0.0,0.0,0.0,0.0,0.0,0.0,0.0,0.0,0.0,0.0,0.0,0.0,0.0,0.0,0.0,0.0,61.6,73,14,65512,50,65476,0,300,0,0,8,20529,65476,0,0,26214,60.0,0.0,0.0,0.0,0.0,0.0
2026-05-17T18:34:02,ERR,ERR,ERR,ERR,ERR,ERR,ERR,ERR,ERR,ERR,ERR,ERR,ERR,ERR,ERR,ERR,ERR,ERR,ERR,ERR,ERR,ERR,ERR,ERR,ERR,ERR,ERR,ERR,ERR,ERR,ERR,ERR,ERR,ERR,ERR,ERR,ERR,ERR,ERR,ERR,ERR,ERR,ERR,ERR,ERR,ERR,ERR,ERR,ERR,ERR,ERR,ERR,ERR,ERR,ERR,ERR,ERR,ERR,ERR,ERR,ERR,ERR,ERR,ERR,ERR,ERR,ERR,ERR,ERR,ERR,ERR,ERR,ERR,ERR,ERR,ERR,ERR,ERR,ERR,ERR,ERR,ERR,ERR,ERR,ERR,ERR,ERR,ERR,ERR,ERR,ERR,ERR,ERR,ERR,ERR,ERR,ERR,ERR,ERR,ERR,ERR,ERR,ERR,ERR,ERR,ERR,ERR,ERR,ERR,ERR,ERR,ERR,ERR,ERR,ERR,ERR,ERR,ERR,ERR,ERR,ERR,ERR,ERR,ERR,ERR,0.0,0.0,0.0,0.0,0.0,1.3936040501711995e+18,7.805,0.0,0,0,4,0,8422,0.0,45,0.0,0.0,0.0,0.0,0.0,0,0,0,0,0.0,0,0,0,0,0,0,0,0,0,0,0,0,0,0,0,0,0,0,0,0,0,0,0,0,0,0,0,0,0,0,0,0,0,38,14,7,45,65476,0,300,0,0,8,21553,0.0,-107605600.0,0.0,0.0,0.0,0.0,0.0,0.0,0.0,0.0,0.0,0.0,0.0,0.0,0.0,0.0,0.0,0.0,0.0,0.0,0.0,0.0,0.0,2.004,-0.0,0.0,0.0,0.0,0.0,0.0,5047.0,0.0,0.0,0.0,0.0,-107615280.0,2.718429300292151e+23,0.0,0.0,0.0,0.0,53,-0.0,0.0,0.0,0.0,0.0,0.0,0.0,0.0,0.0,0,0,0,0.0,0.0,0.0,0.0,0.0,0.0,0.0,0.0,0.0,0.0,0.0,0.0,0.0,0.0,0.0,0.0,0,-107875648.0,53,0.0,106,-107614832.0,0.0,ERR,ERR,ERR,ERR,ERR,ERR,ERR,ERR,ERR,ERR,ERR,ERR,ERR,ERR,ERR,ERR,ERR,ERR,ERR,ERR,ERR,ERR,ERR,ERR,ERR,ERR,ERR,ERR,ERR,ERR,ERR,ERR,ERR,ERR,ERR,ERR,ERR,ERR,ERR,ERR,ERR,ERR,ERR,ERR,ERR,ERR,ERR,ERR,ERR,ERR,ERR,ERR,ERR,ERR,ERR,ERR,ERR,ERR,ERR,ERR,ERR,ERR,ERR,ERR,ERR,ERR,ERR,50.0,60.0,100,0.0,0.0,0.0,0.0,0.0,0.0,0.0,0.0,0.0,0.0,0.0,0.0,0.0,0.0,0.0,0.0,61.6,73,14,65512,50,65476,0,300,0,0,8,20529,65476,0,0,26214,60.0,0.0,0.0,0.0,0.0,0.0
2026-05-17T18:34:03,ERR,ERR,ERR,ERR,ERR,ERR,ERR,ERR,ERR,ERR,ERR,ERR,ERR,ERR,ERR,ERR,ERR,ERR,ERR,ERR,ERR,ERR,ERR,ERR,ERR,ERR,ERR,ERR,ERR,ERR,ERR,ERR,ERR,ERR,ERR,ERR,ERR,ERR,ERR,ERR,ERR,ERR,ERR,ERR,ERR,ERR,ERR,ERR,ERR,ERR,ERR,ERR,ERR,ERR,ERR,ERR,ERR,ERR,ERR,ERR,ERR,ERR,ERR,ERR,ERR,ERR,ERR,ERR,ERR,ERR,ERR,ERR,ERR,ERR,ERR,ERR,ERR,ERR,ERR,ERR,ERR,ERR,ERR,ERR,ERR,ERR,ERR,ERR,ERR,ERR,ERR,ERR,ERR,ERR,ERR,ERR,ERR,ERR,ERR,ERR,ERR,ERR,ERR,ERR,ERR,ERR,ERR,ERR,ERR,ERR,ERR,ERR,ERR,ERR,ERR,ERR,ERR,ERR,ERR,ERR,ERR,ERR,ERR,ERR,ERR,0.0,0.0,0.0,0.0,0.0,1.3936040501711995e+18,7.805,0.0,0,0,4,0,8422,0.0,45,0.0,0.0,0.0,0.0,0.0,0,0,0,0,0.0,0,0,0,0,0,0,0,0,0,0,0,0,0,0,0,0,0,0,0,0,0,0,0,0,0,0,0,0,0,0,0,0,0,38,14,7,45,65476,0,300,0,0,8,21553,0.0,-107605600.0,0.0,0.0,0.0,0.0,0.0,0.0,0.0,0.0,0.0,0.0,0.0,0.0,0.0,0.0,0.0,0.0,0.0,0.0,0.0,0.0,0.0,2.004,-0.0,0.0,0.0,0.0,0.0,0.0,5047.0,0.0,0.0,0.0,0.0,-107615280.0,2.718429300292151e+23,0.0,0.0,0.0,0.0,53,-0.0,0.0,0.0,0.0,0.0,0.0,0.0,0.0,0.0,0,0,0,0.0,0.0,0.0,0.0,0.0,0.0,0.0,0.0,0.0,0.0,0.0,0.0,0.0,0.0,0.0,0.0,0,-107875648.0,53,0.0,106,-107614832.0,0.0,ERR,ERR,ERR,ERR,ERR,ERR,ERR,ERR,ERR,ERR,ERR,ERR,ERR,ERR,ERR,ERR,ERR,ERR,ERR,ERR,ERR,ERR,ERR,ERR,ERR,ERR,ERR,ERR,ERR,ERR,ERR,ERR,ERR,ERR,ERR,ERR,ERR,ERR,ERR,ERR,ERR,ERR,ERR,ERR,ERR,ERR,ERR,ERR,ERR,ERR,ERR,ERR,ERR,ERR,ERR,ERR,ERR,ERR,ERR,ERR,ERR,ERR,ERR,ERR,ERR,ERR,ERR,50.0,60.0,100,0.0,0.0,0.0,0.0,0.0,0.0,0.0,0.0,0.0,0.0,0.0,0.0,0.0,0.0,0.0,0.0,61.6,73,14,65512,50,65476,0,300,0,0,8,20529,65476,0,0,26214,60.0,0.0,0.0,0.0,0.0,0.0
2026-05-17T18:34:04,ERR,ERR,ERR,ERR,ERR,ERR,ERR,ERR,ERR,ERR,ERR,ERR,ERR,ERR,ERR,ERR,ERR,ERR,ERR,ERR,ERR,ERR,ERR,ERR,ERR,ERR,ERR,ERR,ERR,ERR,ERR,ERR,ERR,ERR,ERR,ERR,ERR,ERR,ERR,ERR,ERR,ERR,ERR,ERR,ERR,ERR,ERR,ERR,ERR,ERR,ERR,ERR,ERR,ERR,ERR,ERR,ERR,ERR,ERR,ERR,ERR,ERR,ERR,ERR,ERR,ERR,ERR,ERR,ERR,ERR,ERR,ERR,ERR,ERR,ERR,ERR,ERR,ERR,ERR,ERR,ERR,ERR,ERR,ERR,ERR,ERR,ERR,ERR,ERR,ERR,ERR,ERR,ERR,ERR,ERR,ERR,ERR,ERR,ERR,ERR,ERR,ERR,ERR,ERR,ERR,ERR,ERR,ERR,ERR,ERR,ERR,ERR,ERR,ERR,ERR,ERR,ERR,ERR,ERR,ERR,ERR,ERR,ERR,ERR,ERR,0.0,0.0,0.0,0.0,0.0,1.3936040501711995e+18,7.805,0.0,0,0,4,0,8422,0.0,45,0.0,0.0,0.0,0.0,0.0,0,0,0,0,0.0,0,0,0,0,0,0,0,0,0,0,0,0,0,0,0,0,0,0,0,0,0,0,0,0,0,0,0,0,0,0,0,0,0,38,14,7,45,65476,0,300,0,0,8,21553,0.0,-107605600.0,0.0,0.0,0.0,0.0,0.0,0.0,0.0,0.0,0.0,0.0,0.0,0.0,0.0,0.0,0.0,0.0,0.0,0.0,0.0,0.0,0.0,2.004,-0.0,0.0,0.0,0.0,0.0,0.0,5047.0,0.0,0.0,0.0,0.0,-107615280.0,2.718429300292151e+23,0.0,0.0,0.0,0.0,53,-0.0,0.0,0.0,0.0,0.0,0.0,0.0,0.0,0.0,0,0,0,0.0,0.0,0.0,0.0,0.0,0.0,0.0,0.0,0.0,0.0,0.0,0.0,0.0,0.0,0.0,0.0,0,-107875648.0,53,0.0,106,-107614832.0,0.0,ERR,ERR,ERR,ERR,ERR,ERR,ERR,ERR,ERR,ERR,ERR,ERR,ERR,ERR,ERR,ERR,ERR,ERR,ERR,ERR,ERR,ERR,ERR,ERR,ERR,ERR,ERR,ERR,ERR,ERR,ERR,ERR,ERR,ERR,ERR,ERR,ERR,ERR,ERR,ERR,ERR,ERR,ERR,ERR,ERR,ERR,ERR,ERR,ERR,ERR,ERR,ERR,ERR,ERR,ERR,ERR,ERR,ERR,ERR,ERR,ERR,ERR,ERR,ERR,ERR,ERR,ERR,50.0,60.0,100,0.0,0.0,0.0,0.0,0.0,0.0,0.0,0.0,0.0,0.0,0.0,0.0,0.0,0.0,0.0,0.0,61.6,73,14,65512,50,65476,0,300,0,0,8,20529,65476,0,0,26214,60.0,0.0,0.0,0.0,0.0,0.0
2026-05-17T18:34:05,ERR,ERR,ERR,ERR,ERR,ERR,ERR,ERR,ERR,ERR,ERR,ERR,ERR,ERR,ERR,ERR,ERR,ERR,ERR,ERR,ERR,ERR,ERR,ERR,ERR,ERR,ERR,ERR,ERR,ERR,ERR,ERR,ERR,ERR,ERR,ERR,ERR,ERR,ERR,ERR,ERR,ERR,ERR,ERR,ERR,ERR,ERR,ERR,ERR,ERR,ERR,ERR,ERR,ERR,ERR,ERR,ERR,ERR,ERR,ERR,ERR,ERR,ERR,ERR,ERR,ERR,ERR,ERR,ERR,ERR,ERR,ERR,ERR,ERR,ERR,ERR,ERR,ERR,ERR,ERR,ERR,ERR,ERR,ERR,ERR,ERR,ERR,ERR,ERR,ERR,ERR,ERR,ERR,ERR,ERR,ERR,ERR,ERR,ERR,ERR,ERR,ERR,ERR,ERR,ERR,ERR,ERR,ERR,ERR,ERR,ERR,ERR,ERR,ERR,ERR,ERR,ERR,ERR,ERR,ERR,ERR,ERR,ERR,ERR,ERR,0.0,0.0,0.0,0.0,0.0,1.3936040501711995e+18,7.805,0.0,0,0,4,0,8422,0.0,45,0.0,0.0,0.0,0.0,0.0,0,0,0,0,0.0,0,0,0,0,0,0,0,0,0,0,0,0,0,0,0,0,0,0,0,0,0,0,0,0,0,0,0,0,0,0,0,0,0,38,14,7,45,65476,0,300,0,0,8,21553,0.0,-107605600.0,0.0,0.0,0.0,0.0,0.0,0.0,0.0,0.0,0.0,0.0,0.0,0.0,0.0,0.0,0.0,0.0,0.0,0.0,0.0,0.0,0.0,2.004,-0.0,0.0,0.0,0.0,0.0,0.0,5047.0,0.0,0.0,0.0,0.0,-107615280.0,2.718429300292151e+23,0.0,0.0,0.0,0.0,53,-0.0,0.0,0.0,0.0,0.0,0.0,0.0,0.0,0.0,0,0,0,0.0,0.0,0.0,0.0,0.0,0.0,0.0,0.0,0.0,0.0,0.0,0.0,0.0,0.0,0.0,0.0,0,-107875648.0,53,0.0,106,-107614832.0,0.0,ERR,ERR,ERR,ERR,ERR,ERR,ERR,ERR,ERR,ERR,ERR,ERR,ERR,ERR,ERR,ERR,ERR,ERR,ERR,ERR,ERR,ERR,ERR,ERR,ERR,ERR,ERR,ERR,ERR,ERR,ERR,ERR,ERR,ERR,ERR,ERR,ERR,ERR,ERR,ERR,ERR,ERR,ERR,ERR,ERR,ERR,ERR,ERR,ERR,ERR,ERR,ERR,ERR,ERR,ERR,ERR,ERR,ERR,ERR,ERR,ERR,ERR,ERR,ERR,ERR,ERR,ERR,50.0,60.0,100,0.0,0.0,0.0,0.0,0.0,0.0,0.0,0.0,0.0,0.0,0.0,0.0,0.0,0.0,0.0,0.0,61.6,73,14,65512,50,65476,0,300,0,0,8,20529,65476,0,0,26214,60.0,0.0,0.0,0.0,0.0,0.0
2026-05-17T18:34:06,ERR,ERR,ERR,ERR,ERR,ERR,ERR,ERR,ERR,ERR,ERR,ERR,ERR,ERR,ERR,ERR,ERR,ERR,ERR,ERR,ERR,ERR,ERR,ERR,ERR,ERR,ERR,ERR,ERR,ERR,ERR,ERR,ERR,ERR,ERR,ERR,ERR,ERR,ERR,ERR,ERR,ERR,ERR,ERR,ERR,ERR,ERR,ERR,ERR,ERR,ERR,ERR,ERR,ERR,ERR,ERR,ERR,ERR,ERR,ERR,ERR,ERR,ERR,ERR,ERR,ERR,ERR,ERR,ERR,ERR,ERR,ERR,ERR,ERR,ERR,ERR,ERR,ERR,ERR,ERR,ERR,ERR,ERR,ERR,ERR,ERR,ERR,ERR,ERR,ERR,ERR,ERR,ERR,ERR,ERR,ERR,ERR,ERR,ERR,ERR,ERR,ERR,ERR,ERR,ERR,ERR,ERR,ERR,ERR,ERR,ERR,ERR,ERR,ERR,ERR,ERR,ERR,ERR,ERR,ERR,ERR,ERR,ERR,ERR,ERR,0.0,0.0,0.0,0.0,0.0,1.3936040501711995e+18,7.805,0.0,0,0,4,0,8422,0.0,45,0.0,0.0,0.0,0.0,0.0,0,0,0,0,0.0,0,0,0,0,0,0,0,0,0,0,0,0,0,0,0,0,0,0,0,0,0,0,0,0,0,0,0,0,0,0,0,0,0,38,14,7,45,65476,0,300,0,0,8,21553,0.0,-107605600.0,0.0,0.0,0.0,0.0,0.0,0.0,0.0,0.0,0.0,0.0,0.0,0.0,0.0,0.0,0.0,0.0,0.0,0.0,0.0,0.0,0.0,2.004,-0.0,0.0,0.0,0.0,0.0,0.0,5047.0,0.0,0.0,0.0,0.0,-107615280.0,2.718429300292151e+23,0.0,0.0,0.0,0.0,53,-0.0,0.0,0.0,0.0,0.0,0.0,0.0,0.0,0.0,0,0,0,0.0,0.0,0.0,0.0,0.0,0.0,0.0,0.0,0.0,0.0,0.0,0.0,0.0,0.0,0.0,0.0,0,-107875648.0,53,0.0,106,-107614832.0,0.0,ERR,ERR,ERR,ERR,ERR,ERR,ERR,ERR,ERR,ERR,ERR,ERR,ERR,ERR,ERR,ERR,ERR,ERR,ERR,ERR,ERR,ERR,ERR,ERR,ERR,ERR,ERR,ERR,ERR,ERR,ERR,ERR,ERR,ERR,ERR,ERR,ERR,ERR,ERR,ERR,ERR,ERR,ERR,ERR,ERR,ERR,ERR,ERR,ERR,ERR,ERR,ERR,ERR,ERR,ERR,ERR,ERR,ERR,ERR,ERR,ERR,ERR,ERR,ERR,ERR,ERR,ERR,50.0,60.0,100,0.0,0.0,0.0,0.0,0.0,0.0,0.0,0.0,0.0,0.0,0.0,0.0,0.0,0.0,0.0,0.0,61.6,73,14,65512,50,65476,0,300,0,0,8,20529,65476,0,0,26214,60.0,0.0,0.0,0.0,0.0,0.0
2026-05-17T18:34:07,ERR,ERR,ERR,ERR,ERR,ERR,ERR,ERR,ERR,ERR,ERR,ERR,ERR,ERR,ERR,ERR,ERR,ERR,ERR,ERR,ERR,ERR,ERR,ERR,ERR,ERR,ERR,ERR,ERR,ERR,ERR,ERR,ERR,ERR,ERR,ERR,ERR,ERR,ERR,ERR,ERR,ERR,ERR,ERR,ERR,ERR,ERR,ERR,ERR,ERR,ERR,ERR,ERR,ERR,ERR,ERR,ERR,ERR,ERR,ERR,ERR,ERR,ERR,ERR,ERR,ERR,ERR,ERR,ERR,ERR,ERR,ERR,ERR,ERR,ERR,ERR,ERR,ERR,ERR,ERR,ERR,ERR,ERR,ERR,ERR,ERR,ERR,ERR,ERR,ERR,ERR,ERR,ERR,ERR,ERR,ERR,ERR,ERR,ERR,ERR,ERR,ERR,ERR,ERR,ERR,ERR,ERR,ERR,ERR,ERR,ERR,ERR,ERR,ERR,ERR,ERR,ERR,ERR,ERR,ERR,ERR,ERR,ERR,ERR,ERR,0.0,0.0,0.0,0.0,0.0,1.3936040501711995e+18,7.805,0.0,0,0,4,0,8422,0.0,45,0.0,0.0,0.0,0.0,0.0,0,0,0,0,0.0,0,0,0,0,0,0,0,0,0,0,0,0,0,0,0,0,0,0,0,0,0,0,0,0,0,0,0,0,0,0,0,0,0,38,14,7,45,65476,0,300,0,0,8,21553,0.0,-107605600.0,0.0,0.0,0.0,0.0,0.0,0.0,0.0,0.0,0.0,0.0,0.0,0.0,0.0,0.0,0.0,0.0,0.0,0.0,0.0,0.0,0.0,2.004,-0.0,0.0,0.0,0.0,0.0,0.0,5016.0,2.422987904532282e+24,0.0,0.0,0.0,-107615280.0,2.718429300292151e+23,0.0,0.0,0.0,0.0,53,-0.0,0.0,0.0,0.0,0.0,0.0,0.0,0.0,0.0,0,0,0,0.0,0.0,0.0,0.0,0.0,0.0,0.0,0.0,0.0,0.0,0.0,0.0,0.0,0.0,0.0,0.0,0,-107875648.0,53,0.0,106,-107614832.0,0.0,ERR,ERR,ERR,ERR,ERR,ERR,ERR,ERR,ERR,ERR,ERR,ERR,ERR,ERR,ERR,ERR,ERR,ERR,ERR,ERR,ERR,ERR,ERR,ERR,ERR,ERR,ERR,ERR,ERR,ERR,ERR,ERR,ERR,ERR,ERR,ERR,ERR,ERR,ERR,ERR,ERR,ERR,ERR,ERR,ERR,ERR,ERR,ERR,ERR,ERR,ERR,ERR,ERR,ERR,ERR,ERR,ERR,ERR,ERR,ERR,ERR,ERR,ERR,ERR,ERR,ERR,ERR,50.0,60.0,100,0.0,0.0,0.0,0.0,0.0,0.0,0.0,0.0,0.0,0.0,0.0,0.0,0.0,0.0,0.0,0.0,62.0,73,14,65512,50,65476,0,300,0,0,8,20529,65476,0,0,26214,60.0,0.0,0.0,0.0,0.0,0.0
2026-05-17T18:34:08,ERR,ERR,ERR,ERR,ERR,ERR,ERR,ERR,ERR,ERR,ERR,ERR,ERR,ERR,ERR,ERR,ERR,ERR,ERR,ERR,ERR,ERR,ERR,ERR,ERR,ERR,ERR,ERR,ERR,ERR,ERR,ERR,ERR,ERR,ERR,ERR,ERR,ERR,ERR,ERR,ERR,ERR,ERR,ERR,ERR,ERR,ERR,ERR,ERR,ERR,ERR,ERR,ERR,ERR,ERR,ERR,ERR,ERR,ERR,ERR,ERR,ERR,ERR,ERR,ERR,ERR,ERR,ERR,ERR,ERR,ERR,ERR,ERR,ERR,ERR,ERR,ERR,ERR,ERR,ERR,ERR,ERR,ERR,ERR,ERR,ERR,ERR,ERR,ERR,ERR,ERR,ERR,ERR,ERR,ERR,ERR,ERR,ERR,ERR,ERR,ERR,ERR,ERR,ERR,ERR,ERR,ERR,ERR,ERR,ERR,ERR,ERR,ERR,ERR,ERR,ERR,ERR,ERR,ERR,ERR,ERR,ERR,ERR,ERR,ERR,0.0,0.0,0.0,0.0,0.0,1.3936040501711995e+18,7.805,0.0,0,0,4,0,8422,0.0,45,0.0,0.0,0.0,0.0,0.0,0,0,0,0,0.0,0,0,0,0,0,0,0,0,0,0,0,0,0,0,0,0,0,0,0,0,0,0,0,0,0,0,0,0,0,0,0,0,0,38,14,7,45,65476,0,300,0,0,8,21553,0.0,-107605600.0,0.0,0.0,0.0,0.0,0.0,0.0,0.0,0.0,0.0,0.0,0.0,0.0,0.0,0.0,0.0,0.0,0.0,0.0,0.0,0.0,0.0,2.004,-0.0,0.0,0.0,0.0,0.0,0.0,5016.0,2.422987904532282e+24,0.0,0.0,0.0,-107615280.0,2.718429300292151e+23,0.0,0.0,0.0,0.0,53,-0.0,0.0,0.0,0.0,0.0,0.0,0.0,0.0,0.0,0,0,0,0.0,0.0,0.0,0.0,0.0,0.0,0.0,0.0,0.0,0.0,0.0,0.0,0.0,0.0,0.0,0.0,0,-107875648.0,53,0.0,106,-107614832.0,0.0,ERR,ERR,ERR,ERR,ERR,ERR,ERR,ERR,ERR,ERR,ERR,ERR,ERR,ERR,ERR,ERR,ERR,ERR,ERR,ERR,ERR,ERR,ERR,ERR,ERR,ERR,ERR,ERR,ERR,ERR,ERR,ERR,ERR,ERR,ERR,ERR,ERR,ERR,ERR,ERR,ERR,ERR,ERR,ERR,ERR,ERR,ERR,ERR,ERR,ERR,ERR,ERR,ERR,ERR,ERR,ERR,ERR,ERR,ERR,ERR,ERR,ERR,ERR,ERR,ERR,ERR,ERR,50.0,60.0,100,0.0,0.0,0.0,0.0,0.0,0.0,0.0,0.0,0.0,0.0,0.0,0.0,0.0,0.0,0.0,0.0,62.0,73,14,65512,50,65476,0,300,0,0,8,20529,65476,0,0,26214,60.0,0.0,0.0,0.0,0.0,0.0
2026-05-17T18:34:09,ERR,ERR,ERR,ERR,ERR,ERR,ERR,ERR,ERR,ERR,ERR,ERR,ERR,ERR,ERR,ERR,ERR,ERR,ERR,ERR,ERR,ERR,ERR,ERR,ERR,ERR,ERR,ERR,ERR,ERR,ERR,ERR,ERR,ERR,ERR,ERR,ERR,ERR,ERR,ERR,ERR,ERR,ERR,ERR,ERR,ERR,ERR,ERR,ERR,ERR,ERR,ERR,ERR,ERR,ERR,ERR,ERR,ERR,ERR,ERR,ERR,ERR,ERR,ERR,ERR,ERR,ERR,ERR,ERR,ERR,ERR,ERR,ERR,ERR,ERR,ERR,ERR,ERR,ERR,ERR,ERR,ERR,ERR,ERR,ERR,ERR,ERR,ERR,ERR,ERR,ERR,ERR,ERR,ERR,ERR,ERR,ERR,ERR,ERR,ERR,ERR,ERR,ERR,ERR,ERR,ERR,ERR,ERR,ERR,ERR,ERR,ERR,ERR,ERR,ERR,ERR,ERR,ERR,ERR,ERR,ERR,ERR,ERR,ERR,ERR,0.0,0.0,0.0,0.0,0.0,1.3936040501711995e+18,7.805,0.0,0,0,4,0,8422,0.0,45,0.0,0.0,0.0,0.0,0.0,0,0,0,0,0.0,0,0,0,0,0,0,0,0,0,0,0,0,0,0,0,0,0,0,0,0,0,0,0,0,0,0,0,0,0,0,0,0,0,38,14,7,45,65476,0,300,0,0,8,21553,0.0,-107605600.0,0.0,0.0,0.0,0.0,0.0,0.0,0.0,0.0,0.0,0.0,0.0,0.0,0.0,0.0,0.0,0.0,0.0,0.0,0.0,0.0,0.0,2.004,-0.0,0.0,0.0,0.0,0.0,0.0,5016.0,2.422987904532282e+24,0.0,0.0,0.0,-107615280.0,2.718429300292151e+23,0.0,0.0,0.0,0.0,53,-0.0,0.0,0.0,0.0,0.0,0.0,0.0,0.0,0.0,0,0,0,0.0,0.0,0.0,0.0,0.0,0.0,0.0,0.0,0.0,0.0,0.0,0.0,0.0,0.0,0.0,0.0,0,-107875648.0,53,0.0,106,-107614832.0,0.0,ERR,ERR,ERR,ERR,ERR,ERR,ERR,ERR,ERR,ERR,ERR,ERR,ERR,ERR,ERR,ERR,ERR,ERR,ERR,ERR,ERR,ERR,ERR,ERR,ERR,ERR,ERR,ERR,ERR,ERR,ERR,ERR,ERR,ERR,ERR,ERR,ERR,ERR,ERR,ERR,ERR,ERR,ERR,ERR,ERR,ERR,ERR,ERR,ERR,ERR,ERR,ERR,ERR,ERR,ERR,ERR,ERR,ERR,ERR,ERR,ERR,ERR,ERR,ERR,ERR,ERR,ERR,50.0,60.0,100,0.0,0.0,0.0,0.0,0.0,0.0,0.0,0.0,0.0,0.0,0.0,0.0,0.0,0.0,0.0,0.0,62.0,73,14,65512,50,65476,0,300,0,0,8,20529,65476,0,0,26214,60.0,0.0,0.0,0.0,0.0,0.0
2026-05-17T18:34:10,ERR,ERR,ERR,ERR,ERR,ERR,ERR,ERR,ERR,ERR,ERR,ERR,ERR,ERR,ERR,ERR,ERR,ERR,ERR,ERR,ERR,ERR,ERR,ERR,ERR,ERR,ERR,ERR,ERR,ERR,ERR,ERR,ERR,ERR,ERR,ERR,ERR,ERR,ERR,ERR,ERR,ERR,ERR,ERR,ERR,ERR,ERR,ERR,ERR,ERR,ERR,ERR,ERR,ERR,ERR,ERR,ERR,ERR,ERR,ERR,ERR,ERR,ERR,ERR,ERR,ERR,ERR,ERR,ERR,ERR,ERR,ERR,ERR,ERR,ERR,ERR,ERR,ERR,ERR,ERR,ERR,ERR,ERR,ERR,ERR,ERR,ERR,ERR,ERR,ERR,ERR,ERR,ERR,ERR,ERR,ERR,ERR,ERR,ERR,ERR,ERR,ERR,ERR,ERR,ERR,ERR,ERR,ERR,ERR,ERR,ERR,ERR,ERR,ERR,ERR,ERR,ERR,ERR,ERR,ERR,ERR,ERR,ERR,ERR,ERR,0.0,0.0,0.0,0.0,0.0,1.3936040501711995e+18,7.805,0.0,0,0,4,0,8422,0.0,45,0.0,0.0,0.0,0.0,0.0,0,0,0,0,0.0,0,0,0,0,0,0,0,0,0,0,0,0,0,0,0,0,0,0,0,0,0,0,0,0,0,0,0,0,0,0,0,0,0,38,14,7,45,65476,0,300,0,0,8,21553,0.0,-107605600.0,0.0,0.0,0.0,0.0,0.0,0.0,0.0,0.0,0.0,0.0,0.0,0.0,0.0,0.0,0.0,0.0,0.0,0.0,0.0,0.0,0.0,2.004,-0.0,0.0,0.0,0.0,0.0,0.0,5016.0,2.422987904532282e+24,0.0,0.0,0.0,-107615280.0,2.718429300292151e+23,0.0,0.0,0.0,0.0,53,-0.0,0.0,0.0,0.0,0.0,0.0,0.0,0.0,0.0,0,0,0,0.0,0.0,0.0,0.0,0.0,0.0,0.0,0.0,0.0,0.0,0.0,0.0,0.0,0.0,0.0,0.0,0,-107875648.0,53,0.0,106,-107614832.0,0.0,ERR,ERR,ERR,ERR,ERR,ERR,ERR,ERR,ERR,ERR,ERR,ERR,ERR,ERR,ERR,ERR,ERR,ERR,ERR,ERR,ERR,ERR,ERR,ERR,ERR,ERR,ERR,ERR,ERR,ERR,ERR,ERR,ERR,ERR,ERR,ERR,ERR,ERR,ERR,ERR,ERR,ERR,ERR,ERR,ERR,ERR,ERR,ERR,ERR,ERR,ERR,ERR,ERR,ERR,ERR,ERR,ERR,ERR,ERR,ERR,ERR,ERR,ERR,ERR,ERR,ERR,ERR,50.0,60.0,100,0.0,0.0,0.0,0.0,0.0,0.0,0.0,0.0,0.0,0.0,0.0,0.0,0.0,0.0,0.0,0.0,62.0,73,14,65512,50,65476,0,300,0,0,8,20529,65476,0,0,26214,60.0,0.0,0.0,0.0,0.0,0.0
2026-05-17T18:34:11,ERR,ERR,ERR,ERR,ERR,ERR,ERR,ERR,ERR,ERR,ERR,ERR,ERR,ERR,ERR,ERR,ERR,ERR,ERR,ERR,ERR,ERR,ERR,ERR,ERR,ERR,ERR,ERR,ERR,ERR,ERR,ERR,ERR,ERR,ERR,ERR,ERR,ERR,ERR,ERR,ERR,ERR,ERR,ERR,ERR,ERR,ERR,ERR,ERR,ERR,ERR,ERR,ERR,ERR,ERR,ERR,ERR,ERR,ERR,ERR,ERR,ERR,ERR,ERR,ERR,ERR,ERR,ERR,ERR,ERR,ERR,ERR,ERR,ERR,ERR,ERR,ERR,ERR,ERR,ERR,ERR,ERR,ERR,ERR,ERR,ERR,ERR,ERR,ERR,ERR,ERR,ERR,ERR,ERR,ERR,ERR,ERR,ERR,ERR,ERR,ERR,ERR,ERR,ERR,ERR,ERR,ERR,ERR,ERR,ERR,ERR,ERR,ERR,ERR,ERR,ERR,ERR,ERR,ERR,ERR,ERR,ERR,ERR,ERR,ERR,0.0,0.0,0.0,0.0,0.0,1.3936040501711995e+18,7.805,0.0,0,0,4,0,8422,0.0,45,0.0,0.0,0.0,0.0,0.0,0,0,0,0,0.0,0,0,0,0,0,0,0,0,0,0,0,0,0,0,0,0,0,0,0,0,0,0,0,0,0,0,0,0,0,0,0,0,0,38,14,7,45,65476,0,300,0,0,8,21553,0.0,-107605600.0,0.0,0.0,0.0,0.0,0.0,0.0,0.0,0.0,0.0,0.0,0.0,0.0,0.0,0.0,0.0,0.0,0.0,0.0,0.0,0.0,0.0,2.004,-0.0,0.0,0.0,0.0,0.0,0.0,5016.0,2.422987904532282e+24,0.0,0.0,0.0,-107615280.0,2.718429300292151e+23,0.0,0.0,0.0,0.0,53,-0.0,0.0,0.0,0.0,0.0,0.0,0.0,0.0,0.0,0,0,0,0.0,0.0,0.0,0.0,0.0,0.0,0.0,0.0,0.0,0.0,0.0,0.0,0.0,0.0,0.0,0.0,0,-107875648.0,53,0.0,106,-107614832.0,0.0,ERR,ERR,ERR,ERR,ERR,ERR,ERR,ERR,ERR,ERR,ERR,ERR,ERR,ERR,ERR,ERR,ERR,ERR,ERR,ERR,ERR,ERR,ERR,ERR,ERR,ERR,ERR,ERR,ERR,ERR,ERR,ERR,ERR,ERR,ERR,ERR,ERR,ERR,ERR,ERR,ERR,ERR,ERR,ERR,ERR,ERR,ERR,ERR,ERR,ERR,ERR,ERR,ERR,ERR,ERR,ERR,ERR,ERR,ERR,ERR,ERR,ERR,ERR,ERR,ERR,ERR,ERR,50.0,60.0,100,0.0,0.0,0.0,0.0,0.0,0.0,0.0,0.0,0.0,0.0,0.0,0.0,0.0,0.0,0.0,0.0,62.0,73,14,65512,50,65476,0,300,0,0,8,20529,65476,0,0,26214,60.0,0.0,0.0,0.0,0.0,0.0
2026-05-17T18:34:12,ERR,ERR,ERR,ERR,ERR,ERR,ERR,ERR,ERR,ERR,ERR,ERR,ERR,ERR,ERR,ERR,ERR,ERR,ERR,ERR,ERR,ERR,ERR,ERR,ERR,ERR,ERR,ERR,ERR,ERR,ERR,ERR,ERR,ERR,ERR,ERR,ERR,ERR,ERR,ERR,ERR,ERR,ERR,ERR,ERR,ERR,ERR,ERR,ERR,ERR,ERR,ERR,ERR,ERR,ERR,ERR,ERR,ERR,ERR,ERR,ERR,ERR,ERR,ERR,ERR,ERR,ERR,ERR,ERR,ERR,ERR,ERR,ERR,ERR,ERR,ERR,ERR,ERR,ERR,ERR,ERR,ERR,ERR,ERR,ERR,ERR,ERR,ERR,ERR,ERR,ERR,ERR,ERR,ERR,ERR,ERR,ERR,ERR,ERR,ERR,ERR,ERR,ERR,ERR,ERR,ERR,ERR,ERR,ERR,ERR,ERR,ERR,ERR,ERR,ERR,ERR,ERR,ERR,ERR,ERR,ERR,ERR,ERR,ERR,ERR,0.0,0.0,0.0,0.0,0.0,1.3936040501711995e+18,7.805,0.0,0,0,4,0,8422,0.0,45,0.0,0.0,0.0,0.0,0.0,0,0,0,0,0.0,0,0,0,0,0,0,0,0,0,0,0,0,0,0,0,0,0,0,0,0,0,0,0,0,0,0,0,0,0,0,0,0,0,38,14,7,45,65476,0,300,0,0,8,21553,0.0,-107605600.0,0.0,0.0,0.0,0.0,0.0,0.0,0.0,0.0,0.0,0.0,0.0,0.0,0.0,0.0,0.0,0.0,0.0,0.0,0.0,0.0,0.0,2.004,-0.0,0.0,0.0,0.0,0.0,0.0,4990.0,-1.587929164219617e+29,0.0,0.0,0.0,-107615280.0,2.718429300292151e+23,0.0,0.0,0.0,0.0,53,-0.0,-0.0,0.0,0.0,0.0,0.0,0.0,0.0,0.0,0,0,0,0.0,0.0,0.0,0.0,0.0,0.0,0.0,0.0,0.0,0.0,0.0,0.0,0.0,0.0,0.0,0.0,0,-107875648.0,53,0.0,106,-107614832.0,0.0,ERR,ERR,ERR,ERR,ERR,ERR,ERR,ERR,ERR,ERR,ERR,ERR,ERR,ERR,ERR,ERR,ERR,ERR,ERR,ERR,ERR,ERR,ERR,ERR,ERR,ERR,ERR,ERR,ERR,ERR,ERR,ERR,ERR,ERR,ERR,ERR,ERR,ERR,ERR,ERR,ERR,ERR,ERR,ERR,ERR,ERR,ERR,ERR,ERR,ERR,ERR,ERR,ERR,ERR,ERR,ERR,ERR,ERR,ERR,ERR,ERR,ERR,ERR,ERR,ERR,ERR,ERR,50.0,60.0,100,0.0,0.0,0.0,0.0,0.0,0.0,0.0,0.0,0.0,0.0,0.0,0.0,0.0,0.0,0.0,0.0,61.6,73,14,65512,50,65476,0,300,0,0,8,20529,65476,0,0,26214,60.0,0.0,0.0,0.0,0.0,0.0
2026-05-17T18:34:13,ERR,ERR,ERR,ERR,ERR,ERR,ERR,ERR,ERR,ERR,ERR,ERR,ERR,ERR,ERR,ERR,ERR,ERR,ERR,ERR,ERR,ERR,ERR,ERR,ERR,ERR,ERR,ERR,ERR,ERR,ERR,ERR,ERR,ERR,ERR,ERR,ERR,ERR,ERR,ERR,ERR,ERR,ERR,ERR,ERR,ERR,ERR,ERR,ERR,ERR,ERR,ERR,ERR,ERR,ERR,ERR,ERR,ERR,ERR,ERR,ERR,ERR,ERR,ERR,ERR,ERR,ERR,ERR,ERR,ERR,ERR,ERR,ERR,ERR,ERR,ERR,ERR,ERR,ERR,ERR,ERR,ERR,ERR,ERR,ERR,ERR,ERR,ERR,ERR,ERR,ERR,ERR,ERR,ERR,ERR,ERR,ERR,ERR,ERR,ERR,ERR,ERR,ERR,ERR,ERR,ERR,ERR,ERR,ERR,ERR,ERR,ERR,ERR,ERR,ERR,ERR,ERR,ERR,ERR,ERR,ERR,ERR,ERR,ERR,ERR,0.0,0.0,0.0,0.0,0.0,1.3936040501711995e+18,7.805,0.0,0,0,4,0,8422,0.0,45,0.0,0.0,0.0,0.0,0.0,0,0,0,0,0.0,0,0,0,0,0,0,0,0,0,0,0,0,0,0,0,0,0,0,0,0,0,0,0,0,0,0,0,0,0,0,0,0,0,38,14,7,45,65476,0,300,0,0,8,21553,0.0,-107605600.0,0.0,0.0,0.0,0.0,0.0,0.0,0.0,0.0,0.0,0.0,0.0,0.0,0.0,0.0,0.0,0.0,0.0,0.0,0.0,0.0,0.0,2.004,-0.0,0.0,0.0,0.0,0.0,0.0,4990.0,-1.587929164219617e+29,0.0,0.0,0.0,-107615280.0,2.718429300292151e+23,0.0,0.0,0.0,0.0,53,-0.0,-0.0,0.0,0.0,0.0,0.0,0.0,0.0,0.0,0,0,0,0.0,0.0,0.0,0.0,0.0,0.0,0.0,0.0,0.0,0.0,0.0,0.0,0.0,0.0,0.0,0.0,0,-107875648.0,53,0.0,106,-107614832.0,0.0,ERR,ERR,ERR,ERR,ERR,ERR,ERR,ERR,ERR,ERR,ERR,ERR,ERR,ERR,ERR,ERR,ERR,ERR,ERR,ERR,ERR,ERR,ERR,ERR,ERR,ERR,ERR,ERR,ERR,ERR,ERR,ERR,ERR,ERR,ERR,ERR,ERR,ERR,ERR,ERR,ERR,ERR,ERR,ERR,ERR,ERR,ERR,ERR,ERR,ERR,ERR,ERR,ERR,ERR,ERR,ERR,ERR,ERR,ERR,ERR,ERR,ERR,ERR,ERR,ERR,ERR,ERR,50.0,60.0,100,0.0,0.0,0.0,0.0,0.0,0.0,0.0,0.0,0.0,0.0,0.0,0.0,0.0,0.0,0.0,0.0,62.0,73,14,65512,50,65476,0,300,0,0,8,20529,65476,0,0,26214,60.0,0.0,0.0,0.0,0.0,0.0
2026-05-17T18:34:14,ERR,ERR,ERR,ERR,ERR,ERR,ERR,ERR,ERR,ERR,ERR,ERR,ERR,ERR,ERR,ERR,ERR,ERR,ERR,ERR,ERR,ERR,ERR,ERR,ERR,ERR,ERR,ERR,ERR,ERR,ERR,ERR,ERR,ERR,ERR,ERR,ERR,ERR,ERR,ERR,ERR,ERR,ERR,ERR,ERR,ERR,ERR,ERR,ERR,ERR,ERR,ERR,ERR,ERR,ERR,ERR,ERR,ERR,ERR,ERR,ERR,ERR,ERR,ERR,ERR,ERR,ERR,ERR,ERR,ERR,ERR,ERR,ERR,ERR,ERR,ERR,ERR,ERR,ERR,ERR,ERR,ERR,ERR,ERR,ERR,ERR,ERR,ERR,ERR,ERR,ERR,ERR,ERR,ERR,ERR,ERR,ERR,ERR,ERR,ERR,ERR,ERR,ERR,ERR,ERR,ERR,ERR,ERR,ERR,ERR,ERR,ERR,ERR,ERR,ERR,ERR,ERR,ERR,ERR,ERR,ERR,ERR,ERR,ERR,ERR,0.0,0.0,0.0,0.0,0.0,1.3936040501711995e+18,7.805,0.0,0,0,4,0,8422,0.0,45,0.0,0.0,0.0,0.0,0.0,0,0,0,0,0.0,0,0,0,0,0,0,0,0,0,0,0,0,0,0,0,0,0,0,0,0,0,0,0,0,0,0,0,0,0,0,0,0,0,38,14,7,45,65476,0,300,0,0,8,21553,0.0,-107605600.0,0.0,0.0,0.0,0.0,0.0,0.0,0.0,0.0,0.0,0.0,0.0,0.0,0.0,0.0,0.0,0.0,0.0,0.0,0.0,0.0,0.0,2.004,-0.0,0.0,0.0,0.0,0.0,0.0,4990.0,-1.587929164219617e+29,0.0,0.0,0.0,-107615280.0,2.718429300292151e+23,0.0,0.0,0.0,0.0,53,-0.0,-0.0,0.0,0.0,0.0,0.0,0.0,0.0,0.0,0,0,0,0.0,0.0,0.0,0.0,0.0,0.0,0.0,0.0,0.0,0.0,0.0,0.0,0.0,0.0,0.0,0.0,0,-107875648.0,53,0.0,106,-107614832.0,0.0,ERR,ERR,ERR,ERR,ERR,ERR,ERR,ERR,ERR,ERR,ERR,ERR,ERR,ERR,ERR,ERR,ERR,ERR,ERR,ERR,ERR,ERR,ERR,ERR,ERR,ERR,ERR,ERR,ERR,ERR,ERR,ERR,ERR,ERR,ERR,ERR,ERR,ERR,ERR,ERR,ERR,ERR,ERR,ERR,ERR,ERR,ERR,ERR,ERR,ERR,ERR,ERR,ERR,ERR,ERR,ERR,ERR,ERR,ERR,ERR,ERR,ERR,ERR,ERR,ERR,ERR,ERR,50.0,60.0,100,0.0,0.0,0.0,0.0,0.0,0.0,0.0,0.0,0.0,0.0,0.0,0.0,0.0,0.0,0.0,0.0,62.0,73,14,65512,50,65476,0,300,0,0,8,20529,65476,0,0,26214,60.0,0.0,0.0,0.0,0.0,0.0
2026-05-17T18:34:15,ERR,ERR,ERR,ERR,ERR,ERR,ERR,ERR,ERR,ERR,ERR,ERR,ERR,ERR,ERR,ERR,ERR,ERR,ERR,ERR,ERR,ERR,ERR,ERR,ERR,ERR,ERR,ERR,ERR,ERR,ERR,ERR,ERR,ERR,ERR,ERR,ERR,ERR,ERR,ERR,ERR,ERR,ERR,ERR,ERR,ERR,ERR,ERR,ERR,ERR,ERR,ERR,ERR,ERR,ERR,ERR,ERR,ERR,ERR,ERR,ERR,ERR,ERR,ERR,ERR,ERR,ERR,ERR,ERR,ERR,ERR,ERR,ERR,ERR,ERR,ERR,ERR,ERR,ERR,ERR,ERR,ERR,ERR,ERR,ERR,ERR,ERR,ERR,ERR,ERR,ERR,ERR,ERR,ERR,ERR,ERR,ERR,ERR,ERR,ERR,ERR,ERR,ERR,ERR,ERR,ERR,ERR,ERR,ERR,ERR,ERR,ERR,ERR,ERR,ERR,ERR,ERR,ERR,ERR,ERR,ERR,ERR,ERR,ERR,ERR,0.0,0.0,0.0,0.0,0.0,1.3936040501711995e+18,7.805,0.0,0,0,4,0,8422,0.0,45,0.0,0.0,0.0,0.0,0.0,0,0,0,0,0.0,0,0,0,0,0,0,0,0,0,0,0,0,0,0,0,0,0,0,0,0,0,0,0,0,0,0,0,0,0,0,0,0,0,38,14,7,45,65476,0,300,0,0,8,21553,0.0,-107605600.0,0.0,0.0,0.0,0.0,0.0,0.0,0.0,0.0,0.0,0.0,0.0,0.0,0.0,0.0,0.0,0.0,0.0,0.0,0.0,0.0,0.0,2.004,-0.0,0.0,0.0,0.0,0.0,0.0,4990.0,-1.587929164219617e+29,0.0,0.0,0.0,-107615280.0,2.718429300292151e+23,0.0,0.0,0.0,0.0,53,-0.0,-0.0,0.0,0.0,0.0,0.0,0.0,0.0,0.0,0,0,0,0.0,0.0,0.0,0.0,0.0,0.0,0.0,0.0,0.0,0.0,0.0,0.0,0.0,0.0,0.0,0.0,0,-107875648.0,53,0.0,106,-107614832.0,0.0,ERR,ERR,ERR,ERR,ERR,ERR,ERR,ERR,ERR,ERR,ERR,ERR,ERR,ERR,ERR,ERR,ERR,ERR,ERR,ERR,ERR,ERR,ERR,ERR,ERR,ERR,ERR,ERR,ERR,ERR,ERR,ERR,ERR,ERR,ERR,ERR,ERR,ERR,ERR,ERR,ERR,ERR,ERR,ERR,ERR,ERR,ERR,ERR,ERR,ERR,ERR,ERR,ERR,ERR,ERR,ERR,ERR,ERR,ERR,ERR,ERR,ERR,ERR,ERR,ERR,ERR,ERR,50.0,60.0,100,0.0,0.0,0.0,0.0,0.0,0.0,0.0,0.0,0.0,0.0,0.0,0.0,0.0,0.0,0.0,0.0,61.6,73,14,65512,50,65476,0,300,0,0,8,20529,65476,0,0,26214,60.0,0.0,0.0,0.0,0.0,0.0
2026-05-17T18:34:16,ERR,ERR,ERR,ERR,ERR,ERR,ERR,ERR,ERR,ERR,ERR,ERR,ERR,ERR,ERR,ERR,ERR,ERR,ERR,ERR,ERR,ERR,ERR,ERR,ERR,ERR,ERR,ERR,ERR,ERR,ERR,ERR,ERR,ERR,ERR,ERR,ERR,ERR,ERR,ERR,ERR,ERR,ERR,ERR,ERR,ERR,ERR,ERR,ERR,ERR,ERR,ERR,ERR,ERR,ERR,ERR,ERR,ERR,ERR,ERR,ERR,ERR,ERR,ERR,ERR,ERR,ERR,ERR,ERR,ERR,ERR,ERR,ERR,ERR,ERR,ERR,ERR,ERR,ERR,ERR,ERR,ERR,ERR,ERR,ERR,ERR,ERR,ERR,ERR,ERR,ERR,ERR,ERR,ERR,ERR,ERR,ERR,ERR,ERR,ERR,ERR,ERR,ERR,ERR,ERR,ERR,ERR,ERR,ERR,ERR,ERR,ERR,ERR,ERR,ERR,ERR,ERR,ERR,ERR,ERR,ERR,ERR,ERR,ERR,ERR,0.0,0.0,0.0,0.0,0.0,1.3936040501711995e+18,7.805,0.0,0,0,4,0,8422,0.0,45,0.0,0.0,0.0,0.0,0.0,0,0,0,0,0.0,0,0,0,0,0,0,0,0,0,0,0,0,0,0,0,0,0,0,0,0,0,0,0,0,0,0,0,0,0,0,0,0,0,38,14,7,45,65476,0,300,0,0,8,21553,0.0,-107605600.0,0.0,0.0,0.0,0.0,0.0,0.0,0.0,0.0,0.0,0.0,0.0,0.0,0.0,0.0,0.0,0.0,0.0,0.0,0.0,0.0,0.0,2.004,-0.0,0.0,0.0,0.0,0.0,0.0,4990.0,-1.587929164219617e+29,0.0,0.0,0.0,-107615280.0,2.718429300292151e+23,0.0,0.0,0.0,0.0,53,-0.0,-0.0,0.0,0.0,0.0,0.0,0.0,0.0,0.0,0,0,0,0.0,0.0,0.0,0.0,0.0,0.0,0.0,0.0,0.0,0.0,0.0,0.0,0.0,0.0,0.0,0.0,0,-107875648.0,53,0.0,106,-107614832.0,0.0,ERR,ERR,ERR,ERR,ERR,ERR,ERR,ERR,ERR,ERR,ERR,ERR,ERR,ERR,ERR,ERR,ERR,ERR,ERR,ERR,ERR,ERR,ERR,ERR,ERR,ERR,ERR,ERR,ERR,ERR,ERR,ERR,ERR,ERR,ERR,ERR,ERR,ERR,ERR,ERR,ERR,ERR,ERR,ERR,ERR,ERR,ERR,ERR,ERR,ERR,ERR,ERR,ERR,ERR,ERR,ERR,ERR,ERR,ERR,ERR,ERR,ERR,ERR,ERR,ERR,ERR,ERR,50.0,60.0,100,0.0,0.0,0.0,0.0,0.0,0.0,0.0,0.0,0.0,0.0,0.0,0.0,0.0,0.0,0.0,0.0,61.6,73,14,65512,50,65476,0,300,0,0,8,20529,65476,0,0,26214,60.0,0.0,0.0,0.0,0.0,0.0
2026-05-17T18:34:17,ERR,ERR,ERR,ERR,ERR,ERR,ERR,ERR,ERR,ERR,ERR,ERR,ERR,ERR,ERR,ERR,ERR,ERR,ERR,ERR,ERR,ERR,ERR,ERR,ERR,ERR,ERR,ERR,ERR,ERR,ERR,ERR,ERR,ERR,ERR,ERR,ERR,ERR,ERR,ERR,ERR,ERR,ERR,ERR,ERR,ERR,ERR,ERR,ERR,ERR,ERR,ERR,ERR,ERR,ERR,ERR,ERR,ERR,ERR,ERR,ERR,ERR,ERR,ERR,ERR,ERR,ERR,ERR,ERR,ERR,ERR,ERR,ERR,ERR,ERR,ERR,ERR,ERR,ERR,ERR,ERR,ERR,ERR,ERR,ERR,ERR,ERR,ERR,ERR,ERR,ERR,ERR,ERR,ERR,ERR,ERR,ERR,ERR,ERR,ERR,ERR,ERR,ERR,ERR,ERR,ERR,ERR,ERR,ERR,ERR,ERR,ERR,ERR,ERR,ERR,ERR,ERR,ERR,ERR,ERR,ERR,ERR,ERR,ERR,ERR,0.0,0.0,0.0,0.0,0.0,1.3936040501711995e+18,7.805,0.0,0,0,4,0,8422,0.0,45,0.0,0.0,0.0,0.0,0.0,0,0,0,0,0.0,0,0,0,0,0,0,0,0,0,0,0,0,0,0,0,0,0,0,0,0,0,0,0,0,0,0,0,0,0,0,0,0,0,38,14,7,45,65476,0,300,0,0,8,21553,0.0,-107605600.0,0.0,0.0,0.0,0.0,0.0,0.0,0.0,0.0,0.0,0.0,0.0,0.0,0.0,0.0,0.0,0.0,0.0,0.0,0.0,0.0,0.0,2.004,-0.0,0.0,0.0,0.0,0.0,0.0,4981.0,-2.004,0.0,0.0,0.0,-107615280.0,2.718429300292151e+23,0.0,0.0,0.0,0.0,53,-0.0,1.905685750968484e+17,0.0,0.0,0.0,0.0,0.0,0.0,0.0,0,0,0,0.0,0.0,0.0,0.0,0.0,0.0,0.0,0.0,0.0,0.0,0.0,0.0,0.0,0.0,0.0,0.0,0,-107875648.0,53,0.0,106,-107614832.0,0.0,ERR,ERR,ERR,ERR,ERR,ERR,ERR,ERR,ERR,ERR,ERR,ERR,ERR,ERR,ERR,ERR,ERR,ERR,ERR,ERR,ERR,ERR,ERR,ERR,ERR,ERR,ERR,ERR,ERR,ERR,ERR,ERR,ERR,ERR,ERR,ERR,ERR,ERR,ERR,ERR,ERR,ERR,ERR,ERR,ERR,ERR,ERR,ERR,ERR,ERR,ERR,ERR,ERR,ERR,ERR,ERR,ERR,ERR,ERR,ERR,ERR,ERR,ERR,ERR,ERR,ERR,ERR,50.0,60.0,100,0.0,0.0,0.0,0.0,0.0,0.0,0.0,0.0,0.0,0.0,0.0,0.0,0.0,0.0,0.0,0.0,61.6,73,14,65512,50,65476,0,300,0,0,8,20529,65476,0,0,26214,60.0,0.0,0.0,0.0,0.0,0.0
2026-05-17T18:34:18,ERR,ERR,ERR,ERR,ERR,ERR,ERR,ERR,ERR,ERR,ERR,ERR,ERR,ERR,ERR,ERR,ERR,ERR,ERR,ERR,ERR,ERR,ERR,ERR,ERR,ERR,ERR,ERR,ERR,ERR,ERR,ERR,ERR,ERR,ERR,ERR,ERR,ERR,ERR,ERR,ERR,ERR,ERR,ERR,ERR,ERR,ERR,ERR,ERR,ERR,ERR,ERR,ERR,ERR,ERR,ERR,ERR,ERR,ERR,ERR,ERR,ERR,ERR,ERR,ERR,ERR,ERR,ERR,ERR,ERR,ERR,ERR,ERR,ERR,ERR,ERR,ERR,ERR,ERR,ERR,ERR,ERR,ERR,ERR,ERR,ERR,ERR,ERR,ERR,ERR,ERR,ERR,ERR,ERR,ERR,ERR,ERR,ERR,ERR,ERR,ERR,ERR,ERR,ERR,ERR,ERR,ERR,ERR,ERR,ERR,ERR,ERR,ERR,ERR,ERR,ERR,ERR,ERR,ERR,ERR,ERR,ERR,ERR,ERR,ERR,0.0,0.0,0.0,0.0,0.0,1.3936040501711995e+18,7.805,0.0,0,0,4,0,8422,0.0,45,0.0,0.0,0.0,0.0,0.0,0,0,0,0,0.0,0,0,0,0,0,0,0,0,0,0,0,0,0,0,0,0,0,0,0,0,0,0,0,0,0,0,0,0,0,0,0,0,0,38,14,7,45,65476,0,300,0,0,8,21553,0.0,-107605600.0,0.0,0.0,0.0,0.0,0.0,0.0,0.0,0.0,0.0,0.0,0.0,0.0,0.0,0.0,0.0,0.0,0.0,0.0,0.0,0.0,0.0,2.004,-0.0,0.0,0.0,0.0,0.0,0.0,4981.0,-2.004,0.0,0.0,0.0,-107615280.0,2.718429300292151e+23,0.0,0.0,0.0,0.0,53,-0.0,1.905685750968484e+17,0.0,0.0,0.0,0.0,0.0,0.0,0.0,0,0,0,0.0,0.0,0.0,0.0,0.0,0.0,0.0,0.0,0.0,0.0,0.0,0.0,0.0,0.0,0.0,0.0,0,-107875648.0,53,0.0,106,-107614832.0,0.0,ERR,ERR,ERR,ERR,ERR,ERR,ERR,ERR,ERR,ERR,ERR,ERR,ERR,ERR,ERR,ERR,ERR,ERR,ERR,ERR,ERR,ERR,ERR,ERR,ERR,ERR,ERR,ERR,ERR,ERR,ERR,ERR,ERR,ERR,ERR,ERR,ERR,ERR,ERR,ERR,ERR,ERR,ERR,ERR,ERR,ERR,ERR,ERR,ERR,ERR,ERR,ERR,ERR,ERR,ERR,ERR,ERR,ERR,ERR,ERR,ERR,ERR,ERR,ERR,ERR,ERR,ERR,50.0,60.0,100,0.0,0.0,0.0,0.0,0.0,0.0,0.0,0.0,0.0,0.0,0.0,0.0,0.0,0.0,0.0,0.0,61.6,73,14,65512,50,65476,0,300,0,0,8,20529,65476,0,0,26214,60.0,0.0,0.0,0.0,0.0,0.0
2026-05-17T18:34:19,ERR,ERR,ERR,ERR,ERR,ERR,ERR,ERR,ERR,ERR,ERR,ERR,ERR,ERR,ERR,ERR,ERR,ERR,ERR,ERR,ERR,ERR,ERR,ERR,ERR,ERR,ERR,ERR,ERR,ERR,ERR,ERR,ERR,ERR,ERR,ERR,ERR,ERR,ERR,ERR,ERR,ERR,ERR,ERR,ERR,ERR,ERR,ERR,ERR,ERR,ERR,ERR,ERR,ERR,ERR,ERR,ERR,ERR,ERR,ERR,ERR,ERR,ERR,ERR,ERR,ERR,ERR,ERR,ERR,ERR,ERR,ERR,ERR,ERR,ERR,ERR,ERR,ERR,ERR,ERR,ERR,ERR,ERR,ERR,ERR,ERR,ERR,ERR,ERR,ERR,ERR,ERR,ERR,ERR,ERR,ERR,ERR,ERR,ERR,ERR,ERR,ERR,ERR,ERR,ERR,ERR,ERR,ERR,ERR,ERR,ERR,ERR,ERR,ERR,ERR,ERR,ERR,ERR,ERR,ERR,ERR,ERR,ERR,ERR,ERR,0.0,0.0,0.0,0.0,0.0,1.3936040501711995e+18,7.805,0.0,0,0,4,0,8422,0.0,45,0.0,0.0,0.0,0.0,0.0,0,0,0,0,0.0,0,0,0,0,0,0,0,0,0,0,0,0,0,0,0,0,0,0,0,0,0,0,0,0,0,0,0,0,0,0,0,0,0,38,14,7,45,65476,0,300,0,0,8,21553,0.0,-107605600.0,0.0,0.0,0.0,0.0,0.0,0.0,0.0,0.0,0.0,0.0,0.0,0.0,0.0,0.0,0.0,0.0,0.0,0.0,0.0,0.0,0.0,2.004,-0.0,0.0,0.0,0.0,0.0,0.0,4981.0,-2.004,0.0,0.0,0.0,-107615280.0,2.718429300292151e+23,0.0,0.0,0.0,0.0,53,-0.0,1.905685750968484e+17,0.0,0.0,0.0,0.0,0.0,0.0,0.0,0,0,0,0.0,0.0,0.0,0.0,0.0,0.0,0.0,0.0,0.0,0.0,0.0,0.0,0.0,0.0,0.0,0.0,0,-107875648.0,53,0.0,106,-107614832.0,0.0,ERR,ERR,ERR,ERR,ERR,ERR,ERR,ERR,ERR,ERR,ERR,ERR,ERR,ERR,ERR,ERR,ERR,ERR,ERR,ERR,ERR,ERR,ERR,ERR,ERR,ERR,ERR,ERR,ERR,ERR,ERR,ERR,ERR,ERR,ERR,ERR,ERR,ERR,ERR,ERR,ERR,ERR,ERR,ERR,ERR,ERR,ERR,ERR,ERR,ERR,ERR,ERR,ERR,ERR,ERR,ERR,ERR,ERR,ERR,ERR,ERR,ERR,ERR,ERR,ERR,ERR,ERR,50.0,60.0,100,0.0,0.0,0.0,0.0,0.0,0.0,0.0,0.0,0.0,0.0,0.0,0.0,0.0,0.0,0.0,0.0,61.6,73,14,65512,50,65476,0,300,0,0,8,20529,65476,0,0,26214,60.0,0.0,0.0,0.0,0.0,0.0
2026-05-17T18:34:20,ERR,ERR,ERR,ERR,ERR,ERR,ERR,ERR,ERR,ERR,ERR,ERR,ERR,ERR,ERR,ERR,ERR,ERR,ERR,ERR,ERR,ERR,ERR,ERR,ERR,ERR,ERR,ERR,ERR,ERR,ERR,ERR,ERR,ERR,ERR,ERR,ERR,ERR,ERR,ERR,ERR,ERR,ERR,ERR,ERR,ERR,ERR,ERR,ERR,ERR,ERR,ERR,ERR,ERR,ERR,ERR,ERR,ERR,ERR,ERR,ERR,ERR,ERR,ERR,ERR,ERR,ERR,ERR,ERR,ERR,ERR,ERR,ERR,ERR,ERR,ERR,ERR,ERR,ERR,ERR,ERR,ERR,ERR,ERR,ERR,ERR,ERR,ERR,ERR,ERR,ERR,ERR,ERR,ERR,ERR,ERR,ERR,ERR,ERR,ERR,ERR,ERR,ERR,ERR,ERR,ERR,ERR,ERR,ERR,ERR,ERR,ERR,ERR,ERR,ERR,ERR,ERR,ERR,ERR,ERR,ERR,ERR,ERR,ERR,ERR,0.0,0.0,0.0,0.0,0.0,1.3936040501711995e+18,7.805,0.0,0,0,4,0,8422,0.0,45,0.0,0.0,0.0,0.0,0.0,0,0,0,0,0.0,0,0,0,0,0,0,0,0,0,0,0,0,0,0,0,0,0,0,0,0,0,0,0,0,0,0,0,0,0,0,0,0,0,38,14,7,45,65476,0,300,0,0,8,21553,0.0,-107605600.0,0.0,0.0,0.0,0.0,0.0,0.0,0.0,0.0,0.0,0.0,0.0,0.0,0.0,0.0,0.0,0.0,0.0,0.0,0.0,0.0,0.0,2.004,-0.0,0.0,0.0,0.0,0.0,0.0,4981.0,-2.004,0.0,0.0,0.0,-107615280.0,2.718429300292151e+23,0.0,0.0,0.0,0.0,53,-0.0,1.905685750968484e+17,0.0,0.0,0.0,0.0,0.0,0.0,0.0,0,0,0,0.0,0.0,0.0,0.0,0.0,0.0,0.0,0.0,0.0,0.0,0.0,0.0,0.0,0.0,0.0,0.0,0,-107875648.0,53,0.0,106,-107614832.0,0.0,ERR,ERR,ERR,ERR,ERR,ERR,ERR,ERR,ERR,ERR,ERR,ERR,ERR,ERR,ERR,ERR,ERR,ERR,ERR,ERR,ERR,ERR,ERR,ERR,ERR,ERR,ERR,ERR,ERR,ERR,ERR,ERR,ERR,ERR,ERR,ERR,ERR,ERR,ERR,ERR,ERR,ERR,ERR,ERR,ERR,ERR,ERR,ERR,ERR,ERR,ERR,ERR,ERR,ERR,ERR,ERR,ERR,ERR,ERR,ERR,ERR,ERR,ERR,ERR,ERR,ERR,ERR,50.0,60.0,100,0.0,0.0,0.0,0.0,0.0,0.0,0.0,0.0,0.0,0.0,0.0,0.0,0.0,0.0,0.0,0.0,61.6,73,14,65512,50,65476,0,300,0,0,8,20529,65476,0,0,26214,60.0,0.0,0.0,0.0,0.0,0.0
2026-05-17T18:34:21,ERR,ERR,ERR,ERR,ERR,ERR,ERR,ERR,ERR,ERR,ERR,ERR,ERR,ERR,ERR,ERR,ERR,ERR,ERR,ERR,ERR,ERR,ERR,ERR,ERR,ERR,ERR,ERR,ERR,ERR,ERR,ERR,ERR,ERR,ERR,ERR,ERR,ERR,ERR,ERR,ERR,ERR,ERR,ERR,ERR,ERR,ERR,ERR,ERR,ERR,ERR,ERR,ERR,ERR,ERR,ERR,ERR,ERR,ERR,ERR,ERR,ERR,ERR,ERR,ERR,ERR,ERR,ERR,ERR,ERR,ERR,ERR,ERR,ERR,ERR,ERR,ERR,ERR,ERR,ERR,ERR,ERR,ERR,ERR,ERR,ERR,ERR,ERR,ERR,ERR,ERR,ERR,ERR,ERR,ERR,ERR,ERR,ERR,ERR,ERR,ERR,ERR,ERR,ERR,ERR,ERR,ERR,ERR,ERR,ERR,ERR,ERR,ERR,ERR,ERR,ERR,ERR,ERR,ERR,ERR,ERR,ERR,ERR,ERR,ERR,0.0,0.0,0.0,0.0,0.0,1.3936040501711995e+18,7.805,0.0,0,0,4,0,8422,0.0,45,0.0,0.0,0.0,0.0,0.0,0,0,0,0,0.0,0,0,0,0,0,0,0,0,0,0,0,0,0,0,0,0,0,0,0,0,0,0,0,0,0,0,0,0,0,0,0,0,0,38,14,7,45,65476,0,300,0,0,8,21553,0.0,-107605600.0,0.0,0.0,0.0,0.0,0.0,0.0,0.0,0.0,0.0,0.0,0.0,0.0,0.0,0.0,0.0,0.0,0.0,0.0,0.0,0.0,0.0,2.004,-0.0,0.0,0.0,0.0,0.0,0.0,4981.0,-2.004,0.0,0.0,0.0,-107615280.0,2.718429300292151e+23,0.0,0.0,0.0,0.0,53,-0.0,1.905685750968484e+17,0.0,0.0,0.0,0.0,0.0,0.0,0.0,0,0,0,0.0,0.0,0.0,0.0,0.0,0.0,0.0,0.0,0.0,0.0,0.0,0.0,0.0,0.0,0.0,0.0,0,-107875648.0,53,0.0,106,-107614832.0,0.0,ERR,ERR,ERR,ERR,ERR,ERR,ERR,ERR,ERR,ERR,ERR,ERR,ERR,ERR,ERR,ERR,ERR,ERR,ERR,ERR,ERR,ERR,ERR,ERR,ERR,ERR,ERR,ERR,ERR,ERR,ERR,ERR,ERR,ERR,ERR,ERR,ERR,ERR,ERR,ERR,ERR,ERR,ERR,ERR,ERR,ERR,ERR,ERR,ERR,ERR,ERR,ERR,ERR,ERR,ERR,ERR,ERR,ERR,ERR,ERR,ERR,ERR,ERR,ERR,ERR,ERR,ERR,50.0,60.0,100,0.0,0.0,0.0,0.0,0.0,0.0,0.0,0.0,0.0,0.0,0.0,0.0,0.0,0.0,0.0,0.0,61.6,73,14,65512,50,65476,0,300,0,0,8,20529,65476,0,0,26214,60.0,0.0,0.0,0.0,0.0,0.0
2026-05-17T18:34:22,ERR,ERR,ERR,ERR,ERR,ERR,ERR,ERR,ERR,ERR,ERR,ERR,ERR,ERR,ERR,ERR,ERR,ERR,ERR,ERR,ERR,ERR,ERR,ERR,ERR,ERR,ERR,ERR,ERR,ERR,ERR,ERR,ERR,ERR,ERR,ERR,ERR,ERR,ERR,ERR,ERR,ERR,ERR,ERR,ERR,ERR,ERR,ERR,ERR,ERR,ERR,ERR,ERR,ERR,ERR,ERR,ERR,ERR,ERR,ERR,ERR,ERR,ERR,ERR,ERR,ERR,ERR,ERR,ERR,ERR,ERR,ERR,ERR,ERR,ERR,ERR,ERR,ERR,ERR,ERR,ERR,ERR,ERR,ERR,ERR,ERR,ERR,ERR,ERR,ERR,ERR,ERR,ERR,ERR,ERR,ERR,ERR,ERR,ERR,ERR,ERR,ERR,ERR,ERR,ERR,ERR,ERR,ERR,ERR,ERR,ERR,ERR,ERR,ERR,ERR,ERR,ERR,ERR,ERR,ERR,ERR,ERR,ERR,ERR,ERR,0.0,0.0,0.0,0.0,0.0,1.3936040501711995e+18,7.805,0.0,0,0,4,0,8422,0.0,45,0.0,0.0,0.0,0.0,0.0,0,0,0,0,0.0,0,0,0,0,0,0,0,0,0,0,0,0,0,0,0,0,0,0,0,0,0,0,0,0,0,0,0,0,0,0,0,0,0,38,14,7,45,65476,0,300,0,0,8,21553,0.0,-107605600.0,0.0,0.0,0.0,0.0,0.0,0.0,0.0,0.0,0.0,0.0,0.0,0.0,0.0,0.0,0.0,0.0,0.0,0.0,0.0,0.0,0.0,2.004,-0.0,0.0,0.0,0.0,0.0,0.0,4986.0,-0.0,0.0,0.0,0.0,-107615280.0,2.718429300292151e+23,0.0,0.0,0.0,0.0,53,-0.0,0.0,0.0,0.0,0.0,0.0,0.0,0.0,0.0,0,0,0,0.0,0.0,0.0,0.0,0.0,0.0,0.0,0.0,0.0,0.0,0.0,0.0,0.0,0.0,0.0,0.0,0,-107875648.0,53,0.0,106,-107614832.0,0.0,ERR,ERR,ERR,ERR,ERR,ERR,ERR,ERR,ERR,ERR,ERR,ERR,ERR,ERR,ERR,ERR,ERR,ERR,ERR,ERR,ERR,ERR,ERR,ERR,ERR,ERR,ERR,ERR,ERR,ERR,ERR,ERR,ERR,ERR,ERR,ERR,ERR,ERR,ERR,ERR,ERR,ERR,ERR,ERR,ERR,ERR,ERR,ERR,ERR,ERR,ERR,ERR,ERR,ERR,ERR,ERR,ERR,ERR,ERR,ERR,ERR,ERR,ERR,ERR,ERR,ERR,ERR,50.0,60.0,100,0.0,0.0,0.0,0.0,0.0,0.0,0.0,0.0,0.0,0.0,0.0,0.0,0.0,0.0,0.0,0.0,62.0,73,14,65512,50,65476,0,300,0,0,8,20529,65476,0,0,26214,60.0,0.0,0.0,0.0,0.0,0.0
2026-05-17T18:34:23,ERR,ERR,ERR,ERR,ERR,ERR,ERR,ERR,ERR,ERR,ERR,ERR,ERR,ERR,ERR,ERR,ERR,ERR,ERR,ERR,ERR,ERR,ERR,ERR,ERR,ERR,ERR,ERR,ERR,ERR,ERR,ERR,ERR,ERR,ERR,ERR,ERR,ERR,ERR,ERR,ERR,ERR,ERR,ERR,ERR,ERR,ERR,ERR,ERR,ERR,ERR,ERR,ERR,ERR,ERR,ERR,ERR,ERR,ERR,ERR,ERR,ERR,ERR,ERR,ERR,ERR,ERR,ERR,ERR,ERR,ERR,ERR,ERR,ERR,ERR,ERR,ERR,ERR,ERR,ERR,ERR,ERR,ERR,ERR,ERR,ERR,ERR,ERR,ERR,ERR,ERR,ERR,ERR,ERR,ERR,ERR,ERR,ERR,ERR,ERR,ERR,ERR,ERR,ERR,ERR,ERR,ERR,ERR,ERR,ERR,ERR,ERR,ERR,ERR,ERR,ERR,ERR,ERR,ERR,ERR,ERR,ERR,ERR,ERR,ERR,0.0,0.0,0.0,0.0,0.0,1.3936040501711995e+18,7.805,0.0,0,0,4,0,8422,0.0,45,0.0,0.0,0.0,0.0,0.0,0,0,0,0,0.0,0,0,0,0,0,0,0,0,0,0,0,0,0,0,0,0,0,0,0,0,0,0,0,0,0,0,0,0,0,0,0,0,0,38,14,7,45,65476,0,300,0,0,8,21553,0.0,-107605600.0,0.0,0.0,0.0,0.0,0.0,0.0,0.0,0.0,0.0,0.0,0.0,0.0,0.0,0.0,0.0,0.0,0.0,0.0,0.0,0.0,0.0,2.004,-0.0,0.0,0.0,0.0,0.0,0.0,4986.0,-0.0,0.0,0.0,0.0,-107615280.0,2.718429300292151e+23,0.0,0.0,0.0,0.0,53,-0.0,0.0,0.0,0.0,0.0,0.0,0.0,0.0,0.0,0,0,0,0.0,0.0,0.0,0.0,0.0,0.0,0.0,0.0,0.0,0.0,0.0,0.0,0.0,0.0,0.0,0.0,0,-107875648.0,53,0.0,106,-107614832.0,0.0,ERR,ERR,ERR,ERR,ERR,ERR,ERR,ERR,ERR,ERR,ERR,ERR,ERR,ERR,ERR,ERR,ERR,ERR,ERR,ERR,ERR,ERR,ERR,ERR,ERR,ERR,ERR,ERR,ERR,ERR,ERR,ERR,ERR,ERR,ERR,ERR,ERR,ERR,ERR,ERR,ERR,ERR,ERR,ERR,ERR,ERR,ERR,ERR,ERR,ERR,ERR,ERR,ERR,ERR,ERR,ERR,ERR,ERR,ERR,ERR,ERR,ERR,ERR,ERR,ERR,ERR,ERR,50.0,60.0,100,0.0,0.0,0.0,0.0,0.0,0.0,0.0,0.0,0.0,0.0,0.0,0.0,0.0,0.0,0.0,0.0,62.0,73,14,65512,50,65476,0,300,0,0,8,20529,65476,0,0,26214,60.0,0.0,0.0,0.0,0.0,0.0
2026-05-17T18:34:24,ERR,ERR,ERR,ERR,ERR,ERR,ERR,ERR,ERR,ERR,ERR,ERR,ERR,ERR,ERR,ERR,ERR,ERR,ERR,ERR,ERR,ERR,ERR,ERR,ERR,ERR,ERR,ERR,ERR,ERR,ERR,ERR,ERR,ERR,ERR,ERR,ERR,ERR,ERR,ERR,ERR,ERR,ERR,ERR,ERR,ERR,ERR,ERR,ERR,ERR,ERR,ERR,ERR,ERR,ERR,ERR,ERR,ERR,ERR,ERR,ERR,ERR,ERR,ERR,ERR,ERR,ERR,ERR,ERR,ERR,ERR,ERR,ERR,ERR,ERR,ERR,ERR,ERR,ERR,ERR,ERR,ERR,ERR,ERR,ERR,ERR,ERR,ERR,ERR,ERR,ERR,ERR,ERR,ERR,ERR,ERR,ERR,ERR,ERR,ERR,ERR,ERR,ERR,ERR,ERR,ERR,ERR,ERR,ERR,ERR,ERR,ERR,ERR,ERR,ERR,ERR,ERR,ERR,ERR,ERR,ERR,ERR,ERR,ERR,ERR,0.0,0.0,0.0,0.0,0.0,1.3936040501711995e+18,7.805,0.0,0,0,4,0,8422,0.0,45,0.0,0.0,0.0,0.0,0.0,0,0,0,0,0.0,0,0,0,0,0,0,0,0,0,0,0,0,0,0,0,0,0,0,0,0,0,0,0,0,0,0,0,0,0,0,0,0,0,38,14,7,45,65476,0,300,0,0,8,21553,0.0,-107605600.0,0.0,0.0,0.0,0.0,0.0,0.0,0.0,0.0,0.0,0.0,0.0,0.0,0.0,0.0,0.0,0.0,0.0,0.0,0.0,0.0,0.0,2.004,-0.0,0.0,0.0,0.0,0.0,0.0,4986.0,-0.0,0.0,0.0,0.0,-107615280.0,2.718429300292151e+23,0.0,0.0,0.0,0.0,53,-0.0,0.0,0.0,0.0,0.0,0.0,0.0,0.0,0.0,0,0,0,0.0,0.0,0.0,0.0,0.0,0.0,0.0,0.0,0.0,0.0,0.0,0.0,0.0,0.0,0.0,0.0,0,-107875648.0,53,0.0,106,-107614832.0,0.0,ERR,ERR,ERR,ERR,ERR,ERR,ERR,ERR,ERR,ERR,ERR,ERR,ERR,ERR,ERR,ERR,ERR,ERR,ERR,ERR,ERR,ERR,ERR,ERR,ERR,ERR,ERR,ERR,ERR,ERR,ERR,ERR,ERR,ERR,ERR,ERR,ERR,ERR,ERR,ERR,ERR,ERR,ERR,ERR,ERR,ERR,ERR,ERR,ERR,ERR,ERR,ERR,ERR,ERR,ERR,ERR,ERR,ERR,ERR,ERR,ERR,ERR,ERR,ERR,ERR,ERR,ERR,50.0,60.0,100,0.0,0.0,0.0,0.0,0.0,0.0,0.0,0.0,0.0,0.0,0.0,0.0,0.0,0.0,0.0,0.0,61.6,73,14,65512,50,65476,0,300,0,0,8,20529,65476,0,0,26214,60.0,0.0,0.0,0.0,0.0,0.0
2026-05-17T18:34:25,ERR,ERR,ERR,ERR,ERR,ERR,ERR,ERR,ERR,ERR,ERR,ERR,ERR,ERR,ERR,ERR,ERR,ERR,ERR,ERR,ERR,ERR,ERR,ERR,ERR,ERR,ERR,ERR,ERR,ERR,ERR,ERR,ERR,ERR,ERR,ERR,ERR,ERR,ERR,ERR,ERR,ERR,ERR,ERR,ERR,ERR,ERR,ERR,ERR,ERR,ERR,ERR,ERR,ERR,ERR,ERR,ERR,ERR,ERR,ERR,ERR,ERR,ERR,ERR,ERR,ERR,ERR,ERR,ERR,ERR,ERR,ERR,ERR,ERR,ERR,ERR,ERR,ERR,ERR,ERR,ERR,ERR,ERR,ERR,ERR,ERR,ERR,ERR,ERR,ERR,ERR,ERR,ERR,ERR,ERR,ERR,ERR,ERR,ERR,ERR,ERR,ERR,ERR,ERR,ERR,ERR,ERR,ERR,ERR,ERR,ERR,ERR,ERR,ERR,ERR,ERR,ERR,ERR,ERR,ERR,ERR,ERR,ERR,ERR,ERR,0.0,0.0,0.0,0.0,0.0,1.3936040501711995e+18,7.805,0.0,0,0,4,0,8422,0.0,45,0.0,0.0,0.0,0.0,0.0,0,0,0,0,0.0,0,0,0,0,0,0,0,0,0,0,0,0,0,0,0,0,0,0,0,0,0,0,0,0,0,0,0,0,0,0,0,0,0,38,14,7,45,65476,0,300,0,0,8,21553,0.0,-107605600.0,0.0,0.0,0.0,0.0,0.0,0.0,0.0,0.0,0.0,0.0,0.0,0.0,0.0,0.0,0.0,0.0,0.0,0.0,0.0,0.0,0.0,2.004,-0.0,0.0,0.0,0.0,0.0,0.0,4986.0,-0.0,0.0,0.0,0.0,-107615280.0,2.718429300292151e+23,0.0,0.0,0.0,0.0,53,-0.0,0.0,0.0,0.0,0.0,0.0,0.0,0.0,0.0,0,0,0,0.0,0.0,0.0,0.0,0.0,0.0,0.0,0.0,0.0,0.0,0.0,0.0,0.0,0.0,0.0,0.0,0,-107875648.0,53,0.0,106,-107614832.0,0.0,ERR,ERR,ERR,ERR,ERR,ERR,ERR,ERR,ERR,ERR,ERR,ERR,ERR,ERR,ERR,ERR,ERR,ERR,ERR,ERR,ERR,ERR,ERR,ERR,ERR,ERR,ERR,ERR,ERR,ERR,ERR,ERR,ERR,ERR,ERR,ERR,ERR,ERR,ERR,ERR,ERR,ERR,ERR,ERR,ERR,ERR,ERR,ERR,ERR,ERR,ERR,ERR,ERR,ERR,ERR,ERR,ERR,ERR,ERR,ERR,ERR,ERR,ERR,ERR,ERR,ERR,ERR,50.0,60.0,100,0.0,0.0,0.0,0.0,0.0,0.0,0.0,0.0,0.0,0.0,0.0,0.0,0.0,0.0,0.0,0.0,61.6,73,14,65512,50,65476,0,300,0,0,8,20529,65476,0,0,26214,60.0,0.0,0.0,0.0,0.0,0.0
2026-05-17T18:34:26,ERR,ERR,ERR,ERR,ERR,ERR,ERR,ERR,ERR,ERR,ERR,ERR,ERR,ERR,ERR,ERR,ERR,ERR,ERR,ERR,ERR,ERR,ERR,ERR,ERR,ERR,ERR,ERR,ERR,ERR,ERR,ERR,ERR,ERR,ERR,ERR,ERR,ERR,ERR,ERR,ERR,ERR,ERR,ERR,ERR,ERR,ERR,ERR,ERR,ERR,ERR,ERR,ERR,ERR,ERR,ERR,ERR,ERR,ERR,ERR,ERR,ERR,ERR,ERR,ERR,ERR,ERR,ERR,ERR,ERR,ERR,ERR,ERR,ERR,ERR,ERR,ERR,ERR,ERR,ERR,ERR,ERR,ERR,ERR,ERR,ERR,ERR,ERR,ERR,ERR,ERR,ERR,ERR,ERR,ERR,ERR,ERR,ERR,ERR,ERR,ERR,ERR,ERR,ERR,ERR,ERR,ERR,ERR,ERR,ERR,ERR,ERR,ERR,ERR,ERR,ERR,ERR,ERR,ERR,ERR,ERR,ERR,ERR,ERR,ERR,0.0,0.0,0.0,0.0,0.0,1.3936040501711995e+18,7.805,0.0,0,0,4,0,8422,0.0,45,0.0,0.0,0.0,0.0,0.0,0,0,0,0,0.0,0,0,0,0,0,0,0,0,0,0,0,0,0,0,0,0,0,0,0,0,0,0,0,0,0,0,0,0,0,0,0,0,0,38,14,7,45,65476,0,300,0,0,8,21553,0.0,-107605600.0,0.0,0.0,0.0,0.0,0.0,0.0,0.0,0.0,0.0,0.0,0.0,0.0,0.0,0.0,0.0,0.0,0.0,0.0,0.0,0.0,0.0,2.004,-0.0,0.0,0.0,0.0,0.0,0.0,4986.0,-0.0,0.0,0.0,0.0,-107615280.0,2.718429300292151e+23,0.0,0.0,0.0,0.0,53,-0.0,0.0,0.0,0.0,0.0,0.0,0.0,0.0,0.0,0,0,0,0.0,0.0,0.0,0.0,0.0,0.0,0.0,0.0,0.0,0.0,0.0,0.0,0.0,0.0,0.0,0.0,0,-107875648.0,53,0.0,106,-107614832.0,0.0,ERR,ERR,ERR,ERR,ERR,ERR,ERR,ERR,ERR,ERR,ERR,ERR,ERR,ERR,ERR,ERR,ERR,ERR,ERR,ERR,ERR,ERR,ERR,ERR,ERR,ERR,ERR,ERR,ERR,ERR,ERR,ERR,ERR,ERR,ERR,ERR,ERR,ERR,ERR,ERR,ERR,ERR,ERR,ERR,ERR,ERR,ERR,ERR,ERR,ERR,ERR,ERR,ERR,ERR,ERR,ERR,ERR,ERR,ERR,ERR,ERR,ERR,ERR,ERR,ERR,ERR,ERR,50.0,60.0,100,0.0,0.0,0.0,0.0,0.0,0.0,0.0,0.0,0.0,0.0,0.0,0.0,0.0,0.0,0.0,0.0,62.0,73,14,65512,50,65476,0,300,0,0,8,20529,65476,0,0,26214,60.0,0.0,0.0,0.0,0.0,0.0
2026-05-17T18:34:27,ERR,ERR,ERR,ERR,ERR,ERR,ERR,ERR,ERR,ERR,ERR,ERR,ERR,ERR,ERR,ERR,ERR,ERR,ERR,ERR,ERR,ERR,ERR,ERR,ERR,ERR,ERR,ERR,ERR,ERR,ERR,ERR,ERR,ERR,ERR,ERR,ERR,ERR,ERR,ERR,ERR,ERR,ERR,ERR,ERR,ERR,ERR,ERR,ERR,ERR,ERR,ERR,ERR,ERR,ERR,ERR,ERR,ERR,ERR,ERR,ERR,ERR,ERR,ERR,ERR,ERR,ERR,ERR,ERR,ERR,ERR,ERR,ERR,ERR,ERR,ERR,ERR,ERR,ERR,ERR,ERR,ERR,ERR,ERR,ERR,ERR,ERR,ERR,ERR,ERR,ERR,ERR,ERR,ERR,ERR,ERR,ERR,ERR,ERR,ERR,ERR,ERR,ERR,ERR,ERR,ERR,ERR,ERR,ERR,ERR,ERR,ERR,ERR,ERR,ERR,ERR,ERR,ERR,ERR,ERR,ERR,ERR,ERR,ERR,ERR,0.0,0.0,0.0,0.0,0.0,1.3936040501711995e+18,7.805,0.0,0,0,4,0,8422,0.0,45,0.0,0.0,0.0,0.0,0.0,0,0,0,0,0.0,0,0,0,0,0,0,0,0,0,0,0,0,0,0,0,0,0,0,0,0,0,0,0,0,0,0,0,0,0,0,0,0,0,38,14,7,45,65476,0,300,0,0,8,21553,0.0,-107605600.0,0.0,0.0,0.0,0.0,0.0,0.0,0.0,0.0,0.0,0.0,0.0,0.0,0.0,0.0,0.0,0.0,0.0,0.0,0.0,0.0,0.0,2.004,-0.0,0.0,0.0,0.0,0.0,0.0,4986.0,-0.0,0.0,0.0,0.0,-107615280.0,2.718429300292151e+23,0.0,0.0,0.0,0.0,53,-0.0,0.0,0.0,0.0,0.0,0.0,0.0,0.0,0.0,0,0,0,0.0,0.0,0.0,0.0,0.0,0.0,0.0,0.0,0.0,0.0,0.0,0.0,0.0,0.0,0.0,0.0,0,-107875648.0,53,0.0,106,-107614832.0,0.0,ERR,ERR,ERR,ERR,ERR,ERR,ERR,ERR,ERR,ERR,ERR,ERR,ERR,ERR,ERR,ERR,ERR,ERR,ERR,ERR,ERR,ERR,ERR,ERR,ERR,ERR,ERR,ERR,ERR,ERR,ERR,ERR,ERR,ERR,ERR,ERR,ERR,ERR,ERR,ERR,ERR,ERR,ERR,ERR,ERR,ERR,ERR,ERR,ERR,ERR,ERR,ERR,ERR,ERR,ERR,ERR,ERR,ERR,ERR,ERR,ERR,ERR,ERR,ERR,ERR,ERR,ERR,50.0,60.0,100,0.0,0.0,0.0,0.0,0.0,0.0,0.0,0.0,0.0,0.0,0.0,0.0,0.0,0.0,0.0,0.0,62.0,73,14,65512,50,65476,0,300,0,0,8,20529,65476,0,0,26214,60.0,0.0,0.0,0.0,0.0,0.0
2026-05-17T18:34:28,ERR,ERR,ERR,ERR,ERR,ERR,ERR,ERR,ERR,ERR,ERR,ERR,ERR,ERR,ERR,ERR,ERR,ERR,ERR,ERR,ERR,ERR,ERR,ERR,ERR,ERR,ERR,ERR,ERR,ERR,ERR,ERR,ERR,ERR,ERR,ERR,ERR,ERR,ERR,ERR,ERR,ERR,ERR,ERR,ERR,ERR,ERR,ERR,ERR,ERR,ERR,ERR,ERR,ERR,ERR,ERR,ERR,ERR,ERR,ERR,ERR,ERR,ERR,ERR,ERR,ERR,ERR,ERR,ERR,ERR,ERR,ERR,ERR,ERR,ERR,ERR,ERR,ERR,ERR,ERR,ERR,ERR,ERR,ERR,ERR,ERR,ERR,ERR,ERR,ERR,ERR,ERR,ERR,ERR,ERR,ERR,ERR,ERR,ERR,ERR,ERR,ERR,ERR,ERR,ERR,ERR,ERR,ERR,ERR,ERR,ERR,ERR,ERR,ERR,ERR,ERR,ERR,ERR,ERR,ERR,ERR,ERR,ERR,ERR,ERR,0.0,0.0,0.0,0.0,0.0,1.3936040501711995e+18,7.805,0.0,0,0,4,0,8422,0.0,45,0.0,0.0,0.0,0.0,0.0,0,0,0,0,0.0,0,0,0,0,0,0,0,0,0,0,0,0,0,0,0,0,0,0,0,0,0,0,0,0,0,0,0,0,0,0,0,0,0,38,14,7,45,65476,0,300,0,0,8,21553,0.0,-107605600.0,0.0,0.0,0.0,0.0,0.0,0.0,0.0,0.0,0.0,0.0,0.0,0.0,0.0,0.0,0.0,0.0,0.0,0.0,0.0,0.0,0.0,2.004,-0.0,0.0,0.0,0.0,0.0,0.0,4985.0,-0.0,0.0,0.0,0.0,-107615280.0,2.718429300292151e+23,0.0,0.0,0.0,0.0,53,-0.0,126840528896.0,0.0,0.0,0.0,0.0,0.0,0.0,0.0,0,0,0,0.0,0.0,0.0,0.0,0.0,0.0,0.0,0.0,0.0,0.0,0.0,0.0,0.0,0.0,0.0,0.0,0,-107875648.0,53,0.0,106,-107614832.0,0.0,ERR,ERR,ERR,ERR,ERR,ERR,ERR,ERR,ERR,ERR,ERR,ERR,ERR,ERR,ERR,ERR,ERR,ERR,ERR,ERR,ERR,ERR,ERR,ERR,ERR,ERR,ERR,ERR,ERR,ERR,ERR,ERR,ERR,ERR,ERR,ERR,ERR,ERR,ERR,ERR,ERR,ERR,ERR,ERR,ERR,ERR,ERR,ERR,ERR,ERR,ERR,ERR,ERR,ERR,ERR,ERR,ERR,ERR,ERR,ERR,ERR,ERR,ERR,ERR,ERR,ERR,ERR,50.0,60.0,100,0.0,0.0,0.0,0.0,0.0,0.0,0.0,0.0,0.0,0.0,0.0,0.0,0.0,0.0,0.0,0.0,62.0,73,14,65512,50,65476,0,300,0,0,8,20529,65476,0,0,26214,60.0,0.0,0.0,0.0,0.0,0.0
2026-05-17T18:34:29,ERR,ERR,ERR,ERR,ERR,ERR,ERR,ERR,ERR,ERR,ERR,ERR,ERR,ERR,ERR,ERR,ERR,ERR,ERR,ERR,ERR,ERR,ERR,ERR,ERR,ERR,ERR,ERR,ERR,ERR,ERR,ERR,ERR,ERR,ERR,ERR,ERR,ERR,ERR,ERR,ERR,ERR,ERR,ERR,ERR,ERR,ERR,ERR,ERR,ERR,ERR,ERR,ERR,ERR,ERR,ERR,ERR,ERR,ERR,ERR,ERR,ERR,ERR,ERR,ERR,ERR,ERR,ERR,ERR,ERR,ERR,ERR,ERR,ERR,ERR,ERR,ERR,ERR,ERR,ERR,ERR,ERR,ERR,ERR,ERR,ERR,ERR,ERR,ERR,ERR,ERR,ERR,ERR,ERR,ERR,ERR,ERR,ERR,ERR,ERR,ERR,ERR,ERR,ERR,ERR,ERR,ERR,ERR,ERR,ERR,ERR,ERR,ERR,ERR,ERR,ERR,ERR,ERR,ERR,ERR,ERR,ERR,ERR,ERR,ERR,0.0,0.0,0.0,0.0,0.0,1.3936040501711995e+18,7.805,0.0,0,0,4,0,8422,0.0,45,0.0,0.0,0.0,0.0,0.0,0,0,0,0,0.0,0,0,0,0,0,0,0,0,0,0,0,0,0,0,0,0,0,0,0,0,0,0,0,0,0,0,0,0,0,0,0,0,0,38,14,7,45,65476,0,300,0,0,8,21553,0.0,-107605600.0,0.0,0.0,0.0,0.0,0.0,0.0,0.0,0.0,0.0,0.0,0.0,0.0,0.0,0.0,0.0,0.0,0.0,0.0,0.0,0.0,0.0,2.004,-0.0,0.0,0.0,0.0,0.0,0.0,4985.0,-0.0,0.0,0.0,0.0,-107615280.0,2.718429300292151e+23,0.0,0.0,0.0,0.0,53,-0.0,126840528896.0,0.0,0.0,0.0,0.0,0.0,0.0,0.0,0,0,0,0.0,0.0,0.0,0.0,0.0,0.0,0.0,0.0,0.0,0.0,0.0,0.0,0.0,0.0,0.0,0.0,0,-107875648.0,53,0.0,106,-107614832.0,0.0,ERR,ERR,ERR,ERR,ERR,ERR,ERR,ERR,ERR,ERR,ERR,ERR,ERR,ERR,ERR,ERR,ERR,ERR,ERR,ERR,ERR,ERR,ERR,ERR,ERR,ERR,ERR,ERR,ERR,ERR,ERR,ERR,ERR,ERR,ERR,ERR,ERR,ERR,ERR,ERR,ERR,ERR,ERR,ERR,ERR,ERR,ERR,ERR,ERR,ERR,ERR,ERR,ERR,ERR,ERR,ERR,ERR,ERR,ERR,ERR,ERR,ERR,ERR,ERR,ERR,ERR,ERR,50.0,60.0,100,0.0,0.0,0.0,0.0,0.0,0.0,0.0,0.0,0.0,0.0,0.0,0.0,0.0,0.0,0.0,0.0,61.6,73,14,65512,50,65476,0,300,0,0,8,20529,65476,0,0,26214,60.0,0.0,0.0,0.0,0.0,0.0
2026-05-17T18:34:30,ERR,ERR,ERR,ERR,ERR,ERR,ERR,ERR,ERR,ERR,ERR,ERR,ERR,ERR,ERR,ERR,ERR,ERR,ERR,ERR,ERR,ERR,ERR,ERR,ERR,ERR,ERR,ERR,ERR,ERR,ERR,ERR,ERR,ERR,ERR,ERR,ERR,ERR,ERR,ERR,ERR,ERR,ERR,ERR,ERR,ERR,ERR,ERR,ERR,ERR,ERR,ERR,ERR,ERR,ERR,ERR,ERR,ERR,ERR,ERR,ERR,ERR,ERR,ERR,ERR,ERR,ERR,ERR,ERR,ERR,ERR,ERR,ERR,ERR,ERR,ERR,ERR,ERR,ERR,ERR,ERR,ERR,ERR,ERR,ERR,ERR,ERR,ERR,ERR,ERR,ERR,ERR,ERR,ERR,ERR,ERR,ERR,ERR,ERR,ERR,ERR,ERR,ERR,ERR,ERR,ERR,ERR,ERR,ERR,ERR,ERR,ERR,ERR,ERR,ERR,ERR,ERR,ERR,ERR,ERR,ERR,ERR,ERR,ERR,ERR,0.0,0.0,0.0,0.0,0.0,1.3936040501711995e+18,7.805,0.0,0,0,4,0,8422,0.0,45,0.0,0.0,0.0,0.0,0.0,0,0,0,0,0.0,0,0,0,0,0,0,0,0,0,0,0,0,0,0,0,0,0,0,0,0,0,0,0,0,0,0,0,0,0,0,0,0,0,38,14,7,45,65476,0,300,0,0,8,21553,0.0,-107605600.0,0.0,0.0,0.0,0.0,0.0,0.0,0.0,0.0,0.0,0.0,0.0,0.0,0.0,0.0,0.0,0.0,0.0,0.0,0.0,0.0,0.0,2.004,-0.0,0.0,0.0,0.0,0.0,0.0,4985.0,-0.0,0.0,0.0,0.0,-107615280.0,2.718429300292151e+23,0.0,0.0,0.0,0.0,53,-0.0,126840528896.0,0.0,0.0,0.0,0.0,0.0,0.0,0.0,0,0,0,0.0,0.0,0.0,0.0,0.0,0.0,0.0,0.0,0.0,0.0,0.0,0.0,0.0,0.0,0.0,0.0,0,-107875648.0,53,0.0,106,-107614832.0,0.0,ERR,ERR,ERR,ERR,ERR,ERR,ERR,ERR,ERR,ERR,ERR,ERR,ERR,ERR,ERR,ERR,ERR,ERR,ERR,ERR,ERR,ERR,ERR,ERR,ERR,ERR,ERR,ERR,ERR,ERR,ERR,ERR,ERR,ERR,ERR,ERR,ERR,ERR,ERR,ERR,ERR,ERR,ERR,ERR,ERR,ERR,ERR,ERR,ERR,ERR,ERR,ERR,ERR,ERR,ERR,ERR,ERR,ERR,ERR,ERR,ERR,ERR,ERR,ERR,ERR,ERR,ERR,50.0,60.0,100,0.0,0.0,0.0,0.0,0.0,0.0,0.0,0.0,0.0,0.0,0.0,0.0,0.0,0.0,0.0,0.0,61.6,73,14,65512,50,65476,0,300,0,0,8,20529,65476,0,0,26214,60.0,0.0,0.0,0.0,0.0,0.0
2026-05-17T18:34:31,ERR,ERR,ERR,ERR,ERR,ERR,ERR,ERR,ERR,ERR,ERR,ERR,ERR,ERR,ERR,ERR,ERR,ERR,ERR,ERR,ERR,ERR,ERR,ERR,ERR,ERR,ERR,ERR,ERR,ERR,ERR,ERR,ERR,ERR,ERR,ERR,ERR,ERR,ERR,ERR,ERR,ERR,ERR,ERR,ERR,ERR,ERR,ERR,ERR,ERR,ERR,ERR,ERR,ERR,ERR,ERR,ERR,ERR,ERR,ERR,ERR,ERR,ERR,ERR,ERR,ERR,ERR,ERR,ERR,ERR,ERR,ERR,ERR,ERR,ERR,ERR,ERR,ERR,ERR,ERR,ERR,ERR,ERR,ERR,ERR,ERR,ERR,ERR,ERR,ERR,ERR,ERR,ERR,ERR,ERR,ERR,ERR,ERR,ERR,ERR,ERR,ERR,ERR,ERR,ERR,ERR,ERR,ERR,ERR,ERR,ERR,ERR,ERR,ERR,ERR,ERR,ERR,ERR,ERR,ERR,ERR,ERR,ERR,ERR,ERR,0.0,0.0,0.0,0.0,0.0,1.3936040501711995e+18,7.805,0.0,0,0,4,0,8422,0.0,45,0.0,0.0,0.0,0.0,0.0,0,0,0,0,0.0,0,0,0,0,0,0,0,0,0,0,0,0,0,0,0,0,0,0,0,0,0,0,0,0,0,0,0,0,0,0,0,0,0,38,14,7,45,65476,0,300,0,0,8,21553,0.0,-107605600.0,0.0,0.0,0.0,0.0,0.0,0.0,0.0,0.0,0.0,0.0,0.0,0.0,0.0,0.0,0.0,0.0,0.0,0.0,0.0,0.0,0.0,2.004,-0.0,0.0,0.0,0.0,0.0,0.0,4985.0,-0.0,0.0,0.0,0.0,-107615280.0,2.718429300292151e+23,0.0,0.0,0.0,0.0,53,-0.0,126840528896.0,0.0,0.0,0.0,0.0,0.0,0.0,0.0,0,0,0,0.0,0.0,0.0,0.0,0.0,0.0,0.0,0.0,0.0,0.0,0.0,0.0,0.0,0.0,0.0,0.0,0,-107875648.0,53,0.0,106,-107614832.0,0.0,ERR,ERR,ERR,ERR,ERR,ERR,ERR,ERR,ERR,ERR,ERR,ERR,ERR,ERR,ERR,ERR,ERR,ERR,ERR,ERR,ERR,ERR,ERR,ERR,ERR,ERR,ERR,ERR,ERR,ERR,ERR,ERR,ERR,ERR,ERR,ERR,ERR,ERR,ERR,ERR,ERR,ERR,ERR,ERR,ERR,ERR,ERR,ERR,ERR,ERR,ERR,ERR,ERR,ERR,ERR,ERR,ERR,ERR,ERR,ERR,ERR,ERR,ERR,ERR,ERR,ERR,ERR,50.0,60.0,100,0.0,0.0,0.0,0.0,0.0,0.0,0.0,0.0,0.0,0.0,0.0,0.0,0.0,0.0,0.0,0.0,61.6,73,14,65512,50,65476,0,300,0,0,8,20529,65476,0,0,26214,60.0,0.0,0.0,0.0,0.0,0.0
2026-05-17T18:34:32,ERR,ERR,ERR,ERR,ERR,ERR,ERR,ERR,ERR,ERR,ERR,ERR,ERR,ERR,ERR,ERR,ERR,ERR,ERR,ERR,ERR,ERR,ERR,ERR,ERR,ERR,ERR,ERR,ERR,ERR,ERR,ERR,ERR,ERR,ERR,ERR,ERR,ERR,ERR,ERR,ERR,ERR,ERR,ERR,ERR,ERR,ERR,ERR,ERR,ERR,ERR,ERR,ERR,ERR,ERR,ERR,ERR,ERR,ERR,ERR,ERR,ERR,ERR,ERR,ERR,ERR,ERR,ERR,ERR,ERR,ERR,ERR,ERR,ERR,ERR,ERR,ERR,ERR,ERR,ERR,ERR,ERR,ERR,ERR,ERR,ERR,ERR,ERR,ERR,ERR,ERR,ERR,ERR,ERR,ERR,ERR,ERR,ERR,ERR,ERR,ERR,ERR,ERR,ERR,ERR,ERR,ERR,ERR,ERR,ERR,ERR,ERR,ERR,ERR,ERR,ERR,ERR,ERR,ERR,ERR,ERR,ERR,ERR,ERR,ERR,0.0,0.0,0.0,0.0,0.0,1.3936040501711995e+18,7.805,0.0,0,0,4,0,8422,0.0,45,0.0,0.0,0.0,0.0,0.0,0,0,0,0,0.0,0,0,0,0,0,0,0,0,0,0,0,0,0,0,0,0,0,0,0,0,0,0,0,0,0,0,0,0,0,0,0,0,0,38,14,7,45,65476,0,300,0,0,8,21553,0.0,-107605600.0,0.0,0.0,0.0,0.0,0.0,0.0,0.0,0.0,0.0,0.0,0.0,0.0,0.0,0.0,0.0,0.0,0.0,0.0,0.0,0.0,0.0,2.004,-0.0,0.0,0.0,0.0,0.0,0.0,4985.0,-0.0,0.0,0.0,0.0,-107615280.0,2.718429300292151e+23,0.0,0.0,0.0,0.0,53,-0.0,126840528896.0,0.0,0.0,0.0,0.0,0.0,0.0,0.0,0,0,0,0.0,0.0,0.0,0.0,0.0,0.0,0.0,0.0,0.0,0.0,0.0,0.0,0.0,0.0,0.0,0.0,0,-107875648.0,53,0.0,106,-107614832.0,0.0,ERR,ERR,ERR,ERR,ERR,ERR,ERR,ERR,ERR,ERR,ERR,ERR,ERR,ERR,ERR,ERR,ERR,ERR,ERR,ERR,ERR,ERR,ERR,ERR,ERR,ERR,ERR,ERR,ERR,ERR,ERR,ERR,ERR,ERR,ERR,ERR,ERR,ERR,ERR,ERR,ERR,ERR,ERR,ERR,ERR,ERR,ERR,ERR,ERR,ERR,ERR,ERR,ERR,ERR,ERR,ERR,ERR,ERR,ERR,ERR,ERR,ERR,ERR,ERR,ERR,ERR,ERR,50.0,60.0,100,0.0,0.0,0.0,0.0,0.0,0.0,0.0,0.0,0.0,0.0,0.0,0.0,0.0,0.0,0.0,0.0,61.6,73,14,65512,50,65476,0,300,0,0,8,20529,65476,0,0,26214,60.0,0.0,0.0,0.0,0.0,0.0
2026-05-17T18:34:33,ERR,ERR,ERR,ERR,ERR,ERR,ERR,ERR,ERR,ERR,ERR,ERR,ERR,ERR,ERR,ERR,ERR,ERR,ERR,ERR,ERR,ERR,ERR,ERR,ERR,ERR,ERR,ERR,ERR,ERR,ERR,ERR,ERR,ERR,ERR,ERR,ERR,ERR,ERR,ERR,ERR,ERR,ERR,ERR,ERR,ERR,ERR,ERR,ERR,ERR,ERR,ERR,ERR,ERR,ERR,ERR,ERR,ERR,ERR,ERR,ERR,ERR,ERR,ERR,ERR,ERR,ERR,ERR,ERR,ERR,ERR,ERR,ERR,ERR,ERR,ERR,ERR,ERR,ERR,ERR,ERR,ERR,ERR,ERR,ERR,ERR,ERR,ERR,ERR,ERR,ERR,ERR,ERR,ERR,ERR,ERR,ERR,ERR,ERR,ERR,ERR,ERR,ERR,ERR,ERR,ERR,ERR,ERR,ERR,ERR,ERR,ERR,ERR,ERR,ERR,ERR,ERR,ERR,ERR,ERR,ERR,ERR,ERR,ERR,ERR,0.0,0.0,0.0,0.0,0.0,1.3936040501711995e+18,7.805,0.0,0,0,4,0,8422,0.0,45,0.0,0.0,0.0,0.0,0.0,0,0,0,0,0.0,0,0,0,0,0,0,0,0,0,0,0,0,0,0,0,0,0,0,0,0,0,0,0,0,0,0,0,0,0,0,0,0,0,38,14,7,45,65476,0,300,0,0,8,21553,0.0,-107605600.0,0.0,0.0,0.0,0.0,0.0,0.0,0.0,0.0,0.0,0.0,0.0,0.0,0.0,0.0,0.0,0.0,0.0,0.0,0.0,0.0,0.0,2.004,-0.0,0.0,0.0,0.0,0.0,0.0,4983.0,-564145766268928.0,0.0,0.0,0.0,-107615280.0,2.718429300292151e+23,0.0,0.0,0.0,0.0,53,-0.0,5.848055287018579e+35,0.0,0.0,0.0,0.0,0.0,0.0,0.0,0,0,0,0.0,0.0,0.0,0.0,0.0,0.0,0.0,0.0,0.0,0.0,0.0,0.0,0.0,0.0,0.0,0.0,0,-107875648.0,53,0.0,106,-107614832.0,0.0,ERR,ERR,ERR,ERR,ERR,ERR,ERR,ERR,ERR,ERR,ERR,ERR,ERR,ERR,ERR,ERR,ERR,ERR,ERR,ERR,ERR,ERR,ERR,ERR,ERR,ERR,ERR,ERR,ERR,ERR,ERR,ERR,ERR,ERR,ERR,ERR,ERR,ERR,ERR,ERR,ERR,ERR,ERR,ERR,ERR,ERR,ERR,ERR,ERR,ERR,ERR,ERR,ERR,ERR,ERR,ERR,ERR,ERR,ERR,ERR,ERR,ERR,ERR,ERR,ERR,ERR,ERR,50.0,60.0,100,0.0,0.0,0.0,0.0,0.0,0.0,0.0,0.0,0.0,0.0,0.0,0.0,0.0,0.0,0.0,0.0,62.0,73,14,65512,50,65476,0,300,0,0,8,20529,65476,0,0,26214,60.0,0.0,0.0,0.0,0.0,0.0
2026-05-17T18:34:34,ERR,ERR,ERR,ERR,ERR,ERR,ERR,ERR,ERR,ERR,ERR,ERR,ERR,ERR,ERR,ERR,ERR,ERR,ERR,ERR,ERR,ERR,ERR,ERR,ERR,ERR,ERR,ERR,ERR,ERR,ERR,ERR,ERR,ERR,ERR,ERR,ERR,ERR,ERR,ERR,ERR,ERR,ERR,ERR,ERR,ERR,ERR,ERR,ERR,ERR,ERR,ERR,ERR,ERR,ERR,ERR,ERR,ERR,ERR,ERR,ERR,ERR,ERR,ERR,ERR,ERR,ERR,ERR,ERR,ERR,ERR,ERR,ERR,ERR,ERR,ERR,ERR,ERR,ERR,ERR,ERR,ERR,ERR,ERR,ERR,ERR,ERR,ERR,ERR,ERR,ERR,ERR,ERR,ERR,ERR,ERR,ERR,ERR,ERR,ERR,ERR,ERR,ERR,ERR,ERR,ERR,ERR,ERR,ERR,ERR,ERR,ERR,ERR,ERR,ERR,ERR,ERR,ERR,ERR,ERR,ERR,ERR,ERR,ERR,ERR,0.0,0.0,0.0,0.0,0.0,1.3936040501711995e+18,7.805,0.0,0,0,4,0,8422,0.0,45,0.0,0.0,0.0,0.0,0.0,0,0,0,0,0.0,0,0,0,0,0,0,0,0,0,0,0,0,0,0,0,0,0,0,0,0,0,0,0,0,0,0,0,0,0,0,0,0,0,38,14,7,45,65476,0,300,0,0,8,21553,0.0,-107605600.0,0.0,0.0,0.0,0.0,0.0,0.0,0.0,0.0,0.0,0.0,0.0,0.0,0.0,0.0,0.0,0.0,0.0,0.0,0.0,0.0,0.0,2.004,-0.0,0.0,0.0,0.0,0.0,0.0,4983.0,-564145766268928.0,0.0,0.0,0.0,-107615280.0,2.718429300292151e+23,0.0,0.0,0.0,0.0,53,-0.0,5.848055287018579e+35,0.0,0.0,0.0,0.0,0.0,0.0,0.0,0,0,0,0.0,0.0,0.0,0.0,0.0,0.0,0.0,0.0,0.0,0.0,0.0,0.0,0.0,0.0,0.0,0.0,0,-107875648.0,53,0.0,106,-107614832.0,0.0,ERR,ERR,ERR,ERR,ERR,ERR,ERR,ERR,ERR,ERR,ERR,ERR,ERR,ERR,ERR,ERR,ERR,ERR,ERR,ERR,ERR,ERR,ERR,ERR,ERR,ERR,ERR,ERR,ERR,ERR,ERR,ERR,ERR,ERR,ERR,ERR,ERR,ERR,ERR,ERR,ERR,ERR,ERR,ERR,ERR,ERR,ERR,ERR,ERR,ERR,ERR,ERR,ERR,ERR,ERR,ERR,ERR,ERR,ERR,ERR,ERR,ERR,ERR,ERR,ERR,ERR,ERR,50.0,60.0,100,0.0,0.0,0.0,0.0,0.0,0.0,0.0,0.0,0.0,0.0,0.0,0.0,0.0,0.0,0.0,0.0,62.0,73,14,65512,50,65476,0,300,0,0,8,20529,65476,0,0,26214,60.0,0.0,0.0,0.0,0.0,0.0
2026-05-17T18:34:35,ERR,ERR,ERR,ERR,ERR,ERR,ERR,ERR,ERR,ERR,ERR,ERR,ERR,ERR,ERR,ERR,ERR,ERR,ERR,ERR,ERR,ERR,ERR,ERR,ERR,ERR,ERR,ERR,ERR,ERR,ERR,ERR,ERR,ERR,ERR,ERR,ERR,ERR,ERR,ERR,ERR,ERR,ERR,ERR,ERR,ERR,ERR,ERR,ERR,ERR,ERR,ERR,ERR,ERR,ERR,ERR,ERR,ERR,ERR,ERR,ERR,ERR,ERR,ERR,ERR,ERR,ERR,ERR,ERR,ERR,ERR,ERR,ERR,ERR,ERR,ERR,ERR,ERR,ERR,ERR,ERR,ERR,ERR,ERR,ERR,ERR,ERR,ERR,ERR,ERR,ERR,ERR,ERR,ERR,ERR,ERR,ERR,ERR,ERR,ERR,ERR,ERR,ERR,ERR,ERR,ERR,ERR,ERR,ERR,ERR,ERR,ERR,ERR,ERR,ERR,ERR,ERR,ERR,ERR,ERR,ERR,ERR,ERR,ERR,ERR,0.0,0.0,0.0,0.0,0.0,1.3936040501711995e+18,7.805,0.0,0,0,4,0,8422,0.0,45,0.0,0.0,0.0,0.0,0.0,0,0,0,0,0.0,0,0,0,0,0,0,0,0,0,0,0,0,0,0,0,0,0,0,0,0,0,0,0,0,0,0,0,0,0,0,0,0,0,38,14,7,45,65476,0,300,0,0,8,21553,0.0,-107605600.0,0.0,0.0,0.0,0.0,0.0,0.0,0.0,0.0,0.0,0.0,0.0,0.0,0.0,0.0,0.0,0.0,0.0,0.0,0.0,0.0,0.0,2.004,-0.0,0.0,0.0,0.0,0.0,0.0,4983.0,-564145766268928.0,0.0,0.0,0.0,-107615280.0,2.718429300292151e+23,0.0,0.0,0.0,0.0,53,-0.0,5.848055287018579e+35,0.0,0.0,0.0,0.0,0.0,0.0,0.0,0,0,0,0.0,0.0,0.0,0.0,0.0,0.0,0.0,0.0,0.0,0.0,0.0,0.0,0.0,0.0,0.0,0.0,0,-107875648.0,53,0.0,106,-107614832.0,0.0,ERR,ERR,ERR,ERR,ERR,ERR,ERR,ERR,ERR,ERR,ERR,ERR,ERR,ERR,ERR,ERR,ERR,ERR,ERR,ERR,ERR,ERR,ERR,ERR,ERR,ERR,ERR,ERR,ERR,ERR,ERR,ERR,ERR,ERR,ERR,ERR,ERR,ERR,ERR,ERR,ERR,ERR,ERR,ERR,ERR,ERR,ERR,ERR,ERR,ERR,ERR,ERR,ERR,ERR,ERR,ERR,ERR,ERR,ERR,ERR,ERR,ERR,ERR,ERR,ERR,ERR,ERR,50.0,60.0,100,0.0,0.0,0.0,0.0,0.0,0.0,0.0,0.0,0.0,0.0,0.0,0.0,0.0,0.0,0.0,0.0,61.6,73,14,65512,50,65476,0,300,0,0,8,20529,65476,0,0,26214,60.0,0.0,0.0,0.0,0.0,0.0
2026-05-17T18:34:36,ERR,ERR,ERR,ERR,ERR,ERR,ERR,ERR,ERR,ERR,ERR,ERR,ERR,ERR,ERR,ERR,ERR,ERR,ERR,ERR,ERR,ERR,ERR,ERR,ERR,ERR,ERR,ERR,ERR,ERR,ERR,ERR,ERR,ERR,ERR,ERR,ERR,ERR,ERR,ERR,ERR,ERR,ERR,ERR,ERR,ERR,ERR,ERR,ERR,ERR,ERR,ERR,ERR,ERR,ERR,ERR,ERR,ERR,ERR,ERR,ERR,ERR,ERR,ERR,ERR,ERR,ERR,ERR,ERR,ERR,ERR,ERR,ERR,ERR,ERR,ERR,ERR,ERR,ERR,ERR,ERR,ERR,ERR,ERR,ERR,ERR,ERR,ERR,ERR,ERR,ERR,ERR,ERR,ERR,ERR,ERR,ERR,ERR,ERR,ERR,ERR,ERR,ERR,ERR,ERR,ERR,ERR,ERR,ERR,ERR,ERR,ERR,ERR,ERR,ERR,ERR,ERR,ERR,ERR,ERR,ERR,ERR,ERR,ERR,ERR,0.0,0.0,0.0,0.0,0.0,1.3936040501711995e+18,7.805,0.0,0,0,4,0,8422,0.0,45,0.0,0.0,0.0,0.0,0.0,0,0,0,0,0.0,0,0,0,0,0,0,0,0,0,0,0,0,0,0,0,0,0,0,0,0,0,0,0,0,0,0,0,0,0,0,0,0,0,38,14,7,45,65476,0,300,0,0,8,21553,0.0,-107605600.0,0.0,0.0,0.0,0.0,0.0,0.0,0.0,0.0,0.0,0.0,0.0,0.0,0.0,0.0,0.0,0.0,0.0,0.0,0.0,0.0,0.0,2.004,-0.0,0.0,0.0,0.0,0.0,0.0,4983.0,-564145766268928.0,0.0,0.0,0.0,-107615280.0,2.718429300292151e+23,0.0,0.0,0.0,0.0,53,-0.0,5.848055287018579e+35,0.0,0.0,0.0,0.0,0.0,0.0,0.0,0,0,0,0.0,0.0,0.0,0.0,0.0,0.0,0.0,0.0,0.0,0.0,0.0,0.0,0.0,0.0,0.0,0.0,0,-107875648.0,53,0.0,106,-107614832.0,0.0,ERR,ERR,ERR,ERR,ERR,ERR,ERR,ERR,ERR,ERR,ERR,ERR,ERR,ERR,ERR,ERR,ERR,ERR,ERR,ERR,ERR,ERR,ERR,ERR,ERR,ERR,ERR,ERR,ERR,ERR,ERR,ERR,ERR,ERR,ERR,ERR,ERR,ERR,ERR,ERR,ERR,ERR,ERR,ERR,ERR,ERR,ERR,ERR,ERR,ERR,ERR,ERR,ERR,ERR,ERR,ERR,ERR,ERR,ERR,ERR,ERR,ERR,ERR,ERR,ERR,ERR,ERR,50.0,60.0,100,0.0,0.0,0.0,0.0,0.0,0.0,0.0,0.0,0.0,0.0,0.0,0.0,0.0,0.0,0.0,0.0,62.0,73,14,65512,50,65476,0,300,0,0,8,20529,65476,0,0,26214,60.0,0.0,0.0,0.0,0.0,0.0
2026-05-17T18:34:37,ERR,ERR,ERR,ERR,ERR,ERR,ERR,ERR,ERR,ERR,ERR,ERR,ERR,ERR,ERR,ERR,ERR,ERR,ERR,ERR,ERR,ERR,ERR,ERR,ERR,ERR,ERR,ERR,ERR,ERR,ERR,ERR,ERR,ERR,ERR,ERR,ERR,ERR,ERR,ERR,ERR,ERR,ERR,ERR,ERR,ERR,ERR,ERR,ERR,ERR,ERR,ERR,ERR,ERR,ERR,ERR,ERR,ERR,ERR,ERR,ERR,ERR,ERR,ERR,ERR,ERR,ERR,ERR,ERR,ERR,ERR,ERR,ERR,ERR,ERR,ERR,ERR,ERR,ERR,ERR,ERR,ERR,ERR,ERR,ERR,ERR,ERR,ERR,ERR,ERR,ERR,ERR,ERR,ERR,ERR,ERR,ERR,ERR,ERR,ERR,ERR,ERR,ERR,ERR,ERR,ERR,ERR,ERR,ERR,ERR,ERR,ERR,ERR,ERR,ERR,ERR,ERR,ERR,ERR,ERR,ERR,ERR,ERR,ERR,ERR,0.0,0.0,0.0,0.0,0.0,1.3936040501711995e+18,7.805,0.0,0,0,4,0,8422,0.0,45,0.0,0.0,0.0,0.0,0.0,0,0,0,0,0.0,0,0,0,0,0,0,0,0,0,0,0,0,0,0,0,0,0,0,0,0,0,0,0,0,0,0,0,0,0,0,0,0,0,38,14,7,45,65476,0,300,0,0,8,21553,0.0,-107605600.0,0.0,0.0,0.0,0.0,0.0,0.0,0.0,0.0,0.0,0.0,0.0,0.0,0.0,0.0,0.0,0.0,0.0,0.0,0.0,0.0,0.0,2.004,-0.0,0.0,0.0,0.0,0.0,0.0,4983.0,-564145766268928.0,0.0,0.0,0.0,-107615280.0,2.718429300292151e+23,0.0,0.0,0.0,0.0,53,-0.0,5.848055287018579e+35,0.0,0.0,0.0,0.0,0.0,0.0,0.0,0,0,0,0.0,0.0,0.0,0.0,0.0,0.0,0.0,0.0,0.0,0.0,0.0,0.0,0.0,0.0,0.0,0.0,0,-107875648.0,53,0.0,106,-107614832.0,0.0,ERR,ERR,ERR,ERR,ERR,ERR,ERR,ERR,ERR,ERR,ERR,ERR,ERR,ERR,ERR,ERR,ERR,ERR,ERR,ERR,ERR,ERR,ERR,ERR,ERR,ERR,ERR,ERR,ERR,ERR,ERR,ERR,ERR,ERR,ERR,ERR,ERR,ERR,ERR,ERR,ERR,ERR,ERR,ERR,ERR,ERR,ERR,ERR,ERR,ERR,ERR,ERR,ERR,ERR,ERR,ERR,ERR,ERR,ERR,ERR,ERR,ERR,ERR,ERR,ERR,ERR,ERR,50.0,60.0,100,0.0,0.0,0.0,0.0,0.0,0.0,0.0,0.0,0.0,0.0,0.0,0.0,0.0,0.0,0.0,0.0,62.0,73,14,65512,50,65476,0,300,0,0,8,20529,65476,0,0,26214,60.0,0.0,0.0,0.0,0.0,0.0
2026-05-17T18:34:38,ERR,ERR,ERR,ERR,ERR,ERR,ERR,ERR,ERR,ERR,ERR,ERR,ERR,ERR,ERR,ERR,ERR,ERR,ERR,ERR,ERR,ERR,ERR,ERR,ERR,ERR,ERR,ERR,ERR,ERR,ERR,ERR,ERR,ERR,ERR,ERR,ERR,ERR,ERR,ERR,ERR,ERR,ERR,ERR,ERR,ERR,ERR,ERR,ERR,ERR,ERR,ERR,ERR,ERR,ERR,ERR,ERR,ERR,ERR,ERR,ERR,ERR,ERR,ERR,ERR,ERR,ERR,ERR,ERR,ERR,ERR,ERR,ERR,ERR,ERR,ERR,ERR,ERR,ERR,ERR,ERR,ERR,ERR,ERR,ERR,ERR,ERR,ERR,ERR,ERR,ERR,ERR,ERR,ERR,ERR,ERR,ERR,ERR,ERR,ERR,ERR,ERR,ERR,ERR,ERR,ERR,ERR,ERR,ERR,ERR,ERR,ERR,ERR,ERR,ERR,ERR,ERR,ERR,ERR,ERR,ERR,ERR,ERR,ERR,ERR,0.0,0.0,0.0,0.0,0.0,1.3936040501711995e+18,7.805,0.0,0,0,4,0,8422,0.0,45,0.0,0.0,0.0,0.0,0.0,0,0,0,0,0.0,0,0,0,0,0,0,0,0,0,0,0,0,0,0,0,0,0,0,0,0,0,0,0,0,0,0,0,0,0,0,0,0,0,38,14,7,45,65476,0,300,0,0,8,21553,0.0,-107605600.0,0.0,0.0,0.0,0.0,0.0,0.0,0.0,0.0,0.0,0.0,0.0,0.0,0.0,0.0,0.0,0.0,0.0,0.0,0.0,0.0,0.0,2.004,-0.0,0.0,0.0,0.0,0.0,0.0,5012.0,2.422987904532282e+24,0.0,0.0,0.0,-107615280.0,2.718429300292151e+23,0.0,0.0,0.0,0.0,53,5.848083413016271e+35,0.0,0.0,0.0,0.0,0.0,0.0,0.0,0.0,0,0,0,0.0,0.0,0.0,0.0,0.0,0.0,0.0,0.0,0.0,0.0,0.0,0.0,0.0,0.0,0.0,0.0,0,-107875648.0,53,0.0,106,-107614832.0,0.0,ERR,ERR,ERR,ERR,ERR,ERR,ERR,ERR,ERR,ERR,ERR,ERR,ERR,ERR,ERR,ERR,ERR,ERR,ERR,ERR,ERR,ERR,ERR,ERR,ERR,ERR,ERR,ERR,ERR,ERR,ERR,ERR,ERR,ERR,ERR,ERR,ERR,ERR,ERR,ERR,ERR,ERR,ERR,ERR,ERR,ERR,ERR,ERR,ERR,ERR,ERR,ERR,ERR,ERR,ERR,ERR,ERR,ERR,ERR,ERR,ERR,ERR,ERR,ERR,ERR,ERR,ERR,50.0,60.0,100,0.0,0.0,0.0,0.0,0.0,0.0,0.0,0.0,0.0,0.0,0.0,0.0,0.0,0.0,0.0,0.0,61.6,73,14,65512,50,65476,0,300,0,0,8,20529,65476,0,0,26214,60.0,0.0,0.0,0.0,0.0,0.0
2026-05-17T18:34:39,ERR,ERR,ERR,ERR,ERR,ERR,ERR,ERR,ERR,ERR,ERR,ERR,ERR,ERR,ERR,ERR,ERR,ERR,ERR,ERR,ERR,ERR,ERR,ERR,ERR,ERR,ERR,ERR,ERR,ERR,ERR,ERR,ERR,ERR,ERR,ERR,ERR,ERR,ERR,ERR,ERR,ERR,ERR,ERR,ERR,ERR,ERR,ERR,ERR,ERR,ERR,ERR,ERR,ERR,ERR,ERR,ERR,ERR,ERR,ERR,ERR,ERR,ERR,ERR,ERR,ERR,ERR,ERR,ERR,ERR,ERR,ERR,ERR,ERR,ERR,ERR,ERR,ERR,ERR,ERR,ERR,ERR,ERR,ERR,ERR,ERR,ERR,ERR,ERR,ERR,ERR,ERR,ERR,ERR,ERR,ERR,ERR,ERR,ERR,ERR,ERR,ERR,ERR,ERR,ERR,ERR,ERR,ERR,ERR,ERR,ERR,ERR,ERR,ERR,ERR,ERR,ERR,ERR,ERR,ERR,ERR,ERR,ERR,ERR,ERR,0.0,0.0,0.0,0.0,0.0,1.3936040501711995e+18,7.805,0.0,0,0,4,0,8422,0.0,45,0.0,0.0,0.0,0.0,0.0,0,0,0,0,0.0,0,0,0,0,0,0,0,0,0,0,0,0,0,0,0,0,0,0,0,0,0,0,0,0,0,0,0,0,0,0,0,0,0,38,14,7,45,65476,0,300,0,0,8,21553,0.0,-107605600.0,0.0,0.0,0.0,0.0,0.0,0.0,0.0,0.0,0.0,0.0,0.0,0.0,0.0,0.0,0.0,0.0,0.0,0.0,0.0,0.0,0.0,2.004,-0.0,0.0,0.0,0.0,0.0,0.0,5012.0,2.422987904532282e+24,0.0,0.0,0.0,-107615280.0,2.718429300292151e+23,0.0,0.0,0.0,0.0,53,5.848083413016271e+35,0.0,0.0,0.0,0.0,0.0,0.0,0.0,0.0,0,0,0,0.0,0.0,0.0,0.0,0.0,0.0,0.0,0.0,0.0,0.0,0.0,0.0,0.0,0.0,0.0,0.0,0,-107875648.0,53,0.0,106,-107614832.0,0.0,ERR,ERR,ERR,ERR,ERR,ERR,ERR,ERR,ERR,ERR,ERR,ERR,ERR,ERR,ERR,ERR,ERR,ERR,ERR,ERR,ERR,ERR,ERR,ERR,ERR,ERR,ERR,ERR,ERR,ERR,ERR,ERR,ERR,ERR,ERR,ERR,ERR,ERR,ERR,ERR,ERR,ERR,ERR,ERR,ERR,ERR,ERR,ERR,ERR,ERR,ERR,ERR,ERR,ERR,ERR,ERR,ERR,ERR,ERR,ERR,ERR,ERR,ERR,ERR,ERR,ERR,ERR,50.0,60.0,100,0.0,0.0,0.0,0.0,0.0,0.0,0.0,0.0,0.0,0.0,0.0,0.0,0.0,0.0,0.0,0.0,61.6,73,14,65512,50,65476,0,300,0,0,8,20529,65476,0,0,26214,60.0,0.0,0.0,0.0,0.0,0.0
2026-05-17T18:34:40,ERR,ERR,ERR,ERR,ERR,ERR,ERR,ERR,ERR,ERR,ERR,ERR,ERR,ERR,ERR,ERR,ERR,ERR,ERR,ERR,ERR,ERR,ERR,ERR,ERR,ERR,ERR,ERR,ERR,ERR,ERR,ERR,ERR,ERR,ERR,ERR,ERR,ERR,ERR,ERR,ERR,ERR,ERR,ERR,ERR,ERR,ERR,ERR,ERR,ERR,ERR,ERR,ERR,ERR,ERR,ERR,ERR,ERR,ERR,ERR,ERR,ERR,ERR,ERR,ERR,ERR,ERR,ERR,ERR,ERR,ERR,ERR,ERR,ERR,ERR,ERR,ERR,ERR,ERR,ERR,ERR,ERR,ERR,ERR,ERR,ERR,ERR,ERR,ERR,ERR,ERR,ERR,ERR,ERR,ERR,ERR,ERR,ERR,ERR,ERR,ERR,ERR,ERR,ERR,ERR,ERR,ERR,ERR,ERR,ERR,ERR,ERR,ERR,ERR,ERR,ERR,ERR,ERR,ERR,ERR,ERR,ERR,ERR,ERR,ERR,0.0,0.0,0.0,0.0,0.0,1.3936040501711995e+18,7.805,0.0,0,0,4,0,8422,0.0,45,0.0,0.0,0.0,0.0,0.0,0,0,0,0,0.0,0,0,0,0,0,0,0,0,0,0,0,0,0,0,0,0,0,0,0,0,0,0,0,0,0,0,0,0,0,0,0,0,0,38,14,7,45,65476,0,300,0,0,8,21553,0.0,-107605600.0,0.0,0.0,0.0,0.0,0.0,0.0,0.0,0.0,0.0,0.0,0.0,0.0,0.0,0.0,0.0,0.0,0.0,0.0,0.0,0.0,0.0,2.004,-0.0,0.0,0.0,0.0,0.0,0.0,5012.0,2.422987904532282e+24,0.0,0.0,0.0,-107615280.0,2.718429300292151e+23,0.0,0.0,0.0,0.0,53,5.848083413016271e+35,0.0,0.0,0.0,0.0,0.0,0.0,0.0,0.0,0,0,0,0.0,0.0,0.0,0.0,0.0,0.0,0.0,0.0,0.0,0.0,0.0,0.0,0.0,0.0,0.0,0.0,0,-107875648.0,53,0.0,106,-107614832.0,0.0,ERR,ERR,ERR,ERR,ERR,ERR,ERR,ERR,ERR,ERR,ERR,ERR,ERR,ERR,ERR,ERR,ERR,ERR,ERR,ERR,ERR,ERR,ERR,ERR,ERR,ERR,ERR,ERR,ERR,ERR,ERR,ERR,ERR,ERR,ERR,ERR,ERR,ERR,ERR,ERR,ERR,ERR,ERR,ERR,ERR,ERR,ERR,ERR,ERR,ERR,ERR,ERR,ERR,ERR,ERR,ERR,ERR,ERR,ERR,ERR,ERR,ERR,ERR,ERR,ERR,ERR,ERR,50.0,60.0,100,0.0,0.0,0.0,0.0,0.0,0.0,0.0,0.0,0.0,0.0,0.0,0.0,0.0,0.0,0.0,0.0,61.6,73,14,65512,50,65476,0,300,0,0,8,20529,65476,0,0,26214,60.0,0.0,0.0,0.0,0.0,0.0
2026-05-17T18:34:41,ERR,ERR,ERR,ERR,ERR,ERR,ERR,ERR,ERR,ERR,ERR,ERR,ERR,ERR,ERR,ERR,ERR,ERR,ERR,ERR,ERR,ERR,ERR,ERR,ERR,ERR,ERR,ERR,ERR,ERR,ERR,ERR,ERR,ERR,ERR,ERR,ERR,ERR,ERR,ERR,ERR,ERR,ERR,ERR,ERR,ERR,ERR,ERR,ERR,ERR,ERR,ERR,ERR,ERR,ERR,ERR,ERR,ERR,ERR,ERR,ERR,ERR,ERR,ERR,ERR,ERR,ERR,ERR,ERR,ERR,ERR,ERR,ERR,ERR,ERR,ERR,ERR,ERR,ERR,ERR,ERR,ERR,ERR,ERR,ERR,ERR,ERR,ERR,ERR,ERR,ERR,ERR,ERR,ERR,ERR,ERR,ERR,ERR,ERR,ERR,ERR,ERR,ERR,ERR,ERR,ERR,ERR,ERR,ERR,ERR,ERR,ERR,ERR,ERR,ERR,ERR,ERR,ERR,ERR,ERR,ERR,ERR,ERR,ERR,ERR,0.0,0.0,0.0,0.0,0.0,1.3936040501711995e+18,7.805,0.0,0,0,4,0,8422,0.0,45,0.0,0.0,0.0,0.0,0.0,0,0,0,0,0.0,0,0,0,0,0,0,0,0,0,0,0,0,0,0,0,0,0,0,0,0,0,0,0,0,0,0,0,0,0,0,0,0,0,38,14,7,45,65476,0,300,0,0,8,21553,0.0,-107605600.0,0.0,0.0,0.0,0.0,0.0,0.0,0.0,0.0,0.0,0.0,0.0,0.0,0.0,0.0,0.0,0.0,0.0,0.0,0.0,0.0,0.0,2.004,-0.0,0.0,0.0,0.0,0.0,0.0,5012.0,2.422987904532282e+24,0.0,0.0,0.0,-107615280.0,2.718429300292151e+23,0.0,0.0,0.0,0.0,53,5.848083413016271e+35,0.0,0.0,0.0,0.0,0.0,0.0,0.0,0.0,0,0,0,0.0,0.0,0.0,0.0,0.0,0.0,0.0,0.0,0.0,0.0,0.0,0.0,0.0,0.0,0.0,0.0,0,-107875648.0,53,0.0,106,-107614832.0,0.0,ERR,ERR,ERR,ERR,ERR,ERR,ERR,ERR,ERR,ERR,ERR,ERR,ERR,ERR,ERR,ERR,ERR,ERR,ERR,ERR,ERR,ERR,ERR,ERR,ERR,ERR,ERR,ERR,ERR,ERR,ERR,ERR,ERR,ERR,ERR,ERR,ERR,ERR,ERR,ERR,ERR,ERR,ERR,ERR,ERR,ERR,ERR,ERR,ERR,ERR,ERR,ERR,ERR,ERR,ERR,ERR,ERR,ERR,ERR,ERR,ERR,ERR,ERR,ERR,ERR,ERR,ERR,50.0,60.0,100,0.0,0.0,0.0,0.0,0.0,0.0,0.0,0.0,0.0,0.0,0.0,0.0,0.0,0.0,0.0,0.0,61.6,73,14,65512,50,65476,0,300,0,0,8,20529,65476,0,0,26214,60.0,0.0,0.0,0.0,0.0,0.0
2026-05-17T18:34:42,ERR,ERR,ERR,ERR,ERR,ERR,ERR,ERR,ERR,ERR,ERR,ERR,ERR,ERR,ERR,ERR,ERR,ERR,ERR,ERR,ERR,ERR,ERR,ERR,ERR,ERR,ERR,ERR,ERR,ERR,ERR,ERR,ERR,ERR,ERR,ERR,ERR,ERR,ERR,ERR,ERR,ERR,ERR,ERR,ERR,ERR,ERR,ERR,ERR,ERR,ERR,ERR,ERR,ERR,ERR,ERR,ERR,ERR,ERR,ERR,ERR,ERR,ERR,ERR,ERR,ERR,ERR,ERR,ERR,ERR,ERR,ERR,ERR,ERR,ERR,ERR,ERR,ERR,ERR,ERR,ERR,ERR,ERR,ERR,ERR,ERR,ERR,ERR,ERR,ERR,ERR,ERR,ERR,ERR,ERR,ERR,ERR,ERR,ERR,ERR,ERR,ERR,ERR,ERR,ERR,ERR,ERR,ERR,ERR,ERR,ERR,ERR,ERR,ERR,ERR,ERR,ERR,ERR,ERR,ERR,ERR,ERR,ERR,ERR,ERR,0.0,0.0,0.0,0.0,0.0,1.3936040501711995e+18,7.805,0.0,0,0,4,0,8422,0.0,45,0.0,0.0,0.0,0.0,0.0,0,0,0,0,0.0,0,0,0,0,0,0,0,0,0,0,0,0,0,0,0,0,0,0,0,0,0,0,0,0,0,0,0,0,0,0,0,0,0,38,14,7,45,65476,0,300,0,0,8,21553,0.0,-107605600.0,0.0,0.0,0.0,0.0,0.0,0.0,0.0,0.0,0.0,0.0,0.0,0.0,0.0,0.0,0.0,0.0,0.0,0.0,0.0,0.0,0.0,2.004,-0.0,0.0,0.0,0.0,0.0,0.0,5012.0,2.422987904532282e+24,0.0,0.0,0.0,-107615280.0,2.718429300292151e+23,0.0,0.0,0.0,0.0,53,5.848083413016271e+35,0.0,0.0,0.0,0.0,0.0,0.0,0.0,0.0,0,0,0,0.0,0.0,0.0,0.0,0.0,0.0,0.0,0.0,0.0,0.0,0.0,0.0,0.0,0.0,0.0,0.0,0,-107875648.0,53,0.0,106,-107614832.0,0.0,ERR,ERR,ERR,ERR,ERR,ERR,ERR,ERR,ERR,ERR,ERR,ERR,ERR,ERR,ERR,ERR,ERR,ERR,ERR,ERR,ERR,ERR,ERR,ERR,ERR,ERR,ERR,ERR,ERR,ERR,ERR,ERR,ERR,ERR,ERR,ERR,ERR,ERR,ERR,ERR,ERR,ERR,ERR,ERR,ERR,ERR,ERR,ERR,ERR,ERR,ERR,ERR,ERR,ERR,ERR,ERR,ERR,ERR,ERR,ERR,ERR,ERR,ERR,ERR,ERR,ERR,ERR,50.0,60.0,100,0.0,0.0,0.0,0.0,0.0,0.0,0.0,0.0,0.0,0.0,0.0,0.0,0.0,0.0,0.0,0.0,61.6,73,14,65512,50,65476,0,300,0,0,8,20529,65476,0,0,26214,60.0,0.0,0.0,0.0,0.0,0.0
2026-05-17T18:34:43,ERR,ERR,ERR,ERR,ERR,ERR,ERR,ERR,ERR,ERR,ERR,ERR,ERR,ERR,ERR,ERR,ERR,ERR,ERR,ERR,ERR,ERR,ERR,ERR,ERR,ERR,ERR,ERR,ERR,ERR,ERR,ERR,ERR,ERR,ERR,ERR,ERR,ERR,ERR,ERR,ERR,ERR,ERR,ERR,ERR,ERR,ERR,ERR,ERR,ERR,ERR,ERR,ERR,ERR,ERR,ERR,ERR,ERR,ERR,ERR,ERR,ERR,ERR,ERR,ERR,ERR,ERR,ERR,ERR,ERR,ERR,ERR,ERR,ERR,ERR,ERR,ERR,ERR,ERR,ERR,ERR,ERR,ERR,ERR,ERR,ERR,ERR,ERR,ERR,ERR,ERR,ERR,ERR,ERR,ERR,ERR,ERR,ERR,ERR,ERR,ERR,ERR,ERR,ERR,ERR,ERR,ERR,ERR,ERR,ERR,ERR,ERR,ERR,ERR,ERR,ERR,ERR,ERR,ERR,ERR,ERR,ERR,ERR,ERR,ERR,0.0,0.0,0.0,0.0,0.0,1.3936040501711995e+18,7.805,0.0,0,0,4,0,8422,0.0,45,0.0,0.0,0.0,0.0,0.0,0,0,0,0,0.0,0,0,0,0,0,0,0,0,0,0,0,0,0,0,0,0,0,0,0,0,0,0,0,0,0,0,0,0,0,0,0,0,0,38,14,7,45,65476,0,300,0,0,8,21553,0.0,-107605600.0,0.0,0.0,0.0,0.0,0.0,0.0,0.0,0.0,0.0,0.0,0.0,0.0,0.0,0.0,0.0,0.0,0.0,0.0,0.0,0.0,0.0,2.004,-0.0,0.0,0.0,0.0,0.0,0.0,5048.0,0.0,0.0,0.0,0.0,-107615280.0,2.718429300292151e+23,0.0,0.0,0.0,0.0,53,-0.0,-4.9504015179484054e+32,0.0,0.0,0.0,0.0,0.0,0.0,0.0,0,0,0,0.0,0.0,0.0,0.0,0.0,0.0,0.0,0.0,0.0,0.0,0.0,0.0,0.0,0.0,0.0,0.0,0,-107875648.0,53,0.0,106,-107614832.0,0.0,ERR,ERR,ERR,ERR,ERR,ERR,ERR,ERR,ERR,ERR,ERR,ERR,ERR,ERR,ERR,ERR,ERR,ERR,ERR,ERR,ERR,ERR,ERR,ERR,ERR,ERR,ERR,ERR,ERR,ERR,ERR,ERR,ERR,ERR,ERR,ERR,ERR,ERR,ERR,ERR,ERR,ERR,ERR,ERR,ERR,ERR,ERR,ERR,ERR,ERR,ERR,ERR,ERR,ERR,ERR,ERR,ERR,ERR,ERR,ERR,ERR,ERR,ERR,ERR,ERR,ERR,ERR,50.0,60.0,100,0.0,0.0,0.0,0.0,0.0,0.0,0.0,0.0,0.0,0.0,0.0,0.0,0.0,0.0,0.0,0.0,61.6,73,14,65512,50,65476,0,300,0,0,8,20529,65476,0,0,26214,60.0,0.0,0.0,0.0,0.0,0.0
2026-05-17T18:34:44,ERR,ERR,ERR,ERR,ERR,ERR,ERR,ERR,ERR,ERR,ERR,ERR,ERR,ERR,ERR,ERR,ERR,ERR,ERR,ERR,ERR,ERR,ERR,ERR,ERR,ERR,ERR,ERR,ERR,ERR,ERR,ERR,ERR,ERR,ERR,ERR,ERR,ERR,ERR,ERR,ERR,ERR,ERR,ERR,ERR,ERR,ERR,ERR,ERR,ERR,ERR,ERR,ERR,ERR,ERR,ERR,ERR,ERR,ERR,ERR,ERR,ERR,ERR,ERR,ERR,ERR,ERR,ERR,ERR,ERR,ERR,ERR,ERR,ERR,ERR,ERR,ERR,ERR,ERR,ERR,ERR,ERR,ERR,ERR,ERR,ERR,ERR,ERR,ERR,ERR,ERR,ERR,ERR,ERR,ERR,ERR,ERR,ERR,ERR,ERR,ERR,ERR,ERR,ERR,ERR,ERR,ERR,ERR,ERR,ERR,ERR,ERR,ERR,ERR,ERR,ERR,ERR,ERR,ERR,ERR,ERR,ERR,ERR,ERR,ERR,0.0,0.0,0.0,0.0,0.0,1.3936040501711995e+18,7.805,0.0,0,0,4,0,8422,0.0,45,0.0,0.0,0.0,0.0,0.0,0,0,0,0,0.0,0,0,0,0,0,0,0,0,0,0,0,0,0,0,0,0,0,0,0,0,0,0,0,0,0,0,0,0,0,0,0,0,0,38,14,7,45,65476,0,300,0,0,8,21553,0.0,-107605600.0,0.0,0.0,0.0,0.0,0.0,0.0,0.0,0.0,0.0,0.0,0.0,0.0,0.0,0.0,0.0,0.0,0.0,0.0,0.0,0.0,0.0,2.004,-0.0,0.0,0.0,0.0,0.0,0.0,5048.0,0.0,0.0,0.0,0.0,-107615280.0,2.718429300292151e+23,0.0,0.0,0.0,0.0,53,-0.0,-4.9504015179484054e+32,0.0,0.0,0.0,0.0,0.0,0.0,0.0,0,0,0,0.0,0.0,0.0,0.0,0.0,0.0,0.0,0.0,0.0,0.0,0.0,0.0,0.0,0.0,0.0,0.0,0,-107875648.0,53,0.0,106,-107614832.0,0.0,ERR,ERR,ERR,ERR,ERR,ERR,ERR,ERR,ERR,ERR,ERR,ERR,ERR,ERR,ERR,ERR,ERR,ERR,ERR,ERR,ERR,ERR,ERR,ERR,ERR,ERR,ERR,ERR,ERR,ERR,ERR,ERR,ERR,ERR,ERR,ERR,ERR,ERR,ERR,ERR,ERR,ERR,ERR,ERR,ERR,ERR,ERR,ERR,ERR,ERR,ERR,ERR,ERR,ERR,ERR,ERR,ERR,ERR,ERR,ERR,ERR,ERR,ERR,ERR,ERR,ERR,ERR,50.0,60.0,100,0.0,0.0,0.0,0.0,0.0,0.0,0.0,0.0,0.0,0.0,0.0,0.0,0.0,0.0,0.0,0.0,61.6,73,14,65512,50,65476,0,300,0,0,8,20529,65476,0,0,26214,60.0,0.0,0.0,0.0,0.0,0.0
2026-05-17T18:34:45,ERR,ERR,ERR,ERR,ERR,ERR,ERR,ERR,ERR,ERR,ERR,ERR,ERR,ERR,ERR,ERR,ERR,ERR,ERR,ERR,ERR,ERR,ERR,ERR,ERR,ERR,ERR,ERR,ERR,ERR,ERR,ERR,ERR,ERR,ERR,ERR,ERR,ERR,ERR,ERR,ERR,ERR,ERR,ERR,ERR,ERR,ERR,ERR,ERR,ERR,ERR,ERR,ERR,ERR,ERR,ERR,ERR,ERR,ERR,ERR,ERR,ERR,ERR,ERR,ERR,ERR,ERR,ERR,ERR,ERR,ERR,ERR,ERR,ERR,ERR,ERR,ERR,ERR,ERR,ERR,ERR,ERR,ERR,ERR,ERR,ERR,ERR,ERR,ERR,ERR,ERR,ERR,ERR,ERR,ERR,ERR,ERR,ERR,ERR,ERR,ERR,ERR,ERR,ERR,ERR,ERR,ERR,ERR,ERR,ERR,ERR,ERR,ERR,ERR,ERR,ERR,ERR,ERR,ERR,ERR,ERR,ERR,ERR,ERR,ERR,0.0,0.0,0.0,0.0,0.0,1.3936040501711995e+18,7.805,0.0,0,0,4,0,8422,0.0,45,0.0,0.0,0.0,0.0,0.0,0,0,0,0,0.0,0,0,0,0,0,0,0,0,0,0,0,0,0,0,0,0,0,0,0,0,0,0,0,0,0,0,0,0,0,0,0,0,0,38,14,7,45,65476,0,300,0,0,8,21553,0.0,-107605600.0,0.0,0.0,0.0,0.0,0.0,0.0,0.0,0.0,0.0,0.0,0.0,0.0,0.0,0.0,0.0,0.0,0.0,0.0,0.0,0.0,0.0,2.004,-0.0,0.0,0.0,0.0,0.0,0.0,5048.0,0.0,0.0,0.0,0.0,-107615280.0,2.718429300292151e+23,0.0,0.0,0.0,0.0,53,-0.0,-4.9504015179484054e+32,0.0,0.0,0.0,0.0,0.0,0.0,0.0,0,0,0,0.0,0.0,0.0,0.0,0.0,0.0,0.0,0.0,0.0,0.0,0.0,0.0,0.0,0.0,0.0,0.0,0,-107875648.0,53,0.0,106,-107614832.0,0.0,ERR,ERR,ERR,ERR,ERR,ERR,ERR,ERR,ERR,ERR,ERR,ERR,ERR,ERR,ERR,ERR,ERR,ERR,ERR,ERR,ERR,ERR,ERR,ERR,ERR,ERR,ERR,ERR,ERR,ERR,ERR,ERR,ERR,ERR,ERR,ERR,ERR,ERR,ERR,ERR,ERR,ERR,ERR,ERR,ERR,ERR,ERR,ERR,ERR,ERR,ERR,ERR,ERR,ERR,ERR,ERR,ERR,ERR,ERR,ERR,ERR,ERR,ERR,ERR,ERR,ERR,ERR,50.0,60.0,100,0.0,0.0,0.0,0.0,0.0,0.0,0.0,0.0,0.0,0.0,0.0,0.0,0.0,0.0,0.0,0.0,61.6,73,14,65512,50,65476,0,300,0,0,8,20529,65476,0,0,26214,60.0,0.0,0.0,0.0,0.0,0.0
2026-05-17T18:34:46,ERR,ERR,ERR,ERR,ERR,ERR,ERR,ERR,ERR,ERR,ERR,ERR,ERR,ERR,ERR,ERR,ERR,ERR,ERR,ERR,ERR,ERR,ERR,ERR,ERR,ERR,ERR,ERR,ERR,ERR,ERR,ERR,ERR,ERR,ERR,ERR,ERR,ERR,ERR,ERR,ERR,ERR,ERR,ERR,ERR,ERR,ERR,ERR,ERR,ERR,ERR,ERR,ERR,ERR,ERR,ERR,ERR,ERR,ERR,ERR,ERR,ERR,ERR,ERR,ERR,ERR,ERR,ERR,ERR,ERR,ERR,ERR,ERR,ERR,ERR,ERR,ERR,ERR,ERR,ERR,ERR,ERR,ERR,ERR,ERR,ERR,ERR,ERR,ERR,ERR,ERR,ERR,ERR,ERR,ERR,ERR,ERR,ERR,ERR,ERR,ERR,ERR,ERR,ERR,ERR,ERR,ERR,ERR,ERR,ERR,ERR,ERR,ERR,ERR,ERR,ERR,ERR,ERR,ERR,ERR,ERR,ERR,ERR,ERR,ERR,0.0,0.0,0.0,0.0,0.0,1.3936040501711995e+18,7.805,0.0,0,0,4,0,8422,0.0,45,0.0,0.0,0.0,0.0,0.0,0,0,0,0,0.0,0,0,0,0,0,0,0,0,0,0,0,0,0,0,0,0,0,0,0,0,0,0,0,0,0,0,0,0,0,0,0,0,0,38,14,7,45,65476,0,300,0,0,8,21553,0.0,-107605600.0,0.0,0.0,0.0,0.0,0.0,0.0,0.0,0.0,0.0,0.0,0.0,0.0,0.0,0.0,0.0,0.0,0.0,0.0,0.0,0.0,0.0,2.004,-0.0,0.0,0.0,0.0,0.0,0.0,5048.0,0.0,0.0,0.0,0.0,-107615280.0,2.718429300292151e+23,0.0,0.0,0.0,0.0,53,-0.0,-4.9504015179484054e+32,0.0,0.0,0.0,0.0,0.0,0.0,0.0,0,0,0,0.0,0.0,0.0,0.0,0.0,0.0,0.0,0.0,0.0,0.0,0.0,0.0,0.0,0.0,0.0,0.0,0,-107875648.0,53,0.0,106,-107614832.0,0.0,ERR,ERR,ERR,ERR,ERR,ERR,ERR,ERR,ERR,ERR,ERR,ERR,ERR,ERR,ERR,ERR,ERR,ERR,ERR,ERR,ERR,ERR,ERR,ERR,ERR,ERR,ERR,ERR,ERR,ERR,ERR,ERR,ERR,ERR,ERR,ERR,ERR,ERR,ERR,ERR,ERR,ERR,ERR,ERR,ERR,ERR,ERR,ERR,ERR,ERR,ERR,ERR,ERR,ERR,ERR,ERR,ERR,ERR,ERR,ERR,ERR,ERR,ERR,ERR,ERR,ERR,ERR,50.0,60.0,100,0.0,0.0,0.0,0.0,0.0,0.0,0.0,0.0,0.0,0.0,0.0,0.0,0.0,0.0,0.0,0.0,61.6,73,14,65512,50,65476,0,300,0,0,8,20529,65476,0,0,26214,60.0,0.0,0.0,0.0,0.0,0.0
2026-05-17T18:34:47,ERR,ERR,ERR,ERR,ERR,ERR,ERR,ERR,ERR,ERR,ERR,ERR,ERR,ERR,ERR,ERR,ERR,ERR,ERR,ERR,ERR,ERR,ERR,ERR,ERR,ERR,ERR,ERR,ERR,ERR,ERR,ERR,ERR,ERR,ERR,ERR,ERR,ERR,ERR,ERR,ERR,ERR,ERR,ERR,ERR,ERR,ERR,ERR,ERR,ERR,ERR,ERR,ERR,ERR,ERR,ERR,ERR,ERR,ERR,ERR,ERR,ERR,ERR,ERR,ERR,ERR,ERR,ERR,ERR,ERR,ERR,ERR,ERR,ERR,ERR,ERR,ERR,ERR,ERR,ERR,ERR,ERR,ERR,ERR,ERR,ERR,ERR,ERR,ERR,ERR,ERR,ERR,ERR,ERR,ERR,ERR,ERR,ERR,ERR,ERR,ERR,ERR,ERR,ERR,ERR,ERR,ERR,ERR,ERR,ERR,ERR,ERR,ERR,ERR,ERR,ERR,ERR,ERR,ERR,ERR,ERR,ERR,ERR,ERR,ERR,0.0,0.0,0.0,0.0,0.0,1.3936040501711995e+18,7.805,0.0,0,0,4,0,8422,0.0,45,0.0,0.0,0.0,0.0,0.0,0,0,0,0,0.0,0,0,0,0,0,0,0,0,0,0,0,0,0,0,0,0,0,0,0,0,0,0,0,0,0,0,0,0,0,0,0,0,0,38,14,7,45,65476,0,300,0,0,8,21553,0.0,-107605600.0,0.0,0.0,0.0,0.0,0.0,0.0,0.0,0.0,0.0,0.0,0.0,0.0,0.0,0.0,0.0,0.0,0.0,0.0,0.0,0.0,0.0,2.004,-0.0,0.0,0.0,0.0,0.0,0.0,5048.0,0.0,0.0,0.0,0.0,-107615280.0,2.718429300292151e+23,0.0,0.0,0.0,0.0,53,-0.0,-4.9504015179484054e+32,0.0,0.0,0.0,0.0,0.0,0.0,0.0,0,0,0,0.0,0.0,0.0,0.0,0.0,0.0,0.0,0.0,0.0,0.0,0.0,0.0,0.0,0.0,0.0,0.0,0,-107875648.0,53,0.0,106,-107614832.0,0.0,ERR,ERR,ERR,ERR,ERR,ERR,ERR,ERR,ERR,ERR,ERR,ERR,ERR,ERR,ERR,ERR,ERR,ERR,ERR,ERR,ERR,ERR,ERR,ERR,ERR,ERR,ERR,ERR,ERR,ERR,ERR,ERR,ERR,ERR,ERR,ERR,ERR,ERR,ERR,ERR,ERR,ERR,ERR,ERR,ERR,ERR,ERR,ERR,ERR,ERR,ERR,ERR,ERR,ERR,ERR,ERR,ERR,ERR,ERR,ERR,ERR,ERR,ERR,ERR,ERR,ERR,ERR,50.0,60.0,100,0.0,0.0,0.0,0.0,0.0,0.0,0.0,0.0,0.0,0.0,0.0,0.0,0.0,0.0,0.0,0.0,61.6,73,14,65512,50,65476,0,300,0,0,8,20529,65476,0,0,26214,60.0,0.0,0.0,0.0,0.0,0.0
2026-05-17T18:34:48,ERR,ERR,ERR,ERR,ERR,ERR,ERR,ERR,ERR,ERR,ERR,ERR,ERR,ERR,ERR,ERR,ERR,ERR,ERR,ERR,ERR,ERR,ERR,ERR,ERR,ERR,ERR,ERR,ERR,ERR,ERR,ERR,ERR,ERR,ERR,ERR,ERR,ERR,ERR,ERR,ERR,ERR,ERR,ERR,ERR,ERR,ERR,ERR,ERR,ERR,ERR,ERR,ERR,ERR,ERR,ERR,ERR,ERR,ERR,ERR,ERR,ERR,ERR,ERR,ERR,ERR,ERR,ERR,ERR,ERR,ERR,ERR,ERR,ERR,ERR,ERR,ERR,ERR,ERR,ERR,ERR,ERR,ERR,ERR,ERR,ERR,ERR,ERR,ERR,ERR,ERR,ERR,ERR,ERR,ERR,ERR,ERR,ERR,ERR,ERR,ERR,ERR,ERR,ERR,ERR,ERR,ERR,ERR,ERR,ERR,ERR,ERR,ERR,ERR,ERR,ERR,ERR,ERR,ERR,ERR,ERR,ERR,ERR,ERR,ERR,0.0,0.0,0.0,0.0,0.0,1.3936040501711995e+18,7.805,0.0,0,0,4,0,8422,0.0,45,0.0,0.0,0.0,0.0,0.0,0,0,0,0,0.0,0,0,0,0,0,0,0,0,0,0,0,0,0,0,0,0,0,0,0,0,0,0,0,0,0,0,0,0,0,0,0,0,0,38,14,7,45,65476,0,300,0,0,8,21553,0.0,-107605600.0,0.0,0.0,0.0,0.0,0.0,0.0,0.0,0.0,0.0,0.0,0.0,0.0,0.0,0.0,0.0,0.0,0.0,0.0,0.0,0.0,0.0,2.004,-0.0,0.0,0.0,0.0,0.0,0.0,5048.0,1.5879295420089355e+29,0.0,0.0,0.0,-107615280.0,2.718429300292151e+23,0.0,0.0,0.0,0.0,53,-0.0,-0.0,0.0,0.0,0.0,0.0,0.0,0.0,0.0,0,0,0,0.0,0.0,0.0,0.0,0.0,0.0,0.0,0.0,0.0,0.0,0.0,0.0,0.0,0.0,0.0,0.0,0,-107875648.0,53,0.0,106,-107614832.0,0.0,ERR,ERR,ERR,ERR,ERR,ERR,ERR,ERR,ERR,ERR,ERR,ERR,ERR,ERR,ERR,ERR,ERR,ERR,ERR,ERR,ERR,ERR,ERR,ERR,ERR,ERR,ERR,ERR,ERR,ERR,ERR,ERR,ERR,ERR,ERR,ERR,ERR,ERR,ERR,ERR,ERR,ERR,ERR,ERR,ERR,ERR,ERR,ERR,ERR,ERR,ERR,ERR,ERR,ERR,ERR,ERR,ERR,ERR,ERR,ERR,ERR,ERR,ERR,ERR,ERR,ERR,ERR,50.0,60.0,100,0.0,0.0,0.0,0.0,0.0,0.0,0.0,0.0,0.0,0.0,0.0,0.0,0.0,0.0,0.0,0.0,61.6,73,14,65512,50,65476,0,300,0,0,8,20529,65476,0,0,26214,60.0,0.0,0.0,0.0,0.0,0.0
2026-05-17T18:34:49,ERR,ERR,ERR,ERR,ERR,ERR,ERR,ERR,ERR,ERR,ERR,ERR,ERR,ERR,ERR,ERR,ERR,ERR,ERR,ERR,ERR,ERR,ERR,ERR,ERR,ERR,ERR,ERR,ERR,ERR,ERR,ERR,ERR,ERR,ERR,ERR,ERR,ERR,ERR,ERR,ERR,ERR,ERR,ERR,ERR,ERR,ERR,ERR,ERR,ERR,ERR,ERR,ERR,ERR,ERR,ERR,ERR,ERR,ERR,ERR,ERR,ERR,ERR,ERR,ERR,ERR,ERR,ERR,ERR,ERR,ERR,ERR,ERR,ERR,ERR,ERR,ERR,ERR,ERR,ERR,ERR,ERR,ERR,ERR,ERR,ERR,ERR,ERR,ERR,ERR,ERR,ERR,ERR,ERR,ERR,ERR,ERR,ERR,ERR,ERR,ERR,ERR,ERR,ERR,ERR,ERR,ERR,ERR,ERR,ERR,ERR,ERR,ERR,ERR,ERR,ERR,ERR,ERR,ERR,ERR,ERR,ERR,ERR,ERR,ERR,0.0,0.0,0.0,0.0,0.0,1.3936040501711995e+18,7.805,0.0,0,0,4,0,8422,0.0,45,0.0,0.0,0.0,0.0,0.0,0,0,0,0,0.0,0,0,0,0,0,0,0,0,0,0,0,0,0,0,0,0,0,0,0,0,0,0,0,0,0,0,0,0,0,0,0,0,0,38,14,7,45,65476,0,300,0,0,8,21553,0.0,-107605600.0,0.0,0.0,0.0,0.0,0.0,0.0,0.0,0.0,0.0,0.0,0.0,0.0,0.0,0.0,0.0,0.0,0.0,0.0,0.0,0.0,0.0,2.004,-0.0,0.0,0.0,0.0,0.0,0.0,5048.0,1.5879295420089355e+29,0.0,0.0,0.0,-107615280.0,2.718429300292151e+23,0.0,0.0,0.0,0.0,53,-0.0,-0.0,0.0,0.0,0.0,0.0,0.0,0.0,0.0,0,0,0,0.0,0.0,0.0,0.0,0.0,0.0,0.0,0.0,0.0,0.0,0.0,0.0,0.0,0.0,0.0,0.0,0,-107875648.0,53,0.0,106,-107614832.0,0.0,ERR,ERR,ERR,ERR,ERR,ERR,ERR,ERR,ERR,ERR,ERR,ERR,ERR,ERR,ERR,ERR,ERR,ERR,ERR,ERR,ERR,ERR,ERR,ERR,ERR,ERR,ERR,ERR,ERR,ERR,ERR,ERR,ERR,ERR,ERR,ERR,ERR,ERR,ERR,ERR,ERR,ERR,ERR,ERR,ERR,ERR,ERR,ERR,ERR,ERR,ERR,ERR,ERR,ERR,ERR,ERR,ERR,ERR,ERR,ERR,ERR,ERR,ERR,ERR,ERR,ERR,ERR,50.0,60.0,100,0.0,0.0,0.0,0.0,0.0,0.0,0.0,0.0,0.0,0.0,0.0,0.0,0.0,0.0,0.0,0.0,61.6,73,14,65512,50,65476,0,300,0,0,8,20529,65476,0,0,26214,60.0,0.0,0.0,0.0,0.0,0.0
2026-05-17T18:34:50,ERR,ERR,ERR,ERR,ERR,ERR,ERR,ERR,ERR,ERR,ERR,ERR,ERR,ERR,ERR,ERR,ERR,ERR,ERR,ERR,ERR,ERR,ERR,ERR,ERR,ERR,ERR,ERR,ERR,ERR,ERR,ERR,ERR,ERR,ERR,ERR,ERR,ERR,ERR,ERR,ERR,ERR,ERR,ERR,ERR,ERR,ERR,ERR,ERR,ERR,ERR,ERR,ERR,ERR,ERR,ERR,ERR,ERR,ERR,ERR,ERR,ERR,ERR,ERR,ERR,ERR,ERR,ERR,ERR,ERR,ERR,ERR,ERR,ERR,ERR,ERR,ERR,ERR,ERR,ERR,ERR,ERR,ERR,ERR,ERR,ERR,ERR,ERR,ERR,ERR,ERR,ERR,ERR,ERR,ERR,ERR,ERR,ERR,ERR,ERR,ERR,ERR,ERR,ERR,ERR,ERR,ERR,ERR,ERR,ERR,ERR,ERR,ERR,ERR,ERR,ERR,ERR,ERR,ERR,ERR,ERR,ERR,ERR,ERR,ERR,0.0,0.0,0.0,0.0,0.0,1.3936040501711995e+18,7.805,0.0,0,0,4,0,8422,0.0,45,0.0,0.0,0.0,0.0,0.0,0,0,0,0,0.0,0,0,0,0,0,0,0,0,0,0,0,0,0,0,0,0,0,0,0,0,0,0,0,0,0,0,0,0,0,0,0,0,0,38,14,7,45,65476,0,300,0,0,8,21553,0.0,-107605600.0,0.0,0.0,0.0,0.0,0.0,0.0,0.0,0.0,0.0,0.0,0.0,0.0,0.0,0.0,0.0,0.0,0.0,0.0,0.0,0.0,0.0,2.004,-0.0,0.0,0.0,0.0,0.0,0.0,5048.0,1.5879295420089355e+29,0.0,0.0,0.0,-107615280.0,2.718429300292151e+23,0.0,0.0,0.0,0.0,53,-0.0,-0.0,0.0,0.0,0.0,0.0,0.0,0.0,0.0,0,0,0,0.0,0.0,0.0,0.0,0.0,0.0,0.0,0.0,0.0,0.0,0.0,0.0,0.0,0.0,0.0,0.0,0,-107875648.0,53,0.0,106,-107614832.0,0.0,ERR,ERR,ERR,ERR,ERR,ERR,ERR,ERR,ERR,ERR,ERR,ERR,ERR,ERR,ERR,ERR,ERR,ERR,ERR,ERR,ERR,ERR,ERR,ERR,ERR,ERR,ERR,ERR,ERR,ERR,ERR,ERR,ERR,ERR,ERR,ERR,ERR,ERR,ERR,ERR,ERR,ERR,ERR,ERR,ERR,ERR,ERR,ERR,ERR,ERR,ERR,ERR,ERR,ERR,ERR,ERR,ERR,ERR,ERR,ERR,ERR,ERR,ERR,ERR,ERR,ERR,ERR,50.0,60.0,100,0.0,0.0,0.0,0.0,0.0,0.0,0.0,0.0,0.0,0.0,0.0,0.0,0.0,0.0,0.0,0.0,61.6,73,14,65512,50,65476,0,300,0,0,8,20529,65476,0,0,26214,60.0,0.0,0.0,0.0,0.0,0.0
2026-05-17T18:34:51,ERR,ERR,ERR,ERR,ERR,ERR,ERR,ERR,ERR,ERR,ERR,ERR,ERR,ERR,ERR,ERR,ERR,ERR,ERR,ERR,ERR,ERR,ERR,ERR,ERR,ERR,ERR,ERR,ERR,ERR,ERR,ERR,ERR,ERR,ERR,ERR,ERR,ERR,ERR,ERR,ERR,ERR,ERR,ERR,ERR,ERR,ERR,ERR,ERR,ERR,ERR,ERR,ERR,ERR,ERR,ERR,ERR,ERR,ERR,ERR,ERR,ERR,ERR,ERR,ERR,ERR,ERR,ERR,ERR,ERR,ERR,ERR,ERR,ERR,ERR,ERR,ERR,ERR,ERR,ERR,ERR,ERR,ERR,ERR,ERR,ERR,ERR,ERR,ERR,ERR,ERR,ERR,ERR,ERR,ERR,ERR,ERR,ERR,ERR,ERR,ERR,ERR,ERR,ERR,ERR,ERR,ERR,ERR,ERR,ERR,ERR,ERR,ERR,ERR,ERR,ERR,ERR,ERR,ERR,ERR,ERR,ERR,ERR,ERR,ERR,0.0,0.0,0.0,0.0,0.0,1.3936040501711995e+18,7.805,0.0,0,0,4,0,8422,0.0,45,0.0,0.0,0.0,0.0,0.0,0,0,0,0,0.0,0,0,0,0,0,0,0,0,0,0,0,0,0,0,0,0,0,0,0,0,0,0,0,0,0,0,0,0,0,0,0,0,0,38,14,7,45,65476,0,300,0,0,8,21553,0.0,-107605600.0,0.0,0.0,0.0,0.0,0.0,0.0,0.0,0.0,0.0,0.0,0.0,0.0,0.0,0.0,0.0,0.0,0.0,0.0,0.0,0.0,0.0,2.004,-0.0,0.0,0.0,0.0,0.0,0.0,5048.0,1.5879295420089355e+29,0.0,0.0,0.0,-107615280.0,2.718429300292151e+23,0.0,0.0,0.0,0.0,53,-0.0,-0.0,0.0,0.0,0.0,0.0,0.0,0.0,0.0,0,0,0,0.0,0.0,0.0,0.0,0.0,0.0,0.0,0.0,0.0,0.0,0.0,0.0,0.0,0.0,0.0,0.0,0,-107875648.0,53,0.0,106,-107614832.0,0.0,ERR,ERR,ERR,ERR,ERR,ERR,ERR,ERR,ERR,ERR,ERR,ERR,ERR,ERR,ERR,ERR,ERR,ERR,ERR,ERR,ERR,ERR,ERR,ERR,ERR,ERR,ERR,ERR,ERR,ERR,ERR,ERR,ERR,ERR,ERR,ERR,ERR,ERR,ERR,ERR,ERR,ERR,ERR,ERR,ERR,ERR,ERR,ERR,ERR,ERR,ERR,ERR,ERR,ERR,ERR,ERR,ERR,ERR,ERR,ERR,ERR,ERR,ERR,ERR,ERR,ERR,ERR,50.0,60.0,100,0.0,0.0,0.0,0.0,0.0,0.0,0.0,0.0,0.0,0.0,0.0,0.0,0.0,0.0,0.0,0.0,61.6,73,14,65512,50,65476,0,300,0,0,8,20529,65476,0,0,26214,60.0,0.0,0.0,0.0,0.0,0.0
2026-05-17T18:34:52,ERR,ERR,ERR,ERR,ERR,ERR,ERR,ERR,ERR,ERR,ERR,ERR,ERR,ERR,ERR,ERR,ERR,ERR,ERR,ERR,ERR,ERR,ERR,ERR,ERR,ERR,ERR,ERR,ERR,ERR,ERR,ERR,ERR,ERR,ERR,ERR,ERR,ERR,ERR,ERR,ERR,ERR,ERR,ERR,ERR,ERR,ERR,ERR,ERR,ERR,ERR,ERR,ERR,ERR,ERR,ERR,ERR,ERR,ERR,ERR,ERR,ERR,ERR,ERR,ERR,ERR,ERR,ERR,ERR,ERR,ERR,ERR,ERR,ERR,ERR,ERR,ERR,ERR,ERR,ERR,ERR,ERR,ERR,ERR,ERR,ERR,ERR,ERR,ERR,ERR,ERR,ERR,ERR,ERR,ERR,ERR,ERR,ERR,ERR,ERR,ERR,ERR,ERR,ERR,ERR,ERR,ERR,ERR,ERR,ERR,ERR,ERR,ERR,ERR,ERR,ERR,ERR,ERR,ERR,ERR,ERR,ERR,ERR,ERR,ERR,0.0,0.0,0.0,0.0,0.0,1.3936040501711995e+18,7.805,0.0,0,0,4,0,8422,0.0,45,0.0,0.0,0.0,0.0,0.0,0,0,0,0,0.0,0,0,0,0,0,0,0,0,0,0,0,0,0,0,0,0,0,0,0,0,0,0,0,0,0,0,0,0,0,0,0,0,0,38,14,7,45,65476,0,300,0,0,8,21553,0.0,-107605600.0,0.0,0.0,0.0,0.0,0.0,0.0,0.0,0.0,0.0,0.0,0.0,0.0,0.0,0.0,0.0,0.0,0.0,0.0,0.0,0.0,0.0,2.004,-0.0,0.0,0.0,0.0,0.0,0.0,5048.0,1.5879295420089355e+29,0.0,0.0,0.0,-107615280.0,2.718429300292151e+23,0.0,0.0,0.0,0.0,53,-0.0,-0.0,0.0,0.0,0.0,0.0,0.0,0.0,0.0,0,0,0,0.0,0.0,0.0,0.0,0.0,0.0,0.0,0.0,0.0,0.0,0.0,0.0,0.0,0.0,0.0,0.0,0,-107875648.0,53,0.0,106,-107614832.0,0.0,ERR,ERR,ERR,ERR,ERR,ERR,ERR,ERR,ERR,ERR,ERR,ERR,ERR,ERR,ERR,ERR,ERR,ERR,ERR,ERR,ERR,ERR,ERR,ERR,ERR,ERR,ERR,ERR,ERR,ERR,ERR,ERR,ERR,ERR,ERR,ERR,ERR,ERR,ERR,ERR,ERR,ERR,ERR,ERR,ERR,ERR,ERR,ERR,ERR,ERR,ERR,ERR,ERR,ERR,ERR,ERR,ERR,ERR,ERR,ERR,ERR,ERR,ERR,ERR,ERR,ERR,ERR,50.0,60.0,100,0.0,0.0,0.0,0.0,0.0,0.0,0.0,0.0,0.0,0.0,0.0,0.0,0.0,0.0,0.0,0.0,61.6,73,14,65512,50,65476,0,300,0,0,8,20529,65476,0,0,26214,60.0,0.0,0.0,0.0,0.0,0.0
2026-05-17T18:34:53,ERR,ERR,ERR,ERR,ERR,ERR,ERR,ERR,ERR,ERR,ERR,ERR,ERR,ERR,ERR,ERR,ERR,ERR,ERR,ERR,ERR,ERR,ERR,ERR,ERR,ERR,ERR,ERR,ERR,ERR,ERR,ERR,ERR,ERR,ERR,ERR,ERR,ERR,ERR,ERR,ERR,ERR,ERR,ERR,ERR,ERR,ERR,ERR,ERR,ERR,ERR,ERR,ERR,ERR,ERR,ERR,ERR,ERR,ERR,ERR,ERR,ERR,ERR,ERR,ERR,ERR,ERR,ERR,ERR,ERR,ERR,ERR,ERR,ERR,ERR,ERR,ERR,ERR,ERR,ERR,ERR,ERR,ERR,ERR,ERR,ERR,ERR,ERR,ERR,ERR,ERR,ERR,ERR,ERR,ERR,ERR,ERR,ERR,ERR,ERR,ERR,ERR,ERR,ERR,ERR,ERR,ERR,ERR,ERR,ERR,ERR,ERR,ERR,ERR,ERR,ERR,ERR,ERR,ERR,ERR,ERR,ERR,ERR,ERR,ERR,0.0,0.0,0.0,0.0,0.0,1.3936040501711995e+18,7.805,0.0,0,0,4,0,8422,0.0,45,0.0,0.0,0.0,0.0,0.0,0,0,0,0,0.0,0,0,0,0,0,0,0,0,0,0,0,0,0,0,0,0,0,0,0,0,0,0,0,0,0,0,0,0,0,0,0,0,0,38,14,7,45,65476,0,300,0,0,8,21553,0.0,-107605600.0,0.0,0.0,0.0,0.0,0.0,0.0,0.0,0.0,0.0,0.0,0.0,0.0,0.0,0.0,0.0,0.0,0.0,0.0,0.0,0.0,0.0,2.004,-0.0,0.0,0.0,0.0,0.0,0.0,5049.0,-0.0,0.0,0.0,0.0,-107615280.0,2.718429300292151e+23,0.0,0.0,0.0,0.0,53,-0.0,-0.0,0.0,0.0,0.0,0.0,0.0,0.0,0.0,0,0,0,0.0,0.0,0.0,0.0,0.0,0.0,0.0,0.0,0.0,0.0,0.0,0.0,0.0,0.0,0.0,0.0,0,-107875648.0,53,0.0,106,-107614832.0,0.0,ERR,ERR,ERR,ERR,ERR,ERR,ERR,ERR,ERR,ERR,ERR,ERR,ERR,ERR,ERR,ERR,ERR,ERR,ERR,ERR,ERR,ERR,ERR,ERR,ERR,ERR,ERR,ERR,ERR,ERR,ERR,ERR,ERR,ERR,ERR,ERR,ERR,ERR,ERR,ERR,ERR,ERR,ERR,ERR,ERR,ERR,ERR,ERR,ERR,ERR,ERR,ERR,ERR,ERR,ERR,ERR,ERR,ERR,ERR,ERR,ERR,ERR,ERR,ERR,ERR,ERR,ERR,50.0,60.0,100,0.0,0.0,0.0,0.0,0.0,0.0,0.0,0.0,0.0,0.0,0.0,0.0,0.0,0.0,0.0,0.0,61.6,73,14,65512,50,65476,0,300,0,0,8,20529,65476,0,0,26214,60.0,0.0,0.0,0.0,0.0,0.0
2026-05-17T18:34:54,ERR,ERR,ERR,ERR,ERR,ERR,ERR,ERR,ERR,ERR,ERR,ERR,ERR,ERR,ERR,ERR,ERR,ERR,ERR,ERR,ERR,ERR,ERR,ERR,ERR,ERR,ERR,ERR,ERR,ERR,ERR,ERR,ERR,ERR,ERR,ERR,ERR,ERR,ERR,ERR,ERR,ERR,ERR,ERR,ERR,ERR,ERR,ERR,ERR,ERR,ERR,ERR,ERR,ERR,ERR,ERR,ERR,ERR,ERR,ERR,ERR,ERR,ERR,ERR,ERR,ERR,ERR,ERR,ERR,ERR,ERR,ERR,ERR,ERR,ERR,ERR,ERR,ERR,ERR,ERR,ERR,ERR,ERR,ERR,ERR,ERR,ERR,ERR,ERR,ERR,ERR,ERR,ERR,ERR,ERR,ERR,ERR,ERR,ERR,ERR,ERR,ERR,ERR,ERR,ERR,ERR,ERR,ERR,ERR,ERR,ERR,ERR,ERR,ERR,ERR,ERR,ERR,ERR,ERR,ERR,ERR,ERR,ERR,ERR,ERR,0.0,0.0,0.0,0.0,0.0,1.3936040501711995e+18,7.805,0.0,0,0,4,0,8422,0.0,45,0.0,0.0,0.0,0.0,0.0,0,0,0,0,0.0,0,0,0,0,0,0,0,0,0,0,0,0,0,0,0,0,0,0,0,0,0,0,0,0,0,0,0,0,0,0,0,0,0,38,14,7,45,65476,0,300,0,0,8,21553,0.0,-107605600.0,0.0,0.0,0.0,0.0,0.0,0.0,0.0,0.0,0.0,0.0,0.0,0.0,0.0,0.0,0.0,0.0,0.0,0.0,0.0,0.0,0.0,2.004,-0.0,0.0,0.0,0.0,0.0,0.0,5049.0,-0.0,0.0,0.0,0.0,-107615280.0,2.718429300292151e+23,0.0,0.0,0.0,0.0,53,-0.0,-0.0,0.0,0.0,0.0,0.0,0.0,0.0,0.0,0,0,0,0.0,0.0,0.0,0.0,0.0,0.0,0.0,0.0,0.0,0.0,0.0,0.0,0.0,0.0,0.0,0.0,0,-107875648.0,53,0.0,106,-107614832.0,0.0,ERR,ERR,ERR,ERR,ERR,ERR,ERR,ERR,ERR,ERR,ERR,ERR,ERR,ERR,ERR,ERR,ERR,ERR,ERR,ERR,ERR,ERR,ERR,ERR,ERR,ERR,ERR,ERR,ERR,ERR,ERR,ERR,ERR,ERR,ERR,ERR,ERR,ERR,ERR,ERR,ERR,ERR,ERR,ERR,ERR,ERR,ERR,ERR,ERR,ERR,ERR,ERR,ERR,ERR,ERR,ERR,ERR,ERR,ERR,ERR,ERR,ERR,ERR,ERR,ERR,ERR,ERR,50.0,60.0,100,0.0,0.0,0.0,0.0,0.0,0.0,0.0,0.0,0.0,0.0,0.0,0.0,0.0,0.0,0.0,0.0,61.6,73,14,65512,50,65476,0,300,0,0,8,20529,65476,0,0,26214,60.0,0.0,0.0,0.0,0.0,0.0
2026-05-17T18:34:55,ERR,ERR,ERR,ERR,ERR,ERR,ERR,ERR,ERR,ERR,ERR,ERR,ERR,ERR,ERR,ERR,ERR,ERR,ERR,ERR,ERR,ERR,ERR,ERR,ERR,ERR,ERR,ERR,ERR,ERR,ERR,ERR,ERR,ERR,ERR,ERR,ERR,ERR,ERR,ERR,ERR,ERR,ERR,ERR,ERR,ERR,ERR,ERR,ERR,ERR,ERR,ERR,ERR,ERR,ERR,ERR,ERR,ERR,ERR,ERR,ERR,ERR,ERR,ERR,ERR,ERR,ERR,ERR,ERR,ERR,ERR,ERR,ERR,ERR,ERR,ERR,ERR,ERR,ERR,ERR,ERR,ERR,ERR,ERR,ERR,ERR,ERR,ERR,ERR,ERR,ERR,ERR,ERR,ERR,ERR,ERR,ERR,ERR,ERR,ERR,ERR,ERR,ERR,ERR,ERR,ERR,ERR,ERR,ERR,ERR,ERR,ERR,ERR,ERR,ERR,ERR,ERR,ERR,ERR,ERR,ERR,ERR,ERR,ERR,ERR,0.0,0.0,0.0,0.0,0.0,1.3936040501711995e+18,7.805,0.0,0,0,4,0,8422,0.0,45,0.0,0.0,0.0,0.0,0.0,0,0,0,0,0.0,0,0,0,0,0,0,0,0,0,0,0,0,0,0,0,0,0,0,0,0,0,0,0,0,0,0,0,0,0,0,0,0,0,38,14,7,45,65476,0,300,0,0,8,21553,0.0,-107605600.0,0.0,0.0,0.0,0.0,0.0,0.0,0.0,0.0,0.0,0.0,0.0,0.0,0.0,0.0,0.0,0.0,0.0,0.0,0.0,0.0,0.0,2.004,-0.0,0.0,0.0,0.0,0.0,0.0,5049.0,-0.0,0.0,0.0,0.0,-107615280.0,2.718429300292151e+23,0.0,0.0,0.0,0.0,53,-0.0,-0.0,0.0,0.0,0.0,0.0,0.0,0.0,0.0,0,0,0,0.0,0.0,0.0,0.0,0.0,0.0,0.0,0.0,0.0,0.0,0.0,0.0,0.0,0.0,0.0,0.0,0,-107875648.0,53,0.0,106,-107614832.0,0.0,ERR,ERR,ERR,ERR,ERR,ERR,ERR,ERR,ERR,ERR,ERR,ERR,ERR,ERR,ERR,ERR,ERR,ERR,ERR,ERR,ERR,ERR,ERR,ERR,ERR,ERR,ERR,ERR,ERR,ERR,ERR,ERR,ERR,ERR,ERR,ERR,ERR,ERR,ERR,ERR,ERR,ERR,ERR,ERR,ERR,ERR,ERR,ERR,ERR,ERR,ERR,ERR,ERR,ERR,ERR,ERR,ERR,ERR,ERR,ERR,ERR,ERR,ERR,ERR,ERR,ERR,ERR,50.0,60.0,100,0.0,0.0,0.0,0.0,0.0,0.0,0.0,0.0,0.0,0.0,0.0,0.0,0.0,0.0,0.0,0.0,61.6,73,14,65512,50,65476,0,300,0,0,8,20529,65476,0,0,26214,60.0,0.0,0.0,0.0,0.0,0.0
2026-05-17T18:34:56,ERR,ERR,ERR,ERR,ERR,ERR,ERR,ERR,ERR,ERR,ERR,ERR,ERR,ERR,ERR,ERR,ERR,ERR,ERR,ERR,ERR,ERR,ERR,ERR,ERR,ERR,ERR,ERR,ERR,ERR,ERR,ERR,ERR,ERR,ERR,ERR,ERR,ERR,ERR,ERR,ERR,ERR,ERR,ERR,ERR,ERR,ERR,ERR,ERR,ERR,ERR,ERR,ERR,ERR,ERR,ERR,ERR,ERR,ERR,ERR,ERR,ERR,ERR,ERR,ERR,ERR,ERR,ERR,ERR,ERR,ERR,ERR,ERR,ERR,ERR,ERR,ERR,ERR,ERR,ERR,ERR,ERR,ERR,ERR,ERR,ERR,ERR,ERR,ERR,ERR,ERR,ERR,ERR,ERR,ERR,ERR,ERR,ERR,ERR,ERR,ERR,ERR,ERR,ERR,ERR,ERR,ERR,ERR,ERR,ERR,ERR,ERR,ERR,ERR,ERR,ERR,ERR,ERR,ERR,ERR,ERR,ERR,ERR,ERR,ERR,0.0,0.0,0.0,0.0,0.0,1.3936040501711995e+18,7.805,0.0,0,0,4,0,8422,0.0,45,0.0,0.0,0.0,0.0,0.0,0,0,0,0,0.0,0,0,0,0,0,0,0,0,0,0,0,0,0,0,0,0,0,0,0,0,0,0,0,0,0,0,0,0,0,0,0,0,0,38,14,7,45,65476,0,300,0,0,8,21553,0.0,-107605600.0,0.0,0.0,0.0,0.0,0.0,0.0,0.0,0.0,0.0,0.0,0.0,0.0,0.0,0.0,0.0,0.0,0.0,0.0,0.0,0.0,0.0,2.004,-0.0,0.0,0.0,0.0,0.0,0.0,5049.0,-0.0,0.0,0.0,0.0,-107615280.0,2.718429300292151e+23,0.0,0.0,0.0,0.0,53,-0.0,-0.0,0.0,0.0,0.0,0.0,0.0,0.0,0.0,0,0,0,0.0,0.0,0.0,0.0,0.0,0.0,0.0,0.0,0.0,0.0,0.0,0.0,0.0,0.0,0.0,0.0,0,-107875648.0,53,0.0,106,-107614832.0,0.0,ERR,ERR,ERR,ERR,ERR,ERR,ERR,ERR,ERR,ERR,ERR,ERR,ERR,ERR,ERR,ERR,ERR,ERR,ERR,ERR,ERR,ERR,ERR,ERR,ERR,ERR,ERR,ERR,ERR,ERR,ERR,ERR,ERR,ERR,ERR,ERR,ERR,ERR,ERR,ERR,ERR,ERR,ERR,ERR,ERR,ERR,ERR,ERR,ERR,ERR,ERR,ERR,ERR,ERR,ERR,ERR,ERR,ERR,ERR,ERR,ERR,ERR,ERR,ERR,ERR,ERR,ERR,50.0,60.0,100,0.0,0.0,0.0,0.0,0.0,0.0,0.0,0.0,0.0,0.0,0.0,0.0,0.0,0.0,0.0,0.0,61.6,73,14,65513,50,65476,0,300,0,0,8,20529,65476,0,0,26214,60.0,0.0,0.0,0.0,0.0,0.0
2026-05-17T18:34:57,ERR,ERR,ERR,ERR,ERR,ERR,ERR,ERR,ERR,ERR,ERR,ERR,ERR,ERR,ERR,ERR,ERR,ERR,ERR,ERR,ERR,ERR,ERR,ERR,ERR,ERR,ERR,ERR,ERR,ERR,ERR,ERR,ERR,ERR,ERR,ERR,ERR,ERR,ERR,ERR,ERR,ERR,ERR,ERR,ERR,ERR,ERR,ERR,ERR,ERR,ERR,ERR,ERR,ERR,ERR,ERR,ERR,ERR,ERR,ERR,ERR,ERR,ERR,ERR,ERR,ERR,ERR,ERR,ERR,ERR,ERR,ERR,ERR,ERR,ERR,ERR,ERR,ERR,ERR,ERR,ERR,ERR,ERR,ERR,ERR,ERR,ERR,ERR,ERR,ERR,ERR,ERR,ERR,ERR,ERR,ERR,ERR,ERR,ERR,ERR,ERR,ERR,ERR,ERR,ERR,ERR,ERR,ERR,ERR,ERR,ERR,ERR,ERR,ERR,ERR,ERR,ERR,ERR,ERR,ERR,ERR,ERR,ERR,ERR,ERR,0.0,0.0,0.0,0.0,0.0,1.3936040501711995e+18,7.805,0.0,0,0,4,0,8422,0.0,45,0.0,0.0,0.0,0.0,0.0,0,0,0,0,0.0,0,0,0,0,0,0,0,0,0,0,0,0,0,0,0,0,0,0,0,0,0,0,0,0,0,0,0,0,0,0,0,0,0,38,14,7,45,65476,0,300,0,0,8,21553,0.0,-107605600.0,0.0,0.0,0.0,0.0,0.0,0.0,0.0,0.0,0.0,0.0,0.0,0.0,0.0,0.0,0.0,0.0,0.0,0.0,0.0,0.0,0.0,2.004,-0.0,0.0,0.0,0.0,0.0,0.0,5049.0,-0.0,0.0,0.0,0.0,-107615280.0,2.718429300292151e+23,0.0,0.0,0.0,0.0,53,-0.0,-0.0,0.0,0.0,0.0,0.0,0.0,0.0,0.0,0,0,0,0.0,0.0,0.0,0.0,0.0,0.0,0.0,0.0,0.0,0.0,0.0,0.0,0.0,0.0,0.0,0.0,0,-107875648.0,53,0.0,106,-107614832.0,0.0,ERR,ERR,ERR,ERR,ERR,ERR,ERR,ERR,ERR,ERR,ERR,ERR,ERR,ERR,ERR,ERR,ERR,ERR,ERR,ERR,ERR,ERR,ERR,ERR,ERR,ERR,ERR,ERR,ERR,ERR,ERR,ERR,ERR,ERR,ERR,ERR,ERR,ERR,ERR,ERR,ERR,ERR,ERR,ERR,ERR,ERR,ERR,ERR,ERR,ERR,ERR,ERR,ERR,ERR,ERR,ERR,ERR,ERR,ERR,ERR,ERR,ERR,ERR,ERR,ERR,ERR,ERR,50.0,60.0,100,0.0,0.0,0.0,0.0,0.0,0.0,0.0,0.0,0.0,0.0,0.0,0.0,0.0,0.0,0.0,0.0,61.6,73,14,65513,50,65476,0,300,0,0,8,20529,65476,0,0,26214,60.0,0.0,0.0,0.0,0.0,0.0
2026-05-17T18:34:58,ERR,ERR,ERR,ERR,ERR,ERR,ERR,ERR,ERR,ERR,ERR,ERR,ERR,ERR,ERR,ERR,ERR,ERR,ERR,ERR,ERR,ERR,ERR,ERR,ERR,ERR,ERR,ERR,ERR,ERR,ERR,ERR,ERR,ERR,ERR,ERR,ERR,ERR,ERR,ERR,ERR,ERR,ERR,ERR,ERR,ERR,ERR,ERR,ERR,ERR,ERR,ERR,ERR,ERR,ERR,ERR,ERR,ERR,ERR,ERR,ERR,ERR,ERR,ERR,ERR,ERR,ERR,ERR,ERR,ERR,ERR,ERR,ERR,ERR,ERR,ERR,ERR,ERR,ERR,ERR,ERR,ERR,ERR,ERR,ERR,ERR,ERR,ERR,ERR,ERR,ERR,ERR,ERR,ERR,ERR,ERR,ERR,ERR,ERR,ERR,ERR,ERR,ERR,ERR,ERR,ERR,ERR,ERR,ERR,ERR,ERR,ERR,ERR,ERR,ERR,ERR,ERR,ERR,ERR,ERR,ERR,ERR,ERR,ERR,ERR,0.0,0.0,0.0,0.0,0.0,1.3936040501711995e+18,7.805,0.0,0,0,4,0,8422,0.0,45,0.0,0.0,0.0,0.0,0.0,0,0,0,0,0.0,0,0,0,0,0,0,0,0,0,0,0,0,0,0,0,0,0,0,0,0,0,0,0,0,0,0,0,0,0,0,0,0,0,38,14,7,45,65476,0,300,0,0,8,21553,0.0,-107605600.0,0.0,0.0,0.0,0.0,0.0,0.0,0.0,0.0,0.0,0.0,0.0,0.0,0.0,0.0,0.0,0.0,0.0,0.0,0.0,0.0,0.0,2.004,-0.0,0.0,0.0,0.0,0.0,0.0,5046.0,-0.0,0.0,0.0,0.0,-107615280.0,2.718429300292151e+23,0.0,0.0,0.0,0.0,53,-0.0,-0.0,0.0,0.0,0.0,0.0,0.0,0.0,0.0,0,0,0,0.0,0.0,0.0,0.0,0.0,0.0,0.0,0.0,0.0,0.0,0.0,0.0,0.0,0.0,0.0,0.0,0,-107875648.0,53,0.0,106,-107614832.0,0.0,ERR,ERR,ERR,ERR,ERR,ERR,ERR,ERR,ERR,ERR,ERR,ERR,ERR,ERR,ERR,ERR,ERR,ERR,ERR,ERR,ERR,ERR,ERR,ERR,ERR,ERR,ERR,ERR,ERR,ERR,ERR,ERR,ERR,ERR,ERR,ERR,ERR,ERR,ERR,ERR,ERR,ERR,ERR,ERR,ERR,ERR,ERR,ERR,ERR,ERR,ERR,ERR,ERR,ERR,ERR,ERR,ERR,ERR,ERR,ERR,ERR,ERR,ERR,ERR,ERR,ERR,ERR,50.0,60.0,100,0.0,0.0,0.0,0.0,0.0,0.0,0.0,0.0,0.0,0.0,0.0,0.0,0.0,0.0,0.0,0.0,61.6,73,14,65513,50,65476,0,300,0,0,8,20529,65476,0,0,26214,60.0,0.0,0.0,0.0,0.0,0.0
2026-05-17T18:34:59,ERR,ERR,ERR,ERR,ERR,ERR,ERR,ERR,ERR,ERR,ERR,ERR,ERR,ERR,ERR,ERR,ERR,ERR,ERR,ERR,ERR,ERR,ERR,ERR,ERR,ERR,ERR,ERR,ERR,ERR,ERR,ERR,ERR,ERR,ERR,ERR,ERR,ERR,ERR,ERR,ERR,ERR,ERR,ERR,ERR,ERR,ERR,ERR,ERR,ERR,ERR,ERR,ERR,ERR,ERR,ERR,ERR,ERR,ERR,ERR,ERR,ERR,ERR,ERR,ERR,ERR,ERR,ERR,ERR,ERR,ERR,ERR,ERR,ERR,ERR,ERR,ERR,ERR,ERR,ERR,ERR,ERR,ERR,ERR,ERR,ERR,ERR,ERR,ERR,ERR,ERR,ERR,ERR,ERR,ERR,ERR,ERR,ERR,ERR,ERR,ERR,ERR,ERR,ERR,ERR,ERR,ERR,ERR,ERR,ERR,ERR,ERR,ERR,ERR,ERR,ERR,ERR,ERR,ERR,ERR,ERR,ERR,ERR,ERR,ERR,0.0,0.0,0.0,0.0,0.0,1.3936040501711995e+18,7.805,0.0,0,0,4,0,8422,0.0,45,0.0,0.0,0.0,0.0,0.0,0,0,0,0,0.0,0,0,0,0,0,0,0,0,0,0,0,0,0,0,0,0,0,0,0,0,0,0,0,0,0,0,0,0,0,0,0,0,0,38,14,7,45,65476,0,300,0,0,8,21553,0.0,-107605600.0,0.0,0.0,0.0,0.0,0.0,0.0,0.0,0.0,0.0,0.0,0.0,0.0,0.0,0.0,0.0,0.0,0.0,0.0,0.0,0.0,0.0,2.004,-0.0,0.0,0.0,0.0,0.0,0.0,5046.0,-0.0,0.0,0.0,0.0,-107615280.0,2.718429300292151e+23,0.0,0.0,0.0,0.0,53,-0.0,-0.0,0.0,0.0,0.0,0.0,0.0,0.0,0.0,0,0,0,0.0,0.0,0.0,0.0,0.0,0.0,0.0,0.0,0.0,0.0,0.0,0.0,0.0,0.0,0.0,0.0,0,-107875648.0,53,0.0,106,-107614832.0,0.0,ERR,ERR,ERR,ERR,ERR,ERR,ERR,ERR,ERR,ERR,ERR,ERR,ERR,ERR,ERR,ERR,ERR,ERR,ERR,ERR,ERR,ERR,ERR,ERR,ERR,ERR,ERR,ERR,ERR,ERR,ERR,ERR,ERR,ERR,ERR,ERR,ERR,ERR,ERR,ERR,ERR,ERR,ERR,ERR,ERR,ERR,ERR,ERR,ERR,ERR,ERR,ERR,ERR,ERR,ERR,ERR,ERR,ERR,ERR,ERR,ERR,ERR,ERR,ERR,ERR,ERR,ERR,50.0,60.0,100,0.0,0.0,0.0,0.0,0.0,0.0,0.0,0.0,0.0,0.0,0.0,0.0,0.0,0.0,0.0,0.0,61.6,73,14,65513,50,65476,0,300,0,0,8,20529,65476,0,0,26214,60.0,0.0,0.0,0.0,0.0,0.0
2026-05-17T18:35:00,ERR,ERR,ERR,ERR,ERR,ERR,ERR,ERR,ERR,ERR,ERR,ERR,ERR,ERR,ERR,ERR,ERR,ERR,ERR,ERR,ERR,ERR,ERR,ERR,ERR,ERR,ERR,ERR,ERR,ERR,ERR,ERR,ERR,ERR,ERR,ERR,ERR,ERR,ERR,ERR,ERR,ERR,ERR,ERR,ERR,ERR,ERR,ERR,ERR,ERR,ERR,ERR,ERR,ERR,ERR,ERR,ERR,ERR,ERR,ERR,ERR,ERR,ERR,ERR,ERR,ERR,ERR,ERR,ERR,ERR,ERR,ERR,ERR,ERR,ERR,ERR,ERR,ERR,ERR,ERR,ERR,ERR,ERR,ERR,ERR,ERR,ERR,ERR,ERR,ERR,ERR,ERR,ERR,ERR,ERR,ERR,ERR,ERR,ERR,ERR,ERR,ERR,ERR,ERR,ERR,ERR,ERR,ERR,ERR,ERR,ERR,ERR,ERR,ERR,ERR,ERR,ERR,ERR,ERR,ERR,ERR,ERR,ERR,ERR,ERR,0.0,0.0,0.0,0.0,0.0,1.3936040501711995e+18,7.805,0.0,0,0,4,0,8422,0.0,45,0.0,0.0,0.0,0.0,0.0,0,0,0,0,0.0,0,0,0,0,0,0,0,0,0,0,0,0,0,0,0,0,0,0,0,0,0,0,0,0,0,0,0,0,0,0,0,0,0,38,14,7,45,65476,0,300,0,0,8,21553,0.0,-107605600.0,0.0,0.0,0.0,0.0,0.0,0.0,0.0,0.0,0.0,0.0,0.0,0.0,0.0,0.0,0.0,0.0,0.0,0.0,0.0,0.0,0.0,2.004,-0.0,0.0,0.0,0.0,0.0,0.0,5046.0,-0.0,0.0,0.0,0.0,-107615280.0,2.718429300292151e+23,0.0,0.0,0.0,0.0,53,-0.0,-0.0,0.0,0.0,0.0,0.0,0.0,0.0,0.0,0,0,0,0.0,0.0,0.0,0.0,0.0,0.0,0.0,0.0,0.0,0.0,0.0,0.0,0.0,0.0,0.0,0.0,0,-107875648.0,53,0.0,106,-107614832.0,0.0,ERR,ERR,ERR,ERR,ERR,ERR,ERR,ERR,ERR,ERR,ERR,ERR,ERR,ERR,ERR,ERR,ERR,ERR,ERR,ERR,ERR,ERR,ERR,ERR,ERR,ERR,ERR,ERR,ERR,ERR,ERR,ERR,ERR,ERR,ERR,ERR,ERR,ERR,ERR,ERR,ERR,ERR,ERR,ERR,ERR,ERR,ERR,ERR,ERR,ERR,ERR,ERR,ERR,ERR,ERR,ERR,ERR,ERR,ERR,ERR,ERR,ERR,ERR,ERR,ERR,ERR,ERR,50.0,60.0,100,0.0,0.0,0.0,0.0,0.0,0.0,0.0,0.0,0.0,0.0,0.0,0.0,0.0,0.0,0.0,0.0,61.6,73,14,65513,50,65476,0,300,0,0,8,20529,65476,0,0,26214,60.0,0.0,0.0,0.0,0.0,0.0
2026-05-17T18:35:01,ERR,ERR,ERR,ERR,ERR,ERR,ERR,ERR,ERR,ERR,ERR,ERR,ERR,ERR,ERR,ERR,ERR,ERR,ERR,ERR,ERR,ERR,ERR,ERR,ERR,ERR,ERR,ERR,ERR,ERR,ERR,ERR,ERR,ERR,ERR,ERR,ERR,ERR,ERR,ERR,ERR,ERR,ERR,ERR,ERR,ERR,ERR,ERR,ERR,ERR,ERR,ERR,ERR,ERR,ERR,ERR,ERR,ERR,ERR,ERR,ERR,ERR,ERR,ERR,ERR,ERR,ERR,ERR,ERR,ERR,ERR,ERR,ERR,ERR,ERR,ERR,ERR,ERR,ERR,ERR,ERR,ERR,ERR,ERR,ERR,ERR,ERR,ERR,ERR,ERR,ERR,ERR,ERR,ERR,ERR,ERR,ERR,ERR,ERR,ERR,ERR,ERR,ERR,ERR,ERR,ERR,ERR,ERR,ERR,ERR,ERR,ERR,ERR,ERR,ERR,ERR,ERR,ERR,ERR,ERR,ERR,ERR,ERR,ERR,ERR,0.0,0.0,0.0,0.0,0.0,1.3936040501711995e+18,7.805,0.0,0,0,4,0,8422,0.0,45,0.0,0.0,0.0,0.0,0.0,0,0,0,0,0.0,0,0,0,0,0,0,0,0,0,0,0,0,0,0,0,0,0,0,0,0,0,0,0,0,0,0,0,0,0,0,0,0,0,38,14,7,45,65476,0,300,0,0,8,21553,0.0,-107605600.0,0.0,0.0,0.0,0.0,0.0,0.0,0.0,0.0,0.0,0.0,0.0,0.0,0.0,0.0,0.0,0.0,0.0,0.0,0.0,0.0,0.0,2.004,-0.0,0.0,0.0,0.0,0.0,0.0,5046.0,-0.0,0.0,0.0,0.0,-107615280.0,2.718429300292151e+23,0.0,0.0,0.0,0.0,53,-0.0,-0.0,0.0,0.0,0.0,0.0,0.0,0.0,0.0,0,0,0,0.0,0.0,0.0,0.0,0.0,0.0,0.0,0.0,0.0,0.0,0.0,0.0,0.0,0.0,0.0,0.0,0,-107875648.0,53,0.0,106,-107614832.0,0.0,ERR,ERR,ERR,ERR,ERR,ERR,ERR,ERR,ERR,ERR,ERR,ERR,ERR,ERR,ERR,ERR,ERR,ERR,ERR,ERR,ERR,ERR,ERR,ERR,ERR,ERR,ERR,ERR,ERR,ERR,ERR,ERR,ERR,ERR,ERR,ERR,ERR,ERR,ERR,ERR,ERR,ERR,ERR,ERR,ERR,ERR,ERR,ERR,ERR,ERR,ERR,ERR,ERR,ERR,ERR,ERR,ERR,ERR,ERR,ERR,ERR,ERR,ERR,ERR,ERR,ERR,ERR,50.0,60.0,100,0.0,0.0,0.0,0.0,0.0,0.0,0.0,0.0,0.0,0.0,0.0,0.0,0.0,0.0,0.0,0.0,61.6,73,14,65513,50,65476,0,300,0,0,8,20529,65476,0,0,26214,60.0,0.0,0.0,0.0,0.0,0.0
2026-05-17T18:35:02,ERR,ERR,ERR,ERR,ERR,ERR,ERR,ERR,ERR,ERR,ERR,ERR,ERR,ERR,ERR,ERR,ERR,ERR,ERR,ERR,ERR,ERR,ERR,ERR,ERR,ERR,ERR,ERR,ERR,ERR,ERR,ERR,ERR,ERR,ERR,ERR,ERR,ERR,ERR,ERR,ERR,ERR,ERR,ERR,ERR,ERR,ERR,ERR,ERR,ERR,ERR,ERR,ERR,ERR,ERR,ERR,ERR,ERR,ERR,ERR,ERR,ERR,ERR,ERR,ERR,ERR,ERR,ERR,ERR,ERR,ERR,ERR,ERR,ERR,ERR,ERR,ERR,ERR,ERR,ERR,ERR,ERR,ERR,ERR,ERR,ERR,ERR,ERR,ERR,ERR,ERR,ERR,ERR,ERR,ERR,ERR,ERR,ERR,ERR,ERR,ERR,ERR,ERR,ERR,ERR,ERR,ERR,ERR,ERR,ERR,ERR,ERR,ERR,ERR,ERR,ERR,ERR,ERR,ERR,ERR,ERR,ERR,ERR,ERR,ERR,0.0,0.0,0.0,0.0,0.0,1.3936040501711995e+18,7.805,0.0,0,0,4,0,8422,0.0,45,0.0,0.0,0.0,0.0,0.0,0,0,0,0,0.0,0,0,0,0,0,0,0,0,0,0,0,0,0,0,0,0,0,0,0,0,0,0,0,0,0,0,0,0,0,0,0,0,0,38,14,7,45,65476,0,300,0,0,8,21553,0.0,-107605600.0,0.0,0.0,0.0,0.0,0.0,0.0,0.0,0.0,0.0,0.0,0.0,0.0,0.0,0.0,0.0,0.0,0.0,0.0,0.0,0.0,0.0,2.004,-0.0,0.0,0.0,0.0,0.0,0.0,5046.0,-0.0,0.0,0.0,0.0,-107615280.0,2.718429300292151e+23,0.0,0.0,0.0,0.0,53,-0.0,-0.0,0.0,0.0,0.0,0.0,0.0,0.0,0.0,0,0,0,0.0,0.0,0.0,0.0,0.0,0.0,0.0,0.0,0.0,0.0,0.0,0.0,0.0,0.0,0.0,0.0,0,-107875648.0,53,0.0,106,-107614832.0,0.0,ERR,ERR,ERR,ERR,ERR,ERR,ERR,ERR,ERR,ERR,ERR,ERR,ERR,ERR,ERR,ERR,ERR,ERR,ERR,ERR,ERR,ERR,ERR,ERR,ERR,ERR,ERR,ERR,ERR,ERR,ERR,ERR,ERR,ERR,ERR,ERR,ERR,ERR,ERR,ERR,ERR,ERR,ERR,ERR,ERR,ERR,ERR,ERR,ERR,ERR,ERR,ERR,ERR,ERR,ERR,ERR,ERR,ERR,ERR,ERR,ERR,ERR,ERR,ERR,ERR,ERR,ERR,50.0,60.0,100,0.0,0.0,0.0,0.0,0.0,0.0,0.0,0.0,0.0,0.0,0.0,0.0,0.0,0.0,0.0,0.0,61.6,73,14,65513,50,65476,0,300,0,0,8,20529,65476,0,0,26214,60.0,0.0,0.0,0.0,0.0,0.0
2026-05-17T18:35:03,ERR,ERR,ERR,ERR,ERR,ERR,ERR,ERR,ERR,ERR,ERR,ERR,ERR,ERR,ERR,ERR,ERR,ERR,ERR,ERR,ERR,ERR,ERR,ERR,ERR,ERR,ERR,ERR,ERR,ERR,ERR,ERR,ERR,ERR,ERR,ERR,ERR,ERR,ERR,ERR,ERR,ERR,ERR,ERR,ERR,ERR,ERR,ERR,ERR,ERR,ERR,ERR,ERR,ERR,ERR,ERR,ERR,ERR,ERR,ERR,ERR,ERR,ERR,ERR,ERR,ERR,ERR,ERR,ERR,ERR,ERR,ERR,ERR,ERR,ERR,ERR,ERR,ERR,ERR,ERR,ERR,ERR,ERR,ERR,ERR,ERR,ERR,ERR,ERR,ERR,ERR,ERR,ERR,ERR,ERR,ERR,ERR,ERR,ERR,ERR,ERR,ERR,ERR,ERR,ERR,ERR,ERR,ERR,ERR,ERR,ERR,ERR,ERR,ERR,ERR,ERR,ERR,ERR,ERR,ERR,ERR,ERR,ERR,ERR,ERR,0.0,0.0,0.0,0.0,0.0,1.3936040501711995e+18,7.805,0.0,0,0,4,0,8422,0.0,45,0.0,0.0,0.0,0.0,0.0,0,0,0,0,0.0,0,0,0,0,0,0,0,0,0,0,0,0,0,0,0,0,0,0,0,0,0,0,0,0,0,0,0,0,0,0,0,0,0,38,14,7,45,65476,0,300,0,0,8,21553,0.0,-107605600.0,0.0,0.0,0.0,0.0,0.0,0.0,0.0,0.0,0.0,0.0,0.0,0.0,0.0,0.0,0.0,0.0,0.0,0.0,0.0,0.0,0.0,2.004,-0.0,0.0,0.0,0.0,0.0,0.0,5051.0,0.0,0.0,0.0,0.0,-107615280.0,2.718429300292151e+23,0.0,0.0,0.0,0.0,53,-0.0,0.0,0.0,0.0,0.0,0.0,0.0,0.0,0.0,0,0,0,0.0,0.0,0.0,0.0,0.0,0.0,0.0,0.0,0.0,0.0,0.0,0.0,0.0,0.0,0.0,0.0,0,-107875648.0,53,0.0,106,-107614832.0,0.0,ERR,ERR,ERR,ERR,ERR,ERR,ERR,ERR,ERR,ERR,ERR,ERR,ERR,ERR,ERR,ERR,ERR,ERR,ERR,ERR,ERR,ERR,ERR,ERR,ERR,ERR,ERR,ERR,ERR,ERR,ERR,ERR,ERR,ERR,ERR,ERR,ERR,ERR,ERR,ERR,ERR,ERR,ERR,ERR,ERR,ERR,ERR,ERR,ERR,ERR,ERR,ERR,ERR,ERR,ERR,ERR,ERR,ERR,ERR,ERR,ERR,ERR,ERR,ERR,ERR,ERR,ERR,50.0,60.0,100,0.0,0.0,0.0,0.0,0.0,0.0,0.0,0.0,0.0,0.0,0.0,0.0,0.0,0.0,0.0,0.0,62.0,73,14,65513,50,65476,0,300,0,0,8,20529,65476,0,0,26214,60.0,0.0,0.0,0.0,0.0,0.0
2026-05-17T18:35:04,ERR,ERR,ERR,ERR,ERR,ERR,ERR,ERR,ERR,ERR,ERR,ERR,ERR,ERR,ERR,ERR,ERR,ERR,ERR,ERR,ERR,ERR,ERR,ERR,ERR,ERR,ERR,ERR,ERR,ERR,ERR,ERR,ERR,ERR,ERR,ERR,ERR,ERR,ERR,ERR,ERR,ERR,ERR,ERR,ERR,ERR,ERR,ERR,ERR,ERR,ERR,ERR,ERR,ERR,ERR,ERR,ERR,ERR,ERR,ERR,ERR,ERR,ERR,ERR,ERR,ERR,ERR,ERR,ERR,ERR,ERR,ERR,ERR,ERR,ERR,ERR,ERR,ERR,ERR,ERR,ERR,ERR,ERR,ERR,ERR,ERR,ERR,ERR,ERR,ERR,ERR,ERR,ERR,ERR,ERR,ERR,ERR,ERR,ERR,ERR,ERR,ERR,ERR,ERR,ERR,ERR,ERR,ERR,ERR,ERR,ERR,ERR,ERR,ERR,ERR,ERR,ERR,ERR,ERR,ERR,ERR,ERR,ERR,ERR,ERR,0.0,0.0,0.0,0.0,0.0,1.3936040501711995e+18,7.805,0.0,0,0,4,0,8422,0.0,45,0.0,0.0,0.0,0.0,0.0,0,0,0,0,0.0,0,0,0,0,0,0,0,0,0,0,0,0,0,0,0,0,0,0,0,0,0,0,0,0,0,0,0,0,0,0,0,0,0,38,14,7,45,65476,0,300,0,0,8,21553,0.0,-107605600.0,0.0,0.0,0.0,0.0,0.0,0.0,0.0,0.0,0.0,0.0,0.0,0.0,0.0,0.0,0.0,0.0,0.0,0.0,0.0,0.0,0.0,2.004,-0.0,0.0,0.0,0.0,0.0,0.0,5051.0,0.0,0.0,0.0,0.0,-107615280.0,2.718429300292151e+23,0.0,0.0,0.0,0.0,53,-0.0,0.0,0.0,0.0,0.0,0.0,0.0,0.0,0.0,0,0,0,0.0,0.0,0.0,0.0,0.0,0.0,0.0,0.0,0.0,0.0,0.0,0.0,0.0,0.0,0.0,0.0,0,-107875648.0,53,0.0,106,-107614832.0,0.0,ERR,ERR,ERR,ERR,ERR,ERR,ERR,ERR,ERR,ERR,ERR,ERR,ERR,ERR,ERR,ERR,ERR,ERR,ERR,ERR,ERR,ERR,ERR,ERR,ERR,ERR,ERR,ERR,ERR,ERR,ERR,ERR,ERR,ERR,ERR,ERR,ERR,ERR,ERR,ERR,ERR,ERR,ERR,ERR,ERR,ERR,ERR,ERR,ERR,ERR,ERR,ERR,ERR,ERR,ERR,ERR,ERR,ERR,ERR,ERR,ERR,ERR,ERR,ERR,ERR,ERR,ERR,50.0,60.0,100,0.0,0.0,0.0,0.0,0.0,0.0,0.0,0.0,0.0,0.0,0.0,0.0,0.0,0.0,0.0,0.0,61.6,73,14,65512,50,65476,0,300,0,0,8,20529,65476,0,0,26214,60.0,0.0,0.0,0.0,0.0,0.0
2026-05-17T18:35:05,ERR,ERR,ERR,ERR,ERR,ERR,ERR,ERR,ERR,ERR,ERR,ERR,ERR,ERR,ERR,ERR,ERR,ERR,ERR,ERR,ERR,ERR,ERR,ERR,ERR,ERR,ERR,ERR,ERR,ERR,ERR,ERR,ERR,ERR,ERR,ERR,ERR,ERR,ERR,ERR,ERR,ERR,ERR,ERR,ERR,ERR,ERR,ERR,ERR,ERR,ERR,ERR,ERR,ERR,ERR,ERR,ERR,ERR,ERR,ERR,ERR,ERR,ERR,ERR,ERR,ERR,ERR,ERR,ERR,ERR,ERR,ERR,ERR,ERR,ERR,ERR,ERR,ERR,ERR,ERR,ERR,ERR,ERR,ERR,ERR,ERR,ERR,ERR,ERR,ERR,ERR,ERR,ERR,ERR,ERR,ERR,ERR,ERR,ERR,ERR,ERR,ERR,ERR,ERR,ERR,ERR,ERR,ERR,ERR,ERR,ERR,ERR,ERR,ERR,ERR,ERR,ERR,ERR,ERR,ERR,ERR,ERR,ERR,ERR,ERR,0.0,0.0,0.0,0.0,0.0,1.3936040501711995e+18,7.805,0.0,0,0,4,0,8422,0.0,45,0.0,0.0,0.0,0.0,0.0,0,0,0,0,0.0,0,0,0,0,0,0,0,0,0,0,0,0,0,0,0,0,0,0,0,0,0,0,0,0,0,0,0,0,0,0,0,0,0,38,14,7,45,65476,0,300,0,0,8,21553,0.0,-107605600.0,0.0,0.0,0.0,0.0,0.0,0.0,0.0,0.0,0.0,0.0,0.0,0.0,0.0,0.0,0.0,0.0,0.0,0.0,0.0,0.0,0.0,2.004,-0.0,0.0,0.0,0.0,0.0,0.0,5051.0,0.0,0.0,0.0,0.0,-107615280.0,2.718429300292151e+23,0.0,0.0,0.0,0.0,53,-0.0,0.0,0.0,0.0,0.0,0.0,0.0,0.0,0.0,0,0,0,0.0,0.0,0.0,0.0,0.0,0.0,0.0,0.0,0.0,0.0,0.0,0.0,0.0,0.0,0.0,0.0,0,-107875648.0,53,0.0,106,-107614832.0,0.0,ERR,ERR,ERR,ERR,ERR,ERR,ERR,ERR,ERR,ERR,ERR,ERR,ERR,ERR,ERR,ERR,ERR,ERR,ERR,ERR,ERR,ERR,ERR,ERR,ERR,ERR,ERR,ERR,ERR,ERR,ERR,ERR,ERR,ERR,ERR,ERR,ERR,ERR,ERR,ERR,ERR,ERR,ERR,ERR,ERR,ERR,ERR,ERR,ERR,ERR,ERR,ERR,ERR,ERR,ERR,ERR,ERR,ERR,ERR,ERR,ERR,ERR,ERR,ERR,ERR,ERR,ERR,50.0,60.0,100,0.0,0.0,0.0,0.0,0.0,0.0,0.0,0.0,0.0,0.0,0.0,0.0,0.0,0.0,0.0,0.0,61.6,73,14,65512,50,65476,0,300,0,0,8,20529,65476,0,0,26214,60.0,0.0,0.0,0.0,0.0,0.0
2026-05-17T18:35:06,ERR,ERR,ERR,ERR,ERR,ERR,ERR,ERR,ERR,ERR,ERR,ERR,ERR,ERR,ERR,ERR,ERR,ERR,ERR,ERR,ERR,ERR,ERR,ERR,ERR,ERR,ERR,ERR,ERR,ERR,ERR,ERR,ERR,ERR,ERR,ERR,ERR,ERR,ERR,ERR,ERR,ERR,ERR,ERR,ERR,ERR,ERR,ERR,ERR,ERR,ERR,ERR,ERR,ERR,ERR,ERR,ERR,ERR,ERR,ERR,ERR,ERR,ERR,ERR,ERR,ERR,ERR,ERR,ERR,ERR,ERR,ERR,ERR,ERR,ERR,ERR,ERR,ERR,ERR,ERR,ERR,ERR,ERR,ERR,ERR,ERR,ERR,ERR,ERR,ERR,ERR,ERR,ERR,ERR,ERR,ERR,ERR,ERR,ERR,ERR,ERR,ERR,ERR,ERR,ERR,ERR,ERR,ERR,ERR,ERR,ERR,ERR,ERR,ERR,ERR,ERR,ERR,ERR,ERR,ERR,ERR,ERR,ERR,ERR,ERR,0.0,0.0,0.0,0.0,0.0,1.3936040501711995e+18,7.805,0.0,0,0,4,0,8422,0.0,45,0.0,0.0,0.0,0.0,0.0,0,0,0,0,0.0,0,0,0,0,0,0,0,0,0,0,0,0,0,0,0,0,0,0,0,0,0,0,0,0,0,0,0,0,0,0,0,0,0,38,14,7,45,65476,0,300,0,0,8,21553,0.0,-107605600.0,0.0,0.0,0.0,0.0,0.0,0.0,0.0,0.0,0.0,0.0,0.0,0.0,0.0,0.0,0.0,0.0,0.0,0.0,0.0,0.0,0.0,2.004,-0.0,0.0,0.0,0.0,0.0,0.0,5051.0,0.0,0.0,0.0,0.0,-107615280.0,2.718429300292151e+23,0.0,0.0,0.0,0.0,53,-0.0,0.0,0.0,0.0,0.0,0.0,0.0,0.0,0.0,0,0,0,0.0,0.0,0.0,0.0,0.0,0.0,0.0,0.0,0.0,0.0,0.0,0.0,0.0,0.0,0.0,0.0,0,-107875648.0,53,0.0,106,-107614832.0,0.0,ERR,ERR,ERR,ERR,ERR,ERR,ERR,ERR,ERR,ERR,ERR,ERR,ERR,ERR,ERR,ERR,ERR,ERR,ERR,ERR,ERR,ERR,ERR,ERR,ERR,ERR,ERR,ERR,ERR,ERR,ERR,ERR,ERR,ERR,ERR,ERR,ERR,ERR,ERR,ERR,ERR,ERR,ERR,ERR,ERR,ERR,ERR,ERR,ERR,ERR,ERR,ERR,ERR,ERR,ERR,ERR,ERR,ERR,ERR,ERR,ERR,ERR,ERR,ERR,ERR,ERR,ERR,50.0,60.0,100,0.0,0.0,0.0,0.0,0.0,0.0,0.0,0.0,0.0,0.0,0.0,0.0,0.0,0.0,0.0,0.0,61.6,73,14,65512,50,65476,0,300,0,0,8,20529,65476,0,0,26214,60.0,0.0,0.0,0.0,0.0,0.0
2026-05-17T18:35:07,ERR,ERR,ERR,ERR,ERR,ERR,ERR,ERR,ERR,ERR,ERR,ERR,ERR,ERR,ERR,ERR,ERR,ERR,ERR,ERR,ERR,ERR,ERR,ERR,ERR,ERR,ERR,ERR,ERR,ERR,ERR,ERR,ERR,ERR,ERR,ERR,ERR,ERR,ERR,ERR,ERR,ERR,ERR,ERR,ERR,ERR,ERR,ERR,ERR,ERR,ERR,ERR,ERR,ERR,ERR,ERR,ERR,ERR,ERR,ERR,ERR,ERR,ERR,ERR,ERR,ERR,ERR,ERR,ERR,ERR,ERR,ERR,ERR,ERR,ERR,ERR,ERR,ERR,ERR,ERR,ERR,ERR,ERR,ERR,ERR,ERR,ERR,ERR,ERR,ERR,ERR,ERR,ERR,ERR,ERR,ERR,ERR,ERR,ERR,ERR,ERR,ERR,ERR,ERR,ERR,ERR,ERR,ERR,ERR,ERR,ERR,ERR,ERR,ERR,ERR,ERR,ERR,ERR,ERR,ERR,ERR,ERR,ERR,ERR,ERR,0.0,0.0,0.0,0.0,0.0,1.3936040501711995e+18,7.805,0.0,0,0,4,0,8422,0.0,45,0.0,0.0,0.0,0.0,0.0,0,0,0,0,0.0,0,0,0,0,0,0,0,0,0,0,0,0,0,0,0,0,0,0,0,0,0,0,0,0,0,0,0,0,0,0,0,0,0,38,14,7,45,65476,0,300,0,0,8,21553,0.0,-107605600.0,0.0,0.0,0.0,0.0,0.0,0.0,0.0,0.0,0.0,0.0,0.0,0.0,0.0,0.0,0.0,0.0,0.0,0.0,0.0,0.0,0.0,2.004,-0.0,0.0,0.0,0.0,0.0,0.0,5051.0,0.0,0.0,0.0,0.0,-107615280.0,2.718429300292151e+23,0.0,0.0,0.0,0.0,53,-0.0,0.0,0.0,0.0,0.0,0.0,0.0,0.0,0.0,0,0,0,0.0,0.0,0.0,0.0,0.0,0.0,0.0,0.0,0.0,0.0,0.0,0.0,0.0,0.0,0.0,0.0,0,-107875648.0,53,0.0,106,-107614832.0,0.0,ERR,ERR,ERR,ERR,ERR,ERR,ERR,ERR,ERR,ERR,ERR,ERR,ERR,ERR,ERR,ERR,ERR,ERR,ERR,ERR,ERR,ERR,ERR,ERR,ERR,ERR,ERR,ERR,ERR,ERR,ERR,ERR,ERR,ERR,ERR,ERR,ERR,ERR,ERR,ERR,ERR,ERR,ERR,ERR,ERR,ERR,ERR,ERR,ERR,ERR,ERR,ERR,ERR,ERR,ERR,ERR,ERR,ERR,ERR,ERR,ERR,ERR,ERR,ERR,ERR,ERR,ERR,50.0,60.0,100,0.0,0.0,0.0,0.0,0.0,0.0,0.0,0.0,0.0,0.0,0.0,0.0,0.0,0.0,0.0,0.0,61.6,73,14,65512,50,65476,0,300,0,0,8,20529,65476,0,0,26214,60.0,0.0,0.0,0.0,0.0,0.0
2026-05-17T18:35:08,ERR,ERR,ERR,ERR,ERR,ERR,ERR,ERR,ERR,ERR,ERR,ERR,ERR,ERR,ERR,ERR,ERR,ERR,ERR,ERR,ERR,ERR,ERR,ERR,ERR,ERR,ERR,ERR,ERR,ERR,ERR,ERR,ERR,ERR,ERR,ERR,ERR,ERR,ERR,ERR,ERR,ERR,ERR,ERR,ERR,ERR,ERR,ERR,ERR,ERR,ERR,ERR,ERR,ERR,ERR,ERR,ERR,ERR,ERR,ERR,ERR,ERR,ERR,ERR,ERR,ERR,ERR,ERR,ERR,ERR,ERR,ERR,ERR,ERR,ERR,ERR,ERR,ERR,ERR,ERR,ERR,ERR,ERR,ERR,ERR,ERR,ERR,ERR,ERR,ERR,ERR,ERR,ERR,ERR,ERR,ERR,ERR,ERR,ERR,ERR,ERR,ERR,ERR,ERR,ERR,ERR,ERR,ERR,ERR,ERR,ERR,ERR,ERR,ERR,ERR,ERR,ERR,ERR,ERR,ERR,ERR,ERR,ERR,ERR,ERR,0.0,0.0,0.0,0.0,0.0,1.3936040501711995e+18,7.805,0.0,0,0,4,0,8422,0.0,45,0.0,0.0,0.0,0.0,0.0,0,0,0,0,0.0,0,0,0,0,0,0,0,0,0,0,0,0,0,0,0,0,0,0,0,0,0,0,0,0,0,0,0,0,0,0,0,0,0,38,14,7,45,65476,0,300,0,0,8,21553,0.0,-107605600.0,0.0,0.0,0.0,0.0,0.0,0.0,0.0,0.0,0.0,0.0,0.0,0.0,0.0,0.0,0.0,0.0,0.0,0.0,0.0,0.0,0.0,2.004,-0.0,0.0,0.0,0.0,0.0,0.0,5010.0,-0.0,0.0,0.0,0.0,-107615280.0,2.718429300292151e+23,0.0,0.0,0.0,0.0,53,4.066880103266858e+29,89220.562,0.0,0.0,0.0,0.0,0.0,0.0,0.0,0,0,0,0.0,0.0,0.0,0.0,0.0,0.0,0.0,0.0,0.0,0.0,0.0,0.0,0.0,0.0,0.0,0.0,0,-107875648.0,53,0.0,106,-107614832.0,0.0,ERR,ERR,ERR,ERR,ERR,ERR,ERR,ERR,ERR,ERR,ERR,ERR,ERR,ERR,ERR,ERR,ERR,ERR,ERR,ERR,ERR,ERR,ERR,ERR,ERR,ERR,ERR,ERR,ERR,ERR,ERR,ERR,ERR,ERR,ERR,ERR,ERR,ERR,ERR,ERR,ERR,ERR,ERR,ERR,ERR,ERR,ERR,ERR,ERR,ERR,ERR,ERR,ERR,ERR,ERR,ERR,ERR,ERR,ERR,ERR,ERR,ERR,ERR,ERR,ERR,ERR,ERR,50.0,60.0,100,0.0,0.0,0.0,0.0,0.0,0.0,0.0,0.0,0.0,0.0,0.0,0.0,0.0,0.0,0.0,0.0,61.6,73,14,65512,50,65476,0,300,0,0,8,20529,65476,0,0,26214,60.0,0.0,0.0,0.0,0.0,0.0
2026-05-17T18:35:09,ERR,ERR,ERR,ERR,ERR,ERR,ERR,ERR,ERR,ERR,ERR,ERR,ERR,ERR,ERR,ERR,ERR,ERR,ERR,ERR,ERR,ERR,ERR,ERR,ERR,ERR,ERR,ERR,ERR,ERR,ERR,ERR,ERR,ERR,ERR,ERR,ERR,ERR,ERR,ERR,ERR,ERR,ERR,ERR,ERR,ERR,ERR,ERR,ERR,ERR,ERR,ERR,ERR,ERR,ERR,ERR,ERR,ERR,ERR,ERR,ERR,ERR,ERR,ERR,ERR,ERR,ERR,ERR,ERR,ERR,ERR,ERR,ERR,ERR,ERR,ERR,ERR,ERR,ERR,ERR,ERR,ERR,ERR,ERR,ERR,ERR,ERR,ERR,ERR,ERR,ERR,ERR,ERR,ERR,ERR,ERR,ERR,ERR,ERR,ERR,ERR,ERR,ERR,ERR,ERR,ERR,ERR,ERR,ERR,ERR,ERR,ERR,ERR,ERR,ERR,ERR,ERR,ERR,ERR,ERR,ERR,ERR,ERR,ERR,ERR,0.0,0.0,0.0,0.0,0.0,1.3936040501711995e+18,7.805,0.0,0,0,4,0,8422,0.0,45,0.0,0.0,0.0,0.0,0.0,0,0,0,0,0.0,0,0,0,0,0,0,0,0,0,0,0,0,0,0,0,0,0,0,0,0,0,0,0,0,0,0,0,0,0,0,0,0,0,38,14,7,45,65476,0,300,0,0,8,21553,0.0,-107605600.0,0.0,0.0,0.0,0.0,0.0,0.0,0.0,0.0,0.0,0.0,0.0,0.0,0.0,0.0,0.0,0.0,0.0,0.0,0.0,0.0,0.0,2.004,-0.0,0.0,0.0,0.0,0.0,0.0,5010.0,-0.0,0.0,0.0,0.0,-107615280.0,2.718429300292151e+23,0.0,0.0,0.0,0.0,53,4.066880103266858e+29,89220.562,0.0,0.0,0.0,0.0,0.0,0.0,0.0,0,0,0,0.0,0.0,0.0,0.0,0.0,0.0,0.0,0.0,0.0,0.0,0.0,0.0,0.0,0.0,0.0,0.0,0,-107875648.0,53,0.0,106,-107614832.0,0.0,ERR,ERR,ERR,ERR,ERR,ERR,ERR,ERR,ERR,ERR,ERR,ERR,ERR,ERR,ERR,ERR,ERR,ERR,ERR,ERR,ERR,ERR,ERR,ERR,ERR,ERR,ERR,ERR,ERR,ERR,ERR,ERR,ERR,ERR,ERR,ERR,ERR,ERR,ERR,ERR,ERR,ERR,ERR,ERR,ERR,ERR,ERR,ERR,ERR,ERR,ERR,ERR,ERR,ERR,ERR,ERR,ERR,ERR,ERR,ERR,ERR,ERR,ERR,ERR,ERR,ERR,ERR,50.0,60.0,100,0.0,0.0,0.0,0.0,0.0,0.0,0.0,0.0,0.0,0.0,0.0,0.0,0.0,0.0,0.0,0.0,61.6,73,14,65512,50,65476,0,300,0,0,8,20529,65476,0,0,26214,60.0,0.0,0.0,0.0,0.0,0.0
2026-05-17T18:35:10,ERR,ERR,ERR,ERR,ERR,ERR,ERR,ERR,ERR,ERR,ERR,ERR,ERR,ERR,ERR,ERR,ERR,ERR,ERR,ERR,ERR,ERR,ERR,ERR,ERR,ERR,ERR,ERR,ERR,ERR,ERR,ERR,ERR,ERR,ERR,ERR,ERR,ERR,ERR,ERR,ERR,ERR,ERR,ERR,ERR,ERR,ERR,ERR,ERR,ERR,ERR,ERR,ERR,ERR,ERR,ERR,ERR,ERR,ERR,ERR,ERR,ERR,ERR,ERR,ERR,ERR,ERR,ERR,ERR,ERR,ERR,ERR,ERR,ERR,ERR,ERR,ERR,ERR,ERR,ERR,ERR,ERR,ERR,ERR,ERR,ERR,ERR,ERR,ERR,ERR,ERR,ERR,ERR,ERR,ERR,ERR,ERR,ERR,ERR,ERR,ERR,ERR,ERR,ERR,ERR,ERR,ERR,ERR,ERR,ERR,ERR,ERR,ERR,ERR,ERR,ERR,ERR,ERR,ERR,ERR,ERR,ERR,ERR,ERR,ERR,0.0,0.0,0.0,0.0,0.0,1.3936040501711995e+18,7.805,0.0,0,0,4,0,8422,0.0,45,0.0,0.0,0.0,0.0,0.0,0,0,0,0,0.0,0,0,0,0,0,0,0,0,0,0,0,0,0,0,0,0,0,0,0,0,0,0,0,0,0,0,0,0,0,0,0,0,0,38,14,7,45,65476,0,300,0,0,8,21553,0.0,-107605600.0,0.0,0.0,0.0,0.0,0.0,0.0,0.0,0.0,0.0,0.0,0.0,0.0,0.0,0.0,0.0,0.0,0.0,0.0,0.0,0.0,0.0,2.004,-0.0,0.0,0.0,0.0,0.0,0.0,5010.0,-0.0,0.0,0.0,0.0,-107615280.0,2.718429300292151e+23,0.0,0.0,0.0,0.0,53,4.066880103266858e+29,89220.562,0.0,0.0,0.0,0.0,0.0,0.0,0.0,0,0,0,0.0,0.0,0.0,0.0,0.0,0.0,0.0,0.0,0.0,0.0,0.0,0.0,0.0,0.0,0.0,0.0,0,-107875648.0,53,0.0,106,-107614832.0,0.0,ERR,ERR,ERR,ERR,ERR,ERR,ERR,ERR,ERR,ERR,ERR,ERR,ERR,ERR,ERR,ERR,ERR,ERR,ERR,ERR,ERR,ERR,ERR,ERR,ERR,ERR,ERR,ERR,ERR,ERR,ERR,ERR,ERR,ERR,ERR,ERR,ERR,ERR,ERR,ERR,ERR,ERR,ERR,ERR,ERR,ERR,ERR,ERR,ERR,ERR,ERR,ERR,ERR,ERR,ERR,ERR,ERR,ERR,ERR,ERR,ERR,ERR,ERR,ERR,ERR,ERR,ERR,50.0,60.0,100,0.0,0.0,0.0,0.0,0.0,0.0,0.0,0.0,0.0,0.0,0.0,0.0,0.0,0.0,0.0,0.0,61.6,73,14,65512,50,65476,0,300,0,0,8,20529,65476,0,0,26214,60.0,0.0,0.0,0.0,0.0,0.0
2026-05-17T18:35:11,ERR,ERR,ERR,ERR,ERR,ERR,ERR,ERR,ERR,ERR,ERR,ERR,ERR,ERR,ERR,ERR,ERR,ERR,ERR,ERR,ERR,ERR,ERR,ERR,ERR,ERR,ERR,ERR,ERR,ERR,ERR,ERR,ERR,ERR,ERR,ERR,ERR,ERR,ERR,ERR,ERR,ERR,ERR,ERR,ERR,ERR,ERR,ERR,ERR,ERR,ERR,ERR,ERR,ERR,ERR,ERR,ERR,ERR,ERR,ERR,ERR,ERR,ERR,ERR,ERR,ERR,ERR,ERR,ERR,ERR,ERR,ERR,ERR,ERR,ERR,ERR,ERR,ERR,ERR,ERR,ERR,ERR,ERR,ERR,ERR,ERR,ERR,ERR,ERR,ERR,ERR,ERR,ERR,ERR,ERR,ERR,ERR,ERR,ERR,ERR,ERR,ERR,ERR,ERR,ERR,ERR,ERR,ERR,ERR,ERR,ERR,ERR,ERR,ERR,ERR,ERR,ERR,ERR,ERR,ERR,ERR,ERR,ERR,ERR,ERR,0.0,0.0,0.0,0.0,0.0,1.3936040501711995e+18,7.805,0.0,0,0,4,0,8422,0.0,45,0.0,0.0,0.0,0.0,0.0,0,0,0,0,0.0,0,0,0,0,0,0,0,0,0,0,0,0,0,0,0,0,0,0,0,0,0,0,0,0,0,0,0,0,0,0,0,0,0,38,14,7,45,65476,0,300,0,0,8,21553,0.0,-107605600.0,0.0,0.0,0.0,0.0,0.0,0.0,0.0,0.0,0.0,0.0,0.0,0.0,0.0,0.0,0.0,0.0,0.0,0.0,0.0,0.0,0.0,2.004,-0.0,0.0,0.0,0.0,0.0,0.0,5010.0,-0.0,0.0,0.0,0.0,-107615280.0,2.718429300292151e+23,0.0,0.0,0.0,0.0,53,4.066880103266858e+29,89220.562,0.0,0.0,0.0,0.0,0.0,0.0,0.0,0,0,0,0.0,0.0,0.0,0.0,0.0,0.0,0.0,0.0,0.0,0.0,0.0,0.0,0.0,0.0,0.0,0.0,0,-107875648.0,53,0.0,106,-107614832.0,0.0,ERR,ERR,ERR,ERR,ERR,ERR,ERR,ERR,ERR,ERR,ERR,ERR,ERR,ERR,ERR,ERR,ERR,ERR,ERR,ERR,ERR,ERR,ERR,ERR,ERR,ERR,ERR,ERR,ERR,ERR,ERR,ERR,ERR,ERR,ERR,ERR,ERR,ERR,ERR,ERR,ERR,ERR,ERR,ERR,ERR,ERR,ERR,ERR,ERR,ERR,ERR,ERR,ERR,ERR,ERR,ERR,ERR,ERR,ERR,ERR,ERR,ERR,ERR,ERR,ERR,ERR,ERR,50.0,60.0,100,0.0,0.0,0.0,0.0,0.0,0.0,0.0,0.0,0.0,0.0,0.0,0.0,0.0,0.0,0.0,0.0,62.0,73,14,65512,50,65476,0,300,0,0,8,20529,65476,0,0,26214,60.0,0.0,0.0,0.0,0.0,0.0
2026-05-17T18:35:12,ERR,ERR,ERR,ERR,ERR,ERR,ERR,ERR,ERR,ERR,ERR,ERR,ERR,ERR,ERR,ERR,ERR,ERR,ERR,ERR,ERR,ERR,ERR,ERR,ERR,ERR,ERR,ERR,ERR,ERR,ERR,ERR,ERR,ERR,ERR,ERR,ERR,ERR,ERR,ERR,ERR,ERR,ERR,ERR,ERR,ERR,ERR,ERR,ERR,ERR,ERR,ERR,ERR,ERR,ERR,ERR,ERR,ERR,ERR,ERR,ERR,ERR,ERR,ERR,ERR,ERR,ERR,ERR,ERR,ERR,ERR,ERR,ERR,ERR,ERR,ERR,ERR,ERR,ERR,ERR,ERR,ERR,ERR,ERR,ERR,ERR,ERR,ERR,ERR,ERR,ERR,ERR,ERR,ERR,ERR,ERR,ERR,ERR,ERR,ERR,ERR,ERR,ERR,ERR,ERR,ERR,ERR,ERR,ERR,ERR,ERR,ERR,ERR,ERR,ERR,ERR,ERR,ERR,ERR,ERR,ERR,ERR,ERR,ERR,ERR,0.0,0.0,0.0,0.0,0.0,1.3936040501711995e+18,7.805,0.0,0,0,4,0,8422,0.0,45,0.0,0.0,0.0,0.0,0.0,0,0,0,0,0.0,0,0,0,0,0,0,0,0,0,0,0,0,0,0,0,0,0,0,0,0,0,0,0,0,0,0,0,0,0,0,0,0,0,38,14,7,45,65476,0,300,0,0,8,21553,0.0,-107605600.0,0.0,0.0,0.0,0.0,0.0,0.0,0.0,0.0,0.0,0.0,0.0,0.0,0.0,0.0,0.0,0.0,0.0,0.0,0.0,0.0,0.0,2.004,-0.0,0.0,0.0,0.0,0.0,0.0,5010.0,-0.0,0.0,0.0,0.0,-107615280.0,2.718429300292151e+23,0.0,0.0,0.0,0.0,53,4.066880103266858e+29,89220.562,0.0,0.0,0.0,0.0,0.0,0.0,0.0,0,0,0,0.0,0.0,0.0,0.0,0.0,0.0,0.0,0.0,0.0,0.0,0.0,0.0,0.0,0.0,0.0,0.0,0,-107875648.0,53,0.0,106,-107614832.0,0.0,ERR,ERR,ERR,ERR,ERR,ERR,ERR,ERR,ERR,ERR,ERR,ERR,ERR,ERR,ERR,ERR,ERR,ERR,ERR,ERR,ERR,ERR,ERR,ERR,ERR,ERR,ERR,ERR,ERR,ERR,ERR,ERR,ERR,ERR,ERR,ERR,ERR,ERR,ERR,ERR,ERR,ERR,ERR,ERR,ERR,ERR,ERR,ERR,ERR,ERR,ERR,ERR,ERR,ERR,ERR,ERR,ERR,ERR,ERR,ERR,ERR,ERR,ERR,ERR,ERR,ERR,ERR,50.0,60.0,100,0.0,0.0,0.0,0.0,0.0,0.0,0.0,0.0,0.0,0.0,0.0,0.0,0.0,0.0,0.0,0.0,62.0,73,14,65512,50,65476,0,300,0,0,8,20529,65476,0,0,26214,60.0,0.0,0.0,0.0,0.0,0.0
2026-05-17T18:35:13,ERR,ERR,ERR,ERR,ERR,ERR,ERR,ERR,ERR,ERR,ERR,ERR,ERR,ERR,ERR,ERR,ERR,ERR,ERR,ERR,ERR,ERR,ERR,ERR,ERR,ERR,ERR,ERR,ERR,ERR,ERR,ERR,ERR,ERR,ERR,ERR,ERR,ERR,ERR,ERR,ERR,ERR,ERR,ERR,ERR,ERR,ERR,ERR,ERR,ERR,ERR,ERR,ERR,ERR,ERR,ERR,ERR,ERR,ERR,ERR,ERR,ERR,ERR,ERR,ERR,ERR,ERR,ERR,ERR,ERR,ERR,ERR,ERR,ERR,ERR,ERR,ERR,ERR,ERR,ERR,ERR,ERR,ERR,ERR,ERR,ERR,ERR,ERR,ERR,ERR,ERR,ERR,ERR,ERR,ERR,ERR,ERR,ERR,ERR,ERR,ERR,ERR,ERR,ERR,ERR,ERR,ERR,ERR,ERR,ERR,ERR,ERR,ERR,ERR,ERR,ERR,ERR,ERR,ERR,ERR,ERR,ERR,ERR,ERR,ERR,0.0,0.0,0.0,0.0,0.0,1.3936040501711995e+18,7.805,0.0,0,0,4,0,8422,0.0,45,0.0,0.0,0.0,0.0,0.0,0,0,0,0,0.0,0,0,0,0,0,0,0,0,0,0,0,0,0,0,0,0,0,0,0,0,0,0,0,0,0,0,0,0,0,0,0,0,0,38,14,7,45,65476,0,300,0,0,8,21553,0.0,-107605600.0,0.0,0.0,0.0,0.0,0.0,0.0,0.0,0.0,0.0,0.0,0.0,0.0,0.0,0.0,0.0,0.0,0.0,0.0,0.0,0.0,0.0,2.004,-0.0,0.0,0.0,0.0,0.0,0.0,5013.0,2.422987904532282e+24,0.0,0.0,0.0,-107615280.0,2.718429300292151e+23,0.0,0.0,0.0,0.0,53,-0.0,0.059,0.0,0.0,0.0,0.0,0.0,0.0,0.0,0,0,0,0.0,0.0,0.0,0.0,0.0,0.0,0.0,0.0,0.0,0.0,0.0,0.0,0.0,0.0,0.0,0.0,0,-107875648.0,53,0.0,106,-107614832.0,0.0,ERR,ERR,ERR,ERR,ERR,ERR,ERR,ERR,ERR,ERR,ERR,ERR,ERR,ERR,ERR,ERR,ERR,ERR,ERR,ERR,ERR,ERR,ERR,ERR,ERR,ERR,ERR,ERR,ERR,ERR,ERR,ERR,ERR,ERR,ERR,ERR,ERR,ERR,ERR,ERR,ERR,ERR,ERR,ERR,ERR,ERR,ERR,ERR,ERR,ERR,ERR,ERR,ERR,ERR,ERR,ERR,ERR,ERR,ERR,ERR,ERR,ERR,ERR,ERR,ERR,ERR,ERR,50.0,60.0,100,0.0,0.0,0.0,0.0,0.0,0.0,0.0,0.0,0.0,0.0,0.0,0.0,0.0,0.0,0.0,0.0,61.6,73,14,65512,50,65476,0,300,0,0,8,20529,65476,0,0,26214,60.0,0.0,0.0,0.0,0.0,0.0
2026-05-17T18:35:14,ERR,ERR,ERR,ERR,ERR,ERR,ERR,ERR,ERR,ERR,ERR,ERR,ERR,ERR,ERR,ERR,ERR,ERR,ERR,ERR,ERR,ERR,ERR,ERR,ERR,ERR,ERR,ERR,ERR,ERR,ERR,ERR,ERR,ERR,ERR,ERR,ERR,ERR,ERR,ERR,ERR,ERR,ERR,ERR,ERR,ERR,ERR,ERR,ERR,ERR,ERR,ERR,ERR,ERR,ERR,ERR,ERR,ERR,ERR,ERR,ERR,ERR,ERR,ERR,ERR,ERR,ERR,ERR,ERR,ERR,ERR,ERR,ERR,ERR,ERR,ERR,ERR,ERR,ERR,ERR,ERR,ERR,ERR,ERR,ERR,ERR,ERR,ERR,ERR,ERR,ERR,ERR,ERR,ERR,ERR,ERR,ERR,ERR,ERR,ERR,ERR,ERR,ERR,ERR,ERR,ERR,ERR,ERR,ERR,ERR,ERR,ERR,ERR,ERR,ERR,ERR,ERR,ERR,ERR,ERR,ERR,ERR,ERR,ERR,ERR,0.0,0.0,0.0,0.0,0.0,1.3936040501711995e+18,7.805,0.0,0,0,4,0,8422,0.0,45,0.0,0.0,0.0,0.0,0.0,0,0,0,0,0.0,0,0,0,0,0,0,0,0,0,0,0,0,0,0,0,0,0,0,0,0,0,0,0,0,0,0,0,0,0,0,0,0,0,38,14,7,45,65476,0,300,0,0,8,21553,0.0,-107605600.0,0.0,0.0,0.0,0.0,0.0,0.0,0.0,0.0,0.0,0.0,0.0,0.0,0.0,0.0,0.0,0.0,0.0,0.0,0.0,0.0,0.0,2.004,-0.0,0.0,0.0,0.0,0.0,0.0,5013.0,2.422987904532282e+24,0.0,0.0,0.0,-107615280.0,2.718429300292151e+23,0.0,0.0,0.0,0.0,53,-0.0,0.059,0.0,0.0,0.0,0.0,0.0,0.0,0.0,0,0,0,0.0,0.0,0.0,0.0,0.0,0.0,0.0,0.0,0.0,0.0,0.0,0.0,0.0,0.0,0.0,0.0,0,-107875648.0,53,0.0,106,-107614832.0,0.0,ERR,ERR,ERR,ERR,ERR,ERR,ERR,ERR,ERR,ERR,ERR,ERR,ERR,ERR,ERR,ERR,ERR,ERR,ERR,ERR,ERR,ERR,ERR,ERR,ERR,ERR,ERR,ERR,ERR,ERR,ERR,ERR,ERR,ERR,ERR,ERR,ERR,ERR,ERR,ERR,ERR,ERR,ERR,ERR,ERR,ERR,ERR,ERR,ERR,ERR,ERR,ERR,ERR,ERR,ERR,ERR,ERR,ERR,ERR,ERR,ERR,ERR,ERR,ERR,ERR,ERR,ERR,50.0,60.0,100,0.0,0.0,0.0,0.0,0.0,0.0,0.0,0.0,0.0,0.0,0.0,0.0,0.0,0.0,0.0,0.0,61.6,73,14,65512,50,65476,0,300,0,0,8,20529,65476,0,0,26214,60.0,0.0,0.0,0.0,0.0,0.0
2026-05-17T18:35:15,ERR,ERR,ERR,ERR,ERR,ERR,ERR,ERR,ERR,ERR,ERR,ERR,ERR,ERR,ERR,ERR,ERR,ERR,ERR,ERR,ERR,ERR,ERR,ERR,ERR,ERR,ERR,ERR,ERR,ERR,ERR,ERR,ERR,ERR,ERR,ERR,ERR,ERR,ERR,ERR,ERR,ERR,ERR,ERR,ERR,ERR,ERR,ERR,ERR,ERR,ERR,ERR,ERR,ERR,ERR,ERR,ERR,ERR,ERR,ERR,ERR,ERR,ERR,ERR,ERR,ERR,ERR,ERR,ERR,ERR,ERR,ERR,ERR,ERR,ERR,ERR,ERR,ERR,ERR,ERR,ERR,ERR,ERR,ERR,ERR,ERR,ERR,ERR,ERR,ERR,ERR,ERR,ERR,ERR,ERR,ERR,ERR,ERR,ERR,ERR,ERR,ERR,ERR,ERR,ERR,ERR,ERR,ERR,ERR,ERR,ERR,ERR,ERR,ERR,ERR,ERR,ERR,ERR,ERR,ERR,ERR,ERR,ERR,ERR,ERR,0.0,0.0,0.0,0.0,0.0,1.3936040501711995e+18,7.805,0.0,0,0,4,0,8422,0.0,45,0.0,0.0,0.0,0.0,0.0,0,0,0,0,0.0,0,0,0,0,0,0,0,0,0,0,0,0,0,0,0,0,0,0,0,0,0,0,0,0,0,0,0,0,0,0,0,0,0,38,14,7,45,65476,0,300,0,0,8,21553,0.0,-107605600.0,0.0,0.0,0.0,0.0,0.0,0.0,0.0,0.0,0.0,0.0,0.0,0.0,0.0,0.0,0.0,0.0,0.0,0.0,0.0,0.0,0.0,2.004,-0.0,0.0,0.0,0.0,0.0,0.0,5013.0,2.422987904532282e+24,0.0,0.0,0.0,-107615280.0,2.718429300292151e+23,0.0,0.0,0.0,0.0,53,-0.0,0.059,0.0,0.0,0.0,0.0,0.0,0.0,0.0,0,0,0,0.0,0.0,0.0,0.0,0.0,0.0,0.0,0.0,0.0,0.0,0.0,0.0,0.0,0.0,0.0,0.0,0,-107875648.0,53,0.0,106,-107614832.0,0.0,ERR,ERR,ERR,ERR,ERR,ERR,ERR,ERR,ERR,ERR,ERR,ERR,ERR,ERR,ERR,ERR,ERR,ERR,ERR,ERR,ERR,ERR,ERR,ERR,ERR,ERR,ERR,ERR,ERR,ERR,ERR,ERR,ERR,ERR,ERR,ERR,ERR,ERR,ERR,ERR,ERR,ERR,ERR,ERR,ERR,ERR,ERR,ERR,ERR,ERR,ERR,ERR,ERR,ERR,ERR,ERR,ERR,ERR,ERR,ERR,ERR,ERR,ERR,ERR,ERR,ERR,ERR,50.0,60.0,100,0.0,0.0,0.0,0.0,0.0,0.0,0.0,0.0,0.0,0.0,0.0,0.0,0.0,0.0,0.0,0.0,62.0,73,14,65512,50,65476,0,300,0,0,8,20529,65476,0,0,26214,60.0,0.0,0.0,0.0,0.0,0.0
2026-05-17T18:35:16,ERR,ERR,ERR,ERR,ERR,ERR,ERR,ERR,ERR,ERR,ERR,ERR,ERR,ERR,ERR,ERR,ERR,ERR,ERR,ERR,ERR,ERR,ERR,ERR,ERR,ERR,ERR,ERR,ERR,ERR,ERR,ERR,ERR,ERR,ERR,ERR,ERR,ERR,ERR,ERR,ERR,ERR,ERR,ERR,ERR,ERR,ERR,ERR,ERR,ERR,ERR,ERR,ERR,ERR,ERR,ERR,ERR,ERR,ERR,ERR,ERR,ERR,ERR,ERR,ERR,ERR,ERR,ERR,ERR,ERR,ERR,ERR,ERR,ERR,ERR,ERR,ERR,ERR,ERR,ERR,ERR,ERR,ERR,ERR,ERR,ERR,ERR,ERR,ERR,ERR,ERR,ERR,ERR,ERR,ERR,ERR,ERR,ERR,ERR,ERR,ERR,ERR,ERR,ERR,ERR,ERR,ERR,ERR,ERR,ERR,ERR,ERR,ERR,ERR,ERR,ERR,ERR,ERR,ERR,ERR,ERR,ERR,ERR,ERR,ERR,0.0,0.0,0.0,0.0,0.0,1.3936040501711995e+18,7.805,0.0,0,0,4,0,8422,0.0,45,0.0,0.0,0.0,0.0,0.0,0,0,0,0,0.0,0,0,0,0,0,0,0,0,0,0,0,0,0,0,0,0,0,0,0,0,0,0,0,0,0,0,0,0,0,0,0,0,0,38,14,7,45,65476,0,300,0,0,8,21553,0.0,-107605600.0,0.0,0.0,0.0,0.0,0.0,0.0,0.0,0.0,0.0,0.0,0.0,0.0,0.0,0.0,0.0,0.0,0.0,0.0,0.0,0.0,0.0,2.004,-0.0,0.0,0.0,0.0,0.0,0.0,5013.0,2.422987904532282e+24,0.0,0.0,0.0,-107615280.0,2.718429300292151e+23,0.0,0.0,0.0,0.0,53,-0.0,0.059,0.0,0.0,0.0,0.0,0.0,0.0,0.0,0,0,0,0.0,0.0,0.0,0.0,0.0,0.0,0.0,0.0,0.0,0.0,0.0,0.0,0.0,0.0,0.0,0.0,0,-107875648.0,53,0.0,106,-107614832.0,0.0,ERR,ERR,ERR,ERR,ERR,ERR,ERR,ERR,ERR,ERR,ERR,ERR,ERR,ERR,ERR,ERR,ERR,ERR,ERR,ERR,ERR,ERR,ERR,ERR,ERR,ERR,ERR,ERR,ERR,ERR,ERR,ERR,ERR,ERR,ERR,ERR,ERR,ERR,ERR,ERR,ERR,ERR,ERR,ERR,ERR,ERR,ERR,ERR,ERR,ERR,ERR,ERR,ERR,ERR,ERR,ERR,ERR,ERR,ERR,ERR,ERR,ERR,ERR,ERR,ERR,ERR,ERR,50.0,60.0,100,0.0,0.0,0.0,0.0,0.0,0.0,0.0,0.0,0.0,0.0,0.0,0.0,0.0,0.0,0.0,0.0,62.0,73,14,65512,50,65476,0,300,0,0,8,20529,65476,0,0,26214,60.0,0.0,0.0,0.0,0.0,0.0
2026-05-17T18:35:17,ERR,ERR,ERR,ERR,ERR,ERR,ERR,ERR,ERR,ERR,ERR,ERR,ERR,ERR,ERR,ERR,ERR,ERR,ERR,ERR,ERR,ERR,ERR,ERR,ERR,ERR,ERR,ERR,ERR,ERR,ERR,ERR,ERR,ERR,ERR,ERR,ERR,ERR,ERR,ERR,ERR,ERR,ERR,ERR,ERR,ERR,ERR,ERR,ERR,ERR,ERR,ERR,ERR,ERR,ERR,ERR,ERR,ERR,ERR,ERR,ERR,ERR,ERR,ERR,ERR,ERR,ERR,ERR,ERR,ERR,ERR,ERR,ERR,ERR,ERR,ERR,ERR,ERR,ERR,ERR,ERR,ERR,ERR,ERR,ERR,ERR,ERR,ERR,ERR,ERR,ERR,ERR,ERR,ERR,ERR,ERR,ERR,ERR,ERR,ERR,ERR,ERR,ERR,ERR,ERR,ERR,ERR,ERR,ERR,ERR,ERR,ERR,ERR,ERR,ERR,ERR,ERR,ERR,ERR,ERR,ERR,ERR,ERR,ERR,ERR,0.0,0.0,0.0,0.0,0.0,1.3936040501711995e+18,7.805,0.0,0,0,4,0,8422,0.0,45,0.0,0.0,0.0,0.0,0.0,0,0,0,0,0.0,0,0,0,0,0,0,0,0,0,0,0,0,0,0,0,0,0,0,0,0,0,0,0,0,0,0,0,0,0,0,0,0,0,38,14,7,45,65476,0,300,0,0,8,21553,0.0,-107605600.0,0.0,0.0,0.0,0.0,0.0,0.0,0.0,0.0,0.0,0.0,0.0,0.0,0.0,0.0,0.0,0.0,0.0,0.0,0.0,0.0,0.0,2.004,-0.0,0.0,0.0,0.0,0.0,0.0,5013.0,2.422987904532282e+24,0.0,0.0,0.0,-107615280.0,2.718429300292151e+23,0.0,0.0,0.0,0.0,53,-0.0,0.059,0.0,0.0,0.0,0.0,0.0,0.0,0.0,0,0,0,0.0,0.0,0.0,0.0,0.0,0.0,0.0,0.0,0.0,0.0,0.0,0.0,0.0,0.0,0.0,0.0,0,-107875648.0,53,0.0,106,-107614832.0,0.0,ERR,ERR,ERR,ERR,ERR,ERR,ERR,ERR,ERR,ERR,ERR,ERR,ERR,ERR,ERR,ERR,ERR,ERR,ERR,ERR,ERR,ERR,ERR,ERR,ERR,ERR,ERR,ERR,ERR,ERR,ERR,ERR,ERR,ERR,ERR,ERR,ERR,ERR,ERR,ERR,ERR,ERR,ERR,ERR,ERR,ERR,ERR,ERR,ERR,ERR,ERR,ERR,ERR,ERR,ERR,ERR,ERR,ERR,ERR,ERR,ERR,ERR,ERR,ERR,ERR,ERR,ERR,50.0,60.0,100,0.0,0.0,0.0,0.0,0.0,0.0,0.0,0.0,0.0,0.0,0.0,0.0,0.0,0.0,0.0,0.0,61.6,73,14,65512,50,65476,0,300,0,0,8,20529,65476,0,0,26214,60.0,0.0,0.0,0.0,0.0,0.0
2026-05-17T18:35:18,ERR,ERR,ERR,ERR,ERR,ERR,ERR,ERR,ERR,ERR,ERR,ERR,ERR,ERR,ERR,ERR,ERR,ERR,ERR,ERR,ERR,ERR,ERR,ERR,ERR,ERR,ERR,ERR,ERR,ERR,ERR,ERR,ERR,ERR,ERR,ERR,ERR,ERR,ERR,ERR,ERR,ERR,ERR,ERR,ERR,ERR,ERR,ERR,ERR,ERR,ERR,ERR,ERR,ERR,ERR,ERR,ERR,ERR,ERR,ERR,ERR,ERR,ERR,ERR,ERR,ERR,ERR,ERR,ERR,ERR,ERR,ERR,ERR,ERR,ERR,ERR,ERR,ERR,ERR,ERR,ERR,ERR,ERR,ERR,ERR,ERR,ERR,ERR,ERR,ERR,ERR,ERR,ERR,ERR,ERR,ERR,ERR,ERR,ERR,ERR,ERR,ERR,ERR,ERR,ERR,ERR,ERR,ERR,ERR,ERR,ERR,ERR,ERR,ERR,ERR,ERR,ERR,ERR,ERR,ERR,ERR,ERR,ERR,ERR,ERR,0.0,0.0,0.0,0.0,0.0,1.3936040501711995e+18,7.805,0.0,0,0,4,0,8422,0.0,45,0.0,0.0,0.0,0.0,0.0,0,0,0,0,0.0,0,0,0,0,0,0,0,0,0,0,0,0,0,0,0,0,0,0,0,0,0,0,0,0,0,0,0,0,0,0,0,0,0,38,14,7,45,65476,0,300,0,0,8,21553,0.0,-107605600.0,0.0,0.0,0.0,0.0,0.0,0.0,0.0,0.0,0.0,0.0,0.0,0.0,0.0,0.0,0.0,0.0,0.0,0.0,0.0,0.0,0.0,2.004,-0.0,0.0,0.0,0.0,0.0,0.0,5010.0,3.697186133624698e+19,0.0,0.0,0.0,-107615280.0,2.718429300292151e+23,0.0,0.0,0.0,0.0,53,-0.0,0.0,0.0,0.0,0.0,0.0,0.0,0.0,0.0,0,0,0,0.0,0.0,0.0,0.0,0.0,0.0,0.0,0.0,0.0,0.0,0.0,0.0,0.0,0.0,0.0,0.0,0,-107875648.0,53,0.0,106,-107614832.0,0.0,ERR,ERR,ERR,ERR,ERR,ERR,ERR,ERR,ERR,ERR,ERR,ERR,ERR,ERR,ERR,ERR,ERR,ERR,ERR,ERR,ERR,ERR,ERR,ERR,ERR,ERR,ERR,ERR,ERR,ERR,ERR,ERR,ERR,ERR,ERR,ERR,ERR,ERR,ERR,ERR,ERR,ERR,ERR,ERR,ERR,ERR,ERR,ERR,ERR,ERR,ERR,ERR,ERR,ERR,ERR,ERR,ERR,ERR,ERR,ERR,ERR,ERR,ERR,ERR,ERR,ERR,ERR,50.0,60.0,100,0.0,0.0,0.0,0.0,0.0,0.0,0.0,0.0,0.0,0.0,0.0,0.0,0.0,0.0,0.0,0.0,61.6,73,14,65513,50,65476,0,300,0,0,8,20529,65476,0,0,26214,60.0,0.0,0.0,0.0,0.0,0.0
2026-05-17T18:35:19,ERR,ERR,ERR,ERR,ERR,ERR,ERR,ERR,ERR,ERR,ERR,ERR,ERR,ERR,ERR,ERR,ERR,ERR,ERR,ERR,ERR,ERR,ERR,ERR,ERR,ERR,ERR,ERR,ERR,ERR,ERR,ERR,ERR,ERR,ERR,ERR,ERR,ERR,ERR,ERR,ERR,ERR,ERR,ERR,ERR,ERR,ERR,ERR,ERR,ERR,ERR,ERR,ERR,ERR,ERR,ERR,ERR,ERR,ERR,ERR,ERR,ERR,ERR,ERR,ERR,ERR,ERR,ERR,ERR,ERR,ERR,ERR,ERR,ERR,ERR,ERR,ERR,ERR,ERR,ERR,ERR,ERR,ERR,ERR,ERR,ERR,ERR,ERR,ERR,ERR,ERR,ERR,ERR,ERR,ERR,ERR,ERR,ERR,ERR,ERR,ERR,ERR,ERR,ERR,ERR,ERR,ERR,ERR,ERR,ERR,ERR,ERR,ERR,ERR,ERR,ERR,ERR,ERR,ERR,ERR,ERR,ERR,ERR,ERR,ERR,0.0,0.0,0.0,0.0,0.0,1.3936040501711995e+18,7.805,0.0,0,0,4,0,8422,0.0,45,0.0,0.0,0.0,0.0,0.0,0,0,0,0,0.0,0,0,0,0,0,0,0,0,0,0,0,0,0,0,0,0,0,0,0,0,0,0,0,0,0,0,0,0,0,0,0,0,0,38,14,7,45,65476,0,300,0,0,8,21553,0.0,-107605600.0,0.0,0.0,0.0,0.0,0.0,0.0,0.0,0.0,0.0,0.0,0.0,0.0,0.0,0.0,0.0,0.0,0.0,0.0,0.0,0.0,0.0,2.004,-0.0,0.0,0.0,0.0,0.0,0.0,5010.0,3.697186133624698e+19,0.0,0.0,0.0,-107615280.0,2.718429300292151e+23,0.0,0.0,0.0,0.0,53,-0.0,0.0,0.0,0.0,0.0,0.0,0.0,0.0,0.0,0,0,0,0.0,0.0,0.0,0.0,0.0,0.0,0.0,0.0,0.0,0.0,0.0,0.0,0.0,0.0,0.0,0.0,0,-107875648.0,53,0.0,106,-107614832.0,0.0,ERR,ERR,ERR,ERR,ERR,ERR,ERR,ERR,ERR,ERR,ERR,ERR,ERR,ERR,ERR,ERR,ERR,ERR,ERR,ERR,ERR,ERR,ERR,ERR,ERR,ERR,ERR,ERR,ERR,ERR,ERR,ERR,ERR,ERR,ERR,ERR,ERR,ERR,ERR,ERR,ERR,ERR,ERR,ERR,ERR,ERR,ERR,ERR,ERR,ERR,ERR,ERR,ERR,ERR,ERR,ERR,ERR,ERR,ERR,ERR,ERR,ERR,ERR,ERR,ERR,ERR,ERR,50.0,60.0,100,0.0,0.0,0.0,0.0,0.0,0.0,0.0,0.0,0.0,0.0,0.0,0.0,0.0,0.0,0.0,0.0,61.6,73,14,65513,50,65476,0,300,0,0,8,20529,65476,0,0,26214,60.0,0.0,0.0,0.0,0.0,0.0
2026-05-17T18:35:20,ERR,ERR,ERR,ERR,ERR,ERR,ERR,ERR,ERR,ERR,ERR,ERR,ERR,ERR,ERR,ERR,ERR,ERR,ERR,ERR,ERR,ERR,ERR,ERR,ERR,ERR,ERR,ERR,ERR,ERR,ERR,ERR,ERR,ERR,ERR,ERR,ERR,ERR,ERR,ERR,ERR,ERR,ERR,ERR,ERR,ERR,ERR,ERR,ERR,ERR,ERR,ERR,ERR,ERR,ERR,ERR,ERR,ERR,ERR,ERR,ERR,ERR,ERR,ERR,ERR,ERR,ERR,ERR,ERR,ERR,ERR,ERR,ERR,ERR,ERR,ERR,ERR,ERR,ERR,ERR,ERR,ERR,ERR,ERR,ERR,ERR,ERR,ERR,ERR,ERR,ERR,ERR,ERR,ERR,ERR,ERR,ERR,ERR,ERR,ERR,ERR,ERR,ERR,ERR,ERR,ERR,ERR,ERR,ERR,ERR,ERR,ERR,ERR,ERR,ERR,ERR,ERR,ERR,ERR,ERR,ERR,ERR,ERR,ERR,ERR,0.0,0.0,0.0,0.0,0.0,1.3936040501711995e+18,7.805,0.0,0,0,4,0,8422,0.0,45,0.0,0.0,0.0,0.0,0.0,0,0,0,0,0.0,0,0,0,0,0,0,0,0,0,0,0,0,0,0,0,0,0,0,0,0,0,0,0,0,0,0,0,0,0,0,0,0,0,38,14,7,45,65476,0,300,0,0,8,21553,0.0,-107605600.0,0.0,0.0,0.0,0.0,0.0,0.0,0.0,0.0,0.0,0.0,0.0,0.0,0.0,0.0,0.0,0.0,0.0,0.0,0.0,0.0,0.0,2.004,-0.0,0.0,0.0,0.0,0.0,0.0,5010.0,3.697186133624698e+19,0.0,0.0,0.0,-107615280.0,2.718429300292151e+23,0.0,0.0,0.0,0.0,53,-0.0,0.0,0.0,0.0,0.0,0.0,0.0,0.0,0.0,0,0,0,0.0,0.0,0.0,0.0,0.0,0.0,0.0,0.0,0.0,0.0,0.0,0.0,0.0,0.0,0.0,0.0,0,-107875648.0,53,0.0,106,-107614832.0,0.0,ERR,ERR,ERR,ERR,ERR,ERR,ERR,ERR,ERR,ERR,ERR,ERR,ERR,ERR,ERR,ERR,ERR,ERR,ERR,ERR,ERR,ERR,ERR,ERR,ERR,ERR,ERR,ERR,ERR,ERR,ERR,ERR,ERR,ERR,ERR,ERR,ERR,ERR,ERR,ERR,ERR,ERR,ERR,ERR,ERR,ERR,ERR,ERR,ERR,ERR,ERR,ERR,ERR,ERR,ERR,ERR,ERR,ERR,ERR,ERR,ERR,ERR,ERR,ERR,ERR,ERR,ERR,50.0,60.0,100,0.0,0.0,0.0,0.0,0.0,0.0,0.0,0.0,0.0,0.0,0.0,0.0,0.0,0.0,0.0,0.0,62.0,73,14,65513,50,65476,0,300,0,0,8,20529,65476,0,0,26214,60.0,0.0,0.0,0.0,0.0,0.0
2026-05-17T18:35:21,ERR,ERR,ERR,ERR,ERR,ERR,ERR,ERR,ERR,ERR,ERR,ERR,ERR,ERR,ERR,ERR,ERR,ERR,ERR,ERR,ERR,ERR,ERR,ERR,ERR,ERR,ERR,ERR,ERR,ERR,ERR,ERR,ERR,ERR,ERR,ERR,ERR,ERR,ERR,ERR,ERR,ERR,ERR,ERR,ERR,ERR,ERR,ERR,ERR,ERR,ERR,ERR,ERR,ERR,ERR,ERR,ERR,ERR,ERR,ERR,ERR,ERR,ERR,ERR,ERR,ERR,ERR,ERR,ERR,ERR,ERR,ERR,ERR,ERR,ERR,ERR,ERR,ERR,ERR,ERR,ERR,ERR,ERR,ERR,ERR,ERR,ERR,ERR,ERR,ERR,ERR,ERR,ERR,ERR,ERR,ERR,ERR,ERR,ERR,ERR,ERR,ERR,ERR,ERR,ERR,ERR,ERR,ERR,ERR,ERR,ERR,ERR,ERR,ERR,ERR,ERR,ERR,ERR,ERR,ERR,ERR,ERR,ERR,ERR,ERR,0.0,0.0,0.0,0.0,0.0,1.3936040501711995e+18,7.805,0.0,0,0,4,0,8422,0.0,45,0.0,0.0,0.0,0.0,0.0,0,0,0,0,0.0,0,0,0,0,0,0,0,0,0,0,0,0,0,0,0,0,0,0,0,0,0,0,0,0,0,0,0,0,0,0,0,0,0,38,14,7,45,65476,0,300,0,0,8,21553,0.0,-107605600.0,0.0,0.0,0.0,0.0,0.0,0.0,0.0,0.0,0.0,0.0,0.0,0.0,0.0,0.0,0.0,0.0,0.0,0.0,0.0,0.0,0.0,2.004,-0.0,0.0,0.0,0.0,0.0,0.0,5010.0,3.697186133624698e+19,0.0,0.0,0.0,-107615280.0,2.718429300292151e+23,0.0,0.0,0.0,0.0,53,-0.0,0.0,0.0,0.0,0.0,0.0,0.0,0.0,0.0,0,0,0,0.0,0.0,0.0,0.0,0.0,0.0,0.0,0.0,0.0,0.0,0.0,0.0,0.0,0.0,0.0,0.0,0,-107875648.0,53,0.0,106,-107614832.0,0.0,ERR,ERR,ERR,ERR,ERR,ERR,ERR,ERR,ERR,ERR,ERR,ERR,ERR,ERR,ERR,ERR,ERR,ERR,ERR,ERR,ERR,ERR,ERR,ERR,ERR,ERR,ERR,ERR,ERR,ERR,ERR,ERR,ERR,ERR,ERR,ERR,ERR,ERR,ERR,ERR,ERR,ERR,ERR,ERR,ERR,ERR,ERR,ERR,ERR,ERR,ERR,ERR,ERR,ERR,ERR,ERR,ERR,ERR,ERR,ERR,ERR,ERR,ERR,ERR,ERR,ERR,ERR,50.0,60.0,100,0.0,0.0,0.0,0.0,0.0,0.0,0.0,0.0,0.0,0.0,0.0,0.0,0.0,0.0,0.0,0.0,62.0,73,14,65513,50,65476,0,300,0,0,8,20529,65476,0,0,26214,60.0,0.0,0.0,0.0,0.0,0.0
2026-05-17T18:35:22,ERR,ERR,ERR,ERR,ERR,ERR,ERR,ERR,ERR,ERR,ERR,ERR,ERR,ERR,ERR,ERR,ERR,ERR,ERR,ERR,ERR,ERR,ERR,ERR,ERR,ERR,ERR,ERR,ERR,ERR,ERR,ERR,ERR,ERR,ERR,ERR,ERR,ERR,ERR,ERR,ERR,ERR,ERR,ERR,ERR,ERR,ERR,ERR,ERR,ERR,ERR,ERR,ERR,ERR,ERR,ERR,ERR,ERR,ERR,ERR,ERR,ERR,ERR,ERR,ERR,ERR,ERR,ERR,ERR,ERR,ERR,ERR,ERR,ERR,ERR,ERR,ERR,ERR,ERR,ERR,ERR,ERR,ERR,ERR,ERR,ERR,ERR,ERR,ERR,ERR,ERR,ERR,ERR,ERR,ERR,ERR,ERR,ERR,ERR,ERR,ERR,ERR,ERR,ERR,ERR,ERR,ERR,ERR,ERR,ERR,ERR,ERR,ERR,ERR,ERR,ERR,ERR,ERR,ERR,ERR,ERR,ERR,ERR,ERR,ERR,0.0,0.0,0.0,0.0,0.0,1.3936040501711995e+18,7.805,0.0,0,0,4,0,8422,0.0,45,0.0,0.0,0.0,0.0,0.0,0,0,0,0,0.0,0,0,0,0,0,0,0,0,0,0,0,0,0,0,0,0,0,0,0,0,0,0,0,0,0,0,0,0,0,0,0,0,0,38,14,7,45,65476,0,300,0,0,8,21553,0.0,-107605600.0,0.0,0.0,0.0,0.0,0.0,0.0,0.0,0.0,0.0,0.0,0.0,0.0,0.0,0.0,0.0,0.0,0.0,0.0,0.0,0.0,0.0,2.004,-0.0,0.0,0.0,0.0,0.0,0.0,5010.0,3.697186133624698e+19,0.0,0.0,0.0,-107615280.0,2.718429300292151e+23,0.0,0.0,0.0,0.0,53,-0.0,0.0,0.0,0.0,0.0,0.0,0.0,0.0,0.0,0,0,0,0.0,0.0,0.0,0.0,0.0,0.0,0.0,0.0,0.0,0.0,0.0,0.0,0.0,0.0,0.0,0.0,0,-107875648.0,53,0.0,106,-107614832.0,0.0,ERR,ERR,ERR,ERR,ERR,ERR,ERR,ERR,ERR,ERR,ERR,ERR,ERR,ERR,ERR,ERR,ERR,ERR,ERR,ERR,ERR,ERR,ERR,ERR,ERR,ERR,ERR,ERR,ERR,ERR,ERR,ERR,ERR,ERR,ERR,ERR,ERR,ERR,ERR,ERR,ERR,ERR,ERR,ERR,ERR,ERR,ERR,ERR,ERR,ERR,ERR,ERR,ERR,ERR,ERR,ERR,ERR,ERR,ERR,ERR,ERR,ERR,ERR,ERR,ERR,ERR,ERR,50.0,60.0,100,0.0,0.0,0.0,0.0,0.0,0.0,0.0,0.0,0.0,0.0,0.0,0.0,0.0,0.0,0.0,0.0,61.6,73,14,65513,50,65476,0,300,0,0,8,20529,65476,0,0,26214,60.0,0.0,0.0,0.0,0.0,0.0
2026-05-17T18:35:23,ERR,ERR,ERR,ERR,ERR,ERR,ERR,ERR,ERR,ERR,ERR,ERR,ERR,ERR,ERR,ERR,ERR,ERR,ERR,ERR,ERR,ERR,ERR,ERR,ERR,ERR,ERR,ERR,ERR,ERR,ERR,ERR,ERR,ERR,ERR,ERR,ERR,ERR,ERR,ERR,ERR,ERR,ERR,ERR,ERR,ERR,ERR,ERR,ERR,ERR,ERR,ERR,ERR,ERR,ERR,ERR,ERR,ERR,ERR,ERR,ERR,ERR,ERR,ERR,ERR,ERR,ERR,ERR,ERR,ERR,ERR,ERR,ERR,ERR,ERR,ERR,ERR,ERR,ERR,ERR,ERR,ERR,ERR,ERR,ERR,ERR,ERR,ERR,ERR,ERR,ERR,ERR,ERR,ERR,ERR,ERR,ERR,ERR,ERR,ERR,ERR,ERR,ERR,ERR,ERR,ERR,ERR,ERR,ERR,ERR,ERR,ERR,ERR,ERR,ERR,ERR,ERR,ERR,ERR,ERR,ERR,ERR,ERR,ERR,ERR,0.0,0.0,-134474944.0,0.0,0.0,1.3936040501711995e+18,7.805,0.0,0,0,4,0,8422,0.0,45,0.0,0.0,0.0,0.0,0.0,0,0,0,0,0.0,0,0,0,0,0,0,0,0,0,0,0,0,0,0,0,0,0,0,0,0,0,0,0,0,0,0,0,0,0,0,0,0,0,38,14,7,45,65476,0,300,0,0,8,21553,0.0,-107605600.0,0.0,0.0,0.0,0.0,0.0,0.0,0.0,0.0,0.0,0.0,0.0,0.0,0.0,0.0,0.0,0.0,0.0,0.0,0.0,0.0,0.0,2.004,-0.0,0.0,0.0,0.0,0.0,0.0,5017.0,1.5879293531142762e+29,0.0,0.0,0.0,-107615280.0,2.718429300292151e+23,0.0,0.0,0.0,0.0,53,-0.0,1.9056859227671757e+17,0.0,0.0,0.0,0.0,0.0,0.0,0.0,0,0,0,0.0,0.0,0.0,0.0,0.0,0.0,0.0,0.0,0.0,0.0,0.0,0.0,0.0,0.0,0.0,0.0,0,-107875648.0,53,0.0,106,-107614832.0,0.0,ERR,ERR,ERR,ERR,ERR,ERR,ERR,ERR,ERR,ERR,ERR,ERR,ERR,ERR,ERR,ERR,ERR,ERR,ERR,ERR,ERR,ERR,ERR,ERR,ERR,ERR,ERR,ERR,ERR,ERR,ERR,ERR,ERR,ERR,ERR,ERR,ERR,ERR,ERR,ERR,ERR,ERR,ERR,ERR,ERR,ERR,ERR,ERR,ERR,ERR,ERR,ERR,ERR,ERR,ERR,ERR,ERR,ERR,ERR,ERR,ERR,ERR,ERR,ERR,ERR,ERR,ERR,50.0,60.0,100,0.0,0.0,0.0,0.0,0.0,0.0,0.0,0.0,0.0,0.0,0.0,0.0,0.0,0.0,0.0,0.0,61.6,73,14,65513,50,65476,0,300,0,0,8,20529,65476,0,0,26214,60.0,0.0,0.0,0.0,0.0,0.0
2026-05-17T18:35:24,ERR,ERR,ERR,ERR,ERR,ERR,ERR,ERR,ERR,ERR,ERR,ERR,ERR,ERR,ERR,ERR,ERR,ERR,ERR,ERR,ERR,ERR,ERR,ERR,ERR,ERR,ERR,ERR,ERR,ERR,ERR,ERR,ERR,ERR,ERR,ERR,ERR,ERR,ERR,ERR,ERR,ERR,ERR,ERR,ERR,ERR,ERR,ERR,ERR,ERR,ERR,ERR,ERR,ERR,ERR,ERR,ERR,ERR,ERR,ERR,ERR,ERR,ERR,ERR,ERR,ERR,ERR,ERR,ERR,ERR,ERR,ERR,ERR,ERR,ERR,ERR,ERR,ERR,ERR,ERR,ERR,ERR,ERR,ERR,ERR,ERR,ERR,ERR,ERR,ERR,ERR,ERR,ERR,ERR,ERR,ERR,ERR,ERR,ERR,ERR,ERR,ERR,ERR,ERR,ERR,ERR,ERR,ERR,ERR,ERR,ERR,ERR,ERR,ERR,ERR,ERR,ERR,ERR,ERR,ERR,ERR,ERR,ERR,ERR,ERR,0.0,0.0,-134474944.0,0.0,0.0,1.3936040501711995e+18,7.805,0.0,0,0,4,0,8422,0.0,45,0.0,0.0,0.0,0.0,0.0,0,0,0,0,0.0,0,0,0,0,0,0,0,0,0,0,0,0,0,0,0,0,0,0,0,0,0,0,0,0,0,0,0,0,0,0,0,0,0,38,14,7,45,65476,0,300,0,0,8,21553,0.0,-107605600.0,0.0,0.0,0.0,0.0,0.0,0.0,0.0,0.0,0.0,0.0,0.0,0.0,0.0,0.0,0.0,0.0,0.0,0.0,0.0,0.0,0.0,2.004,-0.0,0.0,0.0,0.0,0.0,0.0,5017.0,1.5879293531142762e+29,0.0,0.0,0.0,-107615280.0,2.718429300292151e+23,0.0,0.0,0.0,0.0,53,-0.0,1.9056859227671757e+17,0.0,0.0,0.0,0.0,0.0,0.0,0.0,0,0,0,0.0,0.0,0.0,0.0,0.0,0.0,0.0,0.0,0.0,0.0,0.0,0.0,0.0,0.0,0.0,0.0,0,-107875648.0,53,0.0,106,-107614832.0,0.0,ERR,ERR,ERR,ERR,ERR,ERR,ERR,ERR,ERR,ERR,ERR,ERR,ERR,ERR,ERR,ERR,ERR,ERR,ERR,ERR,ERR,ERR,ERR,ERR,ERR,ERR,ERR,ERR,ERR,ERR,ERR,ERR,ERR,ERR,ERR,ERR,ERR,ERR,ERR,ERR,ERR,ERR,ERR,ERR,ERR,ERR,ERR,ERR,ERR,ERR,ERR,ERR,ERR,ERR,ERR,ERR,ERR,ERR,ERR,ERR,ERR,ERR,ERR,ERR,ERR,ERR,ERR,50.0,60.0,100,0.0,0.0,0.0,0.0,0.0,0.0,0.0,0.0,0.0,0.0,0.0,0.0,0.0,0.0,0.0,0.0,61.6,73,14,65513,50,65476,0,300,0,0,8,20529,65476,0,0,26214,60.0,0.0,0.0,0.0,0.0,0.0
2026-05-17T18:35:25,ERR,ERR,ERR,ERR,ERR,ERR,ERR,ERR,ERR,ERR,ERR,ERR,ERR,ERR,ERR,ERR,ERR,ERR,ERR,ERR,ERR,ERR,ERR,ERR,ERR,ERR,ERR,ERR,ERR,ERR,ERR,ERR,ERR,ERR,ERR,ERR,ERR,ERR,ERR,ERR,ERR,ERR,ERR,ERR,ERR,ERR,ERR,ERR,ERR,ERR,ERR,ERR,ERR,ERR,ERR,ERR,ERR,ERR,ERR,ERR,ERR,ERR,ERR,ERR,ERR,ERR,ERR,ERR,ERR,ERR,ERR,ERR,ERR,ERR,ERR,ERR,ERR,ERR,ERR,ERR,ERR,ERR,ERR,ERR,ERR,ERR,ERR,ERR,ERR,ERR,ERR,ERR,ERR,ERR,ERR,ERR,ERR,ERR,ERR,ERR,ERR,ERR,ERR,ERR,ERR,ERR,ERR,ERR,ERR,ERR,ERR,ERR,ERR,ERR,ERR,ERR,ERR,ERR,ERR,ERR,ERR,ERR,ERR,ERR,ERR,0.0,0.0,-134474944.0,0.0,0.0,1.3936040501711995e+18,7.805,0.0,0,0,4,0,8422,0.0,45,0.0,0.0,0.0,0.0,0.0,0,0,0,0,0.0,0,0,0,0,0,0,0,0,0,0,0,0,0,0,0,0,0,0,0,0,0,0,0,0,0,0,0,0,0,0,0,0,0,38,14,7,45,65476,0,300,0,0,8,21553,0.0,-107605600.0,0.0,0.0,0.0,0.0,0.0,0.0,0.0,0.0,0.0,0.0,0.0,0.0,0.0,0.0,0.0,0.0,0.0,0.0,0.0,0.0,0.0,2.004,-0.0,0.0,0.0,0.0,0.0,0.0,5017.0,1.5879293531142762e+29,0.0,0.0,0.0,-107615280.0,2.718429300292151e+23,0.0,0.0,0.0,0.0,53,-0.0,1.9056859227671757e+17,0.0,0.0,0.0,0.0,0.0,0.0,0.0,0,0,0,0.0,0.0,0.0,0.0,0.0,0.0,0.0,0.0,0.0,0.0,0.0,0.0,0.0,0.0,0.0,0.0,0,-107875648.0,53,0.0,106,-107614832.0,0.0,ERR,ERR,ERR,ERR,ERR,ERR,ERR,ERR,ERR,ERR,ERR,ERR,ERR,ERR,ERR,ERR,ERR,ERR,ERR,ERR,ERR,ERR,ERR,ERR,ERR,ERR,ERR,ERR,ERR,ERR,ERR,ERR,ERR,ERR,ERR,ERR,ERR,ERR,ERR,ERR,ERR,ERR,ERR,ERR,ERR,ERR,ERR,ERR,ERR,ERR,ERR,ERR,ERR,ERR,ERR,ERR,ERR,ERR,ERR,ERR,ERR,ERR,ERR,ERR,ERR,ERR,ERR,50.0,60.0,100,0.0,0.0,0.0,0.0,0.0,0.0,0.0,0.0,0.0,0.0,0.0,0.0,0.0,0.0,0.0,0.0,61.6,73,14,65513,50,65476,0,300,0,0,8,20529,65476,0,0,26214,60.0,0.0,0.0,0.0,0.0,0.0
2026-05-17T18:35:26,ERR,ERR,ERR,ERR,ERR,ERR,ERR,ERR,ERR,ERR,ERR,ERR,ERR,ERR,ERR,ERR,ERR,ERR,ERR,ERR,ERR,ERR,ERR,ERR,ERR,ERR,ERR,ERR,ERR,ERR,ERR,ERR,ERR,ERR,ERR,ERR,ERR,ERR,ERR,ERR,ERR,ERR,ERR,ERR,ERR,ERR,ERR,ERR,ERR,ERR,ERR,ERR,ERR,ERR,ERR,ERR,ERR,ERR,ERR,ERR,ERR,ERR,ERR,ERR,ERR,ERR,ERR,ERR,ERR,ERR,ERR,ERR,ERR,ERR,ERR,ERR,ERR,ERR,ERR,ERR,ERR,ERR,ERR,ERR,ERR,ERR,ERR,ERR,ERR,ERR,ERR,ERR,ERR,ERR,ERR,ERR,ERR,ERR,ERR,ERR,ERR,ERR,ERR,ERR,ERR,ERR,ERR,ERR,ERR,ERR,ERR,ERR,ERR,ERR,ERR,ERR,ERR,ERR,ERR,ERR,ERR,ERR,ERR,ERR,ERR,0.0,0.0,-134474944.0,0.0,0.0,1.3936040501711995e+18,7.805,0.0,0,0,4,0,8422,0.0,45,0.0,0.0,0.0,0.0,0.0,0,0,0,0,0.0,0,0,0,0,0,0,0,0,0,0,0,0,0,0,0,0,0,0,0,0,0,0,0,0,0,0,0,0,0,0,0,0,0,38,14,7,45,65476,0,300,0,0,8,21553,0.0,-107605600.0,0.0,0.0,0.0,0.0,0.0,0.0,0.0,0.0,0.0,0.0,0.0,0.0,0.0,0.0,0.0,0.0,0.0,0.0,0.0,0.0,0.0,2.004,-0.0,0.0,0.0,0.0,0.0,0.0,5017.0,1.5879293531142762e+29,0.0,0.0,0.0,-107615280.0,2.718429300292151e+23,0.0,0.0,0.0,0.0,53,-0.0,1.9056859227671757e+17,0.0,0.0,0.0,0.0,0.0,0.0,0.0,0,0,0,0.0,0.0,0.0,0.0,0.0,0.0,0.0,0.0,0.0,0.0,0.0,0.0,0.0,0.0,0.0,0.0,0,-107875648.0,53,0.0,106,-107614832.0,0.0,ERR,ERR,ERR,ERR,ERR,ERR,ERR,ERR,ERR,ERR,ERR,ERR,ERR,ERR,ERR,ERR,ERR,ERR,ERR,ERR,ERR,ERR,ERR,ERR,ERR,ERR,ERR,ERR,ERR,ERR,ERR,ERR,ERR,ERR,ERR,ERR,ERR,ERR,ERR,ERR,ERR,ERR,ERR,ERR,ERR,ERR,ERR,ERR,ERR,ERR,ERR,ERR,ERR,ERR,ERR,ERR,ERR,ERR,ERR,ERR,ERR,ERR,ERR,ERR,ERR,ERR,ERR,50.0,60.0,100,0.0,0.0,0.0,0.0,0.0,0.0,0.0,0.0,0.0,0.0,0.0,0.0,0.0,0.0,0.0,0.0,61.6,73,14,65513,50,65476,0,300,0,0,8,20529,65476,0,0,26214,60.0,0.0,0.0,0.0,0.0,0.0
2026-05-17T18:35:27,ERR,ERR,ERR,ERR,ERR,ERR,ERR,ERR,ERR,ERR,ERR,ERR,ERR,ERR,ERR,ERR,ERR,ERR,ERR,ERR,ERR,ERR,ERR,ERR,ERR,ERR,ERR,ERR,ERR,ERR,ERR,ERR,ERR,ERR,ERR,ERR,ERR,ERR,ERR,ERR,ERR,ERR,ERR,ERR,ERR,ERR,ERR,ERR,ERR,ERR,ERR,ERR,ERR,ERR,ERR,ERR,ERR,ERR,ERR,ERR,ERR,ERR,ERR,ERR,ERR,ERR,ERR,ERR,ERR,ERR,ERR,ERR,ERR,ERR,ERR,ERR,ERR,ERR,ERR,ERR,ERR,ERR,ERR,ERR,ERR,ERR,ERR,ERR,ERR,ERR,ERR,ERR,ERR,ERR,ERR,ERR,ERR,ERR,ERR,ERR,ERR,ERR,ERR,ERR,ERR,ERR,ERR,ERR,ERR,ERR,ERR,ERR,ERR,ERR,ERR,ERR,ERR,ERR,ERR,ERR,ERR,ERR,ERR,ERR,ERR,0.0,0.0,-134474944.0,0.0,0.0,1.3936040501711995e+18,7.805,0.0,0,0,4,0,8422,0.0,45,0.0,0.0,0.0,0.0,0.0,0,0,0,0,0.0,0,0,0,0,0,0,0,0,0,0,0,0,0,0,0,0,0,0,0,0,0,0,0,0,0,0,0,0,0,0,0,0,0,38,14,7,45,65476,0,300,0,0,8,21553,0.0,-107605600.0,0.0,0.0,0.0,0.0,0.0,0.0,0.0,0.0,0.0,0.0,0.0,0.0,0.0,0.0,0.0,0.0,0.0,0.0,0.0,0.0,0.0,2.004,-0.0,0.0,0.0,0.0,0.0,0.0,5017.0,1.5879293531142762e+29,0.0,0.0,0.0,-107615280.0,2.718429300292151e+23,0.0,0.0,0.0,0.0,53,-0.0,1.9056859227671757e+17,0.0,0.0,0.0,0.0,0.0,0.0,0.0,0,0,0,0.0,0.0,0.0,0.0,0.0,0.0,0.0,0.0,0.0,0.0,0.0,0.0,0.0,0.0,0.0,0.0,0,-107875648.0,53,0.0,106,-107614832.0,0.0,ERR,ERR,ERR,ERR,ERR,ERR,ERR,ERR,ERR,ERR,ERR,ERR,ERR,ERR,ERR,ERR,ERR,ERR,ERR,ERR,ERR,ERR,ERR,ERR,ERR,ERR,ERR,ERR,ERR,ERR,ERR,ERR,ERR,ERR,ERR,ERR,ERR,ERR,ERR,ERR,ERR,ERR,ERR,ERR,ERR,ERR,ERR,ERR,ERR,ERR,ERR,ERR,ERR,ERR,ERR,ERR,ERR,ERR,ERR,ERR,ERR,ERR,ERR,ERR,ERR,ERR,ERR,50.0,60.0,100,0.0,0.0,0.0,0.0,0.0,0.0,0.0,0.0,0.0,0.0,0.0,0.0,0.0,0.0,0.0,0.0,61.6,73,14,65513,50,65476,0,300,0,0,8,20529,65476,0,0,26214,60.0,0.0,0.0,0.0,0.0,0.0
2026-05-17T18:35:28,ERR,ERR,ERR,ERR,ERR,ERR,ERR,ERR,ERR,ERR,ERR,ERR,ERR,ERR,ERR,ERR,ERR,ERR,ERR,ERR,ERR,ERR,ERR,ERR,ERR,ERR,ERR,ERR,ERR,ERR,ERR,ERR,ERR,ERR,ERR,ERR,ERR,ERR,ERR,ERR,ERR,ERR,ERR,ERR,ERR,ERR,ERR,ERR,ERR,ERR,ERR,ERR,ERR,ERR,ERR,ERR,ERR,ERR,ERR,ERR,ERR,ERR,ERR,ERR,ERR,ERR,ERR,ERR,ERR,ERR,ERR,ERR,ERR,ERR,ERR,ERR,ERR,ERR,ERR,ERR,ERR,ERR,ERR,ERR,ERR,ERR,ERR,ERR,ERR,ERR,ERR,ERR,ERR,ERR,ERR,ERR,ERR,ERR,ERR,ERR,ERR,ERR,ERR,ERR,ERR,ERR,ERR,ERR,ERR,ERR,ERR,ERR,ERR,ERR,ERR,ERR,ERR,ERR,ERR,ERR,ERR,ERR,ERR,ERR,ERR,0.0,0.0,0.0,0.0,0.0,1.3936040501711995e+18,7.805,0.0,0,0,4,0,8422,0.0,45,0.0,0.0,0.0,0.0,0.0,0,0,0,0,0.0,0,0,0,0,0,0,0,0,0,0,0,0,0,0,0,0,0,0,0,0,0,0,0,0,0,0,0,0,0,0,0,0,0,38,14,7,45,65476,0,300,0,0,8,21553,0.0,-107605600.0,0.0,0.0,0.0,0.0,0.0,0.0,0.0,0.0,0.0,0.0,0.0,0.0,0.0,0.0,0.0,0.0,0.0,0.0,0.0,0.0,0.0,2.004,-0.0,0.0,0.0,0.0,0.0,0.0,5014.0,1.5879293531142762e+29,0.0,0.0,0.0,-107615280.0,2.718429300292151e+23,0.0,0.0,0.0,0.0,53,-0.0,89220.562,0.0,0.0,0.0,0.0,0.0,0.0,0.0,0,0,0,0.0,0.0,0.0,0.0,0.0,0.0,0.0,0.0,0.0,0.0,0.0,0.0,0.0,0.0,0.0,0.0,0,-107875648.0,53,0.0,106,-107614832.0,0.0,ERR,ERR,ERR,ERR,ERR,ERR,ERR,ERR,ERR,ERR,ERR,ERR,ERR,ERR,ERR,ERR,ERR,ERR,ERR,ERR,ERR,ERR,ERR,ERR,ERR,ERR,ERR,ERR,ERR,ERR,ERR,ERR,ERR,ERR,ERR,ERR,ERR,ERR,ERR,ERR,ERR,ERR,ERR,ERR,ERR,ERR,ERR,ERR,ERR,ERR,ERR,ERR,ERR,ERR,ERR,ERR,ERR,ERR,ERR,ERR,ERR,ERR,ERR,ERR,ERR,ERR,ERR,50.0,60.0,100,0.0,0.0,0.0,0.0,0.0,0.0,0.0,0.0,0.0,0.0,0.0,0.0,0.0,0.0,0.0,0.0,61.6,73,14,65513,50,65476,0,300,0,0,8,20529,65476,0,0,26214,60.0,0.0,0.0,0.0,0.0,0.0
2026-05-17T18:35:29,ERR,ERR,ERR,ERR,ERR,ERR,ERR,ERR,ERR,ERR,ERR,ERR,ERR,ERR,ERR,ERR,ERR,ERR,ERR,ERR,ERR,ERR,ERR,ERR,ERR,ERR,ERR,ERR,ERR,ERR,ERR,ERR,ERR,ERR,ERR,ERR,ERR,ERR,ERR,ERR,ERR,ERR,ERR,ERR,ERR,ERR,ERR,ERR,ERR,ERR,ERR,ERR,ERR,ERR,ERR,ERR,ERR,ERR,ERR,ERR,ERR,ERR,ERR,ERR,ERR,ERR,ERR,ERR,ERR,ERR,ERR,ERR,ERR,ERR,ERR,ERR,ERR,ERR,ERR,ERR,ERR,ERR,ERR,ERR,ERR,ERR,ERR,ERR,ERR,ERR,ERR,ERR,ERR,ERR,ERR,ERR,ERR,ERR,ERR,ERR,ERR,ERR,ERR,ERR,ERR,ERR,ERR,ERR,ERR,ERR,ERR,ERR,ERR,ERR,ERR,ERR,ERR,ERR,ERR,ERR,ERR,ERR,ERR,ERR,ERR,0.0,0.0,0.0,0.0,0.0,1.3936040501711995e+18,7.805,0.0,0,0,4,0,8422,0.0,45,0.0,0.0,0.0,0.0,0.0,0,0,0,0,0.0,0,0,0,0,0,0,0,0,0,0,0,0,0,0,0,0,0,0,0,0,0,0,0,0,0,0,0,0,0,0,0,0,0,38,14,7,45,65476,0,300,0,0,8,21553,0.0,-107605600.0,0.0,0.0,0.0,0.0,0.0,0.0,0.0,0.0,0.0,0.0,0.0,0.0,0.0,0.0,0.0,0.0,0.0,0.0,0.0,0.0,0.0,2.004,-0.0,0.0,0.0,0.0,0.0,0.0,5014.0,1.5879293531142762e+29,0.0,0.0,0.0,-107615280.0,2.718429300292151e+23,0.0,0.0,0.0,0.0,53,-0.0,89220.562,0.0,0.0,0.0,0.0,0.0,0.0,0.0,0,0,0,0.0,0.0,0.0,0.0,0.0,0.0,0.0,0.0,0.0,0.0,0.0,0.0,0.0,0.0,0.0,0.0,0,-107875648.0,53,0.0,106,-107614832.0,0.0,ERR,ERR,ERR,ERR,ERR,ERR,ERR,ERR,ERR,ERR,ERR,ERR,ERR,ERR,ERR,ERR,ERR,ERR,ERR,ERR,ERR,ERR,ERR,ERR,ERR,ERR,ERR,ERR,ERR,ERR,ERR,ERR,ERR,ERR,ERR,ERR,ERR,ERR,ERR,ERR,ERR,ERR,ERR,ERR,ERR,ERR,ERR,ERR,ERR,ERR,ERR,ERR,ERR,ERR,ERR,ERR,ERR,ERR,ERR,ERR,ERR,ERR,ERR,ERR,ERR,ERR,ERR,50.0,60.0,100,0.0,0.0,0.0,0.0,0.0,0.0,0.0,0.0,0.0,0.0,0.0,0.0,0.0,0.0,0.0,0.0,61.6,73,14,65513,50,65476,0,300,0,0,8,20529,65476,0,0,26214,60.0,0.0,0.0,0.0,0.0,0.0
2026-05-17T18:35:30,ERR,ERR,ERR,ERR,ERR,ERR,ERR,ERR,ERR,ERR,ERR,ERR,ERR,ERR,ERR,ERR,ERR,ERR,ERR,ERR,ERR,ERR,ERR,ERR,ERR,ERR,ERR,ERR,ERR,ERR,ERR,ERR,ERR,ERR,ERR,ERR,ERR,ERR,ERR,ERR,ERR,ERR,ERR,ERR,ERR,ERR,ERR,ERR,ERR,ERR,ERR,ERR,ERR,ERR,ERR,ERR,ERR,ERR,ERR,ERR,ERR,ERR,ERR,ERR,ERR,ERR,ERR,ERR,ERR,ERR,ERR,ERR,ERR,ERR,ERR,ERR,ERR,ERR,ERR,ERR,ERR,ERR,ERR,ERR,ERR,ERR,ERR,ERR,ERR,ERR,ERR,ERR,ERR,ERR,ERR,ERR,ERR,ERR,ERR,ERR,ERR,ERR,ERR,ERR,ERR,ERR,ERR,ERR,ERR,ERR,ERR,ERR,ERR,ERR,ERR,ERR,ERR,ERR,ERR,ERR,ERR,ERR,ERR,ERR,ERR,0.0,0.0,0.0,0.0,0.0,1.3936040501711995e+18,7.805,0.0,0,0,4,0,8422,0.0,45,0.0,0.0,0.0,0.0,0.0,0,0,0,0,0.0,0,0,0,0,0,0,0,0,0,0,0,0,0,0,0,0,0,0,0,0,0,0,0,0,0,0,0,0,0,0,0,0,0,38,14,7,45,65476,0,300,0,0,8,21553,0.0,-107605600.0,0.0,0.0,0.0,0.0,0.0,0.0,0.0,0.0,0.0,0.0,0.0,0.0,0.0,0.0,0.0,0.0,0.0,0.0,0.0,0.0,0.0,2.004,-0.0,0.0,0.0,0.0,0.0,0.0,5014.0,1.5879293531142762e+29,0.0,0.0,0.0,-107615280.0,2.718429300292151e+23,0.0,0.0,0.0,0.0,53,-0.0,89220.562,0.0,0.0,0.0,0.0,0.0,0.0,0.0,0,0,0,0.0,0.0,0.0,0.0,0.0,0.0,0.0,0.0,0.0,0.0,0.0,0.0,0.0,0.0,0.0,0.0,0,-107875648.0,53,0.0,106,-107614832.0,0.0,ERR,ERR,ERR,ERR,ERR,ERR,ERR,ERR,ERR,ERR,ERR,ERR,ERR,ERR,ERR,ERR,ERR,ERR,ERR,ERR,ERR,ERR,ERR,ERR,ERR,ERR,ERR,ERR,ERR,ERR,ERR,ERR,ERR,ERR,ERR,ERR,ERR,ERR,ERR,ERR,ERR,ERR,ERR,ERR,ERR,ERR,ERR,ERR,ERR,ERR,ERR,ERR,ERR,ERR,ERR,ERR,ERR,ERR,ERR,ERR,ERR,ERR,ERR,ERR,ERR,ERR,ERR,50.0,60.0,100,0.0,0.0,0.0,0.0,0.0,0.0,0.0,0.0,0.0,0.0,0.0,0.0,0.0,0.0,0.0,0.0,61.6,73,14,65513,50,65476,0,300,0,0,8,20529,65476,0,0,26214,60.0,0.0,0.0,0.0,0.0,0.0
2026-05-17T18:35:31,ERR,ERR,ERR,ERR,ERR,ERR,ERR,ERR,ERR,ERR,ERR,ERR,ERR,ERR,ERR,ERR,ERR,ERR,ERR,ERR,ERR,ERR,ERR,ERR,ERR,ERR,ERR,ERR,ERR,ERR,ERR,ERR,ERR,ERR,ERR,ERR,ERR,ERR,ERR,ERR,ERR,ERR,ERR,ERR,ERR,ERR,ERR,ERR,ERR,ERR,ERR,ERR,ERR,ERR,ERR,ERR,ERR,ERR,ERR,ERR,ERR,ERR,ERR,ERR,ERR,ERR,ERR,ERR,ERR,ERR,ERR,ERR,ERR,ERR,ERR,ERR,ERR,ERR,ERR,ERR,ERR,ERR,ERR,ERR,ERR,ERR,ERR,ERR,ERR,ERR,ERR,ERR,ERR,ERR,ERR,ERR,ERR,ERR,ERR,ERR,ERR,ERR,ERR,ERR,ERR,ERR,ERR,ERR,ERR,ERR,ERR,ERR,ERR,ERR,ERR,ERR,ERR,ERR,ERR,ERR,ERR,ERR,ERR,ERR,ERR,0.0,0.0,0.0,0.0,0.0,1.3936040501711995e+18,7.805,0.0,0,0,4,0,8422,0.0,45,0.0,0.0,0.0,0.0,0.0,0,0,0,0,0.0,0,0,0,0,0,0,0,0,0,0,0,0,0,0,0,0,0,0,0,0,0,0,0,0,0,0,0,0,0,0,0,0,0,38,14,7,45,65476,0,300,0,0,8,21553,0.0,-107605600.0,0.0,0.0,0.0,0.0,0.0,0.0,0.0,0.0,0.0,0.0,0.0,0.0,0.0,0.0,0.0,0.0,0.0,0.0,0.0,0.0,0.0,2.004,-0.0,0.0,0.0,0.0,0.0,0.0,5014.0,1.5879293531142762e+29,0.0,0.0,0.0,-107615280.0,2.718429300292151e+23,0.0,0.0,0.0,0.0,53,-0.0,89220.562,0.0,0.0,0.0,0.0,0.0,0.0,0.0,0,0,0,0.0,0.0,0.0,0.0,0.0,0.0,0.0,0.0,0.0,0.0,0.0,0.0,0.0,0.0,0.0,0.0,0,-107875648.0,53,0.0,106,-107614832.0,0.0,ERR,ERR,ERR,ERR,ERR,ERR,ERR,ERR,ERR,ERR,ERR,ERR,ERR,ERR,ERR,ERR,ERR,ERR,ERR,ERR,ERR,ERR,ERR,ERR,ERR,ERR,ERR,ERR,ERR,ERR,ERR,ERR,ERR,ERR,ERR,ERR,ERR,ERR,ERR,ERR,ERR,ERR,ERR,ERR,ERR,ERR,ERR,ERR,ERR,ERR,ERR,ERR,ERR,ERR,ERR,ERR,ERR,ERR,ERR,ERR,ERR,ERR,ERR,ERR,ERR,ERR,ERR,50.0,60.0,100,0.0,0.0,0.0,0.0,0.0,0.0,0.0,0.0,0.0,0.0,0.0,0.0,0.0,0.0,0.0,0.0,61.6,73,14,65512,50,65476,0,300,0,0,8,20529,65476,0,0,26214,60.0,0.0,0.0,0.0,0.0,0.0
2026-05-17T18:35:32,ERR,ERR,ERR,ERR,ERR,ERR,ERR,ERR,ERR,ERR,ERR,ERR,ERR,ERR,ERR,ERR,ERR,ERR,ERR,ERR,ERR,ERR,ERR,ERR,ERR,ERR,ERR,ERR,ERR,ERR,ERR,ERR,ERR,ERR,ERR,ERR,ERR,ERR,ERR,ERR,ERR,ERR,ERR,ERR,ERR,ERR,ERR,ERR,ERR,ERR,ERR,ERR,ERR,ERR,ERR,ERR,ERR,ERR,ERR,ERR,ERR,ERR,ERR,ERR,ERR,ERR,ERR,ERR,ERR,ERR,ERR,ERR,ERR,ERR,ERR,ERR,ERR,ERR,ERR,ERR,ERR,ERR,ERR,ERR,ERR,ERR,ERR,ERR,ERR,ERR,ERR,ERR,ERR,ERR,ERR,ERR,ERR,ERR,ERR,ERR,ERR,ERR,ERR,ERR,ERR,ERR,ERR,ERR,ERR,ERR,ERR,ERR,ERR,ERR,ERR,ERR,ERR,ERR,ERR,ERR,ERR,ERR,ERR,ERR,ERR,0.0,0.0,0.0,0.0,0.0,1.3936040501711995e+18,7.805,0.0,0,0,4,0,8422,0.0,45,0.0,0.0,0.0,0.0,0.0,0,0,0,0,0.0,0,0,0,0,0,0,0,0,0,0,0,0,0,0,0,0,0,0,0,0,0,0,0,0,0,0,0,0,0,0,0,0,0,38,14,7,45,65476,0,300,0,0,8,21553,0.0,-107605600.0,0.0,0.0,0.0,0.0,0.0,0.0,0.0,0.0,0.0,0.0,0.0,0.0,0.0,0.0,0.0,0.0,0.0,0.0,0.0,0.0,0.0,2.004,-0.0,0.0,0.0,0.0,0.0,0.0,5014.0,1.5879293531142762e+29,0.0,0.0,0.0,-107615280.0,2.718429300292151e+23,0.0,0.0,0.0,0.0,53,-0.0,89220.562,0.0,0.0,0.0,0.0,0.0,0.0,0.0,0,0,0,0.0,0.0,0.0,0.0,0.0,0.0,0.0,0.0,0.0,0.0,0.0,0.0,0.0,0.0,0.0,0.0,0,-107875648.0,53,0.0,106,-107614832.0,0.0,ERR,ERR,ERR,ERR,ERR,ERR,ERR,ERR,ERR,ERR,ERR,ERR,ERR,ERR,ERR,ERR,ERR,ERR,ERR,ERR,ERR,ERR,ERR,ERR,ERR,ERR,ERR,ERR,ERR,ERR,ERR,ERR,ERR,ERR,ERR,ERR,ERR,ERR,ERR,ERR,ERR,ERR,ERR,ERR,ERR,ERR,ERR,ERR,ERR,ERR,ERR,ERR,ERR,ERR,ERR,ERR,ERR,ERR,ERR,ERR,ERR,ERR,ERR,ERR,ERR,ERR,ERR,50.0,60.0,100,0.0,0.0,0.0,0.0,0.0,0.0,0.0,0.0,0.0,0.0,0.0,0.0,0.0,0.0,0.0,0.0,62.0,73,14,65512,50,65476,0,300,0,0,8,20529,65476,0,0,26214,60.0,0.0,0.0,0.0,0.0,0.0
2026-05-17T18:35:33,ERR,ERR,ERR,ERR,ERR,ERR,ERR,ERR,ERR,ERR,ERR,ERR,ERR,ERR,ERR,ERR,ERR,ERR,ERR,ERR,ERR,ERR,ERR,ERR,ERR,ERR,ERR,ERR,ERR,ERR,ERR,ERR,ERR,ERR,ERR,ERR,ERR,ERR,ERR,ERR,ERR,ERR,ERR,ERR,ERR,ERR,ERR,ERR,ERR,ERR,ERR,ERR,ERR,ERR,ERR,ERR,ERR,ERR,ERR,ERR,ERR,ERR,ERR,ERR,ERR,ERR,ERR,ERR,ERR,ERR,ERR,ERR,ERR,ERR,ERR,ERR,ERR,ERR,ERR,ERR,ERR,ERR,ERR,ERR,ERR,ERR,ERR,ERR,ERR,ERR,ERR,ERR,ERR,ERR,ERR,ERR,ERR,ERR,ERR,ERR,ERR,ERR,ERR,ERR,ERR,ERR,ERR,ERR,ERR,ERR,ERR,ERR,ERR,ERR,ERR,ERR,ERR,ERR,ERR,ERR,ERR,ERR,ERR,ERR,ERR,0.0,0.0,0.0,0.0,0.0,1.3936040501711995e+18,7.805,0.0,0,0,4,0,8422,0.0,45,0.0,0.0,0.0,0.0,0.0,0,0,0,0,0.0,0,0,0,0,0,0,0,0,0,0,0,0,0,0,0,0,0,0,0,0,0,0,0,0,0,0,0,0,0,0,0,0,0,38,14,7,45,65476,0,300,0,0,8,21553,0.0,-107605600.0,0.0,0.0,0.0,0.0,0.0,0.0,0.0,0.0,0.0,0.0,0.0,0.0,0.0,0.0,0.0,0.0,0.0,0.0,0.0,0.0,0.0,2.004,-0.0,0.0,0.0,0.0,0.0,0.0,5016.0,564145833377792.0,0.0,0.0,0.0,-107615280.0,2.718429300292151e+23,0.0,0.0,0.0,0.0,53,-0.0,0.0,0.0,0.0,0.0,0.0,0.0,0.0,0.0,0,0,0,0.0,0.0,0.0,0.0,0.0,0.0,0.0,0.0,0.0,0.0,0.0,0.0,0.0,0.0,0.0,0.0,0,-107875648.0,53,0.0,106,-107614832.0,0.0,ERR,ERR,ERR,ERR,ERR,ERR,ERR,ERR,ERR,ERR,ERR,ERR,ERR,ERR,ERR,ERR,ERR,ERR,ERR,ERR,ERR,ERR,ERR,ERR,ERR,ERR,ERR,ERR,ERR,ERR,ERR,ERR,ERR,ERR,ERR,ERR,ERR,ERR,ERR,ERR,ERR,ERR,ERR,ERR,ERR,ERR,ERR,ERR,ERR,ERR,ERR,ERR,ERR,ERR,ERR,ERR,ERR,ERR,ERR,ERR,ERR,ERR,ERR,ERR,ERR,ERR,ERR,50.0,60.0,100,0.0,0.0,0.0,0.0,0.0,0.0,0.0,0.0,0.0,0.0,0.0,0.0,0.0,0.0,0.0,0.0,62.0,73,14,65512,50,65476,0,300,0,0,8,20529,65476,0,0,26214,60.0,0.0,0.0,0.0,0.0,0.0
2026-05-17T18:35:34,ERR,ERR,ERR,ERR,ERR,ERR,ERR,ERR,ERR,ERR,ERR,ERR,ERR,ERR,ERR,ERR,ERR,ERR,ERR,ERR,ERR,ERR,ERR,ERR,ERR,ERR,ERR,ERR,ERR,ERR,ERR,ERR,ERR,ERR,ERR,ERR,ERR,ERR,ERR,ERR,ERR,ERR,ERR,ERR,ERR,ERR,ERR,ERR,ERR,ERR,ERR,ERR,ERR,ERR,ERR,ERR,ERR,ERR,ERR,ERR,ERR,ERR,ERR,ERR,ERR,ERR,ERR,ERR,ERR,ERR,ERR,ERR,ERR,ERR,ERR,ERR,ERR,ERR,ERR,ERR,ERR,ERR,ERR,ERR,ERR,ERR,ERR,ERR,ERR,ERR,ERR,ERR,ERR,ERR,ERR,ERR,ERR,ERR,ERR,ERR,ERR,ERR,ERR,ERR,ERR,ERR,ERR,ERR,ERR,ERR,ERR,ERR,ERR,ERR,ERR,ERR,ERR,ERR,ERR,ERR,ERR,ERR,ERR,ERR,ERR,0.0,0.0,0.0,0.0,0.0,1.3936040501711995e+18,7.805,0.0,0,0,4,0,8422,0.0,45,0.0,0.0,0.0,0.0,0.0,0,0,0,0,0.0,0,0,0,0,0,0,0,0,0,0,0,0,0,0,0,0,0,0,0,0,0,0,0,0,0,0,0,0,0,0,0,0,0,38,14,7,45,65476,0,300,0,0,8,21553,0.0,-107605600.0,0.0,0.0,0.0,0.0,0.0,0.0,0.0,0.0,0.0,0.0,0.0,0.0,0.0,0.0,0.0,0.0,0.0,0.0,0.0,0.0,0.0,2.004,-0.0,0.0,0.0,0.0,0.0,0.0,5016.0,564145833377792.0,0.0,0.0,0.0,-107615280.0,2.718429300292151e+23,0.0,0.0,0.0,0.0,53,-0.0,0.0,0.0,0.0,0.0,0.0,0.0,0.0,0.0,0,0,0,0.0,0.0,0.0,0.0,0.0,0.0,0.0,0.0,0.0,0.0,0.0,0.0,0.0,0.0,0.0,0.0,0,-107875648.0,53,0.0,106,-107614832.0,0.0,ERR,ERR,ERR,ERR,ERR,ERR,ERR,ERR,ERR,ERR,ERR,ERR,ERR,ERR,ERR,ERR,ERR,ERR,ERR,ERR,ERR,ERR,ERR,ERR,ERR,ERR,ERR,ERR,ERR,ERR,ERR,ERR,ERR,ERR,ERR,ERR,ERR,ERR,ERR,ERR,ERR,ERR,ERR,ERR,ERR,ERR,ERR,ERR,ERR,ERR,ERR,ERR,ERR,ERR,ERR,ERR,ERR,ERR,ERR,ERR,ERR,ERR,ERR,ERR,ERR,ERR,ERR,50.0,60.0,100,0.0,0.0,0.0,0.0,0.0,0.0,0.0,0.0,0.0,0.0,0.0,0.0,0.0,0.0,0.0,0.0,61.6,73,14,65512,50,65476,0,300,0,0,8,20529,65476,0,0,26214,60.0,0.0,0.0,0.0,0.0,0.0
2026-05-17T18:35:35,ERR,ERR,ERR,ERR,ERR,ERR,ERR,ERR,ERR,ERR,ERR,ERR,ERR,ERR,ERR,ERR,ERR,ERR,ERR,ERR,ERR,ERR,ERR,ERR,ERR,ERR,ERR,ERR,ERR,ERR,ERR,ERR,ERR,ERR,ERR,ERR,ERR,ERR,ERR,ERR,ERR,ERR,ERR,ERR,ERR,ERR,ERR,ERR,ERR,ERR,ERR,ERR,ERR,ERR,ERR,ERR,ERR,ERR,ERR,ERR,ERR,ERR,ERR,ERR,ERR,ERR,ERR,ERR,ERR,ERR,ERR,ERR,ERR,ERR,ERR,ERR,ERR,ERR,ERR,ERR,ERR,ERR,ERR,ERR,ERR,ERR,ERR,ERR,ERR,ERR,ERR,ERR,ERR,ERR,ERR,ERR,ERR,ERR,ERR,ERR,ERR,ERR,ERR,ERR,ERR,ERR,ERR,ERR,ERR,ERR,ERR,ERR,ERR,ERR,ERR,ERR,ERR,ERR,ERR,ERR,ERR,ERR,ERR,ERR,ERR,0.0,0.0,0.0,0.0,0.0,1.3936040501711995e+18,7.805,0.0,0,0,4,0,8422,0.0,45,0.0,0.0,0.0,0.0,0.0,0,0,0,0,0.0,0,0,0,0,0,0,0,0,0,0,0,0,0,0,0,0,0,0,0,0,0,0,0,0,0,0,0,0,0,0,0,0,0,38,14,7,45,65476,0,300,0,0,8,21553,0.0,-107605600.0,0.0,0.0,0.0,0.0,0.0,0.0,0.0,0.0,0.0,0.0,0.0,0.0,0.0,0.0,0.0,0.0,0.0,0.0,0.0,0.0,0.0,2.004,-0.0,0.0,0.0,0.0,0.0,0.0,5016.0,564145833377792.0,0.0,0.0,0.0,-107615280.0,2.718429300292151e+23,0.0,0.0,0.0,0.0,53,-0.0,0.0,0.0,0.0,0.0,0.0,0.0,0.0,0.0,0,0,0,0.0,0.0,0.0,0.0,0.0,0.0,0.0,0.0,0.0,0.0,0.0,0.0,0.0,0.0,0.0,0.0,0,-107875648.0,53,0.0,106,-107614832.0,0.0,ERR,ERR,ERR,ERR,ERR,ERR,ERR,ERR,ERR,ERR,ERR,ERR,ERR,ERR,ERR,ERR,ERR,ERR,ERR,ERR,ERR,ERR,ERR,ERR,ERR,ERR,ERR,ERR,ERR,ERR,ERR,ERR,ERR,ERR,ERR,ERR,ERR,ERR,ERR,ERR,ERR,ERR,ERR,ERR,ERR,ERR,ERR,ERR,ERR,ERR,ERR,ERR,ERR,ERR,ERR,ERR,ERR,ERR,ERR,ERR,ERR,ERR,ERR,ERR,ERR,ERR,ERR,50.0,60.0,100,0.0,0.0,0.0,0.0,0.0,0.0,0.0,0.0,0.0,0.0,0.0,0.0,0.0,0.0,0.0,0.0,61.6,73,14,65512,50,65476,0,300,0,0,8,20529,65476,0,0,26214,60.0,0.0,0.0,0.0,0.0,0.0
2026-05-17T18:35:36,ERR,ERR,ERR,ERR,ERR,ERR,ERR,ERR,ERR,ERR,ERR,ERR,ERR,ERR,ERR,ERR,ERR,ERR,ERR,ERR,ERR,ERR,ERR,ERR,ERR,ERR,ERR,ERR,ERR,ERR,ERR,ERR,ERR,ERR,ERR,ERR,ERR,ERR,ERR,ERR,ERR,ERR,ERR,ERR,ERR,ERR,ERR,ERR,ERR,ERR,ERR,ERR,ERR,ERR,ERR,ERR,ERR,ERR,ERR,ERR,ERR,ERR,ERR,ERR,ERR,ERR,ERR,ERR,ERR,ERR,ERR,ERR,ERR,ERR,ERR,ERR,ERR,ERR,ERR,ERR,ERR,ERR,ERR,ERR,ERR,ERR,ERR,ERR,ERR,ERR,ERR,ERR,ERR,ERR,ERR,ERR,ERR,ERR,ERR,ERR,ERR,ERR,ERR,ERR,ERR,ERR,ERR,ERR,ERR,ERR,ERR,ERR,ERR,ERR,ERR,ERR,ERR,ERR,ERR,ERR,ERR,ERR,ERR,ERR,ERR,0.0,0.0,0.0,0.0,0.0,1.3936040501711995e+18,7.805,0.0,0,0,4,0,8422,0.0,45,0.0,0.0,0.0,0.0,0.0,0,0,0,0,0.0,0,0,0,0,0,0,0,0,0,0,0,0,0,0,0,0,0,0,0,0,0,0,0,0,0,0,0,0,0,0,0,0,0,38,14,7,45,65476,0,300,0,0,8,21553,0.0,-107605600.0,0.0,0.0,0.0,0.0,0.0,0.0,0.0,0.0,0.0,0.0,0.0,0.0,0.0,0.0,0.0,0.0,0.0,0.0,0.0,0.0,0.0,2.004,-0.0,0.0,0.0,0.0,0.0,0.0,5016.0,564145833377792.0,0.0,0.0,0.0,-107615280.0,2.718429300292151e+23,0.0,0.0,0.0,0.0,53,-0.0,0.0,0.0,0.0,0.0,0.0,0.0,0.0,0.0,0,0,0,0.0,0.0,0.0,0.0,0.0,0.0,0.0,0.0,0.0,0.0,0.0,0.0,0.0,0.0,0.0,0.0,0,-107875648.0,53,0.0,106,-107614832.0,0.0,ERR,ERR,ERR,ERR,ERR,ERR,ERR,ERR,ERR,ERR,ERR,ERR,ERR,ERR,ERR,ERR,ERR,ERR,ERR,ERR,ERR,ERR,ERR,ERR,ERR,ERR,ERR,ERR,ERR,ERR,ERR,ERR,ERR,ERR,ERR,ERR,ERR,ERR,ERR,ERR,ERR,ERR,ERR,ERR,ERR,ERR,ERR,ERR,ERR,ERR,ERR,ERR,ERR,ERR,ERR,ERR,ERR,ERR,ERR,ERR,ERR,ERR,ERR,ERR,ERR,ERR,ERR,50.0,60.0,100,0.0,0.0,0.0,0.0,0.0,0.0,0.0,0.0,0.0,0.0,0.0,0.0,0.0,0.0,0.0,0.0,61.6,73,14,65512,50,65476,0,300,0,0,8,20529,65476,0,0,26214,60.0,0.0,0.0,0.0,0.0,0.0
2026-05-17T18:35:37,ERR,ERR,ERR,ERR,ERR,ERR,ERR,ERR,ERR,ERR,ERR,ERR,ERR,ERR,ERR,ERR,ERR,ERR,ERR,ERR,ERR,ERR,ERR,ERR,ERR,ERR,ERR,ERR,ERR,ERR,ERR,ERR,ERR,ERR,ERR,ERR,ERR,ERR,ERR,ERR,ERR,ERR,ERR,ERR,ERR,ERR,ERR,ERR,ERR,ERR,ERR,ERR,ERR,ERR,ERR,ERR,ERR,ERR,ERR,ERR,ERR,ERR,ERR,ERR,ERR,ERR,ERR,ERR,ERR,ERR,ERR,ERR,ERR,ERR,ERR,ERR,ERR,ERR,ERR,ERR,ERR,ERR,ERR,ERR,ERR,ERR,ERR,ERR,ERR,ERR,ERR,ERR,ERR,ERR,ERR,ERR,ERR,ERR,ERR,ERR,ERR,ERR,ERR,ERR,ERR,ERR,ERR,ERR,ERR,ERR,ERR,ERR,ERR,ERR,ERR,ERR,ERR,ERR,ERR,ERR,ERR,ERR,ERR,ERR,ERR,0.0,0.0,0.0,0.0,0.0,1.3936040501711995e+18,7.805,0.0,0,0,4,0,8422,0.0,45,0.0,0.0,0.0,0.0,0.0,0,0,0,0,0.0,0,0,0,0,0,0,0,0,0,0,0,0,0,0,0,0,0,0,0,0,0,0,0,0,0,0,0,0,0,0,0,0,0,38,14,7,45,65476,0,300,0,0,8,21553,0.0,-107605600.0,0.0,0.0,0.0,0.0,0.0,0.0,0.0,0.0,0.0,0.0,0.0,0.0,0.0,0.0,0.0,0.0,0.0,0.0,0.0,0.0,0.0,2.004,-0.0,0.0,0.0,0.0,0.0,0.0,5016.0,564145833377792.0,0.0,0.0,0.0,-107615280.0,2.718429300292151e+23,0.0,0.0,0.0,0.0,53,-0.0,0.0,0.0,0.0,0.0,0.0,0.0,0.0,0.0,0,0,0,0.0,0.0,0.0,0.0,0.0,0.0,0.0,0.0,0.0,0.0,0.0,0.0,0.0,0.0,0.0,0.0,0,-107875648.0,53,0.0,106,-107614832.0,0.0,ERR,ERR,ERR,ERR,ERR,ERR,ERR,ERR,ERR,ERR,ERR,ERR,ERR,ERR,ERR,ERR,ERR,ERR,ERR,ERR,ERR,ERR,ERR,ERR,ERR,ERR,ERR,ERR,ERR,ERR,ERR,ERR,ERR,ERR,ERR,ERR,ERR,ERR,ERR,ERR,ERR,ERR,ERR,ERR,ERR,ERR,ERR,ERR,ERR,ERR,ERR,ERR,ERR,ERR,ERR,ERR,ERR,ERR,ERR,ERR,ERR,ERR,ERR,ERR,ERR,ERR,ERR,50.0,60.0,100,0.0,0.0,0.0,0.0,0.0,0.0,0.0,0.0,0.0,0.0,0.0,0.0,0.0,0.0,0.0,0.0,61.6,73,14,65512,50,65476,0,300,0,0,8,20529,65476,0,0,26214,60.0,0.0,0.0,0.0,0.0,0.0
2026-05-17T18:35:38,ERR,ERR,ERR,ERR,ERR,ERR,ERR,ERR,ERR,ERR,ERR,ERR,ERR,ERR,ERR,ERR,ERR,ERR,ERR,ERR,ERR,ERR,ERR,ERR,ERR,ERR,ERR,ERR,ERR,ERR,ERR,ERR,ERR,ERR,ERR,ERR,ERR,ERR,ERR,ERR,ERR,ERR,ERR,ERR,ERR,ERR,ERR,ERR,ERR,ERR,ERR,ERR,ERR,ERR,ERR,ERR,ERR,ERR,ERR,ERR,ERR,ERR,ERR,ERR,ERR,ERR,ERR,ERR,ERR,ERR,ERR,ERR,ERR,ERR,ERR,ERR,ERR,ERR,ERR,ERR,ERR,ERR,ERR,ERR,ERR,ERR,ERR,ERR,ERR,ERR,ERR,ERR,ERR,ERR,ERR,ERR,ERR,ERR,ERR,ERR,ERR,ERR,ERR,ERR,ERR,ERR,ERR,ERR,ERR,ERR,ERR,ERR,ERR,ERR,ERR,ERR,ERR,ERR,ERR,ERR,ERR,ERR,ERR,ERR,ERR,0.0,0.0,0.0,0.0,0.0,1.3936040501711995e+18,7.805,0.0,0,0,4,0,8422,0.0,45,0.0,0.0,0.0,0.0,0.0,0,0,0,0,0.0,0,0,0,0,0,0,0,0,0,0,0,0,0,0,0,0,0,0,0,0,0,0,0,0,0,0,0,0,0,0,0,0,0,38,14,7,45,65476,0,300,0,0,8,21553,0.0,-107605600.0,0.0,0.0,0.0,0.0,0.0,0.0,0.0,0.0,0.0,0.0,0.0,0.0,0.0,0.0,0.0,0.0,0.0,0.0,0.0,0.0,0.0,2.004,-0.0,0.0,0.0,0.0,0.0,0.0,5015.0,2.422987904532282e+24,0.0,0.0,0.0,-107615280.0,2.718429300292151e+23,0.0,0.0,0.0,0.0,53,-0.0,0.059,0.0,0.0,0.0,0.0,0.0,0.0,0.0,0,0,0,0.0,0.0,0.0,0.0,0.0,0.0,0.0,0.0,0.0,0.0,0.0,0.0,0.0,0.0,0.0,0.0,0,-107875648.0,53,0.0,106,-107614832.0,0.0,ERR,ERR,ERR,ERR,ERR,ERR,ERR,ERR,ERR,ERR,ERR,ERR,ERR,ERR,ERR,ERR,ERR,ERR,ERR,ERR,ERR,ERR,ERR,ERR,ERR,ERR,ERR,ERR,ERR,ERR,ERR,ERR,ERR,ERR,ERR,ERR,ERR,ERR,ERR,ERR,ERR,ERR,ERR,ERR,ERR,ERR,ERR,ERR,ERR,ERR,ERR,ERR,ERR,ERR,ERR,ERR,ERR,ERR,ERR,ERR,ERR,ERR,ERR,ERR,ERR,ERR,ERR,50.0,60.0,100,0.0,0.0,0.0,0.0,0.0,0.0,0.0,0.0,0.0,0.0,0.0,0.0,0.0,0.0,0.0,0.0,62.0,73,14,65512,50,65476,0,300,0,0,8,20529,65476,0,0,26214,60.0,0.0,0.0,0.0,0.0,0.0
2026-05-17T18:35:39,ERR,ERR,ERR,ERR,ERR,ERR,ERR,ERR,ERR,ERR,ERR,ERR,ERR,ERR,ERR,ERR,ERR,ERR,ERR,ERR,ERR,ERR,ERR,ERR,ERR,ERR,ERR,ERR,ERR,ERR,ERR,ERR,ERR,ERR,ERR,ERR,ERR,ERR,ERR,ERR,ERR,ERR,ERR,ERR,ERR,ERR,ERR,ERR,ERR,ERR,ERR,ERR,ERR,ERR,ERR,ERR,ERR,ERR,ERR,ERR,ERR,ERR,ERR,ERR,ERR,ERR,ERR,ERR,ERR,ERR,ERR,ERR,ERR,ERR,ERR,ERR,ERR,ERR,ERR,ERR,ERR,ERR,ERR,ERR,ERR,ERR,ERR,ERR,ERR,ERR,ERR,ERR,ERR,ERR,ERR,ERR,ERR,ERR,ERR,ERR,ERR,ERR,ERR,ERR,ERR,ERR,ERR,ERR,ERR,ERR,ERR,ERR,ERR,ERR,ERR,ERR,ERR,ERR,ERR,ERR,ERR,ERR,ERR,ERR,ERR,0.0,0.0,0.0,0.0,0.0,1.3936040501711995e+18,7.805,0.0,0,0,4,0,8422,0.0,45,0.0,0.0,0.0,0.0,0.0,0,0,0,0,0.0,0,0,0,0,0,0,0,0,0,0,0,0,0,0,0,0,0,0,0,0,0,0,0,0,0,0,0,0,0,0,0,0,0,38,14,7,45,65476,0,300,0,0,8,21553,0.0,-107605600.0,0.0,0.0,0.0,0.0,0.0,0.0,0.0,0.0,0.0,0.0,0.0,0.0,0.0,0.0,0.0,0.0,0.0,0.0,0.0,0.0,0.0,2.004,-0.0,0.0,0.0,0.0,0.0,0.0,5015.0,2.422987904532282e+24,0.0,0.0,0.0,-107615280.0,2.718429300292151e+23,0.0,0.0,0.0,0.0,53,-0.0,0.059,0.0,0.0,0.0,0.0,0.0,0.0,0.0,0,0,0,0.0,0.0,0.0,0.0,0.0,0.0,0.0,0.0,0.0,0.0,0.0,0.0,0.0,0.0,0.0,0.0,0,-107875648.0,53,0.0,106,-107614832.0,0.0,ERR,ERR,ERR,ERR,ERR,ERR,ERR,ERR,ERR,ERR,ERR,ERR,ERR,ERR,ERR,ERR,ERR,ERR,ERR,ERR,ERR,ERR,ERR,ERR,ERR,ERR,ERR,ERR,ERR,ERR,ERR,ERR,ERR,ERR,ERR,ERR,ERR,ERR,ERR,ERR,ERR,ERR,ERR,ERR,ERR,ERR,ERR,ERR,ERR,ERR,ERR,ERR,ERR,ERR,ERR,ERR,ERR,ERR,ERR,ERR,ERR,ERR,ERR,ERR,ERR,ERR,ERR,50.0,60.0,100,0.0,0.0,0.0,0.0,0.0,0.0,0.0,0.0,0.0,0.0,0.0,0.0,0.0,0.0,0.0,0.0,62.0,73,14,65513,50,65476,0,300,0,0,8,20529,65476,0,0,26214,60.0,0.0,0.0,0.0,0.0,0.0
2026-05-17T18:35:40,ERR,ERR,ERR,ERR,ERR,ERR,ERR,ERR,ERR,ERR,ERR,ERR,ERR,ERR,ERR,ERR,ERR,ERR,ERR,ERR,ERR,ERR,ERR,ERR,ERR,ERR,ERR,ERR,ERR,ERR,ERR,ERR,ERR,ERR,ERR,ERR,ERR,ERR,ERR,ERR,ERR,ERR,ERR,ERR,ERR,ERR,ERR,ERR,ERR,ERR,ERR,ERR,ERR,ERR,ERR,ERR,ERR,ERR,ERR,ERR,ERR,ERR,ERR,ERR,ERR,ERR,ERR,ERR,ERR,ERR,ERR,ERR,ERR,ERR,ERR,ERR,ERR,ERR,ERR,ERR,ERR,ERR,ERR,ERR,ERR,ERR,ERR,ERR,ERR,ERR,ERR,ERR,ERR,ERR,ERR,ERR,ERR,ERR,ERR,ERR,ERR,ERR,ERR,ERR,ERR,ERR,ERR,ERR,ERR,ERR,ERR,ERR,ERR,ERR,ERR,ERR,ERR,ERR,ERR,ERR,ERR,ERR,ERR,ERR,ERR,0.0,0.0,0.0,0.0,0.0,1.3936040501711995e+18,7.805,0.0,0,0,4,0,8422,0.0,45,0.0,0.0,0.0,0.0,0.0,0,0,0,0,0.0,0,0,0,0,0,0,0,0,0,0,0,0,0,0,0,0,0,0,0,0,0,0,0,0,0,0,0,0,0,0,0,0,0,38,14,7,45,65476,0,300,0,0,8,21553,0.0,-107605600.0,0.0,0.0,0.0,0.0,0.0,0.0,0.0,0.0,0.0,0.0,0.0,0.0,0.0,0.0,0.0,0.0,0.0,0.0,0.0,0.0,0.0,2.004,-0.0,0.0,0.0,0.0,0.0,0.0,5015.0,2.422987904532282e+24,0.0,0.0,0.0,-107615280.0,2.718429300292151e+23,0.0,0.0,0.0,0.0,53,-0.0,0.059,0.0,0.0,0.0,0.0,0.0,0.0,0.0,0,0,0,0.0,0.0,0.0,0.0,0.0,0.0,0.0,0.0,0.0,0.0,0.0,0.0,0.0,0.0,0.0,0.0,0,-107875648.0,53,0.0,106,-107614832.0,0.0,ERR,ERR,ERR,ERR,ERR,ERR,ERR,ERR,ERR,ERR,ERR,ERR,ERR,ERR,ERR,ERR,ERR,ERR,ERR,ERR,ERR,ERR,ERR,ERR,ERR,ERR,ERR,ERR,ERR,ERR,ERR,ERR,ERR,ERR,ERR,ERR,ERR,ERR,ERR,ERR,ERR,ERR,ERR,ERR,ERR,ERR,ERR,ERR,ERR,ERR,ERR,ERR,ERR,ERR,ERR,ERR,ERR,ERR,ERR,ERR,ERR,ERR,ERR,ERR,ERR,ERR,ERR,50.0,60.0,100,0.0,0.0,0.0,0.0,0.0,0.0,0.0,0.0,0.0,0.0,0.0,0.0,0.0,0.0,0.0,0.0,62.0,73,14,65513,50,65476,0,300,0,0,8,20529,65476,0,0,26214,60.0,0.0,0.0,0.0,0.0,0.0
2026-05-17T18:35:41,ERR,ERR,ERR,ERR,ERR,ERR,ERR,ERR,ERR,ERR,ERR,ERR,ERR,ERR,ERR,ERR,ERR,ERR,ERR,ERR,ERR,ERR,ERR,ERR,ERR,ERR,ERR,ERR,ERR,ERR,ERR,ERR,ERR,ERR,ERR,ERR,ERR,ERR,ERR,ERR,ERR,ERR,ERR,ERR,ERR,ERR,ERR,ERR,ERR,ERR,ERR,ERR,ERR,ERR,ERR,ERR,ERR,ERR,ERR,ERR,ERR,ERR,ERR,ERR,ERR,ERR,ERR,ERR,ERR,ERR,ERR,ERR,ERR,ERR,ERR,ERR,ERR,ERR,ERR,ERR,ERR,ERR,ERR,ERR,ERR,ERR,ERR,ERR,ERR,ERR,ERR,ERR,ERR,ERR,ERR,ERR,ERR,ERR,ERR,ERR,ERR,ERR,ERR,ERR,ERR,ERR,ERR,ERR,ERR,ERR,ERR,ERR,ERR,ERR,ERR,ERR,ERR,ERR,ERR,ERR,ERR,ERR,ERR,ERR,ERR,0.0,0.0,0.0,0.0,0.0,1.3936040501711995e+18,7.805,0.0,0,0,4,0,8422,0.0,45,0.0,0.0,0.0,0.0,0.0,0,0,0,0,0.0,0,0,0,0,0,0,0,0,0,0,0,0,0,0,0,0,0,0,0,0,0,0,0,0,0,0,0,0,0,0,0,0,0,38,14,7,45,65476,0,300,0,0,8,21553,0.0,-107605600.0,0.0,0.0,0.0,0.0,0.0,0.0,0.0,0.0,0.0,0.0,0.0,0.0,0.0,0.0,0.0,0.0,0.0,0.0,0.0,0.0,0.0,2.004,-0.0,0.0,0.0,0.0,0.0,0.0,5015.0,2.422987904532282e+24,0.0,0.0,0.0,-107615280.0,2.718429300292151e+23,0.0,0.0,0.0,0.0,53,-0.0,0.059,0.0,0.0,0.0,0.0,0.0,0.0,0.0,0,0,0,0.0,0.0,0.0,0.0,0.0,0.0,0.0,0.0,0.0,0.0,0.0,0.0,0.0,0.0,0.0,0.0,0,-107875648.0,53,0.0,106,-107614832.0,0.0,ERR,ERR,ERR,ERR,ERR,ERR,ERR,ERR,ERR,ERR,ERR,ERR,ERR,ERR,ERR,ERR,ERR,ERR,ERR,ERR,ERR,ERR,ERR,ERR,ERR,ERR,ERR,ERR,ERR,ERR,ERR,ERR,ERR,ERR,ERR,ERR,ERR,ERR,ERR,ERR,ERR,ERR,ERR,ERR,ERR,ERR,ERR,ERR,ERR,ERR,ERR,ERR,ERR,ERR,ERR,ERR,ERR,ERR,ERR,ERR,ERR,ERR,ERR,ERR,ERR,ERR,ERR,50.0,60.0,100,0.0,0.0,0.0,0.0,0.0,0.0,0.0,0.0,0.0,0.0,0.0,0.0,0.0,0.0,0.0,0.0,62.0,73,14,65513,50,65476,0,300,0,0,8,20529,65476,0,0,26214,60.0,0.0,0.0,0.0,0.0,0.0
2026-05-17T18:35:42,ERR,ERR,ERR,ERR,ERR,ERR,ERR,ERR,ERR,ERR,ERR,ERR,ERR,ERR,ERR,ERR,ERR,ERR,ERR,ERR,ERR,ERR,ERR,ERR,ERR,ERR,ERR,ERR,ERR,ERR,ERR,ERR,ERR,ERR,ERR,ERR,ERR,ERR,ERR,ERR,ERR,ERR,ERR,ERR,ERR,ERR,ERR,ERR,ERR,ERR,ERR,ERR,ERR,ERR,ERR,ERR,ERR,ERR,ERR,ERR,ERR,ERR,ERR,ERR,ERR,ERR,ERR,ERR,ERR,ERR,ERR,ERR,ERR,ERR,ERR,ERR,ERR,ERR,ERR,ERR,ERR,ERR,ERR,ERR,ERR,ERR,ERR,ERR,ERR,ERR,ERR,ERR,ERR,ERR,ERR,ERR,ERR,ERR,ERR,ERR,ERR,ERR,ERR,ERR,ERR,ERR,ERR,ERR,ERR,ERR,ERR,ERR,ERR,ERR,ERR,ERR,ERR,ERR,ERR,ERR,ERR,ERR,ERR,ERR,ERR,0.0,0.0,0.0,0.0,0.0,1.3936040501711995e+18,7.805,0.0,0,0,4,0,8422,0.0,45,0.0,0.0,0.0,0.0,0.0,0,0,0,0,0.0,0,0,0,0,0,0,0,0,0,0,0,0,0,0,0,0,0,0,0,0,0,0,0,0,0,0,0,0,0,0,0,0,0,38,14,7,45,65476,0,300,0,0,8,21553,0.0,-107605600.0,0.0,0.0,0.0,0.0,0.0,0.0,0.0,0.0,0.0,0.0,0.0,0.0,0.0,0.0,0.0,0.0,0.0,0.0,0.0,0.0,0.0,2.004,-0.0,0.0,0.0,0.0,0.0,0.0,5015.0,2.422987904532282e+24,0.0,0.0,0.0,-107615280.0,2.718429300292151e+23,0.0,0.0,0.0,0.0,53,-0.0,0.059,0.0,0.0,0.0,0.0,0.0,0.0,0.0,0,0,0,0.0,0.0,0.0,0.0,0.0,0.0,0.0,0.0,0.0,0.0,0.0,0.0,0.0,0.0,0.0,0.0,0,-107875648.0,53,0.0,106,-107614832.0,0.0,ERR,ERR,ERR,ERR,ERR,ERR,ERR,ERR,ERR,ERR,ERR,ERR,ERR,ERR,ERR,ERR,ERR,ERR,ERR,ERR,ERR,ERR,ERR,ERR,ERR,ERR,ERR,ERR,ERR,ERR,ERR,ERR,ERR,ERR,ERR,ERR,ERR,ERR,ERR,ERR,ERR,ERR,ERR,ERR,ERR,ERR,ERR,ERR,ERR,ERR,ERR,ERR,ERR,ERR,ERR,ERR,ERR,ERR,ERR,ERR,ERR,ERR,ERR,ERR,ERR,ERR,ERR,50.0,60.0,100,0.0,0.0,0.0,0.0,0.0,0.0,0.0,0.0,0.0,0.0,0.0,0.0,0.0,0.0,0.0,0.0,62.0,73,14,65513,50,65476,0,300,0,0,8,20529,65476,0,0,26214,60.0,0.0,0.0,0.0,0.0,0.0
2026-05-17T18:35:43,ERR,ERR,ERR,ERR,ERR,ERR,ERR,ERR,ERR,ERR,ERR,ERR,ERR,ERR,ERR,ERR,ERR,ERR,ERR,ERR,ERR,ERR,ERR,ERR,ERR,ERR,ERR,ERR,ERR,ERR,ERR,ERR,ERR,ERR,ERR,ERR,ERR,ERR,ERR,ERR,ERR,ERR,ERR,ERR,ERR,ERR,ERR,ERR,ERR,ERR,ERR,ERR,ERR,ERR,ERR,ERR,ERR,ERR,ERR,ERR,ERR,ERR,ERR,ERR,ERR,ERR,ERR,ERR,ERR,ERR,ERR,ERR,ERR,ERR,ERR,ERR,ERR,ERR,ERR,ERR,ERR,ERR,ERR,ERR,ERR,ERR,ERR,ERR,ERR,ERR,ERR,ERR,ERR,ERR,ERR,ERR,ERR,ERR,ERR,ERR,ERR,ERR,ERR,ERR,ERR,ERR,ERR,ERR,ERR,ERR,ERR,ERR,ERR,ERR,ERR,ERR,ERR,ERR,ERR,ERR,ERR,ERR,ERR,ERR,ERR,0.0,0.0,0.0,0.0,0.0,1.3936040501711995e+18,7.805,0.0,0,0,4,0,8422,0.0,45,0.0,0.0,0.0,0.0,0.0,0,0,0,0,0.0,0,0,0,0,0,0,0,0,0,0,0,0,0,0,0,0,0,0,0,0,0,0,0,0,0,0,0,0,0,0,0,0,0,38,14,7,45,65476,0,300,0,0,8,21553,0.0,-107605600.0,0.0,0.0,0.0,0.0,0.0,0.0,0.0,0.0,0.0,0.0,0.0,0.0,0.0,0.0,0.0,0.0,0.0,0.0,0.0,0.0,0.0,2.004,-0.0,0.0,0.0,0.0,0.0,0.0,5014.0,0.0,0.0,0.0,0.0,-107615280.0,2.718429300292151e+23,0.0,0.0,0.0,0.0,53,5.848083413016271e+35,-107614776.0,0.0,0.0,0.0,0.0,0.0,0.0,0.0,0,0,0,0.0,0.0,0.0,0.0,0.0,0.0,0.0,0.0,0.0,0.0,0.0,0.0,0.0,0.0,0.0,0.0,0,-107875648.0,53,0.0,106,-107614832.0,0.0,ERR,ERR,ERR,ERR,ERR,ERR,ERR,ERR,ERR,ERR,ERR,ERR,ERR,ERR,ERR,ERR,ERR,ERR,ERR,ERR,ERR,ERR,ERR,ERR,ERR,ERR,ERR,ERR,ERR,ERR,ERR,ERR,ERR,ERR,ERR,ERR,ERR,ERR,ERR,ERR,ERR,ERR,ERR,ERR,ERR,ERR,ERR,ERR,ERR,ERR,ERR,ERR,ERR,ERR,ERR,ERR,ERR,ERR,ERR,ERR,ERR,ERR,ERR,ERR,ERR,ERR,ERR,50.0,60.0,100,0.0,0.0,0.0,0.0,0.0,0.0,0.0,0.0,0.0,0.0,0.0,0.0,0.0,0.0,0.0,0.0,61.6,73,14,65513,50,65476,0,300,0,0,8,20529,65476,0,0,26214,60.0,0.0,0.0,0.0,0.0,0.0
2026-05-17T18:35:44,ERR,ERR,ERR,ERR,ERR,ERR,ERR,ERR,ERR,ERR,ERR,ERR,ERR,ERR,ERR,ERR,ERR,ERR,ERR,ERR,ERR,ERR,ERR,ERR,ERR,ERR,ERR,ERR,ERR,ERR,ERR,ERR,ERR,ERR,ERR,ERR,ERR,ERR,ERR,ERR,ERR,ERR,ERR,ERR,ERR,ERR,ERR,ERR,ERR,ERR,ERR,ERR,ERR,ERR,ERR,ERR,ERR,ERR,ERR,ERR,ERR,ERR,ERR,ERR,ERR,ERR,ERR,ERR,ERR,ERR,ERR,ERR,ERR,ERR,ERR,ERR,ERR,ERR,ERR,ERR,ERR,ERR,ERR,ERR,ERR,ERR,ERR,ERR,ERR,ERR,ERR,ERR,ERR,ERR,ERR,ERR,ERR,ERR,ERR,ERR,ERR,ERR,ERR,ERR,ERR,ERR,ERR,ERR,ERR,ERR,ERR,ERR,ERR,ERR,ERR,ERR,ERR,ERR,ERR,ERR,ERR,ERR,ERR,ERR,ERR,0.0,0.0,0.0,0.0,0.0,1.3936040501711995e+18,7.805,0.0,0,0,4,0,8422,0.0,45,0.0,0.0,0.0,0.0,0.0,0,0,0,0,0.0,0,0,0,0,0,0,0,0,0,0,0,0,0,0,0,0,0,0,0,0,0,0,0,0,0,0,0,0,0,0,0,0,0,38,14,7,45,65476,0,300,0,0,8,21553,0.0,-107605600.0,0.0,0.0,0.0,0.0,0.0,0.0,0.0,0.0,0.0,0.0,0.0,0.0,0.0,0.0,0.0,0.0,0.0,0.0,0.0,0.0,0.0,2.004,-0.0,0.0,0.0,0.0,0.0,0.0,5014.0,0.0,0.0,0.0,0.0,-107615280.0,2.718429300292151e+23,0.0,0.0,0.0,0.0,53,5.848083413016271e+35,-107614776.0,0.0,0.0,0.0,0.0,0.0,0.0,0.0,0,0,0,0.0,0.0,0.0,0.0,0.0,0.0,0.0,0.0,0.0,0.0,0.0,0.0,0.0,0.0,0.0,0.0,0,-107875648.0,53,0.0,106,-107614832.0,0.0,ERR,ERR,ERR,ERR,ERR,ERR,ERR,ERR,ERR,ERR,ERR,ERR,ERR,ERR,ERR,ERR,ERR,ERR,ERR,ERR,ERR,ERR,ERR,ERR,ERR,ERR,ERR,ERR,ERR,ERR,ERR,ERR,ERR,ERR,ERR,ERR,ERR,ERR,ERR,ERR,ERR,ERR,ERR,ERR,ERR,ERR,ERR,ERR,ERR,ERR,ERR,ERR,ERR,ERR,ERR,ERR,ERR,ERR,ERR,ERR,ERR,ERR,ERR,ERR,ERR,ERR,ERR,50.0,60.0,100,0.0,0.0,0.0,0.0,0.0,0.0,0.0,0.0,0.0,0.0,0.0,0.0,0.0,0.0,0.0,0.0,61.6,73,14,65513,50,65476,0,300,0,0,8,20529,65476,0,0,26214,60.0,0.0,0.0,0.0,0.0,0.0
2026-05-17T18:35:45,ERR,ERR,ERR,ERR,ERR,ERR,ERR,ERR,ERR,ERR,ERR,ERR,ERR,ERR,ERR,ERR,ERR,ERR,ERR,ERR,ERR,ERR,ERR,ERR,ERR,ERR,ERR,ERR,ERR,ERR,ERR,ERR,ERR,ERR,ERR,ERR,ERR,ERR,ERR,ERR,ERR,ERR,ERR,ERR,ERR,ERR,ERR,ERR,ERR,ERR,ERR,ERR,ERR,ERR,ERR,ERR,ERR,ERR,ERR,ERR,ERR,ERR,ERR,ERR,ERR,ERR,ERR,ERR,ERR,ERR,ERR,ERR,ERR,ERR,ERR,ERR,ERR,ERR,ERR,ERR,ERR,ERR,ERR,ERR,ERR,ERR,ERR,ERR,ERR,ERR,ERR,ERR,ERR,ERR,ERR,ERR,ERR,ERR,ERR,ERR,ERR,ERR,ERR,ERR,ERR,ERR,ERR,ERR,ERR,ERR,ERR,ERR,ERR,ERR,ERR,ERR,ERR,ERR,ERR,ERR,ERR,ERR,ERR,ERR,ERR,0.0,0.0,0.0,0.0,0.0,1.3936040501711995e+18,7.805,0.0,0,0,4,0,8422,0.0,45,0.0,0.0,0.0,0.0,0.0,0,0,0,0,0.0,0,0,0,0,0,0,0,0,0,0,0,0,0,0,0,0,0,0,0,0,0,0,0,0,0,0,0,0,0,0,0,0,0,38,14,7,45,65476,0,300,0,0,8,21553,0.0,-107605600.0,0.0,0.0,0.0,0.0,0.0,0.0,0.0,0.0,0.0,0.0,0.0,0.0,0.0,0.0,0.0,0.0,0.0,0.0,0.0,0.0,0.0,2.004,-0.0,0.0,0.0,0.0,0.0,0.0,5014.0,0.0,0.0,0.0,0.0,-107615280.0,2.718429300292151e+23,0.0,0.0,0.0,0.0,53,5.848083413016271e+35,-107614776.0,0.0,0.0,0.0,0.0,0.0,0.0,0.0,0,0,0,0.0,0.0,0.0,0.0,0.0,0.0,0.0,0.0,0.0,0.0,0.0,0.0,0.0,0.0,0.0,0.0,0,-107875648.0,53,0.0,106,-107614832.0,0.0,ERR,ERR,ERR,ERR,ERR,ERR,ERR,ERR,ERR,ERR,ERR,ERR,ERR,ERR,ERR,ERR,ERR,ERR,ERR,ERR,ERR,ERR,ERR,ERR,ERR,ERR,ERR,ERR,ERR,ERR,ERR,ERR,ERR,ERR,ERR,ERR,ERR,ERR,ERR,ERR,ERR,ERR,ERR,ERR,ERR,ERR,ERR,ERR,ERR,ERR,ERR,ERR,ERR,ERR,ERR,ERR,ERR,ERR,ERR,ERR,ERR,ERR,ERR,ERR,ERR,ERR,ERR,50.0,60.0,100,0.0,0.0,0.0,0.0,0.0,0.0,0.0,0.0,0.0,0.0,0.0,0.0,0.0,0.0,0.0,0.0,61.6,73,14,65513,50,65476,0,300,0,0,8,20529,65476,0,0,26214,60.0,0.0,0.0,0.0,0.0,0.0
2026-05-17T18:35:46,ERR,ERR,ERR,ERR,ERR,ERR,ERR,ERR,ERR,ERR,ERR,ERR,ERR,ERR,ERR,ERR,ERR,ERR,ERR,ERR,ERR,ERR,ERR,ERR,ERR,ERR,ERR,ERR,ERR,ERR,ERR,ERR,ERR,ERR,ERR,ERR,ERR,ERR,ERR,ERR,ERR,ERR,ERR,ERR,ERR,ERR,ERR,ERR,ERR,ERR,ERR,ERR,ERR,ERR,ERR,ERR,ERR,ERR,ERR,ERR,ERR,ERR,ERR,ERR,ERR,ERR,ERR,ERR,ERR,ERR,ERR,ERR,ERR,ERR,ERR,ERR,ERR,ERR,ERR,ERR,ERR,ERR,ERR,ERR,ERR,ERR,ERR,ERR,ERR,ERR,ERR,ERR,ERR,ERR,ERR,ERR,ERR,ERR,ERR,ERR,ERR,ERR,ERR,ERR,ERR,ERR,ERR,ERR,ERR,ERR,ERR,ERR,ERR,ERR,ERR,ERR,ERR,ERR,ERR,ERR,ERR,ERR,ERR,ERR,ERR,0.0,0.0,0.0,0.0,0.0,1.3936040501711995e+18,7.805,0.0,0,0,4,0,8422,0.0,45,0.0,0.0,0.0,0.0,0.0,0,0,0,0,0.0,0,0,0,0,0,0,0,0,0,0,0,0,0,0,0,0,0,0,0,0,0,0,0,0,0,0,0,0,0,0,0,0,0,38,14,7,45,65476,0,300,0,0,8,21553,0.0,-107605600.0,0.0,0.0,0.0,0.0,0.0,0.0,0.0,0.0,0.0,0.0,0.0,0.0,0.0,0.0,0.0,0.0,0.0,0.0,0.0,0.0,0.0,2.004,-0.0,0.0,0.0,0.0,0.0,0.0,5014.0,0.0,0.0,0.0,0.0,-107615280.0,2.718429300292151e+23,0.0,0.0,0.0,0.0,53,5.848083413016271e+35,-107614776.0,0.0,0.0,0.0,0.0,0.0,0.0,0.0,0,0,0,0.0,0.0,0.0,0.0,0.0,0.0,0.0,0.0,0.0,0.0,0.0,0.0,0.0,0.0,0.0,0.0,0,-107875648.0,53,0.0,106,-107614832.0,0.0,ERR,ERR,ERR,ERR,ERR,ERR,ERR,ERR,ERR,ERR,ERR,ERR,ERR,ERR,ERR,ERR,ERR,ERR,ERR,ERR,ERR,ERR,ERR,ERR,ERR,ERR,ERR,ERR,ERR,ERR,ERR,ERR,ERR,ERR,ERR,ERR,ERR,ERR,ERR,ERR,ERR,ERR,ERR,ERR,ERR,ERR,ERR,ERR,ERR,ERR,ERR,ERR,ERR,ERR,ERR,ERR,ERR,ERR,ERR,ERR,ERR,ERR,ERR,ERR,ERR,ERR,ERR,50.0,60.0,100,0.0,0.0,0.0,0.0,0.0,0.0,0.0,0.0,0.0,0.0,0.0,0.0,0.0,0.0,0.0,0.0,62.0,73,14,65513,50,65476,0,300,0,0,8,20529,65476,0,0,26214,60.0,0.0,0.0,0.0,0.0,0.0
2026-05-17T18:35:47,ERR,ERR,ERR,ERR,ERR,ERR,ERR,ERR,ERR,ERR,ERR,ERR,ERR,ERR,ERR,ERR,ERR,ERR,ERR,ERR,ERR,ERR,ERR,ERR,ERR,ERR,ERR,ERR,ERR,ERR,ERR,ERR,ERR,ERR,ERR,ERR,ERR,ERR,ERR,ERR,ERR,ERR,ERR,ERR,ERR,ERR,ERR,ERR,ERR,ERR,ERR,ERR,ERR,ERR,ERR,ERR,ERR,ERR,ERR,ERR,ERR,ERR,ERR,ERR,ERR,ERR,ERR,ERR,ERR,ERR,ERR,ERR,ERR,ERR,ERR,ERR,ERR,ERR,ERR,ERR,ERR,ERR,ERR,ERR,ERR,ERR,ERR,ERR,ERR,ERR,ERR,ERR,ERR,ERR,ERR,ERR,ERR,ERR,ERR,ERR,ERR,ERR,ERR,ERR,ERR,ERR,ERR,ERR,ERR,ERR,ERR,ERR,ERR,ERR,ERR,ERR,ERR,ERR,ERR,ERR,ERR,ERR,ERR,ERR,ERR,0.0,0.0,0.0,0.0,0.0,1.3936040501711995e+18,7.805,0.0,0,0,4,0,8422,0.0,45,0.0,0.0,0.0,0.0,0.0,0,0,0,0,0.0,0,0,0,0,0,0,0,0,0,0,0,0,0,0,0,0,0,0,0,0,0,0,0,0,0,0,0,0,0,0,0,0,0,38,14,7,45,65476,0,300,0,0,8,21553,0.0,-107605600.0,0.0,0.0,0.0,0.0,0.0,0.0,0.0,0.0,0.0,0.0,0.0,0.0,0.0,0.0,0.0,0.0,0.0,0.0,0.0,0.0,0.0,2.004,-0.0,0.0,0.0,0.0,0.0,0.0,5014.0,0.0,0.0,0.0,0.0,-107615280.0,2.718429300292151e+23,0.0,0.0,0.0,0.0,53,5.848083413016271e+35,-107614776.0,0.0,0.0,0.0,0.0,0.0,0.0,0.0,0,0,0,0.0,0.0,0.0,0.0,0.0,0.0,0.0,0.0,0.0,0.0,0.0,0.0,0.0,0.0,0.0,0.0,0,-107875648.0,53,0.0,106,-107614832.0,0.0,ERR,ERR,ERR,ERR,ERR,ERR,ERR,ERR,ERR,ERR,ERR,ERR,ERR,ERR,ERR,ERR,ERR,ERR,ERR,ERR,ERR,ERR,ERR,ERR,ERR,ERR,ERR,ERR,ERR,ERR,ERR,ERR,ERR,ERR,ERR,ERR,ERR,ERR,ERR,ERR,ERR,ERR,ERR,ERR,ERR,ERR,ERR,ERR,ERR,ERR,ERR,ERR,ERR,ERR,ERR,ERR,ERR,ERR,ERR,ERR,ERR,ERR,ERR,ERR,ERR,ERR,ERR,50.0,60.0,100,0.0,0.0,0.0,0.0,0.0,0.0,0.0,0.0,0.0,0.0,0.0,0.0,0.0,0.0,0.0,0.0,62.0,73,14,65513,50,65476,0,300,0,0,8,20529,65476,0,0,26214,60.0,0.0,0.0,0.0,0.0,0.0
2026-05-17T18:35:48,ERR,ERR,ERR,ERR,ERR,ERR,ERR,ERR,ERR,ERR,ERR,ERR,ERR,ERR,ERR,ERR,ERR,ERR,ERR,ERR,ERR,ERR,ERR,ERR,ERR,ERR,ERR,ERR,ERR,ERR,ERR,ERR,ERR,ERR,ERR,ERR,ERR,ERR,ERR,ERR,ERR,ERR,ERR,ERR,ERR,ERR,ERR,ERR,ERR,ERR,ERR,ERR,ERR,ERR,ERR,ERR,ERR,ERR,ERR,ERR,ERR,ERR,ERR,ERR,ERR,ERR,ERR,ERR,ERR,ERR,ERR,ERR,ERR,ERR,ERR,ERR,ERR,ERR,ERR,ERR,ERR,ERR,ERR,ERR,ERR,ERR,ERR,ERR,ERR,ERR,ERR,ERR,ERR,ERR,ERR,ERR,ERR,ERR,ERR,ERR,ERR,ERR,ERR,ERR,ERR,ERR,ERR,ERR,ERR,ERR,ERR,ERR,ERR,ERR,ERR,ERR,ERR,ERR,ERR,ERR,ERR,ERR,ERR,ERR,ERR,0.0,0.0,0.0,0.0,0.0,1.3936040501711995e+18,7.805,0.0,0,0,4,0,8422,0.0,45,0.0,0.0,0.0,0.0,0.0,0,0,0,0,0.0,0,0,0,0,0,0,0,0,0,0,0,0,0,0,0,0,0,0,0,0,0,0,0,0,0,0,0,0,0,0,0,0,0,38,14,7,45,65476,0,300,0,0,8,21553,0.0,-107605600.0,0.0,0.0,0.0,0.0,0.0,0.0,0.0,0.0,0.0,0.0,0.0,0.0,0.0,0.0,0.0,0.0,0.0,0.0,0.0,0.0,0.0,2.004,-0.0,0.0,0.0,0.0,0.0,0.0,4977.0,-0.0,0.0,0.0,0.0,-107615280.0,2.718429300292151e+23,0.0,0.0,0.0,0.0,53,-0.0,0.0,0.0,0.0,0.0,0.0,0.0,0.0,0.0,0,0,0,0.0,0.0,0.0,0.0,0.0,0.0,0.0,0.0,0.0,0.0,0.0,0.0,0.0,0.0,0.0,0.0,0,-107875648.0,53,0.0,106,-107614832.0,0.0,ERR,ERR,ERR,ERR,ERR,ERR,ERR,ERR,ERR,ERR,ERR,ERR,ERR,ERR,ERR,ERR,ERR,ERR,ERR,ERR,ERR,ERR,ERR,ERR,ERR,ERR,ERR,ERR,ERR,ERR,ERR,ERR,ERR,ERR,ERR,ERR,ERR,ERR,ERR,ERR,ERR,ERR,ERR,ERR,ERR,ERR,ERR,ERR,ERR,ERR,ERR,ERR,ERR,ERR,ERR,ERR,ERR,ERR,ERR,ERR,ERR,ERR,ERR,ERR,ERR,ERR,ERR,50.0,60.0,100,0.0,0.0,0.0,0.0,0.0,0.0,0.0,0.0,0.0,0.0,0.0,0.0,0.0,0.0,0.0,0.0,61.6,73,14,65513,50,65476,0,300,0,0,8,20529,65476,0,0,26214,60.0,0.0,0.0,0.0,0.0,0.0
2026-05-17T18:35:49,ERR,ERR,ERR,ERR,ERR,ERR,ERR,ERR,ERR,ERR,ERR,ERR,ERR,ERR,ERR,ERR,ERR,ERR,ERR,ERR,ERR,ERR,ERR,ERR,ERR,ERR,ERR,ERR,ERR,ERR,ERR,ERR,ERR,ERR,ERR,ERR,ERR,ERR,ERR,ERR,ERR,ERR,ERR,ERR,ERR,ERR,ERR,ERR,ERR,ERR,ERR,ERR,ERR,ERR,ERR,ERR,ERR,ERR,ERR,ERR,ERR,ERR,ERR,ERR,ERR,ERR,ERR,ERR,ERR,ERR,ERR,ERR,ERR,ERR,ERR,ERR,ERR,ERR,ERR,ERR,ERR,ERR,ERR,ERR,ERR,ERR,ERR,ERR,ERR,ERR,ERR,ERR,ERR,ERR,ERR,ERR,ERR,ERR,ERR,ERR,ERR,ERR,ERR,ERR,ERR,ERR,ERR,ERR,ERR,ERR,ERR,ERR,ERR,ERR,ERR,ERR,ERR,ERR,ERR,ERR,ERR,ERR,ERR,ERR,ERR,0.0,0.0,0.0,0.0,0.0,1.3936040501711995e+18,7.805,0.0,0,0,4,0,8422,0.0,45,0.0,0.0,0.0,0.0,0.0,0,0,0,0,0.0,0,0,0,0,0,0,0,0,0,0,0,0,0,0,0,0,0,0,0,0,0,0,0,0,0,0,0,0,0,0,0,0,0,38,14,7,45,65476,0,300,0,0,8,21553,0.0,-107605600.0,0.0,0.0,0.0,0.0,0.0,0.0,0.0,0.0,0.0,0.0,0.0,0.0,0.0,0.0,0.0,0.0,0.0,0.0,0.0,0.0,0.0,2.004,-0.0,0.0,0.0,0.0,0.0,0.0,4977.0,-0.0,0.0,0.0,0.0,-107615280.0,2.718429300292151e+23,0.0,0.0,0.0,0.0,53,-0.0,0.0,0.0,0.0,0.0,0.0,0.0,0.0,0.0,0,0,0,0.0,0.0,0.0,0.0,0.0,0.0,0.0,0.0,0.0,0.0,0.0,0.0,0.0,0.0,0.0,0.0,0,-107875648.0,53,0.0,106,-107614832.0,0.0,ERR,ERR,ERR,ERR,ERR,ERR,ERR,ERR,ERR,ERR,ERR,ERR,ERR,ERR,ERR,ERR,ERR,ERR,ERR,ERR,ERR,ERR,ERR,ERR,ERR,ERR,ERR,ERR,ERR,ERR,ERR,ERR,ERR,ERR,ERR,ERR,ERR,ERR,ERR,ERR,ERR,ERR,ERR,ERR,ERR,ERR,ERR,ERR,ERR,ERR,ERR,ERR,ERR,ERR,ERR,ERR,ERR,ERR,ERR,ERR,ERR,ERR,ERR,ERR,ERR,ERR,ERR,50.0,60.0,100,0.0,0.0,0.0,0.0,0.0,0.0,0.0,0.0,0.0,0.0,0.0,0.0,0.0,0.0,0.0,0.0,61.6,73,14,65513,50,65476,0,300,0,0,8,20529,65476,0,0,26214,60.0,0.0,0.0,0.0,0.0,0.0
2026-05-17T18:35:50,ERR,ERR,ERR,ERR,ERR,ERR,ERR,ERR,ERR,ERR,ERR,ERR,ERR,ERR,ERR,ERR,ERR,ERR,ERR,ERR,ERR,ERR,ERR,ERR,ERR,ERR,ERR,ERR,ERR,ERR,ERR,ERR,ERR,ERR,ERR,ERR,ERR,ERR,ERR,ERR,ERR,ERR,ERR,ERR,ERR,ERR,ERR,ERR,ERR,ERR,ERR,ERR,ERR,ERR,ERR,ERR,ERR,ERR,ERR,ERR,ERR,ERR,ERR,ERR,ERR,ERR,ERR,ERR,ERR,ERR,ERR,ERR,ERR,ERR,ERR,ERR,ERR,ERR,ERR,ERR,ERR,ERR,ERR,ERR,ERR,ERR,ERR,ERR,ERR,ERR,ERR,ERR,ERR,ERR,ERR,ERR,ERR,ERR,ERR,ERR,ERR,ERR,ERR,ERR,ERR,ERR,ERR,ERR,ERR,ERR,ERR,ERR,ERR,ERR,ERR,ERR,ERR,ERR,ERR,ERR,ERR,ERR,ERR,ERR,ERR,0.0,0.0,0.0,0.0,0.0,1.3936040501711995e+18,7.805,0.0,0,0,4,0,8422,0.0,45,0.0,0.0,0.0,0.0,0.0,0,0,0,0,0.0,0,0,0,0,0,0,0,0,0,0,0,0,0,0,0,0,0,0,0,0,0,0,0,0,0,0,0,0,0,0,0,0,0,38,14,7,45,65476,0,300,0,0,8,21553,0.0,-107605600.0,0.0,0.0,0.0,0.0,0.0,0.0,0.0,0.0,0.0,0.0,0.0,0.0,0.0,0.0,0.0,0.0,0.0,0.0,0.0,0.0,0.0,2.004,-0.0,0.0,0.0,0.0,0.0,0.0,4977.0,-0.0,0.0,0.0,0.0,-107615280.0,2.718429300292151e+23,0.0,0.0,0.0,0.0,53,-0.0,0.0,0.0,0.0,0.0,0.0,0.0,0.0,0.0,0,0,0,0.0,0.0,0.0,0.0,0.0,0.0,0.0,0.0,0.0,0.0,0.0,0.0,0.0,0.0,0.0,0.0,0,-107875648.0,53,0.0,106,-107614832.0,0.0,ERR,ERR,ERR,ERR,ERR,ERR,ERR,ERR,ERR,ERR,ERR,ERR,ERR,ERR,ERR,ERR,ERR,ERR,ERR,ERR,ERR,ERR,ERR,ERR,ERR,ERR,ERR,ERR,ERR,ERR,ERR,ERR,ERR,ERR,ERR,ERR,ERR,ERR,ERR,ERR,ERR,ERR,ERR,ERR,ERR,ERR,ERR,ERR,ERR,ERR,ERR,ERR,ERR,ERR,ERR,ERR,ERR,ERR,ERR,ERR,ERR,ERR,ERR,ERR,ERR,ERR,ERR,50.0,60.0,100,0.0,0.0,0.0,0.0,0.0,0.0,0.0,0.0,0.0,0.0,0.0,0.0,0.0,0.0,0.0,0.0,61.6,73,14,65513,50,65476,0,300,0,0,8,20529,65476,0,0,26214,60.0,0.0,0.0,0.0,0.0,0.0
2026-05-17T18:35:51,ERR,ERR,ERR,ERR,ERR,ERR,ERR,ERR,ERR,ERR,ERR,ERR,ERR,ERR,ERR,ERR,ERR,ERR,ERR,ERR,ERR,ERR,ERR,ERR,ERR,ERR,ERR,ERR,ERR,ERR,ERR,ERR,ERR,ERR,ERR,ERR,ERR,ERR,ERR,ERR,ERR,ERR,ERR,ERR,ERR,ERR,ERR,ERR,ERR,ERR,ERR,ERR,ERR,ERR,ERR,ERR,ERR,ERR,ERR,ERR,ERR,ERR,ERR,ERR,ERR,ERR,ERR,ERR,ERR,ERR,ERR,ERR,ERR,ERR,ERR,ERR,ERR,ERR,ERR,ERR,ERR,ERR,ERR,ERR,ERR,ERR,ERR,ERR,ERR,ERR,ERR,ERR,ERR,ERR,ERR,ERR,ERR,ERR,ERR,ERR,ERR,ERR,ERR,ERR,ERR,ERR,ERR,ERR,ERR,ERR,ERR,ERR,ERR,ERR,ERR,ERR,ERR,ERR,ERR,ERR,ERR,ERR,ERR,ERR,ERR,0.0,0.0,0.0,0.0,0.0,1.3936040501711995e+18,7.805,0.0,0,0,4,0,8422,0.0,45,0.0,0.0,0.0,0.0,0.0,0,0,0,0,0.0,0,0,0,0,0,0,0,0,0,0,0,0,0,0,0,0,0,0,0,0,0,0,0,0,0,0,0,0,0,0,0,0,0,38,14,7,45,65476,0,300,0,0,8,21553,0.0,-107605600.0,0.0,0.0,0.0,0.0,0.0,0.0,0.0,0.0,0.0,0.0,0.0,0.0,0.0,0.0,0.0,0.0,0.0,0.0,0.0,0.0,0.0,2.004,-0.0,0.0,0.0,0.0,0.0,0.0,4977.0,-0.0,0.0,0.0,0.0,-107615280.0,2.718429300292151e+23,0.0,0.0,0.0,0.0,53,-0.0,0.0,0.0,0.0,0.0,0.0,0.0,0.0,0.0,0,0,0,0.0,0.0,0.0,0.0,0.0,0.0,0.0,0.0,0.0,0.0,0.0,0.0,0.0,0.0,0.0,0.0,0,-107875648.0,53,0.0,106,-107614832.0,0.0,ERR,ERR,ERR,ERR,ERR,ERR,ERR,ERR,ERR,ERR,ERR,ERR,ERR,ERR,ERR,ERR,ERR,ERR,ERR,ERR,ERR,ERR,ERR,ERR,ERR,ERR,ERR,ERR,ERR,ERR,ERR,ERR,ERR,ERR,ERR,ERR,ERR,ERR,ERR,ERR,ERR,ERR,ERR,ERR,ERR,ERR,ERR,ERR,ERR,ERR,ERR,ERR,ERR,ERR,ERR,ERR,ERR,ERR,ERR,ERR,ERR,ERR,ERR,ERR,ERR,ERR,ERR,50.0,60.0,100,0.0,0.0,0.0,0.0,0.0,0.0,0.0,0.0,0.0,0.0,0.0,0.0,0.0,0.0,0.0,0.0,61.6,73,14,65513,50,65476,0,300,0,0,8,20529,65476,0,0,26214,60.0,0.0,0.0,0.0,0.0,0.0
2026-05-17T18:35:52,ERR,ERR,ERR,ERR,ERR,ERR,ERR,ERR,ERR,ERR,ERR,ERR,ERR,ERR,ERR,ERR,ERR,ERR,ERR,ERR,ERR,ERR,ERR,ERR,ERR,ERR,ERR,ERR,ERR,ERR,ERR,ERR,ERR,ERR,ERR,ERR,ERR,ERR,ERR,ERR,ERR,ERR,ERR,ERR,ERR,ERR,ERR,ERR,ERR,ERR,ERR,ERR,ERR,ERR,ERR,ERR,ERR,ERR,ERR,ERR,ERR,ERR,ERR,ERR,ERR,ERR,ERR,ERR,ERR,ERR,ERR,ERR,ERR,ERR,ERR,ERR,ERR,ERR,ERR,ERR,ERR,ERR,ERR,ERR,ERR,ERR,ERR,ERR,ERR,ERR,ERR,ERR,ERR,ERR,ERR,ERR,ERR,ERR,ERR,ERR,ERR,ERR,ERR,ERR,ERR,ERR,ERR,ERR,ERR,ERR,ERR,ERR,ERR,ERR,ERR,ERR,ERR,ERR,ERR,ERR,ERR,ERR,ERR,ERR,ERR,0.0,0.0,0.0,0.0,0.0,1.3936040501711995e+18,7.805,0.0,0,0,4,0,8422,0.0,45,0.0,0.0,0.0,0.0,0.0,0,0,0,0,0.0,0,0,0,0,0,0,0,0,0,0,0,0,0,0,0,0,0,0,0,0,0,0,0,0,0,0,0,0,0,0,0,0,0,38,14,7,45,65476,0,300,0,0,8,21553,0.0,-107605600.0,0.0,0.0,0.0,0.0,0.0,0.0,0.0,0.0,0.0,0.0,0.0,0.0,0.0,0.0,0.0,0.0,0.0,0.0,0.0,0.0,0.0,2.004,-0.0,0.0,0.0,0.0,0.0,0.0,4977.0,-0.0,0.0,0.0,0.0,-107615280.0,2.718429300292151e+23,0.0,0.0,0.0,0.0,53,-0.0,0.0,0.0,0.0,0.0,0.0,0.0,0.0,0.0,0,0,0,0.0,0.0,0.0,0.0,0.0,0.0,0.0,0.0,0.0,0.0,0.0,0.0,0.0,0.0,0.0,0.0,0,-107875648.0,53,0.0,106,-107614832.0,0.0,ERR,ERR,ERR,ERR,ERR,ERR,ERR,ERR,ERR,ERR,ERR,ERR,ERR,ERR,ERR,ERR,ERR,ERR,ERR,ERR,ERR,ERR,ERR,ERR,ERR,ERR,ERR,ERR,ERR,ERR,ERR,ERR,ERR,ERR,ERR,ERR,ERR,ERR,ERR,ERR,ERR,ERR,ERR,ERR,ERR,ERR,ERR,ERR,ERR,ERR,ERR,ERR,ERR,ERR,ERR,ERR,ERR,ERR,ERR,ERR,ERR,ERR,ERR,ERR,ERR,ERR,ERR,50.0,60.0,100,0.0,0.0,0.0,0.0,0.0,0.0,0.0,0.0,0.0,0.0,0.0,0.0,0.0,0.0,0.0,0.0,61.6,73,14,65513,50,65476,0,300,0,0,8,20529,65476,0,0,26214,60.0,0.0,0.0,0.0,0.0,0.0
2026-05-17T18:35:53,ERR,ERR,ERR,ERR,ERR,ERR,ERR,ERR,ERR,ERR,ERR,ERR,ERR,ERR,ERR,ERR,ERR,ERR,ERR,ERR,ERR,ERR,ERR,ERR,ERR,ERR,ERR,ERR,ERR,ERR,ERR,ERR,ERR,ERR,ERR,ERR,ERR,ERR,ERR,ERR,ERR,ERR,ERR,ERR,ERR,ERR,ERR,ERR,ERR,ERR,ERR,ERR,ERR,ERR,ERR,ERR,ERR,ERR,ERR,ERR,ERR,ERR,ERR,ERR,ERR,ERR,ERR,ERR,ERR,ERR,ERR,ERR,ERR,ERR,ERR,ERR,ERR,ERR,ERR,ERR,ERR,ERR,ERR,ERR,ERR,ERR,ERR,ERR,ERR,ERR,ERR,ERR,ERR,ERR,ERR,ERR,ERR,ERR,ERR,ERR,ERR,ERR,ERR,ERR,ERR,ERR,ERR,ERR,ERR,ERR,ERR,ERR,ERR,ERR,ERR,ERR,ERR,ERR,ERR,ERR,ERR,ERR,ERR,ERR,ERR,0.0,0.0,0.0,0.0,0.0,1.3936040501711995e+18,7.805,0.0,0,0,4,0,8422,0.0,45,0.0,0.0,0.0,0.0,0.0,0,0,0,0,0.0,0,0,0,0,0,0,0,0,0,0,0,0,0,0,0,0,0,0,0,0,0,0,0,0,0,0,0,0,0,0,0,0,0,38,14,7,45,65476,0,300,0,0,8,21553,0.0,-107605600.0,0.0,0.0,0.0,0.0,0.0,0.0,0.0,0.0,0.0,0.0,0.0,0.0,0.0,0.0,0.0,0.0,0.0,0.0,0.0,0.0,0.0,2.004,-0.0,0.0,0.0,0.0,0.0,0.0,4977.0,-0.0,0.0,0.0,0.0,-107615280.0,2.718429300292151e+23,0.0,0.0,0.0,0.0,53,-0.0,0.0,0.0,0.0,0.0,0.0,0.0,0.0,0.0,0,0,0,0.0,0.0,0.0,0.0,0.0,0.0,0.0,0.0,0.0,0.0,0.0,0.0,0.0,0.0,0.0,0.0,0,-107875648.0,53,0.0,106,-107614832.0,0.0,ERR,ERR,ERR,ERR,ERR,ERR,ERR,ERR,ERR,ERR,ERR,ERR,ERR,ERR,ERR,ERR,ERR,ERR,ERR,ERR,ERR,ERR,ERR,ERR,ERR,ERR,ERR,ERR,ERR,ERR,ERR,ERR,ERR,ERR,ERR,ERR,ERR,ERR,ERR,ERR,ERR,ERR,ERR,ERR,ERR,ERR,ERR,ERR,ERR,ERR,ERR,ERR,ERR,ERR,ERR,ERR,ERR,ERR,ERR,ERR,ERR,ERR,ERR,ERR,ERR,ERR,ERR,50.0,60.0,100,0.0,0.0,0.0,0.0,0.0,0.0,0.0,0.0,0.0,0.0,0.0,0.0,0.0,0.0,0.0,0.0,61.6,73,14,65513,50,65476,0,300,0,0,8,20529,65476,0,0,26214,60.0,0.0,0.0,0.0,0.0,0.0
2026-05-17T18:35:54,ERR,ERR,ERR,ERR,ERR,ERR,ERR,ERR,ERR,ERR,ERR,ERR,ERR,ERR,ERR,ERR,ERR,ERR,ERR,ERR,ERR,ERR,ERR,ERR,ERR,ERR,ERR,ERR,ERR,ERR,ERR,ERR,ERR,ERR,ERR,ERR,ERR,ERR,ERR,ERR,ERR,ERR,ERR,ERR,ERR,ERR,ERR,ERR,ERR,ERR,ERR,ERR,ERR,ERR,ERR,ERR,ERR,ERR,ERR,ERR,ERR,ERR,ERR,ERR,ERR,ERR,ERR,ERR,ERR,ERR,ERR,ERR,ERR,ERR,ERR,ERR,ERR,ERR,ERR,ERR,ERR,ERR,ERR,ERR,ERR,ERR,ERR,ERR,ERR,ERR,ERR,ERR,ERR,ERR,ERR,ERR,ERR,ERR,ERR,ERR,ERR,ERR,ERR,ERR,ERR,ERR,ERR,ERR,ERR,ERR,ERR,ERR,ERR,ERR,ERR,ERR,ERR,ERR,ERR,ERR,ERR,ERR,ERR,ERR,ERR,0.0,0.0,0.0,0.0,0.0,1.3936040501711995e+18,7.805,0.0,0,0,4,0,8422,0.0,45,0.0,0.0,0.0,0.0,0.0,0,0,0,0,0.0,0,0,0,0,0,0,0,0,0,0,0,0,0,0,0,0,0,0,0,0,0,0,0,0,0,0,0,0,0,0,0,0,0,38,14,7,45,65476,0,300,0,0,8,21553,0.0,-107605600.0,0.0,0.0,0.0,0.0,0.0,0.0,0.0,0.0,0.0,0.0,0.0,0.0,0.0,0.0,0.0,0.0,0.0,0.0,0.0,0.0,0.0,2.004,-0.0,0.0,0.0,0.0,0.0,0.0,4979.0,-0.0,0.0,0.0,0.0,-107615280.0,2.718429300292151e+23,0.0,0.0,0.0,0.0,53,5.848083413016271e+35,0.0,0.0,0.0,0.0,0.0,0.0,0.0,0.0,0,0,0,0.0,0.0,0.0,0.0,0.0,0.0,0.0,0.0,0.0,0.0,0.0,0.0,0.0,0.0,0.0,0.0,0,-107875648.0,53,0.0,106,-107614832.0,0.0,ERR,ERR,ERR,ERR,ERR,ERR,ERR,ERR,ERR,ERR,ERR,ERR,ERR,ERR,ERR,ERR,ERR,ERR,ERR,ERR,ERR,ERR,ERR,ERR,ERR,ERR,ERR,ERR,ERR,ERR,ERR,ERR,ERR,ERR,ERR,ERR,ERR,ERR,ERR,ERR,ERR,ERR,ERR,ERR,ERR,ERR,ERR,ERR,ERR,ERR,ERR,ERR,ERR,ERR,ERR,ERR,ERR,ERR,ERR,ERR,ERR,ERR,ERR,ERR,ERR,ERR,ERR,50.0,60.0,100,0.0,0.0,0.0,0.0,0.0,0.0,0.0,0.0,0.0,0.0,0.0,0.0,0.0,0.0,0.0,0.0,61.6,73,14,65513,50,65476,0,300,0,0,8,20529,65476,0,0,26214,60.0,0.0,0.0,0.0,0.0,0.0
2026-05-17T18:35:55,ERR,ERR,ERR,ERR,ERR,ERR,ERR,ERR,ERR,ERR,ERR,ERR,ERR,ERR,ERR,ERR,ERR,ERR,ERR,ERR,ERR,ERR,ERR,ERR,ERR,ERR,ERR,ERR,ERR,ERR,ERR,ERR,ERR,ERR,ERR,ERR,ERR,ERR,ERR,ERR,ERR,ERR,ERR,ERR,ERR,ERR,ERR,ERR,ERR,ERR,ERR,ERR,ERR,ERR,ERR,ERR,ERR,ERR,ERR,ERR,ERR,ERR,ERR,ERR,ERR,ERR,ERR,ERR,ERR,ERR,ERR,ERR,ERR,ERR,ERR,ERR,ERR,ERR,ERR,ERR,ERR,ERR,ERR,ERR,ERR,ERR,ERR,ERR,ERR,ERR,ERR,ERR,ERR,ERR,ERR,ERR,ERR,ERR,ERR,ERR,ERR,ERR,ERR,ERR,ERR,ERR,ERR,ERR,ERR,ERR,ERR,ERR,ERR,ERR,ERR,ERR,ERR,ERR,ERR,ERR,ERR,ERR,ERR,ERR,ERR,0.0,0.0,0.0,0.0,0.0,1.3936040501711995e+18,7.805,0.0,0,0,4,0,8422,0.0,45,0.0,0.0,0.0,0.0,0.0,0,0,0,0,0.0,0,0,0,0,0,0,0,0,0,0,0,0,0,0,0,0,0,0,0,0,0,0,0,0,0,0,0,0,0,0,0,0,0,38,14,7,45,65476,0,300,0,0,8,21553,0.0,-107605600.0,0.0,0.0,0.0,0.0,0.0,0.0,0.0,0.0,0.0,0.0,0.0,0.0,0.0,0.0,0.0,0.0,0.0,0.0,0.0,0.0,0.0,2.004,-0.0,0.0,0.0,0.0,0.0,0.0,4979.0,-0.0,0.0,0.0,0.0,-107615280.0,2.718429300292151e+23,0.0,0.0,0.0,0.0,53,5.848083413016271e+35,0.0,0.0,0.0,0.0,0.0,0.0,0.0,0.0,0,0,0,0.0,0.0,0.0,0.0,0.0,0.0,0.0,0.0,0.0,0.0,0.0,0.0,0.0,0.0,0.0,0.0,0,-107875648.0,53,0.0,106,-107614832.0,0.0,ERR,ERR,ERR,ERR,ERR,ERR,ERR,ERR,ERR,ERR,ERR,ERR,ERR,ERR,ERR,ERR,ERR,ERR,ERR,ERR,ERR,ERR,ERR,ERR,ERR,ERR,ERR,ERR,ERR,ERR,ERR,ERR,ERR,ERR,ERR,ERR,ERR,ERR,ERR,ERR,ERR,ERR,ERR,ERR,ERR,ERR,ERR,ERR,ERR,ERR,ERR,ERR,ERR,ERR,ERR,ERR,ERR,ERR,ERR,ERR,ERR,ERR,ERR,ERR,ERR,ERR,ERR,50.0,60.0,100,0.0,0.0,0.0,0.0,0.0,0.0,0.0,0.0,0.0,0.0,0.0,0.0,0.0,0.0,0.0,0.0,61.6,73,14,65513,50,65476,0,300,0,0,8,20529,65476,0,0,26214,60.0,0.0,0.0,0.0,0.0,0.0
2026-05-17T18:35:56,ERR,ERR,ERR,ERR,ERR,ERR,ERR,ERR,ERR,ERR,ERR,ERR,ERR,ERR,ERR,ERR,ERR,ERR,ERR,ERR,ERR,ERR,ERR,ERR,ERR,ERR,ERR,ERR,ERR,ERR,ERR,ERR,ERR,ERR,ERR,ERR,ERR,ERR,ERR,ERR,ERR,ERR,ERR,ERR,ERR,ERR,ERR,ERR,ERR,ERR,ERR,ERR,ERR,ERR,ERR,ERR,ERR,ERR,ERR,ERR,ERR,ERR,ERR,ERR,ERR,ERR,ERR,ERR,ERR,ERR,ERR,ERR,ERR,ERR,ERR,ERR,ERR,ERR,ERR,ERR,ERR,ERR,ERR,ERR,ERR,ERR,ERR,ERR,ERR,ERR,ERR,ERR,ERR,ERR,ERR,ERR,ERR,ERR,ERR,ERR,ERR,ERR,ERR,ERR,ERR,ERR,ERR,ERR,ERR,ERR,ERR,ERR,ERR,ERR,ERR,ERR,ERR,ERR,ERR,ERR,ERR,ERR,ERR,ERR,ERR,0.0,0.0,0.0,0.0,0.0,1.3936040501711995e+18,7.805,0.0,0,0,4,0,8422,0.0,45,0.0,0.0,0.0,0.0,0.0,0,0,0,0,0.0,0,0,0,0,0,0,0,0,0,0,0,0,0,0,0,0,0,0,0,0,0,0,0,0,0,0,0,0,0,0,0,0,0,38,14,7,45,65476,0,300,0,0,8,21553,0.0,-107605600.0,0.0,0.0,0.0,0.0,0.0,0.0,0.0,0.0,0.0,0.0,0.0,0.0,0.0,0.0,0.0,0.0,0.0,0.0,0.0,0.0,0.0,2.004,-0.0,0.0,0.0,0.0,0.0,0.0,4979.0,-0.0,0.0,0.0,0.0,-107615280.0,2.718429300292151e+23,0.0,0.0,0.0,0.0,53,5.848083413016271e+35,0.0,0.0,0.0,0.0,0.0,0.0,0.0,0.0,0,0,0,0.0,0.0,0.0,0.0,0.0,0.0,0.0,0.0,0.0,0.0,0.0,0.0,0.0,0.0,0.0,0.0,0,-107875648.0,53,0.0,106,-107614832.0,0.0,ERR,ERR,ERR,ERR,ERR,ERR,ERR,ERR,ERR,ERR,ERR,ERR,ERR,ERR,ERR,ERR,ERR,ERR,ERR,ERR,ERR,ERR,ERR,ERR,ERR,ERR,ERR,ERR,ERR,ERR,ERR,ERR,ERR,ERR,ERR,ERR,ERR,ERR,ERR,ERR,ERR,ERR,ERR,ERR,ERR,ERR,ERR,ERR,ERR,ERR,ERR,ERR,ERR,ERR,ERR,ERR,ERR,ERR,ERR,ERR,ERR,ERR,ERR,ERR,ERR,ERR,ERR,50.0,60.0,100,0.0,0.0,0.0,0.0,0.0,0.0,0.0,0.0,0.0,0.0,0.0,0.0,0.0,0.0,0.0,0.0,61.6,73,14,65513,50,65476,0,300,0,0,8,20529,65476,0,0,26214,60.0,0.0,0.0,0.0,0.0,0.0
2026-05-17T18:35:57,ERR,ERR,ERR,ERR,ERR,ERR,ERR,ERR,ERR,ERR,ERR,ERR,ERR,ERR,ERR,ERR,ERR,ERR,ERR,ERR,ERR,ERR,ERR,ERR,ERR,ERR,ERR,ERR,ERR,ERR,ERR,ERR,ERR,ERR,ERR,ERR,ERR,ERR,ERR,ERR,ERR,ERR,ERR,ERR,ERR,ERR,ERR,ERR,ERR,ERR,ERR,ERR,ERR,ERR,ERR,ERR,ERR,ERR,ERR,ERR,ERR,ERR,ERR,ERR,ERR,ERR,ERR,ERR,ERR,ERR,ERR,ERR,ERR,ERR,ERR,ERR,ERR,ERR,ERR,ERR,ERR,ERR,ERR,ERR,ERR,ERR,ERR,ERR,ERR,ERR,ERR,ERR,ERR,ERR,ERR,ERR,ERR,ERR,ERR,ERR,ERR,ERR,ERR,ERR,ERR,ERR,ERR,ERR,ERR,ERR,ERR,ERR,ERR,ERR,ERR,ERR,ERR,ERR,ERR,ERR,ERR,ERR,ERR,ERR,ERR,0.0,0.0,0.0,0.0,0.0,1.3936040501711995e+18,7.805,0.0,0,0,4,0,8422,0.0,45,0.0,0.0,0.0,0.0,0.0,0,0,0,0,0.0,0,0,0,0,0,0,0,0,0,0,0,0,0,0,0,0,0,0,0,0,0,0,0,0,0,0,0,0,0,0,0,0,0,38,14,7,45,65476,0,300,0,0,8,21553,0.0,-107605600.0,0.0,0.0,0.0,0.0,0.0,0.0,0.0,0.0,0.0,0.0,0.0,0.0,0.0,0.0,0.0,0.0,0.0,0.0,0.0,0.0,0.0,2.004,-0.0,0.0,0.0,0.0,0.0,0.0,4979.0,-0.0,0.0,0.0,0.0,-107615280.0,2.718429300292151e+23,0.0,0.0,0.0,0.0,53,5.848083413016271e+35,0.0,0.0,0.0,0.0,0.0,0.0,0.0,0.0,0,0,0,0.0,0.0,0.0,0.0,0.0,0.0,0.0,0.0,0.0,0.0,0.0,0.0,0.0,0.0,0.0,0.0,0,-107875648.0,53,0.0,106,-107614832.0,0.0,ERR,ERR,ERR,ERR,ERR,ERR,ERR,ERR,ERR,ERR,ERR,ERR,ERR,ERR,ERR,ERR,ERR,ERR,ERR,ERR,ERR,ERR,ERR,ERR,ERR,ERR,ERR,ERR,ERR,ERR,ERR,ERR,ERR,ERR,ERR,ERR,ERR,ERR,ERR,ERR,ERR,ERR,ERR,ERR,ERR,ERR,ERR,ERR,ERR,ERR,ERR,ERR,ERR,ERR,ERR,ERR,ERR,ERR,ERR,ERR,ERR,ERR,ERR,ERR,ERR,ERR,ERR,50.0,60.0,100,0.0,0.0,0.0,0.0,0.0,0.0,0.0,0.0,0.0,0.0,0.0,0.0,0.0,0.0,0.0,0.0,61.6,73,14,65513,50,65476,0,300,0,0,8,20529,65476,0,0,26214,60.0,0.0,0.0,0.0,0.0,0.0
2026-05-17T18:35:58,ERR,ERR,ERR,ERR,ERR,ERR,ERR,ERR,ERR,ERR,ERR,ERR,ERR,ERR,ERR,ERR,ERR,ERR,ERR,ERR,ERR,ERR,ERR,ERR,ERR,ERR,ERR,ERR,ERR,ERR,ERR,ERR,ERR,ERR,ERR,ERR,ERR,ERR,ERR,ERR,ERR,ERR,ERR,ERR,ERR,ERR,ERR,ERR,ERR,ERR,ERR,ERR,ERR,ERR,ERR,ERR,ERR,ERR,ERR,ERR,ERR,ERR,ERR,ERR,ERR,ERR,ERR,ERR,ERR,ERR,ERR,ERR,ERR,ERR,ERR,ERR,ERR,ERR,ERR,ERR,ERR,ERR,ERR,ERR,ERR,ERR,ERR,ERR,ERR,ERR,ERR,ERR,ERR,ERR,ERR,ERR,ERR,ERR,ERR,ERR,ERR,ERR,ERR,ERR,ERR,ERR,ERR,ERR,ERR,ERR,ERR,ERR,ERR,ERR,ERR,ERR,ERR,ERR,ERR,ERR,ERR,ERR,ERR,ERR,ERR,0.0,0.0,0.0,0.0,0.0,1.3936040501711995e+18,7.805,0.0,0,0,4,0,8422,0.0,45,0.0,0.0,0.0,0.0,0.0,0,0,0,0,0.0,0,0,0,0,0,0,0,0,0,0,0,0,0,0,0,0,0,0,0,0,0,0,0,0,0,0,0,0,0,0,0,0,0,38,14,7,45,65476,0,300,0,0,8,21553,0.0,-107605600.0,0.0,0.0,0.0,0.0,0.0,0.0,0.0,0.0,0.0,0.0,0.0,0.0,0.0,0.0,0.0,0.0,0.0,0.0,0.0,0.0,0.0,2.004,-0.0,0.0,0.0,0.0,0.0,0.0,4979.0,-0.0,0.0,0.0,0.0,-107615280.0,2.718429300292151e+23,0.0,0.0,0.0,0.0,53,5.848083413016271e+35,0.0,0.0,0.0,0.0,0.0,0.0,0.0,0.0,0,0,0,0.0,0.0,0.0,0.0,0.0,0.0,0.0,0.0,0.0,0.0,0.0,0.0,0.0,0.0,0.0,0.0,0,-107875648.0,53,0.0,106,-107614832.0,0.0,ERR,ERR,ERR,ERR,ERR,ERR,ERR,ERR,ERR,ERR,ERR,ERR,ERR,ERR,ERR,ERR,ERR,ERR,ERR,ERR,ERR,ERR,ERR,ERR,ERR,ERR,ERR,ERR,ERR,ERR,ERR,ERR,ERR,ERR,ERR,ERR,ERR,ERR,ERR,ERR,ERR,ERR,ERR,ERR,ERR,ERR,ERR,ERR,ERR,ERR,ERR,ERR,ERR,ERR,ERR,ERR,ERR,ERR,ERR,ERR,ERR,ERR,ERR,ERR,ERR,ERR,ERR,50.0,60.0,100,0.0,0.0,0.0,0.0,0.0,0.0,0.0,0.0,0.0,0.0,0.0,0.0,0.0,0.0,0.0,0.0,61.6,73,14,65513,50,65476,0,300,0,0,8,20529,65476,0,0,26214,60.0,0.0,0.0,0.0,0.0,0.0
2026-05-17T18:35:59,ERR,ERR,ERR,ERR,ERR,ERR,ERR,ERR,ERR,ERR,ERR,ERR,ERR,ERR,ERR,ERR,ERR,ERR,ERR,ERR,ERR,ERR,ERR,ERR,ERR,ERR,ERR,ERR,ERR,ERR,ERR,ERR,ERR,ERR,ERR,ERR,ERR,ERR,ERR,ERR,ERR,ERR,ERR,ERR,ERR,ERR,ERR,ERR,ERR,ERR,ERR,ERR,ERR,ERR,ERR,ERR,ERR,ERR,ERR,ERR,ERR,ERR,ERR,ERR,ERR,ERR,ERR,ERR,ERR,ERR,ERR,ERR,ERR,ERR,ERR,ERR,ERR,ERR,ERR,ERR,ERR,ERR,ERR,ERR,ERR,ERR,ERR,ERR,ERR,ERR,ERR,ERR,ERR,ERR,ERR,ERR,ERR,ERR,ERR,ERR,ERR,ERR,ERR,ERR,ERR,ERR,ERR,ERR,ERR,ERR,ERR,ERR,ERR,ERR,ERR,ERR,ERR,ERR,ERR,ERR,ERR,ERR,ERR,ERR,ERR,0.0,0.0,0.0,0.0,0.0,1.3936040501711995e+18,7.805,0.0,0,0,4,0,8422,0.0,45,0.0,0.0,0.0,0.0,0.0,0,0,0,0,0.0,0,0,0,0,0,0,0,0,0,0,0,0,0,0,0,0,0,0,0,0,0,0,0,0,0,0,0,0,0,0,0,0,0,38,14,7,45,65476,0,300,0,0,8,21553,0.0,-107605600.0,0.0,0.0,0.0,0.0,0.0,0.0,0.0,0.0,0.0,0.0,0.0,0.0,0.0,0.0,0.0,0.0,0.0,0.0,0.0,0.0,0.0,2.004,-0.0,0.0,0.0,0.0,0.0,0.0,4977.0,-0.0,0.0,0.0,0.0,-107615280.0,2.718429300292151e+23,0.0,0.0,0.0,0.0,53,5.848083413016271e+35,0.0,0.0,0.0,0.0,0.0,0.0,0.0,0.0,0,0,0,0.0,0.0,0.0,0.0,0.0,0.0,0.0,0.0,0.0,0.0,0.0,0.0,0.0,0.0,0.0,0.0,0,-107875648.0,53,0.0,106,-107614832.0,0.0,ERR,ERR,ERR,ERR,ERR,ERR,ERR,ERR,ERR,ERR,ERR,ERR,ERR,ERR,ERR,ERR,ERR,ERR,ERR,ERR,ERR,ERR,ERR,ERR,ERR,ERR,ERR,ERR,ERR,ERR,ERR,ERR,ERR,ERR,ERR,ERR,ERR,ERR,ERR,ERR,ERR,ERR,ERR,ERR,ERR,ERR,ERR,ERR,ERR,ERR,ERR,ERR,ERR,ERR,ERR,ERR,ERR,ERR,ERR,ERR,ERR,ERR,ERR,ERR,ERR,ERR,ERR,50.0,60.0,100,0.0,0.0,0.0,0.0,0.0,0.0,0.0,0.0,0.0,0.0,0.0,0.0,0.0,0.0,0.0,0.0,61.6,73,14,65513,50,65476,0,300,0,0,8,20529,65476,0,0,26214,60.0,0.0,0.0,0.0,0.0,0.0
2026-05-17T18:36:00,ERR,ERR,ERR,ERR,ERR,ERR,ERR,ERR,ERR,ERR,ERR,ERR,ERR,ERR,ERR,ERR,ERR,ERR,ERR,ERR,ERR,ERR,ERR,ERR,ERR,ERR,ERR,ERR,ERR,ERR,ERR,ERR,ERR,ERR,ERR,ERR,ERR,ERR,ERR,ERR,ERR,ERR,ERR,ERR,ERR,ERR,ERR,ERR,ERR,ERR,ERR,ERR,ERR,ERR,ERR,ERR,ERR,ERR,ERR,ERR,ERR,ERR,ERR,ERR,ERR,ERR,ERR,ERR,ERR,ERR,ERR,ERR,ERR,ERR,ERR,ERR,ERR,ERR,ERR,ERR,ERR,ERR,ERR,ERR,ERR,ERR,ERR,ERR,ERR,ERR,ERR,ERR,ERR,ERR,ERR,ERR,ERR,ERR,ERR,ERR,ERR,ERR,ERR,ERR,ERR,ERR,ERR,ERR,ERR,ERR,ERR,ERR,ERR,ERR,ERR,ERR,ERR,ERR,ERR,ERR,ERR,ERR,ERR,ERR,ERR,0.0,0.0,0.0,0.0,0.0,1.3936040501711995e+18,7.805,0.0,0,0,4,0,8422,0.0,45,0.0,0.0,0.0,0.0,0.0,0,0,0,0,0.0,0,0,0,0,0,0,0,0,0,0,0,0,0,0,0,0,0,0,0,0,0,0,0,0,0,0,0,0,0,0,0,0,0,38,14,7,45,65476,0,300,0,0,8,21553,0.0,-107605600.0,0.0,0.0,0.0,0.0,0.0,0.0,0.0,0.0,0.0,0.0,0.0,0.0,0.0,0.0,0.0,0.0,0.0,0.0,0.0,0.0,0.0,2.004,-0.0,0.0,0.0,0.0,0.0,0.0,4977.0,-0.0,0.0,0.0,0.0,-107615280.0,2.718429300292151e+23,0.0,0.0,0.0,0.0,53,5.848083413016271e+35,0.0,0.0,0.0,0.0,0.0,0.0,0.0,0.0,0,0,0,0.0,0.0,0.0,0.0,0.0,0.0,0.0,0.0,0.0,0.0,0.0,0.0,0.0,0.0,0.0,0.0,0,-107875648.0,53,0.0,106,-107614832.0,0.0,ERR,ERR,ERR,ERR,ERR,ERR,ERR,ERR,ERR,ERR,ERR,ERR,ERR,ERR,ERR,ERR,ERR,ERR,ERR,ERR,ERR,ERR,ERR,ERR,ERR,ERR,ERR,ERR,ERR,ERR,ERR,ERR,ERR,ERR,ERR,ERR,ERR,ERR,ERR,ERR,ERR,ERR,ERR,ERR,ERR,ERR,ERR,ERR,ERR,ERR,ERR,ERR,ERR,ERR,ERR,ERR,ERR,ERR,ERR,ERR,ERR,ERR,ERR,ERR,ERR,ERR,ERR,50.0,60.0,100,0.0,0.0,0.0,0.0,0.0,0.0,0.0,0.0,0.0,0.0,0.0,0.0,0.0,0.0,0.0,0.0,62.0,73,14,65513,50,65476,0,300,0,0,8,20529,65476,0,0,26214,60.0,0.0,0.0,0.0,0.0,0.0
2026-05-17T18:36:01,ERR,ERR,ERR,ERR,ERR,ERR,ERR,ERR,ERR,ERR,ERR,ERR,ERR,ERR,ERR,ERR,ERR,ERR,ERR,ERR,ERR,ERR,ERR,ERR,ERR,ERR,ERR,ERR,ERR,ERR,ERR,ERR,ERR,ERR,ERR,ERR,ERR,ERR,ERR,ERR,ERR,ERR,ERR,ERR,ERR,ERR,ERR,ERR,ERR,ERR,ERR,ERR,ERR,ERR,ERR,ERR,ERR,ERR,ERR,ERR,ERR,ERR,ERR,ERR,ERR,ERR,ERR,ERR,ERR,ERR,ERR,ERR,ERR,ERR,ERR,ERR,ERR,ERR,ERR,ERR,ERR,ERR,ERR,ERR,ERR,ERR,ERR,ERR,ERR,ERR,ERR,ERR,ERR,ERR,ERR,ERR,ERR,ERR,ERR,ERR,ERR,ERR,ERR,ERR,ERR,ERR,ERR,ERR,ERR,ERR,ERR,ERR,ERR,ERR,ERR,ERR,ERR,ERR,ERR,ERR,ERR,ERR,ERR,ERR,ERR,0.0,0.0,0.0,0.0,0.0,1.3936040501711995e+18,7.805,0.0,0,0,4,0,8422,0.0,45,0.0,0.0,0.0,0.0,0.0,0,0,0,0,0.0,0,0,0,0,0,0,0,0,0,0,0,0,0,0,0,0,0,0,0,0,0,0,0,0,0,0,0,0,0,0,0,0,0,38,14,7,45,65476,0,300,0,0,8,21553,0.0,-107605600.0,0.0,0.0,0.0,0.0,0.0,0.0,0.0,0.0,0.0,0.0,0.0,0.0,0.0,0.0,0.0,0.0,0.0,0.0,0.0,0.0,0.0,2.004,-0.0,0.0,0.0,0.0,0.0,0.0,4977.0,-0.0,0.0,0.0,0.0,-107615280.0,2.718429300292151e+23,0.0,0.0,0.0,0.0,53,5.848083413016271e+35,0.0,0.0,0.0,0.0,0.0,0.0,0.0,0.0,0,0,0,0.0,0.0,0.0,0.0,0.0,0.0,0.0,0.0,0.0,0.0,0.0,0.0,0.0,0.0,0.0,0.0,0,-107875648.0,53,0.0,106,-107614832.0,0.0,ERR,ERR,ERR,ERR,ERR,ERR,ERR,ERR,ERR,ERR,ERR,ERR,ERR,ERR,ERR,ERR,ERR,ERR,ERR,ERR,ERR,ERR,ERR,ERR,ERR,ERR,ERR,ERR,ERR,ERR,ERR,ERR,ERR,ERR,ERR,ERR,ERR,ERR,ERR,ERR,ERR,ERR,ERR,ERR,ERR,ERR,ERR,ERR,ERR,ERR,ERR,ERR,ERR,ERR,ERR,ERR,ERR,ERR,ERR,ERR,ERR,ERR,ERR,ERR,ERR,ERR,ERR,50.0,60.0,100,0.0,0.0,0.0,0.0,0.0,0.0,0.0,0.0,0.0,0.0,0.0,0.0,0.0,0.0,0.0,0.0,62.0,73,14,65513,50,65476,0,300,0,0,8,20529,65476,0,0,26214,60.0,0.0,0.0,0.0,0.0,0.0
2026-05-17T18:36:02,ERR,ERR,ERR,ERR,ERR,ERR,ERR,ERR,ERR,ERR,ERR,ERR,ERR,ERR,ERR,ERR,ERR,ERR,ERR,ERR,ERR,ERR,ERR,ERR,ERR,ERR,ERR,ERR,ERR,ERR,ERR,ERR,ERR,ERR,ERR,ERR,ERR,ERR,ERR,ERR,ERR,ERR,ERR,ERR,ERR,ERR,ERR,ERR,ERR,ERR,ERR,ERR,ERR,ERR,ERR,ERR,ERR,ERR,ERR,ERR,ERR,ERR,ERR,ERR,ERR,ERR,ERR,ERR,ERR,ERR,ERR,ERR,ERR,ERR,ERR,ERR,ERR,ERR,ERR,ERR,ERR,ERR,ERR,ERR,ERR,ERR,ERR,ERR,ERR,ERR,ERR,ERR,ERR,ERR,ERR,ERR,ERR,ERR,ERR,ERR,ERR,ERR,ERR,ERR,ERR,ERR,ERR,ERR,ERR,ERR,ERR,ERR,ERR,ERR,ERR,ERR,ERR,ERR,ERR,ERR,ERR,ERR,ERR,ERR,ERR,0.0,0.0,0.0,0.0,0.0,1.3936040501711995e+18,7.805,0.0,0,0,4,0,8422,0.0,45,0.0,0.0,0.0,0.0,0.0,0,0,0,0,0.0,0,0,0,0,0,0,0,0,0,0,0,0,0,0,0,0,0,0,0,0,0,0,0,0,0,0,0,0,0,0,0,0,0,38,14,7,45,65476,0,300,0,0,8,21553,0.0,-107605600.0,0.0,0.0,0.0,0.0,0.0,0.0,0.0,0.0,0.0,0.0,0.0,0.0,0.0,0.0,0.0,0.0,0.0,0.0,0.0,0.0,0.0,2.004,-0.0,0.0,0.0,0.0,0.0,0.0,4977.0,-0.0,0.0,0.0,0.0,-107615280.0,2.718429300292151e+23,0.0,0.0,0.0,0.0,53,5.848083413016271e+35,0.0,0.0,0.0,0.0,0.0,0.0,0.0,0.0,0,0,0,0.0,0.0,0.0,0.0,0.0,0.0,0.0,0.0,0.0,0.0,0.0,0.0,0.0,0.0,0.0,0.0,0,-107875648.0,53,0.0,106,-107614832.0,0.0,ERR,ERR,ERR,ERR,ERR,ERR,ERR,ERR,ERR,ERR,ERR,ERR,ERR,ERR,ERR,ERR,ERR,ERR,ERR,ERR,ERR,ERR,ERR,ERR,ERR,ERR,ERR,ERR,ERR,ERR,ERR,ERR,ERR,ERR,ERR,ERR,ERR,ERR,ERR,ERR,ERR,ERR,ERR,ERR,ERR,ERR,ERR,ERR,ERR,ERR,ERR,ERR,ERR,ERR,ERR,ERR,ERR,ERR,ERR,ERR,ERR,ERR,ERR,ERR,ERR,ERR,ERR,50.0,60.0,100,0.0,0.0,0.0,0.0,0.0,0.0,0.0,0.0,0.0,0.0,0.0,0.0,0.0,0.0,0.0,0.0,62.0,73,14,65513,50,65476,0,300,0,0,8,20529,65476,0,0,26214,60.0,0.0,0.0,0.0,0.0,0.0
2026-05-17T18:36:03,ERR,ERR,ERR,ERR,ERR,ERR,ERR,ERR,ERR,ERR,ERR,ERR,ERR,ERR,ERR,ERR,ERR,ERR,ERR,ERR,ERR,ERR,ERR,ERR,ERR,ERR,ERR,ERR,ERR,ERR,ERR,ERR,ERR,ERR,ERR,ERR,ERR,ERR,ERR,ERR,ERR,ERR,ERR,ERR,ERR,ERR,ERR,ERR,ERR,ERR,ERR,ERR,ERR,ERR,ERR,ERR,ERR,ERR,ERR,ERR,ERR,ERR,ERR,ERR,ERR,ERR,ERR,ERR,ERR,ERR,ERR,ERR,ERR,ERR,ERR,ERR,ERR,ERR,ERR,ERR,ERR,ERR,ERR,ERR,ERR,ERR,ERR,ERR,ERR,ERR,ERR,ERR,ERR,ERR,ERR,ERR,ERR,ERR,ERR,ERR,ERR,ERR,ERR,ERR,ERR,ERR,ERR,ERR,ERR,ERR,ERR,ERR,ERR,ERR,ERR,ERR,ERR,ERR,ERR,ERR,ERR,ERR,ERR,ERR,ERR,0.0,0.0,0.0,0.0,0.0,1.3936040501711995e+18,7.805,0.0,0,0,4,0,8422,0.0,45,0.0,0.0,0.0,0.0,0.0,0,0,0,0,0.0,0,0,0,0,0,0,0,0,0,0,0,0,0,0,0,0,0,0,0,0,0,0,0,0,0,0,0,0,0,0,0,0,0,38,14,7,45,65476,0,300,0,0,8,21553,0.0,-107605600.0,0.0,0.0,0.0,0.0,0.0,0.0,0.0,0.0,0.0,0.0,0.0,0.0,0.0,0.0,0.0,0.0,0.0,0.0,0.0,0.0,0.0,2.004,-0.0,0.0,0.0,0.0,0.0,0.0,4977.0,-0.0,0.0,0.0,0.0,-107615280.0,2.718429300292151e+23,0.0,0.0,0.0,0.0,53,5.848083413016271e+35,0.0,0.0,0.0,0.0,0.0,0.0,0.0,0.0,0,0,0,0.0,0.0,0.0,0.0,0.0,0.0,0.0,0.0,0.0,0.0,0.0,0.0,0.0,0.0,0.0,0.0,0,-107875648.0,53,0.0,106,-107614832.0,0.0,ERR,ERR,ERR,ERR,ERR,ERR,ERR,ERR,ERR,ERR,ERR,ERR,ERR,ERR,ERR,ERR,ERR,ERR,ERR,ERR,ERR,ERR,ERR,ERR,ERR,ERR,ERR,ERR,ERR,ERR,ERR,ERR,ERR,ERR,ERR,ERR,ERR,ERR,ERR,ERR,ERR,ERR,ERR,ERR,ERR,ERR,ERR,ERR,ERR,ERR,ERR,ERR,ERR,ERR,ERR,ERR,ERR,ERR,ERR,ERR,ERR,ERR,ERR,ERR,ERR,ERR,ERR,50.0,60.0,100,0.0,0.0,0.0,0.0,0.0,0.0,0.0,0.0,0.0,0.0,0.0,0.0,0.0,0.0,0.0,0.0,62.0,73,14,65513,50,65476,0,300,0,0,8,20529,65476,0,0,26214,60.0,0.0,0.0,0.0,0.0,0.0
2026-05-17T18:36:04,ERR,ERR,ERR,ERR,ERR,ERR,ERR,ERR,ERR,ERR,ERR,ERR,ERR,ERR,ERR,ERR,ERR,ERR,ERR,ERR,ERR,ERR,ERR,ERR,ERR,ERR,ERR,ERR,ERR,ERR,ERR,ERR,ERR,ERR,ERR,ERR,ERR,ERR,ERR,ERR,ERR,ERR,ERR,ERR,ERR,ERR,ERR,ERR,ERR,ERR,ERR,ERR,ERR,ERR,ERR,ERR,ERR,ERR,ERR,ERR,ERR,ERR,ERR,ERR,ERR,ERR,ERR,ERR,ERR,ERR,ERR,ERR,ERR,ERR,ERR,ERR,ERR,ERR,ERR,ERR,ERR,ERR,ERR,ERR,ERR,ERR,ERR,ERR,ERR,ERR,ERR,ERR,ERR,ERR,ERR,ERR,ERR,ERR,ERR,ERR,ERR,ERR,ERR,ERR,ERR,ERR,ERR,ERR,ERR,ERR,ERR,ERR,ERR,ERR,ERR,ERR,ERR,ERR,ERR,ERR,ERR,ERR,ERR,ERR,ERR,0.0,0.0,0.0,0.0,0.0,1.3936040501711995e+18,7.805,0.0,0,0,4,0,8422,0.0,45,0.0,0.0,0.0,0.0,0.0,0,0,0,0,0.0,0,0,0,0,0,0,0,0,0,0,0,0,0,0,0,0,0,0,0,0,0,0,0,0,0,0,0,0,0,0,0,0,0,38,14,7,45,65476,0,300,0,0,8,21553,0.0,-107605600.0,0.0,0.0,0.0,0.0,0.0,0.0,0.0,0.0,0.0,0.0,0.0,0.0,0.0,0.0,0.0,0.0,0.0,0.0,0.0,0.0,0.0,2.004,-0.0,0.0,0.0,0.0,0.0,0.0,4986.0,2.4229876163019057e+24,0.0,0.0,0.0,-107615280.0,2.718429300292151e+23,0.0,0.0,0.0,0.0,53,-0.0,-3.222002029374005e+26,0.0,0.0,0.0,0.0,0.0,0.0,0.0,0,0,0,0.0,0.0,0.0,0.0,0.0,0.0,0.0,0.0,0.0,0.0,0.0,0.0,0.0,0.0,0.0,0.0,0,-107875648.0,53,0.0,106,-107614832.0,0.0,ERR,ERR,ERR,ERR,ERR,ERR,ERR,ERR,ERR,ERR,ERR,ERR,ERR,ERR,ERR,ERR,ERR,ERR,ERR,ERR,ERR,ERR,ERR,ERR,ERR,ERR,ERR,ERR,ERR,ERR,ERR,ERR,ERR,ERR,ERR,ERR,ERR,ERR,ERR,ERR,ERR,ERR,ERR,ERR,ERR,ERR,ERR,ERR,ERR,ERR,ERR,ERR,ERR,ERR,ERR,ERR,ERR,ERR,ERR,ERR,ERR,ERR,ERR,ERR,ERR,ERR,ERR,50.0,60.0,100,0.0,0.0,0.0,0.0,0.0,0.0,0.0,0.0,0.0,0.0,0.0,0.0,0.0,0.0,0.0,0.0,62.0,73,14,65513,50,65476,0,300,0,0,8,20529,65476,0,0,26214,60.0,0.0,0.0,0.0,0.0,0.0
2026-05-17T18:36:05,ERR,ERR,ERR,ERR,ERR,ERR,ERR,ERR,ERR,ERR,ERR,ERR,ERR,ERR,ERR,ERR,ERR,ERR,ERR,ERR,ERR,ERR,ERR,ERR,ERR,ERR,ERR,ERR,ERR,ERR,ERR,ERR,ERR,ERR,ERR,ERR,ERR,ERR,ERR,ERR,ERR,ERR,ERR,ERR,ERR,ERR,ERR,ERR,ERR,ERR,ERR,ERR,ERR,ERR,ERR,ERR,ERR,ERR,ERR,ERR,ERR,ERR,ERR,ERR,ERR,ERR,ERR,ERR,ERR,ERR,ERR,ERR,ERR,ERR,ERR,ERR,ERR,ERR,ERR,ERR,ERR,ERR,ERR,ERR,ERR,ERR,ERR,ERR,ERR,ERR,ERR,ERR,ERR,ERR,ERR,ERR,ERR,ERR,ERR,ERR,ERR,ERR,ERR,ERR,ERR,ERR,ERR,ERR,ERR,ERR,ERR,ERR,ERR,ERR,ERR,ERR,ERR,ERR,ERR,ERR,ERR,ERR,ERR,ERR,ERR,0.0,0.0,0.0,0.0,0.0,1.3936040501711995e+18,7.805,0.0,0,0,4,0,8422,0.0,45,0.0,0.0,0.0,0.0,0.0,0,0,0,0,0.0,0,0,0,0,0,0,0,0,0,0,0,0,0,0,0,0,0,0,0,0,0,0,0,0,0,0,0,0,0,0,0,0,0,38,14,7,45,65476,0,300,0,0,8,21553,0.0,-107605600.0,0.0,0.0,0.0,0.0,0.0,0.0,0.0,0.0,0.0,0.0,0.0,0.0,0.0,0.0,0.0,0.0,0.0,0.0,0.0,0.0,0.0,2.004,-0.0,0.0,0.0,0.0,0.0,0.0,4986.0,2.4229876163019057e+24,0.0,0.0,0.0,-107615280.0,2.718429300292151e+23,0.0,0.0,0.0,0.0,53,-0.0,-3.222002029374005e+26,0.0,0.0,0.0,0.0,0.0,0.0,0.0,0,0,0,0.0,0.0,0.0,0.0,0.0,0.0,0.0,0.0,0.0,0.0,0.0,0.0,0.0,0.0,0.0,0.0,0,-107875648.0,53,0.0,106,-107614832.0,0.0,ERR,ERR,ERR,ERR,ERR,ERR,ERR,ERR,ERR,ERR,ERR,ERR,ERR,ERR,ERR,ERR,ERR,ERR,ERR,ERR,ERR,ERR,ERR,ERR,ERR,ERR,ERR,ERR,ERR,ERR,ERR,ERR,ERR,ERR,ERR,ERR,ERR,ERR,ERR,ERR,ERR,ERR,ERR,ERR,ERR,ERR,ERR,ERR,ERR,ERR,ERR,ERR,ERR,ERR,ERR,ERR,ERR,ERR,ERR,ERR,ERR,ERR,ERR,ERR,ERR,ERR,ERR,50.0,60.0,100,0.0,0.0,0.0,0.0,0.0,0.0,0.0,0.0,0.0,0.0,0.0,0.0,0.0,0.0,0.0,0.0,62.0,73,14,65513,50,65476,0,300,0,0,8,20529,65476,0,0,26214,60.0,0.0,0.0,0.0,0.0,0.0
2026-05-17T18:36:06,ERR,ERR,ERR,ERR,ERR,ERR,ERR,ERR,ERR,ERR,ERR,ERR,ERR,ERR,ERR,ERR,ERR,ERR,ERR,ERR,ERR,ERR,ERR,ERR,ERR,ERR,ERR,ERR,ERR,ERR,ERR,ERR,ERR,ERR,ERR,ERR,ERR,ERR,ERR,ERR,ERR,ERR,ERR,ERR,ERR,ERR,ERR,ERR,ERR,ERR,ERR,ERR,ERR,ERR,ERR,ERR,ERR,ERR,ERR,ERR,ERR,ERR,ERR,ERR,ERR,ERR,ERR,ERR,ERR,ERR,ERR,ERR,ERR,ERR,ERR,ERR,ERR,ERR,ERR,ERR,ERR,ERR,ERR,ERR,ERR,ERR,ERR,ERR,ERR,ERR,ERR,ERR,ERR,ERR,ERR,ERR,ERR,ERR,ERR,ERR,ERR,ERR,ERR,ERR,ERR,ERR,ERR,ERR,ERR,ERR,ERR,ERR,ERR,ERR,ERR,ERR,ERR,ERR,ERR,ERR,ERR,ERR,ERR,ERR,ERR,0.0,0.0,0.0,0.0,0.0,1.3936040501711995e+18,7.805,0.0,0,0,4,0,8422,0.0,45,0.0,0.0,0.0,0.0,0.0,0,0,0,0,0.0,0,0,0,0,0,0,0,0,0,0,0,0,0,0,0,0,0,0,0,0,0,0,0,0,0,0,0,0,0,0,0,0,0,38,14,7,45,65476,0,300,0,0,8,21553,0.0,-107605600.0,0.0,0.0,0.0,0.0,0.0,0.0,0.0,0.0,0.0,0.0,0.0,0.0,0.0,0.0,0.0,0.0,0.0,0.0,0.0,0.0,0.0,2.004,-0.0,0.0,0.0,0.0,0.0,0.0,4986.0,2.4229876163019057e+24,0.0,0.0,0.0,-107615280.0,2.718429300292151e+23,0.0,0.0,0.0,0.0,53,-0.0,-3.222002029374005e+26,0.0,0.0,0.0,0.0,0.0,0.0,0.0,0,0,0,0.0,0.0,0.0,0.0,0.0,0.0,0.0,0.0,0.0,0.0,0.0,0.0,0.0,0.0,0.0,0.0,0,-107875648.0,53,0.0,106,-107614832.0,0.0,ERR,ERR,ERR,ERR,ERR,ERR,ERR,ERR,ERR,ERR,ERR,ERR,ERR,ERR,ERR,ERR,ERR,ERR,ERR,ERR,ERR,ERR,ERR,ERR,ERR,ERR,ERR,ERR,ERR,ERR,ERR,ERR,ERR,ERR,ERR,ERR,ERR,ERR,ERR,ERR,ERR,ERR,ERR,ERR,ERR,ERR,ERR,ERR,ERR,ERR,ERR,ERR,ERR,ERR,ERR,ERR,ERR,ERR,ERR,ERR,ERR,ERR,ERR,ERR,ERR,ERR,ERR,50.0,60.0,100,0.0,0.0,0.0,0.0,0.0,0.0,0.0,0.0,0.0,0.0,0.0,0.0,0.0,0.0,0.0,0.0,61.6,73,14,65513,50,65476,0,300,0,0,8,20529,65476,0,0,26214,60.0,0.0,0.0,0.0,0.0,0.0
2026-05-17T18:36:07,ERR,ERR,ERR,ERR,ERR,ERR,ERR,ERR,ERR,ERR,ERR,ERR,ERR,ERR,ERR,ERR,ERR,ERR,ERR,ERR,ERR,ERR,ERR,ERR,ERR,ERR,ERR,ERR,ERR,ERR,ERR,ERR,ERR,ERR,ERR,ERR,ERR,ERR,ERR,ERR,ERR,ERR,ERR,ERR,ERR,ERR,ERR,ERR,ERR,ERR,ERR,ERR,ERR,ERR,ERR,ERR,ERR,ERR,ERR,ERR,ERR,ERR,ERR,ERR,ERR,ERR,ERR,ERR,ERR,ERR,ERR,ERR,ERR,ERR,ERR,ERR,ERR,ERR,ERR,ERR,ERR,ERR,ERR,ERR,ERR,ERR,ERR,ERR,ERR,ERR,ERR,ERR,ERR,ERR,ERR,ERR,ERR,ERR,ERR,ERR,ERR,ERR,ERR,ERR,ERR,ERR,ERR,ERR,ERR,ERR,ERR,ERR,ERR,ERR,ERR,ERR,ERR,ERR,ERR,ERR,ERR,ERR,ERR,ERR,ERR,0.0,0.0,0.0,0.0,0.0,1.3936040501711995e+18,7.805,0.0,0,0,4,0,8422,0.0,45,0.0,0.0,0.0,0.0,0.0,0,0,0,0,0.0,0,0,0,0,0,0,0,0,0,0,0,0,0,0,0,0,0,0,0,0,0,0,0,0,0,0,0,0,0,0,0,0,0,38,14,7,45,65476,0,300,0,0,8,21553,0.0,-107605600.0,0.0,0.0,0.0,0.0,0.0,0.0,0.0,0.0,0.0,0.0,0.0,0.0,0.0,0.0,0.0,0.0,0.0,0.0,0.0,0.0,0.0,2.004,-0.0,0.0,0.0,0.0,0.0,0.0,4986.0,2.4229876163019057e+24,0.0,0.0,0.0,-107615280.0,2.718429300292151e+23,0.0,0.0,0.0,0.0,53,-0.0,-3.222002029374005e+26,0.0,0.0,0.0,0.0,0.0,0.0,0.0,0,0,0,0.0,0.0,0.0,0.0,0.0,0.0,0.0,0.0,0.0,0.0,0.0,0.0,0.0,0.0,0.0,0.0,0,-107875648.0,53,0.0,106,-107614832.0,0.0,ERR,ERR,ERR,ERR,ERR,ERR,ERR,ERR,ERR,ERR,ERR,ERR,ERR,ERR,ERR,ERR,ERR,ERR,ERR,ERR,ERR,ERR,ERR,ERR,ERR,ERR,ERR,ERR,ERR,ERR,ERR,ERR,ERR,ERR,ERR,ERR,ERR,ERR,ERR,ERR,ERR,ERR,ERR,ERR,ERR,ERR,ERR,ERR,ERR,ERR,ERR,ERR,ERR,ERR,ERR,ERR,ERR,ERR,ERR,ERR,ERR,ERR,ERR,ERR,ERR,ERR,ERR,50.0,60.0,100,0.0,0.0,0.0,0.0,0.0,0.0,0.0,0.0,0.0,0.0,0.0,0.0,0.0,0.0,0.0,0.0,61.6,73,14,65513,50,65476,0,300,0,0,8,20529,65476,0,0,26214,60.0,0.0,0.0,0.0,0.0,0.0
2026-05-17T18:36:08,ERR,ERR,ERR,ERR,ERR,ERR,ERR,ERR,ERR,ERR,ERR,ERR,ERR,ERR,ERR,ERR,ERR,ERR,ERR,ERR,ERR,ERR,ERR,ERR,ERR,ERR,ERR,ERR,ERR,ERR,ERR,ERR,ERR,ERR,ERR,ERR,ERR,ERR,ERR,ERR,ERR,ERR,ERR,ERR,ERR,ERR,ERR,ERR,ERR,ERR,ERR,ERR,ERR,ERR,ERR,ERR,ERR,ERR,ERR,ERR,ERR,ERR,ERR,ERR,ERR,ERR,ERR,ERR,ERR,ERR,ERR,ERR,ERR,ERR,ERR,ERR,ERR,ERR,ERR,ERR,ERR,ERR,ERR,ERR,ERR,ERR,ERR,ERR,ERR,ERR,ERR,ERR,ERR,ERR,ERR,ERR,ERR,ERR,ERR,ERR,ERR,ERR,ERR,ERR,ERR,ERR,ERR,ERR,ERR,ERR,ERR,ERR,ERR,ERR,ERR,ERR,ERR,ERR,ERR,ERR,ERR,ERR,ERR,ERR,ERR,0.0,0.0,0.0,0.0,0.0,1.3936040501711995e+18,7.805,0.0,0,0,4,0,8422,0.0,45,0.0,0.0,0.0,0.0,0.0,0,0,0,0,0.0,0,0,0,0,0,0,0,0,0,0,0,0,0,0,0,0,0,0,0,0,0,0,0,0,0,0,0,0,0,0,0,0,0,38,14,7,45,65476,0,300,0,0,8,21553,0.0,-107605600.0,0.0,0.0,0.0,0.0,0.0,0.0,0.0,0.0,0.0,0.0,0.0,0.0,0.0,0.0,0.0,0.0,0.0,0.0,0.0,0.0,0.0,2.004,-0.0,0.0,0.0,0.0,0.0,0.0,4986.0,2.4229876163019057e+24,0.0,0.0,0.0,-107615280.0,2.718429300292151e+23,0.0,0.0,0.0,0.0,53,-0.0,-3.222002029374005e+26,0.0,0.0,0.0,0.0,0.0,0.0,0.0,0,0,0,0.0,0.0,0.0,0.0,0.0,0.0,0.0,0.0,0.0,0.0,0.0,0.0,0.0,0.0,0.0,0.0,0,-107875648.0,53,0.0,106,-107614832.0,0.0,ERR,ERR,ERR,ERR,ERR,ERR,ERR,ERR,ERR,ERR,ERR,ERR,ERR,ERR,ERR,ERR,ERR,ERR,ERR,ERR,ERR,ERR,ERR,ERR,ERR,ERR,ERR,ERR,ERR,ERR,ERR,ERR,ERR,ERR,ERR,ERR,ERR,ERR,ERR,ERR,ERR,ERR,ERR,ERR,ERR,ERR,ERR,ERR,ERR,ERR,ERR,ERR,ERR,ERR,ERR,ERR,ERR,ERR,ERR,ERR,ERR,ERR,ERR,ERR,ERR,ERR,ERR,50.0,60.0,100,0.0,0.0,0.0,0.0,0.0,0.0,0.0,0.0,0.0,0.0,0.0,0.0,0.0,0.0,0.0,0.0,61.6,73,14,65513,50,65476,0,300,0,0,8,20529,65476,0,0,26214,60.0,0.0,0.0,0.0,0.0,0.0
2026-05-17T18:36:09,ERR,ERR,ERR,ERR,ERR,ERR,ERR,ERR,ERR,ERR,ERR,ERR,ERR,ERR,ERR,ERR,ERR,ERR,ERR,ERR,ERR,ERR,ERR,ERR,ERR,ERR,ERR,ERR,ERR,ERR,ERR,ERR,ERR,ERR,ERR,ERR,ERR,ERR,ERR,ERR,ERR,ERR,ERR,ERR,ERR,ERR,ERR,ERR,ERR,ERR,ERR,ERR,ERR,ERR,ERR,ERR,ERR,ERR,ERR,ERR,ERR,ERR,ERR,ERR,ERR,ERR,ERR,ERR,ERR,ERR,ERR,ERR,ERR,ERR,ERR,ERR,ERR,ERR,ERR,ERR,ERR,ERR,ERR,ERR,ERR,ERR,ERR,ERR,ERR,ERR,ERR,ERR,ERR,ERR,ERR,ERR,ERR,ERR,ERR,ERR,ERR,ERR,ERR,ERR,ERR,ERR,ERR,ERR,ERR,ERR,ERR,ERR,ERR,ERR,ERR,ERR,ERR,ERR,ERR,ERR,ERR,ERR,ERR,ERR,ERR,0.0,0.0,-134474944.0,0.0,0.0,1.3936040501711995e+18,7.805,0.0,0,0,4,0,8422,0.0,45,0.0,0.0,0.0,0.0,0.0,0,0,0,0,0.0,0,0,0,0,0,0,0,0,0,0,0,0,0,0,0,0,0,0,0,0,0,0,0,0,0,0,0,0,0,0,0,0,0,38,14,7,45,65476,0,300,0,0,8,21553,0.0,-107605600.0,0.0,0.0,0.0,0.0,0.0,0.0,0.0,0.0,0.0,0.0,0.0,0.0,0.0,0.0,0.0,0.0,0.0,0.0,0.0,0.0,0.0,2.004,-0.0,0.0,0.0,0.0,0.0,0.0,4985.0,3.6971856938200465e+19,0.0,0.0,0.0,-107615280.0,2.718429300292151e+23,0.0,0.0,0.0,0.0,53,-0.0,-2.3088276994979896e+20,0.0,0.0,0.0,0.0,0.0,0.0,0.0,0,0,0,0.0,0.0,0.0,0.0,0.0,0.0,0.0,0.0,0.0,0.0,0.0,0.0,0.0,0.0,0.0,0.0,0,-107875648.0,53,0.0,106,-107614832.0,0.0,ERR,ERR,ERR,ERR,ERR,ERR,ERR,ERR,ERR,ERR,ERR,ERR,ERR,ERR,ERR,ERR,ERR,ERR,ERR,ERR,ERR,ERR,ERR,ERR,ERR,ERR,ERR,ERR,ERR,ERR,ERR,ERR,ERR,ERR,ERR,ERR,ERR,ERR,ERR,ERR,ERR,ERR,ERR,ERR,ERR,ERR,ERR,ERR,ERR,ERR,ERR,ERR,ERR,ERR,ERR,ERR,ERR,ERR,ERR,ERR,ERR,ERR,ERR,ERR,ERR,ERR,ERR,50.0,60.0,100,0.0,0.0,0.0,0.0,0.0,0.0,0.0,0.0,0.0,0.0,0.0,0.0,0.0,0.0,0.0,0.0,61.6,73,14,65513,50,65476,0,300,0,0,8,20529,65476,0,0,26214,60.0,0.0,0.0,0.0,0.0,0.0
2026-05-17T18:36:10,ERR,ERR,ERR,ERR,ERR,ERR,ERR,ERR,ERR,ERR,ERR,ERR,ERR,ERR,ERR,ERR,ERR,ERR,ERR,ERR,ERR,ERR,ERR,ERR,ERR,ERR,ERR,ERR,ERR,ERR,ERR,ERR,ERR,ERR,ERR,ERR,ERR,ERR,ERR,ERR,ERR,ERR,ERR,ERR,ERR,ERR,ERR,ERR,ERR,ERR,ERR,ERR,ERR,ERR,ERR,ERR,ERR,ERR,ERR,ERR,ERR,ERR,ERR,ERR,ERR,ERR,ERR,ERR,ERR,ERR,ERR,ERR,ERR,ERR,ERR,ERR,ERR,ERR,ERR,ERR,ERR,ERR,ERR,ERR,ERR,ERR,ERR,ERR,ERR,ERR,ERR,ERR,ERR,ERR,ERR,ERR,ERR,ERR,ERR,ERR,ERR,ERR,ERR,ERR,ERR,ERR,ERR,ERR,ERR,ERR,ERR,ERR,ERR,ERR,ERR,ERR,ERR,ERR,ERR,ERR,ERR,ERR,ERR,ERR,ERR,0.0,0.0,-134474944.0,0.0,0.0,1.3936040501711995e+18,7.805,0.0,0,0,4,0,8422,0.0,45,0.0,0.0,0.0,0.0,0.0,0,0,0,0,0.0,0,0,0,0,0,0,0,0,0,0,0,0,0,0,0,0,0,0,0,0,0,0,0,0,0,0,0,0,0,0,0,0,0,38,14,7,45,65476,0,300,0,0,8,21553,0.0,-107605600.0,0.0,0.0,0.0,0.0,0.0,0.0,0.0,0.0,0.0,0.0,0.0,0.0,0.0,0.0,0.0,0.0,0.0,0.0,0.0,0.0,0.0,2.004,-0.0,0.0,0.0,0.0,0.0,0.0,4985.0,3.6971856938200465e+19,0.0,0.0,0.0,-107615280.0,2.718429300292151e+23,0.0,0.0,0.0,0.0,53,-0.0,-2.3088276994979896e+20,0.0,0.0,0.0,0.0,0.0,0.0,0.0,0,0,0,0.0,0.0,0.0,0.0,0.0,0.0,0.0,0.0,0.0,0.0,0.0,0.0,0.0,0.0,0.0,0.0,0,-107875648.0,53,0.0,106,-107614832.0,0.0,ERR,ERR,ERR,ERR,ERR,ERR,ERR,ERR,ERR,ERR,ERR,ERR,ERR,ERR,ERR,ERR,ERR,ERR,ERR,ERR,ERR,ERR,ERR,ERR,ERR,ERR,ERR,ERR,ERR,ERR,ERR,ERR,ERR,ERR,ERR,ERR,ERR,ERR,ERR,ERR,ERR,ERR,ERR,ERR,ERR,ERR,ERR,ERR,ERR,ERR,ERR,ERR,ERR,ERR,ERR,ERR,ERR,ERR,ERR,ERR,ERR,ERR,ERR,ERR,ERR,ERR,ERR,50.0,60.0,100,0.0,0.0,0.0,0.0,0.0,0.0,0.0,0.0,0.0,0.0,0.0,0.0,0.0,0.0,0.0,0.0,61.6,73,14,65513,50,65476,0,300,0,0,8,20529,65476,0,0,26214,60.0,0.0,0.0,0.0,0.0,0.0
2026-05-17T18:36:11,ERR,ERR,ERR,ERR,ERR,ERR,ERR,ERR,ERR,ERR,ERR,ERR,ERR,ERR,ERR,ERR,ERR,ERR,ERR,ERR,ERR,ERR,ERR,ERR,ERR,ERR,ERR,ERR,ERR,ERR,ERR,ERR,ERR,ERR,ERR,ERR,ERR,ERR,ERR,ERR,ERR,ERR,ERR,ERR,ERR,ERR,ERR,ERR,ERR,ERR,ERR,ERR,ERR,ERR,ERR,ERR,ERR,ERR,ERR,ERR,ERR,ERR,ERR,ERR,ERR,ERR,ERR,ERR,ERR,ERR,ERR,ERR,ERR,ERR,ERR,ERR,ERR,ERR,ERR,ERR,ERR,ERR,ERR,ERR,ERR,ERR,ERR,ERR,ERR,ERR,ERR,ERR,ERR,ERR,ERR,ERR,ERR,ERR,ERR,ERR,ERR,ERR,ERR,ERR,ERR,ERR,ERR,ERR,ERR,ERR,ERR,ERR,ERR,ERR,ERR,ERR,ERR,ERR,ERR,ERR,ERR,ERR,ERR,ERR,ERR,0.0,0.0,-134474944.0,0.0,0.0,1.3936040501711995e+18,7.805,0.0,0,0,4,0,8422,0.0,45,0.0,0.0,0.0,0.0,0.0,0,0,0,0,0.0,0,0,0,0,0,0,0,0,0,0,0,0,0,0,0,0,0,0,0,0,0,0,0,0,0,0,0,0,0,0,0,0,0,38,14,7,45,65476,0,300,0,0,8,21553,0.0,-107605600.0,0.0,0.0,0.0,0.0,0.0,0.0,0.0,0.0,0.0,0.0,0.0,0.0,0.0,0.0,0.0,0.0,0.0,0.0,0.0,0.0,0.0,2.004,-0.0,0.0,0.0,0.0,0.0,0.0,4985.0,3.6971856938200465e+19,0.0,0.0,0.0,-107615280.0,2.718429300292151e+23,0.0,0.0,0.0,0.0,53,-0.0,-2.3088276994979896e+20,0.0,0.0,0.0,0.0,0.0,0.0,0.0,0,0,0,0.0,0.0,0.0,0.0,0.0,0.0,0.0,0.0,0.0,0.0,0.0,0.0,0.0,0.0,0.0,0.0,0,-107875648.0,53,0.0,106,-107614832.0,0.0,ERR,ERR,ERR,ERR,ERR,ERR,ERR,ERR,ERR,ERR,ERR,ERR,ERR,ERR,ERR,ERR,ERR,ERR,ERR,ERR,ERR,ERR,ERR,ERR,ERR,ERR,ERR,ERR,ERR,ERR,ERR,ERR,ERR,ERR,ERR,ERR,ERR,ERR,ERR,ERR,ERR,ERR,ERR,ERR,ERR,ERR,ERR,ERR,ERR,ERR,ERR,ERR,ERR,ERR,ERR,ERR,ERR,ERR,ERR,ERR,ERR,ERR,ERR,ERR,ERR,ERR,ERR,50.0,60.0,100,0.0,0.0,0.0,0.0,0.0,0.0,0.0,0.0,0.0,0.0,0.0,0.0,0.0,0.0,0.0,0.0,61.6,73,14,65513,50,65476,0,300,0,0,8,20529,65476,0,0,26214,60.0,0.0,0.0,0.0,0.0,0.0
2026-05-17T18:36:12,ERR,ERR,ERR,ERR,ERR,ERR,ERR,ERR,ERR,ERR,ERR,ERR,ERR,ERR,ERR,ERR,ERR,ERR,ERR,ERR,ERR,ERR,ERR,ERR,ERR,ERR,ERR,ERR,ERR,ERR,ERR,ERR,ERR,ERR,ERR,ERR,ERR,ERR,ERR,ERR,ERR,ERR,ERR,ERR,ERR,ERR,ERR,ERR,ERR,ERR,ERR,ERR,ERR,ERR,ERR,ERR,ERR,ERR,ERR,ERR,ERR,ERR,ERR,ERR,ERR,ERR,ERR,ERR,ERR,ERR,ERR,ERR,ERR,ERR,ERR,ERR,ERR,ERR,ERR,ERR,ERR,ERR,ERR,ERR,ERR,ERR,ERR,ERR,ERR,ERR,ERR,ERR,ERR,ERR,ERR,ERR,ERR,ERR,ERR,ERR,ERR,ERR,ERR,ERR,ERR,ERR,ERR,ERR,ERR,ERR,ERR,ERR,ERR,ERR,ERR,ERR,ERR,ERR,ERR,ERR,ERR,ERR,ERR,ERR,ERR,0.0,0.0,-134474944.0,0.0,0.0,1.3936040501711995e+18,7.805,0.0,0,0,4,0,8422,0.0,45,0.0,0.0,0.0,0.0,0.0,0,0,0,0,0.0,0,0,0,0,0,0,0,0,0,0,0,0,0,0,0,0,0,0,0,0,0,0,0,0,0,0,0,0,0,0,0,0,0,38,14,7,45,65476,0,300,0,0,8,21553,0.0,-107605600.0,0.0,0.0,0.0,0.0,0.0,0.0,0.0,0.0,0.0,0.0,0.0,0.0,0.0,0.0,0.0,0.0,0.0,0.0,0.0,0.0,0.0,2.004,-0.0,0.0,0.0,0.0,0.0,0.0,4985.0,3.6971856938200465e+19,0.0,0.0,0.0,-107615280.0,2.718429300292151e+23,0.0,0.0,0.0,0.0,53,-0.0,-2.3088276994979896e+20,0.0,0.0,0.0,0.0,0.0,0.0,0.0,0,0,0,0.0,0.0,0.0,0.0,0.0,0.0,0.0,0.0,0.0,0.0,0.0,0.0,0.0,0.0,0.0,0.0,0,-107875648.0,53,0.0,106,-107614832.0,0.0,ERR,ERR,ERR,ERR,ERR,ERR,ERR,ERR,ERR,ERR,ERR,ERR,ERR,ERR,ERR,ERR,ERR,ERR,ERR,ERR,ERR,ERR,ERR,ERR,ERR,ERR,ERR,ERR,ERR,ERR,ERR,ERR,ERR,ERR,ERR,ERR,ERR,ERR,ERR,ERR,ERR,ERR,ERR,ERR,ERR,ERR,ERR,ERR,ERR,ERR,ERR,ERR,ERR,ERR,ERR,ERR,ERR,ERR,ERR,ERR,ERR,ERR,ERR,ERR,ERR,ERR,ERR,50.0,60.0,100,0.0,0.0,0.0,0.0,0.0,0.0,0.0,0.0,0.0,0.0,0.0,0.0,0.0,0.0,0.0,0.0,61.6,73,14,65513,50,65476,0,300,0,0,8,20529,65476,0,0,26214,60.0,0.0,0.0,0.0,0.0,0.0
2026-05-17T18:36:13,ERR,ERR,ERR,ERR,ERR,ERR,ERR,ERR,ERR,ERR,ERR,ERR,ERR,ERR,ERR,ERR,ERR,ERR,ERR,ERR,ERR,ERR,ERR,ERR,ERR,ERR,ERR,ERR,ERR,ERR,ERR,ERR,ERR,ERR,ERR,ERR,ERR,ERR,ERR,ERR,ERR,ERR,ERR,ERR,ERR,ERR,ERR,ERR,ERR,ERR,ERR,ERR,ERR,ERR,ERR,ERR,ERR,ERR,ERR,ERR,ERR,ERR,ERR,ERR,ERR,ERR,ERR,ERR,ERR,ERR,ERR,ERR,ERR,ERR,ERR,ERR,ERR,ERR,ERR,ERR,ERR,ERR,ERR,ERR,ERR,ERR,ERR,ERR,ERR,ERR,ERR,ERR,ERR,ERR,ERR,ERR,ERR,ERR,ERR,ERR,ERR,ERR,ERR,ERR,ERR,ERR,ERR,ERR,ERR,ERR,ERR,ERR,ERR,ERR,ERR,ERR,ERR,ERR,ERR,ERR,ERR,ERR,ERR,ERR,ERR,0.0,0.0,-134474944.0,0.0,0.0,1.3936040501711995e+18,7.805,0.0,0,0,4,0,8422,0.0,45,0.0,0.0,0.0,0.0,0.0,0,0,0,0,0.0,0,0,0,0,0,0,0,0,0,0,0,0,0,0,0,0,0,0,0,0,0,0,0,0,0,0,0,0,0,0,0,0,0,38,14,7,45,65476,0,300,0,0,8,21553,0.0,-107605600.0,0.0,0.0,0.0,0.0,0.0,0.0,0.0,0.0,0.0,0.0,0.0,0.0,0.0,0.0,0.0,0.0,0.0,0.0,0.0,0.0,0.0,2.004,-0.0,0.0,0.0,0.0,0.0,0.0,4985.0,3.6971856938200465e+19,0.0,0.0,0.0,-107615280.0,2.718429300292151e+23,0.0,0.0,0.0,0.0,53,-0.0,-2.3088276994979896e+20,0.0,0.0,0.0,0.0,0.0,0.0,0.0,0,0,0,0.0,0.0,0.0,0.0,0.0,0.0,0.0,0.0,0.0,0.0,0.0,0.0,0.0,0.0,0.0,0.0,0,-107875648.0,53,0.0,106,-107614832.0,0.0,ERR,ERR,ERR,ERR,ERR,ERR,ERR,ERR,ERR,ERR,ERR,ERR,ERR,ERR,ERR,ERR,ERR,ERR,ERR,ERR,ERR,ERR,ERR,ERR,ERR,ERR,ERR,ERR,ERR,ERR,ERR,ERR,ERR,ERR,ERR,ERR,ERR,ERR,ERR,ERR,ERR,ERR,ERR,ERR,ERR,ERR,ERR,ERR,ERR,ERR,ERR,ERR,ERR,ERR,ERR,ERR,ERR,ERR,ERR,ERR,ERR,ERR,ERR,ERR,ERR,ERR,ERR,50.0,60.0,100,0.0,0.0,0.0,0.0,0.0,0.0,0.0,0.0,0.0,0.0,0.0,0.0,0.0,0.0,0.0,0.0,61.6,73,14,65513,50,65476,0,300,0,0,8,20529,65476,0,0,26214,60.0,0.0,0.0,0.0,0.0,0.0
2026-05-17T18:36:14,ERR,ERR,ERR,ERR,ERR,ERR,ERR,ERR,ERR,ERR,ERR,ERR,ERR,ERR,ERR,ERR,ERR,ERR,ERR,ERR,ERR,ERR,ERR,ERR,ERR,ERR,ERR,ERR,ERR,ERR,ERR,ERR,ERR,ERR,ERR,ERR,ERR,ERR,ERR,ERR,ERR,ERR,ERR,ERR,ERR,ERR,ERR,ERR,ERR,ERR,ERR,ERR,ERR,ERR,ERR,ERR,ERR,ERR,ERR,ERR,ERR,ERR,ERR,ERR,ERR,ERR,ERR,ERR,ERR,ERR,ERR,ERR,ERR,ERR,ERR,ERR,ERR,ERR,ERR,ERR,ERR,ERR,ERR,ERR,ERR,ERR,ERR,ERR,ERR,ERR,ERR,ERR,ERR,ERR,ERR,ERR,ERR,ERR,ERR,ERR,ERR,ERR,ERR,ERR,ERR,ERR,ERR,ERR,ERR,ERR,ERR,ERR,ERR,ERR,ERR,ERR,ERR,ERR,ERR,ERR,ERR,ERR,ERR,ERR,ERR,0.0,0.0,0.0,0.0,0.0,1.3936040501711995e+18,7.805,0.0,0,0,4,0,8422,0.0,45,0.0,0.0,0.0,0.0,0.0,0,0,0,0,0.0,0,0,0,0,0,0,0,0,0,0,0,0,0,0,0,0,0,0,0,0,0,0,0,0,0,0,0,0,0,0,0,0,0,38,14,7,45,65476,0,300,0,0,8,21553,0.0,-107605600.0,0.0,0.0,0.0,0.0,0.0,0.0,0.0,0.0,0.0,0.0,0.0,0.0,0.0,0.0,0.0,0.0,0.0,0.0,0.0,0.0,0.0,2.004,-0.0,0.0,0.0,0.0,0.0,0.0,4983.0,8608181248.0,0.0,0.0,0.0,-107615280.0,2.718429300292151e+23,0.0,0.0,0.0,0.0,53,-0.0,-107614768.0,0.0,0.0,0.0,0.0,0.0,0.0,0.0,0,0,0,0.0,0.0,0.0,0.0,0.0,0.0,0.0,0.0,0.0,0.0,0.0,0.0,0.0,0.0,0.0,0.0,0,-107875648.0,53,0.0,106,-107614832.0,0.0,ERR,ERR,ERR,ERR,ERR,ERR,ERR,ERR,ERR,ERR,ERR,ERR,ERR,ERR,ERR,ERR,ERR,ERR,ERR,ERR,ERR,ERR,ERR,ERR,ERR,ERR,ERR,ERR,ERR,ERR,ERR,ERR,ERR,ERR,ERR,ERR,ERR,ERR,ERR,ERR,ERR,ERR,ERR,ERR,ERR,ERR,ERR,ERR,ERR,ERR,ERR,ERR,ERR,ERR,ERR,ERR,ERR,ERR,ERR,ERR,ERR,ERR,ERR,ERR,ERR,ERR,ERR,50.0,60.0,100,0.0,0.0,0.0,0.0,0.0,0.0,0.0,0.0,0.0,0.0,0.0,0.0,0.0,0.0,0.0,0.0,62.0,73,14,65513,50,65476,0,300,0,0,8,20529,65476,0,0,26214,60.0,0.0,0.0,0.0,0.0,0.0
2026-05-17T18:36:15,ERR,ERR,ERR,ERR,ERR,ERR,ERR,ERR,ERR,ERR,ERR,ERR,ERR,ERR,ERR,ERR,ERR,ERR,ERR,ERR,ERR,ERR,ERR,ERR,ERR,ERR,ERR,ERR,ERR,ERR,ERR,ERR,ERR,ERR,ERR,ERR,ERR,ERR,ERR,ERR,ERR,ERR,ERR,ERR,ERR,ERR,ERR,ERR,ERR,ERR,ERR,ERR,ERR,ERR,ERR,ERR,ERR,ERR,ERR,ERR,ERR,ERR,ERR,ERR,ERR,ERR,ERR,ERR,ERR,ERR,ERR,ERR,ERR,ERR,ERR,ERR,ERR,ERR,ERR,ERR,ERR,ERR,ERR,ERR,ERR,ERR,ERR,ERR,ERR,ERR,ERR,ERR,ERR,ERR,ERR,ERR,ERR,ERR,ERR,ERR,ERR,ERR,ERR,ERR,ERR,ERR,ERR,ERR,ERR,ERR,ERR,ERR,ERR,ERR,ERR,ERR,ERR,ERR,ERR,ERR,ERR,ERR,ERR,ERR,ERR,0.0,0.0,0.0,0.0,0.0,1.3936040501711995e+18,7.805,0.0,0,0,4,0,8422,0.0,45,0.0,0.0,0.0,0.0,0.0,0,0,0,0,0.0,0,0,0,0,0,0,0,0,0,0,0,0,0,0,0,0,0,0,0,0,0,0,0,0,0,0,0,0,0,0,0,0,0,38,14,7,45,65476,0,300,0,0,8,21553,0.0,-107605600.0,0.0,0.0,0.0,0.0,0.0,0.0,0.0,0.0,0.0,0.0,0.0,0.0,0.0,0.0,0.0,0.0,0.0,0.0,0.0,0.0,0.0,2.004,-0.0,0.0,0.0,0.0,0.0,0.0,4983.0,8608181248.0,0.0,0.0,0.0,-107615280.0,2.718429300292151e+23,0.0,0.0,0.0,0.0,53,-0.0,-107614768.0,0.0,0.0,0.0,0.0,0.0,0.0,0.0,0,0,0,0.0,0.0,0.0,0.0,0.0,0.0,0.0,0.0,0.0,0.0,0.0,0.0,0.0,0.0,0.0,0.0,0,-107875648.0,53,0.0,106,-107614832.0,0.0,ERR,ERR,ERR,ERR,ERR,ERR,ERR,ERR,ERR,ERR,ERR,ERR,ERR,ERR,ERR,ERR,ERR,ERR,ERR,ERR,ERR,ERR,ERR,ERR,ERR,ERR,ERR,ERR,ERR,ERR,ERR,ERR,ERR,ERR,ERR,ERR,ERR,ERR,ERR,ERR,ERR,ERR,ERR,ERR,ERR,ERR,ERR,ERR,ERR,ERR,ERR,ERR,ERR,ERR,ERR,ERR,ERR,ERR,ERR,ERR,ERR,ERR,ERR,ERR,ERR,ERR,ERR,50.0,60.0,100,0.0,0.0,0.0,0.0,0.0,0.0,0.0,0.0,0.0,0.0,0.0,0.0,0.0,0.0,0.0,0.0,62.0,73,14,65513,50,65476,0,300,0,0,8,20529,65476,0,0,26214,60.0,0.0,0.0,0.0,0.0,0.0
2026-05-17T18:36:16,ERR,ERR,ERR,ERR,ERR,ERR,ERR,ERR,ERR,ERR,ERR,ERR,ERR,ERR,ERR,ERR,ERR,ERR,ERR,ERR,ERR,ERR,ERR,ERR,ERR,ERR,ERR,ERR,ERR,ERR,ERR,ERR,ERR,ERR,ERR,ERR,ERR,ERR,ERR,ERR,ERR,ERR,ERR,ERR,ERR,ERR,ERR,ERR,ERR,ERR,ERR,ERR,ERR,ERR,ERR,ERR,ERR,ERR,ERR,ERR,ERR,ERR,ERR,ERR,ERR,ERR,ERR,ERR,ERR,ERR,ERR,ERR,ERR,ERR,ERR,ERR,ERR,ERR,ERR,ERR,ERR,ERR,ERR,ERR,ERR,ERR,ERR,ERR,ERR,ERR,ERR,ERR,ERR,ERR,ERR,ERR,ERR,ERR,ERR,ERR,ERR,ERR,ERR,ERR,ERR,ERR,ERR,ERR,ERR,ERR,ERR,ERR,ERR,ERR,ERR,ERR,ERR,ERR,ERR,ERR,ERR,ERR,ERR,ERR,ERR,0.0,0.0,0.0,0.0,0.0,1.3936040501711995e+18,7.805,0.0,0,0,4,0,8422,0.0,45,0.0,0.0,0.0,0.0,0.0,0,0,0,0,0.0,0,0,0,0,0,0,0,0,0,0,0,0,0,0,0,0,0,0,0,0,0,0,0,0,0,0,0,0,0,0,0,0,0,38,14,7,45,65476,0,300,0,0,8,21553,0.0,-107605600.0,0.0,0.0,0.0,0.0,0.0,0.0,0.0,0.0,0.0,0.0,0.0,0.0,0.0,0.0,0.0,0.0,0.0,0.0,0.0,0.0,0.0,2.004,-0.0,0.0,0.0,0.0,0.0,0.0,4983.0,8608181248.0,0.0,0.0,0.0,-107615280.0,2.718429300292151e+23,0.0,0.0,0.0,0.0,53,-0.0,-107614768.0,0.0,0.0,0.0,0.0,0.0,0.0,0.0,0,0,0,0.0,0.0,0.0,0.0,0.0,0.0,0.0,0.0,0.0,0.0,0.0,0.0,0.0,0.0,0.0,0.0,0,-107875648.0,53,0.0,106,-107614832.0,0.0,ERR,ERR,ERR,ERR,ERR,ERR,ERR,ERR,ERR,ERR,ERR,ERR,ERR,ERR,ERR,ERR,ERR,ERR,ERR,ERR,ERR,ERR,ERR,ERR,ERR,ERR,ERR,ERR,ERR,ERR,ERR,ERR,ERR,ERR,ERR,ERR,ERR,ERR,ERR,ERR,ERR,ERR,ERR,ERR,ERR,ERR,ERR,ERR,ERR,ERR,ERR,ERR,ERR,ERR,ERR,ERR,ERR,ERR,ERR,ERR,ERR,ERR,ERR,ERR,ERR,ERR,ERR,50.0,60.0,100,0.0,0.0,0.0,0.0,0.0,0.0,0.0,0.0,0.0,0.0,0.0,0.0,0.0,0.0,0.0,0.0,61.6,73,14,65513,50,65476,0,300,0,0,8,20529,65476,0,0,26214,60.0,0.0,0.0,0.0,0.0,0.0
2026-05-17T18:36:17,ERR,ERR,ERR,ERR,ERR,ERR,ERR,ERR,ERR,ERR,ERR,ERR,ERR,ERR,ERR,ERR,ERR,ERR,ERR,ERR,ERR,ERR,ERR,ERR,ERR,ERR,ERR,ERR,ERR,ERR,ERR,ERR,ERR,ERR,ERR,ERR,ERR,ERR,ERR,ERR,ERR,ERR,ERR,ERR,ERR,ERR,ERR,ERR,ERR,ERR,ERR,ERR,ERR,ERR,ERR,ERR,ERR,ERR,ERR,ERR,ERR,ERR,ERR,ERR,ERR,ERR,ERR,ERR,ERR,ERR,ERR,ERR,ERR,ERR,ERR,ERR,ERR,ERR,ERR,ERR,ERR,ERR,ERR,ERR,ERR,ERR,ERR,ERR,ERR,ERR,ERR,ERR,ERR,ERR,ERR,ERR,ERR,ERR,ERR,ERR,ERR,ERR,ERR,ERR,ERR,ERR,ERR,ERR,ERR,ERR,ERR,ERR,ERR,ERR,ERR,ERR,ERR,ERR,ERR,ERR,ERR,ERR,ERR,ERR,ERR,0.0,0.0,0.0,0.0,0.0,1.3936040501711995e+18,7.805,0.0,0,0,4,0,8422,0.0,45,0.0,0.0,0.0,0.0,0.0,0,0,0,0,0.0,0,0,0,0,0,0,0,0,0,0,0,0,0,0,0,0,0,0,0,0,0,0,0,0,0,0,0,0,0,0,0,0,0,38,14,7,45,65476,0,300,0,0,8,21553,0.0,-107605600.0,0.0,0.0,0.0,0.0,0.0,0.0,0.0,0.0,0.0,0.0,0.0,0.0,0.0,0.0,0.0,0.0,0.0,0.0,0.0,0.0,0.0,2.004,-0.0,0.0,0.0,0.0,0.0,0.0,4983.0,8608181248.0,0.0,0.0,0.0,-107615280.0,2.718429300292151e+23,0.0,0.0,0.0,0.0,53,-0.0,-107614768.0,0.0,0.0,0.0,0.0,0.0,0.0,0.0,0,0,0,0.0,0.0,0.0,0.0,0.0,0.0,0.0,0.0,0.0,0.0,0.0,0.0,0.0,0.0,0.0,0.0,0,-107875648.0,53,0.0,106,-107614832.0,0.0,ERR,ERR,ERR,ERR,ERR,ERR,ERR,ERR,ERR,ERR,ERR,ERR,ERR,ERR,ERR,ERR,ERR,ERR,ERR,ERR,ERR,ERR,ERR,ERR,ERR,ERR,ERR,ERR,ERR,ERR,ERR,ERR,ERR,ERR,ERR,ERR,ERR,ERR,ERR,ERR,ERR,ERR,ERR,ERR,ERR,ERR,ERR,ERR,ERR,ERR,ERR,ERR,ERR,ERR,ERR,ERR,ERR,ERR,ERR,ERR,ERR,ERR,ERR,ERR,ERR,ERR,ERR,50.0,60.0,100,0.0,0.0,0.0,0.0,0.0,0.0,0.0,0.0,0.0,0.0,0.0,0.0,0.0,0.0,0.0,0.0,61.6,73,14,65513,50,65476,0,300,0,0,8,20529,65476,0,0,26214,60.0,0.0,0.0,0.0,0.0,0.0
2026-05-17T18:36:18,ERR,ERR,ERR,ERR,ERR,ERR,ERR,ERR,ERR,ERR,ERR,ERR,ERR,ERR,ERR,ERR,ERR,ERR,ERR,ERR,ERR,ERR,ERR,ERR,ERR,ERR,ERR,ERR,ERR,ERR,ERR,ERR,ERR,ERR,ERR,ERR,ERR,ERR,ERR,ERR,ERR,ERR,ERR,ERR,ERR,ERR,ERR,ERR,ERR,ERR,ERR,ERR,ERR,ERR,ERR,ERR,ERR,ERR,ERR,ERR,ERR,ERR,ERR,ERR,ERR,ERR,ERR,ERR,ERR,ERR,ERR,ERR,ERR,ERR,ERR,ERR,ERR,ERR,ERR,ERR,ERR,ERR,ERR,ERR,ERR,ERR,ERR,ERR,ERR,ERR,ERR,ERR,ERR,ERR,ERR,ERR,ERR,ERR,ERR,ERR,ERR,ERR,ERR,ERR,ERR,ERR,ERR,ERR,ERR,ERR,ERR,ERR,ERR,ERR,ERR,ERR,ERR,ERR,ERR,ERR,ERR,ERR,ERR,ERR,ERR,0.0,0.0,0.0,0.0,0.0,1.3936040501711995e+18,7.805,0.0,0,0,4,0,8422,0.0,45,0.0,0.0,0.0,0.0,0.0,0,0,0,0,0.0,0,0,0,0,0,0,0,0,0,0,0,0,0,0,0,0,0,0,0,0,0,0,0,0,0,0,0,0,0,0,0,0,0,38,14,7,45,65476,0,300,0,0,8,21553,0.0,-107605600.0,0.0,0.0,0.0,0.0,0.0,0.0,0.0,0.0,0.0,0.0,0.0,0.0,0.0,0.0,0.0,0.0,0.0,0.0,0.0,0.0,0.0,2.004,-0.0,0.0,0.0,0.0,0.0,0.0,4983.0,8608181248.0,0.0,0.0,0.0,-107615280.0,2.718429300292151e+23,0.0,0.0,0.0,0.0,53,-0.0,-107614768.0,0.0,0.0,0.0,0.0,0.0,0.0,0.0,0,0,0,0.0,0.0,0.0,0.0,0.0,0.0,0.0,0.0,0.0,0.0,0.0,0.0,0.0,0.0,0.0,0.0,0,-107875648.0,53,0.0,106,-107614832.0,0.0,ERR,ERR,ERR,ERR,ERR,ERR,ERR,ERR,ERR,ERR,ERR,ERR,ERR,ERR,ERR,ERR,ERR,ERR,ERR,ERR,ERR,ERR,ERR,ERR,ERR,ERR,ERR,ERR,ERR,ERR,ERR,ERR,ERR,ERR,ERR,ERR,ERR,ERR,ERR,ERR,ERR,ERR,ERR,ERR,ERR,ERR,ERR,ERR,ERR,ERR,ERR,ERR,ERR,ERR,ERR,ERR,ERR,ERR,ERR,ERR,ERR,ERR,ERR,ERR,ERR,ERR,ERR,50.0,60.0,100,0.0,0.0,0.0,0.0,0.0,0.0,0.0,0.0,0.0,0.0,0.0,0.0,0.0,0.0,0.0,0.0,61.6,73,14,65513,50,65476,0,300,0,0,8,20529,65476,0,0,26214,60.0,0.0,0.0,0.0,0.0,0.0
2026-05-17T18:36:19,ERR,ERR,ERR,ERR,ERR,ERR,ERR,ERR,ERR,ERR,ERR,ERR,ERR,ERR,ERR,ERR,ERR,ERR,ERR,ERR,ERR,ERR,ERR,ERR,ERR,ERR,ERR,ERR,ERR,ERR,ERR,ERR,ERR,ERR,ERR,ERR,ERR,ERR,ERR,ERR,ERR,ERR,ERR,ERR,ERR,ERR,ERR,ERR,ERR,ERR,ERR,ERR,ERR,ERR,ERR,ERR,ERR,ERR,ERR,ERR,ERR,ERR,ERR,ERR,ERR,ERR,ERR,ERR,ERR,ERR,ERR,ERR,ERR,ERR,ERR,ERR,ERR,ERR,ERR,ERR,ERR,ERR,ERR,ERR,ERR,ERR,ERR,ERR,ERR,ERR,ERR,ERR,ERR,ERR,ERR,ERR,ERR,ERR,ERR,ERR,ERR,ERR,ERR,ERR,ERR,ERR,ERR,ERR,ERR,ERR,ERR,ERR,ERR,ERR,ERR,ERR,ERR,ERR,ERR,ERR,ERR,ERR,ERR,ERR,ERR,0.0,0.0,0.0,0.0,0.0,1.3936040501711995e+18,7.805,0.0,0,0,4,0,8422,0.0,45,0.0,0.0,0.0,0.0,0.0,0,0,0,0,0.0,0,0,0,0,0,0,0,0,0,0,0,0,0,0,0,0,0,0,0,0,0,0,0,0,0,0,0,0,0,0,0,0,0,38,14,7,45,65476,0,300,0,0,8,21553,0.0,-107605600.0,0.0,0.0,0.0,0.0,0.0,0.0,0.0,0.0,0.0,0.0,0.0,0.0,0.0,0.0,0.0,0.0,0.0,0.0,0.0,0.0,0.0,2.004,-0.0,0.0,0.0,0.0,0.0,0.0,4984.0,3.6971856938200465e+19,0.0,0.0,0.0,-107615280.0,2.718429300292151e+23,0.0,0.0,0.0,0.0,53,-0.0,-2.3088276994979896e+20,0.0,0.0,0.0,0.0,0.0,0.0,0.0,0,0,0,0.0,0.0,0.0,0.0,0.0,0.0,0.0,0.0,0.0,0.0,0.0,0.0,0.0,0.0,0.0,0.0,0,-107875648.0,53,0.0,106,-107614832.0,0.0,ERR,ERR,ERR,ERR,ERR,ERR,ERR,ERR,ERR,ERR,ERR,ERR,ERR,ERR,ERR,ERR,ERR,ERR,ERR,ERR,ERR,ERR,ERR,ERR,ERR,ERR,ERR,ERR,ERR,ERR,ERR,ERR,ERR,ERR,ERR,ERR,ERR,ERR,ERR,ERR,ERR,ERR,ERR,ERR,ERR,ERR,ERR,ERR,ERR,ERR,ERR,ERR,ERR,ERR,ERR,ERR,ERR,ERR,ERR,ERR,ERR,ERR,ERR,ERR,ERR,ERR,ERR,50.0,60.0,100,0.0,0.0,0.0,0.0,0.0,0.0,0.0,0.0,0.0,0.0,0.0,0.0,0.0,0.0,0.0,0.0,61.6,73,14,65513,50,65476,0,300,0,0,8,20529,65476,0,0,26214,60.0,0.0,0.0,0.0,0.0,0.0
2026-05-17T18:36:20,ERR,ERR,ERR,ERR,ERR,ERR,ERR,ERR,ERR,ERR,ERR,ERR,ERR,ERR,ERR,ERR,ERR,ERR,ERR,ERR,ERR,ERR,ERR,ERR,ERR,ERR,ERR,ERR,ERR,ERR,ERR,ERR,ERR,ERR,ERR,ERR,ERR,ERR,ERR,ERR,ERR,ERR,ERR,ERR,ERR,ERR,ERR,ERR,ERR,ERR,ERR,ERR,ERR,ERR,ERR,ERR,ERR,ERR,ERR,ERR,ERR,ERR,ERR,ERR,ERR,ERR,ERR,ERR,ERR,ERR,ERR,ERR,ERR,ERR,ERR,ERR,ERR,ERR,ERR,ERR,ERR,ERR,ERR,ERR,ERR,ERR,ERR,ERR,ERR,ERR,ERR,ERR,ERR,ERR,ERR,ERR,ERR,ERR,ERR,ERR,ERR,ERR,ERR,ERR,ERR,ERR,ERR,ERR,ERR,ERR,ERR,ERR,ERR,ERR,ERR,ERR,ERR,ERR,ERR,ERR,ERR,ERR,ERR,ERR,ERR,0.0,0.0,0.0,0.0,0.0,1.3936040501711995e+18,7.805,0.0,0,0,4,0,8422,0.0,45,0.0,0.0,0.0,0.0,0.0,0,0,0,0,0.0,0,0,0,0,0,0,0,0,0,0,0,0,0,0,0,0,0,0,0,0,0,0,0,0,0,0,0,0,0,0,0,0,0,38,14,7,45,65476,0,300,0,0,8,21553,0.0,-107605600.0,0.0,0.0,0.0,0.0,0.0,0.0,0.0,0.0,0.0,0.0,0.0,0.0,0.0,0.0,0.0,0.0,0.0,0.0,0.0,0.0,0.0,2.004,-0.0,0.0,0.0,0.0,0.0,0.0,4984.0,3.6971856938200465e+19,0.0,0.0,0.0,-107615280.0,2.718429300292151e+23,0.0,0.0,0.0,0.0,53,-0.0,-2.3088276994979896e+20,0.0,0.0,0.0,0.0,0.0,0.0,0.0,0,0,0,0.0,0.0,0.0,0.0,0.0,0.0,0.0,0.0,0.0,0.0,0.0,0.0,0.0,0.0,0.0,0.0,0,-107875648.0,53,0.0,106,-107614832.0,0.0,ERR,ERR,ERR,ERR,ERR,ERR,ERR,ERR,ERR,ERR,ERR,ERR,ERR,ERR,ERR,ERR,ERR,ERR,ERR,ERR,ERR,ERR,ERR,ERR,ERR,ERR,ERR,ERR,ERR,ERR,ERR,ERR,ERR,ERR,ERR,ERR,ERR,ERR,ERR,ERR,ERR,ERR,ERR,ERR,ERR,ERR,ERR,ERR,ERR,ERR,ERR,ERR,ERR,ERR,ERR,ERR,ERR,ERR,ERR,ERR,ERR,ERR,ERR,ERR,ERR,ERR,ERR,50.0,60.0,100,0.0,0.0,0.0,0.0,0.0,0.0,0.0,0.0,0.0,0.0,0.0,0.0,0.0,0.0,0.0,0.0,62.0,73,14,65513,50,65476,0,300,0,0,8,20529,65476,0,0,26214,60.0,0.0,0.0,0.0,0.0,0.0
2026-05-17T18:36:21,ERR,ERR,ERR,ERR,ERR,ERR,ERR,ERR,ERR,ERR,ERR,ERR,ERR,ERR,ERR,ERR,ERR,ERR,ERR,ERR,ERR,ERR,ERR,ERR,ERR,ERR,ERR,ERR,ERR,ERR,ERR,ERR,ERR,ERR,ERR,ERR,ERR,ERR,ERR,ERR,ERR,ERR,ERR,ERR,ERR,ERR,ERR,ERR,ERR,ERR,ERR,ERR,ERR,ERR,ERR,ERR,ERR,ERR,ERR,ERR,ERR,ERR,ERR,ERR,ERR,ERR,ERR,ERR,ERR,ERR,ERR,ERR,ERR,ERR,ERR,ERR,ERR,ERR,ERR,ERR,ERR,ERR,ERR,ERR,ERR,ERR,ERR,ERR,ERR,ERR,ERR,ERR,ERR,ERR,ERR,ERR,ERR,ERR,ERR,ERR,ERR,ERR,ERR,ERR,ERR,ERR,ERR,ERR,ERR,ERR,ERR,ERR,ERR,ERR,ERR,ERR,ERR,ERR,ERR,ERR,ERR,ERR,ERR,ERR,ERR,0.0,0.0,0.0,0.0,0.0,1.3936040501711995e+18,7.805,0.0,0,0,4,0,8422,0.0,45,0.0,0.0,0.0,0.0,0.0,0,0,0,0,0.0,0,0,0,0,0,0,0,0,0,0,0,0,0,0,0,0,0,0,0,0,0,0,0,0,0,0,0,0,0,0,0,0,0,38,14,7,45,65476,0,300,0,0,8,21553,0.0,-107605600.0,0.0,0.0,0.0,0.0,0.0,0.0,0.0,0.0,0.0,0.0,0.0,0.0,0.0,0.0,0.0,0.0,0.0,0.0,0.0,0.0,0.0,2.004,-0.0,0.0,0.0,0.0,0.0,0.0,4984.0,3.6971856938200465e+19,0.0,0.0,0.0,-107615280.0,2.718429300292151e+23,0.0,0.0,0.0,0.0,53,-0.0,-2.3088276994979896e+20,0.0,0.0,0.0,0.0,0.0,0.0,0.0,0,0,0,0.0,0.0,0.0,0.0,0.0,0.0,0.0,0.0,0.0,0.0,0.0,0.0,0.0,0.0,0.0,0.0,0,-107875648.0,53,0.0,106,-107614832.0,0.0,ERR,ERR,ERR,ERR,ERR,ERR,ERR,ERR,ERR,ERR,ERR,ERR,ERR,ERR,ERR,ERR,ERR,ERR,ERR,ERR,ERR,ERR,ERR,ERR,ERR,ERR,ERR,ERR,ERR,ERR,ERR,ERR,ERR,ERR,ERR,ERR,ERR,ERR,ERR,ERR,ERR,ERR,ERR,ERR,ERR,ERR,ERR,ERR,ERR,ERR,ERR,ERR,ERR,ERR,ERR,ERR,ERR,ERR,ERR,ERR,ERR,ERR,ERR,ERR,ERR,ERR,ERR,50.0,60.0,100,0.0,0.0,0.0,0.0,0.0,0.0,0.0,0.0,0.0,0.0,0.0,0.0,0.0,0.0,0.0,0.0,61.6,73,14,65513,50,65476,0,300,0,0,8,20529,65476,0,0,26214,60.0,0.0,0.0,0.0,0.0,0.0
2026-05-17T18:36:22,ERR,ERR,ERR,ERR,ERR,ERR,ERR,ERR,ERR,ERR,ERR,ERR,ERR,ERR,ERR,ERR,ERR,ERR,ERR,ERR,ERR,ERR,ERR,ERR,ERR,ERR,ERR,ERR,ERR,ERR,ERR,ERR,ERR,ERR,ERR,ERR,ERR,ERR,ERR,ERR,ERR,ERR,ERR,ERR,ERR,ERR,ERR,ERR,ERR,ERR,ERR,ERR,ERR,ERR,ERR,ERR,ERR,ERR,ERR,ERR,ERR,ERR,ERR,ERR,ERR,ERR,ERR,ERR,ERR,ERR,ERR,ERR,ERR,ERR,ERR,ERR,ERR,ERR,ERR,ERR,ERR,ERR,ERR,ERR,ERR,ERR,ERR,ERR,ERR,ERR,ERR,ERR,ERR,ERR,ERR,ERR,ERR,ERR,ERR,ERR,ERR,ERR,ERR,ERR,ERR,ERR,ERR,ERR,ERR,ERR,ERR,ERR,ERR,ERR,ERR,ERR,ERR,ERR,ERR,ERR,ERR,ERR,ERR,ERR,ERR,0.0,0.0,0.0,0.0,0.0,1.3936040501711995e+18,7.805,0.0,0,0,4,0,8422,0.0,45,0.0,0.0,0.0,0.0,0.0,0,0,0,0,0.0,0,0,0,0,0,0,0,0,0,0,0,0,0,0,0,0,0,0,0,0,0,0,0,0,0,0,0,0,0,0,0,0,0,38,14,7,45,65476,0,300,0,0,8,21553,0.0,-107605600.0,0.0,0.0,0.0,0.0,0.0,0.0,0.0,0.0,0.0,0.0,0.0,0.0,0.0,0.0,0.0,0.0,0.0,0.0,0.0,0.0,0.0,2.004,-0.0,0.0,0.0,0.0,0.0,0.0,4984.0,3.6971856938200465e+19,0.0,0.0,0.0,-107615280.0,2.718429300292151e+23,0.0,0.0,0.0,0.0,53,-0.0,-2.3088276994979896e+20,0.0,0.0,0.0,0.0,0.0,0.0,0.0,0,0,0,0.0,0.0,0.0,0.0,0.0,0.0,0.0,0.0,0.0,0.0,0.0,0.0,0.0,0.0,0.0,0.0,0,-107875648.0,53,0.0,106,-107614832.0,0.0,ERR,ERR,ERR,ERR,ERR,ERR,ERR,ERR,ERR,ERR,ERR,ERR,ERR,ERR,ERR,ERR,ERR,ERR,ERR,ERR,ERR,ERR,ERR,ERR,ERR,ERR,ERR,ERR,ERR,ERR,ERR,ERR,ERR,ERR,ERR,ERR,ERR,ERR,ERR,ERR,ERR,ERR,ERR,ERR,ERR,ERR,ERR,ERR,ERR,ERR,ERR,ERR,ERR,ERR,ERR,ERR,ERR,ERR,ERR,ERR,ERR,ERR,ERR,ERR,ERR,ERR,ERR,50.0,60.0,100,0.0,0.0,0.0,0.0,0.0,0.0,0.0,0.0,0.0,0.0,0.0,0.0,0.0,0.0,0.0,0.0,61.6,73,14,65513,50,65476,0,300,0,0,8,20529,65476,0,0,26214,60.0,0.0,0.0,0.0,0.0,0.0
2026-05-17T18:36:23,ERR,ERR,ERR,ERR,ERR,ERR,ERR,ERR,ERR,ERR,ERR,ERR,ERR,ERR,ERR,ERR,ERR,ERR,ERR,ERR,ERR,ERR,ERR,ERR,ERR,ERR,ERR,ERR,ERR,ERR,ERR,ERR,ERR,ERR,ERR,ERR,ERR,ERR,ERR,ERR,ERR,ERR,ERR,ERR,ERR,ERR,ERR,ERR,ERR,ERR,ERR,ERR,ERR,ERR,ERR,ERR,ERR,ERR,ERR,ERR,ERR,ERR,ERR,ERR,ERR,ERR,ERR,ERR,ERR,ERR,ERR,ERR,ERR,ERR,ERR,ERR,ERR,ERR,ERR,ERR,ERR,ERR,ERR,ERR,ERR,ERR,ERR,ERR,ERR,ERR,ERR,ERR,ERR,ERR,ERR,ERR,ERR,ERR,ERR,ERR,ERR,ERR,ERR,ERR,ERR,ERR,ERR,ERR,ERR,ERR,ERR,ERR,ERR,ERR,ERR,ERR,ERR,ERR,ERR,ERR,ERR,ERR,ERR,ERR,ERR,0.0,0.0,0.0,0.0,0.0,1.3936040501711995e+18,7.805,0.0,0,0,4,0,8422,0.0,45,0.0,0.0,0.0,0.0,0.0,0,0,0,0,0.0,0,0,0,0,0,0,0,0,0,0,0,0,0,0,0,0,0,0,0,0,0,0,0,0,0,0,0,0,0,0,0,0,0,38,14,7,45,65476,0,300,0,0,8,21553,0.0,-107605600.0,0.0,0.0,0.0,0.0,0.0,0.0,0.0,0.0,0.0,0.0,0.0,0.0,0.0,0.0,0.0,0.0,0.0,0.0,0.0,0.0,0.0,2.004,-0.0,0.0,0.0,0.0,0.0,0.0,4984.0,3.6971856938200465e+19,0.0,0.0,0.0,-107615280.0,2.718429300292151e+23,0.0,0.0,0.0,0.0,53,-0.0,-2.3088276994979896e+20,0.0,0.0,0.0,0.0,0.0,0.0,0.0,0,0,0,0.0,0.0,0.0,0.0,0.0,0.0,0.0,0.0,0.0,0.0,0.0,0.0,0.0,0.0,0.0,0.0,0,-107875648.0,53,0.0,106,-107614832.0,0.0,ERR,ERR,ERR,ERR,ERR,ERR,ERR,ERR,ERR,ERR,ERR,ERR,ERR,ERR,ERR,ERR,ERR,ERR,ERR,ERR,ERR,ERR,ERR,ERR,ERR,ERR,ERR,ERR,ERR,ERR,ERR,ERR,ERR,ERR,ERR,ERR,ERR,ERR,ERR,ERR,ERR,ERR,ERR,ERR,ERR,ERR,ERR,ERR,ERR,ERR,ERR,ERR,ERR,ERR,ERR,ERR,ERR,ERR,ERR,ERR,ERR,ERR,ERR,ERR,ERR,ERR,ERR,50.0,60.0,100,0.0,0.0,0.0,0.0,0.0,0.0,0.0,0.0,0.0,0.0,0.0,0.0,0.0,0.0,0.0,0.0,62.0,73,14,65513,50,65476,0,300,0,0,8,20529,65476,0,0,26214,60.0,0.0,0.0,0.0,0.0,0.0
2026-05-17T18:36:24,ERR,ERR,ERR,ERR,ERR,ERR,ERR,ERR,ERR,ERR,ERR,ERR,ERR,ERR,ERR,ERR,ERR,ERR,ERR,ERR,ERR,ERR,ERR,ERR,ERR,ERR,ERR,ERR,ERR,ERR,ERR,ERR,ERR,ERR,ERR,ERR,ERR,ERR,ERR,ERR,ERR,ERR,ERR,ERR,ERR,ERR,ERR,ERR,ERR,ERR,ERR,ERR,ERR,ERR,ERR,ERR,ERR,ERR,ERR,ERR,ERR,ERR,ERR,ERR,ERR,ERR,ERR,ERR,ERR,ERR,ERR,ERR,ERR,ERR,ERR,ERR,ERR,ERR,ERR,ERR,ERR,ERR,ERR,ERR,ERR,ERR,ERR,ERR,ERR,ERR,ERR,ERR,ERR,ERR,ERR,ERR,ERR,ERR,ERR,ERR,ERR,ERR,ERR,ERR,ERR,ERR,ERR,ERR,ERR,ERR,ERR,ERR,ERR,ERR,ERR,ERR,ERR,ERR,ERR,ERR,ERR,ERR,ERR,ERR,ERR,0.0,0.0,0.0,0.0,0.0,1.3936040501711995e+18,7.805,0.0,0,0,4,0,8422,0.0,45,0.0,0.0,0.0,0.0,0.0,0,0,0,0,0.0,0,0,0,0,0,0,0,0,0,0,0,0,0,0,0,0,0,0,0,0,0,0,0,0,0,0,0,0,0,0,0,0,0,38,14,7,45,65476,0,300,0,0,8,21553,0.0,-107605600.0,0.0,0.0,0.0,0.0,0.0,0.0,0.0,0.0,0.0,0.0,0.0,0.0,0.0,0.0,0.0,0.0,0.0,0.0,0.0,0.0,0.0,2.004,-0.0,0.0,0.0,0.0,0.0,0.0,4984.0,0.0,0.0,0.0,0.0,-107615280.0,2.718429300292151e+23,0.0,0.0,0.0,0.0,53,-0.0,-0.0,0.0,0.0,0.0,0.0,0.0,0.0,0.0,0,0,0,0.0,0.0,0.0,0.0,0.0,0.0,0.0,0.0,0.0,0.0,0.0,0.0,0.0,0.0,0.0,0.0,0,-107875648.0,53,0.0,106,-107614832.0,0.0,ERR,ERR,ERR,ERR,ERR,ERR,ERR,ERR,ERR,ERR,ERR,ERR,ERR,ERR,ERR,ERR,ERR,ERR,ERR,ERR,ERR,ERR,ERR,ERR,ERR,ERR,ERR,ERR,ERR,ERR,ERR,ERR,ERR,ERR,ERR,ERR,ERR,ERR,ERR,ERR,ERR,ERR,ERR,ERR,ERR,ERR,ERR,ERR,ERR,ERR,ERR,ERR,ERR,ERR,ERR,ERR,ERR,ERR,ERR,ERR,ERR,ERR,ERR,ERR,ERR,ERR,ERR,50.0,60.0,100,0.0,0.0,0.0,0.0,0.0,0.0,0.0,0.0,0.0,0.0,0.0,0.0,0.0,0.0,0.0,0.0,62.0,73,14,65513,50,65476,0,300,0,0,8,20529,65476,0,0,26214,60.0,0.0,0.0,0.0,0.0,0.0
2026-05-17T18:36:25,ERR,ERR,ERR,ERR,ERR,ERR,ERR,ERR,ERR,ERR,ERR,ERR,ERR,ERR,ERR,ERR,ERR,ERR,ERR,ERR,ERR,ERR,ERR,ERR,ERR,ERR,ERR,ERR,ERR,ERR,ERR,ERR,ERR,ERR,ERR,ERR,ERR,ERR,ERR,ERR,ERR,ERR,ERR,ERR,ERR,ERR,ERR,ERR,ERR,ERR,ERR,ERR,ERR,ERR,ERR,ERR,ERR,ERR,ERR,ERR,ERR,ERR,ERR,ERR,ERR,ERR,ERR,ERR,ERR,ERR,ERR,ERR,ERR,ERR,ERR,ERR,ERR,ERR,ERR,ERR,ERR,ERR,ERR,ERR,ERR,ERR,ERR,ERR,ERR,ERR,ERR,ERR,ERR,ERR,ERR,ERR,ERR,ERR,ERR,ERR,ERR,ERR,ERR,ERR,ERR,ERR,ERR,ERR,ERR,ERR,ERR,ERR,ERR,ERR,ERR,ERR,ERR,ERR,ERR,ERR,ERR,ERR,ERR,ERR,ERR,0.0,0.0,0.0,0.0,0.0,1.3936040501711995e+18,7.805,0.0,0,0,4,0,8422,0.0,45,0.0,0.0,0.0,0.0,0.0,0,0,0,0,0.0,0,0,0,0,0,0,0,0,0,0,0,0,0,0,0,0,0,0,0,0,0,0,0,0,0,0,0,0,0,0,0,0,0,38,14,7,45,65476,0,300,0,0,8,21553,0.0,-107605600.0,0.0,0.0,0.0,0.0,0.0,0.0,0.0,0.0,0.0,0.0,0.0,0.0,0.0,0.0,0.0,0.0,0.0,0.0,0.0,0.0,0.0,2.004,-0.0,0.0,0.0,0.0,0.0,0.0,4984.0,0.0,0.0,0.0,0.0,-107615280.0,2.718429300292151e+23,0.0,0.0,0.0,0.0,53,-0.0,-0.0,0.0,0.0,0.0,0.0,0.0,0.0,0.0,0,0,0,0.0,0.0,0.0,0.0,0.0,0.0,0.0,0.0,0.0,0.0,0.0,0.0,0.0,0.0,0.0,0.0,0,-107875648.0,53,0.0,106,-107614832.0,0.0,ERR,ERR,ERR,ERR,ERR,ERR,ERR,ERR,ERR,ERR,ERR,ERR,ERR,ERR,ERR,ERR,ERR,ERR,ERR,ERR,ERR,ERR,ERR,ERR,ERR,ERR,ERR,ERR,ERR,ERR,ERR,ERR,ERR,ERR,ERR,ERR,ERR,ERR,ERR,ERR,ERR,ERR,ERR,ERR,ERR,ERR,ERR,ERR,ERR,ERR,ERR,ERR,ERR,ERR,ERR,ERR,ERR,ERR,ERR,ERR,ERR,ERR,ERR,ERR,ERR,ERR,ERR,50.0,60.0,100,0.0,0.0,0.0,0.0,0.0,0.0,0.0,0.0,0.0,0.0,0.0,0.0,0.0,0.0,0.0,0.0,61.6,73,14,65513,50,65476,0,300,0,0,8,20529,65476,0,0,26214,60.0,0.0,0.0,0.0,0.0,0.0
2026-05-17T18:36:26,ERR,ERR,ERR,ERR,ERR,ERR,ERR,ERR,ERR,ERR,ERR,ERR,ERR,ERR,ERR,ERR,ERR,ERR,ERR,ERR,ERR,ERR,ERR,ERR,ERR,ERR,ERR,ERR,ERR,ERR,ERR,ERR,ERR,ERR,ERR,ERR,ERR,ERR,ERR,ERR,ERR,ERR,ERR,ERR,ERR,ERR,ERR,ERR,ERR,ERR,ERR,ERR,ERR,ERR,ERR,ERR,ERR,ERR,ERR,ERR,ERR,ERR,ERR,ERR,ERR,ERR,ERR,ERR,ERR,ERR,ERR,ERR,ERR,ERR,ERR,ERR,ERR,ERR,ERR,ERR,ERR,ERR,ERR,ERR,ERR,ERR,ERR,ERR,ERR,ERR,ERR,ERR,ERR,ERR,ERR,ERR,ERR,ERR,ERR,ERR,ERR,ERR,ERR,ERR,ERR,ERR,ERR,ERR,ERR,ERR,ERR,ERR,ERR,ERR,ERR,ERR,ERR,ERR,ERR,ERR,ERR,ERR,ERR,ERR,ERR,0.0,0.0,0.0,0.0,0.0,1.3936040501711995e+18,7.805,0.0,0,0,4,0,8422,0.0,45,0.0,0.0,0.0,0.0,0.0,0,0,0,0,0.0,0,0,0,0,0,0,0,0,0,0,0,0,0,0,0,0,0,0,0,0,0,0,0,0,0,0,0,0,0,0,0,0,0,38,14,7,45,65476,0,300,0,0,8,21553,0.0,-107605600.0,0.0,0.0,0.0,0.0,0.0,0.0,0.0,0.0,0.0,0.0,0.0,0.0,0.0,0.0,0.0,0.0,0.0,0.0,0.0,0.0,0.0,2.004,-0.0,0.0,0.0,0.0,0.0,0.0,4984.0,0.0,0.0,0.0,0.0,-107615280.0,2.718429300292151e+23,0.0,0.0,0.0,0.0,53,-0.0,-0.0,0.0,0.0,0.0,0.0,0.0,0.0,0.0,0,0,0,0.0,0.0,0.0,0.0,0.0,0.0,0.0,0.0,0.0,0.0,0.0,0.0,0.0,0.0,0.0,0.0,0,-107875648.0,53,0.0,106,-107614832.0,0.0,ERR,ERR,ERR,ERR,ERR,ERR,ERR,ERR,ERR,ERR,ERR,ERR,ERR,ERR,ERR,ERR,ERR,ERR,ERR,ERR,ERR,ERR,ERR,ERR,ERR,ERR,ERR,ERR,ERR,ERR,ERR,ERR,ERR,ERR,ERR,ERR,ERR,ERR,ERR,ERR,ERR,ERR,ERR,ERR,ERR,ERR,ERR,ERR,ERR,ERR,ERR,ERR,ERR,ERR,ERR,ERR,ERR,ERR,ERR,ERR,ERR,ERR,ERR,ERR,ERR,ERR,ERR,50.0,60.0,100,0.0,0.0,0.0,0.0,0.0,0.0,0.0,0.0,0.0,0.0,0.0,0.0,0.0,0.0,0.0,0.0,61.6,73,14,65513,50,65476,0,300,0,0,8,20529,65476,0,0,26214,60.0,0.0,0.0,0.0,0.0,0.0
2026-05-17T18:36:27,ERR,ERR,ERR,ERR,ERR,ERR,ERR,ERR,ERR,ERR,ERR,ERR,ERR,ERR,ERR,ERR,ERR,ERR,ERR,ERR,ERR,ERR,ERR,ERR,ERR,ERR,ERR,ERR,ERR,ERR,ERR,ERR,ERR,ERR,ERR,ERR,ERR,ERR,ERR,ERR,ERR,ERR,ERR,ERR,ERR,ERR,ERR,ERR,ERR,ERR,ERR,ERR,ERR,ERR,ERR,ERR,ERR,ERR,ERR,ERR,ERR,ERR,ERR,ERR,ERR,ERR,ERR,ERR,ERR,ERR,ERR,ERR,ERR,ERR,ERR,ERR,ERR,ERR,ERR,ERR,ERR,ERR,ERR,ERR,ERR,ERR,ERR,ERR,ERR,ERR,ERR,ERR,ERR,ERR,ERR,ERR,ERR,ERR,ERR,ERR,ERR,ERR,ERR,ERR,ERR,ERR,ERR,ERR,ERR,ERR,ERR,ERR,ERR,ERR,ERR,ERR,ERR,ERR,ERR,ERR,ERR,ERR,ERR,ERR,ERR,0.0,0.0,0.0,0.0,0.0,1.3936040501711995e+18,7.805,0.0,0,0,4,0,8422,0.0,45,0.0,0.0,0.0,0.0,0.0,0,0,0,0,0.0,0,0,0,0,0,0,0,0,0,0,0,0,0,0,0,0,0,0,0,0,0,0,0,0,0,0,0,0,0,0,0,0,0,38,14,7,45,65476,0,300,0,0,8,21553,0.0,-107605600.0,0.0,0.0,0.0,0.0,0.0,0.0,0.0,0.0,0.0,0.0,0.0,0.0,0.0,0.0,0.0,0.0,0.0,0.0,0.0,0.0,0.0,2.004,-0.0,0.0,0.0,0.0,0.0,0.0,4984.0,0.0,0.0,0.0,0.0,-107615280.0,2.718429300292151e+23,0.0,0.0,0.0,0.0,53,-0.0,-0.0,0.0,0.0,0.0,0.0,0.0,0.0,0.0,0,0,0,0.0,0.0,0.0,0.0,0.0,0.0,0.0,0.0,0.0,0.0,0.0,0.0,0.0,0.0,0.0,0.0,0,-107875648.0,53,0.0,106,-107614832.0,0.0,ERR,ERR,ERR,ERR,ERR,ERR,ERR,ERR,ERR,ERR,ERR,ERR,ERR,ERR,ERR,ERR,ERR,ERR,ERR,ERR,ERR,ERR,ERR,ERR,ERR,ERR,ERR,ERR,ERR,ERR,ERR,ERR,ERR,ERR,ERR,ERR,ERR,ERR,ERR,ERR,ERR,ERR,ERR,ERR,ERR,ERR,ERR,ERR,ERR,ERR,ERR,ERR,ERR,ERR,ERR,ERR,ERR,ERR,ERR,ERR,ERR,ERR,ERR,ERR,ERR,ERR,ERR,50.0,60.0,100,0.0,0.0,0.0,0.0,0.0,0.0,0.0,0.0,0.0,0.0,0.0,0.0,0.0,0.0,0.0,0.0,61.6,73,14,65513,50,65476,0,300,0,0,8,20529,65476,0,0,26214,60.0,0.0,0.0,0.0,0.0,0.0
2026-05-17T18:36:28,ERR,ERR,ERR,ERR,ERR,ERR,ERR,ERR,ERR,ERR,ERR,ERR,ERR,ERR,ERR,ERR,ERR,ERR,ERR,ERR,ERR,ERR,ERR,ERR,ERR,ERR,ERR,ERR,ERR,ERR,ERR,ERR,ERR,ERR,ERR,ERR,ERR,ERR,ERR,ERR,ERR,ERR,ERR,ERR,ERR,ERR,ERR,ERR,ERR,ERR,ERR,ERR,ERR,ERR,ERR,ERR,ERR,ERR,ERR,ERR,ERR,ERR,ERR,ERR,ERR,ERR,ERR,ERR,ERR,ERR,ERR,ERR,ERR,ERR,ERR,ERR,ERR,ERR,ERR,ERR,ERR,ERR,ERR,ERR,ERR,ERR,ERR,ERR,ERR,ERR,ERR,ERR,ERR,ERR,ERR,ERR,ERR,ERR,ERR,ERR,ERR,ERR,ERR,ERR,ERR,ERR,ERR,ERR,ERR,ERR,ERR,ERR,ERR,ERR,ERR,ERR,ERR,ERR,ERR,ERR,ERR,ERR,ERR,ERR,ERR,0.0,0.0,0.0,0.0,0.0,1.3936040501711995e+18,7.805,0.0,0,0,4,0,8422,0.0,45,0.0,0.0,0.0,0.0,0.0,0,0,0,0,0.0,0,0,0,0,0,0,0,0,0,0,0,0,0,0,0,0,0,0,0,0,0,0,0,0,0,0,0,0,0,0,0,0,0,38,14,7,45,65476,0,300,0,0,8,21553,0.0,-107605600.0,0.0,0.0,0.0,0.0,0.0,0.0,0.0,0.0,0.0,0.0,0.0,0.0,0.0,0.0,0.0,0.0,0.0,0.0,0.0,0.0,0.0,2.004,-0.0,0.0,0.0,0.0,0.0,0.0,4984.0,0.0,0.0,0.0,0.0,-107615280.0,2.718429300292151e+23,0.0,0.0,0.0,0.0,53,-0.0,-0.0,0.0,0.0,0.0,0.0,0.0,0.0,0.0,0,0,0,0.0,0.0,0.0,0.0,0.0,0.0,0.0,0.0,0.0,0.0,0.0,0.0,0.0,0.0,0.0,0.0,0,-107875648.0,53,0.0,106,-107614832.0,0.0,ERR,ERR,ERR,ERR,ERR,ERR,ERR,ERR,ERR,ERR,ERR,ERR,ERR,ERR,ERR,ERR,ERR,ERR,ERR,ERR,ERR,ERR,ERR,ERR,ERR,ERR,ERR,ERR,ERR,ERR,ERR,ERR,ERR,ERR,ERR,ERR,ERR,ERR,ERR,ERR,ERR,ERR,ERR,ERR,ERR,ERR,ERR,ERR,ERR,ERR,ERR,ERR,ERR,ERR,ERR,ERR,ERR,ERR,ERR,ERR,ERR,ERR,ERR,ERR,ERR,ERR,ERR,50.0,60.0,100,0.0,0.0,0.0,0.0,0.0,0.0,0.0,0.0,0.0,0.0,0.0,0.0,0.0,0.0,0.0,0.0,61.6,73,14,65513,50,65476,0,300,0,0,8,20529,65476,0,0,26214,60.0,0.0,0.0,0.0,0.0,0.0
2026-05-17T18:36:29,ERR,ERR,ERR,ERR,ERR,ERR,ERR,ERR,ERR,ERR,ERR,ERR,ERR,ERR,ERR,ERR,ERR,ERR,ERR,ERR,ERR,ERR,ERR,ERR,ERR,ERR,ERR,ERR,ERR,ERR,ERR,ERR,ERR,ERR,ERR,ERR,ERR,ERR,ERR,ERR,ERR,ERR,ERR,ERR,ERR,ERR,ERR,ERR,ERR,ERR,ERR,ERR,ERR,ERR,ERR,ERR,ERR,ERR,ERR,ERR,ERR,ERR,ERR,ERR,ERR,ERR,ERR,ERR,ERR,ERR,ERR,ERR,ERR,ERR,ERR,ERR,ERR,ERR,ERR,ERR,ERR,ERR,ERR,ERR,ERR,ERR,ERR,ERR,ERR,ERR,ERR,ERR,ERR,ERR,ERR,ERR,ERR,ERR,ERR,ERR,ERR,ERR,ERR,ERR,ERR,ERR,ERR,ERR,ERR,ERR,ERR,ERR,ERR,ERR,ERR,ERR,ERR,ERR,ERR,ERR,ERR,ERR,ERR,ERR,ERR,0.0,0.0,0.0,0.0,0.0,1.3936040501711995e+18,7.805,0.0,0,0,4,0,8422,0.0,45,0.0,0.0,0.0,0.0,0.0,0,0,0,0,0.0,0,0,0,0,0,0,0,0,0,0,0,0,0,0,0,0,0,0,0,0,0,0,0,0,0,0,0,0,0,0,0,0,0,38,14,7,45,65476,0,300,0,0,8,21553,0.0,-107605600.0,0.0,0.0,0.0,0.0,0.0,0.0,0.0,0.0,0.0,0.0,0.0,0.0,0.0,0.0,0.0,0.0,0.0,0.0,0.0,0.0,0.0,2.004,-0.0,0.0,0.0,0.0,0.0,0.0,4987.0,0.0,0.0,0.0,0.0,-107615280.0,2.718429300292151e+23,0.0,0.0,0.0,0.0,53,-0.0,-0.0,0.0,0.0,0.0,0.0,0.0,0.0,0.0,0,0,0,0.0,0.0,0.0,0.0,0.0,0.0,0.0,0.0,0.0,0.0,0.0,0.0,0.0,0.0,0.0,0.0,0,-107875648.0,53,0.0,106,-107614832.0,0.0,ERR,ERR,ERR,ERR,ERR,ERR,ERR,ERR,ERR,ERR,ERR,ERR,ERR,ERR,ERR,ERR,ERR,ERR,ERR,ERR,ERR,ERR,ERR,ERR,ERR,ERR,ERR,ERR,ERR,ERR,ERR,ERR,ERR,ERR,ERR,ERR,ERR,ERR,ERR,ERR,ERR,ERR,ERR,ERR,ERR,ERR,ERR,ERR,ERR,ERR,ERR,ERR,ERR,ERR,ERR,ERR,ERR,ERR,ERR,ERR,ERR,ERR,ERR,ERR,ERR,ERR,ERR,50.0,60.0,100,0.0,0.0,0.0,0.0,0.0,0.0,0.0,0.0,0.0,0.0,0.0,0.0,0.0,0.0,0.0,0.0,61.6,73,14,65513,50,65476,0,300,0,0,8,20529,65476,0,0,26214,60.0,0.0,0.0,0.0,0.0,0.0
2026-05-17T18:36:30,ERR,ERR,ERR,ERR,ERR,ERR,ERR,ERR,ERR,ERR,ERR,ERR,ERR,ERR,ERR,ERR,ERR,ERR,ERR,ERR,ERR,ERR,ERR,ERR,ERR,ERR,ERR,ERR,ERR,ERR,ERR,ERR,ERR,ERR,ERR,ERR,ERR,ERR,ERR,ERR,ERR,ERR,ERR,ERR,ERR,ERR,ERR,ERR,ERR,ERR,ERR,ERR,ERR,ERR,ERR,ERR,ERR,ERR,ERR,ERR,ERR,ERR,ERR,ERR,ERR,ERR,ERR,ERR,ERR,ERR,ERR,ERR,ERR,ERR,ERR,ERR,ERR,ERR,ERR,ERR,ERR,ERR,ERR,ERR,ERR,ERR,ERR,ERR,ERR,ERR,ERR,ERR,ERR,ERR,ERR,ERR,ERR,ERR,ERR,ERR,ERR,ERR,ERR,ERR,ERR,ERR,ERR,ERR,ERR,ERR,ERR,ERR,ERR,ERR,ERR,ERR,ERR,ERR,ERR,ERR,ERR,ERR,ERR,ERR,ERR,0.0,0.0,0.0,0.0,0.0,1.3936040501711995e+18,7.805,0.0,0,0,4,0,8422,0.0,45,0.0,0.0,0.0,0.0,0.0,0,0,0,0,0.0,0,0,0,0,0,0,0,0,0,0,0,0,0,0,0,0,0,0,0,0,0,0,0,0,0,0,0,0,0,0,0,0,0,38,14,7,45,65476,0,300,0,0,8,21553,0.0,-107605600.0,0.0,0.0,0.0,0.0,0.0,0.0,0.0,0.0,0.0,0.0,0.0,0.0,0.0,0.0,0.0,0.0,0.0,0.0,0.0,0.0,0.0,2.004,-0.0,0.0,0.0,0.0,0.0,0.0,4987.0,0.0,0.0,0.0,0.0,-107615280.0,2.718429300292151e+23,0.0,0.0,0.0,0.0,53,-0.0,-0.0,0.0,0.0,0.0,0.0,0.0,0.0,0.0,0,0,0,0.0,0.0,0.0,0.0,0.0,0.0,0.0,0.0,0.0,0.0,0.0,0.0,0.0,0.0,0.0,0.0,0,-107875648.0,53,0.0,106,-107614832.0,0.0,ERR,ERR,ERR,ERR,ERR,ERR,ERR,ERR,ERR,ERR,ERR,ERR,ERR,ERR,ERR,ERR,ERR,ERR,ERR,ERR,ERR,ERR,ERR,ERR,ERR,ERR,ERR,ERR,ERR,ERR,ERR,ERR,ERR,ERR,ERR,ERR,ERR,ERR,ERR,ERR,ERR,ERR,ERR,ERR,ERR,ERR,ERR,ERR,ERR,ERR,ERR,ERR,ERR,ERR,ERR,ERR,ERR,ERR,ERR,ERR,ERR,ERR,ERR,ERR,ERR,ERR,ERR,50.0,60.0,100,0.0,0.0,0.0,0.0,0.0,0.0,0.0,0.0,0.0,0.0,0.0,0.0,0.0,0.0,0.0,0.0,61.6,73,14,65513,50,65476,0,300,0,0,8,20529,65476,0,0,26214,60.0,0.0,0.0,0.0,0.0,0.0
2026-05-17T18:36:31,ERR,ERR,ERR,ERR,ERR,ERR,ERR,ERR,ERR,ERR,ERR,ERR,ERR,ERR,ERR,ERR,ERR,ERR,ERR,ERR,ERR,ERR,ERR,ERR,ERR,ERR,ERR,ERR,ERR,ERR,ERR,ERR,ERR,ERR,ERR,ERR,ERR,ERR,ERR,ERR,ERR,ERR,ERR,ERR,ERR,ERR,ERR,ERR,ERR,ERR,ERR,ERR,ERR,ERR,ERR,ERR,ERR,ERR,ERR,ERR,ERR,ERR,ERR,ERR,ERR,ERR,ERR,ERR,ERR,ERR,ERR,ERR,ERR,ERR,ERR,ERR,ERR,ERR,ERR,ERR,ERR,ERR,ERR,ERR,ERR,ERR,ERR,ERR,ERR,ERR,ERR,ERR,ERR,ERR,ERR,ERR,ERR,ERR,ERR,ERR,ERR,ERR,ERR,ERR,ERR,ERR,ERR,ERR,ERR,ERR,ERR,ERR,ERR,ERR,ERR,ERR,ERR,ERR,ERR,ERR,ERR,ERR,ERR,ERR,ERR,0.0,0.0,0.0,0.0,0.0,1.3936040501711995e+18,7.805,0.0,0,0,4,0,8422,0.0,45,0.0,0.0,0.0,0.0,0.0,0,0,0,0,0.0,0,0,0,0,0,0,0,0,0,0,0,0,0,0,0,0,0,0,0,0,0,0,0,0,0,0,0,0,0,0,0,0,0,38,14,7,45,65476,0,300,0,0,8,21553,0.0,-107605600.0,0.0,0.0,0.0,0.0,0.0,0.0,0.0,0.0,0.0,0.0,0.0,0.0,0.0,0.0,0.0,0.0,0.0,0.0,0.0,0.0,0.0,2.004,-0.0,0.0,0.0,0.0,0.0,0.0,4987.0,0.0,0.0,0.0,0.0,-107615280.0,2.718429300292151e+23,0.0,0.0,0.0,0.0,53,-0.0,-0.0,0.0,0.0,0.0,0.0,0.0,0.0,0.0,0,0,0,0.0,0.0,0.0,0.0,0.0,0.0,0.0,0.0,0.0,0.0,0.0,0.0,0.0,0.0,0.0,0.0,0,-107875648.0,53,0.0,106,-107614832.0,0.0,ERR,ERR,ERR,ERR,ERR,ERR,ERR,ERR,ERR,ERR,ERR,ERR,ERR,ERR,ERR,ERR,ERR,ERR,ERR,ERR,ERR,ERR,ERR,ERR,ERR,ERR,ERR,ERR,ERR,ERR,ERR,ERR,ERR,ERR,ERR,ERR,ERR,ERR,ERR,ERR,ERR,ERR,ERR,ERR,ERR,ERR,ERR,ERR,ERR,ERR,ERR,ERR,ERR,ERR,ERR,ERR,ERR,ERR,ERR,ERR,ERR,ERR,ERR,ERR,ERR,ERR,ERR,50.0,60.0,100,0.0,0.0,0.0,0.0,0.0,0.0,0.0,0.0,0.0,0.0,0.0,0.0,0.0,0.0,0.0,0.0,61.6,73,14,65513,50,65476,0,300,0,0,8,20529,65476,0,0,26214,60.0,0.0,0.0,0.0,0.0,0.0
2026-05-17T18:36:32,ERR,ERR,ERR,ERR,ERR,ERR,ERR,ERR,ERR,ERR,ERR,ERR,ERR,ERR,ERR,ERR,ERR,ERR,ERR,ERR,ERR,ERR,ERR,ERR,ERR,ERR,ERR,ERR,ERR,ERR,ERR,ERR,ERR,ERR,ERR,ERR,ERR,ERR,ERR,ERR,ERR,ERR,ERR,ERR,ERR,ERR,ERR,ERR,ERR,ERR,ERR,ERR,ERR,ERR,ERR,ERR,ERR,ERR,ERR,ERR,ERR,ERR,ERR,ERR,ERR,ERR,ERR,ERR,ERR,ERR,ERR,ERR,ERR,ERR,ERR,ERR,ERR,ERR,ERR,ERR,ERR,ERR,ERR,ERR,ERR,ERR,ERR,ERR,ERR,ERR,ERR,ERR,ERR,ERR,ERR,ERR,ERR,ERR,ERR,ERR,ERR,ERR,ERR,ERR,ERR,ERR,ERR,ERR,ERR,ERR,ERR,ERR,ERR,ERR,ERR,ERR,ERR,ERR,ERR,ERR,ERR,ERR,ERR,ERR,ERR,0.0,0.0,0.0,0.0,0.0,1.3936040501711995e+18,7.805,0.0,0,0,4,0,8422,0.0,45,0.0,0.0,0.0,0.0,0.0,0,0,0,0,0.0,0,0,0,0,0,0,0,0,0,0,0,0,0,0,0,0,0,0,0,0,0,0,0,0,0,0,0,0,0,0,0,0,0,38,14,7,45,65476,0,300,0,0,8,21553,0.0,-107605600.0,0.0,0.0,0.0,0.0,0.0,0.0,0.0,0.0,0.0,0.0,0.0,0.0,0.0,0.0,0.0,0.0,0.0,0.0,0.0,0.0,0.0,2.004,-0.0,0.0,0.0,0.0,0.0,0.0,4987.0,0.0,0.0,0.0,0.0,-107615280.0,2.718429300292151e+23,0.0,0.0,0.0,0.0,53,-0.0,-0.0,0.0,0.0,0.0,0.0,0.0,0.0,0.0,0,0,0,0.0,0.0,0.0,0.0,0.0,0.0,0.0,0.0,0.0,0.0,0.0,0.0,0.0,0.0,0.0,0.0,0,-107875648.0,53,0.0,106,-107614832.0,0.0,ERR,ERR,ERR,ERR,ERR,ERR,ERR,ERR,ERR,ERR,ERR,ERR,ERR,ERR,ERR,ERR,ERR,ERR,ERR,ERR,ERR,ERR,ERR,ERR,ERR,ERR,ERR,ERR,ERR,ERR,ERR,ERR,ERR,ERR,ERR,ERR,ERR,ERR,ERR,ERR,ERR,ERR,ERR,ERR,ERR,ERR,ERR,ERR,ERR,ERR,ERR,ERR,ERR,ERR,ERR,ERR,ERR,ERR,ERR,ERR,ERR,ERR,ERR,ERR,ERR,ERR,ERR,50.0,60.0,100,0.0,0.0,0.0,0.0,0.0,0.0,0.0,0.0,0.0,0.0,0.0,0.0,0.0,0.0,0.0,0.0,61.6,73,14,65513,50,65476,0,300,0,0,8,20529,65476,0,0,26214,60.0,0.0,0.0,0.0,0.0,0.0
2026-05-17T18:36:33,ERR,ERR,ERR,ERR,ERR,ERR,ERR,ERR,ERR,ERR,ERR,ERR,ERR,ERR,ERR,ERR,ERR,ERR,ERR,ERR,ERR,ERR,ERR,ERR,ERR,ERR,ERR,ERR,ERR,ERR,ERR,ERR,ERR,ERR,ERR,ERR,ERR,ERR,ERR,ERR,ERR,ERR,ERR,ERR,ERR,ERR,ERR,ERR,ERR,ERR,ERR,ERR,ERR,ERR,ERR,ERR,ERR,ERR,ERR,ERR,ERR,ERR,ERR,ERR,ERR,ERR,ERR,ERR,ERR,ERR,ERR,ERR,ERR,ERR,ERR,ERR,ERR,ERR,ERR,ERR,ERR,ERR,ERR,ERR,ERR,ERR,ERR,ERR,ERR,ERR,ERR,ERR,ERR,ERR,ERR,ERR,ERR,ERR,ERR,ERR,ERR,ERR,ERR,ERR,ERR,ERR,ERR,ERR,ERR,ERR,ERR,ERR,ERR,ERR,ERR,ERR,ERR,ERR,ERR,ERR,ERR,ERR,ERR,ERR,ERR,0.0,0.0,0.0,0.0,0.0,1.3936040501711995e+18,7.805,0.0,0,0,4,0,8422,0.0,45,0.0,0.0,0.0,0.0,0.0,0,0,0,0,0.0,0,0,0,0,0,0,0,0,0,0,0,0,0,0,0,0,0,0,0,0,0,0,0,0,0,0,0,0,0,0,0,0,0,38,14,7,45,65476,0,300,0,0,8,21553,0.0,-107605600.0,0.0,0.0,0.0,0.0,0.0,0.0,0.0,0.0,0.0,0.0,0.0,0.0,0.0,0.0,0.0,0.0,0.0,0.0,0.0,0.0,0.0,2.004,-0.0,0.0,0.0,0.0,0.0,0.0,4987.0,0.0,0.0,0.0,0.0,-107615280.0,2.718429300292151e+23,0.0,0.0,0.0,0.0,53,-0.0,-0.0,0.0,0.0,0.0,0.0,0.0,0.0,0.0,0,0,0,0.0,0.0,0.0,0.0,0.0,0.0,0.0,0.0,0.0,0.0,0.0,0.0,0.0,0.0,0.0,0.0,0,-107875648.0,53,0.0,106,-107614832.0,0.0,ERR,ERR,ERR,ERR,ERR,ERR,ERR,ERR,ERR,ERR,ERR,ERR,ERR,ERR,ERR,ERR,ERR,ERR,ERR,ERR,ERR,ERR,ERR,ERR,ERR,ERR,ERR,ERR,ERR,ERR,ERR,ERR,ERR,ERR,ERR,ERR,ERR,ERR,ERR,ERR,ERR,ERR,ERR,ERR,ERR,ERR,ERR,ERR,ERR,ERR,ERR,ERR,ERR,ERR,ERR,ERR,ERR,ERR,ERR,ERR,ERR,ERR,ERR,ERR,ERR,ERR,ERR,50.0,60.0,100,0.0,0.0,0.0,0.0,0.0,0.0,0.0,0.0,0.0,0.0,0.0,0.0,0.0,0.0,0.0,0.0,61.6,73,14,65513,50,65476,0,300,0,0,8,20529,65476,0,0,26214,60.0,0.0,0.0,0.0,0.0,0.0
2026-05-17T18:36:34,ERR,ERR,ERR,ERR,ERR,ERR,ERR,ERR,ERR,ERR,ERR,ERR,ERR,ERR,ERR,ERR,ERR,ERR,ERR,ERR,ERR,ERR,ERR,ERR,ERR,ERR,ERR,ERR,ERR,ERR,ERR,ERR,ERR,ERR,ERR,ERR,ERR,ERR,ERR,ERR,ERR,ERR,ERR,ERR,ERR,ERR,ERR,ERR,ERR,ERR,ERR,ERR,ERR,ERR,ERR,ERR,ERR,ERR,ERR,ERR,ERR,ERR,ERR,ERR,ERR,ERR,ERR,ERR,ERR,ERR,ERR,ERR,ERR,ERR,ERR,ERR,ERR,ERR,ERR,ERR,ERR,ERR,ERR,ERR,ERR,ERR,ERR,ERR,ERR,ERR,ERR,ERR,ERR,ERR,ERR,ERR,ERR,ERR,ERR,ERR,ERR,ERR,ERR,ERR,ERR,ERR,ERR,ERR,ERR,ERR,ERR,ERR,ERR,ERR,ERR,ERR,ERR,ERR,ERR,ERR,ERR,ERR,ERR,ERR,ERR,0.0,0.0,0.0,0.0,0.0,1.3936040501711995e+18,7.805,0.0,0,0,4,0,8422,0.0,45,0.0,0.0,0.0,0.0,0.0,0,0,0,0,0.0,0,0,0,0,0,0,0,0,0,0,0,0,0,0,0,0,0,0,0,0,0,0,0,0,0,0,0,0,0,0,0,0,0,38,14,7,45,65476,0,300,0,0,8,21553,0.0,-107605600.0,0.0,0.0,0.0,0.0,0.0,0.0,0.0,0.0,0.0,0.0,0.0,0.0,0.0,0.0,0.0,0.0,0.0,0.0,0.0,0.0,0.0,2.004,-0.0,0.0,0.0,0.0,0.0,0.0,4981.0,0.0,0.0,0.0,0.0,-107615280.0,2.718429300292151e+23,0.0,0.0,0.0,0.0,53,-0.0,-0.0,0.0,0.0,0.0,0.0,0.0,0.0,0.0,0,0,0,0.0,0.0,0.0,0.0,0.0,0.0,0.0,0.0,0.0,0.0,0.0,0.0,0.0,0.0,0.0,0.0,0,-107875648.0,53,0.0,106,-107614832.0,0.0,ERR,ERR,ERR,ERR,ERR,ERR,ERR,ERR,ERR,ERR,ERR,ERR,ERR,ERR,ERR,ERR,ERR,ERR,ERR,ERR,ERR,ERR,ERR,ERR,ERR,ERR,ERR,ERR,ERR,ERR,ERR,ERR,ERR,ERR,ERR,ERR,ERR,ERR,ERR,ERR,ERR,ERR,ERR,ERR,ERR,ERR,ERR,ERR,ERR,ERR,ERR,ERR,ERR,ERR,ERR,ERR,ERR,ERR,ERR,ERR,ERR,ERR,ERR,ERR,ERR,ERR,ERR,50.0,60.0,100,0.0,0.0,0.0,0.0,0.0,0.0,0.0,0.0,0.0,0.0,0.0,0.0,0.0,0.0,0.0,0.0,61.6,73,14,65513,50,65476,0,300,0,0,8,20529,65476,0,0,26214,60.0,0.0,0.0,0.0,0.0,0.0
2026-05-17T18:36:35,ERR,ERR,ERR,ERR,ERR,ERR,ERR,ERR,ERR,ERR,ERR,ERR,ERR,ERR,ERR,ERR,ERR,ERR,ERR,ERR,ERR,ERR,ERR,ERR,ERR,ERR,ERR,ERR,ERR,ERR,ERR,ERR,ERR,ERR,ERR,ERR,ERR,ERR,ERR,ERR,ERR,ERR,ERR,ERR,ERR,ERR,ERR,ERR,ERR,ERR,ERR,ERR,ERR,ERR,ERR,ERR,ERR,ERR,ERR,ERR,ERR,ERR,ERR,ERR,ERR,ERR,ERR,ERR,ERR,ERR,ERR,ERR,ERR,ERR,ERR,ERR,ERR,ERR,ERR,ERR,ERR,ERR,ERR,ERR,ERR,ERR,ERR,ERR,ERR,ERR,ERR,ERR,ERR,ERR,ERR,ERR,ERR,ERR,ERR,ERR,ERR,ERR,ERR,ERR,ERR,ERR,ERR,ERR,ERR,ERR,ERR,ERR,ERR,ERR,ERR,ERR,ERR,ERR,ERR,ERR,ERR,ERR,ERR,ERR,ERR,0.0,0.0,0.0,0.0,0.0,1.3936040501711995e+18,7.805,0.0,0,0,4,0,8422,0.0,45,0.0,0.0,0.0,0.0,0.0,0,0,0,0,0.0,0,0,0,0,0,0,0,0,0,0,0,0,0,0,0,0,0,0,0,0,0,0,0,0,0,0,0,0,0,0,0,0,0,38,14,7,45,65476,0,300,0,0,8,21553,0.0,-107605600.0,0.0,0.0,0.0,0.0,0.0,0.0,0.0,0.0,0.0,0.0,0.0,0.0,0.0,0.0,0.0,0.0,0.0,0.0,0.0,0.0,0.0,2.004,-0.0,0.0,0.0,0.0,0.0,0.0,4981.0,0.0,0.0,0.0,0.0,-107615280.0,2.718429300292151e+23,0.0,0.0,0.0,0.0,53,-0.0,-0.0,0.0,0.0,0.0,0.0,0.0,0.0,0.0,0,0,0,0.0,0.0,0.0,0.0,0.0,0.0,0.0,0.0,0.0,0.0,0.0,0.0,0.0,0.0,0.0,0.0,0,-107875648.0,53,0.0,106,-107614832.0,0.0,ERR,ERR,ERR,ERR,ERR,ERR,ERR,ERR,ERR,ERR,ERR,ERR,ERR,ERR,ERR,ERR,ERR,ERR,ERR,ERR,ERR,ERR,ERR,ERR,ERR,ERR,ERR,ERR,ERR,ERR,ERR,ERR,ERR,ERR,ERR,ERR,ERR,ERR,ERR,ERR,ERR,ERR,ERR,ERR,ERR,ERR,ERR,ERR,ERR,ERR,ERR,ERR,ERR,ERR,ERR,ERR,ERR,ERR,ERR,ERR,ERR,ERR,ERR,ERR,ERR,ERR,ERR,50.0,60.0,100,0.0,0.0,0.0,0.0,0.0,0.0,0.0,0.0,0.0,0.0,0.0,0.0,0.0,0.0,0.0,0.0,61.6,73,14,65513,50,65476,0,300,0,0,8,20529,65476,0,0,26214,60.0,0.0,0.0,0.0,0.0,0.0
2026-05-17T18:36:36,ERR,ERR,ERR,ERR,ERR,ERR,ERR,ERR,ERR,ERR,ERR,ERR,ERR,ERR,ERR,ERR,ERR,ERR,ERR,ERR,ERR,ERR,ERR,ERR,ERR,ERR,ERR,ERR,ERR,ERR,ERR,ERR,ERR,ERR,ERR,ERR,ERR,ERR,ERR,ERR,ERR,ERR,ERR,ERR,ERR,ERR,ERR,ERR,ERR,ERR,ERR,ERR,ERR,ERR,ERR,ERR,ERR,ERR,ERR,ERR,ERR,ERR,ERR,ERR,ERR,ERR,ERR,ERR,ERR,ERR,ERR,ERR,ERR,ERR,ERR,ERR,ERR,ERR,ERR,ERR,ERR,ERR,ERR,ERR,ERR,ERR,ERR,ERR,ERR,ERR,ERR,ERR,ERR,ERR,ERR,ERR,ERR,ERR,ERR,ERR,ERR,ERR,ERR,ERR,ERR,ERR,ERR,ERR,ERR,ERR,ERR,ERR,ERR,ERR,ERR,ERR,ERR,ERR,ERR,ERR,ERR,ERR,ERR,ERR,ERR,0.0,0.0,0.0,0.0,0.0,1.3936040501711995e+18,7.805,0.0,0,0,4,0,8422,0.0,45,0.0,0.0,0.0,0.0,0.0,0,0,0,0,0.0,0,0,0,0,0,0,0,0,0,0,0,0,0,0,0,0,0,0,0,0,0,0,0,0,0,0,0,0,0,0,0,0,0,38,14,7,45,65476,0,300,0,0,8,21553,0.0,-107605600.0,0.0,0.0,0.0,0.0,0.0,0.0,0.0,0.0,0.0,0.0,0.0,0.0,0.0,0.0,0.0,0.0,0.0,0.0,0.0,0.0,0.0,2.004,-0.0,0.0,0.0,0.0,0.0,0.0,4981.0,0.0,0.0,0.0,0.0,-107615280.0,2.718429300292151e+23,0.0,0.0,0.0,0.0,53,-0.0,-0.0,0.0,0.0,0.0,0.0,0.0,0.0,0.0,0,0,0,0.0,0.0,0.0,0.0,0.0,0.0,0.0,0.0,0.0,0.0,0.0,0.0,0.0,0.0,0.0,0.0,0,-107875648.0,53,0.0,106,-107614832.0,0.0,ERR,ERR,ERR,ERR,ERR,ERR,ERR,ERR,ERR,ERR,ERR,ERR,ERR,ERR,ERR,ERR,ERR,ERR,ERR,ERR,ERR,ERR,ERR,ERR,ERR,ERR,ERR,ERR,ERR,ERR,ERR,ERR,ERR,ERR,ERR,ERR,ERR,ERR,ERR,ERR,ERR,ERR,ERR,ERR,ERR,ERR,ERR,ERR,ERR,ERR,ERR,ERR,ERR,ERR,ERR,ERR,ERR,ERR,ERR,ERR,ERR,ERR,ERR,ERR,ERR,ERR,ERR,50.0,60.0,100,0.0,0.0,0.0,0.0,0.0,0.0,0.0,0.0,0.0,0.0,0.0,0.0,0.0,0.0,0.0,0.0,61.6,73,14,65513,50,65476,0,300,0,0,8,20529,65476,0,0,26214,60.0,0.0,0.0,0.0,0.0,0.0
2026-05-17T18:36:37,ERR,ERR,ERR,ERR,ERR,ERR,ERR,ERR,ERR,ERR,ERR,ERR,ERR,ERR,ERR,ERR,ERR,ERR,ERR,ERR,ERR,ERR,ERR,ERR,ERR,ERR,ERR,ERR,ERR,ERR,ERR,ERR,ERR,ERR,ERR,ERR,ERR,ERR,ERR,ERR,ERR,ERR,ERR,ERR,ERR,ERR,ERR,ERR,ERR,ERR,ERR,ERR,ERR,ERR,ERR,ERR,ERR,ERR,ERR,ERR,ERR,ERR,ERR,ERR,ERR,ERR,ERR,ERR,ERR,ERR,ERR,ERR,ERR,ERR,ERR,ERR,ERR,ERR,ERR,ERR,ERR,ERR,ERR,ERR,ERR,ERR,ERR,ERR,ERR,ERR,ERR,ERR,ERR,ERR,ERR,ERR,ERR,ERR,ERR,ERR,ERR,ERR,ERR,ERR,ERR,ERR,ERR,ERR,ERR,ERR,ERR,ERR,ERR,ERR,ERR,ERR,ERR,ERR,ERR,ERR,ERR,ERR,ERR,ERR,ERR,0.0,0.0,0.0,0.0,0.0,1.3936040501711995e+18,7.805,0.0,0,0,4,0,8422,0.0,45,0.0,0.0,0.0,0.0,0.0,0,0,0,0,0.0,0,0,0,0,0,0,0,0,0,0,0,0,0,0,0,0,0,0,0,0,0,0,0,0,0,0,0,0,0,0,0,0,0,38,14,7,45,65476,0,300,0,0,8,21553,0.0,-107605600.0,0.0,0.0,0.0,0.0,0.0,0.0,0.0,0.0,0.0,0.0,0.0,0.0,0.0,0.0,0.0,0.0,0.0,0.0,0.0,0.0,0.0,2.004,-0.0,0.0,0.0,0.0,0.0,0.0,4981.0,0.0,0.0,0.0,0.0,-107615280.0,2.718429300292151e+23,0.0,0.0,0.0,0.0,53,-0.0,-0.0,0.0,0.0,0.0,0.0,0.0,0.0,0.0,0,0,0,0.0,0.0,0.0,0.0,0.0,0.0,0.0,0.0,0.0,0.0,0.0,0.0,0.0,0.0,0.0,0.0,0,-107875648.0,53,0.0,106,-107614832.0,0.0,ERR,ERR,ERR,ERR,ERR,ERR,ERR,ERR,ERR,ERR,ERR,ERR,ERR,ERR,ERR,ERR,ERR,ERR,ERR,ERR,ERR,ERR,ERR,ERR,ERR,ERR,ERR,ERR,ERR,ERR,ERR,ERR,ERR,ERR,ERR,ERR,ERR,ERR,ERR,ERR,ERR,ERR,ERR,ERR,ERR,ERR,ERR,ERR,ERR,ERR,ERR,ERR,ERR,ERR,ERR,ERR,ERR,ERR,ERR,ERR,ERR,ERR,ERR,ERR,ERR,ERR,ERR,50.0,60.0,100,0.0,0.0,0.0,0.0,0.0,0.0,0.0,0.0,0.0,0.0,0.0,0.0,0.0,0.0,0.0,0.0,61.6,73,14,65513,50,65476,0,300,0,0,8,20529,65476,0,0,26214,60.0,0.0,0.0,0.0,0.0,0.0
2026-05-17T18:36:38,ERR,ERR,ERR,ERR,ERR,ERR,ERR,ERR,ERR,ERR,ERR,ERR,ERR,ERR,ERR,ERR,ERR,ERR,ERR,ERR,ERR,ERR,ERR,ERR,ERR,ERR,ERR,ERR,ERR,ERR,ERR,ERR,ERR,ERR,ERR,ERR,ERR,ERR,ERR,ERR,ERR,ERR,ERR,ERR,ERR,ERR,ERR,ERR,ERR,ERR,ERR,ERR,ERR,ERR,ERR,ERR,ERR,ERR,ERR,ERR,ERR,ERR,ERR,ERR,ERR,ERR,ERR,ERR,ERR,ERR,ERR,ERR,ERR,ERR,ERR,ERR,ERR,ERR,ERR,ERR,ERR,ERR,ERR,ERR,ERR,ERR,ERR,ERR,ERR,ERR,ERR,ERR,ERR,ERR,ERR,ERR,ERR,ERR,ERR,ERR,ERR,ERR,ERR,ERR,ERR,ERR,ERR,ERR,ERR,ERR,ERR,ERR,ERR,ERR,ERR,ERR,ERR,ERR,ERR,ERR,ERR,ERR,ERR,ERR,ERR,0.0,0.0,0.0,0.0,0.0,1.3936040501711995e+18,7.805,0.0,0,0,4,0,8422,0.0,45,0.0,0.0,0.0,0.0,0.0,0,0,0,0,0.0,0,0,0,0,0,0,0,0,0,0,0,0,0,0,0,0,0,0,0,0,0,0,0,0,0,0,0,0,0,0,0,0,0,38,14,7,45,65476,0,300,0,0,8,21553,0.0,-107605600.0,0.0,0.0,0.0,0.0,0.0,0.0,0.0,0.0,0.0,0.0,0.0,0.0,0.0,0.0,0.0,0.0,0.0,0.0,0.0,0.0,0.0,2.004,-0.0,0.0,0.0,0.0,0.0,0.0,4981.0,0.0,0.0,0.0,0.0,-107615280.0,2.718429300292151e+23,0.0,0.0,0.0,0.0,53,-0.0,-0.0,0.0,0.0,0.0,0.0,0.0,0.0,0.0,0,0,0,0.0,0.0,0.0,0.0,0.0,0.0,0.0,0.0,0.0,0.0,0.0,0.0,0.0,0.0,0.0,0.0,0,-107875648.0,53,0.0,106,-107614832.0,0.0,ERR,ERR,ERR,ERR,ERR,ERR,ERR,ERR,ERR,ERR,ERR,ERR,ERR,ERR,ERR,ERR,ERR,ERR,ERR,ERR,ERR,ERR,ERR,ERR,ERR,ERR,ERR,ERR,ERR,ERR,ERR,ERR,ERR,ERR,ERR,ERR,ERR,ERR,ERR,ERR,ERR,ERR,ERR,ERR,ERR,ERR,ERR,ERR,ERR,ERR,ERR,ERR,ERR,ERR,ERR,ERR,ERR,ERR,ERR,ERR,ERR,ERR,ERR,ERR,ERR,ERR,ERR,50.0,60.0,100,0.0,0.0,0.0,0.0,0.0,0.0,0.0,0.0,0.0,0.0,0.0,0.0,0.0,0.0,0.0,0.0,61.6,73,14,65513,50,65476,0,300,0,0,8,20529,65476,0,0,26214,60.0,0.0,0.0,0.0,0.0,0.0
2026-05-17T18:36:39,ERR,ERR,ERR,ERR,ERR,ERR,ERR,ERR,ERR,ERR,ERR,ERR,ERR,ERR,ERR,ERR,ERR,ERR,ERR,ERR,ERR,ERR,ERR,ERR,ERR,ERR,ERR,ERR,ERR,ERR,ERR,ERR,ERR,ERR,ERR,ERR,ERR,ERR,ERR,ERR,ERR,ERR,ERR,ERR,ERR,ERR,ERR,ERR,ERR,ERR,ERR,ERR,ERR,ERR,ERR,ERR,ERR,ERR,ERR,ERR,ERR,ERR,ERR,ERR,ERR,ERR,ERR,ERR,ERR,ERR,ERR,ERR,ERR,ERR,ERR,ERR,ERR,ERR,ERR,ERR,ERR,ERR,ERR,ERR,ERR,ERR,ERR,ERR,ERR,ERR,ERR,ERR,ERR,ERR,ERR,ERR,ERR,ERR,ERR,ERR,ERR,ERR,ERR,ERR,ERR,ERR,ERR,ERR,ERR,ERR,ERR,ERR,ERR,ERR,ERR,ERR,ERR,ERR,ERR,ERR,ERR,ERR,ERR,ERR,ERR,0.0,0.0,0.0,0.0,0.0,1.3936040501711995e+18,7.805,0.0,0,0,4,0,8422,0.0,45,0.0,0.0,0.0,0.0,0.0,0,0,0,0,0.0,0,0,0,0,0,0,0,0,0,0,0,0,0,0,0,0,0,0,0,0,0,0,0,0,0,0,0,0,0,0,0,0,0,38,14,7,45,65476,0,300,0,0,8,21553,0.0,-107605600.0,0.0,0.0,0.0,0.0,0.0,0.0,0.0,0.0,0.0,0.0,0.0,0.0,0.0,0.0,0.0,0.0,0.0,0.0,0.0,0.0,0.0,2.004,-0.0,0.0,0.0,0.0,0.0,0.0,4980.0,0.0,0.0,0.0,0.0,-107615280.0,2.718429300292151e+23,0.0,0.0,0.0,0.0,53,5.848083413016271e+35,-0.0,0.0,0.0,0.0,0.0,0.0,0.0,0.0,0,0,0,0.0,0.0,0.0,0.0,0.0,0.0,0.0,0.0,0.0,0.0,0.0,0.0,0.0,0.0,0.0,0.0,0,-107875648.0,53,0.0,106,-107614832.0,0.0,ERR,ERR,ERR,ERR,ERR,ERR,ERR,ERR,ERR,ERR,ERR,ERR,ERR,ERR,ERR,ERR,ERR,ERR,ERR,ERR,ERR,ERR,ERR,ERR,ERR,ERR,ERR,ERR,ERR,ERR,ERR,ERR,ERR,ERR,ERR,ERR,ERR,ERR,ERR,ERR,ERR,ERR,ERR,ERR,ERR,ERR,ERR,ERR,ERR,ERR,ERR,ERR,ERR,ERR,ERR,ERR,ERR,ERR,ERR,ERR,ERR,ERR,ERR,ERR,ERR,ERR,ERR,50.0,60.0,100,0.0,0.0,0.0,0.0,0.0,0.0,0.0,0.0,0.0,0.0,0.0,0.0,0.0,0.0,0.0,0.0,62.0,73,14,65513,50,65476,0,300,0,0,8,20529,65476,0,0,26214,60.0,0.0,0.0,0.0,0.0,0.0
2026-05-17T18:36:40,ERR,ERR,ERR,ERR,ERR,ERR,ERR,ERR,ERR,ERR,ERR,ERR,ERR,ERR,ERR,ERR,ERR,ERR,ERR,ERR,ERR,ERR,ERR,ERR,ERR,ERR,ERR,ERR,ERR,ERR,ERR,ERR,ERR,ERR,ERR,ERR,ERR,ERR,ERR,ERR,ERR,ERR,ERR,ERR,ERR,ERR,ERR,ERR,ERR,ERR,ERR,ERR,ERR,ERR,ERR,ERR,ERR,ERR,ERR,ERR,ERR,ERR,ERR,ERR,ERR,ERR,ERR,ERR,ERR,ERR,ERR,ERR,ERR,ERR,ERR,ERR,ERR,ERR,ERR,ERR,ERR,ERR,ERR,ERR,ERR,ERR,ERR,ERR,ERR,ERR,ERR,ERR,ERR,ERR,ERR,ERR,ERR,ERR,ERR,ERR,ERR,ERR,ERR,ERR,ERR,ERR,ERR,ERR,ERR,ERR,ERR,ERR,ERR,ERR,ERR,ERR,ERR,ERR,ERR,ERR,ERR,ERR,ERR,ERR,ERR,0.0,0.0,0.0,0.0,0.0,1.3936040501711995e+18,7.805,0.0,0,0,4,0,8422,0.0,45,0.0,0.0,0.0,0.0,0.0,0,0,0,0,0.0,0,0,0,0,0,0,0,0,0,0,0,0,0,0,0,0,0,0,0,0,0,0,0,0,0,0,0,0,0,0,0,0,0,38,14,7,45,65476,0,300,0,0,8,21553,0.0,-107605600.0,0.0,0.0,0.0,0.0,0.0,0.0,0.0,0.0,0.0,0.0,0.0,0.0,0.0,0.0,0.0,0.0,0.0,0.0,0.0,0.0,0.0,2.004,-0.0,0.0,0.0,0.0,0.0,0.0,4980.0,0.0,0.0,0.0,0.0,-107615280.0,2.718429300292151e+23,0.0,0.0,0.0,0.0,53,5.848083413016271e+35,-0.0,0.0,0.0,0.0,0.0,0.0,0.0,0.0,0,0,0,0.0,0.0,0.0,0.0,0.0,0.0,0.0,0.0,0.0,0.0,0.0,0.0,0.0,0.0,0.0,0.0,0,-107875648.0,53,0.0,106,-107614832.0,0.0,ERR,ERR,ERR,ERR,ERR,ERR,ERR,ERR,ERR,ERR,ERR,ERR,ERR,ERR,ERR,ERR,ERR,ERR,ERR,ERR,ERR,ERR,ERR,ERR,ERR,ERR,ERR,ERR,ERR,ERR,ERR,ERR,ERR,ERR,ERR,ERR,ERR,ERR,ERR,ERR,ERR,ERR,ERR,ERR,ERR,ERR,ERR,ERR,ERR,ERR,ERR,ERR,ERR,ERR,ERR,ERR,ERR,ERR,ERR,ERR,ERR,ERR,ERR,ERR,ERR,ERR,ERR,50.0,60.0,100,0.0,0.0,0.0,0.0,0.0,0.0,0.0,0.0,0.0,0.0,0.0,0.0,0.0,0.0,0.0,0.0,62.0,73,14,65513,50,65476,0,300,0,0,8,20529,65476,0,0,26214,60.0,0.0,0.0,0.0,0.0,0.0
2026-05-17T18:36:41,ERR,ERR,ERR,ERR,ERR,ERR,ERR,ERR,ERR,ERR,ERR,ERR,ERR,ERR,ERR,ERR,ERR,ERR,ERR,ERR,ERR,ERR,ERR,ERR,ERR,ERR,ERR,ERR,ERR,ERR,ERR,ERR,ERR,ERR,ERR,ERR,ERR,ERR,ERR,ERR,ERR,ERR,ERR,ERR,ERR,ERR,ERR,ERR,ERR,ERR,ERR,ERR,ERR,ERR,ERR,ERR,ERR,ERR,ERR,ERR,ERR,ERR,ERR,ERR,ERR,ERR,ERR,ERR,ERR,ERR,ERR,ERR,ERR,ERR,ERR,ERR,ERR,ERR,ERR,ERR,ERR,ERR,ERR,ERR,ERR,ERR,ERR,ERR,ERR,ERR,ERR,ERR,ERR,ERR,ERR,ERR,ERR,ERR,ERR,ERR,ERR,ERR,ERR,ERR,ERR,ERR,ERR,ERR,ERR,ERR,ERR,ERR,ERR,ERR,ERR,ERR,ERR,ERR,ERR,ERR,ERR,ERR,ERR,ERR,ERR,0.0,0.0,0.0,0.0,0.0,1.3936040501711995e+18,7.805,0.0,0,0,4,0,8422,0.0,45,0.0,0.0,0.0,0.0,0.0,0,0,0,0,0.0,0,0,0,0,0,0,0,0,0,0,0,0,0,0,0,0,0,0,0,0,0,0,0,0,0,0,0,0,0,0,0,0,0,38,14,7,45,65476,0,300,0,0,8,21553,0.0,-107605600.0,0.0,0.0,0.0,0.0,0.0,0.0,0.0,0.0,0.0,0.0,0.0,0.0,0.0,0.0,0.0,0.0,0.0,0.0,0.0,0.0,0.0,2.004,-0.0,0.0,0.0,0.0,0.0,0.0,4980.0,0.0,0.0,0.0,0.0,-107615280.0,2.718429300292151e+23,0.0,0.0,0.0,0.0,53,5.848083413016271e+35,-0.0,0.0,0.0,0.0,0.0,0.0,0.0,0.0,0,0,0,0.0,0.0,0.0,0.0,0.0,0.0,0.0,0.0,0.0,0.0,0.0,0.0,0.0,0.0,0.0,0.0,0,-107875648.0,53,0.0,106,-107614832.0,0.0,ERR,ERR,ERR,ERR,ERR,ERR,ERR,ERR,ERR,ERR,ERR,ERR,ERR,ERR,ERR,ERR,ERR,ERR,ERR,ERR,ERR,ERR,ERR,ERR,ERR,ERR,ERR,ERR,ERR,ERR,ERR,ERR,ERR,ERR,ERR,ERR,ERR,ERR,ERR,ERR,ERR,ERR,ERR,ERR,ERR,ERR,ERR,ERR,ERR,ERR,ERR,ERR,ERR,ERR,ERR,ERR,ERR,ERR,ERR,ERR,ERR,ERR,ERR,ERR,ERR,ERR,ERR,50.0,60.0,100,0.0,0.0,0.0,0.0,0.0,0.0,0.0,0.0,0.0,0.0,0.0,0.0,0.0,0.0,0.0,0.0,61.6,73,14,65513,50,65476,0,300,0,0,8,20529,65476,0,0,26214,60.0,0.0,0.0,0.0,0.0,0.0
2026-05-17T18:36:42,ERR,ERR,ERR,ERR,ERR,ERR,ERR,ERR,ERR,ERR,ERR,ERR,ERR,ERR,ERR,ERR,ERR,ERR,ERR,ERR,ERR,ERR,ERR,ERR,ERR,ERR,ERR,ERR,ERR,ERR,ERR,ERR,ERR,ERR,ERR,ERR,ERR,ERR,ERR,ERR,ERR,ERR,ERR,ERR,ERR,ERR,ERR,ERR,ERR,ERR,ERR,ERR,ERR,ERR,ERR,ERR,ERR,ERR,ERR,ERR,ERR,ERR,ERR,ERR,ERR,ERR,ERR,ERR,ERR,ERR,ERR,ERR,ERR,ERR,ERR,ERR,ERR,ERR,ERR,ERR,ERR,ERR,ERR,ERR,ERR,ERR,ERR,ERR,ERR,ERR,ERR,ERR,ERR,ERR,ERR,ERR,ERR,ERR,ERR,ERR,ERR,ERR,ERR,ERR,ERR,ERR,ERR,ERR,ERR,ERR,ERR,ERR,ERR,ERR,ERR,ERR,ERR,ERR,ERR,ERR,ERR,ERR,ERR,ERR,ERR,0.0,0.0,0.0,0.0,0.0,1.3936040501711995e+18,7.805,0.0,0,0,4,0,8422,0.0,45,0.0,0.0,0.0,0.0,0.0,0,0,0,0,0.0,0,0,0,0,0,0,0,0,0,0,0,0,0,0,0,0,0,0,0,0,0,0,0,0,0,0,0,0,0,0,0,0,0,38,14,7,45,65476,0,300,0,0,8,21553,0.0,-107605600.0,0.0,0.0,0.0,0.0,0.0,0.0,0.0,0.0,0.0,0.0,0.0,0.0,0.0,0.0,0.0,0.0,0.0,0.0,0.0,0.0,0.0,2.004,-0.0,0.0,0.0,0.0,0.0,0.0,4980.0,0.0,0.0,0.0,0.0,-107615280.0,2.718429300292151e+23,0.0,0.0,0.0,0.0,53,5.848083413016271e+35,-0.0,0.0,0.0,0.0,0.0,0.0,0.0,0.0,0,0,0,0.0,0.0,0.0,0.0,0.0,0.0,0.0,0.0,0.0,0.0,0.0,0.0,0.0,0.0,0.0,0.0,0,-107875648.0,53,0.0,106,-107614832.0,0.0,ERR,ERR,ERR,ERR,ERR,ERR,ERR,ERR,ERR,ERR,ERR,ERR,ERR,ERR,ERR,ERR,ERR,ERR,ERR,ERR,ERR,ERR,ERR,ERR,ERR,ERR,ERR,ERR,ERR,ERR,ERR,ERR,ERR,ERR,ERR,ERR,ERR,ERR,ERR,ERR,ERR,ERR,ERR,ERR,ERR,ERR,ERR,ERR,ERR,ERR,ERR,ERR,ERR,ERR,ERR,ERR,ERR,ERR,ERR,ERR,ERR,ERR,ERR,ERR,ERR,ERR,ERR,50.0,60.0,100,0.0,0.0,0.0,0.0,0.0,0.0,0.0,0.0,0.0,0.0,0.0,0.0,0.0,0.0,0.0,0.0,61.6,73,14,65513,50,65476,0,300,0,0,8,20529,65476,0,0,26214,60.0,0.0,0.0,0.0,0.0,0.0
2026-05-17T18:36:43,ERR,ERR,ERR,ERR,ERR,ERR,ERR,ERR,ERR,ERR,ERR,ERR,ERR,ERR,ERR,ERR,ERR,ERR,ERR,ERR,ERR,ERR,ERR,ERR,ERR,ERR,ERR,ERR,ERR,ERR,ERR,ERR,ERR,ERR,ERR,ERR,ERR,ERR,ERR,ERR,ERR,ERR,ERR,ERR,ERR,ERR,ERR,ERR,ERR,ERR,ERR,ERR,ERR,ERR,ERR,ERR,ERR,ERR,ERR,ERR,ERR,ERR,ERR,ERR,ERR,ERR,ERR,ERR,ERR,ERR,ERR,ERR,ERR,ERR,ERR,ERR,ERR,ERR,ERR,ERR,ERR,ERR,ERR,ERR,ERR,ERR,ERR,ERR,ERR,ERR,ERR,ERR,ERR,ERR,ERR,ERR,ERR,ERR,ERR,ERR,ERR,ERR,ERR,ERR,ERR,ERR,ERR,ERR,ERR,ERR,ERR,ERR,ERR,ERR,ERR,ERR,ERR,ERR,ERR,ERR,ERR,ERR,ERR,ERR,ERR,0.0,0.0,0.0,0.0,0.0,1.3936040501711995e+18,7.805,0.0,0,0,4,0,8422,0.0,45,0.0,0.0,0.0,0.0,0.0,0,0,0,0,0.0,0,0,0,0,0,0,0,0,0,0,0,0,0,0,0,0,0,0,0,0,0,0,0,0,0,0,0,0,0,0,0,0,0,38,14,7,45,65476,0,300,0,0,8,21553,0.0,-107605600.0,0.0,0.0,0.0,0.0,0.0,0.0,0.0,0.0,0.0,0.0,0.0,0.0,0.0,0.0,0.0,0.0,0.0,0.0,0.0,0.0,0.0,2.004,-0.0,0.0,0.0,0.0,0.0,0.0,4980.0,0.0,0.0,0.0,0.0,-107615280.0,2.718429300292151e+23,0.0,0.0,0.0,0.0,53,5.848083413016271e+35,-0.0,0.0,0.0,0.0,0.0,0.0,0.0,0.0,0,0,0,0.0,0.0,0.0,0.0,0.0,0.0,0.0,0.0,0.0,0.0,0.0,0.0,0.0,0.0,0.0,0.0,0,-107875648.0,53,0.0,106,-107614832.0,0.0,ERR,ERR,ERR,ERR,ERR,ERR,ERR,ERR,ERR,ERR,ERR,ERR,ERR,ERR,ERR,ERR,ERR,ERR,ERR,ERR,ERR,ERR,ERR,ERR,ERR,ERR,ERR,ERR,ERR,ERR,ERR,ERR,ERR,ERR,ERR,ERR,ERR,ERR,ERR,ERR,ERR,ERR,ERR,ERR,ERR,ERR,ERR,ERR,ERR,ERR,ERR,ERR,ERR,ERR,ERR,ERR,ERR,ERR,ERR,ERR,ERR,ERR,ERR,ERR,ERR,ERR,ERR,50.0,60.0,100,0.0,0.0,0.0,0.0,0.0,0.0,0.0,0.0,0.0,0.0,0.0,0.0,0.0,0.0,0.0,0.0,61.6,73,14,65513,50,65476,0,300,0,0,8,20529,65476,0,0,26214,60.0,0.0,0.0,0.0,0.0,0.0
2026-05-17T18:36:44,ERR,ERR,ERR,ERR,ERR,ERR,ERR,ERR,ERR,ERR,ERR,ERR,ERR,ERR,ERR,ERR,ERR,ERR,ERR,ERR,ERR,ERR,ERR,ERR,ERR,ERR,ERR,ERR,ERR,ERR,ERR,ERR,ERR,ERR,ERR,ERR,ERR,ERR,ERR,ERR,ERR,ERR,ERR,ERR,ERR,ERR,ERR,ERR,ERR,ERR,ERR,ERR,ERR,ERR,ERR,ERR,ERR,ERR,ERR,ERR,ERR,ERR,ERR,ERR,ERR,ERR,ERR,ERR,ERR,ERR,ERR,ERR,ERR,ERR,ERR,ERR,ERR,ERR,ERR,ERR,ERR,ERR,ERR,ERR,ERR,ERR,ERR,ERR,ERR,ERR,ERR,ERR,ERR,ERR,ERR,ERR,ERR,ERR,ERR,ERR,ERR,ERR,ERR,ERR,ERR,ERR,ERR,ERR,ERR,ERR,ERR,ERR,ERR,ERR,ERR,ERR,ERR,ERR,ERR,ERR,ERR,ERR,ERR,ERR,ERR,0.0,0.0,0.0,0.0,0.0,1.3936040501711995e+18,7.805,0.0,0,0,4,0,8422,0.0,45,0.0,0.0,0.0,0.0,0.0,0,0,0,0,0.0,0,0,0,0,0,0,0,0,0,0,0,0,0,0,0,0,0,0,0,0,0,0,0,0,0,0,0,0,0,0,0,0,0,38,14,7,45,65476,0,300,0,0,8,21553,0.0,-107605600.0,0.0,0.0,0.0,0.0,0.0,0.0,0.0,0.0,0.0,0.0,0.0,0.0,0.0,0.0,0.0,0.0,0.0,0.0,0.0,0.0,0.0,2.004,-0.0,0.0,0.0,0.0,0.0,0.0,4980.0,8608181248.0,0.0,0.0,0.0,-107615280.0,2.718429300292151e+23,0.0,0.0,0.0,0.0,53,5.848083413016271e+35,-107614768.0,0.0,0.0,0.0,0.0,0.0,0.0,0.0,0,0,0,0.0,0.0,0.0,0.0,0.0,0.0,0.0,0.0,0.0,0.0,0.0,0.0,0.0,0.0,0.0,0.0,0,-107875648.0,53,0.0,106,-107614832.0,0.0,ERR,ERR,ERR,ERR,ERR,ERR,ERR,ERR,ERR,ERR,ERR,ERR,ERR,ERR,ERR,ERR,ERR,ERR,ERR,ERR,ERR,ERR,ERR,ERR,ERR,ERR,ERR,ERR,ERR,ERR,ERR,ERR,ERR,ERR,ERR,ERR,ERR,ERR,ERR,ERR,ERR,ERR,ERR,ERR,ERR,ERR,ERR,ERR,ERR,ERR,ERR,ERR,ERR,ERR,ERR,ERR,ERR,ERR,ERR,ERR,ERR,ERR,ERR,ERR,ERR,ERR,ERR,50.0,60.0,100,0.0,0.0,0.0,0.0,0.0,0.0,0.0,0.0,0.0,0.0,0.0,0.0,0.0,0.0,0.0,0.0,61.6,73,14,65513,50,65476,0,300,0,0,8,20529,65476,0,0,26214,60.0,0.0,0.0,0.0,0.0,0.0
2026-05-17T18:36:45,ERR,ERR,ERR,ERR,ERR,ERR,ERR,ERR,ERR,ERR,ERR,ERR,ERR,ERR,ERR,ERR,ERR,ERR,ERR,ERR,ERR,ERR,ERR,ERR,ERR,ERR,ERR,ERR,ERR,ERR,ERR,ERR,ERR,ERR,ERR,ERR,ERR,ERR,ERR,ERR,ERR,ERR,ERR,ERR,ERR,ERR,ERR,ERR,ERR,ERR,ERR,ERR,ERR,ERR,ERR,ERR,ERR,ERR,ERR,ERR,ERR,ERR,ERR,ERR,ERR,ERR,ERR,ERR,ERR,ERR,ERR,ERR,ERR,ERR,ERR,ERR,ERR,ERR,ERR,ERR,ERR,ERR,ERR,ERR,ERR,ERR,ERR,ERR,ERR,ERR,ERR,ERR,ERR,ERR,ERR,ERR,ERR,ERR,ERR,ERR,ERR,ERR,ERR,ERR,ERR,ERR,ERR,ERR,ERR,ERR,ERR,ERR,ERR,ERR,ERR,ERR,ERR,ERR,ERR,ERR,ERR,ERR,ERR,ERR,ERR,0.0,0.0,0.0,0.0,0.0,1.3936040501711995e+18,7.805,0.0,0,0,4,0,8422,0.0,45,0.0,0.0,0.0,0.0,0.0,0,0,0,0,0.0,0,0,0,0,0,0,0,0,0,0,0,0,0,0,0,0,0,0,0,0,0,0,0,0,0,0,0,0,0,0,0,0,0,38,14,7,45,65476,0,300,0,0,8,21553,0.0,-107605600.0,0.0,0.0,0.0,0.0,0.0,0.0,0.0,0.0,0.0,0.0,0.0,0.0,0.0,0.0,0.0,0.0,0.0,0.0,0.0,0.0,0.0,2.004,-0.0,0.0,0.0,0.0,0.0,0.0,4980.0,8608181248.0,0.0,0.0,0.0,-107615280.0,2.718429300292151e+23,0.0,0.0,0.0,0.0,53,5.848083413016271e+35,-107614768.0,0.0,0.0,0.0,0.0,0.0,0.0,0.0,0,0,0,0.0,0.0,0.0,0.0,0.0,0.0,0.0,0.0,0.0,0.0,0.0,0.0,0.0,0.0,0.0,0.0,0,-107875648.0,53,0.0,106,-107614832.0,0.0,ERR,ERR,ERR,ERR,ERR,ERR,ERR,ERR,ERR,ERR,ERR,ERR,ERR,ERR,ERR,ERR,ERR,ERR,ERR,ERR,ERR,ERR,ERR,ERR,ERR,ERR,ERR,ERR,ERR,ERR,ERR,ERR,ERR,ERR,ERR,ERR,ERR,ERR,ERR,ERR,ERR,ERR,ERR,ERR,ERR,ERR,ERR,ERR,ERR,ERR,ERR,ERR,ERR,ERR,ERR,ERR,ERR,ERR,ERR,ERR,ERR,ERR,ERR,ERR,ERR,ERR,ERR,50.0,60.0,100,0.0,0.0,0.0,0.0,0.0,0.0,0.0,0.0,0.0,0.0,0.0,0.0,0.0,0.0,0.0,0.0,61.6,73,14,65513,50,65476,0,300,0,0,8,20529,65476,0,0,26214,60.0,0.0,0.0,0.0,0.0,0.0
2026-05-17T18:36:46,ERR,ERR,ERR,ERR,ERR,ERR,ERR,ERR,ERR,ERR,ERR,ERR,ERR,ERR,ERR,ERR,ERR,ERR,ERR,ERR,ERR,ERR,ERR,ERR,ERR,ERR,ERR,ERR,ERR,ERR,ERR,ERR,ERR,ERR,ERR,ERR,ERR,ERR,ERR,ERR,ERR,ERR,ERR,ERR,ERR,ERR,ERR,ERR,ERR,ERR,ERR,ERR,ERR,ERR,ERR,ERR,ERR,ERR,ERR,ERR,ERR,ERR,ERR,ERR,ERR,ERR,ERR,ERR,ERR,ERR,ERR,ERR,ERR,ERR,ERR,ERR,ERR,ERR,ERR,ERR,ERR,ERR,ERR,ERR,ERR,ERR,ERR,ERR,ERR,ERR,ERR,ERR,ERR,ERR,ERR,ERR,ERR,ERR,ERR,ERR,ERR,ERR,ERR,ERR,ERR,ERR,ERR,ERR,ERR,ERR,ERR,ERR,ERR,ERR,ERR,ERR,ERR,ERR,ERR,ERR,ERR,ERR,ERR,ERR,ERR,0.0,0.0,0.0,0.0,0.0,1.3936040501711995e+18,7.805,0.0,0,0,4,0,8422,0.0,45,0.0,0.0,0.0,0.0,0.0,0,0,0,0,0.0,0,0,0,0,0,0,0,0,0,0,0,0,0,0,0,0,0,0,0,0,0,0,0,0,0,0,0,0,0,0,0,0,0,38,14,7,45,65476,0,300,0,0,8,21553,0.0,-107605600.0,0.0,0.0,0.0,0.0,0.0,0.0,0.0,0.0,0.0,0.0,0.0,0.0,0.0,0.0,0.0,0.0,0.0,0.0,0.0,0.0,0.0,2.004,-0.0,0.0,0.0,0.0,0.0,0.0,4980.0,8608181248.0,0.0,0.0,0.0,-107615280.0,2.718429300292151e+23,0.0,0.0,0.0,0.0,53,5.848083413016271e+35,-107614768.0,0.0,0.0,0.0,0.0,0.0,0.0,0.0,0,0,0,0.0,0.0,0.0,0.0,0.0,0.0,0.0,0.0,0.0,0.0,0.0,0.0,0.0,0.0,0.0,0.0,0,-107875648.0,53,0.0,106,-107614832.0,0.0,ERR,ERR,ERR,ERR,ERR,ERR,ERR,ERR,ERR,ERR,ERR,ERR,ERR,ERR,ERR,ERR,ERR,ERR,ERR,ERR,ERR,ERR,ERR,ERR,ERR,ERR,ERR,ERR,ERR,ERR,ERR,ERR,ERR,ERR,ERR,ERR,ERR,ERR,ERR,ERR,ERR,ERR,ERR,ERR,ERR,ERR,ERR,ERR,ERR,ERR,ERR,ERR,ERR,ERR,ERR,ERR,ERR,ERR,ERR,ERR,ERR,ERR,ERR,ERR,ERR,ERR,ERR,50.0,60.0,100,0.0,0.0,0.0,0.0,0.0,0.0,0.0,0.0,0.0,0.0,0.0,0.0,0.0,0.0,0.0,0.0,61.6,73,14,65513,50,65476,0,300,0,0,8,20529,65476,0,0,26214,60.0,0.0,0.0,0.0,0.0,0.0
2026-05-17T18:36:47,ERR,ERR,ERR,ERR,ERR,ERR,ERR,ERR,ERR,ERR,ERR,ERR,ERR,ERR,ERR,ERR,ERR,ERR,ERR,ERR,ERR,ERR,ERR,ERR,ERR,ERR,ERR,ERR,ERR,ERR,ERR,ERR,ERR,ERR,ERR,ERR,ERR,ERR,ERR,ERR,ERR,ERR,ERR,ERR,ERR,ERR,ERR,ERR,ERR,ERR,ERR,ERR,ERR,ERR,ERR,ERR,ERR,ERR,ERR,ERR,ERR,ERR,ERR,ERR,ERR,ERR,ERR,ERR,ERR,ERR,ERR,ERR,ERR,ERR,ERR,ERR,ERR,ERR,ERR,ERR,ERR,ERR,ERR,ERR,ERR,ERR,ERR,ERR,ERR,ERR,ERR,ERR,ERR,ERR,ERR,ERR,ERR,ERR,ERR,ERR,ERR,ERR,ERR,ERR,ERR,ERR,ERR,ERR,ERR,ERR,ERR,ERR,ERR,ERR,ERR,ERR,ERR,ERR,ERR,ERR,ERR,ERR,ERR,ERR,ERR,0.0,0.0,0.0,0.0,0.0,1.3936040501711995e+18,7.805,0.0,0,0,4,0,8422,0.0,45,0.0,0.0,0.0,0.0,0.0,0,0,0,0,0.0,0,0,0,0,0,0,0,0,0,0,0,0,0,0,0,0,0,0,0,0,0,0,0,0,0,0,0,0,0,0,0,0,0,38,14,7,45,65476,0,300,0,0,8,21553,0.0,-107605600.0,0.0,0.0,0.0,0.0,0.0,0.0,0.0,0.0,0.0,0.0,0.0,0.0,0.0,0.0,0.0,0.0,0.0,0.0,0.0,0.0,0.0,2.004,-0.0,0.0,0.0,0.0,0.0,0.0,4980.0,8608181248.0,0.0,0.0,0.0,-107615280.0,2.718429300292151e+23,0.0,0.0,0.0,0.0,53,5.848083413016271e+35,-107614768.0,0.0,0.0,0.0,0.0,0.0,0.0,0.0,0,0,0,0.0,0.0,0.0,0.0,0.0,0.0,0.0,0.0,0.0,0.0,0.0,0.0,0.0,0.0,0.0,0.0,0,-107875648.0,53,0.0,106,-107614832.0,0.0,ERR,ERR,ERR,ERR,ERR,ERR,ERR,ERR,ERR,ERR,ERR,ERR,ERR,ERR,ERR,ERR,ERR,ERR,ERR,ERR,ERR,ERR,ERR,ERR,ERR,ERR,ERR,ERR,ERR,ERR,ERR,ERR,ERR,ERR,ERR,ERR,ERR,ERR,ERR,ERR,ERR,ERR,ERR,ERR,ERR,ERR,ERR,ERR,ERR,ERR,ERR,ERR,ERR,ERR,ERR,ERR,ERR,ERR,ERR,ERR,ERR,ERR,ERR,ERR,ERR,ERR,ERR,50.0,60.0,100,0.0,0.0,0.0,0.0,0.0,0.0,0.0,0.0,0.0,0.0,0.0,0.0,0.0,0.0,0.0,0.0,61.6,73,14,65513,50,65476,0,300,0,0,8,20529,65476,0,0,26214,60.0,0.0,0.0,0.0,0.0,0.0
2026-05-17T18:36:48,ERR,ERR,ERR,ERR,ERR,ERR,ERR,ERR,ERR,ERR,ERR,ERR,ERR,ERR,ERR,ERR,ERR,ERR,ERR,ERR,ERR,ERR,ERR,ERR,ERR,ERR,ERR,ERR,ERR,ERR,ERR,ERR,ERR,ERR,ERR,ERR,ERR,ERR,ERR,ERR,ERR,ERR,ERR,ERR,ERR,ERR,ERR,ERR,ERR,ERR,ERR,ERR,ERR,ERR,ERR,ERR,ERR,ERR,ERR,ERR,ERR,ERR,ERR,ERR,ERR,ERR,ERR,ERR,ERR,ERR,ERR,ERR,ERR,ERR,ERR,ERR,ERR,ERR,ERR,ERR,ERR,ERR,ERR,ERR,ERR,ERR,ERR,ERR,ERR,ERR,ERR,ERR,ERR,ERR,ERR,ERR,ERR,ERR,ERR,ERR,ERR,ERR,ERR,ERR,ERR,ERR,ERR,ERR,ERR,ERR,ERR,ERR,ERR,ERR,ERR,ERR,ERR,ERR,ERR,ERR,ERR,ERR,ERR,ERR,ERR,0.0,0.0,0.0,0.0,0.0,1.3936040501711995e+18,7.805,0.0,0,0,4,0,8422,0.0,45,0.0,0.0,0.0,0.0,0.0,0,0,0,0,0.0,0,0,0,0,0,0,0,0,0,0,0,0,0,0,0,0,0,0,0,0,0,0,0,0,0,0,0,0,0,0,0,0,0,38,14,7,45,65476,0,300,0,0,8,21553,0.0,-107605600.0,0.0,0.0,0.0,0.0,0.0,0.0,0.0,0.0,0.0,0.0,0.0,0.0,0.0,0.0,0.0,0.0,0.0,0.0,0.0,0.0,0.0,2.004,-0.0,0.0,0.0,0.0,0.0,0.0,4980.0,8608181248.0,0.0,0.0,0.0,-107615280.0,2.718429300292151e+23,0.0,0.0,0.0,0.0,53,5.848083413016271e+35,-107614768.0,0.0,0.0,0.0,0.0,0.0,0.0,0.0,0,0,0,0.0,0.0,0.0,0.0,0.0,0.0,0.0,0.0,0.0,0.0,0.0,0.0,0.0,0.0,0.0,0.0,0,-107875648.0,53,0.0,106,-107614832.0,0.0,ERR,ERR,ERR,ERR,ERR,ERR,ERR,ERR,ERR,ERR,ERR,ERR,ERR,ERR,ERR,ERR,ERR,ERR,ERR,ERR,ERR,ERR,ERR,ERR,ERR,ERR,ERR,ERR,ERR,ERR,ERR,ERR,ERR,ERR,ERR,ERR,ERR,ERR,ERR,ERR,ERR,ERR,ERR,ERR,ERR,ERR,ERR,ERR,ERR,ERR,ERR,ERR,ERR,ERR,ERR,ERR,ERR,ERR,ERR,ERR,ERR,ERR,ERR,ERR,ERR,ERR,ERR,50.0,60.0,100,0.0,0.0,0.0,0.0,0.0,0.0,0.0,0.0,0.0,0.0,0.0,0.0,0.0,0.0,0.0,0.0,61.6,73,14,65513,50,65476,0,300,0,0,8,20529,65476,0,0,26214,60.0,0.0,0.0,0.0,0.0,0.0
2026-05-17T18:36:49,ERR,ERR,ERR,ERR,ERR,ERR,ERR,ERR,ERR,ERR,ERR,ERR,ERR,ERR,ERR,ERR,ERR,ERR,ERR,ERR,ERR,ERR,ERR,ERR,ERR,ERR,ERR,ERR,ERR,ERR,ERR,ERR,ERR,ERR,ERR,ERR,ERR,ERR,ERR,ERR,ERR,ERR,ERR,ERR,ERR,ERR,ERR,ERR,ERR,ERR,ERR,ERR,ERR,ERR,ERR,ERR,ERR,ERR,ERR,ERR,ERR,ERR,ERR,ERR,ERR,ERR,ERR,ERR,ERR,ERR,ERR,ERR,ERR,ERR,ERR,ERR,ERR,ERR,ERR,ERR,ERR,ERR,ERR,ERR,ERR,ERR,ERR,ERR,ERR,ERR,ERR,ERR,ERR,ERR,ERR,ERR,ERR,ERR,ERR,ERR,ERR,ERR,ERR,ERR,ERR,ERR,ERR,ERR,ERR,ERR,ERR,ERR,ERR,ERR,ERR,ERR,ERR,ERR,ERR,ERR,ERR,ERR,ERR,ERR,ERR,0.0,0.0,0.0,0.0,0.0,1.3936040501711995e+18,7.805,0.0,0,0,4,0,8422,0.0,45,0.0,0.0,0.0,0.0,0.0,0,0,0,0,0.0,0,0,0,0,0,0,0,0,0,0,0,0,0,0,0,0,0,0,0,0,0,0,0,0,0,0,0,0,0,0,0,0,0,38,14,7,45,65476,0,300,0,0,8,21553,0.0,-107605600.0,0.0,0.0,0.0,0.0,0.0,0.0,0.0,0.0,0.0,0.0,0.0,0.0,0.0,0.0,0.0,0.0,0.0,0.0,0.0,0.0,0.0,2.004,-0.0,0.0,0.0,0.0,0.0,0.0,5015.0,0.0,0.0,0.0,0.0,-107615280.0,2.718429300292151e+23,0.0,0.0,0.0,0.0,53,-0.0,-2.30882787541985e+20,0.0,0.0,0.0,0.0,0.0,0.0,0.0,0,0,0,0.0,0.0,0.0,0.0,0.0,0.0,0.0,0.0,0.0,0.0,0.0,0.0,0.0,0.0,0.0,0.0,0,-107875648.0,53,0.0,106,-107614832.0,0.0,ERR,ERR,ERR,ERR,ERR,ERR,ERR,ERR,ERR,ERR,ERR,ERR,ERR,ERR,ERR,ERR,ERR,ERR,ERR,ERR,ERR,ERR,ERR,ERR,ERR,ERR,ERR,ERR,ERR,ERR,ERR,ERR,ERR,ERR,ERR,ERR,ERR,ERR,ERR,ERR,ERR,ERR,ERR,ERR,ERR,ERR,ERR,ERR,ERR,ERR,ERR,ERR,ERR,ERR,ERR,ERR,ERR,ERR,ERR,ERR,ERR,ERR,ERR,ERR,ERR,ERR,ERR,50.0,60.0,100,0.0,0.0,0.0,0.0,0.0,0.0,0.0,0.0,0.0,0.0,0.0,0.0,0.0,0.0,0.0,0.0,61.6,73,14,65513,50,65476,0,300,0,0,8,20529,65476,0,0,26214,60.0,0.0,0.0,0.0,0.0,0.0
2026-05-17T18:36:50,ERR,ERR,ERR,ERR,ERR,ERR,ERR,ERR,ERR,ERR,ERR,ERR,ERR,ERR,ERR,ERR,ERR,ERR,ERR,ERR,ERR,ERR,ERR,ERR,ERR,ERR,ERR,ERR,ERR,ERR,ERR,ERR,ERR,ERR,ERR,ERR,ERR,ERR,ERR,ERR,ERR,ERR,ERR,ERR,ERR,ERR,ERR,ERR,ERR,ERR,ERR,ERR,ERR,ERR,ERR,ERR,ERR,ERR,ERR,ERR,ERR,ERR,ERR,ERR,ERR,ERR,ERR,ERR,ERR,ERR,ERR,ERR,ERR,ERR,ERR,ERR,ERR,ERR,ERR,ERR,ERR,ERR,ERR,ERR,ERR,ERR,ERR,ERR,ERR,ERR,ERR,ERR,ERR,ERR,ERR,ERR,ERR,ERR,ERR,ERR,ERR,ERR,ERR,ERR,ERR,ERR,ERR,ERR,ERR,ERR,ERR,ERR,ERR,ERR,ERR,ERR,ERR,ERR,ERR,ERR,ERR,ERR,ERR,ERR,ERR,0.0,0.0,0.0,0.0,0.0,1.3936040501711995e+18,7.805,0.0,0,0,4,0,8422,0.0,45,0.0,0.0,0.0,0.0,0.0,0,0,0,0,0.0,0,0,0,0,0,0,0,0,0,0,0,0,0,0,0,0,0,0,0,0,0,0,0,0,0,0,0,0,0,0,0,0,0,38,14,7,45,65476,0,300,0,0,8,21553,0.0,-107605600.0,0.0,0.0,0.0,0.0,0.0,0.0,0.0,0.0,0.0,0.0,0.0,0.0,0.0,0.0,0.0,0.0,0.0,0.0,0.0,0.0,0.0,2.004,-0.0,0.0,0.0,0.0,0.0,0.0,5015.0,0.0,0.0,0.0,0.0,-107615280.0,2.718429300292151e+23,0.0,0.0,0.0,0.0,53,-0.0,-2.30882787541985e+20,0.0,0.0,0.0,0.0,0.0,0.0,0.0,0,0,0,0.0,0.0,0.0,0.0,0.0,0.0,0.0,0.0,0.0,0.0,0.0,0.0,0.0,0.0,0.0,0.0,0,-107875648.0,53,0.0,106,-107614832.0,0.0,ERR,ERR,ERR,ERR,ERR,ERR,ERR,ERR,ERR,ERR,ERR,ERR,ERR,ERR,ERR,ERR,ERR,ERR,ERR,ERR,ERR,ERR,ERR,ERR,ERR,ERR,ERR,ERR,ERR,ERR,ERR,ERR,ERR,ERR,ERR,ERR,ERR,ERR,ERR,ERR,ERR,ERR,ERR,ERR,ERR,ERR,ERR,ERR,ERR,ERR,ERR,ERR,ERR,ERR,ERR,ERR,ERR,ERR,ERR,ERR,ERR,ERR,ERR,ERR,ERR,ERR,ERR,50.0,60.0,100,0.0,0.0,0.0,0.0,0.0,0.0,0.0,0.0,0.0,0.0,0.0,0.0,0.0,0.0,0.0,0.0,61.6,73,14,65513,50,65476,0,300,0,0,8,20529,65476,0,0,26214,60.0,0.0,0.0,0.0,0.0,0.0
2026-05-17T18:36:51,ERR,ERR,ERR,ERR,ERR,ERR,ERR,ERR,ERR,ERR,ERR,ERR,ERR,ERR,ERR,ERR,ERR,ERR,ERR,ERR,ERR,ERR,ERR,ERR,ERR,ERR,ERR,ERR,ERR,ERR,ERR,ERR,ERR,ERR,ERR,ERR,ERR,ERR,ERR,ERR,ERR,ERR,ERR,ERR,ERR,ERR,ERR,ERR,ERR,ERR,ERR,ERR,ERR,ERR,ERR,ERR,ERR,ERR,ERR,ERR,ERR,ERR,ERR,ERR,ERR,ERR,ERR,ERR,ERR,ERR,ERR,ERR,ERR,ERR,ERR,ERR,ERR,ERR,ERR,ERR,ERR,ERR,ERR,ERR,ERR,ERR,ERR,ERR,ERR,ERR,ERR,ERR,ERR,ERR,ERR,ERR,ERR,ERR,ERR,ERR,ERR,ERR,ERR,ERR,ERR,ERR,ERR,ERR,ERR,ERR,ERR,ERR,ERR,ERR,ERR,ERR,ERR,ERR,ERR,ERR,ERR,ERR,ERR,ERR,ERR,0.0,0.0,0.0,0.0,0.0,1.3936040501711995e+18,7.805,0.0,0,0,4,0,8422,0.0,45,0.0,0.0,0.0,0.0,0.0,0,0,0,0,0.0,0,0,0,0,0,0,0,0,0,0,0,0,0,0,0,0,0,0,0,0,0,0,0,0,0,0,0,0,0,0,0,0,0,38,14,7,45,65476,0,300,0,0,8,21553,0.0,-107605600.0,0.0,0.0,0.0,0.0,0.0,0.0,0.0,0.0,0.0,0.0,0.0,0.0,0.0,0.0,0.0,0.0,0.0,0.0,0.0,0.0,0.0,2.004,-0.0,0.0,0.0,0.0,0.0,0.0,5015.0,0.0,0.0,0.0,0.0,-107615280.0,2.718429300292151e+23,0.0,0.0,0.0,0.0,53,-0.0,-2.30882787541985e+20,0.0,0.0,0.0,0.0,0.0,0.0,0.0,0,0,0,0.0,0.0,0.0,0.0,0.0,0.0,0.0,0.0,0.0,0.0,0.0,0.0,0.0,0.0,0.0,0.0,0,-107875648.0,53,0.0,106,-107614832.0,0.0,ERR,ERR,ERR,ERR,ERR,ERR,ERR,ERR,ERR,ERR,ERR,ERR,ERR,ERR,ERR,ERR,ERR,ERR,ERR,ERR,ERR,ERR,ERR,ERR,ERR,ERR,ERR,ERR,ERR,ERR,ERR,ERR,ERR,ERR,ERR,ERR,ERR,ERR,ERR,ERR,ERR,ERR,ERR,ERR,ERR,ERR,ERR,ERR,ERR,ERR,ERR,ERR,ERR,ERR,ERR,ERR,ERR,ERR,ERR,ERR,ERR,ERR,ERR,ERR,ERR,ERR,ERR,50.0,60.0,100,0.0,0.0,0.0,0.0,0.0,0.0,0.0,0.0,0.0,0.0,0.0,0.0,0.0,0.0,0.0,0.0,61.6,73,14,65513,50,65476,0,300,0,0,8,20529,65476,0,0,26214,60.0,0.0,0.0,0.0,0.0,0.0
2026-05-17T18:36:52,ERR,ERR,ERR,ERR,ERR,ERR,ERR,ERR,ERR,ERR,ERR,ERR,ERR,ERR,ERR,ERR,ERR,ERR,ERR,ERR,ERR,ERR,ERR,ERR,ERR,ERR,ERR,ERR,ERR,ERR,ERR,ERR,ERR,ERR,ERR,ERR,ERR,ERR,ERR,ERR,ERR,ERR,ERR,ERR,ERR,ERR,ERR,ERR,ERR,ERR,ERR,ERR,ERR,ERR,ERR,ERR,ERR,ERR,ERR,ERR,ERR,ERR,ERR,ERR,ERR,ERR,ERR,ERR,ERR,ERR,ERR,ERR,ERR,ERR,ERR,ERR,ERR,ERR,ERR,ERR,ERR,ERR,ERR,ERR,ERR,ERR,ERR,ERR,ERR,ERR,ERR,ERR,ERR,ERR,ERR,ERR,ERR,ERR,ERR,ERR,ERR,ERR,ERR,ERR,ERR,ERR,ERR,ERR,ERR,ERR,ERR,ERR,ERR,ERR,ERR,ERR,ERR,ERR,ERR,ERR,ERR,ERR,ERR,ERR,ERR,0.0,0.0,0.0,0.0,0.0,1.3936040501711995e+18,7.805,0.0,0,0,4,0,8422,0.0,45,0.0,0.0,0.0,0.0,0.0,0,0,0,0,0.0,0,0,0,0,0,0,0,0,0,0,0,0,0,0,0,0,0,0,0,0,0,0,0,0,0,0,0,0,0,0,0,0,0,38,14,7,45,65476,0,300,0,0,8,21553,0.0,-107605600.0,0.0,0.0,0.0,0.0,0.0,0.0,0.0,0.0,0.0,0.0,0.0,0.0,0.0,0.0,0.0,0.0,0.0,0.0,0.0,0.0,0.0,2.004,-0.0,0.0,0.0,0.0,0.0,0.0,5015.0,0.0,0.0,0.0,0.0,-107615280.0,2.718429300292151e+23,0.0,0.0,0.0,0.0,53,-0.0,-2.30882787541985e+20,0.0,0.0,0.0,0.0,0.0,0.0,0.0,0,0,0,0.0,0.0,0.0,0.0,0.0,0.0,0.0,0.0,0.0,0.0,0.0,0.0,0.0,0.0,0.0,0.0,0,-107875648.0,53,0.0,106,-107614832.0,0.0,ERR,ERR,ERR,ERR,ERR,ERR,ERR,ERR,ERR,ERR,ERR,ERR,ERR,ERR,ERR,ERR,ERR,ERR,ERR,ERR,ERR,ERR,ERR,ERR,ERR,ERR,ERR,ERR,ERR,ERR,ERR,ERR,ERR,ERR,ERR,ERR,ERR,ERR,ERR,ERR,ERR,ERR,ERR,ERR,ERR,ERR,ERR,ERR,ERR,ERR,ERR,ERR,ERR,ERR,ERR,ERR,ERR,ERR,ERR,ERR,ERR,ERR,ERR,ERR,ERR,ERR,ERR,50.0,60.0,100,0.0,0.0,0.0,0.0,0.0,0.0,0.0,0.0,0.0,0.0,0.0,0.0,0.0,0.0,0.0,0.0,61.6,73,14,65513,50,65476,0,300,0,0,8,20529,65476,0,0,26214,60.0,0.0,0.0,0.0,0.0,0.0
2026-05-17T18:36:53,ERR,ERR,ERR,ERR,ERR,ERR,ERR,ERR,ERR,ERR,ERR,ERR,ERR,ERR,ERR,ERR,ERR,ERR,ERR,ERR,ERR,ERR,ERR,ERR,ERR,ERR,ERR,ERR,ERR,ERR,ERR,ERR,ERR,ERR,ERR,ERR,ERR,ERR,ERR,ERR,ERR,ERR,ERR,ERR,ERR,ERR,ERR,ERR,ERR,ERR,ERR,ERR,ERR,ERR,ERR,ERR,ERR,ERR,ERR,ERR,ERR,ERR,ERR,ERR,ERR,ERR,ERR,ERR,ERR,ERR,ERR,ERR,ERR,ERR,ERR,ERR,ERR,ERR,ERR,ERR,ERR,ERR,ERR,ERR,ERR,ERR,ERR,ERR,ERR,ERR,ERR,ERR,ERR,ERR,ERR,ERR,ERR,ERR,ERR,ERR,ERR,ERR,ERR,ERR,ERR,ERR,ERR,ERR,ERR,ERR,ERR,ERR,ERR,ERR,ERR,ERR,ERR,ERR,ERR,ERR,ERR,ERR,ERR,ERR,ERR,0.0,0.0,0.0,0.0,0.0,1.3936040501711995e+18,7.805,0.0,0,0,4,0,8422,0.0,45,0.0,0.0,0.0,0.0,0.0,0,0,0,0,0.0,0,0,0,0,0,0,0,0,0,0,0,0,0,0,0,0,0,0,0,0,0,0,0,0,0,0,0,0,0,0,0,0,0,38,14,7,45,65476,0,300,0,0,8,21553,0.0,-107605600.0,0.0,0.0,0.0,0.0,0.0,0.0,0.0,0.0,0.0,0.0,0.0,0.0,0.0,0.0,0.0,0.0,0.0,0.0,0.0,0.0,0.0,2.004,-0.0,0.0,0.0,0.0,0.0,0.0,5015.0,0.0,0.0,0.0,0.0,-107615280.0,2.718429300292151e+23,0.0,0.0,0.0,0.0,53,-0.0,-2.30882787541985e+20,0.0,0.0,0.0,0.0,0.0,0.0,0.0,0,0,0,0.0,0.0,0.0,0.0,0.0,0.0,0.0,0.0,0.0,0.0,0.0,0.0,0.0,0.0,0.0,0.0,0,-107875648.0,53,0.0,106,-107614832.0,0.0,ERR,ERR,ERR,ERR,ERR,ERR,ERR,ERR,ERR,ERR,ERR,ERR,ERR,ERR,ERR,ERR,ERR,ERR,ERR,ERR,ERR,ERR,ERR,ERR,ERR,ERR,ERR,ERR,ERR,ERR,ERR,ERR,ERR,ERR,ERR,ERR,ERR,ERR,ERR,ERR,ERR,ERR,ERR,ERR,ERR,ERR,ERR,ERR,ERR,ERR,ERR,ERR,ERR,ERR,ERR,ERR,ERR,ERR,ERR,ERR,ERR,ERR,ERR,ERR,ERR,ERR,ERR,50.0,60.0,100,0.0,0.0,0.0,0.0,0.0,0.0,0.0,0.0,0.0,0.0,0.0,0.0,0.0,0.0,0.0,0.0,61.6,73,14,65513,50,65476,0,300,0,0,8,20529,65476,0,0,26214,60.0,0.0,0.0,0.0,0.0,0.0
2026-05-17T18:36:54,ERR,ERR,ERR,ERR,ERR,ERR,ERR,ERR,ERR,ERR,ERR,ERR,ERR,ERR,ERR,ERR,ERR,ERR,ERR,ERR,ERR,ERR,ERR,ERR,ERR,ERR,ERR,ERR,ERR,ERR,ERR,ERR,ERR,ERR,ERR,ERR,ERR,ERR,ERR,ERR,ERR,ERR,ERR,ERR,ERR,ERR,ERR,ERR,ERR,ERR,ERR,ERR,ERR,ERR,ERR,ERR,ERR,ERR,ERR,ERR,ERR,ERR,ERR,ERR,ERR,ERR,ERR,ERR,ERR,ERR,ERR,ERR,ERR,ERR,ERR,ERR,ERR,ERR,ERR,ERR,ERR,ERR,ERR,ERR,ERR,ERR,ERR,ERR,ERR,ERR,ERR,ERR,ERR,ERR,ERR,ERR,ERR,ERR,ERR,ERR,ERR,ERR,ERR,ERR,ERR,ERR,ERR,ERR,ERR,ERR,ERR,ERR,ERR,ERR,ERR,ERR,ERR,ERR,ERR,ERR,ERR,ERR,ERR,ERR,ERR,0.0,0.0,0.0,0.0,0.0,1.3936040501711995e+18,7.805,0.0,0,0,4,0,8422,0.0,45,0.0,0.0,0.0,0.0,0.0,0,0,0,0,0.0,0,0,0,0,0,0,0,0,0,0,0,0,0,0,0,0,0,0,0,0,0,0,0,0,0,0,0,0,0,0,0,0,0,38,14,7,45,65476,0,300,0,0,8,21553,0.0,-107605600.0,0.0,0.0,0.0,0.0,0.0,0.0,0.0,0.0,0.0,0.0,0.0,0.0,0.0,0.0,0.0,0.0,0.0,0.0,0.0,0.0,0.0,2.004,-0.0,0.0,0.0,0.0,0.0,0.0,5019.0,3.697186133624698e+19,0.0,0.0,0.0,-107615280.0,2.718429300292151e+23,0.0,0.0,0.0,0.0,53,-0.0,0.0,0.0,0.0,0.0,0.0,0.0,0.0,0.0,0,0,0,0.0,0.0,0.0,0.0,0.0,0.0,0.0,0.0,0.0,0.0,0.0,0.0,0.0,0.0,0.0,0.0,0,-107875648.0,53,0.0,106,-107614832.0,0.0,ERR,ERR,ERR,ERR,ERR,ERR,ERR,ERR,ERR,ERR,ERR,ERR,ERR,ERR,ERR,ERR,ERR,ERR,ERR,ERR,ERR,ERR,ERR,ERR,ERR,ERR,ERR,ERR,ERR,ERR,ERR,ERR,ERR,ERR,ERR,ERR,ERR,ERR,ERR,ERR,ERR,ERR,ERR,ERR,ERR,ERR,ERR,ERR,ERR,ERR,ERR,ERR,ERR,ERR,ERR,ERR,ERR,ERR,ERR,ERR,ERR,ERR,ERR,ERR,ERR,ERR,ERR,50.0,60.0,100,0.0,0.0,0.0,0.0,0.0,0.0,0.0,0.0,0.0,0.0,0.0,0.0,0.0,0.0,0.0,0.0,61.6,73,14,65513,50,65476,0,300,0,0,8,20529,65476,0,0,26214,60.0,0.0,0.0,0.0,0.0,0.0
2026-05-17T18:36:55,ERR,ERR,ERR,ERR,ERR,ERR,ERR,ERR,ERR,ERR,ERR,ERR,ERR,ERR,ERR,ERR,ERR,ERR,ERR,ERR,ERR,ERR,ERR,ERR,ERR,ERR,ERR,ERR,ERR,ERR,ERR,ERR,ERR,ERR,ERR,ERR,ERR,ERR,ERR,ERR,ERR,ERR,ERR,ERR,ERR,ERR,ERR,ERR,ERR,ERR,ERR,ERR,ERR,ERR,ERR,ERR,ERR,ERR,ERR,ERR,ERR,ERR,ERR,ERR,ERR,ERR,ERR,ERR,ERR,ERR,ERR,ERR,ERR,ERR,ERR,ERR,ERR,ERR,ERR,ERR,ERR,ERR,ERR,ERR,ERR,ERR,ERR,ERR,ERR,ERR,ERR,ERR,ERR,ERR,ERR,ERR,ERR,ERR,ERR,ERR,ERR,ERR,ERR,ERR,ERR,ERR,ERR,ERR,ERR,ERR,ERR,ERR,ERR,ERR,ERR,ERR,ERR,ERR,ERR,ERR,ERR,ERR,ERR,ERR,ERR,0.0,0.0,0.0,0.0,0.0,1.3936040501711995e+18,7.805,0.0,0,0,4,0,8422,0.0,45,0.0,0.0,0.0,0.0,0.0,0,0,0,0,0.0,0,0,0,0,0,0,0,0,0,0,0,0,0,0,0,0,0,0,0,0,0,0,0,0,0,0,0,0,0,0,0,0,0,38,14,7,45,65476,0,300,0,0,8,21553,0.0,-107605600.0,0.0,0.0,0.0,0.0,0.0,0.0,0.0,0.0,0.0,0.0,0.0,0.0,0.0,0.0,0.0,0.0,0.0,0.0,0.0,0.0,0.0,2.004,-0.0,0.0,0.0,0.0,0.0,0.0,5019.0,3.697186133624698e+19,0.0,0.0,0.0,-107615280.0,2.718429300292151e+23,0.0,0.0,0.0,0.0,53,-0.0,0.0,0.0,0.0,0.0,0.0,0.0,0.0,0.0,0,0,0,0.0,0.0,0.0,0.0,0.0,0.0,0.0,0.0,0.0,0.0,0.0,0.0,0.0,0.0,0.0,0.0,0,-107875648.0,53,0.0,106,-107614832.0,0.0,ERR,ERR,ERR,ERR,ERR,ERR,ERR,ERR,ERR,ERR,ERR,ERR,ERR,ERR,ERR,ERR,ERR,ERR,ERR,ERR,ERR,ERR,ERR,ERR,ERR,ERR,ERR,ERR,ERR,ERR,ERR,ERR,ERR,ERR,ERR,ERR,ERR,ERR,ERR,ERR,ERR,ERR,ERR,ERR,ERR,ERR,ERR,ERR,ERR,ERR,ERR,ERR,ERR,ERR,ERR,ERR,ERR,ERR,ERR,ERR,ERR,ERR,ERR,ERR,ERR,ERR,ERR,50.0,60.0,100,0.0,0.0,0.0,0.0,0.0,0.0,0.0,0.0,0.0,0.0,0.0,0.0,0.0,0.0,0.0,0.0,61.6,73,14,65513,50,65476,0,300,0,0,8,20529,65476,0,0,26214,60.0,0.0,0.0,0.0,0.0,0.0
2026-05-17T18:36:56,ERR,ERR,ERR,ERR,ERR,ERR,ERR,ERR,ERR,ERR,ERR,ERR,ERR,ERR,ERR,ERR,ERR,ERR,ERR,ERR,ERR,ERR,ERR,ERR,ERR,ERR,ERR,ERR,ERR,ERR,ERR,ERR,ERR,ERR,ERR,ERR,ERR,ERR,ERR,ERR,ERR,ERR,ERR,ERR,ERR,ERR,ERR,ERR,ERR,ERR,ERR,ERR,ERR,ERR,ERR,ERR,ERR,ERR,ERR,ERR,ERR,ERR,ERR,ERR,ERR,ERR,ERR,ERR,ERR,ERR,ERR,ERR,ERR,ERR,ERR,ERR,ERR,ERR,ERR,ERR,ERR,ERR,ERR,ERR,ERR,ERR,ERR,ERR,ERR,ERR,ERR,ERR,ERR,ERR,ERR,ERR,ERR,ERR,ERR,ERR,ERR,ERR,ERR,ERR,ERR,ERR,ERR,ERR,ERR,ERR,ERR,ERR,ERR,ERR,ERR,ERR,ERR,ERR,ERR,ERR,ERR,ERR,ERR,ERR,ERR,0.0,0.0,0.0,0.0,0.0,1.3936040501711995e+18,7.805,0.0,0,0,4,0,8422,0.0,45,0.0,0.0,0.0,0.0,0.0,0,0,0,0,0.0,0,0,0,0,0,0,0,0,0,0,0,0,0,0,0,0,0,0,0,0,0,0,0,0,0,0,0,0,0,0,0,0,0,38,14,7,45,65476,0,300,0,0,8,21553,0.0,-107605600.0,0.0,0.0,0.0,0.0,0.0,0.0,0.0,0.0,0.0,0.0,0.0,0.0,0.0,0.0,0.0,0.0,0.0,0.0,0.0,0.0,0.0,2.004,-0.0,0.0,0.0,0.0,0.0,0.0,5019.0,3.697186133624698e+19,0.0,0.0,0.0,-107615280.0,2.718429300292151e+23,0.0,0.0,0.0,0.0,53,-0.0,0.0,0.0,0.0,0.0,0.0,0.0,0.0,0.0,0,0,0,0.0,0.0,0.0,0.0,0.0,0.0,0.0,0.0,0.0,0.0,0.0,0.0,0.0,0.0,0.0,0.0,0,-107875648.0,53,0.0,106,-107614832.0,0.0,ERR,ERR,ERR,ERR,ERR,ERR,ERR,ERR,ERR,ERR,ERR,ERR,ERR,ERR,ERR,ERR,ERR,ERR,ERR,ERR,ERR,ERR,ERR,ERR,ERR,ERR,ERR,ERR,ERR,ERR,ERR,ERR,ERR,ERR,ERR,ERR,ERR,ERR,ERR,ERR,ERR,ERR,ERR,ERR,ERR,ERR,ERR,ERR,ERR,ERR,ERR,ERR,ERR,ERR,ERR,ERR,ERR,ERR,ERR,ERR,ERR,ERR,ERR,ERR,ERR,ERR,ERR,50.0,60.0,100,0.0,0.0,0.0,0.0,0.0,0.0,0.0,0.0,0.0,0.0,0.0,0.0,0.0,0.0,0.0,0.0,61.6,73,14,65513,50,65476,0,300,0,0,8,20529,65476,0,0,26214,60.0,0.0,0.0,0.0,0.0,0.0
2026-05-17T18:36:57,ERR,ERR,ERR,ERR,ERR,ERR,ERR,ERR,ERR,ERR,ERR,ERR,ERR,ERR,ERR,ERR,ERR,ERR,ERR,ERR,ERR,ERR,ERR,ERR,ERR,ERR,ERR,ERR,ERR,ERR,ERR,ERR,ERR,ERR,ERR,ERR,ERR,ERR,ERR,ERR,ERR,ERR,ERR,ERR,ERR,ERR,ERR,ERR,ERR,ERR,ERR,ERR,ERR,ERR,ERR,ERR,ERR,ERR,ERR,ERR,ERR,ERR,ERR,ERR,ERR,ERR,ERR,ERR,ERR,ERR,ERR,ERR,ERR,ERR,ERR,ERR,ERR,ERR,ERR,ERR,ERR,ERR,ERR,ERR,ERR,ERR,ERR,ERR,ERR,ERR,ERR,ERR,ERR,ERR,ERR,ERR,ERR,ERR,ERR,ERR,ERR,ERR,ERR,ERR,ERR,ERR,ERR,ERR,ERR,ERR,ERR,ERR,ERR,ERR,ERR,ERR,ERR,ERR,ERR,ERR,ERR,ERR,ERR,ERR,ERR,0.0,0.0,0.0,0.0,0.0,1.3936040501711995e+18,7.805,0.0,0,0,4,0,8422,0.0,45,0.0,0.0,0.0,0.0,0.0,0,0,0,0,0.0,0,0,0,0,0,0,0,0,0,0,0,0,0,0,0,0,0,0,0,0,0,0,0,0,0,0,0,0,0,0,0,0,0,38,14,7,45,65476,0,300,0,0,8,21553,0.0,-107605600.0,0.0,0.0,0.0,0.0,0.0,0.0,0.0,0.0,0.0,0.0,0.0,0.0,0.0,0.0,0.0,0.0,0.0,0.0,0.0,0.0,0.0,2.004,-0.0,0.0,0.0,0.0,0.0,0.0,5019.0,3.697186133624698e+19,0.0,0.0,0.0,-107615280.0,2.718429300292151e+23,0.0,0.0,0.0,0.0,53,-0.0,0.0,0.0,0.0,0.0,0.0,0.0,0.0,0.0,0,0,0,0.0,0.0,0.0,0.0,0.0,0.0,0.0,0.0,0.0,0.0,0.0,0.0,0.0,0.0,0.0,0.0,0,-107875648.0,53,0.0,106,-107614832.0,0.0,ERR,ERR,ERR,ERR,ERR,ERR,ERR,ERR,ERR,ERR,ERR,ERR,ERR,ERR,ERR,ERR,ERR,ERR,ERR,ERR,ERR,ERR,ERR,ERR,ERR,ERR,ERR,ERR,ERR,ERR,ERR,ERR,ERR,ERR,ERR,ERR,ERR,ERR,ERR,ERR,ERR,ERR,ERR,ERR,ERR,ERR,ERR,ERR,ERR,ERR,ERR,ERR,ERR,ERR,ERR,ERR,ERR,ERR,ERR,ERR,ERR,ERR,ERR,ERR,ERR,ERR,ERR,50.0,60.0,100,0.0,0.0,0.0,0.0,0.0,0.0,0.0,0.0,0.0,0.0,0.0,0.0,0.0,0.0,0.0,0.0,61.6,73,14,65513,50,65476,0,300,0,0,8,20529,65476,0,0,26214,60.0,0.0,0.0,0.0,0.0,0.0
2026-05-17T18:36:58,ERR,ERR,ERR,ERR,ERR,ERR,ERR,ERR,ERR,ERR,ERR,ERR,ERR,ERR,ERR,ERR,ERR,ERR,ERR,ERR,ERR,ERR,ERR,ERR,ERR,ERR,ERR,ERR,ERR,ERR,ERR,ERR,ERR,ERR,ERR,ERR,ERR,ERR,ERR,ERR,ERR,ERR,ERR,ERR,ERR,ERR,ERR,ERR,ERR,ERR,ERR,ERR,ERR,ERR,ERR,ERR,ERR,ERR,ERR,ERR,ERR,ERR,ERR,ERR,ERR,ERR,ERR,ERR,ERR,ERR,ERR,ERR,ERR,ERR,ERR,ERR,ERR,ERR,ERR,ERR,ERR,ERR,ERR,ERR,ERR,ERR,ERR,ERR,ERR,ERR,ERR,ERR,ERR,ERR,ERR,ERR,ERR,ERR,ERR,ERR,ERR,ERR,ERR,ERR,ERR,ERR,ERR,ERR,ERR,ERR,ERR,ERR,ERR,ERR,ERR,ERR,ERR,ERR,ERR,ERR,ERR,ERR,ERR,ERR,ERR,0.0,0.0,0.0,0.0,0.0,1.3936040501711995e+18,7.805,0.0,0,0,4,0,8422,0.0,45,0.0,0.0,0.0,0.0,0.0,0,0,0,0,0.0,0,0,0,0,0,0,0,0,0,0,0,0,0,0,0,0,0,0,0,0,0,0,0,0,0,0,0,0,0,0,0,0,0,38,14,7,45,65476,0,300,0,0,8,21553,0.0,-107605600.0,0.0,0.0,0.0,0.0,0.0,0.0,0.0,0.0,0.0,0.0,0.0,0.0,0.0,0.0,0.0,0.0,0.0,0.0,0.0,0.0,0.0,2.004,-0.0,0.0,0.0,0.0,0.0,0.0,5019.0,3.697186133624698e+19,0.0,0.0,0.0,-107615280.0,2.718429300292151e+23,0.0,0.0,0.0,0.0,53,-0.0,0.0,0.0,0.0,0.0,0.0,0.0,0.0,0.0,0,0,0,0.0,0.0,0.0,0.0,0.0,0.0,0.0,0.0,0.0,0.0,0.0,0.0,0.0,0.0,0.0,0.0,0,-107875648.0,53,0.0,106,-107614832.0,0.0,ERR,ERR,ERR,ERR,ERR,ERR,ERR,ERR,ERR,ERR,ERR,ERR,ERR,ERR,ERR,ERR,ERR,ERR,ERR,ERR,ERR,ERR,ERR,ERR,ERR,ERR,ERR,ERR,ERR,ERR,ERR,ERR,ERR,ERR,ERR,ERR,ERR,ERR,ERR,ERR,ERR,ERR,ERR,ERR,ERR,ERR,ERR,ERR,ERR,ERR,ERR,ERR,ERR,ERR,ERR,ERR,ERR,ERR,ERR,ERR,ERR,ERR,ERR,ERR,ERR,ERR,ERR,50.0,60.0,100,0.0,0.0,0.0,0.0,0.0,0.0,0.0,0.0,0.0,0.0,0.0,0.0,0.0,0.0,0.0,0.0,61.6,73,14,65513,50,65476,0,300,0,0,8,20529,65476,0,0,26214,60.0,0.0,0.0,0.0,0.0,0.0
2026-05-17T18:36:59,ERR,ERR,ERR,ERR,ERR,ERR,ERR,ERR,ERR,ERR,ERR,ERR,ERR,ERR,ERR,ERR,ERR,ERR,ERR,ERR,ERR,ERR,ERR,ERR,ERR,ERR,ERR,ERR,ERR,ERR,ERR,ERR,ERR,ERR,ERR,ERR,ERR,ERR,ERR,ERR,ERR,ERR,ERR,ERR,ERR,ERR,ERR,ERR,ERR,ERR,ERR,ERR,ERR,ERR,ERR,ERR,ERR,ERR,ERR,ERR,ERR,ERR,ERR,ERR,ERR,ERR,ERR,ERR,ERR,ERR,ERR,ERR,ERR,ERR,ERR,ERR,ERR,ERR,ERR,ERR,ERR,ERR,ERR,ERR,ERR,ERR,ERR,ERR,ERR,ERR,ERR,ERR,ERR,ERR,ERR,ERR,ERR,ERR,ERR,ERR,ERR,ERR,ERR,ERR,ERR,ERR,ERR,ERR,ERR,ERR,ERR,ERR,ERR,ERR,ERR,ERR,ERR,ERR,ERR,ERR,ERR,ERR,ERR,ERR,ERR,0.0,0.0,0.0,0.0,0.0,1.3936040501711995e+18,7.805,0.0,0,0,4,0,8422,0.0,45,0.0,0.0,0.0,0.0,0.0,0,0,0,0,0.0,0,0,0,0,0,0,0,0,0,0,0,0,0,0,0,0,0,0,0,0,0,0,0,0,0,0,0,0,0,0,0,0,0,38,14,7,45,65476,0,300,0,0,8,21553,0.0,-107605600.0,0.0,0.0,0.0,0.0,0.0,0.0,0.0,0.0,0.0,0.0,0.0,0.0,0.0,0.0,0.0,0.0,0.0,0.0,0.0,0.0,0.0,2.004,-0.0,0.0,0.0,0.0,0.0,0.0,5018.0,-1.5879293531142762e+29,0.0,0.0,0.0,-107615280.0,2.718429300292151e+23,0.0,0.0,0.0,0.0,53,-0.0,-2.3088280513417105e+20,0.0,0.0,0.0,0.0,0.0,0.0,0.0,0,0,0,0.0,0.0,0.0,0.0,0.0,0.0,0.0,0.0,0.0,0.0,0.0,0.0,0.0,0.0,0.0,0.0,0,-107875648.0,53,0.0,106,-107614832.0,0.0,ERR,ERR,ERR,ERR,ERR,ERR,ERR,ERR,ERR,ERR,ERR,ERR,ERR,ERR,ERR,ERR,ERR,ERR,ERR,ERR,ERR,ERR,ERR,ERR,ERR,ERR,ERR,ERR,ERR,ERR,ERR,ERR,ERR,ERR,ERR,ERR,ERR,ERR,ERR,ERR,ERR,ERR,ERR,ERR,ERR,ERR,ERR,ERR,ERR,ERR,ERR,ERR,ERR,ERR,ERR,ERR,ERR,ERR,ERR,ERR,ERR,ERR,ERR,ERR,ERR,ERR,ERR,50.0,60.0,100,0.0,0.0,0.0,0.0,0.0,0.0,0.0,0.0,0.0,0.0,0.0,0.0,0.0,0.0,0.0,0.0,61.6,73,14,65513,50,65476,0,300,0,0,8,20529,65476,0,0,26214,60.0,0.0,0.0,0.0,0.0,0.0
2026-05-17T18:37:00,ERR,ERR,ERR,ERR,ERR,ERR,ERR,ERR,ERR,ERR,ERR,ERR,ERR,ERR,ERR,ERR,ERR,ERR,ERR,ERR,ERR,ERR,ERR,ERR,ERR,ERR,ERR,ERR,ERR,ERR,ERR,ERR,ERR,ERR,ERR,ERR,ERR,ERR,ERR,ERR,ERR,ERR,ERR,ERR,ERR,ERR,ERR,ERR,ERR,ERR,ERR,ERR,ERR,ERR,ERR,ERR,ERR,ERR,ERR,ERR,ERR,ERR,ERR,ERR,ERR,ERR,ERR,ERR,ERR,ERR,ERR,ERR,ERR,ERR,ERR,ERR,ERR,ERR,ERR,ERR,ERR,ERR,ERR,ERR,ERR,ERR,ERR,ERR,ERR,ERR,ERR,ERR,ERR,ERR,ERR,ERR,ERR,ERR,ERR,ERR,ERR,ERR,ERR,ERR,ERR,ERR,ERR,ERR,ERR,ERR,ERR,ERR,ERR,ERR,ERR,ERR,ERR,ERR,ERR,ERR,ERR,ERR,ERR,ERR,ERR,0.0,0.0,0.0,0.0,0.0,1.3936040501711995e+18,7.805,0.0,0,0,4,0,8422,0.0,45,0.0,0.0,0.0,0.0,0.0,0,0,0,0,0.0,0,0,0,0,0,0,0,0,0,0,0,0,0,0,0,0,0,0,0,0,0,0,0,0,0,0,0,0,0,0,0,0,0,38,14,7,45,65476,0,300,0,0,8,21553,0.0,-107605600.0,0.0,0.0,0.0,0.0,0.0,0.0,0.0,0.0,0.0,0.0,0.0,0.0,0.0,0.0,0.0,0.0,0.0,0.0,0.0,0.0,0.0,2.004,-0.0,0.0,0.0,0.0,0.0,0.0,5018.0,-1.5879293531142762e+29,0.0,0.0,0.0,-107615280.0,2.718429300292151e+23,0.0,0.0,0.0,0.0,53,-0.0,-2.3088280513417105e+20,0.0,0.0,0.0,0.0,0.0,0.0,0.0,0,0,0,0.0,0.0,0.0,0.0,0.0,0.0,0.0,0.0,0.0,0.0,0.0,0.0,0.0,0.0,0.0,0.0,0,-107875648.0,53,0.0,106,-107614832.0,0.0,ERR,ERR,ERR,ERR,ERR,ERR,ERR,ERR,ERR,ERR,ERR,ERR,ERR,ERR,ERR,ERR,ERR,ERR,ERR,ERR,ERR,ERR,ERR,ERR,ERR,ERR,ERR,ERR,ERR,ERR,ERR,ERR,ERR,ERR,ERR,ERR,ERR,ERR,ERR,ERR,ERR,ERR,ERR,ERR,ERR,ERR,ERR,ERR,ERR,ERR,ERR,ERR,ERR,ERR,ERR,ERR,ERR,ERR,ERR,ERR,ERR,ERR,ERR,ERR,ERR,ERR,ERR,50.0,60.0,100,0.0,0.0,0.0,0.0,0.0,0.0,0.0,0.0,0.0,0.0,0.0,0.0,0.0,0.0,0.0,0.0,61.6,73,14,65513,50,65476,0,300,0,0,8,20529,65476,0,0,26214,60.0,0.0,0.0,0.0,0.0,0.0
2026-05-17T18:37:01,ERR,ERR,ERR,ERR,ERR,ERR,ERR,ERR,ERR,ERR,ERR,ERR,ERR,ERR,ERR,ERR,ERR,ERR,ERR,ERR,ERR,ERR,ERR,ERR,ERR,ERR,ERR,ERR,ERR,ERR,ERR,ERR,ERR,ERR,ERR,ERR,ERR,ERR,ERR,ERR,ERR,ERR,ERR,ERR,ERR,ERR,ERR,ERR,ERR,ERR,ERR,ERR,ERR,ERR,ERR,ERR,ERR,ERR,ERR,ERR,ERR,ERR,ERR,ERR,ERR,ERR,ERR,ERR,ERR,ERR,ERR,ERR,ERR,ERR,ERR,ERR,ERR,ERR,ERR,ERR,ERR,ERR,ERR,ERR,ERR,ERR,ERR,ERR,ERR,ERR,ERR,ERR,ERR,ERR,ERR,ERR,ERR,ERR,ERR,ERR,ERR,ERR,ERR,ERR,ERR,ERR,ERR,ERR,ERR,ERR,ERR,ERR,ERR,ERR,ERR,ERR,ERR,ERR,ERR,ERR,ERR,ERR,ERR,ERR,ERR,0.0,0.0,0.0,0.0,0.0,1.3936040501711995e+18,7.805,0.0,0,0,4,0,8422,0.0,45,0.0,0.0,0.0,0.0,0.0,0,0,0,0,0.0,0,0,0,0,0,0,0,0,0,0,0,0,0,0,0,0,0,0,0,0,0,0,0,0,0,0,0,0,0,0,0,0,0,38,14,7,45,65476,0,300,0,0,8,21553,0.0,-107605600.0,0.0,0.0,0.0,0.0,0.0,0.0,0.0,0.0,0.0,0.0,0.0,0.0,0.0,0.0,0.0,0.0,0.0,0.0,0.0,0.0,0.0,2.004,-0.0,0.0,0.0,0.0,0.0,0.0,5018.0,-1.5879293531142762e+29,0.0,0.0,0.0,-107615280.0,2.718429300292151e+23,0.0,0.0,0.0,0.0,53,-0.0,-2.3088280513417105e+20,0.0,0.0,0.0,0.0,0.0,0.0,0.0,0,0,0,0.0,0.0,0.0,0.0,0.0,0.0,0.0,0.0,0.0,0.0,0.0,0.0,0.0,0.0,0.0,0.0,0,-107875648.0,53,0.0,106,-107614832.0,0.0,ERR,ERR,ERR,ERR,ERR,ERR,ERR,ERR,ERR,ERR,ERR,ERR,ERR,ERR,ERR,ERR,ERR,ERR,ERR,ERR,ERR,ERR,ERR,ERR,ERR,ERR,ERR,ERR,ERR,ERR,ERR,ERR,ERR,ERR,ERR,ERR,ERR,ERR,ERR,ERR,ERR,ERR,ERR,ERR,ERR,ERR,ERR,ERR,ERR,ERR,ERR,ERR,ERR,ERR,ERR,ERR,ERR,ERR,ERR,ERR,ERR,ERR,ERR,ERR,ERR,ERR,ERR,50.0,60.0,100,0.0,0.0,0.0,0.0,0.0,0.0,0.0,0.0,0.0,0.0,0.0,0.0,0.0,0.0,0.0,0.0,61.6,73,14,65513,50,65476,0,300,0,0,8,20529,65476,0,0,26214,60.0,0.0,0.0,0.0,0.0,0.0
2026-05-17T18:37:02,ERR,ERR,ERR,ERR,ERR,ERR,ERR,ERR,ERR,ERR,ERR,ERR,ERR,ERR,ERR,ERR,ERR,ERR,ERR,ERR,ERR,ERR,ERR,ERR,ERR,ERR,ERR,ERR,ERR,ERR,ERR,ERR,ERR,ERR,ERR,ERR,ERR,ERR,ERR,ERR,ERR,ERR,ERR,ERR,ERR,ERR,ERR,ERR,ERR,ERR,ERR,ERR,ERR,ERR,ERR,ERR,ERR,ERR,ERR,ERR,ERR,ERR,ERR,ERR,ERR,ERR,ERR,ERR,ERR,ERR,ERR,ERR,ERR,ERR,ERR,ERR,ERR,ERR,ERR,ERR,ERR,ERR,ERR,ERR,ERR,ERR,ERR,ERR,ERR,ERR,ERR,ERR,ERR,ERR,ERR,ERR,ERR,ERR,ERR,ERR,ERR,ERR,ERR,ERR,ERR,ERR,ERR,ERR,ERR,ERR,ERR,ERR,ERR,ERR,ERR,ERR,ERR,ERR,ERR,ERR,ERR,ERR,ERR,ERR,ERR,0.0,0.0,0.0,0.0,0.0,1.3936040501711995e+18,7.805,0.0,0,0,4,0,8422,0.0,45,0.0,0.0,0.0,0.0,0.0,0,0,0,0,0.0,0,0,0,0,0,0,0,0,0,0,0,0,0,0,0,0,0,0,0,0,0,0,0,0,0,0,0,0,0,0,0,0,0,38,14,7,45,65476,0,300,0,0,8,21553,0.0,-107605600.0,0.0,0.0,0.0,0.0,0.0,0.0,0.0,0.0,0.0,0.0,0.0,0.0,0.0,0.0,0.0,0.0,0.0,0.0,0.0,0.0,0.0,2.004,-0.0,0.0,0.0,0.0,0.0,0.0,5018.0,-1.5879293531142762e+29,0.0,0.0,0.0,-107615280.0,2.718429300292151e+23,0.0,0.0,0.0,0.0,53,-0.0,-2.3088280513417105e+20,0.0,0.0,0.0,0.0,0.0,0.0,0.0,0,0,0,0.0,0.0,0.0,0.0,0.0,0.0,0.0,0.0,0.0,0.0,0.0,0.0,0.0,0.0,0.0,0.0,0,-107875648.0,53,0.0,106,-107614832.0,0.0,ERR,ERR,ERR,ERR,ERR,ERR,ERR,ERR,ERR,ERR,ERR,ERR,ERR,ERR,ERR,ERR,ERR,ERR,ERR,ERR,ERR,ERR,ERR,ERR,ERR,ERR,ERR,ERR,ERR,ERR,ERR,ERR,ERR,ERR,ERR,ERR,ERR,ERR,ERR,ERR,ERR,ERR,ERR,ERR,ERR,ERR,ERR,ERR,ERR,ERR,ERR,ERR,ERR,ERR,ERR,ERR,ERR,ERR,ERR,ERR,ERR,ERR,ERR,ERR,ERR,ERR,ERR,50.0,60.0,100,0.0,0.0,0.0,0.0,0.0,0.0,0.0,0.0,0.0,0.0,0.0,0.0,0.0,0.0,0.0,0.0,61.6,73,14,65513,50,65476,0,300,0,0,8,20529,65476,0,0,26214,60.0,0.0,0.0,0.0,0.0,0.0
2026-05-17T18:37:03,ERR,ERR,ERR,ERR,ERR,ERR,ERR,ERR,ERR,ERR,ERR,ERR,ERR,ERR,ERR,ERR,ERR,ERR,ERR,ERR,ERR,ERR,ERR,ERR,ERR,ERR,ERR,ERR,ERR,ERR,ERR,ERR,ERR,ERR,ERR,ERR,ERR,ERR,ERR,ERR,ERR,ERR,ERR,ERR,ERR,ERR,ERR,ERR,ERR,ERR,ERR,ERR,ERR,ERR,ERR,ERR,ERR,ERR,ERR,ERR,ERR,ERR,ERR,ERR,ERR,ERR,ERR,ERR,ERR,ERR,ERR,ERR,ERR,ERR,ERR,ERR,ERR,ERR,ERR,ERR,ERR,ERR,ERR,ERR,ERR,ERR,ERR,ERR,ERR,ERR,ERR,ERR,ERR,ERR,ERR,ERR,ERR,ERR,ERR,ERR,ERR,ERR,ERR,ERR,ERR,ERR,ERR,ERR,ERR,ERR,ERR,ERR,ERR,ERR,ERR,ERR,ERR,ERR,ERR,ERR,ERR,ERR,ERR,ERR,ERR,0.0,0.0,0.0,0.0,0.0,1.3936040501711995e+18,7.805,0.0,0,0,4,0,8422,0.0,45,0.0,0.0,0.0,0.0,0.0,0,0,0,0,0.0,0,0,0,0,0,0,0,0,0,0,0,0,0,0,0,0,0,0,0,0,0,0,0,0,0,0,0,0,0,0,0,0,0,38,14,7,45,65476,0,300,0,0,8,21553,0.0,-107605600.0,0.0,0.0,0.0,0.0,0.0,0.0,0.0,0.0,0.0,0.0,0.0,0.0,0.0,0.0,0.0,0.0,0.0,0.0,0.0,0.0,0.0,2.004,-0.0,0.0,0.0,0.0,0.0,0.0,5018.0,-1.5879293531142762e+29,0.0,0.0,0.0,-107615280.0,2.718429300292151e+23,0.0,0.0,0.0,0.0,53,-0.0,-2.3088280513417105e+20,0.0,0.0,0.0,0.0,0.0,0.0,0.0,0,0,0,0.0,0.0,0.0,0.0,0.0,0.0,0.0,0.0,0.0,0.0,0.0,0.0,0.0,0.0,0.0,0.0,0,-107875648.0,53,0.0,106,-107614832.0,0.0,ERR,ERR,ERR,ERR,ERR,ERR,ERR,ERR,ERR,ERR,ERR,ERR,ERR,ERR,ERR,ERR,ERR,ERR,ERR,ERR,ERR,ERR,ERR,ERR,ERR,ERR,ERR,ERR,ERR,ERR,ERR,ERR,ERR,ERR,ERR,ERR,ERR,ERR,ERR,ERR,ERR,ERR,ERR,ERR,ERR,ERR,ERR,ERR,ERR,ERR,ERR,ERR,ERR,ERR,ERR,ERR,ERR,ERR,ERR,ERR,ERR,ERR,ERR,ERR,ERR,ERR,ERR,50.0,60.0,100,0.0,0.0,0.0,0.0,0.0,0.0,0.0,0.0,0.0,0.0,0.0,0.0,0.0,0.0,0.0,0.0,61.6,73,14,65513,50,65476,0,300,0,0,8,20529,65476,0,0,26214,60.0,0.0,0.0,0.0,0.0,0.0
2026-05-17T18:37:04,ERR,ERR,ERR,ERR,ERR,ERR,ERR,ERR,ERR,ERR,ERR,ERR,ERR,ERR,ERR,ERR,ERR,ERR,ERR,ERR,ERR,ERR,ERR,ERR,ERR,ERR,ERR,ERR,ERR,ERR,ERR,ERR,ERR,ERR,ERR,ERR,ERR,ERR,ERR,ERR,ERR,ERR,ERR,ERR,ERR,ERR,ERR,ERR,ERR,ERR,ERR,ERR,ERR,ERR,ERR,ERR,ERR,ERR,ERR,ERR,ERR,ERR,ERR,ERR,ERR,ERR,ERR,ERR,ERR,ERR,ERR,ERR,ERR,ERR,ERR,ERR,ERR,ERR,ERR,ERR,ERR,ERR,ERR,ERR,ERR,ERR,ERR,ERR,ERR,ERR,ERR,ERR,ERR,ERR,ERR,ERR,ERR,ERR,ERR,ERR,ERR,ERR,ERR,ERR,ERR,ERR,ERR,ERR,ERR,ERR,ERR,ERR,ERR,ERR,ERR,ERR,ERR,ERR,ERR,ERR,ERR,ERR,ERR,ERR,ERR,0.0,0.0,-134474944.0,0.0,0.0,1.3936040501711995e+18,7.805,0.0,0,0,4,0,8422,0.0,45,0.0,0.0,0.0,0.0,0.0,0,0,0,0,0.0,0,0,0,0,0,0,0,0,0,0,0,0,0,0,0,0,0,0,0,0,0,0,0,0,0,0,0,0,0,0,0,0,0,38,14,7,45,65476,0,300,0,0,8,21553,0.0,-107605600.0,0.0,0.0,0.0,0.0,0.0,0.0,0.0,0.0,0.0,0.0,0.0,0.0,0.0,0.0,0.0,0.0,0.0,0.0,0.0,0.0,0.0,2.004,-0.0,0.0,0.0,0.0,0.0,0.0,5044.0,0.0,0.0,0.0,0.0,-107615280.0,2.718429300292151e+23,0.0,0.0,0.0,0.0,53,5.848083413016271e+35,0.0,0.0,0.0,0.0,0.0,0.0,0.0,0.0,0,0,0,0.0,0.0,0.0,0.0,0.0,0.0,0.0,0.0,0.0,0.0,0.0,0.0,0.0,0.0,0.0,0.0,0,-107875648.0,53,0.0,106,-107614832.0,0.0,ERR,ERR,ERR,ERR,ERR,ERR,ERR,ERR,ERR,ERR,ERR,ERR,ERR,ERR,ERR,ERR,ERR,ERR,ERR,ERR,ERR,ERR,ERR,ERR,ERR,ERR,ERR,ERR,ERR,ERR,ERR,ERR,ERR,ERR,ERR,ERR,ERR,ERR,ERR,ERR,ERR,ERR,ERR,ERR,ERR,ERR,ERR,ERR,ERR,ERR,ERR,ERR,ERR,ERR,ERR,ERR,ERR,ERR,ERR,ERR,ERR,ERR,ERR,ERR,ERR,ERR,ERR,50.0,60.0,100,0.0,0.0,0.0,0.0,0.0,0.0,0.0,0.0,0.0,0.0,0.0,0.0,0.0,0.0,0.0,0.0,61.6,73,14,65513,50,65476,0,300,0,0,8,20529,65476,0,0,26214,60.0,0.0,0.0,0.0,0.0,0.0
2026-05-17T18:37:05,ERR,ERR,ERR,ERR,ERR,ERR,ERR,ERR,ERR,ERR,ERR,ERR,ERR,ERR,ERR,ERR,ERR,ERR,ERR,ERR,ERR,ERR,ERR,ERR,ERR,ERR,ERR,ERR,ERR,ERR,ERR,ERR,ERR,ERR,ERR,ERR,ERR,ERR,ERR,ERR,ERR,ERR,ERR,ERR,ERR,ERR,ERR,ERR,ERR,ERR,ERR,ERR,ERR,ERR,ERR,ERR,ERR,ERR,ERR,ERR,ERR,ERR,ERR,ERR,ERR,ERR,ERR,ERR,ERR,ERR,ERR,ERR,ERR,ERR,ERR,ERR,ERR,ERR,ERR,ERR,ERR,ERR,ERR,ERR,ERR,ERR,ERR,ERR,ERR,ERR,ERR,ERR,ERR,ERR,ERR,ERR,ERR,ERR,ERR,ERR,ERR,ERR,ERR,ERR,ERR,ERR,ERR,ERR,ERR,ERR,ERR,ERR,ERR,ERR,ERR,ERR,ERR,ERR,ERR,ERR,ERR,ERR,ERR,ERR,ERR,0.0,0.0,-134474944.0,0.0,0.0,1.3936040501711995e+18,7.805,0.0,0,0,4,0,8422,0.0,45,0.0,0.0,0.0,0.0,0.0,0,0,0,0,0.0,0,0,0,0,0,0,0,0,0,0,0,0,0,0,0,0,0,0,0,0,0,0,0,0,0,0,0,0,0,0,0,0,0,38,14,7,45,65476,0,300,0,0,8,21553,0.0,-107605600.0,0.0,0.0,0.0,0.0,0.0,0.0,0.0,0.0,0.0,0.0,0.0,0.0,0.0,0.0,0.0,0.0,0.0,0.0,0.0,0.0,0.0,2.004,-0.0,0.0,0.0,0.0,0.0,0.0,5044.0,0.0,0.0,0.0,0.0,-107615280.0,2.718429300292151e+23,0.0,0.0,0.0,0.0,53,5.848083413016271e+35,0.0,0.0,0.0,0.0,0.0,0.0,0.0,0.0,0,0,0,0.0,0.0,0.0,0.0,0.0,0.0,0.0,0.0,0.0,0.0,0.0,0.0,0.0,0.0,0.0,0.0,0,-107875648.0,53,0.0,106,-107614832.0,0.0,ERR,ERR,ERR,ERR,ERR,ERR,ERR,ERR,ERR,ERR,ERR,ERR,ERR,ERR,ERR,ERR,ERR,ERR,ERR,ERR,ERR,ERR,ERR,ERR,ERR,ERR,ERR,ERR,ERR,ERR,ERR,ERR,ERR,ERR,ERR,ERR,ERR,ERR,ERR,ERR,ERR,ERR,ERR,ERR,ERR,ERR,ERR,ERR,ERR,ERR,ERR,ERR,ERR,ERR,ERR,ERR,ERR,ERR,ERR,ERR,ERR,ERR,ERR,ERR,ERR,ERR,ERR,50.0,60.0,100,0.0,0.0,0.0,0.0,0.0,0.0,0.0,0.0,0.0,0.0,0.0,0.0,0.0,0.0,0.0,0.0,61.6,73,14,65513,50,65476,0,300,0,0,8,20529,65476,0,0,26214,60.0,0.0,0.0,0.0,0.0,0.0
2026-05-17T18:37:06,ERR,ERR,ERR,ERR,ERR,ERR,ERR,ERR,ERR,ERR,ERR,ERR,ERR,ERR,ERR,ERR,ERR,ERR,ERR,ERR,ERR,ERR,ERR,ERR,ERR,ERR,ERR,ERR,ERR,ERR,ERR,ERR,ERR,ERR,ERR,ERR,ERR,ERR,ERR,ERR,ERR,ERR,ERR,ERR,ERR,ERR,ERR,ERR,ERR,ERR,ERR,ERR,ERR,ERR,ERR,ERR,ERR,ERR,ERR,ERR,ERR,ERR,ERR,ERR,ERR,ERR,ERR,ERR,ERR,ERR,ERR,ERR,ERR,ERR,ERR,ERR,ERR,ERR,ERR,ERR,ERR,ERR,ERR,ERR,ERR,ERR,ERR,ERR,ERR,ERR,ERR,ERR,ERR,ERR,ERR,ERR,ERR,ERR,ERR,ERR,ERR,ERR,ERR,ERR,ERR,ERR,ERR,ERR,ERR,ERR,ERR,ERR,ERR,ERR,ERR,ERR,ERR,ERR,ERR,ERR,ERR,ERR,ERR,ERR,ERR,0.0,0.0,-134474944.0,0.0,0.0,1.3936040501711995e+18,7.805,0.0,0,0,4,0,8422,0.0,45,0.0,0.0,0.0,0.0,0.0,0,0,0,0,0.0,0,0,0,0,0,0,0,0,0,0,0,0,0,0,0,0,0,0,0,0,0,0,0,0,0,0,0,0,0,0,0,0,0,38,14,7,45,65476,0,300,0,0,8,21553,0.0,-107605600.0,0.0,0.0,0.0,0.0,0.0,0.0,0.0,0.0,0.0,0.0,0.0,0.0,0.0,0.0,0.0,0.0,0.0,0.0,0.0,0.0,0.0,2.004,-0.0,0.0,0.0,0.0,0.0,0.0,5044.0,0.0,0.0,0.0,0.0,-107615280.0,2.718429300292151e+23,0.0,0.0,0.0,0.0,53,5.848083413016271e+35,0.0,0.0,0.0,0.0,0.0,0.0,0.0,0.0,0,0,0,0.0,0.0,0.0,0.0,0.0,0.0,0.0,0.0,0.0,0.0,0.0,0.0,0.0,0.0,0.0,0.0,0,-107875648.0,53,0.0,106,-107614832.0,0.0,ERR,ERR,ERR,ERR,ERR,ERR,ERR,ERR,ERR,ERR,ERR,ERR,ERR,ERR,ERR,ERR,ERR,ERR,ERR,ERR,ERR,ERR,ERR,ERR,ERR,ERR,ERR,ERR,ERR,ERR,ERR,ERR,ERR,ERR,ERR,ERR,ERR,ERR,ERR,ERR,ERR,ERR,ERR,ERR,ERR,ERR,ERR,ERR,ERR,ERR,ERR,ERR,ERR,ERR,ERR,ERR,ERR,ERR,ERR,ERR,ERR,ERR,ERR,ERR,ERR,ERR,ERR,50.0,60.0,100,0.0,0.0,0.0,0.0,0.0,0.0,0.0,0.0,0.0,0.0,0.0,0.0,0.0,0.0,0.0,0.0,61.6,73,14,65513,50,65476,0,300,0,0,8,20529,65476,0,0,26214,60.0,0.0,0.0,0.0,0.0,0.0
2026-05-17T18:37:07,ERR,ERR,ERR,ERR,ERR,ERR,ERR,ERR,ERR,ERR,ERR,ERR,ERR,ERR,ERR,ERR,ERR,ERR,ERR,ERR,ERR,ERR,ERR,ERR,ERR,ERR,ERR,ERR,ERR,ERR,ERR,ERR,ERR,ERR,ERR,ERR,ERR,ERR,ERR,ERR,ERR,ERR,ERR,ERR,ERR,ERR,ERR,ERR,ERR,ERR,ERR,ERR,ERR,ERR,ERR,ERR,ERR,ERR,ERR,ERR,ERR,ERR,ERR,ERR,ERR,ERR,ERR,ERR,ERR,ERR,ERR,ERR,ERR,ERR,ERR,ERR,ERR,ERR,ERR,ERR,ERR,ERR,ERR,ERR,ERR,ERR,ERR,ERR,ERR,ERR,ERR,ERR,ERR,ERR,ERR,ERR,ERR,ERR,ERR,ERR,ERR,ERR,ERR,ERR,ERR,ERR,ERR,ERR,ERR,ERR,ERR,ERR,ERR,ERR,ERR,ERR,ERR,ERR,ERR,ERR,ERR,ERR,ERR,ERR,ERR,0.0,0.0,-134474944.0,0.0,0.0,1.3936040501711995e+18,7.805,0.0,0,0,4,0,8422,0.0,45,0.0,0.0,0.0,0.0,0.0,0,0,0,0,0.0,0,0,0,0,0,0,0,0,0,0,0,0,0,0,0,0,0,0,0,0,0,0,0,0,0,0,0,0,0,0,0,0,0,38,14,7,45,65476,0,300,0,0,8,21553,0.0,-107605600.0,0.0,0.0,0.0,0.0,0.0,0.0,0.0,0.0,0.0,0.0,0.0,0.0,0.0,0.0,0.0,0.0,0.0,0.0,0.0,0.0,0.0,2.004,-0.0,0.0,0.0,0.0,0.0,0.0,5044.0,0.0,0.0,0.0,0.0,-107615280.0,2.718429300292151e+23,0.0,0.0,0.0,0.0,53,5.848083413016271e+35,0.0,0.0,0.0,0.0,0.0,0.0,0.0,0.0,0,0,0,0.0,0.0,0.0,0.0,0.0,0.0,0.0,0.0,0.0,0.0,0.0,0.0,0.0,0.0,0.0,0.0,0,-107875648.0,53,0.0,106,-107614832.0,0.0,ERR,ERR,ERR,ERR,ERR,ERR,ERR,ERR,ERR,ERR,ERR,ERR,ERR,ERR,ERR,ERR,ERR,ERR,ERR,ERR,ERR,ERR,ERR,ERR,ERR,ERR,ERR,ERR,ERR,ERR,ERR,ERR,ERR,ERR,ERR,ERR,ERR,ERR,ERR,ERR,ERR,ERR,ERR,ERR,ERR,ERR,ERR,ERR,ERR,ERR,ERR,ERR,ERR,ERR,ERR,ERR,ERR,ERR,ERR,ERR,ERR,ERR,ERR,ERR,ERR,ERR,ERR,50.0,60.0,100,0.0,0.0,0.0,0.0,0.0,0.0,0.0,0.0,0.0,0.0,0.0,0.0,0.0,0.0,0.0,0.0,61.6,73,14,65513,50,65476,0,300,0,0,8,20529,65476,0,0,26214,60.0,0.0,0.0,0.0,0.0,0.0
2026-05-17T18:37:08,ERR,ERR,ERR,ERR,ERR,ERR,ERR,ERR,ERR,ERR,ERR,ERR,ERR,ERR,ERR,ERR,ERR,ERR,ERR,ERR,ERR,ERR,ERR,ERR,ERR,ERR,ERR,ERR,ERR,ERR,ERR,ERR,ERR,ERR,ERR,ERR,ERR,ERR,ERR,ERR,ERR,ERR,ERR,ERR,ERR,ERR,ERR,ERR,ERR,ERR,ERR,ERR,ERR,ERR,ERR,ERR,ERR,ERR,ERR,ERR,ERR,ERR,ERR,ERR,ERR,ERR,ERR,ERR,ERR,ERR,ERR,ERR,ERR,ERR,ERR,ERR,ERR,ERR,ERR,ERR,ERR,ERR,ERR,ERR,ERR,ERR,ERR,ERR,ERR,ERR,ERR,ERR,ERR,ERR,ERR,ERR,ERR,ERR,ERR,ERR,ERR,ERR,ERR,ERR,ERR,ERR,ERR,ERR,ERR,ERR,ERR,ERR,ERR,ERR,ERR,ERR,ERR,ERR,ERR,ERR,ERR,ERR,ERR,ERR,ERR,0.0,0.0,-134474944.0,0.0,0.0,1.3936040501711995e+18,7.805,0.0,0,0,4,0,8422,0.0,45,0.0,0.0,0.0,0.0,0.0,0,0,0,0,0.0,0,0,0,0,0,0,0,0,0,0,0,0,0,0,0,0,0,0,0,0,0,0,0,0,0,0,0,0,0,0,0,0,0,38,14,7,45,65476,0,300,0,0,8,21553,0.0,-107605600.0,0.0,0.0,0.0,0.0,0.0,0.0,0.0,0.0,0.0,0.0,0.0,0.0,0.0,0.0,0.0,0.0,0.0,0.0,0.0,0.0,0.0,2.004,-0.0,0.0,0.0,0.0,0.0,0.0,5044.0,0.0,0.0,0.0,0.0,-107615280.0,2.718429300292151e+23,0.0,0.0,0.0,0.0,53,5.848083413016271e+35,0.0,0.0,0.0,0.0,0.0,0.0,0.0,0.0,0,0,0,0.0,0.0,0.0,0.0,0.0,0.0,0.0,0.0,0.0,0.0,0.0,0.0,0.0,0.0,0.0,0.0,0,-107875648.0,53,0.0,106,-107614832.0,0.0,ERR,ERR,ERR,ERR,ERR,ERR,ERR,ERR,ERR,ERR,ERR,ERR,ERR,ERR,ERR,ERR,ERR,ERR,ERR,ERR,ERR,ERR,ERR,ERR,ERR,ERR,ERR,ERR,ERR,ERR,ERR,ERR,ERR,ERR,ERR,ERR,ERR,ERR,ERR,ERR,ERR,ERR,ERR,ERR,ERR,ERR,ERR,ERR,ERR,ERR,ERR,ERR,ERR,ERR,ERR,ERR,ERR,ERR,ERR,ERR,ERR,ERR,ERR,ERR,ERR,ERR,ERR,50.0,60.0,100,0.0,0.0,0.0,0.0,0.0,0.0,0.0,0.0,0.0,0.0,0.0,0.0,0.0,0.0,0.0,0.0,61.6,73,14,65513,50,65476,0,300,0,0,8,20529,65476,0,0,26214,60.0,0.0,0.0,0.0,0.0,0.0
2026-05-17T18:37:09,ERR,ERR,ERR,ERR,ERR,ERR,ERR,ERR,ERR,ERR,ERR,ERR,ERR,ERR,ERR,ERR,ERR,ERR,ERR,ERR,ERR,ERR,ERR,ERR,ERR,ERR,ERR,ERR,ERR,ERR,ERR,ERR,ERR,ERR,ERR,ERR,ERR,ERR,ERR,ERR,ERR,ERR,ERR,ERR,ERR,ERR,ERR,ERR,ERR,ERR,ERR,ERR,ERR,ERR,ERR,ERR,ERR,ERR,ERR,ERR,ERR,ERR,ERR,ERR,ERR,ERR,ERR,ERR,ERR,ERR,ERR,ERR,ERR,ERR,ERR,ERR,ERR,ERR,ERR,ERR,ERR,ERR,ERR,ERR,ERR,ERR,ERR,ERR,ERR,ERR,ERR,ERR,ERR,ERR,ERR,ERR,ERR,ERR,ERR,ERR,ERR,ERR,ERR,ERR,ERR,ERR,ERR,ERR,ERR,ERR,ERR,ERR,ERR,ERR,ERR,ERR,ERR,ERR,ERR,ERR,ERR,ERR,ERR,ERR,ERR,0.0,0.0,0.0,0.0,0.0,1.3936040501711995e+18,7.805,0.0,0,0,4,0,8422,0.0,45,0.0,0.0,0.0,0.0,0.0,0,0,0,0,0.0,0,0,0,0,0,0,0,0,0,0,0,0,0,0,0,0,0,0,0,0,0,0,0,0,0,0,0,0,0,0,0,0,0,38,14,7,45,65476,0,300,0,0,8,21553,0.0,-107605600.0,0.0,0.0,0.0,0.0,0.0,0.0,0.0,0.0,0.0,0.0,0.0,0.0,0.0,0.0,0.0,0.0,0.0,0.0,0.0,0.0,0.0,2.004,-0.0,0.0,0.0,0.0,0.0,0.0,5046.0,0.0,0.0,0.0,0.0,-107615280.0,2.718429300292151e+23,0.0,0.0,0.0,0.0,53,-0.0,0.0,0.0,0.0,0.0,0.0,0.0,0.0,0.0,0,0,0,0.0,0.0,0.0,0.0,0.0,0.0,0.0,0.0,0.0,0.0,0.0,0.0,0.0,0.0,0.0,0.0,0,-107875648.0,53,0.0,106,-107614832.0,0.0,ERR,ERR,ERR,ERR,ERR,ERR,ERR,ERR,ERR,ERR,ERR,ERR,ERR,ERR,ERR,ERR,ERR,ERR,ERR,ERR,ERR,ERR,ERR,ERR,ERR,ERR,ERR,ERR,ERR,ERR,ERR,ERR,ERR,ERR,ERR,ERR,ERR,ERR,ERR,ERR,ERR,ERR,ERR,ERR,ERR,ERR,ERR,ERR,ERR,ERR,ERR,ERR,ERR,ERR,ERR,ERR,ERR,ERR,ERR,ERR,ERR,ERR,ERR,ERR,ERR,ERR,ERR,50.0,60.0,100,0.0,0.0,0.0,0.0,0.0,0.0,0.0,0.0,0.0,0.0,0.0,0.0,0.0,0.0,0.0,0.0,62.0,73,14,65513,50,65476,0,300,0,0,8,20529,65476,0,0,26214,60.0,0.0,0.0,0.0,0.0,0.0
2026-05-17T18:37:10,ERR,ERR,ERR,ERR,ERR,ERR,ERR,ERR,ERR,ERR,ERR,ERR,ERR,ERR,ERR,ERR,ERR,ERR,ERR,ERR,ERR,ERR,ERR,ERR,ERR,ERR,ERR,ERR,ERR,ERR,ERR,ERR,ERR,ERR,ERR,ERR,ERR,ERR,ERR,ERR,ERR,ERR,ERR,ERR,ERR,ERR,ERR,ERR,ERR,ERR,ERR,ERR,ERR,ERR,ERR,ERR,ERR,ERR,ERR,ERR,ERR,ERR,ERR,ERR,ERR,ERR,ERR,ERR,ERR,ERR,ERR,ERR,ERR,ERR,ERR,ERR,ERR,ERR,ERR,ERR,ERR,ERR,ERR,ERR,ERR,ERR,ERR,ERR,ERR,ERR,ERR,ERR,ERR,ERR,ERR,ERR,ERR,ERR,ERR,ERR,ERR,ERR,ERR,ERR,ERR,ERR,ERR,ERR,ERR,ERR,ERR,ERR,ERR,ERR,ERR,ERR,ERR,ERR,ERR,ERR,ERR,ERR,ERR,ERR,ERR,0.0,0.0,0.0,0.0,0.0,1.3936040501711995e+18,7.805,0.0,0,0,4,0,8422,0.0,45,0.0,0.0,0.0,0.0,0.0,0,0,0,0,0.0,0,0,0,0,0,0,0,0,0,0,0,0,0,0,0,0,0,0,0,0,0,0,0,0,0,0,0,0,0,0,0,0,0,38,14,7,45,65476,0,300,0,0,8,21553,0.0,-107605600.0,0.0,0.0,0.0,0.0,0.0,0.0,0.0,0.0,0.0,0.0,0.0,0.0,0.0,0.0,0.0,0.0,0.0,0.0,0.0,0.0,0.0,2.004,-0.0,0.0,0.0,0.0,0.0,0.0,5046.0,0.0,0.0,0.0,0.0,-107615280.0,2.718429300292151e+23,0.0,0.0,0.0,0.0,53,-0.0,0.0,0.0,0.0,0.0,0.0,0.0,0.0,0.0,0,0,0,0.0,0.0,0.0,0.0,0.0,0.0,0.0,0.0,0.0,0.0,0.0,0.0,0.0,0.0,0.0,0.0,0,-107875648.0,53,0.0,106,-107614832.0,0.0,ERR,ERR,ERR,ERR,ERR,ERR,ERR,ERR,ERR,ERR,ERR,ERR,ERR,ERR,ERR,ERR,ERR,ERR,ERR,ERR,ERR,ERR,ERR,ERR,ERR,ERR,ERR,ERR,ERR,ERR,ERR,ERR,ERR,ERR,ERR,ERR,ERR,ERR,ERR,ERR,ERR,ERR,ERR,ERR,ERR,ERR,ERR,ERR,ERR,ERR,ERR,ERR,ERR,ERR,ERR,ERR,ERR,ERR,ERR,ERR,ERR,ERR,ERR,ERR,ERR,ERR,ERR,50.0,60.0,100,0.0,0.0,0.0,0.0,0.0,0.0,0.0,0.0,0.0,0.0,0.0,0.0,0.0,0.0,0.0,0.0,61.6,73,14,65513,50,65476,0,300,0,0,8,20529,65476,0,0,26214,60.0,0.0,0.0,0.0,0.0,0.0
2026-05-17T18:37:11,ERR,ERR,ERR,ERR,ERR,ERR,ERR,ERR,ERR,ERR,ERR,ERR,ERR,ERR,ERR,ERR,ERR,ERR,ERR,ERR,ERR,ERR,ERR,ERR,ERR,ERR,ERR,ERR,ERR,ERR,ERR,ERR,ERR,ERR,ERR,ERR,ERR,ERR,ERR,ERR,ERR,ERR,ERR,ERR,ERR,ERR,ERR,ERR,ERR,ERR,ERR,ERR,ERR,ERR,ERR,ERR,ERR,ERR,ERR,ERR,ERR,ERR,ERR,ERR,ERR,ERR,ERR,ERR,ERR,ERR,ERR,ERR,ERR,ERR,ERR,ERR,ERR,ERR,ERR,ERR,ERR,ERR,ERR,ERR,ERR,ERR,ERR,ERR,ERR,ERR,ERR,ERR,ERR,ERR,ERR,ERR,ERR,ERR,ERR,ERR,ERR,ERR,ERR,ERR,ERR,ERR,ERR,ERR,ERR,ERR,ERR,ERR,ERR,ERR,ERR,ERR,ERR,ERR,ERR,ERR,ERR,ERR,ERR,ERR,ERR,0.0,0.0,0.0,0.0,0.0,1.3936040501711995e+18,7.805,0.0,0,0,4,0,8422,0.0,45,0.0,0.0,0.0,0.0,0.0,0,0,0,0,0.0,0,0,0,0,0,0,0,0,0,0,0,0,0,0,0,0,0,0,0,0,0,0,0,0,0,0,0,0,0,0,0,0,0,38,14,7,45,65476,0,300,0,0,8,21553,0.0,-107605600.0,0.0,0.0,0.0,0.0,0.0,0.0,0.0,0.0,0.0,0.0,0.0,0.0,0.0,0.0,0.0,0.0,0.0,0.0,0.0,0.0,0.0,2.004,-0.0,0.0,0.0,0.0,0.0,0.0,5046.0,0.0,0.0,0.0,0.0,-107615280.0,2.718429300292151e+23,0.0,0.0,0.0,0.0,53,-0.0,0.0,0.0,0.0,0.0,0.0,0.0,0.0,0.0,0,0,0,0.0,0.0,0.0,0.0,0.0,0.0,0.0,0.0,0.0,0.0,0.0,0.0,0.0,0.0,0.0,0.0,0,-107875648.0,53,0.0,106,-107614832.0,0.0,ERR,ERR,ERR,ERR,ERR,ERR,ERR,ERR,ERR,ERR,ERR,ERR,ERR,ERR,ERR,ERR,ERR,ERR,ERR,ERR,ERR,ERR,ERR,ERR,ERR,ERR,ERR,ERR,ERR,ERR,ERR,ERR,ERR,ERR,ERR,ERR,ERR,ERR,ERR,ERR,ERR,ERR,ERR,ERR,ERR,ERR,ERR,ERR,ERR,ERR,ERR,ERR,ERR,ERR,ERR,ERR,ERR,ERR,ERR,ERR,ERR,ERR,ERR,ERR,ERR,ERR,ERR,50.0,60.0,100,0.0,0.0,0.0,0.0,0.0,0.0,0.0,0.0,0.0,0.0,0.0,0.0,0.0,0.0,0.0,0.0,61.6,73,14,65513,50,65476,0,300,0,0,8,20529,65476,0,0,26214,60.0,0.0,0.0,0.0,0.0,0.0
2026-05-17T18:37:12,ERR,ERR,ERR,ERR,ERR,ERR,ERR,ERR,ERR,ERR,ERR,ERR,ERR,ERR,ERR,ERR,ERR,ERR,ERR,ERR,ERR,ERR,ERR,ERR,ERR,ERR,ERR,ERR,ERR,ERR,ERR,ERR,ERR,ERR,ERR,ERR,ERR,ERR,ERR,ERR,ERR,ERR,ERR,ERR,ERR,ERR,ERR,ERR,ERR,ERR,ERR,ERR,ERR,ERR,ERR,ERR,ERR,ERR,ERR,ERR,ERR,ERR,ERR,ERR,ERR,ERR,ERR,ERR,ERR,ERR,ERR,ERR,ERR,ERR,ERR,ERR,ERR,ERR,ERR,ERR,ERR,ERR,ERR,ERR,ERR,ERR,ERR,ERR,ERR,ERR,ERR,ERR,ERR,ERR,ERR,ERR,ERR,ERR,ERR,ERR,ERR,ERR,ERR,ERR,ERR,ERR,ERR,ERR,ERR,ERR,ERR,ERR,ERR,ERR,ERR,ERR,ERR,ERR,ERR,ERR,ERR,ERR,ERR,ERR,ERR,0.0,0.0,0.0,0.0,0.0,1.3936040501711995e+18,7.805,0.0,0,0,4,0,8422,0.0,45,0.0,0.0,0.0,0.0,0.0,0,0,0,0,0.0,0,0,0,0,0,0,0,0,0,0,0,0,0,0,0,0,0,0,0,0,0,0,0,0,0,0,0,0,0,0,0,0,0,38,14,7,45,65476,0,300,0,0,8,21553,0.0,-107605600.0,0.0,0.0,0.0,0.0,0.0,0.0,0.0,0.0,0.0,0.0,0.0,0.0,0.0,0.0,0.0,0.0,0.0,0.0,0.0,0.0,0.0,2.004,-0.0,0.0,0.0,0.0,0.0,0.0,5046.0,0.0,0.0,0.0,0.0,-107615280.0,2.718429300292151e+23,0.0,0.0,0.0,0.0,53,-0.0,0.0,0.0,0.0,0.0,0.0,0.0,0.0,0.0,0,0,0,0.0,0.0,0.0,0.0,0.0,0.0,0.0,0.0,0.0,0.0,0.0,0.0,0.0,0.0,0.0,0.0,0,-107875648.0,53,0.0,106,-107614832.0,0.0,ERR,ERR,ERR,ERR,ERR,ERR,ERR,ERR,ERR,ERR,ERR,ERR,ERR,ERR,ERR,ERR,ERR,ERR,ERR,ERR,ERR,ERR,ERR,ERR,ERR,ERR,ERR,ERR,ERR,ERR,ERR,ERR,ERR,ERR,ERR,ERR,ERR,ERR,ERR,ERR,ERR,ERR,ERR,ERR,ERR,ERR,ERR,ERR,ERR,ERR,ERR,ERR,ERR,ERR,ERR,ERR,ERR,ERR,ERR,ERR,ERR,ERR,ERR,ERR,ERR,ERR,ERR,50.0,60.0,100,0.0,0.0,0.0,0.0,0.0,0.0,0.0,0.0,0.0,0.0,0.0,0.0,0.0,0.0,0.0,0.0,61.6,73,14,65513,50,65476,0,300,0,0,8,20529,65476,0,0,26214,60.0,0.0,0.0,0.0,0.0,0.0
2026-05-17T18:37:13,ERR,ERR,ERR,ERR,ERR,ERR,ERR,ERR,ERR,ERR,ERR,ERR,ERR,ERR,ERR,ERR,ERR,ERR,ERR,ERR,ERR,ERR,ERR,ERR,ERR,ERR,ERR,ERR,ERR,ERR,ERR,ERR,ERR,ERR,ERR,ERR,ERR,ERR,ERR,ERR,ERR,ERR,ERR,ERR,ERR,ERR,ERR,ERR,ERR,ERR,ERR,ERR,ERR,ERR,ERR,ERR,ERR,ERR,ERR,ERR,ERR,ERR,ERR,ERR,ERR,ERR,ERR,ERR,ERR,ERR,ERR,ERR,ERR,ERR,ERR,ERR,ERR,ERR,ERR,ERR,ERR,ERR,ERR,ERR,ERR,ERR,ERR,ERR,ERR,ERR,ERR,ERR,ERR,ERR,ERR,ERR,ERR,ERR,ERR,ERR,ERR,ERR,ERR,ERR,ERR,ERR,ERR,ERR,ERR,ERR,ERR,ERR,ERR,ERR,ERR,ERR,ERR,ERR,ERR,ERR,ERR,ERR,ERR,ERR,ERR,0.0,0.0,0.0,0.0,0.0,1.3936040501711995e+18,7.805,0.0,0,0,4,0,8422,0.0,45,0.0,0.0,0.0,0.0,0.0,0,0,0,0,0.0,0,0,0,0,0,0,0,0,0,0,0,0,0,0,0,0,0,0,0,0,0,0,0,0,0,0,0,0,0,0,0,0,0,38,14,7,45,65476,0,300,0,0,8,21553,0.0,-107605600.0,0.0,0.0,0.0,0.0,0.0,0.0,0.0,0.0,0.0,0.0,0.0,0.0,0.0,0.0,0.0,0.0,0.0,0.0,0.0,0.0,0.0,2.004,-0.0,0.0,0.0,0.0,0.0,0.0,5046.0,0.0,0.0,0.0,0.0,-107615280.0,2.718429300292151e+23,0.0,0.0,0.0,0.0,53,-0.0,0.0,0.0,0.0,0.0,0.0,0.0,0.0,0.0,0,0,0,0.0,0.0,0.0,0.0,0.0,0.0,0.0,0.0,0.0,0.0,0.0,0.0,0.0,0.0,0.0,0.0,0,-107875648.0,53,0.0,106,-107614832.0,0.0,ERR,ERR,ERR,ERR,ERR,ERR,ERR,ERR,ERR,ERR,ERR,ERR,ERR,ERR,ERR,ERR,ERR,ERR,ERR,ERR,ERR,ERR,ERR,ERR,ERR,ERR,ERR,ERR,ERR,ERR,ERR,ERR,ERR,ERR,ERR,ERR,ERR,ERR,ERR,ERR,ERR,ERR,ERR,ERR,ERR,ERR,ERR,ERR,ERR,ERR,ERR,ERR,ERR,ERR,ERR,ERR,ERR,ERR,ERR,ERR,ERR,ERR,ERR,ERR,ERR,ERR,ERR,50.0,60.0,100,0.0,0.0,0.0,0.0,0.0,0.0,0.0,0.0,0.0,0.0,0.0,0.0,0.0,0.0,0.0,0.0,61.6,73,14,65513,50,65476,0,300,0,0,8,20529,65476,0,0,26214,60.0,0.0,0.0,0.0,0.0,0.0
2026-05-17T18:37:14,ERR,ERR,ERR,ERR,ERR,ERR,ERR,ERR,ERR,ERR,ERR,ERR,ERR,ERR,ERR,ERR,ERR,ERR,ERR,ERR,ERR,ERR,ERR,ERR,ERR,ERR,ERR,ERR,ERR,ERR,ERR,ERR,ERR,ERR,ERR,ERR,ERR,ERR,ERR,ERR,ERR,ERR,ERR,ERR,ERR,ERR,ERR,ERR,ERR,ERR,ERR,ERR,ERR,ERR,ERR,ERR,ERR,ERR,ERR,ERR,ERR,ERR,ERR,ERR,ERR,ERR,ERR,ERR,ERR,ERR,ERR,ERR,ERR,ERR,ERR,ERR,ERR,ERR,ERR,ERR,ERR,ERR,ERR,ERR,ERR,ERR,ERR,ERR,ERR,ERR,ERR,ERR,ERR,ERR,ERR,ERR,ERR,ERR,ERR,ERR,ERR,ERR,ERR,ERR,ERR,ERR,ERR,ERR,ERR,ERR,ERR,ERR,ERR,ERR,ERR,ERR,ERR,ERR,ERR,ERR,ERR,ERR,ERR,ERR,ERR,0.0,0.0,0.0,0.0,0.0,1.3936040501711995e+18,7.805,0.0,0,0,4,0,8422,0.0,45,0.0,0.0,0.0,0.0,0.0,0,0,0,0,0.0,0,0,0,0,0,0,0,0,0,0,0,0,0,0,0,0,0,0,0,0,0,0,0,0,0,0,0,0,0,0,0,0,0,38,14,7,45,65476,0,300,0,0,8,21553,0.0,-107605600.0,0.0,0.0,0.0,0.0,0.0,0.0,0.0,0.0,0.0,0.0,0.0,0.0,0.0,0.0,0.0,0.0,0.0,0.0,0.0,0.0,0.0,2.004,-0.0,0.0,0.0,0.0,0.0,0.0,5018.0,-2.422987904532282e+24,0.0,0.0,0.0,-107615280.0,2.718429300292151e+23,0.0,0.0,0.0,0.0,53,-0.0,-71.629,0.0,0.0,0.0,0.0,0.0,0.0,0.0,0,0,0,0.0,0.0,0.0,0.0,0.0,0.0,0.0,0.0,0.0,0.0,0.0,0.0,0.0,0.0,0.0,0.0,0,-107875648.0,53,0.0,106,-107614832.0,0.0,ERR,ERR,ERR,ERR,ERR,ERR,ERR,ERR,ERR,ERR,ERR,ERR,ERR,ERR,ERR,ERR,ERR,ERR,ERR,ERR,ERR,ERR,ERR,ERR,ERR,ERR,ERR,ERR,ERR,ERR,ERR,ERR,ERR,ERR,ERR,ERR,ERR,ERR,ERR,ERR,ERR,ERR,ERR,ERR,ERR,ERR,ERR,ERR,ERR,ERR,ERR,ERR,ERR,ERR,ERR,ERR,ERR,ERR,ERR,ERR,ERR,ERR,ERR,ERR,ERR,ERR,ERR,50.0,60.0,100,0.0,0.0,0.0,0.0,0.0,0.0,0.0,0.0,0.0,0.0,0.0,0.0,0.0,0.0,0.0,0.0,61.6,73,14,65513,50,65476,0,300,0,0,8,20529,65476,0,0,26214,60.0,0.0,0.0,0.0,0.0,0.0
2026-05-17T18:37:15,ERR,ERR,ERR,ERR,ERR,ERR,ERR,ERR,ERR,ERR,ERR,ERR,ERR,ERR,ERR,ERR,ERR,ERR,ERR,ERR,ERR,ERR,ERR,ERR,ERR,ERR,ERR,ERR,ERR,ERR,ERR,ERR,ERR,ERR,ERR,ERR,ERR,ERR,ERR,ERR,ERR,ERR,ERR,ERR,ERR,ERR,ERR,ERR,ERR,ERR,ERR,ERR,ERR,ERR,ERR,ERR,ERR,ERR,ERR,ERR,ERR,ERR,ERR,ERR,ERR,ERR,ERR,ERR,ERR,ERR,ERR,ERR,ERR,ERR,ERR,ERR,ERR,ERR,ERR,ERR,ERR,ERR,ERR,ERR,ERR,ERR,ERR,ERR,ERR,ERR,ERR,ERR,ERR,ERR,ERR,ERR,ERR,ERR,ERR,ERR,ERR,ERR,ERR,ERR,ERR,ERR,ERR,ERR,ERR,ERR,ERR,ERR,ERR,ERR,ERR,ERR,ERR,ERR,ERR,ERR,ERR,ERR,ERR,ERR,ERR,0.0,0.0,0.0,0.0,0.0,1.3936040501711995e+18,7.805,0.0,0,0,4,0,8422,0.0,45,0.0,0.0,0.0,0.0,0.0,0,0,0,0,0.0,0,0,0,0,0,0,0,0,0,0,0,0,0,0,0,0,0,0,0,0,0,0,0,0,0,0,0,0,0,0,0,0,0,38,14,7,45,65476,0,300,0,0,8,21553,0.0,-107605600.0,0.0,0.0,0.0,0.0,0.0,0.0,0.0,0.0,0.0,0.0,0.0,0.0,0.0,0.0,0.0,0.0,0.0,0.0,0.0,0.0,0.0,2.004,-0.0,0.0,0.0,0.0,0.0,0.0,5018.0,-2.422987904532282e+24,0.0,0.0,0.0,-107615280.0,2.718429300292151e+23,0.0,0.0,0.0,0.0,53,-0.0,-71.629,0.0,0.0,0.0,0.0,0.0,0.0,0.0,0,0,0,0.0,0.0,0.0,0.0,0.0,0.0,0.0,0.0,0.0,0.0,0.0,0.0,0.0,0.0,0.0,0.0,0,-107875648.0,53,0.0,106,-107614832.0,0.0,ERR,ERR,ERR,ERR,ERR,ERR,ERR,ERR,ERR,ERR,ERR,ERR,ERR,ERR,ERR,ERR,ERR,ERR,ERR,ERR,ERR,ERR,ERR,ERR,ERR,ERR,ERR,ERR,ERR,ERR,ERR,ERR,ERR,ERR,ERR,ERR,ERR,ERR,ERR,ERR,ERR,ERR,ERR,ERR,ERR,ERR,ERR,ERR,ERR,ERR,ERR,ERR,ERR,ERR,ERR,ERR,ERR,ERR,ERR,ERR,ERR,ERR,ERR,ERR,ERR,ERR,ERR,50.0,60.0,100,0.0,0.0,0.0,0.0,0.0,0.0,0.0,0.0,0.0,0.0,0.0,0.0,0.0,0.0,0.0,0.0,61.6,73,14,65513,50,65476,0,300,0,0,8,20529,65476,0,0,26214,60.0,0.0,0.0,0.0,0.0,0.0
2026-05-17T18:37:16,ERR,ERR,ERR,ERR,ERR,ERR,ERR,ERR,ERR,ERR,ERR,ERR,ERR,ERR,ERR,ERR,ERR,ERR,ERR,ERR,ERR,ERR,ERR,ERR,ERR,ERR,ERR,ERR,ERR,ERR,ERR,ERR,ERR,ERR,ERR,ERR,ERR,ERR,ERR,ERR,ERR,ERR,ERR,ERR,ERR,ERR,ERR,ERR,ERR,ERR,ERR,ERR,ERR,ERR,ERR,ERR,ERR,ERR,ERR,ERR,ERR,ERR,ERR,ERR,ERR,ERR,ERR,ERR,ERR,ERR,ERR,ERR,ERR,ERR,ERR,ERR,ERR,ERR,ERR,ERR,ERR,ERR,ERR,ERR,ERR,ERR,ERR,ERR,ERR,ERR,ERR,ERR,ERR,ERR,ERR,ERR,ERR,ERR,ERR,ERR,ERR,ERR,ERR,ERR,ERR,ERR,ERR,ERR,ERR,ERR,ERR,ERR,ERR,ERR,ERR,ERR,ERR,ERR,ERR,ERR,ERR,ERR,ERR,ERR,ERR,0.0,0.0,0.0,0.0,0.0,1.3936040501711995e+18,7.805,0.0,0,0,4,0,8422,0.0,45,0.0,0.0,0.0,0.0,0.0,0,0,0,0,0.0,0,0,0,0,0,0,0,0,0,0,0,0,0,0,0,0,0,0,0,0,0,0,0,0,0,0,0,0,0,0,0,0,0,38,14,7,45,65476,0,300,0,0,8,21553,0.0,-107605600.0,0.0,0.0,0.0,0.0,0.0,0.0,0.0,0.0,0.0,0.0,0.0,0.0,0.0,0.0,0.0,0.0,0.0,0.0,0.0,0.0,0.0,2.004,-0.0,0.0,0.0,0.0,0.0,0.0,5018.0,-2.422987904532282e+24,0.0,0.0,0.0,-107615280.0,2.718429300292151e+23,0.0,0.0,0.0,0.0,53,-0.0,-71.629,0.0,0.0,0.0,0.0,0.0,0.0,0.0,0,0,0,0.0,0.0,0.0,0.0,0.0,0.0,0.0,0.0,0.0,0.0,0.0,0.0,0.0,0.0,0.0,0.0,0,-107875648.0,53,0.0,106,-107614832.0,0.0,ERR,ERR,ERR,ERR,ERR,ERR,ERR,ERR,ERR,ERR,ERR,ERR,ERR,ERR,ERR,ERR,ERR,ERR,ERR,ERR,ERR,ERR,ERR,ERR,ERR,ERR,ERR,ERR,ERR,ERR,ERR,ERR,ERR,ERR,ERR,ERR,ERR,ERR,ERR,ERR,ERR,ERR,ERR,ERR,ERR,ERR,ERR,ERR,ERR,ERR,ERR,ERR,ERR,ERR,ERR,ERR,ERR,ERR,ERR,ERR,ERR,ERR,ERR,ERR,ERR,ERR,ERR,50.0,60.0,100,0.0,0.0,0.0,0.0,0.0,0.0,0.0,0.0,0.0,0.0,0.0,0.0,0.0,0.0,0.0,0.0,61.6,73,14,65513,50,65476,0,300,0,0,8,20529,65476,0,0,26214,60.0,0.0,0.0,0.0,0.0,0.0
2026-05-17T18:37:17,ERR,ERR,ERR,ERR,ERR,ERR,ERR,ERR,ERR,ERR,ERR,ERR,ERR,ERR,ERR,ERR,ERR,ERR,ERR,ERR,ERR,ERR,ERR,ERR,ERR,ERR,ERR,ERR,ERR,ERR,ERR,ERR,ERR,ERR,ERR,ERR,ERR,ERR,ERR,ERR,ERR,ERR,ERR,ERR,ERR,ERR,ERR,ERR,ERR,ERR,ERR,ERR,ERR,ERR,ERR,ERR,ERR,ERR,ERR,ERR,ERR,ERR,ERR,ERR,ERR,ERR,ERR,ERR,ERR,ERR,ERR,ERR,ERR,ERR,ERR,ERR,ERR,ERR,ERR,ERR,ERR,ERR,ERR,ERR,ERR,ERR,ERR,ERR,ERR,ERR,ERR,ERR,ERR,ERR,ERR,ERR,ERR,ERR,ERR,ERR,ERR,ERR,ERR,ERR,ERR,ERR,ERR,ERR,ERR,ERR,ERR,ERR,ERR,ERR,ERR,ERR,ERR,ERR,ERR,ERR,ERR,ERR,ERR,ERR,ERR,0.0,0.0,0.0,0.0,0.0,1.3936040501711995e+18,7.805,0.0,0,0,4,0,8422,0.0,45,0.0,0.0,0.0,0.0,0.0,0,0,0,0,0.0,0,0,0,0,0,0,0,0,0,0,0,0,0,0,0,0,0,0,0,0,0,0,0,0,0,0,0,0,0,0,0,0,0,38,14,7,45,65476,0,300,0,0,8,21553,0.0,-107605600.0,0.0,0.0,0.0,0.0,0.0,0.0,0.0,0.0,0.0,0.0,0.0,0.0,0.0,0.0,0.0,0.0,0.0,0.0,0.0,0.0,0.0,2.004,-0.0,0.0,0.0,0.0,0.0,0.0,5018.0,-2.422987904532282e+24,0.0,0.0,0.0,-107615280.0,2.718429300292151e+23,0.0,0.0,0.0,0.0,53,-0.0,-71.629,0.0,0.0,0.0,0.0,0.0,0.0,0.0,0,0,0,0.0,0.0,0.0,0.0,0.0,0.0,0.0,0.0,0.0,0.0,0.0,0.0,0.0,0.0,0.0,0.0,0,-107875648.0,53,0.0,106,-107614832.0,0.0,ERR,ERR,ERR,ERR,ERR,ERR,ERR,ERR,ERR,ERR,ERR,ERR,ERR,ERR,ERR,ERR,ERR,ERR,ERR,ERR,ERR,ERR,ERR,ERR,ERR,ERR,ERR,ERR,ERR,ERR,ERR,ERR,ERR,ERR,ERR,ERR,ERR,ERR,ERR,ERR,ERR,ERR,ERR,ERR,ERR,ERR,ERR,ERR,ERR,ERR,ERR,ERR,ERR,ERR,ERR,ERR,ERR,ERR,ERR,ERR,ERR,ERR,ERR,ERR,ERR,ERR,ERR,50.0,60.0,100,0.0,0.0,0.0,0.0,0.0,0.0,0.0,0.0,0.0,0.0,0.0,0.0,0.0,0.0,0.0,0.0,61.6,73,14,65513,50,65476,0,300,0,0,8,20529,65476,0,0,26214,60.0,0.0,0.0,0.0,0.0,0.0
2026-05-17T18:37:18,ERR,ERR,ERR,ERR,ERR,ERR,ERR,ERR,ERR,ERR,ERR,ERR,ERR,ERR,ERR,ERR,ERR,ERR,ERR,ERR,ERR,ERR,ERR,ERR,ERR,ERR,ERR,ERR,ERR,ERR,ERR,ERR,ERR,ERR,ERR,ERR,ERR,ERR,ERR,ERR,ERR,ERR,ERR,ERR,ERR,ERR,ERR,ERR,ERR,ERR,ERR,ERR,ERR,ERR,ERR,ERR,ERR,ERR,ERR,ERR,ERR,ERR,ERR,ERR,ERR,ERR,ERR,ERR,ERR,ERR,ERR,ERR,ERR,ERR,ERR,ERR,ERR,ERR,ERR,ERR,ERR,ERR,ERR,ERR,ERR,ERR,ERR,ERR,ERR,ERR,ERR,ERR,ERR,ERR,ERR,ERR,ERR,ERR,ERR,ERR,ERR,ERR,ERR,ERR,ERR,ERR,ERR,ERR,ERR,ERR,ERR,ERR,ERR,ERR,ERR,ERR,ERR,ERR,ERR,ERR,ERR,ERR,ERR,ERR,ERR,0.0,0.0,0.0,0.0,0.0,1.3936040501711995e+18,7.805,0.0,0,0,4,0,8422,0.0,45,0.0,0.0,0.0,0.0,0.0,0,0,0,0,0.0,0,0,0,0,0,0,0,0,0,0,0,0,0,0,0,0,0,0,0,0,0,0,0,0,0,0,0,0,0,0,0,0,0,38,14,7,45,65476,0,300,0,0,8,21553,0.0,-107605600.0,0.0,0.0,0.0,0.0,0.0,0.0,0.0,0.0,0.0,0.0,0.0,0.0,0.0,0.0,0.0,0.0,0.0,0.0,0.0,0.0,0.0,2.004,-0.0,0.0,0.0,0.0,0.0,0.0,5018.0,-2.422987904532282e+24,0.0,0.0,0.0,-107615280.0,2.718429300292151e+23,0.0,0.0,0.0,0.0,53,-0.0,-71.629,0.0,0.0,0.0,0.0,0.0,0.0,0.0,0,0,0,0.0,0.0,0.0,0.0,0.0,0.0,0.0,0.0,0.0,0.0,0.0,0.0,0.0,0.0,0.0,0.0,0,-107875648.0,53,0.0,106,-107614832.0,0.0,ERR,ERR,ERR,ERR,ERR,ERR,ERR,ERR,ERR,ERR,ERR,ERR,ERR,ERR,ERR,ERR,ERR,ERR,ERR,ERR,ERR,ERR,ERR,ERR,ERR,ERR,ERR,ERR,ERR,ERR,ERR,ERR,ERR,ERR,ERR,ERR,ERR,ERR,ERR,ERR,ERR,ERR,ERR,ERR,ERR,ERR,ERR,ERR,ERR,ERR,ERR,ERR,ERR,ERR,ERR,ERR,ERR,ERR,ERR,ERR,ERR,ERR,ERR,ERR,ERR,ERR,ERR,50.0,60.0,100,0.0,0.0,0.0,0.0,0.0,0.0,0.0,0.0,0.0,0.0,0.0,0.0,0.0,0.0,0.0,0.0,61.6,73,14,65513,50,65476,0,300,0,0,8,20529,65476,0,0,26214,60.0,0.0,0.0,0.0,0.0,0.0
2026-05-17T18:37:19,ERR,ERR,ERR,ERR,ERR,ERR,ERR,ERR,ERR,ERR,ERR,ERR,ERR,ERR,ERR,ERR,ERR,ERR,ERR,ERR,ERR,ERR,ERR,ERR,ERR,ERR,ERR,ERR,ERR,ERR,ERR,ERR,ERR,ERR,ERR,ERR,ERR,ERR,ERR,ERR,ERR,ERR,ERR,ERR,ERR,ERR,ERR,ERR,ERR,ERR,ERR,ERR,ERR,ERR,ERR,ERR,ERR,ERR,ERR,ERR,ERR,ERR,ERR,ERR,ERR,ERR,ERR,ERR,ERR,ERR,ERR,ERR,ERR,ERR,ERR,ERR,ERR,ERR,ERR,ERR,ERR,ERR,ERR,ERR,ERR,ERR,ERR,ERR,ERR,ERR,ERR,ERR,ERR,ERR,ERR,ERR,ERR,ERR,ERR,ERR,ERR,ERR,ERR,ERR,ERR,ERR,ERR,ERR,ERR,ERR,ERR,ERR,ERR,ERR,ERR,ERR,ERR,ERR,ERR,ERR,ERR,ERR,ERR,ERR,ERR,0.0,0.0,0.0,0.0,0.0,1.3936040501711995e+18,7.805,0.0,0,0,4,0,8422,0.0,45,0.0,0.0,0.0,0.0,0.0,0,0,0,0,0.0,0,0,0,0,0,0,0,0,0,0,0,0,0,0,0,0,0,0,0,0,0,0,0,0,0,0,0,0,0,0,0,0,0,38,14,7,45,65476,0,300,0,0,8,21553,0.0,-107605600.0,0.0,0.0,0.0,0.0,0.0,0.0,0.0,0.0,0.0,0.0,0.0,0.0,0.0,0.0,0.0,0.0,0.0,0.0,0.0,0.0,0.0,2.004,-0.0,0.0,0.0,0.0,0.0,0.0,5014.0,-0.0,0.0,0.0,0.0,-107615280.0,2.718429300292151e+23,0.0,0.0,0.0,0.0,53,-0.0,5.848055683159391e+35,0.0,0.0,0.0,0.0,0.0,0.0,0.0,0,0,0,0.0,0.0,0.0,0.0,0.0,0.0,0.0,0.0,0.0,0.0,0.0,0.0,0.0,0.0,0.0,0.0,0,-107875648.0,53,0.0,106,-107614832.0,0.0,ERR,ERR,ERR,ERR,ERR,ERR,ERR,ERR,ERR,ERR,ERR,ERR,ERR,ERR,ERR,ERR,ERR,ERR,ERR,ERR,ERR,ERR,ERR,ERR,ERR,ERR,ERR,ERR,ERR,ERR,ERR,ERR,ERR,ERR,ERR,ERR,ERR,ERR,ERR,ERR,ERR,ERR,ERR,ERR,ERR,ERR,ERR,ERR,ERR,ERR,ERR,ERR,ERR,ERR,ERR,ERR,ERR,ERR,ERR,ERR,ERR,ERR,ERR,ERR,ERR,ERR,ERR,50.0,60.0,100,0.0,0.0,0.0,0.0,0.0,0.0,0.0,0.0,0.0,0.0,0.0,0.0,0.0,0.0,0.0,0.0,61.6,73,14,65513,50,65476,0,300,0,0,8,20529,65476,0,0,26214,60.0,0.0,0.0,0.0,0.0,0.0
2026-05-17T18:37:20,ERR,ERR,ERR,ERR,ERR,ERR,ERR,ERR,ERR,ERR,ERR,ERR,ERR,ERR,ERR,ERR,ERR,ERR,ERR,ERR,ERR,ERR,ERR,ERR,ERR,ERR,ERR,ERR,ERR,ERR,ERR,ERR,ERR,ERR,ERR,ERR,ERR,ERR,ERR,ERR,ERR,ERR,ERR,ERR,ERR,ERR,ERR,ERR,ERR,ERR,ERR,ERR,ERR,ERR,ERR,ERR,ERR,ERR,ERR,ERR,ERR,ERR,ERR,ERR,ERR,ERR,ERR,ERR,ERR,ERR,ERR,ERR,ERR,ERR,ERR,ERR,ERR,ERR,ERR,ERR,ERR,ERR,ERR,ERR,ERR,ERR,ERR,ERR,ERR,ERR,ERR,ERR,ERR,ERR,ERR,ERR,ERR,ERR,ERR,ERR,ERR,ERR,ERR,ERR,ERR,ERR,ERR,ERR,ERR,ERR,ERR,ERR,ERR,ERR,ERR,ERR,ERR,ERR,ERR,ERR,ERR,ERR,ERR,ERR,ERR,0.0,0.0,0.0,0.0,0.0,1.3936040501711995e+18,7.805,0.0,0,0,4,0,8422,0.0,45,0.0,0.0,0.0,0.0,0.0,0,0,0,0,0.0,0,0,0,0,0,0,0,0,0,0,0,0,0,0,0,0,0,0,0,0,0,0,0,0,0,0,0,0,0,0,0,0,0,38,14,7,45,65476,0,300,0,0,8,21553,0.0,-107605600.0,0.0,0.0,0.0,0.0,0.0,0.0,0.0,0.0,0.0,0.0,0.0,0.0,0.0,0.0,0.0,0.0,0.0,0.0,0.0,0.0,0.0,2.004,-0.0,0.0,0.0,0.0,0.0,0.0,5014.0,-0.0,0.0,0.0,0.0,-107615280.0,2.718429300292151e+23,0.0,0.0,0.0,0.0,53,-0.0,5.848055683159391e+35,0.0,0.0,0.0,0.0,0.0,0.0,0.0,0,0,0,0.0,0.0,0.0,0.0,0.0,0.0,0.0,0.0,0.0,0.0,0.0,0.0,0.0,0.0,0.0,0.0,0,-107875648.0,53,0.0,106,-107614832.0,0.0,ERR,ERR,ERR,ERR,ERR,ERR,ERR,ERR,ERR,ERR,ERR,ERR,ERR,ERR,ERR,ERR,ERR,ERR,ERR,ERR,ERR,ERR,ERR,ERR,ERR,ERR,ERR,ERR,ERR,ERR,ERR,ERR,ERR,ERR,ERR,ERR,ERR,ERR,ERR,ERR,ERR,ERR,ERR,ERR,ERR,ERR,ERR,ERR,ERR,ERR,ERR,ERR,ERR,ERR,ERR,ERR,ERR,ERR,ERR,ERR,ERR,ERR,ERR,ERR,ERR,ERR,ERR,50.0,60.0,100,0.0,0.0,0.0,0.0,0.0,0.0,0.0,0.0,0.0,0.0,0.0,0.0,0.0,0.0,0.0,0.0,61.6,73,14,65513,50,65476,0,300,0,0,8,20529,65476,0,0,26214,60.0,0.0,0.0,0.0,0.0,0.0
2026-05-17T18:37:21,ERR,ERR,ERR,ERR,ERR,ERR,ERR,ERR,ERR,ERR,ERR,ERR,ERR,ERR,ERR,ERR,ERR,ERR,ERR,ERR,ERR,ERR,ERR,ERR,ERR,ERR,ERR,ERR,ERR,ERR,ERR,ERR,ERR,ERR,ERR,ERR,ERR,ERR,ERR,ERR,ERR,ERR,ERR,ERR,ERR,ERR,ERR,ERR,ERR,ERR,ERR,ERR,ERR,ERR,ERR,ERR,ERR,ERR,ERR,ERR,ERR,ERR,ERR,ERR,ERR,ERR,ERR,ERR,ERR,ERR,ERR,ERR,ERR,ERR,ERR,ERR,ERR,ERR,ERR,ERR,ERR,ERR,ERR,ERR,ERR,ERR,ERR,ERR,ERR,ERR,ERR,ERR,ERR,ERR,ERR,ERR,ERR,ERR,ERR,ERR,ERR,ERR,ERR,ERR,ERR,ERR,ERR,ERR,ERR,ERR,ERR,ERR,ERR,ERR,ERR,ERR,ERR,ERR,ERR,ERR,ERR,ERR,ERR,ERR,ERR,0.0,0.0,0.0,0.0,0.0,1.3936040501711995e+18,7.805,0.0,0,0,4,0,8422,0.0,45,0.0,0.0,0.0,0.0,0.0,0,0,0,0,0.0,0,0,0,0,0,0,0,0,0,0,0,0,0,0,0,0,0,0,0,0,0,0,0,0,0,0,0,0,0,0,0,0,0,38,14,7,45,65476,0,300,0,0,8,21553,0.0,-107605600.0,0.0,0.0,0.0,0.0,0.0,0.0,0.0,0.0,0.0,0.0,0.0,0.0,0.0,0.0,0.0,0.0,0.0,0.0,0.0,0.0,0.0,2.004,-0.0,0.0,0.0,0.0,0.0,0.0,5014.0,-0.0,0.0,0.0,0.0,-107615280.0,2.718429300292151e+23,0.0,0.0,0.0,0.0,53,-0.0,5.848055683159391e+35,0.0,0.0,0.0,0.0,0.0,0.0,0.0,0,0,0,0.0,0.0,0.0,0.0,0.0,0.0,0.0,0.0,0.0,0.0,0.0,0.0,0.0,0.0,0.0,0.0,0,-107875648.0,53,0.0,106,-107614832.0,0.0,ERR,ERR,ERR,ERR,ERR,ERR,ERR,ERR,ERR,ERR,ERR,ERR,ERR,ERR,ERR,ERR,ERR,ERR,ERR,ERR,ERR,ERR,ERR,ERR,ERR,ERR,ERR,ERR,ERR,ERR,ERR,ERR,ERR,ERR,ERR,ERR,ERR,ERR,ERR,ERR,ERR,ERR,ERR,ERR,ERR,ERR,ERR,ERR,ERR,ERR,ERR,ERR,ERR,ERR,ERR,ERR,ERR,ERR,ERR,ERR,ERR,ERR,ERR,ERR,ERR,ERR,ERR,50.0,60.0,100,0.0,0.0,0.0,0.0,0.0,0.0,0.0,0.0,0.0,0.0,0.0,0.0,0.0,0.0,0.0,0.0,61.6,73,14,65513,50,65476,0,300,0,0,8,20529,65476,0,0,26214,60.0,0.0,0.0,0.0,0.0,0.0
2026-05-17T18:37:22,ERR,ERR,ERR,ERR,ERR,ERR,ERR,ERR,ERR,ERR,ERR,ERR,ERR,ERR,ERR,ERR,ERR,ERR,ERR,ERR,ERR,ERR,ERR,ERR,ERR,ERR,ERR,ERR,ERR,ERR,ERR,ERR,ERR,ERR,ERR,ERR,ERR,ERR,ERR,ERR,ERR,ERR,ERR,ERR,ERR,ERR,ERR,ERR,ERR,ERR,ERR,ERR,ERR,ERR,ERR,ERR,ERR,ERR,ERR,ERR,ERR,ERR,ERR,ERR,ERR,ERR,ERR,ERR,ERR,ERR,ERR,ERR,ERR,ERR,ERR,ERR,ERR,ERR,ERR,ERR,ERR,ERR,ERR,ERR,ERR,ERR,ERR,ERR,ERR,ERR,ERR,ERR,ERR,ERR,ERR,ERR,ERR,ERR,ERR,ERR,ERR,ERR,ERR,ERR,ERR,ERR,ERR,ERR,ERR,ERR,ERR,ERR,ERR,ERR,ERR,ERR,ERR,ERR,ERR,ERR,ERR,ERR,ERR,ERR,ERR,0.0,0.0,0.0,0.0,0.0,1.3936040501711995e+18,7.805,0.0,0,0,4,0,8422,0.0,45,0.0,0.0,0.0,0.0,0.0,0,0,0,0,0.0,0,0,0,0,0,0,0,0,0,0,0,0,0,0,0,0,0,0,0,0,0,0,0,0,0,0,0,0,0,0,0,0,0,38,14,7,45,65476,0,300,0,0,8,21553,0.0,-107605600.0,0.0,0.0,0.0,0.0,0.0,0.0,0.0,0.0,0.0,0.0,0.0,0.0,0.0,0.0,0.0,0.0,0.0,0.0,0.0,0.0,0.0,2.004,-0.0,0.0,0.0,0.0,0.0,0.0,5014.0,-0.0,0.0,0.0,0.0,-107615280.0,2.718429300292151e+23,0.0,0.0,0.0,0.0,53,-0.0,5.848055683159391e+35,0.0,0.0,0.0,0.0,0.0,0.0,0.0,0,0,0,0.0,0.0,0.0,0.0,0.0,0.0,0.0,0.0,0.0,0.0,0.0,0.0,0.0,0.0,0.0,0.0,0,-107875648.0,53,0.0,106,-107614832.0,0.0,ERR,ERR,ERR,ERR,ERR,ERR,ERR,ERR,ERR,ERR,ERR,ERR,ERR,ERR,ERR,ERR,ERR,ERR,ERR,ERR,ERR,ERR,ERR,ERR,ERR,ERR,ERR,ERR,ERR,ERR,ERR,ERR,ERR,ERR,ERR,ERR,ERR,ERR,ERR,ERR,ERR,ERR,ERR,ERR,ERR,ERR,ERR,ERR,ERR,ERR,ERR,ERR,ERR,ERR,ERR,ERR,ERR,ERR,ERR,ERR,ERR,ERR,ERR,ERR,ERR,ERR,ERR,50.0,60.0,100,0.0,0.0,0.0,0.0,0.0,0.0,0.0,0.0,0.0,0.0,0.0,0.0,0.0,0.0,0.0,0.0,61.6,73,14,65513,50,65476,0,300,0,0,8,20529,65476,0,0,26214,60.0,0.0,0.0,0.0,0.0,0.0
2026-05-17T18:37:23,ERR,ERR,ERR,ERR,ERR,ERR,ERR,ERR,ERR,ERR,ERR,ERR,ERR,ERR,ERR,ERR,ERR,ERR,ERR,ERR,ERR,ERR,ERR,ERR,ERR,ERR,ERR,ERR,ERR,ERR,ERR,ERR,ERR,ERR,ERR,ERR,ERR,ERR,ERR,ERR,ERR,ERR,ERR,ERR,ERR,ERR,ERR,ERR,ERR,ERR,ERR,ERR,ERR,ERR,ERR,ERR,ERR,ERR,ERR,ERR,ERR,ERR,ERR,ERR,ERR,ERR,ERR,ERR,ERR,ERR,ERR,ERR,ERR,ERR,ERR,ERR,ERR,ERR,ERR,ERR,ERR,ERR,ERR,ERR,ERR,ERR,ERR,ERR,ERR,ERR,ERR,ERR,ERR,ERR,ERR,ERR,ERR,ERR,ERR,ERR,ERR,ERR,ERR,ERR,ERR,ERR,ERR,ERR,ERR,ERR,ERR,ERR,ERR,ERR,ERR,ERR,ERR,ERR,ERR,ERR,ERR,ERR,ERR,ERR,ERR,0.0,0.0,0.0,0.0,0.0,1.3936040501711995e+18,7.805,0.0,0,0,4,0,8422,0.0,45,0.0,0.0,0.0,0.0,0.0,0,0,0,0,0.0,0,0,0,0,0,0,0,0,0,0,0,0,0,0,0,0,0,0,0,0,0,0,0,0,0,0,0,0,0,0,0,0,0,38,14,7,45,65476,0,300,0,0,8,21553,0.0,-107605600.0,0.0,0.0,0.0,0.0,0.0,0.0,0.0,0.0,0.0,0.0,0.0,0.0,0.0,0.0,0.0,0.0,0.0,0.0,0.0,0.0,0.0,2.004,-0.0,0.0,0.0,0.0,0.0,0.0,5014.0,-0.0,0.0,0.0,0.0,-107615280.0,2.718429300292151e+23,0.0,0.0,0.0,0.0,53,-0.0,5.848055683159391e+35,0.0,0.0,0.0,0.0,0.0,0.0,0.0,0,0,0,0.0,0.0,0.0,0.0,0.0,0.0,0.0,0.0,0.0,0.0,0.0,0.0,0.0,0.0,0.0,0.0,0,-107875648.0,53,0.0,106,-107614832.0,0.0,ERR,ERR,ERR,ERR,ERR,ERR,ERR,ERR,ERR,ERR,ERR,ERR,ERR,ERR,ERR,ERR,ERR,ERR,ERR,ERR,ERR,ERR,ERR,ERR,ERR,ERR,ERR,ERR,ERR,ERR,ERR,ERR,ERR,ERR,ERR,ERR,ERR,ERR,ERR,ERR,ERR,ERR,ERR,ERR,ERR,ERR,ERR,ERR,ERR,ERR,ERR,ERR,ERR,ERR,ERR,ERR,ERR,ERR,ERR,ERR,ERR,ERR,ERR,ERR,ERR,ERR,ERR,50.0,60.0,100,0.0,0.0,0.0,0.0,0.0,0.0,0.0,0.0,0.0,0.0,0.0,0.0,0.0,0.0,0.0,0.0,61.6,73,14,65513,50,65476,0,300,0,0,8,20529,65476,0,0,26214,60.0,0.0,0.0,0.0,0.0,0.0
2026-05-17T18:37:24,ERR,ERR,ERR,ERR,ERR,ERR,ERR,ERR,ERR,ERR,ERR,ERR,ERR,ERR,ERR,ERR,ERR,ERR,ERR,ERR,ERR,ERR,ERR,ERR,ERR,ERR,ERR,ERR,ERR,ERR,ERR,ERR,ERR,ERR,ERR,ERR,ERR,ERR,ERR,ERR,ERR,ERR,ERR,ERR,ERR,ERR,ERR,ERR,ERR,ERR,ERR,ERR,ERR,ERR,ERR,ERR,ERR,ERR,ERR,ERR,ERR,ERR,ERR,ERR,ERR,ERR,ERR,ERR,ERR,ERR,ERR,ERR,ERR,ERR,ERR,ERR,ERR,ERR,ERR,ERR,ERR,ERR,ERR,ERR,ERR,ERR,ERR,ERR,ERR,ERR,ERR,ERR,ERR,ERR,ERR,ERR,ERR,ERR,ERR,ERR,ERR,ERR,ERR,ERR,ERR,ERR,ERR,ERR,ERR,ERR,ERR,ERR,ERR,ERR,ERR,ERR,ERR,ERR,ERR,ERR,ERR,ERR,ERR,ERR,ERR,0.0,0.0,0.0,0.0,0.0,1.3936040501711995e+18,7.805,0.0,0,0,4,0,8422,0.0,45,0.0,0.0,0.0,0.0,0.0,0,0,0,0,0.0,0,0,0,0,0,0,0,0,0,0,0,0,0,0,0,0,0,0,0,0,0,0,0,0,0,0,0,0,0,0,0,0,0,38,14,7,45,65476,0,300,0,0,8,21553,0.0,-107605600.0,0.0,0.0,0.0,0.0,0.0,0.0,0.0,0.0,0.0,0.0,0.0,0.0,0.0,0.0,0.0,0.0,0.0,0.0,0.0,0.0,0.0,2.004,-0.0,0.0,0.0,0.0,0.0,0.0,5014.0,-0.0,0.0,0.0,0.0,-107615280.0,2.718429300292151e+23,0.0,0.0,0.0,0.0,53,-0.0,5.848055683159391e+35,0.0,0.0,0.0,0.0,0.0,0.0,0.0,0,0,0,0.0,0.0,0.0,0.0,0.0,0.0,0.0,0.0,0.0,0.0,0.0,0.0,0.0,0.0,0.0,0.0,0,-107875648.0,53,0.0,106,-107614832.0,0.0,ERR,ERR,ERR,ERR,ERR,ERR,ERR,ERR,ERR,ERR,ERR,ERR,ERR,ERR,ERR,ERR,ERR,ERR,ERR,ERR,ERR,ERR,ERR,ERR,ERR,ERR,ERR,ERR,ERR,ERR,ERR,ERR,ERR,ERR,ERR,ERR,ERR,ERR,ERR,ERR,ERR,ERR,ERR,ERR,ERR,ERR,ERR,ERR,ERR,ERR,ERR,ERR,ERR,ERR,ERR,ERR,ERR,ERR,ERR,ERR,ERR,ERR,ERR,ERR,ERR,ERR,ERR,50.0,60.0,100,0.0,0.0,0.0,0.0,0.0,0.0,0.0,0.0,0.0,0.0,0.0,0.0,0.0,0.0,0.0,0.0,62.0,73,14,65513,50,65476,0,300,0,0,8,20529,65476,0,0,26214,60.0,0.0,0.0,0.0,0.0,0.0
2026-05-17T18:37:25,ERR,ERR,ERR,ERR,ERR,ERR,ERR,ERR,ERR,ERR,ERR,ERR,ERR,ERR,ERR,ERR,ERR,ERR,ERR,ERR,ERR,ERR,ERR,ERR,ERR,ERR,ERR,ERR,ERR,ERR,ERR,ERR,ERR,ERR,ERR,ERR,ERR,ERR,ERR,ERR,ERR,ERR,ERR,ERR,ERR,ERR,ERR,ERR,ERR,ERR,ERR,ERR,ERR,ERR,ERR,ERR,ERR,ERR,ERR,ERR,ERR,ERR,ERR,ERR,ERR,ERR,ERR,ERR,ERR,ERR,ERR,ERR,ERR,ERR,ERR,ERR,ERR,ERR,ERR,ERR,ERR,ERR,ERR,ERR,ERR,ERR,ERR,ERR,ERR,ERR,ERR,ERR,ERR,ERR,ERR,ERR,ERR,ERR,ERR,ERR,ERR,ERR,ERR,ERR,ERR,ERR,ERR,ERR,ERR,ERR,ERR,ERR,ERR,ERR,ERR,ERR,ERR,ERR,ERR,ERR,ERR,ERR,ERR,ERR,ERR,0.0,0.0,0.0,0.0,0.0,1.3936040501711995e+18,7.805,0.0,0,0,4,0,8422,0.0,45,0.0,0.0,0.0,0.0,0.0,0,0,0,0,0.0,0,0,0,0,0,0,0,0,0,0,0,0,0,0,0,0,0,0,0,0,0,0,0,0,0,0,0,0,0,0,0,0,0,38,14,7,45,65476,0,300,0,0,8,21553,0.0,-107605600.0,0.0,0.0,0.0,0.0,0.0,0.0,0.0,0.0,0.0,0.0,0.0,0.0,0.0,0.0,0.0,0.0,0.0,0.0,0.0,0.0,0.0,2.004,-0.0,0.0,0.0,0.0,0.0,0.0,5011.0,-0.0,0.0,0.0,0.0,-107615280.0,2.718429300292151e+23,0.0,0.0,0.0,0.0,53,4.950428597886765e+32,2.718417410789135e+23,0.0,0.0,0.0,0.0,0.0,0.0,0.0,0,0,0,0.0,0.0,0.0,0.0,0.0,0.0,0.0,0.0,0.0,0.0,0.0,0.0,0.0,0.0,0.0,0.0,0,-107875648.0,53,0.0,106,-107614832.0,0.0,ERR,ERR,ERR,ERR,ERR,ERR,ERR,ERR,ERR,ERR,ERR,ERR,ERR,ERR,ERR,ERR,ERR,ERR,ERR,ERR,ERR,ERR,ERR,ERR,ERR,ERR,ERR,ERR,ERR,ERR,ERR,ERR,ERR,ERR,ERR,ERR,ERR,ERR,ERR,ERR,ERR,ERR,ERR,ERR,ERR,ERR,ERR,ERR,ERR,ERR,ERR,ERR,ERR,ERR,ERR,ERR,ERR,ERR,ERR,ERR,ERR,ERR,ERR,ERR,ERR,ERR,ERR,50.0,60.0,100,0.0,0.0,0.0,0.0,0.0,0.0,0.0,0.0,0.0,0.0,0.0,0.0,0.0,0.0,0.0,0.0,62.0,73,14,65513,50,65476,0,300,0,0,8,20529,65476,0,0,26214,60.0,0.0,0.0,0.0,0.0,0.0
2026-05-17T18:37:26,ERR,ERR,ERR,ERR,ERR,ERR,ERR,ERR,ERR,ERR,ERR,ERR,ERR,ERR,ERR,ERR,ERR,ERR,ERR,ERR,ERR,ERR,ERR,ERR,ERR,ERR,ERR,ERR,ERR,ERR,ERR,ERR,ERR,ERR,ERR,ERR,ERR,ERR,ERR,ERR,ERR,ERR,ERR,ERR,ERR,ERR,ERR,ERR,ERR,ERR,ERR,ERR,ERR,ERR,ERR,ERR,ERR,ERR,ERR,ERR,ERR,ERR,ERR,ERR,ERR,ERR,ERR,ERR,ERR,ERR,ERR,ERR,ERR,ERR,ERR,ERR,ERR,ERR,ERR,ERR,ERR,ERR,ERR,ERR,ERR,ERR,ERR,ERR,ERR,ERR,ERR,ERR,ERR,ERR,ERR,ERR,ERR,ERR,ERR,ERR,ERR,ERR,ERR,ERR,ERR,ERR,ERR,ERR,ERR,ERR,ERR,ERR,ERR,ERR,ERR,ERR,ERR,ERR,ERR,ERR,ERR,ERR,ERR,ERR,ERR,0.0,0.0,0.0,0.0,0.0,1.3936040501711995e+18,7.805,0.0,0,0,4,0,8422,0.0,45,0.0,0.0,0.0,0.0,0.0,0,0,0,0,0.0,0,0,0,0,0,0,0,0,0,0,0,0,0,0,0,0,0,0,0,0,0,0,0,0,0,0,0,0,0,0,0,0,0,38,14,7,45,65476,0,300,0,0,8,21553,0.0,-107605600.0,0.0,0.0,0.0,0.0,0.0,0.0,0.0,0.0,0.0,0.0,0.0,0.0,0.0,0.0,0.0,0.0,0.0,0.0,0.0,0.0,0.0,2.004,-0.0,0.0,0.0,0.0,0.0,0.0,5011.0,-0.0,0.0,0.0,0.0,-107615280.0,2.718429300292151e+23,0.0,0.0,0.0,0.0,53,4.950428597886765e+32,2.718417410789135e+23,0.0,0.0,0.0,0.0,0.0,0.0,0.0,0,0,0,0.0,0.0,0.0,0.0,0.0,0.0,0.0,0.0,0.0,0.0,0.0,0.0,0.0,0.0,0.0,0.0,0,-107875648.0,53,0.0,106,-107614832.0,0.0,ERR,ERR,ERR,ERR,ERR,ERR,ERR,ERR,ERR,ERR,ERR,ERR,ERR,ERR,ERR,ERR,ERR,ERR,ERR,ERR,ERR,ERR,ERR,ERR,ERR,ERR,ERR,ERR,ERR,ERR,ERR,ERR,ERR,ERR,ERR,ERR,ERR,ERR,ERR,ERR,ERR,ERR,ERR,ERR,ERR,ERR,ERR,ERR,ERR,ERR,ERR,ERR,ERR,ERR,ERR,ERR,ERR,ERR,ERR,ERR,ERR,ERR,ERR,ERR,ERR,ERR,ERR,50.0,60.0,100,0.0,0.0,0.0,0.0,0.0,0.0,0.0,0.0,0.0,0.0,0.0,0.0,0.0,0.0,0.0,0.0,61.6,73,14,65513,50,65476,0,300,0,0,8,20529,65476,0,0,26214,60.0,0.0,0.0,0.0,0.0,0.0
2026-05-17T18:37:27,ERR,ERR,ERR,ERR,ERR,ERR,ERR,ERR,ERR,ERR,ERR,ERR,ERR,ERR,ERR,ERR,ERR,ERR,ERR,ERR,ERR,ERR,ERR,ERR,ERR,ERR,ERR,ERR,ERR,ERR,ERR,ERR,ERR,ERR,ERR,ERR,ERR,ERR,ERR,ERR,ERR,ERR,ERR,ERR,ERR,ERR,ERR,ERR,ERR,ERR,ERR,ERR,ERR,ERR,ERR,ERR,ERR,ERR,ERR,ERR,ERR,ERR,ERR,ERR,ERR,ERR,ERR,ERR,ERR,ERR,ERR,ERR,ERR,ERR,ERR,ERR,ERR,ERR,ERR,ERR,ERR,ERR,ERR,ERR,ERR,ERR,ERR,ERR,ERR,ERR,ERR,ERR,ERR,ERR,ERR,ERR,ERR,ERR,ERR,ERR,ERR,ERR,ERR,ERR,ERR,ERR,ERR,ERR,ERR,ERR,ERR,ERR,ERR,ERR,ERR,ERR,ERR,ERR,ERR,ERR,ERR,ERR,ERR,ERR,ERR,0.0,0.0,0.0,0.0,0.0,1.3936040501711995e+18,7.805,0.0,0,0,4,0,8422,0.0,45,0.0,0.0,0.0,0.0,0.0,0,0,0,0,0.0,0,0,0,0,0,0,0,0,0,0,0,0,0,0,0,0,0,0,0,0,0,0,0,0,0,0,0,0,0,0,0,0,0,38,14,7,45,65476,0,300,0,0,8,21553,0.0,-107605600.0,0.0,0.0,0.0,0.0,0.0,0.0,0.0,0.0,0.0,0.0,0.0,0.0,0.0,0.0,0.0,0.0,0.0,0.0,0.0,0.0,0.0,2.004,-0.0,0.0,0.0,0.0,0.0,0.0,5011.0,-0.0,0.0,0.0,0.0,-107615280.0,2.718429300292151e+23,0.0,0.0,0.0,0.0,53,4.950428597886765e+32,2.718417410789135e+23,0.0,0.0,0.0,0.0,0.0,0.0,0.0,0,0,0,0.0,0.0,0.0,0.0,0.0,0.0,0.0,0.0,0.0,0.0,0.0,0.0,0.0,0.0,0.0,0.0,0,-107875648.0,53,0.0,106,-107614832.0,0.0,ERR,ERR,ERR,ERR,ERR,ERR,ERR,ERR,ERR,ERR,ERR,ERR,ERR,ERR,ERR,ERR,ERR,ERR,ERR,ERR,ERR,ERR,ERR,ERR,ERR,ERR,ERR,ERR,ERR,ERR,ERR,ERR,ERR,ERR,ERR,ERR,ERR,ERR,ERR,ERR,ERR,ERR,ERR,ERR,ERR,ERR,ERR,ERR,ERR,ERR,ERR,ERR,ERR,ERR,ERR,ERR,ERR,ERR,ERR,ERR,ERR,ERR,ERR,ERR,ERR,ERR,ERR,50.0,60.0,100,0.0,0.0,0.0,0.0,0.0,0.0,0.0,0.0,0.0,0.0,0.0,0.0,0.0,0.0,0.0,0.0,61.6,73,14,65513,50,65476,0,300,0,0,8,20529,65476,0,0,26214,60.0,0.0,0.0,0.0,0.0,0.0
2026-05-17T18:37:28,ERR,ERR,ERR,ERR,ERR,ERR,ERR,ERR,ERR,ERR,ERR,ERR,ERR,ERR,ERR,ERR,ERR,ERR,ERR,ERR,ERR,ERR,ERR,ERR,ERR,ERR,ERR,ERR,ERR,ERR,ERR,ERR,ERR,ERR,ERR,ERR,ERR,ERR,ERR,ERR,ERR,ERR,ERR,ERR,ERR,ERR,ERR,ERR,ERR,ERR,ERR,ERR,ERR,ERR,ERR,ERR,ERR,ERR,ERR,ERR,ERR,ERR,ERR,ERR,ERR,ERR,ERR,ERR,ERR,ERR,ERR,ERR,ERR,ERR,ERR,ERR,ERR,ERR,ERR,ERR,ERR,ERR,ERR,ERR,ERR,ERR,ERR,ERR,ERR,ERR,ERR,ERR,ERR,ERR,ERR,ERR,ERR,ERR,ERR,ERR,ERR,ERR,ERR,ERR,ERR,ERR,ERR,ERR,ERR,ERR,ERR,ERR,ERR,ERR,ERR,ERR,ERR,ERR,ERR,ERR,ERR,ERR,ERR,ERR,ERR,0.0,0.0,0.0,0.0,0.0,1.3936040501711995e+18,7.805,0.0,0,0,4,0,8422,0.0,45,0.0,0.0,0.0,0.0,0.0,0,0,0,0,0.0,0,0,0,0,0,0,0,0,0,0,0,0,0,0,0,0,0,0,0,0,0,0,0,0,0,0,0,0,0,0,0,0,0,38,14,7,45,65476,0,300,0,0,8,21553,0.0,-107605600.0,0.0,0.0,0.0,0.0,0.0,0.0,0.0,0.0,0.0,0.0,0.0,0.0,0.0,0.0,0.0,0.0,0.0,0.0,0.0,0.0,0.0,2.004,-0.0,0.0,0.0,0.0,0.0,0.0,5011.0,-0.0,0.0,0.0,0.0,-107615280.0,2.718429300292151e+23,0.0,0.0,0.0,0.0,53,4.950428597886765e+32,2.718417410789135e+23,0.0,0.0,0.0,0.0,0.0,0.0,0.0,0,0,0,0.0,0.0,0.0,0.0,0.0,0.0,0.0,0.0,0.0,0.0,0.0,0.0,0.0,0.0,0.0,0.0,0,-107875648.0,53,0.0,106,-107614832.0,0.0,ERR,ERR,ERR,ERR,ERR,ERR,ERR,ERR,ERR,ERR,ERR,ERR,ERR,ERR,ERR,ERR,ERR,ERR,ERR,ERR,ERR,ERR,ERR,ERR,ERR,ERR,ERR,ERR,ERR,ERR,ERR,ERR,ERR,ERR,ERR,ERR,ERR,ERR,ERR,ERR,ERR,ERR,ERR,ERR,ERR,ERR,ERR,ERR,ERR,ERR,ERR,ERR,ERR,ERR,ERR,ERR,ERR,ERR,ERR,ERR,ERR,ERR,ERR,ERR,ERR,ERR,ERR,50.0,60.0,100,0.0,0.0,0.0,0.0,0.0,0.0,0.0,0.0,0.0,0.0,0.0,0.0,0.0,0.0,0.0,0.0,61.6,73,14,65513,50,65476,0,300,0,0,8,20529,65476,0,0,26214,60.0,0.0,0.0,0.0,0.0,0.0
2026-05-17T18:37:29,ERR,ERR,ERR,ERR,ERR,ERR,ERR,ERR,ERR,ERR,ERR,ERR,ERR,ERR,ERR,ERR,ERR,ERR,ERR,ERR,ERR,ERR,ERR,ERR,ERR,ERR,ERR,ERR,ERR,ERR,ERR,ERR,ERR,ERR,ERR,ERR,ERR,ERR,ERR,ERR,ERR,ERR,ERR,ERR,ERR,ERR,ERR,ERR,ERR,ERR,ERR,ERR,ERR,ERR,ERR,ERR,ERR,ERR,ERR,ERR,ERR,ERR,ERR,ERR,ERR,ERR,ERR,ERR,ERR,ERR,ERR,ERR,ERR,ERR,ERR,ERR,ERR,ERR,ERR,ERR,ERR,ERR,ERR,ERR,ERR,ERR,ERR,ERR,ERR,ERR,ERR,ERR,ERR,ERR,ERR,ERR,ERR,ERR,ERR,ERR,ERR,ERR,ERR,ERR,ERR,ERR,ERR,ERR,ERR,ERR,ERR,ERR,ERR,ERR,ERR,ERR,ERR,ERR,ERR,ERR,ERR,ERR,ERR,ERR,ERR,0.0,0.0,0.0,0.0,0.0,1.3936040501711995e+18,7.805,0.0,0,0,4,0,8422,0.0,45,0.0,0.0,0.0,0.0,0.0,0,0,0,0,0.0,0,0,0,0,0,0,0,0,0,0,0,0,0,0,0,0,0,0,0,0,0,0,0,0,0,0,0,0,0,0,0,0,0,38,14,7,45,65476,0,300,0,0,8,21553,0.0,-107605600.0,0.0,0.0,0.0,0.0,0.0,0.0,0.0,0.0,0.0,0.0,0.0,0.0,0.0,0.0,0.0,0.0,0.0,0.0,0.0,0.0,0.0,2.004,-0.0,0.0,0.0,0.0,0.0,0.0,5011.0,-0.0,0.0,0.0,0.0,-107615280.0,2.718429300292151e+23,0.0,0.0,0.0,0.0,53,4.950428597886765e+32,2.718417410789135e+23,0.0,0.0,0.0,0.0,0.0,0.0,0.0,0,0,0,0.0,0.0,0.0,0.0,0.0,0.0,0.0,0.0,0.0,0.0,0.0,0.0,0.0,0.0,0.0,0.0,0,-107875648.0,53,0.0,106,-107614832.0,0.0,ERR,ERR,ERR,ERR,ERR,ERR,ERR,ERR,ERR,ERR,ERR,ERR,ERR,ERR,ERR,ERR,ERR,ERR,ERR,ERR,ERR,ERR,ERR,ERR,ERR,ERR,ERR,ERR,ERR,ERR,ERR,ERR,ERR,ERR,ERR,ERR,ERR,ERR,ERR,ERR,ERR,ERR,ERR,ERR,ERR,ERR,ERR,ERR,ERR,ERR,ERR,ERR,ERR,ERR,ERR,ERR,ERR,ERR,ERR,ERR,ERR,ERR,ERR,ERR,ERR,ERR,ERR,50.0,60.0,100,0.0,0.0,0.0,0.0,0.0,0.0,0.0,0.0,0.0,0.0,0.0,0.0,0.0,0.0,0.0,0.0,61.6,73,14,65513,50,65476,0,300,0,0,8,20529,65476,0,0,26214,60.0,0.0,0.0,0.0,0.0,0.0
2026-05-17T18:37:30,ERR,ERR,ERR,ERR,ERR,ERR,ERR,ERR,ERR,ERR,ERR,ERR,ERR,ERR,ERR,ERR,ERR,ERR,ERR,ERR,ERR,ERR,ERR,ERR,ERR,ERR,ERR,ERR,ERR,ERR,ERR,ERR,ERR,ERR,ERR,ERR,ERR,ERR,ERR,ERR,ERR,ERR,ERR,ERR,ERR,ERR,ERR,ERR,ERR,ERR,ERR,ERR,ERR,ERR,ERR,ERR,ERR,ERR,ERR,ERR,ERR,ERR,ERR,ERR,ERR,ERR,ERR,ERR,ERR,ERR,ERR,ERR,ERR,ERR,ERR,ERR,ERR,ERR,ERR,ERR,ERR,ERR,ERR,ERR,ERR,ERR,ERR,ERR,ERR,ERR,ERR,ERR,ERR,ERR,ERR,ERR,ERR,ERR,ERR,ERR,ERR,ERR,ERR,ERR,ERR,ERR,ERR,ERR,ERR,ERR,ERR,ERR,ERR,ERR,ERR,ERR,ERR,ERR,ERR,ERR,ERR,ERR,ERR,ERR,ERR,0.0,0.0,0.0,0.0,0.0,1.3936040501711995e+18,7.805,0.0,0,0,4,0,8422,0.0,45,0.0,0.0,0.0,0.0,0.0,0,0,0,0,0.0,0,0,0,0,0,0,0,0,0,0,0,0,0,0,0,0,0,0,0,0,0,0,0,0,0,0,0,0,0,0,0,0,0,38,14,7,45,65476,0,300,0,0,8,21553,0.0,-107605600.0,0.0,0.0,0.0,0.0,0.0,0.0,0.0,0.0,0.0,0.0,0.0,0.0,0.0,0.0,0.0,0.0,0.0,0.0,0.0,0.0,0.0,2.004,-0.0,0.0,0.0,0.0,0.0,0.0,5052.0,0.0,0.0,0.0,0.0,-107615280.0,2.718429300292151e+23,0.0,0.0,0.0,0.0,53,-0.0,0.0,0.0,0.0,0.0,0.0,0.0,0.0,0.0,0,0,0,0.0,0.0,0.0,0.0,0.0,0.0,0.0,0.0,0.0,0.0,0.0,0.0,0.0,0.0,0.0,0.0,0,-107875648.0,53,0.0,106,-107614832.0,0.0,ERR,ERR,ERR,ERR,ERR,ERR,ERR,ERR,ERR,ERR,ERR,ERR,ERR,ERR,ERR,ERR,ERR,ERR,ERR,ERR,ERR,ERR,ERR,ERR,ERR,ERR,ERR,ERR,ERR,ERR,ERR,ERR,ERR,ERR,ERR,ERR,ERR,ERR,ERR,ERR,ERR,ERR,ERR,ERR,ERR,ERR,ERR,ERR,ERR,ERR,ERR,ERR,ERR,ERR,ERR,ERR,ERR,ERR,ERR,ERR,ERR,ERR,ERR,ERR,ERR,ERR,ERR,50.0,60.0,100,0.0,0.0,0.0,0.0,0.0,0.0,0.0,0.0,0.0,0.0,0.0,0.0,0.0,0.0,0.0,0.0,62.0,73,14,65513,50,65476,0,300,0,0,8,20529,65476,0,0,26214,60.0,0.0,0.0,0.0,0.0,0.0
2026-05-17T18:37:31,ERR,ERR,ERR,ERR,ERR,ERR,ERR,ERR,ERR,ERR,ERR,ERR,ERR,ERR,ERR,ERR,ERR,ERR,ERR,ERR,ERR,ERR,ERR,ERR,ERR,ERR,ERR,ERR,ERR,ERR,ERR,ERR,ERR,ERR,ERR,ERR,ERR,ERR,ERR,ERR,ERR,ERR,ERR,ERR,ERR,ERR,ERR,ERR,ERR,ERR,ERR,ERR,ERR,ERR,ERR,ERR,ERR,ERR,ERR,ERR,ERR,ERR,ERR,ERR,ERR,ERR,ERR,ERR,ERR,ERR,ERR,ERR,ERR,ERR,ERR,ERR,ERR,ERR,ERR,ERR,ERR,ERR,ERR,ERR,ERR,ERR,ERR,ERR,ERR,ERR,ERR,ERR,ERR,ERR,ERR,ERR,ERR,ERR,ERR,ERR,ERR,ERR,ERR,ERR,ERR,ERR,ERR,ERR,ERR,ERR,ERR,ERR,ERR,ERR,ERR,ERR,ERR,ERR,ERR,ERR,ERR,ERR,ERR,ERR,ERR,0.0,0.0,0.0,0.0,0.0,1.3936040501711995e+18,7.805,0.0,0,0,4,0,8422,0.0,45,0.0,0.0,0.0,0.0,0.0,0,0,0,0,0.0,0,0,0,0,0,0,0,0,0,0,0,0,0,0,0,0,0,0,0,0,0,0,0,0,0,0,0,0,0,0,0,0,0,38,14,7,45,65476,0,300,0,0,8,21553,0.0,-107605600.0,0.0,0.0,0.0,0.0,0.0,0.0,0.0,0.0,0.0,0.0,0.0,0.0,0.0,0.0,0.0,0.0,0.0,0.0,0.0,0.0,0.0,2.004,-0.0,0.0,0.0,0.0,0.0,0.0,5052.0,0.0,0.0,0.0,0.0,-107615280.0,2.718429300292151e+23,0.0,0.0,0.0,0.0,53,-0.0,0.0,0.0,0.0,0.0,0.0,0.0,0.0,0.0,0,0,0,0.0,0.0,0.0,0.0,0.0,0.0,0.0,0.0,0.0,0.0,0.0,0.0,0.0,0.0,0.0,0.0,0,-107875648.0,53,0.0,106,-107614832.0,0.0,ERR,ERR,ERR,ERR,ERR,ERR,ERR,ERR,ERR,ERR,ERR,ERR,ERR,ERR,ERR,ERR,ERR,ERR,ERR,ERR,ERR,ERR,ERR,ERR,ERR,ERR,ERR,ERR,ERR,ERR,ERR,ERR,ERR,ERR,ERR,ERR,ERR,ERR,ERR,ERR,ERR,ERR,ERR,ERR,ERR,ERR,ERR,ERR,ERR,ERR,ERR,ERR,ERR,ERR,ERR,ERR,ERR,ERR,ERR,ERR,ERR,ERR,ERR,ERR,ERR,ERR,ERR,50.0,60.0,100,0.0,0.0,0.0,0.0,0.0,0.0,0.0,0.0,0.0,0.0,0.0,0.0,0.0,0.0,0.0,0.0,61.6,73,14,65513,50,65476,0,300,0,0,8,20529,65476,0,0,26214,60.0,0.0,0.0,0.0,0.0,0.0
2026-05-17T18:37:32,ERR,ERR,ERR,ERR,ERR,ERR,ERR,ERR,ERR,ERR,ERR,ERR,ERR,ERR,ERR,ERR,ERR,ERR,ERR,ERR,ERR,ERR,ERR,ERR,ERR,ERR,ERR,ERR,ERR,ERR,ERR,ERR,ERR,ERR,ERR,ERR,ERR,ERR,ERR,ERR,ERR,ERR,ERR,ERR,ERR,ERR,ERR,ERR,ERR,ERR,ERR,ERR,ERR,ERR,ERR,ERR,ERR,ERR,ERR,ERR,ERR,ERR,ERR,ERR,ERR,ERR,ERR,ERR,ERR,ERR,ERR,ERR,ERR,ERR,ERR,ERR,ERR,ERR,ERR,ERR,ERR,ERR,ERR,ERR,ERR,ERR,ERR,ERR,ERR,ERR,ERR,ERR,ERR,ERR,ERR,ERR,ERR,ERR,ERR,ERR,ERR,ERR,ERR,ERR,ERR,ERR,ERR,ERR,ERR,ERR,ERR,ERR,ERR,ERR,ERR,ERR,ERR,ERR,ERR,ERR,ERR,ERR,ERR,ERR,ERR,0.0,0.0,0.0,0.0,0.0,1.3936040501711995e+18,7.805,0.0,0,0,4,0,8422,0.0,45,0.0,0.0,0.0,0.0,0.0,0,0,0,0,0.0,0,0,0,0,0,0,0,0,0,0,0,0,0,0,0,0,0,0,0,0,0,0,0,0,0,0,0,0,0,0,0,0,0,38,14,7,45,65476,0,300,0,0,8,21553,0.0,-107605600.0,0.0,0.0,0.0,0.0,0.0,0.0,0.0,0.0,0.0,0.0,0.0,0.0,0.0,0.0,0.0,0.0,0.0,0.0,0.0,0.0,0.0,2.004,-0.0,0.0,0.0,0.0,0.0,0.0,5052.0,0.0,0.0,0.0,0.0,-107615280.0,2.718429300292151e+23,0.0,0.0,0.0,0.0,53,-0.0,0.0,0.0,0.0,0.0,0.0,0.0,0.0,0.0,0,0,0,0.0,0.0,0.0,0.0,0.0,0.0,0.0,0.0,0.0,0.0,0.0,0.0,0.0,0.0,0.0,0.0,0,-107875648.0,53,0.0,106,-107614832.0,0.0,ERR,ERR,ERR,ERR,ERR,ERR,ERR,ERR,ERR,ERR,ERR,ERR,ERR,ERR,ERR,ERR,ERR,ERR,ERR,ERR,ERR,ERR,ERR,ERR,ERR,ERR,ERR,ERR,ERR,ERR,ERR,ERR,ERR,ERR,ERR,ERR,ERR,ERR,ERR,ERR,ERR,ERR,ERR,ERR,ERR,ERR,ERR,ERR,ERR,ERR,ERR,ERR,ERR,ERR,ERR,ERR,ERR,ERR,ERR,ERR,ERR,ERR,ERR,ERR,ERR,ERR,ERR,50.0,60.0,100,0.0,0.0,0.0,0.0,0.0,0.0,0.0,0.0,0.0,0.0,0.0,0.0,0.0,0.0,0.0,0.0,61.6,73,14,65513,50,65476,0,300,0,0,8,20529,65476,0,0,26214,60.0,0.0,0.0,0.0,0.0,0.0
2026-05-17T18:37:33,ERR,ERR,ERR,ERR,ERR,ERR,ERR,ERR,ERR,ERR,ERR,ERR,ERR,ERR,ERR,ERR,ERR,ERR,ERR,ERR,ERR,ERR,ERR,ERR,ERR,ERR,ERR,ERR,ERR,ERR,ERR,ERR,ERR,ERR,ERR,ERR,ERR,ERR,ERR,ERR,ERR,ERR,ERR,ERR,ERR,ERR,ERR,ERR,ERR,ERR,ERR,ERR,ERR,ERR,ERR,ERR,ERR,ERR,ERR,ERR,ERR,ERR,ERR,ERR,ERR,ERR,ERR,ERR,ERR,ERR,ERR,ERR,ERR,ERR,ERR,ERR,ERR,ERR,ERR,ERR,ERR,ERR,ERR,ERR,ERR,ERR,ERR,ERR,ERR,ERR,ERR,ERR,ERR,ERR,ERR,ERR,ERR,ERR,ERR,ERR,ERR,ERR,ERR,ERR,ERR,ERR,ERR,ERR,ERR,ERR,ERR,ERR,ERR,ERR,ERR,ERR,ERR,ERR,ERR,ERR,ERR,ERR,ERR,ERR,ERR,0.0,0.0,0.0,0.0,0.0,1.3936040501711995e+18,7.805,0.0,0,0,4,0,8422,0.0,45,0.0,0.0,0.0,0.0,0.0,0,0,0,0,0.0,0,0,0,0,0,0,0,0,0,0,0,0,0,0,0,0,0,0,0,0,0,0,0,0,0,0,0,0,0,0,0,0,0,38,14,7,45,65476,0,300,0,0,8,21553,0.0,-107605600.0,0.0,0.0,0.0,0.0,0.0,0.0,0.0,0.0,0.0,0.0,0.0,0.0,0.0,0.0,0.0,0.0,0.0,0.0,0.0,0.0,0.0,2.004,-0.0,0.0,0.0,0.0,0.0,0.0,5052.0,0.0,0.0,0.0,0.0,-107615280.0,2.718429300292151e+23,0.0,0.0,0.0,0.0,53,-0.0,0.0,0.0,0.0,0.0,0.0,0.0,0.0,0.0,0,0,0,0.0,0.0,0.0,0.0,0.0,0.0,0.0,0.0,0.0,0.0,0.0,0.0,0.0,0.0,0.0,0.0,0,-107875648.0,53,0.0,106,-107614832.0,0.0,ERR,ERR,ERR,ERR,ERR,ERR,ERR,ERR,ERR,ERR,ERR,ERR,ERR,ERR,ERR,ERR,ERR,ERR,ERR,ERR,ERR,ERR,ERR,ERR,ERR,ERR,ERR,ERR,ERR,ERR,ERR,ERR,ERR,ERR,ERR,ERR,ERR,ERR,ERR,ERR,ERR,ERR,ERR,ERR,ERR,ERR,ERR,ERR,ERR,ERR,ERR,ERR,ERR,ERR,ERR,ERR,ERR,ERR,ERR,ERR,ERR,ERR,ERR,ERR,ERR,ERR,ERR,50.0,60.0,100,0.0,0.0,0.0,0.0,0.0,0.0,0.0,0.0,0.0,0.0,0.0,0.0,0.0,0.0,0.0,0.0,61.6,73,14,65513,50,65476,0,300,0,0,8,20529,65476,0,0,26214,60.0,0.0,0.0,0.0,0.0,0.0
2026-05-17T18:37:34,ERR,ERR,ERR,ERR,ERR,ERR,ERR,ERR,ERR,ERR,ERR,ERR,ERR,ERR,ERR,ERR,ERR,ERR,ERR,ERR,ERR,ERR,ERR,ERR,ERR,ERR,ERR,ERR,ERR,ERR,ERR,ERR,ERR,ERR,ERR,ERR,ERR,ERR,ERR,ERR,ERR,ERR,ERR,ERR,ERR,ERR,ERR,ERR,ERR,ERR,ERR,ERR,ERR,ERR,ERR,ERR,ERR,ERR,ERR,ERR,ERR,ERR,ERR,ERR,ERR,ERR,ERR,ERR,ERR,ERR,ERR,ERR,ERR,ERR,ERR,ERR,ERR,ERR,ERR,ERR,ERR,ERR,ERR,ERR,ERR,ERR,ERR,ERR,ERR,ERR,ERR,ERR,ERR,ERR,ERR,ERR,ERR,ERR,ERR,ERR,ERR,ERR,ERR,ERR,ERR,ERR,ERR,ERR,ERR,ERR,ERR,ERR,ERR,ERR,ERR,ERR,ERR,ERR,ERR,ERR,ERR,ERR,ERR,ERR,ERR,0.0,0.0,0.0,0.0,0.0,1.3936040501711995e+18,7.805,0.0,0,0,4,0,8422,0.0,45,0.0,0.0,0.0,0.0,0.0,0,0,0,0,0.0,0,0,0,0,0,0,0,0,0,0,0,0,0,0,0,0,0,0,0,0,0,0,0,0,0,0,0,0,0,0,0,0,0,38,14,7,45,65476,0,300,0,0,8,21553,0.0,-107605600.0,0.0,0.0,0.0,0.0,0.0,0.0,0.0,0.0,0.0,0.0,0.0,0.0,0.0,0.0,0.0,0.0,0.0,0.0,0.0,0.0,0.0,2.004,-0.0,0.0,0.0,0.0,0.0,0.0,5052.0,0.0,0.0,0.0,0.0,-107615280.0,2.718429300292151e+23,0.0,0.0,0.0,0.0,53,-0.0,0.0,0.0,0.0,0.0,0.0,0.0,0.0,0.0,0,0,0,0.0,0.0,0.0,0.0,0.0,0.0,0.0,0.0,0.0,0.0,0.0,0.0,0.0,0.0,0.0,0.0,0,-107875648.0,53,0.0,106,-107614832.0,0.0,ERR,ERR,ERR,ERR,ERR,ERR,ERR,ERR,ERR,ERR,ERR,ERR,ERR,ERR,ERR,ERR,ERR,ERR,ERR,ERR,ERR,ERR,ERR,ERR,ERR,ERR,ERR,ERR,ERR,ERR,ERR,ERR,ERR,ERR,ERR,ERR,ERR,ERR,ERR,ERR,ERR,ERR,ERR,ERR,ERR,ERR,ERR,ERR,ERR,ERR,ERR,ERR,ERR,ERR,ERR,ERR,ERR,ERR,ERR,ERR,ERR,ERR,ERR,ERR,ERR,ERR,ERR,50.0,60.0,100,0.0,0.0,0.0,0.0,0.0,0.0,0.0,0.0,0.0,0.0,0.0,0.0,0.0,0.0,0.0,0.0,61.6,73,14,65513,50,65476,0,300,0,0,8,20529,65476,0,0,26214,60.0,0.0,0.0,0.0,0.0,0.0
2026-05-17T18:37:35,ERR,ERR,ERR,ERR,ERR,ERR,ERR,ERR,ERR,ERR,ERR,ERR,ERR,ERR,ERR,ERR,ERR,ERR,ERR,ERR,ERR,ERR,ERR,ERR,ERR,ERR,ERR,ERR,ERR,ERR,ERR,ERR,ERR,ERR,ERR,ERR,ERR,ERR,ERR,ERR,ERR,ERR,ERR,ERR,ERR,ERR,ERR,ERR,ERR,ERR,ERR,ERR,ERR,ERR,ERR,ERR,ERR,ERR,ERR,ERR,ERR,ERR,ERR,ERR,ERR,ERR,ERR,ERR,ERR,ERR,ERR,ERR,ERR,ERR,ERR,ERR,ERR,ERR,ERR,ERR,ERR,ERR,ERR,ERR,ERR,ERR,ERR,ERR,ERR,ERR,ERR,ERR,ERR,ERR,ERR,ERR,ERR,ERR,ERR,ERR,ERR,ERR,ERR,ERR,ERR,ERR,ERR,ERR,ERR,ERR,ERR,ERR,ERR,ERR,ERR,ERR,ERR,ERR,ERR,ERR,ERR,ERR,ERR,ERR,ERR,0.0,0.0,0.0,0.0,0.0,1.3936040501711995e+18,7.805,0.0,0,0,4,0,8422,0.0,45,0.0,0.0,0.0,0.0,0.0,0,0,0,0,0.0,0,0,0,0,0,0,0,0,0,0,0,0,0,0,0,0,0,0,0,0,0,0,0,0,0,0,0,0,0,0,0,0,0,38,14,7,45,65476,0,300,0,0,8,21553,0.0,-107605600.0,0.0,0.0,0.0,0.0,0.0,0.0,0.0,0.0,0.0,0.0,0.0,0.0,0.0,0.0,0.0,0.0,0.0,0.0,0.0,0.0,0.0,2.004,-0.0,0.0,0.0,0.0,0.0,0.0,5053.0,2.004,0.0,0.0,0.0,-107615280.0,2.718429300292151e+23,0.0,0.0,0.0,0.0,53,-0.0,0.059,0.0,0.0,0.0,0.0,0.0,0.0,0.0,0,0,0,0.0,0.0,0.0,0.0,0.0,0.0,0.0,0.0,0.0,0.0,0.0,0.0,0.0,0.0,0.0,0.0,0,-107875648.0,53,0.0,106,-107614832.0,0.0,ERR,ERR,ERR,ERR,ERR,ERR,ERR,ERR,ERR,ERR,ERR,ERR,ERR,ERR,ERR,ERR,ERR,ERR,ERR,ERR,ERR,ERR,ERR,ERR,ERR,ERR,ERR,ERR,ERR,ERR,ERR,ERR,ERR,ERR,ERR,ERR,ERR,ERR,ERR,ERR,ERR,ERR,ERR,ERR,ERR,ERR,ERR,ERR,ERR,ERR,ERR,ERR,ERR,ERR,ERR,ERR,ERR,ERR,ERR,ERR,ERR,ERR,ERR,ERR,ERR,ERR,ERR,50.0,60.0,100,0.0,0.0,0.0,0.0,0.0,0.0,0.0,0.0,0.0,0.0,0.0,0.0,0.0,0.0,0.0,0.0,61.6,73,14,65513,50,65476,0,300,0,0,8,20529,65476,0,0,26214,60.0,0.0,0.0,0.0,0.0,0.0
2026-05-17T18:37:36,ERR,ERR,ERR,ERR,ERR,ERR,ERR,ERR,ERR,ERR,ERR,ERR,ERR,ERR,ERR,ERR,ERR,ERR,ERR,ERR,ERR,ERR,ERR,ERR,ERR,ERR,ERR,ERR,ERR,ERR,ERR,ERR,ERR,ERR,ERR,ERR,ERR,ERR,ERR,ERR,ERR,ERR,ERR,ERR,ERR,ERR,ERR,ERR,ERR,ERR,ERR,ERR,ERR,ERR,ERR,ERR,ERR,ERR,ERR,ERR,ERR,ERR,ERR,ERR,ERR,ERR,ERR,ERR,ERR,ERR,ERR,ERR,ERR,ERR,ERR,ERR,ERR,ERR,ERR,ERR,ERR,ERR,ERR,ERR,ERR,ERR,ERR,ERR,ERR,ERR,ERR,ERR,ERR,ERR,ERR,ERR,ERR,ERR,ERR,ERR,ERR,ERR,ERR,ERR,ERR,ERR,ERR,ERR,ERR,ERR,ERR,ERR,ERR,ERR,ERR,ERR,ERR,ERR,ERR,ERR,ERR,ERR,ERR,ERR,ERR,0.0,0.0,0.0,0.0,0.0,1.3936040501711995e+18,7.805,0.0,0,0,4,0,8422,0.0,45,0.0,0.0,0.0,0.0,0.0,0,0,0,0,0.0,0,0,0,0,0,0,0,0,0,0,0,0,0,0,0,0,0,0,0,0,0,0,0,0,0,0,0,0,0,0,0,0,0,38,14,7,45,65476,0,300,0,0,8,21553,0.0,-107605600.0,0.0,0.0,0.0,0.0,0.0,0.0,0.0,0.0,0.0,0.0,0.0,0.0,0.0,0.0,0.0,0.0,0.0,0.0,0.0,0.0,0.0,2.004,-0.0,0.0,0.0,0.0,0.0,0.0,5053.0,2.004,0.0,0.0,0.0,-107615280.0,2.718429300292151e+23,0.0,0.0,0.0,0.0,53,-0.0,0.059,0.0,0.0,0.0,0.0,0.0,0.0,0.0,0,0,0,0.0,0.0,0.0,0.0,0.0,0.0,0.0,0.0,0.0,0.0,0.0,0.0,0.0,0.0,0.0,0.0,0,-107875648.0,53,0.0,106,-107614832.0,0.0,ERR,ERR,ERR,ERR,ERR,ERR,ERR,ERR,ERR,ERR,ERR,ERR,ERR,ERR,ERR,ERR,ERR,ERR,ERR,ERR,ERR,ERR,ERR,ERR,ERR,ERR,ERR,ERR,ERR,ERR,ERR,ERR,ERR,ERR,ERR,ERR,ERR,ERR,ERR,ERR,ERR,ERR,ERR,ERR,ERR,ERR,ERR,ERR,ERR,ERR,ERR,ERR,ERR,ERR,ERR,ERR,ERR,ERR,ERR,ERR,ERR,ERR,ERR,ERR,ERR,ERR,ERR,50.0,60.0,100,0.0,0.0,0.0,0.0,0.0,0.0,0.0,0.0,0.0,0.0,0.0,0.0,0.0,0.0,0.0,0.0,61.6,73,14,65513,50,65476,0,300,0,0,8,20529,65476,0,0,26214,60.0,0.0,0.0,0.0,0.0,0.0
2026-05-17T18:37:37,ERR,ERR,ERR,ERR,ERR,ERR,ERR,ERR,ERR,ERR,ERR,ERR,ERR,ERR,ERR,ERR,ERR,ERR,ERR,ERR,ERR,ERR,ERR,ERR,ERR,ERR,ERR,ERR,ERR,ERR,ERR,ERR,ERR,ERR,ERR,ERR,ERR,ERR,ERR,ERR,ERR,ERR,ERR,ERR,ERR,ERR,ERR,ERR,ERR,ERR,ERR,ERR,ERR,ERR,ERR,ERR,ERR,ERR,ERR,ERR,ERR,ERR,ERR,ERR,ERR,ERR,ERR,ERR,ERR,ERR,ERR,ERR,ERR,ERR,ERR,ERR,ERR,ERR,ERR,ERR,ERR,ERR,ERR,ERR,ERR,ERR,ERR,ERR,ERR,ERR,ERR,ERR,ERR,ERR,ERR,ERR,ERR,ERR,ERR,ERR,ERR,ERR,ERR,ERR,ERR,ERR,ERR,ERR,ERR,ERR,ERR,ERR,ERR,ERR,ERR,ERR,ERR,ERR,ERR,ERR,ERR,ERR,ERR,ERR,ERR,0.0,0.0,0.0,0.0,0.0,1.3936040501711995e+18,7.805,0.0,0,0,4,0,8422,0.0,45,0.0,0.0,0.0,0.0,0.0,0,0,0,0,0.0,0,0,0,0,0,0,0,0,0,0,0,0,0,0,0,0,0,0,0,0,0,0,0,0,0,0,0,0,0,0,0,0,0,38,14,7,45,65476,0,300,0,0,8,21553,0.0,-107605600.0,0.0,0.0,0.0,0.0,0.0,0.0,0.0,0.0,0.0,0.0,0.0,0.0,0.0,0.0,0.0,0.0,0.0,0.0,0.0,0.0,0.0,2.004,-0.0,0.0,0.0,0.0,0.0,0.0,5053.0,2.004,0.0,0.0,0.0,-107615280.0,2.718429300292151e+23,0.0,0.0,0.0,0.0,53,-0.0,0.059,0.0,0.0,0.0,0.0,0.0,0.0,0.0,0,0,0,0.0,0.0,0.0,0.0,0.0,0.0,0.0,0.0,0.0,0.0,0.0,0.0,0.0,0.0,0.0,0.0,0,-107875648.0,53,0.0,106,-107614832.0,0.0,ERR,ERR,ERR,ERR,ERR,ERR,ERR,ERR,ERR,ERR,ERR,ERR,ERR,ERR,ERR,ERR,ERR,ERR,ERR,ERR,ERR,ERR,ERR,ERR,ERR,ERR,ERR,ERR,ERR,ERR,ERR,ERR,ERR,ERR,ERR,ERR,ERR,ERR,ERR,ERR,ERR,ERR,ERR,ERR,ERR,ERR,ERR,ERR,ERR,ERR,ERR,ERR,ERR,ERR,ERR,ERR,ERR,ERR,ERR,ERR,ERR,ERR,ERR,ERR,ERR,ERR,ERR,50.0,60.0,100,0.0,0.0,0.0,0.0,0.0,0.0,0.0,0.0,0.0,0.0,0.0,0.0,0.0,0.0,0.0,0.0,61.6,73,14,65513,50,65476,0,300,0,0,8,20529,65476,0,0,26214,60.0,0.0,0.0,0.0,0.0,0.0
2026-05-17T18:37:38,ERR,ERR,ERR,ERR,ERR,ERR,ERR,ERR,ERR,ERR,ERR,ERR,ERR,ERR,ERR,ERR,ERR,ERR,ERR,ERR,ERR,ERR,ERR,ERR,ERR,ERR,ERR,ERR,ERR,ERR,ERR,ERR,ERR,ERR,ERR,ERR,ERR,ERR,ERR,ERR,ERR,ERR,ERR,ERR,ERR,ERR,ERR,ERR,ERR,ERR,ERR,ERR,ERR,ERR,ERR,ERR,ERR,ERR,ERR,ERR,ERR,ERR,ERR,ERR,ERR,ERR,ERR,ERR,ERR,ERR,ERR,ERR,ERR,ERR,ERR,ERR,ERR,ERR,ERR,ERR,ERR,ERR,ERR,ERR,ERR,ERR,ERR,ERR,ERR,ERR,ERR,ERR,ERR,ERR,ERR,ERR,ERR,ERR,ERR,ERR,ERR,ERR,ERR,ERR,ERR,ERR,ERR,ERR,ERR,ERR,ERR,ERR,ERR,ERR,ERR,ERR,ERR,ERR,ERR,ERR,ERR,ERR,ERR,ERR,ERR,0.0,0.0,0.0,0.0,0.0,1.3936040501711995e+18,7.805,0.0,0,0,4,0,8422,0.0,45,0.0,0.0,0.0,0.0,0.0,0,0,0,0,0.0,0,0,0,0,0,0,0,0,0,0,0,0,0,0,0,0,0,0,0,0,0,0,0,0,0,0,0,0,0,0,0,0,0,38,14,7,45,65476,0,300,0,0,8,21553,0.0,-107605600.0,0.0,0.0,0.0,0.0,0.0,0.0,0.0,0.0,0.0,0.0,0.0,0.0,0.0,0.0,0.0,0.0,0.0,0.0,0.0,0.0,0.0,2.004,-0.0,0.0,0.0,0.0,0.0,0.0,5053.0,2.004,0.0,0.0,0.0,-107615280.0,2.718429300292151e+23,0.0,0.0,0.0,0.0,53,-0.0,0.059,0.0,0.0,0.0,0.0,0.0,0.0,0.0,0,0,0,0.0,0.0,0.0,0.0,0.0,0.0,0.0,0.0,0.0,0.0,0.0,0.0,0.0,0.0,0.0,0.0,0,-107875648.0,53,0.0,106,-107614832.0,0.0,ERR,ERR,ERR,ERR,ERR,ERR,ERR,ERR,ERR,ERR,ERR,ERR,ERR,ERR,ERR,ERR,ERR,ERR,ERR,ERR,ERR,ERR,ERR,ERR,ERR,ERR,ERR,ERR,ERR,ERR,ERR,ERR,ERR,ERR,ERR,ERR,ERR,ERR,ERR,ERR,ERR,ERR,ERR,ERR,ERR,ERR,ERR,ERR,ERR,ERR,ERR,ERR,ERR,ERR,ERR,ERR,ERR,ERR,ERR,ERR,ERR,ERR,ERR,ERR,ERR,ERR,ERR,50.0,60.0,100,0.0,0.0,0.0,0.0,0.0,0.0,0.0,0.0,0.0,0.0,0.0,0.0,0.0,0.0,0.0,0.0,61.6,73,14,65513,50,65476,0,300,0,0,8,20529,65476,0,0,26214,60.0,0.0,0.0,0.0,0.0,0.0
2026-05-17T18:37:39,ERR,ERR,ERR,ERR,ERR,ERR,ERR,ERR,ERR,ERR,ERR,ERR,ERR,ERR,ERR,ERR,ERR,ERR,ERR,ERR,ERR,ERR,ERR,ERR,ERR,ERR,ERR,ERR,ERR,ERR,ERR,ERR,ERR,ERR,ERR,ERR,ERR,ERR,ERR,ERR,ERR,ERR,ERR,ERR,ERR,ERR,ERR,ERR,ERR,ERR,ERR,ERR,ERR,ERR,ERR,ERR,ERR,ERR,ERR,ERR,ERR,ERR,ERR,ERR,ERR,ERR,ERR,ERR,ERR,ERR,ERR,ERR,ERR,ERR,ERR,ERR,ERR,ERR,ERR,ERR,ERR,ERR,ERR,ERR,ERR,ERR,ERR,ERR,ERR,ERR,ERR,ERR,ERR,ERR,ERR,ERR,ERR,ERR,ERR,ERR,ERR,ERR,ERR,ERR,ERR,ERR,ERR,ERR,ERR,ERR,ERR,ERR,ERR,ERR,ERR,ERR,ERR,ERR,ERR,ERR,ERR,ERR,ERR,ERR,ERR,0.0,0.0,0.0,0.0,0.0,1.3936040501711995e+18,7.805,0.0,0,0,4,0,8422,0.0,45,0.0,0.0,0.0,0.0,0.0,0,0,0,0,0.0,0,0,0,0,0,0,0,0,0,0,0,0,0,0,0,0,0,0,0,0,0,0,0,0,0,0,0,0,0,0,0,0,0,38,14,7,45,65476,0,300,0,0,8,21553,0.0,-107605600.0,0.0,0.0,0.0,0.0,0.0,0.0,0.0,0.0,0.0,0.0,0.0,0.0,0.0,0.0,0.0,0.0,0.0,0.0,0.0,0.0,0.0,2.004,-0.0,0.0,0.0,0.0,0.0,0.0,5053.0,2.004,0.0,0.0,0.0,-107615280.0,2.718429300292151e+23,0.0,0.0,0.0,0.0,53,-0.0,0.059,0.0,0.0,0.0,0.0,0.0,0.0,0.0,0,0,0,0.0,0.0,0.0,0.0,0.0,0.0,0.0,0.0,0.0,0.0,0.0,0.0,0.0,0.0,0.0,0.0,0,-107875648.0,53,0.0,106,-107614832.0,0.0,ERR,ERR,ERR,ERR,ERR,ERR,ERR,ERR,ERR,ERR,ERR,ERR,ERR,ERR,ERR,ERR,ERR,ERR,ERR,ERR,ERR,ERR,ERR,ERR,ERR,ERR,ERR,ERR,ERR,ERR,ERR,ERR,ERR,ERR,ERR,ERR,ERR,ERR,ERR,ERR,ERR,ERR,ERR,ERR,ERR,ERR,ERR,ERR,ERR,ERR,ERR,ERR,ERR,ERR,ERR,ERR,ERR,ERR,ERR,ERR,ERR,ERR,ERR,ERR,ERR,ERR,ERR,50.0,60.0,100,0.0,0.0,0.0,0.0,0.0,0.0,0.0,0.0,0.0,0.0,0.0,0.0,0.0,0.0,0.0,0.0,61.6,73,14,65513,50,65476,0,300,0,0,8,20529,65476,0,0,26214,60.0,0.0,0.0,0.0,0.0,0.0
2026-05-17T18:37:40,ERR,ERR,ERR,ERR,ERR,ERR,ERR,ERR,ERR,ERR,ERR,ERR,ERR,ERR,ERR,ERR,ERR,ERR,ERR,ERR,ERR,ERR,ERR,ERR,ERR,ERR,ERR,ERR,ERR,ERR,ERR,ERR,ERR,ERR,ERR,ERR,ERR,ERR,ERR,ERR,ERR,ERR,ERR,ERR,ERR,ERR,ERR,ERR,ERR,ERR,ERR,ERR,ERR,ERR,ERR,ERR,ERR,ERR,ERR,ERR,ERR,ERR,ERR,ERR,ERR,ERR,ERR,ERR,ERR,ERR,ERR,ERR,ERR,ERR,ERR,ERR,ERR,ERR,ERR,ERR,ERR,ERR,ERR,ERR,ERR,ERR,ERR,ERR,ERR,ERR,ERR,ERR,ERR,ERR,ERR,ERR,ERR,ERR,ERR,ERR,ERR,ERR,ERR,ERR,ERR,ERR,ERR,ERR,ERR,ERR,ERR,ERR,ERR,ERR,ERR,ERR,ERR,ERR,ERR,ERR,ERR,ERR,ERR,ERR,ERR,0.0,0.0,0.0,0.0,0.0,1.3936040501711995e+18,7.805,0.0,0,0,4,0,8422,0.0,45,0.0,0.0,0.0,0.0,0.0,0,0,0,0,0.0,0,0,0,0,0,0,0,0,0,0,0,0,0,0,0,0,0,0,0,0,0,0,0,0,0,0,0,0,0,0,0,0,0,38,14,7,45,65476,0,300,0,0,8,21553,0.0,-107605600.0,0.0,0.0,0.0,0.0,0.0,0.0,0.0,0.0,0.0,0.0,0.0,0.0,-2.596148429267414e+33,0.0,0.0,0.0,0.0,0.0,0.0,0.0,0.0,2.004,-0.0,0.0,0.0,0.0,0.0,0.0,5049.0,8608183296.0,0.0,0.0,0.0,-107615280.0,2.718429300292151e+23,0.0,0.0,0.0,0.0,53,-0.0,2.71841759093312e+23,0.0,0.0,0.0,0.0,0.0,0.0,0.0,0,0,0,0.0,0.0,0.0,0.0,0.0,0.0,0.0,0.0,0.0,0.0,0.0,0.0,0.0,0.0,0.0,0.0,0,-107875648.0,53,0.0,106,-107614832.0,0.0,ERR,ERR,ERR,ERR,ERR,ERR,ERR,ERR,ERR,ERR,ERR,ERR,ERR,ERR,ERR,ERR,ERR,ERR,ERR,ERR,ERR,ERR,ERR,ERR,ERR,ERR,ERR,ERR,ERR,ERR,ERR,ERR,ERR,ERR,ERR,ERR,ERR,ERR,ERR,ERR,ERR,ERR,ERR,ERR,ERR,ERR,ERR,ERR,ERR,ERR,ERR,ERR,ERR,ERR,ERR,ERR,ERR,ERR,ERR,ERR,ERR,ERR,ERR,ERR,ERR,ERR,ERR,50.0,60.0,100,0.0,0.0,0.0,0.0,0.0,0.0,0.0,0.0,0.0,0.0,0.0,0.0,0.0,0.0,0.0,0.0,62.0,73,14,65513,50,65476,0,300,0,0,8,20529,65476,0,0,26214,60.0,0.0,0.0,0.0,0.0,0.0
2026-05-17T18:37:41,ERR,ERR,ERR,ERR,ERR,ERR,ERR,ERR,ERR,ERR,ERR,ERR,ERR,ERR,ERR,ERR,ERR,ERR,ERR,ERR,ERR,ERR,ERR,ERR,ERR,ERR,ERR,ERR,ERR,ERR,ERR,ERR,ERR,ERR,ERR,ERR,ERR,ERR,ERR,ERR,ERR,ERR,ERR,ERR,ERR,ERR,ERR,ERR,ERR,ERR,ERR,ERR,ERR,ERR,ERR,ERR,ERR,ERR,ERR,ERR,ERR,ERR,ERR,ERR,ERR,ERR,ERR,ERR,ERR,ERR,ERR,ERR,ERR,ERR,ERR,ERR,ERR,ERR,ERR,ERR,ERR,ERR,ERR,ERR,ERR,ERR,ERR,ERR,ERR,ERR,ERR,ERR,ERR,ERR,ERR,ERR,ERR,ERR,ERR,ERR,ERR,ERR,ERR,ERR,ERR,ERR,ERR,ERR,ERR,ERR,ERR,ERR,ERR,ERR,ERR,ERR,ERR,ERR,ERR,ERR,ERR,ERR,ERR,ERR,ERR,0.0,0.0,0.0,0.0,0.0,1.3936040501711995e+18,7.805,0.0,0,0,4,0,8422,0.0,45,0.0,0.0,0.0,0.0,0.0,0,0,0,0,0.0,0,0,0,0,0,0,0,0,0,0,0,0,0,0,0,0,0,0,0,0,0,0,0,0,0,0,0,0,0,0,0,0,0,38,14,7,45,65476,0,300,0,0,8,21553,0.0,-107605600.0,0.0,0.0,0.0,0.0,0.0,0.0,0.0,0.0,0.0,0.0,0.0,0.0,-2.596148429267414e+33,0.0,0.0,0.0,0.0,0.0,0.0,0.0,0.0,2.004,-0.0,0.0,0.0,0.0,0.0,0.0,5049.0,8608183296.0,0.0,0.0,0.0,-107615280.0,2.718429300292151e+23,0.0,0.0,0.0,0.0,53,-0.0,2.71841759093312e+23,0.0,0.0,0.0,0.0,0.0,0.0,0.0,0,0,0,0.0,0.0,0.0,0.0,0.0,0.0,0.0,0.0,0.0,0.0,0.0,0.0,0.0,0.0,0.0,0.0,0,-107875648.0,53,0.0,106,-107614832.0,0.0,ERR,ERR,ERR,ERR,ERR,ERR,ERR,ERR,ERR,ERR,ERR,ERR,ERR,ERR,ERR,ERR,ERR,ERR,ERR,ERR,ERR,ERR,ERR,ERR,ERR,ERR,ERR,ERR,ERR,ERR,ERR,ERR,ERR,ERR,ERR,ERR,ERR,ERR,ERR,ERR,ERR,ERR,ERR,ERR,ERR,ERR,ERR,ERR,ERR,ERR,ERR,ERR,ERR,ERR,ERR,ERR,ERR,ERR,ERR,ERR,ERR,ERR,ERR,ERR,ERR,ERR,ERR,50.0,60.0,100,0.0,0.0,0.0,0.0,0.0,0.0,0.0,0.0,0.0,0.0,0.0,0.0,0.0,0.0,0.0,0.0,62.0,73,14,65513,50,65476,0,300,0,0,8,20529,65476,0,0,26214,60.0,0.0,0.0,0.0,0.0,0.0
2026-05-17T18:37:42,ERR,ERR,ERR,ERR,ERR,ERR,ERR,ERR,ERR,ERR,ERR,ERR,ERR,ERR,ERR,ERR,ERR,ERR,ERR,ERR,ERR,ERR,ERR,ERR,ERR,ERR,ERR,ERR,ERR,ERR,ERR,ERR,ERR,ERR,ERR,ERR,ERR,ERR,ERR,ERR,ERR,ERR,ERR,ERR,ERR,ERR,ERR,ERR,ERR,ERR,ERR,ERR,ERR,ERR,ERR,ERR,ERR,ERR,ERR,ERR,ERR,ERR,ERR,ERR,ERR,ERR,ERR,ERR,ERR,ERR,ERR,ERR,ERR,ERR,ERR,ERR,ERR,ERR,ERR,ERR,ERR,ERR,ERR,ERR,ERR,ERR,ERR,ERR,ERR,ERR,ERR,ERR,ERR,ERR,ERR,ERR,ERR,ERR,ERR,ERR,ERR,ERR,ERR,ERR,ERR,ERR,ERR,ERR,ERR,ERR,ERR,ERR,ERR,ERR,ERR,ERR,ERR,ERR,ERR,ERR,ERR,ERR,ERR,ERR,ERR,0.0,0.0,0.0,0.0,0.0,1.3936040501711995e+18,7.805,0.0,0,0,4,0,8422,0.0,45,0.0,0.0,0.0,0.0,0.0,0,0,0,0,0.0,0,0,0,0,0,0,0,0,0,0,0,0,0,0,0,0,0,0,0,0,0,0,0,0,0,0,0,0,0,0,0,0,0,38,14,7,45,65476,0,300,0,0,8,21553,0.0,-107605600.0,0.0,0.0,0.0,0.0,0.0,0.0,0.0,0.0,0.0,0.0,0.0,0.0,-2.596148429267414e+33,0.0,0.0,0.0,0.0,0.0,0.0,0.0,0.0,2.004,-0.0,0.0,0.0,0.0,0.0,0.0,5049.0,8608183296.0,0.0,0.0,0.0,-107615280.0,2.718429300292151e+23,0.0,0.0,0.0,0.0,53,-0.0,2.71841759093312e+23,0.0,0.0,0.0,0.0,0.0,0.0,0.0,0,0,0,0.0,0.0,0.0,0.0,0.0,0.0,0.0,0.0,0.0,0.0,0.0,0.0,0.0,0.0,0.0,0.0,0,-107875648.0,53,0.0,106,-107614832.0,0.0,ERR,ERR,ERR,ERR,ERR,ERR,ERR,ERR,ERR,ERR,ERR,ERR,ERR,ERR,ERR,ERR,ERR,ERR,ERR,ERR,ERR,ERR,ERR,ERR,ERR,ERR,ERR,ERR,ERR,ERR,ERR,ERR,ERR,ERR,ERR,ERR,ERR,ERR,ERR,ERR,ERR,ERR,ERR,ERR,ERR,ERR,ERR,ERR,ERR,ERR,ERR,ERR,ERR,ERR,ERR,ERR,ERR,ERR,ERR,ERR,ERR,ERR,ERR,ERR,ERR,ERR,ERR,50.0,60.0,100,0.0,0.0,0.0,0.0,0.0,0.0,0.0,0.0,0.0,0.0,0.0,0.0,0.0,0.0,0.0,0.0,61.6,73,14,65513,50,65476,0,300,0,0,8,20529,65476,0,0,26214,60.0,0.0,0.0,0.0,0.0,0.0
2026-05-17T18:37:43,ERR,ERR,ERR,ERR,ERR,ERR,ERR,ERR,ERR,ERR,ERR,ERR,ERR,ERR,ERR,ERR,ERR,ERR,ERR,ERR,ERR,ERR,ERR,ERR,ERR,ERR,ERR,ERR,ERR,ERR,ERR,ERR,ERR,ERR,ERR,ERR,ERR,ERR,ERR,ERR,ERR,ERR,ERR,ERR,ERR,ERR,ERR,ERR,ERR,ERR,ERR,ERR,ERR,ERR,ERR,ERR,ERR,ERR,ERR,ERR,ERR,ERR,ERR,ERR,ERR,ERR,ERR,ERR,ERR,ERR,ERR,ERR,ERR,ERR,ERR,ERR,ERR,ERR,ERR,ERR,ERR,ERR,ERR,ERR,ERR,ERR,ERR,ERR,ERR,ERR,ERR,ERR,ERR,ERR,ERR,ERR,ERR,ERR,ERR,ERR,ERR,ERR,ERR,ERR,ERR,ERR,ERR,ERR,ERR,ERR,ERR,ERR,ERR,ERR,ERR,ERR,ERR,ERR,ERR,ERR,ERR,ERR,ERR,ERR,ERR,0.0,0.0,0.0,0.0,0.0,1.3936040501711995e+18,7.805,0.0,0,0,4,0,8422,0.0,45,0.0,0.0,0.0,0.0,0.0,0,0,0,0,0.0,0,0,0,0,0,0,0,0,0,0,0,0,0,0,0,0,0,0,0,0,0,0,0,0,0,0,0,0,0,0,0,0,0,38,14,7,45,65476,0,300,0,0,8,21553,0.0,-107605600.0,0.0,0.0,0.0,0.0,0.0,0.0,0.0,0.0,0.0,0.0,0.0,0.0,-2.596148429267414e+33,0.0,0.0,0.0,0.0,0.0,0.0,0.0,0.0,2.004,-0.0,0.0,0.0,0.0,0.0,0.0,5049.0,8608183296.0,0.0,0.0,0.0,-107615280.0,2.718429300292151e+23,0.0,0.0,0.0,0.0,53,-0.0,2.71841759093312e+23,0.0,0.0,0.0,0.0,0.0,0.0,0.0,0,0,0,0.0,0.0,0.0,0.0,0.0,0.0,0.0,0.0,0.0,0.0,0.0,0.0,0.0,0.0,0.0,0.0,0,-107875648.0,53,0.0,106,-107614832.0,0.0,ERR,ERR,ERR,ERR,ERR,ERR,ERR,ERR,ERR,ERR,ERR,ERR,ERR,ERR,ERR,ERR,ERR,ERR,ERR,ERR,ERR,ERR,ERR,ERR,ERR,ERR,ERR,ERR,ERR,ERR,ERR,ERR,ERR,ERR,ERR,ERR,ERR,ERR,ERR,ERR,ERR,ERR,ERR,ERR,ERR,ERR,ERR,ERR,ERR,ERR,ERR,ERR,ERR,ERR,ERR,ERR,ERR,ERR,ERR,ERR,ERR,ERR,ERR,ERR,ERR,ERR,ERR,50.0,60.0,100,0.0,0.0,0.0,0.0,0.0,0.0,0.0,0.0,0.0,0.0,0.0,0.0,0.0,0.0,0.0,0.0,61.6,73,14,65513,50,65476,0,300,0,0,8,20529,65476,0,0,26214,60.0,0.0,0.0,0.0,0.0,0.0
2026-05-17T18:37:44,ERR,ERR,ERR,ERR,ERR,ERR,ERR,ERR,ERR,ERR,ERR,ERR,ERR,ERR,ERR,ERR,ERR,ERR,ERR,ERR,ERR,ERR,ERR,ERR,ERR,ERR,ERR,ERR,ERR,ERR,ERR,ERR,ERR,ERR,ERR,ERR,ERR,ERR,ERR,ERR,ERR,ERR,ERR,ERR,ERR,ERR,ERR,ERR,ERR,ERR,ERR,ERR,ERR,ERR,ERR,ERR,ERR,ERR,ERR,ERR,ERR,ERR,ERR,ERR,ERR,ERR,ERR,ERR,ERR,ERR,ERR,ERR,ERR,ERR,ERR,ERR,ERR,ERR,ERR,ERR,ERR,ERR,ERR,ERR,ERR,ERR,ERR,ERR,ERR,ERR,ERR,ERR,ERR,ERR,ERR,ERR,ERR,ERR,ERR,ERR,ERR,ERR,ERR,ERR,ERR,ERR,ERR,ERR,ERR,ERR,ERR,ERR,ERR,ERR,ERR,ERR,ERR,ERR,ERR,ERR,ERR,ERR,ERR,ERR,ERR,0.0,0.0,0.0,0.0,0.0,1.3936040501711995e+18,7.805,0.0,0,0,4,0,8422,0.0,45,0.0,0.0,0.0,0.0,0.0,0,0,0,0,0.0,0,0,0,0,0,0,0,0,0,0,0,0,0,0,0,0,0,0,0,0,0,0,0,0,0,0,0,0,0,0,0,0,0,38,14,7,45,65476,0,300,0,0,8,21553,0.0,-107605600.0,0.0,0.0,0.0,0.0,0.0,0.0,0.0,0.0,0.0,0.0,0.0,0.0,-2.596148429267414e+33,0.0,0.0,0.0,0.0,0.0,0.0,0.0,0.0,2.004,-0.0,0.0,0.0,0.0,0.0,0.0,5049.0,8608183296.0,0.0,0.0,0.0,-107615280.0,2.718429300292151e+23,0.0,0.0,0.0,0.0,53,-0.0,2.71841759093312e+23,0.0,0.0,0.0,0.0,0.0,0.0,0.0,0,0,0,0.0,0.0,0.0,0.0,0.0,0.0,0.0,0.0,0.0,0.0,0.0,0.0,0.0,0.0,0.0,0.0,0,-107875648.0,53,0.0,106,-107614832.0,0.0,ERR,ERR,ERR,ERR,ERR,ERR,ERR,ERR,ERR,ERR,ERR,ERR,ERR,ERR,ERR,ERR,ERR,ERR,ERR,ERR,ERR,ERR,ERR,ERR,ERR,ERR,ERR,ERR,ERR,ERR,ERR,ERR,ERR,ERR,ERR,ERR,ERR,ERR,ERR,ERR,ERR,ERR,ERR,ERR,ERR,ERR,ERR,ERR,ERR,ERR,ERR,ERR,ERR,ERR,ERR,ERR,ERR,ERR,ERR,ERR,ERR,ERR,ERR,ERR,ERR,ERR,ERR,50.0,60.0,100,0.0,0.0,0.0,0.0,0.0,0.0,0.0,0.0,0.0,0.0,0.0,0.0,0.0,0.0,0.0,0.0,62.0,73,14,65513,50,65476,0,300,0,0,8,20529,65476,0,0,26214,60.0,0.0,0.0,0.0,0.0,0.0
2026-05-17T18:37:45,ERR,ERR,ERR,ERR,ERR,ERR,ERR,ERR,ERR,ERR,ERR,ERR,ERR,ERR,ERR,ERR,ERR,ERR,ERR,ERR,ERR,ERR,ERR,ERR,ERR,ERR,ERR,ERR,ERR,ERR,ERR,ERR,ERR,ERR,ERR,ERR,ERR,ERR,ERR,ERR,ERR,ERR,ERR,ERR,ERR,ERR,ERR,ERR,ERR,ERR,ERR,ERR,ERR,ERR,ERR,ERR,ERR,ERR,ERR,ERR,ERR,ERR,ERR,ERR,ERR,ERR,ERR,ERR,ERR,ERR,ERR,ERR,ERR,ERR,ERR,ERR,ERR,ERR,ERR,ERR,ERR,ERR,ERR,ERR,ERR,ERR,ERR,ERR,ERR,ERR,ERR,ERR,ERR,ERR,ERR,ERR,ERR,ERR,ERR,ERR,ERR,ERR,ERR,ERR,ERR,ERR,ERR,ERR,ERR,ERR,ERR,ERR,ERR,ERR,ERR,ERR,ERR,ERR,ERR,ERR,ERR,ERR,ERR,ERR,ERR,0.0,0.0,0.0,0.0,0.0,1.3936040501711995e+18,7.805,0.0,0,0,4,0,8422,0.0,45,0.0,0.0,0.0,0.0,0.0,0,0,0,0,0.0,0,0,0,0,0,0,0,0,0,0,0,0,0,0,0,0,0,0,0,0,0,0,0,0,0,0,0,0,0,0,0,0,0,38,14,7,45,65476,0,300,0,0,8,21553,0.0,-107605600.0,0.0,0.0,0.0,0.0,0.0,0.0,0.0,0.0,0.0,0.0,0.0,0.0,0.0,0.0,0.0,0.0,0.0,0.0,0.0,0.0,2.004,2.004,-0.0,0.0,0.0,0.0,0.0,0.0,5050.0,0.0,0.0,0.0,0.0,-107615280.0,2.718429300292151e+23,0.0,0.0,0.0,0.0,53,-0.0,-3.222002767243768e+26,0.0,0.0,0.0,0.0,0.0,0.0,0.0,0,0,0,0.0,0.0,0.0,0.0,0.0,0.0,0.0,0.0,0.0,0.0,0.0,0.0,0.0,0.0,0.0,0.0,0,-107875648.0,53,0.0,106,-107614832.0,0.0,ERR,ERR,ERR,ERR,ERR,ERR,ERR,ERR,ERR,ERR,ERR,ERR,ERR,ERR,ERR,ERR,ERR,ERR,ERR,ERR,ERR,ERR,ERR,ERR,ERR,ERR,ERR,ERR,ERR,ERR,ERR,ERR,ERR,ERR,ERR,ERR,ERR,ERR,ERR,ERR,ERR,ERR,ERR,ERR,ERR,ERR,ERR,ERR,ERR,ERR,ERR,ERR,ERR,ERR,ERR,ERR,ERR,ERR,ERR,ERR,ERR,ERR,ERR,ERR,ERR,ERR,ERR,50.0,60.0,100,0.0,0.0,0.0,0.0,0.0,0.0,0.0,0.0,0.0,0.0,0.0,0.0,0.0,0.0,0.0,0.0,61.6,73,14,65513,50,65476,0,300,0,0,8,20529,65476,0,0,26214,60.0,0.0,0.0,0.0,0.0,0.0
2026-05-17T18:37:46,ERR,ERR,ERR,ERR,ERR,ERR,ERR,ERR,ERR,ERR,ERR,ERR,ERR,ERR,ERR,ERR,ERR,ERR,ERR,ERR,ERR,ERR,ERR,ERR,ERR,ERR,ERR,ERR,ERR,ERR,ERR,ERR,ERR,ERR,ERR,ERR,ERR,ERR,ERR,ERR,ERR,ERR,ERR,ERR,ERR,ERR,ERR,ERR,ERR,ERR,ERR,ERR,ERR,ERR,ERR,ERR,ERR,ERR,ERR,ERR,ERR,ERR,ERR,ERR,ERR,ERR,ERR,ERR,ERR,ERR,ERR,ERR,ERR,ERR,ERR,ERR,ERR,ERR,ERR,ERR,ERR,ERR,ERR,ERR,ERR,ERR,ERR,ERR,ERR,ERR,ERR,ERR,ERR,ERR,ERR,ERR,ERR,ERR,ERR,ERR,ERR,ERR,ERR,ERR,ERR,ERR,ERR,ERR,ERR,ERR,ERR,ERR,ERR,ERR,ERR,ERR,ERR,ERR,ERR,ERR,ERR,ERR,ERR,ERR,ERR,0.0,0.0,0.0,0.0,0.0,1.3936040501711995e+18,7.805,0.0,0,0,4,0,8422,0.0,45,0.0,0.0,0.0,0.0,0.0,0,0,0,0,0.0,0,0,0,0,0,0,0,0,0,0,0,0,0,0,0,0,0,0,0,0,0,0,0,0,0,0,0,0,0,0,0,0,0,38,14,7,45,65476,0,300,0,0,8,21553,0.0,-107605600.0,0.0,0.0,0.0,0.0,0.0,0.0,0.0,0.0,0.0,0.0,0.0,0.0,0.0,0.0,0.0,0.0,0.0,0.0,0.0,0.0,2.004,2.004,-0.0,0.0,0.0,0.0,0.0,0.0,5050.0,0.0,0.0,0.0,0.0,-107615280.0,2.718429300292151e+23,0.0,0.0,0.0,0.0,53,-0.0,-3.222002767243768e+26,0.0,0.0,0.0,0.0,0.0,0.0,0.0,0,0,0,0.0,0.0,0.0,0.0,0.0,0.0,0.0,0.0,0.0,0.0,0.0,0.0,0.0,0.0,0.0,0.0,0,-107875648.0,53,0.0,106,-107614832.0,0.0,ERR,ERR,ERR,ERR,ERR,ERR,ERR,ERR,ERR,ERR,ERR,ERR,ERR,ERR,ERR,ERR,ERR,ERR,ERR,ERR,ERR,ERR,ERR,ERR,ERR,ERR,ERR,ERR,ERR,ERR,ERR,ERR,ERR,ERR,ERR,ERR,ERR,ERR,ERR,ERR,ERR,ERR,ERR,ERR,ERR,ERR,ERR,ERR,ERR,ERR,ERR,ERR,ERR,ERR,ERR,ERR,ERR,ERR,ERR,ERR,ERR,ERR,ERR,ERR,ERR,ERR,ERR,50.0,60.0,100,0.0,0.0,0.0,0.0,0.0,0.0,0.0,0.0,0.0,0.0,0.0,0.0,0.0,0.0,0.0,0.0,61.6,73,14,65513,50,65476,0,300,0,0,8,20529,65476,0,0,26214,60.0,0.0,0.0,0.0,0.0,0.0
2026-05-17T18:37:47,ERR,ERR,ERR,ERR,ERR,ERR,ERR,ERR,ERR,ERR,ERR,ERR,ERR,ERR,ERR,ERR,ERR,ERR,ERR,ERR,ERR,ERR,ERR,ERR,ERR,ERR,ERR,ERR,ERR,ERR,ERR,ERR,ERR,ERR,ERR,ERR,ERR,ERR,ERR,ERR,ERR,ERR,ERR,ERR,ERR,ERR,ERR,ERR,ERR,ERR,ERR,ERR,ERR,ERR,ERR,ERR,ERR,ERR,ERR,ERR,ERR,ERR,ERR,ERR,ERR,ERR,ERR,ERR,ERR,ERR,ERR,ERR,ERR,ERR,ERR,ERR,ERR,ERR,ERR,ERR,ERR,ERR,ERR,ERR,ERR,ERR,ERR,ERR,ERR,ERR,ERR,ERR,ERR,ERR,ERR,ERR,ERR,ERR,ERR,ERR,ERR,ERR,ERR,ERR,ERR,ERR,ERR,ERR,ERR,ERR,ERR,ERR,ERR,ERR,ERR,ERR,ERR,ERR,ERR,ERR,ERR,ERR,ERR,ERR,ERR,0.0,0.0,0.0,0.0,0.0,1.3936040501711995e+18,7.805,0.0,0,0,4,0,8422,0.0,45,0.0,0.0,0.0,0.0,0.0,0,0,0,0,0.0,0,0,0,0,0,0,0,0,0,0,0,0,0,0,0,0,0,0,0,0,0,0,0,0,0,0,0,0,0,0,0,0,0,38,14,7,45,65476,0,300,0,0,8,21553,0.0,-107605600.0,0.0,0.0,0.0,0.0,0.0,0.0,0.0,0.0,0.0,0.0,0.0,0.0,0.0,0.0,0.0,0.0,0.0,0.0,0.0,0.0,2.004,2.004,-0.0,0.0,0.0,0.0,0.0,0.0,5050.0,0.0,0.0,0.0,0.0,-107615280.0,2.718429300292151e+23,0.0,0.0,0.0,0.0,53,-0.0,-3.222002767243768e+26,0.0,0.0,0.0,0.0,0.0,0.0,0.0,0,0,0,0.0,0.0,0.0,0.0,0.0,0.0,0.0,0.0,0.0,0.0,0.0,0.0,0.0,0.0,0.0,0.0,0,-107875648.0,53,0.0,106,-107614832.0,0.0,ERR,ERR,ERR,ERR,ERR,ERR,ERR,ERR,ERR,ERR,ERR,ERR,ERR,ERR,ERR,ERR,ERR,ERR,ERR,ERR,ERR,ERR,ERR,ERR,ERR,ERR,ERR,ERR,ERR,ERR,ERR,ERR,ERR,ERR,ERR,ERR,ERR,ERR,ERR,ERR,ERR,ERR,ERR,ERR,ERR,ERR,ERR,ERR,ERR,ERR,ERR,ERR,ERR,ERR,ERR,ERR,ERR,ERR,ERR,ERR,ERR,ERR,ERR,ERR,ERR,ERR,ERR,50.0,60.0,100,0.0,0.0,0.0,0.0,0.0,0.0,0.0,0.0,0.0,0.0,0.0,0.0,0.0,0.0,0.0,0.0,61.6,73,14,65513,50,65476,0,300,0,0,8,20529,65476,0,0,26214,60.0,0.0,0.0,0.0,0.0,0.0
2026-05-17T18:37:48,ERR,ERR,ERR,ERR,ERR,ERR,ERR,ERR,ERR,ERR,ERR,ERR,ERR,ERR,ERR,ERR,ERR,ERR,ERR,ERR,ERR,ERR,ERR,ERR,ERR,ERR,ERR,ERR,ERR,ERR,ERR,ERR,ERR,ERR,ERR,ERR,ERR,ERR,ERR,ERR,ERR,ERR,ERR,ERR,ERR,ERR,ERR,ERR,ERR,ERR,ERR,ERR,ERR,ERR,ERR,ERR,ERR,ERR,ERR,ERR,ERR,ERR,ERR,ERR,ERR,ERR,ERR,ERR,ERR,ERR,ERR,ERR,ERR,ERR,ERR,ERR,ERR,ERR,ERR,ERR,ERR,ERR,ERR,ERR,ERR,ERR,ERR,ERR,ERR,ERR,ERR,ERR,ERR,ERR,ERR,ERR,ERR,ERR,ERR,ERR,ERR,ERR,ERR,ERR,ERR,ERR,ERR,ERR,ERR,ERR,ERR,ERR,ERR,ERR,ERR,ERR,ERR,ERR,ERR,ERR,ERR,ERR,ERR,ERR,ERR,0.0,0.0,0.0,0.0,0.0,1.3936040501711995e+18,7.805,0.0,0,0,4,0,8422,0.0,45,0.0,0.0,0.0,0.0,0.0,0,0,0,0,0.0,0,0,0,0,0,0,0,0,0,0,0,0,0,0,0,0,0,0,0,0,0,0,0,0,0,0,0,0,0,0,0,0,0,38,14,7,45,65476,0,300,0,0,8,21553,0.0,-107605600.0,0.0,0.0,0.0,0.0,0.0,0.0,0.0,0.0,0.0,0.0,0.0,0.0,0.0,0.0,0.0,0.0,0.0,0.0,0.0,0.0,2.004,2.004,-0.0,0.0,0.0,0.0,0.0,0.0,5050.0,0.0,0.0,0.0,0.0,-107615280.0,2.718429300292151e+23,0.0,0.0,0.0,0.0,53,-0.0,-3.222002767243768e+26,0.0,0.0,0.0,0.0,0.0,0.0,0.0,0,0,0,0.0,0.0,0.0,0.0,0.0,0.0,0.0,0.0,0.0,0.0,0.0,0.0,0.0,0.0,0.0,0.0,0,-107875648.0,53,0.0,106,-107614832.0,0.0,ERR,ERR,ERR,ERR,ERR,ERR,ERR,ERR,ERR,ERR,ERR,ERR,ERR,ERR,ERR,ERR,ERR,ERR,ERR,ERR,ERR,ERR,ERR,ERR,ERR,ERR,ERR,ERR,ERR,ERR,ERR,ERR,ERR,ERR,ERR,ERR,ERR,ERR,ERR,ERR,ERR,ERR,ERR,ERR,ERR,ERR,ERR,ERR,ERR,ERR,ERR,ERR,ERR,ERR,ERR,ERR,ERR,ERR,ERR,ERR,ERR,ERR,ERR,ERR,ERR,ERR,ERR,50.0,60.0,100,0.0,0.0,0.0,0.0,0.0,0.0,0.0,0.0,0.0,0.0,0.0,0.0,0.0,0.0,0.0,0.0,61.6,73,14,65513,50,65476,0,300,0,0,8,20529,65476,0,0,26214,60.0,0.0,0.0,0.0,0.0,0.0
2026-05-17T18:37:49,ERR,ERR,ERR,ERR,ERR,ERR,ERR,ERR,ERR,ERR,ERR,ERR,ERR,ERR,ERR,ERR,ERR,ERR,ERR,ERR,ERR,ERR,ERR,ERR,ERR,ERR,ERR,ERR,ERR,ERR,ERR,ERR,ERR,ERR,ERR,ERR,ERR,ERR,ERR,ERR,ERR,ERR,ERR,ERR,ERR,ERR,ERR,ERR,ERR,ERR,ERR,ERR,ERR,ERR,ERR,ERR,ERR,ERR,ERR,ERR,ERR,ERR,ERR,ERR,ERR,ERR,ERR,ERR,ERR,ERR,ERR,ERR,ERR,ERR,ERR,ERR,ERR,ERR,ERR,ERR,ERR,ERR,ERR,ERR,ERR,ERR,ERR,ERR,ERR,ERR,ERR,ERR,ERR,ERR,ERR,ERR,ERR,ERR,ERR,ERR,ERR,ERR,ERR,ERR,ERR,ERR,ERR,ERR,ERR,ERR,ERR,ERR,ERR,ERR,ERR,ERR,ERR,ERR,ERR,ERR,ERR,ERR,ERR,ERR,ERR,0.0,0.0,0.0,0.0,0.0,1.3936040501711995e+18,7.805,0.0,0,0,4,0,8422,0.0,45,0.0,0.0,0.0,0.0,0.0,0,0,0,0,0.0,0,0,0,0,0,0,0,0,0,0,0,0,0,0,0,0,0,0,0,0,0,0,0,0,0,0,0,0,0,0,0,0,0,38,14,7,45,65476,0,300,0,0,8,21553,0.0,-107605600.0,0.0,0.0,0.0,0.0,0.0,0.0,0.0,0.0,0.0,0.0,0.0,0.0,0.0,0.0,0.0,0.0,0.0,0.0,0.0,0.0,2.004,2.004,-0.0,0.0,0.0,0.0,0.0,0.0,5050.0,0.0,0.0,0.0,0.0,-107615280.0,2.718429300292151e+23,0.0,0.0,0.0,0.0,53,-0.0,-3.222002767243768e+26,0.0,0.0,0.0,0.0,0.0,0.0,0.0,0,0,0,0.0,0.0,0.0,0.0,0.0,0.0,0.0,0.0,0.0,0.0,0.0,0.0,0.0,0.0,0.0,0.0,0,-107875648.0,53,0.0,106,-107614832.0,0.0,ERR,ERR,ERR,ERR,ERR,ERR,ERR,ERR,ERR,ERR,ERR,ERR,ERR,ERR,ERR,ERR,ERR,ERR,ERR,ERR,ERR,ERR,ERR,ERR,ERR,ERR,ERR,ERR,ERR,ERR,ERR,ERR,ERR,ERR,ERR,ERR,ERR,ERR,ERR,ERR,ERR,ERR,ERR,ERR,ERR,ERR,ERR,ERR,ERR,ERR,ERR,ERR,ERR,ERR,ERR,ERR,ERR,ERR,ERR,ERR,ERR,ERR,ERR,ERR,ERR,ERR,ERR,50.0,60.0,100,0.0,0.0,0.0,0.0,0.0,0.0,0.0,0.0,0.0,0.0,0.0,0.0,0.0,0.0,0.0,0.0,61.6,73,14,65513,50,65476,0,300,0,0,8,20529,65476,0,0,26214,60.0,0.0,0.0,0.0,0.0,0.0
2026-05-17T18:37:50,ERR,ERR,ERR,ERR,ERR,ERR,ERR,ERR,ERR,ERR,ERR,ERR,ERR,ERR,ERR,ERR,ERR,ERR,ERR,ERR,ERR,ERR,ERR,ERR,ERR,ERR,ERR,ERR,ERR,ERR,ERR,ERR,ERR,ERR,ERR,ERR,ERR,ERR,ERR,ERR,ERR,ERR,ERR,ERR,ERR,ERR,ERR,ERR,ERR,ERR,ERR,ERR,ERR,ERR,ERR,ERR,ERR,ERR,ERR,ERR,ERR,ERR,ERR,ERR,ERR,ERR,ERR,ERR,ERR,ERR,ERR,ERR,ERR,ERR,ERR,ERR,ERR,ERR,ERR,ERR,ERR,ERR,ERR,ERR,ERR,ERR,ERR,ERR,ERR,ERR,ERR,ERR,ERR,ERR,ERR,ERR,ERR,ERR,ERR,ERR,ERR,ERR,ERR,ERR,ERR,ERR,ERR,ERR,ERR,ERR,ERR,ERR,ERR,ERR,ERR,ERR,ERR,ERR,ERR,ERR,ERR,ERR,ERR,ERR,ERR,0.0,0.0,0.0,0.0,0.0,1.3936040501711995e+18,7.805,0.0,0,0,4,0,8422,0.0,45,0.0,0.0,0.0,0.0,0.0,0,0,0,0,0.0,0,0,0,0,0,0,0,0,0,0,0,0,0,0,0,0,0,0,0,0,0,0,0,0,0,0,0,0,0,0,0,0,0,38,14,7,45,65476,0,300,0,0,8,21553,0.0,-107605600.0,0.0,0.0,0.0,0.0,0.0,0.0,0.0,0.0,0.0,0.0,0.0,0.0,0.0,0.0,0.0,0.0,0.0,0.0,0.0,0.0,0.0,2.004,-0.0,0.0,0.0,0.0,0.0,0.0,5012.0,-3.697186133624698e+19,0.0,0.0,0.0,-107615280.0,2.718429300292151e+23,0.0,0.0,0.0,0.0,53,-0.0,-107614784.0,0.0,0.0,0.0,0.0,0.0,0.0,0.0,0,0,0,0.0,0.0,0.0,0.0,0.0,0.0,0.0,0.0,0.0,0.0,0.0,0.0,0.0,0.0,0.0,0.0,0,-107875648.0,53,0.0,106,-107614832.0,0.0,ERR,ERR,ERR,ERR,ERR,ERR,ERR,ERR,ERR,ERR,ERR,ERR,ERR,ERR,ERR,ERR,ERR,ERR,ERR,ERR,ERR,ERR,ERR,ERR,ERR,ERR,ERR,ERR,ERR,ERR,ERR,ERR,ERR,ERR,ERR,ERR,ERR,ERR,ERR,ERR,ERR,ERR,ERR,ERR,ERR,ERR,ERR,ERR,ERR,ERR,ERR,ERR,ERR,ERR,ERR,ERR,ERR,ERR,ERR,ERR,ERR,ERR,ERR,ERR,ERR,ERR,ERR,50.0,60.0,100,0.0,0.0,0.0,0.0,0.0,0.0,0.0,0.0,0.0,0.0,0.0,0.0,0.0,0.0,0.0,0.0,61.6,73,14,65513,50,65476,0,300,0,0,8,20529,65476,0,0,26214,60.0,0.0,0.0,0.0,0.0,0.0
2026-05-17T18:37:51,ERR,ERR,ERR,ERR,ERR,ERR,ERR,ERR,ERR,ERR,ERR,ERR,ERR,ERR,ERR,ERR,ERR,ERR,ERR,ERR,ERR,ERR,ERR,ERR,ERR,ERR,ERR,ERR,ERR,ERR,ERR,ERR,ERR,ERR,ERR,ERR,ERR,ERR,ERR,ERR,ERR,ERR,ERR,ERR,ERR,ERR,ERR,ERR,ERR,ERR,ERR,ERR,ERR,ERR,ERR,ERR,ERR,ERR,ERR,ERR,ERR,ERR,ERR,ERR,ERR,ERR,ERR,ERR,ERR,ERR,ERR,ERR,ERR,ERR,ERR,ERR,ERR,ERR,ERR,ERR,ERR,ERR,ERR,ERR,ERR,ERR,ERR,ERR,ERR,ERR,ERR,ERR,ERR,ERR,ERR,ERR,ERR,ERR,ERR,ERR,ERR,ERR,ERR,ERR,ERR,ERR,ERR,ERR,ERR,ERR,ERR,ERR,ERR,ERR,ERR,ERR,ERR,ERR,ERR,ERR,ERR,ERR,ERR,ERR,ERR,0.0,0.0,0.0,0.0,0.0,1.3936040501711995e+18,7.805,0.0,0,0,4,0,8422,0.0,45,0.0,0.0,0.0,0.0,0.0,0,0,0,0,0.0,0,0,0,0,0,0,0,0,0,0,0,0,0,0,0,0,0,0,0,0,0,0,0,0,0,0,0,0,0,0,0,0,0,38,14,7,45,65476,0,300,0,0,8,21553,0.0,-107605600.0,0.0,0.0,0.0,0.0,0.0,0.0,0.0,0.0,0.0,0.0,0.0,0.0,0.0,0.0,0.0,0.0,0.0,0.0,0.0,0.0,0.0,2.004,-0.0,0.0,0.0,0.0,0.0,0.0,5012.0,-3.697186133624698e+19,0.0,0.0,0.0,-107615280.0,2.718429300292151e+23,0.0,0.0,0.0,0.0,53,-0.0,-107614784.0,0.0,0.0,0.0,0.0,0.0,0.0,0.0,0,0,0,0.0,0.0,0.0,0.0,0.0,0.0,0.0,0.0,0.0,0.0,0.0,0.0,0.0,0.0,0.0,0.0,0,-107875648.0,53,0.0,106,-107614832.0,0.0,ERR,ERR,ERR,ERR,ERR,ERR,ERR,ERR,ERR,ERR,ERR,ERR,ERR,ERR,ERR,ERR,ERR,ERR,ERR,ERR,ERR,ERR,ERR,ERR,ERR,ERR,ERR,ERR,ERR,ERR,ERR,ERR,ERR,ERR,ERR,ERR,ERR,ERR,ERR,ERR,ERR,ERR,ERR,ERR,ERR,ERR,ERR,ERR,ERR,ERR,ERR,ERR,ERR,ERR,ERR,ERR,ERR,ERR,ERR,ERR,ERR,ERR,ERR,ERR,ERR,ERR,ERR,50.0,60.0,100,0.0,0.0,0.0,0.0,0.0,0.0,0.0,0.0,0.0,0.0,0.0,0.0,0.0,0.0,0.0,0.0,62.0,73,14,65513,50,65476,0,300,0,0,8,20529,65476,0,0,26214,60.0,0.0,0.0,0.0,0.0,0.0
2026-05-17T18:37:52,ERR,ERR,ERR,ERR,ERR,ERR,ERR,ERR,ERR,ERR,ERR,ERR,ERR,ERR,ERR,ERR,ERR,ERR,ERR,ERR,ERR,ERR,ERR,ERR,ERR,ERR,ERR,ERR,ERR,ERR,ERR,ERR,ERR,ERR,ERR,ERR,ERR,ERR,ERR,ERR,ERR,ERR,ERR,ERR,ERR,ERR,ERR,ERR,ERR,ERR,ERR,ERR,ERR,ERR,ERR,ERR,ERR,ERR,ERR,ERR,ERR,ERR,ERR,ERR,ERR,ERR,ERR,ERR,ERR,ERR,ERR,ERR,ERR,ERR,ERR,ERR,ERR,ERR,ERR,ERR,ERR,ERR,ERR,ERR,ERR,ERR,ERR,ERR,ERR,ERR,ERR,ERR,ERR,ERR,ERR,ERR,ERR,ERR,ERR,ERR,ERR,ERR,ERR,ERR,ERR,ERR,ERR,ERR,ERR,ERR,ERR,ERR,ERR,ERR,ERR,ERR,ERR,ERR,ERR,ERR,ERR,ERR,ERR,ERR,ERR,0.0,0.0,0.0,0.0,0.0,1.3936040501711995e+18,7.805,0.0,0,0,4,0,8422,0.0,45,0.0,0.0,0.0,0.0,0.0,0,0,0,0,0.0,0,0,0,0,0,0,0,0,0,0,0,0,0,0,0,0,0,0,0,0,0,0,0,0,0,0,0,0,0,0,0,0,0,38,14,7,45,65476,0,300,0,0,8,21553,0.0,-107605600.0,0.0,0.0,0.0,0.0,0.0,0.0,0.0,0.0,0.0,0.0,0.0,0.0,0.0,0.0,0.0,0.0,0.0,0.0,0.0,0.0,0.0,2.004,-0.0,0.0,0.0,0.0,0.0,0.0,5012.0,-3.697186133624698e+19,0.0,0.0,0.0,-107615280.0,2.718429300292151e+23,0.0,0.0,0.0,0.0,53,-0.0,-107614784.0,0.0,0.0,0.0,0.0,0.0,0.0,0.0,0,0,0,0.0,0.0,0.0,0.0,0.0,0.0,0.0,0.0,0.0,0.0,0.0,0.0,0.0,0.0,0.0,0.0,0,-107875648.0,53,0.0,106,-107614832.0,0.0,ERR,ERR,ERR,ERR,ERR,ERR,ERR,ERR,ERR,ERR,ERR,ERR,ERR,ERR,ERR,ERR,ERR,ERR,ERR,ERR,ERR,ERR,ERR,ERR,ERR,ERR,ERR,ERR,ERR,ERR,ERR,ERR,ERR,ERR,ERR,ERR,ERR,ERR,ERR,ERR,ERR,ERR,ERR,ERR,ERR,ERR,ERR,ERR,ERR,ERR,ERR,ERR,ERR,ERR,ERR,ERR,ERR,ERR,ERR,ERR,ERR,ERR,ERR,ERR,ERR,ERR,ERR,50.0,60.0,100,0.0,0.0,0.0,0.0,0.0,0.0,0.0,0.0,0.0,0.0,0.0,0.0,0.0,0.0,0.0,0.0,62.0,73,14,65513,50,65476,0,300,0,0,8,20529,65476,0,0,26214,60.0,0.0,0.0,0.0,0.0,0.0
2026-05-17T18:37:53,ERR,ERR,ERR,ERR,ERR,ERR,ERR,ERR,ERR,ERR,ERR,ERR,ERR,ERR,ERR,ERR,ERR,ERR,ERR,ERR,ERR,ERR,ERR,ERR,ERR,ERR,ERR,ERR,ERR,ERR,ERR,ERR,ERR,ERR,ERR,ERR,ERR,ERR,ERR,ERR,ERR,ERR,ERR,ERR,ERR,ERR,ERR,ERR,ERR,ERR,ERR,ERR,ERR,ERR,ERR,ERR,ERR,ERR,ERR,ERR,ERR,ERR,ERR,ERR,ERR,ERR,ERR,ERR,ERR,ERR,ERR,ERR,ERR,ERR,ERR,ERR,ERR,ERR,ERR,ERR,ERR,ERR,ERR,ERR,ERR,ERR,ERR,ERR,ERR,ERR,ERR,ERR,ERR,ERR,ERR,ERR,ERR,ERR,ERR,ERR,ERR,ERR,ERR,ERR,ERR,ERR,ERR,ERR,ERR,ERR,ERR,ERR,ERR,ERR,ERR,ERR,ERR,ERR,ERR,ERR,ERR,ERR,ERR,ERR,ERR,0.0,0.0,0.0,0.0,0.0,1.3936040501711995e+18,7.805,0.0,0,0,4,0,8422,0.0,45,0.0,0.0,0.0,0.0,0.0,0,0,0,0,0.0,0,0,0,0,0,0,0,0,0,0,0,0,0,0,0,0,0,0,0,0,0,0,0,0,0,0,0,0,0,0,0,0,0,38,14,7,45,65476,0,300,0,0,8,21553,0.0,-107605600.0,0.0,0.0,0.0,0.0,0.0,0.0,0.0,0.0,0.0,0.0,0.0,0.0,0.0,0.0,0.0,0.0,0.0,0.0,0.0,0.0,0.0,2.004,-0.0,0.0,0.0,0.0,0.0,0.0,5012.0,-3.697186133624698e+19,0.0,0.0,0.0,-107615280.0,2.718429300292151e+23,0.0,0.0,0.0,0.0,53,-0.0,-107614784.0,0.0,0.0,0.0,0.0,0.0,0.0,0.0,0,0,0,0.0,0.0,0.0,0.0,0.0,0.0,0.0,0.0,0.0,0.0,0.0,0.0,0.0,0.0,0.0,0.0,0,-107875648.0,53,0.0,106,-107614832.0,0.0,ERR,ERR,ERR,ERR,ERR,ERR,ERR,ERR,ERR,ERR,ERR,ERR,ERR,ERR,ERR,ERR,ERR,ERR,ERR,ERR,ERR,ERR,ERR,ERR,ERR,ERR,ERR,ERR,ERR,ERR,ERR,ERR,ERR,ERR,ERR,ERR,ERR,ERR,ERR,ERR,ERR,ERR,ERR,ERR,ERR,ERR,ERR,ERR,ERR,ERR,ERR,ERR,ERR,ERR,ERR,ERR,ERR,ERR,ERR,ERR,ERR,ERR,ERR,ERR,ERR,ERR,ERR,50.0,60.0,100,0.0,0.0,0.0,0.0,0.0,0.0,0.0,0.0,0.0,0.0,0.0,0.0,0.0,0.0,0.0,0.0,61.6,73,14,65513,50,65476,0,300,0,0,8,20529,65476,0,0,26214,60.0,0.0,0.0,0.0,0.0,0.0
2026-05-17T18:37:54,ERR,ERR,ERR,ERR,ERR,ERR,ERR,ERR,ERR,ERR,ERR,ERR,ERR,ERR,ERR,ERR,ERR,ERR,ERR,ERR,ERR,ERR,ERR,ERR,ERR,ERR,ERR,ERR,ERR,ERR,ERR,ERR,ERR,ERR,ERR,ERR,ERR,ERR,ERR,ERR,ERR,ERR,ERR,ERR,ERR,ERR,ERR,ERR,ERR,ERR,ERR,ERR,ERR,ERR,ERR,ERR,ERR,ERR,ERR,ERR,ERR,ERR,ERR,ERR,ERR,ERR,ERR,ERR,ERR,ERR,ERR,ERR,ERR,ERR,ERR,ERR,ERR,ERR,ERR,ERR,ERR,ERR,ERR,ERR,ERR,ERR,ERR,ERR,ERR,ERR,ERR,ERR,ERR,ERR,ERR,ERR,ERR,ERR,ERR,ERR,ERR,ERR,ERR,ERR,ERR,ERR,ERR,ERR,ERR,ERR,ERR,ERR,ERR,ERR,ERR,ERR,ERR,ERR,ERR,ERR,ERR,ERR,ERR,ERR,ERR,0.0,0.0,0.0,0.0,0.0,1.3936040501711995e+18,7.805,0.0,0,0,4,0,8422,0.0,45,0.0,0.0,0.0,0.0,0.0,0,0,0,0,0.0,0,0,0,0,0,0,0,0,0,0,0,0,0,0,0,0,0,0,0,0,0,0,0,0,0,0,0,0,0,0,0,0,0,38,14,7,45,65476,0,300,0,0,8,21553,0.0,-107605600.0,0.0,0.0,0.0,0.0,0.0,0.0,0.0,0.0,0.0,0.0,0.0,0.0,0.0,0.0,0.0,0.0,0.0,0.0,0.0,0.0,0.0,2.004,-0.0,0.0,0.0,0.0,0.0,0.0,5012.0,-3.697186133624698e+19,0.0,0.0,0.0,-107615280.0,2.718429300292151e+23,0.0,0.0,0.0,0.0,53,-0.0,-107614784.0,0.0,0.0,0.0,0.0,0.0,0.0,0.0,0,0,0,0.0,0.0,0.0,0.0,0.0,0.0,0.0,0.0,0.0,0.0,0.0,0.0,0.0,0.0,0.0,0.0,0,-107875648.0,53,0.0,106,-107614832.0,0.0,ERR,ERR,ERR,ERR,ERR,ERR,ERR,ERR,ERR,ERR,ERR,ERR,ERR,ERR,ERR,ERR,ERR,ERR,ERR,ERR,ERR,ERR,ERR,ERR,ERR,ERR,ERR,ERR,ERR,ERR,ERR,ERR,ERR,ERR,ERR,ERR,ERR,ERR,ERR,ERR,ERR,ERR,ERR,ERR,ERR,ERR,ERR,ERR,ERR,ERR,ERR,ERR,ERR,ERR,ERR,ERR,ERR,ERR,ERR,ERR,ERR,ERR,ERR,ERR,ERR,ERR,ERR,50.0,60.0,100,0.0,0.0,0.0,0.0,0.0,0.0,0.0,0.0,0.0,0.0,0.0,0.0,0.0,0.0,0.0,0.0,61.6,73,14,65513,50,65476,0,300,0,0,8,20529,65476,0,0,26214,60.0,0.0,0.0,0.0,0.0,0.0
2026-05-17T18:37:55,ERR,ERR,ERR,ERR,ERR,ERR,ERR,ERR,ERR,ERR,ERR,ERR,ERR,ERR,ERR,ERR,ERR,ERR,ERR,ERR,ERR,ERR,ERR,ERR,ERR,ERR,ERR,ERR,ERR,ERR,ERR,ERR,ERR,ERR,ERR,ERR,ERR,ERR,ERR,ERR,ERR,ERR,ERR,ERR,ERR,ERR,ERR,ERR,ERR,ERR,ERR,ERR,ERR,ERR,ERR,ERR,ERR,ERR,ERR,ERR,ERR,ERR,ERR,ERR,ERR,ERR,ERR,ERR,ERR,ERR,ERR,ERR,ERR,ERR,ERR,ERR,ERR,ERR,ERR,ERR,ERR,ERR,ERR,ERR,ERR,ERR,ERR,ERR,ERR,ERR,ERR,ERR,ERR,ERR,ERR,ERR,ERR,ERR,ERR,ERR,ERR,ERR,ERR,ERR,ERR,ERR,ERR,ERR,ERR,ERR,ERR,ERR,ERR,ERR,ERR,ERR,ERR,ERR,ERR,ERR,ERR,ERR,ERR,ERR,ERR,0.0,0.0,0.0,0.0,0.0,1.3936040501711995e+18,7.805,0.0,0,0,4,0,8422,0.0,45,0.0,0.0,0.0,0.0,0.0,0,0,0,0,0.0,0,0,0,0,0,0,0,0,0,0,0,0,0,0,0,0,0,0,0,0,0,0,0,0,0,0,0,0,0,0,0,0,0,38,14,7,45,65476,0,300,0,0,8,21553,0.0,-107605600.0,0.0,0.0,0.0,0.0,0.0,0.0,0.0,0.0,0.0,0.0,0.0,0.0,0.0,0.0,0.0,0.0,0.0,0.0,0.0,0.0,0.0,2.004,-0.0,0.0,0.0,0.0,0.0,0.0,5046.0,0.0,0.0,0.0,0.0,-107615280.0,2.718429300292151e+23,0.0,0.0,0.0,0.0,53,-0.0,0.0,0.0,0.0,0.0,0.0,0.0,0.0,0.0,0,0,0,0.0,0.0,0.0,0.0,0.0,0.0,0.0,0.0,0.0,0.0,0.0,0.0,0.0,0.0,0.0,0.0,0,-107875648.0,53,0.0,106,-107614832.0,0.0,ERR,ERR,ERR,ERR,ERR,ERR,ERR,ERR,ERR,ERR,ERR,ERR,ERR,ERR,ERR,ERR,ERR,ERR,ERR,ERR,ERR,ERR,ERR,ERR,ERR,ERR,ERR,ERR,ERR,ERR,ERR,ERR,ERR,ERR,ERR,ERR,ERR,ERR,ERR,ERR,ERR,ERR,ERR,ERR,ERR,ERR,ERR,ERR,ERR,ERR,ERR,ERR,ERR,ERR,ERR,ERR,ERR,ERR,ERR,ERR,ERR,ERR,ERR,ERR,ERR,ERR,ERR,50.0,60.0,100,0.0,0.0,0.0,0.0,0.0,0.0,0.0,0.0,0.0,0.0,0.0,0.0,0.0,0.0,0.0,0.0,61.6,73,14,65513,50,65476,0,300,0,0,8,20529,65476,0,0,26214,60.0,0.0,0.0,0.0,0.0,0.0
2026-05-17T18:37:56,ERR,ERR,ERR,ERR,ERR,ERR,ERR,ERR,ERR,ERR,ERR,ERR,ERR,ERR,ERR,ERR,ERR,ERR,ERR,ERR,ERR,ERR,ERR,ERR,ERR,ERR,ERR,ERR,ERR,ERR,ERR,ERR,ERR,ERR,ERR,ERR,ERR,ERR,ERR,ERR,ERR,ERR,ERR,ERR,ERR,ERR,ERR,ERR,ERR,ERR,ERR,ERR,ERR,ERR,ERR,ERR,ERR,ERR,ERR,ERR,ERR,ERR,ERR,ERR,ERR,ERR,ERR,ERR,ERR,ERR,ERR,ERR,ERR,ERR,ERR,ERR,ERR,ERR,ERR,ERR,ERR,ERR,ERR,ERR,ERR,ERR,ERR,ERR,ERR,ERR,ERR,ERR,ERR,ERR,ERR,ERR,ERR,ERR,ERR,ERR,ERR,ERR,ERR,ERR,ERR,ERR,ERR,ERR,ERR,ERR,ERR,ERR,ERR,ERR,ERR,ERR,ERR,ERR,ERR,ERR,ERR,ERR,ERR,ERR,ERR,0.0,0.0,0.0,0.0,0.0,1.3936040501711995e+18,7.805,0.0,0,0,4,0,8422,0.0,45,0.0,0.0,0.0,0.0,0.0,0,0,0,0,0.0,0,0,0,0,0,0,0,0,0,0,0,0,0,0,0,0,0,0,0,0,0,0,0,0,0,0,0,0,0,0,0,0,0,38,14,7,45,65476,0,300,0,0,8,21553,0.0,-107605600.0,0.0,0.0,0.0,0.0,0.0,0.0,0.0,0.0,0.0,0.0,0.0,0.0,0.0,0.0,0.0,0.0,0.0,0.0,0.0,0.0,0.0,2.004,-0.0,0.0,0.0,0.0,0.0,0.0,5046.0,0.0,0.0,0.0,0.0,-107615280.0,2.718429300292151e+23,0.0,0.0,0.0,0.0,53,-0.0,0.0,0.0,0.0,0.0,0.0,0.0,0.0,0.0,0,0,0,0.0,0.0,0.0,0.0,0.0,0.0,0.0,0.0,0.0,0.0,0.0,0.0,0.0,0.0,0.0,0.0,0,-107875648.0,53,0.0,106,-107614832.0,0.0,ERR,ERR,ERR,ERR,ERR,ERR,ERR,ERR,ERR,ERR,ERR,ERR,ERR,ERR,ERR,ERR,ERR,ERR,ERR,ERR,ERR,ERR,ERR,ERR,ERR,ERR,ERR,ERR,ERR,ERR,ERR,ERR,ERR,ERR,ERR,ERR,ERR,ERR,ERR,ERR,ERR,ERR,ERR,ERR,ERR,ERR,ERR,ERR,ERR,ERR,ERR,ERR,ERR,ERR,ERR,ERR,ERR,ERR,ERR,ERR,ERR,ERR,ERR,ERR,ERR,ERR,ERR,50.0,60.0,100,0.0,0.0,0.0,0.0,0.0,0.0,0.0,0.0,0.0,0.0,0.0,0.0,0.0,0.0,0.0,0.0,61.6,73,14,65513,50,65476,0,300,0,0,8,20529,65476,0,0,26214,60.0,0.0,0.0,0.0,0.0,0.0
2026-05-17T18:37:57,ERR,ERR,ERR,ERR,ERR,ERR,ERR,ERR,ERR,ERR,ERR,ERR,ERR,ERR,ERR,ERR,ERR,ERR,ERR,ERR,ERR,ERR,ERR,ERR,ERR,ERR,ERR,ERR,ERR,ERR,ERR,ERR,ERR,ERR,ERR,ERR,ERR,ERR,ERR,ERR,ERR,ERR,ERR,ERR,ERR,ERR,ERR,ERR,ERR,ERR,ERR,ERR,ERR,ERR,ERR,ERR,ERR,ERR,ERR,ERR,ERR,ERR,ERR,ERR,ERR,ERR,ERR,ERR,ERR,ERR,ERR,ERR,ERR,ERR,ERR,ERR,ERR,ERR,ERR,ERR,ERR,ERR,ERR,ERR,ERR,ERR,ERR,ERR,ERR,ERR,ERR,ERR,ERR,ERR,ERR,ERR,ERR,ERR,ERR,ERR,ERR,ERR,ERR,ERR,ERR,ERR,ERR,ERR,ERR,ERR,ERR,ERR,ERR,ERR,ERR,ERR,ERR,ERR,ERR,ERR,ERR,ERR,ERR,ERR,ERR,0.0,0.0,0.0,0.0,0.0,1.3936040501711995e+18,7.805,0.0,0,0,4,0,8422,0.0,45,0.0,0.0,0.0,0.0,0.0,0,0,0,0,0.0,0,0,0,0,0,0,0,0,0,0,0,0,0,0,0,0,0,0,0,0,0,0,0,0,0,0,0,0,0,0,0,0,0,38,14,7,45,65476,0,300,0,0,8,21553,0.0,-107605600.0,0.0,0.0,0.0,0.0,0.0,0.0,0.0,0.0,0.0,0.0,0.0,0.0,0.0,0.0,0.0,0.0,0.0,0.0,0.0,0.0,0.0,2.004,-0.0,0.0,0.0,0.0,0.0,0.0,5046.0,0.0,0.0,0.0,0.0,-107615280.0,2.718429300292151e+23,0.0,0.0,0.0,0.0,53,-0.0,0.0,0.0,0.0,0.0,0.0,0.0,0.0,0.0,0,0,0,0.0,0.0,0.0,0.0,0.0,0.0,0.0,0.0,0.0,0.0,0.0,0.0,0.0,0.0,0.0,0.0,0,-107875648.0,53,0.0,106,-107614832.0,0.0,ERR,ERR,ERR,ERR,ERR,ERR,ERR,ERR,ERR,ERR,ERR,ERR,ERR,ERR,ERR,ERR,ERR,ERR,ERR,ERR,ERR,ERR,ERR,ERR,ERR,ERR,ERR,ERR,ERR,ERR,ERR,ERR,ERR,ERR,ERR,ERR,ERR,ERR,ERR,ERR,ERR,ERR,ERR,ERR,ERR,ERR,ERR,ERR,ERR,ERR,ERR,ERR,ERR,ERR,ERR,ERR,ERR,ERR,ERR,ERR,ERR,ERR,ERR,ERR,ERR,ERR,ERR,50.0,60.0,100,0.0,0.0,0.0,0.0,0.0,0.0,0.0,0.0,0.0,0.0,0.0,0.0,0.0,0.0,0.0,0.0,61.6,73,14,65513,50,65476,0,300,0,0,8,20529,65476,0,0,26214,60.0,0.0,0.0,0.0,0.0,0.0
2026-05-17T18:37:58,ERR,ERR,ERR,ERR,ERR,ERR,ERR,ERR,ERR,ERR,ERR,ERR,ERR,ERR,ERR,ERR,ERR,ERR,ERR,ERR,ERR,ERR,ERR,ERR,ERR,ERR,ERR,ERR,ERR,ERR,ERR,ERR,ERR,ERR,ERR,ERR,ERR,ERR,ERR,ERR,ERR,ERR,ERR,ERR,ERR,ERR,ERR,ERR,ERR,ERR,ERR,ERR,ERR,ERR,ERR,ERR,ERR,ERR,ERR,ERR,ERR,ERR,ERR,ERR,ERR,ERR,ERR,ERR,ERR,ERR,ERR,ERR,ERR,ERR,ERR,ERR,ERR,ERR,ERR,ERR,ERR,ERR,ERR,ERR,ERR,ERR,ERR,ERR,ERR,ERR,ERR,ERR,ERR,ERR,ERR,ERR,ERR,ERR,ERR,ERR,ERR,ERR,ERR,ERR,ERR,ERR,ERR,ERR,ERR,ERR,ERR,ERR,ERR,ERR,ERR,ERR,ERR,ERR,ERR,ERR,ERR,ERR,ERR,ERR,ERR,0.0,0.0,0.0,0.0,0.0,1.3936040501711995e+18,7.805,0.0,0,0,4,0,8422,0.0,45,0.0,0.0,0.0,0.0,0.0,0,0,0,0,0.0,0,0,0,0,0,0,0,0,0,0,0,0,0,0,0,0,0,0,0,0,0,0,0,0,0,0,0,0,0,0,0,0,0,38,14,7,45,65476,0,300,0,0,8,21553,0.0,-107605600.0,0.0,0.0,0.0,0.0,0.0,0.0,0.0,0.0,0.0,0.0,0.0,0.0,0.0,0.0,0.0,0.0,0.0,0.0,0.0,0.0,0.0,2.004,-0.0,0.0,0.0,0.0,0.0,0.0,5046.0,0.0,0.0,0.0,0.0,-107615280.0,2.718429300292151e+23,0.0,0.0,0.0,0.0,53,-0.0,0.0,0.0,0.0,0.0,0.0,0.0,0.0,0.0,0,0,0,0.0,0.0,0.0,0.0,0.0,0.0,0.0,0.0,0.0,0.0,0.0,0.0,0.0,0.0,0.0,0.0,0,-107875648.0,53,0.0,106,-107614832.0,0.0,ERR,ERR,ERR,ERR,ERR,ERR,ERR,ERR,ERR,ERR,ERR,ERR,ERR,ERR,ERR,ERR,ERR,ERR,ERR,ERR,ERR,ERR,ERR,ERR,ERR,ERR,ERR,ERR,ERR,ERR,ERR,ERR,ERR,ERR,ERR,ERR,ERR,ERR,ERR,ERR,ERR,ERR,ERR,ERR,ERR,ERR,ERR,ERR,ERR,ERR,ERR,ERR,ERR,ERR,ERR,ERR,ERR,ERR,ERR,ERR,ERR,ERR,ERR,ERR,ERR,ERR,ERR,50.0,60.0,100,0.0,0.0,0.0,0.0,0.0,0.0,0.0,0.0,0.0,0.0,0.0,0.0,0.0,0.0,0.0,0.0,61.6,73,14,65513,50,65476,0,300,0,0,8,20529,65476,0,0,26214,60.0,0.0,0.0,0.0,0.0,0.0
2026-05-17T18:37:59,ERR,ERR,ERR,ERR,ERR,ERR,ERR,ERR,ERR,ERR,ERR,ERR,ERR,ERR,ERR,ERR,ERR,ERR,ERR,ERR,ERR,ERR,ERR,ERR,ERR,ERR,ERR,ERR,ERR,ERR,ERR,ERR,ERR,ERR,ERR,ERR,ERR,ERR,ERR,ERR,ERR,ERR,ERR,ERR,ERR,ERR,ERR,ERR,ERR,ERR,ERR,ERR,ERR,ERR,ERR,ERR,ERR,ERR,ERR,ERR,ERR,ERR,ERR,ERR,ERR,ERR,ERR,ERR,ERR,ERR,ERR,ERR,ERR,ERR,ERR,ERR,ERR,ERR,ERR,ERR,ERR,ERR,ERR,ERR,ERR,ERR,ERR,ERR,ERR,ERR,ERR,ERR,ERR,ERR,ERR,ERR,ERR,ERR,ERR,ERR,ERR,ERR,ERR,ERR,ERR,ERR,ERR,ERR,ERR,ERR,ERR,ERR,ERR,ERR,ERR,ERR,ERR,ERR,ERR,ERR,ERR,ERR,ERR,ERR,ERR,0.0,0.0,0.0,0.0,0.0,1.3936040501711995e+18,7.805,0.0,0,0,4,0,8422,0.0,45,0.0,0.0,0.0,0.0,0.0,0,0,0,0,0.0,0,0,0,0,0,0,0,0,0,0,0,0,0,0,0,0,0,0,0,0,0,0,0,0,0,0,0,0,0,0,0,0,0,38,14,7,45,65476,0,300,0,0,8,21553,0.0,-107605600.0,0.0,0.0,0.0,0.0,0.0,0.0,0.0,0.0,0.0,0.0,0.0,0.0,0.0,0.0,0.0,0.0,0.0,0.0,0.0,0.0,0.0,2.004,-0.0,0.0,0.0,0.0,0.0,0.0,5046.0,0.0,0.0,0.0,0.0,-107615280.0,2.718429300292151e+23,0.0,0.0,0.0,0.0,53,-0.0,0.0,0.0,0.0,0.0,0.0,0.0,0.0,0.0,0,0,0,0.0,0.0,0.0,0.0,0.0,0.0,0.0,0.0,0.0,0.0,0.0,0.0,0.0,0.0,0.0,0.0,0,-107875648.0,53,0.0,106,-107614832.0,0.0,ERR,ERR,ERR,ERR,ERR,ERR,ERR,ERR,ERR,ERR,ERR,ERR,ERR,ERR,ERR,ERR,ERR,ERR,ERR,ERR,ERR,ERR,ERR,ERR,ERR,ERR,ERR,ERR,ERR,ERR,ERR,ERR,ERR,ERR,ERR,ERR,ERR,ERR,ERR,ERR,ERR,ERR,ERR,ERR,ERR,ERR,ERR,ERR,ERR,ERR,ERR,ERR,ERR,ERR,ERR,ERR,ERR,ERR,ERR,ERR,ERR,ERR,ERR,ERR,ERR,ERR,ERR,50.0,60.0,100,0.0,0.0,0.0,0.0,0.0,0.0,0.0,0.0,0.0,0.0,0.0,0.0,0.0,0.0,0.0,0.0,61.6,73,14,65513,50,65476,0,300,0,0,8,20529,65476,0,0,26214,60.0,0.0,0.0,0.0,0.0,0.0
2026-05-17T18:38:00,ERR,ERR,ERR,ERR,ERR,ERR,ERR,ERR,ERR,ERR,ERR,ERR,ERR,ERR,ERR,ERR,ERR,ERR,ERR,ERR,ERR,ERR,ERR,ERR,ERR,ERR,ERR,ERR,ERR,ERR,ERR,ERR,ERR,ERR,ERR,ERR,ERR,ERR,ERR,ERR,ERR,ERR,ERR,ERR,ERR,ERR,ERR,ERR,ERR,ERR,ERR,ERR,ERR,ERR,ERR,ERR,ERR,ERR,ERR,ERR,ERR,ERR,ERR,ERR,ERR,ERR,ERR,ERR,ERR,ERR,ERR,ERR,ERR,ERR,ERR,ERR,ERR,ERR,ERR,ERR,ERR,ERR,ERR,ERR,ERR,ERR,ERR,ERR,ERR,ERR,ERR,ERR,ERR,ERR,ERR,ERR,ERR,ERR,ERR,ERR,ERR,ERR,ERR,ERR,ERR,ERR,ERR,ERR,ERR,ERR,ERR,ERR,ERR,ERR,ERR,ERR,ERR,ERR,ERR,ERR,ERR,ERR,ERR,ERR,ERR,0.0,0.0,0.0,0.0,0.0,1.3936040501711995e+18,7.805,0.0,0,0,4,0,8422,0.0,45,0.0,0.0,0.0,0.0,0.0,0,0,0,0,0.0,0,0,0,0,0,0,0,0,0,0,0,0,0,0,0,0,0,0,0,0,0,0,0,0,0,0,0,0,0,0,0,0,0,38,14,7,45,65476,0,300,0,0,8,21553,0.0,-107605600.0,0.0,0.0,0.0,0.0,0.0,0.0,0.0,0.0,0.0,0.0,0.0,0.0,0.0,0.0,0.0,0.0,0.0,0.0,0.0,0.0,0.0,2.004,-0.0,0.0,0.0,0.0,0.0,0.0,5051.0,0.0,0.0,0.0,0.0,-107615280.0,2.718429300292151e+23,0.0,0.0,0.0,0.0,53,-0.0,0.0,0.0,0.0,0.0,0.0,0.0,0.0,0.0,0,0,0,0.0,0.0,0.0,0.0,0.0,0.0,0.0,0.0,0.0,0.0,0.0,0.0,0.0,0.0,0.0,0.0,0,-107875648.0,53,0.0,106,-107614832.0,0.0,ERR,ERR,ERR,ERR,ERR,ERR,ERR,ERR,ERR,ERR,ERR,ERR,ERR,ERR,ERR,ERR,ERR,ERR,ERR,ERR,ERR,ERR,ERR,ERR,ERR,ERR,ERR,ERR,ERR,ERR,ERR,ERR,ERR,ERR,ERR,ERR,ERR,ERR,ERR,ERR,ERR,ERR,ERR,ERR,ERR,ERR,ERR,ERR,ERR,ERR,ERR,ERR,ERR,ERR,ERR,ERR,ERR,ERR,ERR,ERR,ERR,ERR,ERR,ERR,ERR,ERR,ERR,50.0,60.0,100,0.0,0.0,0.0,0.0,0.0,0.0,0.0,0.0,0.0,0.0,0.0,0.0,0.0,0.0,0.0,0.0,61.6,73,14,65513,50,65476,0,300,0,0,8,20529,65476,0,0,26214,60.0,0.0,0.0,0.0,0.0,0.0
2026-05-17T18:38:01,ERR,ERR,ERR,ERR,ERR,ERR,ERR,ERR,ERR,ERR,ERR,ERR,ERR,ERR,ERR,ERR,ERR,ERR,ERR,ERR,ERR,ERR,ERR,ERR,ERR,ERR,ERR,ERR,ERR,ERR,ERR,ERR,ERR,ERR,ERR,ERR,ERR,ERR,ERR,ERR,ERR,ERR,ERR,ERR,ERR,ERR,ERR,ERR,ERR,ERR,ERR,ERR,ERR,ERR,ERR,ERR,ERR,ERR,ERR,ERR,ERR,ERR,ERR,ERR,ERR,ERR,ERR,ERR,ERR,ERR,ERR,ERR,ERR,ERR,ERR,ERR,ERR,ERR,ERR,ERR,ERR,ERR,ERR,ERR,ERR,ERR,ERR,ERR,ERR,ERR,ERR,ERR,ERR,ERR,ERR,ERR,ERR,ERR,ERR,ERR,ERR,ERR,ERR,ERR,ERR,ERR,ERR,ERR,ERR,ERR,ERR,ERR,ERR,ERR,ERR,ERR,ERR,ERR,ERR,ERR,ERR,ERR,ERR,ERR,ERR,0.0,0.0,0.0,0.0,0.0,1.3936040501711995e+18,7.805,0.0,0,0,4,0,8422,0.0,45,0.0,0.0,0.0,0.0,0.0,0,0,0,0,0.0,0,0,0,0,0,0,0,0,0,0,0,0,0,0,0,0,0,0,0,0,0,0,0,0,0,0,0,0,0,0,0,0,0,38,14,7,45,65476,0,300,0,0,8,21553,0.0,-107605600.0,0.0,0.0,0.0,0.0,0.0,0.0,0.0,0.0,0.0,0.0,0.0,0.0,0.0,0.0,0.0,0.0,0.0,0.0,0.0,0.0,0.0,2.004,-0.0,0.0,0.0,0.0,0.0,0.0,5051.0,0.0,0.0,0.0,0.0,-107615280.0,2.718429300292151e+23,0.0,0.0,0.0,0.0,53,-0.0,0.0,0.0,0.0,0.0,0.0,0.0,0.0,0.0,0,0,0,0.0,0.0,0.0,0.0,0.0,0.0,0.0,0.0,0.0,0.0,0.0,0.0,0.0,0.0,0.0,0.0,0,-107875648.0,53,0.0,106,-107614832.0,0.0,ERR,ERR,ERR,ERR,ERR,ERR,ERR,ERR,ERR,ERR,ERR,ERR,ERR,ERR,ERR,ERR,ERR,ERR,ERR,ERR,ERR,ERR,ERR,ERR,ERR,ERR,ERR,ERR,ERR,ERR,ERR,ERR,ERR,ERR,ERR,ERR,ERR,ERR,ERR,ERR,ERR,ERR,ERR,ERR,ERR,ERR,ERR,ERR,ERR,ERR,ERR,ERR,ERR,ERR,ERR,ERR,ERR,ERR,ERR,ERR,ERR,ERR,ERR,ERR,ERR,ERR,ERR,50.0,60.0,100,0.0,0.0,0.0,0.0,0.0,0.0,0.0,0.0,0.0,0.0,0.0,0.0,0.0,0.0,0.0,0.0,61.6,73,14,65513,50,65476,0,300,0,0,8,20529,65476,0,0,26214,60.0,0.0,0.0,0.0,0.0,0.0
2026-05-17T18:38:02,ERR,ERR,ERR,ERR,ERR,ERR,ERR,ERR,ERR,ERR,ERR,ERR,ERR,ERR,ERR,ERR,ERR,ERR,ERR,ERR,ERR,ERR,ERR,ERR,ERR,ERR,ERR,ERR,ERR,ERR,ERR,ERR,ERR,ERR,ERR,ERR,ERR,ERR,ERR,ERR,ERR,ERR,ERR,ERR,ERR,ERR,ERR,ERR,ERR,ERR,ERR,ERR,ERR,ERR,ERR,ERR,ERR,ERR,ERR,ERR,ERR,ERR,ERR,ERR,ERR,ERR,ERR,ERR,ERR,ERR,ERR,ERR,ERR,ERR,ERR,ERR,ERR,ERR,ERR,ERR,ERR,ERR,ERR,ERR,ERR,ERR,ERR,ERR,ERR,ERR,ERR,ERR,ERR,ERR,ERR,ERR,ERR,ERR,ERR,ERR,ERR,ERR,ERR,ERR,ERR,ERR,ERR,ERR,ERR,ERR,ERR,ERR,ERR,ERR,ERR,ERR,ERR,ERR,ERR,ERR,ERR,ERR,ERR,ERR,ERR,0.0,0.0,0.0,0.0,0.0,1.3936040501711995e+18,7.805,0.0,0,0,4,0,8422,0.0,45,0.0,0.0,0.0,0.0,0.0,0,0,0,0,0.0,0,0,0,0,0,0,0,0,0,0,0,0,0,0,0,0,0,0,0,0,0,0,0,0,0,0,0,0,0,0,0,0,0,38,14,7,45,65476,0,300,0,0,8,21553,0.0,-107605600.0,0.0,0.0,0.0,0.0,0.0,0.0,0.0,0.0,0.0,0.0,0.0,0.0,0.0,0.0,0.0,0.0,0.0,0.0,0.0,0.0,0.0,2.004,-0.0,0.0,0.0,0.0,0.0,0.0,5051.0,0.0,0.0,0.0,0.0,-107615280.0,2.718429300292151e+23,0.0,0.0,0.0,0.0,53,-0.0,0.0,0.0,0.0,0.0,0.0,0.0,0.0,0.0,0,0,0,0.0,0.0,0.0,0.0,0.0,0.0,0.0,0.0,0.0,0.0,0.0,0.0,0.0,0.0,0.0,0.0,0,-107875648.0,53,0.0,106,-107614832.0,0.0,ERR,ERR,ERR,ERR,ERR,ERR,ERR,ERR,ERR,ERR,ERR,ERR,ERR,ERR,ERR,ERR,ERR,ERR,ERR,ERR,ERR,ERR,ERR,ERR,ERR,ERR,ERR,ERR,ERR,ERR,ERR,ERR,ERR,ERR,ERR,ERR,ERR,ERR,ERR,ERR,ERR,ERR,ERR,ERR,ERR,ERR,ERR,ERR,ERR,ERR,ERR,ERR,ERR,ERR,ERR,ERR,ERR,ERR,ERR,ERR,ERR,ERR,ERR,ERR,ERR,ERR,ERR,50.0,60.0,100,0.0,0.0,0.0,0.0,0.0,0.0,0.0,0.0,0.0,0.0,0.0,0.0,0.0,0.0,0.0,0.0,61.6,73,14,65513,50,65476,0,300,0,0,8,20529,65476,0,0,26214,60.0,0.0,0.0,0.0,0.0,0.0
2026-05-17T18:38:03,ERR,ERR,ERR,ERR,ERR,ERR,ERR,ERR,ERR,ERR,ERR,ERR,ERR,ERR,ERR,ERR,ERR,ERR,ERR,ERR,ERR,ERR,ERR,ERR,ERR,ERR,ERR,ERR,ERR,ERR,ERR,ERR,ERR,ERR,ERR,ERR,ERR,ERR,ERR,ERR,ERR,ERR,ERR,ERR,ERR,ERR,ERR,ERR,ERR,ERR,ERR,ERR,ERR,ERR,ERR,ERR,ERR,ERR,ERR,ERR,ERR,ERR,ERR,ERR,ERR,ERR,ERR,ERR,ERR,ERR,ERR,ERR,ERR,ERR,ERR,ERR,ERR,ERR,ERR,ERR,ERR,ERR,ERR,ERR,ERR,ERR,ERR,ERR,ERR,ERR,ERR,ERR,ERR,ERR,ERR,ERR,ERR,ERR,ERR,ERR,ERR,ERR,ERR,ERR,ERR,ERR,ERR,ERR,ERR,ERR,ERR,ERR,ERR,ERR,ERR,ERR,ERR,ERR,ERR,ERR,ERR,ERR,ERR,ERR,ERR,0.0,0.0,0.0,0.0,0.0,1.3936040501711995e+18,7.805,0.0,0,0,4,0,8422,0.0,45,0.0,0.0,0.0,0.0,0.0,0,0,0,0,0.0,0,0,0,0,0,0,0,0,0,0,0,0,0,0,0,0,0,0,0,0,0,0,0,0,0,0,0,0,0,0,0,0,0,38,14,7,45,65476,0,300,0,0,8,21553,0.0,-107605600.0,0.0,0.0,0.0,0.0,0.0,0.0,0.0,0.0,0.0,0.0,0.0,0.0,0.0,0.0,0.0,0.0,0.0,0.0,0.0,0.0,0.0,2.004,-0.0,0.0,0.0,0.0,0.0,0.0,5051.0,0.0,0.0,0.0,0.0,-107615280.0,2.718429300292151e+23,0.0,0.0,0.0,0.0,53,-0.0,0.0,0.0,0.0,0.0,0.0,0.0,0.0,0.0,0,0,0,0.0,0.0,0.0,0.0,0.0,0.0,0.0,0.0,0.0,0.0,0.0,0.0,0.0,0.0,0.0,0.0,0,-107875648.0,53,0.0,106,-107614832.0,0.0,ERR,ERR,ERR,ERR,ERR,ERR,ERR,ERR,ERR,ERR,ERR,ERR,ERR,ERR,ERR,ERR,ERR,ERR,ERR,ERR,ERR,ERR,ERR,ERR,ERR,ERR,ERR,ERR,ERR,ERR,ERR,ERR,ERR,ERR,ERR,ERR,ERR,ERR,ERR,ERR,ERR,ERR,ERR,ERR,ERR,ERR,ERR,ERR,ERR,ERR,ERR,ERR,ERR,ERR,ERR,ERR,ERR,ERR,ERR,ERR,ERR,ERR,ERR,ERR,ERR,ERR,ERR,50.0,60.0,100,0.0,0.0,0.0,0.0,0.0,0.0,0.0,0.0,0.0,0.0,0.0,0.0,0.0,0.0,0.0,0.0,61.6,73,14,65513,50,65476,0,300,0,0,8,20529,65476,0,0,26214,60.0,0.0,0.0,0.0,0.0,0.0
2026-05-17T18:38:04,ERR,ERR,ERR,ERR,ERR,ERR,ERR,ERR,ERR,ERR,ERR,ERR,ERR,ERR,ERR,ERR,ERR,ERR,ERR,ERR,ERR,ERR,ERR,ERR,ERR,ERR,ERR,ERR,ERR,ERR,ERR,ERR,ERR,ERR,ERR,ERR,ERR,ERR,ERR,ERR,ERR,ERR,ERR,ERR,ERR,ERR,ERR,ERR,ERR,ERR,ERR,ERR,ERR,ERR,ERR,ERR,ERR,ERR,ERR,ERR,ERR,ERR,ERR,ERR,ERR,ERR,ERR,ERR,ERR,ERR,ERR,ERR,ERR,ERR,ERR,ERR,ERR,ERR,ERR,ERR,ERR,ERR,ERR,ERR,ERR,ERR,ERR,ERR,ERR,ERR,ERR,ERR,ERR,ERR,ERR,ERR,ERR,ERR,ERR,ERR,ERR,ERR,ERR,ERR,ERR,ERR,ERR,ERR,ERR,ERR,ERR,ERR,ERR,ERR,ERR,ERR,ERR,ERR,ERR,ERR,ERR,ERR,ERR,ERR,ERR,0.0,0.0,0.0,0.0,0.0,1.3936040501711995e+18,7.805,0.0,0,0,4,0,8422,0.0,45,0.0,0.0,0.0,0.0,0.0,0,0,0,0,0.0,0,0,0,0,0,0,0,0,0,0,0,0,0,0,0,0,0,0,0,0,0,0,0,0,0,0,0,0,0,0,0,0,0,38,14,7,45,65476,0,300,0,0,8,21553,0.0,-107605600.0,0.0,0.0,0.0,0.0,0.0,0.0,0.0,0.0,0.0,0.0,0.0,0.0,0.0,0.0,0.0,0.0,0.0,0.0,0.0,0.0,0.0,2.004,-0.0,0.0,0.0,0.0,0.0,0.0,5051.0,0.0,0.0,0.0,0.0,-107615280.0,2.718429300292151e+23,0.0,0.0,0.0,0.0,53,-0.0,0.0,0.0,0.0,0.0,0.0,0.0,0.0,0.0,0,0,0,0.0,0.0,0.0,0.0,0.0,0.0,0.0,0.0,0.0,0.0,0.0,0.0,0.0,0.0,0.0,0.0,0,-107875648.0,53,0.0,106,-107614832.0,0.0,ERR,ERR,ERR,ERR,ERR,ERR,ERR,ERR,ERR,ERR,ERR,ERR,ERR,ERR,ERR,ERR,ERR,ERR,ERR,ERR,ERR,ERR,ERR,ERR,ERR,ERR,ERR,ERR,ERR,ERR,ERR,ERR,ERR,ERR,ERR,ERR,ERR,ERR,ERR,ERR,ERR,ERR,ERR,ERR,ERR,ERR,ERR,ERR,ERR,ERR,ERR,ERR,ERR,ERR,ERR,ERR,ERR,ERR,ERR,ERR,ERR,ERR,ERR,ERR,ERR,ERR,ERR,50.0,60.0,100,0.0,0.0,0.0,0.0,0.0,0.0,0.0,0.0,0.0,0.0,0.0,0.0,0.0,0.0,0.0,0.0,61.6,73,14,65513,50,65476,0,300,0,0,8,20529,65476,0,0,26214,60.0,0.0,0.0,0.0,0.0,0.0
2026-05-17T18:38:05,ERR,ERR,ERR,ERR,ERR,ERR,ERR,ERR,ERR,ERR,ERR,ERR,ERR,ERR,ERR,ERR,ERR,ERR,ERR,ERR,ERR,ERR,ERR,ERR,ERR,ERR,ERR,ERR,ERR,ERR,ERR,ERR,ERR,ERR,ERR,ERR,ERR,ERR,ERR,ERR,ERR,ERR,ERR,ERR,ERR,ERR,ERR,ERR,ERR,ERR,ERR,ERR,ERR,ERR,ERR,ERR,ERR,ERR,ERR,ERR,ERR,ERR,ERR,ERR,ERR,ERR,ERR,ERR,ERR,ERR,ERR,ERR,ERR,ERR,ERR,ERR,ERR,ERR,ERR,ERR,ERR,ERR,ERR,ERR,ERR,ERR,ERR,ERR,ERR,ERR,ERR,ERR,ERR,ERR,ERR,ERR,ERR,ERR,ERR,ERR,ERR,ERR,ERR,ERR,ERR,ERR,ERR,ERR,ERR,ERR,ERR,ERR,ERR,ERR,ERR,ERR,ERR,ERR,ERR,ERR,ERR,ERR,ERR,ERR,ERR,0.0,0.0,-134474944.0,0.0,0.0,1.3936040501711995e+18,7.805,0.0,0,0,4,0,8422,0.0,45,0.0,0.0,0.0,0.0,0.0,0,0,0,0,0.0,0,0,0,0,0,0,0,0,0,0,0,0,0,0,0,0,0,0,0,0,0,0,0,0,0,0,0,0,0,0,0,0,0,38,14,7,45,65476,0,300,0,0,8,21553,0.0,-107605600.0,0.0,0.0,0.0,0.0,0.0,0.0,0.0,0.0,0.0,0.0,0.0,0.0,0.0,0.0,0.0,0.0,0.0,0.0,0.0,0.0,0.0,2.004,-0.0,0.0,0.0,0.0,0.0,0.0,5018.0,-564145833377792.0,0.0,0.0,0.0,-107615280.0,2.718429300292151e+23,0.0,0.0,0.0,0.0,53,-0.0,-71.629,0.0,0.0,0.0,0.0,0.0,0.0,0.0,0,0,0,0.0,0.0,0.0,0.0,0.0,0.0,0.0,0.0,0.0,0.0,0.0,0.0,0.0,0.0,0.0,0.0,0,-107875648.0,53,0.0,106,-107614832.0,0.0,ERR,ERR,ERR,ERR,ERR,ERR,ERR,ERR,ERR,ERR,ERR,ERR,ERR,ERR,ERR,ERR,ERR,ERR,ERR,ERR,ERR,ERR,ERR,ERR,ERR,ERR,ERR,ERR,ERR,ERR,ERR,ERR,ERR,ERR,ERR,ERR,ERR,ERR,ERR,ERR,ERR,ERR,ERR,ERR,ERR,ERR,ERR,ERR,ERR,ERR,ERR,ERR,ERR,ERR,ERR,ERR,ERR,ERR,ERR,ERR,ERR,ERR,ERR,ERR,ERR,ERR,ERR,50.0,60.0,100,0.0,0.0,0.0,0.0,0.0,0.0,0.0,0.0,0.0,0.0,0.0,0.0,0.0,0.0,0.0,0.0,61.6,73,14,65513,50,65476,0,300,0,0,8,20529,65476,0,0,26214,60.0,0.0,0.0,0.0,0.0,0.0
2026-05-17T18:38:06,ERR,ERR,ERR,ERR,ERR,ERR,ERR,ERR,ERR,ERR,ERR,ERR,ERR,ERR,ERR,ERR,ERR,ERR,ERR,ERR,ERR,ERR,ERR,ERR,ERR,ERR,ERR,ERR,ERR,ERR,ERR,ERR,ERR,ERR,ERR,ERR,ERR,ERR,ERR,ERR,ERR,ERR,ERR,ERR,ERR,ERR,ERR,ERR,ERR,ERR,ERR,ERR,ERR,ERR,ERR,ERR,ERR,ERR,ERR,ERR,ERR,ERR,ERR,ERR,ERR,ERR,ERR,ERR,ERR,ERR,ERR,ERR,ERR,ERR,ERR,ERR,ERR,ERR,ERR,ERR,ERR,ERR,ERR,ERR,ERR,ERR,ERR,ERR,ERR,ERR,ERR,ERR,ERR,ERR,ERR,ERR,ERR,ERR,ERR,ERR,ERR,ERR,ERR,ERR,ERR,ERR,ERR,ERR,ERR,ERR,ERR,ERR,ERR,ERR,ERR,ERR,ERR,ERR,ERR,ERR,ERR,ERR,ERR,ERR,ERR,0.0,0.0,-134474944.0,0.0,0.0,1.3936040501711995e+18,7.805,0.0,0,0,4,0,8422,0.0,45,0.0,0.0,0.0,0.0,0.0,0,0,0,0,0.0,0,0,0,0,0,0,0,0,0,0,0,0,0,0,0,0,0,0,0,0,0,0,0,0,0,0,0,0,0,0,0,0,0,38,14,7,45,65476,0,300,0,0,8,21553,0.0,-107605600.0,0.0,0.0,0.0,0.0,0.0,0.0,0.0,0.0,0.0,0.0,0.0,0.0,0.0,0.0,0.0,0.0,0.0,0.0,0.0,0.0,0.0,2.004,-0.0,0.0,0.0,0.0,0.0,0.0,5018.0,-564145833377792.0,0.0,0.0,0.0,-107615280.0,2.718429300292151e+23,0.0,0.0,0.0,0.0,53,-0.0,-71.629,0.0,0.0,0.0,0.0,0.0,0.0,0.0,0,0,0,0.0,0.0,0.0,0.0,0.0,0.0,0.0,0.0,0.0,0.0,0.0,0.0,0.0,0.0,0.0,0.0,0,-107875648.0,53,0.0,106,-107614832.0,0.0,ERR,ERR,ERR,ERR,ERR,ERR,ERR,ERR,ERR,ERR,ERR,ERR,ERR,ERR,ERR,ERR,ERR,ERR,ERR,ERR,ERR,ERR,ERR,ERR,ERR,ERR,ERR,ERR,ERR,ERR,ERR,ERR,ERR,ERR,ERR,ERR,ERR,ERR,ERR,ERR,ERR,ERR,ERR,ERR,ERR,ERR,ERR,ERR,ERR,ERR,ERR,ERR,ERR,ERR,ERR,ERR,ERR,ERR,ERR,ERR,ERR,ERR,ERR,ERR,ERR,ERR,ERR,50.0,60.0,100,0.0,0.0,0.0,0.0,0.0,0.0,0.0,0.0,0.0,0.0,0.0,0.0,0.0,0.0,0.0,0.0,61.6,73,14,65513,50,65476,0,300,0,0,8,20529,65476,0,0,26214,60.0,0.0,0.0,0.0,0.0,0.0
2026-05-17T18:38:07,ERR,ERR,ERR,ERR,ERR,ERR,ERR,ERR,ERR,ERR,ERR,ERR,ERR,ERR,ERR,ERR,ERR,ERR,ERR,ERR,ERR,ERR,ERR,ERR,ERR,ERR,ERR,ERR,ERR,ERR,ERR,ERR,ERR,ERR,ERR,ERR,ERR,ERR,ERR,ERR,ERR,ERR,ERR,ERR,ERR,ERR,ERR,ERR,ERR,ERR,ERR,ERR,ERR,ERR,ERR,ERR,ERR,ERR,ERR,ERR,ERR,ERR,ERR,ERR,ERR,ERR,ERR,ERR,ERR,ERR,ERR,ERR,ERR,ERR,ERR,ERR,ERR,ERR,ERR,ERR,ERR,ERR,ERR,ERR,ERR,ERR,ERR,ERR,ERR,ERR,ERR,ERR,ERR,ERR,ERR,ERR,ERR,ERR,ERR,ERR,ERR,ERR,ERR,ERR,ERR,ERR,ERR,ERR,ERR,ERR,ERR,ERR,ERR,ERR,ERR,ERR,ERR,ERR,ERR,ERR,ERR,ERR,ERR,ERR,ERR,0.0,0.0,-134474944.0,0.0,0.0,1.3936040501711995e+18,7.805,0.0,0,0,4,0,8422,0.0,45,0.0,0.0,0.0,0.0,0.0,0,0,0,0,0.0,0,0,0,0,0,0,0,0,0,0,0,0,0,0,0,0,0,0,0,0,0,0,0,0,0,0,0,0,0,0,0,0,0,38,14,7,45,65476,0,300,0,0,8,21553,0.0,-107605600.0,0.0,0.0,0.0,0.0,0.0,0.0,0.0,0.0,0.0,0.0,0.0,0.0,0.0,0.0,0.0,0.0,0.0,0.0,0.0,0.0,0.0,2.004,-0.0,0.0,0.0,0.0,0.0,0.0,5018.0,-564145833377792.0,0.0,0.0,0.0,-107615280.0,2.718429300292151e+23,0.0,0.0,0.0,0.0,53,-0.0,-71.629,0.0,0.0,0.0,0.0,0.0,0.0,0.0,0,0,0,0.0,0.0,0.0,0.0,0.0,0.0,0.0,0.0,0.0,0.0,0.0,0.0,0.0,0.0,0.0,0.0,0,-107875648.0,53,0.0,106,-107614832.0,0.0,ERR,ERR,ERR,ERR,ERR,ERR,ERR,ERR,ERR,ERR,ERR,ERR,ERR,ERR,ERR,ERR,ERR,ERR,ERR,ERR,ERR,ERR,ERR,ERR,ERR,ERR,ERR,ERR,ERR,ERR,ERR,ERR,ERR,ERR,ERR,ERR,ERR,ERR,ERR,ERR,ERR,ERR,ERR,ERR,ERR,ERR,ERR,ERR,ERR,ERR,ERR,ERR,ERR,ERR,ERR,ERR,ERR,ERR,ERR,ERR,ERR,ERR,ERR,ERR,ERR,ERR,ERR,50.0,60.0,100,0.0,0.0,0.0,0.0,0.0,0.0,0.0,0.0,0.0,0.0,0.0,0.0,0.0,0.0,0.0,0.0,61.6,73,14,65513,50,65476,0,300,0,0,8,20529,65476,0,0,26214,60.0,0.0,0.0,0.0,0.0,0.0
2026-05-17T18:38:08,ERR,ERR,ERR,ERR,ERR,ERR,ERR,ERR,ERR,ERR,ERR,ERR,ERR,ERR,ERR,ERR,ERR,ERR,ERR,ERR,ERR,ERR,ERR,ERR,ERR,ERR,ERR,ERR,ERR,ERR,ERR,ERR,ERR,ERR,ERR,ERR,ERR,ERR,ERR,ERR,ERR,ERR,ERR,ERR,ERR,ERR,ERR,ERR,ERR,ERR,ERR,ERR,ERR,ERR,ERR,ERR,ERR,ERR,ERR,ERR,ERR,ERR,ERR,ERR,ERR,ERR,ERR,ERR,ERR,ERR,ERR,ERR,ERR,ERR,ERR,ERR,ERR,ERR,ERR,ERR,ERR,ERR,ERR,ERR,ERR,ERR,ERR,ERR,ERR,ERR,ERR,ERR,ERR,ERR,ERR,ERR,ERR,ERR,ERR,ERR,ERR,ERR,ERR,ERR,ERR,ERR,ERR,ERR,ERR,ERR,ERR,ERR,ERR,ERR,ERR,ERR,ERR,ERR,ERR,ERR,ERR,ERR,ERR,ERR,ERR,0.0,0.0,-134474944.0,0.0,0.0,1.3936040501711995e+18,7.805,0.0,0,0,4,0,8422,0.0,45,0.0,0.0,0.0,0.0,0.0,0,0,0,0,0.0,0,0,0,0,0,0,0,0,0,0,0,0,0,0,0,0,0,0,0,0,0,0,0,0,0,0,0,0,0,0,0,0,0,38,14,7,45,65476,0,300,0,0,8,21553,0.0,-107605600.0,0.0,0.0,0.0,0.0,0.0,0.0,0.0,0.0,0.0,0.0,0.0,0.0,0.0,0.0,0.0,0.0,0.0,0.0,0.0,0.0,0.0,2.004,-0.0,0.0,0.0,0.0,0.0,0.0,5018.0,-564145833377792.0,0.0,0.0,0.0,-107615280.0,2.718429300292151e+23,0.0,0.0,0.0,0.0,53,-0.0,-71.629,0.0,0.0,0.0,0.0,0.0,0.0,0.0,0,0,0,0.0,0.0,0.0,0.0,0.0,0.0,0.0,0.0,0.0,0.0,0.0,0.0,0.0,0.0,0.0,0.0,0,-107875648.0,53,0.0,106,-107614832.0,0.0,ERR,ERR,ERR,ERR,ERR,ERR,ERR,ERR,ERR,ERR,ERR,ERR,ERR,ERR,ERR,ERR,ERR,ERR,ERR,ERR,ERR,ERR,ERR,ERR,ERR,ERR,ERR,ERR,ERR,ERR,ERR,ERR,ERR,ERR,ERR,ERR,ERR,ERR,ERR,ERR,ERR,ERR,ERR,ERR,ERR,ERR,ERR,ERR,ERR,ERR,ERR,ERR,ERR,ERR,ERR,ERR,ERR,ERR,ERR,ERR,ERR,ERR,ERR,ERR,ERR,ERR,ERR,50.0,60.0,100,0.0,0.0,0.0,0.0,0.0,0.0,0.0,0.0,0.0,0.0,0.0,0.0,0.0,0.0,0.0,0.0,61.6,73,14,65513,50,65476,0,300,0,0,8,20529,65476,0,0,26214,60.0,0.0,0.0,0.0,0.0,0.0
2026-05-17T18:38:09,ERR,ERR,ERR,ERR,ERR,ERR,ERR,ERR,ERR,ERR,ERR,ERR,ERR,ERR,ERR,ERR,ERR,ERR,ERR,ERR,ERR,ERR,ERR,ERR,ERR,ERR,ERR,ERR,ERR,ERR,ERR,ERR,ERR,ERR,ERR,ERR,ERR,ERR,ERR,ERR,ERR,ERR,ERR,ERR,ERR,ERR,ERR,ERR,ERR,ERR,ERR,ERR,ERR,ERR,ERR,ERR,ERR,ERR,ERR,ERR,ERR,ERR,ERR,ERR,ERR,ERR,ERR,ERR,ERR,ERR,ERR,ERR,ERR,ERR,ERR,ERR,ERR,ERR,ERR,ERR,ERR,ERR,ERR,ERR,ERR,ERR,ERR,ERR,ERR,ERR,ERR,ERR,ERR,ERR,ERR,ERR,ERR,ERR,ERR,ERR,ERR,ERR,ERR,ERR,ERR,ERR,ERR,ERR,ERR,ERR,ERR,ERR,ERR,ERR,ERR,ERR,ERR,ERR,ERR,ERR,ERR,ERR,ERR,ERR,ERR,0.0,0.0,-134474944.0,0.0,0.0,1.3936040501711995e+18,7.805,0.0,0,0,4,0,8422,0.0,45,0.0,0.0,0.0,0.0,0.0,0,0,0,0,0.0,0,0,0,0,0,0,0,0,0,0,0,0,0,0,0,0,0,0,0,0,0,0,0,0,0,0,0,0,0,0,0,0,0,38,14,7,45,65476,0,300,0,0,8,21553,0.0,-107605600.0,0.0,0.0,0.0,0.0,0.0,0.0,0.0,0.0,0.0,0.0,0.0,0.0,0.0,0.0,0.0,0.0,0.0,0.0,0.0,0.0,0.0,2.004,-0.0,0.0,0.0,0.0,0.0,0.0,5018.0,-564145833377792.0,0.0,0.0,0.0,-107615280.0,2.718429300292151e+23,0.0,0.0,0.0,0.0,53,-0.0,-71.629,0.0,0.0,0.0,0.0,0.0,0.0,0.0,0,0,0,0.0,0.0,0.0,0.0,0.0,0.0,0.0,0.0,0.0,0.0,0.0,0.0,0.0,0.0,0.0,0.0,0,-107875648.0,53,0.0,106,-107614832.0,0.0,ERR,ERR,ERR,ERR,ERR,ERR,ERR,ERR,ERR,ERR,ERR,ERR,ERR,ERR,ERR,ERR,ERR,ERR,ERR,ERR,ERR,ERR,ERR,ERR,ERR,ERR,ERR,ERR,ERR,ERR,ERR,ERR,ERR,ERR,ERR,ERR,ERR,ERR,ERR,ERR,ERR,ERR,ERR,ERR,ERR,ERR,ERR,ERR,ERR,ERR,ERR,ERR,ERR,ERR,ERR,ERR,ERR,ERR,ERR,ERR,ERR,ERR,ERR,ERR,ERR,ERR,ERR,50.0,60.0,100,0.0,0.0,0.0,0.0,0.0,0.0,0.0,0.0,0.0,0.0,0.0,0.0,0.0,0.0,0.0,0.0,61.6,73,14,65513,50,65476,0,300,0,0,8,20529,65476,0,0,26214,60.0,0.0,0.0,0.0,0.0,0.0
2026-05-17T18:38:10,ERR,ERR,ERR,ERR,ERR,ERR,ERR,ERR,ERR,ERR,ERR,ERR,ERR,ERR,ERR,ERR,ERR,ERR,ERR,ERR,ERR,ERR,ERR,ERR,ERR,ERR,ERR,ERR,ERR,ERR,ERR,ERR,ERR,ERR,ERR,ERR,ERR,ERR,ERR,ERR,ERR,ERR,ERR,ERR,ERR,ERR,ERR,ERR,ERR,ERR,ERR,ERR,ERR,ERR,ERR,ERR,ERR,ERR,ERR,ERR,ERR,ERR,ERR,ERR,ERR,ERR,ERR,ERR,ERR,ERR,ERR,ERR,ERR,ERR,ERR,ERR,ERR,ERR,ERR,ERR,ERR,ERR,ERR,ERR,ERR,ERR,ERR,ERR,ERR,ERR,ERR,ERR,ERR,ERR,ERR,ERR,ERR,ERR,ERR,ERR,ERR,ERR,ERR,ERR,ERR,ERR,ERR,ERR,ERR,ERR,ERR,ERR,ERR,ERR,ERR,ERR,ERR,ERR,ERR,ERR,ERR,ERR,ERR,ERR,ERR,0.0,0.0,-134474944.0,0.0,0.0,1.3936040501711995e+18,7.805,0.0,0,0,4,0,8422,0.0,45,0.0,0.0,0.0,0.0,0.0,0,0,0,0,0.0,0,0,0,0,0,0,0,0,0,0,0,0,0,0,0,0,0,0,0,0,0,0,0,0,0,0,0,0,0,0,0,0,0,38,14,7,45,65476,0,300,0,0,8,21553,0.0,-107605600.0,0.0,0.0,0.0,0.0,0.0,0.0,0.0,0.0,0.0,0.0,0.0,0.0,0.0,0.0,0.0,0.0,0.0,0.0,0.0,0.0,0.0,2.004,-0.0,0.0,0.0,0.0,0.0,0.0,5018.0,-564145833377792.0,0.0,0.0,0.0,-107615280.0,2.718429300292151e+23,0.0,0.0,0.0,0.0,53,-0.0,-71.629,0.0,0.0,0.0,0.0,0.0,0.0,0.0,0,0,0,0.0,0.0,0.0,0.0,0.0,0.0,0.0,0.0,0.0,0.0,0.0,0.0,0.0,0.0,0.0,0.0,0,-107875648.0,53,0.0,106,-107614832.0,0.0,ERR,ERR,ERR,ERR,ERR,ERR,ERR,ERR,ERR,ERR,ERR,ERR,ERR,ERR,ERR,ERR,ERR,ERR,ERR,ERR,ERR,ERR,ERR,ERR,ERR,ERR,ERR,ERR,ERR,ERR,ERR,ERR,ERR,ERR,ERR,ERR,ERR,ERR,ERR,ERR,ERR,ERR,ERR,ERR,ERR,ERR,ERR,ERR,ERR,ERR,ERR,ERR,ERR,ERR,ERR,ERR,ERR,ERR,ERR,ERR,ERR,ERR,ERR,ERR,ERR,ERR,ERR,50.0,60.0,100,0.0,0.0,0.0,0.0,0.0,0.0,0.0,0.0,0.0,0.0,0.0,0.0,0.0,0.0,0.0,0.0,62.0,73,14,65513,50,65476,0,300,0,0,8,20529,65476,0,0,26214,60.0,0.0,0.0,0.0,0.0,0.0
2026-05-17T18:38:11,ERR,ERR,ERR,ERR,ERR,ERR,ERR,ERR,ERR,ERR,ERR,ERR,ERR,ERR,ERR,ERR,ERR,ERR,ERR,ERR,ERR,ERR,ERR,ERR,ERR,ERR,ERR,ERR,ERR,ERR,ERR,ERR,ERR,ERR,ERR,ERR,ERR,ERR,ERR,ERR,ERR,ERR,ERR,ERR,ERR,ERR,ERR,ERR,ERR,ERR,ERR,ERR,ERR,ERR,ERR,ERR,ERR,ERR,ERR,ERR,ERR,ERR,ERR,ERR,ERR,ERR,ERR,ERR,ERR,ERR,ERR,ERR,ERR,ERR,ERR,ERR,ERR,ERR,ERR,ERR,ERR,ERR,ERR,ERR,ERR,ERR,ERR,ERR,ERR,ERR,ERR,ERR,ERR,ERR,ERR,ERR,ERR,ERR,ERR,ERR,ERR,ERR,ERR,ERR,ERR,ERR,ERR,ERR,ERR,ERR,ERR,ERR,ERR,ERR,ERR,ERR,ERR,ERR,ERR,ERR,ERR,ERR,ERR,ERR,ERR,0.0,0.0,0.0,0.0,0.0,1.3936040501711995e+18,7.805,0.0,0,0,4,0,8422,0.0,45,0.0,0.0,0.0,0.0,0.0,0,0,0,0,0.0,0,0,0,0,0,0,0,0,0,0,0,0,0,0,0,0,0,0,0,0,0,0,0,0,0,0,0,0,0,0,0,0,0,38,14,7,45,65476,0,300,0,0,8,21553,0.0,-107605600.0,0.0,0.0,0.0,0.0,0.0,0.0,0.0,0.0,0.0,0.0,0.0,0.0,0.0,0.0,0.0,0.0,0.0,0.0,0.0,0.0,0.0,2.004,-0.0,0.0,0.0,0.0,0.0,0.0,5013.0,3.697186133624698e+19,0.0,0.0,0.0,-107615280.0,2.718429300292151e+23,0.0,0.0,0.0,0.0,53,-0.0,0.0,0.0,0.0,0.0,0.0,0.0,0.0,0.0,0,0,0,0.0,0.0,0.0,0.0,0.0,0.0,0.0,0.0,0.0,0.0,0.0,0.0,0.0,0.0,0.0,0.0,0,-107875648.0,53,0.0,106,-107614832.0,0.0,ERR,ERR,ERR,ERR,ERR,ERR,ERR,ERR,ERR,ERR,ERR,ERR,ERR,ERR,ERR,ERR,ERR,ERR,ERR,ERR,ERR,ERR,ERR,ERR,ERR,ERR,ERR,ERR,ERR,ERR,ERR,ERR,ERR,ERR,ERR,ERR,ERR,ERR,ERR,ERR,ERR,ERR,ERR,ERR,ERR,ERR,ERR,ERR,ERR,ERR,ERR,ERR,ERR,ERR,ERR,ERR,ERR,ERR,ERR,ERR,ERR,ERR,ERR,ERR,ERR,ERR,ERR,50.0,60.0,100,0.0,0.0,0.0,0.0,0.0,0.0,0.0,0.0,0.0,0.0,0.0,0.0,0.0,0.0,0.0,0.0,62.0,73,14,65513,50,65476,0,300,0,0,8,20529,65476,0,0,26214,60.0,0.0,0.0,0.0,0.0,0.0
2026-05-17T18:38:12,ERR,ERR,ERR,ERR,ERR,ERR,ERR,ERR,ERR,ERR,ERR,ERR,ERR,ERR,ERR,ERR,ERR,ERR,ERR,ERR,ERR,ERR,ERR,ERR,ERR,ERR,ERR,ERR,ERR,ERR,ERR,ERR,ERR,ERR,ERR,ERR,ERR,ERR,ERR,ERR,ERR,ERR,ERR,ERR,ERR,ERR,ERR,ERR,ERR,ERR,ERR,ERR,ERR,ERR,ERR,ERR,ERR,ERR,ERR,ERR,ERR,ERR,ERR,ERR,ERR,ERR,ERR,ERR,ERR,ERR,ERR,ERR,ERR,ERR,ERR,ERR,ERR,ERR,ERR,ERR,ERR,ERR,ERR,ERR,ERR,ERR,ERR,ERR,ERR,ERR,ERR,ERR,ERR,ERR,ERR,ERR,ERR,ERR,ERR,ERR,ERR,ERR,ERR,ERR,ERR,ERR,ERR,ERR,ERR,ERR,ERR,ERR,ERR,ERR,ERR,ERR,ERR,ERR,ERR,ERR,ERR,ERR,ERR,ERR,ERR,0.0,0.0,0.0,0.0,0.0,1.3936040501711995e+18,7.805,0.0,0,0,4,0,8422,0.0,45,0.0,0.0,0.0,0.0,0.0,0,0,0,0,0.0,0,0,0,0,0,0,0,0,0,0,0,0,0,0,0,0,0,0,0,0,0,0,0,0,0,0,0,0,0,0,0,0,0,38,14,7,45,65476,0,300,0,0,8,21553,0.0,-107605600.0,0.0,0.0,0.0,0.0,0.0,0.0,0.0,0.0,0.0,0.0,0.0,0.0,0.0,0.0,0.0,0.0,0.0,0.0,0.0,0.0,0.0,2.004,-0.0,0.0,0.0,0.0,0.0,0.0,5013.0,3.697186133624698e+19,0.0,0.0,0.0,-107615280.0,2.718429300292151e+23,0.0,0.0,0.0,0.0,53,-0.0,0.0,0.0,0.0,0.0,0.0,0.0,0.0,0.0,0,0,0,0.0,0.0,0.0,0.0,0.0,0.0,0.0,0.0,0.0,0.0,0.0,0.0,0.0,0.0,0.0,0.0,0,-107875648.0,53,0.0,106,-107614832.0,0.0,ERR,ERR,ERR,ERR,ERR,ERR,ERR,ERR,ERR,ERR,ERR,ERR,ERR,ERR,ERR,ERR,ERR,ERR,ERR,ERR,ERR,ERR,ERR,ERR,ERR,ERR,ERR,ERR,ERR,ERR,ERR,ERR,ERR,ERR,ERR,ERR,ERR,ERR,ERR,ERR,ERR,ERR,ERR,ERR,ERR,ERR,ERR,ERR,ERR,ERR,ERR,ERR,ERR,ERR,ERR,ERR,ERR,ERR,ERR,ERR,ERR,ERR,ERR,ERR,ERR,ERR,ERR,50.0,60.0,100,0.0,0.0,0.0,0.0,0.0,0.0,0.0,0.0,0.0,0.0,0.0,0.0,0.0,0.0,0.0,0.0,61.6,73,14,65513,50,65476,0,300,0,0,8,20529,65476,0,0,26214,60.0,0.0,0.0,0.0,0.0,0.0
2026-05-17T18:38:13,ERR,ERR,ERR,ERR,ERR,ERR,ERR,ERR,ERR,ERR,ERR,ERR,ERR,ERR,ERR,ERR,ERR,ERR,ERR,ERR,ERR,ERR,ERR,ERR,ERR,ERR,ERR,ERR,ERR,ERR,ERR,ERR,ERR,ERR,ERR,ERR,ERR,ERR,ERR,ERR,ERR,ERR,ERR,ERR,ERR,ERR,ERR,ERR,ERR,ERR,ERR,ERR,ERR,ERR,ERR,ERR,ERR,ERR,ERR,ERR,ERR,ERR,ERR,ERR,ERR,ERR,ERR,ERR,ERR,ERR,ERR,ERR,ERR,ERR,ERR,ERR,ERR,ERR,ERR,ERR,ERR,ERR,ERR,ERR,ERR,ERR,ERR,ERR,ERR,ERR,ERR,ERR,ERR,ERR,ERR,ERR,ERR,ERR,ERR,ERR,ERR,ERR,ERR,ERR,ERR,ERR,ERR,ERR,ERR,ERR,ERR,ERR,ERR,ERR,ERR,ERR,ERR,ERR,ERR,ERR,ERR,ERR,ERR,ERR,ERR,0.0,0.0,0.0,0.0,0.0,1.3936040501711995e+18,7.805,0.0,0,0,4,0,8422,0.0,45,0.0,0.0,0.0,0.0,0.0,0,0,0,0,0.0,0,0,0,0,0,0,0,0,0,0,0,0,0,0,0,0,0,0,0,0,0,0,0,0,0,0,0,0,0,0,0,0,0,38,14,7,45,65476,0,300,0,0,8,21553,0.0,-107605600.0,0.0,0.0,0.0,0.0,0.0,0.0,0.0,0.0,0.0,0.0,0.0,0.0,0.0,0.0,0.0,0.0,0.0,0.0,0.0,0.0,0.0,2.004,-0.0,0.0,0.0,0.0,0.0,0.0,5013.0,3.697186133624698e+19,0.0,0.0,0.0,-107615280.0,2.718429300292151e+23,0.0,0.0,0.0,0.0,53,-0.0,0.0,0.0,0.0,0.0,0.0,0.0,0.0,0.0,0,0,0,0.0,0.0,0.0,0.0,0.0,0.0,0.0,0.0,0.0,0.0,0.0,0.0,0.0,0.0,0.0,0.0,0,-107875648.0,53,0.0,106,-107614832.0,0.0,ERR,ERR,ERR,ERR,ERR,ERR,ERR,ERR,ERR,ERR,ERR,ERR,ERR,ERR,ERR,ERR,ERR,ERR,ERR,ERR,ERR,ERR,ERR,ERR,ERR,ERR,ERR,ERR,ERR,ERR,ERR,ERR,ERR,ERR,ERR,ERR,ERR,ERR,ERR,ERR,ERR,ERR,ERR,ERR,ERR,ERR,ERR,ERR,ERR,ERR,ERR,ERR,ERR,ERR,ERR,ERR,ERR,ERR,ERR,ERR,ERR,ERR,ERR,ERR,ERR,ERR,ERR,50.0,60.0,100,0.0,0.0,0.0,0.0,0.0,0.0,0.0,0.0,0.0,0.0,0.0,0.0,0.0,0.0,0.0,0.0,61.6,73,14,65513,50,65476,0,300,0,0,8,20529,65476,0,0,26214,60.0,0.0,0.0,0.0,0.0,0.0
2026-05-17T18:38:14,ERR,ERR,ERR,ERR,ERR,ERR,ERR,ERR,ERR,ERR,ERR,ERR,ERR,ERR,ERR,ERR,ERR,ERR,ERR,ERR,ERR,ERR,ERR,ERR,ERR,ERR,ERR,ERR,ERR,ERR,ERR,ERR,ERR,ERR,ERR,ERR,ERR,ERR,ERR,ERR,ERR,ERR,ERR,ERR,ERR,ERR,ERR,ERR,ERR,ERR,ERR,ERR,ERR,ERR,ERR,ERR,ERR,ERR,ERR,ERR,ERR,ERR,ERR,ERR,ERR,ERR,ERR,ERR,ERR,ERR,ERR,ERR,ERR,ERR,ERR,ERR,ERR,ERR,ERR,ERR,ERR,ERR,ERR,ERR,ERR,ERR,ERR,ERR,ERR,ERR,ERR,ERR,ERR,ERR,ERR,ERR,ERR,ERR,ERR,ERR,ERR,ERR,ERR,ERR,ERR,ERR,ERR,ERR,ERR,ERR,ERR,ERR,ERR,ERR,ERR,ERR,ERR,ERR,ERR,ERR,ERR,ERR,ERR,ERR,ERR,0.0,0.0,0.0,0.0,0.0,1.3936040501711995e+18,7.805,0.0,0,0,4,0,8422,0.0,45,0.0,0.0,0.0,0.0,0.0,0,0,0,0,0.0,0,0,0,0,0,0,0,0,0,0,0,0,0,0,0,0,0,0,0,0,0,0,0,0,0,0,0,0,0,0,0,0,0,38,14,7,45,65476,0,300,0,0,8,21553,0.0,-107605600.0,0.0,0.0,0.0,0.0,0.0,0.0,0.0,0.0,0.0,0.0,0.0,0.0,0.0,0.0,0.0,0.0,0.0,0.0,0.0,0.0,0.0,2.004,-0.0,0.0,0.0,0.0,0.0,0.0,5013.0,3.697186133624698e+19,0.0,0.0,0.0,-107615280.0,2.718429300292151e+23,0.0,0.0,0.0,0.0,53,-0.0,0.0,0.0,0.0,0.0,0.0,0.0,0.0,0.0,0,0,0,0.0,0.0,0.0,0.0,0.0,0.0,0.0,0.0,0.0,0.0,0.0,0.0,0.0,0.0,0.0,0.0,0,-107875648.0,53,0.0,106,-107614832.0,0.0,ERR,ERR,ERR,ERR,ERR,ERR,ERR,ERR,ERR,ERR,ERR,ERR,ERR,ERR,ERR,ERR,ERR,ERR,ERR,ERR,ERR,ERR,ERR,ERR,ERR,ERR,ERR,ERR,ERR,ERR,ERR,ERR,ERR,ERR,ERR,ERR,ERR,ERR,ERR,ERR,ERR,ERR,ERR,ERR,ERR,ERR,ERR,ERR,ERR,ERR,ERR,ERR,ERR,ERR,ERR,ERR,ERR,ERR,ERR,ERR,ERR,ERR,ERR,ERR,ERR,ERR,ERR,50.0,60.0,100,0.0,0.0,0.0,0.0,0.0,0.0,0.0,0.0,0.0,0.0,0.0,0.0,0.0,0.0,0.0,0.0,61.6,73,14,65513,50,65476,0,300,0,0,8,20529,65476,0,0,26214,60.0,0.0,0.0,0.0,0.0,0.0
2026-05-17T18:38:15,ERR,ERR,ERR,ERR,ERR,ERR,ERR,ERR,ERR,ERR,ERR,ERR,ERR,ERR,ERR,ERR,ERR,ERR,ERR,ERR,ERR,ERR,ERR,ERR,ERR,ERR,ERR,ERR,ERR,ERR,ERR,ERR,ERR,ERR,ERR,ERR,ERR,ERR,ERR,ERR,ERR,ERR,ERR,ERR,ERR,ERR,ERR,ERR,ERR,ERR,ERR,ERR,ERR,ERR,ERR,ERR,ERR,ERR,ERR,ERR,ERR,ERR,ERR,ERR,ERR,ERR,ERR,ERR,ERR,ERR,ERR,ERR,ERR,ERR,ERR,ERR,ERR,ERR,ERR,ERR,ERR,ERR,ERR,ERR,ERR,ERR,ERR,ERR,ERR,ERR,ERR,ERR,ERR,ERR,ERR,ERR,ERR,ERR,ERR,ERR,ERR,ERR,ERR,ERR,ERR,ERR,ERR,ERR,ERR,ERR,ERR,ERR,ERR,ERR,ERR,ERR,ERR,ERR,ERR,ERR,ERR,ERR,ERR,ERR,ERR,0.0,0.0,0.0,0.0,0.0,1.3936040501711995e+18,7.805,0.0,0,0,4,0,8422,0.0,45,0.0,0.0,0.0,0.0,0.0,0,0,0,0,0.0,0,0,0,0,0,0,0,0,0,0,0,0,0,0,0,0,0,0,0,0,0,0,0,0,0,0,0,0,0,0,0,0,0,38,14,7,45,65476,0,300,0,0,8,21553,0.0,-107605600.0,0.0,0.0,0.0,0.0,0.0,0.0,0.0,0.0,0.0,0.0,0.0,0.0,0.0,0.0,0.0,0.0,0.0,0.0,0.0,0.0,0.0,2.004,-0.0,0.0,0.0,0.0,0.0,0.0,5013.0,3.697186133624698e+19,0.0,0.0,0.0,-107615280.0,2.718429300292151e+23,0.0,0.0,0.0,0.0,53,-0.0,0.0,0.0,0.0,0.0,0.0,0.0,0.0,0.0,0,0,0,0.0,0.0,0.0,0.0,0.0,0.0,0.0,0.0,0.0,0.0,0.0,0.0,0.0,0.0,0.0,0.0,0,-107875648.0,53,0.0,106,-107614832.0,0.0,ERR,ERR,ERR,ERR,ERR,ERR,ERR,ERR,ERR,ERR,ERR,ERR,ERR,ERR,ERR,ERR,ERR,ERR,ERR,ERR,ERR,ERR,ERR,ERR,ERR,ERR,ERR,ERR,ERR,ERR,ERR,ERR,ERR,ERR,ERR,ERR,ERR,ERR,ERR,ERR,ERR,ERR,ERR,ERR,ERR,ERR,ERR,ERR,ERR,ERR,ERR,ERR,ERR,ERR,ERR,ERR,ERR,ERR,ERR,ERR,ERR,ERR,ERR,ERR,ERR,ERR,ERR,50.0,60.0,100,0.0,0.0,0.0,0.0,0.0,0.0,0.0,0.0,0.0,0.0,0.0,0.0,0.0,0.0,0.0,0.0,61.6,73,14,65513,50,65476,0,300,0,0,8,20529,65476,0,0,26214,60.0,0.0,0.0,0.0,0.0,0.0
2026-05-17T18:38:16,ERR,ERR,ERR,ERR,ERR,ERR,ERR,ERR,ERR,ERR,ERR,ERR,ERR,ERR,ERR,ERR,ERR,ERR,ERR,ERR,ERR,ERR,ERR,ERR,ERR,ERR,ERR,ERR,ERR,ERR,ERR,ERR,ERR,ERR,ERR,ERR,ERR,ERR,ERR,ERR,ERR,ERR,ERR,ERR,ERR,ERR,ERR,ERR,ERR,ERR,ERR,ERR,ERR,ERR,ERR,ERR,ERR,ERR,ERR,ERR,ERR,ERR,ERR,ERR,ERR,ERR,ERR,ERR,ERR,ERR,ERR,ERR,ERR,ERR,ERR,ERR,ERR,ERR,ERR,ERR,ERR,ERR,ERR,ERR,ERR,ERR,ERR,ERR,ERR,ERR,ERR,ERR,ERR,ERR,ERR,ERR,ERR,ERR,ERR,ERR,ERR,ERR,ERR,ERR,ERR,ERR,ERR,ERR,ERR,ERR,ERR,ERR,ERR,ERR,ERR,ERR,ERR,ERR,ERR,ERR,ERR,ERR,ERR,ERR,ERR,0.0,0.0,0.0,0.0,0.0,1.3936040501711995e+18,7.805,0.0,0,0,4,0,8422,0.0,45,0.0,0.0,0.0,0.0,0.0,0,0,0,0,0.0,0,0,0,0,0,0,0,0,0,0,0,0,0,0,0,0,0,0,0,0,0,0,0,0,0,0,0,0,0,0,0,0,0,38,14,7,45,65476,0,300,0,0,8,21553,0.0,-107605600.0,0.0,0.0,0.0,0.0,0.0,0.0,0.0,0.0,0.0,0.0,0.0,0.0,0.0,0.0,0.0,0.0,0.0,0.0,0.0,0.0,2.004,2.004,-0.0,0.0,0.0,0.0,0.0,0.0,5014.0,1.5879293531142762e+29,0.0,0.0,0.0,-107615280.0,2.718429300292151e+23,0.0,0.0,0.0,0.0,53,-0.0,0.059,0.0,0.0,0.0,0.0,0.0,0.0,0.0,0,0,0,0.0,0.0,0.0,0.0,0.0,0.0,0.0,0.0,0.0,0.0,0.0,0.0,0.0,0.0,0.0,0.0,0,-107875648.0,53,0.0,106,-107614832.0,0.0,ERR,ERR,ERR,ERR,ERR,ERR,ERR,ERR,ERR,ERR,ERR,ERR,ERR,ERR,ERR,ERR,ERR,ERR,ERR,ERR,ERR,ERR,ERR,ERR,ERR,ERR,ERR,ERR,ERR,ERR,ERR,ERR,ERR,ERR,ERR,ERR,ERR,ERR,ERR,ERR,ERR,ERR,ERR,ERR,ERR,ERR,ERR,ERR,ERR,ERR,ERR,ERR,ERR,ERR,ERR,ERR,ERR,ERR,ERR,ERR,ERR,ERR,ERR,ERR,ERR,ERR,ERR,50.0,60.0,100,0.0,0.0,0.0,0.0,0.0,0.0,0.0,0.0,0.0,0.0,0.0,0.0,0.0,0.0,0.0,0.0,61.6,73,14,65513,50,65476,0,300,0,0,8,20529,65476,0,0,26214,60.0,0.0,0.0,0.0,0.0,0.0
2026-05-17T18:38:17,ERR,ERR,ERR,ERR,ERR,ERR,ERR,ERR,ERR,ERR,ERR,ERR,ERR,ERR,ERR,ERR,ERR,ERR,ERR,ERR,ERR,ERR,ERR,ERR,ERR,ERR,ERR,ERR,ERR,ERR,ERR,ERR,ERR,ERR,ERR,ERR,ERR,ERR,ERR,ERR,ERR,ERR,ERR,ERR,ERR,ERR,ERR,ERR,ERR,ERR,ERR,ERR,ERR,ERR,ERR,ERR,ERR,ERR,ERR,ERR,ERR,ERR,ERR,ERR,ERR,ERR,ERR,ERR,ERR,ERR,ERR,ERR,ERR,ERR,ERR,ERR,ERR,ERR,ERR,ERR,ERR,ERR,ERR,ERR,ERR,ERR,ERR,ERR,ERR,ERR,ERR,ERR,ERR,ERR,ERR,ERR,ERR,ERR,ERR,ERR,ERR,ERR,ERR,ERR,ERR,ERR,ERR,ERR,ERR,ERR,ERR,ERR,ERR,ERR,ERR,ERR,ERR,ERR,ERR,ERR,ERR,ERR,ERR,ERR,ERR,0.0,0.0,0.0,0.0,0.0,1.3936040501711995e+18,7.805,0.0,0,0,4,0,8422,0.0,45,0.0,0.0,0.0,0.0,0.0,0,0,0,0,0.0,0,0,0,0,0,0,0,0,0,0,0,0,0,0,0,0,0,0,0,0,0,0,0,0,0,0,0,0,0,0,0,0,0,38,14,7,45,65476,0,300,0,0,8,21553,0.0,-107605600.0,0.0,0.0,0.0,0.0,0.0,0.0,0.0,0.0,0.0,0.0,0.0,0.0,0.0,0.0,0.0,0.0,0.0,0.0,0.0,0.0,2.004,2.004,-0.0,0.0,0.0,0.0,0.0,0.0,5014.0,1.5879293531142762e+29,0.0,0.0,0.0,-107615280.0,2.718429300292151e+23,0.0,0.0,0.0,0.0,53,-0.0,0.059,0.0,0.0,0.0,0.0,0.0,0.0,0.0,0,0,0,0.0,0.0,0.0,0.0,0.0,0.0,0.0,0.0,0.0,0.0,0.0,0.0,0.0,0.0,0.0,0.0,0,-107875648.0,53,0.0,106,-107614832.0,0.0,ERR,ERR,ERR,ERR,ERR,ERR,ERR,ERR,ERR,ERR,ERR,ERR,ERR,ERR,ERR,ERR,ERR,ERR,ERR,ERR,ERR,ERR,ERR,ERR,ERR,ERR,ERR,ERR,ERR,ERR,ERR,ERR,ERR,ERR,ERR,ERR,ERR,ERR,ERR,ERR,ERR,ERR,ERR,ERR,ERR,ERR,ERR,ERR,ERR,ERR,ERR,ERR,ERR,ERR,ERR,ERR,ERR,ERR,ERR,ERR,ERR,ERR,ERR,ERR,ERR,ERR,ERR,50.0,60.0,100,0.0,0.0,0.0,0.0,0.0,0.0,0.0,0.0,0.0,0.0,0.0,0.0,0.0,0.0,0.0,0.0,61.6,73,14,65513,50,65476,0,300,0,0,8,20529,65476,0,0,26214,60.0,0.0,0.0,0.0,0.0,0.0
2026-05-17T18:38:18,ERR,ERR,ERR,ERR,ERR,ERR,ERR,ERR,ERR,ERR,ERR,ERR,ERR,ERR,ERR,ERR,ERR,ERR,ERR,ERR,ERR,ERR,ERR,ERR,ERR,ERR,ERR,ERR,ERR,ERR,ERR,ERR,ERR,ERR,ERR,ERR,ERR,ERR,ERR,ERR,ERR,ERR,ERR,ERR,ERR,ERR,ERR,ERR,ERR,ERR,ERR,ERR,ERR,ERR,ERR,ERR,ERR,ERR,ERR,ERR,ERR,ERR,ERR,ERR,ERR,ERR,ERR,ERR,ERR,ERR,ERR,ERR,ERR,ERR,ERR,ERR,ERR,ERR,ERR,ERR,ERR,ERR,ERR,ERR,ERR,ERR,ERR,ERR,ERR,ERR,ERR,ERR,ERR,ERR,ERR,ERR,ERR,ERR,ERR,ERR,ERR,ERR,ERR,ERR,ERR,ERR,ERR,ERR,ERR,ERR,ERR,ERR,ERR,ERR,ERR,ERR,ERR,ERR,ERR,ERR,ERR,ERR,ERR,ERR,ERR,0.0,0.0,0.0,0.0,0.0,1.3936040501711995e+18,7.805,0.0,0,0,4,0,8422,0.0,45,0.0,0.0,0.0,0.0,0.0,0,0,0,0,0.0,0,0,0,0,0,0,0,0,0,0,0,0,0,0,0,0,0,0,0,0,0,0,0,0,0,0,0,0,0,0,0,0,0,38,14,7,45,65476,0,300,0,0,8,21553,0.0,-107605600.0,0.0,0.0,0.0,0.0,0.0,0.0,0.0,0.0,0.0,0.0,0.0,0.0,0.0,0.0,0.0,0.0,0.0,0.0,0.0,0.0,2.004,2.004,-0.0,0.0,0.0,0.0,0.0,0.0,5014.0,1.5879293531142762e+29,0.0,0.0,0.0,-107615280.0,2.718429300292151e+23,0.0,0.0,0.0,0.0,53,-0.0,0.059,0.0,0.0,0.0,0.0,0.0,0.0,0.0,0,0,0,0.0,0.0,0.0,0.0,0.0,0.0,0.0,0.0,0.0,0.0,0.0,0.0,0.0,0.0,0.0,0.0,0,-107875648.0,53,0.0,106,-107614832.0,0.0,ERR,ERR,ERR,ERR,ERR,ERR,ERR,ERR,ERR,ERR,ERR,ERR,ERR,ERR,ERR,ERR,ERR,ERR,ERR,ERR,ERR,ERR,ERR,ERR,ERR,ERR,ERR,ERR,ERR,ERR,ERR,ERR,ERR,ERR,ERR,ERR,ERR,ERR,ERR,ERR,ERR,ERR,ERR,ERR,ERR,ERR,ERR,ERR,ERR,ERR,ERR,ERR,ERR,ERR,ERR,ERR,ERR,ERR,ERR,ERR,ERR,ERR,ERR,ERR,ERR,ERR,ERR,50.0,60.0,100,0.0,0.0,0.0,0.0,0.0,0.0,0.0,0.0,0.0,0.0,0.0,0.0,0.0,0.0,0.0,0.0,61.6,73,14,65513,50,65476,0,300,0,0,8,20529,65476,0,0,26214,60.0,0.0,0.0,0.0,0.0,0.0
2026-05-17T18:38:19,ERR,ERR,ERR,ERR,ERR,ERR,ERR,ERR,ERR,ERR,ERR,ERR,ERR,ERR,ERR,ERR,ERR,ERR,ERR,ERR,ERR,ERR,ERR,ERR,ERR,ERR,ERR,ERR,ERR,ERR,ERR,ERR,ERR,ERR,ERR,ERR,ERR,ERR,ERR,ERR,ERR,ERR,ERR,ERR,ERR,ERR,ERR,ERR,ERR,ERR,ERR,ERR,ERR,ERR,ERR,ERR,ERR,ERR,ERR,ERR,ERR,ERR,ERR,ERR,ERR,ERR,ERR,ERR,ERR,ERR,ERR,ERR,ERR,ERR,ERR,ERR,ERR,ERR,ERR,ERR,ERR,ERR,ERR,ERR,ERR,ERR,ERR,ERR,ERR,ERR,ERR,ERR,ERR,ERR,ERR,ERR,ERR,ERR,ERR,ERR,ERR,ERR,ERR,ERR,ERR,ERR,ERR,ERR,ERR,ERR,ERR,ERR,ERR,ERR,ERR,ERR,ERR,ERR,ERR,ERR,ERR,ERR,ERR,ERR,ERR,0.0,0.0,0.0,0.0,0.0,1.3936040501711995e+18,7.805,0.0,0,0,4,0,8422,0.0,45,0.0,0.0,0.0,0.0,0.0,0,0,0,0,0.0,0,0,0,0,0,0,0,0,0,0,0,0,0,0,0,0,0,0,0,0,0,0,0,0,0,0,0,0,0,0,0,0,0,38,14,7,45,65476,0,300,0,0,8,21553,0.0,-107605600.0,0.0,0.0,0.0,0.0,0.0,0.0,0.0,0.0,0.0,0.0,0.0,0.0,0.0,0.0,0.0,0.0,0.0,0.0,0.0,0.0,2.004,2.004,-0.0,0.0,0.0,0.0,0.0,0.0,5014.0,1.5879293531142762e+29,0.0,0.0,0.0,-107615280.0,2.718429300292151e+23,0.0,0.0,0.0,0.0,53,-0.0,0.059,0.0,0.0,0.0,0.0,0.0,0.0,0.0,0,0,0,0.0,0.0,0.0,0.0,0.0,0.0,0.0,0.0,0.0,0.0,0.0,0.0,0.0,0.0,0.0,0.0,0,-107875648.0,53,0.0,106,-107614832.0,0.0,ERR,ERR,ERR,ERR,ERR,ERR,ERR,ERR,ERR,ERR,ERR,ERR,ERR,ERR,ERR,ERR,ERR,ERR,ERR,ERR,ERR,ERR,ERR,ERR,ERR,ERR,ERR,ERR,ERR,ERR,ERR,ERR,ERR,ERR,ERR,ERR,ERR,ERR,ERR,ERR,ERR,ERR,ERR,ERR,ERR,ERR,ERR,ERR,ERR,ERR,ERR,ERR,ERR,ERR,ERR,ERR,ERR,ERR,ERR,ERR,ERR,ERR,ERR,ERR,ERR,ERR,ERR,50.0,60.0,100,0.0,0.0,0.0,0.0,0.0,0.0,0.0,0.0,0.0,0.0,0.0,0.0,0.0,0.0,0.0,0.0,61.6,73,14,65513,50,65476,0,300,0,0,8,20529,65476,0,0,26214,60.0,0.0,0.0,0.0,0.0,0.0
2026-05-17T18:38:20,ERR,ERR,ERR,ERR,ERR,ERR,ERR,ERR,ERR,ERR,ERR,ERR,ERR,ERR,ERR,ERR,ERR,ERR,ERR,ERR,ERR,ERR,ERR,ERR,ERR,ERR,ERR,ERR,ERR,ERR,ERR,ERR,ERR,ERR,ERR,ERR,ERR,ERR,ERR,ERR,ERR,ERR,ERR,ERR,ERR,ERR,ERR,ERR,ERR,ERR,ERR,ERR,ERR,ERR,ERR,ERR,ERR,ERR,ERR,ERR,ERR,ERR,ERR,ERR,ERR,ERR,ERR,ERR,ERR,ERR,ERR,ERR,ERR,ERR,ERR,ERR,ERR,ERR,ERR,ERR,ERR,ERR,ERR,ERR,ERR,ERR,ERR,ERR,ERR,ERR,ERR,ERR,ERR,ERR,ERR,ERR,ERR,ERR,ERR,ERR,ERR,ERR,ERR,ERR,ERR,ERR,ERR,ERR,ERR,ERR,ERR,ERR,ERR,ERR,ERR,ERR,ERR,ERR,ERR,ERR,ERR,ERR,ERR,ERR,ERR,0.0,0.0,0.0,0.0,0.0,1.3936040501711995e+18,7.805,0.0,0,0,4,0,8422,0.0,45,0.0,0.0,0.0,0.0,0.0,0,0,0,0,0.0,0,0,0,0,0,0,0,0,0,0,0,0,0,0,0,0,0,0,0,0,0,0,0,0,0,0,0,0,0,0,0,0,0,38,14,7,45,65476,0,300,0,0,8,21553,0.0,-107605600.0,0.0,0.0,0.0,0.0,0.0,0.0,0.0,0.0,0.0,0.0,0.0,0.0,0.0,0.0,0.0,0.0,0.0,0.0,0.0,0.0,2.004,2.004,-0.0,0.0,0.0,0.0,0.0,0.0,5014.0,1.5879293531142762e+29,0.0,0.0,0.0,-107615280.0,2.718429300292151e+23,0.0,0.0,0.0,0.0,53,-0.0,0.059,0.0,0.0,0.0,0.0,0.0,0.0,0.0,0,0,0,0.0,0.0,0.0,0.0,0.0,0.0,0.0,0.0,0.0,0.0,0.0,0.0,0.0,0.0,0.0,0.0,0,-107875648.0,53,0.0,106,-107614832.0,0.0,ERR,ERR,ERR,ERR,ERR,ERR,ERR,ERR,ERR,ERR,ERR,ERR,ERR,ERR,ERR,ERR,ERR,ERR,ERR,ERR,ERR,ERR,ERR,ERR,ERR,ERR,ERR,ERR,ERR,ERR,ERR,ERR,ERR,ERR,ERR,ERR,ERR,ERR,ERR,ERR,ERR,ERR,ERR,ERR,ERR,ERR,ERR,ERR,ERR,ERR,ERR,ERR,ERR,ERR,ERR,ERR,ERR,ERR,ERR,ERR,ERR,ERR,ERR,ERR,ERR,ERR,ERR,50.0,60.0,100,0.0,0.0,0.0,0.0,0.0,0.0,0.0,0.0,0.0,0.0,0.0,0.0,0.0,0.0,0.0,0.0,61.6,73,14,65513,50,65476,0,300,0,0,8,20529,65476,0,0,26214,60.0,0.0,0.0,0.0,0.0,0.0
2026-05-17T18:38:21,ERR,ERR,ERR,ERR,ERR,ERR,ERR,ERR,ERR,ERR,ERR,ERR,ERR,ERR,ERR,ERR,ERR,ERR,ERR,ERR,ERR,ERR,ERR,ERR,ERR,ERR,ERR,ERR,ERR,ERR,ERR,ERR,ERR,ERR,ERR,ERR,ERR,ERR,ERR,ERR,ERR,ERR,ERR,ERR,ERR,ERR,ERR,ERR,ERR,ERR,ERR,ERR,ERR,ERR,ERR,ERR,ERR,ERR,ERR,ERR,ERR,ERR,ERR,ERR,ERR,ERR,ERR,ERR,ERR,ERR,ERR,ERR,ERR,ERR,ERR,ERR,ERR,ERR,ERR,ERR,ERR,ERR,ERR,ERR,ERR,ERR,ERR,ERR,ERR,ERR,ERR,ERR,ERR,ERR,ERR,ERR,ERR,ERR,ERR,ERR,ERR,ERR,ERR,ERR,ERR,ERR,ERR,ERR,ERR,ERR,ERR,ERR,ERR,ERR,ERR,ERR,ERR,ERR,ERR,ERR,ERR,ERR,ERR,ERR,ERR,0.0,0.0,0.0,0.0,0.0,1.3936040501711995e+18,7.805,0.0,0,0,4,0,8422,0.0,45,0.0,0.0,0.0,0.0,0.0,0,0,0,0,0.0,0,0,0,0,0,0,0,0,0,0,0,0,0,0,0,0,0,0,0,0,0,0,0,0,0,0,0,0,0,0,0,0,0,38,14,7,45,65476,0,300,0,0,8,21553,0.0,-107605600.0,0.0,0.0,0.0,0.0,0.0,0.0,0.0,0.0,0.0,0.0,0.0,0.0,0.0,0.0,0.0,0.0,0.0,0.0,0.0,0.0,0.0,2.004,-0.0,0.0,0.0,0.0,0.0,0.0,5019.0,1.5879293531142762e+29,0.0,0.0,0.0,-107615280.0,2.718429300292151e+23,0.0,0.0,0.0,0.0,53,-0.0,126840537088.0,0.0,0.0,0.0,0.0,0.0,0.0,0.0,0,0,0,0.0,0.0,0.0,0.0,0.0,0.0,0.0,0.0,0.0,0.0,0.0,0.0,0.0,0.0,0.0,0.0,0,-107875648.0,53,0.0,106,-107614832.0,0.0,ERR,ERR,ERR,ERR,ERR,ERR,ERR,ERR,ERR,ERR,ERR,ERR,ERR,ERR,ERR,ERR,ERR,ERR,ERR,ERR,ERR,ERR,ERR,ERR,ERR,ERR,ERR,ERR,ERR,ERR,ERR,ERR,ERR,ERR,ERR,ERR,ERR,ERR,ERR,ERR,ERR,ERR,ERR,ERR,ERR,ERR,ERR,ERR,ERR,ERR,ERR,ERR,ERR,ERR,ERR,ERR,ERR,ERR,ERR,ERR,ERR,ERR,ERR,ERR,ERR,ERR,ERR,50.0,60.0,100,0.0,0.0,0.0,0.0,0.0,0.0,0.0,0.0,0.0,0.0,0.0,0.0,0.0,0.0,0.0,0.0,61.6,73,14,65513,50,65476,0,300,0,0,8,20529,65476,0,0,26214,60.0,0.0,0.0,0.0,0.0,0.0
2026-05-17T18:38:22,ERR,ERR,ERR,ERR,ERR,ERR,ERR,ERR,ERR,ERR,ERR,ERR,ERR,ERR,ERR,ERR,ERR,ERR,ERR,ERR,ERR,ERR,ERR,ERR,ERR,ERR,ERR,ERR,ERR,ERR,ERR,ERR,ERR,ERR,ERR,ERR,ERR,ERR,ERR,ERR,ERR,ERR,ERR,ERR,ERR,ERR,ERR,ERR,ERR,ERR,ERR,ERR,ERR,ERR,ERR,ERR,ERR,ERR,ERR,ERR,ERR,ERR,ERR,ERR,ERR,ERR,ERR,ERR,ERR,ERR,ERR,ERR,ERR,ERR,ERR,ERR,ERR,ERR,ERR,ERR,ERR,ERR,ERR,ERR,ERR,ERR,ERR,ERR,ERR,ERR,ERR,ERR,ERR,ERR,ERR,ERR,ERR,ERR,ERR,ERR,ERR,ERR,ERR,ERR,ERR,ERR,ERR,ERR,ERR,ERR,ERR,ERR,ERR,ERR,ERR,ERR,ERR,ERR,ERR,ERR,ERR,ERR,ERR,ERR,ERR,0.0,0.0,0.0,0.0,0.0,1.3936040501711995e+18,7.805,0.0,0,0,4,0,8422,0.0,45,0.0,0.0,0.0,0.0,0.0,0,0,0,0,0.0,0,0,0,0,0,0,0,0,0,0,0,0,0,0,0,0,0,0,0,0,0,0,0,0,0,0,0,0,0,0,0,0,0,38,14,7,45,65476,0,300,0,0,8,21553,0.0,-107605600.0,0.0,0.0,0.0,0.0,0.0,0.0,0.0,0.0,0.0,0.0,0.0,0.0,0.0,0.0,0.0,0.0,0.0,0.0,0.0,0.0,0.0,2.004,-0.0,0.0,0.0,0.0,0.0,0.0,5019.0,1.5879293531142762e+29,0.0,0.0,0.0,-107615280.0,2.718429300292151e+23,0.0,0.0,0.0,0.0,53,-0.0,126840537088.0,0.0,0.0,0.0,0.0,0.0,0.0,0.0,0,0,0,0.0,0.0,0.0,0.0,0.0,0.0,0.0,0.0,0.0,0.0,0.0,0.0,0.0,0.0,0.0,0.0,0,-107875648.0,53,0.0,106,-107614832.0,0.0,ERR,ERR,ERR,ERR,ERR,ERR,ERR,ERR,ERR,ERR,ERR,ERR,ERR,ERR,ERR,ERR,ERR,ERR,ERR,ERR,ERR,ERR,ERR,ERR,ERR,ERR,ERR,ERR,ERR,ERR,ERR,ERR,ERR,ERR,ERR,ERR,ERR,ERR,ERR,ERR,ERR,ERR,ERR,ERR,ERR,ERR,ERR,ERR,ERR,ERR,ERR,ERR,ERR,ERR,ERR,ERR,ERR,ERR,ERR,ERR,ERR,ERR,ERR,ERR,ERR,ERR,ERR,50.0,60.0,100,0.0,0.0,0.0,0.0,0.0,0.0,0.0,0.0,0.0,0.0,0.0,0.0,0.0,0.0,0.0,0.0,61.6,73,14,65513,50,65476,0,300,0,0,8,20529,65476,0,0,26214,60.0,0.0,0.0,0.0,0.0,0.0
2026-05-17T18:38:23,ERR,ERR,ERR,ERR,ERR,ERR,ERR,ERR,ERR,ERR,ERR,ERR,ERR,ERR,ERR,ERR,ERR,ERR,ERR,ERR,ERR,ERR,ERR,ERR,ERR,ERR,ERR,ERR,ERR,ERR,ERR,ERR,ERR,ERR,ERR,ERR,ERR,ERR,ERR,ERR,ERR,ERR,ERR,ERR,ERR,ERR,ERR,ERR,ERR,ERR,ERR,ERR,ERR,ERR,ERR,ERR,ERR,ERR,ERR,ERR,ERR,ERR,ERR,ERR,ERR,ERR,ERR,ERR,ERR,ERR,ERR,ERR,ERR,ERR,ERR,ERR,ERR,ERR,ERR,ERR,ERR,ERR,ERR,ERR,ERR,ERR,ERR,ERR,ERR,ERR,ERR,ERR,ERR,ERR,ERR,ERR,ERR,ERR,ERR,ERR,ERR,ERR,ERR,ERR,ERR,ERR,ERR,ERR,ERR,ERR,ERR,ERR,ERR,ERR,ERR,ERR,ERR,ERR,ERR,ERR,ERR,ERR,ERR,ERR,ERR,0.0,0.0,0.0,0.0,0.0,1.3936040501711995e+18,7.805,0.0,0,0,4,0,8422,0.0,45,0.0,0.0,0.0,0.0,0.0,0,0,0,0,0.0,0,0,0,0,0,0,0,0,0,0,0,0,0,0,0,0,0,0,0,0,0,0,0,0,0,0,0,0,0,0,0,0,0,38,14,7,45,65476,0,300,0,0,8,21553,0.0,-107605600.0,0.0,0.0,0.0,0.0,0.0,0.0,0.0,0.0,0.0,0.0,0.0,0.0,0.0,0.0,0.0,0.0,0.0,0.0,0.0,0.0,0.0,2.004,-0.0,0.0,0.0,0.0,0.0,0.0,5019.0,1.5879293531142762e+29,0.0,0.0,0.0,-107615280.0,2.718429300292151e+23,0.0,0.0,0.0,0.0,53,-0.0,126840537088.0,0.0,0.0,0.0,0.0,0.0,0.0,0.0,0,0,0,0.0,0.0,0.0,0.0,0.0,0.0,0.0,0.0,0.0,0.0,0.0,0.0,0.0,0.0,0.0,0.0,0,-107875648.0,53,0.0,106,-107614832.0,0.0,ERR,ERR,ERR,ERR,ERR,ERR,ERR,ERR,ERR,ERR,ERR,ERR,ERR,ERR,ERR,ERR,ERR,ERR,ERR,ERR,ERR,ERR,ERR,ERR,ERR,ERR,ERR,ERR,ERR,ERR,ERR,ERR,ERR,ERR,ERR,ERR,ERR,ERR,ERR,ERR,ERR,ERR,ERR,ERR,ERR,ERR,ERR,ERR,ERR,ERR,ERR,ERR,ERR,ERR,ERR,ERR,ERR,ERR,ERR,ERR,ERR,ERR,ERR,ERR,ERR,ERR,ERR,50.0,60.0,100,0.0,0.0,0.0,0.0,0.0,0.0,0.0,0.0,0.0,0.0,0.0,0.0,0.0,0.0,0.0,0.0,61.6,73,14,65513,50,65476,0,300,0,0,8,20529,65476,0,0,26214,60.0,0.0,0.0,0.0,0.0,0.0
2026-05-17T18:38:24,ERR,ERR,ERR,ERR,ERR,ERR,ERR,ERR,ERR,ERR,ERR,ERR,ERR,ERR,ERR,ERR,ERR,ERR,ERR,ERR,ERR,ERR,ERR,ERR,ERR,ERR,ERR,ERR,ERR,ERR,ERR,ERR,ERR,ERR,ERR,ERR,ERR,ERR,ERR,ERR,ERR,ERR,ERR,ERR,ERR,ERR,ERR,ERR,ERR,ERR,ERR,ERR,ERR,ERR,ERR,ERR,ERR,ERR,ERR,ERR,ERR,ERR,ERR,ERR,ERR,ERR,ERR,ERR,ERR,ERR,ERR,ERR,ERR,ERR,ERR,ERR,ERR,ERR,ERR,ERR,ERR,ERR,ERR,ERR,ERR,ERR,ERR,ERR,ERR,ERR,ERR,ERR,ERR,ERR,ERR,ERR,ERR,ERR,ERR,ERR,ERR,ERR,ERR,ERR,ERR,ERR,ERR,ERR,ERR,ERR,ERR,ERR,ERR,ERR,ERR,ERR,ERR,ERR,ERR,ERR,ERR,ERR,ERR,ERR,ERR,0.0,0.0,0.0,0.0,0.0,1.3936040501711995e+18,7.805,0.0,0,0,4,0,8422,0.0,45,0.0,0.0,0.0,0.0,0.0,0,0,0,0,0.0,0,0,0,0,0,0,0,0,0,0,0,0,0,0,0,0,0,0,0,0,0,0,0,0,0,0,0,0,0,0,0,0,0,38,14,7,45,65476,0,300,0,0,8,21553,0.0,-107605600.0,0.0,0.0,0.0,0.0,0.0,0.0,0.0,0.0,0.0,0.0,0.0,0.0,0.0,0.0,0.0,0.0,0.0,0.0,0.0,0.0,0.0,2.004,-0.0,0.0,0.0,0.0,0.0,0.0,5019.0,1.5879293531142762e+29,0.0,0.0,0.0,-107615280.0,2.718429300292151e+23,0.0,0.0,0.0,0.0,53,-0.0,126840537088.0,0.0,0.0,0.0,0.0,0.0,0.0,0.0,0,0,0,0.0,0.0,0.0,0.0,0.0,0.0,0.0,0.0,0.0,0.0,0.0,0.0,0.0,0.0,0.0,0.0,0,-107875648.0,53,0.0,106,-107614832.0,0.0,ERR,ERR,ERR,ERR,ERR,ERR,ERR,ERR,ERR,ERR,ERR,ERR,ERR,ERR,ERR,ERR,ERR,ERR,ERR,ERR,ERR,ERR,ERR,ERR,ERR,ERR,ERR,ERR,ERR,ERR,ERR,ERR,ERR,ERR,ERR,ERR,ERR,ERR,ERR,ERR,ERR,ERR,ERR,ERR,ERR,ERR,ERR,ERR,ERR,ERR,ERR,ERR,ERR,ERR,ERR,ERR,ERR,ERR,ERR,ERR,ERR,ERR,ERR,ERR,ERR,ERR,ERR,50.0,60.0,100,0.0,0.0,0.0,0.0,0.0,0.0,0.0,0.0,0.0,0.0,0.0,0.0,0.0,0.0,0.0,0.0,61.6,73,14,65513,50,65476,0,300,0,0,8,20529,65476,0,0,26214,60.0,0.0,0.0,0.0,0.0,0.0
2026-05-17T18:38:25,ERR,ERR,ERR,ERR,ERR,ERR,ERR,ERR,ERR,ERR,ERR,ERR,ERR,ERR,ERR,ERR,ERR,ERR,ERR,ERR,ERR,ERR,ERR,ERR,ERR,ERR,ERR,ERR,ERR,ERR,ERR,ERR,ERR,ERR,ERR,ERR,ERR,ERR,ERR,ERR,ERR,ERR,ERR,ERR,ERR,ERR,ERR,ERR,ERR,ERR,ERR,ERR,ERR,ERR,ERR,ERR,ERR,ERR,ERR,ERR,ERR,ERR,ERR,ERR,ERR,ERR,ERR,ERR,ERR,ERR,ERR,ERR,ERR,ERR,ERR,ERR,ERR,ERR,ERR,ERR,ERR,ERR,ERR,ERR,ERR,ERR,ERR,ERR,ERR,ERR,ERR,ERR,ERR,ERR,ERR,ERR,ERR,ERR,ERR,ERR,ERR,ERR,ERR,ERR,ERR,ERR,ERR,ERR,ERR,ERR,ERR,ERR,ERR,ERR,ERR,ERR,ERR,ERR,ERR,ERR,ERR,ERR,ERR,ERR,ERR,0.0,0.0,0.0,0.0,0.0,1.3936040501711995e+18,7.805,0.0,0,0,4,0,8422,0.0,45,0.0,0.0,0.0,0.0,0.0,0,0,0,0,0.0,0,0,0,0,0,0,0,0,0,0,0,0,0,0,0,0,0,0,0,0,0,0,0,0,0,0,0,0,0,0,0,0,0,38,14,7,45,65476,0,300,0,0,8,21553,0.0,-107605600.0,0.0,0.0,0.0,0.0,0.0,0.0,0.0,0.0,0.0,0.0,0.0,0.0,0.0,0.0,0.0,0.0,0.0,0.0,0.0,0.0,0.0,2.004,-0.0,0.0,0.0,0.0,0.0,0.0,5019.0,1.5879293531142762e+29,0.0,0.0,0.0,-107615280.0,2.718429300292151e+23,0.0,0.0,0.0,0.0,53,-0.0,126840537088.0,0.0,0.0,0.0,0.0,0.0,0.0,0.0,0,0,0,0.0,0.0,0.0,0.0,0.0,0.0,0.0,0.0,0.0,0.0,0.0,0.0,0.0,0.0,0.0,0.0,0,-107875648.0,53,0.0,106,-107614832.0,0.0,ERR,ERR,ERR,ERR,ERR,ERR,ERR,ERR,ERR,ERR,ERR,ERR,ERR,ERR,ERR,ERR,ERR,ERR,ERR,ERR,ERR,ERR,ERR,ERR,ERR,ERR,ERR,ERR,ERR,ERR,ERR,ERR,ERR,ERR,ERR,ERR,ERR,ERR,ERR,ERR,ERR,ERR,ERR,ERR,ERR,ERR,ERR,ERR,ERR,ERR,ERR,ERR,ERR,ERR,ERR,ERR,ERR,ERR,ERR,ERR,ERR,ERR,ERR,ERR,ERR,ERR,ERR,50.0,60.0,100,0.0,0.0,0.0,0.0,0.0,0.0,0.0,0.0,0.0,0.0,0.0,0.0,0.0,0.0,0.0,0.0,61.6,73,14,65513,50,65476,0,300,0,0,8,20529,65476,0,0,26214,60.0,0.0,0.0,0.0,0.0,0.0
2026-05-17T18:38:26,ERR,ERR,ERR,ERR,ERR,ERR,ERR,ERR,ERR,ERR,ERR,ERR,ERR,ERR,ERR,ERR,ERR,ERR,ERR,ERR,ERR,ERR,ERR,ERR,ERR,ERR,ERR,ERR,ERR,ERR,ERR,ERR,ERR,ERR,ERR,ERR,ERR,ERR,ERR,ERR,ERR,ERR,ERR,ERR,ERR,ERR,ERR,ERR,ERR,ERR,ERR,ERR,ERR,ERR,ERR,ERR,ERR,ERR,ERR,ERR,ERR,ERR,ERR,ERR,ERR,ERR,ERR,ERR,ERR,ERR,ERR,ERR,ERR,ERR,ERR,ERR,ERR,ERR,ERR,ERR,ERR,ERR,ERR,ERR,ERR,ERR,ERR,ERR,ERR,ERR,ERR,ERR,ERR,ERR,ERR,ERR,ERR,ERR,ERR,ERR,ERR,ERR,ERR,ERR,ERR,ERR,ERR,ERR,ERR,ERR,ERR,ERR,ERR,ERR,ERR,ERR,ERR,ERR,ERR,ERR,ERR,ERR,ERR,ERR,ERR,0.0,0.0,0.0,0.0,0.0,1.3936040501711995e+18,7.805,0.0,0,0,4,0,8422,0.0,45,0.0,0.0,0.0,0.0,0.0,0,0,0,0,0.0,0,0,0,0,0,0,0,0,0,0,0,0,0,0,0,0,0,0,0,0,0,0,0,0,0,0,0,0,0,0,0,0,0,38,14,7,45,65476,0,300,0,0,8,21553,0.0,-107605600.0,0.0,0.0,0.0,0.0,0.0,0.0,0.0,0.0,0.0,0.0,0.0,0.0,0.0,0.0,0.0,0.0,0.0,0.0,0.0,0.0,0.0,2.004,-0.0,0.0,0.0,0.0,0.0,0.0,5016.0,-0.0,0.0,0.0,0.0,-107615280.0,2.718429300292151e+23,0.0,0.0,0.0,0.0,53,-0.0,1.9056859227671757e+17,0.0,0.0,0.0,0.0,0.0,0.0,0.0,0,0,0,0.0,0.0,0.0,0.0,0.0,0.0,0.0,0.0,0.0,0.0,0.0,0.0,0.0,0.0,0.0,0.0,0,-107875648.0,53,0.0,106,-107614832.0,0.0,ERR,ERR,ERR,ERR,ERR,ERR,ERR,ERR,ERR,ERR,ERR,ERR,ERR,ERR,ERR,ERR,ERR,ERR,ERR,ERR,ERR,ERR,ERR,ERR,ERR,ERR,ERR,ERR,ERR,ERR,ERR,ERR,ERR,ERR,ERR,ERR,ERR,ERR,ERR,ERR,ERR,ERR,ERR,ERR,ERR,ERR,ERR,ERR,ERR,ERR,ERR,ERR,ERR,ERR,ERR,ERR,ERR,ERR,ERR,ERR,ERR,ERR,ERR,ERR,ERR,ERR,ERR,50.0,60.0,100,0.0,0.0,0.0,0.0,0.0,0.0,0.0,0.0,0.0,0.0,0.0,0.0,0.0,0.0,0.0,0.0,61.6,73,14,65513,50,65476,0,300,0,0,8,20529,65476,0,0,26214,60.0,0.0,0.0,0.0,0.0,0.0
2026-05-17T18:38:27,ERR,ERR,ERR,ERR,ERR,ERR,ERR,ERR,ERR,ERR,ERR,ERR,ERR,ERR,ERR,ERR,ERR,ERR,ERR,ERR,ERR,ERR,ERR,ERR,ERR,ERR,ERR,ERR,ERR,ERR,ERR,ERR,ERR,ERR,ERR,ERR,ERR,ERR,ERR,ERR,ERR,ERR,ERR,ERR,ERR,ERR,ERR,ERR,ERR,ERR,ERR,ERR,ERR,ERR,ERR,ERR,ERR,ERR,ERR,ERR,ERR,ERR,ERR,ERR,ERR,ERR,ERR,ERR,ERR,ERR,ERR,ERR,ERR,ERR,ERR,ERR,ERR,ERR,ERR,ERR,ERR,ERR,ERR,ERR,ERR,ERR,ERR,ERR,ERR,ERR,ERR,ERR,ERR,ERR,ERR,ERR,ERR,ERR,ERR,ERR,ERR,ERR,ERR,ERR,ERR,ERR,ERR,ERR,ERR,ERR,ERR,ERR,ERR,ERR,ERR,ERR,ERR,ERR,ERR,ERR,ERR,ERR,ERR,ERR,ERR,0.0,0.0,0.0,0.0,0.0,1.3936040501711995e+18,7.805,0.0,0,0,4,0,8422,0.0,45,0.0,0.0,0.0,0.0,0.0,0,0,0,0,0.0,0,0,0,0,0,0,0,0,0,0,0,0,0,0,0,0,0,0,0,0,0,0,0,0,0,0,0,0,0,0,0,0,0,38,14,7,45,65476,0,300,0,0,8,21553,0.0,-107605600.0,0.0,0.0,0.0,0.0,0.0,0.0,0.0,0.0,0.0,0.0,0.0,0.0,0.0,0.0,0.0,0.0,0.0,0.0,0.0,0.0,0.0,2.004,-0.0,0.0,0.0,0.0,0.0,0.0,5016.0,-0.0,0.0,0.0,0.0,-107615280.0,2.718429300292151e+23,0.0,0.0,0.0,0.0,53,-0.0,1.9056859227671757e+17,0.0,0.0,0.0,0.0,0.0,0.0,0.0,0,0,0,0.0,0.0,0.0,0.0,0.0,0.0,0.0,0.0,0.0,0.0,0.0,0.0,0.0,0.0,0.0,0.0,0,-107875648.0,53,0.0,106,-107614832.0,0.0,ERR,ERR,ERR,ERR,ERR,ERR,ERR,ERR,ERR,ERR,ERR,ERR,ERR,ERR,ERR,ERR,ERR,ERR,ERR,ERR,ERR,ERR,ERR,ERR,ERR,ERR,ERR,ERR,ERR,ERR,ERR,ERR,ERR,ERR,ERR,ERR,ERR,ERR,ERR,ERR,ERR,ERR,ERR,ERR,ERR,ERR,ERR,ERR,ERR,ERR,ERR,ERR,ERR,ERR,ERR,ERR,ERR,ERR,ERR,ERR,ERR,ERR,ERR,ERR,ERR,ERR,ERR,50.0,60.0,100,0.0,0.0,0.0,0.0,0.0,0.0,0.0,0.0,0.0,0.0,0.0,0.0,0.0,0.0,0.0,0.0,61.6,73,14,65513,50,65476,0,300,0,0,8,20529,65476,0,0,26214,60.0,0.0,0.0,0.0,0.0,0.0
2026-05-17T18:38:28,ERR,ERR,ERR,ERR,ERR,ERR,ERR,ERR,ERR,ERR,ERR,ERR,ERR,ERR,ERR,ERR,ERR,ERR,ERR,ERR,ERR,ERR,ERR,ERR,ERR,ERR,ERR,ERR,ERR,ERR,ERR,ERR,ERR,ERR,ERR,ERR,ERR,ERR,ERR,ERR,ERR,ERR,ERR,ERR,ERR,ERR,ERR,ERR,ERR,ERR,ERR,ERR,ERR,ERR,ERR,ERR,ERR,ERR,ERR,ERR,ERR,ERR,ERR,ERR,ERR,ERR,ERR,ERR,ERR,ERR,ERR,ERR,ERR,ERR,ERR,ERR,ERR,ERR,ERR,ERR,ERR,ERR,ERR,ERR,ERR,ERR,ERR,ERR,ERR,ERR,ERR,ERR,ERR,ERR,ERR,ERR,ERR,ERR,ERR,ERR,ERR,ERR,ERR,ERR,ERR,ERR,ERR,ERR,ERR,ERR,ERR,ERR,ERR,ERR,ERR,ERR,ERR,ERR,ERR,ERR,ERR,ERR,ERR,ERR,ERR,0.0,0.0,0.0,0.0,0.0,1.3936040501711995e+18,7.805,0.0,0,0,4,0,8422,0.0,45,0.0,0.0,0.0,0.0,0.0,0,0,0,0,0.0,0,0,0,0,0,0,0,0,0,0,0,0,0,0,0,0,0,0,0,0,0,0,0,0,0,0,0,0,0,0,0,0,0,38,14,7,45,65476,0,300,0,0,8,21553,0.0,-107605600.0,0.0,0.0,0.0,0.0,0.0,0.0,0.0,0.0,0.0,0.0,0.0,0.0,0.0,0.0,0.0,0.0,0.0,0.0,0.0,0.0,0.0,2.004,-0.0,0.0,0.0,0.0,0.0,0.0,5016.0,-0.0,0.0,0.0,0.0,-107615280.0,2.718429300292151e+23,0.0,0.0,0.0,0.0,53,-0.0,1.9056859227671757e+17,0.0,0.0,0.0,0.0,0.0,0.0,0.0,0,0,0,0.0,0.0,0.0,0.0,0.0,0.0,0.0,0.0,0.0,0.0,0.0,0.0,0.0,0.0,0.0,0.0,0,-107875648.0,53,0.0,106,-107614832.0,0.0,ERR,ERR,ERR,ERR,ERR,ERR,ERR,ERR,ERR,ERR,ERR,ERR,ERR,ERR,ERR,ERR,ERR,ERR,ERR,ERR,ERR,ERR,ERR,ERR,ERR,ERR,ERR,ERR,ERR,ERR,ERR,ERR,ERR,ERR,ERR,ERR,ERR,ERR,ERR,ERR,ERR,ERR,ERR,ERR,ERR,ERR,ERR,ERR,ERR,ERR,ERR,ERR,ERR,ERR,ERR,ERR,ERR,ERR,ERR,ERR,ERR,ERR,ERR,ERR,ERR,ERR,ERR,50.0,60.0,100,0.0,0.0,0.0,0.0,0.0,0.0,0.0,0.0,0.0,0.0,0.0,0.0,0.0,0.0,0.0,0.0,61.6,73,14,65513,50,65476,0,300,0,0,8,20529,65476,0,0,26214,60.0,0.0,0.0,0.0,0.0,0.0
2026-05-17T18:38:29,ERR,ERR,ERR,ERR,ERR,ERR,ERR,ERR,ERR,ERR,ERR,ERR,ERR,ERR,ERR,ERR,ERR,ERR,ERR,ERR,ERR,ERR,ERR,ERR,ERR,ERR,ERR,ERR,ERR,ERR,ERR,ERR,ERR,ERR,ERR,ERR,ERR,ERR,ERR,ERR,ERR,ERR,ERR,ERR,ERR,ERR,ERR,ERR,ERR,ERR,ERR,ERR,ERR,ERR,ERR,ERR,ERR,ERR,ERR,ERR,ERR,ERR,ERR,ERR,ERR,ERR,ERR,ERR,ERR,ERR,ERR,ERR,ERR,ERR,ERR,ERR,ERR,ERR,ERR,ERR,ERR,ERR,ERR,ERR,ERR,ERR,ERR,ERR,ERR,ERR,ERR,ERR,ERR,ERR,ERR,ERR,ERR,ERR,ERR,ERR,ERR,ERR,ERR,ERR,ERR,ERR,ERR,ERR,ERR,ERR,ERR,ERR,ERR,ERR,ERR,ERR,ERR,ERR,ERR,ERR,ERR,ERR,ERR,ERR,ERR,0.0,0.0,0.0,0.0,0.0,1.3936040501711995e+18,7.805,0.0,0,0,4,0,8422,0.0,45,0.0,0.0,0.0,0.0,0.0,0,0,0,0,0.0,0,0,0,0,0,0,0,0,0,0,0,0,0,0,0,0,0,0,0,0,0,0,0,0,0,0,0,0,0,0,0,0,0,38,14,7,45,65476,0,300,0,0,8,21553,0.0,-107605600.0,0.0,0.0,0.0,0.0,0.0,0.0,0.0,0.0,0.0,0.0,0.0,0.0,0.0,0.0,0.0,0.0,0.0,0.0,0.0,0.0,0.0,2.004,-0.0,0.0,0.0,0.0,0.0,0.0,5016.0,-0.0,0.0,0.0,0.0,-107615280.0,2.718429300292151e+23,0.0,0.0,0.0,0.0,53,-0.0,1.9056859227671757e+17,0.0,0.0,0.0,0.0,0.0,0.0,0.0,0,0,0,0.0,0.0,0.0,0.0,0.0,0.0,0.0,0.0,0.0,0.0,0.0,0.0,0.0,0.0,0.0,0.0,0,-107875648.0,53,0.0,106,-107614832.0,0.0,ERR,ERR,ERR,ERR,ERR,ERR,ERR,ERR,ERR,ERR,ERR,ERR,ERR,ERR,ERR,ERR,ERR,ERR,ERR,ERR,ERR,ERR,ERR,ERR,ERR,ERR,ERR,ERR,ERR,ERR,ERR,ERR,ERR,ERR,ERR,ERR,ERR,ERR,ERR,ERR,ERR,ERR,ERR,ERR,ERR,ERR,ERR,ERR,ERR,ERR,ERR,ERR,ERR,ERR,ERR,ERR,ERR,ERR,ERR,ERR,ERR,ERR,ERR,ERR,ERR,ERR,ERR,50.0,60.0,100,0.0,0.0,0.0,0.0,0.0,0.0,0.0,0.0,0.0,0.0,0.0,0.0,0.0,0.0,0.0,0.0,61.6,73,14,65513,50,65476,0,300,0,0,8,20529,65476,0,0,26214,60.0,0.0,0.0,0.0,0.0,0.0
2026-05-17T18:38:30,ERR,ERR,ERR,ERR,ERR,ERR,ERR,ERR,ERR,ERR,ERR,ERR,ERR,ERR,ERR,ERR,ERR,ERR,ERR,ERR,ERR,ERR,ERR,ERR,ERR,ERR,ERR,ERR,ERR,ERR,ERR,ERR,ERR,ERR,ERR,ERR,ERR,ERR,ERR,ERR,ERR,ERR,ERR,ERR,ERR,ERR,ERR,ERR,ERR,ERR,ERR,ERR,ERR,ERR,ERR,ERR,ERR,ERR,ERR,ERR,ERR,ERR,ERR,ERR,ERR,ERR,ERR,ERR,ERR,ERR,ERR,ERR,ERR,ERR,ERR,ERR,ERR,ERR,ERR,ERR,ERR,ERR,ERR,ERR,ERR,ERR,ERR,ERR,ERR,ERR,ERR,ERR,ERR,ERR,ERR,ERR,ERR,ERR,ERR,ERR,ERR,ERR,ERR,ERR,ERR,ERR,ERR,ERR,ERR,ERR,ERR,ERR,ERR,ERR,ERR,ERR,ERR,ERR,ERR,ERR,ERR,ERR,ERR,ERR,ERR,0.0,0.0,0.0,0.0,0.0,1.3936040501711995e+18,7.805,0.0,0,0,4,0,8422,0.0,45,0.0,0.0,0.0,0.0,0.0,0,0,0,0,0.0,0,0,0,0,0,0,0,0,0,0,0,0,0,0,0,0,0,0,0,0,0,0,0,0,0,0,0,0,0,0,0,0,0,38,14,7,45,65476,0,300,0,0,8,21553,0.0,-107605600.0,0.0,0.0,0.0,0.0,0.0,0.0,0.0,0.0,0.0,0.0,0.0,0.0,0.0,0.0,0.0,0.0,0.0,0.0,0.0,0.0,0.0,2.004,-0.0,0.0,0.0,0.0,0.0,0.0,5016.0,-0.0,0.0,0.0,0.0,-107615280.0,2.718429300292151e+23,0.0,0.0,0.0,0.0,53,-0.0,1.9056859227671757e+17,0.0,0.0,0.0,0.0,0.0,0.0,0.0,0,0,0,0.0,0.0,0.0,0.0,0.0,0.0,0.0,0.0,0.0,0.0,0.0,0.0,0.0,0.0,0.0,0.0,0,-107875648.0,53,0.0,106,-107614832.0,0.0,ERR,ERR,ERR,ERR,ERR,ERR,ERR,ERR,ERR,ERR,ERR,ERR,ERR,ERR,ERR,ERR,ERR,ERR,ERR,ERR,ERR,ERR,ERR,ERR,ERR,ERR,ERR,ERR,ERR,ERR,ERR,ERR,ERR,ERR,ERR,ERR,ERR,ERR,ERR,ERR,ERR,ERR,ERR,ERR,ERR,ERR,ERR,ERR,ERR,ERR,ERR,ERR,ERR,ERR,ERR,ERR,ERR,ERR,ERR,ERR,ERR,ERR,ERR,ERR,ERR,ERR,ERR,50.0,60.0,100,0.0,0.0,0.0,0.0,0.0,0.0,0.0,0.0,0.0,0.0,0.0,0.0,0.0,0.0,0.0,0.0,61.6,73,14,65513,50,65476,0,300,0,0,8,20529,65476,0,0,26214,60.0,0.0,0.0,0.0,0.0,0.0
2026-05-17T18:38:31,ERR,ERR,ERR,ERR,ERR,ERR,ERR,ERR,ERR,ERR,ERR,ERR,ERR,ERR,ERR,ERR,ERR,ERR,ERR,ERR,ERR,ERR,ERR,ERR,ERR,ERR,ERR,ERR,ERR,ERR,ERR,ERR,ERR,ERR,ERR,ERR,ERR,ERR,ERR,ERR,ERR,ERR,ERR,ERR,ERR,ERR,ERR,ERR,ERR,ERR,ERR,ERR,ERR,ERR,ERR,ERR,ERR,ERR,ERR,ERR,ERR,ERR,ERR,ERR,ERR,ERR,ERR,ERR,ERR,ERR,ERR,ERR,ERR,ERR,ERR,ERR,ERR,ERR,ERR,ERR,ERR,ERR,ERR,ERR,ERR,ERR,ERR,ERR,ERR,ERR,ERR,ERR,ERR,ERR,ERR,ERR,ERR,ERR,ERR,ERR,ERR,ERR,ERR,ERR,ERR,ERR,ERR,ERR,ERR,ERR,ERR,ERR,ERR,ERR,ERR,ERR,ERR,ERR,ERR,ERR,ERR,ERR,ERR,ERR,ERR,0.0,0.0,0.0,0.0,0.0,1.3936040501711995e+18,7.805,0.0,0,0,4,0,8422,0.0,45,0.0,0.0,0.0,0.0,0.0,0,0,0,0,0.0,0,0,0,0,0,0,0,0,0,0,0,0,0,0,0,0,0,0,0,0,0,0,0,0,0,0,0,0,0,0,0,0,0,38,14,7,45,65476,0,300,0,0,8,21553,0.0,-107605600.0,0.0,0.0,0.0,0.0,0.0,0.0,0.0,0.0,0.0,0.0,0.0,0.0,0.0,0.0,0.0,0.0,0.0,0.0,0.0,0.0,0.0,2.004,-0.0,0.0,0.0,0.0,0.0,0.0,5016.0,0.0,0.0,0.0,0.0,-107615280.0,2.718429300292151e+23,0.0,0.0,0.0,0.0,53,-0.0,-107614776.0,0.0,0.0,0.0,0.0,0.0,0.0,0.0,0,0,0,0.0,0.0,0.0,0.0,0.0,0.0,0.0,0.0,0.0,0.0,0.0,0.0,0.0,0.0,0.0,0.0,0,-107875648.0,53,0.0,106,-107614832.0,0.0,ERR,ERR,ERR,ERR,ERR,ERR,ERR,ERR,ERR,ERR,ERR,ERR,ERR,ERR,ERR,ERR,ERR,ERR,ERR,ERR,ERR,ERR,ERR,ERR,ERR,ERR,ERR,ERR,ERR,ERR,ERR,ERR,ERR,ERR,ERR,ERR,ERR,ERR,ERR,ERR,ERR,ERR,ERR,ERR,ERR,ERR,ERR,ERR,ERR,ERR,ERR,ERR,ERR,ERR,ERR,ERR,ERR,ERR,ERR,ERR,ERR,ERR,ERR,ERR,ERR,ERR,ERR,50.0,60.0,100,0.0,0.0,0.0,0.0,0.0,0.0,0.0,0.0,0.0,0.0,0.0,0.0,0.0,0.0,0.0,0.0,61.6,73,14,65513,50,65476,0,300,0,0,8,20529,65476,0,0,26214,60.0,0.0,0.0,0.0,0.0,0.0
2026-05-17T18:38:32,ERR,ERR,ERR,ERR,ERR,ERR,ERR,ERR,ERR,ERR,ERR,ERR,ERR,ERR,ERR,ERR,ERR,ERR,ERR,ERR,ERR,ERR,ERR,ERR,ERR,ERR,ERR,ERR,ERR,ERR,ERR,ERR,ERR,ERR,ERR,ERR,ERR,ERR,ERR,ERR,ERR,ERR,ERR,ERR,ERR,ERR,ERR,ERR,ERR,ERR,ERR,ERR,ERR,ERR,ERR,ERR,ERR,ERR,ERR,ERR,ERR,ERR,ERR,ERR,ERR,ERR,ERR,ERR,ERR,ERR,ERR,ERR,ERR,ERR,ERR,ERR,ERR,ERR,ERR,ERR,ERR,ERR,ERR,ERR,ERR,ERR,ERR,ERR,ERR,ERR,ERR,ERR,ERR,ERR,ERR,ERR,ERR,ERR,ERR,ERR,ERR,ERR,ERR,ERR,ERR,ERR,ERR,ERR,ERR,ERR,ERR,ERR,ERR,ERR,ERR,ERR,ERR,ERR,ERR,ERR,ERR,ERR,ERR,ERR,ERR,0.0,0.0,0.0,0.0,0.0,1.3936040501711995e+18,7.805,0.0,0,0,4,0,8422,0.0,45,0.0,0.0,0.0,0.0,0.0,0,0,0,0,0.0,0,0,0,0,0,0,0,0,0,0,0,0,0,0,0,0,0,0,0,0,0,0,0,0,0,0,0,0,0,0,0,0,0,38,14,7,45,65476,0,300,0,0,8,21553,0.0,-107605600.0,0.0,0.0,0.0,0.0,0.0,0.0,0.0,0.0,0.0,0.0,0.0,0.0,0.0,0.0,0.0,0.0,0.0,0.0,0.0,0.0,0.0,2.004,-0.0,0.0,0.0,0.0,0.0,0.0,5016.0,0.0,0.0,0.0,0.0,-107615280.0,2.718429300292151e+23,0.0,0.0,0.0,0.0,53,-0.0,-107614776.0,0.0,0.0,0.0,0.0,0.0,0.0,0.0,0,0,0,0.0,0.0,0.0,0.0,0.0,0.0,0.0,0.0,0.0,0.0,0.0,0.0,0.0,0.0,0.0,0.0,0,-107875648.0,53,0.0,106,-107614832.0,0.0,ERR,ERR,ERR,ERR,ERR,ERR,ERR,ERR,ERR,ERR,ERR,ERR,ERR,ERR,ERR,ERR,ERR,ERR,ERR,ERR,ERR,ERR,ERR,ERR,ERR,ERR,ERR,ERR,ERR,ERR,ERR,ERR,ERR,ERR,ERR,ERR,ERR,ERR,ERR,ERR,ERR,ERR,ERR,ERR,ERR,ERR,ERR,ERR,ERR,ERR,ERR,ERR,ERR,ERR,ERR,ERR,ERR,ERR,ERR,ERR,ERR,ERR,ERR,ERR,ERR,ERR,ERR,50.0,60.0,100,0.0,0.0,0.0,0.0,0.0,0.0,0.0,0.0,0.0,0.0,0.0,0.0,0.0,0.0,0.0,0.0,61.6,73,14,65513,50,65476,0,300,0,0,8,20529,65476,0,0,26214,60.0,0.0,0.0,0.0,0.0,0.0
2026-05-17T18:38:33,ERR,ERR,ERR,ERR,ERR,ERR,ERR,ERR,ERR,ERR,ERR,ERR,ERR,ERR,ERR,ERR,ERR,ERR,ERR,ERR,ERR,ERR,ERR,ERR,ERR,ERR,ERR,ERR,ERR,ERR,ERR,ERR,ERR,ERR,ERR,ERR,ERR,ERR,ERR,ERR,ERR,ERR,ERR,ERR,ERR,ERR,ERR,ERR,ERR,ERR,ERR,ERR,ERR,ERR,ERR,ERR,ERR,ERR,ERR,ERR,ERR,ERR,ERR,ERR,ERR,ERR,ERR,ERR,ERR,ERR,ERR,ERR,ERR,ERR,ERR,ERR,ERR,ERR,ERR,ERR,ERR,ERR,ERR,ERR,ERR,ERR,ERR,ERR,ERR,ERR,ERR,ERR,ERR,ERR,ERR,ERR,ERR,ERR,ERR,ERR,ERR,ERR,ERR,ERR,ERR,ERR,ERR,ERR,ERR,ERR,ERR,ERR,ERR,ERR,ERR,ERR,ERR,ERR,ERR,ERR,ERR,ERR,ERR,ERR,ERR,0.0,0.0,0.0,0.0,0.0,1.3936040501711995e+18,7.805,0.0,0,0,4,0,8422,0.0,45,0.0,0.0,0.0,0.0,0.0,0,0,0,0,0.0,0,0,0,0,0,0,0,0,0,0,0,0,0,0,0,0,0,0,0,0,0,0,0,0,0,0,0,0,0,0,0,0,0,38,14,7,45,65476,0,300,0,0,8,21553,0.0,-107605600.0,0.0,0.0,0.0,0.0,0.0,0.0,0.0,0.0,0.0,0.0,0.0,0.0,0.0,0.0,0.0,0.0,0.0,0.0,0.0,0.0,0.0,2.004,-0.0,0.0,0.0,0.0,0.0,0.0,5016.0,0.0,0.0,0.0,0.0,-107615280.0,2.718429300292151e+23,0.0,0.0,0.0,0.0,53,-0.0,-107614776.0,0.0,0.0,0.0,0.0,0.0,0.0,0.0,0,0,0,0.0,0.0,0.0,0.0,0.0,0.0,0.0,0.0,0.0,0.0,0.0,0.0,0.0,0.0,0.0,0.0,0,-107875648.0,53,0.0,106,-107614832.0,0.0,ERR,ERR,ERR,ERR,ERR,ERR,ERR,ERR,ERR,ERR,ERR,ERR,ERR,ERR,ERR,ERR,ERR,ERR,ERR,ERR,ERR,ERR,ERR,ERR,ERR,ERR,ERR,ERR,ERR,ERR,ERR,ERR,ERR,ERR,ERR,ERR,ERR,ERR,ERR,ERR,ERR,ERR,ERR,ERR,ERR,ERR,ERR,ERR,ERR,ERR,ERR,ERR,ERR,ERR,ERR,ERR,ERR,ERR,ERR,ERR,ERR,ERR,ERR,ERR,ERR,ERR,ERR,50.0,60.0,100,0.0,0.0,0.0,0.0,0.0,0.0,0.0,0.0,0.0,0.0,0.0,0.0,0.0,0.0,0.0,0.0,61.6,73,14,65513,50,65476,0,300,0,0,8,20529,65476,0,0,26214,60.0,0.0,0.0,0.0,0.0,0.0
2026-05-17T18:38:34,ERR,ERR,ERR,ERR,ERR,ERR,ERR,ERR,ERR,ERR,ERR,ERR,ERR,ERR,ERR,ERR,ERR,ERR,ERR,ERR,ERR,ERR,ERR,ERR,ERR,ERR,ERR,ERR,ERR,ERR,ERR,ERR,ERR,ERR,ERR,ERR,ERR,ERR,ERR,ERR,ERR,ERR,ERR,ERR,ERR,ERR,ERR,ERR,ERR,ERR,ERR,ERR,ERR,ERR,ERR,ERR,ERR,ERR,ERR,ERR,ERR,ERR,ERR,ERR,ERR,ERR,ERR,ERR,ERR,ERR,ERR,ERR,ERR,ERR,ERR,ERR,ERR,ERR,ERR,ERR,ERR,ERR,ERR,ERR,ERR,ERR,ERR,ERR,ERR,ERR,ERR,ERR,ERR,ERR,ERR,ERR,ERR,ERR,ERR,ERR,ERR,ERR,ERR,ERR,ERR,ERR,ERR,ERR,ERR,ERR,ERR,ERR,ERR,ERR,ERR,ERR,ERR,ERR,ERR,ERR,ERR,ERR,ERR,ERR,ERR,0.0,0.0,0.0,0.0,0.0,1.3936040501711995e+18,7.805,0.0,0,0,4,0,8422,0.0,45,0.0,0.0,0.0,0.0,0.0,0,0,0,0,0.0,0,0,0,0,0,0,0,0,0,0,0,0,0,0,0,0,0,0,0,0,0,0,0,0,0,0,0,0,0,0,0,0,0,38,14,7,45,65476,0,300,0,0,8,21553,0.0,-107605600.0,0.0,0.0,0.0,0.0,0.0,0.0,0.0,0.0,0.0,0.0,0.0,0.0,0.0,0.0,0.0,0.0,0.0,0.0,0.0,0.0,0.0,2.004,-0.0,0.0,0.0,0.0,0.0,0.0,5016.0,0.0,0.0,0.0,0.0,-107615280.0,2.718429300292151e+23,0.0,0.0,0.0,0.0,53,-0.0,-107614776.0,0.0,0.0,0.0,0.0,0.0,0.0,0.0,0,0,0,0.0,0.0,0.0,0.0,0.0,0.0,0.0,0.0,0.0,0.0,0.0,0.0,0.0,0.0,0.0,0.0,0,-107875648.0,53,0.0,106,-107614832.0,0.0,ERR,ERR,ERR,ERR,ERR,ERR,ERR,ERR,ERR,ERR,ERR,ERR,ERR,ERR,ERR,ERR,ERR,ERR,ERR,ERR,ERR,ERR,ERR,ERR,ERR,ERR,ERR,ERR,ERR,ERR,ERR,ERR,ERR,ERR,ERR,ERR,ERR,ERR,ERR,ERR,ERR,ERR,ERR,ERR,ERR,ERR,ERR,ERR,ERR,ERR,ERR,ERR,ERR,ERR,ERR,ERR,ERR,ERR,ERR,ERR,ERR,ERR,ERR,ERR,ERR,ERR,ERR,50.0,60.0,100,0.0,0.0,0.0,0.0,0.0,0.0,0.0,0.0,0.0,0.0,0.0,0.0,0.0,0.0,0.0,0.0,61.6,73,14,65513,50,65476,0,300,0,0,8,20529,65476,0,0,26214,60.0,0.0,0.0,0.0,0.0,0.0
2026-05-17T18:38:35,ERR,ERR,ERR,ERR,ERR,ERR,ERR,ERR,ERR,ERR,ERR,ERR,ERR,ERR,ERR,ERR,ERR,ERR,ERR,ERR,ERR,ERR,ERR,ERR,ERR,ERR,ERR,ERR,ERR,ERR,ERR,ERR,ERR,ERR,ERR,ERR,ERR,ERR,ERR,ERR,ERR,ERR,ERR,ERR,ERR,ERR,ERR,ERR,ERR,ERR,ERR,ERR,ERR,ERR,ERR,ERR,ERR,ERR,ERR,ERR,ERR,ERR,ERR,ERR,ERR,ERR,ERR,ERR,ERR,ERR,ERR,ERR,ERR,ERR,ERR,ERR,ERR,ERR,ERR,ERR,ERR,ERR,ERR,ERR,ERR,ERR,ERR,ERR,ERR,ERR,ERR,ERR,ERR,ERR,ERR,ERR,ERR,ERR,ERR,ERR,ERR,ERR,ERR,ERR,ERR,ERR,ERR,ERR,ERR,ERR,ERR,ERR,ERR,ERR,ERR,ERR,ERR,ERR,ERR,ERR,ERR,ERR,ERR,ERR,ERR,0.0,0.0,0.0,0.0,0.0,1.3936040501711995e+18,7.805,0.0,0,0,4,0,8422,0.0,45,0.0,0.0,0.0,0.0,0.0,0,0,0,0,0.0,0,0,0,0,0,0,0,0,0,0,0,0,0,0,0,0,0,0,0,0,0,0,0,0,0,0,0,0,0,0,0,0,0,38,14,7,45,65476,0,300,0,0,8,21553,0.0,-107605600.0,0.0,0.0,0.0,0.0,0.0,0.0,0.0,0.0,0.0,0.0,0.0,0.0,0.0,0.0,0.0,0.0,0.0,0.0,0.0,0.0,0.0,2.004,-0.0,0.0,0.0,0.0,0.0,0.0,5016.0,0.0,0.0,0.0,0.0,-107615280.0,2.718429300292151e+23,0.0,0.0,0.0,0.0,53,-0.0,-107614776.0,0.0,0.0,0.0,0.0,0.0,0.0,0.0,0,0,0,0.0,0.0,0.0,0.0,0.0,0.0,0.0,0.0,0.0,0.0,0.0,0.0,0.0,0.0,0.0,0.0,0,-107875648.0,53,0.0,106,-107614832.0,0.0,ERR,ERR,ERR,ERR,ERR,ERR,ERR,ERR,ERR,ERR,ERR,ERR,ERR,ERR,ERR,ERR,ERR,ERR,ERR,ERR,ERR,ERR,ERR,ERR,ERR,ERR,ERR,ERR,ERR,ERR,ERR,ERR,ERR,ERR,ERR,ERR,ERR,ERR,ERR,ERR,ERR,ERR,ERR,ERR,ERR,ERR,ERR,ERR,ERR,ERR,ERR,ERR,ERR,ERR,ERR,ERR,ERR,ERR,ERR,ERR,ERR,ERR,ERR,ERR,ERR,ERR,ERR,50.0,60.0,100,0.0,0.0,0.0,0.0,0.0,0.0,0.0,0.0,0.0,0.0,0.0,0.0,0.0,0.0,0.0,0.0,61.6,73,14,65513,50,65476,0,300,0,0,8,20529,65476,0,0,26214,60.0,0.0,0.0,0.0,0.0,0.0
2026-05-17T18:38:36,ERR,ERR,ERR,ERR,ERR,ERR,ERR,ERR,ERR,ERR,ERR,ERR,ERR,ERR,ERR,ERR,ERR,ERR,ERR,ERR,ERR,ERR,ERR,ERR,ERR,ERR,ERR,ERR,ERR,ERR,ERR,ERR,ERR,ERR,ERR,ERR,ERR,ERR,ERR,ERR,ERR,ERR,ERR,ERR,ERR,ERR,ERR,ERR,ERR,ERR,ERR,ERR,ERR,ERR,ERR,ERR,ERR,ERR,ERR,ERR,ERR,ERR,ERR,ERR,ERR,ERR,ERR,ERR,ERR,ERR,ERR,ERR,ERR,ERR,ERR,ERR,ERR,ERR,ERR,ERR,ERR,ERR,ERR,ERR,ERR,ERR,ERR,ERR,ERR,ERR,ERR,ERR,ERR,ERR,ERR,ERR,ERR,ERR,ERR,ERR,ERR,ERR,ERR,ERR,ERR,ERR,ERR,ERR,ERR,ERR,ERR,ERR,ERR,ERR,ERR,ERR,ERR,ERR,ERR,ERR,ERR,ERR,ERR,ERR,ERR,0.0,0.0,0.0,0.0,0.0,1.3936040501711995e+18,7.805,0.0,0,0,4,0,8422,0.0,45,0.0,0.0,0.0,0.0,0.0,0,0,0,0,0.0,0,0,0,0,0,0,0,0,0,0,0,0,0,0,0,0,0,0,0,0,0,0,0,0,0,0,0,0,0,0,0,0,0,38,14,7,45,65476,0,300,0,0,8,21553,0.0,-107605600.0,0.0,0.0,0.0,0.0,0.0,0.0,0.0,0.0,0.0,0.0,0.0,0.0,0.0,0.0,0.0,0.0,0.0,0.0,0.0,0.0,0.0,2.004,-0.0,0.0,0.0,0.0,0.0,0.0,4987.0,-2.4229876163019057e+24,0.0,0.0,0.0,-107615280.0,2.718429300292151e+23,0.0,0.0,0.0,0.0,53,-0.0,-0.0,0.0,0.0,0.0,0.0,0.0,0.0,0.0,0,0,0,0.0,0.0,0.0,0.0,0.0,0.0,0.0,0.0,0.0,0.0,0.0,0.0,0.0,0.0,0.0,0.0,0,-107875648.0,53,0.0,106,-107614832.0,0.0,ERR,ERR,ERR,ERR,ERR,ERR,ERR,ERR,ERR,ERR,ERR,ERR,ERR,ERR,ERR,ERR,ERR,ERR,ERR,ERR,ERR,ERR,ERR,ERR,ERR,ERR,ERR,ERR,ERR,ERR,ERR,ERR,ERR,ERR,ERR,ERR,ERR,ERR,ERR,ERR,ERR,ERR,ERR,ERR,ERR,ERR,ERR,ERR,ERR,ERR,ERR,ERR,ERR,ERR,ERR,ERR,ERR,ERR,ERR,ERR,ERR,ERR,ERR,ERR,ERR,ERR,ERR,50.0,60.0,100,0.0,0.0,0.0,0.0,0.0,0.0,0.0,0.0,0.0,0.0,0.0,0.0,0.0,0.0,0.0,0.0,61.6,73,14,65513,50,65476,0,300,0,0,8,20529,65476,0,0,26214,60.0,0.0,0.0,0.0,0.0,0.0
2026-05-17T18:38:37,ERR,ERR,ERR,ERR,ERR,ERR,ERR,ERR,ERR,ERR,ERR,ERR,ERR,ERR,ERR,ERR,ERR,ERR,ERR,ERR,ERR,ERR,ERR,ERR,ERR,ERR,ERR,ERR,ERR,ERR,ERR,ERR,ERR,ERR,ERR,ERR,ERR,ERR,ERR,ERR,ERR,ERR,ERR,ERR,ERR,ERR,ERR,ERR,ERR,ERR,ERR,ERR,ERR,ERR,ERR,ERR,ERR,ERR,ERR,ERR,ERR,ERR,ERR,ERR,ERR,ERR,ERR,ERR,ERR,ERR,ERR,ERR,ERR,ERR,ERR,ERR,ERR,ERR,ERR,ERR,ERR,ERR,ERR,ERR,ERR,ERR,ERR,ERR,ERR,ERR,ERR,ERR,ERR,ERR,ERR,ERR,ERR,ERR,ERR,ERR,ERR,ERR,ERR,ERR,ERR,ERR,ERR,ERR,ERR,ERR,ERR,ERR,ERR,ERR,ERR,ERR,ERR,ERR,ERR,ERR,ERR,ERR,ERR,ERR,ERR,0.0,0.0,0.0,0.0,0.0,1.3936040501711995e+18,7.805,0.0,0,0,4,0,8422,0.0,45,0.0,0.0,0.0,0.0,0.0,0,0,0,0,0.0,0,0,0,0,0,0,0,0,0,0,0,0,0,0,0,0,0,0,0,0,0,0,0,0,0,0,0,0,0,0,0,0,0,38,14,7,45,65476,0,300,0,0,8,21553,0.0,-107605600.0,0.0,0.0,0.0,0.0,0.0,0.0,0.0,0.0,0.0,0.0,0.0,0.0,0.0,0.0,0.0,0.0,0.0,0.0,0.0,0.0,0.0,2.004,-0.0,0.0,0.0,0.0,0.0,0.0,4987.0,-2.4229876163019057e+24,0.0,0.0,0.0,-107615280.0,2.718429300292151e+23,0.0,0.0,0.0,0.0,53,-0.0,-0.0,0.0,0.0,0.0,0.0,0.0,0.0,0.0,0,0,0,0.0,0.0,0.0,0.0,0.0,0.0,0.0,0.0,0.0,0.0,0.0,0.0,0.0,0.0,0.0,0.0,0,-107875648.0,53,0.0,106,-107614832.0,0.0,ERR,ERR,ERR,ERR,ERR,ERR,ERR,ERR,ERR,ERR,ERR,ERR,ERR,ERR,ERR,ERR,ERR,ERR,ERR,ERR,ERR,ERR,ERR,ERR,ERR,ERR,ERR,ERR,ERR,ERR,ERR,ERR,ERR,ERR,ERR,ERR,ERR,ERR,ERR,ERR,ERR,ERR,ERR,ERR,ERR,ERR,ERR,ERR,ERR,ERR,ERR,ERR,ERR,ERR,ERR,ERR,ERR,ERR,ERR,ERR,ERR,ERR,ERR,ERR,ERR,ERR,ERR,50.0,60.0,100,0.0,0.0,0.0,0.0,0.0,0.0,0.0,0.0,0.0,0.0,0.0,0.0,0.0,0.0,0.0,0.0,62.0,73,14,65513,50,65476,0,300,0,0,8,20529,65476,0,0,26214,60.0,0.0,0.0,0.0,0.0,0.0
2026-05-17T18:38:38,ERR,ERR,ERR,ERR,ERR,ERR,ERR,ERR,ERR,ERR,ERR,ERR,ERR,ERR,ERR,ERR,ERR,ERR,ERR,ERR,ERR,ERR,ERR,ERR,ERR,ERR,ERR,ERR,ERR,ERR,ERR,ERR,ERR,ERR,ERR,ERR,ERR,ERR,ERR,ERR,ERR,ERR,ERR,ERR,ERR,ERR,ERR,ERR,ERR,ERR,ERR,ERR,ERR,ERR,ERR,ERR,ERR,ERR,ERR,ERR,ERR,ERR,ERR,ERR,ERR,ERR,ERR,ERR,ERR,ERR,ERR,ERR,ERR,ERR,ERR,ERR,ERR,ERR,ERR,ERR,ERR,ERR,ERR,ERR,ERR,ERR,ERR,ERR,ERR,ERR,ERR,ERR,ERR,ERR,ERR,ERR,ERR,ERR,ERR,ERR,ERR,ERR,ERR,ERR,ERR,ERR,ERR,ERR,ERR,ERR,ERR,ERR,ERR,ERR,ERR,ERR,ERR,ERR,ERR,ERR,ERR,ERR,ERR,ERR,ERR,0.0,0.0,0.0,0.0,0.0,1.3936040501711995e+18,7.805,0.0,0,0,4,0,8422,0.0,45,0.0,0.0,0.0,0.0,0.0,0,0,0,0,0.0,0,0,0,0,0,0,0,0,0,0,0,0,0,0,0,0,0,0,0,0,0,0,0,0,0,0,0,0,0,0,0,0,0,38,14,7,45,65476,0,300,0,0,8,21553,0.0,-107605600.0,0.0,0.0,0.0,0.0,0.0,0.0,0.0,0.0,0.0,0.0,0.0,0.0,0.0,0.0,0.0,0.0,0.0,0.0,0.0,0.0,0.0,2.004,-0.0,0.0,0.0,0.0,0.0,0.0,4987.0,-2.4229876163019057e+24,0.0,0.0,0.0,-107615280.0,2.718429300292151e+23,0.0,0.0,0.0,0.0,53,-0.0,-0.0,0.0,0.0,0.0,0.0,0.0,0.0,0.0,0,0,0,0.0,0.0,0.0,0.0,0.0,0.0,0.0,0.0,0.0,0.0,0.0,0.0,0.0,0.0,0.0,0.0,0,-107875648.0,53,0.0,106,-107614832.0,0.0,ERR,ERR,ERR,ERR,ERR,ERR,ERR,ERR,ERR,ERR,ERR,ERR,ERR,ERR,ERR,ERR,ERR,ERR,ERR,ERR,ERR,ERR,ERR,ERR,ERR,ERR,ERR,ERR,ERR,ERR,ERR,ERR,ERR,ERR,ERR,ERR,ERR,ERR,ERR,ERR,ERR,ERR,ERR,ERR,ERR,ERR,ERR,ERR,ERR,ERR,ERR,ERR,ERR,ERR,ERR,ERR,ERR,ERR,ERR,ERR,ERR,ERR,ERR,ERR,ERR,ERR,ERR,50.0,60.0,100,0.0,0.0,0.0,0.0,0.0,0.0,0.0,0.0,0.0,0.0,0.0,0.0,0.0,0.0,0.0,0.0,62.0,73,14,65513,50,65476,0,300,0,0,8,20529,65476,0,0,26214,60.0,0.0,0.0,0.0,0.0,0.0
2026-05-17T18:38:39,ERR,ERR,ERR,ERR,ERR,ERR,ERR,ERR,ERR,ERR,ERR,ERR,ERR,ERR,ERR,ERR,ERR,ERR,ERR,ERR,ERR,ERR,ERR,ERR,ERR,ERR,ERR,ERR,ERR,ERR,ERR,ERR,ERR,ERR,ERR,ERR,ERR,ERR,ERR,ERR,ERR,ERR,ERR,ERR,ERR,ERR,ERR,ERR,ERR,ERR,ERR,ERR,ERR,ERR,ERR,ERR,ERR,ERR,ERR,ERR,ERR,ERR,ERR,ERR,ERR,ERR,ERR,ERR,ERR,ERR,ERR,ERR,ERR,ERR,ERR,ERR,ERR,ERR,ERR,ERR,ERR,ERR,ERR,ERR,ERR,ERR,ERR,ERR,ERR,ERR,ERR,ERR,ERR,ERR,ERR,ERR,ERR,ERR,ERR,ERR,ERR,ERR,ERR,ERR,ERR,ERR,ERR,ERR,ERR,ERR,ERR,ERR,ERR,ERR,ERR,ERR,ERR,ERR,ERR,ERR,ERR,ERR,ERR,ERR,ERR,0.0,0.0,0.0,0.0,0.0,1.3936040501711995e+18,7.805,0.0,0,0,4,0,8422,0.0,45,0.0,0.0,0.0,0.0,0.0,0,0,0,0,0.0,0,0,0,0,0,0,0,0,0,0,0,0,0,0,0,0,0,0,0,0,0,0,0,0,0,0,0,0,0,0,0,0,0,38,14,7,45,65476,0,300,0,0,8,21553,0.0,-107605600.0,0.0,0.0,0.0,0.0,0.0,0.0,0.0,0.0,0.0,0.0,0.0,0.0,0.0,0.0,0.0,0.0,0.0,0.0,0.0,0.0,0.0,2.004,-0.0,0.0,0.0,0.0,0.0,0.0,4987.0,-2.4229876163019057e+24,0.0,0.0,0.0,-107615280.0,2.718429300292151e+23,0.0,0.0,0.0,0.0,53,-0.0,-0.0,0.0,0.0,0.0,0.0,0.0,0.0,0.0,0,0,0,0.0,0.0,0.0,0.0,0.0,0.0,0.0,0.0,0.0,0.0,0.0,0.0,0.0,0.0,0.0,0.0,0,-107875648.0,53,0.0,106,-107614832.0,0.0,ERR,ERR,ERR,ERR,ERR,ERR,ERR,ERR,ERR,ERR,ERR,ERR,ERR,ERR,ERR,ERR,ERR,ERR,ERR,ERR,ERR,ERR,ERR,ERR,ERR,ERR,ERR,ERR,ERR,ERR,ERR,ERR,ERR,ERR,ERR,ERR,ERR,ERR,ERR,ERR,ERR,ERR,ERR,ERR,ERR,ERR,ERR,ERR,ERR,ERR,ERR,ERR,ERR,ERR,ERR,ERR,ERR,ERR,ERR,ERR,ERR,ERR,ERR,ERR,ERR,ERR,ERR,50.0,60.0,100,0.0,0.0,0.0,0.0,0.0,0.0,0.0,0.0,0.0,0.0,0.0,0.0,0.0,0.0,0.0,0.0,61.6,73,14,65513,50,65476,0,300,0,0,8,20529,65476,0,0,26214,60.0,0.0,0.0,0.0,0.0,0.0
2026-05-17T18:38:40,ERR,ERR,ERR,ERR,ERR,ERR,ERR,ERR,ERR,ERR,ERR,ERR,ERR,ERR,ERR,ERR,ERR,ERR,ERR,ERR,ERR,ERR,ERR,ERR,ERR,ERR,ERR,ERR,ERR,ERR,ERR,ERR,ERR,ERR,ERR,ERR,ERR,ERR,ERR,ERR,ERR,ERR,ERR,ERR,ERR,ERR,ERR,ERR,ERR,ERR,ERR,ERR,ERR,ERR,ERR,ERR,ERR,ERR,ERR,ERR,ERR,ERR,ERR,ERR,ERR,ERR,ERR,ERR,ERR,ERR,ERR,ERR,ERR,ERR,ERR,ERR,ERR,ERR,ERR,ERR,ERR,ERR,ERR,ERR,ERR,ERR,ERR,ERR,ERR,ERR,ERR,ERR,ERR,ERR,ERR,ERR,ERR,ERR,ERR,ERR,ERR,ERR,ERR,ERR,ERR,ERR,ERR,ERR,ERR,ERR,ERR,ERR,ERR,ERR,ERR,ERR,ERR,ERR,ERR,ERR,ERR,ERR,ERR,ERR,ERR,0.0,0.0,0.0,0.0,0.0,1.3936040501711995e+18,7.805,0.0,0,0,4,0,8422,0.0,45,0.0,0.0,0.0,0.0,0.0,0,0,0,0,0.0,0,0,0,0,0,0,0,0,0,0,0,0,0,0,0,0,0,0,0,0,0,0,0,0,0,0,0,0,0,0,0,0,0,38,14,7,45,65476,0,300,0,0,8,21553,0.0,-107605600.0,0.0,0.0,0.0,0.0,0.0,0.0,0.0,0.0,0.0,0.0,0.0,0.0,0.0,0.0,0.0,0.0,0.0,0.0,0.0,0.0,0.0,2.004,-0.0,0.0,0.0,0.0,0.0,0.0,4987.0,-2.4229876163019057e+24,0.0,0.0,0.0,-107615280.0,2.718429300292151e+23,0.0,0.0,0.0,0.0,53,-0.0,-0.0,0.0,0.0,0.0,0.0,0.0,0.0,0.0,0,0,0,0.0,0.0,0.0,0.0,0.0,0.0,0.0,0.0,0.0,0.0,0.0,0.0,0.0,0.0,0.0,0.0,0,-107875648.0,53,0.0,106,-107614832.0,0.0,ERR,ERR,ERR,ERR,ERR,ERR,ERR,ERR,ERR,ERR,ERR,ERR,ERR,ERR,ERR,ERR,ERR,ERR,ERR,ERR,ERR,ERR,ERR,ERR,ERR,ERR,ERR,ERR,ERR,ERR,ERR,ERR,ERR,ERR,ERR,ERR,ERR,ERR,ERR,ERR,ERR,ERR,ERR,ERR,ERR,ERR,ERR,ERR,ERR,ERR,ERR,ERR,ERR,ERR,ERR,ERR,ERR,ERR,ERR,ERR,ERR,ERR,ERR,ERR,ERR,ERR,ERR,50.0,60.0,100,0.0,0.0,0.0,0.0,0.0,0.0,0.0,0.0,0.0,0.0,0.0,0.0,0.0,0.0,0.0,0.0,61.6,73,14,65513,50,65476,0,300,0,0,8,20529,65476,0,0,26214,60.0,0.0,0.0,0.0,0.0,0.0
2026-05-17T18:38:41,ERR,ERR,ERR,ERR,ERR,ERR,ERR,ERR,ERR,ERR,ERR,ERR,ERR,ERR,ERR,ERR,ERR,ERR,ERR,ERR,ERR,ERR,ERR,ERR,ERR,ERR,ERR,ERR,ERR,ERR,ERR,ERR,ERR,ERR,ERR,ERR,ERR,ERR,ERR,ERR,ERR,ERR,ERR,ERR,ERR,ERR,ERR,ERR,ERR,ERR,ERR,ERR,ERR,ERR,ERR,ERR,ERR,ERR,ERR,ERR,ERR,ERR,ERR,ERR,ERR,ERR,ERR,ERR,ERR,ERR,ERR,ERR,ERR,ERR,ERR,ERR,ERR,ERR,ERR,ERR,ERR,ERR,ERR,ERR,ERR,ERR,ERR,ERR,ERR,ERR,ERR,ERR,ERR,ERR,ERR,ERR,ERR,ERR,ERR,ERR,ERR,ERR,ERR,ERR,ERR,ERR,ERR,ERR,ERR,ERR,ERR,ERR,ERR,ERR,ERR,ERR,ERR,ERR,ERR,ERR,ERR,ERR,ERR,ERR,ERR,0.0,0.0,0.0,0.0,0.0,1.3936040501711995e+18,7.805,0.0,0,0,4,0,8422,0.0,45,0.0,0.0,0.0,0.0,0.0,0,0,0,0,0.0,0,0,0,0,0,0,0,0,0,0,0,0,0,0,0,0,0,0,0,0,0,0,0,0,0,0,0,0,0,0,0,0,0,38,14,7,45,65476,0,300,0,0,8,21553,0.0,-107605600.0,0.0,0.0,0.0,0.0,0.0,0.0,0.0,0.0,0.0,0.0,0.0,0.0,0.0,0.0,0.0,0.0,0.0,0.0,0.0,0.0,0.0,2.004,-0.0,0.0,0.0,0.0,0.0,0.0,5019.0,0.0,0.0,0.0,0.0,-107615280.0,2.718429300292151e+23,0.0,0.0,0.0,0.0,53,-0.0,-71.629,0.0,0.0,0.0,0.0,0.0,0.0,0.0,0,0,0,0.0,0.0,0.0,0.0,0.0,0.0,0.0,0.0,0.0,0.0,0.0,0.0,0.0,0.0,0.0,0.0,0,-107875648.0,53,0.0,106,-107614832.0,0.0,ERR,ERR,ERR,ERR,ERR,ERR,ERR,ERR,ERR,ERR,ERR,ERR,ERR,ERR,ERR,ERR,ERR,ERR,ERR,ERR,ERR,ERR,ERR,ERR,ERR,ERR,ERR,ERR,ERR,ERR,ERR,ERR,ERR,ERR,ERR,ERR,ERR,ERR,ERR,ERR,ERR,ERR,ERR,ERR,ERR,ERR,ERR,ERR,ERR,ERR,ERR,ERR,ERR,ERR,ERR,ERR,ERR,ERR,ERR,ERR,ERR,ERR,ERR,ERR,ERR,ERR,ERR,50.0,60.0,100,0.0,0.0,0.0,0.0,0.0,0.0,0.0,0.0,0.0,0.0,0.0,0.0,0.0,0.0,0.0,0.0,61.6,73,14,65513,50,65476,0,300,0,0,8,20529,65476,0,0,26214,60.0,0.0,0.0,0.0,0.0,0.0
2026-05-17T18:38:42,ERR,ERR,ERR,ERR,ERR,ERR,ERR,ERR,ERR,ERR,ERR,ERR,ERR,ERR,ERR,ERR,ERR,ERR,ERR,ERR,ERR,ERR,ERR,ERR,ERR,ERR,ERR,ERR,ERR,ERR,ERR,ERR,ERR,ERR,ERR,ERR,ERR,ERR,ERR,ERR,ERR,ERR,ERR,ERR,ERR,ERR,ERR,ERR,ERR,ERR,ERR,ERR,ERR,ERR,ERR,ERR,ERR,ERR,ERR,ERR,ERR,ERR,ERR,ERR,ERR,ERR,ERR,ERR,ERR,ERR,ERR,ERR,ERR,ERR,ERR,ERR,ERR,ERR,ERR,ERR,ERR,ERR,ERR,ERR,ERR,ERR,ERR,ERR,ERR,ERR,ERR,ERR,ERR,ERR,ERR,ERR,ERR,ERR,ERR,ERR,ERR,ERR,ERR,ERR,ERR,ERR,ERR,ERR,ERR,ERR,ERR,ERR,ERR,ERR,ERR,ERR,ERR,ERR,ERR,ERR,ERR,ERR,ERR,ERR,ERR,0.0,0.0,0.0,0.0,0.0,1.3936040501711995e+18,7.805,0.0,0,0,4,0,8422,0.0,45,0.0,0.0,0.0,0.0,0.0,0,0,0,0,0.0,0,0,0,0,0,0,0,0,0,0,0,0,0,0,0,0,0,0,0,0,0,0,0,0,0,0,0,0,0,0,0,0,0,38,14,7,45,65476,0,300,0,0,8,21553,0.0,-107605600.0,0.0,0.0,0.0,0.0,0.0,0.0,0.0,0.0,0.0,0.0,0.0,0.0,0.0,0.0,0.0,0.0,0.0,0.0,0.0,0.0,0.0,2.004,-0.0,0.0,0.0,0.0,0.0,0.0,5019.0,0.0,0.0,0.0,0.0,-107615280.0,2.718429300292151e+23,0.0,0.0,0.0,0.0,53,-0.0,-71.629,0.0,0.0,0.0,0.0,0.0,0.0,0.0,0,0,0,0.0,0.0,0.0,0.0,0.0,0.0,0.0,0.0,0.0,0.0,0.0,0.0,0.0,0.0,0.0,0.0,0,-107875648.0,53,0.0,106,-107614832.0,0.0,ERR,ERR,ERR,ERR,ERR,ERR,ERR,ERR,ERR,ERR,ERR,ERR,ERR,ERR,ERR,ERR,ERR,ERR,ERR,ERR,ERR,ERR,ERR,ERR,ERR,ERR,ERR,ERR,ERR,ERR,ERR,ERR,ERR,ERR,ERR,ERR,ERR,ERR,ERR,ERR,ERR,ERR,ERR,ERR,ERR,ERR,ERR,ERR,ERR,ERR,ERR,ERR,ERR,ERR,ERR,ERR,ERR,ERR,ERR,ERR,ERR,ERR,ERR,ERR,ERR,ERR,ERR,50.0,60.0,100,0.0,0.0,0.0,0.0,0.0,0.0,0.0,0.0,0.0,0.0,0.0,0.0,0.0,0.0,0.0,0.0,61.6,73,14,65513,50,65476,0,300,0,0,8,20529,65476,0,0,26214,60.0,0.0,0.0,0.0,0.0,0.0
2026-05-17T18:38:43,ERR,ERR,ERR,ERR,ERR,ERR,ERR,ERR,ERR,ERR,ERR,ERR,ERR,ERR,ERR,ERR,ERR,ERR,ERR,ERR,ERR,ERR,ERR,ERR,ERR,ERR,ERR,ERR,ERR,ERR,ERR,ERR,ERR,ERR,ERR,ERR,ERR,ERR,ERR,ERR,ERR,ERR,ERR,ERR,ERR,ERR,ERR,ERR,ERR,ERR,ERR,ERR,ERR,ERR,ERR,ERR,ERR,ERR,ERR,ERR,ERR,ERR,ERR,ERR,ERR,ERR,ERR,ERR,ERR,ERR,ERR,ERR,ERR,ERR,ERR,ERR,ERR,ERR,ERR,ERR,ERR,ERR,ERR,ERR,ERR,ERR,ERR,ERR,ERR,ERR,ERR,ERR,ERR,ERR,ERR,ERR,ERR,ERR,ERR,ERR,ERR,ERR,ERR,ERR,ERR,ERR,ERR,ERR,ERR,ERR,ERR,ERR,ERR,ERR,ERR,ERR,ERR,ERR,ERR,ERR,ERR,ERR,ERR,ERR,ERR,0.0,0.0,0.0,0.0,0.0,1.3936040501711995e+18,7.805,0.0,0,0,4,0,8422,0.0,45,0.0,0.0,0.0,0.0,0.0,0,0,0,0,0.0,0,0,0,0,0,0,0,0,0,0,0,0,0,0,0,0,0,0,0,0,0,0,0,0,0,0,0,0,0,0,0,0,0,38,14,7,45,65476,0,300,0,0,8,21553,0.0,-107605600.0,0.0,0.0,0.0,0.0,0.0,0.0,0.0,0.0,0.0,0.0,0.0,0.0,0.0,0.0,0.0,0.0,0.0,0.0,0.0,0.0,0.0,2.004,-0.0,0.0,0.0,0.0,0.0,0.0,5019.0,0.0,0.0,0.0,0.0,-107615280.0,2.718429300292151e+23,0.0,0.0,0.0,0.0,53,-0.0,-71.629,0.0,0.0,0.0,0.0,0.0,0.0,0.0,0,0,0,0.0,0.0,0.0,0.0,0.0,0.0,0.0,0.0,0.0,0.0,0.0,0.0,0.0,0.0,0.0,0.0,0,-107875648.0,53,0.0,106,-107614832.0,0.0,ERR,ERR,ERR,ERR,ERR,ERR,ERR,ERR,ERR,ERR,ERR,ERR,ERR,ERR,ERR,ERR,ERR,ERR,ERR,ERR,ERR,ERR,ERR,ERR,ERR,ERR,ERR,ERR,ERR,ERR,ERR,ERR,ERR,ERR,ERR,ERR,ERR,ERR,ERR,ERR,ERR,ERR,ERR,ERR,ERR,ERR,ERR,ERR,ERR,ERR,ERR,ERR,ERR,ERR,ERR,ERR,ERR,ERR,ERR,ERR,ERR,ERR,ERR,ERR,ERR,ERR,ERR,50.0,60.0,100,0.0,0.0,0.0,0.0,0.0,0.0,0.0,0.0,0.0,0.0,0.0,0.0,0.0,0.0,0.0,0.0,61.6,73,14,65513,50,65476,0,300,0,0,8,20529,65476,0,0,26214,60.0,0.0,0.0,0.0,0.0,0.0
2026-05-17T18:38:44,ERR,ERR,ERR,ERR,ERR,ERR,ERR,ERR,ERR,ERR,ERR,ERR,ERR,ERR,ERR,ERR,ERR,ERR,ERR,ERR,ERR,ERR,ERR,ERR,ERR,ERR,ERR,ERR,ERR,ERR,ERR,ERR,ERR,ERR,ERR,ERR,ERR,ERR,ERR,ERR,ERR,ERR,ERR,ERR,ERR,ERR,ERR,ERR,ERR,ERR,ERR,ERR,ERR,ERR,ERR,ERR,ERR,ERR,ERR,ERR,ERR,ERR,ERR,ERR,ERR,ERR,ERR,ERR,ERR,ERR,ERR,ERR,ERR,ERR,ERR,ERR,ERR,ERR,ERR,ERR,ERR,ERR,ERR,ERR,ERR,ERR,ERR,ERR,ERR,ERR,ERR,ERR,ERR,ERR,ERR,ERR,ERR,ERR,ERR,ERR,ERR,ERR,ERR,ERR,ERR,ERR,ERR,ERR,ERR,ERR,ERR,ERR,ERR,ERR,ERR,ERR,ERR,ERR,ERR,ERR,ERR,ERR,ERR,ERR,ERR,0.0,0.0,0.0,0.0,0.0,1.3936040501711995e+18,7.805,0.0,0,0,4,0,8422,0.0,45,0.0,0.0,0.0,0.0,0.0,0,0,0,0,0.0,0,0,0,0,0,0,0,0,0,0,0,0,0,0,0,0,0,0,0,0,0,0,0,0,0,0,0,0,0,0,0,0,0,38,14,7,45,65476,0,300,0,0,8,21553,0.0,-107605600.0,0.0,0.0,0.0,0.0,0.0,0.0,0.0,0.0,0.0,0.0,0.0,0.0,0.0,0.0,0.0,0.0,0.0,0.0,0.0,0.0,0.0,2.004,-0.0,0.0,0.0,0.0,0.0,0.0,5019.0,0.0,0.0,0.0,0.0,-107615280.0,2.718429300292151e+23,0.0,0.0,0.0,0.0,53,-0.0,-71.629,0.0,0.0,0.0,0.0,0.0,0.0,0.0,0,0,0,0.0,0.0,0.0,0.0,0.0,0.0,0.0,0.0,0.0,0.0,0.0,0.0,0.0,0.0,0.0,0.0,0,-107875648.0,53,0.0,106,-107614832.0,0.0,ERR,ERR,ERR,ERR,ERR,ERR,ERR,ERR,ERR,ERR,ERR,ERR,ERR,ERR,ERR,ERR,ERR,ERR,ERR,ERR,ERR,ERR,ERR,ERR,ERR,ERR,ERR,ERR,ERR,ERR,ERR,ERR,ERR,ERR,ERR,ERR,ERR,ERR,ERR,ERR,ERR,ERR,ERR,ERR,ERR,ERR,ERR,ERR,ERR,ERR,ERR,ERR,ERR,ERR,ERR,ERR,ERR,ERR,ERR,ERR,ERR,ERR,ERR,ERR,ERR,ERR,ERR,50.0,60.0,100,0.0,0.0,0.0,0.0,0.0,0.0,0.0,0.0,0.0,0.0,0.0,0.0,0.0,0.0,0.0,0.0,61.6,73,14,65513,50,65476,0,300,0,0,8,20529,65476,0,0,26214,60.0,0.0,0.0,0.0,0.0,0.0
2026-05-17T18:38:45,ERR,ERR,ERR,ERR,ERR,ERR,ERR,ERR,ERR,ERR,ERR,ERR,ERR,ERR,ERR,ERR,ERR,ERR,ERR,ERR,ERR,ERR,ERR,ERR,ERR,ERR,ERR,ERR,ERR,ERR,ERR,ERR,ERR,ERR,ERR,ERR,ERR,ERR,ERR,ERR,ERR,ERR,ERR,ERR,ERR,ERR,ERR,ERR,ERR,ERR,ERR,ERR,ERR,ERR,ERR,ERR,ERR,ERR,ERR,ERR,ERR,ERR,ERR,ERR,ERR,ERR,ERR,ERR,ERR,ERR,ERR,ERR,ERR,ERR,ERR,ERR,ERR,ERR,ERR,ERR,ERR,ERR,ERR,ERR,ERR,ERR,ERR,ERR,ERR,ERR,ERR,ERR,ERR,ERR,ERR,ERR,ERR,ERR,ERR,ERR,ERR,ERR,ERR,ERR,ERR,ERR,ERR,ERR,ERR,ERR,ERR,ERR,ERR,ERR,ERR,ERR,ERR,ERR,ERR,ERR,ERR,ERR,ERR,ERR,ERR,0.0,0.0,0.0,0.0,0.0,1.3936040501711995e+18,7.805,0.0,0,0,4,0,8422,0.0,45,0.0,0.0,0.0,0.0,0.0,0,0,0,0,0.0,0,0,0,0,0,0,0,0,0,0,0,0,0,0,0,0,0,0,0,0,0,0,0,0,0,0,0,0,0,0,0,0,0,38,14,7,45,65476,0,300,0,0,8,21553,0.0,-107605600.0,0.0,0.0,0.0,0.0,0.0,0.0,0.0,0.0,0.0,0.0,0.0,0.0,0.0,0.0,0.0,0.0,0.0,0.0,0.0,0.0,0.0,2.004,-0.0,0.0,0.0,0.0,0.0,0.0,5019.0,0.0,0.0,0.0,0.0,-107615280.0,2.718429300292151e+23,0.0,0.0,0.0,0.0,53,-0.0,-71.629,0.0,0.0,0.0,0.0,0.0,0.0,0.0,0,0,0,0.0,0.0,0.0,0.0,0.0,0.0,0.0,0.0,0.0,0.0,0.0,0.0,0.0,0.0,0.0,0.0,0,-107875648.0,53,0.0,106,-107614832.0,0.0,ERR,ERR,ERR,ERR,ERR,ERR,ERR,ERR,ERR,ERR,ERR,ERR,ERR,ERR,ERR,ERR,ERR,ERR,ERR,ERR,ERR,ERR,ERR,ERR,ERR,ERR,ERR,ERR,ERR,ERR,ERR,ERR,ERR,ERR,ERR,ERR,ERR,ERR,ERR,ERR,ERR,ERR,ERR,ERR,ERR,ERR,ERR,ERR,ERR,ERR,ERR,ERR,ERR,ERR,ERR,ERR,ERR,ERR,ERR,ERR,ERR,ERR,ERR,ERR,ERR,ERR,ERR,50.0,60.0,100,0.0,0.0,0.0,0.0,0.0,0.0,0.0,0.0,0.0,0.0,0.0,0.0,0.0,0.0,0.0,0.0,61.6,73,14,65513,50,65476,0,300,0,0,8,20529,65476,0,0,26214,60.0,0.0,0.0,0.0,0.0,0.0
2026-05-17T18:38:46,ERR,ERR,ERR,ERR,ERR,ERR,ERR,ERR,ERR,ERR,ERR,ERR,ERR,ERR,ERR,ERR,ERR,ERR,ERR,ERR,ERR,ERR,ERR,ERR,ERR,ERR,ERR,ERR,ERR,ERR,ERR,ERR,ERR,ERR,ERR,ERR,ERR,ERR,ERR,ERR,ERR,ERR,ERR,ERR,ERR,ERR,ERR,ERR,ERR,ERR,ERR,ERR,ERR,ERR,ERR,ERR,ERR,ERR,ERR,ERR,ERR,ERR,ERR,ERR,ERR,ERR,ERR,ERR,ERR,ERR,ERR,ERR,ERR,ERR,ERR,ERR,ERR,ERR,ERR,ERR,ERR,ERR,ERR,ERR,ERR,ERR,ERR,ERR,ERR,ERR,ERR,ERR,ERR,ERR,ERR,ERR,ERR,ERR,ERR,ERR,ERR,ERR,ERR,ERR,ERR,ERR,ERR,ERR,ERR,ERR,ERR,ERR,ERR,ERR,ERR,ERR,ERR,ERR,ERR,ERR,ERR,ERR,ERR,ERR,ERR,0.0,0.0,0.0,0.0,0.0,1.3936040501711995e+18,7.805,0.0,0,0,4,0,8422,0.0,45,0.0,0.0,0.0,0.0,0.0,0,0,0,0,0.0,0,0,0,0,0,0,0,0,0,0,0,0,0,0,0,0,0,0,0,0,0,0,0,0,0,0,0,0,0,0,0,0,0,38,14,7,45,65476,0,300,0,0,8,21553,0.0,-107605600.0,0.0,0.0,0.0,0.0,0.0,0.0,0.0,0.0,0.0,0.0,0.0,0.0,0.0,0.0,0.0,0.0,0.0,0.0,0.0,0.0,0.0,2.004,-0.0,0.0,0.0,0.0,0.0,0.0,5021.0,1.040665380856972e+34,0.0,0.0,0.0,-107615280.0,2.718429300292151e+23,0.0,0.0,0.0,0.0,53,-0.0,89220.562,0.0,0.0,0.0,0.0,0.0,0.0,0.0,0,0,0,0.0,0.0,0.0,0.0,0.0,0.0,0.0,0.0,0.0,0.0,0.0,0.0,0.0,0.0,0.0,0.0,0,-107875648.0,53,0.0,106,-107614832.0,0.0,ERR,ERR,ERR,ERR,ERR,ERR,ERR,ERR,ERR,ERR,ERR,ERR,ERR,ERR,ERR,ERR,ERR,ERR,ERR,ERR,ERR,ERR,ERR,ERR,ERR,ERR,ERR,ERR,ERR,ERR,ERR,ERR,ERR,ERR,ERR,ERR,ERR,ERR,ERR,ERR,ERR,ERR,ERR,ERR,ERR,ERR,ERR,ERR,ERR,ERR,ERR,ERR,ERR,ERR,ERR,ERR,ERR,ERR,ERR,ERR,ERR,ERR,ERR,ERR,ERR,ERR,ERR,50.0,60.0,100,0.0,0.0,0.0,0.0,0.0,0.0,0.0,0.0,0.0,0.0,0.0,0.0,0.0,0.0,0.0,0.0,62.0,73,14,65513,50,65476,0,300,0,0,8,20529,65476,0,0,26214,60.0,0.0,0.0,0.0,0.0,0.0
2026-05-17T18:38:47,ERR,ERR,ERR,ERR,ERR,ERR,ERR,ERR,ERR,ERR,ERR,ERR,ERR,ERR,ERR,ERR,ERR,ERR,ERR,ERR,ERR,ERR,ERR,ERR,ERR,ERR,ERR,ERR,ERR,ERR,ERR,ERR,ERR,ERR,ERR,ERR,ERR,ERR,ERR,ERR,ERR,ERR,ERR,ERR,ERR,ERR,ERR,ERR,ERR,ERR,ERR,ERR,ERR,ERR,ERR,ERR,ERR,ERR,ERR,ERR,ERR,ERR,ERR,ERR,ERR,ERR,ERR,ERR,ERR,ERR,ERR,ERR,ERR,ERR,ERR,ERR,ERR,ERR,ERR,ERR,ERR,ERR,ERR,ERR,ERR,ERR,ERR,ERR,ERR,ERR,ERR,ERR,ERR,ERR,ERR,ERR,ERR,ERR,ERR,ERR,ERR,ERR,ERR,ERR,ERR,ERR,ERR,ERR,ERR,ERR,ERR,ERR,ERR,ERR,ERR,ERR,ERR,ERR,ERR,ERR,ERR,ERR,ERR,ERR,ERR,0.0,0.0,0.0,0.0,0.0,1.3936040501711995e+18,7.805,0.0,0,0,4,0,8422,0.0,45,0.0,0.0,0.0,0.0,0.0,0,0,0,0,0.0,0,0,0,0,0,0,0,0,0,0,0,0,0,0,0,0,0,0,0,0,0,0,0,0,0,0,0,0,0,0,0,0,0,38,14,7,45,65476,0,300,0,0,8,21553,0.0,-107605600.0,0.0,0.0,0.0,0.0,0.0,0.0,0.0,0.0,0.0,0.0,0.0,0.0,0.0,0.0,0.0,0.0,0.0,0.0,0.0,0.0,0.0,2.004,-0.0,0.0,0.0,0.0,0.0,0.0,5021.0,1.040665380856972e+34,0.0,0.0,0.0,-107615280.0,2.718429300292151e+23,0.0,0.0,0.0,0.0,53,-0.0,89220.562,0.0,0.0,0.0,0.0,0.0,0.0,0.0,0,0,0,0.0,0.0,0.0,0.0,0.0,0.0,0.0,0.0,0.0,0.0,0.0,0.0,0.0,0.0,0.0,0.0,0,-107875648.0,53,0.0,106,-107614832.0,0.0,ERR,ERR,ERR,ERR,ERR,ERR,ERR,ERR,ERR,ERR,ERR,ERR,ERR,ERR,ERR,ERR,ERR,ERR,ERR,ERR,ERR,ERR,ERR,ERR,ERR,ERR,ERR,ERR,ERR,ERR,ERR,ERR,ERR,ERR,ERR,ERR,ERR,ERR,ERR,ERR,ERR,ERR,ERR,ERR,ERR,ERR,ERR,ERR,ERR,ERR,ERR,ERR,ERR,ERR,ERR,ERR,ERR,ERR,ERR,ERR,ERR,ERR,ERR,ERR,ERR,ERR,ERR,50.0,60.0,100,0.0,0.0,0.0,0.0,0.0,0.0,0.0,0.0,0.0,0.0,0.0,0.0,0.0,0.0,0.0,0.0,61.6,73,14,65513,50,65476,0,300,0,0,8,20529,65476,0,0,26214,60.0,0.0,0.0,0.0,0.0,0.0
2026-05-17T18:38:48,ERR,ERR,ERR,ERR,ERR,ERR,ERR,ERR,ERR,ERR,ERR,ERR,ERR,ERR,ERR,ERR,ERR,ERR,ERR,ERR,ERR,ERR,ERR,ERR,ERR,ERR,ERR,ERR,ERR,ERR,ERR,ERR,ERR,ERR,ERR,ERR,ERR,ERR,ERR,ERR,ERR,ERR,ERR,ERR,ERR,ERR,ERR,ERR,ERR,ERR,ERR,ERR,ERR,ERR,ERR,ERR,ERR,ERR,ERR,ERR,ERR,ERR,ERR,ERR,ERR,ERR,ERR,ERR,ERR,ERR,ERR,ERR,ERR,ERR,ERR,ERR,ERR,ERR,ERR,ERR,ERR,ERR,ERR,ERR,ERR,ERR,ERR,ERR,ERR,ERR,ERR,ERR,ERR,ERR,ERR,ERR,ERR,ERR,ERR,ERR,ERR,ERR,ERR,ERR,ERR,ERR,ERR,ERR,ERR,ERR,ERR,ERR,ERR,ERR,ERR,ERR,ERR,ERR,ERR,ERR,ERR,ERR,ERR,ERR,ERR,0.0,0.0,0.0,0.0,0.0,1.3936040501711995e+18,7.805,0.0,0,0,4,0,8422,0.0,45,0.0,0.0,0.0,0.0,0.0,0,0,0,0,0.0,0,0,0,0,0,0,0,0,0,0,0,0,0,0,0,0,0,0,0,0,0,0,0,0,0,0,0,0,0,0,0,0,0,38,14,7,45,65476,0,300,0,0,8,21553,0.0,-107605600.0,0.0,0.0,0.0,0.0,0.0,0.0,0.0,0.0,0.0,0.0,0.0,0.0,0.0,0.0,0.0,0.0,0.0,0.0,0.0,0.0,0.0,2.004,-0.0,0.0,0.0,0.0,0.0,0.0,5021.0,1.040665380856972e+34,0.0,0.0,0.0,-107615280.0,2.718429300292151e+23,0.0,0.0,0.0,0.0,53,-0.0,89220.562,0.0,0.0,0.0,0.0,0.0,0.0,0.0,0,0,0,0.0,0.0,0.0,0.0,0.0,0.0,0.0,0.0,0.0,0.0,0.0,0.0,0.0,0.0,0.0,0.0,0,-107875648.0,53,0.0,106,-107614832.0,0.0,ERR,ERR,ERR,ERR,ERR,ERR,ERR,ERR,ERR,ERR,ERR,ERR,ERR,ERR,ERR,ERR,ERR,ERR,ERR,ERR,ERR,ERR,ERR,ERR,ERR,ERR,ERR,ERR,ERR,ERR,ERR,ERR,ERR,ERR,ERR,ERR,ERR,ERR,ERR,ERR,ERR,ERR,ERR,ERR,ERR,ERR,ERR,ERR,ERR,ERR,ERR,ERR,ERR,ERR,ERR,ERR,ERR,ERR,ERR,ERR,ERR,ERR,ERR,ERR,ERR,ERR,ERR,50.0,60.0,100,0.0,0.0,0.0,0.0,0.0,0.0,0.0,0.0,0.0,0.0,0.0,0.0,0.0,0.0,0.0,0.0,61.6,73,14,65513,50,65476,0,300,0,0,8,20529,65476,0,0,26214,60.0,0.0,0.0,0.0,0.0,0.0
2026-05-17T18:38:49,ERR,ERR,ERR,ERR,ERR,ERR,ERR,ERR,ERR,ERR,ERR,ERR,ERR,ERR,ERR,ERR,ERR,ERR,ERR,ERR,ERR,ERR,ERR,ERR,ERR,ERR,ERR,ERR,ERR,ERR,ERR,ERR,ERR,ERR,ERR,ERR,ERR,ERR,ERR,ERR,ERR,ERR,ERR,ERR,ERR,ERR,ERR,ERR,ERR,ERR,ERR,ERR,ERR,ERR,ERR,ERR,ERR,ERR,ERR,ERR,ERR,ERR,ERR,ERR,ERR,ERR,ERR,ERR,ERR,ERR,ERR,ERR,ERR,ERR,ERR,ERR,ERR,ERR,ERR,ERR,ERR,ERR,ERR,ERR,ERR,ERR,ERR,ERR,ERR,ERR,ERR,ERR,ERR,ERR,ERR,ERR,ERR,ERR,ERR,ERR,ERR,ERR,ERR,ERR,ERR,ERR,ERR,ERR,ERR,ERR,ERR,ERR,ERR,ERR,ERR,ERR,ERR,ERR,ERR,ERR,ERR,ERR,ERR,ERR,ERR,0.0,0.0,0.0,0.0,0.0,1.3936040501711995e+18,7.805,0.0,0,0,4,0,8422,0.0,45,0.0,0.0,0.0,0.0,0.0,0,0,0,0,0.0,0,0,0,0,0,0,0,0,0,0,0,0,0,0,0,0,0,0,0,0,0,0,0,0,0,0,0,0,0,0,0,0,0,38,14,7,45,65476,0,300,0,0,8,21553,0.0,-107605600.0,0.0,0.0,0.0,0.0,0.0,0.0,0.0,0.0,0.0,0.0,0.0,0.0,0.0,0.0,0.0,0.0,0.0,0.0,0.0,0.0,0.0,2.004,-0.0,0.0,0.0,0.0,0.0,0.0,5021.0,1.040665380856972e+34,0.0,0.0,0.0,-107615280.0,2.718429300292151e+23,0.0,0.0,0.0,0.0,53,-0.0,89220.562,0.0,0.0,0.0,0.0,0.0,0.0,0.0,0,0,0,0.0,0.0,0.0,0.0,0.0,0.0,0.0,0.0,0.0,0.0,0.0,0.0,0.0,0.0,0.0,0.0,0,-107875648.0,53,0.0,106,-107614832.0,0.0,ERR,ERR,ERR,ERR,ERR,ERR,ERR,ERR,ERR,ERR,ERR,ERR,ERR,ERR,ERR,ERR,ERR,ERR,ERR,ERR,ERR,ERR,ERR,ERR,ERR,ERR,ERR,ERR,ERR,ERR,ERR,ERR,ERR,ERR,ERR,ERR,ERR,ERR,ERR,ERR,ERR,ERR,ERR,ERR,ERR,ERR,ERR,ERR,ERR,ERR,ERR,ERR,ERR,ERR,ERR,ERR,ERR,ERR,ERR,ERR,ERR,ERR,ERR,ERR,ERR,ERR,ERR,50.0,60.0,100,0.0,0.0,0.0,0.0,0.0,0.0,0.0,0.0,0.0,0.0,0.0,0.0,0.0,0.0,0.0,0.0,61.6,73,14,65513,50,65476,0,300,0,0,8,20529,65476,0,0,26214,60.0,0.0,0.0,0.0,0.0,0.0
2026-05-17T18:38:50,ERR,ERR,ERR,ERR,ERR,ERR,ERR,ERR,ERR,ERR,ERR,ERR,ERR,ERR,ERR,ERR,ERR,ERR,ERR,ERR,ERR,ERR,ERR,ERR,ERR,ERR,ERR,ERR,ERR,ERR,ERR,ERR,ERR,ERR,ERR,ERR,ERR,ERR,ERR,ERR,ERR,ERR,ERR,ERR,ERR,ERR,ERR,ERR,ERR,ERR,ERR,ERR,ERR,ERR,ERR,ERR,ERR,ERR,ERR,ERR,ERR,ERR,ERR,ERR,ERR,ERR,ERR,ERR,ERR,ERR,ERR,ERR,ERR,ERR,ERR,ERR,ERR,ERR,ERR,ERR,ERR,ERR,ERR,ERR,ERR,ERR,ERR,ERR,ERR,ERR,ERR,ERR,ERR,ERR,ERR,ERR,ERR,ERR,ERR,ERR,ERR,ERR,ERR,ERR,ERR,ERR,ERR,ERR,ERR,ERR,ERR,ERR,ERR,ERR,ERR,ERR,ERR,ERR,ERR,ERR,ERR,ERR,ERR,ERR,ERR,0.0,0.0,0.0,0.0,0.0,1.3936040501711995e+18,7.805,0.0,0,0,4,0,8422,0.0,45,0.0,0.0,0.0,0.0,0.0,0,0,0,0,0.0,0,0,0,0,0,0,0,0,0,0,0,0,0,0,0,0,0,0,0,0,0,0,0,0,0,0,0,0,0,0,0,0,0,38,14,7,45,65476,0,300,0,0,8,21553,0.0,-107605600.0,0.0,0.0,0.0,0.0,0.0,0.0,0.0,0.0,0.0,0.0,0.0,0.0,0.0,0.0,0.0,0.0,0.0,0.0,0.0,0.0,0.0,2.004,-0.0,0.0,0.0,0.0,0.0,0.0,5021.0,1.040665380856972e+34,0.0,0.0,0.0,-107615280.0,2.718429300292151e+23,0.0,0.0,0.0,0.0,53,-0.0,89220.562,0.0,0.0,0.0,0.0,0.0,0.0,0.0,0,0,0,0.0,0.0,0.0,0.0,0.0,0.0,0.0,0.0,0.0,0.0,0.0,0.0,0.0,0.0,0.0,0.0,0,-107875648.0,53,0.0,106,-107614832.0,0.0,ERR,ERR,ERR,ERR,ERR,ERR,ERR,ERR,ERR,ERR,ERR,ERR,ERR,ERR,ERR,ERR,ERR,ERR,ERR,ERR,ERR,ERR,ERR,ERR,ERR,ERR,ERR,ERR,ERR,ERR,ERR,ERR,ERR,ERR,ERR,ERR,ERR,ERR,ERR,ERR,ERR,ERR,ERR,ERR,ERR,ERR,ERR,ERR,ERR,ERR,ERR,ERR,ERR,ERR,ERR,ERR,ERR,ERR,ERR,ERR,ERR,ERR,ERR,ERR,ERR,ERR,ERR,50.0,60.0,100,0.0,0.0,0.0,0.0,0.0,0.0,0.0,0.0,0.0,0.0,0.0,0.0,0.0,0.0,0.0,0.0,61.6,73,14,65513,50,65476,0,300,0,0,8,20529,65476,0,0,26214,60.0,0.0,0.0,0.0,0.0,0.0
2026-05-17T18:38:51,ERR,ERR,ERR,ERR,ERR,ERR,ERR,ERR,ERR,ERR,ERR,ERR,ERR,ERR,ERR,ERR,ERR,ERR,ERR,ERR,ERR,ERR,ERR,ERR,ERR,ERR,ERR,ERR,ERR,ERR,ERR,ERR,ERR,ERR,ERR,ERR,ERR,ERR,ERR,ERR,ERR,ERR,ERR,ERR,ERR,ERR,ERR,ERR,ERR,ERR,ERR,ERR,ERR,ERR,ERR,ERR,ERR,ERR,ERR,ERR,ERR,ERR,ERR,ERR,ERR,ERR,ERR,ERR,ERR,ERR,ERR,ERR,ERR,ERR,ERR,ERR,ERR,ERR,ERR,ERR,ERR,ERR,ERR,ERR,ERR,ERR,ERR,ERR,ERR,ERR,ERR,ERR,ERR,ERR,ERR,ERR,ERR,ERR,ERR,ERR,ERR,ERR,ERR,ERR,ERR,ERR,ERR,ERR,ERR,ERR,ERR,ERR,ERR,ERR,ERR,ERR,ERR,ERR,ERR,ERR,ERR,ERR,ERR,ERR,ERR,0.0,0.0,0.0,0.0,0.0,1.3936040501711995e+18,7.805,0.0,0,0,4,0,8422,0.0,45,0.0,0.0,0.0,0.0,0.0,0,0,0,0,0.0,0,0,0,0,0,0,0,0,0,0,0,0,0,0,0,0,0,0,0,0,0,0,0,0,0,0,0,0,0,0,0,0,0,38,14,7,45,65476,0,300,0,0,8,21553,0.0,-107605600.0,0.0,0.0,0.0,0.0,0.0,0.0,0.0,0.0,0.0,0.0,0.0,0.0,0.0,0.0,0.0,0.0,0.0,0.0,0.0,0.0,0.0,2.004,-0.0,0.0,0.0,0.0,0.0,0.0,5019.0,564145833377792.0,0.0,0.0,0.0,-107615280.0,2.718429300292151e+23,0.0,0.0,0.0,0.0,53,-0.0,0.0,0.0,0.0,0.0,0.0,0.0,0.0,0.0,0,0,0,0.0,0.0,0.0,0.0,0.0,0.0,0.0,0.0,0.0,0.0,0.0,0.0,0.0,0.0,0.0,0.0,0,-107875648.0,53,0.0,106,-107614832.0,0.0,ERR,ERR,ERR,ERR,ERR,ERR,ERR,ERR,ERR,ERR,ERR,ERR,ERR,ERR,ERR,ERR,ERR,ERR,ERR,ERR,ERR,ERR,ERR,ERR,ERR,ERR,ERR,ERR,ERR,ERR,ERR,ERR,ERR,ERR,ERR,ERR,ERR,ERR,ERR,ERR,ERR,ERR,ERR,ERR,ERR,ERR,ERR,ERR,ERR,ERR,ERR,ERR,ERR,ERR,ERR,ERR,ERR,ERR,ERR,ERR,ERR,ERR,ERR,ERR,ERR,ERR,ERR,50.0,60.0,100,0.0,0.0,0.0,0.0,0.0,0.0,0.0,0.0,0.0,0.0,0.0,0.0,0.0,0.0,0.0,0.0,61.6,73,14,65513,50,65476,0,300,0,0,8,20529,65476,0,0,26214,60.0,0.0,0.0,0.0,0.0,0.0
2026-05-17T18:38:52,ERR,ERR,ERR,ERR,ERR,ERR,ERR,ERR,ERR,ERR,ERR,ERR,ERR,ERR,ERR,ERR,ERR,ERR,ERR,ERR,ERR,ERR,ERR,ERR,ERR,ERR,ERR,ERR,ERR,ERR,ERR,ERR,ERR,ERR,ERR,ERR,ERR,ERR,ERR,ERR,ERR,ERR,ERR,ERR,ERR,ERR,ERR,ERR,ERR,ERR,ERR,ERR,ERR,ERR,ERR,ERR,ERR,ERR,ERR,ERR,ERR,ERR,ERR,ERR,ERR,ERR,ERR,ERR,ERR,ERR,ERR,ERR,ERR,ERR,ERR,ERR,ERR,ERR,ERR,ERR,ERR,ERR,ERR,ERR,ERR,ERR,ERR,ERR,ERR,ERR,ERR,ERR,ERR,ERR,ERR,ERR,ERR,ERR,ERR,ERR,ERR,ERR,ERR,ERR,ERR,ERR,ERR,ERR,ERR,ERR,ERR,ERR,ERR,ERR,ERR,ERR,ERR,ERR,ERR,ERR,ERR,ERR,ERR,ERR,ERR,0.0,0.0,0.0,0.0,0.0,1.3936040501711995e+18,7.805,0.0,0,0,4,0,8422,0.0,45,0.0,0.0,0.0,0.0,0.0,0,0,0,0,0.0,0,0,0,0,0,0,0,0,0,0,0,0,0,0,0,0,0,0,0,0,0,0,0,0,0,0,0,0,0,0,0,0,0,38,14,7,45,65476,0,300,0,0,8,21553,0.0,-107605600.0,0.0,0.0,0.0,0.0,0.0,0.0,0.0,0.0,0.0,0.0,0.0,0.0,0.0,0.0,0.0,0.0,0.0,0.0,0.0,0.0,0.0,2.004,-0.0,0.0,0.0,0.0,0.0,0.0,5019.0,564145833377792.0,0.0,0.0,0.0,-107615280.0,2.718429300292151e+23,0.0,0.0,0.0,0.0,53,-0.0,0.0,0.0,0.0,0.0,0.0,0.0,0.0,0.0,0,0,0,0.0,0.0,0.0,0.0,0.0,0.0,0.0,0.0,0.0,0.0,0.0,0.0,0.0,0.0,0.0,0.0,0,-107875648.0,53,0.0,106,-107614832.0,0.0,ERR,ERR,ERR,ERR,ERR,ERR,ERR,ERR,ERR,ERR,ERR,ERR,ERR,ERR,ERR,ERR,ERR,ERR,ERR,ERR,ERR,ERR,ERR,ERR,ERR,ERR,ERR,ERR,ERR,ERR,ERR,ERR,ERR,ERR,ERR,ERR,ERR,ERR,ERR,ERR,ERR,ERR,ERR,ERR,ERR,ERR,ERR,ERR,ERR,ERR,ERR,ERR,ERR,ERR,ERR,ERR,ERR,ERR,ERR,ERR,ERR,ERR,ERR,ERR,ERR,ERR,ERR,50.0,60.0,100,0.0,0.0,0.0,0.0,0.0,0.0,0.0,0.0,0.0,0.0,0.0,0.0,0.0,0.0,0.0,0.0,61.6,73,14,65513,50,65476,0,300,0,0,8,20529,65476,0,0,26214,60.0,0.0,0.0,0.0,0.0,0.0
2026-05-17T18:38:53,ERR,ERR,ERR,ERR,ERR,ERR,ERR,ERR,ERR,ERR,ERR,ERR,ERR,ERR,ERR,ERR,ERR,ERR,ERR,ERR,ERR,ERR,ERR,ERR,ERR,ERR,ERR,ERR,ERR,ERR,ERR,ERR,ERR,ERR,ERR,ERR,ERR,ERR,ERR,ERR,ERR,ERR,ERR,ERR,ERR,ERR,ERR,ERR,ERR,ERR,ERR,ERR,ERR,ERR,ERR,ERR,ERR,ERR,ERR,ERR,ERR,ERR,ERR,ERR,ERR,ERR,ERR,ERR,ERR,ERR,ERR,ERR,ERR,ERR,ERR,ERR,ERR,ERR,ERR,ERR,ERR,ERR,ERR,ERR,ERR,ERR,ERR,ERR,ERR,ERR,ERR,ERR,ERR,ERR,ERR,ERR,ERR,ERR,ERR,ERR,ERR,ERR,ERR,ERR,ERR,ERR,ERR,ERR,ERR,ERR,ERR,ERR,ERR,ERR,ERR,ERR,ERR,ERR,ERR,ERR,ERR,ERR,ERR,ERR,ERR,0.0,0.0,0.0,0.0,0.0,1.3936040501711995e+18,7.805,0.0,0,0,4,0,8422,0.0,45,0.0,0.0,0.0,0.0,0.0,0,0,0,0,0.0,0,0,0,0,0,0,0,0,0,0,0,0,0,0,0,0,0,0,0,0,0,0,0,0,0,0,0,0,0,0,0,0,0,38,14,7,45,65476,0,300,0,0,8,21553,0.0,-107605600.0,0.0,0.0,0.0,0.0,0.0,0.0,0.0,0.0,0.0,0.0,0.0,0.0,0.0,0.0,0.0,0.0,0.0,0.0,0.0,0.0,0.0,2.004,-0.0,0.0,0.0,0.0,0.0,0.0,5019.0,564145833377792.0,0.0,0.0,0.0,-107615280.0,2.718429300292151e+23,0.0,0.0,0.0,0.0,53,-0.0,0.0,0.0,0.0,0.0,0.0,0.0,0.0,0.0,0,0,0,0.0,0.0,0.0,0.0,0.0,0.0,0.0,0.0,0.0,0.0,0.0,0.0,0.0,0.0,0.0,0.0,0,-107875648.0,53,0.0,106,-107614832.0,0.0,ERR,ERR,ERR,ERR,ERR,ERR,ERR,ERR,ERR,ERR,ERR,ERR,ERR,ERR,ERR,ERR,ERR,ERR,ERR,ERR,ERR,ERR,ERR,ERR,ERR,ERR,ERR,ERR,ERR,ERR,ERR,ERR,ERR,ERR,ERR,ERR,ERR,ERR,ERR,ERR,ERR,ERR,ERR,ERR,ERR,ERR,ERR,ERR,ERR,ERR,ERR,ERR,ERR,ERR,ERR,ERR,ERR,ERR,ERR,ERR,ERR,ERR,ERR,ERR,ERR,ERR,ERR,50.0,60.0,100,0.0,0.0,0.0,0.0,0.0,0.0,0.0,0.0,0.0,0.0,0.0,0.0,0.0,0.0,0.0,0.0,61.6,73,14,65513,50,65476,0,300,0,0,8,20529,65476,0,0,26214,60.0,0.0,0.0,0.0,0.0,0.0
2026-05-17T18:38:54,ERR,ERR,ERR,ERR,ERR,ERR,ERR,ERR,ERR,ERR,ERR,ERR,ERR,ERR,ERR,ERR,ERR,ERR,ERR,ERR,ERR,ERR,ERR,ERR,ERR,ERR,ERR,ERR,ERR,ERR,ERR,ERR,ERR,ERR,ERR,ERR,ERR,ERR,ERR,ERR,ERR,ERR,ERR,ERR,ERR,ERR,ERR,ERR,ERR,ERR,ERR,ERR,ERR,ERR,ERR,ERR,ERR,ERR,ERR,ERR,ERR,ERR,ERR,ERR,ERR,ERR,ERR,ERR,ERR,ERR,ERR,ERR,ERR,ERR,ERR,ERR,ERR,ERR,ERR,ERR,ERR,ERR,ERR,ERR,ERR,ERR,ERR,ERR,ERR,ERR,ERR,ERR,ERR,ERR,ERR,ERR,ERR,ERR,ERR,ERR,ERR,ERR,ERR,ERR,ERR,ERR,ERR,ERR,ERR,ERR,ERR,ERR,ERR,ERR,ERR,ERR,ERR,ERR,ERR,ERR,ERR,ERR,ERR,ERR,ERR,0.0,0.0,0.0,0.0,0.0,1.3936040501711995e+18,7.805,0.0,0,0,4,0,8422,0.0,45,0.0,0.0,0.0,0.0,0.0,0,0,0,0,0.0,0,0,0,0,0,0,0,0,0,0,0,0,0,0,0,0,0,0,0,0,0,0,0,0,0,0,0,0,0,0,0,0,0,38,14,7,45,65476,0,300,0,0,8,21553,0.0,-107605600.0,0.0,0.0,0.0,0.0,0.0,0.0,0.0,0.0,0.0,0.0,0.0,0.0,0.0,0.0,0.0,0.0,0.0,0.0,0.0,0.0,0.0,2.004,-0.0,0.0,0.0,0.0,0.0,0.0,5019.0,564145833377792.0,0.0,0.0,0.0,-107615280.0,2.718429300292151e+23,0.0,0.0,0.0,0.0,53,-0.0,0.0,0.0,0.0,0.0,0.0,0.0,0.0,0.0,0,0,0,0.0,0.0,0.0,0.0,0.0,0.0,0.0,0.0,0.0,0.0,0.0,0.0,0.0,0.0,0.0,0.0,0,-107875648.0,53,0.0,106,-107614832.0,0.0,ERR,ERR,ERR,ERR,ERR,ERR,ERR,ERR,ERR,ERR,ERR,ERR,ERR,ERR,ERR,ERR,ERR,ERR,ERR,ERR,ERR,ERR,ERR,ERR,ERR,ERR,ERR,ERR,ERR,ERR,ERR,ERR,ERR,ERR,ERR,ERR,ERR,ERR,ERR,ERR,ERR,ERR,ERR,ERR,ERR,ERR,ERR,ERR,ERR,ERR,ERR,ERR,ERR,ERR,ERR,ERR,ERR,ERR,ERR,ERR,ERR,ERR,ERR,ERR,ERR,ERR,ERR,50.0,60.0,100,0.0,0.0,0.0,0.0,0.0,0.0,0.0,0.0,0.0,0.0,0.0,0.0,0.0,0.0,0.0,0.0,62.0,73,14,65513,50,65476,0,300,0,0,8,20529,65476,0,0,26214,60.0,0.0,0.0,0.0,0.0,0.0
2026-05-17T18:38:55,ERR,ERR,ERR,ERR,ERR,ERR,ERR,ERR,ERR,ERR,ERR,ERR,ERR,ERR,ERR,ERR,ERR,ERR,ERR,ERR,ERR,ERR,ERR,ERR,ERR,ERR,ERR,ERR,ERR,ERR,ERR,ERR,ERR,ERR,ERR,ERR,ERR,ERR,ERR,ERR,ERR,ERR,ERR,ERR,ERR,ERR,ERR,ERR,ERR,ERR,ERR,ERR,ERR,ERR,ERR,ERR,ERR,ERR,ERR,ERR,ERR,ERR,ERR,ERR,ERR,ERR,ERR,ERR,ERR,ERR,ERR,ERR,ERR,ERR,ERR,ERR,ERR,ERR,ERR,ERR,ERR,ERR,ERR,ERR,ERR,ERR,ERR,ERR,ERR,ERR,ERR,ERR,ERR,ERR,ERR,ERR,ERR,ERR,ERR,ERR,ERR,ERR,ERR,ERR,ERR,ERR,ERR,ERR,ERR,ERR,ERR,ERR,ERR,ERR,ERR,ERR,ERR,ERR,ERR,ERR,ERR,ERR,ERR,ERR,ERR,0.0,0.0,0.0,0.0,0.0,1.3936040501711995e+18,7.805,0.0,0,0,4,0,8422,0.0,45,0.0,0.0,0.0,0.0,0.0,0,0,0,0,0.0,0,0,0,0,0,0,0,0,0,0,0,0,0,0,0,0,0,0,0,0,0,0,0,0,0,0,0,0,0,0,0,0,0,38,14,7,45,65476,0,300,0,0,8,21553,0.0,-107605600.0,0.0,0.0,0.0,0.0,0.0,0.0,0.0,0.0,0.0,0.0,0.0,0.0,0.0,0.0,0.0,0.0,0.0,0.0,0.0,0.0,0.0,2.004,-0.0,0.0,0.0,0.0,0.0,0.0,5019.0,564145833377792.0,0.0,0.0,0.0,-107615280.0,2.718429300292151e+23,0.0,0.0,0.0,0.0,53,-0.0,0.0,0.0,0.0,0.0,0.0,0.0,0.0,0.0,0,0,0,0.0,0.0,0.0,0.0,0.0,0.0,0.0,0.0,0.0,0.0,0.0,0.0,0.0,0.0,0.0,0.0,0,-107875648.0,53,0.0,106,-107614832.0,0.0,ERR,ERR,ERR,ERR,ERR,ERR,ERR,ERR,ERR,ERR,ERR,ERR,ERR,ERR,ERR,ERR,ERR,ERR,ERR,ERR,ERR,ERR,ERR,ERR,ERR,ERR,ERR,ERR,ERR,ERR,ERR,ERR,ERR,ERR,ERR,ERR,ERR,ERR,ERR,ERR,ERR,ERR,ERR,ERR,ERR,ERR,ERR,ERR,ERR,ERR,ERR,ERR,ERR,ERR,ERR,ERR,ERR,ERR,ERR,ERR,ERR,ERR,ERR,ERR,ERR,ERR,ERR,50.0,60.0,100,0.0,0.0,0.0,0.0,0.0,0.0,0.0,0.0,0.0,0.0,0.0,0.0,0.0,0.0,0.0,0.0,62.0,73,14,65513,50,65476,0,300,0,0,8,20529,65476,0,0,26214,60.0,0.0,0.0,0.0,0.0,0.0
2026-05-17T18:38:56,ERR,ERR,ERR,ERR,ERR,ERR,ERR,ERR,ERR,ERR,ERR,ERR,ERR,ERR,ERR,ERR,ERR,ERR,ERR,ERR,ERR,ERR,ERR,ERR,ERR,ERR,ERR,ERR,ERR,ERR,ERR,ERR,ERR,ERR,ERR,ERR,ERR,ERR,ERR,ERR,ERR,ERR,ERR,ERR,ERR,ERR,ERR,ERR,ERR,ERR,ERR,ERR,ERR,ERR,ERR,ERR,ERR,ERR,ERR,ERR,ERR,ERR,ERR,ERR,ERR,ERR,ERR,ERR,ERR,ERR,ERR,ERR,ERR,ERR,ERR,ERR,ERR,ERR,ERR,ERR,ERR,ERR,ERR,ERR,ERR,ERR,ERR,ERR,ERR,ERR,ERR,ERR,ERR,ERR,ERR,ERR,ERR,ERR,ERR,ERR,ERR,ERR,ERR,ERR,ERR,ERR,ERR,ERR,ERR,ERR,ERR,ERR,ERR,ERR,ERR,ERR,ERR,ERR,ERR,ERR,ERR,ERR,ERR,ERR,ERR,0.0,0.0,0.0,0.0,0.0,1.3936040501711995e+18,7.805,0.0,0,0,4,0,8422,0.0,45,0.0,0.0,0.0,0.0,0.0,0,0,0,0,0.0,0,0,0,0,0,0,0,0,0,0,0,0,0,0,0,0,0,0,0,0,0,0,0,0,0,0,0,0,0,0,0,0,0,38,14,7,45,65476,0,300,0,0,8,21553,0.0,-107605600.0,0.0,0.0,0.0,0.0,0.0,0.0,0.0,0.0,0.0,0.0,0.0,0.0,0.0,0.0,0.0,0.0,0.0,0.0,0.0,0.0,2.004,2.004,-0.0,0.0,0.0,0.0,0.0,0.0,5018.0,0.0,0.0,0.0,0.0,-107615280.0,2.718429300292151e+23,0.0,0.0,0.0,0.0,53,-0.0,-2.30882787541985e+20,0.0,0.0,0.0,0.0,0.0,0.0,0.0,0,0,0,0.0,0.0,0.0,0.0,0.0,0.0,0.0,0.0,0.0,0.0,0.0,0.0,0.0,0.0,0.0,0.0,0,-107875648.0,53,0.0,106,-107614832.0,0.0,ERR,ERR,ERR,ERR,ERR,ERR,ERR,ERR,ERR,ERR,ERR,ERR,ERR,ERR,ERR,ERR,ERR,ERR,ERR,ERR,ERR,ERR,ERR,ERR,ERR,ERR,ERR,ERR,ERR,ERR,ERR,ERR,ERR,ERR,ERR,ERR,ERR,ERR,ERR,ERR,ERR,ERR,ERR,ERR,ERR,ERR,ERR,ERR,ERR,ERR,ERR,ERR,ERR,ERR,ERR,ERR,ERR,ERR,ERR,ERR,ERR,ERR,ERR,ERR,ERR,ERR,ERR,50.0,60.0,100,0.0,0.0,0.0,0.0,0.0,0.0,0.0,0.0,0.0,0.0,0.0,0.0,0.0,0.0,0.0,0.0,62.0,73,14,65513,50,65476,0,300,0,0,8,20529,65476,0,0,26214,60.0,0.0,0.0,0.0,0.0,0.0
2026-05-17T18:38:57,ERR,ERR,ERR,ERR,ERR,ERR,ERR,ERR,ERR,ERR,ERR,ERR,ERR,ERR,ERR,ERR,ERR,ERR,ERR,ERR,ERR,ERR,ERR,ERR,ERR,ERR,ERR,ERR,ERR,ERR,ERR,ERR,ERR,ERR,ERR,ERR,ERR,ERR,ERR,ERR,ERR,ERR,ERR,ERR,ERR,ERR,ERR,ERR,ERR,ERR,ERR,ERR,ERR,ERR,ERR,ERR,ERR,ERR,ERR,ERR,ERR,ERR,ERR,ERR,ERR,ERR,ERR,ERR,ERR,ERR,ERR,ERR,ERR,ERR,ERR,ERR,ERR,ERR,ERR,ERR,ERR,ERR,ERR,ERR,ERR,ERR,ERR,ERR,ERR,ERR,ERR,ERR,ERR,ERR,ERR,ERR,ERR,ERR,ERR,ERR,ERR,ERR,ERR,ERR,ERR,ERR,ERR,ERR,ERR,ERR,ERR,ERR,ERR,ERR,ERR,ERR,ERR,ERR,ERR,ERR,ERR,ERR,ERR,ERR,ERR,0.0,0.0,0.0,0.0,0.0,1.3936040501711995e+18,7.805,0.0,0,0,4,0,8422,0.0,45,0.0,0.0,0.0,0.0,0.0,0,0,0,0,0.0,0,0,0,0,0,0,0,0,0,0,0,0,0,0,0,0,0,0,0,0,0,0,0,0,0,0,0,0,0,0,0,0,0,38,14,7,45,65476,0,300,0,0,8,21553,0.0,-107605600.0,0.0,0.0,0.0,0.0,0.0,0.0,0.0,0.0,0.0,0.0,0.0,0.0,0.0,0.0,0.0,0.0,0.0,0.0,0.0,0.0,2.004,2.004,-0.0,0.0,0.0,0.0,0.0,0.0,5018.0,0.0,0.0,0.0,0.0,-107615280.0,2.718429300292151e+23,0.0,0.0,0.0,0.0,53,-0.0,-2.30882787541985e+20,0.0,0.0,0.0,0.0,0.0,0.0,0.0,0,0,0,0.0,0.0,0.0,0.0,0.0,0.0,0.0,0.0,0.0,0.0,0.0,0.0,0.0,0.0,0.0,0.0,0,-107875648.0,53,0.0,106,-107614832.0,0.0,ERR,ERR,ERR,ERR,ERR,ERR,ERR,ERR,ERR,ERR,ERR,ERR,ERR,ERR,ERR,ERR,ERR,ERR,ERR,ERR,ERR,ERR,ERR,ERR,ERR,ERR,ERR,ERR,ERR,ERR,ERR,ERR,ERR,ERR,ERR,ERR,ERR,ERR,ERR,ERR,ERR,ERR,ERR,ERR,ERR,ERR,ERR,ERR,ERR,ERR,ERR,ERR,ERR,ERR,ERR,ERR,ERR,ERR,ERR,ERR,ERR,ERR,ERR,ERR,ERR,ERR,ERR,50.0,60.0,100,0.0,0.0,0.0,0.0,0.0,0.0,0.0,0.0,0.0,0.0,0.0,0.0,0.0,0.0,0.0,0.0,62.0,73,14,65513,50,65476,0,300,0,0,8,20529,65476,0,0,26214,60.0,0.0,0.0,0.0,0.0,0.0
2026-05-17T18:38:58,ERR,ERR,ERR,ERR,ERR,ERR,ERR,ERR,ERR,ERR,ERR,ERR,ERR,ERR,ERR,ERR,ERR,ERR,ERR,ERR,ERR,ERR,ERR,ERR,ERR,ERR,ERR,ERR,ERR,ERR,ERR,ERR,ERR,ERR,ERR,ERR,ERR,ERR,ERR,ERR,ERR,ERR,ERR,ERR,ERR,ERR,ERR,ERR,ERR,ERR,ERR,ERR,ERR,ERR,ERR,ERR,ERR,ERR,ERR,ERR,ERR,ERR,ERR,ERR,ERR,ERR,ERR,ERR,ERR,ERR,ERR,ERR,ERR,ERR,ERR,ERR,ERR,ERR,ERR,ERR,ERR,ERR,ERR,ERR,ERR,ERR,ERR,ERR,ERR,ERR,ERR,ERR,ERR,ERR,ERR,ERR,ERR,ERR,ERR,ERR,ERR,ERR,ERR,ERR,ERR,ERR,ERR,ERR,ERR,ERR,ERR,ERR,ERR,ERR,ERR,ERR,ERR,ERR,ERR,ERR,ERR,ERR,ERR,ERR,ERR,0.0,0.0,0.0,0.0,0.0,1.3936040501711995e+18,7.805,0.0,0,0,4,0,8422,0.0,45,0.0,0.0,0.0,0.0,0.0,0,0,0,0,0.0,0,0,0,0,0,0,0,0,0,0,0,0,0,0,0,0,0,0,0,0,0,0,0,0,0,0,0,0,0,0,0,0,0,38,14,7,45,65476,0,300,0,0,8,21553,0.0,-107605600.0,0.0,0.0,0.0,0.0,0.0,0.0,0.0,0.0,0.0,0.0,0.0,0.0,0.0,0.0,0.0,0.0,0.0,0.0,0.0,0.0,2.004,2.004,-0.0,0.0,0.0,0.0,0.0,0.0,5018.0,0.0,0.0,0.0,0.0,-107615280.0,2.718429300292151e+23,0.0,0.0,0.0,0.0,53,-0.0,-2.30882787541985e+20,0.0,0.0,0.0,0.0,0.0,0.0,0.0,0,0,0,0.0,0.0,0.0,0.0,0.0,0.0,0.0,0.0,0.0,0.0,0.0,0.0,0.0,0.0,0.0,0.0,0,-107875648.0,53,0.0,106,-107614832.0,0.0,ERR,ERR,ERR,ERR,ERR,ERR,ERR,ERR,ERR,ERR,ERR,ERR,ERR,ERR,ERR,ERR,ERR,ERR,ERR,ERR,ERR,ERR,ERR,ERR,ERR,ERR,ERR,ERR,ERR,ERR,ERR,ERR,ERR,ERR,ERR,ERR,ERR,ERR,ERR,ERR,ERR,ERR,ERR,ERR,ERR,ERR,ERR,ERR,ERR,ERR,ERR,ERR,ERR,ERR,ERR,ERR,ERR,ERR,ERR,ERR,ERR,ERR,ERR,ERR,ERR,ERR,ERR,50.0,60.0,100,0.0,0.0,0.0,0.0,0.0,0.0,0.0,0.0,0.0,0.0,0.0,0.0,0.0,0.0,0.0,0.0,61.6,73,14,65513,50,65476,0,300,0,0,8,20529,65476,0,0,26214,60.0,0.0,0.0,0.0,0.0,0.0
2026-05-17T18:38:59,ERR,ERR,ERR,ERR,ERR,ERR,ERR,ERR,ERR,ERR,ERR,ERR,ERR,ERR,ERR,ERR,ERR,ERR,ERR,ERR,ERR,ERR,ERR,ERR,ERR,ERR,ERR,ERR,ERR,ERR,ERR,ERR,ERR,ERR,ERR,ERR,ERR,ERR,ERR,ERR,ERR,ERR,ERR,ERR,ERR,ERR,ERR,ERR,ERR,ERR,ERR,ERR,ERR,ERR,ERR,ERR,ERR,ERR,ERR,ERR,ERR,ERR,ERR,ERR,ERR,ERR,ERR,ERR,ERR,ERR,ERR,ERR,ERR,ERR,ERR,ERR,ERR,ERR,ERR,ERR,ERR,ERR,ERR,ERR,ERR,ERR,ERR,ERR,ERR,ERR,ERR,ERR,ERR,ERR,ERR,ERR,ERR,ERR,ERR,ERR,ERR,ERR,ERR,ERR,ERR,ERR,ERR,ERR,ERR,ERR,ERR,ERR,ERR,ERR,ERR,ERR,ERR,ERR,ERR,ERR,ERR,ERR,ERR,ERR,ERR,0.0,0.0,0.0,0.0,0.0,1.3936040501711995e+18,7.805,0.0,0,0,4,0,8422,0.0,45,0.0,0.0,0.0,0.0,0.0,0,0,0,0,0.0,0,0,0,0,0,0,0,0,0,0,0,0,0,0,0,0,0,0,0,0,0,0,0,0,0,0,0,0,0,0,0,0,0,38,14,7,45,65476,0,300,0,0,8,21553,0.0,-107605600.0,0.0,0.0,0.0,0.0,0.0,0.0,0.0,0.0,0.0,0.0,0.0,0.0,0.0,0.0,0.0,0.0,0.0,0.0,0.0,0.0,2.004,2.004,-0.0,0.0,0.0,0.0,0.0,0.0,5018.0,0.0,0.0,0.0,0.0,-107615280.0,2.718429300292151e+23,0.0,0.0,0.0,0.0,53,-0.0,-2.30882787541985e+20,0.0,0.0,0.0,0.0,0.0,0.0,0.0,0,0,0,0.0,0.0,0.0,0.0,0.0,0.0,0.0,0.0,0.0,0.0,0.0,0.0,0.0,0.0,0.0,0.0,0,-107875648.0,53,0.0,106,-107614832.0,0.0,ERR,ERR,ERR,ERR,ERR,ERR,ERR,ERR,ERR,ERR,ERR,ERR,ERR,ERR,ERR,ERR,ERR,ERR,ERR,ERR,ERR,ERR,ERR,ERR,ERR,ERR,ERR,ERR,ERR,ERR,ERR,ERR,ERR,ERR,ERR,ERR,ERR,ERR,ERR,ERR,ERR,ERR,ERR,ERR,ERR,ERR,ERR,ERR,ERR,ERR,ERR,ERR,ERR,ERR,ERR,ERR,ERR,ERR,ERR,ERR,ERR,ERR,ERR,ERR,ERR,ERR,ERR,50.0,60.0,100,0.0,0.0,0.0,0.0,0.0,0.0,0.0,0.0,0.0,0.0,0.0,0.0,0.0,0.0,0.0,0.0,61.6,73,14,65513,50,65476,0,300,0,0,8,20529,65476,0,0,26214,60.0,0.0,0.0,0.0,0.0,0.0
2026-05-17T18:39:00,ERR,ERR,ERR,ERR,ERR,ERR,ERR,ERR,ERR,ERR,ERR,ERR,ERR,ERR,ERR,ERR,ERR,ERR,ERR,ERR,ERR,ERR,ERR,ERR,ERR,ERR,ERR,ERR,ERR,ERR,ERR,ERR,ERR,ERR,ERR,ERR,ERR,ERR,ERR,ERR,ERR,ERR,ERR,ERR,ERR,ERR,ERR,ERR,ERR,ERR,ERR,ERR,ERR,ERR,ERR,ERR,ERR,ERR,ERR,ERR,ERR,ERR,ERR,ERR,ERR,ERR,ERR,ERR,ERR,ERR,ERR,ERR,ERR,ERR,ERR,ERR,ERR,ERR,ERR,ERR,ERR,ERR,ERR,ERR,ERR,ERR,ERR,ERR,ERR,ERR,ERR,ERR,ERR,ERR,ERR,ERR,ERR,ERR,ERR,ERR,ERR,ERR,ERR,ERR,ERR,ERR,ERR,ERR,ERR,ERR,ERR,ERR,ERR,ERR,ERR,ERR,ERR,ERR,ERR,ERR,ERR,ERR,ERR,ERR,ERR,0.0,0.0,0.0,0.0,0.0,1.3936040501711995e+18,7.805,0.0,0,0,4,0,8422,0.0,45,0.0,0.0,0.0,0.0,0.0,0,0,0,0,0.0,0,0,0,0,0,0,0,0,0,0,0,0,0,0,0,0,0,0,0,0,0,0,0,0,0,0,0,0,0,0,0,0,0,38,14,7,45,65476,0,300,0,0,8,21553,0.0,-107605600.0,0.0,0.0,0.0,0.0,0.0,0.0,0.0,0.0,0.0,0.0,0.0,0.0,0.0,0.0,0.0,0.0,0.0,0.0,0.0,0.0,2.004,2.004,-0.0,0.0,0.0,0.0,0.0,0.0,5018.0,0.0,0.0,0.0,0.0,-107615280.0,2.718429300292151e+23,0.0,0.0,0.0,0.0,53,-0.0,-2.30882787541985e+20,0.0,0.0,0.0,0.0,0.0,0.0,0.0,0,0,0,0.0,0.0,0.0,0.0,0.0,0.0,0.0,0.0,0.0,0.0,0.0,0.0,0.0,0.0,0.0,0.0,0,-107875648.0,53,0.0,106,-107614832.0,0.0,ERR,ERR,ERR,ERR,ERR,ERR,ERR,ERR,ERR,ERR,ERR,ERR,ERR,ERR,ERR,ERR,ERR,ERR,ERR,ERR,ERR,ERR,ERR,ERR,ERR,ERR,ERR,ERR,ERR,ERR,ERR,ERR,ERR,ERR,ERR,ERR,ERR,ERR,ERR,ERR,ERR,ERR,ERR,ERR,ERR,ERR,ERR,ERR,ERR,ERR,ERR,ERR,ERR,ERR,ERR,ERR,ERR,ERR,ERR,ERR,ERR,ERR,ERR,ERR,ERR,ERR,ERR,50.0,60.0,100,0.0,0.0,0.0,0.0,0.0,0.0,0.0,0.0,0.0,0.0,0.0,0.0,0.0,0.0,0.0,0.0,61.6,73,14,65513,50,65476,0,300,0,0,8,20529,65476,0,0,26214,60.0,0.0,0.0,0.0,0.0,0.0
2026-05-17T18:39:01,ERR,ERR,ERR,ERR,ERR,ERR,ERR,ERR,ERR,ERR,ERR,ERR,ERR,ERR,ERR,ERR,ERR,ERR,ERR,ERR,ERR,ERR,ERR,ERR,ERR,ERR,ERR,ERR,ERR,ERR,ERR,ERR,ERR,ERR,ERR,ERR,ERR,ERR,ERR,ERR,ERR,ERR,ERR,ERR,ERR,ERR,ERR,ERR,ERR,ERR,ERR,ERR,ERR,ERR,ERR,ERR,ERR,ERR,ERR,ERR,ERR,ERR,ERR,ERR,ERR,ERR,ERR,ERR,ERR,ERR,ERR,ERR,ERR,ERR,ERR,ERR,ERR,ERR,ERR,ERR,ERR,ERR,ERR,ERR,ERR,ERR,ERR,ERR,ERR,ERR,ERR,ERR,ERR,ERR,ERR,ERR,ERR,ERR,ERR,ERR,ERR,ERR,ERR,ERR,ERR,ERR,ERR,ERR,ERR,ERR,ERR,ERR,ERR,ERR,ERR,ERR,ERR,ERR,ERR,ERR,ERR,ERR,ERR,ERR,ERR,0.0,0.0,0.0,0.0,0.0,1.3936040501711995e+18,7.805,0.0,0,0,4,0,8422,0.0,45,0.0,0.0,0.0,0.0,0.0,0,0,0,0,0.0,0,0,0,0,0,0,0,0,0,0,0,0,0,0,0,0,0,0,0,0,0,0,0,0,0,0,0,0,0,0,0,0,0,38,14,7,45,65476,0,300,0,0,8,21553,0.0,-107605600.0,0.0,0.0,0.0,0.0,0.0,0.0,0.0,0.0,0.0,0.0,0.0,0.0,0.0,0.0,0.0,0.0,0.0,0.0,0.0,0.0,2.004,2.004,-0.0,0.0,0.0,0.0,0.0,0.0,4979.0,-1.587929164219617e+29,0.0,0.0,0.0,-107615280.0,2.718429300292151e+23,0.0,0.0,0.0,0.0,53,4.950428597886765e+32,-0.0,0.0,0.0,0.0,0.0,0.0,0.0,0.0,0,0,0,0.0,0.0,0.0,0.0,0.0,0.0,0.0,0.0,0.0,0.0,0.0,0.0,0.0,0.0,0.0,0.0,0,-107875648.0,53,0.0,106,-107614832.0,0.0,ERR,ERR,ERR,ERR,ERR,ERR,ERR,ERR,ERR,ERR,ERR,ERR,ERR,ERR,ERR,ERR,ERR,ERR,ERR,ERR,ERR,ERR,ERR,ERR,ERR,ERR,ERR,ERR,ERR,ERR,ERR,ERR,ERR,ERR,ERR,ERR,ERR,ERR,ERR,ERR,ERR,ERR,ERR,ERR,ERR,ERR,ERR,ERR,ERR,ERR,ERR,ERR,ERR,ERR,ERR,ERR,ERR,ERR,ERR,ERR,ERR,ERR,ERR,ERR,ERR,ERR,ERR,50.0,60.0,100,0.0,0.0,0.0,0.0,0.0,0.0,0.0,0.0,0.0,0.0,0.0,0.0,0.0,0.0,0.0,0.0,61.6,73,14,65513,50,65476,0,300,0,0,8,20529,65476,0,0,26214,60.0,0.0,0.0,0.0,0.0,0.0
2026-05-17T18:39:02,ERR,ERR,ERR,ERR,ERR,ERR,ERR,ERR,ERR,ERR,ERR,ERR,ERR,ERR,ERR,ERR,ERR,ERR,ERR,ERR,ERR,ERR,ERR,ERR,ERR,ERR,ERR,ERR,ERR,ERR,ERR,ERR,ERR,ERR,ERR,ERR,ERR,ERR,ERR,ERR,ERR,ERR,ERR,ERR,ERR,ERR,ERR,ERR,ERR,ERR,ERR,ERR,ERR,ERR,ERR,ERR,ERR,ERR,ERR,ERR,ERR,ERR,ERR,ERR,ERR,ERR,ERR,ERR,ERR,ERR,ERR,ERR,ERR,ERR,ERR,ERR,ERR,ERR,ERR,ERR,ERR,ERR,ERR,ERR,ERR,ERR,ERR,ERR,ERR,ERR,ERR,ERR,ERR,ERR,ERR,ERR,ERR,ERR,ERR,ERR,ERR,ERR,ERR,ERR,ERR,ERR,ERR,ERR,ERR,ERR,ERR,ERR,ERR,ERR,ERR,ERR,ERR,ERR,ERR,ERR,ERR,ERR,ERR,ERR,ERR,0.0,0.0,0.0,0.0,0.0,1.3936040501711995e+18,7.805,0.0,0,0,4,0,8422,0.0,45,0.0,0.0,0.0,0.0,0.0,0,0,0,0,0.0,0,0,0,0,0,0,0,0,0,0,0,0,0,0,0,0,0,0,0,0,0,0,0,0,0,0,0,0,0,0,0,0,0,38,14,7,45,65476,0,300,0,0,8,21553,0.0,-107605600.0,0.0,0.0,0.0,0.0,0.0,0.0,0.0,0.0,0.0,0.0,0.0,0.0,0.0,0.0,0.0,0.0,0.0,0.0,0.0,0.0,2.004,2.004,-0.0,0.0,0.0,0.0,0.0,0.0,4979.0,-1.587929164219617e+29,0.0,0.0,0.0,-107615280.0,2.718429300292151e+23,0.0,0.0,0.0,0.0,53,4.950428597886765e+32,-0.0,0.0,0.0,0.0,0.0,0.0,0.0,0.0,0,0,0,0.0,0.0,0.0,0.0,0.0,0.0,0.0,0.0,0.0,0.0,0.0,0.0,0.0,0.0,0.0,0.0,0,-107875648.0,53,0.0,106,-107614832.0,0.0,ERR,ERR,ERR,ERR,ERR,ERR,ERR,ERR,ERR,ERR,ERR,ERR,ERR,ERR,ERR,ERR,ERR,ERR,ERR,ERR,ERR,ERR,ERR,ERR,ERR,ERR,ERR,ERR,ERR,ERR,ERR,ERR,ERR,ERR,ERR,ERR,ERR,ERR,ERR,ERR,ERR,ERR,ERR,ERR,ERR,ERR,ERR,ERR,ERR,ERR,ERR,ERR,ERR,ERR,ERR,ERR,ERR,ERR,ERR,ERR,ERR,ERR,ERR,ERR,ERR,ERR,ERR,50.0,60.0,100,0.0,0.0,0.0,0.0,0.0,0.0,0.0,0.0,0.0,0.0,0.0,0.0,0.0,0.0,0.0,0.0,61.6,73,14,65513,50,65476,0,300,0,0,8,20529,65476,0,0,26214,60.0,0.0,0.0,0.0,0.0,0.0
2026-05-17T18:39:03,ERR,ERR,ERR,ERR,ERR,ERR,ERR,ERR,ERR,ERR,ERR,ERR,ERR,ERR,ERR,ERR,ERR,ERR,ERR,ERR,ERR,ERR,ERR,ERR,ERR,ERR,ERR,ERR,ERR,ERR,ERR,ERR,ERR,ERR,ERR,ERR,ERR,ERR,ERR,ERR,ERR,ERR,ERR,ERR,ERR,ERR,ERR,ERR,ERR,ERR,ERR,ERR,ERR,ERR,ERR,ERR,ERR,ERR,ERR,ERR,ERR,ERR,ERR,ERR,ERR,ERR,ERR,ERR,ERR,ERR,ERR,ERR,ERR,ERR,ERR,ERR,ERR,ERR,ERR,ERR,ERR,ERR,ERR,ERR,ERR,ERR,ERR,ERR,ERR,ERR,ERR,ERR,ERR,ERR,ERR,ERR,ERR,ERR,ERR,ERR,ERR,ERR,ERR,ERR,ERR,ERR,ERR,ERR,ERR,ERR,ERR,ERR,ERR,ERR,ERR,ERR,ERR,ERR,ERR,ERR,ERR,ERR,ERR,ERR,ERR,0.0,0.0,0.0,0.0,0.0,1.3936040501711995e+18,7.805,0.0,0,0,4,0,8422,0.0,45,0.0,0.0,0.0,0.0,0.0,0,0,0,0,0.0,0,0,0,0,0,0,0,0,0,0,0,0,0,0,0,0,0,0,0,0,0,0,0,0,0,0,0,0,0,0,0,0,0,38,14,7,45,65476,0,300,0,0,8,21553,0.0,-107605600.0,0.0,0.0,0.0,0.0,0.0,0.0,0.0,0.0,0.0,0.0,0.0,0.0,0.0,0.0,0.0,0.0,0.0,0.0,0.0,0.0,2.004,2.004,-0.0,0.0,0.0,0.0,0.0,0.0,4979.0,-1.587929164219617e+29,0.0,0.0,0.0,-107615280.0,2.718429300292151e+23,0.0,0.0,0.0,0.0,53,4.950428597886765e+32,-0.0,0.0,0.0,0.0,0.0,0.0,0.0,0.0,0,0,0,0.0,0.0,0.0,0.0,0.0,0.0,0.0,0.0,0.0,0.0,0.0,0.0,0.0,0.0,0.0,0.0,0,-107875648.0,53,0.0,106,-107614832.0,0.0,ERR,ERR,ERR,ERR,ERR,ERR,ERR,ERR,ERR,ERR,ERR,ERR,ERR,ERR,ERR,ERR,ERR,ERR,ERR,ERR,ERR,ERR,ERR,ERR,ERR,ERR,ERR,ERR,ERR,ERR,ERR,ERR,ERR,ERR,ERR,ERR,ERR,ERR,ERR,ERR,ERR,ERR,ERR,ERR,ERR,ERR,ERR,ERR,ERR,ERR,ERR,ERR,ERR,ERR,ERR,ERR,ERR,ERR,ERR,ERR,ERR,ERR,ERR,ERR,ERR,ERR,ERR,50.0,60.0,100,0.0,0.0,0.0,0.0,0.0,0.0,0.0,0.0,0.0,0.0,0.0,0.0,0.0,0.0,0.0,0.0,61.6,73,14,65513,50,65476,0,300,0,0,8,20529,65476,0,0,26214,60.0,0.0,0.0,0.0,0.0,0.0
2026-05-17T18:39:04,ERR,ERR,ERR,ERR,ERR,ERR,ERR,ERR,ERR,ERR,ERR,ERR,ERR,ERR,ERR,ERR,ERR,ERR,ERR,ERR,ERR,ERR,ERR,ERR,ERR,ERR,ERR,ERR,ERR,ERR,ERR,ERR,ERR,ERR,ERR,ERR,ERR,ERR,ERR,ERR,ERR,ERR,ERR,ERR,ERR,ERR,ERR,ERR,ERR,ERR,ERR,ERR,ERR,ERR,ERR,ERR,ERR,ERR,ERR,ERR,ERR,ERR,ERR,ERR,ERR,ERR,ERR,ERR,ERR,ERR,ERR,ERR,ERR,ERR,ERR,ERR,ERR,ERR,ERR,ERR,ERR,ERR,ERR,ERR,ERR,ERR,ERR,ERR,ERR,ERR,ERR,ERR,ERR,ERR,ERR,ERR,ERR,ERR,ERR,ERR,ERR,ERR,ERR,ERR,ERR,ERR,ERR,ERR,ERR,ERR,ERR,ERR,ERR,ERR,ERR,ERR,ERR,ERR,ERR,ERR,ERR,ERR,ERR,ERR,ERR,0.0,0.0,0.0,0.0,0.0,1.3936040501711995e+18,7.805,0.0,0,0,4,0,8422,0.0,45,0.0,0.0,0.0,0.0,0.0,0,0,0,0,0.0,0,0,0,0,0,0,0,0,0,0,0,0,0,0,0,0,0,0,0,0,0,0,0,0,0,0,0,0,0,0,0,0,0,38,14,7,45,65476,0,300,0,0,8,21553,0.0,-107605600.0,0.0,0.0,0.0,0.0,0.0,0.0,0.0,0.0,0.0,0.0,0.0,0.0,0.0,0.0,0.0,0.0,0.0,0.0,0.0,0.0,2.004,2.004,-0.0,0.0,0.0,0.0,0.0,0.0,4979.0,-1.587929164219617e+29,0.0,0.0,0.0,-107615280.0,2.718429300292151e+23,0.0,0.0,0.0,0.0,53,4.950428597886765e+32,-0.0,0.0,0.0,0.0,0.0,0.0,0.0,0.0,0,0,0,0.0,0.0,0.0,0.0,0.0,0.0,0.0,0.0,0.0,0.0,0.0,0.0,0.0,0.0,0.0,0.0,0,-107875648.0,53,0.0,106,-107614832.0,0.0,ERR,ERR,ERR,ERR,ERR,ERR,ERR,ERR,ERR,ERR,ERR,ERR,ERR,ERR,ERR,ERR,ERR,ERR,ERR,ERR,ERR,ERR,ERR,ERR,ERR,ERR,ERR,ERR,ERR,ERR,ERR,ERR,ERR,ERR,ERR,ERR,ERR,ERR,ERR,ERR,ERR,ERR,ERR,ERR,ERR,ERR,ERR,ERR,ERR,ERR,ERR,ERR,ERR,ERR,ERR,ERR,ERR,ERR,ERR,ERR,ERR,ERR,ERR,ERR,ERR,ERR,ERR,50.0,60.0,100,0.0,0.0,0.0,0.0,0.0,0.0,0.0,0.0,0.0,0.0,0.0,0.0,0.0,0.0,0.0,0.0,61.6,73,14,65513,50,65476,0,300,0,0,8,20529,65476,0,0,26214,60.0,0.0,0.0,0.0,0.0,0.0
2026-05-17T18:39:05,ERR,ERR,ERR,ERR,ERR,ERR,ERR,ERR,ERR,ERR,ERR,ERR,ERR,ERR,ERR,ERR,ERR,ERR,ERR,ERR,ERR,ERR,ERR,ERR,ERR,ERR,ERR,ERR,ERR,ERR,ERR,ERR,ERR,ERR,ERR,ERR,ERR,ERR,ERR,ERR,ERR,ERR,ERR,ERR,ERR,ERR,ERR,ERR,ERR,ERR,ERR,ERR,ERR,ERR,ERR,ERR,ERR,ERR,ERR,ERR,ERR,ERR,ERR,ERR,ERR,ERR,ERR,ERR,ERR,ERR,ERR,ERR,ERR,ERR,ERR,ERR,ERR,ERR,ERR,ERR,ERR,ERR,ERR,ERR,ERR,ERR,ERR,ERR,ERR,ERR,ERR,ERR,ERR,ERR,ERR,ERR,ERR,ERR,ERR,ERR,ERR,ERR,ERR,ERR,ERR,ERR,ERR,ERR,ERR,ERR,ERR,ERR,ERR,ERR,ERR,ERR,ERR,ERR,ERR,ERR,ERR,ERR,ERR,ERR,ERR,0.0,0.0,0.0,0.0,0.0,1.3936040501711995e+18,7.805,0.0,0,0,4,0,8422,0.0,45,0.0,0.0,0.0,0.0,0.0,0,0,0,0,0.0,0,0,0,0,0,0,0,0,0,0,0,0,0,0,0,0,0,0,0,0,0,0,0,0,0,0,0,0,0,0,0,0,0,38,14,7,45,65476,0,300,0,0,8,21553,0.0,-107605600.0,0.0,0.0,0.0,0.0,0.0,0.0,0.0,0.0,0.0,0.0,0.0,0.0,0.0,0.0,0.0,0.0,0.0,0.0,0.0,0.0,2.004,2.004,-0.0,0.0,0.0,0.0,0.0,0.0,4979.0,-1.587929164219617e+29,0.0,0.0,0.0,-107615280.0,2.718429300292151e+23,0.0,0.0,0.0,0.0,53,4.950428597886765e+32,-0.0,0.0,0.0,0.0,0.0,0.0,0.0,0.0,0,0,0,0.0,0.0,0.0,0.0,0.0,0.0,0.0,0.0,0.0,0.0,0.0,0.0,0.0,0.0,0.0,0.0,0,-107875648.0,53,0.0,106,-107614832.0,0.0,ERR,ERR,ERR,ERR,ERR,ERR,ERR,ERR,ERR,ERR,ERR,ERR,ERR,ERR,ERR,ERR,ERR,ERR,ERR,ERR,ERR,ERR,ERR,ERR,ERR,ERR,ERR,ERR,ERR,ERR,ERR,ERR,ERR,ERR,ERR,ERR,ERR,ERR,ERR,ERR,ERR,ERR,ERR,ERR,ERR,ERR,ERR,ERR,ERR,ERR,ERR,ERR,ERR,ERR,ERR,ERR,ERR,ERR,ERR,ERR,ERR,ERR,ERR,ERR,ERR,ERR,ERR,50.0,60.0,100,0.0,0.0,0.0,0.0,0.0,0.0,0.0,0.0,0.0,0.0,0.0,0.0,0.0,0.0,0.0,0.0,61.6,73,14,65513,50,65476,0,300,0,0,8,20529,65476,0,0,26214,60.0,0.0,0.0,0.0,0.0,0.0
2026-05-17T18:39:06,ERR,ERR,ERR,ERR,ERR,ERR,ERR,ERR,ERR,ERR,ERR,ERR,ERR,ERR,ERR,ERR,ERR,ERR,ERR,ERR,ERR,ERR,ERR,ERR,ERR,ERR,ERR,ERR,ERR,ERR,ERR,ERR,ERR,ERR,ERR,ERR,ERR,ERR,ERR,ERR,ERR,ERR,ERR,ERR,ERR,ERR,ERR,ERR,ERR,ERR,ERR,ERR,ERR,ERR,ERR,ERR,ERR,ERR,ERR,ERR,ERR,ERR,ERR,ERR,ERR,ERR,ERR,ERR,ERR,ERR,ERR,ERR,ERR,ERR,ERR,ERR,ERR,ERR,ERR,ERR,ERR,ERR,ERR,ERR,ERR,ERR,ERR,ERR,ERR,ERR,ERR,ERR,ERR,ERR,ERR,ERR,ERR,ERR,ERR,ERR,ERR,ERR,ERR,ERR,ERR,ERR,ERR,ERR,ERR,ERR,ERR,ERR,ERR,ERR,ERR,ERR,ERR,ERR,ERR,ERR,ERR,ERR,ERR,ERR,ERR,0.0,0.0,0.0,0.0,0.0,1.3936040501711995e+18,7.805,0.0,0,0,4,0,8422,0.0,45,0.0,0.0,0.0,0.0,0.0,0,0,0,0,0.0,0,0,0,0,0,0,0,0,0,0,0,0,0,0,0,0,0,0,0,0,0,0,0,0,0,0,0,0,0,0,0,0,0,38,14,7,45,65476,0,300,0,0,8,21553,0.0,-107605600.0,0.0,0.0,0.0,0.0,0.0,0.0,0.0,0.0,0.0,0.0,0.0,0.0,0.0,0.0,0.0,0.0,0.0,0.0,0.0,0.0,0.0,2.004,-0.0,0.0,0.0,0.0,0.0,0.0,4982.0,2.4229876163019057e+24,0.0,0.0,0.0,-107615280.0,2.718429300292151e+23,0.0,0.0,0.0,0.0,53,-0.0,-3.222002029374005e+26,0.0,0.0,0.0,0.0,0.0,0.0,0.0,0,0,0,0.0,0.0,0.0,0.0,0.0,0.0,0.0,0.0,0.0,0.0,0.0,0.0,0.0,0.0,0.0,0.0,0,-107875648.0,53,0.0,106,-107614832.0,0.0,ERR,ERR,ERR,ERR,ERR,ERR,ERR,ERR,ERR,ERR,ERR,ERR,ERR,ERR,ERR,ERR,ERR,ERR,ERR,ERR,ERR,ERR,ERR,ERR,ERR,ERR,ERR,ERR,ERR,ERR,ERR,ERR,ERR,ERR,ERR,ERR,ERR,ERR,ERR,ERR,ERR,ERR,ERR,ERR,ERR,ERR,ERR,ERR,ERR,ERR,ERR,ERR,ERR,ERR,ERR,ERR,ERR,ERR,ERR,ERR,ERR,ERR,ERR,ERR,ERR,ERR,ERR,50.0,60.0,100,0.0,0.0,0.0,0.0,0.0,0.0,0.0,0.0,0.0,0.0,0.0,0.0,0.0,0.0,0.0,0.0,61.6,73,14,65513,50,65476,0,300,0,0,8,20529,65476,0,0,26214,60.0,0.0,0.0,0.0,0.0,0.0
2026-05-17T18:39:07,ERR,ERR,ERR,ERR,ERR,ERR,ERR,ERR,ERR,ERR,ERR,ERR,ERR,ERR,ERR,ERR,ERR,ERR,ERR,ERR,ERR,ERR,ERR,ERR,ERR,ERR,ERR,ERR,ERR,ERR,ERR,ERR,ERR,ERR,ERR,ERR,ERR,ERR,ERR,ERR,ERR,ERR,ERR,ERR,ERR,ERR,ERR,ERR,ERR,ERR,ERR,ERR,ERR,ERR,ERR,ERR,ERR,ERR,ERR,ERR,ERR,ERR,ERR,ERR,ERR,ERR,ERR,ERR,ERR,ERR,ERR,ERR,ERR,ERR,ERR,ERR,ERR,ERR,ERR,ERR,ERR,ERR,ERR,ERR,ERR,ERR,ERR,ERR,ERR,ERR,ERR,ERR,ERR,ERR,ERR,ERR,ERR,ERR,ERR,ERR,ERR,ERR,ERR,ERR,ERR,ERR,ERR,ERR,ERR,ERR,ERR,ERR,ERR,ERR,ERR,ERR,ERR,ERR,ERR,ERR,ERR,ERR,ERR,ERR,ERR,0.0,0.0,0.0,0.0,0.0,1.3936040501711995e+18,7.805,0.0,0,0,4,0,8422,0.0,45,0.0,0.0,0.0,0.0,0.0,0,0,0,0,0.0,0,0,0,0,0,0,0,0,0,0,0,0,0,0,0,0,0,0,0,0,0,0,0,0,0,0,0,0,0,0,0,0,0,38,14,7,45,65476,0,300,0,0,8,21553,0.0,-107605600.0,0.0,0.0,0.0,0.0,0.0,0.0,0.0,0.0,0.0,0.0,0.0,0.0,0.0,0.0,0.0,0.0,0.0,0.0,0.0,0.0,0.0,2.004,-0.0,0.0,0.0,0.0,0.0,0.0,4982.0,2.4229876163019057e+24,0.0,0.0,0.0,-107615280.0,2.718429300292151e+23,0.0,0.0,0.0,0.0,53,-0.0,-3.222002029374005e+26,0.0,0.0,0.0,0.0,0.0,0.0,0.0,0,0,0,0.0,0.0,0.0,0.0,0.0,0.0,0.0,0.0,0.0,0.0,0.0,0.0,0.0,0.0,0.0,0.0,0,-107875648.0,53,0.0,106,-107614832.0,0.0,ERR,ERR,ERR,ERR,ERR,ERR,ERR,ERR,ERR,ERR,ERR,ERR,ERR,ERR,ERR,ERR,ERR,ERR,ERR,ERR,ERR,ERR,ERR,ERR,ERR,ERR,ERR,ERR,ERR,ERR,ERR,ERR,ERR,ERR,ERR,ERR,ERR,ERR,ERR,ERR,ERR,ERR,ERR,ERR,ERR,ERR,ERR,ERR,ERR,ERR,ERR,ERR,ERR,ERR,ERR,ERR,ERR,ERR,ERR,ERR,ERR,ERR,ERR,ERR,ERR,ERR,ERR,50.0,60.0,100,0.0,0.0,0.0,0.0,0.0,0.0,0.0,0.0,0.0,0.0,0.0,0.0,0.0,0.0,0.0,0.0,61.6,73,14,65513,50,65476,0,300,0,0,8,20529,65476,0,0,26214,60.0,0.0,0.0,0.0,0.0,0.0
2026-05-17T18:39:08,ERR,ERR,ERR,ERR,ERR,ERR,ERR,ERR,ERR,ERR,ERR,ERR,ERR,ERR,ERR,ERR,ERR,ERR,ERR,ERR,ERR,ERR,ERR,ERR,ERR,ERR,ERR,ERR,ERR,ERR,ERR,ERR,ERR,ERR,ERR,ERR,ERR,ERR,ERR,ERR,ERR,ERR,ERR,ERR,ERR,ERR,ERR,ERR,ERR,ERR,ERR,ERR,ERR,ERR,ERR,ERR,ERR,ERR,ERR,ERR,ERR,ERR,ERR,ERR,ERR,ERR,ERR,ERR,ERR,ERR,ERR,ERR,ERR,ERR,ERR,ERR,ERR,ERR,ERR,ERR,ERR,ERR,ERR,ERR,ERR,ERR,ERR,ERR,ERR,ERR,ERR,ERR,ERR,ERR,ERR,ERR,ERR,ERR,ERR,ERR,ERR,ERR,ERR,ERR,ERR,ERR,ERR,ERR,ERR,ERR,ERR,ERR,ERR,ERR,ERR,ERR,ERR,ERR,ERR,ERR,ERR,ERR,ERR,ERR,ERR,0.0,0.0,0.0,0.0,0.0,1.3936040501711995e+18,7.805,0.0,0,0,4,0,8422,0.0,45,0.0,0.0,0.0,0.0,0.0,0,0,0,0,0.0,0,0,0,0,0,0,0,0,0,0,0,0,0,0,0,0,0,0,0,0,0,0,0,0,0,0,0,0,0,0,0,0,0,38,14,7,45,65476,0,300,0,0,8,21553,0.0,-107605600.0,0.0,0.0,0.0,0.0,0.0,0.0,0.0,0.0,0.0,0.0,0.0,0.0,0.0,0.0,0.0,0.0,0.0,0.0,0.0,0.0,0.0,2.004,-0.0,0.0,0.0,0.0,0.0,0.0,4982.0,2.4229876163019057e+24,0.0,0.0,0.0,-107615280.0,2.718429300292151e+23,0.0,0.0,0.0,0.0,53,-0.0,-3.222002029374005e+26,0.0,0.0,0.0,0.0,0.0,0.0,0.0,0,0,0,0.0,0.0,0.0,0.0,0.0,0.0,0.0,0.0,0.0,0.0,0.0,0.0,0.0,0.0,0.0,0.0,0,-107875648.0,53,0.0,106,-107614832.0,0.0,ERR,ERR,ERR,ERR,ERR,ERR,ERR,ERR,ERR,ERR,ERR,ERR,ERR,ERR,ERR,ERR,ERR,ERR,ERR,ERR,ERR,ERR,ERR,ERR,ERR,ERR,ERR,ERR,ERR,ERR,ERR,ERR,ERR,ERR,ERR,ERR,ERR,ERR,ERR,ERR,ERR,ERR,ERR,ERR,ERR,ERR,ERR,ERR,ERR,ERR,ERR,ERR,ERR,ERR,ERR,ERR,ERR,ERR,ERR,ERR,ERR,ERR,ERR,ERR,ERR,ERR,ERR,50.0,60.0,100,0.0,0.0,0.0,0.0,0.0,0.0,0.0,0.0,0.0,0.0,0.0,0.0,0.0,0.0,0.0,0.0,61.6,73,14,65513,50,65476,0,300,0,0,8,20529,65476,0,0,26214,60.0,0.0,0.0,0.0,0.0,0.0
2026-05-17T18:39:09,ERR,ERR,ERR,ERR,ERR,ERR,ERR,ERR,ERR,ERR,ERR,ERR,ERR,ERR,ERR,ERR,ERR,ERR,ERR,ERR,ERR,ERR,ERR,ERR,ERR,ERR,ERR,ERR,ERR,ERR,ERR,ERR,ERR,ERR,ERR,ERR,ERR,ERR,ERR,ERR,ERR,ERR,ERR,ERR,ERR,ERR,ERR,ERR,ERR,ERR,ERR,ERR,ERR,ERR,ERR,ERR,ERR,ERR,ERR,ERR,ERR,ERR,ERR,ERR,ERR,ERR,ERR,ERR,ERR,ERR,ERR,ERR,ERR,ERR,ERR,ERR,ERR,ERR,ERR,ERR,ERR,ERR,ERR,ERR,ERR,ERR,ERR,ERR,ERR,ERR,ERR,ERR,ERR,ERR,ERR,ERR,ERR,ERR,ERR,ERR,ERR,ERR,ERR,ERR,ERR,ERR,ERR,ERR,ERR,ERR,ERR,ERR,ERR,ERR,ERR,ERR,ERR,ERR,ERR,ERR,ERR,ERR,ERR,ERR,ERR,0.0,0.0,0.0,0.0,0.0,1.3936040501711995e+18,7.805,0.0,0,0,4,0,8422,0.0,45,0.0,0.0,0.0,0.0,0.0,0,0,0,0,0.0,0,0,0,0,0,0,0,0,0,0,0,0,0,0,0,0,0,0,0,0,0,0,0,0,0,0,0,0,0,0,0,0,0,38,14,7,45,65476,0,300,0,0,8,21553,0.0,-107605600.0,0.0,0.0,0.0,0.0,0.0,0.0,0.0,0.0,0.0,0.0,0.0,0.0,0.0,0.0,0.0,0.0,0.0,0.0,0.0,0.0,0.0,2.004,-0.0,0.0,0.0,0.0,0.0,0.0,4982.0,2.4229876163019057e+24,0.0,0.0,0.0,-107615280.0,2.718429300292151e+23,0.0,0.0,0.0,0.0,53,-0.0,-3.222002029374005e+26,0.0,0.0,0.0,0.0,0.0,0.0,0.0,0,0,0,0.0,0.0,0.0,0.0,0.0,0.0,0.0,0.0,0.0,0.0,0.0,0.0,0.0,0.0,0.0,0.0,0,-107875648.0,53,0.0,106,-107614832.0,0.0,ERR,ERR,ERR,ERR,ERR,ERR,ERR,ERR,ERR,ERR,ERR,ERR,ERR,ERR,ERR,ERR,ERR,ERR,ERR,ERR,ERR,ERR,ERR,ERR,ERR,ERR,ERR,ERR,ERR,ERR,ERR,ERR,ERR,ERR,ERR,ERR,ERR,ERR,ERR,ERR,ERR,ERR,ERR,ERR,ERR,ERR,ERR,ERR,ERR,ERR,ERR,ERR,ERR,ERR,ERR,ERR,ERR,ERR,ERR,ERR,ERR,ERR,ERR,ERR,ERR,ERR,ERR,50.0,60.0,100,0.0,0.0,0.0,0.0,0.0,0.0,0.0,0.0,0.0,0.0,0.0,0.0,0.0,0.0,0.0,0.0,61.6,73,14,65513,50,65476,0,300,0,0,8,20529,65476,0,0,26214,60.0,0.0,0.0,0.0,0.0,0.0
2026-05-17T18:39:10,ERR,ERR,ERR,ERR,ERR,ERR,ERR,ERR,ERR,ERR,ERR,ERR,ERR,ERR,ERR,ERR,ERR,ERR,ERR,ERR,ERR,ERR,ERR,ERR,ERR,ERR,ERR,ERR,ERR,ERR,ERR,ERR,ERR,ERR,ERR,ERR,ERR,ERR,ERR,ERR,ERR,ERR,ERR,ERR,ERR,ERR,ERR,ERR,ERR,ERR,ERR,ERR,ERR,ERR,ERR,ERR,ERR,ERR,ERR,ERR,ERR,ERR,ERR,ERR,ERR,ERR,ERR,ERR,ERR,ERR,ERR,ERR,ERR,ERR,ERR,ERR,ERR,ERR,ERR,ERR,ERR,ERR,ERR,ERR,ERR,ERR,ERR,ERR,ERR,ERR,ERR,ERR,ERR,ERR,ERR,ERR,ERR,ERR,ERR,ERR,ERR,ERR,ERR,ERR,ERR,ERR,ERR,ERR,ERR,ERR,ERR,ERR,ERR,ERR,ERR,ERR,ERR,ERR,ERR,ERR,ERR,ERR,ERR,ERR,ERR,0.0,0.0,0.0,0.0,0.0,1.3936040501711995e+18,7.805,0.0,0,0,4,0,8422,0.0,45,0.0,0.0,0.0,0.0,0.0,0,0,0,0,0.0,0,0,0,0,0,0,0,0,0,0,0,0,0,0,0,0,0,0,0,0,0,0,0,0,0,0,0,0,0,0,0,0,0,38,14,7,45,65476,0,300,0,0,8,21553,0.0,-107605600.0,0.0,0.0,0.0,0.0,0.0,0.0,0.0,0.0,0.0,0.0,0.0,0.0,0.0,0.0,0.0,0.0,0.0,0.0,0.0,0.0,0.0,2.004,-0.0,0.0,0.0,0.0,0.0,0.0,4982.0,2.4229876163019057e+24,0.0,0.0,0.0,-107615280.0,2.718429300292151e+23,0.0,0.0,0.0,0.0,53,-0.0,-3.222002029374005e+26,0.0,0.0,0.0,0.0,0.0,0.0,0.0,0,0,0,0.0,0.0,0.0,0.0,0.0,0.0,0.0,0.0,0.0,0.0,0.0,0.0,0.0,0.0,0.0,0.0,0,-107875648.0,53,0.0,106,-107614832.0,0.0,ERR,ERR,ERR,ERR,ERR,ERR,ERR,ERR,ERR,ERR,ERR,ERR,ERR,ERR,ERR,ERR,ERR,ERR,ERR,ERR,ERR,ERR,ERR,ERR,ERR,ERR,ERR,ERR,ERR,ERR,ERR,ERR,ERR,ERR,ERR,ERR,ERR,ERR,ERR,ERR,ERR,ERR,ERR,ERR,ERR,ERR,ERR,ERR,ERR,ERR,ERR,ERR,ERR,ERR,ERR,ERR,ERR,ERR,ERR,ERR,ERR,ERR,ERR,ERR,ERR,ERR,ERR,50.0,60.0,100,0.0,0.0,0.0,0.0,0.0,0.0,0.0,0.0,0.0,0.0,0.0,0.0,0.0,0.0,0.0,0.0,61.6,73,14,65513,50,65476,0,300,0,0,8,20529,65476,0,0,26214,60.0,0.0,0.0,0.0,0.0,0.0
2026-05-17T18:39:11,ERR,ERR,ERR,ERR,ERR,ERR,ERR,ERR,ERR,ERR,ERR,ERR,ERR,ERR,ERR,ERR,ERR,ERR,ERR,ERR,ERR,ERR,ERR,ERR,ERR,ERR,ERR,ERR,ERR,ERR,ERR,ERR,ERR,ERR,ERR,ERR,ERR,ERR,ERR,ERR,ERR,ERR,ERR,ERR,ERR,ERR,ERR,ERR,ERR,ERR,ERR,ERR,ERR,ERR,ERR,ERR,ERR,ERR,ERR,ERR,ERR,ERR,ERR,ERR,ERR,ERR,ERR,ERR,ERR,ERR,ERR,ERR,ERR,ERR,ERR,ERR,ERR,ERR,ERR,ERR,ERR,ERR,ERR,ERR,ERR,ERR,ERR,ERR,ERR,ERR,ERR,ERR,ERR,ERR,ERR,ERR,ERR,ERR,ERR,ERR,ERR,ERR,ERR,ERR,ERR,ERR,ERR,ERR,ERR,ERR,ERR,ERR,ERR,ERR,ERR,ERR,ERR,ERR,ERR,ERR,ERR,ERR,ERR,ERR,ERR,0.0,0.0,0.0,0.0,0.0,1.3936040501711995e+18,7.805,0.0,0,0,4,0,8422,0.0,45,0.0,0.0,0.0,0.0,0.0,0,0,0,0,0.0,0,0,0,0,0,0,0,0,0,0,0,0,0,0,0,0,0,0,0,0,0,0,0,0,0,0,0,0,0,0,0,0,0,38,14,7,45,65476,0,300,0,0,8,21553,0.0,-107605600.0,0.0,0.0,0.0,0.0,0.0,0.0,0.0,0.0,0.0,0.0,0.0,0.0,0.0,0.0,0.0,0.0,0.0,0.0,0.0,0.0,0.0,2.004,-0.0,0.0,0.0,0.0,0.0,0.0,4950.0,-0.0,0.0,0.0,0.0,-107615280.0,2.718429300292151e+23,0.0,0.0,0.0,0.0,53,-0.0,-2.308827523576129e+20,0.0,0.0,0.0,0.0,0.0,0.0,0.0,0,0,0,0.0,0.0,0.0,0.0,0.0,0.0,0.0,0.0,0.0,0.0,0.0,0.0,0.0,0.0,0.0,0.0,0,-107875648.0,53,0.0,106,-107614832.0,0.0,ERR,ERR,ERR,ERR,ERR,ERR,ERR,ERR,ERR,ERR,ERR,ERR,ERR,ERR,ERR,ERR,ERR,ERR,ERR,ERR,ERR,ERR,ERR,ERR,ERR,ERR,ERR,ERR,ERR,ERR,ERR,ERR,ERR,ERR,ERR,ERR,ERR,ERR,ERR,ERR,ERR,ERR,ERR,ERR,ERR,ERR,ERR,ERR,ERR,ERR,ERR,ERR,ERR,ERR,ERR,ERR,ERR,ERR,ERR,ERR,ERR,ERR,ERR,ERR,ERR,ERR,ERR,50.0,60.0,100,0.0,0.0,0.0,0.0,0.0,0.0,0.0,0.0,0.0,0.0,0.0,0.0,0.0,0.0,0.0,0.0,61.6,73,14,65513,50,65476,0,300,0,0,8,20529,65476,0,0,26214,60.0,0.0,0.0,0.0,0.0,0.0
2026-05-17T18:39:12,ERR,ERR,ERR,ERR,ERR,ERR,ERR,ERR,ERR,ERR,ERR,ERR,ERR,ERR,ERR,ERR,ERR,ERR,ERR,ERR,ERR,ERR,ERR,ERR,ERR,ERR,ERR,ERR,ERR,ERR,ERR,ERR,ERR,ERR,ERR,ERR,ERR,ERR,ERR,ERR,ERR,ERR,ERR,ERR,ERR,ERR,ERR,ERR,ERR,ERR,ERR,ERR,ERR,ERR,ERR,ERR,ERR,ERR,ERR,ERR,ERR,ERR,ERR,ERR,ERR,ERR,ERR,ERR,ERR,ERR,ERR,ERR,ERR,ERR,ERR,ERR,ERR,ERR,ERR,ERR,ERR,ERR,ERR,ERR,ERR,ERR,ERR,ERR,ERR,ERR,ERR,ERR,ERR,ERR,ERR,ERR,ERR,ERR,ERR,ERR,ERR,ERR,ERR,ERR,ERR,ERR,ERR,ERR,ERR,ERR,ERR,ERR,ERR,ERR,ERR,ERR,ERR,ERR,ERR,ERR,ERR,ERR,ERR,ERR,ERR,0.0,0.0,0.0,0.0,0.0,1.3936040501711995e+18,7.805,0.0,0,0,4,0,8422,0.0,45,0.0,0.0,0.0,0.0,0.0,0,0,0,0,0.0,0,0,0,0,0,0,0,0,0,0,0,0,0,0,0,0,0,0,0,0,0,0,0,0,0,0,0,0,0,0,0,0,0,38,14,7,45,65476,0,300,0,0,8,21553,0.0,-107605600.0,0.0,0.0,0.0,0.0,0.0,0.0,0.0,0.0,0.0,0.0,0.0,0.0,0.0,0.0,0.0,0.0,0.0,0.0,0.0,0.0,0.0,2.004,-0.0,0.0,0.0,0.0,0.0,0.0,4950.0,-0.0,0.0,0.0,0.0,-107615280.0,2.718429300292151e+23,0.0,0.0,0.0,0.0,53,-0.0,-2.308827523576129e+20,0.0,0.0,0.0,0.0,0.0,0.0,0.0,0,0,0,0.0,0.0,0.0,0.0,0.0,0.0,0.0,0.0,0.0,0.0,0.0,0.0,0.0,0.0,0.0,0.0,0,-107875648.0,53,0.0,106,-107614832.0,0.0,ERR,ERR,ERR,ERR,ERR,ERR,ERR,ERR,ERR,ERR,ERR,ERR,ERR,ERR,ERR,ERR,ERR,ERR,ERR,ERR,ERR,ERR,ERR,ERR,ERR,ERR,ERR,ERR,ERR,ERR,ERR,ERR,ERR,ERR,ERR,ERR,ERR,ERR,ERR,ERR,ERR,ERR,ERR,ERR,ERR,ERR,ERR,ERR,ERR,ERR,ERR,ERR,ERR,ERR,ERR,ERR,ERR,ERR,ERR,ERR,ERR,ERR,ERR,ERR,ERR,ERR,ERR,50.0,60.0,100,0.0,0.0,0.0,0.0,0.0,0.0,0.0,0.0,0.0,0.0,0.0,0.0,0.0,0.0,0.0,0.0,61.6,73,14,65513,50,65476,0,300,0,0,8,20529,65476,0,0,26214,60.0,0.0,0.0,0.0,0.0,0.0
2026-05-17T18:39:13,ERR,ERR,ERR,ERR,ERR,ERR,ERR,ERR,ERR,ERR,ERR,ERR,ERR,ERR,ERR,ERR,ERR,ERR,ERR,ERR,ERR,ERR,ERR,ERR,ERR,ERR,ERR,ERR,ERR,ERR,ERR,ERR,ERR,ERR,ERR,ERR,ERR,ERR,ERR,ERR,ERR,ERR,ERR,ERR,ERR,ERR,ERR,ERR,ERR,ERR,ERR,ERR,ERR,ERR,ERR,ERR,ERR,ERR,ERR,ERR,ERR,ERR,ERR,ERR,ERR,ERR,ERR,ERR,ERR,ERR,ERR,ERR,ERR,ERR,ERR,ERR,ERR,ERR,ERR,ERR,ERR,ERR,ERR,ERR,ERR,ERR,ERR,ERR,ERR,ERR,ERR,ERR,ERR,ERR,ERR,ERR,ERR,ERR,ERR,ERR,ERR,ERR,ERR,ERR,ERR,ERR,ERR,ERR,ERR,ERR,ERR,ERR,ERR,ERR,ERR,ERR,ERR,ERR,ERR,ERR,ERR,ERR,ERR,ERR,ERR,0.0,0.0,0.0,0.0,0.0,1.3936040501711995e+18,7.805,0.0,0,0,4,0,8422,0.0,45,0.0,0.0,0.0,0.0,0.0,0,0,0,0,0.0,0,0,0,0,0,0,0,0,0,0,0,0,0,0,0,0,0,0,0,0,0,0,0,0,0,0,0,0,0,0,0,0,0,38,14,7,45,65476,0,300,0,0,8,21553,0.0,-107605600.0,0.0,0.0,0.0,0.0,0.0,0.0,0.0,0.0,0.0,0.0,0.0,0.0,0.0,0.0,0.0,0.0,0.0,0.0,0.0,0.0,0.0,2.004,-0.0,0.0,0.0,0.0,0.0,0.0,4950.0,-0.0,0.0,0.0,0.0,-107615280.0,2.718429300292151e+23,0.0,0.0,0.0,0.0,53,-0.0,-2.308827523576129e+20,0.0,0.0,0.0,0.0,0.0,0.0,0.0,0,0,0,0.0,0.0,0.0,0.0,0.0,0.0,0.0,0.0,0.0,0.0,0.0,0.0,0.0,0.0,0.0,0.0,0,-107875648.0,53,0.0,106,-107614832.0,0.0,ERR,ERR,ERR,ERR,ERR,ERR,ERR,ERR,ERR,ERR,ERR,ERR,ERR,ERR,ERR,ERR,ERR,ERR,ERR,ERR,ERR,ERR,ERR,ERR,ERR,ERR,ERR,ERR,ERR,ERR,ERR,ERR,ERR,ERR,ERR,ERR,ERR,ERR,ERR,ERR,ERR,ERR,ERR,ERR,ERR,ERR,ERR,ERR,ERR,ERR,ERR,ERR,ERR,ERR,ERR,ERR,ERR,ERR,ERR,ERR,ERR,ERR,ERR,ERR,ERR,ERR,ERR,50.0,60.0,100,0.0,0.0,0.0,0.0,0.0,0.0,0.0,0.0,0.0,0.0,0.0,0.0,0.0,0.0,0.0,0.0,61.6,73,14,65513,50,65476,0,300,0,0,8,20529,65476,0,0,26214,60.0,0.0,0.0,0.0,0.0,0.0
2026-05-17T18:39:14,ERR,ERR,ERR,ERR,ERR,ERR,ERR,ERR,ERR,ERR,ERR,ERR,ERR,ERR,ERR,ERR,ERR,ERR,ERR,ERR,ERR,ERR,ERR,ERR,ERR,ERR,ERR,ERR,ERR,ERR,ERR,ERR,ERR,ERR,ERR,ERR,ERR,ERR,ERR,ERR,ERR,ERR,ERR,ERR,ERR,ERR,ERR,ERR,ERR,ERR,ERR,ERR,ERR,ERR,ERR,ERR,ERR,ERR,ERR,ERR,ERR,ERR,ERR,ERR,ERR,ERR,ERR,ERR,ERR,ERR,ERR,ERR,ERR,ERR,ERR,ERR,ERR,ERR,ERR,ERR,ERR,ERR,ERR,ERR,ERR,ERR,ERR,ERR,ERR,ERR,ERR,ERR,ERR,ERR,ERR,ERR,ERR,ERR,ERR,ERR,ERR,ERR,ERR,ERR,ERR,ERR,ERR,ERR,ERR,ERR,ERR,ERR,ERR,ERR,ERR,ERR,ERR,ERR,ERR,ERR,ERR,ERR,ERR,ERR,ERR,0.0,0.0,0.0,0.0,0.0,1.3936040501711995e+18,7.805,0.0,0,0,4,0,8422,0.0,45,0.0,0.0,0.0,0.0,0.0,0,0,0,0,0.0,0,0,0,0,0,0,0,0,0,0,0,0,0,0,0,0,0,0,0,0,0,0,0,0,0,0,0,0,0,0,0,0,0,38,14,7,45,65476,0,300,0,0,8,21553,0.0,-107605600.0,0.0,0.0,0.0,0.0,0.0,0.0,0.0,0.0,0.0,0.0,0.0,0.0,0.0,0.0,0.0,0.0,0.0,0.0,0.0,0.0,0.0,2.004,-0.0,0.0,0.0,0.0,0.0,0.0,4950.0,-0.0,0.0,0.0,0.0,-107615280.0,2.718429300292151e+23,0.0,0.0,0.0,0.0,53,-0.0,-2.308827523576129e+20,0.0,0.0,0.0,0.0,0.0,0.0,0.0,0,0,0,0.0,0.0,0.0,0.0,0.0,0.0,0.0,0.0,0.0,0.0,0.0,0.0,0.0,0.0,0.0,0.0,0,-107875648.0,53,0.0,106,-107614832.0,0.0,ERR,ERR,ERR,ERR,ERR,ERR,ERR,ERR,ERR,ERR,ERR,ERR,ERR,ERR,ERR,ERR,ERR,ERR,ERR,ERR,ERR,ERR,ERR,ERR,ERR,ERR,ERR,ERR,ERR,ERR,ERR,ERR,ERR,ERR,ERR,ERR,ERR,ERR,ERR,ERR,ERR,ERR,ERR,ERR,ERR,ERR,ERR,ERR,ERR,ERR,ERR,ERR,ERR,ERR,ERR,ERR,ERR,ERR,ERR,ERR,ERR,ERR,ERR,ERR,ERR,ERR,ERR,50.0,60.0,100,0.0,0.0,0.0,0.0,0.0,0.0,0.0,0.0,0.0,0.0,0.0,0.0,0.0,0.0,0.0,0.0,61.6,73,14,65513,50,65476,0,300,0,0,8,20529,65476,0,0,26214,60.0,0.0,0.0,0.0,0.0,0.0
2026-05-17T18:39:15,ERR,ERR,ERR,ERR,ERR,ERR,ERR,ERR,ERR,ERR,ERR,ERR,ERR,ERR,ERR,ERR,ERR,ERR,ERR,ERR,ERR,ERR,ERR,ERR,ERR,ERR,ERR,ERR,ERR,ERR,ERR,ERR,ERR,ERR,ERR,ERR,ERR,ERR,ERR,ERR,ERR,ERR,ERR,ERR,ERR,ERR,ERR,ERR,ERR,ERR,ERR,ERR,ERR,ERR,ERR,ERR,ERR,ERR,ERR,ERR,ERR,ERR,ERR,ERR,ERR,ERR,ERR,ERR,ERR,ERR,ERR,ERR,ERR,ERR,ERR,ERR,ERR,ERR,ERR,ERR,ERR,ERR,ERR,ERR,ERR,ERR,ERR,ERR,ERR,ERR,ERR,ERR,ERR,ERR,ERR,ERR,ERR,ERR,ERR,ERR,ERR,ERR,ERR,ERR,ERR,ERR,ERR,ERR,ERR,ERR,ERR,ERR,ERR,ERR,ERR,ERR,ERR,ERR,ERR,ERR,ERR,ERR,ERR,ERR,ERR,0.0,0.0,0.0,0.0,0.0,1.3936040501711995e+18,7.805,0.0,0,0,4,0,8422,0.0,45,0.0,0.0,0.0,0.0,0.0,0,0,0,0,0.0,0,0,0,0,0,0,0,0,0,0,0,0,0,0,0,0,0,0,0,0,0,0,0,0,0,0,0,0,0,0,0,0,0,38,14,7,45,65476,0,300,0,0,8,21553,0.0,-107605600.0,0.0,0.0,0.0,0.0,0.0,0.0,0.0,0.0,0.0,0.0,0.0,0.0,0.0,0.0,0.0,0.0,0.0,0.0,0.0,0.0,0.0,2.004,-0.0,0.0,0.0,0.0,0.0,0.0,4950.0,-0.0,0.0,0.0,0.0,-107615280.0,2.718429300292151e+23,0.0,0.0,0.0,0.0,53,-0.0,-2.308827523576129e+20,0.0,0.0,0.0,0.0,0.0,0.0,0.0,0,0,0,0.0,0.0,0.0,0.0,0.0,0.0,0.0,0.0,0.0,0.0,0.0,0.0,0.0,0.0,0.0,0.0,0,-107875648.0,53,0.0,106,-107614832.0,0.0,ERR,ERR,ERR,ERR,ERR,ERR,ERR,ERR,ERR,ERR,ERR,ERR,ERR,ERR,ERR,ERR,ERR,ERR,ERR,ERR,ERR,ERR,ERR,ERR,ERR,ERR,ERR,ERR,ERR,ERR,ERR,ERR,ERR,ERR,ERR,ERR,ERR,ERR,ERR,ERR,ERR,ERR,ERR,ERR,ERR,ERR,ERR,ERR,ERR,ERR,ERR,ERR,ERR,ERR,ERR,ERR,ERR,ERR,ERR,ERR,ERR,ERR,ERR,ERR,ERR,ERR,ERR,50.0,60.0,100,0.0,0.0,0.0,0.0,0.0,0.0,0.0,0.0,0.0,0.0,0.0,0.0,0.0,0.0,0.0,0.0,61.6,73,14,65513,50,65476,0,300,0,0,8,20529,65476,0,0,26214,60.0,0.0,0.0,0.0,0.0,0.0
2026-05-17T18:39:16,ERR,ERR,ERR,ERR,ERR,ERR,ERR,ERR,ERR,ERR,ERR,ERR,ERR,ERR,ERR,ERR,ERR,ERR,ERR,ERR,ERR,ERR,ERR,ERR,ERR,ERR,ERR,ERR,ERR,ERR,ERR,ERR,ERR,ERR,ERR,ERR,ERR,ERR,ERR,ERR,ERR,ERR,ERR,ERR,ERR,ERR,ERR,ERR,ERR,ERR,ERR,ERR,ERR,ERR,ERR,ERR,ERR,ERR,ERR,ERR,ERR,ERR,ERR,ERR,ERR,ERR,ERR,ERR,ERR,ERR,ERR,ERR,ERR,ERR,ERR,ERR,ERR,ERR,ERR,ERR,ERR,ERR,ERR,ERR,ERR,ERR,ERR,ERR,ERR,ERR,ERR,ERR,ERR,ERR,ERR,ERR,ERR,ERR,ERR,ERR,ERR,ERR,ERR,ERR,ERR,ERR,ERR,ERR,ERR,ERR,ERR,ERR,ERR,ERR,ERR,ERR,ERR,ERR,ERR,ERR,ERR,ERR,ERR,ERR,ERR,0.0,0.0,0.0,0.0,0.0,1.3936040501711995e+18,7.805,0.0,0,0,4,0,8422,0.0,45,0.0,0.0,0.0,0.0,0.0,0,0,0,0,0.0,0,0,0,0,0,0,0,0,0,0,0,0,0,0,0,0,0,0,0,0,0,0,0,0,0,0,0,0,0,0,0,0,0,38,14,7,45,65476,0,300,0,0,8,21553,0.0,-107605600.0,0.0,0.0,0.0,0.0,0.0,0.0,0.0,0.0,0.0,0.0,0.0,0.0,0.0,0.0,0.0,0.0,0.0,0.0,0.0,0.0,0.0,2.004,-0.0,0.0,0.0,0.0,0.0,0.0,4957.0,564145699160064.0,0.0,0.0,0.0,-107615280.0,2.718429300292151e+23,0.0,0.0,0.0,0.0,53,-0.0,-0.0,0.0,0.0,0.0,0.0,0.0,0.0,0.0,0,0,0,0.0,0.0,0.0,0.0,0.0,0.0,0.0,0.0,0.0,0.0,0.0,0.0,0.0,0.0,0.0,0.0,0,-107875648.0,53,0.0,106,-107614832.0,0.0,ERR,ERR,ERR,ERR,ERR,ERR,ERR,ERR,ERR,ERR,ERR,ERR,ERR,ERR,ERR,ERR,ERR,ERR,ERR,ERR,ERR,ERR,ERR,ERR,ERR,ERR,ERR,ERR,ERR,ERR,ERR,ERR,ERR,ERR,ERR,ERR,ERR,ERR,ERR,ERR,ERR,ERR,ERR,ERR,ERR,ERR,ERR,ERR,ERR,ERR,ERR,ERR,ERR,ERR,ERR,ERR,ERR,ERR,ERR,ERR,ERR,ERR,ERR,ERR,ERR,ERR,ERR,50.0,60.0,100,0.0,0.0,0.0,0.0,0.0,0.0,0.0,0.0,0.0,0.0,0.0,0.0,0.0,0.0,0.0,0.0,61.6,73,14,65513,50,65476,0,300,0,0,8,20529,65476,0,0,26214,60.0,0.0,0.0,0.0,0.0,0.0
2026-05-17T18:39:17,ERR,ERR,ERR,ERR,ERR,ERR,ERR,ERR,ERR,ERR,ERR,ERR,ERR,ERR,ERR,ERR,ERR,ERR,ERR,ERR,ERR,ERR,ERR,ERR,ERR,ERR,ERR,ERR,ERR,ERR,ERR,ERR,ERR,ERR,ERR,ERR,ERR,ERR,ERR,ERR,ERR,ERR,ERR,ERR,ERR,ERR,ERR,ERR,ERR,ERR,ERR,ERR,ERR,ERR,ERR,ERR,ERR,ERR,ERR,ERR,ERR,ERR,ERR,ERR,ERR,ERR,ERR,ERR,ERR,ERR,ERR,ERR,ERR,ERR,ERR,ERR,ERR,ERR,ERR,ERR,ERR,ERR,ERR,ERR,ERR,ERR,ERR,ERR,ERR,ERR,ERR,ERR,ERR,ERR,ERR,ERR,ERR,ERR,ERR,ERR,ERR,ERR,ERR,ERR,ERR,ERR,ERR,ERR,ERR,ERR,ERR,ERR,ERR,ERR,ERR,ERR,ERR,ERR,ERR,ERR,ERR,ERR,ERR,ERR,ERR,0.0,0.0,0.0,0.0,0.0,1.3936040501711995e+18,7.805,0.0,0,0,4,0,8422,0.0,45,0.0,0.0,0.0,0.0,0.0,0,0,0,0,0.0,0,0,0,0,0,0,0,0,0,0,0,0,0,0,0,0,0,0,0,0,0,0,0,0,0,0,0,0,0,0,0,0,0,38,14,7,45,65476,0,300,0,0,8,21553,0.0,-107605600.0,0.0,0.0,0.0,0.0,0.0,0.0,0.0,0.0,0.0,0.0,0.0,0.0,0.0,0.0,0.0,0.0,0.0,0.0,0.0,0.0,0.0,2.004,-0.0,0.0,0.0,0.0,0.0,0.0,4957.0,564145699160064.0,0.0,0.0,0.0,-107615280.0,2.718429300292151e+23,0.0,0.0,0.0,0.0,53,-0.0,-0.0,0.0,0.0,0.0,0.0,0.0,0.0,0.0,0,0,0,0.0,0.0,0.0,0.0,0.0,0.0,0.0,0.0,0.0,0.0,0.0,0.0,0.0,0.0,0.0,0.0,0,-107875648.0,53,0.0,106,-107614832.0,0.0,ERR,ERR,ERR,ERR,ERR,ERR,ERR,ERR,ERR,ERR,ERR,ERR,ERR,ERR,ERR,ERR,ERR,ERR,ERR,ERR,ERR,ERR,ERR,ERR,ERR,ERR,ERR,ERR,ERR,ERR,ERR,ERR,ERR,ERR,ERR,ERR,ERR,ERR,ERR,ERR,ERR,ERR,ERR,ERR,ERR,ERR,ERR,ERR,ERR,ERR,ERR,ERR,ERR,ERR,ERR,ERR,ERR,ERR,ERR,ERR,ERR,ERR,ERR,ERR,ERR,ERR,ERR,50.0,60.0,100,0.0,0.0,0.0,0.0,0.0,0.0,0.0,0.0,0.0,0.0,0.0,0.0,0.0,0.0,0.0,0.0,61.6,73,14,65513,50,65476,0,300,0,0,8,20529,65476,0,0,26214,60.0,0.0,0.0,0.0,0.0,0.0
2026-05-17T18:39:18,ERR,ERR,ERR,ERR,ERR,ERR,ERR,ERR,ERR,ERR,ERR,ERR,ERR,ERR,ERR,ERR,ERR,ERR,ERR,ERR,ERR,ERR,ERR,ERR,ERR,ERR,ERR,ERR,ERR,ERR,ERR,ERR,ERR,ERR,ERR,ERR,ERR,ERR,ERR,ERR,ERR,ERR,ERR,ERR,ERR,ERR,ERR,ERR,ERR,ERR,ERR,ERR,ERR,ERR,ERR,ERR,ERR,ERR,ERR,ERR,ERR,ERR,ERR,ERR,ERR,ERR,ERR,ERR,ERR,ERR,ERR,ERR,ERR,ERR,ERR,ERR,ERR,ERR,ERR,ERR,ERR,ERR,ERR,ERR,ERR,ERR,ERR,ERR,ERR,ERR,ERR,ERR,ERR,ERR,ERR,ERR,ERR,ERR,ERR,ERR,ERR,ERR,ERR,ERR,ERR,ERR,ERR,ERR,ERR,ERR,ERR,ERR,ERR,ERR,ERR,ERR,ERR,ERR,ERR,ERR,ERR,ERR,ERR,ERR,ERR,0.0,0.0,0.0,0.0,0.0,1.3936040501711995e+18,7.805,0.0,0,0,4,0,8422,0.0,45,0.0,0.0,0.0,0.0,0.0,0,0,0,0,0.0,0,0,0,0,0,0,0,0,0,0,0,0,0,0,0,0,0,0,0,0,0,0,0,0,0,0,0,0,0,0,0,0,0,38,14,7,45,65476,0,300,0,0,8,21553,0.0,-107605600.0,0.0,0.0,0.0,0.0,0.0,0.0,0.0,0.0,0.0,0.0,0.0,0.0,0.0,0.0,0.0,0.0,0.0,0.0,0.0,0.0,0.0,2.004,-0.0,0.0,0.0,0.0,0.0,0.0,4957.0,564145699160064.0,0.0,0.0,0.0,-107615280.0,2.718429300292151e+23,0.0,0.0,0.0,0.0,53,-0.0,-0.0,0.0,0.0,0.0,0.0,0.0,0.0,0.0,0,0,0,0.0,0.0,0.0,0.0,0.0,0.0,0.0,0.0,0.0,0.0,0.0,0.0,0.0,0.0,0.0,0.0,0,-107875648.0,53,0.0,106,-107614832.0,0.0,ERR,ERR,ERR,ERR,ERR,ERR,ERR,ERR,ERR,ERR,ERR,ERR,ERR,ERR,ERR,ERR,ERR,ERR,ERR,ERR,ERR,ERR,ERR,ERR,ERR,ERR,ERR,ERR,ERR,ERR,ERR,ERR,ERR,ERR,ERR,ERR,ERR,ERR,ERR,ERR,ERR,ERR,ERR,ERR,ERR,ERR,ERR,ERR,ERR,ERR,ERR,ERR,ERR,ERR,ERR,ERR,ERR,ERR,ERR,ERR,ERR,ERR,ERR,ERR,ERR,ERR,ERR,50.0,60.0,100,0.0,0.0,0.0,0.0,0.0,0.0,0.0,0.0,0.0,0.0,0.0,0.0,0.0,0.0,0.0,0.0,61.6,73,14,65513,50,65476,0,300,0,0,8,20529,65476,0,0,26214,60.0,0.0,0.0,0.0,0.0,0.0
2026-05-17T18:39:19,ERR,ERR,ERR,ERR,ERR,ERR,ERR,ERR,ERR,ERR,ERR,ERR,ERR,ERR,ERR,ERR,ERR,ERR,ERR,ERR,ERR,ERR,ERR,ERR,ERR,ERR,ERR,ERR,ERR,ERR,ERR,ERR,ERR,ERR,ERR,ERR,ERR,ERR,ERR,ERR,ERR,ERR,ERR,ERR,ERR,ERR,ERR,ERR,ERR,ERR,ERR,ERR,ERR,ERR,ERR,ERR,ERR,ERR,ERR,ERR,ERR,ERR,ERR,ERR,ERR,ERR,ERR,ERR,ERR,ERR,ERR,ERR,ERR,ERR,ERR,ERR,ERR,ERR,ERR,ERR,ERR,ERR,ERR,ERR,ERR,ERR,ERR,ERR,ERR,ERR,ERR,ERR,ERR,ERR,ERR,ERR,ERR,ERR,ERR,ERR,ERR,ERR,ERR,ERR,ERR,ERR,ERR,ERR,ERR,ERR,ERR,ERR,ERR,ERR,ERR,ERR,ERR,ERR,ERR,ERR,ERR,ERR,ERR,ERR,ERR,0.0,0.0,0.0,0.0,0.0,1.3936040501711995e+18,7.805,0.0,0,0,4,0,8422,0.0,45,0.0,0.0,0.0,0.0,0.0,0,0,0,0,0.0,0,0,0,0,0,0,0,0,0,0,0,0,0,0,0,0,0,0,0,0,0,0,0,0,0,0,0,0,0,0,0,0,0,38,14,7,45,65476,0,300,0,0,8,21553,0.0,-107605600.0,0.0,0.0,0.0,0.0,0.0,0.0,0.0,0.0,0.0,0.0,0.0,0.0,0.0,0.0,0.0,0.0,0.0,0.0,0.0,0.0,0.0,2.004,-0.0,0.0,0.0,0.0,0.0,0.0,4957.0,564145699160064.0,0.0,0.0,0.0,-107615280.0,2.718429300292151e+23,0.0,0.0,0.0,0.0,53,-0.0,-0.0,0.0,0.0,0.0,0.0,0.0,0.0,0.0,0,0,0,0.0,0.0,0.0,0.0,0.0,0.0,0.0,0.0,0.0,0.0,0.0,0.0,0.0,0.0,0.0,0.0,0,-107875648.0,53,0.0,106,-107614832.0,0.0,ERR,ERR,ERR,ERR,ERR,ERR,ERR,ERR,ERR,ERR,ERR,ERR,ERR,ERR,ERR,ERR,ERR,ERR,ERR,ERR,ERR,ERR,ERR,ERR,ERR,ERR,ERR,ERR,ERR,ERR,ERR,ERR,ERR,ERR,ERR,ERR,ERR,ERR,ERR,ERR,ERR,ERR,ERR,ERR,ERR,ERR,ERR,ERR,ERR,ERR,ERR,ERR,ERR,ERR,ERR,ERR,ERR,ERR,ERR,ERR,ERR,ERR,ERR,ERR,ERR,ERR,ERR,50.0,60.0,100,0.0,0.0,0.0,0.0,0.0,0.0,0.0,0.0,0.0,0.0,0.0,0.0,0.0,0.0,0.0,0.0,61.6,73,14,65513,50,65476,0,300,0,0,8,20529,65476,0,0,26214,60.0,0.0,0.0,0.0,0.0,0.0
2026-05-17T18:39:20,ERR,ERR,ERR,ERR,ERR,ERR,ERR,ERR,ERR,ERR,ERR,ERR,ERR,ERR,ERR,ERR,ERR,ERR,ERR,ERR,ERR,ERR,ERR,ERR,ERR,ERR,ERR,ERR,ERR,ERR,ERR,ERR,ERR,ERR,ERR,ERR,ERR,ERR,ERR,ERR,ERR,ERR,ERR,ERR,ERR,ERR,ERR,ERR,ERR,ERR,ERR,ERR,ERR,ERR,ERR,ERR,ERR,ERR,ERR,ERR,ERR,ERR,ERR,ERR,ERR,ERR,ERR,ERR,ERR,ERR,ERR,ERR,ERR,ERR,ERR,ERR,ERR,ERR,ERR,ERR,ERR,ERR,ERR,ERR,ERR,ERR,ERR,ERR,ERR,ERR,ERR,ERR,ERR,ERR,ERR,ERR,ERR,ERR,ERR,ERR,ERR,ERR,ERR,ERR,ERR,ERR,ERR,ERR,ERR,ERR,ERR,ERR,ERR,ERR,ERR,ERR,ERR,ERR,ERR,ERR,ERR,ERR,ERR,ERR,ERR,0.0,0.0,0.0,0.0,0.0,1.3936040501711995e+18,7.805,0.0,0,0,4,0,8422,0.0,45,0.0,0.0,0.0,0.0,0.0,0,0,0,0,0.0,0,0,0,0,0,0,0,0,0,0,0,0,0,0,0,0,0,0,0,0,0,0,0,0,0,0,0,0,0,0,0,0,0,38,14,7,45,65476,0,300,0,0,8,21553,0.0,-107605600.0,0.0,0.0,0.0,0.0,0.0,0.0,0.0,0.0,0.0,0.0,0.0,0.0,0.0,0.0,0.0,0.0,0.0,0.0,0.0,0.0,0.0,2.004,-0.0,0.0,0.0,0.0,0.0,0.0,4957.0,564145699160064.0,0.0,0.0,0.0,-107615280.0,2.718429300292151e+23,0.0,0.0,0.0,0.0,53,-0.0,-0.0,0.0,0.0,0.0,0.0,0.0,0.0,0.0,0,0,0,0.0,0.0,0.0,0.0,0.0,0.0,0.0,0.0,0.0,0.0,0.0,0.0,0.0,0.0,0.0,0.0,0,-107875648.0,53,0.0,106,-107614832.0,0.0,ERR,ERR,ERR,ERR,ERR,ERR,ERR,ERR,ERR,ERR,ERR,ERR,ERR,ERR,ERR,ERR,ERR,ERR,ERR,ERR,ERR,ERR,ERR,ERR,ERR,ERR,ERR,ERR,ERR,ERR,ERR,ERR,ERR,ERR,ERR,ERR,ERR,ERR,ERR,ERR,ERR,ERR,ERR,ERR,ERR,ERR,ERR,ERR,ERR,ERR,ERR,ERR,ERR,ERR,ERR,ERR,ERR,ERR,ERR,ERR,ERR,ERR,ERR,ERR,ERR,ERR,ERR,50.0,60.0,100,0.0,0.0,0.0,0.0,0.0,0.0,0.0,0.0,0.0,0.0,0.0,0.0,0.0,0.0,0.0,0.0,61.6,73,14,65513,50,65476,0,300,0,0,8,20529,65476,0,0,26214,60.0,0.0,0.0,0.0,0.0,0.0
2026-05-17T18:39:21,ERR,ERR,ERR,ERR,ERR,ERR,ERR,ERR,ERR,ERR,ERR,ERR,ERR,ERR,ERR,ERR,ERR,ERR,ERR,ERR,ERR,ERR,ERR,ERR,ERR,ERR,ERR,ERR,ERR,ERR,ERR,ERR,ERR,ERR,ERR,ERR,ERR,ERR,ERR,ERR,ERR,ERR,ERR,ERR,ERR,ERR,ERR,ERR,ERR,ERR,ERR,ERR,ERR,ERR,ERR,ERR,ERR,ERR,ERR,ERR,ERR,ERR,ERR,ERR,ERR,ERR,ERR,ERR,ERR,ERR,ERR,ERR,ERR,ERR,ERR,ERR,ERR,ERR,ERR,ERR,ERR,ERR,ERR,ERR,ERR,ERR,ERR,ERR,ERR,ERR,ERR,ERR,ERR,ERR,ERR,ERR,ERR,ERR,ERR,ERR,ERR,ERR,ERR,ERR,ERR,ERR,ERR,ERR,ERR,ERR,ERR,ERR,ERR,ERR,ERR,ERR,ERR,ERR,ERR,ERR,ERR,ERR,ERR,ERR,ERR,0.0,0.0,0.0,0.0,0.0,1.3936040501711995e+18,7.805,0.0,0,0,4,0,8422,0.0,45,0.0,0.0,0.0,0.0,0.0,0,0,0,0,0.0,0,0,0,0,0,0,0,0,0,0,0,0,0,0,0,0,0,0,0,0,0,0,0,0,0,0,0,0,0,0,0,0,0,38,14,7,45,65476,0,300,0,0,8,21553,0.0,-107605600.0,0.0,0.0,0.0,0.0,0.0,0.0,0.0,0.0,0.0,0.0,0.0,0.0,0.0,0.0,0.0,0.0,0.0,0.0,0.0,0.0,0.0,2.004,-0.0,0.0,0.0,0.0,0.0,0.0,4957.0,564145699160064.0,0.0,0.0,0.0,-107615280.0,2.718429300292151e+23,0.0,0.0,0.0,0.0,53,-0.0,-0.0,0.0,0.0,0.0,0.0,0.0,0.0,0.0,0,0,0,0.0,0.0,0.0,0.0,0.0,0.0,0.0,0.0,0.0,0.0,0.0,0.0,0.0,0.0,0.0,0.0,0,-107875648.0,53,0.0,106,-107614832.0,0.0,ERR,ERR,ERR,ERR,ERR,ERR,ERR,ERR,ERR,ERR,ERR,ERR,ERR,ERR,ERR,ERR,ERR,ERR,ERR,ERR,ERR,ERR,ERR,ERR,ERR,ERR,ERR,ERR,ERR,ERR,ERR,ERR,ERR,ERR,ERR,ERR,ERR,ERR,ERR,ERR,ERR,ERR,ERR,ERR,ERR,ERR,ERR,ERR,ERR,ERR,ERR,ERR,ERR,ERR,ERR,ERR,ERR,ERR,ERR,ERR,ERR,ERR,ERR,ERR,ERR,ERR,ERR,50.0,60.0,100,0.0,0.0,0.0,0.0,0.0,0.0,0.0,0.0,0.0,0.0,0.0,0.0,0.0,0.0,0.0,0.0,61.6,73,14,65513,50,65476,0,300,0,0,8,20529,65476,0,0,26214,60.0,0.0,0.0,0.0,0.0,0.0
2026-05-17T18:39:22,ERR,ERR,ERR,ERR,ERR,ERR,ERR,ERR,ERR,ERR,ERR,ERR,ERR,ERR,ERR,ERR,ERR,ERR,ERR,ERR,ERR,ERR,ERR,ERR,ERR,ERR,ERR,ERR,ERR,ERR,ERR,ERR,ERR,ERR,ERR,ERR,ERR,ERR,ERR,ERR,ERR,ERR,ERR,ERR,ERR,ERR,ERR,ERR,ERR,ERR,ERR,ERR,ERR,ERR,ERR,ERR,ERR,ERR,ERR,ERR,ERR,ERR,ERR,ERR,ERR,ERR,ERR,ERR,ERR,ERR,ERR,ERR,ERR,ERR,ERR,ERR,ERR,ERR,ERR,ERR,ERR,ERR,ERR,ERR,ERR,ERR,ERR,ERR,ERR,ERR,ERR,ERR,ERR,ERR,ERR,ERR,ERR,ERR,ERR,ERR,ERR,ERR,ERR,ERR,ERR,ERR,ERR,ERR,ERR,ERR,ERR,ERR,ERR,ERR,ERR,ERR,ERR,ERR,ERR,ERR,ERR,ERR,ERR,ERR,ERR,0.0,0.0,0.0,0.0,0.0,1.3936040501711995e+18,7.805,0.0,0,0,4,0,8422,0.0,45,0.0,0.0,0.0,0.0,0.0,0,0,0,0,0.0,0,0,0,0,0,0,0,0,0,0,0,0,0,0,0,0,0,0,0,0,0,0,0,0,0,0,0,0,0,0,0,0,0,38,14,7,45,65476,0,300,0,0,8,21553,0.0,-107605600.0,0.0,0.0,0.0,0.0,0.0,0.0,0.0,0.0,0.0,0.0,0.0,0.0,0.0,0.0,0.0,0.0,0.0,0.0,0.0,0.0,0.0,2.004,-0.0,0.0,0.0,0.0,0.0,0.0,4954.0,0.0,0.0,0.0,0.0,-107615280.0,2.718429300292151e+23,0.0,0.0,0.0,0.0,53,-0.0,0.0,0.0,0.0,0.0,0.0,0.0,0.0,0.0,0,0,0,0.0,0.0,0.0,0.0,0.0,0.0,0.0,0.0,0.0,0.0,0.0,0.0,0.0,0.0,0.0,0.0,0,-107875648.0,53,0.0,106,-107614832.0,0.0,ERR,ERR,ERR,ERR,ERR,ERR,ERR,ERR,ERR,ERR,ERR,ERR,ERR,ERR,ERR,ERR,ERR,ERR,ERR,ERR,ERR,ERR,ERR,ERR,ERR,ERR,ERR,ERR,ERR,ERR,ERR,ERR,ERR,ERR,ERR,ERR,ERR,ERR,ERR,ERR,ERR,ERR,ERR,ERR,ERR,ERR,ERR,ERR,ERR,ERR,ERR,ERR,ERR,ERR,ERR,ERR,ERR,ERR,ERR,ERR,ERR,ERR,ERR,ERR,ERR,ERR,ERR,50.0,60.0,100,0.0,0.0,0.0,0.0,0.0,0.0,0.0,0.0,0.0,0.0,0.0,0.0,0.0,0.0,0.0,0.0,61.6,73,14,65513,50,65476,0,300,0,0,8,20529,65476,0,0,26214,60.0,0.0,0.0,0.0,0.0,0.0
2026-05-17T18:39:23,ERR,ERR,ERR,ERR,ERR,ERR,ERR,ERR,ERR,ERR,ERR,ERR,ERR,ERR,ERR,ERR,ERR,ERR,ERR,ERR,ERR,ERR,ERR,ERR,ERR,ERR,ERR,ERR,ERR,ERR,ERR,ERR,ERR,ERR,ERR,ERR,ERR,ERR,ERR,ERR,ERR,ERR,ERR,ERR,ERR,ERR,ERR,ERR,ERR,ERR,ERR,ERR,ERR,ERR,ERR,ERR,ERR,ERR,ERR,ERR,ERR,ERR,ERR,ERR,ERR,ERR,ERR,ERR,ERR,ERR,ERR,ERR,ERR,ERR,ERR,ERR,ERR,ERR,ERR,ERR,ERR,ERR,ERR,ERR,ERR,ERR,ERR,ERR,ERR,ERR,ERR,ERR,ERR,ERR,ERR,ERR,ERR,ERR,ERR,ERR,ERR,ERR,ERR,ERR,ERR,ERR,ERR,ERR,ERR,ERR,ERR,ERR,ERR,ERR,ERR,ERR,ERR,ERR,ERR,ERR,ERR,ERR,ERR,ERR,ERR,0.0,0.0,0.0,0.0,0.0,1.3936040501711995e+18,7.805,0.0,0,0,4,0,8422,0.0,45,0.0,0.0,0.0,0.0,0.0,0,0,0,0,0.0,0,0,0,0,0,0,0,0,0,0,0,0,0,0,0,0,0,0,0,0,0,0,0,0,0,0,0,0,0,0,0,0,0,38,14,7,45,65476,0,300,0,0,8,21553,0.0,-107605600.0,0.0,0.0,0.0,0.0,0.0,0.0,0.0,0.0,0.0,0.0,0.0,0.0,0.0,0.0,0.0,0.0,0.0,0.0,0.0,0.0,0.0,2.004,-0.0,0.0,0.0,0.0,0.0,0.0,4954.0,0.0,0.0,0.0,0.0,-107615280.0,2.718429300292151e+23,0.0,0.0,0.0,0.0,53,-0.0,0.0,0.0,0.0,0.0,0.0,0.0,0.0,0.0,0,0,0,0.0,0.0,0.0,0.0,0.0,0.0,0.0,0.0,0.0,0.0,0.0,0.0,0.0,0.0,0.0,0.0,0,-107875648.0,53,0.0,106,-107614832.0,0.0,ERR,ERR,ERR,ERR,ERR,ERR,ERR,ERR,ERR,ERR,ERR,ERR,ERR,ERR,ERR,ERR,ERR,ERR,ERR,ERR,ERR,ERR,ERR,ERR,ERR,ERR,ERR,ERR,ERR,ERR,ERR,ERR,ERR,ERR,ERR,ERR,ERR,ERR,ERR,ERR,ERR,ERR,ERR,ERR,ERR,ERR,ERR,ERR,ERR,ERR,ERR,ERR,ERR,ERR,ERR,ERR,ERR,ERR,ERR,ERR,ERR,ERR,ERR,ERR,ERR,ERR,ERR,50.0,60.0,100,0.0,0.0,0.0,0.0,0.0,0.0,0.0,0.0,0.0,0.0,0.0,0.0,0.0,0.0,0.0,0.0,61.6,73,14,65513,50,65476,0,300,0,0,8,20529,65476,0,0,26214,60.0,0.0,0.0,0.0,0.0,0.0
2026-05-17T18:39:24,ERR,ERR,ERR,ERR,ERR,ERR,ERR,ERR,ERR,ERR,ERR,ERR,ERR,ERR,ERR,ERR,ERR,ERR,ERR,ERR,ERR,ERR,ERR,ERR,ERR,ERR,ERR,ERR,ERR,ERR,ERR,ERR,ERR,ERR,ERR,ERR,ERR,ERR,ERR,ERR,ERR,ERR,ERR,ERR,ERR,ERR,ERR,ERR,ERR,ERR,ERR,ERR,ERR,ERR,ERR,ERR,ERR,ERR,ERR,ERR,ERR,ERR,ERR,ERR,ERR,ERR,ERR,ERR,ERR,ERR,ERR,ERR,ERR,ERR,ERR,ERR,ERR,ERR,ERR,ERR,ERR,ERR,ERR,ERR,ERR,ERR,ERR,ERR,ERR,ERR,ERR,ERR,ERR,ERR,ERR,ERR,ERR,ERR,ERR,ERR,ERR,ERR,ERR,ERR,ERR,ERR,ERR,ERR,ERR,ERR,ERR,ERR,ERR,ERR,ERR,ERR,ERR,ERR,ERR,ERR,ERR,ERR,ERR,ERR,ERR,0.0,0.0,0.0,0.0,0.0,1.3936040501711995e+18,7.805,0.0,0,0,4,0,8422,0.0,45,0.0,0.0,0.0,0.0,0.0,0,0,0,0,0.0,0,0,0,0,0,0,0,0,0,0,0,0,0,0,0,0,0,0,0,0,0,0,0,0,0,0,0,0,0,0,0,0,0,38,14,7,45,65476,0,300,0,0,8,21553,0.0,-107605600.0,0.0,0.0,0.0,0.0,0.0,0.0,0.0,0.0,0.0,0.0,0.0,0.0,0.0,0.0,0.0,0.0,0.0,0.0,0.0,0.0,0.0,2.004,-0.0,0.0,0.0,0.0,0.0,0.0,4954.0,0.0,0.0,0.0,0.0,-107615280.0,2.718429300292151e+23,0.0,0.0,0.0,0.0,53,-0.0,0.0,0.0,0.0,0.0,0.0,0.0,0.0,0.0,0,0,0,0.0,0.0,0.0,0.0,0.0,0.0,0.0,0.0,0.0,0.0,0.0,0.0,0.0,0.0,0.0,0.0,0,-107875648.0,53,0.0,106,-107614832.0,0.0,ERR,ERR,ERR,ERR,ERR,ERR,ERR,ERR,ERR,ERR,ERR,ERR,ERR,ERR,ERR,ERR,ERR,ERR,ERR,ERR,ERR,ERR,ERR,ERR,ERR,ERR,ERR,ERR,ERR,ERR,ERR,ERR,ERR,ERR,ERR,ERR,ERR,ERR,ERR,ERR,ERR,ERR,ERR,ERR,ERR,ERR,ERR,ERR,ERR,ERR,ERR,ERR,ERR,ERR,ERR,ERR,ERR,ERR,ERR,ERR,ERR,ERR,ERR,ERR,ERR,ERR,ERR,50.0,60.0,100,0.0,0.0,0.0,0.0,0.0,0.0,0.0,0.0,0.0,0.0,0.0,0.0,0.0,0.0,0.0,0.0,61.6,73,14,65513,50,65476,0,300,0,0,8,20529,65476,0,0,26214,60.0,0.0,0.0,0.0,0.0,0.0
2026-05-17T18:39:25,ERR,ERR,ERR,ERR,ERR,ERR,ERR,ERR,ERR,ERR,ERR,ERR,ERR,ERR,ERR,ERR,ERR,ERR,ERR,ERR,ERR,ERR,ERR,ERR,ERR,ERR,ERR,ERR,ERR,ERR,ERR,ERR,ERR,ERR,ERR,ERR,ERR,ERR,ERR,ERR,ERR,ERR,ERR,ERR,ERR,ERR,ERR,ERR,ERR,ERR,ERR,ERR,ERR,ERR,ERR,ERR,ERR,ERR,ERR,ERR,ERR,ERR,ERR,ERR,ERR,ERR,ERR,ERR,ERR,ERR,ERR,ERR,ERR,ERR,ERR,ERR,ERR,ERR,ERR,ERR,ERR,ERR,ERR,ERR,ERR,ERR,ERR,ERR,ERR,ERR,ERR,ERR,ERR,ERR,ERR,ERR,ERR,ERR,ERR,ERR,ERR,ERR,ERR,ERR,ERR,ERR,ERR,ERR,ERR,ERR,ERR,ERR,ERR,ERR,ERR,ERR,ERR,ERR,ERR,ERR,ERR,ERR,ERR,ERR,ERR,0.0,0.0,0.0,0.0,0.0,1.3936040501711995e+18,7.805,0.0,0,0,4,0,8422,0.0,45,0.0,0.0,0.0,0.0,0.0,0,0,0,0,0.0,0,0,0,0,0,0,0,0,0,0,0,0,0,0,0,0,0,0,0,0,0,0,0,0,0,0,0,0,0,0,0,0,0,38,14,7,45,65476,0,300,0,0,8,21553,0.0,-107605600.0,0.0,0.0,0.0,0.0,0.0,0.0,0.0,0.0,0.0,0.0,0.0,0.0,0.0,0.0,0.0,0.0,0.0,0.0,0.0,0.0,0.0,2.004,-0.0,0.0,0.0,0.0,0.0,0.0,4954.0,0.0,0.0,0.0,0.0,-107615280.0,2.718429300292151e+23,0.0,0.0,0.0,0.0,53,-0.0,0.0,0.0,0.0,0.0,0.0,0.0,0.0,0.0,0,0,0,0.0,0.0,0.0,0.0,0.0,0.0,0.0,0.0,0.0,0.0,0.0,0.0,0.0,0.0,0.0,0.0,0,-107875648.0,53,0.0,106,-107614832.0,0.0,ERR,ERR,ERR,ERR,ERR,ERR,ERR,ERR,ERR,ERR,ERR,ERR,ERR,ERR,ERR,ERR,ERR,ERR,ERR,ERR,ERR,ERR,ERR,ERR,ERR,ERR,ERR,ERR,ERR,ERR,ERR,ERR,ERR,ERR,ERR,ERR,ERR,ERR,ERR,ERR,ERR,ERR,ERR,ERR,ERR,ERR,ERR,ERR,ERR,ERR,ERR,ERR,ERR,ERR,ERR,ERR,ERR,ERR,ERR,ERR,ERR,ERR,ERR,ERR,ERR,ERR,ERR,50.0,60.0,100,0.0,0.0,0.0,0.0,0.0,0.0,0.0,0.0,0.0,0.0,0.0,0.0,0.0,0.0,0.0,0.0,61.6,73,14,65513,50,65476,0,300,0,0,8,20529,65476,0,0,26214,60.0,0.0,0.0,0.0,0.0,0.0
2026-05-17T18:39:26,ERR,ERR,ERR,ERR,ERR,ERR,ERR,ERR,ERR,ERR,ERR,ERR,ERR,ERR,ERR,ERR,ERR,ERR,ERR,ERR,ERR,ERR,ERR,ERR,ERR,ERR,ERR,ERR,ERR,ERR,ERR,ERR,ERR,ERR,ERR,ERR,ERR,ERR,ERR,ERR,ERR,ERR,ERR,ERR,ERR,ERR,ERR,ERR,ERR,ERR,ERR,ERR,ERR,ERR,ERR,ERR,ERR,ERR,ERR,ERR,ERR,ERR,ERR,ERR,ERR,ERR,ERR,ERR,ERR,ERR,ERR,ERR,ERR,ERR,ERR,ERR,ERR,ERR,ERR,ERR,ERR,ERR,ERR,ERR,ERR,ERR,ERR,ERR,ERR,ERR,ERR,ERR,ERR,ERR,ERR,ERR,ERR,ERR,ERR,ERR,ERR,ERR,ERR,ERR,ERR,ERR,ERR,ERR,ERR,ERR,ERR,ERR,ERR,ERR,ERR,ERR,ERR,ERR,ERR,ERR,ERR,ERR,ERR,ERR,ERR,0.0,0.0,0.0,0.0,0.0,1.3936040501711995e+18,7.805,0.0,0,0,4,0,8422,0.0,45,0.0,0.0,0.0,0.0,0.0,0,0,0,0,0.0,0,0,0,0,0,0,0,0,0,0,0,0,0,0,0,0,0,0,0,0,0,0,0,0,0,0,0,0,0,0,0,0,0,38,14,7,45,65476,0,300,0,0,8,21553,0.0,-107605600.0,0.0,0.0,0.0,0.0,0.0,0.0,0.0,0.0,0.0,0.0,0.0,0.0,0.0,0.0,0.0,0.0,0.0,0.0,0.0,0.0,0.0,2.004,-0.0,0.0,0.0,0.0,0.0,0.0,4954.0,0.0,0.0,0.0,0.0,-107615280.0,2.718429300292151e+23,0.0,0.0,0.0,0.0,53,-0.0,0.0,0.0,0.0,0.0,0.0,0.0,0.0,0.0,0,0,0,0.0,0.0,0.0,0.0,0.0,0.0,0.0,0.0,0.0,0.0,0.0,0.0,0.0,0.0,0.0,0.0,0,-107875648.0,53,0.0,106,-107614832.0,0.0,ERR,ERR,ERR,ERR,ERR,ERR,ERR,ERR,ERR,ERR,ERR,ERR,ERR,ERR,ERR,ERR,ERR,ERR,ERR,ERR,ERR,ERR,ERR,ERR,ERR,ERR,ERR,ERR,ERR,ERR,ERR,ERR,ERR,ERR,ERR,ERR,ERR,ERR,ERR,ERR,ERR,ERR,ERR,ERR,ERR,ERR,ERR,ERR,ERR,ERR,ERR,ERR,ERR,ERR,ERR,ERR,ERR,ERR,ERR,ERR,ERR,ERR,ERR,ERR,ERR,ERR,ERR,50.0,60.0,100,0.0,0.0,0.0,0.0,0.0,0.0,0.0,0.0,0.0,0.0,0.0,0.0,0.0,0.0,0.0,0.0,61.6,73,14,65513,50,65476,0,300,0,0,8,20529,65476,0,0,26214,60.0,0.0,0.0,0.0,0.0,0.0
2026-05-17T18:39:27,ERR,ERR,ERR,ERR,ERR,ERR,ERR,ERR,ERR,ERR,ERR,ERR,ERR,ERR,ERR,ERR,ERR,ERR,ERR,ERR,ERR,ERR,ERR,ERR,ERR,ERR,ERR,ERR,ERR,ERR,ERR,ERR,ERR,ERR,ERR,ERR,ERR,ERR,ERR,ERR,ERR,ERR,ERR,ERR,ERR,ERR,ERR,ERR,ERR,ERR,ERR,ERR,ERR,ERR,ERR,ERR,ERR,ERR,ERR,ERR,ERR,ERR,ERR,ERR,ERR,ERR,ERR,ERR,ERR,ERR,ERR,ERR,ERR,ERR,ERR,ERR,ERR,ERR,ERR,ERR,ERR,ERR,ERR,ERR,ERR,ERR,ERR,ERR,ERR,ERR,ERR,ERR,ERR,ERR,ERR,ERR,ERR,ERR,ERR,ERR,ERR,ERR,ERR,ERR,ERR,ERR,ERR,ERR,ERR,ERR,ERR,ERR,ERR,ERR,ERR,ERR,ERR,ERR,ERR,ERR,ERR,ERR,ERR,ERR,ERR,0.0,0.0,0.0,0.0,0.0,1.3936040501711995e+18,7.805,0.0,0,0,4,0,8422,0.0,45,0.0,0.0,0.0,0.0,0.0,0,0,0,0,0.0,0,0,0,0,0,0,0,0,0,0,0,0,0,0,0,0,0,0,0,0,0,0,0,0,0,0,0,0,0,0,0,0,0,38,14,7,45,65476,0,300,0,0,8,21553,0.0,-107605600.0,0.0,0.0,0.0,0.0,0.0,0.0,0.0,0.0,0.0,0.0,0.0,0.0,0.0,0.0,0.0,0.0,0.0,0.0,0.0,0.0,0.0,2.004,-0.0,0.0,0.0,0.0,0.0,0.0,4920.0,-1.0406650094749603e+34,0.0,0.0,0.0,-107615280.0,2.718429300292151e+23,0.0,0.0,0.0,0.0,53,-0.0,0.0,0.0,0.0,0.0,0.0,0.0,0.0,0.0,0,0,0,0.0,0.0,0.0,0.0,0.0,0.0,0.0,0.0,0.0,0.0,0.0,0.0,0.0,0.0,0.0,0.0,0,-107875648.0,53,0.0,106,-107614832.0,0.0,ERR,ERR,ERR,ERR,ERR,ERR,ERR,ERR,ERR,ERR,ERR,ERR,ERR,ERR,ERR,ERR,ERR,ERR,ERR,ERR,ERR,ERR,ERR,ERR,ERR,ERR,ERR,ERR,ERR,ERR,ERR,ERR,ERR,ERR,ERR,ERR,ERR,ERR,ERR,ERR,ERR,ERR,ERR,ERR,ERR,ERR,ERR,ERR,ERR,ERR,ERR,ERR,ERR,ERR,ERR,ERR,ERR,ERR,ERR,ERR,ERR,ERR,ERR,ERR,ERR,ERR,ERR,50.0,60.0,100,0.0,0.0,0.0,0.0,0.0,0.0,0.0,0.0,0.0,0.0,0.0,0.0,0.0,0.0,0.0,0.0,62.0,73,14,65513,50,65476,0,300,0,0,8,20529,65476,0,0,26214,60.0,0.0,0.0,0.0,0.0,0.0
2026-05-17T18:39:28,ERR,ERR,ERR,ERR,ERR,ERR,ERR,ERR,ERR,ERR,ERR,ERR,ERR,ERR,ERR,ERR,ERR,ERR,ERR,ERR,ERR,ERR,ERR,ERR,ERR,ERR,ERR,ERR,ERR,ERR,ERR,ERR,ERR,ERR,ERR,ERR,ERR,ERR,ERR,ERR,ERR,ERR,ERR,ERR,ERR,ERR,ERR,ERR,ERR,ERR,ERR,ERR,ERR,ERR,ERR,ERR,ERR,ERR,ERR,ERR,ERR,ERR,ERR,ERR,ERR,ERR,ERR,ERR,ERR,ERR,ERR,ERR,ERR,ERR,ERR,ERR,ERR,ERR,ERR,ERR,ERR,ERR,ERR,ERR,ERR,ERR,ERR,ERR,ERR,ERR,ERR,ERR,ERR,ERR,ERR,ERR,ERR,ERR,ERR,ERR,ERR,ERR,ERR,ERR,ERR,ERR,ERR,ERR,ERR,ERR,ERR,ERR,ERR,ERR,ERR,ERR,ERR,ERR,ERR,ERR,ERR,ERR,ERR,ERR,ERR,0.0,0.0,0.0,0.0,0.0,1.3936040501711995e+18,7.805,0.0,0,0,4,0,8422,0.0,45,0.0,0.0,0.0,0.0,0.0,0,0,0,0,0.0,0,0,0,0,0,0,0,0,0,0,0,0,0,0,0,0,0,0,0,0,0,0,0,0,0,0,0,0,0,0,0,0,0,38,14,7,45,65476,0,300,0,0,8,21553,0.0,-107605600.0,0.0,0.0,0.0,0.0,0.0,0.0,0.0,0.0,0.0,0.0,0.0,0.0,0.0,0.0,0.0,0.0,0.0,0.0,0.0,0.0,0.0,2.004,-0.0,0.0,0.0,0.0,0.0,0.0,4920.0,-1.0406650094749603e+34,0.0,0.0,0.0,-107615280.0,2.718429300292151e+23,0.0,0.0,0.0,0.0,53,-0.0,0.0,0.0,0.0,0.0,0.0,0.0,0.0,0.0,0,0,0,0.0,0.0,0.0,0.0,0.0,0.0,0.0,0.0,0.0,0.0,0.0,0.0,0.0,0.0,0.0,0.0,0,-107875648.0,53,0.0,106,-107614832.0,0.0,ERR,ERR,ERR,ERR,ERR,ERR,ERR,ERR,ERR,ERR,ERR,ERR,ERR,ERR,ERR,ERR,ERR,ERR,ERR,ERR,ERR,ERR,ERR,ERR,ERR,ERR,ERR,ERR,ERR,ERR,ERR,ERR,ERR,ERR,ERR,ERR,ERR,ERR,ERR,ERR,ERR,ERR,ERR,ERR,ERR,ERR,ERR,ERR,ERR,ERR,ERR,ERR,ERR,ERR,ERR,ERR,ERR,ERR,ERR,ERR,ERR,ERR,ERR,ERR,ERR,ERR,ERR,50.0,60.0,100,0.0,0.0,0.0,0.0,0.0,0.0,0.0,0.0,0.0,0.0,0.0,0.0,0.0,0.0,0.0,0.0,62.0,73,14,65513,50,65476,0,300,0,0,8,20529,65476,0,0,26214,60.0,0.0,0.0,0.0,0.0,0.0
2026-05-17T18:39:29,ERR,ERR,ERR,ERR,ERR,ERR,ERR,ERR,ERR,ERR,ERR,ERR,ERR,ERR,ERR,ERR,ERR,ERR,ERR,ERR,ERR,ERR,ERR,ERR,ERR,ERR,ERR,ERR,ERR,ERR,ERR,ERR,ERR,ERR,ERR,ERR,ERR,ERR,ERR,ERR,ERR,ERR,ERR,ERR,ERR,ERR,ERR,ERR,ERR,ERR,ERR,ERR,ERR,ERR,ERR,ERR,ERR,ERR,ERR,ERR,ERR,ERR,ERR,ERR,ERR,ERR,ERR,ERR,ERR,ERR,ERR,ERR,ERR,ERR,ERR,ERR,ERR,ERR,ERR,ERR,ERR,ERR,ERR,ERR,ERR,ERR,ERR,ERR,ERR,ERR,ERR,ERR,ERR,ERR,ERR,ERR,ERR,ERR,ERR,ERR,ERR,ERR,ERR,ERR,ERR,ERR,ERR,ERR,ERR,ERR,ERR,ERR,ERR,ERR,ERR,ERR,ERR,ERR,ERR,ERR,ERR,ERR,ERR,ERR,ERR,0.0,0.0,0.0,0.0,0.0,1.3936040501711995e+18,7.805,0.0,0,0,4,0,8422,0.0,45,0.0,0.0,0.0,0.0,0.0,0,0,0,0,0.0,0,0,0,0,0,0,0,0,0,0,0,0,0,0,0,0,0,0,0,0,0,0,0,0,0,0,0,0,0,0,0,0,0,38,14,7,45,65476,0,300,0,0,8,21553,0.0,-107605600.0,0.0,0.0,0.0,0.0,0.0,0.0,0.0,0.0,0.0,0.0,0.0,0.0,0.0,0.0,0.0,0.0,0.0,0.0,0.0,0.0,0.0,2.004,-0.0,0.0,0.0,0.0,0.0,0.0,4920.0,-1.0406650094749603e+34,0.0,0.0,0.0,-107615280.0,2.718429300292151e+23,0.0,0.0,0.0,0.0,53,-0.0,0.0,0.0,0.0,0.0,0.0,0.0,0.0,0.0,0,0,0,0.0,0.0,0.0,0.0,0.0,0.0,0.0,0.0,0.0,0.0,0.0,0.0,0.0,0.0,0.0,0.0,0,-107875648.0,53,0.0,106,-107614832.0,0.0,ERR,ERR,ERR,ERR,ERR,ERR,ERR,ERR,ERR,ERR,ERR,ERR,ERR,ERR,ERR,ERR,ERR,ERR,ERR,ERR,ERR,ERR,ERR,ERR,ERR,ERR,ERR,ERR,ERR,ERR,ERR,ERR,ERR,ERR,ERR,ERR,ERR,ERR,ERR,ERR,ERR,ERR,ERR,ERR,ERR,ERR,ERR,ERR,ERR,ERR,ERR,ERR,ERR,ERR,ERR,ERR,ERR,ERR,ERR,ERR,ERR,ERR,ERR,ERR,ERR,ERR,ERR,50.0,60.0,100,0.0,0.0,0.0,0.0,0.0,0.0,0.0,0.0,0.0,0.0,0.0,0.0,0.0,0.0,0.0,0.0,61.6,73,14,65513,50,65476,0,300,0,0,8,20529,65476,0,0,26214,60.0,0.0,0.0,0.0,0.0,0.0
2026-05-17T18:39:30,ERR,ERR,ERR,ERR,ERR,ERR,ERR,ERR,ERR,ERR,ERR,ERR,ERR,ERR,ERR,ERR,ERR,ERR,ERR,ERR,ERR,ERR,ERR,ERR,ERR,ERR,ERR,ERR,ERR,ERR,ERR,ERR,ERR,ERR,ERR,ERR,ERR,ERR,ERR,ERR,ERR,ERR,ERR,ERR,ERR,ERR,ERR,ERR,ERR,ERR,ERR,ERR,ERR,ERR,ERR,ERR,ERR,ERR,ERR,ERR,ERR,ERR,ERR,ERR,ERR,ERR,ERR,ERR,ERR,ERR,ERR,ERR,ERR,ERR,ERR,ERR,ERR,ERR,ERR,ERR,ERR,ERR,ERR,ERR,ERR,ERR,ERR,ERR,ERR,ERR,ERR,ERR,ERR,ERR,ERR,ERR,ERR,ERR,ERR,ERR,ERR,ERR,ERR,ERR,ERR,ERR,ERR,ERR,ERR,ERR,ERR,ERR,ERR,ERR,ERR,ERR,ERR,ERR,ERR,ERR,ERR,ERR,ERR,ERR,ERR,0.0,0.0,0.0,0.0,0.0,1.3936040501711995e+18,7.805,0.0,0,0,4,0,8422,0.0,45,0.0,0.0,0.0,0.0,0.0,0,0,0,0,0.0,0,0,0,0,0,0,0,0,0,0,0,0,0,0,0,0,0,0,0,0,0,0,0,0,0,0,0,0,0,0,0,0,0,38,14,7,45,65476,0,300,0,0,8,21553,0.0,-107605600.0,0.0,0.0,0.0,0.0,0.0,0.0,0.0,0.0,0.0,0.0,0.0,0.0,0.0,0.0,0.0,0.0,0.0,0.0,0.0,0.0,0.0,2.004,-0.0,0.0,0.0,0.0,0.0,0.0,4920.0,-1.0406650094749603e+34,0.0,0.0,0.0,-107615280.0,2.718429300292151e+23,0.0,0.0,0.0,0.0,53,-0.0,0.0,0.0,0.0,0.0,0.0,0.0,0.0,0.0,0,0,0,0.0,0.0,0.0,0.0,0.0,0.0,0.0,0.0,0.0,0.0,0.0,0.0,0.0,0.0,0.0,0.0,0,-107875648.0,53,0.0,106,-107614832.0,0.0,ERR,ERR,ERR,ERR,ERR,ERR,ERR,ERR,ERR,ERR,ERR,ERR,ERR,ERR,ERR,ERR,ERR,ERR,ERR,ERR,ERR,ERR,ERR,ERR,ERR,ERR,ERR,ERR,ERR,ERR,ERR,ERR,ERR,ERR,ERR,ERR,ERR,ERR,ERR,ERR,ERR,ERR,ERR,ERR,ERR,ERR,ERR,ERR,ERR,ERR,ERR,ERR,ERR,ERR,ERR,ERR,ERR,ERR,ERR,ERR,ERR,ERR,ERR,ERR,ERR,ERR,ERR,50.0,60.0,100,0.0,0.0,0.0,0.0,0.0,0.0,0.0,0.0,0.0,0.0,0.0,0.0,0.0,0.0,0.0,0.0,61.6,73,14,65513,50,65476,0,300,0,0,8,20529,65476,0,0,26214,60.0,0.0,0.0,0.0,0.0,0.0
2026-05-17T18:39:31,ERR,ERR,ERR,ERR,ERR,ERR,ERR,ERR,ERR,ERR,ERR,ERR,ERR,ERR,ERR,ERR,ERR,ERR,ERR,ERR,ERR,ERR,ERR,ERR,ERR,ERR,ERR,ERR,ERR,ERR,ERR,ERR,ERR,ERR,ERR,ERR,ERR,ERR,ERR,ERR,ERR,ERR,ERR,ERR,ERR,ERR,ERR,ERR,ERR,ERR,ERR,ERR,ERR,ERR,ERR,ERR,ERR,ERR,ERR,ERR,ERR,ERR,ERR,ERR,ERR,ERR,ERR,ERR,ERR,ERR,ERR,ERR,ERR,ERR,ERR,ERR,ERR,ERR,ERR,ERR,ERR,ERR,ERR,ERR,ERR,ERR,ERR,ERR,ERR,ERR,ERR,ERR,ERR,ERR,ERR,ERR,ERR,ERR,ERR,ERR,ERR,ERR,ERR,ERR,ERR,ERR,ERR,ERR,ERR,ERR,ERR,ERR,ERR,ERR,ERR,ERR,ERR,ERR,ERR,ERR,ERR,ERR,ERR,ERR,ERR,0.0,0.0,0.0,0.0,0.0,1.3936040501711995e+18,7.805,0.0,0,0,4,0,8422,0.0,45,0.0,0.0,0.0,0.0,0.0,0,0,0,0,0.0,0,0,0,0,0,0,0,0,0,0,0,0,0,0,0,0,0,0,0,0,0,0,0,0,0,0,0,0,0,0,0,0,0,38,14,7,45,65476,0,300,0,0,8,21553,0.0,-107605600.0,0.0,0.0,0.0,0.0,0.0,0.0,0.0,0.0,0.0,0.0,0.0,0.0,0.0,0.0,0.0,0.0,0.0,0.0,0.0,0.0,0.0,2.004,-0.0,0.0,0.0,0.0,0.0,0.0,4920.0,-1.0406650094749603e+34,0.0,0.0,0.0,-107615280.0,2.718429300292151e+23,0.0,0.0,0.0,0.0,53,-0.0,0.0,0.0,0.0,0.0,0.0,0.0,0.0,0.0,0,0,0,0.0,0.0,0.0,0.0,0.0,0.0,0.0,0.0,0.0,0.0,0.0,0.0,0.0,0.0,0.0,0.0,0,-107875648.0,53,0.0,106,-107614832.0,0.0,ERR,ERR,ERR,ERR,ERR,ERR,ERR,ERR,ERR,ERR,ERR,ERR,ERR,ERR,ERR,ERR,ERR,ERR,ERR,ERR,ERR,ERR,ERR,ERR,ERR,ERR,ERR,ERR,ERR,ERR,ERR,ERR,ERR,ERR,ERR,ERR,ERR,ERR,ERR,ERR,ERR,ERR,ERR,ERR,ERR,ERR,ERR,ERR,ERR,ERR,ERR,ERR,ERR,ERR,ERR,ERR,ERR,ERR,ERR,ERR,ERR,ERR,ERR,ERR,ERR,ERR,ERR,50.0,60.0,100,0.0,0.0,0.0,0.0,0.0,0.0,0.0,0.0,0.0,0.0,0.0,0.0,0.0,0.0,0.0,0.0,61.6,73,14,65513,50,65476,0,300,0,0,8,20529,65476,0,0,26214,60.0,0.0,0.0,0.0,0.0,0.0
2026-05-17T18:39:32,ERR,ERR,ERR,ERR,ERR,ERR,ERR,ERR,ERR,ERR,ERR,ERR,ERR,ERR,ERR,ERR,ERR,ERR,ERR,ERR,ERR,ERR,ERR,ERR,ERR,ERR,ERR,ERR,ERR,ERR,ERR,ERR,ERR,ERR,ERR,ERR,ERR,ERR,ERR,ERR,ERR,ERR,ERR,ERR,ERR,ERR,ERR,ERR,ERR,ERR,ERR,ERR,ERR,ERR,ERR,ERR,ERR,ERR,ERR,ERR,ERR,ERR,ERR,ERR,ERR,ERR,ERR,ERR,ERR,ERR,ERR,ERR,ERR,ERR,ERR,ERR,ERR,ERR,ERR,ERR,ERR,ERR,ERR,ERR,ERR,ERR,ERR,ERR,ERR,ERR,ERR,ERR,ERR,ERR,ERR,ERR,ERR,ERR,ERR,ERR,ERR,ERR,ERR,ERR,ERR,ERR,ERR,ERR,ERR,ERR,ERR,ERR,ERR,ERR,ERR,ERR,ERR,ERR,ERR,ERR,ERR,ERR,ERR,ERR,ERR,0.0,0.0,-134474944.0,0.0,0.0,1.3936040501711995e+18,7.805,0.0,0,0,4,0,8422,0.0,45,0.0,0.0,0.0,0.0,0.0,0,0,0,0,0.0,0,0,0,0,0,0,0,0,0,0,0,0,0,0,0,0,0,0,0,0,0,0,0,0,0,0,0,0,0,0,0,0,0,38,14,7,45,65476,0,300,0,0,8,21553,0.0,-107605600.0,0.0,0.0,0.0,0.0,0.0,0.0,0.0,0.0,0.0,0.0,0.0,0.0,0.0,0.0,0.0,0.0,0.0,0.0,0.0,0.0,0.0,2.004,-0.0,0.0,0.0,0.0,0.0,0.0,4953.0,-0.0,0.0,0.0,0.0,-107615280.0,2.718429300292151e+23,0.0,0.0,0.0,0.0,53,-0.0,-71.629,0.0,0.0,0.0,0.0,0.0,0.0,0.0,0,0,0,0.0,0.0,0.0,0.0,0.0,0.0,0.0,0.0,0.0,0.0,0.0,0.0,0.0,0.0,0.0,0.0,0,-107875648.0,53,0.0,106,-107614832.0,0.0,ERR,ERR,ERR,ERR,ERR,ERR,ERR,ERR,ERR,ERR,ERR,ERR,ERR,ERR,ERR,ERR,ERR,ERR,ERR,ERR,ERR,ERR,ERR,ERR,ERR,ERR,ERR,ERR,ERR,ERR,ERR,ERR,ERR,ERR,ERR,ERR,ERR,ERR,ERR,ERR,ERR,ERR,ERR,ERR,ERR,ERR,ERR,ERR,ERR,ERR,ERR,ERR,ERR,ERR,ERR,ERR,ERR,ERR,ERR,ERR,ERR,ERR,ERR,ERR,ERR,ERR,ERR,50.0,60.0,100,0.0,0.0,0.0,0.0,0.0,0.0,0.0,0.0,0.0,0.0,0.0,0.0,0.0,0.0,0.0,0.0,61.6,73,14,65513,50,65476,0,300,0,0,8,20529,65476,0,0,26214,60.0,0.0,0.0,0.0,0.0,0.0
2026-05-17T18:39:33,ERR,ERR,ERR,ERR,ERR,ERR,ERR,ERR,ERR,ERR,ERR,ERR,ERR,ERR,ERR,ERR,ERR,ERR,ERR,ERR,ERR,ERR,ERR,ERR,ERR,ERR,ERR,ERR,ERR,ERR,ERR,ERR,ERR,ERR,ERR,ERR,ERR,ERR,ERR,ERR,ERR,ERR,ERR,ERR,ERR,ERR,ERR,ERR,ERR,ERR,ERR,ERR,ERR,ERR,ERR,ERR,ERR,ERR,ERR,ERR,ERR,ERR,ERR,ERR,ERR,ERR,ERR,ERR,ERR,ERR,ERR,ERR,ERR,ERR,ERR,ERR,ERR,ERR,ERR,ERR,ERR,ERR,ERR,ERR,ERR,ERR,ERR,ERR,ERR,ERR,ERR,ERR,ERR,ERR,ERR,ERR,ERR,ERR,ERR,ERR,ERR,ERR,ERR,ERR,ERR,ERR,ERR,ERR,ERR,ERR,ERR,ERR,ERR,ERR,ERR,ERR,ERR,ERR,ERR,ERR,ERR,ERR,ERR,ERR,ERR,0.0,0.0,-134474944.0,0.0,0.0,1.3936040501711995e+18,7.805,0.0,0,0,4,0,8422,0.0,45,0.0,0.0,0.0,0.0,0.0,0,0,0,0,0.0,0,0,0,0,0,0,0,0,0,0,0,0,0,0,0,0,0,0,0,0,0,0,0,0,0,0,0,0,0,0,0,0,0,38,14,7,45,65476,0,300,0,0,8,21553,0.0,-107605600.0,0.0,0.0,0.0,0.0,0.0,0.0,0.0,0.0,0.0,0.0,0.0,0.0,0.0,0.0,0.0,0.0,0.0,0.0,0.0,0.0,0.0,2.004,-0.0,0.0,0.0,0.0,0.0,0.0,4953.0,-0.0,0.0,0.0,0.0,-107615280.0,2.718429300292151e+23,0.0,0.0,0.0,0.0,53,-0.0,-71.629,0.0,0.0,0.0,0.0,0.0,0.0,0.0,0,0,0,0.0,0.0,0.0,0.0,0.0,0.0,0.0,0.0,0.0,0.0,0.0,0.0,0.0,0.0,0.0,0.0,0,-107875648.0,53,0.0,106,-107614832.0,0.0,ERR,ERR,ERR,ERR,ERR,ERR,ERR,ERR,ERR,ERR,ERR,ERR,ERR,ERR,ERR,ERR,ERR,ERR,ERR,ERR,ERR,ERR,ERR,ERR,ERR,ERR,ERR,ERR,ERR,ERR,ERR,ERR,ERR,ERR,ERR,ERR,ERR,ERR,ERR,ERR,ERR,ERR,ERR,ERR,ERR,ERR,ERR,ERR,ERR,ERR,ERR,ERR,ERR,ERR,ERR,ERR,ERR,ERR,ERR,ERR,ERR,ERR,ERR,ERR,ERR,ERR,ERR,50.0,60.0,100,0.0,0.0,0.0,0.0,0.0,0.0,0.0,0.0,0.0,0.0,0.0,0.0,0.0,0.0,0.0,0.0,61.6,73,14,65513,50,65476,0,300,0,0,8,20529,65476,0,0,26214,60.0,0.0,0.0,0.0,0.0,0.0
2026-05-17T18:39:34,ERR,ERR,ERR,ERR,ERR,ERR,ERR,ERR,ERR,ERR,ERR,ERR,ERR,ERR,ERR,ERR,ERR,ERR,ERR,ERR,ERR,ERR,ERR,ERR,ERR,ERR,ERR,ERR,ERR,ERR,ERR,ERR,ERR,ERR,ERR,ERR,ERR,ERR,ERR,ERR,ERR,ERR,ERR,ERR,ERR,ERR,ERR,ERR,ERR,ERR,ERR,ERR,ERR,ERR,ERR,ERR,ERR,ERR,ERR,ERR,ERR,ERR,ERR,ERR,ERR,ERR,ERR,ERR,ERR,ERR,ERR,ERR,ERR,ERR,ERR,ERR,ERR,ERR,ERR,ERR,ERR,ERR,ERR,ERR,ERR,ERR,ERR,ERR,ERR,ERR,ERR,ERR,ERR,ERR,ERR,ERR,ERR,ERR,ERR,ERR,ERR,ERR,ERR,ERR,ERR,ERR,ERR,ERR,ERR,ERR,ERR,ERR,ERR,ERR,ERR,ERR,ERR,ERR,ERR,ERR,ERR,ERR,ERR,ERR,ERR,0.0,0.0,-134474944.0,0.0,0.0,1.3936040501711995e+18,7.805,0.0,0,0,4,0,8422,0.0,45,0.0,0.0,0.0,0.0,0.0,0,0,0,0,0.0,0,0,0,0,0,0,0,0,0,0,0,0,0,0,0,0,0,0,0,0,0,0,0,0,0,0,0,0,0,0,0,0,0,38,14,7,45,65476,0,300,0,0,8,21553,0.0,-107605600.0,0.0,0.0,0.0,0.0,0.0,0.0,0.0,0.0,0.0,0.0,0.0,0.0,0.0,0.0,0.0,0.0,0.0,0.0,0.0,0.0,0.0,2.004,-0.0,0.0,0.0,0.0,0.0,0.0,4953.0,-0.0,0.0,0.0,0.0,-107615280.0,2.718429300292151e+23,0.0,0.0,0.0,0.0,53,-0.0,-71.629,0.0,0.0,0.0,0.0,0.0,0.0,0.0,0,0,0,0.0,0.0,0.0,0.0,0.0,0.0,0.0,0.0,0.0,0.0,0.0,0.0,0.0,0.0,0.0,0.0,0,-107875648.0,53,0.0,106,-107614832.0,0.0,ERR,ERR,ERR,ERR,ERR,ERR,ERR,ERR,ERR,ERR,ERR,ERR,ERR,ERR,ERR,ERR,ERR,ERR,ERR,ERR,ERR,ERR,ERR,ERR,ERR,ERR,ERR,ERR,ERR,ERR,ERR,ERR,ERR,ERR,ERR,ERR,ERR,ERR,ERR,ERR,ERR,ERR,ERR,ERR,ERR,ERR,ERR,ERR,ERR,ERR,ERR,ERR,ERR,ERR,ERR,ERR,ERR,ERR,ERR,ERR,ERR,ERR,ERR,ERR,ERR,ERR,ERR,50.0,60.0,100,0.0,0.0,0.0,0.0,0.0,0.0,0.0,0.0,0.0,0.0,0.0,0.0,0.0,0.0,0.0,0.0,62.0,73,14,65513,50,65476,0,300,0,0,8,20529,65476,0,0,26214,60.0,0.0,0.0,0.0,0.0,0.0
2026-05-17T18:39:35,ERR,ERR,ERR,ERR,ERR,ERR,ERR,ERR,ERR,ERR,ERR,ERR,ERR,ERR,ERR,ERR,ERR,ERR,ERR,ERR,ERR,ERR,ERR,ERR,ERR,ERR,ERR,ERR,ERR,ERR,ERR,ERR,ERR,ERR,ERR,ERR,ERR,ERR,ERR,ERR,ERR,ERR,ERR,ERR,ERR,ERR,ERR,ERR,ERR,ERR,ERR,ERR,ERR,ERR,ERR,ERR,ERR,ERR,ERR,ERR,ERR,ERR,ERR,ERR,ERR,ERR,ERR,ERR,ERR,ERR,ERR,ERR,ERR,ERR,ERR,ERR,ERR,ERR,ERR,ERR,ERR,ERR,ERR,ERR,ERR,ERR,ERR,ERR,ERR,ERR,ERR,ERR,ERR,ERR,ERR,ERR,ERR,ERR,ERR,ERR,ERR,ERR,ERR,ERR,ERR,ERR,ERR,ERR,ERR,ERR,ERR,ERR,ERR,ERR,ERR,ERR,ERR,ERR,ERR,ERR,ERR,ERR,ERR,ERR,ERR,0.0,0.0,-134474944.0,0.0,0.0,1.3936040501711995e+18,7.805,0.0,0,0,4,0,8422,0.0,45,0.0,0.0,0.0,0.0,0.0,0,0,0,0,0.0,0,0,0,0,0,0,0,0,0,0,0,0,0,0,0,0,0,0,0,0,0,0,0,0,0,0,0,0,0,0,0,0,0,38,14,7,45,65476,0,300,0,0,8,21553,0.0,-107605600.0,0.0,0.0,0.0,0.0,0.0,0.0,0.0,0.0,0.0,0.0,0.0,0.0,0.0,0.0,0.0,0.0,0.0,0.0,0.0,0.0,0.0,2.004,-0.0,0.0,0.0,0.0,0.0,0.0,4953.0,-0.0,0.0,0.0,0.0,-107615280.0,2.718429300292151e+23,0.0,0.0,0.0,0.0,53,-0.0,-71.629,0.0,0.0,0.0,0.0,0.0,0.0,0.0,0,0,0,0.0,0.0,0.0,0.0,0.0,0.0,0.0,0.0,0.0,0.0,0.0,0.0,0.0,0.0,0.0,0.0,0,-107875648.0,53,0.0,106,-107614832.0,0.0,ERR,ERR,ERR,ERR,ERR,ERR,ERR,ERR,ERR,ERR,ERR,ERR,ERR,ERR,ERR,ERR,ERR,ERR,ERR,ERR,ERR,ERR,ERR,ERR,ERR,ERR,ERR,ERR,ERR,ERR,ERR,ERR,ERR,ERR,ERR,ERR,ERR,ERR,ERR,ERR,ERR,ERR,ERR,ERR,ERR,ERR,ERR,ERR,ERR,ERR,ERR,ERR,ERR,ERR,ERR,ERR,ERR,ERR,ERR,ERR,ERR,ERR,ERR,ERR,ERR,ERR,ERR,50.0,60.0,100,0.0,0.0,0.0,0.0,0.0,0.0,0.0,0.0,0.0,0.0,0.0,0.0,0.0,0.0,0.0,0.0,62.0,73,14,65513,50,65476,0,300,0,0,8,20529,65476,0,0,26214,60.0,0.0,0.0,0.0,0.0,0.0
2026-05-17T18:39:36,ERR,ERR,ERR,ERR,ERR,ERR,ERR,ERR,ERR,ERR,ERR,ERR,ERR,ERR,ERR,ERR,ERR,ERR,ERR,ERR,ERR,ERR,ERR,ERR,ERR,ERR,ERR,ERR,ERR,ERR,ERR,ERR,ERR,ERR,ERR,ERR,ERR,ERR,ERR,ERR,ERR,ERR,ERR,ERR,ERR,ERR,ERR,ERR,ERR,ERR,ERR,ERR,ERR,ERR,ERR,ERR,ERR,ERR,ERR,ERR,ERR,ERR,ERR,ERR,ERR,ERR,ERR,ERR,ERR,ERR,ERR,ERR,ERR,ERR,ERR,ERR,ERR,ERR,ERR,ERR,ERR,ERR,ERR,ERR,ERR,ERR,ERR,ERR,ERR,ERR,ERR,ERR,ERR,ERR,ERR,ERR,ERR,ERR,ERR,ERR,ERR,ERR,ERR,ERR,ERR,ERR,ERR,ERR,ERR,ERR,ERR,ERR,ERR,ERR,ERR,ERR,ERR,ERR,ERR,ERR,ERR,ERR,ERR,ERR,ERR,0.0,0.0,-134474944.0,0.0,0.0,1.3936040501711995e+18,7.805,0.0,0,0,4,0,8422,0.0,45,0.0,0.0,0.0,0.0,0.0,0,0,0,0,0.0,0,0,0,0,0,0,0,0,0,0,0,0,0,0,0,0,0,0,0,0,0,0,0,0,0,0,0,0,0,0,0,0,0,38,14,7,45,65476,0,300,0,0,8,21553,0.0,-107605600.0,0.0,0.0,0.0,0.0,0.0,0.0,0.0,0.0,0.0,0.0,0.0,0.0,0.0,0.0,0.0,0.0,0.0,0.0,0.0,0.0,0.0,2.004,-0.0,0.0,0.0,0.0,0.0,0.0,4953.0,-0.0,0.0,0.0,0.0,-107615280.0,2.718429300292151e+23,0.0,0.0,0.0,0.0,53,-0.0,-71.629,0.0,0.0,0.0,0.0,0.0,0.0,0.0,0,0,0,0.0,0.0,0.0,0.0,0.0,0.0,0.0,0.0,0.0,0.0,0.0,0.0,0.0,0.0,0.0,0.0,0,-107875648.0,53,0.0,106,-107614832.0,0.0,ERR,ERR,ERR,ERR,ERR,ERR,ERR,ERR,ERR,ERR,ERR,ERR,ERR,ERR,ERR,ERR,ERR,ERR,ERR,ERR,ERR,ERR,ERR,ERR,ERR,ERR,ERR,ERR,ERR,ERR,ERR,ERR,ERR,ERR,ERR,ERR,ERR,ERR,ERR,ERR,ERR,ERR,ERR,ERR,ERR,ERR,ERR,ERR,ERR,ERR,ERR,ERR,ERR,ERR,ERR,ERR,ERR,ERR,ERR,ERR,ERR,ERR,ERR,ERR,ERR,ERR,ERR,50.0,60.0,100,0.0,0.0,0.0,0.0,0.0,0.0,0.0,0.0,0.0,0.0,0.0,0.0,0.0,0.0,0.0,0.0,61.6,73,14,65513,50,65476,0,300,0,0,8,20529,65476,0,0,26214,60.0,0.0,0.0,0.0,0.0,0.0
2026-05-17T18:39:37,ERR,ERR,ERR,ERR,ERR,ERR,ERR,ERR,ERR,ERR,ERR,ERR,ERR,ERR,ERR,ERR,ERR,ERR,ERR,ERR,ERR,ERR,ERR,ERR,ERR,ERR,ERR,ERR,ERR,ERR,ERR,ERR,ERR,ERR,ERR,ERR,ERR,ERR,ERR,ERR,ERR,ERR,ERR,ERR,ERR,ERR,ERR,ERR,ERR,ERR,ERR,ERR,ERR,ERR,ERR,ERR,ERR,ERR,ERR,ERR,ERR,ERR,ERR,ERR,ERR,ERR,ERR,ERR,ERR,ERR,ERR,ERR,ERR,ERR,ERR,ERR,ERR,ERR,ERR,ERR,ERR,ERR,ERR,ERR,ERR,ERR,ERR,ERR,ERR,ERR,ERR,ERR,ERR,ERR,ERR,ERR,ERR,ERR,ERR,ERR,ERR,ERR,ERR,ERR,ERR,ERR,ERR,ERR,ERR,ERR,ERR,ERR,ERR,ERR,ERR,ERR,ERR,ERR,ERR,ERR,ERR,ERR,ERR,ERR,ERR,0.0,0.0,0.0,0.0,0.0,1.3936040501711995e+18,7.805,0.0,0,0,4,0,8422,0.0,45,0.0,0.0,0.0,0.0,0.0,0,0,0,0,0.0,0,0,0,0,0,0,0,0,0,0,0,0,0,0,0,0,0,0,0,0,0,0,0,0,0,0,0,0,0,0,0,0,0,38,14,7,45,65476,0,300,0,0,8,21553,0.0,-107605600.0,0.0,0.0,0.0,0.0,0.0,0.0,0.0,0.0,0.0,0.0,0.0,0.0,0.0,0.0,0.0,0.0,0.0,0.0,0.0,0.0,2.004,2.004,-0.0,0.0,0.0,0.0,0.0,0.0,4956.0,1.5879289753249576e+29,0.0,0.0,0.0,-107615280.0,2.718429300292151e+23,0.0,0.0,0.0,0.0,53,-0.0,-0.0,0.0,0.0,0.0,0.0,0.0,0.0,0.0,0,0,0,0.0,0.0,0.0,0.0,0.0,0.0,0.0,0.0,0.0,0.0,0.0,0.0,0.0,0.0,0.0,0.0,0,-107875648.0,53,0.0,106,-107614832.0,0.0,ERR,ERR,ERR,ERR,ERR,ERR,ERR,ERR,ERR,ERR,ERR,ERR,ERR,ERR,ERR,ERR,ERR,ERR,ERR,ERR,ERR,ERR,ERR,ERR,ERR,ERR,ERR,ERR,ERR,ERR,ERR,ERR,ERR,ERR,ERR,ERR,ERR,ERR,ERR,ERR,ERR,ERR,ERR,ERR,ERR,ERR,ERR,ERR,ERR,ERR,ERR,ERR,ERR,ERR,ERR,ERR,ERR,ERR,ERR,ERR,ERR,ERR,ERR,ERR,ERR,ERR,ERR,50.0,60.0,100,0.0,0.0,0.0,0.0,0.0,0.0,0.0,0.0,0.0,0.0,0.0,0.0,0.0,0.0,0.0,0.0,61.6,73,14,65513,50,65476,0,300,0,0,8,20529,65476,0,0,26214,60.0,0.0,0.0,0.0,0.0,0.0
2026-05-17T18:39:38,ERR,ERR,ERR,ERR,ERR,ERR,ERR,ERR,ERR,ERR,ERR,ERR,ERR,ERR,ERR,ERR,ERR,ERR,ERR,ERR,ERR,ERR,ERR,ERR,ERR,ERR,ERR,ERR,ERR,ERR,ERR,ERR,ERR,ERR,ERR,ERR,ERR,ERR,ERR,ERR,ERR,ERR,ERR,ERR,ERR,ERR,ERR,ERR,ERR,ERR,ERR,ERR,ERR,ERR,ERR,ERR,ERR,ERR,ERR,ERR,ERR,ERR,ERR,ERR,ERR,ERR,ERR,ERR,ERR,ERR,ERR,ERR,ERR,ERR,ERR,ERR,ERR,ERR,ERR,ERR,ERR,ERR,ERR,ERR,ERR,ERR,ERR,ERR,ERR,ERR,ERR,ERR,ERR,ERR,ERR,ERR,ERR,ERR,ERR,ERR,ERR,ERR,ERR,ERR,ERR,ERR,ERR,ERR,ERR,ERR,ERR,ERR,ERR,ERR,ERR,ERR,ERR,ERR,ERR,ERR,ERR,ERR,ERR,ERR,ERR,0.0,0.0,0.0,0.0,0.0,1.3936040501711995e+18,7.805,0.0,0,0,4,0,8422,0.0,45,0.0,0.0,0.0,0.0,0.0,0,0,0,0,0.0,0,0,0,0,0,0,0,0,0,0,0,0,0,0,0,0,0,0,0,0,0,0,0,0,0,0,0,0,0,0,0,0,0,38,14,7,45,65476,0,300,0,0,8,21553,0.0,-107605600.0,0.0,0.0,0.0,0.0,0.0,0.0,0.0,0.0,0.0,0.0,0.0,0.0,0.0,0.0,0.0,0.0,0.0,0.0,0.0,0.0,2.004,2.004,-0.0,0.0,0.0,0.0,0.0,0.0,4956.0,1.5879289753249576e+29,0.0,0.0,0.0,-107615280.0,2.718429300292151e+23,0.0,0.0,0.0,0.0,53,-0.0,-0.0,0.0,0.0,0.0,0.0,0.0,0.0,0.0,0,0,0,0.0,0.0,0.0,0.0,0.0,0.0,0.0,0.0,0.0,0.0,0.0,0.0,0.0,0.0,0.0,0.0,0,-107875648.0,53,0.0,106,-107614832.0,0.0,ERR,ERR,ERR,ERR,ERR,ERR,ERR,ERR,ERR,ERR,ERR,ERR,ERR,ERR,ERR,ERR,ERR,ERR,ERR,ERR,ERR,ERR,ERR,ERR,ERR,ERR,ERR,ERR,ERR,ERR,ERR,ERR,ERR,ERR,ERR,ERR,ERR,ERR,ERR,ERR,ERR,ERR,ERR,ERR,ERR,ERR,ERR,ERR,ERR,ERR,ERR,ERR,ERR,ERR,ERR,ERR,ERR,ERR,ERR,ERR,ERR,ERR,ERR,ERR,ERR,ERR,ERR,50.0,60.0,100,0.0,0.0,0.0,0.0,0.0,0.0,0.0,0.0,0.0,0.0,0.0,0.0,0.0,0.0,0.0,0.0,61.6,73,14,65513,50,65476,0,300,0,0,8,20529,65476,0,0,26214,60.0,0.0,0.0,0.0,0.0,0.0
2026-05-17T18:39:39,ERR,ERR,ERR,ERR,ERR,ERR,ERR,ERR,ERR,ERR,ERR,ERR,ERR,ERR,ERR,ERR,ERR,ERR,ERR,ERR,ERR,ERR,ERR,ERR,ERR,ERR,ERR,ERR,ERR,ERR,ERR,ERR,ERR,ERR,ERR,ERR,ERR,ERR,ERR,ERR,ERR,ERR,ERR,ERR,ERR,ERR,ERR,ERR,ERR,ERR,ERR,ERR,ERR,ERR,ERR,ERR,ERR,ERR,ERR,ERR,ERR,ERR,ERR,ERR,ERR,ERR,ERR,ERR,ERR,ERR,ERR,ERR,ERR,ERR,ERR,ERR,ERR,ERR,ERR,ERR,ERR,ERR,ERR,ERR,ERR,ERR,ERR,ERR,ERR,ERR,ERR,ERR,ERR,ERR,ERR,ERR,ERR,ERR,ERR,ERR,ERR,ERR,ERR,ERR,ERR,ERR,ERR,ERR,ERR,ERR,ERR,ERR,ERR,ERR,ERR,ERR,ERR,ERR,ERR,ERR,ERR,ERR,ERR,ERR,ERR,0.0,0.0,0.0,0.0,0.0,1.3936040501711995e+18,7.805,0.0,0,0,4,0,8422,0.0,45,0.0,0.0,0.0,0.0,0.0,0,0,0,0,0.0,0,0,0,0,0,0,0,0,0,0,0,0,0,0,0,0,0,0,0,0,0,0,0,0,0,0,0,0,0,0,0,0,0,38,14,7,45,65476,0,300,0,0,8,21553,0.0,-107605600.0,0.0,0.0,0.0,0.0,0.0,0.0,0.0,0.0,0.0,0.0,0.0,0.0,0.0,0.0,0.0,0.0,0.0,0.0,0.0,0.0,2.004,2.004,-0.0,0.0,0.0,0.0,0.0,0.0,4956.0,1.5879289753249576e+29,0.0,0.0,0.0,-107615280.0,2.718429300292151e+23,0.0,0.0,0.0,0.0,53,-0.0,-0.0,0.0,0.0,0.0,0.0,0.0,0.0,0.0,0,0,0,0.0,0.0,0.0,0.0,0.0,0.0,0.0,0.0,0.0,0.0,0.0,0.0,0.0,0.0,0.0,0.0,0,-107875648.0,53,0.0,106,-107614832.0,0.0,ERR,ERR,ERR,ERR,ERR,ERR,ERR,ERR,ERR,ERR,ERR,ERR,ERR,ERR,ERR,ERR,ERR,ERR,ERR,ERR,ERR,ERR,ERR,ERR,ERR,ERR,ERR,ERR,ERR,ERR,ERR,ERR,ERR,ERR,ERR,ERR,ERR,ERR,ERR,ERR,ERR,ERR,ERR,ERR,ERR,ERR,ERR,ERR,ERR,ERR,ERR,ERR,ERR,ERR,ERR,ERR,ERR,ERR,ERR,ERR,ERR,ERR,ERR,ERR,ERR,ERR,ERR,50.0,60.0,100,0.0,0.0,0.0,0.0,0.0,0.0,0.0,0.0,0.0,0.0,0.0,0.0,0.0,0.0,0.0,0.0,61.6,73,14,65513,50,65476,0,300,0,0,8,20529,65476,0,0,26214,60.0,0.0,0.0,0.0,0.0,0.0
2026-05-17T18:39:40,ERR,ERR,ERR,ERR,ERR,ERR,ERR,ERR,ERR,ERR,ERR,ERR,ERR,ERR,ERR,ERR,ERR,ERR,ERR,ERR,ERR,ERR,ERR,ERR,ERR,ERR,ERR,ERR,ERR,ERR,ERR,ERR,ERR,ERR,ERR,ERR,ERR,ERR,ERR,ERR,ERR,ERR,ERR,ERR,ERR,ERR,ERR,ERR,ERR,ERR,ERR,ERR,ERR,ERR,ERR,ERR,ERR,ERR,ERR,ERR,ERR,ERR,ERR,ERR,ERR,ERR,ERR,ERR,ERR,ERR,ERR,ERR,ERR,ERR,ERR,ERR,ERR,ERR,ERR,ERR,ERR,ERR,ERR,ERR,ERR,ERR,ERR,ERR,ERR,ERR,ERR,ERR,ERR,ERR,ERR,ERR,ERR,ERR,ERR,ERR,ERR,ERR,ERR,ERR,ERR,ERR,ERR,ERR,ERR,ERR,ERR,ERR,ERR,ERR,ERR,ERR,ERR,ERR,ERR,ERR,ERR,ERR,ERR,ERR,ERR,0.0,0.0,0.0,0.0,0.0,1.3936040501711995e+18,7.805,0.0,0,0,4,0,8422,0.0,45,0.0,0.0,0.0,0.0,0.0,0,0,0,0,0.0,0,0,0,0,0,0,0,0,0,0,0,0,0,0,0,0,0,0,0,0,0,0,0,0,0,0,0,0,0,0,0,0,0,38,14,7,45,65476,0,300,0,0,8,21553,0.0,-107605600.0,0.0,0.0,0.0,0.0,0.0,0.0,0.0,0.0,0.0,0.0,0.0,0.0,0.0,0.0,0.0,0.0,0.0,0.0,0.0,0.0,2.004,2.004,-0.0,0.0,0.0,0.0,0.0,0.0,4956.0,1.5879289753249576e+29,0.0,0.0,0.0,-107615280.0,2.718429300292151e+23,0.0,0.0,0.0,0.0,53,-0.0,-0.0,0.0,0.0,0.0,0.0,0.0,0.0,0.0,0,0,0,0.0,0.0,0.0,0.0,0.0,0.0,0.0,0.0,0.0,0.0,0.0,0.0,0.0,0.0,0.0,0.0,0,-107875648.0,53,0.0,106,-107614832.0,0.0,ERR,ERR,ERR,ERR,ERR,ERR,ERR,ERR,ERR,ERR,ERR,ERR,ERR,ERR,ERR,ERR,ERR,ERR,ERR,ERR,ERR,ERR,ERR,ERR,ERR,ERR,ERR,ERR,ERR,ERR,ERR,ERR,ERR,ERR,ERR,ERR,ERR,ERR,ERR,ERR,ERR,ERR,ERR,ERR,ERR,ERR,ERR,ERR,ERR,ERR,ERR,ERR,ERR,ERR,ERR,ERR,ERR,ERR,ERR,ERR,ERR,ERR,ERR,ERR,ERR,ERR,ERR,50.0,60.0,100,0.0,0.0,0.0,0.0,0.0,0.0,0.0,0.0,0.0,0.0,0.0,0.0,0.0,0.0,0.0,0.0,61.6,73,14,65513,50,65476,0,300,0,0,8,20529,65476,0,0,26214,60.0,0.0,0.0,0.0,0.0,0.0
2026-05-17T18:39:41,ERR,ERR,ERR,ERR,ERR,ERR,ERR,ERR,ERR,ERR,ERR,ERR,ERR,ERR,ERR,ERR,ERR,ERR,ERR,ERR,ERR,ERR,ERR,ERR,ERR,ERR,ERR,ERR,ERR,ERR,ERR,ERR,ERR,ERR,ERR,ERR,ERR,ERR,ERR,ERR,ERR,ERR,ERR,ERR,ERR,ERR,ERR,ERR,ERR,ERR,ERR,ERR,ERR,ERR,ERR,ERR,ERR,ERR,ERR,ERR,ERR,ERR,ERR,ERR,ERR,ERR,ERR,ERR,ERR,ERR,ERR,ERR,ERR,ERR,ERR,ERR,ERR,ERR,ERR,ERR,ERR,ERR,ERR,ERR,ERR,ERR,ERR,ERR,ERR,ERR,ERR,ERR,ERR,ERR,ERR,ERR,ERR,ERR,ERR,ERR,ERR,ERR,ERR,ERR,ERR,ERR,ERR,ERR,ERR,ERR,ERR,ERR,ERR,ERR,ERR,ERR,ERR,ERR,ERR,ERR,ERR,ERR,ERR,ERR,ERR,0.0,0.0,0.0,0.0,0.0,1.3936040501711995e+18,7.805,0.0,0,0,4,0,8422,0.0,45,0.0,0.0,0.0,0.0,0.0,0,0,0,0,0.0,0,0,0,0,0,0,0,0,0,0,0,0,0,0,0,0,0,0,0,0,0,0,0,0,0,0,0,0,0,0,0,0,0,38,14,7,45,65476,0,300,0,0,8,21553,0.0,-107605600.0,0.0,0.0,0.0,0.0,0.0,0.0,0.0,0.0,0.0,0.0,0.0,0.0,0.0,0.0,0.0,0.0,0.0,0.0,0.0,0.0,2.004,2.004,-0.0,0.0,0.0,0.0,0.0,0.0,4956.0,1.5879289753249576e+29,0.0,0.0,0.0,-107615280.0,2.718429300292151e+23,0.0,0.0,0.0,0.0,53,-0.0,-0.0,0.0,0.0,0.0,0.0,0.0,0.0,0.0,0,0,0,0.0,0.0,0.0,0.0,0.0,0.0,0.0,0.0,0.0,0.0,0.0,0.0,0.0,0.0,0.0,0.0,0,-107875648.0,53,0.0,106,-107614832.0,0.0,ERR,ERR,ERR,ERR,ERR,ERR,ERR,ERR,ERR,ERR,ERR,ERR,ERR,ERR,ERR,ERR,ERR,ERR,ERR,ERR,ERR,ERR,ERR,ERR,ERR,ERR,ERR,ERR,ERR,ERR,ERR,ERR,ERR,ERR,ERR,ERR,ERR,ERR,ERR,ERR,ERR,ERR,ERR,ERR,ERR,ERR,ERR,ERR,ERR,ERR,ERR,ERR,ERR,ERR,ERR,ERR,ERR,ERR,ERR,ERR,ERR,ERR,ERR,ERR,ERR,ERR,ERR,50.0,60.0,100,0.0,0.0,0.0,0.0,0.0,0.0,0.0,0.0,0.0,0.0,0.0,0.0,0.0,0.0,0.0,0.0,62.0,73,14,65513,50,65476,0,300,0,0,8,20529,65476,0,0,26214,60.0,0.0,0.0,0.0,0.0,0.0
2026-05-17T18:39:42,ERR,ERR,ERR,ERR,ERR,ERR,ERR,ERR,ERR,ERR,ERR,ERR,ERR,ERR,ERR,ERR,ERR,ERR,ERR,ERR,ERR,ERR,ERR,ERR,ERR,ERR,ERR,ERR,ERR,ERR,ERR,ERR,ERR,ERR,ERR,ERR,ERR,ERR,ERR,ERR,ERR,ERR,ERR,ERR,ERR,ERR,ERR,ERR,ERR,ERR,ERR,ERR,ERR,ERR,ERR,ERR,ERR,ERR,ERR,ERR,ERR,ERR,ERR,ERR,ERR,ERR,ERR,ERR,ERR,ERR,ERR,ERR,ERR,ERR,ERR,ERR,ERR,ERR,ERR,ERR,ERR,ERR,ERR,ERR,ERR,ERR,ERR,ERR,ERR,ERR,ERR,ERR,ERR,ERR,ERR,ERR,ERR,ERR,ERR,ERR,ERR,ERR,ERR,ERR,ERR,ERR,ERR,ERR,ERR,ERR,ERR,ERR,ERR,ERR,ERR,ERR,ERR,ERR,ERR,ERR,ERR,ERR,ERR,ERR,ERR,0.0,0.0,0.0,0.0,0.0,1.3936040501711995e+18,7.805,0.0,0,0,4,0,8422,0.0,45,0.0,0.0,0.0,0.0,0.0,0,0,0,0,0.0,0,0,0,0,0,0,0,0,0,0,0,0,0,0,0,0,0,0,0,0,0,0,0,0,0,0,0,0,0,0,0,0,0,38,14,7,45,65476,0,300,0,0,8,21553,0.0,-107605600.0,0.0,0.0,0.0,0.0,0.0,0.0,0.0,0.0,0.0,0.0,0.0,0.0,0.0,0.0,0.0,0.0,0.0,0.0,0.0,0.0,0.0,2.004,-0.0,0.0,0.0,0.0,0.0,0.0,4954.0,-131350.406,0.0,0.0,0.0,-107615280.0,2.718429300292151e+23,0.0,0.0,0.0,0.0,53,-0.0,4.0668529024359166e+29,0.0,0.0,0.0,0.0,0.0,0.0,0.0,0,0,0,0.0,0.0,0.0,0.0,0.0,0.0,0.0,0.0,0.0,0.0,0.0,0.0,0.0,0.0,0.0,0.0,0,-107875648.0,53,0.0,106,-107614832.0,0.0,ERR,ERR,ERR,ERR,ERR,ERR,ERR,ERR,ERR,ERR,ERR,ERR,ERR,ERR,ERR,ERR,ERR,ERR,ERR,ERR,ERR,ERR,ERR,ERR,ERR,ERR,ERR,ERR,ERR,ERR,ERR,ERR,ERR,ERR,ERR,ERR,ERR,ERR,ERR,ERR,ERR,ERR,ERR,ERR,ERR,ERR,ERR,ERR,ERR,ERR,ERR,ERR,ERR,ERR,ERR,ERR,ERR,ERR,ERR,ERR,ERR,ERR,ERR,ERR,ERR,ERR,ERR,50.0,60.0,100,0.0,0.0,0.0,0.0,0.0,0.0,0.0,0.0,0.0,0.0,0.0,0.0,0.0,0.0,0.0,0.0,62.0,73,14,65513,50,65476,0,300,0,0,8,20529,65476,0,0,26214,60.0,0.0,0.0,0.0,0.0,0.0
2026-05-17T18:39:43,ERR,ERR,ERR,ERR,ERR,ERR,ERR,ERR,ERR,ERR,ERR,ERR,ERR,ERR,ERR,ERR,ERR,ERR,ERR,ERR,ERR,ERR,ERR,ERR,ERR,ERR,ERR,ERR,ERR,ERR,ERR,ERR,ERR,ERR,ERR,ERR,ERR,ERR,ERR,ERR,ERR,ERR,ERR,ERR,ERR,ERR,ERR,ERR,ERR,ERR,ERR,ERR,ERR,ERR,ERR,ERR,ERR,ERR,ERR,ERR,ERR,ERR,ERR,ERR,ERR,ERR,ERR,ERR,ERR,ERR,ERR,ERR,ERR,ERR,ERR,ERR,ERR,ERR,ERR,ERR,ERR,ERR,ERR,ERR,ERR,ERR,ERR,ERR,ERR,ERR,ERR,ERR,ERR,ERR,ERR,ERR,ERR,ERR,ERR,ERR,ERR,ERR,ERR,ERR,ERR,ERR,ERR,ERR,ERR,ERR,ERR,ERR,ERR,ERR,ERR,ERR,ERR,ERR,ERR,ERR,ERR,ERR,ERR,ERR,ERR,0.0,0.0,0.0,0.0,0.0,1.3936040501711995e+18,7.805,0.0,0,0,4,0,8422,0.0,45,0.0,0.0,0.0,0.0,0.0,0,0,0,0,0.0,0,0,0,0,0,0,0,0,0,0,0,0,0,0,0,0,0,0,0,0,0,0,0,0,0,0,0,0,0,0,0,0,0,38,14,7,45,65476,0,300,0,0,8,21553,0.0,-107605600.0,0.0,0.0,0.0,0.0,0.0,0.0,0.0,0.0,0.0,0.0,0.0,0.0,0.0,0.0,0.0,0.0,0.0,0.0,0.0,0.0,0.0,2.004,-0.0,0.0,0.0,0.0,0.0,0.0,4954.0,-131350.406,0.0,0.0,0.0,-107615280.0,2.718429300292151e+23,0.0,0.0,0.0,0.0,53,-0.0,4.0668529024359166e+29,0.0,0.0,0.0,0.0,0.0,0.0,0.0,0,0,0,0.0,0.0,0.0,0.0,0.0,0.0,0.0,0.0,0.0,0.0,0.0,0.0,0.0,0.0,0.0,0.0,0,-107875648.0,53,0.0,106,-107614832.0,0.0,ERR,ERR,ERR,ERR,ERR,ERR,ERR,ERR,ERR,ERR,ERR,ERR,ERR,ERR,ERR,ERR,ERR,ERR,ERR,ERR,ERR,ERR,ERR,ERR,ERR,ERR,ERR,ERR,ERR,ERR,ERR,ERR,ERR,ERR,ERR,ERR,ERR,ERR,ERR,ERR,ERR,ERR,ERR,ERR,ERR,ERR,ERR,ERR,ERR,ERR,ERR,ERR,ERR,ERR,ERR,ERR,ERR,ERR,ERR,ERR,ERR,ERR,ERR,ERR,ERR,ERR,ERR,50.0,60.0,100,0.0,0.0,0.0,0.0,0.0,0.0,0.0,0.0,0.0,0.0,0.0,0.0,0.0,0.0,0.0,0.0,61.6,73,14,65513,50,65476,0,300,0,0,8,20529,65476,0,0,26214,60.0,0.0,0.0,0.0,0.0,0.0
2026-05-17T18:39:44,ERR,ERR,ERR,ERR,ERR,ERR,ERR,ERR,ERR,ERR,ERR,ERR,ERR,ERR,ERR,ERR,ERR,ERR,ERR,ERR,ERR,ERR,ERR,ERR,ERR,ERR,ERR,ERR,ERR,ERR,ERR,ERR,ERR,ERR,ERR,ERR,ERR,ERR,ERR,ERR,ERR,ERR,ERR,ERR,ERR,ERR,ERR,ERR,ERR,ERR,ERR,ERR,ERR,ERR,ERR,ERR,ERR,ERR,ERR,ERR,ERR,ERR,ERR,ERR,ERR,ERR,ERR,ERR,ERR,ERR,ERR,ERR,ERR,ERR,ERR,ERR,ERR,ERR,ERR,ERR,ERR,ERR,ERR,ERR,ERR,ERR,ERR,ERR,ERR,ERR,ERR,ERR,ERR,ERR,ERR,ERR,ERR,ERR,ERR,ERR,ERR,ERR,ERR,ERR,ERR,ERR,ERR,ERR,ERR,ERR,ERR,ERR,ERR,ERR,ERR,ERR,ERR,ERR,ERR,ERR,ERR,ERR,ERR,ERR,ERR,0.0,0.0,0.0,0.0,0.0,1.3936040501711995e+18,7.805,0.0,0,0,4,0,8422,0.0,45,0.0,0.0,0.0,0.0,0.0,0,0,0,0,0.0,0,0,0,0,0,0,0,0,0,0,0,0,0,0,0,0,0,0,0,0,0,0,0,0,0,0,0,0,0,0,0,0,0,38,14,7,45,65476,0,300,0,0,8,21553,0.0,-107605600.0,0.0,0.0,0.0,0.0,0.0,0.0,0.0,0.0,0.0,0.0,0.0,0.0,0.0,0.0,0.0,0.0,0.0,0.0,0.0,0.0,0.0,2.004,-0.0,0.0,0.0,0.0,0.0,0.0,4954.0,-131350.406,0.0,0.0,0.0,-107615280.0,2.718429300292151e+23,0.0,0.0,0.0,0.0,53,-0.0,4.0668529024359166e+29,0.0,0.0,0.0,0.0,0.0,0.0,0.0,0,0,0,0.0,0.0,0.0,0.0,0.0,0.0,0.0,0.0,0.0,0.0,0.0,0.0,0.0,0.0,0.0,0.0,0,-107875648.0,53,0.0,106,-107614832.0,0.0,ERR,ERR,ERR,ERR,ERR,ERR,ERR,ERR,ERR,ERR,ERR,ERR,ERR,ERR,ERR,ERR,ERR,ERR,ERR,ERR,ERR,ERR,ERR,ERR,ERR,ERR,ERR,ERR,ERR,ERR,ERR,ERR,ERR,ERR,ERR,ERR,ERR,ERR,ERR,ERR,ERR,ERR,ERR,ERR,ERR,ERR,ERR,ERR,ERR,ERR,ERR,ERR,ERR,ERR,ERR,ERR,ERR,ERR,ERR,ERR,ERR,ERR,ERR,ERR,ERR,ERR,ERR,50.0,60.0,100,0.0,0.0,0.0,0.0,0.0,0.0,0.0,0.0,0.0,0.0,0.0,0.0,0.0,0.0,0.0,0.0,61.6,73,14,65513,50,65476,0,300,0,0,8,20529,65476,0,0,26214,60.0,0.0,0.0,0.0,0.0,0.0
2026-05-17T18:39:45,ERR,ERR,ERR,ERR,ERR,ERR,ERR,ERR,ERR,ERR,ERR,ERR,ERR,ERR,ERR,ERR,ERR,ERR,ERR,ERR,ERR,ERR,ERR,ERR,ERR,ERR,ERR,ERR,ERR,ERR,ERR,ERR,ERR,ERR,ERR,ERR,ERR,ERR,ERR,ERR,ERR,ERR,ERR,ERR,ERR,ERR,ERR,ERR,ERR,ERR,ERR,ERR,ERR,ERR,ERR,ERR,ERR,ERR,ERR,ERR,ERR,ERR,ERR,ERR,ERR,ERR,ERR,ERR,ERR,ERR,ERR,ERR,ERR,ERR,ERR,ERR,ERR,ERR,ERR,ERR,ERR,ERR,ERR,ERR,ERR,ERR,ERR,ERR,ERR,ERR,ERR,ERR,ERR,ERR,ERR,ERR,ERR,ERR,ERR,ERR,ERR,ERR,ERR,ERR,ERR,ERR,ERR,ERR,ERR,ERR,ERR,ERR,ERR,ERR,ERR,ERR,ERR,ERR,ERR,ERR,ERR,ERR,ERR,ERR,ERR,0.0,0.0,0.0,0.0,0.0,1.3936040501711995e+18,7.805,0.0,0,0,4,0,8422,0.0,45,0.0,0.0,0.0,0.0,0.0,0,0,0,0,0.0,0,0,0,0,0,0,0,0,0,0,0,0,0,0,0,0,0,0,0,0,0,0,0,0,0,0,0,0,0,0,0,0,0,38,14,7,45,65476,0,300,0,0,8,21553,0.0,-107605600.0,0.0,0.0,0.0,0.0,0.0,0.0,0.0,0.0,0.0,0.0,0.0,0.0,0.0,0.0,0.0,0.0,0.0,0.0,0.0,0.0,0.0,2.004,-0.0,0.0,0.0,0.0,0.0,0.0,4954.0,-131350.406,0.0,0.0,0.0,-107615280.0,2.718429300292151e+23,0.0,0.0,0.0,0.0,53,-0.0,4.0668529024359166e+29,0.0,0.0,0.0,0.0,0.0,0.0,0.0,0,0,0,0.0,0.0,0.0,0.0,0.0,0.0,0.0,0.0,0.0,0.0,0.0,0.0,0.0,0.0,0.0,0.0,0,-107875648.0,53,0.0,106,-107614832.0,0.0,ERR,ERR,ERR,ERR,ERR,ERR,ERR,ERR,ERR,ERR,ERR,ERR,ERR,ERR,ERR,ERR,ERR,ERR,ERR,ERR,ERR,ERR,ERR,ERR,ERR,ERR,ERR,ERR,ERR,ERR,ERR,ERR,ERR,ERR,ERR,ERR,ERR,ERR,ERR,ERR,ERR,ERR,ERR,ERR,ERR,ERR,ERR,ERR,ERR,ERR,ERR,ERR,ERR,ERR,ERR,ERR,ERR,ERR,ERR,ERR,ERR,ERR,ERR,ERR,ERR,ERR,ERR,50.0,60.0,100,0.0,0.0,0.0,0.0,0.0,0.0,0.0,0.0,0.0,0.0,0.0,0.0,0.0,0.0,0.0,0.0,61.6,73,14,65513,50,65476,0,300,0,0,8,20529,65476,0,0,26214,60.0,0.0,0.0,0.0,0.0,0.0
2026-05-17T18:39:46,ERR,ERR,ERR,ERR,ERR,ERR,ERR,ERR,ERR,ERR,ERR,ERR,ERR,ERR,ERR,ERR,ERR,ERR,ERR,ERR,ERR,ERR,ERR,ERR,ERR,ERR,ERR,ERR,ERR,ERR,ERR,ERR,ERR,ERR,ERR,ERR,ERR,ERR,ERR,ERR,ERR,ERR,ERR,ERR,ERR,ERR,ERR,ERR,ERR,ERR,ERR,ERR,ERR,ERR,ERR,ERR,ERR,ERR,ERR,ERR,ERR,ERR,ERR,ERR,ERR,ERR,ERR,ERR,ERR,ERR,ERR,ERR,ERR,ERR,ERR,ERR,ERR,ERR,ERR,ERR,ERR,ERR,ERR,ERR,ERR,ERR,ERR,ERR,ERR,ERR,ERR,ERR,ERR,ERR,ERR,ERR,ERR,ERR,ERR,ERR,ERR,ERR,ERR,ERR,ERR,ERR,ERR,ERR,ERR,ERR,ERR,ERR,ERR,ERR,ERR,ERR,ERR,ERR,ERR,ERR,ERR,ERR,ERR,ERR,ERR,0.0,0.0,0.0,0.0,0.0,1.3936040501711995e+18,7.805,0.0,0,0,4,0,8422,0.0,45,0.0,0.0,0.0,0.0,0.0,0,0,0,0,0.0,0,0,0,0,0,0,0,0,0,0,0,0,0,0,0,0,0,0,0,0,0,0,0,0,0,0,0,0,0,0,0,0,0,38,14,7,45,65476,0,300,0,0,8,21553,0.0,-107605600.0,0.0,0.0,0.0,0.0,0.0,0.0,0.0,0.0,0.0,0.0,0.0,0.0,0.0,0.0,0.0,0.0,0.0,0.0,0.0,0.0,0.0,2.004,-0.0,0.0,0.0,0.0,0.0,0.0,4954.0,-131350.406,0.0,0.0,0.0,-107615280.0,2.718429300292151e+23,0.0,0.0,0.0,0.0,53,-0.0,4.0668529024359166e+29,0.0,0.0,0.0,0.0,0.0,0.0,0.0,0,0,0,0.0,0.0,0.0,0.0,0.0,0.0,0.0,0.0,0.0,0.0,0.0,0.0,0.0,0.0,0.0,0.0,0,-107875648.0,53,0.0,106,-107614832.0,0.0,ERR,ERR,ERR,ERR,ERR,ERR,ERR,ERR,ERR,ERR,ERR,ERR,ERR,ERR,ERR,ERR,ERR,ERR,ERR,ERR,ERR,ERR,ERR,ERR,ERR,ERR,ERR,ERR,ERR,ERR,ERR,ERR,ERR,ERR,ERR,ERR,ERR,ERR,ERR,ERR,ERR,ERR,ERR,ERR,ERR,ERR,ERR,ERR,ERR,ERR,ERR,ERR,ERR,ERR,ERR,ERR,ERR,ERR,ERR,ERR,ERR,ERR,ERR,ERR,ERR,ERR,ERR,50.0,60.0,100,0.0,0.0,0.0,0.0,0.0,0.0,0.0,0.0,0.0,0.0,0.0,0.0,0.0,0.0,0.0,0.0,61.6,73,14,65513,50,65476,0,300,0,0,8,20529,65476,0,0,26214,60.0,0.0,0.0,0.0,0.0,0.0
2026-05-17T18:39:47,ERR,ERR,ERR,ERR,ERR,ERR,ERR,ERR,ERR,ERR,ERR,ERR,ERR,ERR,ERR,ERR,ERR,ERR,ERR,ERR,ERR,ERR,ERR,ERR,ERR,ERR,ERR,ERR,ERR,ERR,ERR,ERR,ERR,ERR,ERR,ERR,ERR,ERR,ERR,ERR,ERR,ERR,ERR,ERR,ERR,ERR,ERR,ERR,ERR,ERR,ERR,ERR,ERR,ERR,ERR,ERR,ERR,ERR,ERR,ERR,ERR,ERR,ERR,ERR,ERR,ERR,ERR,ERR,ERR,ERR,ERR,ERR,ERR,ERR,ERR,ERR,ERR,ERR,ERR,ERR,ERR,ERR,ERR,ERR,ERR,ERR,ERR,ERR,ERR,ERR,ERR,ERR,ERR,ERR,ERR,ERR,ERR,ERR,ERR,ERR,ERR,ERR,ERR,ERR,ERR,ERR,ERR,ERR,ERR,ERR,ERR,ERR,ERR,ERR,ERR,ERR,ERR,ERR,ERR,ERR,ERR,ERR,ERR,ERR,ERR,0.0,0.0,0.0,0.0,0.0,1.3936040501711995e+18,7.805,0.0,0,0,4,0,8422,0.0,45,0.0,0.0,0.0,0.0,0.0,0,0,0,0,0.0,0,0,0,0,0,0,0,0,0,0,0,0,0,0,0,0,0,0,0,0,0,0,0,0,0,0,0,0,0,0,0,0,0,38,14,7,45,65476,0,300,0,0,8,21553,0.0,-107605600.0,0.0,0.0,0.0,0.0,0.0,0.0,0.0,0.0,0.0,0.0,0.0,0.0,0.0,0.0,0.0,0.0,0.0,0.0,0.0,0.0,0.0,2.004,-0.0,0.0,0.0,0.0,0.0,0.0,4983.0,0.0,0.0,0.0,0.0,-107615280.0,2.718429300292151e+23,0.0,0.0,0.0,0.0,53,-0.0,-107614768.0,0.0,0.0,0.0,0.0,0.0,0.0,0.0,0,0,0,0.0,0.0,0.0,0.0,0.0,0.0,0.0,0.0,0.0,0.0,0.0,0.0,0.0,0.0,0.0,0.0,0,-107875648.0,53,0.0,106,-107614832.0,0.0,ERR,ERR,ERR,ERR,ERR,ERR,ERR,ERR,ERR,ERR,ERR,ERR,ERR,ERR,ERR,ERR,ERR,ERR,ERR,ERR,ERR,ERR,ERR,ERR,ERR,ERR,ERR,ERR,ERR,ERR,ERR,ERR,ERR,ERR,ERR,ERR,ERR,ERR,ERR,ERR,ERR,ERR,ERR,ERR,ERR,ERR,ERR,ERR,ERR,ERR,ERR,ERR,ERR,ERR,ERR,ERR,ERR,ERR,ERR,ERR,ERR,ERR,ERR,ERR,ERR,ERR,ERR,50.0,60.0,100,0.0,0.0,0.0,0.0,0.0,0.0,0.0,0.0,0.0,0.0,0.0,0.0,0.0,0.0,0.0,0.0,61.6,73,14,65513,50,65476,0,300,0,0,8,20529,65476,0,0,26214,60.0,0.0,0.0,0.0,0.0,0.0
2026-05-17T18:39:48,ERR,ERR,ERR,ERR,ERR,ERR,ERR,ERR,ERR,ERR,ERR,ERR,ERR,ERR,ERR,ERR,ERR,ERR,ERR,ERR,ERR,ERR,ERR,ERR,ERR,ERR,ERR,ERR,ERR,ERR,ERR,ERR,ERR,ERR,ERR,ERR,ERR,ERR,ERR,ERR,ERR,ERR,ERR,ERR,ERR,ERR,ERR,ERR,ERR,ERR,ERR,ERR,ERR,ERR,ERR,ERR,ERR,ERR,ERR,ERR,ERR,ERR,ERR,ERR,ERR,ERR,ERR,ERR,ERR,ERR,ERR,ERR,ERR,ERR,ERR,ERR,ERR,ERR,ERR,ERR,ERR,ERR,ERR,ERR,ERR,ERR,ERR,ERR,ERR,ERR,ERR,ERR,ERR,ERR,ERR,ERR,ERR,ERR,ERR,ERR,ERR,ERR,ERR,ERR,ERR,ERR,ERR,ERR,ERR,ERR,ERR,ERR,ERR,ERR,ERR,ERR,ERR,ERR,ERR,ERR,ERR,ERR,ERR,ERR,ERR,0.0,0.0,0.0,0.0,0.0,1.3936040501711995e+18,7.805,0.0,0,0,4,0,8422,0.0,45,0.0,0.0,0.0,0.0,0.0,0,0,0,0,0.0,0,0,0,0,0,0,0,0,0,0,0,0,0,0,0,0,0,0,0,0,0,0,0,0,0,0,0,0,0,0,0,0,0,38,14,7,45,65476,0,300,0,0,8,21553,0.0,-107605600.0,0.0,0.0,0.0,0.0,0.0,0.0,0.0,0.0,0.0,0.0,0.0,0.0,0.0,0.0,0.0,0.0,0.0,0.0,0.0,0.0,0.0,2.004,-0.0,0.0,0.0,0.0,0.0,0.0,4983.0,0.0,0.0,0.0,0.0,-107615280.0,2.718429300292151e+23,0.0,0.0,0.0,0.0,53,-0.0,-107614768.0,0.0,0.0,0.0,0.0,0.0,0.0,0.0,0,0,0,0.0,0.0,0.0,0.0,0.0,0.0,0.0,0.0,0.0,0.0,0.0,0.0,0.0,0.0,0.0,0.0,0,-107875648.0,53,0.0,106,-107614832.0,0.0,ERR,ERR,ERR,ERR,ERR,ERR,ERR,ERR,ERR,ERR,ERR,ERR,ERR,ERR,ERR,ERR,ERR,ERR,ERR,ERR,ERR,ERR,ERR,ERR,ERR,ERR,ERR,ERR,ERR,ERR,ERR,ERR,ERR,ERR,ERR,ERR,ERR,ERR,ERR,ERR,ERR,ERR,ERR,ERR,ERR,ERR,ERR,ERR,ERR,ERR,ERR,ERR,ERR,ERR,ERR,ERR,ERR,ERR,ERR,ERR,ERR,ERR,ERR,ERR,ERR,ERR,ERR,50.0,60.0,100,0.0,0.0,0.0,0.0,0.0,0.0,0.0,0.0,0.0,0.0,0.0,0.0,0.0,0.0,0.0,0.0,62.0,73,14,65513,50,65476,0,300,0,0,8,20529,65476,0,0,26214,60.0,0.0,0.0,0.0,0.0,0.0
2026-05-17T18:39:49,ERR,ERR,ERR,ERR,ERR,ERR,ERR,ERR,ERR,ERR,ERR,ERR,ERR,ERR,ERR,ERR,ERR,ERR,ERR,ERR,ERR,ERR,ERR,ERR,ERR,ERR,ERR,ERR,ERR,ERR,ERR,ERR,ERR,ERR,ERR,ERR,ERR,ERR,ERR,ERR,ERR,ERR,ERR,ERR,ERR,ERR,ERR,ERR,ERR,ERR,ERR,ERR,ERR,ERR,ERR,ERR,ERR,ERR,ERR,ERR,ERR,ERR,ERR,ERR,ERR,ERR,ERR,ERR,ERR,ERR,ERR,ERR,ERR,ERR,ERR,ERR,ERR,ERR,ERR,ERR,ERR,ERR,ERR,ERR,ERR,ERR,ERR,ERR,ERR,ERR,ERR,ERR,ERR,ERR,ERR,ERR,ERR,ERR,ERR,ERR,ERR,ERR,ERR,ERR,ERR,ERR,ERR,ERR,ERR,ERR,ERR,ERR,ERR,ERR,ERR,ERR,ERR,ERR,ERR,ERR,ERR,ERR,ERR,ERR,ERR,0.0,0.0,0.0,0.0,0.0,1.3936040501711995e+18,7.805,0.0,0,0,4,0,8422,0.0,45,0.0,0.0,0.0,0.0,0.0,0,0,0,0,0.0,0,0,0,0,0,0,0,0,0,0,0,0,0,0,0,0,0,0,0,0,0,0,0,0,0,0,0,0,0,0,0,0,0,38,14,7,45,65476,0,300,0,0,8,21553,0.0,-107605600.0,0.0,0.0,0.0,0.0,0.0,0.0,0.0,0.0,0.0,0.0,0.0,0.0,0.0,0.0,0.0,0.0,0.0,0.0,0.0,0.0,0.0,2.004,-0.0,0.0,0.0,0.0,0.0,0.0,4983.0,0.0,0.0,0.0,0.0,-107615280.0,2.718429300292151e+23,0.0,0.0,0.0,0.0,53,-0.0,-107614768.0,0.0,0.0,0.0,0.0,0.0,0.0,0.0,0,0,0,0.0,0.0,0.0,0.0,0.0,0.0,0.0,0.0,0.0,0.0,0.0,0.0,0.0,0.0,0.0,0.0,0,-107875648.0,53,0.0,106,-107614832.0,0.0,ERR,ERR,ERR,ERR,ERR,ERR,ERR,ERR,ERR,ERR,ERR,ERR,ERR,ERR,ERR,ERR,ERR,ERR,ERR,ERR,ERR,ERR,ERR,ERR,ERR,ERR,ERR,ERR,ERR,ERR,ERR,ERR,ERR,ERR,ERR,ERR,ERR,ERR,ERR,ERR,ERR,ERR,ERR,ERR,ERR,ERR,ERR,ERR,ERR,ERR,ERR,ERR,ERR,ERR,ERR,ERR,ERR,ERR,ERR,ERR,ERR,ERR,ERR,ERR,ERR,ERR,ERR,50.0,60.0,100,0.0,0.0,0.0,0.0,0.0,0.0,0.0,0.0,0.0,0.0,0.0,0.0,0.0,0.0,0.0,0.0,62.0,73,14,65513,50,65476,0,300,0,0,8,20529,65476,0,0,26214,60.0,0.0,0.0,0.0,0.0,0.0
2026-05-17T18:39:50,ERR,ERR,ERR,ERR,ERR,ERR,ERR,ERR,ERR,ERR,ERR,ERR,ERR,ERR,ERR,ERR,ERR,ERR,ERR,ERR,ERR,ERR,ERR,ERR,ERR,ERR,ERR,ERR,ERR,ERR,ERR,ERR,ERR,ERR,ERR,ERR,ERR,ERR,ERR,ERR,ERR,ERR,ERR,ERR,ERR,ERR,ERR,ERR,ERR,ERR,ERR,ERR,ERR,ERR,ERR,ERR,ERR,ERR,ERR,ERR,ERR,ERR,ERR,ERR,ERR,ERR,ERR,ERR,ERR,ERR,ERR,ERR,ERR,ERR,ERR,ERR,ERR,ERR,ERR,ERR,ERR,ERR,ERR,ERR,ERR,ERR,ERR,ERR,ERR,ERR,ERR,ERR,ERR,ERR,ERR,ERR,ERR,ERR,ERR,ERR,ERR,ERR,ERR,ERR,ERR,ERR,ERR,ERR,ERR,ERR,ERR,ERR,ERR,ERR,ERR,ERR,ERR,ERR,ERR,ERR,ERR,ERR,ERR,ERR,ERR,0.0,0.0,0.0,0.0,0.0,1.3936040501711995e+18,7.805,0.0,0,0,4,0,8422,0.0,45,0.0,0.0,0.0,0.0,0.0,0,0,0,0,0.0,0,0,0,0,0,0,0,0,0,0,0,0,0,0,0,0,0,0,0,0,0,0,0,0,0,0,0,0,0,0,0,0,0,38,14,7,45,65476,0,300,0,0,8,21553,0.0,-107605600.0,0.0,0.0,0.0,0.0,0.0,0.0,0.0,0.0,0.0,0.0,0.0,0.0,0.0,0.0,0.0,0.0,0.0,0.0,0.0,0.0,0.0,2.004,-0.0,0.0,0.0,0.0,0.0,0.0,4983.0,0.0,0.0,0.0,0.0,-107615280.0,2.718429300292151e+23,0.0,0.0,0.0,0.0,53,-0.0,-107614768.0,0.0,0.0,0.0,0.0,0.0,0.0,0.0,0,0,0,0.0,0.0,0.0,0.0,0.0,0.0,0.0,0.0,0.0,0.0,0.0,0.0,0.0,0.0,0.0,0.0,0,-107875648.0,53,0.0,106,-107614832.0,0.0,ERR,ERR,ERR,ERR,ERR,ERR,ERR,ERR,ERR,ERR,ERR,ERR,ERR,ERR,ERR,ERR,ERR,ERR,ERR,ERR,ERR,ERR,ERR,ERR,ERR,ERR,ERR,ERR,ERR,ERR,ERR,ERR,ERR,ERR,ERR,ERR,ERR,ERR,ERR,ERR,ERR,ERR,ERR,ERR,ERR,ERR,ERR,ERR,ERR,ERR,ERR,ERR,ERR,ERR,ERR,ERR,ERR,ERR,ERR,ERR,ERR,ERR,ERR,ERR,ERR,ERR,ERR,50.0,60.0,100,0.0,0.0,0.0,0.0,0.0,0.0,0.0,0.0,0.0,0.0,0.0,0.0,0.0,0.0,0.0,0.0,61.6,73,14,65513,50,65476,0,300,0,0,8,20529,65476,0,0,26214,60.0,0.0,0.0,0.0,0.0,0.0
2026-05-17T18:39:51,ERR,ERR,ERR,ERR,ERR,ERR,ERR,ERR,ERR,ERR,ERR,ERR,ERR,ERR,ERR,ERR,ERR,ERR,ERR,ERR,ERR,ERR,ERR,ERR,ERR,ERR,ERR,ERR,ERR,ERR,ERR,ERR,ERR,ERR,ERR,ERR,ERR,ERR,ERR,ERR,ERR,ERR,ERR,ERR,ERR,ERR,ERR,ERR,ERR,ERR,ERR,ERR,ERR,ERR,ERR,ERR,ERR,ERR,ERR,ERR,ERR,ERR,ERR,ERR,ERR,ERR,ERR,ERR,ERR,ERR,ERR,ERR,ERR,ERR,ERR,ERR,ERR,ERR,ERR,ERR,ERR,ERR,ERR,ERR,ERR,ERR,ERR,ERR,ERR,ERR,ERR,ERR,ERR,ERR,ERR,ERR,ERR,ERR,ERR,ERR,ERR,ERR,ERR,ERR,ERR,ERR,ERR,ERR,ERR,ERR,ERR,ERR,ERR,ERR,ERR,ERR,ERR,ERR,ERR,ERR,ERR,ERR,ERR,ERR,ERR,0.0,0.0,0.0,0.0,0.0,1.3936040501711995e+18,7.805,0.0,0,0,4,0,8422,0.0,45,0.0,0.0,0.0,0.0,0.0,0,0,0,0,0.0,0,0,0,0,0,0,0,0,0,0,0,0,0,0,0,0,0,0,0,0,0,0,0,0,0,0,0,0,0,0,0,0,0,38,14,7,45,65476,0,300,0,0,8,21553,0.0,-107605600.0,0.0,0.0,0.0,0.0,0.0,0.0,0.0,0.0,0.0,0.0,0.0,0.0,0.0,0.0,0.0,0.0,0.0,0.0,0.0,0.0,0.0,2.004,-0.0,0.0,0.0,0.0,0.0,0.0,4983.0,0.0,0.0,0.0,0.0,-107615280.0,2.718429300292151e+23,0.0,0.0,0.0,0.0,53,-0.0,-107614768.0,0.0,0.0,0.0,0.0,0.0,0.0,0.0,0,0,0,0.0,0.0,0.0,0.0,0.0,0.0,0.0,0.0,0.0,0.0,0.0,0.0,0.0,0.0,0.0,0.0,0,-107875648.0,53,0.0,106,-107614832.0,0.0,ERR,ERR,ERR,ERR,ERR,ERR,ERR,ERR,ERR,ERR,ERR,ERR,ERR,ERR,ERR,ERR,ERR,ERR,ERR,ERR,ERR,ERR,ERR,ERR,ERR,ERR,ERR,ERR,ERR,ERR,ERR,ERR,ERR,ERR,ERR,ERR,ERR,ERR,ERR,ERR,ERR,ERR,ERR,ERR,ERR,ERR,ERR,ERR,ERR,ERR,ERR,ERR,ERR,ERR,ERR,ERR,ERR,ERR,ERR,ERR,ERR,ERR,ERR,ERR,ERR,ERR,ERR,50.0,60.0,100,0.0,0.0,0.0,0.0,0.0,0.0,0.0,0.0,0.0,0.0,0.0,0.0,0.0,0.0,0.0,0.0,61.6,73,14,65513,50,65476,0,300,0,0,8,20529,65476,0,0,26214,60.0,0.0,0.0,0.0,0.0,0.0
2026-05-17T18:39:52,ERR,ERR,ERR,ERR,ERR,ERR,ERR,ERR,ERR,ERR,ERR,ERR,ERR,ERR,ERR,ERR,ERR,ERR,ERR,ERR,ERR,ERR,ERR,ERR,ERR,ERR,ERR,ERR,ERR,ERR,ERR,ERR,ERR,ERR,ERR,ERR,ERR,ERR,ERR,ERR,ERR,ERR,ERR,ERR,ERR,ERR,ERR,ERR,ERR,ERR,ERR,ERR,ERR,ERR,ERR,ERR,ERR,ERR,ERR,ERR,ERR,ERR,ERR,ERR,ERR,ERR,ERR,ERR,ERR,ERR,ERR,ERR,ERR,ERR,ERR,ERR,ERR,ERR,ERR,ERR,ERR,ERR,ERR,ERR,ERR,ERR,ERR,ERR,ERR,ERR,ERR,ERR,ERR,ERR,ERR,ERR,ERR,ERR,ERR,ERR,ERR,ERR,ERR,ERR,ERR,ERR,ERR,ERR,ERR,ERR,ERR,ERR,ERR,ERR,ERR,ERR,ERR,ERR,ERR,ERR,ERR,ERR,ERR,ERR,ERR,0.0,0.0,0.0,0.0,0.0,1.3936040501711995e+18,7.805,0.0,0,0,4,0,8422,0.0,45,0.0,0.0,0.0,0.0,0.0,0,0,0,0,0.0,0,0,0,0,0,0,0,0,0,0,0,0,0,0,0,0,0,0,0,0,0,0,0,0,0,0,0,0,0,0,0,0,0,38,14,7,45,65476,0,300,0,0,8,21553,0.0,-107605600.0,0.0,0.0,0.0,0.0,0.0,0.0,0.0,0.0,0.0,0.0,0.0,0.0,0.0,0.0,0.0,0.0,0.0,0.0,0.0,0.0,2.004,2.004,-0.0,0.0,0.0,0.0,0.0,0.0,4985.0,0.0,0.0,0.0,0.0,-107615280.0,2.718429300292151e+23,0.0,0.0,0.0,0.0,53,-0.0,-0.0,0.0,0.0,0.0,0.0,0.0,0.0,0.0,0,0,0,0.0,0.0,0.0,0.0,0.0,0.0,0.0,0.0,0.0,0.0,0.0,0.0,0.0,0.0,0.0,0.0,0,-107875648.0,53,0.0,106,-107614832.0,0.0,ERR,ERR,ERR,ERR,ERR,ERR,ERR,ERR,ERR,ERR,ERR,ERR,ERR,ERR,ERR,ERR,ERR,ERR,ERR,ERR,ERR,ERR,ERR,ERR,ERR,ERR,ERR,ERR,ERR,ERR,ERR,ERR,ERR,ERR,ERR,ERR,ERR,ERR,ERR,ERR,ERR,ERR,ERR,ERR,ERR,ERR,ERR,ERR,ERR,ERR,ERR,ERR,ERR,ERR,ERR,ERR,ERR,ERR,ERR,ERR,ERR,ERR,ERR,ERR,ERR,ERR,ERR,50.0,60.0,100,0.0,0.0,0.0,0.0,0.0,0.0,0.0,0.0,0.0,0.0,0.0,0.0,0.0,0.0,0.0,0.0,61.6,73,14,65513,50,65476,0,300,0,0,8,20529,65476,0,0,26214,60.0,0.0,0.0,0.0,0.0,0.0
2026-05-17T18:39:53,ERR,ERR,ERR,ERR,ERR,ERR,ERR,ERR,ERR,ERR,ERR,ERR,ERR,ERR,ERR,ERR,ERR,ERR,ERR,ERR,ERR,ERR,ERR,ERR,ERR,ERR,ERR,ERR,ERR,ERR,ERR,ERR,ERR,ERR,ERR,ERR,ERR,ERR,ERR,ERR,ERR,ERR,ERR,ERR,ERR,ERR,ERR,ERR,ERR,ERR,ERR,ERR,ERR,ERR,ERR,ERR,ERR,ERR,ERR,ERR,ERR,ERR,ERR,ERR,ERR,ERR,ERR,ERR,ERR,ERR,ERR,ERR,ERR,ERR,ERR,ERR,ERR,ERR,ERR,ERR,ERR,ERR,ERR,ERR,ERR,ERR,ERR,ERR,ERR,ERR,ERR,ERR,ERR,ERR,ERR,ERR,ERR,ERR,ERR,ERR,ERR,ERR,ERR,ERR,ERR,ERR,ERR,ERR,ERR,ERR,ERR,ERR,ERR,ERR,ERR,ERR,ERR,ERR,ERR,ERR,ERR,ERR,ERR,ERR,ERR,0.0,0.0,0.0,0.0,0.0,1.3936040501711995e+18,7.805,0.0,0,0,4,0,8422,0.0,45,0.0,0.0,0.0,0.0,0.0,0,0,0,0,0.0,0,0,0,0,0,0,0,0,0,0,0,0,0,0,0,0,0,0,0,0,0,0,0,0,0,0,0,0,0,0,0,0,0,38,14,7,45,65476,0,300,0,0,8,21553,0.0,-107605600.0,0.0,0.0,0.0,0.0,0.0,0.0,0.0,0.0,0.0,0.0,0.0,0.0,0.0,0.0,0.0,0.0,0.0,0.0,0.0,0.0,2.004,2.004,-0.0,0.0,0.0,0.0,0.0,0.0,4985.0,0.0,0.0,0.0,0.0,-107615280.0,2.718429300292151e+23,0.0,0.0,0.0,0.0,53,-0.0,-0.0,0.0,0.0,0.0,0.0,0.0,0.0,0.0,0,0,0,0.0,0.0,0.0,0.0,0.0,0.0,0.0,0.0,0.0,0.0,0.0,0.0,0.0,0.0,0.0,0.0,0,-107875648.0,53,0.0,106,-107614832.0,0.0,ERR,ERR,ERR,ERR,ERR,ERR,ERR,ERR,ERR,ERR,ERR,ERR,ERR,ERR,ERR,ERR,ERR,ERR,ERR,ERR,ERR,ERR,ERR,ERR,ERR,ERR,ERR,ERR,ERR,ERR,ERR,ERR,ERR,ERR,ERR,ERR,ERR,ERR,ERR,ERR,ERR,ERR,ERR,ERR,ERR,ERR,ERR,ERR,ERR,ERR,ERR,ERR,ERR,ERR,ERR,ERR,ERR,ERR,ERR,ERR,ERR,ERR,ERR,ERR,ERR,ERR,ERR,50.0,60.0,100,0.0,0.0,0.0,0.0,0.0,0.0,0.0,0.0,0.0,0.0,0.0,0.0,0.0,0.0,0.0,0.0,62.0,73,14,65513,50,65476,0,300,0,0,8,20529,65476,0,0,26214,60.0,0.0,0.0,0.0,0.0,0.0
2026-05-17T18:39:54,ERR,ERR,ERR,ERR,ERR,ERR,ERR,ERR,ERR,ERR,ERR,ERR,ERR,ERR,ERR,ERR,ERR,ERR,ERR,ERR,ERR,ERR,ERR,ERR,ERR,ERR,ERR,ERR,ERR,ERR,ERR,ERR,ERR,ERR,ERR,ERR,ERR,ERR,ERR,ERR,ERR,ERR,ERR,ERR,ERR,ERR,ERR,ERR,ERR,ERR,ERR,ERR,ERR,ERR,ERR,ERR,ERR,ERR,ERR,ERR,ERR,ERR,ERR,ERR,ERR,ERR,ERR,ERR,ERR,ERR,ERR,ERR,ERR,ERR,ERR,ERR,ERR,ERR,ERR,ERR,ERR,ERR,ERR,ERR,ERR,ERR,ERR,ERR,ERR,ERR,ERR,ERR,ERR,ERR,ERR,ERR,ERR,ERR,ERR,ERR,ERR,ERR,ERR,ERR,ERR,ERR,ERR,ERR,ERR,ERR,ERR,ERR,ERR,ERR,ERR,ERR,ERR,ERR,ERR,ERR,ERR,ERR,ERR,ERR,ERR,0.0,0.0,0.0,0.0,0.0,1.3936040501711995e+18,7.805,0.0,0,0,4,0,8422,0.0,45,0.0,0.0,0.0,0.0,0.0,0,0,0,0,0.0,0,0,0,0,0,0,0,0,0,0,0,0,0,0,0,0,0,0,0,0,0,0,0,0,0,0,0,0,0,0,0,0,0,38,14,7,45,65476,0,300,0,0,8,21553,0.0,-107605600.0,0.0,0.0,0.0,0.0,0.0,0.0,0.0,0.0,0.0,0.0,0.0,0.0,0.0,0.0,0.0,0.0,0.0,0.0,0.0,0.0,2.004,2.004,-0.0,0.0,0.0,0.0,0.0,0.0,4985.0,0.0,0.0,0.0,0.0,-107615280.0,2.718429300292151e+23,0.0,0.0,0.0,0.0,53,-0.0,-0.0,0.0,0.0,0.0,0.0,0.0,0.0,0.0,0,0,0,0.0,0.0,0.0,0.0,0.0,0.0,0.0,0.0,0.0,0.0,0.0,0.0,0.0,0.0,0.0,0.0,0,-107875648.0,53,0.0,106,-107614832.0,0.0,ERR,ERR,ERR,ERR,ERR,ERR,ERR,ERR,ERR,ERR,ERR,ERR,ERR,ERR,ERR,ERR,ERR,ERR,ERR,ERR,ERR,ERR,ERR,ERR,ERR,ERR,ERR,ERR,ERR,ERR,ERR,ERR,ERR,ERR,ERR,ERR,ERR,ERR,ERR,ERR,ERR,ERR,ERR,ERR,ERR,ERR,ERR,ERR,ERR,ERR,ERR,ERR,ERR,ERR,ERR,ERR,ERR,ERR,ERR,ERR,ERR,ERR,ERR,ERR,ERR,ERR,ERR,50.0,60.0,100,0.0,0.0,0.0,0.0,0.0,0.0,0.0,0.0,0.0,0.0,0.0,0.0,0.0,0.0,0.0,0.0,62.0,73,14,65513,50,65476,0,300,0,0,8,20529,65476,0,0,26214,60.0,0.0,0.0,0.0,0.0,0.0
2026-05-17T18:39:55,ERR,ERR,ERR,ERR,ERR,ERR,ERR,ERR,ERR,ERR,ERR,ERR,ERR,ERR,ERR,ERR,ERR,ERR,ERR,ERR,ERR,ERR,ERR,ERR,ERR,ERR,ERR,ERR,ERR,ERR,ERR,ERR,ERR,ERR,ERR,ERR,ERR,ERR,ERR,ERR,ERR,ERR,ERR,ERR,ERR,ERR,ERR,ERR,ERR,ERR,ERR,ERR,ERR,ERR,ERR,ERR,ERR,ERR,ERR,ERR,ERR,ERR,ERR,ERR,ERR,ERR,ERR,ERR,ERR,ERR,ERR,ERR,ERR,ERR,ERR,ERR,ERR,ERR,ERR,ERR,ERR,ERR,ERR,ERR,ERR,ERR,ERR,ERR,ERR,ERR,ERR,ERR,ERR,ERR,ERR,ERR,ERR,ERR,ERR,ERR,ERR,ERR,ERR,ERR,ERR,ERR,ERR,ERR,ERR,ERR,ERR,ERR,ERR,ERR,ERR,ERR,ERR,ERR,ERR,ERR,ERR,ERR,ERR,ERR,ERR,0.0,0.0,0.0,0.0,0.0,1.3936040501711995e+18,7.805,0.0,0,0,4,0,8422,0.0,45,0.0,0.0,0.0,0.0,0.0,0,0,0,0,0.0,0,0,0,0,0,0,0,0,0,0,0,0,0,0,0,0,0,0,0,0,0,0,0,0,0,0,0,0,0,0,0,0,0,38,14,7,45,65476,0,300,0,0,8,21553,0.0,-107605600.0,0.0,0.0,0.0,0.0,0.0,0.0,0.0,0.0,0.0,0.0,0.0,0.0,0.0,0.0,0.0,0.0,0.0,0.0,0.0,0.0,2.004,2.004,-0.0,0.0,0.0,0.0,0.0,0.0,4985.0,0.0,0.0,0.0,0.0,-107615280.0,2.718429300292151e+23,0.0,0.0,0.0,0.0,53,-0.0,-0.0,0.0,0.0,0.0,0.0,0.0,0.0,0.0,0,0,0,0.0,0.0,0.0,0.0,0.0,0.0,0.0,0.0,0.0,0.0,0.0,0.0,0.0,0.0,0.0,0.0,0,-107875648.0,53,0.0,106,-107614832.0,0.0,ERR,ERR,ERR,ERR,ERR,ERR,ERR,ERR,ERR,ERR,ERR,ERR,ERR,ERR,ERR,ERR,ERR,ERR,ERR,ERR,ERR,ERR,ERR,ERR,ERR,ERR,ERR,ERR,ERR,ERR,ERR,ERR,ERR,ERR,ERR,ERR,ERR,ERR,ERR,ERR,ERR,ERR,ERR,ERR,ERR,ERR,ERR,ERR,ERR,ERR,ERR,ERR,ERR,ERR,ERR,ERR,ERR,ERR,ERR,ERR,ERR,ERR,ERR,ERR,ERR,ERR,ERR,50.0,60.0,100,0.0,0.0,0.0,0.0,0.0,0.0,0.0,0.0,0.0,0.0,0.0,0.0,0.0,0.0,0.0,0.0,61.6,73,14,65513,50,65476,0,300,0,0,8,20529,65476,0,0,26214,60.0,0.0,0.0,0.0,0.0,0.0
2026-05-17T18:39:56,ERR,ERR,ERR,ERR,ERR,ERR,ERR,ERR,ERR,ERR,ERR,ERR,ERR,ERR,ERR,ERR,ERR,ERR,ERR,ERR,ERR,ERR,ERR,ERR,ERR,ERR,ERR,ERR,ERR,ERR,ERR,ERR,ERR,ERR,ERR,ERR,ERR,ERR,ERR,ERR,ERR,ERR,ERR,ERR,ERR,ERR,ERR,ERR,ERR,ERR,ERR,ERR,ERR,ERR,ERR,ERR,ERR,ERR,ERR,ERR,ERR,ERR,ERR,ERR,ERR,ERR,ERR,ERR,ERR,ERR,ERR,ERR,ERR,ERR,ERR,ERR,ERR,ERR,ERR,ERR,ERR,ERR,ERR,ERR,ERR,ERR,ERR,ERR,ERR,ERR,ERR,ERR,ERR,ERR,ERR,ERR,ERR,ERR,ERR,ERR,ERR,ERR,ERR,ERR,ERR,ERR,ERR,ERR,ERR,ERR,ERR,ERR,ERR,ERR,ERR,ERR,ERR,ERR,ERR,ERR,ERR,ERR,ERR,ERR,ERR,0.0,0.0,0.0,0.0,0.0,1.3936040501711995e+18,7.805,0.0,0,0,4,0,8422,0.0,45,0.0,0.0,0.0,0.0,0.0,0,0,0,0,0.0,0,0,0,0,0,0,0,0,0,0,0,0,0,0,0,0,0,0,0,0,0,0,0,0,0,0,0,0,0,0,0,0,0,38,14,7,45,65476,0,300,0,0,8,21553,0.0,-107605600.0,0.0,0.0,0.0,0.0,0.0,0.0,0.0,0.0,0.0,0.0,0.0,0.0,0.0,0.0,0.0,0.0,0.0,0.0,0.0,0.0,2.004,2.004,-0.0,0.0,0.0,0.0,0.0,0.0,4985.0,0.0,0.0,0.0,0.0,-107615280.0,2.718429300292151e+23,0.0,0.0,0.0,0.0,53,-0.0,-0.0,0.0,0.0,0.0,0.0,0.0,0.0,0.0,0,0,0,0.0,0.0,0.0,0.0,0.0,0.0,0.0,0.0,0.0,0.0,0.0,0.0,0.0,0.0,0.0,0.0,0,-107875648.0,53,0.0,106,-107614832.0,0.0,ERR,ERR,ERR,ERR,ERR,ERR,ERR,ERR,ERR,ERR,ERR,ERR,ERR,ERR,ERR,ERR,ERR,ERR,ERR,ERR,ERR,ERR,ERR,ERR,ERR,ERR,ERR,ERR,ERR,ERR,ERR,ERR,ERR,ERR,ERR,ERR,ERR,ERR,ERR,ERR,ERR,ERR,ERR,ERR,ERR,ERR,ERR,ERR,ERR,ERR,ERR,ERR,ERR,ERR,ERR,ERR,ERR,ERR,ERR,ERR,ERR,ERR,ERR,ERR,ERR,ERR,ERR,50.0,60.0,100,0.0,0.0,0.0,0.0,0.0,0.0,0.0,0.0,0.0,0.0,0.0,0.0,0.0,0.0,0.0,0.0,61.6,73,14,65513,50,65476,0,300,0,0,8,20529,65476,0,0,26214,60.0,0.0,0.0,0.0,0.0,0.0
2026-05-17T18:39:57,ERR,ERR,ERR,ERR,ERR,ERR,ERR,ERR,ERR,ERR,ERR,ERR,ERR,ERR,ERR,ERR,ERR,ERR,ERR,ERR,ERR,ERR,ERR,ERR,ERR,ERR,ERR,ERR,ERR,ERR,ERR,ERR,ERR,ERR,ERR,ERR,ERR,ERR,ERR,ERR,ERR,ERR,ERR,ERR,ERR,ERR,ERR,ERR,ERR,ERR,ERR,ERR,ERR,ERR,ERR,ERR,ERR,ERR,ERR,ERR,ERR,ERR,ERR,ERR,ERR,ERR,ERR,ERR,ERR,ERR,ERR,ERR,ERR,ERR,ERR,ERR,ERR,ERR,ERR,ERR,ERR,ERR,ERR,ERR,ERR,ERR,ERR,ERR,ERR,ERR,ERR,ERR,ERR,ERR,ERR,ERR,ERR,ERR,ERR,ERR,ERR,ERR,ERR,ERR,ERR,ERR,ERR,ERR,ERR,ERR,ERR,ERR,ERR,ERR,ERR,ERR,ERR,ERR,ERR,ERR,ERR,ERR,ERR,ERR,ERR,0.0,0.0,0.0,0.0,0.0,1.3936040501711995e+18,7.805,0.0,0,0,4,0,8422,0.0,45,0.0,0.0,0.0,0.0,0.0,0,0,0,0,0.0,0,0,0,0,0,0,0,0,0,0,0,0,0,0,0,0,0,0,0,0,0,0,0,0,0,0,0,0,0,0,0,0,0,38,14,7,45,65476,0,300,0,0,8,21553,0.0,-107605600.0,0.0,0.0,0.0,0.0,0.0,0.0,0.0,0.0,0.0,0.0,0.0,0.0,0.0,0.0,0.0,0.0,0.0,0.0,0.0,0.0,0.0,2.004,-0.0,0.0,0.0,0.0,0.0,0.0,4990.0,0.0,0.0,0.0,0.0,-107615280.0,2.718429300292151e+23,0.0,0.0,0.0,0.0,53,-0.0,89220.547,0.0,0.0,0.0,0.0,0.0,0.0,0.0,0,0,0,0.0,0.0,0.0,0.0,0.0,0.0,0.0,0.0,0.0,0.0,0.0,0.0,0.0,0.0,0.0,0.0,0,-107875648.0,53,0.0,106,-107614832.0,0.0,ERR,ERR,ERR,ERR,ERR,ERR,ERR,ERR,ERR,ERR,ERR,ERR,ERR,ERR,ERR,ERR,ERR,ERR,ERR,ERR,ERR,ERR,ERR,ERR,ERR,ERR,ERR,ERR,ERR,ERR,ERR,ERR,ERR,ERR,ERR,ERR,ERR,ERR,ERR,ERR,ERR,ERR,ERR,ERR,ERR,ERR,ERR,ERR,ERR,ERR,ERR,ERR,ERR,ERR,ERR,ERR,ERR,ERR,ERR,ERR,ERR,ERR,ERR,ERR,ERR,ERR,ERR,50.0,60.0,100,0.0,0.0,0.0,0.0,0.0,0.0,0.0,0.0,0.0,0.0,0.0,0.0,0.0,0.0,0.0,0.0,61.6,73,14,65513,50,65476,0,300,0,0,8,20529,65476,0,0,26214,60.0,0.0,0.0,0.0,0.0,0.0
2026-05-17T18:39:58,ERR,ERR,ERR,ERR,ERR,ERR,ERR,ERR,ERR,ERR,ERR,ERR,ERR,ERR,ERR,ERR,ERR,ERR,ERR,ERR,ERR,ERR,ERR,ERR,ERR,ERR,ERR,ERR,ERR,ERR,ERR,ERR,ERR,ERR,ERR,ERR,ERR,ERR,ERR,ERR,ERR,ERR,ERR,ERR,ERR,ERR,ERR,ERR,ERR,ERR,ERR,ERR,ERR,ERR,ERR,ERR,ERR,ERR,ERR,ERR,ERR,ERR,ERR,ERR,ERR,ERR,ERR,ERR,ERR,ERR,ERR,ERR,ERR,ERR,ERR,ERR,ERR,ERR,ERR,ERR,ERR,ERR,ERR,ERR,ERR,ERR,ERR,ERR,ERR,ERR,ERR,ERR,ERR,ERR,ERR,ERR,ERR,ERR,ERR,ERR,ERR,ERR,ERR,ERR,ERR,ERR,ERR,ERR,ERR,ERR,ERR,ERR,ERR,ERR,ERR,ERR,ERR,ERR,ERR,ERR,ERR,ERR,ERR,ERR,ERR,0.0,0.0,0.0,0.0,0.0,1.3936040501711995e+18,7.805,0.0,0,0,4,0,8422,0.0,45,0.0,0.0,0.0,0.0,0.0,0,0,0,0,0.0,0,0,0,0,0,0,0,0,0,0,0,0,0,0,0,0,0,0,0,0,0,0,0,0,0,0,0,0,0,0,0,0,0,38,14,7,45,65476,0,300,0,0,8,21553,0.0,-107605600.0,0.0,0.0,0.0,0.0,0.0,0.0,0.0,0.0,0.0,0.0,0.0,0.0,0.0,0.0,0.0,0.0,0.0,0.0,0.0,0.0,0.0,2.004,-0.0,0.0,0.0,0.0,0.0,0.0,4990.0,0.0,0.0,0.0,0.0,-107615280.0,2.718429300292151e+23,0.0,0.0,0.0,0.0,53,-0.0,89220.547,0.0,0.0,0.0,0.0,0.0,0.0,0.0,0,0,0,0.0,0.0,0.0,0.0,0.0,0.0,0.0,0.0,0.0,0.0,0.0,0.0,0.0,0.0,0.0,0.0,0,-107875648.0,53,0.0,106,-107614832.0,0.0,ERR,ERR,ERR,ERR,ERR,ERR,ERR,ERR,ERR,ERR,ERR,ERR,ERR,ERR,ERR,ERR,ERR,ERR,ERR,ERR,ERR,ERR,ERR,ERR,ERR,ERR,ERR,ERR,ERR,ERR,ERR,ERR,ERR,ERR,ERR,ERR,ERR,ERR,ERR,ERR,ERR,ERR,ERR,ERR,ERR,ERR,ERR,ERR,ERR,ERR,ERR,ERR,ERR,ERR,ERR,ERR,ERR,ERR,ERR,ERR,ERR,ERR,ERR,ERR,ERR,ERR,ERR,50.0,60.0,100,0.0,0.0,0.0,0.0,0.0,0.0,0.0,0.0,0.0,0.0,0.0,0.0,0.0,0.0,0.0,0.0,61.6,73,14,65513,50,65476,0,300,0,0,8,20529,65476,0,0,26214,60.0,0.0,0.0,0.0,0.0,0.0
2026-05-17T18:39:59,ERR,ERR,ERR,ERR,ERR,ERR,ERR,ERR,ERR,ERR,ERR,ERR,ERR,ERR,ERR,ERR,ERR,ERR,ERR,ERR,ERR,ERR,ERR,ERR,ERR,ERR,ERR,ERR,ERR,ERR,ERR,ERR,ERR,ERR,ERR,ERR,ERR,ERR,ERR,ERR,ERR,ERR,ERR,ERR,ERR,ERR,ERR,ERR,ERR,ERR,ERR,ERR,ERR,ERR,ERR,ERR,ERR,ERR,ERR,ERR,ERR,ERR,ERR,ERR,ERR,ERR,ERR,ERR,ERR,ERR,ERR,ERR,ERR,ERR,ERR,ERR,ERR,ERR,ERR,ERR,ERR,ERR,ERR,ERR,ERR,ERR,ERR,ERR,ERR,ERR,ERR,ERR,ERR,ERR,ERR,ERR,ERR,ERR,ERR,ERR,ERR,ERR,ERR,ERR,ERR,ERR,ERR,ERR,ERR,ERR,ERR,ERR,ERR,ERR,ERR,ERR,ERR,ERR,ERR,ERR,ERR,ERR,ERR,ERR,ERR,0.0,0.0,0.0,0.0,0.0,1.3936040501711995e+18,7.805,0.0,0,0,4,0,8422,0.0,45,0.0,0.0,0.0,0.0,0.0,0,0,0,0,0.0,0,0,0,0,0,0,0,0,0,0,0,0,0,0,0,0,0,0,0,0,0,0,0,0,0,0,0,0,0,0,0,0,0,38,14,7,45,65476,0,300,0,0,8,21553,0.0,-107605600.0,0.0,0.0,0.0,0.0,0.0,0.0,0.0,0.0,0.0,0.0,0.0,0.0,0.0,0.0,0.0,0.0,0.0,0.0,0.0,0.0,0.0,2.004,-0.0,0.0,0.0,0.0,0.0,0.0,4990.0,0.0,0.0,0.0,0.0,-107615280.0,2.718429300292151e+23,0.0,0.0,0.0,0.0,53,-0.0,89220.547,0.0,0.0,0.0,0.0,0.0,0.0,0.0,0,0,0,0.0,0.0,0.0,0.0,0.0,0.0,0.0,0.0,0.0,0.0,0.0,0.0,0.0,0.0,0.0,0.0,0,-107875648.0,53,0.0,106,-107614832.0,0.0,ERR,ERR,ERR,ERR,ERR,ERR,ERR,ERR,ERR,ERR,ERR,ERR,ERR,ERR,ERR,ERR,ERR,ERR,ERR,ERR,ERR,ERR,ERR,ERR,ERR,ERR,ERR,ERR,ERR,ERR,ERR,ERR,ERR,ERR,ERR,ERR,ERR,ERR,ERR,ERR,ERR,ERR,ERR,ERR,ERR,ERR,ERR,ERR,ERR,ERR,ERR,ERR,ERR,ERR,ERR,ERR,ERR,ERR,ERR,ERR,ERR,ERR,ERR,ERR,ERR,ERR,ERR,50.0,60.0,100,0.0,0.0,0.0,0.0,0.0,0.0,0.0,0.0,0.0,0.0,0.0,0.0,0.0,0.0,0.0,0.0,61.6,73,14,65513,50,65476,0,300,0,0,8,20529,65476,0,0,26214,60.0,0.0,0.0,0.0,0.0,0.0
2026-05-17T18:40:00,ERR,ERR,ERR,ERR,ERR,ERR,ERR,ERR,ERR,ERR,ERR,ERR,ERR,ERR,ERR,ERR,ERR,ERR,ERR,ERR,ERR,ERR,ERR,ERR,ERR,ERR,ERR,ERR,ERR,ERR,ERR,ERR,ERR,ERR,ERR,ERR,ERR,ERR,ERR,ERR,ERR,ERR,ERR,ERR,ERR,ERR,ERR,ERR,ERR,ERR,ERR,ERR,ERR,ERR,ERR,ERR,ERR,ERR,ERR,ERR,ERR,ERR,ERR,ERR,ERR,ERR,ERR,ERR,ERR,ERR,ERR,ERR,ERR,ERR,ERR,ERR,ERR,ERR,ERR,ERR,ERR,ERR,ERR,ERR,ERR,ERR,ERR,ERR,ERR,ERR,ERR,ERR,ERR,ERR,ERR,ERR,ERR,ERR,ERR,ERR,ERR,ERR,ERR,ERR,ERR,ERR,ERR,ERR,ERR,ERR,ERR,ERR,ERR,ERR,ERR,ERR,ERR,ERR,ERR,ERR,ERR,ERR,ERR,ERR,ERR,0.0,0.0,0.0,0.0,0.0,1.3936040501711995e+18,7.805,0.0,0,0,4,0,8422,0.0,45,0.0,0.0,0.0,0.0,0.0,0,0,0,0,0.0,0,0,0,0,0,0,0,0,0,0,0,0,0,0,0,0,0,0,0,0,0,0,0,0,0,0,0,0,0,0,0,0,0,38,14,7,45,65476,0,300,0,0,8,21553,0.0,-107605600.0,0.0,0.0,0.0,0.0,0.0,0.0,0.0,0.0,0.0,0.0,0.0,0.0,0.0,0.0,0.0,0.0,0.0,0.0,0.0,0.0,0.0,2.004,-0.0,0.0,0.0,0.0,0.0,0.0,4990.0,0.0,0.0,0.0,0.0,-107615280.0,2.718429300292151e+23,0.0,0.0,0.0,0.0,53,-0.0,89220.547,0.0,0.0,0.0,0.0,0.0,0.0,0.0,0,0,0,0.0,0.0,0.0,0.0,0.0,0.0,0.0,0.0,0.0,0.0,0.0,0.0,0.0,0.0,0.0,0.0,0,-107875648.0,53,0.0,106,-107614832.0,0.0,ERR,ERR,ERR,ERR,ERR,ERR,ERR,ERR,ERR,ERR,ERR,ERR,ERR,ERR,ERR,ERR,ERR,ERR,ERR,ERR,ERR,ERR,ERR,ERR,ERR,ERR,ERR,ERR,ERR,ERR,ERR,ERR,ERR,ERR,ERR,ERR,ERR,ERR,ERR,ERR,ERR,ERR,ERR,ERR,ERR,ERR,ERR,ERR,ERR,ERR,ERR,ERR,ERR,ERR,ERR,ERR,ERR,ERR,ERR,ERR,ERR,ERR,ERR,ERR,ERR,ERR,ERR,50.0,60.0,100,0.0,0.0,0.0,0.0,0.0,0.0,0.0,0.0,0.0,0.0,0.0,0.0,0.0,0.0,0.0,0.0,61.6,73,14,65513,50,65476,0,300,0,0,8,20529,65476,0,0,26214,60.0,0.0,0.0,0.0,0.0,0.0
2026-05-17T18:40:01,ERR,ERR,ERR,ERR,ERR,ERR,ERR,ERR,ERR,ERR,ERR,ERR,ERR,ERR,ERR,ERR,ERR,ERR,ERR,ERR,ERR,ERR,ERR,ERR,ERR,ERR,ERR,ERR,ERR,ERR,ERR,ERR,ERR,ERR,ERR,ERR,ERR,ERR,ERR,ERR,ERR,ERR,ERR,ERR,ERR,ERR,ERR,ERR,ERR,ERR,ERR,ERR,ERR,ERR,ERR,ERR,ERR,ERR,ERR,ERR,ERR,ERR,ERR,ERR,ERR,ERR,ERR,ERR,ERR,ERR,ERR,ERR,ERR,ERR,ERR,ERR,ERR,ERR,ERR,ERR,ERR,ERR,ERR,ERR,ERR,ERR,ERR,ERR,ERR,ERR,ERR,ERR,ERR,ERR,ERR,ERR,ERR,ERR,ERR,ERR,ERR,ERR,ERR,ERR,ERR,ERR,ERR,ERR,ERR,ERR,ERR,ERR,ERR,ERR,ERR,ERR,ERR,ERR,ERR,ERR,ERR,ERR,ERR,ERR,ERR,0.0,0.0,0.0,0.0,0.0,1.3936040501711995e+18,7.805,0.0,0,0,4,0,8422,0.0,45,0.0,0.0,0.0,0.0,0.0,0,0,0,0,0.0,0,0,0,0,0,0,0,0,0,0,0,0,0,0,0,0,0,0,0,0,0,0,0,0,0,0,0,0,0,0,0,0,0,38,14,7,45,65476,0,300,0,0,8,21553,0.0,-107605600.0,0.0,0.0,0.0,0.0,0.0,0.0,0.0,0.0,0.0,0.0,0.0,0.0,0.0,0.0,0.0,0.0,0.0,0.0,0.0,0.0,0.0,2.004,-0.0,0.0,0.0,0.0,0.0,0.0,4990.0,0.0,0.0,0.0,0.0,-107615280.0,2.718429300292151e+23,0.0,0.0,0.0,0.0,53,-0.0,89220.547,0.0,0.0,0.0,0.0,0.0,0.0,0.0,0,0,0,0.0,0.0,0.0,0.0,0.0,0.0,0.0,0.0,0.0,0.0,0.0,0.0,0.0,0.0,0.0,0.0,0,-107875648.0,53,0.0,106,-107614832.0,0.0,ERR,ERR,ERR,ERR,ERR,ERR,ERR,ERR,ERR,ERR,ERR,ERR,ERR,ERR,ERR,ERR,ERR,ERR,ERR,ERR,ERR,ERR,ERR,ERR,ERR,ERR,ERR,ERR,ERR,ERR,ERR,ERR,ERR,ERR,ERR,ERR,ERR,ERR,ERR,ERR,ERR,ERR,ERR,ERR,ERR,ERR,ERR,ERR,ERR,ERR,ERR,ERR,ERR,ERR,ERR,ERR,ERR,ERR,ERR,ERR,ERR,ERR,ERR,ERR,ERR,ERR,ERR,50.0,60.0,100,0.0,0.0,0.0,0.0,0.0,0.0,0.0,0.0,0.0,0.0,0.0,0.0,0.0,0.0,0.0,0.0,61.6,73,14,65513,50,65476,0,300,0,0,8,20529,65476,0,0,26214,60.0,0.0,0.0,0.0,0.0,0.0
2026-05-17T18:40:02,ERR,ERR,ERR,ERR,ERR,ERR,ERR,ERR,ERR,ERR,ERR,ERR,ERR,ERR,ERR,ERR,ERR,ERR,ERR,ERR,ERR,ERR,ERR,ERR,ERR,ERR,ERR,ERR,ERR,ERR,ERR,ERR,ERR,ERR,ERR,ERR,ERR,ERR,ERR,ERR,ERR,ERR,ERR,ERR,ERR,ERR,ERR,ERR,ERR,ERR,ERR,ERR,ERR,ERR,ERR,ERR,ERR,ERR,ERR,ERR,ERR,ERR,ERR,ERR,ERR,ERR,ERR,ERR,ERR,ERR,ERR,ERR,ERR,ERR,ERR,ERR,ERR,ERR,ERR,ERR,ERR,ERR,ERR,ERR,ERR,ERR,ERR,ERR,ERR,ERR,ERR,ERR,ERR,ERR,ERR,ERR,ERR,ERR,ERR,ERR,ERR,ERR,ERR,ERR,ERR,ERR,ERR,ERR,ERR,ERR,ERR,ERR,ERR,ERR,ERR,ERR,ERR,ERR,ERR,ERR,ERR,ERR,ERR,ERR,ERR,0.0,0.0,0.0,0.0,0.0,1.3936040501711995e+18,7.805,0.0,0,0,4,0,8422,0.0,45,0.0,0.0,0.0,0.0,0.0,0,0,0,0,0.0,0,0,0,0,0,0,0,0,0,0,0,0,0,0,0,0,0,0,0,0,0,0,0,0,0,0,0,0,0,0,0,0,0,38,14,7,45,65476,0,300,0,0,8,21553,0.0,-107605600.0,0.0,0.0,0.0,0.0,0.0,0.0,0.0,0.0,0.0,0.0,0.0,0.0,0.0,0.0,0.0,0.0,0.0,0.0,0.0,0.0,0.0,2.004,-0.0,0.0,0.0,0.0,0.0,0.0,4951.0,-564145699160064.0,0.0,0.0,0.0,-107615280.0,2.718429300292151e+23,0.0,0.0,0.0,0.0,53,-0.0,0.059,0.0,0.0,0.0,0.0,0.0,0.0,0.0,0,0,0,0.0,0.0,0.0,0.0,0.0,0.0,0.0,0.0,0.0,0.0,0.0,0.0,0.0,0.0,0.0,0.0,0,-107875648.0,53,0.0,106,-107614832.0,0.0,ERR,ERR,ERR,ERR,ERR,ERR,ERR,ERR,ERR,ERR,ERR,ERR,ERR,ERR,ERR,ERR,ERR,ERR,ERR,ERR,ERR,ERR,ERR,ERR,ERR,ERR,ERR,ERR,ERR,ERR,ERR,ERR,ERR,ERR,ERR,ERR,ERR,ERR,ERR,ERR,ERR,ERR,ERR,ERR,ERR,ERR,ERR,ERR,ERR,ERR,ERR,ERR,ERR,ERR,ERR,ERR,ERR,ERR,ERR,ERR,ERR,ERR,ERR,ERR,ERR,ERR,ERR,50.0,60.0,100,0.0,0.0,0.0,0.0,0.0,0.0,0.0,0.0,0.0,0.0,0.0,0.0,0.0,0.0,0.0,0.0,61.6,73,14,65513,50,65476,0,300,0,0,8,20529,65476,0,0,26214,60.0,0.0,0.0,0.0,0.0,0.0
2026-05-17T18:40:03,ERR,ERR,ERR,ERR,ERR,ERR,ERR,ERR,ERR,ERR,ERR,ERR,ERR,ERR,ERR,ERR,ERR,ERR,ERR,ERR,ERR,ERR,ERR,ERR,ERR,ERR,ERR,ERR,ERR,ERR,ERR,ERR,ERR,ERR,ERR,ERR,ERR,ERR,ERR,ERR,ERR,ERR,ERR,ERR,ERR,ERR,ERR,ERR,ERR,ERR,ERR,ERR,ERR,ERR,ERR,ERR,ERR,ERR,ERR,ERR,ERR,ERR,ERR,ERR,ERR,ERR,ERR,ERR,ERR,ERR,ERR,ERR,ERR,ERR,ERR,ERR,ERR,ERR,ERR,ERR,ERR,ERR,ERR,ERR,ERR,ERR,ERR,ERR,ERR,ERR,ERR,ERR,ERR,ERR,ERR,ERR,ERR,ERR,ERR,ERR,ERR,ERR,ERR,ERR,ERR,ERR,ERR,ERR,ERR,ERR,ERR,ERR,ERR,ERR,ERR,ERR,ERR,ERR,ERR,ERR,ERR,ERR,ERR,ERR,ERR,0.0,0.0,0.0,0.0,0.0,1.3936040501711995e+18,7.805,0.0,0,0,4,0,8422,0.0,45,0.0,0.0,0.0,0.0,0.0,0,0,0,0,0.0,0,0,0,0,0,0,0,0,0,0,0,0,0,0,0,0,0,0,0,0,0,0,0,0,0,0,0,0,0,0,0,0,0,38,14,7,45,65476,0,300,0,0,8,21553,0.0,-107605600.0,0.0,0.0,0.0,0.0,0.0,0.0,0.0,0.0,0.0,0.0,0.0,0.0,0.0,0.0,0.0,0.0,0.0,0.0,0.0,0.0,0.0,2.004,-0.0,0.0,0.0,0.0,0.0,0.0,4951.0,-564145699160064.0,0.0,0.0,0.0,-107615280.0,2.718429300292151e+23,0.0,0.0,0.0,0.0,53,-0.0,0.059,0.0,0.0,0.0,0.0,0.0,0.0,0.0,0,0,0,0.0,0.0,0.0,0.0,0.0,0.0,0.0,0.0,0.0,0.0,0.0,0.0,0.0,0.0,0.0,0.0,0,-107875648.0,53,0.0,106,-107614832.0,0.0,ERR,ERR,ERR,ERR,ERR,ERR,ERR,ERR,ERR,ERR,ERR,ERR,ERR,ERR,ERR,ERR,ERR,ERR,ERR,ERR,ERR,ERR,ERR,ERR,ERR,ERR,ERR,ERR,ERR,ERR,ERR,ERR,ERR,ERR,ERR,ERR,ERR,ERR,ERR,ERR,ERR,ERR,ERR,ERR,ERR,ERR,ERR,ERR,ERR,ERR,ERR,ERR,ERR,ERR,ERR,ERR,ERR,ERR,ERR,ERR,ERR,ERR,ERR,ERR,ERR,ERR,ERR,50.0,60.0,100,0.0,0.0,0.0,0.0,0.0,0.0,0.0,0.0,0.0,0.0,0.0,0.0,0.0,0.0,0.0,0.0,61.6,73,14,65513,50,65476,0,300,0,0,8,20529,65476,0,0,26214,60.0,0.0,0.0,0.0,0.0,0.0
2026-05-17T18:40:04,ERR,ERR,ERR,ERR,ERR,ERR,ERR,ERR,ERR,ERR,ERR,ERR,ERR,ERR,ERR,ERR,ERR,ERR,ERR,ERR,ERR,ERR,ERR,ERR,ERR,ERR,ERR,ERR,ERR,ERR,ERR,ERR,ERR,ERR,ERR,ERR,ERR,ERR,ERR,ERR,ERR,ERR,ERR,ERR,ERR,ERR,ERR,ERR,ERR,ERR,ERR,ERR,ERR,ERR,ERR,ERR,ERR,ERR,ERR,ERR,ERR,ERR,ERR,ERR,ERR,ERR,ERR,ERR,ERR,ERR,ERR,ERR,ERR,ERR,ERR,ERR,ERR,ERR,ERR,ERR,ERR,ERR,ERR,ERR,ERR,ERR,ERR,ERR,ERR,ERR,ERR,ERR,ERR,ERR,ERR,ERR,ERR,ERR,ERR,ERR,ERR,ERR,ERR,ERR,ERR,ERR,ERR,ERR,ERR,ERR,ERR,ERR,ERR,ERR,ERR,ERR,ERR,ERR,ERR,ERR,ERR,ERR,ERR,ERR,ERR,0.0,0.0,0.0,0.0,0.0,1.3936040501711995e+18,7.805,0.0,0,0,4,0,8422,0.0,45,0.0,0.0,0.0,0.0,0.0,0,0,0,0,0.0,0,0,0,0,0,0,0,0,0,0,0,0,0,0,0,0,0,0,0,0,0,0,0,0,0,0,0,0,0,0,0,0,0,38,14,7,45,65476,0,300,0,0,8,21553,0.0,-107605600.0,0.0,0.0,0.0,0.0,0.0,0.0,0.0,0.0,0.0,0.0,0.0,0.0,0.0,0.0,0.0,0.0,0.0,0.0,0.0,0.0,0.0,2.004,-0.0,0.0,0.0,0.0,0.0,0.0,4951.0,-564145699160064.0,0.0,0.0,0.0,-107615280.0,2.718429300292151e+23,0.0,0.0,0.0,0.0,53,-0.0,0.059,0.0,0.0,0.0,0.0,0.0,0.0,0.0,0,0,0,0.0,0.0,0.0,0.0,0.0,0.0,0.0,0.0,0.0,0.0,0.0,0.0,0.0,0.0,0.0,0.0,0,-107875648.0,53,0.0,106,-107614832.0,0.0,ERR,ERR,ERR,ERR,ERR,ERR,ERR,ERR,ERR,ERR,ERR,ERR,ERR,ERR,ERR,ERR,ERR,ERR,ERR,ERR,ERR,ERR,ERR,ERR,ERR,ERR,ERR,ERR,ERR,ERR,ERR,ERR,ERR,ERR,ERR,ERR,ERR,ERR,ERR,ERR,ERR,ERR,ERR,ERR,ERR,ERR,ERR,ERR,ERR,ERR,ERR,ERR,ERR,ERR,ERR,ERR,ERR,ERR,ERR,ERR,ERR,ERR,ERR,ERR,ERR,ERR,ERR,50.0,60.0,100,0.0,0.0,0.0,0.0,0.0,0.0,0.0,0.0,0.0,0.0,0.0,0.0,0.0,0.0,0.0,0.0,61.6,73,14,65513,50,65476,0,300,0,0,8,20529,65476,0,0,26214,60.0,0.0,0.0,0.0,0.0,0.0
2026-05-17T18:40:05,ERR,ERR,ERR,ERR,ERR,ERR,ERR,ERR,ERR,ERR,ERR,ERR,ERR,ERR,ERR,ERR,ERR,ERR,ERR,ERR,ERR,ERR,ERR,ERR,ERR,ERR,ERR,ERR,ERR,ERR,ERR,ERR,ERR,ERR,ERR,ERR,ERR,ERR,ERR,ERR,ERR,ERR,ERR,ERR,ERR,ERR,ERR,ERR,ERR,ERR,ERR,ERR,ERR,ERR,ERR,ERR,ERR,ERR,ERR,ERR,ERR,ERR,ERR,ERR,ERR,ERR,ERR,ERR,ERR,ERR,ERR,ERR,ERR,ERR,ERR,ERR,ERR,ERR,ERR,ERR,ERR,ERR,ERR,ERR,ERR,ERR,ERR,ERR,ERR,ERR,ERR,ERR,ERR,ERR,ERR,ERR,ERR,ERR,ERR,ERR,ERR,ERR,ERR,ERR,ERR,ERR,ERR,ERR,ERR,ERR,ERR,ERR,ERR,ERR,ERR,ERR,ERR,ERR,ERR,ERR,ERR,ERR,ERR,ERR,ERR,0.0,0.0,0.0,0.0,0.0,1.3936040501711995e+18,7.805,0.0,0,0,4,0,8422,0.0,45,0.0,0.0,0.0,0.0,0.0,0,0,0,0,0.0,0,0,0,0,0,0,0,0,0,0,0,0,0,0,0,0,0,0,0,0,0,0,0,0,0,0,0,0,0,0,0,0,0,38,14,7,45,65476,0,300,0,0,8,21553,0.0,-107605600.0,0.0,0.0,0.0,0.0,0.0,0.0,0.0,0.0,0.0,0.0,0.0,0.0,0.0,0.0,0.0,0.0,0.0,0.0,0.0,0.0,0.0,2.004,-0.0,0.0,0.0,0.0,0.0,0.0,4951.0,-564145699160064.0,0.0,0.0,0.0,-107615280.0,2.718429300292151e+23,0.0,0.0,0.0,0.0,53,-0.0,0.059,0.0,0.0,0.0,0.0,0.0,0.0,0.0,0,0,0,0.0,0.0,0.0,0.0,0.0,0.0,0.0,0.0,0.0,0.0,0.0,0.0,0.0,0.0,0.0,0.0,0,-107875648.0,53,0.0,106,-107614832.0,0.0,ERR,ERR,ERR,ERR,ERR,ERR,ERR,ERR,ERR,ERR,ERR,ERR,ERR,ERR,ERR,ERR,ERR,ERR,ERR,ERR,ERR,ERR,ERR,ERR,ERR,ERR,ERR,ERR,ERR,ERR,ERR,ERR,ERR,ERR,ERR,ERR,ERR,ERR,ERR,ERR,ERR,ERR,ERR,ERR,ERR,ERR,ERR,ERR,ERR,ERR,ERR,ERR,ERR,ERR,ERR,ERR,ERR,ERR,ERR,ERR,ERR,ERR,ERR,ERR,ERR,ERR,ERR,50.0,60.0,100,0.0,0.0,0.0,0.0,0.0,0.0,0.0,0.0,0.0,0.0,0.0,0.0,0.0,0.0,0.0,0.0,61.6,73,14,65513,50,65476,0,300,0,0,8,20529,65476,0,0,26214,60.0,0.0,0.0,0.0,0.0,0.0
2026-05-17T18:40:06,ERR,ERR,ERR,ERR,ERR,ERR,ERR,ERR,ERR,ERR,ERR,ERR,ERR,ERR,ERR,ERR,ERR,ERR,ERR,ERR,ERR,ERR,ERR,ERR,ERR,ERR,ERR,ERR,ERR,ERR,ERR,ERR,ERR,ERR,ERR,ERR,ERR,ERR,ERR,ERR,ERR,ERR,ERR,ERR,ERR,ERR,ERR,ERR,ERR,ERR,ERR,ERR,ERR,ERR,ERR,ERR,ERR,ERR,ERR,ERR,ERR,ERR,ERR,ERR,ERR,ERR,ERR,ERR,ERR,ERR,ERR,ERR,ERR,ERR,ERR,ERR,ERR,ERR,ERR,ERR,ERR,ERR,ERR,ERR,ERR,ERR,ERR,ERR,ERR,ERR,ERR,ERR,ERR,ERR,ERR,ERR,ERR,ERR,ERR,ERR,ERR,ERR,ERR,ERR,ERR,ERR,ERR,ERR,ERR,ERR,ERR,ERR,ERR,ERR,ERR,ERR,ERR,ERR,ERR,ERR,ERR,ERR,ERR,ERR,ERR,0.0,0.0,0.0,0.0,0.0,1.3936040501711995e+18,7.805,0.0,0,0,4,0,8422,0.0,45,0.0,0.0,0.0,0.0,0.0,0,0,0,0,0.0,0,0,0,0,0,0,0,0,0,0,0,0,0,0,0,0,0,0,0,0,0,0,0,0,0,0,0,0,0,0,0,0,0,38,14,7,45,65476,0,300,0,0,8,21553,0.0,-107605600.0,0.0,0.0,0.0,0.0,0.0,0.0,0.0,0.0,0.0,0.0,0.0,0.0,0.0,0.0,0.0,0.0,0.0,0.0,0.0,0.0,0.0,2.004,-0.0,0.0,0.0,0.0,0.0,0.0,4951.0,-564145699160064.0,0.0,0.0,0.0,-107615280.0,2.718429300292151e+23,0.0,0.0,0.0,0.0,53,-0.0,0.059,0.0,0.0,0.0,0.0,0.0,0.0,0.0,0,0,0,0.0,0.0,0.0,0.0,0.0,0.0,0.0,0.0,0.0,0.0,0.0,0.0,0.0,0.0,0.0,0.0,0,-107875648.0,53,0.0,106,-107614832.0,0.0,ERR,ERR,ERR,ERR,ERR,ERR,ERR,ERR,ERR,ERR,ERR,ERR,ERR,ERR,ERR,ERR,ERR,ERR,ERR,ERR,ERR,ERR,ERR,ERR,ERR,ERR,ERR,ERR,ERR,ERR,ERR,ERR,ERR,ERR,ERR,ERR,ERR,ERR,ERR,ERR,ERR,ERR,ERR,ERR,ERR,ERR,ERR,ERR,ERR,ERR,ERR,ERR,ERR,ERR,ERR,ERR,ERR,ERR,ERR,ERR,ERR,ERR,ERR,ERR,ERR,ERR,ERR,50.0,60.0,100,0.0,0.0,0.0,0.0,0.0,0.0,0.0,0.0,0.0,0.0,0.0,0.0,0.0,0.0,0.0,0.0,61.6,73,14,65513,50,65476,0,300,0,0,8,20529,65476,0,0,26214,60.0,0.0,0.0,0.0,0.0,0.0
2026-05-17T18:40:07,ERR,ERR,ERR,ERR,ERR,ERR,ERR,ERR,ERR,ERR,ERR,ERR,ERR,ERR,ERR,ERR,ERR,ERR,ERR,ERR,ERR,ERR,ERR,ERR,ERR,ERR,ERR,ERR,ERR,ERR,ERR,ERR,ERR,ERR,ERR,ERR,ERR,ERR,ERR,ERR,ERR,ERR,ERR,ERR,ERR,ERR,ERR,ERR,ERR,ERR,ERR,ERR,ERR,ERR,ERR,ERR,ERR,ERR,ERR,ERR,ERR,ERR,ERR,ERR,ERR,ERR,ERR,ERR,ERR,ERR,ERR,ERR,ERR,ERR,ERR,ERR,ERR,ERR,ERR,ERR,ERR,ERR,ERR,ERR,ERR,ERR,ERR,ERR,ERR,ERR,ERR,ERR,ERR,ERR,ERR,ERR,ERR,ERR,ERR,ERR,ERR,ERR,ERR,ERR,ERR,ERR,ERR,ERR,ERR,ERR,ERR,ERR,ERR,ERR,ERR,ERR,ERR,ERR,ERR,ERR,ERR,ERR,ERR,ERR,ERR,0.0,0.0,0.0,0.0,0.0,1.3936040501711995e+18,7.805,0.0,0,0,4,0,8422,0.0,45,0.0,0.0,0.0,0.0,0.0,0,0,0,0,0.0,0,0,0,0,0,0,0,0,0,0,0,0,0,0,0,0,0,0,0,0,0,0,0,0,0,0,0,0,0,0,0,0,0,38,14,7,45,65476,0,300,0,0,8,21553,0.0,-107605600.0,0.0,0.0,0.0,0.0,0.0,0.0,0.0,0.0,0.0,0.0,0.0,0.0,0.0,0.0,0.0,0.0,0.0,0.0,0.0,0.0,0.0,2.004,-0.0,0.0,0.0,0.0,0.0,0.0,4953.0,-3.6971852540153954e+19,0.0,0.0,0.0,-107615280.0,2.718429300292151e+23,0.0,0.0,0.0,0.0,53,-0.0,89220.547,0.0,0.0,0.0,0.0,0.0,0.0,0.0,0,0,0,0.0,0.0,0.0,0.0,0.0,0.0,0.0,0.0,0.0,0.0,0.0,0.0,0.0,0.0,0.0,0.0,0,-107875648.0,53,0.0,106,-107614832.0,0.0,ERR,ERR,ERR,ERR,ERR,ERR,ERR,ERR,ERR,ERR,ERR,ERR,ERR,ERR,ERR,ERR,ERR,ERR,ERR,ERR,ERR,ERR,ERR,ERR,ERR,ERR,ERR,ERR,ERR,ERR,ERR,ERR,ERR,ERR,ERR,ERR,ERR,ERR,ERR,ERR,ERR,ERR,ERR,ERR,ERR,ERR,ERR,ERR,ERR,ERR,ERR,ERR,ERR,ERR,ERR,ERR,ERR,ERR,ERR,ERR,ERR,ERR,ERR,ERR,ERR,ERR,ERR,50.0,60.0,100,0.0,0.0,0.0,0.0,0.0,0.0,0.0,0.0,0.0,0.0,0.0,0.0,0.0,0.0,0.0,0.0,61.6,73,14,65513,50,65476,0,300,0,0,8,20529,65476,0,0,26214,60.0,0.0,0.0,0.0,0.0,0.0
2026-05-17T18:40:08,ERR,ERR,ERR,ERR,ERR,ERR,ERR,ERR,ERR,ERR,ERR,ERR,ERR,ERR,ERR,ERR,ERR,ERR,ERR,ERR,ERR,ERR,ERR,ERR,ERR,ERR,ERR,ERR,ERR,ERR,ERR,ERR,ERR,ERR,ERR,ERR,ERR,ERR,ERR,ERR,ERR,ERR,ERR,ERR,ERR,ERR,ERR,ERR,ERR,ERR,ERR,ERR,ERR,ERR,ERR,ERR,ERR,ERR,ERR,ERR,ERR,ERR,ERR,ERR,ERR,ERR,ERR,ERR,ERR,ERR,ERR,ERR,ERR,ERR,ERR,ERR,ERR,ERR,ERR,ERR,ERR,ERR,ERR,ERR,ERR,ERR,ERR,ERR,ERR,ERR,ERR,ERR,ERR,ERR,ERR,ERR,ERR,ERR,ERR,ERR,ERR,ERR,ERR,ERR,ERR,ERR,ERR,ERR,ERR,ERR,ERR,ERR,ERR,ERR,ERR,ERR,ERR,ERR,ERR,ERR,ERR,ERR,ERR,ERR,ERR,0.0,0.0,0.0,0.0,0.0,1.3936040501711995e+18,7.805,0.0,0,0,4,0,8422,0.0,45,0.0,0.0,0.0,0.0,0.0,0,0,0,0,0.0,0,0,0,0,0,0,0,0,0,0,0,0,0,0,0,0,0,0,0,0,0,0,0,0,0,0,0,0,0,0,0,0,0,38,14,7,45,65476,0,300,0,0,8,21553,0.0,-107605600.0,0.0,0.0,0.0,0.0,0.0,0.0,0.0,0.0,0.0,0.0,0.0,0.0,0.0,0.0,0.0,0.0,0.0,0.0,0.0,0.0,0.0,2.004,-0.0,0.0,0.0,0.0,0.0,0.0,4953.0,-3.6971852540153954e+19,0.0,0.0,0.0,-107615280.0,2.718429300292151e+23,0.0,0.0,0.0,0.0,53,-0.0,89220.547,0.0,0.0,0.0,0.0,0.0,0.0,0.0,0,0,0,0.0,0.0,0.0,0.0,0.0,0.0,0.0,0.0,0.0,0.0,0.0,0.0,0.0,0.0,0.0,0.0,0,-107875648.0,53,0.0,106,-107614832.0,0.0,ERR,ERR,ERR,ERR,ERR,ERR,ERR,ERR,ERR,ERR,ERR,ERR,ERR,ERR,ERR,ERR,ERR,ERR,ERR,ERR,ERR,ERR,ERR,ERR,ERR,ERR,ERR,ERR,ERR,ERR,ERR,ERR,ERR,ERR,ERR,ERR,ERR,ERR,ERR,ERR,ERR,ERR,ERR,ERR,ERR,ERR,ERR,ERR,ERR,ERR,ERR,ERR,ERR,ERR,ERR,ERR,ERR,ERR,ERR,ERR,ERR,ERR,ERR,ERR,ERR,ERR,ERR,50.0,60.0,100,0.0,0.0,0.0,0.0,0.0,0.0,0.0,0.0,0.0,0.0,0.0,0.0,0.0,0.0,0.0,0.0,61.6,73,14,65513,50,65476,0,300,0,0,8,20529,65476,0,0,26214,60.0,0.0,0.0,0.0,0.0,0.0
2026-05-17T18:40:09,ERR,ERR,ERR,ERR,ERR,ERR,ERR,ERR,ERR,ERR,ERR,ERR,ERR,ERR,ERR,ERR,ERR,ERR,ERR,ERR,ERR,ERR,ERR,ERR,ERR,ERR,ERR,ERR,ERR,ERR,ERR,ERR,ERR,ERR,ERR,ERR,ERR,ERR,ERR,ERR,ERR,ERR,ERR,ERR,ERR,ERR,ERR,ERR,ERR,ERR,ERR,ERR,ERR,ERR,ERR,ERR,ERR,ERR,ERR,ERR,ERR,ERR,ERR,ERR,ERR,ERR,ERR,ERR,ERR,ERR,ERR,ERR,ERR,ERR,ERR,ERR,ERR,ERR,ERR,ERR,ERR,ERR,ERR,ERR,ERR,ERR,ERR,ERR,ERR,ERR,ERR,ERR,ERR,ERR,ERR,ERR,ERR,ERR,ERR,ERR,ERR,ERR,ERR,ERR,ERR,ERR,ERR,ERR,ERR,ERR,ERR,ERR,ERR,ERR,ERR,ERR,ERR,ERR,ERR,ERR,ERR,ERR,ERR,ERR,ERR,0.0,0.0,0.0,0.0,0.0,1.3936040501711995e+18,7.805,0.0,0,0,4,0,8422,0.0,45,0.0,0.0,0.0,0.0,0.0,0,0,0,0,0.0,0,0,0,0,0,0,0,0,0,0,0,0,0,0,0,0,0,0,0,0,0,0,0,0,0,0,0,0,0,0,0,0,0,38,14,7,45,65476,0,300,0,0,8,21553,0.0,-107605600.0,0.0,0.0,0.0,0.0,0.0,0.0,0.0,0.0,0.0,0.0,0.0,0.0,0.0,0.0,0.0,0.0,0.0,0.0,0.0,0.0,0.0,2.004,-0.0,0.0,0.0,0.0,0.0,0.0,4953.0,-3.6971852540153954e+19,0.0,0.0,0.0,-107615280.0,2.718429300292151e+23,0.0,0.0,0.0,0.0,53,-0.0,89220.547,0.0,0.0,0.0,0.0,0.0,0.0,0.0,0,0,0,0.0,0.0,0.0,0.0,0.0,0.0,0.0,0.0,0.0,0.0,0.0,0.0,0.0,0.0,0.0,0.0,0,-107875648.0,53,0.0,106,-107614832.0,0.0,ERR,ERR,ERR,ERR,ERR,ERR,ERR,ERR,ERR,ERR,ERR,ERR,ERR,ERR,ERR,ERR,ERR,ERR,ERR,ERR,ERR,ERR,ERR,ERR,ERR,ERR,ERR,ERR,ERR,ERR,ERR,ERR,ERR,ERR,ERR,ERR,ERR,ERR,ERR,ERR,ERR,ERR,ERR,ERR,ERR,ERR,ERR,ERR,ERR,ERR,ERR,ERR,ERR,ERR,ERR,ERR,ERR,ERR,ERR,ERR,ERR,ERR,ERR,ERR,ERR,ERR,ERR,50.0,60.0,100,0.0,0.0,0.0,0.0,0.0,0.0,0.0,0.0,0.0,0.0,0.0,0.0,0.0,0.0,0.0,0.0,61.6,73,14,65513,50,65476,0,300,0,0,8,20529,65476,0,0,26214,60.0,0.0,0.0,0.0,0.0,0.0
2026-05-17T18:40:10,ERR,ERR,ERR,ERR,ERR,ERR,ERR,ERR,ERR,ERR,ERR,ERR,ERR,ERR,ERR,ERR,ERR,ERR,ERR,ERR,ERR,ERR,ERR,ERR,ERR,ERR,ERR,ERR,ERR,ERR,ERR,ERR,ERR,ERR,ERR,ERR,ERR,ERR,ERR,ERR,ERR,ERR,ERR,ERR,ERR,ERR,ERR,ERR,ERR,ERR,ERR,ERR,ERR,ERR,ERR,ERR,ERR,ERR,ERR,ERR,ERR,ERR,ERR,ERR,ERR,ERR,ERR,ERR,ERR,ERR,ERR,ERR,ERR,ERR,ERR,ERR,ERR,ERR,ERR,ERR,ERR,ERR,ERR,ERR,ERR,ERR,ERR,ERR,ERR,ERR,ERR,ERR,ERR,ERR,ERR,ERR,ERR,ERR,ERR,ERR,ERR,ERR,ERR,ERR,ERR,ERR,ERR,ERR,ERR,ERR,ERR,ERR,ERR,ERR,ERR,ERR,ERR,ERR,ERR,ERR,ERR,ERR,ERR,ERR,ERR,0.0,0.0,0.0,0.0,0.0,1.3936040501711995e+18,7.805,0.0,0,0,4,0,8422,0.0,45,0.0,0.0,0.0,0.0,0.0,0,0,0,0,0.0,0,0,0,0,0,0,0,0,0,0,0,0,0,0,0,0,0,0,0,0,0,0,0,0,0,0,0,0,0,0,0,0,0,38,14,7,45,65476,0,300,0,0,8,21553,0.0,-107605600.0,0.0,0.0,0.0,0.0,0.0,0.0,0.0,0.0,0.0,0.0,0.0,0.0,0.0,0.0,0.0,0.0,0.0,0.0,0.0,0.0,0.0,2.004,-0.0,0.0,0.0,0.0,0.0,0.0,4953.0,-3.6971852540153954e+19,0.0,0.0,0.0,-107615280.0,2.718429300292151e+23,0.0,0.0,0.0,0.0,53,-0.0,89220.547,0.0,0.0,0.0,0.0,0.0,0.0,0.0,0,0,0,0.0,0.0,0.0,0.0,0.0,0.0,0.0,0.0,0.0,0.0,0.0,0.0,0.0,0.0,0.0,0.0,0,-107875648.0,53,0.0,106,-107614832.0,0.0,ERR,ERR,ERR,ERR,ERR,ERR,ERR,ERR,ERR,ERR,ERR,ERR,ERR,ERR,ERR,ERR,ERR,ERR,ERR,ERR,ERR,ERR,ERR,ERR,ERR,ERR,ERR,ERR,ERR,ERR,ERR,ERR,ERR,ERR,ERR,ERR,ERR,ERR,ERR,ERR,ERR,ERR,ERR,ERR,ERR,ERR,ERR,ERR,ERR,ERR,ERR,ERR,ERR,ERR,ERR,ERR,ERR,ERR,ERR,ERR,ERR,ERR,ERR,ERR,ERR,ERR,ERR,50.0,60.0,100,0.0,0.0,0.0,0.0,0.0,0.0,0.0,0.0,0.0,0.0,0.0,0.0,0.0,0.0,0.0,0.0,61.6,73,14,65513,50,65476,0,300,0,0,8,20529,65476,0,0,26214,60.0,0.0,0.0,0.0,0.0,0.0
2026-05-17T18:40:11,ERR,ERR,ERR,ERR,ERR,ERR,ERR,ERR,ERR,ERR,ERR,ERR,ERR,ERR,ERR,ERR,ERR,ERR,ERR,ERR,ERR,ERR,ERR,ERR,ERR,ERR,ERR,ERR,ERR,ERR,ERR,ERR,ERR,ERR,ERR,ERR,ERR,ERR,ERR,ERR,ERR,ERR,ERR,ERR,ERR,ERR,ERR,ERR,ERR,ERR,ERR,ERR,ERR,ERR,ERR,ERR,ERR,ERR,ERR,ERR,ERR,ERR,ERR,ERR,ERR,ERR,ERR,ERR,ERR,ERR,ERR,ERR,ERR,ERR,ERR,ERR,ERR,ERR,ERR,ERR,ERR,ERR,ERR,ERR,ERR,ERR,ERR,ERR,ERR,ERR,ERR,ERR,ERR,ERR,ERR,ERR,ERR,ERR,ERR,ERR,ERR,ERR,ERR,ERR,ERR,ERR,ERR,ERR,ERR,ERR,ERR,ERR,ERR,ERR,ERR,ERR,ERR,ERR,ERR,ERR,ERR,ERR,ERR,ERR,ERR,0.0,0.0,0.0,0.0,0.0,1.3936040501711995e+18,7.805,0.0,0,0,4,0,8422,0.0,45,0.0,0.0,0.0,0.0,0.0,0,0,0,0,0.0,0,0,0,0,0,0,0,0,0,0,0,0,0,0,0,0,0,0,0,0,0,0,0,0,0,0,0,0,0,0,0,0,0,38,14,7,45,65476,0,300,0,0,8,21553,0.0,-107605600.0,0.0,0.0,0.0,0.0,0.0,0.0,0.0,0.0,0.0,0.0,0.0,0.0,0.0,0.0,0.0,0.0,0.0,0.0,0.0,0.0,0.0,2.004,-0.0,0.0,0.0,0.0,0.0,0.0,4953.0,-3.6971852540153954e+19,0.0,0.0,0.0,-107615280.0,2.718429300292151e+23,0.0,0.0,0.0,0.0,53,-0.0,89220.547,0.0,0.0,0.0,0.0,0.0,0.0,0.0,0,0,0,0.0,0.0,0.0,0.0,0.0,0.0,0.0,0.0,0.0,0.0,0.0,0.0,0.0,0.0,0.0,0.0,0,-107875648.0,53,0.0,106,-107614832.0,0.0,ERR,ERR,ERR,ERR,ERR,ERR,ERR,ERR,ERR,ERR,ERR,ERR,ERR,ERR,ERR,ERR,ERR,ERR,ERR,ERR,ERR,ERR,ERR,ERR,ERR,ERR,ERR,ERR,ERR,ERR,ERR,ERR,ERR,ERR,ERR,ERR,ERR,ERR,ERR,ERR,ERR,ERR,ERR,ERR,ERR,ERR,ERR,ERR,ERR,ERR,ERR,ERR,ERR,ERR,ERR,ERR,ERR,ERR,ERR,ERR,ERR,ERR,ERR,ERR,ERR,ERR,ERR,50.0,60.0,100,0.0,0.0,0.0,0.0,0.0,0.0,0.0,0.0,0.0,0.0,0.0,0.0,0.0,0.0,0.0,0.0,61.6,73,14,65513,50,65476,0,300,0,0,8,20529,65476,0,0,26214,60.0,0.0,0.0,0.0,0.0,0.0
2026-05-17T18:40:12,ERR,ERR,ERR,ERR,ERR,ERR,ERR,ERR,ERR,ERR,ERR,ERR,ERR,ERR,ERR,ERR,ERR,ERR,ERR,ERR,ERR,ERR,ERR,ERR,ERR,ERR,ERR,ERR,ERR,ERR,ERR,ERR,ERR,ERR,ERR,ERR,ERR,ERR,ERR,ERR,ERR,ERR,ERR,ERR,ERR,ERR,ERR,ERR,ERR,ERR,ERR,ERR,ERR,ERR,ERR,ERR,ERR,ERR,ERR,ERR,ERR,ERR,ERR,ERR,ERR,ERR,ERR,ERR,ERR,ERR,ERR,ERR,ERR,ERR,ERR,ERR,ERR,ERR,ERR,ERR,ERR,ERR,ERR,ERR,ERR,ERR,ERR,ERR,ERR,ERR,ERR,ERR,ERR,ERR,ERR,ERR,ERR,ERR,ERR,ERR,ERR,ERR,ERR,ERR,ERR,ERR,ERR,ERR,ERR,ERR,ERR,ERR,ERR,ERR,ERR,ERR,ERR,ERR,ERR,ERR,ERR,ERR,ERR,ERR,ERR,0.0,0.0,0.0,0.0,0.0,1.3936040501711995e+18,7.805,0.0,0,0,4,0,8422,0.0,45,0.0,0.0,0.0,0.0,0.0,0,0,0,0,0.0,0,0,0,0,0,0,0,0,0,0,0,0,0,0,0,0,0,0,0,0,0,0,0,0,0,0,0,0,0,0,0,0,0,38,14,7,45,65476,0,300,0,0,8,21553,0.0,-107605600.0,0.0,0.0,0.0,0.0,0.0,0.0,0.0,0.0,0.0,0.0,0.0,0.0,0.0,0.0,0.0,0.0,0.0,0.0,0.0,0.0,2.004,2.004,-0.0,0.0,0.0,0.0,0.0,0.0,4952.0,-2.4229873280715295e+24,0.0,0.0,0.0,-107615280.0,2.718429300292151e+23,0.0,0.0,0.0,0.0,53,-0.0,0.059,0.0,0.0,0.0,0.0,0.0,0.0,0.0,0,0,0,0.0,0.0,0.0,0.0,0.0,0.0,0.0,0.0,0.0,0.0,0.0,0.0,0.0,0.0,0.0,0.0,0,-107875648.0,53,0.0,106,-107614832.0,0.0,ERR,ERR,ERR,ERR,ERR,ERR,ERR,ERR,ERR,ERR,ERR,ERR,ERR,ERR,ERR,ERR,ERR,ERR,ERR,ERR,ERR,ERR,ERR,ERR,ERR,ERR,ERR,ERR,ERR,ERR,ERR,ERR,ERR,ERR,ERR,ERR,ERR,ERR,ERR,ERR,ERR,ERR,ERR,ERR,ERR,ERR,ERR,ERR,ERR,ERR,ERR,ERR,ERR,ERR,ERR,ERR,ERR,ERR,ERR,ERR,ERR,ERR,ERR,ERR,ERR,ERR,ERR,50.0,60.0,100,0.0,0.0,0.0,0.0,0.0,0.0,0.0,0.0,0.0,0.0,0.0,0.0,0.0,0.0,0.0,0.0,61.6,73,14,65513,50,65476,0,300,0,0,8,20529,65476,0,0,26214,60.0,0.0,0.0,0.0,0.0,0.0
2026-05-17T18:40:13,ERR,ERR,ERR,ERR,ERR,ERR,ERR,ERR,ERR,ERR,ERR,ERR,ERR,ERR,ERR,ERR,ERR,ERR,ERR,ERR,ERR,ERR,ERR,ERR,ERR,ERR,ERR,ERR,ERR,ERR,ERR,ERR,ERR,ERR,ERR,ERR,ERR,ERR,ERR,ERR,ERR,ERR,ERR,ERR,ERR,ERR,ERR,ERR,ERR,ERR,ERR,ERR,ERR,ERR,ERR,ERR,ERR,ERR,ERR,ERR,ERR,ERR,ERR,ERR,ERR,ERR,ERR,ERR,ERR,ERR,ERR,ERR,ERR,ERR,ERR,ERR,ERR,ERR,ERR,ERR,ERR,ERR,ERR,ERR,ERR,ERR,ERR,ERR,ERR,ERR,ERR,ERR,ERR,ERR,ERR,ERR,ERR,ERR,ERR,ERR,ERR,ERR,ERR,ERR,ERR,ERR,ERR,ERR,ERR,ERR,ERR,ERR,ERR,ERR,ERR,ERR,ERR,ERR,ERR,ERR,ERR,ERR,ERR,ERR,ERR,0.0,0.0,0.0,0.0,0.0,1.3936040501711995e+18,7.805,0.0,0,0,4,0,8422,0.0,45,0.0,0.0,0.0,0.0,0.0,0,0,0,0,0.0,0,0,0,0,0,0,0,0,0,0,0,0,0,0,0,0,0,0,0,0,0,0,0,0,0,0,0,0,0,0,0,0,0,38,14,7,45,65476,0,300,0,0,8,21553,0.0,-107605600.0,0.0,0.0,0.0,0.0,0.0,0.0,0.0,0.0,0.0,0.0,0.0,0.0,0.0,0.0,0.0,0.0,0.0,0.0,0.0,0.0,2.004,2.004,-0.0,0.0,0.0,0.0,0.0,0.0,4952.0,-2.4229873280715295e+24,0.0,0.0,0.0,-107615280.0,2.718429300292151e+23,0.0,0.0,0.0,0.0,53,-0.0,0.059,0.0,0.0,0.0,0.0,0.0,0.0,0.0,0,0,0,0.0,0.0,0.0,0.0,0.0,0.0,0.0,0.0,0.0,0.0,0.0,0.0,0.0,0.0,0.0,0.0,0,-107875648.0,53,0.0,106,-107614832.0,0.0,ERR,ERR,ERR,ERR,ERR,ERR,ERR,ERR,ERR,ERR,ERR,ERR,ERR,ERR,ERR,ERR,ERR,ERR,ERR,ERR,ERR,ERR,ERR,ERR,ERR,ERR,ERR,ERR,ERR,ERR,ERR,ERR,ERR,ERR,ERR,ERR,ERR,ERR,ERR,ERR,ERR,ERR,ERR,ERR,ERR,ERR,ERR,ERR,ERR,ERR,ERR,ERR,ERR,ERR,ERR,ERR,ERR,ERR,ERR,ERR,ERR,ERR,ERR,ERR,ERR,ERR,ERR,50.0,60.0,100,0.0,0.0,0.0,0.0,0.0,0.0,0.0,0.0,0.0,0.0,0.0,0.0,0.0,0.0,0.0,0.0,61.6,73,14,65513,50,65476,0,300,0,0,8,20529,65476,0,0,26214,60.0,0.0,0.0,0.0,0.0,0.0
2026-05-17T18:40:14,ERR,ERR,ERR,ERR,ERR,ERR,ERR,ERR,ERR,ERR,ERR,ERR,ERR,ERR,ERR,ERR,ERR,ERR,ERR,ERR,ERR,ERR,ERR,ERR,ERR,ERR,ERR,ERR,ERR,ERR,ERR,ERR,ERR,ERR,ERR,ERR,ERR,ERR,ERR,ERR,ERR,ERR,ERR,ERR,ERR,ERR,ERR,ERR,ERR,ERR,ERR,ERR,ERR,ERR,ERR,ERR,ERR,ERR,ERR,ERR,ERR,ERR,ERR,ERR,ERR,ERR,ERR,ERR,ERR,ERR,ERR,ERR,ERR,ERR,ERR,ERR,ERR,ERR,ERR,ERR,ERR,ERR,ERR,ERR,ERR,ERR,ERR,ERR,ERR,ERR,ERR,ERR,ERR,ERR,ERR,ERR,ERR,ERR,ERR,ERR,ERR,ERR,ERR,ERR,ERR,ERR,ERR,ERR,ERR,ERR,ERR,ERR,ERR,ERR,ERR,ERR,ERR,ERR,ERR,ERR,ERR,ERR,ERR,ERR,ERR,0.0,0.0,0.0,0.0,0.0,1.3936040501711995e+18,7.805,0.0,0,0,4,0,8422,0.0,45,0.0,0.0,0.0,0.0,0.0,0,0,0,0,0.0,0,0,0,0,0,0,0,0,0,0,0,0,0,0,0,0,0,0,0,0,0,0,0,0,0,0,0,0,0,0,0,0,0,38,14,7,45,65476,0,300,0,0,8,21553,0.0,-107605600.0,0.0,0.0,0.0,0.0,0.0,0.0,0.0,0.0,0.0,0.0,0.0,0.0,0.0,0.0,0.0,0.0,0.0,0.0,0.0,0.0,2.004,2.004,-0.0,0.0,0.0,0.0,0.0,0.0,4952.0,-2.4229873280715295e+24,0.0,0.0,0.0,-107615280.0,2.718429300292151e+23,0.0,0.0,0.0,0.0,53,-0.0,0.059,0.0,0.0,0.0,0.0,0.0,0.0,0.0,0,0,0,0.0,0.0,0.0,0.0,0.0,0.0,0.0,0.0,0.0,0.0,0.0,0.0,0.0,0.0,0.0,0.0,0,-107875648.0,53,0.0,106,-107614832.0,0.0,ERR,ERR,ERR,ERR,ERR,ERR,ERR,ERR,ERR,ERR,ERR,ERR,ERR,ERR,ERR,ERR,ERR,ERR,ERR,ERR,ERR,ERR,ERR,ERR,ERR,ERR,ERR,ERR,ERR,ERR,ERR,ERR,ERR,ERR,ERR,ERR,ERR,ERR,ERR,ERR,ERR,ERR,ERR,ERR,ERR,ERR,ERR,ERR,ERR,ERR,ERR,ERR,ERR,ERR,ERR,ERR,ERR,ERR,ERR,ERR,ERR,ERR,ERR,ERR,ERR,ERR,ERR,50.0,60.0,100,0.0,0.0,0.0,0.0,0.0,0.0,0.0,0.0,0.0,0.0,0.0,0.0,0.0,0.0,0.0,0.0,61.6,73,14,65513,50,65476,0,300,0,0,8,20529,65476,0,0,26214,60.0,0.0,0.0,0.0,0.0,0.0
2026-05-17T18:40:15,ERR,ERR,ERR,ERR,ERR,ERR,ERR,ERR,ERR,ERR,ERR,ERR,ERR,ERR,ERR,ERR,ERR,ERR,ERR,ERR,ERR,ERR,ERR,ERR,ERR,ERR,ERR,ERR,ERR,ERR,ERR,ERR,ERR,ERR,ERR,ERR,ERR,ERR,ERR,ERR,ERR,ERR,ERR,ERR,ERR,ERR,ERR,ERR,ERR,ERR,ERR,ERR,ERR,ERR,ERR,ERR,ERR,ERR,ERR,ERR,ERR,ERR,ERR,ERR,ERR,ERR,ERR,ERR,ERR,ERR,ERR,ERR,ERR,ERR,ERR,ERR,ERR,ERR,ERR,ERR,ERR,ERR,ERR,ERR,ERR,ERR,ERR,ERR,ERR,ERR,ERR,ERR,ERR,ERR,ERR,ERR,ERR,ERR,ERR,ERR,ERR,ERR,ERR,ERR,ERR,ERR,ERR,ERR,ERR,ERR,ERR,ERR,ERR,ERR,ERR,ERR,ERR,ERR,ERR,ERR,ERR,ERR,ERR,ERR,ERR,0.0,0.0,0.0,0.0,0.0,1.3936040501711995e+18,7.805,0.0,0,0,4,0,8422,0.0,45,0.0,0.0,0.0,0.0,0.0,0,0,0,0,0.0,0,0,0,0,0,0,0,0,0,0,0,0,0,0,0,0,0,0,0,0,0,0,0,0,0,0,0,0,0,0,0,0,0,38,14,7,45,65476,0,300,0,0,8,21553,0.0,-107605600.0,0.0,0.0,0.0,0.0,0.0,0.0,0.0,0.0,0.0,0.0,0.0,0.0,0.0,0.0,0.0,0.0,0.0,0.0,0.0,0.0,2.004,2.004,-0.0,0.0,0.0,0.0,0.0,0.0,4952.0,-2.4229873280715295e+24,0.0,0.0,0.0,-107615280.0,2.718429300292151e+23,0.0,0.0,0.0,0.0,53,-0.0,0.059,0.0,0.0,0.0,0.0,0.0,0.0,0.0,0,0,0,0.0,0.0,0.0,0.0,0.0,0.0,0.0,0.0,0.0,0.0,0.0,0.0,0.0,0.0,0.0,0.0,0,-107875648.0,53,0.0,106,-107614832.0,0.0,ERR,ERR,ERR,ERR,ERR,ERR,ERR,ERR,ERR,ERR,ERR,ERR,ERR,ERR,ERR,ERR,ERR,ERR,ERR,ERR,ERR,ERR,ERR,ERR,ERR,ERR,ERR,ERR,ERR,ERR,ERR,ERR,ERR,ERR,ERR,ERR,ERR,ERR,ERR,ERR,ERR,ERR,ERR,ERR,ERR,ERR,ERR,ERR,ERR,ERR,ERR,ERR,ERR,ERR,ERR,ERR,ERR,ERR,ERR,ERR,ERR,ERR,ERR,ERR,ERR,ERR,ERR,50.0,60.0,100,0.0,0.0,0.0,0.0,0.0,0.0,0.0,0.0,0.0,0.0,0.0,0.0,0.0,0.0,0.0,0.0,61.6,73,14,65513,50,65476,0,300,0,0,8,20529,65476,0,0,26214,60.0,0.0,0.0,0.0,0.0,0.0
2026-05-17T18:40:16,ERR,ERR,ERR,ERR,ERR,ERR,ERR,ERR,ERR,ERR,ERR,ERR,ERR,ERR,ERR,ERR,ERR,ERR,ERR,ERR,ERR,ERR,ERR,ERR,ERR,ERR,ERR,ERR,ERR,ERR,ERR,ERR,ERR,ERR,ERR,ERR,ERR,ERR,ERR,ERR,ERR,ERR,ERR,ERR,ERR,ERR,ERR,ERR,ERR,ERR,ERR,ERR,ERR,ERR,ERR,ERR,ERR,ERR,ERR,ERR,ERR,ERR,ERR,ERR,ERR,ERR,ERR,ERR,ERR,ERR,ERR,ERR,ERR,ERR,ERR,ERR,ERR,ERR,ERR,ERR,ERR,ERR,ERR,ERR,ERR,ERR,ERR,ERR,ERR,ERR,ERR,ERR,ERR,ERR,ERR,ERR,ERR,ERR,ERR,ERR,ERR,ERR,ERR,ERR,ERR,ERR,ERR,ERR,ERR,ERR,ERR,ERR,ERR,ERR,ERR,ERR,ERR,ERR,ERR,ERR,ERR,ERR,ERR,ERR,ERR,0.0,0.0,0.0,0.0,0.0,1.3936040501711995e+18,7.805,0.0,0,0,4,0,8422,0.0,45,0.0,0.0,0.0,0.0,0.0,0,0,0,0,0.0,0,0,0,0,0,0,0,0,0,0,0,0,0,0,0,0,0,0,0,0,0,0,0,0,0,0,0,0,0,0,0,0,0,38,14,7,45,65476,0,300,0,0,8,21553,0.0,-107605600.0,0.0,0.0,0.0,0.0,0.0,0.0,0.0,0.0,0.0,0.0,0.0,0.0,0.0,0.0,0.0,0.0,0.0,0.0,0.0,0.0,2.004,2.004,-0.0,0.0,0.0,0.0,0.0,0.0,4952.0,-2.4229873280715295e+24,0.0,0.0,0.0,-107615280.0,2.718429300292151e+23,0.0,0.0,0.0,0.0,53,-0.0,0.059,0.0,0.0,0.0,0.0,0.0,0.0,0.0,0,0,0,0.0,0.0,0.0,0.0,0.0,0.0,0.0,0.0,0.0,0.0,0.0,0.0,0.0,0.0,0.0,0.0,0,-107875648.0,53,0.0,106,-107614832.0,0.0,ERR,ERR,ERR,ERR,ERR,ERR,ERR,ERR,ERR,ERR,ERR,ERR,ERR,ERR,ERR,ERR,ERR,ERR,ERR,ERR,ERR,ERR,ERR,ERR,ERR,ERR,ERR,ERR,ERR,ERR,ERR,ERR,ERR,ERR,ERR,ERR,ERR,ERR,ERR,ERR,ERR,ERR,ERR,ERR,ERR,ERR,ERR,ERR,ERR,ERR,ERR,ERR,ERR,ERR,ERR,ERR,ERR,ERR,ERR,ERR,ERR,ERR,ERR,ERR,ERR,ERR,ERR,50.0,60.0,100,0.0,0.0,0.0,0.0,0.0,0.0,0.0,0.0,0.0,0.0,0.0,0.0,0.0,0.0,0.0,0.0,62.0,73,14,65513,50,65476,0,300,0,0,8,20529,65476,0,0,26214,60.0,0.0,0.0,0.0,0.0,0.0
2026-05-17T18:40:17,ERR,ERR,ERR,ERR,ERR,ERR,ERR,ERR,ERR,ERR,ERR,ERR,ERR,ERR,ERR,ERR,ERR,ERR,ERR,ERR,ERR,ERR,ERR,ERR,ERR,ERR,ERR,ERR,ERR,ERR,ERR,ERR,ERR,ERR,ERR,ERR,ERR,ERR,ERR,ERR,ERR,ERR,ERR,ERR,ERR,ERR,ERR,ERR,ERR,ERR,ERR,ERR,ERR,ERR,ERR,ERR,ERR,ERR,ERR,ERR,ERR,ERR,ERR,ERR,ERR,ERR,ERR,ERR,ERR,ERR,ERR,ERR,ERR,ERR,ERR,ERR,ERR,ERR,ERR,ERR,ERR,ERR,ERR,ERR,ERR,ERR,ERR,ERR,ERR,ERR,ERR,ERR,ERR,ERR,ERR,ERR,ERR,ERR,ERR,ERR,ERR,ERR,ERR,ERR,ERR,ERR,ERR,ERR,ERR,ERR,ERR,ERR,ERR,ERR,ERR,ERR,ERR,ERR,ERR,ERR,ERR,ERR,ERR,ERR,ERR,0.0,0.0,0.0,0.0,0.0,1.3936040501711995e+18,7.805,0.0,0,0,4,0,8422,0.0,45,0.0,0.0,0.0,0.0,0.0,0,0,0,0,0.0,0,0,0,0,0,0,0,0,0,0,0,0,0,0,0,0,0,0,0,0,0,0,0,0,0,0,0,0,0,0,0,0,0,38,14,7,45,65476,0,300,0,0,8,21553,0.0,-107605600.0,0.0,0.0,0.0,0.0,0.0,0.0,0.0,0.0,0.0,0.0,0.0,0.0,0.0,0.0,0.0,0.0,0.0,0.0,0.0,0.0,0.0,2.004,-0.0,0.0,0.0,0.0,0.0,0.0,4988.0,0.0,0.0,0.0,0.0,-107615280.0,2.718429300292151e+23,0.0,0.0,0.0,0.0,53,-0.0,1.905685579169792e+17,0.0,0.0,0.0,0.0,0.0,0.0,0.0,0,0,0,0.0,0.0,0.0,0.0,0.0,0.0,0.0,0.0,0.0,0.0,0.0,0.0,0.0,0.0,0.0,0.0,0,-107875648.0,53,0.0,106,-107614832.0,0.0,ERR,ERR,ERR,ERR,ERR,ERR,ERR,ERR,ERR,ERR,ERR,ERR,ERR,ERR,ERR,ERR,ERR,ERR,ERR,ERR,ERR,ERR,ERR,ERR,ERR,ERR,ERR,ERR,ERR,ERR,ERR,ERR,ERR,ERR,ERR,ERR,ERR,ERR,ERR,ERR,ERR,ERR,ERR,ERR,ERR,ERR,ERR,ERR,ERR,ERR,ERR,ERR,ERR,ERR,ERR,ERR,ERR,ERR,ERR,ERR,ERR,ERR,ERR,ERR,ERR,ERR,ERR,50.0,60.0,100,0.0,0.0,0.0,0.0,0.0,0.0,0.0,0.0,0.0,0.0,0.0,0.0,0.0,0.0,0.0,0.0,62.0,73,14,65513,50,65476,0,300,0,0,8,20529,65476,0,0,26214,60.0,0.0,0.0,0.0,0.0,0.0
2026-05-17T18:40:18,ERR,ERR,ERR,ERR,ERR,ERR,ERR,ERR,ERR,ERR,ERR,ERR,ERR,ERR,ERR,ERR,ERR,ERR,ERR,ERR,ERR,ERR,ERR,ERR,ERR,ERR,ERR,ERR,ERR,ERR,ERR,ERR,ERR,ERR,ERR,ERR,ERR,ERR,ERR,ERR,ERR,ERR,ERR,ERR,ERR,ERR,ERR,ERR,ERR,ERR,ERR,ERR,ERR,ERR,ERR,ERR,ERR,ERR,ERR,ERR,ERR,ERR,ERR,ERR,ERR,ERR,ERR,ERR,ERR,ERR,ERR,ERR,ERR,ERR,ERR,ERR,ERR,ERR,ERR,ERR,ERR,ERR,ERR,ERR,ERR,ERR,ERR,ERR,ERR,ERR,ERR,ERR,ERR,ERR,ERR,ERR,ERR,ERR,ERR,ERR,ERR,ERR,ERR,ERR,ERR,ERR,ERR,ERR,ERR,ERR,ERR,ERR,ERR,ERR,ERR,ERR,ERR,ERR,ERR,ERR,ERR,ERR,ERR,ERR,ERR,0.0,0.0,0.0,0.0,0.0,1.3936040501711995e+18,7.805,0.0,0,0,4,0,8422,0.0,45,0.0,0.0,0.0,0.0,0.0,0,0,0,0,0.0,0,0,0,0,0,0,0,0,0,0,0,0,0,0,0,0,0,0,0,0,0,0,0,0,0,0,0,0,0,0,0,0,0,38,14,7,45,65476,0,300,0,0,8,21553,0.0,-107605600.0,0.0,0.0,0.0,0.0,0.0,0.0,0.0,0.0,0.0,0.0,0.0,0.0,0.0,0.0,0.0,0.0,0.0,0.0,0.0,0.0,0.0,2.004,-0.0,0.0,0.0,0.0,0.0,0.0,4988.0,0.0,0.0,0.0,0.0,-107615280.0,2.718429300292151e+23,0.0,0.0,0.0,0.0,53,-0.0,1.905685579169792e+17,0.0,0.0,0.0,0.0,0.0,0.0,0.0,0,0,0,0.0,0.0,0.0,0.0,0.0,0.0,0.0,0.0,0.0,0.0,0.0,0.0,0.0,0.0,0.0,0.0,0,-107875648.0,53,0.0,106,-107614832.0,0.0,ERR,ERR,ERR,ERR,ERR,ERR,ERR,ERR,ERR,ERR,ERR,ERR,ERR,ERR,ERR,ERR,ERR,ERR,ERR,ERR,ERR,ERR,ERR,ERR,ERR,ERR,ERR,ERR,ERR,ERR,ERR,ERR,ERR,ERR,ERR,ERR,ERR,ERR,ERR,ERR,ERR,ERR,ERR,ERR,ERR,ERR,ERR,ERR,ERR,ERR,ERR,ERR,ERR,ERR,ERR,ERR,ERR,ERR,ERR,ERR,ERR,ERR,ERR,ERR,ERR,ERR,ERR,50.0,60.0,100,0.0,0.0,0.0,0.0,0.0,0.0,0.0,0.0,0.0,0.0,0.0,0.0,0.0,0.0,0.0,0.0,62.0,73,14,65513,50,65476,0,300,0,0,8,20529,65476,0,0,26214,60.0,0.0,0.0,0.0,0.0,0.0
2026-05-17T18:40:19,ERR,ERR,ERR,ERR,ERR,ERR,ERR,ERR,ERR,ERR,ERR,ERR,ERR,ERR,ERR,ERR,ERR,ERR,ERR,ERR,ERR,ERR,ERR,ERR,ERR,ERR,ERR,ERR,ERR,ERR,ERR,ERR,ERR,ERR,ERR,ERR,ERR,ERR,ERR,ERR,ERR,ERR,ERR,ERR,ERR,ERR,ERR,ERR,ERR,ERR,ERR,ERR,ERR,ERR,ERR,ERR,ERR,ERR,ERR,ERR,ERR,ERR,ERR,ERR,ERR,ERR,ERR,ERR,ERR,ERR,ERR,ERR,ERR,ERR,ERR,ERR,ERR,ERR,ERR,ERR,ERR,ERR,ERR,ERR,ERR,ERR,ERR,ERR,ERR,ERR,ERR,ERR,ERR,ERR,ERR,ERR,ERR,ERR,ERR,ERR,ERR,ERR,ERR,ERR,ERR,ERR,ERR,ERR,ERR,ERR,ERR,ERR,ERR,ERR,ERR,ERR,ERR,ERR,ERR,ERR,ERR,ERR,ERR,ERR,ERR,0.0,0.0,0.0,0.0,0.0,1.3936040501711995e+18,7.805,0.0,0,0,4,0,8422,0.0,45,0.0,0.0,0.0,0.0,0.0,0,0,0,0,0.0,0,0,0,0,0,0,0,0,0,0,0,0,0,0,0,0,0,0,0,0,0,0,0,0,0,0,0,0,0,0,0,0,0,38,14,7,45,65476,0,300,0,0,8,21553,0.0,-107605600.0,0.0,0.0,0.0,0.0,0.0,0.0,0.0,0.0,0.0,0.0,0.0,0.0,0.0,0.0,0.0,0.0,0.0,0.0,0.0,0.0,0.0,2.004,-0.0,0.0,0.0,0.0,0.0,0.0,4988.0,0.0,0.0,0.0,0.0,-107615280.0,2.718429300292151e+23,0.0,0.0,0.0,0.0,53,-0.0,1.905685579169792e+17,0.0,0.0,0.0,0.0,0.0,0.0,0.0,0,0,0,0.0,0.0,0.0,0.0,0.0,0.0,0.0,0.0,0.0,0.0,0.0,0.0,0.0,0.0,0.0,0.0,0,-107875648.0,53,0.0,106,-107614832.0,0.0,ERR,ERR,ERR,ERR,ERR,ERR,ERR,ERR,ERR,ERR,ERR,ERR,ERR,ERR,ERR,ERR,ERR,ERR,ERR,ERR,ERR,ERR,ERR,ERR,ERR,ERR,ERR,ERR,ERR,ERR,ERR,ERR,ERR,ERR,ERR,ERR,ERR,ERR,ERR,ERR,ERR,ERR,ERR,ERR,ERR,ERR,ERR,ERR,ERR,ERR,ERR,ERR,ERR,ERR,ERR,ERR,ERR,ERR,ERR,ERR,ERR,ERR,ERR,ERR,ERR,ERR,ERR,50.0,60.0,100,0.0,0.0,0.0,0.0,0.0,0.0,0.0,0.0,0.0,0.0,0.0,0.0,0.0,0.0,0.0,0.0,61.6,73,14,65513,50,65476,0,300,0,0,8,20529,65476,0,0,26214,60.0,0.0,0.0,0.0,0.0,0.0
2026-05-17T18:40:20,ERR,ERR,ERR,ERR,ERR,ERR,ERR,ERR,ERR,ERR,ERR,ERR,ERR,ERR,ERR,ERR,ERR,ERR,ERR,ERR,ERR,ERR,ERR,ERR,ERR,ERR,ERR,ERR,ERR,ERR,ERR,ERR,ERR,ERR,ERR,ERR,ERR,ERR,ERR,ERR,ERR,ERR,ERR,ERR,ERR,ERR,ERR,ERR,ERR,ERR,ERR,ERR,ERR,ERR,ERR,ERR,ERR,ERR,ERR,ERR,ERR,ERR,ERR,ERR,ERR,ERR,ERR,ERR,ERR,ERR,ERR,ERR,ERR,ERR,ERR,ERR,ERR,ERR,ERR,ERR,ERR,ERR,ERR,ERR,ERR,ERR,ERR,ERR,ERR,ERR,ERR,ERR,ERR,ERR,ERR,ERR,ERR,ERR,ERR,ERR,ERR,ERR,ERR,ERR,ERR,ERR,ERR,ERR,ERR,ERR,ERR,ERR,ERR,ERR,ERR,ERR,ERR,ERR,ERR,ERR,ERR,ERR,ERR,ERR,ERR,0.0,0.0,0.0,0.0,0.0,1.3936040501711995e+18,7.805,0.0,0,0,4,0,8422,0.0,45,0.0,0.0,0.0,0.0,0.0,0,0,0,0,0.0,0,0,0,0,0,0,0,0,0,0,0,0,0,0,0,0,0,0,0,0,0,0,0,0,0,0,0,0,0,0,0,0,0,38,14,7,45,65476,0,300,0,0,8,21553,0.0,-107605600.0,0.0,0.0,0.0,0.0,0.0,0.0,0.0,0.0,0.0,0.0,0.0,0.0,0.0,0.0,0.0,0.0,0.0,0.0,0.0,0.0,0.0,2.004,-0.0,0.0,0.0,0.0,0.0,0.0,4988.0,0.0,0.0,0.0,0.0,-107615280.0,2.718429300292151e+23,0.0,0.0,0.0,0.0,53,-0.0,1.905685579169792e+17,0.0,0.0,0.0,0.0,0.0,0.0,0.0,0,0,0,0.0,0.0,0.0,0.0,0.0,0.0,0.0,0.0,0.0,0.0,0.0,0.0,0.0,0.0,0.0,0.0,0,-107875648.0,53,0.0,106,-107614832.0,0.0,ERR,ERR,ERR,ERR,ERR,ERR,ERR,ERR,ERR,ERR,ERR,ERR,ERR,ERR,ERR,ERR,ERR,ERR,ERR,ERR,ERR,ERR,ERR,ERR,ERR,ERR,ERR,ERR,ERR,ERR,ERR,ERR,ERR,ERR,ERR,ERR,ERR,ERR,ERR,ERR,ERR,ERR,ERR,ERR,ERR,ERR,ERR,ERR,ERR,ERR,ERR,ERR,ERR,ERR,ERR,ERR,ERR,ERR,ERR,ERR,ERR,ERR,ERR,ERR,ERR,ERR,ERR,50.0,60.0,100,0.0,0.0,0.0,0.0,0.0,0.0,0.0,0.0,0.0,0.0,0.0,0.0,0.0,0.0,0.0,0.0,61.6,73,14,65513,50,65476,0,300,0,0,8,20529,65476,0,0,26214,60.0,0.0,0.0,0.0,0.0,0.0
2026-05-17T18:40:21,ERR,ERR,ERR,ERR,ERR,ERR,ERR,ERR,ERR,ERR,ERR,ERR,ERR,ERR,ERR,ERR,ERR,ERR,ERR,ERR,ERR,ERR,ERR,ERR,ERR,ERR,ERR,ERR,ERR,ERR,ERR,ERR,ERR,ERR,ERR,ERR,ERR,ERR,ERR,ERR,ERR,ERR,ERR,ERR,ERR,ERR,ERR,ERR,ERR,ERR,ERR,ERR,ERR,ERR,ERR,ERR,ERR,ERR,ERR,ERR,ERR,ERR,ERR,ERR,ERR,ERR,ERR,ERR,ERR,ERR,ERR,ERR,ERR,ERR,ERR,ERR,ERR,ERR,ERR,ERR,ERR,ERR,ERR,ERR,ERR,ERR,ERR,ERR,ERR,ERR,ERR,ERR,ERR,ERR,ERR,ERR,ERR,ERR,ERR,ERR,ERR,ERR,ERR,ERR,ERR,ERR,ERR,ERR,ERR,ERR,ERR,ERR,ERR,ERR,ERR,ERR,ERR,ERR,ERR,ERR,ERR,ERR,ERR,ERR,ERR,0.0,0.0,0.0,0.0,0.0,1.3936040501711995e+18,7.805,0.0,0,0,4,0,8422,0.0,45,0.0,0.0,0.0,0.0,0.0,0,0,0,0,0.0,0,0,0,0,0,0,0,0,0,0,0,0,0,0,0,0,0,0,0,0,0,0,0,0,0,0,0,0,0,0,0,0,0,38,14,7,45,65476,0,300,0,0,8,21553,0.0,-107605600.0,0.0,0.0,0.0,0.0,0.0,0.0,0.0,0.0,0.0,0.0,0.0,0.0,0.0,0.0,0.0,0.0,0.0,0.0,0.0,0.0,0.0,2.004,-0.0,0.0,0.0,0.0,0.0,0.0,4988.0,0.0,0.0,0.0,0.0,-107615280.0,2.718429300292151e+23,0.0,0.0,0.0,0.0,53,-0.0,1.905685579169792e+17,0.0,0.0,0.0,0.0,0.0,0.0,0.0,0,0,0,0.0,0.0,0.0,0.0,0.0,0.0,0.0,0.0,0.0,0.0,0.0,0.0,0.0,0.0,0.0,0.0,0,-107875648.0,53,0.0,106,-107614832.0,0.0,ERR,ERR,ERR,ERR,ERR,ERR,ERR,ERR,ERR,ERR,ERR,ERR,ERR,ERR,ERR,ERR,ERR,ERR,ERR,ERR,ERR,ERR,ERR,ERR,ERR,ERR,ERR,ERR,ERR,ERR,ERR,ERR,ERR,ERR,ERR,ERR,ERR,ERR,ERR,ERR,ERR,ERR,ERR,ERR,ERR,ERR,ERR,ERR,ERR,ERR,ERR,ERR,ERR,ERR,ERR,ERR,ERR,ERR,ERR,ERR,ERR,ERR,ERR,ERR,ERR,ERR,ERR,50.0,60.0,100,0.0,0.0,0.0,0.0,0.0,0.0,0.0,0.0,0.0,0.0,0.0,0.0,0.0,0.0,0.0,0.0,61.6,73,14,65513,50,65476,0,300,0,0,8,20529,65476,0,0,26214,60.0,0.0,0.0,0.0,0.0,0.0
2026-05-17T18:40:22,ERR,ERR,ERR,ERR,ERR,ERR,ERR,ERR,ERR,ERR,ERR,ERR,ERR,ERR,ERR,ERR,ERR,ERR,ERR,ERR,ERR,ERR,ERR,ERR,ERR,ERR,ERR,ERR,ERR,ERR,ERR,ERR,ERR,ERR,ERR,ERR,ERR,ERR,ERR,ERR,ERR,ERR,ERR,ERR,ERR,ERR,ERR,ERR,ERR,ERR,ERR,ERR,ERR,ERR,ERR,ERR,ERR,ERR,ERR,ERR,ERR,ERR,ERR,ERR,ERR,ERR,ERR,ERR,ERR,ERR,ERR,ERR,ERR,ERR,ERR,ERR,ERR,ERR,ERR,ERR,ERR,ERR,ERR,ERR,ERR,ERR,ERR,ERR,ERR,ERR,ERR,ERR,ERR,ERR,ERR,ERR,ERR,ERR,ERR,ERR,ERR,ERR,ERR,ERR,ERR,ERR,ERR,ERR,ERR,ERR,ERR,ERR,ERR,ERR,ERR,ERR,ERR,ERR,ERR,ERR,ERR,ERR,ERR,ERR,ERR,0.0,0.0,0.0,0.0,0.0,1.3936040501711995e+18,7.805,0.0,0,0,4,0,8422,0.0,45,0.0,0.0,0.0,0.0,0.0,0,0,0,0,0.0,0,0,0,0,0,0,0,0,0,0,0,0,0,0,0,0,0,0,0,0,0,0,0,0,0,0,0,0,0,0,0,0,0,38,14,7,45,65476,0,300,0,0,8,21553,0.0,-107605600.0,0.0,0.0,0.0,0.0,0.0,0.0,0.0,0.0,0.0,0.0,0.0,0.0,0.0,0.0,0.0,0.0,0.0,0.0,0.0,0.0,0.0,2.004,-0.0,0.0,0.0,0.0,0.0,0.0,4981.0,0.0,0.0,0.0,0.0,-107615280.0,2.718429300292151e+23,0.0,0.0,0.0,0.0,53,5.848083413016271e+35,-0.0,0.0,0.0,0.0,0.0,0.0,0.0,0.0,0,0,0,0.0,0.0,0.0,0.0,0.0,0.0,0.0,0.0,0.0,0.0,0.0,0.0,0.0,0.0,0.0,0.0,0,-107875648.0,53,0.0,106,-107614832.0,0.0,ERR,ERR,ERR,ERR,ERR,ERR,ERR,ERR,ERR,ERR,ERR,ERR,ERR,ERR,ERR,ERR,ERR,ERR,ERR,ERR,ERR,ERR,ERR,ERR,ERR,ERR,ERR,ERR,ERR,ERR,ERR,ERR,ERR,ERR,ERR,ERR,ERR,ERR,ERR,ERR,ERR,ERR,ERR,ERR,ERR,ERR,ERR,ERR,ERR,ERR,ERR,ERR,ERR,ERR,ERR,ERR,ERR,ERR,ERR,ERR,ERR,ERR,ERR,ERR,ERR,ERR,ERR,50.0,60.0,100,0.0,0.0,0.0,0.0,0.0,0.0,0.0,0.0,0.0,0.0,0.0,0.0,0.0,0.0,0.0,0.0,61.6,73,14,65513,50,65476,0,300,0,0,8,20529,65476,0,0,26214,60.0,0.0,0.0,0.0,0.0,0.0
2026-05-17T18:40:23,ERR,ERR,ERR,ERR,ERR,ERR,ERR,ERR,ERR,ERR,ERR,ERR,ERR,ERR,ERR,ERR,ERR,ERR,ERR,ERR,ERR,ERR,ERR,ERR,ERR,ERR,ERR,ERR,ERR,ERR,ERR,ERR,ERR,ERR,ERR,ERR,ERR,ERR,ERR,ERR,ERR,ERR,ERR,ERR,ERR,ERR,ERR,ERR,ERR,ERR,ERR,ERR,ERR,ERR,ERR,ERR,ERR,ERR,ERR,ERR,ERR,ERR,ERR,ERR,ERR,ERR,ERR,ERR,ERR,ERR,ERR,ERR,ERR,ERR,ERR,ERR,ERR,ERR,ERR,ERR,ERR,ERR,ERR,ERR,ERR,ERR,ERR,ERR,ERR,ERR,ERR,ERR,ERR,ERR,ERR,ERR,ERR,ERR,ERR,ERR,ERR,ERR,ERR,ERR,ERR,ERR,ERR,ERR,ERR,ERR,ERR,ERR,ERR,ERR,ERR,ERR,ERR,ERR,ERR,ERR,ERR,ERR,ERR,ERR,ERR,0.0,0.0,0.0,0.0,0.0,1.3936040501711995e+18,7.805,0.0,0,0,4,0,8422,0.0,45,0.0,0.0,0.0,0.0,0.0,0,0,0,0,0.0,0,0,0,0,0,0,0,0,0,0,0,0,0,0,0,0,0,0,0,0,0,0,0,0,0,0,0,0,0,0,0,0,0,38,14,7,45,65476,0,300,0,0,8,21553,0.0,-107605600.0,0.0,0.0,0.0,0.0,0.0,0.0,0.0,0.0,0.0,0.0,0.0,0.0,0.0,0.0,0.0,0.0,0.0,0.0,0.0,0.0,0.0,2.004,-0.0,0.0,0.0,0.0,0.0,0.0,4981.0,0.0,0.0,0.0,0.0,-107615280.0,2.718429300292151e+23,0.0,0.0,0.0,0.0,53,5.848083413016271e+35,-0.0,0.0,0.0,0.0,0.0,0.0,0.0,0.0,0,0,0,0.0,0.0,0.0,0.0,0.0,0.0,0.0,0.0,0.0,0.0,0.0,0.0,0.0,0.0,0.0,0.0,0,-107875648.0,53,0.0,106,-107614832.0,0.0,ERR,ERR,ERR,ERR,ERR,ERR,ERR,ERR,ERR,ERR,ERR,ERR,ERR,ERR,ERR,ERR,ERR,ERR,ERR,ERR,ERR,ERR,ERR,ERR,ERR,ERR,ERR,ERR,ERR,ERR,ERR,ERR,ERR,ERR,ERR,ERR,ERR,ERR,ERR,ERR,ERR,ERR,ERR,ERR,ERR,ERR,ERR,ERR,ERR,ERR,ERR,ERR,ERR,ERR,ERR,ERR,ERR,ERR,ERR,ERR,ERR,ERR,ERR,ERR,ERR,ERR,ERR,50.0,60.0,100,0.0,0.0,0.0,0.0,0.0,0.0,0.0,0.0,0.0,0.0,0.0,0.0,0.0,0.0,0.0,0.0,61.6,73,14,65513,50,65476,0,300,0,0,8,20529,65476,0,0,26214,60.0,0.0,0.0,0.0,0.0,0.0
2026-05-17T18:40:24,ERR,ERR,ERR,ERR,ERR,ERR,ERR,ERR,ERR,ERR,ERR,ERR,ERR,ERR,ERR,ERR,ERR,ERR,ERR,ERR,ERR,ERR,ERR,ERR,ERR,ERR,ERR,ERR,ERR,ERR,ERR,ERR,ERR,ERR,ERR,ERR,ERR,ERR,ERR,ERR,ERR,ERR,ERR,ERR,ERR,ERR,ERR,ERR,ERR,ERR,ERR,ERR,ERR,ERR,ERR,ERR,ERR,ERR,ERR,ERR,ERR,ERR,ERR,ERR,ERR,ERR,ERR,ERR,ERR,ERR,ERR,ERR,ERR,ERR,ERR,ERR,ERR,ERR,ERR,ERR,ERR,ERR,ERR,ERR,ERR,ERR,ERR,ERR,ERR,ERR,ERR,ERR,ERR,ERR,ERR,ERR,ERR,ERR,ERR,ERR,ERR,ERR,ERR,ERR,ERR,ERR,ERR,ERR,ERR,ERR,ERR,ERR,ERR,ERR,ERR,ERR,ERR,ERR,ERR,ERR,ERR,ERR,ERR,ERR,ERR,0.0,0.0,0.0,0.0,0.0,1.3936040501711995e+18,7.805,0.0,0,0,4,0,8422,0.0,45,0.0,0.0,0.0,0.0,0.0,0,0,0,0,0.0,0,0,0,0,0,0,0,0,0,0,0,0,0,0,0,0,0,0,0,0,0,0,0,0,0,0,0,0,0,0,0,0,0,38,14,7,45,65476,0,300,0,0,8,21553,0.0,-107605600.0,0.0,0.0,0.0,0.0,0.0,0.0,0.0,0.0,0.0,0.0,0.0,0.0,0.0,0.0,0.0,0.0,0.0,0.0,0.0,0.0,0.0,2.004,-0.0,0.0,0.0,0.0,0.0,0.0,4981.0,0.0,0.0,0.0,0.0,-107615280.0,2.718429300292151e+23,0.0,0.0,0.0,0.0,53,5.848083413016271e+35,-0.0,0.0,0.0,0.0,0.0,0.0,0.0,0.0,0,0,0,0.0,0.0,0.0,0.0,0.0,0.0,0.0,0.0,0.0,0.0,0.0,0.0,0.0,0.0,0.0,0.0,0,-107875648.0,53,0.0,106,-107614832.0,0.0,ERR,ERR,ERR,ERR,ERR,ERR,ERR,ERR,ERR,ERR,ERR,ERR,ERR,ERR,ERR,ERR,ERR,ERR,ERR,ERR,ERR,ERR,ERR,ERR,ERR,ERR,ERR,ERR,ERR,ERR,ERR,ERR,ERR,ERR,ERR,ERR,ERR,ERR,ERR,ERR,ERR,ERR,ERR,ERR,ERR,ERR,ERR,ERR,ERR,ERR,ERR,ERR,ERR,ERR,ERR,ERR,ERR,ERR,ERR,ERR,ERR,ERR,ERR,ERR,ERR,ERR,ERR,50.0,60.0,100,0.0,0.0,0.0,0.0,0.0,0.0,0.0,0.0,0.0,0.0,0.0,0.0,0.0,0.0,0.0,0.0,61.6,73,14,65513,50,65476,0,300,0,0,8,20529,65476,0,0,26214,60.0,0.0,0.0,0.0,0.0,0.0
2026-05-17T18:40:25,ERR,ERR,ERR,ERR,ERR,ERR,ERR,ERR,ERR,ERR,ERR,ERR,ERR,ERR,ERR,ERR,ERR,ERR,ERR,ERR,ERR,ERR,ERR,ERR,ERR,ERR,ERR,ERR,ERR,ERR,ERR,ERR,ERR,ERR,ERR,ERR,ERR,ERR,ERR,ERR,ERR,ERR,ERR,ERR,ERR,ERR,ERR,ERR,ERR,ERR,ERR,ERR,ERR,ERR,ERR,ERR,ERR,ERR,ERR,ERR,ERR,ERR,ERR,ERR,ERR,ERR,ERR,ERR,ERR,ERR,ERR,ERR,ERR,ERR,ERR,ERR,ERR,ERR,ERR,ERR,ERR,ERR,ERR,ERR,ERR,ERR,ERR,ERR,ERR,ERR,ERR,ERR,ERR,ERR,ERR,ERR,ERR,ERR,ERR,ERR,ERR,ERR,ERR,ERR,ERR,ERR,ERR,ERR,ERR,ERR,ERR,ERR,ERR,ERR,ERR,ERR,ERR,ERR,ERR,ERR,ERR,ERR,ERR,ERR,ERR,0.0,0.0,0.0,0.0,0.0,1.3936040501711995e+18,7.805,0.0,0,0,4,0,8422,0.0,45,0.0,0.0,0.0,0.0,0.0,0,0,0,0,0.0,0,0,0,0,0,0,0,0,0,0,0,0,0,0,0,0,0,0,0,0,0,0,0,0,0,0,0,0,0,0,0,0,0,38,14,7,45,65476,0,300,0,0,8,21553,0.0,-107605600.0,0.0,0.0,0.0,0.0,0.0,0.0,0.0,0.0,0.0,0.0,0.0,0.0,0.0,0.0,0.0,0.0,0.0,0.0,0.0,0.0,0.0,2.004,-0.0,0.0,0.0,0.0,0.0,0.0,4981.0,0.0,0.0,0.0,0.0,-107615280.0,2.718429300292151e+23,0.0,0.0,0.0,0.0,53,5.848083413016271e+35,-0.0,0.0,0.0,0.0,0.0,0.0,0.0,0.0,0,0,0,0.0,0.0,0.0,0.0,0.0,0.0,0.0,0.0,0.0,0.0,0.0,0.0,0.0,0.0,0.0,0.0,0,-107875648.0,53,0.0,106,-107614832.0,0.0,ERR,ERR,ERR,ERR,ERR,ERR,ERR,ERR,ERR,ERR,ERR,ERR,ERR,ERR,ERR,ERR,ERR,ERR,ERR,ERR,ERR,ERR,ERR,ERR,ERR,ERR,ERR,ERR,ERR,ERR,ERR,ERR,ERR,ERR,ERR,ERR,ERR,ERR,ERR,ERR,ERR,ERR,ERR,ERR,ERR,ERR,ERR,ERR,ERR,ERR,ERR,ERR,ERR,ERR,ERR,ERR,ERR,ERR,ERR,ERR,ERR,ERR,ERR,ERR,ERR,ERR,ERR,50.0,60.0,100,0.0,0.0,0.0,0.0,0.0,0.0,0.0,0.0,0.0,0.0,0.0,0.0,0.0,0.0,0.0,0.0,61.6,73,14,65513,50,65476,0,300,0,0,8,20529,65476,0,0,26214,60.0,0.0,0.0,0.0,0.0,0.0
2026-05-17T18:40:26,ERR,ERR,ERR,ERR,ERR,ERR,ERR,ERR,ERR,ERR,ERR,ERR,ERR,ERR,ERR,ERR,ERR,ERR,ERR,ERR,ERR,ERR,ERR,ERR,ERR,ERR,ERR,ERR,ERR,ERR,ERR,ERR,ERR,ERR,ERR,ERR,ERR,ERR,ERR,ERR,ERR,ERR,ERR,ERR,ERR,ERR,ERR,ERR,ERR,ERR,ERR,ERR,ERR,ERR,ERR,ERR,ERR,ERR,ERR,ERR,ERR,ERR,ERR,ERR,ERR,ERR,ERR,ERR,ERR,ERR,ERR,ERR,ERR,ERR,ERR,ERR,ERR,ERR,ERR,ERR,ERR,ERR,ERR,ERR,ERR,ERR,ERR,ERR,ERR,ERR,ERR,ERR,ERR,ERR,ERR,ERR,ERR,ERR,ERR,ERR,ERR,ERR,ERR,ERR,ERR,ERR,ERR,ERR,ERR,ERR,ERR,ERR,ERR,ERR,ERR,ERR,ERR,ERR,ERR,ERR,ERR,ERR,ERR,ERR,ERR,0.0,0.0,0.0,0.0,0.0,1.3936040501711995e+18,7.805,0.0,0,0,4,0,8422,0.0,45,0.0,0.0,0.0,0.0,0.0,0,0,0,0,0.0,0,0,0,0,0,0,0,0,0,0,0,0,0,0,0,0,0,0,0,0,0,0,0,0,0,0,0,0,0,0,0,0,0,38,14,7,45,65476,0,300,0,0,8,21553,0.0,-107605600.0,0.0,0.0,0.0,0.0,0.0,0.0,0.0,0.0,0.0,0.0,0.0,0.0,0.0,0.0,0.0,0.0,0.0,0.0,0.0,0.0,0.0,2.004,-0.0,0.0,0.0,0.0,0.0,0.0,4981.0,0.0,0.0,0.0,0.0,-107615280.0,2.718429300292151e+23,0.0,0.0,0.0,0.0,53,5.848083413016271e+35,-0.0,0.0,0.0,0.0,0.0,0.0,0.0,0.0,0,0,0,0.0,0.0,0.0,0.0,0.0,0.0,0.0,0.0,0.0,0.0,0.0,0.0,0.0,0.0,0.0,0.0,0,-107875648.0,53,0.0,106,-107614832.0,0.0,ERR,ERR,ERR,ERR,ERR,ERR,ERR,ERR,ERR,ERR,ERR,ERR,ERR,ERR,ERR,ERR,ERR,ERR,ERR,ERR,ERR,ERR,ERR,ERR,ERR,ERR,ERR,ERR,ERR,ERR,ERR,ERR,ERR,ERR,ERR,ERR,ERR,ERR,ERR,ERR,ERR,ERR,ERR,ERR,ERR,ERR,ERR,ERR,ERR,ERR,ERR,ERR,ERR,ERR,ERR,ERR,ERR,ERR,ERR,ERR,ERR,ERR,ERR,ERR,ERR,ERR,ERR,50.0,60.0,100,0.0,0.0,0.0,0.0,0.0,0.0,0.0,0.0,0.0,0.0,0.0,0.0,0.0,0.0,0.0,0.0,61.6,73,14,65513,50,65476,0,300,0,0,8,20529,65476,0,0,26214,60.0,0.0,0.0,0.0,0.0,0.0
2026-05-17T18:40:27,ERR,ERR,ERR,ERR,ERR,ERR,ERR,ERR,ERR,ERR,ERR,ERR,ERR,ERR,ERR,ERR,ERR,ERR,ERR,ERR,ERR,ERR,ERR,ERR,ERR,ERR,ERR,ERR,ERR,ERR,ERR,ERR,ERR,ERR,ERR,ERR,ERR,ERR,ERR,ERR,ERR,ERR,ERR,ERR,ERR,ERR,ERR,ERR,ERR,ERR,ERR,ERR,ERR,ERR,ERR,ERR,ERR,ERR,ERR,ERR,ERR,ERR,ERR,ERR,ERR,ERR,ERR,ERR,ERR,ERR,ERR,ERR,ERR,ERR,ERR,ERR,ERR,ERR,ERR,ERR,ERR,ERR,ERR,ERR,ERR,ERR,ERR,ERR,ERR,ERR,ERR,ERR,ERR,ERR,ERR,ERR,ERR,ERR,ERR,ERR,ERR,ERR,ERR,ERR,ERR,ERR,ERR,ERR,ERR,ERR,ERR,ERR,ERR,ERR,ERR,ERR,ERR,ERR,ERR,ERR,ERR,ERR,ERR,ERR,ERR,0.0,0.0,0.0,0.0,0.0,1.3936040501711995e+18,7.805,0.0,0,0,4,0,8422,0.0,45,0.0,0.0,0.0,0.0,0.0,0,0,0,0,0.0,0,0,0,0,0,0,0,0,0,0,0,0,0,0,0,0,0,0,0,0,0,0,0,0,0,0,0,0,0,0,0,0,0,38,14,7,45,65476,0,300,0,0,8,21553,0.0,-107605600.0,0.0,0.0,0.0,0.0,0.0,0.0,0.0,0.0,0.0,0.0,0.0,0.0,0.0,0.0,0.0,0.0,0.0,0.0,0.0,0.0,2.004,2.004,-0.0,0.0,0.0,0.0,0.0,0.0,4980.0,0.0,0.0,0.0,0.0,-107615280.0,2.718429300292151e+23,0.0,0.0,0.0,0.0,53,-0.0,5.848054890877766e+35,0.0,0.0,0.0,0.0,0.0,0.0,0.0,0,0,0,0.0,0.0,0.0,0.0,0.0,0.0,0.0,0.0,0.0,0.0,0.0,0.0,0.0,0.0,0.0,0.0,0,-107875648.0,53,0.0,106,-107614832.0,0.0,ERR,ERR,ERR,ERR,ERR,ERR,ERR,ERR,ERR,ERR,ERR,ERR,ERR,ERR,ERR,ERR,ERR,ERR,ERR,ERR,ERR,ERR,ERR,ERR,ERR,ERR,ERR,ERR,ERR,ERR,ERR,ERR,ERR,ERR,ERR,ERR,ERR,ERR,ERR,ERR,ERR,ERR,ERR,ERR,ERR,ERR,ERR,ERR,ERR,ERR,ERR,ERR,ERR,ERR,ERR,ERR,ERR,ERR,ERR,ERR,ERR,ERR,ERR,ERR,ERR,ERR,ERR,50.0,60.0,100,0.0,0.0,0.0,0.0,0.0,0.0,0.0,0.0,0.0,0.0,0.0,0.0,0.0,0.0,0.0,0.0,61.6,73,14,65513,50,65476,0,300,0,0,8,20529,65476,0,0,26214,60.0,0.0,0.0,0.0,0.0,0.0
2026-05-17T18:40:28,ERR,ERR,ERR,ERR,ERR,ERR,ERR,ERR,ERR,ERR,ERR,ERR,ERR,ERR,ERR,ERR,ERR,ERR,ERR,ERR,ERR,ERR,ERR,ERR,ERR,ERR,ERR,ERR,ERR,ERR,ERR,ERR,ERR,ERR,ERR,ERR,ERR,ERR,ERR,ERR,ERR,ERR,ERR,ERR,ERR,ERR,ERR,ERR,ERR,ERR,ERR,ERR,ERR,ERR,ERR,ERR,ERR,ERR,ERR,ERR,ERR,ERR,ERR,ERR,ERR,ERR,ERR,ERR,ERR,ERR,ERR,ERR,ERR,ERR,ERR,ERR,ERR,ERR,ERR,ERR,ERR,ERR,ERR,ERR,ERR,ERR,ERR,ERR,ERR,ERR,ERR,ERR,ERR,ERR,ERR,ERR,ERR,ERR,ERR,ERR,ERR,ERR,ERR,ERR,ERR,ERR,ERR,ERR,ERR,ERR,ERR,ERR,ERR,ERR,ERR,ERR,ERR,ERR,ERR,ERR,ERR,ERR,ERR,ERR,ERR,0.0,0.0,0.0,0.0,0.0,1.3936040501711995e+18,7.805,0.0,0,0,4,0,8422,0.0,45,0.0,0.0,0.0,0.0,0.0,0,0,0,0,0.0,0,0,0,0,0,0,0,0,0,0,0,0,0,0,0,0,0,0,0,0,0,0,0,0,0,0,0,0,0,0,0,0,0,38,14,7,45,65476,0,300,0,0,8,21553,0.0,-107605600.0,0.0,0.0,0.0,0.0,0.0,0.0,0.0,0.0,0.0,0.0,0.0,0.0,0.0,0.0,0.0,0.0,0.0,0.0,0.0,0.0,2.004,2.004,-0.0,0.0,0.0,0.0,0.0,0.0,4980.0,0.0,0.0,0.0,0.0,-107615280.0,2.718429300292151e+23,0.0,0.0,0.0,0.0,53,-0.0,5.848054890877766e+35,0.0,0.0,0.0,0.0,0.0,0.0,0.0,0,0,0,0.0,0.0,0.0,0.0,0.0,0.0,0.0,0.0,0.0,0.0,0.0,0.0,0.0,0.0,0.0,0.0,0,-107875648.0,53,0.0,106,-107614832.0,0.0,ERR,ERR,ERR,ERR,ERR,ERR,ERR,ERR,ERR,ERR,ERR,ERR,ERR,ERR,ERR,ERR,ERR,ERR,ERR,ERR,ERR,ERR,ERR,ERR,ERR,ERR,ERR,ERR,ERR,ERR,ERR,ERR,ERR,ERR,ERR,ERR,ERR,ERR,ERR,ERR,ERR,ERR,ERR,ERR,ERR,ERR,ERR,ERR,ERR,ERR,ERR,ERR,ERR,ERR,ERR,ERR,ERR,ERR,ERR,ERR,ERR,ERR,ERR,ERR,ERR,ERR,ERR,50.0,60.0,100,0.0,0.0,0.0,0.0,0.0,0.0,0.0,0.0,0.0,0.0,0.0,0.0,0.0,0.0,0.0,0.0,61.6,73,14,65513,50,65476,0,300,0,0,8,20529,65476,0,0,26214,60.0,0.0,0.0,0.0,0.0,0.0
2026-05-17T18:40:29,ERR,ERR,ERR,ERR,ERR,ERR,ERR,ERR,ERR,ERR,ERR,ERR,ERR,ERR,ERR,ERR,ERR,ERR,ERR,ERR,ERR,ERR,ERR,ERR,ERR,ERR,ERR,ERR,ERR,ERR,ERR,ERR,ERR,ERR,ERR,ERR,ERR,ERR,ERR,ERR,ERR,ERR,ERR,ERR,ERR,ERR,ERR,ERR,ERR,ERR,ERR,ERR,ERR,ERR,ERR,ERR,ERR,ERR,ERR,ERR,ERR,ERR,ERR,ERR,ERR,ERR,ERR,ERR,ERR,ERR,ERR,ERR,ERR,ERR,ERR,ERR,ERR,ERR,ERR,ERR,ERR,ERR,ERR,ERR,ERR,ERR,ERR,ERR,ERR,ERR,ERR,ERR,ERR,ERR,ERR,ERR,ERR,ERR,ERR,ERR,ERR,ERR,ERR,ERR,ERR,ERR,ERR,ERR,ERR,ERR,ERR,ERR,ERR,ERR,ERR,ERR,ERR,ERR,ERR,ERR,ERR,ERR,ERR,ERR,ERR,0.0,0.0,0.0,0.0,0.0,1.3936040501711995e+18,7.805,0.0,0,0,4,0,8422,0.0,45,0.0,0.0,0.0,0.0,0.0,0,0,0,0,0.0,0,0,0,0,0,0,0,0,0,0,0,0,0,0,0,0,0,0,0,0,0,0,0,0,0,0,0,0,0,0,0,0,0,38,14,7,45,65476,0,300,0,0,8,21553,0.0,-107605600.0,0.0,0.0,0.0,0.0,0.0,0.0,0.0,0.0,0.0,0.0,0.0,0.0,0.0,0.0,0.0,0.0,0.0,0.0,0.0,0.0,2.004,2.004,-0.0,0.0,0.0,0.0,0.0,0.0,4980.0,0.0,0.0,0.0,0.0,-107615280.0,2.718429300292151e+23,0.0,0.0,0.0,0.0,53,-0.0,5.848054890877766e+35,0.0,0.0,0.0,0.0,0.0,0.0,0.0,0,0,0,0.0,0.0,0.0,0.0,0.0,0.0,0.0,0.0,0.0,0.0,0.0,0.0,0.0,0.0,0.0,0.0,0,-107875648.0,53,0.0,106,-107614832.0,0.0,ERR,ERR,ERR,ERR,ERR,ERR,ERR,ERR,ERR,ERR,ERR,ERR,ERR,ERR,ERR,ERR,ERR,ERR,ERR,ERR,ERR,ERR,ERR,ERR,ERR,ERR,ERR,ERR,ERR,ERR,ERR,ERR,ERR,ERR,ERR,ERR,ERR,ERR,ERR,ERR,ERR,ERR,ERR,ERR,ERR,ERR,ERR,ERR,ERR,ERR,ERR,ERR,ERR,ERR,ERR,ERR,ERR,ERR,ERR,ERR,ERR,ERR,ERR,ERR,ERR,ERR,ERR,50.0,60.0,100,0.0,0.0,0.0,0.0,0.0,0.0,0.0,0.0,0.0,0.0,0.0,0.0,0.0,0.0,0.0,0.0,61.6,73,14,65513,50,65476,0,300,0,0,8,20529,65476,0,0,26214,60.0,0.0,0.0,0.0,0.0,0.0
2026-05-17T18:40:30,ERR,ERR,ERR,ERR,ERR,ERR,ERR,ERR,ERR,ERR,ERR,ERR,ERR,ERR,ERR,ERR,ERR,ERR,ERR,ERR,ERR,ERR,ERR,ERR,ERR,ERR,ERR,ERR,ERR,ERR,ERR,ERR,ERR,ERR,ERR,ERR,ERR,ERR,ERR,ERR,ERR,ERR,ERR,ERR,ERR,ERR,ERR,ERR,ERR,ERR,ERR,ERR,ERR,ERR,ERR,ERR,ERR,ERR,ERR,ERR,ERR,ERR,ERR,ERR,ERR,ERR,ERR,ERR,ERR,ERR,ERR,ERR,ERR,ERR,ERR,ERR,ERR,ERR,ERR,ERR,ERR,ERR,ERR,ERR,ERR,ERR,ERR,ERR,ERR,ERR,ERR,ERR,ERR,ERR,ERR,ERR,ERR,ERR,ERR,ERR,ERR,ERR,ERR,ERR,ERR,ERR,ERR,ERR,ERR,ERR,ERR,ERR,ERR,ERR,ERR,ERR,ERR,ERR,ERR,ERR,ERR,ERR,ERR,ERR,ERR,0.0,0.0,0.0,0.0,0.0,1.3936040501711995e+18,7.805,0.0,0,0,4,0,8422,0.0,45,0.0,0.0,0.0,0.0,0.0,0,0,0,0,0.0,0,0,0,0,0,0,0,0,0,0,0,0,0,0,0,0,0,0,0,0,0,0,0,0,0,0,0,0,0,0,0,0,0,38,14,7,45,65476,0,300,0,0,8,21553,0.0,-107605600.0,0.0,0.0,0.0,0.0,0.0,0.0,0.0,0.0,0.0,0.0,0.0,0.0,0.0,0.0,0.0,0.0,0.0,0.0,0.0,0.0,2.004,2.004,-0.0,0.0,0.0,0.0,0.0,0.0,4980.0,0.0,0.0,0.0,0.0,-107615280.0,2.718429300292151e+23,0.0,0.0,0.0,0.0,53,-0.0,5.848054890877766e+35,0.0,0.0,0.0,0.0,0.0,0.0,0.0,0,0,0,0.0,0.0,0.0,0.0,0.0,0.0,0.0,0.0,0.0,0.0,0.0,0.0,0.0,0.0,0.0,0.0,0,-107875648.0,53,0.0,106,-107614832.0,0.0,ERR,ERR,ERR,ERR,ERR,ERR,ERR,ERR,ERR,ERR,ERR,ERR,ERR,ERR,ERR,ERR,ERR,ERR,ERR,ERR,ERR,ERR,ERR,ERR,ERR,ERR,ERR,ERR,ERR,ERR,ERR,ERR,ERR,ERR,ERR,ERR,ERR,ERR,ERR,ERR,ERR,ERR,ERR,ERR,ERR,ERR,ERR,ERR,ERR,ERR,ERR,ERR,ERR,ERR,ERR,ERR,ERR,ERR,ERR,ERR,ERR,ERR,ERR,ERR,ERR,ERR,ERR,50.0,60.0,100,0.0,0.0,0.0,0.0,0.0,0.0,0.0,0.0,0.0,0.0,0.0,0.0,0.0,0.0,0.0,0.0,61.6,73,14,65513,50,65476,0,300,0,0,8,20529,65476,0,0,26214,60.0,0.0,0.0,0.0,0.0,0.0
2026-05-17T18:40:31,ERR,ERR,ERR,ERR,ERR,ERR,ERR,ERR,ERR,ERR,ERR,ERR,ERR,ERR,ERR,ERR,ERR,ERR,ERR,ERR,ERR,ERR,ERR,ERR,ERR,ERR,ERR,ERR,ERR,ERR,ERR,ERR,ERR,ERR,ERR,ERR,ERR,ERR,ERR,ERR,ERR,ERR,ERR,ERR,ERR,ERR,ERR,ERR,ERR,ERR,ERR,ERR,ERR,ERR,ERR,ERR,ERR,ERR,ERR,ERR,ERR,ERR,ERR,ERR,ERR,ERR,ERR,ERR,ERR,ERR,ERR,ERR,ERR,ERR,ERR,ERR,ERR,ERR,ERR,ERR,ERR,ERR,ERR,ERR,ERR,ERR,ERR,ERR,ERR,ERR,ERR,ERR,ERR,ERR,ERR,ERR,ERR,ERR,ERR,ERR,ERR,ERR,ERR,ERR,ERR,ERR,ERR,ERR,ERR,ERR,ERR,ERR,ERR,ERR,ERR,ERR,ERR,ERR,ERR,ERR,ERR,ERR,ERR,ERR,ERR,0.0,0.0,0.0,0.0,0.0,1.3936040501711995e+18,7.805,0.0,0,0,4,0,8422,0.0,45,0.0,0.0,0.0,0.0,0.0,0,0,0,0,0.0,0,0,0,0,0,0,0,0,0,0,0,0,0,0,0,0,0,0,0,0,0,0,0,0,0,0,0,0,0,0,0,0,0,38,14,7,45,65476,0,300,0,0,8,21553,0.0,-107605600.0,0.0,0.0,0.0,0.0,0.0,0.0,0.0,0.0,0.0,0.0,0.0,0.0,0.0,0.0,0.0,0.0,0.0,0.0,0.0,0.0,2.004,2.004,-0.0,0.0,0.0,0.0,0.0,0.0,4980.0,0.0,0.0,0.0,0.0,-107615280.0,2.718429300292151e+23,0.0,0.0,0.0,0.0,53,-0.0,5.848054890877766e+35,0.0,0.0,0.0,0.0,0.0,0.0,0.0,0,0,0,0.0,0.0,0.0,0.0,0.0,0.0,0.0,0.0,0.0,0.0,0.0,0.0,0.0,0.0,0.0,0.0,0,-107875648.0,53,0.0,106,-107614832.0,0.0,ERR,ERR,ERR,ERR,ERR,ERR,ERR,ERR,ERR,ERR,ERR,ERR,ERR,ERR,ERR,ERR,ERR,ERR,ERR,ERR,ERR,ERR,ERR,ERR,ERR,ERR,ERR,ERR,ERR,ERR,ERR,ERR,ERR,ERR,ERR,ERR,ERR,ERR,ERR,ERR,ERR,ERR,ERR,ERR,ERR,ERR,ERR,ERR,ERR,ERR,ERR,ERR,ERR,ERR,ERR,ERR,ERR,ERR,ERR,ERR,ERR,ERR,ERR,ERR,ERR,ERR,ERR,50.0,60.0,100,0.0,0.0,0.0,0.0,0.0,0.0,0.0,0.0,0.0,0.0,0.0,0.0,0.0,0.0,0.0,0.0,61.6,73,14,65513,50,65476,0,300,0,0,8,20529,65476,0,0,26214,60.0,0.0,0.0,0.0,0.0,0.0
2026-05-17T18:40:32,ERR,ERR,ERR,ERR,ERR,ERR,ERR,ERR,ERR,ERR,ERR,ERR,ERR,ERR,ERR,ERR,ERR,ERR,ERR,ERR,ERR,ERR,ERR,ERR,ERR,ERR,ERR,ERR,ERR,ERR,ERR,ERR,ERR,ERR,ERR,ERR,ERR,ERR,ERR,ERR,ERR,ERR,ERR,ERR,ERR,ERR,ERR,ERR,ERR,ERR,ERR,ERR,ERR,ERR,ERR,ERR,ERR,ERR,ERR,ERR,ERR,ERR,ERR,ERR,ERR,ERR,ERR,ERR,ERR,ERR,ERR,ERR,ERR,ERR,ERR,ERR,ERR,ERR,ERR,ERR,ERR,ERR,ERR,ERR,ERR,ERR,ERR,ERR,ERR,ERR,ERR,ERR,ERR,ERR,ERR,ERR,ERR,ERR,ERR,ERR,ERR,ERR,ERR,ERR,ERR,ERR,ERR,ERR,ERR,ERR,ERR,ERR,ERR,ERR,ERR,ERR,ERR,ERR,ERR,ERR,ERR,ERR,ERR,ERR,ERR,0.0,0.0,-134474944.0,0.0,0.0,1.3936040501711995e+18,7.805,0.0,0,0,4,0,8422,0.0,45,0.0,0.0,0.0,0.0,0.0,0,0,0,0,0.0,0,0,0,0,0,0,0,0,0,0,0,0,0,0,0,0,0,0,0,0,0,0,0,0,0,0,0,0,0,0,0,0,0,38,14,7,45,65476,0,300,0,0,8,21553,0.0,-107605600.0,0.0,0.0,0.0,0.0,0.0,0.0,0.0,0.0,0.0,0.0,0.0,0.0,0.0,0.0,0.0,0.0,0.0,0.0,0.0,0.0,0.0,2.004,-0.0,0.0,0.0,0.0,0.0,0.0,4983.0,0.0,0.0,0.0,0.0,-107615280.0,2.718429300292151e+23,0.0,0.0,0.0,0.0,53,-0.0,-152017246879744.0,0.0,0.0,0.0,0.0,0.0,0.0,0.0,0,0,0,0.0,0.0,0.0,0.0,0.0,0.0,0.0,0.0,0.0,0.0,0.0,0.0,0.0,0.0,0.0,0.0,0,-107875648.0,53,0.0,106,-107614832.0,0.0,ERR,ERR,ERR,ERR,ERR,ERR,ERR,ERR,ERR,ERR,ERR,ERR,ERR,ERR,ERR,ERR,ERR,ERR,ERR,ERR,ERR,ERR,ERR,ERR,ERR,ERR,ERR,ERR,ERR,ERR,ERR,ERR,ERR,ERR,ERR,ERR,ERR,ERR,ERR,ERR,ERR,ERR,ERR,ERR,ERR,ERR,ERR,ERR,ERR,ERR,ERR,ERR,ERR,ERR,ERR,ERR,ERR,ERR,ERR,ERR,ERR,ERR,ERR,ERR,ERR,ERR,ERR,50.0,60.0,100,0.0,0.0,0.0,0.0,0.0,0.0,0.0,0.0,0.0,0.0,0.0,0.0,0.0,0.0,0.0,0.0,62.0,73,14,65513,50,65476,0,300,0,0,8,20529,65476,0,0,26214,60.0,0.0,0.0,0.0,0.0,0.0
2026-05-17T18:40:33,ERR,ERR,ERR,ERR,ERR,ERR,ERR,ERR,ERR,ERR,ERR,ERR,ERR,ERR,ERR,ERR,ERR,ERR,ERR,ERR,ERR,ERR,ERR,ERR,ERR,ERR,ERR,ERR,ERR,ERR,ERR,ERR,ERR,ERR,ERR,ERR,ERR,ERR,ERR,ERR,ERR,ERR,ERR,ERR,ERR,ERR,ERR,ERR,ERR,ERR,ERR,ERR,ERR,ERR,ERR,ERR,ERR,ERR,ERR,ERR,ERR,ERR,ERR,ERR,ERR,ERR,ERR,ERR,ERR,ERR,ERR,ERR,ERR,ERR,ERR,ERR,ERR,ERR,ERR,ERR,ERR,ERR,ERR,ERR,ERR,ERR,ERR,ERR,ERR,ERR,ERR,ERR,ERR,ERR,ERR,ERR,ERR,ERR,ERR,ERR,ERR,ERR,ERR,ERR,ERR,ERR,ERR,ERR,ERR,ERR,ERR,ERR,ERR,ERR,ERR,ERR,ERR,ERR,ERR,ERR,ERR,ERR,ERR,ERR,ERR,0.0,0.0,-134474944.0,0.0,0.0,1.3936040501711995e+18,7.805,0.0,0,0,4,0,8422,0.0,45,0.0,0.0,0.0,0.0,0.0,0,0,0,0,0.0,0,0,0,0,0,0,0,0,0,0,0,0,0,0,0,0,0,0,0,0,0,0,0,0,0,0,0,0,0,0,0,0,0,38,14,7,45,65476,0,300,0,0,8,21553,0.0,-107605600.0,0.0,0.0,0.0,0.0,0.0,0.0,0.0,0.0,0.0,0.0,0.0,0.0,0.0,0.0,0.0,0.0,0.0,0.0,0.0,0.0,0.0,2.004,-0.0,0.0,0.0,0.0,0.0,0.0,4983.0,0.0,0.0,0.0,0.0,-107615280.0,2.718429300292151e+23,0.0,0.0,0.0,0.0,53,-0.0,-152017246879744.0,0.0,0.0,0.0,0.0,0.0,0.0,0.0,0,0,0,0.0,0.0,0.0,0.0,0.0,0.0,0.0,0.0,0.0,0.0,0.0,0.0,0.0,0.0,0.0,0.0,0,-107875648.0,53,0.0,106,-107614832.0,0.0,ERR,ERR,ERR,ERR,ERR,ERR,ERR,ERR,ERR,ERR,ERR,ERR,ERR,ERR,ERR,ERR,ERR,ERR,ERR,ERR,ERR,ERR,ERR,ERR,ERR,ERR,ERR,ERR,ERR,ERR,ERR,ERR,ERR,ERR,ERR,ERR,ERR,ERR,ERR,ERR,ERR,ERR,ERR,ERR,ERR,ERR,ERR,ERR,ERR,ERR,ERR,ERR,ERR,ERR,ERR,ERR,ERR,ERR,ERR,ERR,ERR,ERR,ERR,ERR,ERR,ERR,ERR,50.0,60.0,100,0.0,0.0,0.0,0.0,0.0,0.0,0.0,0.0,0.0,0.0,0.0,0.0,0.0,0.0,0.0,0.0,62.0,73,14,65513,50,65476,0,300,0,0,8,20529,65476,0,0,26214,60.0,0.0,0.0,0.0,0.0,0.0
2026-05-17T18:40:34,ERR,ERR,ERR,ERR,ERR,ERR,ERR,ERR,ERR,ERR,ERR,ERR,ERR,ERR,ERR,ERR,ERR,ERR,ERR,ERR,ERR,ERR,ERR,ERR,ERR,ERR,ERR,ERR,ERR,ERR,ERR,ERR,ERR,ERR,ERR,ERR,ERR,ERR,ERR,ERR,ERR,ERR,ERR,ERR,ERR,ERR,ERR,ERR,ERR,ERR,ERR,ERR,ERR,ERR,ERR,ERR,ERR,ERR,ERR,ERR,ERR,ERR,ERR,ERR,ERR,ERR,ERR,ERR,ERR,ERR,ERR,ERR,ERR,ERR,ERR,ERR,ERR,ERR,ERR,ERR,ERR,ERR,ERR,ERR,ERR,ERR,ERR,ERR,ERR,ERR,ERR,ERR,ERR,ERR,ERR,ERR,ERR,ERR,ERR,ERR,ERR,ERR,ERR,ERR,ERR,ERR,ERR,ERR,ERR,ERR,ERR,ERR,ERR,ERR,ERR,ERR,ERR,ERR,ERR,ERR,ERR,ERR,ERR,ERR,ERR,0.0,0.0,-134474944.0,0.0,0.0,1.3936040501711995e+18,7.805,0.0,0,0,4,0,8422,0.0,45,0.0,0.0,0.0,0.0,0.0,0,0,0,0,0.0,0,0,0,0,0,0,0,0,0,0,0,0,0,0,0,0,0,0,0,0,0,0,0,0,0,0,0,0,0,0,0,0,0,38,14,7,45,65476,0,300,0,0,8,21553,0.0,-107605600.0,0.0,0.0,0.0,0.0,0.0,0.0,0.0,0.0,0.0,0.0,0.0,0.0,0.0,0.0,0.0,0.0,0.0,0.0,0.0,0.0,0.0,2.004,-0.0,0.0,0.0,0.0,0.0,0.0,4983.0,0.0,0.0,0.0,0.0,-107615280.0,2.718429300292151e+23,0.0,0.0,0.0,0.0,53,-0.0,-152017246879744.0,0.0,0.0,0.0,0.0,0.0,0.0,0.0,0,0,0,0.0,0.0,0.0,0.0,0.0,0.0,0.0,0.0,0.0,0.0,0.0,0.0,0.0,0.0,0.0,0.0,0,-107875648.0,53,0.0,106,-107614832.0,0.0,ERR,ERR,ERR,ERR,ERR,ERR,ERR,ERR,ERR,ERR,ERR,ERR,ERR,ERR,ERR,ERR,ERR,ERR,ERR,ERR,ERR,ERR,ERR,ERR,ERR,ERR,ERR,ERR,ERR,ERR,ERR,ERR,ERR,ERR,ERR,ERR,ERR,ERR,ERR,ERR,ERR,ERR,ERR,ERR,ERR,ERR,ERR,ERR,ERR,ERR,ERR,ERR,ERR,ERR,ERR,ERR,ERR,ERR,ERR,ERR,ERR,ERR,ERR,ERR,ERR,ERR,ERR,50.0,60.0,100,0.0,0.0,0.0,0.0,0.0,0.0,0.0,0.0,0.0,0.0,0.0,0.0,0.0,0.0,0.0,0.0,62.0,73,14,65513,50,65476,0,300,0,0,8,20529,65476,0,0,26214,60.0,0.0,0.0,0.0,0.0,0.0
2026-05-17T18:40:35,ERR,ERR,ERR,ERR,ERR,ERR,ERR,ERR,ERR,ERR,ERR,ERR,ERR,ERR,ERR,ERR,ERR,ERR,ERR,ERR,ERR,ERR,ERR,ERR,ERR,ERR,ERR,ERR,ERR,ERR,ERR,ERR,ERR,ERR,ERR,ERR,ERR,ERR,ERR,ERR,ERR,ERR,ERR,ERR,ERR,ERR,ERR,ERR,ERR,ERR,ERR,ERR,ERR,ERR,ERR,ERR,ERR,ERR,ERR,ERR,ERR,ERR,ERR,ERR,ERR,ERR,ERR,ERR,ERR,ERR,ERR,ERR,ERR,ERR,ERR,ERR,ERR,ERR,ERR,ERR,ERR,ERR,ERR,ERR,ERR,ERR,ERR,ERR,ERR,ERR,ERR,ERR,ERR,ERR,ERR,ERR,ERR,ERR,ERR,ERR,ERR,ERR,ERR,ERR,ERR,ERR,ERR,ERR,ERR,ERR,ERR,ERR,ERR,ERR,ERR,ERR,ERR,ERR,ERR,ERR,ERR,ERR,ERR,ERR,ERR,0.0,0.0,-134474944.0,0.0,0.0,1.3936040501711995e+18,7.805,0.0,0,0,4,0,8422,0.0,45,0.0,0.0,0.0,0.0,0.0,0,0,0,0,0.0,0,0,0,0,0,0,0,0,0,0,0,0,0,0,0,0,0,0,0,0,0,0,0,0,0,0,0,0,0,0,0,0,0,38,14,7,45,65476,0,300,0,0,8,21553,0.0,-107605600.0,0.0,0.0,0.0,0.0,0.0,0.0,0.0,0.0,0.0,0.0,0.0,0.0,0.0,0.0,0.0,0.0,0.0,0.0,0.0,0.0,0.0,2.004,-0.0,0.0,0.0,0.0,0.0,0.0,4983.0,0.0,0.0,0.0,0.0,-107615280.0,2.718429300292151e+23,0.0,0.0,0.0,0.0,53,-0.0,-152017246879744.0,0.0,0.0,0.0,0.0,0.0,0.0,0.0,0,0,0,0.0,0.0,0.0,0.0,0.0,0.0,0.0,0.0,0.0,0.0,0.0,0.0,0.0,0.0,0.0,0.0,0,-107875648.0,53,0.0,106,-107614832.0,0.0,ERR,ERR,ERR,ERR,ERR,ERR,ERR,ERR,ERR,ERR,ERR,ERR,ERR,ERR,ERR,ERR,ERR,ERR,ERR,ERR,ERR,ERR,ERR,ERR,ERR,ERR,ERR,ERR,ERR,ERR,ERR,ERR,ERR,ERR,ERR,ERR,ERR,ERR,ERR,ERR,ERR,ERR,ERR,ERR,ERR,ERR,ERR,ERR,ERR,ERR,ERR,ERR,ERR,ERR,ERR,ERR,ERR,ERR,ERR,ERR,ERR,ERR,ERR,ERR,ERR,ERR,ERR,50.0,60.0,100,0.0,0.0,0.0,0.0,0.0,0.0,0.0,0.0,0.0,0.0,0.0,0.0,0.0,0.0,0.0,0.0,61.6,73,14,65513,50,65476,0,300,0,0,8,20529,65476,0,0,26214,60.0,0.0,0.0,0.0,0.0,0.0
2026-05-17T18:40:36,ERR,ERR,ERR,ERR,ERR,ERR,ERR,ERR,ERR,ERR,ERR,ERR,ERR,ERR,ERR,ERR,ERR,ERR,ERR,ERR,ERR,ERR,ERR,ERR,ERR,ERR,ERR,ERR,ERR,ERR,ERR,ERR,ERR,ERR,ERR,ERR,ERR,ERR,ERR,ERR,ERR,ERR,ERR,ERR,ERR,ERR,ERR,ERR,ERR,ERR,ERR,ERR,ERR,ERR,ERR,ERR,ERR,ERR,ERR,ERR,ERR,ERR,ERR,ERR,ERR,ERR,ERR,ERR,ERR,ERR,ERR,ERR,ERR,ERR,ERR,ERR,ERR,ERR,ERR,ERR,ERR,ERR,ERR,ERR,ERR,ERR,ERR,ERR,ERR,ERR,ERR,ERR,ERR,ERR,ERR,ERR,ERR,ERR,ERR,ERR,ERR,ERR,ERR,ERR,ERR,ERR,ERR,ERR,ERR,ERR,ERR,ERR,ERR,ERR,ERR,ERR,ERR,ERR,ERR,ERR,ERR,ERR,ERR,ERR,ERR,0.0,0.0,-134474944.0,0.0,0.0,1.3936040501711995e+18,7.805,0.0,0,0,4,0,8422,0.0,45,0.0,0.0,0.0,0.0,0.0,0,0,0,0,0.0,0,0,0,0,0,0,0,0,0,0,0,0,0,0,0,0,0,0,0,0,0,0,0,0,0,0,0,0,0,0,0,0,0,38,14,7,45,65476,0,300,0,0,8,21553,0.0,-107605600.0,0.0,0.0,0.0,0.0,0.0,0.0,0.0,0.0,0.0,0.0,0.0,0.0,0.0,0.0,0.0,0.0,0.0,0.0,0.0,0.0,0.0,2.004,-0.0,0.0,0.0,0.0,0.0,0.0,4983.0,0.0,0.0,0.0,0.0,-107615280.0,2.718429300292151e+23,0.0,0.0,0.0,0.0,53,-0.0,-152017246879744.0,0.0,0.0,0.0,0.0,0.0,0.0,0.0,0,0,0,0.0,0.0,0.0,0.0,0.0,0.0,0.0,0.0,0.0,0.0,0.0,0.0,0.0,0.0,0.0,0.0,0,-107875648.0,53,0.0,106,-107614832.0,0.0,ERR,ERR,ERR,ERR,ERR,ERR,ERR,ERR,ERR,ERR,ERR,ERR,ERR,ERR,ERR,ERR,ERR,ERR,ERR,ERR,ERR,ERR,ERR,ERR,ERR,ERR,ERR,ERR,ERR,ERR,ERR,ERR,ERR,ERR,ERR,ERR,ERR,ERR,ERR,ERR,ERR,ERR,ERR,ERR,ERR,ERR,ERR,ERR,ERR,ERR,ERR,ERR,ERR,ERR,ERR,ERR,ERR,ERR,ERR,ERR,ERR,ERR,ERR,ERR,ERR,ERR,ERR,50.0,60.0,100,0.0,0.0,0.0,0.0,0.0,0.0,0.0,0.0,0.0,0.0,0.0,0.0,0.0,0.0,0.0,0.0,61.6,73,14,65513,50,65476,0,300,0,0,8,20529,65476,0,0,26214,60.0,0.0,0.0,0.0,0.0,0.0
2026-05-17T18:40:37,ERR,ERR,ERR,ERR,ERR,ERR,ERR,ERR,ERR,ERR,ERR,ERR,ERR,ERR,ERR,ERR,ERR,ERR,ERR,ERR,ERR,ERR,ERR,ERR,ERR,ERR,ERR,ERR,ERR,ERR,ERR,ERR,ERR,ERR,ERR,ERR,ERR,ERR,ERR,ERR,ERR,ERR,ERR,ERR,ERR,ERR,ERR,ERR,ERR,ERR,ERR,ERR,ERR,ERR,ERR,ERR,ERR,ERR,ERR,ERR,ERR,ERR,ERR,ERR,ERR,ERR,ERR,ERR,ERR,ERR,ERR,ERR,ERR,ERR,ERR,ERR,ERR,ERR,ERR,ERR,ERR,ERR,ERR,ERR,ERR,ERR,ERR,ERR,ERR,ERR,ERR,ERR,ERR,ERR,ERR,ERR,ERR,ERR,ERR,ERR,ERR,ERR,ERR,ERR,ERR,ERR,ERR,ERR,ERR,ERR,ERR,ERR,ERR,ERR,ERR,ERR,ERR,ERR,ERR,ERR,ERR,ERR,ERR,ERR,ERR,0.0,0.0,-134474944.0,0.0,0.0,1.3936040501711995e+18,7.805,0.0,0,0,4,0,8422,0.0,45,0.0,0.0,0.0,0.0,0.0,0,0,0,0,0.0,0,0,0,0,0,0,0,0,0,0,0,0,0,0,0,0,0,0,0,0,0,0,0,0,0,0,0,0,0,0,0,0,0,38,14,7,45,65476,0,300,0,0,8,21553,0.0,-107605600.0,0.0,0.0,0.0,0.0,0.0,0.0,0.0,0.0,0.0,0.0,0.0,0.0,0.0,0.0,0.0,0.0,0.0,0.0,0.0,0.0,0.0,2.004,-0.0,0.0,0.0,0.0,0.0,0.0,4983.0,0.0,0.0,0.0,0.0,-107615280.0,2.718429300292151e+23,0.0,0.0,0.0,0.0,53,-0.0,-152017246879744.0,0.0,0.0,0.0,0.0,0.0,0.0,0.0,0,0,0,0.0,0.0,0.0,0.0,0.0,0.0,0.0,0.0,0.0,0.0,0.0,0.0,0.0,0.0,0.0,0.0,0,-107875648.0,53,0.0,106,-107614832.0,0.0,ERR,ERR,ERR,ERR,ERR,ERR,ERR,ERR,ERR,ERR,ERR,ERR,ERR,ERR,ERR,ERR,ERR,ERR,ERR,ERR,ERR,ERR,ERR,ERR,ERR,ERR,ERR,ERR,ERR,ERR,ERR,ERR,ERR,ERR,ERR,ERR,ERR,ERR,ERR,ERR,ERR,ERR,ERR,ERR,ERR,ERR,ERR,ERR,ERR,ERR,ERR,ERR,ERR,ERR,ERR,ERR,ERR,ERR,ERR,ERR,ERR,ERR,ERR,ERR,ERR,ERR,ERR,50.0,60.0,100,0.0,0.0,0.0,0.0,0.0,0.0,0.0,0.0,0.0,0.0,0.0,0.0,0.0,0.0,0.0,0.0,61.6,73,14,65513,50,65476,0,300,0,0,8,20529,65476,0,0,26214,60.0,0.0,0.0,0.0,0.0,0.0
2026-05-17T18:40:38,ERR,ERR,ERR,ERR,ERR,ERR,ERR,ERR,ERR,ERR,ERR,ERR,ERR,ERR,ERR,ERR,ERR,ERR,ERR,ERR,ERR,ERR,ERR,ERR,ERR,ERR,ERR,ERR,ERR,ERR,ERR,ERR,ERR,ERR,ERR,ERR,ERR,ERR,ERR,ERR,ERR,ERR,ERR,ERR,ERR,ERR,ERR,ERR,ERR,ERR,ERR,ERR,ERR,ERR,ERR,ERR,ERR,ERR,ERR,ERR,ERR,ERR,ERR,ERR,ERR,ERR,ERR,ERR,ERR,ERR,ERR,ERR,ERR,ERR,ERR,ERR,ERR,ERR,ERR,ERR,ERR,ERR,ERR,ERR,ERR,ERR,ERR,ERR,ERR,ERR,ERR,ERR,ERR,ERR,ERR,ERR,ERR,ERR,ERR,ERR,ERR,ERR,ERR,ERR,ERR,ERR,ERR,ERR,ERR,ERR,ERR,ERR,ERR,ERR,ERR,ERR,ERR,ERR,ERR,ERR,ERR,ERR,ERR,ERR,ERR,0.0,0.0,0.0,0.0,0.0,1.3936040501711995e+18,7.805,0.0,0,0,4,0,8422,0.0,45,0.0,0.0,0.0,0.0,0.0,0,0,0,0,0.0,0,0,0,0,0,0,0,0,0,0,0,0,0,0,0,0,0,0,0,0,0,0,0,0,0,0,0,0,0,0,0,0,0,38,14,7,45,65476,0,300,0,0,8,21553,0.0,-107605600.0,0.0,0.0,0.0,0.0,0.0,0.0,0.0,0.0,0.0,0.0,0.0,0.0,0.0,0.0,0.0,0.0,0.0,0.0,0.0,0.0,0.0,2.004,-0.0,0.0,0.0,0.0,0.0,0.0,4979.0,-131350.422,0.0,0.0,0.0,-107615280.0,2.718429300292151e+23,0.0,0.0,0.0,0.0,53,-0.0,2.7184172306451498e+23,0.0,0.0,0.0,0.0,0.0,0.0,0.0,0,0,0,0.0,0.0,0.0,0.0,0.0,0.0,0.0,0.0,0.0,0.0,0.0,0.0,0.0,0.0,0.0,0.0,0,-107875648.0,53,0.0,106,-107614832.0,0.0,ERR,ERR,ERR,ERR,ERR,ERR,ERR,ERR,ERR,ERR,ERR,ERR,ERR,ERR,ERR,ERR,ERR,ERR,ERR,ERR,ERR,ERR,ERR,ERR,ERR,ERR,ERR,ERR,ERR,ERR,ERR,ERR,ERR,ERR,ERR,ERR,ERR,ERR,ERR,ERR,ERR,ERR,ERR,ERR,ERR,ERR,ERR,ERR,ERR,ERR,ERR,ERR,ERR,ERR,ERR,ERR,ERR,ERR,ERR,ERR,ERR,ERR,ERR,ERR,ERR,ERR,ERR,50.0,60.0,100,0.0,0.0,0.0,0.0,0.0,0.0,0.0,0.0,0.0,0.0,0.0,0.0,0.0,0.0,0.0,0.0,61.6,73,14,65513,50,65476,0,300,0,0,8,20529,65476,0,0,26214,60.0,0.0,0.0,0.0,0.0,0.0
2026-05-17T18:40:39,ERR,ERR,ERR,ERR,ERR,ERR,ERR,ERR,ERR,ERR,ERR,ERR,ERR,ERR,ERR,ERR,ERR,ERR,ERR,ERR,ERR,ERR,ERR,ERR,ERR,ERR,ERR,ERR,ERR,ERR,ERR,ERR,ERR,ERR,ERR,ERR,ERR,ERR,ERR,ERR,ERR,ERR,ERR,ERR,ERR,ERR,ERR,ERR,ERR,ERR,ERR,ERR,ERR,ERR,ERR,ERR,ERR,ERR,ERR,ERR,ERR,ERR,ERR,ERR,ERR,ERR,ERR,ERR,ERR,ERR,ERR,ERR,ERR,ERR,ERR,ERR,ERR,ERR,ERR,ERR,ERR,ERR,ERR,ERR,ERR,ERR,ERR,ERR,ERR,ERR,ERR,ERR,ERR,ERR,ERR,ERR,ERR,ERR,ERR,ERR,ERR,ERR,ERR,ERR,ERR,ERR,ERR,ERR,ERR,ERR,ERR,ERR,ERR,ERR,ERR,ERR,ERR,ERR,ERR,ERR,ERR,ERR,ERR,ERR,ERR,0.0,0.0,0.0,0.0,0.0,1.3936040501711995e+18,7.805,0.0,0,0,4,0,8422,0.0,45,0.0,0.0,0.0,0.0,0.0,0,0,0,0,0.0,0,0,0,0,0,0,0,0,0,0,0,0,0,0,0,0,0,0,0,0,0,0,0,0,0,0,0,0,0,0,0,0,0,38,14,7,45,65476,0,300,0,0,8,21553,0.0,-107605600.0,0.0,0.0,0.0,0.0,0.0,0.0,0.0,0.0,0.0,0.0,0.0,0.0,0.0,0.0,0.0,0.0,0.0,0.0,0.0,0.0,0.0,2.004,-0.0,0.0,0.0,0.0,0.0,0.0,4979.0,-131350.422,0.0,0.0,0.0,-107615280.0,2.718429300292151e+23,0.0,0.0,0.0,0.0,53,-0.0,2.7184172306451498e+23,0.0,0.0,0.0,0.0,0.0,0.0,0.0,0,0,0,0.0,0.0,0.0,0.0,0.0,0.0,0.0,0.0,0.0,0.0,0.0,0.0,0.0,0.0,0.0,0.0,0,-107875648.0,53,0.0,106,-107614832.0,0.0,ERR,ERR,ERR,ERR,ERR,ERR,ERR,ERR,ERR,ERR,ERR,ERR,ERR,ERR,ERR,ERR,ERR,ERR,ERR,ERR,ERR,ERR,ERR,ERR,ERR,ERR,ERR,ERR,ERR,ERR,ERR,ERR,ERR,ERR,ERR,ERR,ERR,ERR,ERR,ERR,ERR,ERR,ERR,ERR,ERR,ERR,ERR,ERR,ERR,ERR,ERR,ERR,ERR,ERR,ERR,ERR,ERR,ERR,ERR,ERR,ERR,ERR,ERR,ERR,ERR,ERR,ERR,50.0,60.0,100,0.0,0.0,0.0,0.0,0.0,0.0,0.0,0.0,0.0,0.0,0.0,0.0,0.0,0.0,0.0,0.0,61.6,73,14,65513,50,65476,0,300,0,0,8,20529,65476,0,0,26214,60.0,0.0,0.0,0.0,0.0,0.0
2026-05-17T18:40:40,ERR,ERR,ERR,ERR,ERR,ERR,ERR,ERR,ERR,ERR,ERR,ERR,ERR,ERR,ERR,ERR,ERR,ERR,ERR,ERR,ERR,ERR,ERR,ERR,ERR,ERR,ERR,ERR,ERR,ERR,ERR,ERR,ERR,ERR,ERR,ERR,ERR,ERR,ERR,ERR,ERR,ERR,ERR,ERR,ERR,ERR,ERR,ERR,ERR,ERR,ERR,ERR,ERR,ERR,ERR,ERR,ERR,ERR,ERR,ERR,ERR,ERR,ERR,ERR,ERR,ERR,ERR,ERR,ERR,ERR,ERR,ERR,ERR,ERR,ERR,ERR,ERR,ERR,ERR,ERR,ERR,ERR,ERR,ERR,ERR,ERR,ERR,ERR,ERR,ERR,ERR,ERR,ERR,ERR,ERR,ERR,ERR,ERR,ERR,ERR,ERR,ERR,ERR,ERR,ERR,ERR,ERR,ERR,ERR,ERR,ERR,ERR,ERR,ERR,ERR,ERR,ERR,ERR,ERR,ERR,ERR,ERR,ERR,ERR,ERR,0.0,0.0,0.0,0.0,0.0,1.3936040501711995e+18,7.805,0.0,0,0,4,0,8422,0.0,45,0.0,0.0,0.0,0.0,0.0,0,0,0,0,0.0,0,0,0,0,0,0,0,0,0,0,0,0,0,0,0,0,0,0,0,0,0,0,0,0,0,0,0,0,0,0,0,0,0,38,14,7,45,65476,0,300,0,0,8,21553,0.0,-107605600.0,0.0,0.0,0.0,0.0,0.0,0.0,0.0,0.0,0.0,0.0,0.0,0.0,0.0,0.0,0.0,0.0,0.0,0.0,0.0,0.0,0.0,2.004,-0.0,0.0,0.0,0.0,0.0,0.0,4979.0,-131350.422,0.0,0.0,0.0,-107615280.0,2.718429300292151e+23,0.0,0.0,0.0,0.0,53,-0.0,2.7184172306451498e+23,0.0,0.0,0.0,0.0,0.0,0.0,0.0,0,0,0,0.0,0.0,0.0,0.0,0.0,0.0,0.0,0.0,0.0,0.0,0.0,0.0,0.0,0.0,0.0,0.0,0,-107875648.0,53,0.0,106,-107614832.0,0.0,ERR,ERR,ERR,ERR,ERR,ERR,ERR,ERR,ERR,ERR,ERR,ERR,ERR,ERR,ERR,ERR,ERR,ERR,ERR,ERR,ERR,ERR,ERR,ERR,ERR,ERR,ERR,ERR,ERR,ERR,ERR,ERR,ERR,ERR,ERR,ERR,ERR,ERR,ERR,ERR,ERR,ERR,ERR,ERR,ERR,ERR,ERR,ERR,ERR,ERR,ERR,ERR,ERR,ERR,ERR,ERR,ERR,ERR,ERR,ERR,ERR,ERR,ERR,ERR,ERR,ERR,ERR,50.0,60.0,100,0.0,0.0,0.0,0.0,0.0,0.0,0.0,0.0,0.0,0.0,0.0,0.0,0.0,0.0,0.0,0.0,61.6,73,14,65513,50,65476,0,300,0,0,8,20529,65476,0,0,26214,60.0,0.0,0.0,0.0,0.0,0.0
2026-05-17T18:40:41,ERR,ERR,ERR,ERR,ERR,ERR,ERR,ERR,ERR,ERR,ERR,ERR,ERR,ERR,ERR,ERR,ERR,ERR,ERR,ERR,ERR,ERR,ERR,ERR,ERR,ERR,ERR,ERR,ERR,ERR,ERR,ERR,ERR,ERR,ERR,ERR,ERR,ERR,ERR,ERR,ERR,ERR,ERR,ERR,ERR,ERR,ERR,ERR,ERR,ERR,ERR,ERR,ERR,ERR,ERR,ERR,ERR,ERR,ERR,ERR,ERR,ERR,ERR,ERR,ERR,ERR,ERR,ERR,ERR,ERR,ERR,ERR,ERR,ERR,ERR,ERR,ERR,ERR,ERR,ERR,ERR,ERR,ERR,ERR,ERR,ERR,ERR,ERR,ERR,ERR,ERR,ERR,ERR,ERR,ERR,ERR,ERR,ERR,ERR,ERR,ERR,ERR,ERR,ERR,ERR,ERR,ERR,ERR,ERR,ERR,ERR,ERR,ERR,ERR,ERR,ERR,ERR,ERR,ERR,ERR,ERR,ERR,ERR,ERR,ERR,0.0,0.0,0.0,0.0,0.0,1.3936040501711995e+18,7.805,0.0,0,0,4,0,8422,0.0,45,0.0,0.0,0.0,0.0,0.0,0,0,0,0,0.0,0,0,0,0,0,0,0,0,0,0,0,0,0,0,0,0,0,0,0,0,0,0,0,0,0,0,0,0,0,0,0,0,0,38,14,7,45,65476,0,300,0,0,8,21553,0.0,-107605600.0,0.0,0.0,0.0,0.0,0.0,0.0,0.0,0.0,0.0,0.0,0.0,0.0,0.0,0.0,0.0,0.0,0.0,0.0,0.0,0.0,0.0,2.004,-0.0,0.0,0.0,0.0,0.0,0.0,4979.0,-131350.422,0.0,0.0,0.0,-107615280.0,2.718429300292151e+23,0.0,0.0,0.0,0.0,53,-0.0,2.7184172306451498e+23,0.0,0.0,0.0,0.0,0.0,0.0,0.0,0,0,0,0.0,0.0,0.0,0.0,0.0,0.0,0.0,0.0,0.0,0.0,0.0,0.0,0.0,0.0,0.0,0.0,0,-107875648.0,53,0.0,106,-107614832.0,0.0,ERR,ERR,ERR,ERR,ERR,ERR,ERR,ERR,ERR,ERR,ERR,ERR,ERR,ERR,ERR,ERR,ERR,ERR,ERR,ERR,ERR,ERR,ERR,ERR,ERR,ERR,ERR,ERR,ERR,ERR,ERR,ERR,ERR,ERR,ERR,ERR,ERR,ERR,ERR,ERR,ERR,ERR,ERR,ERR,ERR,ERR,ERR,ERR,ERR,ERR,ERR,ERR,ERR,ERR,ERR,ERR,ERR,ERR,ERR,ERR,ERR,ERR,ERR,ERR,ERR,ERR,ERR,50.0,60.0,100,0.0,0.0,0.0,0.0,0.0,0.0,0.0,0.0,0.0,0.0,0.0,0.0,0.0,0.0,0.0,0.0,61.6,73,14,65513,50,65476,0,300,0,0,8,20529,65476,0,0,26214,60.0,0.0,0.0,0.0,0.0,0.0
2026-05-17T18:40:42,ERR,ERR,ERR,ERR,ERR,ERR,ERR,ERR,ERR,ERR,ERR,ERR,ERR,ERR,ERR,ERR,ERR,ERR,ERR,ERR,ERR,ERR,ERR,ERR,ERR,ERR,ERR,ERR,ERR,ERR,ERR,ERR,ERR,ERR,ERR,ERR,ERR,ERR,ERR,ERR,ERR,ERR,ERR,ERR,ERR,ERR,ERR,ERR,ERR,ERR,ERR,ERR,ERR,ERR,ERR,ERR,ERR,ERR,ERR,ERR,ERR,ERR,ERR,ERR,ERR,ERR,ERR,ERR,ERR,ERR,ERR,ERR,ERR,ERR,ERR,ERR,ERR,ERR,ERR,ERR,ERR,ERR,ERR,ERR,ERR,ERR,ERR,ERR,ERR,ERR,ERR,ERR,ERR,ERR,ERR,ERR,ERR,ERR,ERR,ERR,ERR,ERR,ERR,ERR,ERR,ERR,ERR,ERR,ERR,ERR,ERR,ERR,ERR,ERR,ERR,ERR,ERR,ERR,ERR,ERR,ERR,ERR,ERR,ERR,ERR,0.0,0.0,0.0,0.0,0.0,1.3936040501711995e+18,7.805,0.0,0,0,4,0,8422,0.0,45,0.0,0.0,0.0,0.0,0.0,0,0,0,0,0.0,0,0,0,0,0,0,0,0,0,0,0,0,0,0,0,0,0,0,0,0,0,0,0,0,0,0,0,0,0,0,0,0,0,38,14,7,45,65476,0,300,0,0,8,21553,0.0,-107605600.0,0.0,0.0,0.0,0.0,0.0,0.0,0.0,0.0,0.0,0.0,0.0,0.0,0.0,0.0,0.0,0.0,0.0,0.0,0.0,0.0,0.0,2.004,-0.0,0.0,0.0,0.0,0.0,0.0,4979.0,-131350.422,0.0,0.0,0.0,-107615280.0,2.718429300292151e+23,0.0,0.0,0.0,0.0,53,-0.0,2.7184172306451498e+23,0.0,0.0,0.0,0.0,0.0,0.0,0.0,0,0,0,0.0,0.0,0.0,0.0,0.0,0.0,0.0,0.0,0.0,0.0,0.0,0.0,0.0,0.0,0.0,0.0,0,-107875648.0,53,0.0,106,-107614832.0,0.0,ERR,ERR,ERR,ERR,ERR,ERR,ERR,ERR,ERR,ERR,ERR,ERR,ERR,ERR,ERR,ERR,ERR,ERR,ERR,ERR,ERR,ERR,ERR,ERR,ERR,ERR,ERR,ERR,ERR,ERR,ERR,ERR,ERR,ERR,ERR,ERR,ERR,ERR,ERR,ERR,ERR,ERR,ERR,ERR,ERR,ERR,ERR,ERR,ERR,ERR,ERR,ERR,ERR,ERR,ERR,ERR,ERR,ERR,ERR,ERR,ERR,ERR,ERR,ERR,ERR,ERR,ERR,50.0,60.0,100,0.0,0.0,0.0,0.0,0.0,0.0,0.0,0.0,0.0,0.0,0.0,0.0,0.0,0.0,0.0,0.0,61.6,73,14,65513,50,65476,0,300,0,0,8,20529,65476,0,0,26214,60.0,0.0,0.0,0.0,0.0,0.0
2026-05-17T18:40:43,ERR,ERR,ERR,ERR,ERR,ERR,ERR,ERR,ERR,ERR,ERR,ERR,ERR,ERR,ERR,ERR,ERR,ERR,ERR,ERR,ERR,ERR,ERR,ERR,ERR,ERR,ERR,ERR,ERR,ERR,ERR,ERR,ERR,ERR,ERR,ERR,ERR,ERR,ERR,ERR,ERR,ERR,ERR,ERR,ERR,ERR,ERR,ERR,ERR,ERR,ERR,ERR,ERR,ERR,ERR,ERR,ERR,ERR,ERR,ERR,ERR,ERR,ERR,ERR,ERR,ERR,ERR,ERR,ERR,ERR,ERR,ERR,ERR,ERR,ERR,ERR,ERR,ERR,ERR,ERR,ERR,ERR,ERR,ERR,ERR,ERR,ERR,ERR,ERR,ERR,ERR,ERR,ERR,ERR,ERR,ERR,ERR,ERR,ERR,ERR,ERR,ERR,ERR,ERR,ERR,ERR,ERR,ERR,ERR,ERR,ERR,ERR,ERR,ERR,ERR,ERR,ERR,ERR,ERR,ERR,ERR,ERR,ERR,ERR,ERR,0.0,0.0,0.0,0.0,0.0,1.3936040501711995e+18,7.805,0.0,0,0,4,0,8422,0.0,45,0.0,0.0,0.0,0.0,0.0,0,0,0,0,0.0,0,0,0,0,0,0,0,0,0,0,0,0,0,0,0,0,0,0,0,0,0,0,0,0,0,0,0,0,0,0,0,0,0,38,14,7,45,65476,0,300,0,0,8,21553,0.0,-107605600.0,0.0,0.0,0.0,0.0,0.0,0.0,0.0,0.0,0.0,0.0,0.0,0.0,0.0,0.0,0.0,0.0,0.0,0.0,0.0,0.0,0.0,2.004,-0.0,0.0,0.0,0.0,0.0,0.0,5016.0,0.0,0.0,0.0,0.0,-107615280.0,2.718429300292151e+23,0.0,0.0,0.0,0.0,53,-0.0,-0.0,0.0,0.0,0.0,0.0,0.0,0.0,0.0,0,0,0,0.0,0.0,0.0,0.0,0.0,0.0,0.0,0.0,0.0,0.0,0.0,0.0,0.0,0.0,0.0,0.0,0,-107875648.0,53,0.0,106,-107614832.0,0.0,ERR,ERR,ERR,ERR,ERR,ERR,ERR,ERR,ERR,ERR,ERR,ERR,ERR,ERR,ERR,ERR,ERR,ERR,ERR,ERR,ERR,ERR,ERR,ERR,ERR,ERR,ERR,ERR,ERR,ERR,ERR,ERR,ERR,ERR,ERR,ERR,ERR,ERR,ERR,ERR,ERR,ERR,ERR,ERR,ERR,ERR,ERR,ERR,ERR,ERR,ERR,ERR,ERR,ERR,ERR,ERR,ERR,ERR,ERR,ERR,ERR,ERR,ERR,ERR,ERR,ERR,ERR,50.0,60.0,100,0.0,0.0,0.0,0.0,0.0,0.0,0.0,0.0,0.0,0.0,0.0,0.0,0.0,0.0,0.0,0.0,61.6,73,14,65513,50,65476,0,300,0,0,8,20529,65476,0,0,26214,60.0,0.0,0.0,0.0,0.0,0.0
2026-05-17T18:40:44,ERR,ERR,ERR,ERR,ERR,ERR,ERR,ERR,ERR,ERR,ERR,ERR,ERR,ERR,ERR,ERR,ERR,ERR,ERR,ERR,ERR,ERR,ERR,ERR,ERR,ERR,ERR,ERR,ERR,ERR,ERR,ERR,ERR,ERR,ERR,ERR,ERR,ERR,ERR,ERR,ERR,ERR,ERR,ERR,ERR,ERR,ERR,ERR,ERR,ERR,ERR,ERR,ERR,ERR,ERR,ERR,ERR,ERR,ERR,ERR,ERR,ERR,ERR,ERR,ERR,ERR,ERR,ERR,ERR,ERR,ERR,ERR,ERR,ERR,ERR,ERR,ERR,ERR,ERR,ERR,ERR,ERR,ERR,ERR,ERR,ERR,ERR,ERR,ERR,ERR,ERR,ERR,ERR,ERR,ERR,ERR,ERR,ERR,ERR,ERR,ERR,ERR,ERR,ERR,ERR,ERR,ERR,ERR,ERR,ERR,ERR,ERR,ERR,ERR,ERR,ERR,ERR,ERR,ERR,ERR,ERR,ERR,ERR,ERR,ERR,0.0,0.0,0.0,0.0,0.0,1.3936040501711995e+18,7.805,0.0,0,0,4,0,8422,0.0,45,0.0,0.0,0.0,0.0,0.0,0,0,0,0,0.0,0,0,0,0,0,0,0,0,0,0,0,0,0,0,0,0,0,0,0,0,0,0,0,0,0,0,0,0,0,0,0,0,0,38,14,7,45,65476,0,300,0,0,8,21553,0.0,-107605600.0,0.0,0.0,0.0,0.0,0.0,0.0,0.0,0.0,0.0,0.0,0.0,0.0,0.0,0.0,0.0,0.0,0.0,0.0,0.0,0.0,0.0,2.004,-0.0,0.0,0.0,0.0,0.0,0.0,5016.0,0.0,0.0,0.0,0.0,-107615280.0,2.718429300292151e+23,0.0,0.0,0.0,0.0,53,-0.0,-0.0,0.0,0.0,0.0,0.0,0.0,0.0,0.0,0,0,0,0.0,0.0,0.0,0.0,0.0,0.0,0.0,0.0,0.0,0.0,0.0,0.0,0.0,0.0,0.0,0.0,0,-107875648.0,53,0.0,106,-107614832.0,0.0,ERR,ERR,ERR,ERR,ERR,ERR,ERR,ERR,ERR,ERR,ERR,ERR,ERR,ERR,ERR,ERR,ERR,ERR,ERR,ERR,ERR,ERR,ERR,ERR,ERR,ERR,ERR,ERR,ERR,ERR,ERR,ERR,ERR,ERR,ERR,ERR,ERR,ERR,ERR,ERR,ERR,ERR,ERR,ERR,ERR,ERR,ERR,ERR,ERR,ERR,ERR,ERR,ERR,ERR,ERR,ERR,ERR,ERR,ERR,ERR,ERR,ERR,ERR,ERR,ERR,ERR,ERR,50.0,60.0,100,0.0,0.0,0.0,0.0,0.0,0.0,0.0,0.0,0.0,0.0,0.0,0.0,0.0,0.0,0.0,0.0,61.6,73,14,65513,50,65476,0,300,0,0,8,20529,65476,0,0,26214,60.0,0.0,0.0,0.0,0.0,0.0
2026-05-17T18:40:45,ERR,ERR,ERR,ERR,ERR,ERR,ERR,ERR,ERR,ERR,ERR,ERR,ERR,ERR,ERR,ERR,ERR,ERR,ERR,ERR,ERR,ERR,ERR,ERR,ERR,ERR,ERR,ERR,ERR,ERR,ERR,ERR,ERR,ERR,ERR,ERR,ERR,ERR,ERR,ERR,ERR,ERR,ERR,ERR,ERR,ERR,ERR,ERR,ERR,ERR,ERR,ERR,ERR,ERR,ERR,ERR,ERR,ERR,ERR,ERR,ERR,ERR,ERR,ERR,ERR,ERR,ERR,ERR,ERR,ERR,ERR,ERR,ERR,ERR,ERR,ERR,ERR,ERR,ERR,ERR,ERR,ERR,ERR,ERR,ERR,ERR,ERR,ERR,ERR,ERR,ERR,ERR,ERR,ERR,ERR,ERR,ERR,ERR,ERR,ERR,ERR,ERR,ERR,ERR,ERR,ERR,ERR,ERR,ERR,ERR,ERR,ERR,ERR,ERR,ERR,ERR,ERR,ERR,ERR,ERR,ERR,ERR,ERR,ERR,ERR,0.0,0.0,0.0,0.0,0.0,1.3936040501711995e+18,7.805,0.0,0,0,4,0,8422,0.0,45,0.0,0.0,0.0,0.0,0.0,0,0,0,0,0.0,0,0,0,0,0,0,0,0,0,0,0,0,0,0,0,0,0,0,0,0,0,0,0,0,0,0,0,0,0,0,0,0,0,38,14,7,45,65476,0,300,0,0,8,21553,0.0,-107605600.0,0.0,0.0,0.0,0.0,0.0,0.0,0.0,0.0,0.0,0.0,0.0,0.0,0.0,0.0,0.0,0.0,0.0,0.0,0.0,0.0,0.0,2.004,-0.0,0.0,0.0,0.0,0.0,0.0,5016.0,0.0,0.0,0.0,0.0,-107615280.0,2.718429300292151e+23,0.0,0.0,0.0,0.0,53,-0.0,-0.0,0.0,0.0,0.0,0.0,0.0,0.0,0.0,0,0,0,0.0,0.0,0.0,0.0,0.0,0.0,0.0,0.0,0.0,0.0,0.0,0.0,0.0,0.0,0.0,0.0,0,-107875648.0,53,0.0,106,-107614832.0,0.0,ERR,ERR,ERR,ERR,ERR,ERR,ERR,ERR,ERR,ERR,ERR,ERR,ERR,ERR,ERR,ERR,ERR,ERR,ERR,ERR,ERR,ERR,ERR,ERR,ERR,ERR,ERR,ERR,ERR,ERR,ERR,ERR,ERR,ERR,ERR,ERR,ERR,ERR,ERR,ERR,ERR,ERR,ERR,ERR,ERR,ERR,ERR,ERR,ERR,ERR,ERR,ERR,ERR,ERR,ERR,ERR,ERR,ERR,ERR,ERR,ERR,ERR,ERR,ERR,ERR,ERR,ERR,50.0,60.0,100,0.0,0.0,0.0,0.0,0.0,0.0,0.0,0.0,0.0,0.0,0.0,0.0,0.0,0.0,0.0,0.0,61.6,73,14,65513,50,65476,0,300,0,0,8,20529,65476,0,0,26214,60.0,0.0,0.0,0.0,0.0,0.0
2026-05-17T18:40:46,ERR,ERR,ERR,ERR,ERR,ERR,ERR,ERR,ERR,ERR,ERR,ERR,ERR,ERR,ERR,ERR,ERR,ERR,ERR,ERR,ERR,ERR,ERR,ERR,ERR,ERR,ERR,ERR,ERR,ERR,ERR,ERR,ERR,ERR,ERR,ERR,ERR,ERR,ERR,ERR,ERR,ERR,ERR,ERR,ERR,ERR,ERR,ERR,ERR,ERR,ERR,ERR,ERR,ERR,ERR,ERR,ERR,ERR,ERR,ERR,ERR,ERR,ERR,ERR,ERR,ERR,ERR,ERR,ERR,ERR,ERR,ERR,ERR,ERR,ERR,ERR,ERR,ERR,ERR,ERR,ERR,ERR,ERR,ERR,ERR,ERR,ERR,ERR,ERR,ERR,ERR,ERR,ERR,ERR,ERR,ERR,ERR,ERR,ERR,ERR,ERR,ERR,ERR,ERR,ERR,ERR,ERR,ERR,ERR,ERR,ERR,ERR,ERR,ERR,ERR,ERR,ERR,ERR,ERR,ERR,ERR,ERR,ERR,ERR,ERR,0.0,0.0,0.0,0.0,0.0,1.3936040501711995e+18,7.805,0.0,0,0,4,0,8422,0.0,45,0.0,0.0,0.0,0.0,0.0,0,0,0,0,0.0,0,0,0,0,0,0,0,0,0,0,0,0,0,0,0,0,0,0,0,0,0,0,0,0,0,0,0,0,0,0,0,0,0,38,14,7,45,65476,0,300,0,0,8,21553,0.0,-107605600.0,0.0,0.0,0.0,0.0,0.0,0.0,0.0,0.0,0.0,0.0,0.0,0.0,0.0,0.0,0.0,0.0,0.0,0.0,0.0,0.0,0.0,2.004,-0.0,0.0,0.0,0.0,0.0,0.0,5016.0,0.0,0.0,0.0,0.0,-107615280.0,2.718429300292151e+23,0.0,0.0,0.0,0.0,53,-0.0,-0.0,0.0,0.0,0.0,0.0,0.0,0.0,0.0,0,0,0,0.0,0.0,0.0,0.0,0.0,0.0,0.0,0.0,0.0,0.0,0.0,0.0,0.0,0.0,0.0,0.0,0,-107875648.0,53,0.0,106,-107614832.0,0.0,ERR,ERR,ERR,ERR,ERR,ERR,ERR,ERR,ERR,ERR,ERR,ERR,ERR,ERR,ERR,ERR,ERR,ERR,ERR,ERR,ERR,ERR,ERR,ERR,ERR,ERR,ERR,ERR,ERR,ERR,ERR,ERR,ERR,ERR,ERR,ERR,ERR,ERR,ERR,ERR,ERR,ERR,ERR,ERR,ERR,ERR,ERR,ERR,ERR,ERR,ERR,ERR,ERR,ERR,ERR,ERR,ERR,ERR,ERR,ERR,ERR,ERR,ERR,ERR,ERR,ERR,ERR,50.0,60.0,100,0.0,0.0,0.0,0.0,0.0,0.0,0.0,0.0,0.0,0.0,0.0,0.0,0.0,0.0,0.0,0.0,61.6,73,14,65513,50,65476,0,300,0,0,8,20529,65476,0,0,26214,60.0,0.0,0.0,0.0,0.0,0.0
2026-05-17T18:40:47,ERR,ERR,ERR,ERR,ERR,ERR,ERR,ERR,ERR,ERR,ERR,ERR,ERR,ERR,ERR,ERR,ERR,ERR,ERR,ERR,ERR,ERR,ERR,ERR,ERR,ERR,ERR,ERR,ERR,ERR,ERR,ERR,ERR,ERR,ERR,ERR,ERR,ERR,ERR,ERR,ERR,ERR,ERR,ERR,ERR,ERR,ERR,ERR,ERR,ERR,ERR,ERR,ERR,ERR,ERR,ERR,ERR,ERR,ERR,ERR,ERR,ERR,ERR,ERR,ERR,ERR,ERR,ERR,ERR,ERR,ERR,ERR,ERR,ERR,ERR,ERR,ERR,ERR,ERR,ERR,ERR,ERR,ERR,ERR,ERR,ERR,ERR,ERR,ERR,ERR,ERR,ERR,ERR,ERR,ERR,ERR,ERR,ERR,ERR,ERR,ERR,ERR,ERR,ERR,ERR,ERR,ERR,ERR,ERR,ERR,ERR,ERR,ERR,ERR,ERR,ERR,ERR,ERR,ERR,ERR,ERR,ERR,ERR,ERR,ERR,0.0,0.0,0.0,0.0,0.0,1.3936040501711995e+18,7.805,0.0,0,0,4,0,8422,0.0,45,0.0,0.0,0.0,0.0,0.0,0,0,0,0,0.0,0,0,0,0,0,0,0,0,0,0,0,0,0,0,0,0,0,0,0,0,0,0,0,0,0,0,0,0,0,0,0,0,0,38,14,7,45,65476,0,300,0,0,8,21553,0.0,-107605600.0,0.0,0.0,0.0,0.0,0.0,0.0,0.0,0.0,0.0,0.0,0.0,0.0,0.0,0.0,0.0,0.0,0.0,0.0,0.0,0.0,0.0,2.004,-0.0,0.0,0.0,0.0,0.0,0.0,5016.0,0.0,0.0,0.0,0.0,-107615280.0,2.718429300292151e+23,0.0,0.0,0.0,0.0,53,-0.0,-0.0,0.0,0.0,0.0,0.0,0.0,0.0,0.0,0,0,0,0.0,0.0,0.0,0.0,0.0,0.0,0.0,0.0,0.0,0.0,0.0,0.0,0.0,0.0,0.0,0.0,0,-107875648.0,53,0.0,106,-107614832.0,0.0,ERR,ERR,ERR,ERR,ERR,ERR,ERR,ERR,ERR,ERR,ERR,ERR,ERR,ERR,ERR,ERR,ERR,ERR,ERR,ERR,ERR,ERR,ERR,ERR,ERR,ERR,ERR,ERR,ERR,ERR,ERR,ERR,ERR,ERR,ERR,ERR,ERR,ERR,ERR,ERR,ERR,ERR,ERR,ERR,ERR,ERR,ERR,ERR,ERR,ERR,ERR,ERR,ERR,ERR,ERR,ERR,ERR,ERR,ERR,ERR,ERR,ERR,ERR,ERR,ERR,ERR,ERR,50.0,60.0,100,0.0,0.0,0.0,0.0,0.0,0.0,0.0,0.0,0.0,0.0,0.0,0.0,0.0,0.0,0.0,0.0,61.6,73,14,65513,50,65476,0,300,0,0,8,20529,65476,0,0,26214,60.0,0.0,0.0,0.0,0.0,0.0
2026-05-17T18:40:48,ERR,ERR,ERR,ERR,ERR,ERR,ERR,ERR,ERR,ERR,ERR,ERR,ERR,ERR,ERR,ERR,ERR,ERR,ERR,ERR,ERR,ERR,ERR,ERR,ERR,ERR,ERR,ERR,ERR,ERR,ERR,ERR,ERR,ERR,ERR,ERR,ERR,ERR,ERR,ERR,ERR,ERR,ERR,ERR,ERR,ERR,ERR,ERR,ERR,ERR,ERR,ERR,ERR,ERR,ERR,ERR,ERR,ERR,ERR,ERR,ERR,ERR,ERR,ERR,ERR,ERR,ERR,ERR,ERR,ERR,ERR,ERR,ERR,ERR,ERR,ERR,ERR,ERR,ERR,ERR,ERR,ERR,ERR,ERR,ERR,ERR,ERR,ERR,ERR,ERR,ERR,ERR,ERR,ERR,ERR,ERR,ERR,ERR,ERR,ERR,ERR,ERR,ERR,ERR,ERR,ERR,ERR,ERR,ERR,ERR,ERR,ERR,ERR,ERR,ERR,ERR,ERR,ERR,ERR,ERR,ERR,ERR,ERR,ERR,ERR,0.0,0.0,-134474944.0,0.0,0.0,1.3936040501711995e+18,7.805,0.0,0,0,4,0,8422,0.0,45,0.0,0.0,0.0,0.0,0.0,0,0,0,0,0.0,0,0,0,0,0,0,0,0,0,0,0,0,0,0,0,0,0,0,0,0,0,0,0,0,0,0,0,0,0,0,0,0,0,38,14,7,45,65476,0,300,0,0,8,21553,0.0,-107605600.0,0.0,0.0,0.0,0.0,0.0,0.0,0.0,0.0,0.0,0.0,0.0,0.0,0.0,0.0,0.0,0.0,0.0,0.0,0.0,0.0,0.0,2.004,-0.0,0.0,0.0,0.0,0.0,0.0,5015.0,0.0,0.0,0.0,0.0,-107615280.0,2.718429300292151e+23,0.0,0.0,0.0,0.0,53,-0.0,-0.0,0.0,0.0,0.0,0.0,0.0,0.0,0.0,0,0,0,0.0,0.0,0.0,0.0,0.0,0.0,0.0,0.0,0.0,0.0,0.0,0.0,0.0,0.0,0.0,0.0,0,-107875648.0,53,0.0,106,-107614832.0,0.0,ERR,ERR,ERR,ERR,ERR,ERR,ERR,ERR,ERR,ERR,ERR,ERR,ERR,ERR,ERR,ERR,ERR,ERR,ERR,ERR,ERR,ERR,ERR,ERR,ERR,ERR,ERR,ERR,ERR,ERR,ERR,ERR,ERR,ERR,ERR,ERR,ERR,ERR,ERR,ERR,ERR,ERR,ERR,ERR,ERR,ERR,ERR,ERR,ERR,ERR,ERR,ERR,ERR,ERR,ERR,ERR,ERR,ERR,ERR,ERR,ERR,ERR,ERR,ERR,ERR,ERR,ERR,50.0,60.0,100,0.0,0.0,0.0,0.0,0.0,0.0,0.0,0.0,0.0,0.0,0.0,0.0,0.0,0.0,0.0,0.0,61.6,73,14,65513,50,65476,0,300,0,0,8,20529,65476,0,0,26214,60.0,0.0,0.0,0.0,0.0,0.0
2026-05-17T18:40:49,ERR,ERR,ERR,ERR,ERR,ERR,ERR,ERR,ERR,ERR,ERR,ERR,ERR,ERR,ERR,ERR,ERR,ERR,ERR,ERR,ERR,ERR,ERR,ERR,ERR,ERR,ERR,ERR,ERR,ERR,ERR,ERR,ERR,ERR,ERR,ERR,ERR,ERR,ERR,ERR,ERR,ERR,ERR,ERR,ERR,ERR,ERR,ERR,ERR,ERR,ERR,ERR,ERR,ERR,ERR,ERR,ERR,ERR,ERR,ERR,ERR,ERR,ERR,ERR,ERR,ERR,ERR,ERR,ERR,ERR,ERR,ERR,ERR,ERR,ERR,ERR,ERR,ERR,ERR,ERR,ERR,ERR,ERR,ERR,ERR,ERR,ERR,ERR,ERR,ERR,ERR,ERR,ERR,ERR,ERR,ERR,ERR,ERR,ERR,ERR,ERR,ERR,ERR,ERR,ERR,ERR,ERR,ERR,ERR,ERR,ERR,ERR,ERR,ERR,ERR,ERR,ERR,ERR,ERR,ERR,ERR,ERR,ERR,ERR,ERR,0.0,0.0,-134474944.0,0.0,0.0,1.3936040501711995e+18,7.805,0.0,0,0,4,0,8422,0.0,45,0.0,0.0,0.0,0.0,0.0,0,0,0,0,0.0,0,0,0,0,0,0,0,0,0,0,0,0,0,0,0,0,0,0,0,0,0,0,0,0,0,0,0,0,0,0,0,0,0,38,14,7,45,65476,0,300,0,0,8,21553,0.0,-107605600.0,0.0,0.0,0.0,0.0,0.0,0.0,0.0,0.0,0.0,0.0,0.0,0.0,0.0,0.0,0.0,0.0,0.0,0.0,0.0,0.0,0.0,2.004,-0.0,0.0,0.0,0.0,0.0,0.0,5015.0,0.0,0.0,0.0,0.0,-107615280.0,2.718429300292151e+23,0.0,0.0,0.0,0.0,53,-0.0,-0.0,0.0,0.0,0.0,0.0,0.0,0.0,0.0,0,0,0,0.0,0.0,0.0,0.0,0.0,0.0,0.0,0.0,0.0,0.0,0.0,0.0,0.0,0.0,0.0,0.0,0,-107875648.0,53,0.0,106,-107614832.0,0.0,ERR,ERR,ERR,ERR,ERR,ERR,ERR,ERR,ERR,ERR,ERR,ERR,ERR,ERR,ERR,ERR,ERR,ERR,ERR,ERR,ERR,ERR,ERR,ERR,ERR,ERR,ERR,ERR,ERR,ERR,ERR,ERR,ERR,ERR,ERR,ERR,ERR,ERR,ERR,ERR,ERR,ERR,ERR,ERR,ERR,ERR,ERR,ERR,ERR,ERR,ERR,ERR,ERR,ERR,ERR,ERR,ERR,ERR,ERR,ERR,ERR,ERR,ERR,ERR,ERR,ERR,ERR,50.0,60.0,100,0.0,0.0,0.0,0.0,0.0,0.0,0.0,0.0,0.0,0.0,0.0,0.0,0.0,0.0,0.0,0.0,61.6,73,14,65513,50,65476,0,300,0,0,8,20529,65476,0,0,26214,60.0,0.0,0.0,0.0,0.0,0.0
2026-05-17T18:40:50,ERR,ERR,ERR,ERR,ERR,ERR,ERR,ERR,ERR,ERR,ERR,ERR,ERR,ERR,ERR,ERR,ERR,ERR,ERR,ERR,ERR,ERR,ERR,ERR,ERR,ERR,ERR,ERR,ERR,ERR,ERR,ERR,ERR,ERR,ERR,ERR,ERR,ERR,ERR,ERR,ERR,ERR,ERR,ERR,ERR,ERR,ERR,ERR,ERR,ERR,ERR,ERR,ERR,ERR,ERR,ERR,ERR,ERR,ERR,ERR,ERR,ERR,ERR,ERR,ERR,ERR,ERR,ERR,ERR,ERR,ERR,ERR,ERR,ERR,ERR,ERR,ERR,ERR,ERR,ERR,ERR,ERR,ERR,ERR,ERR,ERR,ERR,ERR,ERR,ERR,ERR,ERR,ERR,ERR,ERR,ERR,ERR,ERR,ERR,ERR,ERR,ERR,ERR,ERR,ERR,ERR,ERR,ERR,ERR,ERR,ERR,ERR,ERR,ERR,ERR,ERR,ERR,ERR,ERR,ERR,ERR,ERR,ERR,ERR,ERR,0.0,0.0,-134474944.0,0.0,0.0,1.3936040501711995e+18,7.805,0.0,0,0,4,0,8422,0.0,45,0.0,0.0,0.0,0.0,0.0,0,0,0,0,0.0,0,0,0,0,0,0,0,0,0,0,0,0,0,0,0,0,0,0,0,0,0,0,0,0,0,0,0,0,0,0,0,0,0,38,14,7,45,65476,0,300,0,0,8,21553,0.0,-107605600.0,0.0,0.0,0.0,0.0,0.0,0.0,0.0,0.0,0.0,0.0,0.0,0.0,0.0,0.0,0.0,0.0,0.0,0.0,0.0,0.0,0.0,2.004,-0.0,0.0,0.0,0.0,0.0,0.0,5015.0,0.0,0.0,0.0,0.0,-107615280.0,2.718429300292151e+23,0.0,0.0,0.0,0.0,53,-0.0,-0.0,0.0,0.0,0.0,0.0,0.0,0.0,0.0,0,0,0,0.0,0.0,0.0,0.0,0.0,0.0,0.0,0.0,0.0,0.0,0.0,0.0,0.0,0.0,0.0,0.0,0,-107875648.0,53,0.0,106,-107614832.0,0.0,ERR,ERR,ERR,ERR,ERR,ERR,ERR,ERR,ERR,ERR,ERR,ERR,ERR,ERR,ERR,ERR,ERR,ERR,ERR,ERR,ERR,ERR,ERR,ERR,ERR,ERR,ERR,ERR,ERR,ERR,ERR,ERR,ERR,ERR,ERR,ERR,ERR,ERR,ERR,ERR,ERR,ERR,ERR,ERR,ERR,ERR,ERR,ERR,ERR,ERR,ERR,ERR,ERR,ERR,ERR,ERR,ERR,ERR,ERR,ERR,ERR,ERR,ERR,ERR,ERR,ERR,ERR,50.0,60.0,100,0.0,0.0,0.0,0.0,0.0,0.0,0.0,0.0,0.0,0.0,0.0,0.0,0.0,0.0,0.0,0.0,61.6,73,14,65513,50,65476,0,300,0,0,8,20529,65476,0,0,26214,60.0,0.0,0.0,0.0,0.0,0.0
2026-05-17T18:40:51,ERR,ERR,ERR,ERR,ERR,ERR,ERR,ERR,ERR,ERR,ERR,ERR,ERR,ERR,ERR,ERR,ERR,ERR,ERR,ERR,ERR,ERR,ERR,ERR,ERR,ERR,ERR,ERR,ERR,ERR,ERR,ERR,ERR,ERR,ERR,ERR,ERR,ERR,ERR,ERR,ERR,ERR,ERR,ERR,ERR,ERR,ERR,ERR,ERR,ERR,ERR,ERR,ERR,ERR,ERR,ERR,ERR,ERR,ERR,ERR,ERR,ERR,ERR,ERR,ERR,ERR,ERR,ERR,ERR,ERR,ERR,ERR,ERR,ERR,ERR,ERR,ERR,ERR,ERR,ERR,ERR,ERR,ERR,ERR,ERR,ERR,ERR,ERR,ERR,ERR,ERR,ERR,ERR,ERR,ERR,ERR,ERR,ERR,ERR,ERR,ERR,ERR,ERR,ERR,ERR,ERR,ERR,ERR,ERR,ERR,ERR,ERR,ERR,ERR,ERR,ERR,ERR,ERR,ERR,ERR,ERR,ERR,ERR,ERR,ERR,0.0,0.0,-134474944.0,0.0,0.0,1.3936040501711995e+18,7.805,0.0,0,0,4,0,8422,0.0,45,0.0,0.0,0.0,0.0,0.0,0,0,0,0,0.0,0,0,0,0,0,0,0,0,0,0,0,0,0,0,0,0,0,0,0,0,0,0,0,0,0,0,0,0,0,0,0,0,0,38,14,7,45,65476,0,300,0,0,8,21553,0.0,-107605600.0,0.0,0.0,0.0,0.0,0.0,0.0,0.0,0.0,0.0,0.0,0.0,0.0,0.0,0.0,0.0,0.0,0.0,0.0,0.0,0.0,0.0,2.004,-0.0,0.0,0.0,0.0,0.0,0.0,5015.0,0.0,0.0,0.0,0.0,-107615280.0,2.718429300292151e+23,0.0,0.0,0.0,0.0,53,-0.0,-0.0,0.0,0.0,0.0,0.0,0.0,0.0,0.0,0,0,0,0.0,0.0,0.0,0.0,0.0,0.0,0.0,0.0,0.0,0.0,0.0,0.0,0.0,0.0,0.0,0.0,0,-107875648.0,53,0.0,106,-107614832.0,0.0,ERR,ERR,ERR,ERR,ERR,ERR,ERR,ERR,ERR,ERR,ERR,ERR,ERR,ERR,ERR,ERR,ERR,ERR,ERR,ERR,ERR,ERR,ERR,ERR,ERR,ERR,ERR,ERR,ERR,ERR,ERR,ERR,ERR,ERR,ERR,ERR,ERR,ERR,ERR,ERR,ERR,ERR,ERR,ERR,ERR,ERR,ERR,ERR,ERR,ERR,ERR,ERR,ERR,ERR,ERR,ERR,ERR,ERR,ERR,ERR,ERR,ERR,ERR,ERR,ERR,ERR,ERR,50.0,60.0,100,0.0,0.0,0.0,0.0,0.0,0.0,0.0,0.0,0.0,0.0,0.0,0.0,0.0,0.0,0.0,0.0,61.6,73,14,65513,50,65476,0,300,0,0,8,20529,65476,0,0,26214,60.0,0.0,0.0,0.0,0.0,0.0
2026-05-17T18:40:52,ERR,ERR,ERR,ERR,ERR,ERR,ERR,ERR,ERR,ERR,ERR,ERR,ERR,ERR,ERR,ERR,ERR,ERR,ERR,ERR,ERR,ERR,ERR,ERR,ERR,ERR,ERR,ERR,ERR,ERR,ERR,ERR,ERR,ERR,ERR,ERR,ERR,ERR,ERR,ERR,ERR,ERR,ERR,ERR,ERR,ERR,ERR,ERR,ERR,ERR,ERR,ERR,ERR,ERR,ERR,ERR,ERR,ERR,ERR,ERR,ERR,ERR,ERR,ERR,ERR,ERR,ERR,ERR,ERR,ERR,ERR,ERR,ERR,ERR,ERR,ERR,ERR,ERR,ERR,ERR,ERR,ERR,ERR,ERR,ERR,ERR,ERR,ERR,ERR,ERR,ERR,ERR,ERR,ERR,ERR,ERR,ERR,ERR,ERR,ERR,ERR,ERR,ERR,ERR,ERR,ERR,ERR,ERR,ERR,ERR,ERR,ERR,ERR,ERR,ERR,ERR,ERR,ERR,ERR,ERR,ERR,ERR,ERR,ERR,ERR,0.0,0.0,-134474944.0,0.0,0.0,1.3936040501711995e+18,7.805,0.0,0,0,4,0,8422,0.0,45,0.0,0.0,0.0,0.0,0.0,0,0,0,0,0.0,0,0,0,0,0,0,0,0,0,0,0,0,0,0,0,0,0,0,0,0,0,0,0,0,0,0,0,0,0,0,0,0,0,38,14,7,45,65476,0,300,0,0,8,21553,0.0,-107605600.0,0.0,0.0,0.0,0.0,0.0,0.0,0.0,0.0,0.0,0.0,0.0,0.0,0.0,0.0,0.0,0.0,0.0,0.0,0.0,0.0,0.0,2.004,-0.0,0.0,0.0,0.0,0.0,0.0,5015.0,0.0,0.0,0.0,0.0,-107615280.0,2.718429300292151e+23,0.0,0.0,0.0,0.0,53,-0.0,-0.0,0.0,0.0,0.0,0.0,0.0,0.0,0.0,0,0,0,0.0,0.0,0.0,0.0,0.0,0.0,0.0,0.0,0.0,0.0,0.0,0.0,0.0,0.0,0.0,0.0,0,-107875648.0,53,0.0,106,-107614832.0,0.0,ERR,ERR,ERR,ERR,ERR,ERR,ERR,ERR,ERR,ERR,ERR,ERR,ERR,ERR,ERR,ERR,ERR,ERR,ERR,ERR,ERR,ERR,ERR,ERR,ERR,ERR,ERR,ERR,ERR,ERR,ERR,ERR,ERR,ERR,ERR,ERR,ERR,ERR,ERR,ERR,ERR,ERR,ERR,ERR,ERR,ERR,ERR,ERR,ERR,ERR,ERR,ERR,ERR,ERR,ERR,ERR,ERR,ERR,ERR,ERR,ERR,ERR,ERR,ERR,ERR,ERR,ERR,50.0,60.0,100,0.0,0.0,0.0,0.0,0.0,0.0,0.0,0.0,0.0,0.0,0.0,0.0,0.0,0.0,0.0,0.0,61.6,73,14,65513,50,65476,0,300,0,0,8,20529,65476,0,0,26214,60.0,0.0,0.0,0.0,0.0,0.0
2026-05-17T18:40:53,ERR,ERR,ERR,ERR,ERR,ERR,ERR,ERR,ERR,ERR,ERR,ERR,ERR,ERR,ERR,ERR,ERR,ERR,ERR,ERR,ERR,ERR,ERR,ERR,ERR,ERR,ERR,ERR,ERR,ERR,ERR,ERR,ERR,ERR,ERR,ERR,ERR,ERR,ERR,ERR,ERR,ERR,ERR,ERR,ERR,ERR,ERR,ERR,ERR,ERR,ERR,ERR,ERR,ERR,ERR,ERR,ERR,ERR,ERR,ERR,ERR,ERR,ERR,ERR,ERR,ERR,ERR,ERR,ERR,ERR,ERR,ERR,ERR,ERR,ERR,ERR,ERR,ERR,ERR,ERR,ERR,ERR,ERR,ERR,ERR,ERR,ERR,ERR,ERR,ERR,ERR,ERR,ERR,ERR,ERR,ERR,ERR,ERR,ERR,ERR,ERR,ERR,ERR,ERR,ERR,ERR,ERR,ERR,ERR,ERR,ERR,ERR,ERR,ERR,ERR,ERR,ERR,ERR,ERR,ERR,ERR,ERR,ERR,ERR,ERR,0.0,0.0,0.0,0.0,0.0,1.3936040501711995e+18,7.805,0.0,0,0,4,0,8422,0.0,45,0.0,0.0,0.0,0.0,0.0,0,0,0,0,0.0,0,0,0,0,0,0,0,0,0,0,0,0,0,0,0,0,0,0,0,0,0,0,0,0,0,0,0,0,0,0,0,0,0,38,14,7,45,65476,0,300,0,0,8,21553,0.0,-107605600.0,0.0,0.0,0.0,0.0,0.0,0.0,0.0,0.0,0.0,0.0,0.0,0.0,0.0,0.0,0.0,0.0,0.0,0.0,0.0,0.0,0.0,2.004,-0.0,0.0,0.0,0.0,0.0,0.0,5015.0,0.0,0.0,0.0,0.0,-107615280.0,2.718429300292151e+23,0.0,0.0,0.0,0.0,53,-0.0,-0.0,0.0,0.0,0.0,0.0,0.0,0.0,0.0,0,0,0,0.0,0.0,0.0,0.0,0.0,0.0,0.0,0.0,0.0,0.0,0.0,0.0,0.0,0.0,0.0,0.0,0,-107875648.0,53,0.0,106,-107614832.0,0.0,ERR,ERR,ERR,ERR,ERR,ERR,ERR,ERR,ERR,ERR,ERR,ERR,ERR,ERR,ERR,ERR,ERR,ERR,ERR,ERR,ERR,ERR,ERR,ERR,ERR,ERR,ERR,ERR,ERR,ERR,ERR,ERR,ERR,ERR,ERR,ERR,ERR,ERR,ERR,ERR,ERR,ERR,ERR,ERR,ERR,ERR,ERR,ERR,ERR,ERR,ERR,ERR,ERR,ERR,ERR,ERR,ERR,ERR,ERR,ERR,ERR,ERR,ERR,ERR,ERR,ERR,ERR,50.0,60.0,100,0.0,0.0,0.0,0.0,0.0,0.0,0.0,0.0,0.0,0.0,0.0,0.0,0.0,0.0,0.0,0.0,61.6,73,14,65513,50,65476,0,300,0,0,8,20529,65476,0,0,26214,60.0,0.0,0.0,0.0,0.0,0.0
2026-05-17T18:40:54,ERR,ERR,ERR,ERR,ERR,ERR,ERR,ERR,ERR,ERR,ERR,ERR,ERR,ERR,ERR,ERR,ERR,ERR,ERR,ERR,ERR,ERR,ERR,ERR,ERR,ERR,ERR,ERR,ERR,ERR,ERR,ERR,ERR,ERR,ERR,ERR,ERR,ERR,ERR,ERR,ERR,ERR,ERR,ERR,ERR,ERR,ERR,ERR,ERR,ERR,ERR,ERR,ERR,ERR,ERR,ERR,ERR,ERR,ERR,ERR,ERR,ERR,ERR,ERR,ERR,ERR,ERR,ERR,ERR,ERR,ERR,ERR,ERR,ERR,ERR,ERR,ERR,ERR,ERR,ERR,ERR,ERR,ERR,ERR,ERR,ERR,ERR,ERR,ERR,ERR,ERR,ERR,ERR,ERR,ERR,ERR,ERR,ERR,ERR,ERR,ERR,ERR,ERR,ERR,ERR,ERR,ERR,ERR,ERR,ERR,ERR,ERR,ERR,ERR,ERR,ERR,ERR,ERR,ERR,ERR,ERR,ERR,ERR,ERR,ERR,0.0,0.0,0.0,0.0,0.0,1.3936040501711995e+18,7.805,0.0,0,0,4,0,8422,0.0,45,0.0,0.0,0.0,0.0,0.0,0,0,0,0,0.0,0,0,0,0,0,0,0,0,0,0,0,0,0,0,0,0,0,0,0,0,0,0,0,0,0,0,0,0,0,0,0,0,0,38,14,7,45,65476,0,300,0,0,8,21553,0.0,-107605600.0,0.0,0.0,0.0,0.0,0.0,0.0,0.0,0.0,0.0,0.0,0.0,0.0,0.0,0.0,0.0,0.0,0.0,0.0,0.0,0.0,0.0,2.004,-0.0,0.0,0.0,0.0,0.0,0.0,5015.0,0.0,0.0,0.0,0.0,-107615280.0,2.718429300292151e+23,0.0,0.0,0.0,0.0,53,-0.0,-0.0,0.0,0.0,0.0,0.0,0.0,0.0,0.0,0,0,0,0.0,0.0,0.0,0.0,0.0,0.0,0.0,0.0,0.0,0.0,0.0,0.0,0.0,0.0,0.0,0.0,0,-107875648.0,53,0.0,106,-107614832.0,0.0,ERR,ERR,ERR,ERR,ERR,ERR,ERR,ERR,ERR,ERR,ERR,ERR,ERR,ERR,ERR,ERR,ERR,ERR,ERR,ERR,ERR,ERR,ERR,ERR,ERR,ERR,ERR,ERR,ERR,ERR,ERR,ERR,ERR,ERR,ERR,ERR,ERR,ERR,ERR,ERR,ERR,ERR,ERR,ERR,ERR,ERR,ERR,ERR,ERR,ERR,ERR,ERR,ERR,ERR,ERR,ERR,ERR,ERR,ERR,ERR,ERR,ERR,ERR,ERR,ERR,ERR,ERR,50.0,60.0,100,0.0,0.0,0.0,0.0,0.0,0.0,0.0,0.0,0.0,0.0,0.0,0.0,0.0,0.0,0.0,0.0,62.0,73,14,65513,50,65476,0,300,0,0,8,20529,65476,0,0,26214,60.0,0.0,0.0,0.0,0.0,0.0
2026-05-17T18:40:55,ERR,ERR,ERR,ERR,ERR,ERR,ERR,ERR,ERR,ERR,ERR,ERR,ERR,ERR,ERR,ERR,ERR,ERR,ERR,ERR,ERR,ERR,ERR,ERR,ERR,ERR,ERR,ERR,ERR,ERR,ERR,ERR,ERR,ERR,ERR,ERR,ERR,ERR,ERR,ERR,ERR,ERR,ERR,ERR,ERR,ERR,ERR,ERR,ERR,ERR,ERR,ERR,ERR,ERR,ERR,ERR,ERR,ERR,ERR,ERR,ERR,ERR,ERR,ERR,ERR,ERR,ERR,ERR,ERR,ERR,ERR,ERR,ERR,ERR,ERR,ERR,ERR,ERR,ERR,ERR,ERR,ERR,ERR,ERR,ERR,ERR,ERR,ERR,ERR,ERR,ERR,ERR,ERR,ERR,ERR,ERR,ERR,ERR,ERR,ERR,ERR,ERR,ERR,ERR,ERR,ERR,ERR,ERR,ERR,ERR,ERR,ERR,ERR,ERR,ERR,ERR,ERR,ERR,ERR,ERR,ERR,ERR,ERR,ERR,ERR,0.0,0.0,0.0,0.0,0.0,1.3936040501711995e+18,7.805,0.0,0,0,4,0,8422,0.0,45,0.0,0.0,0.0,0.0,0.0,0,0,0,0,0.0,0,0,0,0,0,0,0,0,0,0,0,0,0,0,0,0,0,0,0,0,0,0,0,0,0,0,0,0,0,0,0,0,0,38,14,7,45,65476,0,300,0,0,8,21553,0.0,-107605600.0,0.0,0.0,0.0,0.0,0.0,0.0,0.0,0.0,0.0,0.0,0.0,0.0,0.0,0.0,0.0,0.0,0.0,0.0,0.0,0.0,0.0,2.004,-0.0,0.0,0.0,0.0,0.0,0.0,5015.0,0.0,0.0,0.0,0.0,-107615280.0,2.718429300292151e+23,0.0,0.0,0.0,0.0,53,-0.0,-0.0,0.0,0.0,0.0,0.0,0.0,0.0,0.0,0,0,0,0.0,0.0,0.0,0.0,0.0,0.0,0.0,0.0,0.0,0.0,0.0,0.0,0.0,0.0,0.0,0.0,0,-107875648.0,53,0.0,106,-107614832.0,0.0,ERR,ERR,ERR,ERR,ERR,ERR,ERR,ERR,ERR,ERR,ERR,ERR,ERR,ERR,ERR,ERR,ERR,ERR,ERR,ERR,ERR,ERR,ERR,ERR,ERR,ERR,ERR,ERR,ERR,ERR,ERR,ERR,ERR,ERR,ERR,ERR,ERR,ERR,ERR,ERR,ERR,ERR,ERR,ERR,ERR,ERR,ERR,ERR,ERR,ERR,ERR,ERR,ERR,ERR,ERR,ERR,ERR,ERR,ERR,ERR,ERR,ERR,ERR,ERR,ERR,ERR,ERR,50.0,60.0,100,0.0,0.0,0.0,0.0,0.0,0.0,0.0,0.0,0.0,0.0,0.0,0.0,0.0,0.0,0.0,0.0,62.0,73,14,65513,50,65476,0,300,0,0,8,20529,65476,0,0,26214,60.0,0.0,0.0,0.0,0.0,0.0
2026-05-17T18:40:56,ERR,ERR,ERR,ERR,ERR,ERR,ERR,ERR,ERR,ERR,ERR,ERR,ERR,ERR,ERR,ERR,ERR,ERR,ERR,ERR,ERR,ERR,ERR,ERR,ERR,ERR,ERR,ERR,ERR,ERR,ERR,ERR,ERR,ERR,ERR,ERR,ERR,ERR,ERR,ERR,ERR,ERR,ERR,ERR,ERR,ERR,ERR,ERR,ERR,ERR,ERR,ERR,ERR,ERR,ERR,ERR,ERR,ERR,ERR,ERR,ERR,ERR,ERR,ERR,ERR,ERR,ERR,ERR,ERR,ERR,ERR,ERR,ERR,ERR,ERR,ERR,ERR,ERR,ERR,ERR,ERR,ERR,ERR,ERR,ERR,ERR,ERR,ERR,ERR,ERR,ERR,ERR,ERR,ERR,ERR,ERR,ERR,ERR,ERR,ERR,ERR,ERR,ERR,ERR,ERR,ERR,ERR,ERR,ERR,ERR,ERR,ERR,ERR,ERR,ERR,ERR,ERR,ERR,ERR,ERR,ERR,ERR,ERR,ERR,ERR,0.0,0.0,0.0,0.0,0.0,1.3936040501711995e+18,7.805,0.0,0,0,4,0,8422,0.0,45,0.0,0.0,0.0,0.0,0.0,0,0,0,0,0.0,0,0,0,0,0,0,0,0,0,0,0,0,0,0,0,0,0,0,0,0,0,0,0,0,0,0,0,0,0,0,0,0,0,38,14,7,45,65476,0,300,0,0,8,21553,0.0,-107605600.0,0.0,0.0,0.0,0.0,0.0,0.0,0.0,0.0,0.0,0.0,0.0,0.0,0.0,0.0,0.0,0.0,0.0,0.0,0.0,0.0,0.0,2.004,-0.0,0.0,0.0,0.0,0.0,0.0,5015.0,0.0,0.0,0.0,0.0,-107615280.0,2.718429300292151e+23,0.0,0.0,0.0,0.0,53,-0.0,-0.0,0.0,0.0,0.0,0.0,0.0,0.0,0.0,0,0,0,0.0,0.0,0.0,0.0,0.0,0.0,0.0,0.0,0.0,0.0,0.0,0.0,0.0,0.0,0.0,0.0,0,-107875648.0,53,0.0,106,-107614832.0,0.0,ERR,ERR,ERR,ERR,ERR,ERR,ERR,ERR,ERR,ERR,ERR,ERR,ERR,ERR,ERR,ERR,ERR,ERR,ERR,ERR,ERR,ERR,ERR,ERR,ERR,ERR,ERR,ERR,ERR,ERR,ERR,ERR,ERR,ERR,ERR,ERR,ERR,ERR,ERR,ERR,ERR,ERR,ERR,ERR,ERR,ERR,ERR,ERR,ERR,ERR,ERR,ERR,ERR,ERR,ERR,ERR,ERR,ERR,ERR,ERR,ERR,ERR,ERR,ERR,ERR,ERR,ERR,50.0,60.0,100,0.0,0.0,0.0,0.0,0.0,0.0,0.0,0.0,0.0,0.0,0.0,0.0,0.0,0.0,0.0,0.0,61.6,73,14,65513,50,65476,0,300,0,0,8,20529,65476,0,0,26214,60.0,0.0,0.0,0.0,0.0,0.0
2026-05-17T18:40:57,ERR,ERR,ERR,ERR,ERR,ERR,ERR,ERR,ERR,ERR,ERR,ERR,ERR,ERR,ERR,ERR,ERR,ERR,ERR,ERR,ERR,ERR,ERR,ERR,ERR,ERR,ERR,ERR,ERR,ERR,ERR,ERR,ERR,ERR,ERR,ERR,ERR,ERR,ERR,ERR,ERR,ERR,ERR,ERR,ERR,ERR,ERR,ERR,ERR,ERR,ERR,ERR,ERR,ERR,ERR,ERR,ERR,ERR,ERR,ERR,ERR,ERR,ERR,ERR,ERR,ERR,ERR,ERR,ERR,ERR,ERR,ERR,ERR,ERR,ERR,ERR,ERR,ERR,ERR,ERR,ERR,ERR,ERR,ERR,ERR,ERR,ERR,ERR,ERR,ERR,ERR,ERR,ERR,ERR,ERR,ERR,ERR,ERR,ERR,ERR,ERR,ERR,ERR,ERR,ERR,ERR,ERR,ERR,ERR,ERR,ERR,ERR,ERR,ERR,ERR,ERR,ERR,ERR,ERR,ERR,ERR,ERR,ERR,ERR,ERR,0.0,0.0,0.0,0.0,0.0,1.3936040501711995e+18,7.805,0.0,0,0,4,0,8422,0.0,45,0.0,0.0,0.0,0.0,0.0,0,0,0,0,0.0,0,0,0,0,0,0,0,0,0,0,0,0,0,0,0,0,0,0,0,0,0,0,0,0,0,0,0,0,0,0,0,0,0,38,14,7,45,65476,0,300,0,0,8,21553,0.0,-107605600.0,0.0,0.0,0.0,0.0,0.0,0.0,0.0,0.0,0.0,0.0,0.0,0.0,0.0,0.0,0.0,0.0,0.0,0.0,0.0,0.0,0.0,2.004,-0.0,0.0,0.0,0.0,0.0,0.0,5015.0,0.0,0.0,0.0,0.0,-107615280.0,2.718429300292151e+23,0.0,0.0,0.0,0.0,53,-0.0,-0.0,0.0,0.0,0.0,0.0,0.0,0.0,0.0,0,0,0,0.0,0.0,0.0,0.0,0.0,0.0,0.0,0.0,0.0,0.0,0.0,0.0,0.0,0.0,0.0,0.0,0,-107875648.0,53,0.0,106,-107614832.0,0.0,ERR,ERR,ERR,ERR,ERR,ERR,ERR,ERR,ERR,ERR,ERR,ERR,ERR,ERR,ERR,ERR,ERR,ERR,ERR,ERR,ERR,ERR,ERR,ERR,ERR,ERR,ERR,ERR,ERR,ERR,ERR,ERR,ERR,ERR,ERR,ERR,ERR,ERR,ERR,ERR,ERR,ERR,ERR,ERR,ERR,ERR,ERR,ERR,ERR,ERR,ERR,ERR,ERR,ERR,ERR,ERR,ERR,ERR,ERR,ERR,ERR,ERR,ERR,ERR,ERR,ERR,ERR,50.0,60.0,100,0.0,0.0,0.0,0.0,0.0,0.0,0.0,0.0,0.0,0.0,0.0,0.0,0.0,0.0,0.0,0.0,61.6,73,14,65513,50,65476,0,300,0,0,8,20529,65476,0,0,26214,60.0,0.0,0.0,0.0,0.0,0.0
2026-05-17T18:40:58,ERR,ERR,ERR,ERR,ERR,ERR,ERR,ERR,ERR,ERR,ERR,ERR,ERR,ERR,ERR,ERR,ERR,ERR,ERR,ERR,ERR,ERR,ERR,ERR,ERR,ERR,ERR,ERR,ERR,ERR,ERR,ERR,ERR,ERR,ERR,ERR,ERR,ERR,ERR,ERR,ERR,ERR,ERR,ERR,ERR,ERR,ERR,ERR,ERR,ERR,ERR,ERR,ERR,ERR,ERR,ERR,ERR,ERR,ERR,ERR,ERR,ERR,ERR,ERR,ERR,ERR,ERR,ERR,ERR,ERR,ERR,ERR,ERR,ERR,ERR,ERR,ERR,ERR,ERR,ERR,ERR,ERR,ERR,ERR,ERR,ERR,ERR,ERR,ERR,ERR,ERR,ERR,ERR,ERR,ERR,ERR,ERR,ERR,ERR,ERR,ERR,ERR,ERR,ERR,ERR,ERR,ERR,ERR,ERR,ERR,ERR,ERR,ERR,ERR,ERR,ERR,ERR,ERR,ERR,ERR,ERR,ERR,ERR,ERR,ERR,0.0,0.0,0.0,0.0,0.0,1.3936040501711995e+18,7.805,0.0,0,0,4,0,8422,0.0,45,0.0,0.0,0.0,0.0,0.0,0,0,0,0,0.0,0,0,0,0,0,0,0,0,0,0,0,0,0,0,0,0,0,0,0,0,0,0,0,0,0,0,0,0,0,0,0,0,0,38,14,7,45,65476,0,300,0,0,8,21553,0.0,-107605600.0,0.0,0.0,0.0,0.0,0.0,0.0,0.0,0.0,0.0,0.0,0.0,0.0,0.0,0.0,0.0,0.0,0.0,0.0,0.0,0.0,0.0,2.004,-0.0,0.0,0.0,0.0,0.0,0.0,4984.0,-1.587929164219617e+29,0.0,0.0,0.0,-107615280.0,2.718429300292151e+23,0.0,0.0,0.0,0.0,53,-0.0,-0.0,0.0,0.0,0.0,0.0,0.0,0.0,0.0,0,0,0,0.0,0.0,0.0,0.0,0.0,0.0,0.0,0.0,0.0,0.0,0.0,0.0,0.0,0.0,0.0,0.0,0,-107875648.0,53,0.0,106,-107614832.0,0.0,ERR,ERR,ERR,ERR,ERR,ERR,ERR,ERR,ERR,ERR,ERR,ERR,ERR,ERR,ERR,ERR,ERR,ERR,ERR,ERR,ERR,ERR,ERR,ERR,ERR,ERR,ERR,ERR,ERR,ERR,ERR,ERR,ERR,ERR,ERR,ERR,ERR,ERR,ERR,ERR,ERR,ERR,ERR,ERR,ERR,ERR,ERR,ERR,ERR,ERR,ERR,ERR,ERR,ERR,ERR,ERR,ERR,ERR,ERR,ERR,ERR,ERR,ERR,ERR,ERR,ERR,ERR,50.0,60.0,100,0.0,0.0,0.0,0.0,0.0,0.0,0.0,0.0,0.0,0.0,0.0,0.0,0.0,0.0,0.0,0.0,61.6,73,14,65513,50,65476,0,300,0,0,8,20529,65476,0,0,26214,60.0,0.0,0.0,0.0,0.0,0.0
2026-05-17T18:40:59,ERR,ERR,ERR,ERR,ERR,ERR,ERR,ERR,ERR,ERR,ERR,ERR,ERR,ERR,ERR,ERR,ERR,ERR,ERR,ERR,ERR,ERR,ERR,ERR,ERR,ERR,ERR,ERR,ERR,ERR,ERR,ERR,ERR,ERR,ERR,ERR,ERR,ERR,ERR,ERR,ERR,ERR,ERR,ERR,ERR,ERR,ERR,ERR,ERR,ERR,ERR,ERR,ERR,ERR,ERR,ERR,ERR,ERR,ERR,ERR,ERR,ERR,ERR,ERR,ERR,ERR,ERR,ERR,ERR,ERR,ERR,ERR,ERR,ERR,ERR,ERR,ERR,ERR,ERR,ERR,ERR,ERR,ERR,ERR,ERR,ERR,ERR,ERR,ERR,ERR,ERR,ERR,ERR,ERR,ERR,ERR,ERR,ERR,ERR,ERR,ERR,ERR,ERR,ERR,ERR,ERR,ERR,ERR,ERR,ERR,ERR,ERR,ERR,ERR,ERR,ERR,ERR,ERR,ERR,ERR,ERR,ERR,ERR,ERR,ERR,0.0,0.0,0.0,0.0,0.0,1.3936040501711995e+18,7.805,0.0,0,0,4,0,8422,0.0,45,0.0,0.0,0.0,0.0,0.0,0,0,0,0,0.0,0,0,0,0,0,0,0,0,0,0,0,0,0,0,0,0,0,0,0,0,0,0,0,0,0,0,0,0,0,0,0,0,0,38,14,7,45,65476,0,300,0,0,8,21553,0.0,-107605600.0,0.0,0.0,0.0,0.0,0.0,0.0,0.0,0.0,0.0,0.0,0.0,0.0,0.0,0.0,0.0,0.0,0.0,0.0,0.0,0.0,0.0,2.004,-0.0,0.0,0.0,0.0,0.0,0.0,4984.0,-1.587929164219617e+29,0.0,0.0,0.0,-107615280.0,2.718429300292151e+23,0.0,0.0,0.0,0.0,53,-0.0,-0.0,0.0,0.0,0.0,0.0,0.0,0.0,0.0,0,0,0,0.0,0.0,0.0,0.0,0.0,0.0,0.0,0.0,0.0,0.0,0.0,0.0,0.0,0.0,0.0,0.0,0,-107875648.0,53,0.0,106,-107614832.0,0.0,ERR,ERR,ERR,ERR,ERR,ERR,ERR,ERR,ERR,ERR,ERR,ERR,ERR,ERR,ERR,ERR,ERR,ERR,ERR,ERR,ERR,ERR,ERR,ERR,ERR,ERR,ERR,ERR,ERR,ERR,ERR,ERR,ERR,ERR,ERR,ERR,ERR,ERR,ERR,ERR,ERR,ERR,ERR,ERR,ERR,ERR,ERR,ERR,ERR,ERR,ERR,ERR,ERR,ERR,ERR,ERR,ERR,ERR,ERR,ERR,ERR,ERR,ERR,ERR,ERR,ERR,ERR,50.0,60.0,100,0.0,0.0,0.0,0.0,0.0,0.0,0.0,0.0,0.0,0.0,0.0,0.0,0.0,0.0,0.0,0.0,61.6,73,14,65513,50,65476,0,300,0,0,8,20529,65476,0,0,26214,60.0,0.0,0.0,0.0,0.0,0.0
2026-05-17T18:41:00,ERR,ERR,ERR,ERR,ERR,ERR,ERR,ERR,ERR,ERR,ERR,ERR,ERR,ERR,ERR,ERR,ERR,ERR,ERR,ERR,ERR,ERR,ERR,ERR,ERR,ERR,ERR,ERR,ERR,ERR,ERR,ERR,ERR,ERR,ERR,ERR,ERR,ERR,ERR,ERR,ERR,ERR,ERR,ERR,ERR,ERR,ERR,ERR,ERR,ERR,ERR,ERR,ERR,ERR,ERR,ERR,ERR,ERR,ERR,ERR,ERR,ERR,ERR,ERR,ERR,ERR,ERR,ERR,ERR,ERR,ERR,ERR,ERR,ERR,ERR,ERR,ERR,ERR,ERR,ERR,ERR,ERR,ERR,ERR,ERR,ERR,ERR,ERR,ERR,ERR,ERR,ERR,ERR,ERR,ERR,ERR,ERR,ERR,ERR,ERR,ERR,ERR,ERR,ERR,ERR,ERR,ERR,ERR,ERR,ERR,ERR,ERR,ERR,ERR,ERR,ERR,ERR,ERR,ERR,ERR,ERR,ERR,ERR,ERR,ERR,0.0,0.0,0.0,0.0,0.0,1.3936040501711995e+18,7.805,0.0,0,0,4,0,8422,0.0,45,0.0,0.0,0.0,0.0,0.0,0,0,0,0,0.0,0,0,0,0,0,0,0,0,0,0,0,0,0,0,0,0,0,0,0,0,0,0,0,0,0,0,0,0,0,0,0,0,0,38,14,7,45,65476,0,300,0,0,8,21553,0.0,-107605600.0,0.0,0.0,0.0,0.0,0.0,0.0,0.0,0.0,0.0,0.0,0.0,0.0,0.0,0.0,0.0,0.0,0.0,0.0,0.0,0.0,0.0,2.004,-0.0,0.0,0.0,0.0,0.0,0.0,4984.0,-1.587929164219617e+29,0.0,0.0,0.0,-107615280.0,2.718429300292151e+23,0.0,0.0,0.0,0.0,53,-0.0,-0.0,0.0,0.0,0.0,0.0,0.0,0.0,0.0,0,0,0,0.0,0.0,0.0,0.0,0.0,0.0,0.0,0.0,0.0,0.0,0.0,0.0,0.0,0.0,0.0,0.0,0,-107875648.0,53,0.0,106,-107614832.0,0.0,ERR,ERR,ERR,ERR,ERR,ERR,ERR,ERR,ERR,ERR,ERR,ERR,ERR,ERR,ERR,ERR,ERR,ERR,ERR,ERR,ERR,ERR,ERR,ERR,ERR,ERR,ERR,ERR,ERR,ERR,ERR,ERR,ERR,ERR,ERR,ERR,ERR,ERR,ERR,ERR,ERR,ERR,ERR,ERR,ERR,ERR,ERR,ERR,ERR,ERR,ERR,ERR,ERR,ERR,ERR,ERR,ERR,ERR,ERR,ERR,ERR,ERR,ERR,ERR,ERR,ERR,ERR,50.0,60.0,100,0.0,0.0,0.0,0.0,0.0,0.0,0.0,0.0,0.0,0.0,0.0,0.0,0.0,0.0,0.0,0.0,62.0,73,14,65513,50,65476,0,300,0,0,8,20529,65476,0,0,26214,60.0,0.0,0.0,0.0,0.0,0.0
2026-05-17T18:41:01,ERR,ERR,ERR,ERR,ERR,ERR,ERR,ERR,ERR,ERR,ERR,ERR,ERR,ERR,ERR,ERR,ERR,ERR,ERR,ERR,ERR,ERR,ERR,ERR,ERR,ERR,ERR,ERR,ERR,ERR,ERR,ERR,ERR,ERR,ERR,ERR,ERR,ERR,ERR,ERR,ERR,ERR,ERR,ERR,ERR,ERR,ERR,ERR,ERR,ERR,ERR,ERR,ERR,ERR,ERR,ERR,ERR,ERR,ERR,ERR,ERR,ERR,ERR,ERR,ERR,ERR,ERR,ERR,ERR,ERR,ERR,ERR,ERR,ERR,ERR,ERR,ERR,ERR,ERR,ERR,ERR,ERR,ERR,ERR,ERR,ERR,ERR,ERR,ERR,ERR,ERR,ERR,ERR,ERR,ERR,ERR,ERR,ERR,ERR,ERR,ERR,ERR,ERR,ERR,ERR,ERR,ERR,ERR,ERR,ERR,ERR,ERR,ERR,ERR,ERR,ERR,ERR,ERR,ERR,ERR,ERR,ERR,ERR,ERR,ERR,0.0,0.0,0.0,0.0,0.0,1.3936040501711995e+18,7.805,0.0,0,0,4,0,8422,0.0,45,0.0,0.0,0.0,0.0,0.0,0,0,0,0,0.0,0,0,0,0,0,0,0,0,0,0,0,0,0,0,0,0,0,0,0,0,0,0,0,0,0,0,0,0,0,0,0,0,0,38,14,7,45,65476,0,300,0,0,8,21553,0.0,-107605600.0,0.0,0.0,0.0,0.0,0.0,0.0,0.0,0.0,0.0,0.0,0.0,0.0,0.0,0.0,0.0,0.0,0.0,0.0,0.0,0.0,0.0,2.004,-0.0,0.0,0.0,0.0,0.0,0.0,4984.0,-1.587929164219617e+29,0.0,0.0,0.0,-107615280.0,2.718429300292151e+23,0.0,0.0,0.0,0.0,53,-0.0,-0.0,0.0,0.0,0.0,0.0,0.0,0.0,0.0,0,0,0,0.0,0.0,0.0,0.0,0.0,0.0,0.0,0.0,0.0,0.0,0.0,0.0,0.0,0.0,0.0,0.0,0,-107875648.0,53,0.0,106,-107614832.0,0.0,ERR,ERR,ERR,ERR,ERR,ERR,ERR,ERR,ERR,ERR,ERR,ERR,ERR,ERR,ERR,ERR,ERR,ERR,ERR,ERR,ERR,ERR,ERR,ERR,ERR,ERR,ERR,ERR,ERR,ERR,ERR,ERR,ERR,ERR,ERR,ERR,ERR,ERR,ERR,ERR,ERR,ERR,ERR,ERR,ERR,ERR,ERR,ERR,ERR,ERR,ERR,ERR,ERR,ERR,ERR,ERR,ERR,ERR,ERR,ERR,ERR,ERR,ERR,ERR,ERR,ERR,ERR,50.0,60.0,100,0.0,0.0,0.0,0.0,0.0,0.0,0.0,0.0,0.0,0.0,0.0,0.0,0.0,0.0,0.0,0.0,62.0,73,14,65513,50,65476,0,300,0,0,8,20529,65476,0,0,26214,60.0,0.0,0.0,0.0,0.0,0.0
2026-05-17T18:41:02,ERR,ERR,ERR,ERR,ERR,ERR,ERR,ERR,ERR,ERR,ERR,ERR,ERR,ERR,ERR,ERR,ERR,ERR,ERR,ERR,ERR,ERR,ERR,ERR,ERR,ERR,ERR,ERR,ERR,ERR,ERR,ERR,ERR,ERR,ERR,ERR,ERR,ERR,ERR,ERR,ERR,ERR,ERR,ERR,ERR,ERR,ERR,ERR,ERR,ERR,ERR,ERR,ERR,ERR,ERR,ERR,ERR,ERR,ERR,ERR,ERR,ERR,ERR,ERR,ERR,ERR,ERR,ERR,ERR,ERR,ERR,ERR,ERR,ERR,ERR,ERR,ERR,ERR,ERR,ERR,ERR,ERR,ERR,ERR,ERR,ERR,ERR,ERR,ERR,ERR,ERR,ERR,ERR,ERR,ERR,ERR,ERR,ERR,ERR,ERR,ERR,ERR,ERR,ERR,ERR,ERR,ERR,ERR,ERR,ERR,ERR,ERR,ERR,ERR,ERR,ERR,ERR,ERR,ERR,ERR,ERR,ERR,ERR,ERR,ERR,0.0,0.0,0.0,0.0,0.0,1.3936040501711995e+18,7.805,0.0,0,0,4,0,8422,0.0,45,0.0,0.0,0.0,0.0,0.0,0,0,0,0,0.0,0,0,0,0,0,0,0,0,0,0,0,0,0,0,0,0,0,0,0,0,0,0,0,0,0,0,0,0,0,0,0,0,0,38,14,7,45,65476,0,300,0,0,8,21553,0.0,-107605600.0,0.0,0.0,0.0,0.0,0.0,0.0,0.0,0.0,0.0,0.0,0.0,0.0,0.0,0.0,0.0,0.0,0.0,0.0,0.0,0.0,0.0,2.004,-0.0,0.0,0.0,0.0,0.0,0.0,4984.0,-1.587929164219617e+29,0.0,0.0,0.0,-107615280.0,2.718429300292151e+23,0.0,0.0,0.0,0.0,53,-0.0,-0.0,0.0,0.0,0.0,0.0,0.0,0.0,0.0,0,0,0,0.0,0.0,0.0,0.0,0.0,0.0,0.0,0.0,0.0,0.0,0.0,0.0,0.0,0.0,0.0,0.0,0,-107875648.0,53,0.0,106,-107614832.0,0.0,ERR,ERR,ERR,ERR,ERR,ERR,ERR,ERR,ERR,ERR,ERR,ERR,ERR,ERR,ERR,ERR,ERR,ERR,ERR,ERR,ERR,ERR,ERR,ERR,ERR,ERR,ERR,ERR,ERR,ERR,ERR,ERR,ERR,ERR,ERR,ERR,ERR,ERR,ERR,ERR,ERR,ERR,ERR,ERR,ERR,ERR,ERR,ERR,ERR,ERR,ERR,ERR,ERR,ERR,ERR,ERR,ERR,ERR,ERR,ERR,ERR,ERR,ERR,ERR,ERR,ERR,ERR,50.0,60.0,100,0.0,0.0,0.0,0.0,0.0,0.0,0.0,0.0,0.0,0.0,0.0,0.0,0.0,0.0,0.0,0.0,62.0,73,14,65513,50,65476,0,300,0,0,8,20529,65476,0,0,26214,60.0,0.0,0.0,0.0,0.0,0.0
2026-05-17T18:41:03,ERR,ERR,ERR,ERR,ERR,ERR,ERR,ERR,ERR,ERR,ERR,ERR,ERR,ERR,ERR,ERR,ERR,ERR,ERR,ERR,ERR,ERR,ERR,ERR,ERR,ERR,ERR,ERR,ERR,ERR,ERR,ERR,ERR,ERR,ERR,ERR,ERR,ERR,ERR,ERR,ERR,ERR,ERR,ERR,ERR,ERR,ERR,ERR,ERR,ERR,ERR,ERR,ERR,ERR,ERR,ERR,ERR,ERR,ERR,ERR,ERR,ERR,ERR,ERR,ERR,ERR,ERR,ERR,ERR,ERR,ERR,ERR,ERR,ERR,ERR,ERR,ERR,ERR,ERR,ERR,ERR,ERR,ERR,ERR,ERR,ERR,ERR,ERR,ERR,ERR,ERR,ERR,ERR,ERR,ERR,ERR,ERR,ERR,ERR,ERR,ERR,ERR,ERR,ERR,ERR,ERR,ERR,ERR,ERR,ERR,ERR,ERR,ERR,ERR,ERR,ERR,ERR,ERR,ERR,ERR,ERR,ERR,ERR,ERR,ERR,0.0,0.0,-134474944.0,0.0,0.0,1.3936040501711995e+18,7.805,0.0,0,0,4,0,8422,0.0,45,0.0,0.0,0.0,0.0,0.0,0,0,0,0,0.0,0,0,0,0,0,0,0,0,0,0,0,0,0,0,0,0,0,0,0,0,0,0,0,0,0,0,0,0,0,0,0,0,0,38,14,7,45,65476,0,300,0,0,8,21553,0.0,-107605600.0,0.0,0.0,0.0,0.0,0.0,0.0,0.0,0.0,0.0,0.0,0.0,0.0,0.0,0.0,0.0,0.0,0.0,0.0,0.0,0.0,2.004,2.004,-0.0,0.0,0.0,0.0,0.0,0.0,5017.0,-1.0406652570629681e+34,0.0,0.0,0.0,-107615280.0,2.718429300292151e+23,0.0,0.0,0.0,0.0,53,-0.0,-0.0,0.0,0.0,0.0,0.0,0.0,0.0,0.0,0,0,0,0.0,0.0,0.0,0.0,0.0,0.0,0.0,0.0,0.0,0.0,0.0,0.0,0.0,0.0,0.0,0.0,0,-107875648.0,53,0.0,106,-107614832.0,0.0,ERR,ERR,ERR,ERR,ERR,ERR,ERR,ERR,ERR,ERR,ERR,ERR,ERR,ERR,ERR,ERR,ERR,ERR,ERR,ERR,ERR,ERR,ERR,ERR,ERR,ERR,ERR,ERR,ERR,ERR,ERR,ERR,ERR,ERR,ERR,ERR,ERR,ERR,ERR,ERR,ERR,ERR,ERR,ERR,ERR,ERR,ERR,ERR,ERR,ERR,ERR,ERR,ERR,ERR,ERR,ERR,ERR,ERR,ERR,ERR,ERR,ERR,ERR,ERR,ERR,ERR,ERR,50.0,60.0,100,0.0,0.0,0.0,0.0,0.0,0.0,0.0,0.0,0.0,0.0,0.0,0.0,0.0,0.0,0.0,0.0,61.6,73,14,65513,50,65476,0,300,0,0,8,20529,65476,0,0,26214,60.0,0.0,0.0,0.0,0.0,0.0
2026-05-17T18:41:04,ERR,ERR,ERR,ERR,ERR,ERR,ERR,ERR,ERR,ERR,ERR,ERR,ERR,ERR,ERR,ERR,ERR,ERR,ERR,ERR,ERR,ERR,ERR,ERR,ERR,ERR,ERR,ERR,ERR,ERR,ERR,ERR,ERR,ERR,ERR,ERR,ERR,ERR,ERR,ERR,ERR,ERR,ERR,ERR,ERR,ERR,ERR,ERR,ERR,ERR,ERR,ERR,ERR,ERR,ERR,ERR,ERR,ERR,ERR,ERR,ERR,ERR,ERR,ERR,ERR,ERR,ERR,ERR,ERR,ERR,ERR,ERR,ERR,ERR,ERR,ERR,ERR,ERR,ERR,ERR,ERR,ERR,ERR,ERR,ERR,ERR,ERR,ERR,ERR,ERR,ERR,ERR,ERR,ERR,ERR,ERR,ERR,ERR,ERR,ERR,ERR,ERR,ERR,ERR,ERR,ERR,ERR,ERR,ERR,ERR,ERR,ERR,ERR,ERR,ERR,ERR,ERR,ERR,ERR,ERR,ERR,ERR,ERR,ERR,ERR,0.0,0.0,-134474944.0,0.0,0.0,1.3936040501711995e+18,7.805,0.0,0,0,4,0,8422,0.0,45,0.0,0.0,0.0,0.0,0.0,0,0,0,0,0.0,0,0,0,0,0,0,0,0,0,0,0,0,0,0,0,0,0,0,0,0,0,0,0,0,0,0,0,0,0,0,0,0,0,38,14,7,45,65476,0,300,0,0,8,21553,0.0,-107605600.0,0.0,0.0,0.0,0.0,0.0,0.0,0.0,0.0,0.0,0.0,0.0,0.0,0.0,0.0,0.0,0.0,0.0,0.0,0.0,0.0,2.004,2.004,-0.0,0.0,0.0,0.0,0.0,0.0,5017.0,-1.0406652570629681e+34,0.0,0.0,0.0,-107615280.0,2.718429300292151e+23,0.0,0.0,0.0,0.0,53,-0.0,-0.0,0.0,0.0,0.0,0.0,0.0,0.0,0.0,0,0,0,0.0,0.0,0.0,0.0,0.0,0.0,0.0,0.0,0.0,0.0,0.0,0.0,0.0,0.0,0.0,0.0,0,-107875648.0,53,0.0,106,-107614832.0,0.0,ERR,ERR,ERR,ERR,ERR,ERR,ERR,ERR,ERR,ERR,ERR,ERR,ERR,ERR,ERR,ERR,ERR,ERR,ERR,ERR,ERR,ERR,ERR,ERR,ERR,ERR,ERR,ERR,ERR,ERR,ERR,ERR,ERR,ERR,ERR,ERR,ERR,ERR,ERR,ERR,ERR,ERR,ERR,ERR,ERR,ERR,ERR,ERR,ERR,ERR,ERR,ERR,ERR,ERR,ERR,ERR,ERR,ERR,ERR,ERR,ERR,ERR,ERR,ERR,ERR,ERR,ERR,50.0,60.0,100,0.0,0.0,0.0,0.0,0.0,0.0,0.0,0.0,0.0,0.0,0.0,0.0,0.0,0.0,0.0,0.0,61.6,73,14,65513,50,65476,0,300,0,0,8,20529,65476,0,0,26214,60.0,0.0,0.0,0.0,0.0,0.0
2026-05-17T18:41:05,ERR,ERR,ERR,ERR,ERR,ERR,ERR,ERR,ERR,ERR,ERR,ERR,ERR,ERR,ERR,ERR,ERR,ERR,ERR,ERR,ERR,ERR,ERR,ERR,ERR,ERR,ERR,ERR,ERR,ERR,ERR,ERR,ERR,ERR,ERR,ERR,ERR,ERR,ERR,ERR,ERR,ERR,ERR,ERR,ERR,ERR,ERR,ERR,ERR,ERR,ERR,ERR,ERR,ERR,ERR,ERR,ERR,ERR,ERR,ERR,ERR,ERR,ERR,ERR,ERR,ERR,ERR,ERR,ERR,ERR,ERR,ERR,ERR,ERR,ERR,ERR,ERR,ERR,ERR,ERR,ERR,ERR,ERR,ERR,ERR,ERR,ERR,ERR,ERR,ERR,ERR,ERR,ERR,ERR,ERR,ERR,ERR,ERR,ERR,ERR,ERR,ERR,ERR,ERR,ERR,ERR,ERR,ERR,ERR,ERR,ERR,ERR,ERR,ERR,ERR,ERR,ERR,ERR,ERR,ERR,ERR,ERR,ERR,ERR,ERR,0.0,0.0,-134474944.0,0.0,0.0,1.3936040501711995e+18,7.805,0.0,0,0,4,0,8422,0.0,45,0.0,0.0,0.0,0.0,0.0,0,0,0,0,0.0,0,0,0,0,0,0,0,0,0,0,0,0,0,0,0,0,0,0,0,0,0,0,0,0,0,0,0,0,0,0,0,0,0,38,14,7,45,65476,0,300,0,0,8,21553,0.0,-107605600.0,0.0,0.0,0.0,0.0,0.0,0.0,0.0,0.0,0.0,0.0,0.0,0.0,0.0,0.0,0.0,0.0,0.0,0.0,0.0,0.0,2.004,2.004,-0.0,0.0,0.0,0.0,0.0,0.0,5017.0,-1.0406652570629681e+34,0.0,0.0,0.0,-107615280.0,2.718429300292151e+23,0.0,0.0,0.0,0.0,53,-0.0,-0.0,0.0,0.0,0.0,0.0,0.0,0.0,0.0,0,0,0,0.0,0.0,0.0,0.0,0.0,0.0,0.0,0.0,0.0,0.0,0.0,0.0,0.0,0.0,0.0,0.0,0,-107875648.0,53,0.0,106,-107614832.0,0.0,ERR,ERR,ERR,ERR,ERR,ERR,ERR,ERR,ERR,ERR,ERR,ERR,ERR,ERR,ERR,ERR,ERR,ERR,ERR,ERR,ERR,ERR,ERR,ERR,ERR,ERR,ERR,ERR,ERR,ERR,ERR,ERR,ERR,ERR,ERR,ERR,ERR,ERR,ERR,ERR,ERR,ERR,ERR,ERR,ERR,ERR,ERR,ERR,ERR,ERR,ERR,ERR,ERR,ERR,ERR,ERR,ERR,ERR,ERR,ERR,ERR,ERR,ERR,ERR,ERR,ERR,ERR,50.0,60.0,100,0.0,0.0,0.0,0.0,0.0,0.0,0.0,0.0,0.0,0.0,0.0,0.0,0.0,0.0,0.0,0.0,61.6,73,14,65513,50,65476,0,300,0,0,8,20529,65476,0,0,26214,60.0,0.0,0.0,0.0,0.0,0.0
2026-05-17T18:41:06,ERR,ERR,ERR,ERR,ERR,ERR,ERR,ERR,ERR,ERR,ERR,ERR,ERR,ERR,ERR,ERR,ERR,ERR,ERR,ERR,ERR,ERR,ERR,ERR,ERR,ERR,ERR,ERR,ERR,ERR,ERR,ERR,ERR,ERR,ERR,ERR,ERR,ERR,ERR,ERR,ERR,ERR,ERR,ERR,ERR,ERR,ERR,ERR,ERR,ERR,ERR,ERR,ERR,ERR,ERR,ERR,ERR,ERR,ERR,ERR,ERR,ERR,ERR,ERR,ERR,ERR,ERR,ERR,ERR,ERR,ERR,ERR,ERR,ERR,ERR,ERR,ERR,ERR,ERR,ERR,ERR,ERR,ERR,ERR,ERR,ERR,ERR,ERR,ERR,ERR,ERR,ERR,ERR,ERR,ERR,ERR,ERR,ERR,ERR,ERR,ERR,ERR,ERR,ERR,ERR,ERR,ERR,ERR,ERR,ERR,ERR,ERR,ERR,ERR,ERR,ERR,ERR,ERR,ERR,ERR,ERR,ERR,ERR,ERR,ERR,0.0,0.0,-134474944.0,0.0,0.0,1.3936040501711995e+18,7.805,0.0,0,0,4,0,8422,0.0,45,0.0,0.0,0.0,0.0,0.0,0,0,0,0,0.0,0,0,0,0,0,0,0,0,0,0,0,0,0,0,0,0,0,0,0,0,0,0,0,0,0,0,0,0,0,0,0,0,0,38,14,7,45,65476,0,300,0,0,8,21553,0.0,-107605600.0,0.0,0.0,0.0,0.0,0.0,0.0,0.0,0.0,0.0,0.0,0.0,0.0,0.0,0.0,0.0,0.0,0.0,0.0,0.0,0.0,2.004,2.004,-0.0,0.0,0.0,0.0,0.0,0.0,5017.0,-1.0406652570629681e+34,0.0,0.0,0.0,-107615280.0,2.718429300292151e+23,0.0,0.0,0.0,0.0,53,-0.0,-0.0,0.0,0.0,0.0,0.0,0.0,0.0,0.0,0,0,0,0.0,0.0,0.0,0.0,0.0,0.0,0.0,0.0,0.0,0.0,0.0,0.0,0.0,0.0,0.0,0.0,0,-107875648.0,53,0.0,106,-107614832.0,0.0,ERR,ERR,ERR,ERR,ERR,ERR,ERR,ERR,ERR,ERR,ERR,ERR,ERR,ERR,ERR,ERR,ERR,ERR,ERR,ERR,ERR,ERR,ERR,ERR,ERR,ERR,ERR,ERR,ERR,ERR,ERR,ERR,ERR,ERR,ERR,ERR,ERR,ERR,ERR,ERR,ERR,ERR,ERR,ERR,ERR,ERR,ERR,ERR,ERR,ERR,ERR,ERR,ERR,ERR,ERR,ERR,ERR,ERR,ERR,ERR,ERR,ERR,ERR,ERR,ERR,ERR,ERR,50.0,60.0,100,0.0,0.0,0.0,0.0,0.0,0.0,0.0,0.0,0.0,0.0,0.0,0.0,0.0,0.0,0.0,0.0,61.6,73,14,65513,50,65476,0,300,0,0,8,20529,65476,0,0,26214,60.0,0.0,0.0,0.0,0.0,0.0
2026-05-17T18:41:07,ERR,ERR,ERR,ERR,ERR,ERR,ERR,ERR,ERR,ERR,ERR,ERR,ERR,ERR,ERR,ERR,ERR,ERR,ERR,ERR,ERR,ERR,ERR,ERR,ERR,ERR,ERR,ERR,ERR,ERR,ERR,ERR,ERR,ERR,ERR,ERR,ERR,ERR,ERR,ERR,ERR,ERR,ERR,ERR,ERR,ERR,ERR,ERR,ERR,ERR,ERR,ERR,ERR,ERR,ERR,ERR,ERR,ERR,ERR,ERR,ERR,ERR,ERR,ERR,ERR,ERR,ERR,ERR,ERR,ERR,ERR,ERR,ERR,ERR,ERR,ERR,ERR,ERR,ERR,ERR,ERR,ERR,ERR,ERR,ERR,ERR,ERR,ERR,ERR,ERR,ERR,ERR,ERR,ERR,ERR,ERR,ERR,ERR,ERR,ERR,ERR,ERR,ERR,ERR,ERR,ERR,ERR,ERR,ERR,ERR,ERR,ERR,ERR,ERR,ERR,ERR,ERR,ERR,ERR,ERR,ERR,ERR,ERR,ERR,ERR,0.0,0.0,-134474944.0,0.0,0.0,1.3936040501711995e+18,7.805,0.0,0,0,4,0,8422,0.0,45,0.0,0.0,0.0,0.0,0.0,0,0,0,0,0.0,0,0,0,0,0,0,0,0,0,0,0,0,0,0,0,0,0,0,0,0,0,0,0,0,0,0,0,0,0,0,0,0,0,38,14,7,45,65476,0,300,0,0,8,21553,0.0,-107605600.0,0.0,0.0,0.0,0.0,0.0,0.0,0.0,0.0,0.0,0.0,0.0,0.0,0.0,0.0,0.0,0.0,0.0,0.0,0.0,0.0,2.004,2.004,-0.0,0.0,0.0,0.0,0.0,0.0,5017.0,-1.0406652570629681e+34,0.0,0.0,0.0,-107615280.0,2.718429300292151e+23,0.0,0.0,0.0,0.0,53,-0.0,-0.0,0.0,0.0,0.0,0.0,0.0,0.0,0.0,0,0,0,0.0,0.0,0.0,0.0,0.0,0.0,0.0,0.0,0.0,0.0,0.0,0.0,0.0,0.0,0.0,0.0,0,-107875648.0,53,0.0,106,-107614832.0,0.0,ERR,ERR,ERR,ERR,ERR,ERR,ERR,ERR,ERR,ERR,ERR,ERR,ERR,ERR,ERR,ERR,ERR,ERR,ERR,ERR,ERR,ERR,ERR,ERR,ERR,ERR,ERR,ERR,ERR,ERR,ERR,ERR,ERR,ERR,ERR,ERR,ERR,ERR,ERR,ERR,ERR,ERR,ERR,ERR,ERR,ERR,ERR,ERR,ERR,ERR,ERR,ERR,ERR,ERR,ERR,ERR,ERR,ERR,ERR,ERR,ERR,ERR,ERR,ERR,ERR,ERR,ERR,50.0,60.0,100,0.0,0.0,0.0,0.0,0.0,0.0,0.0,0.0,0.0,0.0,0.0,0.0,0.0,0.0,0.0,0.0,61.6,73,14,65513,50,65476,0,300,0,0,8,20529,65476,0,0,26214,60.0,0.0,0.0,0.0,0.0,0.0
2026-05-17T18:41:08,ERR,ERR,ERR,ERR,ERR,ERR,ERR,ERR,ERR,ERR,ERR,ERR,ERR,ERR,ERR,ERR,ERR,ERR,ERR,ERR,ERR,ERR,ERR,ERR,ERR,ERR,ERR,ERR,ERR,ERR,ERR,ERR,ERR,ERR,ERR,ERR,ERR,ERR,ERR,ERR,ERR,ERR,ERR,ERR,ERR,ERR,ERR,ERR,ERR,ERR,ERR,ERR,ERR,ERR,ERR,ERR,ERR,ERR,ERR,ERR,ERR,ERR,ERR,ERR,ERR,ERR,ERR,ERR,ERR,ERR,ERR,ERR,ERR,ERR,ERR,ERR,ERR,ERR,ERR,ERR,ERR,ERR,ERR,ERR,ERR,ERR,ERR,ERR,ERR,ERR,ERR,ERR,ERR,ERR,ERR,ERR,ERR,ERR,ERR,ERR,ERR,ERR,ERR,ERR,ERR,ERR,ERR,ERR,ERR,ERR,ERR,ERR,ERR,ERR,ERR,ERR,ERR,ERR,ERR,ERR,ERR,ERR,ERR,ERR,ERR,0.0,0.0,0.0,0.0,0.0,1.3936040501711995e+18,7.805,0.0,0,0,4,0,8422,0.0,45,0.0,0.0,0.0,0.0,0.0,0,0,0,0,0.0,0,0,0,0,0,0,0,0,0,0,0,0,0,0,0,0,0,0,0,0,0,0,0,0,0,0,0,0,0,0,0,0,0,38,14,7,45,65476,0,300,0,0,8,21553,0.0,-107605600.0,0.0,0.0,0.0,0.0,0.0,0.0,0.0,0.0,0.0,0.0,0.0,0.0,0.0,0.0,0.0,0.0,0.0,0.0,0.0,0.0,2.004,2.004,-0.0,0.0,0.0,0.0,0.0,0.0,4981.0,-8608181248.0,0.0,0.0,0.0,-107615280.0,2.718429300292151e+23,0.0,0.0,0.0,0.0,53,-0.0,4.066853280225235e+29,0.0,0.0,0.0,0.0,0.0,0.0,0.0,0,0,0,0.0,0.0,0.0,0.0,0.0,0.0,0.0,0.0,0.0,0.0,0.0,0.0,0.0,0.0,0.0,0.0,0,-107875648.0,53,0.0,106,-107614832.0,0.0,ERR,ERR,ERR,ERR,ERR,ERR,ERR,ERR,ERR,ERR,ERR,ERR,ERR,ERR,ERR,ERR,ERR,ERR,ERR,ERR,ERR,ERR,ERR,ERR,ERR,ERR,ERR,ERR,ERR,ERR,ERR,ERR,ERR,ERR,ERR,ERR,ERR,ERR,ERR,ERR,ERR,ERR,ERR,ERR,ERR,ERR,ERR,ERR,ERR,ERR,ERR,ERR,ERR,ERR,ERR,ERR,ERR,ERR,ERR,ERR,ERR,ERR,ERR,ERR,ERR,ERR,ERR,50.0,60.0,100,0.0,0.0,0.0,0.0,0.0,0.0,0.0,0.0,0.0,0.0,0.0,0.0,0.0,0.0,0.0,0.0,61.6,73,14,65513,50,65476,0,300,0,0,8,20529,65476,0,0,26214,60.0,0.0,0.0,0.0,0.0,0.0
2026-05-17T18:41:09,ERR,ERR,ERR,ERR,ERR,ERR,ERR,ERR,ERR,ERR,ERR,ERR,ERR,ERR,ERR,ERR,ERR,ERR,ERR,ERR,ERR,ERR,ERR,ERR,ERR,ERR,ERR,ERR,ERR,ERR,ERR,ERR,ERR,ERR,ERR,ERR,ERR,ERR,ERR,ERR,ERR,ERR,ERR,ERR,ERR,ERR,ERR,ERR,ERR,ERR,ERR,ERR,ERR,ERR,ERR,ERR,ERR,ERR,ERR,ERR,ERR,ERR,ERR,ERR,ERR,ERR,ERR,ERR,ERR,ERR,ERR,ERR,ERR,ERR,ERR,ERR,ERR,ERR,ERR,ERR,ERR,ERR,ERR,ERR,ERR,ERR,ERR,ERR,ERR,ERR,ERR,ERR,ERR,ERR,ERR,ERR,ERR,ERR,ERR,ERR,ERR,ERR,ERR,ERR,ERR,ERR,ERR,ERR,ERR,ERR,ERR,ERR,ERR,ERR,ERR,ERR,ERR,ERR,ERR,ERR,ERR,ERR,ERR,ERR,ERR,0.0,0.0,0.0,0.0,0.0,1.3936040501711995e+18,7.805,0.0,0,0,4,0,8422,0.0,45,0.0,0.0,0.0,0.0,0.0,0,0,0,0,0.0,0,0,0,0,0,0,0,0,0,0,0,0,0,0,0,0,0,0,0,0,0,0,0,0,0,0,0,0,0,0,0,0,0,38,14,7,45,65476,0,300,0,0,8,21553,0.0,-107605600.0,0.0,0.0,0.0,0.0,0.0,0.0,0.0,0.0,0.0,0.0,0.0,0.0,0.0,0.0,0.0,0.0,0.0,0.0,0.0,0.0,2.004,2.004,-0.0,0.0,0.0,0.0,0.0,0.0,4981.0,-8608181248.0,0.0,0.0,0.0,-107615280.0,2.718429300292151e+23,0.0,0.0,0.0,0.0,53,-0.0,4.066853280225235e+29,0.0,0.0,0.0,0.0,0.0,0.0,0.0,0,0,0,0.0,0.0,0.0,0.0,0.0,0.0,0.0,0.0,0.0,0.0,0.0,0.0,0.0,0.0,0.0,0.0,0,-107875648.0,53,0.0,106,-107614832.0,0.0,ERR,ERR,ERR,ERR,ERR,ERR,ERR,ERR,ERR,ERR,ERR,ERR,ERR,ERR,ERR,ERR,ERR,ERR,ERR,ERR,ERR,ERR,ERR,ERR,ERR,ERR,ERR,ERR,ERR,ERR,ERR,ERR,ERR,ERR,ERR,ERR,ERR,ERR,ERR,ERR,ERR,ERR,ERR,ERR,ERR,ERR,ERR,ERR,ERR,ERR,ERR,ERR,ERR,ERR,ERR,ERR,ERR,ERR,ERR,ERR,ERR,ERR,ERR,ERR,ERR,ERR,ERR,50.0,60.0,100,0.0,0.0,0.0,0.0,0.0,0.0,0.0,0.0,0.0,0.0,0.0,0.0,0.0,0.0,0.0,0.0,62.0,73,14,65513,50,65476,0,300,0,0,8,20529,65476,0,0,26214,60.0,0.0,0.0,0.0,0.0,0.0
2026-05-17T18:41:10,ERR,ERR,ERR,ERR,ERR,ERR,ERR,ERR,ERR,ERR,ERR,ERR,ERR,ERR,ERR,ERR,ERR,ERR,ERR,ERR,ERR,ERR,ERR,ERR,ERR,ERR,ERR,ERR,ERR,ERR,ERR,ERR,ERR,ERR,ERR,ERR,ERR,ERR,ERR,ERR,ERR,ERR,ERR,ERR,ERR,ERR,ERR,ERR,ERR,ERR,ERR,ERR,ERR,ERR,ERR,ERR,ERR,ERR,ERR,ERR,ERR,ERR,ERR,ERR,ERR,ERR,ERR,ERR,ERR,ERR,ERR,ERR,ERR,ERR,ERR,ERR,ERR,ERR,ERR,ERR,ERR,ERR,ERR,ERR,ERR,ERR,ERR,ERR,ERR,ERR,ERR,ERR,ERR,ERR,ERR,ERR,ERR,ERR,ERR,ERR,ERR,ERR,ERR,ERR,ERR,ERR,ERR,ERR,ERR,ERR,ERR,ERR,ERR,ERR,ERR,ERR,ERR,ERR,ERR,ERR,ERR,ERR,ERR,ERR,ERR,0.0,0.0,0.0,0.0,0.0,1.3936040501711995e+18,7.805,0.0,0,0,4,0,8422,0.0,45,0.0,0.0,0.0,0.0,0.0,0,0,0,0,0.0,0,0,0,0,0,0,0,0,0,0,0,0,0,0,0,0,0,0,0,0,0,0,0,0,0,0,0,0,0,0,0,0,0,38,14,7,45,65476,0,300,0,0,8,21553,0.0,-107605600.0,0.0,0.0,0.0,0.0,0.0,0.0,0.0,0.0,0.0,0.0,0.0,0.0,0.0,0.0,0.0,0.0,0.0,0.0,0.0,0.0,2.004,2.004,-0.0,0.0,0.0,0.0,0.0,0.0,4981.0,-8608181248.0,0.0,0.0,0.0,-107615280.0,2.718429300292151e+23,0.0,0.0,0.0,0.0,53,-0.0,4.066853280225235e+29,0.0,0.0,0.0,0.0,0.0,0.0,0.0,0,0,0,0.0,0.0,0.0,0.0,0.0,0.0,0.0,0.0,0.0,0.0,0.0,0.0,0.0,0.0,0.0,0.0,0,-107875648.0,53,0.0,106,-107614832.0,0.0,ERR,ERR,ERR,ERR,ERR,ERR,ERR,ERR,ERR,ERR,ERR,ERR,ERR,ERR,ERR,ERR,ERR,ERR,ERR,ERR,ERR,ERR,ERR,ERR,ERR,ERR,ERR,ERR,ERR,ERR,ERR,ERR,ERR,ERR,ERR,ERR,ERR,ERR,ERR,ERR,ERR,ERR,ERR,ERR,ERR,ERR,ERR,ERR,ERR,ERR,ERR,ERR,ERR,ERR,ERR,ERR,ERR,ERR,ERR,ERR,ERR,ERR,ERR,ERR,ERR,ERR,ERR,50.0,60.0,100,0.0,0.0,0.0,0.0,0.0,0.0,0.0,0.0,0.0,0.0,0.0,0.0,0.0,0.0,0.0,0.0,61.6,73,14,65513,50,65476,0,300,0,0,8,20529,65476,0,0,26214,60.0,0.0,0.0,0.0,0.0,0.0
2026-05-17T18:41:11,ERR,ERR,ERR,ERR,ERR,ERR,ERR,ERR,ERR,ERR,ERR,ERR,ERR,ERR,ERR,ERR,ERR,ERR,ERR,ERR,ERR,ERR,ERR,ERR,ERR,ERR,ERR,ERR,ERR,ERR,ERR,ERR,ERR,ERR,ERR,ERR,ERR,ERR,ERR,ERR,ERR,ERR,ERR,ERR,ERR,ERR,ERR,ERR,ERR,ERR,ERR,ERR,ERR,ERR,ERR,ERR,ERR,ERR,ERR,ERR,ERR,ERR,ERR,ERR,ERR,ERR,ERR,ERR,ERR,ERR,ERR,ERR,ERR,ERR,ERR,ERR,ERR,ERR,ERR,ERR,ERR,ERR,ERR,ERR,ERR,ERR,ERR,ERR,ERR,ERR,ERR,ERR,ERR,ERR,ERR,ERR,ERR,ERR,ERR,ERR,ERR,ERR,ERR,ERR,ERR,ERR,ERR,ERR,ERR,ERR,ERR,ERR,ERR,ERR,ERR,ERR,ERR,ERR,ERR,ERR,ERR,ERR,ERR,ERR,ERR,0.0,0.0,0.0,0.0,0.0,1.3936040501711995e+18,7.805,0.0,0,0,4,0,8422,0.0,45,0.0,0.0,0.0,0.0,0.0,0,0,0,0,0.0,0,0,0,0,0,0,0,0,0,0,0,0,0,0,0,0,0,0,0,0,0,0,0,0,0,0,0,0,0,0,0,0,0,38,14,7,45,65476,0,300,0,0,8,21553,0.0,-107605600.0,0.0,0.0,0.0,0.0,0.0,0.0,0.0,0.0,0.0,0.0,0.0,0.0,0.0,0.0,0.0,0.0,0.0,0.0,0.0,0.0,2.004,2.004,-0.0,0.0,0.0,0.0,0.0,0.0,4981.0,-8608181248.0,0.0,0.0,0.0,-107615280.0,2.718429300292151e+23,0.0,0.0,0.0,0.0,53,-0.0,4.066853280225235e+29,0.0,0.0,0.0,0.0,0.0,0.0,0.0,0,0,0,0.0,0.0,0.0,0.0,0.0,0.0,0.0,0.0,0.0,0.0,0.0,0.0,0.0,0.0,0.0,0.0,0,-107875648.0,53,0.0,106,-107614832.0,0.0,ERR,ERR,ERR,ERR,ERR,ERR,ERR,ERR,ERR,ERR,ERR,ERR,ERR,ERR,ERR,ERR,ERR,ERR,ERR,ERR,ERR,ERR,ERR,ERR,ERR,ERR,ERR,ERR,ERR,ERR,ERR,ERR,ERR,ERR,ERR,ERR,ERR,ERR,ERR,ERR,ERR,ERR,ERR,ERR,ERR,ERR,ERR,ERR,ERR,ERR,ERR,ERR,ERR,ERR,ERR,ERR,ERR,ERR,ERR,ERR,ERR,ERR,ERR,ERR,ERR,ERR,ERR,50.0,60.0,100,0.0,0.0,0.0,0.0,0.0,0.0,0.0,0.0,0.0,0.0,0.0,0.0,0.0,0.0,0.0,0.0,61.6,73,14,65513,50,65476,0,300,0,0,8,20529,65476,0,0,26214,60.0,0.0,0.0,0.0,0.0,0.0
2026-05-17T18:41:12,ERR,ERR,ERR,ERR,ERR,ERR,ERR,ERR,ERR,ERR,ERR,ERR,ERR,ERR,ERR,ERR,ERR,ERR,ERR,ERR,ERR,ERR,ERR,ERR,ERR,ERR,ERR,ERR,ERR,ERR,ERR,ERR,ERR,ERR,ERR,ERR,ERR,ERR,ERR,ERR,ERR,ERR,ERR,ERR,ERR,ERR,ERR,ERR,ERR,ERR,ERR,ERR,ERR,ERR,ERR,ERR,ERR,ERR,ERR,ERR,ERR,ERR,ERR,ERR,ERR,ERR,ERR,ERR,ERR,ERR,ERR,ERR,ERR,ERR,ERR,ERR,ERR,ERR,ERR,ERR,ERR,ERR,ERR,ERR,ERR,ERR,ERR,ERR,ERR,ERR,ERR,ERR,ERR,ERR,ERR,ERR,ERR,ERR,ERR,ERR,ERR,ERR,ERR,ERR,ERR,ERR,ERR,ERR,ERR,ERR,ERR,ERR,ERR,ERR,ERR,ERR,ERR,ERR,ERR,ERR,ERR,ERR,ERR,ERR,ERR,0.0,0.0,0.0,0.0,0.0,1.3936040501711995e+18,7.805,0.0,0,0,4,0,8422,0.0,45,0.0,0.0,0.0,0.0,0.0,0,0,0,0,0.0,0,0,0,0,0,0,0,0,0,0,0,0,0,0,0,0,0,0,0,0,0,0,0,0,0,0,0,0,0,0,0,0,0,38,14,7,45,65476,0,300,0,0,8,21553,0.0,-107605600.0,0.0,0.0,0.0,0.0,0.0,0.0,0.0,0.0,0.0,0.0,0.0,0.0,0.0,0.0,0.0,0.0,0.0,0.0,0.0,0.0,2.004,2.004,-0.0,0.0,0.0,0.0,0.0,0.0,4981.0,-8608181248.0,0.0,0.0,0.0,-107615280.0,2.718429300292151e+23,0.0,0.0,0.0,0.0,53,-0.0,4.066853280225235e+29,0.0,0.0,0.0,0.0,0.0,0.0,0.0,0,0,0,0.0,0.0,0.0,0.0,0.0,0.0,0.0,0.0,0.0,0.0,0.0,0.0,0.0,0.0,0.0,0.0,0,-107875648.0,53,0.0,106,-107614832.0,0.0,ERR,ERR,ERR,ERR,ERR,ERR,ERR,ERR,ERR,ERR,ERR,ERR,ERR,ERR,ERR,ERR,ERR,ERR,ERR,ERR,ERR,ERR,ERR,ERR,ERR,ERR,ERR,ERR,ERR,ERR,ERR,ERR,ERR,ERR,ERR,ERR,ERR,ERR,ERR,ERR,ERR,ERR,ERR,ERR,ERR,ERR,ERR,ERR,ERR,ERR,ERR,ERR,ERR,ERR,ERR,ERR,ERR,ERR,ERR,ERR,ERR,ERR,ERR,ERR,ERR,ERR,ERR,50.0,60.0,100,0.0,0.0,0.0,0.0,0.0,0.0,0.0,0.0,0.0,0.0,0.0,0.0,0.0,0.0,0.0,0.0,61.6,73,14,65513,50,65476,0,300,0,0,8,20529,65476,0,0,26214,60.0,0.0,0.0,0.0,0.0,0.0
2026-05-17T18:41:13,ERR,ERR,ERR,ERR,ERR,ERR,ERR,ERR,ERR,ERR,ERR,ERR,ERR,ERR,ERR,ERR,ERR,ERR,ERR,ERR,ERR,ERR,ERR,ERR,ERR,ERR,ERR,ERR,ERR,ERR,ERR,ERR,ERR,ERR,ERR,ERR,ERR,ERR,ERR,ERR,ERR,ERR,ERR,ERR,ERR,ERR,ERR,ERR,ERR,ERR,ERR,ERR,ERR,ERR,ERR,ERR,ERR,ERR,ERR,ERR,ERR,ERR,ERR,ERR,ERR,ERR,ERR,ERR,ERR,ERR,ERR,ERR,ERR,ERR,ERR,ERR,ERR,ERR,ERR,ERR,ERR,ERR,ERR,ERR,ERR,ERR,ERR,ERR,ERR,ERR,ERR,ERR,ERR,ERR,ERR,ERR,ERR,ERR,ERR,ERR,ERR,ERR,ERR,ERR,ERR,ERR,ERR,ERR,ERR,ERR,ERR,ERR,ERR,ERR,ERR,ERR,ERR,ERR,ERR,ERR,ERR,ERR,ERR,ERR,ERR,0.0,0.0,-134474944.0,0.0,0.0,1.3936040501711995e+18,7.805,0.0,0,0,4,0,8422,0.0,45,0.0,0.0,0.0,0.0,0.0,0,0,0,0,0.0,0,0,0,0,0,0,0,0,0,0,0,0,0,0,0,0,0,0,0,0,0,0,0,0,0,0,0,0,0,0,0,0,0,38,14,7,45,65476,0,300,0,0,8,21553,0.0,-107605600.0,0.0,0.0,0.0,0.0,0.0,0.0,0.0,0.0,0.0,0.0,0.0,0.0,0.0,0.0,0.0,0.0,0.0,0.0,0.0,0.0,0.0,2.004,-0.0,0.0,0.0,0.0,0.0,0.0,4986.0,-1.0406652570629681e+34,0.0,0.0,0.0,-107615280.0,2.718429300292151e+23,0.0,0.0,0.0,0.0,53,-0.0,-0.0,0.0,0.0,0.0,0.0,0.0,0.0,0.0,0,0,0,0.0,0.0,0.0,0.0,0.0,0.0,0.0,0.0,0.0,0.0,0.0,0.0,0.0,0.0,0.0,0.0,0,-107875648.0,53,0.0,106,-107614832.0,0.0,ERR,ERR,ERR,ERR,ERR,ERR,ERR,ERR,ERR,ERR,ERR,ERR,ERR,ERR,ERR,ERR,ERR,ERR,ERR,ERR,ERR,ERR,ERR,ERR,ERR,ERR,ERR,ERR,ERR,ERR,ERR,ERR,ERR,ERR,ERR,ERR,ERR,ERR,ERR,ERR,ERR,ERR,ERR,ERR,ERR,ERR,ERR,ERR,ERR,ERR,ERR,ERR,ERR,ERR,ERR,ERR,ERR,ERR,ERR,ERR,ERR,ERR,ERR,ERR,ERR,ERR,ERR,50.0,60.0,100,0.0,0.0,0.0,0.0,0.0,0.0,0.0,0.0,0.0,0.0,0.0,0.0,0.0,0.0,0.0,0.0,61.6,73,14,65513,50,65476,0,300,0,0,8,20529,65476,0,0,26214,60.0,0.0,0.0,0.0,0.0,0.0
2026-05-17T18:41:14,ERR,ERR,ERR,ERR,ERR,ERR,ERR,ERR,ERR,ERR,ERR,ERR,ERR,ERR,ERR,ERR,ERR,ERR,ERR,ERR,ERR,ERR,ERR,ERR,ERR,ERR,ERR,ERR,ERR,ERR,ERR,ERR,ERR,ERR,ERR,ERR,ERR,ERR,ERR,ERR,ERR,ERR,ERR,ERR,ERR,ERR,ERR,ERR,ERR,ERR,ERR,ERR,ERR,ERR,ERR,ERR,ERR,ERR,ERR,ERR,ERR,ERR,ERR,ERR,ERR,ERR,ERR,ERR,ERR,ERR,ERR,ERR,ERR,ERR,ERR,ERR,ERR,ERR,ERR,ERR,ERR,ERR,ERR,ERR,ERR,ERR,ERR,ERR,ERR,ERR,ERR,ERR,ERR,ERR,ERR,ERR,ERR,ERR,ERR,ERR,ERR,ERR,ERR,ERR,ERR,ERR,ERR,ERR,ERR,ERR,ERR,ERR,ERR,ERR,ERR,ERR,ERR,ERR,ERR,ERR,ERR,ERR,ERR,ERR,ERR,0.0,0.0,-134474944.0,0.0,0.0,1.3936040501711995e+18,7.805,0.0,0,0,4,0,8422,0.0,45,0.0,0.0,0.0,0.0,0.0,0,0,0,0,0.0,0,0,0,0,0,0,0,0,0,0,0,0,0,0,0,0,0,0,0,0,0,0,0,0,0,0,0,0,0,0,0,0,0,38,14,7,45,65476,0,300,0,0,8,21553,0.0,-107605600.0,0.0,0.0,0.0,0.0,0.0,0.0,0.0,0.0,0.0,0.0,0.0,0.0,0.0,0.0,0.0,0.0,0.0,0.0,0.0,0.0,0.0,2.004,-0.0,0.0,0.0,0.0,0.0,0.0,4986.0,-1.0406652570629681e+34,0.0,0.0,0.0,-107615280.0,2.718429300292151e+23,0.0,0.0,0.0,0.0,53,-0.0,-0.0,0.0,0.0,0.0,0.0,0.0,0.0,0.0,0,0,0,0.0,0.0,0.0,0.0,0.0,0.0,0.0,0.0,0.0,0.0,0.0,0.0,0.0,0.0,0.0,0.0,0,-107875648.0,53,0.0,106,-107614832.0,0.0,ERR,ERR,ERR,ERR,ERR,ERR,ERR,ERR,ERR,ERR,ERR,ERR,ERR,ERR,ERR,ERR,ERR,ERR,ERR,ERR,ERR,ERR,ERR,ERR,ERR,ERR,ERR,ERR,ERR,ERR,ERR,ERR,ERR,ERR,ERR,ERR,ERR,ERR,ERR,ERR,ERR,ERR,ERR,ERR,ERR,ERR,ERR,ERR,ERR,ERR,ERR,ERR,ERR,ERR,ERR,ERR,ERR,ERR,ERR,ERR,ERR,ERR,ERR,ERR,ERR,ERR,ERR,50.0,60.0,100,0.0,0.0,0.0,0.0,0.0,0.0,0.0,0.0,0.0,0.0,0.0,0.0,0.0,0.0,0.0,0.0,61.6,73,14,65513,50,65476,0,300,0,0,8,20529,65476,0,0,26214,60.0,0.0,0.0,0.0,0.0,0.0
2026-05-17T18:41:15,ERR,ERR,ERR,ERR,ERR,ERR,ERR,ERR,ERR,ERR,ERR,ERR,ERR,ERR,ERR,ERR,ERR,ERR,ERR,ERR,ERR,ERR,ERR,ERR,ERR,ERR,ERR,ERR,ERR,ERR,ERR,ERR,ERR,ERR,ERR,ERR,ERR,ERR,ERR,ERR,ERR,ERR,ERR,ERR,ERR,ERR,ERR,ERR,ERR,ERR,ERR,ERR,ERR,ERR,ERR,ERR,ERR,ERR,ERR,ERR,ERR,ERR,ERR,ERR,ERR,ERR,ERR,ERR,ERR,ERR,ERR,ERR,ERR,ERR,ERR,ERR,ERR,ERR,ERR,ERR,ERR,ERR,ERR,ERR,ERR,ERR,ERR,ERR,ERR,ERR,ERR,ERR,ERR,ERR,ERR,ERR,ERR,ERR,ERR,ERR,ERR,ERR,ERR,ERR,ERR,ERR,ERR,ERR,ERR,ERR,ERR,ERR,ERR,ERR,ERR,ERR,ERR,ERR,ERR,ERR,ERR,ERR,ERR,ERR,ERR,0.0,0.0,-134474944.0,0.0,0.0,1.3936040501711995e+18,7.805,0.0,0,0,4,0,8422,0.0,45,0.0,0.0,0.0,0.0,0.0,0,0,0,0,0.0,0,0,0,0,0,0,0,0,0,0,0,0,0,0,0,0,0,0,0,0,0,0,0,0,0,0,0,0,0,0,0,0,0,38,14,7,45,65476,0,300,0,0,8,21553,0.0,-107605600.0,0.0,0.0,0.0,0.0,0.0,0.0,0.0,0.0,0.0,0.0,0.0,0.0,0.0,0.0,0.0,0.0,0.0,0.0,0.0,0.0,0.0,2.004,-0.0,0.0,0.0,0.0,0.0,0.0,4986.0,-1.0406652570629681e+34,0.0,0.0,0.0,-107615280.0,2.718429300292151e+23,0.0,0.0,0.0,0.0,53,-0.0,-0.0,0.0,0.0,0.0,0.0,0.0,0.0,0.0,0,0,0,0.0,0.0,0.0,0.0,0.0,0.0,0.0,0.0,0.0,0.0,0.0,0.0,0.0,0.0,0.0,0.0,0,-107875648.0,53,0.0,106,-107614832.0,0.0,ERR,ERR,ERR,ERR,ERR,ERR,ERR,ERR,ERR,ERR,ERR,ERR,ERR,ERR,ERR,ERR,ERR,ERR,ERR,ERR,ERR,ERR,ERR,ERR,ERR,ERR,ERR,ERR,ERR,ERR,ERR,ERR,ERR,ERR,ERR,ERR,ERR,ERR,ERR,ERR,ERR,ERR,ERR,ERR,ERR,ERR,ERR,ERR,ERR,ERR,ERR,ERR,ERR,ERR,ERR,ERR,ERR,ERR,ERR,ERR,ERR,ERR,ERR,ERR,ERR,ERR,ERR,50.0,60.0,100,0.0,0.0,0.0,0.0,0.0,0.0,0.0,0.0,0.0,0.0,0.0,0.0,0.0,0.0,0.0,0.0,61.6,73,14,65513,50,65476,0,300,0,0,8,20529,65476,0,0,26214,60.0,0.0,0.0,0.0,0.0,0.0
2026-05-17T18:41:16,ERR,ERR,ERR,ERR,ERR,ERR,ERR,ERR,ERR,ERR,ERR,ERR,ERR,ERR,ERR,ERR,ERR,ERR,ERR,ERR,ERR,ERR,ERR,ERR,ERR,ERR,ERR,ERR,ERR,ERR,ERR,ERR,ERR,ERR,ERR,ERR,ERR,ERR,ERR,ERR,ERR,ERR,ERR,ERR,ERR,ERR,ERR,ERR,ERR,ERR,ERR,ERR,ERR,ERR,ERR,ERR,ERR,ERR,ERR,ERR,ERR,ERR,ERR,ERR,ERR,ERR,ERR,ERR,ERR,ERR,ERR,ERR,ERR,ERR,ERR,ERR,ERR,ERR,ERR,ERR,ERR,ERR,ERR,ERR,ERR,ERR,ERR,ERR,ERR,ERR,ERR,ERR,ERR,ERR,ERR,ERR,ERR,ERR,ERR,ERR,ERR,ERR,ERR,ERR,ERR,ERR,ERR,ERR,ERR,ERR,ERR,ERR,ERR,ERR,ERR,ERR,ERR,ERR,ERR,ERR,ERR,ERR,ERR,ERR,ERR,0.0,0.0,-134474944.0,0.0,0.0,1.3936040501711995e+18,7.805,0.0,0,0,4,0,8422,0.0,45,0.0,0.0,0.0,0.0,0.0,0,0,0,0,0.0,0,0,0,0,0,0,0,0,0,0,0,0,0,0,0,0,0,0,0,0,0,0,0,0,0,0,0,0,0,0,0,0,0,38,14,7,45,65476,0,300,0,0,8,21553,0.0,-107605600.0,0.0,0.0,0.0,0.0,0.0,0.0,0.0,0.0,0.0,0.0,0.0,0.0,0.0,0.0,0.0,0.0,0.0,0.0,0.0,0.0,0.0,2.004,-0.0,0.0,0.0,0.0,0.0,0.0,4986.0,-1.0406652570629681e+34,0.0,0.0,0.0,-107615280.0,2.718429300292151e+23,0.0,0.0,0.0,0.0,53,-0.0,-0.0,0.0,0.0,0.0,0.0,0.0,0.0,0.0,0,0,0,0.0,0.0,0.0,0.0,0.0,0.0,0.0,0.0,0.0,0.0,0.0,0.0,0.0,0.0,0.0,0.0,0,-107875648.0,53,0.0,106,-107614832.0,0.0,ERR,ERR,ERR,ERR,ERR,ERR,ERR,ERR,ERR,ERR,ERR,ERR,ERR,ERR,ERR,ERR,ERR,ERR,ERR,ERR,ERR,ERR,ERR,ERR,ERR,ERR,ERR,ERR,ERR,ERR,ERR,ERR,ERR,ERR,ERR,ERR,ERR,ERR,ERR,ERR,ERR,ERR,ERR,ERR,ERR,ERR,ERR,ERR,ERR,ERR,ERR,ERR,ERR,ERR,ERR,ERR,ERR,ERR,ERR,ERR,ERR,ERR,ERR,ERR,ERR,ERR,ERR,50.0,60.0,100,0.0,0.0,0.0,0.0,0.0,0.0,0.0,0.0,0.0,0.0,0.0,0.0,0.0,0.0,0.0,0.0,61.6,73,14,65513,50,65476,0,300,0,0,8,20529,65476,0,0,26214,60.0,0.0,0.0,0.0,0.0,0.0
2026-05-17T18:41:17,ERR,ERR,ERR,ERR,ERR,ERR,ERR,ERR,ERR,ERR,ERR,ERR,ERR,ERR,ERR,ERR,ERR,ERR,ERR,ERR,ERR,ERR,ERR,ERR,ERR,ERR,ERR,ERR,ERR,ERR,ERR,ERR,ERR,ERR,ERR,ERR,ERR,ERR,ERR,ERR,ERR,ERR,ERR,ERR,ERR,ERR,ERR,ERR,ERR,ERR,ERR,ERR,ERR,ERR,ERR,ERR,ERR,ERR,ERR,ERR,ERR,ERR,ERR,ERR,ERR,ERR,ERR,ERR,ERR,ERR,ERR,ERR,ERR,ERR,ERR,ERR,ERR,ERR,ERR,ERR,ERR,ERR,ERR,ERR,ERR,ERR,ERR,ERR,ERR,ERR,ERR,ERR,ERR,ERR,ERR,ERR,ERR,ERR,ERR,ERR,ERR,ERR,ERR,ERR,ERR,ERR,ERR,ERR,ERR,ERR,ERR,ERR,ERR,ERR,ERR,ERR,ERR,ERR,ERR,ERR,ERR,ERR,ERR,ERR,ERR,0.0,0.0,-134474944.0,0.0,0.0,1.3936040501711995e+18,7.805,0.0,0,0,4,0,8422,0.0,45,0.0,0.0,0.0,0.0,0.0,0,0,0,0,0.0,0,0,0,0,0,0,0,0,0,0,0,0,0,0,0,0,0,0,0,0,0,0,0,0,0,0,0,0,0,0,0,0,0,38,14,7,45,65476,0,300,0,0,8,21553,0.0,-107605600.0,0.0,0.0,0.0,0.0,0.0,0.0,0.0,0.0,0.0,0.0,0.0,0.0,0.0,0.0,0.0,0.0,0.0,0.0,0.0,0.0,0.0,2.004,-0.0,0.0,0.0,0.0,0.0,0.0,4986.0,-1.0406652570629681e+34,0.0,0.0,0.0,-107615280.0,2.718429300292151e+23,0.0,0.0,0.0,0.0,53,-0.0,-0.0,0.0,0.0,0.0,0.0,0.0,0.0,0.0,0,0,0,0.0,0.0,0.0,0.0,0.0,0.0,0.0,0.0,0.0,0.0,0.0,0.0,0.0,0.0,0.0,0.0,0,-107875648.0,53,0.0,106,-107614832.0,0.0,ERR,ERR,ERR,ERR,ERR,ERR,ERR,ERR,ERR,ERR,ERR,ERR,ERR,ERR,ERR,ERR,ERR,ERR,ERR,ERR,ERR,ERR,ERR,ERR,ERR,ERR,ERR,ERR,ERR,ERR,ERR,ERR,ERR,ERR,ERR,ERR,ERR,ERR,ERR,ERR,ERR,ERR,ERR,ERR,ERR,ERR,ERR,ERR,ERR,ERR,ERR,ERR,ERR,ERR,ERR,ERR,ERR,ERR,ERR,ERR,ERR,ERR,ERR,ERR,ERR,ERR,ERR,50.0,60.0,100,0.0,0.0,0.0,0.0,0.0,0.0,0.0,0.0,0.0,0.0,0.0,0.0,0.0,0.0,0.0,0.0,61.6,73,14,65513,50,65476,0,300,0,0,8,20529,65476,0,0,26214,60.0,0.0,0.0,0.0,0.0,0.0
2026-05-17T18:41:18,ERR,ERR,ERR,ERR,ERR,ERR,ERR,ERR,ERR,ERR,ERR,ERR,ERR,ERR,ERR,ERR,ERR,ERR,ERR,ERR,ERR,ERR,ERR,ERR,ERR,ERR,ERR,ERR,ERR,ERR,ERR,ERR,ERR,ERR,ERR,ERR,ERR,ERR,ERR,ERR,ERR,ERR,ERR,ERR,ERR,ERR,ERR,ERR,ERR,ERR,ERR,ERR,ERR,ERR,ERR,ERR,ERR,ERR,ERR,ERR,ERR,ERR,ERR,ERR,ERR,ERR,ERR,ERR,ERR,ERR,ERR,ERR,ERR,ERR,ERR,ERR,ERR,ERR,ERR,ERR,ERR,ERR,ERR,ERR,ERR,ERR,ERR,ERR,ERR,ERR,ERR,ERR,ERR,ERR,ERR,ERR,ERR,ERR,ERR,ERR,ERR,ERR,ERR,ERR,ERR,ERR,ERR,ERR,ERR,ERR,ERR,ERR,ERR,ERR,ERR,ERR,ERR,ERR,ERR,ERR,ERR,ERR,ERR,ERR,ERR,0.0,0.0,0.0,0.0,0.0,1.3936040501711995e+18,7.805,0.0,0,0,4,0,8422,0.0,45,0.0,0.0,0.0,0.0,0.0,0,0,0,0,0.0,0,0,0,0,0,0,0,0,0,0,0,0,0,0,0,0,0,0,0,0,0,0,0,0,0,0,0,0,0,0,0,0,0,38,14,7,45,65476,0,300,0,0,8,21553,0.0,-107605600.0,0.0,0.0,0.0,0.0,0.0,0.0,0.0,0.0,0.0,0.0,0.0,0.0,0.0,0.0,0.0,0.0,0.0,0.0,0.0,0.0,2.004,2.004,-0.0,0.0,0.0,0.0,0.0,0.0,4985.0,-8608181248.0,0.0,0.0,0.0,-107615280.0,2.718429300292151e+23,0.0,0.0,0.0,0.0,53,-0.0,4.066853280225235e+29,0.0,0.0,0.0,0.0,0.0,0.0,0.0,0,0,0,0.0,0.0,0.0,0.0,0.0,0.0,0.0,0.0,0.0,0.0,0.0,0.0,0.0,0.0,0.0,0.0,0,-107875648.0,53,0.0,106,-107614832.0,0.0,ERR,ERR,ERR,ERR,ERR,ERR,ERR,ERR,ERR,ERR,ERR,ERR,ERR,ERR,ERR,ERR,ERR,ERR,ERR,ERR,ERR,ERR,ERR,ERR,ERR,ERR,ERR,ERR,ERR,ERR,ERR,ERR,ERR,ERR,ERR,ERR,ERR,ERR,ERR,ERR,ERR,ERR,ERR,ERR,ERR,ERR,ERR,ERR,ERR,ERR,ERR,ERR,ERR,ERR,ERR,ERR,ERR,ERR,ERR,ERR,ERR,ERR,ERR,ERR,ERR,ERR,ERR,50.0,60.0,100,0.0,0.0,0.0,0.0,0.0,0.0,0.0,0.0,0.0,0.0,0.0,0.0,0.0,0.0,0.0,0.0,61.6,73,14,65513,50,65476,0,300,0,0,8,20529,65476,0,0,26214,60.0,0.0,0.0,0.0,0.0,0.0
2026-05-17T18:41:19,ERR,ERR,ERR,ERR,ERR,ERR,ERR,ERR,ERR,ERR,ERR,ERR,ERR,ERR,ERR,ERR,ERR,ERR,ERR,ERR,ERR,ERR,ERR,ERR,ERR,ERR,ERR,ERR,ERR,ERR,ERR,ERR,ERR,ERR,ERR,ERR,ERR,ERR,ERR,ERR,ERR,ERR,ERR,ERR,ERR,ERR,ERR,ERR,ERR,ERR,ERR,ERR,ERR,ERR,ERR,ERR,ERR,ERR,ERR,ERR,ERR,ERR,ERR,ERR,ERR,ERR,ERR,ERR,ERR,ERR,ERR,ERR,ERR,ERR,ERR,ERR,ERR,ERR,ERR,ERR,ERR,ERR,ERR,ERR,ERR,ERR,ERR,ERR,ERR,ERR,ERR,ERR,ERR,ERR,ERR,ERR,ERR,ERR,ERR,ERR,ERR,ERR,ERR,ERR,ERR,ERR,ERR,ERR,ERR,ERR,ERR,ERR,ERR,ERR,ERR,ERR,ERR,ERR,ERR,ERR,ERR,ERR,ERR,ERR,ERR,0.0,0.0,0.0,0.0,0.0,1.3936040501711995e+18,7.805,0.0,0,0,4,0,8422,0.0,45,0.0,0.0,0.0,0.0,0.0,0,0,0,0,0.0,0,0,0,0,0,0,0,0,0,0,0,0,0,0,0,0,0,0,0,0,0,0,0,0,0,0,0,0,0,0,0,0,0,38,14,7,45,65476,0,300,0,0,8,21553,0.0,-107605600.0,0.0,0.0,0.0,0.0,0.0,0.0,0.0,0.0,0.0,0.0,0.0,0.0,0.0,0.0,0.0,0.0,0.0,0.0,0.0,0.0,2.004,2.004,-0.0,0.0,0.0,0.0,0.0,0.0,4985.0,-8608181248.0,0.0,0.0,0.0,-107615280.0,2.718429300292151e+23,0.0,0.0,0.0,0.0,53,-0.0,4.066853280225235e+29,0.0,0.0,0.0,0.0,0.0,0.0,0.0,0,0,0,0.0,0.0,0.0,0.0,0.0,0.0,0.0,0.0,0.0,0.0,0.0,0.0,0.0,0.0,0.0,0.0,0,-107875648.0,53,0.0,106,-107614832.0,0.0,ERR,ERR,ERR,ERR,ERR,ERR,ERR,ERR,ERR,ERR,ERR,ERR,ERR,ERR,ERR,ERR,ERR,ERR,ERR,ERR,ERR,ERR,ERR,ERR,ERR,ERR,ERR,ERR,ERR,ERR,ERR,ERR,ERR,ERR,ERR,ERR,ERR,ERR,ERR,ERR,ERR,ERR,ERR,ERR,ERR,ERR,ERR,ERR,ERR,ERR,ERR,ERR,ERR,ERR,ERR,ERR,ERR,ERR,ERR,ERR,ERR,ERR,ERR,ERR,ERR,ERR,ERR,50.0,60.0,100,0.0,0.0,0.0,0.0,0.0,0.0,0.0,0.0,0.0,0.0,0.0,0.0,0.0,0.0,0.0,0.0,61.6,73,14,65513,50,65476,0,300,0,0,8,20529,65476,0,0,26214,60.0,0.0,0.0,0.0,0.0,0.0
2026-05-17T18:41:20,ERR,ERR,ERR,ERR,ERR,ERR,ERR,ERR,ERR,ERR,ERR,ERR,ERR,ERR,ERR,ERR,ERR,ERR,ERR,ERR,ERR,ERR,ERR,ERR,ERR,ERR,ERR,ERR,ERR,ERR,ERR,ERR,ERR,ERR,ERR,ERR,ERR,ERR,ERR,ERR,ERR,ERR,ERR,ERR,ERR,ERR,ERR,ERR,ERR,ERR,ERR,ERR,ERR,ERR,ERR,ERR,ERR,ERR,ERR,ERR,ERR,ERR,ERR,ERR,ERR,ERR,ERR,ERR,ERR,ERR,ERR,ERR,ERR,ERR,ERR,ERR,ERR,ERR,ERR,ERR,ERR,ERR,ERR,ERR,ERR,ERR,ERR,ERR,ERR,ERR,ERR,ERR,ERR,ERR,ERR,ERR,ERR,ERR,ERR,ERR,ERR,ERR,ERR,ERR,ERR,ERR,ERR,ERR,ERR,ERR,ERR,ERR,ERR,ERR,ERR,ERR,ERR,ERR,ERR,ERR,ERR,ERR,ERR,ERR,ERR,0.0,0.0,0.0,0.0,0.0,1.3936040501711995e+18,7.805,0.0,0,0,4,0,8422,0.0,45,0.0,0.0,0.0,0.0,0.0,0,0,0,0,0.0,0,0,0,0,0,0,0,0,0,0,0,0,0,0,0,0,0,0,0,0,0,0,0,0,0,0,0,0,0,0,0,0,0,38,14,7,45,65476,0,300,0,0,8,21553,0.0,-107605600.0,0.0,0.0,0.0,0.0,0.0,0.0,0.0,0.0,0.0,0.0,0.0,0.0,0.0,0.0,0.0,0.0,0.0,0.0,0.0,0.0,2.004,2.004,-0.0,0.0,0.0,0.0,0.0,0.0,4985.0,-8608181248.0,0.0,0.0,0.0,-107615280.0,2.718429300292151e+23,0.0,0.0,0.0,0.0,53,-0.0,4.066853280225235e+29,0.0,0.0,0.0,0.0,0.0,0.0,0.0,0,0,0,0.0,0.0,0.0,0.0,0.0,0.0,0.0,0.0,0.0,0.0,0.0,0.0,0.0,0.0,0.0,0.0,0,-107875648.0,53,0.0,106,-107614832.0,0.0,ERR,ERR,ERR,ERR,ERR,ERR,ERR,ERR,ERR,ERR,ERR,ERR,ERR,ERR,ERR,ERR,ERR,ERR,ERR,ERR,ERR,ERR,ERR,ERR,ERR,ERR,ERR,ERR,ERR,ERR,ERR,ERR,ERR,ERR,ERR,ERR,ERR,ERR,ERR,ERR,ERR,ERR,ERR,ERR,ERR,ERR,ERR,ERR,ERR,ERR,ERR,ERR,ERR,ERR,ERR,ERR,ERR,ERR,ERR,ERR,ERR,ERR,ERR,ERR,ERR,ERR,ERR,50.0,60.0,100,0.0,0.0,0.0,0.0,0.0,0.0,0.0,0.0,0.0,0.0,0.0,0.0,0.0,0.0,0.0,0.0,61.6,73,14,65513,50,65476,0,300,0,0,8,20529,65476,0,0,26214,60.0,0.0,0.0,0.0,0.0,0.0
2026-05-17T18:41:21,ERR,ERR,ERR,ERR,ERR,ERR,ERR,ERR,ERR,ERR,ERR,ERR,ERR,ERR,ERR,ERR,ERR,ERR,ERR,ERR,ERR,ERR,ERR,ERR,ERR,ERR,ERR,ERR,ERR,ERR,ERR,ERR,ERR,ERR,ERR,ERR,ERR,ERR,ERR,ERR,ERR,ERR,ERR,ERR,ERR,ERR,ERR,ERR,ERR,ERR,ERR,ERR,ERR,ERR,ERR,ERR,ERR,ERR,ERR,ERR,ERR,ERR,ERR,ERR,ERR,ERR,ERR,ERR,ERR,ERR,ERR,ERR,ERR,ERR,ERR,ERR,ERR,ERR,ERR,ERR,ERR,ERR,ERR,ERR,ERR,ERR,ERR,ERR,ERR,ERR,ERR,ERR,ERR,ERR,ERR,ERR,ERR,ERR,ERR,ERR,ERR,ERR,ERR,ERR,ERR,ERR,ERR,ERR,ERR,ERR,ERR,ERR,ERR,ERR,ERR,ERR,ERR,ERR,ERR,ERR,ERR,ERR,ERR,ERR,ERR,0.0,0.0,0.0,0.0,0.0,1.3936040501711995e+18,7.805,0.0,0,0,4,0,8422,0.0,45,0.0,0.0,0.0,0.0,0.0,0,0,0,0,0.0,0,0,0,0,0,0,0,0,0,0,0,0,0,0,0,0,0,0,0,0,0,0,0,0,0,0,0,0,0,0,0,0,0,38,14,7,45,65476,0,300,0,0,8,21553,0.0,-107605600.0,0.0,0.0,0.0,0.0,0.0,0.0,0.0,0.0,0.0,0.0,0.0,0.0,0.0,0.0,0.0,0.0,0.0,0.0,0.0,0.0,2.004,2.004,-0.0,0.0,0.0,0.0,0.0,0.0,4985.0,-8608181248.0,0.0,0.0,0.0,-107615280.0,2.718429300292151e+23,0.0,0.0,0.0,0.0,53,-0.0,4.066853280225235e+29,0.0,0.0,0.0,0.0,0.0,0.0,0.0,0,0,0,0.0,0.0,0.0,0.0,0.0,0.0,0.0,0.0,0.0,0.0,0.0,0.0,0.0,0.0,0.0,0.0,0,-107875648.0,53,0.0,106,-107614832.0,0.0,ERR,ERR,ERR,ERR,ERR,ERR,ERR,ERR,ERR,ERR,ERR,ERR,ERR,ERR,ERR,ERR,ERR,ERR,ERR,ERR,ERR,ERR,ERR,ERR,ERR,ERR,ERR,ERR,ERR,ERR,ERR,ERR,ERR,ERR,ERR,ERR,ERR,ERR,ERR,ERR,ERR,ERR,ERR,ERR,ERR,ERR,ERR,ERR,ERR,ERR,ERR,ERR,ERR,ERR,ERR,ERR,ERR,ERR,ERR,ERR,ERR,ERR,ERR,ERR,ERR,ERR,ERR,50.0,60.0,100,0.0,0.0,0.0,0.0,0.0,0.0,0.0,0.0,0.0,0.0,0.0,0.0,0.0,0.0,0.0,0.0,61.6,73,14,65513,50,65476,0,300,0,0,8,20529,65476,0,0,26214,60.0,0.0,0.0,0.0,0.0,0.0
2026-05-17T18:41:22,ERR,ERR,ERR,ERR,ERR,ERR,ERR,ERR,ERR,ERR,ERR,ERR,ERR,ERR,ERR,ERR,ERR,ERR,ERR,ERR,ERR,ERR,ERR,ERR,ERR,ERR,ERR,ERR,ERR,ERR,ERR,ERR,ERR,ERR,ERR,ERR,ERR,ERR,ERR,ERR,ERR,ERR,ERR,ERR,ERR,ERR,ERR,ERR,ERR,ERR,ERR,ERR,ERR,ERR,ERR,ERR,ERR,ERR,ERR,ERR,ERR,ERR,ERR,ERR,ERR,ERR,ERR,ERR,ERR,ERR,ERR,ERR,ERR,ERR,ERR,ERR,ERR,ERR,ERR,ERR,ERR,ERR,ERR,ERR,ERR,ERR,ERR,ERR,ERR,ERR,ERR,ERR,ERR,ERR,ERR,ERR,ERR,ERR,ERR,ERR,ERR,ERR,ERR,ERR,ERR,ERR,ERR,ERR,ERR,ERR,ERR,ERR,ERR,ERR,ERR,ERR,ERR,ERR,ERR,ERR,ERR,ERR,ERR,ERR,ERR,0.0,0.0,0.0,0.0,0.0,1.3936040501711995e+18,7.805,0.0,0,0,4,0,8422,0.0,45,0.0,0.0,0.0,0.0,0.0,0,0,0,0,0.0,0,0,0,0,0,0,0,0,0,0,0,0,0,0,0,0,0,0,0,0,0,0,0,0,0,0,0,0,0,0,0,0,0,38,14,7,45,65476,0,300,0,0,8,21553,0.0,-107605600.0,0.0,0.0,0.0,0.0,0.0,0.0,0.0,0.0,0.0,0.0,0.0,0.0,0.0,0.0,0.0,0.0,0.0,0.0,0.0,0.0,2.004,2.004,-0.0,0.0,0.0,0.0,0.0,0.0,4985.0,-8608181248.0,0.0,0.0,0.0,-107615280.0,2.718429300292151e+23,0.0,0.0,0.0,0.0,53,-0.0,4.066853280225235e+29,0.0,0.0,0.0,0.0,0.0,0.0,0.0,0,0,0,0.0,0.0,0.0,0.0,0.0,0.0,0.0,0.0,0.0,0.0,0.0,0.0,0.0,0.0,0.0,0.0,0,-107875648.0,53,0.0,106,-107614832.0,0.0,ERR,ERR,ERR,ERR,ERR,ERR,ERR,ERR,ERR,ERR,ERR,ERR,ERR,ERR,ERR,ERR,ERR,ERR,ERR,ERR,ERR,ERR,ERR,ERR,ERR,ERR,ERR,ERR,ERR,ERR,ERR,ERR,ERR,ERR,ERR,ERR,ERR,ERR,ERR,ERR,ERR,ERR,ERR,ERR,ERR,ERR,ERR,ERR,ERR,ERR,ERR,ERR,ERR,ERR,ERR,ERR,ERR,ERR,ERR,ERR,ERR,ERR,ERR,ERR,ERR,ERR,ERR,50.0,60.0,100,0.0,0.0,0.0,0.0,0.0,0.0,0.0,0.0,0.0,0.0,0.0,0.0,0.0,0.0,0.0,0.0,61.6,73,14,65513,50,65476,0,300,0,0,8,20529,65476,0,0,26214,60.0,0.0,0.0,0.0,0.0,0.0
2026-05-17T18:41:23,ERR,ERR,ERR,ERR,ERR,ERR,ERR,ERR,ERR,ERR,ERR,ERR,ERR,ERR,ERR,ERR,ERR,ERR,ERR,ERR,ERR,ERR,ERR,ERR,ERR,ERR,ERR,ERR,ERR,ERR,ERR,ERR,ERR,ERR,ERR,ERR,ERR,ERR,ERR,ERR,ERR,ERR,ERR,ERR,ERR,ERR,ERR,ERR,ERR,ERR,ERR,ERR,ERR,ERR,ERR,ERR,ERR,ERR,ERR,ERR,ERR,ERR,ERR,ERR,ERR,ERR,ERR,ERR,ERR,ERR,ERR,ERR,ERR,ERR,ERR,ERR,ERR,ERR,ERR,ERR,ERR,ERR,ERR,ERR,ERR,ERR,ERR,ERR,ERR,ERR,ERR,ERR,ERR,ERR,ERR,ERR,ERR,ERR,ERR,ERR,ERR,ERR,ERR,ERR,ERR,ERR,ERR,ERR,ERR,ERR,ERR,ERR,ERR,ERR,ERR,ERR,ERR,ERR,ERR,ERR,ERR,ERR,ERR,ERR,ERR,0.0,0.0,0.0,0.0,0.0,1.3936040501711995e+18,7.805,0.0,0,0,4,0,8422,0.0,45,0.0,0.0,0.0,0.0,0.0,0,0,0,0,0.0,0,0,0,0,0,0,0,0,0,0,0,0,0,0,0,0,0,0,0,0,0,0,0,0,0,0,0,0,0,0,0,0,0,38,14,7,45,65476,0,300,0,0,8,21553,0.0,-107605600.0,0.0,0.0,0.0,0.0,0.0,0.0,0.0,0.0,0.0,0.0,0.0,0.0,0.0,0.0,0.0,0.0,0.0,0.0,0.0,0.0,0.0,2.004,-0.0,0.0,0.0,0.0,0.0,0.0,5019.0,0.0,0.0,0.0,0.0,-107615280.0,2.718429300292151e+23,0.0,0.0,0.0,0.0,53,-0.0,-0.0,0.0,0.0,0.0,0.0,0.0,0.0,0.0,0,0,0,0.0,0.0,0.0,0.0,0.0,0.0,0.0,0.0,0.0,0.0,0.0,0.0,0.0,0.0,0.0,0.0,0,-107875648.0,53,0.0,106,-107614832.0,0.0,ERR,ERR,ERR,ERR,ERR,ERR,ERR,ERR,ERR,ERR,ERR,ERR,ERR,ERR,ERR,ERR,ERR,ERR,ERR,ERR,ERR,ERR,ERR,ERR,ERR,ERR,ERR,ERR,ERR,ERR,ERR,ERR,ERR,ERR,ERR,ERR,ERR,ERR,ERR,ERR,ERR,ERR,ERR,ERR,ERR,ERR,ERR,ERR,ERR,ERR,ERR,ERR,ERR,ERR,ERR,ERR,ERR,ERR,ERR,ERR,ERR,ERR,ERR,ERR,ERR,ERR,ERR,50.0,60.0,100,0.0,0.0,0.0,0.0,0.0,0.0,0.0,0.0,0.0,0.0,0.0,0.0,0.0,0.0,0.0,0.0,61.6,73,14,65513,50,65476,0,300,0,0,8,20529,65476,0,0,26214,60.0,0.0,0.0,0.0,0.0,0.0
2026-05-17T18:41:24,ERR,ERR,ERR,ERR,ERR,ERR,ERR,ERR,ERR,ERR,ERR,ERR,ERR,ERR,ERR,ERR,ERR,ERR,ERR,ERR,ERR,ERR,ERR,ERR,ERR,ERR,ERR,ERR,ERR,ERR,ERR,ERR,ERR,ERR,ERR,ERR,ERR,ERR,ERR,ERR,ERR,ERR,ERR,ERR,ERR,ERR,ERR,ERR,ERR,ERR,ERR,ERR,ERR,ERR,ERR,ERR,ERR,ERR,ERR,ERR,ERR,ERR,ERR,ERR,ERR,ERR,ERR,ERR,ERR,ERR,ERR,ERR,ERR,ERR,ERR,ERR,ERR,ERR,ERR,ERR,ERR,ERR,ERR,ERR,ERR,ERR,ERR,ERR,ERR,ERR,ERR,ERR,ERR,ERR,ERR,ERR,ERR,ERR,ERR,ERR,ERR,ERR,ERR,ERR,ERR,ERR,ERR,ERR,ERR,ERR,ERR,ERR,ERR,ERR,ERR,ERR,ERR,ERR,ERR,ERR,ERR,ERR,ERR,ERR,ERR,0.0,0.0,0.0,0.0,0.0,1.3936040501711995e+18,7.805,0.0,0,0,4,0,8422,0.0,45,0.0,0.0,0.0,0.0,0.0,0,0,0,0,0.0,0,0,0,0,0,0,0,0,0,0,0,0,0,0,0,0,0,0,0,0,0,0,0,0,0,0,0,0,0,0,0,0,0,38,14,7,45,65476,0,300,0,0,8,21553,0.0,-107605600.0,0.0,0.0,0.0,0.0,0.0,0.0,0.0,0.0,0.0,0.0,0.0,0.0,0.0,0.0,0.0,0.0,0.0,0.0,0.0,0.0,0.0,2.004,-0.0,0.0,0.0,0.0,0.0,0.0,5019.0,0.0,0.0,0.0,0.0,-107615280.0,2.718429300292151e+23,0.0,0.0,0.0,0.0,53,-0.0,-0.0,0.0,0.0,0.0,0.0,0.0,0.0,0.0,0,0,0,0.0,0.0,0.0,0.0,0.0,0.0,0.0,0.0,0.0,0.0,0.0,0.0,0.0,0.0,0.0,0.0,0,-107875648.0,53,0.0,106,-107614832.0,0.0,ERR,ERR,ERR,ERR,ERR,ERR,ERR,ERR,ERR,ERR,ERR,ERR,ERR,ERR,ERR,ERR,ERR,ERR,ERR,ERR,ERR,ERR,ERR,ERR,ERR,ERR,ERR,ERR,ERR,ERR,ERR,ERR,ERR,ERR,ERR,ERR,ERR,ERR,ERR,ERR,ERR,ERR,ERR,ERR,ERR,ERR,ERR,ERR,ERR,ERR,ERR,ERR,ERR,ERR,ERR,ERR,ERR,ERR,ERR,ERR,ERR,ERR,ERR,ERR,ERR,ERR,ERR,50.0,60.0,100,0.0,0.0,0.0,0.0,0.0,0.0,0.0,0.0,0.0,0.0,0.0,0.0,0.0,0.0,0.0,0.0,61.6,73,14,65513,50,65476,0,300,0,0,8,20529,65476,0,0,26214,60.0,0.0,0.0,0.0,0.0,0.0
2026-05-17T18:41:25,ERR,ERR,ERR,ERR,ERR,ERR,ERR,ERR,ERR,ERR,ERR,ERR,ERR,ERR,ERR,ERR,ERR,ERR,ERR,ERR,ERR,ERR,ERR,ERR,ERR,ERR,ERR,ERR,ERR,ERR,ERR,ERR,ERR,ERR,ERR,ERR,ERR,ERR,ERR,ERR,ERR,ERR,ERR,ERR,ERR,ERR,ERR,ERR,ERR,ERR,ERR,ERR,ERR,ERR,ERR,ERR,ERR,ERR,ERR,ERR,ERR,ERR,ERR,ERR,ERR,ERR,ERR,ERR,ERR,ERR,ERR,ERR,ERR,ERR,ERR,ERR,ERR,ERR,ERR,ERR,ERR,ERR,ERR,ERR,ERR,ERR,ERR,ERR,ERR,ERR,ERR,ERR,ERR,ERR,ERR,ERR,ERR,ERR,ERR,ERR,ERR,ERR,ERR,ERR,ERR,ERR,ERR,ERR,ERR,ERR,ERR,ERR,ERR,ERR,ERR,ERR,ERR,ERR,ERR,ERR,ERR,ERR,ERR,ERR,ERR,0.0,0.0,0.0,0.0,0.0,1.3936040501711995e+18,7.805,0.0,0,0,4,0,8422,0.0,45,0.0,0.0,0.0,0.0,0.0,0,0,0,0,0.0,0,0,0,0,0,0,0,0,0,0,0,0,0,0,0,0,0,0,0,0,0,0,0,0,0,0,0,0,0,0,0,0,0,38,14,7,45,65476,0,300,0,0,8,21553,0.0,-107605600.0,0.0,0.0,0.0,0.0,0.0,0.0,0.0,0.0,0.0,0.0,0.0,0.0,0.0,0.0,0.0,0.0,0.0,0.0,0.0,0.0,0.0,2.004,-0.0,0.0,0.0,0.0,0.0,0.0,5019.0,0.0,0.0,0.0,0.0,-107615280.0,2.718429300292151e+23,0.0,0.0,0.0,0.0,53,-0.0,-0.0,0.0,0.0,0.0,0.0,0.0,0.0,0.0,0,0,0,0.0,0.0,0.0,0.0,0.0,0.0,0.0,0.0,0.0,0.0,0.0,0.0,0.0,0.0,0.0,0.0,0,-107875648.0,53,0.0,106,-107614832.0,0.0,ERR,ERR,ERR,ERR,ERR,ERR,ERR,ERR,ERR,ERR,ERR,ERR,ERR,ERR,ERR,ERR,ERR,ERR,ERR,ERR,ERR,ERR,ERR,ERR,ERR,ERR,ERR,ERR,ERR,ERR,ERR,ERR,ERR,ERR,ERR,ERR,ERR,ERR,ERR,ERR,ERR,ERR,ERR,ERR,ERR,ERR,ERR,ERR,ERR,ERR,ERR,ERR,ERR,ERR,ERR,ERR,ERR,ERR,ERR,ERR,ERR,ERR,ERR,ERR,ERR,ERR,ERR,50.0,60.0,100,0.0,0.0,0.0,0.0,0.0,0.0,0.0,0.0,0.0,0.0,0.0,0.0,0.0,0.0,0.0,0.0,61.6,73,14,65513,50,65476,0,300,0,0,8,20529,65476,0,0,26214,60.0,0.0,0.0,0.0,0.0,0.0
2026-05-17T18:41:26,ERR,ERR,ERR,ERR,ERR,ERR,ERR,ERR,ERR,ERR,ERR,ERR,ERR,ERR,ERR,ERR,ERR,ERR,ERR,ERR,ERR,ERR,ERR,ERR,ERR,ERR,ERR,ERR,ERR,ERR,ERR,ERR,ERR,ERR,ERR,ERR,ERR,ERR,ERR,ERR,ERR,ERR,ERR,ERR,ERR,ERR,ERR,ERR,ERR,ERR,ERR,ERR,ERR,ERR,ERR,ERR,ERR,ERR,ERR,ERR,ERR,ERR,ERR,ERR,ERR,ERR,ERR,ERR,ERR,ERR,ERR,ERR,ERR,ERR,ERR,ERR,ERR,ERR,ERR,ERR,ERR,ERR,ERR,ERR,ERR,ERR,ERR,ERR,ERR,ERR,ERR,ERR,ERR,ERR,ERR,ERR,ERR,ERR,ERR,ERR,ERR,ERR,ERR,ERR,ERR,ERR,ERR,ERR,ERR,ERR,ERR,ERR,ERR,ERR,ERR,ERR,ERR,ERR,ERR,ERR,ERR,ERR,ERR,ERR,ERR,0.0,0.0,0.0,0.0,0.0,1.3936040501711995e+18,7.805,0.0,0,0,4,0,8422,0.0,45,0.0,0.0,0.0,0.0,0.0,0,0,0,0,0.0,0,0,0,0,0,0,0,0,0,0,0,0,0,0,0,0,0,0,0,0,0,0,0,0,0,0,0,0,0,0,0,0,0,38,14,7,45,65476,0,300,0,0,8,21553,0.0,-107605600.0,0.0,0.0,0.0,0.0,0.0,0.0,0.0,0.0,0.0,0.0,0.0,0.0,0.0,0.0,0.0,0.0,0.0,0.0,0.0,0.0,0.0,2.004,-0.0,0.0,0.0,0.0,0.0,0.0,5019.0,0.0,0.0,0.0,0.0,-107615280.0,2.718429300292151e+23,0.0,0.0,0.0,0.0,53,-0.0,-0.0,0.0,0.0,0.0,0.0,0.0,0.0,0.0,0,0,0,0.0,0.0,0.0,0.0,0.0,0.0,0.0,0.0,0.0,0.0,0.0,0.0,0.0,0.0,0.0,0.0,0,-107875648.0,53,0.0,106,-107614832.0,0.0,ERR,ERR,ERR,ERR,ERR,ERR,ERR,ERR,ERR,ERR,ERR,ERR,ERR,ERR,ERR,ERR,ERR,ERR,ERR,ERR,ERR,ERR,ERR,ERR,ERR,ERR,ERR,ERR,ERR,ERR,ERR,ERR,ERR,ERR,ERR,ERR,ERR,ERR,ERR,ERR,ERR,ERR,ERR,ERR,ERR,ERR,ERR,ERR,ERR,ERR,ERR,ERR,ERR,ERR,ERR,ERR,ERR,ERR,ERR,ERR,ERR,ERR,ERR,ERR,ERR,ERR,ERR,50.0,60.0,100,0.0,0.0,0.0,0.0,0.0,0.0,0.0,0.0,0.0,0.0,0.0,0.0,0.0,0.0,0.0,0.0,61.6,73,14,65513,50,65476,0,300,0,0,8,20529,65476,0,0,26214,60.0,0.0,0.0,0.0,0.0,0.0
2026-05-17T18:41:27,ERR,ERR,ERR,ERR,ERR,ERR,ERR,ERR,ERR,ERR,ERR,ERR,ERR,ERR,ERR,ERR,ERR,ERR,ERR,ERR,ERR,ERR,ERR,ERR,ERR,ERR,ERR,ERR,ERR,ERR,ERR,ERR,ERR,ERR,ERR,ERR,ERR,ERR,ERR,ERR,ERR,ERR,ERR,ERR,ERR,ERR,ERR,ERR,ERR,ERR,ERR,ERR,ERR,ERR,ERR,ERR,ERR,ERR,ERR,ERR,ERR,ERR,ERR,ERR,ERR,ERR,ERR,ERR,ERR,ERR,ERR,ERR,ERR,ERR,ERR,ERR,ERR,ERR,ERR,ERR,ERR,ERR,ERR,ERR,ERR,ERR,ERR,ERR,ERR,ERR,ERR,ERR,ERR,ERR,ERR,ERR,ERR,ERR,ERR,ERR,ERR,ERR,ERR,ERR,ERR,ERR,ERR,ERR,ERR,ERR,ERR,ERR,ERR,ERR,ERR,ERR,ERR,ERR,ERR,ERR,ERR,ERR,ERR,ERR,ERR,0.0,0.0,0.0,0.0,0.0,1.3936040501711995e+18,7.805,0.0,0,0,4,0,8422,0.0,45,0.0,0.0,0.0,0.0,0.0,0,0,0,0,0.0,0,0,0,0,0,0,0,0,0,0,0,0,0,0,0,0,0,0,0,0,0,0,0,0,0,0,0,0,0,0,0,0,0,38,14,7,45,65476,0,300,0,0,8,21553,0.0,-107605600.0,0.0,0.0,0.0,0.0,0.0,0.0,0.0,0.0,0.0,0.0,0.0,0.0,0.0,0.0,0.0,0.0,0.0,0.0,0.0,0.0,0.0,2.004,-0.0,0.0,0.0,0.0,0.0,0.0,5019.0,0.0,0.0,0.0,0.0,-107615280.0,2.718429300292151e+23,0.0,0.0,0.0,0.0,53,-0.0,-0.0,0.0,0.0,0.0,0.0,0.0,0.0,0.0,0,0,0,0.0,0.0,0.0,0.0,0.0,0.0,0.0,0.0,0.0,0.0,0.0,0.0,0.0,0.0,0.0,0.0,0,-107875648.0,53,0.0,106,-107614832.0,0.0,ERR,ERR,ERR,ERR,ERR,ERR,ERR,ERR,ERR,ERR,ERR,ERR,ERR,ERR,ERR,ERR,ERR,ERR,ERR,ERR,ERR,ERR,ERR,ERR,ERR,ERR,ERR,ERR,ERR,ERR,ERR,ERR,ERR,ERR,ERR,ERR,ERR,ERR,ERR,ERR,ERR,ERR,ERR,ERR,ERR,ERR,ERR,ERR,ERR,ERR,ERR,ERR,ERR,ERR,ERR,ERR,ERR,ERR,ERR,ERR,ERR,ERR,ERR,ERR,ERR,ERR,ERR,50.0,60.0,100,0.0,0.0,0.0,0.0,0.0,0.0,0.0,0.0,0.0,0.0,0.0,0.0,0.0,0.0,0.0,0.0,61.6,73,14,65513,50,65476,0,300,0,0,8,20529,65476,0,0,26214,60.0,0.0,0.0,0.0,0.0,0.0
2026-05-17T18:41:28,ERR,ERR,ERR,ERR,ERR,ERR,ERR,ERR,ERR,ERR,ERR,ERR,ERR,ERR,ERR,ERR,ERR,ERR,ERR,ERR,ERR,ERR,ERR,ERR,ERR,ERR,ERR,ERR,ERR,ERR,ERR,ERR,ERR,ERR,ERR,ERR,ERR,ERR,ERR,ERR,ERR,ERR,ERR,ERR,ERR,ERR,ERR,ERR,ERR,ERR,ERR,ERR,ERR,ERR,ERR,ERR,ERR,ERR,ERR,ERR,ERR,ERR,ERR,ERR,ERR,ERR,ERR,ERR,ERR,ERR,ERR,ERR,ERR,ERR,ERR,ERR,ERR,ERR,ERR,ERR,ERR,ERR,ERR,ERR,ERR,ERR,ERR,ERR,ERR,ERR,ERR,ERR,ERR,ERR,ERR,ERR,ERR,ERR,ERR,ERR,ERR,ERR,ERR,ERR,ERR,ERR,ERR,ERR,ERR,ERR,ERR,ERR,ERR,ERR,ERR,ERR,ERR,ERR,ERR,ERR,ERR,ERR,ERR,ERR,ERR,0.0,0.0,-134474944.0,0.0,0.0,1.3936040501711995e+18,7.805,0.0,0,0,4,0,8422,0.0,45,0.0,0.0,0.0,0.0,0.0,0,0,0,0,0.0,0,0,0,0,0,0,0,0,0,0,0,0,0,0,0,0,0,0,0,0,0,0,0,0,0,0,0,0,0,0,0,0,0,38,14,7,45,65476,0,300,0,0,8,21553,0.0,-107605600.0,0.0,0.0,0.0,0.0,0.0,0.0,0.0,0.0,0.0,0.0,0.0,0.0,0.0,0.0,0.0,0.0,0.0,0.0,0.0,0.0,2.004,2.004,-0.0,0.0,0.0,0.0,0.0,0.0,5018.0,0.0,0.0,0.0,0.0,-107615280.0,2.718429300292151e+23,0.0,0.0,0.0,0.0,53,-0.0,-71.629,0.0,0.0,0.0,0.0,0.0,0.0,0.0,0,0,0,0.0,0.0,0.0,0.0,0.0,0.0,0.0,0.0,0.0,0.0,0.0,0.0,0.0,0.0,0.0,0.0,0,-107875648.0,53,0.0,106,-107614832.0,0.0,ERR,ERR,ERR,ERR,ERR,ERR,ERR,ERR,ERR,ERR,ERR,ERR,ERR,ERR,ERR,ERR,ERR,ERR,ERR,ERR,ERR,ERR,ERR,ERR,ERR,ERR,ERR,ERR,ERR,ERR,ERR,ERR,ERR,ERR,ERR,ERR,ERR,ERR,ERR,ERR,ERR,ERR,ERR,ERR,ERR,ERR,ERR,ERR,ERR,ERR,ERR,ERR,ERR,ERR,ERR,ERR,ERR,ERR,ERR,ERR,ERR,ERR,ERR,ERR,ERR,ERR,ERR,50.0,60.0,100,0.0,0.0,0.0,0.0,0.0,0.0,0.0,0.0,0.0,0.0,0.0,0.0,0.0,0.0,0.0,0.0,61.6,73,14,65513,50,65476,0,300,0,0,8,20529,65476,0,0,26214,60.0,0.0,0.0,0.0,0.0,0.0
2026-05-17T18:41:29,ERR,ERR,ERR,ERR,ERR,ERR,ERR,ERR,ERR,ERR,ERR,ERR,ERR,ERR,ERR,ERR,ERR,ERR,ERR,ERR,ERR,ERR,ERR,ERR,ERR,ERR,ERR,ERR,ERR,ERR,ERR,ERR,ERR,ERR,ERR,ERR,ERR,ERR,ERR,ERR,ERR,ERR,ERR,ERR,ERR,ERR,ERR,ERR,ERR,ERR,ERR,ERR,ERR,ERR,ERR,ERR,ERR,ERR,ERR,ERR,ERR,ERR,ERR,ERR,ERR,ERR,ERR,ERR,ERR,ERR,ERR,ERR,ERR,ERR,ERR,ERR,ERR,ERR,ERR,ERR,ERR,ERR,ERR,ERR,ERR,ERR,ERR,ERR,ERR,ERR,ERR,ERR,ERR,ERR,ERR,ERR,ERR,ERR,ERR,ERR,ERR,ERR,ERR,ERR,ERR,ERR,ERR,ERR,ERR,ERR,ERR,ERR,ERR,ERR,ERR,ERR,ERR,ERR,ERR,ERR,ERR,ERR,ERR,ERR,ERR,0.0,0.0,-134474944.0,0.0,0.0,1.3936040501711995e+18,7.805,0.0,0,0,4,0,8422,0.0,45,0.0,0.0,0.0,0.0,0.0,0,0,0,0,0.0,0,0,0,0,0,0,0,0,0,0,0,0,0,0,0,0,0,0,0,0,0,0,0,0,0,0,0,0,0,0,0,0,0,38,14,7,45,65476,0,300,0,0,8,21553,0.0,-107605600.0,0.0,0.0,0.0,0.0,0.0,0.0,0.0,0.0,0.0,0.0,0.0,0.0,0.0,0.0,0.0,0.0,0.0,0.0,0.0,0.0,2.004,2.004,-0.0,0.0,0.0,0.0,0.0,0.0,5018.0,0.0,0.0,0.0,0.0,-107615280.0,2.718429300292151e+23,0.0,0.0,0.0,0.0,53,-0.0,-71.629,0.0,0.0,0.0,0.0,0.0,0.0,0.0,0,0,0,0.0,0.0,0.0,0.0,0.0,0.0,0.0,0.0,0.0,0.0,0.0,0.0,0.0,0.0,0.0,0.0,0,-107875648.0,53,0.0,106,-107614832.0,0.0,ERR,ERR,ERR,ERR,ERR,ERR,ERR,ERR,ERR,ERR,ERR,ERR,ERR,ERR,ERR,ERR,ERR,ERR,ERR,ERR,ERR,ERR,ERR,ERR,ERR,ERR,ERR,ERR,ERR,ERR,ERR,ERR,ERR,ERR,ERR,ERR,ERR,ERR,ERR,ERR,ERR,ERR,ERR,ERR,ERR,ERR,ERR,ERR,ERR,ERR,ERR,ERR,ERR,ERR,ERR,ERR,ERR,ERR,ERR,ERR,ERR,ERR,ERR,ERR,ERR,ERR,ERR,50.0,60.0,100,0.0,0.0,0.0,0.0,0.0,0.0,0.0,0.0,0.0,0.0,0.0,0.0,0.0,0.0,0.0,0.0,61.6,73,14,65513,50,65476,0,300,0,0,8,20529,65476,0,0,26214,60.0,0.0,0.0,0.0,0.0,0.0
2026-05-17T18:41:30,ERR,ERR,ERR,ERR,ERR,ERR,ERR,ERR,ERR,ERR,ERR,ERR,ERR,ERR,ERR,ERR,ERR,ERR,ERR,ERR,ERR,ERR,ERR,ERR,ERR,ERR,ERR,ERR,ERR,ERR,ERR,ERR,ERR,ERR,ERR,ERR,ERR,ERR,ERR,ERR,ERR,ERR,ERR,ERR,ERR,ERR,ERR,ERR,ERR,ERR,ERR,ERR,ERR,ERR,ERR,ERR,ERR,ERR,ERR,ERR,ERR,ERR,ERR,ERR,ERR,ERR,ERR,ERR,ERR,ERR,ERR,ERR,ERR,ERR,ERR,ERR,ERR,ERR,ERR,ERR,ERR,ERR,ERR,ERR,ERR,ERR,ERR,ERR,ERR,ERR,ERR,ERR,ERR,ERR,ERR,ERR,ERR,ERR,ERR,ERR,ERR,ERR,ERR,ERR,ERR,ERR,ERR,ERR,ERR,ERR,ERR,ERR,ERR,ERR,ERR,ERR,ERR,ERR,ERR,ERR,ERR,ERR,ERR,ERR,ERR,0.0,0.0,-134474944.0,0.0,0.0,1.3936040501711995e+18,7.805,0.0,0,0,4,0,8422,0.0,45,0.0,0.0,0.0,0.0,0.0,0,0,0,0,0.0,0,0,0,0,0,0,0,0,0,0,0,0,0,0,0,0,0,0,0,0,0,0,0,0,0,0,0,0,0,0,0,0,0,38,14,7,45,65476,0,300,0,0,8,21553,0.0,-107605600.0,0.0,0.0,0.0,0.0,0.0,0.0,0.0,0.0,0.0,0.0,0.0,0.0,0.0,0.0,0.0,0.0,0.0,0.0,0.0,0.0,2.004,2.004,-0.0,0.0,0.0,0.0,0.0,0.0,5018.0,0.0,0.0,0.0,0.0,-107615280.0,2.718429300292151e+23,0.0,0.0,0.0,0.0,53,-0.0,-71.629,0.0,0.0,0.0,0.0,0.0,0.0,0.0,0,0,0,0.0,0.0,0.0,0.0,0.0,0.0,0.0,0.0,0.0,0.0,0.0,0.0,0.0,0.0,0.0,0.0,0,-107875648.0,53,0.0,106,-107614832.0,0.0,ERR,ERR,ERR,ERR,ERR,ERR,ERR,ERR,ERR,ERR,ERR,ERR,ERR,ERR,ERR,ERR,ERR,ERR,ERR,ERR,ERR,ERR,ERR,ERR,ERR,ERR,ERR,ERR,ERR,ERR,ERR,ERR,ERR,ERR,ERR,ERR,ERR,ERR,ERR,ERR,ERR,ERR,ERR,ERR,ERR,ERR,ERR,ERR,ERR,ERR,ERR,ERR,ERR,ERR,ERR,ERR,ERR,ERR,ERR,ERR,ERR,ERR,ERR,ERR,ERR,ERR,ERR,50.0,60.0,100,0.0,0.0,0.0,0.0,0.0,0.0,0.0,0.0,0.0,0.0,0.0,0.0,0.0,0.0,0.0,0.0,61.6,73,14,65513,50,65476,0,300,0,0,8,20529,65476,0,0,26214,60.0,0.0,0.0,0.0,0.0,0.0
2026-05-17T18:41:31,ERR,ERR,ERR,ERR,ERR,ERR,ERR,ERR,ERR,ERR,ERR,ERR,ERR,ERR,ERR,ERR,ERR,ERR,ERR,ERR,ERR,ERR,ERR,ERR,ERR,ERR,ERR,ERR,ERR,ERR,ERR,ERR,ERR,ERR,ERR,ERR,ERR,ERR,ERR,ERR,ERR,ERR,ERR,ERR,ERR,ERR,ERR,ERR,ERR,ERR,ERR,ERR,ERR,ERR,ERR,ERR,ERR,ERR,ERR,ERR,ERR,ERR,ERR,ERR,ERR,ERR,ERR,ERR,ERR,ERR,ERR,ERR,ERR,ERR,ERR,ERR,ERR,ERR,ERR,ERR,ERR,ERR,ERR,ERR,ERR,ERR,ERR,ERR,ERR,ERR,ERR,ERR,ERR,ERR,ERR,ERR,ERR,ERR,ERR,ERR,ERR,ERR,ERR,ERR,ERR,ERR,ERR,ERR,ERR,ERR,ERR,ERR,ERR,ERR,ERR,ERR,ERR,ERR,ERR,ERR,ERR,ERR,ERR,ERR,ERR,0.0,0.0,-134474944.0,0.0,0.0,1.3936040501711995e+18,7.805,0.0,0,0,4,0,8422,0.0,45,0.0,0.0,0.0,0.0,0.0,0,0,0,0,0.0,0,0,0,0,0,0,0,0,0,0,0,0,0,0,0,0,0,0,0,0,0,0,0,0,0,0,0,0,0,0,0,0,0,38,14,7,45,65476,0,300,0,0,8,21553,0.0,-107605600.0,0.0,0.0,0.0,0.0,0.0,0.0,0.0,0.0,0.0,0.0,0.0,0.0,0.0,0.0,0.0,0.0,0.0,0.0,0.0,0.0,2.004,2.004,-0.0,0.0,0.0,0.0,0.0,0.0,5018.0,0.0,0.0,0.0,0.0,-107615280.0,2.718429300292151e+23,0.0,0.0,0.0,0.0,53,-0.0,-71.629,0.0,0.0,0.0,0.0,0.0,0.0,0.0,0,0,0,0.0,0.0,0.0,0.0,0.0,0.0,0.0,0.0,0.0,0.0,0.0,0.0,0.0,0.0,0.0,0.0,0,-107875648.0,53,0.0,106,-107614832.0,0.0,ERR,ERR,ERR,ERR,ERR,ERR,ERR,ERR,ERR,ERR,ERR,ERR,ERR,ERR,ERR,ERR,ERR,ERR,ERR,ERR,ERR,ERR,ERR,ERR,ERR,ERR,ERR,ERR,ERR,ERR,ERR,ERR,ERR,ERR,ERR,ERR,ERR,ERR,ERR,ERR,ERR,ERR,ERR,ERR,ERR,ERR,ERR,ERR,ERR,ERR,ERR,ERR,ERR,ERR,ERR,ERR,ERR,ERR,ERR,ERR,ERR,ERR,ERR,ERR,ERR,ERR,ERR,50.0,60.0,100,0.0,0.0,0.0,0.0,0.0,0.0,0.0,0.0,0.0,0.0,0.0,0.0,0.0,0.0,0.0,0.0,61.6,73,14,65513,50,65476,0,300,0,0,8,20529,65476,0,0,26214,60.0,0.0,0.0,0.0,0.0,0.0
2026-05-17T18:41:32,ERR,ERR,ERR,ERR,ERR,ERR,ERR,ERR,ERR,ERR,ERR,ERR,ERR,ERR,ERR,ERR,ERR,ERR,ERR,ERR,ERR,ERR,ERR,ERR,ERR,ERR,ERR,ERR,ERR,ERR,ERR,ERR,ERR,ERR,ERR,ERR,ERR,ERR,ERR,ERR,ERR,ERR,ERR,ERR,ERR,ERR,ERR,ERR,ERR,ERR,ERR,ERR,ERR,ERR,ERR,ERR,ERR,ERR,ERR,ERR,ERR,ERR,ERR,ERR,ERR,ERR,ERR,ERR,ERR,ERR,ERR,ERR,ERR,ERR,ERR,ERR,ERR,ERR,ERR,ERR,ERR,ERR,ERR,ERR,ERR,ERR,ERR,ERR,ERR,ERR,ERR,ERR,ERR,ERR,ERR,ERR,ERR,ERR,ERR,ERR,ERR,ERR,ERR,ERR,ERR,ERR,ERR,ERR,ERR,ERR,ERR,ERR,ERR,ERR,ERR,ERR,ERR,ERR,ERR,ERR,ERR,ERR,ERR,ERR,ERR,0.0,0.0,-134474944.0,0.0,0.0,1.3936040501711995e+18,7.805,0.0,0,0,4,0,8422,0.0,45,0.0,0.0,0.0,0.0,0.0,0,0,0,0,0.0,0,0,0,0,0,0,0,0,0,0,0,0,0,0,0,0,0,0,0,0,0,0,0,0,0,0,0,0,0,0,0,0,0,38,14,7,45,65476,0,300,0,0,8,21553,0.0,-107605600.0,0.0,0.0,0.0,0.0,0.0,0.0,0.0,0.0,0.0,0.0,0.0,0.0,0.0,0.0,0.0,0.0,0.0,0.0,0.0,0.0,2.004,2.004,-0.0,0.0,0.0,0.0,0.0,0.0,5018.0,0.0,0.0,0.0,0.0,-107615280.0,2.718429300292151e+23,0.0,0.0,0.0,0.0,53,-0.0,-71.629,0.0,0.0,0.0,0.0,0.0,0.0,0.0,0,0,0,0.0,0.0,0.0,0.0,0.0,0.0,0.0,0.0,0.0,0.0,0.0,0.0,0.0,0.0,0.0,0.0,0,-107875648.0,53,0.0,106,-107614832.0,0.0,ERR,ERR,ERR,ERR,ERR,ERR,ERR,ERR,ERR,ERR,ERR,ERR,ERR,ERR,ERR,ERR,ERR,ERR,ERR,ERR,ERR,ERR,ERR,ERR,ERR,ERR,ERR,ERR,ERR,ERR,ERR,ERR,ERR,ERR,ERR,ERR,ERR,ERR,ERR,ERR,ERR,ERR,ERR,ERR,ERR,ERR,ERR,ERR,ERR,ERR,ERR,ERR,ERR,ERR,ERR,ERR,ERR,ERR,ERR,ERR,ERR,ERR,ERR,ERR,ERR,ERR,ERR,50.0,60.0,100,0.0,0.0,0.0,0.0,0.0,0.0,0.0,0.0,0.0,0.0,0.0,0.0,0.0,0.0,0.0,0.0,61.6,73,14,65513,50,65476,0,300,0,0,8,20529,65476,0,0,26214,60.0,0.0,0.0,0.0,0.0,0.0
2026-05-17T18:41:33,ERR,ERR,ERR,ERR,ERR,ERR,ERR,ERR,ERR,ERR,ERR,ERR,ERR,ERR,ERR,ERR,ERR,ERR,ERR,ERR,ERR,ERR,ERR,ERR,ERR,ERR,ERR,ERR,ERR,ERR,ERR,ERR,ERR,ERR,ERR,ERR,ERR,ERR,ERR,ERR,ERR,ERR,ERR,ERR,ERR,ERR,ERR,ERR,ERR,ERR,ERR,ERR,ERR,ERR,ERR,ERR,ERR,ERR,ERR,ERR,ERR,ERR,ERR,ERR,ERR,ERR,ERR,ERR,ERR,ERR,ERR,ERR,ERR,ERR,ERR,ERR,ERR,ERR,ERR,ERR,ERR,ERR,ERR,ERR,ERR,ERR,ERR,ERR,ERR,ERR,ERR,ERR,ERR,ERR,ERR,ERR,ERR,ERR,ERR,ERR,ERR,ERR,ERR,ERR,ERR,ERR,ERR,ERR,ERR,ERR,ERR,ERR,ERR,ERR,ERR,ERR,ERR,ERR,ERR,ERR,ERR,ERR,ERR,ERR,ERR,0.0,0.0,-134474944.0,0.0,0.0,1.3936040501711995e+18,7.805,0.0,0,0,4,0,8422,0.0,45,0.0,0.0,0.0,0.0,0.0,0,0,0,0,0.0,0,0,0,0,0,0,0,0,0,0,0,0,0,0,0,0,0,0,0,0,0,0,0,0,0,0,0,0,0,0,0,0,0,38,14,7,45,65476,0,300,0,0,8,21553,0.0,-107605600.0,0.0,0.0,0.0,0.0,0.0,0.0,0.0,0.0,0.0,0.0,0.0,0.0,0.0,0.0,0.0,0.0,0.0,0.0,0.0,0.0,0.0,2.004,-0.0,0.0,0.0,0.0,0.0,0.0,4983.0,-1.587929164219617e+29,0.0,0.0,0.0,-107615280.0,2.718429300292151e+23,0.0,0.0,0.0,0.0,53,-0.0,-0.0,0.0,0.0,0.0,0.0,0.0,0.0,0.0,0,0,0,0.0,0.0,0.0,0.0,0.0,0.0,0.0,0.0,0.0,0.0,0.0,0.0,0.0,0.0,0.0,0.0,0,-107875648.0,53,0.0,106,-107614832.0,0.0,ERR,ERR,ERR,ERR,ERR,ERR,ERR,ERR,ERR,ERR,ERR,ERR,ERR,ERR,ERR,ERR,ERR,ERR,ERR,ERR,ERR,ERR,ERR,ERR,ERR,ERR,ERR,ERR,ERR,ERR,ERR,ERR,ERR,ERR,ERR,ERR,ERR,ERR,ERR,ERR,ERR,ERR,ERR,ERR,ERR,ERR,ERR,ERR,ERR,ERR,ERR,ERR,ERR,ERR,ERR,ERR,ERR,ERR,ERR,ERR,ERR,ERR,ERR,ERR,ERR,ERR,ERR,50.0,60.0,100,0.0,0.0,0.0,0.0,0.0,0.0,0.0,0.0,0.0,0.0,0.0,0.0,0.0,0.0,0.0,0.0,61.6,73,14,65513,50,65476,0,300,0,0,8,20529,65476,0,0,26214,60.0,0.0,0.0,0.0,0.0,0.0
2026-05-17T18:41:34,ERR,ERR,ERR,ERR,ERR,ERR,ERR,ERR,ERR,ERR,ERR,ERR,ERR,ERR,ERR,ERR,ERR,ERR,ERR,ERR,ERR,ERR,ERR,ERR,ERR,ERR,ERR,ERR,ERR,ERR,ERR,ERR,ERR,ERR,ERR,ERR,ERR,ERR,ERR,ERR,ERR,ERR,ERR,ERR,ERR,ERR,ERR,ERR,ERR,ERR,ERR,ERR,ERR,ERR,ERR,ERR,ERR,ERR,ERR,ERR,ERR,ERR,ERR,ERR,ERR,ERR,ERR,ERR,ERR,ERR,ERR,ERR,ERR,ERR,ERR,ERR,ERR,ERR,ERR,ERR,ERR,ERR,ERR,ERR,ERR,ERR,ERR,ERR,ERR,ERR,ERR,ERR,ERR,ERR,ERR,ERR,ERR,ERR,ERR,ERR,ERR,ERR,ERR,ERR,ERR,ERR,ERR,ERR,ERR,ERR,ERR,ERR,ERR,ERR,ERR,ERR,ERR,ERR,ERR,ERR,ERR,ERR,ERR,ERR,ERR,0.0,0.0,-134474944.0,0.0,0.0,1.3936040501711995e+18,7.805,0.0,0,0,4,0,8422,0.0,45,0.0,0.0,0.0,0.0,0.0,0,0,0,0,0.0,0,0,0,0,0,0,0,0,0,0,0,0,0,0,0,0,0,0,0,0,0,0,0,0,0,0,0,0,0,0,0,0,0,38,14,7,45,65476,0,300,0,0,8,21553,0.0,-107605600.0,0.0,0.0,0.0,0.0,0.0,0.0,0.0,0.0,0.0,0.0,0.0,0.0,0.0,0.0,0.0,0.0,0.0,0.0,0.0,0.0,0.0,2.004,-0.0,0.0,0.0,0.0,0.0,0.0,4983.0,-1.587929164219617e+29,0.0,0.0,0.0,-107615280.0,2.718429300292151e+23,0.0,0.0,0.0,0.0,53,-0.0,-0.0,0.0,0.0,0.0,0.0,0.0,0.0,0.0,0,0,0,0.0,0.0,0.0,0.0,0.0,0.0,0.0,0.0,0.0,0.0,0.0,0.0,0.0,0.0,0.0,0.0,0,-107875648.0,53,0.0,106,-107614832.0,0.0,ERR,ERR,ERR,ERR,ERR,ERR,ERR,ERR,ERR,ERR,ERR,ERR,ERR,ERR,ERR,ERR,ERR,ERR,ERR,ERR,ERR,ERR,ERR,ERR,ERR,ERR,ERR,ERR,ERR,ERR,ERR,ERR,ERR,ERR,ERR,ERR,ERR,ERR,ERR,ERR,ERR,ERR,ERR,ERR,ERR,ERR,ERR,ERR,ERR,ERR,ERR,ERR,ERR,ERR,ERR,ERR,ERR,ERR,ERR,ERR,ERR,ERR,ERR,ERR,ERR,ERR,ERR,50.0,60.0,100,0.0,0.0,0.0,0.0,0.0,0.0,0.0,0.0,0.0,0.0,0.0,0.0,0.0,0.0,0.0,0.0,61.6,73,14,65513,50,65476,0,300,0,0,8,20529,65476,0,0,26214,60.0,0.0,0.0,0.0,0.0,0.0
2026-05-17T18:41:35,ERR,ERR,ERR,ERR,ERR,ERR,ERR,ERR,ERR,ERR,ERR,ERR,ERR,ERR,ERR,ERR,ERR,ERR,ERR,ERR,ERR,ERR,ERR,ERR,ERR,ERR,ERR,ERR,ERR,ERR,ERR,ERR,ERR,ERR,ERR,ERR,ERR,ERR,ERR,ERR,ERR,ERR,ERR,ERR,ERR,ERR,ERR,ERR,ERR,ERR,ERR,ERR,ERR,ERR,ERR,ERR,ERR,ERR,ERR,ERR,ERR,ERR,ERR,ERR,ERR,ERR,ERR,ERR,ERR,ERR,ERR,ERR,ERR,ERR,ERR,ERR,ERR,ERR,ERR,ERR,ERR,ERR,ERR,ERR,ERR,ERR,ERR,ERR,ERR,ERR,ERR,ERR,ERR,ERR,ERR,ERR,ERR,ERR,ERR,ERR,ERR,ERR,ERR,ERR,ERR,ERR,ERR,ERR,ERR,ERR,ERR,ERR,ERR,ERR,ERR,ERR,ERR,ERR,ERR,ERR,ERR,ERR,ERR,ERR,ERR,0.0,0.0,-134474944.0,0.0,0.0,1.3936040501711995e+18,7.805,0.0,0,0,4,0,8422,0.0,45,0.0,0.0,0.0,0.0,0.0,0,0,0,0,0.0,0,0,0,0,0,0,0,0,0,0,0,0,0,0,0,0,0,0,0,0,0,0,0,0,0,0,0,0,0,0,0,0,0,38,14,7,45,65476,0,300,0,0,8,21553,0.0,-107605600.0,0.0,0.0,0.0,0.0,0.0,0.0,0.0,0.0,0.0,0.0,0.0,0.0,0.0,0.0,0.0,0.0,0.0,0.0,0.0,0.0,0.0,2.004,-0.0,0.0,0.0,0.0,0.0,0.0,4983.0,-1.587929164219617e+29,0.0,0.0,0.0,-107615280.0,2.718429300292151e+23,0.0,0.0,0.0,0.0,53,-0.0,-0.0,0.0,0.0,0.0,0.0,0.0,0.0,0.0,0,0,0,0.0,0.0,0.0,0.0,0.0,0.0,0.0,0.0,0.0,0.0,0.0,0.0,0.0,0.0,0.0,0.0,0,-107875648.0,53,0.0,106,-107614832.0,0.0,ERR,ERR,ERR,ERR,ERR,ERR,ERR,ERR,ERR,ERR,ERR,ERR,ERR,ERR,ERR,ERR,ERR,ERR,ERR,ERR,ERR,ERR,ERR,ERR,ERR,ERR,ERR,ERR,ERR,ERR,ERR,ERR,ERR,ERR,ERR,ERR,ERR,ERR,ERR,ERR,ERR,ERR,ERR,ERR,ERR,ERR,ERR,ERR,ERR,ERR,ERR,ERR,ERR,ERR,ERR,ERR,ERR,ERR,ERR,ERR,ERR,ERR,ERR,ERR,ERR,ERR,ERR,50.0,60.0,100,0.0,0.0,0.0,0.0,0.0,0.0,0.0,0.0,0.0,0.0,0.0,0.0,0.0,0.0,0.0,0.0,61.6,73,14,65513,50,65476,0,300,0,0,8,20529,65476,0,0,26214,60.0,0.0,0.0,0.0,0.0,0.0
2026-05-17T18:41:36,ERR,ERR,ERR,ERR,ERR,ERR,ERR,ERR,ERR,ERR,ERR,ERR,ERR,ERR,ERR,ERR,ERR,ERR,ERR,ERR,ERR,ERR,ERR,ERR,ERR,ERR,ERR,ERR,ERR,ERR,ERR,ERR,ERR,ERR,ERR,ERR,ERR,ERR,ERR,ERR,ERR,ERR,ERR,ERR,ERR,ERR,ERR,ERR,ERR,ERR,ERR,ERR,ERR,ERR,ERR,ERR,ERR,ERR,ERR,ERR,ERR,ERR,ERR,ERR,ERR,ERR,ERR,ERR,ERR,ERR,ERR,ERR,ERR,ERR,ERR,ERR,ERR,ERR,ERR,ERR,ERR,ERR,ERR,ERR,ERR,ERR,ERR,ERR,ERR,ERR,ERR,ERR,ERR,ERR,ERR,ERR,ERR,ERR,ERR,ERR,ERR,ERR,ERR,ERR,ERR,ERR,ERR,ERR,ERR,ERR,ERR,ERR,ERR,ERR,ERR,ERR,ERR,ERR,ERR,ERR,ERR,ERR,ERR,ERR,ERR,0.0,0.0,-134474944.0,0.0,0.0,1.3936040501711995e+18,7.805,0.0,0,0,4,0,8422,0.0,45,0.0,0.0,0.0,0.0,0.0,0,0,0,0,0.0,0,0,0,0,0,0,0,0,0,0,0,0,0,0,0,0,0,0,0,0,0,0,0,0,0,0,0,0,0,0,0,0,0,38,14,7,45,65476,0,300,0,0,8,21553,0.0,-107605600.0,0.0,0.0,0.0,0.0,0.0,0.0,0.0,0.0,0.0,0.0,0.0,0.0,0.0,0.0,0.0,0.0,0.0,0.0,0.0,0.0,0.0,2.004,-0.0,0.0,0.0,0.0,0.0,0.0,4983.0,-1.587929164219617e+29,0.0,0.0,0.0,-107615280.0,2.718429300292151e+23,0.0,0.0,0.0,0.0,53,-0.0,-0.0,0.0,0.0,0.0,0.0,0.0,0.0,0.0,0,0,0,0.0,0.0,0.0,0.0,0.0,0.0,0.0,0.0,0.0,0.0,0.0,0.0,0.0,0.0,0.0,0.0,0,-107875648.0,53,0.0,106,-107614832.0,0.0,ERR,ERR,ERR,ERR,ERR,ERR,ERR,ERR,ERR,ERR,ERR,ERR,ERR,ERR,ERR,ERR,ERR,ERR,ERR,ERR,ERR,ERR,ERR,ERR,ERR,ERR,ERR,ERR,ERR,ERR,ERR,ERR,ERR,ERR,ERR,ERR,ERR,ERR,ERR,ERR,ERR,ERR,ERR,ERR,ERR,ERR,ERR,ERR,ERR,ERR,ERR,ERR,ERR,ERR,ERR,ERR,ERR,ERR,ERR,ERR,ERR,ERR,ERR,ERR,ERR,ERR,ERR,50.0,60.0,100,0.0,0.0,0.0,0.0,0.0,0.0,0.0,0.0,0.0,0.0,0.0,0.0,0.0,0.0,0.0,0.0,61.6,73,14,65513,50,65476,0,300,0,0,8,20529,65476,0,0,26214,60.0,0.0,0.0,0.0,0.0,0.0
2026-05-17T18:41:37,ERR,ERR,ERR,ERR,ERR,ERR,ERR,ERR,ERR,ERR,ERR,ERR,ERR,ERR,ERR,ERR,ERR,ERR,ERR,ERR,ERR,ERR,ERR,ERR,ERR,ERR,ERR,ERR,ERR,ERR,ERR,ERR,ERR,ERR,ERR,ERR,ERR,ERR,ERR,ERR,ERR,ERR,ERR,ERR,ERR,ERR,ERR,ERR,ERR,ERR,ERR,ERR,ERR,ERR,ERR,ERR,ERR,ERR,ERR,ERR,ERR,ERR,ERR,ERR,ERR,ERR,ERR,ERR,ERR,ERR,ERR,ERR,ERR,ERR,ERR,ERR,ERR,ERR,ERR,ERR,ERR,ERR,ERR,ERR,ERR,ERR,ERR,ERR,ERR,ERR,ERR,ERR,ERR,ERR,ERR,ERR,ERR,ERR,ERR,ERR,ERR,ERR,ERR,ERR,ERR,ERR,ERR,ERR,ERR,ERR,ERR,ERR,ERR,ERR,ERR,ERR,ERR,ERR,ERR,ERR,ERR,ERR,ERR,ERR,ERR,0.0,0.0,-134474944.0,0.0,0.0,1.3936040501711995e+18,7.805,0.0,0,0,4,0,8422,0.0,45,0.0,0.0,0.0,0.0,0.0,0,0,0,0,0.0,0,0,0,0,0,0,0,0,0,0,0,0,0,0,0,0,0,0,0,0,0,0,0,0,0,0,0,0,0,0,0,0,0,38,14,7,45,65476,0,300,0,0,8,21553,0.0,-107605600.0,0.0,0.0,0.0,0.0,0.0,0.0,0.0,0.0,0.0,0.0,0.0,0.0,0.0,0.0,0.0,0.0,0.0,0.0,0.0,0.0,0.0,2.004,-0.0,0.0,0.0,0.0,0.0,0.0,4983.0,-1.587929164219617e+29,0.0,0.0,0.0,-107615280.0,2.718429300292151e+23,0.0,0.0,0.0,0.0,53,-0.0,-0.0,0.0,0.0,0.0,0.0,0.0,0.0,0.0,0,0,0,0.0,0.0,0.0,0.0,0.0,0.0,0.0,0.0,0.0,0.0,0.0,0.0,0.0,0.0,0.0,0.0,0,-107875648.0,53,0.0,106,-107614832.0,0.0,ERR,ERR,ERR,ERR,ERR,ERR,ERR,ERR,ERR,ERR,ERR,ERR,ERR,ERR,ERR,ERR,ERR,ERR,ERR,ERR,ERR,ERR,ERR,ERR,ERR,ERR,ERR,ERR,ERR,ERR,ERR,ERR,ERR,ERR,ERR,ERR,ERR,ERR,ERR,ERR,ERR,ERR,ERR,ERR,ERR,ERR,ERR,ERR,ERR,ERR,ERR,ERR,ERR,ERR,ERR,ERR,ERR,ERR,ERR,ERR,ERR,ERR,ERR,ERR,ERR,ERR,ERR,50.0,60.0,100,0.0,0.0,0.0,0.0,0.0,0.0,0.0,0.0,0.0,0.0,0.0,0.0,0.0,0.0,0.0,0.0,61.6,73,14,65513,50,65476,0,300,0,0,8,20529,65476,0,0,26214,60.0,0.0,0.0,0.0,0.0,0.0
2026-05-17T18:41:38,ERR,ERR,ERR,ERR,ERR,ERR,ERR,ERR,ERR,ERR,ERR,ERR,ERR,ERR,ERR,ERR,ERR,ERR,ERR,ERR,ERR,ERR,ERR,ERR,ERR,ERR,ERR,ERR,ERR,ERR,ERR,ERR,ERR,ERR,ERR,ERR,ERR,ERR,ERR,ERR,ERR,ERR,ERR,ERR,ERR,ERR,ERR,ERR,ERR,ERR,ERR,ERR,ERR,ERR,ERR,ERR,ERR,ERR,ERR,ERR,ERR,ERR,ERR,ERR,ERR,ERR,ERR,ERR,ERR,ERR,ERR,ERR,ERR,ERR,ERR,ERR,ERR,ERR,ERR,ERR,ERR,ERR,ERR,ERR,ERR,ERR,ERR,ERR,ERR,ERR,ERR,ERR,ERR,ERR,ERR,ERR,ERR,ERR,ERR,ERR,ERR,ERR,ERR,ERR,ERR,ERR,ERR,ERR,ERR,ERR,ERR,ERR,ERR,ERR,ERR,ERR,ERR,ERR,ERR,ERR,ERR,ERR,ERR,ERR,ERR,0.0,0.0,0.0,0.0,0.0,1.3936040501711995e+18,7.805,0.0,0,0,4,0,8422,0.0,45,0.0,0.0,0.0,0.0,0.0,0,0,0,0,0.0,0,0,0,0,0,0,0,0,0,0,0,0,0,0,0,0,0,0,0,0,0,0,0,0,0,0,0,0,0,0,0,0,0,38,14,7,45,65476,0,300,0,0,8,21553,0.0,-107605600.0,0.0,0.0,0.0,0.0,0.0,0.0,0.0,0.0,0.0,0.0,0.0,0.0,0.0,0.0,0.0,0.0,0.0,0.0,0.0,0.0,0.0,2.004,-0.0,0.0,0.0,0.0,0.0,0.0,4982.0,2.4229876163019057e+24,0.0,0.0,0.0,-107615280.0,2.718429300292151e+23,0.0,0.0,0.0,0.0,53,-0.0,-3.222002029374005e+26,0.0,0.0,0.0,0.0,0.0,0.0,0.0,0,0,0,0.0,0.0,0.0,0.0,0.0,0.0,0.0,0.0,0.0,0.0,0.0,0.0,0.0,0.0,0.0,0.0,0,-107875648.0,53,0.0,106,-107614832.0,0.0,ERR,ERR,ERR,ERR,ERR,ERR,ERR,ERR,ERR,ERR,ERR,ERR,ERR,ERR,ERR,ERR,ERR,ERR,ERR,ERR,ERR,ERR,ERR,ERR,ERR,ERR,ERR,ERR,ERR,ERR,ERR,ERR,ERR,ERR,ERR,ERR,ERR,ERR,ERR,ERR,ERR,ERR,ERR,ERR,ERR,ERR,ERR,ERR,ERR,ERR,ERR,ERR,ERR,ERR,ERR,ERR,ERR,ERR,ERR,ERR,ERR,ERR,ERR,ERR,ERR,ERR,ERR,50.0,60.0,100,0.0,0.0,0.0,0.0,0.0,0.0,0.0,0.0,0.0,0.0,0.0,0.0,0.0,0.0,0.0,0.0,61.6,73,14,65513,50,65476,0,300,0,0,8,20529,65476,0,0,26214,60.0,0.0,0.0,0.0,0.0,0.0
2026-05-17T18:41:39,ERR,ERR,ERR,ERR,ERR,ERR,ERR,ERR,ERR,ERR,ERR,ERR,ERR,ERR,ERR,ERR,ERR,ERR,ERR,ERR,ERR,ERR,ERR,ERR,ERR,ERR,ERR,ERR,ERR,ERR,ERR,ERR,ERR,ERR,ERR,ERR,ERR,ERR,ERR,ERR,ERR,ERR,ERR,ERR,ERR,ERR,ERR,ERR,ERR,ERR,ERR,ERR,ERR,ERR,ERR,ERR,ERR,ERR,ERR,ERR,ERR,ERR,ERR,ERR,ERR,ERR,ERR,ERR,ERR,ERR,ERR,ERR,ERR,ERR,ERR,ERR,ERR,ERR,ERR,ERR,ERR,ERR,ERR,ERR,ERR,ERR,ERR,ERR,ERR,ERR,ERR,ERR,ERR,ERR,ERR,ERR,ERR,ERR,ERR,ERR,ERR,ERR,ERR,ERR,ERR,ERR,ERR,ERR,ERR,ERR,ERR,ERR,ERR,ERR,ERR,ERR,ERR,ERR,ERR,ERR,ERR,ERR,ERR,ERR,ERR,0.0,0.0,0.0,0.0,0.0,1.3936040501711995e+18,7.805,0.0,0,0,4,0,8422,0.0,45,0.0,0.0,0.0,0.0,0.0,0,0,0,0,0.0,0,0,0,0,0,0,0,0,0,0,0,0,0,0,0,0,0,0,0,0,0,0,0,0,0,0,0,0,0,0,0,0,0,38,14,7,45,65476,0,300,0,0,8,21553,0.0,-107605600.0,0.0,0.0,0.0,0.0,0.0,0.0,0.0,0.0,0.0,0.0,0.0,0.0,0.0,0.0,0.0,0.0,0.0,0.0,0.0,0.0,0.0,2.004,-0.0,0.0,0.0,0.0,0.0,0.0,4982.0,2.4229876163019057e+24,0.0,0.0,0.0,-107615280.0,2.718429300292151e+23,0.0,0.0,0.0,0.0,53,-0.0,-3.222002029374005e+26,0.0,0.0,0.0,0.0,0.0,0.0,0.0,0,0,0,0.0,0.0,0.0,0.0,0.0,0.0,0.0,0.0,0.0,0.0,0.0,0.0,0.0,0.0,0.0,0.0,0,-107875648.0,53,0.0,106,-107614832.0,0.0,ERR,ERR,ERR,ERR,ERR,ERR,ERR,ERR,ERR,ERR,ERR,ERR,ERR,ERR,ERR,ERR,ERR,ERR,ERR,ERR,ERR,ERR,ERR,ERR,ERR,ERR,ERR,ERR,ERR,ERR,ERR,ERR,ERR,ERR,ERR,ERR,ERR,ERR,ERR,ERR,ERR,ERR,ERR,ERR,ERR,ERR,ERR,ERR,ERR,ERR,ERR,ERR,ERR,ERR,ERR,ERR,ERR,ERR,ERR,ERR,ERR,ERR,ERR,ERR,ERR,ERR,ERR,50.0,60.0,100,0.0,0.0,0.0,0.0,0.0,0.0,0.0,0.0,0.0,0.0,0.0,0.0,0.0,0.0,0.0,0.0,61.6,73,14,65513,50,65476,0,300,0,0,8,20529,65476,0,0,26214,60.0,0.0,0.0,0.0,0.0,0.0
2026-05-17T18:41:40,ERR,ERR,ERR,ERR,ERR,ERR,ERR,ERR,ERR,ERR,ERR,ERR,ERR,ERR,ERR,ERR,ERR,ERR,ERR,ERR,ERR,ERR,ERR,ERR,ERR,ERR,ERR,ERR,ERR,ERR,ERR,ERR,ERR,ERR,ERR,ERR,ERR,ERR,ERR,ERR,ERR,ERR,ERR,ERR,ERR,ERR,ERR,ERR,ERR,ERR,ERR,ERR,ERR,ERR,ERR,ERR,ERR,ERR,ERR,ERR,ERR,ERR,ERR,ERR,ERR,ERR,ERR,ERR,ERR,ERR,ERR,ERR,ERR,ERR,ERR,ERR,ERR,ERR,ERR,ERR,ERR,ERR,ERR,ERR,ERR,ERR,ERR,ERR,ERR,ERR,ERR,ERR,ERR,ERR,ERR,ERR,ERR,ERR,ERR,ERR,ERR,ERR,ERR,ERR,ERR,ERR,ERR,ERR,ERR,ERR,ERR,ERR,ERR,ERR,ERR,ERR,ERR,ERR,ERR,ERR,ERR,ERR,ERR,ERR,ERR,0.0,0.0,0.0,0.0,0.0,1.3936040501711995e+18,7.805,0.0,0,0,4,0,8422,0.0,45,0.0,0.0,0.0,0.0,0.0,0,0,0,0,0.0,0,0,0,0,0,0,0,0,0,0,0,0,0,0,0,0,0,0,0,0,0,0,0,0,0,0,0,0,0,0,0,0,0,38,14,7,45,65476,0,300,0,0,8,21553,0.0,-107605600.0,0.0,0.0,0.0,0.0,0.0,0.0,0.0,0.0,0.0,0.0,0.0,0.0,0.0,0.0,0.0,0.0,0.0,0.0,0.0,0.0,0.0,2.004,-0.0,0.0,0.0,0.0,0.0,0.0,4982.0,2.4229876163019057e+24,0.0,0.0,0.0,-107615280.0,2.718429300292151e+23,0.0,0.0,0.0,0.0,53,-0.0,-3.222002029374005e+26,0.0,0.0,0.0,0.0,0.0,0.0,0.0,0,0,0,0.0,0.0,0.0,0.0,0.0,0.0,0.0,0.0,0.0,0.0,0.0,0.0,0.0,0.0,0.0,0.0,0,-107875648.0,53,0.0,106,-107614832.0,0.0,ERR,ERR,ERR,ERR,ERR,ERR,ERR,ERR,ERR,ERR,ERR,ERR,ERR,ERR,ERR,ERR,ERR,ERR,ERR,ERR,ERR,ERR,ERR,ERR,ERR,ERR,ERR,ERR,ERR,ERR,ERR,ERR,ERR,ERR,ERR,ERR,ERR,ERR,ERR,ERR,ERR,ERR,ERR,ERR,ERR,ERR,ERR,ERR,ERR,ERR,ERR,ERR,ERR,ERR,ERR,ERR,ERR,ERR,ERR,ERR,ERR,ERR,ERR,ERR,ERR,ERR,ERR,50.0,60.0,100,0.0,0.0,0.0,0.0,0.0,0.0,0.0,0.0,0.0,0.0,0.0,0.0,0.0,0.0,0.0,0.0,61.6,73,14,65513,50,65476,0,300,0,0,8,20529,65476,0,0,26214,60.0,0.0,0.0,0.0,0.0,0.0
2026-05-17T18:41:41,ERR,ERR,ERR,ERR,ERR,ERR,ERR,ERR,ERR,ERR,ERR,ERR,ERR,ERR,ERR,ERR,ERR,ERR,ERR,ERR,ERR,ERR,ERR,ERR,ERR,ERR,ERR,ERR,ERR,ERR,ERR,ERR,ERR,ERR,ERR,ERR,ERR,ERR,ERR,ERR,ERR,ERR,ERR,ERR,ERR,ERR,ERR,ERR,ERR,ERR,ERR,ERR,ERR,ERR,ERR,ERR,ERR,ERR,ERR,ERR,ERR,ERR,ERR,ERR,ERR,ERR,ERR,ERR,ERR,ERR,ERR,ERR,ERR,ERR,ERR,ERR,ERR,ERR,ERR,ERR,ERR,ERR,ERR,ERR,ERR,ERR,ERR,ERR,ERR,ERR,ERR,ERR,ERR,ERR,ERR,ERR,ERR,ERR,ERR,ERR,ERR,ERR,ERR,ERR,ERR,ERR,ERR,ERR,ERR,ERR,ERR,ERR,ERR,ERR,ERR,ERR,ERR,ERR,ERR,ERR,ERR,ERR,ERR,ERR,ERR,0.0,0.0,0.0,0.0,0.0,1.3936040501711995e+18,7.805,0.0,0,0,4,0,8422,0.0,45,0.0,0.0,0.0,0.0,0.0,0,0,0,0,0.0,0,0,0,0,0,0,0,0,0,0,0,0,0,0,0,0,0,0,0,0,0,0,0,0,0,0,0,0,0,0,0,0,0,38,14,7,45,65476,0,300,0,0,8,21553,0.0,-107605600.0,0.0,0.0,0.0,0.0,0.0,0.0,0.0,0.0,0.0,0.0,0.0,0.0,0.0,0.0,0.0,0.0,0.0,0.0,0.0,0.0,0.0,2.004,-0.0,0.0,0.0,0.0,0.0,0.0,4982.0,2.4229876163019057e+24,0.0,0.0,0.0,-107615280.0,2.718429300292151e+23,0.0,0.0,0.0,0.0,53,-0.0,-3.222002029374005e+26,0.0,0.0,0.0,0.0,0.0,0.0,0.0,0,0,0,0.0,0.0,0.0,0.0,0.0,0.0,0.0,0.0,0.0,0.0,0.0,0.0,0.0,0.0,0.0,0.0,0,-107875648.0,53,0.0,106,-107614832.0,0.0,ERR,ERR,ERR,ERR,ERR,ERR,ERR,ERR,ERR,ERR,ERR,ERR,ERR,ERR,ERR,ERR,ERR,ERR,ERR,ERR,ERR,ERR,ERR,ERR,ERR,ERR,ERR,ERR,ERR,ERR,ERR,ERR,ERR,ERR,ERR,ERR,ERR,ERR,ERR,ERR,ERR,ERR,ERR,ERR,ERR,ERR,ERR,ERR,ERR,ERR,ERR,ERR,ERR,ERR,ERR,ERR,ERR,ERR,ERR,ERR,ERR,ERR,ERR,ERR,ERR,ERR,ERR,50.0,60.0,100,0.0,0.0,0.0,0.0,0.0,0.0,0.0,0.0,0.0,0.0,0.0,0.0,0.0,0.0,0.0,0.0,61.6,73,14,65513,50,65476,0,300,0,0,8,20529,65476,0,0,26214,60.0,0.0,0.0,0.0,0.0,0.0
2026-05-17T18:41:42,ERR,ERR,ERR,ERR,ERR,ERR,ERR,ERR,ERR,ERR,ERR,ERR,ERR,ERR,ERR,ERR,ERR,ERR,ERR,ERR,ERR,ERR,ERR,ERR,ERR,ERR,ERR,ERR,ERR,ERR,ERR,ERR,ERR,ERR,ERR,ERR,ERR,ERR,ERR,ERR,ERR,ERR,ERR,ERR,ERR,ERR,ERR,ERR,ERR,ERR,ERR,ERR,ERR,ERR,ERR,ERR,ERR,ERR,ERR,ERR,ERR,ERR,ERR,ERR,ERR,ERR,ERR,ERR,ERR,ERR,ERR,ERR,ERR,ERR,ERR,ERR,ERR,ERR,ERR,ERR,ERR,ERR,ERR,ERR,ERR,ERR,ERR,ERR,ERR,ERR,ERR,ERR,ERR,ERR,ERR,ERR,ERR,ERR,ERR,ERR,ERR,ERR,ERR,ERR,ERR,ERR,ERR,ERR,ERR,ERR,ERR,ERR,ERR,ERR,ERR,ERR,ERR,ERR,ERR,ERR,ERR,ERR,ERR,ERR,ERR,0.0,0.0,0.0,0.0,0.0,1.3936040501711995e+18,7.805,0.0,0,0,4,0,8422,0.0,45,0.0,0.0,0.0,0.0,0.0,0,0,0,0,0.0,0,0,0,0,0,0,0,0,0,0,0,0,0,0,0,0,0,0,0,0,0,0,0,0,0,0,0,0,0,0,0,0,0,38,14,7,45,65476,0,300,0,0,8,21553,0.0,-107605600.0,0.0,0.0,0.0,0.0,0.0,0.0,0.0,0.0,0.0,0.0,0.0,0.0,0.0,0.0,0.0,0.0,0.0,0.0,0.0,0.0,0.0,2.004,-0.0,0.0,0.0,0.0,0.0,0.0,4982.0,2.4229876163019057e+24,0.0,0.0,0.0,-107615280.0,2.718429300292151e+23,0.0,0.0,0.0,0.0,53,-0.0,-3.222002029374005e+26,0.0,0.0,0.0,0.0,0.0,0.0,0.0,0,0,0,0.0,0.0,0.0,0.0,0.0,0.0,0.0,0.0,0.0,0.0,0.0,0.0,0.0,0.0,0.0,0.0,0,-107875648.0,53,0.0,106,-107614832.0,0.0,ERR,ERR,ERR,ERR,ERR,ERR,ERR,ERR,ERR,ERR,ERR,ERR,ERR,ERR,ERR,ERR,ERR,ERR,ERR,ERR,ERR,ERR,ERR,ERR,ERR,ERR,ERR,ERR,ERR,ERR,ERR,ERR,ERR,ERR,ERR,ERR,ERR,ERR,ERR,ERR,ERR,ERR,ERR,ERR,ERR,ERR,ERR,ERR,ERR,ERR,ERR,ERR,ERR,ERR,ERR,ERR,ERR,ERR,ERR,ERR,ERR,ERR,ERR,ERR,ERR,ERR,ERR,50.0,60.0,100,0.0,0.0,0.0,0.0,0.0,0.0,0.0,0.0,0.0,0.0,0.0,0.0,0.0,0.0,0.0,0.0,61.6,73,14,65513,50,65476,0,300,0,0,8,20529,65476,0,0,26214,60.0,0.0,0.0,0.0,0.0,0.0
2026-05-17T18:41:43,ERR,ERR,ERR,ERR,ERR,ERR,ERR,ERR,ERR,ERR,ERR,ERR,ERR,ERR,ERR,ERR,ERR,ERR,ERR,ERR,ERR,ERR,ERR,ERR,ERR,ERR,ERR,ERR,ERR,ERR,ERR,ERR,ERR,ERR,ERR,ERR,ERR,ERR,ERR,ERR,ERR,ERR,ERR,ERR,ERR,ERR,ERR,ERR,ERR,ERR,ERR,ERR,ERR,ERR,ERR,ERR,ERR,ERR,ERR,ERR,ERR,ERR,ERR,ERR,ERR,ERR,ERR,ERR,ERR,ERR,ERR,ERR,ERR,ERR,ERR,ERR,ERR,ERR,ERR,ERR,ERR,ERR,ERR,ERR,ERR,ERR,ERR,ERR,ERR,ERR,ERR,ERR,ERR,ERR,ERR,ERR,ERR,ERR,ERR,ERR,ERR,ERR,ERR,ERR,ERR,ERR,ERR,ERR,ERR,ERR,ERR,ERR,ERR,ERR,ERR,ERR,ERR,ERR,ERR,ERR,ERR,ERR,ERR,ERR,ERR,0.0,0.0,-134474944.0,0.0,0.0,1.3936040501711995e+18,7.805,0.0,0,0,4,0,8422,0.0,45,0.0,0.0,0.0,0.0,0.0,0,0,0,0,0.0,0,0,0,0,0,0,0,0,0,0,0,0,0,0,0,0,0,0,0,0,0,0,0,0,0,0,0,0,0,0,0,0,0,38,14,7,45,65476,0,300,0,0,8,21553,0.0,-107605600.0,0.0,0.0,0.0,0.0,0.0,0.0,0.0,0.0,0.0,0.0,0.0,0.0,0.0,0.0,0.0,0.0,0.0,0.0,0.0,0.0,0.0,2.004,-0.0,0.0,0.0,0.0,0.0,0.0,4990.0,-0.0,0.0,0.0,0.0,-107615280.0,2.718429300292151e+23,0.0,0.0,0.0,0.0,53,-0.0,0.0,0.0,0.0,0.0,0.0,0.0,0.0,0.0,0,0,0,0.0,0.0,0.0,0.0,0.0,0.0,0.0,0.0,0.0,0.0,0.0,0.0,0.0,0.0,0.0,0.0,0,-107875648.0,53,0.0,106,-107614832.0,0.0,ERR,ERR,ERR,ERR,ERR,ERR,ERR,ERR,ERR,ERR,ERR,ERR,ERR,ERR,ERR,ERR,ERR,ERR,ERR,ERR,ERR,ERR,ERR,ERR,ERR,ERR,ERR,ERR,ERR,ERR,ERR,ERR,ERR,ERR,ERR,ERR,ERR,ERR,ERR,ERR,ERR,ERR,ERR,ERR,ERR,ERR,ERR,ERR,ERR,ERR,ERR,ERR,ERR,ERR,ERR,ERR,ERR,ERR,ERR,ERR,ERR,ERR,ERR,ERR,ERR,ERR,ERR,50.0,60.0,100,0.0,0.0,0.0,0.0,0.0,0.0,0.0,0.0,0.0,0.0,0.0,0.0,0.0,0.0,0.0,0.0,61.6,73,14,65513,50,65476,0,300,0,0,8,20529,65476,0,0,26214,60.0,0.0,0.0,0.0,0.0,0.0
2026-05-17T18:41:44,ERR,ERR,ERR,ERR,ERR,ERR,ERR,ERR,ERR,ERR,ERR,ERR,ERR,ERR,ERR,ERR,ERR,ERR,ERR,ERR,ERR,ERR,ERR,ERR,ERR,ERR,ERR,ERR,ERR,ERR,ERR,ERR,ERR,ERR,ERR,ERR,ERR,ERR,ERR,ERR,ERR,ERR,ERR,ERR,ERR,ERR,ERR,ERR,ERR,ERR,ERR,ERR,ERR,ERR,ERR,ERR,ERR,ERR,ERR,ERR,ERR,ERR,ERR,ERR,ERR,ERR,ERR,ERR,ERR,ERR,ERR,ERR,ERR,ERR,ERR,ERR,ERR,ERR,ERR,ERR,ERR,ERR,ERR,ERR,ERR,ERR,ERR,ERR,ERR,ERR,ERR,ERR,ERR,ERR,ERR,ERR,ERR,ERR,ERR,ERR,ERR,ERR,ERR,ERR,ERR,ERR,ERR,ERR,ERR,ERR,ERR,ERR,ERR,ERR,ERR,ERR,ERR,ERR,ERR,ERR,ERR,ERR,ERR,ERR,ERR,0.0,0.0,-134474944.0,0.0,0.0,1.3936040501711995e+18,7.805,0.0,0,0,4,0,8422,0.0,45,0.0,0.0,0.0,0.0,0.0,0,0,0,0,0.0,0,0,0,0,0,0,0,0,0,0,0,0,0,0,0,0,0,0,0,0,0,0,0,0,0,0,0,0,0,0,0,0,0,38,14,7,45,65476,0,300,0,0,8,21553,0.0,-107605600.0,0.0,0.0,0.0,0.0,0.0,0.0,0.0,0.0,0.0,0.0,0.0,0.0,0.0,0.0,0.0,0.0,0.0,0.0,0.0,0.0,0.0,2.004,-0.0,0.0,0.0,0.0,0.0,0.0,4990.0,-0.0,0.0,0.0,0.0,-107615280.0,2.718429300292151e+23,0.0,0.0,0.0,0.0,53,-0.0,0.0,0.0,0.0,0.0,0.0,0.0,0.0,0.0,0,0,0,0.0,0.0,0.0,0.0,0.0,0.0,0.0,0.0,0.0,0.0,0.0,0.0,0.0,0.0,0.0,0.0,0,-107875648.0,53,0.0,106,-107614832.0,0.0,ERR,ERR,ERR,ERR,ERR,ERR,ERR,ERR,ERR,ERR,ERR,ERR,ERR,ERR,ERR,ERR,ERR,ERR,ERR,ERR,ERR,ERR,ERR,ERR,ERR,ERR,ERR,ERR,ERR,ERR,ERR,ERR,ERR,ERR,ERR,ERR,ERR,ERR,ERR,ERR,ERR,ERR,ERR,ERR,ERR,ERR,ERR,ERR,ERR,ERR,ERR,ERR,ERR,ERR,ERR,ERR,ERR,ERR,ERR,ERR,ERR,ERR,ERR,ERR,ERR,ERR,ERR,50.0,60.0,100,0.0,0.0,0.0,0.0,0.0,0.0,0.0,0.0,0.0,0.0,0.0,0.0,0.0,0.0,0.0,0.0,61.6,73,14,65513,50,65476,0,300,0,0,8,20529,65476,0,0,26214,60.0,0.0,0.0,0.0,0.0,0.0
2026-05-17T18:41:45,ERR,ERR,ERR,ERR,ERR,ERR,ERR,ERR,ERR,ERR,ERR,ERR,ERR,ERR,ERR,ERR,ERR,ERR,ERR,ERR,ERR,ERR,ERR,ERR,ERR,ERR,ERR,ERR,ERR,ERR,ERR,ERR,ERR,ERR,ERR,ERR,ERR,ERR,ERR,ERR,ERR,ERR,ERR,ERR,ERR,ERR,ERR,ERR,ERR,ERR,ERR,ERR,ERR,ERR,ERR,ERR,ERR,ERR,ERR,ERR,ERR,ERR,ERR,ERR,ERR,ERR,ERR,ERR,ERR,ERR,ERR,ERR,ERR,ERR,ERR,ERR,ERR,ERR,ERR,ERR,ERR,ERR,ERR,ERR,ERR,ERR,ERR,ERR,ERR,ERR,ERR,ERR,ERR,ERR,ERR,ERR,ERR,ERR,ERR,ERR,ERR,ERR,ERR,ERR,ERR,ERR,ERR,ERR,ERR,ERR,ERR,ERR,ERR,ERR,ERR,ERR,ERR,ERR,ERR,ERR,ERR,ERR,ERR,ERR,ERR,0.0,0.0,-134474944.0,0.0,0.0,1.3936040501711995e+18,7.805,0.0,0,0,4,0,8422,0.0,45,0.0,0.0,0.0,0.0,0.0,0,0,0,0,0.0,0,0,0,0,0,0,0,0,0,0,0,0,0,0,0,0,0,0,0,0,0,0,0,0,0,0,0,0,0,0,0,0,0,38,14,7,45,65476,0,300,0,0,8,21553,0.0,-107605600.0,0.0,0.0,0.0,0.0,0.0,0.0,0.0,0.0,0.0,0.0,0.0,0.0,0.0,0.0,0.0,0.0,0.0,0.0,0.0,0.0,0.0,2.004,-0.0,0.0,0.0,0.0,0.0,0.0,4990.0,-0.0,0.0,0.0,0.0,-107615280.0,2.718429300292151e+23,0.0,0.0,0.0,0.0,53,-0.0,0.0,0.0,0.0,0.0,0.0,0.0,0.0,0.0,0,0,0,0.0,0.0,0.0,0.0,0.0,0.0,0.0,0.0,0.0,0.0,0.0,0.0,0.0,0.0,0.0,0.0,0,-107875648.0,53,0.0,106,-107614832.0,0.0,ERR,ERR,ERR,ERR,ERR,ERR,ERR,ERR,ERR,ERR,ERR,ERR,ERR,ERR,ERR,ERR,ERR,ERR,ERR,ERR,ERR,ERR,ERR,ERR,ERR,ERR,ERR,ERR,ERR,ERR,ERR,ERR,ERR,ERR,ERR,ERR,ERR,ERR,ERR,ERR,ERR,ERR,ERR,ERR,ERR,ERR,ERR,ERR,ERR,ERR,ERR,ERR,ERR,ERR,ERR,ERR,ERR,ERR,ERR,ERR,ERR,ERR,ERR,ERR,ERR,ERR,ERR,50.0,60.0,100,0.0,0.0,0.0,0.0,0.0,0.0,0.0,0.0,0.0,0.0,0.0,0.0,0.0,0.0,0.0,0.0,61.6,73,14,65513,50,65476,0,300,0,0,8,20529,65476,0,0,26214,60.0,0.0,0.0,0.0,0.0,0.0
2026-05-17T18:41:46,ERR,ERR,ERR,ERR,ERR,ERR,ERR,ERR,ERR,ERR,ERR,ERR,ERR,ERR,ERR,ERR,ERR,ERR,ERR,ERR,ERR,ERR,ERR,ERR,ERR,ERR,ERR,ERR,ERR,ERR,ERR,ERR,ERR,ERR,ERR,ERR,ERR,ERR,ERR,ERR,ERR,ERR,ERR,ERR,ERR,ERR,ERR,ERR,ERR,ERR,ERR,ERR,ERR,ERR,ERR,ERR,ERR,ERR,ERR,ERR,ERR,ERR,ERR,ERR,ERR,ERR,ERR,ERR,ERR,ERR,ERR,ERR,ERR,ERR,ERR,ERR,ERR,ERR,ERR,ERR,ERR,ERR,ERR,ERR,ERR,ERR,ERR,ERR,ERR,ERR,ERR,ERR,ERR,ERR,ERR,ERR,ERR,ERR,ERR,ERR,ERR,ERR,ERR,ERR,ERR,ERR,ERR,ERR,ERR,ERR,ERR,ERR,ERR,ERR,ERR,ERR,ERR,ERR,ERR,ERR,ERR,ERR,ERR,ERR,ERR,0.0,0.0,-134474944.0,0.0,0.0,1.3936040501711995e+18,7.805,0.0,0,0,4,0,8422,0.0,45,0.0,0.0,0.0,0.0,0.0,0,0,0,0,0.0,0,0,0,0,0,0,0,0,0,0,0,0,0,0,0,0,0,0,0,0,0,0,0,0,0,0,0,0,0,0,0,0,0,38,14,7,45,65476,0,300,0,0,8,21553,0.0,-107605600.0,0.0,0.0,0.0,0.0,0.0,0.0,0.0,0.0,0.0,0.0,0.0,0.0,0.0,0.0,0.0,0.0,0.0,0.0,0.0,0.0,0.0,2.004,-0.0,0.0,0.0,0.0,0.0,0.0,4990.0,-0.0,0.0,0.0,0.0,-107615280.0,2.718429300292151e+23,0.0,0.0,0.0,0.0,53,-0.0,0.0,0.0,0.0,0.0,0.0,0.0,0.0,0.0,0,0,0,0.0,0.0,0.0,0.0,0.0,0.0,0.0,0.0,0.0,0.0,0.0,0.0,0.0,0.0,0.0,0.0,0,-107875648.0,53,0.0,106,-107614832.0,0.0,ERR,ERR,ERR,ERR,ERR,ERR,ERR,ERR,ERR,ERR,ERR,ERR,ERR,ERR,ERR,ERR,ERR,ERR,ERR,ERR,ERR,ERR,ERR,ERR,ERR,ERR,ERR,ERR,ERR,ERR,ERR,ERR,ERR,ERR,ERR,ERR,ERR,ERR,ERR,ERR,ERR,ERR,ERR,ERR,ERR,ERR,ERR,ERR,ERR,ERR,ERR,ERR,ERR,ERR,ERR,ERR,ERR,ERR,ERR,ERR,ERR,ERR,ERR,ERR,ERR,ERR,ERR,50.0,60.0,100,0.0,0.0,0.0,0.0,0.0,0.0,0.0,0.0,0.0,0.0,0.0,0.0,0.0,0.0,0.0,0.0,61.6,73,14,65513,50,65476,0,300,0,0,8,20529,65476,0,0,26214,60.0,0.0,0.0,0.0,0.0,0.0
2026-05-17T18:41:47,ERR,ERR,ERR,ERR,ERR,ERR,ERR,ERR,ERR,ERR,ERR,ERR,ERR,ERR,ERR,ERR,ERR,ERR,ERR,ERR,ERR,ERR,ERR,ERR,ERR,ERR,ERR,ERR,ERR,ERR,ERR,ERR,ERR,ERR,ERR,ERR,ERR,ERR,ERR,ERR,ERR,ERR,ERR,ERR,ERR,ERR,ERR,ERR,ERR,ERR,ERR,ERR,ERR,ERR,ERR,ERR,ERR,ERR,ERR,ERR,ERR,ERR,ERR,ERR,ERR,ERR,ERR,ERR,ERR,ERR,ERR,ERR,ERR,ERR,ERR,ERR,ERR,ERR,ERR,ERR,ERR,ERR,ERR,ERR,ERR,ERR,ERR,ERR,ERR,ERR,ERR,ERR,ERR,ERR,ERR,ERR,ERR,ERR,ERR,ERR,ERR,ERR,ERR,ERR,ERR,ERR,ERR,ERR,ERR,ERR,ERR,ERR,ERR,ERR,ERR,ERR,ERR,ERR,ERR,ERR,ERR,ERR,ERR,ERR,ERR,0.0,0.0,-134474944.0,0.0,0.0,1.3936040501711995e+18,7.805,0.0,0,0,4,0,8422,0.0,45,0.0,0.0,0.0,0.0,0.0,0,0,0,0,0.0,0,0,0,0,0,0,0,0,0,0,0,0,0,0,0,0,0,0,0,0,0,0,0,0,0,0,0,0,0,0,0,0,0,38,14,7,45,65476,0,300,0,0,8,21553,0.0,-107605600.0,0.0,0.0,0.0,0.0,0.0,0.0,0.0,0.0,0.0,0.0,0.0,0.0,0.0,0.0,0.0,0.0,0.0,0.0,0.0,0.0,0.0,2.004,-0.0,0.0,0.0,0.0,0.0,0.0,4990.0,-0.0,0.0,0.0,0.0,-107615280.0,2.718429300292151e+23,0.0,0.0,0.0,0.0,53,-0.0,0.0,0.0,0.0,0.0,0.0,0.0,0.0,0.0,0,0,0,0.0,0.0,0.0,0.0,0.0,0.0,0.0,0.0,0.0,0.0,0.0,0.0,0.0,0.0,0.0,0.0,0,-107875648.0,53,0.0,106,-107614832.0,0.0,ERR,ERR,ERR,ERR,ERR,ERR,ERR,ERR,ERR,ERR,ERR,ERR,ERR,ERR,ERR,ERR,ERR,ERR,ERR,ERR,ERR,ERR,ERR,ERR,ERR,ERR,ERR,ERR,ERR,ERR,ERR,ERR,ERR,ERR,ERR,ERR,ERR,ERR,ERR,ERR,ERR,ERR,ERR,ERR,ERR,ERR,ERR,ERR,ERR,ERR,ERR,ERR,ERR,ERR,ERR,ERR,ERR,ERR,ERR,ERR,ERR,ERR,ERR,ERR,ERR,ERR,ERR,50.0,60.0,100,0.0,0.0,0.0,0.0,0.0,0.0,0.0,0.0,0.0,0.0,0.0,0.0,0.0,0.0,0.0,0.0,61.6,73,14,65513,50,65476,0,300,0,0,8,20529,65476,0,0,26214,60.0,0.0,0.0,0.0,0.0,0.0
2026-05-17T18:41:48,ERR,ERR,ERR,ERR,ERR,ERR,ERR,ERR,ERR,ERR,ERR,ERR,ERR,ERR,ERR,ERR,ERR,ERR,ERR,ERR,ERR,ERR,ERR,ERR,ERR,ERR,ERR,ERR,ERR,ERR,ERR,ERR,ERR,ERR,ERR,ERR,ERR,ERR,ERR,ERR,ERR,ERR,ERR,ERR,ERR,ERR,ERR,ERR,ERR,ERR,ERR,ERR,ERR,ERR,ERR,ERR,ERR,ERR,ERR,ERR,ERR,ERR,ERR,ERR,ERR,ERR,ERR,ERR,ERR,ERR,ERR,ERR,ERR,ERR,ERR,ERR,ERR,ERR,ERR,ERR,ERR,ERR,ERR,ERR,ERR,ERR,ERR,ERR,ERR,ERR,ERR,ERR,ERR,ERR,ERR,ERR,ERR,ERR,ERR,ERR,ERR,ERR,ERR,ERR,ERR,ERR,ERR,ERR,ERR,ERR,ERR,ERR,ERR,ERR,ERR,ERR,ERR,ERR,ERR,ERR,ERR,ERR,ERR,ERR,ERR,0.0,0.0,0.0,0.0,0.0,1.3936040501711995e+18,7.805,0.0,0,0,4,0,8422,0.0,45,0.0,0.0,0.0,0.0,0.0,0,0,0,0,0.0,0,0,0,0,0,0,0,0,0,0,0,0,0,0,0,0,0,0,0,0,0,0,0,0,0,0,0,0,0,0,0,0,0,38,14,7,45,65476,0,300,0,0,8,21553,0.0,-107605600.0,0.0,0.0,0.0,0.0,0.0,0.0,0.0,0.0,0.0,0.0,0.0,0.0,0.0,0.0,0.0,0.0,0.0,0.0,0.0,0.0,0.0,2.004,-0.0,0.0,0.0,0.0,0.0,0.0,4960.0,-0.0,0.0,0.0,0.0,-107615280.0,2.718429300292151e+23,0.0,0.0,0.0,0.0,53,-0.0,89220.555,0.0,0.0,0.0,0.0,0.0,0.0,0.0,0,0,0,0.0,0.0,0.0,0.0,0.0,0.0,0.0,0.0,0.0,0.0,0.0,0.0,0.0,0.0,0.0,0.0,0,-107875648.0,53,0.0,106,-107614832.0,0.0,ERR,ERR,ERR,ERR,ERR,ERR,ERR,ERR,ERR,ERR,ERR,ERR,ERR,ERR,ERR,ERR,ERR,ERR,ERR,ERR,ERR,ERR,ERR,ERR,ERR,ERR,ERR,ERR,ERR,ERR,ERR,ERR,ERR,ERR,ERR,ERR,ERR,ERR,ERR,ERR,ERR,ERR,ERR,ERR,ERR,ERR,ERR,ERR,ERR,ERR,ERR,ERR,ERR,ERR,ERR,ERR,ERR,ERR,ERR,ERR,ERR,ERR,ERR,ERR,ERR,ERR,ERR,50.0,60.0,100,0.0,0.0,0.0,0.0,0.0,0.0,0.0,0.0,0.0,0.0,0.0,0.0,0.0,0.0,0.0,0.0,61.6,73,14,65513,50,65476,0,300,0,0,8,20529,65476,0,0,26214,60.0,0.0,0.0,0.0,0.0,0.0
2026-05-17T18:41:49,ERR,ERR,ERR,ERR,ERR,ERR,ERR,ERR,ERR,ERR,ERR,ERR,ERR,ERR,ERR,ERR,ERR,ERR,ERR,ERR,ERR,ERR,ERR,ERR,ERR,ERR,ERR,ERR,ERR,ERR,ERR,ERR,ERR,ERR,ERR,ERR,ERR,ERR,ERR,ERR,ERR,ERR,ERR,ERR,ERR,ERR,ERR,ERR,ERR,ERR,ERR,ERR,ERR,ERR,ERR,ERR,ERR,ERR,ERR,ERR,ERR,ERR,ERR,ERR,ERR,ERR,ERR,ERR,ERR,ERR,ERR,ERR,ERR,ERR,ERR,ERR,ERR,ERR,ERR,ERR,ERR,ERR,ERR,ERR,ERR,ERR,ERR,ERR,ERR,ERR,ERR,ERR,ERR,ERR,ERR,ERR,ERR,ERR,ERR,ERR,ERR,ERR,ERR,ERR,ERR,ERR,ERR,ERR,ERR,ERR,ERR,ERR,ERR,ERR,ERR,ERR,ERR,ERR,ERR,ERR,ERR,ERR,ERR,ERR,ERR,0.0,0.0,0.0,0.0,0.0,1.3936040501711995e+18,7.805,0.0,0,0,4,0,8422,0.0,45,0.0,0.0,0.0,0.0,0.0,0,0,0,0,0.0,0,0,0,0,0,0,0,0,0,0,0,0,0,0,0,0,0,0,0,0,0,0,0,0,0,0,0,0,0,0,0,0,0,38,14,7,45,65476,0,300,0,0,8,21553,0.0,-107605600.0,0.0,0.0,0.0,0.0,0.0,0.0,0.0,0.0,0.0,0.0,0.0,0.0,0.0,0.0,0.0,0.0,0.0,0.0,0.0,0.0,0.0,2.004,-0.0,0.0,0.0,0.0,0.0,0.0,4960.0,-0.0,0.0,0.0,0.0,-107615280.0,2.718429300292151e+23,0.0,0.0,0.0,0.0,53,-0.0,89220.555,0.0,0.0,0.0,0.0,0.0,0.0,0.0,0,0,0,0.0,0.0,0.0,0.0,0.0,0.0,0.0,0.0,0.0,0.0,0.0,0.0,0.0,0.0,0.0,0.0,0,-107875648.0,53,0.0,106,-107614832.0,0.0,ERR,ERR,ERR,ERR,ERR,ERR,ERR,ERR,ERR,ERR,ERR,ERR,ERR,ERR,ERR,ERR,ERR,ERR,ERR,ERR,ERR,ERR,ERR,ERR,ERR,ERR,ERR,ERR,ERR,ERR,ERR,ERR,ERR,ERR,ERR,ERR,ERR,ERR,ERR,ERR,ERR,ERR,ERR,ERR,ERR,ERR,ERR,ERR,ERR,ERR,ERR,ERR,ERR,ERR,ERR,ERR,ERR,ERR,ERR,ERR,ERR,ERR,ERR,ERR,ERR,ERR,ERR,50.0,60.0,100,0.0,0.0,0.0,0.0,0.0,0.0,0.0,0.0,0.0,0.0,0.0,0.0,0.0,0.0,0.0,0.0,61.6,73,14,65513,50,65476,0,300,0,0,8,20529,65476,0,0,26214,60.0,0.0,0.0,0.0,0.0,0.0
2026-05-17T18:41:50,ERR,ERR,ERR,ERR,ERR,ERR,ERR,ERR,ERR,ERR,ERR,ERR,ERR,ERR,ERR,ERR,ERR,ERR,ERR,ERR,ERR,ERR,ERR,ERR,ERR,ERR,ERR,ERR,ERR,ERR,ERR,ERR,ERR,ERR,ERR,ERR,ERR,ERR,ERR,ERR,ERR,ERR,ERR,ERR,ERR,ERR,ERR,ERR,ERR,ERR,ERR,ERR,ERR,ERR,ERR,ERR,ERR,ERR,ERR,ERR,ERR,ERR,ERR,ERR,ERR,ERR,ERR,ERR,ERR,ERR,ERR,ERR,ERR,ERR,ERR,ERR,ERR,ERR,ERR,ERR,ERR,ERR,ERR,ERR,ERR,ERR,ERR,ERR,ERR,ERR,ERR,ERR,ERR,ERR,ERR,ERR,ERR,ERR,ERR,ERR,ERR,ERR,ERR,ERR,ERR,ERR,ERR,ERR,ERR,ERR,ERR,ERR,ERR,ERR,ERR,ERR,ERR,ERR,ERR,ERR,ERR,ERR,ERR,ERR,ERR,0.0,0.0,0.0,0.0,0.0,1.3936040501711995e+18,7.805,0.0,0,0,4,0,8422,0.0,45,0.0,0.0,0.0,0.0,0.0,0,0,0,0,0.0,0,0,0,0,0,0,0,0,0,0,0,0,0,0,0,0,0,0,0,0,0,0,0,0,0,0,0,0,0,0,0,0,0,38,14,7,45,65476,0,300,0,0,8,21553,0.0,-107605600.0,0.0,0.0,0.0,0.0,0.0,0.0,0.0,0.0,0.0,0.0,0.0,0.0,0.0,0.0,0.0,0.0,0.0,0.0,0.0,0.0,0.0,2.004,-0.0,0.0,0.0,0.0,0.0,0.0,4960.0,-0.0,0.0,0.0,0.0,-107615280.0,2.718429300292151e+23,0.0,0.0,0.0,0.0,53,-0.0,89220.555,0.0,0.0,0.0,0.0,0.0,0.0,0.0,0,0,0,0.0,0.0,0.0,0.0,0.0,0.0,0.0,0.0,0.0,0.0,0.0,0.0,0.0,0.0,0.0,0.0,0,-107875648.0,53,0.0,106,-107614832.0,0.0,ERR,ERR,ERR,ERR,ERR,ERR,ERR,ERR,ERR,ERR,ERR,ERR,ERR,ERR,ERR,ERR,ERR,ERR,ERR,ERR,ERR,ERR,ERR,ERR,ERR,ERR,ERR,ERR,ERR,ERR,ERR,ERR,ERR,ERR,ERR,ERR,ERR,ERR,ERR,ERR,ERR,ERR,ERR,ERR,ERR,ERR,ERR,ERR,ERR,ERR,ERR,ERR,ERR,ERR,ERR,ERR,ERR,ERR,ERR,ERR,ERR,ERR,ERR,ERR,ERR,ERR,ERR,50.0,60.0,100,0.0,0.0,0.0,0.0,0.0,0.0,0.0,0.0,0.0,0.0,0.0,0.0,0.0,0.0,0.0,0.0,61.6,73,14,65513,50,65476,0,300,0,0,8,20529,65476,0,0,26214,60.0,0.0,0.0,0.0,0.0,0.0
2026-05-17T18:41:51,ERR,ERR,ERR,ERR,ERR,ERR,ERR,ERR,ERR,ERR,ERR,ERR,ERR,ERR,ERR,ERR,ERR,ERR,ERR,ERR,ERR,ERR,ERR,ERR,ERR,ERR,ERR,ERR,ERR,ERR,ERR,ERR,ERR,ERR,ERR,ERR,ERR,ERR,ERR,ERR,ERR,ERR,ERR,ERR,ERR,ERR,ERR,ERR,ERR,ERR,ERR,ERR,ERR,ERR,ERR,ERR,ERR,ERR,ERR,ERR,ERR,ERR,ERR,ERR,ERR,ERR,ERR,ERR,ERR,ERR,ERR,ERR,ERR,ERR,ERR,ERR,ERR,ERR,ERR,ERR,ERR,ERR,ERR,ERR,ERR,ERR,ERR,ERR,ERR,ERR,ERR,ERR,ERR,ERR,ERR,ERR,ERR,ERR,ERR,ERR,ERR,ERR,ERR,ERR,ERR,ERR,ERR,ERR,ERR,ERR,ERR,ERR,ERR,ERR,ERR,ERR,ERR,ERR,ERR,ERR,ERR,ERR,ERR,ERR,ERR,0.0,0.0,0.0,0.0,0.0,1.3936040501711995e+18,7.805,0.0,0,0,4,0,8422,0.0,45,0.0,0.0,0.0,0.0,0.0,0,0,0,0,0.0,0,0,0,0,0,0,0,0,0,0,0,0,0,0,0,0,0,0,0,0,0,0,0,0,0,0,0,0,0,0,0,0,0,38,14,7,45,65476,0,300,0,0,8,21553,0.0,-107605600.0,0.0,0.0,0.0,0.0,0.0,0.0,0.0,0.0,0.0,0.0,0.0,0.0,0.0,0.0,0.0,0.0,0.0,0.0,0.0,0.0,0.0,2.004,-0.0,0.0,0.0,0.0,0.0,0.0,4960.0,-0.0,0.0,0.0,0.0,-107615280.0,2.718429300292151e+23,0.0,0.0,0.0,0.0,53,-0.0,89220.555,0.0,0.0,0.0,0.0,0.0,0.0,0.0,0,0,0,0.0,0.0,0.0,0.0,0.0,0.0,0.0,0.0,0.0,0.0,0.0,0.0,0.0,0.0,0.0,0.0,0,-107875648.0,53,0.0,106,-107614832.0,0.0,ERR,ERR,ERR,ERR,ERR,ERR,ERR,ERR,ERR,ERR,ERR,ERR,ERR,ERR,ERR,ERR,ERR,ERR,ERR,ERR,ERR,ERR,ERR,ERR,ERR,ERR,ERR,ERR,ERR,ERR,ERR,ERR,ERR,ERR,ERR,ERR,ERR,ERR,ERR,ERR,ERR,ERR,ERR,ERR,ERR,ERR,ERR,ERR,ERR,ERR,ERR,ERR,ERR,ERR,ERR,ERR,ERR,ERR,ERR,ERR,ERR,ERR,ERR,ERR,ERR,ERR,ERR,50.0,60.0,100,0.0,0.0,0.0,0.0,0.0,0.0,0.0,0.0,0.0,0.0,0.0,0.0,0.0,0.0,0.0,0.0,62.0,73,14,65513,50,65476,0,300,0,0,8,20529,65476,0,0,26214,60.0,0.0,0.0,0.0,0.0,0.0
2026-05-17T18:41:52,ERR,ERR,ERR,ERR,ERR,ERR,ERR,ERR,ERR,ERR,ERR,ERR,ERR,ERR,ERR,ERR,ERR,ERR,ERR,ERR,ERR,ERR,ERR,ERR,ERR,ERR,ERR,ERR,ERR,ERR,ERR,ERR,ERR,ERR,ERR,ERR,ERR,ERR,ERR,ERR,ERR,ERR,ERR,ERR,ERR,ERR,ERR,ERR,ERR,ERR,ERR,ERR,ERR,ERR,ERR,ERR,ERR,ERR,ERR,ERR,ERR,ERR,ERR,ERR,ERR,ERR,ERR,ERR,ERR,ERR,ERR,ERR,ERR,ERR,ERR,ERR,ERR,ERR,ERR,ERR,ERR,ERR,ERR,ERR,ERR,ERR,ERR,ERR,ERR,ERR,ERR,ERR,ERR,ERR,ERR,ERR,ERR,ERR,ERR,ERR,ERR,ERR,ERR,ERR,ERR,ERR,ERR,ERR,ERR,ERR,ERR,ERR,ERR,ERR,ERR,ERR,ERR,ERR,ERR,ERR,ERR,ERR,ERR,ERR,ERR,0.0,0.0,0.0,0.0,0.0,1.3936040501711995e+18,7.805,0.0,0,0,4,0,8422,0.0,45,0.0,0.0,0.0,0.0,0.0,0,0,0,0,0.0,0,0,0,0,0,0,0,0,0,0,0,0,0,0,0,0,0,0,0,0,0,0,0,0,0,0,0,0,0,0,0,0,0,38,14,7,45,65476,0,300,0,0,8,21553,0.0,-107605600.0,0.0,0.0,0.0,0.0,0.0,0.0,0.0,0.0,0.0,0.0,0.0,0.0,0.0,0.0,0.0,0.0,0.0,0.0,0.0,0.0,0.0,2.004,-0.0,0.0,0.0,0.0,0.0,0.0,4960.0,-0.0,0.0,0.0,0.0,-107615280.0,2.718429300292151e+23,0.0,0.0,0.0,0.0,53,-0.0,89220.555,0.0,0.0,0.0,0.0,0.0,0.0,0.0,0,0,0,0.0,0.0,0.0,0.0,0.0,0.0,0.0,0.0,0.0,0.0,0.0,0.0,0.0,0.0,0.0,0.0,0,-107875648.0,53,0.0,106,-107614832.0,0.0,ERR,ERR,ERR,ERR,ERR,ERR,ERR,ERR,ERR,ERR,ERR,ERR,ERR,ERR,ERR,ERR,ERR,ERR,ERR,ERR,ERR,ERR,ERR,ERR,ERR,ERR,ERR,ERR,ERR,ERR,ERR,ERR,ERR,ERR,ERR,ERR,ERR,ERR,ERR,ERR,ERR,ERR,ERR,ERR,ERR,ERR,ERR,ERR,ERR,ERR,ERR,ERR,ERR,ERR,ERR,ERR,ERR,ERR,ERR,ERR,ERR,ERR,ERR,ERR,ERR,ERR,ERR,50.0,60.0,100,0.0,0.0,0.0,0.0,0.0,0.0,0.0,0.0,0.0,0.0,0.0,0.0,0.0,0.0,0.0,0.0,61.6,73,14,65513,50,65476,0,300,0,0,8,20529,65476,0,0,26214,60.0,0.0,0.0,0.0,0.0,0.0
2026-05-17T18:41:53,ERR,ERR,ERR,ERR,ERR,ERR,ERR,ERR,ERR,ERR,ERR,ERR,ERR,ERR,ERR,ERR,ERR,ERR,ERR,ERR,ERR,ERR,ERR,ERR,ERR,ERR,ERR,ERR,ERR,ERR,ERR,ERR,ERR,ERR,ERR,ERR,ERR,ERR,ERR,ERR,ERR,ERR,ERR,ERR,ERR,ERR,ERR,ERR,ERR,ERR,ERR,ERR,ERR,ERR,ERR,ERR,ERR,ERR,ERR,ERR,ERR,ERR,ERR,ERR,ERR,ERR,ERR,ERR,ERR,ERR,ERR,ERR,ERR,ERR,ERR,ERR,ERR,ERR,ERR,ERR,ERR,ERR,ERR,ERR,ERR,ERR,ERR,ERR,ERR,ERR,ERR,ERR,ERR,ERR,ERR,ERR,ERR,ERR,ERR,ERR,ERR,ERR,ERR,ERR,ERR,ERR,ERR,ERR,ERR,ERR,ERR,ERR,ERR,ERR,ERR,ERR,ERR,ERR,ERR,ERR,ERR,ERR,ERR,ERR,ERR,0.0,0.0,-134474944.0,0.0,0.0,1.3936040501711995e+18,7.805,0.0,0,0,4,0,8422,0.0,45,0.0,0.0,0.0,0.0,0.0,0,0,0,0,0.0,0,0,0,0,0,0,0,0,0,0,0,0,0,0,0,0,0,0,0,0,0,0,0,0,0,0,0,0,0,0,0,0,0,38,14,7,45,65476,0,300,0,0,8,21553,0.0,-107605600.0,0.0,0.0,0.0,0.0,0.0,0.0,0.0,0.0,0.0,0.0,0.0,0.0,0.0,0.0,0.0,0.0,0.0,0.0,0.0,0.0,2.004,2.004,-0.0,0.0,0.0,0.0,0.0,0.0,5015.0,0.0,0.0,0.0,0.0,-107615280.0,2.718429300292151e+23,0.0,0.0,0.0,0.0,53,-0.0,-0.0,0.0,0.0,0.0,0.0,0.0,0.0,0.0,0,0,0,0.0,0.0,0.0,0.0,0.0,0.0,0.0,0.0,0.0,0.0,0.0,0.0,0.0,0.0,0.0,0.0,0,-107875648.0,53,0.0,106,-107614832.0,0.0,ERR,ERR,ERR,ERR,ERR,ERR,ERR,ERR,ERR,ERR,ERR,ERR,ERR,ERR,ERR,ERR,ERR,ERR,ERR,ERR,ERR,ERR,ERR,ERR,ERR,ERR,ERR,ERR,ERR,ERR,ERR,ERR,ERR,ERR,ERR,ERR,ERR,ERR,ERR,ERR,ERR,ERR,ERR,ERR,ERR,ERR,ERR,ERR,ERR,ERR,ERR,ERR,ERR,ERR,ERR,ERR,ERR,ERR,ERR,ERR,ERR,ERR,ERR,ERR,ERR,ERR,ERR,50.0,60.0,100,0.0,0.0,0.0,0.0,0.0,0.0,0.0,0.0,0.0,0.0,0.0,0.0,0.0,0.0,0.0,0.0,61.6,73,14,65513,50,65476,0,300,0,0,8,20529,65476,0,0,26214,60.0,0.0,0.0,0.0,0.0,0.0
2026-05-17T18:41:54,ERR,ERR,ERR,ERR,ERR,ERR,ERR,ERR,ERR,ERR,ERR,ERR,ERR,ERR,ERR,ERR,ERR,ERR,ERR,ERR,ERR,ERR,ERR,ERR,ERR,ERR,ERR,ERR,ERR,ERR,ERR,ERR,ERR,ERR,ERR,ERR,ERR,ERR,ERR,ERR,ERR,ERR,ERR,ERR,ERR,ERR,ERR,ERR,ERR,ERR,ERR,ERR,ERR,ERR,ERR,ERR,ERR,ERR,ERR,ERR,ERR,ERR,ERR,ERR,ERR,ERR,ERR,ERR,ERR,ERR,ERR,ERR,ERR,ERR,ERR,ERR,ERR,ERR,ERR,ERR,ERR,ERR,ERR,ERR,ERR,ERR,ERR,ERR,ERR,ERR,ERR,ERR,ERR,ERR,ERR,ERR,ERR,ERR,ERR,ERR,ERR,ERR,ERR,ERR,ERR,ERR,ERR,ERR,ERR,ERR,ERR,ERR,ERR,ERR,ERR,ERR,ERR,ERR,ERR,ERR,ERR,ERR,ERR,ERR,ERR,0.0,0.0,-134474944.0,0.0,0.0,1.3936040501711995e+18,7.805,0.0,0,0,4,0,8422,0.0,45,0.0,0.0,0.0,0.0,0.0,0,0,0,0,0.0,0,0,0,0,0,0,0,0,0,0,0,0,0,0,0,0,0,0,0,0,0,0,0,0,0,0,0,0,0,0,0,0,0,38,14,7,45,65476,0,300,0,0,8,21553,0.0,-107605600.0,0.0,0.0,0.0,0.0,0.0,0.0,0.0,0.0,0.0,0.0,0.0,0.0,0.0,0.0,0.0,0.0,0.0,0.0,0.0,0.0,2.004,2.004,-0.0,0.0,0.0,0.0,0.0,0.0,5015.0,0.0,0.0,0.0,0.0,-107615280.0,2.718429300292151e+23,0.0,0.0,0.0,0.0,53,-0.0,-0.0,0.0,0.0,0.0,0.0,0.0,0.0,0.0,0,0,0,0.0,0.0,0.0,0.0,0.0,0.0,0.0,0.0,0.0,0.0,0.0,0.0,0.0,0.0,0.0,0.0,0,-107875648.0,53,0.0,106,-107614832.0,0.0,ERR,ERR,ERR,ERR,ERR,ERR,ERR,ERR,ERR,ERR,ERR,ERR,ERR,ERR,ERR,ERR,ERR,ERR,ERR,ERR,ERR,ERR,ERR,ERR,ERR,ERR,ERR,ERR,ERR,ERR,ERR,ERR,ERR,ERR,ERR,ERR,ERR,ERR,ERR,ERR,ERR,ERR,ERR,ERR,ERR,ERR,ERR,ERR,ERR,ERR,ERR,ERR,ERR,ERR,ERR,ERR,ERR,ERR,ERR,ERR,ERR,ERR,ERR,ERR,ERR,ERR,ERR,50.0,60.0,100,0.0,0.0,0.0,0.0,0.0,0.0,0.0,0.0,0.0,0.0,0.0,0.0,0.0,0.0,0.0,0.0,61.6,73,14,65513,50,65476,0,300,0,0,8,20529,65476,0,0,26214,60.0,0.0,0.0,0.0,0.0,0.0
2026-05-17T18:41:55,ERR,ERR,ERR,ERR,ERR,ERR,ERR,ERR,ERR,ERR,ERR,ERR,ERR,ERR,ERR,ERR,ERR,ERR,ERR,ERR,ERR,ERR,ERR,ERR,ERR,ERR,ERR,ERR,ERR,ERR,ERR,ERR,ERR,ERR,ERR,ERR,ERR,ERR,ERR,ERR,ERR,ERR,ERR,ERR,ERR,ERR,ERR,ERR,ERR,ERR,ERR,ERR,ERR,ERR,ERR,ERR,ERR,ERR,ERR,ERR,ERR,ERR,ERR,ERR,ERR,ERR,ERR,ERR,ERR,ERR,ERR,ERR,ERR,ERR,ERR,ERR,ERR,ERR,ERR,ERR,ERR,ERR,ERR,ERR,ERR,ERR,ERR,ERR,ERR,ERR,ERR,ERR,ERR,ERR,ERR,ERR,ERR,ERR,ERR,ERR,ERR,ERR,ERR,ERR,ERR,ERR,ERR,ERR,ERR,ERR,ERR,ERR,ERR,ERR,ERR,ERR,ERR,ERR,ERR,ERR,ERR,ERR,ERR,ERR,ERR,0.0,0.0,-134474944.0,0.0,0.0,1.3936040501711995e+18,7.805,0.0,0,0,4,0,8422,0.0,45,0.0,0.0,0.0,0.0,0.0,0,0,0,0,0.0,0,0,0,0,0,0,0,0,0,0,0,0,0,0,0,0,0,0,0,0,0,0,0,0,0,0,0,0,0,0,0,0,0,38,14,7,45,65476,0,300,0,0,8,21553,0.0,-107605600.0,0.0,0.0,0.0,0.0,0.0,0.0,0.0,0.0,0.0,0.0,0.0,0.0,0.0,0.0,0.0,0.0,0.0,0.0,0.0,0.0,2.004,2.004,-0.0,0.0,0.0,0.0,0.0,0.0,5015.0,0.0,0.0,0.0,0.0,-107615280.0,2.718429300292151e+23,0.0,0.0,0.0,0.0,53,-0.0,-0.0,0.0,0.0,0.0,0.0,0.0,0.0,0.0,0,0,0,0.0,0.0,0.0,0.0,0.0,0.0,0.0,0.0,0.0,0.0,0.0,0.0,0.0,0.0,0.0,0.0,0,-107875648.0,53,0.0,106,-107614832.0,0.0,ERR,ERR,ERR,ERR,ERR,ERR,ERR,ERR,ERR,ERR,ERR,ERR,ERR,ERR,ERR,ERR,ERR,ERR,ERR,ERR,ERR,ERR,ERR,ERR,ERR,ERR,ERR,ERR,ERR,ERR,ERR,ERR,ERR,ERR,ERR,ERR,ERR,ERR,ERR,ERR,ERR,ERR,ERR,ERR,ERR,ERR,ERR,ERR,ERR,ERR,ERR,ERR,ERR,ERR,ERR,ERR,ERR,ERR,ERR,ERR,ERR,ERR,ERR,ERR,ERR,ERR,ERR,50.0,60.0,100,0.0,0.0,0.0,0.0,0.0,0.0,0.0,0.0,0.0,0.0,0.0,0.0,0.0,0.0,0.0,0.0,61.6,73,14,65513,50,65476,0,300,0,0,8,20529,65476,0,0,26214,60.0,0.0,0.0,0.0,0.0,0.0
2026-05-17T18:41:56,ERR,ERR,ERR,ERR,ERR,ERR,ERR,ERR,ERR,ERR,ERR,ERR,ERR,ERR,ERR,ERR,ERR,ERR,ERR,ERR,ERR,ERR,ERR,ERR,ERR,ERR,ERR,ERR,ERR,ERR,ERR,ERR,ERR,ERR,ERR,ERR,ERR,ERR,ERR,ERR,ERR,ERR,ERR,ERR,ERR,ERR,ERR,ERR,ERR,ERR,ERR,ERR,ERR,ERR,ERR,ERR,ERR,ERR,ERR,ERR,ERR,ERR,ERR,ERR,ERR,ERR,ERR,ERR,ERR,ERR,ERR,ERR,ERR,ERR,ERR,ERR,ERR,ERR,ERR,ERR,ERR,ERR,ERR,ERR,ERR,ERR,ERR,ERR,ERR,ERR,ERR,ERR,ERR,ERR,ERR,ERR,ERR,ERR,ERR,ERR,ERR,ERR,ERR,ERR,ERR,ERR,ERR,ERR,ERR,ERR,ERR,ERR,ERR,ERR,ERR,ERR,ERR,ERR,ERR,ERR,ERR,ERR,ERR,ERR,ERR,0.0,0.0,-134474944.0,0.0,0.0,1.3936040501711995e+18,7.805,0.0,0,0,4,0,8422,0.0,45,0.0,0.0,0.0,0.0,0.0,0,0,0,0,0.0,0,0,0,0,0,0,0,0,0,0,0,0,0,0,0,0,0,0,0,0,0,0,0,0,0,0,0,0,0,0,0,0,0,38,14,7,45,65476,0,300,0,0,8,21553,0.0,-107605600.0,0.0,0.0,0.0,0.0,0.0,0.0,0.0,0.0,0.0,0.0,0.0,0.0,0.0,0.0,0.0,0.0,0.0,0.0,0.0,0.0,2.004,2.004,-0.0,0.0,0.0,0.0,0.0,0.0,5015.0,0.0,0.0,0.0,0.0,-107615280.0,2.718429300292151e+23,0.0,0.0,0.0,0.0,53,-0.0,-0.0,0.0,0.0,0.0,0.0,0.0,0.0,0.0,0,0,0,0.0,0.0,0.0,0.0,0.0,0.0,0.0,0.0,0.0,0.0,0.0,0.0,0.0,0.0,0.0,0.0,0,-107875648.0,53,0.0,106,-107614832.0,0.0,ERR,ERR,ERR,ERR,ERR,ERR,ERR,ERR,ERR,ERR,ERR,ERR,ERR,ERR,ERR,ERR,ERR,ERR,ERR,ERR,ERR,ERR,ERR,ERR,ERR,ERR,ERR,ERR,ERR,ERR,ERR,ERR,ERR,ERR,ERR,ERR,ERR,ERR,ERR,ERR,ERR,ERR,ERR,ERR,ERR,ERR,ERR,ERR,ERR,ERR,ERR,ERR,ERR,ERR,ERR,ERR,ERR,ERR,ERR,ERR,ERR,ERR,ERR,ERR,ERR,ERR,ERR,50.0,60.0,100,0.0,0.0,0.0,0.0,0.0,0.0,0.0,0.0,0.0,0.0,0.0,0.0,0.0,0.0,0.0,0.0,61.6,73,14,65513,50,65476,0,300,0,0,8,20529,65476,0,0,26214,60.0,0.0,0.0,0.0,0.0,0.0
2026-05-17T18:41:57,ERR,ERR,ERR,ERR,ERR,ERR,ERR,ERR,ERR,ERR,ERR,ERR,ERR,ERR,ERR,ERR,ERR,ERR,ERR,ERR,ERR,ERR,ERR,ERR,ERR,ERR,ERR,ERR,ERR,ERR,ERR,ERR,ERR,ERR,ERR,ERR,ERR,ERR,ERR,ERR,ERR,ERR,ERR,ERR,ERR,ERR,ERR,ERR,ERR,ERR,ERR,ERR,ERR,ERR,ERR,ERR,ERR,ERR,ERR,ERR,ERR,ERR,ERR,ERR,ERR,ERR,ERR,ERR,ERR,ERR,ERR,ERR,ERR,ERR,ERR,ERR,ERR,ERR,ERR,ERR,ERR,ERR,ERR,ERR,ERR,ERR,ERR,ERR,ERR,ERR,ERR,ERR,ERR,ERR,ERR,ERR,ERR,ERR,ERR,ERR,ERR,ERR,ERR,ERR,ERR,ERR,ERR,ERR,ERR,ERR,ERR,ERR,ERR,ERR,ERR,ERR,ERR,ERR,ERR,ERR,ERR,ERR,ERR,ERR,ERR,0.0,0.0,-134474944.0,0.0,0.0,1.3936040501711995e+18,7.805,0.0,0,0,4,0,8422,0.0,45,0.0,0.0,0.0,0.0,0.0,0,0,0,0,0.0,0,0,0,0,0,0,0,0,0,0,0,0,0,0,0,0,0,0,0,0,0,0,0,0,0,0,0,0,0,0,0,0,0,38,14,7,45,65476,0,300,0,0,8,21553,0.0,-107605600.0,0.0,0.0,0.0,0.0,0.0,0.0,0.0,0.0,0.0,0.0,0.0,0.0,0.0,0.0,0.0,0.0,0.0,0.0,0.0,0.0,2.004,2.004,-0.0,0.0,0.0,0.0,0.0,0.0,5015.0,0.0,0.0,0.0,0.0,-107615280.0,2.718429300292151e+23,0.0,0.0,0.0,0.0,53,-0.0,-0.0,0.0,0.0,0.0,0.0,0.0,0.0,0.0,0,0,0,0.0,0.0,0.0,0.0,0.0,0.0,0.0,0.0,0.0,0.0,0.0,0.0,0.0,0.0,0.0,0.0,0,-107875648.0,53,0.0,106,-107614832.0,0.0,ERR,ERR,ERR,ERR,ERR,ERR,ERR,ERR,ERR,ERR,ERR,ERR,ERR,ERR,ERR,ERR,ERR,ERR,ERR,ERR,ERR,ERR,ERR,ERR,ERR,ERR,ERR,ERR,ERR,ERR,ERR,ERR,ERR,ERR,ERR,ERR,ERR,ERR,ERR,ERR,ERR,ERR,ERR,ERR,ERR,ERR,ERR,ERR,ERR,ERR,ERR,ERR,ERR,ERR,ERR,ERR,ERR,ERR,ERR,ERR,ERR,ERR,ERR,ERR,ERR,ERR,ERR,50.0,60.0,100,0.0,0.0,0.0,0.0,0.0,0.0,0.0,0.0,0.0,0.0,0.0,0.0,0.0,0.0,0.0,0.0,61.6,73,14,65513,50,65476,0,300,0,0,8,20529,65476,0,0,26214,60.0,0.0,0.0,0.0,0.0,0.0
2026-05-17T18:41:58,ERR,ERR,ERR,ERR,ERR,ERR,ERR,ERR,ERR,ERR,ERR,ERR,ERR,ERR,ERR,ERR,ERR,ERR,ERR,ERR,ERR,ERR,ERR,ERR,ERR,ERR,ERR,ERR,ERR,ERR,ERR,ERR,ERR,ERR,ERR,ERR,ERR,ERR,ERR,ERR,ERR,ERR,ERR,ERR,ERR,ERR,ERR,ERR,ERR,ERR,ERR,ERR,ERR,ERR,ERR,ERR,ERR,ERR,ERR,ERR,ERR,ERR,ERR,ERR,ERR,ERR,ERR,ERR,ERR,ERR,ERR,ERR,ERR,ERR,ERR,ERR,ERR,ERR,ERR,ERR,ERR,ERR,ERR,ERR,ERR,ERR,ERR,ERR,ERR,ERR,ERR,ERR,ERR,ERR,ERR,ERR,ERR,ERR,ERR,ERR,ERR,ERR,ERR,ERR,ERR,ERR,ERR,ERR,ERR,ERR,ERR,ERR,ERR,ERR,ERR,ERR,ERR,ERR,ERR,ERR,ERR,ERR,ERR,ERR,ERR,0.0,0.0,-134474944.0,0.0,0.0,1.3936040501711995e+18,7.805,0.0,0,0,4,0,8422,0.0,45,0.0,0.0,0.0,0.0,0.0,0,0,0,0,0.0,0,0,0,0,0,0,0,0,0,0,0,0,0,0,0,0,0,0,0,0,0,0,0,0,0,0,0,0,0,0,0,0,0,38,14,7,45,65476,0,300,0,0,8,21553,0.0,-107605600.0,0.0,0.0,0.0,0.0,0.0,0.0,0.0,0.0,0.0,0.0,0.0,0.0,0.0,0.0,0.0,0.0,0.0,0.0,0.0,0.0,2.004,2.004,-0.0,0.0,0.0,0.0,0.0,0.0,5021.0,564145833377792.0,0.0,0.0,0.0,-107615280.0,2.718429300292151e+23,0.0,0.0,0.0,0.0,53,-0.0,0.0,0.0,0.0,0.0,0.0,0.0,0.0,0.0,0,0,0,0.0,0.0,0.0,0.0,0.0,0.0,0.0,0.0,0.0,0.0,0.0,0.0,0.0,0.0,0.0,0.0,0,-107875648.0,53,0.0,106,-107614832.0,0.0,ERR,ERR,ERR,ERR,ERR,ERR,ERR,ERR,ERR,ERR,ERR,ERR,ERR,ERR,ERR,ERR,ERR,ERR,ERR,ERR,ERR,ERR,ERR,ERR,ERR,ERR,ERR,ERR,ERR,ERR,ERR,ERR,ERR,ERR,ERR,ERR,ERR,ERR,ERR,ERR,ERR,ERR,ERR,ERR,ERR,ERR,ERR,ERR,ERR,ERR,ERR,ERR,ERR,ERR,ERR,ERR,ERR,ERR,ERR,ERR,ERR,ERR,ERR,ERR,ERR,ERR,ERR,50.0,60.0,100,0.0,0.0,0.0,0.0,0.0,0.0,0.0,0.0,0.0,0.0,0.0,0.0,0.0,0.0,0.0,0.0,61.6,73,14,65513,50,65476,0,300,0,0,8,20529,65476,0,0,26214,60.0,0.0,0.0,0.0,0.0,0.0
2026-05-17T18:41:59,ERR,ERR,ERR,ERR,ERR,ERR,ERR,ERR,ERR,ERR,ERR,ERR,ERR,ERR,ERR,ERR,ERR,ERR,ERR,ERR,ERR,ERR,ERR,ERR,ERR,ERR,ERR,ERR,ERR,ERR,ERR,ERR,ERR,ERR,ERR,ERR,ERR,ERR,ERR,ERR,ERR,ERR,ERR,ERR,ERR,ERR,ERR,ERR,ERR,ERR,ERR,ERR,ERR,ERR,ERR,ERR,ERR,ERR,ERR,ERR,ERR,ERR,ERR,ERR,ERR,ERR,ERR,ERR,ERR,ERR,ERR,ERR,ERR,ERR,ERR,ERR,ERR,ERR,ERR,ERR,ERR,ERR,ERR,ERR,ERR,ERR,ERR,ERR,ERR,ERR,ERR,ERR,ERR,ERR,ERR,ERR,ERR,ERR,ERR,ERR,ERR,ERR,ERR,ERR,ERR,ERR,ERR,ERR,ERR,ERR,ERR,ERR,ERR,ERR,ERR,ERR,ERR,ERR,ERR,ERR,ERR,ERR,ERR,ERR,ERR,0.0,0.0,-134474944.0,0.0,0.0,1.3936040501711995e+18,7.805,0.0,0,0,4,0,8422,0.0,45,0.0,0.0,0.0,0.0,0.0,0,0,0,0,0.0,0,0,0,0,0,0,0,0,0,0,0,0,0,0,0,0,0,0,0,0,0,0,0,0,0,0,0,0,0,0,0,0,0,38,14,7,45,65476,0,300,0,0,8,21553,0.0,-107605600.0,0.0,0.0,0.0,0.0,0.0,0.0,0.0,0.0,0.0,0.0,0.0,0.0,0.0,0.0,0.0,0.0,0.0,0.0,0.0,0.0,2.004,2.004,-0.0,0.0,0.0,0.0,0.0,0.0,5021.0,564145833377792.0,0.0,0.0,0.0,-107615280.0,2.718429300292151e+23,0.0,0.0,0.0,0.0,53,-0.0,0.0,0.0,0.0,0.0,0.0,0.0,0.0,0.0,0,0,0,0.0,0.0,0.0,0.0,0.0,0.0,0.0,0.0,0.0,0.0,0.0,0.0,0.0,0.0,0.0,0.0,0,-107875648.0,53,0.0,106,-107614832.0,0.0,ERR,ERR,ERR,ERR,ERR,ERR,ERR,ERR,ERR,ERR,ERR,ERR,ERR,ERR,ERR,ERR,ERR,ERR,ERR,ERR,ERR,ERR,ERR,ERR,ERR,ERR,ERR,ERR,ERR,ERR,ERR,ERR,ERR,ERR,ERR,ERR,ERR,ERR,ERR,ERR,ERR,ERR,ERR,ERR,ERR,ERR,ERR,ERR,ERR,ERR,ERR,ERR,ERR,ERR,ERR,ERR,ERR,ERR,ERR,ERR,ERR,ERR,ERR,ERR,ERR,ERR,ERR,50.0,60.0,100,0.0,0.0,0.0,0.0,0.0,0.0,0.0,0.0,0.0,0.0,0.0,0.0,0.0,0.0,0.0,0.0,62.0,73,14,65513,50,65476,0,300,0,0,8,20529,65476,0,0,26214,60.0,0.0,0.0,0.0,0.0,0.0
2026-05-17T18:42:00,ERR,ERR,ERR,ERR,ERR,ERR,ERR,ERR,ERR,ERR,ERR,ERR,ERR,ERR,ERR,ERR,ERR,ERR,ERR,ERR,ERR,ERR,ERR,ERR,ERR,ERR,ERR,ERR,ERR,ERR,ERR,ERR,ERR,ERR,ERR,ERR,ERR,ERR,ERR,ERR,ERR,ERR,ERR,ERR,ERR,ERR,ERR,ERR,ERR,ERR,ERR,ERR,ERR,ERR,ERR,ERR,ERR,ERR,ERR,ERR,ERR,ERR,ERR,ERR,ERR,ERR,ERR,ERR,ERR,ERR,ERR,ERR,ERR,ERR,ERR,ERR,ERR,ERR,ERR,ERR,ERR,ERR,ERR,ERR,ERR,ERR,ERR,ERR,ERR,ERR,ERR,ERR,ERR,ERR,ERR,ERR,ERR,ERR,ERR,ERR,ERR,ERR,ERR,ERR,ERR,ERR,ERR,ERR,ERR,ERR,ERR,ERR,ERR,ERR,ERR,ERR,ERR,ERR,ERR,ERR,ERR,ERR,ERR,ERR,ERR,0.0,0.0,-134474944.0,0.0,0.0,1.3936040501711995e+18,7.805,0.0,0,0,4,0,8422,0.0,45,0.0,0.0,0.0,0.0,0.0,0,0,0,0,0.0,0,0,0,0,0,0,0,0,0,0,0,0,0,0,0,0,0,0,0,0,0,0,0,0,0,0,0,0,0,0,0,0,0,38,14,7,45,65476,0,300,0,0,8,21553,0.0,-107605600.0,0.0,0.0,0.0,0.0,0.0,0.0,0.0,0.0,0.0,0.0,0.0,0.0,0.0,0.0,0.0,0.0,0.0,0.0,0.0,0.0,2.004,2.004,-0.0,0.0,0.0,0.0,0.0,0.0,5021.0,564145833377792.0,0.0,0.0,0.0,-107615280.0,2.718429300292151e+23,0.0,0.0,0.0,0.0,53,-0.0,0.0,0.0,0.0,0.0,0.0,0.0,0.0,0.0,0,0,0,0.0,0.0,0.0,0.0,0.0,0.0,0.0,0.0,0.0,0.0,0.0,0.0,0.0,0.0,0.0,0.0,0,-107875648.0,53,0.0,106,-107614832.0,0.0,ERR,ERR,ERR,ERR,ERR,ERR,ERR,ERR,ERR,ERR,ERR,ERR,ERR,ERR,ERR,ERR,ERR,ERR,ERR,ERR,ERR,ERR,ERR,ERR,ERR,ERR,ERR,ERR,ERR,ERR,ERR,ERR,ERR,ERR,ERR,ERR,ERR,ERR,ERR,ERR,ERR,ERR,ERR,ERR,ERR,ERR,ERR,ERR,ERR,ERR,ERR,ERR,ERR,ERR,ERR,ERR,ERR,ERR,ERR,ERR,ERR,ERR,ERR,ERR,ERR,ERR,ERR,50.0,60.0,100,0.0,0.0,0.0,0.0,0.0,0.0,0.0,0.0,0.0,0.0,0.0,0.0,0.0,0.0,0.0,0.0,62.0,73,14,65513,50,65476,0,300,0,0,8,20529,65476,0,0,26214,60.0,0.0,0.0,0.0,0.0,0.0
2026-05-17T18:42:01,ERR,ERR,ERR,ERR,ERR,ERR,ERR,ERR,ERR,ERR,ERR,ERR,ERR,ERR,ERR,ERR,ERR,ERR,ERR,ERR,ERR,ERR,ERR,ERR,ERR,ERR,ERR,ERR,ERR,ERR,ERR,ERR,ERR,ERR,ERR,ERR,ERR,ERR,ERR,ERR,ERR,ERR,ERR,ERR,ERR,ERR,ERR,ERR,ERR,ERR,ERR,ERR,ERR,ERR,ERR,ERR,ERR,ERR,ERR,ERR,ERR,ERR,ERR,ERR,ERR,ERR,ERR,ERR,ERR,ERR,ERR,ERR,ERR,ERR,ERR,ERR,ERR,ERR,ERR,ERR,ERR,ERR,ERR,ERR,ERR,ERR,ERR,ERR,ERR,ERR,ERR,ERR,ERR,ERR,ERR,ERR,ERR,ERR,ERR,ERR,ERR,ERR,ERR,ERR,ERR,ERR,ERR,ERR,ERR,ERR,ERR,ERR,ERR,ERR,ERR,ERR,ERR,ERR,ERR,ERR,ERR,ERR,ERR,ERR,ERR,0.0,0.0,-134474944.0,0.0,0.0,1.3936040501711995e+18,7.805,0.0,0,0,4,0,8422,0.0,45,0.0,0.0,0.0,0.0,0.0,0,0,0,0,0.0,0,0,0,0,0,0,0,0,0,0,0,0,0,0,0,0,0,0,0,0,0,0,0,0,0,0,0,0,0,0,0,0,0,38,14,7,45,65476,0,300,0,0,8,21553,0.0,-107605600.0,0.0,0.0,0.0,0.0,0.0,0.0,0.0,0.0,0.0,0.0,0.0,0.0,0.0,0.0,0.0,0.0,0.0,0.0,0.0,0.0,2.004,2.004,-0.0,0.0,0.0,0.0,0.0,0.0,5021.0,564145833377792.0,0.0,0.0,0.0,-107615280.0,2.718429300292151e+23,0.0,0.0,0.0,0.0,53,-0.0,0.0,0.0,0.0,0.0,0.0,0.0,0.0,0.0,0,0,0,0.0,0.0,0.0,0.0,0.0,0.0,0.0,0.0,0.0,0.0,0.0,0.0,0.0,0.0,0.0,0.0,0,-107875648.0,53,0.0,106,-107614832.0,0.0,ERR,ERR,ERR,ERR,ERR,ERR,ERR,ERR,ERR,ERR,ERR,ERR,ERR,ERR,ERR,ERR,ERR,ERR,ERR,ERR,ERR,ERR,ERR,ERR,ERR,ERR,ERR,ERR,ERR,ERR,ERR,ERR,ERR,ERR,ERR,ERR,ERR,ERR,ERR,ERR,ERR,ERR,ERR,ERR,ERR,ERR,ERR,ERR,ERR,ERR,ERR,ERR,ERR,ERR,ERR,ERR,ERR,ERR,ERR,ERR,ERR,ERR,ERR,ERR,ERR,ERR,ERR,50.0,60.0,100,0.0,0.0,0.0,0.0,0.0,0.0,0.0,0.0,0.0,0.0,0.0,0.0,0.0,0.0,0.0,0.0,61.6,73,14,65513,50,65476,0,300,0,0,8,20529,65476,0,0,26214,60.0,0.0,0.0,0.0,0.0,0.0
2026-05-17T18:42:02,ERR,ERR,ERR,ERR,ERR,ERR,ERR,ERR,ERR,ERR,ERR,ERR,ERR,ERR,ERR,ERR,ERR,ERR,ERR,ERR,ERR,ERR,ERR,ERR,ERR,ERR,ERR,ERR,ERR,ERR,ERR,ERR,ERR,ERR,ERR,ERR,ERR,ERR,ERR,ERR,ERR,ERR,ERR,ERR,ERR,ERR,ERR,ERR,ERR,ERR,ERR,ERR,ERR,ERR,ERR,ERR,ERR,ERR,ERR,ERR,ERR,ERR,ERR,ERR,ERR,ERR,ERR,ERR,ERR,ERR,ERR,ERR,ERR,ERR,ERR,ERR,ERR,ERR,ERR,ERR,ERR,ERR,ERR,ERR,ERR,ERR,ERR,ERR,ERR,ERR,ERR,ERR,ERR,ERR,ERR,ERR,ERR,ERR,ERR,ERR,ERR,ERR,ERR,ERR,ERR,ERR,ERR,ERR,ERR,ERR,ERR,ERR,ERR,ERR,ERR,ERR,ERR,ERR,ERR,ERR,ERR,ERR,ERR,ERR,ERR,0.0,0.0,-134474944.0,0.0,0.0,1.3936040501711995e+18,7.805,0.0,0,0,4,0,8422,0.0,45,0.0,0.0,0.0,0.0,0.0,0,0,0,0,0.0,0,0,0,0,0,0,0,0,0,0,0,0,0,0,0,0,0,0,0,0,0,0,0,0,0,0,0,0,0,0,0,0,0,38,14,7,45,65476,0,300,0,0,8,21553,0.0,-107605600.0,0.0,0.0,0.0,0.0,0.0,0.0,0.0,0.0,0.0,0.0,0.0,0.0,0.0,0.0,0.0,0.0,0.0,0.0,0.0,0.0,2.004,2.004,-0.0,0.0,0.0,0.0,0.0,0.0,5021.0,564145833377792.0,0.0,0.0,0.0,-107615280.0,2.718429300292151e+23,0.0,0.0,0.0,0.0,53,-0.0,0.0,0.0,0.0,0.0,0.0,0.0,0.0,0.0,0,0,0,0.0,0.0,0.0,0.0,0.0,0.0,0.0,0.0,0.0,0.0,0.0,0.0,0.0,0.0,0.0,0.0,0,-107875648.0,53,0.0,106,-107614832.0,0.0,ERR,ERR,ERR,ERR,ERR,ERR,ERR,ERR,ERR,ERR,ERR,ERR,ERR,ERR,ERR,ERR,ERR,ERR,ERR,ERR,ERR,ERR,ERR,ERR,ERR,ERR,ERR,ERR,ERR,ERR,ERR,ERR,ERR,ERR,ERR,ERR,ERR,ERR,ERR,ERR,ERR,ERR,ERR,ERR,ERR,ERR,ERR,ERR,ERR,ERR,ERR,ERR,ERR,ERR,ERR,ERR,ERR,ERR,ERR,ERR,ERR,ERR,ERR,ERR,ERR,ERR,ERR,50.0,60.0,100,0.0,0.0,0.0,0.0,0.0,0.0,0.0,0.0,0.0,0.0,0.0,0.0,0.0,0.0,0.0,0.0,61.6,73,14,65513,50,65476,0,300,0,0,8,20529,65476,0,0,26214,60.0,0.0,0.0,0.0,0.0,0.0
2026-05-17T18:42:03,ERR,ERR,ERR,ERR,ERR,ERR,ERR,ERR,ERR,ERR,ERR,ERR,ERR,ERR,ERR,ERR,ERR,ERR,ERR,ERR,ERR,ERR,ERR,ERR,ERR,ERR,ERR,ERR,ERR,ERR,ERR,ERR,ERR,ERR,ERR,ERR,ERR,ERR,ERR,ERR,ERR,ERR,ERR,ERR,ERR,ERR,ERR,ERR,ERR,ERR,ERR,ERR,ERR,ERR,ERR,ERR,ERR,ERR,ERR,ERR,ERR,ERR,ERR,ERR,ERR,ERR,ERR,ERR,ERR,ERR,ERR,ERR,ERR,ERR,ERR,ERR,ERR,ERR,ERR,ERR,ERR,ERR,ERR,ERR,ERR,ERR,ERR,ERR,ERR,ERR,ERR,ERR,ERR,ERR,ERR,ERR,ERR,ERR,ERR,ERR,ERR,ERR,ERR,ERR,ERR,ERR,ERR,ERR,ERR,ERR,ERR,ERR,ERR,ERR,ERR,ERR,ERR,ERR,ERR,ERR,ERR,ERR,ERR,ERR,ERR,0.0,0.0,-134474944.0,0.0,0.0,1.3936040501711995e+18,7.805,0.0,0,0,4,0,8422,0.0,45,0.0,0.0,0.0,0.0,0.0,0,0,0,0,0.0,0,0,0,0,0,0,0,0,0,0,0,0,0,0,0,0,0,0,0,0,0,0,0,0,0,0,0,0,0,0,0,0,0,38,14,7,45,65476,0,300,0,0,8,21553,0.0,-107605600.0,0.0,0.0,0.0,0.0,0.0,0.0,0.0,0.0,0.0,0.0,0.0,0.0,0.0,0.0,0.0,0.0,0.0,0.0,0.0,0.0,2.004,2.004,-0.0,0.0,0.0,0.0,0.0,0.0,5015.0,0.0,0.0,0.0,0.0,-107615280.0,2.718429300292151e+23,0.0,0.0,0.0,0.0,53,-0.0,-0.0,0.0,0.0,0.0,0.0,0.0,0.0,0.0,0,0,0,0.0,0.0,0.0,0.0,0.0,0.0,0.0,0.0,0.0,0.0,0.0,0.0,0.0,0.0,0.0,0.0,0,-107875648.0,53,0.0,106,-107614832.0,0.0,ERR,ERR,ERR,ERR,ERR,ERR,ERR,ERR,ERR,ERR,ERR,ERR,ERR,ERR,ERR,ERR,ERR,ERR,ERR,ERR,ERR,ERR,ERR,ERR,ERR,ERR,ERR,ERR,ERR,ERR,ERR,ERR,ERR,ERR,ERR,ERR,ERR,ERR,ERR,ERR,ERR,ERR,ERR,ERR,ERR,ERR,ERR,ERR,ERR,ERR,ERR,ERR,ERR,ERR,ERR,ERR,ERR,ERR,ERR,ERR,ERR,ERR,ERR,ERR,ERR,ERR,ERR,50.0,60.0,100,0.0,0.0,0.0,0.0,0.0,0.0,0.0,0.0,0.0,0.0,0.0,0.0,0.0,0.0,0.0,0.0,61.6,73,14,65513,50,65476,0,300,0,0,8,20529,65476,0,0,26214,60.0,0.0,0.0,0.0,0.0,0.0
2026-05-17T18:42:04,ERR,ERR,ERR,ERR,ERR,ERR,ERR,ERR,ERR,ERR,ERR,ERR,ERR,ERR,ERR,ERR,ERR,ERR,ERR,ERR,ERR,ERR,ERR,ERR,ERR,ERR,ERR,ERR,ERR,ERR,ERR,ERR,ERR,ERR,ERR,ERR,ERR,ERR,ERR,ERR,ERR,ERR,ERR,ERR,ERR,ERR,ERR,ERR,ERR,ERR,ERR,ERR,ERR,ERR,ERR,ERR,ERR,ERR,ERR,ERR,ERR,ERR,ERR,ERR,ERR,ERR,ERR,ERR,ERR,ERR,ERR,ERR,ERR,ERR,ERR,ERR,ERR,ERR,ERR,ERR,ERR,ERR,ERR,ERR,ERR,ERR,ERR,ERR,ERR,ERR,ERR,ERR,ERR,ERR,ERR,ERR,ERR,ERR,ERR,ERR,ERR,ERR,ERR,ERR,ERR,ERR,ERR,ERR,ERR,ERR,ERR,ERR,ERR,ERR,ERR,ERR,ERR,ERR,ERR,ERR,ERR,ERR,ERR,ERR,ERR,0.0,0.0,-134474944.0,0.0,0.0,1.3936040501711995e+18,7.805,0.0,0,0,4,0,8422,0.0,45,0.0,0.0,0.0,0.0,0.0,0,0,0,0,0.0,0,0,0,0,0,0,0,0,0,0,0,0,0,0,0,0,0,0,0,0,0,0,0,0,0,0,0,0,0,0,0,0,0,38,14,7,45,65476,0,300,0,0,8,21553,0.0,-107605600.0,0.0,0.0,0.0,0.0,0.0,0.0,0.0,0.0,0.0,0.0,0.0,0.0,0.0,0.0,0.0,0.0,0.0,0.0,0.0,0.0,2.004,2.004,-0.0,0.0,0.0,0.0,0.0,0.0,5015.0,0.0,0.0,0.0,0.0,-107615280.0,2.718429300292151e+23,0.0,0.0,0.0,0.0,53,-0.0,-0.0,0.0,0.0,0.0,0.0,0.0,0.0,0.0,0,0,0,0.0,0.0,0.0,0.0,0.0,0.0,0.0,0.0,0.0,0.0,0.0,0.0,0.0,0.0,0.0,0.0,0,-107875648.0,53,0.0,106,-107614832.0,0.0,ERR,ERR,ERR,ERR,ERR,ERR,ERR,ERR,ERR,ERR,ERR,ERR,ERR,ERR,ERR,ERR,ERR,ERR,ERR,ERR,ERR,ERR,ERR,ERR,ERR,ERR,ERR,ERR,ERR,ERR,ERR,ERR,ERR,ERR,ERR,ERR,ERR,ERR,ERR,ERR,ERR,ERR,ERR,ERR,ERR,ERR,ERR,ERR,ERR,ERR,ERR,ERR,ERR,ERR,ERR,ERR,ERR,ERR,ERR,ERR,ERR,ERR,ERR,ERR,ERR,ERR,ERR,50.0,60.0,100,0.0,0.0,0.0,0.0,0.0,0.0,0.0,0.0,0.0,0.0,0.0,0.0,0.0,0.0,0.0,0.0,61.6,73,14,65513,50,65476,0,300,0,0,8,20529,65476,0,0,26214,60.0,0.0,0.0,0.0,0.0,0.0
2026-05-17T18:42:05,ERR,ERR,ERR,ERR,ERR,ERR,ERR,ERR,ERR,ERR,ERR,ERR,ERR,ERR,ERR,ERR,ERR,ERR,ERR,ERR,ERR,ERR,ERR,ERR,ERR,ERR,ERR,ERR,ERR,ERR,ERR,ERR,ERR,ERR,ERR,ERR,ERR,ERR,ERR,ERR,ERR,ERR,ERR,ERR,ERR,ERR,ERR,ERR,ERR,ERR,ERR,ERR,ERR,ERR,ERR,ERR,ERR,ERR,ERR,ERR,ERR,ERR,ERR,ERR,ERR,ERR,ERR,ERR,ERR,ERR,ERR,ERR,ERR,ERR,ERR,ERR,ERR,ERR,ERR,ERR,ERR,ERR,ERR,ERR,ERR,ERR,ERR,ERR,ERR,ERR,ERR,ERR,ERR,ERR,ERR,ERR,ERR,ERR,ERR,ERR,ERR,ERR,ERR,ERR,ERR,ERR,ERR,ERR,ERR,ERR,ERR,ERR,ERR,ERR,ERR,ERR,ERR,ERR,ERR,ERR,ERR,ERR,ERR,ERR,ERR,0.0,0.0,-134474944.0,0.0,0.0,1.3936040501711995e+18,7.805,0.0,0,0,4,0,8422,0.0,45,0.0,0.0,0.0,0.0,0.0,0,0,0,0,0.0,0,0,0,0,0,0,0,0,0,0,0,0,0,0,0,0,0,0,0,0,0,0,0,0,0,0,0,0,0,0,0,0,0,38,14,7,45,65476,0,300,0,0,8,21553,0.0,-107605600.0,0.0,0.0,0.0,0.0,0.0,0.0,0.0,0.0,0.0,0.0,0.0,0.0,0.0,0.0,0.0,0.0,0.0,0.0,0.0,0.0,2.004,2.004,-0.0,0.0,0.0,0.0,0.0,0.0,5015.0,0.0,0.0,0.0,0.0,-107615280.0,2.718429300292151e+23,0.0,0.0,0.0,0.0,53,-0.0,-0.0,0.0,0.0,0.0,0.0,0.0,0.0,0.0,0,0,0,0.0,0.0,0.0,0.0,0.0,0.0,0.0,0.0,0.0,0.0,0.0,0.0,0.0,0.0,0.0,0.0,0,-107875648.0,53,0.0,106,-107614832.0,0.0,ERR,ERR,ERR,ERR,ERR,ERR,ERR,ERR,ERR,ERR,ERR,ERR,ERR,ERR,ERR,ERR,ERR,ERR,ERR,ERR,ERR,ERR,ERR,ERR,ERR,ERR,ERR,ERR,ERR,ERR,ERR,ERR,ERR,ERR,ERR,ERR,ERR,ERR,ERR,ERR,ERR,ERR,ERR,ERR,ERR,ERR,ERR,ERR,ERR,ERR,ERR,ERR,ERR,ERR,ERR,ERR,ERR,ERR,ERR,ERR,ERR,ERR,ERR,ERR,ERR,ERR,ERR,50.0,60.0,100,0.0,0.0,0.0,0.0,0.0,0.0,0.0,0.0,0.0,0.0,0.0,0.0,0.0,0.0,0.0,0.0,61.6,73,14,65513,50,65476,0,300,0,0,8,20529,65476,0,0,26214,60.0,0.0,0.0,0.0,0.0,0.0
2026-05-17T18:42:06,ERR,ERR,ERR,ERR,ERR,ERR,ERR,ERR,ERR,ERR,ERR,ERR,ERR,ERR,ERR,ERR,ERR,ERR,ERR,ERR,ERR,ERR,ERR,ERR,ERR,ERR,ERR,ERR,ERR,ERR,ERR,ERR,ERR,ERR,ERR,ERR,ERR,ERR,ERR,ERR,ERR,ERR,ERR,ERR,ERR,ERR,ERR,ERR,ERR,ERR,ERR,ERR,ERR,ERR,ERR,ERR,ERR,ERR,ERR,ERR,ERR,ERR,ERR,ERR,ERR,ERR,ERR,ERR,ERR,ERR,ERR,ERR,ERR,ERR,ERR,ERR,ERR,ERR,ERR,ERR,ERR,ERR,ERR,ERR,ERR,ERR,ERR,ERR,ERR,ERR,ERR,ERR,ERR,ERR,ERR,ERR,ERR,ERR,ERR,ERR,ERR,ERR,ERR,ERR,ERR,ERR,ERR,ERR,ERR,ERR,ERR,ERR,ERR,ERR,ERR,ERR,ERR,ERR,ERR,ERR,ERR,ERR,ERR,ERR,ERR,0.0,0.0,-134474944.0,0.0,0.0,1.3936040501711995e+18,7.805,0.0,0,0,4,0,8422,0.0,45,0.0,0.0,0.0,0.0,0.0,0,0,0,0,0.0,0,0,0,0,0,0,0,0,0,0,0,0,0,0,0,0,0,0,0,0,0,0,0,0,0,0,0,0,0,0,0,0,0,38,14,7,45,65476,0,300,0,0,8,21553,0.0,-107605600.0,0.0,0.0,0.0,0.0,0.0,0.0,0.0,0.0,0.0,0.0,0.0,0.0,0.0,0.0,0.0,0.0,0.0,0.0,0.0,0.0,2.004,2.004,-0.0,0.0,0.0,0.0,0.0,0.0,5015.0,0.0,0.0,0.0,0.0,-107615280.0,2.718429300292151e+23,0.0,0.0,0.0,0.0,53,-0.0,-0.0,0.0,0.0,0.0,0.0,0.0,0.0,0.0,0,0,0,0.0,0.0,0.0,0.0,0.0,0.0,0.0,0.0,0.0,0.0,0.0,0.0,0.0,0.0,0.0,0.0,0,-107875648.0,53,0.0,106,-107614832.0,0.0,ERR,ERR,ERR,ERR,ERR,ERR,ERR,ERR,ERR,ERR,ERR,ERR,ERR,ERR,ERR,ERR,ERR,ERR,ERR,ERR,ERR,ERR,ERR,ERR,ERR,ERR,ERR,ERR,ERR,ERR,ERR,ERR,ERR,ERR,ERR,ERR,ERR,ERR,ERR,ERR,ERR,ERR,ERR,ERR,ERR,ERR,ERR,ERR,ERR,ERR,ERR,ERR,ERR,ERR,ERR,ERR,ERR,ERR,ERR,ERR,ERR,ERR,ERR,ERR,ERR,ERR,ERR,50.0,60.0,100,0.0,0.0,0.0,0.0,0.0,0.0,0.0,0.0,0.0,0.0,0.0,0.0,0.0,0.0,0.0,0.0,61.6,73,14,65513,50,65476,0,300,0,0,8,20529,65476,0,0,26214,60.0,0.0,0.0,0.0,0.0,0.0
2026-05-17T18:42:07,ERR,ERR,ERR,ERR,ERR,ERR,ERR,ERR,ERR,ERR,ERR,ERR,ERR,ERR,ERR,ERR,ERR,ERR,ERR,ERR,ERR,ERR,ERR,ERR,ERR,ERR,ERR,ERR,ERR,ERR,ERR,ERR,ERR,ERR,ERR,ERR,ERR,ERR,ERR,ERR,ERR,ERR,ERR,ERR,ERR,ERR,ERR,ERR,ERR,ERR,ERR,ERR,ERR,ERR,ERR,ERR,ERR,ERR,ERR,ERR,ERR,ERR,ERR,ERR,ERR,ERR,ERR,ERR,ERR,ERR,ERR,ERR,ERR,ERR,ERR,ERR,ERR,ERR,ERR,ERR,ERR,ERR,ERR,ERR,ERR,ERR,ERR,ERR,ERR,ERR,ERR,ERR,ERR,ERR,ERR,ERR,ERR,ERR,ERR,ERR,ERR,ERR,ERR,ERR,ERR,ERR,ERR,ERR,ERR,ERR,ERR,ERR,ERR,ERR,ERR,ERR,ERR,ERR,ERR,ERR,ERR,ERR,ERR,ERR,ERR,0.0,0.0,-134474944.0,0.0,0.0,1.3936040501711995e+18,7.805,0.0,0,0,4,0,8422,0.0,45,0.0,0.0,0.0,0.0,0.0,0,0,0,0,0.0,0,0,0,0,0,0,0,0,0,0,0,0,0,0,0,0,0,0,0,0,0,0,0,0,0,0,0,0,0,0,0,0,0,38,14,7,45,65476,0,300,0,0,8,21553,0.0,-107605600.0,0.0,0.0,0.0,0.0,0.0,0.0,0.0,0.0,0.0,0.0,0.0,0.0,0.0,0.0,0.0,0.0,0.0,0.0,0.0,0.0,2.004,2.004,-0.0,0.0,0.0,0.0,0.0,0.0,5015.0,0.0,0.0,0.0,0.0,-107615280.0,2.718429300292151e+23,0.0,0.0,0.0,0.0,53,-0.0,-0.0,0.0,0.0,0.0,0.0,0.0,0.0,0.0,0,0,0,0.0,0.0,0.0,0.0,0.0,0.0,0.0,0.0,0.0,0.0,0.0,0.0,0.0,0.0,0.0,0.0,0,-107875648.0,53,0.0,106,-107614832.0,0.0,ERR,ERR,ERR,ERR,ERR,ERR,ERR,ERR,ERR,ERR,ERR,ERR,ERR,ERR,ERR,ERR,ERR,ERR,ERR,ERR,ERR,ERR,ERR,ERR,ERR,ERR,ERR,ERR,ERR,ERR,ERR,ERR,ERR,ERR,ERR,ERR,ERR,ERR,ERR,ERR,ERR,ERR,ERR,ERR,ERR,ERR,ERR,ERR,ERR,ERR,ERR,ERR,ERR,ERR,ERR,ERR,ERR,ERR,ERR,ERR,ERR,ERR,ERR,ERR,ERR,ERR,ERR,50.0,60.0,100,0.0,0.0,0.0,0.0,0.0,0.0,0.0,0.0,0.0,0.0,0.0,0.0,0.0,0.0,0.0,0.0,61.6,73,14,65513,50,65476,0,300,0,0,8,20529,65476,0,0,26214,60.0,0.0,0.0,0.0,0.0,0.0
2026-05-17T18:42:08,ERR,ERR,ERR,ERR,ERR,ERR,ERR,ERR,ERR,ERR,ERR,ERR,ERR,ERR,ERR,ERR,ERR,ERR,ERR,ERR,ERR,ERR,ERR,ERR,ERR,ERR,ERR,ERR,ERR,ERR,ERR,ERR,ERR,ERR,ERR,ERR,ERR,ERR,ERR,ERR,ERR,ERR,ERR,ERR,ERR,ERR,ERR,ERR,ERR,ERR,ERR,ERR,ERR,ERR,ERR,ERR,ERR,ERR,ERR,ERR,ERR,ERR,ERR,ERR,ERR,ERR,ERR,ERR,ERR,ERR,ERR,ERR,ERR,ERR,ERR,ERR,ERR,ERR,ERR,ERR,ERR,ERR,ERR,ERR,ERR,ERR,ERR,ERR,ERR,ERR,ERR,ERR,ERR,ERR,ERR,ERR,ERR,ERR,ERR,ERR,ERR,ERR,ERR,ERR,ERR,ERR,ERR,ERR,ERR,ERR,ERR,ERR,ERR,ERR,ERR,ERR,ERR,ERR,ERR,ERR,ERR,ERR,ERR,ERR,ERR,0.0,0.0,-134474944.0,0.0,0.0,1.3936040501711995e+18,7.805,0.0,0,0,4,0,8422,0.0,45,0.0,0.0,0.0,0.0,0.0,0,0,0,0,0.0,0,0,0,0,0,0,0,0,0,0,0,0,0,0,0,0,0,0,0,0,0,0,0,0,0,0,0,0,0,0,0,0,0,38,14,7,45,65476,0,300,0,0,8,21553,0.0,-107605600.0,0.0,0.0,0.0,0.0,0.0,0.0,0.0,0.0,0.0,0.0,0.0,0.0,0.0,0.0,0.0,0.0,0.0,0.0,0.0,0.0,2.004,2.004,-0.0,0.0,0.0,0.0,0.0,0.0,5015.0,0.0,0.0,0.0,0.0,-107615280.0,2.718429300292151e+23,0.0,0.0,0.0,0.0,53,-0.0,-0.0,0.0,0.0,0.0,0.0,0.0,0.0,0.0,0,0,0,0.0,0.0,0.0,0.0,0.0,0.0,0.0,0.0,0.0,0.0,0.0,0.0,0.0,0.0,0.0,0.0,0,-107875648.0,53,0.0,106,-107614832.0,0.0,ERR,ERR,ERR,ERR,ERR,ERR,ERR,ERR,ERR,ERR,ERR,ERR,ERR,ERR,ERR,ERR,ERR,ERR,ERR,ERR,ERR,ERR,ERR,ERR,ERR,ERR,ERR,ERR,ERR,ERR,ERR,ERR,ERR,ERR,ERR,ERR,ERR,ERR,ERR,ERR,ERR,ERR,ERR,ERR,ERR,ERR,ERR,ERR,ERR,ERR,ERR,ERR,ERR,ERR,ERR,ERR,ERR,ERR,ERR,ERR,ERR,ERR,ERR,ERR,ERR,ERR,ERR,50.0,60.0,100,0.0,0.0,0.0,0.0,0.0,0.0,0.0,0.0,0.0,0.0,0.0,0.0,0.0,0.0,0.0,0.0,61.6,73,14,65513,50,65476,0,300,0,0,8,20529,65476,0,0,26214,60.0,0.0,0.0,0.0,0.0,0.0
2026-05-17T18:42:09,ERR,ERR,ERR,ERR,ERR,ERR,ERR,ERR,ERR,ERR,ERR,ERR,ERR,ERR,ERR,ERR,ERR,ERR,ERR,ERR,ERR,ERR,ERR,ERR,ERR,ERR,ERR,ERR,ERR,ERR,ERR,ERR,ERR,ERR,ERR,ERR,ERR,ERR,ERR,ERR,ERR,ERR,ERR,ERR,ERR,ERR,ERR,ERR,ERR,ERR,ERR,ERR,ERR,ERR,ERR,ERR,ERR,ERR,ERR,ERR,ERR,ERR,ERR,ERR,ERR,ERR,ERR,ERR,ERR,ERR,ERR,ERR,ERR,ERR,ERR,ERR,ERR,ERR,ERR,ERR,ERR,ERR,ERR,ERR,ERR,ERR,ERR,ERR,ERR,ERR,ERR,ERR,ERR,ERR,ERR,ERR,ERR,ERR,ERR,ERR,ERR,ERR,ERR,ERR,ERR,ERR,ERR,ERR,ERR,ERR,ERR,ERR,ERR,ERR,ERR,ERR,ERR,ERR,ERR,ERR,ERR,ERR,ERR,ERR,ERR,0.0,0.0,-134474944.0,0.0,0.0,1.3936040501711995e+18,7.805,0.0,0,0,4,0,8422,0.0,45,0.0,0.0,0.0,0.0,0.0,0,0,0,0,0.0,0,0,0,0,0,0,0,0,0,0,0,0,0,0,0,0,0,0,0,0,0,0,0,0,0,0,0,0,0,0,0,0,0,38,14,7,45,65476,0,300,0,0,8,21553,0.0,-107605600.0,0.0,0.0,0.0,0.0,0.0,0.0,0.0,0.0,0.0,0.0,0.0,0.0,0.0,0.0,0.0,0.0,0.0,0.0,0.0,0.0,2.004,2.004,-0.0,0.0,0.0,0.0,0.0,0.0,4988.0,-0.0,0.0,0.0,0.0,-107615280.0,2.718429300292151e+23,0.0,0.0,0.0,0.0,53,-0.0,0.0,0.0,0.0,0.0,0.0,0.0,0.0,0.0,0,0,0,0.0,0.0,0.0,0.0,0.0,0.0,0.0,0.0,0.0,0.0,0.0,0.0,0.0,0.0,0.0,0.0,0,-107875648.0,53,0.0,106,-107614832.0,0.0,ERR,ERR,ERR,ERR,ERR,ERR,ERR,ERR,ERR,ERR,ERR,ERR,ERR,ERR,ERR,ERR,ERR,ERR,ERR,ERR,ERR,ERR,ERR,ERR,ERR,ERR,ERR,ERR,ERR,ERR,ERR,ERR,ERR,ERR,ERR,ERR,ERR,ERR,ERR,ERR,ERR,ERR,ERR,ERR,ERR,ERR,ERR,ERR,ERR,ERR,ERR,ERR,ERR,ERR,ERR,ERR,ERR,ERR,ERR,ERR,ERR,ERR,ERR,ERR,ERR,ERR,ERR,50.0,60.0,100,0.0,0.0,0.0,0.0,0.0,0.0,0.0,0.0,0.0,0.0,0.0,0.0,0.0,0.0,0.0,0.0,61.6,73,14,65513,50,65476,0,300,0,0,8,20529,65476,0,0,26214,60.0,0.0,0.0,0.0,0.0,0.0
2026-05-17T18:42:10,ERR,ERR,ERR,ERR,ERR,ERR,ERR,ERR,ERR,ERR,ERR,ERR,ERR,ERR,ERR,ERR,ERR,ERR,ERR,ERR,ERR,ERR,ERR,ERR,ERR,ERR,ERR,ERR,ERR,ERR,ERR,ERR,ERR,ERR,ERR,ERR,ERR,ERR,ERR,ERR,ERR,ERR,ERR,ERR,ERR,ERR,ERR,ERR,ERR,ERR,ERR,ERR,ERR,ERR,ERR,ERR,ERR,ERR,ERR,ERR,ERR,ERR,ERR,ERR,ERR,ERR,ERR,ERR,ERR,ERR,ERR,ERR,ERR,ERR,ERR,ERR,ERR,ERR,ERR,ERR,ERR,ERR,ERR,ERR,ERR,ERR,ERR,ERR,ERR,ERR,ERR,ERR,ERR,ERR,ERR,ERR,ERR,ERR,ERR,ERR,ERR,ERR,ERR,ERR,ERR,ERR,ERR,ERR,ERR,ERR,ERR,ERR,ERR,ERR,ERR,ERR,ERR,ERR,ERR,ERR,ERR,ERR,ERR,ERR,ERR,0.0,0.0,-134474944.0,0.0,0.0,1.3936040501711995e+18,7.805,0.0,0,0,4,0,8422,0.0,45,0.0,0.0,0.0,0.0,0.0,0,0,0,0,0.0,0,0,0,0,0,0,0,0,0,0,0,0,0,0,0,0,0,0,0,0,0,0,0,0,0,0,0,0,0,0,0,0,0,38,14,7,45,65476,0,300,0,0,8,21553,0.0,-107605600.0,0.0,0.0,0.0,0.0,0.0,0.0,0.0,0.0,0.0,0.0,0.0,0.0,0.0,0.0,0.0,0.0,0.0,0.0,0.0,0.0,2.004,2.004,-0.0,0.0,0.0,0.0,0.0,0.0,4988.0,-0.0,0.0,0.0,0.0,-107615280.0,2.718429300292151e+23,0.0,0.0,0.0,0.0,53,-0.0,0.0,0.0,0.0,0.0,0.0,0.0,0.0,0.0,0,0,0,0.0,0.0,0.0,0.0,0.0,0.0,0.0,0.0,0.0,0.0,0.0,0.0,0.0,0.0,0.0,0.0,0,-107875648.0,53,0.0,106,-107614832.0,0.0,ERR,ERR,ERR,ERR,ERR,ERR,ERR,ERR,ERR,ERR,ERR,ERR,ERR,ERR,ERR,ERR,ERR,ERR,ERR,ERR,ERR,ERR,ERR,ERR,ERR,ERR,ERR,ERR,ERR,ERR,ERR,ERR,ERR,ERR,ERR,ERR,ERR,ERR,ERR,ERR,ERR,ERR,ERR,ERR,ERR,ERR,ERR,ERR,ERR,ERR,ERR,ERR,ERR,ERR,ERR,ERR,ERR,ERR,ERR,ERR,ERR,ERR,ERR,ERR,ERR,ERR,ERR,50.0,60.0,100,0.0,0.0,0.0,0.0,0.0,0.0,0.0,0.0,0.0,0.0,0.0,0.0,0.0,0.0,0.0,0.0,61.6,73,14,65513,50,65476,0,300,0,0,8,20529,65476,0,0,26214,60.0,0.0,0.0,0.0,0.0,0.0
2026-05-17T18:42:11,ERR,ERR,ERR,ERR,ERR,ERR,ERR,ERR,ERR,ERR,ERR,ERR,ERR,ERR,ERR,ERR,ERR,ERR,ERR,ERR,ERR,ERR,ERR,ERR,ERR,ERR,ERR,ERR,ERR,ERR,ERR,ERR,ERR,ERR,ERR,ERR,ERR,ERR,ERR,ERR,ERR,ERR,ERR,ERR,ERR,ERR,ERR,ERR,ERR,ERR,ERR,ERR,ERR,ERR,ERR,ERR,ERR,ERR,ERR,ERR,ERR,ERR,ERR,ERR,ERR,ERR,ERR,ERR,ERR,ERR,ERR,ERR,ERR,ERR,ERR,ERR,ERR,ERR,ERR,ERR,ERR,ERR,ERR,ERR,ERR,ERR,ERR,ERR,ERR,ERR,ERR,ERR,ERR,ERR,ERR,ERR,ERR,ERR,ERR,ERR,ERR,ERR,ERR,ERR,ERR,ERR,ERR,ERR,ERR,ERR,ERR,ERR,ERR,ERR,ERR,ERR,ERR,ERR,ERR,ERR,ERR,ERR,ERR,ERR,ERR,0.0,0.0,-134474944.0,0.0,0.0,1.3936040501711995e+18,7.805,0.0,0,0,4,0,8422,0.0,45,0.0,0.0,0.0,0.0,0.0,0,0,0,0,0.0,0,0,0,0,0,0,0,0,0,0,0,0,0,0,0,0,0,0,0,0,0,0,0,0,0,0,0,0,0,0,0,0,0,38,14,7,45,65476,0,300,0,0,8,21553,0.0,-107605600.0,0.0,0.0,0.0,0.0,0.0,0.0,0.0,0.0,0.0,0.0,0.0,0.0,0.0,0.0,0.0,0.0,0.0,0.0,0.0,0.0,2.004,2.004,-0.0,0.0,0.0,0.0,0.0,0.0,4988.0,-0.0,0.0,0.0,0.0,-107615280.0,2.718429300292151e+23,0.0,0.0,0.0,0.0,53,-0.0,0.0,0.0,0.0,0.0,0.0,0.0,0.0,0.0,0,0,0,0.0,0.0,0.0,0.0,0.0,0.0,0.0,0.0,0.0,0.0,0.0,0.0,0.0,0.0,0.0,0.0,0,-107875648.0,53,0.0,106,-107614832.0,0.0,ERR,ERR,ERR,ERR,ERR,ERR,ERR,ERR,ERR,ERR,ERR,ERR,ERR,ERR,ERR,ERR,ERR,ERR,ERR,ERR,ERR,ERR,ERR,ERR,ERR,ERR,ERR,ERR,ERR,ERR,ERR,ERR,ERR,ERR,ERR,ERR,ERR,ERR,ERR,ERR,ERR,ERR,ERR,ERR,ERR,ERR,ERR,ERR,ERR,ERR,ERR,ERR,ERR,ERR,ERR,ERR,ERR,ERR,ERR,ERR,ERR,ERR,ERR,ERR,ERR,ERR,ERR,50.0,60.0,100,0.0,0.0,0.0,0.0,0.0,0.0,0.0,0.0,0.0,0.0,0.0,0.0,0.0,0.0,0.0,0.0,61.6,73,14,65513,50,65476,0,300,0,0,8,20529,65476,0,0,26214,60.0,0.0,0.0,0.0,0.0,0.0
2026-05-17T18:42:12,ERR,ERR,ERR,ERR,ERR,ERR,ERR,ERR,ERR,ERR,ERR,ERR,ERR,ERR,ERR,ERR,ERR,ERR,ERR,ERR,ERR,ERR,ERR,ERR,ERR,ERR,ERR,ERR,ERR,ERR,ERR,ERR,ERR,ERR,ERR,ERR,ERR,ERR,ERR,ERR,ERR,ERR,ERR,ERR,ERR,ERR,ERR,ERR,ERR,ERR,ERR,ERR,ERR,ERR,ERR,ERR,ERR,ERR,ERR,ERR,ERR,ERR,ERR,ERR,ERR,ERR,ERR,ERR,ERR,ERR,ERR,ERR,ERR,ERR,ERR,ERR,ERR,ERR,ERR,ERR,ERR,ERR,ERR,ERR,ERR,ERR,ERR,ERR,ERR,ERR,ERR,ERR,ERR,ERR,ERR,ERR,ERR,ERR,ERR,ERR,ERR,ERR,ERR,ERR,ERR,ERR,ERR,ERR,ERR,ERR,ERR,ERR,ERR,ERR,ERR,ERR,ERR,ERR,ERR,ERR,ERR,ERR,ERR,ERR,ERR,0.0,0.0,-134474944.0,0.0,0.0,1.3936040501711995e+18,7.805,0.0,0,0,4,0,8422,0.0,45,0.0,0.0,0.0,0.0,0.0,0,0,0,0,0.0,0,0,0,0,0,0,0,0,0,0,0,0,0,0,0,0,0,0,0,0,0,0,0,0,0,0,0,0,0,0,0,0,0,38,14,7,45,65476,0,300,0,0,8,21553,0.0,-107605600.0,0.0,0.0,0.0,0.0,0.0,0.0,0.0,0.0,0.0,0.0,0.0,0.0,0.0,0.0,0.0,0.0,0.0,0.0,0.0,0.0,2.004,2.004,-0.0,0.0,0.0,0.0,0.0,0.0,4988.0,-0.0,0.0,0.0,0.0,-107615280.0,2.718429300292151e+23,0.0,0.0,0.0,0.0,53,-0.0,0.0,0.0,0.0,0.0,0.0,0.0,0.0,0.0,0,0,0,0.0,0.0,0.0,0.0,0.0,0.0,0.0,0.0,0.0,0.0,0.0,0.0,0.0,0.0,0.0,0.0,0,-107875648.0,53,0.0,106,-107614832.0,0.0,ERR,ERR,ERR,ERR,ERR,ERR,ERR,ERR,ERR,ERR,ERR,ERR,ERR,ERR,ERR,ERR,ERR,ERR,ERR,ERR,ERR,ERR,ERR,ERR,ERR,ERR,ERR,ERR,ERR,ERR,ERR,ERR,ERR,ERR,ERR,ERR,ERR,ERR,ERR,ERR,ERR,ERR,ERR,ERR,ERR,ERR,ERR,ERR,ERR,ERR,ERR,ERR,ERR,ERR,ERR,ERR,ERR,ERR,ERR,ERR,ERR,ERR,ERR,ERR,ERR,ERR,ERR,50.0,60.0,100,0.0,0.0,0.0,0.0,0.0,0.0,0.0,0.0,0.0,0.0,0.0,0.0,0.0,0.0,0.0,0.0,61.6,73,14,65513,50,65476,0,300,0,0,8,20529,65476,0,0,26214,60.0,0.0,0.0,0.0,0.0,0.0
2026-05-17T18:42:13,ERR,ERR,ERR,ERR,ERR,ERR,ERR,ERR,ERR,ERR,ERR,ERR,ERR,ERR,ERR,ERR,ERR,ERR,ERR,ERR,ERR,ERR,ERR,ERR,ERR,ERR,ERR,ERR,ERR,ERR,ERR,ERR,ERR,ERR,ERR,ERR,ERR,ERR,ERR,ERR,ERR,ERR,ERR,ERR,ERR,ERR,ERR,ERR,ERR,ERR,ERR,ERR,ERR,ERR,ERR,ERR,ERR,ERR,ERR,ERR,ERR,ERR,ERR,ERR,ERR,ERR,ERR,ERR,ERR,ERR,ERR,ERR,ERR,ERR,ERR,ERR,ERR,ERR,ERR,ERR,ERR,ERR,ERR,ERR,ERR,ERR,ERR,ERR,ERR,ERR,ERR,ERR,ERR,ERR,ERR,ERR,ERR,ERR,ERR,ERR,ERR,ERR,ERR,ERR,ERR,ERR,ERR,ERR,ERR,ERR,ERR,ERR,ERR,ERR,ERR,ERR,ERR,ERR,ERR,ERR,ERR,ERR,ERR,ERR,ERR,0.0,0.0,-134474944.0,0.0,0.0,1.3936040501711995e+18,7.805,0.0,0,0,4,0,8422,0.0,45,0.0,0.0,0.0,0.0,0.0,0,0,0,0,0.0,0,0,0,0,0,0,0,0,0,0,0,0,0,0,0,0,0,0,0,0,0,0,0,0,0,0,0,0,0,0,0,0,0,38,14,7,45,65476,0,300,0,0,8,21553,0.0,-107605600.0,0.0,0.0,0.0,0.0,0.0,0.0,0.0,0.0,0.0,0.0,0.0,0.0,0.0,0.0,0.0,0.0,0.0,0.0,0.0,0.0,2.004,2.004,-0.0,0.0,0.0,0.0,0.0,0.0,4988.0,-0.0,0.0,0.0,0.0,-107615280.0,2.718429300292151e+23,0.0,0.0,0.0,0.0,53,-0.0,0.0,0.0,0.0,0.0,0.0,0.0,0.0,0.0,0,0,0,0.0,0.0,0.0,0.0,0.0,0.0,0.0,0.0,0.0,0.0,0.0,0.0,0.0,0.0,0.0,0.0,0,-107875648.0,53,0.0,106,-107614832.0,0.0,ERR,ERR,ERR,ERR,ERR,ERR,ERR,ERR,ERR,ERR,ERR,ERR,ERR,ERR,ERR,ERR,ERR,ERR,ERR,ERR,ERR,ERR,ERR,ERR,ERR,ERR,ERR,ERR,ERR,ERR,ERR,ERR,ERR,ERR,ERR,ERR,ERR,ERR,ERR,ERR,ERR,ERR,ERR,ERR,ERR,ERR,ERR,ERR,ERR,ERR,ERR,ERR,ERR,ERR,ERR,ERR,ERR,ERR,ERR,ERR,ERR,ERR,ERR,ERR,ERR,ERR,ERR,50.0,60.0,100,0.0,0.0,0.0,0.0,0.0,0.0,0.0,0.0,0.0,0.0,0.0,0.0,0.0,0.0,0.0,0.0,61.6,73,14,65513,50,65476,0,300,0,0,8,20529,65476,0,0,26214,60.0,0.0,0.0,0.0,0.0,0.0
2026-05-17T18:42:14,ERR,ERR,ERR,ERR,ERR,ERR,ERR,ERR,ERR,ERR,ERR,ERR,ERR,ERR,ERR,ERR,ERR,ERR,ERR,ERR,ERR,ERR,ERR,ERR,ERR,ERR,ERR,ERR,ERR,ERR,ERR,ERR,ERR,ERR,ERR,ERR,ERR,ERR,ERR,ERR,ERR,ERR,ERR,ERR,ERR,ERR,ERR,ERR,ERR,ERR,ERR,ERR,ERR,ERR,ERR,ERR,ERR,ERR,ERR,ERR,ERR,ERR,ERR,ERR,ERR,ERR,ERR,ERR,ERR,ERR,ERR,ERR,ERR,ERR,ERR,ERR,ERR,ERR,ERR,ERR,ERR,ERR,ERR,ERR,ERR,ERR,ERR,ERR,ERR,ERR,ERR,ERR,ERR,ERR,ERR,ERR,ERR,ERR,ERR,ERR,ERR,ERR,ERR,ERR,ERR,ERR,ERR,ERR,ERR,ERR,ERR,ERR,ERR,ERR,ERR,ERR,ERR,ERR,ERR,ERR,ERR,ERR,ERR,ERR,ERR,0.0,0.0,-134474944.0,0.0,0.0,1.3936040501711995e+18,7.805,0.0,0,0,4,0,8422,0.0,45,0.0,0.0,0.0,0.0,0.0,0,0,0,0,0.0,0,0,0,0,0,0,0,0,0,0,0,0,0,0,0,0,0,0,0,0,0,0,0,0,0,0,0,0,0,0,0,0,0,38,14,7,45,65476,0,300,0,0,8,21553,0.0,-107605600.0,0.0,0.0,0.0,0.0,0.0,0.0,0.0,0.0,0.0,0.0,0.0,0.0,0.0,0.0,0.0,0.0,0.0,0.0,0.0,0.0,2.004,2.004,-0.0,0.0,0.0,0.0,0.0,0.0,4986.0,0.0,0.0,0.0,0.0,-107615280.0,2.718429300292151e+23,0.0,0.0,0.0,0.0,53,-0.0,2.7184170505011647e+23,0.0,0.0,0.0,0.0,0.0,0.0,0.0,0,0,0,0.0,0.0,0.0,0.0,0.0,0.0,0.0,0.0,0.0,0.0,0.0,0.0,0.0,0.0,0.0,0.0,0,-107875648.0,53,0.0,106,-107614832.0,0.0,ERR,ERR,ERR,ERR,ERR,ERR,ERR,ERR,ERR,ERR,ERR,ERR,ERR,ERR,ERR,ERR,ERR,ERR,ERR,ERR,ERR,ERR,ERR,ERR,ERR,ERR,ERR,ERR,ERR,ERR,ERR,ERR,ERR,ERR,ERR,ERR,ERR,ERR,ERR,ERR,ERR,ERR,ERR,ERR,ERR,ERR,ERR,ERR,ERR,ERR,ERR,ERR,ERR,ERR,ERR,ERR,ERR,ERR,ERR,ERR,ERR,ERR,ERR,ERR,ERR,ERR,ERR,50.0,60.0,100,0.0,0.0,0.0,0.0,0.0,0.0,0.0,0.0,0.0,0.0,0.0,0.0,0.0,0.0,0.0,0.0,61.6,73,14,65513,50,65476,0,300,0,0,8,20529,65476,0,0,26214,60.0,0.0,0.0,0.0,0.0,0.0
2026-05-17T18:42:15,ERR,ERR,ERR,ERR,ERR,ERR,ERR,ERR,ERR,ERR,ERR,ERR,ERR,ERR,ERR,ERR,ERR,ERR,ERR,ERR,ERR,ERR,ERR,ERR,ERR,ERR,ERR,ERR,ERR,ERR,ERR,ERR,ERR,ERR,ERR,ERR,ERR,ERR,ERR,ERR,ERR,ERR,ERR,ERR,ERR,ERR,ERR,ERR,ERR,ERR,ERR,ERR,ERR,ERR,ERR,ERR,ERR,ERR,ERR,ERR,ERR,ERR,ERR,ERR,ERR,ERR,ERR,ERR,ERR,ERR,ERR,ERR,ERR,ERR,ERR,ERR,ERR,ERR,ERR,ERR,ERR,ERR,ERR,ERR,ERR,ERR,ERR,ERR,ERR,ERR,ERR,ERR,ERR,ERR,ERR,ERR,ERR,ERR,ERR,ERR,ERR,ERR,ERR,ERR,ERR,ERR,ERR,ERR,ERR,ERR,ERR,ERR,ERR,ERR,ERR,ERR,ERR,ERR,ERR,ERR,ERR,ERR,ERR,ERR,ERR,0.0,0.0,-134474944.0,0.0,0.0,1.3936040501711995e+18,7.805,0.0,0,0,4,0,8422,0.0,45,0.0,0.0,0.0,0.0,0.0,0,0,0,0,0.0,0,0,0,0,0,0,0,0,0,0,0,0,0,0,0,0,0,0,0,0,0,0,0,0,0,0,0,0,0,0,0,0,0,38,14,7,45,65476,0,300,0,0,8,21553,0.0,-107605600.0,0.0,0.0,0.0,0.0,0.0,0.0,0.0,0.0,0.0,0.0,0.0,0.0,0.0,0.0,0.0,0.0,0.0,0.0,0.0,0.0,2.004,2.004,-0.0,0.0,0.0,0.0,0.0,0.0,4986.0,0.0,0.0,0.0,0.0,-107615280.0,2.718429300292151e+23,0.0,0.0,0.0,0.0,53,-0.0,2.7184170505011647e+23,0.0,0.0,0.0,0.0,0.0,0.0,0.0,0,0,0,0.0,0.0,0.0,0.0,0.0,0.0,0.0,0.0,0.0,0.0,0.0,0.0,0.0,0.0,0.0,0.0,0,-107875648.0,53,0.0,106,-107614832.0,0.0,ERR,ERR,ERR,ERR,ERR,ERR,ERR,ERR,ERR,ERR,ERR,ERR,ERR,ERR,ERR,ERR,ERR,ERR,ERR,ERR,ERR,ERR,ERR,ERR,ERR,ERR,ERR,ERR,ERR,ERR,ERR,ERR,ERR,ERR,ERR,ERR,ERR,ERR,ERR,ERR,ERR,ERR,ERR,ERR,ERR,ERR,ERR,ERR,ERR,ERR,ERR,ERR,ERR,ERR,ERR,ERR,ERR,ERR,ERR,ERR,ERR,ERR,ERR,ERR,ERR,ERR,ERR,50.0,60.0,100,0.0,0.0,0.0,0.0,0.0,0.0,0.0,0.0,0.0,0.0,0.0,0.0,0.0,0.0,0.0,0.0,61.6,73,14,65513,50,65476,0,300,0,0,8,20529,65476,0,0,26214,60.0,0.0,0.0,0.0,0.0,0.0
2026-05-17T18:42:16,ERR,ERR,ERR,ERR,ERR,ERR,ERR,ERR,ERR,ERR,ERR,ERR,ERR,ERR,ERR,ERR,ERR,ERR,ERR,ERR,ERR,ERR,ERR,ERR,ERR,ERR,ERR,ERR,ERR,ERR,ERR,ERR,ERR,ERR,ERR,ERR,ERR,ERR,ERR,ERR,ERR,ERR,ERR,ERR,ERR,ERR,ERR,ERR,ERR,ERR,ERR,ERR,ERR,ERR,ERR,ERR,ERR,ERR,ERR,ERR,ERR,ERR,ERR,ERR,ERR,ERR,ERR,ERR,ERR,ERR,ERR,ERR,ERR,ERR,ERR,ERR,ERR,ERR,ERR,ERR,ERR,ERR,ERR,ERR,ERR,ERR,ERR,ERR,ERR,ERR,ERR,ERR,ERR,ERR,ERR,ERR,ERR,ERR,ERR,ERR,ERR,ERR,ERR,ERR,ERR,ERR,ERR,ERR,ERR,ERR,ERR,ERR,ERR,ERR,ERR,ERR,ERR,ERR,ERR,ERR,ERR,ERR,ERR,ERR,ERR,0.0,0.0,-134474944.0,0.0,0.0,1.3936040501711995e+18,7.805,0.0,0,0,4,0,8422,0.0,45,0.0,0.0,0.0,0.0,0.0,0,0,0,0,0.0,0,0,0,0,0,0,0,0,0,0,0,0,0,0,0,0,0,0,0,0,0,0,0,0,0,0,0,0,0,0,0,0,0,38,14,7,45,65476,0,300,0,0,8,21553,0.0,-107605600.0,0.0,0.0,0.0,0.0,0.0,0.0,0.0,0.0,0.0,0.0,0.0,0.0,0.0,0.0,0.0,0.0,0.0,0.0,0.0,0.0,2.004,2.004,-0.0,0.0,0.0,0.0,0.0,0.0,4986.0,0.0,0.0,0.0,0.0,-107615280.0,2.718429300292151e+23,0.0,0.0,0.0,0.0,53,-0.0,2.7184170505011647e+23,0.0,0.0,0.0,0.0,0.0,0.0,0.0,0,0,0,0.0,0.0,0.0,0.0,0.0,0.0,0.0,0.0,0.0,0.0,0.0,0.0,0.0,0.0,0.0,0.0,0,-107875648.0,53,0.0,106,-107614832.0,0.0,ERR,ERR,ERR,ERR,ERR,ERR,ERR,ERR,ERR,ERR,ERR,ERR,ERR,ERR,ERR,ERR,ERR,ERR,ERR,ERR,ERR,ERR,ERR,ERR,ERR,ERR,ERR,ERR,ERR,ERR,ERR,ERR,ERR,ERR,ERR,ERR,ERR,ERR,ERR,ERR,ERR,ERR,ERR,ERR,ERR,ERR,ERR,ERR,ERR,ERR,ERR,ERR,ERR,ERR,ERR,ERR,ERR,ERR,ERR,ERR,ERR,ERR,ERR,ERR,ERR,ERR,ERR,50.0,60.0,100,0.0,0.0,0.0,0.0,0.0,0.0,0.0,0.0,0.0,0.0,0.0,0.0,0.0,0.0,0.0,0.0,61.6,73,14,65513,50,65476,0,300,0,0,8,20529,65476,0,0,26214,60.0,0.0,0.0,0.0,0.0,0.0
2026-05-17T18:42:17,ERR,ERR,ERR,ERR,ERR,ERR,ERR,ERR,ERR,ERR,ERR,ERR,ERR,ERR,ERR,ERR,ERR,ERR,ERR,ERR,ERR,ERR,ERR,ERR,ERR,ERR,ERR,ERR,ERR,ERR,ERR,ERR,ERR,ERR,ERR,ERR,ERR,ERR,ERR,ERR,ERR,ERR,ERR,ERR,ERR,ERR,ERR,ERR,ERR,ERR,ERR,ERR,ERR,ERR,ERR,ERR,ERR,ERR,ERR,ERR,ERR,ERR,ERR,ERR,ERR,ERR,ERR,ERR,ERR,ERR,ERR,ERR,ERR,ERR,ERR,ERR,ERR,ERR,ERR,ERR,ERR,ERR,ERR,ERR,ERR,ERR,ERR,ERR,ERR,ERR,ERR,ERR,ERR,ERR,ERR,ERR,ERR,ERR,ERR,ERR,ERR,ERR,ERR,ERR,ERR,ERR,ERR,ERR,ERR,ERR,ERR,ERR,ERR,ERR,ERR,ERR,ERR,ERR,ERR,ERR,ERR,ERR,ERR,ERR,ERR,0.0,0.0,-134474944.0,0.0,0.0,1.3936040501711995e+18,7.805,0.0,0,0,4,0,8422,0.0,45,0.0,0.0,0.0,0.0,0.0,0,0,0,0,0.0,0,0,0,0,0,0,0,0,0,0,0,0,0,0,0,0,0,0,0,0,0,0,0,0,0,0,0,0,0,0,0,0,0,38,14,7,45,65476,0,300,0,0,8,21553,0.0,-107605600.0,0.0,0.0,0.0,0.0,0.0,0.0,0.0,0.0,0.0,0.0,0.0,0.0,0.0,0.0,0.0,0.0,0.0,0.0,0.0,0.0,2.004,2.004,-0.0,0.0,0.0,0.0,0.0,0.0,4986.0,0.0,0.0,0.0,0.0,-107615280.0,2.718429300292151e+23,0.0,0.0,0.0,0.0,53,-0.0,2.7184170505011647e+23,0.0,0.0,0.0,0.0,0.0,0.0,0.0,0,0,0,0.0,0.0,0.0,0.0,0.0,0.0,0.0,0.0,0.0,0.0,0.0,0.0,0.0,0.0,0.0,0.0,0,-107875648.0,53,0.0,106,-107614832.0,0.0,ERR,ERR,ERR,ERR,ERR,ERR,ERR,ERR,ERR,ERR,ERR,ERR,ERR,ERR,ERR,ERR,ERR,ERR,ERR,ERR,ERR,ERR,ERR,ERR,ERR,ERR,ERR,ERR,ERR,ERR,ERR,ERR,ERR,ERR,ERR,ERR,ERR,ERR,ERR,ERR,ERR,ERR,ERR,ERR,ERR,ERR,ERR,ERR,ERR,ERR,ERR,ERR,ERR,ERR,ERR,ERR,ERR,ERR,ERR,ERR,ERR,ERR,ERR,ERR,ERR,ERR,ERR,50.0,60.0,100,0.0,0.0,0.0,0.0,0.0,0.0,0.0,0.0,0.0,0.0,0.0,0.0,0.0,0.0,0.0,0.0,61.6,73,14,65513,50,65476,0,300,0,0,8,20529,65476,0,0,26214,60.0,0.0,0.0,0.0,0.0,0.0
2026-05-17T18:42:18,ERR,ERR,ERR,ERR,ERR,ERR,ERR,ERR,ERR,ERR,ERR,ERR,ERR,ERR,ERR,ERR,ERR,ERR,ERR,ERR,ERR,ERR,ERR,ERR,ERR,ERR,ERR,ERR,ERR,ERR,ERR,ERR,ERR,ERR,ERR,ERR,ERR,ERR,ERR,ERR,ERR,ERR,ERR,ERR,ERR,ERR,ERR,ERR,ERR,ERR,ERR,ERR,ERR,ERR,ERR,ERR,ERR,ERR,ERR,ERR,ERR,ERR,ERR,ERR,ERR,ERR,ERR,ERR,ERR,ERR,ERR,ERR,ERR,ERR,ERR,ERR,ERR,ERR,ERR,ERR,ERR,ERR,ERR,ERR,ERR,ERR,ERR,ERR,ERR,ERR,ERR,ERR,ERR,ERR,ERR,ERR,ERR,ERR,ERR,ERR,ERR,ERR,ERR,ERR,ERR,ERR,ERR,ERR,ERR,ERR,ERR,ERR,ERR,ERR,ERR,ERR,ERR,ERR,ERR,ERR,ERR,ERR,ERR,ERR,ERR,0.0,0.0,-134474944.0,0.0,0.0,1.3936040501711995e+18,7.805,0.0,0,0,4,0,8422,0.0,45,0.0,0.0,0.0,0.0,0.0,0,0,0,0,0.0,0,0,0,0,0,0,0,0,0,0,0,0,0,0,0,0,0,0,0,0,0,0,0,0,0,0,0,0,0,0,0,0,0,38,14,7,45,65476,0,300,0,0,8,21553,0.0,-107605600.0,0.0,0.0,0.0,0.0,0.0,0.0,0.0,0.0,0.0,0.0,0.0,0.0,0.0,0.0,0.0,0.0,0.0,0.0,0.0,0.0,2.004,2.004,-0.0,0.0,0.0,0.0,0.0,0.0,4986.0,0.0,0.0,0.0,0.0,-107615280.0,2.718429300292151e+23,0.0,0.0,0.0,0.0,53,-0.0,2.7184170505011647e+23,0.0,0.0,0.0,0.0,0.0,0.0,0.0,0,0,0,0.0,0.0,0.0,0.0,0.0,0.0,0.0,0.0,0.0,0.0,0.0,0.0,0.0,0.0,0.0,0.0,0,-107875648.0,53,0.0,106,-107614832.0,0.0,ERR,ERR,ERR,ERR,ERR,ERR,ERR,ERR,ERR,ERR,ERR,ERR,ERR,ERR,ERR,ERR,ERR,ERR,ERR,ERR,ERR,ERR,ERR,ERR,ERR,ERR,ERR,ERR,ERR,ERR,ERR,ERR,ERR,ERR,ERR,ERR,ERR,ERR,ERR,ERR,ERR,ERR,ERR,ERR,ERR,ERR,ERR,ERR,ERR,ERR,ERR,ERR,ERR,ERR,ERR,ERR,ERR,ERR,ERR,ERR,ERR,ERR,ERR,ERR,ERR,ERR,ERR,50.0,60.0,100,0.0,0.0,0.0,0.0,0.0,0.0,0.0,0.0,0.0,0.0,0.0,0.0,0.0,0.0,0.0,0.0,61.6,73,14,65513,50,65476,0,300,0,0,8,20529,65476,0,0,26214,60.0,0.0,0.0,0.0,0.0,0.0
2026-05-17T18:42:19,ERR,ERR,ERR,ERR,ERR,ERR,ERR,ERR,ERR,ERR,ERR,ERR,ERR,ERR,ERR,ERR,ERR,ERR,ERR,ERR,ERR,ERR,ERR,ERR,ERR,ERR,ERR,ERR,ERR,ERR,ERR,ERR,ERR,ERR,ERR,ERR,ERR,ERR,ERR,ERR,ERR,ERR,ERR,ERR,ERR,ERR,ERR,ERR,ERR,ERR,ERR,ERR,ERR,ERR,ERR,ERR,ERR,ERR,ERR,ERR,ERR,ERR,ERR,ERR,ERR,ERR,ERR,ERR,ERR,ERR,ERR,ERR,ERR,ERR,ERR,ERR,ERR,ERR,ERR,ERR,ERR,ERR,ERR,ERR,ERR,ERR,ERR,ERR,ERR,ERR,ERR,ERR,ERR,ERR,ERR,ERR,ERR,ERR,ERR,ERR,ERR,ERR,ERR,ERR,ERR,ERR,ERR,ERR,ERR,ERR,ERR,ERR,ERR,ERR,ERR,ERR,ERR,ERR,ERR,ERR,ERR,ERR,ERR,ERR,ERR,0.0,0.0,0.0,0.0,0.0,1.3936040501711995e+18,7.805,0.0,0,0,4,0,8422,0.0,45,0.0,0.0,0.0,0.0,0.0,0,0,0,0,0.0,0,0,0,0,0,0,0,0,0,0,0,0,0,0,0,0,0,0,0,0,0,0,0,0,0,0,0,0,0,0,0,0,0,38,14,7,45,65476,0,300,0,0,8,21553,0.0,-107605600.0,0.0,0.0,0.0,0.0,0.0,0.0,0.0,0.0,0.0,0.0,0.0,0.0,0.0,0.0,0.0,0.0,0.0,0.0,0.0,0.0,2.004,2.004,-0.0,0.0,0.0,0.0,0.0,0.0,4957.0,-8608180224.0,0.0,0.0,0.0,-107615280.0,2.718429300292151e+23,0.0,0.0,0.0,0.0,53,-0.0,0.0,0.0,0.0,0.0,0.0,0.0,0.0,0.0,0,0,0,0.0,0.0,0.0,0.0,0.0,0.0,0.0,0.0,0.0,0.0,0.0,0.0,0.0,0.0,0.0,0.0,0,-107875648.0,53,0.0,106,-107614832.0,0.0,ERR,ERR,ERR,ERR,ERR,ERR,ERR,ERR,ERR,ERR,ERR,ERR,ERR,ERR,ERR,ERR,ERR,ERR,ERR,ERR,ERR,ERR,ERR,ERR,ERR,ERR,ERR,ERR,ERR,ERR,ERR,ERR,ERR,ERR,ERR,ERR,ERR,ERR,ERR,ERR,ERR,ERR,ERR,ERR,ERR,ERR,ERR,ERR,ERR,ERR,ERR,ERR,ERR,ERR,ERR,ERR,ERR,ERR,ERR,ERR,ERR,ERR,ERR,ERR,ERR,ERR,ERR,50.0,60.0,100,0.0,0.0,0.0,0.0,0.0,0.0,0.0,0.0,0.0,0.0,0.0,0.0,0.0,0.0,0.0,0.0,61.6,73,14,65513,50,65476,0,300,0,0,8,20529,65476,0,0,26214,60.0,0.0,0.0,0.0,0.0,0.0
2026-05-17T18:42:20,ERR,ERR,ERR,ERR,ERR,ERR,ERR,ERR,ERR,ERR,ERR,ERR,ERR,ERR,ERR,ERR,ERR,ERR,ERR,ERR,ERR,ERR,ERR,ERR,ERR,ERR,ERR,ERR,ERR,ERR,ERR,ERR,ERR,ERR,ERR,ERR,ERR,ERR,ERR,ERR,ERR,ERR,ERR,ERR,ERR,ERR,ERR,ERR,ERR,ERR,ERR,ERR,ERR,ERR,ERR,ERR,ERR,ERR,ERR,ERR,ERR,ERR,ERR,ERR,ERR,ERR,ERR,ERR,ERR,ERR,ERR,ERR,ERR,ERR,ERR,ERR,ERR,ERR,ERR,ERR,ERR,ERR,ERR,ERR,ERR,ERR,ERR,ERR,ERR,ERR,ERR,ERR,ERR,ERR,ERR,ERR,ERR,ERR,ERR,ERR,ERR,ERR,ERR,ERR,ERR,ERR,ERR,ERR,ERR,ERR,ERR,ERR,ERR,ERR,ERR,ERR,ERR,ERR,ERR,ERR,ERR,ERR,ERR,ERR,ERR,0.0,0.0,0.0,0.0,0.0,1.3936040501711995e+18,7.805,0.0,0,0,4,0,8422,0.0,45,0.0,0.0,0.0,0.0,0.0,0,0,0,0,0.0,0,0,0,0,0,0,0,0,0,0,0,0,0,0,0,0,0,0,0,0,0,0,0,0,0,0,0,0,0,0,0,0,0,38,14,7,45,65476,0,300,0,0,8,21553,0.0,-107605600.0,0.0,0.0,0.0,0.0,0.0,0.0,0.0,0.0,0.0,0.0,0.0,0.0,0.0,0.0,0.0,0.0,0.0,0.0,0.0,0.0,2.004,2.004,-0.0,0.0,0.0,0.0,0.0,0.0,4957.0,-8608180224.0,0.0,0.0,0.0,-107615280.0,2.718429300292151e+23,0.0,0.0,0.0,0.0,53,-0.0,0.0,0.0,0.0,0.0,0.0,0.0,0.0,0.0,0,0,0,0.0,0.0,0.0,0.0,0.0,0.0,0.0,0.0,0.0,0.0,0.0,0.0,0.0,0.0,0.0,0.0,0,-107875648.0,53,0.0,106,-107614832.0,0.0,ERR,ERR,ERR,ERR,ERR,ERR,ERR,ERR,ERR,ERR,ERR,ERR,ERR,ERR,ERR,ERR,ERR,ERR,ERR,ERR,ERR,ERR,ERR,ERR,ERR,ERR,ERR,ERR,ERR,ERR,ERR,ERR,ERR,ERR,ERR,ERR,ERR,ERR,ERR,ERR,ERR,ERR,ERR,ERR,ERR,ERR,ERR,ERR,ERR,ERR,ERR,ERR,ERR,ERR,ERR,ERR,ERR,ERR,ERR,ERR,ERR,ERR,ERR,ERR,ERR,ERR,ERR,50.0,60.0,100,0.0,0.0,0.0,0.0,0.0,0.0,0.0,0.0,0.0,0.0,0.0,0.0,0.0,0.0,0.0,0.0,61.6,73,14,65513,50,65476,0,300,0,0,8,20529,65476,0,0,26214,60.0,0.0,0.0,0.0,0.0,0.0
2026-05-17T18:42:21,ERR,ERR,ERR,ERR,ERR,ERR,ERR,ERR,ERR,ERR,ERR,ERR,ERR,ERR,ERR,ERR,ERR,ERR,ERR,ERR,ERR,ERR,ERR,ERR,ERR,ERR,ERR,ERR,ERR,ERR,ERR,ERR,ERR,ERR,ERR,ERR,ERR,ERR,ERR,ERR,ERR,ERR,ERR,ERR,ERR,ERR,ERR,ERR,ERR,ERR,ERR,ERR,ERR,ERR,ERR,ERR,ERR,ERR,ERR,ERR,ERR,ERR,ERR,ERR,ERR,ERR,ERR,ERR,ERR,ERR,ERR,ERR,ERR,ERR,ERR,ERR,ERR,ERR,ERR,ERR,ERR,ERR,ERR,ERR,ERR,ERR,ERR,ERR,ERR,ERR,ERR,ERR,ERR,ERR,ERR,ERR,ERR,ERR,ERR,ERR,ERR,ERR,ERR,ERR,ERR,ERR,ERR,ERR,ERR,ERR,ERR,ERR,ERR,ERR,ERR,ERR,ERR,ERR,ERR,ERR,ERR,ERR,ERR,ERR,ERR,0.0,0.0,0.0,0.0,0.0,1.3936040501711995e+18,7.805,0.0,0,0,4,0,8422,0.0,45,0.0,0.0,0.0,0.0,0.0,0,0,0,0,0.0,0,0,0,0,0,0,0,0,0,0,0,0,0,0,0,0,0,0,0,0,0,0,0,0,0,0,0,0,0,0,0,0,0,38,14,7,45,65476,0,300,0,0,8,21553,0.0,-107605600.0,0.0,0.0,0.0,0.0,0.0,0.0,0.0,0.0,0.0,0.0,0.0,0.0,0.0,0.0,0.0,0.0,0.0,0.0,0.0,0.0,2.004,2.004,-0.0,0.0,0.0,0.0,0.0,0.0,4957.0,-8608180224.0,0.0,0.0,0.0,-107615280.0,2.718429300292151e+23,0.0,0.0,0.0,0.0,53,-0.0,0.0,0.0,0.0,0.0,0.0,0.0,0.0,0.0,0,0,0,0.0,0.0,0.0,0.0,0.0,0.0,0.0,0.0,0.0,0.0,0.0,0.0,0.0,0.0,0.0,0.0,0,-107875648.0,53,0.0,106,-107614832.0,0.0,ERR,ERR,ERR,ERR,ERR,ERR,ERR,ERR,ERR,ERR,ERR,ERR,ERR,ERR,ERR,ERR,ERR,ERR,ERR,ERR,ERR,ERR,ERR,ERR,ERR,ERR,ERR,ERR,ERR,ERR,ERR,ERR,ERR,ERR,ERR,ERR,ERR,ERR,ERR,ERR,ERR,ERR,ERR,ERR,ERR,ERR,ERR,ERR,ERR,ERR,ERR,ERR,ERR,ERR,ERR,ERR,ERR,ERR,ERR,ERR,ERR,ERR,ERR,ERR,ERR,ERR,ERR,50.0,60.0,100,0.0,0.0,0.0,0.0,0.0,0.0,0.0,0.0,0.0,0.0,0.0,0.0,0.0,0.0,0.0,0.0,61.6,73,14,65513,50,65476,0,300,0,0,8,20529,65476,0,0,26214,60.0,0.0,0.0,0.0,0.0,0.0
2026-05-17T18:42:22,ERR,ERR,ERR,ERR,ERR,ERR,ERR,ERR,ERR,ERR,ERR,ERR,ERR,ERR,ERR,ERR,ERR,ERR,ERR,ERR,ERR,ERR,ERR,ERR,ERR,ERR,ERR,ERR,ERR,ERR,ERR,ERR,ERR,ERR,ERR,ERR,ERR,ERR,ERR,ERR,ERR,ERR,ERR,ERR,ERR,ERR,ERR,ERR,ERR,ERR,ERR,ERR,ERR,ERR,ERR,ERR,ERR,ERR,ERR,ERR,ERR,ERR,ERR,ERR,ERR,ERR,ERR,ERR,ERR,ERR,ERR,ERR,ERR,ERR,ERR,ERR,ERR,ERR,ERR,ERR,ERR,ERR,ERR,ERR,ERR,ERR,ERR,ERR,ERR,ERR,ERR,ERR,ERR,ERR,ERR,ERR,ERR,ERR,ERR,ERR,ERR,ERR,ERR,ERR,ERR,ERR,ERR,ERR,ERR,ERR,ERR,ERR,ERR,ERR,ERR,ERR,ERR,ERR,ERR,ERR,ERR,ERR,ERR,ERR,ERR,0.0,0.0,0.0,0.0,0.0,1.3936040501711995e+18,7.805,0.0,0,0,4,0,8422,0.0,45,0.0,0.0,0.0,0.0,0.0,0,0,0,0,0.0,0,0,0,0,0,0,0,0,0,0,0,0,0,0,0,0,0,0,0,0,0,0,0,0,0,0,0,0,0,0,0,0,0,38,14,7,45,65476,0,300,0,0,8,21553,0.0,-107605600.0,0.0,0.0,0.0,0.0,0.0,0.0,0.0,0.0,0.0,0.0,0.0,0.0,0.0,0.0,0.0,0.0,0.0,0.0,0.0,0.0,2.004,2.004,-0.0,0.0,0.0,0.0,0.0,0.0,4957.0,-8608180224.0,0.0,0.0,0.0,-107615280.0,2.718429300292151e+23,0.0,0.0,0.0,0.0,53,-0.0,0.0,0.0,0.0,0.0,0.0,0.0,0.0,0.0,0,0,0,0.0,0.0,0.0,0.0,0.0,0.0,0.0,0.0,0.0,0.0,0.0,0.0,0.0,0.0,0.0,0.0,0,-107875648.0,53,0.0,106,-107614832.0,0.0,ERR,ERR,ERR,ERR,ERR,ERR,ERR,ERR,ERR,ERR,ERR,ERR,ERR,ERR,ERR,ERR,ERR,ERR,ERR,ERR,ERR,ERR,ERR,ERR,ERR,ERR,ERR,ERR,ERR,ERR,ERR,ERR,ERR,ERR,ERR,ERR,ERR,ERR,ERR,ERR,ERR,ERR,ERR,ERR,ERR,ERR,ERR,ERR,ERR,ERR,ERR,ERR,ERR,ERR,ERR,ERR,ERR,ERR,ERR,ERR,ERR,ERR,ERR,ERR,ERR,ERR,ERR,50.0,60.0,100,0.0,0.0,0.0,0.0,0.0,0.0,0.0,0.0,0.0,0.0,0.0,0.0,0.0,0.0,0.0,0.0,61.6,73,14,65513,50,65476,0,300,0,0,8,20529,65476,0,0,26214,60.0,0.0,0.0,0.0,0.0,0.0
2026-05-17T18:42:23,ERR,ERR,ERR,ERR,ERR,ERR,ERR,ERR,ERR,ERR,ERR,ERR,ERR,ERR,ERR,ERR,ERR,ERR,ERR,ERR,ERR,ERR,ERR,ERR,ERR,ERR,ERR,ERR,ERR,ERR,ERR,ERR,ERR,ERR,ERR,ERR,ERR,ERR,ERR,ERR,ERR,ERR,ERR,ERR,ERR,ERR,ERR,ERR,ERR,ERR,ERR,ERR,ERR,ERR,ERR,ERR,ERR,ERR,ERR,ERR,ERR,ERR,ERR,ERR,ERR,ERR,ERR,ERR,ERR,ERR,ERR,ERR,ERR,ERR,ERR,ERR,ERR,ERR,ERR,ERR,ERR,ERR,ERR,ERR,ERR,ERR,ERR,ERR,ERR,ERR,ERR,ERR,ERR,ERR,ERR,ERR,ERR,ERR,ERR,ERR,ERR,ERR,ERR,ERR,ERR,ERR,ERR,ERR,ERR,ERR,ERR,ERR,ERR,ERR,ERR,ERR,ERR,ERR,ERR,ERR,ERR,ERR,ERR,ERR,ERR,0.0,0.0,0.0,0.0,0.0,1.3936040501711995e+18,7.805,0.0,0,0,4,0,8422,0.0,45,0.0,0.0,0.0,0.0,0.0,0,0,0,0,0.0,0,0,0,0,0,0,0,0,0,0,0,0,0,0,0,0,0,0,0,0,0,0,0,0,0,0,0,0,0,0,0,0,0,38,14,7,45,65476,0,300,0,0,8,21553,0.0,-107605600.0,0.0,0.0,0.0,0.0,0.0,0.0,0.0,0.0,0.0,0.0,0.0,0.0,0.0,0.0,0.0,0.0,0.0,0.0,0.0,0.0,2.004,2.004,-0.0,0.0,0.0,0.0,0.0,0.0,4957.0,-8608180224.0,0.0,0.0,0.0,-107615280.0,2.718429300292151e+23,0.0,0.0,0.0,0.0,53,-0.0,0.0,0.0,0.0,0.0,0.0,0.0,0.0,0.0,0,0,0,0.0,0.0,0.0,0.0,0.0,0.0,0.0,0.0,0.0,0.0,0.0,0.0,0.0,0.0,0.0,0.0,0,-107875648.0,53,0.0,106,-107614832.0,0.0,ERR,ERR,ERR,ERR,ERR,ERR,ERR,ERR,ERR,ERR,ERR,ERR,ERR,ERR,ERR,ERR,ERR,ERR,ERR,ERR,ERR,ERR,ERR,ERR,ERR,ERR,ERR,ERR,ERR,ERR,ERR,ERR,ERR,ERR,ERR,ERR,ERR,ERR,ERR,ERR,ERR,ERR,ERR,ERR,ERR,ERR,ERR,ERR,ERR,ERR,ERR,ERR,ERR,ERR,ERR,ERR,ERR,ERR,ERR,ERR,ERR,ERR,ERR,ERR,ERR,ERR,ERR,50.0,60.0,100,0.0,0.0,0.0,0.0,0.0,0.0,0.0,0.0,0.0,0.0,0.0,0.0,0.0,0.0,0.0,0.0,61.6,73,14,65513,50,65476,0,300,0,0,8,20529,65476,0,0,26214,60.0,0.0,0.0,0.0,0.0,0.0
2026-05-17T18:42:24,ERR,ERR,ERR,ERR,ERR,ERR,ERR,ERR,ERR,ERR,ERR,ERR,ERR,ERR,ERR,ERR,ERR,ERR,ERR,ERR,ERR,ERR,ERR,ERR,ERR,ERR,ERR,ERR,ERR,ERR,ERR,ERR,ERR,ERR,ERR,ERR,ERR,ERR,ERR,ERR,ERR,ERR,ERR,ERR,ERR,ERR,ERR,ERR,ERR,ERR,ERR,ERR,ERR,ERR,ERR,ERR,ERR,ERR,ERR,ERR,ERR,ERR,ERR,ERR,ERR,ERR,ERR,ERR,ERR,ERR,ERR,ERR,ERR,ERR,ERR,ERR,ERR,ERR,ERR,ERR,ERR,ERR,ERR,ERR,ERR,ERR,ERR,ERR,ERR,ERR,ERR,ERR,ERR,ERR,ERR,ERR,ERR,ERR,ERR,ERR,ERR,ERR,ERR,ERR,ERR,ERR,ERR,ERR,ERR,ERR,ERR,ERR,ERR,ERR,ERR,ERR,ERR,ERR,ERR,ERR,ERR,ERR,ERR,ERR,ERR,0.0,0.0,-134474944.0,0.0,0.0,1.3936040501711995e+18,7.805,0.0,0,0,4,0,8422,0.0,45,0.0,0.0,0.0,0.0,0.0,0,0,0,0,0.0,0,0,0,0,0,0,0,0,0,0,0,0,0,0,0,0,0,0,0,0,0,0,0,0,0,0,0,0,0,0,0,0,0,38,14,7,45,65476,0,300,0,0,8,21553,0.0,-107605600.0,0.0,0.0,0.0,0.0,0.0,0.0,0.0,0.0,0.0,0.0,0.0,0.0,0.0,0.0,0.0,0.0,0.0,0.0,0.0,0.0,2.004,2.004,-0.0,0.0,0.0,0.0,0.0,0.0,4987.0,0.0,0.0,0.0,0.0,-107615280.0,2.718429300292151e+23,0.0,0.0,0.0,0.0,53,-0.0,-0.0,0.0,0.0,0.0,0.0,0.0,0.0,0.0,0,0,0,0.0,0.0,0.0,0.0,0.0,0.0,0.0,0.0,0.0,0.0,0.0,0.0,0.0,0.0,0.0,0.0,0,-107875648.0,53,0.0,106,-107614832.0,0.0,ERR,ERR,ERR,ERR,ERR,ERR,ERR,ERR,ERR,ERR,ERR,ERR,ERR,ERR,ERR,ERR,ERR,ERR,ERR,ERR,ERR,ERR,ERR,ERR,ERR,ERR,ERR,ERR,ERR,ERR,ERR,ERR,ERR,ERR,ERR,ERR,ERR,ERR,ERR,ERR,ERR,ERR,ERR,ERR,ERR,ERR,ERR,ERR,ERR,ERR,ERR,ERR,ERR,ERR,ERR,ERR,ERR,ERR,ERR,ERR,ERR,ERR,ERR,ERR,ERR,ERR,ERR,50.0,60.0,100,0.0,0.0,0.0,0.0,0.0,0.0,0.0,0.0,0.0,0.0,0.0,0.0,0.0,0.0,0.0,0.0,61.6,73,14,65513,50,65476,0,300,0,0,8,20529,65476,0,0,26214,60.0,0.0,0.0,0.0,0.0,0.0
2026-05-17T18:42:25,ERR,ERR,ERR,ERR,ERR,ERR,ERR,ERR,ERR,ERR,ERR,ERR,ERR,ERR,ERR,ERR,ERR,ERR,ERR,ERR,ERR,ERR,ERR,ERR,ERR,ERR,ERR,ERR,ERR,ERR,ERR,ERR,ERR,ERR,ERR,ERR,ERR,ERR,ERR,ERR,ERR,ERR,ERR,ERR,ERR,ERR,ERR,ERR,ERR,ERR,ERR,ERR,ERR,ERR,ERR,ERR,ERR,ERR,ERR,ERR,ERR,ERR,ERR,ERR,ERR,ERR,ERR,ERR,ERR,ERR,ERR,ERR,ERR,ERR,ERR,ERR,ERR,ERR,ERR,ERR,ERR,ERR,ERR,ERR,ERR,ERR,ERR,ERR,ERR,ERR,ERR,ERR,ERR,ERR,ERR,ERR,ERR,ERR,ERR,ERR,ERR,ERR,ERR,ERR,ERR,ERR,ERR,ERR,ERR,ERR,ERR,ERR,ERR,ERR,ERR,ERR,ERR,ERR,ERR,ERR,ERR,ERR,ERR,ERR,ERR,0.0,0.0,-134474944.0,0.0,0.0,1.3936040501711995e+18,7.805,0.0,0,0,4,0,8422,0.0,45,0.0,0.0,0.0,0.0,0.0,0,0,0,0,0.0,0,0,0,0,0,0,0,0,0,0,0,0,0,0,0,0,0,0,0,0,0,0,0,0,0,0,0,0,0,0,0,0,0,38,14,7,45,65476,0,300,0,0,8,21553,0.0,-107605600.0,0.0,0.0,0.0,0.0,0.0,0.0,0.0,0.0,0.0,0.0,0.0,0.0,0.0,0.0,0.0,0.0,0.0,0.0,0.0,0.0,2.004,2.004,-0.0,0.0,0.0,0.0,0.0,0.0,4987.0,0.0,0.0,0.0,0.0,-107615280.0,2.718429300292151e+23,0.0,0.0,0.0,0.0,53,-0.0,-0.0,0.0,0.0,0.0,0.0,0.0,0.0,0.0,0,0,0,0.0,0.0,0.0,0.0,0.0,0.0,0.0,0.0,0.0,0.0,0.0,0.0,0.0,0.0,0.0,0.0,0,-107875648.0,53,0.0,106,-107614832.0,0.0,ERR,ERR,ERR,ERR,ERR,ERR,ERR,ERR,ERR,ERR,ERR,ERR,ERR,ERR,ERR,ERR,ERR,ERR,ERR,ERR,ERR,ERR,ERR,ERR,ERR,ERR,ERR,ERR,ERR,ERR,ERR,ERR,ERR,ERR,ERR,ERR,ERR,ERR,ERR,ERR,ERR,ERR,ERR,ERR,ERR,ERR,ERR,ERR,ERR,ERR,ERR,ERR,ERR,ERR,ERR,ERR,ERR,ERR,ERR,ERR,ERR,ERR,ERR,ERR,ERR,ERR,ERR,50.0,60.0,100,0.0,0.0,0.0,0.0,0.0,0.0,0.0,0.0,0.0,0.0,0.0,0.0,0.0,0.0,0.0,0.0,61.6,73,14,65513,50,65476,0,300,0,0,8,20529,65476,0,0,26214,60.0,0.0,0.0,0.0,0.0,0.0
2026-05-17T18:42:26,ERR,ERR,ERR,ERR,ERR,ERR,ERR,ERR,ERR,ERR,ERR,ERR,ERR,ERR,ERR,ERR,ERR,ERR,ERR,ERR,ERR,ERR,ERR,ERR,ERR,ERR,ERR,ERR,ERR,ERR,ERR,ERR,ERR,ERR,ERR,ERR,ERR,ERR,ERR,ERR,ERR,ERR,ERR,ERR,ERR,ERR,ERR,ERR,ERR,ERR,ERR,ERR,ERR,ERR,ERR,ERR,ERR,ERR,ERR,ERR,ERR,ERR,ERR,ERR,ERR,ERR,ERR,ERR,ERR,ERR,ERR,ERR,ERR,ERR,ERR,ERR,ERR,ERR,ERR,ERR,ERR,ERR,ERR,ERR,ERR,ERR,ERR,ERR,ERR,ERR,ERR,ERR,ERR,ERR,ERR,ERR,ERR,ERR,ERR,ERR,ERR,ERR,ERR,ERR,ERR,ERR,ERR,ERR,ERR,ERR,ERR,ERR,ERR,ERR,ERR,ERR,ERR,ERR,ERR,ERR,ERR,ERR,ERR,ERR,ERR,0.0,0.0,-134474944.0,0.0,0.0,1.3936040501711995e+18,7.805,0.0,0,0,4,0,8422,0.0,45,0.0,0.0,0.0,0.0,0.0,0,0,0,0,0.0,0,0,0,0,0,0,0,0,0,0,0,0,0,0,0,0,0,0,0,0,0,0,0,0,0,0,0,0,0,0,0,0,0,38,14,7,45,65476,0,300,0,0,8,21553,0.0,-107605600.0,0.0,0.0,0.0,0.0,0.0,0.0,0.0,0.0,0.0,0.0,0.0,0.0,0.0,0.0,0.0,0.0,0.0,0.0,0.0,0.0,2.004,2.004,-0.0,0.0,0.0,0.0,0.0,0.0,4987.0,0.0,0.0,0.0,0.0,-107615280.0,2.718429300292151e+23,0.0,0.0,0.0,0.0,53,-0.0,-0.0,0.0,0.0,0.0,0.0,0.0,0.0,0.0,0,0,0,0.0,0.0,0.0,0.0,0.0,0.0,0.0,0.0,0.0,0.0,0.0,0.0,0.0,0.0,0.0,0.0,0,-107875648.0,53,0.0,106,-107614832.0,0.0,ERR,ERR,ERR,ERR,ERR,ERR,ERR,ERR,ERR,ERR,ERR,ERR,ERR,ERR,ERR,ERR,ERR,ERR,ERR,ERR,ERR,ERR,ERR,ERR,ERR,ERR,ERR,ERR,ERR,ERR,ERR,ERR,ERR,ERR,ERR,ERR,ERR,ERR,ERR,ERR,ERR,ERR,ERR,ERR,ERR,ERR,ERR,ERR,ERR,ERR,ERR,ERR,ERR,ERR,ERR,ERR,ERR,ERR,ERR,ERR,ERR,ERR,ERR,ERR,ERR,ERR,ERR,50.0,60.0,100,0.0,0.0,0.0,0.0,0.0,0.0,0.0,0.0,0.0,0.0,0.0,0.0,0.0,0.0,0.0,0.0,61.6,73,14,65513,50,65476,0,300,0,0,8,20529,65476,0,0,26214,60.0,0.0,0.0,0.0,0.0,0.0
2026-05-17T18:42:27,ERR,ERR,ERR,ERR,ERR,ERR,ERR,ERR,ERR,ERR,ERR,ERR,ERR,ERR,ERR,ERR,ERR,ERR,ERR,ERR,ERR,ERR,ERR,ERR,ERR,ERR,ERR,ERR,ERR,ERR,ERR,ERR,ERR,ERR,ERR,ERR,ERR,ERR,ERR,ERR,ERR,ERR,ERR,ERR,ERR,ERR,ERR,ERR,ERR,ERR,ERR,ERR,ERR,ERR,ERR,ERR,ERR,ERR,ERR,ERR,ERR,ERR,ERR,ERR,ERR,ERR,ERR,ERR,ERR,ERR,ERR,ERR,ERR,ERR,ERR,ERR,ERR,ERR,ERR,ERR,ERR,ERR,ERR,ERR,ERR,ERR,ERR,ERR,ERR,ERR,ERR,ERR,ERR,ERR,ERR,ERR,ERR,ERR,ERR,ERR,ERR,ERR,ERR,ERR,ERR,ERR,ERR,ERR,ERR,ERR,ERR,ERR,ERR,ERR,ERR,ERR,ERR,ERR,ERR,ERR,ERR,ERR,ERR,ERR,ERR,0.0,0.0,-134474944.0,0.0,0.0,1.3936040501711995e+18,7.805,0.0,0,0,4,0,8422,0.0,45,0.0,0.0,0.0,0.0,0.0,0,0,0,0,0.0,0,0,0,0,0,0,0,0,0,0,0,0,0,0,0,0,0,0,0,0,0,0,0,0,0,0,0,0,0,0,0,0,0,38,14,7,45,65476,0,300,0,0,8,21553,0.0,-107605600.0,0.0,0.0,0.0,0.0,0.0,0.0,0.0,0.0,0.0,0.0,0.0,0.0,0.0,0.0,0.0,0.0,0.0,0.0,0.0,0.0,2.004,2.004,-0.0,0.0,0.0,0.0,0.0,0.0,4987.0,0.0,0.0,0.0,0.0,-107615280.0,2.718429300292151e+23,0.0,0.0,0.0,0.0,53,-0.0,-0.0,0.0,0.0,0.0,0.0,0.0,0.0,0.0,0,0,0,0.0,0.0,0.0,0.0,0.0,0.0,0.0,0.0,0.0,0.0,0.0,0.0,0.0,0.0,0.0,0.0,0,-107875648.0,53,0.0,106,-107614832.0,0.0,ERR,ERR,ERR,ERR,ERR,ERR,ERR,ERR,ERR,ERR,ERR,ERR,ERR,ERR,ERR,ERR,ERR,ERR,ERR,ERR,ERR,ERR,ERR,ERR,ERR,ERR,ERR,ERR,ERR,ERR,ERR,ERR,ERR,ERR,ERR,ERR,ERR,ERR,ERR,ERR,ERR,ERR,ERR,ERR,ERR,ERR,ERR,ERR,ERR,ERR,ERR,ERR,ERR,ERR,ERR,ERR,ERR,ERR,ERR,ERR,ERR,ERR,ERR,ERR,ERR,ERR,ERR,50.0,60.0,100,0.0,0.0,0.0,0.0,0.0,0.0,0.0,0.0,0.0,0.0,0.0,0.0,0.0,0.0,0.0,0.0,61.6,73,14,65513,50,65476,0,300,0,0,8,20529,65476,0,0,26214,60.0,0.0,0.0,0.0,0.0,0.0
2026-05-17T18:42:28,ERR,ERR,ERR,ERR,ERR,ERR,ERR,ERR,ERR,ERR,ERR,ERR,ERR,ERR,ERR,ERR,ERR,ERR,ERR,ERR,ERR,ERR,ERR,ERR,ERR,ERR,ERR,ERR,ERR,ERR,ERR,ERR,ERR,ERR,ERR,ERR,ERR,ERR,ERR,ERR,ERR,ERR,ERR,ERR,ERR,ERR,ERR,ERR,ERR,ERR,ERR,ERR,ERR,ERR,ERR,ERR,ERR,ERR,ERR,ERR,ERR,ERR,ERR,ERR,ERR,ERR,ERR,ERR,ERR,ERR,ERR,ERR,ERR,ERR,ERR,ERR,ERR,ERR,ERR,ERR,ERR,ERR,ERR,ERR,ERR,ERR,ERR,ERR,ERR,ERR,ERR,ERR,ERR,ERR,ERR,ERR,ERR,ERR,ERR,ERR,ERR,ERR,ERR,ERR,ERR,ERR,ERR,ERR,ERR,ERR,ERR,ERR,ERR,ERR,ERR,ERR,ERR,ERR,ERR,ERR,ERR,ERR,ERR,ERR,ERR,0.0,0.0,-134474944.0,0.0,0.0,1.3936040501711995e+18,7.805,0.0,0,0,4,0,8422,0.0,45,0.0,0.0,0.0,0.0,0.0,0,0,0,0,0.0,0,0,0,0,0,0,0,0,0,0,0,0,0,0,0,0,0,0,0,0,0,0,0,0,0,0,0,0,0,0,0,0,0,38,14,7,45,65476,0,300,0,0,8,21553,0.0,-107605600.0,0.0,0.0,0.0,0.0,0.0,0.0,0.0,0.0,0.0,0.0,0.0,0.0,0.0,0.0,0.0,0.0,0.0,0.0,0.0,0.0,2.004,2.004,-0.0,0.0,0.0,0.0,0.0,0.0,4987.0,0.0,0.0,0.0,0.0,-107615280.0,2.718429300292151e+23,0.0,0.0,0.0,0.0,53,-0.0,-0.0,0.0,0.0,0.0,0.0,0.0,0.0,0.0,0,0,0,0.0,0.0,0.0,0.0,0.0,0.0,0.0,0.0,0.0,0.0,0.0,0.0,0.0,0.0,0.0,0.0,0,-107875648.0,53,0.0,106,-107614832.0,0.0,ERR,ERR,ERR,ERR,ERR,ERR,ERR,ERR,ERR,ERR,ERR,ERR,ERR,ERR,ERR,ERR,ERR,ERR,ERR,ERR,ERR,ERR,ERR,ERR,ERR,ERR,ERR,ERR,ERR,ERR,ERR,ERR,ERR,ERR,ERR,ERR,ERR,ERR,ERR,ERR,ERR,ERR,ERR,ERR,ERR,ERR,ERR,ERR,ERR,ERR,ERR,ERR,ERR,ERR,ERR,ERR,ERR,ERR,ERR,ERR,ERR,ERR,ERR,ERR,ERR,ERR,ERR,50.0,60.0,100,0.0,0.0,0.0,0.0,0.0,0.0,0.0,0.0,0.0,0.0,0.0,0.0,0.0,0.0,0.0,0.0,61.6,73,14,65513,50,65476,0,300,0,0,8,20529,65476,0,0,26214,60.0,0.0,0.0,0.0,0.0,0.0
2026-05-17T18:42:29,ERR,ERR,ERR,ERR,ERR,ERR,ERR,ERR,ERR,ERR,ERR,ERR,ERR,ERR,ERR,ERR,ERR,ERR,ERR,ERR,ERR,ERR,ERR,ERR,ERR,ERR,ERR,ERR,ERR,ERR,ERR,ERR,ERR,ERR,ERR,ERR,ERR,ERR,ERR,ERR,ERR,ERR,ERR,ERR,ERR,ERR,ERR,ERR,ERR,ERR,ERR,ERR,ERR,ERR,ERR,ERR,ERR,ERR,ERR,ERR,ERR,ERR,ERR,ERR,ERR,ERR,ERR,ERR,ERR,ERR,ERR,ERR,ERR,ERR,ERR,ERR,ERR,ERR,ERR,ERR,ERR,ERR,ERR,ERR,ERR,ERR,ERR,ERR,ERR,ERR,ERR,ERR,ERR,ERR,ERR,ERR,ERR,ERR,ERR,ERR,ERR,ERR,ERR,ERR,ERR,ERR,ERR,ERR,ERR,ERR,ERR,ERR,ERR,ERR,ERR,ERR,ERR,ERR,ERR,ERR,ERR,ERR,ERR,ERR,ERR,0.0,0.0,-134474944.0,0.0,0.0,1.3936040501711995e+18,7.805,0.0,0,0,4,0,8422,0.0,45,0.0,0.0,0.0,0.0,0.0,0,0,0,0,0.0,0,0,0,0,0,0,0,0,0,0,0,0,0,0,0,0,0,0,0,0,0,0,0,0,0,0,0,0,0,0,0,0,0,38,14,7,45,65476,0,300,0,0,8,21553,0.0,-107605600.0,0.0,0.0,0.0,0.0,0.0,0.0,0.0,0.0,0.0,0.0,0.0,0.0,0.0,0.0,0.0,0.0,0.0,0.0,0.0,0.0,2.004,2.004,-0.0,0.0,0.0,0.0,0.0,0.0,4985.0,-0.0,0.0,0.0,0.0,-107615280.0,2.718429300292151e+23,0.0,0.0,0.0,0.0,53,-0.0,126840528896.0,0.0,0.0,0.0,0.0,0.0,0.0,0.0,0,0,0,0.0,0.0,0.0,0.0,0.0,0.0,0.0,0.0,0.0,0.0,0.0,0.0,0.0,0.0,0.0,0.0,0,-107875648.0,53,0.0,106,-107614832.0,0.0,ERR,ERR,ERR,ERR,ERR,ERR,ERR,ERR,ERR,ERR,ERR,ERR,ERR,ERR,ERR,ERR,ERR,ERR,ERR,ERR,ERR,ERR,ERR,ERR,ERR,ERR,ERR,ERR,ERR,ERR,ERR,ERR,ERR,ERR,ERR,ERR,ERR,ERR,ERR,ERR,ERR,ERR,ERR,ERR,ERR,ERR,ERR,ERR,ERR,ERR,ERR,ERR,ERR,ERR,ERR,ERR,ERR,ERR,ERR,ERR,ERR,ERR,ERR,ERR,ERR,ERR,ERR,50.0,60.0,100,0.0,0.0,0.0,0.0,0.0,0.0,0.0,0.0,0.0,0.0,0.0,0.0,0.0,0.0,0.0,0.0,62.0,73,14,65513,50,65476,0,300,0,0,8,20529,65476,0,0,26214,60.0,0.0,0.0,0.0,0.0,0.0
2026-05-17T18:42:30,ERR,ERR,ERR,ERR,ERR,ERR,ERR,ERR,ERR,ERR,ERR,ERR,ERR,ERR,ERR,ERR,ERR,ERR,ERR,ERR,ERR,ERR,ERR,ERR,ERR,ERR,ERR,ERR,ERR,ERR,ERR,ERR,ERR,ERR,ERR,ERR,ERR,ERR,ERR,ERR,ERR,ERR,ERR,ERR,ERR,ERR,ERR,ERR,ERR,ERR,ERR,ERR,ERR,ERR,ERR,ERR,ERR,ERR,ERR,ERR,ERR,ERR,ERR,ERR,ERR,ERR,ERR,ERR,ERR,ERR,ERR,ERR,ERR,ERR,ERR,ERR,ERR,ERR,ERR,ERR,ERR,ERR,ERR,ERR,ERR,ERR,ERR,ERR,ERR,ERR,ERR,ERR,ERR,ERR,ERR,ERR,ERR,ERR,ERR,ERR,ERR,ERR,ERR,ERR,ERR,ERR,ERR,ERR,ERR,ERR,ERR,ERR,ERR,ERR,ERR,ERR,ERR,ERR,ERR,ERR,ERR,ERR,ERR,ERR,ERR,0.0,0.0,-134474944.0,0.0,0.0,1.3936040501711995e+18,7.805,0.0,0,0,4,0,8422,0.0,45,0.0,0.0,0.0,0.0,0.0,0,0,0,0,0.0,0,0,0,0,0,0,0,0,0,0,0,0,0,0,0,0,0,0,0,0,0,0,0,0,0,0,0,0,0,0,0,0,0,38,14,7,45,65476,0,300,0,0,8,21553,0.0,-107605600.0,0.0,0.0,0.0,0.0,0.0,0.0,0.0,0.0,0.0,0.0,0.0,0.0,0.0,0.0,0.0,0.0,0.0,0.0,0.0,0.0,2.004,2.004,-0.0,0.0,0.0,0.0,0.0,0.0,4985.0,-0.0,0.0,0.0,0.0,-107615280.0,2.718429300292151e+23,0.0,0.0,0.0,0.0,53,-0.0,126840528896.0,0.0,0.0,0.0,0.0,0.0,0.0,0.0,0,0,0,0.0,0.0,0.0,0.0,0.0,0.0,0.0,0.0,0.0,0.0,0.0,0.0,0.0,0.0,0.0,0.0,0,-107875648.0,53,0.0,106,-107614832.0,0.0,ERR,ERR,ERR,ERR,ERR,ERR,ERR,ERR,ERR,ERR,ERR,ERR,ERR,ERR,ERR,ERR,ERR,ERR,ERR,ERR,ERR,ERR,ERR,ERR,ERR,ERR,ERR,ERR,ERR,ERR,ERR,ERR,ERR,ERR,ERR,ERR,ERR,ERR,ERR,ERR,ERR,ERR,ERR,ERR,ERR,ERR,ERR,ERR,ERR,ERR,ERR,ERR,ERR,ERR,ERR,ERR,ERR,ERR,ERR,ERR,ERR,ERR,ERR,ERR,ERR,ERR,ERR,50.0,60.0,100,0.0,0.0,0.0,0.0,0.0,0.0,0.0,0.0,0.0,0.0,0.0,0.0,0.0,0.0,0.0,0.0,62.0,73,14,65513,50,65476,0,300,0,0,8,20529,65476,0,0,26214,60.0,0.0,0.0,0.0,0.0,0.0
2026-05-17T18:42:31,ERR,ERR,ERR,ERR,ERR,ERR,ERR,ERR,ERR,ERR,ERR,ERR,ERR,ERR,ERR,ERR,ERR,ERR,ERR,ERR,ERR,ERR,ERR,ERR,ERR,ERR,ERR,ERR,ERR,ERR,ERR,ERR,ERR,ERR,ERR,ERR,ERR,ERR,ERR,ERR,ERR,ERR,ERR,ERR,ERR,ERR,ERR,ERR,ERR,ERR,ERR,ERR,ERR,ERR,ERR,ERR,ERR,ERR,ERR,ERR,ERR,ERR,ERR,ERR,ERR,ERR,ERR,ERR,ERR,ERR,ERR,ERR,ERR,ERR,ERR,ERR,ERR,ERR,ERR,ERR,ERR,ERR,ERR,ERR,ERR,ERR,ERR,ERR,ERR,ERR,ERR,ERR,ERR,ERR,ERR,ERR,ERR,ERR,ERR,ERR,ERR,ERR,ERR,ERR,ERR,ERR,ERR,ERR,ERR,ERR,ERR,ERR,ERR,ERR,ERR,ERR,ERR,ERR,ERR,ERR,ERR,ERR,ERR,ERR,ERR,0.0,0.0,-134474944.0,0.0,0.0,1.3936040501711995e+18,7.805,0.0,0,0,4,0,8422,0.0,45,0.0,0.0,0.0,0.0,0.0,0,0,0,0,0.0,0,0,0,0,0,0,0,0,0,0,0,0,0,0,0,0,0,0,0,0,0,0,0,0,0,0,0,0,0,0,0,0,0,38,14,7,45,65476,0,300,0,0,8,21553,0.0,-107605600.0,0.0,0.0,0.0,0.0,0.0,0.0,0.0,0.0,0.0,0.0,0.0,0.0,0.0,0.0,0.0,0.0,0.0,0.0,0.0,0.0,2.004,2.004,-0.0,0.0,0.0,0.0,0.0,0.0,4985.0,-0.0,0.0,0.0,0.0,-107615280.0,2.718429300292151e+23,0.0,0.0,0.0,0.0,53,-0.0,126840528896.0,0.0,0.0,0.0,0.0,0.0,0.0,0.0,0,0,0,0.0,0.0,0.0,0.0,0.0,0.0,0.0,0.0,0.0,0.0,0.0,0.0,0.0,0.0,0.0,0.0,0,-107875648.0,53,0.0,106,-107614832.0,0.0,ERR,ERR,ERR,ERR,ERR,ERR,ERR,ERR,ERR,ERR,ERR,ERR,ERR,ERR,ERR,ERR,ERR,ERR,ERR,ERR,ERR,ERR,ERR,ERR,ERR,ERR,ERR,ERR,ERR,ERR,ERR,ERR,ERR,ERR,ERR,ERR,ERR,ERR,ERR,ERR,ERR,ERR,ERR,ERR,ERR,ERR,ERR,ERR,ERR,ERR,ERR,ERR,ERR,ERR,ERR,ERR,ERR,ERR,ERR,ERR,ERR,ERR,ERR,ERR,ERR,ERR,ERR,50.0,60.0,100,0.0,0.0,0.0,0.0,0.0,0.0,0.0,0.0,0.0,0.0,0.0,0.0,0.0,0.0,0.0,0.0,61.6,73,14,65513,50,65476,0,300,0,0,8,20529,65476,0,0,26214,60.0,0.0,0.0,0.0,0.0,0.0
2026-05-17T18:42:32,ERR,ERR,ERR,ERR,ERR,ERR,ERR,ERR,ERR,ERR,ERR,ERR,ERR,ERR,ERR,ERR,ERR,ERR,ERR,ERR,ERR,ERR,ERR,ERR,ERR,ERR,ERR,ERR,ERR,ERR,ERR,ERR,ERR,ERR,ERR,ERR,ERR,ERR,ERR,ERR,ERR,ERR,ERR,ERR,ERR,ERR,ERR,ERR,ERR,ERR,ERR,ERR,ERR,ERR,ERR,ERR,ERR,ERR,ERR,ERR,ERR,ERR,ERR,ERR,ERR,ERR,ERR,ERR,ERR,ERR,ERR,ERR,ERR,ERR,ERR,ERR,ERR,ERR,ERR,ERR,ERR,ERR,ERR,ERR,ERR,ERR,ERR,ERR,ERR,ERR,ERR,ERR,ERR,ERR,ERR,ERR,ERR,ERR,ERR,ERR,ERR,ERR,ERR,ERR,ERR,ERR,ERR,ERR,ERR,ERR,ERR,ERR,ERR,ERR,ERR,ERR,ERR,ERR,ERR,ERR,ERR,ERR,ERR,ERR,ERR,0.0,0.0,-134474944.0,0.0,0.0,1.3936040501711995e+18,7.805,0.0,0,0,4,0,8422,0.0,45,0.0,0.0,0.0,0.0,0.0,0,0,0,0,0.0,0,0,0,0,0,0,0,0,0,0,0,0,0,0,0,0,0,0,0,0,0,0,0,0,0,0,0,0,0,0,0,0,0,38,14,7,45,65476,0,300,0,0,8,21553,0.0,-107605600.0,0.0,0.0,0.0,0.0,0.0,0.0,0.0,0.0,0.0,0.0,0.0,0.0,0.0,0.0,0.0,0.0,0.0,0.0,0.0,0.0,2.004,2.004,-0.0,0.0,0.0,0.0,0.0,0.0,4985.0,-0.0,0.0,0.0,0.0,-107615280.0,2.718429300292151e+23,0.0,0.0,0.0,0.0,53,-0.0,126840528896.0,0.0,0.0,0.0,0.0,0.0,0.0,0.0,0,0,0,0.0,0.0,0.0,0.0,0.0,0.0,0.0,0.0,0.0,0.0,0.0,0.0,0.0,0.0,0.0,0.0,0,-107875648.0,53,0.0,106,-107614832.0,0.0,ERR,ERR,ERR,ERR,ERR,ERR,ERR,ERR,ERR,ERR,ERR,ERR,ERR,ERR,ERR,ERR,ERR,ERR,ERR,ERR,ERR,ERR,ERR,ERR,ERR,ERR,ERR,ERR,ERR,ERR,ERR,ERR,ERR,ERR,ERR,ERR,ERR,ERR,ERR,ERR,ERR,ERR,ERR,ERR,ERR,ERR,ERR,ERR,ERR,ERR,ERR,ERR,ERR,ERR,ERR,ERR,ERR,ERR,ERR,ERR,ERR,ERR,ERR,ERR,ERR,ERR,ERR,50.0,60.0,100,0.0,0.0,0.0,0.0,0.0,0.0,0.0,0.0,0.0,0.0,0.0,0.0,0.0,0.0,0.0,0.0,61.6,73,14,65513,50,65476,0,300,0,0,8,20529,65476,0,0,26214,60.0,0.0,0.0,0.0,0.0,0.0
2026-05-17T18:42:33,ERR,ERR,ERR,ERR,ERR,ERR,ERR,ERR,ERR,ERR,ERR,ERR,ERR,ERR,ERR,ERR,ERR,ERR,ERR,ERR,ERR,ERR,ERR,ERR,ERR,ERR,ERR,ERR,ERR,ERR,ERR,ERR,ERR,ERR,ERR,ERR,ERR,ERR,ERR,ERR,ERR,ERR,ERR,ERR,ERR,ERR,ERR,ERR,ERR,ERR,ERR,ERR,ERR,ERR,ERR,ERR,ERR,ERR,ERR,ERR,ERR,ERR,ERR,ERR,ERR,ERR,ERR,ERR,ERR,ERR,ERR,ERR,ERR,ERR,ERR,ERR,ERR,ERR,ERR,ERR,ERR,ERR,ERR,ERR,ERR,ERR,ERR,ERR,ERR,ERR,ERR,ERR,ERR,ERR,ERR,ERR,ERR,ERR,ERR,ERR,ERR,ERR,ERR,ERR,ERR,ERR,ERR,ERR,ERR,ERR,ERR,ERR,ERR,ERR,ERR,ERR,ERR,ERR,ERR,ERR,ERR,ERR,ERR,ERR,ERR,0.0,0.0,-134474944.0,0.0,0.0,1.3936040501711995e+18,7.805,0.0,0,0,4,0,8422,0.0,45,0.0,0.0,0.0,0.0,0.0,0,0,0,0,0.0,0,0,0,0,0,0,0,0,0,0,0,0,0,0,0,0,0,0,0,0,0,0,0,0,0,0,0,0,0,0,0,0,0,38,14,7,45,65476,0,300,0,0,8,21553,0.0,-107605600.0,0.0,0.0,0.0,0.0,0.0,0.0,0.0,0.0,0.0,0.0,0.0,0.0,0.0,0.0,0.0,0.0,0.0,0.0,0.0,0.0,2.004,2.004,-0.0,0.0,0.0,0.0,0.0,0.0,4985.0,-0.0,0.0,0.0,0.0,-107615280.0,2.718429300292151e+23,0.0,0.0,0.0,0.0,53,-0.0,126840528896.0,0.0,0.0,0.0,0.0,0.0,0.0,0.0,0,0,0,0.0,0.0,0.0,0.0,0.0,0.0,0.0,0.0,0.0,0.0,0.0,0.0,0.0,0.0,0.0,0.0,0,-107875648.0,53,0.0,106,-107614832.0,0.0,ERR,ERR,ERR,ERR,ERR,ERR,ERR,ERR,ERR,ERR,ERR,ERR,ERR,ERR,ERR,ERR,ERR,ERR,ERR,ERR,ERR,ERR,ERR,ERR,ERR,ERR,ERR,ERR,ERR,ERR,ERR,ERR,ERR,ERR,ERR,ERR,ERR,ERR,ERR,ERR,ERR,ERR,ERR,ERR,ERR,ERR,ERR,ERR,ERR,ERR,ERR,ERR,ERR,ERR,ERR,ERR,ERR,ERR,ERR,ERR,ERR,ERR,ERR,ERR,ERR,ERR,ERR,50.0,60.0,100,0.0,0.0,0.0,0.0,0.0,0.0,0.0,0.0,0.0,0.0,0.0,0.0,0.0,0.0,0.0,0.0,61.6,73,14,65513,50,65476,0,300,0,0,8,20529,65476,0,0,26214,60.0,0.0,0.0,0.0,0.0,0.0
2026-05-17T18:42:34,ERR,ERR,ERR,ERR,ERR,ERR,ERR,ERR,ERR,ERR,ERR,ERR,ERR,ERR,ERR,ERR,ERR,ERR,ERR,ERR,ERR,ERR,ERR,ERR,ERR,ERR,ERR,ERR,ERR,ERR,ERR,ERR,ERR,ERR,ERR,ERR,ERR,ERR,ERR,ERR,ERR,ERR,ERR,ERR,ERR,ERR,ERR,ERR,ERR,ERR,ERR,ERR,ERR,ERR,ERR,ERR,ERR,ERR,ERR,ERR,ERR,ERR,ERR,ERR,ERR,ERR,ERR,ERR,ERR,ERR,ERR,ERR,ERR,ERR,ERR,ERR,ERR,ERR,ERR,ERR,ERR,ERR,ERR,ERR,ERR,ERR,ERR,ERR,ERR,ERR,ERR,ERR,ERR,ERR,ERR,ERR,ERR,ERR,ERR,ERR,ERR,ERR,ERR,ERR,ERR,ERR,ERR,ERR,ERR,ERR,ERR,ERR,ERR,ERR,ERR,ERR,ERR,ERR,ERR,ERR,ERR,ERR,ERR,ERR,ERR,0.0,0.0,0.0,0.0,0.0,1.3936040501711995e+18,7.805,0.0,0,0,4,0,8422,0.0,45,0.0,0.0,0.0,0.0,0.0,0,0,0,0,0.0,0,0,0,0,0,0,0,0,0,0,0,0,0,0,0,0,0,0,0,0,0,0,0,0,0,0,0,0,0,0,0,0,0,38,14,7,45,65476,0,300,0,0,8,21553,0.0,-107605600.0,0.0,0.0,0.0,0.0,0.0,0.0,0.0,0.0,0.0,0.0,0.0,0.0,0.0,0.0,0.0,0.0,0.0,0.0,0.0,0.0,2.004,2.004,-0.0,0.0,0.0,0.0,0.0,0.0,4984.0,-2.4229876163019057e+24,0.0,0.0,0.0,-107615280.0,2.718429300292151e+23,0.0,0.0,0.0,0.0,53,-0.0,-0.0,0.0,0.0,0.0,0.0,0.0,0.0,0.0,0,0,0,0.0,0.0,0.0,0.0,0.0,0.0,0.0,0.0,0.0,0.0,0.0,0.0,0.0,0.0,0.0,0.0,0,-107875648.0,53,0.0,106,-107614832.0,0.0,ERR,ERR,ERR,ERR,ERR,ERR,ERR,ERR,ERR,ERR,ERR,ERR,ERR,ERR,ERR,ERR,ERR,ERR,ERR,ERR,ERR,ERR,ERR,ERR,ERR,ERR,ERR,ERR,ERR,ERR,ERR,ERR,ERR,ERR,ERR,ERR,ERR,ERR,ERR,ERR,ERR,ERR,ERR,ERR,ERR,ERR,ERR,ERR,ERR,ERR,ERR,ERR,ERR,ERR,ERR,ERR,ERR,ERR,ERR,ERR,ERR,ERR,ERR,ERR,ERR,ERR,ERR,50.0,60.0,100,0.0,0.0,0.0,0.0,0.0,0.0,0.0,0.0,0.0,0.0,0.0,0.0,0.0,0.0,0.0,0.0,61.6,73,14,65513,50,65476,0,300,0,0,8,20529,65476,0,0,26214,60.0,0.0,0.0,0.0,0.0,0.0
2026-05-17T18:42:35,ERR,ERR,ERR,ERR,ERR,ERR,ERR,ERR,ERR,ERR,ERR,ERR,ERR,ERR,ERR,ERR,ERR,ERR,ERR,ERR,ERR,ERR,ERR,ERR,ERR,ERR,ERR,ERR,ERR,ERR,ERR,ERR,ERR,ERR,ERR,ERR,ERR,ERR,ERR,ERR,ERR,ERR,ERR,ERR,ERR,ERR,ERR,ERR,ERR,ERR,ERR,ERR,ERR,ERR,ERR,ERR,ERR,ERR,ERR,ERR,ERR,ERR,ERR,ERR,ERR,ERR,ERR,ERR,ERR,ERR,ERR,ERR,ERR,ERR,ERR,ERR,ERR,ERR,ERR,ERR,ERR,ERR,ERR,ERR,ERR,ERR,ERR,ERR,ERR,ERR,ERR,ERR,ERR,ERR,ERR,ERR,ERR,ERR,ERR,ERR,ERR,ERR,ERR,ERR,ERR,ERR,ERR,ERR,ERR,ERR,ERR,ERR,ERR,ERR,ERR,ERR,ERR,ERR,ERR,ERR,ERR,ERR,ERR,ERR,ERR,0.0,0.0,0.0,0.0,0.0,1.3936040501711995e+18,7.805,0.0,0,0,4,0,8422,0.0,45,0.0,0.0,0.0,0.0,0.0,0,0,0,0,0.0,0,0,0,0,0,0,0,0,0,0,0,0,0,0,0,0,0,0,0,0,0,0,0,0,0,0,0,0,0,0,0,0,0,38,14,7,45,65476,0,300,0,0,8,21553,0.0,-107605600.0,0.0,0.0,0.0,0.0,0.0,0.0,0.0,0.0,0.0,0.0,0.0,0.0,0.0,0.0,0.0,0.0,0.0,0.0,0.0,0.0,2.004,2.004,-0.0,0.0,0.0,0.0,0.0,0.0,4984.0,-2.4229876163019057e+24,0.0,0.0,0.0,-107615280.0,2.718429300292151e+23,0.0,0.0,0.0,0.0,53,-0.0,-0.0,0.0,0.0,0.0,0.0,0.0,0.0,0.0,0,0,0,0.0,0.0,0.0,0.0,0.0,0.0,0.0,0.0,0.0,0.0,0.0,0.0,0.0,0.0,0.0,0.0,0,-107875648.0,53,0.0,106,-107614832.0,0.0,ERR,ERR,ERR,ERR,ERR,ERR,ERR,ERR,ERR,ERR,ERR,ERR,ERR,ERR,ERR,ERR,ERR,ERR,ERR,ERR,ERR,ERR,ERR,ERR,ERR,ERR,ERR,ERR,ERR,ERR,ERR,ERR,ERR,ERR,ERR,ERR,ERR,ERR,ERR,ERR,ERR,ERR,ERR,ERR,ERR,ERR,ERR,ERR,ERR,ERR,ERR,ERR,ERR,ERR,ERR,ERR,ERR,ERR,ERR,ERR,ERR,ERR,ERR,ERR,ERR,ERR,ERR,50.0,60.0,100,0.0,0.0,0.0,0.0,0.0,0.0,0.0,0.0,0.0,0.0,0.0,0.0,0.0,0.0,0.0,0.0,61.6,73,14,65513,50,65476,0,300,0,0,8,20529,65476,0,0,26214,60.0,0.0,0.0,0.0,0.0,0.0
2026-05-17T18:42:36,ERR,ERR,ERR,ERR,ERR,ERR,ERR,ERR,ERR,ERR,ERR,ERR,ERR,ERR,ERR,ERR,ERR,ERR,ERR,ERR,ERR,ERR,ERR,ERR,ERR,ERR,ERR,ERR,ERR,ERR,ERR,ERR,ERR,ERR,ERR,ERR,ERR,ERR,ERR,ERR,ERR,ERR,ERR,ERR,ERR,ERR,ERR,ERR,ERR,ERR,ERR,ERR,ERR,ERR,ERR,ERR,ERR,ERR,ERR,ERR,ERR,ERR,ERR,ERR,ERR,ERR,ERR,ERR,ERR,ERR,ERR,ERR,ERR,ERR,ERR,ERR,ERR,ERR,ERR,ERR,ERR,ERR,ERR,ERR,ERR,ERR,ERR,ERR,ERR,ERR,ERR,ERR,ERR,ERR,ERR,ERR,ERR,ERR,ERR,ERR,ERR,ERR,ERR,ERR,ERR,ERR,ERR,ERR,ERR,ERR,ERR,ERR,ERR,ERR,ERR,ERR,ERR,ERR,ERR,ERR,ERR,ERR,ERR,ERR,ERR,0.0,0.0,0.0,0.0,0.0,1.3936040501711995e+18,7.805,0.0,0,0,4,0,8422,0.0,45,0.0,0.0,0.0,0.0,0.0,0,0,0,0,0.0,0,0,0,0,0,0,0,0,0,0,0,0,0,0,0,0,0,0,0,0,0,0,0,0,0,0,0,0,0,0,0,0,0,38,14,7,45,65476,0,300,0,0,8,21553,0.0,-107605600.0,0.0,0.0,0.0,0.0,0.0,0.0,0.0,0.0,0.0,0.0,0.0,0.0,0.0,0.0,0.0,0.0,0.0,0.0,0.0,0.0,2.004,2.004,-0.0,0.0,0.0,0.0,0.0,0.0,4984.0,-2.4229876163019057e+24,0.0,0.0,0.0,-107615280.0,2.718429300292151e+23,0.0,0.0,0.0,0.0,53,-0.0,-0.0,0.0,0.0,0.0,0.0,0.0,0.0,0.0,0,0,0,0.0,0.0,0.0,0.0,0.0,0.0,0.0,0.0,0.0,0.0,0.0,0.0,0.0,0.0,0.0,0.0,0,-107875648.0,53,0.0,106,-107614832.0,0.0,ERR,ERR,ERR,ERR,ERR,ERR,ERR,ERR,ERR,ERR,ERR,ERR,ERR,ERR,ERR,ERR,ERR,ERR,ERR,ERR,ERR,ERR,ERR,ERR,ERR,ERR,ERR,ERR,ERR,ERR,ERR,ERR,ERR,ERR,ERR,ERR,ERR,ERR,ERR,ERR,ERR,ERR,ERR,ERR,ERR,ERR,ERR,ERR,ERR,ERR,ERR,ERR,ERR,ERR,ERR,ERR,ERR,ERR,ERR,ERR,ERR,ERR,ERR,ERR,ERR,ERR,ERR,50.0,60.0,100,0.0,0.0,0.0,0.0,0.0,0.0,0.0,0.0,0.0,0.0,0.0,0.0,0.0,0.0,0.0,0.0,61.6,73,14,65513,50,65476,0,300,0,0,8,20529,65476,0,0,26214,60.0,0.0,0.0,0.0,0.0,0.0
2026-05-17T18:42:37,ERR,ERR,ERR,ERR,ERR,ERR,ERR,ERR,ERR,ERR,ERR,ERR,ERR,ERR,ERR,ERR,ERR,ERR,ERR,ERR,ERR,ERR,ERR,ERR,ERR,ERR,ERR,ERR,ERR,ERR,ERR,ERR,ERR,ERR,ERR,ERR,ERR,ERR,ERR,ERR,ERR,ERR,ERR,ERR,ERR,ERR,ERR,ERR,ERR,ERR,ERR,ERR,ERR,ERR,ERR,ERR,ERR,ERR,ERR,ERR,ERR,ERR,ERR,ERR,ERR,ERR,ERR,ERR,ERR,ERR,ERR,ERR,ERR,ERR,ERR,ERR,ERR,ERR,ERR,ERR,ERR,ERR,ERR,ERR,ERR,ERR,ERR,ERR,ERR,ERR,ERR,ERR,ERR,ERR,ERR,ERR,ERR,ERR,ERR,ERR,ERR,ERR,ERR,ERR,ERR,ERR,ERR,ERR,ERR,ERR,ERR,ERR,ERR,ERR,ERR,ERR,ERR,ERR,ERR,ERR,ERR,ERR,ERR,ERR,ERR,0.0,0.0,0.0,0.0,0.0,1.3936040501711995e+18,7.805,0.0,0,0,4,0,8422,0.0,45,0.0,0.0,0.0,0.0,0.0,0,0,0,0,0.0,0,0,0,0,0,0,0,0,0,0,0,0,0,0,0,0,0,0,0,0,0,0,0,0,0,0,0,0,0,0,0,0,0,38,14,7,45,65476,0,300,0,0,8,21553,0.0,-107605600.0,0.0,0.0,0.0,0.0,0.0,0.0,0.0,0.0,0.0,0.0,0.0,0.0,0.0,0.0,0.0,0.0,0.0,0.0,0.0,0.0,2.004,2.004,-0.0,0.0,0.0,0.0,0.0,0.0,4984.0,-2.4229876163019057e+24,0.0,0.0,0.0,-107615280.0,2.718429300292151e+23,0.0,0.0,0.0,0.0,53,-0.0,-0.0,0.0,0.0,0.0,0.0,0.0,0.0,0.0,0,0,0,0.0,0.0,0.0,0.0,0.0,0.0,0.0,0.0,0.0,0.0,0.0,0.0,0.0,0.0,0.0,0.0,0,-107875648.0,53,0.0,106,-107614832.0,0.0,ERR,ERR,ERR,ERR,ERR,ERR,ERR,ERR,ERR,ERR,ERR,ERR,ERR,ERR,ERR,ERR,ERR,ERR,ERR,ERR,ERR,ERR,ERR,ERR,ERR,ERR,ERR,ERR,ERR,ERR,ERR,ERR,ERR,ERR,ERR,ERR,ERR,ERR,ERR,ERR,ERR,ERR,ERR,ERR,ERR,ERR,ERR,ERR,ERR,ERR,ERR,ERR,ERR,ERR,ERR,ERR,ERR,ERR,ERR,ERR,ERR,ERR,ERR,ERR,ERR,ERR,ERR,50.0,60.0,100,0.0,0.0,0.0,0.0,0.0,0.0,0.0,0.0,0.0,0.0,0.0,0.0,0.0,0.0,0.0,0.0,61.6,73,14,65513,50,65476,0,300,0,0,8,20529,65476,0,0,26214,60.0,0.0,0.0,0.0,0.0,0.0
2026-05-17T18:42:38,ERR,ERR,ERR,ERR,ERR,ERR,ERR,ERR,ERR,ERR,ERR,ERR,ERR,ERR,ERR,ERR,ERR,ERR,ERR,ERR,ERR,ERR,ERR,ERR,ERR,ERR,ERR,ERR,ERR,ERR,ERR,ERR,ERR,ERR,ERR,ERR,ERR,ERR,ERR,ERR,ERR,ERR,ERR,ERR,ERR,ERR,ERR,ERR,ERR,ERR,ERR,ERR,ERR,ERR,ERR,ERR,ERR,ERR,ERR,ERR,ERR,ERR,ERR,ERR,ERR,ERR,ERR,ERR,ERR,ERR,ERR,ERR,ERR,ERR,ERR,ERR,ERR,ERR,ERR,ERR,ERR,ERR,ERR,ERR,ERR,ERR,ERR,ERR,ERR,ERR,ERR,ERR,ERR,ERR,ERR,ERR,ERR,ERR,ERR,ERR,ERR,ERR,ERR,ERR,ERR,ERR,ERR,ERR,ERR,ERR,ERR,ERR,ERR,ERR,ERR,ERR,ERR,ERR,ERR,ERR,ERR,ERR,ERR,ERR,ERR,0.0,0.0,0.0,0.0,0.0,1.3936040501711995e+18,7.805,0.0,0,0,4,0,8422,0.0,45,0.0,0.0,0.0,0.0,0.0,0,0,0,0,0.0,0,0,0,0,0,0,0,0,0,0,0,0,0,0,0,0,0,0,0,0,0,0,0,0,0,0,0,0,0,0,0,0,0,38,14,7,45,65476,0,300,0,0,8,21553,0.0,-107605600.0,0.0,0.0,0.0,0.0,0.0,0.0,0.0,0.0,0.0,0.0,0.0,0.0,0.0,0.0,0.0,0.0,0.0,0.0,0.0,0.0,2.004,2.004,-0.0,0.0,0.0,0.0,0.0,0.0,4984.0,-2.4229876163019057e+24,0.0,0.0,0.0,-107615280.0,2.718429300292151e+23,0.0,0.0,0.0,0.0,53,-0.0,-0.0,0.0,0.0,0.0,0.0,0.0,0.0,0.0,0,0,0,0.0,0.0,0.0,0.0,0.0,0.0,0.0,0.0,0.0,0.0,0.0,0.0,0.0,0.0,0.0,0.0,0,-107875648.0,53,0.0,106,-107614832.0,0.0,ERR,ERR,ERR,ERR,ERR,ERR,ERR,ERR,ERR,ERR,ERR,ERR,ERR,ERR,ERR,ERR,ERR,ERR,ERR,ERR,ERR,ERR,ERR,ERR,ERR,ERR,ERR,ERR,ERR,ERR,ERR,ERR,ERR,ERR,ERR,ERR,ERR,ERR,ERR,ERR,ERR,ERR,ERR,ERR,ERR,ERR,ERR,ERR,ERR,ERR,ERR,ERR,ERR,ERR,ERR,ERR,ERR,ERR,ERR,ERR,ERR,ERR,ERR,ERR,ERR,ERR,ERR,50.0,60.0,100,0.0,0.0,0.0,0.0,0.0,0.0,0.0,0.0,0.0,0.0,0.0,0.0,0.0,0.0,0.0,0.0,61.6,73,14,65513,50,65476,0,300,0,0,8,20529,65476,0,0,26214,60.0,0.0,0.0,0.0,0.0,0.0
2026-05-17T18:42:39,ERR,ERR,ERR,ERR,ERR,ERR,ERR,ERR,ERR,ERR,ERR,ERR,ERR,ERR,ERR,ERR,ERR,ERR,ERR,ERR,ERR,ERR,ERR,ERR,ERR,ERR,ERR,ERR,ERR,ERR,ERR,ERR,ERR,ERR,ERR,ERR,ERR,ERR,ERR,ERR,ERR,ERR,ERR,ERR,ERR,ERR,ERR,ERR,ERR,ERR,ERR,ERR,ERR,ERR,ERR,ERR,ERR,ERR,ERR,ERR,ERR,ERR,ERR,ERR,ERR,ERR,ERR,ERR,ERR,ERR,ERR,ERR,ERR,ERR,ERR,ERR,ERR,ERR,ERR,ERR,ERR,ERR,ERR,ERR,ERR,ERR,ERR,ERR,ERR,ERR,ERR,ERR,ERR,ERR,ERR,ERR,ERR,ERR,ERR,ERR,ERR,ERR,ERR,ERR,ERR,ERR,ERR,ERR,ERR,ERR,ERR,ERR,ERR,ERR,ERR,ERR,ERR,ERR,ERR,ERR,ERR,ERR,ERR,ERR,ERR,0.0,0.0,-134474944.0,0.0,0.0,1.3936040501711995e+18,7.805,0.0,0,0,4,0,8422,0.0,45,0.0,0.0,0.0,0.0,0.0,0,0,0,0,0.0,0,0,0,0,0,0,0,0,0,0,0,0,0,0,0,0,0,0,0,0,0,0,0,0,0,0,0,0,0,0,0,0,0,38,14,7,45,65476,0,300,0,0,8,21553,0.0,-107605600.0,0.0,0.0,0.0,0.0,0.0,0.0,0.0,0.0,0.0,0.0,0.0,0.0,0.0,0.0,0.0,0.0,0.0,0.0,0.0,0.0,2.004,2.004,-0.0,0.0,0.0,0.0,0.0,0.0,4981.0,-3.6971856938200465e+19,0.0,0.0,0.0,-107615280.0,2.718429300292151e+23,0.0,0.0,0.0,0.0,53,4.950428597886765e+32,-0.0,0.0,0.0,0.0,0.0,0.0,0.0,0.0,0,0,0,0.0,0.0,0.0,0.0,0.0,0.0,0.0,0.0,0.0,0.0,0.0,0.0,0.0,0.0,0.0,0.0,0,-107875648.0,53,0.0,106,-107614832.0,0.0,ERR,ERR,ERR,ERR,ERR,ERR,ERR,ERR,ERR,ERR,ERR,ERR,ERR,ERR,ERR,ERR,ERR,ERR,ERR,ERR,ERR,ERR,ERR,ERR,ERR,ERR,ERR,ERR,ERR,ERR,ERR,ERR,ERR,ERR,ERR,ERR,ERR,ERR,ERR,ERR,ERR,ERR,ERR,ERR,ERR,ERR,ERR,ERR,ERR,ERR,ERR,ERR,ERR,ERR,ERR,ERR,ERR,ERR,ERR,ERR,ERR,ERR,ERR,ERR,ERR,ERR,ERR,50.0,60.0,100,0.0,0.0,0.0,0.0,0.0,0.0,0.0,0.0,0.0,0.0,0.0,0.0,0.0,0.0,0.0,0.0,61.6,73,14,65513,50,65476,0,300,0,0,8,20529,65476,0,0,26214,60.0,0.0,0.0,0.0,0.0,0.0
2026-05-17T18:42:40,ERR,ERR,ERR,ERR,ERR,ERR,ERR,ERR,ERR,ERR,ERR,ERR,ERR,ERR,ERR,ERR,ERR,ERR,ERR,ERR,ERR,ERR,ERR,ERR,ERR,ERR,ERR,ERR,ERR,ERR,ERR,ERR,ERR,ERR,ERR,ERR,ERR,ERR,ERR,ERR,ERR,ERR,ERR,ERR,ERR,ERR,ERR,ERR,ERR,ERR,ERR,ERR,ERR,ERR,ERR,ERR,ERR,ERR,ERR,ERR,ERR,ERR,ERR,ERR,ERR,ERR,ERR,ERR,ERR,ERR,ERR,ERR,ERR,ERR,ERR,ERR,ERR,ERR,ERR,ERR,ERR,ERR,ERR,ERR,ERR,ERR,ERR,ERR,ERR,ERR,ERR,ERR,ERR,ERR,ERR,ERR,ERR,ERR,ERR,ERR,ERR,ERR,ERR,ERR,ERR,ERR,ERR,ERR,ERR,ERR,ERR,ERR,ERR,ERR,ERR,ERR,ERR,ERR,ERR,ERR,ERR,ERR,ERR,ERR,ERR,0.0,0.0,-134474944.0,0.0,0.0,1.3936040501711995e+18,7.805,0.0,0,0,4,0,8422,0.0,45,0.0,0.0,0.0,0.0,0.0,0,0,0,0,0.0,0,0,0,0,0,0,0,0,0,0,0,0,0,0,0,0,0,0,0,0,0,0,0,0,0,0,0,0,0,0,0,0,0,38,14,7,45,65476,0,300,0,0,8,21553,0.0,-107605600.0,0.0,0.0,0.0,0.0,0.0,0.0,0.0,0.0,0.0,0.0,0.0,0.0,0.0,0.0,0.0,0.0,0.0,0.0,0.0,0.0,2.004,2.004,-0.0,0.0,0.0,0.0,0.0,0.0,4981.0,-3.6971856938200465e+19,0.0,0.0,0.0,-107615280.0,2.718429300292151e+23,0.0,0.0,0.0,0.0,53,4.950428597886765e+32,-0.0,0.0,0.0,0.0,0.0,0.0,0.0,0.0,0,0,0,0.0,0.0,0.0,0.0,0.0,0.0,0.0,0.0,0.0,0.0,0.0,0.0,0.0,0.0,0.0,0.0,0,-107875648.0,53,0.0,106,-107614832.0,0.0,ERR,ERR,ERR,ERR,ERR,ERR,ERR,ERR,ERR,ERR,ERR,ERR,ERR,ERR,ERR,ERR,ERR,ERR,ERR,ERR,ERR,ERR,ERR,ERR,ERR,ERR,ERR,ERR,ERR,ERR,ERR,ERR,ERR,ERR,ERR,ERR,ERR,ERR,ERR,ERR,ERR,ERR,ERR,ERR,ERR,ERR,ERR,ERR,ERR,ERR,ERR,ERR,ERR,ERR,ERR,ERR,ERR,ERR,ERR,ERR,ERR,ERR,ERR,ERR,ERR,ERR,ERR,50.0,60.0,100,0.0,0.0,0.0,0.0,0.0,0.0,0.0,0.0,0.0,0.0,0.0,0.0,0.0,0.0,0.0,0.0,62.0,73,14,65513,50,65476,0,300,0,0,8,20529,65476,0,0,26214,60.0,0.0,0.0,0.0,0.0,0.0
2026-05-17T18:42:41,ERR,ERR,ERR,ERR,ERR,ERR,ERR,ERR,ERR,ERR,ERR,ERR,ERR,ERR,ERR,ERR,ERR,ERR,ERR,ERR,ERR,ERR,ERR,ERR,ERR,ERR,ERR,ERR,ERR,ERR,ERR,ERR,ERR,ERR,ERR,ERR,ERR,ERR,ERR,ERR,ERR,ERR,ERR,ERR,ERR,ERR,ERR,ERR,ERR,ERR,ERR,ERR,ERR,ERR,ERR,ERR,ERR,ERR,ERR,ERR,ERR,ERR,ERR,ERR,ERR,ERR,ERR,ERR,ERR,ERR,ERR,ERR,ERR,ERR,ERR,ERR,ERR,ERR,ERR,ERR,ERR,ERR,ERR,ERR,ERR,ERR,ERR,ERR,ERR,ERR,ERR,ERR,ERR,ERR,ERR,ERR,ERR,ERR,ERR,ERR,ERR,ERR,ERR,ERR,ERR,ERR,ERR,ERR,ERR,ERR,ERR,ERR,ERR,ERR,ERR,ERR,ERR,ERR,ERR,ERR,ERR,ERR,ERR,ERR,ERR,0.0,0.0,-134474944.0,0.0,0.0,1.3936040501711995e+18,7.805,0.0,0,0,4,0,8422,0.0,45,0.0,0.0,0.0,0.0,0.0,0,0,0,0,0.0,0,0,0,0,0,0,0,0,0,0,0,0,0,0,0,0,0,0,0,0,0,0,0,0,0,0,0,0,0,0,0,0,0,38,14,7,45,65476,0,300,0,0,8,21553,0.0,-107605600.0,0.0,0.0,0.0,0.0,0.0,0.0,0.0,0.0,0.0,0.0,0.0,0.0,0.0,0.0,0.0,0.0,0.0,0.0,0.0,0.0,2.004,2.004,-0.0,0.0,0.0,0.0,0.0,0.0,4981.0,-3.6971856938200465e+19,0.0,0.0,0.0,-107615280.0,2.718429300292151e+23,0.0,0.0,0.0,0.0,53,4.950428597886765e+32,-0.0,0.0,0.0,0.0,0.0,0.0,0.0,0.0,0,0,0,0.0,0.0,0.0,0.0,0.0,0.0,0.0,0.0,0.0,0.0,0.0,0.0,0.0,0.0,0.0,0.0,0,-107875648.0,53,0.0,106,-107614832.0,0.0,ERR,ERR,ERR,ERR,ERR,ERR,ERR,ERR,ERR,ERR,ERR,ERR,ERR,ERR,ERR,ERR,ERR,ERR,ERR,ERR,ERR,ERR,ERR,ERR,ERR,ERR,ERR,ERR,ERR,ERR,ERR,ERR,ERR,ERR,ERR,ERR,ERR,ERR,ERR,ERR,ERR,ERR,ERR,ERR,ERR,ERR,ERR,ERR,ERR,ERR,ERR,ERR,ERR,ERR,ERR,ERR,ERR,ERR,ERR,ERR,ERR,ERR,ERR,ERR,ERR,ERR,ERR,50.0,60.0,100,0.0,0.0,0.0,0.0,0.0,0.0,0.0,0.0,0.0,0.0,0.0,0.0,0.0,0.0,0.0,0.0,62.0,73,14,65513,50,65476,0,300,0,0,8,20529,65476,0,0,26214,60.0,0.0,0.0,0.0,0.0,0.0
2026-05-17T18:42:42,ERR,ERR,ERR,ERR,ERR,ERR,ERR,ERR,ERR,ERR,ERR,ERR,ERR,ERR,ERR,ERR,ERR,ERR,ERR,ERR,ERR,ERR,ERR,ERR,ERR,ERR,ERR,ERR,ERR,ERR,ERR,ERR,ERR,ERR,ERR,ERR,ERR,ERR,ERR,ERR,ERR,ERR,ERR,ERR,ERR,ERR,ERR,ERR,ERR,ERR,ERR,ERR,ERR,ERR,ERR,ERR,ERR,ERR,ERR,ERR,ERR,ERR,ERR,ERR,ERR,ERR,ERR,ERR,ERR,ERR,ERR,ERR,ERR,ERR,ERR,ERR,ERR,ERR,ERR,ERR,ERR,ERR,ERR,ERR,ERR,ERR,ERR,ERR,ERR,ERR,ERR,ERR,ERR,ERR,ERR,ERR,ERR,ERR,ERR,ERR,ERR,ERR,ERR,ERR,ERR,ERR,ERR,ERR,ERR,ERR,ERR,ERR,ERR,ERR,ERR,ERR,ERR,ERR,ERR,ERR,ERR,ERR,ERR,ERR,ERR,0.0,0.0,-134474944.0,0.0,0.0,1.3936040501711995e+18,7.805,0.0,0,0,4,0,8422,0.0,45,0.0,0.0,0.0,0.0,0.0,0,0,0,0,0.0,0,0,0,0,0,0,0,0,0,0,0,0,0,0,0,0,0,0,0,0,0,0,0,0,0,0,0,0,0,0,0,0,0,38,14,7,45,65476,0,300,0,0,8,21553,0.0,-107605600.0,0.0,0.0,0.0,0.0,0.0,0.0,0.0,0.0,0.0,0.0,0.0,0.0,0.0,0.0,0.0,0.0,0.0,0.0,0.0,0.0,2.004,2.004,-0.0,0.0,0.0,0.0,0.0,0.0,4981.0,-3.6971856938200465e+19,0.0,0.0,0.0,-107615280.0,2.718429300292151e+23,0.0,0.0,0.0,0.0,53,4.950428597886765e+32,-0.0,0.0,0.0,0.0,0.0,0.0,0.0,0.0,0,0,0,0.0,0.0,0.0,0.0,0.0,0.0,0.0,0.0,0.0,0.0,0.0,0.0,0.0,0.0,0.0,0.0,0,-107875648.0,53,0.0,106,-107614832.0,0.0,ERR,ERR,ERR,ERR,ERR,ERR,ERR,ERR,ERR,ERR,ERR,ERR,ERR,ERR,ERR,ERR,ERR,ERR,ERR,ERR,ERR,ERR,ERR,ERR,ERR,ERR,ERR,ERR,ERR,ERR,ERR,ERR,ERR,ERR,ERR,ERR,ERR,ERR,ERR,ERR,ERR,ERR,ERR,ERR,ERR,ERR,ERR,ERR,ERR,ERR,ERR,ERR,ERR,ERR,ERR,ERR,ERR,ERR,ERR,ERR,ERR,ERR,ERR,ERR,ERR,ERR,ERR,50.0,60.0,100,0.0,0.0,0.0,0.0,0.0,0.0,0.0,0.0,0.0,0.0,0.0,0.0,0.0,0.0,0.0,0.0,61.6,73,14,65513,50,65476,0,300,0,0,8,20529,65476,0,0,26214,60.0,0.0,0.0,0.0,0.0,0.0
2026-05-17T18:42:43,ERR,ERR,ERR,ERR,ERR,ERR,ERR,ERR,ERR,ERR,ERR,ERR,ERR,ERR,ERR,ERR,ERR,ERR,ERR,ERR,ERR,ERR,ERR,ERR,ERR,ERR,ERR,ERR,ERR,ERR,ERR,ERR,ERR,ERR,ERR,ERR,ERR,ERR,ERR,ERR,ERR,ERR,ERR,ERR,ERR,ERR,ERR,ERR,ERR,ERR,ERR,ERR,ERR,ERR,ERR,ERR,ERR,ERR,ERR,ERR,ERR,ERR,ERR,ERR,ERR,ERR,ERR,ERR,ERR,ERR,ERR,ERR,ERR,ERR,ERR,ERR,ERR,ERR,ERR,ERR,ERR,ERR,ERR,ERR,ERR,ERR,ERR,ERR,ERR,ERR,ERR,ERR,ERR,ERR,ERR,ERR,ERR,ERR,ERR,ERR,ERR,ERR,ERR,ERR,ERR,ERR,ERR,ERR,ERR,ERR,ERR,ERR,ERR,ERR,ERR,ERR,ERR,ERR,ERR,ERR,ERR,ERR,ERR,ERR,ERR,0.0,0.0,-134474944.0,0.0,0.0,1.3936040501711995e+18,7.805,0.0,0,0,4,0,8422,0.0,45,0.0,0.0,0.0,0.0,0.0,0,0,0,0,0.0,0,0,0,0,0,0,0,0,0,0,0,0,0,0,0,0,0,0,0,0,0,0,0,0,0,0,0,0,0,0,0,0,0,38,14,7,45,65476,0,300,0,0,8,21553,0.0,-107605600.0,0.0,0.0,0.0,0.0,0.0,0.0,0.0,0.0,0.0,0.0,0.0,0.0,0.0,0.0,0.0,0.0,0.0,0.0,0.0,0.0,2.004,2.004,-0.0,0.0,0.0,0.0,0.0,0.0,4981.0,-3.6971856938200465e+19,0.0,0.0,0.0,-107615280.0,2.718429300292151e+23,0.0,0.0,0.0,0.0,53,4.950428597886765e+32,-0.0,0.0,0.0,0.0,0.0,0.0,0.0,0.0,0,0,0,0.0,0.0,0.0,0.0,0.0,0.0,0.0,0.0,0.0,0.0,0.0,0.0,0.0,0.0,0.0,0.0,0,-107875648.0,53,0.0,106,-107614832.0,0.0,ERR,ERR,ERR,ERR,ERR,ERR,ERR,ERR,ERR,ERR,ERR,ERR,ERR,ERR,ERR,ERR,ERR,ERR,ERR,ERR,ERR,ERR,ERR,ERR,ERR,ERR,ERR,ERR,ERR,ERR,ERR,ERR,ERR,ERR,ERR,ERR,ERR,ERR,ERR,ERR,ERR,ERR,ERR,ERR,ERR,ERR,ERR,ERR,ERR,ERR,ERR,ERR,ERR,ERR,ERR,ERR,ERR,ERR,ERR,ERR,ERR,ERR,ERR,ERR,ERR,ERR,ERR,50.0,60.0,100,0.0,0.0,0.0,0.0,0.0,0.0,0.0,0.0,0.0,0.0,0.0,0.0,0.0,0.0,0.0,0.0,61.6,73,14,65513,50,65476,0,300,0,0,8,20529,65476,0,0,26214,60.0,0.0,0.0,0.0,0.0,0.0
2026-05-17T18:42:44,ERR,ERR,ERR,ERR,ERR,ERR,ERR,ERR,ERR,ERR,ERR,ERR,ERR,ERR,ERR,ERR,ERR,ERR,ERR,ERR,ERR,ERR,ERR,ERR,ERR,ERR,ERR,ERR,ERR,ERR,ERR,ERR,ERR,ERR,ERR,ERR,ERR,ERR,ERR,ERR,ERR,ERR,ERR,ERR,ERR,ERR,ERR,ERR,ERR,ERR,ERR,ERR,ERR,ERR,ERR,ERR,ERR,ERR,ERR,ERR,ERR,ERR,ERR,ERR,ERR,ERR,ERR,ERR,ERR,ERR,ERR,ERR,ERR,ERR,ERR,ERR,ERR,ERR,ERR,ERR,ERR,ERR,ERR,ERR,ERR,ERR,ERR,ERR,ERR,ERR,ERR,ERR,ERR,ERR,ERR,ERR,ERR,ERR,ERR,ERR,ERR,ERR,ERR,ERR,ERR,ERR,ERR,ERR,ERR,ERR,ERR,ERR,ERR,ERR,ERR,ERR,ERR,ERR,ERR,ERR,ERR,ERR,ERR,ERR,ERR,0.0,0.0,-134474944.0,0.0,0.0,1.3936040501711995e+18,7.805,0.0,0,0,4,0,8422,0.0,45,0.0,0.0,0.0,0.0,0.0,0,0,0,0,0.0,0,0,0,0,0,0,0,0,0,0,0,0,0,0,0,0,0,0,0,0,0,0,0,0,0,0,0,0,0,0,0,0,0,38,14,7,45,65476,0,300,0,0,8,21553,0.0,-107605600.0,0.0,0.0,0.0,0.0,0.0,0.0,0.0,0.0,0.0,0.0,0.0,0.0,0.0,0.0,0.0,0.0,0.0,0.0,0.0,0.0,2.004,2.004,-0.0,0.0,0.0,0.0,0.0,0.0,4983.0,3.6971856938200465e+19,0.0,0.0,0.0,-107615280.0,2.718429300292151e+23,0.0,0.0,0.0,0.0,53,-0.0,-2.3088276994979896e+20,0.0,0.0,0.0,0.0,0.0,0.0,0.0,0,0,0,0.0,0.0,0.0,0.0,0.0,0.0,0.0,0.0,0.0,0.0,0.0,0.0,0.0,0.0,0.0,0.0,0,-107875648.0,53,0.0,106,-107614832.0,0.0,ERR,ERR,ERR,ERR,ERR,ERR,ERR,ERR,ERR,ERR,ERR,ERR,ERR,ERR,ERR,ERR,ERR,ERR,ERR,ERR,ERR,ERR,ERR,ERR,ERR,ERR,ERR,ERR,ERR,ERR,ERR,ERR,ERR,ERR,ERR,ERR,ERR,ERR,ERR,ERR,ERR,ERR,ERR,ERR,ERR,ERR,ERR,ERR,ERR,ERR,ERR,ERR,ERR,ERR,ERR,ERR,ERR,ERR,ERR,ERR,ERR,ERR,ERR,ERR,ERR,ERR,ERR,50.0,60.0,100,0.0,0.0,0.0,0.0,0.0,0.0,0.0,0.0,0.0,0.0,0.0,0.0,0.0,0.0,0.0,0.0,61.6,73,14,65513,50,65476,0,300,0,0,8,20529,65476,0,0,26214,60.0,0.0,0.0,0.0,0.0,0.0
2026-05-17T18:42:45,ERR,ERR,ERR,ERR,ERR,ERR,ERR,ERR,ERR,ERR,ERR,ERR,ERR,ERR,ERR,ERR,ERR,ERR,ERR,ERR,ERR,ERR,ERR,ERR,ERR,ERR,ERR,ERR,ERR,ERR,ERR,ERR,ERR,ERR,ERR,ERR,ERR,ERR,ERR,ERR,ERR,ERR,ERR,ERR,ERR,ERR,ERR,ERR,ERR,ERR,ERR,ERR,ERR,ERR,ERR,ERR,ERR,ERR,ERR,ERR,ERR,ERR,ERR,ERR,ERR,ERR,ERR,ERR,ERR,ERR,ERR,ERR,ERR,ERR,ERR,ERR,ERR,ERR,ERR,ERR,ERR,ERR,ERR,ERR,ERR,ERR,ERR,ERR,ERR,ERR,ERR,ERR,ERR,ERR,ERR,ERR,ERR,ERR,ERR,ERR,ERR,ERR,ERR,ERR,ERR,ERR,ERR,ERR,ERR,ERR,ERR,ERR,ERR,ERR,ERR,ERR,ERR,ERR,ERR,ERR,ERR,ERR,ERR,ERR,ERR,0.0,0.0,-134474944.0,0.0,0.0,1.3936040501711995e+18,7.805,0.0,0,0,4,0,8422,0.0,45,0.0,0.0,0.0,0.0,0.0,0,0,0,0,0.0,0,0,0,0,0,0,0,0,0,0,0,0,0,0,0,0,0,0,0,0,0,0,0,0,0,0,0,0,0,0,0,0,0,38,14,7,45,65476,0,300,0,0,8,21553,0.0,-107605600.0,0.0,0.0,0.0,0.0,0.0,0.0,0.0,0.0,0.0,0.0,0.0,0.0,0.0,0.0,0.0,0.0,0.0,0.0,0.0,0.0,2.004,2.004,-0.0,0.0,0.0,0.0,0.0,0.0,4983.0,3.6971856938200465e+19,0.0,0.0,0.0,-107615280.0,2.718429300292151e+23,0.0,0.0,0.0,0.0,53,-0.0,-2.3088276994979896e+20,0.0,0.0,0.0,0.0,0.0,0.0,0.0,0,0,0,0.0,0.0,0.0,0.0,0.0,0.0,0.0,0.0,0.0,0.0,0.0,0.0,0.0,0.0,0.0,0.0,0,-107875648.0,53,0.0,106,-107614832.0,0.0,ERR,ERR,ERR,ERR,ERR,ERR,ERR,ERR,ERR,ERR,ERR,ERR,ERR,ERR,ERR,ERR,ERR,ERR,ERR,ERR,ERR,ERR,ERR,ERR,ERR,ERR,ERR,ERR,ERR,ERR,ERR,ERR,ERR,ERR,ERR,ERR,ERR,ERR,ERR,ERR,ERR,ERR,ERR,ERR,ERR,ERR,ERR,ERR,ERR,ERR,ERR,ERR,ERR,ERR,ERR,ERR,ERR,ERR,ERR,ERR,ERR,ERR,ERR,ERR,ERR,ERR,ERR,50.0,60.0,100,0.0,0.0,0.0,0.0,0.0,0.0,0.0,0.0,0.0,0.0,0.0,0.0,0.0,0.0,0.0,0.0,62.0,73,14,65513,50,65476,0,300,0,0,8,20529,65476,0,0,26214,60.0,0.0,0.0,0.0,0.0,0.0
2026-05-17T18:42:46,ERR,ERR,ERR,ERR,ERR,ERR,ERR,ERR,ERR,ERR,ERR,ERR,ERR,ERR,ERR,ERR,ERR,ERR,ERR,ERR,ERR,ERR,ERR,ERR,ERR,ERR,ERR,ERR,ERR,ERR,ERR,ERR,ERR,ERR,ERR,ERR,ERR,ERR,ERR,ERR,ERR,ERR,ERR,ERR,ERR,ERR,ERR,ERR,ERR,ERR,ERR,ERR,ERR,ERR,ERR,ERR,ERR,ERR,ERR,ERR,ERR,ERR,ERR,ERR,ERR,ERR,ERR,ERR,ERR,ERR,ERR,ERR,ERR,ERR,ERR,ERR,ERR,ERR,ERR,ERR,ERR,ERR,ERR,ERR,ERR,ERR,ERR,ERR,ERR,ERR,ERR,ERR,ERR,ERR,ERR,ERR,ERR,ERR,ERR,ERR,ERR,ERR,ERR,ERR,ERR,ERR,ERR,ERR,ERR,ERR,ERR,ERR,ERR,ERR,ERR,ERR,ERR,ERR,ERR,ERR,ERR,ERR,ERR,ERR,ERR,0.0,0.0,-134474944.0,0.0,0.0,1.3936040501711995e+18,7.805,0.0,0,0,4,0,8422,0.0,45,0.0,0.0,0.0,0.0,0.0,0,0,0,0,0.0,0,0,0,0,0,0,0,0,0,0,0,0,0,0,0,0,0,0,0,0,0,0,0,0,0,0,0,0,0,0,0,0,0,38,14,7,45,65476,0,300,0,0,8,21553,0.0,-107605600.0,0.0,0.0,0.0,0.0,0.0,0.0,0.0,0.0,0.0,0.0,0.0,0.0,0.0,0.0,0.0,0.0,0.0,0.0,0.0,0.0,2.004,2.004,-0.0,0.0,0.0,0.0,0.0,0.0,4983.0,3.6971856938200465e+19,0.0,0.0,0.0,-107615280.0,2.718429300292151e+23,0.0,0.0,0.0,0.0,53,-0.0,-2.3088276994979896e+20,0.0,0.0,0.0,0.0,0.0,0.0,0.0,0,0,0,0.0,0.0,0.0,0.0,0.0,0.0,0.0,0.0,0.0,0.0,0.0,0.0,0.0,0.0,0.0,0.0,0,-107875648.0,53,0.0,106,-107614832.0,0.0,ERR,ERR,ERR,ERR,ERR,ERR,ERR,ERR,ERR,ERR,ERR,ERR,ERR,ERR,ERR,ERR,ERR,ERR,ERR,ERR,ERR,ERR,ERR,ERR,ERR,ERR,ERR,ERR,ERR,ERR,ERR,ERR,ERR,ERR,ERR,ERR,ERR,ERR,ERR,ERR,ERR,ERR,ERR,ERR,ERR,ERR,ERR,ERR,ERR,ERR,ERR,ERR,ERR,ERR,ERR,ERR,ERR,ERR,ERR,ERR,ERR,ERR,ERR,ERR,ERR,ERR,ERR,50.0,60.0,100,0.0,0.0,0.0,0.0,0.0,0.0,0.0,0.0,0.0,0.0,0.0,0.0,0.0,0.0,0.0,0.0,62.0,73,14,65513,50,65476,0,300,0,0,8,20529,65476,0,0,26214,60.0,0.0,0.0,0.0,0.0,0.0
2026-05-17T18:42:47,ERR,ERR,ERR,ERR,ERR,ERR,ERR,ERR,ERR,ERR,ERR,ERR,ERR,ERR,ERR,ERR,ERR,ERR,ERR,ERR,ERR,ERR,ERR,ERR,ERR,ERR,ERR,ERR,ERR,ERR,ERR,ERR,ERR,ERR,ERR,ERR,ERR,ERR,ERR,ERR,ERR,ERR,ERR,ERR,ERR,ERR,ERR,ERR,ERR,ERR,ERR,ERR,ERR,ERR,ERR,ERR,ERR,ERR,ERR,ERR,ERR,ERR,ERR,ERR,ERR,ERR,ERR,ERR,ERR,ERR,ERR,ERR,ERR,ERR,ERR,ERR,ERR,ERR,ERR,ERR,ERR,ERR,ERR,ERR,ERR,ERR,ERR,ERR,ERR,ERR,ERR,ERR,ERR,ERR,ERR,ERR,ERR,ERR,ERR,ERR,ERR,ERR,ERR,ERR,ERR,ERR,ERR,ERR,ERR,ERR,ERR,ERR,ERR,ERR,ERR,ERR,ERR,ERR,ERR,ERR,ERR,ERR,ERR,ERR,ERR,0.0,0.0,-134474944.0,0.0,0.0,1.3936040501711995e+18,7.805,0.0,0,0,4,0,8422,0.0,45,0.0,0.0,0.0,0.0,0.0,0,0,0,0,0.0,0,0,0,0,0,0,0,0,0,0,0,0,0,0,0,0,0,0,0,0,0,0,0,0,0,0,0,0,0,0,0,0,0,38,14,7,45,65476,0,300,0,0,8,21553,0.0,-107605600.0,0.0,0.0,0.0,0.0,0.0,0.0,0.0,0.0,0.0,0.0,0.0,0.0,0.0,0.0,0.0,0.0,0.0,0.0,0.0,0.0,2.004,2.004,-0.0,0.0,0.0,0.0,0.0,0.0,4983.0,3.6971856938200465e+19,0.0,0.0,0.0,-107615280.0,2.718429300292151e+23,0.0,0.0,0.0,0.0,53,-0.0,-2.3088276994979896e+20,0.0,0.0,0.0,0.0,0.0,0.0,0.0,0,0,0,0.0,0.0,0.0,0.0,0.0,0.0,0.0,0.0,0.0,0.0,0.0,0.0,0.0,0.0,0.0,0.0,0,-107875648.0,53,0.0,106,-107614832.0,0.0,ERR,ERR,ERR,ERR,ERR,ERR,ERR,ERR,ERR,ERR,ERR,ERR,ERR,ERR,ERR,ERR,ERR,ERR,ERR,ERR,ERR,ERR,ERR,ERR,ERR,ERR,ERR,ERR,ERR,ERR,ERR,ERR,ERR,ERR,ERR,ERR,ERR,ERR,ERR,ERR,ERR,ERR,ERR,ERR,ERR,ERR,ERR,ERR,ERR,ERR,ERR,ERR,ERR,ERR,ERR,ERR,ERR,ERR,ERR,ERR,ERR,ERR,ERR,ERR,ERR,ERR,ERR,50.0,60.0,100,0.0,0.0,0.0,0.0,0.0,0.0,0.0,0.0,0.0,0.0,0.0,0.0,0.0,0.0,0.0,0.0,61.6,73,14,65513,50,65476,0,300,0,0,8,20529,65476,0,0,26214,60.0,0.0,0.0,0.0,0.0,0.0
2026-05-17T18:42:48,ERR,ERR,ERR,ERR,ERR,ERR,ERR,ERR,ERR,ERR,ERR,ERR,ERR,ERR,ERR,ERR,ERR,ERR,ERR,ERR,ERR,ERR,ERR,ERR,ERR,ERR,ERR,ERR,ERR,ERR,ERR,ERR,ERR,ERR,ERR,ERR,ERR,ERR,ERR,ERR,ERR,ERR,ERR,ERR,ERR,ERR,ERR,ERR,ERR,ERR,ERR,ERR,ERR,ERR,ERR,ERR,ERR,ERR,ERR,ERR,ERR,ERR,ERR,ERR,ERR,ERR,ERR,ERR,ERR,ERR,ERR,ERR,ERR,ERR,ERR,ERR,ERR,ERR,ERR,ERR,ERR,ERR,ERR,ERR,ERR,ERR,ERR,ERR,ERR,ERR,ERR,ERR,ERR,ERR,ERR,ERR,ERR,ERR,ERR,ERR,ERR,ERR,ERR,ERR,ERR,ERR,ERR,ERR,ERR,ERR,ERR,ERR,ERR,ERR,ERR,ERR,ERR,ERR,ERR,ERR,ERR,ERR,ERR,ERR,ERR,0.0,0.0,-134474944.0,0.0,0.0,1.3936040501711995e+18,7.805,0.0,0,0,4,0,8422,0.0,45,0.0,0.0,0.0,0.0,0.0,0,0,0,0,0.0,0,0,0,0,0,0,0,0,0,0,0,0,0,0,0,0,0,0,0,0,0,0,0,0,0,0,0,0,0,0,0,0,0,38,14,7,45,65476,0,300,0,0,8,21553,0.0,-107605600.0,0.0,0.0,0.0,0.0,0.0,0.0,0.0,0.0,0.0,0.0,0.0,0.0,0.0,0.0,0.0,0.0,0.0,0.0,0.0,0.0,2.004,2.004,-0.0,0.0,0.0,0.0,0.0,0.0,4983.0,3.6971856938200465e+19,0.0,0.0,0.0,-107615280.0,2.718429300292151e+23,0.0,0.0,0.0,0.0,53,-0.0,-2.3088276994979896e+20,0.0,0.0,0.0,0.0,0.0,0.0,0.0,0,0,0,0.0,0.0,0.0,0.0,0.0,0.0,0.0,0.0,0.0,0.0,0.0,0.0,0.0,0.0,0.0,0.0,0,-107875648.0,53,0.0,106,-107614832.0,0.0,ERR,ERR,ERR,ERR,ERR,ERR,ERR,ERR,ERR,ERR,ERR,ERR,ERR,ERR,ERR,ERR,ERR,ERR,ERR,ERR,ERR,ERR,ERR,ERR,ERR,ERR,ERR,ERR,ERR,ERR,ERR,ERR,ERR,ERR,ERR,ERR,ERR,ERR,ERR,ERR,ERR,ERR,ERR,ERR,ERR,ERR,ERR,ERR,ERR,ERR,ERR,ERR,ERR,ERR,ERR,ERR,ERR,ERR,ERR,ERR,ERR,ERR,ERR,ERR,ERR,ERR,ERR,50.0,60.0,100,0.0,0.0,0.0,0.0,0.0,0.0,0.0,0.0,0.0,0.0,0.0,0.0,0.0,0.0,0.0,0.0,61.6,73,14,65513,50,65476,0,300,0,0,8,20529,65476,0,0,26214,60.0,0.0,0.0,0.0,0.0,0.0
2026-05-17T18:42:49,ERR,ERR,ERR,ERR,ERR,ERR,ERR,ERR,ERR,ERR,ERR,ERR,ERR,ERR,ERR,ERR,ERR,ERR,ERR,ERR,ERR,ERR,ERR,ERR,ERR,ERR,ERR,ERR,ERR,ERR,ERR,ERR,ERR,ERR,ERR,ERR,ERR,ERR,ERR,ERR,ERR,ERR,ERR,ERR,ERR,ERR,ERR,ERR,ERR,ERR,ERR,ERR,ERR,ERR,ERR,ERR,ERR,ERR,ERR,ERR,ERR,ERR,ERR,ERR,ERR,ERR,ERR,ERR,ERR,ERR,ERR,ERR,ERR,ERR,ERR,ERR,ERR,ERR,ERR,ERR,ERR,ERR,ERR,ERR,ERR,ERR,ERR,ERR,ERR,ERR,ERR,ERR,ERR,ERR,ERR,ERR,ERR,ERR,ERR,ERR,ERR,ERR,ERR,ERR,ERR,ERR,ERR,ERR,ERR,ERR,ERR,ERR,ERR,ERR,ERR,ERR,ERR,ERR,ERR,ERR,ERR,ERR,ERR,ERR,ERR,0.0,0.0,0.0,0.0,0.0,1.3936040501711995e+18,7.805,0.0,0,0,4,0,8422,0.0,45,0.0,0.0,0.0,0.0,0.0,0,0,0,0,0.0,0,0,0,0,0,0,0,0,0,0,0,0,0,0,0,0,0,0,0,0,0,0,0,0,0,0,0,0,0,0,0,0,0,38,14,7,45,65476,0,300,0,0,8,21553,0.0,-107605600.0,0.0,0.0,0.0,0.0,0.0,0.0,0.0,0.0,0.0,0.0,0.0,0.0,0.0,0.0,0.0,0.0,0.0,0.0,0.0,0.0,2.004,2.004,-0.0,0.0,0.0,0.0,0.0,0.0,4986.0,131350.422,0.0,0.0,0.0,-107615280.0,2.718429300292151e+23,0.0,0.0,0.0,0.0,53,-0.0,-71.629,0.0,0.0,0.0,0.0,0.0,0.0,0.0,0,0,0,0.0,0.0,0.0,0.0,0.0,0.0,0.0,0.0,0.0,0.0,0.0,0.0,0.0,0.0,0.0,0.0,0,-107875648.0,53,0.0,106,-107614832.0,0.0,ERR,ERR,ERR,ERR,ERR,ERR,ERR,ERR,ERR,ERR,ERR,ERR,ERR,ERR,ERR,ERR,ERR,ERR,ERR,ERR,ERR,ERR,ERR,ERR,ERR,ERR,ERR,ERR,ERR,ERR,ERR,ERR,ERR,ERR,ERR,ERR,ERR,ERR,ERR,ERR,ERR,ERR,ERR,ERR,ERR,ERR,ERR,ERR,ERR,ERR,ERR,ERR,ERR,ERR,ERR,ERR,ERR,ERR,ERR,ERR,ERR,ERR,ERR,ERR,ERR,ERR,ERR,50.0,60.0,100,0.0,0.0,0.0,0.0,0.0,0.0,0.0,0.0,0.0,0.0,0.0,0.0,0.0,0.0,0.0,0.0,61.6,73,14,65513,50,65476,0,300,0,0,8,20529,65476,0,0,26214,60.0,0.0,0.0,0.0,0.0,0.0
2026-05-17T18:42:50,ERR,ERR,ERR,ERR,ERR,ERR,ERR,ERR,ERR,ERR,ERR,ERR,ERR,ERR,ERR,ERR,ERR,ERR,ERR,ERR,ERR,ERR,ERR,ERR,ERR,ERR,ERR,ERR,ERR,ERR,ERR,ERR,ERR,ERR,ERR,ERR,ERR,ERR,ERR,ERR,ERR,ERR,ERR,ERR,ERR,ERR,ERR,ERR,ERR,ERR,ERR,ERR,ERR,ERR,ERR,ERR,ERR,ERR,ERR,ERR,ERR,ERR,ERR,ERR,ERR,ERR,ERR,ERR,ERR,ERR,ERR,ERR,ERR,ERR,ERR,ERR,ERR,ERR,ERR,ERR,ERR,ERR,ERR,ERR,ERR,ERR,ERR,ERR,ERR,ERR,ERR,ERR,ERR,ERR,ERR,ERR,ERR,ERR,ERR,ERR,ERR,ERR,ERR,ERR,ERR,ERR,ERR,ERR,ERR,ERR,ERR,ERR,ERR,ERR,ERR,ERR,ERR,ERR,ERR,ERR,ERR,ERR,ERR,ERR,ERR,0.0,0.0,0.0,0.0,0.0,1.3936040501711995e+18,7.805,0.0,0,0,4,0,8422,0.0,45,0.0,0.0,0.0,0.0,0.0,0,0,0,0,0.0,0,0,0,0,0,0,0,0,0,0,0,0,0,0,0,0,0,0,0,0,0,0,0,0,0,0,0,0,0,0,0,0,0,38,14,7,45,65476,0,300,0,0,8,21553,0.0,-107605600.0,0.0,0.0,0.0,0.0,0.0,0.0,0.0,0.0,0.0,0.0,0.0,0.0,0.0,0.0,0.0,0.0,0.0,0.0,0.0,0.0,2.004,2.004,-0.0,0.0,0.0,0.0,0.0,0.0,4986.0,131350.422,0.0,0.0,0.0,-107615280.0,2.718429300292151e+23,0.0,0.0,0.0,0.0,53,-0.0,-71.629,0.0,0.0,0.0,0.0,0.0,0.0,0.0,0,0,0,0.0,0.0,0.0,0.0,0.0,0.0,0.0,0.0,0.0,0.0,0.0,0.0,0.0,0.0,0.0,0.0,0,-107875648.0,53,0.0,106,-107614832.0,0.0,ERR,ERR,ERR,ERR,ERR,ERR,ERR,ERR,ERR,ERR,ERR,ERR,ERR,ERR,ERR,ERR,ERR,ERR,ERR,ERR,ERR,ERR,ERR,ERR,ERR,ERR,ERR,ERR,ERR,ERR,ERR,ERR,ERR,ERR,ERR,ERR,ERR,ERR,ERR,ERR,ERR,ERR,ERR,ERR,ERR,ERR,ERR,ERR,ERR,ERR,ERR,ERR,ERR,ERR,ERR,ERR,ERR,ERR,ERR,ERR,ERR,ERR,ERR,ERR,ERR,ERR,ERR,50.0,60.0,100,0.0,0.0,0.0,0.0,0.0,0.0,0.0,0.0,0.0,0.0,0.0,0.0,0.0,0.0,0.0,0.0,61.6,73,14,65513,50,65476,0,300,0,0,8,20529,65476,0,0,26214,60.0,0.0,0.0,0.0,0.0,0.0
2026-05-17T18:42:51,ERR,ERR,ERR,ERR,ERR,ERR,ERR,ERR,ERR,ERR,ERR,ERR,ERR,ERR,ERR,ERR,ERR,ERR,ERR,ERR,ERR,ERR,ERR,ERR,ERR,ERR,ERR,ERR,ERR,ERR,ERR,ERR,ERR,ERR,ERR,ERR,ERR,ERR,ERR,ERR,ERR,ERR,ERR,ERR,ERR,ERR,ERR,ERR,ERR,ERR,ERR,ERR,ERR,ERR,ERR,ERR,ERR,ERR,ERR,ERR,ERR,ERR,ERR,ERR,ERR,ERR,ERR,ERR,ERR,ERR,ERR,ERR,ERR,ERR,ERR,ERR,ERR,ERR,ERR,ERR,ERR,ERR,ERR,ERR,ERR,ERR,ERR,ERR,ERR,ERR,ERR,ERR,ERR,ERR,ERR,ERR,ERR,ERR,ERR,ERR,ERR,ERR,ERR,ERR,ERR,ERR,ERR,ERR,ERR,ERR,ERR,ERR,ERR,ERR,ERR,ERR,ERR,ERR,ERR,ERR,ERR,ERR,ERR,ERR,ERR,0.0,0.0,0.0,0.0,0.0,1.3936040501711995e+18,7.805,0.0,0,0,4,0,8422,0.0,45,0.0,0.0,0.0,0.0,0.0,0,0,0,0,0.0,0,0,0,0,0,0,0,0,0,0,0,0,0,0,0,0,0,0,0,0,0,0,0,0,0,0,0,0,0,0,0,0,0,38,14,7,45,65476,0,300,0,0,8,21553,0.0,-107605600.0,0.0,0.0,0.0,0.0,0.0,0.0,0.0,0.0,0.0,0.0,0.0,0.0,0.0,0.0,0.0,0.0,0.0,0.0,0.0,0.0,2.004,2.004,-0.0,0.0,0.0,0.0,0.0,0.0,4986.0,131350.422,0.0,0.0,0.0,-107615280.0,2.718429300292151e+23,0.0,0.0,0.0,0.0,53,-0.0,-71.629,0.0,0.0,0.0,0.0,0.0,0.0,0.0,0,0,0,0.0,0.0,0.0,0.0,0.0,0.0,0.0,0.0,0.0,0.0,0.0,0.0,0.0,0.0,0.0,0.0,0,-107875648.0,53,0.0,106,-107614832.0,0.0,ERR,ERR,ERR,ERR,ERR,ERR,ERR,ERR,ERR,ERR,ERR,ERR,ERR,ERR,ERR,ERR,ERR,ERR,ERR,ERR,ERR,ERR,ERR,ERR,ERR,ERR,ERR,ERR,ERR,ERR,ERR,ERR,ERR,ERR,ERR,ERR,ERR,ERR,ERR,ERR,ERR,ERR,ERR,ERR,ERR,ERR,ERR,ERR,ERR,ERR,ERR,ERR,ERR,ERR,ERR,ERR,ERR,ERR,ERR,ERR,ERR,ERR,ERR,ERR,ERR,ERR,ERR,50.0,60.0,100,0.0,0.0,0.0,0.0,0.0,0.0,0.0,0.0,0.0,0.0,0.0,0.0,0.0,0.0,0.0,0.0,61.6,73,14,65513,50,65476,0,300,0,0,8,20529,65476,0,0,26214,60.0,0.0,0.0,0.0,0.0,0.0
2026-05-17T18:42:52,ERR,ERR,ERR,ERR,ERR,ERR,ERR,ERR,ERR,ERR,ERR,ERR,ERR,ERR,ERR,ERR,ERR,ERR,ERR,ERR,ERR,ERR,ERR,ERR,ERR,ERR,ERR,ERR,ERR,ERR,ERR,ERR,ERR,ERR,ERR,ERR,ERR,ERR,ERR,ERR,ERR,ERR,ERR,ERR,ERR,ERR,ERR,ERR,ERR,ERR,ERR,ERR,ERR,ERR,ERR,ERR,ERR,ERR,ERR,ERR,ERR,ERR,ERR,ERR,ERR,ERR,ERR,ERR,ERR,ERR,ERR,ERR,ERR,ERR,ERR,ERR,ERR,ERR,ERR,ERR,ERR,ERR,ERR,ERR,ERR,ERR,ERR,ERR,ERR,ERR,ERR,ERR,ERR,ERR,ERR,ERR,ERR,ERR,ERR,ERR,ERR,ERR,ERR,ERR,ERR,ERR,ERR,ERR,ERR,ERR,ERR,ERR,ERR,ERR,ERR,ERR,ERR,ERR,ERR,ERR,ERR,ERR,ERR,ERR,ERR,0.0,0.0,0.0,0.0,0.0,1.3936040501711995e+18,7.805,0.0,0,0,4,0,8422,0.0,45,0.0,0.0,0.0,0.0,0.0,0,0,0,0,0.0,0,0,0,0,0,0,0,0,0,0,0,0,0,0,0,0,0,0,0,0,0,0,0,0,0,0,0,0,0,0,0,0,0,38,14,7,45,65476,0,300,0,0,8,21553,0.0,-107605600.0,0.0,0.0,0.0,0.0,0.0,0.0,0.0,0.0,0.0,0.0,0.0,0.0,0.0,0.0,0.0,0.0,0.0,0.0,0.0,0.0,2.004,2.004,-0.0,0.0,0.0,0.0,0.0,0.0,4986.0,131350.422,0.0,0.0,0.0,-107615280.0,2.718429300292151e+23,0.0,0.0,0.0,0.0,53,-0.0,-71.629,0.0,0.0,0.0,0.0,0.0,0.0,0.0,0,0,0,0.0,0.0,0.0,0.0,0.0,0.0,0.0,0.0,0.0,0.0,0.0,0.0,0.0,0.0,0.0,0.0,0,-107875648.0,53,0.0,106,-107614832.0,0.0,ERR,ERR,ERR,ERR,ERR,ERR,ERR,ERR,ERR,ERR,ERR,ERR,ERR,ERR,ERR,ERR,ERR,ERR,ERR,ERR,ERR,ERR,ERR,ERR,ERR,ERR,ERR,ERR,ERR,ERR,ERR,ERR,ERR,ERR,ERR,ERR,ERR,ERR,ERR,ERR,ERR,ERR,ERR,ERR,ERR,ERR,ERR,ERR,ERR,ERR,ERR,ERR,ERR,ERR,ERR,ERR,ERR,ERR,ERR,ERR,ERR,ERR,ERR,ERR,ERR,ERR,ERR,50.0,60.0,100,0.0,0.0,0.0,0.0,0.0,0.0,0.0,0.0,0.0,0.0,0.0,0.0,0.0,0.0,0.0,0.0,62.0,73,14,65513,50,65476,0,300,0,0,8,20529,65476,0,0,26214,60.0,0.0,0.0,0.0,0.0,0.0
2026-05-17T18:42:53,ERR,ERR,ERR,ERR,ERR,ERR,ERR,ERR,ERR,ERR,ERR,ERR,ERR,ERR,ERR,ERR,ERR,ERR,ERR,ERR,ERR,ERR,ERR,ERR,ERR,ERR,ERR,ERR,ERR,ERR,ERR,ERR,ERR,ERR,ERR,ERR,ERR,ERR,ERR,ERR,ERR,ERR,ERR,ERR,ERR,ERR,ERR,ERR,ERR,ERR,ERR,ERR,ERR,ERR,ERR,ERR,ERR,ERR,ERR,ERR,ERR,ERR,ERR,ERR,ERR,ERR,ERR,ERR,ERR,ERR,ERR,ERR,ERR,ERR,ERR,ERR,ERR,ERR,ERR,ERR,ERR,ERR,ERR,ERR,ERR,ERR,ERR,ERR,ERR,ERR,ERR,ERR,ERR,ERR,ERR,ERR,ERR,ERR,ERR,ERR,ERR,ERR,ERR,ERR,ERR,ERR,ERR,ERR,ERR,ERR,ERR,ERR,ERR,ERR,ERR,ERR,ERR,ERR,ERR,ERR,ERR,ERR,ERR,ERR,ERR,0.0,0.0,0.0,0.0,0.0,1.3936040501711995e+18,7.805,0.0,0,0,4,0,8422,0.0,45,0.0,0.0,0.0,0.0,0.0,0,0,0,0,0.0,0,0,0,0,0,0,0,0,0,0,0,0,0,0,0,0,0,0,0,0,0,0,0,0,0,0,0,0,0,0,0,0,0,38,14,7,45,65476,0,300,0,0,8,21553,0.0,-107605600.0,0.0,0.0,0.0,0.0,0.0,0.0,0.0,0.0,0.0,0.0,0.0,0.0,0.0,0.0,0.0,0.0,0.0,0.0,0.0,0.0,2.004,2.004,-0.0,0.0,0.0,0.0,0.0,0.0,4986.0,131350.422,0.0,0.0,0.0,-107615280.0,2.718429300292151e+23,0.0,0.0,0.0,0.0,53,-0.0,-71.629,0.0,0.0,0.0,0.0,0.0,0.0,0.0,0,0,0,0.0,0.0,0.0,0.0,0.0,0.0,0.0,0.0,0.0,0.0,0.0,0.0,0.0,0.0,0.0,0.0,0,-107875648.0,53,0.0,106,-107614832.0,0.0,ERR,ERR,ERR,ERR,ERR,ERR,ERR,ERR,ERR,ERR,ERR,ERR,ERR,ERR,ERR,ERR,ERR,ERR,ERR,ERR,ERR,ERR,ERR,ERR,ERR,ERR,ERR,ERR,ERR,ERR,ERR,ERR,ERR,ERR,ERR,ERR,ERR,ERR,ERR,ERR,ERR,ERR,ERR,ERR,ERR,ERR,ERR,ERR,ERR,ERR,ERR,ERR,ERR,ERR,ERR,ERR,ERR,ERR,ERR,ERR,ERR,ERR,ERR,ERR,ERR,ERR,ERR,50.0,60.0,100,0.0,0.0,0.0,0.0,0.0,0.0,0.0,0.0,0.0,0.0,0.0,0.0,0.0,0.0,0.0,0.0,62.0,73,14,65513,50,65476,0,300,0,0,8,20529,65476,0,0,26214,60.0,0.0,0.0,0.0,0.0,0.0
2026-05-17T18:42:54,ERR,ERR,ERR,ERR,ERR,ERR,ERR,ERR,ERR,ERR,ERR,ERR,ERR,ERR,ERR,ERR,ERR,ERR,ERR,ERR,ERR,ERR,ERR,ERR,ERR,ERR,ERR,ERR,ERR,ERR,ERR,ERR,ERR,ERR,ERR,ERR,ERR,ERR,ERR,ERR,ERR,ERR,ERR,ERR,ERR,ERR,ERR,ERR,ERR,ERR,ERR,ERR,ERR,ERR,ERR,ERR,ERR,ERR,ERR,ERR,ERR,ERR,ERR,ERR,ERR,ERR,ERR,ERR,ERR,ERR,ERR,ERR,ERR,ERR,ERR,ERR,ERR,ERR,ERR,ERR,ERR,ERR,ERR,ERR,ERR,ERR,ERR,ERR,ERR,ERR,ERR,ERR,ERR,ERR,ERR,ERR,ERR,ERR,ERR,ERR,ERR,ERR,ERR,ERR,ERR,ERR,ERR,ERR,ERR,ERR,ERR,ERR,ERR,ERR,ERR,ERR,ERR,ERR,ERR,ERR,ERR,ERR,ERR,ERR,ERR,0.0,0.0,-134474944.0,0.0,0.0,1.3936040501711995e+18,7.805,0.0,0,0,4,0,8422,0.0,45,0.0,0.0,0.0,0.0,0.0,0,0,0,0,0.0,0,0,0,0,0,0,0,0,0,0,0,0,0,0,0,0,0,0,0,0,0,0,0,0,0,0,0,0,0,0,0,0,0,38,14,7,45,65476,0,300,0,0,8,21553,0.0,-107605600.0,0.0,0.0,0.0,0.0,0.0,0.0,0.0,0.0,0.0,0.0,0.0,0.0,0.0,0.0,0.0,0.0,0.0,0.0,0.0,0.0,0.0,2.004,-0.0,0.0,0.0,0.0,0.0,0.0,4985.0,0.0,0.0,0.0,0.0,-107615280.0,2.718429300292151e+23,0.0,0.0,0.0,0.0,53,-0.0,-0.0,0.0,0.0,0.0,0.0,0.0,0.0,0.0,0,0,0,0.0,0.0,0.0,0.0,0.0,0.0,0.0,0.0,0.0,0.0,0.0,0.0,0.0,0.0,0.0,0.0,0,-107875648.0,53,0.0,106,-107614832.0,0.0,ERR,ERR,ERR,ERR,ERR,ERR,ERR,ERR,ERR,ERR,ERR,ERR,ERR,ERR,ERR,ERR,ERR,ERR,ERR,ERR,ERR,ERR,ERR,ERR,ERR,ERR,ERR,ERR,ERR,ERR,ERR,ERR,ERR,ERR,ERR,ERR,ERR,ERR,ERR,ERR,ERR,ERR,ERR,ERR,ERR,ERR,ERR,ERR,ERR,ERR,ERR,ERR,ERR,ERR,ERR,ERR,ERR,ERR,ERR,ERR,ERR,ERR,ERR,ERR,ERR,ERR,ERR,50.0,60.0,100,0.0,0.0,0.0,0.0,0.0,0.0,0.0,0.0,0.0,0.0,0.0,0.0,0.0,0.0,0.0,0.0,62.0,73,14,65513,50,65476,0,300,0,0,8,20529,65476,0,0,26214,60.0,0.0,0.0,0.0,0.0,0.0
2026-05-17T18:42:55,ERR,ERR,ERR,ERR,ERR,ERR,ERR,ERR,ERR,ERR,ERR,ERR,ERR,ERR,ERR,ERR,ERR,ERR,ERR,ERR,ERR,ERR,ERR,ERR,ERR,ERR,ERR,ERR,ERR,ERR,ERR,ERR,ERR,ERR,ERR,ERR,ERR,ERR,ERR,ERR,ERR,ERR,ERR,ERR,ERR,ERR,ERR,ERR,ERR,ERR,ERR,ERR,ERR,ERR,ERR,ERR,ERR,ERR,ERR,ERR,ERR,ERR,ERR,ERR,ERR,ERR,ERR,ERR,ERR,ERR,ERR,ERR,ERR,ERR,ERR,ERR,ERR,ERR,ERR,ERR,ERR,ERR,ERR,ERR,ERR,ERR,ERR,ERR,ERR,ERR,ERR,ERR,ERR,ERR,ERR,ERR,ERR,ERR,ERR,ERR,ERR,ERR,ERR,ERR,ERR,ERR,ERR,ERR,ERR,ERR,ERR,ERR,ERR,ERR,ERR,ERR,ERR,ERR,ERR,ERR,ERR,ERR,ERR,ERR,ERR,0.0,0.0,-134474944.0,0.0,0.0,1.3936040501711995e+18,7.805,0.0,0,0,4,0,8422,0.0,45,0.0,0.0,0.0,0.0,0.0,0,0,0,0,0.0,0,0,0,0,0,0,0,0,0,0,0,0,0,0,0,0,0,0,0,0,0,0,0,0,0,0,0,0,0,0,0,0,0,38,14,7,45,65476,0,300,0,0,8,21553,0.0,-107605600.0,0.0,0.0,0.0,0.0,0.0,0.0,0.0,0.0,0.0,0.0,0.0,0.0,0.0,0.0,0.0,0.0,0.0,0.0,0.0,0.0,0.0,2.004,-0.0,0.0,0.0,0.0,0.0,0.0,4985.0,0.0,0.0,0.0,0.0,-107615280.0,2.718429300292151e+23,0.0,0.0,0.0,0.0,53,-0.0,-0.0,0.0,0.0,0.0,0.0,0.0,0.0,0.0,0,0,0,0.0,0.0,0.0,0.0,0.0,0.0,0.0,0.0,0.0,0.0,0.0,0.0,0.0,0.0,0.0,0.0,0,-107875648.0,53,0.0,106,-107614832.0,0.0,ERR,ERR,ERR,ERR,ERR,ERR,ERR,ERR,ERR,ERR,ERR,ERR,ERR,ERR,ERR,ERR,ERR,ERR,ERR,ERR,ERR,ERR,ERR,ERR,ERR,ERR,ERR,ERR,ERR,ERR,ERR,ERR,ERR,ERR,ERR,ERR,ERR,ERR,ERR,ERR,ERR,ERR,ERR,ERR,ERR,ERR,ERR,ERR,ERR,ERR,ERR,ERR,ERR,ERR,ERR,ERR,ERR,ERR,ERR,ERR,ERR,ERR,ERR,ERR,ERR,ERR,ERR,50.0,60.0,100,0.0,0.0,0.0,0.0,0.0,0.0,0.0,0.0,0.0,0.0,0.0,0.0,0.0,0.0,0.0,0.0,62.0,73,14,65513,50,65476,0,300,0,0,8,20529,65476,0,0,26214,60.0,0.0,0.0,0.0,0.0,0.0
2026-05-17T18:42:56,ERR,ERR,ERR,ERR,ERR,ERR,ERR,ERR,ERR,ERR,ERR,ERR,ERR,ERR,ERR,ERR,ERR,ERR,ERR,ERR,ERR,ERR,ERR,ERR,ERR,ERR,ERR,ERR,ERR,ERR,ERR,ERR,ERR,ERR,ERR,ERR,ERR,ERR,ERR,ERR,ERR,ERR,ERR,ERR,ERR,ERR,ERR,ERR,ERR,ERR,ERR,ERR,ERR,ERR,ERR,ERR,ERR,ERR,ERR,ERR,ERR,ERR,ERR,ERR,ERR,ERR,ERR,ERR,ERR,ERR,ERR,ERR,ERR,ERR,ERR,ERR,ERR,ERR,ERR,ERR,ERR,ERR,ERR,ERR,ERR,ERR,ERR,ERR,ERR,ERR,ERR,ERR,ERR,ERR,ERR,ERR,ERR,ERR,ERR,ERR,ERR,ERR,ERR,ERR,ERR,ERR,ERR,ERR,ERR,ERR,ERR,ERR,ERR,ERR,ERR,ERR,ERR,ERR,ERR,ERR,ERR,ERR,ERR,ERR,ERR,0.0,0.0,-134474944.0,0.0,0.0,1.3936040501711995e+18,7.805,0.0,0,0,4,0,8422,0.0,45,0.0,0.0,0.0,0.0,0.0,0,0,0,0,0.0,0,0,0,0,0,0,0,0,0,0,0,0,0,0,0,0,0,0,0,0,0,0,0,0,0,0,0,0,0,0,0,0,0,38,14,7,45,65476,0,300,0,0,8,21553,0.0,-107605600.0,0.0,0.0,0.0,0.0,0.0,0.0,0.0,0.0,0.0,0.0,0.0,0.0,0.0,0.0,0.0,0.0,0.0,0.0,0.0,0.0,0.0,2.004,-0.0,0.0,0.0,0.0,0.0,0.0,4985.0,0.0,0.0,0.0,0.0,-107615280.0,2.718429300292151e+23,0.0,0.0,0.0,0.0,53,-0.0,-0.0,0.0,0.0,0.0,0.0,0.0,0.0,0.0,0,0,0,0.0,0.0,0.0,0.0,0.0,0.0,0.0,0.0,0.0,0.0,0.0,0.0,0.0,0.0,0.0,0.0,0,-107875648.0,53,0.0,106,-107614832.0,0.0,ERR,ERR,ERR,ERR,ERR,ERR,ERR,ERR,ERR,ERR,ERR,ERR,ERR,ERR,ERR,ERR,ERR,ERR,ERR,ERR,ERR,ERR,ERR,ERR,ERR,ERR,ERR,ERR,ERR,ERR,ERR,ERR,ERR,ERR,ERR,ERR,ERR,ERR,ERR,ERR,ERR,ERR,ERR,ERR,ERR,ERR,ERR,ERR,ERR,ERR,ERR,ERR,ERR,ERR,ERR,ERR,ERR,ERR,ERR,ERR,ERR,ERR,ERR,ERR,ERR,ERR,ERR,50.0,60.0,100,0.0,0.0,0.0,0.0,0.0,0.0,0.0,0.0,0.0,0.0,0.0,0.0,0.0,0.0,0.0,0.0,61.6,73,14,65513,50,65476,0,300,0,0,8,20529,65476,0,0,26214,60.0,0.0,0.0,0.0,0.0,0.0
2026-05-17T18:42:57,ERR,ERR,ERR,ERR,ERR,ERR,ERR,ERR,ERR,ERR,ERR,ERR,ERR,ERR,ERR,ERR,ERR,ERR,ERR,ERR,ERR,ERR,ERR,ERR,ERR,ERR,ERR,ERR,ERR,ERR,ERR,ERR,ERR,ERR,ERR,ERR,ERR,ERR,ERR,ERR,ERR,ERR,ERR,ERR,ERR,ERR,ERR,ERR,ERR,ERR,ERR,ERR,ERR,ERR,ERR,ERR,ERR,ERR,ERR,ERR,ERR,ERR,ERR,ERR,ERR,ERR,ERR,ERR,ERR,ERR,ERR,ERR,ERR,ERR,ERR,ERR,ERR,ERR,ERR,ERR,ERR,ERR,ERR,ERR,ERR,ERR,ERR,ERR,ERR,ERR,ERR,ERR,ERR,ERR,ERR,ERR,ERR,ERR,ERR,ERR,ERR,ERR,ERR,ERR,ERR,ERR,ERR,ERR,ERR,ERR,ERR,ERR,ERR,ERR,ERR,ERR,ERR,ERR,ERR,ERR,ERR,ERR,ERR,ERR,ERR,0.0,0.0,-134474944.0,0.0,0.0,1.3936040501711995e+18,7.805,0.0,0,0,4,0,8422,0.0,45,0.0,0.0,0.0,0.0,0.0,0,0,0,0,0.0,0,0,0,0,0,0,0,0,0,0,0,0,0,0,0,0,0,0,0,0,0,0,0,0,0,0,0,0,0,0,0,0,0,38,14,7,45,65476,0,300,0,0,8,21553,0.0,-107605600.0,0.0,0.0,0.0,0.0,0.0,0.0,0.0,0.0,0.0,0.0,0.0,0.0,0.0,0.0,0.0,0.0,0.0,0.0,0.0,0.0,0.0,2.004,-0.0,0.0,0.0,0.0,0.0,0.0,4985.0,0.0,0.0,0.0,0.0,-107615280.0,2.718429300292151e+23,0.0,0.0,0.0,0.0,53,-0.0,-0.0,0.0,0.0,0.0,0.0,0.0,0.0,0.0,0,0,0,0.0,0.0,0.0,0.0,0.0,0.0,0.0,0.0,0.0,0.0,0.0,0.0,0.0,0.0,0.0,0.0,0,-107875648.0,53,0.0,106,-107614832.0,0.0,ERR,ERR,ERR,ERR,ERR,ERR,ERR,ERR,ERR,ERR,ERR,ERR,ERR,ERR,ERR,ERR,ERR,ERR,ERR,ERR,ERR,ERR,ERR,ERR,ERR,ERR,ERR,ERR,ERR,ERR,ERR,ERR,ERR,ERR,ERR,ERR,ERR,ERR,ERR,ERR,ERR,ERR,ERR,ERR,ERR,ERR,ERR,ERR,ERR,ERR,ERR,ERR,ERR,ERR,ERR,ERR,ERR,ERR,ERR,ERR,ERR,ERR,ERR,ERR,ERR,ERR,ERR,50.0,60.0,100,0.0,0.0,0.0,0.0,0.0,0.0,0.0,0.0,0.0,0.0,0.0,0.0,0.0,0.0,0.0,0.0,61.6,73,14,65513,50,65476,0,300,0,0,8,20529,65476,0,0,26214,60.0,0.0,0.0,0.0,0.0,0.0
2026-05-17T18:42:58,ERR,ERR,ERR,ERR,ERR,ERR,ERR,ERR,ERR,ERR,ERR,ERR,ERR,ERR,ERR,ERR,ERR,ERR,ERR,ERR,ERR,ERR,ERR,ERR,ERR,ERR,ERR,ERR,ERR,ERR,ERR,ERR,ERR,ERR,ERR,ERR,ERR,ERR,ERR,ERR,ERR,ERR,ERR,ERR,ERR,ERR,ERR,ERR,ERR,ERR,ERR,ERR,ERR,ERR,ERR,ERR,ERR,ERR,ERR,ERR,ERR,ERR,ERR,ERR,ERR,ERR,ERR,ERR,ERR,ERR,ERR,ERR,ERR,ERR,ERR,ERR,ERR,ERR,ERR,ERR,ERR,ERR,ERR,ERR,ERR,ERR,ERR,ERR,ERR,ERR,ERR,ERR,ERR,ERR,ERR,ERR,ERR,ERR,ERR,ERR,ERR,ERR,ERR,ERR,ERR,ERR,ERR,ERR,ERR,ERR,ERR,ERR,ERR,ERR,ERR,ERR,ERR,ERR,ERR,ERR,ERR,ERR,ERR,ERR,ERR,0.0,0.0,-134474944.0,0.0,0.0,1.3936040501711995e+18,7.805,0.0,0,0,4,0,8422,0.0,45,0.0,0.0,0.0,0.0,0.0,0,0,0,0,0.0,0,0,0,0,0,0,0,0,0,0,0,0,0,0,0,0,0,0,0,0,0,0,0,0,0,0,0,0,0,0,0,0,0,38,14,7,45,65476,0,300,0,0,8,21553,0.0,-107605600.0,0.0,0.0,0.0,0.0,0.0,0.0,0.0,0.0,0.0,0.0,0.0,0.0,0.0,0.0,0.0,0.0,0.0,0.0,0.0,0.0,0.0,2.004,-0.0,0.0,0.0,0.0,0.0,0.0,4985.0,0.0,0.0,0.0,0.0,-107615280.0,2.718429300292151e+23,0.0,0.0,0.0,0.0,53,-0.0,-0.0,0.0,0.0,0.0,0.0,0.0,0.0,0.0,0,0,0,0.0,0.0,0.0,0.0,0.0,0.0,0.0,0.0,0.0,0.0,0.0,0.0,0.0,0.0,0.0,0.0,0,-107875648.0,53,0.0,106,-107614832.0,0.0,ERR,ERR,ERR,ERR,ERR,ERR,ERR,ERR,ERR,ERR,ERR,ERR,ERR,ERR,ERR,ERR,ERR,ERR,ERR,ERR,ERR,ERR,ERR,ERR,ERR,ERR,ERR,ERR,ERR,ERR,ERR,ERR,ERR,ERR,ERR,ERR,ERR,ERR,ERR,ERR,ERR,ERR,ERR,ERR,ERR,ERR,ERR,ERR,ERR,ERR,ERR,ERR,ERR,ERR,ERR,ERR,ERR,ERR,ERR,ERR,ERR,ERR,ERR,ERR,ERR,ERR,ERR,50.0,60.0,100,0.0,0.0,0.0,0.0,0.0,0.0,0.0,0.0,0.0,0.0,0.0,0.0,0.0,0.0,0.0,0.0,61.6,73,14,65513,50,65476,0,300,0,0,8,20529,65476,0,0,26214,60.0,0.0,0.0,0.0,0.0,0.0
2026-05-17T18:42:59,ERR,ERR,ERR,ERR,ERR,ERR,ERR,ERR,ERR,ERR,ERR,ERR,ERR,ERR,ERR,ERR,ERR,ERR,ERR,ERR,ERR,ERR,ERR,ERR,ERR,ERR,ERR,ERR,ERR,ERR,ERR,ERR,ERR,ERR,ERR,ERR,ERR,ERR,ERR,ERR,ERR,ERR,ERR,ERR,ERR,ERR,ERR,ERR,ERR,ERR,ERR,ERR,ERR,ERR,ERR,ERR,ERR,ERR,ERR,ERR,ERR,ERR,ERR,ERR,ERR,ERR,ERR,ERR,ERR,ERR,ERR,ERR,ERR,ERR,ERR,ERR,ERR,ERR,ERR,ERR,ERR,ERR,ERR,ERR,ERR,ERR,ERR,ERR,ERR,ERR,ERR,ERR,ERR,ERR,ERR,ERR,ERR,ERR,ERR,ERR,ERR,ERR,ERR,ERR,ERR,ERR,ERR,ERR,ERR,ERR,ERR,ERR,ERR,ERR,ERR,ERR,ERR,ERR,ERR,ERR,ERR,ERR,ERR,ERR,ERR,0.0,0.0,-134474944.0,0.0,0.0,1.3936040501711995e+18,7.805,0.0,0,0,4,0,8422,0.0,45,0.0,0.0,0.0,0.0,0.0,0,0,0,0,0.0,0,0,0,0,0,0,0,0,0,0,0,0,0,0,0,0,0,0,0,0,0,0,0,0,0,0,0,0,0,0,0,0,0,38,14,7,45,65476,0,300,0,0,8,21553,0.0,-107605600.0,0.0,0.0,0.0,0.0,0.0,0.0,0.0,0.0,0.0,0.0,0.0,0.0,0.0,0.0,0.0,0.0,0.0,0.0,0.0,0.0,2.004,2.004,-0.0,0.0,0.0,0.0,0.0,0.0,4982.0,8608181248.0,0.0,0.0,0.0,-107615280.0,2.718429300292151e+23,0.0,0.0,0.0,0.0,53,-0.0,-107614768.0,0.0,0.0,0.0,0.0,0.0,0.0,0.0,0,0,0,0.0,0.0,0.0,0.0,0.0,0.0,0.0,0.0,0.0,0.0,0.0,0.0,0.0,0.0,0.0,0.0,0,-107875648.0,53,0.0,106,-107614832.0,0.0,ERR,ERR,ERR,ERR,ERR,ERR,ERR,ERR,ERR,ERR,ERR,ERR,ERR,ERR,ERR,ERR,ERR,ERR,ERR,ERR,ERR,ERR,ERR,ERR,ERR,ERR,ERR,ERR,ERR,ERR,ERR,ERR,ERR,ERR,ERR,ERR,ERR,ERR,ERR,ERR,ERR,ERR,ERR,ERR,ERR,ERR,ERR,ERR,ERR,ERR,ERR,ERR,ERR,ERR,ERR,ERR,ERR,ERR,ERR,ERR,ERR,ERR,ERR,ERR,ERR,ERR,ERR,50.0,60.0,100,0.0,0.0,0.0,0.0,0.0,0.0,0.0,0.0,0.0,0.0,0.0,0.0,0.0,0.0,0.0,0.0,61.6,73,14,65513,50,65476,0,300,0,0,8,20529,65476,0,0,26214,60.0,0.0,0.0,0.0,0.0,0.0
2026-05-17T18:43:00,ERR,ERR,ERR,ERR,ERR,ERR,ERR,ERR,ERR,ERR,ERR,ERR,ERR,ERR,ERR,ERR,ERR,ERR,ERR,ERR,ERR,ERR,ERR,ERR,ERR,ERR,ERR,ERR,ERR,ERR,ERR,ERR,ERR,ERR,ERR,ERR,ERR,ERR,ERR,ERR,ERR,ERR,ERR,ERR,ERR,ERR,ERR,ERR,ERR,ERR,ERR,ERR,ERR,ERR,ERR,ERR,ERR,ERR,ERR,ERR,ERR,ERR,ERR,ERR,ERR,ERR,ERR,ERR,ERR,ERR,ERR,ERR,ERR,ERR,ERR,ERR,ERR,ERR,ERR,ERR,ERR,ERR,ERR,ERR,ERR,ERR,ERR,ERR,ERR,ERR,ERR,ERR,ERR,ERR,ERR,ERR,ERR,ERR,ERR,ERR,ERR,ERR,ERR,ERR,ERR,ERR,ERR,ERR,ERR,ERR,ERR,ERR,ERR,ERR,ERR,ERR,ERR,ERR,ERR,ERR,ERR,ERR,ERR,ERR,ERR,0.0,0.0,-134474944.0,0.0,0.0,1.3936040501711995e+18,7.805,0.0,0,0,4,0,8422,0.0,45,0.0,0.0,0.0,0.0,0.0,0,0,0,0,0.0,0,0,0,0,0,0,0,0,0,0,0,0,0,0,0,0,0,0,0,0,0,0,0,0,0,0,0,0,0,0,0,0,0,38,14,7,45,65476,0,300,0,0,8,21553,0.0,-107605600.0,0.0,0.0,0.0,0.0,0.0,0.0,0.0,0.0,0.0,0.0,0.0,0.0,0.0,0.0,0.0,0.0,0.0,0.0,0.0,0.0,2.004,2.004,-0.0,0.0,0.0,0.0,0.0,0.0,4982.0,8608181248.0,0.0,0.0,0.0,-107615280.0,2.718429300292151e+23,0.0,0.0,0.0,0.0,53,-0.0,-107614768.0,0.0,0.0,0.0,0.0,0.0,0.0,0.0,0,0,0,0.0,0.0,0.0,0.0,0.0,0.0,0.0,0.0,0.0,0.0,0.0,0.0,0.0,0.0,0.0,0.0,0,-107875648.0,53,0.0,106,-107614832.0,0.0,ERR,ERR,ERR,ERR,ERR,ERR,ERR,ERR,ERR,ERR,ERR,ERR,ERR,ERR,ERR,ERR,ERR,ERR,ERR,ERR,ERR,ERR,ERR,ERR,ERR,ERR,ERR,ERR,ERR,ERR,ERR,ERR,ERR,ERR,ERR,ERR,ERR,ERR,ERR,ERR,ERR,ERR,ERR,ERR,ERR,ERR,ERR,ERR,ERR,ERR,ERR,ERR,ERR,ERR,ERR,ERR,ERR,ERR,ERR,ERR,ERR,ERR,ERR,ERR,ERR,ERR,ERR,50.0,60.0,100,0.0,0.0,0.0,0.0,0.0,0.0,0.0,0.0,0.0,0.0,0.0,0.0,0.0,0.0,0.0,0.0,61.6,73,14,65513,50,65476,0,300,0,0,8,20529,65476,0,0,26214,60.0,0.0,0.0,0.0,0.0,0.0
2026-05-17T18:43:01,ERR,ERR,ERR,ERR,ERR,ERR,ERR,ERR,ERR,ERR,ERR,ERR,ERR,ERR,ERR,ERR,ERR,ERR,ERR,ERR,ERR,ERR,ERR,ERR,ERR,ERR,ERR,ERR,ERR,ERR,ERR,ERR,ERR,ERR,ERR,ERR,ERR,ERR,ERR,ERR,ERR,ERR,ERR,ERR,ERR,ERR,ERR,ERR,ERR,ERR,ERR,ERR,ERR,ERR,ERR,ERR,ERR,ERR,ERR,ERR,ERR,ERR,ERR,ERR,ERR,ERR,ERR,ERR,ERR,ERR,ERR,ERR,ERR,ERR,ERR,ERR,ERR,ERR,ERR,ERR,ERR,ERR,ERR,ERR,ERR,ERR,ERR,ERR,ERR,ERR,ERR,ERR,ERR,ERR,ERR,ERR,ERR,ERR,ERR,ERR,ERR,ERR,ERR,ERR,ERR,ERR,ERR,ERR,ERR,ERR,ERR,ERR,ERR,ERR,ERR,ERR,ERR,ERR,ERR,ERR,ERR,ERR,ERR,ERR,ERR,0.0,0.0,-134474944.0,0.0,0.0,1.3936040501711995e+18,7.805,0.0,0,0,4,0,8422,0.0,45,0.0,0.0,0.0,0.0,0.0,0,0,0,0,0.0,0,0,0,0,0,0,0,0,0,0,0,0,0,0,0,0,0,0,0,0,0,0,0,0,0,0,0,0,0,0,0,0,0,38,14,7,45,65476,0,300,0,0,8,21553,0.0,-107605600.0,0.0,0.0,0.0,0.0,0.0,0.0,0.0,0.0,0.0,0.0,0.0,0.0,0.0,0.0,0.0,0.0,0.0,0.0,0.0,0.0,2.004,2.004,-0.0,0.0,0.0,0.0,0.0,0.0,4982.0,8608181248.0,0.0,0.0,0.0,-107615280.0,2.718429300292151e+23,0.0,0.0,0.0,0.0,53,-0.0,-107614768.0,0.0,0.0,0.0,0.0,0.0,0.0,0.0,0,0,0,0.0,0.0,0.0,0.0,0.0,0.0,0.0,0.0,0.0,0.0,0.0,0.0,0.0,0.0,0.0,0.0,0,-107875648.0,53,0.0,106,-107614832.0,0.0,ERR,ERR,ERR,ERR,ERR,ERR,ERR,ERR,ERR,ERR,ERR,ERR,ERR,ERR,ERR,ERR,ERR,ERR,ERR,ERR,ERR,ERR,ERR,ERR,ERR,ERR,ERR,ERR,ERR,ERR,ERR,ERR,ERR,ERR,ERR,ERR,ERR,ERR,ERR,ERR,ERR,ERR,ERR,ERR,ERR,ERR,ERR,ERR,ERR,ERR,ERR,ERR,ERR,ERR,ERR,ERR,ERR,ERR,ERR,ERR,ERR,ERR,ERR,ERR,ERR,ERR,ERR,50.0,60.0,100,0.0,0.0,0.0,0.0,0.0,0.0,0.0,0.0,0.0,0.0,0.0,0.0,0.0,0.0,0.0,0.0,61.6,73,14,65513,50,65476,0,300,0,0,8,20529,65476,0,0,26214,60.0,0.0,0.0,0.0,0.0,0.0
2026-05-17T18:43:02,ERR,ERR,ERR,ERR,ERR,ERR,ERR,ERR,ERR,ERR,ERR,ERR,ERR,ERR,ERR,ERR,ERR,ERR,ERR,ERR,ERR,ERR,ERR,ERR,ERR,ERR,ERR,ERR,ERR,ERR,ERR,ERR,ERR,ERR,ERR,ERR,ERR,ERR,ERR,ERR,ERR,ERR,ERR,ERR,ERR,ERR,ERR,ERR,ERR,ERR,ERR,ERR,ERR,ERR,ERR,ERR,ERR,ERR,ERR,ERR,ERR,ERR,ERR,ERR,ERR,ERR,ERR,ERR,ERR,ERR,ERR,ERR,ERR,ERR,ERR,ERR,ERR,ERR,ERR,ERR,ERR,ERR,ERR,ERR,ERR,ERR,ERR,ERR,ERR,ERR,ERR,ERR,ERR,ERR,ERR,ERR,ERR,ERR,ERR,ERR,ERR,ERR,ERR,ERR,ERR,ERR,ERR,ERR,ERR,ERR,ERR,ERR,ERR,ERR,ERR,ERR,ERR,ERR,ERR,ERR,ERR,ERR,ERR,ERR,ERR,0.0,0.0,-134474944.0,0.0,0.0,1.3936040501711995e+18,7.805,0.0,0,0,4,0,8422,0.0,45,0.0,0.0,0.0,0.0,0.0,0,0,0,0,0.0,0,0,0,0,0,0,0,0,0,0,0,0,0,0,0,0,0,0,0,0,0,0,0,0,0,0,0,0,0,0,0,0,0,38,14,7,45,65476,0,300,0,0,8,21553,0.0,-107605600.0,0.0,0.0,0.0,0.0,0.0,0.0,0.0,0.0,0.0,0.0,0.0,0.0,0.0,0.0,0.0,0.0,0.0,0.0,0.0,0.0,2.004,2.004,-0.0,0.0,0.0,0.0,0.0,0.0,4982.0,8608181248.0,0.0,0.0,0.0,-107615280.0,2.718429300292151e+23,0.0,0.0,0.0,0.0,53,-0.0,-107614768.0,0.0,0.0,0.0,0.0,0.0,0.0,0.0,0,0,0,0.0,0.0,0.0,0.0,0.0,0.0,0.0,0.0,0.0,0.0,0.0,0.0,0.0,0.0,0.0,0.0,0,-107875648.0,53,0.0,106,-107614832.0,0.0,ERR,ERR,ERR,ERR,ERR,ERR,ERR,ERR,ERR,ERR,ERR,ERR,ERR,ERR,ERR,ERR,ERR,ERR,ERR,ERR,ERR,ERR,ERR,ERR,ERR,ERR,ERR,ERR,ERR,ERR,ERR,ERR,ERR,ERR,ERR,ERR,ERR,ERR,ERR,ERR,ERR,ERR,ERR,ERR,ERR,ERR,ERR,ERR,ERR,ERR,ERR,ERR,ERR,ERR,ERR,ERR,ERR,ERR,ERR,ERR,ERR,ERR,ERR,ERR,ERR,ERR,ERR,50.0,60.0,100,0.0,0.0,0.0,0.0,0.0,0.0,0.0,0.0,0.0,0.0,0.0,0.0,0.0,0.0,0.0,0.0,62.0,73,14,65513,50,65476,0,300,0,0,8,20529,65476,0,0,26214,60.0,0.0,0.0,0.0,0.0,0.0
2026-05-17T18:43:03,ERR,ERR,ERR,ERR,ERR,ERR,ERR,ERR,ERR,ERR,ERR,ERR,ERR,ERR,ERR,ERR,ERR,ERR,ERR,ERR,ERR,ERR,ERR,ERR,ERR,ERR,ERR,ERR,ERR,ERR,ERR,ERR,ERR,ERR,ERR,ERR,ERR,ERR,ERR,ERR,ERR,ERR,ERR,ERR,ERR,ERR,ERR,ERR,ERR,ERR,ERR,ERR,ERR,ERR,ERR,ERR,ERR,ERR,ERR,ERR,ERR,ERR,ERR,ERR,ERR,ERR,ERR,ERR,ERR,ERR,ERR,ERR,ERR,ERR,ERR,ERR,ERR,ERR,ERR,ERR,ERR,ERR,ERR,ERR,ERR,ERR,ERR,ERR,ERR,ERR,ERR,ERR,ERR,ERR,ERR,ERR,ERR,ERR,ERR,ERR,ERR,ERR,ERR,ERR,ERR,ERR,ERR,ERR,ERR,ERR,ERR,ERR,ERR,ERR,ERR,ERR,ERR,ERR,ERR,ERR,ERR,ERR,ERR,ERR,ERR,0.0,0.0,-134474944.0,0.0,0.0,1.3936040501711995e+18,7.805,0.0,0,0,4,0,8422,0.0,45,0.0,0.0,0.0,0.0,0.0,0,0,0,0,0.0,0,0,0,0,0,0,0,0,0,0,0,0,0,0,0,0,0,0,0,0,0,0,0,0,0,0,0,0,0,0,0,0,0,38,14,7,45,65476,0,300,0,0,8,21553,0.0,-107605600.0,0.0,0.0,0.0,0.0,0.0,0.0,0.0,0.0,0.0,0.0,0.0,0.0,0.0,0.0,0.0,0.0,0.0,0.0,0.0,0.0,2.004,2.004,-0.0,0.0,0.0,0.0,0.0,0.0,4982.0,8608181248.0,0.0,0.0,0.0,-107615280.0,2.718429300292151e+23,0.0,0.0,0.0,0.0,53,-0.0,-107614768.0,0.0,0.0,0.0,0.0,0.0,0.0,0.0,0,0,0,0.0,0.0,0.0,0.0,0.0,0.0,0.0,0.0,0.0,0.0,0.0,0.0,0.0,0.0,0.0,0.0,0,-107875648.0,53,0.0,106,-107614832.0,0.0,ERR,ERR,ERR,ERR,ERR,ERR,ERR,ERR,ERR,ERR,ERR,ERR,ERR,ERR,ERR,ERR,ERR,ERR,ERR,ERR,ERR,ERR,ERR,ERR,ERR,ERR,ERR,ERR,ERR,ERR,ERR,ERR,ERR,ERR,ERR,ERR,ERR,ERR,ERR,ERR,ERR,ERR,ERR,ERR,ERR,ERR,ERR,ERR,ERR,ERR,ERR,ERR,ERR,ERR,ERR,ERR,ERR,ERR,ERR,ERR,ERR,ERR,ERR,ERR,ERR,ERR,ERR,50.0,60.0,100,0.0,0.0,0.0,0.0,0.0,0.0,0.0,0.0,0.0,0.0,0.0,0.0,0.0,0.0,0.0,0.0,62.0,73,14,65513,50,65476,0,300,0,0,8,20529,65476,0,0,26214,60.0,0.0,0.0,0.0,0.0,0.0
2026-05-17T18:43:04,ERR,ERR,ERR,ERR,ERR,ERR,ERR,ERR,ERR,ERR,ERR,ERR,ERR,ERR,ERR,ERR,ERR,ERR,ERR,ERR,ERR,ERR,ERR,ERR,ERR,ERR,ERR,ERR,ERR,ERR,ERR,ERR,ERR,ERR,ERR,ERR,ERR,ERR,ERR,ERR,ERR,ERR,ERR,ERR,ERR,ERR,ERR,ERR,ERR,ERR,ERR,ERR,ERR,ERR,ERR,ERR,ERR,ERR,ERR,ERR,ERR,ERR,ERR,ERR,ERR,ERR,ERR,ERR,ERR,ERR,ERR,ERR,ERR,ERR,ERR,ERR,ERR,ERR,ERR,ERR,ERR,ERR,ERR,ERR,ERR,ERR,ERR,ERR,ERR,ERR,ERR,ERR,ERR,ERR,ERR,ERR,ERR,ERR,ERR,ERR,ERR,ERR,ERR,ERR,ERR,ERR,ERR,ERR,ERR,ERR,ERR,ERR,ERR,ERR,ERR,ERR,ERR,ERR,ERR,ERR,ERR,ERR,ERR,ERR,ERR,0.0,0.0,-134474944.0,0.0,0.0,1.3936040501711995e+18,7.805,0.0,0,0,4,0,8422,0.0,45,0.0,0.0,0.0,0.0,0.0,0,0,0,0,0.0,0,0,0,0,0,0,0,0,0,0,0,0,0,0,0,0,0,0,0,0,0,0,0,0,0,0,0,0,0,0,0,0,0,38,14,7,45,65476,0,300,0,0,8,21553,0.0,-107605600.0,0.0,0.0,0.0,0.0,0.0,0.0,0.0,0.0,0.0,0.0,0.0,0.0,0.0,0.0,0.0,0.0,0.0,0.0,0.0,0.0,0.0,2.004,-0.0,0.0,0.0,0.0,0.0,0.0,4982.0,0.0,0.0,0.0,0.0,-107615280.0,2.718429300292151e+23,0.0,0.0,0.0,0.0,53,-0.0,4.0668529024359166e+29,0.0,0.0,0.0,0.0,0.0,0.0,0.0,0,0,0,0.0,0.0,0.0,0.0,0.0,0.0,0.0,0.0,0.0,0.0,0.0,0.0,0.0,0.0,0.0,0.0,0,-107875648.0,53,0.0,106,-107614832.0,0.0,ERR,ERR,ERR,ERR,ERR,ERR,ERR,ERR,ERR,ERR,ERR,ERR,ERR,ERR,ERR,ERR,ERR,ERR,ERR,ERR,ERR,ERR,ERR,ERR,ERR,ERR,ERR,ERR,ERR,ERR,ERR,ERR,ERR,ERR,ERR,ERR,ERR,ERR,ERR,ERR,ERR,ERR,ERR,ERR,ERR,ERR,ERR,ERR,ERR,ERR,ERR,ERR,ERR,ERR,ERR,ERR,ERR,ERR,ERR,ERR,ERR,ERR,ERR,ERR,ERR,ERR,ERR,50.0,60.0,100,0.0,0.0,0.0,0.0,0.0,0.0,0.0,0.0,0.0,0.0,0.0,0.0,0.0,0.0,0.0,0.0,61.6,73,14,65513,50,65476,0,300,0,0,8,20529,65476,0,0,26214,60.0,0.0,0.0,0.0,0.0,0.0
2026-05-17T18:43:05,ERR,ERR,ERR,ERR,ERR,ERR,ERR,ERR,ERR,ERR,ERR,ERR,ERR,ERR,ERR,ERR,ERR,ERR,ERR,ERR,ERR,ERR,ERR,ERR,ERR,ERR,ERR,ERR,ERR,ERR,ERR,ERR,ERR,ERR,ERR,ERR,ERR,ERR,ERR,ERR,ERR,ERR,ERR,ERR,ERR,ERR,ERR,ERR,ERR,ERR,ERR,ERR,ERR,ERR,ERR,ERR,ERR,ERR,ERR,ERR,ERR,ERR,ERR,ERR,ERR,ERR,ERR,ERR,ERR,ERR,ERR,ERR,ERR,ERR,ERR,ERR,ERR,ERR,ERR,ERR,ERR,ERR,ERR,ERR,ERR,ERR,ERR,ERR,ERR,ERR,ERR,ERR,ERR,ERR,ERR,ERR,ERR,ERR,ERR,ERR,ERR,ERR,ERR,ERR,ERR,ERR,ERR,ERR,ERR,ERR,ERR,ERR,ERR,ERR,ERR,ERR,ERR,ERR,ERR,ERR,ERR,ERR,ERR,ERR,ERR,0.0,0.0,-134474944.0,0.0,0.0,1.3936040501711995e+18,7.805,0.0,0,0,4,0,8422,0.0,45,0.0,0.0,0.0,0.0,0.0,0,0,0,0,0.0,0,0,0,0,0,0,0,0,0,0,0,0,0,0,0,0,0,0,0,0,0,0,0,0,0,0,0,0,0,0,0,0,0,38,14,7,45,65476,0,300,0,0,8,21553,0.0,-107605600.0,0.0,0.0,0.0,0.0,0.0,0.0,0.0,0.0,0.0,0.0,0.0,0.0,0.0,0.0,0.0,0.0,0.0,0.0,0.0,0.0,0.0,2.004,-0.0,0.0,0.0,0.0,0.0,0.0,4982.0,0.0,0.0,0.0,0.0,-107615280.0,2.718429300292151e+23,0.0,0.0,0.0,0.0,53,-0.0,4.0668529024359166e+29,0.0,0.0,0.0,0.0,0.0,0.0,0.0,0,0,0,0.0,0.0,0.0,0.0,0.0,0.0,0.0,0.0,0.0,0.0,0.0,0.0,0.0,0.0,0.0,0.0,0,-107875648.0,53,0.0,106,-107614832.0,0.0,ERR,ERR,ERR,ERR,ERR,ERR,ERR,ERR,ERR,ERR,ERR,ERR,ERR,ERR,ERR,ERR,ERR,ERR,ERR,ERR,ERR,ERR,ERR,ERR,ERR,ERR,ERR,ERR,ERR,ERR,ERR,ERR,ERR,ERR,ERR,ERR,ERR,ERR,ERR,ERR,ERR,ERR,ERR,ERR,ERR,ERR,ERR,ERR,ERR,ERR,ERR,ERR,ERR,ERR,ERR,ERR,ERR,ERR,ERR,ERR,ERR,ERR,ERR,ERR,ERR,ERR,ERR,50.0,60.0,100,0.0,0.0,0.0,0.0,0.0,0.0,0.0,0.0,0.0,0.0,0.0,0.0,0.0,0.0,0.0,0.0,61.6,73,14,65513,50,65476,0,300,0,0,8,20529,65476,0,0,26214,60.0,0.0,0.0,0.0,0.0,0.0
2026-05-17T18:43:06,ERR,ERR,ERR,ERR,ERR,ERR,ERR,ERR,ERR,ERR,ERR,ERR,ERR,ERR,ERR,ERR,ERR,ERR,ERR,ERR,ERR,ERR,ERR,ERR,ERR,ERR,ERR,ERR,ERR,ERR,ERR,ERR,ERR,ERR,ERR,ERR,ERR,ERR,ERR,ERR,ERR,ERR,ERR,ERR,ERR,ERR,ERR,ERR,ERR,ERR,ERR,ERR,ERR,ERR,ERR,ERR,ERR,ERR,ERR,ERR,ERR,ERR,ERR,ERR,ERR,ERR,ERR,ERR,ERR,ERR,ERR,ERR,ERR,ERR,ERR,ERR,ERR,ERR,ERR,ERR,ERR,ERR,ERR,ERR,ERR,ERR,ERR,ERR,ERR,ERR,ERR,ERR,ERR,ERR,ERR,ERR,ERR,ERR,ERR,ERR,ERR,ERR,ERR,ERR,ERR,ERR,ERR,ERR,ERR,ERR,ERR,ERR,ERR,ERR,ERR,ERR,ERR,ERR,ERR,ERR,ERR,ERR,ERR,ERR,ERR,0.0,0.0,-134474944.0,0.0,0.0,1.3936040501711995e+18,7.805,0.0,0,0,4,0,8422,0.0,45,0.0,0.0,0.0,0.0,0.0,0,0,0,0,0.0,0,0,0,0,0,0,0,0,0,0,0,0,0,0,0,0,0,0,0,0,0,0,0,0,0,0,0,0,0,0,0,0,0,38,14,7,45,65476,0,300,0,0,8,21553,0.0,-107605600.0,0.0,0.0,0.0,0.0,0.0,0.0,0.0,0.0,0.0,0.0,0.0,0.0,0.0,0.0,0.0,0.0,0.0,0.0,0.0,0.0,0.0,2.004,-0.0,0.0,0.0,0.0,0.0,0.0,4982.0,0.0,0.0,0.0,0.0,-107615280.0,2.718429300292151e+23,0.0,0.0,0.0,0.0,53,-0.0,4.0668529024359166e+29,0.0,0.0,0.0,0.0,0.0,0.0,0.0,0,0,0,0.0,0.0,0.0,0.0,0.0,0.0,0.0,0.0,0.0,0.0,0.0,0.0,0.0,0.0,0.0,0.0,0,-107875648.0,53,0.0,106,-107614832.0,0.0,ERR,ERR,ERR,ERR,ERR,ERR,ERR,ERR,ERR,ERR,ERR,ERR,ERR,ERR,ERR,ERR,ERR,ERR,ERR,ERR,ERR,ERR,ERR,ERR,ERR,ERR,ERR,ERR,ERR,ERR,ERR,ERR,ERR,ERR,ERR,ERR,ERR,ERR,ERR,ERR,ERR,ERR,ERR,ERR,ERR,ERR,ERR,ERR,ERR,ERR,ERR,ERR,ERR,ERR,ERR,ERR,ERR,ERR,ERR,ERR,ERR,ERR,ERR,ERR,ERR,ERR,ERR,50.0,60.0,100,0.0,0.0,0.0,0.0,0.0,0.0,0.0,0.0,0.0,0.0,0.0,0.0,0.0,0.0,0.0,0.0,62.0,73,14,65513,50,65476,0,300,0,0,8,20529,65476,0,0,26214,60.0,0.0,0.0,0.0,0.0,0.0
2026-05-17T18:43:07,ERR,ERR,ERR,ERR,ERR,ERR,ERR,ERR,ERR,ERR,ERR,ERR,ERR,ERR,ERR,ERR,ERR,ERR,ERR,ERR,ERR,ERR,ERR,ERR,ERR,ERR,ERR,ERR,ERR,ERR,ERR,ERR,ERR,ERR,ERR,ERR,ERR,ERR,ERR,ERR,ERR,ERR,ERR,ERR,ERR,ERR,ERR,ERR,ERR,ERR,ERR,ERR,ERR,ERR,ERR,ERR,ERR,ERR,ERR,ERR,ERR,ERR,ERR,ERR,ERR,ERR,ERR,ERR,ERR,ERR,ERR,ERR,ERR,ERR,ERR,ERR,ERR,ERR,ERR,ERR,ERR,ERR,ERR,ERR,ERR,ERR,ERR,ERR,ERR,ERR,ERR,ERR,ERR,ERR,ERR,ERR,ERR,ERR,ERR,ERR,ERR,ERR,ERR,ERR,ERR,ERR,ERR,ERR,ERR,ERR,ERR,ERR,ERR,ERR,ERR,ERR,ERR,ERR,ERR,ERR,ERR,ERR,ERR,ERR,ERR,0.0,0.0,-134474944.0,0.0,0.0,1.3936040501711995e+18,7.805,0.0,0,0,4,0,8422,0.0,45,0.0,0.0,0.0,0.0,0.0,0,0,0,0,0.0,0,0,0,0,0,0,0,0,0,0,0,0,0,0,0,0,0,0,0,0,0,0,0,0,0,0,0,0,0,0,0,0,0,38,14,7,45,65476,0,300,0,0,8,21553,0.0,-107605600.0,0.0,0.0,0.0,0.0,0.0,0.0,0.0,0.0,0.0,0.0,0.0,0.0,0.0,0.0,0.0,0.0,0.0,0.0,0.0,0.0,0.0,2.004,-0.0,0.0,0.0,0.0,0.0,0.0,4982.0,0.0,0.0,0.0,0.0,-107615280.0,2.718429300292151e+23,0.0,0.0,0.0,0.0,53,-0.0,4.0668529024359166e+29,0.0,0.0,0.0,0.0,0.0,0.0,0.0,0,0,0,0.0,0.0,0.0,0.0,0.0,0.0,0.0,0.0,0.0,0.0,0.0,0.0,0.0,0.0,0.0,0.0,0,-107875648.0,53,0.0,106,-107614832.0,0.0,ERR,ERR,ERR,ERR,ERR,ERR,ERR,ERR,ERR,ERR,ERR,ERR,ERR,ERR,ERR,ERR,ERR,ERR,ERR,ERR,ERR,ERR,ERR,ERR,ERR,ERR,ERR,ERR,ERR,ERR,ERR,ERR,ERR,ERR,ERR,ERR,ERR,ERR,ERR,ERR,ERR,ERR,ERR,ERR,ERR,ERR,ERR,ERR,ERR,ERR,ERR,ERR,ERR,ERR,ERR,ERR,ERR,ERR,ERR,ERR,ERR,ERR,ERR,ERR,ERR,ERR,ERR,50.0,60.0,100,0.0,0.0,0.0,0.0,0.0,0.0,0.0,0.0,0.0,0.0,0.0,0.0,0.0,0.0,0.0,0.0,62.0,73,14,65513,50,65476,0,300,0,0,8,20529,65476,0,0,26214,60.0,0.0,0.0,0.0,0.0,0.0
2026-05-17T18:43:08,ERR,ERR,ERR,ERR,ERR,ERR,ERR,ERR,ERR,ERR,ERR,ERR,ERR,ERR,ERR,ERR,ERR,ERR,ERR,ERR,ERR,ERR,ERR,ERR,ERR,ERR,ERR,ERR,ERR,ERR,ERR,ERR,ERR,ERR,ERR,ERR,ERR,ERR,ERR,ERR,ERR,ERR,ERR,ERR,ERR,ERR,ERR,ERR,ERR,ERR,ERR,ERR,ERR,ERR,ERR,ERR,ERR,ERR,ERR,ERR,ERR,ERR,ERR,ERR,ERR,ERR,ERR,ERR,ERR,ERR,ERR,ERR,ERR,ERR,ERR,ERR,ERR,ERR,ERR,ERR,ERR,ERR,ERR,ERR,ERR,ERR,ERR,ERR,ERR,ERR,ERR,ERR,ERR,ERR,ERR,ERR,ERR,ERR,ERR,ERR,ERR,ERR,ERR,ERR,ERR,ERR,ERR,ERR,ERR,ERR,ERR,ERR,ERR,ERR,ERR,ERR,ERR,ERR,ERR,ERR,ERR,ERR,ERR,ERR,ERR,0.0,0.0,-134474944.0,0.0,0.0,1.3936040501711995e+18,7.805,0.0,0,0,4,0,8422,0.0,45,0.0,0.0,0.0,0.0,0.0,0,0,0,0,0.0,0,0,0,0,0,0,0,0,0,0,0,0,0,0,0,0,0,0,0,0,0,0,0,0,0,0,0,0,0,0,0,0,0,38,14,7,45,65476,0,300,0,0,8,21553,0.0,-107605600.0,0.0,0.0,0.0,0.0,0.0,0.0,0.0,0.0,0.0,0.0,0.0,0.0,0.0,0.0,0.0,0.0,0.0,0.0,0.0,0.0,0.0,2.004,-0.0,0.0,0.0,0.0,0.0,0.0,4982.0,0.0,0.0,0.0,0.0,-107615280.0,2.718429300292151e+23,0.0,0.0,0.0,0.0,53,-0.0,4.0668529024359166e+29,0.0,0.0,0.0,0.0,0.0,0.0,0.0,0,0,0,0.0,0.0,0.0,0.0,0.0,0.0,0.0,0.0,0.0,0.0,0.0,0.0,0.0,0.0,0.0,0.0,0,-107875648.0,53,0.0,106,-107614832.0,0.0,ERR,ERR,ERR,ERR,ERR,ERR,ERR,ERR,ERR,ERR,ERR,ERR,ERR,ERR,ERR,ERR,ERR,ERR,ERR,ERR,ERR,ERR,ERR,ERR,ERR,ERR,ERR,ERR,ERR,ERR,ERR,ERR,ERR,ERR,ERR,ERR,ERR,ERR,ERR,ERR,ERR,ERR,ERR,ERR,ERR,ERR,ERR,ERR,ERR,ERR,ERR,ERR,ERR,ERR,ERR,ERR,ERR,ERR,ERR,ERR,ERR,ERR,ERR,ERR,ERR,ERR,ERR,50.0,60.0,100,0.0,0.0,0.0,0.0,0.0,0.0,0.0,0.0,0.0,0.0,0.0,0.0,0.0,0.0,0.0,0.0,61.6,73,14,65513,50,65476,0,300,0,0,8,20529,65476,0,0,26214,60.0,0.0,0.0,0.0,0.0,0.0
2026-05-17T18:43:09,ERR,ERR,ERR,ERR,ERR,ERR,ERR,ERR,ERR,ERR,ERR,ERR,ERR,ERR,ERR,ERR,ERR,ERR,ERR,ERR,ERR,ERR,ERR,ERR,ERR,ERR,ERR,ERR,ERR,ERR,ERR,ERR,ERR,ERR,ERR,ERR,ERR,ERR,ERR,ERR,ERR,ERR,ERR,ERR,ERR,ERR,ERR,ERR,ERR,ERR,ERR,ERR,ERR,ERR,ERR,ERR,ERR,ERR,ERR,ERR,ERR,ERR,ERR,ERR,ERR,ERR,ERR,ERR,ERR,ERR,ERR,ERR,ERR,ERR,ERR,ERR,ERR,ERR,ERR,ERR,ERR,ERR,ERR,ERR,ERR,ERR,ERR,ERR,ERR,ERR,ERR,ERR,ERR,ERR,ERR,ERR,ERR,ERR,ERR,ERR,ERR,ERR,ERR,ERR,ERR,ERR,ERR,ERR,ERR,ERR,ERR,ERR,ERR,ERR,ERR,ERR,ERR,ERR,ERR,ERR,ERR,ERR,ERR,ERR,ERR,0.0,0.0,0.0,0.0,0.0,1.3936040501711995e+18,7.805,0.0,0,0,4,0,8422,0.0,45,0.0,0.0,0.0,0.0,0.0,0,0,0,0,0.0,0,0,0,0,0,0,0,0,0,0,0,0,0,0,0,0,0,0,0,0,0,0,0,0,0,0,0,0,0,0,0,0,0,38,14,7,45,65476,0,300,0,0,8,21553,0.0,-107605600.0,0.0,0.0,0.0,0.0,0.0,0.0,0.0,0.0,0.0,0.0,0.0,0.0,0.0,0.0,0.0,0.0,0.0,0.0,0.0,0.0,0.0,2.004,-0.0,0.0,0.0,0.0,0.0,0.0,4947.0,-2.4229873280715295e+24,0.0,0.0,0.0,-107615280.0,2.718429300292151e+23,0.0,0.0,0.0,0.0,53,4.950428597886765e+32,89220.547,0.0,0.0,0.0,0.0,0.0,0.0,0.0,0,0,0,0.0,0.0,0.0,0.0,0.0,0.0,0.0,0.0,0.0,0.0,0.0,0.0,0.0,0.0,0.0,0.0,0,-107875648.0,53,0.0,106,-107614832.0,0.0,ERR,ERR,ERR,ERR,ERR,ERR,ERR,ERR,ERR,ERR,ERR,ERR,ERR,ERR,ERR,ERR,ERR,ERR,ERR,ERR,ERR,ERR,ERR,ERR,ERR,ERR,ERR,ERR,ERR,ERR,ERR,ERR,ERR,ERR,ERR,ERR,ERR,ERR,ERR,ERR,ERR,ERR,ERR,ERR,ERR,ERR,ERR,ERR,ERR,ERR,ERR,ERR,ERR,ERR,ERR,ERR,ERR,ERR,ERR,ERR,ERR,ERR,ERR,ERR,ERR,ERR,ERR,50.0,60.0,100,0.0,0.0,0.0,0.0,0.0,0.0,0.0,0.0,0.0,0.0,0.0,0.0,0.0,0.0,0.0,0.0,61.6,73,14,65513,50,65476,0,300,0,0,8,20529,65476,0,0,26214,60.0,0.0,0.0,0.0,0.0,0.0
2026-05-17T18:43:10,ERR,ERR,ERR,ERR,ERR,ERR,ERR,ERR,ERR,ERR,ERR,ERR,ERR,ERR,ERR,ERR,ERR,ERR,ERR,ERR,ERR,ERR,ERR,ERR,ERR,ERR,ERR,ERR,ERR,ERR,ERR,ERR,ERR,ERR,ERR,ERR,ERR,ERR,ERR,ERR,ERR,ERR,ERR,ERR,ERR,ERR,ERR,ERR,ERR,ERR,ERR,ERR,ERR,ERR,ERR,ERR,ERR,ERR,ERR,ERR,ERR,ERR,ERR,ERR,ERR,ERR,ERR,ERR,ERR,ERR,ERR,ERR,ERR,ERR,ERR,ERR,ERR,ERR,ERR,ERR,ERR,ERR,ERR,ERR,ERR,ERR,ERR,ERR,ERR,ERR,ERR,ERR,ERR,ERR,ERR,ERR,ERR,ERR,ERR,ERR,ERR,ERR,ERR,ERR,ERR,ERR,ERR,ERR,ERR,ERR,ERR,ERR,ERR,ERR,ERR,ERR,ERR,ERR,ERR,ERR,ERR,ERR,ERR,ERR,ERR,0.0,0.0,0.0,0.0,0.0,1.3936040501711995e+18,7.805,0.0,0,0,4,0,8422,0.0,45,0.0,0.0,0.0,0.0,0.0,0,0,0,0,0.0,0,0,0,0,0,0,0,0,0,0,0,0,0,0,0,0,0,0,0,0,0,0,0,0,0,0,0,0,0,0,0,0,0,38,14,7,45,65476,0,300,0,0,8,21553,0.0,-107605600.0,0.0,0.0,0.0,0.0,0.0,0.0,0.0,0.0,0.0,0.0,0.0,0.0,0.0,0.0,0.0,0.0,0.0,0.0,0.0,0.0,0.0,2.004,-0.0,0.0,0.0,0.0,0.0,0.0,4947.0,-2.4229873280715295e+24,0.0,0.0,0.0,-107615280.0,2.718429300292151e+23,0.0,0.0,0.0,0.0,53,4.950428597886765e+32,89220.547,0.0,0.0,0.0,0.0,0.0,0.0,0.0,0,0,0,0.0,0.0,0.0,0.0,0.0,0.0,0.0,0.0,0.0,0.0,0.0,0.0,0.0,0.0,0.0,0.0,0,-107875648.0,53,0.0,106,-107614832.0,0.0,ERR,ERR,ERR,ERR,ERR,ERR,ERR,ERR,ERR,ERR,ERR,ERR,ERR,ERR,ERR,ERR,ERR,ERR,ERR,ERR,ERR,ERR,ERR,ERR,ERR,ERR,ERR,ERR,ERR,ERR,ERR,ERR,ERR,ERR,ERR,ERR,ERR,ERR,ERR,ERR,ERR,ERR,ERR,ERR,ERR,ERR,ERR,ERR,ERR,ERR,ERR,ERR,ERR,ERR,ERR,ERR,ERR,ERR,ERR,ERR,ERR,ERR,ERR,ERR,ERR,ERR,ERR,50.0,60.0,100,0.0,0.0,0.0,0.0,0.0,0.0,0.0,0.0,0.0,0.0,0.0,0.0,0.0,0.0,0.0,0.0,61.6,73,14,65513,50,65476,0,300,0,0,8,20529,65476,0,0,26214,60.0,0.0,0.0,0.0,0.0,0.0
2026-05-17T18:43:11,ERR,ERR,ERR,ERR,ERR,ERR,ERR,ERR,ERR,ERR,ERR,ERR,ERR,ERR,ERR,ERR,ERR,ERR,ERR,ERR,ERR,ERR,ERR,ERR,ERR,ERR,ERR,ERR,ERR,ERR,ERR,ERR,ERR,ERR,ERR,ERR,ERR,ERR,ERR,ERR,ERR,ERR,ERR,ERR,ERR,ERR,ERR,ERR,ERR,ERR,ERR,ERR,ERR,ERR,ERR,ERR,ERR,ERR,ERR,ERR,ERR,ERR,ERR,ERR,ERR,ERR,ERR,ERR,ERR,ERR,ERR,ERR,ERR,ERR,ERR,ERR,ERR,ERR,ERR,ERR,ERR,ERR,ERR,ERR,ERR,ERR,ERR,ERR,ERR,ERR,ERR,ERR,ERR,ERR,ERR,ERR,ERR,ERR,ERR,ERR,ERR,ERR,ERR,ERR,ERR,ERR,ERR,ERR,ERR,ERR,ERR,ERR,ERR,ERR,ERR,ERR,ERR,ERR,ERR,ERR,ERR,ERR,ERR,ERR,ERR,0.0,0.0,0.0,0.0,0.0,1.3936040501711995e+18,7.805,0.0,0,0,4,0,8422,0.0,45,0.0,0.0,0.0,0.0,0.0,0,0,0,0,0.0,0,0,0,0,0,0,0,0,0,0,0,0,0,0,0,0,0,0,0,0,0,0,0,0,0,0,0,0,0,0,0,0,0,38,14,7,45,65476,0,300,0,0,8,21553,0.0,-107605600.0,0.0,0.0,0.0,0.0,0.0,0.0,0.0,0.0,0.0,0.0,0.0,0.0,0.0,0.0,0.0,0.0,0.0,0.0,0.0,0.0,0.0,2.004,-0.0,0.0,0.0,0.0,0.0,0.0,4947.0,-2.4229873280715295e+24,0.0,0.0,0.0,-107615280.0,2.718429300292151e+23,0.0,0.0,0.0,0.0,53,4.950428597886765e+32,89220.547,0.0,0.0,0.0,0.0,0.0,0.0,0.0,0,0,0,0.0,0.0,0.0,0.0,0.0,0.0,0.0,0.0,0.0,0.0,0.0,0.0,0.0,0.0,0.0,0.0,0,-107875648.0,53,0.0,106,-107614832.0,0.0,ERR,ERR,ERR,ERR,ERR,ERR,ERR,ERR,ERR,ERR,ERR,ERR,ERR,ERR,ERR,ERR,ERR,ERR,ERR,ERR,ERR,ERR,ERR,ERR,ERR,ERR,ERR,ERR,ERR,ERR,ERR,ERR,ERR,ERR,ERR,ERR,ERR,ERR,ERR,ERR,ERR,ERR,ERR,ERR,ERR,ERR,ERR,ERR,ERR,ERR,ERR,ERR,ERR,ERR,ERR,ERR,ERR,ERR,ERR,ERR,ERR,ERR,ERR,ERR,ERR,ERR,ERR,50.0,60.0,100,0.0,0.0,0.0,0.0,0.0,0.0,0.0,0.0,0.0,0.0,0.0,0.0,0.0,0.0,0.0,0.0,61.6,73,14,65513,50,65476,0,300,0,0,8,20529,65476,0,0,26214,60.0,0.0,0.0,0.0,0.0,0.0
2026-05-17T18:43:12,ERR,ERR,ERR,ERR,ERR,ERR,ERR,ERR,ERR,ERR,ERR,ERR,ERR,ERR,ERR,ERR,ERR,ERR,ERR,ERR,ERR,ERR,ERR,ERR,ERR,ERR,ERR,ERR,ERR,ERR,ERR,ERR,ERR,ERR,ERR,ERR,ERR,ERR,ERR,ERR,ERR,ERR,ERR,ERR,ERR,ERR,ERR,ERR,ERR,ERR,ERR,ERR,ERR,ERR,ERR,ERR,ERR,ERR,ERR,ERR,ERR,ERR,ERR,ERR,ERR,ERR,ERR,ERR,ERR,ERR,ERR,ERR,ERR,ERR,ERR,ERR,ERR,ERR,ERR,ERR,ERR,ERR,ERR,ERR,ERR,ERR,ERR,ERR,ERR,ERR,ERR,ERR,ERR,ERR,ERR,ERR,ERR,ERR,ERR,ERR,ERR,ERR,ERR,ERR,ERR,ERR,ERR,ERR,ERR,ERR,ERR,ERR,ERR,ERR,ERR,ERR,ERR,ERR,ERR,ERR,ERR,ERR,ERR,ERR,ERR,0.0,0.0,0.0,0.0,0.0,1.3936040501711995e+18,7.805,0.0,0,0,4,0,8422,0.0,45,0.0,0.0,0.0,0.0,0.0,0,0,0,0,0.0,0,0,0,0,0,0,0,0,0,0,0,0,0,0,0,0,0,0,0,0,0,0,0,0,0,0,0,0,0,0,0,0,0,38,14,7,45,65476,0,300,0,0,8,21553,0.0,-107605600.0,0.0,0.0,0.0,0.0,0.0,0.0,0.0,0.0,0.0,0.0,0.0,0.0,0.0,0.0,0.0,0.0,0.0,0.0,0.0,0.0,0.0,2.004,-0.0,0.0,0.0,0.0,0.0,0.0,4947.0,-2.4229873280715295e+24,0.0,0.0,0.0,-107615280.0,2.718429300292151e+23,0.0,0.0,0.0,0.0,53,4.950428597886765e+32,89220.547,0.0,0.0,0.0,0.0,0.0,0.0,0.0,0,0,0,0.0,0.0,0.0,0.0,0.0,0.0,0.0,0.0,0.0,0.0,0.0,0.0,0.0,0.0,0.0,0.0,0,-107875648.0,53,0.0,106,-107614832.0,0.0,ERR,ERR,ERR,ERR,ERR,ERR,ERR,ERR,ERR,ERR,ERR,ERR,ERR,ERR,ERR,ERR,ERR,ERR,ERR,ERR,ERR,ERR,ERR,ERR,ERR,ERR,ERR,ERR,ERR,ERR,ERR,ERR,ERR,ERR,ERR,ERR,ERR,ERR,ERR,ERR,ERR,ERR,ERR,ERR,ERR,ERR,ERR,ERR,ERR,ERR,ERR,ERR,ERR,ERR,ERR,ERR,ERR,ERR,ERR,ERR,ERR,ERR,ERR,ERR,ERR,ERR,ERR,50.0,60.0,100,0.0,0.0,0.0,0.0,0.0,0.0,0.0,0.0,0.0,0.0,0.0,0.0,0.0,0.0,0.0,0.0,61.6,73,14,65513,50,65476,0,300,0,0,8,20529,65476,0,0,26214,60.0,0.0,0.0,0.0,0.0,0.0
2026-05-17T18:43:13,ERR,ERR,ERR,ERR,ERR,ERR,ERR,ERR,ERR,ERR,ERR,ERR,ERR,ERR,ERR,ERR,ERR,ERR,ERR,ERR,ERR,ERR,ERR,ERR,ERR,ERR,ERR,ERR,ERR,ERR,ERR,ERR,ERR,ERR,ERR,ERR,ERR,ERR,ERR,ERR,ERR,ERR,ERR,ERR,ERR,ERR,ERR,ERR,ERR,ERR,ERR,ERR,ERR,ERR,ERR,ERR,ERR,ERR,ERR,ERR,ERR,ERR,ERR,ERR,ERR,ERR,ERR,ERR,ERR,ERR,ERR,ERR,ERR,ERR,ERR,ERR,ERR,ERR,ERR,ERR,ERR,ERR,ERR,ERR,ERR,ERR,ERR,ERR,ERR,ERR,ERR,ERR,ERR,ERR,ERR,ERR,ERR,ERR,ERR,ERR,ERR,ERR,ERR,ERR,ERR,ERR,ERR,ERR,ERR,ERR,ERR,ERR,ERR,ERR,ERR,ERR,ERR,ERR,ERR,ERR,ERR,ERR,ERR,ERR,ERR,0.0,0.0,0.0,0.0,0.0,1.3936040501711995e+18,7.805,0.0,0,0,4,0,8422,0.0,45,0.0,0.0,0.0,0.0,0.0,0,0,0,0,0.0,0,0,0,0,0,0,0,0,0,0,0,0,0,0,0,0,0,0,0,0,0,0,0,0,0,0,0,0,0,0,0,0,0,38,14,7,45,65476,0,300,0,0,8,21553,0.0,-107605600.0,0.0,0.0,0.0,0.0,0.0,0.0,0.0,0.0,0.0,0.0,0.0,0.0,0.0,0.0,0.0,0.0,0.0,0.0,0.0,0.0,0.0,2.004,-0.0,0.0,0.0,0.0,0.0,0.0,4947.0,-2.4229873280715295e+24,0.0,0.0,0.0,-107615280.0,2.718429300292151e+23,0.0,0.0,0.0,0.0,53,4.950428597886765e+32,89220.547,0.0,0.0,0.0,0.0,0.0,0.0,0.0,0,0,0,0.0,0.0,0.0,0.0,0.0,0.0,0.0,0.0,0.0,0.0,0.0,0.0,0.0,0.0,0.0,0.0,0,-107875648.0,53,0.0,106,-107614832.0,0.0,ERR,ERR,ERR,ERR,ERR,ERR,ERR,ERR,ERR,ERR,ERR,ERR,ERR,ERR,ERR,ERR,ERR,ERR,ERR,ERR,ERR,ERR,ERR,ERR,ERR,ERR,ERR,ERR,ERR,ERR,ERR,ERR,ERR,ERR,ERR,ERR,ERR,ERR,ERR,ERR,ERR,ERR,ERR,ERR,ERR,ERR,ERR,ERR,ERR,ERR,ERR,ERR,ERR,ERR,ERR,ERR,ERR,ERR,ERR,ERR,ERR,ERR,ERR,ERR,ERR,ERR,ERR,50.0,60.0,100,0.0,0.0,0.0,0.0,0.0,0.0,0.0,0.0,0.0,0.0,0.0,0.0,0.0,0.0,0.0,0.0,61.6,73,14,65513,50,65476,0,300,0,0,8,20529,65476,0,0,26214,60.0,0.0,0.0,0.0,0.0,0.0
2026-05-17T18:43:14,ERR,ERR,ERR,ERR,ERR,ERR,ERR,ERR,ERR,ERR,ERR,ERR,ERR,ERR,ERR,ERR,ERR,ERR,ERR,ERR,ERR,ERR,ERR,ERR,ERR,ERR,ERR,ERR,ERR,ERR,ERR,ERR,ERR,ERR,ERR,ERR,ERR,ERR,ERR,ERR,ERR,ERR,ERR,ERR,ERR,ERR,ERR,ERR,ERR,ERR,ERR,ERR,ERR,ERR,ERR,ERR,ERR,ERR,ERR,ERR,ERR,ERR,ERR,ERR,ERR,ERR,ERR,ERR,ERR,ERR,ERR,ERR,ERR,ERR,ERR,ERR,ERR,ERR,ERR,ERR,ERR,ERR,ERR,ERR,ERR,ERR,ERR,ERR,ERR,ERR,ERR,ERR,ERR,ERR,ERR,ERR,ERR,ERR,ERR,ERR,ERR,ERR,ERR,ERR,ERR,ERR,ERR,ERR,ERR,ERR,ERR,ERR,ERR,ERR,ERR,ERR,ERR,ERR,ERR,ERR,ERR,ERR,ERR,ERR,ERR,0.0,0.0,0.0,0.0,0.0,1.3936040501711995e+18,7.805,0.0,0,0,4,0,8422,0.0,45,0.0,0.0,0.0,0.0,0.0,0,0,0,0,0.0,0,0,0,0,0,0,0,0,0,0,0,0,0,0,0,0,0,0,0,0,0,0,0,0,0,0,0,0,0,0,0,0,0,38,14,7,45,65476,0,300,0,0,8,21553,0.0,-107605600.0,0.0,0.0,0.0,0.0,0.0,0.0,0.0,0.0,0.0,0.0,0.0,0.0,0.0,0.0,0.0,0.0,0.0,0.0,0.0,0.0,2.004,2.004,-0.0,0.0,0.0,0.0,0.0,0.0,4952.0,-2.4229873280715295e+24,0.0,0.0,0.0,-107615280.0,2.718429300292151e+23,0.0,0.0,0.0,0.0,53,-0.0,89220.547,0.0,0.0,0.0,0.0,0.0,0.0,0.0,0,0,0,0.0,0.0,0.0,0.0,0.0,0.0,0.0,0.0,0.0,0.0,0.0,0.0,0.0,0.0,0.0,0.0,0,-107875648.0,53,0.0,106,-107614832.0,0.0,ERR,ERR,ERR,ERR,ERR,ERR,ERR,ERR,ERR,ERR,ERR,ERR,ERR,ERR,ERR,ERR,ERR,ERR,ERR,ERR,ERR,ERR,ERR,ERR,ERR,ERR,ERR,ERR,ERR,ERR,ERR,ERR,ERR,ERR,ERR,ERR,ERR,ERR,ERR,ERR,ERR,ERR,ERR,ERR,ERR,ERR,ERR,ERR,ERR,ERR,ERR,ERR,ERR,ERR,ERR,ERR,ERR,ERR,ERR,ERR,ERR,ERR,ERR,ERR,ERR,ERR,ERR,50.0,60.0,100,0.0,0.0,0.0,0.0,0.0,0.0,0.0,0.0,0.0,0.0,0.0,0.0,0.0,0.0,0.0,0.0,61.6,73,14,65513,50,65476,0,300,0,0,8,20529,65476,0,0,26214,60.0,0.0,0.0,0.0,0.0,0.0
2026-05-17T18:43:15,ERR,ERR,ERR,ERR,ERR,ERR,ERR,ERR,ERR,ERR,ERR,ERR,ERR,ERR,ERR,ERR,ERR,ERR,ERR,ERR,ERR,ERR,ERR,ERR,ERR,ERR,ERR,ERR,ERR,ERR,ERR,ERR,ERR,ERR,ERR,ERR,ERR,ERR,ERR,ERR,ERR,ERR,ERR,ERR,ERR,ERR,ERR,ERR,ERR,ERR,ERR,ERR,ERR,ERR,ERR,ERR,ERR,ERR,ERR,ERR,ERR,ERR,ERR,ERR,ERR,ERR,ERR,ERR,ERR,ERR,ERR,ERR,ERR,ERR,ERR,ERR,ERR,ERR,ERR,ERR,ERR,ERR,ERR,ERR,ERR,ERR,ERR,ERR,ERR,ERR,ERR,ERR,ERR,ERR,ERR,ERR,ERR,ERR,ERR,ERR,ERR,ERR,ERR,ERR,ERR,ERR,ERR,ERR,ERR,ERR,ERR,ERR,ERR,ERR,ERR,ERR,ERR,ERR,ERR,ERR,ERR,ERR,ERR,ERR,ERR,0.0,0.0,0.0,0.0,0.0,1.3936040501711995e+18,7.805,0.0,0,0,4,0,8422,0.0,45,0.0,0.0,0.0,0.0,0.0,0,0,0,0,0.0,0,0,0,0,0,0,0,0,0,0,0,0,0,0,0,0,0,0,0,0,0,0,0,0,0,0,0,0,0,0,0,0,0,38,14,7,45,65476,0,300,0,0,8,21553,0.0,-107605600.0,0.0,0.0,0.0,0.0,0.0,0.0,0.0,0.0,0.0,0.0,0.0,0.0,0.0,0.0,0.0,0.0,0.0,0.0,0.0,0.0,2.004,2.004,-0.0,0.0,0.0,0.0,0.0,0.0,4952.0,-2.4229873280715295e+24,0.0,0.0,0.0,-107615280.0,2.718429300292151e+23,0.0,0.0,0.0,0.0,53,-0.0,89220.547,0.0,0.0,0.0,0.0,0.0,0.0,0.0,0,0,0,0.0,0.0,0.0,0.0,0.0,0.0,0.0,0.0,0.0,0.0,0.0,0.0,0.0,0.0,0.0,0.0,0,-107875648.0,53,0.0,106,-107614832.0,0.0,ERR,ERR,ERR,ERR,ERR,ERR,ERR,ERR,ERR,ERR,ERR,ERR,ERR,ERR,ERR,ERR,ERR,ERR,ERR,ERR,ERR,ERR,ERR,ERR,ERR,ERR,ERR,ERR,ERR,ERR,ERR,ERR,ERR,ERR,ERR,ERR,ERR,ERR,ERR,ERR,ERR,ERR,ERR,ERR,ERR,ERR,ERR,ERR,ERR,ERR,ERR,ERR,ERR,ERR,ERR,ERR,ERR,ERR,ERR,ERR,ERR,ERR,ERR,ERR,ERR,ERR,ERR,50.0,60.0,100,0.0,0.0,0.0,0.0,0.0,0.0,0.0,0.0,0.0,0.0,0.0,0.0,0.0,0.0,0.0,0.0,61.6,73,14,65513,50,65476,0,300,0,0,8,20529,65476,0,0,26214,60.0,0.0,0.0,0.0,0.0,0.0
2026-05-17T18:43:16,ERR,ERR,ERR,ERR,ERR,ERR,ERR,ERR,ERR,ERR,ERR,ERR,ERR,ERR,ERR,ERR,ERR,ERR,ERR,ERR,ERR,ERR,ERR,ERR,ERR,ERR,ERR,ERR,ERR,ERR,ERR,ERR,ERR,ERR,ERR,ERR,ERR,ERR,ERR,ERR,ERR,ERR,ERR,ERR,ERR,ERR,ERR,ERR,ERR,ERR,ERR,ERR,ERR,ERR,ERR,ERR,ERR,ERR,ERR,ERR,ERR,ERR,ERR,ERR,ERR,ERR,ERR,ERR,ERR,ERR,ERR,ERR,ERR,ERR,ERR,ERR,ERR,ERR,ERR,ERR,ERR,ERR,ERR,ERR,ERR,ERR,ERR,ERR,ERR,ERR,ERR,ERR,ERR,ERR,ERR,ERR,ERR,ERR,ERR,ERR,ERR,ERR,ERR,ERR,ERR,ERR,ERR,ERR,ERR,ERR,ERR,ERR,ERR,ERR,ERR,ERR,ERR,ERR,ERR,ERR,ERR,ERR,ERR,ERR,ERR,0.0,0.0,0.0,0.0,0.0,1.3936040501711995e+18,7.805,0.0,0,0,4,0,8422,0.0,45,0.0,0.0,0.0,0.0,0.0,0,0,0,0,0.0,0,0,0,0,0,0,0,0,0,0,0,0,0,0,0,0,0,0,0,0,0,0,0,0,0,0,0,0,0,0,0,0,0,38,14,7,45,65476,0,300,0,0,8,21553,0.0,-107605600.0,0.0,0.0,0.0,0.0,0.0,0.0,0.0,0.0,0.0,0.0,0.0,0.0,0.0,0.0,0.0,0.0,0.0,0.0,0.0,0.0,2.004,2.004,-0.0,0.0,0.0,0.0,0.0,0.0,4952.0,-2.4229873280715295e+24,0.0,0.0,0.0,-107615280.0,2.718429300292151e+23,0.0,0.0,0.0,0.0,53,-0.0,89220.547,0.0,0.0,0.0,0.0,0.0,0.0,0.0,0,0,0,0.0,0.0,0.0,0.0,0.0,0.0,0.0,0.0,0.0,0.0,0.0,0.0,0.0,0.0,0.0,0.0,0,-107875648.0,53,0.0,106,-107614832.0,0.0,ERR,ERR,ERR,ERR,ERR,ERR,ERR,ERR,ERR,ERR,ERR,ERR,ERR,ERR,ERR,ERR,ERR,ERR,ERR,ERR,ERR,ERR,ERR,ERR,ERR,ERR,ERR,ERR,ERR,ERR,ERR,ERR,ERR,ERR,ERR,ERR,ERR,ERR,ERR,ERR,ERR,ERR,ERR,ERR,ERR,ERR,ERR,ERR,ERR,ERR,ERR,ERR,ERR,ERR,ERR,ERR,ERR,ERR,ERR,ERR,ERR,ERR,ERR,ERR,ERR,ERR,ERR,50.0,60.0,100,0.0,0.0,0.0,0.0,0.0,0.0,0.0,0.0,0.0,0.0,0.0,0.0,0.0,0.0,0.0,0.0,61.6,73,14,65513,50,65476,0,300,0,0,8,20529,65476,0,0,26214,60.0,0.0,0.0,0.0,0.0,0.0
2026-05-17T18:43:17,ERR,ERR,ERR,ERR,ERR,ERR,ERR,ERR,ERR,ERR,ERR,ERR,ERR,ERR,ERR,ERR,ERR,ERR,ERR,ERR,ERR,ERR,ERR,ERR,ERR,ERR,ERR,ERR,ERR,ERR,ERR,ERR,ERR,ERR,ERR,ERR,ERR,ERR,ERR,ERR,ERR,ERR,ERR,ERR,ERR,ERR,ERR,ERR,ERR,ERR,ERR,ERR,ERR,ERR,ERR,ERR,ERR,ERR,ERR,ERR,ERR,ERR,ERR,ERR,ERR,ERR,ERR,ERR,ERR,ERR,ERR,ERR,ERR,ERR,ERR,ERR,ERR,ERR,ERR,ERR,ERR,ERR,ERR,ERR,ERR,ERR,ERR,ERR,ERR,ERR,ERR,ERR,ERR,ERR,ERR,ERR,ERR,ERR,ERR,ERR,ERR,ERR,ERR,ERR,ERR,ERR,ERR,ERR,ERR,ERR,ERR,ERR,ERR,ERR,ERR,ERR,ERR,ERR,ERR,ERR,ERR,ERR,ERR,ERR,ERR,0.0,0.0,0.0,0.0,0.0,1.3936040501711995e+18,7.805,0.0,0,0,4,0,8422,0.0,45,0.0,0.0,0.0,0.0,0.0,0,0,0,0,0.0,0,0,0,0,0,0,0,0,0,0,0,0,0,0,0,0,0,0,0,0,0,0,0,0,0,0,0,0,0,0,0,0,0,38,14,7,45,65476,0,300,0,0,8,21553,0.0,-107605600.0,0.0,0.0,0.0,0.0,0.0,0.0,0.0,0.0,0.0,0.0,0.0,0.0,0.0,0.0,0.0,0.0,0.0,0.0,0.0,0.0,2.004,2.004,-0.0,0.0,0.0,0.0,0.0,0.0,4952.0,-2.4229873280715295e+24,0.0,0.0,0.0,-107615280.0,2.718429300292151e+23,0.0,0.0,0.0,0.0,53,-0.0,89220.547,0.0,0.0,0.0,0.0,0.0,0.0,0.0,0,0,0,0.0,0.0,0.0,0.0,0.0,0.0,0.0,0.0,0.0,0.0,0.0,0.0,0.0,0.0,0.0,0.0,0,-107875648.0,53,0.0,106,-107614832.0,0.0,ERR,ERR,ERR,ERR,ERR,ERR,ERR,ERR,ERR,ERR,ERR,ERR,ERR,ERR,ERR,ERR,ERR,ERR,ERR,ERR,ERR,ERR,ERR,ERR,ERR,ERR,ERR,ERR,ERR,ERR,ERR,ERR,ERR,ERR,ERR,ERR,ERR,ERR,ERR,ERR,ERR,ERR,ERR,ERR,ERR,ERR,ERR,ERR,ERR,ERR,ERR,ERR,ERR,ERR,ERR,ERR,ERR,ERR,ERR,ERR,ERR,ERR,ERR,ERR,ERR,ERR,ERR,50.0,60.0,100,0.0,0.0,0.0,0.0,0.0,0.0,0.0,0.0,0.0,0.0,0.0,0.0,0.0,0.0,0.0,0.0,61.6,73,14,65513,50,65476,0,300,0,0,8,20529,65476,0,0,26214,60.0,0.0,0.0,0.0,0.0,0.0
2026-05-17T18:43:18,ERR,ERR,ERR,ERR,ERR,ERR,ERR,ERR,ERR,ERR,ERR,ERR,ERR,ERR,ERR,ERR,ERR,ERR,ERR,ERR,ERR,ERR,ERR,ERR,ERR,ERR,ERR,ERR,ERR,ERR,ERR,ERR,ERR,ERR,ERR,ERR,ERR,ERR,ERR,ERR,ERR,ERR,ERR,ERR,ERR,ERR,ERR,ERR,ERR,ERR,ERR,ERR,ERR,ERR,ERR,ERR,ERR,ERR,ERR,ERR,ERR,ERR,ERR,ERR,ERR,ERR,ERR,ERR,ERR,ERR,ERR,ERR,ERR,ERR,ERR,ERR,ERR,ERR,ERR,ERR,ERR,ERR,ERR,ERR,ERR,ERR,ERR,ERR,ERR,ERR,ERR,ERR,ERR,ERR,ERR,ERR,ERR,ERR,ERR,ERR,ERR,ERR,ERR,ERR,ERR,ERR,ERR,ERR,ERR,ERR,ERR,ERR,ERR,ERR,ERR,ERR,ERR,ERR,ERR,ERR,ERR,ERR,ERR,ERR,ERR,0.0,0.0,0.0,0.0,0.0,1.3936040501711995e+18,7.805,0.0,0,0,4,0,8422,0.0,45,0.0,0.0,0.0,0.0,0.0,0,0,0,0,0.0,0,0,0,0,0,0,0,0,0,0,0,0,0,0,0,0,0,0,0,0,0,0,0,0,0,0,0,0,0,0,0,0,0,38,14,7,45,65476,0,300,0,0,8,21553,0.0,-107605600.0,0.0,0.0,0.0,0.0,0.0,0.0,0.0,0.0,0.0,0.0,0.0,0.0,0.0,0.0,0.0,0.0,0.0,0.0,0.0,0.0,2.004,2.004,-0.0,0.0,0.0,0.0,0.0,0.0,4952.0,-2.4229873280715295e+24,0.0,0.0,0.0,-107615280.0,2.718429300292151e+23,0.0,0.0,0.0,0.0,53,-0.0,89220.547,0.0,0.0,0.0,0.0,0.0,0.0,0.0,0,0,0,0.0,0.0,0.0,0.0,0.0,0.0,0.0,0.0,0.0,0.0,0.0,0.0,0.0,0.0,0.0,0.0,0,-107875648.0,53,0.0,106,-107614832.0,0.0,ERR,ERR,ERR,ERR,ERR,ERR,ERR,ERR,ERR,ERR,ERR,ERR,ERR,ERR,ERR,ERR,ERR,ERR,ERR,ERR,ERR,ERR,ERR,ERR,ERR,ERR,ERR,ERR,ERR,ERR,ERR,ERR,ERR,ERR,ERR,ERR,ERR,ERR,ERR,ERR,ERR,ERR,ERR,ERR,ERR,ERR,ERR,ERR,ERR,ERR,ERR,ERR,ERR,ERR,ERR,ERR,ERR,ERR,ERR,ERR,ERR,ERR,ERR,ERR,ERR,ERR,ERR,50.0,60.0,100,0.0,0.0,0.0,0.0,0.0,0.0,0.0,0.0,0.0,0.0,0.0,0.0,0.0,0.0,0.0,0.0,61.6,73,14,65513,50,65476,0,300,0,0,8,20529,65476,0,0,26214,60.0,0.0,0.0,0.0,0.0,0.0
2026-05-17T18:43:19,ERR,ERR,ERR,ERR,ERR,ERR,ERR,ERR,ERR,ERR,ERR,ERR,ERR,ERR,ERR,ERR,ERR,ERR,ERR,ERR,ERR,ERR,ERR,ERR,ERR,ERR,ERR,ERR,ERR,ERR,ERR,ERR,ERR,ERR,ERR,ERR,ERR,ERR,ERR,ERR,ERR,ERR,ERR,ERR,ERR,ERR,ERR,ERR,ERR,ERR,ERR,ERR,ERR,ERR,ERR,ERR,ERR,ERR,ERR,ERR,ERR,ERR,ERR,ERR,ERR,ERR,ERR,ERR,ERR,ERR,ERR,ERR,ERR,ERR,ERR,ERR,ERR,ERR,ERR,ERR,ERR,ERR,ERR,ERR,ERR,ERR,ERR,ERR,ERR,ERR,ERR,ERR,ERR,ERR,ERR,ERR,ERR,ERR,ERR,ERR,ERR,ERR,ERR,ERR,ERR,ERR,ERR,ERR,ERR,ERR,ERR,ERR,ERR,ERR,ERR,ERR,ERR,ERR,ERR,ERR,ERR,ERR,ERR,ERR,ERR,0.0,0.0,-134474944.0,0.0,0.0,1.3936040501711995e+18,7.805,0.0,0,0,4,0,8422,0.0,45,0.0,0.0,0.0,0.0,0.0,0,0,0,0,0.0,0,0,0,0,0,0,0,0,0,0,0,0,0,0,0,0,0,0,0,0,0,0,0,0,0,0,0,0,0,0,0,0,0,38,14,7,45,65476,0,300,0,0,8,21553,0.0,-107605600.0,0.0,0.0,0.0,0.0,0.0,0.0,0.0,0.0,0.0,0.0,0.0,0.0,0.0,0.0,0.0,0.0,0.0,0.0,0.0,0.0,2.004,2.004,-0.0,0.0,0.0,0.0,0.0,0.0,4987.0,8608181248.0,0.0,0.0,0.0,-107615280.0,2.718429300292151e+23,0.0,0.0,0.0,0.0,53,-0.0,-107614768.0,0.0,0.0,0.0,0.0,0.0,0.0,0.0,0,0,0,0.0,0.0,0.0,0.0,0.0,0.0,0.0,0.0,0.0,0.0,0.0,0.0,0.0,0.0,0.0,0.0,0,-107875648.0,53,0.0,106,-107614832.0,0.0,ERR,ERR,ERR,ERR,ERR,ERR,ERR,ERR,ERR,ERR,ERR,ERR,ERR,ERR,ERR,ERR,ERR,ERR,ERR,ERR,ERR,ERR,ERR,ERR,ERR,ERR,ERR,ERR,ERR,ERR,ERR,ERR,ERR,ERR,ERR,ERR,ERR,ERR,ERR,ERR,ERR,ERR,ERR,ERR,ERR,ERR,ERR,ERR,ERR,ERR,ERR,ERR,ERR,ERR,ERR,ERR,ERR,ERR,ERR,ERR,ERR,ERR,ERR,ERR,ERR,ERR,ERR,50.0,60.0,100,0.0,0.0,0.0,0.0,0.0,0.0,0.0,0.0,0.0,0.0,0.0,0.0,0.0,0.0,0.0,0.0,61.6,73,14,65513,50,65476,0,300,0,0,8,20529,65476,0,0,26214,60.0,0.0,0.0,0.0,0.0,0.0
2026-05-17T18:43:20,ERR,ERR,ERR,ERR,ERR,ERR,ERR,ERR,ERR,ERR,ERR,ERR,ERR,ERR,ERR,ERR,ERR,ERR,ERR,ERR,ERR,ERR,ERR,ERR,ERR,ERR,ERR,ERR,ERR,ERR,ERR,ERR,ERR,ERR,ERR,ERR,ERR,ERR,ERR,ERR,ERR,ERR,ERR,ERR,ERR,ERR,ERR,ERR,ERR,ERR,ERR,ERR,ERR,ERR,ERR,ERR,ERR,ERR,ERR,ERR,ERR,ERR,ERR,ERR,ERR,ERR,ERR,ERR,ERR,ERR,ERR,ERR,ERR,ERR,ERR,ERR,ERR,ERR,ERR,ERR,ERR,ERR,ERR,ERR,ERR,ERR,ERR,ERR,ERR,ERR,ERR,ERR,ERR,ERR,ERR,ERR,ERR,ERR,ERR,ERR,ERR,ERR,ERR,ERR,ERR,ERR,ERR,ERR,ERR,ERR,ERR,ERR,ERR,ERR,ERR,ERR,ERR,ERR,ERR,ERR,ERR,ERR,ERR,ERR,ERR,0.0,0.0,-134474944.0,0.0,0.0,1.3936040501711995e+18,7.805,0.0,0,0,4,0,8422,0.0,45,0.0,0.0,0.0,0.0,0.0,0,0,0,0,0.0,0,0,0,0,0,0,0,0,0,0,0,0,0,0,0,0,0,0,0,0,0,0,0,0,0,0,0,0,0,0,0,0,0,38,14,7,45,65476,0,300,0,0,8,21553,0.0,-107605600.0,0.0,0.0,0.0,0.0,0.0,0.0,0.0,0.0,0.0,0.0,0.0,0.0,0.0,0.0,0.0,0.0,0.0,0.0,0.0,0.0,2.004,2.004,-0.0,0.0,0.0,0.0,0.0,0.0,4987.0,8608181248.0,0.0,0.0,0.0,-107615280.0,2.718429300292151e+23,0.0,0.0,0.0,0.0,53,-0.0,-107614768.0,0.0,0.0,0.0,0.0,0.0,0.0,0.0,0,0,0,0.0,0.0,0.0,0.0,0.0,0.0,0.0,0.0,0.0,0.0,0.0,0.0,0.0,0.0,0.0,0.0,0,-107875648.0,53,0.0,106,-107614832.0,0.0,ERR,ERR,ERR,ERR,ERR,ERR,ERR,ERR,ERR,ERR,ERR,ERR,ERR,ERR,ERR,ERR,ERR,ERR,ERR,ERR,ERR,ERR,ERR,ERR,ERR,ERR,ERR,ERR,ERR,ERR,ERR,ERR,ERR,ERR,ERR,ERR,ERR,ERR,ERR,ERR,ERR,ERR,ERR,ERR,ERR,ERR,ERR,ERR,ERR,ERR,ERR,ERR,ERR,ERR,ERR,ERR,ERR,ERR,ERR,ERR,ERR,ERR,ERR,ERR,ERR,ERR,ERR,50.0,60.0,100,0.0,0.0,0.0,0.0,0.0,0.0,0.0,0.0,0.0,0.0,0.0,0.0,0.0,0.0,0.0,0.0,62.0,73,14,65513,50,65476,0,300,0,0,8,20529,65476,0,0,26214,60.0,0.0,0.0,0.0,0.0,0.0
2026-05-17T18:43:21,ERR,ERR,ERR,ERR,ERR,ERR,ERR,ERR,ERR,ERR,ERR,ERR,ERR,ERR,ERR,ERR,ERR,ERR,ERR,ERR,ERR,ERR,ERR,ERR,ERR,ERR,ERR,ERR,ERR,ERR,ERR,ERR,ERR,ERR,ERR,ERR,ERR,ERR,ERR,ERR,ERR,ERR,ERR,ERR,ERR,ERR,ERR,ERR,ERR,ERR,ERR,ERR,ERR,ERR,ERR,ERR,ERR,ERR,ERR,ERR,ERR,ERR,ERR,ERR,ERR,ERR,ERR,ERR,ERR,ERR,ERR,ERR,ERR,ERR,ERR,ERR,ERR,ERR,ERR,ERR,ERR,ERR,ERR,ERR,ERR,ERR,ERR,ERR,ERR,ERR,ERR,ERR,ERR,ERR,ERR,ERR,ERR,ERR,ERR,ERR,ERR,ERR,ERR,ERR,ERR,ERR,ERR,ERR,ERR,ERR,ERR,ERR,ERR,ERR,ERR,ERR,ERR,ERR,ERR,ERR,ERR,ERR,ERR,ERR,ERR,0.0,0.0,-134474944.0,0.0,0.0,1.3936040501711995e+18,7.805,0.0,0,0,4,0,8422,0.0,45,0.0,0.0,0.0,0.0,0.0,0,0,0,0,0.0,0,0,0,0,0,0,0,0,0,0,0,0,0,0,0,0,0,0,0,0,0,0,0,0,0,0,0,0,0,0,0,0,0,38,14,7,45,65476,0,300,0,0,8,21553,0.0,-107605600.0,0.0,0.0,0.0,0.0,0.0,0.0,0.0,0.0,0.0,0.0,0.0,0.0,0.0,0.0,0.0,0.0,0.0,0.0,0.0,0.0,2.004,2.004,-0.0,0.0,0.0,0.0,0.0,0.0,4987.0,8608181248.0,0.0,0.0,0.0,-107615280.0,2.718429300292151e+23,0.0,0.0,0.0,0.0,53,-0.0,-107614768.0,0.0,0.0,0.0,0.0,0.0,0.0,0.0,0,0,0,0.0,0.0,0.0,0.0,0.0,0.0,0.0,0.0,0.0,0.0,0.0,0.0,0.0,0.0,0.0,0.0,0,-107875648.0,53,0.0,106,-107614832.0,0.0,ERR,ERR,ERR,ERR,ERR,ERR,ERR,ERR,ERR,ERR,ERR,ERR,ERR,ERR,ERR,ERR,ERR,ERR,ERR,ERR,ERR,ERR,ERR,ERR,ERR,ERR,ERR,ERR,ERR,ERR,ERR,ERR,ERR,ERR,ERR,ERR,ERR,ERR,ERR,ERR,ERR,ERR,ERR,ERR,ERR,ERR,ERR,ERR,ERR,ERR,ERR,ERR,ERR,ERR,ERR,ERR,ERR,ERR,ERR,ERR,ERR,ERR,ERR,ERR,ERR,ERR,ERR,50.0,60.0,100,0.0,0.0,0.0,0.0,0.0,0.0,0.0,0.0,0.0,0.0,0.0,0.0,0.0,0.0,0.0,0.0,62.0,73,14,65513,50,65476,0,300,0,0,8,20529,65476,0,0,26214,60.0,0.0,0.0,0.0,0.0,0.0
2026-05-17T18:43:22,ERR,ERR,ERR,ERR,ERR,ERR,ERR,ERR,ERR,ERR,ERR,ERR,ERR,ERR,ERR,ERR,ERR,ERR,ERR,ERR,ERR,ERR,ERR,ERR,ERR,ERR,ERR,ERR,ERR,ERR,ERR,ERR,ERR,ERR,ERR,ERR,ERR,ERR,ERR,ERR,ERR,ERR,ERR,ERR,ERR,ERR,ERR,ERR,ERR,ERR,ERR,ERR,ERR,ERR,ERR,ERR,ERR,ERR,ERR,ERR,ERR,ERR,ERR,ERR,ERR,ERR,ERR,ERR,ERR,ERR,ERR,ERR,ERR,ERR,ERR,ERR,ERR,ERR,ERR,ERR,ERR,ERR,ERR,ERR,ERR,ERR,ERR,ERR,ERR,ERR,ERR,ERR,ERR,ERR,ERR,ERR,ERR,ERR,ERR,ERR,ERR,ERR,ERR,ERR,ERR,ERR,ERR,ERR,ERR,ERR,ERR,ERR,ERR,ERR,ERR,ERR,ERR,ERR,ERR,ERR,ERR,ERR,ERR,ERR,ERR,0.0,0.0,-134474944.0,0.0,0.0,1.3936040501711995e+18,7.805,0.0,0,0,4,0,8422,0.0,45,0.0,0.0,0.0,0.0,0.0,0,0,0,0,0.0,0,0,0,0,0,0,0,0,0,0,0,0,0,0,0,0,0,0,0,0,0,0,0,0,0,0,0,0,0,0,0,0,0,38,14,7,45,65476,0,300,0,0,8,21553,0.0,-107605600.0,0.0,0.0,0.0,0.0,0.0,0.0,0.0,0.0,0.0,0.0,0.0,0.0,0.0,0.0,0.0,0.0,0.0,0.0,0.0,0.0,2.004,2.004,-0.0,0.0,0.0,0.0,0.0,0.0,4987.0,8608181248.0,0.0,0.0,0.0,-107615280.0,2.718429300292151e+23,0.0,0.0,0.0,0.0,53,-0.0,-107614768.0,0.0,0.0,0.0,0.0,0.0,0.0,0.0,0,0,0,0.0,0.0,0.0,0.0,0.0,0.0,0.0,0.0,0.0,0.0,0.0,0.0,0.0,0.0,0.0,0.0,0,-107875648.0,53,0.0,106,-107614832.0,0.0,ERR,ERR,ERR,ERR,ERR,ERR,ERR,ERR,ERR,ERR,ERR,ERR,ERR,ERR,ERR,ERR,ERR,ERR,ERR,ERR,ERR,ERR,ERR,ERR,ERR,ERR,ERR,ERR,ERR,ERR,ERR,ERR,ERR,ERR,ERR,ERR,ERR,ERR,ERR,ERR,ERR,ERR,ERR,ERR,ERR,ERR,ERR,ERR,ERR,ERR,ERR,ERR,ERR,ERR,ERR,ERR,ERR,ERR,ERR,ERR,ERR,ERR,ERR,ERR,ERR,ERR,ERR,50.0,60.0,100,0.0,0.0,0.0,0.0,0.0,0.0,0.0,0.0,0.0,0.0,0.0,0.0,0.0,0.0,0.0,0.0,62.0,73,14,65513,50,65476,0,300,0,0,8,20529,65476,0,0,26214,60.0,0.0,0.0,0.0,0.0,0.0
2026-05-17T18:43:23,ERR,ERR,ERR,ERR,ERR,ERR,ERR,ERR,ERR,ERR,ERR,ERR,ERR,ERR,ERR,ERR,ERR,ERR,ERR,ERR,ERR,ERR,ERR,ERR,ERR,ERR,ERR,ERR,ERR,ERR,ERR,ERR,ERR,ERR,ERR,ERR,ERR,ERR,ERR,ERR,ERR,ERR,ERR,ERR,ERR,ERR,ERR,ERR,ERR,ERR,ERR,ERR,ERR,ERR,ERR,ERR,ERR,ERR,ERR,ERR,ERR,ERR,ERR,ERR,ERR,ERR,ERR,ERR,ERR,ERR,ERR,ERR,ERR,ERR,ERR,ERR,ERR,ERR,ERR,ERR,ERR,ERR,ERR,ERR,ERR,ERR,ERR,ERR,ERR,ERR,ERR,ERR,ERR,ERR,ERR,ERR,ERR,ERR,ERR,ERR,ERR,ERR,ERR,ERR,ERR,ERR,ERR,ERR,ERR,ERR,ERR,ERR,ERR,ERR,ERR,ERR,ERR,ERR,ERR,ERR,ERR,ERR,ERR,ERR,ERR,0.0,0.0,-134474944.0,0.0,0.0,1.3936040501711995e+18,7.805,0.0,0,0,4,0,8422,0.0,45,0.0,0.0,0.0,0.0,0.0,0,0,0,0,0.0,0,0,0,0,0,0,0,0,0,0,0,0,0,0,0,0,0,0,0,0,0,0,0,0,0,0,0,0,0,0,0,0,0,38,14,7,45,65476,0,300,0,0,8,21553,0.0,-107605600.0,0.0,0.0,0.0,0.0,0.0,0.0,0.0,0.0,0.0,0.0,0.0,0.0,0.0,0.0,0.0,0.0,0.0,0.0,0.0,0.0,2.004,2.004,-0.0,0.0,0.0,0.0,0.0,0.0,4987.0,8608181248.0,0.0,0.0,0.0,-107615280.0,2.718429300292151e+23,0.0,0.0,0.0,0.0,53,-0.0,-107614768.0,0.0,0.0,0.0,0.0,0.0,0.0,0.0,0,0,0,0.0,0.0,0.0,0.0,0.0,0.0,0.0,0.0,0.0,0.0,0.0,0.0,0.0,0.0,0.0,0.0,0,-107875648.0,53,0.0,106,-107614832.0,0.0,ERR,ERR,ERR,ERR,ERR,ERR,ERR,ERR,ERR,ERR,ERR,ERR,ERR,ERR,ERR,ERR,ERR,ERR,ERR,ERR,ERR,ERR,ERR,ERR,ERR,ERR,ERR,ERR,ERR,ERR,ERR,ERR,ERR,ERR,ERR,ERR,ERR,ERR,ERR,ERR,ERR,ERR,ERR,ERR,ERR,ERR,ERR,ERR,ERR,ERR,ERR,ERR,ERR,ERR,ERR,ERR,ERR,ERR,ERR,ERR,ERR,ERR,ERR,ERR,ERR,ERR,ERR,50.0,60.0,100,0.0,0.0,0.0,0.0,0.0,0.0,0.0,0.0,0.0,0.0,0.0,0.0,0.0,0.0,0.0,0.0,62.0,73,14,65513,50,65476,0,300,0,0,8,20529,65476,0,0,26214,60.0,0.0,0.0,0.0,0.0,0.0
2026-05-17T18:43:24,ERR,ERR,ERR,ERR,ERR,ERR,ERR,ERR,ERR,ERR,ERR,ERR,ERR,ERR,ERR,ERR,ERR,ERR,ERR,ERR,ERR,ERR,ERR,ERR,ERR,ERR,ERR,ERR,ERR,ERR,ERR,ERR,ERR,ERR,ERR,ERR,ERR,ERR,ERR,ERR,ERR,ERR,ERR,ERR,ERR,ERR,ERR,ERR,ERR,ERR,ERR,ERR,ERR,ERR,ERR,ERR,ERR,ERR,ERR,ERR,ERR,ERR,ERR,ERR,ERR,ERR,ERR,ERR,ERR,ERR,ERR,ERR,ERR,ERR,ERR,ERR,ERR,ERR,ERR,ERR,ERR,ERR,ERR,ERR,ERR,ERR,ERR,ERR,ERR,ERR,ERR,ERR,ERR,ERR,ERR,ERR,ERR,ERR,ERR,ERR,ERR,ERR,ERR,ERR,ERR,ERR,ERR,ERR,ERR,ERR,ERR,ERR,ERR,ERR,ERR,ERR,ERR,ERR,ERR,ERR,ERR,ERR,ERR,ERR,ERR,0.0,0.0,-134474944.0,0.0,0.0,1.3936040501711995e+18,7.805,0.0,0,0,4,0,8422,0.0,45,0.0,0.0,0.0,0.0,0.0,0,0,0,0,0.0,0,0,0,0,0,0,0,0,0,0,0,0,0,0,0,0,0,0,0,0,0,0,0,0,0,0,0,0,0,0,0,0,0,38,14,7,45,65476,0,300,0,0,8,21553,0.0,-107605600.0,0.0,0.0,0.0,0.0,0.0,0.0,0.0,0.0,0.0,0.0,0.0,0.0,0.0,0.0,0.0,0.0,0.0,0.0,0.0,0.0,2.004,2.004,-0.0,0.0,0.0,0.0,0.0,0.0,4981.0,1.0406652570629681e+34,0.0,0.0,0.0,-107615280.0,2.718429300292151e+23,0.0,0.0,0.0,0.0,53,-0.0,0.0,0.0,0.0,0.0,0.0,0.0,0.0,0.0,0,0,0,0.0,0.0,0.0,0.0,0.0,0.0,0.0,0.0,0.0,0.0,0.0,0.0,0.0,0.0,0.0,0.0,0,-107875648.0,53,0.0,106,-107614832.0,0.0,ERR,ERR,ERR,ERR,ERR,ERR,ERR,ERR,ERR,ERR,ERR,ERR,ERR,ERR,ERR,ERR,ERR,ERR,ERR,ERR,ERR,ERR,ERR,ERR,ERR,ERR,ERR,ERR,ERR,ERR,ERR,ERR,ERR,ERR,ERR,ERR,ERR,ERR,ERR,ERR,ERR,ERR,ERR,ERR,ERR,ERR,ERR,ERR,ERR,ERR,ERR,ERR,ERR,ERR,ERR,ERR,ERR,ERR,ERR,ERR,ERR,ERR,ERR,ERR,ERR,ERR,ERR,50.0,60.0,100,0.0,0.0,0.0,0.0,0.0,0.0,0.0,0.0,0.0,0.0,0.0,0.0,0.0,0.0,0.0,0.0,61.6,73,14,65513,50,65476,0,300,0,0,8,20529,65476,0,0,26214,60.0,0.0,0.0,0.0,0.0,0.0
2026-05-17T18:43:25,ERR,ERR,ERR,ERR,ERR,ERR,ERR,ERR,ERR,ERR,ERR,ERR,ERR,ERR,ERR,ERR,ERR,ERR,ERR,ERR,ERR,ERR,ERR,ERR,ERR,ERR,ERR,ERR,ERR,ERR,ERR,ERR,ERR,ERR,ERR,ERR,ERR,ERR,ERR,ERR,ERR,ERR,ERR,ERR,ERR,ERR,ERR,ERR,ERR,ERR,ERR,ERR,ERR,ERR,ERR,ERR,ERR,ERR,ERR,ERR,ERR,ERR,ERR,ERR,ERR,ERR,ERR,ERR,ERR,ERR,ERR,ERR,ERR,ERR,ERR,ERR,ERR,ERR,ERR,ERR,ERR,ERR,ERR,ERR,ERR,ERR,ERR,ERR,ERR,ERR,ERR,ERR,ERR,ERR,ERR,ERR,ERR,ERR,ERR,ERR,ERR,ERR,ERR,ERR,ERR,ERR,ERR,ERR,ERR,ERR,ERR,ERR,ERR,ERR,ERR,ERR,ERR,ERR,ERR,ERR,ERR,ERR,ERR,ERR,ERR,0.0,0.0,-134474944.0,0.0,0.0,1.3936040501711995e+18,7.805,0.0,0,0,4,0,8422,0.0,45,0.0,0.0,0.0,0.0,0.0,0,0,0,0,0.0,0,0,0,0,0,0,0,0,0,0,0,0,0,0,0,0,0,0,0,0,0,0,0,0,0,0,0,0,0,0,0,0,0,38,14,7,45,65476,0,300,0,0,8,21553,0.0,-107605600.0,0.0,0.0,0.0,0.0,0.0,0.0,0.0,0.0,0.0,0.0,0.0,0.0,0.0,0.0,0.0,0.0,0.0,0.0,0.0,0.0,2.004,2.004,-0.0,0.0,0.0,0.0,0.0,0.0,4981.0,1.0406652570629681e+34,0.0,0.0,0.0,-107615280.0,2.718429300292151e+23,0.0,0.0,0.0,0.0,53,-0.0,0.0,0.0,0.0,0.0,0.0,0.0,0.0,0.0,0,0,0,0.0,0.0,0.0,0.0,0.0,0.0,0.0,0.0,0.0,0.0,0.0,0.0,0.0,0.0,0.0,0.0,0,-107875648.0,53,0.0,106,-107614832.0,0.0,ERR,ERR,ERR,ERR,ERR,ERR,ERR,ERR,ERR,ERR,ERR,ERR,ERR,ERR,ERR,ERR,ERR,ERR,ERR,ERR,ERR,ERR,ERR,ERR,ERR,ERR,ERR,ERR,ERR,ERR,ERR,ERR,ERR,ERR,ERR,ERR,ERR,ERR,ERR,ERR,ERR,ERR,ERR,ERR,ERR,ERR,ERR,ERR,ERR,ERR,ERR,ERR,ERR,ERR,ERR,ERR,ERR,ERR,ERR,ERR,ERR,ERR,ERR,ERR,ERR,ERR,ERR,50.0,60.0,100,0.0,0.0,0.0,0.0,0.0,0.0,0.0,0.0,0.0,0.0,0.0,0.0,0.0,0.0,0.0,0.0,61.6,73,14,65513,50,65476,0,300,0,0,8,20529,65476,0,0,26214,60.0,0.0,0.0,0.0,0.0,0.0
2026-05-17T18:43:26,ERR,ERR,ERR,ERR,ERR,ERR,ERR,ERR,ERR,ERR,ERR,ERR,ERR,ERR,ERR,ERR,ERR,ERR,ERR,ERR,ERR,ERR,ERR,ERR,ERR,ERR,ERR,ERR,ERR,ERR,ERR,ERR,ERR,ERR,ERR,ERR,ERR,ERR,ERR,ERR,ERR,ERR,ERR,ERR,ERR,ERR,ERR,ERR,ERR,ERR,ERR,ERR,ERR,ERR,ERR,ERR,ERR,ERR,ERR,ERR,ERR,ERR,ERR,ERR,ERR,ERR,ERR,ERR,ERR,ERR,ERR,ERR,ERR,ERR,ERR,ERR,ERR,ERR,ERR,ERR,ERR,ERR,ERR,ERR,ERR,ERR,ERR,ERR,ERR,ERR,ERR,ERR,ERR,ERR,ERR,ERR,ERR,ERR,ERR,ERR,ERR,ERR,ERR,ERR,ERR,ERR,ERR,ERR,ERR,ERR,ERR,ERR,ERR,ERR,ERR,ERR,ERR,ERR,ERR,ERR,ERR,ERR,ERR,ERR,ERR,0.0,0.0,-134474944.0,0.0,0.0,1.3936040501711995e+18,7.805,0.0,0,0,4,0,8422,0.0,45,0.0,0.0,0.0,0.0,0.0,0,0,0,0,0.0,0,0,0,0,0,0,0,0,0,0,0,0,0,0,0,0,0,0,0,0,0,0,0,0,0,0,0,0,0,0,0,0,0,38,14,7,45,65476,0,300,0,0,8,21553,0.0,-107605600.0,0.0,0.0,0.0,0.0,0.0,0.0,0.0,0.0,0.0,0.0,0.0,0.0,0.0,0.0,0.0,0.0,0.0,0.0,0.0,0.0,2.004,2.004,-0.0,0.0,0.0,0.0,0.0,0.0,4981.0,1.0406652570629681e+34,0.0,0.0,0.0,-107615280.0,2.718429300292151e+23,0.0,0.0,0.0,0.0,53,-0.0,0.0,0.0,0.0,0.0,0.0,0.0,0.0,0.0,0,0,0,0.0,0.0,0.0,0.0,0.0,0.0,0.0,0.0,0.0,0.0,0.0,0.0,0.0,0.0,0.0,0.0,0,-107875648.0,53,0.0,106,-107614832.0,0.0,ERR,ERR,ERR,ERR,ERR,ERR,ERR,ERR,ERR,ERR,ERR,ERR,ERR,ERR,ERR,ERR,ERR,ERR,ERR,ERR,ERR,ERR,ERR,ERR,ERR,ERR,ERR,ERR,ERR,ERR,ERR,ERR,ERR,ERR,ERR,ERR,ERR,ERR,ERR,ERR,ERR,ERR,ERR,ERR,ERR,ERR,ERR,ERR,ERR,ERR,ERR,ERR,ERR,ERR,ERR,ERR,ERR,ERR,ERR,ERR,ERR,ERR,ERR,ERR,ERR,ERR,ERR,50.0,60.0,100,0.0,0.0,0.0,0.0,0.0,0.0,0.0,0.0,0.0,0.0,0.0,0.0,0.0,0.0,0.0,0.0,61.6,73,14,65513,50,65476,0,300,0,0,8,20529,65476,0,0,26214,60.0,0.0,0.0,0.0,0.0,0.0
2026-05-17T18:43:27,ERR,ERR,ERR,ERR,ERR,ERR,ERR,ERR,ERR,ERR,ERR,ERR,ERR,ERR,ERR,ERR,ERR,ERR,ERR,ERR,ERR,ERR,ERR,ERR,ERR,ERR,ERR,ERR,ERR,ERR,ERR,ERR,ERR,ERR,ERR,ERR,ERR,ERR,ERR,ERR,ERR,ERR,ERR,ERR,ERR,ERR,ERR,ERR,ERR,ERR,ERR,ERR,ERR,ERR,ERR,ERR,ERR,ERR,ERR,ERR,ERR,ERR,ERR,ERR,ERR,ERR,ERR,ERR,ERR,ERR,ERR,ERR,ERR,ERR,ERR,ERR,ERR,ERR,ERR,ERR,ERR,ERR,ERR,ERR,ERR,ERR,ERR,ERR,ERR,ERR,ERR,ERR,ERR,ERR,ERR,ERR,ERR,ERR,ERR,ERR,ERR,ERR,ERR,ERR,ERR,ERR,ERR,ERR,ERR,ERR,ERR,ERR,ERR,ERR,ERR,ERR,ERR,ERR,ERR,ERR,ERR,ERR,ERR,ERR,ERR,0.0,0.0,-134474944.0,0.0,0.0,1.3936040501711995e+18,7.805,0.0,0,0,4,0,8422,0.0,45,0.0,0.0,0.0,0.0,0.0,0,0,0,0,0.0,0,0,0,0,0,0,0,0,0,0,0,0,0,0,0,0,0,0,0,0,0,0,0,0,0,0,0,0,0,0,0,0,0,38,14,7,45,65476,0,300,0,0,8,21553,0.0,-107605600.0,0.0,0.0,0.0,0.0,0.0,0.0,0.0,0.0,0.0,0.0,0.0,0.0,0.0,0.0,0.0,0.0,0.0,0.0,0.0,0.0,2.004,2.004,-0.0,0.0,0.0,0.0,0.0,0.0,4981.0,1.0406652570629681e+34,0.0,0.0,0.0,-107615280.0,2.718429300292151e+23,0.0,0.0,0.0,0.0,53,-0.0,0.0,0.0,0.0,0.0,0.0,0.0,0.0,0.0,0,0,0,0.0,0.0,0.0,0.0,0.0,0.0,0.0,0.0,0.0,0.0,0.0,0.0,0.0,0.0,0.0,0.0,0,-107875648.0,53,0.0,106,-107614832.0,0.0,ERR,ERR,ERR,ERR,ERR,ERR,ERR,ERR,ERR,ERR,ERR,ERR,ERR,ERR,ERR,ERR,ERR,ERR,ERR,ERR,ERR,ERR,ERR,ERR,ERR,ERR,ERR,ERR,ERR,ERR,ERR,ERR,ERR,ERR,ERR,ERR,ERR,ERR,ERR,ERR,ERR,ERR,ERR,ERR,ERR,ERR,ERR,ERR,ERR,ERR,ERR,ERR,ERR,ERR,ERR,ERR,ERR,ERR,ERR,ERR,ERR,ERR,ERR,ERR,ERR,ERR,ERR,50.0,60.0,100,0.0,0.0,0.0,0.0,0.0,0.0,0.0,0.0,0.0,0.0,0.0,0.0,0.0,0.0,0.0,0.0,61.6,73,14,65513,50,65476,0,300,0,0,8,20529,65476,0,0,26214,60.0,0.0,0.0,0.0,0.0,0.0
2026-05-17T18:43:28,ERR,ERR,ERR,ERR,ERR,ERR,ERR,ERR,ERR,ERR,ERR,ERR,ERR,ERR,ERR,ERR,ERR,ERR,ERR,ERR,ERR,ERR,ERR,ERR,ERR,ERR,ERR,ERR,ERR,ERR,ERR,ERR,ERR,ERR,ERR,ERR,ERR,ERR,ERR,ERR,ERR,ERR,ERR,ERR,ERR,ERR,ERR,ERR,ERR,ERR,ERR,ERR,ERR,ERR,ERR,ERR,ERR,ERR,ERR,ERR,ERR,ERR,ERR,ERR,ERR,ERR,ERR,ERR,ERR,ERR,ERR,ERR,ERR,ERR,ERR,ERR,ERR,ERR,ERR,ERR,ERR,ERR,ERR,ERR,ERR,ERR,ERR,ERR,ERR,ERR,ERR,ERR,ERR,ERR,ERR,ERR,ERR,ERR,ERR,ERR,ERR,ERR,ERR,ERR,ERR,ERR,ERR,ERR,ERR,ERR,ERR,ERR,ERR,ERR,ERR,ERR,ERR,ERR,ERR,ERR,ERR,ERR,ERR,ERR,ERR,0.0,0.0,-134474944.0,0.0,0.0,1.3936040501711995e+18,7.805,0.0,0,0,4,0,8422,0.0,45,0.0,0.0,0.0,0.0,0.0,0,0,0,0,0.0,0,0,0,0,0,0,0,0,0,0,0,0,0,0,0,0,0,0,0,0,0,0,0,0,0,0,0,0,0,0,0,0,0,38,14,7,45,65476,0,300,0,0,8,21553,0.0,-107605600.0,0.0,0.0,0.0,0.0,0.0,0.0,0.0,0.0,0.0,0.0,0.0,0.0,0.0,0.0,0.0,0.0,0.0,0.0,0.0,0.0,2.004,2.004,-0.0,0.0,0.0,0.0,0.0,0.0,4981.0,1.0406652570629681e+34,0.0,0.0,0.0,-107615280.0,2.718429300292151e+23,0.0,0.0,0.0,0.0,53,-0.0,0.0,0.0,0.0,0.0,0.0,0.0,0.0,0.0,0,0,0,0.0,0.0,0.0,0.0,0.0,0.0,0.0,0.0,0.0,0.0,0.0,0.0,0.0,0.0,0.0,0.0,0,-107875648.0,53,0.0,106,-107614832.0,0.0,ERR,ERR,ERR,ERR,ERR,ERR,ERR,ERR,ERR,ERR,ERR,ERR,ERR,ERR,ERR,ERR,ERR,ERR,ERR,ERR,ERR,ERR,ERR,ERR,ERR,ERR,ERR,ERR,ERR,ERR,ERR,ERR,ERR,ERR,ERR,ERR,ERR,ERR,ERR,ERR,ERR,ERR,ERR,ERR,ERR,ERR,ERR,ERR,ERR,ERR,ERR,ERR,ERR,ERR,ERR,ERR,ERR,ERR,ERR,ERR,ERR,ERR,ERR,ERR,ERR,ERR,ERR,50.0,60.0,100,0.0,0.0,0.0,0.0,0.0,0.0,0.0,0.0,0.0,0.0,0.0,0.0,0.0,0.0,0.0,0.0,61.6,73,14,65513,50,65476,0,300,0,0,8,20529,65476,0,0,26214,60.0,0.0,0.0,0.0,0.0,0.0
2026-05-17T18:43:29,ERR,ERR,ERR,ERR,ERR,ERR,ERR,ERR,ERR,ERR,ERR,ERR,ERR,ERR,ERR,ERR,ERR,ERR,ERR,ERR,ERR,ERR,ERR,ERR,ERR,ERR,ERR,ERR,ERR,ERR,ERR,ERR,ERR,ERR,ERR,ERR,ERR,ERR,ERR,ERR,ERR,ERR,ERR,ERR,ERR,ERR,ERR,ERR,ERR,ERR,ERR,ERR,ERR,ERR,ERR,ERR,ERR,ERR,ERR,ERR,ERR,ERR,ERR,ERR,ERR,ERR,ERR,ERR,ERR,ERR,ERR,ERR,ERR,ERR,ERR,ERR,ERR,ERR,ERR,ERR,ERR,ERR,ERR,ERR,ERR,ERR,ERR,ERR,ERR,ERR,ERR,ERR,ERR,ERR,ERR,ERR,ERR,ERR,ERR,ERR,ERR,ERR,ERR,ERR,ERR,ERR,ERR,ERR,ERR,ERR,ERR,ERR,ERR,ERR,ERR,ERR,ERR,ERR,ERR,ERR,ERR,ERR,ERR,ERR,ERR,0.0,0.0,-134474944.0,0.0,0.0,1.3936040501711995e+18,7.805,0.0,0,0,4,0,8422,0.0,45,0.0,0.0,0.0,0.0,0.0,0,0,0,0,0.0,0,0,0,0,0,0,0,0,0,0,0,0,0,0,0,0,0,0,0,0,0,0,0,0,0,0,0,0,0,0,0,0,0,38,14,7,45,65476,0,300,0,0,8,21553,0.0,-107605600.0,0.0,0.0,0.0,0.0,0.0,0.0,0.0,0.0,0.0,0.0,0.0,0.0,0.0,0.0,0.0,0.0,0.0,0.0,0.0,0.0,2.004,2.004,-0.0,0.0,0.0,0.0,0.0,0.0,4981.0,1.0406652570629681e+34,0.0,0.0,0.0,-107615280.0,2.718429300292151e+23,0.0,0.0,0.0,0.0,53,-0.0,0.0,0.0,0.0,0.0,0.0,0.0,0.0,0.0,0,0,0,0.0,0.0,0.0,0.0,0.0,0.0,0.0,0.0,0.0,0.0,0.0,0.0,0.0,0.0,0.0,0.0,0,-107875648.0,53,0.0,106,-107614832.0,0.0,ERR,ERR,ERR,ERR,ERR,ERR,ERR,ERR,ERR,ERR,ERR,ERR,ERR,ERR,ERR,ERR,ERR,ERR,ERR,ERR,ERR,ERR,ERR,ERR,ERR,ERR,ERR,ERR,ERR,ERR,ERR,ERR,ERR,ERR,ERR,ERR,ERR,ERR,ERR,ERR,ERR,ERR,ERR,ERR,ERR,ERR,ERR,ERR,ERR,ERR,ERR,ERR,ERR,ERR,ERR,ERR,ERR,ERR,ERR,ERR,ERR,ERR,ERR,ERR,ERR,ERR,ERR,50.0,60.0,100,0.0,0.0,0.0,0.0,0.0,0.0,0.0,0.0,0.0,0.0,0.0,0.0,0.0,0.0,0.0,0.0,62.0,73,14,65513,50,65476,0,300,0,0,8,20529,65476,0,0,26214,60.0,0.0,0.0,0.0,0.0,0.0
2026-05-17T18:43:30,ERR,ERR,ERR,ERR,ERR,ERR,ERR,ERR,ERR,ERR,ERR,ERR,ERR,ERR,ERR,ERR,ERR,ERR,ERR,ERR,ERR,ERR,ERR,ERR,ERR,ERR,ERR,ERR,ERR,ERR,ERR,ERR,ERR,ERR,ERR,ERR,ERR,ERR,ERR,ERR,ERR,ERR,ERR,ERR,ERR,ERR,ERR,ERR,ERR,ERR,ERR,ERR,ERR,ERR,ERR,ERR,ERR,ERR,ERR,ERR,ERR,ERR,ERR,ERR,ERR,ERR,ERR,ERR,ERR,ERR,ERR,ERR,ERR,ERR,ERR,ERR,ERR,ERR,ERR,ERR,ERR,ERR,ERR,ERR,ERR,ERR,ERR,ERR,ERR,ERR,ERR,ERR,ERR,ERR,ERR,ERR,ERR,ERR,ERR,ERR,ERR,ERR,ERR,ERR,ERR,ERR,ERR,ERR,ERR,ERR,ERR,ERR,ERR,ERR,ERR,ERR,ERR,ERR,ERR,ERR,ERR,ERR,ERR,ERR,ERR,0.0,0.0,-134474944.0,0.0,0.0,1.3936040501711995e+18,7.805,0.0,0,0,4,0,8422,0.0,45,0.0,0.0,0.0,0.0,0.0,0,0,0,0,0.0,0,0,0,0,0,0,0,0,0,0,0,0,0,0,0,0,0,0,0,0,0,0,0,0,0,0,0,0,0,0,0,0,0,38,14,7,45,65476,0,300,0,0,8,21553,0.0,-107605600.0,0.0,0.0,0.0,0.0,0.0,0.0,0.0,0.0,0.0,0.0,0.0,0.0,0.0,0.0,0.0,0.0,0.0,0.0,0.0,0.0,0.0,2.004,-0.0,0.0,0.0,0.0,0.0,0.0,4976.0,2.004,0.0,0.0,0.0,-107615280.0,2.718429300292151e+23,0.0,0.0,0.0,0.0,53,2.7184300208680915e+23,-0.0,0.0,0.0,0.0,0.0,0.0,0.0,0.0,0,0,0,0.0,0.0,0.0,0.0,0.0,0.0,0.0,0.0,0.0,0.0,0.0,0.0,0.0,0.0,0.0,0.0,0,-107875648.0,53,0.0,106,-107614832.0,0.0,ERR,ERR,ERR,ERR,ERR,ERR,ERR,ERR,ERR,ERR,ERR,ERR,ERR,ERR,ERR,ERR,ERR,ERR,ERR,ERR,ERR,ERR,ERR,ERR,ERR,ERR,ERR,ERR,ERR,ERR,ERR,ERR,ERR,ERR,ERR,ERR,ERR,ERR,ERR,ERR,ERR,ERR,ERR,ERR,ERR,ERR,ERR,ERR,ERR,ERR,ERR,ERR,ERR,ERR,ERR,ERR,ERR,ERR,ERR,ERR,ERR,ERR,ERR,ERR,ERR,ERR,ERR,50.0,60.0,100,0.0,0.0,0.0,0.0,0.0,0.0,0.0,0.0,0.0,0.0,0.0,0.0,0.0,0.0,0.0,0.0,62.0,73,14,65513,50,65476,0,300,0,0,8,20529,65476,0,0,26214,60.0,0.0,0.0,0.0,0.0,0.0
2026-05-17T18:43:31,ERR,ERR,ERR,ERR,ERR,ERR,ERR,ERR,ERR,ERR,ERR,ERR,ERR,ERR,ERR,ERR,ERR,ERR,ERR,ERR,ERR,ERR,ERR,ERR,ERR,ERR,ERR,ERR,ERR,ERR,ERR,ERR,ERR,ERR,ERR,ERR,ERR,ERR,ERR,ERR,ERR,ERR,ERR,ERR,ERR,ERR,ERR,ERR,ERR,ERR,ERR,ERR,ERR,ERR,ERR,ERR,ERR,ERR,ERR,ERR,ERR,ERR,ERR,ERR,ERR,ERR,ERR,ERR,ERR,ERR,ERR,ERR,ERR,ERR,ERR,ERR,ERR,ERR,ERR,ERR,ERR,ERR,ERR,ERR,ERR,ERR,ERR,ERR,ERR,ERR,ERR,ERR,ERR,ERR,ERR,ERR,ERR,ERR,ERR,ERR,ERR,ERR,ERR,ERR,ERR,ERR,ERR,ERR,ERR,ERR,ERR,ERR,ERR,ERR,ERR,ERR,ERR,ERR,ERR,ERR,ERR,ERR,ERR,ERR,ERR,0.0,0.0,-134474944.0,0.0,0.0,1.3936040501711995e+18,7.805,0.0,0,0,4,0,8422,0.0,45,0.0,0.0,0.0,0.0,0.0,0,0,0,0,0.0,0,0,0,0,0,0,0,0,0,0,0,0,0,0,0,0,0,0,0,0,0,0,0,0,0,0,0,0,0,0,0,0,0,38,14,7,45,65476,0,300,0,0,8,21553,0.0,-107605600.0,0.0,0.0,0.0,0.0,0.0,0.0,0.0,0.0,0.0,0.0,0.0,0.0,0.0,0.0,0.0,0.0,0.0,0.0,0.0,0.0,0.0,2.004,-0.0,0.0,0.0,0.0,0.0,0.0,4976.0,2.004,0.0,0.0,0.0,-107615280.0,2.718429300292151e+23,0.0,0.0,0.0,0.0,53,2.7184300208680915e+23,-0.0,0.0,0.0,0.0,0.0,0.0,0.0,0.0,0,0,0,0.0,0.0,0.0,0.0,0.0,0.0,0.0,0.0,0.0,0.0,0.0,0.0,0.0,0.0,0.0,0.0,0,-107875648.0,53,0.0,106,-107614832.0,0.0,ERR,ERR,ERR,ERR,ERR,ERR,ERR,ERR,ERR,ERR,ERR,ERR,ERR,ERR,ERR,ERR,ERR,ERR,ERR,ERR,ERR,ERR,ERR,ERR,ERR,ERR,ERR,ERR,ERR,ERR,ERR,ERR,ERR,ERR,ERR,ERR,ERR,ERR,ERR,ERR,ERR,ERR,ERR,ERR,ERR,ERR,ERR,ERR,ERR,ERR,ERR,ERR,ERR,ERR,ERR,ERR,ERR,ERR,ERR,ERR,ERR,ERR,ERR,ERR,ERR,ERR,ERR,50.0,60.0,100,0.0,0.0,0.0,0.0,0.0,0.0,0.0,0.0,0.0,0.0,0.0,0.0,0.0,0.0,0.0,0.0,61.6,73,14,65513,50,65476,0,300,0,0,8,20529,65476,0,0,26214,60.0,0.0,0.0,0.0,0.0,0.0
2026-05-17T18:43:32,ERR,ERR,ERR,ERR,ERR,ERR,ERR,ERR,ERR,ERR,ERR,ERR,ERR,ERR,ERR,ERR,ERR,ERR,ERR,ERR,ERR,ERR,ERR,ERR,ERR,ERR,ERR,ERR,ERR,ERR,ERR,ERR,ERR,ERR,ERR,ERR,ERR,ERR,ERR,ERR,ERR,ERR,ERR,ERR,ERR,ERR,ERR,ERR,ERR,ERR,ERR,ERR,ERR,ERR,ERR,ERR,ERR,ERR,ERR,ERR,ERR,ERR,ERR,ERR,ERR,ERR,ERR,ERR,ERR,ERR,ERR,ERR,ERR,ERR,ERR,ERR,ERR,ERR,ERR,ERR,ERR,ERR,ERR,ERR,ERR,ERR,ERR,ERR,ERR,ERR,ERR,ERR,ERR,ERR,ERR,ERR,ERR,ERR,ERR,ERR,ERR,ERR,ERR,ERR,ERR,ERR,ERR,ERR,ERR,ERR,ERR,ERR,ERR,ERR,ERR,ERR,ERR,ERR,ERR,ERR,ERR,ERR,ERR,ERR,ERR,0.0,0.0,-134474944.0,0.0,0.0,1.3936040501711995e+18,7.805,0.0,0,0,4,0,8422,0.0,45,0.0,0.0,0.0,0.0,0.0,0,0,0,0,0.0,0,0,0,0,0,0,0,0,0,0,0,0,0,0,0,0,0,0,0,0,0,0,0,0,0,0,0,0,0,0,0,0,0,38,14,7,45,65476,0,300,0,0,8,21553,0.0,-107605600.0,0.0,0.0,0.0,0.0,0.0,0.0,0.0,0.0,0.0,0.0,0.0,0.0,0.0,0.0,0.0,0.0,0.0,0.0,0.0,0.0,0.0,2.004,-0.0,0.0,0.0,0.0,0.0,0.0,4976.0,2.004,0.0,0.0,0.0,-107615280.0,2.718429300292151e+23,0.0,0.0,0.0,0.0,53,2.7184300208680915e+23,-0.0,0.0,0.0,0.0,0.0,0.0,0.0,0.0,0,0,0,0.0,0.0,0.0,0.0,0.0,0.0,0.0,0.0,0.0,0.0,0.0,0.0,0.0,0.0,0.0,0.0,0,-107875648.0,53,0.0,106,-107614832.0,0.0,ERR,ERR,ERR,ERR,ERR,ERR,ERR,ERR,ERR,ERR,ERR,ERR,ERR,ERR,ERR,ERR,ERR,ERR,ERR,ERR,ERR,ERR,ERR,ERR,ERR,ERR,ERR,ERR,ERR,ERR,ERR,ERR,ERR,ERR,ERR,ERR,ERR,ERR,ERR,ERR,ERR,ERR,ERR,ERR,ERR,ERR,ERR,ERR,ERR,ERR,ERR,ERR,ERR,ERR,ERR,ERR,ERR,ERR,ERR,ERR,ERR,ERR,ERR,ERR,ERR,ERR,ERR,50.0,60.0,100,0.0,0.0,0.0,0.0,0.0,0.0,0.0,0.0,0.0,0.0,0.0,0.0,0.0,0.0,0.0,0.0,61.6,73,14,65513,50,65476,0,300,0,0,8,20529,65476,0,0,26214,60.0,0.0,0.0,0.0,0.0,0.0
2026-05-17T18:43:33,ERR,ERR,ERR,ERR,ERR,ERR,ERR,ERR,ERR,ERR,ERR,ERR,ERR,ERR,ERR,ERR,ERR,ERR,ERR,ERR,ERR,ERR,ERR,ERR,ERR,ERR,ERR,ERR,ERR,ERR,ERR,ERR,ERR,ERR,ERR,ERR,ERR,ERR,ERR,ERR,ERR,ERR,ERR,ERR,ERR,ERR,ERR,ERR,ERR,ERR,ERR,ERR,ERR,ERR,ERR,ERR,ERR,ERR,ERR,ERR,ERR,ERR,ERR,ERR,ERR,ERR,ERR,ERR,ERR,ERR,ERR,ERR,ERR,ERR,ERR,ERR,ERR,ERR,ERR,ERR,ERR,ERR,ERR,ERR,ERR,ERR,ERR,ERR,ERR,ERR,ERR,ERR,ERR,ERR,ERR,ERR,ERR,ERR,ERR,ERR,ERR,ERR,ERR,ERR,ERR,ERR,ERR,ERR,ERR,ERR,ERR,ERR,ERR,ERR,ERR,ERR,ERR,ERR,ERR,ERR,ERR,ERR,ERR,ERR,ERR,0.0,0.0,-134474944.0,0.0,0.0,1.3936040501711995e+18,7.805,0.0,0,0,4,0,8422,0.0,45,0.0,0.0,0.0,0.0,0.0,0,0,0,0,0.0,0,0,0,0,0,0,0,0,0,0,0,0,0,0,0,0,0,0,0,0,0,0,0,0,0,0,0,0,0,0,0,0,0,38,14,7,45,65476,0,300,0,0,8,21553,0.0,-107605600.0,0.0,0.0,0.0,0.0,0.0,0.0,0.0,0.0,0.0,0.0,0.0,0.0,0.0,0.0,0.0,0.0,0.0,0.0,0.0,0.0,0.0,2.004,-0.0,0.0,0.0,0.0,0.0,0.0,4976.0,2.004,0.0,0.0,0.0,-107615280.0,2.718429300292151e+23,0.0,0.0,0.0,0.0,53,2.7184300208680915e+23,-0.0,0.0,0.0,0.0,0.0,0.0,0.0,0.0,0,0,0,0.0,0.0,0.0,0.0,0.0,0.0,0.0,0.0,0.0,0.0,0.0,0.0,0.0,0.0,0.0,0.0,0,-107875648.0,53,0.0,106,-107614832.0,0.0,ERR,ERR,ERR,ERR,ERR,ERR,ERR,ERR,ERR,ERR,ERR,ERR,ERR,ERR,ERR,ERR,ERR,ERR,ERR,ERR,ERR,ERR,ERR,ERR,ERR,ERR,ERR,ERR,ERR,ERR,ERR,ERR,ERR,ERR,ERR,ERR,ERR,ERR,ERR,ERR,ERR,ERR,ERR,ERR,ERR,ERR,ERR,ERR,ERR,ERR,ERR,ERR,ERR,ERR,ERR,ERR,ERR,ERR,ERR,ERR,ERR,ERR,ERR,ERR,ERR,ERR,ERR,50.0,60.0,100,0.0,0.0,0.0,0.0,0.0,0.0,0.0,0.0,0.0,0.0,0.0,0.0,0.0,0.0,0.0,0.0,61.6,73,14,65513,50,65476,0,300,0,0,8,20529,65476,0,0,26214,60.0,0.0,0.0,0.0,0.0,0.0
2026-05-17T18:43:34,ERR,ERR,ERR,ERR,ERR,ERR,ERR,ERR,ERR,ERR,ERR,ERR,ERR,ERR,ERR,ERR,ERR,ERR,ERR,ERR,ERR,ERR,ERR,ERR,ERR,ERR,ERR,ERR,ERR,ERR,ERR,ERR,ERR,ERR,ERR,ERR,ERR,ERR,ERR,ERR,ERR,ERR,ERR,ERR,ERR,ERR,ERR,ERR,ERR,ERR,ERR,ERR,ERR,ERR,ERR,ERR,ERR,ERR,ERR,ERR,ERR,ERR,ERR,ERR,ERR,ERR,ERR,ERR,ERR,ERR,ERR,ERR,ERR,ERR,ERR,ERR,ERR,ERR,ERR,ERR,ERR,ERR,ERR,ERR,ERR,ERR,ERR,ERR,ERR,ERR,ERR,ERR,ERR,ERR,ERR,ERR,ERR,ERR,ERR,ERR,ERR,ERR,ERR,ERR,ERR,ERR,ERR,ERR,ERR,ERR,ERR,ERR,ERR,ERR,ERR,ERR,ERR,ERR,ERR,ERR,ERR,ERR,ERR,ERR,ERR,0.0,0.0,-134474944.0,0.0,0.0,1.3936040501711995e+18,7.805,0.0,0,0,4,0,8422,0.0,45,0.0,0.0,0.0,0.0,0.0,0,0,0,0,0.0,0,0,0,0,0,0,0,0,0,0,0,0,0,0,0,0,0,0,0,0,0,0,0,0,0,0,0,0,0,0,0,0,0,38,14,7,45,65476,0,300,0,0,8,21553,0.0,-107605600.0,0.0,0.0,0.0,0.0,0.0,0.0,0.0,0.0,0.0,0.0,0.0,0.0,0.0,0.0,0.0,0.0,0.0,0.0,0.0,0.0,0.0,2.004,-0.0,0.0,0.0,0.0,0.0,0.0,4976.0,2.004,0.0,0.0,0.0,-107615280.0,2.718429300292151e+23,0.0,0.0,0.0,0.0,53,2.7184300208680915e+23,-0.0,0.0,0.0,0.0,0.0,0.0,0.0,0.0,0,0,0,0.0,0.0,0.0,0.0,0.0,0.0,0.0,0.0,0.0,0.0,0.0,0.0,0.0,0.0,0.0,0.0,0,-107875648.0,53,0.0,106,-107614832.0,0.0,ERR,ERR,ERR,ERR,ERR,ERR,ERR,ERR,ERR,ERR,ERR,ERR,ERR,ERR,ERR,ERR,ERR,ERR,ERR,ERR,ERR,ERR,ERR,ERR,ERR,ERR,ERR,ERR,ERR,ERR,ERR,ERR,ERR,ERR,ERR,ERR,ERR,ERR,ERR,ERR,ERR,ERR,ERR,ERR,ERR,ERR,ERR,ERR,ERR,ERR,ERR,ERR,ERR,ERR,ERR,ERR,ERR,ERR,ERR,ERR,ERR,ERR,ERR,ERR,ERR,ERR,ERR,50.0,60.0,100,0.0,0.0,0.0,0.0,0.0,0.0,0.0,0.0,0.0,0.0,0.0,0.0,0.0,0.0,0.0,0.0,61.6,73,14,65513,50,65476,0,300,0,0,8,20529,65476,0,0,26214,60.0,0.0,0.0,0.0,0.0,0.0
2026-05-17T18:43:35,ERR,ERR,ERR,ERR,ERR,ERR,ERR,ERR,ERR,ERR,ERR,ERR,ERR,ERR,ERR,ERR,ERR,ERR,ERR,ERR,ERR,ERR,ERR,ERR,ERR,ERR,ERR,ERR,ERR,ERR,ERR,ERR,ERR,ERR,ERR,ERR,ERR,ERR,ERR,ERR,ERR,ERR,ERR,ERR,ERR,ERR,ERR,ERR,ERR,ERR,ERR,ERR,ERR,ERR,ERR,ERR,ERR,ERR,ERR,ERR,ERR,ERR,ERR,ERR,ERR,ERR,ERR,ERR,ERR,ERR,ERR,ERR,ERR,ERR,ERR,ERR,ERR,ERR,ERR,ERR,ERR,ERR,ERR,ERR,ERR,ERR,ERR,ERR,ERR,ERR,ERR,ERR,ERR,ERR,ERR,ERR,ERR,ERR,ERR,ERR,ERR,ERR,ERR,ERR,ERR,ERR,ERR,ERR,ERR,ERR,ERR,ERR,ERR,ERR,ERR,ERR,ERR,ERR,ERR,ERR,ERR,ERR,ERR,ERR,ERR,0.0,0.0,0.0,0.0,0.0,1.3936040501711995e+18,7.805,0.0,0,0,4,0,8422,0.0,45,0.0,0.0,0.0,0.0,0.0,0,0,0,0,0.0,0,0,0,0,0,0,0,0,0,0,0,0,0,0,0,0,0,0,0,0,0,0,0,0,0,0,0,0,0,0,0,0,0,38,14,7,45,65476,0,300,0,0,8,21553,0.0,-107605600.0,0.0,0.0,0.0,0.0,0.0,0.0,0.0,0.0,0.0,0.0,0.0,0.0,0.0,0.0,0.0,0.0,0.0,0.0,0.0,0.0,0.0,2.004,-0.0,0.0,0.0,0.0,0.0,0.0,4989.0,-0.0,0.0,0.0,0.0,-107615280.0,2.718429300292151e+23,0.0,0.0,0.0,0.0,53,-0.0,126840528896.0,0.0,0.0,0.0,0.0,0.0,0.0,0.0,0,0,0,0.0,0.0,0.0,0.0,0.0,0.0,0.0,0.0,0.0,0.0,0.0,0.0,0.0,0.0,0.0,0.0,0,-107875648.0,53,0.0,106,-107614832.0,0.0,ERR,ERR,ERR,ERR,ERR,ERR,ERR,ERR,ERR,ERR,ERR,ERR,ERR,ERR,ERR,ERR,ERR,ERR,ERR,ERR,ERR,ERR,ERR,ERR,ERR,ERR,ERR,ERR,ERR,ERR,ERR,ERR,ERR,ERR,ERR,ERR,ERR,ERR,ERR,ERR,ERR,ERR,ERR,ERR,ERR,ERR,ERR,ERR,ERR,ERR,ERR,ERR,ERR,ERR,ERR,ERR,ERR,ERR,ERR,ERR,ERR,ERR,ERR,ERR,ERR,ERR,ERR,50.0,60.0,100,0.0,0.0,0.0,0.0,0.0,0.0,0.0,0.0,0.0,0.0,0.0,0.0,0.0,0.0,0.0,0.0,61.6,73,14,65513,50,65476,0,300,0,0,8,20529,65476,0,0,26214,60.0,0.0,0.0,0.0,0.0,0.0
2026-05-17T18:43:36,ERR,ERR,ERR,ERR,ERR,ERR,ERR,ERR,ERR,ERR,ERR,ERR,ERR,ERR,ERR,ERR,ERR,ERR,ERR,ERR,ERR,ERR,ERR,ERR,ERR,ERR,ERR,ERR,ERR,ERR,ERR,ERR,ERR,ERR,ERR,ERR,ERR,ERR,ERR,ERR,ERR,ERR,ERR,ERR,ERR,ERR,ERR,ERR,ERR,ERR,ERR,ERR,ERR,ERR,ERR,ERR,ERR,ERR,ERR,ERR,ERR,ERR,ERR,ERR,ERR,ERR,ERR,ERR,ERR,ERR,ERR,ERR,ERR,ERR,ERR,ERR,ERR,ERR,ERR,ERR,ERR,ERR,ERR,ERR,ERR,ERR,ERR,ERR,ERR,ERR,ERR,ERR,ERR,ERR,ERR,ERR,ERR,ERR,ERR,ERR,ERR,ERR,ERR,ERR,ERR,ERR,ERR,ERR,ERR,ERR,ERR,ERR,ERR,ERR,ERR,ERR,ERR,ERR,ERR,ERR,ERR,ERR,ERR,ERR,ERR,0.0,0.0,0.0,0.0,0.0,1.3936040501711995e+18,7.805,0.0,0,0,4,0,8422,0.0,45,0.0,0.0,0.0,0.0,0.0,0,0,0,0,0.0,0,0,0,0,0,0,0,0,0,0,0,0,0,0,0,0,0,0,0,0,0,0,0,0,0,0,0,0,0,0,0,0,0,38,14,7,45,65476,0,300,0,0,8,21553,0.0,-107605600.0,0.0,0.0,0.0,0.0,0.0,0.0,0.0,0.0,0.0,0.0,0.0,0.0,0.0,0.0,0.0,0.0,0.0,0.0,0.0,0.0,0.0,2.004,-0.0,0.0,0.0,0.0,0.0,0.0,4989.0,-0.0,0.0,0.0,0.0,-107615280.0,2.718429300292151e+23,0.0,0.0,0.0,0.0,53,-0.0,126840528896.0,0.0,0.0,0.0,0.0,0.0,0.0,0.0,0,0,0,0.0,0.0,0.0,0.0,0.0,0.0,0.0,0.0,0.0,0.0,0.0,0.0,0.0,0.0,0.0,0.0,0,-107875648.0,53,0.0,106,-107614832.0,0.0,ERR,ERR,ERR,ERR,ERR,ERR,ERR,ERR,ERR,ERR,ERR,ERR,ERR,ERR,ERR,ERR,ERR,ERR,ERR,ERR,ERR,ERR,ERR,ERR,ERR,ERR,ERR,ERR,ERR,ERR,ERR,ERR,ERR,ERR,ERR,ERR,ERR,ERR,ERR,ERR,ERR,ERR,ERR,ERR,ERR,ERR,ERR,ERR,ERR,ERR,ERR,ERR,ERR,ERR,ERR,ERR,ERR,ERR,ERR,ERR,ERR,ERR,ERR,ERR,ERR,ERR,ERR,50.0,60.0,100,0.0,0.0,0.0,0.0,0.0,0.0,0.0,0.0,0.0,0.0,0.0,0.0,0.0,0.0,0.0,0.0,61.6,73,14,65513,50,65476,0,300,0,0,8,20529,65476,0,0,26214,60.0,0.0,0.0,0.0,0.0,0.0
2026-05-17T18:43:37,ERR,ERR,ERR,ERR,ERR,ERR,ERR,ERR,ERR,ERR,ERR,ERR,ERR,ERR,ERR,ERR,ERR,ERR,ERR,ERR,ERR,ERR,ERR,ERR,ERR,ERR,ERR,ERR,ERR,ERR,ERR,ERR,ERR,ERR,ERR,ERR,ERR,ERR,ERR,ERR,ERR,ERR,ERR,ERR,ERR,ERR,ERR,ERR,ERR,ERR,ERR,ERR,ERR,ERR,ERR,ERR,ERR,ERR,ERR,ERR,ERR,ERR,ERR,ERR,ERR,ERR,ERR,ERR,ERR,ERR,ERR,ERR,ERR,ERR,ERR,ERR,ERR,ERR,ERR,ERR,ERR,ERR,ERR,ERR,ERR,ERR,ERR,ERR,ERR,ERR,ERR,ERR,ERR,ERR,ERR,ERR,ERR,ERR,ERR,ERR,ERR,ERR,ERR,ERR,ERR,ERR,ERR,ERR,ERR,ERR,ERR,ERR,ERR,ERR,ERR,ERR,ERR,ERR,ERR,ERR,ERR,ERR,ERR,ERR,ERR,0.0,0.0,0.0,0.0,0.0,1.3936040501711995e+18,7.805,0.0,0,0,4,0,8422,0.0,45,0.0,0.0,0.0,0.0,0.0,0,0,0,0,0.0,0,0,0,0,0,0,0,0,0,0,0,0,0,0,0,0,0,0,0,0,0,0,0,0,0,0,0,0,0,0,0,0,0,38,14,7,45,65476,0,300,0,0,8,21553,0.0,-107605600.0,0.0,0.0,0.0,0.0,0.0,0.0,0.0,0.0,0.0,0.0,0.0,0.0,0.0,0.0,0.0,0.0,0.0,0.0,0.0,0.0,0.0,2.004,-0.0,0.0,0.0,0.0,0.0,0.0,4989.0,-0.0,0.0,0.0,0.0,-107615280.0,2.718429300292151e+23,0.0,0.0,0.0,0.0,53,-0.0,126840528896.0,0.0,0.0,0.0,0.0,0.0,0.0,0.0,0,0,0,0.0,0.0,0.0,0.0,0.0,0.0,0.0,0.0,0.0,0.0,0.0,0.0,0.0,0.0,0.0,0.0,0,-107875648.0,53,0.0,106,-107614832.0,0.0,ERR,ERR,ERR,ERR,ERR,ERR,ERR,ERR,ERR,ERR,ERR,ERR,ERR,ERR,ERR,ERR,ERR,ERR,ERR,ERR,ERR,ERR,ERR,ERR,ERR,ERR,ERR,ERR,ERR,ERR,ERR,ERR,ERR,ERR,ERR,ERR,ERR,ERR,ERR,ERR,ERR,ERR,ERR,ERR,ERR,ERR,ERR,ERR,ERR,ERR,ERR,ERR,ERR,ERR,ERR,ERR,ERR,ERR,ERR,ERR,ERR,ERR,ERR,ERR,ERR,ERR,ERR,50.0,60.0,100,0.0,0.0,0.0,0.0,0.0,0.0,0.0,0.0,0.0,0.0,0.0,0.0,0.0,0.0,0.0,0.0,61.6,73,14,65513,50,65476,0,300,0,0,8,20529,65476,0,0,26214,60.0,0.0,0.0,0.0,0.0,0.0
2026-05-17T18:43:38,ERR,ERR,ERR,ERR,ERR,ERR,ERR,ERR,ERR,ERR,ERR,ERR,ERR,ERR,ERR,ERR,ERR,ERR,ERR,ERR,ERR,ERR,ERR,ERR,ERR,ERR,ERR,ERR,ERR,ERR,ERR,ERR,ERR,ERR,ERR,ERR,ERR,ERR,ERR,ERR,ERR,ERR,ERR,ERR,ERR,ERR,ERR,ERR,ERR,ERR,ERR,ERR,ERR,ERR,ERR,ERR,ERR,ERR,ERR,ERR,ERR,ERR,ERR,ERR,ERR,ERR,ERR,ERR,ERR,ERR,ERR,ERR,ERR,ERR,ERR,ERR,ERR,ERR,ERR,ERR,ERR,ERR,ERR,ERR,ERR,ERR,ERR,ERR,ERR,ERR,ERR,ERR,ERR,ERR,ERR,ERR,ERR,ERR,ERR,ERR,ERR,ERR,ERR,ERR,ERR,ERR,ERR,ERR,ERR,ERR,ERR,ERR,ERR,ERR,ERR,ERR,ERR,ERR,ERR,ERR,ERR,ERR,ERR,ERR,ERR,0.0,0.0,0.0,0.0,0.0,1.3936040501711995e+18,7.805,0.0,0,0,4,0,8422,0.0,45,0.0,0.0,0.0,0.0,0.0,0,0,0,0,0.0,0,0,0,0,0,0,0,0,0,0,0,0,0,0,0,0,0,0,0,0,0,0,0,0,0,0,0,0,0,0,0,0,0,38,14,7,45,65476,0,300,0,0,8,21553,0.0,-107605600.0,0.0,0.0,0.0,0.0,0.0,0.0,0.0,0.0,0.0,0.0,0.0,0.0,0.0,0.0,0.0,0.0,0.0,0.0,0.0,0.0,0.0,2.004,-0.0,0.0,0.0,0.0,0.0,0.0,4989.0,-0.0,0.0,0.0,0.0,-107615280.0,2.718429300292151e+23,0.0,0.0,0.0,0.0,53,-0.0,126840528896.0,0.0,0.0,0.0,0.0,0.0,0.0,0.0,0,0,0,0.0,0.0,0.0,0.0,0.0,0.0,0.0,0.0,0.0,0.0,0.0,0.0,0.0,0.0,0.0,0.0,0,-107875648.0,53,0.0,106,-107614832.0,0.0,ERR,ERR,ERR,ERR,ERR,ERR,ERR,ERR,ERR,ERR,ERR,ERR,ERR,ERR,ERR,ERR,ERR,ERR,ERR,ERR,ERR,ERR,ERR,ERR,ERR,ERR,ERR,ERR,ERR,ERR,ERR,ERR,ERR,ERR,ERR,ERR,ERR,ERR,ERR,ERR,ERR,ERR,ERR,ERR,ERR,ERR,ERR,ERR,ERR,ERR,ERR,ERR,ERR,ERR,ERR,ERR,ERR,ERR,ERR,ERR,ERR,ERR,ERR,ERR,ERR,ERR,ERR,50.0,60.0,100,0.0,0.0,0.0,0.0,0.0,0.0,0.0,0.0,0.0,0.0,0.0,0.0,0.0,0.0,0.0,0.0,62.0,73,14,65513,50,65476,0,300,0,0,8,20529,65476,0,0,26214,60.0,0.0,0.0,0.0,0.0,0.0
2026-05-17T18:43:39,ERR,ERR,ERR,ERR,ERR,ERR,ERR,ERR,ERR,ERR,ERR,ERR,ERR,ERR,ERR,ERR,ERR,ERR,ERR,ERR,ERR,ERR,ERR,ERR,ERR,ERR,ERR,ERR,ERR,ERR,ERR,ERR,ERR,ERR,ERR,ERR,ERR,ERR,ERR,ERR,ERR,ERR,ERR,ERR,ERR,ERR,ERR,ERR,ERR,ERR,ERR,ERR,ERR,ERR,ERR,ERR,ERR,ERR,ERR,ERR,ERR,ERR,ERR,ERR,ERR,ERR,ERR,ERR,ERR,ERR,ERR,ERR,ERR,ERR,ERR,ERR,ERR,ERR,ERR,ERR,ERR,ERR,ERR,ERR,ERR,ERR,ERR,ERR,ERR,ERR,ERR,ERR,ERR,ERR,ERR,ERR,ERR,ERR,ERR,ERR,ERR,ERR,ERR,ERR,ERR,ERR,ERR,ERR,ERR,ERR,ERR,ERR,ERR,ERR,ERR,ERR,ERR,ERR,ERR,ERR,ERR,ERR,ERR,ERR,ERR,0.0,0.0,0.0,0.0,0.0,1.3936040501711995e+18,7.805,0.0,0,0,4,0,8422,0.0,45,0.0,0.0,0.0,0.0,0.0,0,0,0,0,0.0,0,0,0,0,0,0,0,0,0,0,0,0,0,0,0,0,0,0,0,0,0,0,0,0,0,0,0,0,0,0,0,0,0,38,14,7,45,65476,0,300,0,0,8,21553,0.0,-107605600.0,0.0,0.0,0.0,0.0,0.0,0.0,0.0,0.0,0.0,0.0,0.0,0.0,0.0,0.0,0.0,0.0,0.0,0.0,0.0,0.0,0.0,2.004,-0.0,0.0,0.0,0.0,0.0,0.0,4989.0,-0.0,0.0,0.0,0.0,-107615280.0,2.718429300292151e+23,0.0,0.0,0.0,0.0,53,-0.0,126840528896.0,0.0,0.0,0.0,0.0,0.0,0.0,0.0,0,0,0,0.0,0.0,0.0,0.0,0.0,0.0,0.0,0.0,0.0,0.0,0.0,0.0,0.0,0.0,0.0,0.0,0,-107875648.0,53,0.0,106,-107614832.0,0.0,ERR,ERR,ERR,ERR,ERR,ERR,ERR,ERR,ERR,ERR,ERR,ERR,ERR,ERR,ERR,ERR,ERR,ERR,ERR,ERR,ERR,ERR,ERR,ERR,ERR,ERR,ERR,ERR,ERR,ERR,ERR,ERR,ERR,ERR,ERR,ERR,ERR,ERR,ERR,ERR,ERR,ERR,ERR,ERR,ERR,ERR,ERR,ERR,ERR,ERR,ERR,ERR,ERR,ERR,ERR,ERR,ERR,ERR,ERR,ERR,ERR,ERR,ERR,ERR,ERR,ERR,ERR,50.0,60.0,100,0.0,0.0,0.0,0.0,0.0,0.0,0.0,0.0,0.0,0.0,0.0,0.0,0.0,0.0,0.0,0.0,62.0,73,14,65513,50,65476,0,300,0,0,8,20529,65476,0,0,26214,60.0,0.0,0.0,0.0,0.0,0.0
2026-05-17T18:43:40,ERR,ERR,ERR,ERR,ERR,ERR,ERR,ERR,ERR,ERR,ERR,ERR,ERR,ERR,ERR,ERR,ERR,ERR,ERR,ERR,ERR,ERR,ERR,ERR,ERR,ERR,ERR,ERR,ERR,ERR,ERR,ERR,ERR,ERR,ERR,ERR,ERR,ERR,ERR,ERR,ERR,ERR,ERR,ERR,ERR,ERR,ERR,ERR,ERR,ERR,ERR,ERR,ERR,ERR,ERR,ERR,ERR,ERR,ERR,ERR,ERR,ERR,ERR,ERR,ERR,ERR,ERR,ERR,ERR,ERR,ERR,ERR,ERR,ERR,ERR,ERR,ERR,ERR,ERR,ERR,ERR,ERR,ERR,ERR,ERR,ERR,ERR,ERR,ERR,ERR,ERR,ERR,ERR,ERR,ERR,ERR,ERR,ERR,ERR,ERR,ERR,ERR,ERR,ERR,ERR,ERR,ERR,ERR,ERR,ERR,ERR,ERR,ERR,ERR,ERR,ERR,ERR,ERR,ERR,ERR,ERR,ERR,ERR,ERR,ERR,0.0,0.0,-134474944.0,0.0,0.0,1.3936040501711995e+18,7.805,0.0,0,0,4,0,8422,0.0,45,0.0,0.0,0.0,0.0,0.0,0,0,0,0,0.0,0,0,0,0,0,0,0,0,0,0,0,0,0,0,0,0,0,0,0,0,0,0,0,0,0,0,0,0,0,0,0,0,0,38,14,7,45,65476,0,300,0,0,8,21553,0.0,-107605600.0,0.0,0.0,0.0,0.0,0.0,0.0,0.0,0.0,0.0,0.0,0.0,0.0,0.0,0.0,0.0,0.0,0.0,0.0,0.0,0.0,2.004,2.004,-0.0,0.0,0.0,0.0,0.0,0.0,4984.0,1.0406652570629681e+34,0.0,0.0,0.0,-107615280.0,2.718429300292151e+23,0.0,0.0,0.0,0.0,53,-0.0,0.0,0.0,0.0,0.0,0.0,0.0,0.0,0.0,0,0,0,0.0,0.0,0.0,0.0,0.0,0.0,0.0,0.0,0.0,0.0,0.0,0.0,0.0,0.0,0.0,0.0,0,-107875648.0,53,0.0,106,-107614832.0,0.0,ERR,ERR,ERR,ERR,ERR,ERR,ERR,ERR,ERR,ERR,ERR,ERR,ERR,ERR,ERR,ERR,ERR,ERR,ERR,ERR,ERR,ERR,ERR,ERR,ERR,ERR,ERR,ERR,ERR,ERR,ERR,ERR,ERR,ERR,ERR,ERR,ERR,ERR,ERR,ERR,ERR,ERR,ERR,ERR,ERR,ERR,ERR,ERR,ERR,ERR,ERR,ERR,ERR,ERR,ERR,ERR,ERR,ERR,ERR,ERR,ERR,ERR,ERR,ERR,ERR,ERR,ERR,50.0,60.0,100,0.0,0.0,0.0,0.0,0.0,0.0,0.0,0.0,0.0,0.0,0.0,0.0,0.0,0.0,0.0,0.0,61.6,73,14,65513,50,65476,0,300,0,0,8,20529,65476,0,0,26214,60.0,0.0,0.0,0.0,0.0,0.0
2026-05-17T18:43:41,ERR,ERR,ERR,ERR,ERR,ERR,ERR,ERR,ERR,ERR,ERR,ERR,ERR,ERR,ERR,ERR,ERR,ERR,ERR,ERR,ERR,ERR,ERR,ERR,ERR,ERR,ERR,ERR,ERR,ERR,ERR,ERR,ERR,ERR,ERR,ERR,ERR,ERR,ERR,ERR,ERR,ERR,ERR,ERR,ERR,ERR,ERR,ERR,ERR,ERR,ERR,ERR,ERR,ERR,ERR,ERR,ERR,ERR,ERR,ERR,ERR,ERR,ERR,ERR,ERR,ERR,ERR,ERR,ERR,ERR,ERR,ERR,ERR,ERR,ERR,ERR,ERR,ERR,ERR,ERR,ERR,ERR,ERR,ERR,ERR,ERR,ERR,ERR,ERR,ERR,ERR,ERR,ERR,ERR,ERR,ERR,ERR,ERR,ERR,ERR,ERR,ERR,ERR,ERR,ERR,ERR,ERR,ERR,ERR,ERR,ERR,ERR,ERR,ERR,ERR,ERR,ERR,ERR,ERR,ERR,ERR,ERR,ERR,ERR,ERR,0.0,0.0,-134474944.0,0.0,0.0,1.3936040501711995e+18,7.805,0.0,0,0,4,0,8422,0.0,45,0.0,0.0,0.0,0.0,0.0,0,0,0,0,0.0,0,0,0,0,0,0,0,0,0,0,0,0,0,0,0,0,0,0,0,0,0,0,0,0,0,0,0,0,0,0,0,0,0,38,14,7,45,65476,0,300,0,0,8,21553,0.0,-107605600.0,0.0,0.0,0.0,0.0,0.0,0.0,0.0,0.0,0.0,0.0,0.0,0.0,0.0,0.0,0.0,0.0,0.0,0.0,0.0,0.0,2.004,2.004,-0.0,0.0,0.0,0.0,0.0,0.0,4984.0,1.0406652570629681e+34,0.0,0.0,0.0,-107615280.0,2.718429300292151e+23,0.0,0.0,0.0,0.0,53,-0.0,0.0,0.0,0.0,0.0,0.0,0.0,0.0,0.0,0,0,0,0.0,0.0,0.0,0.0,0.0,0.0,0.0,0.0,0.0,0.0,0.0,0.0,0.0,0.0,0.0,0.0,0,-107875648.0,53,0.0,106,-107614832.0,0.0,ERR,ERR,ERR,ERR,ERR,ERR,ERR,ERR,ERR,ERR,ERR,ERR,ERR,ERR,ERR,ERR,ERR,ERR,ERR,ERR,ERR,ERR,ERR,ERR,ERR,ERR,ERR,ERR,ERR,ERR,ERR,ERR,ERR,ERR,ERR,ERR,ERR,ERR,ERR,ERR,ERR,ERR,ERR,ERR,ERR,ERR,ERR,ERR,ERR,ERR,ERR,ERR,ERR,ERR,ERR,ERR,ERR,ERR,ERR,ERR,ERR,ERR,ERR,ERR,ERR,ERR,ERR,50.0,60.0,100,0.0,0.0,0.0,0.0,0.0,0.0,0.0,0.0,0.0,0.0,0.0,0.0,0.0,0.0,0.0,0.0,61.6,73,14,65513,50,65476,0,300,0,0,8,20529,65476,0,0,26214,60.0,0.0,0.0,0.0,0.0,0.0
2026-05-17T18:43:42,ERR,ERR,ERR,ERR,ERR,ERR,ERR,ERR,ERR,ERR,ERR,ERR,ERR,ERR,ERR,ERR,ERR,ERR,ERR,ERR,ERR,ERR,ERR,ERR,ERR,ERR,ERR,ERR,ERR,ERR,ERR,ERR,ERR,ERR,ERR,ERR,ERR,ERR,ERR,ERR,ERR,ERR,ERR,ERR,ERR,ERR,ERR,ERR,ERR,ERR,ERR,ERR,ERR,ERR,ERR,ERR,ERR,ERR,ERR,ERR,ERR,ERR,ERR,ERR,ERR,ERR,ERR,ERR,ERR,ERR,ERR,ERR,ERR,ERR,ERR,ERR,ERR,ERR,ERR,ERR,ERR,ERR,ERR,ERR,ERR,ERR,ERR,ERR,ERR,ERR,ERR,ERR,ERR,ERR,ERR,ERR,ERR,ERR,ERR,ERR,ERR,ERR,ERR,ERR,ERR,ERR,ERR,ERR,ERR,ERR,ERR,ERR,ERR,ERR,ERR,ERR,ERR,ERR,ERR,ERR,ERR,ERR,ERR,ERR,ERR,0.0,0.0,-134474944.0,0.0,0.0,1.3936040501711995e+18,7.805,0.0,0,0,4,0,8422,0.0,45,0.0,0.0,0.0,0.0,0.0,0,0,0,0,0.0,0,0,0,0,0,0,0,0,0,0,0,0,0,0,0,0,0,0,0,0,0,0,0,0,0,0,0,0,0,0,0,0,0,38,14,7,45,65476,0,300,0,0,8,21553,0.0,-107605600.0,0.0,0.0,0.0,0.0,0.0,0.0,0.0,0.0,0.0,0.0,0.0,0.0,0.0,0.0,0.0,0.0,0.0,0.0,0.0,0.0,2.004,2.004,-0.0,0.0,0.0,0.0,0.0,0.0,4984.0,1.0406652570629681e+34,0.0,0.0,0.0,-107615280.0,2.718429300292151e+23,0.0,0.0,0.0,0.0,53,-0.0,0.0,0.0,0.0,0.0,0.0,0.0,0.0,0.0,0,0,0,0.0,0.0,0.0,0.0,0.0,0.0,0.0,0.0,0.0,0.0,0.0,0.0,0.0,0.0,0.0,0.0,0,-107875648.0,53,0.0,106,-107614832.0,0.0,ERR,ERR,ERR,ERR,ERR,ERR,ERR,ERR,ERR,ERR,ERR,ERR,ERR,ERR,ERR,ERR,ERR,ERR,ERR,ERR,ERR,ERR,ERR,ERR,ERR,ERR,ERR,ERR,ERR,ERR,ERR,ERR,ERR,ERR,ERR,ERR,ERR,ERR,ERR,ERR,ERR,ERR,ERR,ERR,ERR,ERR,ERR,ERR,ERR,ERR,ERR,ERR,ERR,ERR,ERR,ERR,ERR,ERR,ERR,ERR,ERR,ERR,ERR,ERR,ERR,ERR,ERR,50.0,60.0,100,0.0,0.0,0.0,0.0,0.0,0.0,0.0,0.0,0.0,0.0,0.0,0.0,0.0,0.0,0.0,0.0,61.6,73,14,65513,50,65476,0,300,0,0,8,20529,65476,0,0,26214,60.0,0.0,0.0,0.0,0.0,0.0
2026-05-17T18:43:43,ERR,ERR,ERR,ERR,ERR,ERR,ERR,ERR,ERR,ERR,ERR,ERR,ERR,ERR,ERR,ERR,ERR,ERR,ERR,ERR,ERR,ERR,ERR,ERR,ERR,ERR,ERR,ERR,ERR,ERR,ERR,ERR,ERR,ERR,ERR,ERR,ERR,ERR,ERR,ERR,ERR,ERR,ERR,ERR,ERR,ERR,ERR,ERR,ERR,ERR,ERR,ERR,ERR,ERR,ERR,ERR,ERR,ERR,ERR,ERR,ERR,ERR,ERR,ERR,ERR,ERR,ERR,ERR,ERR,ERR,ERR,ERR,ERR,ERR,ERR,ERR,ERR,ERR,ERR,ERR,ERR,ERR,ERR,ERR,ERR,ERR,ERR,ERR,ERR,ERR,ERR,ERR,ERR,ERR,ERR,ERR,ERR,ERR,ERR,ERR,ERR,ERR,ERR,ERR,ERR,ERR,ERR,ERR,ERR,ERR,ERR,ERR,ERR,ERR,ERR,ERR,ERR,ERR,ERR,ERR,ERR,ERR,ERR,ERR,ERR,0.0,0.0,-134474944.0,0.0,0.0,1.3936040501711995e+18,7.805,0.0,0,0,4,0,8422,0.0,45,0.0,0.0,0.0,0.0,0.0,0,0,0,0,0.0,0,0,0,0,0,0,0,0,0,0,0,0,0,0,0,0,0,0,0,0,0,0,0,0,0,0,0,0,0,0,0,0,0,38,14,7,45,65476,0,300,0,0,8,21553,0.0,-107605600.0,0.0,0.0,0.0,0.0,0.0,0.0,0.0,0.0,0.0,0.0,0.0,0.0,0.0,0.0,0.0,0.0,0.0,0.0,0.0,0.0,2.004,2.004,-0.0,0.0,0.0,0.0,0.0,0.0,4984.0,1.0406652570629681e+34,0.0,0.0,0.0,-107615280.0,2.718429300292151e+23,0.0,0.0,0.0,0.0,53,-0.0,0.0,0.0,0.0,0.0,0.0,0.0,0.0,0.0,0,0,0,0.0,0.0,0.0,0.0,0.0,0.0,0.0,0.0,0.0,0.0,0.0,0.0,0.0,0.0,0.0,0.0,0,-107875648.0,53,0.0,106,-107614832.0,0.0,ERR,ERR,ERR,ERR,ERR,ERR,ERR,ERR,ERR,ERR,ERR,ERR,ERR,ERR,ERR,ERR,ERR,ERR,ERR,ERR,ERR,ERR,ERR,ERR,ERR,ERR,ERR,ERR,ERR,ERR,ERR,ERR,ERR,ERR,ERR,ERR,ERR,ERR,ERR,ERR,ERR,ERR,ERR,ERR,ERR,ERR,ERR,ERR,ERR,ERR,ERR,ERR,ERR,ERR,ERR,ERR,ERR,ERR,ERR,ERR,ERR,ERR,ERR,ERR,ERR,ERR,ERR,50.0,60.0,100,0.0,0.0,0.0,0.0,0.0,0.0,0.0,0.0,0.0,0.0,0.0,0.0,0.0,0.0,0.0,0.0,61.6,73,14,65513,50,65476,0,300,0,0,8,20529,65476,0,0,26214,60.0,0.0,0.0,0.0,0.0,0.0
2026-05-17T18:43:44,ERR,ERR,ERR,ERR,ERR,ERR,ERR,ERR,ERR,ERR,ERR,ERR,ERR,ERR,ERR,ERR,ERR,ERR,ERR,ERR,ERR,ERR,ERR,ERR,ERR,ERR,ERR,ERR,ERR,ERR,ERR,ERR,ERR,ERR,ERR,ERR,ERR,ERR,ERR,ERR,ERR,ERR,ERR,ERR,ERR,ERR,ERR,ERR,ERR,ERR,ERR,ERR,ERR,ERR,ERR,ERR,ERR,ERR,ERR,ERR,ERR,ERR,ERR,ERR,ERR,ERR,ERR,ERR,ERR,ERR,ERR,ERR,ERR,ERR,ERR,ERR,ERR,ERR,ERR,ERR,ERR,ERR,ERR,ERR,ERR,ERR,ERR,ERR,ERR,ERR,ERR,ERR,ERR,ERR,ERR,ERR,ERR,ERR,ERR,ERR,ERR,ERR,ERR,ERR,ERR,ERR,ERR,ERR,ERR,ERR,ERR,ERR,ERR,ERR,ERR,ERR,ERR,ERR,ERR,ERR,ERR,ERR,ERR,ERR,ERR,0.0,0.0,-134474944.0,0.0,0.0,1.3936040501711995e+18,7.805,0.0,0,0,4,0,8422,0.0,45,0.0,0.0,0.0,0.0,0.0,0,0,0,0,0.0,0,0,0,0,0,0,0,0,0,0,0,0,0,0,0,0,0,0,0,0,0,0,0,0,0,0,0,0,0,0,0,0,0,38,14,7,45,65476,0,300,0,0,8,21553,0.0,-107605600.0,0.0,0.0,0.0,0.0,0.0,0.0,0.0,0.0,0.0,0.0,0.0,0.0,0.0,0.0,0.0,0.0,0.0,0.0,0.0,0.0,2.004,2.004,-0.0,0.0,0.0,0.0,0.0,0.0,4984.0,1.0406652570629681e+34,0.0,0.0,0.0,-107615280.0,2.718429300292151e+23,0.0,0.0,0.0,0.0,53,-0.0,0.0,0.0,0.0,0.0,0.0,0.0,0.0,0.0,0,0,0,0.0,0.0,0.0,0.0,0.0,0.0,0.0,0.0,0.0,0.0,0.0,0.0,0.0,0.0,0.0,0.0,0,-107875648.0,53,0.0,106,-107614832.0,0.0,ERR,ERR,ERR,ERR,ERR,ERR,ERR,ERR,ERR,ERR,ERR,ERR,ERR,ERR,ERR,ERR,ERR,ERR,ERR,ERR,ERR,ERR,ERR,ERR,ERR,ERR,ERR,ERR,ERR,ERR,ERR,ERR,ERR,ERR,ERR,ERR,ERR,ERR,ERR,ERR,ERR,ERR,ERR,ERR,ERR,ERR,ERR,ERR,ERR,ERR,ERR,ERR,ERR,ERR,ERR,ERR,ERR,ERR,ERR,ERR,ERR,ERR,ERR,ERR,ERR,ERR,ERR,50.0,60.0,100,0.0,0.0,0.0,0.0,0.0,0.0,0.0,0.0,0.0,0.0,0.0,0.0,0.0,0.0,0.0,0.0,61.6,73,14,65513,50,65476,0,300,0,0,8,20529,65476,0,0,26214,60.0,0.0,0.0,0.0,0.0,0.0
2026-05-17T18:43:45,ERR,ERR,ERR,ERR,ERR,ERR,ERR,ERR,ERR,ERR,ERR,ERR,ERR,ERR,ERR,ERR,ERR,ERR,ERR,ERR,ERR,ERR,ERR,ERR,ERR,ERR,ERR,ERR,ERR,ERR,ERR,ERR,ERR,ERR,ERR,ERR,ERR,ERR,ERR,ERR,ERR,ERR,ERR,ERR,ERR,ERR,ERR,ERR,ERR,ERR,ERR,ERR,ERR,ERR,ERR,ERR,ERR,ERR,ERR,ERR,ERR,ERR,ERR,ERR,ERR,ERR,ERR,ERR,ERR,ERR,ERR,ERR,ERR,ERR,ERR,ERR,ERR,ERR,ERR,ERR,ERR,ERR,ERR,ERR,ERR,ERR,ERR,ERR,ERR,ERR,ERR,ERR,ERR,ERR,ERR,ERR,ERR,ERR,ERR,ERR,ERR,ERR,ERR,ERR,ERR,ERR,ERR,ERR,ERR,ERR,ERR,ERR,ERR,ERR,ERR,ERR,ERR,ERR,ERR,ERR,ERR,ERR,ERR,ERR,ERR,0.0,0.0,-134474944.0,0.0,0.0,1.3936040501711995e+18,7.805,0.0,0,0,4,0,8422,0.0,45,0.0,0.0,0.0,0.0,0.0,0,0,0,0,0.0,0,0,0,0,0,0,0,0,0,0,0,0,0,0,0,0,0,0,0,0,0,0,0,0,0,0,0,0,0,0,0,0,0,38,14,7,45,65476,0,300,0,0,8,21553,0.0,-107605600.0,0.0,0.0,0.0,0.0,0.0,0.0,0.0,0.0,0.0,0.0,0.0,0.0,0.0,0.0,0.0,0.0,0.0,0.0,0.0,0.0,0.0,2.004,-0.0,0.0,0.0,0.0,0.0,0.0,4981.0,1.0406652570629681e+34,0.0,0.0,0.0,-107615280.0,2.718429300292151e+23,0.0,0.0,0.0,0.0,53,-0.0,0.0,0.0,0.0,0.0,0.0,0.0,0.0,0.0,0,0,0,0.0,0.0,0.0,0.0,0.0,0.0,0.0,0.0,0.0,0.0,0.0,0.0,0.0,0.0,0.0,0.0,0,-107875648.0,53,0.0,106,-107614832.0,0.0,ERR,ERR,ERR,ERR,ERR,ERR,ERR,ERR,ERR,ERR,ERR,ERR,ERR,ERR,ERR,ERR,ERR,ERR,ERR,ERR,ERR,ERR,ERR,ERR,ERR,ERR,ERR,ERR,ERR,ERR,ERR,ERR,ERR,ERR,ERR,ERR,ERR,ERR,ERR,ERR,ERR,ERR,ERR,ERR,ERR,ERR,ERR,ERR,ERR,ERR,ERR,ERR,ERR,ERR,ERR,ERR,ERR,ERR,ERR,ERR,ERR,ERR,ERR,ERR,ERR,ERR,ERR,50.0,60.0,100,0.0,0.0,0.0,0.0,0.0,0.0,0.0,0.0,0.0,0.0,0.0,0.0,0.0,0.0,0.0,0.0,61.6,73,14,65513,50,65476,0,300,0,0,8,20529,65476,0,0,26214,60.0,0.0,0.0,0.0,0.0,0.0
2026-05-17T18:43:46,ERR,ERR,ERR,ERR,ERR,ERR,ERR,ERR,ERR,ERR,ERR,ERR,ERR,ERR,ERR,ERR,ERR,ERR,ERR,ERR,ERR,ERR,ERR,ERR,ERR,ERR,ERR,ERR,ERR,ERR,ERR,ERR,ERR,ERR,ERR,ERR,ERR,ERR,ERR,ERR,ERR,ERR,ERR,ERR,ERR,ERR,ERR,ERR,ERR,ERR,ERR,ERR,ERR,ERR,ERR,ERR,ERR,ERR,ERR,ERR,ERR,ERR,ERR,ERR,ERR,ERR,ERR,ERR,ERR,ERR,ERR,ERR,ERR,ERR,ERR,ERR,ERR,ERR,ERR,ERR,ERR,ERR,ERR,ERR,ERR,ERR,ERR,ERR,ERR,ERR,ERR,ERR,ERR,ERR,ERR,ERR,ERR,ERR,ERR,ERR,ERR,ERR,ERR,ERR,ERR,ERR,ERR,ERR,ERR,ERR,ERR,ERR,ERR,ERR,ERR,ERR,ERR,ERR,ERR,ERR,ERR,ERR,ERR,ERR,ERR,0.0,0.0,-134474944.0,0.0,0.0,1.3936040501711995e+18,7.805,0.0,0,0,4,0,8422,0.0,45,0.0,0.0,0.0,0.0,0.0,0,0,0,0,0.0,0,0,0,0,0,0,0,0,0,0,0,0,0,0,0,0,0,0,0,0,0,0,0,0,0,0,0,0,0,0,0,0,0,38,14,7,45,65476,0,300,0,0,8,21553,0.0,-107605600.0,0.0,0.0,0.0,0.0,0.0,0.0,0.0,0.0,0.0,0.0,0.0,0.0,0.0,0.0,0.0,0.0,0.0,0.0,0.0,0.0,0.0,2.004,-0.0,0.0,0.0,0.0,0.0,0.0,4981.0,1.0406652570629681e+34,0.0,0.0,0.0,-107615280.0,2.718429300292151e+23,0.0,0.0,0.0,0.0,53,-0.0,0.0,0.0,0.0,0.0,0.0,0.0,0.0,0.0,0,0,0,0.0,0.0,0.0,0.0,0.0,0.0,0.0,0.0,0.0,0.0,0.0,0.0,0.0,0.0,0.0,0.0,0,-107875648.0,53,0.0,106,-107614832.0,0.0,ERR,ERR,ERR,ERR,ERR,ERR,ERR,ERR,ERR,ERR,ERR,ERR,ERR,ERR,ERR,ERR,ERR,ERR,ERR,ERR,ERR,ERR,ERR,ERR,ERR,ERR,ERR,ERR,ERR,ERR,ERR,ERR,ERR,ERR,ERR,ERR,ERR,ERR,ERR,ERR,ERR,ERR,ERR,ERR,ERR,ERR,ERR,ERR,ERR,ERR,ERR,ERR,ERR,ERR,ERR,ERR,ERR,ERR,ERR,ERR,ERR,ERR,ERR,ERR,ERR,ERR,ERR,50.0,60.0,100,0.0,0.0,0.0,0.0,0.0,0.0,0.0,0.0,0.0,0.0,0.0,0.0,0.0,0.0,0.0,0.0,61.6,73,14,65513,50,65476,0,300,0,0,8,20529,65476,0,0,26214,60.0,0.0,0.0,0.0,0.0,0.0
2026-05-17T18:43:47,ERR,ERR,ERR,ERR,ERR,ERR,ERR,ERR,ERR,ERR,ERR,ERR,ERR,ERR,ERR,ERR,ERR,ERR,ERR,ERR,ERR,ERR,ERR,ERR,ERR,ERR,ERR,ERR,ERR,ERR,ERR,ERR,ERR,ERR,ERR,ERR,ERR,ERR,ERR,ERR,ERR,ERR,ERR,ERR,ERR,ERR,ERR,ERR,ERR,ERR,ERR,ERR,ERR,ERR,ERR,ERR,ERR,ERR,ERR,ERR,ERR,ERR,ERR,ERR,ERR,ERR,ERR,ERR,ERR,ERR,ERR,ERR,ERR,ERR,ERR,ERR,ERR,ERR,ERR,ERR,ERR,ERR,ERR,ERR,ERR,ERR,ERR,ERR,ERR,ERR,ERR,ERR,ERR,ERR,ERR,ERR,ERR,ERR,ERR,ERR,ERR,ERR,ERR,ERR,ERR,ERR,ERR,ERR,ERR,ERR,ERR,ERR,ERR,ERR,ERR,ERR,ERR,ERR,ERR,ERR,ERR,ERR,ERR,ERR,ERR,0.0,0.0,-134474944.0,0.0,0.0,1.3936040501711995e+18,7.805,0.0,0,0,4,0,8422,0.0,45,0.0,0.0,0.0,0.0,0.0,0,0,0,0,0.0,0,0,0,0,0,0,0,0,0,0,0,0,0,0,0,0,0,0,0,0,0,0,0,0,0,0,0,0,0,0,0,0,0,38,14,7,45,65476,0,300,0,0,8,21553,0.0,-107605600.0,0.0,0.0,0.0,0.0,0.0,0.0,0.0,0.0,0.0,0.0,0.0,0.0,0.0,0.0,0.0,0.0,0.0,0.0,0.0,0.0,0.0,2.004,-0.0,0.0,0.0,0.0,0.0,0.0,4981.0,1.0406652570629681e+34,0.0,0.0,0.0,-107615280.0,2.718429300292151e+23,0.0,0.0,0.0,0.0,53,-0.0,0.0,0.0,0.0,0.0,0.0,0.0,0.0,0.0,0,0,0,0.0,0.0,0.0,0.0,0.0,0.0,0.0,0.0,0.0,0.0,0.0,0.0,0.0,0.0,0.0,0.0,0,-107875648.0,53,0.0,106,-107614832.0,0.0,ERR,ERR,ERR,ERR,ERR,ERR,ERR,ERR,ERR,ERR,ERR,ERR,ERR,ERR,ERR,ERR,ERR,ERR,ERR,ERR,ERR,ERR,ERR,ERR,ERR,ERR,ERR,ERR,ERR,ERR,ERR,ERR,ERR,ERR,ERR,ERR,ERR,ERR,ERR,ERR,ERR,ERR,ERR,ERR,ERR,ERR,ERR,ERR,ERR,ERR,ERR,ERR,ERR,ERR,ERR,ERR,ERR,ERR,ERR,ERR,ERR,ERR,ERR,ERR,ERR,ERR,ERR,50.0,60.0,100,0.0,0.0,0.0,0.0,0.0,0.0,0.0,0.0,0.0,0.0,0.0,0.0,0.0,0.0,0.0,0.0,61.6,73,14,65513,50,65476,0,300,0,0,8,20529,65476,0,0,26214,60.0,0.0,0.0,0.0,0.0,0.0
2026-05-17T18:43:48,ERR,ERR,ERR,ERR,ERR,ERR,ERR,ERR,ERR,ERR,ERR,ERR,ERR,ERR,ERR,ERR,ERR,ERR,ERR,ERR,ERR,ERR,ERR,ERR,ERR,ERR,ERR,ERR,ERR,ERR,ERR,ERR,ERR,ERR,ERR,ERR,ERR,ERR,ERR,ERR,ERR,ERR,ERR,ERR,ERR,ERR,ERR,ERR,ERR,ERR,ERR,ERR,ERR,ERR,ERR,ERR,ERR,ERR,ERR,ERR,ERR,ERR,ERR,ERR,ERR,ERR,ERR,ERR,ERR,ERR,ERR,ERR,ERR,ERR,ERR,ERR,ERR,ERR,ERR,ERR,ERR,ERR,ERR,ERR,ERR,ERR,ERR,ERR,ERR,ERR,ERR,ERR,ERR,ERR,ERR,ERR,ERR,ERR,ERR,ERR,ERR,ERR,ERR,ERR,ERR,ERR,ERR,ERR,ERR,ERR,ERR,ERR,ERR,ERR,ERR,ERR,ERR,ERR,ERR,ERR,ERR,ERR,ERR,ERR,ERR,0.0,0.0,-134474944.0,0.0,0.0,1.3936040501711995e+18,7.805,0.0,0,0,4,0,8422,0.0,45,0.0,0.0,0.0,0.0,0.0,0,0,0,0,0.0,0,0,0,0,0,0,0,0,0,0,0,0,0,0,0,0,0,0,0,0,0,0,0,0,0,0,0,0,0,0,0,0,0,38,14,7,45,65476,0,300,0,0,8,21553,0.0,-107605600.0,0.0,0.0,0.0,0.0,0.0,0.0,0.0,0.0,0.0,0.0,0.0,0.0,0.0,0.0,0.0,0.0,0.0,0.0,0.0,0.0,0.0,2.004,-0.0,0.0,0.0,0.0,0.0,0.0,4981.0,1.0406652570629681e+34,0.0,0.0,0.0,-107615280.0,2.718429300292151e+23,0.0,0.0,0.0,0.0,53,-0.0,0.0,0.0,0.0,0.0,0.0,0.0,0.0,0.0,0,0,0,0.0,0.0,0.0,0.0,0.0,0.0,0.0,0.0,0.0,0.0,0.0,0.0,0.0,0.0,0.0,0.0,0,-107875648.0,53,0.0,106,-107614832.0,0.0,ERR,ERR,ERR,ERR,ERR,ERR,ERR,ERR,ERR,ERR,ERR,ERR,ERR,ERR,ERR,ERR,ERR,ERR,ERR,ERR,ERR,ERR,ERR,ERR,ERR,ERR,ERR,ERR,ERR,ERR,ERR,ERR,ERR,ERR,ERR,ERR,ERR,ERR,ERR,ERR,ERR,ERR,ERR,ERR,ERR,ERR,ERR,ERR,ERR,ERR,ERR,ERR,ERR,ERR,ERR,ERR,ERR,ERR,ERR,ERR,ERR,ERR,ERR,ERR,ERR,ERR,ERR,50.0,60.0,100,0.0,0.0,0.0,0.0,0.0,0.0,0.0,0.0,0.0,0.0,0.0,0.0,0.0,0.0,0.0,0.0,61.6,73,14,65513,50,65476,0,300,0,0,8,20529,65476,0,0,26214,60.0,0.0,0.0,0.0,0.0,0.0
2026-05-17T18:43:49,ERR,ERR,ERR,ERR,ERR,ERR,ERR,ERR,ERR,ERR,ERR,ERR,ERR,ERR,ERR,ERR,ERR,ERR,ERR,ERR,ERR,ERR,ERR,ERR,ERR,ERR,ERR,ERR,ERR,ERR,ERR,ERR,ERR,ERR,ERR,ERR,ERR,ERR,ERR,ERR,ERR,ERR,ERR,ERR,ERR,ERR,ERR,ERR,ERR,ERR,ERR,ERR,ERR,ERR,ERR,ERR,ERR,ERR,ERR,ERR,ERR,ERR,ERR,ERR,ERR,ERR,ERR,ERR,ERR,ERR,ERR,ERR,ERR,ERR,ERR,ERR,ERR,ERR,ERR,ERR,ERR,ERR,ERR,ERR,ERR,ERR,ERR,ERR,ERR,ERR,ERR,ERR,ERR,ERR,ERR,ERR,ERR,ERR,ERR,ERR,ERR,ERR,ERR,ERR,ERR,ERR,ERR,ERR,ERR,ERR,ERR,ERR,ERR,ERR,ERR,ERR,ERR,ERR,ERR,ERR,ERR,ERR,ERR,ERR,ERR,0.0,0.0,-134474944.0,0.0,0.0,1.3936040501711995e+18,7.805,0.0,0,0,4,0,8422,0.0,45,0.0,0.0,0.0,0.0,0.0,0,0,0,0,0.0,0,0,0,0,0,0,0,0,0,0,0,0,0,0,0,0,0,0,0,0,0,0,0,0,0,0,0,0,0,0,0,0,0,38,14,7,45,65476,0,300,0,0,8,21553,0.0,-107605600.0,0.0,0.0,0.0,0.0,0.0,0.0,0.0,0.0,0.0,0.0,0.0,0.0,0.0,0.0,0.0,0.0,0.0,0.0,0.0,0.0,0.0,2.004,-0.0,0.0,0.0,0.0,0.0,0.0,4981.0,1.0406652570629681e+34,0.0,0.0,0.0,-107615280.0,2.718429300292151e+23,0.0,0.0,0.0,0.0,53,-0.0,0.0,0.0,0.0,0.0,0.0,0.0,0.0,0.0,0,0,0,0.0,0.0,0.0,0.0,0.0,0.0,0.0,0.0,0.0,0.0,0.0,0.0,0.0,0.0,0.0,0.0,0,-107875648.0,53,0.0,106,-107614832.0,0.0,ERR,ERR,ERR,ERR,ERR,ERR,ERR,ERR,ERR,ERR,ERR,ERR,ERR,ERR,ERR,ERR,ERR,ERR,ERR,ERR,ERR,ERR,ERR,ERR,ERR,ERR,ERR,ERR,ERR,ERR,ERR,ERR,ERR,ERR,ERR,ERR,ERR,ERR,ERR,ERR,ERR,ERR,ERR,ERR,ERR,ERR,ERR,ERR,ERR,ERR,ERR,ERR,ERR,ERR,ERR,ERR,ERR,ERR,ERR,ERR,ERR,ERR,ERR,ERR,ERR,ERR,ERR,50.0,60.0,100,0.0,0.0,0.0,0.0,0.0,0.0,0.0,0.0,0.0,0.0,0.0,0.0,0.0,0.0,0.0,0.0,61.6,73,14,65513,50,65476,0,300,0,0,8,20529,65476,0,0,26214,60.0,0.0,0.0,0.0,0.0,0.0
2026-05-17T18:43:50,ERR,ERR,ERR,ERR,ERR,ERR,ERR,ERR,ERR,ERR,ERR,ERR,ERR,ERR,ERR,ERR,ERR,ERR,ERR,ERR,ERR,ERR,ERR,ERR,ERR,ERR,ERR,ERR,ERR,ERR,ERR,ERR,ERR,ERR,ERR,ERR,ERR,ERR,ERR,ERR,ERR,ERR,ERR,ERR,ERR,ERR,ERR,ERR,ERR,ERR,ERR,ERR,ERR,ERR,ERR,ERR,ERR,ERR,ERR,ERR,ERR,ERR,ERR,ERR,ERR,ERR,ERR,ERR,ERR,ERR,ERR,ERR,ERR,ERR,ERR,ERR,ERR,ERR,ERR,ERR,ERR,ERR,ERR,ERR,ERR,ERR,ERR,ERR,ERR,ERR,ERR,ERR,ERR,ERR,ERR,ERR,ERR,ERR,ERR,ERR,ERR,ERR,ERR,ERR,ERR,ERR,ERR,ERR,ERR,ERR,ERR,ERR,ERR,ERR,ERR,ERR,ERR,ERR,ERR,ERR,ERR,ERR,ERR,ERR,ERR,0.0,0.0,-134474944.0,0.0,0.0,1.3936040501711995e+18,7.805,0.0,0,0,4,0,8422,0.0,45,0.0,0.0,0.0,0.0,0.0,0,0,0,0,0.0,0,0,0,0,0,0,0,0,0,0,0,0,0,0,0,0,0,0,0,0,0,0,0,0,0,0,0,0,0,0,0,0,0,38,14,7,45,65476,0,300,0,0,8,21553,0.0,-107605600.0,0.0,0.0,0.0,0.0,0.0,0.0,0.0,0.0,0.0,0.0,0.0,0.0,0.0,0.0,0.0,0.0,0.0,0.0,0.0,0.0,2.004,2.004,-0.0,0.0,0.0,0.0,0.0,0.0,4981.0,1.0406652570629681e+34,0.0,0.0,0.0,-107615280.0,2.718429300292151e+23,0.0,0.0,0.0,0.0,53,-0.0,-107614768.0,0.0,0.0,0.0,0.0,0.0,0.0,0.0,0,0,0,0.0,0.0,0.0,0.0,0.0,0.0,0.0,0.0,0.0,0.0,0.0,0.0,0.0,0.0,0.0,0.0,0,-107875648.0,53,0.0,106,-107614832.0,0.0,ERR,ERR,ERR,ERR,ERR,ERR,ERR,ERR,ERR,ERR,ERR,ERR,ERR,ERR,ERR,ERR,ERR,ERR,ERR,ERR,ERR,ERR,ERR,ERR,ERR,ERR,ERR,ERR,ERR,ERR,ERR,ERR,ERR,ERR,ERR,ERR,ERR,ERR,ERR,ERR,ERR,ERR,ERR,ERR,ERR,ERR,ERR,ERR,ERR,ERR,ERR,ERR,ERR,ERR,ERR,ERR,ERR,ERR,ERR,ERR,ERR,ERR,ERR,ERR,ERR,ERR,ERR,50.0,60.0,100,0.0,0.0,0.0,0.0,0.0,0.0,0.0,0.0,0.0,0.0,0.0,0.0,0.0,0.0,0.0,0.0,62.0,73,14,65513,50,65476,0,300,0,0,8,20529,65476,0,0,26214,60.0,0.0,0.0,0.0,0.0,0.0
2026-05-17T18:43:51,ERR,ERR,ERR,ERR,ERR,ERR,ERR,ERR,ERR,ERR,ERR,ERR,ERR,ERR,ERR,ERR,ERR,ERR,ERR,ERR,ERR,ERR,ERR,ERR,ERR,ERR,ERR,ERR,ERR,ERR,ERR,ERR,ERR,ERR,ERR,ERR,ERR,ERR,ERR,ERR,ERR,ERR,ERR,ERR,ERR,ERR,ERR,ERR,ERR,ERR,ERR,ERR,ERR,ERR,ERR,ERR,ERR,ERR,ERR,ERR,ERR,ERR,ERR,ERR,ERR,ERR,ERR,ERR,ERR,ERR,ERR,ERR,ERR,ERR,ERR,ERR,ERR,ERR,ERR,ERR,ERR,ERR,ERR,ERR,ERR,ERR,ERR,ERR,ERR,ERR,ERR,ERR,ERR,ERR,ERR,ERR,ERR,ERR,ERR,ERR,ERR,ERR,ERR,ERR,ERR,ERR,ERR,ERR,ERR,ERR,ERR,ERR,ERR,ERR,ERR,ERR,ERR,ERR,ERR,ERR,ERR,ERR,ERR,ERR,ERR,0.0,0.0,-134474944.0,0.0,0.0,1.3936040501711995e+18,7.805,0.0,0,0,4,0,8422,0.0,45,0.0,0.0,0.0,0.0,0.0,0,0,0,0,0.0,0,0,0,0,0,0,0,0,0,0,0,0,0,0,0,0,0,0,0,0,0,0,0,0,0,0,0,0,0,0,0,0,0,38,14,7,45,65476,0,300,0,0,8,21553,0.0,-107605600.0,0.0,0.0,0.0,0.0,0.0,0.0,0.0,0.0,0.0,0.0,0.0,0.0,0.0,0.0,0.0,0.0,0.0,0.0,0.0,0.0,2.004,2.004,-0.0,0.0,0.0,0.0,0.0,0.0,4981.0,1.0406652570629681e+34,0.0,0.0,0.0,-107615280.0,2.718429300292151e+23,0.0,0.0,0.0,0.0,53,-0.0,-107614768.0,0.0,0.0,0.0,0.0,0.0,0.0,0.0,0,0,0,0.0,0.0,0.0,0.0,0.0,0.0,0.0,0.0,0.0,0.0,0.0,0.0,0.0,0.0,0.0,0.0,0,-107875648.0,53,0.0,106,-107614832.0,0.0,ERR,ERR,ERR,ERR,ERR,ERR,ERR,ERR,ERR,ERR,ERR,ERR,ERR,ERR,ERR,ERR,ERR,ERR,ERR,ERR,ERR,ERR,ERR,ERR,ERR,ERR,ERR,ERR,ERR,ERR,ERR,ERR,ERR,ERR,ERR,ERR,ERR,ERR,ERR,ERR,ERR,ERR,ERR,ERR,ERR,ERR,ERR,ERR,ERR,ERR,ERR,ERR,ERR,ERR,ERR,ERR,ERR,ERR,ERR,ERR,ERR,ERR,ERR,ERR,ERR,ERR,ERR,50.0,60.0,100,0.0,0.0,0.0,0.0,0.0,0.0,0.0,0.0,0.0,0.0,0.0,0.0,0.0,0.0,0.0,0.0,62.0,73,14,65513,50,65476,0,300,0,0,8,20529,65476,0,0,26214,60.0,0.0,0.0,0.0,0.0,0.0
2026-05-17T18:43:52,ERR,ERR,ERR,ERR,ERR,ERR,ERR,ERR,ERR,ERR,ERR,ERR,ERR,ERR,ERR,ERR,ERR,ERR,ERR,ERR,ERR,ERR,ERR,ERR,ERR,ERR,ERR,ERR,ERR,ERR,ERR,ERR,ERR,ERR,ERR,ERR,ERR,ERR,ERR,ERR,ERR,ERR,ERR,ERR,ERR,ERR,ERR,ERR,ERR,ERR,ERR,ERR,ERR,ERR,ERR,ERR,ERR,ERR,ERR,ERR,ERR,ERR,ERR,ERR,ERR,ERR,ERR,ERR,ERR,ERR,ERR,ERR,ERR,ERR,ERR,ERR,ERR,ERR,ERR,ERR,ERR,ERR,ERR,ERR,ERR,ERR,ERR,ERR,ERR,ERR,ERR,ERR,ERR,ERR,ERR,ERR,ERR,ERR,ERR,ERR,ERR,ERR,ERR,ERR,ERR,ERR,ERR,ERR,ERR,ERR,ERR,ERR,ERR,ERR,ERR,ERR,ERR,ERR,ERR,ERR,ERR,ERR,ERR,ERR,ERR,0.0,0.0,-134474944.0,0.0,0.0,1.3936040501711995e+18,7.805,0.0,0,0,4,0,8422,0.0,45,0.0,0.0,0.0,0.0,0.0,0,0,0,0,0.0,0,0,0,0,0,0,0,0,0,0,0,0,0,0,0,0,0,0,0,0,0,0,0,0,0,0,0,0,0,0,0,0,0,38,14,7,45,65476,0,300,0,0,8,21553,0.0,-107605600.0,0.0,0.0,0.0,0.0,0.0,0.0,0.0,0.0,0.0,0.0,0.0,0.0,0.0,0.0,0.0,0.0,0.0,0.0,0.0,0.0,2.004,2.004,-0.0,0.0,0.0,0.0,0.0,0.0,4981.0,1.0406652570629681e+34,0.0,0.0,0.0,-107615280.0,2.718429300292151e+23,0.0,0.0,0.0,0.0,53,-0.0,-107614768.0,0.0,0.0,0.0,0.0,0.0,0.0,0.0,0,0,0,0.0,0.0,0.0,0.0,0.0,0.0,0.0,0.0,0.0,0.0,0.0,0.0,0.0,0.0,0.0,0.0,0,-107875648.0,53,0.0,106,-107614832.0,0.0,ERR,ERR,ERR,ERR,ERR,ERR,ERR,ERR,ERR,ERR,ERR,ERR,ERR,ERR,ERR,ERR,ERR,ERR,ERR,ERR,ERR,ERR,ERR,ERR,ERR,ERR,ERR,ERR,ERR,ERR,ERR,ERR,ERR,ERR,ERR,ERR,ERR,ERR,ERR,ERR,ERR,ERR,ERR,ERR,ERR,ERR,ERR,ERR,ERR,ERR,ERR,ERR,ERR,ERR,ERR,ERR,ERR,ERR,ERR,ERR,ERR,ERR,ERR,ERR,ERR,ERR,ERR,50.0,60.0,100,0.0,0.0,0.0,0.0,0.0,0.0,0.0,0.0,0.0,0.0,0.0,0.0,0.0,0.0,0.0,0.0,61.6,73,14,65513,50,65476,0,300,0,0,8,20529,65476,0,0,26214,60.0,0.0,0.0,0.0,0.0,0.0
2026-05-17T18:43:53,ERR,ERR,ERR,ERR,ERR,ERR,ERR,ERR,ERR,ERR,ERR,ERR,ERR,ERR,ERR,ERR,ERR,ERR,ERR,ERR,ERR,ERR,ERR,ERR,ERR,ERR,ERR,ERR,ERR,ERR,ERR,ERR,ERR,ERR,ERR,ERR,ERR,ERR,ERR,ERR,ERR,ERR,ERR,ERR,ERR,ERR,ERR,ERR,ERR,ERR,ERR,ERR,ERR,ERR,ERR,ERR,ERR,ERR,ERR,ERR,ERR,ERR,ERR,ERR,ERR,ERR,ERR,ERR,ERR,ERR,ERR,ERR,ERR,ERR,ERR,ERR,ERR,ERR,ERR,ERR,ERR,ERR,ERR,ERR,ERR,ERR,ERR,ERR,ERR,ERR,ERR,ERR,ERR,ERR,ERR,ERR,ERR,ERR,ERR,ERR,ERR,ERR,ERR,ERR,ERR,ERR,ERR,ERR,ERR,ERR,ERR,ERR,ERR,ERR,ERR,ERR,ERR,ERR,ERR,ERR,ERR,ERR,ERR,ERR,ERR,0.0,0.0,-134474944.0,0.0,0.0,1.3936040501711995e+18,7.805,0.0,0,0,4,0,8422,0.0,45,0.0,0.0,0.0,0.0,0.0,0,0,0,0,0.0,0,0,0,0,0,0,0,0,0,0,0,0,0,0,0,0,0,0,0,0,0,0,0,0,0,0,0,0,0,0,0,0,0,38,14,7,45,65476,0,300,0,0,8,21553,0.0,-107605600.0,0.0,0.0,0.0,0.0,0.0,0.0,0.0,0.0,0.0,0.0,0.0,0.0,0.0,0.0,0.0,0.0,0.0,0.0,0.0,0.0,2.004,2.004,-0.0,0.0,0.0,0.0,0.0,0.0,4981.0,1.0406652570629681e+34,0.0,0.0,0.0,-107615280.0,2.718429300292151e+23,0.0,0.0,0.0,0.0,53,-0.0,-107614768.0,0.0,0.0,0.0,0.0,0.0,0.0,0.0,0,0,0,0.0,0.0,0.0,0.0,0.0,0.0,0.0,0.0,0.0,0.0,0.0,0.0,0.0,0.0,0.0,0.0,0,-107875648.0,53,0.0,106,-107614832.0,0.0,ERR,ERR,ERR,ERR,ERR,ERR,ERR,ERR,ERR,ERR,ERR,ERR,ERR,ERR,ERR,ERR,ERR,ERR,ERR,ERR,ERR,ERR,ERR,ERR,ERR,ERR,ERR,ERR,ERR,ERR,ERR,ERR,ERR,ERR,ERR,ERR,ERR,ERR,ERR,ERR,ERR,ERR,ERR,ERR,ERR,ERR,ERR,ERR,ERR,ERR,ERR,ERR,ERR,ERR,ERR,ERR,ERR,ERR,ERR,ERR,ERR,ERR,ERR,ERR,ERR,ERR,ERR,50.0,60.0,100,0.0,0.0,0.0,0.0,0.0,0.0,0.0,0.0,0.0,0.0,0.0,0.0,0.0,0.0,0.0,0.0,61.6,73,14,65513,50,65476,0,300,0,0,8,20529,65476,0,0,26214,60.0,0.0,0.0,0.0,0.0,0.0
2026-05-17T18:43:54,ERR,ERR,ERR,ERR,ERR,ERR,ERR,ERR,ERR,ERR,ERR,ERR,ERR,ERR,ERR,ERR,ERR,ERR,ERR,ERR,ERR,ERR,ERR,ERR,ERR,ERR,ERR,ERR,ERR,ERR,ERR,ERR,ERR,ERR,ERR,ERR,ERR,ERR,ERR,ERR,ERR,ERR,ERR,ERR,ERR,ERR,ERR,ERR,ERR,ERR,ERR,ERR,ERR,ERR,ERR,ERR,ERR,ERR,ERR,ERR,ERR,ERR,ERR,ERR,ERR,ERR,ERR,ERR,ERR,ERR,ERR,ERR,ERR,ERR,ERR,ERR,ERR,ERR,ERR,ERR,ERR,ERR,ERR,ERR,ERR,ERR,ERR,ERR,ERR,ERR,ERR,ERR,ERR,ERR,ERR,ERR,ERR,ERR,ERR,ERR,ERR,ERR,ERR,ERR,ERR,ERR,ERR,ERR,ERR,ERR,ERR,ERR,ERR,ERR,ERR,ERR,ERR,ERR,ERR,ERR,ERR,ERR,ERR,ERR,ERR,0.0,0.0,-134474944.0,0.0,0.0,1.3936040501711995e+18,7.805,0.0,0,0,4,0,8422,0.0,45,0.0,0.0,0.0,0.0,0.0,0,0,0,0,0.0,0,0,0,0,0,0,0,0,0,0,0,0,0,0,0,0,0,0,0,0,0,0,0,0,0,0,0,0,0,0,0,0,0,38,14,7,45,65476,0,300,0,0,8,21553,0.0,-107605600.0,0.0,0.0,0.0,0.0,0.0,0.0,0.0,0.0,0.0,0.0,0.0,0.0,0.0,0.0,0.0,0.0,0.0,0.0,0.0,0.0,2.004,2.004,-0.0,0.0,0.0,0.0,0.0,0.0,4981.0,1.0406652570629681e+34,0.0,0.0,0.0,-107615280.0,2.718429300292151e+23,0.0,0.0,0.0,0.0,53,-0.0,-107614768.0,0.0,0.0,0.0,0.0,0.0,0.0,0.0,0,0,0,0.0,0.0,0.0,0.0,0.0,0.0,0.0,0.0,0.0,0.0,0.0,0.0,0.0,0.0,0.0,0.0,0,-107875648.0,53,0.0,106,-107614832.0,0.0,ERR,ERR,ERR,ERR,ERR,ERR,ERR,ERR,ERR,ERR,ERR,ERR,ERR,ERR,ERR,ERR,ERR,ERR,ERR,ERR,ERR,ERR,ERR,ERR,ERR,ERR,ERR,ERR,ERR,ERR,ERR,ERR,ERR,ERR,ERR,ERR,ERR,ERR,ERR,ERR,ERR,ERR,ERR,ERR,ERR,ERR,ERR,ERR,ERR,ERR,ERR,ERR,ERR,ERR,ERR,ERR,ERR,ERR,ERR,ERR,ERR,ERR,ERR,ERR,ERR,ERR,ERR,50.0,60.0,100,0.0,0.0,0.0,0.0,0.0,0.0,0.0,0.0,0.0,0.0,0.0,0.0,0.0,0.0,0.0,0.0,61.6,73,14,65513,50,65476,0,300,0,0,8,20529,65476,0,0,26214,60.0,0.0,0.0,0.0,0.0,0.0
2026-05-17T18:43:55,ERR,ERR,ERR,ERR,ERR,ERR,ERR,ERR,ERR,ERR,ERR,ERR,ERR,ERR,ERR,ERR,ERR,ERR,ERR,ERR,ERR,ERR,ERR,ERR,ERR,ERR,ERR,ERR,ERR,ERR,ERR,ERR,ERR,ERR,ERR,ERR,ERR,ERR,ERR,ERR,ERR,ERR,ERR,ERR,ERR,ERR,ERR,ERR,ERR,ERR,ERR,ERR,ERR,ERR,ERR,ERR,ERR,ERR,ERR,ERR,ERR,ERR,ERR,ERR,ERR,ERR,ERR,ERR,ERR,ERR,ERR,ERR,ERR,ERR,ERR,ERR,ERR,ERR,ERR,ERR,ERR,ERR,ERR,ERR,ERR,ERR,ERR,ERR,ERR,ERR,ERR,ERR,ERR,ERR,ERR,ERR,ERR,ERR,ERR,ERR,ERR,ERR,ERR,ERR,ERR,ERR,ERR,ERR,ERR,ERR,ERR,ERR,ERR,ERR,ERR,ERR,ERR,ERR,ERR,ERR,ERR,ERR,ERR,ERR,ERR,0.0,0.0,-134474944.0,0.0,0.0,1.3936040501711995e+18,7.805,0.0,0,0,4,0,8422,0.0,45,0.0,0.0,0.0,0.0,0.0,0,0,0,0,0.0,0,0,0,0,0,0,0,0,0,0,0,0,0,0,0,0,0,0,0,0,0,0,0,0,0,0,0,0,0,0,0,0,0,38,14,7,45,65476,0,300,0,0,8,21553,0.0,-107605600.0,0.0,0.0,0.0,0.0,0.0,0.0,0.0,0.0,0.0,0.0,0.0,0.0,0.0,0.0,0.0,0.0,0.0,0.0,0.0,0.0,2.004,2.004,-0.0,0.0,0.0,0.0,0.0,0.0,4980.0,131350.422,0.0,0.0,0.0,-107615280.0,2.718429300292151e+23,0.0,0.0,0.0,0.0,53,-0.0,-152017246879744.0,0.0,0.0,0.0,0.0,0.0,0.0,0.0,0,0,0,0.0,0.0,0.0,0.0,0.0,0.0,0.0,0.0,0.0,0.0,0.0,0.0,0.0,0.0,0.0,0.0,0,-107875648.0,53,0.0,106,-107614832.0,0.0,ERR,ERR,ERR,ERR,ERR,ERR,ERR,ERR,ERR,ERR,ERR,ERR,ERR,ERR,ERR,ERR,ERR,ERR,ERR,ERR,ERR,ERR,ERR,ERR,ERR,ERR,ERR,ERR,ERR,ERR,ERR,ERR,ERR,ERR,ERR,ERR,ERR,ERR,ERR,ERR,ERR,ERR,ERR,ERR,ERR,ERR,ERR,ERR,ERR,ERR,ERR,ERR,ERR,ERR,ERR,ERR,ERR,ERR,ERR,ERR,ERR,ERR,ERR,ERR,ERR,ERR,ERR,50.0,60.0,100,0.0,0.0,0.0,0.0,0.0,0.0,0.0,0.0,0.0,0.0,0.0,0.0,0.0,0.0,0.0,0.0,61.6,73,14,65513,50,65476,0,300,0,0,8,20529,65476,0,0,26214,60.0,0.0,0.0,0.0,0.0,0.0
2026-05-17T18:43:56,ERR,ERR,ERR,ERR,ERR,ERR,ERR,ERR,ERR,ERR,ERR,ERR,ERR,ERR,ERR,ERR,ERR,ERR,ERR,ERR,ERR,ERR,ERR,ERR,ERR,ERR,ERR,ERR,ERR,ERR,ERR,ERR,ERR,ERR,ERR,ERR,ERR,ERR,ERR,ERR,ERR,ERR,ERR,ERR,ERR,ERR,ERR,ERR,ERR,ERR,ERR,ERR,ERR,ERR,ERR,ERR,ERR,ERR,ERR,ERR,ERR,ERR,ERR,ERR,ERR,ERR,ERR,ERR,ERR,ERR,ERR,ERR,ERR,ERR,ERR,ERR,ERR,ERR,ERR,ERR,ERR,ERR,ERR,ERR,ERR,ERR,ERR,ERR,ERR,ERR,ERR,ERR,ERR,ERR,ERR,ERR,ERR,ERR,ERR,ERR,ERR,ERR,ERR,ERR,ERR,ERR,ERR,ERR,ERR,ERR,ERR,ERR,ERR,ERR,ERR,ERR,ERR,ERR,ERR,ERR,ERR,ERR,ERR,ERR,ERR,0.0,0.0,-134474944.0,0.0,0.0,1.3936040501711995e+18,7.805,0.0,0,0,4,0,8422,0.0,45,0.0,0.0,0.0,0.0,0.0,0,0,0,0,0.0,0,0,0,0,0,0,0,0,0,0,0,0,0,0,0,0,0,0,0,0,0,0,0,0,0,0,0,0,0,0,0,0,0,38,14,7,45,65476,0,300,0,0,8,21553,0.0,-107605600.0,0.0,0.0,0.0,0.0,0.0,0.0,0.0,0.0,0.0,0.0,0.0,0.0,0.0,0.0,0.0,0.0,0.0,0.0,0.0,0.0,2.004,2.004,-0.0,0.0,0.0,0.0,0.0,0.0,4980.0,131350.422,0.0,0.0,0.0,-107615280.0,2.718429300292151e+23,0.0,0.0,0.0,0.0,53,-0.0,-152017246879744.0,0.0,0.0,0.0,0.0,0.0,0.0,0.0,0,0,0,0.0,0.0,0.0,0.0,0.0,0.0,0.0,0.0,0.0,0.0,0.0,0.0,0.0,0.0,0.0,0.0,0,-107875648.0,53,0.0,106,-107614832.0,0.0,ERR,ERR,ERR,ERR,ERR,ERR,ERR,ERR,ERR,ERR,ERR,ERR,ERR,ERR,ERR,ERR,ERR,ERR,ERR,ERR,ERR,ERR,ERR,ERR,ERR,ERR,ERR,ERR,ERR,ERR,ERR,ERR,ERR,ERR,ERR,ERR,ERR,ERR,ERR,ERR,ERR,ERR,ERR,ERR,ERR,ERR,ERR,ERR,ERR,ERR,ERR,ERR,ERR,ERR,ERR,ERR,ERR,ERR,ERR,ERR,ERR,ERR,ERR,ERR,ERR,ERR,ERR,50.0,60.0,100,0.0,0.0,0.0,0.0,0.0,0.0,0.0,0.0,0.0,0.0,0.0,0.0,0.0,0.0,0.0,0.0,61.6,73,14,65513,50,65476,0,300,0,0,8,20529,65476,0,0,26214,60.0,0.0,0.0,0.0,0.0,0.0
2026-05-17T18:43:57,ERR,ERR,ERR,ERR,ERR,ERR,ERR,ERR,ERR,ERR,ERR,ERR,ERR,ERR,ERR,ERR,ERR,ERR,ERR,ERR,ERR,ERR,ERR,ERR,ERR,ERR,ERR,ERR,ERR,ERR,ERR,ERR,ERR,ERR,ERR,ERR,ERR,ERR,ERR,ERR,ERR,ERR,ERR,ERR,ERR,ERR,ERR,ERR,ERR,ERR,ERR,ERR,ERR,ERR,ERR,ERR,ERR,ERR,ERR,ERR,ERR,ERR,ERR,ERR,ERR,ERR,ERR,ERR,ERR,ERR,ERR,ERR,ERR,ERR,ERR,ERR,ERR,ERR,ERR,ERR,ERR,ERR,ERR,ERR,ERR,ERR,ERR,ERR,ERR,ERR,ERR,ERR,ERR,ERR,ERR,ERR,ERR,ERR,ERR,ERR,ERR,ERR,ERR,ERR,ERR,ERR,ERR,ERR,ERR,ERR,ERR,ERR,ERR,ERR,ERR,ERR,ERR,ERR,ERR,ERR,ERR,ERR,ERR,ERR,ERR,0.0,0.0,-134474944.0,0.0,0.0,1.3936040501711995e+18,7.805,0.0,0,0,4,0,8422,0.0,45,0.0,0.0,0.0,0.0,0.0,0,0,0,0,0.0,0,0,0,0,0,0,0,0,0,0,0,0,0,0,0,0,0,0,0,0,0,0,0,0,0,0,0,0,0,0,0,0,0,38,14,7,45,65476,0,300,0,0,8,21553,0.0,-107605600.0,0.0,0.0,0.0,0.0,0.0,0.0,0.0,0.0,0.0,0.0,0.0,0.0,0.0,0.0,0.0,0.0,0.0,0.0,0.0,0.0,2.004,2.004,-0.0,0.0,0.0,0.0,0.0,0.0,4980.0,131350.422,0.0,0.0,0.0,-107615280.0,2.718429300292151e+23,0.0,0.0,0.0,0.0,53,-0.0,-152017246879744.0,0.0,0.0,0.0,0.0,0.0,0.0,0.0,0,0,0,0.0,0.0,0.0,0.0,0.0,0.0,0.0,0.0,0.0,0.0,0.0,0.0,0.0,0.0,0.0,0.0,0,-107875648.0,53,0.0,106,-107614832.0,0.0,ERR,ERR,ERR,ERR,ERR,ERR,ERR,ERR,ERR,ERR,ERR,ERR,ERR,ERR,ERR,ERR,ERR,ERR,ERR,ERR,ERR,ERR,ERR,ERR,ERR,ERR,ERR,ERR,ERR,ERR,ERR,ERR,ERR,ERR,ERR,ERR,ERR,ERR,ERR,ERR,ERR,ERR,ERR,ERR,ERR,ERR,ERR,ERR,ERR,ERR,ERR,ERR,ERR,ERR,ERR,ERR,ERR,ERR,ERR,ERR,ERR,ERR,ERR,ERR,ERR,ERR,ERR,50.0,60.0,100,0.0,0.0,0.0,0.0,0.0,0.0,0.0,0.0,0.0,0.0,0.0,0.0,0.0,0.0,0.0,0.0,61.6,73,14,65513,50,65476,0,300,0,0,8,20529,65476,0,0,26214,60.0,0.0,0.0,0.0,0.0,0.0
2026-05-17T18:43:58,ERR,ERR,ERR,ERR,ERR,ERR,ERR,ERR,ERR,ERR,ERR,ERR,ERR,ERR,ERR,ERR,ERR,ERR,ERR,ERR,ERR,ERR,ERR,ERR,ERR,ERR,ERR,ERR,ERR,ERR,ERR,ERR,ERR,ERR,ERR,ERR,ERR,ERR,ERR,ERR,ERR,ERR,ERR,ERR,ERR,ERR,ERR,ERR,ERR,ERR,ERR,ERR,ERR,ERR,ERR,ERR,ERR,ERR,ERR,ERR,ERR,ERR,ERR,ERR,ERR,ERR,ERR,ERR,ERR,ERR,ERR,ERR,ERR,ERR,ERR,ERR,ERR,ERR,ERR,ERR,ERR,ERR,ERR,ERR,ERR,ERR,ERR,ERR,ERR,ERR,ERR,ERR,ERR,ERR,ERR,ERR,ERR,ERR,ERR,ERR,ERR,ERR,ERR,ERR,ERR,ERR,ERR,ERR,ERR,ERR,ERR,ERR,ERR,ERR,ERR,ERR,ERR,ERR,ERR,ERR,ERR,ERR,ERR,ERR,ERR,0.0,0.0,-134474944.0,0.0,0.0,1.3936040501711995e+18,7.805,0.0,0,0,4,0,8422,0.0,45,0.0,0.0,0.0,0.0,0.0,0,0,0,0,0.0,0,0,0,0,0,0,0,0,0,0,0,0,0,0,0,0,0,0,0,0,0,0,0,0,0,0,0,0,0,0,0,0,0,38,14,7,45,65476,0,300,0,0,8,21553,0.0,-107605600.0,0.0,0.0,0.0,0.0,0.0,0.0,0.0,0.0,0.0,0.0,0.0,0.0,0.0,0.0,0.0,0.0,0.0,0.0,0.0,0.0,2.004,2.004,-0.0,0.0,0.0,0.0,0.0,0.0,4980.0,131350.422,0.0,0.0,0.0,-107615280.0,2.718429300292151e+23,0.0,0.0,0.0,0.0,53,-0.0,-152017246879744.0,0.0,0.0,0.0,0.0,0.0,0.0,0.0,0,0,0,0.0,0.0,0.0,0.0,0.0,0.0,0.0,0.0,0.0,0.0,0.0,0.0,0.0,0.0,0.0,0.0,0,-107875648.0,53,0.0,106,-107614832.0,0.0,ERR,ERR,ERR,ERR,ERR,ERR,ERR,ERR,ERR,ERR,ERR,ERR,ERR,ERR,ERR,ERR,ERR,ERR,ERR,ERR,ERR,ERR,ERR,ERR,ERR,ERR,ERR,ERR,ERR,ERR,ERR,ERR,ERR,ERR,ERR,ERR,ERR,ERR,ERR,ERR,ERR,ERR,ERR,ERR,ERR,ERR,ERR,ERR,ERR,ERR,ERR,ERR,ERR,ERR,ERR,ERR,ERR,ERR,ERR,ERR,ERR,ERR,ERR,ERR,ERR,ERR,ERR,50.0,60.0,100,0.0,0.0,0.0,0.0,0.0,0.0,0.0,0.0,0.0,0.0,0.0,0.0,0.0,0.0,0.0,0.0,61.6,73,14,65513,50,65476,0,300,0,0,8,20529,65476,0,0,26214,60.0,0.0,0.0,0.0,0.0,0.0
2026-05-17T18:43:59,ERR,ERR,ERR,ERR,ERR,ERR,ERR,ERR,ERR,ERR,ERR,ERR,ERR,ERR,ERR,ERR,ERR,ERR,ERR,ERR,ERR,ERR,ERR,ERR,ERR,ERR,ERR,ERR,ERR,ERR,ERR,ERR,ERR,ERR,ERR,ERR,ERR,ERR,ERR,ERR,ERR,ERR,ERR,ERR,ERR,ERR,ERR,ERR,ERR,ERR,ERR,ERR,ERR,ERR,ERR,ERR,ERR,ERR,ERR,ERR,ERR,ERR,ERR,ERR,ERR,ERR,ERR,ERR,ERR,ERR,ERR,ERR,ERR,ERR,ERR,ERR,ERR,ERR,ERR,ERR,ERR,ERR,ERR,ERR,ERR,ERR,ERR,ERR,ERR,ERR,ERR,ERR,ERR,ERR,ERR,ERR,ERR,ERR,ERR,ERR,ERR,ERR,ERR,ERR,ERR,ERR,ERR,ERR,ERR,ERR,ERR,ERR,ERR,ERR,ERR,ERR,ERR,ERR,ERR,ERR,ERR,ERR,ERR,ERR,ERR,0.0,0.0,-134474944.0,0.0,0.0,1.3936040501711995e+18,7.805,0.0,0,0,4,0,8422,0.0,45,0.0,0.0,0.0,0.0,0.0,0,0,0,0,0.0,0,0,0,0,0,0,0,0,0,0,0,0,0,0,0,0,0,0,0,0,0,0,0,0,0,0,0,0,0,0,0,0,0,38,14,7,45,65476,0,300,0,0,8,21553,0.0,-107605600.0,0.0,0.0,0.0,0.0,0.0,0.0,0.0,0.0,0.0,0.0,0.0,0.0,0.0,0.0,0.0,0.0,0.0,0.0,0.0,0.0,2.004,2.004,-0.0,0.0,0.0,0.0,0.0,0.0,4980.0,131350.422,0.0,0.0,0.0,-107615280.0,2.718429300292151e+23,0.0,0.0,0.0,0.0,53,-0.0,-152017246879744.0,0.0,0.0,0.0,0.0,0.0,0.0,0.0,0,0,0,0.0,0.0,0.0,0.0,0.0,0.0,0.0,0.0,0.0,0.0,0.0,0.0,0.0,0.0,0.0,0.0,0,-107875648.0,53,0.0,106,-107614832.0,0.0,ERR,ERR,ERR,ERR,ERR,ERR,ERR,ERR,ERR,ERR,ERR,ERR,ERR,ERR,ERR,ERR,ERR,ERR,ERR,ERR,ERR,ERR,ERR,ERR,ERR,ERR,ERR,ERR,ERR,ERR,ERR,ERR,ERR,ERR,ERR,ERR,ERR,ERR,ERR,ERR,ERR,ERR,ERR,ERR,ERR,ERR,ERR,ERR,ERR,ERR,ERR,ERR,ERR,ERR,ERR,ERR,ERR,ERR,ERR,ERR,ERR,ERR,ERR,ERR,ERR,ERR,ERR,50.0,60.0,100,0.0,0.0,0.0,0.0,0.0,0.0,0.0,0.0,0.0,0.0,0.0,0.0,0.0,0.0,0.0,0.0,61.6,73,14,65513,50,65476,0,300,0,0,8,20529,65476,0,0,26214,60.0,0.0,0.0,0.0,0.0,0.0
2026-05-17T18:44:00,ERR,ERR,ERR,ERR,ERR,ERR,ERR,ERR,ERR,ERR,ERR,ERR,ERR,ERR,ERR,ERR,ERR,ERR,ERR,ERR,ERR,ERR,ERR,ERR,ERR,ERR,ERR,ERR,ERR,ERR,ERR,ERR,ERR,ERR,ERR,ERR,ERR,ERR,ERR,ERR,ERR,ERR,ERR,ERR,ERR,ERR,ERR,ERR,ERR,ERR,ERR,ERR,ERR,ERR,ERR,ERR,ERR,ERR,ERR,ERR,ERR,ERR,ERR,ERR,ERR,ERR,ERR,ERR,ERR,ERR,ERR,ERR,ERR,ERR,ERR,ERR,ERR,ERR,ERR,ERR,ERR,ERR,ERR,ERR,ERR,ERR,ERR,ERR,ERR,ERR,ERR,ERR,ERR,ERR,ERR,ERR,ERR,ERR,ERR,ERR,ERR,ERR,ERR,ERR,ERR,ERR,ERR,ERR,ERR,ERR,ERR,ERR,ERR,ERR,ERR,ERR,ERR,ERR,ERR,ERR,ERR,ERR,ERR,ERR,ERR,0.0,0.0,-134474944.0,0.0,0.0,1.3936040501711995e+18,7.805,0.0,0,0,4,0,8422,0.0,45,0.0,0.0,0.0,0.0,0.0,0,0,0,0,0.0,0,0,0,0,0,0,0,0,0,0,0,0,0,0,0,0,0,0,0,0,0,0,0,0,0,0,0,0,0,0,0,0,0,38,14,7,45,65476,0,300,0,0,8,21553,0.0,-107605600.0,0.0,0.0,0.0,0.0,0.0,0.0,0.0,0.0,0.0,0.0,0.0,0.0,0.0,0.0,0.0,0.0,0.0,0.0,0.0,0.0,2.004,2.004,-0.0,0.0,0.0,0.0,0.0,0.0,4984.0,0.0,0.0,0.0,0.0,-107615280.0,2.718429300292151e+23,0.0,0.0,0.0,0.0,53,-0.0,-107614768.0,0.0,0.0,0.0,0.0,0.0,0.0,0.0,0,0,0,0.0,0.0,0.0,0.0,0.0,0.0,0.0,0.0,0.0,0.0,0.0,0.0,0.0,0.0,0.0,0.0,0,-107875648.0,53,0.0,106,-107614832.0,0.0,ERR,ERR,ERR,ERR,ERR,ERR,ERR,ERR,ERR,ERR,ERR,ERR,ERR,ERR,ERR,ERR,ERR,ERR,ERR,ERR,ERR,ERR,ERR,ERR,ERR,ERR,ERR,ERR,ERR,ERR,ERR,ERR,ERR,ERR,ERR,ERR,ERR,ERR,ERR,ERR,ERR,ERR,ERR,ERR,ERR,ERR,ERR,ERR,ERR,ERR,ERR,ERR,ERR,ERR,ERR,ERR,ERR,ERR,ERR,ERR,ERR,ERR,ERR,ERR,ERR,ERR,ERR,50.0,60.0,100,0.0,0.0,0.0,0.0,0.0,0.0,0.0,0.0,0.0,0.0,0.0,0.0,0.0,0.0,0.0,0.0,61.6,73,14,65513,50,65476,0,300,0,0,8,20529,65476,0,0,26214,60.0,0.0,0.0,0.0,0.0,0.0
2026-05-17T18:44:01,ERR,ERR,ERR,ERR,ERR,ERR,ERR,ERR,ERR,ERR,ERR,ERR,ERR,ERR,ERR,ERR,ERR,ERR,ERR,ERR,ERR,ERR,ERR,ERR,ERR,ERR,ERR,ERR,ERR,ERR,ERR,ERR,ERR,ERR,ERR,ERR,ERR,ERR,ERR,ERR,ERR,ERR,ERR,ERR,ERR,ERR,ERR,ERR,ERR,ERR,ERR,ERR,ERR,ERR,ERR,ERR,ERR,ERR,ERR,ERR,ERR,ERR,ERR,ERR,ERR,ERR,ERR,ERR,ERR,ERR,ERR,ERR,ERR,ERR,ERR,ERR,ERR,ERR,ERR,ERR,ERR,ERR,ERR,ERR,ERR,ERR,ERR,ERR,ERR,ERR,ERR,ERR,ERR,ERR,ERR,ERR,ERR,ERR,ERR,ERR,ERR,ERR,ERR,ERR,ERR,ERR,ERR,ERR,ERR,ERR,ERR,ERR,ERR,ERR,ERR,ERR,ERR,ERR,ERR,ERR,ERR,ERR,ERR,ERR,ERR,0.0,0.0,-134474944.0,0.0,0.0,1.3936040501711995e+18,7.805,0.0,0,0,4,0,8422,0.0,45,0.0,0.0,0.0,0.0,0.0,0,0,0,0,0.0,0,0,0,0,0,0,0,0,0,0,0,0,0,0,0,0,0,0,0,0,0,0,0,0,0,0,0,0,0,0,0,0,0,38,14,7,45,65476,0,300,0,0,8,21553,0.0,-107605600.0,0.0,0.0,0.0,0.0,0.0,0.0,0.0,0.0,0.0,0.0,0.0,0.0,0.0,0.0,0.0,0.0,0.0,0.0,0.0,0.0,2.004,2.004,-0.0,0.0,0.0,0.0,0.0,0.0,4984.0,0.0,0.0,0.0,0.0,-107615280.0,2.718429300292151e+23,0.0,0.0,0.0,0.0,53,-0.0,-107614768.0,0.0,0.0,0.0,0.0,0.0,0.0,0.0,0,0,0,0.0,0.0,0.0,0.0,0.0,0.0,0.0,0.0,0.0,0.0,0.0,0.0,0.0,0.0,0.0,0.0,0,-107875648.0,53,0.0,106,-107614832.0,0.0,ERR,ERR,ERR,ERR,ERR,ERR,ERR,ERR,ERR,ERR,ERR,ERR,ERR,ERR,ERR,ERR,ERR,ERR,ERR,ERR,ERR,ERR,ERR,ERR,ERR,ERR,ERR,ERR,ERR,ERR,ERR,ERR,ERR,ERR,ERR,ERR,ERR,ERR,ERR,ERR,ERR,ERR,ERR,ERR,ERR,ERR,ERR,ERR,ERR,ERR,ERR,ERR,ERR,ERR,ERR,ERR,ERR,ERR,ERR,ERR,ERR,ERR,ERR,ERR,ERR,ERR,ERR,50.0,60.0,100,0.0,0.0,0.0,0.0,0.0,0.0,0.0,0.0,0.0,0.0,0.0,0.0,0.0,0.0,0.0,0.0,62.0,73,14,65513,50,65476,0,300,0,0,8,20529,65476,0,0,26214,60.0,0.0,0.0,0.0,0.0,0.0
2026-05-17T18:44:02,ERR,ERR,ERR,ERR,ERR,ERR,ERR,ERR,ERR,ERR,ERR,ERR,ERR,ERR,ERR,ERR,ERR,ERR,ERR,ERR,ERR,ERR,ERR,ERR,ERR,ERR,ERR,ERR,ERR,ERR,ERR,ERR,ERR,ERR,ERR,ERR,ERR,ERR,ERR,ERR,ERR,ERR,ERR,ERR,ERR,ERR,ERR,ERR,ERR,ERR,ERR,ERR,ERR,ERR,ERR,ERR,ERR,ERR,ERR,ERR,ERR,ERR,ERR,ERR,ERR,ERR,ERR,ERR,ERR,ERR,ERR,ERR,ERR,ERR,ERR,ERR,ERR,ERR,ERR,ERR,ERR,ERR,ERR,ERR,ERR,ERR,ERR,ERR,ERR,ERR,ERR,ERR,ERR,ERR,ERR,ERR,ERR,ERR,ERR,ERR,ERR,ERR,ERR,ERR,ERR,ERR,ERR,ERR,ERR,ERR,ERR,ERR,ERR,ERR,ERR,ERR,ERR,ERR,ERR,ERR,ERR,ERR,ERR,ERR,ERR,0.0,0.0,-134474944.0,0.0,0.0,1.3936040501711995e+18,7.805,0.0,0,0,4,0,8422,0.0,45,0.0,0.0,0.0,0.0,0.0,0,0,0,0,0.0,0,0,0,0,0,0,0,0,0,0,0,0,0,0,0,0,0,0,0,0,0,0,0,0,0,0,0,0,0,0,0,0,0,38,14,7,45,65476,0,300,0,0,8,21553,0.0,-107605600.0,0.0,0.0,0.0,0.0,0.0,0.0,0.0,0.0,0.0,0.0,0.0,0.0,0.0,0.0,0.0,0.0,0.0,0.0,0.0,0.0,2.004,2.004,-0.0,0.0,0.0,0.0,0.0,0.0,4984.0,0.0,0.0,0.0,0.0,-107615280.0,2.718429300292151e+23,0.0,0.0,0.0,0.0,53,-0.0,-107614768.0,0.0,0.0,0.0,0.0,0.0,0.0,0.0,0,0,0,0.0,0.0,0.0,0.0,0.0,0.0,0.0,0.0,0.0,0.0,0.0,0.0,0.0,0.0,0.0,0.0,0,-107875648.0,53,0.0,106,-107614832.0,0.0,ERR,ERR,ERR,ERR,ERR,ERR,ERR,ERR,ERR,ERR,ERR,ERR,ERR,ERR,ERR,ERR,ERR,ERR,ERR,ERR,ERR,ERR,ERR,ERR,ERR,ERR,ERR,ERR,ERR,ERR,ERR,ERR,ERR,ERR,ERR,ERR,ERR,ERR,ERR,ERR,ERR,ERR,ERR,ERR,ERR,ERR,ERR,ERR,ERR,ERR,ERR,ERR,ERR,ERR,ERR,ERR,ERR,ERR,ERR,ERR,ERR,ERR,ERR,ERR,ERR,ERR,ERR,50.0,60.0,100,0.0,0.0,0.0,0.0,0.0,0.0,0.0,0.0,0.0,0.0,0.0,0.0,0.0,0.0,0.0,0.0,61.6,73,14,65513,50,65476,0,300,0,0,8,20529,65476,0,0,26214,60.0,0.0,0.0,0.0,0.0,0.0
2026-05-17T18:44:03,ERR,ERR,ERR,ERR,ERR,ERR,ERR,ERR,ERR,ERR,ERR,ERR,ERR,ERR,ERR,ERR,ERR,ERR,ERR,ERR,ERR,ERR,ERR,ERR,ERR,ERR,ERR,ERR,ERR,ERR,ERR,ERR,ERR,ERR,ERR,ERR,ERR,ERR,ERR,ERR,ERR,ERR,ERR,ERR,ERR,ERR,ERR,ERR,ERR,ERR,ERR,ERR,ERR,ERR,ERR,ERR,ERR,ERR,ERR,ERR,ERR,ERR,ERR,ERR,ERR,ERR,ERR,ERR,ERR,ERR,ERR,ERR,ERR,ERR,ERR,ERR,ERR,ERR,ERR,ERR,ERR,ERR,ERR,ERR,ERR,ERR,ERR,ERR,ERR,ERR,ERR,ERR,ERR,ERR,ERR,ERR,ERR,ERR,ERR,ERR,ERR,ERR,ERR,ERR,ERR,ERR,ERR,ERR,ERR,ERR,ERR,ERR,ERR,ERR,ERR,ERR,ERR,ERR,ERR,ERR,ERR,ERR,ERR,ERR,ERR,0.0,0.0,-134474944.0,0.0,0.0,1.3936040501711995e+18,7.805,0.0,0,0,4,0,8422,0.0,45,0.0,0.0,0.0,0.0,0.0,0,0,0,0,0.0,0,0,0,0,0,0,0,0,0,0,0,0,0,0,0,0,0,0,0,0,0,0,0,0,0,0,0,0,0,0,0,0,0,38,14,7,45,65476,0,300,0,0,8,21553,0.0,-107605600.0,0.0,0.0,0.0,0.0,0.0,0.0,0.0,0.0,0.0,0.0,0.0,0.0,0.0,0.0,0.0,0.0,0.0,0.0,0.0,0.0,2.004,2.004,-0.0,0.0,0.0,0.0,0.0,0.0,4984.0,0.0,0.0,0.0,0.0,-107615280.0,2.718429300292151e+23,0.0,0.0,0.0,0.0,53,-0.0,-107614768.0,0.0,0.0,0.0,0.0,0.0,0.0,0.0,0,0,0,0.0,0.0,0.0,0.0,0.0,0.0,0.0,0.0,0.0,0.0,0.0,0.0,0.0,0.0,0.0,0.0,0,-107875648.0,53,0.0,106,-107614832.0,0.0,ERR,ERR,ERR,ERR,ERR,ERR,ERR,ERR,ERR,ERR,ERR,ERR,ERR,ERR,ERR,ERR,ERR,ERR,ERR,ERR,ERR,ERR,ERR,ERR,ERR,ERR,ERR,ERR,ERR,ERR,ERR,ERR,ERR,ERR,ERR,ERR,ERR,ERR,ERR,ERR,ERR,ERR,ERR,ERR,ERR,ERR,ERR,ERR,ERR,ERR,ERR,ERR,ERR,ERR,ERR,ERR,ERR,ERR,ERR,ERR,ERR,ERR,ERR,ERR,ERR,ERR,ERR,50.0,60.0,100,0.0,0.0,0.0,0.0,0.0,0.0,0.0,0.0,0.0,0.0,0.0,0.0,0.0,0.0,0.0,0.0,61.6,73,14,65513,50,65476,0,300,0,0,8,20529,65476,0,0,26214,60.0,0.0,0.0,0.0,0.0,0.0
2026-05-17T18:44:04,ERR,ERR,ERR,ERR,ERR,ERR,ERR,ERR,ERR,ERR,ERR,ERR,ERR,ERR,ERR,ERR,ERR,ERR,ERR,ERR,ERR,ERR,ERR,ERR,ERR,ERR,ERR,ERR,ERR,ERR,ERR,ERR,ERR,ERR,ERR,ERR,ERR,ERR,ERR,ERR,ERR,ERR,ERR,ERR,ERR,ERR,ERR,ERR,ERR,ERR,ERR,ERR,ERR,ERR,ERR,ERR,ERR,ERR,ERR,ERR,ERR,ERR,ERR,ERR,ERR,ERR,ERR,ERR,ERR,ERR,ERR,ERR,ERR,ERR,ERR,ERR,ERR,ERR,ERR,ERR,ERR,ERR,ERR,ERR,ERR,ERR,ERR,ERR,ERR,ERR,ERR,ERR,ERR,ERR,ERR,ERR,ERR,ERR,ERR,ERR,ERR,ERR,ERR,ERR,ERR,ERR,ERR,ERR,ERR,ERR,ERR,ERR,ERR,ERR,ERR,ERR,ERR,ERR,ERR,ERR,ERR,ERR,ERR,ERR,ERR,0.0,0.0,-134474944.0,0.0,0.0,1.3936040501711995e+18,7.805,0.0,0,0,4,0,8422,0.0,45,0.0,0.0,0.0,0.0,0.0,0,0,0,0,0.0,0,0,0,0,0,0,0,0,0,0,0,0,0,0,0,0,0,0,0,0,0,0,0,0,0,0,0,0,0,0,0,0,0,38,14,7,45,65476,0,300,0,0,8,21553,0.0,-107605600.0,0.0,0.0,0.0,0.0,0.0,0.0,0.0,0.0,0.0,0.0,0.0,0.0,0.0,0.0,0.0,0.0,0.0,0.0,0.0,0.0,2.004,2.004,-0.0,0.0,0.0,0.0,0.0,0.0,4984.0,0.0,0.0,0.0,0.0,-107615280.0,2.718429300292151e+23,0.0,0.0,0.0,0.0,53,-0.0,-107614768.0,0.0,0.0,0.0,0.0,0.0,0.0,0.0,0,0,0,0.0,0.0,0.0,0.0,0.0,0.0,0.0,0.0,0.0,0.0,0.0,0.0,0.0,0.0,0.0,0.0,0,-107875648.0,53,0.0,106,-107614832.0,0.0,ERR,ERR,ERR,ERR,ERR,ERR,ERR,ERR,ERR,ERR,ERR,ERR,ERR,ERR,ERR,ERR,ERR,ERR,ERR,ERR,ERR,ERR,ERR,ERR,ERR,ERR,ERR,ERR,ERR,ERR,ERR,ERR,ERR,ERR,ERR,ERR,ERR,ERR,ERR,ERR,ERR,ERR,ERR,ERR,ERR,ERR,ERR,ERR,ERR,ERR,ERR,ERR,ERR,ERR,ERR,ERR,ERR,ERR,ERR,ERR,ERR,ERR,ERR,ERR,ERR,ERR,ERR,50.0,60.0,100,0.0,0.0,0.0,0.0,0.0,0.0,0.0,0.0,0.0,0.0,0.0,0.0,0.0,0.0,0.0,0.0,62.0,73,14,65513,50,65476,0,300,0,0,8,20529,65476,0,0,26214,60.0,0.0,0.0,0.0,0.0,0.0
2026-05-17T18:44:05,ERR,ERR,ERR,ERR,ERR,ERR,ERR,ERR,ERR,ERR,ERR,ERR,ERR,ERR,ERR,ERR,ERR,ERR,ERR,ERR,ERR,ERR,ERR,ERR,ERR,ERR,ERR,ERR,ERR,ERR,ERR,ERR,ERR,ERR,ERR,ERR,ERR,ERR,ERR,ERR,ERR,ERR,ERR,ERR,ERR,ERR,ERR,ERR,ERR,ERR,ERR,ERR,ERR,ERR,ERR,ERR,ERR,ERR,ERR,ERR,ERR,ERR,ERR,ERR,ERR,ERR,ERR,ERR,ERR,ERR,ERR,ERR,ERR,ERR,ERR,ERR,ERR,ERR,ERR,ERR,ERR,ERR,ERR,ERR,ERR,ERR,ERR,ERR,ERR,ERR,ERR,ERR,ERR,ERR,ERR,ERR,ERR,ERR,ERR,ERR,ERR,ERR,ERR,ERR,ERR,ERR,ERR,ERR,ERR,ERR,ERR,ERR,ERR,ERR,ERR,ERR,ERR,ERR,ERR,ERR,ERR,ERR,ERR,ERR,ERR,0.0,0.0,-134474944.0,0.0,0.0,1.3936040501711995e+18,7.805,0.0,0,0,4,0,8422,0.0,45,0.0,0.0,0.0,0.0,0.0,0,0,0,0,0.0,0,0,0,0,0,0,0,0,0,0,0,0,0,0,0,0,0,0,0,0,0,0,0,0,0,0,0,0,0,0,0,0,0,38,14,7,45,65476,0,300,0,0,8,21553,0.0,-107605600.0,0.0,0.0,0.0,0.0,0.0,0.0,0.0,0.0,0.0,0.0,0.0,0.0,0.0,0.0,0.0,0.0,0.0,0.0,0.0,0.0,0.0,2.004,-0.0,0.0,0.0,0.0,0.0,0.0,4983.0,-0.0,0.0,0.0,0.0,-107615280.0,2.718429300292151e+23,0.0,0.0,0.0,0.0,53,-0.0,1.905685750968484e+17,0.0,0.0,0.0,0.0,0.0,0.0,0.0,0,0,0,0.0,0.0,0.0,0.0,0.0,0.0,0.0,0.0,0.0,0.0,0.0,0.0,0.0,0.0,0.0,0.0,0,-107875648.0,53,0.0,106,-107614832.0,0.0,ERR,ERR,ERR,ERR,ERR,ERR,ERR,ERR,ERR,ERR,ERR,ERR,ERR,ERR,ERR,ERR,ERR,ERR,ERR,ERR,ERR,ERR,ERR,ERR,ERR,ERR,ERR,ERR,ERR,ERR,ERR,ERR,ERR,ERR,ERR,ERR,ERR,ERR,ERR,ERR,ERR,ERR,ERR,ERR,ERR,ERR,ERR,ERR,ERR,ERR,ERR,ERR,ERR,ERR,ERR,ERR,ERR,ERR,ERR,ERR,ERR,ERR,ERR,ERR,ERR,ERR,ERR,50.0,60.0,100,0.0,0.0,0.0,0.0,0.0,0.0,0.0,0.0,0.0,0.0,0.0,0.0,0.0,0.0,0.0,0.0,62.0,73,14,65513,50,65476,0,300,0,0,8,20529,65476,0,0,26214,60.0,0.0,0.0,0.0,0.0,0.0
2026-05-17T18:44:06,ERR,ERR,ERR,ERR,ERR,ERR,ERR,ERR,ERR,ERR,ERR,ERR,ERR,ERR,ERR,ERR,ERR,ERR,ERR,ERR,ERR,ERR,ERR,ERR,ERR,ERR,ERR,ERR,ERR,ERR,ERR,ERR,ERR,ERR,ERR,ERR,ERR,ERR,ERR,ERR,ERR,ERR,ERR,ERR,ERR,ERR,ERR,ERR,ERR,ERR,ERR,ERR,ERR,ERR,ERR,ERR,ERR,ERR,ERR,ERR,ERR,ERR,ERR,ERR,ERR,ERR,ERR,ERR,ERR,ERR,ERR,ERR,ERR,ERR,ERR,ERR,ERR,ERR,ERR,ERR,ERR,ERR,ERR,ERR,ERR,ERR,ERR,ERR,ERR,ERR,ERR,ERR,ERR,ERR,ERR,ERR,ERR,ERR,ERR,ERR,ERR,ERR,ERR,ERR,ERR,ERR,ERR,ERR,ERR,ERR,ERR,ERR,ERR,ERR,ERR,ERR,ERR,ERR,ERR,ERR,ERR,ERR,ERR,ERR,ERR,0.0,0.0,-134474944.0,0.0,0.0,1.3936040501711995e+18,7.805,0.0,0,0,4,0,8422,0.0,45,0.0,0.0,0.0,0.0,0.0,0,0,0,0,0.0,0,0,0,0,0,0,0,0,0,0,0,0,0,0,0,0,0,0,0,0,0,0,0,0,0,0,0,0,0,0,0,0,0,38,14,7,45,65476,0,300,0,0,8,21553,0.0,-107605600.0,0.0,0.0,0.0,0.0,0.0,0.0,0.0,0.0,0.0,0.0,0.0,0.0,0.0,0.0,0.0,0.0,0.0,0.0,0.0,0.0,0.0,2.004,-0.0,0.0,0.0,0.0,0.0,0.0,4983.0,-0.0,0.0,0.0,0.0,-107615280.0,2.718429300292151e+23,0.0,0.0,0.0,0.0,53,-0.0,1.905685750968484e+17,0.0,0.0,0.0,0.0,0.0,0.0,0.0,0,0,0,0.0,0.0,0.0,0.0,0.0,0.0,0.0,0.0,0.0,0.0,0.0,0.0,0.0,0.0,0.0,0.0,0,-107875648.0,53,0.0,106,-107614832.0,0.0,ERR,ERR,ERR,ERR,ERR,ERR,ERR,ERR,ERR,ERR,ERR,ERR,ERR,ERR,ERR,ERR,ERR,ERR,ERR,ERR,ERR,ERR,ERR,ERR,ERR,ERR,ERR,ERR,ERR,ERR,ERR,ERR,ERR,ERR,ERR,ERR,ERR,ERR,ERR,ERR,ERR,ERR,ERR,ERR,ERR,ERR,ERR,ERR,ERR,ERR,ERR,ERR,ERR,ERR,ERR,ERR,ERR,ERR,ERR,ERR,ERR,ERR,ERR,ERR,ERR,ERR,ERR,50.0,60.0,100,0.0,0.0,0.0,0.0,0.0,0.0,0.0,0.0,0.0,0.0,0.0,0.0,0.0,0.0,0.0,0.0,61.6,73,14,65513,50,65476,0,300,0,0,8,20529,65476,0,0,26214,60.0,0.0,0.0,0.0,0.0,0.0
2026-05-17T18:44:07,ERR,ERR,ERR,ERR,ERR,ERR,ERR,ERR,ERR,ERR,ERR,ERR,ERR,ERR,ERR,ERR,ERR,ERR,ERR,ERR,ERR,ERR,ERR,ERR,ERR,ERR,ERR,ERR,ERR,ERR,ERR,ERR,ERR,ERR,ERR,ERR,ERR,ERR,ERR,ERR,ERR,ERR,ERR,ERR,ERR,ERR,ERR,ERR,ERR,ERR,ERR,ERR,ERR,ERR,ERR,ERR,ERR,ERR,ERR,ERR,ERR,ERR,ERR,ERR,ERR,ERR,ERR,ERR,ERR,ERR,ERR,ERR,ERR,ERR,ERR,ERR,ERR,ERR,ERR,ERR,ERR,ERR,ERR,ERR,ERR,ERR,ERR,ERR,ERR,ERR,ERR,ERR,ERR,ERR,ERR,ERR,ERR,ERR,ERR,ERR,ERR,ERR,ERR,ERR,ERR,ERR,ERR,ERR,ERR,ERR,ERR,ERR,ERR,ERR,ERR,ERR,ERR,ERR,ERR,ERR,ERR,ERR,ERR,ERR,ERR,0.0,0.0,-134474944.0,0.0,0.0,1.3936040501711995e+18,7.805,0.0,0,0,4,0,8422,0.0,45,0.0,0.0,0.0,0.0,0.0,0,0,0,0,0.0,0,0,0,0,0,0,0,0,0,0,0,0,0,0,0,0,0,0,0,0,0,0,0,0,0,0,0,0,0,0,0,0,0,38,14,7,45,65476,0,300,0,0,8,21553,0.0,-107605600.0,0.0,0.0,0.0,0.0,0.0,0.0,0.0,0.0,0.0,0.0,0.0,0.0,0.0,0.0,0.0,0.0,0.0,0.0,0.0,0.0,0.0,2.004,-0.0,0.0,0.0,0.0,0.0,0.0,4983.0,-0.0,0.0,0.0,0.0,-107615280.0,2.718429300292151e+23,0.0,0.0,0.0,0.0,53,-0.0,1.905685750968484e+17,0.0,0.0,0.0,0.0,0.0,0.0,0.0,0,0,0,0.0,0.0,0.0,0.0,0.0,0.0,0.0,0.0,0.0,0.0,0.0,0.0,0.0,0.0,0.0,0.0,0,-107875648.0,53,0.0,106,-107614832.0,0.0,ERR,ERR,ERR,ERR,ERR,ERR,ERR,ERR,ERR,ERR,ERR,ERR,ERR,ERR,ERR,ERR,ERR,ERR,ERR,ERR,ERR,ERR,ERR,ERR,ERR,ERR,ERR,ERR,ERR,ERR,ERR,ERR,ERR,ERR,ERR,ERR,ERR,ERR,ERR,ERR,ERR,ERR,ERR,ERR,ERR,ERR,ERR,ERR,ERR,ERR,ERR,ERR,ERR,ERR,ERR,ERR,ERR,ERR,ERR,ERR,ERR,ERR,ERR,ERR,ERR,ERR,ERR,50.0,60.0,100,0.0,0.0,0.0,0.0,0.0,0.0,0.0,0.0,0.0,0.0,0.0,0.0,0.0,0.0,0.0,0.0,61.6,73,14,65513,50,65476,0,300,0,0,8,20529,65476,0,0,26214,60.0,0.0,0.0,0.0,0.0,0.0
2026-05-17T18:44:08,ERR,ERR,ERR,ERR,ERR,ERR,ERR,ERR,ERR,ERR,ERR,ERR,ERR,ERR,ERR,ERR,ERR,ERR,ERR,ERR,ERR,ERR,ERR,ERR,ERR,ERR,ERR,ERR,ERR,ERR,ERR,ERR,ERR,ERR,ERR,ERR,ERR,ERR,ERR,ERR,ERR,ERR,ERR,ERR,ERR,ERR,ERR,ERR,ERR,ERR,ERR,ERR,ERR,ERR,ERR,ERR,ERR,ERR,ERR,ERR,ERR,ERR,ERR,ERR,ERR,ERR,ERR,ERR,ERR,ERR,ERR,ERR,ERR,ERR,ERR,ERR,ERR,ERR,ERR,ERR,ERR,ERR,ERR,ERR,ERR,ERR,ERR,ERR,ERR,ERR,ERR,ERR,ERR,ERR,ERR,ERR,ERR,ERR,ERR,ERR,ERR,ERR,ERR,ERR,ERR,ERR,ERR,ERR,ERR,ERR,ERR,ERR,ERR,ERR,ERR,ERR,ERR,ERR,ERR,ERR,ERR,ERR,ERR,ERR,ERR,0.0,0.0,-134474944.0,0.0,0.0,1.3936040501711995e+18,7.805,0.0,0,0,4,0,8422,0.0,45,0.0,0.0,0.0,0.0,0.0,0,0,0,0,0.0,0,0,0,0,0,0,0,0,0,0,0,0,0,0,0,0,0,0,0,0,0,0,0,0,0,0,0,0,0,0,0,0,0,38,14,7,45,65476,0,300,0,0,8,21553,0.0,-107605600.0,0.0,0.0,0.0,0.0,0.0,0.0,0.0,0.0,0.0,0.0,0.0,0.0,0.0,0.0,0.0,0.0,0.0,0.0,0.0,0.0,0.0,2.004,-0.0,0.0,0.0,0.0,0.0,0.0,4983.0,-0.0,0.0,0.0,0.0,-107615280.0,2.718429300292151e+23,0.0,0.0,0.0,0.0,53,-0.0,1.905685750968484e+17,0.0,0.0,0.0,0.0,0.0,0.0,0.0,0,0,0,0.0,0.0,0.0,0.0,0.0,0.0,0.0,0.0,0.0,0.0,0.0,0.0,0.0,0.0,0.0,0.0,0,-107875648.0,53,0.0,106,-107614832.0,0.0,ERR,ERR,ERR,ERR,ERR,ERR,ERR,ERR,ERR,ERR,ERR,ERR,ERR,ERR,ERR,ERR,ERR,ERR,ERR,ERR,ERR,ERR,ERR,ERR,ERR,ERR,ERR,ERR,ERR,ERR,ERR,ERR,ERR,ERR,ERR,ERR,ERR,ERR,ERR,ERR,ERR,ERR,ERR,ERR,ERR,ERR,ERR,ERR,ERR,ERR,ERR,ERR,ERR,ERR,ERR,ERR,ERR,ERR,ERR,ERR,ERR,ERR,ERR,ERR,ERR,ERR,ERR,50.0,60.0,100,0.0,0.0,0.0,0.0,0.0,0.0,0.0,0.0,0.0,0.0,0.0,0.0,0.0,0.0,0.0,0.0,61.6,73,14,65513,50,65476,0,300,0,0,8,20529,65476,0,0,26214,60.0,0.0,0.0,0.0,0.0,0.0
2026-05-17T18:44:09,ERR,ERR,ERR,ERR,ERR,ERR,ERR,ERR,ERR,ERR,ERR,ERR,ERR,ERR,ERR,ERR,ERR,ERR,ERR,ERR,ERR,ERR,ERR,ERR,ERR,ERR,ERR,ERR,ERR,ERR,ERR,ERR,ERR,ERR,ERR,ERR,ERR,ERR,ERR,ERR,ERR,ERR,ERR,ERR,ERR,ERR,ERR,ERR,ERR,ERR,ERR,ERR,ERR,ERR,ERR,ERR,ERR,ERR,ERR,ERR,ERR,ERR,ERR,ERR,ERR,ERR,ERR,ERR,ERR,ERR,ERR,ERR,ERR,ERR,ERR,ERR,ERR,ERR,ERR,ERR,ERR,ERR,ERR,ERR,ERR,ERR,ERR,ERR,ERR,ERR,ERR,ERR,ERR,ERR,ERR,ERR,ERR,ERR,ERR,ERR,ERR,ERR,ERR,ERR,ERR,ERR,ERR,ERR,ERR,ERR,ERR,ERR,ERR,ERR,ERR,ERR,ERR,ERR,ERR,ERR,ERR,ERR,ERR,ERR,ERR,0.0,0.0,-134474944.0,0.0,0.0,1.3936040501711995e+18,7.805,0.0,0,0,4,0,8422,0.0,45,0.0,0.0,0.0,0.0,0.0,0,0,0,0,0.0,0,0,0,0,0,0,0,0,0,0,0,0,0,0,0,0,0,0,0,0,0,0,0,0,0,0,0,0,0,0,0,0,0,38,14,7,45,65476,0,300,0,0,8,21553,0.0,-107605600.0,0.0,0.0,0.0,0.0,0.0,0.0,0.0,0.0,0.0,0.0,0.0,0.0,0.0,0.0,0.0,0.0,0.0,0.0,0.0,0.0,0.0,2.004,-0.0,0.0,0.0,0.0,0.0,0.0,4983.0,-0.0,0.0,0.0,0.0,-107615280.0,2.718429300292151e+23,0.0,0.0,0.0,0.0,53,-0.0,1.905685750968484e+17,0.0,0.0,0.0,0.0,0.0,0.0,0.0,0,0,0,0.0,0.0,0.0,0.0,0.0,0.0,0.0,0.0,0.0,0.0,0.0,0.0,0.0,0.0,0.0,0.0,0,-107875648.0,53,0.0,106,-107614832.0,0.0,ERR,ERR,ERR,ERR,ERR,ERR,ERR,ERR,ERR,ERR,ERR,ERR,ERR,ERR,ERR,ERR,ERR,ERR,ERR,ERR,ERR,ERR,ERR,ERR,ERR,ERR,ERR,ERR,ERR,ERR,ERR,ERR,ERR,ERR,ERR,ERR,ERR,ERR,ERR,ERR,ERR,ERR,ERR,ERR,ERR,ERR,ERR,ERR,ERR,ERR,ERR,ERR,ERR,ERR,ERR,ERR,ERR,ERR,ERR,ERR,ERR,ERR,ERR,ERR,ERR,ERR,ERR,50.0,60.0,100,0.0,0.0,0.0,0.0,0.0,0.0,0.0,0.0,0.0,0.0,0.0,0.0,0.0,0.0,0.0,0.0,61.6,73,14,65513,50,65476,0,300,0,0,8,20529,65476,0,0,26214,60.0,0.0,0.0,0.0,0.0,0.0
2026-05-17T18:44:10,ERR,ERR,ERR,ERR,ERR,ERR,ERR,ERR,ERR,ERR,ERR,ERR,ERR,ERR,ERR,ERR,ERR,ERR,ERR,ERR,ERR,ERR,ERR,ERR,ERR,ERR,ERR,ERR,ERR,ERR,ERR,ERR,ERR,ERR,ERR,ERR,ERR,ERR,ERR,ERR,ERR,ERR,ERR,ERR,ERR,ERR,ERR,ERR,ERR,ERR,ERR,ERR,ERR,ERR,ERR,ERR,ERR,ERR,ERR,ERR,ERR,ERR,ERR,ERR,ERR,ERR,ERR,ERR,ERR,ERR,ERR,ERR,ERR,ERR,ERR,ERR,ERR,ERR,ERR,ERR,ERR,ERR,ERR,ERR,ERR,ERR,ERR,ERR,ERR,ERR,ERR,ERR,ERR,ERR,ERR,ERR,ERR,ERR,ERR,ERR,ERR,ERR,ERR,ERR,ERR,ERR,ERR,ERR,ERR,ERR,ERR,ERR,ERR,ERR,ERR,ERR,ERR,ERR,ERR,ERR,ERR,ERR,ERR,ERR,ERR,0.0,0.0,-134474944.0,0.0,0.0,1.3936040501711995e+18,7.805,0.0,0,0,4,0,8422,0.0,45,0.0,0.0,0.0,0.0,0.0,0,0,0,0,0.0,0,0,0,0,0,0,0,0,0,0,0,0,0,0,0,0,0,0,0,0,0,0,0,0,0,0,0,0,0,0,0,0,0,38,14,7,45,65476,0,300,0,0,8,21553,0.0,-107605600.0,0.0,0.0,0.0,0.0,0.0,0.0,0.0,0.0,0.0,0.0,0.0,0.0,0.0,0.0,0.0,0.0,0.0,0.0,0.0,0.0,0.0,2.004,-0.0,0.0,0.0,0.0,0.0,0.0,4984.0,-0.0,0.0,0.0,0.0,-107615280.0,2.718429300292151e+23,0.0,0.0,0.0,0.0,53,-0.0,0.0,0.0,0.0,0.0,0.0,0.0,0.0,0.0,0,0,0,0.0,0.0,0.0,0.0,0.0,0.0,0.0,0.0,0.0,0.0,0.0,0.0,0.0,0.0,0.0,0.0,0,-107875648.0,53,0.0,106,-107614832.0,0.0,ERR,ERR,ERR,ERR,ERR,ERR,ERR,ERR,ERR,ERR,ERR,ERR,ERR,ERR,ERR,ERR,ERR,ERR,ERR,ERR,ERR,ERR,ERR,ERR,ERR,ERR,ERR,ERR,ERR,ERR,ERR,ERR,ERR,ERR,ERR,ERR,ERR,ERR,ERR,ERR,ERR,ERR,ERR,ERR,ERR,ERR,ERR,ERR,ERR,ERR,ERR,ERR,ERR,ERR,ERR,ERR,ERR,ERR,ERR,ERR,ERR,ERR,ERR,ERR,ERR,ERR,ERR,50.0,60.0,100,0.0,0.0,0.0,0.0,0.0,0.0,0.0,0.0,0.0,0.0,0.0,0.0,0.0,0.0,0.0,0.0,61.6,73,14,65513,50,65476,0,300,0,0,8,20529,65476,0,0,26214,60.0,0.0,0.0,0.0,0.0,0.0
2026-05-17T18:44:11,ERR,ERR,ERR,ERR,ERR,ERR,ERR,ERR,ERR,ERR,ERR,ERR,ERR,ERR,ERR,ERR,ERR,ERR,ERR,ERR,ERR,ERR,ERR,ERR,ERR,ERR,ERR,ERR,ERR,ERR,ERR,ERR,ERR,ERR,ERR,ERR,ERR,ERR,ERR,ERR,ERR,ERR,ERR,ERR,ERR,ERR,ERR,ERR,ERR,ERR,ERR,ERR,ERR,ERR,ERR,ERR,ERR,ERR,ERR,ERR,ERR,ERR,ERR,ERR,ERR,ERR,ERR,ERR,ERR,ERR,ERR,ERR,ERR,ERR,ERR,ERR,ERR,ERR,ERR,ERR,ERR,ERR,ERR,ERR,ERR,ERR,ERR,ERR,ERR,ERR,ERR,ERR,ERR,ERR,ERR,ERR,ERR,ERR,ERR,ERR,ERR,ERR,ERR,ERR,ERR,ERR,ERR,ERR,ERR,ERR,ERR,ERR,ERR,ERR,ERR,ERR,ERR,ERR,ERR,ERR,ERR,ERR,ERR,ERR,ERR,0.0,0.0,-134474944.0,0.0,0.0,1.3936040501711995e+18,7.805,0.0,0,0,4,0,8422,0.0,45,0.0,0.0,0.0,0.0,0.0,0,0,0,0,0.0,0,0,0,0,0,0,0,0,0,0,0,0,0,0,0,0,0,0,0,0,0,0,0,0,0,0,0,0,0,0,0,0,0,38,14,7,45,65476,0,300,0,0,8,21553,0.0,-107605600.0,0.0,0.0,0.0,0.0,0.0,0.0,0.0,0.0,0.0,0.0,0.0,0.0,0.0,0.0,0.0,0.0,0.0,0.0,0.0,0.0,0.0,2.004,-0.0,0.0,0.0,0.0,0.0,0.0,4984.0,-0.0,0.0,0.0,0.0,-107615280.0,2.718429300292151e+23,0.0,0.0,0.0,0.0,53,-0.0,0.0,0.0,0.0,0.0,0.0,0.0,0.0,0.0,0,0,0,0.0,0.0,0.0,0.0,0.0,0.0,0.0,0.0,0.0,0.0,0.0,0.0,0.0,0.0,0.0,0.0,0,-107875648.0,53,0.0,106,-107614832.0,0.0,ERR,ERR,ERR,ERR,ERR,ERR,ERR,ERR,ERR,ERR,ERR,ERR,ERR,ERR,ERR,ERR,ERR,ERR,ERR,ERR,ERR,ERR,ERR,ERR,ERR,ERR,ERR,ERR,ERR,ERR,ERR,ERR,ERR,ERR,ERR,ERR,ERR,ERR,ERR,ERR,ERR,ERR,ERR,ERR,ERR,ERR,ERR,ERR,ERR,ERR,ERR,ERR,ERR,ERR,ERR,ERR,ERR,ERR,ERR,ERR,ERR,ERR,ERR,ERR,ERR,ERR,ERR,50.0,60.0,100,0.0,0.0,0.0,0.0,0.0,0.0,0.0,0.0,0.0,0.0,0.0,0.0,0.0,0.0,0.0,0.0,62.0,73,14,65513,50,65476,0,300,0,0,8,20529,65476,0,0,26214,60.0,0.0,0.0,0.0,0.0,0.0
2026-05-17T18:44:12,ERR,ERR,ERR,ERR,ERR,ERR,ERR,ERR,ERR,ERR,ERR,ERR,ERR,ERR,ERR,ERR,ERR,ERR,ERR,ERR,ERR,ERR,ERR,ERR,ERR,ERR,ERR,ERR,ERR,ERR,ERR,ERR,ERR,ERR,ERR,ERR,ERR,ERR,ERR,ERR,ERR,ERR,ERR,ERR,ERR,ERR,ERR,ERR,ERR,ERR,ERR,ERR,ERR,ERR,ERR,ERR,ERR,ERR,ERR,ERR,ERR,ERR,ERR,ERR,ERR,ERR,ERR,ERR,ERR,ERR,ERR,ERR,ERR,ERR,ERR,ERR,ERR,ERR,ERR,ERR,ERR,ERR,ERR,ERR,ERR,ERR,ERR,ERR,ERR,ERR,ERR,ERR,ERR,ERR,ERR,ERR,ERR,ERR,ERR,ERR,ERR,ERR,ERR,ERR,ERR,ERR,ERR,ERR,ERR,ERR,ERR,ERR,ERR,ERR,ERR,ERR,ERR,ERR,ERR,ERR,ERR,ERR,ERR,ERR,ERR,0.0,0.0,-134474944.0,0.0,0.0,1.3936040501711995e+18,7.805,0.0,0,0,4,0,8422,0.0,45,0.0,0.0,0.0,0.0,0.0,0,0,0,0,0.0,0,0,0,0,0,0,0,0,0,0,0,0,0,0,0,0,0,0,0,0,0,0,0,0,0,0,0,0,0,0,0,0,0,38,14,7,45,65476,0,300,0,0,8,21553,0.0,-107605600.0,0.0,0.0,0.0,0.0,0.0,0.0,0.0,0.0,0.0,0.0,0.0,0.0,0.0,0.0,0.0,0.0,0.0,0.0,0.0,0.0,0.0,2.004,-0.0,0.0,0.0,0.0,0.0,0.0,4984.0,-0.0,0.0,0.0,0.0,-107615280.0,2.718429300292151e+23,0.0,0.0,0.0,0.0,53,-0.0,0.0,0.0,0.0,0.0,0.0,0.0,0.0,0.0,0,0,0,0.0,0.0,0.0,0.0,0.0,0.0,0.0,0.0,0.0,0.0,0.0,0.0,0.0,0.0,0.0,0.0,0,-107875648.0,53,0.0,106,-107614832.0,0.0,ERR,ERR,ERR,ERR,ERR,ERR,ERR,ERR,ERR,ERR,ERR,ERR,ERR,ERR,ERR,ERR,ERR,ERR,ERR,ERR,ERR,ERR,ERR,ERR,ERR,ERR,ERR,ERR,ERR,ERR,ERR,ERR,ERR,ERR,ERR,ERR,ERR,ERR,ERR,ERR,ERR,ERR,ERR,ERR,ERR,ERR,ERR,ERR,ERR,ERR,ERR,ERR,ERR,ERR,ERR,ERR,ERR,ERR,ERR,ERR,ERR,ERR,ERR,ERR,ERR,ERR,ERR,50.0,60.0,100,0.0,0.0,0.0,0.0,0.0,0.0,0.0,0.0,0.0,0.0,0.0,0.0,0.0,0.0,0.0,0.0,62.0,73,14,65513,50,65476,0,300,0,0,8,20529,65476,0,0,26214,60.0,0.0,0.0,0.0,0.0,0.0
2026-05-17T18:44:13,ERR,ERR,ERR,ERR,ERR,ERR,ERR,ERR,ERR,ERR,ERR,ERR,ERR,ERR,ERR,ERR,ERR,ERR,ERR,ERR,ERR,ERR,ERR,ERR,ERR,ERR,ERR,ERR,ERR,ERR,ERR,ERR,ERR,ERR,ERR,ERR,ERR,ERR,ERR,ERR,ERR,ERR,ERR,ERR,ERR,ERR,ERR,ERR,ERR,ERR,ERR,ERR,ERR,ERR,ERR,ERR,ERR,ERR,ERR,ERR,ERR,ERR,ERR,ERR,ERR,ERR,ERR,ERR,ERR,ERR,ERR,ERR,ERR,ERR,ERR,ERR,ERR,ERR,ERR,ERR,ERR,ERR,ERR,ERR,ERR,ERR,ERR,ERR,ERR,ERR,ERR,ERR,ERR,ERR,ERR,ERR,ERR,ERR,ERR,ERR,ERR,ERR,ERR,ERR,ERR,ERR,ERR,ERR,ERR,ERR,ERR,ERR,ERR,ERR,ERR,ERR,ERR,ERR,ERR,ERR,ERR,ERR,ERR,ERR,ERR,0.0,0.0,-134474944.0,0.0,0.0,1.3936040501711995e+18,7.805,0.0,0,0,4,0,8422,0.0,45,0.0,0.0,0.0,0.0,0.0,0,0,0,0,0.0,0,0,0,0,0,0,0,0,0,0,0,0,0,0,0,0,0,0,0,0,0,0,0,0,0,0,0,0,0,0,0,0,0,38,14,7,45,65476,0,300,0,0,8,21553,0.0,-107605600.0,0.0,0.0,0.0,0.0,0.0,0.0,0.0,0.0,0.0,0.0,0.0,0.0,0.0,0.0,0.0,0.0,0.0,0.0,0.0,0.0,0.0,2.004,-0.0,0.0,0.0,0.0,0.0,0.0,4984.0,-0.0,0.0,0.0,0.0,-107615280.0,2.718429300292151e+23,0.0,0.0,0.0,0.0,53,-0.0,0.0,0.0,0.0,0.0,0.0,0.0,0.0,0.0,0,0,0,0.0,0.0,0.0,0.0,0.0,0.0,0.0,0.0,0.0,0.0,0.0,0.0,0.0,0.0,0.0,0.0,0,-107875648.0,53,0.0,106,-107614832.0,0.0,ERR,ERR,ERR,ERR,ERR,ERR,ERR,ERR,ERR,ERR,ERR,ERR,ERR,ERR,ERR,ERR,ERR,ERR,ERR,ERR,ERR,ERR,ERR,ERR,ERR,ERR,ERR,ERR,ERR,ERR,ERR,ERR,ERR,ERR,ERR,ERR,ERR,ERR,ERR,ERR,ERR,ERR,ERR,ERR,ERR,ERR,ERR,ERR,ERR,ERR,ERR,ERR,ERR,ERR,ERR,ERR,ERR,ERR,ERR,ERR,ERR,ERR,ERR,ERR,ERR,ERR,ERR,50.0,60.0,100,0.0,0.0,0.0,0.0,0.0,0.0,0.0,0.0,0.0,0.0,0.0,0.0,0.0,0.0,0.0,0.0,62.0,73,14,65513,50,65476,0,300,0,0,8,20529,65476,0,0,26214,60.0,0.0,0.0,0.0,0.0,0.0
2026-05-17T18:44:14,ERR,ERR,ERR,ERR,ERR,ERR,ERR,ERR,ERR,ERR,ERR,ERR,ERR,ERR,ERR,ERR,ERR,ERR,ERR,ERR,ERR,ERR,ERR,ERR,ERR,ERR,ERR,ERR,ERR,ERR,ERR,ERR,ERR,ERR,ERR,ERR,ERR,ERR,ERR,ERR,ERR,ERR,ERR,ERR,ERR,ERR,ERR,ERR,ERR,ERR,ERR,ERR,ERR,ERR,ERR,ERR,ERR,ERR,ERR,ERR,ERR,ERR,ERR,ERR,ERR,ERR,ERR,ERR,ERR,ERR,ERR,ERR,ERR,ERR,ERR,ERR,ERR,ERR,ERR,ERR,ERR,ERR,ERR,ERR,ERR,ERR,ERR,ERR,ERR,ERR,ERR,ERR,ERR,ERR,ERR,ERR,ERR,ERR,ERR,ERR,ERR,ERR,ERR,ERR,ERR,ERR,ERR,ERR,ERR,ERR,ERR,ERR,ERR,ERR,ERR,ERR,ERR,ERR,ERR,ERR,ERR,ERR,ERR,ERR,ERR,0.0,0.0,-134474944.0,0.0,0.0,1.3936040501711995e+18,7.805,0.0,0,0,4,0,8422,0.0,45,0.0,0.0,0.0,0.0,0.0,0,0,0,0,0.0,0,0,0,0,0,0,0,0,0,0,0,0,0,0,0,0,0,0,0,0,0,0,0,0,0,0,0,0,0,0,0,0,0,38,14,7,45,65476,0,300,0,0,8,21553,0.0,-107605600.0,0.0,0.0,0.0,0.0,0.0,0.0,0.0,0.0,0.0,0.0,0.0,0.0,0.0,0.0,0.0,0.0,0.0,0.0,0.0,0.0,0.0,2.004,-0.0,0.0,0.0,0.0,0.0,0.0,4984.0,-0.0,0.0,0.0,0.0,-107615280.0,2.718429300292151e+23,0.0,0.0,0.0,0.0,53,-0.0,0.0,0.0,0.0,0.0,0.0,0.0,0.0,0.0,0,0,0,0.0,0.0,0.0,0.0,0.0,0.0,0.0,0.0,0.0,0.0,0.0,0.0,0.0,0.0,0.0,0.0,0,-107875648.0,53,0.0,106,-107614832.0,0.0,ERR,ERR,ERR,ERR,ERR,ERR,ERR,ERR,ERR,ERR,ERR,ERR,ERR,ERR,ERR,ERR,ERR,ERR,ERR,ERR,ERR,ERR,ERR,ERR,ERR,ERR,ERR,ERR,ERR,ERR,ERR,ERR,ERR,ERR,ERR,ERR,ERR,ERR,ERR,ERR,ERR,ERR,ERR,ERR,ERR,ERR,ERR,ERR,ERR,ERR,ERR,ERR,ERR,ERR,ERR,ERR,ERR,ERR,ERR,ERR,ERR,ERR,ERR,ERR,ERR,ERR,ERR,50.0,60.0,100,0.0,0.0,0.0,0.0,0.0,0.0,0.0,0.0,0.0,0.0,0.0,0.0,0.0,0.0,0.0,0.0,62.0,73,14,65513,50,65476,0,300,0,0,8,20529,65476,0,0,26214,60.0,0.0,0.0,0.0,0.0,0.0
2026-05-17T18:44:15,ERR,ERR,ERR,ERR,ERR,ERR,ERR,ERR,ERR,ERR,ERR,ERR,ERR,ERR,ERR,ERR,ERR,ERR,ERR,ERR,ERR,ERR,ERR,ERR,ERR,ERR,ERR,ERR,ERR,ERR,ERR,ERR,ERR,ERR,ERR,ERR,ERR,ERR,ERR,ERR,ERR,ERR,ERR,ERR,ERR,ERR,ERR,ERR,ERR,ERR,ERR,ERR,ERR,ERR,ERR,ERR,ERR,ERR,ERR,ERR,ERR,ERR,ERR,ERR,ERR,ERR,ERR,ERR,ERR,ERR,ERR,ERR,ERR,ERR,ERR,ERR,ERR,ERR,ERR,ERR,ERR,ERR,ERR,ERR,ERR,ERR,ERR,ERR,ERR,ERR,ERR,ERR,ERR,ERR,ERR,ERR,ERR,ERR,ERR,ERR,ERR,ERR,ERR,ERR,ERR,ERR,ERR,ERR,ERR,ERR,ERR,ERR,ERR,ERR,ERR,ERR,ERR,ERR,ERR,ERR,ERR,ERR,ERR,ERR,ERR,0.0,0.0,-134474944.0,0.0,0.0,1.3936040501711995e+18,7.805,0.0,0,0,4,0,8422,0.0,45,0.0,0.0,0.0,0.0,0.0,0,0,0,0,0.0,0,0,0,0,0,0,0,0,0,0,0,0,0,0,0,0,0,0,0,0,0,0,0,0,0,0,0,0,0,0,0,0,0,38,14,7,45,65476,0,300,0,0,8,21553,0.0,-107605600.0,0.0,0.0,0.0,0.0,0.0,0.0,0.0,0.0,0.0,0.0,0.0,0.0,0.0,0.0,0.0,0.0,0.0,0.0,0.0,0.0,2.004,2.004,-0.0,0.0,0.0,0.0,0.0,0.0,4981.0,-0.0,0.0,0.0,0.0,-107615280.0,2.718429300292151e+23,0.0,0.0,0.0,0.0,53,5.848083413016271e+35,0.0,0.0,0.0,0.0,0.0,0.0,0.0,0.0,0,0,0,0.0,0.0,0.0,0.0,0.0,0.0,0.0,0.0,0.0,0.0,0.0,0.0,0.0,0.0,0.0,0.0,0,-107875648.0,53,0.0,106,-107614832.0,0.0,ERR,ERR,ERR,ERR,ERR,ERR,ERR,ERR,ERR,ERR,ERR,ERR,ERR,ERR,ERR,ERR,ERR,ERR,ERR,ERR,ERR,ERR,ERR,ERR,ERR,ERR,ERR,ERR,ERR,ERR,ERR,ERR,ERR,ERR,ERR,ERR,ERR,ERR,ERR,ERR,ERR,ERR,ERR,ERR,ERR,ERR,ERR,ERR,ERR,ERR,ERR,ERR,ERR,ERR,ERR,ERR,ERR,ERR,ERR,ERR,ERR,ERR,ERR,ERR,ERR,ERR,ERR,50.0,60.0,100,0.0,0.0,0.0,0.0,0.0,0.0,0.0,0.0,0.0,0.0,0.0,0.0,0.0,0.0,0.0,0.0,61.6,73,14,65513,50,65476,0,300,0,0,8,20529,65476,0,0,26214,60.0,0.0,0.0,0.0,0.0,0.0
2026-05-17T18:44:16,ERR,ERR,ERR,ERR,ERR,ERR,ERR,ERR,ERR,ERR,ERR,ERR,ERR,ERR,ERR,ERR,ERR,ERR,ERR,ERR,ERR,ERR,ERR,ERR,ERR,ERR,ERR,ERR,ERR,ERR,ERR,ERR,ERR,ERR,ERR,ERR,ERR,ERR,ERR,ERR,ERR,ERR,ERR,ERR,ERR,ERR,ERR,ERR,ERR,ERR,ERR,ERR,ERR,ERR,ERR,ERR,ERR,ERR,ERR,ERR,ERR,ERR,ERR,ERR,ERR,ERR,ERR,ERR,ERR,ERR,ERR,ERR,ERR,ERR,ERR,ERR,ERR,ERR,ERR,ERR,ERR,ERR,ERR,ERR,ERR,ERR,ERR,ERR,ERR,ERR,ERR,ERR,ERR,ERR,ERR,ERR,ERR,ERR,ERR,ERR,ERR,ERR,ERR,ERR,ERR,ERR,ERR,ERR,ERR,ERR,ERR,ERR,ERR,ERR,ERR,ERR,ERR,ERR,ERR,ERR,ERR,ERR,ERR,ERR,ERR,0.0,0.0,-134474944.0,0.0,0.0,1.3936040501711995e+18,7.805,0.0,0,0,4,0,8422,0.0,45,0.0,0.0,0.0,0.0,0.0,0,0,0,0,0.0,0,0,0,0,0,0,0,0,0,0,0,0,0,0,0,0,0,0,0,0,0,0,0,0,0,0,0,0,0,0,0,0,0,38,14,7,45,65476,0,300,0,0,8,21553,0.0,-107605600.0,0.0,0.0,0.0,0.0,0.0,0.0,0.0,0.0,0.0,0.0,0.0,0.0,0.0,0.0,0.0,0.0,0.0,0.0,0.0,0.0,2.004,2.004,-0.0,0.0,0.0,0.0,0.0,0.0,4981.0,-0.0,0.0,0.0,0.0,-107615280.0,2.718429300292151e+23,0.0,0.0,0.0,0.0,53,5.848083413016271e+35,0.0,0.0,0.0,0.0,0.0,0.0,0.0,0.0,0,0,0,0.0,0.0,0.0,0.0,0.0,0.0,0.0,0.0,0.0,0.0,0.0,0.0,0.0,0.0,0.0,0.0,0,-107875648.0,53,0.0,106,-107614832.0,0.0,ERR,ERR,ERR,ERR,ERR,ERR,ERR,ERR,ERR,ERR,ERR,ERR,ERR,ERR,ERR,ERR,ERR,ERR,ERR,ERR,ERR,ERR,ERR,ERR,ERR,ERR,ERR,ERR,ERR,ERR,ERR,ERR,ERR,ERR,ERR,ERR,ERR,ERR,ERR,ERR,ERR,ERR,ERR,ERR,ERR,ERR,ERR,ERR,ERR,ERR,ERR,ERR,ERR,ERR,ERR,ERR,ERR,ERR,ERR,ERR,ERR,ERR,ERR,ERR,ERR,ERR,ERR,50.0,60.0,100,0.0,0.0,0.0,0.0,0.0,0.0,0.0,0.0,0.0,0.0,0.0,0.0,0.0,0.0,0.0,0.0,61.6,73,14,65513,50,65476,0,300,0,0,8,20529,65476,0,0,26214,60.0,0.0,0.0,0.0,0.0,0.0
2026-05-17T18:44:17,ERR,ERR,ERR,ERR,ERR,ERR,ERR,ERR,ERR,ERR,ERR,ERR,ERR,ERR,ERR,ERR,ERR,ERR,ERR,ERR,ERR,ERR,ERR,ERR,ERR,ERR,ERR,ERR,ERR,ERR,ERR,ERR,ERR,ERR,ERR,ERR,ERR,ERR,ERR,ERR,ERR,ERR,ERR,ERR,ERR,ERR,ERR,ERR,ERR,ERR,ERR,ERR,ERR,ERR,ERR,ERR,ERR,ERR,ERR,ERR,ERR,ERR,ERR,ERR,ERR,ERR,ERR,ERR,ERR,ERR,ERR,ERR,ERR,ERR,ERR,ERR,ERR,ERR,ERR,ERR,ERR,ERR,ERR,ERR,ERR,ERR,ERR,ERR,ERR,ERR,ERR,ERR,ERR,ERR,ERR,ERR,ERR,ERR,ERR,ERR,ERR,ERR,ERR,ERR,ERR,ERR,ERR,ERR,ERR,ERR,ERR,ERR,ERR,ERR,ERR,ERR,ERR,ERR,ERR,ERR,ERR,ERR,ERR,ERR,ERR,0.0,0.0,-134474944.0,0.0,0.0,1.3936040501711995e+18,7.805,0.0,0,0,4,0,8422,0.0,45,0.0,0.0,0.0,0.0,0.0,0,0,0,0,0.0,0,0,0,0,0,0,0,0,0,0,0,0,0,0,0,0,0,0,0,0,0,0,0,0,0,0,0,0,0,0,0,0,0,38,14,7,45,65476,0,300,0,0,8,21553,0.0,-107605600.0,0.0,0.0,0.0,0.0,0.0,0.0,0.0,0.0,0.0,0.0,0.0,0.0,0.0,0.0,0.0,0.0,0.0,0.0,0.0,0.0,2.004,2.004,-0.0,0.0,0.0,0.0,0.0,0.0,4981.0,-0.0,0.0,0.0,0.0,-107615280.0,2.718429300292151e+23,0.0,0.0,0.0,0.0,53,5.848083413016271e+35,0.0,0.0,0.0,0.0,0.0,0.0,0.0,0.0,0,0,0,0.0,0.0,0.0,0.0,0.0,0.0,0.0,0.0,0.0,0.0,0.0,0.0,0.0,0.0,0.0,0.0,0,-107875648.0,53,0.0,106,-107614832.0,0.0,ERR,ERR,ERR,ERR,ERR,ERR,ERR,ERR,ERR,ERR,ERR,ERR,ERR,ERR,ERR,ERR,ERR,ERR,ERR,ERR,ERR,ERR,ERR,ERR,ERR,ERR,ERR,ERR,ERR,ERR,ERR,ERR,ERR,ERR,ERR,ERR,ERR,ERR,ERR,ERR,ERR,ERR,ERR,ERR,ERR,ERR,ERR,ERR,ERR,ERR,ERR,ERR,ERR,ERR,ERR,ERR,ERR,ERR,ERR,ERR,ERR,ERR,ERR,ERR,ERR,ERR,ERR,50.0,60.0,100,0.0,0.0,0.0,0.0,0.0,0.0,0.0,0.0,0.0,0.0,0.0,0.0,0.0,0.0,0.0,0.0,61.6,73,14,65513,50,65476,0,300,0,0,8,20529,65476,0,0,26214,60.0,0.0,0.0,0.0,0.0,0.0
2026-05-17T18:44:18,ERR,ERR,ERR,ERR,ERR,ERR,ERR,ERR,ERR,ERR,ERR,ERR,ERR,ERR,ERR,ERR,ERR,ERR,ERR,ERR,ERR,ERR,ERR,ERR,ERR,ERR,ERR,ERR,ERR,ERR,ERR,ERR,ERR,ERR,ERR,ERR,ERR,ERR,ERR,ERR,ERR,ERR,ERR,ERR,ERR,ERR,ERR,ERR,ERR,ERR,ERR,ERR,ERR,ERR,ERR,ERR,ERR,ERR,ERR,ERR,ERR,ERR,ERR,ERR,ERR,ERR,ERR,ERR,ERR,ERR,ERR,ERR,ERR,ERR,ERR,ERR,ERR,ERR,ERR,ERR,ERR,ERR,ERR,ERR,ERR,ERR,ERR,ERR,ERR,ERR,ERR,ERR,ERR,ERR,ERR,ERR,ERR,ERR,ERR,ERR,ERR,ERR,ERR,ERR,ERR,ERR,ERR,ERR,ERR,ERR,ERR,ERR,ERR,ERR,ERR,ERR,ERR,ERR,ERR,ERR,ERR,ERR,ERR,ERR,ERR,0.0,0.0,-134474944.0,0.0,0.0,1.3936040501711995e+18,7.805,0.0,0,0,4,0,8422,0.0,45,0.0,0.0,0.0,0.0,0.0,0,0,0,0,0.0,0,0,0,0,0,0,0,0,0,0,0,0,0,0,0,0,0,0,0,0,0,0,0,0,0,0,0,0,0,0,0,0,0,38,14,7,45,65476,0,300,0,0,8,21553,0.0,-107605600.0,0.0,0.0,0.0,0.0,0.0,0.0,0.0,0.0,0.0,0.0,0.0,0.0,0.0,0.0,0.0,0.0,0.0,0.0,0.0,0.0,2.004,2.004,-0.0,0.0,0.0,0.0,0.0,0.0,4981.0,-0.0,0.0,0.0,0.0,-107615280.0,2.718429300292151e+23,0.0,0.0,0.0,0.0,53,5.848083413016271e+35,0.0,0.0,0.0,0.0,0.0,0.0,0.0,0.0,0,0,0,0.0,0.0,0.0,0.0,0.0,0.0,0.0,0.0,0.0,0.0,0.0,0.0,0.0,0.0,0.0,0.0,0,-107875648.0,53,0.0,106,-107614832.0,0.0,ERR,ERR,ERR,ERR,ERR,ERR,ERR,ERR,ERR,ERR,ERR,ERR,ERR,ERR,ERR,ERR,ERR,ERR,ERR,ERR,ERR,ERR,ERR,ERR,ERR,ERR,ERR,ERR,ERR,ERR,ERR,ERR,ERR,ERR,ERR,ERR,ERR,ERR,ERR,ERR,ERR,ERR,ERR,ERR,ERR,ERR,ERR,ERR,ERR,ERR,ERR,ERR,ERR,ERR,ERR,ERR,ERR,ERR,ERR,ERR,ERR,ERR,ERR,ERR,ERR,ERR,ERR,50.0,60.0,100,0.0,0.0,0.0,0.0,0.0,0.0,0.0,0.0,0.0,0.0,0.0,0.0,0.0,0.0,0.0,0.0,61.6,73,14,65513,50,65476,0,300,0,0,8,20529,65476,0,0,26214,60.0,0.0,0.0,0.0,0.0,0.0
2026-05-17T18:44:19,ERR,ERR,ERR,ERR,ERR,ERR,ERR,ERR,ERR,ERR,ERR,ERR,ERR,ERR,ERR,ERR,ERR,ERR,ERR,ERR,ERR,ERR,ERR,ERR,ERR,ERR,ERR,ERR,ERR,ERR,ERR,ERR,ERR,ERR,ERR,ERR,ERR,ERR,ERR,ERR,ERR,ERR,ERR,ERR,ERR,ERR,ERR,ERR,ERR,ERR,ERR,ERR,ERR,ERR,ERR,ERR,ERR,ERR,ERR,ERR,ERR,ERR,ERR,ERR,ERR,ERR,ERR,ERR,ERR,ERR,ERR,ERR,ERR,ERR,ERR,ERR,ERR,ERR,ERR,ERR,ERR,ERR,ERR,ERR,ERR,ERR,ERR,ERR,ERR,ERR,ERR,ERR,ERR,ERR,ERR,ERR,ERR,ERR,ERR,ERR,ERR,ERR,ERR,ERR,ERR,ERR,ERR,ERR,ERR,ERR,ERR,ERR,ERR,ERR,ERR,ERR,ERR,ERR,ERR,ERR,ERR,ERR,ERR,ERR,ERR,0.0,0.0,-134474944.0,0.0,0.0,1.3936040501711995e+18,7.805,0.0,0,0,4,0,8422,0.0,45,0.0,0.0,0.0,0.0,0.0,0,0,0,0,0.0,0,0,0,0,0,0,0,0,0,0,0,0,0,0,0,0,0,0,0,0,0,0,0,0,0,0,0,0,0,0,0,0,0,38,14,7,45,65476,0,300,0,0,8,21553,0.0,-107605600.0,0.0,0.0,0.0,0.0,0.0,0.0,0.0,0.0,0.0,0.0,0.0,0.0,0.0,0.0,0.0,0.0,0.0,0.0,0.0,0.0,2.004,2.004,-0.0,0.0,0.0,0.0,0.0,0.0,4981.0,-0.0,0.0,0.0,0.0,-107615280.0,2.718429300292151e+23,0.0,0.0,0.0,0.0,53,5.848083413016271e+35,0.0,0.0,0.0,0.0,0.0,0.0,0.0,0.0,0,0,0,0.0,0.0,0.0,0.0,0.0,0.0,0.0,0.0,0.0,0.0,0.0,0.0,0.0,0.0,0.0,0.0,0,-107875648.0,53,0.0,106,-107614832.0,0.0,ERR,ERR,ERR,ERR,ERR,ERR,ERR,ERR,ERR,ERR,ERR,ERR,ERR,ERR,ERR,ERR,ERR,ERR,ERR,ERR,ERR,ERR,ERR,ERR,ERR,ERR,ERR,ERR,ERR,ERR,ERR,ERR,ERR,ERR,ERR,ERR,ERR,ERR,ERR,ERR,ERR,ERR,ERR,ERR,ERR,ERR,ERR,ERR,ERR,ERR,ERR,ERR,ERR,ERR,ERR,ERR,ERR,ERR,ERR,ERR,ERR,ERR,ERR,ERR,ERR,ERR,ERR,50.0,60.0,100,0.0,0.0,0.0,0.0,0.0,0.0,0.0,0.0,0.0,0.0,0.0,0.0,0.0,0.0,0.0,0.0,61.6,73,14,65513,50,65476,0,300,0,0,8,20529,65476,0,0,26214,60.0,0.0,0.0,0.0,0.0,0.0
2026-05-17T18:44:20,ERR,ERR,ERR,ERR,ERR,ERR,ERR,ERR,ERR,ERR,ERR,ERR,ERR,ERR,ERR,ERR,ERR,ERR,ERR,ERR,ERR,ERR,ERR,ERR,ERR,ERR,ERR,ERR,ERR,ERR,ERR,ERR,ERR,ERR,ERR,ERR,ERR,ERR,ERR,ERR,ERR,ERR,ERR,ERR,ERR,ERR,ERR,ERR,ERR,ERR,ERR,ERR,ERR,ERR,ERR,ERR,ERR,ERR,ERR,ERR,ERR,ERR,ERR,ERR,ERR,ERR,ERR,ERR,ERR,ERR,ERR,ERR,ERR,ERR,ERR,ERR,ERR,ERR,ERR,ERR,ERR,ERR,ERR,ERR,ERR,ERR,ERR,ERR,ERR,ERR,ERR,ERR,ERR,ERR,ERR,ERR,ERR,ERR,ERR,ERR,ERR,ERR,ERR,ERR,ERR,ERR,ERR,ERR,ERR,ERR,ERR,ERR,ERR,ERR,ERR,ERR,ERR,ERR,ERR,ERR,ERR,ERR,ERR,ERR,ERR,0.0,0.0,-134474944.0,0.0,0.0,1.3936040501711995e+18,7.805,0.0,0,0,4,0,8422,0.0,45,0.0,0.0,0.0,0.0,0.0,0,0,0,0,0.0,0,0,0,0,0,0,0,0,0,0,0,0,0,0,0,0,0,0,0,0,0,0,0,0,0,0,0,0,0,0,0,0,0,38,14,7,45,65476,0,300,0,0,8,21553,0.0,-107605600.0,0.0,0.0,0.0,0.0,0.0,0.0,0.0,0.0,0.0,0.0,0.0,0.0,0.0,0.0,0.0,0.0,0.0,0.0,0.0,0.0,2.004,2.004,-0.0,0.0,0.0,0.0,0.0,0.0,4980.0,-2.004,0.0,0.0,0.0,-107615280.0,2.718429300292151e+23,0.0,0.0,0.0,0.0,53,4.950428597886765e+32,1.905685750968484e+17,0.0,0.0,0.0,0.0,0.0,0.0,0.0,0,0,0,0.0,0.0,0.0,0.0,0.0,0.0,0.0,0.0,0.0,0.0,0.0,0.0,0.0,0.0,0.0,0.0,0,-107875648.0,53,0.0,106,-107614832.0,0.0,ERR,ERR,ERR,ERR,ERR,ERR,ERR,ERR,ERR,ERR,ERR,ERR,ERR,ERR,ERR,ERR,ERR,ERR,ERR,ERR,ERR,ERR,ERR,ERR,ERR,ERR,ERR,ERR,ERR,ERR,ERR,ERR,ERR,ERR,ERR,ERR,ERR,ERR,ERR,ERR,ERR,ERR,ERR,ERR,ERR,ERR,ERR,ERR,ERR,ERR,ERR,ERR,ERR,ERR,ERR,ERR,ERR,ERR,ERR,ERR,ERR,ERR,ERR,ERR,ERR,ERR,ERR,50.0,60.0,100,0.0,0.0,0.0,0.0,0.0,0.0,0.0,0.0,0.0,0.0,0.0,0.0,0.0,0.0,0.0,0.0,61.6,73,14,65513,50,65476,0,300,0,0,8,20529,65476,0,0,26214,60.0,0.0,0.0,0.0,0.0,0.0
2026-05-17T18:44:21,ERR,ERR,ERR,ERR,ERR,ERR,ERR,ERR,ERR,ERR,ERR,ERR,ERR,ERR,ERR,ERR,ERR,ERR,ERR,ERR,ERR,ERR,ERR,ERR,ERR,ERR,ERR,ERR,ERR,ERR,ERR,ERR,ERR,ERR,ERR,ERR,ERR,ERR,ERR,ERR,ERR,ERR,ERR,ERR,ERR,ERR,ERR,ERR,ERR,ERR,ERR,ERR,ERR,ERR,ERR,ERR,ERR,ERR,ERR,ERR,ERR,ERR,ERR,ERR,ERR,ERR,ERR,ERR,ERR,ERR,ERR,ERR,ERR,ERR,ERR,ERR,ERR,ERR,ERR,ERR,ERR,ERR,ERR,ERR,ERR,ERR,ERR,ERR,ERR,ERR,ERR,ERR,ERR,ERR,ERR,ERR,ERR,ERR,ERR,ERR,ERR,ERR,ERR,ERR,ERR,ERR,ERR,ERR,ERR,ERR,ERR,ERR,ERR,ERR,ERR,ERR,ERR,ERR,ERR,ERR,ERR,ERR,ERR,ERR,ERR,0.0,0.0,-134474944.0,0.0,0.0,1.3936040501711995e+18,7.805,0.0,0,0,4,0,8422,0.0,45,0.0,0.0,0.0,0.0,0.0,0,0,0,0,0.0,0,0,0,0,0,0,0,0,0,0,0,0,0,0,0,0,0,0,0,0,0,0,0,0,0,0,0,0,0,0,0,0,0,38,14,7,45,65476,0,300,0,0,8,21553,0.0,-107605600.0,0.0,0.0,0.0,0.0,0.0,0.0,0.0,0.0,0.0,0.0,0.0,0.0,0.0,0.0,0.0,0.0,0.0,0.0,0.0,0.0,2.004,2.004,-0.0,0.0,0.0,0.0,0.0,0.0,4980.0,-2.004,0.0,0.0,0.0,-107615280.0,2.718429300292151e+23,0.0,0.0,0.0,0.0,53,4.950428597886765e+32,1.905685750968484e+17,0.0,0.0,0.0,0.0,0.0,0.0,0.0,0,0,0,0.0,0.0,0.0,0.0,0.0,0.0,0.0,0.0,0.0,0.0,0.0,0.0,0.0,0.0,0.0,0.0,0,-107875648.0,53,0.0,106,-107614832.0,0.0,ERR,ERR,ERR,ERR,ERR,ERR,ERR,ERR,ERR,ERR,ERR,ERR,ERR,ERR,ERR,ERR,ERR,ERR,ERR,ERR,ERR,ERR,ERR,ERR,ERR,ERR,ERR,ERR,ERR,ERR,ERR,ERR,ERR,ERR,ERR,ERR,ERR,ERR,ERR,ERR,ERR,ERR,ERR,ERR,ERR,ERR,ERR,ERR,ERR,ERR,ERR,ERR,ERR,ERR,ERR,ERR,ERR,ERR,ERR,ERR,ERR,ERR,ERR,ERR,ERR,ERR,ERR,50.0,60.0,100,0.0,0.0,0.0,0.0,0.0,0.0,0.0,0.0,0.0,0.0,0.0,0.0,0.0,0.0,0.0,0.0,61.6,73,14,65513,50,65476,0,300,0,0,8,20529,65476,0,0,26214,60.0,0.0,0.0,0.0,0.0,0.0
2026-05-17T18:44:22,ERR,ERR,ERR,ERR,ERR,ERR,ERR,ERR,ERR,ERR,ERR,ERR,ERR,ERR,ERR,ERR,ERR,ERR,ERR,ERR,ERR,ERR,ERR,ERR,ERR,ERR,ERR,ERR,ERR,ERR,ERR,ERR,ERR,ERR,ERR,ERR,ERR,ERR,ERR,ERR,ERR,ERR,ERR,ERR,ERR,ERR,ERR,ERR,ERR,ERR,ERR,ERR,ERR,ERR,ERR,ERR,ERR,ERR,ERR,ERR,ERR,ERR,ERR,ERR,ERR,ERR,ERR,ERR,ERR,ERR,ERR,ERR,ERR,ERR,ERR,ERR,ERR,ERR,ERR,ERR,ERR,ERR,ERR,ERR,ERR,ERR,ERR,ERR,ERR,ERR,ERR,ERR,ERR,ERR,ERR,ERR,ERR,ERR,ERR,ERR,ERR,ERR,ERR,ERR,ERR,ERR,ERR,ERR,ERR,ERR,ERR,ERR,ERR,ERR,ERR,ERR,ERR,ERR,ERR,ERR,ERR,ERR,ERR,ERR,ERR,0.0,0.0,-134474944.0,0.0,0.0,1.3936040501711995e+18,7.805,0.0,0,0,4,0,8422,0.0,45,0.0,0.0,0.0,0.0,0.0,0,0,0,0,0.0,0,0,0,0,0,0,0,0,0,0,0,0,0,0,0,0,0,0,0,0,0,0,0,0,0,0,0,0,0,0,0,0,0,38,14,7,45,65476,0,300,0,0,8,21553,0.0,-107605600.0,0.0,0.0,0.0,0.0,0.0,0.0,0.0,0.0,0.0,0.0,0.0,0.0,0.0,0.0,0.0,0.0,0.0,0.0,0.0,0.0,2.004,2.004,-0.0,0.0,0.0,0.0,0.0,0.0,4980.0,-2.004,0.0,0.0,0.0,-107615280.0,2.718429300292151e+23,0.0,0.0,0.0,0.0,53,4.950428597886765e+32,1.905685750968484e+17,0.0,0.0,0.0,0.0,0.0,0.0,0.0,0,0,0,0.0,0.0,0.0,0.0,0.0,0.0,0.0,0.0,0.0,0.0,0.0,0.0,0.0,0.0,0.0,0.0,0,-107875648.0,53,0.0,106,-107614832.0,0.0,ERR,ERR,ERR,ERR,ERR,ERR,ERR,ERR,ERR,ERR,ERR,ERR,ERR,ERR,ERR,ERR,ERR,ERR,ERR,ERR,ERR,ERR,ERR,ERR,ERR,ERR,ERR,ERR,ERR,ERR,ERR,ERR,ERR,ERR,ERR,ERR,ERR,ERR,ERR,ERR,ERR,ERR,ERR,ERR,ERR,ERR,ERR,ERR,ERR,ERR,ERR,ERR,ERR,ERR,ERR,ERR,ERR,ERR,ERR,ERR,ERR,ERR,ERR,ERR,ERR,ERR,ERR,50.0,60.0,100,0.0,0.0,0.0,0.0,0.0,0.0,0.0,0.0,0.0,0.0,0.0,0.0,0.0,0.0,0.0,0.0,61.6,73,14,65513,50,65476,0,300,0,0,8,20529,65476,0,0,26214,60.0,0.0,0.0,0.0,0.0,0.0
2026-05-17T18:44:23,ERR,ERR,ERR,ERR,ERR,ERR,ERR,ERR,ERR,ERR,ERR,ERR,ERR,ERR,ERR,ERR,ERR,ERR,ERR,ERR,ERR,ERR,ERR,ERR,ERR,ERR,ERR,ERR,ERR,ERR,ERR,ERR,ERR,ERR,ERR,ERR,ERR,ERR,ERR,ERR,ERR,ERR,ERR,ERR,ERR,ERR,ERR,ERR,ERR,ERR,ERR,ERR,ERR,ERR,ERR,ERR,ERR,ERR,ERR,ERR,ERR,ERR,ERR,ERR,ERR,ERR,ERR,ERR,ERR,ERR,ERR,ERR,ERR,ERR,ERR,ERR,ERR,ERR,ERR,ERR,ERR,ERR,ERR,ERR,ERR,ERR,ERR,ERR,ERR,ERR,ERR,ERR,ERR,ERR,ERR,ERR,ERR,ERR,ERR,ERR,ERR,ERR,ERR,ERR,ERR,ERR,ERR,ERR,ERR,ERR,ERR,ERR,ERR,ERR,ERR,ERR,ERR,ERR,ERR,ERR,ERR,ERR,ERR,ERR,ERR,0.0,0.0,-134474944.0,0.0,0.0,1.3936040501711995e+18,7.805,0.0,0,0,4,0,8422,0.0,45,0.0,0.0,0.0,0.0,0.0,0,0,0,0,0.0,0,0,0,0,0,0,0,0,0,0,0,0,0,0,0,0,0,0,0,0,0,0,0,0,0,0,0,0,0,0,0,0,0,38,14,7,45,65476,0,300,0,0,8,21553,0.0,-107605600.0,0.0,0.0,0.0,0.0,0.0,0.0,0.0,0.0,0.0,0.0,0.0,0.0,0.0,0.0,0.0,0.0,0.0,0.0,0.0,0.0,2.004,2.004,-0.0,0.0,0.0,0.0,0.0,0.0,4980.0,-2.004,0.0,0.0,0.0,-107615280.0,2.718429300292151e+23,0.0,0.0,0.0,0.0,53,4.950428597886765e+32,1.905685750968484e+17,0.0,0.0,0.0,0.0,0.0,0.0,0.0,0,0,0,0.0,0.0,0.0,0.0,0.0,0.0,0.0,0.0,0.0,0.0,0.0,0.0,0.0,0.0,0.0,0.0,0,-107875648.0,53,0.0,106,-107614832.0,0.0,ERR,ERR,ERR,ERR,ERR,ERR,ERR,ERR,ERR,ERR,ERR,ERR,ERR,ERR,ERR,ERR,ERR,ERR,ERR,ERR,ERR,ERR,ERR,ERR,ERR,ERR,ERR,ERR,ERR,ERR,ERR,ERR,ERR,ERR,ERR,ERR,ERR,ERR,ERR,ERR,ERR,ERR,ERR,ERR,ERR,ERR,ERR,ERR,ERR,ERR,ERR,ERR,ERR,ERR,ERR,ERR,ERR,ERR,ERR,ERR,ERR,ERR,ERR,ERR,ERR,ERR,ERR,50.0,60.0,100,0.0,0.0,0.0,0.0,0.0,0.0,0.0,0.0,0.0,0.0,0.0,0.0,0.0,0.0,0.0,0.0,61.6,73,14,65513,50,65476,0,300,0,0,8,20529,65476,0,0,26214,60.0,0.0,0.0,0.0,0.0,0.0
2026-05-17T18:44:24,ERR,ERR,ERR,ERR,ERR,ERR,ERR,ERR,ERR,ERR,ERR,ERR,ERR,ERR,ERR,ERR,ERR,ERR,ERR,ERR,ERR,ERR,ERR,ERR,ERR,ERR,ERR,ERR,ERR,ERR,ERR,ERR,ERR,ERR,ERR,ERR,ERR,ERR,ERR,ERR,ERR,ERR,ERR,ERR,ERR,ERR,ERR,ERR,ERR,ERR,ERR,ERR,ERR,ERR,ERR,ERR,ERR,ERR,ERR,ERR,ERR,ERR,ERR,ERR,ERR,ERR,ERR,ERR,ERR,ERR,ERR,ERR,ERR,ERR,ERR,ERR,ERR,ERR,ERR,ERR,ERR,ERR,ERR,ERR,ERR,ERR,ERR,ERR,ERR,ERR,ERR,ERR,ERR,ERR,ERR,ERR,ERR,ERR,ERR,ERR,ERR,ERR,ERR,ERR,ERR,ERR,ERR,ERR,ERR,ERR,ERR,ERR,ERR,ERR,ERR,ERR,ERR,ERR,ERR,ERR,ERR,ERR,ERR,ERR,ERR,0.0,0.0,-134474944.0,0.0,0.0,1.3936040501711995e+18,7.805,0.0,0,0,4,0,8422,0.0,45,0.0,0.0,0.0,0.0,0.0,0,0,0,0,0.0,0,0,0,0,0,0,0,0,0,0,0,0,0,0,0,0,0,0,0,0,0,0,0,0,0,0,0,0,0,0,0,0,0,38,14,7,45,65476,0,300,0,0,8,21553,0.0,-107605600.0,0.0,0.0,0.0,0.0,0.0,0.0,0.0,0.0,0.0,0.0,0.0,0.0,0.0,0.0,0.0,0.0,0.0,0.0,0.0,0.0,2.004,2.004,-0.0,0.0,0.0,0.0,0.0,0.0,4980.0,-2.004,0.0,0.0,0.0,-107615280.0,2.718429300292151e+23,0.0,0.0,0.0,0.0,53,4.950428597886765e+32,1.905685750968484e+17,0.0,0.0,0.0,0.0,0.0,0.0,0.0,0,0,0,0.0,0.0,0.0,0.0,0.0,0.0,0.0,0.0,0.0,0.0,0.0,0.0,0.0,0.0,0.0,0.0,0,-107875648.0,53,0.0,106,-107614832.0,0.0,ERR,ERR,ERR,ERR,ERR,ERR,ERR,ERR,ERR,ERR,ERR,ERR,ERR,ERR,ERR,ERR,ERR,ERR,ERR,ERR,ERR,ERR,ERR,ERR,ERR,ERR,ERR,ERR,ERR,ERR,ERR,ERR,ERR,ERR,ERR,ERR,ERR,ERR,ERR,ERR,ERR,ERR,ERR,ERR,ERR,ERR,ERR,ERR,ERR,ERR,ERR,ERR,ERR,ERR,ERR,ERR,ERR,ERR,ERR,ERR,ERR,ERR,ERR,ERR,ERR,ERR,ERR,50.0,60.0,100,0.0,0.0,0.0,0.0,0.0,0.0,0.0,0.0,0.0,0.0,0.0,0.0,0.0,0.0,0.0,0.0,61.6,73,14,65513,50,65476,0,300,0,0,8,20529,65476,0,0,26214,60.0,0.0,0.0,0.0,0.0,0.0
2026-05-17T18:44:25,ERR,ERR,ERR,ERR,ERR,ERR,ERR,ERR,ERR,ERR,ERR,ERR,ERR,ERR,ERR,ERR,ERR,ERR,ERR,ERR,ERR,ERR,ERR,ERR,ERR,ERR,ERR,ERR,ERR,ERR,ERR,ERR,ERR,ERR,ERR,ERR,ERR,ERR,ERR,ERR,ERR,ERR,ERR,ERR,ERR,ERR,ERR,ERR,ERR,ERR,ERR,ERR,ERR,ERR,ERR,ERR,ERR,ERR,ERR,ERR,ERR,ERR,ERR,ERR,ERR,ERR,ERR,ERR,ERR,ERR,ERR,ERR,ERR,ERR,ERR,ERR,ERR,ERR,ERR,ERR,ERR,ERR,ERR,ERR,ERR,ERR,ERR,ERR,ERR,ERR,ERR,ERR,ERR,ERR,ERR,ERR,ERR,ERR,ERR,ERR,ERR,ERR,ERR,ERR,ERR,ERR,ERR,ERR,ERR,ERR,ERR,ERR,ERR,ERR,ERR,ERR,ERR,ERR,ERR,ERR,ERR,ERR,ERR,ERR,ERR,0.0,0.0,-134474944.0,0.0,0.0,1.3936040501711995e+18,7.805,0.0,0,0,4,0,8422,0.0,45,0.0,0.0,0.0,0.0,0.0,0,0,0,0,0.0,0,0,0,0,0,0,0,0,0,0,0,0,0,0,0,0,0,0,0,0,0,0,0,0,0,0,0,0,0,0,0,0,0,38,14,7,45,65476,0,300,0,0,8,21553,0.0,-107605600.0,0.0,0.0,0.0,0.0,0.0,0.0,0.0,0.0,0.0,0.0,0.0,0.0,0.0,0.0,0.0,0.0,0.0,0.0,0.0,0.0,2.004,2.004,-0.0,0.0,0.0,0.0,0.0,0.0,4980.0,-2.004,0.0,0.0,0.0,-107615280.0,2.718429300292151e+23,0.0,0.0,0.0,0.0,53,4.950428597886765e+32,1.905685750968484e+17,0.0,0.0,0.0,0.0,0.0,0.0,0.0,0,0,0,0.0,0.0,0.0,0.0,0.0,0.0,0.0,0.0,0.0,0.0,0.0,0.0,0.0,0.0,0.0,0.0,0,-107875648.0,53,0.0,106,-107614832.0,0.0,ERR,ERR,ERR,ERR,ERR,ERR,ERR,ERR,ERR,ERR,ERR,ERR,ERR,ERR,ERR,ERR,ERR,ERR,ERR,ERR,ERR,ERR,ERR,ERR,ERR,ERR,ERR,ERR,ERR,ERR,ERR,ERR,ERR,ERR,ERR,ERR,ERR,ERR,ERR,ERR,ERR,ERR,ERR,ERR,ERR,ERR,ERR,ERR,ERR,ERR,ERR,ERR,ERR,ERR,ERR,ERR,ERR,ERR,ERR,ERR,ERR,ERR,ERR,ERR,ERR,ERR,ERR,50.0,60.0,100,0.0,0.0,0.0,0.0,0.0,0.0,0.0,0.0,0.0,0.0,0.0,0.0,0.0,0.0,0.0,0.0,61.6,73,14,65513,50,65476,0,300,0,0,8,20529,65476,0,0,26214,60.0,0.0,0.0,0.0,0.0,0.0
2026-05-17T18:44:26,ERR,ERR,ERR,ERR,ERR,ERR,ERR,ERR,ERR,ERR,ERR,ERR,ERR,ERR,ERR,ERR,ERR,ERR,ERR,ERR,ERR,ERR,ERR,ERR,ERR,ERR,ERR,ERR,ERR,ERR,ERR,ERR,ERR,ERR,ERR,ERR,ERR,ERR,ERR,ERR,ERR,ERR,ERR,ERR,ERR,ERR,ERR,ERR,ERR,ERR,ERR,ERR,ERR,ERR,ERR,ERR,ERR,ERR,ERR,ERR,ERR,ERR,ERR,ERR,ERR,ERR,ERR,ERR,ERR,ERR,ERR,ERR,ERR,ERR,ERR,ERR,ERR,ERR,ERR,ERR,ERR,ERR,ERR,ERR,ERR,ERR,ERR,ERR,ERR,ERR,ERR,ERR,ERR,ERR,ERR,ERR,ERR,ERR,ERR,ERR,ERR,ERR,ERR,ERR,ERR,ERR,ERR,ERR,ERR,ERR,ERR,ERR,ERR,ERR,ERR,ERR,ERR,ERR,ERR,ERR,ERR,ERR,ERR,ERR,ERR,0.0,0.0,-134474944.0,0.0,0.0,1.3936040501711995e+18,7.805,0.0,0,0,4,0,8422,0.0,45,0.0,0.0,0.0,0.0,0.0,0,0,0,0,0.0,0,0,0,0,0,0,0,0,0,0,0,0,0,0,0,0,0,0,0,0,0,0,0,0,0,0,0,0,0,0,0,0,0,38,14,7,45,65476,0,300,0,0,8,21553,0.0,-107605600.0,0.0,0.0,0.0,0.0,0.0,0.0,0.0,0.0,0.0,0.0,0.0,0.0,0.0,0.0,0.0,0.0,0.0,0.0,0.0,0.0,0.0,2.004,-0.0,0.0,0.0,0.0,0.0,0.0,4979.0,-0.0,0.0,0.0,0.0,-107615280.0,2.718429300292151e+23,0.0,0.0,0.0,0.0,53,4.950428597886765e+32,0.0,0.0,0.0,0.0,0.0,0.0,0.0,0.0,0,0,0,0.0,0.0,0.0,0.0,0.0,0.0,0.0,0.0,0.0,0.0,0.0,0.0,0.0,0.0,0.0,0.0,0,-107875648.0,53,0.0,106,-107614832.0,0.0,ERR,ERR,ERR,ERR,ERR,ERR,ERR,ERR,ERR,ERR,ERR,ERR,ERR,ERR,ERR,ERR,ERR,ERR,ERR,ERR,ERR,ERR,ERR,ERR,ERR,ERR,ERR,ERR,ERR,ERR,ERR,ERR,ERR,ERR,ERR,ERR,ERR,ERR,ERR,ERR,ERR,ERR,ERR,ERR,ERR,ERR,ERR,ERR,ERR,ERR,ERR,ERR,ERR,ERR,ERR,ERR,ERR,ERR,ERR,ERR,ERR,ERR,ERR,ERR,ERR,ERR,ERR,50.0,60.0,100,0.0,0.0,0.0,0.0,0.0,0.0,0.0,0.0,0.0,0.0,0.0,0.0,0.0,0.0,0.0,0.0,61.6,73,14,65513,50,65476,0,300,0,0,8,20529,65476,0,0,26214,60.0,0.0,0.0,0.0,0.0,0.0
2026-05-17T18:44:27,ERR,ERR,ERR,ERR,ERR,ERR,ERR,ERR,ERR,ERR,ERR,ERR,ERR,ERR,ERR,ERR,ERR,ERR,ERR,ERR,ERR,ERR,ERR,ERR,ERR,ERR,ERR,ERR,ERR,ERR,ERR,ERR,ERR,ERR,ERR,ERR,ERR,ERR,ERR,ERR,ERR,ERR,ERR,ERR,ERR,ERR,ERR,ERR,ERR,ERR,ERR,ERR,ERR,ERR,ERR,ERR,ERR,ERR,ERR,ERR,ERR,ERR,ERR,ERR,ERR,ERR,ERR,ERR,ERR,ERR,ERR,ERR,ERR,ERR,ERR,ERR,ERR,ERR,ERR,ERR,ERR,ERR,ERR,ERR,ERR,ERR,ERR,ERR,ERR,ERR,ERR,ERR,ERR,ERR,ERR,ERR,ERR,ERR,ERR,ERR,ERR,ERR,ERR,ERR,ERR,ERR,ERR,ERR,ERR,ERR,ERR,ERR,ERR,ERR,ERR,ERR,ERR,ERR,ERR,ERR,ERR,ERR,ERR,ERR,ERR,0.0,0.0,-134474944.0,0.0,0.0,1.3936040501711995e+18,7.805,0.0,0,0,4,0,8422,0.0,45,0.0,0.0,0.0,0.0,0.0,0,0,0,0,0.0,0,0,0,0,0,0,0,0,0,0,0,0,0,0,0,0,0,0,0,0,0,0,0,0,0,0,0,0,0,0,0,0,0,38,14,7,45,65476,0,300,0,0,8,21553,0.0,-107605600.0,0.0,0.0,0.0,0.0,0.0,0.0,0.0,0.0,0.0,0.0,0.0,0.0,0.0,0.0,0.0,0.0,0.0,0.0,0.0,0.0,0.0,2.004,-0.0,0.0,0.0,0.0,0.0,0.0,4979.0,-0.0,0.0,0.0,0.0,-107615280.0,2.718429300292151e+23,0.0,0.0,0.0,0.0,53,4.950428597886765e+32,0.0,0.0,0.0,0.0,0.0,0.0,0.0,0.0,0,0,0,0.0,0.0,0.0,0.0,0.0,0.0,0.0,0.0,0.0,0.0,0.0,0.0,0.0,0.0,0.0,0.0,0,-107875648.0,53,0.0,106,-107614832.0,0.0,ERR,ERR,ERR,ERR,ERR,ERR,ERR,ERR,ERR,ERR,ERR,ERR,ERR,ERR,ERR,ERR,ERR,ERR,ERR,ERR,ERR,ERR,ERR,ERR,ERR,ERR,ERR,ERR,ERR,ERR,ERR,ERR,ERR,ERR,ERR,ERR,ERR,ERR,ERR,ERR,ERR,ERR,ERR,ERR,ERR,ERR,ERR,ERR,ERR,ERR,ERR,ERR,ERR,ERR,ERR,ERR,ERR,ERR,ERR,ERR,ERR,ERR,ERR,ERR,ERR,ERR,ERR,50.0,60.0,100,0.0,0.0,0.0,0.0,0.0,0.0,0.0,0.0,0.0,0.0,0.0,0.0,0.0,0.0,0.0,0.0,61.6,73,14,65513,50,65476,0,300,0,0,8,20529,65476,0,0,26214,60.0,0.0,0.0,0.0,0.0,0.0
2026-05-17T18:44:28,ERR,ERR,ERR,ERR,ERR,ERR,ERR,ERR,ERR,ERR,ERR,ERR,ERR,ERR,ERR,ERR,ERR,ERR,ERR,ERR,ERR,ERR,ERR,ERR,ERR,ERR,ERR,ERR,ERR,ERR,ERR,ERR,ERR,ERR,ERR,ERR,ERR,ERR,ERR,ERR,ERR,ERR,ERR,ERR,ERR,ERR,ERR,ERR,ERR,ERR,ERR,ERR,ERR,ERR,ERR,ERR,ERR,ERR,ERR,ERR,ERR,ERR,ERR,ERR,ERR,ERR,ERR,ERR,ERR,ERR,ERR,ERR,ERR,ERR,ERR,ERR,ERR,ERR,ERR,ERR,ERR,ERR,ERR,ERR,ERR,ERR,ERR,ERR,ERR,ERR,ERR,ERR,ERR,ERR,ERR,ERR,ERR,ERR,ERR,ERR,ERR,ERR,ERR,ERR,ERR,ERR,ERR,ERR,ERR,ERR,ERR,ERR,ERR,ERR,ERR,ERR,ERR,ERR,ERR,ERR,ERR,ERR,ERR,ERR,ERR,0.0,0.0,-134474944.0,0.0,0.0,1.3936040501711995e+18,7.805,0.0,0,0,4,0,8422,0.0,45,0.0,0.0,0.0,0.0,0.0,0,0,0,0,0.0,0,0,0,0,0,0,0,0,0,0,0,0,0,0,0,0,0,0,0,0,0,0,0,0,0,0,0,0,0,0,0,0,0,38,14,7,45,65476,0,300,0,0,8,21553,0.0,-107605600.0,0.0,0.0,0.0,0.0,0.0,0.0,0.0,0.0,0.0,0.0,0.0,0.0,0.0,0.0,0.0,0.0,0.0,0.0,0.0,0.0,0.0,2.004,-0.0,0.0,0.0,0.0,0.0,0.0,4979.0,-0.0,0.0,0.0,0.0,-107615280.0,2.718429300292151e+23,0.0,0.0,0.0,0.0,53,4.950428597886765e+32,0.0,0.0,0.0,0.0,0.0,0.0,0.0,0.0,0,0,0,0.0,0.0,0.0,0.0,0.0,0.0,0.0,0.0,0.0,0.0,0.0,0.0,0.0,0.0,0.0,0.0,0,-107875648.0,53,0.0,106,-107614832.0,0.0,ERR,ERR,ERR,ERR,ERR,ERR,ERR,ERR,ERR,ERR,ERR,ERR,ERR,ERR,ERR,ERR,ERR,ERR,ERR,ERR,ERR,ERR,ERR,ERR,ERR,ERR,ERR,ERR,ERR,ERR,ERR,ERR,ERR,ERR,ERR,ERR,ERR,ERR,ERR,ERR,ERR,ERR,ERR,ERR,ERR,ERR,ERR,ERR,ERR,ERR,ERR,ERR,ERR,ERR,ERR,ERR,ERR,ERR,ERR,ERR,ERR,ERR,ERR,ERR,ERR,ERR,ERR,50.0,60.0,100,0.0,0.0,0.0,0.0,0.0,0.0,0.0,0.0,0.0,0.0,0.0,0.0,0.0,0.0,0.0,0.0,61.6,73,14,65513,50,65476,0,300,0,0,8,20529,65476,0,0,26214,60.0,0.0,0.0,0.0,0.0,0.0
2026-05-17T18:44:29,ERR,ERR,ERR,ERR,ERR,ERR,ERR,ERR,ERR,ERR,ERR,ERR,ERR,ERR,ERR,ERR,ERR,ERR,ERR,ERR,ERR,ERR,ERR,ERR,ERR,ERR,ERR,ERR,ERR,ERR,ERR,ERR,ERR,ERR,ERR,ERR,ERR,ERR,ERR,ERR,ERR,ERR,ERR,ERR,ERR,ERR,ERR,ERR,ERR,ERR,ERR,ERR,ERR,ERR,ERR,ERR,ERR,ERR,ERR,ERR,ERR,ERR,ERR,ERR,ERR,ERR,ERR,ERR,ERR,ERR,ERR,ERR,ERR,ERR,ERR,ERR,ERR,ERR,ERR,ERR,ERR,ERR,ERR,ERR,ERR,ERR,ERR,ERR,ERR,ERR,ERR,ERR,ERR,ERR,ERR,ERR,ERR,ERR,ERR,ERR,ERR,ERR,ERR,ERR,ERR,ERR,ERR,ERR,ERR,ERR,ERR,ERR,ERR,ERR,ERR,ERR,ERR,ERR,ERR,ERR,ERR,ERR,ERR,ERR,ERR,0.0,0.0,-134474944.0,0.0,0.0,1.3936040501711995e+18,7.805,0.0,0,0,4,0,8422,0.0,45,0.0,0.0,0.0,0.0,0.0,0,0,0,0,0.0,0,0,0,0,0,0,0,0,0,0,0,0,0,0,0,0,0,0,0,0,0,0,0,0,0,0,0,0,0,0,0,0,0,38,14,7,45,65476,0,300,0,0,8,21553,0.0,-107605600.0,0.0,0.0,0.0,0.0,0.0,0.0,0.0,0.0,0.0,0.0,0.0,0.0,0.0,0.0,0.0,0.0,0.0,0.0,0.0,0.0,0.0,2.004,-0.0,0.0,0.0,0.0,0.0,0.0,4979.0,-0.0,0.0,0.0,0.0,-107615280.0,2.718429300292151e+23,0.0,0.0,0.0,0.0,53,4.950428597886765e+32,0.0,0.0,0.0,0.0,0.0,0.0,0.0,0.0,0,0,0,0.0,0.0,0.0,0.0,0.0,0.0,0.0,0.0,0.0,0.0,0.0,0.0,0.0,0.0,0.0,0.0,0,-107875648.0,53,0.0,106,-107614832.0,0.0,ERR,ERR,ERR,ERR,ERR,ERR,ERR,ERR,ERR,ERR,ERR,ERR,ERR,ERR,ERR,ERR,ERR,ERR,ERR,ERR,ERR,ERR,ERR,ERR,ERR,ERR,ERR,ERR,ERR,ERR,ERR,ERR,ERR,ERR,ERR,ERR,ERR,ERR,ERR,ERR,ERR,ERR,ERR,ERR,ERR,ERR,ERR,ERR,ERR,ERR,ERR,ERR,ERR,ERR,ERR,ERR,ERR,ERR,ERR,ERR,ERR,ERR,ERR,ERR,ERR,ERR,ERR,50.0,60.0,100,0.0,0.0,0.0,0.0,0.0,0.0,0.0,0.0,0.0,0.0,0.0,0.0,0.0,0.0,0.0,0.0,61.6,73,14,65513,50,65476,0,300,0,0,8,20529,65476,0,0,26214,60.0,0.0,0.0,0.0,0.0,0.0
2026-05-17T18:44:30,ERR,ERR,ERR,ERR,ERR,ERR,ERR,ERR,ERR,ERR,ERR,ERR,ERR,ERR,ERR,ERR,ERR,ERR,ERR,ERR,ERR,ERR,ERR,ERR,ERR,ERR,ERR,ERR,ERR,ERR,ERR,ERR,ERR,ERR,ERR,ERR,ERR,ERR,ERR,ERR,ERR,ERR,ERR,ERR,ERR,ERR,ERR,ERR,ERR,ERR,ERR,ERR,ERR,ERR,ERR,ERR,ERR,ERR,ERR,ERR,ERR,ERR,ERR,ERR,ERR,ERR,ERR,ERR,ERR,ERR,ERR,ERR,ERR,ERR,ERR,ERR,ERR,ERR,ERR,ERR,ERR,ERR,ERR,ERR,ERR,ERR,ERR,ERR,ERR,ERR,ERR,ERR,ERR,ERR,ERR,ERR,ERR,ERR,ERR,ERR,ERR,ERR,ERR,ERR,ERR,ERR,ERR,ERR,ERR,ERR,ERR,ERR,ERR,ERR,ERR,ERR,ERR,ERR,ERR,ERR,ERR,ERR,ERR,ERR,ERR,0.0,0.0,-134474944.0,0.0,0.0,1.3936040501711995e+18,7.805,0.0,0,0,4,0,8422,0.0,45,0.0,0.0,0.0,0.0,0.0,0,0,0,0,0.0,0,0,0,0,0,0,0,0,0,0,0,0,0,0,0,0,0,0,0,0,0,0,0,0,0,0,0,0,0,0,0,0,0,38,14,7,45,65476,0,300,0,0,8,21553,0.0,-107605600.0,0.0,0.0,0.0,0.0,0.0,0.0,0.0,0.0,0.0,0.0,0.0,0.0,0.0,0.0,0.0,0.0,0.0,0.0,0.0,0.0,0.0,2.004,-0.0,0.0,0.0,0.0,0.0,0.0,4979.0,-0.0,0.0,0.0,0.0,-107615280.0,2.718429300292151e+23,0.0,0.0,0.0,0.0,53,4.950428597886765e+32,0.0,0.0,0.0,0.0,0.0,0.0,0.0,0.0,0,0,0,0.0,0.0,0.0,0.0,0.0,0.0,0.0,0.0,0.0,0.0,0.0,0.0,0.0,0.0,0.0,0.0,0,-107875648.0,53,0.0,106,-107614832.0,0.0,ERR,ERR,ERR,ERR,ERR,ERR,ERR,ERR,ERR,ERR,ERR,ERR,ERR,ERR,ERR,ERR,ERR,ERR,ERR,ERR,ERR,ERR,ERR,ERR,ERR,ERR,ERR,ERR,ERR,ERR,ERR,ERR,ERR,ERR,ERR,ERR,ERR,ERR,ERR,ERR,ERR,ERR,ERR,ERR,ERR,ERR,ERR,ERR,ERR,ERR,ERR,ERR,ERR,ERR,ERR,ERR,ERR,ERR,ERR,ERR,ERR,ERR,ERR,ERR,ERR,ERR,ERR,50.0,60.0,100,0.0,0.0,0.0,0.0,0.0,0.0,0.0,0.0,0.0,0.0,0.0,0.0,0.0,0.0,0.0,0.0,61.6,73,14,65513,50,65476,0,300,0,0,8,20529,65476,0,0,26214,60.0,0.0,0.0,0.0,0.0,0.0
2026-05-17T18:44:31,ERR,ERR,ERR,ERR,ERR,ERR,ERR,ERR,ERR,ERR,ERR,ERR,ERR,ERR,ERR,ERR,ERR,ERR,ERR,ERR,ERR,ERR,ERR,ERR,ERR,ERR,ERR,ERR,ERR,ERR,ERR,ERR,ERR,ERR,ERR,ERR,ERR,ERR,ERR,ERR,ERR,ERR,ERR,ERR,ERR,ERR,ERR,ERR,ERR,ERR,ERR,ERR,ERR,ERR,ERR,ERR,ERR,ERR,ERR,ERR,ERR,ERR,ERR,ERR,ERR,ERR,ERR,ERR,ERR,ERR,ERR,ERR,ERR,ERR,ERR,ERR,ERR,ERR,ERR,ERR,ERR,ERR,ERR,ERR,ERR,ERR,ERR,ERR,ERR,ERR,ERR,ERR,ERR,ERR,ERR,ERR,ERR,ERR,ERR,ERR,ERR,ERR,ERR,ERR,ERR,ERR,ERR,ERR,ERR,ERR,ERR,ERR,ERR,ERR,ERR,ERR,ERR,ERR,ERR,ERR,ERR,ERR,ERR,ERR,ERR,0.0,0.0,-134474944.0,0.0,0.0,1.3936040501711995e+18,7.805,0.0,0,0,4,0,8422,0.0,45,0.0,0.0,0.0,0.0,0.0,0,0,0,0,0.0,0,0,0,0,0,0,0,0,0,0,0,0,0,0,0,0,0,0,0,0,0,0,0,0,0,0,0,0,0,0,0,0,0,38,14,7,45,65476,0,300,0,0,8,21553,0.0,-107605600.0,0.0,0.0,0.0,0.0,0.0,0.0,0.0,0.0,0.0,0.0,0.0,0.0,0.0,0.0,0.0,0.0,0.0,0.0,0.0,0.0,2.004,2.004,-0.0,0.0,0.0,0.0,0.0,0.0,4979.0,-0.0,0.0,0.0,0.0,-107615280.0,2.718429300292151e+23,0.0,0.0,0.0,0.0,53,4.950428597886765e+32,126840528896.0,0.0,0.0,0.0,0.0,0.0,0.0,0.0,0,0,0,0.0,0.0,0.0,0.0,0.0,0.0,0.0,0.0,0.0,0.0,0.0,0.0,0.0,0.0,0.0,0.0,0,-107875648.0,53,0.0,106,-107614832.0,0.0,ERR,ERR,ERR,ERR,ERR,ERR,ERR,ERR,ERR,ERR,ERR,ERR,ERR,ERR,ERR,ERR,ERR,ERR,ERR,ERR,ERR,ERR,ERR,ERR,ERR,ERR,ERR,ERR,ERR,ERR,ERR,ERR,ERR,ERR,ERR,ERR,ERR,ERR,ERR,ERR,ERR,ERR,ERR,ERR,ERR,ERR,ERR,ERR,ERR,ERR,ERR,ERR,ERR,ERR,ERR,ERR,ERR,ERR,ERR,ERR,ERR,ERR,ERR,ERR,ERR,ERR,ERR,50.0,60.0,100,0.0,0.0,0.0,0.0,0.0,0.0,0.0,0.0,0.0,0.0,0.0,0.0,0.0,0.0,0.0,0.0,61.6,73,14,65513,50,65476,0,300,0,0,8,20529,65476,0,0,26214,60.0,0.0,0.0,0.0,0.0,0.0
2026-05-17T18:44:32,ERR,ERR,ERR,ERR,ERR,ERR,ERR,ERR,ERR,ERR,ERR,ERR,ERR,ERR,ERR,ERR,ERR,ERR,ERR,ERR,ERR,ERR,ERR,ERR,ERR,ERR,ERR,ERR,ERR,ERR,ERR,ERR,ERR,ERR,ERR,ERR,ERR,ERR,ERR,ERR,ERR,ERR,ERR,ERR,ERR,ERR,ERR,ERR,ERR,ERR,ERR,ERR,ERR,ERR,ERR,ERR,ERR,ERR,ERR,ERR,ERR,ERR,ERR,ERR,ERR,ERR,ERR,ERR,ERR,ERR,ERR,ERR,ERR,ERR,ERR,ERR,ERR,ERR,ERR,ERR,ERR,ERR,ERR,ERR,ERR,ERR,ERR,ERR,ERR,ERR,ERR,ERR,ERR,ERR,ERR,ERR,ERR,ERR,ERR,ERR,ERR,ERR,ERR,ERR,ERR,ERR,ERR,ERR,ERR,ERR,ERR,ERR,ERR,ERR,ERR,ERR,ERR,ERR,ERR,ERR,ERR,ERR,ERR,ERR,ERR,0.0,0.0,-134474944.0,0.0,0.0,1.3936040501711995e+18,7.805,0.0,0,0,4,0,8422,0.0,45,0.0,0.0,0.0,0.0,0.0,0,0,0,0,0.0,0,0,0,0,0,0,0,0,0,0,0,0,0,0,0,0,0,0,0,0,0,0,0,0,0,0,0,0,0,0,0,0,0,38,14,7,45,65476,0,300,0,0,8,21553,0.0,-107605600.0,0.0,0.0,0.0,0.0,0.0,0.0,0.0,0.0,0.0,0.0,0.0,0.0,0.0,0.0,0.0,0.0,0.0,0.0,0.0,0.0,2.004,2.004,-0.0,0.0,0.0,0.0,0.0,0.0,4979.0,-0.0,0.0,0.0,0.0,-107615280.0,2.718429300292151e+23,0.0,0.0,0.0,0.0,53,4.950428597886765e+32,126840528896.0,0.0,0.0,0.0,0.0,0.0,0.0,0.0,0,0,0,0.0,0.0,0.0,0.0,0.0,0.0,0.0,0.0,0.0,0.0,0.0,0.0,0.0,0.0,0.0,0.0,0,-107875648.0,53,0.0,106,-107614832.0,0.0,ERR,ERR,ERR,ERR,ERR,ERR,ERR,ERR,ERR,ERR,ERR,ERR,ERR,ERR,ERR,ERR,ERR,ERR,ERR,ERR,ERR,ERR,ERR,ERR,ERR,ERR,ERR,ERR,ERR,ERR,ERR,ERR,ERR,ERR,ERR,ERR,ERR,ERR,ERR,ERR,ERR,ERR,ERR,ERR,ERR,ERR,ERR,ERR,ERR,ERR,ERR,ERR,ERR,ERR,ERR,ERR,ERR,ERR,ERR,ERR,ERR,ERR,ERR,ERR,ERR,ERR,ERR,50.0,60.0,100,0.0,0.0,0.0,0.0,0.0,0.0,0.0,0.0,0.0,0.0,0.0,0.0,0.0,0.0,0.0,0.0,62.0,73,14,65513,50,65476,0,300,0,0,8,20529,65476,0,0,26214,60.0,0.0,0.0,0.0,0.0,0.0
2026-05-17T18:44:33,ERR,ERR,ERR,ERR,ERR,ERR,ERR,ERR,ERR,ERR,ERR,ERR,ERR,ERR,ERR,ERR,ERR,ERR,ERR,ERR,ERR,ERR,ERR,ERR,ERR,ERR,ERR,ERR,ERR,ERR,ERR,ERR,ERR,ERR,ERR,ERR,ERR,ERR,ERR,ERR,ERR,ERR,ERR,ERR,ERR,ERR,ERR,ERR,ERR,ERR,ERR,ERR,ERR,ERR,ERR,ERR,ERR,ERR,ERR,ERR,ERR,ERR,ERR,ERR,ERR,ERR,ERR,ERR,ERR,ERR,ERR,ERR,ERR,ERR,ERR,ERR,ERR,ERR,ERR,ERR,ERR,ERR,ERR,ERR,ERR,ERR,ERR,ERR,ERR,ERR,ERR,ERR,ERR,ERR,ERR,ERR,ERR,ERR,ERR,ERR,ERR,ERR,ERR,ERR,ERR,ERR,ERR,ERR,ERR,ERR,ERR,ERR,ERR,ERR,ERR,ERR,ERR,ERR,ERR,ERR,ERR,ERR,ERR,ERR,ERR,0.0,0.0,-134474944.0,0.0,0.0,1.3936040501711995e+18,7.805,0.0,0,0,4,0,8422,0.0,45,0.0,0.0,0.0,0.0,0.0,0,0,0,0,0.0,0,0,0,0,0,0,0,0,0,0,0,0,0,0,0,0,0,0,0,0,0,0,0,0,0,0,0,0,0,0,0,0,0,38,14,7,45,65476,0,300,0,0,8,21553,0.0,-107605600.0,0.0,0.0,0.0,0.0,0.0,0.0,0.0,0.0,0.0,0.0,0.0,0.0,0.0,0.0,0.0,0.0,0.0,0.0,0.0,0.0,2.004,2.004,-0.0,0.0,0.0,0.0,0.0,0.0,4979.0,-0.0,0.0,0.0,0.0,-107615280.0,2.718429300292151e+23,0.0,0.0,0.0,0.0,53,4.950428597886765e+32,126840528896.0,0.0,0.0,0.0,0.0,0.0,0.0,0.0,0,0,0,0.0,0.0,0.0,0.0,0.0,0.0,0.0,0.0,0.0,0.0,0.0,0.0,0.0,0.0,0.0,0.0,0,-107875648.0,53,0.0,106,-107614832.0,0.0,ERR,ERR,ERR,ERR,ERR,ERR,ERR,ERR,ERR,ERR,ERR,ERR,ERR,ERR,ERR,ERR,ERR,ERR,ERR,ERR,ERR,ERR,ERR,ERR,ERR,ERR,ERR,ERR,ERR,ERR,ERR,ERR,ERR,ERR,ERR,ERR,ERR,ERR,ERR,ERR,ERR,ERR,ERR,ERR,ERR,ERR,ERR,ERR,ERR,ERR,ERR,ERR,ERR,ERR,ERR,ERR,ERR,ERR,ERR,ERR,ERR,ERR,ERR,ERR,ERR,ERR,ERR,50.0,60.0,100,0.0,0.0,0.0,0.0,0.0,0.0,0.0,0.0,0.0,0.0,0.0,0.0,0.0,0.0,0.0,0.0,62.0,73,14,65513,50,65476,0,300,0,0,8,20529,65476,0,0,26214,60.0,0.0,0.0,0.0,0.0,0.0
2026-05-17T18:44:34,ERR,ERR,ERR,ERR,ERR,ERR,ERR,ERR,ERR,ERR,ERR,ERR,ERR,ERR,ERR,ERR,ERR,ERR,ERR,ERR,ERR,ERR,ERR,ERR,ERR,ERR,ERR,ERR,ERR,ERR,ERR,ERR,ERR,ERR,ERR,ERR,ERR,ERR,ERR,ERR,ERR,ERR,ERR,ERR,ERR,ERR,ERR,ERR,ERR,ERR,ERR,ERR,ERR,ERR,ERR,ERR,ERR,ERR,ERR,ERR,ERR,ERR,ERR,ERR,ERR,ERR,ERR,ERR,ERR,ERR,ERR,ERR,ERR,ERR,ERR,ERR,ERR,ERR,ERR,ERR,ERR,ERR,ERR,ERR,ERR,ERR,ERR,ERR,ERR,ERR,ERR,ERR,ERR,ERR,ERR,ERR,ERR,ERR,ERR,ERR,ERR,ERR,ERR,ERR,ERR,ERR,ERR,ERR,ERR,ERR,ERR,ERR,ERR,ERR,ERR,ERR,ERR,ERR,ERR,ERR,ERR,ERR,ERR,ERR,ERR,0.0,0.0,-134474944.0,0.0,0.0,1.3936040501711995e+18,7.805,0.0,0,0,4,0,8422,0.0,45,0.0,0.0,0.0,0.0,0.0,0,0,0,0,0.0,0,0,0,0,0,0,0,0,0,0,0,0,0,0,0,0,0,0,0,0,0,0,0,0,0,0,0,0,0,0,0,0,0,38,14,7,45,65476,0,300,0,0,8,21553,0.0,-107605600.0,0.0,0.0,0.0,0.0,0.0,0.0,0.0,0.0,0.0,0.0,0.0,0.0,0.0,0.0,0.0,0.0,0.0,0.0,0.0,0.0,2.004,2.004,-0.0,0.0,0.0,0.0,0.0,0.0,4979.0,-0.0,0.0,0.0,0.0,-107615280.0,2.718429300292151e+23,0.0,0.0,0.0,0.0,53,4.950428597886765e+32,126840528896.0,0.0,0.0,0.0,0.0,0.0,0.0,0.0,0,0,0,0.0,0.0,0.0,0.0,0.0,0.0,0.0,0.0,0.0,0.0,0.0,0.0,0.0,0.0,0.0,0.0,0,-107875648.0,53,0.0,106,-107614832.0,0.0,ERR,ERR,ERR,ERR,ERR,ERR,ERR,ERR,ERR,ERR,ERR,ERR,ERR,ERR,ERR,ERR,ERR,ERR,ERR,ERR,ERR,ERR,ERR,ERR,ERR,ERR,ERR,ERR,ERR,ERR,ERR,ERR,ERR,ERR,ERR,ERR,ERR,ERR,ERR,ERR,ERR,ERR,ERR,ERR,ERR,ERR,ERR,ERR,ERR,ERR,ERR,ERR,ERR,ERR,ERR,ERR,ERR,ERR,ERR,ERR,ERR,ERR,ERR,ERR,ERR,ERR,ERR,50.0,60.0,100,0.0,0.0,0.0,0.0,0.0,0.0,0.0,0.0,0.0,0.0,0.0,0.0,0.0,0.0,0.0,0.0,61.6,73,14,65513,50,65476,0,300,0,0,8,20529,65476,0,0,26214,60.0,0.0,0.0,0.0,0.0,0.0
2026-05-17T18:44:35,ERR,ERR,ERR,ERR,ERR,ERR,ERR,ERR,ERR,ERR,ERR,ERR,ERR,ERR,ERR,ERR,ERR,ERR,ERR,ERR,ERR,ERR,ERR,ERR,ERR,ERR,ERR,ERR,ERR,ERR,ERR,ERR,ERR,ERR,ERR,ERR,ERR,ERR,ERR,ERR,ERR,ERR,ERR,ERR,ERR,ERR,ERR,ERR,ERR,ERR,ERR,ERR,ERR,ERR,ERR,ERR,ERR,ERR,ERR,ERR,ERR,ERR,ERR,ERR,ERR,ERR,ERR,ERR,ERR,ERR,ERR,ERR,ERR,ERR,ERR,ERR,ERR,ERR,ERR,ERR,ERR,ERR,ERR,ERR,ERR,ERR,ERR,ERR,ERR,ERR,ERR,ERR,ERR,ERR,ERR,ERR,ERR,ERR,ERR,ERR,ERR,ERR,ERR,ERR,ERR,ERR,ERR,ERR,ERR,ERR,ERR,ERR,ERR,ERR,ERR,ERR,ERR,ERR,ERR,ERR,ERR,ERR,ERR,ERR,ERR,0.0,0.0,-134474944.0,0.0,0.0,1.3936040501711995e+18,7.805,0.0,0,0,4,0,8422,0.0,45,0.0,0.0,0.0,0.0,0.0,0,0,0,0,0.0,0,0,0,0,0,0,0,0,0,0,0,0,0,0,0,0,0,0,0,0,0,0,0,0,0,0,0,0,0,0,0,0,0,38,14,7,45,65476,0,300,0,0,8,21553,0.0,-107605600.0,0.0,0.0,0.0,0.0,0.0,0.0,0.0,0.0,0.0,0.0,0.0,0.0,0.0,0.0,0.0,0.0,0.0,0.0,0.0,0.0,2.004,2.004,-0.0,0.0,0.0,0.0,0.0,0.0,4979.0,-0.0,0.0,0.0,0.0,-107615280.0,2.718429300292151e+23,0.0,0.0,0.0,0.0,53,4.950428597886765e+32,126840528896.0,0.0,0.0,0.0,0.0,0.0,0.0,0.0,0,0,0,0.0,0.0,0.0,0.0,0.0,0.0,0.0,0.0,0.0,0.0,0.0,0.0,0.0,0.0,0.0,0.0,0,-107875648.0,53,0.0,106,-107614832.0,0.0,ERR,ERR,ERR,ERR,ERR,ERR,ERR,ERR,ERR,ERR,ERR,ERR,ERR,ERR,ERR,ERR,ERR,ERR,ERR,ERR,ERR,ERR,ERR,ERR,ERR,ERR,ERR,ERR,ERR,ERR,ERR,ERR,ERR,ERR,ERR,ERR,ERR,ERR,ERR,ERR,ERR,ERR,ERR,ERR,ERR,ERR,ERR,ERR,ERR,ERR,ERR,ERR,ERR,ERR,ERR,ERR,ERR,ERR,ERR,ERR,ERR,ERR,ERR,ERR,ERR,ERR,ERR,50.0,60.0,100,0.0,0.0,0.0,0.0,0.0,0.0,0.0,0.0,0.0,0.0,0.0,0.0,0.0,0.0,0.0,0.0,61.6,73,14,65513,50,65476,0,300,0,0,8,20529,65476,0,0,26214,60.0,0.0,0.0,0.0,0.0,0.0
2026-05-17T18:44:36,ERR,ERR,ERR,ERR,ERR,ERR,ERR,ERR,ERR,ERR,ERR,ERR,ERR,ERR,ERR,ERR,ERR,ERR,ERR,ERR,ERR,ERR,ERR,ERR,ERR,ERR,ERR,ERR,ERR,ERR,ERR,ERR,ERR,ERR,ERR,ERR,ERR,ERR,ERR,ERR,ERR,ERR,ERR,ERR,ERR,ERR,ERR,ERR,ERR,ERR,ERR,ERR,ERR,ERR,ERR,ERR,ERR,ERR,ERR,ERR,ERR,ERR,ERR,ERR,ERR,ERR,ERR,ERR,ERR,ERR,ERR,ERR,ERR,ERR,ERR,ERR,ERR,ERR,ERR,ERR,ERR,ERR,ERR,ERR,ERR,ERR,ERR,ERR,ERR,ERR,ERR,ERR,ERR,ERR,ERR,ERR,ERR,ERR,ERR,ERR,ERR,ERR,ERR,ERR,ERR,ERR,ERR,ERR,ERR,ERR,ERR,ERR,ERR,ERR,ERR,ERR,ERR,ERR,ERR,ERR,ERR,ERR,ERR,ERR,ERR,0.0,0.0,-134474944.0,0.0,0.0,1.3936040501711995e+18,7.805,0.0,0,0,4,0,8422,0.0,45,0.0,0.0,0.0,0.0,0.0,0,0,0,0,0.0,0,0,0,0,0,0,0,0,0,0,0,0,0,0,0,0,0,0,0,0,0,0,0,0,0,0,0,0,0,0,0,0,0,38,14,7,45,65476,0,300,0,0,8,21553,0.0,-107605600.0,0.0,0.0,0.0,0.0,0.0,0.0,0.0,0.0,0.0,0.0,0.0,0.0,0.0,0.0,0.0,0.0,0.0,0.0,0.0,0.0,2.004,2.004,-0.0,0.0,0.0,0.0,0.0,0.0,4983.0,-0.0,0.0,0.0,0.0,-107615280.0,2.718429300292151e+23,0.0,0.0,0.0,0.0,53,-0.0,126840528896.0,0.0,0.0,0.0,0.0,0.0,0.0,0.0,0,0,0,0.0,0.0,0.0,0.0,0.0,0.0,0.0,0.0,0.0,0.0,0.0,0.0,0.0,0.0,0.0,0.0,0,-107875648.0,53,0.0,106,-107614832.0,0.0,ERR,ERR,ERR,ERR,ERR,ERR,ERR,ERR,ERR,ERR,ERR,ERR,ERR,ERR,ERR,ERR,ERR,ERR,ERR,ERR,ERR,ERR,ERR,ERR,ERR,ERR,ERR,ERR,ERR,ERR,ERR,ERR,ERR,ERR,ERR,ERR,ERR,ERR,ERR,ERR,ERR,ERR,ERR,ERR,ERR,ERR,ERR,ERR,ERR,ERR,ERR,ERR,ERR,ERR,ERR,ERR,ERR,ERR,ERR,ERR,ERR,ERR,ERR,ERR,ERR,ERR,ERR,50.0,60.0,100,0.0,0.0,0.0,0.0,0.0,0.0,0.0,0.0,0.0,0.0,0.0,0.0,0.0,0.0,0.0,0.0,62.0,73,14,65513,50,65476,0,300,0,0,8,20529,65476,0,0,26214,60.0,0.0,0.0,0.0,0.0,0.0
2026-05-17T18:44:37,ERR,ERR,ERR,ERR,ERR,ERR,ERR,ERR,ERR,ERR,ERR,ERR,ERR,ERR,ERR,ERR,ERR,ERR,ERR,ERR,ERR,ERR,ERR,ERR,ERR,ERR,ERR,ERR,ERR,ERR,ERR,ERR,ERR,ERR,ERR,ERR,ERR,ERR,ERR,ERR,ERR,ERR,ERR,ERR,ERR,ERR,ERR,ERR,ERR,ERR,ERR,ERR,ERR,ERR,ERR,ERR,ERR,ERR,ERR,ERR,ERR,ERR,ERR,ERR,ERR,ERR,ERR,ERR,ERR,ERR,ERR,ERR,ERR,ERR,ERR,ERR,ERR,ERR,ERR,ERR,ERR,ERR,ERR,ERR,ERR,ERR,ERR,ERR,ERR,ERR,ERR,ERR,ERR,ERR,ERR,ERR,ERR,ERR,ERR,ERR,ERR,ERR,ERR,ERR,ERR,ERR,ERR,ERR,ERR,ERR,ERR,ERR,ERR,ERR,ERR,ERR,ERR,ERR,ERR,ERR,ERR,ERR,ERR,ERR,ERR,0.0,0.0,-134474944.0,0.0,0.0,1.3936040501711995e+18,7.805,0.0,0,0,4,0,8422,0.0,45,0.0,0.0,0.0,0.0,0.0,0,0,0,0,0.0,0,0,0,0,0,0,0,0,0,0,0,0,0,0,0,0,0,0,0,0,0,0,0,0,0,0,0,0,0,0,0,0,0,38,14,7,45,65476,0,300,0,0,8,21553,0.0,-107605600.0,0.0,0.0,0.0,0.0,0.0,0.0,0.0,0.0,0.0,0.0,0.0,0.0,0.0,0.0,0.0,0.0,0.0,0.0,0.0,0.0,2.004,2.004,-0.0,0.0,0.0,0.0,0.0,0.0,4983.0,-0.0,0.0,0.0,0.0,-107615280.0,2.718429300292151e+23,0.0,0.0,0.0,0.0,53,-0.0,126840528896.0,0.0,0.0,0.0,0.0,0.0,0.0,0.0,0,0,0,0.0,0.0,0.0,0.0,0.0,0.0,0.0,0.0,0.0,0.0,0.0,0.0,0.0,0.0,0.0,0.0,0,-107875648.0,53,0.0,106,-107614832.0,0.0,ERR,ERR,ERR,ERR,ERR,ERR,ERR,ERR,ERR,ERR,ERR,ERR,ERR,ERR,ERR,ERR,ERR,ERR,ERR,ERR,ERR,ERR,ERR,ERR,ERR,ERR,ERR,ERR,ERR,ERR,ERR,ERR,ERR,ERR,ERR,ERR,ERR,ERR,ERR,ERR,ERR,ERR,ERR,ERR,ERR,ERR,ERR,ERR,ERR,ERR,ERR,ERR,ERR,ERR,ERR,ERR,ERR,ERR,ERR,ERR,ERR,ERR,ERR,ERR,ERR,ERR,ERR,50.0,60.0,100,0.0,0.0,0.0,0.0,0.0,0.0,0.0,0.0,0.0,0.0,0.0,0.0,0.0,0.0,0.0,0.0,62.0,73,14,65513,50,65476,0,300,0,0,8,20529,65476,0,0,26214,60.0,0.0,0.0,0.0,0.0,0.0
2026-05-17T18:44:38,ERR,ERR,ERR,ERR,ERR,ERR,ERR,ERR,ERR,ERR,ERR,ERR,ERR,ERR,ERR,ERR,ERR,ERR,ERR,ERR,ERR,ERR,ERR,ERR,ERR,ERR,ERR,ERR,ERR,ERR,ERR,ERR,ERR,ERR,ERR,ERR,ERR,ERR,ERR,ERR,ERR,ERR,ERR,ERR,ERR,ERR,ERR,ERR,ERR,ERR,ERR,ERR,ERR,ERR,ERR,ERR,ERR,ERR,ERR,ERR,ERR,ERR,ERR,ERR,ERR,ERR,ERR,ERR,ERR,ERR,ERR,ERR,ERR,ERR,ERR,ERR,ERR,ERR,ERR,ERR,ERR,ERR,ERR,ERR,ERR,ERR,ERR,ERR,ERR,ERR,ERR,ERR,ERR,ERR,ERR,ERR,ERR,ERR,ERR,ERR,ERR,ERR,ERR,ERR,ERR,ERR,ERR,ERR,ERR,ERR,ERR,ERR,ERR,ERR,ERR,ERR,ERR,ERR,ERR,ERR,ERR,ERR,ERR,ERR,ERR,0.0,0.0,-134474944.0,0.0,0.0,1.3936040501711995e+18,7.805,0.0,0,0,4,0,8422,0.0,45,0.0,0.0,0.0,0.0,0.0,0,0,0,0,0.0,0,0,0,0,0,0,0,0,0,0,0,0,0,0,0,0,0,0,0,0,0,0,0,0,0,0,0,0,0,0,0,0,0,38,14,7,45,65476,0,300,0,0,8,21553,0.0,-107605600.0,0.0,0.0,0.0,0.0,0.0,0.0,0.0,0.0,0.0,0.0,0.0,0.0,0.0,0.0,0.0,0.0,0.0,0.0,0.0,0.0,2.004,2.004,-0.0,0.0,0.0,0.0,0.0,0.0,4983.0,-0.0,0.0,0.0,0.0,-107615280.0,2.718429300292151e+23,0.0,0.0,0.0,0.0,53,-0.0,126840528896.0,0.0,0.0,0.0,0.0,0.0,0.0,0.0,0,0,0,0.0,0.0,0.0,0.0,0.0,0.0,0.0,0.0,0.0,0.0,0.0,0.0,0.0,0.0,0.0,0.0,0,-107875648.0,53,0.0,106,-107614832.0,0.0,ERR,ERR,ERR,ERR,ERR,ERR,ERR,ERR,ERR,ERR,ERR,ERR,ERR,ERR,ERR,ERR,ERR,ERR,ERR,ERR,ERR,ERR,ERR,ERR,ERR,ERR,ERR,ERR,ERR,ERR,ERR,ERR,ERR,ERR,ERR,ERR,ERR,ERR,ERR,ERR,ERR,ERR,ERR,ERR,ERR,ERR,ERR,ERR,ERR,ERR,ERR,ERR,ERR,ERR,ERR,ERR,ERR,ERR,ERR,ERR,ERR,ERR,ERR,ERR,ERR,ERR,ERR,50.0,60.0,100,0.0,0.0,0.0,0.0,0.0,0.0,0.0,0.0,0.0,0.0,0.0,0.0,0.0,0.0,0.0,0.0,62.0,73,14,65513,50,65476,0,300,0,0,8,20529,65476,0,0,26214,60.0,0.0,0.0,0.0,0.0,0.0
2026-05-17T18:44:39,ERR,ERR,ERR,ERR,ERR,ERR,ERR,ERR,ERR,ERR,ERR,ERR,ERR,ERR,ERR,ERR,ERR,ERR,ERR,ERR,ERR,ERR,ERR,ERR,ERR,ERR,ERR,ERR,ERR,ERR,ERR,ERR,ERR,ERR,ERR,ERR,ERR,ERR,ERR,ERR,ERR,ERR,ERR,ERR,ERR,ERR,ERR,ERR,ERR,ERR,ERR,ERR,ERR,ERR,ERR,ERR,ERR,ERR,ERR,ERR,ERR,ERR,ERR,ERR,ERR,ERR,ERR,ERR,ERR,ERR,ERR,ERR,ERR,ERR,ERR,ERR,ERR,ERR,ERR,ERR,ERR,ERR,ERR,ERR,ERR,ERR,ERR,ERR,ERR,ERR,ERR,ERR,ERR,ERR,ERR,ERR,ERR,ERR,ERR,ERR,ERR,ERR,ERR,ERR,ERR,ERR,ERR,ERR,ERR,ERR,ERR,ERR,ERR,ERR,ERR,ERR,ERR,ERR,ERR,ERR,ERR,ERR,ERR,ERR,ERR,0.0,0.0,-134474944.0,0.0,0.0,1.3936040501711995e+18,7.805,0.0,0,0,4,0,8422,0.0,45,0.0,0.0,0.0,0.0,0.0,0,0,0,0,0.0,0,0,0,0,0,0,0,0,0,0,0,0,0,0,0,0,0,0,0,0,0,0,0,0,0,0,0,0,0,0,0,0,0,38,14,7,45,65476,0,300,0,0,8,21553,0.0,-107605600.0,0.0,0.0,0.0,0.0,0.0,0.0,0.0,0.0,0.0,0.0,0.0,0.0,0.0,0.0,0.0,0.0,0.0,0.0,0.0,0.0,2.004,2.004,-0.0,0.0,0.0,0.0,0.0,0.0,4983.0,-0.0,0.0,0.0,0.0,-107615280.0,2.718429300292151e+23,0.0,0.0,0.0,0.0,53,-0.0,126840528896.0,0.0,0.0,0.0,0.0,0.0,0.0,0.0,0,0,0,0.0,0.0,0.0,0.0,0.0,0.0,0.0,0.0,0.0,0.0,0.0,0.0,0.0,0.0,0.0,0.0,0,-107875648.0,53,0.0,106,-107614832.0,0.0,ERR,ERR,ERR,ERR,ERR,ERR,ERR,ERR,ERR,ERR,ERR,ERR,ERR,ERR,ERR,ERR,ERR,ERR,ERR,ERR,ERR,ERR,ERR,ERR,ERR,ERR,ERR,ERR,ERR,ERR,ERR,ERR,ERR,ERR,ERR,ERR,ERR,ERR,ERR,ERR,ERR,ERR,ERR,ERR,ERR,ERR,ERR,ERR,ERR,ERR,ERR,ERR,ERR,ERR,ERR,ERR,ERR,ERR,ERR,ERR,ERR,ERR,ERR,ERR,ERR,ERR,ERR,50.0,60.0,100,0.0,0.0,0.0,0.0,0.0,0.0,0.0,0.0,0.0,0.0,0.0,0.0,0.0,0.0,0.0,0.0,62.0,73,14,65513,50,65476,0,300,0,0,8,20529,65476,0,0,26214,60.0,0.0,0.0,0.0,0.0,0.0
2026-05-17T18:44:40,ERR,ERR,ERR,ERR,ERR,ERR,ERR,ERR,ERR,ERR,ERR,ERR,ERR,ERR,ERR,ERR,ERR,ERR,ERR,ERR,ERR,ERR,ERR,ERR,ERR,ERR,ERR,ERR,ERR,ERR,ERR,ERR,ERR,ERR,ERR,ERR,ERR,ERR,ERR,ERR,ERR,ERR,ERR,ERR,ERR,ERR,ERR,ERR,ERR,ERR,ERR,ERR,ERR,ERR,ERR,ERR,ERR,ERR,ERR,ERR,ERR,ERR,ERR,ERR,ERR,ERR,ERR,ERR,ERR,ERR,ERR,ERR,ERR,ERR,ERR,ERR,ERR,ERR,ERR,ERR,ERR,ERR,ERR,ERR,ERR,ERR,ERR,ERR,ERR,ERR,ERR,ERR,ERR,ERR,ERR,ERR,ERR,ERR,ERR,ERR,ERR,ERR,ERR,ERR,ERR,ERR,ERR,ERR,ERR,ERR,ERR,ERR,ERR,ERR,ERR,ERR,ERR,ERR,ERR,ERR,ERR,ERR,ERR,ERR,ERR,0.0,0.0,-134474944.0,0.0,0.0,1.3936040501711995e+18,7.805,0.0,0,0,4,0,8422,0.0,45,0.0,0.0,0.0,0.0,0.0,0,0,0,0,0.0,0,0,0,0,0,0,0,0,0,0,0,0,0,0,0,0,0,0,0,0,0,0,0,0,0,0,0,0,0,0,0,0,0,38,14,7,45,65476,0,300,0,0,8,21553,0.0,-107605600.0,0.0,0.0,0.0,0.0,0.0,0.0,0.0,0.0,0.0,0.0,0.0,0.0,0.0,0.0,0.0,0.0,0.0,0.0,0.0,0.0,2.004,2.004,-0.0,0.0,0.0,0.0,0.0,0.0,4983.0,-0.0,0.0,0.0,0.0,-107615280.0,2.718429300292151e+23,0.0,0.0,0.0,0.0,53,-0.0,126840528896.0,0.0,0.0,0.0,0.0,0.0,0.0,0.0,0,0,0,0.0,0.0,0.0,0.0,0.0,0.0,0.0,0.0,0.0,0.0,0.0,0.0,0.0,0.0,0.0,0.0,0,-107875648.0,53,0.0,106,-107614832.0,0.0,ERR,ERR,ERR,ERR,ERR,ERR,ERR,ERR,ERR,ERR,ERR,ERR,ERR,ERR,ERR,ERR,ERR,ERR,ERR,ERR,ERR,ERR,ERR,ERR,ERR,ERR,ERR,ERR,ERR,ERR,ERR,ERR,ERR,ERR,ERR,ERR,ERR,ERR,ERR,ERR,ERR,ERR,ERR,ERR,ERR,ERR,ERR,ERR,ERR,ERR,ERR,ERR,ERR,ERR,ERR,ERR,ERR,ERR,ERR,ERR,ERR,ERR,ERR,ERR,ERR,ERR,ERR,50.0,60.0,100,0.0,0.0,0.0,0.0,0.0,0.0,0.0,0.0,0.0,0.0,0.0,0.0,0.0,0.0,0.0,0.0,62.0,73,14,65513,50,65476,0,300,0,0,8,20529,65476,0,0,26214,60.0,0.0,0.0,0.0,0.0,0.0
2026-05-17T18:44:41,ERR,ERR,ERR,ERR,ERR,ERR,ERR,ERR,ERR,ERR,ERR,ERR,ERR,ERR,ERR,ERR,ERR,ERR,ERR,ERR,ERR,ERR,ERR,ERR,ERR,ERR,ERR,ERR,ERR,ERR,ERR,ERR,ERR,ERR,ERR,ERR,ERR,ERR,ERR,ERR,ERR,ERR,ERR,ERR,ERR,ERR,ERR,ERR,ERR,ERR,ERR,ERR,ERR,ERR,ERR,ERR,ERR,ERR,ERR,ERR,ERR,ERR,ERR,ERR,ERR,ERR,ERR,ERR,ERR,ERR,ERR,ERR,ERR,ERR,ERR,ERR,ERR,ERR,ERR,ERR,ERR,ERR,ERR,ERR,ERR,ERR,ERR,ERR,ERR,ERR,ERR,ERR,ERR,ERR,ERR,ERR,ERR,ERR,ERR,ERR,ERR,ERR,ERR,ERR,ERR,ERR,ERR,ERR,ERR,ERR,ERR,ERR,ERR,ERR,ERR,ERR,ERR,ERR,ERR,ERR,ERR,ERR,ERR,ERR,ERR,0.0,0.0,-134474944.0,0.0,0.0,1.3936040501711995e+18,7.805,0.0,0,0,4,0,8422,0.0,45,0.0,0.0,0.0,0.0,0.0,0,0,0,0,0.0,0,0,0,0,0,0,0,0,0,0,0,0,0,0,0,0,0,0,0,0,0,0,0,0,0,0,0,0,0,0,0,0,0,38,14,7,45,65476,0,300,0,0,8,21553,0.0,-107605600.0,0.0,0.0,0.0,0.0,0.0,0.0,0.0,0.0,0.0,0.0,0.0,0.0,0.0,0.0,0.0,0.0,0.0,0.0,0.0,0.0,2.004,2.004,-0.0,0.0,0.0,0.0,0.0,0.0,4981.0,1.0406652570629681e+34,0.0,0.0,0.0,-107615280.0,2.718429300292151e+23,0.0,0.0,0.0,0.0,53,-0.0,0.0,0.0,0.0,0.0,0.0,0.0,0.0,0.0,0,0,0,0.0,0.0,0.0,0.0,0.0,0.0,0.0,0.0,0.0,0.0,0.0,0.0,0.0,0.0,0.0,0.0,0,-107875648.0,53,0.0,106,-107614832.0,0.0,ERR,ERR,ERR,ERR,ERR,ERR,ERR,ERR,ERR,ERR,ERR,ERR,ERR,ERR,ERR,ERR,ERR,ERR,ERR,ERR,ERR,ERR,ERR,ERR,ERR,ERR,ERR,ERR,ERR,ERR,ERR,ERR,ERR,ERR,ERR,ERR,ERR,ERR,ERR,ERR,ERR,ERR,ERR,ERR,ERR,ERR,ERR,ERR,ERR,ERR,ERR,ERR,ERR,ERR,ERR,ERR,ERR,ERR,ERR,ERR,ERR,ERR,ERR,ERR,ERR,ERR,ERR,50.0,60.0,100,0.0,0.0,0.0,0.0,0.0,0.0,0.0,0.0,0.0,0.0,0.0,0.0,0.0,0.0,0.0,0.0,62.0,73,14,65513,50,65476,0,300,0,0,8,20529,65476,0,0,26214,60.0,0.0,0.0,0.0,0.0,0.0
2026-05-17T18:44:42,ERR,ERR,ERR,ERR,ERR,ERR,ERR,ERR,ERR,ERR,ERR,ERR,ERR,ERR,ERR,ERR,ERR,ERR,ERR,ERR,ERR,ERR,ERR,ERR,ERR,ERR,ERR,ERR,ERR,ERR,ERR,ERR,ERR,ERR,ERR,ERR,ERR,ERR,ERR,ERR,ERR,ERR,ERR,ERR,ERR,ERR,ERR,ERR,ERR,ERR,ERR,ERR,ERR,ERR,ERR,ERR,ERR,ERR,ERR,ERR,ERR,ERR,ERR,ERR,ERR,ERR,ERR,ERR,ERR,ERR,ERR,ERR,ERR,ERR,ERR,ERR,ERR,ERR,ERR,ERR,ERR,ERR,ERR,ERR,ERR,ERR,ERR,ERR,ERR,ERR,ERR,ERR,ERR,ERR,ERR,ERR,ERR,ERR,ERR,ERR,ERR,ERR,ERR,ERR,ERR,ERR,ERR,ERR,ERR,ERR,ERR,ERR,ERR,ERR,ERR,ERR,ERR,ERR,ERR,ERR,ERR,ERR,ERR,ERR,ERR,0.0,0.0,-134474944.0,0.0,0.0,1.3936040501711995e+18,7.805,0.0,0,0,4,0,8422,0.0,45,0.0,0.0,0.0,0.0,0.0,0,0,0,0,0.0,0,0,0,0,0,0,0,0,0,0,0,0,0,0,0,0,0,0,0,0,0,0,0,0,0,0,0,0,0,0,0,0,0,38,14,7,45,65476,0,300,0,0,8,21553,0.0,-107605600.0,0.0,0.0,0.0,0.0,0.0,0.0,0.0,0.0,0.0,0.0,0.0,0.0,0.0,0.0,0.0,0.0,0.0,0.0,0.0,0.0,2.004,2.004,-0.0,0.0,0.0,0.0,0.0,0.0,4981.0,1.0406652570629681e+34,0.0,0.0,0.0,-107615280.0,2.718429300292151e+23,0.0,0.0,0.0,0.0,53,-0.0,0.0,0.0,0.0,0.0,0.0,0.0,0.0,0.0,0,0,0,0.0,0.0,0.0,0.0,0.0,0.0,0.0,0.0,0.0,0.0,0.0,0.0,0.0,0.0,0.0,0.0,0,-107875648.0,53,0.0,106,-107614832.0,0.0,ERR,ERR,ERR,ERR,ERR,ERR,ERR,ERR,ERR,ERR,ERR,ERR,ERR,ERR,ERR,ERR,ERR,ERR,ERR,ERR,ERR,ERR,ERR,ERR,ERR,ERR,ERR,ERR,ERR,ERR,ERR,ERR,ERR,ERR,ERR,ERR,ERR,ERR,ERR,ERR,ERR,ERR,ERR,ERR,ERR,ERR,ERR,ERR,ERR,ERR,ERR,ERR,ERR,ERR,ERR,ERR,ERR,ERR,ERR,ERR,ERR,ERR,ERR,ERR,ERR,ERR,ERR,50.0,60.0,100,0.0,0.0,0.0,0.0,0.0,0.0,0.0,0.0,0.0,0.0,0.0,0.0,0.0,0.0,0.0,0.0,62.0,73,14,65513,50,65476,0,300,0,0,8,20529,65476,0,0,26214,60.0,0.0,0.0,0.0,0.0,0.0
2026-05-17T18:44:43,ERR,ERR,ERR,ERR,ERR,ERR,ERR,ERR,ERR,ERR,ERR,ERR,ERR,ERR,ERR,ERR,ERR,ERR,ERR,ERR,ERR,ERR,ERR,ERR,ERR,ERR,ERR,ERR,ERR,ERR,ERR,ERR,ERR,ERR,ERR,ERR,ERR,ERR,ERR,ERR,ERR,ERR,ERR,ERR,ERR,ERR,ERR,ERR,ERR,ERR,ERR,ERR,ERR,ERR,ERR,ERR,ERR,ERR,ERR,ERR,ERR,ERR,ERR,ERR,ERR,ERR,ERR,ERR,ERR,ERR,ERR,ERR,ERR,ERR,ERR,ERR,ERR,ERR,ERR,ERR,ERR,ERR,ERR,ERR,ERR,ERR,ERR,ERR,ERR,ERR,ERR,ERR,ERR,ERR,ERR,ERR,ERR,ERR,ERR,ERR,ERR,ERR,ERR,ERR,ERR,ERR,ERR,ERR,ERR,ERR,ERR,ERR,ERR,ERR,ERR,ERR,ERR,ERR,ERR,ERR,ERR,ERR,ERR,ERR,ERR,0.0,0.0,-134474944.0,0.0,0.0,1.3936040501711995e+18,7.805,0.0,0,0,4,0,8422,0.0,45,0.0,0.0,0.0,0.0,0.0,0,0,0,0,0.0,0,0,0,0,0,0,0,0,0,0,0,0,0,0,0,0,0,0,0,0,0,0,0,0,0,0,0,0,0,0,0,0,0,38,14,7,45,65476,0,300,0,0,8,21553,0.0,-107605600.0,0.0,0.0,0.0,0.0,0.0,0.0,0.0,0.0,0.0,0.0,0.0,0.0,0.0,0.0,0.0,0.0,0.0,0.0,0.0,0.0,2.004,2.004,-0.0,0.0,0.0,0.0,0.0,0.0,4981.0,1.0406652570629681e+34,0.0,0.0,0.0,-107615280.0,2.718429300292151e+23,0.0,0.0,0.0,0.0,53,-0.0,0.0,0.0,0.0,0.0,0.0,0.0,0.0,0.0,0,0,0,0.0,0.0,0.0,0.0,0.0,0.0,0.0,0.0,0.0,0.0,0.0,0.0,0.0,0.0,0.0,0.0,0,-107875648.0,53,0.0,106,-107614832.0,0.0,ERR,ERR,ERR,ERR,ERR,ERR,ERR,ERR,ERR,ERR,ERR,ERR,ERR,ERR,ERR,ERR,ERR,ERR,ERR,ERR,ERR,ERR,ERR,ERR,ERR,ERR,ERR,ERR,ERR,ERR,ERR,ERR,ERR,ERR,ERR,ERR,ERR,ERR,ERR,ERR,ERR,ERR,ERR,ERR,ERR,ERR,ERR,ERR,ERR,ERR,ERR,ERR,ERR,ERR,ERR,ERR,ERR,ERR,ERR,ERR,ERR,ERR,ERR,ERR,ERR,ERR,ERR,50.0,60.0,100,0.0,0.0,0.0,0.0,0.0,0.0,0.0,0.0,0.0,0.0,0.0,0.0,0.0,0.0,0.0,0.0,61.6,73,14,65513,50,65476,0,300,0,0,8,20529,65476,0,0,26214,60.0,0.0,0.0,0.0,0.0,0.0
2026-05-17T18:44:44,ERR,ERR,ERR,ERR,ERR,ERR,ERR,ERR,ERR,ERR,ERR,ERR,ERR,ERR,ERR,ERR,ERR,ERR,ERR,ERR,ERR,ERR,ERR,ERR,ERR,ERR,ERR,ERR,ERR,ERR,ERR,ERR,ERR,ERR,ERR,ERR,ERR,ERR,ERR,ERR,ERR,ERR,ERR,ERR,ERR,ERR,ERR,ERR,ERR,ERR,ERR,ERR,ERR,ERR,ERR,ERR,ERR,ERR,ERR,ERR,ERR,ERR,ERR,ERR,ERR,ERR,ERR,ERR,ERR,ERR,ERR,ERR,ERR,ERR,ERR,ERR,ERR,ERR,ERR,ERR,ERR,ERR,ERR,ERR,ERR,ERR,ERR,ERR,ERR,ERR,ERR,ERR,ERR,ERR,ERR,ERR,ERR,ERR,ERR,ERR,ERR,ERR,ERR,ERR,ERR,ERR,ERR,ERR,ERR,ERR,ERR,ERR,ERR,ERR,ERR,ERR,ERR,ERR,ERR,ERR,ERR,ERR,ERR,ERR,ERR,0.0,0.0,-134474944.0,0.0,0.0,1.3936040501711995e+18,7.805,0.0,0,0,4,0,8422,0.0,45,0.0,0.0,0.0,0.0,0.0,0,0,0,0,0.0,0,0,0,0,0,0,0,0,0,0,0,0,0,0,0,0,0,0,0,0,0,0,0,0,0,0,0,0,0,0,0,0,0,38,14,7,45,65476,0,300,0,0,8,21553,0.0,-107605600.0,0.0,0.0,0.0,0.0,0.0,0.0,0.0,0.0,0.0,0.0,0.0,0.0,0.0,0.0,0.0,0.0,0.0,0.0,0.0,0.0,2.004,2.004,-0.0,0.0,0.0,0.0,0.0,0.0,4981.0,1.0406652570629681e+34,0.0,0.0,0.0,-107615280.0,2.718429300292151e+23,0.0,0.0,0.0,0.0,53,-0.0,0.0,0.0,0.0,0.0,0.0,0.0,0.0,0.0,0,0,0,0.0,0.0,0.0,0.0,0.0,0.0,0.0,0.0,0.0,0.0,0.0,0.0,0.0,0.0,0.0,0.0,0,-107875648.0,53,0.0,106,-107614832.0,0.0,ERR,ERR,ERR,ERR,ERR,ERR,ERR,ERR,ERR,ERR,ERR,ERR,ERR,ERR,ERR,ERR,ERR,ERR,ERR,ERR,ERR,ERR,ERR,ERR,ERR,ERR,ERR,ERR,ERR,ERR,ERR,ERR,ERR,ERR,ERR,ERR,ERR,ERR,ERR,ERR,ERR,ERR,ERR,ERR,ERR,ERR,ERR,ERR,ERR,ERR,ERR,ERR,ERR,ERR,ERR,ERR,ERR,ERR,ERR,ERR,ERR,ERR,ERR,ERR,ERR,ERR,ERR,50.0,60.0,100,0.0,0.0,0.0,0.0,0.0,0.0,0.0,0.0,0.0,0.0,0.0,0.0,0.0,0.0,0.0,0.0,61.6,73,14,65513,50,65476,0,300,0,0,8,20529,65476,0,0,26214,60.0,0.0,0.0,0.0,0.0,0.0
2026-05-17T18:44:45,ERR,ERR,ERR,ERR,ERR,ERR,ERR,ERR,ERR,ERR,ERR,ERR,ERR,ERR,ERR,ERR,ERR,ERR,ERR,ERR,ERR,ERR,ERR,ERR,ERR,ERR,ERR,ERR,ERR,ERR,ERR,ERR,ERR,ERR,ERR,ERR,ERR,ERR,ERR,ERR,ERR,ERR,ERR,ERR,ERR,ERR,ERR,ERR,ERR,ERR,ERR,ERR,ERR,ERR,ERR,ERR,ERR,ERR,ERR,ERR,ERR,ERR,ERR,ERR,ERR,ERR,ERR,ERR,ERR,ERR,ERR,ERR,ERR,ERR,ERR,ERR,ERR,ERR,ERR,ERR,ERR,ERR,ERR,ERR,ERR,ERR,ERR,ERR,ERR,ERR,ERR,ERR,ERR,ERR,ERR,ERR,ERR,ERR,ERR,ERR,ERR,ERR,ERR,ERR,ERR,ERR,ERR,ERR,ERR,ERR,ERR,ERR,ERR,ERR,ERR,ERR,ERR,ERR,ERR,ERR,ERR,ERR,ERR,ERR,ERR,0.0,0.0,-134474944.0,0.0,0.0,1.3936040501711995e+18,7.805,0.0,0,0,4,0,8422,0.0,45,0.0,0.0,0.0,0.0,0.0,0,0,0,0,0.0,0,0,0,0,0,0,0,0,0,0,0,0,0,0,0,0,0,0,0,0,0,0,0,0,0,0,0,0,0,0,0,0,0,38,14,7,45,65476,0,300,0,0,8,21553,0.0,-107605600.0,0.0,0.0,0.0,0.0,0.0,0.0,0.0,0.0,0.0,0.0,0.0,0.0,0.0,0.0,0.0,0.0,0.0,0.0,0.0,0.0,2.004,2.004,-0.0,0.0,0.0,0.0,0.0,0.0,4981.0,1.0406652570629681e+34,0.0,0.0,0.0,-107615280.0,2.718429300292151e+23,0.0,0.0,0.0,0.0,53,-0.0,0.0,0.0,0.0,0.0,0.0,0.0,0.0,0.0,0,0,0,0.0,0.0,0.0,0.0,0.0,0.0,0.0,0.0,0.0,0.0,0.0,0.0,0.0,0.0,0.0,0.0,0,-107875648.0,53,0.0,106,-107614832.0,0.0,ERR,ERR,ERR,ERR,ERR,ERR,ERR,ERR,ERR,ERR,ERR,ERR,ERR,ERR,ERR,ERR,ERR,ERR,ERR,ERR,ERR,ERR,ERR,ERR,ERR,ERR,ERR,ERR,ERR,ERR,ERR,ERR,ERR,ERR,ERR,ERR,ERR,ERR,ERR,ERR,ERR,ERR,ERR,ERR,ERR,ERR,ERR,ERR,ERR,ERR,ERR,ERR,ERR,ERR,ERR,ERR,ERR,ERR,ERR,ERR,ERR,ERR,ERR,ERR,ERR,ERR,ERR,50.0,60.0,100,0.0,0.0,0.0,0.0,0.0,0.0,0.0,0.0,0.0,0.0,0.0,0.0,0.0,0.0,0.0,0.0,61.6,73,14,65513,50,65476,0,300,0,0,8,20529,65476,0,0,26214,60.0,0.0,0.0,0.0,0.0,0.0
2026-05-17T18:44:46,ERR,ERR,ERR,ERR,ERR,ERR,ERR,ERR,ERR,ERR,ERR,ERR,ERR,ERR,ERR,ERR,ERR,ERR,ERR,ERR,ERR,ERR,ERR,ERR,ERR,ERR,ERR,ERR,ERR,ERR,ERR,ERR,ERR,ERR,ERR,ERR,ERR,ERR,ERR,ERR,ERR,ERR,ERR,ERR,ERR,ERR,ERR,ERR,ERR,ERR,ERR,ERR,ERR,ERR,ERR,ERR,ERR,ERR,ERR,ERR,ERR,ERR,ERR,ERR,ERR,ERR,ERR,ERR,ERR,ERR,ERR,ERR,ERR,ERR,ERR,ERR,ERR,ERR,ERR,ERR,ERR,ERR,ERR,ERR,ERR,ERR,ERR,ERR,ERR,ERR,ERR,ERR,ERR,ERR,ERR,ERR,ERR,ERR,ERR,ERR,ERR,ERR,ERR,ERR,ERR,ERR,ERR,ERR,ERR,ERR,ERR,ERR,ERR,ERR,ERR,ERR,ERR,ERR,ERR,ERR,ERR,ERR,ERR,ERR,ERR,0.0,0.0,0.0,0.0,0.0,1.3936040501711995e+18,7.805,0.0,0,0,4,0,8422,0.0,45,0.0,0.0,0.0,0.0,0.0,0,0,0,0,0.0,0,0,0,0,0,0,0,0,0,0,0,0,0,0,0,0,0,0,0,0,0,0,0,0,0,0,0,0,0,0,0,0,0,38,14,7,45,65476,0,300,0,0,8,21553,0.0,-107605600.0,0.0,0.0,0.0,0.0,0.0,0.0,0.0,0.0,0.0,0.0,0.0,0.0,0.0,0.0,0.0,0.0,0.0,0.0,0.0,0.0,0.0,2.004,-0.0,0.0,0.0,0.0,0.0,0.0,4979.0,8608181248.0,0.0,0.0,0.0,-107615280.0,2.718429300292151e+23,0.0,0.0,0.0,0.0,53,4.950428597886765e+32,-107614768.0,0.0,0.0,0.0,0.0,0.0,0.0,0.0,0,0,0,0.0,0.0,0.0,0.0,0.0,0.0,0.0,0.0,0.0,0.0,0.0,0.0,0.0,0.0,0.0,0.0,0,-107875648.0,53,0.0,106,-107614832.0,0.0,ERR,ERR,ERR,ERR,ERR,ERR,ERR,ERR,ERR,ERR,ERR,ERR,ERR,ERR,ERR,ERR,ERR,ERR,ERR,ERR,ERR,ERR,ERR,ERR,ERR,ERR,ERR,ERR,ERR,ERR,ERR,ERR,ERR,ERR,ERR,ERR,ERR,ERR,ERR,ERR,ERR,ERR,ERR,ERR,ERR,ERR,ERR,ERR,ERR,ERR,ERR,ERR,ERR,ERR,ERR,ERR,ERR,ERR,ERR,ERR,ERR,ERR,ERR,ERR,ERR,ERR,ERR,50.0,60.0,100,0.0,0.0,0.0,0.0,0.0,0.0,0.0,0.0,0.0,0.0,0.0,0.0,0.0,0.0,0.0,0.0,61.6,73,14,65513,50,65476,0,300,0,0,8,20529,65476,0,0,26214,60.0,0.0,0.0,0.0,0.0,0.0
2026-05-17T18:44:47,ERR,ERR,ERR,ERR,ERR,ERR,ERR,ERR,ERR,ERR,ERR,ERR,ERR,ERR,ERR,ERR,ERR,ERR,ERR,ERR,ERR,ERR,ERR,ERR,ERR,ERR,ERR,ERR,ERR,ERR,ERR,ERR,ERR,ERR,ERR,ERR,ERR,ERR,ERR,ERR,ERR,ERR,ERR,ERR,ERR,ERR,ERR,ERR,ERR,ERR,ERR,ERR,ERR,ERR,ERR,ERR,ERR,ERR,ERR,ERR,ERR,ERR,ERR,ERR,ERR,ERR,ERR,ERR,ERR,ERR,ERR,ERR,ERR,ERR,ERR,ERR,ERR,ERR,ERR,ERR,ERR,ERR,ERR,ERR,ERR,ERR,ERR,ERR,ERR,ERR,ERR,ERR,ERR,ERR,ERR,ERR,ERR,ERR,ERR,ERR,ERR,ERR,ERR,ERR,ERR,ERR,ERR,ERR,ERR,ERR,ERR,ERR,ERR,ERR,ERR,ERR,ERR,ERR,ERR,ERR,ERR,ERR,ERR,ERR,ERR,0.0,0.0,0.0,0.0,0.0,1.3936040501711995e+18,7.805,0.0,0,0,4,0,8422,0.0,45,0.0,0.0,0.0,0.0,0.0,0,0,0,0,0.0,0,0,0,0,0,0,0,0,0,0,0,0,0,0,0,0,0,0,0,0,0,0,0,0,0,0,0,0,0,0,0,0,0,38,14,7,45,65476,0,300,0,0,8,21553,0.0,-107605600.0,0.0,0.0,0.0,0.0,0.0,0.0,0.0,0.0,0.0,0.0,0.0,0.0,0.0,0.0,0.0,0.0,0.0,0.0,0.0,0.0,0.0,2.004,-0.0,0.0,0.0,0.0,0.0,0.0,4979.0,8608181248.0,0.0,0.0,0.0,-107615280.0,2.718429300292151e+23,0.0,0.0,0.0,0.0,53,4.950428597886765e+32,-107614768.0,0.0,0.0,0.0,0.0,0.0,0.0,0.0,0,0,0,0.0,0.0,0.0,0.0,0.0,0.0,0.0,0.0,0.0,0.0,0.0,0.0,0.0,0.0,0.0,0.0,0,-107875648.0,53,0.0,106,-107614832.0,0.0,ERR,ERR,ERR,ERR,ERR,ERR,ERR,ERR,ERR,ERR,ERR,ERR,ERR,ERR,ERR,ERR,ERR,ERR,ERR,ERR,ERR,ERR,ERR,ERR,ERR,ERR,ERR,ERR,ERR,ERR,ERR,ERR,ERR,ERR,ERR,ERR,ERR,ERR,ERR,ERR,ERR,ERR,ERR,ERR,ERR,ERR,ERR,ERR,ERR,ERR,ERR,ERR,ERR,ERR,ERR,ERR,ERR,ERR,ERR,ERR,ERR,ERR,ERR,ERR,ERR,ERR,ERR,50.0,60.0,100,0.0,0.0,0.0,0.0,0.0,0.0,0.0,0.0,0.0,0.0,0.0,0.0,0.0,0.0,0.0,0.0,61.6,73,14,65513,50,65476,0,300,0,0,8,20529,65476,0,0,26214,60.0,0.0,0.0,0.0,0.0,0.0
2026-05-17T18:44:48,ERR,ERR,ERR,ERR,ERR,ERR,ERR,ERR,ERR,ERR,ERR,ERR,ERR,ERR,ERR,ERR,ERR,ERR,ERR,ERR,ERR,ERR,ERR,ERR,ERR,ERR,ERR,ERR,ERR,ERR,ERR,ERR,ERR,ERR,ERR,ERR,ERR,ERR,ERR,ERR,ERR,ERR,ERR,ERR,ERR,ERR,ERR,ERR,ERR,ERR,ERR,ERR,ERR,ERR,ERR,ERR,ERR,ERR,ERR,ERR,ERR,ERR,ERR,ERR,ERR,ERR,ERR,ERR,ERR,ERR,ERR,ERR,ERR,ERR,ERR,ERR,ERR,ERR,ERR,ERR,ERR,ERR,ERR,ERR,ERR,ERR,ERR,ERR,ERR,ERR,ERR,ERR,ERR,ERR,ERR,ERR,ERR,ERR,ERR,ERR,ERR,ERR,ERR,ERR,ERR,ERR,ERR,ERR,ERR,ERR,ERR,ERR,ERR,ERR,ERR,ERR,ERR,ERR,ERR,ERR,ERR,ERR,ERR,ERR,ERR,0.0,0.0,0.0,0.0,0.0,1.3936040501711995e+18,7.805,0.0,0,0,4,0,8422,0.0,45,0.0,0.0,0.0,0.0,0.0,0,0,0,0,0.0,0,0,0,0,0,0,0,0,0,0,0,0,0,0,0,0,0,0,0,0,0,0,0,0,0,0,0,0,0,0,0,0,0,38,14,7,45,65476,0,300,0,0,8,21553,0.0,-107605600.0,0.0,0.0,0.0,0.0,0.0,0.0,0.0,0.0,0.0,0.0,0.0,0.0,0.0,0.0,0.0,0.0,0.0,0.0,0.0,0.0,0.0,2.004,-0.0,0.0,0.0,0.0,0.0,0.0,4979.0,8608181248.0,0.0,0.0,0.0,-107615280.0,2.718429300292151e+23,0.0,0.0,0.0,0.0,53,4.950428597886765e+32,-107614768.0,0.0,0.0,0.0,0.0,0.0,0.0,0.0,0,0,0,0.0,0.0,0.0,0.0,0.0,0.0,0.0,0.0,0.0,0.0,0.0,0.0,0.0,0.0,0.0,0.0,0,-107875648.0,53,0.0,106,-107614832.0,0.0,ERR,ERR,ERR,ERR,ERR,ERR,ERR,ERR,ERR,ERR,ERR,ERR,ERR,ERR,ERR,ERR,ERR,ERR,ERR,ERR,ERR,ERR,ERR,ERR,ERR,ERR,ERR,ERR,ERR,ERR,ERR,ERR,ERR,ERR,ERR,ERR,ERR,ERR,ERR,ERR,ERR,ERR,ERR,ERR,ERR,ERR,ERR,ERR,ERR,ERR,ERR,ERR,ERR,ERR,ERR,ERR,ERR,ERR,ERR,ERR,ERR,ERR,ERR,ERR,ERR,ERR,ERR,50.0,60.0,100,0.0,0.0,0.0,0.0,0.0,0.0,0.0,0.0,0.0,0.0,0.0,0.0,0.0,0.0,0.0,0.0,61.6,73,14,65513,50,65476,0,300,0,0,8,20529,65476,0,0,26214,60.0,0.0,0.0,0.0,0.0,0.0
2026-05-17T18:44:49,ERR,ERR,ERR,ERR,ERR,ERR,ERR,ERR,ERR,ERR,ERR,ERR,ERR,ERR,ERR,ERR,ERR,ERR,ERR,ERR,ERR,ERR,ERR,ERR,ERR,ERR,ERR,ERR,ERR,ERR,ERR,ERR,ERR,ERR,ERR,ERR,ERR,ERR,ERR,ERR,ERR,ERR,ERR,ERR,ERR,ERR,ERR,ERR,ERR,ERR,ERR,ERR,ERR,ERR,ERR,ERR,ERR,ERR,ERR,ERR,ERR,ERR,ERR,ERR,ERR,ERR,ERR,ERR,ERR,ERR,ERR,ERR,ERR,ERR,ERR,ERR,ERR,ERR,ERR,ERR,ERR,ERR,ERR,ERR,ERR,ERR,ERR,ERR,ERR,ERR,ERR,ERR,ERR,ERR,ERR,ERR,ERR,ERR,ERR,ERR,ERR,ERR,ERR,ERR,ERR,ERR,ERR,ERR,ERR,ERR,ERR,ERR,ERR,ERR,ERR,ERR,ERR,ERR,ERR,ERR,ERR,ERR,ERR,ERR,ERR,0.0,0.0,0.0,0.0,0.0,1.3936040501711995e+18,7.805,0.0,0,0,4,0,8422,0.0,45,0.0,0.0,0.0,0.0,0.0,0,0,0,0,0.0,0,0,0,0,0,0,0,0,0,0,0,0,0,0,0,0,0,0,0,0,0,0,0,0,0,0,0,0,0,0,0,0,0,38,14,7,45,65476,0,300,0,0,8,21553,0.0,-107605600.0,0.0,0.0,0.0,0.0,0.0,0.0,0.0,0.0,0.0,0.0,0.0,0.0,0.0,0.0,0.0,0.0,0.0,0.0,0.0,0.0,0.0,2.004,-0.0,0.0,0.0,0.0,0.0,0.0,4979.0,8608181248.0,0.0,0.0,0.0,-107615280.0,2.718429300292151e+23,0.0,0.0,0.0,0.0,53,4.950428597886765e+32,-107614768.0,0.0,0.0,0.0,0.0,0.0,0.0,0.0,0,0,0,0.0,0.0,0.0,0.0,0.0,0.0,0.0,0.0,0.0,0.0,0.0,0.0,0.0,0.0,0.0,0.0,0,-107875648.0,53,0.0,106,-107614832.0,0.0,ERR,ERR,ERR,ERR,ERR,ERR,ERR,ERR,ERR,ERR,ERR,ERR,ERR,ERR,ERR,ERR,ERR,ERR,ERR,ERR,ERR,ERR,ERR,ERR,ERR,ERR,ERR,ERR,ERR,ERR,ERR,ERR,ERR,ERR,ERR,ERR,ERR,ERR,ERR,ERR,ERR,ERR,ERR,ERR,ERR,ERR,ERR,ERR,ERR,ERR,ERR,ERR,ERR,ERR,ERR,ERR,ERR,ERR,ERR,ERR,ERR,ERR,ERR,ERR,ERR,ERR,ERR,50.0,60.0,100,0.0,0.0,0.0,0.0,0.0,0.0,0.0,0.0,0.0,0.0,0.0,0.0,0.0,0.0,0.0,0.0,61.6,73,14,65513,50,65476,0,300,0,0,8,20529,65476,0,0,26214,60.0,0.0,0.0,0.0,0.0,0.0
2026-05-17T18:44:50,ERR,ERR,ERR,ERR,ERR,ERR,ERR,ERR,ERR,ERR,ERR,ERR,ERR,ERR,ERR,ERR,ERR,ERR,ERR,ERR,ERR,ERR,ERR,ERR,ERR,ERR,ERR,ERR,ERR,ERR,ERR,ERR,ERR,ERR,ERR,ERR,ERR,ERR,ERR,ERR,ERR,ERR,ERR,ERR,ERR,ERR,ERR,ERR,ERR,ERR,ERR,ERR,ERR,ERR,ERR,ERR,ERR,ERR,ERR,ERR,ERR,ERR,ERR,ERR,ERR,ERR,ERR,ERR,ERR,ERR,ERR,ERR,ERR,ERR,ERR,ERR,ERR,ERR,ERR,ERR,ERR,ERR,ERR,ERR,ERR,ERR,ERR,ERR,ERR,ERR,ERR,ERR,ERR,ERR,ERR,ERR,ERR,ERR,ERR,ERR,ERR,ERR,ERR,ERR,ERR,ERR,ERR,ERR,ERR,ERR,ERR,ERR,ERR,ERR,ERR,ERR,ERR,ERR,ERR,ERR,ERR,ERR,ERR,ERR,ERR,0.0,0.0,0.0,0.0,0.0,1.3936040501711995e+18,7.805,0.0,0,0,4,0,8422,0.0,45,0.0,0.0,0.0,0.0,0.0,0,0,0,0,0.0,0,0,0,0,0,0,0,0,0,0,0,0,0,0,0,0,0,0,0,0,0,0,0,0,0,0,0,0,0,0,0,0,0,38,14,7,45,65476,0,300,0,0,8,21553,0.0,-107605600.0,0.0,0.0,0.0,0.0,0.0,0.0,0.0,0.0,0.0,0.0,0.0,0.0,0.0,0.0,0.0,0.0,0.0,0.0,0.0,0.0,0.0,2.004,-0.0,0.0,0.0,0.0,0.0,0.0,4979.0,8608181248.0,0.0,0.0,0.0,-107615280.0,2.718429300292151e+23,0.0,0.0,0.0,0.0,53,4.950428597886765e+32,-107614768.0,0.0,0.0,0.0,0.0,0.0,0.0,0.0,0,0,0,0.0,0.0,0.0,0.0,0.0,0.0,0.0,0.0,0.0,0.0,0.0,0.0,0.0,0.0,0.0,0.0,0,-107875648.0,53,0.0,106,-107614832.0,0.0,ERR,ERR,ERR,ERR,ERR,ERR,ERR,ERR,ERR,ERR,ERR,ERR,ERR,ERR,ERR,ERR,ERR,ERR,ERR,ERR,ERR,ERR,ERR,ERR,ERR,ERR,ERR,ERR,ERR,ERR,ERR,ERR,ERR,ERR,ERR,ERR,ERR,ERR,ERR,ERR,ERR,ERR,ERR,ERR,ERR,ERR,ERR,ERR,ERR,ERR,ERR,ERR,ERR,ERR,ERR,ERR,ERR,ERR,ERR,ERR,ERR,ERR,ERR,ERR,ERR,ERR,ERR,50.0,60.0,100,0.0,0.0,0.0,0.0,0.0,0.0,0.0,0.0,0.0,0.0,0.0,0.0,0.0,0.0,0.0,0.0,61.6,73,14,65513,50,65476,0,300,0,0,8,20529,65476,0,0,26214,60.0,0.0,0.0,0.0,0.0,0.0
2026-05-17T18:44:51,ERR,ERR,ERR,ERR,ERR,ERR,ERR,ERR,ERR,ERR,ERR,ERR,ERR,ERR,ERR,ERR,ERR,ERR,ERR,ERR,ERR,ERR,ERR,ERR,ERR,ERR,ERR,ERR,ERR,ERR,ERR,ERR,ERR,ERR,ERR,ERR,ERR,ERR,ERR,ERR,ERR,ERR,ERR,ERR,ERR,ERR,ERR,ERR,ERR,ERR,ERR,ERR,ERR,ERR,ERR,ERR,ERR,ERR,ERR,ERR,ERR,ERR,ERR,ERR,ERR,ERR,ERR,ERR,ERR,ERR,ERR,ERR,ERR,ERR,ERR,ERR,ERR,ERR,ERR,ERR,ERR,ERR,ERR,ERR,ERR,ERR,ERR,ERR,ERR,ERR,ERR,ERR,ERR,ERR,ERR,ERR,ERR,ERR,ERR,ERR,ERR,ERR,ERR,ERR,ERR,ERR,ERR,ERR,ERR,ERR,ERR,ERR,ERR,ERR,ERR,ERR,ERR,ERR,ERR,ERR,ERR,ERR,ERR,ERR,ERR,0.0,0.0,-134474944.0,0.0,0.0,1.3936040501711995e+18,7.805,0.0,0,0,4,0,8422,0.0,45,0.0,0.0,0.0,0.0,0.0,0,0,0,0,0.0,0,0,0,0,0,0,0,0,0,0,0,0,0,0,0,0,0,0,0,0,0,0,0,0,0,0,0,0,0,0,0,0,0,38,14,7,45,65476,0,300,0,0,8,21553,0.0,-107605600.0,0.0,0.0,0.0,0.0,0.0,0.0,0.0,0.0,0.0,0.0,0.0,0.0,0.0,0.0,0.0,0.0,0.0,0.0,0.0,0.0,0.0,2.004,-0.0,0.0,0.0,0.0,0.0,0.0,4983.0,0.0,0.0,0.0,0.0,-107615280.0,2.718429300292151e+23,0.0,0.0,0.0,0.0,53,-0.0,-0.0,0.0,0.0,0.0,0.0,0.0,0.0,0.0,0,0,0,0.0,0.0,0.0,0.0,0.0,0.0,0.0,0.0,0.0,0.0,0.0,0.0,0.0,0.0,0.0,0.0,0,-107875648.0,53,0.0,106,-107614832.0,0.0,ERR,ERR,ERR,ERR,ERR,ERR,ERR,ERR,ERR,ERR,ERR,ERR,ERR,ERR,ERR,ERR,ERR,ERR,ERR,ERR,ERR,ERR,ERR,ERR,ERR,ERR,ERR,ERR,ERR,ERR,ERR,ERR,ERR,ERR,ERR,ERR,ERR,ERR,ERR,ERR,ERR,ERR,ERR,ERR,ERR,ERR,ERR,ERR,ERR,ERR,ERR,ERR,ERR,ERR,ERR,ERR,ERR,ERR,ERR,ERR,ERR,ERR,ERR,ERR,ERR,ERR,ERR,50.0,60.0,100,0.0,0.0,0.0,0.0,0.0,0.0,0.0,0.0,0.0,0.0,0.0,0.0,0.0,0.0,0.0,0.0,61.6,73,14,65513,50,65476,0,300,0,0,8,20529,65476,0,0,26214,60.0,0.0,0.0,0.0,0.0,0.0
2026-05-17T18:44:52,ERR,ERR,ERR,ERR,ERR,ERR,ERR,ERR,ERR,ERR,ERR,ERR,ERR,ERR,ERR,ERR,ERR,ERR,ERR,ERR,ERR,ERR,ERR,ERR,ERR,ERR,ERR,ERR,ERR,ERR,ERR,ERR,ERR,ERR,ERR,ERR,ERR,ERR,ERR,ERR,ERR,ERR,ERR,ERR,ERR,ERR,ERR,ERR,ERR,ERR,ERR,ERR,ERR,ERR,ERR,ERR,ERR,ERR,ERR,ERR,ERR,ERR,ERR,ERR,ERR,ERR,ERR,ERR,ERR,ERR,ERR,ERR,ERR,ERR,ERR,ERR,ERR,ERR,ERR,ERR,ERR,ERR,ERR,ERR,ERR,ERR,ERR,ERR,ERR,ERR,ERR,ERR,ERR,ERR,ERR,ERR,ERR,ERR,ERR,ERR,ERR,ERR,ERR,ERR,ERR,ERR,ERR,ERR,ERR,ERR,ERR,ERR,ERR,ERR,ERR,ERR,ERR,ERR,ERR,ERR,ERR,ERR,ERR,ERR,ERR,0.0,0.0,-134474944.0,0.0,0.0,1.3936040501711995e+18,7.805,0.0,0,0,4,0,8422,0.0,45,0.0,0.0,0.0,0.0,0.0,0,0,0,0,0.0,0,0,0,0,0,0,0,0,0,0,0,0,0,0,0,0,0,0,0,0,0,0,0,0,0,0,0,0,0,0,0,0,0,38,14,7,45,65476,0,300,0,0,8,21553,0.0,-107605600.0,0.0,0.0,0.0,0.0,0.0,0.0,0.0,0.0,0.0,0.0,0.0,0.0,0.0,0.0,0.0,0.0,0.0,0.0,0.0,0.0,0.0,2.004,-0.0,0.0,0.0,0.0,0.0,0.0,4983.0,0.0,0.0,0.0,0.0,-107615280.0,2.718429300292151e+23,0.0,0.0,0.0,0.0,53,-0.0,-0.0,0.0,0.0,0.0,0.0,0.0,0.0,0.0,0,0,0,0.0,0.0,0.0,0.0,0.0,0.0,0.0,0.0,0.0,0.0,0.0,0.0,0.0,0.0,0.0,0.0,0,-107875648.0,53,0.0,106,-107614832.0,0.0,ERR,ERR,ERR,ERR,ERR,ERR,ERR,ERR,ERR,ERR,ERR,ERR,ERR,ERR,ERR,ERR,ERR,ERR,ERR,ERR,ERR,ERR,ERR,ERR,ERR,ERR,ERR,ERR,ERR,ERR,ERR,ERR,ERR,ERR,ERR,ERR,ERR,ERR,ERR,ERR,ERR,ERR,ERR,ERR,ERR,ERR,ERR,ERR,ERR,ERR,ERR,ERR,ERR,ERR,ERR,ERR,ERR,ERR,ERR,ERR,ERR,ERR,ERR,ERR,ERR,ERR,ERR,50.0,60.0,100,0.0,0.0,0.0,0.0,0.0,0.0,0.0,0.0,0.0,0.0,0.0,0.0,0.0,0.0,0.0,0.0,62.0,73,14,65513,50,65476,0,300,0,0,8,20529,65476,0,0,26214,60.0,0.0,0.0,0.0,0.0,0.0
2026-05-17T18:44:53,ERR,ERR,ERR,ERR,ERR,ERR,ERR,ERR,ERR,ERR,ERR,ERR,ERR,ERR,ERR,ERR,ERR,ERR,ERR,ERR,ERR,ERR,ERR,ERR,ERR,ERR,ERR,ERR,ERR,ERR,ERR,ERR,ERR,ERR,ERR,ERR,ERR,ERR,ERR,ERR,ERR,ERR,ERR,ERR,ERR,ERR,ERR,ERR,ERR,ERR,ERR,ERR,ERR,ERR,ERR,ERR,ERR,ERR,ERR,ERR,ERR,ERR,ERR,ERR,ERR,ERR,ERR,ERR,ERR,ERR,ERR,ERR,ERR,ERR,ERR,ERR,ERR,ERR,ERR,ERR,ERR,ERR,ERR,ERR,ERR,ERR,ERR,ERR,ERR,ERR,ERR,ERR,ERR,ERR,ERR,ERR,ERR,ERR,ERR,ERR,ERR,ERR,ERR,ERR,ERR,ERR,ERR,ERR,ERR,ERR,ERR,ERR,ERR,ERR,ERR,ERR,ERR,ERR,ERR,ERR,ERR,ERR,ERR,ERR,ERR,0.0,0.0,-134474944.0,0.0,0.0,1.3936040501711995e+18,7.805,0.0,0,0,4,0,8422,0.0,45,0.0,0.0,0.0,0.0,0.0,0,0,0,0,0.0,0,0,0,0,0,0,0,0,0,0,0,0,0,0,0,0,0,0,0,0,0,0,0,0,0,0,0,0,0,0,0,0,0,38,14,7,45,65476,0,300,0,0,8,21553,0.0,-107605600.0,0.0,0.0,0.0,0.0,0.0,0.0,0.0,0.0,0.0,0.0,0.0,0.0,0.0,0.0,0.0,0.0,0.0,0.0,0.0,0.0,0.0,2.004,-0.0,0.0,0.0,0.0,0.0,0.0,4983.0,0.0,0.0,0.0,0.0,-107615280.0,2.718429300292151e+23,0.0,0.0,0.0,0.0,53,-0.0,-0.0,0.0,0.0,0.0,0.0,0.0,0.0,0.0,0,0,0,0.0,0.0,0.0,0.0,0.0,0.0,0.0,0.0,0.0,0.0,0.0,0.0,0.0,0.0,0.0,0.0,0,-107875648.0,53,0.0,106,-107614832.0,0.0,ERR,ERR,ERR,ERR,ERR,ERR,ERR,ERR,ERR,ERR,ERR,ERR,ERR,ERR,ERR,ERR,ERR,ERR,ERR,ERR,ERR,ERR,ERR,ERR,ERR,ERR,ERR,ERR,ERR,ERR,ERR,ERR,ERR,ERR,ERR,ERR,ERR,ERR,ERR,ERR,ERR,ERR,ERR,ERR,ERR,ERR,ERR,ERR,ERR,ERR,ERR,ERR,ERR,ERR,ERR,ERR,ERR,ERR,ERR,ERR,ERR,ERR,ERR,ERR,ERR,ERR,ERR,50.0,60.0,100,0.0,0.0,0.0,0.0,0.0,0.0,0.0,0.0,0.0,0.0,0.0,0.0,0.0,0.0,0.0,0.0,62.0,73,14,65513,50,65476,0,300,0,0,8,20529,65476,0,0,26214,60.0,0.0,0.0,0.0,0.0,0.0
2026-05-17T18:44:54,ERR,ERR,ERR,ERR,ERR,ERR,ERR,ERR,ERR,ERR,ERR,ERR,ERR,ERR,ERR,ERR,ERR,ERR,ERR,ERR,ERR,ERR,ERR,ERR,ERR,ERR,ERR,ERR,ERR,ERR,ERR,ERR,ERR,ERR,ERR,ERR,ERR,ERR,ERR,ERR,ERR,ERR,ERR,ERR,ERR,ERR,ERR,ERR,ERR,ERR,ERR,ERR,ERR,ERR,ERR,ERR,ERR,ERR,ERR,ERR,ERR,ERR,ERR,ERR,ERR,ERR,ERR,ERR,ERR,ERR,ERR,ERR,ERR,ERR,ERR,ERR,ERR,ERR,ERR,ERR,ERR,ERR,ERR,ERR,ERR,ERR,ERR,ERR,ERR,ERR,ERR,ERR,ERR,ERR,ERR,ERR,ERR,ERR,ERR,ERR,ERR,ERR,ERR,ERR,ERR,ERR,ERR,ERR,ERR,ERR,ERR,ERR,ERR,ERR,ERR,ERR,ERR,ERR,ERR,ERR,ERR,ERR,ERR,ERR,ERR,0.0,0.0,-134474944.0,0.0,0.0,1.3936040501711995e+18,7.805,0.0,0,0,4,0,8422,0.0,45,0.0,0.0,0.0,0.0,0.0,0,0,0,0,0.0,0,0,0,0,0,0,0,0,0,0,0,0,0,0,0,0,0,0,0,0,0,0,0,0,0,0,0,0,0,0,0,0,0,38,14,7,45,65476,0,300,0,0,8,21553,0.0,-107605600.0,0.0,0.0,0.0,0.0,0.0,0.0,0.0,0.0,0.0,0.0,0.0,0.0,0.0,0.0,0.0,0.0,0.0,0.0,0.0,0.0,0.0,2.004,-0.0,0.0,0.0,0.0,0.0,0.0,4983.0,0.0,0.0,0.0,0.0,-107615280.0,2.718429300292151e+23,0.0,0.0,0.0,0.0,53,-0.0,-0.0,0.0,0.0,0.0,0.0,0.0,0.0,0.0,0,0,0,0.0,0.0,0.0,0.0,0.0,0.0,0.0,0.0,0.0,0.0,0.0,0.0,0.0,0.0,0.0,0.0,0,-107875648.0,53,0.0,106,-107614832.0,0.0,ERR,ERR,ERR,ERR,ERR,ERR,ERR,ERR,ERR,ERR,ERR,ERR,ERR,ERR,ERR,ERR,ERR,ERR,ERR,ERR,ERR,ERR,ERR,ERR,ERR,ERR,ERR,ERR,ERR,ERR,ERR,ERR,ERR,ERR,ERR,ERR,ERR,ERR,ERR,ERR,ERR,ERR,ERR,ERR,ERR,ERR,ERR,ERR,ERR,ERR,ERR,ERR,ERR,ERR,ERR,ERR,ERR,ERR,ERR,ERR,ERR,ERR,ERR,ERR,ERR,ERR,ERR,50.0,60.0,100,0.0,0.0,0.0,0.0,0.0,0.0,0.0,0.0,0.0,0.0,0.0,0.0,0.0,0.0,0.0,0.0,62.0,73,14,65513,50,65476,0,300,0,0,8,20529,65476,0,0,26214,60.0,0.0,0.0,0.0,0.0,0.0
2026-05-17T18:44:55,ERR,ERR,ERR,ERR,ERR,ERR,ERR,ERR,ERR,ERR,ERR,ERR,ERR,ERR,ERR,ERR,ERR,ERR,ERR,ERR,ERR,ERR,ERR,ERR,ERR,ERR,ERR,ERR,ERR,ERR,ERR,ERR,ERR,ERR,ERR,ERR,ERR,ERR,ERR,ERR,ERR,ERR,ERR,ERR,ERR,ERR,ERR,ERR,ERR,ERR,ERR,ERR,ERR,ERR,ERR,ERR,ERR,ERR,ERR,ERR,ERR,ERR,ERR,ERR,ERR,ERR,ERR,ERR,ERR,ERR,ERR,ERR,ERR,ERR,ERR,ERR,ERR,ERR,ERR,ERR,ERR,ERR,ERR,ERR,ERR,ERR,ERR,ERR,ERR,ERR,ERR,ERR,ERR,ERR,ERR,ERR,ERR,ERR,ERR,ERR,ERR,ERR,ERR,ERR,ERR,ERR,ERR,ERR,ERR,ERR,ERR,ERR,ERR,ERR,ERR,ERR,ERR,ERR,ERR,ERR,ERR,ERR,ERR,ERR,ERR,0.0,0.0,-134474944.0,0.0,0.0,1.3936040501711995e+18,7.805,0.0,0,0,4,0,8422,0.0,45,0.0,0.0,0.0,0.0,0.0,0,0,0,0,0.0,0,0,0,0,0,0,0,0,0,0,0,0,0,0,0,0,0,0,0,0,0,0,0,0,0,0,0,0,0,0,0,0,0,38,14,7,45,65476,0,300,0,0,8,21553,0.0,-107605600.0,0.0,0.0,0.0,0.0,0.0,0.0,0.0,0.0,0.0,0.0,0.0,0.0,0.0,0.0,0.0,0.0,0.0,0.0,0.0,0.0,0.0,2.004,-0.0,0.0,0.0,0.0,0.0,0.0,4983.0,0.0,0.0,0.0,0.0,-107615280.0,2.718429300292151e+23,0.0,0.0,0.0,0.0,53,-0.0,-0.0,0.0,0.0,0.0,0.0,0.0,0.0,0.0,0,0,0,0.0,0.0,0.0,0.0,0.0,0.0,0.0,0.0,0.0,0.0,0.0,0.0,0.0,0.0,0.0,0.0,0,-107875648.0,53,0.0,106,-107614832.0,0.0,ERR,ERR,ERR,ERR,ERR,ERR,ERR,ERR,ERR,ERR,ERR,ERR,ERR,ERR,ERR,ERR,ERR,ERR,ERR,ERR,ERR,ERR,ERR,ERR,ERR,ERR,ERR,ERR,ERR,ERR,ERR,ERR,ERR,ERR,ERR,ERR,ERR,ERR,ERR,ERR,ERR,ERR,ERR,ERR,ERR,ERR,ERR,ERR,ERR,ERR,ERR,ERR,ERR,ERR,ERR,ERR,ERR,ERR,ERR,ERR,ERR,ERR,ERR,ERR,ERR,ERR,ERR,50.0,60.0,100,0.0,0.0,0.0,0.0,0.0,0.0,0.0,0.0,0.0,0.0,0.0,0.0,0.0,0.0,0.0,0.0,61.6,73,14,65513,50,65476,0,300,0,0,8,20529,65476,0,0,26214,60.0,0.0,0.0,0.0,0.0,0.0
2026-05-17T18:44:56,ERR,ERR,ERR,ERR,ERR,ERR,ERR,ERR,ERR,ERR,ERR,ERR,ERR,ERR,ERR,ERR,ERR,ERR,ERR,ERR,ERR,ERR,ERR,ERR,ERR,ERR,ERR,ERR,ERR,ERR,ERR,ERR,ERR,ERR,ERR,ERR,ERR,ERR,ERR,ERR,ERR,ERR,ERR,ERR,ERR,ERR,ERR,ERR,ERR,ERR,ERR,ERR,ERR,ERR,ERR,ERR,ERR,ERR,ERR,ERR,ERR,ERR,ERR,ERR,ERR,ERR,ERR,ERR,ERR,ERR,ERR,ERR,ERR,ERR,ERR,ERR,ERR,ERR,ERR,ERR,ERR,ERR,ERR,ERR,ERR,ERR,ERR,ERR,ERR,ERR,ERR,ERR,ERR,ERR,ERR,ERR,ERR,ERR,ERR,ERR,ERR,ERR,ERR,ERR,ERR,ERR,ERR,ERR,ERR,ERR,ERR,ERR,ERR,ERR,ERR,ERR,ERR,ERR,ERR,ERR,ERR,ERR,ERR,ERR,ERR,0.0,0.0,-134474944.0,0.0,0.0,1.3936040501711995e+18,7.805,0.0,0,0,4,0,8422,0.0,45,0.0,0.0,0.0,0.0,0.0,0,0,0,0,0.0,0,0,0,0,0,0,0,0,0,0,0,0,0,0,0,0,0,0,0,0,0,0,0,0,0,0,0,0,0,0,0,0,0,38,14,7,45,65476,0,300,0,0,8,21553,0.0,-107605600.0,0.0,0.0,0.0,0.0,0.0,0.0,0.0,0.0,0.0,0.0,0.0,0.0,0.0,0.0,0.0,0.0,0.0,0.0,0.0,0.0,2.004,2.004,-0.0,0.0,0.0,0.0,0.0,0.0,4947.0,-1.5879289753249576e+29,0.0,0.0,0.0,-107615280.0,2.718429300292151e+23,0.0,0.0,0.0,0.0,53,4.950428597886765e+32,126840520704.0,0.0,0.0,0.0,0.0,0.0,0.0,0.0,0,0,0,0.0,0.0,0.0,0.0,0.0,0.0,0.0,0.0,0.0,0.0,0.0,0.0,0.0,0.0,0.0,0.0,0,-107875648.0,53,0.0,106,-107614832.0,0.0,ERR,ERR,ERR,ERR,ERR,ERR,ERR,ERR,ERR,ERR,ERR,ERR,ERR,ERR,ERR,ERR,ERR,ERR,ERR,ERR,ERR,ERR,ERR,ERR,ERR,ERR,ERR,ERR,ERR,ERR,ERR,ERR,ERR,ERR,ERR,ERR,ERR,ERR,ERR,ERR,ERR,ERR,ERR,ERR,ERR,ERR,ERR,ERR,ERR,ERR,ERR,ERR,ERR,ERR,ERR,ERR,ERR,ERR,ERR,ERR,ERR,ERR,ERR,ERR,ERR,ERR,ERR,50.0,60.0,100,0.0,0.0,0.0,0.0,0.0,0.0,0.0,0.0,0.0,0.0,0.0,0.0,0.0,0.0,0.0,0.0,61.6,73,14,65513,50,65476,0,300,0,0,8,20529,65476,0,0,26214,60.0,0.0,0.0,0.0,0.0,0.0
2026-05-17T18:44:57,ERR,ERR,ERR,ERR,ERR,ERR,ERR,ERR,ERR,ERR,ERR,ERR,ERR,ERR,ERR,ERR,ERR,ERR,ERR,ERR,ERR,ERR,ERR,ERR,ERR,ERR,ERR,ERR,ERR,ERR,ERR,ERR,ERR,ERR,ERR,ERR,ERR,ERR,ERR,ERR,ERR,ERR,ERR,ERR,ERR,ERR,ERR,ERR,ERR,ERR,ERR,ERR,ERR,ERR,ERR,ERR,ERR,ERR,ERR,ERR,ERR,ERR,ERR,ERR,ERR,ERR,ERR,ERR,ERR,ERR,ERR,ERR,ERR,ERR,ERR,ERR,ERR,ERR,ERR,ERR,ERR,ERR,ERR,ERR,ERR,ERR,ERR,ERR,ERR,ERR,ERR,ERR,ERR,ERR,ERR,ERR,ERR,ERR,ERR,ERR,ERR,ERR,ERR,ERR,ERR,ERR,ERR,ERR,ERR,ERR,ERR,ERR,ERR,ERR,ERR,ERR,ERR,ERR,ERR,ERR,ERR,ERR,ERR,ERR,ERR,0.0,0.0,-134474944.0,0.0,0.0,1.3936040501711995e+18,7.805,0.0,0,0,4,0,8422,0.0,45,0.0,0.0,0.0,0.0,0.0,0,0,0,0,0.0,0,0,0,0,0,0,0,0,0,0,0,0,0,0,0,0,0,0,0,0,0,0,0,0,0,0,0,0,0,0,0,0,0,38,14,7,45,65476,0,300,0,0,8,21553,0.0,-107605600.0,0.0,0.0,0.0,0.0,0.0,0.0,0.0,0.0,0.0,0.0,0.0,0.0,0.0,0.0,0.0,0.0,0.0,0.0,0.0,0.0,2.004,2.004,-0.0,0.0,0.0,0.0,0.0,0.0,4947.0,-1.5879289753249576e+29,0.0,0.0,0.0,-107615280.0,2.718429300292151e+23,0.0,0.0,0.0,0.0,53,4.950428597886765e+32,126840520704.0,0.0,0.0,0.0,0.0,0.0,0.0,0.0,0,0,0,0.0,0.0,0.0,0.0,0.0,0.0,0.0,0.0,0.0,0.0,0.0,0.0,0.0,0.0,0.0,0.0,0,-107875648.0,53,0.0,106,-107614832.0,0.0,ERR,ERR,ERR,ERR,ERR,ERR,ERR,ERR,ERR,ERR,ERR,ERR,ERR,ERR,ERR,ERR,ERR,ERR,ERR,ERR,ERR,ERR,ERR,ERR,ERR,ERR,ERR,ERR,ERR,ERR,ERR,ERR,ERR,ERR,ERR,ERR,ERR,ERR,ERR,ERR,ERR,ERR,ERR,ERR,ERR,ERR,ERR,ERR,ERR,ERR,ERR,ERR,ERR,ERR,ERR,ERR,ERR,ERR,ERR,ERR,ERR,ERR,ERR,ERR,ERR,ERR,ERR,50.0,60.0,100,0.0,0.0,0.0,0.0,0.0,0.0,0.0,0.0,0.0,0.0,0.0,0.0,0.0,0.0,0.0,0.0,61.6,73,14,65513,50,65476,0,300,0,0,8,20529,65476,0,0,26214,60.0,0.0,0.0,0.0,0.0,0.0
2026-05-17T18:44:58,ERR,ERR,ERR,ERR,ERR,ERR,ERR,ERR,ERR,ERR,ERR,ERR,ERR,ERR,ERR,ERR,ERR,ERR,ERR,ERR,ERR,ERR,ERR,ERR,ERR,ERR,ERR,ERR,ERR,ERR,ERR,ERR,ERR,ERR,ERR,ERR,ERR,ERR,ERR,ERR,ERR,ERR,ERR,ERR,ERR,ERR,ERR,ERR,ERR,ERR,ERR,ERR,ERR,ERR,ERR,ERR,ERR,ERR,ERR,ERR,ERR,ERR,ERR,ERR,ERR,ERR,ERR,ERR,ERR,ERR,ERR,ERR,ERR,ERR,ERR,ERR,ERR,ERR,ERR,ERR,ERR,ERR,ERR,ERR,ERR,ERR,ERR,ERR,ERR,ERR,ERR,ERR,ERR,ERR,ERR,ERR,ERR,ERR,ERR,ERR,ERR,ERR,ERR,ERR,ERR,ERR,ERR,ERR,ERR,ERR,ERR,ERR,ERR,ERR,ERR,ERR,ERR,ERR,ERR,ERR,ERR,ERR,ERR,ERR,ERR,0.0,0.0,-134474944.0,0.0,0.0,1.3936040501711995e+18,7.805,0.0,0,0,4,0,8422,0.0,45,0.0,0.0,0.0,0.0,0.0,0,0,0,0,0.0,0,0,0,0,0,0,0,0,0,0,0,0,0,0,0,0,0,0,0,0,0,0,0,0,0,0,0,0,0,0,0,0,0,38,14,7,45,65476,0,300,0,0,8,21553,0.0,-107605600.0,0.0,0.0,0.0,0.0,0.0,0.0,0.0,0.0,0.0,0.0,0.0,0.0,0.0,0.0,0.0,0.0,0.0,0.0,0.0,0.0,2.004,2.004,-0.0,0.0,0.0,0.0,0.0,0.0,4947.0,-1.5879289753249576e+29,0.0,0.0,0.0,-107615280.0,2.718429300292151e+23,0.0,0.0,0.0,0.0,53,4.950428597886765e+32,126840520704.0,0.0,0.0,0.0,0.0,0.0,0.0,0.0,0,0,0,0.0,0.0,0.0,0.0,0.0,0.0,0.0,0.0,0.0,0.0,0.0,0.0,0.0,0.0,0.0,0.0,0,-107875648.0,53,0.0,106,-107614832.0,0.0,ERR,ERR,ERR,ERR,ERR,ERR,ERR,ERR,ERR,ERR,ERR,ERR,ERR,ERR,ERR,ERR,ERR,ERR,ERR,ERR,ERR,ERR,ERR,ERR,ERR,ERR,ERR,ERR,ERR,ERR,ERR,ERR,ERR,ERR,ERR,ERR,ERR,ERR,ERR,ERR,ERR,ERR,ERR,ERR,ERR,ERR,ERR,ERR,ERR,ERR,ERR,ERR,ERR,ERR,ERR,ERR,ERR,ERR,ERR,ERR,ERR,ERR,ERR,ERR,ERR,ERR,ERR,50.0,60.0,100,0.0,0.0,0.0,0.0,0.0,0.0,0.0,0.0,0.0,0.0,0.0,0.0,0.0,0.0,0.0,0.0,61.6,73,14,65513,50,65476,0,300,0,0,8,20529,65476,0,0,26214,60.0,0.0,0.0,0.0,0.0,0.0
2026-05-17T18:44:59,ERR,ERR,ERR,ERR,ERR,ERR,ERR,ERR,ERR,ERR,ERR,ERR,ERR,ERR,ERR,ERR,ERR,ERR,ERR,ERR,ERR,ERR,ERR,ERR,ERR,ERR,ERR,ERR,ERR,ERR,ERR,ERR,ERR,ERR,ERR,ERR,ERR,ERR,ERR,ERR,ERR,ERR,ERR,ERR,ERR,ERR,ERR,ERR,ERR,ERR,ERR,ERR,ERR,ERR,ERR,ERR,ERR,ERR,ERR,ERR,ERR,ERR,ERR,ERR,ERR,ERR,ERR,ERR,ERR,ERR,ERR,ERR,ERR,ERR,ERR,ERR,ERR,ERR,ERR,ERR,ERR,ERR,ERR,ERR,ERR,ERR,ERR,ERR,ERR,ERR,ERR,ERR,ERR,ERR,ERR,ERR,ERR,ERR,ERR,ERR,ERR,ERR,ERR,ERR,ERR,ERR,ERR,ERR,ERR,ERR,ERR,ERR,ERR,ERR,ERR,ERR,ERR,ERR,ERR,ERR,ERR,ERR,ERR,ERR,ERR,0.0,0.0,-134474944.0,0.0,0.0,1.3936040501711995e+18,7.805,0.0,0,0,4,0,8422,0.0,45,0.0,0.0,0.0,0.0,0.0,0,0,0,0,0.0,0,0,0,0,0,0,0,0,0,0,0,0,0,0,0,0,0,0,0,0,0,0,0,0,0,0,0,0,0,0,0,0,0,38,14,7,45,65476,0,300,0,0,8,21553,0.0,-107605600.0,0.0,0.0,0.0,0.0,0.0,0.0,0.0,0.0,0.0,0.0,0.0,0.0,0.0,0.0,0.0,0.0,0.0,0.0,0.0,0.0,2.004,2.004,-0.0,0.0,0.0,0.0,0.0,0.0,4947.0,-1.5879289753249576e+29,0.0,0.0,0.0,-107615280.0,2.718429300292151e+23,0.0,0.0,0.0,0.0,53,4.950428597886765e+32,126840520704.0,0.0,0.0,0.0,0.0,0.0,0.0,0.0,0,0,0,0.0,0.0,0.0,0.0,0.0,0.0,0.0,0.0,0.0,0.0,0.0,0.0,0.0,0.0,0.0,0.0,0,-107875648.0,53,0.0,106,-107614832.0,0.0,ERR,ERR,ERR,ERR,ERR,ERR,ERR,ERR,ERR,ERR,ERR,ERR,ERR,ERR,ERR,ERR,ERR,ERR,ERR,ERR,ERR,ERR,ERR,ERR,ERR,ERR,ERR,ERR,ERR,ERR,ERR,ERR,ERR,ERR,ERR,ERR,ERR,ERR,ERR,ERR,ERR,ERR,ERR,ERR,ERR,ERR,ERR,ERR,ERR,ERR,ERR,ERR,ERR,ERR,ERR,ERR,ERR,ERR,ERR,ERR,ERR,ERR,ERR,ERR,ERR,ERR,ERR,50.0,60.0,100,0.0,0.0,0.0,0.0,0.0,0.0,0.0,0.0,0.0,0.0,0.0,0.0,0.0,0.0,0.0,0.0,61.6,73,14,65513,50,65476,0,300,0,0,8,20529,65476,0,0,26214,60.0,0.0,0.0,0.0,0.0,0.0
2026-05-17T18:45:00,ERR,ERR,ERR,ERR,ERR,ERR,ERR,ERR,ERR,ERR,ERR,ERR,ERR,ERR,ERR,ERR,ERR,ERR,ERR,ERR,ERR,ERR,ERR,ERR,ERR,ERR,ERR,ERR,ERR,ERR,ERR,ERR,ERR,ERR,ERR,ERR,ERR,ERR,ERR,ERR,ERR,ERR,ERR,ERR,ERR,ERR,ERR,ERR,ERR,ERR,ERR,ERR,ERR,ERR,ERR,ERR,ERR,ERR,ERR,ERR,ERR,ERR,ERR,ERR,ERR,ERR,ERR,ERR,ERR,ERR,ERR,ERR,ERR,ERR,ERR,ERR,ERR,ERR,ERR,ERR,ERR,ERR,ERR,ERR,ERR,ERR,ERR,ERR,ERR,ERR,ERR,ERR,ERR,ERR,ERR,ERR,ERR,ERR,ERR,ERR,ERR,ERR,ERR,ERR,ERR,ERR,ERR,ERR,ERR,ERR,ERR,ERR,ERR,ERR,ERR,ERR,ERR,ERR,ERR,ERR,ERR,ERR,ERR,ERR,ERR,0.0,0.0,-134474944.0,0.0,0.0,1.3936040501711995e+18,7.805,0.0,0,0,4,0,8422,0.0,45,0.0,0.0,0.0,0.0,0.0,0,0,0,0,0.0,0,0,0,0,0,0,0,0,0,0,0,0,0,0,0,0,0,0,0,0,0,0,0,0,0,0,0,0,0,0,0,0,0,38,14,7,45,65476,0,300,0,0,8,21553,0.0,-107605600.0,0.0,0.0,0.0,0.0,0.0,0.0,0.0,0.0,0.0,0.0,0.0,0.0,0.0,0.0,0.0,0.0,0.0,0.0,0.0,0.0,2.004,2.004,-0.0,0.0,0.0,0.0,0.0,0.0,4947.0,-1.5879289753249576e+29,0.0,0.0,0.0,-107615280.0,2.718429300292151e+23,0.0,0.0,0.0,0.0,53,4.950428597886765e+32,126840520704.0,0.0,0.0,0.0,0.0,0.0,0.0,0.0,0,0,0,0.0,0.0,0.0,0.0,0.0,0.0,0.0,0.0,0.0,0.0,0.0,0.0,0.0,0.0,0.0,0.0,0,-107875648.0,53,0.0,106,-107614832.0,0.0,ERR,ERR,ERR,ERR,ERR,ERR,ERR,ERR,ERR,ERR,ERR,ERR,ERR,ERR,ERR,ERR,ERR,ERR,ERR,ERR,ERR,ERR,ERR,ERR,ERR,ERR,ERR,ERR,ERR,ERR,ERR,ERR,ERR,ERR,ERR,ERR,ERR,ERR,ERR,ERR,ERR,ERR,ERR,ERR,ERR,ERR,ERR,ERR,ERR,ERR,ERR,ERR,ERR,ERR,ERR,ERR,ERR,ERR,ERR,ERR,ERR,ERR,ERR,ERR,ERR,ERR,ERR,50.0,60.0,100,0.0,0.0,0.0,0.0,0.0,0.0,0.0,0.0,0.0,0.0,0.0,0.0,0.0,0.0,0.0,0.0,61.6,73,14,65513,50,65476,0,300,0,0,8,20529,65476,0,0,26214,60.0,0.0,0.0,0.0,0.0,0.0
2026-05-17T18:45:01,ERR,ERR,ERR,ERR,ERR,ERR,ERR,ERR,ERR,ERR,ERR,ERR,ERR,ERR,ERR,ERR,ERR,ERR,ERR,ERR,ERR,ERR,ERR,ERR,ERR,ERR,ERR,ERR,ERR,ERR,ERR,ERR,ERR,ERR,ERR,ERR,ERR,ERR,ERR,ERR,ERR,ERR,ERR,ERR,ERR,ERR,ERR,ERR,ERR,ERR,ERR,ERR,ERR,ERR,ERR,ERR,ERR,ERR,ERR,ERR,ERR,ERR,ERR,ERR,ERR,ERR,ERR,ERR,ERR,ERR,ERR,ERR,ERR,ERR,ERR,ERR,ERR,ERR,ERR,ERR,ERR,ERR,ERR,ERR,ERR,ERR,ERR,ERR,ERR,ERR,ERR,ERR,ERR,ERR,ERR,ERR,ERR,ERR,ERR,ERR,ERR,ERR,ERR,ERR,ERR,ERR,ERR,ERR,ERR,ERR,ERR,ERR,ERR,ERR,ERR,ERR,ERR,ERR,ERR,ERR,ERR,ERR,ERR,ERR,ERR,0.0,0.0,-134474944.0,0.0,0.0,1.3936040501711995e+18,7.805,0.0,0,0,4,0,8422,0.0,45,0.0,0.0,0.0,0.0,0.0,0,0,0,0,0.0,0,0,0,0,0,0,0,0,0,0,0,0,0,0,0,0,0,0,0,0,0,0,0,0,0,0,0,0,0,0,0,0,0,38,14,7,45,65476,0,300,0,0,8,21553,0.0,-107605600.0,0.0,0.0,0.0,0.0,0.0,0.0,0.0,0.0,0.0,0.0,0.0,0.0,0.0,0.0,0.0,0.0,0.0,0.0,0.0,0.0,2.004,2.004,-0.0,0.0,0.0,0.0,0.0,0.0,4951.0,-3.6971852540153954e+19,0.0,0.0,0.0,-107615280.0,2.718429300292151e+23,0.0,0.0,0.0,0.0,53,-0.0,0.059,0.0,0.0,0.0,0.0,0.0,0.0,0.0,0,0,0,0.0,0.0,0.0,0.0,0.0,0.0,0.0,0.0,0.0,0.0,0.0,0.0,0.0,0.0,0.0,0.0,0,-107875648.0,53,0.0,106,-107614832.0,0.0,ERR,ERR,ERR,ERR,ERR,ERR,ERR,ERR,ERR,ERR,ERR,ERR,ERR,ERR,ERR,ERR,ERR,ERR,ERR,ERR,ERR,ERR,ERR,ERR,ERR,ERR,ERR,ERR,ERR,ERR,ERR,ERR,ERR,ERR,ERR,ERR,ERR,ERR,ERR,ERR,ERR,ERR,ERR,ERR,ERR,ERR,ERR,ERR,ERR,ERR,ERR,ERR,ERR,ERR,ERR,ERR,ERR,ERR,ERR,ERR,ERR,ERR,ERR,ERR,ERR,ERR,ERR,50.0,60.0,100,0.0,0.0,0.0,0.0,0.0,0.0,0.0,0.0,0.0,0.0,0.0,0.0,0.0,0.0,0.0,0.0,61.6,73,14,65513,50,65476,0,300,0,0,8,20529,65476,0,0,26214,60.0,0.0,0.0,0.0,0.0,0.0
2026-05-17T18:45:02,ERR,ERR,ERR,ERR,ERR,ERR,ERR,ERR,ERR,ERR,ERR,ERR,ERR,ERR,ERR,ERR,ERR,ERR,ERR,ERR,ERR,ERR,ERR,ERR,ERR,ERR,ERR,ERR,ERR,ERR,ERR,ERR,ERR,ERR,ERR,ERR,ERR,ERR,ERR,ERR,ERR,ERR,ERR,ERR,ERR,ERR,ERR,ERR,ERR,ERR,ERR,ERR,ERR,ERR,ERR,ERR,ERR,ERR,ERR,ERR,ERR,ERR,ERR,ERR,ERR,ERR,ERR,ERR,ERR,ERR,ERR,ERR,ERR,ERR,ERR,ERR,ERR,ERR,ERR,ERR,ERR,ERR,ERR,ERR,ERR,ERR,ERR,ERR,ERR,ERR,ERR,ERR,ERR,ERR,ERR,ERR,ERR,ERR,ERR,ERR,ERR,ERR,ERR,ERR,ERR,ERR,ERR,ERR,ERR,ERR,ERR,ERR,ERR,ERR,ERR,ERR,ERR,ERR,ERR,ERR,ERR,ERR,ERR,ERR,ERR,0.0,0.0,-134474944.0,0.0,0.0,1.3936040501711995e+18,7.805,0.0,0,0,4,0,8422,0.0,45,0.0,0.0,0.0,0.0,0.0,0,0,0,0,0.0,0,0,0,0,0,0,0,0,0,0,0,0,0,0,0,0,0,0,0,0,0,0,0,0,0,0,0,0,0,0,0,0,0,38,14,7,45,65476,0,300,0,0,8,21553,0.0,-107605600.0,0.0,0.0,0.0,0.0,0.0,0.0,0.0,0.0,0.0,0.0,0.0,0.0,0.0,0.0,0.0,0.0,0.0,0.0,0.0,0.0,2.004,2.004,-0.0,0.0,0.0,0.0,0.0,0.0,4951.0,-3.6971852540153954e+19,0.0,0.0,0.0,-107615280.0,2.718429300292151e+23,0.0,0.0,0.0,0.0,53,-0.0,0.059,0.0,0.0,0.0,0.0,0.0,0.0,0.0,0,0,0,0.0,0.0,0.0,0.0,0.0,0.0,0.0,0.0,0.0,0.0,0.0,0.0,0.0,0.0,0.0,0.0,0,-107875648.0,53,0.0,106,-107614832.0,0.0,ERR,ERR,ERR,ERR,ERR,ERR,ERR,ERR,ERR,ERR,ERR,ERR,ERR,ERR,ERR,ERR,ERR,ERR,ERR,ERR,ERR,ERR,ERR,ERR,ERR,ERR,ERR,ERR,ERR,ERR,ERR,ERR,ERR,ERR,ERR,ERR,ERR,ERR,ERR,ERR,ERR,ERR,ERR,ERR,ERR,ERR,ERR,ERR,ERR,ERR,ERR,ERR,ERR,ERR,ERR,ERR,ERR,ERR,ERR,ERR,ERR,ERR,ERR,ERR,ERR,ERR,ERR,50.0,60.0,100,0.0,0.0,0.0,0.0,0.0,0.0,0.0,0.0,0.0,0.0,0.0,0.0,0.0,0.0,0.0,0.0,61.6,73,14,65513,50,65476,0,300,0,0,8,20529,65476,0,0,26214,60.0,0.0,0.0,0.0,0.0,0.0
2026-05-17T18:45:03,ERR,ERR,ERR,ERR,ERR,ERR,ERR,ERR,ERR,ERR,ERR,ERR,ERR,ERR,ERR,ERR,ERR,ERR,ERR,ERR,ERR,ERR,ERR,ERR,ERR,ERR,ERR,ERR,ERR,ERR,ERR,ERR,ERR,ERR,ERR,ERR,ERR,ERR,ERR,ERR,ERR,ERR,ERR,ERR,ERR,ERR,ERR,ERR,ERR,ERR,ERR,ERR,ERR,ERR,ERR,ERR,ERR,ERR,ERR,ERR,ERR,ERR,ERR,ERR,ERR,ERR,ERR,ERR,ERR,ERR,ERR,ERR,ERR,ERR,ERR,ERR,ERR,ERR,ERR,ERR,ERR,ERR,ERR,ERR,ERR,ERR,ERR,ERR,ERR,ERR,ERR,ERR,ERR,ERR,ERR,ERR,ERR,ERR,ERR,ERR,ERR,ERR,ERR,ERR,ERR,ERR,ERR,ERR,ERR,ERR,ERR,ERR,ERR,ERR,ERR,ERR,ERR,ERR,ERR,ERR,ERR,ERR,ERR,ERR,ERR,0.0,0.0,-134474944.0,0.0,0.0,1.3936040501711995e+18,7.805,0.0,0,0,4,0,8422,0.0,45,0.0,0.0,0.0,0.0,0.0,0,0,0,0,0.0,0,0,0,0,0,0,0,0,0,0,0,0,0,0,0,0,0,0,0,0,0,0,0,0,0,0,0,0,0,0,0,0,0,38,14,7,45,65476,0,300,0,0,8,21553,0.0,-107605600.0,0.0,0.0,0.0,0.0,0.0,0.0,0.0,0.0,0.0,0.0,0.0,0.0,0.0,0.0,0.0,0.0,0.0,0.0,0.0,0.0,2.004,2.004,-0.0,0.0,0.0,0.0,0.0,0.0,4951.0,-3.6971852540153954e+19,0.0,0.0,0.0,-107615280.0,2.718429300292151e+23,0.0,0.0,0.0,0.0,53,-0.0,0.059,0.0,0.0,0.0,0.0,0.0,0.0,0.0,0,0,0,0.0,0.0,0.0,0.0,0.0,0.0,0.0,0.0,0.0,0.0,0.0,0.0,0.0,0.0,0.0,0.0,0,-107875648.0,53,0.0,106,-107614832.0,0.0,ERR,ERR,ERR,ERR,ERR,ERR,ERR,ERR,ERR,ERR,ERR,ERR,ERR,ERR,ERR,ERR,ERR,ERR,ERR,ERR,ERR,ERR,ERR,ERR,ERR,ERR,ERR,ERR,ERR,ERR,ERR,ERR,ERR,ERR,ERR,ERR,ERR,ERR,ERR,ERR,ERR,ERR,ERR,ERR,ERR,ERR,ERR,ERR,ERR,ERR,ERR,ERR,ERR,ERR,ERR,ERR,ERR,ERR,ERR,ERR,ERR,ERR,ERR,ERR,ERR,ERR,ERR,50.0,60.0,100,0.0,0.0,0.0,0.0,0.0,0.0,0.0,0.0,0.0,0.0,0.0,0.0,0.0,0.0,0.0,0.0,61.6,73,14,65513,50,65476,0,300,0,0,8,20529,65476,0,0,26214,60.0,0.0,0.0,0.0,0.0,0.0
2026-05-17T18:45:04,ERR,ERR,ERR,ERR,ERR,ERR,ERR,ERR,ERR,ERR,ERR,ERR,ERR,ERR,ERR,ERR,ERR,ERR,ERR,ERR,ERR,ERR,ERR,ERR,ERR,ERR,ERR,ERR,ERR,ERR,ERR,ERR,ERR,ERR,ERR,ERR,ERR,ERR,ERR,ERR,ERR,ERR,ERR,ERR,ERR,ERR,ERR,ERR,ERR,ERR,ERR,ERR,ERR,ERR,ERR,ERR,ERR,ERR,ERR,ERR,ERR,ERR,ERR,ERR,ERR,ERR,ERR,ERR,ERR,ERR,ERR,ERR,ERR,ERR,ERR,ERR,ERR,ERR,ERR,ERR,ERR,ERR,ERR,ERR,ERR,ERR,ERR,ERR,ERR,ERR,ERR,ERR,ERR,ERR,ERR,ERR,ERR,ERR,ERR,ERR,ERR,ERR,ERR,ERR,ERR,ERR,ERR,ERR,ERR,ERR,ERR,ERR,ERR,ERR,ERR,ERR,ERR,ERR,ERR,ERR,ERR,ERR,ERR,ERR,ERR,0.0,0.0,-134474944.0,0.0,0.0,1.3936040501711995e+18,7.805,0.0,0,0,4,0,8422,0.0,45,0.0,0.0,0.0,0.0,0.0,0,0,0,0,0.0,0,0,0,0,0,0,0,0,0,0,0,0,0,0,0,0,0,0,0,0,0,0,0,0,0,0,0,0,0,0,0,0,0,38,14,7,45,65476,0,300,0,0,8,21553,0.0,-107605600.0,0.0,0.0,0.0,0.0,0.0,0.0,0.0,0.0,0.0,0.0,0.0,0.0,0.0,0.0,0.0,0.0,0.0,0.0,0.0,0.0,2.004,2.004,-0.0,0.0,0.0,0.0,0.0,0.0,4951.0,-3.6971852540153954e+19,0.0,0.0,0.0,-107615280.0,2.718429300292151e+23,0.0,0.0,0.0,0.0,53,-0.0,0.059,0.0,0.0,0.0,0.0,0.0,0.0,0.0,0,0,0,0.0,0.0,0.0,0.0,0.0,0.0,0.0,0.0,0.0,0.0,0.0,0.0,0.0,0.0,0.0,0.0,0,-107875648.0,53,0.0,106,-107614832.0,0.0,ERR,ERR,ERR,ERR,ERR,ERR,ERR,ERR,ERR,ERR,ERR,ERR,ERR,ERR,ERR,ERR,ERR,ERR,ERR,ERR,ERR,ERR,ERR,ERR,ERR,ERR,ERR,ERR,ERR,ERR,ERR,ERR,ERR,ERR,ERR,ERR,ERR,ERR,ERR,ERR,ERR,ERR,ERR,ERR,ERR,ERR,ERR,ERR,ERR,ERR,ERR,ERR,ERR,ERR,ERR,ERR,ERR,ERR,ERR,ERR,ERR,ERR,ERR,ERR,ERR,ERR,ERR,50.0,60.0,100,0.0,0.0,0.0,0.0,0.0,0.0,0.0,0.0,0.0,0.0,0.0,0.0,0.0,0.0,0.0,0.0,61.6,73,14,65513,50,65476,0,300,0,0,8,20529,65476,0,0,26214,60.0,0.0,0.0,0.0,0.0,0.0
2026-05-17T18:45:05,ERR,ERR,ERR,ERR,ERR,ERR,ERR,ERR,ERR,ERR,ERR,ERR,ERR,ERR,ERR,ERR,ERR,ERR,ERR,ERR,ERR,ERR,ERR,ERR,ERR,ERR,ERR,ERR,ERR,ERR,ERR,ERR,ERR,ERR,ERR,ERR,ERR,ERR,ERR,ERR,ERR,ERR,ERR,ERR,ERR,ERR,ERR,ERR,ERR,ERR,ERR,ERR,ERR,ERR,ERR,ERR,ERR,ERR,ERR,ERR,ERR,ERR,ERR,ERR,ERR,ERR,ERR,ERR,ERR,ERR,ERR,ERR,ERR,ERR,ERR,ERR,ERR,ERR,ERR,ERR,ERR,ERR,ERR,ERR,ERR,ERR,ERR,ERR,ERR,ERR,ERR,ERR,ERR,ERR,ERR,ERR,ERR,ERR,ERR,ERR,ERR,ERR,ERR,ERR,ERR,ERR,ERR,ERR,ERR,ERR,ERR,ERR,ERR,ERR,ERR,ERR,ERR,ERR,ERR,ERR,ERR,ERR,ERR,ERR,ERR,0.0,0.0,-134474944.0,0.0,0.0,1.3936040501711995e+18,7.805,0.0,0,0,4,0,8422,0.0,45,0.0,0.0,0.0,0.0,0.0,0,0,0,0,0.0,0,0,0,0,0,0,0,0,0,0,0,0,0,0,0,0,0,0,0,0,0,0,0,0,0,0,0,0,0,0,0,0,0,38,14,7,45,65476,0,300,0,0,8,21553,0.0,-107605600.0,0.0,0.0,0.0,0.0,0.0,0.0,0.0,0.0,0.0,0.0,0.0,0.0,0.0,0.0,0.0,0.0,0.0,0.0,0.0,0.0,2.004,2.004,-0.0,0.0,0.0,0.0,0.0,0.0,4951.0,-3.6971852540153954e+19,0.0,0.0,0.0,-107615280.0,2.718429300292151e+23,0.0,0.0,0.0,0.0,53,-0.0,0.059,0.0,0.0,0.0,0.0,0.0,0.0,0.0,0,0,0,0.0,0.0,0.0,0.0,0.0,0.0,0.0,0.0,0.0,0.0,0.0,0.0,0.0,0.0,0.0,0.0,0,-107875648.0,53,0.0,106,-107614832.0,0.0,ERR,ERR,ERR,ERR,ERR,ERR,ERR,ERR,ERR,ERR,ERR,ERR,ERR,ERR,ERR,ERR,ERR,ERR,ERR,ERR,ERR,ERR,ERR,ERR,ERR,ERR,ERR,ERR,ERR,ERR,ERR,ERR,ERR,ERR,ERR,ERR,ERR,ERR,ERR,ERR,ERR,ERR,ERR,ERR,ERR,ERR,ERR,ERR,ERR,ERR,ERR,ERR,ERR,ERR,ERR,ERR,ERR,ERR,ERR,ERR,ERR,ERR,ERR,ERR,ERR,ERR,ERR,50.0,60.0,100,0.0,0.0,0.0,0.0,0.0,0.0,0.0,0.0,0.0,0.0,0.0,0.0,0.0,0.0,0.0,0.0,61.6,73,14,65513,50,65476,0,300,0,0,8,20529,65476,0,0,26214,60.0,0.0,0.0,0.0,0.0,0.0
2026-05-17T18:45:06,ERR,ERR,ERR,ERR,ERR,ERR,ERR,ERR,ERR,ERR,ERR,ERR,ERR,ERR,ERR,ERR,ERR,ERR,ERR,ERR,ERR,ERR,ERR,ERR,ERR,ERR,ERR,ERR,ERR,ERR,ERR,ERR,ERR,ERR,ERR,ERR,ERR,ERR,ERR,ERR,ERR,ERR,ERR,ERR,ERR,ERR,ERR,ERR,ERR,ERR,ERR,ERR,ERR,ERR,ERR,ERR,ERR,ERR,ERR,ERR,ERR,ERR,ERR,ERR,ERR,ERR,ERR,ERR,ERR,ERR,ERR,ERR,ERR,ERR,ERR,ERR,ERR,ERR,ERR,ERR,ERR,ERR,ERR,ERR,ERR,ERR,ERR,ERR,ERR,ERR,ERR,ERR,ERR,ERR,ERR,ERR,ERR,ERR,ERR,ERR,ERR,ERR,ERR,ERR,ERR,ERR,ERR,ERR,ERR,ERR,ERR,ERR,ERR,ERR,ERR,ERR,ERR,ERR,ERR,ERR,ERR,ERR,ERR,ERR,ERR,0.0,0.0,0.0,0.0,0.0,1.3936040501711995e+18,7.805,0.0,0,0,4,0,8422,0.0,45,0.0,0.0,0.0,0.0,0.0,0,0,0,0,0.0,0,0,0,0,0,0,0,0,0,0,0,0,0,0,0,0,0,0,0,0,0,0,0,0,0,0,0,0,0,0,0,0,0,38,14,7,45,65476,0,300,0,0,8,21553,0.0,-107605600.0,0.0,0.0,0.0,0.0,0.0,0.0,0.0,0.0,0.0,0.0,0.0,0.0,0.0,0.0,0.0,0.0,0.0,0.0,0.0,0.0,2.004,2.004,-0.0,0.0,0.0,0.0,0.0,0.0,4947.0,-2.4229873280715295e+24,0.0,0.0,0.0,-107615280.0,2.718429300292151e+23,0.0,0.0,0.0,0.0,53,4.950428597886765e+32,89220.547,0.0,0.0,0.0,0.0,0.0,0.0,0.0,0,0,0,0.0,0.0,0.0,0.0,0.0,0.0,0.0,0.0,0.0,0.0,0.0,0.0,0.0,0.0,0.0,0.0,0,-107875648.0,53,0.0,106,-107614832.0,0.0,ERR,ERR,ERR,ERR,ERR,ERR,ERR,ERR,ERR,ERR,ERR,ERR,ERR,ERR,ERR,ERR,ERR,ERR,ERR,ERR,ERR,ERR,ERR,ERR,ERR,ERR,ERR,ERR,ERR,ERR,ERR,ERR,ERR,ERR,ERR,ERR,ERR,ERR,ERR,ERR,ERR,ERR,ERR,ERR,ERR,ERR,ERR,ERR,ERR,ERR,ERR,ERR,ERR,ERR,ERR,ERR,ERR,ERR,ERR,ERR,ERR,ERR,ERR,ERR,ERR,ERR,ERR,50.0,60.0,100,0.0,0.0,0.0,0.0,0.0,0.0,0.0,0.0,0.0,0.0,0.0,0.0,0.0,0.0,0.0,0.0,61.6,73,14,65513,50,65476,0,300,0,0,8,20529,65476,0,0,26214,60.0,0.0,0.0,0.0,0.0,0.0
2026-05-17T18:45:07,ERR,ERR,ERR,ERR,ERR,ERR,ERR,ERR,ERR,ERR,ERR,ERR,ERR,ERR,ERR,ERR,ERR,ERR,ERR,ERR,ERR,ERR,ERR,ERR,ERR,ERR,ERR,ERR,ERR,ERR,ERR,ERR,ERR,ERR,ERR,ERR,ERR,ERR,ERR,ERR,ERR,ERR,ERR,ERR,ERR,ERR,ERR,ERR,ERR,ERR,ERR,ERR,ERR,ERR,ERR,ERR,ERR,ERR,ERR,ERR,ERR,ERR,ERR,ERR,ERR,ERR,ERR,ERR,ERR,ERR,ERR,ERR,ERR,ERR,ERR,ERR,ERR,ERR,ERR,ERR,ERR,ERR,ERR,ERR,ERR,ERR,ERR,ERR,ERR,ERR,ERR,ERR,ERR,ERR,ERR,ERR,ERR,ERR,ERR,ERR,ERR,ERR,ERR,ERR,ERR,ERR,ERR,ERR,ERR,ERR,ERR,ERR,ERR,ERR,ERR,ERR,ERR,ERR,ERR,ERR,ERR,ERR,ERR,ERR,ERR,0.0,0.0,0.0,0.0,0.0,1.3936040501711995e+18,7.805,0.0,0,0,4,0,8422,0.0,45,0.0,0.0,0.0,0.0,0.0,0,0,0,0,0.0,0,0,0,0,0,0,0,0,0,0,0,0,0,0,0,0,0,0,0,0,0,0,0,0,0,0,0,0,0,0,0,0,0,38,14,7,45,65476,0,300,0,0,8,21553,0.0,-107605600.0,0.0,0.0,0.0,0.0,0.0,0.0,0.0,0.0,0.0,0.0,0.0,0.0,0.0,0.0,0.0,0.0,0.0,0.0,0.0,0.0,2.004,2.004,-0.0,0.0,0.0,0.0,0.0,0.0,4947.0,-2.4229873280715295e+24,0.0,0.0,0.0,-107615280.0,2.718429300292151e+23,0.0,0.0,0.0,0.0,53,4.950428597886765e+32,89220.547,0.0,0.0,0.0,0.0,0.0,0.0,0.0,0,0,0,0.0,0.0,0.0,0.0,0.0,0.0,0.0,0.0,0.0,0.0,0.0,0.0,0.0,0.0,0.0,0.0,0,-107875648.0,53,0.0,106,-107614832.0,0.0,ERR,ERR,ERR,ERR,ERR,ERR,ERR,ERR,ERR,ERR,ERR,ERR,ERR,ERR,ERR,ERR,ERR,ERR,ERR,ERR,ERR,ERR,ERR,ERR,ERR,ERR,ERR,ERR,ERR,ERR,ERR,ERR,ERR,ERR,ERR,ERR,ERR,ERR,ERR,ERR,ERR,ERR,ERR,ERR,ERR,ERR,ERR,ERR,ERR,ERR,ERR,ERR,ERR,ERR,ERR,ERR,ERR,ERR,ERR,ERR,ERR,ERR,ERR,ERR,ERR,ERR,ERR,50.0,60.0,100,0.0,0.0,0.0,0.0,0.0,0.0,0.0,0.0,0.0,0.0,0.0,0.0,0.0,0.0,0.0,0.0,61.6,73,14,65513,50,65476,0,300,0,0,8,20529,65476,0,0,26214,60.0,0.0,0.0,0.0,0.0,0.0
2026-05-17T18:45:08,ERR,ERR,ERR,ERR,ERR,ERR,ERR,ERR,ERR,ERR,ERR,ERR,ERR,ERR,ERR,ERR,ERR,ERR,ERR,ERR,ERR,ERR,ERR,ERR,ERR,ERR,ERR,ERR,ERR,ERR,ERR,ERR,ERR,ERR,ERR,ERR,ERR,ERR,ERR,ERR,ERR,ERR,ERR,ERR,ERR,ERR,ERR,ERR,ERR,ERR,ERR,ERR,ERR,ERR,ERR,ERR,ERR,ERR,ERR,ERR,ERR,ERR,ERR,ERR,ERR,ERR,ERR,ERR,ERR,ERR,ERR,ERR,ERR,ERR,ERR,ERR,ERR,ERR,ERR,ERR,ERR,ERR,ERR,ERR,ERR,ERR,ERR,ERR,ERR,ERR,ERR,ERR,ERR,ERR,ERR,ERR,ERR,ERR,ERR,ERR,ERR,ERR,ERR,ERR,ERR,ERR,ERR,ERR,ERR,ERR,ERR,ERR,ERR,ERR,ERR,ERR,ERR,ERR,ERR,ERR,ERR,ERR,ERR,ERR,ERR,0.0,0.0,0.0,0.0,0.0,1.3936040501711995e+18,7.805,0.0,0,0,4,0,8422,0.0,45,0.0,0.0,0.0,0.0,0.0,0,0,0,0,0.0,0,0,0,0,0,0,0,0,0,0,0,0,0,0,0,0,0,0,0,0,0,0,0,0,0,0,0,0,0,0,0,0,0,38,14,7,45,65476,0,300,0,0,8,21553,0.0,-107605600.0,0.0,0.0,0.0,0.0,0.0,0.0,0.0,0.0,0.0,0.0,0.0,0.0,0.0,0.0,0.0,0.0,0.0,0.0,0.0,0.0,2.004,2.004,-0.0,0.0,0.0,0.0,0.0,0.0,4947.0,-2.4229873280715295e+24,0.0,0.0,0.0,-107615280.0,2.718429300292151e+23,0.0,0.0,0.0,0.0,53,4.950428597886765e+32,89220.547,0.0,0.0,0.0,0.0,0.0,0.0,0.0,0,0,0,0.0,0.0,0.0,0.0,0.0,0.0,0.0,0.0,0.0,0.0,0.0,0.0,0.0,0.0,0.0,0.0,0,-107875648.0,53,0.0,106,-107614832.0,0.0,ERR,ERR,ERR,ERR,ERR,ERR,ERR,ERR,ERR,ERR,ERR,ERR,ERR,ERR,ERR,ERR,ERR,ERR,ERR,ERR,ERR,ERR,ERR,ERR,ERR,ERR,ERR,ERR,ERR,ERR,ERR,ERR,ERR,ERR,ERR,ERR,ERR,ERR,ERR,ERR,ERR,ERR,ERR,ERR,ERR,ERR,ERR,ERR,ERR,ERR,ERR,ERR,ERR,ERR,ERR,ERR,ERR,ERR,ERR,ERR,ERR,ERR,ERR,ERR,ERR,ERR,ERR,50.0,60.0,100,0.0,0.0,0.0,0.0,0.0,0.0,0.0,0.0,0.0,0.0,0.0,0.0,0.0,0.0,0.0,0.0,61.6,73,14,65513,50,65476,0,300,0,0,8,20529,65476,0,0,26214,60.0,0.0,0.0,0.0,0.0,0.0
2026-05-17T18:45:09,ERR,ERR,ERR,ERR,ERR,ERR,ERR,ERR,ERR,ERR,ERR,ERR,ERR,ERR,ERR,ERR,ERR,ERR,ERR,ERR,ERR,ERR,ERR,ERR,ERR,ERR,ERR,ERR,ERR,ERR,ERR,ERR,ERR,ERR,ERR,ERR,ERR,ERR,ERR,ERR,ERR,ERR,ERR,ERR,ERR,ERR,ERR,ERR,ERR,ERR,ERR,ERR,ERR,ERR,ERR,ERR,ERR,ERR,ERR,ERR,ERR,ERR,ERR,ERR,ERR,ERR,ERR,ERR,ERR,ERR,ERR,ERR,ERR,ERR,ERR,ERR,ERR,ERR,ERR,ERR,ERR,ERR,ERR,ERR,ERR,ERR,ERR,ERR,ERR,ERR,ERR,ERR,ERR,ERR,ERR,ERR,ERR,ERR,ERR,ERR,ERR,ERR,ERR,ERR,ERR,ERR,ERR,ERR,ERR,ERR,ERR,ERR,ERR,ERR,ERR,ERR,ERR,ERR,ERR,ERR,ERR,ERR,ERR,ERR,ERR,0.0,0.0,0.0,0.0,0.0,1.3936040501711995e+18,7.805,0.0,0,0,4,0,8422,0.0,45,0.0,0.0,0.0,0.0,0.0,0,0,0,0,0.0,0,0,0,0,0,0,0,0,0,0,0,0,0,0,0,0,0,0,0,0,0,0,0,0,0,0,0,0,0,0,0,0,0,38,14,7,45,65476,0,300,0,0,8,21553,0.0,-107605600.0,0.0,0.0,0.0,0.0,0.0,0.0,0.0,0.0,0.0,0.0,0.0,0.0,0.0,0.0,0.0,0.0,0.0,0.0,0.0,0.0,2.004,2.004,-0.0,0.0,0.0,0.0,0.0,0.0,4947.0,-2.4229873280715295e+24,0.0,0.0,0.0,-107615280.0,2.718429300292151e+23,0.0,0.0,0.0,0.0,53,4.950428597886765e+32,89220.547,0.0,0.0,0.0,0.0,0.0,0.0,0.0,0,0,0,0.0,0.0,0.0,0.0,0.0,0.0,0.0,0.0,0.0,0.0,0.0,0.0,0.0,0.0,0.0,0.0,0,-107875648.0,53,0.0,106,-107614832.0,0.0,ERR,ERR,ERR,ERR,ERR,ERR,ERR,ERR,ERR,ERR,ERR,ERR,ERR,ERR,ERR,ERR,ERR,ERR,ERR,ERR,ERR,ERR,ERR,ERR,ERR,ERR,ERR,ERR,ERR,ERR,ERR,ERR,ERR,ERR,ERR,ERR,ERR,ERR,ERR,ERR,ERR,ERR,ERR,ERR,ERR,ERR,ERR,ERR,ERR,ERR,ERR,ERR,ERR,ERR,ERR,ERR,ERR,ERR,ERR,ERR,ERR,ERR,ERR,ERR,ERR,ERR,ERR,50.0,60.0,100,0.0,0.0,0.0,0.0,0.0,0.0,0.0,0.0,0.0,0.0,0.0,0.0,0.0,0.0,0.0,0.0,61.6,73,14,65513,50,65476,0,300,0,0,8,20529,65476,0,0,26214,60.0,0.0,0.0,0.0,0.0,0.0
2026-05-17T18:45:10,ERR,ERR,ERR,ERR,ERR,ERR,ERR,ERR,ERR,ERR,ERR,ERR,ERR,ERR,ERR,ERR,ERR,ERR,ERR,ERR,ERR,ERR,ERR,ERR,ERR,ERR,ERR,ERR,ERR,ERR,ERR,ERR,ERR,ERR,ERR,ERR,ERR,ERR,ERR,ERR,ERR,ERR,ERR,ERR,ERR,ERR,ERR,ERR,ERR,ERR,ERR,ERR,ERR,ERR,ERR,ERR,ERR,ERR,ERR,ERR,ERR,ERR,ERR,ERR,ERR,ERR,ERR,ERR,ERR,ERR,ERR,ERR,ERR,ERR,ERR,ERR,ERR,ERR,ERR,ERR,ERR,ERR,ERR,ERR,ERR,ERR,ERR,ERR,ERR,ERR,ERR,ERR,ERR,ERR,ERR,ERR,ERR,ERR,ERR,ERR,ERR,ERR,ERR,ERR,ERR,ERR,ERR,ERR,ERR,ERR,ERR,ERR,ERR,ERR,ERR,ERR,ERR,ERR,ERR,ERR,ERR,ERR,ERR,ERR,ERR,0.0,0.0,0.0,0.0,0.0,1.3936040501711995e+18,7.805,0.0,0,0,4,0,8422,0.0,45,0.0,0.0,0.0,0.0,0.0,0,0,0,0,0.0,0,0,0,0,0,0,0,0,0,0,0,0,0,0,0,0,0,0,0,0,0,0,0,0,0,0,0,0,0,0,0,0,0,38,14,7,45,65476,0,300,0,0,8,21553,0.0,-107605600.0,0.0,0.0,0.0,0.0,0.0,0.0,0.0,0.0,0.0,0.0,0.0,0.0,0.0,0.0,0.0,0.0,0.0,0.0,0.0,0.0,2.004,2.004,-0.0,0.0,0.0,0.0,0.0,0.0,4947.0,-2.4229873280715295e+24,0.0,0.0,0.0,-107615280.0,2.718429300292151e+23,0.0,0.0,0.0,0.0,53,4.950428597886765e+32,89220.547,0.0,0.0,0.0,0.0,0.0,0.0,0.0,0,0,0,0.0,0.0,0.0,0.0,0.0,0.0,0.0,0.0,0.0,0.0,0.0,0.0,0.0,0.0,0.0,0.0,0,-107875648.0,53,0.0,106,-107614832.0,0.0,ERR,ERR,ERR,ERR,ERR,ERR,ERR,ERR,ERR,ERR,ERR,ERR,ERR,ERR,ERR,ERR,ERR,ERR,ERR,ERR,ERR,ERR,ERR,ERR,ERR,ERR,ERR,ERR,ERR,ERR,ERR,ERR,ERR,ERR,ERR,ERR,ERR,ERR,ERR,ERR,ERR,ERR,ERR,ERR,ERR,ERR,ERR,ERR,ERR,ERR,ERR,ERR,ERR,ERR,ERR,ERR,ERR,ERR,ERR,ERR,ERR,ERR,ERR,ERR,ERR,ERR,ERR,50.0,60.0,100,0.0,0.0,0.0,0.0,0.0,0.0,0.0,0.0,0.0,0.0,0.0,0.0,0.0,0.0,0.0,0.0,61.6,73,14,65513,50,65476,0,300,0,0,8,20529,65476,0,0,26214,60.0,0.0,0.0,0.0,0.0,0.0
2026-05-17T18:45:11,ERR,ERR,ERR,ERR,ERR,ERR,ERR,ERR,ERR,ERR,ERR,ERR,ERR,ERR,ERR,ERR,ERR,ERR,ERR,ERR,ERR,ERR,ERR,ERR,ERR,ERR,ERR,ERR,ERR,ERR,ERR,ERR,ERR,ERR,ERR,ERR,ERR,ERR,ERR,ERR,ERR,ERR,ERR,ERR,ERR,ERR,ERR,ERR,ERR,ERR,ERR,ERR,ERR,ERR,ERR,ERR,ERR,ERR,ERR,ERR,ERR,ERR,ERR,ERR,ERR,ERR,ERR,ERR,ERR,ERR,ERR,ERR,ERR,ERR,ERR,ERR,ERR,ERR,ERR,ERR,ERR,ERR,ERR,ERR,ERR,ERR,ERR,ERR,ERR,ERR,ERR,ERR,ERR,ERR,ERR,ERR,ERR,ERR,ERR,ERR,ERR,ERR,ERR,ERR,ERR,ERR,ERR,ERR,ERR,ERR,ERR,ERR,ERR,ERR,ERR,ERR,ERR,ERR,ERR,ERR,ERR,ERR,ERR,ERR,ERR,0.0,0.0,-134474944.0,0.0,0.0,1.3936040501711995e+18,7.805,0.0,0,0,4,0,8422,0.0,45,0.0,0.0,0.0,0.0,0.0,0,0,0,0,0.0,0,0,0,0,0,0,0,0,0,0,0,0,0,0,0,0,0,0,0,0,0,0,0,0,0,0,0,0,0,0,0,0,0,38,14,7,45,65476,0,300,0,0,8,21553,0.0,-107605600.0,0.0,0.0,0.0,0.0,0.0,0.0,0.0,0.0,0.0,0.0,0.0,0.0,0.0,0.0,0.0,0.0,0.0,0.0,0.0,0.0,2.004,2.004,-0.0,0.0,0.0,0.0,0.0,0.0,4977.0,0.0,0.0,0.0,0.0,-107615280.0,2.718429300292151e+23,0.0,0.0,0.0,0.0,53,3.222028592685471e+26,2.7184170505011647e+23,0.0,0.0,0.0,0.0,0.0,0.0,0.0,0,0,0,0.0,0.0,0.0,0.0,0.0,0.0,0.0,0.0,0.0,0.0,0.0,0.0,0.0,0.0,0.0,0.0,0,-107875648.0,53,0.0,106,-107614832.0,0.0,ERR,ERR,ERR,ERR,ERR,ERR,ERR,ERR,ERR,ERR,ERR,ERR,ERR,ERR,ERR,ERR,ERR,ERR,ERR,ERR,ERR,ERR,ERR,ERR,ERR,ERR,ERR,ERR,ERR,ERR,ERR,ERR,ERR,ERR,ERR,ERR,ERR,ERR,ERR,ERR,ERR,ERR,ERR,ERR,ERR,ERR,ERR,ERR,ERR,ERR,ERR,ERR,ERR,ERR,ERR,ERR,ERR,ERR,ERR,ERR,ERR,ERR,ERR,ERR,ERR,ERR,ERR,50.0,60.0,100,0.0,0.0,0.0,0.0,0.0,0.0,0.0,0.0,0.0,0.0,0.0,0.0,0.0,0.0,0.0,0.0,61.6,73,14,65513,50,65476,0,300,0,0,8,20529,65476,0,0,26214,60.0,0.0,0.0,0.0,0.0,0.0
2026-05-17T18:45:12,ERR,ERR,ERR,ERR,ERR,ERR,ERR,ERR,ERR,ERR,ERR,ERR,ERR,ERR,ERR,ERR,ERR,ERR,ERR,ERR,ERR,ERR,ERR,ERR,ERR,ERR,ERR,ERR,ERR,ERR,ERR,ERR,ERR,ERR,ERR,ERR,ERR,ERR,ERR,ERR,ERR,ERR,ERR,ERR,ERR,ERR,ERR,ERR,ERR,ERR,ERR,ERR,ERR,ERR,ERR,ERR,ERR,ERR,ERR,ERR,ERR,ERR,ERR,ERR,ERR,ERR,ERR,ERR,ERR,ERR,ERR,ERR,ERR,ERR,ERR,ERR,ERR,ERR,ERR,ERR,ERR,ERR,ERR,ERR,ERR,ERR,ERR,ERR,ERR,ERR,ERR,ERR,ERR,ERR,ERR,ERR,ERR,ERR,ERR,ERR,ERR,ERR,ERR,ERR,ERR,ERR,ERR,ERR,ERR,ERR,ERR,ERR,ERR,ERR,ERR,ERR,ERR,ERR,ERR,ERR,ERR,ERR,ERR,ERR,ERR,0.0,0.0,-134474944.0,0.0,0.0,1.3936040501711995e+18,7.805,0.0,0,0,4,0,8422,0.0,45,0.0,0.0,0.0,0.0,0.0,0,0,0,0,0.0,0,0,0,0,0,0,0,0,0,0,0,0,0,0,0,0,0,0,0,0,0,0,0,0,0,0,0,0,0,0,0,0,0,38,14,7,45,65476,0,300,0,0,8,21553,0.0,-107605600.0,0.0,0.0,0.0,0.0,0.0,0.0,0.0,0.0,0.0,0.0,0.0,0.0,0.0,0.0,0.0,0.0,0.0,0.0,0.0,0.0,2.004,2.004,-0.0,0.0,0.0,0.0,0.0,0.0,4977.0,0.0,0.0,0.0,0.0,-107615280.0,2.718429300292151e+23,0.0,0.0,0.0,0.0,53,3.222028592685471e+26,2.7184170505011647e+23,0.0,0.0,0.0,0.0,0.0,0.0,0.0,0,0,0,0.0,0.0,0.0,0.0,0.0,0.0,0.0,0.0,0.0,0.0,0.0,0.0,0.0,0.0,0.0,0.0,0,-107875648.0,53,0.0,106,-107614832.0,0.0,ERR,ERR,ERR,ERR,ERR,ERR,ERR,ERR,ERR,ERR,ERR,ERR,ERR,ERR,ERR,ERR,ERR,ERR,ERR,ERR,ERR,ERR,ERR,ERR,ERR,ERR,ERR,ERR,ERR,ERR,ERR,ERR,ERR,ERR,ERR,ERR,ERR,ERR,ERR,ERR,ERR,ERR,ERR,ERR,ERR,ERR,ERR,ERR,ERR,ERR,ERR,ERR,ERR,ERR,ERR,ERR,ERR,ERR,ERR,ERR,ERR,ERR,ERR,ERR,ERR,ERR,ERR,50.0,60.0,100,0.0,0.0,0.0,0.0,0.0,0.0,0.0,0.0,0.0,0.0,0.0,0.0,0.0,0.0,0.0,0.0,61.6,73,14,65513,50,65476,0,300,0,0,8,20529,65476,0,0,26214,60.0,0.0,0.0,0.0,0.0,0.0
2026-05-17T18:45:13,ERR,ERR,ERR,ERR,ERR,ERR,ERR,ERR,ERR,ERR,ERR,ERR,ERR,ERR,ERR,ERR,ERR,ERR,ERR,ERR,ERR,ERR,ERR,ERR,ERR,ERR,ERR,ERR,ERR,ERR,ERR,ERR,ERR,ERR,ERR,ERR,ERR,ERR,ERR,ERR,ERR,ERR,ERR,ERR,ERR,ERR,ERR,ERR,ERR,ERR,ERR,ERR,ERR,ERR,ERR,ERR,ERR,ERR,ERR,ERR,ERR,ERR,ERR,ERR,ERR,ERR,ERR,ERR,ERR,ERR,ERR,ERR,ERR,ERR,ERR,ERR,ERR,ERR,ERR,ERR,ERR,ERR,ERR,ERR,ERR,ERR,ERR,ERR,ERR,ERR,ERR,ERR,ERR,ERR,ERR,ERR,ERR,ERR,ERR,ERR,ERR,ERR,ERR,ERR,ERR,ERR,ERR,ERR,ERR,ERR,ERR,ERR,ERR,ERR,ERR,ERR,ERR,ERR,ERR,ERR,ERR,ERR,ERR,ERR,ERR,0.0,0.0,-134474944.0,0.0,0.0,1.3936040501711995e+18,7.805,0.0,0,0,4,0,8422,0.0,45,0.0,0.0,0.0,0.0,0.0,0,0,0,0,0.0,0,0,0,0,0,0,0,0,0,0,0,0,0,0,0,0,0,0,0,0,0,0,0,0,0,0,0,0,0,0,0,0,0,38,14,7,45,65476,0,300,0,0,8,21553,0.0,-107605600.0,0.0,0.0,0.0,0.0,0.0,0.0,0.0,0.0,0.0,0.0,0.0,0.0,0.0,0.0,0.0,0.0,0.0,0.0,0.0,0.0,2.004,2.004,-0.0,0.0,0.0,0.0,0.0,0.0,4977.0,0.0,0.0,0.0,0.0,-107615280.0,2.718429300292151e+23,0.0,0.0,0.0,0.0,53,3.222028592685471e+26,2.7184170505011647e+23,0.0,0.0,0.0,0.0,0.0,0.0,0.0,0,0,0,0.0,0.0,0.0,0.0,0.0,0.0,0.0,0.0,0.0,0.0,0.0,0.0,0.0,0.0,0.0,0.0,0,-107875648.0,53,0.0,106,-107614832.0,0.0,ERR,ERR,ERR,ERR,ERR,ERR,ERR,ERR,ERR,ERR,ERR,ERR,ERR,ERR,ERR,ERR,ERR,ERR,ERR,ERR,ERR,ERR,ERR,ERR,ERR,ERR,ERR,ERR,ERR,ERR,ERR,ERR,ERR,ERR,ERR,ERR,ERR,ERR,ERR,ERR,ERR,ERR,ERR,ERR,ERR,ERR,ERR,ERR,ERR,ERR,ERR,ERR,ERR,ERR,ERR,ERR,ERR,ERR,ERR,ERR,ERR,ERR,ERR,ERR,ERR,ERR,ERR,50.0,60.0,100,0.0,0.0,0.0,0.0,0.0,0.0,0.0,0.0,0.0,0.0,0.0,0.0,0.0,0.0,0.0,0.0,61.6,73,14,65513,50,65476,0,300,0,0,8,20529,65476,0,0,26214,60.0,0.0,0.0,0.0,0.0,0.0
2026-05-17T18:45:14,ERR,ERR,ERR,ERR,ERR,ERR,ERR,ERR,ERR,ERR,ERR,ERR,ERR,ERR,ERR,ERR,ERR,ERR,ERR,ERR,ERR,ERR,ERR,ERR,ERR,ERR,ERR,ERR,ERR,ERR,ERR,ERR,ERR,ERR,ERR,ERR,ERR,ERR,ERR,ERR,ERR,ERR,ERR,ERR,ERR,ERR,ERR,ERR,ERR,ERR,ERR,ERR,ERR,ERR,ERR,ERR,ERR,ERR,ERR,ERR,ERR,ERR,ERR,ERR,ERR,ERR,ERR,ERR,ERR,ERR,ERR,ERR,ERR,ERR,ERR,ERR,ERR,ERR,ERR,ERR,ERR,ERR,ERR,ERR,ERR,ERR,ERR,ERR,ERR,ERR,ERR,ERR,ERR,ERR,ERR,ERR,ERR,ERR,ERR,ERR,ERR,ERR,ERR,ERR,ERR,ERR,ERR,ERR,ERR,ERR,ERR,ERR,ERR,ERR,ERR,ERR,ERR,ERR,ERR,ERR,ERR,ERR,ERR,ERR,ERR,0.0,0.0,-134474944.0,0.0,0.0,1.3936040501711995e+18,7.805,0.0,0,0,4,0,8422,0.0,45,0.0,0.0,0.0,0.0,0.0,0,0,0,0,0.0,0,0,0,0,0,0,0,0,0,0,0,0,0,0,0,0,0,0,0,0,0,0,0,0,0,0,0,0,0,0,0,0,0,38,14,7,45,65476,0,300,0,0,8,21553,0.0,-107605600.0,0.0,0.0,0.0,0.0,0.0,0.0,0.0,0.0,0.0,0.0,0.0,0.0,0.0,0.0,0.0,0.0,0.0,0.0,0.0,0.0,2.004,2.004,-0.0,0.0,0.0,0.0,0.0,0.0,4977.0,0.0,0.0,0.0,0.0,-107615280.0,2.718429300292151e+23,0.0,0.0,0.0,0.0,53,3.222028592685471e+26,2.7184170505011647e+23,0.0,0.0,0.0,0.0,0.0,0.0,0.0,0,0,0,0.0,0.0,0.0,0.0,0.0,0.0,0.0,0.0,0.0,0.0,0.0,0.0,0.0,0.0,0.0,0.0,0,-107875648.0,53,0.0,106,-107614832.0,0.0,ERR,ERR,ERR,ERR,ERR,ERR,ERR,ERR,ERR,ERR,ERR,ERR,ERR,ERR,ERR,ERR,ERR,ERR,ERR,ERR,ERR,ERR,ERR,ERR,ERR,ERR,ERR,ERR,ERR,ERR,ERR,ERR,ERR,ERR,ERR,ERR,ERR,ERR,ERR,ERR,ERR,ERR,ERR,ERR,ERR,ERR,ERR,ERR,ERR,ERR,ERR,ERR,ERR,ERR,ERR,ERR,ERR,ERR,ERR,ERR,ERR,ERR,ERR,ERR,ERR,ERR,ERR,50.0,60.0,100,0.0,0.0,0.0,0.0,0.0,0.0,0.0,0.0,0.0,0.0,0.0,0.0,0.0,0.0,0.0,0.0,61.6,73,14,65513,50,65476,0,300,0,0,8,20529,65476,0,0,26214,60.0,0.0,0.0,0.0,0.0,0.0
2026-05-17T18:45:15,ERR,ERR,ERR,ERR,ERR,ERR,ERR,ERR,ERR,ERR,ERR,ERR,ERR,ERR,ERR,ERR,ERR,ERR,ERR,ERR,ERR,ERR,ERR,ERR,ERR,ERR,ERR,ERR,ERR,ERR,ERR,ERR,ERR,ERR,ERR,ERR,ERR,ERR,ERR,ERR,ERR,ERR,ERR,ERR,ERR,ERR,ERR,ERR,ERR,ERR,ERR,ERR,ERR,ERR,ERR,ERR,ERR,ERR,ERR,ERR,ERR,ERR,ERR,ERR,ERR,ERR,ERR,ERR,ERR,ERR,ERR,ERR,ERR,ERR,ERR,ERR,ERR,ERR,ERR,ERR,ERR,ERR,ERR,ERR,ERR,ERR,ERR,ERR,ERR,ERR,ERR,ERR,ERR,ERR,ERR,ERR,ERR,ERR,ERR,ERR,ERR,ERR,ERR,ERR,ERR,ERR,ERR,ERR,ERR,ERR,ERR,ERR,ERR,ERR,ERR,ERR,ERR,ERR,ERR,ERR,ERR,ERR,ERR,ERR,ERR,0.0,0.0,-134474944.0,0.0,0.0,1.3936040501711995e+18,7.805,0.0,0,0,4,0,8422,0.0,45,0.0,0.0,0.0,0.0,0.0,0,0,0,0,0.0,0,0,0,0,0,0,0,0,0,0,0,0,0,0,0,0,0,0,0,0,0,0,0,0,0,0,0,0,0,0,0,0,0,38,14,7,45,65476,0,300,0,0,8,21553,0.0,-107605600.0,0.0,0.0,0.0,0.0,0.0,0.0,0.0,0.0,0.0,0.0,0.0,0.0,0.0,0.0,0.0,0.0,0.0,0.0,0.0,0.0,2.004,2.004,-0.0,0.0,0.0,0.0,0.0,0.0,4977.0,0.0,0.0,0.0,0.0,-107615280.0,2.718429300292151e+23,0.0,0.0,0.0,0.0,53,3.222028592685471e+26,2.7184170505011647e+23,0.0,0.0,0.0,0.0,0.0,0.0,0.0,0,0,0,0.0,0.0,0.0,0.0,0.0,0.0,0.0,0.0,0.0,0.0,0.0,0.0,0.0,0.0,0.0,0.0,0,-107875648.0,53,0.0,106,-107614832.0,0.0,ERR,ERR,ERR,ERR,ERR,ERR,ERR,ERR,ERR,ERR,ERR,ERR,ERR,ERR,ERR,ERR,ERR,ERR,ERR,ERR,ERR,ERR,ERR,ERR,ERR,ERR,ERR,ERR,ERR,ERR,ERR,ERR,ERR,ERR,ERR,ERR,ERR,ERR,ERR,ERR,ERR,ERR,ERR,ERR,ERR,ERR,ERR,ERR,ERR,ERR,ERR,ERR,ERR,ERR,ERR,ERR,ERR,ERR,ERR,ERR,ERR,ERR,ERR,ERR,ERR,ERR,ERR,50.0,60.0,100,0.0,0.0,0.0,0.0,0.0,0.0,0.0,0.0,0.0,0.0,0.0,0.0,0.0,0.0,0.0,0.0,61.6,73,14,65513,50,65476,0,300,0,0,8,20529,65476,0,0,26214,60.0,0.0,0.0,0.0,0.0,0.0
2026-05-17T18:45:16,ERR,ERR,ERR,ERR,ERR,ERR,ERR,ERR,ERR,ERR,ERR,ERR,ERR,ERR,ERR,ERR,ERR,ERR,ERR,ERR,ERR,ERR,ERR,ERR,ERR,ERR,ERR,ERR,ERR,ERR,ERR,ERR,ERR,ERR,ERR,ERR,ERR,ERR,ERR,ERR,ERR,ERR,ERR,ERR,ERR,ERR,ERR,ERR,ERR,ERR,ERR,ERR,ERR,ERR,ERR,ERR,ERR,ERR,ERR,ERR,ERR,ERR,ERR,ERR,ERR,ERR,ERR,ERR,ERR,ERR,ERR,ERR,ERR,ERR,ERR,ERR,ERR,ERR,ERR,ERR,ERR,ERR,ERR,ERR,ERR,ERR,ERR,ERR,ERR,ERR,ERR,ERR,ERR,ERR,ERR,ERR,ERR,ERR,ERR,ERR,ERR,ERR,ERR,ERR,ERR,ERR,ERR,ERR,ERR,ERR,ERR,ERR,ERR,ERR,ERR,ERR,ERR,ERR,ERR,ERR,ERR,ERR,ERR,ERR,ERR,0.0,0.0,-134474944.0,0.0,0.0,1.3936040501711995e+18,7.805,0.0,0,0,4,0,8422,0.0,45,0.0,0.0,0.0,0.0,0.0,0,0,0,0,0.0,0,0,0,0,0,0,0,0,0,0,0,0,0,0,0,0,0,0,0,0,0,0,0,0,0,0,0,0,0,0,0,0,0,38,14,7,45,65476,0,300,0,0,8,21553,0.0,-107605600.0,0.0,0.0,0.0,0.0,0.0,0.0,0.0,0.0,0.0,0.0,0.0,0.0,0.0,0.0,0.0,0.0,0.0,0.0,0.0,0.0,2.004,2.004,-0.0,0.0,0.0,0.0,0.0,0.0,4980.0,0.0,0.0,0.0,0.0,-107615280.0,2.718429300292151e+23,0.0,0.0,0.0,0.0,53,-0.0,2.7184170505011647e+23,0.0,0.0,0.0,0.0,0.0,0.0,0.0,0,0,0,0.0,0.0,0.0,0.0,0.0,0.0,0.0,0.0,0.0,0.0,0.0,0.0,0.0,0.0,0.0,0.0,0,-107875648.0,53,0.0,106,-107614832.0,0.0,ERR,ERR,ERR,ERR,ERR,ERR,ERR,ERR,ERR,ERR,ERR,ERR,ERR,ERR,ERR,ERR,ERR,ERR,ERR,ERR,ERR,ERR,ERR,ERR,ERR,ERR,ERR,ERR,ERR,ERR,ERR,ERR,ERR,ERR,ERR,ERR,ERR,ERR,ERR,ERR,ERR,ERR,ERR,ERR,ERR,ERR,ERR,ERR,ERR,ERR,ERR,ERR,ERR,ERR,ERR,ERR,ERR,ERR,ERR,ERR,ERR,ERR,ERR,ERR,ERR,ERR,ERR,50.0,60.0,100,0.0,0.0,0.0,0.0,0.0,0.0,0.0,0.0,0.0,0.0,0.0,0.0,0.0,0.0,0.0,0.0,61.6,73,14,65513,50,65476,0,300,0,0,8,20529,65476,0,0,26214,60.0,0.0,0.0,0.0,0.0,0.0
2026-05-17T18:45:17,ERR,ERR,ERR,ERR,ERR,ERR,ERR,ERR,ERR,ERR,ERR,ERR,ERR,ERR,ERR,ERR,ERR,ERR,ERR,ERR,ERR,ERR,ERR,ERR,ERR,ERR,ERR,ERR,ERR,ERR,ERR,ERR,ERR,ERR,ERR,ERR,ERR,ERR,ERR,ERR,ERR,ERR,ERR,ERR,ERR,ERR,ERR,ERR,ERR,ERR,ERR,ERR,ERR,ERR,ERR,ERR,ERR,ERR,ERR,ERR,ERR,ERR,ERR,ERR,ERR,ERR,ERR,ERR,ERR,ERR,ERR,ERR,ERR,ERR,ERR,ERR,ERR,ERR,ERR,ERR,ERR,ERR,ERR,ERR,ERR,ERR,ERR,ERR,ERR,ERR,ERR,ERR,ERR,ERR,ERR,ERR,ERR,ERR,ERR,ERR,ERR,ERR,ERR,ERR,ERR,ERR,ERR,ERR,ERR,ERR,ERR,ERR,ERR,ERR,ERR,ERR,ERR,ERR,ERR,ERR,ERR,ERR,ERR,ERR,ERR,0.0,0.0,-134474944.0,0.0,0.0,1.3936040501711995e+18,7.805,0.0,0,0,4,0,8422,0.0,45,0.0,0.0,0.0,0.0,0.0,0,0,0,0,0.0,0,0,0,0,0,0,0,0,0,0,0,0,0,0,0,0,0,0,0,0,0,0,0,0,0,0,0,0,0,0,0,0,0,38,14,7,45,65476,0,300,0,0,8,21553,0.0,-107605600.0,0.0,0.0,0.0,0.0,0.0,0.0,0.0,0.0,0.0,0.0,0.0,0.0,0.0,0.0,0.0,0.0,0.0,0.0,0.0,0.0,2.004,2.004,-0.0,0.0,0.0,0.0,0.0,0.0,4980.0,0.0,0.0,0.0,0.0,-107615280.0,2.718429300292151e+23,0.0,0.0,0.0,0.0,53,-0.0,2.7184170505011647e+23,0.0,0.0,0.0,0.0,0.0,0.0,0.0,0,0,0,0.0,0.0,0.0,0.0,0.0,0.0,0.0,0.0,0.0,0.0,0.0,0.0,0.0,0.0,0.0,0.0,0,-107875648.0,53,0.0,106,-107614832.0,0.0,ERR,ERR,ERR,ERR,ERR,ERR,ERR,ERR,ERR,ERR,ERR,ERR,ERR,ERR,ERR,ERR,ERR,ERR,ERR,ERR,ERR,ERR,ERR,ERR,ERR,ERR,ERR,ERR,ERR,ERR,ERR,ERR,ERR,ERR,ERR,ERR,ERR,ERR,ERR,ERR,ERR,ERR,ERR,ERR,ERR,ERR,ERR,ERR,ERR,ERR,ERR,ERR,ERR,ERR,ERR,ERR,ERR,ERR,ERR,ERR,ERR,ERR,ERR,ERR,ERR,ERR,ERR,50.0,60.0,100,0.0,0.0,0.0,0.0,0.0,0.0,0.0,0.0,0.0,0.0,0.0,0.0,0.0,0.0,0.0,0.0,61.6,73,14,65513,50,65476,0,300,0,0,8,20529,65476,0,0,26214,60.0,0.0,0.0,0.0,0.0,0.0
2026-05-17T18:45:18,ERR,ERR,ERR,ERR,ERR,ERR,ERR,ERR,ERR,ERR,ERR,ERR,ERR,ERR,ERR,ERR,ERR,ERR,ERR,ERR,ERR,ERR,ERR,ERR,ERR,ERR,ERR,ERR,ERR,ERR,ERR,ERR,ERR,ERR,ERR,ERR,ERR,ERR,ERR,ERR,ERR,ERR,ERR,ERR,ERR,ERR,ERR,ERR,ERR,ERR,ERR,ERR,ERR,ERR,ERR,ERR,ERR,ERR,ERR,ERR,ERR,ERR,ERR,ERR,ERR,ERR,ERR,ERR,ERR,ERR,ERR,ERR,ERR,ERR,ERR,ERR,ERR,ERR,ERR,ERR,ERR,ERR,ERR,ERR,ERR,ERR,ERR,ERR,ERR,ERR,ERR,ERR,ERR,ERR,ERR,ERR,ERR,ERR,ERR,ERR,ERR,ERR,ERR,ERR,ERR,ERR,ERR,ERR,ERR,ERR,ERR,ERR,ERR,ERR,ERR,ERR,ERR,ERR,ERR,ERR,ERR,ERR,ERR,ERR,ERR,0.0,0.0,-134474944.0,0.0,0.0,1.3936040501711995e+18,7.805,0.0,0,0,4,0,8422,0.0,45,0.0,0.0,0.0,0.0,0.0,0,0,0,0,0.0,0,0,0,0,0,0,0,0,0,0,0,0,0,0,0,0,0,0,0,0,0,0,0,0,0,0,0,0,0,0,0,0,0,38,14,7,45,65476,0,300,0,0,8,21553,0.0,-107605600.0,0.0,0.0,0.0,0.0,0.0,0.0,0.0,0.0,0.0,0.0,0.0,0.0,0.0,0.0,0.0,0.0,0.0,0.0,0.0,0.0,2.004,2.004,-0.0,0.0,0.0,0.0,0.0,0.0,4980.0,0.0,0.0,0.0,0.0,-107615280.0,2.718429300292151e+23,0.0,0.0,0.0,0.0,53,-0.0,2.7184170505011647e+23,0.0,0.0,0.0,0.0,0.0,0.0,0.0,0,0,0,0.0,0.0,0.0,0.0,0.0,0.0,0.0,0.0,0.0,0.0,0.0,0.0,0.0,0.0,0.0,0.0,0,-107875648.0,53,0.0,106,-107614832.0,0.0,ERR,ERR,ERR,ERR,ERR,ERR,ERR,ERR,ERR,ERR,ERR,ERR,ERR,ERR,ERR,ERR,ERR,ERR,ERR,ERR,ERR,ERR,ERR,ERR,ERR,ERR,ERR,ERR,ERR,ERR,ERR,ERR,ERR,ERR,ERR,ERR,ERR,ERR,ERR,ERR,ERR,ERR,ERR,ERR,ERR,ERR,ERR,ERR,ERR,ERR,ERR,ERR,ERR,ERR,ERR,ERR,ERR,ERR,ERR,ERR,ERR,ERR,ERR,ERR,ERR,ERR,ERR,50.0,60.0,100,0.0,0.0,0.0,0.0,0.0,0.0,0.0,0.0,0.0,0.0,0.0,0.0,0.0,0.0,0.0,0.0,61.6,73,14,65513,50,65476,0,300,0,0,8,20529,65476,0,0,26214,60.0,0.0,0.0,0.0,0.0,0.0
2026-05-17T18:45:19,ERR,ERR,ERR,ERR,ERR,ERR,ERR,ERR,ERR,ERR,ERR,ERR,ERR,ERR,ERR,ERR,ERR,ERR,ERR,ERR,ERR,ERR,ERR,ERR,ERR,ERR,ERR,ERR,ERR,ERR,ERR,ERR,ERR,ERR,ERR,ERR,ERR,ERR,ERR,ERR,ERR,ERR,ERR,ERR,ERR,ERR,ERR,ERR,ERR,ERR,ERR,ERR,ERR,ERR,ERR,ERR,ERR,ERR,ERR,ERR,ERR,ERR,ERR,ERR,ERR,ERR,ERR,ERR,ERR,ERR,ERR,ERR,ERR,ERR,ERR,ERR,ERR,ERR,ERR,ERR,ERR,ERR,ERR,ERR,ERR,ERR,ERR,ERR,ERR,ERR,ERR,ERR,ERR,ERR,ERR,ERR,ERR,ERR,ERR,ERR,ERR,ERR,ERR,ERR,ERR,ERR,ERR,ERR,ERR,ERR,ERR,ERR,ERR,ERR,ERR,ERR,ERR,ERR,ERR,ERR,ERR,ERR,ERR,ERR,ERR,0.0,0.0,-134474944.0,0.0,0.0,1.3936040501711995e+18,7.805,0.0,0,0,4,0,8422,0.0,45,0.0,0.0,0.0,0.0,0.0,0,0,0,0,0.0,0,0,0,0,0,0,0,0,0,0,0,0,0,0,0,0,0,0,0,0,0,0,0,0,0,0,0,0,0,0,0,0,0,38,14,7,45,65476,0,300,0,0,8,21553,0.0,-107605600.0,0.0,0.0,0.0,0.0,0.0,0.0,0.0,0.0,0.0,0.0,0.0,0.0,0.0,0.0,0.0,0.0,0.0,0.0,0.0,0.0,2.004,2.004,-0.0,0.0,0.0,0.0,0.0,0.0,4980.0,0.0,0.0,0.0,0.0,-107615280.0,2.718429300292151e+23,0.0,0.0,0.0,0.0,53,-0.0,2.7184170505011647e+23,0.0,0.0,0.0,0.0,0.0,0.0,0.0,0,0,0,0.0,0.0,0.0,0.0,0.0,0.0,0.0,0.0,0.0,0.0,0.0,0.0,0.0,0.0,0.0,0.0,0,-107875648.0,53,0.0,106,-107614832.0,0.0,ERR,ERR,ERR,ERR,ERR,ERR,ERR,ERR,ERR,ERR,ERR,ERR,ERR,ERR,ERR,ERR,ERR,ERR,ERR,ERR,ERR,ERR,ERR,ERR,ERR,ERR,ERR,ERR,ERR,ERR,ERR,ERR,ERR,ERR,ERR,ERR,ERR,ERR,ERR,ERR,ERR,ERR,ERR,ERR,ERR,ERR,ERR,ERR,ERR,ERR,ERR,ERR,ERR,ERR,ERR,ERR,ERR,ERR,ERR,ERR,ERR,ERR,ERR,ERR,ERR,ERR,ERR,50.0,60.0,100,0.0,0.0,0.0,0.0,0.0,0.0,0.0,0.0,0.0,0.0,0.0,0.0,0.0,0.0,0.0,0.0,61.6,73,14,65513,50,65476,0,300,0,0,8,20529,65476,0,0,26214,60.0,0.0,0.0,0.0,0.0,0.0
2026-05-17T18:45:20,ERR,ERR,ERR,ERR,ERR,ERR,ERR,ERR,ERR,ERR,ERR,ERR,ERR,ERR,ERR,ERR,ERR,ERR,ERR,ERR,ERR,ERR,ERR,ERR,ERR,ERR,ERR,ERR,ERR,ERR,ERR,ERR,ERR,ERR,ERR,ERR,ERR,ERR,ERR,ERR,ERR,ERR,ERR,ERR,ERR,ERR,ERR,ERR,ERR,ERR,ERR,ERR,ERR,ERR,ERR,ERR,ERR,ERR,ERR,ERR,ERR,ERR,ERR,ERR,ERR,ERR,ERR,ERR,ERR,ERR,ERR,ERR,ERR,ERR,ERR,ERR,ERR,ERR,ERR,ERR,ERR,ERR,ERR,ERR,ERR,ERR,ERR,ERR,ERR,ERR,ERR,ERR,ERR,ERR,ERR,ERR,ERR,ERR,ERR,ERR,ERR,ERR,ERR,ERR,ERR,ERR,ERR,ERR,ERR,ERR,ERR,ERR,ERR,ERR,ERR,ERR,ERR,ERR,ERR,ERR,ERR,ERR,ERR,ERR,ERR,0.0,0.0,-134474944.0,0.0,0.0,1.3936040501711995e+18,7.805,0.0,0,0,4,0,8422,0.0,45,0.0,0.0,0.0,0.0,0.0,0,0,0,0,0.0,0,0,0,0,0,0,0,0,0,0,0,0,0,0,0,0,0,0,0,0,0,0,0,0,0,0,0,0,0,0,0,0,0,38,14,7,45,65476,0,300,0,0,8,21553,0.0,-107605600.0,0.0,0.0,0.0,0.0,0.0,0.0,0.0,0.0,0.0,0.0,0.0,0.0,0.0,0.0,0.0,0.0,0.0,0.0,0.0,0.0,2.004,2.004,-0.0,0.0,0.0,0.0,0.0,0.0,4980.0,0.0,0.0,0.0,0.0,-107615280.0,2.718429300292151e+23,0.0,0.0,0.0,0.0,53,-0.0,2.7184170505011647e+23,0.0,0.0,0.0,0.0,0.0,0.0,0.0,0,0,0,0.0,0.0,0.0,0.0,0.0,0.0,0.0,0.0,0.0,0.0,0.0,0.0,0.0,0.0,0.0,0.0,0,-107875648.0,53,0.0,106,-107614832.0,0.0,ERR,ERR,ERR,ERR,ERR,ERR,ERR,ERR,ERR,ERR,ERR,ERR,ERR,ERR,ERR,ERR,ERR,ERR,ERR,ERR,ERR,ERR,ERR,ERR,ERR,ERR,ERR,ERR,ERR,ERR,ERR,ERR,ERR,ERR,ERR,ERR,ERR,ERR,ERR,ERR,ERR,ERR,ERR,ERR,ERR,ERR,ERR,ERR,ERR,ERR,ERR,ERR,ERR,ERR,ERR,ERR,ERR,ERR,ERR,ERR,ERR,ERR,ERR,ERR,ERR,ERR,ERR,50.0,60.0,100,0.0,0.0,0.0,0.0,0.0,0.0,0.0,0.0,0.0,0.0,0.0,0.0,0.0,0.0,0.0,0.0,62.0,73,14,65513,50,65476,0,300,0,0,8,20529,65476,0,0,26214,60.0,0.0,0.0,0.0,0.0,0.0
2026-05-17T18:45:21,ERR,ERR,ERR,ERR,ERR,ERR,ERR,ERR,ERR,ERR,ERR,ERR,ERR,ERR,ERR,ERR,ERR,ERR,ERR,ERR,ERR,ERR,ERR,ERR,ERR,ERR,ERR,ERR,ERR,ERR,ERR,ERR,ERR,ERR,ERR,ERR,ERR,ERR,ERR,ERR,ERR,ERR,ERR,ERR,ERR,ERR,ERR,ERR,ERR,ERR,ERR,ERR,ERR,ERR,ERR,ERR,ERR,ERR,ERR,ERR,ERR,ERR,ERR,ERR,ERR,ERR,ERR,ERR,ERR,ERR,ERR,ERR,ERR,ERR,ERR,ERR,ERR,ERR,ERR,ERR,ERR,ERR,ERR,ERR,ERR,ERR,ERR,ERR,ERR,ERR,ERR,ERR,ERR,ERR,ERR,ERR,ERR,ERR,ERR,ERR,ERR,ERR,ERR,ERR,ERR,ERR,ERR,ERR,ERR,ERR,ERR,ERR,ERR,ERR,ERR,ERR,ERR,ERR,ERR,ERR,ERR,ERR,ERR,ERR,ERR,0.0,0.0,0.0,0.0,0.0,1.3936040501711995e+18,7.805,0.0,0,0,4,0,8422,0.0,45,0.0,0.0,0.0,0.0,0.0,0,0,0,0,0.0,0,0,0,0,0,0,0,0,0,0,0,0,0,0,0,0,0,0,0,0,0,0,0,0,0,0,0,0,0,0,0,0,0,38,14,7,45,65476,0,300,0,0,8,21553,0.0,-107605600.0,0.0,0.0,0.0,0.0,0.0,0.0,0.0,0.0,0.0,0.0,0.0,0.0,0.0,0.0,0.0,0.0,0.0,0.0,0.0,0.0,2.004,2.004,-0.0,0.0,0.0,0.0,0.0,0.0,4984.0,0.0,0.0,0.0,0.0,-107615280.0,2.718429300292151e+23,0.0,0.0,0.0,0.0,53,-0.0,-0.0,0.0,0.0,0.0,0.0,0.0,0.0,0.0,0,0,0,0.0,0.0,0.0,0.0,0.0,0.0,0.0,0.0,0.0,0.0,0.0,0.0,0.0,0.0,0.0,0.0,0,-107875648.0,53,0.0,106,-107614832.0,0.0,ERR,ERR,ERR,ERR,ERR,ERR,ERR,ERR,ERR,ERR,ERR,ERR,ERR,ERR,ERR,ERR,ERR,ERR,ERR,ERR,ERR,ERR,ERR,ERR,ERR,ERR,ERR,ERR,ERR,ERR,ERR,ERR,ERR,ERR,ERR,ERR,ERR,ERR,ERR,ERR,ERR,ERR,ERR,ERR,ERR,ERR,ERR,ERR,ERR,ERR,ERR,ERR,ERR,ERR,ERR,ERR,ERR,ERR,ERR,ERR,ERR,ERR,ERR,ERR,ERR,ERR,ERR,50.0,60.0,100,0.0,0.0,0.0,0.0,0.0,0.0,0.0,0.0,0.0,0.0,0.0,0.0,0.0,0.0,0.0,0.0,61.6,73,14,65513,50,65476,0,300,0,0,8,20529,65476,0,0,26214,60.0,0.0,0.0,0.0,0.0,0.0
2026-05-17T18:45:22,ERR,ERR,ERR,ERR,ERR,ERR,ERR,ERR,ERR,ERR,ERR,ERR,ERR,ERR,ERR,ERR,ERR,ERR,ERR,ERR,ERR,ERR,ERR,ERR,ERR,ERR,ERR,ERR,ERR,ERR,ERR,ERR,ERR,ERR,ERR,ERR,ERR,ERR,ERR,ERR,ERR,ERR,ERR,ERR,ERR,ERR,ERR,ERR,ERR,ERR,ERR,ERR,ERR,ERR,ERR,ERR,ERR,ERR,ERR,ERR,ERR,ERR,ERR,ERR,ERR,ERR,ERR,ERR,ERR,ERR,ERR,ERR,ERR,ERR,ERR,ERR,ERR,ERR,ERR,ERR,ERR,ERR,ERR,ERR,ERR,ERR,ERR,ERR,ERR,ERR,ERR,ERR,ERR,ERR,ERR,ERR,ERR,ERR,ERR,ERR,ERR,ERR,ERR,ERR,ERR,ERR,ERR,ERR,ERR,ERR,ERR,ERR,ERR,ERR,ERR,ERR,ERR,ERR,ERR,ERR,ERR,ERR,ERR,ERR,ERR,0.0,0.0,0.0,0.0,0.0,1.3936040501711995e+18,7.805,0.0,0,0,4,0,8422,0.0,45,0.0,0.0,0.0,0.0,0.0,0,0,0,0,0.0,0,0,0,0,0,0,0,0,0,0,0,0,0,0,0,0,0,0,0,0,0,0,0,0,0,0,0,0,0,0,0,0,0,38,14,7,45,65476,0,300,0,0,8,21553,0.0,-107605600.0,0.0,0.0,0.0,0.0,0.0,0.0,0.0,0.0,0.0,0.0,0.0,0.0,0.0,0.0,0.0,0.0,0.0,0.0,0.0,0.0,2.004,2.004,-0.0,0.0,0.0,0.0,0.0,0.0,4984.0,0.0,0.0,0.0,0.0,-107615280.0,2.718429300292151e+23,0.0,0.0,0.0,0.0,53,-0.0,-0.0,0.0,0.0,0.0,0.0,0.0,0.0,0.0,0,0,0,0.0,0.0,0.0,0.0,0.0,0.0,0.0,0.0,0.0,0.0,0.0,0.0,0.0,0.0,0.0,0.0,0,-107875648.0,53,0.0,106,-107614832.0,0.0,ERR,ERR,ERR,ERR,ERR,ERR,ERR,ERR,ERR,ERR,ERR,ERR,ERR,ERR,ERR,ERR,ERR,ERR,ERR,ERR,ERR,ERR,ERR,ERR,ERR,ERR,ERR,ERR,ERR,ERR,ERR,ERR,ERR,ERR,ERR,ERR,ERR,ERR,ERR,ERR,ERR,ERR,ERR,ERR,ERR,ERR,ERR,ERR,ERR,ERR,ERR,ERR,ERR,ERR,ERR,ERR,ERR,ERR,ERR,ERR,ERR,ERR,ERR,ERR,ERR,ERR,ERR,50.0,60.0,100,0.0,0.0,0.0,0.0,0.0,0.0,0.0,0.0,0.0,0.0,0.0,0.0,0.0,0.0,0.0,0.0,61.6,73,14,65513,50,65476,0,300,0,0,8,20529,65476,0,0,26214,60.0,0.0,0.0,0.0,0.0,0.0
2026-05-17T18:45:23,ERR,ERR,ERR,ERR,ERR,ERR,ERR,ERR,ERR,ERR,ERR,ERR,ERR,ERR,ERR,ERR,ERR,ERR,ERR,ERR,ERR,ERR,ERR,ERR,ERR,ERR,ERR,ERR,ERR,ERR,ERR,ERR,ERR,ERR,ERR,ERR,ERR,ERR,ERR,ERR,ERR,ERR,ERR,ERR,ERR,ERR,ERR,ERR,ERR,ERR,ERR,ERR,ERR,ERR,ERR,ERR,ERR,ERR,ERR,ERR,ERR,ERR,ERR,ERR,ERR,ERR,ERR,ERR,ERR,ERR,ERR,ERR,ERR,ERR,ERR,ERR,ERR,ERR,ERR,ERR,ERR,ERR,ERR,ERR,ERR,ERR,ERR,ERR,ERR,ERR,ERR,ERR,ERR,ERR,ERR,ERR,ERR,ERR,ERR,ERR,ERR,ERR,ERR,ERR,ERR,ERR,ERR,ERR,ERR,ERR,ERR,ERR,ERR,ERR,ERR,ERR,ERR,ERR,ERR,ERR,ERR,ERR,ERR,ERR,ERR,0.0,0.0,0.0,0.0,0.0,1.3936040501711995e+18,7.805,0.0,0,0,4,0,8422,0.0,45,0.0,0.0,0.0,0.0,0.0,0,0,0,0,0.0,0,0,0,0,0,0,0,0,0,0,0,0,0,0,0,0,0,0,0,0,0,0,0,0,0,0,0,0,0,0,0,0,0,38,14,7,45,65476,0,300,0,0,8,21553,0.0,-107605600.0,0.0,0.0,0.0,0.0,0.0,0.0,0.0,0.0,0.0,0.0,0.0,0.0,0.0,0.0,0.0,0.0,0.0,0.0,0.0,0.0,2.004,2.004,-0.0,0.0,0.0,0.0,0.0,0.0,4984.0,0.0,0.0,0.0,0.0,-107615280.0,2.718429300292151e+23,0.0,0.0,0.0,0.0,53,-0.0,-0.0,0.0,0.0,0.0,0.0,0.0,0.0,0.0,0,0,0,0.0,0.0,0.0,0.0,0.0,0.0,0.0,0.0,0.0,0.0,0.0,0.0,0.0,0.0,0.0,0.0,0,-107875648.0,53,0.0,106,-107614832.0,0.0,ERR,ERR,ERR,ERR,ERR,ERR,ERR,ERR,ERR,ERR,ERR,ERR,ERR,ERR,ERR,ERR,ERR,ERR,ERR,ERR,ERR,ERR,ERR,ERR,ERR,ERR,ERR,ERR,ERR,ERR,ERR,ERR,ERR,ERR,ERR,ERR,ERR,ERR,ERR,ERR,ERR,ERR,ERR,ERR,ERR,ERR,ERR,ERR,ERR,ERR,ERR,ERR,ERR,ERR,ERR,ERR,ERR,ERR,ERR,ERR,ERR,ERR,ERR,ERR,ERR,ERR,ERR,50.0,60.0,100,0.0,0.0,0.0,0.0,0.0,0.0,0.0,0.0,0.0,0.0,0.0,0.0,0.0,0.0,0.0,0.0,62.0,73,14,65513,50,65476,0,300,0,0,8,20529,65476,0,0,26214,60.0,0.0,0.0,0.0,0.0,0.0
2026-05-17T18:45:24,ERR,ERR,ERR,ERR,ERR,ERR,ERR,ERR,ERR,ERR,ERR,ERR,ERR,ERR,ERR,ERR,ERR,ERR,ERR,ERR,ERR,ERR,ERR,ERR,ERR,ERR,ERR,ERR,ERR,ERR,ERR,ERR,ERR,ERR,ERR,ERR,ERR,ERR,ERR,ERR,ERR,ERR,ERR,ERR,ERR,ERR,ERR,ERR,ERR,ERR,ERR,ERR,ERR,ERR,ERR,ERR,ERR,ERR,ERR,ERR,ERR,ERR,ERR,ERR,ERR,ERR,ERR,ERR,ERR,ERR,ERR,ERR,ERR,ERR,ERR,ERR,ERR,ERR,ERR,ERR,ERR,ERR,ERR,ERR,ERR,ERR,ERR,ERR,ERR,ERR,ERR,ERR,ERR,ERR,ERR,ERR,ERR,ERR,ERR,ERR,ERR,ERR,ERR,ERR,ERR,ERR,ERR,ERR,ERR,ERR,ERR,ERR,ERR,ERR,ERR,ERR,ERR,ERR,ERR,ERR,ERR,ERR,ERR,ERR,ERR,0.0,0.0,0.0,0.0,0.0,1.3936040501711995e+18,7.805,0.0,0,0,4,0,8422,0.0,45,0.0,0.0,0.0,0.0,0.0,0,0,0,0,0.0,0,0,0,0,0,0,0,0,0,0,0,0,0,0,0,0,0,0,0,0,0,0,0,0,0,0,0,0,0,0,0,0,0,38,14,7,45,65476,0,300,0,0,8,21553,0.0,-107605600.0,0.0,0.0,0.0,0.0,0.0,0.0,0.0,0.0,0.0,0.0,0.0,0.0,0.0,0.0,0.0,0.0,0.0,0.0,0.0,0.0,2.004,2.004,-0.0,0.0,0.0,0.0,0.0,0.0,4984.0,0.0,0.0,0.0,0.0,-107615280.0,2.718429300292151e+23,0.0,0.0,0.0,0.0,53,-0.0,-0.0,0.0,0.0,0.0,0.0,0.0,0.0,0.0,0,0,0,0.0,0.0,0.0,0.0,0.0,0.0,0.0,0.0,0.0,0.0,0.0,0.0,0.0,0.0,0.0,0.0,0,-107875648.0,53,0.0,106,-107614832.0,0.0,ERR,ERR,ERR,ERR,ERR,ERR,ERR,ERR,ERR,ERR,ERR,ERR,ERR,ERR,ERR,ERR,ERR,ERR,ERR,ERR,ERR,ERR,ERR,ERR,ERR,ERR,ERR,ERR,ERR,ERR,ERR,ERR,ERR,ERR,ERR,ERR,ERR,ERR,ERR,ERR,ERR,ERR,ERR,ERR,ERR,ERR,ERR,ERR,ERR,ERR,ERR,ERR,ERR,ERR,ERR,ERR,ERR,ERR,ERR,ERR,ERR,ERR,ERR,ERR,ERR,ERR,ERR,50.0,60.0,100,0.0,0.0,0.0,0.0,0.0,0.0,0.0,0.0,0.0,0.0,0.0,0.0,0.0,0.0,0.0,0.0,62.0,73,14,65513,50,65476,0,300,0,0,8,20529,65476,0,0,26214,60.0,0.0,0.0,0.0,0.0,0.0
2026-05-17T18:45:25,ERR,ERR,ERR,ERR,ERR,ERR,ERR,ERR,ERR,ERR,ERR,ERR,ERR,ERR,ERR,ERR,ERR,ERR,ERR,ERR,ERR,ERR,ERR,ERR,ERR,ERR,ERR,ERR,ERR,ERR,ERR,ERR,ERR,ERR,ERR,ERR,ERR,ERR,ERR,ERR,ERR,ERR,ERR,ERR,ERR,ERR,ERR,ERR,ERR,ERR,ERR,ERR,ERR,ERR,ERR,ERR,ERR,ERR,ERR,ERR,ERR,ERR,ERR,ERR,ERR,ERR,ERR,ERR,ERR,ERR,ERR,ERR,ERR,ERR,ERR,ERR,ERR,ERR,ERR,ERR,ERR,ERR,ERR,ERR,ERR,ERR,ERR,ERR,ERR,ERR,ERR,ERR,ERR,ERR,ERR,ERR,ERR,ERR,ERR,ERR,ERR,ERR,ERR,ERR,ERR,ERR,ERR,ERR,ERR,ERR,ERR,ERR,ERR,ERR,ERR,ERR,ERR,ERR,ERR,ERR,ERR,ERR,ERR,ERR,ERR,0.0,0.0,0.0,0.0,0.0,1.3936040501711995e+18,7.805,0.0,0,0,4,0,8422,0.0,45,0.0,0.0,0.0,0.0,0.0,0,0,0,0,0.0,0,0,0,0,0,0,0,0,0,0,0,0,0,0,0,0,0,0,0,0,0,0,0,0,0,0,0,0,0,0,0,0,0,38,14,7,45,65476,0,300,0,0,8,21553,0.0,-107605600.0,0.0,0.0,0.0,0.0,0.0,0.0,0.0,0.0,0.0,0.0,0.0,0.0,0.0,0.0,0.0,0.0,0.0,0.0,0.0,0.0,2.004,2.004,-0.0,0.0,0.0,0.0,0.0,0.0,4984.0,0.0,0.0,0.0,0.0,-107615280.0,2.718429300292151e+23,0.0,0.0,0.0,0.0,53,-0.0,-0.0,0.0,0.0,0.0,0.0,0.0,0.0,0.0,0,0,0,0.0,0.0,0.0,0.0,0.0,0.0,0.0,0.0,0.0,0.0,0.0,0.0,0.0,0.0,0.0,0.0,0,-107875648.0,53,0.0,106,-107614832.0,0.0,ERR,ERR,ERR,ERR,ERR,ERR,ERR,ERR,ERR,ERR,ERR,ERR,ERR,ERR,ERR,ERR,ERR,ERR,ERR,ERR,ERR,ERR,ERR,ERR,ERR,ERR,ERR,ERR,ERR,ERR,ERR,ERR,ERR,ERR,ERR,ERR,ERR,ERR,ERR,ERR,ERR,ERR,ERR,ERR,ERR,ERR,ERR,ERR,ERR,ERR,ERR,ERR,ERR,ERR,ERR,ERR,ERR,ERR,ERR,ERR,ERR,ERR,ERR,ERR,ERR,ERR,ERR,50.0,60.0,100,0.0,0.0,0.0,0.0,0.0,0.0,0.0,0.0,0.0,0.0,0.0,0.0,0.0,0.0,0.0,0.0,61.6,73,14,65513,50,65476,0,300,0,0,8,20529,65476,0,0,26214,60.0,0.0,0.0,0.0,0.0,0.0
2026-05-17T18:45:26,ERR,ERR,ERR,ERR,ERR,ERR,ERR,ERR,ERR,ERR,ERR,ERR,ERR,ERR,ERR,ERR,ERR,ERR,ERR,ERR,ERR,ERR,ERR,ERR,ERR,ERR,ERR,ERR,ERR,ERR,ERR,ERR,ERR,ERR,ERR,ERR,ERR,ERR,ERR,ERR,ERR,ERR,ERR,ERR,ERR,ERR,ERR,ERR,ERR,ERR,ERR,ERR,ERR,ERR,ERR,ERR,ERR,ERR,ERR,ERR,ERR,ERR,ERR,ERR,ERR,ERR,ERR,ERR,ERR,ERR,ERR,ERR,ERR,ERR,ERR,ERR,ERR,ERR,ERR,ERR,ERR,ERR,ERR,ERR,ERR,ERR,ERR,ERR,ERR,ERR,ERR,ERR,ERR,ERR,ERR,ERR,ERR,ERR,ERR,ERR,ERR,ERR,ERR,ERR,ERR,ERR,ERR,ERR,ERR,ERR,ERR,ERR,ERR,ERR,ERR,ERR,ERR,ERR,ERR,ERR,ERR,ERR,ERR,ERR,ERR,0.0,0.0,-134474944.0,0.0,0.0,1.3936040501711995e+18,7.805,0.0,0,0,4,0,8422,0.0,45,0.0,0.0,0.0,0.0,0.0,0,0,0,0,0.0,0,0,0,0,0,0,0,0,0,0,0,0,0,0,0,0,0,0,0,0,0,0,0,0,0,0,0,0,0,0,0,0,0,38,14,7,45,65476,0,300,0,0,8,21553,0.0,-107605600.0,0.0,0.0,0.0,0.0,0.0,0.0,0.0,0.0,0.0,0.0,0.0,0.0,0.0,0.0,0.0,0.0,0.0,0.0,0.0,0.0,2.004,2.004,-0.0,0.0,0.0,0.0,0.0,0.0,4986.0,0.0,0.0,0.0,0.0,-107615280.0,2.718429300292151e+23,0.0,0.0,0.0,0.0,53,-0.0,-0.0,0.0,0.0,0.0,0.0,0.0,0.0,0.0,0,0,0,0.0,0.0,0.0,0.0,0.0,0.0,0.0,0.0,0.0,0.0,0.0,0.0,0.0,0.0,0.0,0.0,0,-107875648.0,53,0.0,106,-107614832.0,0.0,ERR,ERR,ERR,ERR,ERR,ERR,ERR,ERR,ERR,ERR,ERR,ERR,ERR,ERR,ERR,ERR,ERR,ERR,ERR,ERR,ERR,ERR,ERR,ERR,ERR,ERR,ERR,ERR,ERR,ERR,ERR,ERR,ERR,ERR,ERR,ERR,ERR,ERR,ERR,ERR,ERR,ERR,ERR,ERR,ERR,ERR,ERR,ERR,ERR,ERR,ERR,ERR,ERR,ERR,ERR,ERR,ERR,ERR,ERR,ERR,ERR,ERR,ERR,ERR,ERR,ERR,ERR,50.0,60.0,100,0.0,0.0,0.0,0.0,0.0,0.0,0.0,0.0,0.0,0.0,0.0,0.0,0.0,0.0,0.0,0.0,61.6,73,14,65513,50,65476,0,300,0,0,8,20529,65476,0,0,26214,60.0,0.0,0.0,0.0,0.0,0.0
2026-05-17T18:45:27,ERR,ERR,ERR,ERR,ERR,ERR,ERR,ERR,ERR,ERR,ERR,ERR,ERR,ERR,ERR,ERR,ERR,ERR,ERR,ERR,ERR,ERR,ERR,ERR,ERR,ERR,ERR,ERR,ERR,ERR,ERR,ERR,ERR,ERR,ERR,ERR,ERR,ERR,ERR,ERR,ERR,ERR,ERR,ERR,ERR,ERR,ERR,ERR,ERR,ERR,ERR,ERR,ERR,ERR,ERR,ERR,ERR,ERR,ERR,ERR,ERR,ERR,ERR,ERR,ERR,ERR,ERR,ERR,ERR,ERR,ERR,ERR,ERR,ERR,ERR,ERR,ERR,ERR,ERR,ERR,ERR,ERR,ERR,ERR,ERR,ERR,ERR,ERR,ERR,ERR,ERR,ERR,ERR,ERR,ERR,ERR,ERR,ERR,ERR,ERR,ERR,ERR,ERR,ERR,ERR,ERR,ERR,ERR,ERR,ERR,ERR,ERR,ERR,ERR,ERR,ERR,ERR,ERR,ERR,ERR,ERR,ERR,ERR,ERR,ERR,0.0,0.0,-134474944.0,0.0,0.0,1.3936040501711995e+18,7.805,0.0,0,0,4,0,8422,0.0,45,0.0,0.0,0.0,0.0,0.0,0,0,0,0,0.0,0,0,0,0,0,0,0,0,0,0,0,0,0,0,0,0,0,0,0,0,0,0,0,0,0,0,0,0,0,0,0,0,0,38,14,7,45,65476,0,300,0,0,8,21553,0.0,-107605600.0,0.0,0.0,0.0,0.0,0.0,0.0,0.0,0.0,0.0,0.0,0.0,0.0,0.0,0.0,0.0,0.0,0.0,0.0,0.0,0.0,2.004,2.004,-0.0,0.0,0.0,0.0,0.0,0.0,4986.0,0.0,0.0,0.0,0.0,-107615280.0,2.718429300292151e+23,0.0,0.0,0.0,0.0,53,-0.0,-0.0,0.0,0.0,0.0,0.0,0.0,0.0,0.0,0,0,0,0.0,0.0,0.0,0.0,0.0,0.0,0.0,0.0,0.0,0.0,0.0,0.0,0.0,0.0,0.0,0.0,0,-107875648.0,53,0.0,106,-107614832.0,0.0,ERR,ERR,ERR,ERR,ERR,ERR,ERR,ERR,ERR,ERR,ERR,ERR,ERR,ERR,ERR,ERR,ERR,ERR,ERR,ERR,ERR,ERR,ERR,ERR,ERR,ERR,ERR,ERR,ERR,ERR,ERR,ERR,ERR,ERR,ERR,ERR,ERR,ERR,ERR,ERR,ERR,ERR,ERR,ERR,ERR,ERR,ERR,ERR,ERR,ERR,ERR,ERR,ERR,ERR,ERR,ERR,ERR,ERR,ERR,ERR,ERR,ERR,ERR,ERR,ERR,ERR,ERR,50.0,60.0,100,0.0,0.0,0.0,0.0,0.0,0.0,0.0,0.0,0.0,0.0,0.0,0.0,0.0,0.0,0.0,0.0,61.6,73,14,65513,50,65476,0,300,0,0,8,20529,65476,0,0,26214,60.0,0.0,0.0,0.0,0.0,0.0
2026-05-17T18:45:28,ERR,ERR,ERR,ERR,ERR,ERR,ERR,ERR,ERR,ERR,ERR,ERR,ERR,ERR,ERR,ERR,ERR,ERR,ERR,ERR,ERR,ERR,ERR,ERR,ERR,ERR,ERR,ERR,ERR,ERR,ERR,ERR,ERR,ERR,ERR,ERR,ERR,ERR,ERR,ERR,ERR,ERR,ERR,ERR,ERR,ERR,ERR,ERR,ERR,ERR,ERR,ERR,ERR,ERR,ERR,ERR,ERR,ERR,ERR,ERR,ERR,ERR,ERR,ERR,ERR,ERR,ERR,ERR,ERR,ERR,ERR,ERR,ERR,ERR,ERR,ERR,ERR,ERR,ERR,ERR,ERR,ERR,ERR,ERR,ERR,ERR,ERR,ERR,ERR,ERR,ERR,ERR,ERR,ERR,ERR,ERR,ERR,ERR,ERR,ERR,ERR,ERR,ERR,ERR,ERR,ERR,ERR,ERR,ERR,ERR,ERR,ERR,ERR,ERR,ERR,ERR,ERR,ERR,ERR,ERR,ERR,ERR,ERR,ERR,ERR,0.0,0.0,-134474944.0,0.0,0.0,1.3936040501711995e+18,7.805,0.0,0,0,4,0,8422,0.0,45,0.0,0.0,0.0,0.0,0.0,0,0,0,0,0.0,0,0,0,0,0,0,0,0,0,0,0,0,0,0,0,0,0,0,0,0,0,0,0,0,0,0,0,0,0,0,0,0,0,38,14,7,45,65476,0,300,0,0,8,21553,0.0,-107605600.0,0.0,0.0,0.0,0.0,0.0,0.0,0.0,0.0,0.0,0.0,0.0,0.0,0.0,0.0,0.0,0.0,0.0,0.0,0.0,0.0,2.004,2.004,-0.0,0.0,0.0,0.0,0.0,0.0,4986.0,0.0,0.0,0.0,0.0,-107615280.0,2.718429300292151e+23,0.0,0.0,0.0,0.0,53,-0.0,-0.0,0.0,0.0,0.0,0.0,0.0,0.0,0.0,0,0,0,0.0,0.0,0.0,0.0,0.0,0.0,0.0,0.0,0.0,0.0,0.0,0.0,0.0,0.0,0.0,0.0,0,-107875648.0,53,0.0,106,-107614832.0,0.0,ERR,ERR,ERR,ERR,ERR,ERR,ERR,ERR,ERR,ERR,ERR,ERR,ERR,ERR,ERR,ERR,ERR,ERR,ERR,ERR,ERR,ERR,ERR,ERR,ERR,ERR,ERR,ERR,ERR,ERR,ERR,ERR,ERR,ERR,ERR,ERR,ERR,ERR,ERR,ERR,ERR,ERR,ERR,ERR,ERR,ERR,ERR,ERR,ERR,ERR,ERR,ERR,ERR,ERR,ERR,ERR,ERR,ERR,ERR,ERR,ERR,ERR,ERR,ERR,ERR,ERR,ERR,50.0,60.0,100,0.0,0.0,0.0,0.0,0.0,0.0,0.0,0.0,0.0,0.0,0.0,0.0,0.0,0.0,0.0,0.0,61.6,73,14,65513,50,65476,0,300,0,0,8,20529,65476,0,0,26214,60.0,0.0,0.0,0.0,0.0,0.0
2026-05-17T18:45:29,ERR,ERR,ERR,ERR,ERR,ERR,ERR,ERR,ERR,ERR,ERR,ERR,ERR,ERR,ERR,ERR,ERR,ERR,ERR,ERR,ERR,ERR,ERR,ERR,ERR,ERR,ERR,ERR,ERR,ERR,ERR,ERR,ERR,ERR,ERR,ERR,ERR,ERR,ERR,ERR,ERR,ERR,ERR,ERR,ERR,ERR,ERR,ERR,ERR,ERR,ERR,ERR,ERR,ERR,ERR,ERR,ERR,ERR,ERR,ERR,ERR,ERR,ERR,ERR,ERR,ERR,ERR,ERR,ERR,ERR,ERR,ERR,ERR,ERR,ERR,ERR,ERR,ERR,ERR,ERR,ERR,ERR,ERR,ERR,ERR,ERR,ERR,ERR,ERR,ERR,ERR,ERR,ERR,ERR,ERR,ERR,ERR,ERR,ERR,ERR,ERR,ERR,ERR,ERR,ERR,ERR,ERR,ERR,ERR,ERR,ERR,ERR,ERR,ERR,ERR,ERR,ERR,ERR,ERR,ERR,ERR,ERR,ERR,ERR,ERR,0.0,0.0,-134474944.0,0.0,0.0,1.3936040501711995e+18,7.805,0.0,0,0,4,0,8422,0.0,45,0.0,0.0,0.0,0.0,0.0,0,0,0,0,0.0,0,0,0,0,0,0,0,0,0,0,0,0,0,0,0,0,0,0,0,0,0,0,0,0,0,0,0,0,0,0,0,0,0,38,14,7,45,65476,0,300,0,0,8,21553,0.0,-107605600.0,0.0,0.0,0.0,0.0,0.0,0.0,0.0,0.0,0.0,0.0,0.0,0.0,0.0,0.0,0.0,0.0,0.0,0.0,0.0,0.0,2.004,2.004,-0.0,0.0,0.0,0.0,0.0,0.0,4986.0,0.0,0.0,0.0,0.0,-107615280.0,2.718429300292151e+23,0.0,0.0,0.0,0.0,53,-0.0,-0.0,0.0,0.0,0.0,0.0,0.0,0.0,0.0,0,0,0,0.0,0.0,0.0,0.0,0.0,0.0,0.0,0.0,0.0,0.0,0.0,0.0,0.0,0.0,0.0,0.0,0,-107875648.0,53,0.0,106,-107614832.0,0.0,ERR,ERR,ERR,ERR,ERR,ERR,ERR,ERR,ERR,ERR,ERR,ERR,ERR,ERR,ERR,ERR,ERR,ERR,ERR,ERR,ERR,ERR,ERR,ERR,ERR,ERR,ERR,ERR,ERR,ERR,ERR,ERR,ERR,ERR,ERR,ERR,ERR,ERR,ERR,ERR,ERR,ERR,ERR,ERR,ERR,ERR,ERR,ERR,ERR,ERR,ERR,ERR,ERR,ERR,ERR,ERR,ERR,ERR,ERR,ERR,ERR,ERR,ERR,ERR,ERR,ERR,ERR,50.0,60.0,100,0.0,0.0,0.0,0.0,0.0,0.0,0.0,0.0,0.0,0.0,0.0,0.0,0.0,0.0,0.0,0.0,61.6,73,14,65513,50,65476,0,300,0,0,8,20529,65476,0,0,26214,60.0,0.0,0.0,0.0,0.0,0.0
2026-05-17T18:45:30,ERR,ERR,ERR,ERR,ERR,ERR,ERR,ERR,ERR,ERR,ERR,ERR,ERR,ERR,ERR,ERR,ERR,ERR,ERR,ERR,ERR,ERR,ERR,ERR,ERR,ERR,ERR,ERR,ERR,ERR,ERR,ERR,ERR,ERR,ERR,ERR,ERR,ERR,ERR,ERR,ERR,ERR,ERR,ERR,ERR,ERR,ERR,ERR,ERR,ERR,ERR,ERR,ERR,ERR,ERR,ERR,ERR,ERR,ERR,ERR,ERR,ERR,ERR,ERR,ERR,ERR,ERR,ERR,ERR,ERR,ERR,ERR,ERR,ERR,ERR,ERR,ERR,ERR,ERR,ERR,ERR,ERR,ERR,ERR,ERR,ERR,ERR,ERR,ERR,ERR,ERR,ERR,ERR,ERR,ERR,ERR,ERR,ERR,ERR,ERR,ERR,ERR,ERR,ERR,ERR,ERR,ERR,ERR,ERR,ERR,ERR,ERR,ERR,ERR,ERR,ERR,ERR,ERR,ERR,ERR,ERR,ERR,ERR,ERR,ERR,0.0,0.0,-134474944.0,0.0,0.0,1.3936040501711995e+18,7.805,0.0,0,0,4,0,8422,0.0,45,0.0,0.0,0.0,0.0,0.0,0,0,0,0,0.0,0,0,0,0,0,0,0,0,0,0,0,0,0,0,0,0,0,0,0,0,0,0,0,0,0,0,0,0,0,0,0,0,0,38,14,7,45,65476,0,300,0,0,8,21553,0.0,-107605600.0,0.0,0.0,0.0,0.0,0.0,0.0,0.0,0.0,0.0,0.0,0.0,0.0,0.0,0.0,0.0,0.0,0.0,0.0,0.0,0.0,2.004,2.004,-0.0,0.0,0.0,0.0,0.0,0.0,4986.0,0.0,0.0,0.0,0.0,-107615280.0,2.718429300292151e+23,0.0,0.0,0.0,0.0,53,-0.0,-0.0,0.0,0.0,0.0,0.0,0.0,0.0,0.0,0,0,0,0.0,0.0,0.0,0.0,0.0,0.0,0.0,0.0,0.0,0.0,0.0,0.0,0.0,0.0,0.0,0.0,0,-107875648.0,53,0.0,106,-107614832.0,0.0,ERR,ERR,ERR,ERR,ERR,ERR,ERR,ERR,ERR,ERR,ERR,ERR,ERR,ERR,ERR,ERR,ERR,ERR,ERR,ERR,ERR,ERR,ERR,ERR,ERR,ERR,ERR,ERR,ERR,ERR,ERR,ERR,ERR,ERR,ERR,ERR,ERR,ERR,ERR,ERR,ERR,ERR,ERR,ERR,ERR,ERR,ERR,ERR,ERR,ERR,ERR,ERR,ERR,ERR,ERR,ERR,ERR,ERR,ERR,ERR,ERR,ERR,ERR,ERR,ERR,ERR,ERR,50.0,60.0,100,0.0,0.0,0.0,0.0,0.0,0.0,0.0,0.0,0.0,0.0,0.0,0.0,0.0,0.0,0.0,0.0,61.6,73,14,65513,50,65476,0,300,0,0,8,20529,65476,0,0,26214,60.0,0.0,0.0,0.0,0.0,0.0
2026-05-17T18:45:31,ERR,ERR,ERR,ERR,ERR,ERR,ERR,ERR,ERR,ERR,ERR,ERR,ERR,ERR,ERR,ERR,ERR,ERR,ERR,ERR,ERR,ERR,ERR,ERR,ERR,ERR,ERR,ERR,ERR,ERR,ERR,ERR,ERR,ERR,ERR,ERR,ERR,ERR,ERR,ERR,ERR,ERR,ERR,ERR,ERR,ERR,ERR,ERR,ERR,ERR,ERR,ERR,ERR,ERR,ERR,ERR,ERR,ERR,ERR,ERR,ERR,ERR,ERR,ERR,ERR,ERR,ERR,ERR,ERR,ERR,ERR,ERR,ERR,ERR,ERR,ERR,ERR,ERR,ERR,ERR,ERR,ERR,ERR,ERR,ERR,ERR,ERR,ERR,ERR,ERR,ERR,ERR,ERR,ERR,ERR,ERR,ERR,ERR,ERR,ERR,ERR,ERR,ERR,ERR,ERR,ERR,ERR,ERR,ERR,ERR,ERR,ERR,ERR,ERR,ERR,ERR,ERR,ERR,ERR,ERR,ERR,ERR,ERR,ERR,ERR,0.0,0.0,0.0,0.0,0.0,1.3936040501711995e+18,7.805,0.0,0,0,4,0,8422,0.0,45,0.0,0.0,0.0,0.0,0.0,0,0,0,0,0.0,0,0,0,0,0,0,0,0,0,0,0,0,0,0,0,0,0,0,0,0,0,0,0,0,0,0,0,0,0,0,0,0,0,38,14,7,45,65476,0,300,0,0,8,21553,0.0,-107605600.0,0.0,0.0,0.0,0.0,0.0,0.0,0.0,0.0,0.0,0.0,0.0,0.0,0.0,0.0,0.0,0.0,0.0,0.0,0.0,0.0,2.004,2.004,-0.0,0.0,0.0,0.0,0.0,0.0,4988.0,0.0,0.0,0.0,0.0,-107615280.0,2.718429300292151e+23,0.0,0.0,0.0,0.0,53,-0.0,-0.0,0.0,0.0,0.0,0.0,0.0,0.0,0.0,0,0,0,0.0,0.0,0.0,0.0,0.0,0.0,0.0,0.0,0.0,0.0,0.0,0.0,0.0,0.0,0.0,0.0,0,-107875648.0,53,0.0,106,-107614832.0,0.0,ERR,ERR,ERR,ERR,ERR,ERR,ERR,ERR,ERR,ERR,ERR,ERR,ERR,ERR,ERR,ERR,ERR,ERR,ERR,ERR,ERR,ERR,ERR,ERR,ERR,ERR,ERR,ERR,ERR,ERR,ERR,ERR,ERR,ERR,ERR,ERR,ERR,ERR,ERR,ERR,ERR,ERR,ERR,ERR,ERR,ERR,ERR,ERR,ERR,ERR,ERR,ERR,ERR,ERR,ERR,ERR,ERR,ERR,ERR,ERR,ERR,ERR,ERR,ERR,ERR,ERR,ERR,50.0,60.0,100,0.0,0.0,0.0,0.0,0.0,0.0,0.0,0.0,0.0,0.0,0.0,0.0,0.0,0.0,0.0,0.0,61.6,73,14,65513,50,65476,0,300,0,0,8,20529,65476,0,0,26214,60.0,0.0,0.0,0.0,0.0,0.0
2026-05-17T18:45:32,ERR,ERR,ERR,ERR,ERR,ERR,ERR,ERR,ERR,ERR,ERR,ERR,ERR,ERR,ERR,ERR,ERR,ERR,ERR,ERR,ERR,ERR,ERR,ERR,ERR,ERR,ERR,ERR,ERR,ERR,ERR,ERR,ERR,ERR,ERR,ERR,ERR,ERR,ERR,ERR,ERR,ERR,ERR,ERR,ERR,ERR,ERR,ERR,ERR,ERR,ERR,ERR,ERR,ERR,ERR,ERR,ERR,ERR,ERR,ERR,ERR,ERR,ERR,ERR,ERR,ERR,ERR,ERR,ERR,ERR,ERR,ERR,ERR,ERR,ERR,ERR,ERR,ERR,ERR,ERR,ERR,ERR,ERR,ERR,ERR,ERR,ERR,ERR,ERR,ERR,ERR,ERR,ERR,ERR,ERR,ERR,ERR,ERR,ERR,ERR,ERR,ERR,ERR,ERR,ERR,ERR,ERR,ERR,ERR,ERR,ERR,ERR,ERR,ERR,ERR,ERR,ERR,ERR,ERR,ERR,ERR,ERR,ERR,ERR,ERR,0.0,0.0,0.0,0.0,0.0,1.3936040501711995e+18,7.805,0.0,0,0,4,0,8422,0.0,45,0.0,0.0,0.0,0.0,0.0,0,0,0,0,0.0,0,0,0,0,0,0,0,0,0,0,0,0,0,0,0,0,0,0,0,0,0,0,0,0,0,0,0,0,0,0,0,0,0,38,14,7,45,65476,0,300,0,0,8,21553,0.0,-107605600.0,0.0,0.0,0.0,0.0,0.0,0.0,0.0,0.0,0.0,0.0,0.0,0.0,0.0,0.0,0.0,0.0,0.0,0.0,0.0,0.0,2.004,2.004,-0.0,0.0,0.0,0.0,0.0,0.0,4988.0,0.0,0.0,0.0,0.0,-107615280.0,2.718429300292151e+23,0.0,0.0,0.0,0.0,53,-0.0,-0.0,0.0,0.0,0.0,0.0,0.0,0.0,0.0,0,0,0,0.0,0.0,0.0,0.0,0.0,0.0,0.0,0.0,0.0,0.0,0.0,0.0,0.0,0.0,0.0,0.0,0,-107875648.0,53,0.0,106,-107614832.0,0.0,ERR,ERR,ERR,ERR,ERR,ERR,ERR,ERR,ERR,ERR,ERR,ERR,ERR,ERR,ERR,ERR,ERR,ERR,ERR,ERR,ERR,ERR,ERR,ERR,ERR,ERR,ERR,ERR,ERR,ERR,ERR,ERR,ERR,ERR,ERR,ERR,ERR,ERR,ERR,ERR,ERR,ERR,ERR,ERR,ERR,ERR,ERR,ERR,ERR,ERR,ERR,ERR,ERR,ERR,ERR,ERR,ERR,ERR,ERR,ERR,ERR,ERR,ERR,ERR,ERR,ERR,ERR,50.0,60.0,100,0.0,0.0,0.0,0.0,0.0,0.0,0.0,0.0,0.0,0.0,0.0,0.0,0.0,0.0,0.0,0.0,62.0,73,14,65513,50,65476,0,300,0,0,8,20529,65476,0,0,26214,60.0,0.0,0.0,0.0,0.0,0.0
2026-05-17T18:45:33,ERR,ERR,ERR,ERR,ERR,ERR,ERR,ERR,ERR,ERR,ERR,ERR,ERR,ERR,ERR,ERR,ERR,ERR,ERR,ERR,ERR,ERR,ERR,ERR,ERR,ERR,ERR,ERR,ERR,ERR,ERR,ERR,ERR,ERR,ERR,ERR,ERR,ERR,ERR,ERR,ERR,ERR,ERR,ERR,ERR,ERR,ERR,ERR,ERR,ERR,ERR,ERR,ERR,ERR,ERR,ERR,ERR,ERR,ERR,ERR,ERR,ERR,ERR,ERR,ERR,ERR,ERR,ERR,ERR,ERR,ERR,ERR,ERR,ERR,ERR,ERR,ERR,ERR,ERR,ERR,ERR,ERR,ERR,ERR,ERR,ERR,ERR,ERR,ERR,ERR,ERR,ERR,ERR,ERR,ERR,ERR,ERR,ERR,ERR,ERR,ERR,ERR,ERR,ERR,ERR,ERR,ERR,ERR,ERR,ERR,ERR,ERR,ERR,ERR,ERR,ERR,ERR,ERR,ERR,ERR,ERR,ERR,ERR,ERR,ERR,0.0,0.0,0.0,0.0,0.0,1.3936040501711995e+18,7.805,0.0,0,0,4,0,8422,0.0,45,0.0,0.0,0.0,0.0,0.0,0,0,0,0,0.0,0,0,0,0,0,0,0,0,0,0,0,0,0,0,0,0,0,0,0,0,0,0,0,0,0,0,0,0,0,0,0,0,0,38,14,7,45,65476,0,300,0,0,8,21553,0.0,-107605600.0,0.0,0.0,0.0,0.0,0.0,0.0,0.0,0.0,0.0,0.0,0.0,0.0,0.0,0.0,0.0,0.0,0.0,0.0,0.0,0.0,2.004,2.004,-0.0,0.0,0.0,0.0,0.0,0.0,4988.0,0.0,0.0,0.0,0.0,-107615280.0,2.718429300292151e+23,0.0,0.0,0.0,0.0,53,-0.0,-0.0,0.0,0.0,0.0,0.0,0.0,0.0,0.0,0,0,0,0.0,0.0,0.0,0.0,0.0,0.0,0.0,0.0,0.0,0.0,0.0,0.0,0.0,0.0,0.0,0.0,0,-107875648.0,53,0.0,106,-107614832.0,0.0,ERR,ERR,ERR,ERR,ERR,ERR,ERR,ERR,ERR,ERR,ERR,ERR,ERR,ERR,ERR,ERR,ERR,ERR,ERR,ERR,ERR,ERR,ERR,ERR,ERR,ERR,ERR,ERR,ERR,ERR,ERR,ERR,ERR,ERR,ERR,ERR,ERR,ERR,ERR,ERR,ERR,ERR,ERR,ERR,ERR,ERR,ERR,ERR,ERR,ERR,ERR,ERR,ERR,ERR,ERR,ERR,ERR,ERR,ERR,ERR,ERR,ERR,ERR,ERR,ERR,ERR,ERR,50.0,60.0,100,0.0,0.0,0.0,0.0,0.0,0.0,0.0,0.0,0.0,0.0,0.0,0.0,0.0,0.0,0.0,0.0,62.0,73,14,65513,50,65476,0,300,0,0,8,20529,65476,0,0,26214,60.0,0.0,0.0,0.0,0.0,0.0
2026-05-17T18:45:34,ERR,ERR,ERR,ERR,ERR,ERR,ERR,ERR,ERR,ERR,ERR,ERR,ERR,ERR,ERR,ERR,ERR,ERR,ERR,ERR,ERR,ERR,ERR,ERR,ERR,ERR,ERR,ERR,ERR,ERR,ERR,ERR,ERR,ERR,ERR,ERR,ERR,ERR,ERR,ERR,ERR,ERR,ERR,ERR,ERR,ERR,ERR,ERR,ERR,ERR,ERR,ERR,ERR,ERR,ERR,ERR,ERR,ERR,ERR,ERR,ERR,ERR,ERR,ERR,ERR,ERR,ERR,ERR,ERR,ERR,ERR,ERR,ERR,ERR,ERR,ERR,ERR,ERR,ERR,ERR,ERR,ERR,ERR,ERR,ERR,ERR,ERR,ERR,ERR,ERR,ERR,ERR,ERR,ERR,ERR,ERR,ERR,ERR,ERR,ERR,ERR,ERR,ERR,ERR,ERR,ERR,ERR,ERR,ERR,ERR,ERR,ERR,ERR,ERR,ERR,ERR,ERR,ERR,ERR,ERR,ERR,ERR,ERR,ERR,ERR,0.0,0.0,0.0,0.0,0.0,1.3936040501711995e+18,7.805,0.0,0,0,4,0,8422,0.0,45,0.0,0.0,0.0,0.0,0.0,0,0,0,0,0.0,0,0,0,0,0,0,0,0,0,0,0,0,0,0,0,0,0,0,0,0,0,0,0,0,0,0,0,0,0,0,0,0,0,38,14,7,45,65476,0,300,0,0,8,21553,0.0,-107605600.0,0.0,0.0,0.0,0.0,0.0,0.0,0.0,0.0,0.0,0.0,0.0,0.0,0.0,0.0,0.0,0.0,0.0,0.0,0.0,0.0,2.004,2.004,-0.0,0.0,0.0,0.0,0.0,0.0,4988.0,0.0,0.0,0.0,0.0,-107615280.0,2.718429300292151e+23,0.0,0.0,0.0,0.0,53,-0.0,-0.0,0.0,0.0,0.0,0.0,0.0,0.0,0.0,0,0,0,0.0,0.0,0.0,0.0,0.0,0.0,0.0,0.0,0.0,0.0,0.0,0.0,0.0,0.0,0.0,0.0,0,-107875648.0,53,0.0,106,-107614832.0,0.0,ERR,ERR,ERR,ERR,ERR,ERR,ERR,ERR,ERR,ERR,ERR,ERR,ERR,ERR,ERR,ERR,ERR,ERR,ERR,ERR,ERR,ERR,ERR,ERR,ERR,ERR,ERR,ERR,ERR,ERR,ERR,ERR,ERR,ERR,ERR,ERR,ERR,ERR,ERR,ERR,ERR,ERR,ERR,ERR,ERR,ERR,ERR,ERR,ERR,ERR,ERR,ERR,ERR,ERR,ERR,ERR,ERR,ERR,ERR,ERR,ERR,ERR,ERR,ERR,ERR,ERR,ERR,50.0,60.0,100,0.0,0.0,0.0,0.0,0.0,0.0,0.0,0.0,0.0,0.0,0.0,0.0,0.0,0.0,0.0,0.0,61.6,73,14,65513,50,65476,0,300,0,0,8,20529,65476,0,0,26214,60.0,0.0,0.0,0.0,0.0,0.0
2026-05-17T18:45:35,ERR,ERR,ERR,ERR,ERR,ERR,ERR,ERR,ERR,ERR,ERR,ERR,ERR,ERR,ERR,ERR,ERR,ERR,ERR,ERR,ERR,ERR,ERR,ERR,ERR,ERR,ERR,ERR,ERR,ERR,ERR,ERR,ERR,ERR,ERR,ERR,ERR,ERR,ERR,ERR,ERR,ERR,ERR,ERR,ERR,ERR,ERR,ERR,ERR,ERR,ERR,ERR,ERR,ERR,ERR,ERR,ERR,ERR,ERR,ERR,ERR,ERR,ERR,ERR,ERR,ERR,ERR,ERR,ERR,ERR,ERR,ERR,ERR,ERR,ERR,ERR,ERR,ERR,ERR,ERR,ERR,ERR,ERR,ERR,ERR,ERR,ERR,ERR,ERR,ERR,ERR,ERR,ERR,ERR,ERR,ERR,ERR,ERR,ERR,ERR,ERR,ERR,ERR,ERR,ERR,ERR,ERR,ERR,ERR,ERR,ERR,ERR,ERR,ERR,ERR,ERR,ERR,ERR,ERR,ERR,ERR,ERR,ERR,ERR,ERR,0.0,0.0,0.0,0.0,0.0,1.3936040501711995e+18,7.805,0.0,0,0,4,0,8422,0.0,45,0.0,0.0,0.0,0.0,0.0,0,0,0,0,0.0,0,0,0,0,0,0,0,0,0,0,0,0,0,0,0,0,0,0,0,0,0,0,0,0,0,0,0,0,0,0,0,0,0,38,14,7,45,65476,0,300,0,0,8,21553,0.0,-107605600.0,0.0,0.0,0.0,0.0,0.0,0.0,0.0,0.0,0.0,0.0,0.0,0.0,0.0,0.0,0.0,0.0,0.0,0.0,0.0,0.0,2.004,2.004,-0.0,0.0,0.0,0.0,0.0,0.0,4988.0,0.0,0.0,0.0,0.0,-107615280.0,2.718429300292151e+23,0.0,0.0,0.0,0.0,53,-0.0,-0.0,0.0,0.0,0.0,0.0,0.0,0.0,0.0,0,0,0,0.0,0.0,0.0,0.0,0.0,0.0,0.0,0.0,0.0,0.0,0.0,0.0,0.0,0.0,0.0,0.0,0,-107875648.0,53,0.0,106,-107614832.0,0.0,ERR,ERR,ERR,ERR,ERR,ERR,ERR,ERR,ERR,ERR,ERR,ERR,ERR,ERR,ERR,ERR,ERR,ERR,ERR,ERR,ERR,ERR,ERR,ERR,ERR,ERR,ERR,ERR,ERR,ERR,ERR,ERR,ERR,ERR,ERR,ERR,ERR,ERR,ERR,ERR,ERR,ERR,ERR,ERR,ERR,ERR,ERR,ERR,ERR,ERR,ERR,ERR,ERR,ERR,ERR,ERR,ERR,ERR,ERR,ERR,ERR,ERR,ERR,ERR,ERR,ERR,ERR,50.0,60.0,100,0.0,0.0,0.0,0.0,0.0,0.0,0.0,0.0,0.0,0.0,0.0,0.0,0.0,0.0,0.0,0.0,61.6,73,14,65513,50,65476,0,300,0,0,8,20529,65476,0,0,26214,60.0,0.0,0.0,0.0,0.0,0.0
2026-05-17T18:45:36,ERR,ERR,ERR,ERR,ERR,ERR,ERR,ERR,ERR,ERR,ERR,ERR,ERR,ERR,ERR,ERR,ERR,ERR,ERR,ERR,ERR,ERR,ERR,ERR,ERR,ERR,ERR,ERR,ERR,ERR,ERR,ERR,ERR,ERR,ERR,ERR,ERR,ERR,ERR,ERR,ERR,ERR,ERR,ERR,ERR,ERR,ERR,ERR,ERR,ERR,ERR,ERR,ERR,ERR,ERR,ERR,ERR,ERR,ERR,ERR,ERR,ERR,ERR,ERR,ERR,ERR,ERR,ERR,ERR,ERR,ERR,ERR,ERR,ERR,ERR,ERR,ERR,ERR,ERR,ERR,ERR,ERR,ERR,ERR,ERR,ERR,ERR,ERR,ERR,ERR,ERR,ERR,ERR,ERR,ERR,ERR,ERR,ERR,ERR,ERR,ERR,ERR,ERR,ERR,ERR,ERR,ERR,ERR,ERR,ERR,ERR,ERR,ERR,ERR,ERR,ERR,ERR,ERR,ERR,ERR,ERR,ERR,ERR,ERR,ERR,0.0,0.0,0.0,0.0,0.0,1.3936040501711995e+18,7.805,0.0,0,0,4,0,8422,0.0,45,0.0,0.0,0.0,0.0,0.0,0,0,0,0,0.0,0,0,0,0,0,0,0,0,0,0,0,0,0,0,0,0,0,0,0,0,0,0,0,0,0,0,0,0,0,0,0,0,0,38,14,7,45,65476,0,300,0,0,8,21553,0.0,-107605600.0,0.0,0.0,0.0,0.0,0.0,0.0,0.0,0.0,0.0,0.0,0.0,0.0,0.0,0.0,0.0,0.0,0.0,0.0,0.0,0.0,2.004,2.004,-0.0,0.0,0.0,0.0,0.0,0.0,4982.0,0.0,0.0,0.0,0.0,-107615280.0,2.718429300292151e+23,0.0,0.0,0.0,0.0,53,-0.0,-0.0,0.0,0.0,0.0,0.0,0.0,0.0,0.0,0,0,0,0.0,0.0,0.0,0.0,0.0,0.0,0.0,0.0,0.0,0.0,0.0,0.0,0.0,0.0,0.0,0.0,0,-107875648.0,53,0.0,106,-107614832.0,0.0,ERR,ERR,ERR,ERR,ERR,ERR,ERR,ERR,ERR,ERR,ERR,ERR,ERR,ERR,ERR,ERR,ERR,ERR,ERR,ERR,ERR,ERR,ERR,ERR,ERR,ERR,ERR,ERR,ERR,ERR,ERR,ERR,ERR,ERR,ERR,ERR,ERR,ERR,ERR,ERR,ERR,ERR,ERR,ERR,ERR,ERR,ERR,ERR,ERR,ERR,ERR,ERR,ERR,ERR,ERR,ERR,ERR,ERR,ERR,ERR,ERR,ERR,ERR,ERR,ERR,ERR,ERR,50.0,60.0,100,0.0,0.0,0.0,0.0,0.0,0.0,0.0,0.0,0.0,0.0,0.0,0.0,0.0,0.0,0.0,0.0,61.6,73,14,65513,50,65476,0,300,0,0,8,20529,65476,0,0,26214,60.0,0.0,0.0,0.0,0.0,0.0
2026-05-17T18:45:37,ERR,ERR,ERR,ERR,ERR,ERR,ERR,ERR,ERR,ERR,ERR,ERR,ERR,ERR,ERR,ERR,ERR,ERR,ERR,ERR,ERR,ERR,ERR,ERR,ERR,ERR,ERR,ERR,ERR,ERR,ERR,ERR,ERR,ERR,ERR,ERR,ERR,ERR,ERR,ERR,ERR,ERR,ERR,ERR,ERR,ERR,ERR,ERR,ERR,ERR,ERR,ERR,ERR,ERR,ERR,ERR,ERR,ERR,ERR,ERR,ERR,ERR,ERR,ERR,ERR,ERR,ERR,ERR,ERR,ERR,ERR,ERR,ERR,ERR,ERR,ERR,ERR,ERR,ERR,ERR,ERR,ERR,ERR,ERR,ERR,ERR,ERR,ERR,ERR,ERR,ERR,ERR,ERR,ERR,ERR,ERR,ERR,ERR,ERR,ERR,ERR,ERR,ERR,ERR,ERR,ERR,ERR,ERR,ERR,ERR,ERR,ERR,ERR,ERR,ERR,ERR,ERR,ERR,ERR,ERR,ERR,ERR,ERR,ERR,ERR,0.0,0.0,0.0,0.0,0.0,1.3936040501711995e+18,7.805,0.0,0,0,4,0,8422,0.0,45,0.0,0.0,0.0,0.0,0.0,0,0,0,0,0.0,0,0,0,0,0,0,0,0,0,0,0,0,0,0,0,0,0,0,0,0,0,0,0,0,0,0,0,0,0,0,0,0,0,38,14,7,45,65476,0,300,0,0,8,21553,0.0,-107605600.0,0.0,0.0,0.0,0.0,0.0,0.0,0.0,0.0,0.0,0.0,0.0,0.0,0.0,0.0,0.0,0.0,0.0,0.0,0.0,0.0,2.004,2.004,-0.0,0.0,0.0,0.0,0.0,0.0,4982.0,0.0,0.0,0.0,0.0,-107615280.0,2.718429300292151e+23,0.0,0.0,0.0,0.0,53,-0.0,-0.0,0.0,0.0,0.0,0.0,0.0,0.0,0.0,0,0,0,0.0,0.0,0.0,0.0,0.0,0.0,0.0,0.0,0.0,0.0,0.0,0.0,0.0,0.0,0.0,0.0,0,-107875648.0,53,0.0,106,-107614832.0,0.0,ERR,ERR,ERR,ERR,ERR,ERR,ERR,ERR,ERR,ERR,ERR,ERR,ERR,ERR,ERR,ERR,ERR,ERR,ERR,ERR,ERR,ERR,ERR,ERR,ERR,ERR,ERR,ERR,ERR,ERR,ERR,ERR,ERR,ERR,ERR,ERR,ERR,ERR,ERR,ERR,ERR,ERR,ERR,ERR,ERR,ERR,ERR,ERR,ERR,ERR,ERR,ERR,ERR,ERR,ERR,ERR,ERR,ERR,ERR,ERR,ERR,ERR,ERR,ERR,ERR,ERR,ERR,50.0,60.0,100,0.0,0.0,0.0,0.0,0.0,0.0,0.0,0.0,0.0,0.0,0.0,0.0,0.0,0.0,0.0,0.0,61.6,73,14,65513,50,65476,0,300,0,0,8,20529,65476,0,0,26214,60.0,0.0,0.0,0.0,0.0,0.0
2026-05-17T18:45:38,ERR,ERR,ERR,ERR,ERR,ERR,ERR,ERR,ERR,ERR,ERR,ERR,ERR,ERR,ERR,ERR,ERR,ERR,ERR,ERR,ERR,ERR,ERR,ERR,ERR,ERR,ERR,ERR,ERR,ERR,ERR,ERR,ERR,ERR,ERR,ERR,ERR,ERR,ERR,ERR,ERR,ERR,ERR,ERR,ERR,ERR,ERR,ERR,ERR,ERR,ERR,ERR,ERR,ERR,ERR,ERR,ERR,ERR,ERR,ERR,ERR,ERR,ERR,ERR,ERR,ERR,ERR,ERR,ERR,ERR,ERR,ERR,ERR,ERR,ERR,ERR,ERR,ERR,ERR,ERR,ERR,ERR,ERR,ERR,ERR,ERR,ERR,ERR,ERR,ERR,ERR,ERR,ERR,ERR,ERR,ERR,ERR,ERR,ERR,ERR,ERR,ERR,ERR,ERR,ERR,ERR,ERR,ERR,ERR,ERR,ERR,ERR,ERR,ERR,ERR,ERR,ERR,ERR,ERR,ERR,ERR,ERR,ERR,ERR,ERR,0.0,0.0,0.0,0.0,0.0,1.3936040501711995e+18,7.805,0.0,0,0,4,0,8422,0.0,45,0.0,0.0,0.0,0.0,0.0,0,0,0,0,0.0,0,0,0,0,0,0,0,0,0,0,0,0,0,0,0,0,0,0,0,0,0,0,0,0,0,0,0,0,0,0,0,0,0,38,14,7,45,65476,0,300,0,0,8,21553,0.0,-107605600.0,0.0,0.0,0.0,0.0,0.0,0.0,0.0,0.0,0.0,0.0,0.0,0.0,0.0,0.0,0.0,0.0,0.0,0.0,0.0,0.0,2.004,2.004,-0.0,0.0,0.0,0.0,0.0,0.0,4982.0,0.0,0.0,0.0,0.0,-107615280.0,2.718429300292151e+23,0.0,0.0,0.0,0.0,53,-0.0,-0.0,0.0,0.0,0.0,0.0,0.0,0.0,0.0,0,0,0,0.0,0.0,0.0,0.0,0.0,0.0,0.0,0.0,0.0,0.0,0.0,0.0,0.0,0.0,0.0,0.0,0,-107875648.0,53,0.0,106,-107614832.0,0.0,ERR,ERR,ERR,ERR,ERR,ERR,ERR,ERR,ERR,ERR,ERR,ERR,ERR,ERR,ERR,ERR,ERR,ERR,ERR,ERR,ERR,ERR,ERR,ERR,ERR,ERR,ERR,ERR,ERR,ERR,ERR,ERR,ERR,ERR,ERR,ERR,ERR,ERR,ERR,ERR,ERR,ERR,ERR,ERR,ERR,ERR,ERR,ERR,ERR,ERR,ERR,ERR,ERR,ERR,ERR,ERR,ERR,ERR,ERR,ERR,ERR,ERR,ERR,ERR,ERR,ERR,ERR,50.0,60.0,100,0.0,0.0,0.0,0.0,0.0,0.0,0.0,0.0,0.0,0.0,0.0,0.0,0.0,0.0,0.0,0.0,61.6,73,14,65513,50,65476,0,300,0,0,8,20529,65476,0,0,26214,60.0,0.0,0.0,0.0,0.0,0.0
2026-05-17T18:45:39,ERR,ERR,ERR,ERR,ERR,ERR,ERR,ERR,ERR,ERR,ERR,ERR,ERR,ERR,ERR,ERR,ERR,ERR,ERR,ERR,ERR,ERR,ERR,ERR,ERR,ERR,ERR,ERR,ERR,ERR,ERR,ERR,ERR,ERR,ERR,ERR,ERR,ERR,ERR,ERR,ERR,ERR,ERR,ERR,ERR,ERR,ERR,ERR,ERR,ERR,ERR,ERR,ERR,ERR,ERR,ERR,ERR,ERR,ERR,ERR,ERR,ERR,ERR,ERR,ERR,ERR,ERR,ERR,ERR,ERR,ERR,ERR,ERR,ERR,ERR,ERR,ERR,ERR,ERR,ERR,ERR,ERR,ERR,ERR,ERR,ERR,ERR,ERR,ERR,ERR,ERR,ERR,ERR,ERR,ERR,ERR,ERR,ERR,ERR,ERR,ERR,ERR,ERR,ERR,ERR,ERR,ERR,ERR,ERR,ERR,ERR,ERR,ERR,ERR,ERR,ERR,ERR,ERR,ERR,ERR,ERR,ERR,ERR,ERR,ERR,0.0,0.0,0.0,0.0,0.0,1.3936040501711995e+18,7.805,0.0,0,0,4,0,8422,0.0,45,0.0,0.0,0.0,0.0,0.0,0,0,0,0,0.0,0,0,0,0,0,0,0,0,0,0,0,0,0,0,0,0,0,0,0,0,0,0,0,0,0,0,0,0,0,0,0,0,0,38,14,7,45,65476,0,300,0,0,8,21553,0.0,-107605600.0,0.0,0.0,0.0,0.0,0.0,0.0,0.0,0.0,0.0,0.0,0.0,0.0,0.0,0.0,0.0,0.0,0.0,0.0,0.0,0.0,2.004,2.004,-0.0,0.0,0.0,0.0,0.0,0.0,4982.0,0.0,0.0,0.0,0.0,-107615280.0,2.718429300292151e+23,0.0,0.0,0.0,0.0,53,-0.0,-0.0,0.0,0.0,0.0,0.0,0.0,0.0,0.0,0,0,0,0.0,0.0,0.0,0.0,0.0,0.0,0.0,0.0,0.0,0.0,0.0,0.0,0.0,0.0,0.0,0.0,0,-107875648.0,53,0.0,106,-107614832.0,0.0,ERR,ERR,ERR,ERR,ERR,ERR,ERR,ERR,ERR,ERR,ERR,ERR,ERR,ERR,ERR,ERR,ERR,ERR,ERR,ERR,ERR,ERR,ERR,ERR,ERR,ERR,ERR,ERR,ERR,ERR,ERR,ERR,ERR,ERR,ERR,ERR,ERR,ERR,ERR,ERR,ERR,ERR,ERR,ERR,ERR,ERR,ERR,ERR,ERR,ERR,ERR,ERR,ERR,ERR,ERR,ERR,ERR,ERR,ERR,ERR,ERR,ERR,ERR,ERR,ERR,ERR,ERR,50.0,60.0,100,0.0,0.0,0.0,0.0,0.0,0.0,0.0,0.0,0.0,0.0,0.0,0.0,0.0,0.0,0.0,0.0,61.6,73,14,65513,50,65476,0,300,0,0,8,20529,65476,0,0,26214,60.0,0.0,0.0,0.0,0.0,0.0
2026-05-17T18:45:40,ERR,ERR,ERR,ERR,ERR,ERR,ERR,ERR,ERR,ERR,ERR,ERR,ERR,ERR,ERR,ERR,ERR,ERR,ERR,ERR,ERR,ERR,ERR,ERR,ERR,ERR,ERR,ERR,ERR,ERR,ERR,ERR,ERR,ERR,ERR,ERR,ERR,ERR,ERR,ERR,ERR,ERR,ERR,ERR,ERR,ERR,ERR,ERR,ERR,ERR,ERR,ERR,ERR,ERR,ERR,ERR,ERR,ERR,ERR,ERR,ERR,ERR,ERR,ERR,ERR,ERR,ERR,ERR,ERR,ERR,ERR,ERR,ERR,ERR,ERR,ERR,ERR,ERR,ERR,ERR,ERR,ERR,ERR,ERR,ERR,ERR,ERR,ERR,ERR,ERR,ERR,ERR,ERR,ERR,ERR,ERR,ERR,ERR,ERR,ERR,ERR,ERR,ERR,ERR,ERR,ERR,ERR,ERR,ERR,ERR,ERR,ERR,ERR,ERR,ERR,ERR,ERR,ERR,ERR,ERR,ERR,ERR,ERR,ERR,ERR,0.0,0.0,0.0,0.0,0.0,1.3936040501711995e+18,7.805,0.0,0,0,4,0,8422,0.0,45,0.0,0.0,0.0,0.0,0.0,0,0,0,0,0.0,0,0,0,0,0,0,0,0,0,0,0,0,0,0,0,0,0,0,0,0,0,0,0,0,0,0,0,0,0,0,0,0,0,38,14,7,45,65476,0,300,0,0,8,21553,0.0,-107605600.0,0.0,0.0,0.0,0.0,0.0,0.0,0.0,0.0,0.0,0.0,0.0,0.0,0.0,0.0,0.0,0.0,0.0,0.0,0.0,0.0,2.004,2.004,-0.0,0.0,0.0,0.0,0.0,0.0,4982.0,0.0,0.0,0.0,0.0,-107615280.0,2.718429300292151e+23,0.0,0.0,0.0,0.0,53,-0.0,-0.0,0.0,0.0,0.0,0.0,0.0,0.0,0.0,0,0,0,0.0,0.0,0.0,0.0,0.0,0.0,0.0,0.0,0.0,0.0,0.0,0.0,0.0,0.0,0.0,0.0,0,-107875648.0,53,0.0,106,-107614832.0,0.0,ERR,ERR,ERR,ERR,ERR,ERR,ERR,ERR,ERR,ERR,ERR,ERR,ERR,ERR,ERR,ERR,ERR,ERR,ERR,ERR,ERR,ERR,ERR,ERR,ERR,ERR,ERR,ERR,ERR,ERR,ERR,ERR,ERR,ERR,ERR,ERR,ERR,ERR,ERR,ERR,ERR,ERR,ERR,ERR,ERR,ERR,ERR,ERR,ERR,ERR,ERR,ERR,ERR,ERR,ERR,ERR,ERR,ERR,ERR,ERR,ERR,ERR,ERR,ERR,ERR,ERR,ERR,50.0,60.0,100,0.0,0.0,0.0,0.0,0.0,0.0,0.0,0.0,0.0,0.0,0.0,0.0,0.0,0.0,0.0,0.0,61.6,73,14,65513,50,65476,0,300,0,0,8,20529,65476,0,0,26214,60.0,0.0,0.0,0.0,0.0,0.0
2026-05-17T18:45:41,ERR,ERR,ERR,ERR,ERR,ERR,ERR,ERR,ERR,ERR,ERR,ERR,ERR,ERR,ERR,ERR,ERR,ERR,ERR,ERR,ERR,ERR,ERR,ERR,ERR,ERR,ERR,ERR,ERR,ERR,ERR,ERR,ERR,ERR,ERR,ERR,ERR,ERR,ERR,ERR,ERR,ERR,ERR,ERR,ERR,ERR,ERR,ERR,ERR,ERR,ERR,ERR,ERR,ERR,ERR,ERR,ERR,ERR,ERR,ERR,ERR,ERR,ERR,ERR,ERR,ERR,ERR,ERR,ERR,ERR,ERR,ERR,ERR,ERR,ERR,ERR,ERR,ERR,ERR,ERR,ERR,ERR,ERR,ERR,ERR,ERR,ERR,ERR,ERR,ERR,ERR,ERR,ERR,ERR,ERR,ERR,ERR,ERR,ERR,ERR,ERR,ERR,ERR,ERR,ERR,ERR,ERR,ERR,ERR,ERR,ERR,ERR,ERR,ERR,ERR,ERR,ERR,ERR,ERR,ERR,ERR,ERR,ERR,ERR,ERR,0.0,0.0,-134474944.0,0.0,0.0,1.3936040501711995e+18,7.805,0.0,0,0,4,0,8422,0.0,45,0.0,0.0,0.0,0.0,0.0,0,0,0,0,0.0,0,0,0,0,0,0,0,0,0,0,0,0,0,0,0,0,0,0,0,0,0,0,0,0,0,0,0,0,0,0,0,0,0,38,14,7,45,65476,0,300,0,0,8,21553,0.0,-107605600.0,0.0,0.0,0.0,0.0,0.0,0.0,0.0,0.0,0.0,0.0,0.0,0.0,0.0,0.0,0.0,0.0,0.0,0.0,0.0,0.0,2.004,2.004,-0.0,0.0,0.0,0.0,0.0,0.0,4983.0,0.0,0.0,0.0,0.0,-107615280.0,2.718429300292151e+23,0.0,0.0,0.0,0.0,53,-0.0,0.059,0.0,0.0,0.0,0.0,0.0,0.0,0.0,0,0,0,0.0,0.0,0.0,0.0,0.0,0.0,0.0,0.0,0.0,0.0,0.0,0.0,0.0,0.0,0.0,0.0,0,-107875648.0,53,0.0,106,-107614832.0,0.0,ERR,ERR,ERR,ERR,ERR,ERR,ERR,ERR,ERR,ERR,ERR,ERR,ERR,ERR,ERR,ERR,ERR,ERR,ERR,ERR,ERR,ERR,ERR,ERR,ERR,ERR,ERR,ERR,ERR,ERR,ERR,ERR,ERR,ERR,ERR,ERR,ERR,ERR,ERR,ERR,ERR,ERR,ERR,ERR,ERR,ERR,ERR,ERR,ERR,ERR,ERR,ERR,ERR,ERR,ERR,ERR,ERR,ERR,ERR,ERR,ERR,ERR,ERR,ERR,ERR,ERR,ERR,50.0,60.0,100,0.0,0.0,0.0,0.0,0.0,0.0,0.0,0.0,0.0,0.0,0.0,0.0,0.0,0.0,0.0,0.0,61.6,73,14,65513,50,65476,0,300,0,0,8,20529,65476,0,0,26214,60.0,0.0,0.0,0.0,0.0,0.0
2026-05-17T18:45:42,ERR,ERR,ERR,ERR,ERR,ERR,ERR,ERR,ERR,ERR,ERR,ERR,ERR,ERR,ERR,ERR,ERR,ERR,ERR,ERR,ERR,ERR,ERR,ERR,ERR,ERR,ERR,ERR,ERR,ERR,ERR,ERR,ERR,ERR,ERR,ERR,ERR,ERR,ERR,ERR,ERR,ERR,ERR,ERR,ERR,ERR,ERR,ERR,ERR,ERR,ERR,ERR,ERR,ERR,ERR,ERR,ERR,ERR,ERR,ERR,ERR,ERR,ERR,ERR,ERR,ERR,ERR,ERR,ERR,ERR,ERR,ERR,ERR,ERR,ERR,ERR,ERR,ERR,ERR,ERR,ERR,ERR,ERR,ERR,ERR,ERR,ERR,ERR,ERR,ERR,ERR,ERR,ERR,ERR,ERR,ERR,ERR,ERR,ERR,ERR,ERR,ERR,ERR,ERR,ERR,ERR,ERR,ERR,ERR,ERR,ERR,ERR,ERR,ERR,ERR,ERR,ERR,ERR,ERR,ERR,ERR,ERR,ERR,ERR,ERR,0.0,0.0,-134474944.0,0.0,0.0,1.3936040501711995e+18,7.805,0.0,0,0,4,0,8422,0.0,45,0.0,0.0,0.0,0.0,0.0,0,0,0,0,0.0,0,0,0,0,0,0,0,0,0,0,0,0,0,0,0,0,0,0,0,0,0,0,0,0,0,0,0,0,0,0,0,0,0,38,14,7,45,65476,0,300,0,0,8,21553,0.0,-107605600.0,0.0,0.0,0.0,0.0,0.0,0.0,0.0,0.0,0.0,0.0,0.0,0.0,0.0,0.0,0.0,0.0,0.0,0.0,0.0,0.0,2.004,2.004,-0.0,0.0,0.0,0.0,0.0,0.0,4983.0,0.0,0.0,0.0,0.0,-107615280.0,2.718429300292151e+23,0.0,0.0,0.0,0.0,53,-0.0,0.059,0.0,0.0,0.0,0.0,0.0,0.0,0.0,0,0,0,0.0,0.0,0.0,0.0,0.0,0.0,0.0,0.0,0.0,0.0,0.0,0.0,0.0,0.0,0.0,0.0,0,-107875648.0,53,0.0,106,-107614832.0,0.0,ERR,ERR,ERR,ERR,ERR,ERR,ERR,ERR,ERR,ERR,ERR,ERR,ERR,ERR,ERR,ERR,ERR,ERR,ERR,ERR,ERR,ERR,ERR,ERR,ERR,ERR,ERR,ERR,ERR,ERR,ERR,ERR,ERR,ERR,ERR,ERR,ERR,ERR,ERR,ERR,ERR,ERR,ERR,ERR,ERR,ERR,ERR,ERR,ERR,ERR,ERR,ERR,ERR,ERR,ERR,ERR,ERR,ERR,ERR,ERR,ERR,ERR,ERR,ERR,ERR,ERR,ERR,50.0,60.0,100,0.0,0.0,0.0,0.0,0.0,0.0,0.0,0.0,0.0,0.0,0.0,0.0,0.0,0.0,0.0,0.0,61.6,73,14,65513,50,65476,0,300,0,0,8,20529,65476,0,0,26214,60.0,0.0,0.0,0.0,0.0,0.0
2026-05-17T18:45:43,ERR,ERR,ERR,ERR,ERR,ERR,ERR,ERR,ERR,ERR,ERR,ERR,ERR,ERR,ERR,ERR,ERR,ERR,ERR,ERR,ERR,ERR,ERR,ERR,ERR,ERR,ERR,ERR,ERR,ERR,ERR,ERR,ERR,ERR,ERR,ERR,ERR,ERR,ERR,ERR,ERR,ERR,ERR,ERR,ERR,ERR,ERR,ERR,ERR,ERR,ERR,ERR,ERR,ERR,ERR,ERR,ERR,ERR,ERR,ERR,ERR,ERR,ERR,ERR,ERR,ERR,ERR,ERR,ERR,ERR,ERR,ERR,ERR,ERR,ERR,ERR,ERR,ERR,ERR,ERR,ERR,ERR,ERR,ERR,ERR,ERR,ERR,ERR,ERR,ERR,ERR,ERR,ERR,ERR,ERR,ERR,ERR,ERR,ERR,ERR,ERR,ERR,ERR,ERR,ERR,ERR,ERR,ERR,ERR,ERR,ERR,ERR,ERR,ERR,ERR,ERR,ERR,ERR,ERR,ERR,ERR,ERR,ERR,ERR,ERR,0.0,0.0,-134474944.0,0.0,0.0,1.3936040501711995e+18,7.805,0.0,0,0,4,0,8422,0.0,45,0.0,0.0,0.0,0.0,0.0,0,0,0,0,0.0,0,0,0,0,0,0,0,0,0,0,0,0,0,0,0,0,0,0,0,0,0,0,0,0,0,0,0,0,0,0,0,0,0,38,14,7,45,65476,0,300,0,0,8,21553,0.0,-107605600.0,0.0,0.0,0.0,0.0,0.0,0.0,0.0,0.0,0.0,0.0,0.0,0.0,0.0,0.0,0.0,0.0,0.0,0.0,0.0,0.0,2.004,2.004,-0.0,0.0,0.0,0.0,0.0,0.0,4983.0,0.0,0.0,0.0,0.0,-107615280.0,2.718429300292151e+23,0.0,0.0,0.0,0.0,53,-0.0,0.059,0.0,0.0,0.0,0.0,0.0,0.0,0.0,0,0,0,0.0,0.0,0.0,0.0,0.0,0.0,0.0,0.0,0.0,0.0,0.0,0.0,0.0,0.0,0.0,0.0,0,-107875648.0,53,0.0,106,-107614832.0,0.0,ERR,ERR,ERR,ERR,ERR,ERR,ERR,ERR,ERR,ERR,ERR,ERR,ERR,ERR,ERR,ERR,ERR,ERR,ERR,ERR,ERR,ERR,ERR,ERR,ERR,ERR,ERR,ERR,ERR,ERR,ERR,ERR,ERR,ERR,ERR,ERR,ERR,ERR,ERR,ERR,ERR,ERR,ERR,ERR,ERR,ERR,ERR,ERR,ERR,ERR,ERR,ERR,ERR,ERR,ERR,ERR,ERR,ERR,ERR,ERR,ERR,ERR,ERR,ERR,ERR,ERR,ERR,50.0,60.0,100,0.0,0.0,0.0,0.0,0.0,0.0,0.0,0.0,0.0,0.0,0.0,0.0,0.0,0.0,0.0,0.0,61.6,73,14,65513,50,65476,0,300,0,0,8,20529,65476,0,0,26214,60.0,0.0,0.0,0.0,0.0,0.0
2026-05-17T18:45:44,ERR,ERR,ERR,ERR,ERR,ERR,ERR,ERR,ERR,ERR,ERR,ERR,ERR,ERR,ERR,ERR,ERR,ERR,ERR,ERR,ERR,ERR,ERR,ERR,ERR,ERR,ERR,ERR,ERR,ERR,ERR,ERR,ERR,ERR,ERR,ERR,ERR,ERR,ERR,ERR,ERR,ERR,ERR,ERR,ERR,ERR,ERR,ERR,ERR,ERR,ERR,ERR,ERR,ERR,ERR,ERR,ERR,ERR,ERR,ERR,ERR,ERR,ERR,ERR,ERR,ERR,ERR,ERR,ERR,ERR,ERR,ERR,ERR,ERR,ERR,ERR,ERR,ERR,ERR,ERR,ERR,ERR,ERR,ERR,ERR,ERR,ERR,ERR,ERR,ERR,ERR,ERR,ERR,ERR,ERR,ERR,ERR,ERR,ERR,ERR,ERR,ERR,ERR,ERR,ERR,ERR,ERR,ERR,ERR,ERR,ERR,ERR,ERR,ERR,ERR,ERR,ERR,ERR,ERR,ERR,ERR,ERR,ERR,ERR,ERR,0.0,0.0,-134474944.0,0.0,0.0,1.3936040501711995e+18,7.805,0.0,0,0,4,0,8422,0.0,45,0.0,0.0,0.0,0.0,0.0,0,0,0,0,0.0,0,0,0,0,0,0,0,0,0,0,0,0,0,0,0,0,0,0,0,0,0,0,0,0,0,0,0,0,0,0,0,0,0,38,14,7,45,65476,0,300,0,0,8,21553,0.0,-107605600.0,0.0,0.0,0.0,0.0,0.0,0.0,0.0,0.0,0.0,0.0,0.0,0.0,0.0,0.0,0.0,0.0,0.0,0.0,0.0,0.0,2.004,2.004,-0.0,0.0,0.0,0.0,0.0,0.0,4983.0,0.0,0.0,0.0,0.0,-107615280.0,2.718429300292151e+23,0.0,0.0,0.0,0.0,53,-0.0,0.059,0.0,0.0,0.0,0.0,0.0,0.0,0.0,0,0,0,0.0,0.0,0.0,0.0,0.0,0.0,0.0,0.0,0.0,0.0,0.0,0.0,0.0,0.0,0.0,0.0,0,-107875648.0,53,0.0,106,-107614832.0,0.0,ERR,ERR,ERR,ERR,ERR,ERR,ERR,ERR,ERR,ERR,ERR,ERR,ERR,ERR,ERR,ERR,ERR,ERR,ERR,ERR,ERR,ERR,ERR,ERR,ERR,ERR,ERR,ERR,ERR,ERR,ERR,ERR,ERR,ERR,ERR,ERR,ERR,ERR,ERR,ERR,ERR,ERR,ERR,ERR,ERR,ERR,ERR,ERR,ERR,ERR,ERR,ERR,ERR,ERR,ERR,ERR,ERR,ERR,ERR,ERR,ERR,ERR,ERR,ERR,ERR,ERR,ERR,50.0,60.0,100,0.0,0.0,0.0,0.0,0.0,0.0,0.0,0.0,0.0,0.0,0.0,0.0,0.0,0.0,0.0,0.0,62.0,73,14,65513,50,65476,0,300,0,0,8,20529,65476,0,0,26214,60.0,0.0,0.0,0.0,0.0,0.0
2026-05-17T18:45:45,ERR,ERR,ERR,ERR,ERR,ERR,ERR,ERR,ERR,ERR,ERR,ERR,ERR,ERR,ERR,ERR,ERR,ERR,ERR,ERR,ERR,ERR,ERR,ERR,ERR,ERR,ERR,ERR,ERR,ERR,ERR,ERR,ERR,ERR,ERR,ERR,ERR,ERR,ERR,ERR,ERR,ERR,ERR,ERR,ERR,ERR,ERR,ERR,ERR,ERR,ERR,ERR,ERR,ERR,ERR,ERR,ERR,ERR,ERR,ERR,ERR,ERR,ERR,ERR,ERR,ERR,ERR,ERR,ERR,ERR,ERR,ERR,ERR,ERR,ERR,ERR,ERR,ERR,ERR,ERR,ERR,ERR,ERR,ERR,ERR,ERR,ERR,ERR,ERR,ERR,ERR,ERR,ERR,ERR,ERR,ERR,ERR,ERR,ERR,ERR,ERR,ERR,ERR,ERR,ERR,ERR,ERR,ERR,ERR,ERR,ERR,ERR,ERR,ERR,ERR,ERR,ERR,ERR,ERR,ERR,ERR,ERR,ERR,ERR,ERR,0.0,0.0,-134474944.0,0.0,0.0,1.3936040501711995e+18,7.805,0.0,0,0,4,0,8422,0.0,45,0.0,0.0,0.0,0.0,0.0,0,0,0,0,0.0,0,0,0,0,0,0,0,0,0,0,0,0,0,0,0,0,0,0,0,0,0,0,0,0,0,0,0,0,0,0,0,0,0,38,14,7,45,65476,0,300,0,0,8,21553,0.0,-107605600.0,0.0,0.0,0.0,0.0,0.0,0.0,0.0,0.0,0.0,0.0,0.0,0.0,0.0,0.0,0.0,0.0,0.0,0.0,0.0,0.0,2.004,2.004,-0.0,0.0,0.0,0.0,0.0,0.0,4983.0,0.0,0.0,0.0,0.0,-107615280.0,2.718429300292151e+23,0.0,0.0,0.0,0.0,53,-0.0,0.059,0.0,0.0,0.0,0.0,0.0,0.0,0.0,0,0,0,0.0,0.0,0.0,0.0,0.0,0.0,0.0,0.0,0.0,0.0,0.0,0.0,0.0,0.0,0.0,0.0,0,-107875648.0,53,0.0,106,-107614832.0,0.0,ERR,ERR,ERR,ERR,ERR,ERR,ERR,ERR,ERR,ERR,ERR,ERR,ERR,ERR,ERR,ERR,ERR,ERR,ERR,ERR,ERR,ERR,ERR,ERR,ERR,ERR,ERR,ERR,ERR,ERR,ERR,ERR,ERR,ERR,ERR,ERR,ERR,ERR,ERR,ERR,ERR,ERR,ERR,ERR,ERR,ERR,ERR,ERR,ERR,ERR,ERR,ERR,ERR,ERR,ERR,ERR,ERR,ERR,ERR,ERR,ERR,ERR,ERR,ERR,ERR,ERR,ERR,50.0,60.0,100,0.0,0.0,0.0,0.0,0.0,0.0,0.0,0.0,0.0,0.0,0.0,0.0,0.0,0.0,0.0,0.0,62.0,73,14,65513,50,65476,0,300,0,0,8,20529,65476,0,0,26214,60.0,0.0,0.0,0.0,0.0,0.0
2026-05-17T18:45:46,ERR,ERR,ERR,ERR,ERR,ERR,ERR,ERR,ERR,ERR,ERR,ERR,ERR,ERR,ERR,ERR,ERR,ERR,ERR,ERR,ERR,ERR,ERR,ERR,ERR,ERR,ERR,ERR,ERR,ERR,ERR,ERR,ERR,ERR,ERR,ERR,ERR,ERR,ERR,ERR,ERR,ERR,ERR,ERR,ERR,ERR,ERR,ERR,ERR,ERR,ERR,ERR,ERR,ERR,ERR,ERR,ERR,ERR,ERR,ERR,ERR,ERR,ERR,ERR,ERR,ERR,ERR,ERR,ERR,ERR,ERR,ERR,ERR,ERR,ERR,ERR,ERR,ERR,ERR,ERR,ERR,ERR,ERR,ERR,ERR,ERR,ERR,ERR,ERR,ERR,ERR,ERR,ERR,ERR,ERR,ERR,ERR,ERR,ERR,ERR,ERR,ERR,ERR,ERR,ERR,ERR,ERR,ERR,ERR,ERR,ERR,ERR,ERR,ERR,ERR,ERR,ERR,ERR,ERR,ERR,ERR,ERR,ERR,ERR,ERR,0.0,0.0,-134474944.0,0.0,0.0,1.3936040501711995e+18,7.805,0.0,0,0,4,0,8422,0.0,45,0.0,0.0,0.0,0.0,0.0,0,0,0,0,0.0,0,0,0,0,0,0,0,0,0,0,0,0,0,0,0,0,0,0,0,0,0,0,0,0,0,0,0,0,0,0,0,0,0,38,14,7,45,65476,0,300,0,0,8,21553,0.0,-107605600.0,0.0,0.0,0.0,0.0,0.0,0.0,0.0,0.0,0.0,0.0,0.0,0.0,0.0,0.0,0.0,0.0,0.0,0.0,0.0,0.0,2.004,2.004,-0.0,0.0,0.0,0.0,0.0,0.0,4983.0,0.0,0.0,0.0,0.0,-107615280.0,2.718429300292151e+23,0.0,0.0,0.0,0.0,53,-0.0,0.059,0.0,0.0,0.0,0.0,0.0,0.0,0.0,0,0,0,0.0,0.0,0.0,0.0,0.0,0.0,0.0,0.0,0.0,0.0,0.0,0.0,0.0,0.0,0.0,0.0,0,-107875648.0,53,0.0,106,-107614832.0,0.0,ERR,ERR,ERR,ERR,ERR,ERR,ERR,ERR,ERR,ERR,ERR,ERR,ERR,ERR,ERR,ERR,ERR,ERR,ERR,ERR,ERR,ERR,ERR,ERR,ERR,ERR,ERR,ERR,ERR,ERR,ERR,ERR,ERR,ERR,ERR,ERR,ERR,ERR,ERR,ERR,ERR,ERR,ERR,ERR,ERR,ERR,ERR,ERR,ERR,ERR,ERR,ERR,ERR,ERR,ERR,ERR,ERR,ERR,ERR,ERR,ERR,ERR,ERR,ERR,ERR,ERR,ERR,50.0,60.0,100,0.0,0.0,0.0,0.0,0.0,0.0,0.0,0.0,0.0,0.0,0.0,0.0,0.0,0.0,0.0,0.0,61.6,73,14,65513,50,65476,0,300,0,0,8,20529,65476,0,0,26214,60.0,0.0,0.0,0.0,0.0,0.0
2026-05-17T18:45:47,ERR,ERR,ERR,ERR,ERR,ERR,ERR,ERR,ERR,ERR,ERR,ERR,ERR,ERR,ERR,ERR,ERR,ERR,ERR,ERR,ERR,ERR,ERR,ERR,ERR,ERR,ERR,ERR,ERR,ERR,ERR,ERR,ERR,ERR,ERR,ERR,ERR,ERR,ERR,ERR,ERR,ERR,ERR,ERR,ERR,ERR,ERR,ERR,ERR,ERR,ERR,ERR,ERR,ERR,ERR,ERR,ERR,ERR,ERR,ERR,ERR,ERR,ERR,ERR,ERR,ERR,ERR,ERR,ERR,ERR,ERR,ERR,ERR,ERR,ERR,ERR,ERR,ERR,ERR,ERR,ERR,ERR,ERR,ERR,ERR,ERR,ERR,ERR,ERR,ERR,ERR,ERR,ERR,ERR,ERR,ERR,ERR,ERR,ERR,ERR,ERR,ERR,ERR,ERR,ERR,ERR,ERR,ERR,ERR,ERR,ERR,ERR,ERR,ERR,ERR,ERR,ERR,ERR,ERR,ERR,ERR,ERR,ERR,ERR,ERR,0.0,0.0,-134474944.0,0.0,0.0,1.3936040501711995e+18,7.805,0.0,0,0,4,0,8422,0.0,45,0.0,0.0,0.0,0.0,0.0,0,0,0,0,0.0,0,0,0,0,0,0,0,0,0,0,0,0,0,0,0,0,0,0,0,0,0,0,0,0,0,0,0,0,0,0,0,0,0,38,14,7,45,65476,0,300,0,0,8,21553,0.0,-107605600.0,0.0,0.0,0.0,0.0,0.0,0.0,0.0,0.0,0.0,0.0,0.0,0.0,0.0,0.0,0.0,0.0,0.0,0.0,0.0,0.0,2.004,2.004,-0.0,0.0,0.0,0.0,0.0,0.0,4952.0,-564145699160064.0,0.0,0.0,0.0,-107615280.0,2.718429300292151e+23,0.0,0.0,0.0,0.0,53,-0.0,0.0,0.0,0.0,0.0,0.0,0.0,0.0,0.0,0,0,0,0.0,0.0,0.0,0.0,0.0,0.0,0.0,0.0,0.0,0.0,0.0,0.0,0.0,0.0,0.0,0.0,0,-107875648.0,53,0.0,106,-107614832.0,0.0,ERR,ERR,ERR,ERR,ERR,ERR,ERR,ERR,ERR,ERR,ERR,ERR,ERR,ERR,ERR,ERR,ERR,ERR,ERR,ERR,ERR,ERR,ERR,ERR,ERR,ERR,ERR,ERR,ERR,ERR,ERR,ERR,ERR,ERR,ERR,ERR,ERR,ERR,ERR,ERR,ERR,ERR,ERR,ERR,ERR,ERR,ERR,ERR,ERR,ERR,ERR,ERR,ERR,ERR,ERR,ERR,ERR,ERR,ERR,ERR,ERR,ERR,ERR,ERR,ERR,ERR,ERR,50.0,60.0,100,0.0,0.0,0.0,0.0,0.0,0.0,0.0,0.0,0.0,0.0,0.0,0.0,0.0,0.0,0.0,0.0,61.6,73,14,65513,50,65476,0,300,0,0,8,20529,65476,0,0,26214,60.0,0.0,0.0,0.0,0.0,0.0
2026-05-17T18:45:48,ERR,ERR,ERR,ERR,ERR,ERR,ERR,ERR,ERR,ERR,ERR,ERR,ERR,ERR,ERR,ERR,ERR,ERR,ERR,ERR,ERR,ERR,ERR,ERR,ERR,ERR,ERR,ERR,ERR,ERR,ERR,ERR,ERR,ERR,ERR,ERR,ERR,ERR,ERR,ERR,ERR,ERR,ERR,ERR,ERR,ERR,ERR,ERR,ERR,ERR,ERR,ERR,ERR,ERR,ERR,ERR,ERR,ERR,ERR,ERR,ERR,ERR,ERR,ERR,ERR,ERR,ERR,ERR,ERR,ERR,ERR,ERR,ERR,ERR,ERR,ERR,ERR,ERR,ERR,ERR,ERR,ERR,ERR,ERR,ERR,ERR,ERR,ERR,ERR,ERR,ERR,ERR,ERR,ERR,ERR,ERR,ERR,ERR,ERR,ERR,ERR,ERR,ERR,ERR,ERR,ERR,ERR,ERR,ERR,ERR,ERR,ERR,ERR,ERR,ERR,ERR,ERR,ERR,ERR,ERR,ERR,ERR,ERR,ERR,ERR,0.0,0.0,-134474944.0,0.0,0.0,1.3936040501711995e+18,7.805,0.0,0,0,4,0,8422,0.0,45,0.0,0.0,0.0,0.0,0.0,0,0,0,0,0.0,0,0,0,0,0,0,0,0,0,0,0,0,0,0,0,0,0,0,0,0,0,0,0,0,0,0,0,0,0,0,0,0,0,38,14,7,45,65476,0,300,0,0,8,21553,0.0,-107605600.0,0.0,0.0,0.0,0.0,0.0,0.0,0.0,0.0,0.0,0.0,0.0,0.0,0.0,0.0,0.0,0.0,0.0,0.0,0.0,0.0,2.004,2.004,-0.0,0.0,0.0,0.0,0.0,0.0,4952.0,-564145699160064.0,0.0,0.0,0.0,-107615280.0,2.718429300292151e+23,0.0,0.0,0.0,0.0,53,-0.0,0.0,0.0,0.0,0.0,0.0,0.0,0.0,0.0,0,0,0,0.0,0.0,0.0,0.0,0.0,0.0,0.0,0.0,0.0,0.0,0.0,0.0,0.0,0.0,0.0,0.0,0,-107875648.0,53,0.0,106,-107614832.0,0.0,ERR,ERR,ERR,ERR,ERR,ERR,ERR,ERR,ERR,ERR,ERR,ERR,ERR,ERR,ERR,ERR,ERR,ERR,ERR,ERR,ERR,ERR,ERR,ERR,ERR,ERR,ERR,ERR,ERR,ERR,ERR,ERR,ERR,ERR,ERR,ERR,ERR,ERR,ERR,ERR,ERR,ERR,ERR,ERR,ERR,ERR,ERR,ERR,ERR,ERR,ERR,ERR,ERR,ERR,ERR,ERR,ERR,ERR,ERR,ERR,ERR,ERR,ERR,ERR,ERR,ERR,ERR,50.0,60.0,100,0.0,0.0,0.0,0.0,0.0,0.0,0.0,0.0,0.0,0.0,0.0,0.0,0.0,0.0,0.0,0.0,61.6,73,14,65513,50,65476,0,300,0,0,8,20529,65476,0,0,26214,60.0,0.0,0.0,0.0,0.0,0.0
2026-05-17T18:45:49,ERR,ERR,ERR,ERR,ERR,ERR,ERR,ERR,ERR,ERR,ERR,ERR,ERR,ERR,ERR,ERR,ERR,ERR,ERR,ERR,ERR,ERR,ERR,ERR,ERR,ERR,ERR,ERR,ERR,ERR,ERR,ERR,ERR,ERR,ERR,ERR,ERR,ERR,ERR,ERR,ERR,ERR,ERR,ERR,ERR,ERR,ERR,ERR,ERR,ERR,ERR,ERR,ERR,ERR,ERR,ERR,ERR,ERR,ERR,ERR,ERR,ERR,ERR,ERR,ERR,ERR,ERR,ERR,ERR,ERR,ERR,ERR,ERR,ERR,ERR,ERR,ERR,ERR,ERR,ERR,ERR,ERR,ERR,ERR,ERR,ERR,ERR,ERR,ERR,ERR,ERR,ERR,ERR,ERR,ERR,ERR,ERR,ERR,ERR,ERR,ERR,ERR,ERR,ERR,ERR,ERR,ERR,ERR,ERR,ERR,ERR,ERR,ERR,ERR,ERR,ERR,ERR,ERR,ERR,ERR,ERR,ERR,ERR,ERR,ERR,0.0,0.0,-134474944.0,0.0,0.0,1.3936040501711995e+18,7.805,0.0,0,0,4,0,8422,0.0,45,0.0,0.0,0.0,0.0,0.0,0,0,0,0,0.0,0,0,0,0,0,0,0,0,0,0,0,0,0,0,0,0,0,0,0,0,0,0,0,0,0,0,0,0,0,0,0,0,0,38,14,7,45,65476,0,300,0,0,8,21553,0.0,-107605600.0,0.0,0.0,0.0,0.0,0.0,0.0,0.0,0.0,0.0,0.0,0.0,0.0,0.0,0.0,0.0,0.0,0.0,0.0,0.0,0.0,2.004,2.004,-0.0,0.0,0.0,0.0,0.0,0.0,4952.0,-564145699160064.0,0.0,0.0,0.0,-107615280.0,2.718429300292151e+23,0.0,0.0,0.0,0.0,53,-0.0,0.0,0.0,0.0,0.0,0.0,0.0,0.0,0.0,0,0,0,0.0,0.0,0.0,0.0,0.0,0.0,0.0,0.0,0.0,0.0,0.0,0.0,0.0,0.0,0.0,0.0,0,-107875648.0,53,0.0,106,-107614832.0,0.0,ERR,ERR,ERR,ERR,ERR,ERR,ERR,ERR,ERR,ERR,ERR,ERR,ERR,ERR,ERR,ERR,ERR,ERR,ERR,ERR,ERR,ERR,ERR,ERR,ERR,ERR,ERR,ERR,ERR,ERR,ERR,ERR,ERR,ERR,ERR,ERR,ERR,ERR,ERR,ERR,ERR,ERR,ERR,ERR,ERR,ERR,ERR,ERR,ERR,ERR,ERR,ERR,ERR,ERR,ERR,ERR,ERR,ERR,ERR,ERR,ERR,ERR,ERR,ERR,ERR,ERR,ERR,50.0,60.0,100,0.0,0.0,0.0,0.0,0.0,0.0,0.0,0.0,0.0,0.0,0.0,0.0,0.0,0.0,0.0,0.0,61.6,73,14,65513,50,65476,0,300,0,0,8,20529,65476,0,0,26214,60.0,0.0,0.0,0.0,0.0,0.0
2026-05-17T18:45:50,ERR,ERR,ERR,ERR,ERR,ERR,ERR,ERR,ERR,ERR,ERR,ERR,ERR,ERR,ERR,ERR,ERR,ERR,ERR,ERR,ERR,ERR,ERR,ERR,ERR,ERR,ERR,ERR,ERR,ERR,ERR,ERR,ERR,ERR,ERR,ERR,ERR,ERR,ERR,ERR,ERR,ERR,ERR,ERR,ERR,ERR,ERR,ERR,ERR,ERR,ERR,ERR,ERR,ERR,ERR,ERR,ERR,ERR,ERR,ERR,ERR,ERR,ERR,ERR,ERR,ERR,ERR,ERR,ERR,ERR,ERR,ERR,ERR,ERR,ERR,ERR,ERR,ERR,ERR,ERR,ERR,ERR,ERR,ERR,ERR,ERR,ERR,ERR,ERR,ERR,ERR,ERR,ERR,ERR,ERR,ERR,ERR,ERR,ERR,ERR,ERR,ERR,ERR,ERR,ERR,ERR,ERR,ERR,ERR,ERR,ERR,ERR,ERR,ERR,ERR,ERR,ERR,ERR,ERR,ERR,ERR,ERR,ERR,ERR,ERR,0.0,0.0,-134474944.0,0.0,0.0,1.3936040501711995e+18,7.805,0.0,0,0,4,0,8422,0.0,45,0.0,0.0,0.0,0.0,0.0,0,0,0,0,0.0,0,0,0,0,0,0,0,0,0,0,0,0,0,0,0,0,0,0,0,0,0,0,0,0,0,0,0,0,0,0,0,0,0,38,14,7,45,65476,0,300,0,0,8,21553,0.0,-107605600.0,0.0,0.0,0.0,0.0,0.0,0.0,0.0,0.0,0.0,0.0,0.0,0.0,0.0,0.0,0.0,0.0,0.0,0.0,0.0,0.0,2.004,2.004,-0.0,0.0,0.0,0.0,0.0,0.0,4952.0,-564145699160064.0,0.0,0.0,0.0,-107615280.0,2.718429300292151e+23,0.0,0.0,0.0,0.0,53,-0.0,0.0,0.0,0.0,0.0,0.0,0.0,0.0,0.0,0,0,0,0.0,0.0,0.0,0.0,0.0,0.0,0.0,0.0,0.0,0.0,0.0,0.0,0.0,0.0,0.0,0.0,0,-107875648.0,53,0.0,106,-107614832.0,0.0,ERR,ERR,ERR,ERR,ERR,ERR,ERR,ERR,ERR,ERR,ERR,ERR,ERR,ERR,ERR,ERR,ERR,ERR,ERR,ERR,ERR,ERR,ERR,ERR,ERR,ERR,ERR,ERR,ERR,ERR,ERR,ERR,ERR,ERR,ERR,ERR,ERR,ERR,ERR,ERR,ERR,ERR,ERR,ERR,ERR,ERR,ERR,ERR,ERR,ERR,ERR,ERR,ERR,ERR,ERR,ERR,ERR,ERR,ERR,ERR,ERR,ERR,ERR,ERR,ERR,ERR,ERR,50.0,60.0,100,0.0,0.0,0.0,0.0,0.0,0.0,0.0,0.0,0.0,0.0,0.0,0.0,0.0,0.0,0.0,0.0,61.6,73,14,65513,50,65476,0,300,0,0,8,20529,65476,0,0,26214,60.0,0.0,0.0,0.0,0.0,0.0
2026-05-17T18:45:51,ERR,ERR,ERR,ERR,ERR,ERR,ERR,ERR,ERR,ERR,ERR,ERR,ERR,ERR,ERR,ERR,ERR,ERR,ERR,ERR,ERR,ERR,ERR,ERR,ERR,ERR,ERR,ERR,ERR,ERR,ERR,ERR,ERR,ERR,ERR,ERR,ERR,ERR,ERR,ERR,ERR,ERR,ERR,ERR,ERR,ERR,ERR,ERR,ERR,ERR,ERR,ERR,ERR,ERR,ERR,ERR,ERR,ERR,ERR,ERR,ERR,ERR,ERR,ERR,ERR,ERR,ERR,ERR,ERR,ERR,ERR,ERR,ERR,ERR,ERR,ERR,ERR,ERR,ERR,ERR,ERR,ERR,ERR,ERR,ERR,ERR,ERR,ERR,ERR,ERR,ERR,ERR,ERR,ERR,ERR,ERR,ERR,ERR,ERR,ERR,ERR,ERR,ERR,ERR,ERR,ERR,ERR,ERR,ERR,ERR,ERR,ERR,ERR,ERR,ERR,ERR,ERR,ERR,ERR,ERR,ERR,ERR,ERR,ERR,ERR,0.0,0.0,-134474944.0,0.0,0.0,1.3936040501711995e+18,7.805,0.0,0,0,4,0,8422,0.0,45,0.0,0.0,0.0,0.0,0.0,0,0,0,0,0.0,0,0,0,0,0,0,0,0,0,0,0,0,0,0,0,0,0,0,0,0,0,0,0,0,0,0,0,0,0,0,0,0,0,38,14,7,45,65476,0,300,0,0,8,21553,0.0,-107605600.0,0.0,0.0,0.0,0.0,0.0,0.0,0.0,0.0,0.0,0.0,0.0,0.0,0.0,0.0,0.0,0.0,0.0,0.0,0.0,0.0,2.004,2.004,-0.0,0.0,0.0,0.0,0.0,0.0,4952.0,-564145699160064.0,0.0,0.0,0.0,-107615280.0,2.718429300292151e+23,0.0,0.0,0.0,0.0,53,-0.0,0.0,0.0,0.0,0.0,0.0,0.0,0.0,0.0,0,0,0,0.0,0.0,0.0,0.0,0.0,0.0,0.0,0.0,0.0,0.0,0.0,0.0,0.0,0.0,0.0,0.0,0,-107875648.0,53,0.0,106,-107614832.0,0.0,ERR,ERR,ERR,ERR,ERR,ERR,ERR,ERR,ERR,ERR,ERR,ERR,ERR,ERR,ERR,ERR,ERR,ERR,ERR,ERR,ERR,ERR,ERR,ERR,ERR,ERR,ERR,ERR,ERR,ERR,ERR,ERR,ERR,ERR,ERR,ERR,ERR,ERR,ERR,ERR,ERR,ERR,ERR,ERR,ERR,ERR,ERR,ERR,ERR,ERR,ERR,ERR,ERR,ERR,ERR,ERR,ERR,ERR,ERR,ERR,ERR,ERR,ERR,ERR,ERR,ERR,ERR,50.0,60.0,100,0.0,0.0,0.0,0.0,0.0,0.0,0.0,0.0,0.0,0.0,0.0,0.0,0.0,0.0,0.0,0.0,61.6,73,14,65513,50,65476,0,300,0,0,8,20529,65476,0,0,26214,60.0,0.0,0.0,0.0,0.0,0.0
2026-05-17T18:45:52,ERR,ERR,ERR,ERR,ERR,ERR,ERR,ERR,ERR,ERR,ERR,ERR,ERR,ERR,ERR,ERR,ERR,ERR,ERR,ERR,ERR,ERR,ERR,ERR,ERR,ERR,ERR,ERR,ERR,ERR,ERR,ERR,ERR,ERR,ERR,ERR,ERR,ERR,ERR,ERR,ERR,ERR,ERR,ERR,ERR,ERR,ERR,ERR,ERR,ERR,ERR,ERR,ERR,ERR,ERR,ERR,ERR,ERR,ERR,ERR,ERR,ERR,ERR,ERR,ERR,ERR,ERR,ERR,ERR,ERR,ERR,ERR,ERR,ERR,ERR,ERR,ERR,ERR,ERR,ERR,ERR,ERR,ERR,ERR,ERR,ERR,ERR,ERR,ERR,ERR,ERR,ERR,ERR,ERR,ERR,ERR,ERR,ERR,ERR,ERR,ERR,ERR,ERR,ERR,ERR,ERR,ERR,ERR,ERR,ERR,ERR,ERR,ERR,ERR,ERR,ERR,ERR,ERR,ERR,ERR,ERR,ERR,ERR,ERR,ERR,0.0,0.0,-134474944.0,0.0,0.0,1.3936040501711995e+18,7.805,0.0,0,0,4,0,8422,0.0,45,0.0,0.0,0.0,0.0,0.0,0,0,0,0,0.0,0,0,0,0,0,0,0,0,0,0,0,0,0,0,0,0,0,0,0,0,0,0,0,0,0,0,0,0,0,0,0,0,0,38,14,7,45,65476,0,300,0,0,8,21553,0.0,-107605600.0,0.0,0.0,0.0,0.0,0.0,0.0,0.0,0.0,0.0,0.0,0.0,0.0,0.0,0.0,0.0,0.0,0.0,0.0,0.0,0.0,2.004,2.004,-0.0,0.0,0.0,0.0,0.0,0.0,4956.0,-0.0,0.0,0.0,0.0,-107615280.0,2.718429300292151e+23,0.0,0.0,0.0,0.0,53,-0.0,-0.0,0.0,0.0,0.0,0.0,0.0,0.0,0.0,0,0,0,0.0,0.0,0.0,0.0,0.0,0.0,0.0,0.0,0.0,0.0,0.0,0.0,0.0,0.0,0.0,0.0,0,-107875648.0,53,0.0,106,-107614832.0,0.0,ERR,ERR,ERR,ERR,ERR,ERR,ERR,ERR,ERR,ERR,ERR,ERR,ERR,ERR,ERR,ERR,ERR,ERR,ERR,ERR,ERR,ERR,ERR,ERR,ERR,ERR,ERR,ERR,ERR,ERR,ERR,ERR,ERR,ERR,ERR,ERR,ERR,ERR,ERR,ERR,ERR,ERR,ERR,ERR,ERR,ERR,ERR,ERR,ERR,ERR,ERR,ERR,ERR,ERR,ERR,ERR,ERR,ERR,ERR,ERR,ERR,ERR,ERR,ERR,ERR,ERR,ERR,50.0,60.0,100,0.0,0.0,0.0,0.0,0.0,0.0,0.0,0.0,0.0,0.0,0.0,0.0,0.0,0.0,0.0,0.0,61.6,73,14,65513,50,65476,0,300,0,0,8,20529,65476,0,0,26214,60.0,0.0,0.0,0.0,0.0,0.0
2026-05-17T18:45:53,ERR,ERR,ERR,ERR,ERR,ERR,ERR,ERR,ERR,ERR,ERR,ERR,ERR,ERR,ERR,ERR,ERR,ERR,ERR,ERR,ERR,ERR,ERR,ERR,ERR,ERR,ERR,ERR,ERR,ERR,ERR,ERR,ERR,ERR,ERR,ERR,ERR,ERR,ERR,ERR,ERR,ERR,ERR,ERR,ERR,ERR,ERR,ERR,ERR,ERR,ERR,ERR,ERR,ERR,ERR,ERR,ERR,ERR,ERR,ERR,ERR,ERR,ERR,ERR,ERR,ERR,ERR,ERR,ERR,ERR,ERR,ERR,ERR,ERR,ERR,ERR,ERR,ERR,ERR,ERR,ERR,ERR,ERR,ERR,ERR,ERR,ERR,ERR,ERR,ERR,ERR,ERR,ERR,ERR,ERR,ERR,ERR,ERR,ERR,ERR,ERR,ERR,ERR,ERR,ERR,ERR,ERR,ERR,ERR,ERR,ERR,ERR,ERR,ERR,ERR,ERR,ERR,ERR,ERR,ERR,ERR,ERR,ERR,ERR,ERR,0.0,0.0,-134474944.0,0.0,0.0,1.3936040501711995e+18,7.805,0.0,0,0,4,0,8422,0.0,45,0.0,0.0,0.0,0.0,0.0,0,0,0,0,0.0,0,0,0,0,0,0,0,0,0,0,0,0,0,0,0,0,0,0,0,0,0,0,0,0,0,0,0,0,0,0,0,0,0,38,14,7,45,65476,0,300,0,0,8,21553,0.0,-107605600.0,0.0,0.0,0.0,0.0,0.0,0.0,0.0,0.0,0.0,0.0,0.0,0.0,0.0,0.0,0.0,0.0,0.0,0.0,0.0,0.0,2.004,2.004,-0.0,0.0,0.0,0.0,0.0,0.0,4956.0,-0.0,0.0,0.0,0.0,-107615280.0,2.718429300292151e+23,0.0,0.0,0.0,0.0,53,-0.0,-0.0,0.0,0.0,0.0,0.0,0.0,0.0,0.0,0,0,0,0.0,0.0,0.0,0.0,0.0,0.0,0.0,0.0,0.0,0.0,0.0,0.0,0.0,0.0,0.0,0.0,0,-107875648.0,53,0.0,106,-107614832.0,0.0,ERR,ERR,ERR,ERR,ERR,ERR,ERR,ERR,ERR,ERR,ERR,ERR,ERR,ERR,ERR,ERR,ERR,ERR,ERR,ERR,ERR,ERR,ERR,ERR,ERR,ERR,ERR,ERR,ERR,ERR,ERR,ERR,ERR,ERR,ERR,ERR,ERR,ERR,ERR,ERR,ERR,ERR,ERR,ERR,ERR,ERR,ERR,ERR,ERR,ERR,ERR,ERR,ERR,ERR,ERR,ERR,ERR,ERR,ERR,ERR,ERR,ERR,ERR,ERR,ERR,ERR,ERR,50.0,60.0,100,0.0,0.0,0.0,0.0,0.0,0.0,0.0,0.0,0.0,0.0,0.0,0.0,0.0,0.0,0.0,0.0,61.6,73,14,65513,50,65476,0,300,0,0,8,20529,65476,0,0,26214,60.0,0.0,0.0,0.0,0.0,0.0
2026-05-17T18:45:54,ERR,ERR,ERR,ERR,ERR,ERR,ERR,ERR,ERR,ERR,ERR,ERR,ERR,ERR,ERR,ERR,ERR,ERR,ERR,ERR,ERR,ERR,ERR,ERR,ERR,ERR,ERR,ERR,ERR,ERR,ERR,ERR,ERR,ERR,ERR,ERR,ERR,ERR,ERR,ERR,ERR,ERR,ERR,ERR,ERR,ERR,ERR,ERR,ERR,ERR,ERR,ERR,ERR,ERR,ERR,ERR,ERR,ERR,ERR,ERR,ERR,ERR,ERR,ERR,ERR,ERR,ERR,ERR,ERR,ERR,ERR,ERR,ERR,ERR,ERR,ERR,ERR,ERR,ERR,ERR,ERR,ERR,ERR,ERR,ERR,ERR,ERR,ERR,ERR,ERR,ERR,ERR,ERR,ERR,ERR,ERR,ERR,ERR,ERR,ERR,ERR,ERR,ERR,ERR,ERR,ERR,ERR,ERR,ERR,ERR,ERR,ERR,ERR,ERR,ERR,ERR,ERR,ERR,ERR,ERR,ERR,ERR,ERR,ERR,ERR,0.0,0.0,-134474944.0,0.0,0.0,1.3936040501711995e+18,7.805,0.0,0,0,4,0,8422,0.0,45,0.0,0.0,0.0,0.0,0.0,0,0,0,0,0.0,0,0,0,0,0,0,0,0,0,0,0,0,0,0,0,0,0,0,0,0,0,0,0,0,0,0,0,0,0,0,0,0,0,38,14,7,45,65476,0,300,0,0,8,21553,0.0,-107605600.0,0.0,0.0,0.0,0.0,0.0,0.0,0.0,0.0,0.0,0.0,0.0,0.0,0.0,0.0,0.0,0.0,0.0,0.0,0.0,0.0,2.004,2.004,-0.0,0.0,0.0,0.0,0.0,0.0,4956.0,-0.0,0.0,0.0,0.0,-107615280.0,2.718429300292151e+23,0.0,0.0,0.0,0.0,53,-0.0,-0.0,0.0,0.0,0.0,0.0,0.0,0.0,0.0,0,0,0,0.0,0.0,0.0,0.0,0.0,0.0,0.0,0.0,0.0,0.0,0.0,0.0,0.0,0.0,0.0,0.0,0,-107875648.0,53,0.0,106,-107614832.0,0.0,ERR,ERR,ERR,ERR,ERR,ERR,ERR,ERR,ERR,ERR,ERR,ERR,ERR,ERR,ERR,ERR,ERR,ERR,ERR,ERR,ERR,ERR,ERR,ERR,ERR,ERR,ERR,ERR,ERR,ERR,ERR,ERR,ERR,ERR,ERR,ERR,ERR,ERR,ERR,ERR,ERR,ERR,ERR,ERR,ERR,ERR,ERR,ERR,ERR,ERR,ERR,ERR,ERR,ERR,ERR,ERR,ERR,ERR,ERR,ERR,ERR,ERR,ERR,ERR,ERR,ERR,ERR,50.0,60.0,100,0.0,0.0,0.0,0.0,0.0,0.0,0.0,0.0,0.0,0.0,0.0,0.0,0.0,0.0,0.0,0.0,61.6,73,14,65513,50,65476,0,300,0,0,8,20529,65476,0,0,26214,60.0,0.0,0.0,0.0,0.0,0.0
2026-05-17T18:45:55,ERR,ERR,ERR,ERR,ERR,ERR,ERR,ERR,ERR,ERR,ERR,ERR,ERR,ERR,ERR,ERR,ERR,ERR,ERR,ERR,ERR,ERR,ERR,ERR,ERR,ERR,ERR,ERR,ERR,ERR,ERR,ERR,ERR,ERR,ERR,ERR,ERR,ERR,ERR,ERR,ERR,ERR,ERR,ERR,ERR,ERR,ERR,ERR,ERR,ERR,ERR,ERR,ERR,ERR,ERR,ERR,ERR,ERR,ERR,ERR,ERR,ERR,ERR,ERR,ERR,ERR,ERR,ERR,ERR,ERR,ERR,ERR,ERR,ERR,ERR,ERR,ERR,ERR,ERR,ERR,ERR,ERR,ERR,ERR,ERR,ERR,ERR,ERR,ERR,ERR,ERR,ERR,ERR,ERR,ERR,ERR,ERR,ERR,ERR,ERR,ERR,ERR,ERR,ERR,ERR,ERR,ERR,ERR,ERR,ERR,ERR,ERR,ERR,ERR,ERR,ERR,ERR,ERR,ERR,ERR,ERR,ERR,ERR,ERR,ERR,0.0,0.0,-134474944.0,0.0,0.0,1.3936040501711995e+18,7.805,0.0,0,0,4,0,8422,0.0,45,0.0,0.0,0.0,0.0,0.0,0,0,0,0,0.0,0,0,0,0,0,0,0,0,0,0,0,0,0,0,0,0,0,0,0,0,0,0,0,0,0,0,0,0,0,0,0,0,0,38,14,7,45,65476,0,300,0,0,8,21553,0.0,-107605600.0,0.0,0.0,0.0,0.0,0.0,0.0,0.0,0.0,0.0,0.0,0.0,0.0,0.0,0.0,0.0,0.0,0.0,0.0,0.0,0.0,2.004,2.004,-0.0,0.0,0.0,0.0,0.0,0.0,4956.0,-0.0,0.0,0.0,0.0,-107615280.0,2.718429300292151e+23,0.0,0.0,0.0,0.0,53,-0.0,-0.0,0.0,0.0,0.0,0.0,0.0,0.0,0.0,0,0,0,0.0,0.0,0.0,0.0,0.0,0.0,0.0,0.0,0.0,0.0,0.0,0.0,0.0,0.0,0.0,0.0,0,-107875648.0,53,0.0,106,-107614832.0,0.0,ERR,ERR,ERR,ERR,ERR,ERR,ERR,ERR,ERR,ERR,ERR,ERR,ERR,ERR,ERR,ERR,ERR,ERR,ERR,ERR,ERR,ERR,ERR,ERR,ERR,ERR,ERR,ERR,ERR,ERR,ERR,ERR,ERR,ERR,ERR,ERR,ERR,ERR,ERR,ERR,ERR,ERR,ERR,ERR,ERR,ERR,ERR,ERR,ERR,ERR,ERR,ERR,ERR,ERR,ERR,ERR,ERR,ERR,ERR,ERR,ERR,ERR,ERR,ERR,ERR,ERR,ERR,50.0,60.0,100,0.0,0.0,0.0,0.0,0.0,0.0,0.0,0.0,0.0,0.0,0.0,0.0,0.0,0.0,0.0,0.0,61.6,73,14,65513,50,65476,0,300,0,0,8,20529,65476,0,0,26214,60.0,0.0,0.0,0.0,0.0,0.0
2026-05-17T18:45:56,ERR,ERR,ERR,ERR,ERR,ERR,ERR,ERR,ERR,ERR,ERR,ERR,ERR,ERR,ERR,ERR,ERR,ERR,ERR,ERR,ERR,ERR,ERR,ERR,ERR,ERR,ERR,ERR,ERR,ERR,ERR,ERR,ERR,ERR,ERR,ERR,ERR,ERR,ERR,ERR,ERR,ERR,ERR,ERR,ERR,ERR,ERR,ERR,ERR,ERR,ERR,ERR,ERR,ERR,ERR,ERR,ERR,ERR,ERR,ERR,ERR,ERR,ERR,ERR,ERR,ERR,ERR,ERR,ERR,ERR,ERR,ERR,ERR,ERR,ERR,ERR,ERR,ERR,ERR,ERR,ERR,ERR,ERR,ERR,ERR,ERR,ERR,ERR,ERR,ERR,ERR,ERR,ERR,ERR,ERR,ERR,ERR,ERR,ERR,ERR,ERR,ERR,ERR,ERR,ERR,ERR,ERR,ERR,ERR,ERR,ERR,ERR,ERR,ERR,ERR,ERR,ERR,ERR,ERR,ERR,ERR,ERR,ERR,ERR,ERR,0.0,0.0,-134474944.0,0.0,0.0,1.3936040501711995e+18,7.805,0.0,0,0,4,0,8422,0.0,45,0.0,0.0,0.0,0.0,0.0,0,0,0,0,0.0,0,0,0,0,0,0,0,0,0,0,0,0,0,0,0,0,0,0,0,0,0,0,0,0,0,0,0,0,0,0,0,0,0,38,14,7,45,65476,0,300,0,0,8,21553,0.0,-107605600.0,0.0,0.0,0.0,0.0,0.0,0.0,0.0,0.0,0.0,0.0,0.0,0.0,0.0,0.0,0.0,0.0,0.0,0.0,0.0,0.0,2.004,2.004,-0.0,0.0,0.0,0.0,0.0,0.0,4956.0,-0.0,0.0,0.0,0.0,-107615280.0,2.718429300292151e+23,0.0,0.0,0.0,0.0,53,-0.0,-0.0,0.0,0.0,0.0,0.0,0.0,0.0,0.0,0,0,0,0.0,0.0,0.0,0.0,0.0,0.0,0.0,0.0,0.0,0.0,0.0,0.0,0.0,0.0,0.0,0.0,0,-107875648.0,53,0.0,106,-107614832.0,0.0,ERR,ERR,ERR,ERR,ERR,ERR,ERR,ERR,ERR,ERR,ERR,ERR,ERR,ERR,ERR,ERR,ERR,ERR,ERR,ERR,ERR,ERR,ERR,ERR,ERR,ERR,ERR,ERR,ERR,ERR,ERR,ERR,ERR,ERR,ERR,ERR,ERR,ERR,ERR,ERR,ERR,ERR,ERR,ERR,ERR,ERR,ERR,ERR,ERR,ERR,ERR,ERR,ERR,ERR,ERR,ERR,ERR,ERR,ERR,ERR,ERR,ERR,ERR,ERR,ERR,ERR,ERR,50.0,60.0,100,0.0,0.0,0.0,0.0,0.0,0.0,0.0,0.0,0.0,0.0,0.0,0.0,0.0,0.0,0.0,0.0,62.0,73,14,65513,50,65476,0,300,0,0,8,20529,65476,0,0,26214,60.0,0.0,0.0,0.0,0.0,0.0
2026-05-17T18:45:57,ERR,ERR,ERR,ERR,ERR,ERR,ERR,ERR,ERR,ERR,ERR,ERR,ERR,ERR,ERR,ERR,ERR,ERR,ERR,ERR,ERR,ERR,ERR,ERR,ERR,ERR,ERR,ERR,ERR,ERR,ERR,ERR,ERR,ERR,ERR,ERR,ERR,ERR,ERR,ERR,ERR,ERR,ERR,ERR,ERR,ERR,ERR,ERR,ERR,ERR,ERR,ERR,ERR,ERR,ERR,ERR,ERR,ERR,ERR,ERR,ERR,ERR,ERR,ERR,ERR,ERR,ERR,ERR,ERR,ERR,ERR,ERR,ERR,ERR,ERR,ERR,ERR,ERR,ERR,ERR,ERR,ERR,ERR,ERR,ERR,ERR,ERR,ERR,ERR,ERR,ERR,ERR,ERR,ERR,ERR,ERR,ERR,ERR,ERR,ERR,ERR,ERR,ERR,ERR,ERR,ERR,ERR,ERR,ERR,ERR,ERR,ERR,ERR,ERR,ERR,ERR,ERR,ERR,ERR,ERR,ERR,ERR,ERR,ERR,ERR,0.0,0.0,-134474944.0,0.0,0.0,1.3936040501711995e+18,7.805,0.0,0,0,4,0,8422,0.0,45,0.0,0.0,0.0,0.0,0.0,0,0,0,0,0.0,0,0,0,0,0,0,0,0,0,0,0,0,0,0,0,0,0,0,0,0,0,0,0,0,0,0,0,0,0,0,0,0,0,38,14,7,45,65476,0,300,0,0,8,21553,0.0,-107605600.0,0.0,0.0,0.0,0.0,0.0,0.0,0.0,0.0,0.0,0.0,0.0,0.0,0.0,0.0,0.0,0.0,0.0,0.0,0.0,0.0,2.004,2.004,-0.0,0.0,0.0,0.0,0.0,0.0,4951.0,-2.4229870398411534e+24,0.0,0.0,0.0,-107615280.0,2.718429300292151e+23,0.0,0.0,0.0,0.0,53,-0.0,0.0,0.0,0.0,0.0,0.0,0.0,0.0,0.0,0,0,0,0.0,0.0,0.0,0.0,0.0,0.0,0.0,0.0,0.0,0.0,0.0,0.0,0.0,0.0,0.0,0.0,0,-107875648.0,53,0.0,106,-107614832.0,0.0,ERR,ERR,ERR,ERR,ERR,ERR,ERR,ERR,ERR,ERR,ERR,ERR,ERR,ERR,ERR,ERR,ERR,ERR,ERR,ERR,ERR,ERR,ERR,ERR,ERR,ERR,ERR,ERR,ERR,ERR,ERR,ERR,ERR,ERR,ERR,ERR,ERR,ERR,ERR,ERR,ERR,ERR,ERR,ERR,ERR,ERR,ERR,ERR,ERR,ERR,ERR,ERR,ERR,ERR,ERR,ERR,ERR,ERR,ERR,ERR,ERR,ERR,ERR,ERR,ERR,ERR,ERR,50.0,60.0,100,0.0,0.0,0.0,0.0,0.0,0.0,0.0,0.0,0.0,0.0,0.0,0.0,0.0,0.0,0.0,0.0,62.0,73,14,65513,50,65476,0,300,0,0,8,20529,65476,0,0,26214,60.0,0.0,0.0,0.0,0.0,0.0
2026-05-17T18:45:58,ERR,ERR,ERR,ERR,ERR,ERR,ERR,ERR,ERR,ERR,ERR,ERR,ERR,ERR,ERR,ERR,ERR,ERR,ERR,ERR,ERR,ERR,ERR,ERR,ERR,ERR,ERR,ERR,ERR,ERR,ERR,ERR,ERR,ERR,ERR,ERR,ERR,ERR,ERR,ERR,ERR,ERR,ERR,ERR,ERR,ERR,ERR,ERR,ERR,ERR,ERR,ERR,ERR,ERR,ERR,ERR,ERR,ERR,ERR,ERR,ERR,ERR,ERR,ERR,ERR,ERR,ERR,ERR,ERR,ERR,ERR,ERR,ERR,ERR,ERR,ERR,ERR,ERR,ERR,ERR,ERR,ERR,ERR,ERR,ERR,ERR,ERR,ERR,ERR,ERR,ERR,ERR,ERR,ERR,ERR,ERR,ERR,ERR,ERR,ERR,ERR,ERR,ERR,ERR,ERR,ERR,ERR,ERR,ERR,ERR,ERR,ERR,ERR,ERR,ERR,ERR,ERR,ERR,ERR,ERR,ERR,ERR,ERR,ERR,ERR,0.0,0.0,-134474944.0,0.0,0.0,1.3936040501711995e+18,7.805,0.0,0,0,4,0,8422,0.0,45,0.0,0.0,0.0,0.0,0.0,0,0,0,0,0.0,0,0,0,0,0,0,0,0,0,0,0,0,0,0,0,0,0,0,0,0,0,0,0,0,0,0,0,0,0,0,0,0,0,38,14,7,45,65476,0,300,0,0,8,21553,0.0,-107605600.0,0.0,0.0,0.0,0.0,0.0,0.0,0.0,0.0,0.0,0.0,0.0,0.0,0.0,0.0,0.0,0.0,0.0,0.0,0.0,0.0,2.004,2.004,-0.0,0.0,0.0,0.0,0.0,0.0,4951.0,-2.4229870398411534e+24,0.0,0.0,0.0,-107615280.0,2.718429300292151e+23,0.0,0.0,0.0,0.0,53,-0.0,0.0,0.0,0.0,0.0,0.0,0.0,0.0,0.0,0,0,0,0.0,0.0,0.0,0.0,0.0,0.0,0.0,0.0,0.0,0.0,0.0,0.0,0.0,0.0,0.0,0.0,0,-107875648.0,53,0.0,106,-107614832.0,0.0,ERR,ERR,ERR,ERR,ERR,ERR,ERR,ERR,ERR,ERR,ERR,ERR,ERR,ERR,ERR,ERR,ERR,ERR,ERR,ERR,ERR,ERR,ERR,ERR,ERR,ERR,ERR,ERR,ERR,ERR,ERR,ERR,ERR,ERR,ERR,ERR,ERR,ERR,ERR,ERR,ERR,ERR,ERR,ERR,ERR,ERR,ERR,ERR,ERR,ERR,ERR,ERR,ERR,ERR,ERR,ERR,ERR,ERR,ERR,ERR,ERR,ERR,ERR,ERR,ERR,ERR,ERR,50.0,60.0,100,0.0,0.0,0.0,0.0,0.0,0.0,0.0,0.0,0.0,0.0,0.0,0.0,0.0,0.0,0.0,0.0,62.0,73,14,65513,50,65476,0,300,0,0,8,20529,65476,0,0,26214,60.0,0.0,0.0,0.0,0.0,0.0
2026-05-17T18:45:59,ERR,ERR,ERR,ERR,ERR,ERR,ERR,ERR,ERR,ERR,ERR,ERR,ERR,ERR,ERR,ERR,ERR,ERR,ERR,ERR,ERR,ERR,ERR,ERR,ERR,ERR,ERR,ERR,ERR,ERR,ERR,ERR,ERR,ERR,ERR,ERR,ERR,ERR,ERR,ERR,ERR,ERR,ERR,ERR,ERR,ERR,ERR,ERR,ERR,ERR,ERR,ERR,ERR,ERR,ERR,ERR,ERR,ERR,ERR,ERR,ERR,ERR,ERR,ERR,ERR,ERR,ERR,ERR,ERR,ERR,ERR,ERR,ERR,ERR,ERR,ERR,ERR,ERR,ERR,ERR,ERR,ERR,ERR,ERR,ERR,ERR,ERR,ERR,ERR,ERR,ERR,ERR,ERR,ERR,ERR,ERR,ERR,ERR,ERR,ERR,ERR,ERR,ERR,ERR,ERR,ERR,ERR,ERR,ERR,ERR,ERR,ERR,ERR,ERR,ERR,ERR,ERR,ERR,ERR,ERR,ERR,ERR,ERR,ERR,ERR,0.0,0.0,-134474944.0,0.0,0.0,1.3936040501711995e+18,7.805,0.0,0,0,4,0,8422,0.0,45,0.0,0.0,0.0,0.0,0.0,0,0,0,0,0.0,0,0,0,0,0,0,0,0,0,0,0,0,0,0,0,0,0,0,0,0,0,0,0,0,0,0,0,0,0,0,0,0,0,38,14,7,45,65476,0,300,0,0,8,21553,0.0,-107605600.0,0.0,0.0,0.0,0.0,0.0,0.0,0.0,0.0,0.0,0.0,0.0,0.0,0.0,0.0,0.0,0.0,0.0,0.0,0.0,0.0,2.004,2.004,-0.0,0.0,0.0,0.0,0.0,0.0,4951.0,-2.4229870398411534e+24,0.0,0.0,0.0,-107615280.0,2.718429300292151e+23,0.0,0.0,0.0,0.0,53,-0.0,0.0,0.0,0.0,0.0,0.0,0.0,0.0,0.0,0,0,0,0.0,0.0,0.0,0.0,0.0,0.0,0.0,0.0,0.0,0.0,0.0,0.0,0.0,0.0,0.0,0.0,0,-107875648.0,53,0.0,106,-107614832.0,0.0,ERR,ERR,ERR,ERR,ERR,ERR,ERR,ERR,ERR,ERR,ERR,ERR,ERR,ERR,ERR,ERR,ERR,ERR,ERR,ERR,ERR,ERR,ERR,ERR,ERR,ERR,ERR,ERR,ERR,ERR,ERR,ERR,ERR,ERR,ERR,ERR,ERR,ERR,ERR,ERR,ERR,ERR,ERR,ERR,ERR,ERR,ERR,ERR,ERR,ERR,ERR,ERR,ERR,ERR,ERR,ERR,ERR,ERR,ERR,ERR,ERR,ERR,ERR,ERR,ERR,ERR,ERR,50.0,60.0,100,0.0,0.0,0.0,0.0,0.0,0.0,0.0,0.0,0.0,0.0,0.0,0.0,0.0,0.0,0.0,0.0,62.0,73,14,65513,50,65476,0,300,0,0,8,20529,65476,0,0,26214,60.0,0.0,0.0,0.0,0.0,0.0
2026-05-17T18:46:00,ERR,ERR,ERR,ERR,ERR,ERR,ERR,ERR,ERR,ERR,ERR,ERR,ERR,ERR,ERR,ERR,ERR,ERR,ERR,ERR,ERR,ERR,ERR,ERR,ERR,ERR,ERR,ERR,ERR,ERR,ERR,ERR,ERR,ERR,ERR,ERR,ERR,ERR,ERR,ERR,ERR,ERR,ERR,ERR,ERR,ERR,ERR,ERR,ERR,ERR,ERR,ERR,ERR,ERR,ERR,ERR,ERR,ERR,ERR,ERR,ERR,ERR,ERR,ERR,ERR,ERR,ERR,ERR,ERR,ERR,ERR,ERR,ERR,ERR,ERR,ERR,ERR,ERR,ERR,ERR,ERR,ERR,ERR,ERR,ERR,ERR,ERR,ERR,ERR,ERR,ERR,ERR,ERR,ERR,ERR,ERR,ERR,ERR,ERR,ERR,ERR,ERR,ERR,ERR,ERR,ERR,ERR,ERR,ERR,ERR,ERR,ERR,ERR,ERR,ERR,ERR,ERR,ERR,ERR,ERR,ERR,ERR,ERR,ERR,ERR,0.0,0.0,-134474944.0,0.0,0.0,1.3936040501711995e+18,7.805,0.0,0,0,4,0,8422,0.0,45,0.0,0.0,0.0,0.0,0.0,0,0,0,0,0.0,0,0,0,0,0,0,0,0,0,0,0,0,0,0,0,0,0,0,0,0,0,0,0,0,0,0,0,0,0,0,0,0,0,38,14,7,45,65476,0,300,0,0,8,21553,0.0,-107605600.0,0.0,0.0,0.0,0.0,0.0,0.0,0.0,0.0,0.0,0.0,0.0,0.0,0.0,0.0,0.0,0.0,0.0,0.0,0.0,0.0,2.004,2.004,-0.0,0.0,0.0,0.0,0.0,0.0,4951.0,-2.4229870398411534e+24,0.0,0.0,0.0,-107615280.0,2.718429300292151e+23,0.0,0.0,0.0,0.0,53,-0.0,0.0,0.0,0.0,0.0,0.0,0.0,0.0,0.0,0,0,0,0.0,0.0,0.0,0.0,0.0,0.0,0.0,0.0,0.0,0.0,0.0,0.0,0.0,0.0,0.0,0.0,0,-107875648.0,53,0.0,106,-107614832.0,0.0,ERR,ERR,ERR,ERR,ERR,ERR,ERR,ERR,ERR,ERR,ERR,ERR,ERR,ERR,ERR,ERR,ERR,ERR,ERR,ERR,ERR,ERR,ERR,ERR,ERR,ERR,ERR,ERR,ERR,ERR,ERR,ERR,ERR,ERR,ERR,ERR,ERR,ERR,ERR,ERR,ERR,ERR,ERR,ERR,ERR,ERR,ERR,ERR,ERR,ERR,ERR,ERR,ERR,ERR,ERR,ERR,ERR,ERR,ERR,ERR,ERR,ERR,ERR,ERR,ERR,ERR,ERR,50.0,60.0,100,0.0,0.0,0.0,0.0,0.0,0.0,0.0,0.0,0.0,0.0,0.0,0.0,0.0,0.0,0.0,0.0,61.6,73,14,65513,50,65476,0,300,0,0,8,20529,65476,0,0,26214,60.0,0.0,0.0,0.0,0.0,0.0
2026-05-17T18:46:01,ERR,ERR,ERR,ERR,ERR,ERR,ERR,ERR,ERR,ERR,ERR,ERR,ERR,ERR,ERR,ERR,ERR,ERR,ERR,ERR,ERR,ERR,ERR,ERR,ERR,ERR,ERR,ERR,ERR,ERR,ERR,ERR,ERR,ERR,ERR,ERR,ERR,ERR,ERR,ERR,ERR,ERR,ERR,ERR,ERR,ERR,ERR,ERR,ERR,ERR,ERR,ERR,ERR,ERR,ERR,ERR,ERR,ERR,ERR,ERR,ERR,ERR,ERR,ERR,ERR,ERR,ERR,ERR,ERR,ERR,ERR,ERR,ERR,ERR,ERR,ERR,ERR,ERR,ERR,ERR,ERR,ERR,ERR,ERR,ERR,ERR,ERR,ERR,ERR,ERR,ERR,ERR,ERR,ERR,ERR,ERR,ERR,ERR,ERR,ERR,ERR,ERR,ERR,ERR,ERR,ERR,ERR,ERR,ERR,ERR,ERR,ERR,ERR,ERR,ERR,ERR,ERR,ERR,ERR,ERR,ERR,ERR,ERR,ERR,ERR,0.0,0.0,-134474944.0,0.0,0.0,1.3936040501711995e+18,7.805,0.0,0,0,4,0,8422,0.0,45,0.0,0.0,0.0,0.0,0.0,0,0,0,0,0.0,0,0,0,0,0,0,0,0,0,0,0,0,0,0,0,0,0,0,0,0,0,0,0,0,0,0,0,0,0,0,0,0,0,38,14,7,45,65476,0,300,0,0,8,21553,0.0,-107605600.0,0.0,0.0,0.0,0.0,0.0,0.0,0.0,0.0,0.0,0.0,0.0,0.0,0.0,0.0,0.0,0.0,0.0,0.0,0.0,0.0,2.004,2.004,-0.0,0.0,0.0,0.0,0.0,0.0,4951.0,-2.4229870398411534e+24,0.0,0.0,0.0,-107615280.0,2.718429300292151e+23,0.0,0.0,0.0,0.0,53,-0.0,0.0,0.0,0.0,0.0,0.0,0.0,0.0,0.0,0,0,0,0.0,0.0,0.0,0.0,0.0,0.0,0.0,0.0,0.0,0.0,0.0,0.0,0.0,0.0,0.0,0.0,0,-107875648.0,53,0.0,106,-107614832.0,0.0,ERR,ERR,ERR,ERR,ERR,ERR,ERR,ERR,ERR,ERR,ERR,ERR,ERR,ERR,ERR,ERR,ERR,ERR,ERR,ERR,ERR,ERR,ERR,ERR,ERR,ERR,ERR,ERR,ERR,ERR,ERR,ERR,ERR,ERR,ERR,ERR,ERR,ERR,ERR,ERR,ERR,ERR,ERR,ERR,ERR,ERR,ERR,ERR,ERR,ERR,ERR,ERR,ERR,ERR,ERR,ERR,ERR,ERR,ERR,ERR,ERR,ERR,ERR,ERR,ERR,ERR,ERR,50.0,60.0,100,0.0,0.0,0.0,0.0,0.0,0.0,0.0,0.0,0.0,0.0,0.0,0.0,0.0,0.0,0.0,0.0,61.6,73,14,65513,50,65476,0,300,0,0,8,20529,65476,0,0,26214,60.0,0.0,0.0,0.0,0.0,0.0
2026-05-17T18:46:02,ERR,ERR,ERR,ERR,ERR,ERR,ERR,ERR,ERR,ERR,ERR,ERR,ERR,ERR,ERR,ERR,ERR,ERR,ERR,ERR,ERR,ERR,ERR,ERR,ERR,ERR,ERR,ERR,ERR,ERR,ERR,ERR,ERR,ERR,ERR,ERR,ERR,ERR,ERR,ERR,ERR,ERR,ERR,ERR,ERR,ERR,ERR,ERR,ERR,ERR,ERR,ERR,ERR,ERR,ERR,ERR,ERR,ERR,ERR,ERR,ERR,ERR,ERR,ERR,ERR,ERR,ERR,ERR,ERR,ERR,ERR,ERR,ERR,ERR,ERR,ERR,ERR,ERR,ERR,ERR,ERR,ERR,ERR,ERR,ERR,ERR,ERR,ERR,ERR,ERR,ERR,ERR,ERR,ERR,ERR,ERR,ERR,ERR,ERR,ERR,ERR,ERR,ERR,ERR,ERR,ERR,ERR,ERR,ERR,ERR,ERR,ERR,ERR,ERR,ERR,ERR,ERR,ERR,ERR,ERR,ERR,ERR,ERR,ERR,ERR,0.0,0.0,-134474944.0,0.0,0.0,1.3936040501711995e+18,7.805,0.0,0,0,4,0,8422,0.0,45,0.0,0.0,0.0,0.0,0.0,0,0,0,0,0.0,0,0,0,0,0,0,0,0,0,0,0,0,0,0,0,0,0,0,0,0,0,0,0,0,0,0,0,0,0,0,0,0,0,38,14,7,45,65476,0,300,0,0,8,21553,0.0,-107605600.0,0.0,0.0,0.0,0.0,0.0,0.0,0.0,0.0,0.0,0.0,0.0,0.0,0.0,0.0,0.0,0.0,0.0,0.0,0.0,0.0,0.0,2.004,-0.0,0.0,0.0,0.0,0.0,0.0,4921.0,-0.0,0.0,0.0,0.0,-107615280.0,2.718429300292151e+23,0.0,0.0,0.0,0.0,53,-0.0,-0.0,0.0,0.0,0.0,0.0,0.0,0.0,0.0,0,0,0,0.0,0.0,0.0,0.0,0.0,0.0,0.0,0.0,0.0,0.0,0.0,0.0,0.0,0.0,0.0,0.0,0,-107875648.0,53,0.0,106,-107614832.0,0.0,ERR,ERR,ERR,ERR,ERR,ERR,ERR,ERR,ERR,ERR,ERR,ERR,ERR,ERR,ERR,ERR,ERR,ERR,ERR,ERR,ERR,ERR,ERR,ERR,ERR,ERR,ERR,ERR,ERR,ERR,ERR,ERR,ERR,ERR,ERR,ERR,ERR,ERR,ERR,ERR,ERR,ERR,ERR,ERR,ERR,ERR,ERR,ERR,ERR,ERR,ERR,ERR,ERR,ERR,ERR,ERR,ERR,ERR,ERR,ERR,ERR,ERR,ERR,ERR,ERR,ERR,ERR,50.0,60.0,100,0.0,0.0,0.0,0.0,0.0,0.0,0.0,0.0,0.0,0.0,0.0,0.0,0.0,0.0,0.0,0.0,61.6,73,14,65513,50,65476,0,300,0,0,8,20529,65476,0,0,26214,60.0,0.0,0.0,0.0,0.0,0.0
2026-05-17T18:46:03,ERR,ERR,ERR,ERR,ERR,ERR,ERR,ERR,ERR,ERR,ERR,ERR,ERR,ERR,ERR,ERR,ERR,ERR,ERR,ERR,ERR,ERR,ERR,ERR,ERR,ERR,ERR,ERR,ERR,ERR,ERR,ERR,ERR,ERR,ERR,ERR,ERR,ERR,ERR,ERR,ERR,ERR,ERR,ERR,ERR,ERR,ERR,ERR,ERR,ERR,ERR,ERR,ERR,ERR,ERR,ERR,ERR,ERR,ERR,ERR,ERR,ERR,ERR,ERR,ERR,ERR,ERR,ERR,ERR,ERR,ERR,ERR,ERR,ERR,ERR,ERR,ERR,ERR,ERR,ERR,ERR,ERR,ERR,ERR,ERR,ERR,ERR,ERR,ERR,ERR,ERR,ERR,ERR,ERR,ERR,ERR,ERR,ERR,ERR,ERR,ERR,ERR,ERR,ERR,ERR,ERR,ERR,ERR,ERR,ERR,ERR,ERR,ERR,ERR,ERR,ERR,ERR,ERR,ERR,ERR,ERR,ERR,ERR,ERR,ERR,0.0,0.0,-134474944.0,0.0,0.0,1.3936040501711995e+18,7.805,0.0,0,0,4,0,8422,0.0,45,0.0,0.0,0.0,0.0,0.0,0,0,0,0,0.0,0,0,0,0,0,0,0,0,0,0,0,0,0,0,0,0,0,0,0,0,0,0,0,0,0,0,0,0,0,0,0,0,0,38,14,7,45,65476,0,300,0,0,8,21553,0.0,-107605600.0,0.0,0.0,0.0,0.0,0.0,0.0,0.0,0.0,0.0,0.0,0.0,0.0,0.0,0.0,0.0,0.0,0.0,0.0,0.0,0.0,0.0,2.004,-0.0,0.0,0.0,0.0,0.0,0.0,4921.0,-0.0,0.0,0.0,0.0,-107615280.0,2.718429300292151e+23,0.0,0.0,0.0,0.0,53,-0.0,-0.0,0.0,0.0,0.0,0.0,0.0,0.0,0.0,0,0,0,0.0,0.0,0.0,0.0,0.0,0.0,0.0,0.0,0.0,0.0,0.0,0.0,0.0,0.0,0.0,0.0,0,-107875648.0,53,0.0,106,-107614832.0,0.0,ERR,ERR,ERR,ERR,ERR,ERR,ERR,ERR,ERR,ERR,ERR,ERR,ERR,ERR,ERR,ERR,ERR,ERR,ERR,ERR,ERR,ERR,ERR,ERR,ERR,ERR,ERR,ERR,ERR,ERR,ERR,ERR,ERR,ERR,ERR,ERR,ERR,ERR,ERR,ERR,ERR,ERR,ERR,ERR,ERR,ERR,ERR,ERR,ERR,ERR,ERR,ERR,ERR,ERR,ERR,ERR,ERR,ERR,ERR,ERR,ERR,ERR,ERR,ERR,ERR,ERR,ERR,50.0,60.0,100,0.0,0.0,0.0,0.0,0.0,0.0,0.0,0.0,0.0,0.0,0.0,0.0,0.0,0.0,0.0,0.0,61.6,73,14,65513,50,65476,0,300,0,0,8,20529,65476,0,0,26214,60.0,0.0,0.0,0.0,0.0,0.0
2026-05-17T18:46:04,ERR,ERR,ERR,ERR,ERR,ERR,ERR,ERR,ERR,ERR,ERR,ERR,ERR,ERR,ERR,ERR,ERR,ERR,ERR,ERR,ERR,ERR,ERR,ERR,ERR,ERR,ERR,ERR,ERR,ERR,ERR,ERR,ERR,ERR,ERR,ERR,ERR,ERR,ERR,ERR,ERR,ERR,ERR,ERR,ERR,ERR,ERR,ERR,ERR,ERR,ERR,ERR,ERR,ERR,ERR,ERR,ERR,ERR,ERR,ERR,ERR,ERR,ERR,ERR,ERR,ERR,ERR,ERR,ERR,ERR,ERR,ERR,ERR,ERR,ERR,ERR,ERR,ERR,ERR,ERR,ERR,ERR,ERR,ERR,ERR,ERR,ERR,ERR,ERR,ERR,ERR,ERR,ERR,ERR,ERR,ERR,ERR,ERR,ERR,ERR,ERR,ERR,ERR,ERR,ERR,ERR,ERR,ERR,ERR,ERR,ERR,ERR,ERR,ERR,ERR,ERR,ERR,ERR,ERR,ERR,ERR,ERR,ERR,ERR,ERR,0.0,0.0,-134474944.0,0.0,0.0,1.3936040501711995e+18,7.805,0.0,0,0,4,0,8422,0.0,45,0.0,0.0,0.0,0.0,0.0,0,0,0,0,0.0,0,0,0,0,0,0,0,0,0,0,0,0,0,0,0,0,0,0,0,0,0,0,0,0,0,0,0,0,0,0,0,0,0,38,14,7,45,65476,0,300,0,0,8,21553,0.0,-107605600.0,0.0,0.0,0.0,0.0,0.0,0.0,0.0,0.0,0.0,0.0,0.0,0.0,0.0,0.0,0.0,0.0,0.0,0.0,0.0,0.0,0.0,2.004,-0.0,0.0,0.0,0.0,0.0,0.0,4921.0,-0.0,0.0,0.0,0.0,-107615280.0,2.718429300292151e+23,0.0,0.0,0.0,0.0,53,-0.0,-0.0,0.0,0.0,0.0,0.0,0.0,0.0,0.0,0,0,0,0.0,0.0,0.0,0.0,0.0,0.0,0.0,0.0,0.0,0.0,0.0,0.0,0.0,0.0,0.0,0.0,0,-107875648.0,53,0.0,106,-107614832.0,0.0,ERR,ERR,ERR,ERR,ERR,ERR,ERR,ERR,ERR,ERR,ERR,ERR,ERR,ERR,ERR,ERR,ERR,ERR,ERR,ERR,ERR,ERR,ERR,ERR,ERR,ERR,ERR,ERR,ERR,ERR,ERR,ERR,ERR,ERR,ERR,ERR,ERR,ERR,ERR,ERR,ERR,ERR,ERR,ERR,ERR,ERR,ERR,ERR,ERR,ERR,ERR,ERR,ERR,ERR,ERR,ERR,ERR,ERR,ERR,ERR,ERR,ERR,ERR,ERR,ERR,ERR,ERR,50.0,60.0,100,0.0,0.0,0.0,0.0,0.0,0.0,0.0,0.0,0.0,0.0,0.0,0.0,0.0,0.0,0.0,0.0,61.6,73,14,65513,50,65476,0,300,0,0,8,20529,65476,0,0,26214,60.0,0.0,0.0,0.0,0.0,0.0
2026-05-17T18:46:05,ERR,ERR,ERR,ERR,ERR,ERR,ERR,ERR,ERR,ERR,ERR,ERR,ERR,ERR,ERR,ERR,ERR,ERR,ERR,ERR,ERR,ERR,ERR,ERR,ERR,ERR,ERR,ERR,ERR,ERR,ERR,ERR,ERR,ERR,ERR,ERR,ERR,ERR,ERR,ERR,ERR,ERR,ERR,ERR,ERR,ERR,ERR,ERR,ERR,ERR,ERR,ERR,ERR,ERR,ERR,ERR,ERR,ERR,ERR,ERR,ERR,ERR,ERR,ERR,ERR,ERR,ERR,ERR,ERR,ERR,ERR,ERR,ERR,ERR,ERR,ERR,ERR,ERR,ERR,ERR,ERR,ERR,ERR,ERR,ERR,ERR,ERR,ERR,ERR,ERR,ERR,ERR,ERR,ERR,ERR,ERR,ERR,ERR,ERR,ERR,ERR,ERR,ERR,ERR,ERR,ERR,ERR,ERR,ERR,ERR,ERR,ERR,ERR,ERR,ERR,ERR,ERR,ERR,ERR,ERR,ERR,ERR,ERR,ERR,ERR,0.0,0.0,-134474944.0,0.0,0.0,1.3936040501711995e+18,7.805,0.0,0,0,4,0,8422,0.0,45,0.0,0.0,0.0,0.0,0.0,0,0,0,0,0.0,0,0,0,0,0,0,0,0,0,0,0,0,0,0,0,0,0,0,0,0,0,0,0,0,0,0,0,0,0,0,0,0,0,38,14,7,45,65476,0,300,0,0,8,21553,0.0,-107605600.0,0.0,0.0,0.0,0.0,0.0,0.0,0.0,0.0,0.0,0.0,0.0,0.0,0.0,0.0,0.0,0.0,0.0,0.0,0.0,0.0,0.0,2.004,-0.0,0.0,0.0,0.0,0.0,0.0,4921.0,-0.0,0.0,0.0,0.0,-107615280.0,2.718429300292151e+23,0.0,0.0,0.0,0.0,53,-0.0,-0.0,0.0,0.0,0.0,0.0,0.0,0.0,0.0,0,0,0,0.0,0.0,0.0,0.0,0.0,0.0,0.0,0.0,0.0,0.0,0.0,0.0,0.0,0.0,0.0,0.0,0,-107875648.0,53,0.0,106,-107614832.0,0.0,ERR,ERR,ERR,ERR,ERR,ERR,ERR,ERR,ERR,ERR,ERR,ERR,ERR,ERR,ERR,ERR,ERR,ERR,ERR,ERR,ERR,ERR,ERR,ERR,ERR,ERR,ERR,ERR,ERR,ERR,ERR,ERR,ERR,ERR,ERR,ERR,ERR,ERR,ERR,ERR,ERR,ERR,ERR,ERR,ERR,ERR,ERR,ERR,ERR,ERR,ERR,ERR,ERR,ERR,ERR,ERR,ERR,ERR,ERR,ERR,ERR,ERR,ERR,ERR,ERR,ERR,ERR,50.0,60.0,100,0.0,0.0,0.0,0.0,0.0,0.0,0.0,0.0,0.0,0.0,0.0,0.0,0.0,0.0,0.0,0.0,61.6,73,14,65513,50,65476,0,300,0,0,8,20529,65476,0,0,26214,60.0,0.0,0.0,0.0,0.0,0.0
2026-05-17T18:46:06,ERR,ERR,ERR,ERR,ERR,ERR,ERR,ERR,ERR,ERR,ERR,ERR,ERR,ERR,ERR,ERR,ERR,ERR,ERR,ERR,ERR,ERR,ERR,ERR,ERR,ERR,ERR,ERR,ERR,ERR,ERR,ERR,ERR,ERR,ERR,ERR,ERR,ERR,ERR,ERR,ERR,ERR,ERR,ERR,ERR,ERR,ERR,ERR,ERR,ERR,ERR,ERR,ERR,ERR,ERR,ERR,ERR,ERR,ERR,ERR,ERR,ERR,ERR,ERR,ERR,ERR,ERR,ERR,ERR,ERR,ERR,ERR,ERR,ERR,ERR,ERR,ERR,ERR,ERR,ERR,ERR,ERR,ERR,ERR,ERR,ERR,ERR,ERR,ERR,ERR,ERR,ERR,ERR,ERR,ERR,ERR,ERR,ERR,ERR,ERR,ERR,ERR,ERR,ERR,ERR,ERR,ERR,ERR,ERR,ERR,ERR,ERR,ERR,ERR,ERR,ERR,ERR,ERR,ERR,ERR,ERR,ERR,ERR,ERR,ERR,0.0,0.0,-134474944.0,0.0,0.0,1.3936040501711995e+18,7.805,0.0,0,0,4,0,8422,0.0,45,0.0,0.0,0.0,0.0,0.0,0,0,0,0,0.0,0,0,0,0,0,0,0,0,0,0,0,0,0,0,0,0,0,0,0,0,0,0,0,0,0,0,0,0,0,0,0,0,0,38,14,7,45,65476,0,300,0,0,8,21553,0.0,-107605600.0,0.0,0.0,0.0,0.0,0.0,0.0,0.0,0.0,0.0,0.0,0.0,0.0,0.0,0.0,0.0,0.0,0.0,0.0,0.0,0.0,0.0,2.004,-0.0,0.0,0.0,0.0,0.0,0.0,4921.0,-0.0,0.0,0.0,0.0,-107615280.0,2.718429300292151e+23,0.0,0.0,0.0,0.0,53,-0.0,-0.0,0.0,0.0,0.0,0.0,0.0,0.0,0.0,0,0,0,0.0,0.0,0.0,0.0,0.0,0.0,0.0,0.0,0.0,0.0,0.0,0.0,0.0,0.0,0.0,0.0,0,-107875648.0,53,0.0,106,-107614832.0,0.0,ERR,ERR,ERR,ERR,ERR,ERR,ERR,ERR,ERR,ERR,ERR,ERR,ERR,ERR,ERR,ERR,ERR,ERR,ERR,ERR,ERR,ERR,ERR,ERR,ERR,ERR,ERR,ERR,ERR,ERR,ERR,ERR,ERR,ERR,ERR,ERR,ERR,ERR,ERR,ERR,ERR,ERR,ERR,ERR,ERR,ERR,ERR,ERR,ERR,ERR,ERR,ERR,ERR,ERR,ERR,ERR,ERR,ERR,ERR,ERR,ERR,ERR,ERR,ERR,ERR,ERR,ERR,50.0,60.0,100,0.0,0.0,0.0,0.0,0.0,0.0,0.0,0.0,0.0,0.0,0.0,0.0,0.0,0.0,0.0,0.0,61.6,73,14,65513,50,65476,0,300,0,0,8,20529,65476,0,0,26214,60.0,0.0,0.0,0.0,0.0,0.0
2026-05-17T18:46:07,ERR,ERR,ERR,ERR,ERR,ERR,ERR,ERR,ERR,ERR,ERR,ERR,ERR,ERR,ERR,ERR,ERR,ERR,ERR,ERR,ERR,ERR,ERR,ERR,ERR,ERR,ERR,ERR,ERR,ERR,ERR,ERR,ERR,ERR,ERR,ERR,ERR,ERR,ERR,ERR,ERR,ERR,ERR,ERR,ERR,ERR,ERR,ERR,ERR,ERR,ERR,ERR,ERR,ERR,ERR,ERR,ERR,ERR,ERR,ERR,ERR,ERR,ERR,ERR,ERR,ERR,ERR,ERR,ERR,ERR,ERR,ERR,ERR,ERR,ERR,ERR,ERR,ERR,ERR,ERR,ERR,ERR,ERR,ERR,ERR,ERR,ERR,ERR,ERR,ERR,ERR,ERR,ERR,ERR,ERR,ERR,ERR,ERR,ERR,ERR,ERR,ERR,ERR,ERR,ERR,ERR,ERR,ERR,ERR,ERR,ERR,ERR,ERR,ERR,ERR,ERR,ERR,ERR,ERR,ERR,ERR,ERR,ERR,ERR,ERR,0.0,0.0,-134474944.0,0.0,0.0,1.3936040501711995e+18,7.805,0.0,0,0,4,0,8422,0.0,45,0.0,0.0,0.0,0.0,0.0,0,0,0,0,0.0,0,0,0,0,0,0,0,0,0,0,0,0,0,0,0,0,0,0,0,0,0,0,0,0,0,0,0,0,0,0,0,0,0,38,14,7,45,65476,0,300,0,0,8,21553,0.0,-107605600.0,0.0,0.0,0.0,0.0,0.0,0.0,0.0,0.0,0.0,0.0,0.0,0.0,0.0,0.0,0.0,0.0,0.0,0.0,0.0,0.0,2.004,2.004,-0.0,0.0,0.0,0.0,0.0,0.0,4922.0,-131350.391,0.0,0.0,0.0,-107615280.0,2.718429300292151e+23,0.0,0.0,0.0,0.0,53,-0.0,-152017213325312.0,0.0,0.0,0.0,0.0,0.0,0.0,0.0,0,0,0,0.0,0.0,0.0,0.0,0.0,0.0,0.0,0.0,0.0,0.0,0.0,0.0,0.0,0.0,0.0,0.0,0,-107875648.0,53,0.0,106,-107614832.0,0.0,ERR,ERR,ERR,ERR,ERR,ERR,ERR,ERR,ERR,ERR,ERR,ERR,ERR,ERR,ERR,ERR,ERR,ERR,ERR,ERR,ERR,ERR,ERR,ERR,ERR,ERR,ERR,ERR,ERR,ERR,ERR,ERR,ERR,ERR,ERR,ERR,ERR,ERR,ERR,ERR,ERR,ERR,ERR,ERR,ERR,ERR,ERR,ERR,ERR,ERR,ERR,ERR,ERR,ERR,ERR,ERR,ERR,ERR,ERR,ERR,ERR,ERR,ERR,ERR,ERR,ERR,ERR,50.0,60.0,100,0.0,0.0,0.0,0.0,0.0,0.0,0.0,0.0,0.0,0.0,0.0,0.0,0.0,0.0,0.0,0.0,61.6,73,14,65513,50,65476,0,300,0,0,8,20529,65476,0,0,26214,60.0,0.0,0.0,0.0,0.0,0.0
2026-05-17T18:46:08,ERR,ERR,ERR,ERR,ERR,ERR,ERR,ERR,ERR,ERR,ERR,ERR,ERR,ERR,ERR,ERR,ERR,ERR,ERR,ERR,ERR,ERR,ERR,ERR,ERR,ERR,ERR,ERR,ERR,ERR,ERR,ERR,ERR,ERR,ERR,ERR,ERR,ERR,ERR,ERR,ERR,ERR,ERR,ERR,ERR,ERR,ERR,ERR,ERR,ERR,ERR,ERR,ERR,ERR,ERR,ERR,ERR,ERR,ERR,ERR,ERR,ERR,ERR,ERR,ERR,ERR,ERR,ERR,ERR,ERR,ERR,ERR,ERR,ERR,ERR,ERR,ERR,ERR,ERR,ERR,ERR,ERR,ERR,ERR,ERR,ERR,ERR,ERR,ERR,ERR,ERR,ERR,ERR,ERR,ERR,ERR,ERR,ERR,ERR,ERR,ERR,ERR,ERR,ERR,ERR,ERR,ERR,ERR,ERR,ERR,ERR,ERR,ERR,ERR,ERR,ERR,ERR,ERR,ERR,ERR,ERR,ERR,ERR,ERR,ERR,0.0,0.0,-134474944.0,0.0,0.0,1.3936040501711995e+18,7.805,0.0,0,0,4,0,8422,0.0,45,0.0,0.0,0.0,0.0,0.0,0,0,0,0,0.0,0,0,0,0,0,0,0,0,0,0,0,0,0,0,0,0,0,0,0,0,0,0,0,0,0,0,0,0,0,0,0,0,0,38,14,7,45,65476,0,300,0,0,8,21553,0.0,-107605600.0,0.0,0.0,0.0,0.0,0.0,0.0,0.0,0.0,0.0,0.0,0.0,0.0,0.0,0.0,0.0,0.0,0.0,0.0,0.0,0.0,2.004,2.004,-0.0,0.0,0.0,0.0,0.0,0.0,4922.0,-131350.391,0.0,0.0,0.0,-107615280.0,2.718429300292151e+23,0.0,0.0,0.0,0.0,53,-0.0,-152017213325312.0,0.0,0.0,0.0,0.0,0.0,0.0,0.0,0,0,0,0.0,0.0,0.0,0.0,0.0,0.0,0.0,0.0,0.0,0.0,0.0,0.0,0.0,0.0,0.0,0.0,0,-107875648.0,53,0.0,106,-107614832.0,0.0,ERR,ERR,ERR,ERR,ERR,ERR,ERR,ERR,ERR,ERR,ERR,ERR,ERR,ERR,ERR,ERR,ERR,ERR,ERR,ERR,ERR,ERR,ERR,ERR,ERR,ERR,ERR,ERR,ERR,ERR,ERR,ERR,ERR,ERR,ERR,ERR,ERR,ERR,ERR,ERR,ERR,ERR,ERR,ERR,ERR,ERR,ERR,ERR,ERR,ERR,ERR,ERR,ERR,ERR,ERR,ERR,ERR,ERR,ERR,ERR,ERR,ERR,ERR,ERR,ERR,ERR,ERR,50.0,60.0,100,0.0,0.0,0.0,0.0,0.0,0.0,0.0,0.0,0.0,0.0,0.0,0.0,0.0,0.0,0.0,0.0,61.6,73,14,65513,50,65476,0,300,0,0,8,20529,65476,0,0,26214,60.0,0.0,0.0,0.0,0.0,0.0
2026-05-17T18:46:09,ERR,ERR,ERR,ERR,ERR,ERR,ERR,ERR,ERR,ERR,ERR,ERR,ERR,ERR,ERR,ERR,ERR,ERR,ERR,ERR,ERR,ERR,ERR,ERR,ERR,ERR,ERR,ERR,ERR,ERR,ERR,ERR,ERR,ERR,ERR,ERR,ERR,ERR,ERR,ERR,ERR,ERR,ERR,ERR,ERR,ERR,ERR,ERR,ERR,ERR,ERR,ERR,ERR,ERR,ERR,ERR,ERR,ERR,ERR,ERR,ERR,ERR,ERR,ERR,ERR,ERR,ERR,ERR,ERR,ERR,ERR,ERR,ERR,ERR,ERR,ERR,ERR,ERR,ERR,ERR,ERR,ERR,ERR,ERR,ERR,ERR,ERR,ERR,ERR,ERR,ERR,ERR,ERR,ERR,ERR,ERR,ERR,ERR,ERR,ERR,ERR,ERR,ERR,ERR,ERR,ERR,ERR,ERR,ERR,ERR,ERR,ERR,ERR,ERR,ERR,ERR,ERR,ERR,ERR,ERR,ERR,ERR,ERR,ERR,ERR,0.0,0.0,-134474944.0,0.0,0.0,1.3936040501711995e+18,7.805,0.0,0,0,4,0,8422,0.0,45,0.0,0.0,0.0,0.0,0.0,0,0,0,0,0.0,0,0,0,0,0,0,0,0,0,0,0,0,0,0,0,0,0,0,0,0,0,0,0,0,0,0,0,0,0,0,0,0,0,38,14,7,45,65476,0,300,0,0,8,21553,0.0,-107605600.0,0.0,0.0,0.0,0.0,0.0,0.0,0.0,0.0,0.0,0.0,0.0,0.0,0.0,0.0,0.0,0.0,0.0,0.0,0.0,0.0,2.004,2.004,-0.0,0.0,0.0,0.0,0.0,0.0,4922.0,-131350.391,0.0,0.0,0.0,-107615280.0,2.718429300292151e+23,0.0,0.0,0.0,0.0,53,-0.0,-152017213325312.0,0.0,0.0,0.0,0.0,0.0,0.0,0.0,0,0,0,0.0,0.0,0.0,0.0,0.0,0.0,0.0,0.0,0.0,0.0,0.0,0.0,0.0,0.0,0.0,0.0,0,-107875648.0,53,0.0,106,-107614832.0,0.0,ERR,ERR,ERR,ERR,ERR,ERR,ERR,ERR,ERR,ERR,ERR,ERR,ERR,ERR,ERR,ERR,ERR,ERR,ERR,ERR,ERR,ERR,ERR,ERR,ERR,ERR,ERR,ERR,ERR,ERR,ERR,ERR,ERR,ERR,ERR,ERR,ERR,ERR,ERR,ERR,ERR,ERR,ERR,ERR,ERR,ERR,ERR,ERR,ERR,ERR,ERR,ERR,ERR,ERR,ERR,ERR,ERR,ERR,ERR,ERR,ERR,ERR,ERR,ERR,ERR,ERR,ERR,50.0,60.0,100,0.0,0.0,0.0,0.0,0.0,0.0,0.0,0.0,0.0,0.0,0.0,0.0,0.0,0.0,0.0,0.0,62.0,73,14,65513,50,65476,0,300,0,0,8,20529,65476,0,0,26214,60.0,0.0,0.0,0.0,0.0,0.0
2026-05-17T18:46:10,ERR,ERR,ERR,ERR,ERR,ERR,ERR,ERR,ERR,ERR,ERR,ERR,ERR,ERR,ERR,ERR,ERR,ERR,ERR,ERR,ERR,ERR,ERR,ERR,ERR,ERR,ERR,ERR,ERR,ERR,ERR,ERR,ERR,ERR,ERR,ERR,ERR,ERR,ERR,ERR,ERR,ERR,ERR,ERR,ERR,ERR,ERR,ERR,ERR,ERR,ERR,ERR,ERR,ERR,ERR,ERR,ERR,ERR,ERR,ERR,ERR,ERR,ERR,ERR,ERR,ERR,ERR,ERR,ERR,ERR,ERR,ERR,ERR,ERR,ERR,ERR,ERR,ERR,ERR,ERR,ERR,ERR,ERR,ERR,ERR,ERR,ERR,ERR,ERR,ERR,ERR,ERR,ERR,ERR,ERR,ERR,ERR,ERR,ERR,ERR,ERR,ERR,ERR,ERR,ERR,ERR,ERR,ERR,ERR,ERR,ERR,ERR,ERR,ERR,ERR,ERR,ERR,ERR,ERR,ERR,ERR,ERR,ERR,ERR,ERR,0.0,0.0,-134474944.0,0.0,0.0,1.3936040501711995e+18,7.805,0.0,0,0,4,0,8422,0.0,45,0.0,0.0,0.0,0.0,0.0,0,0,0,0,0.0,0,0,0,0,0,0,0,0,0,0,0,0,0,0,0,0,0,0,0,0,0,0,0,0,0,0,0,0,0,0,0,0,0,38,14,7,45,65476,0,300,0,0,8,21553,0.0,-107605600.0,0.0,0.0,0.0,0.0,0.0,0.0,0.0,0.0,0.0,0.0,0.0,0.0,0.0,0.0,0.0,0.0,0.0,0.0,0.0,0.0,2.004,2.004,-0.0,0.0,0.0,0.0,0.0,0.0,4922.0,-131350.391,0.0,0.0,0.0,-107615280.0,2.718429300292151e+23,0.0,0.0,0.0,0.0,53,-0.0,-152017213325312.0,0.0,0.0,0.0,0.0,0.0,0.0,0.0,0,0,0,0.0,0.0,0.0,0.0,0.0,0.0,0.0,0.0,0.0,0.0,0.0,0.0,0.0,0.0,0.0,0.0,0,-107875648.0,53,0.0,106,-107614832.0,0.0,ERR,ERR,ERR,ERR,ERR,ERR,ERR,ERR,ERR,ERR,ERR,ERR,ERR,ERR,ERR,ERR,ERR,ERR,ERR,ERR,ERR,ERR,ERR,ERR,ERR,ERR,ERR,ERR,ERR,ERR,ERR,ERR,ERR,ERR,ERR,ERR,ERR,ERR,ERR,ERR,ERR,ERR,ERR,ERR,ERR,ERR,ERR,ERR,ERR,ERR,ERR,ERR,ERR,ERR,ERR,ERR,ERR,ERR,ERR,ERR,ERR,ERR,ERR,ERR,ERR,ERR,ERR,50.0,60.0,100,0.0,0.0,0.0,0.0,0.0,0.0,0.0,0.0,0.0,0.0,0.0,0.0,0.0,0.0,0.0,0.0,62.0,73,14,65513,50,65476,0,300,0,0,8,20529,65476,0,0,26214,60.0,0.0,0.0,0.0,0.0,0.0
2026-05-17T18:46:11,ERR,ERR,ERR,ERR,ERR,ERR,ERR,ERR,ERR,ERR,ERR,ERR,ERR,ERR,ERR,ERR,ERR,ERR,ERR,ERR,ERR,ERR,ERR,ERR,ERR,ERR,ERR,ERR,ERR,ERR,ERR,ERR,ERR,ERR,ERR,ERR,ERR,ERR,ERR,ERR,ERR,ERR,ERR,ERR,ERR,ERR,ERR,ERR,ERR,ERR,ERR,ERR,ERR,ERR,ERR,ERR,ERR,ERR,ERR,ERR,ERR,ERR,ERR,ERR,ERR,ERR,ERR,ERR,ERR,ERR,ERR,ERR,ERR,ERR,ERR,ERR,ERR,ERR,ERR,ERR,ERR,ERR,ERR,ERR,ERR,ERR,ERR,ERR,ERR,ERR,ERR,ERR,ERR,ERR,ERR,ERR,ERR,ERR,ERR,ERR,ERR,ERR,ERR,ERR,ERR,ERR,ERR,ERR,ERR,ERR,ERR,ERR,ERR,ERR,ERR,ERR,ERR,ERR,ERR,ERR,ERR,ERR,ERR,ERR,ERR,0.0,0.0,-134474944.0,0.0,0.0,1.3936040501711995e+18,7.805,0.0,0,0,4,0,8422,0.0,45,0.0,0.0,0.0,0.0,0.0,0,0,0,0,0.0,0,0,0,0,0,0,0,0,0,0,0,0,0,0,0,0,0,0,0,0,0,0,0,0,0,0,0,0,0,0,0,0,0,38,14,7,45,65476,0,300,0,0,8,21553,0.0,-107605600.0,0.0,0.0,0.0,0.0,0.0,0.0,0.0,0.0,0.0,0.0,0.0,0.0,0.0,0.0,0.0,0.0,0.0,0.0,0.0,0.0,2.004,2.004,-0.0,0.0,0.0,0.0,0.0,0.0,4922.0,-131350.391,0.0,0.0,0.0,-107615280.0,2.718429300292151e+23,0.0,0.0,0.0,0.0,53,-0.0,-152017213325312.0,0.0,0.0,0.0,0.0,0.0,0.0,0.0,0,0,0,0.0,0.0,0.0,0.0,0.0,0.0,0.0,0.0,0.0,0.0,0.0,0.0,0.0,0.0,0.0,0.0,0,-107875648.0,53,0.0,106,-107614832.0,0.0,ERR,ERR,ERR,ERR,ERR,ERR,ERR,ERR,ERR,ERR,ERR,ERR,ERR,ERR,ERR,ERR,ERR,ERR,ERR,ERR,ERR,ERR,ERR,ERR,ERR,ERR,ERR,ERR,ERR,ERR,ERR,ERR,ERR,ERR,ERR,ERR,ERR,ERR,ERR,ERR,ERR,ERR,ERR,ERR,ERR,ERR,ERR,ERR,ERR,ERR,ERR,ERR,ERR,ERR,ERR,ERR,ERR,ERR,ERR,ERR,ERR,ERR,ERR,ERR,ERR,ERR,ERR,50.0,60.0,100,0.0,0.0,0.0,0.0,0.0,0.0,0.0,0.0,0.0,0.0,0.0,0.0,0.0,0.0,0.0,0.0,61.6,73,14,65513,50,65476,0,300,0,0,8,20529,65476,0,0,26214,60.0,0.0,0.0,0.0,0.0,0.0
2026-05-17T18:46:12,ERR,ERR,ERR,ERR,ERR,ERR,ERR,ERR,ERR,ERR,ERR,ERR,ERR,ERR,ERR,ERR,ERR,ERR,ERR,ERR,ERR,ERR,ERR,ERR,ERR,ERR,ERR,ERR,ERR,ERR,ERR,ERR,ERR,ERR,ERR,ERR,ERR,ERR,ERR,ERR,ERR,ERR,ERR,ERR,ERR,ERR,ERR,ERR,ERR,ERR,ERR,ERR,ERR,ERR,ERR,ERR,ERR,ERR,ERR,ERR,ERR,ERR,ERR,ERR,ERR,ERR,ERR,ERR,ERR,ERR,ERR,ERR,ERR,ERR,ERR,ERR,ERR,ERR,ERR,ERR,ERR,ERR,ERR,ERR,ERR,ERR,ERR,ERR,ERR,ERR,ERR,ERR,ERR,ERR,ERR,ERR,ERR,ERR,ERR,ERR,ERR,ERR,ERR,ERR,ERR,ERR,ERR,ERR,ERR,ERR,ERR,ERR,ERR,ERR,ERR,ERR,ERR,ERR,ERR,ERR,ERR,ERR,ERR,ERR,ERR,0.0,0.0,-134474944.0,0.0,0.0,1.3936040501711995e+18,7.805,0.0,0,0,4,0,8422,0.0,45,0.0,0.0,0.0,0.0,0.0,0,0,0,0,0.0,0,0,0,0,0,0,0,0,0,0,0,0,0,0,0,0,0,0,0,0,0,0,0,0,0,0,0,0,0,0,0,0,0,38,14,7,45,65476,0,300,0,0,8,21553,0.0,-107605600.0,0.0,0.0,0.0,0.0,0.0,0.0,0.0,0.0,0.0,0.0,0.0,0.0,0.0,0.0,0.0,0.0,0.0,0.0,0.0,0.0,0.0,2.004,-0.0,0.0,0.0,0.0,0.0,0.0,4949.0,0.0,0.0,0.0,0.0,-107615280.0,2.718429300292151e+23,0.0,0.0,0.0,0.0,53,-0.0,126840512512.0,0.0,0.0,0.0,0.0,0.0,0.0,0.0,0,0,0,0.0,0.0,0.0,0.0,0.0,0.0,0.0,0.0,0.0,0.0,0.0,0.0,0.0,0.0,0.0,0.0,0,-107875648.0,53,0.0,106,-107614832.0,0.0,ERR,ERR,ERR,ERR,ERR,ERR,ERR,ERR,ERR,ERR,ERR,ERR,ERR,ERR,ERR,ERR,ERR,ERR,ERR,ERR,ERR,ERR,ERR,ERR,ERR,ERR,ERR,ERR,ERR,ERR,ERR,ERR,ERR,ERR,ERR,ERR,ERR,ERR,ERR,ERR,ERR,ERR,ERR,ERR,ERR,ERR,ERR,ERR,ERR,ERR,ERR,ERR,ERR,ERR,ERR,ERR,ERR,ERR,ERR,ERR,ERR,ERR,ERR,ERR,ERR,ERR,ERR,50.0,60.0,100,0.0,0.0,0.0,0.0,0.0,0.0,0.0,0.0,0.0,0.0,0.0,0.0,0.0,0.0,0.0,0.0,61.6,73,14,65513,50,65476,0,300,0,0,8,20529,65476,0,0,26214,60.0,0.0,0.0,0.0,0.0,0.0
2026-05-17T18:46:13,ERR,ERR,ERR,ERR,ERR,ERR,ERR,ERR,ERR,ERR,ERR,ERR,ERR,ERR,ERR,ERR,ERR,ERR,ERR,ERR,ERR,ERR,ERR,ERR,ERR,ERR,ERR,ERR,ERR,ERR,ERR,ERR,ERR,ERR,ERR,ERR,ERR,ERR,ERR,ERR,ERR,ERR,ERR,ERR,ERR,ERR,ERR,ERR,ERR,ERR,ERR,ERR,ERR,ERR,ERR,ERR,ERR,ERR,ERR,ERR,ERR,ERR,ERR,ERR,ERR,ERR,ERR,ERR,ERR,ERR,ERR,ERR,ERR,ERR,ERR,ERR,ERR,ERR,ERR,ERR,ERR,ERR,ERR,ERR,ERR,ERR,ERR,ERR,ERR,ERR,ERR,ERR,ERR,ERR,ERR,ERR,ERR,ERR,ERR,ERR,ERR,ERR,ERR,ERR,ERR,ERR,ERR,ERR,ERR,ERR,ERR,ERR,ERR,ERR,ERR,ERR,ERR,ERR,ERR,ERR,ERR,ERR,ERR,ERR,ERR,0.0,0.0,-134474944.0,0.0,0.0,1.3936040501711995e+18,7.805,0.0,0,0,4,0,8422,0.0,45,0.0,0.0,0.0,0.0,0.0,0,0,0,0,0.0,0,0,0,0,0,0,0,0,0,0,0,0,0,0,0,0,0,0,0,0,0,0,0,0,0,0,0,0,0,0,0,0,0,38,14,7,45,65476,0,300,0,0,8,21553,0.0,-107605600.0,0.0,0.0,0.0,0.0,0.0,0.0,0.0,0.0,0.0,0.0,0.0,0.0,0.0,0.0,0.0,0.0,0.0,0.0,0.0,0.0,0.0,2.004,-0.0,0.0,0.0,0.0,0.0,0.0,4949.0,0.0,0.0,0.0,0.0,-107615280.0,2.718429300292151e+23,0.0,0.0,0.0,0.0,53,-0.0,126840512512.0,0.0,0.0,0.0,0.0,0.0,0.0,0.0,0,0,0,0.0,0.0,0.0,0.0,0.0,0.0,0.0,0.0,0.0,0.0,0.0,0.0,0.0,0.0,0.0,0.0,0,-107875648.0,53,0.0,106,-107614832.0,0.0,ERR,ERR,ERR,ERR,ERR,ERR,ERR,ERR,ERR,ERR,ERR,ERR,ERR,ERR,ERR,ERR,ERR,ERR,ERR,ERR,ERR,ERR,ERR,ERR,ERR,ERR,ERR,ERR,ERR,ERR,ERR,ERR,ERR,ERR,ERR,ERR,ERR,ERR,ERR,ERR,ERR,ERR,ERR,ERR,ERR,ERR,ERR,ERR,ERR,ERR,ERR,ERR,ERR,ERR,ERR,ERR,ERR,ERR,ERR,ERR,ERR,ERR,ERR,ERR,ERR,ERR,ERR,50.0,60.0,100,0.0,0.0,0.0,0.0,0.0,0.0,0.0,0.0,0.0,0.0,0.0,0.0,0.0,0.0,0.0,0.0,61.6,73,14,65513,50,65476,0,300,0,0,8,20529,65476,0,0,26214,60.0,0.0,0.0,0.0,0.0,0.0
2026-05-17T18:46:14,ERR,ERR,ERR,ERR,ERR,ERR,ERR,ERR,ERR,ERR,ERR,ERR,ERR,ERR,ERR,ERR,ERR,ERR,ERR,ERR,ERR,ERR,ERR,ERR,ERR,ERR,ERR,ERR,ERR,ERR,ERR,ERR,ERR,ERR,ERR,ERR,ERR,ERR,ERR,ERR,ERR,ERR,ERR,ERR,ERR,ERR,ERR,ERR,ERR,ERR,ERR,ERR,ERR,ERR,ERR,ERR,ERR,ERR,ERR,ERR,ERR,ERR,ERR,ERR,ERR,ERR,ERR,ERR,ERR,ERR,ERR,ERR,ERR,ERR,ERR,ERR,ERR,ERR,ERR,ERR,ERR,ERR,ERR,ERR,ERR,ERR,ERR,ERR,ERR,ERR,ERR,ERR,ERR,ERR,ERR,ERR,ERR,ERR,ERR,ERR,ERR,ERR,ERR,ERR,ERR,ERR,ERR,ERR,ERR,ERR,ERR,ERR,ERR,ERR,ERR,ERR,ERR,ERR,ERR,ERR,ERR,ERR,ERR,ERR,ERR,0.0,0.0,-134474944.0,0.0,0.0,1.3936040501711995e+18,7.805,0.0,0,0,4,0,8422,0.0,45,0.0,0.0,0.0,0.0,0.0,0,0,0,0,0.0,0,0,0,0,0,0,0,0,0,0,0,0,0,0,0,0,0,0,0,0,0,0,0,0,0,0,0,0,0,0,0,0,0,38,14,7,45,65476,0,300,0,0,8,21553,0.0,-107605600.0,0.0,0.0,0.0,0.0,0.0,0.0,0.0,0.0,0.0,0.0,0.0,0.0,0.0,0.0,0.0,0.0,0.0,0.0,0.0,0.0,0.0,2.004,-0.0,0.0,0.0,0.0,0.0,0.0,4949.0,0.0,0.0,0.0,0.0,-107615280.0,2.718429300292151e+23,0.0,0.0,0.0,0.0,53,-0.0,126840512512.0,0.0,0.0,0.0,0.0,0.0,0.0,0.0,0,0,0,0.0,0.0,0.0,0.0,0.0,0.0,0.0,0.0,0.0,0.0,0.0,0.0,0.0,0.0,0.0,0.0,0,-107875648.0,53,0.0,106,-107614832.0,0.0,ERR,ERR,ERR,ERR,ERR,ERR,ERR,ERR,ERR,ERR,ERR,ERR,ERR,ERR,ERR,ERR,ERR,ERR,ERR,ERR,ERR,ERR,ERR,ERR,ERR,ERR,ERR,ERR,ERR,ERR,ERR,ERR,ERR,ERR,ERR,ERR,ERR,ERR,ERR,ERR,ERR,ERR,ERR,ERR,ERR,ERR,ERR,ERR,ERR,ERR,ERR,ERR,ERR,ERR,ERR,ERR,ERR,ERR,ERR,ERR,ERR,ERR,ERR,ERR,ERR,ERR,ERR,50.0,60.0,100,0.0,0.0,0.0,0.0,0.0,0.0,0.0,0.0,0.0,0.0,0.0,0.0,0.0,0.0,0.0,0.0,62.0,73,14,65513,50,65476,0,300,0,0,8,20529,65476,0,0,26214,60.0,0.0,0.0,0.0,0.0,0.0
2026-05-17T18:46:15,ERR,ERR,ERR,ERR,ERR,ERR,ERR,ERR,ERR,ERR,ERR,ERR,ERR,ERR,ERR,ERR,ERR,ERR,ERR,ERR,ERR,ERR,ERR,ERR,ERR,ERR,ERR,ERR,ERR,ERR,ERR,ERR,ERR,ERR,ERR,ERR,ERR,ERR,ERR,ERR,ERR,ERR,ERR,ERR,ERR,ERR,ERR,ERR,ERR,ERR,ERR,ERR,ERR,ERR,ERR,ERR,ERR,ERR,ERR,ERR,ERR,ERR,ERR,ERR,ERR,ERR,ERR,ERR,ERR,ERR,ERR,ERR,ERR,ERR,ERR,ERR,ERR,ERR,ERR,ERR,ERR,ERR,ERR,ERR,ERR,ERR,ERR,ERR,ERR,ERR,ERR,ERR,ERR,ERR,ERR,ERR,ERR,ERR,ERR,ERR,ERR,ERR,ERR,ERR,ERR,ERR,ERR,ERR,ERR,ERR,ERR,ERR,ERR,ERR,ERR,ERR,ERR,ERR,ERR,ERR,ERR,ERR,ERR,ERR,ERR,0.0,0.0,-134474944.0,0.0,0.0,1.3936040501711995e+18,7.805,0.0,0,0,4,0,8422,0.0,45,0.0,0.0,0.0,0.0,0.0,0,0,0,0,0.0,0,0,0,0,0,0,0,0,0,0,0,0,0,0,0,0,0,0,0,0,0,0,0,0,0,0,0,0,0,0,0,0,0,38,14,7,45,65476,0,300,0,0,8,21553,0.0,-107605600.0,0.0,0.0,0.0,0.0,0.0,0.0,0.0,0.0,0.0,0.0,0.0,0.0,0.0,0.0,0.0,0.0,0.0,0.0,0.0,0.0,0.0,2.004,-0.0,0.0,0.0,0.0,0.0,0.0,4949.0,0.0,0.0,0.0,0.0,-107615280.0,2.718429300292151e+23,0.0,0.0,0.0,0.0,53,-0.0,126840512512.0,0.0,0.0,0.0,0.0,0.0,0.0,0.0,0,0,0,0.0,0.0,0.0,0.0,0.0,0.0,0.0,0.0,0.0,0.0,0.0,0.0,0.0,0.0,0.0,0.0,0,-107875648.0,53,0.0,106,-107614832.0,0.0,ERR,ERR,ERR,ERR,ERR,ERR,ERR,ERR,ERR,ERR,ERR,ERR,ERR,ERR,ERR,ERR,ERR,ERR,ERR,ERR,ERR,ERR,ERR,ERR,ERR,ERR,ERR,ERR,ERR,ERR,ERR,ERR,ERR,ERR,ERR,ERR,ERR,ERR,ERR,ERR,ERR,ERR,ERR,ERR,ERR,ERR,ERR,ERR,ERR,ERR,ERR,ERR,ERR,ERR,ERR,ERR,ERR,ERR,ERR,ERR,ERR,ERR,ERR,ERR,ERR,ERR,ERR,50.0,60.0,100,0.0,0.0,0.0,0.0,0.0,0.0,0.0,0.0,0.0,0.0,0.0,0.0,0.0,0.0,0.0,0.0,62.0,73,14,65513,50,65476,0,300,0,0,8,20529,65476,0,0,26214,60.0,0.0,0.0,0.0,0.0,0.0
2026-05-17T18:46:16,ERR,ERR,ERR,ERR,ERR,ERR,ERR,ERR,ERR,ERR,ERR,ERR,ERR,ERR,ERR,ERR,ERR,ERR,ERR,ERR,ERR,ERR,ERR,ERR,ERR,ERR,ERR,ERR,ERR,ERR,ERR,ERR,ERR,ERR,ERR,ERR,ERR,ERR,ERR,ERR,ERR,ERR,ERR,ERR,ERR,ERR,ERR,ERR,ERR,ERR,ERR,ERR,ERR,ERR,ERR,ERR,ERR,ERR,ERR,ERR,ERR,ERR,ERR,ERR,ERR,ERR,ERR,ERR,ERR,ERR,ERR,ERR,ERR,ERR,ERR,ERR,ERR,ERR,ERR,ERR,ERR,ERR,ERR,ERR,ERR,ERR,ERR,ERR,ERR,ERR,ERR,ERR,ERR,ERR,ERR,ERR,ERR,ERR,ERR,ERR,ERR,ERR,ERR,ERR,ERR,ERR,ERR,ERR,ERR,ERR,ERR,ERR,ERR,ERR,ERR,ERR,ERR,ERR,ERR,ERR,ERR,ERR,ERR,ERR,ERR,0.0,0.0,-134474944.0,0.0,0.0,1.3936040501711995e+18,7.805,0.0,0,0,4,0,8422,0.0,45,0.0,0.0,0.0,0.0,0.0,0,0,0,0,0.0,0,0,0,0,0,0,0,0,0,0,0,0,0,0,0,0,0,0,0,0,0,0,0,0,0,0,0,0,0,0,0,0,0,38,14,7,45,65476,0,300,0,0,8,21553,0.0,-107605600.0,0.0,0.0,0.0,0.0,0.0,0.0,0.0,0.0,0.0,0.0,0.0,0.0,0.0,0.0,0.0,0.0,0.0,0.0,0.0,0.0,0.0,2.004,-0.0,0.0,0.0,0.0,0.0,0.0,4949.0,0.0,0.0,0.0,0.0,-107615280.0,2.718429300292151e+23,0.0,0.0,0.0,0.0,53,-0.0,126840512512.0,0.0,0.0,0.0,0.0,0.0,0.0,0.0,0,0,0,0.0,0.0,0.0,0.0,0.0,0.0,0.0,0.0,0.0,0.0,0.0,0.0,0.0,0.0,0.0,0.0,0,-107875648.0,53,0.0,106,-107614832.0,0.0,ERR,ERR,ERR,ERR,ERR,ERR,ERR,ERR,ERR,ERR,ERR,ERR,ERR,ERR,ERR,ERR,ERR,ERR,ERR,ERR,ERR,ERR,ERR,ERR,ERR,ERR,ERR,ERR,ERR,ERR,ERR,ERR,ERR,ERR,ERR,ERR,ERR,ERR,ERR,ERR,ERR,ERR,ERR,ERR,ERR,ERR,ERR,ERR,ERR,ERR,ERR,ERR,ERR,ERR,ERR,ERR,ERR,ERR,ERR,ERR,ERR,ERR,ERR,ERR,ERR,ERR,ERR,50.0,60.0,100,0.0,0.0,0.0,0.0,0.0,0.0,0.0,0.0,0.0,0.0,0.0,0.0,0.0,0.0,0.0,0.0,61.6,73,14,65513,50,65476,0,300,0,0,8,20529,65476,0,0,26214,60.0,0.0,0.0,0.0,0.0,0.0
2026-05-17T18:46:17,ERR,ERR,ERR,ERR,ERR,ERR,ERR,ERR,ERR,ERR,ERR,ERR,ERR,ERR,ERR,ERR,ERR,ERR,ERR,ERR,ERR,ERR,ERR,ERR,ERR,ERR,ERR,ERR,ERR,ERR,ERR,ERR,ERR,ERR,ERR,ERR,ERR,ERR,ERR,ERR,ERR,ERR,ERR,ERR,ERR,ERR,ERR,ERR,ERR,ERR,ERR,ERR,ERR,ERR,ERR,ERR,ERR,ERR,ERR,ERR,ERR,ERR,ERR,ERR,ERR,ERR,ERR,ERR,ERR,ERR,ERR,ERR,ERR,ERR,ERR,ERR,ERR,ERR,ERR,ERR,ERR,ERR,ERR,ERR,ERR,ERR,ERR,ERR,ERR,ERR,ERR,ERR,ERR,ERR,ERR,ERR,ERR,ERR,ERR,ERR,ERR,ERR,ERR,ERR,ERR,ERR,ERR,ERR,ERR,ERR,ERR,ERR,ERR,ERR,ERR,ERR,ERR,ERR,ERR,ERR,ERR,ERR,ERR,ERR,ERR,0.0,0.0,-134474944.0,0.0,0.0,1.3936040501711995e+18,7.805,0.0,0,0,4,0,8422,0.0,45,0.0,0.0,0.0,0.0,0.0,0,0,0,0,0.0,0,0,0,0,0,0,0,0,0,0,0,0,0,0,0,0,0,0,0,0,0,0,0,0,0,0,0,0,0,0,0,0,0,38,14,7,45,65476,0,300,0,0,8,21553,0.0,-107605600.0,0.0,0.0,0.0,0.0,0.0,0.0,0.0,0.0,0.0,0.0,0.0,0.0,0.0,0.0,0.0,0.0,0.0,0.0,0.0,0.0,2.004,2.004,-0.0,0.0,0.0,0.0,0.0,0.0,4949.0,-0.0,0.0,0.0,0.0,-107615280.0,2.718429300292151e+23,0.0,0.0,0.0,0.0,53,-0.0,-2.308827523576129e+20,0.0,0.0,0.0,0.0,0.0,0.0,0.0,0,0,0,0.0,0.0,0.0,0.0,0.0,0.0,0.0,0.0,0.0,0.0,0.0,0.0,0.0,0.0,0.0,0.0,0,-107875648.0,53,0.0,106,-107614832.0,0.0,ERR,ERR,ERR,ERR,ERR,ERR,ERR,ERR,ERR,ERR,ERR,ERR,ERR,ERR,ERR,ERR,ERR,ERR,ERR,ERR,ERR,ERR,ERR,ERR,ERR,ERR,ERR,ERR,ERR,ERR,ERR,ERR,ERR,ERR,ERR,ERR,ERR,ERR,ERR,ERR,ERR,ERR,ERR,ERR,ERR,ERR,ERR,ERR,ERR,ERR,ERR,ERR,ERR,ERR,ERR,ERR,ERR,ERR,ERR,ERR,ERR,ERR,ERR,ERR,ERR,ERR,ERR,50.0,60.0,100,0.0,0.0,0.0,0.0,0.0,0.0,0.0,0.0,0.0,0.0,0.0,0.0,0.0,0.0,0.0,0.0,61.6,73,14,65513,50,65476,0,300,0,0,8,20529,65476,0,0,26214,60.0,0.0,0.0,0.0,0.0,0.0
2026-05-17T18:46:18,ERR,ERR,ERR,ERR,ERR,ERR,ERR,ERR,ERR,ERR,ERR,ERR,ERR,ERR,ERR,ERR,ERR,ERR,ERR,ERR,ERR,ERR,ERR,ERR,ERR,ERR,ERR,ERR,ERR,ERR,ERR,ERR,ERR,ERR,ERR,ERR,ERR,ERR,ERR,ERR,ERR,ERR,ERR,ERR,ERR,ERR,ERR,ERR,ERR,ERR,ERR,ERR,ERR,ERR,ERR,ERR,ERR,ERR,ERR,ERR,ERR,ERR,ERR,ERR,ERR,ERR,ERR,ERR,ERR,ERR,ERR,ERR,ERR,ERR,ERR,ERR,ERR,ERR,ERR,ERR,ERR,ERR,ERR,ERR,ERR,ERR,ERR,ERR,ERR,ERR,ERR,ERR,ERR,ERR,ERR,ERR,ERR,ERR,ERR,ERR,ERR,ERR,ERR,ERR,ERR,ERR,ERR,ERR,ERR,ERR,ERR,ERR,ERR,ERR,ERR,ERR,ERR,ERR,ERR,ERR,ERR,ERR,ERR,ERR,ERR,0.0,0.0,-134474944.0,0.0,0.0,1.3936040501711995e+18,7.805,0.0,0,0,4,0,8422,0.0,45,0.0,0.0,0.0,0.0,0.0,0,0,0,0,0.0,0,0,0,0,0,0,0,0,0,0,0,0,0,0,0,0,0,0,0,0,0,0,0,0,0,0,0,0,0,0,0,0,0,38,14,7,45,65476,0,300,0,0,8,21553,0.0,-107605600.0,0.0,0.0,0.0,0.0,0.0,0.0,0.0,0.0,0.0,0.0,0.0,0.0,0.0,0.0,0.0,0.0,0.0,0.0,0.0,0.0,2.004,2.004,-0.0,0.0,0.0,0.0,0.0,0.0,4949.0,-0.0,0.0,0.0,0.0,-107615280.0,2.718429300292151e+23,0.0,0.0,0.0,0.0,53,-0.0,-2.308827523576129e+20,0.0,0.0,0.0,0.0,0.0,0.0,0.0,0,0,0,0.0,0.0,0.0,0.0,0.0,0.0,0.0,0.0,0.0,0.0,0.0,0.0,0.0,0.0,0.0,0.0,0,-107875648.0,53,0.0,106,-107614832.0,0.0,ERR,ERR,ERR,ERR,ERR,ERR,ERR,ERR,ERR,ERR,ERR,ERR,ERR,ERR,ERR,ERR,ERR,ERR,ERR,ERR,ERR,ERR,ERR,ERR,ERR,ERR,ERR,ERR,ERR,ERR,ERR,ERR,ERR,ERR,ERR,ERR,ERR,ERR,ERR,ERR,ERR,ERR,ERR,ERR,ERR,ERR,ERR,ERR,ERR,ERR,ERR,ERR,ERR,ERR,ERR,ERR,ERR,ERR,ERR,ERR,ERR,ERR,ERR,ERR,ERR,ERR,ERR,50.0,60.0,100,0.0,0.0,0.0,0.0,0.0,0.0,0.0,0.0,0.0,0.0,0.0,0.0,0.0,0.0,0.0,0.0,61.6,73,14,65513,50,65476,0,300,0,0,8,20529,65476,0,0,26214,60.0,0.0,0.0,0.0,0.0,0.0
2026-05-17T18:46:19,ERR,ERR,ERR,ERR,ERR,ERR,ERR,ERR,ERR,ERR,ERR,ERR,ERR,ERR,ERR,ERR,ERR,ERR,ERR,ERR,ERR,ERR,ERR,ERR,ERR,ERR,ERR,ERR,ERR,ERR,ERR,ERR,ERR,ERR,ERR,ERR,ERR,ERR,ERR,ERR,ERR,ERR,ERR,ERR,ERR,ERR,ERR,ERR,ERR,ERR,ERR,ERR,ERR,ERR,ERR,ERR,ERR,ERR,ERR,ERR,ERR,ERR,ERR,ERR,ERR,ERR,ERR,ERR,ERR,ERR,ERR,ERR,ERR,ERR,ERR,ERR,ERR,ERR,ERR,ERR,ERR,ERR,ERR,ERR,ERR,ERR,ERR,ERR,ERR,ERR,ERR,ERR,ERR,ERR,ERR,ERR,ERR,ERR,ERR,ERR,ERR,ERR,ERR,ERR,ERR,ERR,ERR,ERR,ERR,ERR,ERR,ERR,ERR,ERR,ERR,ERR,ERR,ERR,ERR,ERR,ERR,ERR,ERR,ERR,ERR,0.0,0.0,-134474944.0,0.0,0.0,1.3936040501711995e+18,7.805,0.0,0,0,4,0,8422,0.0,45,0.0,0.0,0.0,0.0,0.0,0,0,0,0,0.0,0,0,0,0,0,0,0,0,0,0,0,0,0,0,0,0,0,0,0,0,0,0,0,0,0,0,0,0,0,0,0,0,0,38,14,7,45,65476,0,300,0,0,8,21553,0.0,-107605600.0,0.0,0.0,0.0,0.0,0.0,0.0,0.0,0.0,0.0,0.0,0.0,0.0,0.0,0.0,0.0,0.0,0.0,0.0,0.0,0.0,2.004,2.004,-0.0,0.0,0.0,0.0,0.0,0.0,4949.0,-0.0,0.0,0.0,0.0,-107615280.0,2.718429300292151e+23,0.0,0.0,0.0,0.0,53,-0.0,-2.308827523576129e+20,0.0,0.0,0.0,0.0,0.0,0.0,0.0,0,0,0,0.0,0.0,0.0,0.0,0.0,0.0,0.0,0.0,0.0,0.0,0.0,0.0,0.0,0.0,0.0,0.0,0,-107875648.0,53,0.0,106,-107614832.0,0.0,ERR,ERR,ERR,ERR,ERR,ERR,ERR,ERR,ERR,ERR,ERR,ERR,ERR,ERR,ERR,ERR,ERR,ERR,ERR,ERR,ERR,ERR,ERR,ERR,ERR,ERR,ERR,ERR,ERR,ERR,ERR,ERR,ERR,ERR,ERR,ERR,ERR,ERR,ERR,ERR,ERR,ERR,ERR,ERR,ERR,ERR,ERR,ERR,ERR,ERR,ERR,ERR,ERR,ERR,ERR,ERR,ERR,ERR,ERR,ERR,ERR,ERR,ERR,ERR,ERR,ERR,ERR,50.0,60.0,100,0.0,0.0,0.0,0.0,0.0,0.0,0.0,0.0,0.0,0.0,0.0,0.0,0.0,0.0,0.0,0.0,61.6,73,14,65513,50,65476,0,300,0,0,8,20529,65476,0,0,26214,60.0,0.0,0.0,0.0,0.0,0.0
2026-05-17T18:46:20,ERR,ERR,ERR,ERR,ERR,ERR,ERR,ERR,ERR,ERR,ERR,ERR,ERR,ERR,ERR,ERR,ERR,ERR,ERR,ERR,ERR,ERR,ERR,ERR,ERR,ERR,ERR,ERR,ERR,ERR,ERR,ERR,ERR,ERR,ERR,ERR,ERR,ERR,ERR,ERR,ERR,ERR,ERR,ERR,ERR,ERR,ERR,ERR,ERR,ERR,ERR,ERR,ERR,ERR,ERR,ERR,ERR,ERR,ERR,ERR,ERR,ERR,ERR,ERR,ERR,ERR,ERR,ERR,ERR,ERR,ERR,ERR,ERR,ERR,ERR,ERR,ERR,ERR,ERR,ERR,ERR,ERR,ERR,ERR,ERR,ERR,ERR,ERR,ERR,ERR,ERR,ERR,ERR,ERR,ERR,ERR,ERR,ERR,ERR,ERR,ERR,ERR,ERR,ERR,ERR,ERR,ERR,ERR,ERR,ERR,ERR,ERR,ERR,ERR,ERR,ERR,ERR,ERR,ERR,ERR,ERR,ERR,ERR,ERR,ERR,0.0,0.0,-134474944.0,0.0,0.0,1.3936040501711995e+18,7.805,0.0,0,0,4,0,8422,0.0,45,0.0,0.0,0.0,0.0,0.0,0,0,0,0,0.0,0,0,0,0,0,0,0,0,0,0,0,0,0,0,0,0,0,0,0,0,0,0,0,0,0,0,0,0,0,0,0,0,0,38,14,7,45,65476,0,300,0,0,8,21553,0.0,-107605600.0,0.0,0.0,0.0,0.0,0.0,0.0,0.0,0.0,0.0,0.0,0.0,0.0,0.0,0.0,0.0,0.0,0.0,0.0,0.0,0.0,2.004,2.004,-0.0,0.0,0.0,0.0,0.0,0.0,4949.0,-0.0,0.0,0.0,0.0,-107615280.0,2.718429300292151e+23,0.0,0.0,0.0,0.0,53,-0.0,-2.308827523576129e+20,0.0,0.0,0.0,0.0,0.0,0.0,0.0,0,0,0,0.0,0.0,0.0,0.0,0.0,0.0,0.0,0.0,0.0,0.0,0.0,0.0,0.0,0.0,0.0,0.0,0,-107875648.0,53,0.0,106,-107614832.0,0.0,ERR,ERR,ERR,ERR,ERR,ERR,ERR,ERR,ERR,ERR,ERR,ERR,ERR,ERR,ERR,ERR,ERR,ERR,ERR,ERR,ERR,ERR,ERR,ERR,ERR,ERR,ERR,ERR,ERR,ERR,ERR,ERR,ERR,ERR,ERR,ERR,ERR,ERR,ERR,ERR,ERR,ERR,ERR,ERR,ERR,ERR,ERR,ERR,ERR,ERR,ERR,ERR,ERR,ERR,ERR,ERR,ERR,ERR,ERR,ERR,ERR,ERR,ERR,ERR,ERR,ERR,ERR,50.0,60.0,100,0.0,0.0,0.0,0.0,0.0,0.0,0.0,0.0,0.0,0.0,0.0,0.0,0.0,0.0,0.0,0.0,61.6,73,14,65513,50,65476,0,300,0,0,8,20529,65476,0,0,26214,60.0,0.0,0.0,0.0,0.0,0.0
2026-05-17T18:46:21,ERR,ERR,ERR,ERR,ERR,ERR,ERR,ERR,ERR,ERR,ERR,ERR,ERR,ERR,ERR,ERR,ERR,ERR,ERR,ERR,ERR,ERR,ERR,ERR,ERR,ERR,ERR,ERR,ERR,ERR,ERR,ERR,ERR,ERR,ERR,ERR,ERR,ERR,ERR,ERR,ERR,ERR,ERR,ERR,ERR,ERR,ERR,ERR,ERR,ERR,ERR,ERR,ERR,ERR,ERR,ERR,ERR,ERR,ERR,ERR,ERR,ERR,ERR,ERR,ERR,ERR,ERR,ERR,ERR,ERR,ERR,ERR,ERR,ERR,ERR,ERR,ERR,ERR,ERR,ERR,ERR,ERR,ERR,ERR,ERR,ERR,ERR,ERR,ERR,ERR,ERR,ERR,ERR,ERR,ERR,ERR,ERR,ERR,ERR,ERR,ERR,ERR,ERR,ERR,ERR,ERR,ERR,ERR,ERR,ERR,ERR,ERR,ERR,ERR,ERR,ERR,ERR,ERR,ERR,ERR,ERR,ERR,ERR,ERR,ERR,0.0,0.0,-134474944.0,0.0,0.0,1.3936040501711995e+18,7.805,0.0,0,0,4,0,8422,0.0,45,0.0,0.0,0.0,0.0,0.0,0,0,0,0,0.0,0,0,0,0,0,0,0,0,0,0,0,0,0,0,0,0,0,0,0,0,0,0,0,0,0,0,0,0,0,0,0,0,0,38,14,7,45,65476,0,300,0,0,8,21553,0.0,-107605600.0,0.0,0.0,0.0,0.0,0.0,0.0,0.0,0.0,0.0,0.0,0.0,0.0,0.0,0.0,0.0,0.0,0.0,0.0,0.0,0.0,2.004,2.004,-0.0,0.0,0.0,0.0,0.0,0.0,4949.0,-0.0,0.0,0.0,0.0,-107615280.0,2.718429300292151e+23,0.0,0.0,0.0,0.0,53,-0.0,-2.308827523576129e+20,0.0,0.0,0.0,0.0,0.0,0.0,0.0,0,0,0,0.0,0.0,0.0,0.0,0.0,0.0,0.0,0.0,0.0,0.0,0.0,0.0,0.0,0.0,0.0,0.0,0,-107875648.0,53,0.0,106,-107614832.0,0.0,ERR,ERR,ERR,ERR,ERR,ERR,ERR,ERR,ERR,ERR,ERR,ERR,ERR,ERR,ERR,ERR,ERR,ERR,ERR,ERR,ERR,ERR,ERR,ERR,ERR,ERR,ERR,ERR,ERR,ERR,ERR,ERR,ERR,ERR,ERR,ERR,ERR,ERR,ERR,ERR,ERR,ERR,ERR,ERR,ERR,ERR,ERR,ERR,ERR,ERR,ERR,ERR,ERR,ERR,ERR,ERR,ERR,ERR,ERR,ERR,ERR,ERR,ERR,ERR,ERR,ERR,ERR,50.0,60.0,100,0.0,0.0,0.0,0.0,0.0,0.0,0.0,0.0,0.0,0.0,0.0,0.0,0.0,0.0,0.0,0.0,61.6,73,14,65513,50,65476,0,300,0,0,8,20529,65476,0,0,26214,60.0,0.0,0.0,0.0,0.0,0.0
2026-05-17T18:46:22,ERR,ERR,ERR,ERR,ERR,ERR,ERR,ERR,ERR,ERR,ERR,ERR,ERR,ERR,ERR,ERR,ERR,ERR,ERR,ERR,ERR,ERR,ERR,ERR,ERR,ERR,ERR,ERR,ERR,ERR,ERR,ERR,ERR,ERR,ERR,ERR,ERR,ERR,ERR,ERR,ERR,ERR,ERR,ERR,ERR,ERR,ERR,ERR,ERR,ERR,ERR,ERR,ERR,ERR,ERR,ERR,ERR,ERR,ERR,ERR,ERR,ERR,ERR,ERR,ERR,ERR,ERR,ERR,ERR,ERR,ERR,ERR,ERR,ERR,ERR,ERR,ERR,ERR,ERR,ERR,ERR,ERR,ERR,ERR,ERR,ERR,ERR,ERR,ERR,ERR,ERR,ERR,ERR,ERR,ERR,ERR,ERR,ERR,ERR,ERR,ERR,ERR,ERR,ERR,ERR,ERR,ERR,ERR,ERR,ERR,ERR,ERR,ERR,ERR,ERR,ERR,ERR,ERR,ERR,ERR,ERR,ERR,ERR,ERR,ERR,0.0,0.0,-134474944.0,0.0,0.0,1.3936040501711995e+18,7.805,0.0,0,0,4,0,8422,0.0,45,0.0,0.0,0.0,0.0,0.0,0,0,0,0,0.0,0,0,0,0,0,0,0,0,0,0,0,0,0,0,0,0,0,0,0,0,0,0,0,0,0,0,0,0,0,0,0,0,0,38,14,7,45,65476,0,300,0,0,8,21553,0.0,-107605600.0,0.0,0.0,0.0,0.0,0.0,0.0,0.0,0.0,0.0,0.0,0.0,0.0,0.0,0.0,0.0,0.0,0.0,0.0,0.0,0.0,2.004,2.004,-0.0,0.0,0.0,0.0,0.0,0.0,4944.0,-0.0,0.0,0.0,0.0,-107615280.0,2.718429300292151e+23,0.0,0.0,0.0,0.0,53,2.7184300208680915e+23,-152017230102528.0,0.0,0.0,0.0,0.0,0.0,0.0,0.0,0,0,0,0.0,0.0,0.0,0.0,0.0,0.0,0.0,0.0,0.0,0.0,0.0,0.0,0.0,0.0,0.0,0.0,0,-107875648.0,53,0.0,106,-107614832.0,0.0,ERR,ERR,ERR,ERR,ERR,ERR,ERR,ERR,ERR,ERR,ERR,ERR,ERR,ERR,ERR,ERR,ERR,ERR,ERR,ERR,ERR,ERR,ERR,ERR,ERR,ERR,ERR,ERR,ERR,ERR,ERR,ERR,ERR,ERR,ERR,ERR,ERR,ERR,ERR,ERR,ERR,ERR,ERR,ERR,ERR,ERR,ERR,ERR,ERR,ERR,ERR,ERR,ERR,ERR,ERR,ERR,ERR,ERR,ERR,ERR,ERR,ERR,ERR,ERR,ERR,ERR,ERR,50.0,60.0,100,0.0,0.0,0.0,0.0,0.0,0.0,0.0,0.0,0.0,0.0,0.0,0.0,0.0,0.0,0.0,0.0,61.6,73,14,65513,50,65476,0,300,0,0,8,20529,65476,0,0,26214,60.0,0.0,0.0,0.0,0.0,0.0
2026-05-17T18:46:23,ERR,ERR,ERR,ERR,ERR,ERR,ERR,ERR,ERR,ERR,ERR,ERR,ERR,ERR,ERR,ERR,ERR,ERR,ERR,ERR,ERR,ERR,ERR,ERR,ERR,ERR,ERR,ERR,ERR,ERR,ERR,ERR,ERR,ERR,ERR,ERR,ERR,ERR,ERR,ERR,ERR,ERR,ERR,ERR,ERR,ERR,ERR,ERR,ERR,ERR,ERR,ERR,ERR,ERR,ERR,ERR,ERR,ERR,ERR,ERR,ERR,ERR,ERR,ERR,ERR,ERR,ERR,ERR,ERR,ERR,ERR,ERR,ERR,ERR,ERR,ERR,ERR,ERR,ERR,ERR,ERR,ERR,ERR,ERR,ERR,ERR,ERR,ERR,ERR,ERR,ERR,ERR,ERR,ERR,ERR,ERR,ERR,ERR,ERR,ERR,ERR,ERR,ERR,ERR,ERR,ERR,ERR,ERR,ERR,ERR,ERR,ERR,ERR,ERR,ERR,ERR,ERR,ERR,ERR,ERR,ERR,ERR,ERR,ERR,ERR,0.0,0.0,-134474944.0,0.0,0.0,1.3936040501711995e+18,7.805,0.0,0,0,4,0,8422,0.0,45,0.0,0.0,0.0,0.0,0.0,0,0,0,0,0.0,0,0,0,0,0,0,0,0,0,0,0,0,0,0,0,0,0,0,0,0,0,0,0,0,0,0,0,0,0,0,0,0,0,38,14,7,45,65476,0,300,0,0,8,21553,0.0,-107605600.0,0.0,0.0,0.0,0.0,0.0,0.0,0.0,0.0,0.0,0.0,0.0,0.0,0.0,0.0,0.0,0.0,0.0,0.0,0.0,0.0,2.004,2.004,-0.0,0.0,0.0,0.0,0.0,0.0,4944.0,-0.0,0.0,0.0,0.0,-107615280.0,2.718429300292151e+23,0.0,0.0,0.0,0.0,53,2.7184300208680915e+23,-152017230102528.0,0.0,0.0,0.0,0.0,0.0,0.0,0.0,0,0,0,0.0,0.0,0.0,0.0,0.0,0.0,0.0,0.0,0.0,0.0,0.0,0.0,0.0,0.0,0.0,0.0,0,-107875648.0,53,0.0,106,-107614832.0,0.0,ERR,ERR,ERR,ERR,ERR,ERR,ERR,ERR,ERR,ERR,ERR,ERR,ERR,ERR,ERR,ERR,ERR,ERR,ERR,ERR,ERR,ERR,ERR,ERR,ERR,ERR,ERR,ERR,ERR,ERR,ERR,ERR,ERR,ERR,ERR,ERR,ERR,ERR,ERR,ERR,ERR,ERR,ERR,ERR,ERR,ERR,ERR,ERR,ERR,ERR,ERR,ERR,ERR,ERR,ERR,ERR,ERR,ERR,ERR,ERR,ERR,ERR,ERR,ERR,ERR,ERR,ERR,50.0,60.0,100,0.0,0.0,0.0,0.0,0.0,0.0,0.0,0.0,0.0,0.0,0.0,0.0,0.0,0.0,0.0,0.0,61.6,73,14,65513,50,65476,0,300,0,0,8,20529,65476,0,0,26214,60.0,0.0,0.0,0.0,0.0,0.0
2026-05-17T18:46:24,ERR,ERR,ERR,ERR,ERR,ERR,ERR,ERR,ERR,ERR,ERR,ERR,ERR,ERR,ERR,ERR,ERR,ERR,ERR,ERR,ERR,ERR,ERR,ERR,ERR,ERR,ERR,ERR,ERR,ERR,ERR,ERR,ERR,ERR,ERR,ERR,ERR,ERR,ERR,ERR,ERR,ERR,ERR,ERR,ERR,ERR,ERR,ERR,ERR,ERR,ERR,ERR,ERR,ERR,ERR,ERR,ERR,ERR,ERR,ERR,ERR,ERR,ERR,ERR,ERR,ERR,ERR,ERR,ERR,ERR,ERR,ERR,ERR,ERR,ERR,ERR,ERR,ERR,ERR,ERR,ERR,ERR,ERR,ERR,ERR,ERR,ERR,ERR,ERR,ERR,ERR,ERR,ERR,ERR,ERR,ERR,ERR,ERR,ERR,ERR,ERR,ERR,ERR,ERR,ERR,ERR,ERR,ERR,ERR,ERR,ERR,ERR,ERR,ERR,ERR,ERR,ERR,ERR,ERR,ERR,ERR,ERR,ERR,ERR,ERR,0.0,0.0,-134474944.0,0.0,0.0,1.3936040501711995e+18,7.805,0.0,0,0,4,0,8422,0.0,45,0.0,0.0,0.0,0.0,0.0,0,0,0,0,0.0,0,0,0,0,0,0,0,0,0,0,0,0,0,0,0,0,0,0,0,0,0,0,0,0,0,0,0,0,0,0,0,0,0,38,14,7,45,65476,0,300,0,0,8,21553,0.0,-107605600.0,0.0,0.0,0.0,0.0,0.0,0.0,0.0,0.0,0.0,0.0,0.0,0.0,0.0,0.0,0.0,0.0,0.0,0.0,0.0,0.0,2.004,2.004,-0.0,0.0,0.0,0.0,0.0,0.0,4944.0,-0.0,0.0,0.0,0.0,-107615280.0,2.718429300292151e+23,0.0,0.0,0.0,0.0,53,2.7184300208680915e+23,-152017230102528.0,0.0,0.0,0.0,0.0,0.0,0.0,0.0,0,0,0,0.0,0.0,0.0,0.0,0.0,0.0,0.0,0.0,0.0,0.0,0.0,0.0,0.0,0.0,0.0,0.0,0,-107875648.0,53,0.0,106,-107614832.0,0.0,ERR,ERR,ERR,ERR,ERR,ERR,ERR,ERR,ERR,ERR,ERR,ERR,ERR,ERR,ERR,ERR,ERR,ERR,ERR,ERR,ERR,ERR,ERR,ERR,ERR,ERR,ERR,ERR,ERR,ERR,ERR,ERR,ERR,ERR,ERR,ERR,ERR,ERR,ERR,ERR,ERR,ERR,ERR,ERR,ERR,ERR,ERR,ERR,ERR,ERR,ERR,ERR,ERR,ERR,ERR,ERR,ERR,ERR,ERR,ERR,ERR,ERR,ERR,ERR,ERR,ERR,ERR,50.0,60.0,100,0.0,0.0,0.0,0.0,0.0,0.0,0.0,0.0,0.0,0.0,0.0,0.0,0.0,0.0,0.0,0.0,61.6,73,14,65513,50,65476,0,300,0,0,8,20529,65476,0,0,26214,60.0,0.0,0.0,0.0,0.0,0.0
2026-05-17T18:46:25,ERR,ERR,ERR,ERR,ERR,ERR,ERR,ERR,ERR,ERR,ERR,ERR,ERR,ERR,ERR,ERR,ERR,ERR,ERR,ERR,ERR,ERR,ERR,ERR,ERR,ERR,ERR,ERR,ERR,ERR,ERR,ERR,ERR,ERR,ERR,ERR,ERR,ERR,ERR,ERR,ERR,ERR,ERR,ERR,ERR,ERR,ERR,ERR,ERR,ERR,ERR,ERR,ERR,ERR,ERR,ERR,ERR,ERR,ERR,ERR,ERR,ERR,ERR,ERR,ERR,ERR,ERR,ERR,ERR,ERR,ERR,ERR,ERR,ERR,ERR,ERR,ERR,ERR,ERR,ERR,ERR,ERR,ERR,ERR,ERR,ERR,ERR,ERR,ERR,ERR,ERR,ERR,ERR,ERR,ERR,ERR,ERR,ERR,ERR,ERR,ERR,ERR,ERR,ERR,ERR,ERR,ERR,ERR,ERR,ERR,ERR,ERR,ERR,ERR,ERR,ERR,ERR,ERR,ERR,ERR,ERR,ERR,ERR,ERR,ERR,0.0,0.0,-134474944.0,0.0,0.0,1.3936040501711995e+18,7.805,0.0,0,0,4,0,8422,0.0,45,0.0,0.0,0.0,0.0,0.0,0,0,0,0,0.0,0,0,0,0,0,0,0,0,0,0,0,0,0,0,0,0,0,0,0,0,0,0,0,0,0,0,0,0,0,0,0,0,0,38,14,7,45,65476,0,300,0,0,8,21553,0.0,-107605600.0,0.0,0.0,0.0,0.0,0.0,0.0,0.0,0.0,0.0,0.0,0.0,0.0,0.0,0.0,0.0,0.0,0.0,0.0,0.0,0.0,2.004,2.004,-0.0,0.0,0.0,0.0,0.0,0.0,4944.0,-0.0,0.0,0.0,0.0,-107615280.0,2.718429300292151e+23,0.0,0.0,0.0,0.0,53,2.7184300208680915e+23,-152017230102528.0,0.0,0.0,0.0,0.0,0.0,0.0,0.0,0,0,0,0.0,0.0,0.0,0.0,0.0,0.0,0.0,0.0,0.0,0.0,0.0,0.0,0.0,0.0,0.0,0.0,0,-107875648.0,53,0.0,106,-107614832.0,0.0,ERR,ERR,ERR,ERR,ERR,ERR,ERR,ERR,ERR,ERR,ERR,ERR,ERR,ERR,ERR,ERR,ERR,ERR,ERR,ERR,ERR,ERR,ERR,ERR,ERR,ERR,ERR,ERR,ERR,ERR,ERR,ERR,ERR,ERR,ERR,ERR,ERR,ERR,ERR,ERR,ERR,ERR,ERR,ERR,ERR,ERR,ERR,ERR,ERR,ERR,ERR,ERR,ERR,ERR,ERR,ERR,ERR,ERR,ERR,ERR,ERR,ERR,ERR,ERR,ERR,ERR,ERR,50.0,60.0,100,0.0,0.0,0.0,0.0,0.0,0.0,0.0,0.0,0.0,0.0,0.0,0.0,0.0,0.0,0.0,0.0,61.6,73,14,65513,50,65476,0,300,0,0,8,20529,65476,0,0,26214,60.0,0.0,0.0,0.0,0.0,0.0
2026-05-17T18:46:26,ERR,ERR,ERR,ERR,ERR,ERR,ERR,ERR,ERR,ERR,ERR,ERR,ERR,ERR,ERR,ERR,ERR,ERR,ERR,ERR,ERR,ERR,ERR,ERR,ERR,ERR,ERR,ERR,ERR,ERR,ERR,ERR,ERR,ERR,ERR,ERR,ERR,ERR,ERR,ERR,ERR,ERR,ERR,ERR,ERR,ERR,ERR,ERR,ERR,ERR,ERR,ERR,ERR,ERR,ERR,ERR,ERR,ERR,ERR,ERR,ERR,ERR,ERR,ERR,ERR,ERR,ERR,ERR,ERR,ERR,ERR,ERR,ERR,ERR,ERR,ERR,ERR,ERR,ERR,ERR,ERR,ERR,ERR,ERR,ERR,ERR,ERR,ERR,ERR,ERR,ERR,ERR,ERR,ERR,ERR,ERR,ERR,ERR,ERR,ERR,ERR,ERR,ERR,ERR,ERR,ERR,ERR,ERR,ERR,ERR,ERR,ERR,ERR,ERR,ERR,ERR,ERR,ERR,ERR,ERR,ERR,ERR,ERR,ERR,ERR,0.0,0.0,-134474944.0,0.0,0.0,1.3936040501711995e+18,7.805,0.0,0,0,4,0,8422,0.0,45,0.0,0.0,0.0,0.0,0.0,0,0,0,0,0.0,0,0,0,0,0,0,0,0,0,0,0,0,0,0,0,0,0,0,0,0,0,0,0,0,0,0,0,0,0,0,0,0,0,38,14,7,45,65476,0,300,0,0,8,21553,0.0,-107605600.0,0.0,0.0,0.0,0.0,0.0,0.0,0.0,0.0,0.0,0.0,0.0,0.0,0.0,0.0,0.0,0.0,0.0,0.0,0.0,0.0,2.004,2.004,-0.0,0.0,0.0,0.0,0.0,0.0,4944.0,-0.0,0.0,0.0,0.0,-107615280.0,2.718429300292151e+23,0.0,0.0,0.0,0.0,53,2.7184300208680915e+23,-152017230102528.0,0.0,0.0,0.0,0.0,0.0,0.0,0.0,0,0,0,0.0,0.0,0.0,0.0,0.0,0.0,0.0,0.0,0.0,0.0,0.0,0.0,0.0,0.0,0.0,0.0,0,-107875648.0,53,0.0,106,-107614832.0,0.0,ERR,ERR,ERR,ERR,ERR,ERR,ERR,ERR,ERR,ERR,ERR,ERR,ERR,ERR,ERR,ERR,ERR,ERR,ERR,ERR,ERR,ERR,ERR,ERR,ERR,ERR,ERR,ERR,ERR,ERR,ERR,ERR,ERR,ERR,ERR,ERR,ERR,ERR,ERR,ERR,ERR,ERR,ERR,ERR,ERR,ERR,ERR,ERR,ERR,ERR,ERR,ERR,ERR,ERR,ERR,ERR,ERR,ERR,ERR,ERR,ERR,ERR,ERR,ERR,ERR,ERR,ERR,50.0,60.0,100,0.0,0.0,0.0,0.0,0.0,0.0,0.0,0.0,0.0,0.0,0.0,0.0,0.0,0.0,0.0,0.0,61.6,73,14,65513,50,65476,0,300,0,0,8,20529,65476,0,0,26214,60.0,0.0,0.0,0.0,0.0,0.0
2026-05-17T18:46:27,ERR,ERR,ERR,ERR,ERR,ERR,ERR,ERR,ERR,ERR,ERR,ERR,ERR,ERR,ERR,ERR,ERR,ERR,ERR,ERR,ERR,ERR,ERR,ERR,ERR,ERR,ERR,ERR,ERR,ERR,ERR,ERR,ERR,ERR,ERR,ERR,ERR,ERR,ERR,ERR,ERR,ERR,ERR,ERR,ERR,ERR,ERR,ERR,ERR,ERR,ERR,ERR,ERR,ERR,ERR,ERR,ERR,ERR,ERR,ERR,ERR,ERR,ERR,ERR,ERR,ERR,ERR,ERR,ERR,ERR,ERR,ERR,ERR,ERR,ERR,ERR,ERR,ERR,ERR,ERR,ERR,ERR,ERR,ERR,ERR,ERR,ERR,ERR,ERR,ERR,ERR,ERR,ERR,ERR,ERR,ERR,ERR,ERR,ERR,ERR,ERR,ERR,ERR,ERR,ERR,ERR,ERR,ERR,ERR,ERR,ERR,ERR,ERR,ERR,ERR,ERR,ERR,ERR,ERR,ERR,ERR,ERR,ERR,ERR,ERR,0.0,0.0,-134474944.0,0.0,0.0,1.3936040501711995e+18,7.805,0.0,0,0,4,0,8422,0.0,45,0.0,0.0,0.0,0.0,0.0,0,0,0,0,0.0,0,0,0,0,0,0,0,0,0,0,0,0,0,0,0,0,0,0,0,0,0,0,0,0,0,0,0,0,0,0,0,0,0,38,14,7,45,65476,0,300,0,0,8,21553,0.0,-107605600.0,0.0,0.0,0.0,0.0,0.0,0.0,0.0,0.0,0.0,0.0,0.0,0.0,0.0,0.0,0.0,0.0,0.0,0.0,0.0,0.0,2.004,2.004,-0.0,0.0,0.0,0.0,0.0,0.0,4947.0,-0.0,0.0,0.0,0.0,-107615280.0,2.718429300292151e+23,0.0,0.0,0.0,0.0,53,4.950428597886765e+32,-3.222001660439123e+26,0.0,0.0,0.0,0.0,0.0,0.0,0.0,0,0,0,0.0,0.0,0.0,0.0,0.0,0.0,0.0,0.0,0.0,0.0,0.0,0.0,0.0,0.0,0.0,0.0,0,-107875648.0,53,0.0,106,-107614832.0,0.0,ERR,ERR,ERR,ERR,ERR,ERR,ERR,ERR,ERR,ERR,ERR,ERR,ERR,ERR,ERR,ERR,ERR,ERR,ERR,ERR,ERR,ERR,ERR,ERR,ERR,ERR,ERR,ERR,ERR,ERR,ERR,ERR,ERR,ERR,ERR,ERR,ERR,ERR,ERR,ERR,ERR,ERR,ERR,ERR,ERR,ERR,ERR,ERR,ERR,ERR,ERR,ERR,ERR,ERR,ERR,ERR,ERR,ERR,ERR,ERR,ERR,ERR,ERR,ERR,ERR,ERR,ERR,50.0,60.0,100,0.0,0.0,0.0,0.0,0.0,0.0,0.0,0.0,0.0,0.0,0.0,0.0,0.0,0.0,0.0,0.0,61.6,73,14,65513,50,65476,0,300,0,0,8,20529,65476,0,0,26214,60.0,0.0,0.0,0.0,0.0,0.0
2026-05-17T18:46:28,ERR,ERR,ERR,ERR,ERR,ERR,ERR,ERR,ERR,ERR,ERR,ERR,ERR,ERR,ERR,ERR,ERR,ERR,ERR,ERR,ERR,ERR,ERR,ERR,ERR,ERR,ERR,ERR,ERR,ERR,ERR,ERR,ERR,ERR,ERR,ERR,ERR,ERR,ERR,ERR,ERR,ERR,ERR,ERR,ERR,ERR,ERR,ERR,ERR,ERR,ERR,ERR,ERR,ERR,ERR,ERR,ERR,ERR,ERR,ERR,ERR,ERR,ERR,ERR,ERR,ERR,ERR,ERR,ERR,ERR,ERR,ERR,ERR,ERR,ERR,ERR,ERR,ERR,ERR,ERR,ERR,ERR,ERR,ERR,ERR,ERR,ERR,ERR,ERR,ERR,ERR,ERR,ERR,ERR,ERR,ERR,ERR,ERR,ERR,ERR,ERR,ERR,ERR,ERR,ERR,ERR,ERR,ERR,ERR,ERR,ERR,ERR,ERR,ERR,ERR,ERR,ERR,ERR,ERR,ERR,ERR,ERR,ERR,ERR,ERR,0.0,0.0,-134474944.0,0.0,0.0,1.3936040501711995e+18,7.805,0.0,0,0,4,0,8422,0.0,45,0.0,0.0,0.0,0.0,0.0,0,0,0,0,0.0,0,0,0,0,0,0,0,0,0,0,0,0,0,0,0,0,0,0,0,0,0,0,0,0,0,0,0,0,0,0,0,0,0,38,14,7,45,65476,0,300,0,0,8,21553,0.0,-107605600.0,0.0,0.0,0.0,0.0,0.0,0.0,0.0,0.0,0.0,0.0,0.0,0.0,0.0,0.0,0.0,0.0,0.0,0.0,0.0,0.0,2.004,2.004,-0.0,0.0,0.0,0.0,0.0,0.0,4947.0,-0.0,0.0,0.0,0.0,-107615280.0,2.718429300292151e+23,0.0,0.0,0.0,0.0,53,4.950428597886765e+32,-3.222001660439123e+26,0.0,0.0,0.0,0.0,0.0,0.0,0.0,0,0,0,0.0,0.0,0.0,0.0,0.0,0.0,0.0,0.0,0.0,0.0,0.0,0.0,0.0,0.0,0.0,0.0,0,-107875648.0,53,0.0,106,-107614832.0,0.0,ERR,ERR,ERR,ERR,ERR,ERR,ERR,ERR,ERR,ERR,ERR,ERR,ERR,ERR,ERR,ERR,ERR,ERR,ERR,ERR,ERR,ERR,ERR,ERR,ERR,ERR,ERR,ERR,ERR,ERR,ERR,ERR,ERR,ERR,ERR,ERR,ERR,ERR,ERR,ERR,ERR,ERR,ERR,ERR,ERR,ERR,ERR,ERR,ERR,ERR,ERR,ERR,ERR,ERR,ERR,ERR,ERR,ERR,ERR,ERR,ERR,ERR,ERR,ERR,ERR,ERR,ERR,50.0,60.0,100,0.0,0.0,0.0,0.0,0.0,0.0,0.0,0.0,0.0,0.0,0.0,0.0,0.0,0.0,0.0,0.0,61.6,73,14,65513,50,65476,0,300,0,0,8,20529,65476,0,0,26214,60.0,0.0,0.0,0.0,0.0,0.0
2026-05-17T18:46:29,ERR,ERR,ERR,ERR,ERR,ERR,ERR,ERR,ERR,ERR,ERR,ERR,ERR,ERR,ERR,ERR,ERR,ERR,ERR,ERR,ERR,ERR,ERR,ERR,ERR,ERR,ERR,ERR,ERR,ERR,ERR,ERR,ERR,ERR,ERR,ERR,ERR,ERR,ERR,ERR,ERR,ERR,ERR,ERR,ERR,ERR,ERR,ERR,ERR,ERR,ERR,ERR,ERR,ERR,ERR,ERR,ERR,ERR,ERR,ERR,ERR,ERR,ERR,ERR,ERR,ERR,ERR,ERR,ERR,ERR,ERR,ERR,ERR,ERR,ERR,ERR,ERR,ERR,ERR,ERR,ERR,ERR,ERR,ERR,ERR,ERR,ERR,ERR,ERR,ERR,ERR,ERR,ERR,ERR,ERR,ERR,ERR,ERR,ERR,ERR,ERR,ERR,ERR,ERR,ERR,ERR,ERR,ERR,ERR,ERR,ERR,ERR,ERR,ERR,ERR,ERR,ERR,ERR,ERR,ERR,ERR,ERR,ERR,ERR,ERR,0.0,0.0,-134474944.0,0.0,0.0,1.3936040501711995e+18,7.805,0.0,0,0,4,0,8422,0.0,45,0.0,0.0,0.0,0.0,0.0,0,0,0,0,0.0,0,0,0,0,0,0,0,0,0,0,0,0,0,0,0,0,0,0,0,0,0,0,0,0,0,0,0,0,0,0,0,0,0,38,14,7,45,65476,0,300,0,0,8,21553,0.0,-107605600.0,0.0,0.0,0.0,0.0,0.0,0.0,0.0,0.0,0.0,0.0,0.0,0.0,0.0,0.0,0.0,0.0,0.0,0.0,0.0,0.0,2.004,2.004,-0.0,0.0,0.0,0.0,0.0,0.0,4947.0,-0.0,0.0,0.0,0.0,-107615280.0,2.718429300292151e+23,0.0,0.0,0.0,0.0,53,4.950428597886765e+32,-3.222001660439123e+26,0.0,0.0,0.0,0.0,0.0,0.0,0.0,0,0,0,0.0,0.0,0.0,0.0,0.0,0.0,0.0,0.0,0.0,0.0,0.0,0.0,0.0,0.0,0.0,0.0,0,-107875648.0,53,0.0,106,-107614832.0,0.0,ERR,ERR,ERR,ERR,ERR,ERR,ERR,ERR,ERR,ERR,ERR,ERR,ERR,ERR,ERR,ERR,ERR,ERR,ERR,ERR,ERR,ERR,ERR,ERR,ERR,ERR,ERR,ERR,ERR,ERR,ERR,ERR,ERR,ERR,ERR,ERR,ERR,ERR,ERR,ERR,ERR,ERR,ERR,ERR,ERR,ERR,ERR,ERR,ERR,ERR,ERR,ERR,ERR,ERR,ERR,ERR,ERR,ERR,ERR,ERR,ERR,ERR,ERR,ERR,ERR,ERR,ERR,50.0,60.0,100,0.0,0.0,0.0,0.0,0.0,0.0,0.0,0.0,0.0,0.0,0.0,0.0,0.0,0.0,0.0,0.0,61.6,73,14,65513,50,65476,0,300,0,0,8,20529,65476,0,0,26214,60.0,0.0,0.0,0.0,0.0,0.0
2026-05-17T18:46:30,ERR,ERR,ERR,ERR,ERR,ERR,ERR,ERR,ERR,ERR,ERR,ERR,ERR,ERR,ERR,ERR,ERR,ERR,ERR,ERR,ERR,ERR,ERR,ERR,ERR,ERR,ERR,ERR,ERR,ERR,ERR,ERR,ERR,ERR,ERR,ERR,ERR,ERR,ERR,ERR,ERR,ERR,ERR,ERR,ERR,ERR,ERR,ERR,ERR,ERR,ERR,ERR,ERR,ERR,ERR,ERR,ERR,ERR,ERR,ERR,ERR,ERR,ERR,ERR,ERR,ERR,ERR,ERR,ERR,ERR,ERR,ERR,ERR,ERR,ERR,ERR,ERR,ERR,ERR,ERR,ERR,ERR,ERR,ERR,ERR,ERR,ERR,ERR,ERR,ERR,ERR,ERR,ERR,ERR,ERR,ERR,ERR,ERR,ERR,ERR,ERR,ERR,ERR,ERR,ERR,ERR,ERR,ERR,ERR,ERR,ERR,ERR,ERR,ERR,ERR,ERR,ERR,ERR,ERR,ERR,ERR,ERR,ERR,ERR,ERR,0.0,0.0,-134474944.0,0.0,0.0,1.3936040501711995e+18,7.805,0.0,0,0,4,0,8422,0.0,45,0.0,0.0,0.0,0.0,0.0,0,0,0,0,0.0,0,0,0,0,0,0,0,0,0,0,0,0,0,0,0,0,0,0,0,0,0,0,0,0,0,0,0,0,0,0,0,0,0,38,14,7,45,65476,0,300,0,0,8,21553,0.0,-107605600.0,0.0,0.0,0.0,0.0,0.0,0.0,0.0,0.0,0.0,0.0,0.0,0.0,0.0,0.0,0.0,0.0,0.0,0.0,0.0,0.0,2.004,2.004,-0.0,0.0,0.0,0.0,0.0,0.0,4947.0,-0.0,0.0,0.0,0.0,-107615280.0,2.718429300292151e+23,0.0,0.0,0.0,0.0,53,4.950428597886765e+32,-3.222001660439123e+26,0.0,0.0,0.0,0.0,0.0,0.0,0.0,0,0,0,0.0,0.0,0.0,0.0,0.0,0.0,0.0,0.0,0.0,0.0,0.0,0.0,0.0,0.0,0.0,0.0,0,-107875648.0,53,0.0,106,-107614832.0,0.0,ERR,ERR,ERR,ERR,ERR,ERR,ERR,ERR,ERR,ERR,ERR,ERR,ERR,ERR,ERR,ERR,ERR,ERR,ERR,ERR,ERR,ERR,ERR,ERR,ERR,ERR,ERR,ERR,ERR,ERR,ERR,ERR,ERR,ERR,ERR,ERR,ERR,ERR,ERR,ERR,ERR,ERR,ERR,ERR,ERR,ERR,ERR,ERR,ERR,ERR,ERR,ERR,ERR,ERR,ERR,ERR,ERR,ERR,ERR,ERR,ERR,ERR,ERR,ERR,ERR,ERR,ERR,50.0,60.0,100,0.0,0.0,0.0,0.0,0.0,0.0,0.0,0.0,0.0,0.0,0.0,0.0,0.0,0.0,0.0,0.0,61.6,73,14,65513,50,65476,0,300,0,0,8,20529,65476,0,0,26214,60.0,0.0,0.0,0.0,0.0,0.0
2026-05-17T18:46:31,ERR,ERR,ERR,ERR,ERR,ERR,ERR,ERR,ERR,ERR,ERR,ERR,ERR,ERR,ERR,ERR,ERR,ERR,ERR,ERR,ERR,ERR,ERR,ERR,ERR,ERR,ERR,ERR,ERR,ERR,ERR,ERR,ERR,ERR,ERR,ERR,ERR,ERR,ERR,ERR,ERR,ERR,ERR,ERR,ERR,ERR,ERR,ERR,ERR,ERR,ERR,ERR,ERR,ERR,ERR,ERR,ERR,ERR,ERR,ERR,ERR,ERR,ERR,ERR,ERR,ERR,ERR,ERR,ERR,ERR,ERR,ERR,ERR,ERR,ERR,ERR,ERR,ERR,ERR,ERR,ERR,ERR,ERR,ERR,ERR,ERR,ERR,ERR,ERR,ERR,ERR,ERR,ERR,ERR,ERR,ERR,ERR,ERR,ERR,ERR,ERR,ERR,ERR,ERR,ERR,ERR,ERR,ERR,ERR,ERR,ERR,ERR,ERR,ERR,ERR,ERR,ERR,ERR,ERR,ERR,ERR,ERR,ERR,ERR,ERR,0.0,0.0,-134474944.0,0.0,0.0,1.3936040501711995e+18,7.805,0.0,0,0,4,0,8422,0.0,45,0.0,0.0,0.0,0.0,0.0,0,0,0,0,0.0,0,0,0,0,0,0,0,0,0,0,0,0,0,0,0,0,0,0,0,0,0,0,0,0,0,0,0,0,0,0,0,0,0,38,14,7,45,65476,0,300,0,0,8,21553,0.0,-107605600.0,0.0,0.0,0.0,0.0,0.0,0.0,0.0,0.0,0.0,0.0,0.0,0.0,0.0,0.0,0.0,0.0,0.0,0.0,0.0,0.0,2.004,2.004,-0.0,0.0,0.0,0.0,0.0,0.0,4947.0,-0.0,0.0,0.0,0.0,-107615280.0,2.718429300292151e+23,0.0,0.0,0.0,0.0,53,4.950428597886765e+32,-3.222001660439123e+26,0.0,0.0,0.0,0.0,0.0,0.0,0.0,0,0,0,0.0,0.0,0.0,0.0,0.0,0.0,0.0,0.0,0.0,0.0,0.0,0.0,0.0,0.0,0.0,0.0,0,-107875648.0,53,0.0,106,-107614832.0,0.0,ERR,ERR,ERR,ERR,ERR,ERR,ERR,ERR,ERR,ERR,ERR,ERR,ERR,ERR,ERR,ERR,ERR,ERR,ERR,ERR,ERR,ERR,ERR,ERR,ERR,ERR,ERR,ERR,ERR,ERR,ERR,ERR,ERR,ERR,ERR,ERR,ERR,ERR,ERR,ERR,ERR,ERR,ERR,ERR,ERR,ERR,ERR,ERR,ERR,ERR,ERR,ERR,ERR,ERR,ERR,ERR,ERR,ERR,ERR,ERR,ERR,ERR,ERR,ERR,ERR,ERR,ERR,50.0,60.0,100,0.0,0.0,0.0,0.0,0.0,0.0,0.0,0.0,0.0,0.0,0.0,0.0,0.0,0.0,0.0,0.0,61.6,73,14,65513,50,65476,0,300,0,0,8,20529,65476,0,0,26214,60.0,0.0,0.0,0.0,0.0,0.0
2026-05-17T18:46:32,ERR,ERR,ERR,ERR,ERR,ERR,ERR,ERR,ERR,ERR,ERR,ERR,ERR,ERR,ERR,ERR,ERR,ERR,ERR,ERR,ERR,ERR,ERR,ERR,ERR,ERR,ERR,ERR,ERR,ERR,ERR,ERR,ERR,ERR,ERR,ERR,ERR,ERR,ERR,ERR,ERR,ERR,ERR,ERR,ERR,ERR,ERR,ERR,ERR,ERR,ERR,ERR,ERR,ERR,ERR,ERR,ERR,ERR,ERR,ERR,ERR,ERR,ERR,ERR,ERR,ERR,ERR,ERR,ERR,ERR,ERR,ERR,ERR,ERR,ERR,ERR,ERR,ERR,ERR,ERR,ERR,ERR,ERR,ERR,ERR,ERR,ERR,ERR,ERR,ERR,ERR,ERR,ERR,ERR,ERR,ERR,ERR,ERR,ERR,ERR,ERR,ERR,ERR,ERR,ERR,ERR,ERR,ERR,ERR,ERR,ERR,ERR,ERR,ERR,ERR,ERR,ERR,ERR,ERR,ERR,ERR,ERR,ERR,ERR,ERR,0.0,0.0,-134474944.0,0.0,0.0,1.3936040501711995e+18,7.805,0.0,0,0,4,0,8422,0.0,45,0.0,0.0,0.0,0.0,0.0,0,0,0,0,0.0,0,0,0,0,0,0,0,0,0,0,0,0,0,0,0,0,0,0,0,0,0,0,0,0,0,0,0,0,0,0,0,0,0,38,14,7,45,65476,0,300,0,0,8,21553,0.0,-107605600.0,0.0,0.0,0.0,0.0,0.0,0.0,0.0,0.0,0.0,0.0,0.0,0.0,0.0,0.0,0.0,0.0,0.0,0.0,0.0,0.0,2.004,2.004,-0.0,0.0,0.0,0.0,0.0,0.0,4950.0,-0.0,0.0,0.0,0.0,-107615280.0,2.718429300292151e+23,0.0,0.0,0.0,0.0,53,-0.0,-2.308827523576129e+20,0.0,0.0,0.0,0.0,0.0,0.0,0.0,0,0,0,0.0,0.0,0.0,0.0,0.0,0.0,0.0,0.0,0.0,0.0,0.0,0.0,0.0,0.0,0.0,0.0,0,-107875648.0,53,0.0,106,-107614832.0,0.0,ERR,ERR,ERR,ERR,ERR,ERR,ERR,ERR,ERR,ERR,ERR,ERR,ERR,ERR,ERR,ERR,ERR,ERR,ERR,ERR,ERR,ERR,ERR,ERR,ERR,ERR,ERR,ERR,ERR,ERR,ERR,ERR,ERR,ERR,ERR,ERR,ERR,ERR,ERR,ERR,ERR,ERR,ERR,ERR,ERR,ERR,ERR,ERR,ERR,ERR,ERR,ERR,ERR,ERR,ERR,ERR,ERR,ERR,ERR,ERR,ERR,ERR,ERR,ERR,ERR,ERR,ERR,50.0,60.0,100,0.0,0.0,0.0,0.0,0.0,0.0,0.0,0.0,0.0,0.0,0.0,0.0,0.0,0.0,0.0,0.0,61.6,73,14,65513,50,65476,0,300,0,0,8,20529,65476,0,0,26214,60.0,0.0,0.0,0.0,0.0,0.0
2026-05-17T18:46:33,ERR,ERR,ERR,ERR,ERR,ERR,ERR,ERR,ERR,ERR,ERR,ERR,ERR,ERR,ERR,ERR,ERR,ERR,ERR,ERR,ERR,ERR,ERR,ERR,ERR,ERR,ERR,ERR,ERR,ERR,ERR,ERR,ERR,ERR,ERR,ERR,ERR,ERR,ERR,ERR,ERR,ERR,ERR,ERR,ERR,ERR,ERR,ERR,ERR,ERR,ERR,ERR,ERR,ERR,ERR,ERR,ERR,ERR,ERR,ERR,ERR,ERR,ERR,ERR,ERR,ERR,ERR,ERR,ERR,ERR,ERR,ERR,ERR,ERR,ERR,ERR,ERR,ERR,ERR,ERR,ERR,ERR,ERR,ERR,ERR,ERR,ERR,ERR,ERR,ERR,ERR,ERR,ERR,ERR,ERR,ERR,ERR,ERR,ERR,ERR,ERR,ERR,ERR,ERR,ERR,ERR,ERR,ERR,ERR,ERR,ERR,ERR,ERR,ERR,ERR,ERR,ERR,ERR,ERR,ERR,ERR,ERR,ERR,ERR,ERR,0.0,0.0,-134474944.0,0.0,0.0,1.3936040501711995e+18,7.805,0.0,0,0,4,0,8422,0.0,45,0.0,0.0,0.0,0.0,0.0,0,0,0,0,0.0,0,0,0,0,0,0,0,0,0,0,0,0,0,0,0,0,0,0,0,0,0,0,0,0,0,0,0,0,0,0,0,0,0,38,14,7,45,65476,0,300,0,0,8,21553,0.0,-107605600.0,0.0,0.0,0.0,0.0,0.0,0.0,0.0,0.0,0.0,0.0,0.0,0.0,0.0,0.0,0.0,0.0,0.0,0.0,0.0,0.0,2.004,2.004,-0.0,0.0,0.0,0.0,0.0,0.0,4950.0,-0.0,0.0,0.0,0.0,-107615280.0,2.718429300292151e+23,0.0,0.0,0.0,0.0,53,-0.0,-2.308827523576129e+20,0.0,0.0,0.0,0.0,0.0,0.0,0.0,0,0,0,0.0,0.0,0.0,0.0,0.0,0.0,0.0,0.0,0.0,0.0,0.0,0.0,0.0,0.0,0.0,0.0,0,-107875648.0,53,0.0,106,-107614832.0,0.0,ERR,ERR,ERR,ERR,ERR,ERR,ERR,ERR,ERR,ERR,ERR,ERR,ERR,ERR,ERR,ERR,ERR,ERR,ERR,ERR,ERR,ERR,ERR,ERR,ERR,ERR,ERR,ERR,ERR,ERR,ERR,ERR,ERR,ERR,ERR,ERR,ERR,ERR,ERR,ERR,ERR,ERR,ERR,ERR,ERR,ERR,ERR,ERR,ERR,ERR,ERR,ERR,ERR,ERR,ERR,ERR,ERR,ERR,ERR,ERR,ERR,ERR,ERR,ERR,ERR,ERR,ERR,50.0,60.0,100,0.0,0.0,0.0,0.0,0.0,0.0,0.0,0.0,0.0,0.0,0.0,0.0,0.0,0.0,0.0,0.0,61.6,73,14,65513,50,65476,0,300,0,0,8,20529,65476,0,0,26214,60.0,0.0,0.0,0.0,0.0,0.0
2026-05-17T18:46:34,ERR,ERR,ERR,ERR,ERR,ERR,ERR,ERR,ERR,ERR,ERR,ERR,ERR,ERR,ERR,ERR,ERR,ERR,ERR,ERR,ERR,ERR,ERR,ERR,ERR,ERR,ERR,ERR,ERR,ERR,ERR,ERR,ERR,ERR,ERR,ERR,ERR,ERR,ERR,ERR,ERR,ERR,ERR,ERR,ERR,ERR,ERR,ERR,ERR,ERR,ERR,ERR,ERR,ERR,ERR,ERR,ERR,ERR,ERR,ERR,ERR,ERR,ERR,ERR,ERR,ERR,ERR,ERR,ERR,ERR,ERR,ERR,ERR,ERR,ERR,ERR,ERR,ERR,ERR,ERR,ERR,ERR,ERR,ERR,ERR,ERR,ERR,ERR,ERR,ERR,ERR,ERR,ERR,ERR,ERR,ERR,ERR,ERR,ERR,ERR,ERR,ERR,ERR,ERR,ERR,ERR,ERR,ERR,ERR,ERR,ERR,ERR,ERR,ERR,ERR,ERR,ERR,ERR,ERR,ERR,ERR,ERR,ERR,ERR,ERR,0.0,0.0,-134474944.0,0.0,0.0,1.3936040501711995e+18,7.805,0.0,0,0,4,0,8422,0.0,45,0.0,0.0,0.0,0.0,0.0,0,0,0,0,0.0,0,0,0,0,0,0,0,0,0,0,0,0,0,0,0,0,0,0,0,0,0,0,0,0,0,0,0,0,0,0,0,0,0,38,14,7,45,65476,0,300,0,0,8,21553,0.0,-107605600.0,0.0,0.0,0.0,0.0,0.0,0.0,0.0,0.0,0.0,0.0,0.0,0.0,0.0,0.0,0.0,0.0,0.0,0.0,0.0,0.0,2.004,2.004,-0.0,0.0,0.0,0.0,0.0,0.0,4950.0,-0.0,0.0,0.0,0.0,-107615280.0,2.718429300292151e+23,0.0,0.0,0.0,0.0,53,-0.0,-2.308827523576129e+20,0.0,0.0,0.0,0.0,0.0,0.0,0.0,0,0,0,0.0,0.0,0.0,0.0,0.0,0.0,0.0,0.0,0.0,0.0,0.0,0.0,0.0,0.0,0.0,0.0,0,-107875648.0,53,0.0,106,-107614832.0,0.0,ERR,ERR,ERR,ERR,ERR,ERR,ERR,ERR,ERR,ERR,ERR,ERR,ERR,ERR,ERR,ERR,ERR,ERR,ERR,ERR,ERR,ERR,ERR,ERR,ERR,ERR,ERR,ERR,ERR,ERR,ERR,ERR,ERR,ERR,ERR,ERR,ERR,ERR,ERR,ERR,ERR,ERR,ERR,ERR,ERR,ERR,ERR,ERR,ERR,ERR,ERR,ERR,ERR,ERR,ERR,ERR,ERR,ERR,ERR,ERR,ERR,ERR,ERR,ERR,ERR,ERR,ERR,50.0,60.0,100,0.0,0.0,0.0,0.0,0.0,0.0,0.0,0.0,0.0,0.0,0.0,0.0,0.0,0.0,0.0,0.0,61.6,73,14,65513,50,65476,0,300,0,0,8,20529,65476,0,0,26214,60.0,0.0,0.0,0.0,0.0,0.0
2026-05-17T18:46:35,ERR,ERR,ERR,ERR,ERR,ERR,ERR,ERR,ERR,ERR,ERR,ERR,ERR,ERR,ERR,ERR,ERR,ERR,ERR,ERR,ERR,ERR,ERR,ERR,ERR,ERR,ERR,ERR,ERR,ERR,ERR,ERR,ERR,ERR,ERR,ERR,ERR,ERR,ERR,ERR,ERR,ERR,ERR,ERR,ERR,ERR,ERR,ERR,ERR,ERR,ERR,ERR,ERR,ERR,ERR,ERR,ERR,ERR,ERR,ERR,ERR,ERR,ERR,ERR,ERR,ERR,ERR,ERR,ERR,ERR,ERR,ERR,ERR,ERR,ERR,ERR,ERR,ERR,ERR,ERR,ERR,ERR,ERR,ERR,ERR,ERR,ERR,ERR,ERR,ERR,ERR,ERR,ERR,ERR,ERR,ERR,ERR,ERR,ERR,ERR,ERR,ERR,ERR,ERR,ERR,ERR,ERR,ERR,ERR,ERR,ERR,ERR,ERR,ERR,ERR,ERR,ERR,ERR,ERR,ERR,ERR,ERR,ERR,ERR,ERR,0.0,0.0,-134474944.0,0.0,0.0,1.3936040501711995e+18,7.805,0.0,0,0,4,0,8422,0.0,45,0.0,0.0,0.0,0.0,0.0,0,0,0,0,0.0,0,0,0,0,0,0,0,0,0,0,0,0,0,0,0,0,0,0,0,0,0,0,0,0,0,0,0,0,0,0,0,0,0,38,14,7,45,65476,0,300,0,0,8,21553,0.0,-107605600.0,0.0,0.0,0.0,0.0,0.0,0.0,0.0,0.0,0.0,0.0,0.0,0.0,0.0,0.0,0.0,0.0,0.0,0.0,0.0,0.0,2.004,2.004,-0.0,0.0,0.0,0.0,0.0,0.0,4950.0,-0.0,0.0,0.0,0.0,-107615280.0,2.718429300292151e+23,0.0,0.0,0.0,0.0,53,-0.0,-2.308827523576129e+20,0.0,0.0,0.0,0.0,0.0,0.0,0.0,0,0,0,0.0,0.0,0.0,0.0,0.0,0.0,0.0,0.0,0.0,0.0,0.0,0.0,0.0,0.0,0.0,0.0,0,-107875648.0,53,0.0,106,-107614832.0,0.0,ERR,ERR,ERR,ERR,ERR,ERR,ERR,ERR,ERR,ERR,ERR,ERR,ERR,ERR,ERR,ERR,ERR,ERR,ERR,ERR,ERR,ERR,ERR,ERR,ERR,ERR,ERR,ERR,ERR,ERR,ERR,ERR,ERR,ERR,ERR,ERR,ERR,ERR,ERR,ERR,ERR,ERR,ERR,ERR,ERR,ERR,ERR,ERR,ERR,ERR,ERR,ERR,ERR,ERR,ERR,ERR,ERR,ERR,ERR,ERR,ERR,ERR,ERR,ERR,ERR,ERR,ERR,50.0,60.0,100,0.0,0.0,0.0,0.0,0.0,0.0,0.0,0.0,0.0,0.0,0.0,0.0,0.0,0.0,0.0,0.0,61.6,73,14,65513,50,65476,0,300,0,0,8,20529,65476,0,0,26214,60.0,0.0,0.0,0.0,0.0,0.0
2026-05-17T18:46:36,ERR,ERR,ERR,ERR,ERR,ERR,ERR,ERR,ERR,ERR,ERR,ERR,ERR,ERR,ERR,ERR,ERR,ERR,ERR,ERR,ERR,ERR,ERR,ERR,ERR,ERR,ERR,ERR,ERR,ERR,ERR,ERR,ERR,ERR,ERR,ERR,ERR,ERR,ERR,ERR,ERR,ERR,ERR,ERR,ERR,ERR,ERR,ERR,ERR,ERR,ERR,ERR,ERR,ERR,ERR,ERR,ERR,ERR,ERR,ERR,ERR,ERR,ERR,ERR,ERR,ERR,ERR,ERR,ERR,ERR,ERR,ERR,ERR,ERR,ERR,ERR,ERR,ERR,ERR,ERR,ERR,ERR,ERR,ERR,ERR,ERR,ERR,ERR,ERR,ERR,ERR,ERR,ERR,ERR,ERR,ERR,ERR,ERR,ERR,ERR,ERR,ERR,ERR,ERR,ERR,ERR,ERR,ERR,ERR,ERR,ERR,ERR,ERR,ERR,ERR,ERR,ERR,ERR,ERR,ERR,ERR,ERR,ERR,ERR,ERR,0.0,0.0,-134474944.0,0.0,0.0,1.3936040501711995e+18,7.805,0.0,0,0,4,0,8422,0.0,45,0.0,0.0,0.0,0.0,0.0,0,0,0,0,0.0,0,0,0,0,0,0,0,0,0,0,0,0,0,0,0,0,0,0,0,0,0,0,0,0,0,0,0,0,0,0,0,0,0,38,14,7,45,65476,0,300,0,0,8,21553,0.0,-107605600.0,0.0,0.0,0.0,0.0,0.0,0.0,0.0,0.0,0.0,0.0,0.0,0.0,0.0,0.0,0.0,0.0,0.0,0.0,0.0,0.0,2.004,2.004,-0.0,0.0,0.0,0.0,0.0,0.0,4950.0,-0.0,0.0,0.0,0.0,-107615280.0,2.718429300292151e+23,0.0,0.0,0.0,0.0,53,-0.0,-2.308827523576129e+20,0.0,0.0,0.0,0.0,0.0,0.0,0.0,0,0,0,0.0,0.0,0.0,0.0,0.0,0.0,0.0,0.0,0.0,0.0,0.0,0.0,0.0,0.0,0.0,0.0,0,-107875648.0,53,0.0,106,-107614832.0,0.0,ERR,ERR,ERR,ERR,ERR,ERR,ERR,ERR,ERR,ERR,ERR,ERR,ERR,ERR,ERR,ERR,ERR,ERR,ERR,ERR,ERR,ERR,ERR,ERR,ERR,ERR,ERR,ERR,ERR,ERR,ERR,ERR,ERR,ERR,ERR,ERR,ERR,ERR,ERR,ERR,ERR,ERR,ERR,ERR,ERR,ERR,ERR,ERR,ERR,ERR,ERR,ERR,ERR,ERR,ERR,ERR,ERR,ERR,ERR,ERR,ERR,ERR,ERR,ERR,ERR,ERR,ERR,50.0,60.0,100,0.0,0.0,0.0,0.0,0.0,0.0,0.0,0.0,0.0,0.0,0.0,0.0,0.0,0.0,0.0,0.0,61.6,73,14,65513,50,65476,0,300,0,0,8,20529,65476,0,0,26214,60.0,0.0,0.0,0.0,0.0,0.0
2026-05-17T18:46:37,ERR,ERR,ERR,ERR,ERR,ERR,ERR,ERR,ERR,ERR,ERR,ERR,ERR,ERR,ERR,ERR,ERR,ERR,ERR,ERR,ERR,ERR,ERR,ERR,ERR,ERR,ERR,ERR,ERR,ERR,ERR,ERR,ERR,ERR,ERR,ERR,ERR,ERR,ERR,ERR,ERR,ERR,ERR,ERR,ERR,ERR,ERR,ERR,ERR,ERR,ERR,ERR,ERR,ERR,ERR,ERR,ERR,ERR,ERR,ERR,ERR,ERR,ERR,ERR,ERR,ERR,ERR,ERR,ERR,ERR,ERR,ERR,ERR,ERR,ERR,ERR,ERR,ERR,ERR,ERR,ERR,ERR,ERR,ERR,ERR,ERR,ERR,ERR,ERR,ERR,ERR,ERR,ERR,ERR,ERR,ERR,ERR,ERR,ERR,ERR,ERR,ERR,ERR,ERR,ERR,ERR,ERR,ERR,ERR,ERR,ERR,ERR,ERR,ERR,ERR,ERR,ERR,ERR,ERR,ERR,ERR,ERR,ERR,ERR,ERR,0.0,0.0,-134474944.0,0.0,0.0,1.3936040501711995e+18,7.805,0.0,0,0,4,0,8422,0.0,45,0.0,0.0,0.0,0.0,0.0,0,0,0,0,0.0,0,0,0,0,0,0,0,0,0,0,0,0,0,0,0,0,0,0,0,0,0,0,0,0,0,0,0,0,0,0,0,0,0,38,14,7,45,65476,0,300,0,0,8,21553,0.0,-107605600.0,0.0,0.0,0.0,0.0,0.0,0.0,0.0,0.0,0.0,0.0,0.0,0.0,0.0,0.0,0.0,0.0,0.0,0.0,0.0,0.0,2.004,2.004,-0.0,0.0,0.0,0.0,0.0,0.0,4955.0,-131350.406,0.0,0.0,0.0,-107615280.0,2.718429300292151e+23,0.0,0.0,0.0,0.0,53,-0.0,0.0,0.0,0.0,0.0,0.0,0.0,0.0,0.0,0,0,0,0.0,0.0,0.0,0.0,0.0,0.0,0.0,0.0,0.0,0.0,0.0,0.0,0.0,0.0,0.0,0.0,0,-107875648.0,53,0.0,106,-107614832.0,0.0,ERR,ERR,ERR,ERR,ERR,ERR,ERR,ERR,ERR,ERR,ERR,ERR,ERR,ERR,ERR,ERR,ERR,ERR,ERR,ERR,ERR,ERR,ERR,ERR,ERR,ERR,ERR,ERR,ERR,ERR,ERR,ERR,ERR,ERR,ERR,ERR,ERR,ERR,ERR,ERR,ERR,ERR,ERR,ERR,ERR,ERR,ERR,ERR,ERR,ERR,ERR,ERR,ERR,ERR,ERR,ERR,ERR,ERR,ERR,ERR,ERR,ERR,ERR,ERR,ERR,ERR,ERR,50.0,60.0,100,0.0,0.0,0.0,0.0,0.0,0.0,0.0,0.0,0.0,0.0,0.0,0.0,0.0,0.0,0.0,0.0,61.6,73,14,65513,50,65476,0,300,0,0,8,20529,65476,0,0,26214,60.0,0.0,0.0,0.0,0.0,0.0
2026-05-17T18:46:38,ERR,ERR,ERR,ERR,ERR,ERR,ERR,ERR,ERR,ERR,ERR,ERR,ERR,ERR,ERR,ERR,ERR,ERR,ERR,ERR,ERR,ERR,ERR,ERR,ERR,ERR,ERR,ERR,ERR,ERR,ERR,ERR,ERR,ERR,ERR,ERR,ERR,ERR,ERR,ERR,ERR,ERR,ERR,ERR,ERR,ERR,ERR,ERR,ERR,ERR,ERR,ERR,ERR,ERR,ERR,ERR,ERR,ERR,ERR,ERR,ERR,ERR,ERR,ERR,ERR,ERR,ERR,ERR,ERR,ERR,ERR,ERR,ERR,ERR,ERR,ERR,ERR,ERR,ERR,ERR,ERR,ERR,ERR,ERR,ERR,ERR,ERR,ERR,ERR,ERR,ERR,ERR,ERR,ERR,ERR,ERR,ERR,ERR,ERR,ERR,ERR,ERR,ERR,ERR,ERR,ERR,ERR,ERR,ERR,ERR,ERR,ERR,ERR,ERR,ERR,ERR,ERR,ERR,ERR,ERR,ERR,ERR,ERR,ERR,ERR,0.0,0.0,-134474944.0,0.0,0.0,1.3936040501711995e+18,7.805,0.0,0,0,4,0,8422,0.0,45,0.0,0.0,0.0,0.0,0.0,0,0,0,0,0.0,0,0,0,0,0,0,0,0,0,0,0,0,0,0,0,0,0,0,0,0,0,0,0,0,0,0,0,0,0,0,0,0,0,38,14,7,45,65476,0,300,0,0,8,21553,0.0,-107605600.0,0.0,0.0,0.0,0.0,0.0,0.0,0.0,0.0,0.0,0.0,0.0,0.0,0.0,0.0,0.0,0.0,0.0,0.0,0.0,0.0,2.004,2.004,-0.0,0.0,0.0,0.0,0.0,0.0,4955.0,-131350.406,0.0,0.0,0.0,-107615280.0,2.718429300292151e+23,0.0,0.0,0.0,0.0,53,-0.0,0.0,0.0,0.0,0.0,0.0,0.0,0.0,0.0,0,0,0,0.0,0.0,0.0,0.0,0.0,0.0,0.0,0.0,0.0,0.0,0.0,0.0,0.0,0.0,0.0,0.0,0,-107875648.0,53,0.0,106,-107614832.0,0.0,ERR,ERR,ERR,ERR,ERR,ERR,ERR,ERR,ERR,ERR,ERR,ERR,ERR,ERR,ERR,ERR,ERR,ERR,ERR,ERR,ERR,ERR,ERR,ERR,ERR,ERR,ERR,ERR,ERR,ERR,ERR,ERR,ERR,ERR,ERR,ERR,ERR,ERR,ERR,ERR,ERR,ERR,ERR,ERR,ERR,ERR,ERR,ERR,ERR,ERR,ERR,ERR,ERR,ERR,ERR,ERR,ERR,ERR,ERR,ERR,ERR,ERR,ERR,ERR,ERR,ERR,ERR,50.0,60.0,100,0.0,0.0,0.0,0.0,0.0,0.0,0.0,0.0,0.0,0.0,0.0,0.0,0.0,0.0,0.0,0.0,61.6,73,14,65513,50,65476,0,300,0,0,8,20529,65476,0,0,26214,60.0,0.0,0.0,0.0,0.0,0.0
2026-05-17T18:46:39,ERR,ERR,ERR,ERR,ERR,ERR,ERR,ERR,ERR,ERR,ERR,ERR,ERR,ERR,ERR,ERR,ERR,ERR,ERR,ERR,ERR,ERR,ERR,ERR,ERR,ERR,ERR,ERR,ERR,ERR,ERR,ERR,ERR,ERR,ERR,ERR,ERR,ERR,ERR,ERR,ERR,ERR,ERR,ERR,ERR,ERR,ERR,ERR,ERR,ERR,ERR,ERR,ERR,ERR,ERR,ERR,ERR,ERR,ERR,ERR,ERR,ERR,ERR,ERR,ERR,ERR,ERR,ERR,ERR,ERR,ERR,ERR,ERR,ERR,ERR,ERR,ERR,ERR,ERR,ERR,ERR,ERR,ERR,ERR,ERR,ERR,ERR,ERR,ERR,ERR,ERR,ERR,ERR,ERR,ERR,ERR,ERR,ERR,ERR,ERR,ERR,ERR,ERR,ERR,ERR,ERR,ERR,ERR,ERR,ERR,ERR,ERR,ERR,ERR,ERR,ERR,ERR,ERR,ERR,ERR,ERR,ERR,ERR,ERR,ERR,0.0,0.0,-134474944.0,0.0,0.0,1.3936040501711995e+18,7.805,0.0,0,0,4,0,8422,0.0,45,0.0,0.0,0.0,0.0,0.0,0,0,0,0,0.0,0,0,0,0,0,0,0,0,0,0,0,0,0,0,0,0,0,0,0,0,0,0,0,0,0,0,0,0,0,0,0,0,0,38,14,7,45,65476,0,300,0,0,8,21553,0.0,-107605600.0,0.0,0.0,0.0,0.0,0.0,0.0,0.0,0.0,0.0,0.0,0.0,0.0,0.0,0.0,0.0,0.0,0.0,0.0,0.0,0.0,2.004,2.004,-0.0,0.0,0.0,0.0,0.0,0.0,4955.0,-131350.406,0.0,0.0,0.0,-107615280.0,2.718429300292151e+23,0.0,0.0,0.0,0.0,53,-0.0,0.0,0.0,0.0,0.0,0.0,0.0,0.0,0.0,0,0,0,0.0,0.0,0.0,0.0,0.0,0.0,0.0,0.0,0.0,0.0,0.0,0.0,0.0,0.0,0.0,0.0,0,-107875648.0,53,0.0,106,-107614832.0,0.0,ERR,ERR,ERR,ERR,ERR,ERR,ERR,ERR,ERR,ERR,ERR,ERR,ERR,ERR,ERR,ERR,ERR,ERR,ERR,ERR,ERR,ERR,ERR,ERR,ERR,ERR,ERR,ERR,ERR,ERR,ERR,ERR,ERR,ERR,ERR,ERR,ERR,ERR,ERR,ERR,ERR,ERR,ERR,ERR,ERR,ERR,ERR,ERR,ERR,ERR,ERR,ERR,ERR,ERR,ERR,ERR,ERR,ERR,ERR,ERR,ERR,ERR,ERR,ERR,ERR,ERR,ERR,50.0,60.0,100,0.0,0.0,0.0,0.0,0.0,0.0,0.0,0.0,0.0,0.0,0.0,0.0,0.0,0.0,0.0,0.0,61.6,73,14,65513,50,65476,0,300,0,0,8,20529,65476,0,0,26214,60.0,0.0,0.0,0.0,0.0,0.0
2026-05-17T18:46:40,ERR,ERR,ERR,ERR,ERR,ERR,ERR,ERR,ERR,ERR,ERR,ERR,ERR,ERR,ERR,ERR,ERR,ERR,ERR,ERR,ERR,ERR,ERR,ERR,ERR,ERR,ERR,ERR,ERR,ERR,ERR,ERR,ERR,ERR,ERR,ERR,ERR,ERR,ERR,ERR,ERR,ERR,ERR,ERR,ERR,ERR,ERR,ERR,ERR,ERR,ERR,ERR,ERR,ERR,ERR,ERR,ERR,ERR,ERR,ERR,ERR,ERR,ERR,ERR,ERR,ERR,ERR,ERR,ERR,ERR,ERR,ERR,ERR,ERR,ERR,ERR,ERR,ERR,ERR,ERR,ERR,ERR,ERR,ERR,ERR,ERR,ERR,ERR,ERR,ERR,ERR,ERR,ERR,ERR,ERR,ERR,ERR,ERR,ERR,ERR,ERR,ERR,ERR,ERR,ERR,ERR,ERR,ERR,ERR,ERR,ERR,ERR,ERR,ERR,ERR,ERR,ERR,ERR,ERR,ERR,ERR,ERR,ERR,ERR,ERR,0.0,0.0,-134474944.0,0.0,0.0,1.3936040501711995e+18,7.805,0.0,0,0,4,0,8422,0.0,45,0.0,0.0,0.0,0.0,0.0,0,0,0,0,0.0,0,0,0,0,0,0,0,0,0,0,0,0,0,0,0,0,0,0,0,0,0,0,0,0,0,0,0,0,0,0,0,0,0,38,14,7,45,65476,0,300,0,0,8,21553,0.0,-107605600.0,0.0,0.0,0.0,0.0,0.0,0.0,0.0,0.0,0.0,0.0,0.0,0.0,0.0,0.0,0.0,0.0,0.0,0.0,0.0,0.0,2.004,2.004,-0.0,0.0,0.0,0.0,0.0,0.0,4955.0,-131350.406,0.0,0.0,0.0,-107615280.0,2.718429300292151e+23,0.0,0.0,0.0,0.0,53,-0.0,0.0,0.0,0.0,0.0,0.0,0.0,0.0,0.0,0,0,0,0.0,0.0,0.0,0.0,0.0,0.0,0.0,0.0,0.0,0.0,0.0,0.0,0.0,0.0,0.0,0.0,0,-107875648.0,53,0.0,106,-107614832.0,0.0,ERR,ERR,ERR,ERR,ERR,ERR,ERR,ERR,ERR,ERR,ERR,ERR,ERR,ERR,ERR,ERR,ERR,ERR,ERR,ERR,ERR,ERR,ERR,ERR,ERR,ERR,ERR,ERR,ERR,ERR,ERR,ERR,ERR,ERR,ERR,ERR,ERR,ERR,ERR,ERR,ERR,ERR,ERR,ERR,ERR,ERR,ERR,ERR,ERR,ERR,ERR,ERR,ERR,ERR,ERR,ERR,ERR,ERR,ERR,ERR,ERR,ERR,ERR,ERR,ERR,ERR,ERR,50.0,60.0,100,0.0,0.0,0.0,0.0,0.0,0.0,0.0,0.0,0.0,0.0,0.0,0.0,0.0,0.0,0.0,0.0,61.6,73,14,65513,50,65476,0,300,0,0,8,20529,65476,0,0,26214,60.0,0.0,0.0,0.0,0.0,0.0
2026-05-17T18:46:41,ERR,ERR,ERR,ERR,ERR,ERR,ERR,ERR,ERR,ERR,ERR,ERR,ERR,ERR,ERR,ERR,ERR,ERR,ERR,ERR,ERR,ERR,ERR,ERR,ERR,ERR,ERR,ERR,ERR,ERR,ERR,ERR,ERR,ERR,ERR,ERR,ERR,ERR,ERR,ERR,ERR,ERR,ERR,ERR,ERR,ERR,ERR,ERR,ERR,ERR,ERR,ERR,ERR,ERR,ERR,ERR,ERR,ERR,ERR,ERR,ERR,ERR,ERR,ERR,ERR,ERR,ERR,ERR,ERR,ERR,ERR,ERR,ERR,ERR,ERR,ERR,ERR,ERR,ERR,ERR,ERR,ERR,ERR,ERR,ERR,ERR,ERR,ERR,ERR,ERR,ERR,ERR,ERR,ERR,ERR,ERR,ERR,ERR,ERR,ERR,ERR,ERR,ERR,ERR,ERR,ERR,ERR,ERR,ERR,ERR,ERR,ERR,ERR,ERR,ERR,ERR,ERR,ERR,ERR,ERR,ERR,ERR,ERR,ERR,ERR,0.0,0.0,-134474944.0,0.0,0.0,1.3936040501711995e+18,7.805,0.0,0,0,4,0,8422,0.0,45,0.0,0.0,0.0,0.0,0.0,0,0,0,0,0.0,0,0,0,0,0,0,0,0,0,0,0,0,0,0,0,0,0,0,0,0,0,0,0,0,0,0,0,0,0,0,0,0,0,38,14,7,45,65476,0,300,0,0,8,21553,0.0,-107605600.0,0.0,0.0,0.0,0.0,0.0,0.0,0.0,0.0,0.0,0.0,0.0,0.0,0.0,0.0,0.0,0.0,0.0,0.0,0.0,0.0,2.004,2.004,-0.0,0.0,0.0,0.0,0.0,0.0,4955.0,-131350.406,0.0,0.0,0.0,-107615280.0,2.718429300292151e+23,0.0,0.0,0.0,0.0,53,-0.0,0.0,0.0,0.0,0.0,0.0,0.0,0.0,0.0,0,0,0,0.0,0.0,0.0,0.0,0.0,0.0,0.0,0.0,0.0,0.0,0.0,0.0,0.0,0.0,0.0,0.0,0,-107875648.0,53,0.0,106,-107614832.0,0.0,ERR,ERR,ERR,ERR,ERR,ERR,ERR,ERR,ERR,ERR,ERR,ERR,ERR,ERR,ERR,ERR,ERR,ERR,ERR,ERR,ERR,ERR,ERR,ERR,ERR,ERR,ERR,ERR,ERR,ERR,ERR,ERR,ERR,ERR,ERR,ERR,ERR,ERR,ERR,ERR,ERR,ERR,ERR,ERR,ERR,ERR,ERR,ERR,ERR,ERR,ERR,ERR,ERR,ERR,ERR,ERR,ERR,ERR,ERR,ERR,ERR,ERR,ERR,ERR,ERR,ERR,ERR,50.0,60.0,100,0.0,0.0,0.0,0.0,0.0,0.0,0.0,0.0,0.0,0.0,0.0,0.0,0.0,0.0,0.0,0.0,61.6,73,14,65513,50,65476,0,300,0,0,8,20529,65476,0,0,26214,60.0,0.0,0.0,0.0,0.0,0.0
2026-05-17T18:46:42,ERR,ERR,ERR,ERR,ERR,ERR,ERR,ERR,ERR,ERR,ERR,ERR,ERR,ERR,ERR,ERR,ERR,ERR,ERR,ERR,ERR,ERR,ERR,ERR,ERR,ERR,ERR,ERR,ERR,ERR,ERR,ERR,ERR,ERR,ERR,ERR,ERR,ERR,ERR,ERR,ERR,ERR,ERR,ERR,ERR,ERR,ERR,ERR,ERR,ERR,ERR,ERR,ERR,ERR,ERR,ERR,ERR,ERR,ERR,ERR,ERR,ERR,ERR,ERR,ERR,ERR,ERR,ERR,ERR,ERR,ERR,ERR,ERR,ERR,ERR,ERR,ERR,ERR,ERR,ERR,ERR,ERR,ERR,ERR,ERR,ERR,ERR,ERR,ERR,ERR,ERR,ERR,ERR,ERR,ERR,ERR,ERR,ERR,ERR,ERR,ERR,ERR,ERR,ERR,ERR,ERR,ERR,ERR,ERR,ERR,ERR,ERR,ERR,ERR,ERR,ERR,ERR,ERR,ERR,ERR,ERR,ERR,ERR,ERR,ERR,0.0,0.0,-134474944.0,0.0,0.0,1.3936040501711995e+18,7.805,0.0,0,0,4,0,8422,0.0,45,0.0,0.0,0.0,0.0,0.0,0,0,0,0,0.0,0,0,0,0,0,0,0,0,0,0,0,0,0,0,0,0,0,0,0,0,0,0,0,0,0,0,0,0,0,0,0,0,0,38,14,7,45,65476,0,300,0,0,8,21553,0.0,-107605600.0,0.0,0.0,0.0,0.0,0.0,0.0,0.0,0.0,0.0,0.0,0.0,0.0,0.0,0.0,0.0,0.0,0.0,0.0,0.0,0.0,2.004,2.004,-0.0,0.0,0.0,0.0,0.0,0.0,4950.0,-131350.406,0.0,0.0,0.0,-107615280.0,2.718429300292151e+23,0.0,0.0,0.0,0.0,53,-0.0,0.0,0.0,0.0,0.0,0.0,0.0,0.0,0.0,0,0,0,0.0,0.0,0.0,0.0,0.0,0.0,0.0,0.0,0.0,0.0,0.0,0.0,0.0,0.0,0.0,0.0,0,-107875648.0,53,0.0,106,-107614832.0,0.0,ERR,ERR,ERR,ERR,ERR,ERR,ERR,ERR,ERR,ERR,ERR,ERR,ERR,ERR,ERR,ERR,ERR,ERR,ERR,ERR,ERR,ERR,ERR,ERR,ERR,ERR,ERR,ERR,ERR,ERR,ERR,ERR,ERR,ERR,ERR,ERR,ERR,ERR,ERR,ERR,ERR,ERR,ERR,ERR,ERR,ERR,ERR,ERR,ERR,ERR,ERR,ERR,ERR,ERR,ERR,ERR,ERR,ERR,ERR,ERR,ERR,ERR,ERR,ERR,ERR,ERR,ERR,50.0,60.0,100,0.0,0.0,0.0,0.0,0.0,0.0,0.0,0.0,0.0,0.0,0.0,0.0,0.0,0.0,0.0,0.0,61.6,73,14,65513,50,65476,0,300,0,0,8,20529,65476,0,0,26214,60.0,0.0,0.0,0.0,0.0,0.0
2026-05-17T18:46:43,ERR,ERR,ERR,ERR,ERR,ERR,ERR,ERR,ERR,ERR,ERR,ERR,ERR,ERR,ERR,ERR,ERR,ERR,ERR,ERR,ERR,ERR,ERR,ERR,ERR,ERR,ERR,ERR,ERR,ERR,ERR,ERR,ERR,ERR,ERR,ERR,ERR,ERR,ERR,ERR,ERR,ERR,ERR,ERR,ERR,ERR,ERR,ERR,ERR,ERR,ERR,ERR,ERR,ERR,ERR,ERR,ERR,ERR,ERR,ERR,ERR,ERR,ERR,ERR,ERR,ERR,ERR,ERR,ERR,ERR,ERR,ERR,ERR,ERR,ERR,ERR,ERR,ERR,ERR,ERR,ERR,ERR,ERR,ERR,ERR,ERR,ERR,ERR,ERR,ERR,ERR,ERR,ERR,ERR,ERR,ERR,ERR,ERR,ERR,ERR,ERR,ERR,ERR,ERR,ERR,ERR,ERR,ERR,ERR,ERR,ERR,ERR,ERR,ERR,ERR,ERR,ERR,ERR,ERR,ERR,ERR,ERR,ERR,ERR,ERR,0.0,0.0,-134474944.0,0.0,0.0,1.3936040501711995e+18,7.805,0.0,0,0,4,0,8422,0.0,45,0.0,0.0,0.0,0.0,0.0,0,0,0,0,0.0,0,0,0,0,0,0,0,0,0,0,0,0,0,0,0,0,0,0,0,0,0,0,0,0,0,0,0,0,0,0,0,0,0,38,14,7,45,65476,0,300,0,0,8,21553,0.0,-107605600.0,0.0,0.0,0.0,0.0,0.0,0.0,0.0,0.0,0.0,0.0,0.0,0.0,0.0,0.0,0.0,0.0,0.0,0.0,0.0,0.0,2.004,2.004,-0.0,0.0,0.0,0.0,0.0,0.0,4950.0,-131350.406,0.0,0.0,0.0,-107615280.0,2.718429300292151e+23,0.0,0.0,0.0,0.0,53,-0.0,0.0,0.0,0.0,0.0,0.0,0.0,0.0,0.0,0,0,0,0.0,0.0,0.0,0.0,0.0,0.0,0.0,0.0,0.0,0.0,0.0,0.0,0.0,0.0,0.0,0.0,0,-107875648.0,53,0.0,106,-107614832.0,0.0,ERR,ERR,ERR,ERR,ERR,ERR,ERR,ERR,ERR,ERR,ERR,ERR,ERR,ERR,ERR,ERR,ERR,ERR,ERR,ERR,ERR,ERR,ERR,ERR,ERR,ERR,ERR,ERR,ERR,ERR,ERR,ERR,ERR,ERR,ERR,ERR,ERR,ERR,ERR,ERR,ERR,ERR,ERR,ERR,ERR,ERR,ERR,ERR,ERR,ERR,ERR,ERR,ERR,ERR,ERR,ERR,ERR,ERR,ERR,ERR,ERR,ERR,ERR,ERR,ERR,ERR,ERR,50.0,60.0,100,0.0,0.0,0.0,0.0,0.0,0.0,0.0,0.0,0.0,0.0,0.0,0.0,0.0,0.0,0.0,0.0,61.6,73,14,65513,50,65476,0,300,0,0,8,20529,65476,0,0,26214,60.0,0.0,0.0,0.0,0.0,0.0
2026-05-17T18:46:44,ERR,ERR,ERR,ERR,ERR,ERR,ERR,ERR,ERR,ERR,ERR,ERR,ERR,ERR,ERR,ERR,ERR,ERR,ERR,ERR,ERR,ERR,ERR,ERR,ERR,ERR,ERR,ERR,ERR,ERR,ERR,ERR,ERR,ERR,ERR,ERR,ERR,ERR,ERR,ERR,ERR,ERR,ERR,ERR,ERR,ERR,ERR,ERR,ERR,ERR,ERR,ERR,ERR,ERR,ERR,ERR,ERR,ERR,ERR,ERR,ERR,ERR,ERR,ERR,ERR,ERR,ERR,ERR,ERR,ERR,ERR,ERR,ERR,ERR,ERR,ERR,ERR,ERR,ERR,ERR,ERR,ERR,ERR,ERR,ERR,ERR,ERR,ERR,ERR,ERR,ERR,ERR,ERR,ERR,ERR,ERR,ERR,ERR,ERR,ERR,ERR,ERR,ERR,ERR,ERR,ERR,ERR,ERR,ERR,ERR,ERR,ERR,ERR,ERR,ERR,ERR,ERR,ERR,ERR,ERR,ERR,ERR,ERR,ERR,ERR,0.0,0.0,-134474944.0,0.0,0.0,1.3936040501711995e+18,7.805,0.0,0,0,4,0,8422,0.0,45,0.0,0.0,0.0,0.0,0.0,0,0,0,0,0.0,0,0,0,0,0,0,0,0,0,0,0,0,0,0,0,0,0,0,0,0,0,0,0,0,0,0,0,0,0,0,0,0,0,38,14,7,45,65476,0,300,0,0,8,21553,0.0,-107605600.0,0.0,0.0,0.0,0.0,0.0,0.0,0.0,0.0,0.0,0.0,0.0,0.0,0.0,0.0,0.0,0.0,0.0,0.0,0.0,0.0,2.004,2.004,-0.0,0.0,0.0,0.0,0.0,0.0,4950.0,-131350.406,0.0,0.0,0.0,-107615280.0,2.718429300292151e+23,0.0,0.0,0.0,0.0,53,-0.0,0.0,0.0,0.0,0.0,0.0,0.0,0.0,0.0,0,0,0,0.0,0.0,0.0,0.0,0.0,0.0,0.0,0.0,0.0,0.0,0.0,0.0,0.0,0.0,0.0,0.0,0,-107875648.0,53,0.0,106,-107614832.0,0.0,ERR,ERR,ERR,ERR,ERR,ERR,ERR,ERR,ERR,ERR,ERR,ERR,ERR,ERR,ERR,ERR,ERR,ERR,ERR,ERR,ERR,ERR,ERR,ERR,ERR,ERR,ERR,ERR,ERR,ERR,ERR,ERR,ERR,ERR,ERR,ERR,ERR,ERR,ERR,ERR,ERR,ERR,ERR,ERR,ERR,ERR,ERR,ERR,ERR,ERR,ERR,ERR,ERR,ERR,ERR,ERR,ERR,ERR,ERR,ERR,ERR,ERR,ERR,ERR,ERR,ERR,ERR,50.0,60.0,100,0.0,0.0,0.0,0.0,0.0,0.0,0.0,0.0,0.0,0.0,0.0,0.0,0.0,0.0,0.0,0.0,61.6,73,14,65513,50,65476,0,300,0,0,8,20529,65476,0,0,26214,60.0,0.0,0.0,0.0,0.0,0.0
2026-05-17T18:46:45,ERR,ERR,ERR,ERR,ERR,ERR,ERR,ERR,ERR,ERR,ERR,ERR,ERR,ERR,ERR,ERR,ERR,ERR,ERR,ERR,ERR,ERR,ERR,ERR,ERR,ERR,ERR,ERR,ERR,ERR,ERR,ERR,ERR,ERR,ERR,ERR,ERR,ERR,ERR,ERR,ERR,ERR,ERR,ERR,ERR,ERR,ERR,ERR,ERR,ERR,ERR,ERR,ERR,ERR,ERR,ERR,ERR,ERR,ERR,ERR,ERR,ERR,ERR,ERR,ERR,ERR,ERR,ERR,ERR,ERR,ERR,ERR,ERR,ERR,ERR,ERR,ERR,ERR,ERR,ERR,ERR,ERR,ERR,ERR,ERR,ERR,ERR,ERR,ERR,ERR,ERR,ERR,ERR,ERR,ERR,ERR,ERR,ERR,ERR,ERR,ERR,ERR,ERR,ERR,ERR,ERR,ERR,ERR,ERR,ERR,ERR,ERR,ERR,ERR,ERR,ERR,ERR,ERR,ERR,ERR,ERR,ERR,ERR,ERR,ERR,0.0,0.0,-134474944.0,0.0,0.0,1.3936040501711995e+18,7.805,0.0,0,0,4,0,8422,0.0,45,0.0,0.0,0.0,0.0,0.0,0,0,0,0,0.0,0,0,0,0,0,0,0,0,0,0,0,0,0,0,0,0,0,0,0,0,0,0,0,0,0,0,0,0,0,0,0,0,0,38,14,7,45,65476,0,300,0,0,8,21553,0.0,-107605600.0,0.0,0.0,0.0,0.0,0.0,0.0,0.0,0.0,0.0,0.0,0.0,0.0,0.0,0.0,0.0,0.0,0.0,0.0,0.0,0.0,2.004,2.004,-0.0,0.0,0.0,0.0,0.0,0.0,4950.0,-131350.406,0.0,0.0,0.0,-107615280.0,2.718429300292151e+23,0.0,0.0,0.0,0.0,53,-0.0,0.0,0.0,0.0,0.0,0.0,0.0,0.0,0.0,0,0,0,0.0,0.0,0.0,0.0,0.0,0.0,0.0,0.0,0.0,0.0,0.0,0.0,0.0,0.0,0.0,0.0,0,-107875648.0,53,0.0,106,-107614832.0,0.0,ERR,ERR,ERR,ERR,ERR,ERR,ERR,ERR,ERR,ERR,ERR,ERR,ERR,ERR,ERR,ERR,ERR,ERR,ERR,ERR,ERR,ERR,ERR,ERR,ERR,ERR,ERR,ERR,ERR,ERR,ERR,ERR,ERR,ERR,ERR,ERR,ERR,ERR,ERR,ERR,ERR,ERR,ERR,ERR,ERR,ERR,ERR,ERR,ERR,ERR,ERR,ERR,ERR,ERR,ERR,ERR,ERR,ERR,ERR,ERR,ERR,ERR,ERR,ERR,ERR,ERR,ERR,50.0,60.0,100,0.0,0.0,0.0,0.0,0.0,0.0,0.0,0.0,0.0,0.0,0.0,0.0,0.0,0.0,0.0,0.0,61.6,73,14,65513,50,65476,0,300,0,0,8,20529,65476,0,0,26214,60.0,0.0,0.0,0.0,0.0,0.0
2026-05-17T18:46:46,ERR,ERR,ERR,ERR,ERR,ERR,ERR,ERR,ERR,ERR,ERR,ERR,ERR,ERR,ERR,ERR,ERR,ERR,ERR,ERR,ERR,ERR,ERR,ERR,ERR,ERR,ERR,ERR,ERR,ERR,ERR,ERR,ERR,ERR,ERR,ERR,ERR,ERR,ERR,ERR,ERR,ERR,ERR,ERR,ERR,ERR,ERR,ERR,ERR,ERR,ERR,ERR,ERR,ERR,ERR,ERR,ERR,ERR,ERR,ERR,ERR,ERR,ERR,ERR,ERR,ERR,ERR,ERR,ERR,ERR,ERR,ERR,ERR,ERR,ERR,ERR,ERR,ERR,ERR,ERR,ERR,ERR,ERR,ERR,ERR,ERR,ERR,ERR,ERR,ERR,ERR,ERR,ERR,ERR,ERR,ERR,ERR,ERR,ERR,ERR,ERR,ERR,ERR,ERR,ERR,ERR,ERR,ERR,ERR,ERR,ERR,ERR,ERR,ERR,ERR,ERR,ERR,ERR,ERR,ERR,ERR,ERR,ERR,ERR,ERR,0.0,0.0,-134474944.0,0.0,0.0,1.3936040501711995e+18,7.805,0.0,0,0,4,0,8422,0.0,45,0.0,0.0,0.0,0.0,0.0,0,0,0,0,0.0,0,0,0,0,0,0,0,0,0,0,0,0,0,0,0,0,0,0,0,0,0,0,0,0,0,0,0,0,0,0,0,0,0,38,14,7,45,65476,0,300,0,0,8,21553,0.0,-107605600.0,0.0,0.0,0.0,0.0,0.0,0.0,0.0,0.0,0.0,0.0,0.0,0.0,0.0,0.0,0.0,0.0,0.0,0.0,0.0,0.0,2.004,2.004,-0.0,0.0,0.0,0.0,0.0,0.0,4950.0,-131350.406,0.0,0.0,0.0,-107615280.0,2.718429300292151e+23,0.0,0.0,0.0,0.0,53,-0.0,0.0,0.0,0.0,0.0,0.0,0.0,0.0,0.0,0,0,0,0.0,0.0,0.0,0.0,0.0,0.0,0.0,0.0,0.0,0.0,0.0,0.0,0.0,0.0,0.0,0.0,0,-107875648.0,53,0.0,106,-107614832.0,0.0,ERR,ERR,ERR,ERR,ERR,ERR,ERR,ERR,ERR,ERR,ERR,ERR,ERR,ERR,ERR,ERR,ERR,ERR,ERR,ERR,ERR,ERR,ERR,ERR,ERR,ERR,ERR,ERR,ERR,ERR,ERR,ERR,ERR,ERR,ERR,ERR,ERR,ERR,ERR,ERR,ERR,ERR,ERR,ERR,ERR,ERR,ERR,ERR,ERR,ERR,ERR,ERR,ERR,ERR,ERR,ERR,ERR,ERR,ERR,ERR,ERR,ERR,ERR,ERR,ERR,ERR,ERR,50.0,60.0,100,0.0,0.0,0.0,0.0,0.0,0.0,0.0,0.0,0.0,0.0,0.0,0.0,0.0,0.0,0.0,0.0,61.6,73,14,65513,50,65476,0,300,0,0,8,20529,65476,0,0,26214,60.0,0.0,0.0,0.0,0.0,0.0
2026-05-17T18:46:47,ERR,ERR,ERR,ERR,ERR,ERR,ERR,ERR,ERR,ERR,ERR,ERR,ERR,ERR,ERR,ERR,ERR,ERR,ERR,ERR,ERR,ERR,ERR,ERR,ERR,ERR,ERR,ERR,ERR,ERR,ERR,ERR,ERR,ERR,ERR,ERR,ERR,ERR,ERR,ERR,ERR,ERR,ERR,ERR,ERR,ERR,ERR,ERR,ERR,ERR,ERR,ERR,ERR,ERR,ERR,ERR,ERR,ERR,ERR,ERR,ERR,ERR,ERR,ERR,ERR,ERR,ERR,ERR,ERR,ERR,ERR,ERR,ERR,ERR,ERR,ERR,ERR,ERR,ERR,ERR,ERR,ERR,ERR,ERR,ERR,ERR,ERR,ERR,ERR,ERR,ERR,ERR,ERR,ERR,ERR,ERR,ERR,ERR,ERR,ERR,ERR,ERR,ERR,ERR,ERR,ERR,ERR,ERR,ERR,ERR,ERR,ERR,ERR,ERR,ERR,ERR,ERR,ERR,ERR,ERR,ERR,ERR,ERR,ERR,ERR,0.0,0.0,-134474944.0,0.0,0.0,1.3936040501711995e+18,7.805,0.0,0,0,4,0,8422,0.0,45,0.0,0.0,0.0,0.0,0.0,0,0,0,0,0.0,0,0,0,0,0,0,0,0,0,0,0,0,0,0,0,0,0,0,0,0,0,0,0,0,0,0,0,0,0,0,0,0,0,38,14,7,45,65476,0,300,0,0,8,21553,0.0,-107605600.0,0.0,0.0,0.0,0.0,0.0,0.0,0.0,0.0,0.0,0.0,0.0,0.0,0.0,0.0,0.0,0.0,0.0,0.0,0.0,0.0,2.004,2.004,-0.0,0.0,0.0,0.0,0.0,0.0,4946.0,-0.0,0.0,0.0,0.0,-107615280.0,2.718429300292151e+23,0.0,0.0,0.0,0.0,53,4.066880103266858e+29,0.0,0.0,0.0,0.0,0.0,0.0,0.0,0.0,0,0,0,0.0,0.0,0.0,0.0,0.0,0.0,0.0,0.0,0.0,0.0,0.0,0.0,0.0,0.0,0.0,0.0,0,-107875648.0,53,0.0,106,-107614832.0,0.0,ERR,ERR,ERR,ERR,ERR,ERR,ERR,ERR,ERR,ERR,ERR,ERR,ERR,ERR,ERR,ERR,ERR,ERR,ERR,ERR,ERR,ERR,ERR,ERR,ERR,ERR,ERR,ERR,ERR,ERR,ERR,ERR,ERR,ERR,ERR,ERR,ERR,ERR,ERR,ERR,ERR,ERR,ERR,ERR,ERR,ERR,ERR,ERR,ERR,ERR,ERR,ERR,ERR,ERR,ERR,ERR,ERR,ERR,ERR,ERR,ERR,ERR,ERR,ERR,ERR,ERR,ERR,50.0,60.0,100,0.0,0.0,0.0,0.0,0.0,0.0,0.0,0.0,0.0,0.0,0.0,0.0,0.0,0.0,0.0,0.0,61.6,73,14,65513,50,65476,0,300,0,0,8,20529,65476,0,0,26214,60.0,0.0,0.0,0.0,0.0,0.0
2026-05-17T18:46:48,ERR,ERR,ERR,ERR,ERR,ERR,ERR,ERR,ERR,ERR,ERR,ERR,ERR,ERR,ERR,ERR,ERR,ERR,ERR,ERR,ERR,ERR,ERR,ERR,ERR,ERR,ERR,ERR,ERR,ERR,ERR,ERR,ERR,ERR,ERR,ERR,ERR,ERR,ERR,ERR,ERR,ERR,ERR,ERR,ERR,ERR,ERR,ERR,ERR,ERR,ERR,ERR,ERR,ERR,ERR,ERR,ERR,ERR,ERR,ERR,ERR,ERR,ERR,ERR,ERR,ERR,ERR,ERR,ERR,ERR,ERR,ERR,ERR,ERR,ERR,ERR,ERR,ERR,ERR,ERR,ERR,ERR,ERR,ERR,ERR,ERR,ERR,ERR,ERR,ERR,ERR,ERR,ERR,ERR,ERR,ERR,ERR,ERR,ERR,ERR,ERR,ERR,ERR,ERR,ERR,ERR,ERR,ERR,ERR,ERR,ERR,ERR,ERR,ERR,ERR,ERR,ERR,ERR,ERR,ERR,ERR,ERR,ERR,ERR,ERR,0.0,0.0,-134474944.0,0.0,0.0,1.3936040501711995e+18,7.805,0.0,0,0,4,0,8422,0.0,45,0.0,0.0,0.0,0.0,0.0,0,0,0,0,0.0,0,0,0,0,0,0,0,0,0,0,0,0,0,0,0,0,0,0,0,0,0,0,0,0,0,0,0,0,0,0,0,0,0,38,14,7,45,65476,0,300,0,0,8,21553,0.0,-107605600.0,0.0,0.0,0.0,0.0,0.0,0.0,0.0,0.0,0.0,0.0,0.0,0.0,0.0,0.0,0.0,0.0,0.0,0.0,0.0,0.0,2.004,2.004,-0.0,0.0,0.0,0.0,0.0,0.0,4946.0,-0.0,0.0,0.0,0.0,-107615280.0,2.718429300292151e+23,0.0,0.0,0.0,0.0,53,4.066880103266858e+29,0.0,0.0,0.0,0.0,0.0,0.0,0.0,0.0,0,0,0,0.0,0.0,0.0,0.0,0.0,0.0,0.0,0.0,0.0,0.0,0.0,0.0,0.0,0.0,0.0,0.0,0,-107875648.0,53,0.0,106,-107614832.0,0.0,ERR,ERR,ERR,ERR,ERR,ERR,ERR,ERR,ERR,ERR,ERR,ERR,ERR,ERR,ERR,ERR,ERR,ERR,ERR,ERR,ERR,ERR,ERR,ERR,ERR,ERR,ERR,ERR,ERR,ERR,ERR,ERR,ERR,ERR,ERR,ERR,ERR,ERR,ERR,ERR,ERR,ERR,ERR,ERR,ERR,ERR,ERR,ERR,ERR,ERR,ERR,ERR,ERR,ERR,ERR,ERR,ERR,ERR,ERR,ERR,ERR,ERR,ERR,ERR,ERR,ERR,ERR,50.0,60.0,100,0.0,0.0,0.0,0.0,0.0,0.0,0.0,0.0,0.0,0.0,0.0,0.0,0.0,0.0,0.0,0.0,61.6,73,14,65513,50,65476,0,300,0,0,8,20529,65476,0,0,26214,60.0,0.0,0.0,0.0,0.0,0.0
2026-05-17T18:46:49,ERR,ERR,ERR,ERR,ERR,ERR,ERR,ERR,ERR,ERR,ERR,ERR,ERR,ERR,ERR,ERR,ERR,ERR,ERR,ERR,ERR,ERR,ERR,ERR,ERR,ERR,ERR,ERR,ERR,ERR,ERR,ERR,ERR,ERR,ERR,ERR,ERR,ERR,ERR,ERR,ERR,ERR,ERR,ERR,ERR,ERR,ERR,ERR,ERR,ERR,ERR,ERR,ERR,ERR,ERR,ERR,ERR,ERR,ERR,ERR,ERR,ERR,ERR,ERR,ERR,ERR,ERR,ERR,ERR,ERR,ERR,ERR,ERR,ERR,ERR,ERR,ERR,ERR,ERR,ERR,ERR,ERR,ERR,ERR,ERR,ERR,ERR,ERR,ERR,ERR,ERR,ERR,ERR,ERR,ERR,ERR,ERR,ERR,ERR,ERR,ERR,ERR,ERR,ERR,ERR,ERR,ERR,ERR,ERR,ERR,ERR,ERR,ERR,ERR,ERR,ERR,ERR,ERR,ERR,ERR,ERR,ERR,ERR,ERR,ERR,0.0,0.0,-134474944.0,0.0,0.0,1.3936040501711995e+18,7.805,0.0,0,0,4,0,8422,0.0,45,0.0,0.0,0.0,0.0,0.0,0,0,0,0,0.0,0,0,0,0,0,0,0,0,0,0,0,0,0,0,0,0,0,0,0,0,0,0,0,0,0,0,0,0,0,0,0,0,0,38,14,7,45,65476,0,300,0,0,8,21553,0.0,-107605600.0,0.0,0.0,0.0,0.0,0.0,0.0,0.0,0.0,0.0,0.0,0.0,0.0,0.0,0.0,0.0,0.0,0.0,0.0,0.0,0.0,2.004,2.004,-0.0,0.0,0.0,0.0,0.0,0.0,4946.0,-0.0,0.0,0.0,0.0,-107615280.0,2.718429300292151e+23,0.0,0.0,0.0,0.0,53,4.066880103266858e+29,0.0,0.0,0.0,0.0,0.0,0.0,0.0,0.0,0,0,0,0.0,0.0,0.0,0.0,0.0,0.0,0.0,0.0,0.0,0.0,0.0,0.0,0.0,0.0,0.0,0.0,0,-107875648.0,53,0.0,106,-107614832.0,0.0,ERR,ERR,ERR,ERR,ERR,ERR,ERR,ERR,ERR,ERR,ERR,ERR,ERR,ERR,ERR,ERR,ERR,ERR,ERR,ERR,ERR,ERR,ERR,ERR,ERR,ERR,ERR,ERR,ERR,ERR,ERR,ERR,ERR,ERR,ERR,ERR,ERR,ERR,ERR,ERR,ERR,ERR,ERR,ERR,ERR,ERR,ERR,ERR,ERR,ERR,ERR,ERR,ERR,ERR,ERR,ERR,ERR,ERR,ERR,ERR,ERR,ERR,ERR,ERR,ERR,ERR,ERR,50.0,60.0,100,0.0,0.0,0.0,0.0,0.0,0.0,0.0,0.0,0.0,0.0,0.0,0.0,0.0,0.0,0.0,0.0,62.0,73,14,65513,50,65476,0,300,0,0,8,20529,65476,0,0,26214,60.0,0.0,0.0,0.0,0.0,0.0
2026-05-17T18:46:50,ERR,ERR,ERR,ERR,ERR,ERR,ERR,ERR,ERR,ERR,ERR,ERR,ERR,ERR,ERR,ERR,ERR,ERR,ERR,ERR,ERR,ERR,ERR,ERR,ERR,ERR,ERR,ERR,ERR,ERR,ERR,ERR,ERR,ERR,ERR,ERR,ERR,ERR,ERR,ERR,ERR,ERR,ERR,ERR,ERR,ERR,ERR,ERR,ERR,ERR,ERR,ERR,ERR,ERR,ERR,ERR,ERR,ERR,ERR,ERR,ERR,ERR,ERR,ERR,ERR,ERR,ERR,ERR,ERR,ERR,ERR,ERR,ERR,ERR,ERR,ERR,ERR,ERR,ERR,ERR,ERR,ERR,ERR,ERR,ERR,ERR,ERR,ERR,ERR,ERR,ERR,ERR,ERR,ERR,ERR,ERR,ERR,ERR,ERR,ERR,ERR,ERR,ERR,ERR,ERR,ERR,ERR,ERR,ERR,ERR,ERR,ERR,ERR,ERR,ERR,ERR,ERR,ERR,ERR,ERR,ERR,ERR,ERR,ERR,ERR,0.0,0.0,-134474944.0,0.0,0.0,1.3936040501711995e+18,7.805,0.0,0,0,4,0,8422,0.0,45,0.0,0.0,0.0,0.0,0.0,0,0,0,0,0.0,0,0,0,0,0,0,0,0,0,0,0,0,0,0,0,0,0,0,0,0,0,0,0,0,0,0,0,0,0,0,0,0,0,38,14,7,45,65476,0,300,0,0,8,21553,0.0,-107605600.0,0.0,0.0,0.0,0.0,0.0,0.0,0.0,0.0,0.0,0.0,0.0,0.0,0.0,0.0,0.0,0.0,0.0,0.0,0.0,0.0,2.004,2.004,-0.0,0.0,0.0,0.0,0.0,0.0,4946.0,-0.0,0.0,0.0,0.0,-107615280.0,2.718429300292151e+23,0.0,0.0,0.0,0.0,53,4.066880103266858e+29,0.0,0.0,0.0,0.0,0.0,0.0,0.0,0.0,0,0,0,0.0,0.0,0.0,0.0,0.0,0.0,0.0,0.0,0.0,0.0,0.0,0.0,0.0,0.0,0.0,0.0,0,-107875648.0,53,0.0,106,-107614832.0,0.0,ERR,ERR,ERR,ERR,ERR,ERR,ERR,ERR,ERR,ERR,ERR,ERR,ERR,ERR,ERR,ERR,ERR,ERR,ERR,ERR,ERR,ERR,ERR,ERR,ERR,ERR,ERR,ERR,ERR,ERR,ERR,ERR,ERR,ERR,ERR,ERR,ERR,ERR,ERR,ERR,ERR,ERR,ERR,ERR,ERR,ERR,ERR,ERR,ERR,ERR,ERR,ERR,ERR,ERR,ERR,ERR,ERR,ERR,ERR,ERR,ERR,ERR,ERR,ERR,ERR,ERR,ERR,50.0,60.0,100,0.0,0.0,0.0,0.0,0.0,0.0,0.0,0.0,0.0,0.0,0.0,0.0,0.0,0.0,0.0,0.0,62.0,73,14,65513,50,65476,0,300,0,0,8,20529,65476,0,0,26214,60.0,0.0,0.0,0.0,0.0,0.0
2026-05-17T18:46:51,ERR,ERR,ERR,ERR,ERR,ERR,ERR,ERR,ERR,ERR,ERR,ERR,ERR,ERR,ERR,ERR,ERR,ERR,ERR,ERR,ERR,ERR,ERR,ERR,ERR,ERR,ERR,ERR,ERR,ERR,ERR,ERR,ERR,ERR,ERR,ERR,ERR,ERR,ERR,ERR,ERR,ERR,ERR,ERR,ERR,ERR,ERR,ERR,ERR,ERR,ERR,ERR,ERR,ERR,ERR,ERR,ERR,ERR,ERR,ERR,ERR,ERR,ERR,ERR,ERR,ERR,ERR,ERR,ERR,ERR,ERR,ERR,ERR,ERR,ERR,ERR,ERR,ERR,ERR,ERR,ERR,ERR,ERR,ERR,ERR,ERR,ERR,ERR,ERR,ERR,ERR,ERR,ERR,ERR,ERR,ERR,ERR,ERR,ERR,ERR,ERR,ERR,ERR,ERR,ERR,ERR,ERR,ERR,ERR,ERR,ERR,ERR,ERR,ERR,ERR,ERR,ERR,ERR,ERR,ERR,ERR,ERR,ERR,ERR,ERR,0.0,0.0,-134474944.0,0.0,0.0,1.3936040501711995e+18,7.805,0.0,0,0,4,0,8422,0.0,45,0.0,0.0,0.0,0.0,0.0,0,0,0,0,0.0,0,0,0,0,0,0,0,0,0,0,0,0,0,0,0,0,0,0,0,0,0,0,0,0,0,0,0,0,0,0,0,0,0,38,14,7,45,65476,0,300,0,0,8,21553,0.0,-107605600.0,0.0,0.0,0.0,0.0,0.0,0.0,0.0,0.0,0.0,0.0,0.0,0.0,0.0,0.0,0.0,0.0,0.0,0.0,0.0,0.0,2.004,2.004,-0.0,0.0,0.0,0.0,0.0,0.0,4946.0,-0.0,0.0,0.0,0.0,-107615280.0,2.718429300292151e+23,0.0,0.0,0.0,0.0,53,4.066880103266858e+29,0.0,0.0,0.0,0.0,0.0,0.0,0.0,0.0,0,0,0,0.0,0.0,0.0,0.0,0.0,0.0,0.0,0.0,0.0,0.0,0.0,0.0,0.0,0.0,0.0,0.0,0,-107875648.0,53,0.0,106,-107614832.0,0.0,ERR,ERR,ERR,ERR,ERR,ERR,ERR,ERR,ERR,ERR,ERR,ERR,ERR,ERR,ERR,ERR,ERR,ERR,ERR,ERR,ERR,ERR,ERR,ERR,ERR,ERR,ERR,ERR,ERR,ERR,ERR,ERR,ERR,ERR,ERR,ERR,ERR,ERR,ERR,ERR,ERR,ERR,ERR,ERR,ERR,ERR,ERR,ERR,ERR,ERR,ERR,ERR,ERR,ERR,ERR,ERR,ERR,ERR,ERR,ERR,ERR,ERR,ERR,ERR,ERR,ERR,ERR,50.0,60.0,100,0.0,0.0,0.0,0.0,0.0,0.0,0.0,0.0,0.0,0.0,0.0,0.0,0.0,0.0,0.0,0.0,61.6,73,14,65513,50,65476,0,300,0,0,8,20529,65476,0,0,26214,60.0,0.0,0.0,0.0,0.0,0.0
2026-05-17T18:46:52,ERR,ERR,ERR,ERR,ERR,ERR,ERR,ERR,ERR,ERR,ERR,ERR,ERR,ERR,ERR,ERR,ERR,ERR,ERR,ERR,ERR,ERR,ERR,ERR,ERR,ERR,ERR,ERR,ERR,ERR,ERR,ERR,ERR,ERR,ERR,ERR,ERR,ERR,ERR,ERR,ERR,ERR,ERR,ERR,ERR,ERR,ERR,ERR,ERR,ERR,ERR,ERR,ERR,ERR,ERR,ERR,ERR,ERR,ERR,ERR,ERR,ERR,ERR,ERR,ERR,ERR,ERR,ERR,ERR,ERR,ERR,ERR,ERR,ERR,ERR,ERR,ERR,ERR,ERR,ERR,ERR,ERR,ERR,ERR,ERR,ERR,ERR,ERR,ERR,ERR,ERR,ERR,ERR,ERR,ERR,ERR,ERR,ERR,ERR,ERR,ERR,ERR,ERR,ERR,ERR,ERR,ERR,ERR,ERR,ERR,ERR,ERR,ERR,ERR,ERR,ERR,ERR,ERR,ERR,ERR,ERR,ERR,ERR,ERR,ERR,0.0,0.0,-134474944.0,0.0,0.0,1.3936040501711995e+18,7.805,0.0,0,0,4,0,8422,0.0,45,0.0,0.0,0.0,0.0,0.0,0,0,0,0,0.0,0,0,0,0,0,0,0,0,0,0,0,0,0,0,0,0,0,0,0,0,0,0,0,0,0,0,0,0,0,0,0,0,0,38,14,7,45,65476,0,300,0,0,8,21553,0.0,-107605600.0,0.0,0.0,0.0,0.0,0.0,0.0,0.0,0.0,0.0,0.0,0.0,0.0,0.0,0.0,0.0,0.0,0.0,0.0,0.0,0.0,2.004,2.004,-0.0,0.0,0.0,0.0,0.0,0.0,4946.0,-0.0,0.0,0.0,0.0,-107615280.0,2.718429300292151e+23,0.0,0.0,0.0,0.0,53,4.066880103266858e+29,0.0,0.0,0.0,0.0,0.0,0.0,0.0,0.0,0,0,0,0.0,0.0,0.0,0.0,0.0,0.0,0.0,0.0,0.0,0.0,0.0,0.0,0.0,0.0,0.0,0.0,0,-107875648.0,53,0.0,106,-107614832.0,0.0,ERR,ERR,ERR,ERR,ERR,ERR,ERR,ERR,ERR,ERR,ERR,ERR,ERR,ERR,ERR,ERR,ERR,ERR,ERR,ERR,ERR,ERR,ERR,ERR,ERR,ERR,ERR,ERR,ERR,ERR,ERR,ERR,ERR,ERR,ERR,ERR,ERR,ERR,ERR,ERR,ERR,ERR,ERR,ERR,ERR,ERR,ERR,ERR,ERR,ERR,ERR,ERR,ERR,ERR,ERR,ERR,ERR,ERR,ERR,ERR,ERR,ERR,ERR,ERR,ERR,ERR,ERR,50.0,60.0,100,0.0,0.0,0.0,0.0,0.0,0.0,0.0,0.0,0.0,0.0,0.0,0.0,0.0,0.0,0.0,0.0,61.6,73,14,65513,50,65476,0,300,0,0,8,20529,65476,0,0,26214,60.0,0.0,0.0,0.0,0.0,0.0
2026-05-17T18:46:53,ERR,ERR,ERR,ERR,ERR,ERR,ERR,ERR,ERR,ERR,ERR,ERR,ERR,ERR,ERR,ERR,ERR,ERR,ERR,ERR,ERR,ERR,ERR,ERR,ERR,ERR,ERR,ERR,ERR,ERR,ERR,ERR,ERR,ERR,ERR,ERR,ERR,ERR,ERR,ERR,ERR,ERR,ERR,ERR,ERR,ERR,ERR,ERR,ERR,ERR,ERR,ERR,ERR,ERR,ERR,ERR,ERR,ERR,ERR,ERR,ERR,ERR,ERR,ERR,ERR,ERR,ERR,ERR,ERR,ERR,ERR,ERR,ERR,ERR,ERR,ERR,ERR,ERR,ERR,ERR,ERR,ERR,ERR,ERR,ERR,ERR,ERR,ERR,ERR,ERR,ERR,ERR,ERR,ERR,ERR,ERR,ERR,ERR,ERR,ERR,ERR,ERR,ERR,ERR,ERR,ERR,ERR,ERR,ERR,ERR,ERR,ERR,ERR,ERR,ERR,ERR,ERR,ERR,ERR,ERR,ERR,ERR,ERR,ERR,ERR,0.0,0.0,-134474944.0,0.0,0.0,1.3936040501711995e+18,7.805,0.0,0,0,4,0,8422,0.0,45,0.0,0.0,0.0,0.0,0.0,0,0,0,0,0.0,0,0,0,0,0,0,0,0,0,0,0,0,0,0,0,0,0,0,0,0,0,0,0,0,0,0,0,0,0,0,0,0,0,38,14,7,45,65476,0,300,0,0,8,21553,0.0,-107605600.0,0.0,0.0,0.0,0.0,0.0,0.0,0.0,0.0,0.0,0.0,0.0,0.0,0.0,0.0,0.0,0.0,0.0,0.0,0.0,0.0,2.004,2.004,-0.0,0.0,0.0,0.0,0.0,0.0,4952.0,-0.0,0.0,0.0,0.0,-107615280.0,2.718429300292151e+23,0.0,0.0,0.0,0.0,53,-0.0,-2.308827523576129e+20,0.0,0.0,0.0,0.0,0.0,0.0,0.0,0,0,0,0.0,0.0,0.0,0.0,0.0,0.0,0.0,0.0,0.0,0.0,0.0,0.0,0.0,0.0,0.0,0.0,0,-107875648.0,53,0.0,106,-107614832.0,0.0,ERR,ERR,ERR,ERR,ERR,ERR,ERR,ERR,ERR,ERR,ERR,ERR,ERR,ERR,ERR,ERR,ERR,ERR,ERR,ERR,ERR,ERR,ERR,ERR,ERR,ERR,ERR,ERR,ERR,ERR,ERR,ERR,ERR,ERR,ERR,ERR,ERR,ERR,ERR,ERR,ERR,ERR,ERR,ERR,ERR,ERR,ERR,ERR,ERR,ERR,ERR,ERR,ERR,ERR,ERR,ERR,ERR,ERR,ERR,ERR,ERR,ERR,ERR,ERR,ERR,ERR,ERR,50.0,60.0,100,0.0,0.0,0.0,0.0,0.0,0.0,0.0,0.0,0.0,0.0,0.0,0.0,0.0,0.0,0.0,0.0,61.6,73,14,65513,50,65476,0,300,0,0,8,20529,65476,0,0,26214,60.0,0.0,0.0,0.0,0.0,0.0
2026-05-17T18:46:54,ERR,ERR,ERR,ERR,ERR,ERR,ERR,ERR,ERR,ERR,ERR,ERR,ERR,ERR,ERR,ERR,ERR,ERR,ERR,ERR,ERR,ERR,ERR,ERR,ERR,ERR,ERR,ERR,ERR,ERR,ERR,ERR,ERR,ERR,ERR,ERR,ERR,ERR,ERR,ERR,ERR,ERR,ERR,ERR,ERR,ERR,ERR,ERR,ERR,ERR,ERR,ERR,ERR,ERR,ERR,ERR,ERR,ERR,ERR,ERR,ERR,ERR,ERR,ERR,ERR,ERR,ERR,ERR,ERR,ERR,ERR,ERR,ERR,ERR,ERR,ERR,ERR,ERR,ERR,ERR,ERR,ERR,ERR,ERR,ERR,ERR,ERR,ERR,ERR,ERR,ERR,ERR,ERR,ERR,ERR,ERR,ERR,ERR,ERR,ERR,ERR,ERR,ERR,ERR,ERR,ERR,ERR,ERR,ERR,ERR,ERR,ERR,ERR,ERR,ERR,ERR,ERR,ERR,ERR,ERR,ERR,ERR,ERR,ERR,ERR,0.0,0.0,-134474944.0,0.0,0.0,1.3936040501711995e+18,7.805,0.0,0,0,4,0,8422,0.0,45,0.0,0.0,0.0,0.0,0.0,0,0,0,0,0.0,0,0,0,0,0,0,0,0,0,0,0,0,0,0,0,0,0,0,0,0,0,0,0,0,0,0,0,0,0,0,0,0,0,38,14,7,45,65476,0,300,0,0,8,21553,0.0,-107605600.0,0.0,0.0,0.0,0.0,0.0,0.0,0.0,0.0,0.0,0.0,0.0,0.0,0.0,0.0,0.0,0.0,0.0,0.0,0.0,0.0,2.004,2.004,-0.0,0.0,0.0,0.0,0.0,0.0,4952.0,-0.0,0.0,0.0,0.0,-107615280.0,2.718429300292151e+23,0.0,0.0,0.0,0.0,53,-0.0,-2.308827523576129e+20,0.0,0.0,0.0,0.0,0.0,0.0,0.0,0,0,0,0.0,0.0,0.0,0.0,0.0,0.0,0.0,0.0,0.0,0.0,0.0,0.0,0.0,0.0,0.0,0.0,0,-107875648.0,53,0.0,106,-107614832.0,0.0,ERR,ERR,ERR,ERR,ERR,ERR,ERR,ERR,ERR,ERR,ERR,ERR,ERR,ERR,ERR,ERR,ERR,ERR,ERR,ERR,ERR,ERR,ERR,ERR,ERR,ERR,ERR,ERR,ERR,ERR,ERR,ERR,ERR,ERR,ERR,ERR,ERR,ERR,ERR,ERR,ERR,ERR,ERR,ERR,ERR,ERR,ERR,ERR,ERR,ERR,ERR,ERR,ERR,ERR,ERR,ERR,ERR,ERR,ERR,ERR,ERR,ERR,ERR,ERR,ERR,ERR,ERR,50.0,60.0,100,0.0,0.0,0.0,0.0,0.0,0.0,0.0,0.0,0.0,0.0,0.0,0.0,0.0,0.0,0.0,0.0,61.6,73,14,65513,50,65476,0,300,0,0,8,20529,65476,0,0,26214,60.0,0.0,0.0,0.0,0.0,0.0
2026-05-17T18:46:55,ERR,ERR,ERR,ERR,ERR,ERR,ERR,ERR,ERR,ERR,ERR,ERR,ERR,ERR,ERR,ERR,ERR,ERR,ERR,ERR,ERR,ERR,ERR,ERR,ERR,ERR,ERR,ERR,ERR,ERR,ERR,ERR,ERR,ERR,ERR,ERR,ERR,ERR,ERR,ERR,ERR,ERR,ERR,ERR,ERR,ERR,ERR,ERR,ERR,ERR,ERR,ERR,ERR,ERR,ERR,ERR,ERR,ERR,ERR,ERR,ERR,ERR,ERR,ERR,ERR,ERR,ERR,ERR,ERR,ERR,ERR,ERR,ERR,ERR,ERR,ERR,ERR,ERR,ERR,ERR,ERR,ERR,ERR,ERR,ERR,ERR,ERR,ERR,ERR,ERR,ERR,ERR,ERR,ERR,ERR,ERR,ERR,ERR,ERR,ERR,ERR,ERR,ERR,ERR,ERR,ERR,ERR,ERR,ERR,ERR,ERR,ERR,ERR,ERR,ERR,ERR,ERR,ERR,ERR,ERR,ERR,ERR,ERR,ERR,ERR,0.0,0.0,-134474944.0,0.0,0.0,1.3936040501711995e+18,7.805,0.0,0,0,4,0,8422,0.0,45,0.0,0.0,0.0,0.0,0.0,0,0,0,0,0.0,0,0,0,0,0,0,0,0,0,0,0,0,0,0,0,0,0,0,0,0,0,0,0,0,0,0,0,0,0,0,0,0,0,38,14,7,45,65476,0,300,0,0,8,21553,0.0,-107605600.0,0.0,0.0,0.0,0.0,0.0,0.0,0.0,0.0,0.0,0.0,0.0,0.0,0.0,0.0,0.0,0.0,0.0,0.0,0.0,0.0,2.004,2.004,-0.0,0.0,0.0,0.0,0.0,0.0,4952.0,-0.0,0.0,0.0,0.0,-107615280.0,2.718429300292151e+23,0.0,0.0,0.0,0.0,53,-0.0,-2.308827523576129e+20,0.0,0.0,0.0,0.0,0.0,0.0,0.0,0,0,0,0.0,0.0,0.0,0.0,0.0,0.0,0.0,0.0,0.0,0.0,0.0,0.0,0.0,0.0,0.0,0.0,0,-107875648.0,53,0.0,106,-107614832.0,0.0,ERR,ERR,ERR,ERR,ERR,ERR,ERR,ERR,ERR,ERR,ERR,ERR,ERR,ERR,ERR,ERR,ERR,ERR,ERR,ERR,ERR,ERR,ERR,ERR,ERR,ERR,ERR,ERR,ERR,ERR,ERR,ERR,ERR,ERR,ERR,ERR,ERR,ERR,ERR,ERR,ERR,ERR,ERR,ERR,ERR,ERR,ERR,ERR,ERR,ERR,ERR,ERR,ERR,ERR,ERR,ERR,ERR,ERR,ERR,ERR,ERR,ERR,ERR,ERR,ERR,ERR,ERR,50.0,60.0,100,0.0,0.0,0.0,0.0,0.0,0.0,0.0,0.0,0.0,0.0,0.0,0.0,0.0,0.0,0.0,0.0,61.6,73,14,65513,50,65476,0,300,0,0,8,20529,65476,0,0,26214,60.0,0.0,0.0,0.0,0.0,0.0
2026-05-17T18:46:56,ERR,ERR,ERR,ERR,ERR,ERR,ERR,ERR,ERR,ERR,ERR,ERR,ERR,ERR,ERR,ERR,ERR,ERR,ERR,ERR,ERR,ERR,ERR,ERR,ERR,ERR,ERR,ERR,ERR,ERR,ERR,ERR,ERR,ERR,ERR,ERR,ERR,ERR,ERR,ERR,ERR,ERR,ERR,ERR,ERR,ERR,ERR,ERR,ERR,ERR,ERR,ERR,ERR,ERR,ERR,ERR,ERR,ERR,ERR,ERR,ERR,ERR,ERR,ERR,ERR,ERR,ERR,ERR,ERR,ERR,ERR,ERR,ERR,ERR,ERR,ERR,ERR,ERR,ERR,ERR,ERR,ERR,ERR,ERR,ERR,ERR,ERR,ERR,ERR,ERR,ERR,ERR,ERR,ERR,ERR,ERR,ERR,ERR,ERR,ERR,ERR,ERR,ERR,ERR,ERR,ERR,ERR,ERR,ERR,ERR,ERR,ERR,ERR,ERR,ERR,ERR,ERR,ERR,ERR,ERR,ERR,ERR,ERR,ERR,ERR,0.0,0.0,-134474944.0,0.0,0.0,1.3936040501711995e+18,7.805,0.0,0,0,4,0,8422,0.0,45,0.0,0.0,0.0,0.0,0.0,0,0,0,0,0.0,0,0,0,0,0,0,0,0,0,0,0,0,0,0,0,0,0,0,0,0,0,0,0,0,0,0,0,0,0,0,0,0,0,38,14,7,45,65476,0,300,0,0,8,21553,0.0,-107605600.0,0.0,0.0,0.0,0.0,0.0,0.0,0.0,0.0,0.0,0.0,0.0,0.0,0.0,0.0,0.0,0.0,0.0,0.0,0.0,0.0,2.004,2.004,-0.0,0.0,0.0,0.0,0.0,0.0,4952.0,-0.0,0.0,0.0,0.0,-107615280.0,2.718429300292151e+23,0.0,0.0,0.0,0.0,53,-0.0,-2.308827523576129e+20,0.0,0.0,0.0,0.0,0.0,0.0,0.0,0,0,0,0.0,0.0,0.0,0.0,0.0,0.0,0.0,0.0,0.0,0.0,0.0,0.0,0.0,0.0,0.0,0.0,0,-107875648.0,53,0.0,106,-107614832.0,0.0,ERR,ERR,ERR,ERR,ERR,ERR,ERR,ERR,ERR,ERR,ERR,ERR,ERR,ERR,ERR,ERR,ERR,ERR,ERR,ERR,ERR,ERR,ERR,ERR,ERR,ERR,ERR,ERR,ERR,ERR,ERR,ERR,ERR,ERR,ERR,ERR,ERR,ERR,ERR,ERR,ERR,ERR,ERR,ERR,ERR,ERR,ERR,ERR,ERR,ERR,ERR,ERR,ERR,ERR,ERR,ERR,ERR,ERR,ERR,ERR,ERR,ERR,ERR,ERR,ERR,ERR,ERR,50.0,60.0,100,0.0,0.0,0.0,0.0,0.0,0.0,0.0,0.0,0.0,0.0,0.0,0.0,0.0,0.0,0.0,0.0,61.6,73,14,65513,50,65476,0,300,0,0,8,20529,65476,0,0,26214,60.0,0.0,0.0,0.0,0.0,0.0
2026-05-17T18:46:57,ERR,ERR,ERR,ERR,ERR,ERR,ERR,ERR,ERR,ERR,ERR,ERR,ERR,ERR,ERR,ERR,ERR,ERR,ERR,ERR,ERR,ERR,ERR,ERR,ERR,ERR,ERR,ERR,ERR,ERR,ERR,ERR,ERR,ERR,ERR,ERR,ERR,ERR,ERR,ERR,ERR,ERR,ERR,ERR,ERR,ERR,ERR,ERR,ERR,ERR,ERR,ERR,ERR,ERR,ERR,ERR,ERR,ERR,ERR,ERR,ERR,ERR,ERR,ERR,ERR,ERR,ERR,ERR,ERR,ERR,ERR,ERR,ERR,ERR,ERR,ERR,ERR,ERR,ERR,ERR,ERR,ERR,ERR,ERR,ERR,ERR,ERR,ERR,ERR,ERR,ERR,ERR,ERR,ERR,ERR,ERR,ERR,ERR,ERR,ERR,ERR,ERR,ERR,ERR,ERR,ERR,ERR,ERR,ERR,ERR,ERR,ERR,ERR,ERR,ERR,ERR,ERR,ERR,ERR,ERR,ERR,ERR,ERR,ERR,ERR,0.0,0.0,-134474944.0,0.0,0.0,1.3936040501711995e+18,7.805,0.0,0,0,4,0,8422,0.0,45,0.0,0.0,0.0,0.0,0.0,0,0,0,0,0.0,0,0,0,0,0,0,0,0,0,0,0,0,0,0,0,0,0,0,0,0,0,0,0,0,0,0,0,0,0,0,0,0,0,38,14,7,45,65476,0,300,0,0,8,21553,0.0,-107605600.0,0.0,0.0,0.0,0.0,0.0,0.0,0.0,0.0,0.0,0.0,0.0,0.0,0.0,0.0,0.0,0.0,0.0,0.0,0.0,0.0,2.004,2.004,-0.0,0.0,0.0,0.0,0.0,0.0,4952.0,-0.0,0.0,0.0,0.0,-107615280.0,2.718429300292151e+23,0.0,0.0,0.0,0.0,53,-0.0,-2.308827523576129e+20,0.0,0.0,0.0,0.0,0.0,0.0,0.0,0,0,0,0.0,0.0,0.0,0.0,0.0,0.0,0.0,0.0,0.0,0.0,0.0,0.0,0.0,0.0,0.0,0.0,0,-107875648.0,53,0.0,106,-107614832.0,0.0,ERR,ERR,ERR,ERR,ERR,ERR,ERR,ERR,ERR,ERR,ERR,ERR,ERR,ERR,ERR,ERR,ERR,ERR,ERR,ERR,ERR,ERR,ERR,ERR,ERR,ERR,ERR,ERR,ERR,ERR,ERR,ERR,ERR,ERR,ERR,ERR,ERR,ERR,ERR,ERR,ERR,ERR,ERR,ERR,ERR,ERR,ERR,ERR,ERR,ERR,ERR,ERR,ERR,ERR,ERR,ERR,ERR,ERR,ERR,ERR,ERR,ERR,ERR,ERR,ERR,ERR,ERR,50.0,60.0,100,0.0,0.0,0.0,0.0,0.0,0.0,0.0,0.0,0.0,0.0,0.0,0.0,0.0,0.0,0.0,0.0,61.6,73,14,65513,50,65476,0,300,0,0,8,20529,65476,0,0,26214,60.0,0.0,0.0,0.0,0.0,0.0
2026-05-17T18:46:58,ERR,ERR,ERR,ERR,ERR,ERR,ERR,ERR,ERR,ERR,ERR,ERR,ERR,ERR,ERR,ERR,ERR,ERR,ERR,ERR,ERR,ERR,ERR,ERR,ERR,ERR,ERR,ERR,ERR,ERR,ERR,ERR,ERR,ERR,ERR,ERR,ERR,ERR,ERR,ERR,ERR,ERR,ERR,ERR,ERR,ERR,ERR,ERR,ERR,ERR,ERR,ERR,ERR,ERR,ERR,ERR,ERR,ERR,ERR,ERR,ERR,ERR,ERR,ERR,ERR,ERR,ERR,ERR,ERR,ERR,ERR,ERR,ERR,ERR,ERR,ERR,ERR,ERR,ERR,ERR,ERR,ERR,ERR,ERR,ERR,ERR,ERR,ERR,ERR,ERR,ERR,ERR,ERR,ERR,ERR,ERR,ERR,ERR,ERR,ERR,ERR,ERR,ERR,ERR,ERR,ERR,ERR,ERR,ERR,ERR,ERR,ERR,ERR,ERR,ERR,ERR,ERR,ERR,ERR,ERR,ERR,ERR,ERR,ERR,ERR,0.0,0.0,-134474944.0,0.0,0.0,1.3936040501711995e+18,7.805,0.0,0,0,4,0,8422,0.0,45,0.0,0.0,0.0,0.0,0.0,0,0,0,0,0.0,0,0,0,0,0,0,0,0,0,0,0,0,0,0,0,0,0,0,0,0,0,0,0,0,0,0,0,0,0,0,0,0,0,38,14,7,45,65476,0,300,0,0,8,21553,0.0,-107605600.0,0.0,0.0,0.0,0.0,0.0,0.0,0.0,0.0,0.0,0.0,0.0,0.0,0.0,0.0,0.0,0.0,0.0,0.0,0.0,0.0,2.004,2.004,-0.0,0.0,0.0,0.0,0.0,0.0,4956.0,-0.0,0.0,0.0,0.0,-107615280.0,2.718429300292151e+23,0.0,0.0,0.0,0.0,53,-0.0,-0.0,0.0,0.0,0.0,0.0,0.0,0.0,0.0,0,0,0,0.0,0.0,0.0,0.0,0.0,0.0,0.0,0.0,0.0,0.0,0.0,0.0,0.0,0.0,0.0,0.0,0,-107875648.0,53,0.0,106,-107614832.0,0.0,ERR,ERR,ERR,ERR,ERR,ERR,ERR,ERR,ERR,ERR,ERR,ERR,ERR,ERR,ERR,ERR,ERR,ERR,ERR,ERR,ERR,ERR,ERR,ERR,ERR,ERR,ERR,ERR,ERR,ERR,ERR,ERR,ERR,ERR,ERR,ERR,ERR,ERR,ERR,ERR,ERR,ERR,ERR,ERR,ERR,ERR,ERR,ERR,ERR,ERR,ERR,ERR,ERR,ERR,ERR,ERR,ERR,ERR,ERR,ERR,ERR,ERR,ERR,ERR,ERR,ERR,ERR,50.0,60.0,100,0.0,0.0,0.0,0.0,0.0,0.0,0.0,0.0,0.0,0.0,0.0,0.0,0.0,0.0,0.0,0.0,62.0,73,14,65513,50,65476,0,300,0,0,8,20529,65476,0,0,26214,60.0,0.0,0.0,0.0,0.0,0.0
2026-05-17T18:46:59,ERR,ERR,ERR,ERR,ERR,ERR,ERR,ERR,ERR,ERR,ERR,ERR,ERR,ERR,ERR,ERR,ERR,ERR,ERR,ERR,ERR,ERR,ERR,ERR,ERR,ERR,ERR,ERR,ERR,ERR,ERR,ERR,ERR,ERR,ERR,ERR,ERR,ERR,ERR,ERR,ERR,ERR,ERR,ERR,ERR,ERR,ERR,ERR,ERR,ERR,ERR,ERR,ERR,ERR,ERR,ERR,ERR,ERR,ERR,ERR,ERR,ERR,ERR,ERR,ERR,ERR,ERR,ERR,ERR,ERR,ERR,ERR,ERR,ERR,ERR,ERR,ERR,ERR,ERR,ERR,ERR,ERR,ERR,ERR,ERR,ERR,ERR,ERR,ERR,ERR,ERR,ERR,ERR,ERR,ERR,ERR,ERR,ERR,ERR,ERR,ERR,ERR,ERR,ERR,ERR,ERR,ERR,ERR,ERR,ERR,ERR,ERR,ERR,ERR,ERR,ERR,ERR,ERR,ERR,ERR,ERR,ERR,ERR,ERR,ERR,0.0,0.0,-134474944.0,0.0,0.0,1.3936040501711995e+18,7.805,0.0,0,0,4,0,8422,0.0,45,0.0,0.0,0.0,0.0,0.0,0,0,0,0,0.0,0,0,0,0,0,0,0,0,0,0,0,0,0,0,0,0,0,0,0,0,0,0,0,0,0,0,0,0,0,0,0,0,0,38,14,7,45,65476,0,300,0,0,8,21553,0.0,-107605600.0,0.0,0.0,0.0,0.0,0.0,0.0,0.0,0.0,0.0,0.0,0.0,0.0,0.0,0.0,0.0,0.0,0.0,0.0,0.0,0.0,2.004,2.004,-0.0,0.0,0.0,0.0,0.0,0.0,4956.0,-0.0,0.0,0.0,0.0,-107615280.0,2.718429300292151e+23,0.0,0.0,0.0,0.0,53,-0.0,-0.0,0.0,0.0,0.0,0.0,0.0,0.0,0.0,0,0,0,0.0,0.0,0.0,0.0,0.0,0.0,0.0,0.0,0.0,0.0,0.0,0.0,0.0,0.0,0.0,0.0,0,-107875648.0,53,0.0,106,-107614832.0,0.0,ERR,ERR,ERR,ERR,ERR,ERR,ERR,ERR,ERR,ERR,ERR,ERR,ERR,ERR,ERR,ERR,ERR,ERR,ERR,ERR,ERR,ERR,ERR,ERR,ERR,ERR,ERR,ERR,ERR,ERR,ERR,ERR,ERR,ERR,ERR,ERR,ERR,ERR,ERR,ERR,ERR,ERR,ERR,ERR,ERR,ERR,ERR,ERR,ERR,ERR,ERR,ERR,ERR,ERR,ERR,ERR,ERR,ERR,ERR,ERR,ERR,ERR,ERR,ERR,ERR,ERR,ERR,50.0,60.0,100,0.0,0.0,0.0,0.0,0.0,0.0,0.0,0.0,0.0,0.0,0.0,0.0,0.0,0.0,0.0,0.0,62.0,73,14,65513,50,65476,0,300,0,0,8,20529,65476,0,0,26214,60.0,0.0,0.0,0.0,0.0,0.0
2026-05-17T18:47:00,ERR,ERR,ERR,ERR,ERR,ERR,ERR,ERR,ERR,ERR,ERR,ERR,ERR,ERR,ERR,ERR,ERR,ERR,ERR,ERR,ERR,ERR,ERR,ERR,ERR,ERR,ERR,ERR,ERR,ERR,ERR,ERR,ERR,ERR,ERR,ERR,ERR,ERR,ERR,ERR,ERR,ERR,ERR,ERR,ERR,ERR,ERR,ERR,ERR,ERR,ERR,ERR,ERR,ERR,ERR,ERR,ERR,ERR,ERR,ERR,ERR,ERR,ERR,ERR,ERR,ERR,ERR,ERR,ERR,ERR,ERR,ERR,ERR,ERR,ERR,ERR,ERR,ERR,ERR,ERR,ERR,ERR,ERR,ERR,ERR,ERR,ERR,ERR,ERR,ERR,ERR,ERR,ERR,ERR,ERR,ERR,ERR,ERR,ERR,ERR,ERR,ERR,ERR,ERR,ERR,ERR,ERR,ERR,ERR,ERR,ERR,ERR,ERR,ERR,ERR,ERR,ERR,ERR,ERR,ERR,ERR,ERR,ERR,ERR,ERR,0.0,0.0,-134474944.0,0.0,0.0,1.3936040501711995e+18,7.805,0.0,0,0,4,0,8422,0.0,45,0.0,0.0,0.0,0.0,0.0,0,0,0,0,0.0,0,0,0,0,0,0,0,0,0,0,0,0,0,0,0,0,0,0,0,0,0,0,0,0,0,0,0,0,0,0,0,0,0,38,14,7,45,65476,0,300,0,0,8,21553,0.0,-107605600.0,0.0,0.0,0.0,0.0,0.0,0.0,0.0,0.0,0.0,0.0,0.0,0.0,0.0,0.0,0.0,0.0,0.0,0.0,0.0,0.0,2.004,2.004,-0.0,0.0,0.0,0.0,0.0,0.0,4956.0,-0.0,0.0,0.0,0.0,-107615280.0,2.718429300292151e+23,0.0,0.0,0.0,0.0,53,-0.0,-0.0,0.0,0.0,0.0,0.0,0.0,0.0,0.0,0,0,0,0.0,0.0,0.0,0.0,0.0,0.0,0.0,0.0,0.0,0.0,0.0,0.0,0.0,0.0,0.0,0.0,0,-107875648.0,53,0.0,106,-107614832.0,0.0,ERR,ERR,ERR,ERR,ERR,ERR,ERR,ERR,ERR,ERR,ERR,ERR,ERR,ERR,ERR,ERR,ERR,ERR,ERR,ERR,ERR,ERR,ERR,ERR,ERR,ERR,ERR,ERR,ERR,ERR,ERR,ERR,ERR,ERR,ERR,ERR,ERR,ERR,ERR,ERR,ERR,ERR,ERR,ERR,ERR,ERR,ERR,ERR,ERR,ERR,ERR,ERR,ERR,ERR,ERR,ERR,ERR,ERR,ERR,ERR,ERR,ERR,ERR,ERR,ERR,ERR,ERR,50.0,60.0,100,0.0,0.0,0.0,0.0,0.0,0.0,0.0,0.0,0.0,0.0,0.0,0.0,0.0,0.0,0.0,0.0,61.6,73,14,65513,50,65476,0,300,0,0,8,20529,65476,0,0,26214,60.0,0.0,0.0,0.0,0.0,0.0
2026-05-17T18:47:01,ERR,ERR,ERR,ERR,ERR,ERR,ERR,ERR,ERR,ERR,ERR,ERR,ERR,ERR,ERR,ERR,ERR,ERR,ERR,ERR,ERR,ERR,ERR,ERR,ERR,ERR,ERR,ERR,ERR,ERR,ERR,ERR,ERR,ERR,ERR,ERR,ERR,ERR,ERR,ERR,ERR,ERR,ERR,ERR,ERR,ERR,ERR,ERR,ERR,ERR,ERR,ERR,ERR,ERR,ERR,ERR,ERR,ERR,ERR,ERR,ERR,ERR,ERR,ERR,ERR,ERR,ERR,ERR,ERR,ERR,ERR,ERR,ERR,ERR,ERR,ERR,ERR,ERR,ERR,ERR,ERR,ERR,ERR,ERR,ERR,ERR,ERR,ERR,ERR,ERR,ERR,ERR,ERR,ERR,ERR,ERR,ERR,ERR,ERR,ERR,ERR,ERR,ERR,ERR,ERR,ERR,ERR,ERR,ERR,ERR,ERR,ERR,ERR,ERR,ERR,ERR,ERR,ERR,ERR,ERR,ERR,ERR,ERR,ERR,ERR,0.0,0.0,-134474944.0,0.0,0.0,1.3936040501711995e+18,7.805,0.0,0,0,4,0,8422,0.0,45,0.0,0.0,0.0,0.0,0.0,0,0,0,0,0.0,0,0,0,0,0,0,0,0,0,0,0,0,0,0,0,0,0,0,0,0,0,0,0,0,0,0,0,0,0,0,0,0,0,38,14,7,45,65476,0,300,0,0,8,21553,0.0,-107605600.0,0.0,0.0,0.0,0.0,0.0,0.0,0.0,0.0,0.0,0.0,0.0,0.0,0.0,0.0,0.0,0.0,0.0,0.0,0.0,0.0,2.004,2.004,-0.0,0.0,0.0,0.0,0.0,0.0,4956.0,-0.0,0.0,0.0,0.0,-107615280.0,2.718429300292151e+23,0.0,0.0,0.0,0.0,53,-0.0,-0.0,0.0,0.0,0.0,0.0,0.0,0.0,0.0,0,0,0,0.0,0.0,0.0,0.0,0.0,0.0,0.0,0.0,0.0,0.0,0.0,0.0,0.0,0.0,0.0,0.0,0,-107875648.0,53,0.0,106,-107614832.0,0.0,ERR,ERR,ERR,ERR,ERR,ERR,ERR,ERR,ERR,ERR,ERR,ERR,ERR,ERR,ERR,ERR,ERR,ERR,ERR,ERR,ERR,ERR,ERR,ERR,ERR,ERR,ERR,ERR,ERR,ERR,ERR,ERR,ERR,ERR,ERR,ERR,ERR,ERR,ERR,ERR,ERR,ERR,ERR,ERR,ERR,ERR,ERR,ERR,ERR,ERR,ERR,ERR,ERR,ERR,ERR,ERR,ERR,ERR,ERR,ERR,ERR,ERR,ERR,ERR,ERR,ERR,ERR,50.0,60.0,100,0.0,0.0,0.0,0.0,0.0,0.0,0.0,0.0,0.0,0.0,0.0,0.0,0.0,0.0,0.0,0.0,61.6,73,14,65513,50,65476,0,300,0,0,8,20529,65476,0,0,26214,60.0,0.0,0.0,0.0,0.0,0.0
2026-05-17T18:47:02,ERR,ERR,ERR,ERR,ERR,ERR,ERR,ERR,ERR,ERR,ERR,ERR,ERR,ERR,ERR,ERR,ERR,ERR,ERR,ERR,ERR,ERR,ERR,ERR,ERR,ERR,ERR,ERR,ERR,ERR,ERR,ERR,ERR,ERR,ERR,ERR,ERR,ERR,ERR,ERR,ERR,ERR,ERR,ERR,ERR,ERR,ERR,ERR,ERR,ERR,ERR,ERR,ERR,ERR,ERR,ERR,ERR,ERR,ERR,ERR,ERR,ERR,ERR,ERR,ERR,ERR,ERR,ERR,ERR,ERR,ERR,ERR,ERR,ERR,ERR,ERR,ERR,ERR,ERR,ERR,ERR,ERR,ERR,ERR,ERR,ERR,ERR,ERR,ERR,ERR,ERR,ERR,ERR,ERR,ERR,ERR,ERR,ERR,ERR,ERR,ERR,ERR,ERR,ERR,ERR,ERR,ERR,ERR,ERR,ERR,ERR,ERR,ERR,ERR,ERR,ERR,ERR,ERR,ERR,ERR,ERR,ERR,ERR,ERR,ERR,0.0,0.0,-134474944.0,0.0,0.0,1.3936040501711995e+18,7.805,0.0,0,0,4,0,8422,0.0,45,0.0,0.0,0.0,0.0,0.0,0,0,0,0,0.0,0,0,0,0,0,0,0,0,0,0,0,0,0,0,0,0,0,0,0,0,0,0,0,0,0,0,0,0,0,0,0,0,0,38,14,7,45,65476,0,300,0,0,8,21553,0.0,-107605600.0,0.0,0.0,0.0,0.0,0.0,0.0,0.0,0.0,0.0,0.0,0.0,0.0,0.0,0.0,0.0,0.0,0.0,0.0,0.0,0.0,2.004,2.004,-0.0,0.0,0.0,0.0,0.0,0.0,4956.0,-0.0,0.0,0.0,0.0,-107615280.0,2.718429300292151e+23,0.0,0.0,0.0,0.0,53,-0.0,-0.0,0.0,0.0,0.0,0.0,0.0,0.0,0.0,0,0,0,0.0,0.0,0.0,0.0,0.0,0.0,0.0,0.0,0.0,0.0,0.0,0.0,0.0,0.0,0.0,0.0,0,-107875648.0,53,0.0,106,-107614832.0,0.0,ERR,ERR,ERR,ERR,ERR,ERR,ERR,ERR,ERR,ERR,ERR,ERR,ERR,ERR,ERR,ERR,ERR,ERR,ERR,ERR,ERR,ERR,ERR,ERR,ERR,ERR,ERR,ERR,ERR,ERR,ERR,ERR,ERR,ERR,ERR,ERR,ERR,ERR,ERR,ERR,ERR,ERR,ERR,ERR,ERR,ERR,ERR,ERR,ERR,ERR,ERR,ERR,ERR,ERR,ERR,ERR,ERR,ERR,ERR,ERR,ERR,ERR,ERR,ERR,ERR,ERR,ERR,50.0,60.0,100,0.0,0.0,0.0,0.0,0.0,0.0,0.0,0.0,0.0,0.0,0.0,0.0,0.0,0.0,0.0,0.0,61.6,73,14,65513,50,65476,0,300,0,0,8,20529,65476,0,0,26214,60.0,0.0,0.0,0.0,0.0,0.0
2026-05-17T18:47:03,ERR,ERR,ERR,ERR,ERR,ERR,ERR,ERR,ERR,ERR,ERR,ERR,ERR,ERR,ERR,ERR,ERR,ERR,ERR,ERR,ERR,ERR,ERR,ERR,ERR,ERR,ERR,ERR,ERR,ERR,ERR,ERR,ERR,ERR,ERR,ERR,ERR,ERR,ERR,ERR,ERR,ERR,ERR,ERR,ERR,ERR,ERR,ERR,ERR,ERR,ERR,ERR,ERR,ERR,ERR,ERR,ERR,ERR,ERR,ERR,ERR,ERR,ERR,ERR,ERR,ERR,ERR,ERR,ERR,ERR,ERR,ERR,ERR,ERR,ERR,ERR,ERR,ERR,ERR,ERR,ERR,ERR,ERR,ERR,ERR,ERR,ERR,ERR,ERR,ERR,ERR,ERR,ERR,ERR,ERR,ERR,ERR,ERR,ERR,ERR,ERR,ERR,ERR,ERR,ERR,ERR,ERR,ERR,ERR,ERR,ERR,ERR,ERR,ERR,ERR,ERR,ERR,ERR,ERR,ERR,ERR,ERR,ERR,ERR,ERR,0.0,0.0,-134474944.0,0.0,0.0,1.3936040501711995e+18,7.805,0.0,0,0,4,0,8422,0.0,45,0.0,0.0,0.0,0.0,0.0,0,0,0,0,0.0,0,0,0,0,0,0,0,0,0,0,0,0,0,0,0,0,0,0,0,0,0,0,0,0,0,0,0,0,0,0,0,0,0,38,14,7,45,65476,0,300,0,0,8,21553,0.0,-107605600.0,0.0,0.0,0.0,0.0,0.0,0.0,0.0,0.0,0.0,0.0,0.0,0.0,0.0,0.0,0.0,0.0,0.0,0.0,0.0,0.0,2.004,2.004,-0.0,0.0,0.0,0.0,0.0,0.0,4952.0,2.4229873280715295e+24,0.0,0.0,0.0,-107615280.0,2.718429300292151e+23,0.0,0.0,0.0,0.0,53,-0.0,-0.0,0.0,0.0,0.0,0.0,0.0,0.0,0.0,0,0,0,0.0,0.0,0.0,0.0,0.0,0.0,0.0,0.0,0.0,0.0,0.0,0.0,0.0,0.0,0.0,0.0,0,-107875648.0,53,0.0,106,-107614832.0,0.0,ERR,ERR,ERR,ERR,ERR,ERR,ERR,ERR,ERR,ERR,ERR,ERR,ERR,ERR,ERR,ERR,ERR,ERR,ERR,ERR,ERR,ERR,ERR,ERR,ERR,ERR,ERR,ERR,ERR,ERR,ERR,ERR,ERR,ERR,ERR,ERR,ERR,ERR,ERR,ERR,ERR,ERR,ERR,ERR,ERR,ERR,ERR,ERR,ERR,ERR,ERR,ERR,ERR,ERR,ERR,ERR,ERR,ERR,ERR,ERR,ERR,ERR,ERR,ERR,ERR,ERR,ERR,50.0,60.0,100,0.0,0.0,0.0,0.0,0.0,0.0,0.0,0.0,0.0,0.0,0.0,0.0,0.0,0.0,0.0,0.0,61.6,73,14,65513,50,65476,0,300,0,0,8,20529,65476,0,0,26214,60.0,0.0,0.0,0.0,0.0,0.0
2026-05-17T18:47:04,ERR,ERR,ERR,ERR,ERR,ERR,ERR,ERR,ERR,ERR,ERR,ERR,ERR,ERR,ERR,ERR,ERR,ERR,ERR,ERR,ERR,ERR,ERR,ERR,ERR,ERR,ERR,ERR,ERR,ERR,ERR,ERR,ERR,ERR,ERR,ERR,ERR,ERR,ERR,ERR,ERR,ERR,ERR,ERR,ERR,ERR,ERR,ERR,ERR,ERR,ERR,ERR,ERR,ERR,ERR,ERR,ERR,ERR,ERR,ERR,ERR,ERR,ERR,ERR,ERR,ERR,ERR,ERR,ERR,ERR,ERR,ERR,ERR,ERR,ERR,ERR,ERR,ERR,ERR,ERR,ERR,ERR,ERR,ERR,ERR,ERR,ERR,ERR,ERR,ERR,ERR,ERR,ERR,ERR,ERR,ERR,ERR,ERR,ERR,ERR,ERR,ERR,ERR,ERR,ERR,ERR,ERR,ERR,ERR,ERR,ERR,ERR,ERR,ERR,ERR,ERR,ERR,ERR,ERR,ERR,ERR,ERR,ERR,ERR,ERR,0.0,0.0,-134474944.0,0.0,0.0,1.3936040501711995e+18,7.805,0.0,0,0,4,0,8422,0.0,45,0.0,0.0,0.0,0.0,0.0,0,0,0,0,0.0,0,0,0,0,0,0,0,0,0,0,0,0,0,0,0,0,0,0,0,0,0,0,0,0,0,0,0,0,0,0,0,0,0,38,14,7,45,65476,0,300,0,0,8,21553,0.0,-107605600.0,0.0,0.0,0.0,0.0,0.0,0.0,0.0,0.0,0.0,0.0,0.0,0.0,0.0,0.0,0.0,0.0,0.0,0.0,0.0,0.0,2.004,2.004,-0.0,0.0,0.0,0.0,0.0,0.0,4952.0,2.4229873280715295e+24,0.0,0.0,0.0,-107615280.0,2.718429300292151e+23,0.0,0.0,0.0,0.0,53,-0.0,-0.0,0.0,0.0,0.0,0.0,0.0,0.0,0.0,0,0,0,0.0,0.0,0.0,0.0,0.0,0.0,0.0,0.0,0.0,0.0,0.0,0.0,0.0,0.0,0.0,0.0,0,-107875648.0,53,0.0,106,-107614832.0,0.0,ERR,ERR,ERR,ERR,ERR,ERR,ERR,ERR,ERR,ERR,ERR,ERR,ERR,ERR,ERR,ERR,ERR,ERR,ERR,ERR,ERR,ERR,ERR,ERR,ERR,ERR,ERR,ERR,ERR,ERR,ERR,ERR,ERR,ERR,ERR,ERR,ERR,ERR,ERR,ERR,ERR,ERR,ERR,ERR,ERR,ERR,ERR,ERR,ERR,ERR,ERR,ERR,ERR,ERR,ERR,ERR,ERR,ERR,ERR,ERR,ERR,ERR,ERR,ERR,ERR,ERR,ERR,50.0,60.0,100,0.0,0.0,0.0,0.0,0.0,0.0,0.0,0.0,0.0,0.0,0.0,0.0,0.0,0.0,0.0,0.0,61.6,73,14,65513,50,65476,0,300,0,0,8,20529,65476,0,0,26214,60.0,0.0,0.0,0.0,0.0,0.0
2026-05-17T18:47:05,ERR,ERR,ERR,ERR,ERR,ERR,ERR,ERR,ERR,ERR,ERR,ERR,ERR,ERR,ERR,ERR,ERR,ERR,ERR,ERR,ERR,ERR,ERR,ERR,ERR,ERR,ERR,ERR,ERR,ERR,ERR,ERR,ERR,ERR,ERR,ERR,ERR,ERR,ERR,ERR,ERR,ERR,ERR,ERR,ERR,ERR,ERR,ERR,ERR,ERR,ERR,ERR,ERR,ERR,ERR,ERR,ERR,ERR,ERR,ERR,ERR,ERR,ERR,ERR,ERR,ERR,ERR,ERR,ERR,ERR,ERR,ERR,ERR,ERR,ERR,ERR,ERR,ERR,ERR,ERR,ERR,ERR,ERR,ERR,ERR,ERR,ERR,ERR,ERR,ERR,ERR,ERR,ERR,ERR,ERR,ERR,ERR,ERR,ERR,ERR,ERR,ERR,ERR,ERR,ERR,ERR,ERR,ERR,ERR,ERR,ERR,ERR,ERR,ERR,ERR,ERR,ERR,ERR,ERR,ERR,ERR,ERR,ERR,ERR,ERR,0.0,0.0,-134474944.0,0.0,0.0,1.3936040501711995e+18,7.805,0.0,0,0,4,0,8422,0.0,45,0.0,0.0,0.0,0.0,0.0,0,0,0,0,0.0,0,0,0,0,0,0,0,0,0,0,0,0,0,0,0,0,0,0,0,0,0,0,0,0,0,0,0,0,0,0,0,0,0,38,14,7,45,65476,0,300,0,0,8,21553,0.0,-107605600.0,0.0,0.0,0.0,0.0,0.0,0.0,0.0,0.0,0.0,0.0,0.0,0.0,0.0,0.0,0.0,0.0,0.0,0.0,0.0,0.0,2.004,2.004,-0.0,0.0,0.0,0.0,0.0,0.0,4952.0,2.4229873280715295e+24,0.0,0.0,0.0,-107615280.0,2.718429300292151e+23,0.0,0.0,0.0,0.0,53,-0.0,-0.0,0.0,0.0,0.0,0.0,0.0,0.0,0.0,0,0,0,0.0,0.0,0.0,0.0,0.0,0.0,0.0,0.0,0.0,0.0,0.0,0.0,0.0,0.0,0.0,0.0,0,-107875648.0,53,0.0,106,-107614832.0,0.0,ERR,ERR,ERR,ERR,ERR,ERR,ERR,ERR,ERR,ERR,ERR,ERR,ERR,ERR,ERR,ERR,ERR,ERR,ERR,ERR,ERR,ERR,ERR,ERR,ERR,ERR,ERR,ERR,ERR,ERR,ERR,ERR,ERR,ERR,ERR,ERR,ERR,ERR,ERR,ERR,ERR,ERR,ERR,ERR,ERR,ERR,ERR,ERR,ERR,ERR,ERR,ERR,ERR,ERR,ERR,ERR,ERR,ERR,ERR,ERR,ERR,ERR,ERR,ERR,ERR,ERR,ERR,50.0,60.0,100,0.0,0.0,0.0,0.0,0.0,0.0,0.0,0.0,0.0,0.0,0.0,0.0,0.0,0.0,0.0,0.0,61.6,73,14,65513,50,65476,0,300,0,0,8,20529,65476,0,0,26214,60.0,0.0,0.0,0.0,0.0,0.0
2026-05-17T18:47:06,ERR,ERR,ERR,ERR,ERR,ERR,ERR,ERR,ERR,ERR,ERR,ERR,ERR,ERR,ERR,ERR,ERR,ERR,ERR,ERR,ERR,ERR,ERR,ERR,ERR,ERR,ERR,ERR,ERR,ERR,ERR,ERR,ERR,ERR,ERR,ERR,ERR,ERR,ERR,ERR,ERR,ERR,ERR,ERR,ERR,ERR,ERR,ERR,ERR,ERR,ERR,ERR,ERR,ERR,ERR,ERR,ERR,ERR,ERR,ERR,ERR,ERR,ERR,ERR,ERR,ERR,ERR,ERR,ERR,ERR,ERR,ERR,ERR,ERR,ERR,ERR,ERR,ERR,ERR,ERR,ERR,ERR,ERR,ERR,ERR,ERR,ERR,ERR,ERR,ERR,ERR,ERR,ERR,ERR,ERR,ERR,ERR,ERR,ERR,ERR,ERR,ERR,ERR,ERR,ERR,ERR,ERR,ERR,ERR,ERR,ERR,ERR,ERR,ERR,ERR,ERR,ERR,ERR,ERR,ERR,ERR,ERR,ERR,ERR,ERR,0.0,0.0,-134474944.0,0.0,0.0,1.3936040501711995e+18,7.805,0.0,0,0,4,0,8422,0.0,45,0.0,0.0,0.0,0.0,0.0,0,0,0,0,0.0,0,0,0,0,0,0,0,0,0,0,0,0,0,0,0,0,0,0,0,0,0,0,0,0,0,0,0,0,0,0,0,0,0,38,14,7,45,65476,0,300,0,0,8,21553,0.0,-107605600.0,0.0,0.0,0.0,0.0,0.0,0.0,0.0,0.0,0.0,0.0,0.0,0.0,0.0,0.0,0.0,0.0,0.0,0.0,0.0,0.0,2.004,2.004,-0.0,0.0,0.0,0.0,0.0,0.0,4952.0,2.4229873280715295e+24,0.0,0.0,0.0,-107615280.0,2.718429300292151e+23,0.0,0.0,0.0,0.0,53,-0.0,-0.0,0.0,0.0,0.0,0.0,0.0,0.0,0.0,0,0,0,0.0,0.0,0.0,0.0,0.0,0.0,0.0,0.0,0.0,0.0,0.0,0.0,0.0,0.0,0.0,0.0,0,-107875648.0,53,0.0,106,-107614832.0,0.0,ERR,ERR,ERR,ERR,ERR,ERR,ERR,ERR,ERR,ERR,ERR,ERR,ERR,ERR,ERR,ERR,ERR,ERR,ERR,ERR,ERR,ERR,ERR,ERR,ERR,ERR,ERR,ERR,ERR,ERR,ERR,ERR,ERR,ERR,ERR,ERR,ERR,ERR,ERR,ERR,ERR,ERR,ERR,ERR,ERR,ERR,ERR,ERR,ERR,ERR,ERR,ERR,ERR,ERR,ERR,ERR,ERR,ERR,ERR,ERR,ERR,ERR,ERR,ERR,ERR,ERR,ERR,50.0,60.0,100,0.0,0.0,0.0,0.0,0.0,0.0,0.0,0.0,0.0,0.0,0.0,0.0,0.0,0.0,0.0,0.0,61.6,73,14,65513,50,65476,0,300,0,0,8,20529,65476,0,0,26214,60.0,0.0,0.0,0.0,0.0,0.0
2026-05-17T18:47:07,ERR,ERR,ERR,ERR,ERR,ERR,ERR,ERR,ERR,ERR,ERR,ERR,ERR,ERR,ERR,ERR,ERR,ERR,ERR,ERR,ERR,ERR,ERR,ERR,ERR,ERR,ERR,ERR,ERR,ERR,ERR,ERR,ERR,ERR,ERR,ERR,ERR,ERR,ERR,ERR,ERR,ERR,ERR,ERR,ERR,ERR,ERR,ERR,ERR,ERR,ERR,ERR,ERR,ERR,ERR,ERR,ERR,ERR,ERR,ERR,ERR,ERR,ERR,ERR,ERR,ERR,ERR,ERR,ERR,ERR,ERR,ERR,ERR,ERR,ERR,ERR,ERR,ERR,ERR,ERR,ERR,ERR,ERR,ERR,ERR,ERR,ERR,ERR,ERR,ERR,ERR,ERR,ERR,ERR,ERR,ERR,ERR,ERR,ERR,ERR,ERR,ERR,ERR,ERR,ERR,ERR,ERR,ERR,ERR,ERR,ERR,ERR,ERR,ERR,ERR,ERR,ERR,ERR,ERR,ERR,ERR,ERR,ERR,ERR,ERR,0.0,0.0,-134474944.0,0.0,0.0,1.3936040501711995e+18,7.805,0.0,0,0,4,0,8422,0.0,45,0.0,0.0,0.0,0.0,0.0,0,0,0,0,0.0,0,0,0,0,0,0,0,0,0,0,0,0,0,0,0,0,0,0,0,0,0,0,0,0,0,0,0,0,0,0,0,0,0,38,14,7,45,65476,0,300,0,0,8,21553,0.0,-107605600.0,0.0,0.0,0.0,0.0,0.0,0.0,0.0,0.0,0.0,0.0,0.0,0.0,0.0,0.0,0.0,0.0,0.0,0.0,0.0,0.0,2.004,2.004,-0.0,0.0,0.0,0.0,0.0,0.0,4952.0,2.4229873280715295e+24,0.0,0.0,0.0,-107615280.0,2.718429300292151e+23,0.0,0.0,0.0,0.0,53,-0.0,-0.0,0.0,0.0,0.0,0.0,0.0,0.0,0.0,0,0,0,0.0,0.0,0.0,0.0,0.0,0.0,0.0,0.0,0.0,0.0,0.0,0.0,0.0,0.0,0.0,0.0,0,-107875648.0,53,0.0,106,-107614832.0,0.0,ERR,ERR,ERR,ERR,ERR,ERR,ERR,ERR,ERR,ERR,ERR,ERR,ERR,ERR,ERR,ERR,ERR,ERR,ERR,ERR,ERR,ERR,ERR,ERR,ERR,ERR,ERR,ERR,ERR,ERR,ERR,ERR,ERR,ERR,ERR,ERR,ERR,ERR,ERR,ERR,ERR,ERR,ERR,ERR,ERR,ERR,ERR,ERR,ERR,ERR,ERR,ERR,ERR,ERR,ERR,ERR,ERR,ERR,ERR,ERR,ERR,ERR,ERR,ERR,ERR,ERR,ERR,50.0,60.0,100,0.0,0.0,0.0,0.0,0.0,0.0,0.0,0.0,0.0,0.0,0.0,0.0,0.0,0.0,0.0,0.0,62.0,73,14,65513,50,65476,0,300,0,0,8,20529,65476,0,0,26214,60.0,0.0,0.0,0.0,0.0,0.0
2026-05-17T18:47:08,ERR,ERR,ERR,ERR,ERR,ERR,ERR,ERR,ERR,ERR,ERR,ERR,ERR,ERR,ERR,ERR,ERR,ERR,ERR,ERR,ERR,ERR,ERR,ERR,ERR,ERR,ERR,ERR,ERR,ERR,ERR,ERR,ERR,ERR,ERR,ERR,ERR,ERR,ERR,ERR,ERR,ERR,ERR,ERR,ERR,ERR,ERR,ERR,ERR,ERR,ERR,ERR,ERR,ERR,ERR,ERR,ERR,ERR,ERR,ERR,ERR,ERR,ERR,ERR,ERR,ERR,ERR,ERR,ERR,ERR,ERR,ERR,ERR,ERR,ERR,ERR,ERR,ERR,ERR,ERR,ERR,ERR,ERR,ERR,ERR,ERR,ERR,ERR,ERR,ERR,ERR,ERR,ERR,ERR,ERR,ERR,ERR,ERR,ERR,ERR,ERR,ERR,ERR,ERR,ERR,ERR,ERR,ERR,ERR,ERR,ERR,ERR,ERR,ERR,ERR,ERR,ERR,ERR,ERR,ERR,ERR,ERR,ERR,ERR,ERR,0.0,0.0,-134474944.0,0.0,0.0,1.3936040501711995e+18,7.805,0.0,0,0,4,0,8422,0.0,45,0.0,0.0,0.0,0.0,0.0,0,0,0,0,0.0,0,0,0,0,0,0,0,0,0,0,0,0,0,0,0,0,0,0,0,0,0,0,0,0,0,0,0,0,0,0,0,0,0,38,14,7,45,65476,0,300,0,0,8,21553,0.0,-107605600.0,0.0,0.0,0.0,0.0,0.0,0.0,0.0,0.0,0.0,0.0,0.0,0.0,0.0,0.0,0.0,0.0,0.0,0.0,0.0,0.0,2.004,2.004,-0.0,0.0,0.0,0.0,0.0,0.0,4950.0,-0.0,0.0,0.0,0.0,-107615280.0,2.718429300292151e+23,0.0,0.0,0.0,0.0,53,-0.0,-2.308827523576129e+20,0.0,0.0,0.0,0.0,0.0,0.0,0.0,0,0,0,0.0,0.0,0.0,0.0,0.0,0.0,0.0,0.0,0.0,0.0,0.0,0.0,0.0,0.0,0.0,0.0,0,-107875648.0,53,0.0,106,-107614832.0,0.0,ERR,ERR,ERR,ERR,ERR,ERR,ERR,ERR,ERR,ERR,ERR,ERR,ERR,ERR,ERR,ERR,ERR,ERR,ERR,ERR,ERR,ERR,ERR,ERR,ERR,ERR,ERR,ERR,ERR,ERR,ERR,ERR,ERR,ERR,ERR,ERR,ERR,ERR,ERR,ERR,ERR,ERR,ERR,ERR,ERR,ERR,ERR,ERR,ERR,ERR,ERR,ERR,ERR,ERR,ERR,ERR,ERR,ERR,ERR,ERR,ERR,ERR,ERR,ERR,ERR,ERR,ERR,50.0,60.0,100,0.0,0.0,0.0,0.0,0.0,0.0,0.0,0.0,0.0,0.0,0.0,0.0,0.0,0.0,0.0,0.0,61.6,73,14,65513,50,65476,0,300,0,0,8,20529,65476,0,0,26214,60.0,0.0,0.0,0.0,0.0,0.0
2026-05-17T18:47:09,ERR,ERR,ERR,ERR,ERR,ERR,ERR,ERR,ERR,ERR,ERR,ERR,ERR,ERR,ERR,ERR,ERR,ERR,ERR,ERR,ERR,ERR,ERR,ERR,ERR,ERR,ERR,ERR,ERR,ERR,ERR,ERR,ERR,ERR,ERR,ERR,ERR,ERR,ERR,ERR,ERR,ERR,ERR,ERR,ERR,ERR,ERR,ERR,ERR,ERR,ERR,ERR,ERR,ERR,ERR,ERR,ERR,ERR,ERR,ERR,ERR,ERR,ERR,ERR,ERR,ERR,ERR,ERR,ERR,ERR,ERR,ERR,ERR,ERR,ERR,ERR,ERR,ERR,ERR,ERR,ERR,ERR,ERR,ERR,ERR,ERR,ERR,ERR,ERR,ERR,ERR,ERR,ERR,ERR,ERR,ERR,ERR,ERR,ERR,ERR,ERR,ERR,ERR,ERR,ERR,ERR,ERR,ERR,ERR,ERR,ERR,ERR,ERR,ERR,ERR,ERR,ERR,ERR,ERR,ERR,ERR,ERR,ERR,ERR,ERR,0.0,0.0,-134474944.0,0.0,0.0,1.3936040501711995e+18,7.805,0.0,0,0,4,0,8422,0.0,45,0.0,0.0,0.0,0.0,0.0,0,0,0,0,0.0,0,0,0,0,0,0,0,0,0,0,0,0,0,0,0,0,0,0,0,0,0,0,0,0,0,0,0,0,0,0,0,0,0,38,14,7,45,65476,0,300,0,0,8,21553,0.0,-107605600.0,0.0,0.0,0.0,0.0,0.0,0.0,0.0,0.0,0.0,0.0,0.0,0.0,0.0,0.0,0.0,0.0,0.0,0.0,0.0,0.0,2.004,2.004,-0.0,0.0,0.0,0.0,0.0,0.0,4950.0,-0.0,0.0,0.0,0.0,-107615280.0,2.718429300292151e+23,0.0,0.0,0.0,0.0,53,-0.0,-2.308827523576129e+20,0.0,0.0,0.0,0.0,0.0,0.0,0.0,0,0,0,0.0,0.0,0.0,0.0,0.0,0.0,0.0,0.0,0.0,0.0,0.0,0.0,0.0,0.0,0.0,0.0,0,-107875648.0,53,0.0,106,-107614832.0,0.0,ERR,ERR,ERR,ERR,ERR,ERR,ERR,ERR,ERR,ERR,ERR,ERR,ERR,ERR,ERR,ERR,ERR,ERR,ERR,ERR,ERR,ERR,ERR,ERR,ERR,ERR,ERR,ERR,ERR,ERR,ERR,ERR,ERR,ERR,ERR,ERR,ERR,ERR,ERR,ERR,ERR,ERR,ERR,ERR,ERR,ERR,ERR,ERR,ERR,ERR,ERR,ERR,ERR,ERR,ERR,ERR,ERR,ERR,ERR,ERR,ERR,ERR,ERR,ERR,ERR,ERR,ERR,50.0,60.0,100,0.0,0.0,0.0,0.0,0.0,0.0,0.0,0.0,0.0,0.0,0.0,0.0,0.0,0.0,0.0,0.0,61.6,73,14,65513,50,65476,0,300,0,0,8,20529,65476,0,0,26214,60.0,0.0,0.0,0.0,0.0,0.0
2026-05-17T18:47:10,ERR,ERR,ERR,ERR,ERR,ERR,ERR,ERR,ERR,ERR,ERR,ERR,ERR,ERR,ERR,ERR,ERR,ERR,ERR,ERR,ERR,ERR,ERR,ERR,ERR,ERR,ERR,ERR,ERR,ERR,ERR,ERR,ERR,ERR,ERR,ERR,ERR,ERR,ERR,ERR,ERR,ERR,ERR,ERR,ERR,ERR,ERR,ERR,ERR,ERR,ERR,ERR,ERR,ERR,ERR,ERR,ERR,ERR,ERR,ERR,ERR,ERR,ERR,ERR,ERR,ERR,ERR,ERR,ERR,ERR,ERR,ERR,ERR,ERR,ERR,ERR,ERR,ERR,ERR,ERR,ERR,ERR,ERR,ERR,ERR,ERR,ERR,ERR,ERR,ERR,ERR,ERR,ERR,ERR,ERR,ERR,ERR,ERR,ERR,ERR,ERR,ERR,ERR,ERR,ERR,ERR,ERR,ERR,ERR,ERR,ERR,ERR,ERR,ERR,ERR,ERR,ERR,ERR,ERR,ERR,ERR,ERR,ERR,ERR,ERR,0.0,0.0,-134474944.0,0.0,0.0,1.3936040501711995e+18,7.805,0.0,0,0,4,0,8422,0.0,45,0.0,0.0,0.0,0.0,0.0,0,0,0,0,0.0,0,0,0,0,0,0,0,0,0,0,0,0,0,0,0,0,0,0,0,0,0,0,0,0,0,0,0,0,0,0,0,0,0,38,14,7,45,65476,0,300,0,0,8,21553,0.0,-107605600.0,0.0,0.0,0.0,0.0,0.0,0.0,0.0,0.0,0.0,0.0,0.0,0.0,0.0,0.0,0.0,0.0,0.0,0.0,0.0,0.0,2.004,2.004,-0.0,0.0,0.0,0.0,0.0,0.0,4950.0,-0.0,0.0,0.0,0.0,-107615280.0,2.718429300292151e+23,0.0,0.0,0.0,0.0,53,-0.0,-2.308827523576129e+20,0.0,0.0,0.0,0.0,0.0,0.0,0.0,0,0,0,0.0,0.0,0.0,0.0,0.0,0.0,0.0,0.0,0.0,0.0,0.0,0.0,0.0,0.0,0.0,0.0,0,-107875648.0,53,0.0,106,-107614832.0,0.0,ERR,ERR,ERR,ERR,ERR,ERR,ERR,ERR,ERR,ERR,ERR,ERR,ERR,ERR,ERR,ERR,ERR,ERR,ERR,ERR,ERR,ERR,ERR,ERR,ERR,ERR,ERR,ERR,ERR,ERR,ERR,ERR,ERR,ERR,ERR,ERR,ERR,ERR,ERR,ERR,ERR,ERR,ERR,ERR,ERR,ERR,ERR,ERR,ERR,ERR,ERR,ERR,ERR,ERR,ERR,ERR,ERR,ERR,ERR,ERR,ERR,ERR,ERR,ERR,ERR,ERR,ERR,50.0,60.0,100,0.0,0.0,0.0,0.0,0.0,0.0,0.0,0.0,0.0,0.0,0.0,0.0,0.0,0.0,0.0,0.0,61.6,73,14,65513,50,65476,0,300,0,0,8,20529,65476,0,0,26214,60.0,0.0,0.0,0.0,0.0,0.0
2026-05-17T18:47:11,ERR,ERR,ERR,ERR,ERR,ERR,ERR,ERR,ERR,ERR,ERR,ERR,ERR,ERR,ERR,ERR,ERR,ERR,ERR,ERR,ERR,ERR,ERR,ERR,ERR,ERR,ERR,ERR,ERR,ERR,ERR,ERR,ERR,ERR,ERR,ERR,ERR,ERR,ERR,ERR,ERR,ERR,ERR,ERR,ERR,ERR,ERR,ERR,ERR,ERR,ERR,ERR,ERR,ERR,ERR,ERR,ERR,ERR,ERR,ERR,ERR,ERR,ERR,ERR,ERR,ERR,ERR,ERR,ERR,ERR,ERR,ERR,ERR,ERR,ERR,ERR,ERR,ERR,ERR,ERR,ERR,ERR,ERR,ERR,ERR,ERR,ERR,ERR,ERR,ERR,ERR,ERR,ERR,ERR,ERR,ERR,ERR,ERR,ERR,ERR,ERR,ERR,ERR,ERR,ERR,ERR,ERR,ERR,ERR,ERR,ERR,ERR,ERR,ERR,ERR,ERR,ERR,ERR,ERR,ERR,ERR,ERR,ERR,ERR,ERR,0.0,0.0,-134474944.0,0.0,0.0,1.3936040501711995e+18,7.805,0.0,0,0,4,0,8422,0.0,45,0.0,0.0,0.0,0.0,0.0,0,0,0,0,0.0,0,0,0,0,0,0,0,0,0,0,0,0,0,0,0,0,0,0,0,0,0,0,0,0,0,0,0,0,0,0,0,0,0,38,14,7,45,65476,0,300,0,0,8,21553,0.0,-107605600.0,0.0,0.0,0.0,0.0,0.0,0.0,0.0,0.0,0.0,0.0,0.0,0.0,0.0,0.0,0.0,0.0,0.0,0.0,0.0,0.0,2.004,2.004,-0.0,0.0,0.0,0.0,0.0,0.0,4950.0,-0.0,0.0,0.0,0.0,-107615280.0,2.718429300292151e+23,0.0,0.0,0.0,0.0,53,-0.0,-2.308827523576129e+20,0.0,0.0,0.0,0.0,0.0,0.0,0.0,0,0,0,0.0,0.0,0.0,0.0,0.0,0.0,0.0,0.0,0.0,0.0,0.0,0.0,0.0,0.0,0.0,0.0,0,-107875648.0,53,0.0,106,-107614832.0,0.0,ERR,ERR,ERR,ERR,ERR,ERR,ERR,ERR,ERR,ERR,ERR,ERR,ERR,ERR,ERR,ERR,ERR,ERR,ERR,ERR,ERR,ERR,ERR,ERR,ERR,ERR,ERR,ERR,ERR,ERR,ERR,ERR,ERR,ERR,ERR,ERR,ERR,ERR,ERR,ERR,ERR,ERR,ERR,ERR,ERR,ERR,ERR,ERR,ERR,ERR,ERR,ERR,ERR,ERR,ERR,ERR,ERR,ERR,ERR,ERR,ERR,ERR,ERR,ERR,ERR,ERR,ERR,50.0,60.0,100,0.0,0.0,0.0,0.0,0.0,0.0,0.0,0.0,0.0,0.0,0.0,0.0,0.0,0.0,0.0,0.0,61.6,73,14,65513,50,65476,0,300,0,0,8,20529,65476,0,0,26214,60.0,0.0,0.0,0.0,0.0,0.0
2026-05-17T18:47:12,ERR,ERR,ERR,ERR,ERR,ERR,ERR,ERR,ERR,ERR,ERR,ERR,ERR,ERR,ERR,ERR,ERR,ERR,ERR,ERR,ERR,ERR,ERR,ERR,ERR,ERR,ERR,ERR,ERR,ERR,ERR,ERR,ERR,ERR,ERR,ERR,ERR,ERR,ERR,ERR,ERR,ERR,ERR,ERR,ERR,ERR,ERR,ERR,ERR,ERR,ERR,ERR,ERR,ERR,ERR,ERR,ERR,ERR,ERR,ERR,ERR,ERR,ERR,ERR,ERR,ERR,ERR,ERR,ERR,ERR,ERR,ERR,ERR,ERR,ERR,ERR,ERR,ERR,ERR,ERR,ERR,ERR,ERR,ERR,ERR,ERR,ERR,ERR,ERR,ERR,ERR,ERR,ERR,ERR,ERR,ERR,ERR,ERR,ERR,ERR,ERR,ERR,ERR,ERR,ERR,ERR,ERR,ERR,ERR,ERR,ERR,ERR,ERR,ERR,ERR,ERR,ERR,ERR,ERR,ERR,ERR,ERR,ERR,ERR,ERR,0.0,0.0,-134474944.0,0.0,0.0,1.3936040501711995e+18,7.805,0.0,0,0,4,0,8422,0.0,45,0.0,0.0,0.0,0.0,0.0,0,0,0,0,0.0,0,0,0,0,0,0,0,0,0,0,0,0,0,0,0,0,0,0,0,0,0,0,0,0,0,0,0,0,0,0,0,0,0,38,14,7,45,65476,0,300,0,0,8,21553,0.0,-107605600.0,0.0,0.0,0.0,0.0,0.0,0.0,0.0,0.0,0.0,0.0,0.0,0.0,0.0,0.0,0.0,0.0,0.0,0.0,0.0,0.0,2.004,2.004,-0.0,0.0,0.0,0.0,0.0,0.0,4950.0,-0.0,0.0,0.0,0.0,-107615280.0,2.718429300292151e+23,0.0,0.0,0.0,0.0,53,-0.0,-2.308827523576129e+20,0.0,0.0,0.0,0.0,0.0,0.0,0.0,0,0,0,0.0,0.0,0.0,0.0,0.0,0.0,0.0,0.0,0.0,0.0,0.0,0.0,0.0,0.0,0.0,0.0,0,-107875648.0,53,0.0,106,-107614832.0,0.0,ERR,ERR,ERR,ERR,ERR,ERR,ERR,ERR,ERR,ERR,ERR,ERR,ERR,ERR,ERR,ERR,ERR,ERR,ERR,ERR,ERR,ERR,ERR,ERR,ERR,ERR,ERR,ERR,ERR,ERR,ERR,ERR,ERR,ERR,ERR,ERR,ERR,ERR,ERR,ERR,ERR,ERR,ERR,ERR,ERR,ERR,ERR,ERR,ERR,ERR,ERR,ERR,ERR,ERR,ERR,ERR,ERR,ERR,ERR,ERR,ERR,ERR,ERR,ERR,ERR,ERR,ERR,50.0,60.0,100,0.0,0.0,0.0,0.0,0.0,0.0,0.0,0.0,0.0,0.0,0.0,0.0,0.0,0.0,0.0,0.0,61.6,73,14,65513,50,65476,0,300,0,0,8,20529,65476,0,0,26214,60.0,0.0,0.0,0.0,0.0,0.0
2026-05-17T18:47:13,ERR,ERR,ERR,ERR,ERR,ERR,ERR,ERR,ERR,ERR,ERR,ERR,ERR,ERR,ERR,ERR,ERR,ERR,ERR,ERR,ERR,ERR,ERR,ERR,ERR,ERR,ERR,ERR,ERR,ERR,ERR,ERR,ERR,ERR,ERR,ERR,ERR,ERR,ERR,ERR,ERR,ERR,ERR,ERR,ERR,ERR,ERR,ERR,ERR,ERR,ERR,ERR,ERR,ERR,ERR,ERR,ERR,ERR,ERR,ERR,ERR,ERR,ERR,ERR,ERR,ERR,ERR,ERR,ERR,ERR,ERR,ERR,ERR,ERR,ERR,ERR,ERR,ERR,ERR,ERR,ERR,ERR,ERR,ERR,ERR,ERR,ERR,ERR,ERR,ERR,ERR,ERR,ERR,ERR,ERR,ERR,ERR,ERR,ERR,ERR,ERR,ERR,ERR,ERR,ERR,ERR,ERR,ERR,ERR,ERR,ERR,ERR,ERR,ERR,ERR,ERR,ERR,ERR,ERR,ERR,ERR,ERR,ERR,ERR,ERR,0.0,0.0,-134474944.0,0.0,0.0,1.3936040501711995e+18,7.805,0.0,0,0,4,0,8422,0.0,45,0.0,0.0,0.0,0.0,0.0,0,0,0,0,0.0,0,0,0,0,0,0,0,0,0,0,0,0,0,0,0,0,0,0,0,0,0,0,0,0,0,0,0,0,0,0,0,0,0,38,14,7,45,65476,0,300,0,0,8,21553,0.0,-107605600.0,0.0,0.0,0.0,0.0,0.0,0.0,0.0,0.0,0.0,0.0,0.0,0.0,0.0,0.0,0.0,0.0,0.0,0.0,0.0,0.0,2.004,2.004,-0.0,0.0,0.0,0.0,0.0,0.0,4957.0,-8608180224.0,0.0,0.0,0.0,-107615280.0,2.718429300292151e+23,0.0,0.0,0.0,0.0,53,-0.0,0.059,0.0,0.0,0.0,0.0,0.0,0.0,0.0,0,0,0,0.0,0.0,0.0,0.0,0.0,0.0,0.0,0.0,0.0,0.0,0.0,0.0,0.0,0.0,0.0,0.0,0,-107875648.0,53,0.0,106,-107614832.0,0.0,ERR,ERR,ERR,ERR,ERR,ERR,ERR,ERR,ERR,ERR,ERR,ERR,ERR,ERR,ERR,ERR,ERR,ERR,ERR,ERR,ERR,ERR,ERR,ERR,ERR,ERR,ERR,ERR,ERR,ERR,ERR,ERR,ERR,ERR,ERR,ERR,ERR,ERR,ERR,ERR,ERR,ERR,ERR,ERR,ERR,ERR,ERR,ERR,ERR,ERR,ERR,ERR,ERR,ERR,ERR,ERR,ERR,ERR,ERR,ERR,ERR,ERR,ERR,ERR,ERR,ERR,ERR,50.0,60.0,100,0.0,0.0,0.0,0.0,0.0,0.0,0.0,0.0,0.0,0.0,0.0,0.0,0.0,0.0,0.0,0.0,61.6,73,14,65513,50,65476,0,300,0,0,8,20529,65476,0,0,26214,60.0,0.0,0.0,0.0,0.0,0.0
2026-05-17T18:47:14,ERR,ERR,ERR,ERR,ERR,ERR,ERR,ERR,ERR,ERR,ERR,ERR,ERR,ERR,ERR,ERR,ERR,ERR,ERR,ERR,ERR,ERR,ERR,ERR,ERR,ERR,ERR,ERR,ERR,ERR,ERR,ERR,ERR,ERR,ERR,ERR,ERR,ERR,ERR,ERR,ERR,ERR,ERR,ERR,ERR,ERR,ERR,ERR,ERR,ERR,ERR,ERR,ERR,ERR,ERR,ERR,ERR,ERR,ERR,ERR,ERR,ERR,ERR,ERR,ERR,ERR,ERR,ERR,ERR,ERR,ERR,ERR,ERR,ERR,ERR,ERR,ERR,ERR,ERR,ERR,ERR,ERR,ERR,ERR,ERR,ERR,ERR,ERR,ERR,ERR,ERR,ERR,ERR,ERR,ERR,ERR,ERR,ERR,ERR,ERR,ERR,ERR,ERR,ERR,ERR,ERR,ERR,ERR,ERR,ERR,ERR,ERR,ERR,ERR,ERR,ERR,ERR,ERR,ERR,ERR,ERR,ERR,ERR,ERR,ERR,0.0,0.0,-134474944.0,0.0,0.0,1.3936040501711995e+18,7.805,0.0,0,0,4,0,8422,0.0,45,0.0,0.0,0.0,0.0,0.0,0,0,0,0,0.0,0,0,0,0,0,0,0,0,0,0,0,0,0,0,0,0,0,0,0,0,0,0,0,0,0,0,0,0,0,0,0,0,0,38,14,7,45,65476,0,300,0,0,8,21553,0.0,-107605600.0,0.0,0.0,0.0,0.0,0.0,0.0,0.0,0.0,0.0,0.0,0.0,0.0,0.0,0.0,0.0,0.0,0.0,0.0,0.0,0.0,2.004,2.004,-0.0,0.0,0.0,0.0,0.0,0.0,4957.0,-8608180224.0,0.0,0.0,0.0,-107615280.0,2.718429300292151e+23,0.0,0.0,0.0,0.0,53,-0.0,0.059,0.0,0.0,0.0,0.0,0.0,0.0,0.0,0,0,0,0.0,0.0,0.0,0.0,0.0,0.0,0.0,0.0,0.0,0.0,0.0,0.0,0.0,0.0,0.0,0.0,0,-107875648.0,53,0.0,106,-107614832.0,0.0,ERR,ERR,ERR,ERR,ERR,ERR,ERR,ERR,ERR,ERR,ERR,ERR,ERR,ERR,ERR,ERR,ERR,ERR,ERR,ERR,ERR,ERR,ERR,ERR,ERR,ERR,ERR,ERR,ERR,ERR,ERR,ERR,ERR,ERR,ERR,ERR,ERR,ERR,ERR,ERR,ERR,ERR,ERR,ERR,ERR,ERR,ERR,ERR,ERR,ERR,ERR,ERR,ERR,ERR,ERR,ERR,ERR,ERR,ERR,ERR,ERR,ERR,ERR,ERR,ERR,ERR,ERR,50.0,60.0,100,0.0,0.0,0.0,0.0,0.0,0.0,0.0,0.0,0.0,0.0,0.0,0.0,0.0,0.0,0.0,0.0,61.6,73,14,65513,50,65476,0,300,0,0,8,20529,65476,0,0,26214,60.0,0.0,0.0,0.0,0.0,0.0
2026-05-17T18:47:15,ERR,ERR,ERR,ERR,ERR,ERR,ERR,ERR,ERR,ERR,ERR,ERR,ERR,ERR,ERR,ERR,ERR,ERR,ERR,ERR,ERR,ERR,ERR,ERR,ERR,ERR,ERR,ERR,ERR,ERR,ERR,ERR,ERR,ERR,ERR,ERR,ERR,ERR,ERR,ERR,ERR,ERR,ERR,ERR,ERR,ERR,ERR,ERR,ERR,ERR,ERR,ERR,ERR,ERR,ERR,ERR,ERR,ERR,ERR,ERR,ERR,ERR,ERR,ERR,ERR,ERR,ERR,ERR,ERR,ERR,ERR,ERR,ERR,ERR,ERR,ERR,ERR,ERR,ERR,ERR,ERR,ERR,ERR,ERR,ERR,ERR,ERR,ERR,ERR,ERR,ERR,ERR,ERR,ERR,ERR,ERR,ERR,ERR,ERR,ERR,ERR,ERR,ERR,ERR,ERR,ERR,ERR,ERR,ERR,ERR,ERR,ERR,ERR,ERR,ERR,ERR,ERR,ERR,ERR,ERR,ERR,ERR,ERR,ERR,ERR,0.0,0.0,-134474944.0,0.0,0.0,1.3936040501711995e+18,7.805,0.0,0,0,4,0,8422,0.0,45,0.0,0.0,0.0,0.0,0.0,0,0,0,0,0.0,0,0,0,0,0,0,0,0,0,0,0,0,0,0,0,0,0,0,0,0,0,0,0,0,0,0,0,0,0,0,0,0,0,38,14,7,45,65476,0,300,0,0,8,21553,0.0,-107605600.0,0.0,0.0,0.0,0.0,0.0,0.0,0.0,0.0,0.0,0.0,0.0,0.0,0.0,0.0,0.0,0.0,0.0,0.0,0.0,0.0,2.004,2.004,-0.0,0.0,0.0,0.0,0.0,0.0,4957.0,-8608180224.0,0.0,0.0,0.0,-107615280.0,2.718429300292151e+23,0.0,0.0,0.0,0.0,53,-0.0,0.059,0.0,0.0,0.0,0.0,0.0,0.0,0.0,0,0,0,0.0,0.0,0.0,0.0,0.0,0.0,0.0,0.0,0.0,0.0,0.0,0.0,0.0,0.0,0.0,0.0,0,-107875648.0,53,0.0,106,-107614832.0,0.0,ERR,ERR,ERR,ERR,ERR,ERR,ERR,ERR,ERR,ERR,ERR,ERR,ERR,ERR,ERR,ERR,ERR,ERR,ERR,ERR,ERR,ERR,ERR,ERR,ERR,ERR,ERR,ERR,ERR,ERR,ERR,ERR,ERR,ERR,ERR,ERR,ERR,ERR,ERR,ERR,ERR,ERR,ERR,ERR,ERR,ERR,ERR,ERR,ERR,ERR,ERR,ERR,ERR,ERR,ERR,ERR,ERR,ERR,ERR,ERR,ERR,ERR,ERR,ERR,ERR,ERR,ERR,50.0,60.0,100,0.0,0.0,0.0,0.0,0.0,0.0,0.0,0.0,0.0,0.0,0.0,0.0,0.0,0.0,0.0,0.0,61.6,73,14,65513,50,65476,0,300,0,0,8,20529,65476,0,0,26214,60.0,0.0,0.0,0.0,0.0,0.0
2026-05-17T18:47:16,ERR,ERR,ERR,ERR,ERR,ERR,ERR,ERR,ERR,ERR,ERR,ERR,ERR,ERR,ERR,ERR,ERR,ERR,ERR,ERR,ERR,ERR,ERR,ERR,ERR,ERR,ERR,ERR,ERR,ERR,ERR,ERR,ERR,ERR,ERR,ERR,ERR,ERR,ERR,ERR,ERR,ERR,ERR,ERR,ERR,ERR,ERR,ERR,ERR,ERR,ERR,ERR,ERR,ERR,ERR,ERR,ERR,ERR,ERR,ERR,ERR,ERR,ERR,ERR,ERR,ERR,ERR,ERR,ERR,ERR,ERR,ERR,ERR,ERR,ERR,ERR,ERR,ERR,ERR,ERR,ERR,ERR,ERR,ERR,ERR,ERR,ERR,ERR,ERR,ERR,ERR,ERR,ERR,ERR,ERR,ERR,ERR,ERR,ERR,ERR,ERR,ERR,ERR,ERR,ERR,ERR,ERR,ERR,ERR,ERR,ERR,ERR,ERR,ERR,ERR,ERR,ERR,ERR,ERR,ERR,ERR,ERR,ERR,ERR,ERR,0.0,0.0,-134474944.0,0.0,0.0,1.3936040501711995e+18,7.805,0.0,0,0,4,0,8422,0.0,45,0.0,0.0,0.0,0.0,0.0,0,0,0,0,0.0,0,0,0,0,0,0,0,0,0,0,0,0,0,0,0,0,0,0,0,0,0,0,0,0,0,0,0,0,0,0,0,0,0,38,14,7,45,65476,0,300,0,0,8,21553,0.0,-107605600.0,0.0,0.0,0.0,0.0,0.0,0.0,0.0,0.0,0.0,0.0,0.0,0.0,0.0,0.0,0.0,0.0,0.0,0.0,0.0,0.0,2.004,2.004,-0.0,0.0,0.0,0.0,0.0,0.0,4957.0,-8608180224.0,0.0,0.0,0.0,-107615280.0,2.718429300292151e+23,0.0,0.0,0.0,0.0,53,-0.0,0.059,0.0,0.0,0.0,0.0,0.0,0.0,0.0,0,0,0,0.0,0.0,0.0,0.0,0.0,0.0,0.0,0.0,0.0,0.0,0.0,0.0,0.0,0.0,0.0,0.0,0,-107875648.0,53,0.0,106,-107614832.0,0.0,ERR,ERR,ERR,ERR,ERR,ERR,ERR,ERR,ERR,ERR,ERR,ERR,ERR,ERR,ERR,ERR,ERR,ERR,ERR,ERR,ERR,ERR,ERR,ERR,ERR,ERR,ERR,ERR,ERR,ERR,ERR,ERR,ERR,ERR,ERR,ERR,ERR,ERR,ERR,ERR,ERR,ERR,ERR,ERR,ERR,ERR,ERR,ERR,ERR,ERR,ERR,ERR,ERR,ERR,ERR,ERR,ERR,ERR,ERR,ERR,ERR,ERR,ERR,ERR,ERR,ERR,ERR,50.0,60.0,100,0.0,0.0,0.0,0.0,0.0,0.0,0.0,0.0,0.0,0.0,0.0,0.0,0.0,0.0,0.0,0.0,61.6,73,14,65513,50,65476,0,300,0,0,8,20529,65476,0,0,26214,60.0,0.0,0.0,0.0,0.0,0.0
2026-05-17T18:47:17,ERR,ERR,ERR,ERR,ERR,ERR,ERR,ERR,ERR,ERR,ERR,ERR,ERR,ERR,ERR,ERR,ERR,ERR,ERR,ERR,ERR,ERR,ERR,ERR,ERR,ERR,ERR,ERR,ERR,ERR,ERR,ERR,ERR,ERR,ERR,ERR,ERR,ERR,ERR,ERR,ERR,ERR,ERR,ERR,ERR,ERR,ERR,ERR,ERR,ERR,ERR,ERR,ERR,ERR,ERR,ERR,ERR,ERR,ERR,ERR,ERR,ERR,ERR,ERR,ERR,ERR,ERR,ERR,ERR,ERR,ERR,ERR,ERR,ERR,ERR,ERR,ERR,ERR,ERR,ERR,ERR,ERR,ERR,ERR,ERR,ERR,ERR,ERR,ERR,ERR,ERR,ERR,ERR,ERR,ERR,ERR,ERR,ERR,ERR,ERR,ERR,ERR,ERR,ERR,ERR,ERR,ERR,ERR,ERR,ERR,ERR,ERR,ERR,ERR,ERR,ERR,ERR,ERR,ERR,ERR,ERR,ERR,ERR,ERR,ERR,0.0,0.0,-134474944.0,0.0,0.0,1.3936040501711995e+18,7.805,0.0,0,0,4,0,8422,0.0,45,0.0,0.0,0.0,0.0,0.0,0,0,0,0,0.0,0,0,0,0,0,0,0,0,0,0,0,0,0,0,0,0,0,0,0,0,0,0,0,0,0,0,0,0,0,0,0,0,0,38,14,7,45,65476,0,300,0,0,8,21553,0.0,-107605600.0,0.0,0.0,0.0,0.0,0.0,0.0,0.0,0.0,0.0,0.0,0.0,0.0,0.0,0.0,0.0,0.0,0.0,0.0,0.0,0.0,2.004,2.004,-0.0,0.0,0.0,0.0,0.0,0.0,4957.0,-8608180224.0,0.0,0.0,0.0,-107615280.0,2.718429300292151e+23,0.0,0.0,0.0,0.0,53,-0.0,0.059,0.0,0.0,0.0,0.0,0.0,0.0,0.0,0,0,0,0.0,0.0,0.0,0.0,0.0,0.0,0.0,0.0,0.0,0.0,0.0,0.0,0.0,0.0,0.0,0.0,0,-107875648.0,53,0.0,106,-107614832.0,0.0,ERR,ERR,ERR,ERR,ERR,ERR,ERR,ERR,ERR,ERR,ERR,ERR,ERR,ERR,ERR,ERR,ERR,ERR,ERR,ERR,ERR,ERR,ERR,ERR,ERR,ERR,ERR,ERR,ERR,ERR,ERR,ERR,ERR,ERR,ERR,ERR,ERR,ERR,ERR,ERR,ERR,ERR,ERR,ERR,ERR,ERR,ERR,ERR,ERR,ERR,ERR,ERR,ERR,ERR,ERR,ERR,ERR,ERR,ERR,ERR,ERR,ERR,ERR,ERR,ERR,ERR,ERR,50.0,60.0,100,0.0,0.0,0.0,0.0,0.0,0.0,0.0,0.0,0.0,0.0,0.0,0.0,0.0,0.0,0.0,0.0,62.0,73,14,65513,50,65476,0,300,0,0,8,20529,65476,0,0,26214,60.0,0.0,0.0,0.0,0.0,0.0
2026-05-17T18:47:18,ERR,ERR,ERR,ERR,ERR,ERR,ERR,ERR,ERR,ERR,ERR,ERR,ERR,ERR,ERR,ERR,ERR,ERR,ERR,ERR,ERR,ERR,ERR,ERR,ERR,ERR,ERR,ERR,ERR,ERR,ERR,ERR,ERR,ERR,ERR,ERR,ERR,ERR,ERR,ERR,ERR,ERR,ERR,ERR,ERR,ERR,ERR,ERR,ERR,ERR,ERR,ERR,ERR,ERR,ERR,ERR,ERR,ERR,ERR,ERR,ERR,ERR,ERR,ERR,ERR,ERR,ERR,ERR,ERR,ERR,ERR,ERR,ERR,ERR,ERR,ERR,ERR,ERR,ERR,ERR,ERR,ERR,ERR,ERR,ERR,ERR,ERR,ERR,ERR,ERR,ERR,ERR,ERR,ERR,ERR,ERR,ERR,ERR,ERR,ERR,ERR,ERR,ERR,ERR,ERR,ERR,ERR,ERR,ERR,ERR,ERR,ERR,ERR,ERR,ERR,ERR,ERR,ERR,ERR,ERR,ERR,ERR,ERR,ERR,ERR,0.0,0.0,-134474944.0,0.0,0.0,1.3936040501711995e+18,7.805,0.0,0,0,4,0,8422,0.0,45,0.0,0.0,0.0,0.0,0.0,0,0,0,0,0.0,0,0,0,0,0,0,0,0,0,0,0,0,0,0,0,0,0,0,0,0,0,0,0,0,0,0,0,0,0,0,0,0,0,38,14,7,45,65476,0,300,0,0,8,21553,0.0,-107605600.0,0.0,0.0,0.0,0.0,0.0,0.0,0.0,0.0,0.0,0.0,0.0,0.0,0.0,0.0,0.0,0.0,0.0,0.0,0.0,0.0,2.004,2.004,-0.0,0.0,0.0,0.0,0.0,0.0,4954.0,-131350.406,0.0,0.0,0.0,-107615280.0,2.718429300292151e+23,0.0,0.0,0.0,0.0,53,-0.0,0.0,0.0,0.0,0.0,0.0,0.0,0.0,0.0,0,0,0,0.0,0.0,0.0,0.0,0.0,0.0,0.0,0.0,0.0,0.0,0.0,0.0,0.0,0.0,0.0,0.0,0,-107875648.0,53,0.0,106,-107614832.0,0.0,ERR,ERR,ERR,ERR,ERR,ERR,ERR,ERR,ERR,ERR,ERR,ERR,ERR,ERR,ERR,ERR,ERR,ERR,ERR,ERR,ERR,ERR,ERR,ERR,ERR,ERR,ERR,ERR,ERR,ERR,ERR,ERR,ERR,ERR,ERR,ERR,ERR,ERR,ERR,ERR,ERR,ERR,ERR,ERR,ERR,ERR,ERR,ERR,ERR,ERR,ERR,ERR,ERR,ERR,ERR,ERR,ERR,ERR,ERR,ERR,ERR,ERR,ERR,ERR,ERR,ERR,ERR,50.0,60.0,100,0.0,0.0,0.0,0.0,0.0,0.0,0.0,0.0,0.0,0.0,0.0,0.0,0.0,0.0,0.0,0.0,62.0,73,14,65513,50,65476,0,300,0,0,8,20529,65476,0,0,26214,60.0,0.0,0.0,0.0,0.0,0.0
2026-05-17T18:47:19,ERR,ERR,ERR,ERR,ERR,ERR,ERR,ERR,ERR,ERR,ERR,ERR,ERR,ERR,ERR,ERR,ERR,ERR,ERR,ERR,ERR,ERR,ERR,ERR,ERR,ERR,ERR,ERR,ERR,ERR,ERR,ERR,ERR,ERR,ERR,ERR,ERR,ERR,ERR,ERR,ERR,ERR,ERR,ERR,ERR,ERR,ERR,ERR,ERR,ERR,ERR,ERR,ERR,ERR,ERR,ERR,ERR,ERR,ERR,ERR,ERR,ERR,ERR,ERR,ERR,ERR,ERR,ERR,ERR,ERR,ERR,ERR,ERR,ERR,ERR,ERR,ERR,ERR,ERR,ERR,ERR,ERR,ERR,ERR,ERR,ERR,ERR,ERR,ERR,ERR,ERR,ERR,ERR,ERR,ERR,ERR,ERR,ERR,ERR,ERR,ERR,ERR,ERR,ERR,ERR,ERR,ERR,ERR,ERR,ERR,ERR,ERR,ERR,ERR,ERR,ERR,ERR,ERR,ERR,ERR,ERR,ERR,ERR,ERR,ERR,0.0,0.0,-134474944.0,0.0,0.0,1.3936040501711995e+18,7.805,0.0,0,0,4,0,8422,0.0,45,0.0,0.0,0.0,0.0,0.0,0,0,0,0,0.0,0,0,0,0,0,0,0,0,0,0,0,0,0,0,0,0,0,0,0,0,0,0,0,0,0,0,0,0,0,0,0,0,0,38,14,7,45,65476,0,300,0,0,8,21553,0.0,-107605600.0,0.0,0.0,0.0,0.0,0.0,0.0,0.0,0.0,0.0,0.0,0.0,0.0,0.0,0.0,0.0,0.0,0.0,0.0,0.0,0.0,2.004,2.004,-0.0,0.0,0.0,0.0,0.0,0.0,4954.0,-131350.406,0.0,0.0,0.0,-107615280.0,2.718429300292151e+23,0.0,0.0,0.0,0.0,53,-0.0,0.0,0.0,0.0,0.0,0.0,0.0,0.0,0.0,0,0,0,0.0,0.0,0.0,0.0,0.0,0.0,0.0,0.0,0.0,0.0,0.0,0.0,0.0,0.0,0.0,0.0,0,-107875648.0,53,0.0,106,-107614832.0,0.0,ERR,ERR,ERR,ERR,ERR,ERR,ERR,ERR,ERR,ERR,ERR,ERR,ERR,ERR,ERR,ERR,ERR,ERR,ERR,ERR,ERR,ERR,ERR,ERR,ERR,ERR,ERR,ERR,ERR,ERR,ERR,ERR,ERR,ERR,ERR,ERR,ERR,ERR,ERR,ERR,ERR,ERR,ERR,ERR,ERR,ERR,ERR,ERR,ERR,ERR,ERR,ERR,ERR,ERR,ERR,ERR,ERR,ERR,ERR,ERR,ERR,ERR,ERR,ERR,ERR,ERR,ERR,50.0,60.0,100,0.0,0.0,0.0,0.0,0.0,0.0,0.0,0.0,0.0,0.0,0.0,0.0,0.0,0.0,0.0,0.0,61.6,73,14,65513,50,65476,0,300,0,0,8,20529,65476,0,0,26214,60.0,0.0,0.0,0.0,0.0,0.0
2026-05-17T18:47:20,ERR,ERR,ERR,ERR,ERR,ERR,ERR,ERR,ERR,ERR,ERR,ERR,ERR,ERR,ERR,ERR,ERR,ERR,ERR,ERR,ERR,ERR,ERR,ERR,ERR,ERR,ERR,ERR,ERR,ERR,ERR,ERR,ERR,ERR,ERR,ERR,ERR,ERR,ERR,ERR,ERR,ERR,ERR,ERR,ERR,ERR,ERR,ERR,ERR,ERR,ERR,ERR,ERR,ERR,ERR,ERR,ERR,ERR,ERR,ERR,ERR,ERR,ERR,ERR,ERR,ERR,ERR,ERR,ERR,ERR,ERR,ERR,ERR,ERR,ERR,ERR,ERR,ERR,ERR,ERR,ERR,ERR,ERR,ERR,ERR,ERR,ERR,ERR,ERR,ERR,ERR,ERR,ERR,ERR,ERR,ERR,ERR,ERR,ERR,ERR,ERR,ERR,ERR,ERR,ERR,ERR,ERR,ERR,ERR,ERR,ERR,ERR,ERR,ERR,ERR,ERR,ERR,ERR,ERR,ERR,ERR,ERR,ERR,ERR,ERR,0.0,0.0,-134474944.0,0.0,0.0,1.3936040501711995e+18,7.805,0.0,0,0,4,0,8422,0.0,45,0.0,0.0,0.0,0.0,0.0,0,0,0,0,0.0,0,0,0,0,0,0,0,0,0,0,0,0,0,0,0,0,0,0,0,0,0,0,0,0,0,0,0,0,0,0,0,0,0,38,14,7,45,65476,0,300,0,0,8,21553,0.0,-107605600.0,0.0,0.0,0.0,0.0,0.0,0.0,0.0,0.0,0.0,0.0,0.0,0.0,0.0,0.0,0.0,0.0,0.0,0.0,0.0,0.0,2.004,2.004,-0.0,0.0,0.0,0.0,0.0,0.0,4954.0,-131350.406,0.0,0.0,0.0,-107615280.0,2.718429300292151e+23,0.0,0.0,0.0,0.0,53,-0.0,0.0,0.0,0.0,0.0,0.0,0.0,0.0,0.0,0,0,0,0.0,0.0,0.0,0.0,0.0,0.0,0.0,0.0,0.0,0.0,0.0,0.0,0.0,0.0,0.0,0.0,0,-107875648.0,53,0.0,106,-107614832.0,0.0,ERR,ERR,ERR,ERR,ERR,ERR,ERR,ERR,ERR,ERR,ERR,ERR,ERR,ERR,ERR,ERR,ERR,ERR,ERR,ERR,ERR,ERR,ERR,ERR,ERR,ERR,ERR,ERR,ERR,ERR,ERR,ERR,ERR,ERR,ERR,ERR,ERR,ERR,ERR,ERR,ERR,ERR,ERR,ERR,ERR,ERR,ERR,ERR,ERR,ERR,ERR,ERR,ERR,ERR,ERR,ERR,ERR,ERR,ERR,ERR,ERR,ERR,ERR,ERR,ERR,ERR,ERR,50.0,60.0,100,0.0,0.0,0.0,0.0,0.0,0.0,0.0,0.0,0.0,0.0,0.0,0.0,0.0,0.0,0.0,0.0,61.6,73,14,65513,50,65476,0,300,0,0,8,20529,65476,0,0,26214,60.0,0.0,0.0,0.0,0.0,0.0
2026-05-17T18:47:21,ERR,ERR,ERR,ERR,ERR,ERR,ERR,ERR,ERR,ERR,ERR,ERR,ERR,ERR,ERR,ERR,ERR,ERR,ERR,ERR,ERR,ERR,ERR,ERR,ERR,ERR,ERR,ERR,ERR,ERR,ERR,ERR,ERR,ERR,ERR,ERR,ERR,ERR,ERR,ERR,ERR,ERR,ERR,ERR,ERR,ERR,ERR,ERR,ERR,ERR,ERR,ERR,ERR,ERR,ERR,ERR,ERR,ERR,ERR,ERR,ERR,ERR,ERR,ERR,ERR,ERR,ERR,ERR,ERR,ERR,ERR,ERR,ERR,ERR,ERR,ERR,ERR,ERR,ERR,ERR,ERR,ERR,ERR,ERR,ERR,ERR,ERR,ERR,ERR,ERR,ERR,ERR,ERR,ERR,ERR,ERR,ERR,ERR,ERR,ERR,ERR,ERR,ERR,ERR,ERR,ERR,ERR,ERR,ERR,ERR,ERR,ERR,ERR,ERR,ERR,ERR,ERR,ERR,ERR,ERR,ERR,ERR,ERR,ERR,ERR,0.0,0.0,-134474944.0,0.0,0.0,1.3936040501711995e+18,7.805,0.0,0,0,4,0,8422,0.0,45,0.0,0.0,0.0,0.0,0.0,0,0,0,0,0.0,0,0,0,0,0,0,0,0,0,0,0,0,0,0,0,0,0,0,0,0,0,0,0,0,0,0,0,0,0,0,0,0,0,38,14,7,45,65476,0,300,0,0,8,21553,0.0,-107605600.0,0.0,0.0,0.0,0.0,0.0,0.0,0.0,0.0,0.0,0.0,0.0,0.0,0.0,0.0,0.0,0.0,0.0,0.0,0.0,0.0,2.004,2.004,-0.0,0.0,0.0,0.0,0.0,0.0,4954.0,-131350.406,0.0,0.0,0.0,-107615280.0,2.718429300292151e+23,0.0,0.0,0.0,0.0,53,-0.0,0.0,0.0,0.0,0.0,0.0,0.0,0.0,0.0,0,0,0,0.0,0.0,0.0,0.0,0.0,0.0,0.0,0.0,0.0,0.0,0.0,0.0,0.0,0.0,0.0,0.0,0,-107875648.0,53,0.0,106,-107614832.0,0.0,ERR,ERR,ERR,ERR,ERR,ERR,ERR,ERR,ERR,ERR,ERR,ERR,ERR,ERR,ERR,ERR,ERR,ERR,ERR,ERR,ERR,ERR,ERR,ERR,ERR,ERR,ERR,ERR,ERR,ERR,ERR,ERR,ERR,ERR,ERR,ERR,ERR,ERR,ERR,ERR,ERR,ERR,ERR,ERR,ERR,ERR,ERR,ERR,ERR,ERR,ERR,ERR,ERR,ERR,ERR,ERR,ERR,ERR,ERR,ERR,ERR,ERR,ERR,ERR,ERR,ERR,ERR,50.0,60.0,100,0.0,0.0,0.0,0.0,0.0,0.0,0.0,0.0,0.0,0.0,0.0,0.0,0.0,0.0,0.0,0.0,61.6,73,14,65513,50,65476,0,300,0,0,8,20529,65476,0,0,26214,60.0,0.0,0.0,0.0,0.0,0.0
2026-05-17T18:47:22,ERR,ERR,ERR,ERR,ERR,ERR,ERR,ERR,ERR,ERR,ERR,ERR,ERR,ERR,ERR,ERR,ERR,ERR,ERR,ERR,ERR,ERR,ERR,ERR,ERR,ERR,ERR,ERR,ERR,ERR,ERR,ERR,ERR,ERR,ERR,ERR,ERR,ERR,ERR,ERR,ERR,ERR,ERR,ERR,ERR,ERR,ERR,ERR,ERR,ERR,ERR,ERR,ERR,ERR,ERR,ERR,ERR,ERR,ERR,ERR,ERR,ERR,ERR,ERR,ERR,ERR,ERR,ERR,ERR,ERR,ERR,ERR,ERR,ERR,ERR,ERR,ERR,ERR,ERR,ERR,ERR,ERR,ERR,ERR,ERR,ERR,ERR,ERR,ERR,ERR,ERR,ERR,ERR,ERR,ERR,ERR,ERR,ERR,ERR,ERR,ERR,ERR,ERR,ERR,ERR,ERR,ERR,ERR,ERR,ERR,ERR,ERR,ERR,ERR,ERR,ERR,ERR,ERR,ERR,ERR,ERR,ERR,ERR,ERR,ERR,0.0,0.0,-134474944.0,0.0,0.0,1.3936040501711995e+18,7.805,0.0,0,0,4,0,8422,0.0,45,0.0,0.0,0.0,0.0,0.0,0,0,0,0,0.0,0,0,0,0,0,0,0,0,0,0,0,0,0,0,0,0,0,0,0,0,0,0,0,0,0,0,0,0,0,0,0,0,0,38,14,7,45,65476,0,300,0,0,8,21553,0.0,-107605600.0,0.0,0.0,0.0,0.0,0.0,0.0,0.0,0.0,0.0,0.0,0.0,0.0,0.0,0.0,0.0,0.0,0.0,0.0,0.0,0.0,2.004,2.004,-0.0,0.0,0.0,0.0,0.0,0.0,4954.0,-131350.406,0.0,0.0,0.0,-107615280.0,2.718429300292151e+23,0.0,0.0,0.0,0.0,53,-0.0,0.0,0.0,0.0,0.0,0.0,0.0,0.0,0.0,0,0,0,0.0,0.0,0.0,0.0,0.0,0.0,0.0,0.0,0.0,0.0,0.0,0.0,0.0,0.0,0.0,0.0,0,-107875648.0,53,0.0,106,-107614832.0,0.0,ERR,ERR,ERR,ERR,ERR,ERR,ERR,ERR,ERR,ERR,ERR,ERR,ERR,ERR,ERR,ERR,ERR,ERR,ERR,ERR,ERR,ERR,ERR,ERR,ERR,ERR,ERR,ERR,ERR,ERR,ERR,ERR,ERR,ERR,ERR,ERR,ERR,ERR,ERR,ERR,ERR,ERR,ERR,ERR,ERR,ERR,ERR,ERR,ERR,ERR,ERR,ERR,ERR,ERR,ERR,ERR,ERR,ERR,ERR,ERR,ERR,ERR,ERR,ERR,ERR,ERR,ERR,50.0,60.0,100,0.0,0.0,0.0,0.0,0.0,0.0,0.0,0.0,0.0,0.0,0.0,0.0,0.0,0.0,0.0,0.0,61.6,73,14,65513,50,65476,0,300,0,0,8,20529,65476,0,0,26214,60.0,0.0,0.0,0.0,0.0,0.0
2026-05-17T18:47:23,ERR,ERR,ERR,ERR,ERR,ERR,ERR,ERR,ERR,ERR,ERR,ERR,ERR,ERR,ERR,ERR,ERR,ERR,ERR,ERR,ERR,ERR,ERR,ERR,ERR,ERR,ERR,ERR,ERR,ERR,ERR,ERR,ERR,ERR,ERR,ERR,ERR,ERR,ERR,ERR,ERR,ERR,ERR,ERR,ERR,ERR,ERR,ERR,ERR,ERR,ERR,ERR,ERR,ERR,ERR,ERR,ERR,ERR,ERR,ERR,ERR,ERR,ERR,ERR,ERR,ERR,ERR,ERR,ERR,ERR,ERR,ERR,ERR,ERR,ERR,ERR,ERR,ERR,ERR,ERR,ERR,ERR,ERR,ERR,ERR,ERR,ERR,ERR,ERR,ERR,ERR,ERR,ERR,ERR,ERR,ERR,ERR,ERR,ERR,ERR,ERR,ERR,ERR,ERR,ERR,ERR,ERR,ERR,ERR,ERR,ERR,ERR,ERR,ERR,ERR,ERR,ERR,ERR,ERR,ERR,ERR,ERR,ERR,ERR,ERR,0.0,0.0,-134474944.0,0.0,0.0,1.3936040501711995e+18,7.805,0.0,0,0,4,0,8422,0.0,45,0.0,0.0,0.0,0.0,0.0,0,0,0,0,0.0,0,0,0,0,0,0,0,0,0,0,0,0,0,0,0,0,0,0,0,0,0,0,0,0,0,0,0,0,0,0,0,0,0,38,14,7,45,65476,0,300,0,0,8,21553,0.0,-107605600.0,0.0,0.0,0.0,0.0,0.0,0.0,0.0,0.0,0.0,0.0,0.0,0.0,0.0,0.0,0.0,0.0,0.0,0.0,0.0,0.0,2.004,2.004,-0.0,0.0,0.0,0.0,0.0,0.0,4953.0,-0.0,0.0,0.0,0.0,-107615280.0,2.718429300292151e+23,0.0,0.0,0.0,0.0,53,-0.0,0.0,0.0,0.0,0.0,0.0,0.0,0.0,0.0,0,0,0,0.0,0.0,0.0,0.0,0.0,0.0,0.0,0.0,0.0,0.0,0.0,0.0,0.0,0.0,0.0,0.0,0,-107875648.0,53,0.0,106,-107614832.0,0.0,ERR,ERR,ERR,ERR,ERR,ERR,ERR,ERR,ERR,ERR,ERR,ERR,ERR,ERR,ERR,ERR,ERR,ERR,ERR,ERR,ERR,ERR,ERR,ERR,ERR,ERR,ERR,ERR,ERR,ERR,ERR,ERR,ERR,ERR,ERR,ERR,ERR,ERR,ERR,ERR,ERR,ERR,ERR,ERR,ERR,ERR,ERR,ERR,ERR,ERR,ERR,ERR,ERR,ERR,ERR,ERR,ERR,ERR,ERR,ERR,ERR,ERR,ERR,ERR,ERR,ERR,ERR,50.0,60.0,100,0.0,0.0,0.0,0.0,0.0,0.0,0.0,0.0,0.0,0.0,0.0,0.0,0.0,0.0,0.0,0.0,61.6,73,14,65513,50,65476,0,300,0,0,8,20529,65476,0,0,26214,60.0,0.0,0.0,0.0,0.0,0.0
2026-05-17T18:47:24,ERR,ERR,ERR,ERR,ERR,ERR,ERR,ERR,ERR,ERR,ERR,ERR,ERR,ERR,ERR,ERR,ERR,ERR,ERR,ERR,ERR,ERR,ERR,ERR,ERR,ERR,ERR,ERR,ERR,ERR,ERR,ERR,ERR,ERR,ERR,ERR,ERR,ERR,ERR,ERR,ERR,ERR,ERR,ERR,ERR,ERR,ERR,ERR,ERR,ERR,ERR,ERR,ERR,ERR,ERR,ERR,ERR,ERR,ERR,ERR,ERR,ERR,ERR,ERR,ERR,ERR,ERR,ERR,ERR,ERR,ERR,ERR,ERR,ERR,ERR,ERR,ERR,ERR,ERR,ERR,ERR,ERR,ERR,ERR,ERR,ERR,ERR,ERR,ERR,ERR,ERR,ERR,ERR,ERR,ERR,ERR,ERR,ERR,ERR,ERR,ERR,ERR,ERR,ERR,ERR,ERR,ERR,ERR,ERR,ERR,ERR,ERR,ERR,ERR,ERR,ERR,ERR,ERR,ERR,ERR,ERR,ERR,ERR,ERR,ERR,0.0,0.0,-134474944.0,0.0,0.0,1.3936040501711995e+18,7.805,0.0,0,0,4,0,8422,0.0,45,0.0,0.0,0.0,0.0,0.0,0,0,0,0,0.0,0,0,0,0,0,0,0,0,0,0,0,0,0,0,0,0,0,0,0,0,0,0,0,0,0,0,0,0,0,0,0,0,0,38,14,7,45,65476,0,300,0,0,8,21553,0.0,-107605600.0,0.0,0.0,0.0,0.0,0.0,0.0,0.0,0.0,0.0,0.0,0.0,0.0,0.0,0.0,0.0,0.0,0.0,0.0,0.0,0.0,2.004,2.004,-0.0,0.0,0.0,0.0,0.0,0.0,4953.0,-0.0,0.0,0.0,0.0,-107615280.0,2.718429300292151e+23,0.0,0.0,0.0,0.0,53,-0.0,0.0,0.0,0.0,0.0,0.0,0.0,0.0,0.0,0,0,0,0.0,0.0,0.0,0.0,0.0,0.0,0.0,0.0,0.0,0.0,0.0,0.0,0.0,0.0,0.0,0.0,0,-107875648.0,53,0.0,106,-107614832.0,0.0,ERR,ERR,ERR,ERR,ERR,ERR,ERR,ERR,ERR,ERR,ERR,ERR,ERR,ERR,ERR,ERR,ERR,ERR,ERR,ERR,ERR,ERR,ERR,ERR,ERR,ERR,ERR,ERR,ERR,ERR,ERR,ERR,ERR,ERR,ERR,ERR,ERR,ERR,ERR,ERR,ERR,ERR,ERR,ERR,ERR,ERR,ERR,ERR,ERR,ERR,ERR,ERR,ERR,ERR,ERR,ERR,ERR,ERR,ERR,ERR,ERR,ERR,ERR,ERR,ERR,ERR,ERR,50.0,60.0,100,0.0,0.0,0.0,0.0,0.0,0.0,0.0,0.0,0.0,0.0,0.0,0.0,0.0,0.0,0.0,0.0,61.6,73,14,65513,50,65476,0,300,0,0,8,20529,65476,0,0,26214,60.0,0.0,0.0,0.0,0.0,0.0
2026-05-17T18:47:25,ERR,ERR,ERR,ERR,ERR,ERR,ERR,ERR,ERR,ERR,ERR,ERR,ERR,ERR,ERR,ERR,ERR,ERR,ERR,ERR,ERR,ERR,ERR,ERR,ERR,ERR,ERR,ERR,ERR,ERR,ERR,ERR,ERR,ERR,ERR,ERR,ERR,ERR,ERR,ERR,ERR,ERR,ERR,ERR,ERR,ERR,ERR,ERR,ERR,ERR,ERR,ERR,ERR,ERR,ERR,ERR,ERR,ERR,ERR,ERR,ERR,ERR,ERR,ERR,ERR,ERR,ERR,ERR,ERR,ERR,ERR,ERR,ERR,ERR,ERR,ERR,ERR,ERR,ERR,ERR,ERR,ERR,ERR,ERR,ERR,ERR,ERR,ERR,ERR,ERR,ERR,ERR,ERR,ERR,ERR,ERR,ERR,ERR,ERR,ERR,ERR,ERR,ERR,ERR,ERR,ERR,ERR,ERR,ERR,ERR,ERR,ERR,ERR,ERR,ERR,ERR,ERR,ERR,ERR,ERR,ERR,ERR,ERR,ERR,ERR,0.0,0.0,-134474944.0,0.0,0.0,1.3936040501711995e+18,7.805,0.0,0,0,4,0,8422,0.0,45,0.0,0.0,0.0,0.0,0.0,0,0,0,0,0.0,0,0,0,0,0,0,0,0,0,0,0,0,0,0,0,0,0,0,0,0,0,0,0,0,0,0,0,0,0,0,0,0,0,38,14,7,45,65476,0,300,0,0,8,21553,0.0,-107605600.0,0.0,0.0,0.0,0.0,0.0,0.0,0.0,0.0,0.0,0.0,0.0,0.0,0.0,0.0,0.0,0.0,0.0,0.0,0.0,0.0,2.004,2.004,-0.0,0.0,0.0,0.0,0.0,0.0,4953.0,-0.0,0.0,0.0,0.0,-107615280.0,2.718429300292151e+23,0.0,0.0,0.0,0.0,53,-0.0,0.0,0.0,0.0,0.0,0.0,0.0,0.0,0.0,0,0,0,0.0,0.0,0.0,0.0,0.0,0.0,0.0,0.0,0.0,0.0,0.0,0.0,0.0,0.0,0.0,0.0,0,-107875648.0,53,0.0,106,-107614832.0,0.0,ERR,ERR,ERR,ERR,ERR,ERR,ERR,ERR,ERR,ERR,ERR,ERR,ERR,ERR,ERR,ERR,ERR,ERR,ERR,ERR,ERR,ERR,ERR,ERR,ERR,ERR,ERR,ERR,ERR,ERR,ERR,ERR,ERR,ERR,ERR,ERR,ERR,ERR,ERR,ERR,ERR,ERR,ERR,ERR,ERR,ERR,ERR,ERR,ERR,ERR,ERR,ERR,ERR,ERR,ERR,ERR,ERR,ERR,ERR,ERR,ERR,ERR,ERR,ERR,ERR,ERR,ERR,50.0,60.0,100,0.0,0.0,0.0,0.0,0.0,0.0,0.0,0.0,0.0,0.0,0.0,0.0,0.0,0.0,0.0,0.0,61.6,73,14,65513,50,65476,0,300,0,0,8,20529,65476,0,0,26214,60.0,0.0,0.0,0.0,0.0,0.0
2026-05-17T18:47:26,ERR,ERR,ERR,ERR,ERR,ERR,ERR,ERR,ERR,ERR,ERR,ERR,ERR,ERR,ERR,ERR,ERR,ERR,ERR,ERR,ERR,ERR,ERR,ERR,ERR,ERR,ERR,ERR,ERR,ERR,ERR,ERR,ERR,ERR,ERR,ERR,ERR,ERR,ERR,ERR,ERR,ERR,ERR,ERR,ERR,ERR,ERR,ERR,ERR,ERR,ERR,ERR,ERR,ERR,ERR,ERR,ERR,ERR,ERR,ERR,ERR,ERR,ERR,ERR,ERR,ERR,ERR,ERR,ERR,ERR,ERR,ERR,ERR,ERR,ERR,ERR,ERR,ERR,ERR,ERR,ERR,ERR,ERR,ERR,ERR,ERR,ERR,ERR,ERR,ERR,ERR,ERR,ERR,ERR,ERR,ERR,ERR,ERR,ERR,ERR,ERR,ERR,ERR,ERR,ERR,ERR,ERR,ERR,ERR,ERR,ERR,ERR,ERR,ERR,ERR,ERR,ERR,ERR,ERR,ERR,ERR,ERR,ERR,ERR,ERR,0.0,0.0,-134474944.0,0.0,0.0,1.3936040501711995e+18,7.805,0.0,0,0,4,0,8422,0.0,45,0.0,0.0,0.0,0.0,0.0,0,0,0,0,0.0,0,0,0,0,0,0,0,0,0,0,0,0,0,0,0,0,0,0,0,0,0,0,0,0,0,0,0,0,0,0,0,0,0,38,14,7,45,65476,0,300,0,0,8,21553,0.0,-107605600.0,0.0,0.0,0.0,0.0,0.0,0.0,0.0,0.0,0.0,0.0,0.0,0.0,0.0,0.0,0.0,0.0,0.0,0.0,0.0,0.0,2.004,2.004,-0.0,0.0,0.0,0.0,0.0,0.0,4953.0,-0.0,0.0,0.0,0.0,-107615280.0,2.718429300292151e+23,0.0,0.0,0.0,0.0,53,-0.0,0.0,0.0,0.0,0.0,0.0,0.0,0.0,0.0,0,0,0,0.0,0.0,0.0,0.0,0.0,0.0,0.0,0.0,0.0,0.0,0.0,0.0,0.0,0.0,0.0,0.0,0,-107875648.0,53,0.0,106,-107614832.0,0.0,ERR,ERR,ERR,ERR,ERR,ERR,ERR,ERR,ERR,ERR,ERR,ERR,ERR,ERR,ERR,ERR,ERR,ERR,ERR,ERR,ERR,ERR,ERR,ERR,ERR,ERR,ERR,ERR,ERR,ERR,ERR,ERR,ERR,ERR,ERR,ERR,ERR,ERR,ERR,ERR,ERR,ERR,ERR,ERR,ERR,ERR,ERR,ERR,ERR,ERR,ERR,ERR,ERR,ERR,ERR,ERR,ERR,ERR,ERR,ERR,ERR,ERR,ERR,ERR,ERR,ERR,ERR,50.0,60.0,100,0.0,0.0,0.0,0.0,0.0,0.0,0.0,0.0,0.0,0.0,0.0,0.0,0.0,0.0,0.0,0.0,61.6,73,14,65513,50,65476,0,300,0,0,8,20529,65476,0,0,26214,60.0,0.0,0.0,0.0,0.0,0.0
2026-05-17T18:47:27,ERR,ERR,ERR,ERR,ERR,ERR,ERR,ERR,ERR,ERR,ERR,ERR,ERR,ERR,ERR,ERR,ERR,ERR,ERR,ERR,ERR,ERR,ERR,ERR,ERR,ERR,ERR,ERR,ERR,ERR,ERR,ERR,ERR,ERR,ERR,ERR,ERR,ERR,ERR,ERR,ERR,ERR,ERR,ERR,ERR,ERR,ERR,ERR,ERR,ERR,ERR,ERR,ERR,ERR,ERR,ERR,ERR,ERR,ERR,ERR,ERR,ERR,ERR,ERR,ERR,ERR,ERR,ERR,ERR,ERR,ERR,ERR,ERR,ERR,ERR,ERR,ERR,ERR,ERR,ERR,ERR,ERR,ERR,ERR,ERR,ERR,ERR,ERR,ERR,ERR,ERR,ERR,ERR,ERR,ERR,ERR,ERR,ERR,ERR,ERR,ERR,ERR,ERR,ERR,ERR,ERR,ERR,ERR,ERR,ERR,ERR,ERR,ERR,ERR,ERR,ERR,ERR,ERR,ERR,ERR,ERR,ERR,ERR,ERR,ERR,0.0,0.0,-134474944.0,0.0,0.0,1.3936040501711995e+18,7.805,0.0,0,0,4,0,8422,0.0,45,0.0,0.0,0.0,0.0,0.0,0,0,0,0,0.0,0,0,0,0,0,0,0,0,0,0,0,0,0,0,0,0,0,0,0,0,0,0,0,0,0,0,0,0,0,0,0,0,0,38,14,7,45,65476,0,300,0,0,8,21553,0.0,-107605600.0,0.0,0.0,0.0,0.0,0.0,0.0,0.0,0.0,0.0,0.0,0.0,0.0,0.0,0.0,0.0,0.0,0.0,0.0,0.0,0.0,2.004,2.004,-0.0,0.0,0.0,0.0,0.0,0.0,4953.0,-0.0,0.0,0.0,0.0,-107615280.0,2.718429300292151e+23,0.0,0.0,0.0,0.0,53,-0.0,0.0,0.0,0.0,0.0,0.0,0.0,0.0,0.0,0,0,0,0.0,0.0,0.0,0.0,0.0,0.0,0.0,0.0,0.0,0.0,0.0,0.0,0.0,0.0,0.0,0.0,0,-107875648.0,53,0.0,106,-107614832.0,0.0,ERR,ERR,ERR,ERR,ERR,ERR,ERR,ERR,ERR,ERR,ERR,ERR,ERR,ERR,ERR,ERR,ERR,ERR,ERR,ERR,ERR,ERR,ERR,ERR,ERR,ERR,ERR,ERR,ERR,ERR,ERR,ERR,ERR,ERR,ERR,ERR,ERR,ERR,ERR,ERR,ERR,ERR,ERR,ERR,ERR,ERR,ERR,ERR,ERR,ERR,ERR,ERR,ERR,ERR,ERR,ERR,ERR,ERR,ERR,ERR,ERR,ERR,ERR,ERR,ERR,ERR,ERR,50.0,60.0,100,0.0,0.0,0.0,0.0,0.0,0.0,0.0,0.0,0.0,0.0,0.0,0.0,0.0,0.0,0.0,0.0,61.6,73,14,65513,50,65476,0,300,0,0,8,20529,65476,0,0,26214,60.0,0.0,0.0,0.0,0.0,0.0
2026-05-17T18:47:28,ERR,ERR,ERR,ERR,ERR,ERR,ERR,ERR,ERR,ERR,ERR,ERR,ERR,ERR,ERR,ERR,ERR,ERR,ERR,ERR,ERR,ERR,ERR,ERR,ERR,ERR,ERR,ERR,ERR,ERR,ERR,ERR,ERR,ERR,ERR,ERR,ERR,ERR,ERR,ERR,ERR,ERR,ERR,ERR,ERR,ERR,ERR,ERR,ERR,ERR,ERR,ERR,ERR,ERR,ERR,ERR,ERR,ERR,ERR,ERR,ERR,ERR,ERR,ERR,ERR,ERR,ERR,ERR,ERR,ERR,ERR,ERR,ERR,ERR,ERR,ERR,ERR,ERR,ERR,ERR,ERR,ERR,ERR,ERR,ERR,ERR,ERR,ERR,ERR,ERR,ERR,ERR,ERR,ERR,ERR,ERR,ERR,ERR,ERR,ERR,ERR,ERR,ERR,ERR,ERR,ERR,ERR,ERR,ERR,ERR,ERR,ERR,ERR,ERR,ERR,ERR,ERR,ERR,ERR,ERR,ERR,ERR,ERR,ERR,ERR,0.0,0.0,-134474944.0,0.0,0.0,1.3936040501711995e+18,7.805,0.0,0,0,4,0,8422,0.0,45,0.0,0.0,0.0,0.0,0.0,0,0,0,0,0.0,0,0,0,0,0,0,0,0,0,0,0,0,0,0,0,0,0,0,0,0,0,0,0,0,0,0,0,0,0,0,0,0,0,38,14,7,45,65476,0,300,0,0,8,21553,0.0,-107605600.0,0.0,0.0,0.0,0.0,0.0,0.0,0.0,0.0,0.0,0.0,0.0,0.0,0.0,0.0,0.0,0.0,0.0,0.0,0.0,0.0,2.004,2.004,-0.0,0.0,0.0,0.0,0.0,0.0,4949.0,-0.0,0.0,0.0,0.0,-107615280.0,2.718429300292151e+23,0.0,0.0,0.0,0.0,53,-0.0,-2.308827523576129e+20,0.0,0.0,0.0,0.0,0.0,0.0,0.0,0,0,0,0.0,0.0,0.0,0.0,0.0,0.0,0.0,0.0,0.0,0.0,0.0,0.0,0.0,0.0,0.0,0.0,0,-107875648.0,53,0.0,106,-107614832.0,0.0,ERR,ERR,ERR,ERR,ERR,ERR,ERR,ERR,ERR,ERR,ERR,ERR,ERR,ERR,ERR,ERR,ERR,ERR,ERR,ERR,ERR,ERR,ERR,ERR,ERR,ERR,ERR,ERR,ERR,ERR,ERR,ERR,ERR,ERR,ERR,ERR,ERR,ERR,ERR,ERR,ERR,ERR,ERR,ERR,ERR,ERR,ERR,ERR,ERR,ERR,ERR,ERR,ERR,ERR,ERR,ERR,ERR,ERR,ERR,ERR,ERR,ERR,ERR,ERR,ERR,ERR,ERR,50.0,60.0,100,0.0,0.0,0.0,0.0,0.0,0.0,0.0,0.0,0.0,0.0,0.0,0.0,0.0,0.0,0.0,0.0,61.6,73,14,65513,50,65476,0,300,0,0,8,20529,65476,0,0,26214,60.0,0.0,0.0,0.0,0.0,0.0
2026-05-17T18:47:29,ERR,ERR,ERR,ERR,ERR,ERR,ERR,ERR,ERR,ERR,ERR,ERR,ERR,ERR,ERR,ERR,ERR,ERR,ERR,ERR,ERR,ERR,ERR,ERR,ERR,ERR,ERR,ERR,ERR,ERR,ERR,ERR,ERR,ERR,ERR,ERR,ERR,ERR,ERR,ERR,ERR,ERR,ERR,ERR,ERR,ERR,ERR,ERR,ERR,ERR,ERR,ERR,ERR,ERR,ERR,ERR,ERR,ERR,ERR,ERR,ERR,ERR,ERR,ERR,ERR,ERR,ERR,ERR,ERR,ERR,ERR,ERR,ERR,ERR,ERR,ERR,ERR,ERR,ERR,ERR,ERR,ERR,ERR,ERR,ERR,ERR,ERR,ERR,ERR,ERR,ERR,ERR,ERR,ERR,ERR,ERR,ERR,ERR,ERR,ERR,ERR,ERR,ERR,ERR,ERR,ERR,ERR,ERR,ERR,ERR,ERR,ERR,ERR,ERR,ERR,ERR,ERR,ERR,ERR,ERR,ERR,ERR,ERR,ERR,ERR,0.0,0.0,-134474944.0,0.0,0.0,1.3936040501711995e+18,7.805,0.0,0,0,4,0,8422,0.0,45,0.0,0.0,0.0,0.0,0.0,0,0,0,0,0.0,0,0,0,0,0,0,0,0,0,0,0,0,0,0,0,0,0,0,0,0,0,0,0,0,0,0,0,0,0,0,0,0,0,38,14,7,45,65476,0,300,0,0,8,21553,0.0,-107605600.0,0.0,0.0,0.0,0.0,0.0,0.0,0.0,0.0,0.0,0.0,0.0,0.0,0.0,0.0,0.0,0.0,0.0,0.0,0.0,0.0,2.004,2.004,-0.0,0.0,0.0,0.0,0.0,0.0,4949.0,-0.0,0.0,0.0,0.0,-107615280.0,2.718429300292151e+23,0.0,0.0,0.0,0.0,53,-0.0,-2.308827523576129e+20,0.0,0.0,0.0,0.0,0.0,0.0,0.0,0,0,0,0.0,0.0,0.0,0.0,0.0,0.0,0.0,0.0,0.0,0.0,0.0,0.0,0.0,0.0,0.0,0.0,0,-107875648.0,53,0.0,106,-107614832.0,0.0,ERR,ERR,ERR,ERR,ERR,ERR,ERR,ERR,ERR,ERR,ERR,ERR,ERR,ERR,ERR,ERR,ERR,ERR,ERR,ERR,ERR,ERR,ERR,ERR,ERR,ERR,ERR,ERR,ERR,ERR,ERR,ERR,ERR,ERR,ERR,ERR,ERR,ERR,ERR,ERR,ERR,ERR,ERR,ERR,ERR,ERR,ERR,ERR,ERR,ERR,ERR,ERR,ERR,ERR,ERR,ERR,ERR,ERR,ERR,ERR,ERR,ERR,ERR,ERR,ERR,ERR,ERR,50.0,60.0,100,0.0,0.0,0.0,0.0,0.0,0.0,0.0,0.0,0.0,0.0,0.0,0.0,0.0,0.0,0.0,0.0,61.6,73,14,65513,50,65476,0,300,0,0,8,20529,65476,0,0,26214,60.0,0.0,0.0,0.0,0.0,0.0
2026-05-17T18:47:30,ERR,ERR,ERR,ERR,ERR,ERR,ERR,ERR,ERR,ERR,ERR,ERR,ERR,ERR,ERR,ERR,ERR,ERR,ERR,ERR,ERR,ERR,ERR,ERR,ERR,ERR,ERR,ERR,ERR,ERR,ERR,ERR,ERR,ERR,ERR,ERR,ERR,ERR,ERR,ERR,ERR,ERR,ERR,ERR,ERR,ERR,ERR,ERR,ERR,ERR,ERR,ERR,ERR,ERR,ERR,ERR,ERR,ERR,ERR,ERR,ERR,ERR,ERR,ERR,ERR,ERR,ERR,ERR,ERR,ERR,ERR,ERR,ERR,ERR,ERR,ERR,ERR,ERR,ERR,ERR,ERR,ERR,ERR,ERR,ERR,ERR,ERR,ERR,ERR,ERR,ERR,ERR,ERR,ERR,ERR,ERR,ERR,ERR,ERR,ERR,ERR,ERR,ERR,ERR,ERR,ERR,ERR,ERR,ERR,ERR,ERR,ERR,ERR,ERR,ERR,ERR,ERR,ERR,ERR,ERR,ERR,ERR,ERR,ERR,ERR,0.0,0.0,-134474944.0,0.0,0.0,1.3936040501711995e+18,7.805,0.0,0,0,4,0,8422,0.0,45,0.0,0.0,0.0,0.0,0.0,0,0,0,0,0.0,0,0,0,0,0,0,0,0,0,0,0,0,0,0,0,0,0,0,0,0,0,0,0,0,0,0,0,0,0,0,0,0,0,38,14,7,45,65476,0,300,0,0,8,21553,0.0,-107605600.0,0.0,0.0,0.0,0.0,0.0,0.0,0.0,0.0,0.0,0.0,0.0,0.0,0.0,0.0,0.0,0.0,0.0,0.0,0.0,0.0,2.004,2.004,-0.0,0.0,0.0,0.0,0.0,0.0,4949.0,-0.0,0.0,0.0,0.0,-107615280.0,2.718429300292151e+23,0.0,0.0,0.0,0.0,53,-0.0,-2.308827523576129e+20,0.0,0.0,0.0,0.0,0.0,0.0,0.0,0,0,0,0.0,0.0,0.0,0.0,0.0,0.0,0.0,0.0,0.0,0.0,0.0,0.0,0.0,0.0,0.0,0.0,0,-107875648.0,53,0.0,106,-107614832.0,0.0,ERR,ERR,ERR,ERR,ERR,ERR,ERR,ERR,ERR,ERR,ERR,ERR,ERR,ERR,ERR,ERR,ERR,ERR,ERR,ERR,ERR,ERR,ERR,ERR,ERR,ERR,ERR,ERR,ERR,ERR,ERR,ERR,ERR,ERR,ERR,ERR,ERR,ERR,ERR,ERR,ERR,ERR,ERR,ERR,ERR,ERR,ERR,ERR,ERR,ERR,ERR,ERR,ERR,ERR,ERR,ERR,ERR,ERR,ERR,ERR,ERR,ERR,ERR,ERR,ERR,ERR,ERR,50.0,60.0,100,0.0,0.0,0.0,0.0,0.0,0.0,0.0,0.0,0.0,0.0,0.0,0.0,0.0,0.0,0.0,0.0,62.0,73,14,65513,50,65476,0,300,0,0,8,20529,65476,0,0,26214,60.0,0.0,0.0,0.0,0.0,0.0
2026-05-17T18:47:31,ERR,ERR,ERR,ERR,ERR,ERR,ERR,ERR,ERR,ERR,ERR,ERR,ERR,ERR,ERR,ERR,ERR,ERR,ERR,ERR,ERR,ERR,ERR,ERR,ERR,ERR,ERR,ERR,ERR,ERR,ERR,ERR,ERR,ERR,ERR,ERR,ERR,ERR,ERR,ERR,ERR,ERR,ERR,ERR,ERR,ERR,ERR,ERR,ERR,ERR,ERR,ERR,ERR,ERR,ERR,ERR,ERR,ERR,ERR,ERR,ERR,ERR,ERR,ERR,ERR,ERR,ERR,ERR,ERR,ERR,ERR,ERR,ERR,ERR,ERR,ERR,ERR,ERR,ERR,ERR,ERR,ERR,ERR,ERR,ERR,ERR,ERR,ERR,ERR,ERR,ERR,ERR,ERR,ERR,ERR,ERR,ERR,ERR,ERR,ERR,ERR,ERR,ERR,ERR,ERR,ERR,ERR,ERR,ERR,ERR,ERR,ERR,ERR,ERR,ERR,ERR,ERR,ERR,ERR,ERR,ERR,ERR,ERR,ERR,ERR,0.0,0.0,-134474944.0,0.0,0.0,1.3936040501711995e+18,7.805,0.0,0,0,4,0,8422,0.0,45,0.0,0.0,0.0,0.0,0.0,0,0,0,0,0.0,0,0,0,0,0,0,0,0,0,0,0,0,0,0,0,0,0,0,0,0,0,0,0,0,0,0,0,0,0,0,0,0,0,38,14,7,45,65476,0,300,0,0,8,21553,0.0,-107605600.0,0.0,0.0,0.0,0.0,0.0,0.0,0.0,0.0,0.0,0.0,0.0,0.0,0.0,0.0,0.0,0.0,0.0,0.0,0.0,0.0,2.004,2.004,-0.0,0.0,0.0,0.0,0.0,0.0,4949.0,-0.0,0.0,0.0,0.0,-107615280.0,2.718429300292151e+23,0.0,0.0,0.0,0.0,53,-0.0,-2.308827523576129e+20,0.0,0.0,0.0,0.0,0.0,0.0,0.0,0,0,0,0.0,0.0,0.0,0.0,0.0,0.0,0.0,0.0,0.0,0.0,0.0,0.0,0.0,0.0,0.0,0.0,0,-107875648.0,53,0.0,106,-107614832.0,0.0,ERR,ERR,ERR,ERR,ERR,ERR,ERR,ERR,ERR,ERR,ERR,ERR,ERR,ERR,ERR,ERR,ERR,ERR,ERR,ERR,ERR,ERR,ERR,ERR,ERR,ERR,ERR,ERR,ERR,ERR,ERR,ERR,ERR,ERR,ERR,ERR,ERR,ERR,ERR,ERR,ERR,ERR,ERR,ERR,ERR,ERR,ERR,ERR,ERR,ERR,ERR,ERR,ERR,ERR,ERR,ERR,ERR,ERR,ERR,ERR,ERR,ERR,ERR,ERR,ERR,ERR,ERR,50.0,60.0,100,0.0,0.0,0.0,0.0,0.0,0.0,0.0,0.0,0.0,0.0,0.0,0.0,0.0,0.0,0.0,0.0,61.6,73,14,65513,50,65476,0,300,0,0,8,20529,65476,0,0,26214,60.0,0.0,0.0,0.0,0.0,0.0
2026-05-17T18:47:32,ERR,ERR,ERR,ERR,ERR,ERR,ERR,ERR,ERR,ERR,ERR,ERR,ERR,ERR,ERR,ERR,ERR,ERR,ERR,ERR,ERR,ERR,ERR,ERR,ERR,ERR,ERR,ERR,ERR,ERR,ERR,ERR,ERR,ERR,ERR,ERR,ERR,ERR,ERR,ERR,ERR,ERR,ERR,ERR,ERR,ERR,ERR,ERR,ERR,ERR,ERR,ERR,ERR,ERR,ERR,ERR,ERR,ERR,ERR,ERR,ERR,ERR,ERR,ERR,ERR,ERR,ERR,ERR,ERR,ERR,ERR,ERR,ERR,ERR,ERR,ERR,ERR,ERR,ERR,ERR,ERR,ERR,ERR,ERR,ERR,ERR,ERR,ERR,ERR,ERR,ERR,ERR,ERR,ERR,ERR,ERR,ERR,ERR,ERR,ERR,ERR,ERR,ERR,ERR,ERR,ERR,ERR,ERR,ERR,ERR,ERR,ERR,ERR,ERR,ERR,ERR,ERR,ERR,ERR,ERR,ERR,ERR,ERR,ERR,ERR,0.0,0.0,-134474944.0,0.0,0.0,1.3936040501711995e+18,7.805,0.0,0,0,4,0,8422,0.0,45,0.0,0.0,0.0,0.0,0.0,0,0,0,0,0.0,0,0,0,0,0,0,0,0,0,0,0,0,0,0,0,0,0,0,0,0,0,0,0,0,0,0,0,0,0,0,0,0,0,38,14,7,45,65476,0,300,0,0,8,21553,0.0,-107605600.0,0.0,0.0,0.0,0.0,0.0,0.0,0.0,0.0,0.0,0.0,0.0,0.0,0.0,0.0,0.0,0.0,0.0,0.0,0.0,0.0,2.004,2.004,-0.0,0.0,0.0,0.0,0.0,0.0,4949.0,-0.0,0.0,0.0,0.0,-107615280.0,2.718429300292151e+23,0.0,0.0,0.0,0.0,53,-0.0,-2.308827523576129e+20,0.0,0.0,0.0,0.0,0.0,0.0,0.0,0,0,0,0.0,0.0,0.0,0.0,0.0,0.0,0.0,0.0,0.0,0.0,0.0,0.0,0.0,0.0,0.0,0.0,0,-107875648.0,53,0.0,106,-107614832.0,0.0,ERR,ERR,ERR,ERR,ERR,ERR,ERR,ERR,ERR,ERR,ERR,ERR,ERR,ERR,ERR,ERR,ERR,ERR,ERR,ERR,ERR,ERR,ERR,ERR,ERR,ERR,ERR,ERR,ERR,ERR,ERR,ERR,ERR,ERR,ERR,ERR,ERR,ERR,ERR,ERR,ERR,ERR,ERR,ERR,ERR,ERR,ERR,ERR,ERR,ERR,ERR,ERR,ERR,ERR,ERR,ERR,ERR,ERR,ERR,ERR,ERR,ERR,ERR,ERR,ERR,ERR,ERR,50.0,60.0,100,0.0,0.0,0.0,0.0,0.0,0.0,0.0,0.0,0.0,0.0,0.0,0.0,0.0,0.0,0.0,0.0,61.6,73,14,65513,50,65476,0,300,0,0,8,20529,65476,0,0,26214,60.0,0.0,0.0,0.0,0.0,0.0
2026-05-17T18:47:33,ERR,ERR,ERR,ERR,ERR,ERR,ERR,ERR,ERR,ERR,ERR,ERR,ERR,ERR,ERR,ERR,ERR,ERR,ERR,ERR,ERR,ERR,ERR,ERR,ERR,ERR,ERR,ERR,ERR,ERR,ERR,ERR,ERR,ERR,ERR,ERR,ERR,ERR,ERR,ERR,ERR,ERR,ERR,ERR,ERR,ERR,ERR,ERR,ERR,ERR,ERR,ERR,ERR,ERR,ERR,ERR,ERR,ERR,ERR,ERR,ERR,ERR,ERR,ERR,ERR,ERR,ERR,ERR,ERR,ERR,ERR,ERR,ERR,ERR,ERR,ERR,ERR,ERR,ERR,ERR,ERR,ERR,ERR,ERR,ERR,ERR,ERR,ERR,ERR,ERR,ERR,ERR,ERR,ERR,ERR,ERR,ERR,ERR,ERR,ERR,ERR,ERR,ERR,ERR,ERR,ERR,ERR,ERR,ERR,ERR,ERR,ERR,ERR,ERR,ERR,ERR,ERR,ERR,ERR,ERR,ERR,ERR,ERR,ERR,ERR,0.0,0.0,-134474944.0,0.0,0.0,1.3936040501711995e+18,7.805,0.0,0,0,4,0,8422,0.0,45,0.0,0.0,0.0,0.0,0.0,0,0,0,0,0.0,0,0,0,0,0,0,0,0,0,0,0,0,0,0,0,0,0,0,0,0,0,0,0,0,0,0,0,0,0,0,0,0,0,38,14,7,45,65476,0,300,0,0,8,21553,0.0,-107605600.0,0.0,0.0,0.0,0.0,0.0,0.0,0.0,0.0,0.0,0.0,0.0,0.0,0.0,0.0,0.0,0.0,0.0,0.0,0.0,0.0,2.004,2.004,-0.0,0.0,0.0,0.0,0.0,0.0,4951.0,1.5879289753249576e+29,0.0,0.0,0.0,-107615280.0,2.718429300292151e+23,0.0,0.0,0.0,0.0,53,-0.0,-0.0,0.0,0.0,0.0,0.0,0.0,0.0,0.0,0,0,0,0.0,0.0,0.0,0.0,0.0,0.0,0.0,0.0,0.0,0.0,0.0,0.0,0.0,0.0,0.0,0.0,0,-107875648.0,53,0.0,106,-107614832.0,0.0,ERR,ERR,ERR,ERR,ERR,ERR,ERR,ERR,ERR,ERR,ERR,ERR,ERR,ERR,ERR,ERR,ERR,ERR,ERR,ERR,ERR,ERR,ERR,ERR,ERR,ERR,ERR,ERR,ERR,ERR,ERR,ERR,ERR,ERR,ERR,ERR,ERR,ERR,ERR,ERR,ERR,ERR,ERR,ERR,ERR,ERR,ERR,ERR,ERR,ERR,ERR,ERR,ERR,ERR,ERR,ERR,ERR,ERR,ERR,ERR,ERR,ERR,ERR,ERR,ERR,ERR,ERR,50.0,60.0,100,0.0,0.0,0.0,0.0,0.0,0.0,0.0,0.0,0.0,0.0,0.0,0.0,0.0,0.0,0.0,0.0,61.6,73,14,65513,50,65476,0,300,0,0,8,20529,65476,0,0,26214,60.0,0.0,0.0,0.0,0.0,0.0
2026-05-17T18:47:34,ERR,ERR,ERR,ERR,ERR,ERR,ERR,ERR,ERR,ERR,ERR,ERR,ERR,ERR,ERR,ERR,ERR,ERR,ERR,ERR,ERR,ERR,ERR,ERR,ERR,ERR,ERR,ERR,ERR,ERR,ERR,ERR,ERR,ERR,ERR,ERR,ERR,ERR,ERR,ERR,ERR,ERR,ERR,ERR,ERR,ERR,ERR,ERR,ERR,ERR,ERR,ERR,ERR,ERR,ERR,ERR,ERR,ERR,ERR,ERR,ERR,ERR,ERR,ERR,ERR,ERR,ERR,ERR,ERR,ERR,ERR,ERR,ERR,ERR,ERR,ERR,ERR,ERR,ERR,ERR,ERR,ERR,ERR,ERR,ERR,ERR,ERR,ERR,ERR,ERR,ERR,ERR,ERR,ERR,ERR,ERR,ERR,ERR,ERR,ERR,ERR,ERR,ERR,ERR,ERR,ERR,ERR,ERR,ERR,ERR,ERR,ERR,ERR,ERR,ERR,ERR,ERR,ERR,ERR,ERR,ERR,ERR,ERR,ERR,ERR,0.0,0.0,-134474944.0,0.0,0.0,1.3936040501711995e+18,7.805,0.0,0,0,4,0,8422,0.0,45,0.0,0.0,0.0,0.0,0.0,0,0,0,0,0.0,0,0,0,0,0,0,0,0,0,0,0,0,0,0,0,0,0,0,0,0,0,0,0,0,0,0,0,0,0,0,0,0,0,38,14,7,45,65476,0,300,0,0,8,21553,0.0,-107605600.0,0.0,0.0,0.0,0.0,0.0,0.0,0.0,0.0,0.0,0.0,0.0,0.0,0.0,0.0,0.0,0.0,0.0,0.0,0.0,0.0,2.004,2.004,-0.0,0.0,0.0,0.0,0.0,0.0,4951.0,1.5879289753249576e+29,0.0,0.0,0.0,-107615280.0,2.718429300292151e+23,0.0,0.0,0.0,0.0,53,-0.0,-0.0,0.0,0.0,0.0,0.0,0.0,0.0,0.0,0,0,0,0.0,0.0,0.0,0.0,0.0,0.0,0.0,0.0,0.0,0.0,0.0,0.0,0.0,0.0,0.0,0.0,0,-107875648.0,53,0.0,106,-107614832.0,0.0,ERR,ERR,ERR,ERR,ERR,ERR,ERR,ERR,ERR,ERR,ERR,ERR,ERR,ERR,ERR,ERR,ERR,ERR,ERR,ERR,ERR,ERR,ERR,ERR,ERR,ERR,ERR,ERR,ERR,ERR,ERR,ERR,ERR,ERR,ERR,ERR,ERR,ERR,ERR,ERR,ERR,ERR,ERR,ERR,ERR,ERR,ERR,ERR,ERR,ERR,ERR,ERR,ERR,ERR,ERR,ERR,ERR,ERR,ERR,ERR,ERR,ERR,ERR,ERR,ERR,ERR,ERR,50.0,60.0,100,0.0,0.0,0.0,0.0,0.0,0.0,0.0,0.0,0.0,0.0,0.0,0.0,0.0,0.0,0.0,0.0,61.6,73,14,65513,50,65476,0,300,0,0,8,20529,65476,0,0,26214,60.0,0.0,0.0,0.0,0.0,0.0
2026-05-17T18:47:35,ERR,ERR,ERR,ERR,ERR,ERR,ERR,ERR,ERR,ERR,ERR,ERR,ERR,ERR,ERR,ERR,ERR,ERR,ERR,ERR,ERR,ERR,ERR,ERR,ERR,ERR,ERR,ERR,ERR,ERR,ERR,ERR,ERR,ERR,ERR,ERR,ERR,ERR,ERR,ERR,ERR,ERR,ERR,ERR,ERR,ERR,ERR,ERR,ERR,ERR,ERR,ERR,ERR,ERR,ERR,ERR,ERR,ERR,ERR,ERR,ERR,ERR,ERR,ERR,ERR,ERR,ERR,ERR,ERR,ERR,ERR,ERR,ERR,ERR,ERR,ERR,ERR,ERR,ERR,ERR,ERR,ERR,ERR,ERR,ERR,ERR,ERR,ERR,ERR,ERR,ERR,ERR,ERR,ERR,ERR,ERR,ERR,ERR,ERR,ERR,ERR,ERR,ERR,ERR,ERR,ERR,ERR,ERR,ERR,ERR,ERR,ERR,ERR,ERR,ERR,ERR,ERR,ERR,ERR,ERR,ERR,ERR,ERR,ERR,ERR,0.0,0.0,-134474944.0,0.0,0.0,1.3936040501711995e+18,7.805,0.0,0,0,4,0,8422,0.0,45,0.0,0.0,0.0,0.0,0.0,0,0,0,0,0.0,0,0,0,0,0,0,0,0,0,0,0,0,0,0,0,0,0,0,0,0,0,0,0,0,0,0,0,0,0,0,0,0,0,38,14,7,45,65476,0,300,0,0,8,21553,0.0,-107605600.0,0.0,0.0,0.0,0.0,0.0,0.0,0.0,0.0,0.0,0.0,0.0,0.0,0.0,0.0,0.0,0.0,0.0,0.0,0.0,0.0,2.004,2.004,-0.0,0.0,0.0,0.0,0.0,0.0,4951.0,1.5879289753249576e+29,0.0,0.0,0.0,-107615280.0,2.718429300292151e+23,0.0,0.0,0.0,0.0,53,-0.0,-0.0,0.0,0.0,0.0,0.0,0.0,0.0,0.0,0,0,0,0.0,0.0,0.0,0.0,0.0,0.0,0.0,0.0,0.0,0.0,0.0,0.0,0.0,0.0,0.0,0.0,0,-107875648.0,53,0.0,106,-107614832.0,0.0,ERR,ERR,ERR,ERR,ERR,ERR,ERR,ERR,ERR,ERR,ERR,ERR,ERR,ERR,ERR,ERR,ERR,ERR,ERR,ERR,ERR,ERR,ERR,ERR,ERR,ERR,ERR,ERR,ERR,ERR,ERR,ERR,ERR,ERR,ERR,ERR,ERR,ERR,ERR,ERR,ERR,ERR,ERR,ERR,ERR,ERR,ERR,ERR,ERR,ERR,ERR,ERR,ERR,ERR,ERR,ERR,ERR,ERR,ERR,ERR,ERR,ERR,ERR,ERR,ERR,ERR,ERR,50.0,60.0,100,0.0,0.0,0.0,0.0,0.0,0.0,0.0,0.0,0.0,0.0,0.0,0.0,0.0,0.0,0.0,0.0,61.6,73,14,65513,50,65476,0,300,0,0,8,20529,65476,0,0,26214,60.0,0.0,0.0,0.0,0.0,0.0
2026-05-17T18:47:36,ERR,ERR,ERR,ERR,ERR,ERR,ERR,ERR,ERR,ERR,ERR,ERR,ERR,ERR,ERR,ERR,ERR,ERR,ERR,ERR,ERR,ERR,ERR,ERR,ERR,ERR,ERR,ERR,ERR,ERR,ERR,ERR,ERR,ERR,ERR,ERR,ERR,ERR,ERR,ERR,ERR,ERR,ERR,ERR,ERR,ERR,ERR,ERR,ERR,ERR,ERR,ERR,ERR,ERR,ERR,ERR,ERR,ERR,ERR,ERR,ERR,ERR,ERR,ERR,ERR,ERR,ERR,ERR,ERR,ERR,ERR,ERR,ERR,ERR,ERR,ERR,ERR,ERR,ERR,ERR,ERR,ERR,ERR,ERR,ERR,ERR,ERR,ERR,ERR,ERR,ERR,ERR,ERR,ERR,ERR,ERR,ERR,ERR,ERR,ERR,ERR,ERR,ERR,ERR,ERR,ERR,ERR,ERR,ERR,ERR,ERR,ERR,ERR,ERR,ERR,ERR,ERR,ERR,ERR,ERR,ERR,ERR,ERR,ERR,ERR,0.0,0.0,-134474944.0,0.0,0.0,1.3936040501711995e+18,7.805,0.0,0,0,4,0,8422,0.0,45,0.0,0.0,0.0,0.0,0.0,0,0,0,0,0.0,0,0,0,0,0,0,0,0,0,0,0,0,0,0,0,0,0,0,0,0,0,0,0,0,0,0,0,0,0,0,0,0,0,38,14,7,45,65476,0,300,0,0,8,21553,0.0,-107605600.0,0.0,0.0,0.0,0.0,0.0,0.0,0.0,0.0,0.0,0.0,0.0,0.0,0.0,0.0,0.0,0.0,0.0,0.0,0.0,0.0,2.004,2.004,-0.0,0.0,0.0,0.0,0.0,0.0,4951.0,1.5879289753249576e+29,0.0,0.0,0.0,-107615280.0,2.718429300292151e+23,0.0,0.0,0.0,0.0,53,-0.0,-0.0,0.0,0.0,0.0,0.0,0.0,0.0,0.0,0,0,0,0.0,0.0,0.0,0.0,0.0,0.0,0.0,0.0,0.0,0.0,0.0,0.0,0.0,0.0,0.0,0.0,0,-107875648.0,53,0.0,106,-107614832.0,0.0,ERR,ERR,ERR,ERR,ERR,ERR,ERR,ERR,ERR,ERR,ERR,ERR,ERR,ERR,ERR,ERR,ERR,ERR,ERR,ERR,ERR,ERR,ERR,ERR,ERR,ERR,ERR,ERR,ERR,ERR,ERR,ERR,ERR,ERR,ERR,ERR,ERR,ERR,ERR,ERR,ERR,ERR,ERR,ERR,ERR,ERR,ERR,ERR,ERR,ERR,ERR,ERR,ERR,ERR,ERR,ERR,ERR,ERR,ERR,ERR,ERR,ERR,ERR,ERR,ERR,ERR,ERR,50.0,60.0,100,0.0,0.0,0.0,0.0,0.0,0.0,0.0,0.0,0.0,0.0,0.0,0.0,0.0,0.0,0.0,0.0,61.6,73,14,65513,50,65476,0,300,0,0,8,20529,65476,0,0,26214,60.0,0.0,0.0,0.0,0.0,0.0
2026-05-17T18:47:37,ERR,ERR,ERR,ERR,ERR,ERR,ERR,ERR,ERR,ERR,ERR,ERR,ERR,ERR,ERR,ERR,ERR,ERR,ERR,ERR,ERR,ERR,ERR,ERR,ERR,ERR,ERR,ERR,ERR,ERR,ERR,ERR,ERR,ERR,ERR,ERR,ERR,ERR,ERR,ERR,ERR,ERR,ERR,ERR,ERR,ERR,ERR,ERR,ERR,ERR,ERR,ERR,ERR,ERR,ERR,ERR,ERR,ERR,ERR,ERR,ERR,ERR,ERR,ERR,ERR,ERR,ERR,ERR,ERR,ERR,ERR,ERR,ERR,ERR,ERR,ERR,ERR,ERR,ERR,ERR,ERR,ERR,ERR,ERR,ERR,ERR,ERR,ERR,ERR,ERR,ERR,ERR,ERR,ERR,ERR,ERR,ERR,ERR,ERR,ERR,ERR,ERR,ERR,ERR,ERR,ERR,ERR,ERR,ERR,ERR,ERR,ERR,ERR,ERR,ERR,ERR,ERR,ERR,ERR,ERR,ERR,ERR,ERR,ERR,ERR,0.0,0.0,-134474944.0,0.0,0.0,1.3936040501711995e+18,7.805,0.0,0,0,4,0,8422,0.0,45,0.0,0.0,0.0,0.0,0.0,0,0,0,0,0.0,0,0,0,0,0,0,0,0,0,0,0,0,0,0,0,0,0,0,0,0,0,0,0,0,0,0,0,0,0,0,0,0,0,38,14,7,45,65476,0,300,0,0,8,21553,0.0,-107605600.0,0.0,0.0,0.0,0.0,0.0,0.0,0.0,0.0,0.0,0.0,0.0,0.0,0.0,0.0,0.0,0.0,0.0,0.0,0.0,0.0,2.004,2.004,-0.0,0.0,0.0,0.0,0.0,0.0,4951.0,1.5879289753249576e+29,0.0,0.0,0.0,-107615280.0,2.718429300292151e+23,0.0,0.0,0.0,0.0,53,-0.0,-0.0,0.0,0.0,0.0,0.0,0.0,0.0,0.0,0,0,0,0.0,0.0,0.0,0.0,0.0,0.0,0.0,0.0,0.0,0.0,0.0,0.0,0.0,0.0,0.0,0.0,0,-107875648.0,53,0.0,106,-107614832.0,0.0,ERR,ERR,ERR,ERR,ERR,ERR,ERR,ERR,ERR,ERR,ERR,ERR,ERR,ERR,ERR,ERR,ERR,ERR,ERR,ERR,ERR,ERR,ERR,ERR,ERR,ERR,ERR,ERR,ERR,ERR,ERR,ERR,ERR,ERR,ERR,ERR,ERR,ERR,ERR,ERR,ERR,ERR,ERR,ERR,ERR,ERR,ERR,ERR,ERR,ERR,ERR,ERR,ERR,ERR,ERR,ERR,ERR,ERR,ERR,ERR,ERR,ERR,ERR,ERR,ERR,ERR,ERR,50.0,60.0,100,0.0,0.0,0.0,0.0,0.0,0.0,0.0,0.0,0.0,0.0,0.0,0.0,0.0,0.0,0.0,0.0,62.0,73,14,65513,50,65476,0,300,0,0,8,20529,65476,0,0,26214,60.0,0.0,0.0,0.0,0.0,0.0
2026-05-17T18:47:38,ERR,ERR,ERR,ERR,ERR,ERR,ERR,ERR,ERR,ERR,ERR,ERR,ERR,ERR,ERR,ERR,ERR,ERR,ERR,ERR,ERR,ERR,ERR,ERR,ERR,ERR,ERR,ERR,ERR,ERR,ERR,ERR,ERR,ERR,ERR,ERR,ERR,ERR,ERR,ERR,ERR,ERR,ERR,ERR,ERR,ERR,ERR,ERR,ERR,ERR,ERR,ERR,ERR,ERR,ERR,ERR,ERR,ERR,ERR,ERR,ERR,ERR,ERR,ERR,ERR,ERR,ERR,ERR,ERR,ERR,ERR,ERR,ERR,ERR,ERR,ERR,ERR,ERR,ERR,ERR,ERR,ERR,ERR,ERR,ERR,ERR,ERR,ERR,ERR,ERR,ERR,ERR,ERR,ERR,ERR,ERR,ERR,ERR,ERR,ERR,ERR,ERR,ERR,ERR,ERR,ERR,ERR,ERR,ERR,ERR,ERR,ERR,ERR,ERR,ERR,ERR,ERR,ERR,ERR,ERR,ERR,ERR,ERR,ERR,ERR,0.0,0.0,-134474944.0,0.0,0.0,1.3936040501711995e+18,7.805,0.0,0,0,4,0,8422,0.0,45,0.0,0.0,0.0,0.0,0.0,0,0,0,0,0.0,0,0,0,0,0,0,0,0,0,0,0,0,0,0,0,0,0,0,0,0,0,0,0,0,0,0,0,0,0,0,0,0,0,38,14,7,45,65476,0,300,0,0,8,21553,0.0,-107605600.0,0.0,0.0,0.0,0.0,0.0,0.0,0.0,0.0,0.0,0.0,0.0,0.0,0.0,0.0,0.0,0.0,0.0,0.0,0.0,0.0,2.004,2.004,-0.0,0.0,0.0,0.0,0.0,0.0,4952.0,1.5879289753249576e+29,0.0,0.0,0.0,-107615280.0,2.718429300292151e+23,0.0,0.0,0.0,0.0,53,-0.0,-0.0,0.0,0.0,0.0,0.0,0.0,0.0,0.0,0,0,0,0.0,0.0,0.0,0.0,0.0,0.0,0.0,0.0,0.0,0.0,0.0,0.0,0.0,0.0,0.0,0.0,0,-107875648.0,53,0.0,106,-107614832.0,0.0,ERR,ERR,ERR,ERR,ERR,ERR,ERR,ERR,ERR,ERR,ERR,ERR,ERR,ERR,ERR,ERR,ERR,ERR,ERR,ERR,ERR,ERR,ERR,ERR,ERR,ERR,ERR,ERR,ERR,ERR,ERR,ERR,ERR,ERR,ERR,ERR,ERR,ERR,ERR,ERR,ERR,ERR,ERR,ERR,ERR,ERR,ERR,ERR,ERR,ERR,ERR,ERR,ERR,ERR,ERR,ERR,ERR,ERR,ERR,ERR,ERR,ERR,ERR,ERR,ERR,ERR,ERR,50.0,60.0,100,0.0,0.0,0.0,0.0,0.0,0.0,0.0,0.0,0.0,0.0,0.0,0.0,0.0,0.0,0.0,0.0,62.0,73,14,65513,50,65476,0,300,0,0,8,20529,65476,0,0,26214,60.0,0.0,0.0,0.0,0.0,0.0
2026-05-17T18:47:39,ERR,ERR,ERR,ERR,ERR,ERR,ERR,ERR,ERR,ERR,ERR,ERR,ERR,ERR,ERR,ERR,ERR,ERR,ERR,ERR,ERR,ERR,ERR,ERR,ERR,ERR,ERR,ERR,ERR,ERR,ERR,ERR,ERR,ERR,ERR,ERR,ERR,ERR,ERR,ERR,ERR,ERR,ERR,ERR,ERR,ERR,ERR,ERR,ERR,ERR,ERR,ERR,ERR,ERR,ERR,ERR,ERR,ERR,ERR,ERR,ERR,ERR,ERR,ERR,ERR,ERR,ERR,ERR,ERR,ERR,ERR,ERR,ERR,ERR,ERR,ERR,ERR,ERR,ERR,ERR,ERR,ERR,ERR,ERR,ERR,ERR,ERR,ERR,ERR,ERR,ERR,ERR,ERR,ERR,ERR,ERR,ERR,ERR,ERR,ERR,ERR,ERR,ERR,ERR,ERR,ERR,ERR,ERR,ERR,ERR,ERR,ERR,ERR,ERR,ERR,ERR,ERR,ERR,ERR,ERR,ERR,ERR,ERR,ERR,ERR,0.0,0.0,-134474944.0,0.0,0.0,1.3936040501711995e+18,7.805,0.0,0,0,4,0,8422,0.0,45,0.0,0.0,0.0,0.0,0.0,0,0,0,0,0.0,0,0,0,0,0,0,0,0,0,0,0,0,0,0,0,0,0,0,0,0,0,0,0,0,0,0,0,0,0,0,0,0,0,38,14,7,45,65476,0,300,0,0,8,21553,0.0,-107605600.0,0.0,0.0,0.0,0.0,0.0,0.0,0.0,0.0,0.0,0.0,0.0,0.0,0.0,0.0,0.0,0.0,0.0,0.0,0.0,0.0,2.004,2.004,-0.0,0.0,0.0,0.0,0.0,0.0,4952.0,1.5879289753249576e+29,0.0,0.0,0.0,-107615280.0,2.718429300292151e+23,0.0,0.0,0.0,0.0,53,-0.0,-0.0,0.0,0.0,0.0,0.0,0.0,0.0,0.0,0,0,0,0.0,0.0,0.0,0.0,0.0,0.0,0.0,0.0,0.0,0.0,0.0,0.0,0.0,0.0,0.0,0.0,0,-107875648.0,53,0.0,106,-107614832.0,0.0,ERR,ERR,ERR,ERR,ERR,ERR,ERR,ERR,ERR,ERR,ERR,ERR,ERR,ERR,ERR,ERR,ERR,ERR,ERR,ERR,ERR,ERR,ERR,ERR,ERR,ERR,ERR,ERR,ERR,ERR,ERR,ERR,ERR,ERR,ERR,ERR,ERR,ERR,ERR,ERR,ERR,ERR,ERR,ERR,ERR,ERR,ERR,ERR,ERR,ERR,ERR,ERR,ERR,ERR,ERR,ERR,ERR,ERR,ERR,ERR,ERR,ERR,ERR,ERR,ERR,ERR,ERR,50.0,60.0,100,0.0,0.0,0.0,0.0,0.0,0.0,0.0,0.0,0.0,0.0,0.0,0.0,0.0,0.0,0.0,0.0,61.6,73,14,65513,50,65476,0,300,0,0,8,20529,65476,0,0,26214,60.0,0.0,0.0,0.0,0.0,0.0
2026-05-17T18:47:40,ERR,ERR,ERR,ERR,ERR,ERR,ERR,ERR,ERR,ERR,ERR,ERR,ERR,ERR,ERR,ERR,ERR,ERR,ERR,ERR,ERR,ERR,ERR,ERR,ERR,ERR,ERR,ERR,ERR,ERR,ERR,ERR,ERR,ERR,ERR,ERR,ERR,ERR,ERR,ERR,ERR,ERR,ERR,ERR,ERR,ERR,ERR,ERR,ERR,ERR,ERR,ERR,ERR,ERR,ERR,ERR,ERR,ERR,ERR,ERR,ERR,ERR,ERR,ERR,ERR,ERR,ERR,ERR,ERR,ERR,ERR,ERR,ERR,ERR,ERR,ERR,ERR,ERR,ERR,ERR,ERR,ERR,ERR,ERR,ERR,ERR,ERR,ERR,ERR,ERR,ERR,ERR,ERR,ERR,ERR,ERR,ERR,ERR,ERR,ERR,ERR,ERR,ERR,ERR,ERR,ERR,ERR,ERR,ERR,ERR,ERR,ERR,ERR,ERR,ERR,ERR,ERR,ERR,ERR,ERR,ERR,ERR,ERR,ERR,ERR,0.0,0.0,-134474944.0,0.0,0.0,1.3936040501711995e+18,7.805,0.0,0,0,4,0,8422,0.0,45,0.0,0.0,0.0,0.0,0.0,0,0,0,0,0.0,0,0,0,0,0,0,0,0,0,0,0,0,0,0,0,0,0,0,0,0,0,0,0,0,0,0,0,0,0,0,0,0,0,38,14,7,45,65476,0,300,0,0,8,21553,0.0,-107605600.0,0.0,0.0,0.0,0.0,0.0,0.0,0.0,0.0,0.0,0.0,0.0,0.0,0.0,0.0,0.0,0.0,0.0,0.0,0.0,0.0,2.004,2.004,-0.0,0.0,0.0,0.0,0.0,0.0,4952.0,1.5879289753249576e+29,0.0,0.0,0.0,-107615280.0,2.718429300292151e+23,0.0,0.0,0.0,0.0,53,-0.0,-0.0,0.0,0.0,0.0,0.0,0.0,0.0,0.0,0,0,0,0.0,0.0,0.0,0.0,0.0,0.0,0.0,0.0,0.0,0.0,0.0,0.0,0.0,0.0,0.0,0.0,0,-107875648.0,53,0.0,106,-107614832.0,0.0,ERR,ERR,ERR,ERR,ERR,ERR,ERR,ERR,ERR,ERR,ERR,ERR,ERR,ERR,ERR,ERR,ERR,ERR,ERR,ERR,ERR,ERR,ERR,ERR,ERR,ERR,ERR,ERR,ERR,ERR,ERR,ERR,ERR,ERR,ERR,ERR,ERR,ERR,ERR,ERR,ERR,ERR,ERR,ERR,ERR,ERR,ERR,ERR,ERR,ERR,ERR,ERR,ERR,ERR,ERR,ERR,ERR,ERR,ERR,ERR,ERR,ERR,ERR,ERR,ERR,ERR,ERR,50.0,60.0,100,0.0,0.0,0.0,0.0,0.0,0.0,0.0,0.0,0.0,0.0,0.0,0.0,0.0,0.0,0.0,0.0,61.6,73,14,65513,50,65476,0,300,0,0,8,20529,65476,0,0,26214,60.0,0.0,0.0,0.0,0.0,0.0
2026-05-17T18:47:41,ERR,ERR,ERR,ERR,ERR,ERR,ERR,ERR,ERR,ERR,ERR,ERR,ERR,ERR,ERR,ERR,ERR,ERR,ERR,ERR,ERR,ERR,ERR,ERR,ERR,ERR,ERR,ERR,ERR,ERR,ERR,ERR,ERR,ERR,ERR,ERR,ERR,ERR,ERR,ERR,ERR,ERR,ERR,ERR,ERR,ERR,ERR,ERR,ERR,ERR,ERR,ERR,ERR,ERR,ERR,ERR,ERR,ERR,ERR,ERR,ERR,ERR,ERR,ERR,ERR,ERR,ERR,ERR,ERR,ERR,ERR,ERR,ERR,ERR,ERR,ERR,ERR,ERR,ERR,ERR,ERR,ERR,ERR,ERR,ERR,ERR,ERR,ERR,ERR,ERR,ERR,ERR,ERR,ERR,ERR,ERR,ERR,ERR,ERR,ERR,ERR,ERR,ERR,ERR,ERR,ERR,ERR,ERR,ERR,ERR,ERR,ERR,ERR,ERR,ERR,ERR,ERR,ERR,ERR,ERR,ERR,ERR,ERR,ERR,ERR,0.0,0.0,-134474944.0,0.0,0.0,1.3936040501711995e+18,7.805,0.0,0,0,4,0,8422,0.0,45,0.0,0.0,0.0,0.0,0.0,0,0,0,0,0.0,0,0,0,0,0,0,0,0,0,0,0,0,0,0,0,0,0,0,0,0,0,0,0,0,0,0,0,0,0,0,0,0,0,38,14,7,45,65476,0,300,0,0,8,21553,0.0,-107605600.0,0.0,0.0,0.0,0.0,0.0,0.0,0.0,0.0,0.0,0.0,0.0,0.0,0.0,0.0,0.0,0.0,0.0,0.0,0.0,0.0,2.004,2.004,-0.0,0.0,0.0,0.0,0.0,0.0,4952.0,1.5879289753249576e+29,0.0,0.0,0.0,-107615280.0,2.718429300292151e+23,0.0,0.0,0.0,0.0,53,-0.0,-0.0,0.0,0.0,0.0,0.0,0.0,0.0,0.0,0,0,0,0.0,0.0,0.0,0.0,0.0,0.0,0.0,0.0,0.0,0.0,0.0,0.0,0.0,0.0,0.0,0.0,0,-107875648.0,53,0.0,106,-107614832.0,0.0,ERR,ERR,ERR,ERR,ERR,ERR,ERR,ERR,ERR,ERR,ERR,ERR,ERR,ERR,ERR,ERR,ERR,ERR,ERR,ERR,ERR,ERR,ERR,ERR,ERR,ERR,ERR,ERR,ERR,ERR,ERR,ERR,ERR,ERR,ERR,ERR,ERR,ERR,ERR,ERR,ERR,ERR,ERR,ERR,ERR,ERR,ERR,ERR,ERR,ERR,ERR,ERR,ERR,ERR,ERR,ERR,ERR,ERR,ERR,ERR,ERR,ERR,ERR,ERR,ERR,ERR,ERR,50.0,60.0,100,0.0,0.0,0.0,0.0,0.0,0.0,0.0,0.0,0.0,0.0,0.0,0.0,0.0,0.0,0.0,0.0,61.6,73,14,65513,50,65476,0,300,0,0,8,20529,65476,0,0,26214,60.0,0.0,0.0,0.0,0.0,0.0
2026-05-17T18:47:42,ERR,ERR,ERR,ERR,ERR,ERR,ERR,ERR,ERR,ERR,ERR,ERR,ERR,ERR,ERR,ERR,ERR,ERR,ERR,ERR,ERR,ERR,ERR,ERR,ERR,ERR,ERR,ERR,ERR,ERR,ERR,ERR,ERR,ERR,ERR,ERR,ERR,ERR,ERR,ERR,ERR,ERR,ERR,ERR,ERR,ERR,ERR,ERR,ERR,ERR,ERR,ERR,ERR,ERR,ERR,ERR,ERR,ERR,ERR,ERR,ERR,ERR,ERR,ERR,ERR,ERR,ERR,ERR,ERR,ERR,ERR,ERR,ERR,ERR,ERR,ERR,ERR,ERR,ERR,ERR,ERR,ERR,ERR,ERR,ERR,ERR,ERR,ERR,ERR,ERR,ERR,ERR,ERR,ERR,ERR,ERR,ERR,ERR,ERR,ERR,ERR,ERR,ERR,ERR,ERR,ERR,ERR,ERR,ERR,ERR,ERR,ERR,ERR,ERR,ERR,ERR,ERR,ERR,ERR,ERR,ERR,ERR,ERR,ERR,ERR,0.0,0.0,-134474944.0,0.0,0.0,1.3936040501711995e+18,7.805,0.0,0,0,4,0,8422,0.0,45,0.0,0.0,0.0,0.0,0.0,0,0,0,0,0.0,0,0,0,0,0,0,0,0,0,0,0,0,0,0,0,0,0,0,0,0,0,0,0,0,0,0,0,0,0,0,0,0,0,38,14,7,45,65476,0,300,0,0,8,21553,0.0,-107605600.0,0.0,0.0,0.0,0.0,0.0,0.0,0.0,0.0,0.0,0.0,0.0,0.0,0.0,0.0,0.0,0.0,0.0,0.0,0.0,0.0,2.004,2.004,-0.0,0.0,0.0,0.0,0.0,0.0,4952.0,1.5879289753249576e+29,0.0,0.0,0.0,-107615280.0,2.718429300292151e+23,0.0,0.0,0.0,0.0,53,-0.0,-0.0,0.0,0.0,0.0,0.0,0.0,0.0,0.0,0,0,0,0.0,0.0,0.0,0.0,0.0,0.0,0.0,0.0,0.0,0.0,0.0,0.0,0.0,0.0,0.0,0.0,0,-107875648.0,53,0.0,106,-107614832.0,0.0,ERR,ERR,ERR,ERR,ERR,ERR,ERR,ERR,ERR,ERR,ERR,ERR,ERR,ERR,ERR,ERR,ERR,ERR,ERR,ERR,ERR,ERR,ERR,ERR,ERR,ERR,ERR,ERR,ERR,ERR,ERR,ERR,ERR,ERR,ERR,ERR,ERR,ERR,ERR,ERR,ERR,ERR,ERR,ERR,ERR,ERR,ERR,ERR,ERR,ERR,ERR,ERR,ERR,ERR,ERR,ERR,ERR,ERR,ERR,ERR,ERR,ERR,ERR,ERR,ERR,ERR,ERR,50.0,60.0,100,0.0,0.0,0.0,0.0,0.0,0.0,0.0,0.0,0.0,0.0,0.0,0.0,0.0,0.0,0.0,0.0,62.0,73,14,65513,50,65476,0,300,0,0,8,20529,65476,0,0,26214,60.0,0.0,0.0,0.0,0.0,0.0
2026-05-17T18:47:43,ERR,ERR,ERR,ERR,ERR,ERR,ERR,ERR,ERR,ERR,ERR,ERR,ERR,ERR,ERR,ERR,ERR,ERR,ERR,ERR,ERR,ERR,ERR,ERR,ERR,ERR,ERR,ERR,ERR,ERR,ERR,ERR,ERR,ERR,ERR,ERR,ERR,ERR,ERR,ERR,ERR,ERR,ERR,ERR,ERR,ERR,ERR,ERR,ERR,ERR,ERR,ERR,ERR,ERR,ERR,ERR,ERR,ERR,ERR,ERR,ERR,ERR,ERR,ERR,ERR,ERR,ERR,ERR,ERR,ERR,ERR,ERR,ERR,ERR,ERR,ERR,ERR,ERR,ERR,ERR,ERR,ERR,ERR,ERR,ERR,ERR,ERR,ERR,ERR,ERR,ERR,ERR,ERR,ERR,ERR,ERR,ERR,ERR,ERR,ERR,ERR,ERR,ERR,ERR,ERR,ERR,ERR,ERR,ERR,ERR,ERR,ERR,ERR,ERR,ERR,ERR,ERR,ERR,ERR,ERR,ERR,ERR,ERR,ERR,ERR,0.0,0.0,-134474944.0,0.0,0.0,1.3936040501711995e+18,7.805,0.0,0,0,4,0,8422,0.0,45,0.0,0.0,0.0,0.0,0.0,0,0,0,0,0.0,0,0,0,0,0,0,0,0,0,0,0,0,0,0,0,0,0,0,0,0,0,0,0,0,0,0,0,0,0,0,0,0,0,38,14,7,45,65476,0,300,0,0,8,21553,0.0,-107605600.0,0.0,0.0,0.0,0.0,0.0,0.0,0.0,0.0,0.0,0.0,0.0,0.0,0.0,0.0,0.0,0.0,0.0,0.0,0.0,0.0,2.004,2.004,-0.0,0.0,0.0,0.0,0.0,0.0,4952.0,1.5879289753249576e+29,0.0,0.0,0.0,-107615280.0,2.718429300292151e+23,0.0,0.0,0.0,0.0,53,-0.0,-0.0,0.0,0.0,0.0,0.0,0.0,0.0,0.0,0,0,0,0.0,0.0,0.0,0.0,0.0,0.0,0.0,0.0,0.0,0.0,0.0,0.0,0.0,0.0,0.0,0.0,0,-107875648.0,53,0.0,106,-107614832.0,0.0,ERR,ERR,ERR,ERR,ERR,ERR,ERR,ERR,ERR,ERR,ERR,ERR,ERR,ERR,ERR,ERR,ERR,ERR,ERR,ERR,ERR,ERR,ERR,ERR,ERR,ERR,ERR,ERR,ERR,ERR,ERR,ERR,ERR,ERR,ERR,ERR,ERR,ERR,ERR,ERR,ERR,ERR,ERR,ERR,ERR,ERR,ERR,ERR,ERR,ERR,ERR,ERR,ERR,ERR,ERR,ERR,ERR,ERR,ERR,ERR,ERR,ERR,ERR,ERR,ERR,ERR,ERR,50.0,60.0,100,0.0,0.0,0.0,0.0,0.0,0.0,0.0,0.0,0.0,0.0,0.0,0.0,0.0,0.0,0.0,0.0,62.0,73,14,65513,50,65476,0,300,0,0,8,20529,65476,0,0,26214,60.0,0.0,0.0,0.0,0.0,0.0
2026-05-17T18:47:44,ERR,ERR,ERR,ERR,ERR,ERR,ERR,ERR,ERR,ERR,ERR,ERR,ERR,ERR,ERR,ERR,ERR,ERR,ERR,ERR,ERR,ERR,ERR,ERR,ERR,ERR,ERR,ERR,ERR,ERR,ERR,ERR,ERR,ERR,ERR,ERR,ERR,ERR,ERR,ERR,ERR,ERR,ERR,ERR,ERR,ERR,ERR,ERR,ERR,ERR,ERR,ERR,ERR,ERR,ERR,ERR,ERR,ERR,ERR,ERR,ERR,ERR,ERR,ERR,ERR,ERR,ERR,ERR,ERR,ERR,ERR,ERR,ERR,ERR,ERR,ERR,ERR,ERR,ERR,ERR,ERR,ERR,ERR,ERR,ERR,ERR,ERR,ERR,ERR,ERR,ERR,ERR,ERR,ERR,ERR,ERR,ERR,ERR,ERR,ERR,ERR,ERR,ERR,ERR,ERR,ERR,ERR,ERR,ERR,ERR,ERR,ERR,ERR,ERR,ERR,ERR,ERR,ERR,ERR,ERR,ERR,ERR,ERR,ERR,ERR,0.0,0.0,-134474944.0,0.0,0.0,1.3936040501711995e+18,7.805,0.0,0,0,4,0,8422,0.0,45,0.0,0.0,0.0,0.0,0.0,0,0,0,0,0.0,0,0,0,0,0,0,0,0,0,0,0,0,0,0,0,0,0,0,0,0,0,0,0,0,0,0,0,0,0,0,0,0,0,38,14,7,45,65476,0,300,0,0,8,21553,0.0,-107605600.0,0.0,0.0,0.0,0.0,0.0,0.0,0.0,0.0,0.0,0.0,0.0,0.0,0.0,0.0,0.0,0.0,0.0,0.0,0.0,0.0,2.004,2.004,-0.0,0.0,0.0,0.0,0.0,0.0,4952.0,131350.406,0.0,0.0,0.0,-107615280.0,2.718429300292151e+23,0.0,0.0,0.0,0.0,53,-0.0,5.8480544947369536e+35,0.0,0.0,0.0,0.0,0.0,0.0,0.0,0,0,0,0.0,0.0,0.0,0.0,0.0,0.0,0.0,0.0,0.0,0.0,0.0,0.0,0.0,0.0,0.0,0.0,0,-107875648.0,53,0.0,106,-107614832.0,0.0,ERR,ERR,ERR,ERR,ERR,ERR,ERR,ERR,ERR,ERR,ERR,ERR,ERR,ERR,ERR,ERR,ERR,ERR,ERR,ERR,ERR,ERR,ERR,ERR,ERR,ERR,ERR,ERR,ERR,ERR,ERR,ERR,ERR,ERR,ERR,ERR,ERR,ERR,ERR,ERR,ERR,ERR,ERR,ERR,ERR,ERR,ERR,ERR,ERR,ERR,ERR,ERR,ERR,ERR,ERR,ERR,ERR,ERR,ERR,ERR,ERR,ERR,ERR,ERR,ERR,ERR,ERR,50.0,60.0,100,0.0,0.0,0.0,0.0,0.0,0.0,0.0,0.0,0.0,0.0,0.0,0.0,0.0,0.0,0.0,0.0,61.6,73,14,65513,50,65476,0,300,0,0,8,20529,65476,0,0,26214,60.0,0.0,0.0,0.0,0.0,0.0
2026-05-17T18:47:45,ERR,ERR,ERR,ERR,ERR,ERR,ERR,ERR,ERR,ERR,ERR,ERR,ERR,ERR,ERR,ERR,ERR,ERR,ERR,ERR,ERR,ERR,ERR,ERR,ERR,ERR,ERR,ERR,ERR,ERR,ERR,ERR,ERR,ERR,ERR,ERR,ERR,ERR,ERR,ERR,ERR,ERR,ERR,ERR,ERR,ERR,ERR,ERR,ERR,ERR,ERR,ERR,ERR,ERR,ERR,ERR,ERR,ERR,ERR,ERR,ERR,ERR,ERR,ERR,ERR,ERR,ERR,ERR,ERR,ERR,ERR,ERR,ERR,ERR,ERR,ERR,ERR,ERR,ERR,ERR,ERR,ERR,ERR,ERR,ERR,ERR,ERR,ERR,ERR,ERR,ERR,ERR,ERR,ERR,ERR,ERR,ERR,ERR,ERR,ERR,ERR,ERR,ERR,ERR,ERR,ERR,ERR,ERR,ERR,ERR,ERR,ERR,ERR,ERR,ERR,ERR,ERR,ERR,ERR,ERR,ERR,ERR,ERR,ERR,ERR,0.0,0.0,-134474944.0,0.0,0.0,1.3936040501711995e+18,7.805,0.0,0,0,4,0,8422,0.0,45,0.0,0.0,0.0,0.0,0.0,0,0,0,0,0.0,0,0,0,0,0,0,0,0,0,0,0,0,0,0,0,0,0,0,0,0,0,0,0,0,0,0,0,0,0,0,0,0,0,38,14,7,45,65476,0,300,0,0,8,21553,0.0,-107605600.0,0.0,0.0,0.0,0.0,0.0,0.0,0.0,0.0,0.0,0.0,0.0,0.0,0.0,0.0,0.0,0.0,0.0,0.0,0.0,0.0,2.004,2.004,-0.0,0.0,0.0,0.0,0.0,0.0,4952.0,131350.406,0.0,0.0,0.0,-107615280.0,2.718429300292151e+23,0.0,0.0,0.0,0.0,53,-0.0,5.8480544947369536e+35,0.0,0.0,0.0,0.0,0.0,0.0,0.0,0,0,0,0.0,0.0,0.0,0.0,0.0,0.0,0.0,0.0,0.0,0.0,0.0,0.0,0.0,0.0,0.0,0.0,0,-107875648.0,53,0.0,106,-107614832.0,0.0,ERR,ERR,ERR,ERR,ERR,ERR,ERR,ERR,ERR,ERR,ERR,ERR,ERR,ERR,ERR,ERR,ERR,ERR,ERR,ERR,ERR,ERR,ERR,ERR,ERR,ERR,ERR,ERR,ERR,ERR,ERR,ERR,ERR,ERR,ERR,ERR,ERR,ERR,ERR,ERR,ERR,ERR,ERR,ERR,ERR,ERR,ERR,ERR,ERR,ERR,ERR,ERR,ERR,ERR,ERR,ERR,ERR,ERR,ERR,ERR,ERR,ERR,ERR,ERR,ERR,ERR,ERR,50.0,60.0,100,0.0,0.0,0.0,0.0,0.0,0.0,0.0,0.0,0.0,0.0,0.0,0.0,0.0,0.0,0.0,0.0,61.6,73,14,65513,50,65476,0,300,0,0,8,20529,65476,0,0,26214,60.0,0.0,0.0,0.0,0.0,0.0
2026-05-17T18:47:46,ERR,ERR,ERR,ERR,ERR,ERR,ERR,ERR,ERR,ERR,ERR,ERR,ERR,ERR,ERR,ERR,ERR,ERR,ERR,ERR,ERR,ERR,ERR,ERR,ERR,ERR,ERR,ERR,ERR,ERR,ERR,ERR,ERR,ERR,ERR,ERR,ERR,ERR,ERR,ERR,ERR,ERR,ERR,ERR,ERR,ERR,ERR,ERR,ERR,ERR,ERR,ERR,ERR,ERR,ERR,ERR,ERR,ERR,ERR,ERR,ERR,ERR,ERR,ERR,ERR,ERR,ERR,ERR,ERR,ERR,ERR,ERR,ERR,ERR,ERR,ERR,ERR,ERR,ERR,ERR,ERR,ERR,ERR,ERR,ERR,ERR,ERR,ERR,ERR,ERR,ERR,ERR,ERR,ERR,ERR,ERR,ERR,ERR,ERR,ERR,ERR,ERR,ERR,ERR,ERR,ERR,ERR,ERR,ERR,ERR,ERR,ERR,ERR,ERR,ERR,ERR,ERR,ERR,ERR,ERR,ERR,ERR,ERR,ERR,ERR,0.0,0.0,-134474944.0,0.0,0.0,1.3936040501711995e+18,7.805,0.0,0,0,4,0,8422,0.0,45,0.0,0.0,0.0,0.0,0.0,0,0,0,0,0.0,0,0,0,0,0,0,0,0,0,0,0,0,0,0,0,0,0,0,0,0,0,0,0,0,0,0,0,0,0,0,0,0,0,38,14,7,45,65476,0,300,0,0,8,21553,0.0,-107605600.0,0.0,0.0,0.0,0.0,0.0,0.0,0.0,0.0,0.0,0.0,0.0,0.0,0.0,0.0,0.0,0.0,0.0,0.0,0.0,0.0,2.004,2.004,-0.0,0.0,0.0,0.0,0.0,0.0,4952.0,131350.406,0.0,0.0,0.0,-107615280.0,2.718429300292151e+23,0.0,0.0,0.0,0.0,53,-0.0,5.8480544947369536e+35,0.0,0.0,0.0,0.0,0.0,0.0,0.0,0,0,0,0.0,0.0,0.0,0.0,0.0,0.0,0.0,0.0,0.0,0.0,0.0,0.0,0.0,0.0,0.0,0.0,0,-107875648.0,53,0.0,106,-107614832.0,0.0,ERR,ERR,ERR,ERR,ERR,ERR,ERR,ERR,ERR,ERR,ERR,ERR,ERR,ERR,ERR,ERR,ERR,ERR,ERR,ERR,ERR,ERR,ERR,ERR,ERR,ERR,ERR,ERR,ERR,ERR,ERR,ERR,ERR,ERR,ERR,ERR,ERR,ERR,ERR,ERR,ERR,ERR,ERR,ERR,ERR,ERR,ERR,ERR,ERR,ERR,ERR,ERR,ERR,ERR,ERR,ERR,ERR,ERR,ERR,ERR,ERR,ERR,ERR,ERR,ERR,ERR,ERR,50.0,60.0,100,0.0,0.0,0.0,0.0,0.0,0.0,0.0,0.0,0.0,0.0,0.0,0.0,0.0,0.0,0.0,0.0,61.6,73,14,65513,50,65476,0,300,0,0,8,20529,65476,0,0,26214,60.0,0.0,0.0,0.0,0.0,0.0
2026-05-17T18:47:47,ERR,ERR,ERR,ERR,ERR,ERR,ERR,ERR,ERR,ERR,ERR,ERR,ERR,ERR,ERR,ERR,ERR,ERR,ERR,ERR,ERR,ERR,ERR,ERR,ERR,ERR,ERR,ERR,ERR,ERR,ERR,ERR,ERR,ERR,ERR,ERR,ERR,ERR,ERR,ERR,ERR,ERR,ERR,ERR,ERR,ERR,ERR,ERR,ERR,ERR,ERR,ERR,ERR,ERR,ERR,ERR,ERR,ERR,ERR,ERR,ERR,ERR,ERR,ERR,ERR,ERR,ERR,ERR,ERR,ERR,ERR,ERR,ERR,ERR,ERR,ERR,ERR,ERR,ERR,ERR,ERR,ERR,ERR,ERR,ERR,ERR,ERR,ERR,ERR,ERR,ERR,ERR,ERR,ERR,ERR,ERR,ERR,ERR,ERR,ERR,ERR,ERR,ERR,ERR,ERR,ERR,ERR,ERR,ERR,ERR,ERR,ERR,ERR,ERR,ERR,ERR,ERR,ERR,ERR,ERR,ERR,ERR,ERR,ERR,ERR,0.0,0.0,-134474944.0,0.0,0.0,1.3936040501711995e+18,7.805,0.0,0,0,4,0,8422,0.0,45,0.0,0.0,0.0,0.0,0.0,0,0,0,0,0.0,0,0,0,0,0,0,0,0,0,0,0,0,0,0,0,0,0,0,0,0,0,0,0,0,0,0,0,0,0,0,0,0,0,38,14,7,45,65476,0,300,0,0,8,21553,0.0,-107605600.0,0.0,0.0,0.0,0.0,0.0,0.0,0.0,0.0,0.0,0.0,0.0,0.0,0.0,0.0,0.0,0.0,0.0,0.0,0.0,0.0,2.004,2.004,-0.0,0.0,0.0,0.0,0.0,0.0,4952.0,131350.406,0.0,0.0,0.0,-107615280.0,2.718429300292151e+23,0.0,0.0,0.0,0.0,53,-0.0,5.8480544947369536e+35,0.0,0.0,0.0,0.0,0.0,0.0,0.0,0,0,0,0.0,0.0,0.0,0.0,0.0,0.0,0.0,0.0,0.0,0.0,0.0,0.0,0.0,0.0,0.0,0.0,0,-107875648.0,53,0.0,106,-107614832.0,0.0,ERR,ERR,ERR,ERR,ERR,ERR,ERR,ERR,ERR,ERR,ERR,ERR,ERR,ERR,ERR,ERR,ERR,ERR,ERR,ERR,ERR,ERR,ERR,ERR,ERR,ERR,ERR,ERR,ERR,ERR,ERR,ERR,ERR,ERR,ERR,ERR,ERR,ERR,ERR,ERR,ERR,ERR,ERR,ERR,ERR,ERR,ERR,ERR,ERR,ERR,ERR,ERR,ERR,ERR,ERR,ERR,ERR,ERR,ERR,ERR,ERR,ERR,ERR,ERR,ERR,ERR,ERR,50.0,60.0,100,0.0,0.0,0.0,0.0,0.0,0.0,0.0,0.0,0.0,0.0,0.0,0.0,0.0,0.0,0.0,0.0,61.6,73,14,65513,50,65476,0,300,0,0,8,20529,65476,0,0,26214,60.0,0.0,0.0,0.0,0.0,0.0
2026-05-17T18:47:48,ERR,ERR,ERR,ERR,ERR,ERR,ERR,ERR,ERR,ERR,ERR,ERR,ERR,ERR,ERR,ERR,ERR,ERR,ERR,ERR,ERR,ERR,ERR,ERR,ERR,ERR,ERR,ERR,ERR,ERR,ERR,ERR,ERR,ERR,ERR,ERR,ERR,ERR,ERR,ERR,ERR,ERR,ERR,ERR,ERR,ERR,ERR,ERR,ERR,ERR,ERR,ERR,ERR,ERR,ERR,ERR,ERR,ERR,ERR,ERR,ERR,ERR,ERR,ERR,ERR,ERR,ERR,ERR,ERR,ERR,ERR,ERR,ERR,ERR,ERR,ERR,ERR,ERR,ERR,ERR,ERR,ERR,ERR,ERR,ERR,ERR,ERR,ERR,ERR,ERR,ERR,ERR,ERR,ERR,ERR,ERR,ERR,ERR,ERR,ERR,ERR,ERR,ERR,ERR,ERR,ERR,ERR,ERR,ERR,ERR,ERR,ERR,ERR,ERR,ERR,ERR,ERR,ERR,ERR,ERR,ERR,ERR,ERR,ERR,ERR,0.0,0.0,-134474944.0,0.0,0.0,1.3936040501711995e+18,7.805,0.0,0,0,4,0,8422,0.0,45,0.0,0.0,0.0,0.0,0.0,0,0,0,0,0.0,0,0,0,0,0,0,0,0,0,0,0,0,0,0,0,0,0,0,0,0,0,0,0,0,0,0,0,0,0,0,0,0,0,38,14,7,45,65476,0,300,0,0,8,21553,0.0,-107605600.0,0.0,0.0,0.0,0.0,0.0,0.0,0.0,0.0,0.0,0.0,0.0,0.0,0.0,0.0,0.0,0.0,0.0,0.0,0.0,0.0,2.004,2.004,-0.0,0.0,0.0,0.0,0.0,0.0,4952.0,131350.406,0.0,0.0,0.0,-107615280.0,2.718429300292151e+23,0.0,0.0,0.0,0.0,53,-0.0,5.8480544947369536e+35,0.0,0.0,0.0,0.0,0.0,0.0,0.0,0,0,0,0.0,0.0,0.0,0.0,0.0,0.0,0.0,0.0,0.0,0.0,0.0,0.0,0.0,0.0,0.0,0.0,0,-107875648.0,53,0.0,106,-107614832.0,0.0,ERR,ERR,ERR,ERR,ERR,ERR,ERR,ERR,ERR,ERR,ERR,ERR,ERR,ERR,ERR,ERR,ERR,ERR,ERR,ERR,ERR,ERR,ERR,ERR,ERR,ERR,ERR,ERR,ERR,ERR,ERR,ERR,ERR,ERR,ERR,ERR,ERR,ERR,ERR,ERR,ERR,ERR,ERR,ERR,ERR,ERR,ERR,ERR,ERR,ERR,ERR,ERR,ERR,ERR,ERR,ERR,ERR,ERR,ERR,ERR,ERR,ERR,ERR,ERR,ERR,ERR,ERR,50.0,60.0,100,0.0,0.0,0.0,0.0,0.0,0.0,0.0,0.0,0.0,0.0,0.0,0.0,0.0,0.0,0.0,0.0,61.6,73,14,65513,50,65476,0,300,0,0,8,20529,65476,0,0,26214,60.0,0.0,0.0,0.0,0.0,0.0
2026-05-17T18:47:49,ERR,ERR,ERR,ERR,ERR,ERR,ERR,ERR,ERR,ERR,ERR,ERR,ERR,ERR,ERR,ERR,ERR,ERR,ERR,ERR,ERR,ERR,ERR,ERR,ERR,ERR,ERR,ERR,ERR,ERR,ERR,ERR,ERR,ERR,ERR,ERR,ERR,ERR,ERR,ERR,ERR,ERR,ERR,ERR,ERR,ERR,ERR,ERR,ERR,ERR,ERR,ERR,ERR,ERR,ERR,ERR,ERR,ERR,ERR,ERR,ERR,ERR,ERR,ERR,ERR,ERR,ERR,ERR,ERR,ERR,ERR,ERR,ERR,ERR,ERR,ERR,ERR,ERR,ERR,ERR,ERR,ERR,ERR,ERR,ERR,ERR,ERR,ERR,ERR,ERR,ERR,ERR,ERR,ERR,ERR,ERR,ERR,ERR,ERR,ERR,ERR,ERR,ERR,ERR,ERR,ERR,ERR,ERR,ERR,ERR,ERR,ERR,ERR,ERR,ERR,ERR,ERR,ERR,ERR,ERR,ERR,ERR,ERR,ERR,ERR,0.0,0.0,-134474944.0,0.0,0.0,1.3936040501711995e+18,7.805,0.0,0,0,4,0,8422,0.0,45,0.0,0.0,0.0,0.0,0.0,0,0,0,0,0.0,0,0,0,0,0,0,0,0,0,0,0,0,0,0,0,0,0,0,0,0,0,0,0,0,0,0,0,0,0,0,0,0,0,38,14,7,45,65476,0,300,0,0,8,21553,0.0,-107605600.0,0.0,0.0,0.0,0.0,0.0,0.0,0.0,0.0,0.0,0.0,0.0,0.0,0.0,0.0,0.0,0.0,0.0,0.0,0.0,0.0,2.004,2.004,-0.0,0.0,0.0,0.0,0.0,0.0,4950.0,0.0,0.0,0.0,0.0,-107615280.0,2.718429300292151e+23,0.0,0.0,0.0,0.0,53,-0.0,0.0,0.0,0.0,0.0,0.0,0.0,0.0,0.0,0,0,0,0.0,0.0,0.0,0.0,0.0,0.0,0.0,0.0,0.0,0.0,0.0,0.0,0.0,0.0,0.0,0.0,0,-107875648.0,53,0.0,106,-107614832.0,0.0,ERR,ERR,ERR,ERR,ERR,ERR,ERR,ERR,ERR,ERR,ERR,ERR,ERR,ERR,ERR,ERR,ERR,ERR,ERR,ERR,ERR,ERR,ERR,ERR,ERR,ERR,ERR,ERR,ERR,ERR,ERR,ERR,ERR,ERR,ERR,ERR,ERR,ERR,ERR,ERR,ERR,ERR,ERR,ERR,ERR,ERR,ERR,ERR,ERR,ERR,ERR,ERR,ERR,ERR,ERR,ERR,ERR,ERR,ERR,ERR,ERR,ERR,ERR,ERR,ERR,ERR,ERR,50.0,60.0,100,0.0,0.0,0.0,0.0,0.0,0.0,0.0,0.0,0.0,0.0,0.0,0.0,0.0,0.0,0.0,0.0,61.6,73,14,65513,50,65476,0,300,0,0,8,20529,65476,0,0,26214,60.0,0.0,0.0,0.0,0.0,0.0
2026-05-17T18:47:50,ERR,ERR,ERR,ERR,ERR,ERR,ERR,ERR,ERR,ERR,ERR,ERR,ERR,ERR,ERR,ERR,ERR,ERR,ERR,ERR,ERR,ERR,ERR,ERR,ERR,ERR,ERR,ERR,ERR,ERR,ERR,ERR,ERR,ERR,ERR,ERR,ERR,ERR,ERR,ERR,ERR,ERR,ERR,ERR,ERR,ERR,ERR,ERR,ERR,ERR,ERR,ERR,ERR,ERR,ERR,ERR,ERR,ERR,ERR,ERR,ERR,ERR,ERR,ERR,ERR,ERR,ERR,ERR,ERR,ERR,ERR,ERR,ERR,ERR,ERR,ERR,ERR,ERR,ERR,ERR,ERR,ERR,ERR,ERR,ERR,ERR,ERR,ERR,ERR,ERR,ERR,ERR,ERR,ERR,ERR,ERR,ERR,ERR,ERR,ERR,ERR,ERR,ERR,ERR,ERR,ERR,ERR,ERR,ERR,ERR,ERR,ERR,ERR,ERR,ERR,ERR,ERR,ERR,ERR,ERR,ERR,ERR,ERR,ERR,ERR,0.0,0.0,-134474944.0,0.0,0.0,1.3936040501711995e+18,7.805,0.0,0,0,4,0,8422,0.0,45,0.0,0.0,0.0,0.0,0.0,0,0,0,0,0.0,0,0,0,0,0,0,0,0,0,0,0,0,0,0,0,0,0,0,0,0,0,0,0,0,0,0,0,0,0,0,0,0,0,38,14,7,45,65476,0,300,0,0,8,21553,0.0,-107605600.0,0.0,0.0,0.0,0.0,0.0,0.0,0.0,0.0,0.0,0.0,0.0,0.0,0.0,0.0,0.0,0.0,0.0,0.0,0.0,0.0,2.004,2.004,-0.0,0.0,0.0,0.0,0.0,0.0,4950.0,0.0,0.0,0.0,0.0,-107615280.0,2.718429300292151e+23,0.0,0.0,0.0,0.0,53,-0.0,0.0,0.0,0.0,0.0,0.0,0.0,0.0,0.0,0,0,0,0.0,0.0,0.0,0.0,0.0,0.0,0.0,0.0,0.0,0.0,0.0,0.0,0.0,0.0,0.0,0.0,0,-107875648.0,53,0.0,106,-107614832.0,0.0,ERR,ERR,ERR,ERR,ERR,ERR,ERR,ERR,ERR,ERR,ERR,ERR,ERR,ERR,ERR,ERR,ERR,ERR,ERR,ERR,ERR,ERR,ERR,ERR,ERR,ERR,ERR,ERR,ERR,ERR,ERR,ERR,ERR,ERR,ERR,ERR,ERR,ERR,ERR,ERR,ERR,ERR,ERR,ERR,ERR,ERR,ERR,ERR,ERR,ERR,ERR,ERR,ERR,ERR,ERR,ERR,ERR,ERR,ERR,ERR,ERR,ERR,ERR,ERR,ERR,ERR,ERR,50.0,60.0,100,0.0,0.0,0.0,0.0,0.0,0.0,0.0,0.0,0.0,0.0,0.0,0.0,0.0,0.0,0.0,0.0,61.6,73,14,65513,50,65476,0,300,0,0,8,20529,65476,0,0,26214,60.0,0.0,0.0,0.0,0.0,0.0
2026-05-17T18:47:51,ERR,ERR,ERR,ERR,ERR,ERR,ERR,ERR,ERR,ERR,ERR,ERR,ERR,ERR,ERR,ERR,ERR,ERR,ERR,ERR,ERR,ERR,ERR,ERR,ERR,ERR,ERR,ERR,ERR,ERR,ERR,ERR,ERR,ERR,ERR,ERR,ERR,ERR,ERR,ERR,ERR,ERR,ERR,ERR,ERR,ERR,ERR,ERR,ERR,ERR,ERR,ERR,ERR,ERR,ERR,ERR,ERR,ERR,ERR,ERR,ERR,ERR,ERR,ERR,ERR,ERR,ERR,ERR,ERR,ERR,ERR,ERR,ERR,ERR,ERR,ERR,ERR,ERR,ERR,ERR,ERR,ERR,ERR,ERR,ERR,ERR,ERR,ERR,ERR,ERR,ERR,ERR,ERR,ERR,ERR,ERR,ERR,ERR,ERR,ERR,ERR,ERR,ERR,ERR,ERR,ERR,ERR,ERR,ERR,ERR,ERR,ERR,ERR,ERR,ERR,ERR,ERR,ERR,ERR,ERR,ERR,ERR,ERR,ERR,ERR,0.0,0.0,-134474944.0,0.0,0.0,1.3936040501711995e+18,7.805,0.0,0,0,4,0,8422,0.0,45,0.0,0.0,0.0,0.0,0.0,0,0,0,0,0.0,0,0,0,0,0,0,0,0,0,0,0,0,0,0,0,0,0,0,0,0,0,0,0,0,0,0,0,0,0,0,0,0,0,38,14,7,45,65476,0,300,0,0,8,21553,0.0,-107605600.0,0.0,0.0,0.0,0.0,0.0,0.0,0.0,0.0,0.0,0.0,0.0,0.0,0.0,0.0,0.0,0.0,0.0,0.0,0.0,0.0,2.004,2.004,-0.0,0.0,0.0,0.0,0.0,0.0,4950.0,0.0,0.0,0.0,0.0,-107615280.0,2.718429300292151e+23,0.0,0.0,0.0,0.0,53,-0.0,0.0,0.0,0.0,0.0,0.0,0.0,0.0,0.0,0,0,0,0.0,0.0,0.0,0.0,0.0,0.0,0.0,0.0,0.0,0.0,0.0,0.0,0.0,0.0,0.0,0.0,0,-107875648.0,53,0.0,106,-107614832.0,0.0,ERR,ERR,ERR,ERR,ERR,ERR,ERR,ERR,ERR,ERR,ERR,ERR,ERR,ERR,ERR,ERR,ERR,ERR,ERR,ERR,ERR,ERR,ERR,ERR,ERR,ERR,ERR,ERR,ERR,ERR,ERR,ERR,ERR,ERR,ERR,ERR,ERR,ERR,ERR,ERR,ERR,ERR,ERR,ERR,ERR,ERR,ERR,ERR,ERR,ERR,ERR,ERR,ERR,ERR,ERR,ERR,ERR,ERR,ERR,ERR,ERR,ERR,ERR,ERR,ERR,ERR,ERR,50.0,60.0,100,0.0,0.0,0.0,0.0,0.0,0.0,0.0,0.0,0.0,0.0,0.0,0.0,0.0,0.0,0.0,0.0,62.0,73,14,65513,50,65476,0,300,0,0,8,20529,65476,0,0,26214,60.0,0.0,0.0,0.0,0.0,0.0
2026-05-17T18:47:52,ERR,ERR,ERR,ERR,ERR,ERR,ERR,ERR,ERR,ERR,ERR,ERR,ERR,ERR,ERR,ERR,ERR,ERR,ERR,ERR,ERR,ERR,ERR,ERR,ERR,ERR,ERR,ERR,ERR,ERR,ERR,ERR,ERR,ERR,ERR,ERR,ERR,ERR,ERR,ERR,ERR,ERR,ERR,ERR,ERR,ERR,ERR,ERR,ERR,ERR,ERR,ERR,ERR,ERR,ERR,ERR,ERR,ERR,ERR,ERR,ERR,ERR,ERR,ERR,ERR,ERR,ERR,ERR,ERR,ERR,ERR,ERR,ERR,ERR,ERR,ERR,ERR,ERR,ERR,ERR,ERR,ERR,ERR,ERR,ERR,ERR,ERR,ERR,ERR,ERR,ERR,ERR,ERR,ERR,ERR,ERR,ERR,ERR,ERR,ERR,ERR,ERR,ERR,ERR,ERR,ERR,ERR,ERR,ERR,ERR,ERR,ERR,ERR,ERR,ERR,ERR,ERR,ERR,ERR,ERR,ERR,ERR,ERR,ERR,ERR,0.0,0.0,-134474944.0,0.0,0.0,1.3936040501711995e+18,7.805,0.0,0,0,4,0,8422,0.0,45,0.0,0.0,0.0,0.0,0.0,0,0,0,0,0.0,0,0,0,0,0,0,0,0,0,0,0,0,0,0,0,0,0,0,0,0,0,0,0,0,0,0,0,0,0,0,0,0,0,38,14,7,45,65476,0,300,0,0,8,21553,0.0,-107605600.0,0.0,0.0,0.0,0.0,0.0,0.0,0.0,0.0,0.0,0.0,0.0,0.0,0.0,0.0,0.0,0.0,0.0,0.0,0.0,0.0,2.004,2.004,-0.0,0.0,0.0,0.0,0.0,0.0,4950.0,0.0,0.0,0.0,0.0,-107615280.0,2.718429300292151e+23,0.0,0.0,0.0,0.0,53,-0.0,0.0,0.0,0.0,0.0,0.0,0.0,0.0,0.0,0,0,0,0.0,0.0,0.0,0.0,0.0,0.0,0.0,0.0,0.0,0.0,0.0,0.0,0.0,0.0,0.0,0.0,0,-107875648.0,53,0.0,106,-107614832.0,0.0,ERR,ERR,ERR,ERR,ERR,ERR,ERR,ERR,ERR,ERR,ERR,ERR,ERR,ERR,ERR,ERR,ERR,ERR,ERR,ERR,ERR,ERR,ERR,ERR,ERR,ERR,ERR,ERR,ERR,ERR,ERR,ERR,ERR,ERR,ERR,ERR,ERR,ERR,ERR,ERR,ERR,ERR,ERR,ERR,ERR,ERR,ERR,ERR,ERR,ERR,ERR,ERR,ERR,ERR,ERR,ERR,ERR,ERR,ERR,ERR,ERR,ERR,ERR,ERR,ERR,ERR,ERR,50.0,60.0,100,0.0,0.0,0.0,0.0,0.0,0.0,0.0,0.0,0.0,0.0,0.0,0.0,0.0,0.0,0.0,0.0,62.0,73,14,65513,50,65476,0,300,0,0,8,20529,65476,0,0,26214,60.0,0.0,0.0,0.0,0.0,0.0
2026-05-17T18:47:53,ERR,ERR,ERR,ERR,ERR,ERR,ERR,ERR,ERR,ERR,ERR,ERR,ERR,ERR,ERR,ERR,ERR,ERR,ERR,ERR,ERR,ERR,ERR,ERR,ERR,ERR,ERR,ERR,ERR,ERR,ERR,ERR,ERR,ERR,ERR,ERR,ERR,ERR,ERR,ERR,ERR,ERR,ERR,ERR,ERR,ERR,ERR,ERR,ERR,ERR,ERR,ERR,ERR,ERR,ERR,ERR,ERR,ERR,ERR,ERR,ERR,ERR,ERR,ERR,ERR,ERR,ERR,ERR,ERR,ERR,ERR,ERR,ERR,ERR,ERR,ERR,ERR,ERR,ERR,ERR,ERR,ERR,ERR,ERR,ERR,ERR,ERR,ERR,ERR,ERR,ERR,ERR,ERR,ERR,ERR,ERR,ERR,ERR,ERR,ERR,ERR,ERR,ERR,ERR,ERR,ERR,ERR,ERR,ERR,ERR,ERR,ERR,ERR,ERR,ERR,ERR,ERR,ERR,ERR,ERR,ERR,ERR,ERR,ERR,ERR,0.0,0.0,-134474944.0,0.0,0.0,1.3936040501711995e+18,7.805,0.0,0,0,4,0,8422,0.0,45,0.0,0.0,0.0,0.0,0.0,0,0,0,0,0.0,0,0,0,0,0,0,0,0,0,0,0,0,0,0,0,0,0,0,0,0,0,0,0,0,0,0,0,0,0,0,0,0,0,38,14,7,45,65476,0,300,0,0,8,21553,0.0,-107605600.0,0.0,0.0,0.0,0.0,0.0,0.0,0.0,0.0,0.0,0.0,0.0,0.0,0.0,0.0,0.0,0.0,0.0,0.0,0.0,0.0,2.004,2.004,-0.0,0.0,0.0,0.0,0.0,0.0,4950.0,0.0,0.0,0.0,0.0,-107615280.0,2.718429300292151e+23,0.0,0.0,0.0,0.0,53,-0.0,0.0,0.0,0.0,0.0,0.0,0.0,0.0,0.0,0,0,0,0.0,0.0,0.0,0.0,0.0,0.0,0.0,0.0,0.0,0.0,0.0,0.0,0.0,0.0,0.0,0.0,0,-107875648.0,53,0.0,106,-107614832.0,0.0,ERR,ERR,ERR,ERR,ERR,ERR,ERR,ERR,ERR,ERR,ERR,ERR,ERR,ERR,ERR,ERR,ERR,ERR,ERR,ERR,ERR,ERR,ERR,ERR,ERR,ERR,ERR,ERR,ERR,ERR,ERR,ERR,ERR,ERR,ERR,ERR,ERR,ERR,ERR,ERR,ERR,ERR,ERR,ERR,ERR,ERR,ERR,ERR,ERR,ERR,ERR,ERR,ERR,ERR,ERR,ERR,ERR,ERR,ERR,ERR,ERR,ERR,ERR,ERR,ERR,ERR,ERR,50.0,60.0,100,0.0,0.0,0.0,0.0,0.0,0.0,0.0,0.0,0.0,0.0,0.0,0.0,0.0,0.0,0.0,0.0,62.0,73,14,65513,50,65476,0,300,0,0,8,20529,65476,0,0,26214,60.0,0.0,0.0,0.0,0.0,0.0
2026-05-17T18:47:54,ERR,ERR,ERR,ERR,ERR,ERR,ERR,ERR,ERR,ERR,ERR,ERR,ERR,ERR,ERR,ERR,ERR,ERR,ERR,ERR,ERR,ERR,ERR,ERR,ERR,ERR,ERR,ERR,ERR,ERR,ERR,ERR,ERR,ERR,ERR,ERR,ERR,ERR,ERR,ERR,ERR,ERR,ERR,ERR,ERR,ERR,ERR,ERR,ERR,ERR,ERR,ERR,ERR,ERR,ERR,ERR,ERR,ERR,ERR,ERR,ERR,ERR,ERR,ERR,ERR,ERR,ERR,ERR,ERR,ERR,ERR,ERR,ERR,ERR,ERR,ERR,ERR,ERR,ERR,ERR,ERR,ERR,ERR,ERR,ERR,ERR,ERR,ERR,ERR,ERR,ERR,ERR,ERR,ERR,ERR,ERR,ERR,ERR,ERR,ERR,ERR,ERR,ERR,ERR,ERR,ERR,ERR,ERR,ERR,ERR,ERR,ERR,ERR,ERR,ERR,ERR,ERR,ERR,ERR,ERR,ERR,ERR,ERR,ERR,ERR,0.0,0.0,-134474944.0,0.0,0.0,1.3936040501711995e+18,7.805,0.0,0,0,4,0,8422,0.0,45,0.0,0.0,0.0,0.0,0.0,0,0,0,0,0.0,0,0,0,0,0,0,0,0,0,0,0,0,0,0,0,0,0,0,0,0,0,0,0,0,0,0,0,0,0,0,0,0,0,38,14,7,45,65476,0,300,0,0,8,21553,0.0,-107605600.0,0.0,0.0,0.0,0.0,0.0,0.0,0.0,0.0,0.0,0.0,0.0,0.0,0.0,0.0,0.0,0.0,0.0,0.0,0.0,0.0,2.004,2.004,-0.0,0.0,0.0,0.0,0.0,0.0,4917.0,-1.0406650094749603e+34,0.0,0.0,0.0,-107615280.0,2.718429300292151e+23,0.0,0.0,0.0,0.0,53,-0.0,0.0,0.0,0.0,0.0,0.0,0.0,0.0,0.0,0,0,0,0.0,0.0,0.0,0.0,0.0,0.0,0.0,0.0,0.0,0.0,0.0,0.0,0.0,0.0,0.0,0.0,0,-107875648.0,53,0.0,106,-107614832.0,0.0,ERR,ERR,ERR,ERR,ERR,ERR,ERR,ERR,ERR,ERR,ERR,ERR,ERR,ERR,ERR,ERR,ERR,ERR,ERR,ERR,ERR,ERR,ERR,ERR,ERR,ERR,ERR,ERR,ERR,ERR,ERR,ERR,ERR,ERR,ERR,ERR,ERR,ERR,ERR,ERR,ERR,ERR,ERR,ERR,ERR,ERR,ERR,ERR,ERR,ERR,ERR,ERR,ERR,ERR,ERR,ERR,ERR,ERR,ERR,ERR,ERR,ERR,ERR,ERR,ERR,ERR,ERR,50.0,60.0,100,0.0,0.0,0.0,0.0,0.0,0.0,0.0,0.0,0.0,0.0,0.0,0.0,0.0,0.0,0.0,0.0,61.6,73,14,65513,50,65476,0,300,0,0,8,20529,65476,0,0,26214,60.0,0.0,0.0,0.0,0.0,0.0
2026-05-17T18:47:55,ERR,ERR,ERR,ERR,ERR,ERR,ERR,ERR,ERR,ERR,ERR,ERR,ERR,ERR,ERR,ERR,ERR,ERR,ERR,ERR,ERR,ERR,ERR,ERR,ERR,ERR,ERR,ERR,ERR,ERR,ERR,ERR,ERR,ERR,ERR,ERR,ERR,ERR,ERR,ERR,ERR,ERR,ERR,ERR,ERR,ERR,ERR,ERR,ERR,ERR,ERR,ERR,ERR,ERR,ERR,ERR,ERR,ERR,ERR,ERR,ERR,ERR,ERR,ERR,ERR,ERR,ERR,ERR,ERR,ERR,ERR,ERR,ERR,ERR,ERR,ERR,ERR,ERR,ERR,ERR,ERR,ERR,ERR,ERR,ERR,ERR,ERR,ERR,ERR,ERR,ERR,ERR,ERR,ERR,ERR,ERR,ERR,ERR,ERR,ERR,ERR,ERR,ERR,ERR,ERR,ERR,ERR,ERR,ERR,ERR,ERR,ERR,ERR,ERR,ERR,ERR,ERR,ERR,ERR,ERR,ERR,ERR,ERR,ERR,ERR,0.0,0.0,-134474944.0,0.0,0.0,1.3936040501711995e+18,7.805,0.0,0,0,4,0,8422,0.0,45,0.0,0.0,0.0,0.0,0.0,0,0,0,0,0.0,0,0,0,0,0,0,0,0,0,0,0,0,0,0,0,0,0,0,0,0,0,0,0,0,0,0,0,0,0,0,0,0,0,38,14,7,45,65476,0,300,0,0,8,21553,0.0,-107605600.0,0.0,0.0,0.0,0.0,0.0,0.0,0.0,0.0,0.0,0.0,0.0,0.0,0.0,0.0,0.0,0.0,0.0,0.0,0.0,0.0,2.004,2.004,-0.0,0.0,0.0,0.0,0.0,0.0,4917.0,-1.0406650094749603e+34,0.0,0.0,0.0,-107615280.0,2.718429300292151e+23,0.0,0.0,0.0,0.0,53,-0.0,0.0,0.0,0.0,0.0,0.0,0.0,0.0,0.0,0,0,0,0.0,0.0,0.0,0.0,0.0,0.0,0.0,0.0,0.0,0.0,0.0,0.0,0.0,0.0,0.0,0.0,0,-107875648.0,53,0.0,106,-107614832.0,0.0,ERR,ERR,ERR,ERR,ERR,ERR,ERR,ERR,ERR,ERR,ERR,ERR,ERR,ERR,ERR,ERR,ERR,ERR,ERR,ERR,ERR,ERR,ERR,ERR,ERR,ERR,ERR,ERR,ERR,ERR,ERR,ERR,ERR,ERR,ERR,ERR,ERR,ERR,ERR,ERR,ERR,ERR,ERR,ERR,ERR,ERR,ERR,ERR,ERR,ERR,ERR,ERR,ERR,ERR,ERR,ERR,ERR,ERR,ERR,ERR,ERR,ERR,ERR,ERR,ERR,ERR,ERR,50.0,60.0,100,0.0,0.0,0.0,0.0,0.0,0.0,0.0,0.0,0.0,0.0,0.0,0.0,0.0,0.0,0.0,0.0,61.6,73,14,65513,50,65476,0,300,0,0,8,20529,65476,0,0,26214,60.0,0.0,0.0,0.0,0.0,0.0
2026-05-17T18:47:56,ERR,ERR,ERR,ERR,ERR,ERR,ERR,ERR,ERR,ERR,ERR,ERR,ERR,ERR,ERR,ERR,ERR,ERR,ERR,ERR,ERR,ERR,ERR,ERR,ERR,ERR,ERR,ERR,ERR,ERR,ERR,ERR,ERR,ERR,ERR,ERR,ERR,ERR,ERR,ERR,ERR,ERR,ERR,ERR,ERR,ERR,ERR,ERR,ERR,ERR,ERR,ERR,ERR,ERR,ERR,ERR,ERR,ERR,ERR,ERR,ERR,ERR,ERR,ERR,ERR,ERR,ERR,ERR,ERR,ERR,ERR,ERR,ERR,ERR,ERR,ERR,ERR,ERR,ERR,ERR,ERR,ERR,ERR,ERR,ERR,ERR,ERR,ERR,ERR,ERR,ERR,ERR,ERR,ERR,ERR,ERR,ERR,ERR,ERR,ERR,ERR,ERR,ERR,ERR,ERR,ERR,ERR,ERR,ERR,ERR,ERR,ERR,ERR,ERR,ERR,ERR,ERR,ERR,ERR,ERR,ERR,ERR,ERR,ERR,ERR,0.0,0.0,-134474944.0,0.0,0.0,1.3936040501711995e+18,7.805,0.0,0,0,4,0,8422,0.0,45,0.0,0.0,0.0,0.0,0.0,0,0,0,0,0.0,0,0,0,0,0,0,0,0,0,0,0,0,0,0,0,0,0,0,0,0,0,0,0,0,0,0,0,0,0,0,0,0,0,38,14,7,45,65476,0,300,0,0,8,21553,0.0,-107605600.0,0.0,0.0,0.0,0.0,0.0,0.0,0.0,0.0,0.0,0.0,0.0,0.0,0.0,0.0,0.0,0.0,0.0,0.0,0.0,0.0,2.004,2.004,-0.0,0.0,0.0,0.0,0.0,0.0,4917.0,-1.0406650094749603e+34,0.0,0.0,0.0,-107615280.0,2.718429300292151e+23,0.0,0.0,0.0,0.0,53,-0.0,0.0,0.0,0.0,0.0,0.0,0.0,0.0,0.0,0,0,0,0.0,0.0,0.0,0.0,0.0,0.0,0.0,0.0,0.0,0.0,0.0,0.0,0.0,0.0,0.0,0.0,0,-107875648.0,53,0.0,106,-107614832.0,0.0,ERR,ERR,ERR,ERR,ERR,ERR,ERR,ERR,ERR,ERR,ERR,ERR,ERR,ERR,ERR,ERR,ERR,ERR,ERR,ERR,ERR,ERR,ERR,ERR,ERR,ERR,ERR,ERR,ERR,ERR,ERR,ERR,ERR,ERR,ERR,ERR,ERR,ERR,ERR,ERR,ERR,ERR,ERR,ERR,ERR,ERR,ERR,ERR,ERR,ERR,ERR,ERR,ERR,ERR,ERR,ERR,ERR,ERR,ERR,ERR,ERR,ERR,ERR,ERR,ERR,ERR,ERR,50.0,60.0,100,0.0,0.0,0.0,0.0,0.0,0.0,0.0,0.0,0.0,0.0,0.0,0.0,0.0,0.0,0.0,0.0,61.6,73,14,65513,50,65476,0,300,0,0,8,20529,65476,0,0,26214,60.0,0.0,0.0,0.0,0.0,0.0
2026-05-17T18:47:57,ERR,ERR,ERR,ERR,ERR,ERR,ERR,ERR,ERR,ERR,ERR,ERR,ERR,ERR,ERR,ERR,ERR,ERR,ERR,ERR,ERR,ERR,ERR,ERR,ERR,ERR,ERR,ERR,ERR,ERR,ERR,ERR,ERR,ERR,ERR,ERR,ERR,ERR,ERR,ERR,ERR,ERR,ERR,ERR,ERR,ERR,ERR,ERR,ERR,ERR,ERR,ERR,ERR,ERR,ERR,ERR,ERR,ERR,ERR,ERR,ERR,ERR,ERR,ERR,ERR,ERR,ERR,ERR,ERR,ERR,ERR,ERR,ERR,ERR,ERR,ERR,ERR,ERR,ERR,ERR,ERR,ERR,ERR,ERR,ERR,ERR,ERR,ERR,ERR,ERR,ERR,ERR,ERR,ERR,ERR,ERR,ERR,ERR,ERR,ERR,ERR,ERR,ERR,ERR,ERR,ERR,ERR,ERR,ERR,ERR,ERR,ERR,ERR,ERR,ERR,ERR,ERR,ERR,ERR,ERR,ERR,ERR,ERR,ERR,ERR,0.0,0.0,-134474944.0,0.0,0.0,1.3936040501711995e+18,7.805,0.0,0,0,4,0,8422,0.0,45,0.0,0.0,0.0,0.0,0.0,0,0,0,0,0.0,0,0,0,0,0,0,0,0,0,0,0,0,0,0,0,0,0,0,0,0,0,0,0,0,0,0,0,0,0,0,0,0,0,38,14,7,45,65476,0,300,0,0,8,21553,0.0,-107605600.0,0.0,0.0,0.0,0.0,0.0,0.0,0.0,0.0,0.0,0.0,0.0,0.0,0.0,0.0,0.0,0.0,0.0,0.0,0.0,0.0,2.004,2.004,-0.0,0.0,0.0,0.0,0.0,0.0,4917.0,-1.0406650094749603e+34,0.0,0.0,0.0,-107615280.0,2.718429300292151e+23,0.0,0.0,0.0,0.0,53,-0.0,0.0,0.0,0.0,0.0,0.0,0.0,0.0,0.0,0,0,0,0.0,0.0,0.0,0.0,0.0,0.0,0.0,0.0,0.0,0.0,0.0,0.0,0.0,0.0,0.0,0.0,0,-107875648.0,53,0.0,106,-107614832.0,0.0,ERR,ERR,ERR,ERR,ERR,ERR,ERR,ERR,ERR,ERR,ERR,ERR,ERR,ERR,ERR,ERR,ERR,ERR,ERR,ERR,ERR,ERR,ERR,ERR,ERR,ERR,ERR,ERR,ERR,ERR,ERR,ERR,ERR,ERR,ERR,ERR,ERR,ERR,ERR,ERR,ERR,ERR,ERR,ERR,ERR,ERR,ERR,ERR,ERR,ERR,ERR,ERR,ERR,ERR,ERR,ERR,ERR,ERR,ERR,ERR,ERR,ERR,ERR,ERR,ERR,ERR,ERR,50.0,60.0,100,0.0,0.0,0.0,0.0,0.0,0.0,0.0,0.0,0.0,0.0,0.0,0.0,0.0,0.0,0.0,0.0,61.6,73,14,65513,50,65476,0,300,0,0,8,20529,65476,0,0,26214,60.0,0.0,0.0,0.0,0.0,0.0
2026-05-17T18:47:58,ERR,ERR,ERR,ERR,ERR,ERR,ERR,ERR,ERR,ERR,ERR,ERR,ERR,ERR,ERR,ERR,ERR,ERR,ERR,ERR,ERR,ERR,ERR,ERR,ERR,ERR,ERR,ERR,ERR,ERR,ERR,ERR,ERR,ERR,ERR,ERR,ERR,ERR,ERR,ERR,ERR,ERR,ERR,ERR,ERR,ERR,ERR,ERR,ERR,ERR,ERR,ERR,ERR,ERR,ERR,ERR,ERR,ERR,ERR,ERR,ERR,ERR,ERR,ERR,ERR,ERR,ERR,ERR,ERR,ERR,ERR,ERR,ERR,ERR,ERR,ERR,ERR,ERR,ERR,ERR,ERR,ERR,ERR,ERR,ERR,ERR,ERR,ERR,ERR,ERR,ERR,ERR,ERR,ERR,ERR,ERR,ERR,ERR,ERR,ERR,ERR,ERR,ERR,ERR,ERR,ERR,ERR,ERR,ERR,ERR,ERR,ERR,ERR,ERR,ERR,ERR,ERR,ERR,ERR,ERR,ERR,ERR,ERR,ERR,ERR,0.0,0.0,-134474944.0,0.0,0.0,1.3936040501711995e+18,7.805,0.0,0,0,4,0,8422,0.0,45,0.0,0.0,0.0,0.0,0.0,0,0,0,0,0.0,0,0,0,0,0,0,0,0,0,0,0,0,0,0,0,0,0,0,0,0,0,0,0,0,0,0,0,0,0,0,0,0,0,38,14,7,45,65476,0,300,0,0,8,21553,0.0,-107605600.0,0.0,0.0,0.0,0.0,0.0,0.0,0.0,0.0,0.0,0.0,0.0,0.0,0.0,0.0,0.0,0.0,0.0,0.0,0.0,0.0,2.004,2.004,-0.0,0.0,0.0,0.0,0.0,0.0,4917.0,-1.0406650094749603e+34,0.0,0.0,0.0,-107615280.0,2.718429300292151e+23,0.0,0.0,0.0,0.0,53,-0.0,0.0,0.0,0.0,0.0,0.0,0.0,0.0,0.0,0,0,0,0.0,0.0,0.0,0.0,0.0,0.0,0.0,0.0,0.0,0.0,0.0,0.0,0.0,0.0,0.0,0.0,0,-107875648.0,53,0.0,106,-107614832.0,0.0,ERR,ERR,ERR,ERR,ERR,ERR,ERR,ERR,ERR,ERR,ERR,ERR,ERR,ERR,ERR,ERR,ERR,ERR,ERR,ERR,ERR,ERR,ERR,ERR,ERR,ERR,ERR,ERR,ERR,ERR,ERR,ERR,ERR,ERR,ERR,ERR,ERR,ERR,ERR,ERR,ERR,ERR,ERR,ERR,ERR,ERR,ERR,ERR,ERR,ERR,ERR,ERR,ERR,ERR,ERR,ERR,ERR,ERR,ERR,ERR,ERR,ERR,ERR,ERR,ERR,ERR,ERR,50.0,60.0,100,0.0,0.0,0.0,0.0,0.0,0.0,0.0,0.0,0.0,0.0,0.0,0.0,0.0,0.0,0.0,0.0,61.6,73,14,65513,50,65476,0,300,0,0,8,20529,65476,0,0,26214,60.0,0.0,0.0,0.0,0.0,0.0
2026-05-17T18:47:59,ERR,ERR,ERR,ERR,ERR,ERR,ERR,ERR,ERR,ERR,ERR,ERR,ERR,ERR,ERR,ERR,ERR,ERR,ERR,ERR,ERR,ERR,ERR,ERR,ERR,ERR,ERR,ERR,ERR,ERR,ERR,ERR,ERR,ERR,ERR,ERR,ERR,ERR,ERR,ERR,ERR,ERR,ERR,ERR,ERR,ERR,ERR,ERR,ERR,ERR,ERR,ERR,ERR,ERR,ERR,ERR,ERR,ERR,ERR,ERR,ERR,ERR,ERR,ERR,ERR,ERR,ERR,ERR,ERR,ERR,ERR,ERR,ERR,ERR,ERR,ERR,ERR,ERR,ERR,ERR,ERR,ERR,ERR,ERR,ERR,ERR,ERR,ERR,ERR,ERR,ERR,ERR,ERR,ERR,ERR,ERR,ERR,ERR,ERR,ERR,ERR,ERR,ERR,ERR,ERR,ERR,ERR,ERR,ERR,ERR,ERR,ERR,ERR,ERR,ERR,ERR,ERR,ERR,ERR,ERR,ERR,ERR,ERR,ERR,ERR,0.0,0.0,-134474944.0,0.0,0.0,1.3936040501711995e+18,7.805,0.0,0,0,4,0,8422,0.0,45,0.0,0.0,0.0,0.0,0.0,0,0,0,0,0.0,0,0,0,0,0,0,0,0,0,0,0,0,0,0,0,0,0,0,0,0,0,0,0,0,0,0,0,0,0,0,0,0,0,38,14,7,45,65476,0,300,0,0,8,21553,0.0,-107605600.0,0.0,0.0,0.0,0.0,0.0,0.0,0.0,0.0,0.0,0.0,0.0,0.0,0.0,0.0,0.0,0.0,0.0,0.0,0.0,0.0,2.004,2.004,-0.0,0.0,0.0,0.0,0.0,0.0,4919.0,-1.0406650094749603e+34,0.0,0.0,0.0,-107615280.0,2.718429300292151e+23,0.0,0.0,0.0,0.0,53,-0.0,0.0,0.0,0.0,0.0,0.0,0.0,0.0,0.0,0,0,0,0.0,0.0,0.0,0.0,0.0,0.0,0.0,0.0,0.0,0.0,0.0,0.0,0.0,0.0,0.0,0.0,0,-107875648.0,53,0.0,106,-107614832.0,0.0,ERR,ERR,ERR,ERR,ERR,ERR,ERR,ERR,ERR,ERR,ERR,ERR,ERR,ERR,ERR,ERR,ERR,ERR,ERR,ERR,ERR,ERR,ERR,ERR,ERR,ERR,ERR,ERR,ERR,ERR,ERR,ERR,ERR,ERR,ERR,ERR,ERR,ERR,ERR,ERR,ERR,ERR,ERR,ERR,ERR,ERR,ERR,ERR,ERR,ERR,ERR,ERR,ERR,ERR,ERR,ERR,ERR,ERR,ERR,ERR,ERR,ERR,ERR,ERR,ERR,ERR,ERR,50.0,60.0,100,0.0,0.0,0.0,0.0,0.0,0.0,0.0,0.0,0.0,0.0,0.0,0.0,0.0,0.0,0.0,0.0,61.6,73,14,65513,50,65476,0,300,0,0,8,20529,65476,0,0,26214,60.0,0.0,0.0,0.0,0.0,0.0
2026-05-17T18:48:00,ERR,ERR,ERR,ERR,ERR,ERR,ERR,ERR,ERR,ERR,ERR,ERR,ERR,ERR,ERR,ERR,ERR,ERR,ERR,ERR,ERR,ERR,ERR,ERR,ERR,ERR,ERR,ERR,ERR,ERR,ERR,ERR,ERR,ERR,ERR,ERR,ERR,ERR,ERR,ERR,ERR,ERR,ERR,ERR,ERR,ERR,ERR,ERR,ERR,ERR,ERR,ERR,ERR,ERR,ERR,ERR,ERR,ERR,ERR,ERR,ERR,ERR,ERR,ERR,ERR,ERR,ERR,ERR,ERR,ERR,ERR,ERR,ERR,ERR,ERR,ERR,ERR,ERR,ERR,ERR,ERR,ERR,ERR,ERR,ERR,ERR,ERR,ERR,ERR,ERR,ERR,ERR,ERR,ERR,ERR,ERR,ERR,ERR,ERR,ERR,ERR,ERR,ERR,ERR,ERR,ERR,ERR,ERR,ERR,ERR,ERR,ERR,ERR,ERR,ERR,ERR,ERR,ERR,ERR,ERR,ERR,ERR,ERR,ERR,ERR,0.0,0.0,-134474944.0,0.0,0.0,1.3936040501711995e+18,7.805,0.0,0,0,4,0,8422,0.0,45,0.0,0.0,0.0,0.0,0.0,0,0,0,0,0.0,0,0,0,0,0,0,0,0,0,0,0,0,0,0,0,0,0,0,0,0,0,0,0,0,0,0,0,0,0,0,0,0,0,38,14,7,45,65476,0,300,0,0,8,21553,0.0,-107605600.0,0.0,0.0,0.0,0.0,0.0,0.0,0.0,0.0,0.0,0.0,0.0,0.0,0.0,0.0,0.0,0.0,0.0,0.0,0.0,0.0,2.004,2.004,-0.0,0.0,0.0,0.0,0.0,0.0,4919.0,-1.0406650094749603e+34,0.0,0.0,0.0,-107615280.0,2.718429300292151e+23,0.0,0.0,0.0,0.0,53,-0.0,0.0,0.0,0.0,0.0,0.0,0.0,0.0,0.0,0,0,0,0.0,0.0,0.0,0.0,0.0,0.0,0.0,0.0,0.0,0.0,0.0,0.0,0.0,0.0,0.0,0.0,0,-107875648.0,53,0.0,106,-107614832.0,0.0,ERR,ERR,ERR,ERR,ERR,ERR,ERR,ERR,ERR,ERR,ERR,ERR,ERR,ERR,ERR,ERR,ERR,ERR,ERR,ERR,ERR,ERR,ERR,ERR,ERR,ERR,ERR,ERR,ERR,ERR,ERR,ERR,ERR,ERR,ERR,ERR,ERR,ERR,ERR,ERR,ERR,ERR,ERR,ERR,ERR,ERR,ERR,ERR,ERR,ERR,ERR,ERR,ERR,ERR,ERR,ERR,ERR,ERR,ERR,ERR,ERR,ERR,ERR,ERR,ERR,ERR,ERR,50.0,60.0,100,0.0,0.0,0.0,0.0,0.0,0.0,0.0,0.0,0.0,0.0,0.0,0.0,0.0,0.0,0.0,0.0,62.0,73,14,65513,50,65476,0,300,0,0,8,20529,65476,0,0,26214,60.0,0.0,0.0,0.0,0.0,0.0
2026-05-17T18:48:01,ERR,ERR,ERR,ERR,ERR,ERR,ERR,ERR,ERR,ERR,ERR,ERR,ERR,ERR,ERR,ERR,ERR,ERR,ERR,ERR,ERR,ERR,ERR,ERR,ERR,ERR,ERR,ERR,ERR,ERR,ERR,ERR,ERR,ERR,ERR,ERR,ERR,ERR,ERR,ERR,ERR,ERR,ERR,ERR,ERR,ERR,ERR,ERR,ERR,ERR,ERR,ERR,ERR,ERR,ERR,ERR,ERR,ERR,ERR,ERR,ERR,ERR,ERR,ERR,ERR,ERR,ERR,ERR,ERR,ERR,ERR,ERR,ERR,ERR,ERR,ERR,ERR,ERR,ERR,ERR,ERR,ERR,ERR,ERR,ERR,ERR,ERR,ERR,ERR,ERR,ERR,ERR,ERR,ERR,ERR,ERR,ERR,ERR,ERR,ERR,ERR,ERR,ERR,ERR,ERR,ERR,ERR,ERR,ERR,ERR,ERR,ERR,ERR,ERR,ERR,ERR,ERR,ERR,ERR,ERR,ERR,ERR,ERR,ERR,ERR,0.0,0.0,-134474944.0,0.0,0.0,1.3936040501711995e+18,7.805,0.0,0,0,4,0,8422,0.0,45,0.0,0.0,0.0,0.0,0.0,0,0,0,0,0.0,0,0,0,0,0,0,0,0,0,0,0,0,0,0,0,0,0,0,0,0,0,0,0,0,0,0,0,0,0,0,0,0,0,38,14,7,45,65476,0,300,0,0,8,21553,0.0,-107605600.0,0.0,0.0,0.0,0.0,0.0,0.0,0.0,0.0,0.0,0.0,0.0,0.0,0.0,0.0,0.0,0.0,0.0,0.0,0.0,0.0,2.004,2.004,-0.0,0.0,0.0,0.0,0.0,0.0,4919.0,-1.0406650094749603e+34,0.0,0.0,0.0,-107615280.0,2.718429300292151e+23,0.0,0.0,0.0,0.0,53,-0.0,0.0,0.0,0.0,0.0,0.0,0.0,0.0,0.0,0,0,0,0.0,0.0,0.0,0.0,0.0,0.0,0.0,0.0,0.0,0.0,0.0,0.0,0.0,0.0,0.0,0.0,0,-107875648.0,53,0.0,106,-107614832.0,0.0,ERR,ERR,ERR,ERR,ERR,ERR,ERR,ERR,ERR,ERR,ERR,ERR,ERR,ERR,ERR,ERR,ERR,ERR,ERR,ERR,ERR,ERR,ERR,ERR,ERR,ERR,ERR,ERR,ERR,ERR,ERR,ERR,ERR,ERR,ERR,ERR,ERR,ERR,ERR,ERR,ERR,ERR,ERR,ERR,ERR,ERR,ERR,ERR,ERR,ERR,ERR,ERR,ERR,ERR,ERR,ERR,ERR,ERR,ERR,ERR,ERR,ERR,ERR,ERR,ERR,ERR,ERR,50.0,60.0,100,0.0,0.0,0.0,0.0,0.0,0.0,0.0,0.0,0.0,0.0,0.0,0.0,0.0,0.0,0.0,0.0,61.6,73,14,65513,50,65476,0,300,0,0,8,20529,65476,0,0,26214,60.0,0.0,0.0,0.0,0.0,0.0
2026-05-17T18:48:02,ERR,ERR,ERR,ERR,ERR,ERR,ERR,ERR,ERR,ERR,ERR,ERR,ERR,ERR,ERR,ERR,ERR,ERR,ERR,ERR,ERR,ERR,ERR,ERR,ERR,ERR,ERR,ERR,ERR,ERR,ERR,ERR,ERR,ERR,ERR,ERR,ERR,ERR,ERR,ERR,ERR,ERR,ERR,ERR,ERR,ERR,ERR,ERR,ERR,ERR,ERR,ERR,ERR,ERR,ERR,ERR,ERR,ERR,ERR,ERR,ERR,ERR,ERR,ERR,ERR,ERR,ERR,ERR,ERR,ERR,ERR,ERR,ERR,ERR,ERR,ERR,ERR,ERR,ERR,ERR,ERR,ERR,ERR,ERR,ERR,ERR,ERR,ERR,ERR,ERR,ERR,ERR,ERR,ERR,ERR,ERR,ERR,ERR,ERR,ERR,ERR,ERR,ERR,ERR,ERR,ERR,ERR,ERR,ERR,ERR,ERR,ERR,ERR,ERR,ERR,ERR,ERR,ERR,ERR,ERR,ERR,ERR,ERR,ERR,ERR,0.0,0.0,-134474944.0,0.0,0.0,1.3936040501711995e+18,7.805,0.0,0,0,4,0,8422,0.0,45,0.0,0.0,0.0,0.0,0.0,0,0,0,0,0.0,0,0,0,0,0,0,0,0,0,0,0,0,0,0,0,0,0,0,0,0,0,0,0,0,0,0,0,0,0,0,0,0,0,38,14,7,45,65476,0,300,0,0,8,21553,0.0,-107605600.0,0.0,0.0,0.0,0.0,0.0,0.0,0.0,0.0,0.0,0.0,0.0,0.0,0.0,0.0,0.0,0.0,0.0,0.0,0.0,0.0,2.004,2.004,-0.0,0.0,0.0,0.0,0.0,0.0,4919.0,-1.0406650094749603e+34,0.0,0.0,0.0,-107615280.0,2.718429300292151e+23,0.0,0.0,0.0,0.0,53,-0.0,0.0,0.0,0.0,0.0,0.0,0.0,0.0,0.0,0,0,0,0.0,0.0,0.0,0.0,0.0,0.0,0.0,0.0,0.0,0.0,0.0,0.0,0.0,0.0,0.0,0.0,0,-107875648.0,53,0.0,106,-107614832.0,0.0,ERR,ERR,ERR,ERR,ERR,ERR,ERR,ERR,ERR,ERR,ERR,ERR,ERR,ERR,ERR,ERR,ERR,ERR,ERR,ERR,ERR,ERR,ERR,ERR,ERR,ERR,ERR,ERR,ERR,ERR,ERR,ERR,ERR,ERR,ERR,ERR,ERR,ERR,ERR,ERR,ERR,ERR,ERR,ERR,ERR,ERR,ERR,ERR,ERR,ERR,ERR,ERR,ERR,ERR,ERR,ERR,ERR,ERR,ERR,ERR,ERR,ERR,ERR,ERR,ERR,ERR,ERR,50.0,60.0,100,0.0,0.0,0.0,0.0,0.0,0.0,0.0,0.0,0.0,0.0,0.0,0.0,0.0,0.0,0.0,0.0,61.6,73,14,65513,50,65476,0,300,0,0,8,20529,65476,0,0,26214,60.0,0.0,0.0,0.0,0.0,0.0
2026-05-17T18:48:03,ERR,ERR,ERR,ERR,ERR,ERR,ERR,ERR,ERR,ERR,ERR,ERR,ERR,ERR,ERR,ERR,ERR,ERR,ERR,ERR,ERR,ERR,ERR,ERR,ERR,ERR,ERR,ERR,ERR,ERR,ERR,ERR,ERR,ERR,ERR,ERR,ERR,ERR,ERR,ERR,ERR,ERR,ERR,ERR,ERR,ERR,ERR,ERR,ERR,ERR,ERR,ERR,ERR,ERR,ERR,ERR,ERR,ERR,ERR,ERR,ERR,ERR,ERR,ERR,ERR,ERR,ERR,ERR,ERR,ERR,ERR,ERR,ERR,ERR,ERR,ERR,ERR,ERR,ERR,ERR,ERR,ERR,ERR,ERR,ERR,ERR,ERR,ERR,ERR,ERR,ERR,ERR,ERR,ERR,ERR,ERR,ERR,ERR,ERR,ERR,ERR,ERR,ERR,ERR,ERR,ERR,ERR,ERR,ERR,ERR,ERR,ERR,ERR,ERR,ERR,ERR,ERR,ERR,ERR,ERR,ERR,ERR,ERR,ERR,ERR,0.0,0.0,-134474944.0,0.0,0.0,1.3936040501711995e+18,7.805,0.0,0,0,4,0,8422,0.0,45,0.0,0.0,0.0,0.0,0.0,0,0,0,0,0.0,0,0,0,0,0,0,0,0,0,0,0,0,0,0,0,0,0,0,0,0,0,0,0,0,0,0,0,0,0,0,0,0,0,38,14,7,45,65476,0,300,0,0,8,21553,0.0,-107605600.0,0.0,0.0,0.0,0.0,0.0,0.0,0.0,0.0,0.0,0.0,0.0,0.0,0.0,0.0,0.0,0.0,0.0,0.0,0.0,0.0,2.004,2.004,-0.0,0.0,0.0,0.0,0.0,0.0,4919.0,-1.0406650094749603e+34,0.0,0.0,0.0,-107615280.0,2.718429300292151e+23,0.0,0.0,0.0,0.0,53,-0.0,0.0,0.0,0.0,0.0,0.0,0.0,0.0,0.0,0,0,0,0.0,0.0,0.0,0.0,0.0,0.0,0.0,0.0,0.0,0.0,0.0,0.0,0.0,0.0,0.0,0.0,0,-107875648.0,53,0.0,106,-107614832.0,0.0,ERR,ERR,ERR,ERR,ERR,ERR,ERR,ERR,ERR,ERR,ERR,ERR,ERR,ERR,ERR,ERR,ERR,ERR,ERR,ERR,ERR,ERR,ERR,ERR,ERR,ERR,ERR,ERR,ERR,ERR,ERR,ERR,ERR,ERR,ERR,ERR,ERR,ERR,ERR,ERR,ERR,ERR,ERR,ERR,ERR,ERR,ERR,ERR,ERR,ERR,ERR,ERR,ERR,ERR,ERR,ERR,ERR,ERR,ERR,ERR,ERR,ERR,ERR,ERR,ERR,ERR,ERR,50.0,60.0,100,0.0,0.0,0.0,0.0,0.0,0.0,0.0,0.0,0.0,0.0,0.0,0.0,0.0,0.0,0.0,0.0,61.6,73,14,65513,50,65476,0,300,0,0,8,20529,65476,0,0,26214,60.0,0.0,0.0,0.0,0.0,0.0
2026-05-17T18:48:04,ERR,ERR,ERR,ERR,ERR,ERR,ERR,ERR,ERR,ERR,ERR,ERR,ERR,ERR,ERR,ERR,ERR,ERR,ERR,ERR,ERR,ERR,ERR,ERR,ERR,ERR,ERR,ERR,ERR,ERR,ERR,ERR,ERR,ERR,ERR,ERR,ERR,ERR,ERR,ERR,ERR,ERR,ERR,ERR,ERR,ERR,ERR,ERR,ERR,ERR,ERR,ERR,ERR,ERR,ERR,ERR,ERR,ERR,ERR,ERR,ERR,ERR,ERR,ERR,ERR,ERR,ERR,ERR,ERR,ERR,ERR,ERR,ERR,ERR,ERR,ERR,ERR,ERR,ERR,ERR,ERR,ERR,ERR,ERR,ERR,ERR,ERR,ERR,ERR,ERR,ERR,ERR,ERR,ERR,ERR,ERR,ERR,ERR,ERR,ERR,ERR,ERR,ERR,ERR,ERR,ERR,ERR,ERR,ERR,ERR,ERR,ERR,ERR,ERR,ERR,ERR,ERR,ERR,ERR,ERR,ERR,ERR,ERR,ERR,ERR,0.0,0.0,-134474944.0,0.0,0.0,1.3936040501711995e+18,7.805,0.0,0,0,4,0,8422,0.0,45,0.0,0.0,0.0,0.0,0.0,0,0,0,0,0.0,0,0,0,0,0,0,0,0,0,0,0,0,0,0,0,0,0,0,0,0,0,0,0,0,0,0,0,0,0,0,0,0,0,38,14,7,45,65476,0,300,0,0,8,21553,0.0,-107605600.0,0.0,0.0,0.0,0.0,0.0,0.0,0.0,0.0,0.0,0.0,0.0,0.0,0.0,0.0,0.0,0.0,0.0,0.0,0.0,0.0,2.004,2.004,-0.0,0.0,0.0,0.0,0.0,0.0,4920.0,-1.5879287864302983e+29,0.0,0.0,0.0,-107615280.0,2.718429300292151e+23,0.0,0.0,0.0,0.0,53,-0.0,0.0,0.0,0.0,0.0,0.0,0.0,0.0,0.0,0,0,0,0.0,0.0,0.0,0.0,0.0,0.0,0.0,0.0,0.0,0.0,0.0,0.0,0.0,0.0,0.0,0.0,0,-107875648.0,53,0.0,106,-107614832.0,0.0,ERR,ERR,ERR,ERR,ERR,ERR,ERR,ERR,ERR,ERR,ERR,ERR,ERR,ERR,ERR,ERR,ERR,ERR,ERR,ERR,ERR,ERR,ERR,ERR,ERR,ERR,ERR,ERR,ERR,ERR,ERR,ERR,ERR,ERR,ERR,ERR,ERR,ERR,ERR,ERR,ERR,ERR,ERR,ERR,ERR,ERR,ERR,ERR,ERR,ERR,ERR,ERR,ERR,ERR,ERR,ERR,ERR,ERR,ERR,ERR,ERR,ERR,ERR,ERR,ERR,ERR,ERR,50.0,60.0,100,0.0,0.0,0.0,0.0,0.0,0.0,0.0,0.0,0.0,0.0,0.0,0.0,0.0,0.0,0.0,0.0,61.6,73,14,65513,50,65476,0,300,0,0,8,20529,65476,0,0,26214,60.0,0.0,0.0,0.0,0.0,0.0
2026-05-17T18:48:05,ERR,ERR,ERR,ERR,ERR,ERR,ERR,ERR,ERR,ERR,ERR,ERR,ERR,ERR,ERR,ERR,ERR,ERR,ERR,ERR,ERR,ERR,ERR,ERR,ERR,ERR,ERR,ERR,ERR,ERR,ERR,ERR,ERR,ERR,ERR,ERR,ERR,ERR,ERR,ERR,ERR,ERR,ERR,ERR,ERR,ERR,ERR,ERR,ERR,ERR,ERR,ERR,ERR,ERR,ERR,ERR,ERR,ERR,ERR,ERR,ERR,ERR,ERR,ERR,ERR,ERR,ERR,ERR,ERR,ERR,ERR,ERR,ERR,ERR,ERR,ERR,ERR,ERR,ERR,ERR,ERR,ERR,ERR,ERR,ERR,ERR,ERR,ERR,ERR,ERR,ERR,ERR,ERR,ERR,ERR,ERR,ERR,ERR,ERR,ERR,ERR,ERR,ERR,ERR,ERR,ERR,ERR,ERR,ERR,ERR,ERR,ERR,ERR,ERR,ERR,ERR,ERR,ERR,ERR,ERR,ERR,ERR,ERR,ERR,ERR,0.0,0.0,-134474944.0,0.0,0.0,1.3936040501711995e+18,7.805,0.0,0,0,4,0,8422,0.0,45,0.0,0.0,0.0,0.0,0.0,0,0,0,0,0.0,0,0,0,0,0,0,0,0,0,0,0,0,0,0,0,0,0,0,0,0,0,0,0,0,0,0,0,0,0,0,0,0,0,38,14,7,45,65476,0,300,0,0,8,21553,0.0,-107605600.0,0.0,0.0,0.0,0.0,0.0,0.0,0.0,0.0,0.0,0.0,0.0,0.0,0.0,0.0,0.0,0.0,0.0,0.0,0.0,0.0,2.004,2.004,-0.0,0.0,0.0,0.0,0.0,0.0,4920.0,-1.5879287864302983e+29,0.0,0.0,0.0,-107615280.0,2.718429300292151e+23,0.0,0.0,0.0,0.0,53,-0.0,0.0,0.0,0.0,0.0,0.0,0.0,0.0,0.0,0,0,0,0.0,0.0,0.0,0.0,0.0,0.0,0.0,0.0,0.0,0.0,0.0,0.0,0.0,0.0,0.0,0.0,0,-107875648.0,53,0.0,106,-107614832.0,0.0,ERR,ERR,ERR,ERR,ERR,ERR,ERR,ERR,ERR,ERR,ERR,ERR,ERR,ERR,ERR,ERR,ERR,ERR,ERR,ERR,ERR,ERR,ERR,ERR,ERR,ERR,ERR,ERR,ERR,ERR,ERR,ERR,ERR,ERR,ERR,ERR,ERR,ERR,ERR,ERR,ERR,ERR,ERR,ERR,ERR,ERR,ERR,ERR,ERR,ERR,ERR,ERR,ERR,ERR,ERR,ERR,ERR,ERR,ERR,ERR,ERR,ERR,ERR,ERR,ERR,ERR,ERR,50.0,60.0,100,0.0,0.0,0.0,0.0,0.0,0.0,0.0,0.0,0.0,0.0,0.0,0.0,0.0,0.0,0.0,0.0,61.6,73,14,65513,50,65476,0,300,0,0,8,20529,65476,0,0,26214,60.0,0.0,0.0,0.0,0.0,0.0
2026-05-17T18:48:06,ERR,ERR,ERR,ERR,ERR,ERR,ERR,ERR,ERR,ERR,ERR,ERR,ERR,ERR,ERR,ERR,ERR,ERR,ERR,ERR,ERR,ERR,ERR,ERR,ERR,ERR,ERR,ERR,ERR,ERR,ERR,ERR,ERR,ERR,ERR,ERR,ERR,ERR,ERR,ERR,ERR,ERR,ERR,ERR,ERR,ERR,ERR,ERR,ERR,ERR,ERR,ERR,ERR,ERR,ERR,ERR,ERR,ERR,ERR,ERR,ERR,ERR,ERR,ERR,ERR,ERR,ERR,ERR,ERR,ERR,ERR,ERR,ERR,ERR,ERR,ERR,ERR,ERR,ERR,ERR,ERR,ERR,ERR,ERR,ERR,ERR,ERR,ERR,ERR,ERR,ERR,ERR,ERR,ERR,ERR,ERR,ERR,ERR,ERR,ERR,ERR,ERR,ERR,ERR,ERR,ERR,ERR,ERR,ERR,ERR,ERR,ERR,ERR,ERR,ERR,ERR,ERR,ERR,ERR,ERR,ERR,ERR,ERR,ERR,ERR,0.0,0.0,-134474944.0,0.0,0.0,1.3936040501711995e+18,7.805,0.0,0,0,4,0,8422,0.0,45,0.0,0.0,0.0,0.0,0.0,0,0,0,0,0.0,0,0,0,0,0,0,0,0,0,0,0,0,0,0,0,0,0,0,0,0,0,0,0,0,0,0,0,0,0,0,0,0,0,38,14,7,45,65476,0,300,0,0,8,21553,0.0,-107605600.0,0.0,0.0,0.0,0.0,0.0,0.0,0.0,0.0,0.0,0.0,0.0,0.0,0.0,0.0,0.0,0.0,0.0,0.0,0.0,0.0,2.004,2.004,-0.0,0.0,0.0,0.0,0.0,0.0,4920.0,-1.5879287864302983e+29,0.0,0.0,0.0,-107615280.0,2.718429300292151e+23,0.0,0.0,0.0,0.0,53,-0.0,0.0,0.0,0.0,0.0,0.0,0.0,0.0,0.0,0,0,0,0.0,0.0,0.0,0.0,0.0,0.0,0.0,0.0,0.0,0.0,0.0,0.0,0.0,0.0,0.0,0.0,0,-107875648.0,53,0.0,106,-107614832.0,0.0,ERR,ERR,ERR,ERR,ERR,ERR,ERR,ERR,ERR,ERR,ERR,ERR,ERR,ERR,ERR,ERR,ERR,ERR,ERR,ERR,ERR,ERR,ERR,ERR,ERR,ERR,ERR,ERR,ERR,ERR,ERR,ERR,ERR,ERR,ERR,ERR,ERR,ERR,ERR,ERR,ERR,ERR,ERR,ERR,ERR,ERR,ERR,ERR,ERR,ERR,ERR,ERR,ERR,ERR,ERR,ERR,ERR,ERR,ERR,ERR,ERR,ERR,ERR,ERR,ERR,ERR,ERR,50.0,60.0,100,0.0,0.0,0.0,0.0,0.0,0.0,0.0,0.0,0.0,0.0,0.0,0.0,0.0,0.0,0.0,0.0,61.6,73,14,65513,50,65476,0,300,0,0,8,20529,65476,0,0,26214,60.0,0.0,0.0,0.0,0.0,0.0
2026-05-17T18:48:07,ERR,ERR,ERR,ERR,ERR,ERR,ERR,ERR,ERR,ERR,ERR,ERR,ERR,ERR,ERR,ERR,ERR,ERR,ERR,ERR,ERR,ERR,ERR,ERR,ERR,ERR,ERR,ERR,ERR,ERR,ERR,ERR,ERR,ERR,ERR,ERR,ERR,ERR,ERR,ERR,ERR,ERR,ERR,ERR,ERR,ERR,ERR,ERR,ERR,ERR,ERR,ERR,ERR,ERR,ERR,ERR,ERR,ERR,ERR,ERR,ERR,ERR,ERR,ERR,ERR,ERR,ERR,ERR,ERR,ERR,ERR,ERR,ERR,ERR,ERR,ERR,ERR,ERR,ERR,ERR,ERR,ERR,ERR,ERR,ERR,ERR,ERR,ERR,ERR,ERR,ERR,ERR,ERR,ERR,ERR,ERR,ERR,ERR,ERR,ERR,ERR,ERR,ERR,ERR,ERR,ERR,ERR,ERR,ERR,ERR,ERR,ERR,ERR,ERR,ERR,ERR,ERR,ERR,ERR,ERR,ERR,ERR,ERR,ERR,ERR,0.0,0.0,-134474944.0,0.0,0.0,1.3936040501711995e+18,7.805,0.0,0,0,4,0,8422,0.0,45,0.0,0.0,0.0,0.0,0.0,0,0,0,0,0.0,0,0,0,0,0,0,0,0,0,0,0,0,0,0,0,0,0,0,0,0,0,0,0,0,0,0,0,0,0,0,0,0,0,38,14,7,45,65476,0,300,0,0,8,21553,0.0,-107605600.0,0.0,0.0,0.0,0.0,0.0,0.0,0.0,0.0,0.0,0.0,0.0,0.0,0.0,0.0,0.0,0.0,0.0,0.0,0.0,0.0,2.004,2.004,-0.0,0.0,0.0,0.0,0.0,0.0,4920.0,-1.5879287864302983e+29,0.0,0.0,0.0,-107615280.0,2.718429300292151e+23,0.0,0.0,0.0,0.0,53,-0.0,0.0,0.0,0.0,0.0,0.0,0.0,0.0,0.0,0,0,0,0.0,0.0,0.0,0.0,0.0,0.0,0.0,0.0,0.0,0.0,0.0,0.0,0.0,0.0,0.0,0.0,0,-107875648.0,53,0.0,106,-107614832.0,0.0,ERR,ERR,ERR,ERR,ERR,ERR,ERR,ERR,ERR,ERR,ERR,ERR,ERR,ERR,ERR,ERR,ERR,ERR,ERR,ERR,ERR,ERR,ERR,ERR,ERR,ERR,ERR,ERR,ERR,ERR,ERR,ERR,ERR,ERR,ERR,ERR,ERR,ERR,ERR,ERR,ERR,ERR,ERR,ERR,ERR,ERR,ERR,ERR,ERR,ERR,ERR,ERR,ERR,ERR,ERR,ERR,ERR,ERR,ERR,ERR,ERR,ERR,ERR,ERR,ERR,ERR,ERR,50.0,60.0,100,0.0,0.0,0.0,0.0,0.0,0.0,0.0,0.0,0.0,0.0,0.0,0.0,0.0,0.0,0.0,0.0,61.6,73,14,65513,50,65476,0,300,0,0,8,20529,65476,0,0,26214,60.0,0.0,0.0,0.0,0.0,0.0
2026-05-17T18:48:08,ERR,ERR,ERR,ERR,ERR,ERR,ERR,ERR,ERR,ERR,ERR,ERR,ERR,ERR,ERR,ERR,ERR,ERR,ERR,ERR,ERR,ERR,ERR,ERR,ERR,ERR,ERR,ERR,ERR,ERR,ERR,ERR,ERR,ERR,ERR,ERR,ERR,ERR,ERR,ERR,ERR,ERR,ERR,ERR,ERR,ERR,ERR,ERR,ERR,ERR,ERR,ERR,ERR,ERR,ERR,ERR,ERR,ERR,ERR,ERR,ERR,ERR,ERR,ERR,ERR,ERR,ERR,ERR,ERR,ERR,ERR,ERR,ERR,ERR,ERR,ERR,ERR,ERR,ERR,ERR,ERR,ERR,ERR,ERR,ERR,ERR,ERR,ERR,ERR,ERR,ERR,ERR,ERR,ERR,ERR,ERR,ERR,ERR,ERR,ERR,ERR,ERR,ERR,ERR,ERR,ERR,ERR,ERR,ERR,ERR,ERR,ERR,ERR,ERR,ERR,ERR,ERR,ERR,ERR,ERR,ERR,ERR,ERR,ERR,ERR,0.0,0.0,-134474944.0,0.0,0.0,1.3936040501711995e+18,7.805,0.0,0,0,4,0,8422,0.0,45,0.0,0.0,0.0,0.0,0.0,0,0,0,0,0.0,0,0,0,0,0,0,0,0,0,0,0,0,0,0,0,0,0,0,0,0,0,0,0,0,0,0,0,0,0,0,0,0,0,38,14,7,45,65476,0,300,0,0,8,21553,0.0,-107605600.0,0.0,0.0,0.0,0.0,0.0,0.0,0.0,0.0,0.0,0.0,0.0,0.0,0.0,0.0,0.0,0.0,0.0,0.0,0.0,0.0,2.004,2.004,-0.0,0.0,0.0,0.0,0.0,0.0,4920.0,-1.5879287864302983e+29,0.0,0.0,0.0,-107615280.0,2.718429300292151e+23,0.0,0.0,0.0,0.0,53,-0.0,0.0,0.0,0.0,0.0,0.0,0.0,0.0,0.0,0,0,0,0.0,0.0,0.0,0.0,0.0,0.0,0.0,0.0,0.0,0.0,0.0,0.0,0.0,0.0,0.0,0.0,0,-107875648.0,53,0.0,106,-107614832.0,0.0,ERR,ERR,ERR,ERR,ERR,ERR,ERR,ERR,ERR,ERR,ERR,ERR,ERR,ERR,ERR,ERR,ERR,ERR,ERR,ERR,ERR,ERR,ERR,ERR,ERR,ERR,ERR,ERR,ERR,ERR,ERR,ERR,ERR,ERR,ERR,ERR,ERR,ERR,ERR,ERR,ERR,ERR,ERR,ERR,ERR,ERR,ERR,ERR,ERR,ERR,ERR,ERR,ERR,ERR,ERR,ERR,ERR,ERR,ERR,ERR,ERR,ERR,ERR,ERR,ERR,ERR,ERR,50.0,60.0,100,0.0,0.0,0.0,0.0,0.0,0.0,0.0,0.0,0.0,0.0,0.0,0.0,0.0,0.0,0.0,0.0,61.6,73,14,65513,50,65476,0,300,0,0,8,20529,65476,0,0,26214,60.0,0.0,0.0,0.0,0.0,0.0
2026-05-17T18:48:09,ERR,ERR,ERR,ERR,ERR,ERR,ERR,ERR,ERR,ERR,ERR,ERR,ERR,ERR,ERR,ERR,ERR,ERR,ERR,ERR,ERR,ERR,ERR,ERR,ERR,ERR,ERR,ERR,ERR,ERR,ERR,ERR,ERR,ERR,ERR,ERR,ERR,ERR,ERR,ERR,ERR,ERR,ERR,ERR,ERR,ERR,ERR,ERR,ERR,ERR,ERR,ERR,ERR,ERR,ERR,ERR,ERR,ERR,ERR,ERR,ERR,ERR,ERR,ERR,ERR,ERR,ERR,ERR,ERR,ERR,ERR,ERR,ERR,ERR,ERR,ERR,ERR,ERR,ERR,ERR,ERR,ERR,ERR,ERR,ERR,ERR,ERR,ERR,ERR,ERR,ERR,ERR,ERR,ERR,ERR,ERR,ERR,ERR,ERR,ERR,ERR,ERR,ERR,ERR,ERR,ERR,ERR,ERR,ERR,ERR,ERR,ERR,ERR,ERR,ERR,ERR,ERR,ERR,ERR,ERR,ERR,ERR,ERR,ERR,ERR,0.0,0.0,-134474944.0,0.0,0.0,1.3936040501711995e+18,7.805,0.0,0,0,4,0,8422,0.0,45,0.0,0.0,0.0,0.0,0.0,0,0,0,0,0.0,0,0,0,0,0,0,0,0,0,0,0,0,0,0,0,0,0,0,0,0,0,0,0,0,0,0,0,0,0,0,0,0,0,38,14,7,45,65476,0,300,0,0,8,21553,0.0,-107605600.0,0.0,0.0,0.0,0.0,0.0,0.0,0.0,0.0,0.0,0.0,0.0,0.0,0.0,0.0,0.0,0.0,0.0,0.0,0.0,0.0,2.004,2.004,-0.0,0.0,0.0,0.0,0.0,0.0,4921.0,-2.4229870398411534e+24,0.0,0.0,0.0,-107615280.0,2.718429300292151e+23,0.0,0.0,0.0,0.0,53,-0.0,-4.950399970523356e+32,0.0,0.0,0.0,0.0,0.0,0.0,0.0,0,0,0,0.0,0.0,0.0,0.0,0.0,0.0,0.0,0.0,0.0,0.0,0.0,0.0,0.0,0.0,0.0,0.0,0,-107875648.0,53,0.0,106,-107614832.0,0.0,ERR,ERR,ERR,ERR,ERR,ERR,ERR,ERR,ERR,ERR,ERR,ERR,ERR,ERR,ERR,ERR,ERR,ERR,ERR,ERR,ERR,ERR,ERR,ERR,ERR,ERR,ERR,ERR,ERR,ERR,ERR,ERR,ERR,ERR,ERR,ERR,ERR,ERR,ERR,ERR,ERR,ERR,ERR,ERR,ERR,ERR,ERR,ERR,ERR,ERR,ERR,ERR,ERR,ERR,ERR,ERR,ERR,ERR,ERR,ERR,ERR,ERR,ERR,ERR,ERR,ERR,ERR,50.0,60.0,100,0.0,0.0,0.0,0.0,0.0,0.0,0.0,0.0,0.0,0.0,0.0,0.0,0.0,0.0,0.0,0.0,61.6,73,14,65513,50,65476,0,300,0,0,8,20529,65476,0,0,26214,60.0,0.0,0.0,0.0,0.0,0.0
2026-05-17T18:48:10,ERR,ERR,ERR,ERR,ERR,ERR,ERR,ERR,ERR,ERR,ERR,ERR,ERR,ERR,ERR,ERR,ERR,ERR,ERR,ERR,ERR,ERR,ERR,ERR,ERR,ERR,ERR,ERR,ERR,ERR,ERR,ERR,ERR,ERR,ERR,ERR,ERR,ERR,ERR,ERR,ERR,ERR,ERR,ERR,ERR,ERR,ERR,ERR,ERR,ERR,ERR,ERR,ERR,ERR,ERR,ERR,ERR,ERR,ERR,ERR,ERR,ERR,ERR,ERR,ERR,ERR,ERR,ERR,ERR,ERR,ERR,ERR,ERR,ERR,ERR,ERR,ERR,ERR,ERR,ERR,ERR,ERR,ERR,ERR,ERR,ERR,ERR,ERR,ERR,ERR,ERR,ERR,ERR,ERR,ERR,ERR,ERR,ERR,ERR,ERR,ERR,ERR,ERR,ERR,ERR,ERR,ERR,ERR,ERR,ERR,ERR,ERR,ERR,ERR,ERR,ERR,ERR,ERR,ERR,ERR,ERR,ERR,ERR,ERR,ERR,0.0,0.0,-134474944.0,0.0,0.0,1.3936040501711995e+18,7.805,0.0,0,0,4,0,8422,0.0,45,0.0,0.0,0.0,0.0,0.0,0,0,0,0,0.0,0,0,0,0,0,0,0,0,0,0,0,0,0,0,0,0,0,0,0,0,0,0,0,0,0,0,0,0,0,0,0,0,0,38,14,7,45,65476,0,300,0,0,8,21553,0.0,-107605600.0,0.0,0.0,0.0,0.0,0.0,0.0,0.0,0.0,0.0,0.0,0.0,0.0,0.0,0.0,0.0,0.0,0.0,0.0,0.0,0.0,2.004,2.004,-0.0,0.0,0.0,0.0,0.0,0.0,4921.0,-2.4229870398411534e+24,0.0,0.0,0.0,-107615280.0,2.718429300292151e+23,0.0,0.0,0.0,0.0,53,-0.0,-4.950399970523356e+32,0.0,0.0,0.0,0.0,0.0,0.0,0.0,0,0,0,0.0,0.0,0.0,0.0,0.0,0.0,0.0,0.0,0.0,0.0,0.0,0.0,0.0,0.0,0.0,0.0,0,-107875648.0,53,0.0,106,-107614832.0,0.0,ERR,ERR,ERR,ERR,ERR,ERR,ERR,ERR,ERR,ERR,ERR,ERR,ERR,ERR,ERR,ERR,ERR,ERR,ERR,ERR,ERR,ERR,ERR,ERR,ERR,ERR,ERR,ERR,ERR,ERR,ERR,ERR,ERR,ERR,ERR,ERR,ERR,ERR,ERR,ERR,ERR,ERR,ERR,ERR,ERR,ERR,ERR,ERR,ERR,ERR,ERR,ERR,ERR,ERR,ERR,ERR,ERR,ERR,ERR,ERR,ERR,ERR,ERR,ERR,ERR,ERR,ERR,50.0,60.0,100,0.0,0.0,0.0,0.0,0.0,0.0,0.0,0.0,0.0,0.0,0.0,0.0,0.0,0.0,0.0,0.0,61.6,73,14,65513,50,65476,0,300,0,0,8,20529,65476,0,0,26214,60.0,0.0,0.0,0.0,0.0,0.0
2026-05-17T18:48:11,ERR,ERR,ERR,ERR,ERR,ERR,ERR,ERR,ERR,ERR,ERR,ERR,ERR,ERR,ERR,ERR,ERR,ERR,ERR,ERR,ERR,ERR,ERR,ERR,ERR,ERR,ERR,ERR,ERR,ERR,ERR,ERR,ERR,ERR,ERR,ERR,ERR,ERR,ERR,ERR,ERR,ERR,ERR,ERR,ERR,ERR,ERR,ERR,ERR,ERR,ERR,ERR,ERR,ERR,ERR,ERR,ERR,ERR,ERR,ERR,ERR,ERR,ERR,ERR,ERR,ERR,ERR,ERR,ERR,ERR,ERR,ERR,ERR,ERR,ERR,ERR,ERR,ERR,ERR,ERR,ERR,ERR,ERR,ERR,ERR,ERR,ERR,ERR,ERR,ERR,ERR,ERR,ERR,ERR,ERR,ERR,ERR,ERR,ERR,ERR,ERR,ERR,ERR,ERR,ERR,ERR,ERR,ERR,ERR,ERR,ERR,ERR,ERR,ERR,ERR,ERR,ERR,ERR,ERR,ERR,ERR,ERR,ERR,ERR,ERR,0.0,0.0,-134474944.0,0.0,0.0,1.3936040501711995e+18,7.805,0.0,0,0,4,0,8422,0.0,45,0.0,0.0,0.0,0.0,0.0,0,0,0,0,0.0,0,0,0,0,0,0,0,0,0,0,0,0,0,0,0,0,0,0,0,0,0,0,0,0,0,0,0,0,0,0,0,0,0,38,14,7,45,65476,0,300,0,0,8,21553,0.0,-107605600.0,0.0,0.0,0.0,0.0,0.0,0.0,0.0,0.0,0.0,0.0,0.0,0.0,0.0,0.0,0.0,0.0,0.0,0.0,0.0,0.0,2.004,2.004,-0.0,0.0,0.0,0.0,0.0,0.0,4921.0,-2.4229870398411534e+24,0.0,0.0,0.0,-107615280.0,2.718429300292151e+23,0.0,0.0,0.0,0.0,53,-0.0,-4.950399970523356e+32,0.0,0.0,0.0,0.0,0.0,0.0,0.0,0,0,0,0.0,0.0,0.0,0.0,0.0,0.0,0.0,0.0,0.0,0.0,0.0,0.0,0.0,0.0,0.0,0.0,0,-107875648.0,53,0.0,106,-107614832.0,0.0,ERR,ERR,ERR,ERR,ERR,ERR,ERR,ERR,ERR,ERR,ERR,ERR,ERR,ERR,ERR,ERR,ERR,ERR,ERR,ERR,ERR,ERR,ERR,ERR,ERR,ERR,ERR,ERR,ERR,ERR,ERR,ERR,ERR,ERR,ERR,ERR,ERR,ERR,ERR,ERR,ERR,ERR,ERR,ERR,ERR,ERR,ERR,ERR,ERR,ERR,ERR,ERR,ERR,ERR,ERR,ERR,ERR,ERR,ERR,ERR,ERR,ERR,ERR,ERR,ERR,ERR,ERR,50.0,60.0,100,0.0,0.0,0.0,0.0,0.0,0.0,0.0,0.0,0.0,0.0,0.0,0.0,0.0,0.0,0.0,0.0,61.6,73,14,65513,50,65476,0,300,0,0,8,20529,65476,0,0,26214,60.0,0.0,0.0,0.0,0.0,0.0
2026-05-17T18:48:12,ERR,ERR,ERR,ERR,ERR,ERR,ERR,ERR,ERR,ERR,ERR,ERR,ERR,ERR,ERR,ERR,ERR,ERR,ERR,ERR,ERR,ERR,ERR,ERR,ERR,ERR,ERR,ERR,ERR,ERR,ERR,ERR,ERR,ERR,ERR,ERR,ERR,ERR,ERR,ERR,ERR,ERR,ERR,ERR,ERR,ERR,ERR,ERR,ERR,ERR,ERR,ERR,ERR,ERR,ERR,ERR,ERR,ERR,ERR,ERR,ERR,ERR,ERR,ERR,ERR,ERR,ERR,ERR,ERR,ERR,ERR,ERR,ERR,ERR,ERR,ERR,ERR,ERR,ERR,ERR,ERR,ERR,ERR,ERR,ERR,ERR,ERR,ERR,ERR,ERR,ERR,ERR,ERR,ERR,ERR,ERR,ERR,ERR,ERR,ERR,ERR,ERR,ERR,ERR,ERR,ERR,ERR,ERR,ERR,ERR,ERR,ERR,ERR,ERR,ERR,ERR,ERR,ERR,ERR,ERR,ERR,ERR,ERR,ERR,ERR,0.0,0.0,-134474944.0,0.0,0.0,1.3936040501711995e+18,7.805,0.0,0,0,4,0,8422,0.0,45,0.0,0.0,0.0,0.0,0.0,0,0,0,0,0.0,0,0,0,0,0,0,0,0,0,0,0,0,0,0,0,0,0,0,0,0,0,0,0,0,0,0,0,0,0,0,0,0,0,38,14,7,45,65476,0,300,0,0,8,21553,0.0,-107605600.0,0.0,0.0,0.0,0.0,0.0,0.0,0.0,0.0,0.0,0.0,0.0,0.0,0.0,0.0,0.0,0.0,0.0,0.0,0.0,0.0,2.004,2.004,-0.0,0.0,0.0,0.0,0.0,0.0,4921.0,-2.4229870398411534e+24,0.0,0.0,0.0,-107615280.0,2.718429300292151e+23,0.0,0.0,0.0,0.0,53,-0.0,-4.950399970523356e+32,0.0,0.0,0.0,0.0,0.0,0.0,0.0,0,0,0,0.0,0.0,0.0,0.0,0.0,0.0,0.0,0.0,0.0,0.0,0.0,0.0,0.0,0.0,0.0,0.0,0,-107875648.0,53,0.0,106,-107614832.0,0.0,ERR,ERR,ERR,ERR,ERR,ERR,ERR,ERR,ERR,ERR,ERR,ERR,ERR,ERR,ERR,ERR,ERR,ERR,ERR,ERR,ERR,ERR,ERR,ERR,ERR,ERR,ERR,ERR,ERR,ERR,ERR,ERR,ERR,ERR,ERR,ERR,ERR,ERR,ERR,ERR,ERR,ERR,ERR,ERR,ERR,ERR,ERR,ERR,ERR,ERR,ERR,ERR,ERR,ERR,ERR,ERR,ERR,ERR,ERR,ERR,ERR,ERR,ERR,ERR,ERR,ERR,ERR,50.0,60.0,100,0.0,0.0,0.0,0.0,0.0,0.0,0.0,0.0,0.0,0.0,0.0,0.0,0.0,0.0,0.0,0.0,62.0,73,14,65513,50,65476,0,300,0,0,8,20529,65476,0,0,26214,60.0,0.0,0.0,0.0,0.0,0.0
2026-05-17T18:48:13,ERR,ERR,ERR,ERR,ERR,ERR,ERR,ERR,ERR,ERR,ERR,ERR,ERR,ERR,ERR,ERR,ERR,ERR,ERR,ERR,ERR,ERR,ERR,ERR,ERR,ERR,ERR,ERR,ERR,ERR,ERR,ERR,ERR,ERR,ERR,ERR,ERR,ERR,ERR,ERR,ERR,ERR,ERR,ERR,ERR,ERR,ERR,ERR,ERR,ERR,ERR,ERR,ERR,ERR,ERR,ERR,ERR,ERR,ERR,ERR,ERR,ERR,ERR,ERR,ERR,ERR,ERR,ERR,ERR,ERR,ERR,ERR,ERR,ERR,ERR,ERR,ERR,ERR,ERR,ERR,ERR,ERR,ERR,ERR,ERR,ERR,ERR,ERR,ERR,ERR,ERR,ERR,ERR,ERR,ERR,ERR,ERR,ERR,ERR,ERR,ERR,ERR,ERR,ERR,ERR,ERR,ERR,ERR,ERR,ERR,ERR,ERR,ERR,ERR,ERR,ERR,ERR,ERR,ERR,ERR,ERR,ERR,ERR,ERR,ERR,0.0,0.0,-134474944.0,0.0,0.0,1.3936040501711995e+18,7.805,0.0,0,0,4,0,8422,0.0,45,0.0,0.0,0.0,0.0,0.0,0,0,0,0,0.0,0,0,0,0,0,0,0,0,0,0,0,0,0,0,0,0,0,0,0,0,0,0,0,0,0,0,0,0,0,0,0,0,0,38,14,7,45,65476,0,300,0,0,8,21553,0.0,-107605600.0,0.0,0.0,0.0,0.0,0.0,0.0,0.0,0.0,0.0,0.0,0.0,0.0,0.0,0.0,0.0,0.0,0.0,0.0,0.0,0.0,2.004,2.004,-0.0,0.0,0.0,0.0,0.0,0.0,4921.0,-2.4229870398411534e+24,0.0,0.0,0.0,-107615280.0,2.718429300292151e+23,0.0,0.0,0.0,0.0,53,-0.0,-4.950399970523356e+32,0.0,0.0,0.0,0.0,0.0,0.0,0.0,0,0,0,0.0,0.0,0.0,0.0,0.0,0.0,0.0,0.0,0.0,0.0,0.0,0.0,0.0,0.0,0.0,0.0,0,-107875648.0,53,0.0,106,-107614832.0,0.0,ERR,ERR,ERR,ERR,ERR,ERR,ERR,ERR,ERR,ERR,ERR,ERR,ERR,ERR,ERR,ERR,ERR,ERR,ERR,ERR,ERR,ERR,ERR,ERR,ERR,ERR,ERR,ERR,ERR,ERR,ERR,ERR,ERR,ERR,ERR,ERR,ERR,ERR,ERR,ERR,ERR,ERR,ERR,ERR,ERR,ERR,ERR,ERR,ERR,ERR,ERR,ERR,ERR,ERR,ERR,ERR,ERR,ERR,ERR,ERR,ERR,ERR,ERR,ERR,ERR,ERR,ERR,50.0,60.0,100,0.0,0.0,0.0,0.0,0.0,0.0,0.0,0.0,0.0,0.0,0.0,0.0,0.0,0.0,0.0,0.0,62.0,73,14,65513,50,65476,0,300,0,0,8,20529,65476,0,0,26214,60.0,0.0,0.0,0.0,0.0,0.0
2026-05-17T18:48:14,ERR,ERR,ERR,ERR,ERR,ERR,ERR,ERR,ERR,ERR,ERR,ERR,ERR,ERR,ERR,ERR,ERR,ERR,ERR,ERR,ERR,ERR,ERR,ERR,ERR,ERR,ERR,ERR,ERR,ERR,ERR,ERR,ERR,ERR,ERR,ERR,ERR,ERR,ERR,ERR,ERR,ERR,ERR,ERR,ERR,ERR,ERR,ERR,ERR,ERR,ERR,ERR,ERR,ERR,ERR,ERR,ERR,ERR,ERR,ERR,ERR,ERR,ERR,ERR,ERR,ERR,ERR,ERR,ERR,ERR,ERR,ERR,ERR,ERR,ERR,ERR,ERR,ERR,ERR,ERR,ERR,ERR,ERR,ERR,ERR,ERR,ERR,ERR,ERR,ERR,ERR,ERR,ERR,ERR,ERR,ERR,ERR,ERR,ERR,ERR,ERR,ERR,ERR,ERR,ERR,ERR,ERR,ERR,ERR,ERR,ERR,ERR,ERR,ERR,ERR,ERR,ERR,ERR,ERR,ERR,ERR,ERR,ERR,ERR,ERR,0.0,0.0,-134474944.0,0.0,0.0,1.3936040501711995e+18,7.805,0.0,0,0,4,0,8422,0.0,45,0.0,0.0,0.0,0.0,0.0,0,0,0,0,0.0,0,0,0,0,0,0,0,0,0,0,0,0,0,0,0,0,0,0,0,0,0,0,0,0,0,0,0,0,0,0,0,0,0,38,14,7,45,65476,0,300,0,0,8,21553,0.0,-107605600.0,0.0,0.0,0.0,0.0,0.0,0.0,0.0,0.0,0.0,0.0,0.0,0.0,0.0,0.0,0.0,0.0,0.0,0.0,0.0,0.0,2.004,2.004,-0.0,0.0,0.0,0.0,0.0,0.0,4922.0,-0.0,0.0,0.0,0.0,-107615280.0,2.718429300292151e+23,0.0,0.0,0.0,0.0,53,-0.0,-0.0,0.0,0.0,0.0,0.0,0.0,0.0,0.0,0,0,0,0.0,0.0,0.0,0.0,0.0,0.0,0.0,0.0,0.0,0.0,0.0,0.0,0.0,0.0,0.0,0.0,0,-107875648.0,53,0.0,106,-107614832.0,0.0,ERR,ERR,ERR,ERR,ERR,ERR,ERR,ERR,ERR,ERR,ERR,ERR,ERR,ERR,ERR,ERR,ERR,ERR,ERR,ERR,ERR,ERR,ERR,ERR,ERR,ERR,ERR,ERR,ERR,ERR,ERR,ERR,ERR,ERR,ERR,ERR,ERR,ERR,ERR,ERR,ERR,ERR,ERR,ERR,ERR,ERR,ERR,ERR,ERR,ERR,ERR,ERR,ERR,ERR,ERR,ERR,ERR,ERR,ERR,ERR,ERR,ERR,ERR,ERR,ERR,ERR,ERR,50.0,60.0,100,0.0,0.0,0.0,0.0,0.0,0.0,0.0,0.0,0.0,0.0,0.0,0.0,0.0,0.0,0.0,0.0,61.6,73,14,65513,50,65476,0,300,0,0,8,20529,65476,0,0,26214,60.0,0.0,0.0,0.0,0.0,0.0
2026-05-17T18:48:15,ERR,ERR,ERR,ERR,ERR,ERR,ERR,ERR,ERR,ERR,ERR,ERR,ERR,ERR,ERR,ERR,ERR,ERR,ERR,ERR,ERR,ERR,ERR,ERR,ERR,ERR,ERR,ERR,ERR,ERR,ERR,ERR,ERR,ERR,ERR,ERR,ERR,ERR,ERR,ERR,ERR,ERR,ERR,ERR,ERR,ERR,ERR,ERR,ERR,ERR,ERR,ERR,ERR,ERR,ERR,ERR,ERR,ERR,ERR,ERR,ERR,ERR,ERR,ERR,ERR,ERR,ERR,ERR,ERR,ERR,ERR,ERR,ERR,ERR,ERR,ERR,ERR,ERR,ERR,ERR,ERR,ERR,ERR,ERR,ERR,ERR,ERR,ERR,ERR,ERR,ERR,ERR,ERR,ERR,ERR,ERR,ERR,ERR,ERR,ERR,ERR,ERR,ERR,ERR,ERR,ERR,ERR,ERR,ERR,ERR,ERR,ERR,ERR,ERR,ERR,ERR,ERR,ERR,ERR,ERR,ERR,ERR,ERR,ERR,ERR,0.0,0.0,-134474944.0,0.0,0.0,1.3936040501711995e+18,7.805,0.0,0,0,4,0,8422,0.0,45,0.0,0.0,0.0,0.0,0.0,0,0,0,0,0.0,0,0,0,0,0,0,0,0,0,0,0,0,0,0,0,0,0,0,0,0,0,0,0,0,0,0,0,0,0,0,0,0,0,38,14,7,45,65476,0,300,0,0,8,21553,0.0,-107605600.0,0.0,0.0,0.0,0.0,0.0,0.0,0.0,0.0,0.0,0.0,0.0,0.0,0.0,0.0,0.0,0.0,0.0,0.0,0.0,0.0,2.004,2.004,-0.0,0.0,0.0,0.0,0.0,0.0,4922.0,-0.0,0.0,0.0,0.0,-107615280.0,2.718429300292151e+23,0.0,0.0,0.0,0.0,53,-0.0,-0.0,0.0,0.0,0.0,0.0,0.0,0.0,0.0,0,0,0,0.0,0.0,0.0,0.0,0.0,0.0,0.0,0.0,0.0,0.0,0.0,0.0,0.0,0.0,0.0,0.0,0,-107875648.0,53,0.0,106,-107614832.0,0.0,ERR,ERR,ERR,ERR,ERR,ERR,ERR,ERR,ERR,ERR,ERR,ERR,ERR,ERR,ERR,ERR,ERR,ERR,ERR,ERR,ERR,ERR,ERR,ERR,ERR,ERR,ERR,ERR,ERR,ERR,ERR,ERR,ERR,ERR,ERR,ERR,ERR,ERR,ERR,ERR,ERR,ERR,ERR,ERR,ERR,ERR,ERR,ERR,ERR,ERR,ERR,ERR,ERR,ERR,ERR,ERR,ERR,ERR,ERR,ERR,ERR,ERR,ERR,ERR,ERR,ERR,ERR,50.0,60.0,100,0.0,0.0,0.0,0.0,0.0,0.0,0.0,0.0,0.0,0.0,0.0,0.0,0.0,0.0,0.0,0.0,61.6,73,14,65513,50,65476,0,300,0,0,8,20529,65476,0,0,26214,60.0,0.0,0.0,0.0,0.0,0.0
2026-05-17T18:48:16,ERR,ERR,ERR,ERR,ERR,ERR,ERR,ERR,ERR,ERR,ERR,ERR,ERR,ERR,ERR,ERR,ERR,ERR,ERR,ERR,ERR,ERR,ERR,ERR,ERR,ERR,ERR,ERR,ERR,ERR,ERR,ERR,ERR,ERR,ERR,ERR,ERR,ERR,ERR,ERR,ERR,ERR,ERR,ERR,ERR,ERR,ERR,ERR,ERR,ERR,ERR,ERR,ERR,ERR,ERR,ERR,ERR,ERR,ERR,ERR,ERR,ERR,ERR,ERR,ERR,ERR,ERR,ERR,ERR,ERR,ERR,ERR,ERR,ERR,ERR,ERR,ERR,ERR,ERR,ERR,ERR,ERR,ERR,ERR,ERR,ERR,ERR,ERR,ERR,ERR,ERR,ERR,ERR,ERR,ERR,ERR,ERR,ERR,ERR,ERR,ERR,ERR,ERR,ERR,ERR,ERR,ERR,ERR,ERR,ERR,ERR,ERR,ERR,ERR,ERR,ERR,ERR,ERR,ERR,ERR,ERR,ERR,ERR,ERR,ERR,0.0,0.0,-134474944.0,0.0,0.0,1.3936040501711995e+18,7.805,0.0,0,0,4,0,8422,0.0,45,0.0,0.0,0.0,0.0,0.0,0,0,0,0,0.0,0,0,0,0,0,0,0,0,0,0,0,0,0,0,0,0,0,0,0,0,0,0,0,0,0,0,0,0,0,0,0,0,0,38,14,7,45,65476,0,300,0,0,8,21553,0.0,-107605600.0,0.0,0.0,0.0,0.0,0.0,0.0,0.0,0.0,0.0,0.0,0.0,0.0,0.0,0.0,0.0,0.0,0.0,0.0,0.0,0.0,2.004,2.004,-0.0,0.0,0.0,0.0,0.0,0.0,4922.0,-0.0,0.0,0.0,0.0,-107615280.0,2.718429300292151e+23,0.0,0.0,0.0,0.0,53,-0.0,-0.0,0.0,0.0,0.0,0.0,0.0,0.0,0.0,0,0,0,0.0,0.0,0.0,0.0,0.0,0.0,0.0,0.0,0.0,0.0,0.0,0.0,0.0,0.0,0.0,0.0,0,-107875648.0,53,0.0,106,-107614832.0,0.0,ERR,ERR,ERR,ERR,ERR,ERR,ERR,ERR,ERR,ERR,ERR,ERR,ERR,ERR,ERR,ERR,ERR,ERR,ERR,ERR,ERR,ERR,ERR,ERR,ERR,ERR,ERR,ERR,ERR,ERR,ERR,ERR,ERR,ERR,ERR,ERR,ERR,ERR,ERR,ERR,ERR,ERR,ERR,ERR,ERR,ERR,ERR,ERR,ERR,ERR,ERR,ERR,ERR,ERR,ERR,ERR,ERR,ERR,ERR,ERR,ERR,ERR,ERR,ERR,ERR,ERR,ERR,50.0,60.0,100,0.0,0.0,0.0,0.0,0.0,0.0,0.0,0.0,0.0,0.0,0.0,0.0,0.0,0.0,0.0,0.0,61.6,73,14,65513,50,65476,0,300,0,0,8,20529,65476,0,0,26214,60.0,0.0,0.0,0.0,0.0,0.0
2026-05-17T18:48:17,ERR,ERR,ERR,ERR,ERR,ERR,ERR,ERR,ERR,ERR,ERR,ERR,ERR,ERR,ERR,ERR,ERR,ERR,ERR,ERR,ERR,ERR,ERR,ERR,ERR,ERR,ERR,ERR,ERR,ERR,ERR,ERR,ERR,ERR,ERR,ERR,ERR,ERR,ERR,ERR,ERR,ERR,ERR,ERR,ERR,ERR,ERR,ERR,ERR,ERR,ERR,ERR,ERR,ERR,ERR,ERR,ERR,ERR,ERR,ERR,ERR,ERR,ERR,ERR,ERR,ERR,ERR,ERR,ERR,ERR,ERR,ERR,ERR,ERR,ERR,ERR,ERR,ERR,ERR,ERR,ERR,ERR,ERR,ERR,ERR,ERR,ERR,ERR,ERR,ERR,ERR,ERR,ERR,ERR,ERR,ERR,ERR,ERR,ERR,ERR,ERR,ERR,ERR,ERR,ERR,ERR,ERR,ERR,ERR,ERR,ERR,ERR,ERR,ERR,ERR,ERR,ERR,ERR,ERR,ERR,ERR,ERR,ERR,ERR,ERR,0.0,0.0,-134474944.0,0.0,0.0,1.3936040501711995e+18,7.805,0.0,0,0,4,0,8422,0.0,45,0.0,0.0,0.0,0.0,0.0,0,0,0,0,0.0,0,0,0,0,0,0,0,0,0,0,0,0,0,0,0,0,0,0,0,0,0,0,0,0,0,0,0,0,0,0,0,0,0,38,14,7,45,65476,0,300,0,0,8,21553,0.0,-107605600.0,0.0,0.0,0.0,0.0,0.0,0.0,0.0,0.0,0.0,0.0,0.0,0.0,0.0,0.0,0.0,0.0,0.0,0.0,0.0,0.0,2.004,2.004,-0.0,0.0,0.0,0.0,0.0,0.0,4922.0,-0.0,0.0,0.0,0.0,-107615280.0,2.718429300292151e+23,0.0,0.0,0.0,0.0,53,-0.0,-0.0,0.0,0.0,0.0,0.0,0.0,0.0,0.0,0,0,0,0.0,0.0,0.0,0.0,0.0,0.0,0.0,0.0,0.0,0.0,0.0,0.0,0.0,0.0,0.0,0.0,0,-107875648.0,53,0.0,106,-107614832.0,0.0,ERR,ERR,ERR,ERR,ERR,ERR,ERR,ERR,ERR,ERR,ERR,ERR,ERR,ERR,ERR,ERR,ERR,ERR,ERR,ERR,ERR,ERR,ERR,ERR,ERR,ERR,ERR,ERR,ERR,ERR,ERR,ERR,ERR,ERR,ERR,ERR,ERR,ERR,ERR,ERR,ERR,ERR,ERR,ERR,ERR,ERR,ERR,ERR,ERR,ERR,ERR,ERR,ERR,ERR,ERR,ERR,ERR,ERR,ERR,ERR,ERR,ERR,ERR,ERR,ERR,ERR,ERR,50.0,60.0,100,0.0,0.0,0.0,0.0,0.0,0.0,0.0,0.0,0.0,0.0,0.0,0.0,0.0,0.0,0.0,0.0,61.6,73,14,65513,50,65476,0,300,0,0,8,20529,65476,0,0,26214,60.0,0.0,0.0,0.0,0.0,0.0
2026-05-17T18:48:18,ERR,ERR,ERR,ERR,ERR,ERR,ERR,ERR,ERR,ERR,ERR,ERR,ERR,ERR,ERR,ERR,ERR,ERR,ERR,ERR,ERR,ERR,ERR,ERR,ERR,ERR,ERR,ERR,ERR,ERR,ERR,ERR,ERR,ERR,ERR,ERR,ERR,ERR,ERR,ERR,ERR,ERR,ERR,ERR,ERR,ERR,ERR,ERR,ERR,ERR,ERR,ERR,ERR,ERR,ERR,ERR,ERR,ERR,ERR,ERR,ERR,ERR,ERR,ERR,ERR,ERR,ERR,ERR,ERR,ERR,ERR,ERR,ERR,ERR,ERR,ERR,ERR,ERR,ERR,ERR,ERR,ERR,ERR,ERR,ERR,ERR,ERR,ERR,ERR,ERR,ERR,ERR,ERR,ERR,ERR,ERR,ERR,ERR,ERR,ERR,ERR,ERR,ERR,ERR,ERR,ERR,ERR,ERR,ERR,ERR,ERR,ERR,ERR,ERR,ERR,ERR,ERR,ERR,ERR,ERR,ERR,ERR,ERR,ERR,ERR,0.0,0.0,-134474944.0,0.0,0.0,1.3936040501711995e+18,7.805,0.0,0,0,4,0,8422,0.0,45,0.0,0.0,0.0,0.0,0.0,0,0,0,0,0.0,0,0,0,0,0,0,0,0,0,0,0,0,0,0,0,0,0,0,0,0,0,0,0,0,0,0,0,0,0,0,0,0,0,38,14,7,45,65476,0,300,0,0,8,21553,0.0,-107605600.0,0.0,0.0,0.0,0.0,0.0,0.0,0.0,0.0,0.0,0.0,0.0,0.0,0.0,0.0,0.0,0.0,0.0,0.0,0.0,0.0,2.004,2.004,-0.0,0.0,0.0,0.0,0.0,0.0,4922.0,-0.0,0.0,0.0,0.0,-107615280.0,2.718429300292151e+23,0.0,0.0,0.0,0.0,53,-0.0,-0.0,0.0,0.0,0.0,0.0,0.0,0.0,0.0,0,0,0,0.0,0.0,0.0,0.0,0.0,0.0,0.0,0.0,0.0,0.0,0.0,0.0,0.0,0.0,0.0,0.0,0,-107875648.0,53,0.0,106,-107614832.0,0.0,ERR,ERR,ERR,ERR,ERR,ERR,ERR,ERR,ERR,ERR,ERR,ERR,ERR,ERR,ERR,ERR,ERR,ERR,ERR,ERR,ERR,ERR,ERR,ERR,ERR,ERR,ERR,ERR,ERR,ERR,ERR,ERR,ERR,ERR,ERR,ERR,ERR,ERR,ERR,ERR,ERR,ERR,ERR,ERR,ERR,ERR,ERR,ERR,ERR,ERR,ERR,ERR,ERR,ERR,ERR,ERR,ERR,ERR,ERR,ERR,ERR,ERR,ERR,ERR,ERR,ERR,ERR,50.0,60.0,100,0.0,0.0,0.0,0.0,0.0,0.0,0.0,0.0,0.0,0.0,0.0,0.0,0.0,0.0,0.0,0.0,61.6,73,14,65513,50,65476,0,300,0,0,8,20529,65476,0,0,26214,60.0,0.0,0.0,0.0,0.0,0.0
2026-05-17T18:48:19,ERR,ERR,ERR,ERR,ERR,ERR,ERR,ERR,ERR,ERR,ERR,ERR,ERR,ERR,ERR,ERR,ERR,ERR,ERR,ERR,ERR,ERR,ERR,ERR,ERR,ERR,ERR,ERR,ERR,ERR,ERR,ERR,ERR,ERR,ERR,ERR,ERR,ERR,ERR,ERR,ERR,ERR,ERR,ERR,ERR,ERR,ERR,ERR,ERR,ERR,ERR,ERR,ERR,ERR,ERR,ERR,ERR,ERR,ERR,ERR,ERR,ERR,ERR,ERR,ERR,ERR,ERR,ERR,ERR,ERR,ERR,ERR,ERR,ERR,ERR,ERR,ERR,ERR,ERR,ERR,ERR,ERR,ERR,ERR,ERR,ERR,ERR,ERR,ERR,ERR,ERR,ERR,ERR,ERR,ERR,ERR,ERR,ERR,ERR,ERR,ERR,ERR,ERR,ERR,ERR,ERR,ERR,ERR,ERR,ERR,ERR,ERR,ERR,ERR,ERR,ERR,ERR,ERR,ERR,ERR,ERR,ERR,ERR,ERR,ERR,0.0,0.0,-134474944.0,0.0,0.0,1.3936040501711995e+18,7.805,0.0,0,0,4,0,8422,0.0,45,0.0,0.0,0.0,0.0,0.0,0,0,0,0,0.0,0,0,0,0,0,0,0,0,0,0,0,0,0,0,0,0,0,0,0,0,0,0,0,0,0,0,0,0,0,0,0,0,0,38,14,7,45,65476,0,300,0,0,8,21553,0.0,-107605600.0,0.0,0.0,0.0,0.0,0.0,0.0,0.0,0.0,0.0,0.0,0.0,0.0,0.0,0.0,0.0,0.0,0.0,0.0,0.0,0.0,2.004,2.004,-0.0,0.0,0.0,0.0,0.0,0.0,4920.0,-0.0,0.0,0.0,0.0,-107615280.0,2.718429300292151e+23,0.0,0.0,0.0,0.0,53,-0.0,-71.629,0.0,0.0,0.0,0.0,0.0,0.0,0.0,0,0,0,0.0,0.0,0.0,0.0,0.0,0.0,0.0,0.0,0.0,0.0,0.0,0.0,0.0,0.0,0.0,0.0,0,-107875648.0,53,0.0,106,-107614832.0,0.0,ERR,ERR,ERR,ERR,ERR,ERR,ERR,ERR,ERR,ERR,ERR,ERR,ERR,ERR,ERR,ERR,ERR,ERR,ERR,ERR,ERR,ERR,ERR,ERR,ERR,ERR,ERR,ERR,ERR,ERR,ERR,ERR,ERR,ERR,ERR,ERR,ERR,ERR,ERR,ERR,ERR,ERR,ERR,ERR,ERR,ERR,ERR,ERR,ERR,ERR,ERR,ERR,ERR,ERR,ERR,ERR,ERR,ERR,ERR,ERR,ERR,ERR,ERR,ERR,ERR,ERR,ERR,50.0,60.0,100,0.0,0.0,0.0,0.0,0.0,0.0,0.0,0.0,0.0,0.0,0.0,0.0,0.0,0.0,0.0,0.0,61.6,73,14,65513,50,65476,0,300,0,0,8,20529,65476,0,0,26214,60.0,0.0,0.0,0.0,0.0,0.0
2026-05-17T18:48:20,ERR,ERR,ERR,ERR,ERR,ERR,ERR,ERR,ERR,ERR,ERR,ERR,ERR,ERR,ERR,ERR,ERR,ERR,ERR,ERR,ERR,ERR,ERR,ERR,ERR,ERR,ERR,ERR,ERR,ERR,ERR,ERR,ERR,ERR,ERR,ERR,ERR,ERR,ERR,ERR,ERR,ERR,ERR,ERR,ERR,ERR,ERR,ERR,ERR,ERR,ERR,ERR,ERR,ERR,ERR,ERR,ERR,ERR,ERR,ERR,ERR,ERR,ERR,ERR,ERR,ERR,ERR,ERR,ERR,ERR,ERR,ERR,ERR,ERR,ERR,ERR,ERR,ERR,ERR,ERR,ERR,ERR,ERR,ERR,ERR,ERR,ERR,ERR,ERR,ERR,ERR,ERR,ERR,ERR,ERR,ERR,ERR,ERR,ERR,ERR,ERR,ERR,ERR,ERR,ERR,ERR,ERR,ERR,ERR,ERR,ERR,ERR,ERR,ERR,ERR,ERR,ERR,ERR,ERR,ERR,ERR,ERR,ERR,ERR,ERR,0.0,0.0,-134474944.0,0.0,0.0,1.3936040501711995e+18,7.805,0.0,0,0,4,0,8422,0.0,45,0.0,0.0,0.0,0.0,0.0,0,0,0,0,0.0,0,0,0,0,0,0,0,0,0,0,0,0,0,0,0,0,0,0,0,0,0,0,0,0,0,0,0,0,0,0,0,0,0,38,14,7,45,65476,0,300,0,0,8,21553,0.0,-107605600.0,0.0,0.0,0.0,0.0,0.0,0.0,0.0,0.0,0.0,0.0,0.0,0.0,0.0,0.0,0.0,0.0,0.0,0.0,0.0,0.0,2.004,2.004,-0.0,0.0,0.0,0.0,0.0,0.0,4920.0,-0.0,0.0,0.0,0.0,-107615280.0,2.718429300292151e+23,0.0,0.0,0.0,0.0,53,-0.0,-71.629,0.0,0.0,0.0,0.0,0.0,0.0,0.0,0,0,0,0.0,0.0,0.0,0.0,0.0,0.0,0.0,0.0,0.0,0.0,0.0,0.0,0.0,0.0,0.0,0.0,0,-107875648.0,53,0.0,106,-107614832.0,0.0,ERR,ERR,ERR,ERR,ERR,ERR,ERR,ERR,ERR,ERR,ERR,ERR,ERR,ERR,ERR,ERR,ERR,ERR,ERR,ERR,ERR,ERR,ERR,ERR,ERR,ERR,ERR,ERR,ERR,ERR,ERR,ERR,ERR,ERR,ERR,ERR,ERR,ERR,ERR,ERR,ERR,ERR,ERR,ERR,ERR,ERR,ERR,ERR,ERR,ERR,ERR,ERR,ERR,ERR,ERR,ERR,ERR,ERR,ERR,ERR,ERR,ERR,ERR,ERR,ERR,ERR,ERR,50.0,60.0,100,0.0,0.0,0.0,0.0,0.0,0.0,0.0,0.0,0.0,0.0,0.0,0.0,0.0,0.0,0.0,0.0,61.6,73,14,65513,50,65476,0,300,0,0,8,20529,65476,0,0,26214,60.0,0.0,0.0,0.0,0.0,0.0
2026-05-17T18:48:21,ERR,ERR,ERR,ERR,ERR,ERR,ERR,ERR,ERR,ERR,ERR,ERR,ERR,ERR,ERR,ERR,ERR,ERR,ERR,ERR,ERR,ERR,ERR,ERR,ERR,ERR,ERR,ERR,ERR,ERR,ERR,ERR,ERR,ERR,ERR,ERR,ERR,ERR,ERR,ERR,ERR,ERR,ERR,ERR,ERR,ERR,ERR,ERR,ERR,ERR,ERR,ERR,ERR,ERR,ERR,ERR,ERR,ERR,ERR,ERR,ERR,ERR,ERR,ERR,ERR,ERR,ERR,ERR,ERR,ERR,ERR,ERR,ERR,ERR,ERR,ERR,ERR,ERR,ERR,ERR,ERR,ERR,ERR,ERR,ERR,ERR,ERR,ERR,ERR,ERR,ERR,ERR,ERR,ERR,ERR,ERR,ERR,ERR,ERR,ERR,ERR,ERR,ERR,ERR,ERR,ERR,ERR,ERR,ERR,ERR,ERR,ERR,ERR,ERR,ERR,ERR,ERR,ERR,ERR,ERR,ERR,ERR,ERR,ERR,ERR,0.0,0.0,-134474944.0,0.0,0.0,1.3936040501711995e+18,7.805,0.0,0,0,4,0,8422,0.0,45,0.0,0.0,0.0,0.0,0.0,0,0,0,0,0.0,0,0,0,0,0,0,0,0,0,0,0,0,0,0,0,0,0,0,0,0,0,0,0,0,0,0,0,0,0,0,0,0,0,38,14,7,45,65476,0,300,0,0,8,21553,0.0,-107605600.0,0.0,0.0,0.0,0.0,0.0,0.0,0.0,0.0,0.0,0.0,0.0,0.0,0.0,0.0,0.0,0.0,0.0,0.0,0.0,0.0,2.004,2.004,-0.0,0.0,0.0,0.0,0.0,0.0,4920.0,-0.0,0.0,0.0,0.0,-107615280.0,2.718429300292151e+23,0.0,0.0,0.0,0.0,53,-0.0,-71.629,0.0,0.0,0.0,0.0,0.0,0.0,0.0,0,0,0,0.0,0.0,0.0,0.0,0.0,0.0,0.0,0.0,0.0,0.0,0.0,0.0,0.0,0.0,0.0,0.0,0,-107875648.0,53,0.0,106,-107614832.0,0.0,ERR,ERR,ERR,ERR,ERR,ERR,ERR,ERR,ERR,ERR,ERR,ERR,ERR,ERR,ERR,ERR,ERR,ERR,ERR,ERR,ERR,ERR,ERR,ERR,ERR,ERR,ERR,ERR,ERR,ERR,ERR,ERR,ERR,ERR,ERR,ERR,ERR,ERR,ERR,ERR,ERR,ERR,ERR,ERR,ERR,ERR,ERR,ERR,ERR,ERR,ERR,ERR,ERR,ERR,ERR,ERR,ERR,ERR,ERR,ERR,ERR,ERR,ERR,ERR,ERR,ERR,ERR,50.0,60.0,100,0.0,0.0,0.0,0.0,0.0,0.0,0.0,0.0,0.0,0.0,0.0,0.0,0.0,0.0,0.0,0.0,61.6,73,14,65513,50,65476,0,300,0,0,8,20529,65476,0,0,26214,60.0,0.0,0.0,0.0,0.0,0.0
2026-05-17T18:48:22,ERR,ERR,ERR,ERR,ERR,ERR,ERR,ERR,ERR,ERR,ERR,ERR,ERR,ERR,ERR,ERR,ERR,ERR,ERR,ERR,ERR,ERR,ERR,ERR,ERR,ERR,ERR,ERR,ERR,ERR,ERR,ERR,ERR,ERR,ERR,ERR,ERR,ERR,ERR,ERR,ERR,ERR,ERR,ERR,ERR,ERR,ERR,ERR,ERR,ERR,ERR,ERR,ERR,ERR,ERR,ERR,ERR,ERR,ERR,ERR,ERR,ERR,ERR,ERR,ERR,ERR,ERR,ERR,ERR,ERR,ERR,ERR,ERR,ERR,ERR,ERR,ERR,ERR,ERR,ERR,ERR,ERR,ERR,ERR,ERR,ERR,ERR,ERR,ERR,ERR,ERR,ERR,ERR,ERR,ERR,ERR,ERR,ERR,ERR,ERR,ERR,ERR,ERR,ERR,ERR,ERR,ERR,ERR,ERR,ERR,ERR,ERR,ERR,ERR,ERR,ERR,ERR,ERR,ERR,ERR,ERR,ERR,ERR,ERR,ERR,0.0,0.0,-134474944.0,0.0,0.0,1.3936040501711995e+18,7.805,0.0,0,0,4,0,8422,0.0,45,0.0,0.0,0.0,0.0,0.0,0,0,0,0,0.0,0,0,0,0,0,0,0,0,0,0,0,0,0,0,0,0,0,0,0,0,0,0,0,0,0,0,0,0,0,0,0,0,0,38,14,7,45,65476,0,300,0,0,8,21553,0.0,-107605600.0,0.0,0.0,0.0,0.0,0.0,0.0,0.0,0.0,0.0,0.0,0.0,0.0,0.0,0.0,0.0,0.0,0.0,0.0,0.0,0.0,2.004,2.004,-0.0,0.0,0.0,0.0,0.0,0.0,4920.0,-0.0,0.0,0.0,0.0,-107615280.0,2.718429300292151e+23,0.0,0.0,0.0,0.0,53,-0.0,-71.629,0.0,0.0,0.0,0.0,0.0,0.0,0.0,0,0,0,0.0,0.0,0.0,0.0,0.0,0.0,0.0,0.0,0.0,0.0,0.0,0.0,0.0,0.0,0.0,0.0,0,-107875648.0,53,0.0,106,-107614832.0,0.0,ERR,ERR,ERR,ERR,ERR,ERR,ERR,ERR,ERR,ERR,ERR,ERR,ERR,ERR,ERR,ERR,ERR,ERR,ERR,ERR,ERR,ERR,ERR,ERR,ERR,ERR,ERR,ERR,ERR,ERR,ERR,ERR,ERR,ERR,ERR,ERR,ERR,ERR,ERR,ERR,ERR,ERR,ERR,ERR,ERR,ERR,ERR,ERR,ERR,ERR,ERR,ERR,ERR,ERR,ERR,ERR,ERR,ERR,ERR,ERR,ERR,ERR,ERR,ERR,ERR,ERR,ERR,50.0,60.0,100,0.0,0.0,0.0,0.0,0.0,0.0,0.0,0.0,0.0,0.0,0.0,0.0,0.0,0.0,0.0,0.0,62.0,73,14,65513,50,65476,0,300,0,0,8,20529,65476,0,0,26214,60.0,0.0,0.0,0.0,0.0,0.0
2026-05-17T18:48:23,ERR,ERR,ERR,ERR,ERR,ERR,ERR,ERR,ERR,ERR,ERR,ERR,ERR,ERR,ERR,ERR,ERR,ERR,ERR,ERR,ERR,ERR,ERR,ERR,ERR,ERR,ERR,ERR,ERR,ERR,ERR,ERR,ERR,ERR,ERR,ERR,ERR,ERR,ERR,ERR,ERR,ERR,ERR,ERR,ERR,ERR,ERR,ERR,ERR,ERR,ERR,ERR,ERR,ERR,ERR,ERR,ERR,ERR,ERR,ERR,ERR,ERR,ERR,ERR,ERR,ERR,ERR,ERR,ERR,ERR,ERR,ERR,ERR,ERR,ERR,ERR,ERR,ERR,ERR,ERR,ERR,ERR,ERR,ERR,ERR,ERR,ERR,ERR,ERR,ERR,ERR,ERR,ERR,ERR,ERR,ERR,ERR,ERR,ERR,ERR,ERR,ERR,ERR,ERR,ERR,ERR,ERR,ERR,ERR,ERR,ERR,ERR,ERR,ERR,ERR,ERR,ERR,ERR,ERR,ERR,ERR,ERR,ERR,ERR,ERR,0.0,0.0,-134474944.0,0.0,0.0,1.3936040501711995e+18,7.805,0.0,0,0,4,0,8422,0.0,45,0.0,0.0,0.0,0.0,0.0,0,0,0,0,0.0,0,0,0,0,0,0,0,0,0,0,0,0,0,0,0,0,0,0,0,0,0,0,0,0,0,0,0,0,0,0,0,0,0,38,14,7,45,65476,0,300,0,0,8,21553,0.0,-107605600.0,0.0,0.0,0.0,0.0,0.0,0.0,0.0,0.0,0.0,0.0,0.0,0.0,0.0,0.0,0.0,0.0,0.0,0.0,0.0,0.0,2.004,2.004,-0.0,0.0,0.0,0.0,0.0,0.0,4920.0,-0.0,0.0,0.0,0.0,-107615280.0,2.718429300292151e+23,0.0,0.0,0.0,0.0,53,-0.0,-71.629,0.0,0.0,0.0,0.0,0.0,0.0,0.0,0,0,0,0.0,0.0,0.0,0.0,0.0,0.0,0.0,0.0,0.0,0.0,0.0,0.0,0.0,0.0,0.0,0.0,0,-107875648.0,53,0.0,106,-107614832.0,0.0,ERR,ERR,ERR,ERR,ERR,ERR,ERR,ERR,ERR,ERR,ERR,ERR,ERR,ERR,ERR,ERR,ERR,ERR,ERR,ERR,ERR,ERR,ERR,ERR,ERR,ERR,ERR,ERR,ERR,ERR,ERR,ERR,ERR,ERR,ERR,ERR,ERR,ERR,ERR,ERR,ERR,ERR,ERR,ERR,ERR,ERR,ERR,ERR,ERR,ERR,ERR,ERR,ERR,ERR,ERR,ERR,ERR,ERR,ERR,ERR,ERR,ERR,ERR,ERR,ERR,ERR,ERR,50.0,60.0,100,0.0,0.0,0.0,0.0,0.0,0.0,0.0,0.0,0.0,0.0,0.0,0.0,0.0,0.0,0.0,0.0,62.0,73,14,65513,50,65476,0,300,0,0,8,20529,65476,0,0,26214,60.0,0.0,0.0,0.0,0.0,0.0
2026-05-17T18:48:24,ERR,ERR,ERR,ERR,ERR,ERR,ERR,ERR,ERR,ERR,ERR,ERR,ERR,ERR,ERR,ERR,ERR,ERR,ERR,ERR,ERR,ERR,ERR,ERR,ERR,ERR,ERR,ERR,ERR,ERR,ERR,ERR,ERR,ERR,ERR,ERR,ERR,ERR,ERR,ERR,ERR,ERR,ERR,ERR,ERR,ERR,ERR,ERR,ERR,ERR,ERR,ERR,ERR,ERR,ERR,ERR,ERR,ERR,ERR,ERR,ERR,ERR,ERR,ERR,ERR,ERR,ERR,ERR,ERR,ERR,ERR,ERR,ERR,ERR,ERR,ERR,ERR,ERR,ERR,ERR,ERR,ERR,ERR,ERR,ERR,ERR,ERR,ERR,ERR,ERR,ERR,ERR,ERR,ERR,ERR,ERR,ERR,ERR,ERR,ERR,ERR,ERR,ERR,ERR,ERR,ERR,ERR,ERR,ERR,ERR,ERR,ERR,ERR,ERR,ERR,ERR,ERR,ERR,ERR,ERR,ERR,ERR,ERR,ERR,ERR,0.0,0.0,-134474944.0,0.0,0.0,1.3936040501711995e+18,7.805,0.0,0,0,4,0,8422,0.0,45,0.0,0.0,0.0,0.0,0.0,0,0,0,0,0.0,0,0,0,0,0,0,0,0,0,0,0,0,0,0,0,0,0,0,0,0,0,0,0,0,0,0,0,0,0,0,0,0,0,38,14,7,45,65476,0,300,0,0,8,21553,0.0,-107605600.0,0.0,0.0,0.0,0.0,0.0,0.0,0.0,0.0,0.0,0.0,0.0,0.0,0.0,0.0,0.0,0.0,0.0,0.0,0.0,0.0,2.004,2.004,-0.0,0.0,0.0,0.0,0.0,0.0,4919.0,-564145632051200.0,0.0,0.0,0.0,-107615280.0,2.718429300292151e+23,0.0,0.0,0.0,0.0,53,-0.0,0.0,0.0,0.0,0.0,0.0,0.0,0.0,0.0,0,0,0,0.0,0.0,0.0,0.0,0.0,0.0,0.0,0.0,0.0,0.0,0.0,0.0,0.0,0.0,0.0,0.0,0,-107875648.0,53,0.0,106,-107614832.0,0.0,ERR,ERR,ERR,ERR,ERR,ERR,ERR,ERR,ERR,ERR,ERR,ERR,ERR,ERR,ERR,ERR,ERR,ERR,ERR,ERR,ERR,ERR,ERR,ERR,ERR,ERR,ERR,ERR,ERR,ERR,ERR,ERR,ERR,ERR,ERR,ERR,ERR,ERR,ERR,ERR,ERR,ERR,ERR,ERR,ERR,ERR,ERR,ERR,ERR,ERR,ERR,ERR,ERR,ERR,ERR,ERR,ERR,ERR,ERR,ERR,ERR,ERR,ERR,ERR,ERR,ERR,ERR,50.0,60.0,100,0.0,0.0,0.0,0.0,0.0,0.0,0.0,0.0,0.0,0.0,0.0,0.0,0.0,0.0,0.0,0.0,62.0,73,14,65513,50,65476,0,300,0,0,8,20529,65476,0,0,26214,60.0,0.0,0.0,0.0,0.0,0.0
2026-05-17T18:48:25,ERR,ERR,ERR,ERR,ERR,ERR,ERR,ERR,ERR,ERR,ERR,ERR,ERR,ERR,ERR,ERR,ERR,ERR,ERR,ERR,ERR,ERR,ERR,ERR,ERR,ERR,ERR,ERR,ERR,ERR,ERR,ERR,ERR,ERR,ERR,ERR,ERR,ERR,ERR,ERR,ERR,ERR,ERR,ERR,ERR,ERR,ERR,ERR,ERR,ERR,ERR,ERR,ERR,ERR,ERR,ERR,ERR,ERR,ERR,ERR,ERR,ERR,ERR,ERR,ERR,ERR,ERR,ERR,ERR,ERR,ERR,ERR,ERR,ERR,ERR,ERR,ERR,ERR,ERR,ERR,ERR,ERR,ERR,ERR,ERR,ERR,ERR,ERR,ERR,ERR,ERR,ERR,ERR,ERR,ERR,ERR,ERR,ERR,ERR,ERR,ERR,ERR,ERR,ERR,ERR,ERR,ERR,ERR,ERR,ERR,ERR,ERR,ERR,ERR,ERR,ERR,ERR,ERR,ERR,ERR,ERR,ERR,ERR,ERR,ERR,0.0,0.0,-134474944.0,0.0,0.0,1.3936040501711995e+18,7.805,0.0,0,0,4,0,8422,0.0,45,0.0,0.0,0.0,0.0,0.0,0,0,0,0,0.0,0,0,0,0,0,0,0,0,0,0,0,0,0,0,0,0,0,0,0,0,0,0,0,0,0,0,0,0,0,0,0,0,0,38,14,7,45,65476,0,300,0,0,8,21553,0.0,-107605600.0,0.0,0.0,0.0,0.0,0.0,0.0,0.0,0.0,0.0,0.0,0.0,0.0,0.0,0.0,0.0,0.0,0.0,0.0,0.0,0.0,2.004,2.004,-0.0,0.0,0.0,0.0,0.0,0.0,4919.0,-564145632051200.0,0.0,0.0,0.0,-107615280.0,2.718429300292151e+23,0.0,0.0,0.0,0.0,53,-0.0,0.0,0.0,0.0,0.0,0.0,0.0,0.0,0.0,0,0,0,0.0,0.0,0.0,0.0,0.0,0.0,0.0,0.0,0.0,0.0,0.0,0.0,0.0,0.0,0.0,0.0,0,-107875648.0,53,0.0,106,-107614832.0,0.0,ERR,ERR,ERR,ERR,ERR,ERR,ERR,ERR,ERR,ERR,ERR,ERR,ERR,ERR,ERR,ERR,ERR,ERR,ERR,ERR,ERR,ERR,ERR,ERR,ERR,ERR,ERR,ERR,ERR,ERR,ERR,ERR,ERR,ERR,ERR,ERR,ERR,ERR,ERR,ERR,ERR,ERR,ERR,ERR,ERR,ERR,ERR,ERR,ERR,ERR,ERR,ERR,ERR,ERR,ERR,ERR,ERR,ERR,ERR,ERR,ERR,ERR,ERR,ERR,ERR,ERR,ERR,50.0,60.0,100,0.0,0.0,0.0,0.0,0.0,0.0,0.0,0.0,0.0,0.0,0.0,0.0,0.0,0.0,0.0,0.0,62.0,73,14,65513,50,65476,0,300,0,0,8,20529,65476,0,0,26214,60.0,0.0,0.0,0.0,0.0,0.0
2026-05-17T18:48:26,ERR,ERR,ERR,ERR,ERR,ERR,ERR,ERR,ERR,ERR,ERR,ERR,ERR,ERR,ERR,ERR,ERR,ERR,ERR,ERR,ERR,ERR,ERR,ERR,ERR,ERR,ERR,ERR,ERR,ERR,ERR,ERR,ERR,ERR,ERR,ERR,ERR,ERR,ERR,ERR,ERR,ERR,ERR,ERR,ERR,ERR,ERR,ERR,ERR,ERR,ERR,ERR,ERR,ERR,ERR,ERR,ERR,ERR,ERR,ERR,ERR,ERR,ERR,ERR,ERR,ERR,ERR,ERR,ERR,ERR,ERR,ERR,ERR,ERR,ERR,ERR,ERR,ERR,ERR,ERR,ERR,ERR,ERR,ERR,ERR,ERR,ERR,ERR,ERR,ERR,ERR,ERR,ERR,ERR,ERR,ERR,ERR,ERR,ERR,ERR,ERR,ERR,ERR,ERR,ERR,ERR,ERR,ERR,ERR,ERR,ERR,ERR,ERR,ERR,ERR,ERR,ERR,ERR,ERR,ERR,ERR,ERR,ERR,ERR,ERR,0.0,0.0,-134474944.0,0.0,0.0,1.3936040501711995e+18,7.805,0.0,0,0,4,0,8422,0.0,45,0.0,0.0,0.0,0.0,0.0,0,0,0,0,0.0,0,0,0,0,0,0,0,0,0,0,0,0,0,0,0,0,0,0,0,0,0,0,0,0,0,0,0,0,0,0,0,0,0,38,14,7,45,65476,0,300,0,0,8,21553,0.0,-107605600.0,0.0,0.0,0.0,0.0,0.0,0.0,0.0,0.0,0.0,0.0,0.0,0.0,0.0,0.0,0.0,0.0,0.0,0.0,0.0,0.0,2.004,2.004,-0.0,0.0,0.0,0.0,0.0,0.0,4919.0,-564145632051200.0,0.0,0.0,0.0,-107615280.0,2.718429300292151e+23,0.0,0.0,0.0,0.0,53,-0.0,0.0,0.0,0.0,0.0,0.0,0.0,0.0,0.0,0,0,0,0.0,0.0,0.0,0.0,0.0,0.0,0.0,0.0,0.0,0.0,0.0,0.0,0.0,0.0,0.0,0.0,0,-107875648.0,53,0.0,106,-107614832.0,0.0,ERR,ERR,ERR,ERR,ERR,ERR,ERR,ERR,ERR,ERR,ERR,ERR,ERR,ERR,ERR,ERR,ERR,ERR,ERR,ERR,ERR,ERR,ERR,ERR,ERR,ERR,ERR,ERR,ERR,ERR,ERR,ERR,ERR,ERR,ERR,ERR,ERR,ERR,ERR,ERR,ERR,ERR,ERR,ERR,ERR,ERR,ERR,ERR,ERR,ERR,ERR,ERR,ERR,ERR,ERR,ERR,ERR,ERR,ERR,ERR,ERR,ERR,ERR,ERR,ERR,ERR,ERR,50.0,60.0,100,0.0,0.0,0.0,0.0,0.0,0.0,0.0,0.0,0.0,0.0,0.0,0.0,0.0,0.0,0.0,0.0,61.6,73,14,65513,50,65476,0,300,0,0,8,20529,65476,0,0,26214,60.0,0.0,0.0,0.0,0.0,0.0
2026-05-17T18:48:27,ERR,ERR,ERR,ERR,ERR,ERR,ERR,ERR,ERR,ERR,ERR,ERR,ERR,ERR,ERR,ERR,ERR,ERR,ERR,ERR,ERR,ERR,ERR,ERR,ERR,ERR,ERR,ERR,ERR,ERR,ERR,ERR,ERR,ERR,ERR,ERR,ERR,ERR,ERR,ERR,ERR,ERR,ERR,ERR,ERR,ERR,ERR,ERR,ERR,ERR,ERR,ERR,ERR,ERR,ERR,ERR,ERR,ERR,ERR,ERR,ERR,ERR,ERR,ERR,ERR,ERR,ERR,ERR,ERR,ERR,ERR,ERR,ERR,ERR,ERR,ERR,ERR,ERR,ERR,ERR,ERR,ERR,ERR,ERR,ERR,ERR,ERR,ERR,ERR,ERR,ERR,ERR,ERR,ERR,ERR,ERR,ERR,ERR,ERR,ERR,ERR,ERR,ERR,ERR,ERR,ERR,ERR,ERR,ERR,ERR,ERR,ERR,ERR,ERR,ERR,ERR,ERR,ERR,ERR,ERR,ERR,ERR,ERR,ERR,ERR,0.0,0.0,-134474944.0,0.0,0.0,1.3936040501711995e+18,7.805,0.0,0,0,4,0,8422,0.0,45,0.0,0.0,0.0,0.0,0.0,0,0,0,0,0.0,0,0,0,0,0,0,0,0,0,0,0,0,0,0,0,0,0,0,0,0,0,0,0,0,0,0,0,0,0,0,0,0,0,38,14,7,45,65476,0,300,0,0,8,21553,0.0,-107605600.0,0.0,0.0,0.0,0.0,0.0,0.0,0.0,0.0,0.0,0.0,0.0,0.0,0.0,0.0,0.0,0.0,0.0,0.0,0.0,0.0,2.004,2.004,-0.0,0.0,0.0,0.0,0.0,0.0,4919.0,-564145632051200.0,0.0,0.0,0.0,-107615280.0,2.718429300292151e+23,0.0,0.0,0.0,0.0,53,-0.0,0.0,0.0,0.0,0.0,0.0,0.0,0.0,0.0,0,0,0,0.0,0.0,0.0,0.0,0.0,0.0,0.0,0.0,0.0,0.0,0.0,0.0,0.0,0.0,0.0,0.0,0,-107875648.0,53,0.0,106,-107614832.0,0.0,ERR,ERR,ERR,ERR,ERR,ERR,ERR,ERR,ERR,ERR,ERR,ERR,ERR,ERR,ERR,ERR,ERR,ERR,ERR,ERR,ERR,ERR,ERR,ERR,ERR,ERR,ERR,ERR,ERR,ERR,ERR,ERR,ERR,ERR,ERR,ERR,ERR,ERR,ERR,ERR,ERR,ERR,ERR,ERR,ERR,ERR,ERR,ERR,ERR,ERR,ERR,ERR,ERR,ERR,ERR,ERR,ERR,ERR,ERR,ERR,ERR,ERR,ERR,ERR,ERR,ERR,ERR,50.0,60.0,100,0.0,0.0,0.0,0.0,0.0,0.0,0.0,0.0,0.0,0.0,0.0,0.0,0.0,0.0,0.0,0.0,61.6,73,14,65513,50,65476,0,300,0,0,8,20529,65476,0,0,26214,60.0,0.0,0.0,0.0,0.0,0.0
2026-05-17T18:48:28,ERR,ERR,ERR,ERR,ERR,ERR,ERR,ERR,ERR,ERR,ERR,ERR,ERR,ERR,ERR,ERR,ERR,ERR,ERR,ERR,ERR,ERR,ERR,ERR,ERR,ERR,ERR,ERR,ERR,ERR,ERR,ERR,ERR,ERR,ERR,ERR,ERR,ERR,ERR,ERR,ERR,ERR,ERR,ERR,ERR,ERR,ERR,ERR,ERR,ERR,ERR,ERR,ERR,ERR,ERR,ERR,ERR,ERR,ERR,ERR,ERR,ERR,ERR,ERR,ERR,ERR,ERR,ERR,ERR,ERR,ERR,ERR,ERR,ERR,ERR,ERR,ERR,ERR,ERR,ERR,ERR,ERR,ERR,ERR,ERR,ERR,ERR,ERR,ERR,ERR,ERR,ERR,ERR,ERR,ERR,ERR,ERR,ERR,ERR,ERR,ERR,ERR,ERR,ERR,ERR,ERR,ERR,ERR,ERR,ERR,ERR,ERR,ERR,ERR,ERR,ERR,ERR,ERR,ERR,ERR,ERR,ERR,ERR,ERR,ERR,0.0,0.0,-134474944.0,0.0,0.0,1.3936040501711995e+18,7.805,0.0,0,0,4,0,8422,0.0,45,0.0,0.0,0.0,0.0,0.0,0,0,0,0,0.0,0,0,0,0,0,0,0,0,0,0,0,0,0,0,0,0,0,0,0,0,0,0,0,0,0,0,0,0,0,0,0,0,0,38,14,7,45,65476,0,300,0,0,8,21553,0.0,-107605600.0,0.0,0.0,0.0,0.0,0.0,0.0,0.0,0.0,0.0,0.0,0.0,0.0,0.0,0.0,0.0,0.0,0.0,0.0,0.0,0.0,2.004,2.004,-0.0,0.0,0.0,0.0,0.0,0.0,4919.0,-564145632051200.0,0.0,0.0,0.0,-107615280.0,2.718429300292151e+23,0.0,0.0,0.0,0.0,53,-0.0,0.0,0.0,0.0,0.0,0.0,0.0,0.0,0.0,0,0,0,0.0,0.0,0.0,0.0,0.0,0.0,0.0,0.0,0.0,0.0,0.0,0.0,0.0,0.0,0.0,0.0,0,-107875648.0,53,0.0,106,-107614832.0,0.0,ERR,ERR,ERR,ERR,ERR,ERR,ERR,ERR,ERR,ERR,ERR,ERR,ERR,ERR,ERR,ERR,ERR,ERR,ERR,ERR,ERR,ERR,ERR,ERR,ERR,ERR,ERR,ERR,ERR,ERR,ERR,ERR,ERR,ERR,ERR,ERR,ERR,ERR,ERR,ERR,ERR,ERR,ERR,ERR,ERR,ERR,ERR,ERR,ERR,ERR,ERR,ERR,ERR,ERR,ERR,ERR,ERR,ERR,ERR,ERR,ERR,ERR,ERR,ERR,ERR,ERR,ERR,50.0,60.0,100,0.0,0.0,0.0,0.0,0.0,0.0,0.0,0.0,0.0,0.0,0.0,0.0,0.0,0.0,0.0,0.0,61.6,73,14,65513,50,65476,0,300,0,0,8,20529,65476,0,0,26214,60.0,0.0,0.0,0.0,0.0,0.0
2026-05-17T18:48:29,ERR,ERR,ERR,ERR,ERR,ERR,ERR,ERR,ERR,ERR,ERR,ERR,ERR,ERR,ERR,ERR,ERR,ERR,ERR,ERR,ERR,ERR,ERR,ERR,ERR,ERR,ERR,ERR,ERR,ERR,ERR,ERR,ERR,ERR,ERR,ERR,ERR,ERR,ERR,ERR,ERR,ERR,ERR,ERR,ERR,ERR,ERR,ERR,ERR,ERR,ERR,ERR,ERR,ERR,ERR,ERR,ERR,ERR,ERR,ERR,ERR,ERR,ERR,ERR,ERR,ERR,ERR,ERR,ERR,ERR,ERR,ERR,ERR,ERR,ERR,ERR,ERR,ERR,ERR,ERR,ERR,ERR,ERR,ERR,ERR,ERR,ERR,ERR,ERR,ERR,ERR,ERR,ERR,ERR,ERR,ERR,ERR,ERR,ERR,ERR,ERR,ERR,ERR,ERR,ERR,ERR,ERR,ERR,ERR,ERR,ERR,ERR,ERR,ERR,ERR,ERR,ERR,ERR,ERR,ERR,ERR,ERR,ERR,ERR,ERR,0.0,0.0,-134474944.0,0.0,0.0,1.3936040501711995e+18,7.805,0.0,0,0,4,0,8422,0.0,45,0.0,0.0,0.0,0.0,0.0,0,0,0,0,0.0,0,0,0,0,0,0,0,0,0,0,0,0,0,0,0,0,0,0,0,0,0,0,0,0,0,0,0,0,0,0,0,0,0,38,14,7,45,65476,0,300,0,0,8,21553,0.0,-107605600.0,0.0,0.0,0.0,0.0,0.0,0.0,0.0,0.0,0.0,0.0,0.0,0.0,0.0,0.0,0.0,0.0,0.0,0.0,0.0,0.0,2.004,2.004,-0.0,0.0,0.0,0.0,0.0,0.0,4950.0,0.0,0.0,0.0,0.0,-107615280.0,2.718429300292151e+23,0.0,0.0,0.0,0.0,53,-0.0,89220.539,0.0,0.0,0.0,0.0,0.0,0.0,0.0,0,0,0,0.0,0.0,0.0,0.0,0.0,0.0,0.0,0.0,0.0,0.0,0.0,0.0,0.0,0.0,0.0,0.0,0,-107875648.0,53,0.0,106,-107614832.0,0.0,ERR,ERR,ERR,ERR,ERR,ERR,ERR,ERR,ERR,ERR,ERR,ERR,ERR,ERR,ERR,ERR,ERR,ERR,ERR,ERR,ERR,ERR,ERR,ERR,ERR,ERR,ERR,ERR,ERR,ERR,ERR,ERR,ERR,ERR,ERR,ERR,ERR,ERR,ERR,ERR,ERR,ERR,ERR,ERR,ERR,ERR,ERR,ERR,ERR,ERR,ERR,ERR,ERR,ERR,ERR,ERR,ERR,ERR,ERR,ERR,ERR,ERR,ERR,ERR,ERR,ERR,ERR,50.0,60.0,100,0.0,0.0,0.0,0.0,0.0,0.0,0.0,0.0,0.0,0.0,0.0,0.0,0.0,0.0,0.0,0.0,62.0,73,14,65513,50,65476,0,300,0,0,8,20529,65476,0,0,26214,60.0,0.0,0.0,0.0,0.0,0.0
2026-05-17T18:48:30,ERR,ERR,ERR,ERR,ERR,ERR,ERR,ERR,ERR,ERR,ERR,ERR,ERR,ERR,ERR,ERR,ERR,ERR,ERR,ERR,ERR,ERR,ERR,ERR,ERR,ERR,ERR,ERR,ERR,ERR,ERR,ERR,ERR,ERR,ERR,ERR,ERR,ERR,ERR,ERR,ERR,ERR,ERR,ERR,ERR,ERR,ERR,ERR,ERR,ERR,ERR,ERR,ERR,ERR,ERR,ERR,ERR,ERR,ERR,ERR,ERR,ERR,ERR,ERR,ERR,ERR,ERR,ERR,ERR,ERR,ERR,ERR,ERR,ERR,ERR,ERR,ERR,ERR,ERR,ERR,ERR,ERR,ERR,ERR,ERR,ERR,ERR,ERR,ERR,ERR,ERR,ERR,ERR,ERR,ERR,ERR,ERR,ERR,ERR,ERR,ERR,ERR,ERR,ERR,ERR,ERR,ERR,ERR,ERR,ERR,ERR,ERR,ERR,ERR,ERR,ERR,ERR,ERR,ERR,ERR,ERR,ERR,ERR,ERR,ERR,0.0,0.0,-134474944.0,0.0,0.0,1.3936040501711995e+18,7.805,0.0,0,0,4,0,8422,0.0,45,0.0,0.0,0.0,0.0,0.0,0,0,0,0,0.0,0,0,0,0,0,0,0,0,0,0,0,0,0,0,0,0,0,0,0,0,0,0,0,0,0,0,0,0,0,0,0,0,0,38,14,7,45,65476,0,300,0,0,8,21553,0.0,-107605600.0,0.0,0.0,0.0,0.0,0.0,0.0,0.0,0.0,0.0,0.0,0.0,0.0,0.0,0.0,0.0,0.0,0.0,0.0,0.0,0.0,2.004,2.004,-0.0,0.0,0.0,0.0,0.0,0.0,4950.0,0.0,0.0,0.0,0.0,-107615280.0,2.718429300292151e+23,0.0,0.0,0.0,0.0,53,-0.0,89220.539,0.0,0.0,0.0,0.0,0.0,0.0,0.0,0,0,0,0.0,0.0,0.0,0.0,0.0,0.0,0.0,0.0,0.0,0.0,0.0,0.0,0.0,0.0,0.0,0.0,0,-107875648.0,53,0.0,106,-107614832.0,0.0,ERR,ERR,ERR,ERR,ERR,ERR,ERR,ERR,ERR,ERR,ERR,ERR,ERR,ERR,ERR,ERR,ERR,ERR,ERR,ERR,ERR,ERR,ERR,ERR,ERR,ERR,ERR,ERR,ERR,ERR,ERR,ERR,ERR,ERR,ERR,ERR,ERR,ERR,ERR,ERR,ERR,ERR,ERR,ERR,ERR,ERR,ERR,ERR,ERR,ERR,ERR,ERR,ERR,ERR,ERR,ERR,ERR,ERR,ERR,ERR,ERR,ERR,ERR,ERR,ERR,ERR,ERR,50.0,60.0,100,0.0,0.0,0.0,0.0,0.0,0.0,0.0,0.0,0.0,0.0,0.0,0.0,0.0,0.0,0.0,0.0,62.0,73,14,65513,50,65476,0,300,0,0,8,20529,65476,0,0,26214,60.0,0.0,0.0,0.0,0.0,0.0
2026-05-17T18:48:31,ERR,ERR,ERR,ERR,ERR,ERR,ERR,ERR,ERR,ERR,ERR,ERR,ERR,ERR,ERR,ERR,ERR,ERR,ERR,ERR,ERR,ERR,ERR,ERR,ERR,ERR,ERR,ERR,ERR,ERR,ERR,ERR,ERR,ERR,ERR,ERR,ERR,ERR,ERR,ERR,ERR,ERR,ERR,ERR,ERR,ERR,ERR,ERR,ERR,ERR,ERR,ERR,ERR,ERR,ERR,ERR,ERR,ERR,ERR,ERR,ERR,ERR,ERR,ERR,ERR,ERR,ERR,ERR,ERR,ERR,ERR,ERR,ERR,ERR,ERR,ERR,ERR,ERR,ERR,ERR,ERR,ERR,ERR,ERR,ERR,ERR,ERR,ERR,ERR,ERR,ERR,ERR,ERR,ERR,ERR,ERR,ERR,ERR,ERR,ERR,ERR,ERR,ERR,ERR,ERR,ERR,ERR,ERR,ERR,ERR,ERR,ERR,ERR,ERR,ERR,ERR,ERR,ERR,ERR,ERR,ERR,ERR,ERR,ERR,ERR,0.0,0.0,-134474944.0,0.0,0.0,1.3936040501711995e+18,7.805,0.0,0,0,4,0,8422,0.0,45,0.0,0.0,0.0,0.0,0.0,0,0,0,0,0.0,0,0,0,0,0,0,0,0,0,0,0,0,0,0,0,0,0,0,0,0,0,0,0,0,0,0,0,0,0,0,0,0,0,38,14,7,45,65476,0,300,0,0,8,21553,0.0,-107605600.0,0.0,0.0,0.0,0.0,0.0,0.0,0.0,0.0,0.0,0.0,0.0,0.0,0.0,0.0,0.0,0.0,0.0,0.0,0.0,0.0,2.004,2.004,-0.0,0.0,0.0,0.0,0.0,0.0,4950.0,0.0,0.0,0.0,0.0,-107615280.0,2.718429300292151e+23,0.0,0.0,0.0,0.0,53,-0.0,89220.539,0.0,0.0,0.0,0.0,0.0,0.0,0.0,0,0,0,0.0,0.0,0.0,0.0,0.0,0.0,0.0,0.0,0.0,0.0,0.0,0.0,0.0,0.0,0.0,0.0,0,-107875648.0,53,0.0,106,-107614832.0,0.0,ERR,ERR,ERR,ERR,ERR,ERR,ERR,ERR,ERR,ERR,ERR,ERR,ERR,ERR,ERR,ERR,ERR,ERR,ERR,ERR,ERR,ERR,ERR,ERR,ERR,ERR,ERR,ERR,ERR,ERR,ERR,ERR,ERR,ERR,ERR,ERR,ERR,ERR,ERR,ERR,ERR,ERR,ERR,ERR,ERR,ERR,ERR,ERR,ERR,ERR,ERR,ERR,ERR,ERR,ERR,ERR,ERR,ERR,ERR,ERR,ERR,ERR,ERR,ERR,ERR,ERR,ERR,50.0,60.0,100,0.0,0.0,0.0,0.0,0.0,0.0,0.0,0.0,0.0,0.0,0.0,0.0,0.0,0.0,0.0,0.0,61.6,73,14,65513,50,65476,0,300,0,0,8,20529,65476,0,0,26214,60.0,0.0,0.0,0.0,0.0,0.0
2026-05-17T18:48:32,ERR,ERR,ERR,ERR,ERR,ERR,ERR,ERR,ERR,ERR,ERR,ERR,ERR,ERR,ERR,ERR,ERR,ERR,ERR,ERR,ERR,ERR,ERR,ERR,ERR,ERR,ERR,ERR,ERR,ERR,ERR,ERR,ERR,ERR,ERR,ERR,ERR,ERR,ERR,ERR,ERR,ERR,ERR,ERR,ERR,ERR,ERR,ERR,ERR,ERR,ERR,ERR,ERR,ERR,ERR,ERR,ERR,ERR,ERR,ERR,ERR,ERR,ERR,ERR,ERR,ERR,ERR,ERR,ERR,ERR,ERR,ERR,ERR,ERR,ERR,ERR,ERR,ERR,ERR,ERR,ERR,ERR,ERR,ERR,ERR,ERR,ERR,ERR,ERR,ERR,ERR,ERR,ERR,ERR,ERR,ERR,ERR,ERR,ERR,ERR,ERR,ERR,ERR,ERR,ERR,ERR,ERR,ERR,ERR,ERR,ERR,ERR,ERR,ERR,ERR,ERR,ERR,ERR,ERR,ERR,ERR,ERR,ERR,ERR,ERR,0.0,0.0,-134474944.0,0.0,0.0,1.3936040501711995e+18,7.805,0.0,0,0,4,0,8422,0.0,45,0.0,0.0,0.0,0.0,0.0,0,0,0,0,0.0,0,0,0,0,0,0,0,0,0,0,0,0,0,0,0,0,0,0,0,0,0,0,0,0,0,0,0,0,0,0,0,0,0,38,14,7,45,65476,0,300,0,0,8,21553,0.0,-107605600.0,0.0,0.0,0.0,0.0,0.0,0.0,0.0,0.0,0.0,0.0,0.0,0.0,0.0,0.0,0.0,0.0,0.0,0.0,0.0,0.0,2.004,2.004,-0.0,0.0,0.0,0.0,0.0,0.0,4950.0,0.0,0.0,0.0,0.0,-107615280.0,2.718429300292151e+23,0.0,0.0,0.0,0.0,53,-0.0,89220.539,0.0,0.0,0.0,0.0,0.0,0.0,0.0,0,0,0,0.0,0.0,0.0,0.0,0.0,0.0,0.0,0.0,0.0,0.0,0.0,0.0,0.0,0.0,0.0,0.0,0,-107875648.0,53,0.0,106,-107614832.0,0.0,ERR,ERR,ERR,ERR,ERR,ERR,ERR,ERR,ERR,ERR,ERR,ERR,ERR,ERR,ERR,ERR,ERR,ERR,ERR,ERR,ERR,ERR,ERR,ERR,ERR,ERR,ERR,ERR,ERR,ERR,ERR,ERR,ERR,ERR,ERR,ERR,ERR,ERR,ERR,ERR,ERR,ERR,ERR,ERR,ERR,ERR,ERR,ERR,ERR,ERR,ERR,ERR,ERR,ERR,ERR,ERR,ERR,ERR,ERR,ERR,ERR,ERR,ERR,ERR,ERR,ERR,ERR,50.0,60.0,100,0.0,0.0,0.0,0.0,0.0,0.0,0.0,0.0,0.0,0.0,0.0,0.0,0.0,0.0,0.0,0.0,61.6,73,14,65513,50,65476,0,300,0,0,8,20529,65476,0,0,26214,60.0,0.0,0.0,0.0,0.0,0.0
2026-05-17T18:48:33,ERR,ERR,ERR,ERR,ERR,ERR,ERR,ERR,ERR,ERR,ERR,ERR,ERR,ERR,ERR,ERR,ERR,ERR,ERR,ERR,ERR,ERR,ERR,ERR,ERR,ERR,ERR,ERR,ERR,ERR,ERR,ERR,ERR,ERR,ERR,ERR,ERR,ERR,ERR,ERR,ERR,ERR,ERR,ERR,ERR,ERR,ERR,ERR,ERR,ERR,ERR,ERR,ERR,ERR,ERR,ERR,ERR,ERR,ERR,ERR,ERR,ERR,ERR,ERR,ERR,ERR,ERR,ERR,ERR,ERR,ERR,ERR,ERR,ERR,ERR,ERR,ERR,ERR,ERR,ERR,ERR,ERR,ERR,ERR,ERR,ERR,ERR,ERR,ERR,ERR,ERR,ERR,ERR,ERR,ERR,ERR,ERR,ERR,ERR,ERR,ERR,ERR,ERR,ERR,ERR,ERR,ERR,ERR,ERR,ERR,ERR,ERR,ERR,ERR,ERR,ERR,ERR,ERR,ERR,ERR,ERR,ERR,ERR,ERR,ERR,0.0,0.0,-134474944.0,0.0,0.0,1.3936040501711995e+18,7.805,0.0,0,0,4,0,8422,0.0,45,0.0,0.0,0.0,0.0,0.0,0,0,0,0,0.0,0,0,0,0,0,0,0,0,0,0,0,0,0,0,0,0,0,0,0,0,0,0,0,0,0,0,0,0,0,0,0,0,0,38,14,7,45,65476,0,300,0,0,8,21553,0.0,-107605600.0,0.0,0.0,0.0,0.0,0.0,0.0,0.0,0.0,0.0,0.0,0.0,0.0,0.0,0.0,0.0,0.0,0.0,0.0,0.0,0.0,2.004,2.004,-0.0,0.0,0.0,0.0,0.0,0.0,4950.0,0.0,0.0,0.0,0.0,-107615280.0,2.718429300292151e+23,0.0,0.0,0.0,0.0,53,-0.0,89220.539,0.0,0.0,0.0,0.0,0.0,0.0,0.0,0,0,0,0.0,0.0,0.0,0.0,0.0,0.0,0.0,0.0,0.0,0.0,0.0,0.0,0.0,0.0,0.0,0.0,0,-107875648.0,53,0.0,106,-107614832.0,0.0,ERR,ERR,ERR,ERR,ERR,ERR,ERR,ERR,ERR,ERR,ERR,ERR,ERR,ERR,ERR,ERR,ERR,ERR,ERR,ERR,ERR,ERR,ERR,ERR,ERR,ERR,ERR,ERR,ERR,ERR,ERR,ERR,ERR,ERR,ERR,ERR,ERR,ERR,ERR,ERR,ERR,ERR,ERR,ERR,ERR,ERR,ERR,ERR,ERR,ERR,ERR,ERR,ERR,ERR,ERR,ERR,ERR,ERR,ERR,ERR,ERR,ERR,ERR,ERR,ERR,ERR,ERR,50.0,60.0,100,0.0,0.0,0.0,0.0,0.0,0.0,0.0,0.0,0.0,0.0,0.0,0.0,0.0,0.0,0.0,0.0,61.6,73,14,65513,50,65476,0,300,0,0,8,20529,65476,0,0,26214,60.0,0.0,0.0,0.0,0.0,0.0
2026-05-17T18:48:34,ERR,ERR,ERR,ERR,ERR,ERR,ERR,ERR,ERR,ERR,ERR,ERR,ERR,ERR,ERR,ERR,ERR,ERR,ERR,ERR,ERR,ERR,ERR,ERR,ERR,ERR,ERR,ERR,ERR,ERR,ERR,ERR,ERR,ERR,ERR,ERR,ERR,ERR,ERR,ERR,ERR,ERR,ERR,ERR,ERR,ERR,ERR,ERR,ERR,ERR,ERR,ERR,ERR,ERR,ERR,ERR,ERR,ERR,ERR,ERR,ERR,ERR,ERR,ERR,ERR,ERR,ERR,ERR,ERR,ERR,ERR,ERR,ERR,ERR,ERR,ERR,ERR,ERR,ERR,ERR,ERR,ERR,ERR,ERR,ERR,ERR,ERR,ERR,ERR,ERR,ERR,ERR,ERR,ERR,ERR,ERR,ERR,ERR,ERR,ERR,ERR,ERR,ERR,ERR,ERR,ERR,ERR,ERR,ERR,ERR,ERR,ERR,ERR,ERR,ERR,ERR,ERR,ERR,ERR,ERR,ERR,ERR,ERR,ERR,ERR,0.0,0.0,-134474944.0,0.0,0.0,1.3936040501711995e+18,7.805,0.0,0,0,4,0,8422,0.0,45,0.0,0.0,0.0,0.0,0.0,0,0,0,0,0.0,0,0,0,0,0,0,0,0,0,0,0,0,0,0,0,0,0,0,0,0,0,0,0,0,0,0,0,0,0,0,0,0,0,38,14,7,45,65476,0,300,0,0,8,21553,0.0,-107605600.0,0.0,0.0,0.0,0.0,0.0,0.0,0.0,0.0,0.0,0.0,0.0,0.0,0.0,0.0,0.0,0.0,0.0,0.0,0.0,0.0,2.004,2.004,-0.0,0.0,0.0,0.0,0.0,0.0,4920.0,0.0,0.0,0.0,0.0,-107615280.0,2.718429300292151e+23,0.0,0.0,0.0,0.0,53,-0.0,0.0,0.0,0.0,0.0,0.0,0.0,0.0,0.0,0,0,0,0.0,0.0,0.0,0.0,0.0,0.0,0.0,0.0,0.0,0.0,0.0,0.0,0.0,0.0,0.0,0.0,0,-107875648.0,53,0.0,106,-107614832.0,0.0,ERR,ERR,ERR,ERR,ERR,ERR,ERR,ERR,ERR,ERR,ERR,ERR,ERR,ERR,ERR,ERR,ERR,ERR,ERR,ERR,ERR,ERR,ERR,ERR,ERR,ERR,ERR,ERR,ERR,ERR,ERR,ERR,ERR,ERR,ERR,ERR,ERR,ERR,ERR,ERR,ERR,ERR,ERR,ERR,ERR,ERR,ERR,ERR,ERR,ERR,ERR,ERR,ERR,ERR,ERR,ERR,ERR,ERR,ERR,ERR,ERR,ERR,ERR,ERR,ERR,ERR,ERR,50.0,60.0,100,0.0,0.0,0.0,0.0,0.0,0.0,0.0,0.0,0.0,0.0,0.0,0.0,0.0,0.0,0.0,0.0,61.6,73,14,65513,50,65476,0,300,0,0,8,20529,65476,0,0,26214,60.0,0.0,0.0,0.0,0.0,0.0
2026-05-17T18:48:35,ERR,ERR,ERR,ERR,ERR,ERR,ERR,ERR,ERR,ERR,ERR,ERR,ERR,ERR,ERR,ERR,ERR,ERR,ERR,ERR,ERR,ERR,ERR,ERR,ERR,ERR,ERR,ERR,ERR,ERR,ERR,ERR,ERR,ERR,ERR,ERR,ERR,ERR,ERR,ERR,ERR,ERR,ERR,ERR,ERR,ERR,ERR,ERR,ERR,ERR,ERR,ERR,ERR,ERR,ERR,ERR,ERR,ERR,ERR,ERR,ERR,ERR,ERR,ERR,ERR,ERR,ERR,ERR,ERR,ERR,ERR,ERR,ERR,ERR,ERR,ERR,ERR,ERR,ERR,ERR,ERR,ERR,ERR,ERR,ERR,ERR,ERR,ERR,ERR,ERR,ERR,ERR,ERR,ERR,ERR,ERR,ERR,ERR,ERR,ERR,ERR,ERR,ERR,ERR,ERR,ERR,ERR,ERR,ERR,ERR,ERR,ERR,ERR,ERR,ERR,ERR,ERR,ERR,ERR,ERR,ERR,ERR,ERR,ERR,ERR,0.0,0.0,-134474944.0,0.0,0.0,1.3936040501711995e+18,7.805,0.0,0,0,4,0,8422,0.0,45,0.0,0.0,0.0,0.0,0.0,0,0,0,0,0.0,0,0,0,0,0,0,0,0,0,0,0,0,0,0,0,0,0,0,0,0,0,0,0,0,0,0,0,0,0,0,0,0,0,38,14,7,45,65476,0,300,0,0,8,21553,0.0,-107605600.0,0.0,0.0,0.0,0.0,0.0,0.0,0.0,0.0,0.0,0.0,0.0,0.0,0.0,0.0,0.0,0.0,0.0,0.0,0.0,0.0,2.004,2.004,-0.0,0.0,0.0,0.0,0.0,0.0,4920.0,0.0,0.0,0.0,0.0,-107615280.0,2.718429300292151e+23,0.0,0.0,0.0,0.0,53,-0.0,0.0,0.0,0.0,0.0,0.0,0.0,0.0,0.0,0,0,0,0.0,0.0,0.0,0.0,0.0,0.0,0.0,0.0,0.0,0.0,0.0,0.0,0.0,0.0,0.0,0.0,0,-107875648.0,53,0.0,106,-107614832.0,0.0,ERR,ERR,ERR,ERR,ERR,ERR,ERR,ERR,ERR,ERR,ERR,ERR,ERR,ERR,ERR,ERR,ERR,ERR,ERR,ERR,ERR,ERR,ERR,ERR,ERR,ERR,ERR,ERR,ERR,ERR,ERR,ERR,ERR,ERR,ERR,ERR,ERR,ERR,ERR,ERR,ERR,ERR,ERR,ERR,ERR,ERR,ERR,ERR,ERR,ERR,ERR,ERR,ERR,ERR,ERR,ERR,ERR,ERR,ERR,ERR,ERR,ERR,ERR,ERR,ERR,ERR,ERR,50.0,60.0,100,0.0,0.0,0.0,0.0,0.0,0.0,0.0,0.0,0.0,0.0,0.0,0.0,0.0,0.0,0.0,0.0,62.0,73,14,65513,50,65476,0,300,0,0,8,20529,65476,0,0,26214,60.0,0.0,0.0,0.0,0.0,0.0
2026-05-17T18:48:36,ERR,ERR,ERR,ERR,ERR,ERR,ERR,ERR,ERR,ERR,ERR,ERR,ERR,ERR,ERR,ERR,ERR,ERR,ERR,ERR,ERR,ERR,ERR,ERR,ERR,ERR,ERR,ERR,ERR,ERR,ERR,ERR,ERR,ERR,ERR,ERR,ERR,ERR,ERR,ERR,ERR,ERR,ERR,ERR,ERR,ERR,ERR,ERR,ERR,ERR,ERR,ERR,ERR,ERR,ERR,ERR,ERR,ERR,ERR,ERR,ERR,ERR,ERR,ERR,ERR,ERR,ERR,ERR,ERR,ERR,ERR,ERR,ERR,ERR,ERR,ERR,ERR,ERR,ERR,ERR,ERR,ERR,ERR,ERR,ERR,ERR,ERR,ERR,ERR,ERR,ERR,ERR,ERR,ERR,ERR,ERR,ERR,ERR,ERR,ERR,ERR,ERR,ERR,ERR,ERR,ERR,ERR,ERR,ERR,ERR,ERR,ERR,ERR,ERR,ERR,ERR,ERR,ERR,ERR,ERR,ERR,ERR,ERR,ERR,ERR,0.0,0.0,-134474944.0,0.0,0.0,1.3936040501711995e+18,7.805,0.0,0,0,4,0,8422,0.0,45,0.0,0.0,0.0,0.0,0.0,0,0,0,0,0.0,0,0,0,0,0,0,0,0,0,0,0,0,0,0,0,0,0,0,0,0,0,0,0,0,0,0,0,0,0,0,0,0,0,38,14,7,45,65476,0,300,0,0,8,21553,0.0,-107605600.0,0.0,0.0,0.0,0.0,0.0,0.0,0.0,0.0,0.0,0.0,0.0,0.0,0.0,0.0,0.0,0.0,0.0,0.0,0.0,0.0,2.004,2.004,-0.0,0.0,0.0,0.0,0.0,0.0,4920.0,0.0,0.0,0.0,0.0,-107615280.0,2.718429300292151e+23,0.0,0.0,0.0,0.0,53,-0.0,0.0,0.0,0.0,0.0,0.0,0.0,0.0,0.0,0,0,0,0.0,0.0,0.0,0.0,0.0,0.0,0.0,0.0,0.0,0.0,0.0,0.0,0.0,0.0,0.0,0.0,0,-107875648.0,53,0.0,106,-107614832.0,0.0,ERR,ERR,ERR,ERR,ERR,ERR,ERR,ERR,ERR,ERR,ERR,ERR,ERR,ERR,ERR,ERR,ERR,ERR,ERR,ERR,ERR,ERR,ERR,ERR,ERR,ERR,ERR,ERR,ERR,ERR,ERR,ERR,ERR,ERR,ERR,ERR,ERR,ERR,ERR,ERR,ERR,ERR,ERR,ERR,ERR,ERR,ERR,ERR,ERR,ERR,ERR,ERR,ERR,ERR,ERR,ERR,ERR,ERR,ERR,ERR,ERR,ERR,ERR,ERR,ERR,ERR,ERR,50.0,60.0,100,0.0,0.0,0.0,0.0,0.0,0.0,0.0,0.0,0.0,0.0,0.0,0.0,0.0,0.0,0.0,0.0,62.0,73,14,65513,50,65476,0,300,0,0,8,20529,65476,0,0,26214,60.0,0.0,0.0,0.0,0.0,0.0
2026-05-17T18:48:37,ERR,ERR,ERR,ERR,ERR,ERR,ERR,ERR,ERR,ERR,ERR,ERR,ERR,ERR,ERR,ERR,ERR,ERR,ERR,ERR,ERR,ERR,ERR,ERR,ERR,ERR,ERR,ERR,ERR,ERR,ERR,ERR,ERR,ERR,ERR,ERR,ERR,ERR,ERR,ERR,ERR,ERR,ERR,ERR,ERR,ERR,ERR,ERR,ERR,ERR,ERR,ERR,ERR,ERR,ERR,ERR,ERR,ERR,ERR,ERR,ERR,ERR,ERR,ERR,ERR,ERR,ERR,ERR,ERR,ERR,ERR,ERR,ERR,ERR,ERR,ERR,ERR,ERR,ERR,ERR,ERR,ERR,ERR,ERR,ERR,ERR,ERR,ERR,ERR,ERR,ERR,ERR,ERR,ERR,ERR,ERR,ERR,ERR,ERR,ERR,ERR,ERR,ERR,ERR,ERR,ERR,ERR,ERR,ERR,ERR,ERR,ERR,ERR,ERR,ERR,ERR,ERR,ERR,ERR,ERR,ERR,ERR,ERR,ERR,ERR,0.0,0.0,-134474944.0,0.0,0.0,1.3936040501711995e+18,7.805,0.0,0,0,4,0,8422,0.0,45,0.0,0.0,0.0,0.0,0.0,0,0,0,0,0.0,0,0,0,0,0,0,0,0,0,0,0,0,0,0,0,0,0,0,0,0,0,0,0,0,0,0,0,0,0,0,0,0,0,38,14,7,45,65476,0,300,0,0,8,21553,0.0,-107605600.0,0.0,0.0,0.0,0.0,0.0,0.0,0.0,0.0,0.0,0.0,0.0,0.0,0.0,0.0,0.0,0.0,0.0,0.0,0.0,0.0,2.004,2.004,-0.0,0.0,0.0,0.0,0.0,0.0,4920.0,0.0,0.0,0.0,0.0,-107615280.0,2.718429300292151e+23,0.0,0.0,0.0,0.0,53,-0.0,0.0,0.0,0.0,0.0,0.0,0.0,0.0,0.0,0,0,0,0.0,0.0,0.0,0.0,0.0,0.0,0.0,0.0,0.0,0.0,0.0,0.0,0.0,0.0,0.0,0.0,0,-107875648.0,53,0.0,106,-107614832.0,0.0,ERR,ERR,ERR,ERR,ERR,ERR,ERR,ERR,ERR,ERR,ERR,ERR,ERR,ERR,ERR,ERR,ERR,ERR,ERR,ERR,ERR,ERR,ERR,ERR,ERR,ERR,ERR,ERR,ERR,ERR,ERR,ERR,ERR,ERR,ERR,ERR,ERR,ERR,ERR,ERR,ERR,ERR,ERR,ERR,ERR,ERR,ERR,ERR,ERR,ERR,ERR,ERR,ERR,ERR,ERR,ERR,ERR,ERR,ERR,ERR,ERR,ERR,ERR,ERR,ERR,ERR,ERR,50.0,60.0,100,0.0,0.0,0.0,0.0,0.0,0.0,0.0,0.0,0.0,0.0,0.0,0.0,0.0,0.0,0.0,0.0,62.0,73,14,65513,50,65476,0,300,0,0,8,20529,65476,0,0,26214,60.0,0.0,0.0,0.0,0.0,0.0
2026-05-17T18:48:38,ERR,ERR,ERR,ERR,ERR,ERR,ERR,ERR,ERR,ERR,ERR,ERR,ERR,ERR,ERR,ERR,ERR,ERR,ERR,ERR,ERR,ERR,ERR,ERR,ERR,ERR,ERR,ERR,ERR,ERR,ERR,ERR,ERR,ERR,ERR,ERR,ERR,ERR,ERR,ERR,ERR,ERR,ERR,ERR,ERR,ERR,ERR,ERR,ERR,ERR,ERR,ERR,ERR,ERR,ERR,ERR,ERR,ERR,ERR,ERR,ERR,ERR,ERR,ERR,ERR,ERR,ERR,ERR,ERR,ERR,ERR,ERR,ERR,ERR,ERR,ERR,ERR,ERR,ERR,ERR,ERR,ERR,ERR,ERR,ERR,ERR,ERR,ERR,ERR,ERR,ERR,ERR,ERR,ERR,ERR,ERR,ERR,ERR,ERR,ERR,ERR,ERR,ERR,ERR,ERR,ERR,ERR,ERR,ERR,ERR,ERR,ERR,ERR,ERR,ERR,ERR,ERR,ERR,ERR,ERR,ERR,ERR,ERR,ERR,ERR,0.0,0.0,-134474944.0,0.0,0.0,1.3936040501711995e+18,7.805,0.0,0,0,4,0,8422,0.0,45,0.0,0.0,0.0,0.0,0.0,0,0,0,0,0.0,0,0,0,0,0,0,0,0,0,0,0,0,0,0,0,0,0,0,0,0,0,0,0,0,0,0,0,0,0,0,0,0,0,38,14,7,45,65476,0,300,0,0,8,21553,0.0,-107605600.0,0.0,0.0,0.0,0.0,0.0,0.0,0.0,0.0,0.0,0.0,0.0,0.0,0.0,0.0,0.0,0.0,0.0,0.0,0.0,0.0,2.004,2.004,-0.0,0.0,0.0,0.0,0.0,0.0,4920.0,0.0,0.0,0.0,0.0,-107615280.0,2.718429300292151e+23,0.0,0.0,0.0,0.0,53,-0.0,0.0,0.0,0.0,0.0,0.0,0.0,0.0,0.0,0,0,0,0.0,0.0,0.0,0.0,0.0,0.0,0.0,0.0,0.0,0.0,0.0,0.0,0.0,0.0,0.0,0.0,0,-107875648.0,53,0.0,106,-107614832.0,0.0,ERR,ERR,ERR,ERR,ERR,ERR,ERR,ERR,ERR,ERR,ERR,ERR,ERR,ERR,ERR,ERR,ERR,ERR,ERR,ERR,ERR,ERR,ERR,ERR,ERR,ERR,ERR,ERR,ERR,ERR,ERR,ERR,ERR,ERR,ERR,ERR,ERR,ERR,ERR,ERR,ERR,ERR,ERR,ERR,ERR,ERR,ERR,ERR,ERR,ERR,ERR,ERR,ERR,ERR,ERR,ERR,ERR,ERR,ERR,ERR,ERR,ERR,ERR,ERR,ERR,ERR,ERR,50.0,60.0,100,0.0,0.0,0.0,0.0,0.0,0.0,0.0,0.0,0.0,0.0,0.0,0.0,0.0,0.0,0.0,0.0,61.6,73,14,65513,50,65476,0,300,0,0,8,20529,65476,0,0,26214,60.0,0.0,0.0,0.0,0.0,0.0
2026-05-17T18:48:39,ERR,ERR,ERR,ERR,ERR,ERR,ERR,ERR,ERR,ERR,ERR,ERR,ERR,ERR,ERR,ERR,ERR,ERR,ERR,ERR,ERR,ERR,ERR,ERR,ERR,ERR,ERR,ERR,ERR,ERR,ERR,ERR,ERR,ERR,ERR,ERR,ERR,ERR,ERR,ERR,ERR,ERR,ERR,ERR,ERR,ERR,ERR,ERR,ERR,ERR,ERR,ERR,ERR,ERR,ERR,ERR,ERR,ERR,ERR,ERR,ERR,ERR,ERR,ERR,ERR,ERR,ERR,ERR,ERR,ERR,ERR,ERR,ERR,ERR,ERR,ERR,ERR,ERR,ERR,ERR,ERR,ERR,ERR,ERR,ERR,ERR,ERR,ERR,ERR,ERR,ERR,ERR,ERR,ERR,ERR,ERR,ERR,ERR,ERR,ERR,ERR,ERR,ERR,ERR,ERR,ERR,ERR,ERR,ERR,ERR,ERR,ERR,ERR,ERR,ERR,ERR,ERR,ERR,ERR,ERR,ERR,ERR,ERR,ERR,ERR,0.0,0.0,-134474944.0,0.0,0.0,1.3936040501711995e+18,7.805,0.0,0,0,4,0,8422,0.0,45,0.0,0.0,0.0,0.0,0.0,0,0,0,0,0.0,0,0,0,0,0,0,0,0,0,0,0,0,0,0,0,0,0,0,0,0,0,0,0,0,0,0,0,0,0,0,0,0,0,38,14,7,45,65476,0,300,0,0,8,21553,0.0,-107605600.0,0.0,0.0,0.0,0.0,0.0,0.0,0.0,0.0,0.0,0.0,0.0,0.0,0.0,0.0,0.0,0.0,0.0,0.0,0.0,0.0,2.004,2.004,-0.0,0.0,0.0,0.0,0.0,0.0,4947.0,0.0,0.0,0.0,0.0,-107615280.0,2.718429300292151e+23,0.0,0.0,0.0,0.0,53,4.950428597886765e+32,126840512512.0,0.0,0.0,0.0,0.0,0.0,0.0,0.0,0,0,0,0.0,0.0,0.0,0.0,0.0,0.0,0.0,0.0,0.0,0.0,0.0,0.0,0.0,0.0,0.0,0.0,0,-107875648.0,53,0.0,106,-107614832.0,0.0,ERR,ERR,ERR,ERR,ERR,ERR,ERR,ERR,ERR,ERR,ERR,ERR,ERR,ERR,ERR,ERR,ERR,ERR,ERR,ERR,ERR,ERR,ERR,ERR,ERR,ERR,ERR,ERR,ERR,ERR,ERR,ERR,ERR,ERR,ERR,ERR,ERR,ERR,ERR,ERR,ERR,ERR,ERR,ERR,ERR,ERR,ERR,ERR,ERR,ERR,ERR,ERR,ERR,ERR,ERR,ERR,ERR,ERR,ERR,ERR,ERR,ERR,ERR,ERR,ERR,ERR,ERR,50.0,60.0,100,0.0,0.0,0.0,0.0,0.0,0.0,0.0,0.0,0.0,0.0,0.0,0.0,0.0,0.0,0.0,0.0,61.6,73,14,65513,50,65476,0,300,0,0,8,20529,65476,0,0,26214,60.0,0.0,0.0,0.0,0.0,0.0
2026-05-17T18:48:40,ERR,ERR,ERR,ERR,ERR,ERR,ERR,ERR,ERR,ERR,ERR,ERR,ERR,ERR,ERR,ERR,ERR,ERR,ERR,ERR,ERR,ERR,ERR,ERR,ERR,ERR,ERR,ERR,ERR,ERR,ERR,ERR,ERR,ERR,ERR,ERR,ERR,ERR,ERR,ERR,ERR,ERR,ERR,ERR,ERR,ERR,ERR,ERR,ERR,ERR,ERR,ERR,ERR,ERR,ERR,ERR,ERR,ERR,ERR,ERR,ERR,ERR,ERR,ERR,ERR,ERR,ERR,ERR,ERR,ERR,ERR,ERR,ERR,ERR,ERR,ERR,ERR,ERR,ERR,ERR,ERR,ERR,ERR,ERR,ERR,ERR,ERR,ERR,ERR,ERR,ERR,ERR,ERR,ERR,ERR,ERR,ERR,ERR,ERR,ERR,ERR,ERR,ERR,ERR,ERR,ERR,ERR,ERR,ERR,ERR,ERR,ERR,ERR,ERR,ERR,ERR,ERR,ERR,ERR,ERR,ERR,ERR,ERR,ERR,ERR,0.0,0.0,-134474944.0,0.0,0.0,1.3936040501711995e+18,7.805,0.0,0,0,4,0,8422,0.0,45,0.0,0.0,0.0,0.0,0.0,0,0,0,0,0.0,0,0,0,0,0,0,0,0,0,0,0,0,0,0,0,0,0,0,0,0,0,0,0,0,0,0,0,0,0,0,0,0,0,38,14,7,45,65476,0,300,0,0,8,21553,0.0,-107605600.0,0.0,0.0,0.0,0.0,0.0,0.0,0.0,0.0,0.0,0.0,0.0,0.0,0.0,0.0,0.0,0.0,0.0,0.0,0.0,0.0,2.004,2.004,-0.0,0.0,0.0,0.0,0.0,0.0,4947.0,0.0,0.0,0.0,0.0,-107615280.0,2.718429300292151e+23,0.0,0.0,0.0,0.0,53,4.950428597886765e+32,126840512512.0,0.0,0.0,0.0,0.0,0.0,0.0,0.0,0,0,0,0.0,0.0,0.0,0.0,0.0,0.0,0.0,0.0,0.0,0.0,0.0,0.0,0.0,0.0,0.0,0.0,0,-107875648.0,53,0.0,106,-107614832.0,0.0,ERR,ERR,ERR,ERR,ERR,ERR,ERR,ERR,ERR,ERR,ERR,ERR,ERR,ERR,ERR,ERR,ERR,ERR,ERR,ERR,ERR,ERR,ERR,ERR,ERR,ERR,ERR,ERR,ERR,ERR,ERR,ERR,ERR,ERR,ERR,ERR,ERR,ERR,ERR,ERR,ERR,ERR,ERR,ERR,ERR,ERR,ERR,ERR,ERR,ERR,ERR,ERR,ERR,ERR,ERR,ERR,ERR,ERR,ERR,ERR,ERR,ERR,ERR,ERR,ERR,ERR,ERR,50.0,60.0,100,0.0,0.0,0.0,0.0,0.0,0.0,0.0,0.0,0.0,0.0,0.0,0.0,0.0,0.0,0.0,0.0,61.6,73,14,65513,50,65476,0,300,0,0,8,20529,65476,0,0,26214,60.0,0.0,0.0,0.0,0.0,0.0
2026-05-17T18:48:41,ERR,ERR,ERR,ERR,ERR,ERR,ERR,ERR,ERR,ERR,ERR,ERR,ERR,ERR,ERR,ERR,ERR,ERR,ERR,ERR,ERR,ERR,ERR,ERR,ERR,ERR,ERR,ERR,ERR,ERR,ERR,ERR,ERR,ERR,ERR,ERR,ERR,ERR,ERR,ERR,ERR,ERR,ERR,ERR,ERR,ERR,ERR,ERR,ERR,ERR,ERR,ERR,ERR,ERR,ERR,ERR,ERR,ERR,ERR,ERR,ERR,ERR,ERR,ERR,ERR,ERR,ERR,ERR,ERR,ERR,ERR,ERR,ERR,ERR,ERR,ERR,ERR,ERR,ERR,ERR,ERR,ERR,ERR,ERR,ERR,ERR,ERR,ERR,ERR,ERR,ERR,ERR,ERR,ERR,ERR,ERR,ERR,ERR,ERR,ERR,ERR,ERR,ERR,ERR,ERR,ERR,ERR,ERR,ERR,ERR,ERR,ERR,ERR,ERR,ERR,ERR,ERR,ERR,ERR,ERR,ERR,ERR,ERR,ERR,ERR,0.0,0.0,-134474944.0,0.0,0.0,1.3936040501711995e+18,7.805,0.0,0,0,4,0,8422,0.0,45,0.0,0.0,0.0,0.0,0.0,0,0,0,0,0.0,0,0,0,0,0,0,0,0,0,0,0,0,0,0,0,0,0,0,0,0,0,0,0,0,0,0,0,0,0,0,0,0,0,38,14,7,45,65476,0,300,0,0,8,21553,0.0,-107605600.0,0.0,0.0,0.0,0.0,0.0,0.0,0.0,0.0,0.0,0.0,0.0,0.0,0.0,0.0,0.0,0.0,0.0,0.0,0.0,0.0,2.004,2.004,-0.0,0.0,0.0,0.0,0.0,0.0,4947.0,0.0,0.0,0.0,0.0,-107615280.0,2.718429300292151e+23,0.0,0.0,0.0,0.0,53,4.950428597886765e+32,126840512512.0,0.0,0.0,0.0,0.0,0.0,0.0,0.0,0,0,0,0.0,0.0,0.0,0.0,0.0,0.0,0.0,0.0,0.0,0.0,0.0,0.0,0.0,0.0,0.0,0.0,0,-107875648.0,53,0.0,106,-107614832.0,0.0,ERR,ERR,ERR,ERR,ERR,ERR,ERR,ERR,ERR,ERR,ERR,ERR,ERR,ERR,ERR,ERR,ERR,ERR,ERR,ERR,ERR,ERR,ERR,ERR,ERR,ERR,ERR,ERR,ERR,ERR,ERR,ERR,ERR,ERR,ERR,ERR,ERR,ERR,ERR,ERR,ERR,ERR,ERR,ERR,ERR,ERR,ERR,ERR,ERR,ERR,ERR,ERR,ERR,ERR,ERR,ERR,ERR,ERR,ERR,ERR,ERR,ERR,ERR,ERR,ERR,ERR,ERR,50.0,60.0,100,0.0,0.0,0.0,0.0,0.0,0.0,0.0,0.0,0.0,0.0,0.0,0.0,0.0,0.0,0.0,0.0,61.6,73,14,65513,50,65476,0,300,0,0,8,20529,65476,0,0,26214,60.0,0.0,0.0,0.0,0.0,0.0
2026-05-17T18:48:42,ERR,ERR,ERR,ERR,ERR,ERR,ERR,ERR,ERR,ERR,ERR,ERR,ERR,ERR,ERR,ERR,ERR,ERR,ERR,ERR,ERR,ERR,ERR,ERR,ERR,ERR,ERR,ERR,ERR,ERR,ERR,ERR,ERR,ERR,ERR,ERR,ERR,ERR,ERR,ERR,ERR,ERR,ERR,ERR,ERR,ERR,ERR,ERR,ERR,ERR,ERR,ERR,ERR,ERR,ERR,ERR,ERR,ERR,ERR,ERR,ERR,ERR,ERR,ERR,ERR,ERR,ERR,ERR,ERR,ERR,ERR,ERR,ERR,ERR,ERR,ERR,ERR,ERR,ERR,ERR,ERR,ERR,ERR,ERR,ERR,ERR,ERR,ERR,ERR,ERR,ERR,ERR,ERR,ERR,ERR,ERR,ERR,ERR,ERR,ERR,ERR,ERR,ERR,ERR,ERR,ERR,ERR,ERR,ERR,ERR,ERR,ERR,ERR,ERR,ERR,ERR,ERR,ERR,ERR,ERR,ERR,ERR,ERR,ERR,ERR,0.0,0.0,-134474944.0,0.0,0.0,1.3936040501711995e+18,7.805,0.0,0,0,4,0,8422,0.0,45,0.0,0.0,0.0,0.0,0.0,0,0,0,0,0.0,0,0,0,0,0,0,0,0,0,0,0,0,0,0,0,0,0,0,0,0,0,0,0,0,0,0,0,0,0,0,0,0,0,38,14,7,45,65476,0,300,0,0,8,21553,0.0,-107605600.0,0.0,0.0,0.0,0.0,0.0,0.0,0.0,0.0,0.0,0.0,0.0,0.0,0.0,0.0,0.0,0.0,0.0,0.0,0.0,0.0,2.004,2.004,-0.0,0.0,0.0,0.0,0.0,0.0,4947.0,0.0,0.0,0.0,0.0,-107615280.0,2.718429300292151e+23,0.0,0.0,0.0,0.0,53,4.950428597886765e+32,126840512512.0,0.0,0.0,0.0,0.0,0.0,0.0,0.0,0,0,0,0.0,0.0,0.0,0.0,0.0,0.0,0.0,0.0,0.0,0.0,0.0,0.0,0.0,0.0,0.0,0.0,0,-107875648.0,53,0.0,106,-107614832.0,0.0,ERR,ERR,ERR,ERR,ERR,ERR,ERR,ERR,ERR,ERR,ERR,ERR,ERR,ERR,ERR,ERR,ERR,ERR,ERR,ERR,ERR,ERR,ERR,ERR,ERR,ERR,ERR,ERR,ERR,ERR,ERR,ERR,ERR,ERR,ERR,ERR,ERR,ERR,ERR,ERR,ERR,ERR,ERR,ERR,ERR,ERR,ERR,ERR,ERR,ERR,ERR,ERR,ERR,ERR,ERR,ERR,ERR,ERR,ERR,ERR,ERR,ERR,ERR,ERR,ERR,ERR,ERR,50.0,60.0,100,0.0,0.0,0.0,0.0,0.0,0.0,0.0,0.0,0.0,0.0,0.0,0.0,0.0,0.0,0.0,0.0,62.0,73,14,65513,50,65476,0,300,0,0,8,20529,65476,0,0,26214,60.0,0.0,0.0,0.0,0.0,0.0
2026-05-17T18:48:43,ERR,ERR,ERR,ERR,ERR,ERR,ERR,ERR,ERR,ERR,ERR,ERR,ERR,ERR,ERR,ERR,ERR,ERR,ERR,ERR,ERR,ERR,ERR,ERR,ERR,ERR,ERR,ERR,ERR,ERR,ERR,ERR,ERR,ERR,ERR,ERR,ERR,ERR,ERR,ERR,ERR,ERR,ERR,ERR,ERR,ERR,ERR,ERR,ERR,ERR,ERR,ERR,ERR,ERR,ERR,ERR,ERR,ERR,ERR,ERR,ERR,ERR,ERR,ERR,ERR,ERR,ERR,ERR,ERR,ERR,ERR,ERR,ERR,ERR,ERR,ERR,ERR,ERR,ERR,ERR,ERR,ERR,ERR,ERR,ERR,ERR,ERR,ERR,ERR,ERR,ERR,ERR,ERR,ERR,ERR,ERR,ERR,ERR,ERR,ERR,ERR,ERR,ERR,ERR,ERR,ERR,ERR,ERR,ERR,ERR,ERR,ERR,ERR,ERR,ERR,ERR,ERR,ERR,ERR,ERR,ERR,ERR,ERR,ERR,ERR,0.0,0.0,-134474944.0,0.0,0.0,1.3936040501711995e+18,7.805,0.0,0,0,4,0,8422,0.0,45,0.0,0.0,0.0,0.0,0.0,0,0,0,0,0.0,0,0,0,0,0,0,0,0,0,0,0,0,0,0,0,0,0,0,0,0,0,0,0,0,0,0,0,0,0,0,0,0,0,38,14,7,45,65476,0,300,0,0,8,21553,0.0,-107605600.0,0.0,0.0,0.0,0.0,0.0,0.0,0.0,0.0,0.0,0.0,0.0,0.0,0.0,0.0,0.0,0.0,0.0,0.0,0.0,0.0,2.004,2.004,-0.0,0.0,0.0,0.0,0.0,0.0,4947.0,0.0,0.0,0.0,0.0,-107615280.0,2.718429300292151e+23,0.0,0.0,0.0,0.0,53,4.950428597886765e+32,126840512512.0,0.0,0.0,0.0,0.0,0.0,0.0,0.0,0,0,0,0.0,0.0,0.0,0.0,0.0,0.0,0.0,0.0,0.0,0.0,0.0,0.0,0.0,0.0,0.0,0.0,0,-107875648.0,53,0.0,106,-107614832.0,0.0,ERR,ERR,ERR,ERR,ERR,ERR,ERR,ERR,ERR,ERR,ERR,ERR,ERR,ERR,ERR,ERR,ERR,ERR,ERR,ERR,ERR,ERR,ERR,ERR,ERR,ERR,ERR,ERR,ERR,ERR,ERR,ERR,ERR,ERR,ERR,ERR,ERR,ERR,ERR,ERR,ERR,ERR,ERR,ERR,ERR,ERR,ERR,ERR,ERR,ERR,ERR,ERR,ERR,ERR,ERR,ERR,ERR,ERR,ERR,ERR,ERR,ERR,ERR,ERR,ERR,ERR,ERR,50.0,60.0,100,0.0,0.0,0.0,0.0,0.0,0.0,0.0,0.0,0.0,0.0,0.0,0.0,0.0,0.0,0.0,0.0,62.0,73,14,65513,50,65476,0,300,0,0,8,20529,65476,0,0,26214,60.0,0.0,0.0,0.0,0.0,0.0
2026-05-17T18:48:44,ERR,ERR,ERR,ERR,ERR,ERR,ERR,ERR,ERR,ERR,ERR,ERR,ERR,ERR,ERR,ERR,ERR,ERR,ERR,ERR,ERR,ERR,ERR,ERR,ERR,ERR,ERR,ERR,ERR,ERR,ERR,ERR,ERR,ERR,ERR,ERR,ERR,ERR,ERR,ERR,ERR,ERR,ERR,ERR,ERR,ERR,ERR,ERR,ERR,ERR,ERR,ERR,ERR,ERR,ERR,ERR,ERR,ERR,ERR,ERR,ERR,ERR,ERR,ERR,ERR,ERR,ERR,ERR,ERR,ERR,ERR,ERR,ERR,ERR,ERR,ERR,ERR,ERR,ERR,ERR,ERR,ERR,ERR,ERR,ERR,ERR,ERR,ERR,ERR,ERR,ERR,ERR,ERR,ERR,ERR,ERR,ERR,ERR,ERR,ERR,ERR,ERR,ERR,ERR,ERR,ERR,ERR,ERR,ERR,ERR,ERR,ERR,ERR,ERR,ERR,ERR,ERR,ERR,ERR,ERR,ERR,ERR,ERR,ERR,ERR,0.0,0.0,-134474944.0,0.0,0.0,1.3936040501711995e+18,7.805,0.0,0,0,4,0,8422,0.0,45,0.0,0.0,0.0,0.0,0.0,0,0,0,0,0.0,0,0,0,0,0,0,0,0,0,0,0,0,0,0,0,0,0,0,0,0,0,0,0,0,0,0,0,0,0,0,0,0,0,38,14,7,45,65476,0,300,0,0,8,21553,0.0,-107605600.0,0.0,0.0,0.0,0.0,0.0,0.0,0.0,0.0,0.0,0.0,0.0,0.0,0.0,0.0,0.0,0.0,0.0,0.0,0.0,0.0,2.004,2.004,-0.0,0.0,0.0,0.0,0.0,0.0,4948.0,0.0,0.0,0.0,0.0,-107615280.0,2.718429300292151e+23,0.0,0.0,0.0,0.0,53,-0.0,0.059,0.0,0.0,0.0,0.0,0.0,0.0,0.0,0,0,0,0.0,0.0,0.0,0.0,0.0,0.0,0.0,0.0,0.0,0.0,0.0,0.0,0.0,0.0,0.0,0.0,0,-107875648.0,53,0.0,106,-107614832.0,0.0,ERR,ERR,ERR,ERR,ERR,ERR,ERR,ERR,ERR,ERR,ERR,ERR,ERR,ERR,ERR,ERR,ERR,ERR,ERR,ERR,ERR,ERR,ERR,ERR,ERR,ERR,ERR,ERR,ERR,ERR,ERR,ERR,ERR,ERR,ERR,ERR,ERR,ERR,ERR,ERR,ERR,ERR,ERR,ERR,ERR,ERR,ERR,ERR,ERR,ERR,ERR,ERR,ERR,ERR,ERR,ERR,ERR,ERR,ERR,ERR,ERR,ERR,ERR,ERR,ERR,ERR,ERR,50.0,60.0,100,0.0,0.0,0.0,0.0,0.0,0.0,0.0,0.0,0.0,0.0,0.0,0.0,0.0,0.0,0.0,0.0,62.0,73,14,65513,50,65476,0,300,0,0,8,20529,65476,0,0,26214,60.0,0.0,0.0,0.0,0.0,0.0
2026-05-17T18:48:45,ERR,ERR,ERR,ERR,ERR,ERR,ERR,ERR,ERR,ERR,ERR,ERR,ERR,ERR,ERR,ERR,ERR,ERR,ERR,ERR,ERR,ERR,ERR,ERR,ERR,ERR,ERR,ERR,ERR,ERR,ERR,ERR,ERR,ERR,ERR,ERR,ERR,ERR,ERR,ERR,ERR,ERR,ERR,ERR,ERR,ERR,ERR,ERR,ERR,ERR,ERR,ERR,ERR,ERR,ERR,ERR,ERR,ERR,ERR,ERR,ERR,ERR,ERR,ERR,ERR,ERR,ERR,ERR,ERR,ERR,ERR,ERR,ERR,ERR,ERR,ERR,ERR,ERR,ERR,ERR,ERR,ERR,ERR,ERR,ERR,ERR,ERR,ERR,ERR,ERR,ERR,ERR,ERR,ERR,ERR,ERR,ERR,ERR,ERR,ERR,ERR,ERR,ERR,ERR,ERR,ERR,ERR,ERR,ERR,ERR,ERR,ERR,ERR,ERR,ERR,ERR,ERR,ERR,ERR,ERR,ERR,ERR,ERR,ERR,ERR,0.0,0.0,-134474944.0,0.0,0.0,1.3936040501711995e+18,7.805,0.0,0,0,4,0,8422,0.0,45,0.0,0.0,0.0,0.0,0.0,0,0,0,0,0.0,0,0,0,0,0,0,0,0,0,0,0,0,0,0,0,0,0,0,0,0,0,0,0,0,0,0,0,0,0,0,0,0,0,38,14,7,45,65476,0,300,0,0,8,21553,0.0,-107605600.0,0.0,0.0,0.0,0.0,0.0,0.0,0.0,0.0,0.0,0.0,0.0,0.0,0.0,0.0,0.0,0.0,0.0,0.0,0.0,0.0,2.004,2.004,-0.0,0.0,0.0,0.0,0.0,0.0,4948.0,0.0,0.0,0.0,0.0,-107615280.0,2.718429300292151e+23,0.0,0.0,0.0,0.0,53,-0.0,0.059,0.0,0.0,0.0,0.0,0.0,0.0,0.0,0,0,0,0.0,0.0,0.0,0.0,0.0,0.0,0.0,0.0,0.0,0.0,0.0,0.0,0.0,0.0,0.0,0.0,0,-107875648.0,53,0.0,106,-107614832.0,0.0,ERR,ERR,ERR,ERR,ERR,ERR,ERR,ERR,ERR,ERR,ERR,ERR,ERR,ERR,ERR,ERR,ERR,ERR,ERR,ERR,ERR,ERR,ERR,ERR,ERR,ERR,ERR,ERR,ERR,ERR,ERR,ERR,ERR,ERR,ERR,ERR,ERR,ERR,ERR,ERR,ERR,ERR,ERR,ERR,ERR,ERR,ERR,ERR,ERR,ERR,ERR,ERR,ERR,ERR,ERR,ERR,ERR,ERR,ERR,ERR,ERR,ERR,ERR,ERR,ERR,ERR,ERR,50.0,60.0,100,0.0,0.0,0.0,0.0,0.0,0.0,0.0,0.0,0.0,0.0,0.0,0.0,0.0,0.0,0.0,0.0,61.6,73,14,65513,50,65476,0,300,0,0,8,20529,65476,0,0,26214,60.0,0.0,0.0,0.0,0.0,0.0
2026-05-17T18:48:46,ERR,ERR,ERR,ERR,ERR,ERR,ERR,ERR,ERR,ERR,ERR,ERR,ERR,ERR,ERR,ERR,ERR,ERR,ERR,ERR,ERR,ERR,ERR,ERR,ERR,ERR,ERR,ERR,ERR,ERR,ERR,ERR,ERR,ERR,ERR,ERR,ERR,ERR,ERR,ERR,ERR,ERR,ERR,ERR,ERR,ERR,ERR,ERR,ERR,ERR,ERR,ERR,ERR,ERR,ERR,ERR,ERR,ERR,ERR,ERR,ERR,ERR,ERR,ERR,ERR,ERR,ERR,ERR,ERR,ERR,ERR,ERR,ERR,ERR,ERR,ERR,ERR,ERR,ERR,ERR,ERR,ERR,ERR,ERR,ERR,ERR,ERR,ERR,ERR,ERR,ERR,ERR,ERR,ERR,ERR,ERR,ERR,ERR,ERR,ERR,ERR,ERR,ERR,ERR,ERR,ERR,ERR,ERR,ERR,ERR,ERR,ERR,ERR,ERR,ERR,ERR,ERR,ERR,ERR,ERR,ERR,ERR,ERR,ERR,ERR,0.0,0.0,-134474944.0,0.0,0.0,1.3936040501711995e+18,7.805,0.0,0,0,4,0,8422,0.0,45,0.0,0.0,0.0,0.0,0.0,0,0,0,0,0.0,0,0,0,0,0,0,0,0,0,0,0,0,0,0,0,0,0,0,0,0,0,0,0,0,0,0,0,0,0,0,0,0,0,38,14,7,45,65476,0,300,0,0,8,21553,0.0,-107605600.0,0.0,0.0,0.0,0.0,0.0,0.0,0.0,0.0,0.0,0.0,0.0,0.0,0.0,0.0,0.0,0.0,0.0,0.0,0.0,0.0,2.004,2.004,-0.0,0.0,0.0,0.0,0.0,0.0,4948.0,0.0,0.0,0.0,0.0,-107615280.0,2.718429300292151e+23,0.0,0.0,0.0,0.0,53,-0.0,0.059,0.0,0.0,0.0,0.0,0.0,0.0,0.0,0,0,0,0.0,0.0,0.0,0.0,0.0,0.0,0.0,0.0,0.0,0.0,0.0,0.0,0.0,0.0,0.0,0.0,0,-107875648.0,53,0.0,106,-107614832.0,0.0,ERR,ERR,ERR,ERR,ERR,ERR,ERR,ERR,ERR,ERR,ERR,ERR,ERR,ERR,ERR,ERR,ERR,ERR,ERR,ERR,ERR,ERR,ERR,ERR,ERR,ERR,ERR,ERR,ERR,ERR,ERR,ERR,ERR,ERR,ERR,ERR,ERR,ERR,ERR,ERR,ERR,ERR,ERR,ERR,ERR,ERR,ERR,ERR,ERR,ERR,ERR,ERR,ERR,ERR,ERR,ERR,ERR,ERR,ERR,ERR,ERR,ERR,ERR,ERR,ERR,ERR,ERR,50.0,60.0,100,0.0,0.0,0.0,0.0,0.0,0.0,0.0,0.0,0.0,0.0,0.0,0.0,0.0,0.0,0.0,0.0,61.6,73,14,65513,50,65476,0,300,0,0,8,20529,65476,0,0,26214,60.0,0.0,0.0,0.0,0.0,0.0
2026-05-17T18:48:47,ERR,ERR,ERR,ERR,ERR,ERR,ERR,ERR,ERR,ERR,ERR,ERR,ERR,ERR,ERR,ERR,ERR,ERR,ERR,ERR,ERR,ERR,ERR,ERR,ERR,ERR,ERR,ERR,ERR,ERR,ERR,ERR,ERR,ERR,ERR,ERR,ERR,ERR,ERR,ERR,ERR,ERR,ERR,ERR,ERR,ERR,ERR,ERR,ERR,ERR,ERR,ERR,ERR,ERR,ERR,ERR,ERR,ERR,ERR,ERR,ERR,ERR,ERR,ERR,ERR,ERR,ERR,ERR,ERR,ERR,ERR,ERR,ERR,ERR,ERR,ERR,ERR,ERR,ERR,ERR,ERR,ERR,ERR,ERR,ERR,ERR,ERR,ERR,ERR,ERR,ERR,ERR,ERR,ERR,ERR,ERR,ERR,ERR,ERR,ERR,ERR,ERR,ERR,ERR,ERR,ERR,ERR,ERR,ERR,ERR,ERR,ERR,ERR,ERR,ERR,ERR,ERR,ERR,ERR,ERR,ERR,ERR,ERR,ERR,ERR,0.0,0.0,-134474944.0,0.0,0.0,1.3936040501711995e+18,7.805,0.0,0,0,4,0,8422,0.0,45,0.0,0.0,0.0,0.0,0.0,0,0,0,0,0.0,0,0,0,0,0,0,0,0,0,0,0,0,0,0,0,0,0,0,0,0,0,0,0,0,0,0,0,0,0,0,0,0,0,38,14,7,45,65476,0,300,0,0,8,21553,0.0,-107605600.0,0.0,0.0,0.0,0.0,0.0,0.0,0.0,0.0,0.0,0.0,0.0,0.0,0.0,0.0,0.0,0.0,0.0,0.0,0.0,0.0,2.004,2.004,-0.0,0.0,0.0,0.0,0.0,0.0,4948.0,0.0,0.0,0.0,0.0,-107615280.0,2.718429300292151e+23,0.0,0.0,0.0,0.0,53,-0.0,0.059,0.0,0.0,0.0,0.0,0.0,0.0,0.0,0,0,0,0.0,0.0,0.0,0.0,0.0,0.0,0.0,0.0,0.0,0.0,0.0,0.0,0.0,0.0,0.0,0.0,0,-107875648.0,53,0.0,106,-107614832.0,0.0,ERR,ERR,ERR,ERR,ERR,ERR,ERR,ERR,ERR,ERR,ERR,ERR,ERR,ERR,ERR,ERR,ERR,ERR,ERR,ERR,ERR,ERR,ERR,ERR,ERR,ERR,ERR,ERR,ERR,ERR,ERR,ERR,ERR,ERR,ERR,ERR,ERR,ERR,ERR,ERR,ERR,ERR,ERR,ERR,ERR,ERR,ERR,ERR,ERR,ERR,ERR,ERR,ERR,ERR,ERR,ERR,ERR,ERR,ERR,ERR,ERR,ERR,ERR,ERR,ERR,ERR,ERR,50.0,60.0,100,0.0,0.0,0.0,0.0,0.0,0.0,0.0,0.0,0.0,0.0,0.0,0.0,0.0,0.0,0.0,0.0,62.0,73,14,65513,50,65476,0,300,0,0,8,20529,65476,0,0,26214,60.0,0.0,0.0,0.0,0.0,0.0
2026-05-17T18:48:48,ERR,ERR,ERR,ERR,ERR,ERR,ERR,ERR,ERR,ERR,ERR,ERR,ERR,ERR,ERR,ERR,ERR,ERR,ERR,ERR,ERR,ERR,ERR,ERR,ERR,ERR,ERR,ERR,ERR,ERR,ERR,ERR,ERR,ERR,ERR,ERR,ERR,ERR,ERR,ERR,ERR,ERR,ERR,ERR,ERR,ERR,ERR,ERR,ERR,ERR,ERR,ERR,ERR,ERR,ERR,ERR,ERR,ERR,ERR,ERR,ERR,ERR,ERR,ERR,ERR,ERR,ERR,ERR,ERR,ERR,ERR,ERR,ERR,ERR,ERR,ERR,ERR,ERR,ERR,ERR,ERR,ERR,ERR,ERR,ERR,ERR,ERR,ERR,ERR,ERR,ERR,ERR,ERR,ERR,ERR,ERR,ERR,ERR,ERR,ERR,ERR,ERR,ERR,ERR,ERR,ERR,ERR,ERR,ERR,ERR,ERR,ERR,ERR,ERR,ERR,ERR,ERR,ERR,ERR,ERR,ERR,ERR,ERR,ERR,ERR,0.0,0.0,-134474944.0,0.0,0.0,1.3936040501711995e+18,7.805,0.0,0,0,4,0,8422,0.0,45,0.0,0.0,0.0,0.0,0.0,0,0,0,0,0.0,0,0,0,0,0,0,0,0,0,0,0,0,0,0,0,0,0,0,0,0,0,0,0,0,0,0,0,0,0,0,0,0,0,38,14,7,45,65476,0,300,0,0,8,21553,0.0,-107605600.0,0.0,0.0,0.0,0.0,0.0,0.0,0.0,0.0,0.0,0.0,0.0,0.0,0.0,0.0,0.0,0.0,0.0,0.0,0.0,0.0,2.004,2.004,-0.0,0.0,0.0,0.0,0.0,0.0,4948.0,0.0,0.0,0.0,0.0,-107615280.0,2.718429300292151e+23,0.0,0.0,0.0,0.0,53,-0.0,0.059,0.0,0.0,0.0,0.0,0.0,0.0,0.0,0,0,0,0.0,0.0,0.0,0.0,0.0,0.0,0.0,0.0,0.0,0.0,0.0,0.0,0.0,0.0,0.0,0.0,0,-107875648.0,53,0.0,106,-107614832.0,0.0,ERR,ERR,ERR,ERR,ERR,ERR,ERR,ERR,ERR,ERR,ERR,ERR,ERR,ERR,ERR,ERR,ERR,ERR,ERR,ERR,ERR,ERR,ERR,ERR,ERR,ERR,ERR,ERR,ERR,ERR,ERR,ERR,ERR,ERR,ERR,ERR,ERR,ERR,ERR,ERR,ERR,ERR,ERR,ERR,ERR,ERR,ERR,ERR,ERR,ERR,ERR,ERR,ERR,ERR,ERR,ERR,ERR,ERR,ERR,ERR,ERR,ERR,ERR,ERR,ERR,ERR,ERR,50.0,60.0,100,0.0,0.0,0.0,0.0,0.0,0.0,0.0,0.0,0.0,0.0,0.0,0.0,0.0,0.0,0.0,0.0,62.0,73,14,65513,50,65476,0,300,0,0,8,20529,65476,0,0,26214,60.0,0.0,0.0,0.0,0.0,0.0
2026-05-17T18:48:49,ERR,ERR,ERR,ERR,ERR,ERR,ERR,ERR,ERR,ERR,ERR,ERR,ERR,ERR,ERR,ERR,ERR,ERR,ERR,ERR,ERR,ERR,ERR,ERR,ERR,ERR,ERR,ERR,ERR,ERR,ERR,ERR,ERR,ERR,ERR,ERR,ERR,ERR,ERR,ERR,ERR,ERR,ERR,ERR,ERR,ERR,ERR,ERR,ERR,ERR,ERR,ERR,ERR,ERR,ERR,ERR,ERR,ERR,ERR,ERR,ERR,ERR,ERR,ERR,ERR,ERR,ERR,ERR,ERR,ERR,ERR,ERR,ERR,ERR,ERR,ERR,ERR,ERR,ERR,ERR,ERR,ERR,ERR,ERR,ERR,ERR,ERR,ERR,ERR,ERR,ERR,ERR,ERR,ERR,ERR,ERR,ERR,ERR,ERR,ERR,ERR,ERR,ERR,ERR,ERR,ERR,ERR,ERR,ERR,ERR,ERR,ERR,ERR,ERR,ERR,ERR,ERR,ERR,ERR,ERR,ERR,ERR,ERR,ERR,ERR,0.0,0.0,-134474944.0,0.0,0.0,1.3936040501711995e+18,7.805,0.0,0,0,4,0,8422,0.0,45,0.0,0.0,0.0,0.0,0.0,0,0,0,0,0.0,0,0,0,0,0,0,0,0,0,0,0,0,0,0,0,0,0,0,0,0,0,0,0,0,0,0,0,0,0,0,0,0,0,38,14,7,45,65476,0,300,0,0,8,21553,0.0,-107605600.0,0.0,0.0,0.0,0.0,0.0,0.0,0.0,0.0,0.0,0.0,0.0,0.0,0.0,0.0,0.0,0.0,0.0,0.0,0.0,0.0,2.004,2.004,-0.0,0.0,0.0,0.0,0.0,0.0,4953.0,0.0,0.0,0.0,0.0,-107615280.0,2.718429300292151e+23,0.0,0.0,0.0,0.0,53,-0.0,89220.539,0.0,0.0,0.0,0.0,0.0,0.0,0.0,0,0,0,0.0,0.0,0.0,0.0,0.0,0.0,0.0,0.0,0.0,0.0,0.0,0.0,0.0,0.0,0.0,0.0,0,-107875648.0,53,0.0,106,-107614832.0,0.0,ERR,ERR,ERR,ERR,ERR,ERR,ERR,ERR,ERR,ERR,ERR,ERR,ERR,ERR,ERR,ERR,ERR,ERR,ERR,ERR,ERR,ERR,ERR,ERR,ERR,ERR,ERR,ERR,ERR,ERR,ERR,ERR,ERR,ERR,ERR,ERR,ERR,ERR,ERR,ERR,ERR,ERR,ERR,ERR,ERR,ERR,ERR,ERR,ERR,ERR,ERR,ERR,ERR,ERR,ERR,ERR,ERR,ERR,ERR,ERR,ERR,ERR,ERR,ERR,ERR,ERR,ERR,50.0,60.0,100,0.0,0.0,0.0,0.0,0.0,0.0,0.0,0.0,0.0,0.0,0.0,0.0,0.0,0.0,0.0,0.0,61.6,73,14,65513,50,65476,0,300,0,0,8,20529,65476,0,0,26214,60.0,0.0,0.0,0.0,0.0,0.0
2026-05-17T18:48:50,ERR,ERR,ERR,ERR,ERR,ERR,ERR,ERR,ERR,ERR,ERR,ERR,ERR,ERR,ERR,ERR,ERR,ERR,ERR,ERR,ERR,ERR,ERR,ERR,ERR,ERR,ERR,ERR,ERR,ERR,ERR,ERR,ERR,ERR,ERR,ERR,ERR,ERR,ERR,ERR,ERR,ERR,ERR,ERR,ERR,ERR,ERR,ERR,ERR,ERR,ERR,ERR,ERR,ERR,ERR,ERR,ERR,ERR,ERR,ERR,ERR,ERR,ERR,ERR,ERR,ERR,ERR,ERR,ERR,ERR,ERR,ERR,ERR,ERR,ERR,ERR,ERR,ERR,ERR,ERR,ERR,ERR,ERR,ERR,ERR,ERR,ERR,ERR,ERR,ERR,ERR,ERR,ERR,ERR,ERR,ERR,ERR,ERR,ERR,ERR,ERR,ERR,ERR,ERR,ERR,ERR,ERR,ERR,ERR,ERR,ERR,ERR,ERR,ERR,ERR,ERR,ERR,ERR,ERR,ERR,ERR,ERR,ERR,ERR,ERR,0.0,0.0,-134474944.0,0.0,0.0,1.3936040501711995e+18,7.805,0.0,0,0,4,0,8422,0.0,45,0.0,0.0,0.0,0.0,0.0,0,0,0,0,0.0,0,0,0,0,0,0,0,0,0,0,0,0,0,0,0,0,0,0,0,0,0,0,0,0,0,0,0,0,0,0,0,0,0,38,14,7,45,65476,0,300,0,0,8,21553,0.0,-107605600.0,0.0,0.0,0.0,0.0,0.0,0.0,0.0,0.0,0.0,0.0,0.0,0.0,0.0,0.0,0.0,0.0,0.0,0.0,0.0,0.0,2.004,2.004,-0.0,0.0,0.0,0.0,0.0,0.0,4953.0,0.0,0.0,0.0,0.0,-107615280.0,2.718429300292151e+23,0.0,0.0,0.0,0.0,53,-0.0,89220.539,0.0,0.0,0.0,0.0,0.0,0.0,0.0,0,0,0,0.0,0.0,0.0,0.0,0.0,0.0,0.0,0.0,0.0,0.0,0.0,0.0,0.0,0.0,0.0,0.0,0,-107875648.0,53,0.0,106,-107614832.0,0.0,ERR,ERR,ERR,ERR,ERR,ERR,ERR,ERR,ERR,ERR,ERR,ERR,ERR,ERR,ERR,ERR,ERR,ERR,ERR,ERR,ERR,ERR,ERR,ERR,ERR,ERR,ERR,ERR,ERR,ERR,ERR,ERR,ERR,ERR,ERR,ERR,ERR,ERR,ERR,ERR,ERR,ERR,ERR,ERR,ERR,ERR,ERR,ERR,ERR,ERR,ERR,ERR,ERR,ERR,ERR,ERR,ERR,ERR,ERR,ERR,ERR,ERR,ERR,ERR,ERR,ERR,ERR,50.0,60.0,100,0.0,0.0,0.0,0.0,0.0,0.0,0.0,0.0,0.0,0.0,0.0,0.0,0.0,0.0,0.0,0.0,61.6,73,14,65513,50,65476,0,300,0,0,8,20529,65476,0,0,26214,60.0,0.0,0.0,0.0,0.0,0.0
2026-05-17T18:48:51,ERR,ERR,ERR,ERR,ERR,ERR,ERR,ERR,ERR,ERR,ERR,ERR,ERR,ERR,ERR,ERR,ERR,ERR,ERR,ERR,ERR,ERR,ERR,ERR,ERR,ERR,ERR,ERR,ERR,ERR,ERR,ERR,ERR,ERR,ERR,ERR,ERR,ERR,ERR,ERR,ERR,ERR,ERR,ERR,ERR,ERR,ERR,ERR,ERR,ERR,ERR,ERR,ERR,ERR,ERR,ERR,ERR,ERR,ERR,ERR,ERR,ERR,ERR,ERR,ERR,ERR,ERR,ERR,ERR,ERR,ERR,ERR,ERR,ERR,ERR,ERR,ERR,ERR,ERR,ERR,ERR,ERR,ERR,ERR,ERR,ERR,ERR,ERR,ERR,ERR,ERR,ERR,ERR,ERR,ERR,ERR,ERR,ERR,ERR,ERR,ERR,ERR,ERR,ERR,ERR,ERR,ERR,ERR,ERR,ERR,ERR,ERR,ERR,ERR,ERR,ERR,ERR,ERR,ERR,ERR,ERR,ERR,ERR,ERR,ERR,0.0,0.0,-134474944.0,0.0,0.0,1.3936040501711995e+18,7.805,0.0,0,0,4,0,8422,0.0,45,0.0,0.0,0.0,0.0,0.0,0,0,0,0,0.0,0,0,0,0,0,0,0,0,0,0,0,0,0,0,0,0,0,0,0,0,0,0,0,0,0,0,0,0,0,0,0,0,0,38,14,7,45,65476,0,300,0,0,8,21553,0.0,-107605600.0,0.0,0.0,0.0,0.0,0.0,0.0,0.0,0.0,0.0,0.0,0.0,0.0,0.0,0.0,0.0,0.0,0.0,0.0,0.0,0.0,2.004,2.004,-0.0,0.0,0.0,0.0,0.0,0.0,4953.0,0.0,0.0,0.0,0.0,-107615280.0,2.718429300292151e+23,0.0,0.0,0.0,0.0,53,-0.0,89220.539,0.0,0.0,0.0,0.0,0.0,0.0,0.0,0,0,0,0.0,0.0,0.0,0.0,0.0,0.0,0.0,0.0,0.0,0.0,0.0,0.0,0.0,0.0,0.0,0.0,0,-107875648.0,53,0.0,106,-107614832.0,0.0,ERR,ERR,ERR,ERR,ERR,ERR,ERR,ERR,ERR,ERR,ERR,ERR,ERR,ERR,ERR,ERR,ERR,ERR,ERR,ERR,ERR,ERR,ERR,ERR,ERR,ERR,ERR,ERR,ERR,ERR,ERR,ERR,ERR,ERR,ERR,ERR,ERR,ERR,ERR,ERR,ERR,ERR,ERR,ERR,ERR,ERR,ERR,ERR,ERR,ERR,ERR,ERR,ERR,ERR,ERR,ERR,ERR,ERR,ERR,ERR,ERR,ERR,ERR,ERR,ERR,ERR,ERR,50.0,60.0,100,0.0,0.0,0.0,0.0,0.0,0.0,0.0,0.0,0.0,0.0,0.0,0.0,0.0,0.0,0.0,0.0,61.6,73,14,65513,50,65476,0,300,0,0,8,20529,65476,0,0,26214,60.0,0.0,0.0,0.0,0.0,0.0
2026-05-17T18:48:52,ERR,ERR,ERR,ERR,ERR,ERR,ERR,ERR,ERR,ERR,ERR,ERR,ERR,ERR,ERR,ERR,ERR,ERR,ERR,ERR,ERR,ERR,ERR,ERR,ERR,ERR,ERR,ERR,ERR,ERR,ERR,ERR,ERR,ERR,ERR,ERR,ERR,ERR,ERR,ERR,ERR,ERR,ERR,ERR,ERR,ERR,ERR,ERR,ERR,ERR,ERR,ERR,ERR,ERR,ERR,ERR,ERR,ERR,ERR,ERR,ERR,ERR,ERR,ERR,ERR,ERR,ERR,ERR,ERR,ERR,ERR,ERR,ERR,ERR,ERR,ERR,ERR,ERR,ERR,ERR,ERR,ERR,ERR,ERR,ERR,ERR,ERR,ERR,ERR,ERR,ERR,ERR,ERR,ERR,ERR,ERR,ERR,ERR,ERR,ERR,ERR,ERR,ERR,ERR,ERR,ERR,ERR,ERR,ERR,ERR,ERR,ERR,ERR,ERR,ERR,ERR,ERR,ERR,ERR,ERR,ERR,ERR,ERR,ERR,ERR,0.0,0.0,-134474944.0,0.0,0.0,1.3936040501711995e+18,7.805,0.0,0,0,4,0,8422,0.0,45,0.0,0.0,0.0,0.0,0.0,0,0,0,0,0.0,0,0,0,0,0,0,0,0,0,0,0,0,0,0,0,0,0,0,0,0,0,0,0,0,0,0,0,0,0,0,0,0,0,38,14,7,45,65476,0,300,0,0,8,21553,0.0,-107605600.0,0.0,0.0,0.0,0.0,0.0,0.0,0.0,0.0,0.0,0.0,0.0,0.0,0.0,0.0,0.0,0.0,0.0,0.0,0.0,0.0,2.004,2.004,-0.0,0.0,0.0,0.0,0.0,0.0,4953.0,0.0,0.0,0.0,0.0,-107615280.0,2.718429300292151e+23,0.0,0.0,0.0,0.0,53,-0.0,89220.539,0.0,0.0,0.0,0.0,0.0,0.0,0.0,0,0,0,0.0,0.0,0.0,0.0,0.0,0.0,0.0,0.0,0.0,0.0,0.0,0.0,0.0,0.0,0.0,0.0,0,-107875648.0,53,0.0,106,-107614832.0,0.0,ERR,ERR,ERR,ERR,ERR,ERR,ERR,ERR,ERR,ERR,ERR,ERR,ERR,ERR,ERR,ERR,ERR,ERR,ERR,ERR,ERR,ERR,ERR,ERR,ERR,ERR,ERR,ERR,ERR,ERR,ERR,ERR,ERR,ERR,ERR,ERR,ERR,ERR,ERR,ERR,ERR,ERR,ERR,ERR,ERR,ERR,ERR,ERR,ERR,ERR,ERR,ERR,ERR,ERR,ERR,ERR,ERR,ERR,ERR,ERR,ERR,ERR,ERR,ERR,ERR,ERR,ERR,50.0,60.0,100,0.0,0.0,0.0,0.0,0.0,0.0,0.0,0.0,0.0,0.0,0.0,0.0,0.0,0.0,0.0,0.0,61.6,73,14,65513,50,65476,0,300,0,0,8,20529,65476,0,0,26214,60.0,0.0,0.0,0.0,0.0,0.0
2026-05-17T18:48:53,ERR,ERR,ERR,ERR,ERR,ERR,ERR,ERR,ERR,ERR,ERR,ERR,ERR,ERR,ERR,ERR,ERR,ERR,ERR,ERR,ERR,ERR,ERR,ERR,ERR,ERR,ERR,ERR,ERR,ERR,ERR,ERR,ERR,ERR,ERR,ERR,ERR,ERR,ERR,ERR,ERR,ERR,ERR,ERR,ERR,ERR,ERR,ERR,ERR,ERR,ERR,ERR,ERR,ERR,ERR,ERR,ERR,ERR,ERR,ERR,ERR,ERR,ERR,ERR,ERR,ERR,ERR,ERR,ERR,ERR,ERR,ERR,ERR,ERR,ERR,ERR,ERR,ERR,ERR,ERR,ERR,ERR,ERR,ERR,ERR,ERR,ERR,ERR,ERR,ERR,ERR,ERR,ERR,ERR,ERR,ERR,ERR,ERR,ERR,ERR,ERR,ERR,ERR,ERR,ERR,ERR,ERR,ERR,ERR,ERR,ERR,ERR,ERR,ERR,ERR,ERR,ERR,ERR,ERR,ERR,ERR,ERR,ERR,ERR,ERR,0.0,0.0,-134474944.0,0.0,0.0,1.3936040501711995e+18,7.805,0.0,0,0,4,0,8422,0.0,45,0.0,0.0,0.0,0.0,0.0,0,0,0,0,0.0,0,0,0,0,0,0,0,0,0,0,0,0,0,0,0,0,0,0,0,0,0,0,0,0,0,0,0,0,0,0,0,0,0,38,14,7,45,65476,0,300,0,0,8,21553,0.0,-107605600.0,0.0,0.0,0.0,0.0,0.0,0.0,0.0,0.0,0.0,0.0,0.0,0.0,0.0,0.0,0.0,0.0,0.0,0.0,0.0,0.0,2.004,2.004,-0.0,0.0,0.0,0.0,0.0,0.0,4953.0,0.0,0.0,0.0,0.0,-107615280.0,2.718429300292151e+23,0.0,0.0,0.0,0.0,53,-0.0,89220.539,0.0,0.0,0.0,0.0,0.0,0.0,0.0,0,0,0,0.0,0.0,0.0,0.0,0.0,0.0,0.0,0.0,0.0,0.0,0.0,0.0,0.0,0.0,0.0,0.0,0,-107875648.0,53,0.0,106,-107614832.0,0.0,ERR,ERR,ERR,ERR,ERR,ERR,ERR,ERR,ERR,ERR,ERR,ERR,ERR,ERR,ERR,ERR,ERR,ERR,ERR,ERR,ERR,ERR,ERR,ERR,ERR,ERR,ERR,ERR,ERR,ERR,ERR,ERR,ERR,ERR,ERR,ERR,ERR,ERR,ERR,ERR,ERR,ERR,ERR,ERR,ERR,ERR,ERR,ERR,ERR,ERR,ERR,ERR,ERR,ERR,ERR,ERR,ERR,ERR,ERR,ERR,ERR,ERR,ERR,ERR,ERR,ERR,ERR,50.0,60.0,100,0.0,0.0,0.0,0.0,0.0,0.0,0.0,0.0,0.0,0.0,0.0,0.0,0.0,0.0,0.0,0.0,61.6,73,14,65513,50,65476,0,300,0,0,8,20529,65476,0,0,26214,60.0,0.0,0.0,0.0,0.0,0.0
2026-05-17T18:48:54,ERR,ERR,ERR,ERR,ERR,ERR,ERR,ERR,ERR,ERR,ERR,ERR,ERR,ERR,ERR,ERR,ERR,ERR,ERR,ERR,ERR,ERR,ERR,ERR,ERR,ERR,ERR,ERR,ERR,ERR,ERR,ERR,ERR,ERR,ERR,ERR,ERR,ERR,ERR,ERR,ERR,ERR,ERR,ERR,ERR,ERR,ERR,ERR,ERR,ERR,ERR,ERR,ERR,ERR,ERR,ERR,ERR,ERR,ERR,ERR,ERR,ERR,ERR,ERR,ERR,ERR,ERR,ERR,ERR,ERR,ERR,ERR,ERR,ERR,ERR,ERR,ERR,ERR,ERR,ERR,ERR,ERR,ERR,ERR,ERR,ERR,ERR,ERR,ERR,ERR,ERR,ERR,ERR,ERR,ERR,ERR,ERR,ERR,ERR,ERR,ERR,ERR,ERR,ERR,ERR,ERR,ERR,ERR,ERR,ERR,ERR,ERR,ERR,ERR,ERR,ERR,ERR,ERR,ERR,ERR,ERR,ERR,ERR,ERR,ERR,0.0,0.0,-134474944.0,0.0,0.0,1.3936040501711995e+18,7.805,0.0,0,0,4,0,8422,0.0,45,0.0,0.0,0.0,0.0,0.0,0,0,0,0,0.0,0,0,0,0,0,0,0,0,0,0,0,0,0,0,0,0,0,0,0,0,0,0,0,0,0,0,0,0,0,0,0,0,0,38,14,7,45,65476,0,300,0,0,8,21553,0.0,-107605600.0,0.0,0.0,0.0,0.0,0.0,0.0,0.0,0.0,0.0,0.0,0.0,0.0,0.0,0.0,0.0,0.0,0.0,0.0,0.0,0.0,2.004,2.004,-0.0,0.0,0.0,0.0,0.0,0.0,4921.0,-3.697184814210744e+19,0.0,0.0,0.0,-107615280.0,2.718429300292151e+23,0.0,0.0,0.0,0.0,53,-0.0,-4.950399970523356e+32,0.0,0.0,0.0,0.0,0.0,0.0,0.0,0,0,0,0.0,0.0,0.0,0.0,0.0,0.0,0.0,0.0,0.0,0.0,0.0,0.0,0.0,0.0,0.0,0.0,0,-107875648.0,53,0.0,106,-107614832.0,0.0,ERR,ERR,ERR,ERR,ERR,ERR,ERR,ERR,ERR,ERR,ERR,ERR,ERR,ERR,ERR,ERR,ERR,ERR,ERR,ERR,ERR,ERR,ERR,ERR,ERR,ERR,ERR,ERR,ERR,ERR,ERR,ERR,ERR,ERR,ERR,ERR,ERR,ERR,ERR,ERR,ERR,ERR,ERR,ERR,ERR,ERR,ERR,ERR,ERR,ERR,ERR,ERR,ERR,ERR,ERR,ERR,ERR,ERR,ERR,ERR,ERR,ERR,ERR,ERR,ERR,ERR,ERR,50.0,60.0,100,0.0,0.0,0.0,0.0,0.0,0.0,0.0,0.0,0.0,0.0,0.0,0.0,0.0,0.0,0.0,0.0,61.6,73,14,65513,50,65476,0,300,0,0,8,20529,65476,0,0,26214,60.0,0.0,0.0,0.0,0.0,0.0
2026-05-17T18:48:55,ERR,ERR,ERR,ERR,ERR,ERR,ERR,ERR,ERR,ERR,ERR,ERR,ERR,ERR,ERR,ERR,ERR,ERR,ERR,ERR,ERR,ERR,ERR,ERR,ERR,ERR,ERR,ERR,ERR,ERR,ERR,ERR,ERR,ERR,ERR,ERR,ERR,ERR,ERR,ERR,ERR,ERR,ERR,ERR,ERR,ERR,ERR,ERR,ERR,ERR,ERR,ERR,ERR,ERR,ERR,ERR,ERR,ERR,ERR,ERR,ERR,ERR,ERR,ERR,ERR,ERR,ERR,ERR,ERR,ERR,ERR,ERR,ERR,ERR,ERR,ERR,ERR,ERR,ERR,ERR,ERR,ERR,ERR,ERR,ERR,ERR,ERR,ERR,ERR,ERR,ERR,ERR,ERR,ERR,ERR,ERR,ERR,ERR,ERR,ERR,ERR,ERR,ERR,ERR,ERR,ERR,ERR,ERR,ERR,ERR,ERR,ERR,ERR,ERR,ERR,ERR,ERR,ERR,ERR,ERR,ERR,ERR,ERR,ERR,ERR,0.0,0.0,-134474944.0,0.0,0.0,1.3936040501711995e+18,7.805,0.0,0,0,4,0,8422,0.0,45,0.0,0.0,0.0,0.0,0.0,0,0,0,0,0.0,0,0,0,0,0,0,0,0,0,0,0,0,0,0,0,0,0,0,0,0,0,0,0,0,0,0,0,0,0,0,0,0,0,38,14,7,45,65476,0,300,0,0,8,21553,0.0,-107605600.0,0.0,0.0,0.0,0.0,0.0,0.0,0.0,0.0,0.0,0.0,0.0,0.0,0.0,0.0,0.0,0.0,0.0,0.0,0.0,0.0,2.004,2.004,-0.0,0.0,0.0,0.0,0.0,0.0,4921.0,-3.697184814210744e+19,0.0,0.0,0.0,-107615280.0,2.718429300292151e+23,0.0,0.0,0.0,0.0,53,-0.0,-4.950399970523356e+32,0.0,0.0,0.0,0.0,0.0,0.0,0.0,0,0,0,0.0,0.0,0.0,0.0,0.0,0.0,0.0,0.0,0.0,0.0,0.0,0.0,0.0,0.0,0.0,0.0,0,-107875648.0,53,0.0,106,-107614832.0,0.0,ERR,ERR,ERR,ERR,ERR,ERR,ERR,ERR,ERR,ERR,ERR,ERR,ERR,ERR,ERR,ERR,ERR,ERR,ERR,ERR,ERR,ERR,ERR,ERR,ERR,ERR,ERR,ERR,ERR,ERR,ERR,ERR,ERR,ERR,ERR,ERR,ERR,ERR,ERR,ERR,ERR,ERR,ERR,ERR,ERR,ERR,ERR,ERR,ERR,ERR,ERR,ERR,ERR,ERR,ERR,ERR,ERR,ERR,ERR,ERR,ERR,ERR,ERR,ERR,ERR,ERR,ERR,50.0,60.0,100,0.0,0.0,0.0,0.0,0.0,0.0,0.0,0.0,0.0,0.0,0.0,0.0,0.0,0.0,0.0,0.0,61.6,73,14,65513,50,65476,0,300,0,0,8,20529,65476,0,0,26214,60.0,0.0,0.0,0.0,0.0,0.0
2026-05-17T18:48:56,ERR,ERR,ERR,ERR,ERR,ERR,ERR,ERR,ERR,ERR,ERR,ERR,ERR,ERR,ERR,ERR,ERR,ERR,ERR,ERR,ERR,ERR,ERR,ERR,ERR,ERR,ERR,ERR,ERR,ERR,ERR,ERR,ERR,ERR,ERR,ERR,ERR,ERR,ERR,ERR,ERR,ERR,ERR,ERR,ERR,ERR,ERR,ERR,ERR,ERR,ERR,ERR,ERR,ERR,ERR,ERR,ERR,ERR,ERR,ERR,ERR,ERR,ERR,ERR,ERR,ERR,ERR,ERR,ERR,ERR,ERR,ERR,ERR,ERR,ERR,ERR,ERR,ERR,ERR,ERR,ERR,ERR,ERR,ERR,ERR,ERR,ERR,ERR,ERR,ERR,ERR,ERR,ERR,ERR,ERR,ERR,ERR,ERR,ERR,ERR,ERR,ERR,ERR,ERR,ERR,ERR,ERR,ERR,ERR,ERR,ERR,ERR,ERR,ERR,ERR,ERR,ERR,ERR,ERR,ERR,ERR,ERR,ERR,ERR,ERR,0.0,0.0,-134474944.0,0.0,0.0,1.3936040501711995e+18,7.805,0.0,0,0,4,0,8422,0.0,45,0.0,0.0,0.0,0.0,0.0,0,0,0,0,0.0,0,0,0,0,0,0,0,0,0,0,0,0,0,0,0,0,0,0,0,0,0,0,0,0,0,0,0,0,0,0,0,0,0,38,14,7,45,65476,0,300,0,0,8,21553,0.0,-107605600.0,0.0,0.0,0.0,0.0,0.0,0.0,0.0,0.0,0.0,0.0,0.0,0.0,0.0,0.0,0.0,0.0,0.0,0.0,0.0,0.0,2.004,2.004,-0.0,0.0,0.0,0.0,0.0,0.0,4921.0,-3.697184814210744e+19,0.0,0.0,0.0,-107615280.0,2.718429300292151e+23,0.0,0.0,0.0,0.0,53,-0.0,-4.950399970523356e+32,0.0,0.0,0.0,0.0,0.0,0.0,0.0,0,0,0,0.0,0.0,0.0,0.0,0.0,0.0,0.0,0.0,0.0,0.0,0.0,0.0,0.0,0.0,0.0,0.0,0,-107875648.0,53,0.0,106,-107614832.0,0.0,ERR,ERR,ERR,ERR,ERR,ERR,ERR,ERR,ERR,ERR,ERR,ERR,ERR,ERR,ERR,ERR,ERR,ERR,ERR,ERR,ERR,ERR,ERR,ERR,ERR,ERR,ERR,ERR,ERR,ERR,ERR,ERR,ERR,ERR,ERR,ERR,ERR,ERR,ERR,ERR,ERR,ERR,ERR,ERR,ERR,ERR,ERR,ERR,ERR,ERR,ERR,ERR,ERR,ERR,ERR,ERR,ERR,ERR,ERR,ERR,ERR,ERR,ERR,ERR,ERR,ERR,ERR,50.0,60.0,100,0.0,0.0,0.0,0.0,0.0,0.0,0.0,0.0,0.0,0.0,0.0,0.0,0.0,0.0,0.0,0.0,61.6,73,14,65513,50,65476,0,300,0,0,8,20529,65476,0,0,26214,60.0,0.0,0.0,0.0,0.0,0.0
2026-05-17T18:48:57,ERR,ERR,ERR,ERR,ERR,ERR,ERR,ERR,ERR,ERR,ERR,ERR,ERR,ERR,ERR,ERR,ERR,ERR,ERR,ERR,ERR,ERR,ERR,ERR,ERR,ERR,ERR,ERR,ERR,ERR,ERR,ERR,ERR,ERR,ERR,ERR,ERR,ERR,ERR,ERR,ERR,ERR,ERR,ERR,ERR,ERR,ERR,ERR,ERR,ERR,ERR,ERR,ERR,ERR,ERR,ERR,ERR,ERR,ERR,ERR,ERR,ERR,ERR,ERR,ERR,ERR,ERR,ERR,ERR,ERR,ERR,ERR,ERR,ERR,ERR,ERR,ERR,ERR,ERR,ERR,ERR,ERR,ERR,ERR,ERR,ERR,ERR,ERR,ERR,ERR,ERR,ERR,ERR,ERR,ERR,ERR,ERR,ERR,ERR,ERR,ERR,ERR,ERR,ERR,ERR,ERR,ERR,ERR,ERR,ERR,ERR,ERR,ERR,ERR,ERR,ERR,ERR,ERR,ERR,ERR,ERR,ERR,ERR,ERR,ERR,0.0,0.0,-134474944.0,0.0,0.0,1.3936040501711995e+18,7.805,0.0,0,0,4,0,8422,0.0,45,0.0,0.0,0.0,0.0,0.0,0,0,0,0,0.0,0,0,0,0,0,0,0,0,0,0,0,0,0,0,0,0,0,0,0,0,0,0,0,0,0,0,0,0,0,0,0,0,0,38,14,7,45,65476,0,300,0,0,8,21553,0.0,-107605600.0,0.0,0.0,0.0,0.0,0.0,0.0,0.0,0.0,0.0,0.0,0.0,0.0,0.0,0.0,0.0,0.0,0.0,0.0,0.0,0.0,2.004,2.004,-0.0,0.0,0.0,0.0,0.0,0.0,4921.0,-3.697184814210744e+19,0.0,0.0,0.0,-107615280.0,2.718429300292151e+23,0.0,0.0,0.0,0.0,53,-0.0,-4.950399970523356e+32,0.0,0.0,0.0,0.0,0.0,0.0,0.0,0,0,0,0.0,0.0,0.0,0.0,0.0,0.0,0.0,0.0,0.0,0.0,0.0,0.0,0.0,0.0,0.0,0.0,0,-107875648.0,53,0.0,106,-107614832.0,0.0,ERR,ERR,ERR,ERR,ERR,ERR,ERR,ERR,ERR,ERR,ERR,ERR,ERR,ERR,ERR,ERR,ERR,ERR,ERR,ERR,ERR,ERR,ERR,ERR,ERR,ERR,ERR,ERR,ERR,ERR,ERR,ERR,ERR,ERR,ERR,ERR,ERR,ERR,ERR,ERR,ERR,ERR,ERR,ERR,ERR,ERR,ERR,ERR,ERR,ERR,ERR,ERR,ERR,ERR,ERR,ERR,ERR,ERR,ERR,ERR,ERR,ERR,ERR,ERR,ERR,ERR,ERR,50.0,60.0,100,0.0,0.0,0.0,0.0,0.0,0.0,0.0,0.0,0.0,0.0,0.0,0.0,0.0,0.0,0.0,0.0,61.6,73,14,65513,50,65476,0,300,0,0,8,20529,65476,0,0,26214,60.0,0.0,0.0,0.0,0.0,0.0
2026-05-17T18:48:58,ERR,ERR,ERR,ERR,ERR,ERR,ERR,ERR,ERR,ERR,ERR,ERR,ERR,ERR,ERR,ERR,ERR,ERR,ERR,ERR,ERR,ERR,ERR,ERR,ERR,ERR,ERR,ERR,ERR,ERR,ERR,ERR,ERR,ERR,ERR,ERR,ERR,ERR,ERR,ERR,ERR,ERR,ERR,ERR,ERR,ERR,ERR,ERR,ERR,ERR,ERR,ERR,ERR,ERR,ERR,ERR,ERR,ERR,ERR,ERR,ERR,ERR,ERR,ERR,ERR,ERR,ERR,ERR,ERR,ERR,ERR,ERR,ERR,ERR,ERR,ERR,ERR,ERR,ERR,ERR,ERR,ERR,ERR,ERR,ERR,ERR,ERR,ERR,ERR,ERR,ERR,ERR,ERR,ERR,ERR,ERR,ERR,ERR,ERR,ERR,ERR,ERR,ERR,ERR,ERR,ERR,ERR,ERR,ERR,ERR,ERR,ERR,ERR,ERR,ERR,ERR,ERR,ERR,ERR,ERR,ERR,ERR,ERR,ERR,ERR,0.0,0.0,-134474944.0,0.0,0.0,1.3936040501711995e+18,7.805,0.0,0,0,4,0,8422,0.0,45,0.0,0.0,0.0,0.0,0.0,0,0,0,0,0.0,0,0,0,0,0,0,0,0,0,0,0,0,0,0,0,0,0,0,0,0,0,0,0,0,0,0,0,0,0,0,0,0,0,38,14,7,45,65476,0,300,0,0,8,21553,0.0,-107605600.0,0.0,0.0,0.0,0.0,0.0,0.0,0.0,0.0,0.0,0.0,0.0,0.0,0.0,0.0,0.0,0.0,0.0,0.0,0.0,0.0,2.004,2.004,-0.0,0.0,0.0,0.0,0.0,0.0,4921.0,-3.697184814210744e+19,0.0,0.0,0.0,-107615280.0,2.718429300292151e+23,0.0,0.0,0.0,0.0,53,-0.0,-4.950399970523356e+32,0.0,0.0,0.0,0.0,0.0,0.0,0.0,0,0,0,0.0,0.0,0.0,0.0,0.0,0.0,0.0,0.0,0.0,0.0,0.0,0.0,0.0,0.0,0.0,0.0,0,-107875648.0,53,0.0,106,-107614832.0,0.0,ERR,ERR,ERR,ERR,ERR,ERR,ERR,ERR,ERR,ERR,ERR,ERR,ERR,ERR,ERR,ERR,ERR,ERR,ERR,ERR,ERR,ERR,ERR,ERR,ERR,ERR,ERR,ERR,ERR,ERR,ERR,ERR,ERR,ERR,ERR,ERR,ERR,ERR,ERR,ERR,ERR,ERR,ERR,ERR,ERR,ERR,ERR,ERR,ERR,ERR,ERR,ERR,ERR,ERR,ERR,ERR,ERR,ERR,ERR,ERR,ERR,ERR,ERR,ERR,ERR,ERR,ERR,50.0,60.0,100,0.0,0.0,0.0,0.0,0.0,0.0,0.0,0.0,0.0,0.0,0.0,0.0,0.0,0.0,0.0,0.0,61.6,73,14,65513,50,65476,0,300,0,0,8,20529,65476,0,0,26214,60.0,0.0,0.0,0.0,0.0,0.0
2026-05-17T18:48:59,ERR,ERR,ERR,ERR,ERR,ERR,ERR,ERR,ERR,ERR,ERR,ERR,ERR,ERR,ERR,ERR,ERR,ERR,ERR,ERR,ERR,ERR,ERR,ERR,ERR,ERR,ERR,ERR,ERR,ERR,ERR,ERR,ERR,ERR,ERR,ERR,ERR,ERR,ERR,ERR,ERR,ERR,ERR,ERR,ERR,ERR,ERR,ERR,ERR,ERR,ERR,ERR,ERR,ERR,ERR,ERR,ERR,ERR,ERR,ERR,ERR,ERR,ERR,ERR,ERR,ERR,ERR,ERR,ERR,ERR,ERR,ERR,ERR,ERR,ERR,ERR,ERR,ERR,ERR,ERR,ERR,ERR,ERR,ERR,ERR,ERR,ERR,ERR,ERR,ERR,ERR,ERR,ERR,ERR,ERR,ERR,ERR,ERR,ERR,ERR,ERR,ERR,ERR,ERR,ERR,ERR,ERR,ERR,ERR,ERR,ERR,ERR,ERR,ERR,ERR,ERR,ERR,ERR,ERR,ERR,ERR,ERR,ERR,ERR,ERR,0.0,0.0,-134474944.0,0.0,0.0,1.3936040501711995e+18,7.805,0.0,0,0,4,0,8422,0.0,45,0.0,0.0,0.0,0.0,0.0,0,0,0,0,0.0,0,0,0,0,0,0,0,0,0,0,0,0,0,0,0,0,0,0,0,0,0,0,0,0,0,0,0,0,0,0,0,0,0,38,14,7,45,65476,0,300,0,0,8,21553,0.0,-107605600.0,0.0,0.0,0.0,0.0,0.0,0.0,0.0,0.0,0.0,0.0,0.0,0.0,0.0,0.0,0.0,0.0,0.0,0.0,0.0,0.0,2.004,2.004,-0.0,0.0,0.0,0.0,0.0,0.0,4921.0,-3.697184814210744e+19,0.0,0.0,0.0,-107615280.0,2.718429300292151e+23,0.0,0.0,0.0,0.0,53,-0.0,-4.950399970523356e+32,0.0,0.0,0.0,0.0,0.0,0.0,0.0,0,0,0,0.0,0.0,0.0,0.0,0.0,0.0,0.0,0.0,0.0,0.0,0.0,0.0,0.0,0.0,0.0,0.0,0,-107875648.0,53,0.0,106,-107614832.0,0.0,ERR,ERR,ERR,ERR,ERR,ERR,ERR,ERR,ERR,ERR,ERR,ERR,ERR,ERR,ERR,ERR,ERR,ERR,ERR,ERR,ERR,ERR,ERR,ERR,ERR,ERR,ERR,ERR,ERR,ERR,ERR,ERR,ERR,ERR,ERR,ERR,ERR,ERR,ERR,ERR,ERR,ERR,ERR,ERR,ERR,ERR,ERR,ERR,ERR,ERR,ERR,ERR,ERR,ERR,ERR,ERR,ERR,ERR,ERR,ERR,ERR,ERR,ERR,ERR,ERR,ERR,ERR,50.0,60.0,100,0.0,0.0,0.0,0.0,0.0,0.0,0.0,0.0,0.0,0.0,0.0,0.0,0.0,0.0,0.0,0.0,61.6,73,14,65513,50,65476,0,300,0,0,8,20529,65476,0,0,26214,60.0,0.0,0.0,0.0,0.0,0.0
2026-05-17T18:49:00,ERR,ERR,ERR,ERR,ERR,ERR,ERR,ERR,ERR,ERR,ERR,ERR,ERR,ERR,ERR,ERR,ERR,ERR,ERR,ERR,ERR,ERR,ERR,ERR,ERR,ERR,ERR,ERR,ERR,ERR,ERR,ERR,ERR,ERR,ERR,ERR,ERR,ERR,ERR,ERR,ERR,ERR,ERR,ERR,ERR,ERR,ERR,ERR,ERR,ERR,ERR,ERR,ERR,ERR,ERR,ERR,ERR,ERR,ERR,ERR,ERR,ERR,ERR,ERR,ERR,ERR,ERR,ERR,ERR,ERR,ERR,ERR,ERR,ERR,ERR,ERR,ERR,ERR,ERR,ERR,ERR,ERR,ERR,ERR,ERR,ERR,ERR,ERR,ERR,ERR,ERR,ERR,ERR,ERR,ERR,ERR,ERR,ERR,ERR,ERR,ERR,ERR,ERR,ERR,ERR,ERR,ERR,ERR,ERR,ERR,ERR,ERR,ERR,ERR,ERR,ERR,ERR,ERR,ERR,ERR,ERR,ERR,ERR,ERR,ERR,0.0,0.0,-134474944.0,0.0,0.0,1.3936040501711995e+18,7.805,0.0,0,0,4,0,8422,0.0,45,0.0,0.0,0.0,0.0,0.0,0,0,0,0,0.0,0,0,0,0,0,0,0,0,0,0,0,0,0,0,0,0,0,0,0,0,0,0,0,0,0,0,0,0,0,0,0,0,0,38,14,7,45,65476,0,300,0,0,8,21553,0.0,-107605600.0,0.0,0.0,0.0,0.0,0.0,0.0,0.0,0.0,0.0,0.0,0.0,0.0,0.0,0.0,0.0,0.0,0.0,0.0,0.0,0.0,2.004,2.004,-0.0,0.0,0.0,0.0,0.0,0.0,4920.0,-8608179200.0,0.0,0.0,0.0,-107615280.0,2.718429300292151e+23,0.0,0.0,0.0,0.0,53,-0.0,-2.3088273476542687e+20,0.0,0.0,0.0,0.0,0.0,0.0,0.0,0,0,0,0.0,0.0,0.0,0.0,0.0,0.0,0.0,0.0,0.0,0.0,0.0,0.0,0.0,0.0,0.0,0.0,0,-107875648.0,53,0.0,106,-107614832.0,0.0,ERR,ERR,ERR,ERR,ERR,ERR,ERR,ERR,ERR,ERR,ERR,ERR,ERR,ERR,ERR,ERR,ERR,ERR,ERR,ERR,ERR,ERR,ERR,ERR,ERR,ERR,ERR,ERR,ERR,ERR,ERR,ERR,ERR,ERR,ERR,ERR,ERR,ERR,ERR,ERR,ERR,ERR,ERR,ERR,ERR,ERR,ERR,ERR,ERR,ERR,ERR,ERR,ERR,ERR,ERR,ERR,ERR,ERR,ERR,ERR,ERR,ERR,ERR,ERR,ERR,ERR,ERR,50.0,60.0,100,0.0,0.0,0.0,0.0,0.0,0.0,0.0,0.0,0.0,0.0,0.0,0.0,0.0,0.0,0.0,0.0,61.6,73,14,65513,50,65476,0,300,0,0,8,20529,65476,0,0,26214,60.0,0.0,0.0,0.0,0.0,0.0
2026-05-17T18:49:01,ERR,ERR,ERR,ERR,ERR,ERR,ERR,ERR,ERR,ERR,ERR,ERR,ERR,ERR,ERR,ERR,ERR,ERR,ERR,ERR,ERR,ERR,ERR,ERR,ERR,ERR,ERR,ERR,ERR,ERR,ERR,ERR,ERR,ERR,ERR,ERR,ERR,ERR,ERR,ERR,ERR,ERR,ERR,ERR,ERR,ERR,ERR,ERR,ERR,ERR,ERR,ERR,ERR,ERR,ERR,ERR,ERR,ERR,ERR,ERR,ERR,ERR,ERR,ERR,ERR,ERR,ERR,ERR,ERR,ERR,ERR,ERR,ERR,ERR,ERR,ERR,ERR,ERR,ERR,ERR,ERR,ERR,ERR,ERR,ERR,ERR,ERR,ERR,ERR,ERR,ERR,ERR,ERR,ERR,ERR,ERR,ERR,ERR,ERR,ERR,ERR,ERR,ERR,ERR,ERR,ERR,ERR,ERR,ERR,ERR,ERR,ERR,ERR,ERR,ERR,ERR,ERR,ERR,ERR,ERR,ERR,ERR,ERR,ERR,ERR,0.0,0.0,-134474944.0,0.0,0.0,1.3936040501711995e+18,7.805,0.0,0,0,4,0,8422,0.0,45,0.0,0.0,0.0,0.0,0.0,0,0,0,0,0.0,0,0,0,0,0,0,0,0,0,0,0,0,0,0,0,0,0,0,0,0,0,0,0,0,0,0,0,0,0,0,0,0,0,38,14,7,45,65476,0,300,0,0,8,21553,0.0,-107605600.0,0.0,0.0,0.0,0.0,0.0,0.0,0.0,0.0,0.0,0.0,0.0,0.0,0.0,0.0,0.0,0.0,0.0,0.0,0.0,0.0,2.004,2.004,-0.0,0.0,0.0,0.0,0.0,0.0,4920.0,-8608179200.0,0.0,0.0,0.0,-107615280.0,2.718429300292151e+23,0.0,0.0,0.0,0.0,53,-0.0,-2.3088273476542687e+20,0.0,0.0,0.0,0.0,0.0,0.0,0.0,0,0,0,0.0,0.0,0.0,0.0,0.0,0.0,0.0,0.0,0.0,0.0,0.0,0.0,0.0,0.0,0.0,0.0,0,-107875648.0,53,0.0,106,-107614832.0,0.0,ERR,ERR,ERR,ERR,ERR,ERR,ERR,ERR,ERR,ERR,ERR,ERR,ERR,ERR,ERR,ERR,ERR,ERR,ERR,ERR,ERR,ERR,ERR,ERR,ERR,ERR,ERR,ERR,ERR,ERR,ERR,ERR,ERR,ERR,ERR,ERR,ERR,ERR,ERR,ERR,ERR,ERR,ERR,ERR,ERR,ERR,ERR,ERR,ERR,ERR,ERR,ERR,ERR,ERR,ERR,ERR,ERR,ERR,ERR,ERR,ERR,ERR,ERR,ERR,ERR,ERR,ERR,50.0,60.0,100,0.0,0.0,0.0,0.0,0.0,0.0,0.0,0.0,0.0,0.0,0.0,0.0,0.0,0.0,0.0,0.0,62.0,73,14,65513,50,65476,0,300,0,0,8,20529,65476,0,0,26214,60.0,0.0,0.0,0.0,0.0,0.0
2026-05-17T18:49:02,ERR,ERR,ERR,ERR,ERR,ERR,ERR,ERR,ERR,ERR,ERR,ERR,ERR,ERR,ERR,ERR,ERR,ERR,ERR,ERR,ERR,ERR,ERR,ERR,ERR,ERR,ERR,ERR,ERR,ERR,ERR,ERR,ERR,ERR,ERR,ERR,ERR,ERR,ERR,ERR,ERR,ERR,ERR,ERR,ERR,ERR,ERR,ERR,ERR,ERR,ERR,ERR,ERR,ERR,ERR,ERR,ERR,ERR,ERR,ERR,ERR,ERR,ERR,ERR,ERR,ERR,ERR,ERR,ERR,ERR,ERR,ERR,ERR,ERR,ERR,ERR,ERR,ERR,ERR,ERR,ERR,ERR,ERR,ERR,ERR,ERR,ERR,ERR,ERR,ERR,ERR,ERR,ERR,ERR,ERR,ERR,ERR,ERR,ERR,ERR,ERR,ERR,ERR,ERR,ERR,ERR,ERR,ERR,ERR,ERR,ERR,ERR,ERR,ERR,ERR,ERR,ERR,ERR,ERR,ERR,ERR,ERR,ERR,ERR,ERR,0.0,0.0,-134474944.0,0.0,0.0,1.3936040501711995e+18,7.805,0.0,0,0,4,0,8422,0.0,45,0.0,0.0,0.0,0.0,0.0,0,0,0,0,0.0,0,0,0,0,0,0,0,0,0,0,0,0,0,0,0,0,0,0,0,0,0,0,0,0,0,0,0,0,0,0,0,0,0,38,14,7,45,65476,0,300,0,0,8,21553,0.0,-107605600.0,0.0,0.0,0.0,0.0,0.0,0.0,0.0,0.0,0.0,0.0,0.0,0.0,0.0,0.0,0.0,0.0,0.0,0.0,0.0,0.0,2.004,2.004,-0.0,0.0,0.0,0.0,0.0,0.0,4920.0,-8608179200.0,0.0,0.0,0.0,-107615280.0,2.718429300292151e+23,0.0,0.0,0.0,0.0,53,-0.0,-2.3088273476542687e+20,0.0,0.0,0.0,0.0,0.0,0.0,0.0,0,0,0,0.0,0.0,0.0,0.0,0.0,0.0,0.0,0.0,0.0,0.0,0.0,0.0,0.0,0.0,0.0,0.0,0,-107875648.0,53,0.0,106,-107614832.0,0.0,ERR,ERR,ERR,ERR,ERR,ERR,ERR,ERR,ERR,ERR,ERR,ERR,ERR,ERR,ERR,ERR,ERR,ERR,ERR,ERR,ERR,ERR,ERR,ERR,ERR,ERR,ERR,ERR,ERR,ERR,ERR,ERR,ERR,ERR,ERR,ERR,ERR,ERR,ERR,ERR,ERR,ERR,ERR,ERR,ERR,ERR,ERR,ERR,ERR,ERR,ERR,ERR,ERR,ERR,ERR,ERR,ERR,ERR,ERR,ERR,ERR,ERR,ERR,ERR,ERR,ERR,ERR,50.0,60.0,100,0.0,0.0,0.0,0.0,0.0,0.0,0.0,0.0,0.0,0.0,0.0,0.0,0.0,0.0,0.0,0.0,62.0,73,14,65513,50,65476,0,300,0,0,8,20529,65476,0,0,26214,60.0,0.0,0.0,0.0,0.0,0.0
2026-05-17T18:49:03,ERR,ERR,ERR,ERR,ERR,ERR,ERR,ERR,ERR,ERR,ERR,ERR,ERR,ERR,ERR,ERR,ERR,ERR,ERR,ERR,ERR,ERR,ERR,ERR,ERR,ERR,ERR,ERR,ERR,ERR,ERR,ERR,ERR,ERR,ERR,ERR,ERR,ERR,ERR,ERR,ERR,ERR,ERR,ERR,ERR,ERR,ERR,ERR,ERR,ERR,ERR,ERR,ERR,ERR,ERR,ERR,ERR,ERR,ERR,ERR,ERR,ERR,ERR,ERR,ERR,ERR,ERR,ERR,ERR,ERR,ERR,ERR,ERR,ERR,ERR,ERR,ERR,ERR,ERR,ERR,ERR,ERR,ERR,ERR,ERR,ERR,ERR,ERR,ERR,ERR,ERR,ERR,ERR,ERR,ERR,ERR,ERR,ERR,ERR,ERR,ERR,ERR,ERR,ERR,ERR,ERR,ERR,ERR,ERR,ERR,ERR,ERR,ERR,ERR,ERR,ERR,ERR,ERR,ERR,ERR,ERR,ERR,ERR,ERR,ERR,0.0,0.0,-134474944.0,0.0,0.0,1.3936040501711995e+18,7.805,0.0,0,0,4,0,8422,0.0,45,0.0,0.0,0.0,0.0,0.0,0,0,0,0,0.0,0,0,0,0,0,0,0,0,0,0,0,0,0,0,0,0,0,0,0,0,0,0,0,0,0,0,0,0,0,0,0,0,0,38,14,7,45,65476,0,300,0,0,8,21553,0.0,-107605600.0,0.0,0.0,0.0,0.0,0.0,0.0,0.0,0.0,0.0,0.0,0.0,0.0,0.0,0.0,0.0,0.0,0.0,0.0,0.0,0.0,2.004,2.004,-0.0,0.0,0.0,0.0,0.0,0.0,4920.0,-8608179200.0,0.0,0.0,0.0,-107615280.0,2.718429300292151e+23,0.0,0.0,0.0,0.0,53,-0.0,-2.3088273476542687e+20,0.0,0.0,0.0,0.0,0.0,0.0,0.0,0,0,0,0.0,0.0,0.0,0.0,0.0,0.0,0.0,0.0,0.0,0.0,0.0,0.0,0.0,0.0,0.0,0.0,0,-107875648.0,53,0.0,106,-107614832.0,0.0,ERR,ERR,ERR,ERR,ERR,ERR,ERR,ERR,ERR,ERR,ERR,ERR,ERR,ERR,ERR,ERR,ERR,ERR,ERR,ERR,ERR,ERR,ERR,ERR,ERR,ERR,ERR,ERR,ERR,ERR,ERR,ERR,ERR,ERR,ERR,ERR,ERR,ERR,ERR,ERR,ERR,ERR,ERR,ERR,ERR,ERR,ERR,ERR,ERR,ERR,ERR,ERR,ERR,ERR,ERR,ERR,ERR,ERR,ERR,ERR,ERR,ERR,ERR,ERR,ERR,ERR,ERR,50.0,60.0,100,0.0,0.0,0.0,0.0,0.0,0.0,0.0,0.0,0.0,0.0,0.0,0.0,0.0,0.0,0.0,0.0,62.0,73,14,65513,50,65476,0,300,0,0,8,20529,65476,0,0,26214,60.0,0.0,0.0,0.0,0.0,0.0
2026-05-17T18:49:04,ERR,ERR,ERR,ERR,ERR,ERR,ERR,ERR,ERR,ERR,ERR,ERR,ERR,ERR,ERR,ERR,ERR,ERR,ERR,ERR,ERR,ERR,ERR,ERR,ERR,ERR,ERR,ERR,ERR,ERR,ERR,ERR,ERR,ERR,ERR,ERR,ERR,ERR,ERR,ERR,ERR,ERR,ERR,ERR,ERR,ERR,ERR,ERR,ERR,ERR,ERR,ERR,ERR,ERR,ERR,ERR,ERR,ERR,ERR,ERR,ERR,ERR,ERR,ERR,ERR,ERR,ERR,ERR,ERR,ERR,ERR,ERR,ERR,ERR,ERR,ERR,ERR,ERR,ERR,ERR,ERR,ERR,ERR,ERR,ERR,ERR,ERR,ERR,ERR,ERR,ERR,ERR,ERR,ERR,ERR,ERR,ERR,ERR,ERR,ERR,ERR,ERR,ERR,ERR,ERR,ERR,ERR,ERR,ERR,ERR,ERR,ERR,ERR,ERR,ERR,ERR,ERR,ERR,ERR,ERR,ERR,ERR,ERR,ERR,ERR,0.0,0.0,-134474944.0,0.0,0.0,1.3936040501711995e+18,7.805,0.0,0,0,4,0,8422,0.0,45,0.0,0.0,0.0,0.0,0.0,0,0,0,0,0.0,0,0,0,0,0,0,0,0,0,0,0,0,0,0,0,0,0,0,0,0,0,0,0,0,0,0,0,0,0,0,0,0,0,38,14,7,45,65476,0,300,0,0,8,21553,0.0,-107605600.0,0.0,0.0,0.0,0.0,0.0,0.0,0.0,0.0,0.0,0.0,0.0,0.0,0.0,0.0,0.0,0.0,0.0,0.0,0.0,0.0,2.004,2.004,-0.0,0.0,0.0,0.0,0.0,0.0,4920.0,-8608179200.0,0.0,0.0,0.0,-107615280.0,2.718429300292151e+23,0.0,0.0,0.0,0.0,53,-0.0,-2.3088273476542687e+20,0.0,0.0,0.0,0.0,0.0,0.0,0.0,0,0,0,0.0,0.0,0.0,0.0,0.0,0.0,0.0,0.0,0.0,0.0,0.0,0.0,0.0,0.0,0.0,0.0,0,-107875648.0,53,0.0,106,-107614832.0,0.0,ERR,ERR,ERR,ERR,ERR,ERR,ERR,ERR,ERR,ERR,ERR,ERR,ERR,ERR,ERR,ERR,ERR,ERR,ERR,ERR,ERR,ERR,ERR,ERR,ERR,ERR,ERR,ERR,ERR,ERR,ERR,ERR,ERR,ERR,ERR,ERR,ERR,ERR,ERR,ERR,ERR,ERR,ERR,ERR,ERR,ERR,ERR,ERR,ERR,ERR,ERR,ERR,ERR,ERR,ERR,ERR,ERR,ERR,ERR,ERR,ERR,ERR,ERR,ERR,ERR,ERR,ERR,50.0,60.0,100,0.0,0.0,0.0,0.0,0.0,0.0,0.0,0.0,0.0,0.0,0.0,0.0,0.0,0.0,0.0,0.0,61.6,73,14,65513,50,65476,0,300,0,0,8,20529,65476,0,0,26214,60.0,0.0,0.0,0.0,0.0,0.0
2026-05-17T18:49:05,ERR,ERR,ERR,ERR,ERR,ERR,ERR,ERR,ERR,ERR,ERR,ERR,ERR,ERR,ERR,ERR,ERR,ERR,ERR,ERR,ERR,ERR,ERR,ERR,ERR,ERR,ERR,ERR,ERR,ERR,ERR,ERR,ERR,ERR,ERR,ERR,ERR,ERR,ERR,ERR,ERR,ERR,ERR,ERR,ERR,ERR,ERR,ERR,ERR,ERR,ERR,ERR,ERR,ERR,ERR,ERR,ERR,ERR,ERR,ERR,ERR,ERR,ERR,ERR,ERR,ERR,ERR,ERR,ERR,ERR,ERR,ERR,ERR,ERR,ERR,ERR,ERR,ERR,ERR,ERR,ERR,ERR,ERR,ERR,ERR,ERR,ERR,ERR,ERR,ERR,ERR,ERR,ERR,ERR,ERR,ERR,ERR,ERR,ERR,ERR,ERR,ERR,ERR,ERR,ERR,ERR,ERR,ERR,ERR,ERR,ERR,ERR,ERR,ERR,ERR,ERR,ERR,ERR,ERR,ERR,ERR,ERR,ERR,ERR,ERR,0.0,0.0,-134474944.0,0.0,0.0,1.3936040501711995e+18,7.805,0.0,0,0,4,0,8422,0.0,45,0.0,0.0,0.0,0.0,0.0,0,0,0,0,0.0,0,0,0,0,0,0,0,0,0,0,0,0,0,0,0,0,0,0,0,0,0,0,0,0,0,0,0,0,0,0,0,0,0,38,14,7,45,65476,0,300,0,0,8,21553,0.0,-107605600.0,0.0,0.0,0.0,0.0,0.0,0.0,0.0,0.0,0.0,0.0,0.0,0.0,0.0,0.0,0.0,0.0,0.0,0.0,0.0,0.0,2.004,2.004,-0.0,0.0,0.0,0.0,0.0,0.0,4915.0,3.697184814210744e+19,0.0,0.0,0.0,-107615280.0,2.718429300292151e+23,0.0,0.0,0.0,0.0,53,4.950428597886765e+32,126840504320.0,0.0,0.0,0.0,0.0,0.0,0.0,0.0,0,0,0,0.0,0.0,0.0,0.0,0.0,0.0,0.0,0.0,0.0,0.0,0.0,0.0,0.0,0.0,0.0,0.0,0,-107875648.0,53,0.0,106,-107614832.0,0.0,ERR,ERR,ERR,ERR,ERR,ERR,ERR,ERR,ERR,ERR,ERR,ERR,ERR,ERR,ERR,ERR,ERR,ERR,ERR,ERR,ERR,ERR,ERR,ERR,ERR,ERR,ERR,ERR,ERR,ERR,ERR,ERR,ERR,ERR,ERR,ERR,ERR,ERR,ERR,ERR,ERR,ERR,ERR,ERR,ERR,ERR,ERR,ERR,ERR,ERR,ERR,ERR,ERR,ERR,ERR,ERR,ERR,ERR,ERR,ERR,ERR,ERR,ERR,ERR,ERR,ERR,ERR,50.0,60.0,100,0.0,0.0,0.0,0.0,0.0,0.0,0.0,0.0,0.0,0.0,0.0,0.0,0.0,0.0,0.0,0.0,61.6,73,14,65513,50,65476,0,300,0,0,8,20529,65476,0,0,26214,60.0,0.0,0.0,0.0,0.0,0.0
2026-05-17T18:49:06,ERR,ERR,ERR,ERR,ERR,ERR,ERR,ERR,ERR,ERR,ERR,ERR,ERR,ERR,ERR,ERR,ERR,ERR,ERR,ERR,ERR,ERR,ERR,ERR,ERR,ERR,ERR,ERR,ERR,ERR,ERR,ERR,ERR,ERR,ERR,ERR,ERR,ERR,ERR,ERR,ERR,ERR,ERR,ERR,ERR,ERR,ERR,ERR,ERR,ERR,ERR,ERR,ERR,ERR,ERR,ERR,ERR,ERR,ERR,ERR,ERR,ERR,ERR,ERR,ERR,ERR,ERR,ERR,ERR,ERR,ERR,ERR,ERR,ERR,ERR,ERR,ERR,ERR,ERR,ERR,ERR,ERR,ERR,ERR,ERR,ERR,ERR,ERR,ERR,ERR,ERR,ERR,ERR,ERR,ERR,ERR,ERR,ERR,ERR,ERR,ERR,ERR,ERR,ERR,ERR,ERR,ERR,ERR,ERR,ERR,ERR,ERR,ERR,ERR,ERR,ERR,ERR,ERR,ERR,ERR,ERR,ERR,ERR,ERR,ERR,0.0,0.0,-134474944.0,0.0,0.0,1.3936040501711995e+18,7.805,0.0,0,0,4,0,8422,0.0,45,0.0,0.0,0.0,0.0,0.0,0,0,0,0,0.0,0,0,0,0,0,0,0,0,0,0,0,0,0,0,0,0,0,0,0,0,0,0,0,0,0,0,0,0,0,0,0,0,0,38,14,7,45,65476,0,300,0,0,8,21553,0.0,-107605600.0,0.0,0.0,0.0,0.0,0.0,0.0,0.0,0.0,0.0,0.0,0.0,0.0,0.0,0.0,0.0,0.0,0.0,0.0,0.0,0.0,2.004,2.004,-0.0,0.0,0.0,0.0,0.0,0.0,4915.0,3.697184814210744e+19,0.0,0.0,0.0,-107615280.0,2.718429300292151e+23,0.0,0.0,0.0,0.0,53,4.950428597886765e+32,126840504320.0,0.0,0.0,0.0,0.0,0.0,0.0,0.0,0,0,0,0.0,0.0,0.0,0.0,0.0,0.0,0.0,0.0,0.0,0.0,0.0,0.0,0.0,0.0,0.0,0.0,0,-107875648.0,53,0.0,106,-107614832.0,0.0,ERR,ERR,ERR,ERR,ERR,ERR,ERR,ERR,ERR,ERR,ERR,ERR,ERR,ERR,ERR,ERR,ERR,ERR,ERR,ERR,ERR,ERR,ERR,ERR,ERR,ERR,ERR,ERR,ERR,ERR,ERR,ERR,ERR,ERR,ERR,ERR,ERR,ERR,ERR,ERR,ERR,ERR,ERR,ERR,ERR,ERR,ERR,ERR,ERR,ERR,ERR,ERR,ERR,ERR,ERR,ERR,ERR,ERR,ERR,ERR,ERR,ERR,ERR,ERR,ERR,ERR,ERR,50.0,60.0,100,0.0,0.0,0.0,0.0,0.0,0.0,0.0,0.0,0.0,0.0,0.0,0.0,0.0,0.0,0.0,0.0,62.0,73,14,65513,50,65476,0,300,0,0,8,20529,65476,0,0,26214,60.0,0.0,0.0,0.0,0.0,0.0
2026-05-17T18:49:07,ERR,ERR,ERR,ERR,ERR,ERR,ERR,ERR,ERR,ERR,ERR,ERR,ERR,ERR,ERR,ERR,ERR,ERR,ERR,ERR,ERR,ERR,ERR,ERR,ERR,ERR,ERR,ERR,ERR,ERR,ERR,ERR,ERR,ERR,ERR,ERR,ERR,ERR,ERR,ERR,ERR,ERR,ERR,ERR,ERR,ERR,ERR,ERR,ERR,ERR,ERR,ERR,ERR,ERR,ERR,ERR,ERR,ERR,ERR,ERR,ERR,ERR,ERR,ERR,ERR,ERR,ERR,ERR,ERR,ERR,ERR,ERR,ERR,ERR,ERR,ERR,ERR,ERR,ERR,ERR,ERR,ERR,ERR,ERR,ERR,ERR,ERR,ERR,ERR,ERR,ERR,ERR,ERR,ERR,ERR,ERR,ERR,ERR,ERR,ERR,ERR,ERR,ERR,ERR,ERR,ERR,ERR,ERR,ERR,ERR,ERR,ERR,ERR,ERR,ERR,ERR,ERR,ERR,ERR,ERR,ERR,ERR,ERR,ERR,ERR,0.0,0.0,-134474944.0,0.0,0.0,1.3936040501711995e+18,7.805,0.0,0,0,4,0,8422,0.0,45,0.0,0.0,0.0,0.0,0.0,0,0,0,0,0.0,0,0,0,0,0,0,0,0,0,0,0,0,0,0,0,0,0,0,0,0,0,0,0,0,0,0,0,0,0,0,0,0,0,38,14,7,45,65476,0,300,0,0,8,21553,0.0,-107605600.0,0.0,0.0,0.0,0.0,0.0,0.0,0.0,0.0,0.0,0.0,0.0,0.0,0.0,0.0,0.0,0.0,0.0,0.0,0.0,0.0,2.004,2.004,-0.0,0.0,0.0,0.0,0.0,0.0,4915.0,3.697184814210744e+19,0.0,0.0,0.0,-107615280.0,2.718429300292151e+23,0.0,0.0,0.0,0.0,53,4.950428597886765e+32,126840504320.0,0.0,0.0,0.0,0.0,0.0,0.0,0.0,0,0,0,0.0,0.0,0.0,0.0,0.0,0.0,0.0,0.0,0.0,0.0,0.0,0.0,0.0,0.0,0.0,0.0,0,-107875648.0,53,0.0,106,-107614832.0,0.0,ERR,ERR,ERR,ERR,ERR,ERR,ERR,ERR,ERR,ERR,ERR,ERR,ERR,ERR,ERR,ERR,ERR,ERR,ERR,ERR,ERR,ERR,ERR,ERR,ERR,ERR,ERR,ERR,ERR,ERR,ERR,ERR,ERR,ERR,ERR,ERR,ERR,ERR,ERR,ERR,ERR,ERR,ERR,ERR,ERR,ERR,ERR,ERR,ERR,ERR,ERR,ERR,ERR,ERR,ERR,ERR,ERR,ERR,ERR,ERR,ERR,ERR,ERR,ERR,ERR,ERR,ERR,50.0,60.0,100,0.0,0.0,0.0,0.0,0.0,0.0,0.0,0.0,0.0,0.0,0.0,0.0,0.0,0.0,0.0,0.0,62.0,73,14,65513,50,65476,0,300,0,0,8,20529,65476,0,0,26214,60.0,0.0,0.0,0.0,0.0,0.0
2026-05-17T18:49:08,ERR,ERR,ERR,ERR,ERR,ERR,ERR,ERR,ERR,ERR,ERR,ERR,ERR,ERR,ERR,ERR,ERR,ERR,ERR,ERR,ERR,ERR,ERR,ERR,ERR,ERR,ERR,ERR,ERR,ERR,ERR,ERR,ERR,ERR,ERR,ERR,ERR,ERR,ERR,ERR,ERR,ERR,ERR,ERR,ERR,ERR,ERR,ERR,ERR,ERR,ERR,ERR,ERR,ERR,ERR,ERR,ERR,ERR,ERR,ERR,ERR,ERR,ERR,ERR,ERR,ERR,ERR,ERR,ERR,ERR,ERR,ERR,ERR,ERR,ERR,ERR,ERR,ERR,ERR,ERR,ERR,ERR,ERR,ERR,ERR,ERR,ERR,ERR,ERR,ERR,ERR,ERR,ERR,ERR,ERR,ERR,ERR,ERR,ERR,ERR,ERR,ERR,ERR,ERR,ERR,ERR,ERR,ERR,ERR,ERR,ERR,ERR,ERR,ERR,ERR,ERR,ERR,ERR,ERR,ERR,ERR,ERR,ERR,ERR,ERR,0.0,0.0,-134474944.0,0.0,0.0,1.3936040501711995e+18,7.805,0.0,0,0,4,0,8422,0.0,45,0.0,0.0,0.0,0.0,0.0,0,0,0,0,0.0,0,0,0,0,0,0,0,0,0,0,0,0,0,0,0,0,0,0,0,0,0,0,0,0,0,0,0,0,0,0,0,0,0,38,14,7,45,65476,0,300,0,0,8,21553,0.0,-107605600.0,0.0,0.0,0.0,0.0,0.0,0.0,0.0,0.0,0.0,0.0,0.0,0.0,0.0,0.0,0.0,0.0,0.0,0.0,0.0,0.0,2.004,2.004,-0.0,0.0,0.0,0.0,0.0,0.0,4915.0,3.697184814210744e+19,0.0,0.0,0.0,-107615280.0,2.718429300292151e+23,0.0,0.0,0.0,0.0,53,4.950428597886765e+32,126840504320.0,0.0,0.0,0.0,0.0,0.0,0.0,0.0,0,0,0,0.0,0.0,0.0,0.0,0.0,0.0,0.0,0.0,0.0,0.0,0.0,0.0,0.0,0.0,0.0,0.0,0,-107875648.0,53,0.0,106,-107614832.0,0.0,ERR,ERR,ERR,ERR,ERR,ERR,ERR,ERR,ERR,ERR,ERR,ERR,ERR,ERR,ERR,ERR,ERR,ERR,ERR,ERR,ERR,ERR,ERR,ERR,ERR,ERR,ERR,ERR,ERR,ERR,ERR,ERR,ERR,ERR,ERR,ERR,ERR,ERR,ERR,ERR,ERR,ERR,ERR,ERR,ERR,ERR,ERR,ERR,ERR,ERR,ERR,ERR,ERR,ERR,ERR,ERR,ERR,ERR,ERR,ERR,ERR,ERR,ERR,ERR,ERR,ERR,ERR,50.0,60.0,100,0.0,0.0,0.0,0.0,0.0,0.0,0.0,0.0,0.0,0.0,0.0,0.0,0.0,0.0,0.0,0.0,62.0,73,14,65513,50,65476,0,300,0,0,8,20529,65476,0,0,26214,60.0,0.0,0.0,0.0,0.0,0.0
2026-05-17T18:49:09,ERR,ERR,ERR,ERR,ERR,ERR,ERR,ERR,ERR,ERR,ERR,ERR,ERR,ERR,ERR,ERR,ERR,ERR,ERR,ERR,ERR,ERR,ERR,ERR,ERR,ERR,ERR,ERR,ERR,ERR,ERR,ERR,ERR,ERR,ERR,ERR,ERR,ERR,ERR,ERR,ERR,ERR,ERR,ERR,ERR,ERR,ERR,ERR,ERR,ERR,ERR,ERR,ERR,ERR,ERR,ERR,ERR,ERR,ERR,ERR,ERR,ERR,ERR,ERR,ERR,ERR,ERR,ERR,ERR,ERR,ERR,ERR,ERR,ERR,ERR,ERR,ERR,ERR,ERR,ERR,ERR,ERR,ERR,ERR,ERR,ERR,ERR,ERR,ERR,ERR,ERR,ERR,ERR,ERR,ERR,ERR,ERR,ERR,ERR,ERR,ERR,ERR,ERR,ERR,ERR,ERR,ERR,ERR,ERR,ERR,ERR,ERR,ERR,ERR,ERR,ERR,ERR,ERR,ERR,ERR,ERR,ERR,ERR,ERR,ERR,0.0,0.0,-134474944.0,0.0,0.0,1.3936040501711995e+18,7.805,0.0,0,0,4,0,8422,0.0,45,0.0,0.0,0.0,0.0,0.0,0,0,0,0,0.0,0,0,0,0,0,0,0,0,0,0,0,0,0,0,0,0,0,0,0,0,0,0,0,0,0,0,0,0,0,0,0,0,0,38,14,7,45,65476,0,300,0,0,8,21553,0.0,-107605600.0,0.0,0.0,0.0,0.0,0.0,0.0,0.0,0.0,0.0,0.0,0.0,0.0,0.0,0.0,0.0,0.0,0.0,0.0,0.0,0.0,2.004,2.004,-0.0,0.0,0.0,0.0,0.0,0.0,4915.0,3.697184814210744e+19,0.0,0.0,0.0,-107615280.0,2.718429300292151e+23,0.0,0.0,0.0,0.0,53,4.950428597886765e+32,126840504320.0,0.0,0.0,0.0,0.0,0.0,0.0,0.0,0,0,0,0.0,0.0,0.0,0.0,0.0,0.0,0.0,0.0,0.0,0.0,0.0,0.0,0.0,0.0,0.0,0.0,0,-107875648.0,53,0.0,106,-107614832.0,0.0,ERR,ERR,ERR,ERR,ERR,ERR,ERR,ERR,ERR,ERR,ERR,ERR,ERR,ERR,ERR,ERR,ERR,ERR,ERR,ERR,ERR,ERR,ERR,ERR,ERR,ERR,ERR,ERR,ERR,ERR,ERR,ERR,ERR,ERR,ERR,ERR,ERR,ERR,ERR,ERR,ERR,ERR,ERR,ERR,ERR,ERR,ERR,ERR,ERR,ERR,ERR,ERR,ERR,ERR,ERR,ERR,ERR,ERR,ERR,ERR,ERR,ERR,ERR,ERR,ERR,ERR,ERR,50.0,60.0,100,0.0,0.0,0.0,0.0,0.0,0.0,0.0,0.0,0.0,0.0,0.0,0.0,0.0,0.0,0.0,0.0,62.0,73,14,65513,50,65476,0,300,0,0,8,20529,65476,0,0,26214,60.0,0.0,0.0,0.0,0.0,0.0
2026-05-17T18:49:10,ERR,ERR,ERR,ERR,ERR,ERR,ERR,ERR,ERR,ERR,ERR,ERR,ERR,ERR,ERR,ERR,ERR,ERR,ERR,ERR,ERR,ERR,ERR,ERR,ERR,ERR,ERR,ERR,ERR,ERR,ERR,ERR,ERR,ERR,ERR,ERR,ERR,ERR,ERR,ERR,ERR,ERR,ERR,ERR,ERR,ERR,ERR,ERR,ERR,ERR,ERR,ERR,ERR,ERR,ERR,ERR,ERR,ERR,ERR,ERR,ERR,ERR,ERR,ERR,ERR,ERR,ERR,ERR,ERR,ERR,ERR,ERR,ERR,ERR,ERR,ERR,ERR,ERR,ERR,ERR,ERR,ERR,ERR,ERR,ERR,ERR,ERR,ERR,ERR,ERR,ERR,ERR,ERR,ERR,ERR,ERR,ERR,ERR,ERR,ERR,ERR,ERR,ERR,ERR,ERR,ERR,ERR,ERR,ERR,ERR,ERR,ERR,ERR,ERR,ERR,ERR,ERR,ERR,ERR,ERR,ERR,ERR,ERR,ERR,ERR,0.0,0.0,-134474944.0,0.0,0.0,1.3936040501711995e+18,7.805,0.0,0,0,4,0,8422,0.0,45,0.0,0.0,0.0,0.0,0.0,0,0,0,0,0.0,0,0,0,0,0,0,0,0,0,0,0,0,0,0,0,0,0,0,0,0,0,0,0,0,0,0,0,0,0,0,0,0,0,38,14,7,45,65476,0,300,0,0,8,21553,0.0,-107605600.0,0.0,0.0,0.0,0.0,0.0,0.0,0.0,0.0,0.0,0.0,0.0,0.0,0.0,0.0,0.0,0.0,0.0,0.0,0.0,0.0,2.004,2.004,-0.0,0.0,0.0,0.0,0.0,0.0,4915.0,0.0,0.0,0.0,0.0,-107615280.0,2.718429300292151e+23,0.0,0.0,0.0,0.0,53,4.950428597886765e+32,-152017196548096.0,0.0,0.0,0.0,0.0,0.0,0.0,0.0,0,0,0,0.0,0.0,0.0,0.0,0.0,0.0,0.0,0.0,0.0,0.0,0.0,0.0,0.0,0.0,0.0,0.0,0,-107875648.0,53,0.0,106,-107614832.0,0.0,ERR,ERR,ERR,ERR,ERR,ERR,ERR,ERR,ERR,ERR,ERR,ERR,ERR,ERR,ERR,ERR,ERR,ERR,ERR,ERR,ERR,ERR,ERR,ERR,ERR,ERR,ERR,ERR,ERR,ERR,ERR,ERR,ERR,ERR,ERR,ERR,ERR,ERR,ERR,ERR,ERR,ERR,ERR,ERR,ERR,ERR,ERR,ERR,ERR,ERR,ERR,ERR,ERR,ERR,ERR,ERR,ERR,ERR,ERR,ERR,ERR,ERR,ERR,ERR,ERR,ERR,ERR,50.0,60.0,100,0.0,0.0,0.0,0.0,0.0,0.0,0.0,0.0,0.0,0.0,0.0,0.0,0.0,0.0,0.0,0.0,61.6,73,14,65513,50,65476,0,300,0,0,8,20529,65476,0,0,26214,60.0,0.0,0.0,0.0,0.0,0.0
2026-05-17T18:49:11,ERR,ERR,ERR,ERR,ERR,ERR,ERR,ERR,ERR,ERR,ERR,ERR,ERR,ERR,ERR,ERR,ERR,ERR,ERR,ERR,ERR,ERR,ERR,ERR,ERR,ERR,ERR,ERR,ERR,ERR,ERR,ERR,ERR,ERR,ERR,ERR,ERR,ERR,ERR,ERR,ERR,ERR,ERR,ERR,ERR,ERR,ERR,ERR,ERR,ERR,ERR,ERR,ERR,ERR,ERR,ERR,ERR,ERR,ERR,ERR,ERR,ERR,ERR,ERR,ERR,ERR,ERR,ERR,ERR,ERR,ERR,ERR,ERR,ERR,ERR,ERR,ERR,ERR,ERR,ERR,ERR,ERR,ERR,ERR,ERR,ERR,ERR,ERR,ERR,ERR,ERR,ERR,ERR,ERR,ERR,ERR,ERR,ERR,ERR,ERR,ERR,ERR,ERR,ERR,ERR,ERR,ERR,ERR,ERR,ERR,ERR,ERR,ERR,ERR,ERR,ERR,ERR,ERR,ERR,ERR,ERR,ERR,ERR,ERR,ERR,0.0,0.0,-134474944.0,0.0,0.0,1.3936040501711995e+18,7.805,0.0,0,0,4,0,8422,0.0,45,0.0,0.0,0.0,0.0,0.0,0,0,0,0,0.0,0,0,0,0,0,0,0,0,0,0,0,0,0,0,0,0,0,0,0,0,0,0,0,0,0,0,0,0,0,0,0,0,0,38,14,7,45,65476,0,300,0,0,8,21553,0.0,-107605600.0,0.0,0.0,0.0,0.0,0.0,0.0,0.0,0.0,0.0,0.0,0.0,0.0,0.0,0.0,0.0,0.0,0.0,0.0,0.0,0.0,2.004,2.004,-0.0,0.0,0.0,0.0,0.0,0.0,4915.0,0.0,0.0,0.0,0.0,-107615280.0,2.718429300292151e+23,0.0,0.0,0.0,0.0,53,4.950428597886765e+32,-152017196548096.0,0.0,0.0,0.0,0.0,0.0,0.0,0.0,0,0,0,0.0,0.0,0.0,0.0,0.0,0.0,0.0,0.0,0.0,0.0,0.0,0.0,0.0,0.0,0.0,0.0,0,-107875648.0,53,0.0,106,-107614832.0,0.0,ERR,ERR,ERR,ERR,ERR,ERR,ERR,ERR,ERR,ERR,ERR,ERR,ERR,ERR,ERR,ERR,ERR,ERR,ERR,ERR,ERR,ERR,ERR,ERR,ERR,ERR,ERR,ERR,ERR,ERR,ERR,ERR,ERR,ERR,ERR,ERR,ERR,ERR,ERR,ERR,ERR,ERR,ERR,ERR,ERR,ERR,ERR,ERR,ERR,ERR,ERR,ERR,ERR,ERR,ERR,ERR,ERR,ERR,ERR,ERR,ERR,ERR,ERR,ERR,ERR,ERR,ERR,50.0,60.0,100,0.0,0.0,0.0,0.0,0.0,0.0,0.0,0.0,0.0,0.0,0.0,0.0,0.0,0.0,0.0,0.0,61.6,73,14,65513,50,65476,0,300,0,0,8,20529,65476,0,0,26214,60.0,0.0,0.0,0.0,0.0,0.0
2026-05-17T18:49:12,ERR,ERR,ERR,ERR,ERR,ERR,ERR,ERR,ERR,ERR,ERR,ERR,ERR,ERR,ERR,ERR,ERR,ERR,ERR,ERR,ERR,ERR,ERR,ERR,ERR,ERR,ERR,ERR,ERR,ERR,ERR,ERR,ERR,ERR,ERR,ERR,ERR,ERR,ERR,ERR,ERR,ERR,ERR,ERR,ERR,ERR,ERR,ERR,ERR,ERR,ERR,ERR,ERR,ERR,ERR,ERR,ERR,ERR,ERR,ERR,ERR,ERR,ERR,ERR,ERR,ERR,ERR,ERR,ERR,ERR,ERR,ERR,ERR,ERR,ERR,ERR,ERR,ERR,ERR,ERR,ERR,ERR,ERR,ERR,ERR,ERR,ERR,ERR,ERR,ERR,ERR,ERR,ERR,ERR,ERR,ERR,ERR,ERR,ERR,ERR,ERR,ERR,ERR,ERR,ERR,ERR,ERR,ERR,ERR,ERR,ERR,ERR,ERR,ERR,ERR,ERR,ERR,ERR,ERR,ERR,ERR,ERR,ERR,ERR,ERR,0.0,0.0,-134474944.0,0.0,0.0,1.3936040501711995e+18,7.805,0.0,0,0,4,0,8422,0.0,45,0.0,0.0,0.0,0.0,0.0,0,0,0,0,0.0,0,0,0,0,0,0,0,0,0,0,0,0,0,0,0,0,0,0,0,0,0,0,0,0,0,0,0,0,0,0,0,0,0,38,14,7,45,65476,0,300,0,0,8,21553,0.0,-107605600.0,0.0,0.0,0.0,0.0,0.0,0.0,0.0,0.0,0.0,0.0,0.0,0.0,0.0,0.0,0.0,0.0,0.0,0.0,0.0,0.0,2.004,2.004,-0.0,0.0,0.0,0.0,0.0,0.0,4915.0,0.0,0.0,0.0,0.0,-107615280.0,2.718429300292151e+23,0.0,0.0,0.0,0.0,53,4.950428597886765e+32,-152017196548096.0,0.0,0.0,0.0,0.0,0.0,0.0,0.0,0,0,0,0.0,0.0,0.0,0.0,0.0,0.0,0.0,0.0,0.0,0.0,0.0,0.0,0.0,0.0,0.0,0.0,0,-107875648.0,53,0.0,106,-107614832.0,0.0,ERR,ERR,ERR,ERR,ERR,ERR,ERR,ERR,ERR,ERR,ERR,ERR,ERR,ERR,ERR,ERR,ERR,ERR,ERR,ERR,ERR,ERR,ERR,ERR,ERR,ERR,ERR,ERR,ERR,ERR,ERR,ERR,ERR,ERR,ERR,ERR,ERR,ERR,ERR,ERR,ERR,ERR,ERR,ERR,ERR,ERR,ERR,ERR,ERR,ERR,ERR,ERR,ERR,ERR,ERR,ERR,ERR,ERR,ERR,ERR,ERR,ERR,ERR,ERR,ERR,ERR,ERR,50.0,60.0,100,0.0,0.0,0.0,0.0,0.0,0.0,0.0,0.0,0.0,0.0,0.0,0.0,0.0,0.0,0.0,0.0,61.6,73,14,65513,50,65476,0,300,0,0,8,20529,65476,0,0,26214,60.0,0.0,0.0,0.0,0.0,0.0
2026-05-17T18:49:13,ERR,ERR,ERR,ERR,ERR,ERR,ERR,ERR,ERR,ERR,ERR,ERR,ERR,ERR,ERR,ERR,ERR,ERR,ERR,ERR,ERR,ERR,ERR,ERR,ERR,ERR,ERR,ERR,ERR,ERR,ERR,ERR,ERR,ERR,ERR,ERR,ERR,ERR,ERR,ERR,ERR,ERR,ERR,ERR,ERR,ERR,ERR,ERR,ERR,ERR,ERR,ERR,ERR,ERR,ERR,ERR,ERR,ERR,ERR,ERR,ERR,ERR,ERR,ERR,ERR,ERR,ERR,ERR,ERR,ERR,ERR,ERR,ERR,ERR,ERR,ERR,ERR,ERR,ERR,ERR,ERR,ERR,ERR,ERR,ERR,ERR,ERR,ERR,ERR,ERR,ERR,ERR,ERR,ERR,ERR,ERR,ERR,ERR,ERR,ERR,ERR,ERR,ERR,ERR,ERR,ERR,ERR,ERR,ERR,ERR,ERR,ERR,ERR,ERR,ERR,ERR,ERR,ERR,ERR,ERR,ERR,ERR,ERR,ERR,ERR,0.0,0.0,-134474944.0,0.0,0.0,1.3936040501711995e+18,7.805,0.0,0,0,4,0,8422,0.0,45,0.0,0.0,0.0,0.0,0.0,0,0,0,0,0.0,0,0,0,0,0,0,0,0,0,0,0,0,0,0,0,0,0,0,0,0,0,0,0,0,0,0,0,0,0,0,0,0,0,38,14,7,45,65476,0,300,0,0,8,21553,0.0,-107605600.0,0.0,0.0,0.0,0.0,0.0,0.0,0.0,0.0,0.0,0.0,0.0,0.0,0.0,0.0,0.0,0.0,0.0,0.0,0.0,0.0,2.004,2.004,-0.0,0.0,0.0,0.0,0.0,0.0,4915.0,0.0,0.0,0.0,0.0,-107615280.0,2.718429300292151e+23,0.0,0.0,0.0,0.0,53,4.950428597886765e+32,-152017196548096.0,0.0,0.0,0.0,0.0,0.0,0.0,0.0,0,0,0,0.0,0.0,0.0,0.0,0.0,0.0,0.0,0.0,0.0,0.0,0.0,0.0,0.0,0.0,0.0,0.0,0,-107875648.0,53,0.0,106,-107614832.0,0.0,ERR,ERR,ERR,ERR,ERR,ERR,ERR,ERR,ERR,ERR,ERR,ERR,ERR,ERR,ERR,ERR,ERR,ERR,ERR,ERR,ERR,ERR,ERR,ERR,ERR,ERR,ERR,ERR,ERR,ERR,ERR,ERR,ERR,ERR,ERR,ERR,ERR,ERR,ERR,ERR,ERR,ERR,ERR,ERR,ERR,ERR,ERR,ERR,ERR,ERR,ERR,ERR,ERR,ERR,ERR,ERR,ERR,ERR,ERR,ERR,ERR,ERR,ERR,ERR,ERR,ERR,ERR,50.0,60.0,100,0.0,0.0,0.0,0.0,0.0,0.0,0.0,0.0,0.0,0.0,0.0,0.0,0.0,0.0,0.0,0.0,61.6,73,14,65513,50,65476,0,300,0,0,8,20529,65476,0,0,26214,60.0,0.0,0.0,0.0,0.0,0.0
2026-05-17T18:49:14,ERR,ERR,ERR,ERR,ERR,ERR,ERR,ERR,ERR,ERR,ERR,ERR,ERR,ERR,ERR,ERR,ERR,ERR,ERR,ERR,ERR,ERR,ERR,ERR,ERR,ERR,ERR,ERR,ERR,ERR,ERR,ERR,ERR,ERR,ERR,ERR,ERR,ERR,ERR,ERR,ERR,ERR,ERR,ERR,ERR,ERR,ERR,ERR,ERR,ERR,ERR,ERR,ERR,ERR,ERR,ERR,ERR,ERR,ERR,ERR,ERR,ERR,ERR,ERR,ERR,ERR,ERR,ERR,ERR,ERR,ERR,ERR,ERR,ERR,ERR,ERR,ERR,ERR,ERR,ERR,ERR,ERR,ERR,ERR,ERR,ERR,ERR,ERR,ERR,ERR,ERR,ERR,ERR,ERR,ERR,ERR,ERR,ERR,ERR,ERR,ERR,ERR,ERR,ERR,ERR,ERR,ERR,ERR,ERR,ERR,ERR,ERR,ERR,ERR,ERR,ERR,ERR,ERR,ERR,ERR,ERR,ERR,ERR,ERR,ERR,0.0,0.0,-134474944.0,0.0,0.0,1.3936040501711995e+18,7.805,0.0,0,0,4,0,8422,0.0,45,0.0,0.0,0.0,0.0,0.0,0,0,0,0,0.0,0,0,0,0,0,0,0,0,0,0,0,0,0,0,0,0,0,0,0,0,0,0,0,0,0,0,0,0,0,0,0,0,0,38,14,7,45,65476,0,300,0,0,8,21553,0.0,-107605600.0,0.0,0.0,0.0,0.0,0.0,0.0,0.0,0.0,0.0,0.0,0.0,0.0,0.0,0.0,0.0,0.0,0.0,0.0,0.0,0.0,2.004,2.004,-0.0,0.0,0.0,0.0,0.0,0.0,4915.0,0.0,0.0,0.0,0.0,-107615280.0,2.718429300292151e+23,0.0,0.0,0.0,0.0,53,4.950428597886765e+32,-152017196548096.0,0.0,0.0,0.0,0.0,0.0,0.0,0.0,0,0,0,0.0,0.0,0.0,0.0,0.0,0.0,0.0,0.0,0.0,0.0,0.0,0.0,0.0,0.0,0.0,0.0,0,-107875648.0,53,0.0,106,-107614832.0,0.0,ERR,ERR,ERR,ERR,ERR,ERR,ERR,ERR,ERR,ERR,ERR,ERR,ERR,ERR,ERR,ERR,ERR,ERR,ERR,ERR,ERR,ERR,ERR,ERR,ERR,ERR,ERR,ERR,ERR,ERR,ERR,ERR,ERR,ERR,ERR,ERR,ERR,ERR,ERR,ERR,ERR,ERR,ERR,ERR,ERR,ERR,ERR,ERR,ERR,ERR,ERR,ERR,ERR,ERR,ERR,ERR,ERR,ERR,ERR,ERR,ERR,ERR,ERR,ERR,ERR,ERR,ERR,50.0,60.0,100,0.0,0.0,0.0,0.0,0.0,0.0,0.0,0.0,0.0,0.0,0.0,0.0,0.0,0.0,0.0,0.0,61.6,73,14,65513,50,65476,0,300,0,0,8,20529,65476,0,0,26214,60.0,0.0,0.0,0.0,0.0,0.0
2026-05-17T18:49:15,ERR,ERR,ERR,ERR,ERR,ERR,ERR,ERR,ERR,ERR,ERR,ERR,ERR,ERR,ERR,ERR,ERR,ERR,ERR,ERR,ERR,ERR,ERR,ERR,ERR,ERR,ERR,ERR,ERR,ERR,ERR,ERR,ERR,ERR,ERR,ERR,ERR,ERR,ERR,ERR,ERR,ERR,ERR,ERR,ERR,ERR,ERR,ERR,ERR,ERR,ERR,ERR,ERR,ERR,ERR,ERR,ERR,ERR,ERR,ERR,ERR,ERR,ERR,ERR,ERR,ERR,ERR,ERR,ERR,ERR,ERR,ERR,ERR,ERR,ERR,ERR,ERR,ERR,ERR,ERR,ERR,ERR,ERR,ERR,ERR,ERR,ERR,ERR,ERR,ERR,ERR,ERR,ERR,ERR,ERR,ERR,ERR,ERR,ERR,ERR,ERR,ERR,ERR,ERR,ERR,ERR,ERR,ERR,ERR,ERR,ERR,ERR,ERR,ERR,ERR,ERR,ERR,ERR,ERR,ERR,ERR,ERR,ERR,ERR,ERR,0.0,0.0,-134474944.0,0.0,0.0,1.3936040501711995e+18,7.805,0.0,0,0,4,0,8422,0.0,45,0.0,0.0,0.0,0.0,0.0,0,0,0,0,0.0,0,0,0,0,0,0,0,0,0,0,0,0,0,0,0,0,0,0,0,0,0,0,0,0,0,0,0,0,0,0,0,0,0,38,14,7,45,65476,0,300,0,0,8,21553,0.0,-107605600.0,0.0,0.0,0.0,0.0,0.0,0.0,0.0,0.0,0.0,0.0,0.0,0.0,0.0,0.0,0.0,0.0,0.0,0.0,0.0,0.0,2.004,2.004,-0.0,0.0,0.0,0.0,0.0,0.0,4888.0,-131350.375,0.0,0.0,0.0,-107615280.0,2.718429300292151e+23,0.0,0.0,0.0,0.0,53,-0.0,-0.0,0.0,0.0,0.0,0.0,0.0,0.0,0.0,0,0,0,0.0,0.0,0.0,0.0,0.0,0.0,0.0,0.0,0.0,0.0,0.0,0.0,0.0,0.0,0.0,0.0,0,-107875648.0,53,0.0,106,-107614832.0,-107351008.0,ERR,ERR,ERR,ERR,ERR,ERR,ERR,ERR,ERR,ERR,ERR,ERR,ERR,ERR,ERR,ERR,ERR,ERR,ERR,ERR,ERR,ERR,ERR,ERR,ERR,ERR,ERR,ERR,ERR,ERR,ERR,ERR,ERR,ERR,ERR,ERR,ERR,ERR,ERR,ERR,ERR,ERR,ERR,ERR,ERR,ERR,ERR,ERR,ERR,ERR,ERR,ERR,ERR,ERR,ERR,ERR,ERR,ERR,ERR,ERR,ERR,ERR,ERR,ERR,ERR,ERR,ERR,50.0,60.0,100,0.0,0.0,0.0,0.0,0.0,0.0,0.0,0.0,0.0,0.0,0.0,0.0,0.0,0.0,0.0,0.0,61.6,73,14,65513,50,65476,0,300,0,0,8,20529,65476,0,0,26214,60.0,0.0,0.0,0.0,0.0,0.0
2026-05-17T18:49:16,ERR,ERR,ERR,ERR,ERR,ERR,ERR,ERR,ERR,ERR,ERR,ERR,ERR,ERR,ERR,ERR,ERR,ERR,ERR,ERR,ERR,ERR,ERR,ERR,ERR,ERR,ERR,ERR,ERR,ERR,ERR,ERR,ERR,ERR,ERR,ERR,ERR,ERR,ERR,ERR,ERR,ERR,ERR,ERR,ERR,ERR,ERR,ERR,ERR,ERR,ERR,ERR,ERR,ERR,ERR,ERR,ERR,ERR,ERR,ERR,ERR,ERR,ERR,ERR,ERR,ERR,ERR,ERR,ERR,ERR,ERR,ERR,ERR,ERR,ERR,ERR,ERR,ERR,ERR,ERR,ERR,ERR,ERR,ERR,ERR,ERR,ERR,ERR,ERR,ERR,ERR,ERR,ERR,ERR,ERR,ERR,ERR,ERR,ERR,ERR,ERR,ERR,ERR,ERR,ERR,ERR,ERR,ERR,ERR,ERR,ERR,ERR,ERR,ERR,ERR,ERR,ERR,ERR,ERR,ERR,ERR,ERR,ERR,ERR,ERR,0.0,0.0,-134474944.0,0.0,0.0,1.3936040501711995e+18,7.805,0.0,0,0,4,0,8422,0.0,45,0.0,0.0,0.0,0.0,0.0,0,0,0,0,0.0,0,0,0,0,0,0,0,0,0,0,0,0,0,0,0,0,0,0,0,0,0,0,0,0,0,0,0,0,0,0,0,0,0,38,14,7,45,65476,0,300,0,0,8,21553,0.0,-107605600.0,0.0,0.0,0.0,0.0,0.0,0.0,0.0,0.0,0.0,0.0,0.0,0.0,0.0,0.0,0.0,0.0,0.0,0.0,0.0,0.0,2.004,2.004,-0.0,0.0,0.0,0.0,0.0,0.0,4888.0,-131350.375,0.0,0.0,0.0,-107615280.0,2.718429300292151e+23,0.0,0.0,0.0,0.0,53,-0.0,-0.0,0.0,0.0,0.0,0.0,0.0,0.0,0.0,0,0,0,0.0,0.0,0.0,0.0,0.0,0.0,0.0,0.0,0.0,0.0,0.0,0.0,0.0,0.0,0.0,0.0,0,-107875648.0,53,0.0,106,-107614832.0,-107351008.0,ERR,ERR,ERR,ERR,ERR,ERR,ERR,ERR,ERR,ERR,ERR,ERR,ERR,ERR,ERR,ERR,ERR,ERR,ERR,ERR,ERR,ERR,ERR,ERR,ERR,ERR,ERR,ERR,ERR,ERR,ERR,ERR,ERR,ERR,ERR,ERR,ERR,ERR,ERR,ERR,ERR,ERR,ERR,ERR,ERR,ERR,ERR,ERR,ERR,ERR,ERR,ERR,ERR,ERR,ERR,ERR,ERR,ERR,ERR,ERR,ERR,ERR,ERR,ERR,ERR,ERR,ERR,50.0,60.0,100,0.0,0.0,0.0,0.0,0.0,0.0,0.0,0.0,0.0,0.0,0.0,0.0,0.0,0.0,0.0,0.0,61.6,73,14,65513,50,65476,0,300,0,0,8,20529,65476,0,0,26214,60.0,0.0,0.0,0.0,0.0,0.0
2026-05-17T18:49:17,ERR,ERR,ERR,ERR,ERR,ERR,ERR,ERR,ERR,ERR,ERR,ERR,ERR,ERR,ERR,ERR,ERR,ERR,ERR,ERR,ERR,ERR,ERR,ERR,ERR,ERR,ERR,ERR,ERR,ERR,ERR,ERR,ERR,ERR,ERR,ERR,ERR,ERR,ERR,ERR,ERR,ERR,ERR,ERR,ERR,ERR,ERR,ERR,ERR,ERR,ERR,ERR,ERR,ERR,ERR,ERR,ERR,ERR,ERR,ERR,ERR,ERR,ERR,ERR,ERR,ERR,ERR,ERR,ERR,ERR,ERR,ERR,ERR,ERR,ERR,ERR,ERR,ERR,ERR,ERR,ERR,ERR,ERR,ERR,ERR,ERR,ERR,ERR,ERR,ERR,ERR,ERR,ERR,ERR,ERR,ERR,ERR,ERR,ERR,ERR,ERR,ERR,ERR,ERR,ERR,ERR,ERR,ERR,ERR,ERR,ERR,ERR,ERR,ERR,ERR,ERR,ERR,ERR,ERR,ERR,ERR,ERR,ERR,ERR,ERR,0.0,0.0,-134474944.0,0.0,0.0,1.3936040501711995e+18,7.805,0.0,0,0,4,0,8422,0.0,45,0.0,0.0,0.0,0.0,0.0,0,0,0,0,0.0,0,0,0,0,0,0,0,0,0,0,0,0,0,0,0,0,0,0,0,0,0,0,0,0,0,0,0,0,0,0,0,0,0,38,14,7,45,65476,0,300,0,0,8,21553,0.0,-107605600.0,0.0,0.0,0.0,0.0,0.0,0.0,0.0,0.0,0.0,0.0,0.0,0.0,0.0,0.0,0.0,0.0,0.0,0.0,0.0,0.0,2.004,2.004,-0.0,0.0,0.0,0.0,0.0,0.0,4888.0,-131350.375,0.0,0.0,0.0,-107615280.0,2.718429300292151e+23,0.0,0.0,0.0,0.0,53,-0.0,-0.0,0.0,0.0,0.0,0.0,0.0,0.0,0.0,0,0,0,0.0,0.0,0.0,0.0,0.0,0.0,0.0,0.0,0.0,0.0,0.0,0.0,0.0,0.0,0.0,0.0,0,-107875648.0,53,0.0,106,-107614832.0,-107351008.0,ERR,ERR,ERR,ERR,ERR,ERR,ERR,ERR,ERR,ERR,ERR,ERR,ERR,ERR,ERR,ERR,ERR,ERR,ERR,ERR,ERR,ERR,ERR,ERR,ERR,ERR,ERR,ERR,ERR,ERR,ERR,ERR,ERR,ERR,ERR,ERR,ERR,ERR,ERR,ERR,ERR,ERR,ERR,ERR,ERR,ERR,ERR,ERR,ERR,ERR,ERR,ERR,ERR,ERR,ERR,ERR,ERR,ERR,ERR,ERR,ERR,ERR,ERR,ERR,ERR,ERR,ERR,50.0,60.0,100,0.0,0.0,0.0,0.0,0.0,0.0,0.0,0.0,0.0,0.0,0.0,0.0,0.0,0.0,0.0,0.0,61.6,73,14,65513,50,65476,0,300,0,0,8,20529,65476,0,0,26214,60.0,0.0,0.0,0.0,0.0,0.0
2026-05-17T18:49:18,ERR,ERR,ERR,ERR,ERR,ERR,ERR,ERR,ERR,ERR,ERR,ERR,ERR,ERR,ERR,ERR,ERR,ERR,ERR,ERR,ERR,ERR,ERR,ERR,ERR,ERR,ERR,ERR,ERR,ERR,ERR,ERR,ERR,ERR,ERR,ERR,ERR,ERR,ERR,ERR,ERR,ERR,ERR,ERR,ERR,ERR,ERR,ERR,ERR,ERR,ERR,ERR,ERR,ERR,ERR,ERR,ERR,ERR,ERR,ERR,ERR,ERR,ERR,ERR,ERR,ERR,ERR,ERR,ERR,ERR,ERR,ERR,ERR,ERR,ERR,ERR,ERR,ERR,ERR,ERR,ERR,ERR,ERR,ERR,ERR,ERR,ERR,ERR,ERR,ERR,ERR,ERR,ERR,ERR,ERR,ERR,ERR,ERR,ERR,ERR,ERR,ERR,ERR,ERR,ERR,ERR,ERR,ERR,ERR,ERR,ERR,ERR,ERR,ERR,ERR,ERR,ERR,ERR,ERR,ERR,ERR,ERR,ERR,ERR,ERR,0.0,0.0,-134474944.0,0.0,0.0,1.3936040501711995e+18,7.805,0.0,0,0,4,0,8422,0.0,45,0.0,0.0,0.0,0.0,0.0,0,0,0,0,0.0,0,0,0,0,0,0,0,0,0,0,0,0,0,0,0,0,0,0,0,0,0,0,0,0,0,0,0,0,0,0,0,0,0,38,14,7,45,65476,0,300,0,0,8,21553,0.0,-107605600.0,0.0,0.0,0.0,0.0,0.0,0.0,0.0,0.0,0.0,0.0,0.0,0.0,0.0,0.0,0.0,0.0,0.0,0.0,0.0,0.0,2.004,2.004,-0.0,0.0,0.0,0.0,0.0,0.0,4888.0,-131350.375,0.0,0.0,0.0,-107615280.0,2.718429300292151e+23,0.0,0.0,0.0,0.0,53,-0.0,-0.0,0.0,0.0,0.0,0.0,0.0,0.0,0.0,0,0,0,0.0,0.0,0.0,0.0,0.0,0.0,0.0,0.0,0.0,0.0,0.0,0.0,0.0,0.0,0.0,0.0,0,-107875648.0,53,0.0,106,-107614832.0,-107351008.0,ERR,ERR,ERR,ERR,ERR,ERR,ERR,ERR,ERR,ERR,ERR,ERR,ERR,ERR,ERR,ERR,ERR,ERR,ERR,ERR,ERR,ERR,ERR,ERR,ERR,ERR,ERR,ERR,ERR,ERR,ERR,ERR,ERR,ERR,ERR,ERR,ERR,ERR,ERR,ERR,ERR,ERR,ERR,ERR,ERR,ERR,ERR,ERR,ERR,ERR,ERR,ERR,ERR,ERR,ERR,ERR,ERR,ERR,ERR,ERR,ERR,ERR,ERR,ERR,ERR,ERR,ERR,50.0,60.0,100,0.0,0.0,0.0,0.0,0.0,0.0,0.0,0.0,0.0,0.0,0.0,0.0,0.0,0.0,0.0,0.0,61.6,73,14,65513,50,65476,0,300,0,0,8,20529,65476,0,0,26214,60.0,0.0,0.0,0.0,0.0,0.0
2026-05-17T18:49:19,ERR,ERR,ERR,ERR,ERR,ERR,ERR,ERR,ERR,ERR,ERR,ERR,ERR,ERR,ERR,ERR,ERR,ERR,ERR,ERR,ERR,ERR,ERR,ERR,ERR,ERR,ERR,ERR,ERR,ERR,ERR,ERR,ERR,ERR,ERR,ERR,ERR,ERR,ERR,ERR,ERR,ERR,ERR,ERR,ERR,ERR,ERR,ERR,ERR,ERR,ERR,ERR,ERR,ERR,ERR,ERR,ERR,ERR,ERR,ERR,ERR,ERR,ERR,ERR,ERR,ERR,ERR,ERR,ERR,ERR,ERR,ERR,ERR,ERR,ERR,ERR,ERR,ERR,ERR,ERR,ERR,ERR,ERR,ERR,ERR,ERR,ERR,ERR,ERR,ERR,ERR,ERR,ERR,ERR,ERR,ERR,ERR,ERR,ERR,ERR,ERR,ERR,ERR,ERR,ERR,ERR,ERR,ERR,ERR,ERR,ERR,ERR,ERR,ERR,ERR,ERR,ERR,ERR,ERR,ERR,ERR,ERR,ERR,ERR,ERR,0.0,0.0,-134474944.0,0.0,0.0,1.3936040501711995e+18,7.805,0.0,0,0,4,0,8422,0.0,45,0.0,0.0,0.0,0.0,0.0,0,0,0,0,0.0,0,0,0,0,0,0,0,0,0,0,0,0,0,0,0,0,0,0,0,0,0,0,0,0,0,0,0,0,0,0,0,0,0,38,14,7,45,65476,0,300,0,0,8,21553,0.0,-107605600.0,0.0,0.0,0.0,0.0,0.0,0.0,0.0,0.0,0.0,0.0,0.0,0.0,0.0,0.0,0.0,0.0,0.0,0.0,0.0,0.0,2.004,2.004,-0.0,0.0,0.0,0.0,0.0,0.0,4888.0,-131350.375,0.0,0.0,0.0,-107615280.0,2.718429300292151e+23,0.0,0.0,0.0,0.0,53,-0.0,-0.0,0.0,0.0,0.0,0.0,0.0,0.0,0.0,0,0,0,0.0,0.0,0.0,0.0,0.0,0.0,0.0,0.0,0.0,0.0,0.0,0.0,0.0,0.0,0.0,0.0,0,-107875648.0,53,0.0,106,-107614832.0,-107351008.0,ERR,ERR,ERR,ERR,ERR,ERR,ERR,ERR,ERR,ERR,ERR,ERR,ERR,ERR,ERR,ERR,ERR,ERR,ERR,ERR,ERR,ERR,ERR,ERR,ERR,ERR,ERR,ERR,ERR,ERR,ERR,ERR,ERR,ERR,ERR,ERR,ERR,ERR,ERR,ERR,ERR,ERR,ERR,ERR,ERR,ERR,ERR,ERR,ERR,ERR,ERR,ERR,ERR,ERR,ERR,ERR,ERR,ERR,ERR,ERR,ERR,ERR,ERR,ERR,ERR,ERR,ERR,50.0,60.0,100,0.0,0.0,0.0,0.0,0.0,0.0,0.0,0.0,0.0,0.0,0.0,0.0,0.0,0.0,0.0,0.0,61.6,73,14,65513,50,65476,0,300,0,0,8,20529,65476,0,0,26214,60.0,0.0,0.0,0.0,0.0,0.0
2026-05-17T18:49:20,ERR,ERR,ERR,ERR,ERR,ERR,ERR,ERR,ERR,ERR,ERR,ERR,ERR,ERR,ERR,ERR,ERR,ERR,ERR,ERR,ERR,ERR,ERR,ERR,ERR,ERR,ERR,ERR,ERR,ERR,ERR,ERR,ERR,ERR,ERR,ERR,ERR,ERR,ERR,ERR,ERR,ERR,ERR,ERR,ERR,ERR,ERR,ERR,ERR,ERR,ERR,ERR,ERR,ERR,ERR,ERR,ERR,ERR,ERR,ERR,ERR,ERR,ERR,ERR,ERR,ERR,ERR,ERR,ERR,ERR,ERR,ERR,ERR,ERR,ERR,ERR,ERR,ERR,ERR,ERR,ERR,ERR,ERR,ERR,ERR,ERR,ERR,ERR,ERR,ERR,ERR,ERR,ERR,ERR,ERR,ERR,ERR,ERR,ERR,ERR,ERR,ERR,ERR,ERR,ERR,ERR,ERR,ERR,ERR,ERR,ERR,ERR,ERR,ERR,ERR,ERR,ERR,ERR,ERR,ERR,ERR,ERR,ERR,ERR,ERR,0.0,0.0,-134474944.0,0.0,0.0,1.3936040501711995e+18,7.805,0.0,0,0,4,0,8422,0.0,45,0.0,0.0,0.0,0.0,0.0,0,0,0,0,0.0,0,0,0,0,0,0,0,0,0,0,0,0,0,0,0,0,0,0,0,0,0,0,0,0,0,0,0,0,0,0,0,0,0,38,14,7,45,65476,0,300,0,0,8,21553,0.0,-107605600.0,0.0,0.0,0.0,0.0,0.0,0.0,0.0,0.0,0.0,0.0,0.0,0.0,0.0,0.0,0.0,0.0,0.0,0.0,0.0,0.0,2.004,2.004,-0.0,0.0,0.0,0.0,0.0,0.0,4886.0,-0.0,0.0,0.0,0.0,-107615280.0,2.718429300292151e+23,0.0,0.0,0.0,0.0,53,-0.0,1.9056850637737165e+17,0.0,0.0,0.0,0.0,0.0,0.0,0.0,0,0,0,0.0,0.0,0.0,0.0,0.0,0.0,0.0,0.0,0.0,0.0,0.0,0.0,0.0,0.0,0.0,0.0,0,-107875648.0,53,0.0,106,-107614832.0,0.0,ERR,ERR,ERR,ERR,ERR,ERR,ERR,ERR,ERR,ERR,ERR,ERR,ERR,ERR,ERR,ERR,ERR,ERR,ERR,ERR,ERR,ERR,ERR,ERR,ERR,ERR,ERR,ERR,ERR,ERR,ERR,ERR,ERR,ERR,ERR,ERR,ERR,ERR,ERR,ERR,ERR,ERR,ERR,ERR,ERR,ERR,ERR,ERR,ERR,ERR,ERR,ERR,ERR,ERR,ERR,ERR,ERR,ERR,ERR,ERR,ERR,ERR,ERR,ERR,ERR,ERR,ERR,50.0,60.0,100,0.0,0.0,0.0,0.0,0.0,0.0,0.0,0.0,0.0,0.0,0.0,0.0,0.0,0.0,0.0,0.0,62.0,73,14,65513,50,65476,0,300,0,0,8,20529,65476,0,0,26214,60.0,0.0,0.0,0.0,0.0,0.0
2026-05-17T18:49:21,ERR,ERR,ERR,ERR,ERR,ERR,ERR,ERR,ERR,ERR,ERR,ERR,ERR,ERR,ERR,ERR,ERR,ERR,ERR,ERR,ERR,ERR,ERR,ERR,ERR,ERR,ERR,ERR,ERR,ERR,ERR,ERR,ERR,ERR,ERR,ERR,ERR,ERR,ERR,ERR,ERR,ERR,ERR,ERR,ERR,ERR,ERR,ERR,ERR,ERR,ERR,ERR,ERR,ERR,ERR,ERR,ERR,ERR,ERR,ERR,ERR,ERR,ERR,ERR,ERR,ERR,ERR,ERR,ERR,ERR,ERR,ERR,ERR,ERR,ERR,ERR,ERR,ERR,ERR,ERR,ERR,ERR,ERR,ERR,ERR,ERR,ERR,ERR,ERR,ERR,ERR,ERR,ERR,ERR,ERR,ERR,ERR,ERR,ERR,ERR,ERR,ERR,ERR,ERR,ERR,ERR,ERR,ERR,ERR,ERR,ERR,ERR,ERR,ERR,ERR,ERR,ERR,ERR,ERR,ERR,ERR,ERR,ERR,ERR,ERR,0.0,0.0,-134474944.0,0.0,0.0,1.3936040501711995e+18,7.805,0.0,0,0,4,0,8422,0.0,45,0.0,0.0,0.0,0.0,0.0,0,0,0,0,0.0,0,0,0,0,0,0,0,0,0,0,0,0,0,0,0,0,0,0,0,0,0,0,0,0,0,0,0,0,0,0,0,0,0,38,14,7,45,65476,0,300,0,0,8,21553,0.0,-107605600.0,0.0,0.0,0.0,0.0,0.0,0.0,0.0,0.0,0.0,0.0,0.0,0.0,0.0,0.0,0.0,0.0,0.0,0.0,0.0,0.0,2.004,2.004,-0.0,0.0,0.0,0.0,0.0,0.0,4886.0,-0.0,0.0,0.0,0.0,-107615280.0,2.718429300292151e+23,0.0,0.0,0.0,0.0,53,-0.0,1.9056850637737165e+17,0.0,0.0,0.0,0.0,0.0,0.0,0.0,0,0,0,0.0,0.0,0.0,0.0,0.0,0.0,0.0,0.0,0.0,0.0,0.0,0.0,0.0,0.0,0.0,0.0,0,-107875648.0,53,0.0,106,-107614832.0,0.0,ERR,ERR,ERR,ERR,ERR,ERR,ERR,ERR,ERR,ERR,ERR,ERR,ERR,ERR,ERR,ERR,ERR,ERR,ERR,ERR,ERR,ERR,ERR,ERR,ERR,ERR,ERR,ERR,ERR,ERR,ERR,ERR,ERR,ERR,ERR,ERR,ERR,ERR,ERR,ERR,ERR,ERR,ERR,ERR,ERR,ERR,ERR,ERR,ERR,ERR,ERR,ERR,ERR,ERR,ERR,ERR,ERR,ERR,ERR,ERR,ERR,ERR,ERR,ERR,ERR,ERR,ERR,50.0,60.0,100,0.0,0.0,0.0,0.0,0.0,0.0,0.0,0.0,0.0,0.0,0.0,0.0,0.0,0.0,0.0,0.0,62.0,73,14,65513,50,65476,0,300,0,0,8,20529,65476,0,0,26214,60.0,0.0,0.0,0.0,0.0,0.0
2026-05-17T18:49:22,ERR,ERR,ERR,ERR,ERR,ERR,ERR,ERR,ERR,ERR,ERR,ERR,ERR,ERR,ERR,ERR,ERR,ERR,ERR,ERR,ERR,ERR,ERR,ERR,ERR,ERR,ERR,ERR,ERR,ERR,ERR,ERR,ERR,ERR,ERR,ERR,ERR,ERR,ERR,ERR,ERR,ERR,ERR,ERR,ERR,ERR,ERR,ERR,ERR,ERR,ERR,ERR,ERR,ERR,ERR,ERR,ERR,ERR,ERR,ERR,ERR,ERR,ERR,ERR,ERR,ERR,ERR,ERR,ERR,ERR,ERR,ERR,ERR,ERR,ERR,ERR,ERR,ERR,ERR,ERR,ERR,ERR,ERR,ERR,ERR,ERR,ERR,ERR,ERR,ERR,ERR,ERR,ERR,ERR,ERR,ERR,ERR,ERR,ERR,ERR,ERR,ERR,ERR,ERR,ERR,ERR,ERR,ERR,ERR,ERR,ERR,ERR,ERR,ERR,ERR,ERR,ERR,ERR,ERR,ERR,ERR,ERR,ERR,ERR,ERR,0.0,0.0,-134474944.0,0.0,0.0,1.3936040501711995e+18,7.805,0.0,0,0,4,0,8422,0.0,45,0.0,0.0,0.0,0.0,0.0,0,0,0,0,0.0,0,0,0,0,0,0,0,0,0,0,0,0,0,0,0,0,0,0,0,0,0,0,0,0,0,0,0,0,0,0,0,0,0,38,14,7,45,65476,0,300,0,0,8,21553,0.0,-107605600.0,0.0,0.0,0.0,0.0,0.0,0.0,0.0,0.0,0.0,0.0,0.0,0.0,0.0,0.0,0.0,0.0,0.0,0.0,0.0,0.0,2.004,2.004,-0.0,0.0,0.0,0.0,0.0,0.0,4886.0,-0.0,0.0,0.0,0.0,-107615280.0,2.718429300292151e+23,0.0,0.0,0.0,0.0,53,-0.0,1.9056850637737165e+17,0.0,0.0,0.0,0.0,0.0,0.0,0.0,0,0,0,0.0,0.0,0.0,0.0,0.0,0.0,0.0,0.0,0.0,0.0,0.0,0.0,0.0,0.0,0.0,0.0,0,-107875648.0,53,0.0,106,-107614832.0,0.0,ERR,ERR,ERR,ERR,ERR,ERR,ERR,ERR,ERR,ERR,ERR,ERR,ERR,ERR,ERR,ERR,ERR,ERR,ERR,ERR,ERR,ERR,ERR,ERR,ERR,ERR,ERR,ERR,ERR,ERR,ERR,ERR,ERR,ERR,ERR,ERR,ERR,ERR,ERR,ERR,ERR,ERR,ERR,ERR,ERR,ERR,ERR,ERR,ERR,ERR,ERR,ERR,ERR,ERR,ERR,ERR,ERR,ERR,ERR,ERR,ERR,ERR,ERR,ERR,ERR,ERR,ERR,50.0,60.0,100,0.0,0.0,0.0,0.0,0.0,0.0,0.0,0.0,0.0,0.0,0.0,0.0,0.0,0.0,0.0,0.0,62.0,73,14,65513,50,65476,0,300,0,0,8,20529,65476,0,0,26214,60.0,0.0,0.0,0.0,0.0,0.0
2026-05-17T18:49:23,ERR,ERR,ERR,ERR,ERR,ERR,ERR,ERR,ERR,ERR,ERR,ERR,ERR,ERR,ERR,ERR,ERR,ERR,ERR,ERR,ERR,ERR,ERR,ERR,ERR,ERR,ERR,ERR,ERR,ERR,ERR,ERR,ERR,ERR,ERR,ERR,ERR,ERR,ERR,ERR,ERR,ERR,ERR,ERR,ERR,ERR,ERR,ERR,ERR,ERR,ERR,ERR,ERR,ERR,ERR,ERR,ERR,ERR,ERR,ERR,ERR,ERR,ERR,ERR,ERR,ERR,ERR,ERR,ERR,ERR,ERR,ERR,ERR,ERR,ERR,ERR,ERR,ERR,ERR,ERR,ERR,ERR,ERR,ERR,ERR,ERR,ERR,ERR,ERR,ERR,ERR,ERR,ERR,ERR,ERR,ERR,ERR,ERR,ERR,ERR,ERR,ERR,ERR,ERR,ERR,ERR,ERR,ERR,ERR,ERR,ERR,ERR,ERR,ERR,ERR,ERR,ERR,ERR,ERR,ERR,ERR,ERR,ERR,ERR,ERR,0.0,0.0,-134474944.0,0.0,0.0,1.3936040501711995e+18,7.805,0.0,0,0,4,0,8422,0.0,45,0.0,0.0,0.0,0.0,0.0,0,0,0,0,0.0,0,0,0,0,0,0,0,0,0,0,0,0,0,0,0,0,0,0,0,0,0,0,0,0,0,0,0,0,0,0,0,0,0,38,14,7,45,65476,0,300,0,0,8,21553,0.0,-107605600.0,0.0,0.0,0.0,0.0,0.0,0.0,0.0,0.0,0.0,0.0,0.0,0.0,0.0,0.0,0.0,0.0,0.0,0.0,0.0,0.0,2.004,2.004,-0.0,0.0,0.0,0.0,0.0,0.0,4886.0,-0.0,0.0,0.0,0.0,-107615280.0,2.718429300292151e+23,0.0,0.0,0.0,0.0,53,-0.0,1.9056850637737165e+17,0.0,0.0,0.0,0.0,0.0,0.0,0.0,0,0,0,0.0,0.0,0.0,0.0,0.0,0.0,0.0,0.0,0.0,0.0,0.0,0.0,0.0,0.0,0.0,0.0,0,-107875648.0,53,0.0,106,-107614832.0,0.0,ERR,ERR,ERR,ERR,ERR,ERR,ERR,ERR,ERR,ERR,ERR,ERR,ERR,ERR,ERR,ERR,ERR,ERR,ERR,ERR,ERR,ERR,ERR,ERR,ERR,ERR,ERR,ERR,ERR,ERR,ERR,ERR,ERR,ERR,ERR,ERR,ERR,ERR,ERR,ERR,ERR,ERR,ERR,ERR,ERR,ERR,ERR,ERR,ERR,ERR,ERR,ERR,ERR,ERR,ERR,ERR,ERR,ERR,ERR,ERR,ERR,ERR,ERR,ERR,ERR,ERR,ERR,50.0,60.0,100,0.0,0.0,0.0,0.0,0.0,0.0,0.0,0.0,0.0,0.0,0.0,0.0,0.0,0.0,0.0,0.0,62.0,73,14,65513,50,65476,0,300,0,0,8,20529,65476,0,0,26214,60.0,0.0,0.0,0.0,0.0,0.0
2026-05-17T18:49:24,ERR,ERR,ERR,ERR,ERR,ERR,ERR,ERR,ERR,ERR,ERR,ERR,ERR,ERR,ERR,ERR,ERR,ERR,ERR,ERR,ERR,ERR,ERR,ERR,ERR,ERR,ERR,ERR,ERR,ERR,ERR,ERR,ERR,ERR,ERR,ERR,ERR,ERR,ERR,ERR,ERR,ERR,ERR,ERR,ERR,ERR,ERR,ERR,ERR,ERR,ERR,ERR,ERR,ERR,ERR,ERR,ERR,ERR,ERR,ERR,ERR,ERR,ERR,ERR,ERR,ERR,ERR,ERR,ERR,ERR,ERR,ERR,ERR,ERR,ERR,ERR,ERR,ERR,ERR,ERR,ERR,ERR,ERR,ERR,ERR,ERR,ERR,ERR,ERR,ERR,ERR,ERR,ERR,ERR,ERR,ERR,ERR,ERR,ERR,ERR,ERR,ERR,ERR,ERR,ERR,ERR,ERR,ERR,ERR,ERR,ERR,ERR,ERR,ERR,ERR,ERR,ERR,ERR,ERR,ERR,ERR,ERR,ERR,ERR,ERR,0.0,0.0,-134474944.0,0.0,0.0,1.3936040501711995e+18,7.805,0.0,0,0,4,0,8422,0.0,45,0.0,0.0,0.0,0.0,0.0,0,0,0,0,0.0,0,0,0,0,0,0,0,0,0,0,0,0,0,0,0,0,0,0,0,0,0,0,0,0,0,0,0,0,0,0,0,0,0,38,14,7,45,65476,0,300,0,0,8,21553,0.0,-107605600.0,0.0,0.0,0.0,0.0,0.0,0.0,0.0,0.0,0.0,0.0,0.0,0.0,0.0,0.0,0.0,0.0,0.0,0.0,0.0,0.0,2.004,2.004,-0.0,0.0,0.0,0.0,0.0,0.0,4886.0,-0.0,0.0,0.0,0.0,-107615280.0,2.718429300292151e+23,0.0,0.0,0.0,0.0,53,-0.0,1.9056850637737165e+17,0.0,0.0,0.0,0.0,0.0,0.0,0.0,0,0,0,0.0,0.0,0.0,0.0,0.0,0.0,0.0,0.0,0.0,0.0,0.0,0.0,0.0,0.0,0.0,0.0,0,-107875648.0,53,0.0,106,-107614832.0,0.0,ERR,ERR,ERR,ERR,ERR,ERR,ERR,ERR,ERR,ERR,ERR,ERR,ERR,ERR,ERR,ERR,ERR,ERR,ERR,ERR,ERR,ERR,ERR,ERR,ERR,ERR,ERR,ERR,ERR,ERR,ERR,ERR,ERR,ERR,ERR,ERR,ERR,ERR,ERR,ERR,ERR,ERR,ERR,ERR,ERR,ERR,ERR,ERR,ERR,ERR,ERR,ERR,ERR,ERR,ERR,ERR,ERR,ERR,ERR,ERR,ERR,ERR,ERR,ERR,ERR,ERR,ERR,50.0,60.0,100,0.0,0.0,0.0,0.0,0.0,0.0,0.0,0.0,0.0,0.0,0.0,0.0,0.0,0.0,0.0,0.0,61.6,73,14,65513,50,65476,0,300,0,0,8,20529,65476,0,0,26214,60.0,0.0,0.0,0.0,0.0,0.0
2026-05-17T18:49:25,ERR,ERR,ERR,ERR,ERR,ERR,ERR,ERR,ERR,ERR,ERR,ERR,ERR,ERR,ERR,ERR,ERR,ERR,ERR,ERR,ERR,ERR,ERR,ERR,ERR,ERR,ERR,ERR,ERR,ERR,ERR,ERR,ERR,ERR,ERR,ERR,ERR,ERR,ERR,ERR,ERR,ERR,ERR,ERR,ERR,ERR,ERR,ERR,ERR,ERR,ERR,ERR,ERR,ERR,ERR,ERR,ERR,ERR,ERR,ERR,ERR,ERR,ERR,ERR,ERR,ERR,ERR,ERR,ERR,ERR,ERR,ERR,ERR,ERR,ERR,ERR,ERR,ERR,ERR,ERR,ERR,ERR,ERR,ERR,ERR,ERR,ERR,ERR,ERR,ERR,ERR,ERR,ERR,ERR,ERR,ERR,ERR,ERR,ERR,ERR,ERR,ERR,ERR,ERR,ERR,ERR,ERR,ERR,ERR,ERR,ERR,ERR,ERR,ERR,ERR,ERR,ERR,ERR,ERR,ERR,ERR,ERR,ERR,ERR,ERR,0.0,0.0,-134474944.0,0.0,0.0,1.3936040501711995e+18,7.805,0.0,0,0,4,0,8422,0.0,45,0.0,0.0,0.0,0.0,0.0,0,0,0,0,0.0,0,0,0,0,0,0,0,0,0,0,0,0,0,0,0,0,0,0,0,0,0,0,0,0,0,0,0,0,0,0,0,0,0,38,14,7,45,65476,0,300,0,0,8,21553,0.0,-107605600.0,0.0,0.0,0.0,0.0,0.0,0.0,0.0,0.0,0.0,0.0,0.0,0.0,0.0,0.0,0.0,0.0,0.0,0.0,0.0,0.0,2.004,2.004,-0.0,0.0,0.0,0.0,0.0,0.0,4889.0,-0.0,0.0,0.0,0.0,-107615280.0,2.718429300292151e+23,0.0,0.0,0.0,0.0,53,-0.0,2.7184165100692094e+23,0.0,0.0,0.0,0.0,0.0,0.0,0.0,0,0,0,0.0,0.0,0.0,0.0,0.0,0.0,0.0,0.0,0.0,0.0,0.0,0.0,0.0,0.0,0.0,0.0,0,-107875648.0,53,0.0,106,-107614832.0,0.0,ERR,ERR,ERR,ERR,ERR,ERR,ERR,ERR,ERR,ERR,ERR,ERR,ERR,ERR,ERR,ERR,ERR,ERR,ERR,ERR,ERR,ERR,ERR,ERR,ERR,ERR,ERR,ERR,ERR,ERR,ERR,ERR,ERR,ERR,ERR,ERR,ERR,ERR,ERR,ERR,ERR,ERR,ERR,ERR,ERR,ERR,ERR,ERR,ERR,ERR,ERR,ERR,ERR,ERR,ERR,ERR,ERR,ERR,ERR,ERR,ERR,ERR,ERR,ERR,ERR,ERR,ERR,50.0,60.0,100,0.0,0.0,0.0,0.0,0.0,0.0,0.0,0.0,0.0,0.0,0.0,0.0,0.0,0.0,0.0,0.0,61.6,73,14,65513,50,65476,0,300,0,0,8,20529,65476,0,0,26214,60.0,0.0,0.0,0.0,0.0,0.0
2026-05-17T18:49:26,ERR,ERR,ERR,ERR,ERR,ERR,ERR,ERR,ERR,ERR,ERR,ERR,ERR,ERR,ERR,ERR,ERR,ERR,ERR,ERR,ERR,ERR,ERR,ERR,ERR,ERR,ERR,ERR,ERR,ERR,ERR,ERR,ERR,ERR,ERR,ERR,ERR,ERR,ERR,ERR,ERR,ERR,ERR,ERR,ERR,ERR,ERR,ERR,ERR,ERR,ERR,ERR,ERR,ERR,ERR,ERR,ERR,ERR,ERR,ERR,ERR,ERR,ERR,ERR,ERR,ERR,ERR,ERR,ERR,ERR,ERR,ERR,ERR,ERR,ERR,ERR,ERR,ERR,ERR,ERR,ERR,ERR,ERR,ERR,ERR,ERR,ERR,ERR,ERR,ERR,ERR,ERR,ERR,ERR,ERR,ERR,ERR,ERR,ERR,ERR,ERR,ERR,ERR,ERR,ERR,ERR,ERR,ERR,ERR,ERR,ERR,ERR,ERR,ERR,ERR,ERR,ERR,ERR,ERR,ERR,ERR,ERR,ERR,ERR,ERR,0.0,0.0,-134474944.0,0.0,0.0,1.3936040501711995e+18,7.805,0.0,0,0,4,0,8422,0.0,45,0.0,0.0,0.0,0.0,0.0,0,0,0,0,0.0,0,0,0,0,0,0,0,0,0,0,0,0,0,0,0,0,0,0,0,0,0,0,0,0,0,0,0,0,0,0,0,0,0,38,14,7,45,65476,0,300,0,0,8,21553,0.0,-107605600.0,0.0,0.0,0.0,0.0,0.0,0.0,0.0,0.0,0.0,0.0,0.0,0.0,0.0,0.0,0.0,0.0,0.0,0.0,0.0,0.0,2.004,2.004,-0.0,0.0,0.0,0.0,0.0,0.0,4889.0,-0.0,0.0,0.0,0.0,-107615280.0,2.718429300292151e+23,0.0,0.0,0.0,0.0,53,-0.0,2.7184165100692094e+23,0.0,0.0,0.0,0.0,0.0,0.0,0.0,0,0,0,0.0,0.0,0.0,0.0,0.0,0.0,0.0,0.0,0.0,0.0,0.0,0.0,0.0,0.0,0.0,0.0,0,-107875648.0,53,0.0,106,-107614832.0,0.0,ERR,ERR,ERR,ERR,ERR,ERR,ERR,ERR,ERR,ERR,ERR,ERR,ERR,ERR,ERR,ERR,ERR,ERR,ERR,ERR,ERR,ERR,ERR,ERR,ERR,ERR,ERR,ERR,ERR,ERR,ERR,ERR,ERR,ERR,ERR,ERR,ERR,ERR,ERR,ERR,ERR,ERR,ERR,ERR,ERR,ERR,ERR,ERR,ERR,ERR,ERR,ERR,ERR,ERR,ERR,ERR,ERR,ERR,ERR,ERR,ERR,ERR,ERR,ERR,ERR,ERR,ERR,50.0,60.0,100,0.0,0.0,0.0,0.0,0.0,0.0,0.0,0.0,0.0,0.0,0.0,0.0,0.0,0.0,0.0,0.0,61.6,73,14,65513,50,65476,0,300,0,0,8,20529,65476,0,0,26214,60.0,0.0,0.0,0.0,0.0,0.0
2026-05-17T18:49:27,ERR,ERR,ERR,ERR,ERR,ERR,ERR,ERR,ERR,ERR,ERR,ERR,ERR,ERR,ERR,ERR,ERR,ERR,ERR,ERR,ERR,ERR,ERR,ERR,ERR,ERR,ERR,ERR,ERR,ERR,ERR,ERR,ERR,ERR,ERR,ERR,ERR,ERR,ERR,ERR,ERR,ERR,ERR,ERR,ERR,ERR,ERR,ERR,ERR,ERR,ERR,ERR,ERR,ERR,ERR,ERR,ERR,ERR,ERR,ERR,ERR,ERR,ERR,ERR,ERR,ERR,ERR,ERR,ERR,ERR,ERR,ERR,ERR,ERR,ERR,ERR,ERR,ERR,ERR,ERR,ERR,ERR,ERR,ERR,ERR,ERR,ERR,ERR,ERR,ERR,ERR,ERR,ERR,ERR,ERR,ERR,ERR,ERR,ERR,ERR,ERR,ERR,ERR,ERR,ERR,ERR,ERR,ERR,ERR,ERR,ERR,ERR,ERR,ERR,ERR,ERR,ERR,ERR,ERR,ERR,ERR,ERR,ERR,ERR,ERR,0.0,0.0,-134474944.0,0.0,0.0,1.3936040501711995e+18,7.805,0.0,0,0,4,0,8422,0.0,45,0.0,0.0,0.0,0.0,0.0,0,0,0,0,0.0,0,0,0,0,0,0,0,0,0,0,0,0,0,0,0,0,0,0,0,0,0,0,0,0,0,0,0,0,0,0,0,0,0,38,14,7,45,65476,0,300,0,0,8,21553,0.0,-107605600.0,0.0,0.0,0.0,0.0,0.0,0.0,0.0,0.0,0.0,0.0,0.0,0.0,0.0,0.0,0.0,0.0,0.0,0.0,0.0,0.0,2.004,2.004,-0.0,0.0,0.0,0.0,0.0,0.0,4889.0,-0.0,0.0,0.0,0.0,-107615280.0,2.718429300292151e+23,0.0,0.0,0.0,0.0,53,-0.0,2.7184165100692094e+23,0.0,0.0,0.0,0.0,0.0,0.0,0.0,0,0,0,0.0,0.0,0.0,0.0,0.0,0.0,0.0,0.0,0.0,0.0,0.0,0.0,0.0,0.0,0.0,0.0,0,-107875648.0,53,0.0,106,-107614832.0,0.0,ERR,ERR,ERR,ERR,ERR,ERR,ERR,ERR,ERR,ERR,ERR,ERR,ERR,ERR,ERR,ERR,ERR,ERR,ERR,ERR,ERR,ERR,ERR,ERR,ERR,ERR,ERR,ERR,ERR,ERR,ERR,ERR,ERR,ERR,ERR,ERR,ERR,ERR,ERR,ERR,ERR,ERR,ERR,ERR,ERR,ERR,ERR,ERR,ERR,ERR,ERR,ERR,ERR,ERR,ERR,ERR,ERR,ERR,ERR,ERR,ERR,ERR,ERR,ERR,ERR,ERR,ERR,50.0,60.0,100,0.0,0.0,0.0,0.0,0.0,0.0,0.0,0.0,0.0,0.0,0.0,0.0,0.0,0.0,0.0,0.0,61.6,73,14,65513,50,65476,0,300,0,0,8,20529,65476,0,0,26214,60.0,0.0,0.0,0.0,0.0,0.0
2026-05-17T18:49:28,ERR,ERR,ERR,ERR,ERR,ERR,ERR,ERR,ERR,ERR,ERR,ERR,ERR,ERR,ERR,ERR,ERR,ERR,ERR,ERR,ERR,ERR,ERR,ERR,ERR,ERR,ERR,ERR,ERR,ERR,ERR,ERR,ERR,ERR,ERR,ERR,ERR,ERR,ERR,ERR,ERR,ERR,ERR,ERR,ERR,ERR,ERR,ERR,ERR,ERR,ERR,ERR,ERR,ERR,ERR,ERR,ERR,ERR,ERR,ERR,ERR,ERR,ERR,ERR,ERR,ERR,ERR,ERR,ERR,ERR,ERR,ERR,ERR,ERR,ERR,ERR,ERR,ERR,ERR,ERR,ERR,ERR,ERR,ERR,ERR,ERR,ERR,ERR,ERR,ERR,ERR,ERR,ERR,ERR,ERR,ERR,ERR,ERR,ERR,ERR,ERR,ERR,ERR,ERR,ERR,ERR,ERR,ERR,ERR,ERR,ERR,ERR,ERR,ERR,ERR,ERR,ERR,ERR,ERR,ERR,ERR,ERR,ERR,ERR,ERR,0.0,0.0,-134474944.0,0.0,0.0,1.3936040501711995e+18,7.805,0.0,0,0,4,0,8422,0.0,45,0.0,0.0,0.0,0.0,0.0,0,0,0,0,0.0,0,0,0,0,0,0,0,0,0,0,0,0,0,0,0,0,0,0,0,0,0,0,0,0,0,0,0,0,0,0,0,0,0,38,14,7,45,65476,0,300,0,0,8,21553,0.0,-107605600.0,0.0,0.0,0.0,0.0,0.0,0.0,0.0,0.0,0.0,0.0,0.0,0.0,0.0,0.0,0.0,0.0,0.0,0.0,0.0,0.0,2.004,2.004,-0.0,0.0,0.0,0.0,0.0,0.0,4889.0,-0.0,0.0,0.0,0.0,-107615280.0,2.718429300292151e+23,0.0,0.0,0.0,0.0,53,-0.0,2.7184165100692094e+23,0.0,0.0,0.0,0.0,0.0,0.0,0.0,0,0,0,0.0,0.0,0.0,0.0,0.0,0.0,0.0,0.0,0.0,0.0,0.0,0.0,0.0,0.0,0.0,0.0,0,-107875648.0,53,0.0,106,-107614832.0,0.0,ERR,ERR,ERR,ERR,ERR,ERR,ERR,ERR,ERR,ERR,ERR,ERR,ERR,ERR,ERR,ERR,ERR,ERR,ERR,ERR,ERR,ERR,ERR,ERR,ERR,ERR,ERR,ERR,ERR,ERR,ERR,ERR,ERR,ERR,ERR,ERR,ERR,ERR,ERR,ERR,ERR,ERR,ERR,ERR,ERR,ERR,ERR,ERR,ERR,ERR,ERR,ERR,ERR,ERR,ERR,ERR,ERR,ERR,ERR,ERR,ERR,ERR,ERR,ERR,ERR,ERR,ERR,50.0,60.0,100,0.0,0.0,0.0,0.0,0.0,0.0,0.0,0.0,0.0,0.0,0.0,0.0,0.0,0.0,0.0,0.0,61.6,73,14,65513,50,65476,0,300,0,0,8,20529,65476,0,0,26214,60.0,0.0,0.0,0.0,0.0,0.0
2026-05-17T18:49:29,ERR,ERR,ERR,ERR,ERR,ERR,ERR,ERR,ERR,ERR,ERR,ERR,ERR,ERR,ERR,ERR,ERR,ERR,ERR,ERR,ERR,ERR,ERR,ERR,ERR,ERR,ERR,ERR,ERR,ERR,ERR,ERR,ERR,ERR,ERR,ERR,ERR,ERR,ERR,ERR,ERR,ERR,ERR,ERR,ERR,ERR,ERR,ERR,ERR,ERR,ERR,ERR,ERR,ERR,ERR,ERR,ERR,ERR,ERR,ERR,ERR,ERR,ERR,ERR,ERR,ERR,ERR,ERR,ERR,ERR,ERR,ERR,ERR,ERR,ERR,ERR,ERR,ERR,ERR,ERR,ERR,ERR,ERR,ERR,ERR,ERR,ERR,ERR,ERR,ERR,ERR,ERR,ERR,ERR,ERR,ERR,ERR,ERR,ERR,ERR,ERR,ERR,ERR,ERR,ERR,ERR,ERR,ERR,ERR,ERR,ERR,ERR,ERR,ERR,ERR,ERR,ERR,ERR,ERR,ERR,ERR,ERR,ERR,ERR,ERR,0.0,0.0,-134474944.0,0.0,0.0,1.3936040501711995e+18,7.805,0.0,0,0,4,0,8422,0.0,45,0.0,0.0,0.0,0.0,0.0,0,0,0,0,0.0,0,0,0,0,0,0,0,0,0,0,0,0,0,0,0,0,0,0,0,0,0,0,0,0,0,0,0,0,0,0,0,0,0,38,14,7,45,65476,0,300,0,0,8,21553,0.0,-107605600.0,0.0,0.0,0.0,0.0,0.0,0.0,0.0,0.0,0.0,0.0,0.0,0.0,0.0,0.0,0.0,0.0,0.0,0.0,0.0,0.0,2.004,2.004,-0.0,0.0,0.0,0.0,0.0,0.0,4889.0,-0.0,0.0,0.0,0.0,-107615280.0,2.718429300292151e+23,0.0,0.0,0.0,0.0,53,-0.0,2.7184165100692094e+23,0.0,0.0,0.0,0.0,0.0,0.0,0.0,0,0,0,0.0,0.0,0.0,0.0,0.0,0.0,0.0,0.0,0.0,0.0,0.0,0.0,0.0,0.0,0.0,0.0,0,-107875648.0,53,0.0,106,-107614832.0,0.0,ERR,ERR,ERR,ERR,ERR,ERR,ERR,ERR,ERR,ERR,ERR,ERR,ERR,ERR,ERR,ERR,ERR,ERR,ERR,ERR,ERR,ERR,ERR,ERR,ERR,ERR,ERR,ERR,ERR,ERR,ERR,ERR,ERR,ERR,ERR,ERR,ERR,ERR,ERR,ERR,ERR,ERR,ERR,ERR,ERR,ERR,ERR,ERR,ERR,ERR,ERR,ERR,ERR,ERR,ERR,ERR,ERR,ERR,ERR,ERR,ERR,ERR,ERR,ERR,ERR,ERR,ERR,50.0,60.0,100,0.0,0.0,0.0,0.0,0.0,0.0,0.0,0.0,0.0,0.0,0.0,0.0,0.0,0.0,0.0,0.0,61.6,73,14,65513,50,65476,0,300,0,0,8,20529,65476,0,0,26214,60.0,0.0,0.0,0.0,0.0,0.0
2026-05-17T18:49:30,ERR,ERR,ERR,ERR,ERR,ERR,ERR,ERR,ERR,ERR,ERR,ERR,ERR,ERR,ERR,ERR,ERR,ERR,ERR,ERR,ERR,ERR,ERR,ERR,ERR,ERR,ERR,ERR,ERR,ERR,ERR,ERR,ERR,ERR,ERR,ERR,ERR,ERR,ERR,ERR,ERR,ERR,ERR,ERR,ERR,ERR,ERR,ERR,ERR,ERR,ERR,ERR,ERR,ERR,ERR,ERR,ERR,ERR,ERR,ERR,ERR,ERR,ERR,ERR,ERR,ERR,ERR,ERR,ERR,ERR,ERR,ERR,ERR,ERR,ERR,ERR,ERR,ERR,ERR,ERR,ERR,ERR,ERR,ERR,ERR,ERR,ERR,ERR,ERR,ERR,ERR,ERR,ERR,ERR,ERR,ERR,ERR,ERR,ERR,ERR,ERR,ERR,ERR,ERR,ERR,ERR,ERR,ERR,ERR,ERR,ERR,ERR,ERR,ERR,ERR,ERR,ERR,ERR,ERR,ERR,ERR,ERR,ERR,ERR,ERR,0.0,0.0,-134474944.0,0.0,0.0,1.3936040501711995e+18,7.805,0.0,0,0,4,0,8422,0.0,45,0.0,0.0,0.0,0.0,0.0,0,0,0,0,0.0,0,0,0,0,0,0,0,0,0,0,0,0,0,0,0,0,0,0,0,0,0,0,0,0,0,0,0,0,0,0,0,0,0,38,14,7,45,65476,0,300,0,0,8,21553,0.0,-107605600.0,0.0,0.0,0.0,0.0,0.0,0.0,0.0,0.0,0.0,0.0,0.0,0.0,0.0,0.0,0.0,0.0,0.0,0.0,0.0,0.0,2.004,2.004,-0.0,0.0,0.0,0.0,0.0,0.0,4886.0,-564145564942336.0,0.0,0.0,0.0,-107615280.0,2.718429300292151e+23,0.0,0.0,0.0,0.0,53,-0.0,-71.629,0.0,0.0,0.0,0.0,0.0,0.0,0.0,0,0,0,0.0,0.0,0.0,0.0,0.0,0.0,0.0,0.0,0.0,0.0,0.0,0.0,0.0,0.0,0.0,0.0,0,-107875648.0,53,0.0,106,-107614832.0,0.0,ERR,ERR,ERR,ERR,ERR,ERR,ERR,ERR,ERR,ERR,ERR,ERR,ERR,ERR,ERR,ERR,ERR,ERR,ERR,ERR,ERR,ERR,ERR,ERR,ERR,ERR,ERR,ERR,ERR,ERR,ERR,ERR,ERR,ERR,ERR,ERR,ERR,ERR,ERR,ERR,ERR,ERR,ERR,ERR,ERR,ERR,ERR,ERR,ERR,ERR,ERR,ERR,ERR,ERR,ERR,ERR,ERR,ERR,ERR,ERR,ERR,ERR,ERR,ERR,ERR,ERR,ERR,50.0,60.0,100,0.0,0.0,0.0,0.0,0.0,0.0,0.0,0.0,0.0,0.0,0.0,0.0,0.0,0.0,0.0,0.0,61.6,73,14,65513,50,65476,0,300,0,0,8,20529,65476,0,0,26214,60.0,0.0,0.0,0.0,0.0,0.0
2026-05-17T18:49:31,ERR,ERR,ERR,ERR,ERR,ERR,ERR,ERR,ERR,ERR,ERR,ERR,ERR,ERR,ERR,ERR,ERR,ERR,ERR,ERR,ERR,ERR,ERR,ERR,ERR,ERR,ERR,ERR,ERR,ERR,ERR,ERR,ERR,ERR,ERR,ERR,ERR,ERR,ERR,ERR,ERR,ERR,ERR,ERR,ERR,ERR,ERR,ERR,ERR,ERR,ERR,ERR,ERR,ERR,ERR,ERR,ERR,ERR,ERR,ERR,ERR,ERR,ERR,ERR,ERR,ERR,ERR,ERR,ERR,ERR,ERR,ERR,ERR,ERR,ERR,ERR,ERR,ERR,ERR,ERR,ERR,ERR,ERR,ERR,ERR,ERR,ERR,ERR,ERR,ERR,ERR,ERR,ERR,ERR,ERR,ERR,ERR,ERR,ERR,ERR,ERR,ERR,ERR,ERR,ERR,ERR,ERR,ERR,ERR,ERR,ERR,ERR,ERR,ERR,ERR,ERR,ERR,ERR,ERR,ERR,ERR,ERR,ERR,ERR,ERR,0.0,0.0,-134474944.0,0.0,0.0,1.3936040501711995e+18,7.805,0.0,0,0,4,0,8422,0.0,45,0.0,0.0,0.0,0.0,0.0,0,0,0,0,0.0,0,0,0,0,0,0,0,0,0,0,0,0,0,0,0,0,0,0,0,0,0,0,0,0,0,0,0,0,0,0,0,0,0,38,14,7,45,65476,0,300,0,0,8,21553,0.0,-107605600.0,0.0,0.0,0.0,0.0,0.0,0.0,0.0,0.0,0.0,0.0,0.0,0.0,0.0,0.0,0.0,0.0,0.0,0.0,0.0,0.0,2.004,2.004,-0.0,0.0,0.0,0.0,0.0,0.0,4886.0,-564145564942336.0,0.0,0.0,0.0,-107615280.0,2.718429300292151e+23,0.0,0.0,0.0,0.0,53,-0.0,-71.629,0.0,0.0,0.0,0.0,0.0,0.0,0.0,0,0,0,0.0,0.0,0.0,0.0,0.0,0.0,0.0,0.0,0.0,0.0,0.0,0.0,0.0,0.0,0.0,0.0,0,-107875648.0,53,0.0,106,-107614832.0,0.0,ERR,ERR,ERR,ERR,ERR,ERR,ERR,ERR,ERR,ERR,ERR,ERR,ERR,ERR,ERR,ERR,ERR,ERR,ERR,ERR,ERR,ERR,ERR,ERR,ERR,ERR,ERR,ERR,ERR,ERR,ERR,ERR,ERR,ERR,ERR,ERR,ERR,ERR,ERR,ERR,ERR,ERR,ERR,ERR,ERR,ERR,ERR,ERR,ERR,ERR,ERR,ERR,ERR,ERR,ERR,ERR,ERR,ERR,ERR,ERR,ERR,ERR,ERR,ERR,ERR,ERR,ERR,50.0,60.0,100,0.0,0.0,0.0,0.0,0.0,0.0,0.0,0.0,0.0,0.0,0.0,0.0,0.0,0.0,0.0,0.0,61.6,73,14,65513,50,65476,0,300,0,0,8,20529,65476,0,0,26214,60.0,0.0,0.0,0.0,0.0,0.0
2026-05-17T18:49:32,ERR,ERR,ERR,ERR,ERR,ERR,ERR,ERR,ERR,ERR,ERR,ERR,ERR,ERR,ERR,ERR,ERR,ERR,ERR,ERR,ERR,ERR,ERR,ERR,ERR,ERR,ERR,ERR,ERR,ERR,ERR,ERR,ERR,ERR,ERR,ERR,ERR,ERR,ERR,ERR,ERR,ERR,ERR,ERR,ERR,ERR,ERR,ERR,ERR,ERR,ERR,ERR,ERR,ERR,ERR,ERR,ERR,ERR,ERR,ERR,ERR,ERR,ERR,ERR,ERR,ERR,ERR,ERR,ERR,ERR,ERR,ERR,ERR,ERR,ERR,ERR,ERR,ERR,ERR,ERR,ERR,ERR,ERR,ERR,ERR,ERR,ERR,ERR,ERR,ERR,ERR,ERR,ERR,ERR,ERR,ERR,ERR,ERR,ERR,ERR,ERR,ERR,ERR,ERR,ERR,ERR,ERR,ERR,ERR,ERR,ERR,ERR,ERR,ERR,ERR,ERR,ERR,ERR,ERR,ERR,ERR,ERR,ERR,ERR,ERR,0.0,0.0,-134474944.0,0.0,0.0,1.3936040501711995e+18,7.805,0.0,0,0,4,0,8422,0.0,45,0.0,0.0,0.0,0.0,0.0,0,0,0,0,0.0,0,0,0,0,0,0,0,0,0,0,0,0,0,0,0,0,0,0,0,0,0,0,0,0,0,0,0,0,0,0,0,0,0,38,14,7,45,65476,0,300,0,0,8,21553,0.0,-107605600.0,0.0,0.0,0.0,0.0,0.0,0.0,0.0,0.0,0.0,0.0,0.0,0.0,0.0,0.0,0.0,0.0,0.0,0.0,0.0,0.0,2.004,2.004,-0.0,0.0,0.0,0.0,0.0,0.0,4886.0,-564145564942336.0,0.0,0.0,0.0,-107615280.0,2.718429300292151e+23,0.0,0.0,0.0,0.0,53,-0.0,-71.629,0.0,0.0,0.0,0.0,0.0,0.0,0.0,0,0,0,0.0,0.0,0.0,0.0,0.0,0.0,0.0,0.0,0.0,0.0,0.0,0.0,0.0,0.0,0.0,0.0,0,-107875648.0,53,0.0,106,-107614832.0,0.0,ERR,ERR,ERR,ERR,ERR,ERR,ERR,ERR,ERR,ERR,ERR,ERR,ERR,ERR,ERR,ERR,ERR,ERR,ERR,ERR,ERR,ERR,ERR,ERR,ERR,ERR,ERR,ERR,ERR,ERR,ERR,ERR,ERR,ERR,ERR,ERR,ERR,ERR,ERR,ERR,ERR,ERR,ERR,ERR,ERR,ERR,ERR,ERR,ERR,ERR,ERR,ERR,ERR,ERR,ERR,ERR,ERR,ERR,ERR,ERR,ERR,ERR,ERR,ERR,ERR,ERR,ERR,50.0,60.0,100,0.0,0.0,0.0,0.0,0.0,0.0,0.0,0.0,0.0,0.0,0.0,0.0,0.0,0.0,0.0,0.0,61.6,73,14,65513,50,65476,0,300,0,0,8,20529,65476,0,0,26214,60.0,0.0,0.0,0.0,0.0,0.0
2026-05-17T18:49:33,ERR,ERR,ERR,ERR,ERR,ERR,ERR,ERR,ERR,ERR,ERR,ERR,ERR,ERR,ERR,ERR,ERR,ERR,ERR,ERR,ERR,ERR,ERR,ERR,ERR,ERR,ERR,ERR,ERR,ERR,ERR,ERR,ERR,ERR,ERR,ERR,ERR,ERR,ERR,ERR,ERR,ERR,ERR,ERR,ERR,ERR,ERR,ERR,ERR,ERR,ERR,ERR,ERR,ERR,ERR,ERR,ERR,ERR,ERR,ERR,ERR,ERR,ERR,ERR,ERR,ERR,ERR,ERR,ERR,ERR,ERR,ERR,ERR,ERR,ERR,ERR,ERR,ERR,ERR,ERR,ERR,ERR,ERR,ERR,ERR,ERR,ERR,ERR,ERR,ERR,ERR,ERR,ERR,ERR,ERR,ERR,ERR,ERR,ERR,ERR,ERR,ERR,ERR,ERR,ERR,ERR,ERR,ERR,ERR,ERR,ERR,ERR,ERR,ERR,ERR,ERR,ERR,ERR,ERR,ERR,ERR,ERR,ERR,ERR,ERR,0.0,0.0,-134474944.0,0.0,0.0,1.3936040501711995e+18,7.805,0.0,0,0,4,0,8422,0.0,45,0.0,0.0,0.0,0.0,0.0,0,0,0,0,0.0,0,0,0,0,0,0,0,0,0,0,0,0,0,0,0,0,0,0,0,0,0,0,0,0,0,0,0,0,0,0,0,0,0,38,14,7,45,65476,0,300,0,0,8,21553,0.0,-107605600.0,0.0,0.0,0.0,0.0,0.0,0.0,0.0,0.0,0.0,0.0,0.0,0.0,0.0,0.0,0.0,0.0,0.0,0.0,0.0,0.0,2.004,2.004,-0.0,0.0,0.0,0.0,0.0,0.0,4886.0,-564145564942336.0,0.0,0.0,0.0,-107615280.0,2.718429300292151e+23,0.0,0.0,0.0,0.0,53,-0.0,-71.629,0.0,0.0,0.0,0.0,0.0,0.0,0.0,0,0,0,0.0,0.0,0.0,0.0,0.0,0.0,0.0,0.0,0.0,0.0,0.0,0.0,0.0,0.0,0.0,0.0,0,-107875648.0,53,0.0,106,-107614832.0,0.0,ERR,ERR,ERR,ERR,ERR,ERR,ERR,ERR,ERR,ERR,ERR,ERR,ERR,ERR,ERR,ERR,ERR,ERR,ERR,ERR,ERR,ERR,ERR,ERR,ERR,ERR,ERR,ERR,ERR,ERR,ERR,ERR,ERR,ERR,ERR,ERR,ERR,ERR,ERR,ERR,ERR,ERR,ERR,ERR,ERR,ERR,ERR,ERR,ERR,ERR,ERR,ERR,ERR,ERR,ERR,ERR,ERR,ERR,ERR,ERR,ERR,ERR,ERR,ERR,ERR,ERR,ERR,50.0,60.0,100,0.0,0.0,0.0,0.0,0.0,0.0,0.0,0.0,0.0,0.0,0.0,0.0,0.0,0.0,0.0,0.0,61.6,73,14,65513,50,65476,0,300,0,0,8,20529,65476,0,0,26214,60.0,0.0,0.0,0.0,0.0,0.0
2026-05-17T18:49:34,ERR,ERR,ERR,ERR,ERR,ERR,ERR,ERR,ERR,ERR,ERR,ERR,ERR,ERR,ERR,ERR,ERR,ERR,ERR,ERR,ERR,ERR,ERR,ERR,ERR,ERR,ERR,ERR,ERR,ERR,ERR,ERR,ERR,ERR,ERR,ERR,ERR,ERR,ERR,ERR,ERR,ERR,ERR,ERR,ERR,ERR,ERR,ERR,ERR,ERR,ERR,ERR,ERR,ERR,ERR,ERR,ERR,ERR,ERR,ERR,ERR,ERR,ERR,ERR,ERR,ERR,ERR,ERR,ERR,ERR,ERR,ERR,ERR,ERR,ERR,ERR,ERR,ERR,ERR,ERR,ERR,ERR,ERR,ERR,ERR,ERR,ERR,ERR,ERR,ERR,ERR,ERR,ERR,ERR,ERR,ERR,ERR,ERR,ERR,ERR,ERR,ERR,ERR,ERR,ERR,ERR,ERR,ERR,ERR,ERR,ERR,ERR,ERR,ERR,ERR,ERR,ERR,ERR,ERR,ERR,ERR,ERR,ERR,ERR,ERR,0.0,0.0,-134474944.0,0.0,0.0,1.3936040501711995e+18,7.805,0.0,0,0,4,0,8422,0.0,45,0.0,0.0,0.0,0.0,0.0,0,0,0,0,0.0,0,0,0,0,0,0,0,0,0,0,0,0,0,0,0,0,0,0,0,0,0,0,0,0,0,0,0,0,0,0,0,0,0,38,14,7,45,65476,0,300,0,0,8,21553,0.0,-107605600.0,0.0,0.0,0.0,0.0,0.0,0.0,0.0,0.0,0.0,0.0,0.0,0.0,0.0,0.0,0.0,0.0,0.0,0.0,0.0,0.0,2.004,2.004,-0.0,0.0,0.0,0.0,0.0,0.0,4886.0,-564145564942336.0,0.0,0.0,0.0,-107615280.0,2.718429300292151e+23,0.0,0.0,0.0,0.0,53,-0.0,-71.629,0.0,0.0,0.0,0.0,0.0,0.0,0.0,0,0,0,0.0,0.0,0.0,0.0,0.0,0.0,0.0,0.0,0.0,0.0,0.0,0.0,0.0,0.0,0.0,0.0,0,-107875648.0,53,0.0,106,-107614832.0,0.0,ERR,ERR,ERR,ERR,ERR,ERR,ERR,ERR,ERR,ERR,ERR,ERR,ERR,ERR,ERR,ERR,ERR,ERR,ERR,ERR,ERR,ERR,ERR,ERR,ERR,ERR,ERR,ERR,ERR,ERR,ERR,ERR,ERR,ERR,ERR,ERR,ERR,ERR,ERR,ERR,ERR,ERR,ERR,ERR,ERR,ERR,ERR,ERR,ERR,ERR,ERR,ERR,ERR,ERR,ERR,ERR,ERR,ERR,ERR,ERR,ERR,ERR,ERR,ERR,ERR,ERR,ERR,50.0,60.0,100,0.0,0.0,0.0,0.0,0.0,0.0,0.0,0.0,0.0,0.0,0.0,0.0,0.0,0.0,0.0,0.0,61.6,73,14,65513,50,65476,0,300,0,0,8,20529,65476,0,0,26214,60.0,0.0,0.0,0.0,0.0,0.0
2026-05-17T18:49:35,ERR,ERR,ERR,ERR,ERR,ERR,ERR,ERR,ERR,ERR,ERR,ERR,ERR,ERR,ERR,ERR,ERR,ERR,ERR,ERR,ERR,ERR,ERR,ERR,ERR,ERR,ERR,ERR,ERR,ERR,ERR,ERR,ERR,ERR,ERR,ERR,ERR,ERR,ERR,ERR,ERR,ERR,ERR,ERR,ERR,ERR,ERR,ERR,ERR,ERR,ERR,ERR,ERR,ERR,ERR,ERR,ERR,ERR,ERR,ERR,ERR,ERR,ERR,ERR,ERR,ERR,ERR,ERR,ERR,ERR,ERR,ERR,ERR,ERR,ERR,ERR,ERR,ERR,ERR,ERR,ERR,ERR,ERR,ERR,ERR,ERR,ERR,ERR,ERR,ERR,ERR,ERR,ERR,ERR,ERR,ERR,ERR,ERR,ERR,ERR,ERR,ERR,ERR,ERR,ERR,ERR,ERR,ERR,ERR,ERR,ERR,ERR,ERR,ERR,ERR,ERR,ERR,ERR,ERR,ERR,ERR,ERR,ERR,ERR,ERR,0.0,0.0,-134474944.0,0.0,0.0,1.3936040501711995e+18,7.805,0.0,0,0,4,0,8422,0.0,45,0.0,0.0,0.0,0.0,0.0,0,0,0,0,0.0,0,0,0,0,0,0,0,0,0,0,0,0,0,0,0,0,0,0,0,0,0,0,0,0,0,0,0,0,0,0,0,0,0,38,14,7,45,65476,0,300,0,0,8,21553,0.0,-107605600.0,0.0,0.0,0.0,0.0,0.0,0.0,0.0,0.0,0.0,0.0,0.0,0.0,0.0,0.0,0.0,0.0,0.0,0.0,0.0,0.0,2.004,2.004,-0.0,0.0,0.0,0.0,0.0,0.0,4883.0,-1.587928597535639e+29,0.0,0.0,0.0,-107615280.0,2.718429300292151e+23,0.0,0.0,0.0,0.0,53,-0.0,-71.629,0.0,0.0,0.0,0.0,0.0,0.0,0.0,0,0,0,0.0,0.0,0.0,0.0,0.0,0.0,0.0,0.0,0.0,0.0,0.0,0.0,0.0,0.0,0.0,0.0,0,-107875648.0,53,0.0,106,-107614832.0,0.0,ERR,ERR,ERR,ERR,ERR,ERR,ERR,ERR,ERR,ERR,ERR,ERR,ERR,ERR,ERR,ERR,ERR,ERR,ERR,ERR,ERR,ERR,ERR,ERR,ERR,ERR,ERR,ERR,ERR,ERR,ERR,ERR,ERR,ERR,ERR,ERR,ERR,ERR,ERR,ERR,ERR,ERR,ERR,ERR,ERR,ERR,ERR,ERR,ERR,ERR,ERR,ERR,ERR,ERR,ERR,ERR,ERR,ERR,ERR,ERR,ERR,ERR,ERR,ERR,ERR,ERR,ERR,50.0,60.0,100,0.0,0.0,0.0,0.0,0.0,0.0,0.0,0.0,0.0,0.0,0.0,0.0,0.0,0.0,0.0,0.0,61.6,73,14,65513,50,65476,0,300,0,0,8,20529,65476,0,0,26214,60.0,0.0,0.0,0.0,0.0,0.0
2026-05-17T18:49:36,ERR,ERR,ERR,ERR,ERR,ERR,ERR,ERR,ERR,ERR,ERR,ERR,ERR,ERR,ERR,ERR,ERR,ERR,ERR,ERR,ERR,ERR,ERR,ERR,ERR,ERR,ERR,ERR,ERR,ERR,ERR,ERR,ERR,ERR,ERR,ERR,ERR,ERR,ERR,ERR,ERR,ERR,ERR,ERR,ERR,ERR,ERR,ERR,ERR,ERR,ERR,ERR,ERR,ERR,ERR,ERR,ERR,ERR,ERR,ERR,ERR,ERR,ERR,ERR,ERR,ERR,ERR,ERR,ERR,ERR,ERR,ERR,ERR,ERR,ERR,ERR,ERR,ERR,ERR,ERR,ERR,ERR,ERR,ERR,ERR,ERR,ERR,ERR,ERR,ERR,ERR,ERR,ERR,ERR,ERR,ERR,ERR,ERR,ERR,ERR,ERR,ERR,ERR,ERR,ERR,ERR,ERR,ERR,ERR,ERR,ERR,ERR,ERR,ERR,ERR,ERR,ERR,ERR,ERR,ERR,ERR,ERR,ERR,ERR,ERR,0.0,0.0,-134474944.0,0.0,0.0,1.3936040501711995e+18,7.805,0.0,0,0,4,0,8422,0.0,45,0.0,0.0,0.0,0.0,0.0,0,0,0,0,0.0,0,0,0,0,0,0,0,0,0,0,0,0,0,0,0,0,0,0,0,0,0,0,0,0,0,0,0,0,0,0,0,0,0,38,14,7,45,65476,0,300,0,0,8,21553,0.0,-107605600.0,0.0,0.0,0.0,0.0,0.0,0.0,0.0,0.0,0.0,0.0,0.0,0.0,0.0,0.0,0.0,0.0,0.0,0.0,0.0,0.0,2.004,2.004,-0.0,0.0,0.0,0.0,0.0,0.0,4883.0,-1.587928597535639e+29,0.0,0.0,0.0,-107615280.0,2.718429300292151e+23,0.0,0.0,0.0,0.0,53,-0.0,-71.629,0.0,0.0,0.0,0.0,0.0,0.0,0.0,0,0,0,0.0,0.0,0.0,0.0,0.0,0.0,0.0,0.0,0.0,0.0,0.0,0.0,0.0,0.0,0.0,0.0,0,-107875648.0,53,0.0,106,-107614832.0,0.0,ERR,ERR,ERR,ERR,ERR,ERR,ERR,ERR,ERR,ERR,ERR,ERR,ERR,ERR,ERR,ERR,ERR,ERR,ERR,ERR,ERR,ERR,ERR,ERR,ERR,ERR,ERR,ERR,ERR,ERR,ERR,ERR,ERR,ERR,ERR,ERR,ERR,ERR,ERR,ERR,ERR,ERR,ERR,ERR,ERR,ERR,ERR,ERR,ERR,ERR,ERR,ERR,ERR,ERR,ERR,ERR,ERR,ERR,ERR,ERR,ERR,ERR,ERR,ERR,ERR,ERR,ERR,50.0,60.0,100,0.0,0.0,0.0,0.0,0.0,0.0,0.0,0.0,0.0,0.0,0.0,0.0,0.0,0.0,0.0,0.0,62.0,73,14,65513,50,65476,0,300,0,0,8,20529,65476,0,0,26214,60.0,0.0,0.0,0.0,0.0,0.0
2026-05-17T18:49:37,ERR,ERR,ERR,ERR,ERR,ERR,ERR,ERR,ERR,ERR,ERR,ERR,ERR,ERR,ERR,ERR,ERR,ERR,ERR,ERR,ERR,ERR,ERR,ERR,ERR,ERR,ERR,ERR,ERR,ERR,ERR,ERR,ERR,ERR,ERR,ERR,ERR,ERR,ERR,ERR,ERR,ERR,ERR,ERR,ERR,ERR,ERR,ERR,ERR,ERR,ERR,ERR,ERR,ERR,ERR,ERR,ERR,ERR,ERR,ERR,ERR,ERR,ERR,ERR,ERR,ERR,ERR,ERR,ERR,ERR,ERR,ERR,ERR,ERR,ERR,ERR,ERR,ERR,ERR,ERR,ERR,ERR,ERR,ERR,ERR,ERR,ERR,ERR,ERR,ERR,ERR,ERR,ERR,ERR,ERR,ERR,ERR,ERR,ERR,ERR,ERR,ERR,ERR,ERR,ERR,ERR,ERR,ERR,ERR,ERR,ERR,ERR,ERR,ERR,ERR,ERR,ERR,ERR,ERR,ERR,ERR,ERR,ERR,ERR,ERR,0.0,0.0,-134474944.0,0.0,0.0,1.3936040501711995e+18,7.805,0.0,0,0,4,0,8422,0.0,45,0.0,0.0,0.0,0.0,0.0,0,0,0,0,0.0,0,0,0,0,0,0,0,0,0,0,0,0,0,0,0,0,0,0,0,0,0,0,0,0,0,0,0,0,0,0,0,0,0,38,14,7,45,65476,0,300,0,0,8,21553,0.0,-107605600.0,0.0,0.0,0.0,0.0,0.0,0.0,0.0,0.0,0.0,0.0,0.0,0.0,0.0,0.0,0.0,0.0,0.0,0.0,0.0,0.0,2.004,2.004,-0.0,0.0,0.0,0.0,0.0,0.0,4883.0,-1.587928597535639e+29,0.0,0.0,0.0,-107615280.0,2.718429300292151e+23,0.0,0.0,0.0,0.0,53,-0.0,-71.629,0.0,0.0,0.0,0.0,0.0,0.0,0.0,0,0,0,0.0,0.0,0.0,0.0,0.0,0.0,0.0,0.0,0.0,0.0,0.0,0.0,0.0,0.0,0.0,0.0,0,-107875648.0,53,0.0,106,-107614832.0,0.0,ERR,ERR,ERR,ERR,ERR,ERR,ERR,ERR,ERR,ERR,ERR,ERR,ERR,ERR,ERR,ERR,ERR,ERR,ERR,ERR,ERR,ERR,ERR,ERR,ERR,ERR,ERR,ERR,ERR,ERR,ERR,ERR,ERR,ERR,ERR,ERR,ERR,ERR,ERR,ERR,ERR,ERR,ERR,ERR,ERR,ERR,ERR,ERR,ERR,ERR,ERR,ERR,ERR,ERR,ERR,ERR,ERR,ERR,ERR,ERR,ERR,ERR,ERR,ERR,ERR,ERR,ERR,50.0,60.0,100,0.0,0.0,0.0,0.0,0.0,0.0,0.0,0.0,0.0,0.0,0.0,0.0,0.0,0.0,0.0,0.0,62.0,73,14,65513,50,65476,0,300,0,0,8,20529,65476,0,0,26214,60.0,0.0,0.0,0.0,0.0,0.0
2026-05-17T18:49:38,ERR,ERR,ERR,ERR,ERR,ERR,ERR,ERR,ERR,ERR,ERR,ERR,ERR,ERR,ERR,ERR,ERR,ERR,ERR,ERR,ERR,ERR,ERR,ERR,ERR,ERR,ERR,ERR,ERR,ERR,ERR,ERR,ERR,ERR,ERR,ERR,ERR,ERR,ERR,ERR,ERR,ERR,ERR,ERR,ERR,ERR,ERR,ERR,ERR,ERR,ERR,ERR,ERR,ERR,ERR,ERR,ERR,ERR,ERR,ERR,ERR,ERR,ERR,ERR,ERR,ERR,ERR,ERR,ERR,ERR,ERR,ERR,ERR,ERR,ERR,ERR,ERR,ERR,ERR,ERR,ERR,ERR,ERR,ERR,ERR,ERR,ERR,ERR,ERR,ERR,ERR,ERR,ERR,ERR,ERR,ERR,ERR,ERR,ERR,ERR,ERR,ERR,ERR,ERR,ERR,ERR,ERR,ERR,ERR,ERR,ERR,ERR,ERR,ERR,ERR,ERR,ERR,ERR,ERR,ERR,ERR,ERR,ERR,ERR,ERR,0.0,0.0,-134474944.0,0.0,0.0,1.3936040501711995e+18,7.805,0.0,0,0,4,0,8422,0.0,45,0.0,0.0,0.0,0.0,0.0,0,0,0,0,0.0,0,0,0,0,0,0,0,0,0,0,0,0,0,0,0,0,0,0,0,0,0,0,0,0,0,0,0,0,0,0,0,0,0,38,14,7,45,65476,0,300,0,0,8,21553,0.0,-107605600.0,0.0,0.0,0.0,0.0,0.0,0.0,0.0,0.0,0.0,0.0,0.0,0.0,0.0,0.0,0.0,0.0,0.0,0.0,0.0,0.0,2.004,2.004,-0.0,0.0,0.0,0.0,0.0,0.0,4883.0,-1.587928597535639e+29,0.0,0.0,0.0,-107615280.0,2.718429300292151e+23,0.0,0.0,0.0,0.0,53,-0.0,-71.629,0.0,0.0,0.0,0.0,0.0,0.0,0.0,0,0,0,0.0,0.0,0.0,0.0,0.0,0.0,0.0,0.0,0.0,0.0,0.0,0.0,0.0,0.0,0.0,0.0,0,-107875648.0,53,0.0,106,-107614832.0,0.0,ERR,ERR,ERR,ERR,ERR,ERR,ERR,ERR,ERR,ERR,ERR,ERR,ERR,ERR,ERR,ERR,ERR,ERR,ERR,ERR,ERR,ERR,ERR,ERR,ERR,ERR,ERR,ERR,ERR,ERR,ERR,ERR,ERR,ERR,ERR,ERR,ERR,ERR,ERR,ERR,ERR,ERR,ERR,ERR,ERR,ERR,ERR,ERR,ERR,ERR,ERR,ERR,ERR,ERR,ERR,ERR,ERR,ERR,ERR,ERR,ERR,ERR,ERR,ERR,ERR,ERR,ERR,50.0,60.0,100,0.0,0.0,0.0,0.0,0.0,0.0,0.0,0.0,0.0,0.0,0.0,0.0,0.0,0.0,0.0,0.0,61.6,73,14,65513,50,65476,0,300,0,0,8,20529,65476,0,0,26214,60.0,0.0,0.0,0.0,0.0,0.0
2026-05-17T18:49:39,ERR,ERR,ERR,ERR,ERR,ERR,ERR,ERR,ERR,ERR,ERR,ERR,ERR,ERR,ERR,ERR,ERR,ERR,ERR,ERR,ERR,ERR,ERR,ERR,ERR,ERR,ERR,ERR,ERR,ERR,ERR,ERR,ERR,ERR,ERR,ERR,ERR,ERR,ERR,ERR,ERR,ERR,ERR,ERR,ERR,ERR,ERR,ERR,ERR,ERR,ERR,ERR,ERR,ERR,ERR,ERR,ERR,ERR,ERR,ERR,ERR,ERR,ERR,ERR,ERR,ERR,ERR,ERR,ERR,ERR,ERR,ERR,ERR,ERR,ERR,ERR,ERR,ERR,ERR,ERR,ERR,ERR,ERR,ERR,ERR,ERR,ERR,ERR,ERR,ERR,ERR,ERR,ERR,ERR,ERR,ERR,ERR,ERR,ERR,ERR,ERR,ERR,ERR,ERR,ERR,ERR,ERR,ERR,ERR,ERR,ERR,ERR,ERR,ERR,ERR,ERR,ERR,ERR,ERR,ERR,ERR,ERR,ERR,ERR,ERR,0.0,0.0,-134474944.0,0.0,0.0,1.3936040501711995e+18,7.805,0.0,0,0,4,0,8422,0.0,45,0.0,0.0,0.0,0.0,0.0,0,0,0,0,0.0,0,0,0,0,0,0,0,0,0,0,0,0,0,0,0,0,0,0,0,0,0,0,0,0,0,0,0,0,0,0,0,0,0,38,14,7,45,65476,0,300,0,0,8,21553,0.0,-107605600.0,0.0,0.0,0.0,0.0,0.0,0.0,0.0,0.0,0.0,0.0,0.0,0.0,0.0,0.0,0.0,0.0,0.0,0.0,0.0,0.0,2.004,2.004,-0.0,0.0,0.0,0.0,0.0,0.0,4883.0,-1.587928597535639e+29,0.0,0.0,0.0,-107615280.0,2.718429300292151e+23,0.0,0.0,0.0,0.0,53,-0.0,-71.629,0.0,0.0,0.0,0.0,0.0,0.0,0.0,0,0,0,0.0,0.0,0.0,0.0,0.0,0.0,0.0,0.0,0.0,0.0,0.0,0.0,0.0,0.0,0.0,0.0,0,-107875648.0,53,0.0,106,-107614832.0,0.0,ERR,ERR,ERR,ERR,ERR,ERR,ERR,ERR,ERR,ERR,ERR,ERR,ERR,ERR,ERR,ERR,ERR,ERR,ERR,ERR,ERR,ERR,ERR,ERR,ERR,ERR,ERR,ERR,ERR,ERR,ERR,ERR,ERR,ERR,ERR,ERR,ERR,ERR,ERR,ERR,ERR,ERR,ERR,ERR,ERR,ERR,ERR,ERR,ERR,ERR,ERR,ERR,ERR,ERR,ERR,ERR,ERR,ERR,ERR,ERR,ERR,ERR,ERR,ERR,ERR,ERR,ERR,50.0,60.0,100,0.0,0.0,0.0,0.0,0.0,0.0,0.0,0.0,0.0,0.0,0.0,0.0,0.0,0.0,0.0,0.0,61.6,73,14,65513,50,65476,0,300,0,0,8,20529,65476,0,0,26214,60.0,0.0,0.0,0.0,0.0,0.0
2026-05-17T18:49:40,ERR,ERR,ERR,ERR,ERR,ERR,ERR,ERR,ERR,ERR,ERR,ERR,ERR,ERR,ERR,ERR,ERR,ERR,ERR,ERR,ERR,ERR,ERR,ERR,ERR,ERR,ERR,ERR,ERR,ERR,ERR,ERR,ERR,ERR,ERR,ERR,ERR,ERR,ERR,ERR,ERR,ERR,ERR,ERR,ERR,ERR,ERR,ERR,ERR,ERR,ERR,ERR,ERR,ERR,ERR,ERR,ERR,ERR,ERR,ERR,ERR,ERR,ERR,ERR,ERR,ERR,ERR,ERR,ERR,ERR,ERR,ERR,ERR,ERR,ERR,ERR,ERR,ERR,ERR,ERR,ERR,ERR,ERR,ERR,ERR,ERR,ERR,ERR,ERR,ERR,ERR,ERR,ERR,ERR,ERR,ERR,ERR,ERR,ERR,ERR,ERR,ERR,ERR,ERR,ERR,ERR,ERR,ERR,ERR,ERR,ERR,ERR,ERR,ERR,ERR,ERR,ERR,ERR,ERR,ERR,ERR,ERR,ERR,ERR,ERR,0.0,0.0,-134474944.0,0.0,0.0,1.3936040501711995e+18,7.805,0.0,0,0,4,0,8422,0.0,45,0.0,0.0,0.0,0.0,0.0,0,0,0,0,0.0,0,0,0,0,0,0,0,0,0,0,0,0,0,0,0,0,0,0,0,0,0,0,0,0,0,0,0,0,0,0,0,0,0,38,14,7,45,65476,0,300,0,0,8,21553,0.0,-107605600.0,0.0,0.0,0.0,0.0,0.0,0.0,0.0,0.0,0.0,0.0,0.0,0.0,0.0,0.0,0.0,0.0,0.0,0.0,0.0,0.0,2.004,2.004,-0.0,0.0,0.0,0.0,0.0,0.0,4887.0,-2.422986751610777e+24,0.0,0.0,0.0,-107615280.0,2.718429300292151e+23,0.0,0.0,0.0,0.0,53,-0.0,-107614744.0,0.0,0.0,0.0,0.0,0.0,0.0,0.0,0,0,0,0.0,0.0,0.0,0.0,0.0,0.0,0.0,0.0,0.0,0.0,0.0,0.0,0.0,0.0,0.0,0.0,0,-107875648.0,53,0.0,106,-107614832.0,0.0,ERR,ERR,ERR,ERR,ERR,ERR,ERR,ERR,ERR,ERR,ERR,ERR,ERR,ERR,ERR,ERR,ERR,ERR,ERR,ERR,ERR,ERR,ERR,ERR,ERR,ERR,ERR,ERR,ERR,ERR,ERR,ERR,ERR,ERR,ERR,ERR,ERR,ERR,ERR,ERR,ERR,ERR,ERR,ERR,ERR,ERR,ERR,ERR,ERR,ERR,ERR,ERR,ERR,ERR,ERR,ERR,ERR,ERR,ERR,ERR,ERR,ERR,ERR,ERR,ERR,ERR,ERR,50.0,60.0,100,0.0,0.0,0.0,0.0,0.0,0.0,0.0,0.0,0.0,0.0,0.0,0.0,0.0,0.0,0.0,0.0,61.6,73,14,65513,50,65476,0,300,0,0,8,20529,65476,0,0,26214,60.0,0.0,0.0,0.0,0.0,0.0
2026-05-17T18:49:41,ERR,ERR,ERR,ERR,ERR,ERR,ERR,ERR,ERR,ERR,ERR,ERR,ERR,ERR,ERR,ERR,ERR,ERR,ERR,ERR,ERR,ERR,ERR,ERR,ERR,ERR,ERR,ERR,ERR,ERR,ERR,ERR,ERR,ERR,ERR,ERR,ERR,ERR,ERR,ERR,ERR,ERR,ERR,ERR,ERR,ERR,ERR,ERR,ERR,ERR,ERR,ERR,ERR,ERR,ERR,ERR,ERR,ERR,ERR,ERR,ERR,ERR,ERR,ERR,ERR,ERR,ERR,ERR,ERR,ERR,ERR,ERR,ERR,ERR,ERR,ERR,ERR,ERR,ERR,ERR,ERR,ERR,ERR,ERR,ERR,ERR,ERR,ERR,ERR,ERR,ERR,ERR,ERR,ERR,ERR,ERR,ERR,ERR,ERR,ERR,ERR,ERR,ERR,ERR,ERR,ERR,ERR,ERR,ERR,ERR,ERR,ERR,ERR,ERR,ERR,ERR,ERR,ERR,ERR,ERR,ERR,ERR,ERR,ERR,ERR,0.0,0.0,-134474944.0,0.0,0.0,1.3936040501711995e+18,7.805,0.0,0,0,4,0,8422,0.0,45,0.0,0.0,0.0,0.0,0.0,0,0,0,0,0.0,0,0,0,0,0,0,0,0,0,0,0,0,0,0,0,0,0,0,0,0,0,0,0,0,0,0,0,0,0,0,0,0,0,38,14,7,45,65476,0,300,0,0,8,21553,0.0,-107605600.0,0.0,0.0,0.0,0.0,0.0,0.0,0.0,0.0,0.0,0.0,0.0,0.0,0.0,0.0,0.0,0.0,0.0,0.0,0.0,0.0,2.004,2.004,-0.0,0.0,0.0,0.0,0.0,0.0,4887.0,-2.422986751610777e+24,0.0,0.0,0.0,-107615280.0,2.718429300292151e+23,0.0,0.0,0.0,0.0,53,-0.0,-107614744.0,0.0,0.0,0.0,0.0,0.0,0.0,0.0,0,0,0,0.0,0.0,0.0,0.0,0.0,0.0,0.0,0.0,0.0,0.0,0.0,0.0,0.0,0.0,0.0,0.0,0,-107875648.0,53,0.0,106,-107614832.0,0.0,ERR,ERR,ERR,ERR,ERR,ERR,ERR,ERR,ERR,ERR,ERR,ERR,ERR,ERR,ERR,ERR,ERR,ERR,ERR,ERR,ERR,ERR,ERR,ERR,ERR,ERR,ERR,ERR,ERR,ERR,ERR,ERR,ERR,ERR,ERR,ERR,ERR,ERR,ERR,ERR,ERR,ERR,ERR,ERR,ERR,ERR,ERR,ERR,ERR,ERR,ERR,ERR,ERR,ERR,ERR,ERR,ERR,ERR,ERR,ERR,ERR,ERR,ERR,ERR,ERR,ERR,ERR,50.0,60.0,100,0.0,0.0,0.0,0.0,0.0,0.0,0.0,0.0,0.0,0.0,0.0,0.0,0.0,0.0,0.0,0.0,61.6,73,14,65513,50,65476,0,300,0,0,8,20529,65476,0,0,26214,60.0,0.0,0.0,0.0,0.0,0.0
2026-05-17T18:49:42,ERR,ERR,ERR,ERR,ERR,ERR,ERR,ERR,ERR,ERR,ERR,ERR,ERR,ERR,ERR,ERR,ERR,ERR,ERR,ERR,ERR,ERR,ERR,ERR,ERR,ERR,ERR,ERR,ERR,ERR,ERR,ERR,ERR,ERR,ERR,ERR,ERR,ERR,ERR,ERR,ERR,ERR,ERR,ERR,ERR,ERR,ERR,ERR,ERR,ERR,ERR,ERR,ERR,ERR,ERR,ERR,ERR,ERR,ERR,ERR,ERR,ERR,ERR,ERR,ERR,ERR,ERR,ERR,ERR,ERR,ERR,ERR,ERR,ERR,ERR,ERR,ERR,ERR,ERR,ERR,ERR,ERR,ERR,ERR,ERR,ERR,ERR,ERR,ERR,ERR,ERR,ERR,ERR,ERR,ERR,ERR,ERR,ERR,ERR,ERR,ERR,ERR,ERR,ERR,ERR,ERR,ERR,ERR,ERR,ERR,ERR,ERR,ERR,ERR,ERR,ERR,ERR,ERR,ERR,ERR,ERR,ERR,ERR,ERR,ERR,0.0,0.0,-134474944.0,0.0,0.0,1.3936040501711995e+18,7.805,0.0,0,0,4,0,8422,0.0,45,0.0,0.0,0.0,0.0,0.0,0,0,0,0,0.0,0,0,0,0,0,0,0,0,0,0,0,0,0,0,0,0,0,0,0,0,0,0,0,0,0,0,0,0,0,0,0,0,0,38,14,7,45,65476,0,300,0,0,8,21553,0.0,-107605600.0,0.0,0.0,0.0,0.0,0.0,0.0,0.0,0.0,0.0,0.0,0.0,0.0,0.0,0.0,0.0,0.0,0.0,0.0,0.0,0.0,2.004,2.004,-0.0,0.0,0.0,0.0,0.0,0.0,4887.0,-2.422986751610777e+24,0.0,0.0,0.0,-107615280.0,2.718429300292151e+23,0.0,0.0,0.0,0.0,53,-0.0,-107614744.0,0.0,0.0,0.0,0.0,0.0,0.0,0.0,0,0,0,0.0,0.0,0.0,0.0,0.0,0.0,0.0,0.0,0.0,0.0,0.0,0.0,0.0,0.0,0.0,0.0,0,-107875648.0,53,0.0,106,-107614832.0,0.0,ERR,ERR,ERR,ERR,ERR,ERR,ERR,ERR,ERR,ERR,ERR,ERR,ERR,ERR,ERR,ERR,ERR,ERR,ERR,ERR,ERR,ERR,ERR,ERR,ERR,ERR,ERR,ERR,ERR,ERR,ERR,ERR,ERR,ERR,ERR,ERR,ERR,ERR,ERR,ERR,ERR,ERR,ERR,ERR,ERR,ERR,ERR,ERR,ERR,ERR,ERR,ERR,ERR,ERR,ERR,ERR,ERR,ERR,ERR,ERR,ERR,ERR,ERR,ERR,ERR,ERR,ERR,50.0,60.0,100,0.0,0.0,0.0,0.0,0.0,0.0,0.0,0.0,0.0,0.0,0.0,0.0,0.0,0.0,0.0,0.0,61.6,73,14,65513,50,65476,0,300,0,0,8,20529,65476,0,0,26214,60.0,0.0,0.0,0.0,0.0,0.0
2026-05-17T18:49:43,ERR,ERR,ERR,ERR,ERR,ERR,ERR,ERR,ERR,ERR,ERR,ERR,ERR,ERR,ERR,ERR,ERR,ERR,ERR,ERR,ERR,ERR,ERR,ERR,ERR,ERR,ERR,ERR,ERR,ERR,ERR,ERR,ERR,ERR,ERR,ERR,ERR,ERR,ERR,ERR,ERR,ERR,ERR,ERR,ERR,ERR,ERR,ERR,ERR,ERR,ERR,ERR,ERR,ERR,ERR,ERR,ERR,ERR,ERR,ERR,ERR,ERR,ERR,ERR,ERR,ERR,ERR,ERR,ERR,ERR,ERR,ERR,ERR,ERR,ERR,ERR,ERR,ERR,ERR,ERR,ERR,ERR,ERR,ERR,ERR,ERR,ERR,ERR,ERR,ERR,ERR,ERR,ERR,ERR,ERR,ERR,ERR,ERR,ERR,ERR,ERR,ERR,ERR,ERR,ERR,ERR,ERR,ERR,ERR,ERR,ERR,ERR,ERR,ERR,ERR,ERR,ERR,ERR,ERR,ERR,ERR,ERR,ERR,ERR,ERR,0.0,0.0,-134474944.0,0.0,0.0,1.3936040501711995e+18,7.805,0.0,0,0,4,0,8422,0.0,45,0.0,0.0,0.0,0.0,0.0,0,0,0,0,0.0,0,0,0,0,0,0,0,0,0,0,0,0,0,0,0,0,0,0,0,0,0,0,0,0,0,0,0,0,0,0,0,0,0,38,14,7,45,65476,0,300,0,0,8,21553,0.0,-107605600.0,0.0,0.0,0.0,0.0,0.0,0.0,0.0,0.0,0.0,0.0,0.0,0.0,0.0,0.0,0.0,0.0,0.0,0.0,0.0,0.0,2.004,2.004,-0.0,0.0,0.0,0.0,0.0,0.0,4887.0,-2.422986751610777e+24,0.0,0.0,0.0,-107615280.0,2.718429300292151e+23,0.0,0.0,0.0,0.0,53,-0.0,-107614744.0,0.0,0.0,0.0,0.0,0.0,0.0,0.0,0,0,0,0.0,0.0,0.0,0.0,0.0,0.0,0.0,0.0,0.0,0.0,0.0,0.0,0.0,0.0,0.0,0.0,0,-107875648.0,53,0.0,106,-107614832.0,0.0,ERR,ERR,ERR,ERR,ERR,ERR,ERR,ERR,ERR,ERR,ERR,ERR,ERR,ERR,ERR,ERR,ERR,ERR,ERR,ERR,ERR,ERR,ERR,ERR,ERR,ERR,ERR,ERR,ERR,ERR,ERR,ERR,ERR,ERR,ERR,ERR,ERR,ERR,ERR,ERR,ERR,ERR,ERR,ERR,ERR,ERR,ERR,ERR,ERR,ERR,ERR,ERR,ERR,ERR,ERR,ERR,ERR,ERR,ERR,ERR,ERR,ERR,ERR,ERR,ERR,ERR,ERR,50.0,60.0,100,0.0,0.0,0.0,0.0,0.0,0.0,0.0,0.0,0.0,0.0,0.0,0.0,0.0,0.0,0.0,0.0,61.6,73,14,65513,50,65476,0,300,0,0,8,20529,65476,0,0,26214,60.0,0.0,0.0,0.0,0.0,0.0
2026-05-17T18:49:44,ERR,ERR,ERR,ERR,ERR,ERR,ERR,ERR,ERR,ERR,ERR,ERR,ERR,ERR,ERR,ERR,ERR,ERR,ERR,ERR,ERR,ERR,ERR,ERR,ERR,ERR,ERR,ERR,ERR,ERR,ERR,ERR,ERR,ERR,ERR,ERR,ERR,ERR,ERR,ERR,ERR,ERR,ERR,ERR,ERR,ERR,ERR,ERR,ERR,ERR,ERR,ERR,ERR,ERR,ERR,ERR,ERR,ERR,ERR,ERR,ERR,ERR,ERR,ERR,ERR,ERR,ERR,ERR,ERR,ERR,ERR,ERR,ERR,ERR,ERR,ERR,ERR,ERR,ERR,ERR,ERR,ERR,ERR,ERR,ERR,ERR,ERR,ERR,ERR,ERR,ERR,ERR,ERR,ERR,ERR,ERR,ERR,ERR,ERR,ERR,ERR,ERR,ERR,ERR,ERR,ERR,ERR,ERR,ERR,ERR,ERR,ERR,ERR,ERR,ERR,ERR,ERR,ERR,ERR,ERR,ERR,ERR,ERR,ERR,ERR,0.0,0.0,-134474944.0,0.0,0.0,1.3936040501711995e+18,7.805,0.0,0,0,4,0,8422,0.0,45,0.0,0.0,0.0,0.0,0.0,0,0,0,0,0.0,0,0,0,0,0,0,0,0,0,0,0,0,0,0,0,0,0,0,0,0,0,0,0,0,0,0,0,0,0,0,0,0,0,38,14,7,45,65476,0,300,0,0,8,21553,0.0,-107605600.0,0.0,0.0,0.0,0.0,0.0,0.0,0.0,0.0,0.0,0.0,0.0,0.0,0.0,0.0,0.0,0.0,0.0,0.0,0.0,0.0,2.004,2.004,-0.0,0.0,0.0,0.0,0.0,0.0,4887.0,-2.422986751610777e+24,0.0,0.0,0.0,-107615280.0,2.718429300292151e+23,0.0,0.0,0.0,0.0,53,-0.0,-107614744.0,0.0,0.0,0.0,0.0,0.0,0.0,0.0,0,0,0,0.0,0.0,0.0,0.0,0.0,0.0,0.0,0.0,0.0,0.0,0.0,0.0,0.0,0.0,0.0,0.0,0,-107875648.0,53,0.0,106,-107614832.0,0.0,ERR,ERR,ERR,ERR,ERR,ERR,ERR,ERR,ERR,ERR,ERR,ERR,ERR,ERR,ERR,ERR,ERR,ERR,ERR,ERR,ERR,ERR,ERR,ERR,ERR,ERR,ERR,ERR,ERR,ERR,ERR,ERR,ERR,ERR,ERR,ERR,ERR,ERR,ERR,ERR,ERR,ERR,ERR,ERR,ERR,ERR,ERR,ERR,ERR,ERR,ERR,ERR,ERR,ERR,ERR,ERR,ERR,ERR,ERR,ERR,ERR,ERR,ERR,ERR,ERR,ERR,ERR,50.0,60.0,100,0.0,0.0,0.0,0.0,0.0,0.0,0.0,0.0,0.0,0.0,0.0,0.0,0.0,0.0,0.0,0.0,61.6,73,14,65513,50,65476,0,300,0,0,8,20529,65476,0,0,26214,60.0,0.0,0.0,0.0,0.0,0.0
2026-05-17T18:49:45,ERR,ERR,ERR,ERR,ERR,ERR,ERR,ERR,ERR,ERR,ERR,ERR,ERR,ERR,ERR,ERR,ERR,ERR,ERR,ERR,ERR,ERR,ERR,ERR,ERR,ERR,ERR,ERR,ERR,ERR,ERR,ERR,ERR,ERR,ERR,ERR,ERR,ERR,ERR,ERR,ERR,ERR,ERR,ERR,ERR,ERR,ERR,ERR,ERR,ERR,ERR,ERR,ERR,ERR,ERR,ERR,ERR,ERR,ERR,ERR,ERR,ERR,ERR,ERR,ERR,ERR,ERR,ERR,ERR,ERR,ERR,ERR,ERR,ERR,ERR,ERR,ERR,ERR,ERR,ERR,ERR,ERR,ERR,ERR,ERR,ERR,ERR,ERR,ERR,ERR,ERR,ERR,ERR,ERR,ERR,ERR,ERR,ERR,ERR,ERR,ERR,ERR,ERR,ERR,ERR,ERR,ERR,ERR,ERR,ERR,ERR,ERR,ERR,ERR,ERR,ERR,ERR,ERR,ERR,ERR,ERR,ERR,ERR,ERR,ERR,0.0,0.0,-134474944.0,0.0,0.0,1.3936040501711995e+18,7.805,0.0,0,0,4,0,8422,0.0,45,0.0,0.0,0.0,0.0,0.0,0,0,0,0,0.0,0,0,0,0,0,0,0,0,0,0,0,0,0,0,0,0,0,0,0,0,0,0,0,0,0,0,0,0,0,0,0,0,0,38,14,7,45,65476,0,300,0,0,8,21553,0.0,-107605600.0,0.0,0.0,0.0,0.0,0.0,0.0,0.0,0.0,0.0,0.0,0.0,0.0,0.0,0.0,0.0,0.0,0.0,0.0,0.0,0.0,2.004,2.004,-0.0,0.0,0.0,0.0,0.0,0.0,4886.0,-0.0,0.0,0.0,0.0,-107615280.0,2.718429300292151e+23,0.0,0.0,0.0,0.0,53,5.848083413016271e+35,0.0,0.0,0.0,0.0,0.0,0.0,0.0,0.0,0,0,0,0.0,0.0,0.0,0.0,0.0,0.0,0.0,0.0,0.0,0.0,0.0,0.0,0.0,0.0,0.0,0.0,0,-107875648.0,53,0.0,106,-107614832.0,0.0,ERR,ERR,ERR,ERR,ERR,ERR,ERR,ERR,ERR,ERR,ERR,ERR,ERR,ERR,ERR,ERR,ERR,ERR,ERR,ERR,ERR,ERR,ERR,ERR,ERR,ERR,ERR,ERR,ERR,ERR,ERR,ERR,ERR,ERR,ERR,ERR,ERR,ERR,ERR,ERR,ERR,ERR,ERR,ERR,ERR,ERR,ERR,ERR,ERR,ERR,ERR,ERR,ERR,ERR,ERR,ERR,ERR,ERR,ERR,ERR,ERR,ERR,ERR,ERR,ERR,ERR,ERR,50.0,60.0,100,0.0,0.0,0.0,0.0,0.0,0.0,0.0,0.0,0.0,0.0,0.0,0.0,0.0,0.0,0.0,0.0,61.6,73,14,65513,50,65476,0,300,0,0,8,20529,65476,0,0,26214,60.0,0.0,0.0,0.0,0.0,0.0
2026-05-17T18:49:46,ERR,ERR,ERR,ERR,ERR,ERR,ERR,ERR,ERR,ERR,ERR,ERR,ERR,ERR,ERR,ERR,ERR,ERR,ERR,ERR,ERR,ERR,ERR,ERR,ERR,ERR,ERR,ERR,ERR,ERR,ERR,ERR,ERR,ERR,ERR,ERR,ERR,ERR,ERR,ERR,ERR,ERR,ERR,ERR,ERR,ERR,ERR,ERR,ERR,ERR,ERR,ERR,ERR,ERR,ERR,ERR,ERR,ERR,ERR,ERR,ERR,ERR,ERR,ERR,ERR,ERR,ERR,ERR,ERR,ERR,ERR,ERR,ERR,ERR,ERR,ERR,ERR,ERR,ERR,ERR,ERR,ERR,ERR,ERR,ERR,ERR,ERR,ERR,ERR,ERR,ERR,ERR,ERR,ERR,ERR,ERR,ERR,ERR,ERR,ERR,ERR,ERR,ERR,ERR,ERR,ERR,ERR,ERR,ERR,ERR,ERR,ERR,ERR,ERR,ERR,ERR,ERR,ERR,ERR,ERR,ERR,ERR,ERR,ERR,ERR,0.0,0.0,-134474944.0,0.0,0.0,1.3936040501711995e+18,7.805,0.0,0,0,4,0,8422,0.0,45,0.0,0.0,0.0,0.0,0.0,0,0,0,0,0.0,0,0,0,0,0,0,0,0,0,0,0,0,0,0,0,0,0,0,0,0,0,0,0,0,0,0,0,0,0,0,0,0,0,38,14,7,45,65476,0,300,0,0,8,21553,0.0,-107605600.0,0.0,0.0,0.0,0.0,0.0,0.0,0.0,0.0,0.0,0.0,0.0,0.0,0.0,0.0,0.0,0.0,0.0,0.0,0.0,0.0,2.004,2.004,-0.0,0.0,0.0,0.0,0.0,0.0,4886.0,-0.0,0.0,0.0,0.0,-107615280.0,2.718429300292151e+23,0.0,0.0,0.0,0.0,53,5.848083413016271e+35,0.0,0.0,0.0,0.0,0.0,0.0,0.0,0.0,0,0,0,0.0,0.0,0.0,0.0,0.0,0.0,0.0,0.0,0.0,0.0,0.0,0.0,0.0,0.0,0.0,0.0,0,-107875648.0,53,0.0,106,-107614832.0,0.0,ERR,ERR,ERR,ERR,ERR,ERR,ERR,ERR,ERR,ERR,ERR,ERR,ERR,ERR,ERR,ERR,ERR,ERR,ERR,ERR,ERR,ERR,ERR,ERR,ERR,ERR,ERR,ERR,ERR,ERR,ERR,ERR,ERR,ERR,ERR,ERR,ERR,ERR,ERR,ERR,ERR,ERR,ERR,ERR,ERR,ERR,ERR,ERR,ERR,ERR,ERR,ERR,ERR,ERR,ERR,ERR,ERR,ERR,ERR,ERR,ERR,ERR,ERR,ERR,ERR,ERR,ERR,50.0,60.0,100,0.0,0.0,0.0,0.0,0.0,0.0,0.0,0.0,0.0,0.0,0.0,0.0,0.0,0.0,0.0,0.0,61.6,73,14,65513,50,65476,0,300,0,0,8,20529,65476,0,0,26214,60.0,0.0,0.0,0.0,0.0,0.0
2026-05-17T18:49:47,ERR,ERR,ERR,ERR,ERR,ERR,ERR,ERR,ERR,ERR,ERR,ERR,ERR,ERR,ERR,ERR,ERR,ERR,ERR,ERR,ERR,ERR,ERR,ERR,ERR,ERR,ERR,ERR,ERR,ERR,ERR,ERR,ERR,ERR,ERR,ERR,ERR,ERR,ERR,ERR,ERR,ERR,ERR,ERR,ERR,ERR,ERR,ERR,ERR,ERR,ERR,ERR,ERR,ERR,ERR,ERR,ERR,ERR,ERR,ERR,ERR,ERR,ERR,ERR,ERR,ERR,ERR,ERR,ERR,ERR,ERR,ERR,ERR,ERR,ERR,ERR,ERR,ERR,ERR,ERR,ERR,ERR,ERR,ERR,ERR,ERR,ERR,ERR,ERR,ERR,ERR,ERR,ERR,ERR,ERR,ERR,ERR,ERR,ERR,ERR,ERR,ERR,ERR,ERR,ERR,ERR,ERR,ERR,ERR,ERR,ERR,ERR,ERR,ERR,ERR,ERR,ERR,ERR,ERR,ERR,ERR,ERR,ERR,ERR,ERR,0.0,0.0,-134474944.0,0.0,0.0,1.3936040501711995e+18,7.805,0.0,0,0,4,0,8422,0.0,45,0.0,0.0,0.0,0.0,0.0,0,0,0,0,0.0,0,0,0,0,0,0,0,0,0,0,0,0,0,0,0,0,0,0,0,0,0,0,0,0,0,0,0,0,0,0,0,0,0,38,14,7,45,65476,0,300,0,0,8,21553,0.0,-107605600.0,0.0,0.0,0.0,0.0,0.0,0.0,0.0,0.0,0.0,0.0,0.0,0.0,0.0,0.0,0.0,0.0,0.0,0.0,0.0,0.0,2.004,2.004,-0.0,0.0,0.0,0.0,0.0,0.0,4886.0,-0.0,0.0,0.0,0.0,-107615280.0,2.718429300292151e+23,0.0,0.0,0.0,0.0,53,5.848083413016271e+35,0.0,0.0,0.0,0.0,0.0,0.0,0.0,0.0,0,0,0,0.0,0.0,0.0,0.0,0.0,0.0,0.0,0.0,0.0,0.0,0.0,0.0,0.0,0.0,0.0,0.0,0,-107875648.0,53,0.0,106,-107614832.0,0.0,ERR,ERR,ERR,ERR,ERR,ERR,ERR,ERR,ERR,ERR,ERR,ERR,ERR,ERR,ERR,ERR,ERR,ERR,ERR,ERR,ERR,ERR,ERR,ERR,ERR,ERR,ERR,ERR,ERR,ERR,ERR,ERR,ERR,ERR,ERR,ERR,ERR,ERR,ERR,ERR,ERR,ERR,ERR,ERR,ERR,ERR,ERR,ERR,ERR,ERR,ERR,ERR,ERR,ERR,ERR,ERR,ERR,ERR,ERR,ERR,ERR,ERR,ERR,ERR,ERR,ERR,ERR,50.0,60.0,100,0.0,0.0,0.0,0.0,0.0,0.0,0.0,0.0,0.0,0.0,0.0,0.0,0.0,0.0,0.0,0.0,61.6,73,14,65513,50,65476,0,300,0,0,8,20529,65476,0,0,26214,60.0,0.0,0.0,0.0,0.0,0.0
2026-05-17T18:49:48,ERR,ERR,ERR,ERR,ERR,ERR,ERR,ERR,ERR,ERR,ERR,ERR,ERR,ERR,ERR,ERR,ERR,ERR,ERR,ERR,ERR,ERR,ERR,ERR,ERR,ERR,ERR,ERR,ERR,ERR,ERR,ERR,ERR,ERR,ERR,ERR,ERR,ERR,ERR,ERR,ERR,ERR,ERR,ERR,ERR,ERR,ERR,ERR,ERR,ERR,ERR,ERR,ERR,ERR,ERR,ERR,ERR,ERR,ERR,ERR,ERR,ERR,ERR,ERR,ERR,ERR,ERR,ERR,ERR,ERR,ERR,ERR,ERR,ERR,ERR,ERR,ERR,ERR,ERR,ERR,ERR,ERR,ERR,ERR,ERR,ERR,ERR,ERR,ERR,ERR,ERR,ERR,ERR,ERR,ERR,ERR,ERR,ERR,ERR,ERR,ERR,ERR,ERR,ERR,ERR,ERR,ERR,ERR,ERR,ERR,ERR,ERR,ERR,ERR,ERR,ERR,ERR,ERR,ERR,ERR,ERR,ERR,ERR,ERR,ERR,0.0,0.0,-134474944.0,0.0,0.0,1.3936040501711995e+18,7.805,0.0,0,0,4,0,8422,0.0,45,0.0,0.0,0.0,0.0,0.0,0,0,0,0,0.0,0,0,0,0,0,0,0,0,0,0,0,0,0,0,0,0,0,0,0,0,0,0,0,0,0,0,0,0,0,0,0,0,0,38,14,7,45,65476,0,300,0,0,8,21553,0.0,-107605600.0,0.0,0.0,0.0,0.0,0.0,0.0,0.0,0.0,0.0,0.0,0.0,0.0,0.0,0.0,0.0,0.0,0.0,0.0,0.0,0.0,2.004,2.004,-0.0,0.0,0.0,0.0,0.0,0.0,4886.0,-0.0,0.0,0.0,0.0,-107615280.0,2.718429300292151e+23,0.0,0.0,0.0,0.0,53,5.848083413016271e+35,0.0,0.0,0.0,0.0,0.0,0.0,0.0,0.0,0,0,0,0.0,0.0,0.0,0.0,0.0,0.0,0.0,0.0,0.0,0.0,0.0,0.0,0.0,0.0,0.0,0.0,0,-107875648.0,53,0.0,106,-107614832.0,0.0,ERR,ERR,ERR,ERR,ERR,ERR,ERR,ERR,ERR,ERR,ERR,ERR,ERR,ERR,ERR,ERR,ERR,ERR,ERR,ERR,ERR,ERR,ERR,ERR,ERR,ERR,ERR,ERR,ERR,ERR,ERR,ERR,ERR,ERR,ERR,ERR,ERR,ERR,ERR,ERR,ERR,ERR,ERR,ERR,ERR,ERR,ERR,ERR,ERR,ERR,ERR,ERR,ERR,ERR,ERR,ERR,ERR,ERR,ERR,ERR,ERR,ERR,ERR,ERR,ERR,ERR,ERR,50.0,60.0,100,0.0,0.0,0.0,0.0,0.0,0.0,0.0,0.0,0.0,0.0,0.0,0.0,0.0,0.0,0.0,0.0,61.6,73,14,65513,50,65476,0,300,0,0,8,20529,65476,0,0,26214,60.0,0.0,0.0,0.0,0.0,0.0
2026-05-17T18:49:49,ERR,ERR,ERR,ERR,ERR,ERR,ERR,ERR,ERR,ERR,ERR,ERR,ERR,ERR,ERR,ERR,ERR,ERR,ERR,ERR,ERR,ERR,ERR,ERR,ERR,ERR,ERR,ERR,ERR,ERR,ERR,ERR,ERR,ERR,ERR,ERR,ERR,ERR,ERR,ERR,ERR,ERR,ERR,ERR,ERR,ERR,ERR,ERR,ERR,ERR,ERR,ERR,ERR,ERR,ERR,ERR,ERR,ERR,ERR,ERR,ERR,ERR,ERR,ERR,ERR,ERR,ERR,ERR,ERR,ERR,ERR,ERR,ERR,ERR,ERR,ERR,ERR,ERR,ERR,ERR,ERR,ERR,ERR,ERR,ERR,ERR,ERR,ERR,ERR,ERR,ERR,ERR,ERR,ERR,ERR,ERR,ERR,ERR,ERR,ERR,ERR,ERR,ERR,ERR,ERR,ERR,ERR,ERR,ERR,ERR,ERR,ERR,ERR,ERR,ERR,ERR,ERR,ERR,ERR,ERR,ERR,ERR,ERR,ERR,ERR,0.0,0.0,-134474944.0,0.0,0.0,1.3936040501711995e+18,7.805,0.0,0,0,4,0,8422,0.0,45,0.0,0.0,0.0,0.0,0.0,0,0,0,0,0.0,0,0,0,0,0,0,0,0,0,0,0,0,0,0,0,0,0,0,0,0,0,0,0,0,0,0,0,0,0,0,0,0,0,38,14,7,45,65476,0,300,0,0,8,21553,0.0,-107605600.0,0.0,0.0,0.0,0.0,0.0,0.0,0.0,0.0,0.0,0.0,0.0,0.0,0.0,0.0,0.0,0.0,0.0,0.0,0.0,0.0,2.004,2.004,-0.0,0.0,0.0,0.0,0.0,0.0,4886.0,-0.0,0.0,0.0,0.0,-107615280.0,2.718429300292151e+23,0.0,0.0,0.0,0.0,53,5.848083413016271e+35,0.0,0.0,0.0,0.0,0.0,0.0,0.0,0.0,0,0,0,0.0,0.0,0.0,0.0,0.0,0.0,0.0,0.0,0.0,0.0,0.0,0.0,0.0,0.0,0.0,0.0,0,-107875648.0,53,0.0,106,-107614832.0,0.0,ERR,ERR,ERR,ERR,ERR,ERR,ERR,ERR,ERR,ERR,ERR,ERR,ERR,ERR,ERR,ERR,ERR,ERR,ERR,ERR,ERR,ERR,ERR,ERR,ERR,ERR,ERR,ERR,ERR,ERR,ERR,ERR,ERR,ERR,ERR,ERR,ERR,ERR,ERR,ERR,ERR,ERR,ERR,ERR,ERR,ERR,ERR,ERR,ERR,ERR,ERR,ERR,ERR,ERR,ERR,ERR,ERR,ERR,ERR,ERR,ERR,ERR,ERR,ERR,ERR,ERR,ERR,50.0,60.0,100,0.0,0.0,0.0,0.0,0.0,0.0,0.0,0.0,0.0,0.0,0.0,0.0,0.0,0.0,0.0,0.0,62.0,73,14,65513,50,65476,0,300,0,0,8,20529,65476,0,0,26214,60.0,0.0,0.0,0.0,0.0,0.0
2026-05-17T18:49:50,ERR,ERR,ERR,ERR,ERR,ERR,ERR,ERR,ERR,ERR,ERR,ERR,ERR,ERR,ERR,ERR,ERR,ERR,ERR,ERR,ERR,ERR,ERR,ERR,ERR,ERR,ERR,ERR,ERR,ERR,ERR,ERR,ERR,ERR,ERR,ERR,ERR,ERR,ERR,ERR,ERR,ERR,ERR,ERR,ERR,ERR,ERR,ERR,ERR,ERR,ERR,ERR,ERR,ERR,ERR,ERR,ERR,ERR,ERR,ERR,ERR,ERR,ERR,ERR,ERR,ERR,ERR,ERR,ERR,ERR,ERR,ERR,ERR,ERR,ERR,ERR,ERR,ERR,ERR,ERR,ERR,ERR,ERR,ERR,ERR,ERR,ERR,ERR,ERR,ERR,ERR,ERR,ERR,ERR,ERR,ERR,ERR,ERR,ERR,ERR,ERR,ERR,ERR,ERR,ERR,ERR,ERR,ERR,ERR,ERR,ERR,ERR,ERR,ERR,ERR,ERR,ERR,ERR,ERR,ERR,ERR,ERR,ERR,ERR,ERR,0.0,0.0,-134474944.0,0.0,0.0,1.3936040501711995e+18,7.805,0.0,0,0,4,0,8422,0.0,45,0.0,0.0,0.0,0.0,0.0,0,0,0,0,0.0,0,0,0,0,0,0,0,0,0,0,0,0,0,0,0,0,0,0,0,0,0,0,0,0,0,0,0,0,0,0,0,0,0,38,14,7,45,65476,0,300,0,0,8,21553,0.0,-107605600.0,0.0,0.0,0.0,0.0,0.0,0.0,0.0,0.0,0.0,0.0,0.0,0.0,0.0,0.0,0.0,0.0,0.0,0.0,0.0,0.0,2.004,2.004,-0.0,0.0,0.0,0.0,0.0,0.0,4886.0,0.0,0.0,0.0,0.0,-107615280.0,-0.0,0.0,0.0,0.0,0.0,53,-0.0,-0.0,0.0,0.0,0.0,0.0,0.0,0.0,0.0,0,0,0,0.0,0.0,0.0,0.0,0.0,0.0,0.0,0.0,0.0,0.0,0.0,0.0,0.0,0.0,0.0,0.0,0,-107875648.0,53,0.0,106,-107614832.0,0.0,ERR,ERR,ERR,ERR,ERR,ERR,ERR,ERR,ERR,ERR,ERR,ERR,ERR,ERR,ERR,ERR,ERR,ERR,ERR,ERR,ERR,ERR,ERR,ERR,ERR,ERR,ERR,ERR,ERR,ERR,ERR,ERR,ERR,ERR,ERR,ERR,ERR,ERR,ERR,ERR,ERR,ERR,ERR,ERR,ERR,ERR,ERR,ERR,ERR,ERR,ERR,ERR,ERR,ERR,ERR,ERR,ERR,ERR,ERR,ERR,ERR,ERR,ERR,ERR,ERR,ERR,ERR,50.0,60.0,100,0.0,0.0,0.0,0.0,0.0,0.0,0.0,0.0,0.0,0.0,0.0,0.0,0.0,0.0,0.0,0.0,62.0,73,14,65513,50,65476,0,300,0,0,8,20529,65476,0,0,26214,60.0,0.0,0.0,0.0,0.0,0.0
2026-05-17T18:49:51,ERR,ERR,ERR,ERR,ERR,ERR,ERR,ERR,ERR,ERR,ERR,ERR,ERR,ERR,ERR,ERR,ERR,ERR,ERR,ERR,ERR,ERR,ERR,ERR,ERR,ERR,ERR,ERR,ERR,ERR,ERR,ERR,ERR,ERR,ERR,ERR,ERR,ERR,ERR,ERR,ERR,ERR,ERR,ERR,ERR,ERR,ERR,ERR,ERR,ERR,ERR,ERR,ERR,ERR,ERR,ERR,ERR,ERR,ERR,ERR,ERR,ERR,ERR,ERR,ERR,ERR,ERR,ERR,ERR,ERR,ERR,ERR,ERR,ERR,ERR,ERR,ERR,ERR,ERR,ERR,ERR,ERR,ERR,ERR,ERR,ERR,ERR,ERR,ERR,ERR,ERR,ERR,ERR,ERR,ERR,ERR,ERR,ERR,ERR,ERR,ERR,ERR,ERR,ERR,ERR,ERR,ERR,ERR,ERR,ERR,ERR,ERR,ERR,ERR,ERR,ERR,ERR,ERR,ERR,ERR,ERR,ERR,ERR,ERR,ERR,0.0,0.0,-134474944.0,0.0,0.0,1.3936040501711995e+18,7.805,0.0,0,0,4,0,8422,0.0,45,0.0,0.0,0.0,0.0,0.0,0,0,0,0,0.0,0,0,0,0,0,0,0,0,0,0,0,0,0,0,0,0,0,0,0,0,0,0,0,0,0,0,0,0,0,0,0,0,0,38,14,7,45,65476,0,300,0,0,8,21553,0.0,-107605600.0,0.0,0.0,0.0,0.0,0.0,0.0,0.0,0.0,0.0,0.0,0.0,0.0,0.0,0.0,0.0,0.0,0.0,0.0,0.0,0.0,2.004,2.004,-0.0,0.0,0.0,0.0,0.0,0.0,4886.0,0.0,0.0,0.0,0.0,-107615280.0,-0.0,0.0,0.0,0.0,0.0,53,-0.0,-0.0,0.0,0.0,0.0,0.0,0.0,0.0,0.0,0,0,0,0.0,0.0,0.0,0.0,0.0,0.0,0.0,0.0,0.0,0.0,0.0,0.0,0.0,0.0,0.0,0.0,0,-107875648.0,53,0.0,106,-107614832.0,0.0,ERR,ERR,ERR,ERR,ERR,ERR,ERR,ERR,ERR,ERR,ERR,ERR,ERR,ERR,ERR,ERR,ERR,ERR,ERR,ERR,ERR,ERR,ERR,ERR,ERR,ERR,ERR,ERR,ERR,ERR,ERR,ERR,ERR,ERR,ERR,ERR,ERR,ERR,ERR,ERR,ERR,ERR,ERR,ERR,ERR,ERR,ERR,ERR,ERR,ERR,ERR,ERR,ERR,ERR,ERR,ERR,ERR,ERR,ERR,ERR,ERR,ERR,ERR,ERR,ERR,ERR,ERR,50.0,60.0,100,0.0,0.0,0.0,0.0,0.0,0.0,0.0,0.0,0.0,0.0,0.0,0.0,0.0,0.0,0.0,0.0,62.0,73,14,65513,50,65476,0,300,0,0,8,20529,65476,0,0,26214,60.0,0.0,0.0,0.0,0.0,0.0
2026-05-17T18:49:52,ERR,ERR,ERR,ERR,ERR,ERR,ERR,ERR,ERR,ERR,ERR,ERR,ERR,ERR,ERR,ERR,ERR,ERR,ERR,ERR,ERR,ERR,ERR,ERR,ERR,ERR,ERR,ERR,ERR,ERR,ERR,ERR,ERR,ERR,ERR,ERR,ERR,ERR,ERR,ERR,ERR,ERR,ERR,ERR,ERR,ERR,ERR,ERR,ERR,ERR,ERR,ERR,ERR,ERR,ERR,ERR,ERR,ERR,ERR,ERR,ERR,ERR,ERR,ERR,ERR,ERR,ERR,ERR,ERR,ERR,ERR,ERR,ERR,ERR,ERR,ERR,ERR,ERR,ERR,ERR,ERR,ERR,ERR,ERR,ERR,ERR,ERR,ERR,ERR,ERR,ERR,ERR,ERR,ERR,ERR,ERR,ERR,ERR,ERR,ERR,ERR,ERR,ERR,ERR,ERR,ERR,ERR,ERR,ERR,ERR,ERR,ERR,ERR,ERR,ERR,ERR,ERR,ERR,ERR,ERR,ERR,ERR,ERR,ERR,ERR,0.0,0.0,-134474944.0,0.0,0.0,1.3936040501711995e+18,7.805,0.0,0,0,4,0,8422,0.0,45,0.0,0.0,0.0,0.0,0.0,0,0,0,0,0.0,0,0,0,0,0,0,0,0,0,0,0,0,0,0,0,0,0,0,0,0,0,0,0,0,0,0,0,0,0,0,0,0,0,38,14,7,45,65476,0,300,0,0,8,21553,0.0,-107605600.0,0.0,0.0,0.0,0.0,0.0,0.0,0.0,0.0,0.0,0.0,0.0,0.0,0.0,0.0,0.0,0.0,0.0,0.0,0.0,0.0,2.004,2.004,-0.0,0.0,0.0,0.0,0.0,0.0,4886.0,0.0,0.0,0.0,0.0,-107615280.0,-0.0,0.0,0.0,0.0,0.0,53,-0.0,-0.0,0.0,0.0,0.0,0.0,0.0,0.0,0.0,0,0,0,0.0,0.0,0.0,0.0,0.0,0.0,0.0,0.0,0.0,0.0,0.0,0.0,0.0,0.0,0.0,0.0,0,-107875648.0,53,0.0,106,-107614832.0,0.0,ERR,ERR,ERR,ERR,ERR,ERR,ERR,ERR,ERR,ERR,ERR,ERR,ERR,ERR,ERR,ERR,ERR,ERR,ERR,ERR,ERR,ERR,ERR,ERR,ERR,ERR,ERR,ERR,ERR,ERR,ERR,ERR,ERR,ERR,ERR,ERR,ERR,ERR,ERR,ERR,ERR,ERR,ERR,ERR,ERR,ERR,ERR,ERR,ERR,ERR,ERR,ERR,ERR,ERR,ERR,ERR,ERR,ERR,ERR,ERR,ERR,ERR,ERR,ERR,ERR,ERR,ERR,50.0,60.0,100,0.0,0.0,0.0,0.0,0.0,0.0,0.0,0.0,0.0,0.0,0.0,0.0,0.0,0.0,0.0,0.0,62.0,73,14,65513,50,65476,0,300,0,0,8,20529,65476,0,0,26214,60.0,0.0,0.0,0.0,0.0,0.0
2026-05-17T18:49:53,ERR,ERR,ERR,ERR,ERR,ERR,ERR,ERR,ERR,ERR,ERR,ERR,ERR,ERR,ERR,ERR,ERR,ERR,ERR,ERR,ERR,ERR,ERR,ERR,ERR,ERR,ERR,ERR,ERR,ERR,ERR,ERR,ERR,ERR,ERR,ERR,ERR,ERR,ERR,ERR,ERR,ERR,ERR,ERR,ERR,ERR,ERR,ERR,ERR,ERR,ERR,ERR,ERR,ERR,ERR,ERR,ERR,ERR,ERR,ERR,ERR,ERR,ERR,ERR,ERR,ERR,ERR,ERR,ERR,ERR,ERR,ERR,ERR,ERR,ERR,ERR,ERR,ERR,ERR,ERR,ERR,ERR,ERR,ERR,ERR,ERR,ERR,ERR,ERR,ERR,ERR,ERR,ERR,ERR,ERR,ERR,ERR,ERR,ERR,ERR,ERR,ERR,ERR,ERR,ERR,ERR,ERR,ERR,ERR,ERR,ERR,ERR,ERR,ERR,ERR,ERR,ERR,ERR,ERR,ERR,ERR,ERR,ERR,ERR,ERR,0.0,0.0,-134474944.0,0.0,0.0,1.3936040501711995e+18,7.805,0.0,0,0,4,0,8422,0.0,45,0.0,0.0,0.0,0.0,0.0,0,0,0,0,0.0,0,0,0,0,0,0,0,0,0,0,0,0,0,0,0,0,0,0,0,0,0,0,0,0,0,0,0,0,0,0,0,0,0,38,14,7,45,65476,0,300,0,0,8,21553,0.0,-107605600.0,0.0,0.0,0.0,0.0,0.0,0.0,0.0,0.0,0.0,0.0,0.0,0.0,0.0,0.0,0.0,0.0,0.0,0.0,0.0,0.0,2.004,2.004,-0.0,0.0,0.0,0.0,0.0,0.0,4886.0,0.0,0.0,0.0,0.0,-107615280.0,-0.0,0.0,0.0,0.0,0.0,53,-0.0,-0.0,0.0,0.0,0.0,0.0,0.0,0.0,0.0,0,0,0,0.0,0.0,0.0,0.0,0.0,0.0,0.0,0.0,0.0,0.0,0.0,0.0,0.0,0.0,0.0,0.0,0,-107875648.0,53,0.0,106,-107614832.0,0.0,ERR,ERR,ERR,ERR,ERR,ERR,ERR,ERR,ERR,ERR,ERR,ERR,ERR,ERR,ERR,ERR,ERR,ERR,ERR,ERR,ERR,ERR,ERR,ERR,ERR,ERR,ERR,ERR,ERR,ERR,ERR,ERR,ERR,ERR,ERR,ERR,ERR,ERR,ERR,ERR,ERR,ERR,ERR,ERR,ERR,ERR,ERR,ERR,ERR,ERR,ERR,ERR,ERR,ERR,ERR,ERR,ERR,ERR,ERR,ERR,ERR,ERR,ERR,ERR,ERR,ERR,ERR,50.0,60.0,100,0.0,0.0,0.0,0.0,0.0,0.0,0.0,0.0,0.0,0.0,0.0,0.0,0.0,0.0,0.0,0.0,62.0,73,14,65513,50,65476,0,300,0,0,8,20529,65476,0,0,26214,60.0,0.0,0.0,0.0,0.0,0.0
2026-05-17T18:49:54,ERR,ERR,ERR,ERR,ERR,ERR,ERR,ERR,ERR,ERR,ERR,ERR,ERR,ERR,ERR,ERR,ERR,ERR,ERR,ERR,ERR,ERR,ERR,ERR,ERR,ERR,ERR,ERR,ERR,ERR,ERR,ERR,ERR,ERR,ERR,ERR,ERR,ERR,ERR,ERR,ERR,ERR,ERR,ERR,ERR,ERR,ERR,ERR,ERR,ERR,ERR,ERR,ERR,ERR,ERR,ERR,ERR,ERR,ERR,ERR,ERR,ERR,ERR,ERR,ERR,ERR,ERR,ERR,ERR,ERR,ERR,ERR,ERR,ERR,ERR,ERR,ERR,ERR,ERR,ERR,ERR,ERR,ERR,ERR,ERR,ERR,ERR,ERR,ERR,ERR,ERR,ERR,ERR,ERR,ERR,ERR,ERR,ERR,ERR,ERR,ERR,ERR,ERR,ERR,ERR,ERR,ERR,ERR,ERR,ERR,ERR,ERR,ERR,ERR,ERR,ERR,ERR,ERR,ERR,ERR,ERR,ERR,ERR,ERR,ERR,0.0,0.0,-134474944.0,0.0,0.0,1.3936040501711995e+18,7.805,0.0,0,0,4,0,8422,0.0,45,0.0,0.0,0.0,0.0,0.0,0,0,0,0,0.0,0,0,0,0,0,0,0,0,0,0,0,0,0,0,0,0,0,0,0,0,0,0,0,0,0,0,0,0,0,0,0,0,0,38,14,7,45,65476,0,300,0,0,8,21553,0.0,-107605600.0,0.0,0.0,0.0,0.0,0.0,0.0,0.0,0.0,0.0,0.0,0.0,0.0,0.0,0.0,0.0,0.0,0.0,0.0,0.0,0.0,2.004,2.004,-0.0,0.0,0.0,0.0,0.0,0.0,4886.0,0.0,0.0,0.0,0.0,-107615280.0,-0.0,0.0,0.0,0.0,0.0,53,-0.0,-0.0,0.0,0.0,0.0,0.0,0.0,0.0,0.0,0,0,0,0.0,0.0,0.0,0.0,0.0,0.0,0.0,0.0,0.0,0.0,0.0,0.0,0.0,0.0,0.0,0.0,0,-107875648.0,53,0.0,106,-107614832.0,0.0,ERR,ERR,ERR,ERR,ERR,ERR,ERR,ERR,ERR,ERR,ERR,ERR,ERR,ERR,ERR,ERR,ERR,ERR,ERR,ERR,ERR,ERR,ERR,ERR,ERR,ERR,ERR,ERR,ERR,ERR,ERR,ERR,ERR,ERR,ERR,ERR,ERR,ERR,ERR,ERR,ERR,ERR,ERR,ERR,ERR,ERR,ERR,ERR,ERR,ERR,ERR,ERR,ERR,ERR,ERR,ERR,ERR,ERR,ERR,ERR,ERR,ERR,ERR,ERR,ERR,ERR,ERR,50.0,60.0,100,0.0,0.0,0.0,0.0,0.0,0.0,0.0,0.0,0.0,0.0,0.0,0.0,0.0,0.0,0.0,0.0,61.6,73,14,65513,50,65476,0,300,0,0,8,20529,65476,0,0,26214,60.0,0.0,0.0,0.0,0.0,0.0
2026-05-17T18:49:55,ERR,ERR,ERR,ERR,ERR,ERR,ERR,ERR,ERR,ERR,ERR,ERR,ERR,ERR,ERR,ERR,ERR,ERR,ERR,ERR,ERR,ERR,ERR,ERR,ERR,ERR,ERR,ERR,ERR,ERR,ERR,ERR,ERR,ERR,ERR,ERR,ERR,ERR,ERR,ERR,ERR,ERR,ERR,ERR,ERR,ERR,ERR,ERR,ERR,ERR,ERR,ERR,ERR,ERR,ERR,ERR,ERR,ERR,ERR,ERR,ERR,ERR,ERR,ERR,ERR,ERR,ERR,ERR,ERR,ERR,ERR,ERR,ERR,ERR,ERR,ERR,ERR,ERR,ERR,ERR,ERR,ERR,ERR,ERR,ERR,ERR,ERR,ERR,ERR,ERR,ERR,ERR,ERR,ERR,ERR,ERR,ERR,ERR,ERR,ERR,ERR,ERR,ERR,ERR,ERR,ERR,ERR,ERR,ERR,ERR,ERR,ERR,ERR,ERR,ERR,ERR,ERR,ERR,ERR,ERR,ERR,ERR,ERR,ERR,ERR,0.0,0.0,-134474944.0,0.0,0.0,1.3936040501711995e+18,7.805,0.0,0,0,4,0,8422,0.0,45,0.0,0.0,0.0,0.0,0.0,0,0,0,0,0.0,0,0,0,0,0,0,0,0,0,0,0,0,0,0,0,0,0,0,0,0,0,0,0,0,0,0,0,0,0,0,0,0,0,38,14,7,45,65476,0,300,0,0,8,21553,0.0,-107605600.0,0.0,0.0,0.0,0.0,0.0,0.0,0.0,0.0,0.0,0.0,0.0,0.0,0.0,0.0,0.0,0.0,0.0,0.0,0.0,0.0,2.004,2.004,-0.0,0.0,0.0,0.0,0.0,0.0,4886.0,0.0,0.0,0.0,0.0,-107615280.0,2.718429300292151e+23,0.0,0.0,0.0,0.0,53,-0.0,5.848053306314516e+35,0.0,0.0,0.0,0.0,0.0,0.0,0.0,0,0,0,0.0,0.0,0.0,0.0,0.0,0.0,0.0,0.0,0.0,0.0,0.0,0.0,0.0,0.0,0.0,0.0,0,-107875648.0,53,0.0,106,-107614832.0,0.0,ERR,ERR,ERR,ERR,ERR,ERR,ERR,ERR,ERR,ERR,ERR,ERR,ERR,ERR,ERR,ERR,ERR,ERR,ERR,ERR,ERR,ERR,ERR,ERR,ERR,ERR,ERR,ERR,ERR,ERR,ERR,ERR,ERR,ERR,ERR,ERR,ERR,ERR,ERR,ERR,ERR,ERR,ERR,ERR,ERR,ERR,ERR,ERR,ERR,ERR,ERR,ERR,ERR,ERR,ERR,ERR,ERR,ERR,ERR,ERR,ERR,ERR,ERR,ERR,ERR,ERR,ERR,50.0,60.0,100,0.0,0.0,0.0,0.0,0.0,0.0,0.0,0.0,0.0,0.0,0.0,0.0,0.0,0.0,0.0,0.0,61.6,73,14,65513,50,65476,0,300,0,0,8,20529,65476,0,0,26214,60.0,0.0,0.0,0.0,0.0,0.0
2026-05-17T18:49:56,ERR,ERR,ERR,ERR,ERR,ERR,ERR,ERR,ERR,ERR,ERR,ERR,ERR,ERR,ERR,ERR,ERR,ERR,ERR,ERR,ERR,ERR,ERR,ERR,ERR,ERR,ERR,ERR,ERR,ERR,ERR,ERR,ERR,ERR,ERR,ERR,ERR,ERR,ERR,ERR,ERR,ERR,ERR,ERR,ERR,ERR,ERR,ERR,ERR,ERR,ERR,ERR,ERR,ERR,ERR,ERR,ERR,ERR,ERR,ERR,ERR,ERR,ERR,ERR,ERR,ERR,ERR,ERR,ERR,ERR,ERR,ERR,ERR,ERR,ERR,ERR,ERR,ERR,ERR,ERR,ERR,ERR,ERR,ERR,ERR,ERR,ERR,ERR,ERR,ERR,ERR,ERR,ERR,ERR,ERR,ERR,ERR,ERR,ERR,ERR,ERR,ERR,ERR,ERR,ERR,ERR,ERR,ERR,ERR,ERR,ERR,ERR,ERR,ERR,ERR,ERR,ERR,ERR,ERR,ERR,ERR,ERR,ERR,ERR,ERR,0.0,0.0,-134474944.0,0.0,0.0,1.3936040501711995e+18,7.805,0.0,0,0,4,0,8422,0.0,45,0.0,0.0,0.0,0.0,0.0,0,0,0,0,0.0,0,0,0,0,0,0,0,0,0,0,0,0,0,0,0,0,0,0,0,0,0,0,0,0,0,0,0,0,0,0,0,0,0,38,14,7,45,65476,0,300,0,0,8,21553,0.0,-107605600.0,0.0,0.0,0.0,0.0,0.0,0.0,0.0,0.0,0.0,0.0,0.0,0.0,0.0,0.0,0.0,0.0,0.0,0.0,0.0,0.0,2.004,2.004,-0.0,0.0,0.0,0.0,0.0,0.0,4886.0,0.0,0.0,0.0,0.0,-107615280.0,2.718429300292151e+23,0.0,0.0,0.0,0.0,53,-0.0,5.848053306314516e+35,0.0,0.0,0.0,0.0,0.0,0.0,0.0,0,0,0,0.0,0.0,0.0,0.0,0.0,0.0,0.0,0.0,0.0,0.0,0.0,0.0,0.0,0.0,0.0,0.0,0,-107875648.0,53,0.0,106,-107614832.0,0.0,ERR,ERR,ERR,ERR,ERR,ERR,ERR,ERR,ERR,ERR,ERR,ERR,ERR,ERR,ERR,ERR,ERR,ERR,ERR,ERR,ERR,ERR,ERR,ERR,ERR,ERR,ERR,ERR,ERR,ERR,ERR,ERR,ERR,ERR,ERR,ERR,ERR,ERR,ERR,ERR,ERR,ERR,ERR,ERR,ERR,ERR,ERR,ERR,ERR,ERR,ERR,ERR,ERR,ERR,ERR,ERR,ERR,ERR,ERR,ERR,ERR,ERR,ERR,ERR,ERR,ERR,ERR,50.0,60.0,100,0.0,0.0,0.0,0.0,0.0,0.0,0.0,0.0,0.0,0.0,0.0,0.0,0.0,0.0,0.0,0.0,61.6,73,14,65513,50,65476,0,300,0,0,8,20529,65476,0,0,26214,60.0,0.0,0.0,0.0,0.0,0.0
2026-05-17T18:49:57,ERR,ERR,ERR,ERR,ERR,ERR,ERR,ERR,ERR,ERR,ERR,ERR,ERR,ERR,ERR,ERR,ERR,ERR,ERR,ERR,ERR,ERR,ERR,ERR,ERR,ERR,ERR,ERR,ERR,ERR,ERR,ERR,ERR,ERR,ERR,ERR,ERR,ERR,ERR,ERR,ERR,ERR,ERR,ERR,ERR,ERR,ERR,ERR,ERR,ERR,ERR,ERR,ERR,ERR,ERR,ERR,ERR,ERR,ERR,ERR,ERR,ERR,ERR,ERR,ERR,ERR,ERR,ERR,ERR,ERR,ERR,ERR,ERR,ERR,ERR,ERR,ERR,ERR,ERR,ERR,ERR,ERR,ERR,ERR,ERR,ERR,ERR,ERR,ERR,ERR,ERR,ERR,ERR,ERR,ERR,ERR,ERR,ERR,ERR,ERR,ERR,ERR,ERR,ERR,ERR,ERR,ERR,ERR,ERR,ERR,ERR,ERR,ERR,ERR,ERR,ERR,ERR,ERR,ERR,ERR,ERR,ERR,ERR,ERR,ERR,0.0,0.0,-134474944.0,0.0,0.0,1.3936040501711995e+18,7.805,0.0,0,0,4,0,8422,0.0,45,0.0,0.0,0.0,0.0,0.0,0,0,0,0,0.0,0,0,0,0,0,0,0,0,0,0,0,0,0,0,0,0,0,0,0,0,0,0,0,0,0,0,0,0,0,0,0,0,0,38,14,7,45,65476,0,300,0,0,8,21553,0.0,-107605600.0,0.0,0.0,0.0,0.0,0.0,0.0,0.0,0.0,0.0,0.0,0.0,0.0,0.0,0.0,0.0,0.0,0.0,0.0,0.0,0.0,2.004,2.004,-0.0,0.0,0.0,0.0,0.0,0.0,4886.0,0.0,0.0,0.0,0.0,-107615280.0,2.718429300292151e+23,0.0,0.0,0.0,0.0,53,-0.0,5.848053306314516e+35,0.0,0.0,0.0,0.0,0.0,0.0,0.0,0,0,0,0.0,0.0,0.0,0.0,0.0,0.0,0.0,0.0,0.0,0.0,0.0,0.0,0.0,0.0,0.0,0.0,0,-107875648.0,53,0.0,106,-107614832.0,0.0,ERR,ERR,ERR,ERR,ERR,ERR,ERR,ERR,ERR,ERR,ERR,ERR,ERR,ERR,ERR,ERR,ERR,ERR,ERR,ERR,ERR,ERR,ERR,ERR,ERR,ERR,ERR,ERR,ERR,ERR,ERR,ERR,ERR,ERR,ERR,ERR,ERR,ERR,ERR,ERR,ERR,ERR,ERR,ERR,ERR,ERR,ERR,ERR,ERR,ERR,ERR,ERR,ERR,ERR,ERR,ERR,ERR,ERR,ERR,ERR,ERR,ERR,ERR,ERR,ERR,ERR,ERR,50.0,60.0,100,0.0,0.0,0.0,0.0,0.0,0.0,0.0,0.0,0.0,0.0,0.0,0.0,0.0,0.0,0.0,0.0,62.0,73,14,65513,50,65476,0,300,0,0,8,20529,65476,0,0,26214,60.0,0.0,0.0,0.0,0.0,0.0
2026-05-17T18:49:58,ERR,ERR,ERR,ERR,ERR,ERR,ERR,ERR,ERR,ERR,ERR,ERR,ERR,ERR,ERR,ERR,ERR,ERR,ERR,ERR,ERR,ERR,ERR,ERR,ERR,ERR,ERR,ERR,ERR,ERR,ERR,ERR,ERR,ERR,ERR,ERR,ERR,ERR,ERR,ERR,ERR,ERR,ERR,ERR,ERR,ERR,ERR,ERR,ERR,ERR,ERR,ERR,ERR,ERR,ERR,ERR,ERR,ERR,ERR,ERR,ERR,ERR,ERR,ERR,ERR,ERR,ERR,ERR,ERR,ERR,ERR,ERR,ERR,ERR,ERR,ERR,ERR,ERR,ERR,ERR,ERR,ERR,ERR,ERR,ERR,ERR,ERR,ERR,ERR,ERR,ERR,ERR,ERR,ERR,ERR,ERR,ERR,ERR,ERR,ERR,ERR,ERR,ERR,ERR,ERR,ERR,ERR,ERR,ERR,ERR,ERR,ERR,ERR,ERR,ERR,ERR,ERR,ERR,ERR,ERR,ERR,ERR,ERR,ERR,ERR,0.0,0.0,-134474944.0,0.0,0.0,1.3936040501711995e+18,7.805,0.0,0,0,4,0,8422,0.0,45,0.0,0.0,0.0,0.0,0.0,0,0,0,0,0.0,0,0,0,0,0,0,0,0,0,0,0,0,0,0,0,0,0,0,0,0,0,0,0,0,0,0,0,0,0,0,0,0,0,38,14,7,45,65476,0,300,0,0,8,21553,0.0,-107605600.0,0.0,0.0,0.0,0.0,0.0,0.0,0.0,0.0,0.0,0.0,0.0,0.0,0.0,0.0,0.0,0.0,0.0,0.0,0.0,0.0,2.004,2.004,-0.0,0.0,0.0,0.0,0.0,0.0,4886.0,0.0,0.0,0.0,0.0,-107615280.0,2.718429300292151e+23,0.0,0.0,0.0,0.0,53,-0.0,5.848053306314516e+35,0.0,0.0,0.0,0.0,0.0,0.0,0.0,0,0,0,0.0,0.0,0.0,0.0,0.0,0.0,0.0,0.0,0.0,0.0,0.0,0.0,0.0,0.0,0.0,0.0,0,-107875648.0,53,0.0,106,-107614832.0,0.0,ERR,ERR,ERR,ERR,ERR,ERR,ERR,ERR,ERR,ERR,ERR,ERR,ERR,ERR,ERR,ERR,ERR,ERR,ERR,ERR,ERR,ERR,ERR,ERR,ERR,ERR,ERR,ERR,ERR,ERR,ERR,ERR,ERR,ERR,ERR,ERR,ERR,ERR,ERR,ERR,ERR,ERR,ERR,ERR,ERR,ERR,ERR,ERR,ERR,ERR,ERR,ERR,ERR,ERR,ERR,ERR,ERR,ERR,ERR,ERR,ERR,ERR,ERR,ERR,ERR,ERR,ERR,50.0,60.0,100,0.0,0.0,0.0,0.0,0.0,0.0,0.0,0.0,0.0,0.0,0.0,0.0,0.0,0.0,0.0,0.0,62.0,73,14,65513,50,65476,0,300,0,0,8,20529,65476,0,0,26214,60.0,0.0,0.0,0.0,0.0,0.0
2026-05-17T18:49:59,ERR,ERR,ERR,ERR,ERR,ERR,ERR,ERR,ERR,ERR,ERR,ERR,ERR,ERR,ERR,ERR,ERR,ERR,ERR,ERR,ERR,ERR,ERR,ERR,ERR,ERR,ERR,ERR,ERR,ERR,ERR,ERR,ERR,ERR,ERR,ERR,ERR,ERR,ERR,ERR,ERR,ERR,ERR,ERR,ERR,ERR,ERR,ERR,ERR,ERR,ERR,ERR,ERR,ERR,ERR,ERR,ERR,ERR,ERR,ERR,ERR,ERR,ERR,ERR,ERR,ERR,ERR,ERR,ERR,ERR,ERR,ERR,ERR,ERR,ERR,ERR,ERR,ERR,ERR,ERR,ERR,ERR,ERR,ERR,ERR,ERR,ERR,ERR,ERR,ERR,ERR,ERR,ERR,ERR,ERR,ERR,ERR,ERR,ERR,ERR,ERR,ERR,ERR,ERR,ERR,ERR,ERR,ERR,ERR,ERR,ERR,ERR,ERR,ERR,ERR,ERR,ERR,ERR,ERR,ERR,ERR,ERR,ERR,ERR,ERR,0.0,0.0,-134474944.0,0.0,0.0,1.3936040501711995e+18,7.805,0.0,0,0,4,0,8422,0.0,45,0.0,0.0,0.0,0.0,0.0,0,0,0,0,0.0,0,0,0,0,0,0,0,0,0,0,0,0,0,0,0,0,0,0,0,0,0,0,0,0,0,0,0,0,0,0,0,0,0,38,14,7,45,65476,0,300,0,0,8,21553,0.0,-107605600.0,0.0,0.0,0.0,0.0,0.0,0.0,0.0,0.0,0.0,0.0,0.0,0.0,0.0,0.0,0.0,0.0,0.0,0.0,0.0,0.0,2.004,2.004,-0.0,0.0,0.0,0.0,0.0,0.0,4886.0,0.0,0.0,0.0,0.0,-107615280.0,2.718429300292151e+23,0.0,0.0,0.0,0.0,53,-0.0,5.848053306314516e+35,0.0,0.0,0.0,0.0,0.0,0.0,0.0,0,0,0,0.0,0.0,0.0,0.0,0.0,0.0,0.0,0.0,0.0,0.0,0.0,0.0,0.0,0.0,0.0,0.0,0,-107875648.0,53,0.0,106,-107614832.0,0.0,ERR,ERR,ERR,ERR,ERR,ERR,ERR,ERR,ERR,ERR,ERR,ERR,ERR,ERR,ERR,ERR,ERR,ERR,ERR,ERR,ERR,ERR,ERR,ERR,ERR,ERR,ERR,ERR,ERR,ERR,ERR,ERR,ERR,ERR,ERR,ERR,ERR,ERR,ERR,ERR,ERR,ERR,ERR,ERR,ERR,ERR,ERR,ERR,ERR,ERR,ERR,ERR,ERR,ERR,ERR,ERR,ERR,ERR,ERR,ERR,ERR,ERR,ERR,ERR,ERR,ERR,ERR,50.0,60.0,100,0.0,0.0,0.0,0.0,0.0,0.0,0.0,0.0,0.0,0.0,0.0,0.0,0.0,0.0,0.0,0.0,61.6,73,14,65513,50,65476,0,300,0,0,8,20529,65476,0,0,26214,60.0,0.0,0.0,0.0,0.0,0.0
2026-05-17T18:50:00,ERR,ERR,ERR,ERR,ERR,ERR,ERR,ERR,ERR,ERR,ERR,ERR,ERR,ERR,ERR,ERR,ERR,ERR,ERR,ERR,ERR,ERR,ERR,ERR,ERR,ERR,ERR,ERR,ERR,ERR,ERR,ERR,ERR,ERR,ERR,ERR,ERR,ERR,ERR,ERR,ERR,ERR,ERR,ERR,ERR,ERR,ERR,ERR,ERR,ERR,ERR,ERR,ERR,ERR,ERR,ERR,ERR,ERR,ERR,ERR,ERR,ERR,ERR,ERR,ERR,ERR,ERR,ERR,ERR,ERR,ERR,ERR,ERR,ERR,ERR,ERR,ERR,ERR,ERR,ERR,ERR,ERR,ERR,ERR,ERR,ERR,ERR,ERR,ERR,ERR,ERR,ERR,ERR,ERR,ERR,ERR,ERR,ERR,ERR,ERR,ERR,ERR,ERR,ERR,ERR,ERR,ERR,ERR,ERR,ERR,ERR,ERR,ERR,ERR,ERR,ERR,ERR,ERR,ERR,ERR,ERR,ERR,ERR,ERR,ERR,0.0,0.0,-134474944.0,0.0,0.0,1.3936040501711995e+18,7.805,0.0,0,0,4,0,8422,0.0,45,0.0,0.0,0.0,0.0,0.0,0,0,0,0,0.0,0,0,0,0,0,0,0,0,0,0,0,0,0,0,0,0,0,0,0,0,0,0,0,0,0,0,0,0,0,0,0,0,0,38,14,7,45,65476,0,300,0,0,8,21553,0.0,-107605600.0,0.0,0.0,0.0,0.0,0.0,0.0,0.0,0.0,0.0,0.0,0.0,0.0,0.0,0.0,0.0,0.0,0.0,0.0,0.0,0.0,2.004,2.004,-0.0,0.0,0.0,0.0,0.0,0.0,4856.0,-131350.359,0.0,0.0,0.0,-107615280.0,2.718429300292151e+23,0.0,0.0,0.0,0.0,53,-0.0,126840487936.0,0.0,0.0,0.0,0.0,0.0,0.0,0.0,0,0,0,0.0,0.0,0.0,0.0,0.0,0.0,0.0,0.0,0.0,0.0,0.0,0.0,0.0,0.0,0.0,0.0,0,-107875648.0,53,0.0,106,-107614832.0,0.0,ERR,ERR,ERR,ERR,ERR,ERR,ERR,ERR,ERR,ERR,ERR,ERR,ERR,ERR,ERR,ERR,ERR,ERR,ERR,ERR,ERR,ERR,ERR,ERR,ERR,ERR,ERR,ERR,ERR,ERR,ERR,ERR,ERR,ERR,ERR,ERR,ERR,ERR,ERR,ERR,ERR,ERR,ERR,ERR,ERR,ERR,ERR,ERR,ERR,ERR,ERR,ERR,ERR,ERR,ERR,ERR,ERR,ERR,ERR,ERR,ERR,ERR,ERR,ERR,ERR,ERR,ERR,50.0,60.0,100,0.0,0.0,0.0,0.0,0.0,0.0,0.0,0.0,0.0,0.0,0.0,0.0,0.0,0.0,0.0,0.0,61.6,73,14,65513,50,65476,0,300,0,0,8,20529,65476,0,0,26214,60.0,0.0,0.0,0.0,0.0,0.0
2026-05-17T18:50:01,ERR,ERR,ERR,ERR,ERR,ERR,ERR,ERR,ERR,ERR,ERR,ERR,ERR,ERR,ERR,ERR,ERR,ERR,ERR,ERR,ERR,ERR,ERR,ERR,ERR,ERR,ERR,ERR,ERR,ERR,ERR,ERR,ERR,ERR,ERR,ERR,ERR,ERR,ERR,ERR,ERR,ERR,ERR,ERR,ERR,ERR,ERR,ERR,ERR,ERR,ERR,ERR,ERR,ERR,ERR,ERR,ERR,ERR,ERR,ERR,ERR,ERR,ERR,ERR,ERR,ERR,ERR,ERR,ERR,ERR,ERR,ERR,ERR,ERR,ERR,ERR,ERR,ERR,ERR,ERR,ERR,ERR,ERR,ERR,ERR,ERR,ERR,ERR,ERR,ERR,ERR,ERR,ERR,ERR,ERR,ERR,ERR,ERR,ERR,ERR,ERR,ERR,ERR,ERR,ERR,ERR,ERR,ERR,ERR,ERR,ERR,ERR,ERR,ERR,ERR,ERR,ERR,ERR,ERR,ERR,ERR,ERR,ERR,ERR,ERR,0.0,0.0,-134474944.0,0.0,0.0,1.3936040501711995e+18,7.805,0.0,0,0,4,0,8422,0.0,45,0.0,0.0,0.0,0.0,0.0,0,0,0,0,0.0,0,0,0,0,0,0,0,0,0,0,0,0,0,0,0,0,0,0,0,0,0,0,0,0,0,0,0,0,0,0,0,0,0,38,14,7,45,65476,0,300,0,0,8,21553,0.0,-107605600.0,0.0,0.0,0.0,0.0,0.0,0.0,0.0,0.0,0.0,0.0,0.0,0.0,0.0,0.0,0.0,0.0,0.0,0.0,0.0,0.0,2.004,2.004,-0.0,0.0,0.0,0.0,0.0,0.0,4856.0,-131350.359,0.0,0.0,0.0,-107615280.0,2.718429300292151e+23,0.0,0.0,0.0,0.0,53,-0.0,126840487936.0,0.0,0.0,0.0,0.0,0.0,0.0,0.0,0,0,0,0.0,0.0,0.0,0.0,0.0,0.0,0.0,0.0,0.0,0.0,0.0,0.0,0.0,0.0,0.0,0.0,0,-107875648.0,53,0.0,106,-107614832.0,0.0,ERR,ERR,ERR,ERR,ERR,ERR,ERR,ERR,ERR,ERR,ERR,ERR,ERR,ERR,ERR,ERR,ERR,ERR,ERR,ERR,ERR,ERR,ERR,ERR,ERR,ERR,ERR,ERR,ERR,ERR,ERR,ERR,ERR,ERR,ERR,ERR,ERR,ERR,ERR,ERR,ERR,ERR,ERR,ERR,ERR,ERR,ERR,ERR,ERR,ERR,ERR,ERR,ERR,ERR,ERR,ERR,ERR,ERR,ERR,ERR,ERR,ERR,ERR,ERR,ERR,ERR,ERR,50.0,60.0,100,0.0,0.0,0.0,0.0,0.0,0.0,0.0,0.0,0.0,0.0,0.0,0.0,0.0,0.0,0.0,0.0,62.0,73,14,65513,50,65476,0,300,0,0,8,20529,65476,0,0,26214,60.0,0.0,0.0,0.0,0.0,0.0
2026-05-17T18:50:02,ERR,ERR,ERR,ERR,ERR,ERR,ERR,ERR,ERR,ERR,ERR,ERR,ERR,ERR,ERR,ERR,ERR,ERR,ERR,ERR,ERR,ERR,ERR,ERR,ERR,ERR,ERR,ERR,ERR,ERR,ERR,ERR,ERR,ERR,ERR,ERR,ERR,ERR,ERR,ERR,ERR,ERR,ERR,ERR,ERR,ERR,ERR,ERR,ERR,ERR,ERR,ERR,ERR,ERR,ERR,ERR,ERR,ERR,ERR,ERR,ERR,ERR,ERR,ERR,ERR,ERR,ERR,ERR,ERR,ERR,ERR,ERR,ERR,ERR,ERR,ERR,ERR,ERR,ERR,ERR,ERR,ERR,ERR,ERR,ERR,ERR,ERR,ERR,ERR,ERR,ERR,ERR,ERR,ERR,ERR,ERR,ERR,ERR,ERR,ERR,ERR,ERR,ERR,ERR,ERR,ERR,ERR,ERR,ERR,ERR,ERR,ERR,ERR,ERR,ERR,ERR,ERR,ERR,ERR,ERR,ERR,ERR,ERR,ERR,ERR,0.0,0.0,-134474944.0,0.0,0.0,1.3936040501711995e+18,7.805,0.0,0,0,4,0,8422,0.0,45,0.0,0.0,0.0,0.0,0.0,0,0,0,0,0.0,0,0,0,0,0,0,0,0,0,0,0,0,0,0,0,0,0,0,0,0,0,0,0,0,0,0,0,0,0,0,0,0,0,38,14,7,45,65476,0,300,0,0,8,21553,0.0,-107605600.0,0.0,0.0,0.0,0.0,0.0,0.0,0.0,0.0,0.0,0.0,0.0,0.0,0.0,0.0,0.0,0.0,0.0,0.0,0.0,0.0,2.004,2.004,-0.0,0.0,0.0,0.0,0.0,0.0,4856.0,-131350.359,0.0,0.0,0.0,-107615280.0,2.718429300292151e+23,0.0,0.0,0.0,0.0,53,-0.0,126840487936.0,0.0,0.0,0.0,0.0,0.0,0.0,0.0,0,0,0,0.0,0.0,0.0,0.0,0.0,0.0,0.0,0.0,0.0,0.0,0.0,0.0,0.0,0.0,0.0,0.0,0,-107875648.0,53,0.0,106,-107614832.0,0.0,ERR,ERR,ERR,ERR,ERR,ERR,ERR,ERR,ERR,ERR,ERR,ERR,ERR,ERR,ERR,ERR,ERR,ERR,ERR,ERR,ERR,ERR,ERR,ERR,ERR,ERR,ERR,ERR,ERR,ERR,ERR,ERR,ERR,ERR,ERR,ERR,ERR,ERR,ERR,ERR,ERR,ERR,ERR,ERR,ERR,ERR,ERR,ERR,ERR,ERR,ERR,ERR,ERR,ERR,ERR,ERR,ERR,ERR,ERR,ERR,ERR,ERR,ERR,ERR,ERR,ERR,ERR,50.0,60.0,100,0.0,0.0,0.0,0.0,0.0,0.0,0.0,0.0,0.0,0.0,0.0,0.0,0.0,0.0,0.0,0.0,62.0,73,14,65513,50,65476,0,300,0,0,8,20529,65476,0,0,26214,60.0,0.0,0.0,0.0,0.0,0.0
2026-05-17T18:50:03,ERR,ERR,ERR,ERR,ERR,ERR,ERR,ERR,ERR,ERR,ERR,ERR,ERR,ERR,ERR,ERR,ERR,ERR,ERR,ERR,ERR,ERR,ERR,ERR,ERR,ERR,ERR,ERR,ERR,ERR,ERR,ERR,ERR,ERR,ERR,ERR,ERR,ERR,ERR,ERR,ERR,ERR,ERR,ERR,ERR,ERR,ERR,ERR,ERR,ERR,ERR,ERR,ERR,ERR,ERR,ERR,ERR,ERR,ERR,ERR,ERR,ERR,ERR,ERR,ERR,ERR,ERR,ERR,ERR,ERR,ERR,ERR,ERR,ERR,ERR,ERR,ERR,ERR,ERR,ERR,ERR,ERR,ERR,ERR,ERR,ERR,ERR,ERR,ERR,ERR,ERR,ERR,ERR,ERR,ERR,ERR,ERR,ERR,ERR,ERR,ERR,ERR,ERR,ERR,ERR,ERR,ERR,ERR,ERR,ERR,ERR,ERR,ERR,ERR,ERR,ERR,ERR,ERR,ERR,ERR,ERR,ERR,ERR,ERR,ERR,0.0,0.0,-134474944.0,0.0,0.0,1.3936040501711995e+18,7.805,0.0,0,0,4,0,8422,0.0,45,0.0,0.0,0.0,0.0,0.0,0,0,0,0,0.0,0,0,0,0,0,0,0,0,0,0,0,0,0,0,0,0,0,0,0,0,0,0,0,0,0,0,0,0,0,0,0,0,0,38,14,7,45,65476,0,300,0,0,8,21553,0.0,-107605600.0,0.0,0.0,0.0,0.0,0.0,0.0,0.0,0.0,0.0,0.0,0.0,0.0,0.0,0.0,0.0,0.0,0.0,0.0,0.0,0.0,2.004,2.004,-0.0,0.0,0.0,0.0,0.0,0.0,4856.0,-131350.359,0.0,0.0,0.0,-107615280.0,2.718429300292151e+23,0.0,0.0,0.0,0.0,53,-0.0,126840487936.0,0.0,0.0,0.0,0.0,0.0,0.0,0.0,0,0,0,0.0,0.0,0.0,0.0,0.0,0.0,0.0,0.0,0.0,0.0,0.0,0.0,0.0,0.0,0.0,0.0,0,-107875648.0,53,0.0,106,-107614832.0,0.0,ERR,ERR,ERR,ERR,ERR,ERR,ERR,ERR,ERR,ERR,ERR,ERR,ERR,ERR,ERR,ERR,ERR,ERR,ERR,ERR,ERR,ERR,ERR,ERR,ERR,ERR,ERR,ERR,ERR,ERR,ERR,ERR,ERR,ERR,ERR,ERR,ERR,ERR,ERR,ERR,ERR,ERR,ERR,ERR,ERR,ERR,ERR,ERR,ERR,ERR,ERR,ERR,ERR,ERR,ERR,ERR,ERR,ERR,ERR,ERR,ERR,ERR,ERR,ERR,ERR,ERR,ERR,50.0,60.0,100,0.0,0.0,0.0,0.0,0.0,0.0,0.0,0.0,0.0,0.0,0.0,0.0,0.0,0.0,0.0,0.0,61.6,73,14,65513,50,65476,0,300,0,0,8,20529,65476,0,0,26214,60.0,0.0,0.0,0.0,0.0,0.0
2026-05-17T18:50:04,ERR,ERR,ERR,ERR,ERR,ERR,ERR,ERR,ERR,ERR,ERR,ERR,ERR,ERR,ERR,ERR,ERR,ERR,ERR,ERR,ERR,ERR,ERR,ERR,ERR,ERR,ERR,ERR,ERR,ERR,ERR,ERR,ERR,ERR,ERR,ERR,ERR,ERR,ERR,ERR,ERR,ERR,ERR,ERR,ERR,ERR,ERR,ERR,ERR,ERR,ERR,ERR,ERR,ERR,ERR,ERR,ERR,ERR,ERR,ERR,ERR,ERR,ERR,ERR,ERR,ERR,ERR,ERR,ERR,ERR,ERR,ERR,ERR,ERR,ERR,ERR,ERR,ERR,ERR,ERR,ERR,ERR,ERR,ERR,ERR,ERR,ERR,ERR,ERR,ERR,ERR,ERR,ERR,ERR,ERR,ERR,ERR,ERR,ERR,ERR,ERR,ERR,ERR,ERR,ERR,ERR,ERR,ERR,ERR,ERR,ERR,ERR,ERR,ERR,ERR,ERR,ERR,ERR,ERR,ERR,ERR,ERR,ERR,ERR,ERR,0.0,0.0,-134474944.0,0.0,0.0,1.3936040501711995e+18,7.805,0.0,0,0,4,0,8422,0.0,45,0.0,0.0,0.0,0.0,0.0,0,0,0,0,0.0,0,0,0,0,0,0,0,0,0,0,0,0,0,0,0,0,0,0,0,0,0,0,0,0,0,0,0,0,0,0,0,0,0,38,14,7,45,65476,0,300,0,0,8,21553,0.0,-107605600.0,0.0,0.0,0.0,0.0,0.0,0.0,0.0,0.0,0.0,0.0,0.0,0.0,0.0,0.0,0.0,0.0,0.0,0.0,0.0,0.0,2.004,2.004,-0.0,0.0,0.0,0.0,0.0,0.0,4856.0,-131350.359,0.0,0.0,0.0,-107615280.0,2.718429300292151e+23,0.0,0.0,0.0,0.0,53,-0.0,126840487936.0,0.0,0.0,0.0,0.0,0.0,0.0,0.0,0,0,0,0.0,0.0,0.0,0.0,0.0,0.0,0.0,0.0,0.0,0.0,0.0,0.0,0.0,0.0,0.0,0.0,0,-107875648.0,53,0.0,106,-107614832.0,0.0,ERR,ERR,ERR,ERR,ERR,ERR,ERR,ERR,ERR,ERR,ERR,ERR,ERR,ERR,ERR,ERR,ERR,ERR,ERR,ERR,ERR,ERR,ERR,ERR,ERR,ERR,ERR,ERR,ERR,ERR,ERR,ERR,ERR,ERR,ERR,ERR,ERR,ERR,ERR,ERR,ERR,ERR,ERR,ERR,ERR,ERR,ERR,ERR,ERR,ERR,ERR,ERR,ERR,ERR,ERR,ERR,ERR,ERR,ERR,ERR,ERR,ERR,ERR,ERR,ERR,ERR,ERR,50.0,60.0,100,0.0,0.0,0.0,0.0,0.0,0.0,0.0,0.0,0.0,0.0,0.0,0.0,0.0,0.0,0.0,0.0,62.0,73,14,65513,50,65476,0,300,0,0,8,20529,65476,0,0,26214,60.0,0.0,0.0,0.0,0.0,0.0
2026-05-17T18:50:05,ERR,ERR,ERR,ERR,ERR,ERR,ERR,ERR,ERR,ERR,ERR,ERR,ERR,ERR,ERR,ERR,ERR,ERR,ERR,ERR,ERR,ERR,ERR,ERR,ERR,ERR,ERR,ERR,ERR,ERR,ERR,ERR,ERR,ERR,ERR,ERR,ERR,ERR,ERR,ERR,ERR,ERR,ERR,ERR,ERR,ERR,ERR,ERR,ERR,ERR,ERR,ERR,ERR,ERR,ERR,ERR,ERR,ERR,ERR,ERR,ERR,ERR,ERR,ERR,ERR,ERR,ERR,ERR,ERR,ERR,ERR,ERR,ERR,ERR,ERR,ERR,ERR,ERR,ERR,ERR,ERR,ERR,ERR,ERR,ERR,ERR,ERR,ERR,ERR,ERR,ERR,ERR,ERR,ERR,ERR,ERR,ERR,ERR,ERR,ERR,ERR,ERR,ERR,ERR,ERR,ERR,ERR,ERR,ERR,ERR,ERR,ERR,ERR,ERR,ERR,ERR,ERR,ERR,ERR,ERR,ERR,ERR,ERR,ERR,ERR,0.0,0.0,-134474944.0,0.0,0.0,1.3936040501711995e+18,7.805,0.0,0,0,4,0,8422,0.0,45,0.0,0.0,0.0,0.0,0.0,0,0,0,0,0.0,0,0,0,0,0,0,0,0,0,0,0,0,0,0,0,0,0,0,0,0,0,0,0,0,0,0,0,0,0,0,0,0,0,38,14,7,45,65476,0,300,0,0,8,21553,0.0,-107605600.0,0.0,0.0,0.0,0.0,0.0,0.0,0.0,0.0,0.0,0.0,0.0,0.0,0.0,0.0,0.0,0.0,0.0,0.0,0.0,0.0,2.004,2.004,-0.0,0.0,0.0,0.0,0.0,0.0,4856.0,-131350.359,0.0,0.0,0.0,-107615280.0,2.718429300292151e+23,0.0,0.0,0.0,0.0,53,-0.0,5.848053306314516e+35,0.0,0.0,0.0,0.0,0.0,0.0,0.0,0,0,0,0.0,0.0,0.0,0.0,0.0,0.0,0.0,0.0,0.0,0.0,0.0,0.0,0.0,0.0,0.0,0.0,0,-107875648.0,53,0.0,106,-107614832.0,0.0,ERR,ERR,ERR,ERR,ERR,ERR,ERR,ERR,ERR,ERR,ERR,ERR,ERR,ERR,ERR,ERR,ERR,ERR,ERR,ERR,ERR,ERR,ERR,ERR,ERR,ERR,ERR,ERR,ERR,ERR,ERR,ERR,ERR,ERR,ERR,ERR,ERR,ERR,ERR,ERR,ERR,ERR,ERR,ERR,ERR,ERR,ERR,ERR,ERR,ERR,ERR,ERR,ERR,ERR,ERR,ERR,ERR,ERR,ERR,ERR,ERR,ERR,ERR,ERR,ERR,ERR,ERR,50.0,60.0,100,0.0,0.0,0.0,0.0,0.0,0.0,0.0,0.0,0.0,0.0,0.0,0.0,0.0,0.0,0.0,0.0,62.0,73,14,65513,50,65476,0,300,0,0,8,20529,65476,0,0,26214,60.0,0.0,0.0,0.0,0.0,0.0
2026-05-17T18:50:06,ERR,ERR,ERR,ERR,ERR,ERR,ERR,ERR,ERR,ERR,ERR,ERR,ERR,ERR,ERR,ERR,ERR,ERR,ERR,ERR,ERR,ERR,ERR,ERR,ERR,ERR,ERR,ERR,ERR,ERR,ERR,ERR,ERR,ERR,ERR,ERR,ERR,ERR,ERR,ERR,ERR,ERR,ERR,ERR,ERR,ERR,ERR,ERR,ERR,ERR,ERR,ERR,ERR,ERR,ERR,ERR,ERR,ERR,ERR,ERR,ERR,ERR,ERR,ERR,ERR,ERR,ERR,ERR,ERR,ERR,ERR,ERR,ERR,ERR,ERR,ERR,ERR,ERR,ERR,ERR,ERR,ERR,ERR,ERR,ERR,ERR,ERR,ERR,ERR,ERR,ERR,ERR,ERR,ERR,ERR,ERR,ERR,ERR,ERR,ERR,ERR,ERR,ERR,ERR,ERR,ERR,ERR,ERR,ERR,ERR,ERR,ERR,ERR,ERR,ERR,ERR,ERR,ERR,ERR,ERR,ERR,ERR,ERR,ERR,ERR,0.0,0.0,-134474944.0,0.0,0.0,1.3936040501711995e+18,7.805,0.0,0,0,4,0,8422,0.0,45,0.0,0.0,0.0,0.0,0.0,0,0,0,0,0.0,0,0,0,0,0,0,0,0,0,0,0,0,0,0,0,0,0,0,0,0,0,0,0,0,0,0,0,0,0,0,0,0,0,38,14,7,45,65476,0,300,0,0,8,21553,0.0,-107605600.0,0.0,0.0,0.0,0.0,0.0,0.0,0.0,0.0,0.0,0.0,0.0,0.0,0.0,0.0,0.0,0.0,0.0,0.0,0.0,0.0,2.004,2.004,-0.0,0.0,0.0,0.0,0.0,0.0,4856.0,-131350.359,0.0,0.0,0.0,-107615280.0,2.718429300292151e+23,0.0,0.0,0.0,0.0,53,-0.0,5.848053306314516e+35,0.0,0.0,0.0,0.0,0.0,0.0,0.0,0,0,0,0.0,0.0,0.0,0.0,0.0,0.0,0.0,0.0,0.0,0.0,0.0,0.0,0.0,0.0,0.0,0.0,0,-107875648.0,53,0.0,106,-107614832.0,0.0,ERR,ERR,ERR,ERR,ERR,ERR,ERR,ERR,ERR,ERR,ERR,ERR,ERR,ERR,ERR,ERR,ERR,ERR,ERR,ERR,ERR,ERR,ERR,ERR,ERR,ERR,ERR,ERR,ERR,ERR,ERR,ERR,ERR,ERR,ERR,ERR,ERR,ERR,ERR,ERR,ERR,ERR,ERR,ERR,ERR,ERR,ERR,ERR,ERR,ERR,ERR,ERR,ERR,ERR,ERR,ERR,ERR,ERR,ERR,ERR,ERR,ERR,ERR,ERR,ERR,ERR,ERR,50.0,60.0,100,0.0,0.0,0.0,0.0,0.0,0.0,0.0,0.0,0.0,0.0,0.0,0.0,0.0,0.0,0.0,0.0,61.6,73,14,65513,50,65476,0,300,0,0,8,20529,65476,0,0,26214,60.0,0.0,0.0,0.0,0.0,0.0
2026-05-17T18:50:07,ERR,ERR,ERR,ERR,ERR,ERR,ERR,ERR,ERR,ERR,ERR,ERR,ERR,ERR,ERR,ERR,ERR,ERR,ERR,ERR,ERR,ERR,ERR,ERR,ERR,ERR,ERR,ERR,ERR,ERR,ERR,ERR,ERR,ERR,ERR,ERR,ERR,ERR,ERR,ERR,ERR,ERR,ERR,ERR,ERR,ERR,ERR,ERR,ERR,ERR,ERR,ERR,ERR,ERR,ERR,ERR,ERR,ERR,ERR,ERR,ERR,ERR,ERR,ERR,ERR,ERR,ERR,ERR,ERR,ERR,ERR,ERR,ERR,ERR,ERR,ERR,ERR,ERR,ERR,ERR,ERR,ERR,ERR,ERR,ERR,ERR,ERR,ERR,ERR,ERR,ERR,ERR,ERR,ERR,ERR,ERR,ERR,ERR,ERR,ERR,ERR,ERR,ERR,ERR,ERR,ERR,ERR,ERR,ERR,ERR,ERR,ERR,ERR,ERR,ERR,ERR,ERR,ERR,ERR,ERR,ERR,ERR,ERR,ERR,ERR,0.0,0.0,-134474944.0,0.0,0.0,1.3936040501711995e+18,7.805,0.0,0,0,4,0,8422,0.0,45,0.0,0.0,0.0,0.0,0.0,0,0,0,0,0.0,0,0,0,0,0,0,0,0,0,0,0,0,0,0,0,0,0,0,0,0,0,0,0,0,0,0,0,0,0,0,0,0,0,38,14,7,45,65476,0,300,0,0,8,21553,0.0,-107605600.0,0.0,0.0,0.0,0.0,0.0,0.0,0.0,0.0,0.0,0.0,0.0,0.0,0.0,0.0,0.0,0.0,0.0,0.0,0.0,0.0,2.004,2.004,-0.0,0.0,0.0,0.0,0.0,0.0,4856.0,-131350.359,0.0,0.0,0.0,-107615280.0,2.718429300292151e+23,0.0,0.0,0.0,0.0,53,-0.0,5.848053306314516e+35,0.0,0.0,0.0,0.0,0.0,0.0,0.0,0,0,0,0.0,0.0,0.0,0.0,0.0,0.0,0.0,0.0,0.0,0.0,0.0,0.0,0.0,0.0,0.0,0.0,0,-107875648.0,53,0.0,106,-107614832.0,0.0,ERR,ERR,ERR,ERR,ERR,ERR,ERR,ERR,ERR,ERR,ERR,ERR,ERR,ERR,ERR,ERR,ERR,ERR,ERR,ERR,ERR,ERR,ERR,ERR,ERR,ERR,ERR,ERR,ERR,ERR,ERR,ERR,ERR,ERR,ERR,ERR,ERR,ERR,ERR,ERR,ERR,ERR,ERR,ERR,ERR,ERR,ERR,ERR,ERR,ERR,ERR,ERR,ERR,ERR,ERR,ERR,ERR,ERR,ERR,ERR,ERR,ERR,ERR,ERR,ERR,ERR,ERR,50.0,60.0,100,0.0,0.0,0.0,0.0,0.0,0.0,0.0,0.0,0.0,0.0,0.0,0.0,0.0,0.0,0.0,0.0,61.6,73,14,65513,50,65476,0,300,0,0,8,20529,65476,0,0,26214,60.0,0.0,0.0,0.0,0.0,0.0
2026-05-17T18:50:08,ERR,ERR,ERR,ERR,ERR,ERR,ERR,ERR,ERR,ERR,ERR,ERR,ERR,ERR,ERR,ERR,ERR,ERR,ERR,ERR,ERR,ERR,ERR,ERR,ERR,ERR,ERR,ERR,ERR,ERR,ERR,ERR,ERR,ERR,ERR,ERR,ERR,ERR,ERR,ERR,ERR,ERR,ERR,ERR,ERR,ERR,ERR,ERR,ERR,ERR,ERR,ERR,ERR,ERR,ERR,ERR,ERR,ERR,ERR,ERR,ERR,ERR,ERR,ERR,ERR,ERR,ERR,ERR,ERR,ERR,ERR,ERR,ERR,ERR,ERR,ERR,ERR,ERR,ERR,ERR,ERR,ERR,ERR,ERR,ERR,ERR,ERR,ERR,ERR,ERR,ERR,ERR,ERR,ERR,ERR,ERR,ERR,ERR,ERR,ERR,ERR,ERR,ERR,ERR,ERR,ERR,ERR,ERR,ERR,ERR,ERR,ERR,ERR,ERR,ERR,ERR,ERR,ERR,ERR,ERR,ERR,ERR,ERR,ERR,ERR,0.0,0.0,-134474944.0,0.0,0.0,1.3936040501711995e+18,7.805,0.0,0,0,4,0,8422,0.0,45,0.0,0.0,0.0,0.0,0.0,0,0,0,0,0.0,0,0,0,0,0,0,0,0,0,0,0,0,0,0,0,0,0,0,0,0,0,0,0,0,0,0,0,0,0,0,0,0,0,38,14,7,45,65476,0,300,0,0,8,21553,0.0,-107605600.0,0.0,0.0,0.0,0.0,0.0,0.0,0.0,0.0,0.0,0.0,0.0,0.0,0.0,0.0,0.0,0.0,0.0,0.0,0.0,0.0,2.004,2.004,-0.0,0.0,0.0,0.0,0.0,0.0,4856.0,-131350.359,0.0,0.0,0.0,-107615280.0,2.718429300292151e+23,0.0,0.0,0.0,0.0,53,-0.0,5.848053306314516e+35,0.0,0.0,0.0,0.0,0.0,0.0,0.0,0,0,0,0.0,0.0,0.0,0.0,0.0,0.0,0.0,0.0,0.0,0.0,0.0,0.0,0.0,0.0,0.0,0.0,0,-107875648.0,53,0.0,106,-107614832.0,0.0,ERR,ERR,ERR,ERR,ERR,ERR,ERR,ERR,ERR,ERR,ERR,ERR,ERR,ERR,ERR,ERR,ERR,ERR,ERR,ERR,ERR,ERR,ERR,ERR,ERR,ERR,ERR,ERR,ERR,ERR,ERR,ERR,ERR,ERR,ERR,ERR,ERR,ERR,ERR,ERR,ERR,ERR,ERR,ERR,ERR,ERR,ERR,ERR,ERR,ERR,ERR,ERR,ERR,ERR,ERR,ERR,ERR,ERR,ERR,ERR,ERR,ERR,ERR,ERR,ERR,ERR,ERR,50.0,60.0,100,0.0,0.0,0.0,0.0,0.0,0.0,0.0,0.0,0.0,0.0,0.0,0.0,0.0,0.0,0.0,0.0,61.6,73,14,65513,50,65476,0,300,0,0,8,20529,65476,0,0,26214,60.0,0.0,0.0,0.0,0.0,0.0
2026-05-17T18:50:09,ERR,ERR,ERR,ERR,ERR,ERR,ERR,ERR,ERR,ERR,ERR,ERR,ERR,ERR,ERR,ERR,ERR,ERR,ERR,ERR,ERR,ERR,ERR,ERR,ERR,ERR,ERR,ERR,ERR,ERR,ERR,ERR,ERR,ERR,ERR,ERR,ERR,ERR,ERR,ERR,ERR,ERR,ERR,ERR,ERR,ERR,ERR,ERR,ERR,ERR,ERR,ERR,ERR,ERR,ERR,ERR,ERR,ERR,ERR,ERR,ERR,ERR,ERR,ERR,ERR,ERR,ERR,ERR,ERR,ERR,ERR,ERR,ERR,ERR,ERR,ERR,ERR,ERR,ERR,ERR,ERR,ERR,ERR,ERR,ERR,ERR,ERR,ERR,ERR,ERR,ERR,ERR,ERR,ERR,ERR,ERR,ERR,ERR,ERR,ERR,ERR,ERR,ERR,ERR,ERR,ERR,ERR,ERR,ERR,ERR,ERR,ERR,ERR,ERR,ERR,ERR,ERR,ERR,ERR,ERR,ERR,ERR,ERR,ERR,ERR,0.0,0.0,-134474944.0,0.0,0.0,1.3936040501711995e+18,7.805,0.0,0,0,4,0,8422,0.0,45,0.0,0.0,0.0,0.0,0.0,0,0,0,0,0.0,0,0,0,0,0,0,0,0,0,0,0,0,0,0,0,0,0,0,0,0,0,0,0,0,0,0,0,0,0,0,0,0,0,38,14,7,45,65476,0,300,0,0,8,21553,0.0,-107605600.0,0.0,0.0,0.0,0.0,0.0,0.0,0.0,0.0,0.0,0.0,0.0,0.0,0.0,0.0,0.0,0.0,0.0,0.0,0.0,0.0,2.004,2.004,-0.0,0.0,0.0,0.0,0.0,0.0,4856.0,-131350.359,0.0,0.0,0.0,-107615280.0,2.718429300292151e+23,0.0,0.0,0.0,0.0,53,-0.0,5.848053306314516e+35,0.0,0.0,0.0,0.0,0.0,0.0,0.0,0,0,0,0.0,0.0,0.0,0.0,0.0,0.0,0.0,0.0,0.0,0.0,0.0,0.0,0.0,0.0,0.0,0.0,0,-107875648.0,53,0.0,106,-107614832.0,0.0,ERR,ERR,ERR,ERR,ERR,ERR,ERR,ERR,ERR,ERR,ERR,ERR,ERR,ERR,ERR,ERR,ERR,ERR,ERR,ERR,ERR,ERR,ERR,ERR,ERR,ERR,ERR,ERR,ERR,ERR,ERR,ERR,ERR,ERR,ERR,ERR,ERR,ERR,ERR,ERR,ERR,ERR,ERR,ERR,ERR,ERR,ERR,ERR,ERR,ERR,ERR,ERR,ERR,ERR,ERR,ERR,ERR,ERR,ERR,ERR,ERR,ERR,ERR,ERR,ERR,ERR,ERR,50.0,60.0,100,0.0,0.0,0.0,0.0,0.0,0.0,0.0,0.0,0.0,0.0,0.0,0.0,0.0,0.0,0.0,0.0,61.6,73,14,65513,50,65476,0,300,0,0,8,20529,65476,0,0,26214,60.0,0.0,0.0,0.0,0.0,0.0
2026-05-17T18:50:10,ERR,ERR,ERR,ERR,ERR,ERR,ERR,ERR,ERR,ERR,ERR,ERR,ERR,ERR,ERR,ERR,ERR,ERR,ERR,ERR,ERR,ERR,ERR,ERR,ERR,ERR,ERR,ERR,ERR,ERR,ERR,ERR,ERR,ERR,ERR,ERR,ERR,ERR,ERR,ERR,ERR,ERR,ERR,ERR,ERR,ERR,ERR,ERR,ERR,ERR,ERR,ERR,ERR,ERR,ERR,ERR,ERR,ERR,ERR,ERR,ERR,ERR,ERR,ERR,ERR,ERR,ERR,ERR,ERR,ERR,ERR,ERR,ERR,ERR,ERR,ERR,ERR,ERR,ERR,ERR,ERR,ERR,ERR,ERR,ERR,ERR,ERR,ERR,ERR,ERR,ERR,ERR,ERR,ERR,ERR,ERR,ERR,ERR,ERR,ERR,ERR,ERR,ERR,ERR,ERR,ERR,ERR,ERR,ERR,ERR,ERR,ERR,ERR,ERR,ERR,ERR,ERR,ERR,ERR,ERR,ERR,ERR,ERR,ERR,ERR,0.0,0.0,-134474944.0,0.0,0.0,1.3936040501711995e+18,7.805,0.0,0,0,4,0,8422,0.0,45,0.0,0.0,0.0,0.0,0.0,0,0,0,0,0.0,0,0,0,0,0,0,0,0,0,0,0,0,0,0,0,0,0,0,0,0,0,0,0,0,0,0,0,0,0,0,0,0,0,38,14,7,45,65476,0,300,0,0,8,21553,0.0,-107605600.0,0.0,0.0,0.0,0.0,0.0,0.0,0.0,0.0,0.0,0.0,0.0,0.0,0.0,0.0,0.0,0.0,0.0,0.0,0.0,0.0,2.004,2.004,-0.0,0.0,0.0,0.0,0.0,0.0,4883.0,0.0,0.0,0.0,0.0,-107615280.0,2.718429300292151e+23,0.0,0.0,0.0,0.0,53,4.950428597886765e+32,-0.0,0.0,0.0,0.0,0.0,0.0,0.0,0.0,0,0,0,0.0,0.0,0.0,0.0,0.0,0.0,0.0,0.0,0.0,0.0,0.0,0.0,0.0,0.0,0.0,0.0,0,-107875648.0,53,0.0,106,-107614832.0,0.0,ERR,ERR,ERR,ERR,ERR,ERR,ERR,ERR,ERR,ERR,ERR,ERR,ERR,ERR,ERR,ERR,ERR,ERR,ERR,ERR,ERR,ERR,ERR,ERR,ERR,ERR,ERR,ERR,ERR,ERR,ERR,ERR,ERR,ERR,ERR,ERR,ERR,ERR,ERR,ERR,ERR,ERR,ERR,ERR,ERR,ERR,ERR,ERR,ERR,ERR,ERR,ERR,ERR,ERR,ERR,ERR,ERR,ERR,ERR,ERR,ERR,ERR,ERR,ERR,ERR,ERR,ERR,50.0,60.0,100,0.0,0.0,0.0,0.0,0.0,0.0,0.0,0.0,0.0,0.0,0.0,0.0,0.0,0.0,0.0,0.0,61.6,73,14,65513,50,65476,0,300,0,0,8,20529,65476,0,0,26214,60.0,0.0,0.0,0.0,0.0,0.0
2026-05-17T18:50:11,ERR,ERR,ERR,ERR,ERR,ERR,ERR,ERR,ERR,ERR,ERR,ERR,ERR,ERR,ERR,ERR,ERR,ERR,ERR,ERR,ERR,ERR,ERR,ERR,ERR,ERR,ERR,ERR,ERR,ERR,ERR,ERR,ERR,ERR,ERR,ERR,ERR,ERR,ERR,ERR,ERR,ERR,ERR,ERR,ERR,ERR,ERR,ERR,ERR,ERR,ERR,ERR,ERR,ERR,ERR,ERR,ERR,ERR,ERR,ERR,ERR,ERR,ERR,ERR,ERR,ERR,ERR,ERR,ERR,ERR,ERR,ERR,ERR,ERR,ERR,ERR,ERR,ERR,ERR,ERR,ERR,ERR,ERR,ERR,ERR,ERR,ERR,ERR,ERR,ERR,ERR,ERR,ERR,ERR,ERR,ERR,ERR,ERR,ERR,ERR,ERR,ERR,ERR,ERR,ERR,ERR,ERR,ERR,ERR,ERR,ERR,ERR,ERR,ERR,ERR,ERR,ERR,ERR,ERR,ERR,ERR,ERR,ERR,ERR,ERR,0.0,0.0,-134474944.0,0.0,0.0,1.3936040501711995e+18,7.805,0.0,0,0,4,0,8422,0.0,45,0.0,0.0,0.0,0.0,0.0,0,0,0,0,0.0,0,0,0,0,0,0,0,0,0,0,0,0,0,0,0,0,0,0,0,0,0,0,0,0,0,0,0,0,0,0,0,0,0,38,14,7,45,65476,0,300,0,0,8,21553,0.0,-107605600.0,0.0,0.0,0.0,0.0,0.0,0.0,0.0,0.0,0.0,0.0,0.0,0.0,0.0,0.0,0.0,0.0,0.0,0.0,0.0,0.0,2.004,2.004,-0.0,0.0,0.0,0.0,0.0,0.0,4883.0,0.0,0.0,0.0,0.0,-107615280.0,2.718429300292151e+23,0.0,0.0,0.0,0.0,53,4.950428597886765e+32,-0.0,0.0,0.0,0.0,0.0,0.0,0.0,0.0,0,0,0,0.0,0.0,0.0,0.0,0.0,0.0,0.0,0.0,0.0,0.0,0.0,0.0,0.0,0.0,0.0,0.0,0,-107875648.0,53,0.0,106,-107614832.0,0.0,ERR,ERR,ERR,ERR,ERR,ERR,ERR,ERR,ERR,ERR,ERR,ERR,ERR,ERR,ERR,ERR,ERR,ERR,ERR,ERR,ERR,ERR,ERR,ERR,ERR,ERR,ERR,ERR,ERR,ERR,ERR,ERR,ERR,ERR,ERR,ERR,ERR,ERR,ERR,ERR,ERR,ERR,ERR,ERR,ERR,ERR,ERR,ERR,ERR,ERR,ERR,ERR,ERR,ERR,ERR,ERR,ERR,ERR,ERR,ERR,ERR,ERR,ERR,ERR,ERR,ERR,ERR,50.0,60.0,100,0.0,0.0,0.0,0.0,0.0,0.0,0.0,0.0,0.0,0.0,0.0,0.0,0.0,0.0,0.0,0.0,62.0,73,14,65513,50,65476,0,300,0,0,8,20529,65476,0,0,26214,60.0,0.0,0.0,0.0,0.0,0.0
2026-05-17T18:50:12,ERR,ERR,ERR,ERR,ERR,ERR,ERR,ERR,ERR,ERR,ERR,ERR,ERR,ERR,ERR,ERR,ERR,ERR,ERR,ERR,ERR,ERR,ERR,ERR,ERR,ERR,ERR,ERR,ERR,ERR,ERR,ERR,ERR,ERR,ERR,ERR,ERR,ERR,ERR,ERR,ERR,ERR,ERR,ERR,ERR,ERR,ERR,ERR,ERR,ERR,ERR,ERR,ERR,ERR,ERR,ERR,ERR,ERR,ERR,ERR,ERR,ERR,ERR,ERR,ERR,ERR,ERR,ERR,ERR,ERR,ERR,ERR,ERR,ERR,ERR,ERR,ERR,ERR,ERR,ERR,ERR,ERR,ERR,ERR,ERR,ERR,ERR,ERR,ERR,ERR,ERR,ERR,ERR,ERR,ERR,ERR,ERR,ERR,ERR,ERR,ERR,ERR,ERR,ERR,ERR,ERR,ERR,ERR,ERR,ERR,ERR,ERR,ERR,ERR,ERR,ERR,ERR,ERR,ERR,ERR,ERR,ERR,ERR,ERR,ERR,0.0,0.0,-134474944.0,0.0,0.0,1.3936040501711995e+18,7.805,0.0,0,0,4,0,8422,0.0,45,0.0,0.0,0.0,0.0,0.0,0,0,0,0,0.0,0,0,0,0,0,0,0,0,0,0,0,0,0,0,0,0,0,0,0,0,0,0,0,0,0,0,0,0,0,0,0,0,0,38,14,7,45,65476,0,300,0,0,8,21553,0.0,-107605600.0,0.0,0.0,0.0,0.0,0.0,0.0,0.0,0.0,0.0,0.0,0.0,0.0,0.0,0.0,0.0,0.0,0.0,0.0,0.0,0.0,2.004,2.004,-0.0,0.0,0.0,0.0,0.0,0.0,4883.0,0.0,0.0,0.0,0.0,-107615280.0,2.718429300292151e+23,0.0,0.0,0.0,0.0,53,4.950428597886765e+32,-0.0,0.0,0.0,0.0,0.0,0.0,0.0,0.0,0,0,0,0.0,0.0,0.0,0.0,0.0,0.0,0.0,0.0,0.0,0.0,0.0,0.0,0.0,0.0,0.0,0.0,0,-107875648.0,53,0.0,106,-107614832.0,0.0,ERR,ERR,ERR,ERR,ERR,ERR,ERR,ERR,ERR,ERR,ERR,ERR,ERR,ERR,ERR,ERR,ERR,ERR,ERR,ERR,ERR,ERR,ERR,ERR,ERR,ERR,ERR,ERR,ERR,ERR,ERR,ERR,ERR,ERR,ERR,ERR,ERR,ERR,ERR,ERR,ERR,ERR,ERR,ERR,ERR,ERR,ERR,ERR,ERR,ERR,ERR,ERR,ERR,ERR,ERR,ERR,ERR,ERR,ERR,ERR,ERR,ERR,ERR,ERR,ERR,ERR,ERR,50.0,60.0,100,0.0,0.0,0.0,0.0,0.0,0.0,0.0,0.0,0.0,0.0,0.0,0.0,0.0,0.0,0.0,0.0,62.0,73,14,65513,50,65476,0,300,0,0,8,20529,65476,0,0,26214,60.0,0.0,0.0,0.0,0.0,0.0
2026-05-17T18:50:13,ERR,ERR,ERR,ERR,ERR,ERR,ERR,ERR,ERR,ERR,ERR,ERR,ERR,ERR,ERR,ERR,ERR,ERR,ERR,ERR,ERR,ERR,ERR,ERR,ERR,ERR,ERR,ERR,ERR,ERR,ERR,ERR,ERR,ERR,ERR,ERR,ERR,ERR,ERR,ERR,ERR,ERR,ERR,ERR,ERR,ERR,ERR,ERR,ERR,ERR,ERR,ERR,ERR,ERR,ERR,ERR,ERR,ERR,ERR,ERR,ERR,ERR,ERR,ERR,ERR,ERR,ERR,ERR,ERR,ERR,ERR,ERR,ERR,ERR,ERR,ERR,ERR,ERR,ERR,ERR,ERR,ERR,ERR,ERR,ERR,ERR,ERR,ERR,ERR,ERR,ERR,ERR,ERR,ERR,ERR,ERR,ERR,ERR,ERR,ERR,ERR,ERR,ERR,ERR,ERR,ERR,ERR,ERR,ERR,ERR,ERR,ERR,ERR,ERR,ERR,ERR,ERR,ERR,ERR,ERR,ERR,ERR,ERR,ERR,ERR,0.0,0.0,-134474944.0,0.0,0.0,1.3936040501711995e+18,7.805,0.0,0,0,4,0,8422,0.0,45,0.0,0.0,0.0,0.0,0.0,0,0,0,0,0.0,0,0,0,0,0,0,0,0,0,0,0,0,0,0,0,0,0,0,0,0,0,0,0,0,0,0,0,0,0,0,0,0,0,38,14,7,45,65476,0,300,0,0,8,21553,0.0,-107605600.0,0.0,0.0,0.0,0.0,0.0,0.0,0.0,0.0,0.0,0.0,0.0,0.0,0.0,0.0,0.0,0.0,0.0,0.0,0.0,0.0,2.004,2.004,-0.0,0.0,0.0,0.0,0.0,0.0,4883.0,0.0,0.0,0.0,0.0,-107615280.0,2.718429300292151e+23,0.0,0.0,0.0,0.0,53,4.950428597886765e+32,-0.0,0.0,0.0,0.0,0.0,0.0,0.0,0.0,0,0,0,0.0,0.0,0.0,0.0,0.0,0.0,0.0,0.0,0.0,0.0,0.0,0.0,0.0,0.0,0.0,0.0,0,-107875648.0,53,0.0,106,-107614832.0,0.0,ERR,ERR,ERR,ERR,ERR,ERR,ERR,ERR,ERR,ERR,ERR,ERR,ERR,ERR,ERR,ERR,ERR,ERR,ERR,ERR,ERR,ERR,ERR,ERR,ERR,ERR,ERR,ERR,ERR,ERR,ERR,ERR,ERR,ERR,ERR,ERR,ERR,ERR,ERR,ERR,ERR,ERR,ERR,ERR,ERR,ERR,ERR,ERR,ERR,ERR,ERR,ERR,ERR,ERR,ERR,ERR,ERR,ERR,ERR,ERR,ERR,ERR,ERR,ERR,ERR,ERR,ERR,50.0,60.0,100,0.0,0.0,0.0,0.0,0.0,0.0,0.0,0.0,0.0,0.0,0.0,0.0,0.0,0.0,0.0,0.0,61.6,73,14,65513,50,65476,0,300,0,0,8,20529,65476,0,0,26214,60.0,0.0,0.0,0.0,0.0,0.0
2026-05-17T18:50:14,ERR,ERR,ERR,ERR,ERR,ERR,ERR,ERR,ERR,ERR,ERR,ERR,ERR,ERR,ERR,ERR,ERR,ERR,ERR,ERR,ERR,ERR,ERR,ERR,ERR,ERR,ERR,ERR,ERR,ERR,ERR,ERR,ERR,ERR,ERR,ERR,ERR,ERR,ERR,ERR,ERR,ERR,ERR,ERR,ERR,ERR,ERR,ERR,ERR,ERR,ERR,ERR,ERR,ERR,ERR,ERR,ERR,ERR,ERR,ERR,ERR,ERR,ERR,ERR,ERR,ERR,ERR,ERR,ERR,ERR,ERR,ERR,ERR,ERR,ERR,ERR,ERR,ERR,ERR,ERR,ERR,ERR,ERR,ERR,ERR,ERR,ERR,ERR,ERR,ERR,ERR,ERR,ERR,ERR,ERR,ERR,ERR,ERR,ERR,ERR,ERR,ERR,ERR,ERR,ERR,ERR,ERR,ERR,ERR,ERR,ERR,ERR,ERR,ERR,ERR,ERR,ERR,ERR,ERR,ERR,ERR,ERR,ERR,ERR,ERR,0.0,0.0,-134474944.0,0.0,0.0,1.3936040501711995e+18,7.805,0.0,0,0,4,0,8422,0.0,45,0.0,0.0,0.0,0.0,0.0,0,0,0,0,0.0,0,0,0,0,0,0,0,0,0,0,0,0,0,0,0,0,0,0,0,0,0,0,0,0,0,0,0,0,0,0,0,0,0,38,14,7,45,65476,0,300,0,0,8,21553,0.0,-107605600.0,0.0,0.0,0.0,0.0,0.0,0.0,0.0,0.0,0.0,0.0,0.0,0.0,0.0,0.0,0.0,0.0,0.0,0.0,0.0,0.0,2.004,2.004,-0.0,0.0,0.0,0.0,0.0,0.0,4883.0,0.0,0.0,0.0,0.0,-107615280.0,2.718429300292151e+23,0.0,0.0,0.0,0.0,53,4.950428597886765e+32,-0.0,0.0,0.0,0.0,0.0,0.0,0.0,0.0,0,0,0,0.0,0.0,0.0,0.0,0.0,0.0,0.0,0.0,0.0,0.0,0.0,0.0,0.0,0.0,0.0,0.0,0,-107875648.0,53,0.0,106,-107614832.0,0.0,ERR,ERR,ERR,ERR,ERR,ERR,ERR,ERR,ERR,ERR,ERR,ERR,ERR,ERR,ERR,ERR,ERR,ERR,ERR,ERR,ERR,ERR,ERR,ERR,ERR,ERR,ERR,ERR,ERR,ERR,ERR,ERR,ERR,ERR,ERR,ERR,ERR,ERR,ERR,ERR,ERR,ERR,ERR,ERR,ERR,ERR,ERR,ERR,ERR,ERR,ERR,ERR,ERR,ERR,ERR,ERR,ERR,ERR,ERR,ERR,ERR,ERR,ERR,ERR,ERR,ERR,ERR,50.0,60.0,100,0.0,0.0,0.0,0.0,0.0,0.0,0.0,0.0,0.0,0.0,0.0,0.0,0.0,0.0,0.0,0.0,61.6,73,14,65513,50,65476,0,300,0,0,8,20529,65476,0,0,26214,60.0,0.0,0.0,0.0,0.0,0.0
2026-05-17T18:50:15,ERR,ERR,ERR,ERR,ERR,ERR,ERR,ERR,ERR,ERR,ERR,ERR,ERR,ERR,ERR,ERR,ERR,ERR,ERR,ERR,ERR,ERR,ERR,ERR,ERR,ERR,ERR,ERR,ERR,ERR,ERR,ERR,ERR,ERR,ERR,ERR,ERR,ERR,ERR,ERR,ERR,ERR,ERR,ERR,ERR,ERR,ERR,ERR,ERR,ERR,ERR,ERR,ERR,ERR,ERR,ERR,ERR,ERR,ERR,ERR,ERR,ERR,ERR,ERR,ERR,ERR,ERR,ERR,ERR,ERR,ERR,ERR,ERR,ERR,ERR,ERR,ERR,ERR,ERR,ERR,ERR,ERR,ERR,ERR,ERR,ERR,ERR,ERR,ERR,ERR,ERR,ERR,ERR,ERR,ERR,ERR,ERR,ERR,ERR,ERR,ERR,ERR,ERR,ERR,ERR,ERR,ERR,ERR,ERR,ERR,ERR,ERR,ERR,ERR,ERR,ERR,ERR,ERR,ERR,ERR,ERR,ERR,ERR,ERR,ERR,0.0,0.0,-134474944.0,0.0,0.0,1.3936040501711995e+18,7.805,0.0,0,0,4,0,8422,0.0,45,0.0,0.0,0.0,0.0,0.0,0,0,0,0,0.0,0,0,0,0,0,0,0,0,0,0,0,0,0,0,0,0,0,0,0,0,0,0,0,0,0,0,0,0,0,0,0,0,0,38,14,7,45,65476,0,300,0,0,8,21553,0.0,-107605600.0,0.0,0.0,0.0,0.0,0.0,0.0,0.0,0.0,0.0,0.0,0.0,0.0,0.0,0.0,0.0,0.0,0.0,0.0,0.0,0.0,2.004,2.004,-0.0,0.0,0.0,0.0,0.0,0.0,4882.0,0.0,0.0,0.0,0.0,-107615280.0,2.718429300292151e+23,0.0,0.0,0.0,0.0,53,-0.0,-0.0,0.0,0.0,0.0,0.0,0.0,0.0,0.0,0,0,0,0.0,0.0,0.0,0.0,0.0,0.0,0.0,0.0,0.0,0.0,0.0,0.0,0.0,0.0,0.0,0.0,0,-107875648.0,53,0.0,106,-107614832.0,0.0,ERR,ERR,ERR,ERR,ERR,ERR,ERR,ERR,ERR,ERR,ERR,ERR,ERR,ERR,ERR,ERR,ERR,ERR,ERR,ERR,ERR,ERR,ERR,ERR,ERR,ERR,ERR,ERR,ERR,ERR,ERR,ERR,ERR,ERR,ERR,ERR,ERR,ERR,ERR,ERR,ERR,ERR,ERR,ERR,ERR,ERR,ERR,ERR,ERR,ERR,ERR,ERR,ERR,ERR,ERR,ERR,ERR,ERR,ERR,ERR,ERR,ERR,ERR,ERR,ERR,ERR,ERR,50.0,60.0,100,0.0,0.0,0.0,0.0,0.0,0.0,0.0,0.0,0.0,0.0,0.0,0.0,0.0,0.0,0.0,0.0,61.6,73,14,65513,50,65476,0,300,0,0,8,20529,65476,0,0,26214,60.0,0.0,0.0,0.0,0.0,0.0
2026-05-17T18:50:16,ERR,ERR,ERR,ERR,ERR,ERR,ERR,ERR,ERR,ERR,ERR,ERR,ERR,ERR,ERR,ERR,ERR,ERR,ERR,ERR,ERR,ERR,ERR,ERR,ERR,ERR,ERR,ERR,ERR,ERR,ERR,ERR,ERR,ERR,ERR,ERR,ERR,ERR,ERR,ERR,ERR,ERR,ERR,ERR,ERR,ERR,ERR,ERR,ERR,ERR,ERR,ERR,ERR,ERR,ERR,ERR,ERR,ERR,ERR,ERR,ERR,ERR,ERR,ERR,ERR,ERR,ERR,ERR,ERR,ERR,ERR,ERR,ERR,ERR,ERR,ERR,ERR,ERR,ERR,ERR,ERR,ERR,ERR,ERR,ERR,ERR,ERR,ERR,ERR,ERR,ERR,ERR,ERR,ERR,ERR,ERR,ERR,ERR,ERR,ERR,ERR,ERR,ERR,ERR,ERR,ERR,ERR,ERR,ERR,ERR,ERR,ERR,ERR,ERR,ERR,ERR,ERR,ERR,ERR,ERR,ERR,ERR,ERR,ERR,ERR,0.0,0.0,-134474944.0,0.0,0.0,1.3936040501711995e+18,7.805,0.0,0,0,4,0,8422,0.0,45,0.0,0.0,0.0,0.0,0.0,0,0,0,0,0.0,0,0,0,0,0,0,0,0,0,0,0,0,0,0,0,0,0,0,0,0,0,0,0,0,0,0,0,0,0,0,0,0,0,38,14,7,45,65476,0,300,0,0,8,21553,0.0,-107605600.0,0.0,0.0,0.0,0.0,0.0,0.0,0.0,0.0,0.0,0.0,0.0,0.0,0.0,0.0,0.0,0.0,0.0,0.0,0.0,0.0,2.004,2.004,-0.0,0.0,0.0,0.0,0.0,0.0,4882.0,0.0,0.0,0.0,0.0,-107615280.0,2.718429300292151e+23,0.0,0.0,0.0,0.0,53,-0.0,-0.0,0.0,0.0,0.0,0.0,0.0,0.0,0.0,0,0,0,0.0,0.0,0.0,0.0,0.0,0.0,0.0,0.0,0.0,0.0,0.0,0.0,0.0,0.0,0.0,0.0,0,-107875648.0,53,0.0,106,-107614832.0,0.0,ERR,ERR,ERR,ERR,ERR,ERR,ERR,ERR,ERR,ERR,ERR,ERR,ERR,ERR,ERR,ERR,ERR,ERR,ERR,ERR,ERR,ERR,ERR,ERR,ERR,ERR,ERR,ERR,ERR,ERR,ERR,ERR,ERR,ERR,ERR,ERR,ERR,ERR,ERR,ERR,ERR,ERR,ERR,ERR,ERR,ERR,ERR,ERR,ERR,ERR,ERR,ERR,ERR,ERR,ERR,ERR,ERR,ERR,ERR,ERR,ERR,ERR,ERR,ERR,ERR,ERR,ERR,50.0,60.0,100,0.0,0.0,0.0,0.0,0.0,0.0,0.0,0.0,0.0,0.0,0.0,0.0,0.0,0.0,0.0,0.0,61.6,73,14,65513,50,65476,0,300,0,0,8,20529,65476,0,0,26214,60.0,0.0,0.0,0.0,0.0,0.0
2026-05-17T18:50:17,ERR,ERR,ERR,ERR,ERR,ERR,ERR,ERR,ERR,ERR,ERR,ERR,ERR,ERR,ERR,ERR,ERR,ERR,ERR,ERR,ERR,ERR,ERR,ERR,ERR,ERR,ERR,ERR,ERR,ERR,ERR,ERR,ERR,ERR,ERR,ERR,ERR,ERR,ERR,ERR,ERR,ERR,ERR,ERR,ERR,ERR,ERR,ERR,ERR,ERR,ERR,ERR,ERR,ERR,ERR,ERR,ERR,ERR,ERR,ERR,ERR,ERR,ERR,ERR,ERR,ERR,ERR,ERR,ERR,ERR,ERR,ERR,ERR,ERR,ERR,ERR,ERR,ERR,ERR,ERR,ERR,ERR,ERR,ERR,ERR,ERR,ERR,ERR,ERR,ERR,ERR,ERR,ERR,ERR,ERR,ERR,ERR,ERR,ERR,ERR,ERR,ERR,ERR,ERR,ERR,ERR,ERR,ERR,ERR,ERR,ERR,ERR,ERR,ERR,ERR,ERR,ERR,ERR,ERR,ERR,ERR,ERR,ERR,ERR,ERR,0.0,0.0,-134474944.0,0.0,0.0,1.3936040501711995e+18,7.805,0.0,0,0,4,0,8422,0.0,45,0.0,0.0,0.0,0.0,0.0,0,0,0,0,0.0,0,0,0,0,0,0,0,0,0,0,0,0,0,0,0,0,0,0,0,0,0,0,0,0,0,0,0,0,0,0,0,0,0,38,14,7,45,65476,0,300,0,0,8,21553,0.0,-107605600.0,0.0,0.0,0.0,0.0,0.0,0.0,0.0,0.0,0.0,0.0,0.0,0.0,0.0,0.0,0.0,0.0,0.0,0.0,0.0,0.0,2.004,2.004,-0.0,0.0,0.0,0.0,0.0,0.0,4882.0,0.0,0.0,0.0,0.0,-107615280.0,2.718429300292151e+23,0.0,0.0,0.0,0.0,53,-0.0,-0.0,0.0,0.0,0.0,0.0,0.0,0.0,0.0,0,0,0,0.0,0.0,0.0,0.0,0.0,0.0,0.0,0.0,0.0,0.0,0.0,0.0,0.0,0.0,0.0,0.0,0,-107875648.0,53,0.0,106,-107614832.0,0.0,ERR,ERR,ERR,ERR,ERR,ERR,ERR,ERR,ERR,ERR,ERR,ERR,ERR,ERR,ERR,ERR,ERR,ERR,ERR,ERR,ERR,ERR,ERR,ERR,ERR,ERR,ERR,ERR,ERR,ERR,ERR,ERR,ERR,ERR,ERR,ERR,ERR,ERR,ERR,ERR,ERR,ERR,ERR,ERR,ERR,ERR,ERR,ERR,ERR,ERR,ERR,ERR,ERR,ERR,ERR,ERR,ERR,ERR,ERR,ERR,ERR,ERR,ERR,ERR,ERR,ERR,ERR,50.0,60.0,100,0.0,0.0,0.0,0.0,0.0,0.0,0.0,0.0,0.0,0.0,0.0,0.0,0.0,0.0,0.0,0.0,62.0,73,14,65513,50,65476,0,300,0,0,8,20529,65476,0,0,26214,60.0,0.0,0.0,0.0,0.0,0.0
2026-05-17T18:50:18,ERR,ERR,ERR,ERR,ERR,ERR,ERR,ERR,ERR,ERR,ERR,ERR,ERR,ERR,ERR,ERR,ERR,ERR,ERR,ERR,ERR,ERR,ERR,ERR,ERR,ERR,ERR,ERR,ERR,ERR,ERR,ERR,ERR,ERR,ERR,ERR,ERR,ERR,ERR,ERR,ERR,ERR,ERR,ERR,ERR,ERR,ERR,ERR,ERR,ERR,ERR,ERR,ERR,ERR,ERR,ERR,ERR,ERR,ERR,ERR,ERR,ERR,ERR,ERR,ERR,ERR,ERR,ERR,ERR,ERR,ERR,ERR,ERR,ERR,ERR,ERR,ERR,ERR,ERR,ERR,ERR,ERR,ERR,ERR,ERR,ERR,ERR,ERR,ERR,ERR,ERR,ERR,ERR,ERR,ERR,ERR,ERR,ERR,ERR,ERR,ERR,ERR,ERR,ERR,ERR,ERR,ERR,ERR,ERR,ERR,ERR,ERR,ERR,ERR,ERR,ERR,ERR,ERR,ERR,ERR,ERR,ERR,ERR,ERR,ERR,0.0,0.0,-134474944.0,0.0,0.0,1.3936040501711995e+18,7.805,0.0,0,0,4,0,8422,0.0,45,0.0,0.0,0.0,0.0,0.0,0,0,0,0,0.0,0,0,0,0,0,0,0,0,0,0,0,0,0,0,0,0,0,0,0,0,0,0,0,0,0,0,0,0,0,0,0,0,0,38,14,7,45,65476,0,300,0,0,8,21553,0.0,-107605600.0,0.0,0.0,0.0,0.0,0.0,0.0,0.0,0.0,0.0,0.0,0.0,0.0,0.0,0.0,0.0,0.0,0.0,0.0,0.0,0.0,2.004,2.004,-0.0,0.0,0.0,0.0,0.0,0.0,4882.0,0.0,0.0,0.0,0.0,-107615280.0,2.718429300292151e+23,0.0,0.0,0.0,0.0,53,-0.0,-0.0,0.0,0.0,0.0,0.0,0.0,0.0,0.0,0,0,0,0.0,0.0,0.0,0.0,0.0,0.0,0.0,0.0,0.0,0.0,0.0,0.0,0.0,0.0,0.0,0.0,0,-107875648.0,53,0.0,106,-107614832.0,0.0,ERR,ERR,ERR,ERR,ERR,ERR,ERR,ERR,ERR,ERR,ERR,ERR,ERR,ERR,ERR,ERR,ERR,ERR,ERR,ERR,ERR,ERR,ERR,ERR,ERR,ERR,ERR,ERR,ERR,ERR,ERR,ERR,ERR,ERR,ERR,ERR,ERR,ERR,ERR,ERR,ERR,ERR,ERR,ERR,ERR,ERR,ERR,ERR,ERR,ERR,ERR,ERR,ERR,ERR,ERR,ERR,ERR,ERR,ERR,ERR,ERR,ERR,ERR,ERR,ERR,ERR,ERR,50.0,60.0,100,0.0,0.0,0.0,0.0,0.0,0.0,0.0,0.0,0.0,0.0,0.0,0.0,0.0,0.0,0.0,0.0,61.6,73,14,65513,50,65476,0,300,0,0,8,20529,65476,0,0,26214,60.0,0.0,0.0,0.0,0.0,0.0
2026-05-17T18:50:19,ERR,ERR,ERR,ERR,ERR,ERR,ERR,ERR,ERR,ERR,ERR,ERR,ERR,ERR,ERR,ERR,ERR,ERR,ERR,ERR,ERR,ERR,ERR,ERR,ERR,ERR,ERR,ERR,ERR,ERR,ERR,ERR,ERR,ERR,ERR,ERR,ERR,ERR,ERR,ERR,ERR,ERR,ERR,ERR,ERR,ERR,ERR,ERR,ERR,ERR,ERR,ERR,ERR,ERR,ERR,ERR,ERR,ERR,ERR,ERR,ERR,ERR,ERR,ERR,ERR,ERR,ERR,ERR,ERR,ERR,ERR,ERR,ERR,ERR,ERR,ERR,ERR,ERR,ERR,ERR,ERR,ERR,ERR,ERR,ERR,ERR,ERR,ERR,ERR,ERR,ERR,ERR,ERR,ERR,ERR,ERR,ERR,ERR,ERR,ERR,ERR,ERR,ERR,ERR,ERR,ERR,ERR,ERR,ERR,ERR,ERR,ERR,ERR,ERR,ERR,ERR,ERR,ERR,ERR,ERR,ERR,ERR,ERR,ERR,ERR,0.0,0.0,-134474944.0,0.0,0.0,1.3936040501711995e+18,7.805,0.0,0,0,4,0,8422,0.0,45,0.0,0.0,0.0,0.0,0.0,0,0,0,0,0.0,0,0,0,0,0,0,0,0,0,0,0,0,0,0,0,0,0,0,0,0,0,0,0,0,0,0,0,0,0,0,0,0,0,38,14,7,45,65476,0,300,0,0,8,21553,0.0,-107605600.0,0.0,0.0,0.0,0.0,0.0,0.0,0.0,0.0,0.0,0.0,0.0,0.0,0.0,0.0,0.0,0.0,0.0,0.0,0.0,0.0,2.004,2.004,-0.0,0.0,0.0,0.0,0.0,0.0,4882.0,0.0,0.0,0.0,0.0,-107615280.0,2.718429300292151e+23,0.0,0.0,0.0,0.0,53,-0.0,-0.0,0.0,0.0,0.0,0.0,0.0,0.0,0.0,0,0,0,0.0,0.0,0.0,0.0,0.0,0.0,0.0,0.0,0.0,0.0,0.0,0.0,0.0,0.0,0.0,0.0,0,-107875648.0,53,0.0,106,-107614832.0,0.0,ERR,ERR,ERR,ERR,ERR,ERR,ERR,ERR,ERR,ERR,ERR,ERR,ERR,ERR,ERR,ERR,ERR,ERR,ERR,ERR,ERR,ERR,ERR,ERR,ERR,ERR,ERR,ERR,ERR,ERR,ERR,ERR,ERR,ERR,ERR,ERR,ERR,ERR,ERR,ERR,ERR,ERR,ERR,ERR,ERR,ERR,ERR,ERR,ERR,ERR,ERR,ERR,ERR,ERR,ERR,ERR,ERR,ERR,ERR,ERR,ERR,ERR,ERR,ERR,ERR,ERR,ERR,50.0,60.0,100,0.0,0.0,0.0,0.0,0.0,0.0,0.0,0.0,0.0,0.0,0.0,0.0,0.0,0.0,0.0,0.0,61.6,73,14,65513,50,65476,0,300,0,0,8,20529,65476,0,0,26214,60.0,0.0,0.0,0.0,0.0,0.0
2026-05-17T18:50:20,ERR,ERR,ERR,ERR,ERR,ERR,ERR,ERR,ERR,ERR,ERR,ERR,ERR,ERR,ERR,ERR,ERR,ERR,ERR,ERR,ERR,ERR,ERR,ERR,ERR,ERR,ERR,ERR,ERR,ERR,ERR,ERR,ERR,ERR,ERR,ERR,ERR,ERR,ERR,ERR,ERR,ERR,ERR,ERR,ERR,ERR,ERR,ERR,ERR,ERR,ERR,ERR,ERR,ERR,ERR,ERR,ERR,ERR,ERR,ERR,ERR,ERR,ERR,ERR,ERR,ERR,ERR,ERR,ERR,ERR,ERR,ERR,ERR,ERR,ERR,ERR,ERR,ERR,ERR,ERR,ERR,ERR,ERR,ERR,ERR,ERR,ERR,ERR,ERR,ERR,ERR,ERR,ERR,ERR,ERR,ERR,ERR,ERR,ERR,ERR,ERR,ERR,ERR,ERR,ERR,ERR,ERR,ERR,ERR,ERR,ERR,ERR,ERR,ERR,ERR,ERR,ERR,ERR,ERR,ERR,ERR,ERR,ERR,ERR,ERR,0.0,0.0,-134474944.0,0.0,0.0,1.3936040501711995e+18,7.805,0.0,0,0,4,0,8422,0.0,45,0.0,0.0,0.0,0.0,0.0,0,0,0,0,0.0,0,0,0,0,0,0,0,0,0,0,0,0,0,0,0,0,0,0,0,0,0,0,0,0,0,0,0,0,0,0,0,0,0,38,14,7,45,65476,0,300,0,0,8,21553,0.0,-107605600.0,0.0,0.0,0.0,0.0,0.0,0.0,0.0,0.0,0.0,0.0,0.0,0.0,0.0,0.0,0.0,0.0,0.0,0.0,0.0,0.0,2.004,2.004,-0.0,0.0,0.0,0.0,0.0,0.0,4882.0,0.0,0.0,0.0,0.0,-107615280.0,2.718429300292151e+23,0.0,0.0,0.0,0.0,53,-0.0,-0.0,0.0,0.0,0.0,0.0,0.0,0.0,0.0,0,0,0,0.0,0.0,0.0,0.0,0.0,0.0,0.0,0.0,0.0,0.0,0.0,0.0,0.0,0.0,0.0,0.0,0,-107875648.0,53,0.0,106,-107614832.0,0.0,ERR,ERR,ERR,ERR,ERR,ERR,ERR,ERR,ERR,ERR,ERR,ERR,ERR,ERR,ERR,ERR,ERR,ERR,ERR,ERR,ERR,ERR,ERR,ERR,ERR,ERR,ERR,ERR,ERR,ERR,ERR,ERR,ERR,ERR,ERR,ERR,ERR,ERR,ERR,ERR,ERR,ERR,ERR,ERR,ERR,ERR,ERR,ERR,ERR,ERR,ERR,ERR,ERR,ERR,ERR,ERR,ERR,ERR,ERR,ERR,ERR,ERR,ERR,ERR,ERR,ERR,ERR,50.0,60.0,100,0.0,0.0,0.0,0.0,0.0,0.0,0.0,0.0,0.0,0.0,0.0,0.0,0.0,0.0,0.0,0.0,61.6,73,14,65513,50,65476,0,300,0,0,8,20529,65476,0,0,26214,60.0,0.0,0.0,0.0,0.0,0.0
2026-05-17T18:50:21,ERR,ERR,ERR,ERR,ERR,ERR,ERR,ERR,ERR,ERR,ERR,ERR,ERR,ERR,ERR,ERR,ERR,ERR,ERR,ERR,ERR,ERR,ERR,ERR,ERR,ERR,ERR,ERR,ERR,ERR,ERR,ERR,ERR,ERR,ERR,ERR,ERR,ERR,ERR,ERR,ERR,ERR,ERR,ERR,ERR,ERR,ERR,ERR,ERR,ERR,ERR,ERR,ERR,ERR,ERR,ERR,ERR,ERR,ERR,ERR,ERR,ERR,ERR,ERR,ERR,ERR,ERR,ERR,ERR,ERR,ERR,ERR,ERR,ERR,ERR,ERR,ERR,ERR,ERR,ERR,ERR,ERR,ERR,ERR,ERR,ERR,ERR,ERR,ERR,ERR,ERR,ERR,ERR,ERR,ERR,ERR,ERR,ERR,ERR,ERR,ERR,ERR,ERR,ERR,ERR,ERR,ERR,ERR,ERR,ERR,ERR,ERR,ERR,ERR,ERR,ERR,ERR,ERR,ERR,ERR,ERR,ERR,ERR,ERR,ERR,0.0,0.0,-134474944.0,0.0,0.0,1.3936040501711995e+18,7.805,0.0,0,0,4,0,8422,0.0,45,0.0,0.0,0.0,0.0,0.0,0,0,0,0,0.0,0,0,0,0,0,0,0,0,0,0,0,0,0,0,0,0,0,0,0,0,0,0,0,0,0,0,0,0,0,0,0,0,0,38,14,7,45,65476,0,300,0,0,8,21553,0.0,-107605600.0,0.0,0.0,0.0,0.0,0.0,0.0,0.0,0.0,0.0,0.0,0.0,0.0,0.0,0.0,0.0,0.0,0.0,0.0,0.0,0.0,2.004,2.004,-0.0,0.0,0.0,0.0,0.0,0.0,4856.0,-0.0,0.0,0.0,0.0,-107615280.0,2.718429300292151e+23,0.0,0.0,0.0,0.0,53,-0.0,0.0,0.0,0.0,0.0,0.0,0.0,0.0,0.0,0,0,0,0.0,0.0,0.0,0.0,0.0,0.0,0.0,0.0,0.0,0.0,0.0,0.0,0.0,0.0,0.0,0.0,0,-107875648.0,53,0.0,106,-107614832.0,0.0,ERR,ERR,ERR,ERR,ERR,ERR,ERR,ERR,ERR,ERR,ERR,ERR,ERR,ERR,ERR,ERR,ERR,ERR,ERR,ERR,ERR,ERR,ERR,ERR,ERR,ERR,ERR,ERR,ERR,ERR,ERR,ERR,ERR,ERR,ERR,ERR,ERR,ERR,ERR,ERR,ERR,ERR,ERR,ERR,ERR,ERR,ERR,ERR,ERR,ERR,ERR,ERR,ERR,ERR,ERR,ERR,ERR,ERR,ERR,ERR,ERR,ERR,ERR,ERR,ERR,ERR,ERR,50.0,60.0,100,0.0,0.0,0.0,0.0,0.0,0.0,0.0,0.0,0.0,0.0,0.0,0.0,0.0,0.0,0.0,0.0,61.6,73,14,65513,50,65476,0,300,0,0,8,20529,65476,0,0,26214,60.0,0.0,0.0,0.0,0.0,0.0
2026-05-17T18:50:22,ERR,ERR,ERR,ERR,ERR,ERR,ERR,ERR,ERR,ERR,ERR,ERR,ERR,ERR,ERR,ERR,ERR,ERR,ERR,ERR,ERR,ERR,ERR,ERR,ERR,ERR,ERR,ERR,ERR,ERR,ERR,ERR,ERR,ERR,ERR,ERR,ERR,ERR,ERR,ERR,ERR,ERR,ERR,ERR,ERR,ERR,ERR,ERR,ERR,ERR,ERR,ERR,ERR,ERR,ERR,ERR,ERR,ERR,ERR,ERR,ERR,ERR,ERR,ERR,ERR,ERR,ERR,ERR,ERR,ERR,ERR,ERR,ERR,ERR,ERR,ERR,ERR,ERR,ERR,ERR,ERR,ERR,ERR,ERR,ERR,ERR,ERR,ERR,ERR,ERR,ERR,ERR,ERR,ERR,ERR,ERR,ERR,ERR,ERR,ERR,ERR,ERR,ERR,ERR,ERR,ERR,ERR,ERR,ERR,ERR,ERR,ERR,ERR,ERR,ERR,ERR,ERR,ERR,ERR,ERR,ERR,ERR,ERR,ERR,ERR,0.0,0.0,-134474944.0,0.0,0.0,1.3936040501711995e+18,7.805,0.0,0,0,4,0,8422,0.0,45,0.0,0.0,0.0,0.0,0.0,0,0,0,0,0.0,0,0,0,0,0,0,0,0,0,0,0,0,0,0,0,0,0,0,0,0,0,0,0,0,0,0,0,0,0,0,0,0,0,38,14,7,45,65476,0,300,0,0,8,21553,0.0,-107605600.0,0.0,0.0,0.0,0.0,0.0,0.0,0.0,0.0,0.0,0.0,0.0,0.0,0.0,0.0,0.0,0.0,0.0,0.0,0.0,0.0,2.004,2.004,-0.0,0.0,0.0,0.0,0.0,0.0,4856.0,-0.0,0.0,0.0,0.0,-107615280.0,2.718429300292151e+23,0.0,0.0,0.0,0.0,53,-0.0,0.0,0.0,0.0,0.0,0.0,0.0,0.0,0.0,0,0,0,0.0,0.0,0.0,0.0,0.0,0.0,0.0,0.0,0.0,0.0,0.0,0.0,0.0,0.0,0.0,0.0,0,-107875648.0,53,0.0,106,-107614832.0,0.0,ERR,ERR,ERR,ERR,ERR,ERR,ERR,ERR,ERR,ERR,ERR,ERR,ERR,ERR,ERR,ERR,ERR,ERR,ERR,ERR,ERR,ERR,ERR,ERR,ERR,ERR,ERR,ERR,ERR,ERR,ERR,ERR,ERR,ERR,ERR,ERR,ERR,ERR,ERR,ERR,ERR,ERR,ERR,ERR,ERR,ERR,ERR,ERR,ERR,ERR,ERR,ERR,ERR,ERR,ERR,ERR,ERR,ERR,ERR,ERR,ERR,ERR,ERR,ERR,ERR,ERR,ERR,50.0,60.0,100,0.0,0.0,0.0,0.0,0.0,0.0,0.0,0.0,0.0,0.0,0.0,0.0,0.0,0.0,0.0,0.0,61.6,73,14,65513,50,65476,0,300,0,0,8,20529,65476,0,0,26214,60.0,0.0,0.0,0.0,0.0,0.0
2026-05-17T18:50:23,ERR,ERR,ERR,ERR,ERR,ERR,ERR,ERR,ERR,ERR,ERR,ERR,ERR,ERR,ERR,ERR,ERR,ERR,ERR,ERR,ERR,ERR,ERR,ERR,ERR,ERR,ERR,ERR,ERR,ERR,ERR,ERR,ERR,ERR,ERR,ERR,ERR,ERR,ERR,ERR,ERR,ERR,ERR,ERR,ERR,ERR,ERR,ERR,ERR,ERR,ERR,ERR,ERR,ERR,ERR,ERR,ERR,ERR,ERR,ERR,ERR,ERR,ERR,ERR,ERR,ERR,ERR,ERR,ERR,ERR,ERR,ERR,ERR,ERR,ERR,ERR,ERR,ERR,ERR,ERR,ERR,ERR,ERR,ERR,ERR,ERR,ERR,ERR,ERR,ERR,ERR,ERR,ERR,ERR,ERR,ERR,ERR,ERR,ERR,ERR,ERR,ERR,ERR,ERR,ERR,ERR,ERR,ERR,ERR,ERR,ERR,ERR,ERR,ERR,ERR,ERR,ERR,ERR,ERR,ERR,ERR,ERR,ERR,ERR,ERR,0.0,0.0,-134474944.0,0.0,0.0,1.3936040501711995e+18,7.805,0.0,0,0,4,0,8422,0.0,45,0.0,0.0,0.0,0.0,0.0,0,0,0,0,0.0,0,0,0,0,0,0,0,0,0,0,0,0,0,0,0,0,0,0,0,0,0,0,0,0,0,0,0,0,0,0,0,0,0,38,14,7,45,65476,0,300,0,0,8,21553,0.0,-107605600.0,0.0,0.0,0.0,0.0,0.0,0.0,0.0,0.0,0.0,0.0,0.0,0.0,0.0,0.0,0.0,0.0,0.0,0.0,0.0,0.0,2.004,2.004,-0.0,0.0,0.0,0.0,0.0,0.0,4856.0,-0.0,0.0,0.0,0.0,-107615280.0,2.718429300292151e+23,0.0,0.0,0.0,0.0,53,-0.0,0.0,0.0,0.0,0.0,0.0,0.0,0.0,0.0,0,0,0,0.0,0.0,0.0,0.0,0.0,0.0,0.0,0.0,0.0,0.0,0.0,0.0,0.0,0.0,0.0,0.0,0,-107875648.0,53,0.0,106,-107614832.0,0.0,ERR,ERR,ERR,ERR,ERR,ERR,ERR,ERR,ERR,ERR,ERR,ERR,ERR,ERR,ERR,ERR,ERR,ERR,ERR,ERR,ERR,ERR,ERR,ERR,ERR,ERR,ERR,ERR,ERR,ERR,ERR,ERR,ERR,ERR,ERR,ERR,ERR,ERR,ERR,ERR,ERR,ERR,ERR,ERR,ERR,ERR,ERR,ERR,ERR,ERR,ERR,ERR,ERR,ERR,ERR,ERR,ERR,ERR,ERR,ERR,ERR,ERR,ERR,ERR,ERR,ERR,ERR,50.0,60.0,100,0.0,0.0,0.0,0.0,0.0,0.0,0.0,0.0,0.0,0.0,0.0,0.0,0.0,0.0,0.0,0.0,61.6,73,14,65513,50,65476,0,300,0,0,8,20529,65476,0,0,26214,60.0,0.0,0.0,0.0,0.0,0.0
2026-05-17T18:50:24,ERR,ERR,ERR,ERR,ERR,ERR,ERR,ERR,ERR,ERR,ERR,ERR,ERR,ERR,ERR,ERR,ERR,ERR,ERR,ERR,ERR,ERR,ERR,ERR,ERR,ERR,ERR,ERR,ERR,ERR,ERR,ERR,ERR,ERR,ERR,ERR,ERR,ERR,ERR,ERR,ERR,ERR,ERR,ERR,ERR,ERR,ERR,ERR,ERR,ERR,ERR,ERR,ERR,ERR,ERR,ERR,ERR,ERR,ERR,ERR,ERR,ERR,ERR,ERR,ERR,ERR,ERR,ERR,ERR,ERR,ERR,ERR,ERR,ERR,ERR,ERR,ERR,ERR,ERR,ERR,ERR,ERR,ERR,ERR,ERR,ERR,ERR,ERR,ERR,ERR,ERR,ERR,ERR,ERR,ERR,ERR,ERR,ERR,ERR,ERR,ERR,ERR,ERR,ERR,ERR,ERR,ERR,ERR,ERR,ERR,ERR,ERR,ERR,ERR,ERR,ERR,ERR,ERR,ERR,ERR,ERR,ERR,ERR,ERR,ERR,0.0,0.0,-134474944.0,0.0,0.0,1.3936040501711995e+18,7.805,0.0,0,0,4,0,8422,0.0,45,0.0,0.0,0.0,0.0,0.0,0,0,0,0,0.0,0,0,0,0,0,0,0,0,0,0,0,0,0,0,0,0,0,0,0,0,0,0,0,0,0,0,0,0,0,0,0,0,0,38,14,7,45,65476,0,300,0,0,8,21553,0.0,-107605600.0,0.0,0.0,0.0,0.0,0.0,0.0,0.0,0.0,0.0,0.0,0.0,0.0,0.0,0.0,0.0,0.0,0.0,0.0,0.0,0.0,2.004,2.004,-0.0,0.0,0.0,0.0,0.0,0.0,4856.0,-0.0,0.0,0.0,0.0,-107615280.0,2.718429300292151e+23,0.0,0.0,0.0,0.0,53,-0.0,0.0,0.0,0.0,0.0,0.0,0.0,0.0,0.0,0,0,0,0.0,0.0,0.0,0.0,0.0,0.0,0.0,0.0,0.0,0.0,0.0,0.0,0.0,0.0,0.0,0.0,0,-107875648.0,53,0.0,106,-107614832.0,0.0,ERR,ERR,ERR,ERR,ERR,ERR,ERR,ERR,ERR,ERR,ERR,ERR,ERR,ERR,ERR,ERR,ERR,ERR,ERR,ERR,ERR,ERR,ERR,ERR,ERR,ERR,ERR,ERR,ERR,ERR,ERR,ERR,ERR,ERR,ERR,ERR,ERR,ERR,ERR,ERR,ERR,ERR,ERR,ERR,ERR,ERR,ERR,ERR,ERR,ERR,ERR,ERR,ERR,ERR,ERR,ERR,ERR,ERR,ERR,ERR,ERR,ERR,ERR,ERR,ERR,ERR,ERR,50.0,60.0,100,0.0,0.0,0.0,0.0,0.0,0.0,0.0,0.0,0.0,0.0,0.0,0.0,0.0,0.0,0.0,0.0,62.0,73,14,65513,50,65476,0,300,0,0,8,20529,65476,0,0,26214,60.0,0.0,0.0,0.0,0.0,0.0
2026-05-17T18:50:25,ERR,ERR,ERR,ERR,ERR,ERR,ERR,ERR,ERR,ERR,ERR,ERR,ERR,ERR,ERR,ERR,ERR,ERR,ERR,ERR,ERR,ERR,ERR,ERR,ERR,ERR,ERR,ERR,ERR,ERR,ERR,ERR,ERR,ERR,ERR,ERR,ERR,ERR,ERR,ERR,ERR,ERR,ERR,ERR,ERR,ERR,ERR,ERR,ERR,ERR,ERR,ERR,ERR,ERR,ERR,ERR,ERR,ERR,ERR,ERR,ERR,ERR,ERR,ERR,ERR,ERR,ERR,ERR,ERR,ERR,ERR,ERR,ERR,ERR,ERR,ERR,ERR,ERR,ERR,ERR,ERR,ERR,ERR,ERR,ERR,ERR,ERR,ERR,ERR,ERR,ERR,ERR,ERR,ERR,ERR,ERR,ERR,ERR,ERR,ERR,ERR,ERR,ERR,ERR,ERR,ERR,ERR,ERR,ERR,ERR,ERR,ERR,ERR,ERR,ERR,ERR,ERR,ERR,ERR,ERR,ERR,ERR,ERR,ERR,ERR,0.0,0.0,-134474944.0,0.0,0.0,1.3936040501711995e+18,7.805,0.0,0,0,4,0,8422,0.0,45,0.0,0.0,0.0,0.0,0.0,0,0,0,0,0.0,0,0,0,0,0,0,0,0,0,0,0,0,0,0,0,0,0,0,0,0,0,0,0,0,0,0,0,0,0,0,0,0,0,38,14,7,45,65476,0,300,0,0,8,21553,0.0,-107605600.0,0.0,0.0,0.0,0.0,0.0,0.0,0.0,0.0,0.0,0.0,0.0,0.0,0.0,0.0,0.0,0.0,0.0,0.0,0.0,0.0,2.004,2.004,-0.0,0.0,0.0,0.0,0.0,0.0,4856.0,-0.0,0.0,0.0,0.0,-107615280.0,2.718429300292151e+23,0.0,0.0,0.0,0.0,53,-0.0,0.0,0.0,0.0,0.0,0.0,0.0,0.0,0.0,0,0,0,0.0,0.0,0.0,0.0,0.0,0.0,0.0,0.0,0.0,0.0,0.0,0.0,0.0,0.0,0.0,0.0,0,-107875648.0,53,0.0,106,-107614832.0,0.0,ERR,ERR,ERR,ERR,ERR,ERR,ERR,ERR,ERR,ERR,ERR,ERR,ERR,ERR,ERR,ERR,ERR,ERR,ERR,ERR,ERR,ERR,ERR,ERR,ERR,ERR,ERR,ERR,ERR,ERR,ERR,ERR,ERR,ERR,ERR,ERR,ERR,ERR,ERR,ERR,ERR,ERR,ERR,ERR,ERR,ERR,ERR,ERR,ERR,ERR,ERR,ERR,ERR,ERR,ERR,ERR,ERR,ERR,ERR,ERR,ERR,ERR,ERR,ERR,ERR,ERR,ERR,50.0,60.0,100,0.0,0.0,0.0,0.0,0.0,0.0,0.0,0.0,0.0,0.0,0.0,0.0,0.0,0.0,0.0,0.0,62.0,73,14,65513,50,65476,0,300,0,0,8,20529,65476,0,0,26214,60.0,0.0,0.0,0.0,0.0,0.0
2026-05-17T18:50:26,ERR,ERR,ERR,ERR,ERR,ERR,ERR,ERR,ERR,ERR,ERR,ERR,ERR,ERR,ERR,ERR,ERR,ERR,ERR,ERR,ERR,ERR,ERR,ERR,ERR,ERR,ERR,ERR,ERR,ERR,ERR,ERR,ERR,ERR,ERR,ERR,ERR,ERR,ERR,ERR,ERR,ERR,ERR,ERR,ERR,ERR,ERR,ERR,ERR,ERR,ERR,ERR,ERR,ERR,ERR,ERR,ERR,ERR,ERR,ERR,ERR,ERR,ERR,ERR,ERR,ERR,ERR,ERR,ERR,ERR,ERR,ERR,ERR,ERR,ERR,ERR,ERR,ERR,ERR,ERR,ERR,ERR,ERR,ERR,ERR,ERR,ERR,ERR,ERR,ERR,ERR,ERR,ERR,ERR,ERR,ERR,ERR,ERR,ERR,ERR,ERR,ERR,ERR,ERR,ERR,ERR,ERR,ERR,ERR,ERR,ERR,ERR,ERR,ERR,ERR,ERR,ERR,ERR,ERR,ERR,ERR,ERR,ERR,ERR,ERR,0.0,0.0,-134474944.0,0.0,0.0,1.3936040501711995e+18,7.805,0.0,0,0,4,0,8422,0.0,45,0.0,0.0,0.0,0.0,0.0,0,0,0,0,0.0,0,0,0,0,0,0,0,0,0,0,0,0,0,0,0,0,0,0,0,0,0,0,0,0,0,0,0,0,0,0,0,0,0,38,14,7,45,65476,0,300,0,0,8,21553,0.0,-107605600.0,0.0,0.0,0.0,0.0,0.0,0.0,0.0,0.0,0.0,0.0,0.0,0.0,0.0,0.0,0.0,0.0,0.0,0.0,0.0,0.0,2.004,2.004,-0.0,0.0,0.0,0.0,0.0,0.0,4858.0,2.004,0.0,0.0,0.0,-107615280.0,2.718429300292151e+23,0.0,0.0,0.0,0.0,53,-0.0,-2.3088269958105478e+20,0.0,0.0,0.0,0.0,0.0,0.0,0.0,0,0,0,0.0,0.0,0.0,0.0,0.0,0.0,0.0,0.0,0.0,0.0,0.0,0.0,0.0,0.0,0.0,0.0,0,-107875648.0,53,0.0,106,-107614832.0,-107351008.0,ERR,ERR,ERR,ERR,ERR,ERR,ERR,ERR,ERR,ERR,ERR,ERR,ERR,ERR,ERR,ERR,ERR,ERR,ERR,ERR,ERR,ERR,ERR,ERR,ERR,ERR,ERR,ERR,ERR,ERR,ERR,ERR,ERR,ERR,ERR,ERR,ERR,ERR,ERR,ERR,ERR,ERR,ERR,ERR,ERR,ERR,ERR,ERR,ERR,ERR,ERR,ERR,ERR,ERR,ERR,ERR,ERR,ERR,ERR,ERR,ERR,ERR,ERR,ERR,ERR,ERR,ERR,50.0,60.0,100,0.0,0.0,0.0,0.0,0.0,0.0,0.0,0.0,0.0,0.0,0.0,0.0,0.0,0.0,0.0,0.0,62.0,73,14,65513,50,65476,0,300,0,0,8,20529,65476,0,0,26214,60.0,0.0,0.0,0.0,0.0,0.0
2026-05-17T18:50:27,ERR,ERR,ERR,ERR,ERR,ERR,ERR,ERR,ERR,ERR,ERR,ERR,ERR,ERR,ERR,ERR,ERR,ERR,ERR,ERR,ERR,ERR,ERR,ERR,ERR,ERR,ERR,ERR,ERR,ERR,ERR,ERR,ERR,ERR,ERR,ERR,ERR,ERR,ERR,ERR,ERR,ERR,ERR,ERR,ERR,ERR,ERR,ERR,ERR,ERR,ERR,ERR,ERR,ERR,ERR,ERR,ERR,ERR,ERR,ERR,ERR,ERR,ERR,ERR,ERR,ERR,ERR,ERR,ERR,ERR,ERR,ERR,ERR,ERR,ERR,ERR,ERR,ERR,ERR,ERR,ERR,ERR,ERR,ERR,ERR,ERR,ERR,ERR,ERR,ERR,ERR,ERR,ERR,ERR,ERR,ERR,ERR,ERR,ERR,ERR,ERR,ERR,ERR,ERR,ERR,ERR,ERR,ERR,ERR,ERR,ERR,ERR,ERR,ERR,ERR,ERR,ERR,ERR,ERR,ERR,ERR,ERR,ERR,ERR,ERR,0.0,0.0,-134474944.0,0.0,0.0,1.3936040501711995e+18,7.805,0.0,0,0,4,0,8422,0.0,45,0.0,0.0,0.0,0.0,0.0,0,0,0,0,0.0,0,0,0,0,0,0,0,0,0,0,0,0,0,0,0,0,0,0,0,0,0,0,0,0,0,0,0,0,0,0,0,0,0,38,14,7,45,65476,0,300,0,0,8,21553,0.0,-107605600.0,0.0,0.0,0.0,0.0,0.0,0.0,0.0,0.0,0.0,0.0,0.0,0.0,0.0,0.0,0.0,0.0,0.0,0.0,0.0,0.0,2.004,2.004,-0.0,0.0,0.0,0.0,0.0,0.0,4858.0,2.004,0.0,0.0,0.0,-107615280.0,2.718429300292151e+23,0.0,0.0,0.0,0.0,53,-0.0,-2.3088269958105478e+20,0.0,0.0,0.0,0.0,0.0,0.0,0.0,0,0,0,0.0,0.0,0.0,0.0,0.0,0.0,0.0,0.0,0.0,0.0,0.0,0.0,0.0,0.0,0.0,0.0,0,-107875648.0,53,0.0,106,-107614832.0,-107351008.0,ERR,ERR,ERR,ERR,ERR,ERR,ERR,ERR,ERR,ERR,ERR,ERR,ERR,ERR,ERR,ERR,ERR,ERR,ERR,ERR,ERR,ERR,ERR,ERR,ERR,ERR,ERR,ERR,ERR,ERR,ERR,ERR,ERR,ERR,ERR,ERR,ERR,ERR,ERR,ERR,ERR,ERR,ERR,ERR,ERR,ERR,ERR,ERR,ERR,ERR,ERR,ERR,ERR,ERR,ERR,ERR,ERR,ERR,ERR,ERR,ERR,ERR,ERR,ERR,ERR,ERR,ERR,50.0,60.0,100,0.0,0.0,0.0,0.0,0.0,0.0,0.0,0.0,0.0,0.0,0.0,0.0,0.0,0.0,0.0,0.0,61.6,73,14,65513,50,65476,0,300,0,0,8,20529,65476,0,0,26214,60.0,0.0,0.0,0.0,0.0,0.0
2026-05-17T18:50:28,ERR,ERR,ERR,ERR,ERR,ERR,ERR,ERR,ERR,ERR,ERR,ERR,ERR,ERR,ERR,ERR,ERR,ERR,ERR,ERR,ERR,ERR,ERR,ERR,ERR,ERR,ERR,ERR,ERR,ERR,ERR,ERR,ERR,ERR,ERR,ERR,ERR,ERR,ERR,ERR,ERR,ERR,ERR,ERR,ERR,ERR,ERR,ERR,ERR,ERR,ERR,ERR,ERR,ERR,ERR,ERR,ERR,ERR,ERR,ERR,ERR,ERR,ERR,ERR,ERR,ERR,ERR,ERR,ERR,ERR,ERR,ERR,ERR,ERR,ERR,ERR,ERR,ERR,ERR,ERR,ERR,ERR,ERR,ERR,ERR,ERR,ERR,ERR,ERR,ERR,ERR,ERR,ERR,ERR,ERR,ERR,ERR,ERR,ERR,ERR,ERR,ERR,ERR,ERR,ERR,ERR,ERR,ERR,ERR,ERR,ERR,ERR,ERR,ERR,ERR,ERR,ERR,ERR,ERR,ERR,ERR,ERR,ERR,ERR,ERR,0.0,0.0,-134474944.0,0.0,0.0,1.3936040501711995e+18,7.805,0.0,0,0,4,0,8422,0.0,45,0.0,0.0,0.0,0.0,0.0,0,0,0,0,0.0,0,0,0,0,0,0,0,0,0,0,0,0,0,0,0,0,0,0,0,0,0,0,0,0,0,0,0,0,0,0,0,0,0,38,14,7,45,65476,0,300,0,0,8,21553,0.0,-107605600.0,0.0,0.0,0.0,0.0,0.0,0.0,0.0,0.0,0.0,0.0,0.0,0.0,0.0,0.0,0.0,0.0,0.0,0.0,0.0,0.0,2.004,2.004,-0.0,0.0,0.0,0.0,0.0,0.0,4858.0,2.004,0.0,0.0,0.0,-107615280.0,2.718429300292151e+23,0.0,0.0,0.0,0.0,53,-0.0,-2.3088269958105478e+20,0.0,0.0,0.0,0.0,0.0,0.0,0.0,0,0,0,0.0,0.0,0.0,0.0,0.0,0.0,0.0,0.0,0.0,0.0,0.0,0.0,0.0,0.0,0.0,0.0,0,-107875648.0,53,0.0,106,-107614832.0,-107351008.0,ERR,ERR,ERR,ERR,ERR,ERR,ERR,ERR,ERR,ERR,ERR,ERR,ERR,ERR,ERR,ERR,ERR,ERR,ERR,ERR,ERR,ERR,ERR,ERR,ERR,ERR,ERR,ERR,ERR,ERR,ERR,ERR,ERR,ERR,ERR,ERR,ERR,ERR,ERR,ERR,ERR,ERR,ERR,ERR,ERR,ERR,ERR,ERR,ERR,ERR,ERR,ERR,ERR,ERR,ERR,ERR,ERR,ERR,ERR,ERR,ERR,ERR,ERR,ERR,ERR,ERR,ERR,50.0,60.0,100,0.0,0.0,0.0,0.0,0.0,0.0,0.0,0.0,0.0,0.0,0.0,0.0,0.0,0.0,0.0,0.0,61.6,73,14,65513,50,65476,0,300,0,0,8,20529,65476,0,0,26214,60.0,0.0,0.0,0.0,0.0,0.0
2026-05-17T18:50:29,ERR,ERR,ERR,ERR,ERR,ERR,ERR,ERR,ERR,ERR,ERR,ERR,ERR,ERR,ERR,ERR,ERR,ERR,ERR,ERR,ERR,ERR,ERR,ERR,ERR,ERR,ERR,ERR,ERR,ERR,ERR,ERR,ERR,ERR,ERR,ERR,ERR,ERR,ERR,ERR,ERR,ERR,ERR,ERR,ERR,ERR,ERR,ERR,ERR,ERR,ERR,ERR,ERR,ERR,ERR,ERR,ERR,ERR,ERR,ERR,ERR,ERR,ERR,ERR,ERR,ERR,ERR,ERR,ERR,ERR,ERR,ERR,ERR,ERR,ERR,ERR,ERR,ERR,ERR,ERR,ERR,ERR,ERR,ERR,ERR,ERR,ERR,ERR,ERR,ERR,ERR,ERR,ERR,ERR,ERR,ERR,ERR,ERR,ERR,ERR,ERR,ERR,ERR,ERR,ERR,ERR,ERR,ERR,ERR,ERR,ERR,ERR,ERR,ERR,ERR,ERR,ERR,ERR,ERR,ERR,ERR,ERR,ERR,ERR,ERR,0.0,0.0,-134474944.0,0.0,0.0,1.3936040501711995e+18,7.805,0.0,0,0,4,0,8422,0.0,45,0.0,0.0,0.0,0.0,0.0,0,0,0,0,0.0,0,0,0,0,0,0,0,0,0,0,0,0,0,0,0,0,0,0,0,0,0,0,0,0,0,0,0,0,0,0,0,0,0,38,14,7,45,65476,0,300,0,0,8,21553,0.0,-107605600.0,0.0,0.0,0.0,0.0,0.0,0.0,0.0,0.0,0.0,0.0,0.0,0.0,0.0,0.0,0.0,0.0,0.0,0.0,0.0,0.0,2.004,2.004,-0.0,0.0,0.0,0.0,0.0,0.0,4858.0,2.004,0.0,0.0,0.0,-107615280.0,2.718429300292151e+23,0.0,0.0,0.0,0.0,53,-0.0,-2.3088269958105478e+20,0.0,0.0,0.0,0.0,0.0,0.0,0.0,0,0,0,0.0,0.0,0.0,0.0,0.0,0.0,0.0,0.0,0.0,0.0,0.0,0.0,0.0,0.0,0.0,0.0,0,-107875648.0,53,0.0,106,-107614832.0,-107351008.0,ERR,ERR,ERR,ERR,ERR,ERR,ERR,ERR,ERR,ERR,ERR,ERR,ERR,ERR,ERR,ERR,ERR,ERR,ERR,ERR,ERR,ERR,ERR,ERR,ERR,ERR,ERR,ERR,ERR,ERR,ERR,ERR,ERR,ERR,ERR,ERR,ERR,ERR,ERR,ERR,ERR,ERR,ERR,ERR,ERR,ERR,ERR,ERR,ERR,ERR,ERR,ERR,ERR,ERR,ERR,ERR,ERR,ERR,ERR,ERR,ERR,ERR,ERR,ERR,ERR,ERR,ERR,50.0,60.0,100,0.0,0.0,0.0,0.0,0.0,0.0,0.0,0.0,0.0,0.0,0.0,0.0,0.0,0.0,0.0,0.0,61.6,73,14,65513,50,65476,0,300,0,0,8,20529,65476,0,0,26214,60.0,0.0,0.0,0.0,0.0,0.0
2026-05-17T18:50:30,ERR,ERR,ERR,ERR,ERR,ERR,ERR,ERR,ERR,ERR,ERR,ERR,ERR,ERR,ERR,ERR,ERR,ERR,ERR,ERR,ERR,ERR,ERR,ERR,ERR,ERR,ERR,ERR,ERR,ERR,ERR,ERR,ERR,ERR,ERR,ERR,ERR,ERR,ERR,ERR,ERR,ERR,ERR,ERR,ERR,ERR,ERR,ERR,ERR,ERR,ERR,ERR,ERR,ERR,ERR,ERR,ERR,ERR,ERR,ERR,ERR,ERR,ERR,ERR,ERR,ERR,ERR,ERR,ERR,ERR,ERR,ERR,ERR,ERR,ERR,ERR,ERR,ERR,ERR,ERR,ERR,ERR,ERR,ERR,ERR,ERR,ERR,ERR,ERR,ERR,ERR,ERR,ERR,ERR,ERR,ERR,ERR,ERR,ERR,ERR,ERR,ERR,ERR,ERR,ERR,ERR,ERR,ERR,ERR,ERR,ERR,ERR,ERR,ERR,ERR,ERR,ERR,ERR,ERR,ERR,ERR,ERR,ERR,ERR,ERR,0.0,0.0,-134474944.0,0.0,0.0,1.3936040501711995e+18,7.805,0.0,0,0,4,0,8422,0.0,45,0.0,0.0,0.0,0.0,0.0,0,0,0,0,0.0,0,0,0,0,0,0,0,0,0,0,0,0,0,0,0,0,0,0,0,0,0,0,0,0,0,0,0,0,0,0,0,0,0,38,14,7,45,65476,0,300,0,0,8,21553,0.0,-107605600.0,0.0,0.0,0.0,0.0,0.0,0.0,0.0,0.0,0.0,0.0,0.0,0.0,0.0,0.0,0.0,0.0,0.0,0.0,0.0,0.0,2.004,2.004,-0.0,0.0,0.0,0.0,0.0,0.0,4858.0,2.004,0.0,0.0,0.0,-107615280.0,2.718429300292151e+23,0.0,0.0,0.0,0.0,53,-0.0,-2.3088269958105478e+20,0.0,0.0,0.0,0.0,0.0,0.0,0.0,0,0,0,0.0,0.0,0.0,0.0,0.0,0.0,0.0,0.0,0.0,0.0,0.0,0.0,0.0,0.0,0.0,0.0,0,-107875648.0,53,0.0,106,-107614832.0,-107351008.0,ERR,ERR,ERR,ERR,ERR,ERR,ERR,ERR,ERR,ERR,ERR,ERR,ERR,ERR,ERR,ERR,ERR,ERR,ERR,ERR,ERR,ERR,ERR,ERR,ERR,ERR,ERR,ERR,ERR,ERR,ERR,ERR,ERR,ERR,ERR,ERR,ERR,ERR,ERR,ERR,ERR,ERR,ERR,ERR,ERR,ERR,ERR,ERR,ERR,ERR,ERR,ERR,ERR,ERR,ERR,ERR,ERR,ERR,ERR,ERR,ERR,ERR,ERR,ERR,ERR,ERR,ERR,50.0,60.0,100,0.0,0.0,0.0,0.0,0.0,0.0,0.0,0.0,0.0,0.0,0.0,0.0,0.0,0.0,0.0,0.0,61.6,73,14,65513,50,65476,0,300,0,0,8,20529,65476,0,0,26214,60.0,0.0,0.0,0.0,0.0,0.0
2026-05-17T18:50:31,ERR,ERR,ERR,ERR,ERR,ERR,ERR,ERR,ERR,ERR,ERR,ERR,ERR,ERR,ERR,ERR,ERR,ERR,ERR,ERR,ERR,ERR,ERR,ERR,ERR,ERR,ERR,ERR,ERR,ERR,ERR,ERR,ERR,ERR,ERR,ERR,ERR,ERR,ERR,ERR,ERR,ERR,ERR,ERR,ERR,ERR,ERR,ERR,ERR,ERR,ERR,ERR,ERR,ERR,ERR,ERR,ERR,ERR,ERR,ERR,ERR,ERR,ERR,ERR,ERR,ERR,ERR,ERR,ERR,ERR,ERR,ERR,ERR,ERR,ERR,ERR,ERR,ERR,ERR,ERR,ERR,ERR,ERR,ERR,ERR,ERR,ERR,ERR,ERR,ERR,ERR,ERR,ERR,ERR,ERR,ERR,ERR,ERR,ERR,ERR,ERR,ERR,ERR,ERR,ERR,ERR,ERR,ERR,ERR,ERR,ERR,ERR,ERR,ERR,ERR,ERR,ERR,ERR,ERR,ERR,ERR,ERR,ERR,ERR,ERR,0.0,0.0,-134474944.0,0.0,0.0,1.3936040501711995e+18,7.805,0.0,0,0,4,0,8422,0.0,45,0.0,0.0,0.0,0.0,0.0,0,0,0,0,0.0,0,0,0,0,0,0,0,0,0,0,0,0,0,0,0,0,0,0,0,0,0,0,0,0,0,0,0,0,0,0,0,0,0,38,14,7,45,65476,0,300,0,0,8,21553,0.0,-107605600.0,0.0,0.0,0.0,0.0,0.0,0.0,0.0,0.0,0.0,0.0,0.0,0.0,0.0,0.0,0.0,0.0,0.0,0.0,0.0,0.0,2.004,2.004,-0.0,0.0,0.0,0.0,0.0,0.0,4890.0,-0.0,0.0,0.0,0.0,-107615280.0,2.718429300292151e+23,0.0,0.0,0.0,0.0,53,-0.0,4.066851769067961e+29,0.0,0.0,0.0,0.0,0.0,0.0,0.0,0,0,0,0.0,0.0,0.0,0.0,0.0,0.0,0.0,0.0,0.0,0.0,0.0,0.0,0.0,0.0,0.0,0.0,0,-107875648.0,53,0.0,106,-107614832.0,0.0,ERR,ERR,ERR,ERR,ERR,ERR,ERR,ERR,ERR,ERR,ERR,ERR,ERR,ERR,ERR,ERR,ERR,ERR,ERR,ERR,ERR,ERR,ERR,ERR,ERR,ERR,ERR,ERR,ERR,ERR,ERR,ERR,ERR,ERR,ERR,ERR,ERR,ERR,ERR,ERR,ERR,ERR,ERR,ERR,ERR,ERR,ERR,ERR,ERR,ERR,ERR,ERR,ERR,ERR,ERR,ERR,ERR,ERR,ERR,ERR,ERR,ERR,ERR,ERR,ERR,ERR,ERR,50.0,60.0,100,0.0,0.0,0.0,0.0,0.0,0.0,0.0,0.0,0.0,0.0,0.0,0.0,0.0,0.0,0.0,0.0,61.6,73,14,65513,50,65476,0,300,0,0,8,20529,65476,0,0,26214,60.0,0.0,0.0,0.0,0.0,0.0
2026-05-17T18:50:32,ERR,ERR,ERR,ERR,ERR,ERR,ERR,ERR,ERR,ERR,ERR,ERR,ERR,ERR,ERR,ERR,ERR,ERR,ERR,ERR,ERR,ERR,ERR,ERR,ERR,ERR,ERR,ERR,ERR,ERR,ERR,ERR,ERR,ERR,ERR,ERR,ERR,ERR,ERR,ERR,ERR,ERR,ERR,ERR,ERR,ERR,ERR,ERR,ERR,ERR,ERR,ERR,ERR,ERR,ERR,ERR,ERR,ERR,ERR,ERR,ERR,ERR,ERR,ERR,ERR,ERR,ERR,ERR,ERR,ERR,ERR,ERR,ERR,ERR,ERR,ERR,ERR,ERR,ERR,ERR,ERR,ERR,ERR,ERR,ERR,ERR,ERR,ERR,ERR,ERR,ERR,ERR,ERR,ERR,ERR,ERR,ERR,ERR,ERR,ERR,ERR,ERR,ERR,ERR,ERR,ERR,ERR,ERR,ERR,ERR,ERR,ERR,ERR,ERR,ERR,ERR,ERR,ERR,ERR,ERR,ERR,ERR,ERR,ERR,ERR,0.0,0.0,-134474944.0,0.0,0.0,1.3936040501711995e+18,7.805,0.0,0,0,4,0,8422,0.0,45,0.0,0.0,0.0,0.0,0.0,0,0,0,0,0.0,0,0,0,0,0,0,0,0,0,0,0,0,0,0,0,0,0,0,0,0,0,0,0,0,0,0,0,0,0,0,0,0,0,38,14,7,45,65476,0,300,0,0,8,21553,0.0,-107605600.0,0.0,0.0,0.0,0.0,0.0,0.0,0.0,0.0,0.0,0.0,0.0,0.0,0.0,0.0,0.0,0.0,0.0,0.0,0.0,0.0,2.004,2.004,-0.0,0.0,0.0,0.0,0.0,0.0,4890.0,-0.0,0.0,0.0,0.0,-107615280.0,2.718429300292151e+23,0.0,0.0,0.0,0.0,53,-0.0,4.066851769067961e+29,0.0,0.0,0.0,0.0,0.0,0.0,0.0,0,0,0,0.0,0.0,0.0,0.0,0.0,0.0,0.0,0.0,0.0,0.0,0.0,0.0,0.0,0.0,0.0,0.0,0,-107875648.0,53,0.0,106,-107614832.0,0.0,ERR,ERR,ERR,ERR,ERR,ERR,ERR,ERR,ERR,ERR,ERR,ERR,ERR,ERR,ERR,ERR,ERR,ERR,ERR,ERR,ERR,ERR,ERR,ERR,ERR,ERR,ERR,ERR,ERR,ERR,ERR,ERR,ERR,ERR,ERR,ERR,ERR,ERR,ERR,ERR,ERR,ERR,ERR,ERR,ERR,ERR,ERR,ERR,ERR,ERR,ERR,ERR,ERR,ERR,ERR,ERR,ERR,ERR,ERR,ERR,ERR,ERR,ERR,ERR,ERR,ERR,ERR,50.0,60.0,100,0.0,0.0,0.0,0.0,0.0,0.0,0.0,0.0,0.0,0.0,0.0,0.0,0.0,0.0,0.0,0.0,61.6,73,14,65513,50,65476,0,300,0,0,8,20529,65476,0,0,26214,60.0,0.0,0.0,0.0,0.0,0.0
2026-05-17T18:50:33,ERR,ERR,ERR,ERR,ERR,ERR,ERR,ERR,ERR,ERR,ERR,ERR,ERR,ERR,ERR,ERR,ERR,ERR,ERR,ERR,ERR,ERR,ERR,ERR,ERR,ERR,ERR,ERR,ERR,ERR,ERR,ERR,ERR,ERR,ERR,ERR,ERR,ERR,ERR,ERR,ERR,ERR,ERR,ERR,ERR,ERR,ERR,ERR,ERR,ERR,ERR,ERR,ERR,ERR,ERR,ERR,ERR,ERR,ERR,ERR,ERR,ERR,ERR,ERR,ERR,ERR,ERR,ERR,ERR,ERR,ERR,ERR,ERR,ERR,ERR,ERR,ERR,ERR,ERR,ERR,ERR,ERR,ERR,ERR,ERR,ERR,ERR,ERR,ERR,ERR,ERR,ERR,ERR,ERR,ERR,ERR,ERR,ERR,ERR,ERR,ERR,ERR,ERR,ERR,ERR,ERR,ERR,ERR,ERR,ERR,ERR,ERR,ERR,ERR,ERR,ERR,ERR,ERR,ERR,ERR,ERR,ERR,ERR,ERR,ERR,0.0,0.0,-134474944.0,0.0,0.0,1.3936040501711995e+18,7.805,0.0,0,0,4,0,8422,0.0,45,0.0,0.0,0.0,0.0,0.0,0,0,0,0,0.0,0,0,0,0,0,0,0,0,0,0,0,0,0,0,0,0,0,0,0,0,0,0,0,0,0,0,0,0,0,0,0,0,0,38,14,7,45,65476,0,300,0,0,8,21553,0.0,-107605600.0,0.0,0.0,0.0,0.0,0.0,0.0,0.0,0.0,0.0,0.0,0.0,0.0,0.0,0.0,0.0,0.0,0.0,0.0,0.0,0.0,2.004,2.004,-0.0,0.0,0.0,0.0,0.0,0.0,4890.0,-0.0,0.0,0.0,0.0,-107615280.0,2.718429300292151e+23,0.0,0.0,0.0,0.0,53,-0.0,4.066851769067961e+29,0.0,0.0,0.0,0.0,0.0,0.0,0.0,0,0,0,0.0,0.0,0.0,0.0,0.0,0.0,0.0,0.0,0.0,0.0,0.0,0.0,0.0,0.0,0.0,0.0,0,-107875648.0,53,0.0,106,-107614832.0,0.0,ERR,ERR,ERR,ERR,ERR,ERR,ERR,ERR,ERR,ERR,ERR,ERR,ERR,ERR,ERR,ERR,ERR,ERR,ERR,ERR,ERR,ERR,ERR,ERR,ERR,ERR,ERR,ERR,ERR,ERR,ERR,ERR,ERR,ERR,ERR,ERR,ERR,ERR,ERR,ERR,ERR,ERR,ERR,ERR,ERR,ERR,ERR,ERR,ERR,ERR,ERR,ERR,ERR,ERR,ERR,ERR,ERR,ERR,ERR,ERR,ERR,ERR,ERR,ERR,ERR,ERR,ERR,50.0,60.0,100,0.0,0.0,0.0,0.0,0.0,0.0,0.0,0.0,0.0,0.0,0.0,0.0,0.0,0.0,0.0,0.0,61.6,73,14,65513,50,65476,0,300,0,0,8,20529,65476,0,0,26214,60.0,0.0,0.0,0.0,0.0,0.0
2026-05-17T18:50:34,ERR,ERR,ERR,ERR,ERR,ERR,ERR,ERR,ERR,ERR,ERR,ERR,ERR,ERR,ERR,ERR,ERR,ERR,ERR,ERR,ERR,ERR,ERR,ERR,ERR,ERR,ERR,ERR,ERR,ERR,ERR,ERR,ERR,ERR,ERR,ERR,ERR,ERR,ERR,ERR,ERR,ERR,ERR,ERR,ERR,ERR,ERR,ERR,ERR,ERR,ERR,ERR,ERR,ERR,ERR,ERR,ERR,ERR,ERR,ERR,ERR,ERR,ERR,ERR,ERR,ERR,ERR,ERR,ERR,ERR,ERR,ERR,ERR,ERR,ERR,ERR,ERR,ERR,ERR,ERR,ERR,ERR,ERR,ERR,ERR,ERR,ERR,ERR,ERR,ERR,ERR,ERR,ERR,ERR,ERR,ERR,ERR,ERR,ERR,ERR,ERR,ERR,ERR,ERR,ERR,ERR,ERR,ERR,ERR,ERR,ERR,ERR,ERR,ERR,ERR,ERR,ERR,ERR,ERR,ERR,ERR,ERR,ERR,ERR,ERR,0.0,0.0,-134474944.0,0.0,0.0,1.3936040501711995e+18,7.805,0.0,0,0,4,0,8422,0.0,45,0.0,0.0,0.0,0.0,0.0,0,0,0,0,0.0,0,0,0,0,0,0,0,0,0,0,0,0,0,0,0,0,0,0,0,0,0,0,0,0,0,0,0,0,0,0,0,0,0,38,14,7,45,65476,0,300,0,0,8,21553,0.0,-107605600.0,0.0,0.0,0.0,0.0,0.0,0.0,0.0,0.0,0.0,0.0,0.0,0.0,0.0,0.0,0.0,0.0,0.0,0.0,0.0,0.0,2.004,2.004,-0.0,0.0,0.0,0.0,0.0,0.0,4890.0,-0.0,0.0,0.0,0.0,-107615280.0,2.718429300292151e+23,0.0,0.0,0.0,0.0,53,-0.0,4.066851769067961e+29,0.0,0.0,0.0,0.0,0.0,0.0,0.0,0,0,0,0.0,0.0,0.0,0.0,0.0,0.0,0.0,0.0,0.0,0.0,0.0,0.0,0.0,0.0,0.0,0.0,0,-107875648.0,53,0.0,106,-107614832.0,0.0,ERR,ERR,ERR,ERR,ERR,ERR,ERR,ERR,ERR,ERR,ERR,ERR,ERR,ERR,ERR,ERR,ERR,ERR,ERR,ERR,ERR,ERR,ERR,ERR,ERR,ERR,ERR,ERR,ERR,ERR,ERR,ERR,ERR,ERR,ERR,ERR,ERR,ERR,ERR,ERR,ERR,ERR,ERR,ERR,ERR,ERR,ERR,ERR,ERR,ERR,ERR,ERR,ERR,ERR,ERR,ERR,ERR,ERR,ERR,ERR,ERR,ERR,ERR,ERR,ERR,ERR,ERR,50.0,60.0,100,0.0,0.0,0.0,0.0,0.0,0.0,0.0,0.0,0.0,0.0,0.0,0.0,0.0,0.0,0.0,0.0,61.6,73,14,65513,50,65476,0,300,0,0,8,20529,65476,0,0,26214,60.0,0.0,0.0,0.0,0.0,0.0
2026-05-17T18:50:35,ERR,ERR,ERR,ERR,ERR,ERR,ERR,ERR,ERR,ERR,ERR,ERR,ERR,ERR,ERR,ERR,ERR,ERR,ERR,ERR,ERR,ERR,ERR,ERR,ERR,ERR,ERR,ERR,ERR,ERR,ERR,ERR,ERR,ERR,ERR,ERR,ERR,ERR,ERR,ERR,ERR,ERR,ERR,ERR,ERR,ERR,ERR,ERR,ERR,ERR,ERR,ERR,ERR,ERR,ERR,ERR,ERR,ERR,ERR,ERR,ERR,ERR,ERR,ERR,ERR,ERR,ERR,ERR,ERR,ERR,ERR,ERR,ERR,ERR,ERR,ERR,ERR,ERR,ERR,ERR,ERR,ERR,ERR,ERR,ERR,ERR,ERR,ERR,ERR,ERR,ERR,ERR,ERR,ERR,ERR,ERR,ERR,ERR,ERR,ERR,ERR,ERR,ERR,ERR,ERR,ERR,ERR,ERR,ERR,ERR,ERR,ERR,ERR,ERR,ERR,ERR,ERR,ERR,ERR,ERR,ERR,ERR,ERR,ERR,ERR,0.0,0.0,-134474944.0,0.0,0.0,1.3936040501711995e+18,7.805,0.0,0,0,4,0,8422,0.0,45,0.0,0.0,0.0,0.0,0.0,0,0,0,0,0.0,0,0,0,0,0,0,0,0,0,0,0,0,0,0,0,0,0,0,0,0,0,0,0,0,0,0,0,0,0,0,0,0,0,38,14,7,45,65476,0,300,0,0,8,21553,0.0,-107605600.0,0.0,0.0,0.0,0.0,0.0,0.0,0.0,0.0,0.0,0.0,0.0,0.0,0.0,0.0,0.0,0.0,0.0,0.0,0.0,0.0,2.004,2.004,-0.0,0.0,0.0,0.0,0.0,0.0,4890.0,-0.0,0.0,0.0,0.0,-107615280.0,2.718429300292151e+23,0.0,0.0,0.0,0.0,53,-0.0,4.066851769067961e+29,0.0,0.0,0.0,0.0,0.0,0.0,0.0,0,0,0,0.0,0.0,0.0,0.0,0.0,0.0,0.0,0.0,0.0,0.0,0.0,0.0,0.0,0.0,0.0,0.0,0,-107875648.0,53,0.0,106,-107614832.0,0.0,ERR,ERR,ERR,ERR,ERR,ERR,ERR,ERR,ERR,ERR,ERR,ERR,ERR,ERR,ERR,ERR,ERR,ERR,ERR,ERR,ERR,ERR,ERR,ERR,ERR,ERR,ERR,ERR,ERR,ERR,ERR,ERR,ERR,ERR,ERR,ERR,ERR,ERR,ERR,ERR,ERR,ERR,ERR,ERR,ERR,ERR,ERR,ERR,ERR,ERR,ERR,ERR,ERR,ERR,ERR,ERR,ERR,ERR,ERR,ERR,ERR,ERR,ERR,ERR,ERR,ERR,ERR,50.0,60.0,100,0.0,0.0,0.0,0.0,0.0,0.0,0.0,0.0,0.0,0.0,0.0,0.0,0.0,0.0,0.0,0.0,61.6,73,14,65513,50,65476,0,300,0,0,8,20529,65476,0,0,26214,60.0,0.0,0.0,0.0,0.0,0.0
2026-05-17T18:50:36,ERR,ERR,ERR,ERR,ERR,ERR,ERR,ERR,ERR,ERR,ERR,ERR,ERR,ERR,ERR,ERR,ERR,ERR,ERR,ERR,ERR,ERR,ERR,ERR,ERR,ERR,ERR,ERR,ERR,ERR,ERR,ERR,ERR,ERR,ERR,ERR,ERR,ERR,ERR,ERR,ERR,ERR,ERR,ERR,ERR,ERR,ERR,ERR,ERR,ERR,ERR,ERR,ERR,ERR,ERR,ERR,ERR,ERR,ERR,ERR,ERR,ERR,ERR,ERR,ERR,ERR,ERR,ERR,ERR,ERR,ERR,ERR,ERR,ERR,ERR,ERR,ERR,ERR,ERR,ERR,ERR,ERR,ERR,ERR,ERR,ERR,ERR,ERR,ERR,ERR,ERR,ERR,ERR,ERR,ERR,ERR,ERR,ERR,ERR,ERR,ERR,ERR,ERR,ERR,ERR,ERR,ERR,ERR,ERR,ERR,ERR,ERR,ERR,ERR,ERR,ERR,ERR,ERR,ERR,ERR,ERR,ERR,ERR,ERR,ERR,0.0,0.0,-134474944.0,0.0,0.0,1.3936040501711995e+18,7.805,0.0,0,0,4,0,8422,0.0,45,0.0,0.0,0.0,0.0,0.0,0,0,0,0,0.0,0,0,0,0,0,0,0,0,0,0,0,0,0,0,0,0,0,0,0,0,0,0,0,0,0,0,0,0,0,0,0,0,0,38,14,7,45,65476,0,300,0,0,8,21553,0.0,-107605600.0,0.0,0.0,0.0,0.0,0.0,0.0,0.0,0.0,0.0,0.0,0.0,0.0,0.0,0.0,0.0,0.0,0.0,0.0,0.0,0.0,2.004,2.004,-0.0,0.0,0.0,0.0,0.0,0.0,4890.0,0.0,0.0,0.0,0.0,-107615280.0,2.718429300292151e+23,0.0,0.0,0.0,0.0,53,-0.0,-0.0,0.0,0.0,0.0,0.0,0.0,0.0,0.0,0,0,0,0.0,0.0,0.0,0.0,0.0,0.0,0.0,0.0,0.0,0.0,0.0,0.0,0.0,0.0,0.0,0.0,0,-107875648.0,53,0.0,106,-107614832.0,0.0,ERR,ERR,ERR,ERR,ERR,ERR,ERR,ERR,ERR,ERR,ERR,ERR,ERR,ERR,ERR,ERR,ERR,ERR,ERR,ERR,ERR,ERR,ERR,ERR,ERR,ERR,ERR,ERR,ERR,ERR,ERR,ERR,ERR,ERR,ERR,ERR,ERR,ERR,ERR,ERR,ERR,ERR,ERR,ERR,ERR,ERR,ERR,ERR,ERR,ERR,ERR,ERR,ERR,ERR,ERR,ERR,ERR,ERR,ERR,ERR,ERR,ERR,ERR,ERR,ERR,ERR,ERR,50.0,60.0,100,0.0,0.0,0.0,0.0,0.0,0.0,0.0,0.0,0.0,0.0,0.0,0.0,0.0,0.0,0.0,0.0,61.6,73,14,65513,50,65476,0,300,0,0,8,20529,65476,0,0,26214,60.0,0.0,0.0,0.0,0.0,0.0
2026-05-17T18:50:37,ERR,ERR,ERR,ERR,ERR,ERR,ERR,ERR,ERR,ERR,ERR,ERR,ERR,ERR,ERR,ERR,ERR,ERR,ERR,ERR,ERR,ERR,ERR,ERR,ERR,ERR,ERR,ERR,ERR,ERR,ERR,ERR,ERR,ERR,ERR,ERR,ERR,ERR,ERR,ERR,ERR,ERR,ERR,ERR,ERR,ERR,ERR,ERR,ERR,ERR,ERR,ERR,ERR,ERR,ERR,ERR,ERR,ERR,ERR,ERR,ERR,ERR,ERR,ERR,ERR,ERR,ERR,ERR,ERR,ERR,ERR,ERR,ERR,ERR,ERR,ERR,ERR,ERR,ERR,ERR,ERR,ERR,ERR,ERR,ERR,ERR,ERR,ERR,ERR,ERR,ERR,ERR,ERR,ERR,ERR,ERR,ERR,ERR,ERR,ERR,ERR,ERR,ERR,ERR,ERR,ERR,ERR,ERR,ERR,ERR,ERR,ERR,ERR,ERR,ERR,ERR,ERR,ERR,ERR,ERR,ERR,ERR,ERR,ERR,ERR,0.0,0.0,-134474944.0,0.0,0.0,1.3936040501711995e+18,7.805,0.0,0,0,4,0,8422,0.0,45,0.0,0.0,0.0,0.0,0.0,0,0,0,0,0.0,0,0,0,0,0,0,0,0,0,0,0,0,0,0,0,0,0,0,0,0,0,0,0,0,0,0,0,0,0,0,0,0,0,38,14,7,45,65476,0,300,0,0,8,21553,0.0,-107605600.0,0.0,0.0,0.0,0.0,0.0,0.0,0.0,0.0,0.0,0.0,0.0,0.0,0.0,0.0,0.0,0.0,0.0,0.0,0.0,0.0,2.004,2.004,-0.0,0.0,0.0,0.0,0.0,0.0,4890.0,0.0,0.0,0.0,0.0,-107615280.0,2.718429300292151e+23,0.0,0.0,0.0,0.0,53,-0.0,-0.0,0.0,0.0,0.0,0.0,0.0,0.0,0.0,0,0,0,0.0,0.0,0.0,0.0,0.0,0.0,0.0,0.0,0.0,0.0,0.0,0.0,0.0,0.0,0.0,0.0,0,-107875648.0,53,0.0,106,-107614832.0,0.0,ERR,ERR,ERR,ERR,ERR,ERR,ERR,ERR,ERR,ERR,ERR,ERR,ERR,ERR,ERR,ERR,ERR,ERR,ERR,ERR,ERR,ERR,ERR,ERR,ERR,ERR,ERR,ERR,ERR,ERR,ERR,ERR,ERR,ERR,ERR,ERR,ERR,ERR,ERR,ERR,ERR,ERR,ERR,ERR,ERR,ERR,ERR,ERR,ERR,ERR,ERR,ERR,ERR,ERR,ERR,ERR,ERR,ERR,ERR,ERR,ERR,ERR,ERR,ERR,ERR,ERR,ERR,50.0,60.0,100,0.0,0.0,0.0,0.0,0.0,0.0,0.0,0.0,0.0,0.0,0.0,0.0,0.0,0.0,0.0,0.0,61.6,73,14,65513,50,65476,0,300,0,0,8,20529,65476,0,0,26214,60.0,0.0,0.0,0.0,0.0,0.0
2026-05-17T18:50:38,ERR,ERR,ERR,ERR,ERR,ERR,ERR,ERR,ERR,ERR,ERR,ERR,ERR,ERR,ERR,ERR,ERR,ERR,ERR,ERR,ERR,ERR,ERR,ERR,ERR,ERR,ERR,ERR,ERR,ERR,ERR,ERR,ERR,ERR,ERR,ERR,ERR,ERR,ERR,ERR,ERR,ERR,ERR,ERR,ERR,ERR,ERR,ERR,ERR,ERR,ERR,ERR,ERR,ERR,ERR,ERR,ERR,ERR,ERR,ERR,ERR,ERR,ERR,ERR,ERR,ERR,ERR,ERR,ERR,ERR,ERR,ERR,ERR,ERR,ERR,ERR,ERR,ERR,ERR,ERR,ERR,ERR,ERR,ERR,ERR,ERR,ERR,ERR,ERR,ERR,ERR,ERR,ERR,ERR,ERR,ERR,ERR,ERR,ERR,ERR,ERR,ERR,ERR,ERR,ERR,ERR,ERR,ERR,ERR,ERR,ERR,ERR,ERR,ERR,ERR,ERR,ERR,ERR,ERR,ERR,ERR,ERR,ERR,ERR,ERR,0.0,0.0,-134474944.0,0.0,0.0,1.3936040501711995e+18,7.805,0.0,0,0,4,0,8422,0.0,45,0.0,0.0,0.0,0.0,0.0,0,0,0,0,0.0,0,0,0,0,0,0,0,0,0,0,0,0,0,0,0,0,0,0,0,0,0,0,0,0,0,0,0,0,0,0,0,0,0,38,14,7,45,65476,0,300,0,0,8,21553,0.0,-107605600.0,0.0,0.0,0.0,0.0,0.0,0.0,0.0,0.0,0.0,0.0,0.0,0.0,0.0,0.0,0.0,0.0,0.0,0.0,0.0,0.0,2.004,2.004,-0.0,0.0,0.0,0.0,0.0,0.0,4890.0,0.0,0.0,0.0,0.0,-107615280.0,2.718429300292151e+23,0.0,0.0,0.0,0.0,53,-0.0,-0.0,0.0,0.0,0.0,0.0,0.0,0.0,0.0,0,0,0,0.0,0.0,0.0,0.0,0.0,0.0,0.0,0.0,0.0,0.0,0.0,0.0,0.0,0.0,0.0,0.0,0,-107875648.0,53,0.0,106,-107614832.0,0.0,ERR,ERR,ERR,ERR,ERR,ERR,ERR,ERR,ERR,ERR,ERR,ERR,ERR,ERR,ERR,ERR,ERR,ERR,ERR,ERR,ERR,ERR,ERR,ERR,ERR,ERR,ERR,ERR,ERR,ERR,ERR,ERR,ERR,ERR,ERR,ERR,ERR,ERR,ERR,ERR,ERR,ERR,ERR,ERR,ERR,ERR,ERR,ERR,ERR,ERR,ERR,ERR,ERR,ERR,ERR,ERR,ERR,ERR,ERR,ERR,ERR,ERR,ERR,ERR,ERR,ERR,ERR,50.0,60.0,100,0.0,0.0,0.0,0.0,0.0,0.0,0.0,0.0,0.0,0.0,0.0,0.0,0.0,0.0,0.0,0.0,61.6,73,14,65513,50,65476,0,300,0,0,8,20529,65476,0,0,26214,60.0,0.0,0.0,0.0,0.0,0.0
2026-05-17T18:50:39,ERR,ERR,ERR,ERR,ERR,ERR,ERR,ERR,ERR,ERR,ERR,ERR,ERR,ERR,ERR,ERR,ERR,ERR,ERR,ERR,ERR,ERR,ERR,ERR,ERR,ERR,ERR,ERR,ERR,ERR,ERR,ERR,ERR,ERR,ERR,ERR,ERR,ERR,ERR,ERR,ERR,ERR,ERR,ERR,ERR,ERR,ERR,ERR,ERR,ERR,ERR,ERR,ERR,ERR,ERR,ERR,ERR,ERR,ERR,ERR,ERR,ERR,ERR,ERR,ERR,ERR,ERR,ERR,ERR,ERR,ERR,ERR,ERR,ERR,ERR,ERR,ERR,ERR,ERR,ERR,ERR,ERR,ERR,ERR,ERR,ERR,ERR,ERR,ERR,ERR,ERR,ERR,ERR,ERR,ERR,ERR,ERR,ERR,ERR,ERR,ERR,ERR,ERR,ERR,ERR,ERR,ERR,ERR,ERR,ERR,ERR,ERR,ERR,ERR,ERR,ERR,ERR,ERR,ERR,ERR,ERR,ERR,ERR,ERR,ERR,0.0,0.0,-134474944.0,0.0,0.0,1.3936040501711995e+18,7.805,0.0,0,0,4,0,8422,0.0,45,0.0,0.0,0.0,0.0,0.0,0,0,0,0,0.0,0,0,0,0,0,0,0,0,0,0,0,0,0,0,0,0,0,0,0,0,0,0,0,0,0,0,0,0,0,0,0,0,0,38,14,7,45,65476,0,300,0,0,8,21553,0.0,-107605600.0,0.0,0.0,0.0,0.0,0.0,0.0,0.0,0.0,0.0,0.0,0.0,0.0,0.0,0.0,0.0,0.0,0.0,0.0,0.0,0.0,2.004,2.004,-0.0,0.0,0.0,0.0,0.0,0.0,4890.0,0.0,0.0,0.0,0.0,-107615280.0,2.718429300292151e+23,0.0,0.0,0.0,0.0,53,-0.0,-0.0,0.0,0.0,0.0,0.0,0.0,0.0,0.0,0,0,0,0.0,0.0,0.0,0.0,0.0,0.0,0.0,0.0,0.0,0.0,0.0,0.0,0.0,0.0,0.0,0.0,0,-107875648.0,53,0.0,106,-107614832.0,0.0,ERR,ERR,ERR,ERR,ERR,ERR,ERR,ERR,ERR,ERR,ERR,ERR,ERR,ERR,ERR,ERR,ERR,ERR,ERR,ERR,ERR,ERR,ERR,ERR,ERR,ERR,ERR,ERR,ERR,ERR,ERR,ERR,ERR,ERR,ERR,ERR,ERR,ERR,ERR,ERR,ERR,ERR,ERR,ERR,ERR,ERR,ERR,ERR,ERR,ERR,ERR,ERR,ERR,ERR,ERR,ERR,ERR,ERR,ERR,ERR,ERR,ERR,ERR,ERR,ERR,ERR,ERR,50.0,60.0,100,0.0,0.0,0.0,0.0,0.0,0.0,0.0,0.0,0.0,0.0,0.0,0.0,0.0,0.0,0.0,0.0,62.0,73,14,65513,50,65476,0,300,0,0,8,20529,65476,0,0,26214,60.0,0.0,0.0,0.0,0.0,0.0
2026-05-17T18:50:40,ERR,ERR,ERR,ERR,ERR,ERR,ERR,ERR,ERR,ERR,ERR,ERR,ERR,ERR,ERR,ERR,ERR,ERR,ERR,ERR,ERR,ERR,ERR,ERR,ERR,ERR,ERR,ERR,ERR,ERR,ERR,ERR,ERR,ERR,ERR,ERR,ERR,ERR,ERR,ERR,ERR,ERR,ERR,ERR,ERR,ERR,ERR,ERR,ERR,ERR,ERR,ERR,ERR,ERR,ERR,ERR,ERR,ERR,ERR,ERR,ERR,ERR,ERR,ERR,ERR,ERR,ERR,ERR,ERR,ERR,ERR,ERR,ERR,ERR,ERR,ERR,ERR,ERR,ERR,ERR,ERR,ERR,ERR,ERR,ERR,ERR,ERR,ERR,ERR,ERR,ERR,ERR,ERR,ERR,ERR,ERR,ERR,ERR,ERR,ERR,ERR,ERR,ERR,ERR,ERR,ERR,ERR,ERR,ERR,ERR,ERR,ERR,ERR,ERR,ERR,ERR,ERR,ERR,ERR,ERR,ERR,ERR,ERR,ERR,ERR,0.0,0.0,-134474944.0,0.0,0.0,1.3936040501711995e+18,7.805,0.0,0,0,4,0,8422,0.0,45,0.0,0.0,0.0,0.0,0.0,0,0,0,0,0.0,0,0,0,0,0,0,0,0,0,0,0,0,0,0,0,0,0,0,0,0,0,0,0,0,0,0,0,0,0,0,0,0,0,38,14,7,45,65476,0,300,0,0,8,21553,0.0,-107605600.0,0.0,0.0,0.0,0.0,0.0,0.0,0.0,0.0,0.0,0.0,0.0,0.0,0.0,0.0,0.0,0.0,0.0,0.0,0.0,0.0,2.004,2.004,-0.0,0.0,0.0,0.0,0.0,0.0,4890.0,0.0,0.0,0.0,0.0,-107615280.0,2.718429300292151e+23,0.0,0.0,0.0,0.0,53,-0.0,-0.0,0.0,0.0,0.0,0.0,0.0,0.0,0.0,0,0,0,0.0,0.0,0.0,0.0,0.0,0.0,0.0,0.0,0.0,0.0,0.0,0.0,0.0,0.0,0.0,0.0,0,-107875648.0,53,0.0,106,-107614832.0,0.0,ERR,ERR,ERR,ERR,ERR,ERR,ERR,ERR,ERR,ERR,ERR,ERR,ERR,ERR,ERR,ERR,ERR,ERR,ERR,ERR,ERR,ERR,ERR,ERR,ERR,ERR,ERR,ERR,ERR,ERR,ERR,ERR,ERR,ERR,ERR,ERR,ERR,ERR,ERR,ERR,ERR,ERR,ERR,ERR,ERR,ERR,ERR,ERR,ERR,ERR,ERR,ERR,ERR,ERR,ERR,ERR,ERR,ERR,ERR,ERR,ERR,ERR,ERR,ERR,ERR,ERR,ERR,50.0,60.0,100,0.0,0.0,0.0,0.0,0.0,0.0,0.0,0.0,0.0,0.0,0.0,0.0,0.0,0.0,0.0,0.0,62.0,73,14,65513,50,65476,0,300,0,0,8,20529,65476,0,0,26214,60.0,0.0,0.0,0.0,0.0,0.0
2026-05-17T18:50:41,ERR,ERR,ERR,ERR,ERR,ERR,ERR,ERR,ERR,ERR,ERR,ERR,ERR,ERR,ERR,ERR,ERR,ERR,ERR,ERR,ERR,ERR,ERR,ERR,ERR,ERR,ERR,ERR,ERR,ERR,ERR,ERR,ERR,ERR,ERR,ERR,ERR,ERR,ERR,ERR,ERR,ERR,ERR,ERR,ERR,ERR,ERR,ERR,ERR,ERR,ERR,ERR,ERR,ERR,ERR,ERR,ERR,ERR,ERR,ERR,ERR,ERR,ERR,ERR,ERR,ERR,ERR,ERR,ERR,ERR,ERR,ERR,ERR,ERR,ERR,ERR,ERR,ERR,ERR,ERR,ERR,ERR,ERR,ERR,ERR,ERR,ERR,ERR,ERR,ERR,ERR,ERR,ERR,ERR,ERR,ERR,ERR,ERR,ERR,ERR,ERR,ERR,ERR,ERR,ERR,ERR,ERR,ERR,ERR,ERR,ERR,ERR,ERR,ERR,ERR,ERR,ERR,ERR,ERR,ERR,ERR,ERR,ERR,ERR,ERR,0.0,0.0,-134474944.0,0.0,0.0,1.3936040501711995e+18,7.805,0.0,0,0,4,0,8422,0.0,45,0.0,0.0,0.0,0.0,0.0,0,0,0,0,0.0,0,0,0,0,0,0,0,0,0,0,0,0,0,0,0,0,0,0,0,0,0,0,0,0,0,0,0,0,0,0,0,0,0,38,14,7,45,65476,0,300,0,0,8,21553,0.0,-107605600.0,0.0,0.0,0.0,0.0,0.0,0.0,0.0,0.0,0.0,0.0,0.0,0.0,0.0,0.0,0.0,0.0,0.0,0.0,0.0,0.0,2.004,2.004,-0.0,0.0,0.0,0.0,0.0,0.0,4859.0,564145497833472.0,0.0,0.0,0.0,-107615280.0,2.718429300292151e+23,0.0,0.0,0.0,0.0,53,-0.0,-0.0,0.0,0.0,0.0,0.0,0.0,0.0,0.0,0,0,0,0.0,0.0,0.0,0.0,0.0,0.0,0.0,0.0,0.0,0.0,0.0,0.0,0.0,0.0,0.0,0.0,0,-107875648.0,53,0.0,106,-107614832.0,0.0,ERR,ERR,ERR,ERR,ERR,ERR,ERR,ERR,ERR,ERR,ERR,ERR,ERR,ERR,ERR,ERR,ERR,ERR,ERR,ERR,ERR,ERR,ERR,ERR,ERR,ERR,ERR,ERR,ERR,ERR,ERR,ERR,ERR,ERR,ERR,ERR,ERR,ERR,ERR,ERR,ERR,ERR,ERR,ERR,ERR,ERR,ERR,ERR,ERR,ERR,ERR,ERR,ERR,ERR,ERR,ERR,ERR,ERR,ERR,ERR,ERR,ERR,ERR,ERR,ERR,ERR,ERR,50.0,60.0,100,0.0,0.0,0.0,0.0,0.0,0.0,0.0,0.0,0.0,0.0,0.0,0.0,0.0,0.0,0.0,0.0,61.6,73,14,65513,50,65476,0,300,0,0,8,20529,65476,0,0,26214,60.0,0.0,0.0,0.0,0.0,0.0
2026-05-17T18:50:42,ERR,ERR,ERR,ERR,ERR,ERR,ERR,ERR,ERR,ERR,ERR,ERR,ERR,ERR,ERR,ERR,ERR,ERR,ERR,ERR,ERR,ERR,ERR,ERR,ERR,ERR,ERR,ERR,ERR,ERR,ERR,ERR,ERR,ERR,ERR,ERR,ERR,ERR,ERR,ERR,ERR,ERR,ERR,ERR,ERR,ERR,ERR,ERR,ERR,ERR,ERR,ERR,ERR,ERR,ERR,ERR,ERR,ERR,ERR,ERR,ERR,ERR,ERR,ERR,ERR,ERR,ERR,ERR,ERR,ERR,ERR,ERR,ERR,ERR,ERR,ERR,ERR,ERR,ERR,ERR,ERR,ERR,ERR,ERR,ERR,ERR,ERR,ERR,ERR,ERR,ERR,ERR,ERR,ERR,ERR,ERR,ERR,ERR,ERR,ERR,ERR,ERR,ERR,ERR,ERR,ERR,ERR,ERR,ERR,ERR,ERR,ERR,ERR,ERR,ERR,ERR,ERR,ERR,ERR,ERR,ERR,ERR,ERR,ERR,ERR,0.0,0.0,-134474944.0,0.0,0.0,1.3936040501711995e+18,7.805,0.0,0,0,4,0,8422,0.0,45,0.0,0.0,0.0,0.0,0.0,0,0,0,0,0.0,0,0,0,0,0,0,0,0,0,0,0,0,0,0,0,0,0,0,0,0,0,0,0,0,0,0,0,0,0,0,0,0,0,38,14,7,45,65476,0,300,0,0,8,21553,0.0,-107605600.0,0.0,0.0,0.0,0.0,0.0,0.0,0.0,0.0,0.0,0.0,0.0,0.0,0.0,0.0,0.0,0.0,0.0,0.0,0.0,0.0,2.004,2.004,-0.0,0.0,0.0,0.0,0.0,0.0,4859.0,564145497833472.0,0.0,0.0,0.0,-107615280.0,2.718429300292151e+23,0.0,0.0,0.0,0.0,53,-0.0,-0.0,0.0,0.0,0.0,0.0,0.0,0.0,0.0,0,0,0,0.0,0.0,0.0,0.0,0.0,0.0,0.0,0.0,0.0,0.0,0.0,0.0,0.0,0.0,0.0,0.0,0,-107875648.0,53,0.0,106,-107614832.0,0.0,ERR,ERR,ERR,ERR,ERR,ERR,ERR,ERR,ERR,ERR,ERR,ERR,ERR,ERR,ERR,ERR,ERR,ERR,ERR,ERR,ERR,ERR,ERR,ERR,ERR,ERR,ERR,ERR,ERR,ERR,ERR,ERR,ERR,ERR,ERR,ERR,ERR,ERR,ERR,ERR,ERR,ERR,ERR,ERR,ERR,ERR,ERR,ERR,ERR,ERR,ERR,ERR,ERR,ERR,ERR,ERR,ERR,ERR,ERR,ERR,ERR,ERR,ERR,ERR,ERR,ERR,ERR,50.0,60.0,100,0.0,0.0,0.0,0.0,0.0,0.0,0.0,0.0,0.0,0.0,0.0,0.0,0.0,0.0,0.0,0.0,61.6,73,14,65513,50,65476,0,300,0,0,8,20529,65476,0,0,26214,60.0,0.0,0.0,0.0,0.0,0.0
2026-05-17T18:50:43,ERR,ERR,ERR,ERR,ERR,ERR,ERR,ERR,ERR,ERR,ERR,ERR,ERR,ERR,ERR,ERR,ERR,ERR,ERR,ERR,ERR,ERR,ERR,ERR,ERR,ERR,ERR,ERR,ERR,ERR,ERR,ERR,ERR,ERR,ERR,ERR,ERR,ERR,ERR,ERR,ERR,ERR,ERR,ERR,ERR,ERR,ERR,ERR,ERR,ERR,ERR,ERR,ERR,ERR,ERR,ERR,ERR,ERR,ERR,ERR,ERR,ERR,ERR,ERR,ERR,ERR,ERR,ERR,ERR,ERR,ERR,ERR,ERR,ERR,ERR,ERR,ERR,ERR,ERR,ERR,ERR,ERR,ERR,ERR,ERR,ERR,ERR,ERR,ERR,ERR,ERR,ERR,ERR,ERR,ERR,ERR,ERR,ERR,ERR,ERR,ERR,ERR,ERR,ERR,ERR,ERR,ERR,ERR,ERR,ERR,ERR,ERR,ERR,ERR,ERR,ERR,ERR,ERR,ERR,ERR,ERR,ERR,ERR,ERR,ERR,0.0,0.0,-134474944.0,0.0,0.0,1.3936040501711995e+18,7.805,0.0,0,0,4,0,8422,0.0,45,0.0,0.0,0.0,0.0,0.0,0,0,0,0,0.0,0,0,0,0,0,0,0,0,0,0,0,0,0,0,0,0,0,0,0,0,0,0,0,0,0,0,0,0,0,0,0,0,0,38,14,7,45,65476,0,300,0,0,8,21553,0.0,-107605600.0,0.0,0.0,0.0,0.0,0.0,0.0,0.0,0.0,0.0,0.0,0.0,0.0,0.0,0.0,0.0,0.0,0.0,0.0,0.0,0.0,2.004,2.004,-0.0,0.0,0.0,0.0,0.0,0.0,4859.0,564145497833472.0,0.0,0.0,0.0,-107615280.0,2.718429300292151e+23,0.0,0.0,0.0,0.0,53,-0.0,-0.0,0.0,0.0,0.0,0.0,0.0,0.0,0.0,0,0,0,0.0,0.0,0.0,0.0,0.0,0.0,0.0,0.0,0.0,0.0,0.0,0.0,0.0,0.0,0.0,0.0,0,-107875648.0,53,0.0,106,-107614832.0,0.0,ERR,ERR,ERR,ERR,ERR,ERR,ERR,ERR,ERR,ERR,ERR,ERR,ERR,ERR,ERR,ERR,ERR,ERR,ERR,ERR,ERR,ERR,ERR,ERR,ERR,ERR,ERR,ERR,ERR,ERR,ERR,ERR,ERR,ERR,ERR,ERR,ERR,ERR,ERR,ERR,ERR,ERR,ERR,ERR,ERR,ERR,ERR,ERR,ERR,ERR,ERR,ERR,ERR,ERR,ERR,ERR,ERR,ERR,ERR,ERR,ERR,ERR,ERR,ERR,ERR,ERR,ERR,50.0,60.0,100,0.0,0.0,0.0,0.0,0.0,0.0,0.0,0.0,0.0,0.0,0.0,0.0,0.0,0.0,0.0,0.0,62.0,73,14,65513,50,65476,0,300,0,0,8,20529,65476,0,0,26214,60.0,0.0,0.0,0.0,0.0,0.0
2026-05-17T18:50:44,ERR,ERR,ERR,ERR,ERR,ERR,ERR,ERR,ERR,ERR,ERR,ERR,ERR,ERR,ERR,ERR,ERR,ERR,ERR,ERR,ERR,ERR,ERR,ERR,ERR,ERR,ERR,ERR,ERR,ERR,ERR,ERR,ERR,ERR,ERR,ERR,ERR,ERR,ERR,ERR,ERR,ERR,ERR,ERR,ERR,ERR,ERR,ERR,ERR,ERR,ERR,ERR,ERR,ERR,ERR,ERR,ERR,ERR,ERR,ERR,ERR,ERR,ERR,ERR,ERR,ERR,ERR,ERR,ERR,ERR,ERR,ERR,ERR,ERR,ERR,ERR,ERR,ERR,ERR,ERR,ERR,ERR,ERR,ERR,ERR,ERR,ERR,ERR,ERR,ERR,ERR,ERR,ERR,ERR,ERR,ERR,ERR,ERR,ERR,ERR,ERR,ERR,ERR,ERR,ERR,ERR,ERR,ERR,ERR,ERR,ERR,ERR,ERR,ERR,ERR,ERR,ERR,ERR,ERR,ERR,ERR,ERR,ERR,ERR,ERR,0.0,0.0,-134474944.0,0.0,0.0,1.3936040501711995e+18,7.805,0.0,0,0,4,0,8422,0.0,45,0.0,0.0,0.0,0.0,0.0,0,0,0,0,0.0,0,0,0,0,0,0,0,0,0,0,0,0,0,0,0,0,0,0,0,0,0,0,0,0,0,0,0,0,0,0,0,0,0,38,14,7,45,65476,0,300,0,0,8,21553,0.0,-107605600.0,0.0,0.0,0.0,0.0,0.0,0.0,0.0,0.0,0.0,0.0,0.0,0.0,0.0,0.0,0.0,0.0,0.0,0.0,0.0,0.0,2.004,2.004,-0.0,0.0,0.0,0.0,0.0,0.0,4859.0,564145497833472.0,0.0,0.0,0.0,-107615280.0,2.718429300292151e+23,0.0,0.0,0.0,0.0,53,-0.0,-0.0,0.0,0.0,0.0,0.0,0.0,0.0,0.0,0,0,0,0.0,0.0,0.0,0.0,0.0,0.0,0.0,0.0,0.0,0.0,0.0,0.0,0.0,0.0,0.0,0.0,0,-107875648.0,53,0.0,106,-107614832.0,0.0,ERR,ERR,ERR,ERR,ERR,ERR,ERR,ERR,ERR,ERR,ERR,ERR,ERR,ERR,ERR,ERR,ERR,ERR,ERR,ERR,ERR,ERR,ERR,ERR,ERR,ERR,ERR,ERR,ERR,ERR,ERR,ERR,ERR,ERR,ERR,ERR,ERR,ERR,ERR,ERR,ERR,ERR,ERR,ERR,ERR,ERR,ERR,ERR,ERR,ERR,ERR,ERR,ERR,ERR,ERR,ERR,ERR,ERR,ERR,ERR,ERR,ERR,ERR,ERR,ERR,ERR,ERR,50.0,60.0,100,0.0,0.0,0.0,0.0,0.0,0.0,0.0,0.0,0.0,0.0,0.0,0.0,0.0,0.0,0.0,0.0,62.0,73,14,65513,50,65476,0,300,0,0,8,20529,65476,0,0,26214,60.0,0.0,0.0,0.0,0.0,0.0
2026-05-17T18:50:45,ERR,ERR,ERR,ERR,ERR,ERR,ERR,ERR,ERR,ERR,ERR,ERR,ERR,ERR,ERR,ERR,ERR,ERR,ERR,ERR,ERR,ERR,ERR,ERR,ERR,ERR,ERR,ERR,ERR,ERR,ERR,ERR,ERR,ERR,ERR,ERR,ERR,ERR,ERR,ERR,ERR,ERR,ERR,ERR,ERR,ERR,ERR,ERR,ERR,ERR,ERR,ERR,ERR,ERR,ERR,ERR,ERR,ERR,ERR,ERR,ERR,ERR,ERR,ERR,ERR,ERR,ERR,ERR,ERR,ERR,ERR,ERR,ERR,ERR,ERR,ERR,ERR,ERR,ERR,ERR,ERR,ERR,ERR,ERR,ERR,ERR,ERR,ERR,ERR,ERR,ERR,ERR,ERR,ERR,ERR,ERR,ERR,ERR,ERR,ERR,ERR,ERR,ERR,ERR,ERR,ERR,ERR,ERR,ERR,ERR,ERR,ERR,ERR,ERR,ERR,ERR,ERR,ERR,ERR,ERR,ERR,ERR,ERR,ERR,ERR,0.0,0.0,-134474944.0,0.0,0.0,1.3936040501711995e+18,7.805,0.0,0,0,4,0,8422,0.0,45,0.0,0.0,0.0,0.0,0.0,0,0,0,0,0.0,0,0,0,0,0,0,0,0,0,0,0,0,0,0,0,0,0,0,0,0,0,0,0,0,0,0,0,0,0,0,0,0,0,38,14,7,45,65476,0,300,0,0,8,21553,0.0,-107605600.0,0.0,0.0,0.0,0.0,0.0,0.0,0.0,0.0,0.0,0.0,0.0,0.0,0.0,0.0,0.0,0.0,0.0,0.0,0.0,0.0,2.004,2.004,-0.0,0.0,0.0,0.0,0.0,0.0,4859.0,564145497833472.0,0.0,0.0,0.0,-107615280.0,2.718429300292151e+23,0.0,0.0,0.0,0.0,53,-0.0,-0.0,0.0,0.0,0.0,0.0,0.0,0.0,0.0,0,0,0,0.0,0.0,0.0,0.0,0.0,0.0,0.0,0.0,0.0,0.0,0.0,0.0,0.0,0.0,0.0,0.0,0,-107875648.0,53,0.0,106,-107614832.0,0.0,ERR,ERR,ERR,ERR,ERR,ERR,ERR,ERR,ERR,ERR,ERR,ERR,ERR,ERR,ERR,ERR,ERR,ERR,ERR,ERR,ERR,ERR,ERR,ERR,ERR,ERR,ERR,ERR,ERR,ERR,ERR,ERR,ERR,ERR,ERR,ERR,ERR,ERR,ERR,ERR,ERR,ERR,ERR,ERR,ERR,ERR,ERR,ERR,ERR,ERR,ERR,ERR,ERR,ERR,ERR,ERR,ERR,ERR,ERR,ERR,ERR,ERR,ERR,ERR,ERR,ERR,ERR,50.0,60.0,100,0.0,0.0,0.0,0.0,0.0,0.0,0.0,0.0,0.0,0.0,0.0,0.0,0.0,0.0,0.0,0.0,61.6,73,14,65513,50,65476,0,300,0,0,8,20529,65476,0,0,26214,60.0,0.0,0.0,0.0,0.0,0.0
2026-05-17T18:50:46,ERR,ERR,ERR,ERR,ERR,ERR,ERR,ERR,ERR,ERR,ERR,ERR,ERR,ERR,ERR,ERR,ERR,ERR,ERR,ERR,ERR,ERR,ERR,ERR,ERR,ERR,ERR,ERR,ERR,ERR,ERR,ERR,ERR,ERR,ERR,ERR,ERR,ERR,ERR,ERR,ERR,ERR,ERR,ERR,ERR,ERR,ERR,ERR,ERR,ERR,ERR,ERR,ERR,ERR,ERR,ERR,ERR,ERR,ERR,ERR,ERR,ERR,ERR,ERR,ERR,ERR,ERR,ERR,ERR,ERR,ERR,ERR,ERR,ERR,ERR,ERR,ERR,ERR,ERR,ERR,ERR,ERR,ERR,ERR,ERR,ERR,ERR,ERR,ERR,ERR,ERR,ERR,ERR,ERR,ERR,ERR,ERR,ERR,ERR,ERR,ERR,ERR,ERR,ERR,ERR,ERR,ERR,ERR,ERR,ERR,ERR,ERR,ERR,ERR,ERR,ERR,ERR,ERR,ERR,ERR,ERR,ERR,ERR,ERR,ERR,0.0,0.0,-134474944.0,0.0,0.0,1.3936040501711995e+18,7.805,0.0,0,0,4,0,8422,0.0,45,0.0,0.0,0.0,0.0,0.0,0,0,0,0,0.0,0,0,0,0,0,0,0,0,0,0,0,0,0,0,0,0,0,0,0,0,0,0,0,0,0,0,0,0,0,0,0,0,0,38,14,7,45,65476,0,300,0,0,8,21553,0.0,-107605600.0,0.0,0.0,0.0,0.0,0.0,0.0,0.0,0.0,0.0,0.0,0.0,0.0,0.0,0.0,0.0,0.0,0.0,0.0,0.0,0.0,2.004,2.004,-0.0,0.0,0.0,0.0,0.0,0.0,4854.0,0.0,0.0,0.0,0.0,-107615280.0,2.718429300292151e+23,0.0,0.0,0.0,0.0,53,-0.0,4.0668510134893235e+29,0.0,0.0,0.0,0.0,0.0,0.0,0.0,0,0,0,0.0,0.0,0.0,0.0,0.0,0.0,0.0,0.0,0.0,0.0,0.0,0.0,0.0,0.0,0.0,0.0,0,-107875648.0,53,0.0,106,-107614832.0,0.0,ERR,ERR,ERR,ERR,ERR,ERR,ERR,ERR,ERR,ERR,ERR,ERR,ERR,ERR,ERR,ERR,ERR,ERR,ERR,ERR,ERR,ERR,ERR,ERR,ERR,ERR,ERR,ERR,ERR,ERR,ERR,ERR,ERR,ERR,ERR,ERR,ERR,ERR,ERR,ERR,ERR,ERR,ERR,ERR,ERR,ERR,ERR,ERR,ERR,ERR,ERR,ERR,ERR,ERR,ERR,ERR,ERR,ERR,ERR,ERR,ERR,ERR,ERR,ERR,ERR,ERR,ERR,50.0,60.0,100,0.0,0.0,0.0,0.0,0.0,0.0,0.0,0.0,0.0,0.0,0.0,0.0,0.0,0.0,0.0,0.0,61.6,73,14,65513,50,65476,0,300,0,0,8,20529,65476,0,0,26214,60.0,0.0,0.0,0.0,0.0,0.0
2026-05-17T18:50:47,ERR,ERR,ERR,ERR,ERR,ERR,ERR,ERR,ERR,ERR,ERR,ERR,ERR,ERR,ERR,ERR,ERR,ERR,ERR,ERR,ERR,ERR,ERR,ERR,ERR,ERR,ERR,ERR,ERR,ERR,ERR,ERR,ERR,ERR,ERR,ERR,ERR,ERR,ERR,ERR,ERR,ERR,ERR,ERR,ERR,ERR,ERR,ERR,ERR,ERR,ERR,ERR,ERR,ERR,ERR,ERR,ERR,ERR,ERR,ERR,ERR,ERR,ERR,ERR,ERR,ERR,ERR,ERR,ERR,ERR,ERR,ERR,ERR,ERR,ERR,ERR,ERR,ERR,ERR,ERR,ERR,ERR,ERR,ERR,ERR,ERR,ERR,ERR,ERR,ERR,ERR,ERR,ERR,ERR,ERR,ERR,ERR,ERR,ERR,ERR,ERR,ERR,ERR,ERR,ERR,ERR,ERR,ERR,ERR,ERR,ERR,ERR,ERR,ERR,ERR,ERR,ERR,ERR,ERR,ERR,ERR,ERR,ERR,ERR,ERR,0.0,0.0,-134474944.0,0.0,0.0,1.3936040501711995e+18,7.805,0.0,0,0,4,0,8422,0.0,45,0.0,0.0,0.0,0.0,0.0,0,0,0,0,0.0,0,0,0,0,0,0,0,0,0,0,0,0,0,0,0,0,0,0,0,0,0,0,0,0,0,0,0,0,0,0,0,0,0,38,14,7,45,65476,0,300,0,0,8,21553,0.0,-107605600.0,0.0,0.0,0.0,0.0,0.0,0.0,0.0,0.0,0.0,0.0,0.0,0.0,0.0,0.0,0.0,0.0,0.0,0.0,0.0,0.0,2.004,2.004,-0.0,0.0,0.0,0.0,0.0,0.0,4854.0,0.0,0.0,0.0,0.0,-107615280.0,2.718429300292151e+23,0.0,0.0,0.0,0.0,53,-0.0,4.0668510134893235e+29,0.0,0.0,0.0,0.0,0.0,0.0,0.0,0,0,0,0.0,0.0,0.0,0.0,0.0,0.0,0.0,0.0,0.0,0.0,0.0,0.0,0.0,0.0,0.0,0.0,0,-107875648.0,53,0.0,106,-107614832.0,0.0,ERR,ERR,ERR,ERR,ERR,ERR,ERR,ERR,ERR,ERR,ERR,ERR,ERR,ERR,ERR,ERR,ERR,ERR,ERR,ERR,ERR,ERR,ERR,ERR,ERR,ERR,ERR,ERR,ERR,ERR,ERR,ERR,ERR,ERR,ERR,ERR,ERR,ERR,ERR,ERR,ERR,ERR,ERR,ERR,ERR,ERR,ERR,ERR,ERR,ERR,ERR,ERR,ERR,ERR,ERR,ERR,ERR,ERR,ERR,ERR,ERR,ERR,ERR,ERR,ERR,ERR,ERR,50.0,60.0,100,0.0,0.0,0.0,0.0,0.0,0.0,0.0,0.0,0.0,0.0,0.0,0.0,0.0,0.0,0.0,0.0,61.6,73,14,65513,50,65476,0,300,0,0,8,20529,65476,0,0,26214,60.0,0.0,0.0,0.0,0.0,0.0
2026-05-17T18:50:48,ERR,ERR,ERR,ERR,ERR,ERR,ERR,ERR,ERR,ERR,ERR,ERR,ERR,ERR,ERR,ERR,ERR,ERR,ERR,ERR,ERR,ERR,ERR,ERR,ERR,ERR,ERR,ERR,ERR,ERR,ERR,ERR,ERR,ERR,ERR,ERR,ERR,ERR,ERR,ERR,ERR,ERR,ERR,ERR,ERR,ERR,ERR,ERR,ERR,ERR,ERR,ERR,ERR,ERR,ERR,ERR,ERR,ERR,ERR,ERR,ERR,ERR,ERR,ERR,ERR,ERR,ERR,ERR,ERR,ERR,ERR,ERR,ERR,ERR,ERR,ERR,ERR,ERR,ERR,ERR,ERR,ERR,ERR,ERR,ERR,ERR,ERR,ERR,ERR,ERR,ERR,ERR,ERR,ERR,ERR,ERR,ERR,ERR,ERR,ERR,ERR,ERR,ERR,ERR,ERR,ERR,ERR,ERR,ERR,ERR,ERR,ERR,ERR,ERR,ERR,ERR,ERR,ERR,ERR,ERR,ERR,ERR,ERR,ERR,ERR,0.0,0.0,-134474944.0,0.0,0.0,1.3936040501711995e+18,7.805,0.0,0,0,4,0,8422,0.0,45,0.0,0.0,0.0,0.0,0.0,0,0,0,0,0.0,0,0,0,0,0,0,0,0,0,0,0,0,0,0,0,0,0,0,0,0,0,0,0,0,0,0,0,0,0,0,0,0,0,38,14,7,45,65476,0,300,0,0,8,21553,0.0,-107605600.0,0.0,0.0,0.0,0.0,0.0,0.0,0.0,0.0,0.0,0.0,0.0,0.0,0.0,0.0,0.0,0.0,0.0,0.0,0.0,0.0,2.004,2.004,-0.0,0.0,0.0,0.0,0.0,0.0,4854.0,0.0,0.0,0.0,0.0,-107615280.0,2.718429300292151e+23,0.0,0.0,0.0,0.0,53,-0.0,4.0668510134893235e+29,0.0,0.0,0.0,0.0,0.0,0.0,0.0,0,0,0,0.0,0.0,0.0,0.0,0.0,0.0,0.0,0.0,0.0,0.0,0.0,0.0,0.0,0.0,0.0,0.0,0,-107875648.0,53,0.0,106,-107614832.0,0.0,ERR,ERR,ERR,ERR,ERR,ERR,ERR,ERR,ERR,ERR,ERR,ERR,ERR,ERR,ERR,ERR,ERR,ERR,ERR,ERR,ERR,ERR,ERR,ERR,ERR,ERR,ERR,ERR,ERR,ERR,ERR,ERR,ERR,ERR,ERR,ERR,ERR,ERR,ERR,ERR,ERR,ERR,ERR,ERR,ERR,ERR,ERR,ERR,ERR,ERR,ERR,ERR,ERR,ERR,ERR,ERR,ERR,ERR,ERR,ERR,ERR,ERR,ERR,ERR,ERR,ERR,ERR,50.0,60.0,100,0.0,0.0,0.0,0.0,0.0,0.0,0.0,0.0,0.0,0.0,0.0,0.0,0.0,0.0,0.0,0.0,61.6,73,14,65513,50,65476,0,300,0,0,8,20529,65476,0,0,26214,60.0,0.0,0.0,0.0,0.0,0.0
2026-05-17T18:50:49,ERR,ERR,ERR,ERR,ERR,ERR,ERR,ERR,ERR,ERR,ERR,ERR,ERR,ERR,ERR,ERR,ERR,ERR,ERR,ERR,ERR,ERR,ERR,ERR,ERR,ERR,ERR,ERR,ERR,ERR,ERR,ERR,ERR,ERR,ERR,ERR,ERR,ERR,ERR,ERR,ERR,ERR,ERR,ERR,ERR,ERR,ERR,ERR,ERR,ERR,ERR,ERR,ERR,ERR,ERR,ERR,ERR,ERR,ERR,ERR,ERR,ERR,ERR,ERR,ERR,ERR,ERR,ERR,ERR,ERR,ERR,ERR,ERR,ERR,ERR,ERR,ERR,ERR,ERR,ERR,ERR,ERR,ERR,ERR,ERR,ERR,ERR,ERR,ERR,ERR,ERR,ERR,ERR,ERR,ERR,ERR,ERR,ERR,ERR,ERR,ERR,ERR,ERR,ERR,ERR,ERR,ERR,ERR,ERR,ERR,ERR,ERR,ERR,ERR,ERR,ERR,ERR,ERR,ERR,ERR,ERR,ERR,ERR,ERR,ERR,0.0,0.0,-134474944.0,0.0,0.0,1.3936040501711995e+18,7.805,0.0,0,0,4,0,8422,0.0,45,0.0,0.0,0.0,0.0,0.0,0,0,0,0,0.0,0,0,0,0,0,0,0,0,0,0,0,0,0,0,0,0,0,0,0,0,0,0,0,0,0,0,0,0,0,0,0,0,0,38,14,7,45,65476,0,300,0,0,8,21553,0.0,-107605600.0,0.0,0.0,0.0,0.0,0.0,0.0,0.0,0.0,0.0,0.0,0.0,0.0,0.0,0.0,0.0,0.0,0.0,0.0,0.0,0.0,2.004,2.004,-0.0,0.0,0.0,0.0,0.0,0.0,4854.0,0.0,0.0,0.0,0.0,-107615280.0,2.718429300292151e+23,0.0,0.0,0.0,0.0,53,-0.0,4.0668510134893235e+29,0.0,0.0,0.0,0.0,0.0,0.0,0.0,0,0,0,0.0,0.0,0.0,0.0,0.0,0.0,0.0,0.0,0.0,0.0,0.0,0.0,0.0,0.0,0.0,0.0,0,-107875648.0,53,0.0,106,-107614832.0,0.0,ERR,ERR,ERR,ERR,ERR,ERR,ERR,ERR,ERR,ERR,ERR,ERR,ERR,ERR,ERR,ERR,ERR,ERR,ERR,ERR,ERR,ERR,ERR,ERR,ERR,ERR,ERR,ERR,ERR,ERR,ERR,ERR,ERR,ERR,ERR,ERR,ERR,ERR,ERR,ERR,ERR,ERR,ERR,ERR,ERR,ERR,ERR,ERR,ERR,ERR,ERR,ERR,ERR,ERR,ERR,ERR,ERR,ERR,ERR,ERR,ERR,ERR,ERR,ERR,ERR,ERR,ERR,50.0,60.0,100,0.0,0.0,0.0,0.0,0.0,0.0,0.0,0.0,0.0,0.0,0.0,0.0,0.0,0.0,0.0,0.0,61.6,73,14,65513,50,65476,0,300,0,0,8,20529,65476,0,0,26214,60.0,0.0,0.0,0.0,0.0,0.0
2026-05-17T18:50:50,ERR,ERR,ERR,ERR,ERR,ERR,ERR,ERR,ERR,ERR,ERR,ERR,ERR,ERR,ERR,ERR,ERR,ERR,ERR,ERR,ERR,ERR,ERR,ERR,ERR,ERR,ERR,ERR,ERR,ERR,ERR,ERR,ERR,ERR,ERR,ERR,ERR,ERR,ERR,ERR,ERR,ERR,ERR,ERR,ERR,ERR,ERR,ERR,ERR,ERR,ERR,ERR,ERR,ERR,ERR,ERR,ERR,ERR,ERR,ERR,ERR,ERR,ERR,ERR,ERR,ERR,ERR,ERR,ERR,ERR,ERR,ERR,ERR,ERR,ERR,ERR,ERR,ERR,ERR,ERR,ERR,ERR,ERR,ERR,ERR,ERR,ERR,ERR,ERR,ERR,ERR,ERR,ERR,ERR,ERR,ERR,ERR,ERR,ERR,ERR,ERR,ERR,ERR,ERR,ERR,ERR,ERR,ERR,ERR,ERR,ERR,ERR,ERR,ERR,ERR,ERR,ERR,ERR,ERR,ERR,ERR,ERR,ERR,ERR,ERR,0.0,0.0,-134474944.0,0.0,0.0,1.3936040501711995e+18,7.805,0.0,0,0,4,0,8422,0.0,45,0.0,0.0,0.0,0.0,0.0,0,0,0,0,0.0,0,0,0,0,0,0,0,0,0,0,0,0,0,0,0,0,0,0,0,0,0,0,0,0,0,0,0,0,0,0,0,0,0,38,14,7,45,65476,0,300,0,0,8,21553,0.0,-107605600.0,0.0,0.0,0.0,0.0,0.0,0.0,0.0,0.0,0.0,0.0,0.0,0.0,0.0,0.0,0.0,0.0,0.0,0.0,0.0,0.0,2.004,2.004,-0.0,0.0,0.0,0.0,0.0,0.0,4854.0,0.0,0.0,0.0,0.0,-107615280.0,2.718429300292151e+23,0.0,0.0,0.0,0.0,53,-0.0,4.0668510134893235e+29,0.0,0.0,0.0,0.0,0.0,0.0,0.0,0,0,0,0.0,0.0,0.0,0.0,0.0,0.0,0.0,0.0,0.0,0.0,0.0,0.0,0.0,0.0,0.0,0.0,0,-107875648.0,53,0.0,106,-107614832.0,0.0,ERR,ERR,ERR,ERR,ERR,ERR,ERR,ERR,ERR,ERR,ERR,ERR,ERR,ERR,ERR,ERR,ERR,ERR,ERR,ERR,ERR,ERR,ERR,ERR,ERR,ERR,ERR,ERR,ERR,ERR,ERR,ERR,ERR,ERR,ERR,ERR,ERR,ERR,ERR,ERR,ERR,ERR,ERR,ERR,ERR,ERR,ERR,ERR,ERR,ERR,ERR,ERR,ERR,ERR,ERR,ERR,ERR,ERR,ERR,ERR,ERR,ERR,ERR,ERR,ERR,ERR,ERR,50.0,60.0,100,0.0,0.0,0.0,0.0,0.0,0.0,0.0,0.0,0.0,0.0,0.0,0.0,0.0,0.0,0.0,0.0,62.0,73,14,65513,50,65476,0,300,0,0,8,20529,65476,0,0,26214,60.0,0.0,0.0,0.0,0.0,0.0
2026-05-17T18:50:51,ERR,ERR,ERR,ERR,ERR,ERR,ERR,ERR,ERR,ERR,ERR,ERR,ERR,ERR,ERR,ERR,ERR,ERR,ERR,ERR,ERR,ERR,ERR,ERR,ERR,ERR,ERR,ERR,ERR,ERR,ERR,ERR,ERR,ERR,ERR,ERR,ERR,ERR,ERR,ERR,ERR,ERR,ERR,ERR,ERR,ERR,ERR,ERR,ERR,ERR,ERR,ERR,ERR,ERR,ERR,ERR,ERR,ERR,ERR,ERR,ERR,ERR,ERR,ERR,ERR,ERR,ERR,ERR,ERR,ERR,ERR,ERR,ERR,ERR,ERR,ERR,ERR,ERR,ERR,ERR,ERR,ERR,ERR,ERR,ERR,ERR,ERR,ERR,ERR,ERR,ERR,ERR,ERR,ERR,ERR,ERR,ERR,ERR,ERR,ERR,ERR,ERR,ERR,ERR,ERR,ERR,ERR,ERR,ERR,ERR,ERR,ERR,ERR,ERR,ERR,ERR,ERR,ERR,ERR,ERR,ERR,ERR,ERR,ERR,ERR,0.0,0.0,-134474944.0,0.0,0.0,1.3936040501711995e+18,7.805,0.0,0,0,4,0,8422,0.0,45,0.0,0.0,0.0,0.0,0.0,0,0,0,0,0.0,0,0,0,0,0,0,0,0,0,0,0,0,0,0,0,0,0,0,0,0,0,0,0,0,0,0,0,0,0,0,0,0,0,38,14,7,45,65476,0,300,0,0,8,21553,0.0,-107605600.0,0.0,0.0,0.0,0.0,0.0,0.0,0.0,0.0,0.0,0.0,0.0,0.0,0.0,0.0,0.0,0.0,0.0,0.0,0.0,0.0,2.004,2.004,-0.0,0.0,0.0,0.0,0.0,0.0,4859.0,0.0,0.0,0.0,0.0,-107615280.0,2.718429300292151e+23,0.0,0.0,0.0,0.0,53,-0.0,-0.0,0.0,0.0,0.0,0.0,0.0,0.0,0.0,0,0,0,0.0,0.0,0.0,0.0,0.0,0.0,0.0,0.0,0.0,0.0,0.0,0.0,0.0,0.0,0.0,0.0,0,-107875648.0,53,0.0,106,-107614832.0,0.0,ERR,ERR,ERR,ERR,ERR,ERR,ERR,ERR,ERR,ERR,ERR,ERR,ERR,ERR,ERR,ERR,ERR,ERR,ERR,ERR,ERR,ERR,ERR,ERR,ERR,ERR,ERR,ERR,ERR,ERR,ERR,ERR,ERR,ERR,ERR,ERR,ERR,ERR,ERR,ERR,ERR,ERR,ERR,ERR,ERR,ERR,ERR,ERR,ERR,ERR,ERR,ERR,ERR,ERR,ERR,ERR,ERR,ERR,ERR,ERR,ERR,ERR,ERR,ERR,ERR,ERR,ERR,50.0,60.0,100,0.0,0.0,0.0,0.0,0.0,0.0,0.0,0.0,0.0,0.0,0.0,0.0,0.0,0.0,0.0,0.0,62.0,73,14,65513,50,65476,0,300,0,0,8,20529,65476,0,0,26214,60.0,0.0,0.0,0.0,0.0,0.0
2026-05-17T18:50:52,ERR,ERR,ERR,ERR,ERR,ERR,ERR,ERR,ERR,ERR,ERR,ERR,ERR,ERR,ERR,ERR,ERR,ERR,ERR,ERR,ERR,ERR,ERR,ERR,ERR,ERR,ERR,ERR,ERR,ERR,ERR,ERR,ERR,ERR,ERR,ERR,ERR,ERR,ERR,ERR,ERR,ERR,ERR,ERR,ERR,ERR,ERR,ERR,ERR,ERR,ERR,ERR,ERR,ERR,ERR,ERR,ERR,ERR,ERR,ERR,ERR,ERR,ERR,ERR,ERR,ERR,ERR,ERR,ERR,ERR,ERR,ERR,ERR,ERR,ERR,ERR,ERR,ERR,ERR,ERR,ERR,ERR,ERR,ERR,ERR,ERR,ERR,ERR,ERR,ERR,ERR,ERR,ERR,ERR,ERR,ERR,ERR,ERR,ERR,ERR,ERR,ERR,ERR,ERR,ERR,ERR,ERR,ERR,ERR,ERR,ERR,ERR,ERR,ERR,ERR,ERR,ERR,ERR,ERR,ERR,ERR,ERR,ERR,ERR,ERR,0.0,0.0,-134474944.0,0.0,0.0,1.3936040501711995e+18,7.805,0.0,0,0,4,0,8422,0.0,45,0.0,0.0,0.0,0.0,0.0,0,0,0,0,0.0,0,0,0,0,0,0,0,0,0,0,0,0,0,0,0,0,0,0,0,0,0,0,0,0,0,0,0,0,0,0,0,0,0,38,14,7,45,65476,0,300,0,0,8,21553,0.0,-107605600.0,0.0,0.0,0.0,0.0,0.0,0.0,0.0,0.0,0.0,0.0,0.0,0.0,0.0,0.0,0.0,0.0,0.0,0.0,0.0,0.0,2.004,2.004,-0.0,0.0,0.0,0.0,0.0,0.0,4859.0,0.0,0.0,0.0,0.0,-107615280.0,2.718429300292151e+23,0.0,0.0,0.0,0.0,53,-0.0,-0.0,0.0,0.0,0.0,0.0,0.0,0.0,0.0,0,0,0,0.0,0.0,0.0,0.0,0.0,0.0,0.0,0.0,0.0,0.0,0.0,0.0,0.0,0.0,0.0,0.0,0,-107875648.0,53,0.0,106,-107614832.0,0.0,ERR,ERR,ERR,ERR,ERR,ERR,ERR,ERR,ERR,ERR,ERR,ERR,ERR,ERR,ERR,ERR,ERR,ERR,ERR,ERR,ERR,ERR,ERR,ERR,ERR,ERR,ERR,ERR,ERR,ERR,ERR,ERR,ERR,ERR,ERR,ERR,ERR,ERR,ERR,ERR,ERR,ERR,ERR,ERR,ERR,ERR,ERR,ERR,ERR,ERR,ERR,ERR,ERR,ERR,ERR,ERR,ERR,ERR,ERR,ERR,ERR,ERR,ERR,ERR,ERR,ERR,ERR,50.0,60.0,100,0.0,0.0,0.0,0.0,0.0,0.0,0.0,0.0,0.0,0.0,0.0,0.0,0.0,0.0,0.0,0.0,62.0,73,14,65513,50,65476,0,300,0,0,8,20529,65476,0,0,26214,60.0,0.0,0.0,0.0,0.0,0.0
2026-05-17T18:50:53,ERR,ERR,ERR,ERR,ERR,ERR,ERR,ERR,ERR,ERR,ERR,ERR,ERR,ERR,ERR,ERR,ERR,ERR,ERR,ERR,ERR,ERR,ERR,ERR,ERR,ERR,ERR,ERR,ERR,ERR,ERR,ERR,ERR,ERR,ERR,ERR,ERR,ERR,ERR,ERR,ERR,ERR,ERR,ERR,ERR,ERR,ERR,ERR,ERR,ERR,ERR,ERR,ERR,ERR,ERR,ERR,ERR,ERR,ERR,ERR,ERR,ERR,ERR,ERR,ERR,ERR,ERR,ERR,ERR,ERR,ERR,ERR,ERR,ERR,ERR,ERR,ERR,ERR,ERR,ERR,ERR,ERR,ERR,ERR,ERR,ERR,ERR,ERR,ERR,ERR,ERR,ERR,ERR,ERR,ERR,ERR,ERR,ERR,ERR,ERR,ERR,ERR,ERR,ERR,ERR,ERR,ERR,ERR,ERR,ERR,ERR,ERR,ERR,ERR,ERR,ERR,ERR,ERR,ERR,ERR,ERR,ERR,ERR,ERR,ERR,0.0,0.0,-134474944.0,0.0,0.0,1.3936040501711995e+18,7.805,0.0,0,0,4,0,8422,0.0,45,0.0,0.0,0.0,0.0,0.0,0,0,0,0,0.0,0,0,0,0,0,0,0,0,0,0,0,0,0,0,0,0,0,0,0,0,0,0,0,0,0,0,0,0,0,0,0,0,0,38,14,7,45,65476,0,300,0,0,8,21553,0.0,-107605600.0,0.0,0.0,0.0,0.0,0.0,0.0,0.0,0.0,0.0,0.0,0.0,0.0,0.0,0.0,0.0,0.0,0.0,0.0,0.0,0.0,2.004,2.004,-0.0,0.0,0.0,0.0,0.0,0.0,4859.0,0.0,0.0,0.0,0.0,-107615280.0,2.718429300292151e+23,0.0,0.0,0.0,0.0,53,-0.0,-0.0,0.0,0.0,0.0,0.0,0.0,0.0,0.0,0,0,0,0.0,0.0,0.0,0.0,0.0,0.0,0.0,0.0,0.0,0.0,0.0,0.0,0.0,0.0,0.0,0.0,0,-107875648.0,53,0.0,106,-107614832.0,0.0,ERR,ERR,ERR,ERR,ERR,ERR,ERR,ERR,ERR,ERR,ERR,ERR,ERR,ERR,ERR,ERR,ERR,ERR,ERR,ERR,ERR,ERR,ERR,ERR,ERR,ERR,ERR,ERR,ERR,ERR,ERR,ERR,ERR,ERR,ERR,ERR,ERR,ERR,ERR,ERR,ERR,ERR,ERR,ERR,ERR,ERR,ERR,ERR,ERR,ERR,ERR,ERR,ERR,ERR,ERR,ERR,ERR,ERR,ERR,ERR,ERR,ERR,ERR,ERR,ERR,ERR,ERR,50.0,60.0,100,0.0,0.0,0.0,0.0,0.0,0.0,0.0,0.0,0.0,0.0,0.0,0.0,0.0,0.0,0.0,0.0,61.6,73,14,65513,50,65476,0,300,0,0,8,20529,65476,0,0,26214,60.0,0.0,0.0,0.0,0.0,0.0
2026-05-17T18:50:54,ERR,ERR,ERR,ERR,ERR,ERR,ERR,ERR,ERR,ERR,ERR,ERR,ERR,ERR,ERR,ERR,ERR,ERR,ERR,ERR,ERR,ERR,ERR,ERR,ERR,ERR,ERR,ERR,ERR,ERR,ERR,ERR,ERR,ERR,ERR,ERR,ERR,ERR,ERR,ERR,ERR,ERR,ERR,ERR,ERR,ERR,ERR,ERR,ERR,ERR,ERR,ERR,ERR,ERR,ERR,ERR,ERR,ERR,ERR,ERR,ERR,ERR,ERR,ERR,ERR,ERR,ERR,ERR,ERR,ERR,ERR,ERR,ERR,ERR,ERR,ERR,ERR,ERR,ERR,ERR,ERR,ERR,ERR,ERR,ERR,ERR,ERR,ERR,ERR,ERR,ERR,ERR,ERR,ERR,ERR,ERR,ERR,ERR,ERR,ERR,ERR,ERR,ERR,ERR,ERR,ERR,ERR,ERR,ERR,ERR,ERR,ERR,ERR,ERR,ERR,ERR,ERR,ERR,ERR,ERR,ERR,ERR,ERR,ERR,ERR,0.0,0.0,-134474944.0,0.0,0.0,1.3936040501711995e+18,7.805,0.0,0,0,4,0,8422,0.0,45,0.0,0.0,0.0,0.0,0.0,0,0,0,0,0.0,0,0,0,0,0,0,0,0,0,0,0,0,0,0,0,0,0,0,0,0,0,0,0,0,0,0,0,0,0,0,0,0,0,38,14,7,45,65476,0,300,0,0,8,21553,0.0,-107605600.0,0.0,0.0,0.0,0.0,0.0,0.0,0.0,0.0,0.0,0.0,0.0,0.0,0.0,0.0,0.0,0.0,0.0,0.0,0.0,0.0,2.004,2.004,-0.0,0.0,0.0,0.0,0.0,0.0,4859.0,0.0,0.0,0.0,0.0,-107615280.0,2.718429300292151e+23,0.0,0.0,0.0,0.0,53,-0.0,-0.0,0.0,0.0,0.0,0.0,0.0,0.0,0.0,0,0,0,0.0,0.0,0.0,0.0,0.0,0.0,0.0,0.0,0.0,0.0,0.0,0.0,0.0,0.0,0.0,0.0,0,-107875648.0,53,0.0,106,-107614832.0,0.0,ERR,ERR,ERR,ERR,ERR,ERR,ERR,ERR,ERR,ERR,ERR,ERR,ERR,ERR,ERR,ERR,ERR,ERR,ERR,ERR,ERR,ERR,ERR,ERR,ERR,ERR,ERR,ERR,ERR,ERR,ERR,ERR,ERR,ERR,ERR,ERR,ERR,ERR,ERR,ERR,ERR,ERR,ERR,ERR,ERR,ERR,ERR,ERR,ERR,ERR,ERR,ERR,ERR,ERR,ERR,ERR,ERR,ERR,ERR,ERR,ERR,ERR,ERR,ERR,ERR,ERR,ERR,50.0,60.0,100,0.0,0.0,0.0,0.0,0.0,0.0,0.0,0.0,0.0,0.0,0.0,0.0,0.0,0.0,0.0,0.0,61.6,73,14,65513,50,65476,0,300,0,0,8,20529,65476,0,0,26214,60.0,0.0,0.0,0.0,0.0,0.0
2026-05-17T18:50:55,ERR,ERR,ERR,ERR,ERR,ERR,ERR,ERR,ERR,ERR,ERR,ERR,ERR,ERR,ERR,ERR,ERR,ERR,ERR,ERR,ERR,ERR,ERR,ERR,ERR,ERR,ERR,ERR,ERR,ERR,ERR,ERR,ERR,ERR,ERR,ERR,ERR,ERR,ERR,ERR,ERR,ERR,ERR,ERR,ERR,ERR,ERR,ERR,ERR,ERR,ERR,ERR,ERR,ERR,ERR,ERR,ERR,ERR,ERR,ERR,ERR,ERR,ERR,ERR,ERR,ERR,ERR,ERR,ERR,ERR,ERR,ERR,ERR,ERR,ERR,ERR,ERR,ERR,ERR,ERR,ERR,ERR,ERR,ERR,ERR,ERR,ERR,ERR,ERR,ERR,ERR,ERR,ERR,ERR,ERR,ERR,ERR,ERR,ERR,ERR,ERR,ERR,ERR,ERR,ERR,ERR,ERR,ERR,ERR,ERR,ERR,ERR,ERR,ERR,ERR,ERR,ERR,ERR,ERR,ERR,ERR,ERR,ERR,ERR,ERR,0.0,0.0,-134474944.0,0.0,0.0,1.3936040501711995e+18,7.805,0.0,0,0,4,0,8422,0.0,45,0.0,0.0,0.0,0.0,0.0,0,0,0,0,0.0,0,0,0,0,0,0,0,0,0,0,0,0,0,0,0,0,0,0,0,0,0,0,0,0,0,0,0,0,0,0,0,0,0,38,14,7,45,65476,0,300,0,0,8,21553,0.0,-107605600.0,0.0,0.0,0.0,0.0,0.0,0.0,0.0,0.0,0.0,0.0,0.0,0.0,0.0,0.0,0.0,0.0,0.0,0.0,0.0,0.0,2.004,2.004,-0.0,0.0,0.0,0.0,0.0,0.0,4859.0,0.0,0.0,0.0,0.0,-107615280.0,2.718429300292151e+23,0.0,0.0,0.0,0.0,53,-0.0,-0.0,0.0,0.0,0.0,0.0,0.0,0.0,0.0,0,0,0,0.0,0.0,0.0,0.0,0.0,0.0,0.0,0.0,0.0,0.0,0.0,0.0,0.0,0.0,0.0,0.0,0,-107875648.0,53,0.0,106,-107614832.0,0.0,ERR,ERR,ERR,ERR,ERR,ERR,ERR,ERR,ERR,ERR,ERR,ERR,ERR,ERR,ERR,ERR,ERR,ERR,ERR,ERR,ERR,ERR,ERR,ERR,ERR,ERR,ERR,ERR,ERR,ERR,ERR,ERR,ERR,ERR,ERR,ERR,ERR,ERR,ERR,ERR,ERR,ERR,ERR,ERR,ERR,ERR,ERR,ERR,ERR,ERR,ERR,ERR,ERR,ERR,ERR,ERR,ERR,ERR,ERR,ERR,ERR,ERR,ERR,ERR,ERR,ERR,ERR,50.0,60.0,100,0.0,0.0,0.0,0.0,0.0,0.0,0.0,0.0,0.0,0.0,0.0,0.0,0.0,0.0,0.0,0.0,61.6,73,14,65513,50,65476,0,300,0,0,8,20529,65476,0,0,26214,60.0,0.0,0.0,0.0,0.0,0.0
2026-05-17T18:50:56,ERR,ERR,ERR,ERR,ERR,ERR,ERR,ERR,ERR,ERR,ERR,ERR,ERR,ERR,ERR,ERR,ERR,ERR,ERR,ERR,ERR,ERR,ERR,ERR,ERR,ERR,ERR,ERR,ERR,ERR,ERR,ERR,ERR,ERR,ERR,ERR,ERR,ERR,ERR,ERR,ERR,ERR,ERR,ERR,ERR,ERR,ERR,ERR,ERR,ERR,ERR,ERR,ERR,ERR,ERR,ERR,ERR,ERR,ERR,ERR,ERR,ERR,ERR,ERR,ERR,ERR,ERR,ERR,ERR,ERR,ERR,ERR,ERR,ERR,ERR,ERR,ERR,ERR,ERR,ERR,ERR,ERR,ERR,ERR,ERR,ERR,ERR,ERR,ERR,ERR,ERR,ERR,ERR,ERR,ERR,ERR,ERR,ERR,ERR,ERR,ERR,ERR,ERR,ERR,ERR,ERR,ERR,ERR,ERR,ERR,ERR,ERR,ERR,ERR,ERR,ERR,ERR,ERR,ERR,ERR,ERR,ERR,ERR,ERR,ERR,0.0,0.0,-134474944.0,0.0,0.0,1.3936040501711995e+18,7.805,0.0,0,0,4,0,8422,0.0,45,0.0,0.0,0.0,0.0,0.0,0,0,0,0,0.0,0,0,0,0,0,0,0,0,0,0,0,0,0,0,0,0,0,0,0,0,0,0,0,0,0,0,0,0,0,0,0,0,0,38,14,7,45,65476,0,300,0,0,8,21553,0.0,-107605600.0,0.0,0.0,0.0,0.0,0.0,0.0,0.0,0.0,0.0,0.0,0.0,0.0,0.0,0.0,0.0,0.0,0.0,0.0,0.0,0.0,2.004,2.004,-0.0,0.0,0.0,0.0,0.0,0.0,4857.0,2.422986463380401e+24,0.0,0.0,0.0,-107615280.0,2.718429300292151e+23,0.0,0.0,0.0,0.0,53,-0.0,-107614728.0,0.0,0.0,0.0,0.0,0.0,0.0,0.0,0,0,0,0.0,0.0,0.0,0.0,0.0,0.0,0.0,0.0,0.0,0.0,0.0,0.0,0.0,0.0,0.0,0.0,0,-107875648.0,53,0.0,106,-107614832.0,0.0,ERR,ERR,ERR,ERR,ERR,ERR,ERR,ERR,ERR,ERR,ERR,ERR,ERR,ERR,ERR,ERR,ERR,ERR,ERR,ERR,ERR,ERR,ERR,ERR,ERR,ERR,ERR,ERR,ERR,ERR,ERR,ERR,ERR,ERR,ERR,ERR,ERR,ERR,ERR,ERR,ERR,ERR,ERR,ERR,ERR,ERR,ERR,ERR,ERR,ERR,ERR,ERR,ERR,ERR,ERR,ERR,ERR,ERR,ERR,ERR,ERR,ERR,ERR,ERR,ERR,ERR,ERR,50.0,60.0,100,0.0,0.0,0.0,0.0,0.0,0.0,0.0,0.0,0.0,0.0,0.0,0.0,0.0,0.0,0.0,0.0,61.6,73,14,65513,50,65476,0,300,0,0,8,20529,65476,0,0,26214,60.0,0.0,0.0,0.0,0.0,0.0
2026-05-17T18:50:57,ERR,ERR,ERR,ERR,ERR,ERR,ERR,ERR,ERR,ERR,ERR,ERR,ERR,ERR,ERR,ERR,ERR,ERR,ERR,ERR,ERR,ERR,ERR,ERR,ERR,ERR,ERR,ERR,ERR,ERR,ERR,ERR,ERR,ERR,ERR,ERR,ERR,ERR,ERR,ERR,ERR,ERR,ERR,ERR,ERR,ERR,ERR,ERR,ERR,ERR,ERR,ERR,ERR,ERR,ERR,ERR,ERR,ERR,ERR,ERR,ERR,ERR,ERR,ERR,ERR,ERR,ERR,ERR,ERR,ERR,ERR,ERR,ERR,ERR,ERR,ERR,ERR,ERR,ERR,ERR,ERR,ERR,ERR,ERR,ERR,ERR,ERR,ERR,ERR,ERR,ERR,ERR,ERR,ERR,ERR,ERR,ERR,ERR,ERR,ERR,ERR,ERR,ERR,ERR,ERR,ERR,ERR,ERR,ERR,ERR,ERR,ERR,ERR,ERR,ERR,ERR,ERR,ERR,ERR,ERR,ERR,ERR,ERR,ERR,ERR,0.0,0.0,-134474944.0,0.0,0.0,1.3936040501711995e+18,7.805,0.0,0,0,4,0,8422,0.0,45,0.0,0.0,0.0,0.0,0.0,0,0,0,0,0.0,0,0,0,0,0,0,0,0,0,0,0,0,0,0,0,0,0,0,0,0,0,0,0,0,0,0,0,0,0,0,0,0,0,38,14,7,45,65476,0,300,0,0,8,21553,0.0,-107605600.0,0.0,0.0,0.0,0.0,0.0,0.0,0.0,0.0,0.0,0.0,0.0,0.0,0.0,0.0,0.0,0.0,0.0,0.0,0.0,0.0,2.004,2.004,-0.0,0.0,0.0,0.0,0.0,0.0,4857.0,2.422986463380401e+24,0.0,0.0,0.0,-107615280.0,2.718429300292151e+23,0.0,0.0,0.0,0.0,53,-0.0,-107614728.0,0.0,0.0,0.0,0.0,0.0,0.0,0.0,0,0,0,0.0,0.0,0.0,0.0,0.0,0.0,0.0,0.0,0.0,0.0,0.0,0.0,0.0,0.0,0.0,0.0,0,-107875648.0,53,0.0,106,-107614832.0,0.0,ERR,ERR,ERR,ERR,ERR,ERR,ERR,ERR,ERR,ERR,ERR,ERR,ERR,ERR,ERR,ERR,ERR,ERR,ERR,ERR,ERR,ERR,ERR,ERR,ERR,ERR,ERR,ERR,ERR,ERR,ERR,ERR,ERR,ERR,ERR,ERR,ERR,ERR,ERR,ERR,ERR,ERR,ERR,ERR,ERR,ERR,ERR,ERR,ERR,ERR,ERR,ERR,ERR,ERR,ERR,ERR,ERR,ERR,ERR,ERR,ERR,ERR,ERR,ERR,ERR,ERR,ERR,50.0,60.0,100,0.0,0.0,0.0,0.0,0.0,0.0,0.0,0.0,0.0,0.0,0.0,0.0,0.0,0.0,0.0,0.0,61.6,73,14,65513,50,65476,0,300,0,0,8,20529,65476,0,0,26214,60.0,0.0,0.0,0.0,0.0,0.0
2026-05-17T18:50:58,ERR,ERR,ERR,ERR,ERR,ERR,ERR,ERR,ERR,ERR,ERR,ERR,ERR,ERR,ERR,ERR,ERR,ERR,ERR,ERR,ERR,ERR,ERR,ERR,ERR,ERR,ERR,ERR,ERR,ERR,ERR,ERR,ERR,ERR,ERR,ERR,ERR,ERR,ERR,ERR,ERR,ERR,ERR,ERR,ERR,ERR,ERR,ERR,ERR,ERR,ERR,ERR,ERR,ERR,ERR,ERR,ERR,ERR,ERR,ERR,ERR,ERR,ERR,ERR,ERR,ERR,ERR,ERR,ERR,ERR,ERR,ERR,ERR,ERR,ERR,ERR,ERR,ERR,ERR,ERR,ERR,ERR,ERR,ERR,ERR,ERR,ERR,ERR,ERR,ERR,ERR,ERR,ERR,ERR,ERR,ERR,ERR,ERR,ERR,ERR,ERR,ERR,ERR,ERR,ERR,ERR,ERR,ERR,ERR,ERR,ERR,ERR,ERR,ERR,ERR,ERR,ERR,ERR,ERR,ERR,ERR,ERR,ERR,ERR,ERR,0.0,0.0,-134474944.0,0.0,0.0,1.3936040501711995e+18,7.805,0.0,0,0,4,0,8422,0.0,45,0.0,0.0,0.0,0.0,0.0,0,0,0,0,0.0,0,0,0,0,0,0,0,0,0,0,0,0,0,0,0,0,0,0,0,0,0,0,0,0,0,0,0,0,0,0,0,0,0,38,14,7,45,65476,0,300,0,0,8,21553,0.0,-107605600.0,0.0,0.0,0.0,0.0,0.0,0.0,0.0,0.0,0.0,0.0,0.0,0.0,0.0,0.0,0.0,0.0,0.0,0.0,0.0,0.0,2.004,2.004,-0.0,0.0,0.0,0.0,0.0,0.0,4857.0,2.422986463380401e+24,0.0,0.0,0.0,-107615280.0,2.718429300292151e+23,0.0,0.0,0.0,0.0,53,-0.0,-107614728.0,0.0,0.0,0.0,0.0,0.0,0.0,0.0,0,0,0,0.0,0.0,0.0,0.0,0.0,0.0,0.0,0.0,0.0,0.0,0.0,0.0,0.0,0.0,0.0,0.0,0,-107875648.0,53,0.0,106,-107614832.0,0.0,ERR,ERR,ERR,ERR,ERR,ERR,ERR,ERR,ERR,ERR,ERR,ERR,ERR,ERR,ERR,ERR,ERR,ERR,ERR,ERR,ERR,ERR,ERR,ERR,ERR,ERR,ERR,ERR,ERR,ERR,ERR,ERR,ERR,ERR,ERR,ERR,ERR,ERR,ERR,ERR,ERR,ERR,ERR,ERR,ERR,ERR,ERR,ERR,ERR,ERR,ERR,ERR,ERR,ERR,ERR,ERR,ERR,ERR,ERR,ERR,ERR,ERR,ERR,ERR,ERR,ERR,ERR,50.0,60.0,100,0.0,0.0,0.0,0.0,0.0,0.0,0.0,0.0,0.0,0.0,0.0,0.0,0.0,0.0,0.0,0.0,61.6,73,14,65513,50,65476,0,300,0,0,8,20529,65476,0,0,26214,60.0,0.0,0.0,0.0,0.0,0.0
2026-05-17T18:50:59,ERR,ERR,ERR,ERR,ERR,ERR,ERR,ERR,ERR,ERR,ERR,ERR,ERR,ERR,ERR,ERR,ERR,ERR,ERR,ERR,ERR,ERR,ERR,ERR,ERR,ERR,ERR,ERR,ERR,ERR,ERR,ERR,ERR,ERR,ERR,ERR,ERR,ERR,ERR,ERR,ERR,ERR,ERR,ERR,ERR,ERR,ERR,ERR,ERR,ERR,ERR,ERR,ERR,ERR,ERR,ERR,ERR,ERR,ERR,ERR,ERR,ERR,ERR,ERR,ERR,ERR,ERR,ERR,ERR,ERR,ERR,ERR,ERR,ERR,ERR,ERR,ERR,ERR,ERR,ERR,ERR,ERR,ERR,ERR,ERR,ERR,ERR,ERR,ERR,ERR,ERR,ERR,ERR,ERR,ERR,ERR,ERR,ERR,ERR,ERR,ERR,ERR,ERR,ERR,ERR,ERR,ERR,ERR,ERR,ERR,ERR,ERR,ERR,ERR,ERR,ERR,ERR,ERR,ERR,ERR,ERR,ERR,ERR,ERR,ERR,0.0,0.0,-134474944.0,0.0,0.0,1.3936040501711995e+18,7.805,0.0,0,0,4,0,8422,0.0,45,0.0,0.0,0.0,0.0,0.0,0,0,0,0,0.0,0,0,0,0,0,0,0,0,0,0,0,0,0,0,0,0,0,0,0,0,0,0,0,0,0,0,0,0,0,0,0,0,0,38,14,7,45,65476,0,300,0,0,8,21553,0.0,-107605600.0,0.0,0.0,0.0,0.0,0.0,0.0,0.0,0.0,0.0,0.0,0.0,0.0,0.0,0.0,0.0,0.0,0.0,0.0,0.0,0.0,2.004,2.004,-0.0,0.0,0.0,0.0,0.0,0.0,4857.0,2.422986463380401e+24,0.0,0.0,0.0,-107615280.0,2.718429300292151e+23,0.0,0.0,0.0,0.0,53,-0.0,-107614728.0,0.0,0.0,0.0,0.0,0.0,0.0,0.0,0,0,0,0.0,0.0,0.0,0.0,0.0,0.0,0.0,0.0,0.0,0.0,0.0,0.0,0.0,0.0,0.0,0.0,0,-107875648.0,53,0.0,106,-107614832.0,0.0,ERR,ERR,ERR,ERR,ERR,ERR,ERR,ERR,ERR,ERR,ERR,ERR,ERR,ERR,ERR,ERR,ERR,ERR,ERR,ERR,ERR,ERR,ERR,ERR,ERR,ERR,ERR,ERR,ERR,ERR,ERR,ERR,ERR,ERR,ERR,ERR,ERR,ERR,ERR,ERR,ERR,ERR,ERR,ERR,ERR,ERR,ERR,ERR,ERR,ERR,ERR,ERR,ERR,ERR,ERR,ERR,ERR,ERR,ERR,ERR,ERR,ERR,ERR,ERR,ERR,ERR,ERR,50.0,60.0,100,0.0,0.0,0.0,0.0,0.0,0.0,0.0,0.0,0.0,0.0,0.0,0.0,0.0,0.0,0.0,0.0,61.6,73,14,65513,50,65476,0,300,0,0,8,20529,65476,0,0,26214,60.0,0.0,0.0,0.0,0.0,0.0
2026-05-17T18:51:00,ERR,ERR,ERR,ERR,ERR,ERR,ERR,ERR,ERR,ERR,ERR,ERR,ERR,ERR,ERR,ERR,ERR,ERR,ERR,ERR,ERR,ERR,ERR,ERR,ERR,ERR,ERR,ERR,ERR,ERR,ERR,ERR,ERR,ERR,ERR,ERR,ERR,ERR,ERR,ERR,ERR,ERR,ERR,ERR,ERR,ERR,ERR,ERR,ERR,ERR,ERR,ERR,ERR,ERR,ERR,ERR,ERR,ERR,ERR,ERR,ERR,ERR,ERR,ERR,ERR,ERR,ERR,ERR,ERR,ERR,ERR,ERR,ERR,ERR,ERR,ERR,ERR,ERR,ERR,ERR,ERR,ERR,ERR,ERR,ERR,ERR,ERR,ERR,ERR,ERR,ERR,ERR,ERR,ERR,ERR,ERR,ERR,ERR,ERR,ERR,ERR,ERR,ERR,ERR,ERR,ERR,ERR,ERR,ERR,ERR,ERR,ERR,ERR,ERR,ERR,ERR,ERR,ERR,ERR,ERR,ERR,ERR,ERR,ERR,ERR,0.0,0.0,-134474944.0,0.0,0.0,1.3936040501711995e+18,7.805,0.0,0,0,4,0,8422,0.0,45,0.0,0.0,0.0,0.0,0.0,0,0,0,0,0.0,0,0,0,0,0,0,0,0,0,0,0,0,0,0,0,0,0,0,0,0,0,0,0,0,0,0,0,0,0,0,0,0,0,38,14,7,45,65476,0,300,0,0,8,21553,0.0,-107605600.0,0.0,0.0,0.0,0.0,0.0,0.0,0.0,0.0,0.0,0.0,0.0,0.0,0.0,0.0,0.0,0.0,0.0,0.0,0.0,0.0,2.004,2.004,-0.0,0.0,0.0,0.0,0.0,0.0,4857.0,2.422986463380401e+24,0.0,0.0,0.0,-107615280.0,2.718429300292151e+23,0.0,0.0,0.0,0.0,53,-0.0,-107614728.0,0.0,0.0,0.0,0.0,0.0,0.0,0.0,0,0,0,0.0,0.0,0.0,0.0,0.0,0.0,0.0,0.0,0.0,0.0,0.0,0.0,0.0,0.0,0.0,0.0,0,-107875648.0,53,0.0,106,-107614832.0,0.0,ERR,ERR,ERR,ERR,ERR,ERR,ERR,ERR,ERR,ERR,ERR,ERR,ERR,ERR,ERR,ERR,ERR,ERR,ERR,ERR,ERR,ERR,ERR,ERR,ERR,ERR,ERR,ERR,ERR,ERR,ERR,ERR,ERR,ERR,ERR,ERR,ERR,ERR,ERR,ERR,ERR,ERR,ERR,ERR,ERR,ERR,ERR,ERR,ERR,ERR,ERR,ERR,ERR,ERR,ERR,ERR,ERR,ERR,ERR,ERR,ERR,ERR,ERR,ERR,ERR,ERR,ERR,50.0,60.0,100,0.0,0.0,0.0,0.0,0.0,0.0,0.0,0.0,0.0,0.0,0.0,0.0,0.0,0.0,0.0,0.0,61.6,73,14,65513,50,65476,0,300,0,0,8,20529,65476,0,0,26214,60.0,0.0,0.0,0.0,0.0,0.0
2026-05-17T18:51:01,ERR,ERR,ERR,ERR,ERR,ERR,ERR,ERR,ERR,ERR,ERR,ERR,ERR,ERR,ERR,ERR,ERR,ERR,ERR,ERR,ERR,ERR,ERR,ERR,ERR,ERR,ERR,ERR,ERR,ERR,ERR,ERR,ERR,ERR,ERR,ERR,ERR,ERR,ERR,ERR,ERR,ERR,ERR,ERR,ERR,ERR,ERR,ERR,ERR,ERR,ERR,ERR,ERR,ERR,ERR,ERR,ERR,ERR,ERR,ERR,ERR,ERR,ERR,ERR,ERR,ERR,ERR,ERR,ERR,ERR,ERR,ERR,ERR,ERR,ERR,ERR,ERR,ERR,ERR,ERR,ERR,ERR,ERR,ERR,ERR,ERR,ERR,ERR,ERR,ERR,ERR,ERR,ERR,ERR,ERR,ERR,ERR,ERR,ERR,ERR,ERR,ERR,ERR,ERR,ERR,ERR,ERR,ERR,ERR,ERR,ERR,ERR,ERR,ERR,ERR,ERR,ERR,ERR,ERR,ERR,ERR,ERR,ERR,ERR,ERR,0.0,0.0,-134474944.0,0.0,0.0,1.3936040501711995e+18,7.805,0.0,0,0,4,0,8422,0.0,45,0.0,0.0,0.0,0.0,0.0,0,0,0,0,0.0,0,0,0,0,0,0,0,0,0,0,0,0,0,0,0,0,0,0,0,0,0,0,0,0,0,0,0,0,0,0,0,0,0,38,14,7,45,65476,0,300,0,0,8,21553,0.0,-107605600.0,0.0,0.0,0.0,0.0,0.0,0.0,0.0,0.0,0.0,0.0,0.0,0.0,0.0,0.0,0.0,0.0,0.0,0.0,0.0,0.0,2.004,2.004,-2.004,0.0,0.0,0.0,0.0,0.0,4857.0,3.697183934601442e+19,0.0,0.0,0.0,-107615280.0,2.718429300292151e+23,0.0,0.0,0.0,0.0,53,-0.0,-71.629,0.0,0.0,0.0,0.0,0.0,0.0,0.0,0,0,0,0.0,0.0,0.0,0.0,0.0,0.0,0.0,0.0,0.0,0.0,0.0,0.0,0.0,0.0,0.0,0.0,0,-107875648.0,53,0.0,106,-107614832.0,0.0,ERR,ERR,ERR,ERR,ERR,ERR,ERR,ERR,ERR,ERR,ERR,ERR,ERR,ERR,ERR,ERR,ERR,ERR,ERR,ERR,ERR,ERR,ERR,ERR,ERR,ERR,ERR,ERR,ERR,ERR,ERR,ERR,ERR,ERR,ERR,ERR,ERR,ERR,ERR,ERR,ERR,ERR,ERR,ERR,ERR,ERR,ERR,ERR,ERR,ERR,ERR,ERR,ERR,ERR,ERR,ERR,ERR,ERR,ERR,ERR,ERR,ERR,ERR,ERR,ERR,ERR,ERR,50.0,60.0,100,0.0,0.0,0.0,0.0,0.0,0.0,0.0,0.0,0.0,0.0,0.0,0.0,0.0,0.0,0.0,0.0,61.6,73,14,65513,50,65476,0,300,0,0,8,20529,65476,0,0,26214,60.0,0.0,0.0,0.0,0.0,0.0
2026-05-17T18:51:02,ERR,ERR,ERR,ERR,ERR,ERR,ERR,ERR,ERR,ERR,ERR,ERR,ERR,ERR,ERR,ERR,ERR,ERR,ERR,ERR,ERR,ERR,ERR,ERR,ERR,ERR,ERR,ERR,ERR,ERR,ERR,ERR,ERR,ERR,ERR,ERR,ERR,ERR,ERR,ERR,ERR,ERR,ERR,ERR,ERR,ERR,ERR,ERR,ERR,ERR,ERR,ERR,ERR,ERR,ERR,ERR,ERR,ERR,ERR,ERR,ERR,ERR,ERR,ERR,ERR,ERR,ERR,ERR,ERR,ERR,ERR,ERR,ERR,ERR,ERR,ERR,ERR,ERR,ERR,ERR,ERR,ERR,ERR,ERR,ERR,ERR,ERR,ERR,ERR,ERR,ERR,ERR,ERR,ERR,ERR,ERR,ERR,ERR,ERR,ERR,ERR,ERR,ERR,ERR,ERR,ERR,ERR,ERR,ERR,ERR,ERR,ERR,ERR,ERR,ERR,ERR,ERR,ERR,ERR,ERR,ERR,ERR,ERR,ERR,ERR,0.0,0.0,-134474944.0,0.0,0.0,1.3936040501711995e+18,7.805,0.0,0,0,4,0,8422,0.0,45,0.0,0.0,0.0,0.0,0.0,0,0,0,0,0.0,0,0,0,0,0,0,0,0,0,0,0,0,0,0,0,0,0,0,0,0,0,0,0,0,0,0,0,0,0,0,0,0,0,38,14,7,45,65476,0,300,0,0,8,21553,0.0,-107605600.0,0.0,0.0,0.0,0.0,0.0,0.0,0.0,0.0,0.0,0.0,0.0,0.0,0.0,0.0,0.0,0.0,0.0,0.0,0.0,0.0,2.004,2.004,-2.004,0.0,0.0,0.0,0.0,0.0,4857.0,3.697183934601442e+19,0.0,0.0,0.0,-107615280.0,2.718429300292151e+23,0.0,0.0,0.0,0.0,53,-0.0,-71.629,0.0,0.0,0.0,0.0,0.0,0.0,0.0,0,0,0,0.0,0.0,0.0,0.0,0.0,0.0,0.0,0.0,0.0,0.0,0.0,0.0,0.0,0.0,0.0,0.0,0,-107875648.0,53,0.0,106,-107614832.0,0.0,ERR,ERR,ERR,ERR,ERR,ERR,ERR,ERR,ERR,ERR,ERR,ERR,ERR,ERR,ERR,ERR,ERR,ERR,ERR,ERR,ERR,ERR,ERR,ERR,ERR,ERR,ERR,ERR,ERR,ERR,ERR,ERR,ERR,ERR,ERR,ERR,ERR,ERR,ERR,ERR,ERR,ERR,ERR,ERR,ERR,ERR,ERR,ERR,ERR,ERR,ERR,ERR,ERR,ERR,ERR,ERR,ERR,ERR,ERR,ERR,ERR,ERR,ERR,ERR,ERR,ERR,ERR,50.0,60.0,100,0.0,0.0,0.0,0.0,0.0,0.0,0.0,0.0,0.0,0.0,0.0,0.0,0.0,0.0,0.0,0.0,62.0,73,14,65513,50,65476,0,300,0,0,8,20529,65476,0,0,26214,60.0,0.0,0.0,0.0,0.0,0.0
2026-05-17T18:51:03,ERR,ERR,ERR,ERR,ERR,ERR,ERR,ERR,ERR,ERR,ERR,ERR,ERR,ERR,ERR,ERR,ERR,ERR,ERR,ERR,ERR,ERR,ERR,ERR,ERR,ERR,ERR,ERR,ERR,ERR,ERR,ERR,ERR,ERR,ERR,ERR,ERR,ERR,ERR,ERR,ERR,ERR,ERR,ERR,ERR,ERR,ERR,ERR,ERR,ERR,ERR,ERR,ERR,ERR,ERR,ERR,ERR,ERR,ERR,ERR,ERR,ERR,ERR,ERR,ERR,ERR,ERR,ERR,ERR,ERR,ERR,ERR,ERR,ERR,ERR,ERR,ERR,ERR,ERR,ERR,ERR,ERR,ERR,ERR,ERR,ERR,ERR,ERR,ERR,ERR,ERR,ERR,ERR,ERR,ERR,ERR,ERR,ERR,ERR,ERR,ERR,ERR,ERR,ERR,ERR,ERR,ERR,ERR,ERR,ERR,ERR,ERR,ERR,ERR,ERR,ERR,ERR,ERR,ERR,ERR,ERR,ERR,ERR,ERR,ERR,0.0,0.0,-134474944.0,0.0,0.0,1.3936040501711995e+18,7.805,0.0,0,0,4,0,8422,0.0,45,0.0,0.0,0.0,0.0,0.0,0,0,0,0,0.0,0,0,0,0,0,0,0,0,0,0,0,0,0,0,0,0,0,0,0,0,0,0,0,0,0,0,0,0,0,0,0,0,0,38,14,7,45,65476,0,300,0,0,8,21553,0.0,-107605600.0,0.0,0.0,0.0,0.0,0.0,0.0,0.0,0.0,0.0,0.0,0.0,0.0,0.0,0.0,0.0,0.0,0.0,0.0,0.0,0.0,2.004,2.004,-2.004,0.0,0.0,0.0,0.0,0.0,4857.0,3.697183934601442e+19,0.0,0.0,0.0,-107615280.0,2.718429300292151e+23,0.0,0.0,0.0,0.0,53,-0.0,-71.629,0.0,0.0,0.0,0.0,0.0,0.0,0.0,0,0,0,0.0,0.0,0.0,0.0,0.0,0.0,0.0,0.0,0.0,0.0,0.0,0.0,0.0,0.0,0.0,0.0,0,-107875648.0,53,0.0,106,-107614832.0,0.0,ERR,ERR,ERR,ERR,ERR,ERR,ERR,ERR,ERR,ERR,ERR,ERR,ERR,ERR,ERR,ERR,ERR,ERR,ERR,ERR,ERR,ERR,ERR,ERR,ERR,ERR,ERR,ERR,ERR,ERR,ERR,ERR,ERR,ERR,ERR,ERR,ERR,ERR,ERR,ERR,ERR,ERR,ERR,ERR,ERR,ERR,ERR,ERR,ERR,ERR,ERR,ERR,ERR,ERR,ERR,ERR,ERR,ERR,ERR,ERR,ERR,ERR,ERR,ERR,ERR,ERR,ERR,50.0,60.0,100,0.0,0.0,0.0,0.0,0.0,0.0,0.0,0.0,0.0,0.0,0.0,0.0,0.0,0.0,0.0,0.0,62.0,73,14,65513,50,65476,0,300,0,0,8,20529,65476,0,0,26214,60.0,0.0,0.0,0.0,0.0,0.0
2026-05-17T18:51:04,ERR,ERR,ERR,ERR,ERR,ERR,ERR,ERR,ERR,ERR,ERR,ERR,ERR,ERR,ERR,ERR,ERR,ERR,ERR,ERR,ERR,ERR,ERR,ERR,ERR,ERR,ERR,ERR,ERR,ERR,ERR,ERR,ERR,ERR,ERR,ERR,ERR,ERR,ERR,ERR,ERR,ERR,ERR,ERR,ERR,ERR,ERR,ERR,ERR,ERR,ERR,ERR,ERR,ERR,ERR,ERR,ERR,ERR,ERR,ERR,ERR,ERR,ERR,ERR,ERR,ERR,ERR,ERR,ERR,ERR,ERR,ERR,ERR,ERR,ERR,ERR,ERR,ERR,ERR,ERR,ERR,ERR,ERR,ERR,ERR,ERR,ERR,ERR,ERR,ERR,ERR,ERR,ERR,ERR,ERR,ERR,ERR,ERR,ERR,ERR,ERR,ERR,ERR,ERR,ERR,ERR,ERR,ERR,ERR,ERR,ERR,ERR,ERR,ERR,ERR,ERR,ERR,ERR,ERR,ERR,ERR,ERR,ERR,ERR,ERR,0.0,0.0,-134474944.0,0.0,0.0,1.3936040501711995e+18,7.805,0.0,0,0,4,0,8422,0.0,45,0.0,0.0,0.0,0.0,0.0,0,0,0,0,0.0,0,0,0,0,0,0,0,0,0,0,0,0,0,0,0,0,0,0,0,0,0,0,0,0,0,0,0,0,0,0,0,0,0,38,14,7,45,65476,0,300,0,0,8,21553,0.0,-107605600.0,0.0,0.0,0.0,0.0,0.0,0.0,0.0,0.0,0.0,0.0,0.0,0.0,0.0,0.0,0.0,0.0,0.0,0.0,0.0,0.0,2.004,2.004,-2.004,0.0,0.0,0.0,0.0,0.0,4857.0,3.697183934601442e+19,0.0,0.0,0.0,-107615280.0,2.718429300292151e+23,0.0,0.0,0.0,0.0,53,-0.0,-71.629,0.0,0.0,0.0,0.0,0.0,0.0,0.0,0,0,0,0.0,0.0,0.0,0.0,0.0,0.0,0.0,0.0,0.0,0.0,0.0,0.0,0.0,0.0,0.0,0.0,0,-107875648.0,53,0.0,106,-107614832.0,0.0,ERR,ERR,ERR,ERR,ERR,ERR,ERR,ERR,ERR,ERR,ERR,ERR,ERR,ERR,ERR,ERR,ERR,ERR,ERR,ERR,ERR,ERR,ERR,ERR,ERR,ERR,ERR,ERR,ERR,ERR,ERR,ERR,ERR,ERR,ERR,ERR,ERR,ERR,ERR,ERR,ERR,ERR,ERR,ERR,ERR,ERR,ERR,ERR,ERR,ERR,ERR,ERR,ERR,ERR,ERR,ERR,ERR,ERR,ERR,ERR,ERR,ERR,ERR,ERR,ERR,ERR,ERR,50.0,60.0,100,0.0,0.0,0.0,0.0,0.0,0.0,0.0,0.0,0.0,0.0,0.0,0.0,0.0,0.0,0.0,0.0,61.6,73,14,65513,50,65476,0,300,0,0,8,20529,65476,0,0,26214,60.0,0.0,0.0,0.0,0.0,0.0
2026-05-17T18:51:05,ERR,ERR,ERR,ERR,ERR,ERR,ERR,ERR,ERR,ERR,ERR,ERR,ERR,ERR,ERR,ERR,ERR,ERR,ERR,ERR,ERR,ERR,ERR,ERR,ERR,ERR,ERR,ERR,ERR,ERR,ERR,ERR,ERR,ERR,ERR,ERR,ERR,ERR,ERR,ERR,ERR,ERR,ERR,ERR,ERR,ERR,ERR,ERR,ERR,ERR,ERR,ERR,ERR,ERR,ERR,ERR,ERR,ERR,ERR,ERR,ERR,ERR,ERR,ERR,ERR,ERR,ERR,ERR,ERR,ERR,ERR,ERR,ERR,ERR,ERR,ERR,ERR,ERR,ERR,ERR,ERR,ERR,ERR,ERR,ERR,ERR,ERR,ERR,ERR,ERR,ERR,ERR,ERR,ERR,ERR,ERR,ERR,ERR,ERR,ERR,ERR,ERR,ERR,ERR,ERR,ERR,ERR,ERR,ERR,ERR,ERR,ERR,ERR,ERR,ERR,ERR,ERR,ERR,ERR,ERR,ERR,ERR,ERR,ERR,ERR,0.0,0.0,-134474944.0,0.0,0.0,1.3936040501711995e+18,7.805,0.0,0,0,4,0,8422,0.0,45,0.0,0.0,0.0,0.0,0.0,0,0,0,0,0.0,0,0,0,0,0,0,0,0,0,0,0,0,0,0,0,0,0,0,0,0,0,0,0,0,0,0,0,0,0,0,0,0,0,38,14,7,45,65476,0,300,0,0,8,21553,0.0,-107605600.0,0.0,0.0,0.0,0.0,0.0,0.0,0.0,0.0,0.0,0.0,0.0,0.0,0.0,0.0,0.0,0.0,0.0,0.0,0.0,0.0,2.004,2.004,-2.004,0.0,0.0,0.0,0.0,0.0,4857.0,3.697183934601442e+19,0.0,0.0,0.0,-107615280.0,2.718429300292151e+23,0.0,0.0,0.0,0.0,53,-0.0,-71.629,0.0,0.0,0.0,0.0,0.0,0.0,0.0,0,0,0,0.0,0.0,0.0,0.0,0.0,0.0,0.0,0.0,0.0,0.0,0.0,0.0,0.0,0.0,0.0,0.0,0,-107875648.0,53,0.0,106,-107614832.0,0.0,ERR,ERR,ERR,ERR,ERR,ERR,ERR,ERR,ERR,ERR,ERR,ERR,ERR,ERR,ERR,ERR,ERR,ERR,ERR,ERR,ERR,ERR,ERR,ERR,ERR,ERR,ERR,ERR,ERR,ERR,ERR,ERR,ERR,ERR,ERR,ERR,ERR,ERR,ERR,ERR,ERR,ERR,ERR,ERR,ERR,ERR,ERR,ERR,ERR,ERR,ERR,ERR,ERR,ERR,ERR,ERR,ERR,ERR,ERR,ERR,ERR,ERR,ERR,ERR,ERR,ERR,ERR,50.0,60.0,100,0.0,0.0,0.0,0.0,0.0,0.0,0.0,0.0,0.0,0.0,0.0,0.0,0.0,0.0,0.0,0.0,61.6,73,14,65513,50,65476,0,300,0,0,8,20529,65476,0,0,26214,60.0,0.0,0.0,0.0,0.0,0.0
2026-05-17T18:51:06,ERR,ERR,ERR,ERR,ERR,ERR,ERR,ERR,ERR,ERR,ERR,ERR,ERR,ERR,ERR,ERR,ERR,ERR,ERR,ERR,ERR,ERR,ERR,ERR,ERR,ERR,ERR,ERR,ERR,ERR,ERR,ERR,ERR,ERR,ERR,ERR,ERR,ERR,ERR,ERR,ERR,ERR,ERR,ERR,ERR,ERR,ERR,ERR,ERR,ERR,ERR,ERR,ERR,ERR,ERR,ERR,ERR,ERR,ERR,ERR,ERR,ERR,ERR,ERR,ERR,ERR,ERR,ERR,ERR,ERR,ERR,ERR,ERR,ERR,ERR,ERR,ERR,ERR,ERR,ERR,ERR,ERR,ERR,ERR,ERR,ERR,ERR,ERR,ERR,ERR,ERR,ERR,ERR,ERR,ERR,ERR,ERR,ERR,ERR,ERR,ERR,ERR,ERR,ERR,ERR,ERR,ERR,ERR,ERR,ERR,ERR,ERR,ERR,ERR,ERR,ERR,ERR,ERR,ERR,ERR,ERR,ERR,ERR,ERR,ERR,0.0,0.0,-134474944.0,0.0,0.0,1.3936040501711995e+18,7.805,0.0,0,0,4,0,8422,0.0,45,0.0,0.0,0.0,0.0,0.0,0,0,0,0,0.0,0,0,0,0,0,0,0,0,0,0,0,0,0,0,0,0,0,0,0,0,0,0,0,0,0,0,0,0,0,0,0,0,0,38,14,7,45,65476,0,300,0,0,8,21553,0.0,-107605600.0,0.0,0.0,0.0,0.0,0.0,0.0,0.0,0.0,0.0,0.0,0.0,0.0,0.0,0.0,0.0,0.0,0.0,0.0,0.0,0.0,2.004,2.004,-2.004,0.0,0.0,0.0,0.0,0.0,4859.0,131350.359,0.0,0.0,0.0,-107615280.0,2.718429300292151e+23,0.0,0.0,0.0,0.0,53,-0.0,-0.0,0.0,0.0,0.0,0.0,0.0,0.0,0.0,0,0,0,0.0,0.0,0.0,0.0,0.0,0.0,0.0,0.0,0.0,0.0,0.0,0.0,0.0,0.0,0.0,0.0,0,-107875648.0,53,0.0,106,-107614832.0,0.0,ERR,ERR,ERR,ERR,ERR,ERR,ERR,ERR,ERR,ERR,ERR,ERR,ERR,ERR,ERR,ERR,ERR,ERR,ERR,ERR,ERR,ERR,ERR,ERR,ERR,ERR,ERR,ERR,ERR,ERR,ERR,ERR,ERR,ERR,ERR,ERR,ERR,ERR,ERR,ERR,ERR,ERR,ERR,ERR,ERR,ERR,ERR,ERR,ERR,ERR,ERR,ERR,ERR,ERR,ERR,ERR,ERR,ERR,ERR,ERR,ERR,ERR,ERR,ERR,ERR,ERR,ERR,50.0,60.0,100,0.0,0.0,0.0,0.0,0.0,0.0,0.0,0.0,0.0,0.0,0.0,0.0,0.0,0.0,0.0,0.0,61.6,73,14,65513,50,65476,0,300,0,0,8,20529,65476,0,0,26214,60.0,0.0,0.0,0.0,0.0,0.0
2026-05-17T18:51:07,ERR,ERR,ERR,ERR,ERR,ERR,ERR,ERR,ERR,ERR,ERR,ERR,ERR,ERR,ERR,ERR,ERR,ERR,ERR,ERR,ERR,ERR,ERR,ERR,ERR,ERR,ERR,ERR,ERR,ERR,ERR,ERR,ERR,ERR,ERR,ERR,ERR,ERR,ERR,ERR,ERR,ERR,ERR,ERR,ERR,ERR,ERR,ERR,ERR,ERR,ERR,ERR,ERR,ERR,ERR,ERR,ERR,ERR,ERR,ERR,ERR,ERR,ERR,ERR,ERR,ERR,ERR,ERR,ERR,ERR,ERR,ERR,ERR,ERR,ERR,ERR,ERR,ERR,ERR,ERR,ERR,ERR,ERR,ERR,ERR,ERR,ERR,ERR,ERR,ERR,ERR,ERR,ERR,ERR,ERR,ERR,ERR,ERR,ERR,ERR,ERR,ERR,ERR,ERR,ERR,ERR,ERR,ERR,ERR,ERR,ERR,ERR,ERR,ERR,ERR,ERR,ERR,ERR,ERR,ERR,ERR,ERR,ERR,ERR,ERR,0.0,0.0,-134474944.0,0.0,0.0,1.3936040501711995e+18,7.805,0.0,0,0,4,0,8422,0.0,45,0.0,0.0,0.0,0.0,0.0,0,0,0,0,0.0,0,0,0,0,0,0,0,0,0,0,0,0,0,0,0,0,0,0,0,0,0,0,0,0,0,0,0,0,0,0,0,0,0,38,14,7,45,65476,0,300,0,0,8,21553,0.0,-107605600.0,0.0,0.0,0.0,0.0,0.0,0.0,0.0,0.0,0.0,0.0,0.0,0.0,0.0,0.0,0.0,0.0,0.0,0.0,0.0,0.0,2.004,2.004,-2.004,0.0,0.0,0.0,0.0,0.0,4859.0,131350.359,0.0,0.0,0.0,-107615280.0,2.718429300292151e+23,0.0,0.0,0.0,0.0,53,-0.0,-0.0,0.0,0.0,0.0,0.0,0.0,0.0,0.0,0,0,0,0.0,0.0,0.0,0.0,0.0,0.0,0.0,0.0,0.0,0.0,0.0,0.0,0.0,0.0,0.0,0.0,0,-107875648.0,53,0.0,106,-107614832.0,0.0,ERR,ERR,ERR,ERR,ERR,ERR,ERR,ERR,ERR,ERR,ERR,ERR,ERR,ERR,ERR,ERR,ERR,ERR,ERR,ERR,ERR,ERR,ERR,ERR,ERR,ERR,ERR,ERR,ERR,ERR,ERR,ERR,ERR,ERR,ERR,ERR,ERR,ERR,ERR,ERR,ERR,ERR,ERR,ERR,ERR,ERR,ERR,ERR,ERR,ERR,ERR,ERR,ERR,ERR,ERR,ERR,ERR,ERR,ERR,ERR,ERR,ERR,ERR,ERR,ERR,ERR,ERR,50.0,60.0,100,0.0,0.0,0.0,0.0,0.0,0.0,0.0,0.0,0.0,0.0,0.0,0.0,0.0,0.0,0.0,0.0,61.6,73,14,65513,50,65476,0,300,0,0,8,20529,65476,0,0,26214,60.0,0.0,0.0,0.0,0.0,0.0
2026-05-17T18:51:08,ERR,ERR,ERR,ERR,ERR,ERR,ERR,ERR,ERR,ERR,ERR,ERR,ERR,ERR,ERR,ERR,ERR,ERR,ERR,ERR,ERR,ERR,ERR,ERR,ERR,ERR,ERR,ERR,ERR,ERR,ERR,ERR,ERR,ERR,ERR,ERR,ERR,ERR,ERR,ERR,ERR,ERR,ERR,ERR,ERR,ERR,ERR,ERR,ERR,ERR,ERR,ERR,ERR,ERR,ERR,ERR,ERR,ERR,ERR,ERR,ERR,ERR,ERR,ERR,ERR,ERR,ERR,ERR,ERR,ERR,ERR,ERR,ERR,ERR,ERR,ERR,ERR,ERR,ERR,ERR,ERR,ERR,ERR,ERR,ERR,ERR,ERR,ERR,ERR,ERR,ERR,ERR,ERR,ERR,ERR,ERR,ERR,ERR,ERR,ERR,ERR,ERR,ERR,ERR,ERR,ERR,ERR,ERR,ERR,ERR,ERR,ERR,ERR,ERR,ERR,ERR,ERR,ERR,ERR,ERR,ERR,ERR,ERR,ERR,ERR,0.0,0.0,-134474944.0,0.0,0.0,1.3936040501711995e+18,7.805,0.0,0,0,4,0,8422,0.0,45,0.0,0.0,0.0,0.0,0.0,0,0,0,0,0.0,0,0,0,0,0,0,0,0,0,0,0,0,0,0,0,0,0,0,0,0,0,0,0,0,0,0,0,0,0,0,0,0,0,38,14,7,45,65476,0,300,0,0,8,21553,0.0,-107605600.0,0.0,0.0,0.0,0.0,0.0,0.0,0.0,0.0,0.0,0.0,0.0,0.0,0.0,0.0,0.0,0.0,0.0,0.0,0.0,0.0,2.004,2.004,-2.004,0.0,0.0,0.0,0.0,0.0,4859.0,131350.359,0.0,0.0,0.0,-107615280.0,2.718429300292151e+23,0.0,0.0,0.0,0.0,53,-0.0,-0.0,0.0,0.0,0.0,0.0,0.0,0.0,0.0,0,0,0,0.0,0.0,0.0,0.0,0.0,0.0,0.0,0.0,0.0,0.0,0.0,0.0,0.0,0.0,0.0,0.0,0,-107875648.0,53,0.0,106,-107614832.0,0.0,ERR,ERR,ERR,ERR,ERR,ERR,ERR,ERR,ERR,ERR,ERR,ERR,ERR,ERR,ERR,ERR,ERR,ERR,ERR,ERR,ERR,ERR,ERR,ERR,ERR,ERR,ERR,ERR,ERR,ERR,ERR,ERR,ERR,ERR,ERR,ERR,ERR,ERR,ERR,ERR,ERR,ERR,ERR,ERR,ERR,ERR,ERR,ERR,ERR,ERR,ERR,ERR,ERR,ERR,ERR,ERR,ERR,ERR,ERR,ERR,ERR,ERR,ERR,ERR,ERR,ERR,ERR,50.0,60.0,100,0.0,0.0,0.0,0.0,0.0,0.0,0.0,0.0,0.0,0.0,0.0,0.0,0.0,0.0,0.0,0.0,61.6,73,14,65513,50,65476,0,300,0,0,8,20529,65476,0,0,26214,60.0,0.0,0.0,0.0,0.0,0.0
2026-05-17T18:51:09,ERR,ERR,ERR,ERR,ERR,ERR,ERR,ERR,ERR,ERR,ERR,ERR,ERR,ERR,ERR,ERR,ERR,ERR,ERR,ERR,ERR,ERR,ERR,ERR,ERR,ERR,ERR,ERR,ERR,ERR,ERR,ERR,ERR,ERR,ERR,ERR,ERR,ERR,ERR,ERR,ERR,ERR,ERR,ERR,ERR,ERR,ERR,ERR,ERR,ERR,ERR,ERR,ERR,ERR,ERR,ERR,ERR,ERR,ERR,ERR,ERR,ERR,ERR,ERR,ERR,ERR,ERR,ERR,ERR,ERR,ERR,ERR,ERR,ERR,ERR,ERR,ERR,ERR,ERR,ERR,ERR,ERR,ERR,ERR,ERR,ERR,ERR,ERR,ERR,ERR,ERR,ERR,ERR,ERR,ERR,ERR,ERR,ERR,ERR,ERR,ERR,ERR,ERR,ERR,ERR,ERR,ERR,ERR,ERR,ERR,ERR,ERR,ERR,ERR,ERR,ERR,ERR,ERR,ERR,ERR,ERR,ERR,ERR,ERR,ERR,0.0,0.0,-134474944.0,0.0,0.0,1.3936040501711995e+18,7.805,0.0,0,0,4,0,8422,0.0,45,0.0,0.0,0.0,0.0,0.0,0,0,0,0,0.0,0,0,0,0,0,0,0,0,0,0,0,0,0,0,0,0,0,0,0,0,0,0,0,0,0,0,0,0,0,0,0,0,0,38,14,7,45,65476,0,300,0,0,8,21553,0.0,-107605600.0,0.0,0.0,0.0,0.0,0.0,0.0,0.0,0.0,0.0,0.0,0.0,0.0,0.0,0.0,0.0,0.0,0.0,0.0,0.0,0.0,2.004,2.004,-2.004,0.0,0.0,0.0,0.0,0.0,4859.0,131350.359,0.0,0.0,0.0,-107615280.0,2.718429300292151e+23,0.0,0.0,0.0,0.0,53,-0.0,-0.0,0.0,0.0,0.0,0.0,0.0,0.0,0.0,0,0,0,0.0,0.0,0.0,0.0,0.0,0.0,0.0,0.0,0.0,0.0,0.0,0.0,0.0,0.0,0.0,0.0,0,-107875648.0,53,0.0,106,-107614832.0,0.0,ERR,ERR,ERR,ERR,ERR,ERR,ERR,ERR,ERR,ERR,ERR,ERR,ERR,ERR,ERR,ERR,ERR,ERR,ERR,ERR,ERR,ERR,ERR,ERR,ERR,ERR,ERR,ERR,ERR,ERR,ERR,ERR,ERR,ERR,ERR,ERR,ERR,ERR,ERR,ERR,ERR,ERR,ERR,ERR,ERR,ERR,ERR,ERR,ERR,ERR,ERR,ERR,ERR,ERR,ERR,ERR,ERR,ERR,ERR,ERR,ERR,ERR,ERR,ERR,ERR,ERR,ERR,50.0,60.0,100,0.0,0.0,0.0,0.0,0.0,0.0,0.0,0.0,0.0,0.0,0.0,0.0,0.0,0.0,0.0,0.0,61.6,73,14,65513,50,65476,0,300,0,0,8,20529,65476,0,0,26214,60.0,0.0,0.0,0.0,0.0,0.0
2026-05-17T18:51:10,ERR,ERR,ERR,ERR,ERR,ERR,ERR,ERR,ERR,ERR,ERR,ERR,ERR,ERR,ERR,ERR,ERR,ERR,ERR,ERR,ERR,ERR,ERR,ERR,ERR,ERR,ERR,ERR,ERR,ERR,ERR,ERR,ERR,ERR,ERR,ERR,ERR,ERR,ERR,ERR,ERR,ERR,ERR,ERR,ERR,ERR,ERR,ERR,ERR,ERR,ERR,ERR,ERR,ERR,ERR,ERR,ERR,ERR,ERR,ERR,ERR,ERR,ERR,ERR,ERR,ERR,ERR,ERR,ERR,ERR,ERR,ERR,ERR,ERR,ERR,ERR,ERR,ERR,ERR,ERR,ERR,ERR,ERR,ERR,ERR,ERR,ERR,ERR,ERR,ERR,ERR,ERR,ERR,ERR,ERR,ERR,ERR,ERR,ERR,ERR,ERR,ERR,ERR,ERR,ERR,ERR,ERR,ERR,ERR,ERR,ERR,ERR,ERR,ERR,ERR,ERR,ERR,ERR,ERR,ERR,ERR,ERR,ERR,ERR,ERR,0.0,0.0,-134474944.0,0.0,0.0,1.3936040501711995e+18,7.805,0.0,0,0,4,0,8422,0.0,45,0.0,0.0,0.0,0.0,0.0,0,0,0,0,0.0,0,0,0,0,0,0,0,0,0,0,0,0,0,0,0,0,0,0,0,0,0,0,0,0,0,0,0,0,0,0,0,0,0,38,14,7,45,65476,0,300,0,0,8,21553,0.0,-107605600.0,0.0,0.0,0.0,0.0,0.0,0.0,0.0,0.0,0.0,0.0,0.0,0.0,0.0,0.0,0.0,0.0,0.0,0.0,0.0,0.0,2.004,2.004,-2.004,0.0,0.0,0.0,0.0,0.0,4859.0,131350.359,0.0,0.0,0.0,-107615280.0,2.718429300292151e+23,0.0,0.0,0.0,0.0,53,-0.0,-0.0,0.0,0.0,0.0,0.0,0.0,0.0,0.0,0,0,0,0.0,0.0,0.0,0.0,0.0,0.0,0.0,0.0,0.0,0.0,0.0,0.0,0.0,0.0,0.0,0.0,0,-107875648.0,53,0.0,106,-107614832.0,0.0,ERR,ERR,ERR,ERR,ERR,ERR,ERR,ERR,ERR,ERR,ERR,ERR,ERR,ERR,ERR,ERR,ERR,ERR,ERR,ERR,ERR,ERR,ERR,ERR,ERR,ERR,ERR,ERR,ERR,ERR,ERR,ERR,ERR,ERR,ERR,ERR,ERR,ERR,ERR,ERR,ERR,ERR,ERR,ERR,ERR,ERR,ERR,ERR,ERR,ERR,ERR,ERR,ERR,ERR,ERR,ERR,ERR,ERR,ERR,ERR,ERR,ERR,ERR,ERR,ERR,ERR,ERR,50.0,60.0,100,0.0,0.0,0.0,0.0,0.0,0.0,0.0,0.0,0.0,0.0,0.0,0.0,0.0,0.0,0.0,0.0,61.6,73,14,65513,50,65476,0,300,0,0,8,20529,65476,0,0,26214,60.0,0.0,0.0,0.0,0.0,0.0
2026-05-17T18:51:11,ERR,ERR,ERR,ERR,ERR,ERR,ERR,ERR,ERR,ERR,ERR,ERR,ERR,ERR,ERR,ERR,ERR,ERR,ERR,ERR,ERR,ERR,ERR,ERR,ERR,ERR,ERR,ERR,ERR,ERR,ERR,ERR,ERR,ERR,ERR,ERR,ERR,ERR,ERR,ERR,ERR,ERR,ERR,ERR,ERR,ERR,ERR,ERR,ERR,ERR,ERR,ERR,ERR,ERR,ERR,ERR,ERR,ERR,ERR,ERR,ERR,ERR,ERR,ERR,ERR,ERR,ERR,ERR,ERR,ERR,ERR,ERR,ERR,ERR,ERR,ERR,ERR,ERR,ERR,ERR,ERR,ERR,ERR,ERR,ERR,ERR,ERR,ERR,ERR,ERR,ERR,ERR,ERR,ERR,ERR,ERR,ERR,ERR,ERR,ERR,ERR,ERR,ERR,ERR,ERR,ERR,ERR,ERR,ERR,ERR,ERR,ERR,ERR,ERR,ERR,ERR,ERR,ERR,ERR,ERR,ERR,ERR,ERR,ERR,ERR,0.0,0.0,-134474944.0,0.0,0.0,1.3936040501711995e+18,7.805,0.0,0,0,4,0,8422,0.0,45,0.0,0.0,0.0,0.0,0.0,0,0,0,0,0.0,0,0,0,0,0,0,0,0,0,0,0,0,0,0,0,0,0,0,0,0,0,0,0,0,0,0,0,0,0,0,0,0,0,38,14,7,45,65476,0,300,0,0,8,21553,0.0,-107605600.0,0.0,0.0,0.0,0.0,0.0,0.0,0.0,0.0,0.0,0.0,0.0,0.0,0.0,0.0,0.0,0.0,0.0,0.0,0.0,0.0,2.004,2.004,-0.0,0.0,0.0,0.0,0.0,0.0,4860.0,1.5879284086409797e+29,0.0,0.0,0.0,-107615280.0,2.718429300292151e+23,0.0,0.0,0.0,0.0,53,-0.0,-152017162993664.0,0.0,0.0,0.0,0.0,0.0,0.0,0.0,0,0,0,0.0,0.0,0.0,0.0,0.0,0.0,0.0,0.0,0.0,0.0,0.0,0.0,0.0,0.0,0.0,0.0,0,-107875648.0,53,0.0,106,-107614832.0,0.0,ERR,ERR,ERR,ERR,ERR,ERR,ERR,ERR,ERR,ERR,ERR,ERR,ERR,ERR,ERR,ERR,ERR,ERR,ERR,ERR,ERR,ERR,ERR,ERR,ERR,ERR,ERR,ERR,ERR,ERR,ERR,ERR,ERR,ERR,ERR,ERR,ERR,ERR,ERR,ERR,ERR,ERR,ERR,ERR,ERR,ERR,ERR,ERR,ERR,ERR,ERR,ERR,ERR,ERR,ERR,ERR,ERR,ERR,ERR,ERR,ERR,ERR,ERR,ERR,ERR,ERR,ERR,50.0,60.0,100,0.0,0.0,0.0,0.0,0.0,0.0,0.0,0.0,0.0,0.0,0.0,0.0,0.0,0.0,0.0,0.0,61.6,73,14,65513,50,65476,0,300,0,0,8,20529,65476,0,0,26214,60.0,0.0,0.0,0.0,0.0,0.0
2026-05-17T18:51:12,ERR,ERR,ERR,ERR,ERR,ERR,ERR,ERR,ERR,ERR,ERR,ERR,ERR,ERR,ERR,ERR,ERR,ERR,ERR,ERR,ERR,ERR,ERR,ERR,ERR,ERR,ERR,ERR,ERR,ERR,ERR,ERR,ERR,ERR,ERR,ERR,ERR,ERR,ERR,ERR,ERR,ERR,ERR,ERR,ERR,ERR,ERR,ERR,ERR,ERR,ERR,ERR,ERR,ERR,ERR,ERR,ERR,ERR,ERR,ERR,ERR,ERR,ERR,ERR,ERR,ERR,ERR,ERR,ERR,ERR,ERR,ERR,ERR,ERR,ERR,ERR,ERR,ERR,ERR,ERR,ERR,ERR,ERR,ERR,ERR,ERR,ERR,ERR,ERR,ERR,ERR,ERR,ERR,ERR,ERR,ERR,ERR,ERR,ERR,ERR,ERR,ERR,ERR,ERR,ERR,ERR,ERR,ERR,ERR,ERR,ERR,ERR,ERR,ERR,ERR,ERR,ERR,ERR,ERR,ERR,ERR,ERR,ERR,ERR,ERR,0.0,0.0,-134474944.0,0.0,0.0,1.3936040501711995e+18,7.805,0.0,0,0,4,0,8422,0.0,45,0.0,0.0,0.0,0.0,0.0,0,0,0,0,0.0,0,0,0,0,0,0,0,0,0,0,0,0,0,0,0,0,0,0,0,0,0,0,0,0,0,0,0,0,0,0,0,0,0,38,14,7,45,65476,0,300,0,0,8,21553,0.0,-107605600.0,0.0,0.0,0.0,0.0,0.0,0.0,0.0,0.0,0.0,0.0,0.0,0.0,0.0,0.0,0.0,0.0,0.0,0.0,0.0,0.0,2.004,2.004,-0.0,0.0,0.0,0.0,0.0,0.0,4860.0,1.5879284086409797e+29,0.0,0.0,0.0,-107615280.0,2.718429300292151e+23,0.0,0.0,0.0,0.0,53,-0.0,-152017162993664.0,0.0,0.0,0.0,0.0,0.0,0.0,0.0,0,0,0,0.0,0.0,0.0,0.0,0.0,0.0,0.0,0.0,0.0,0.0,0.0,0.0,0.0,0.0,0.0,0.0,0,-107875648.0,53,0.0,106,-107614832.0,0.0,ERR,ERR,ERR,ERR,ERR,ERR,ERR,ERR,ERR,ERR,ERR,ERR,ERR,ERR,ERR,ERR,ERR,ERR,ERR,ERR,ERR,ERR,ERR,ERR,ERR,ERR,ERR,ERR,ERR,ERR,ERR,ERR,ERR,ERR,ERR,ERR,ERR,ERR,ERR,ERR,ERR,ERR,ERR,ERR,ERR,ERR,ERR,ERR,ERR,ERR,ERR,ERR,ERR,ERR,ERR,ERR,ERR,ERR,ERR,ERR,ERR,ERR,ERR,ERR,ERR,ERR,ERR,50.0,60.0,100,0.0,0.0,0.0,0.0,0.0,0.0,0.0,0.0,0.0,0.0,0.0,0.0,0.0,0.0,0.0,0.0,61.6,73,14,65513,50,65476,0,300,0,0,8,20529,65476,0,0,26214,60.0,0.0,0.0,0.0,0.0,0.0
2026-05-17T18:51:13,ERR,ERR,ERR,ERR,ERR,ERR,ERR,ERR,ERR,ERR,ERR,ERR,ERR,ERR,ERR,ERR,ERR,ERR,ERR,ERR,ERR,ERR,ERR,ERR,ERR,ERR,ERR,ERR,ERR,ERR,ERR,ERR,ERR,ERR,ERR,ERR,ERR,ERR,ERR,ERR,ERR,ERR,ERR,ERR,ERR,ERR,ERR,ERR,ERR,ERR,ERR,ERR,ERR,ERR,ERR,ERR,ERR,ERR,ERR,ERR,ERR,ERR,ERR,ERR,ERR,ERR,ERR,ERR,ERR,ERR,ERR,ERR,ERR,ERR,ERR,ERR,ERR,ERR,ERR,ERR,ERR,ERR,ERR,ERR,ERR,ERR,ERR,ERR,ERR,ERR,ERR,ERR,ERR,ERR,ERR,ERR,ERR,ERR,ERR,ERR,ERR,ERR,ERR,ERR,ERR,ERR,ERR,ERR,ERR,ERR,ERR,ERR,ERR,ERR,ERR,ERR,ERR,ERR,ERR,ERR,ERR,ERR,ERR,ERR,ERR,0.0,0.0,-134474944.0,0.0,0.0,1.3936040501711995e+18,7.805,0.0,0,0,4,0,8422,0.0,45,0.0,0.0,0.0,0.0,0.0,0,0,0,0,0.0,0,0,0,0,0,0,0,0,0,0,0,0,0,0,0,0,0,0,0,0,0,0,0,0,0,0,0,0,0,0,0,0,0,38,14,7,45,65476,0,300,0,0,8,21553,0.0,-107605600.0,0.0,0.0,0.0,0.0,0.0,0.0,0.0,0.0,0.0,0.0,0.0,0.0,0.0,0.0,0.0,0.0,0.0,0.0,0.0,0.0,2.004,2.004,-0.0,0.0,0.0,0.0,0.0,0.0,4860.0,1.5879284086409797e+29,0.0,0.0,0.0,-107615280.0,2.718429300292151e+23,0.0,0.0,0.0,0.0,53,-0.0,-152017162993664.0,0.0,0.0,0.0,0.0,0.0,0.0,0.0,0,0,0,0.0,0.0,0.0,0.0,0.0,0.0,0.0,0.0,0.0,0.0,0.0,0.0,0.0,0.0,0.0,0.0,0,-107875648.0,53,0.0,106,-107614832.0,0.0,ERR,ERR,ERR,ERR,ERR,ERR,ERR,ERR,ERR,ERR,ERR,ERR,ERR,ERR,ERR,ERR,ERR,ERR,ERR,ERR,ERR,ERR,ERR,ERR,ERR,ERR,ERR,ERR,ERR,ERR,ERR,ERR,ERR,ERR,ERR,ERR,ERR,ERR,ERR,ERR,ERR,ERR,ERR,ERR,ERR,ERR,ERR,ERR,ERR,ERR,ERR,ERR,ERR,ERR,ERR,ERR,ERR,ERR,ERR,ERR,ERR,ERR,ERR,ERR,ERR,ERR,ERR,50.0,60.0,100,0.0,0.0,0.0,0.0,0.0,0.0,0.0,0.0,0.0,0.0,0.0,0.0,0.0,0.0,0.0,0.0,61.6,73,14,65513,50,65476,0,300,0,0,8,20529,65476,0,0,26214,60.0,0.0,0.0,0.0,0.0,0.0
2026-05-17T18:51:14,ERR,ERR,ERR,ERR,ERR,ERR,ERR,ERR,ERR,ERR,ERR,ERR,ERR,ERR,ERR,ERR,ERR,ERR,ERR,ERR,ERR,ERR,ERR,ERR,ERR,ERR,ERR,ERR,ERR,ERR,ERR,ERR,ERR,ERR,ERR,ERR,ERR,ERR,ERR,ERR,ERR,ERR,ERR,ERR,ERR,ERR,ERR,ERR,ERR,ERR,ERR,ERR,ERR,ERR,ERR,ERR,ERR,ERR,ERR,ERR,ERR,ERR,ERR,ERR,ERR,ERR,ERR,ERR,ERR,ERR,ERR,ERR,ERR,ERR,ERR,ERR,ERR,ERR,ERR,ERR,ERR,ERR,ERR,ERR,ERR,ERR,ERR,ERR,ERR,ERR,ERR,ERR,ERR,ERR,ERR,ERR,ERR,ERR,ERR,ERR,ERR,ERR,ERR,ERR,ERR,ERR,ERR,ERR,ERR,ERR,ERR,ERR,ERR,ERR,ERR,ERR,ERR,ERR,ERR,ERR,ERR,ERR,ERR,ERR,ERR,0.0,0.0,-134474944.0,0.0,0.0,1.3936040501711995e+18,7.805,0.0,0,0,4,0,8422,0.0,45,0.0,0.0,0.0,0.0,0.0,0,0,0,0,0.0,0,0,0,0,0,0,0,0,0,0,0,0,0,0,0,0,0,0,0,0,0,0,0,0,0,0,0,0,0,0,0,0,0,38,14,7,45,65476,0,300,0,0,8,21553,0.0,-107605600.0,0.0,0.0,0.0,0.0,0.0,0.0,0.0,0.0,0.0,0.0,0.0,0.0,0.0,0.0,0.0,0.0,0.0,0.0,0.0,0.0,2.004,2.004,-0.0,0.0,0.0,0.0,0.0,0.0,4860.0,1.5879284086409797e+29,0.0,0.0,0.0,-107615280.0,2.718429300292151e+23,0.0,0.0,0.0,0.0,53,-0.0,-152017162993664.0,0.0,0.0,0.0,0.0,0.0,0.0,0.0,0,0,0,0.0,0.0,0.0,0.0,0.0,0.0,0.0,0.0,0.0,0.0,0.0,0.0,0.0,0.0,0.0,0.0,0,-107875648.0,53,0.0,106,-107614832.0,0.0,ERR,ERR,ERR,ERR,ERR,ERR,ERR,ERR,ERR,ERR,ERR,ERR,ERR,ERR,ERR,ERR,ERR,ERR,ERR,ERR,ERR,ERR,ERR,ERR,ERR,ERR,ERR,ERR,ERR,ERR,ERR,ERR,ERR,ERR,ERR,ERR,ERR,ERR,ERR,ERR,ERR,ERR,ERR,ERR,ERR,ERR,ERR,ERR,ERR,ERR,ERR,ERR,ERR,ERR,ERR,ERR,ERR,ERR,ERR,ERR,ERR,ERR,ERR,ERR,ERR,ERR,ERR,50.0,60.0,100,0.0,0.0,0.0,0.0,0.0,0.0,0.0,0.0,0.0,0.0,0.0,0.0,0.0,0.0,0.0,0.0,61.6,73,14,65513,50,65476,0,300,0,0,8,20529,65476,0,0,26214,60.0,0.0,0.0,0.0,0.0,0.0
2026-05-17T18:51:15,ERR,ERR,ERR,ERR,ERR,ERR,ERR,ERR,ERR,ERR,ERR,ERR,ERR,ERR,ERR,ERR,ERR,ERR,ERR,ERR,ERR,ERR,ERR,ERR,ERR,ERR,ERR,ERR,ERR,ERR,ERR,ERR,ERR,ERR,ERR,ERR,ERR,ERR,ERR,ERR,ERR,ERR,ERR,ERR,ERR,ERR,ERR,ERR,ERR,ERR,ERR,ERR,ERR,ERR,ERR,ERR,ERR,ERR,ERR,ERR,ERR,ERR,ERR,ERR,ERR,ERR,ERR,ERR,ERR,ERR,ERR,ERR,ERR,ERR,ERR,ERR,ERR,ERR,ERR,ERR,ERR,ERR,ERR,ERR,ERR,ERR,ERR,ERR,ERR,ERR,ERR,ERR,ERR,ERR,ERR,ERR,ERR,ERR,ERR,ERR,ERR,ERR,ERR,ERR,ERR,ERR,ERR,ERR,ERR,ERR,ERR,ERR,ERR,ERR,ERR,ERR,ERR,ERR,ERR,ERR,ERR,ERR,ERR,ERR,ERR,0.0,0.0,-134474944.0,0.0,0.0,1.3936040501711995e+18,7.805,0.0,0,0,4,0,8422,0.0,45,0.0,0.0,0.0,0.0,0.0,0,0,0,0,0.0,0,0,0,0,0,0,0,0,0,0,0,0,0,0,0,0,0,0,0,0,0,0,0,0,0,0,0,0,0,0,0,0,0,38,14,7,45,65476,0,300,0,0,8,21553,0.0,-107605600.0,0.0,0.0,0.0,0.0,0.0,0.0,0.0,0.0,0.0,0.0,0.0,0.0,0.0,0.0,0.0,0.0,0.0,0.0,0.0,0.0,2.004,2.004,-0.0,0.0,0.0,0.0,0.0,0.0,4860.0,1.5879284086409797e+29,0.0,0.0,0.0,-107615280.0,2.718429300292151e+23,0.0,0.0,0.0,0.0,53,-0.0,-152017162993664.0,0.0,0.0,0.0,0.0,0.0,0.0,0.0,0,0,0,0.0,0.0,0.0,0.0,0.0,0.0,0.0,0.0,0.0,0.0,0.0,0.0,0.0,0.0,0.0,0.0,0,-107875648.0,53,0.0,106,-107614832.0,0.0,ERR,ERR,ERR,ERR,ERR,ERR,ERR,ERR,ERR,ERR,ERR,ERR,ERR,ERR,ERR,ERR,ERR,ERR,ERR,ERR,ERR,ERR,ERR,ERR,ERR,ERR,ERR,ERR,ERR,ERR,ERR,ERR,ERR,ERR,ERR,ERR,ERR,ERR,ERR,ERR,ERR,ERR,ERR,ERR,ERR,ERR,ERR,ERR,ERR,ERR,ERR,ERR,ERR,ERR,ERR,ERR,ERR,ERR,ERR,ERR,ERR,ERR,ERR,ERR,ERR,ERR,ERR,50.0,60.0,100,0.0,0.0,0.0,0.0,0.0,0.0,0.0,0.0,0.0,0.0,0.0,0.0,0.0,0.0,0.0,0.0,61.6,73,14,65513,50,65476,0,300,0,0,8,20529,65476,0,0,26214,60.0,0.0,0.0,0.0,0.0,0.0
2026-05-17T18:51:16,ERR,ERR,ERR,ERR,ERR,ERR,ERR,ERR,ERR,ERR,ERR,ERR,ERR,ERR,ERR,ERR,ERR,ERR,ERR,ERR,ERR,ERR,ERR,ERR,ERR,ERR,ERR,ERR,ERR,ERR,ERR,ERR,ERR,ERR,ERR,ERR,ERR,ERR,ERR,ERR,ERR,ERR,ERR,ERR,ERR,ERR,ERR,ERR,ERR,ERR,ERR,ERR,ERR,ERR,ERR,ERR,ERR,ERR,ERR,ERR,ERR,ERR,ERR,ERR,ERR,ERR,ERR,ERR,ERR,ERR,ERR,ERR,ERR,ERR,ERR,ERR,ERR,ERR,ERR,ERR,ERR,ERR,ERR,ERR,ERR,ERR,ERR,ERR,ERR,ERR,ERR,ERR,ERR,ERR,ERR,ERR,ERR,ERR,ERR,ERR,ERR,ERR,ERR,ERR,ERR,ERR,ERR,ERR,ERR,ERR,ERR,ERR,ERR,ERR,ERR,ERR,ERR,ERR,ERR,ERR,ERR,ERR,ERR,ERR,ERR,0.0,0.0,-134474944.0,0.0,0.0,1.3936040501711995e+18,7.805,0.0,0,0,4,0,8422,0.0,45,0.0,0.0,0.0,0.0,0.0,0,0,0,0,0.0,0,0,0,0,0,0,0,0,0,0,0,0,0,0,0,0,0,0,0,0,0,0,0,0,0,0,0,0,0,0,0,0,0,38,14,7,45,65476,0,300,0,0,8,21553,0.0,-107605600.0,0.0,0.0,0.0,0.0,0.0,0.0,0.0,0.0,0.0,0.0,0.0,0.0,0.0,0.0,0.0,0.0,0.0,0.0,0.0,0.0,2.004,2.004,-0.0,0.0,0.0,0.0,0.0,0.0,4860.0,-0.0,0.0,0.0,0.0,-107615280.0,2.718429300292151e+23,0.0,0.0,0.0,0.0,53,-0.0,0.0,0.0,0.0,0.0,0.0,0.0,0.0,0.0,0,0,0,0.0,0.0,0.0,0.0,0.0,0.0,0.0,0.0,0.0,0.0,0.0,0.0,0.0,0.0,0.0,0.0,0,-107875648.0,53,0.0,106,-107614832.0,0.0,ERR,ERR,ERR,ERR,ERR,ERR,ERR,ERR,ERR,ERR,ERR,ERR,ERR,ERR,ERR,ERR,ERR,ERR,ERR,ERR,ERR,ERR,ERR,ERR,ERR,ERR,ERR,ERR,ERR,ERR,ERR,ERR,ERR,ERR,ERR,ERR,ERR,ERR,ERR,ERR,ERR,ERR,ERR,ERR,ERR,ERR,ERR,ERR,ERR,ERR,ERR,ERR,ERR,ERR,ERR,ERR,ERR,ERR,ERR,ERR,ERR,ERR,ERR,ERR,ERR,ERR,ERR,50.0,60.0,100,0.0,0.0,0.0,0.0,0.0,0.0,0.0,0.0,0.0,0.0,0.0,0.0,0.0,0.0,0.0,0.0,61.6,73,14,65513,50,65476,0,300,0,0,8,20529,65476,0,0,26214,60.0,0.0,0.0,0.0,0.0,0.0
2026-05-17T18:51:17,ERR,ERR,ERR,ERR,ERR,ERR,ERR,ERR,ERR,ERR,ERR,ERR,ERR,ERR,ERR,ERR,ERR,ERR,ERR,ERR,ERR,ERR,ERR,ERR,ERR,ERR,ERR,ERR,ERR,ERR,ERR,ERR,ERR,ERR,ERR,ERR,ERR,ERR,ERR,ERR,ERR,ERR,ERR,ERR,ERR,ERR,ERR,ERR,ERR,ERR,ERR,ERR,ERR,ERR,ERR,ERR,ERR,ERR,ERR,ERR,ERR,ERR,ERR,ERR,ERR,ERR,ERR,ERR,ERR,ERR,ERR,ERR,ERR,ERR,ERR,ERR,ERR,ERR,ERR,ERR,ERR,ERR,ERR,ERR,ERR,ERR,ERR,ERR,ERR,ERR,ERR,ERR,ERR,ERR,ERR,ERR,ERR,ERR,ERR,ERR,ERR,ERR,ERR,ERR,ERR,ERR,ERR,ERR,ERR,ERR,ERR,ERR,ERR,ERR,ERR,ERR,ERR,ERR,ERR,ERR,ERR,ERR,ERR,ERR,ERR,0.0,0.0,-134474944.0,0.0,0.0,1.3936040501711995e+18,7.805,0.0,0,0,4,0,8422,0.0,45,0.0,0.0,0.0,0.0,0.0,0,0,0,0,0.0,0,0,0,0,0,0,0,0,0,0,0,0,0,0,0,0,0,0,0,0,0,0,0,0,0,0,0,0,0,0,0,0,0,38,14,7,45,65476,0,300,0,0,8,21553,0.0,-107605600.0,0.0,0.0,0.0,0.0,0.0,0.0,0.0,0.0,0.0,0.0,0.0,0.0,0.0,0.0,0.0,0.0,0.0,0.0,0.0,0.0,2.004,2.004,-0.0,0.0,0.0,0.0,0.0,0.0,4860.0,-0.0,0.0,0.0,0.0,-107615280.0,2.718429300292151e+23,0.0,0.0,0.0,0.0,53,-0.0,0.0,0.0,0.0,0.0,0.0,0.0,0.0,0.0,0,0,0,0.0,0.0,0.0,0.0,0.0,0.0,0.0,0.0,0.0,0.0,0.0,0.0,0.0,0.0,0.0,0.0,0,-107875648.0,53,0.0,106,-107614832.0,0.0,ERR,ERR,ERR,ERR,ERR,ERR,ERR,ERR,ERR,ERR,ERR,ERR,ERR,ERR,ERR,ERR,ERR,ERR,ERR,ERR,ERR,ERR,ERR,ERR,ERR,ERR,ERR,ERR,ERR,ERR,ERR,ERR,ERR,ERR,ERR,ERR,ERR,ERR,ERR,ERR,ERR,ERR,ERR,ERR,ERR,ERR,ERR,ERR,ERR,ERR,ERR,ERR,ERR,ERR,ERR,ERR,ERR,ERR,ERR,ERR,ERR,ERR,ERR,ERR,ERR,ERR,ERR,50.0,60.0,100,0.0,0.0,0.0,0.0,0.0,0.0,0.0,0.0,0.0,0.0,0.0,0.0,0.0,0.0,0.0,0.0,61.6,73,14,65513,50,65476,0,300,0,0,8,20529,65476,0,0,26214,60.0,0.0,0.0,0.0,0.0,0.0
2026-05-17T18:51:18,ERR,ERR,ERR,ERR,ERR,ERR,ERR,ERR,ERR,ERR,ERR,ERR,ERR,ERR,ERR,ERR,ERR,ERR,ERR,ERR,ERR,ERR,ERR,ERR,ERR,ERR,ERR,ERR,ERR,ERR,ERR,ERR,ERR,ERR,ERR,ERR,ERR,ERR,ERR,ERR,ERR,ERR,ERR,ERR,ERR,ERR,ERR,ERR,ERR,ERR,ERR,ERR,ERR,ERR,ERR,ERR,ERR,ERR,ERR,ERR,ERR,ERR,ERR,ERR,ERR,ERR,ERR,ERR,ERR,ERR,ERR,ERR,ERR,ERR,ERR,ERR,ERR,ERR,ERR,ERR,ERR,ERR,ERR,ERR,ERR,ERR,ERR,ERR,ERR,ERR,ERR,ERR,ERR,ERR,ERR,ERR,ERR,ERR,ERR,ERR,ERR,ERR,ERR,ERR,ERR,ERR,ERR,ERR,ERR,ERR,ERR,ERR,ERR,ERR,ERR,ERR,ERR,ERR,ERR,ERR,ERR,ERR,ERR,ERR,ERR,0.0,0.0,-134474944.0,0.0,0.0,1.3936040501711995e+18,7.805,0.0,0,0,4,0,8422,0.0,45,0.0,0.0,0.0,0.0,0.0,0,0,0,0,0.0,0,0,0,0,0,0,0,0,0,0,0,0,0,0,0,0,0,0,0,0,0,0,0,0,0,0,0,0,0,0,0,0,0,38,14,7,45,65476,0,300,0,0,8,21553,0.0,-107605600.0,0.0,0.0,0.0,0.0,0.0,0.0,0.0,0.0,0.0,0.0,0.0,0.0,0.0,0.0,0.0,0.0,0.0,0.0,0.0,0.0,2.004,2.004,-0.0,0.0,0.0,0.0,0.0,0.0,4860.0,-0.0,0.0,0.0,0.0,-107615280.0,2.718429300292151e+23,0.0,0.0,0.0,0.0,53,-0.0,0.0,0.0,0.0,0.0,0.0,0.0,0.0,0.0,0,0,0,0.0,0.0,0.0,0.0,0.0,0.0,0.0,0.0,0.0,0.0,0.0,0.0,0.0,0.0,0.0,0.0,0,-107875648.0,53,0.0,106,-107614832.0,0.0,ERR,ERR,ERR,ERR,ERR,ERR,ERR,ERR,ERR,ERR,ERR,ERR,ERR,ERR,ERR,ERR,ERR,ERR,ERR,ERR,ERR,ERR,ERR,ERR,ERR,ERR,ERR,ERR,ERR,ERR,ERR,ERR,ERR,ERR,ERR,ERR,ERR,ERR,ERR,ERR,ERR,ERR,ERR,ERR,ERR,ERR,ERR,ERR,ERR,ERR,ERR,ERR,ERR,ERR,ERR,ERR,ERR,ERR,ERR,ERR,ERR,ERR,ERR,ERR,ERR,ERR,ERR,50.0,60.0,100,0.0,0.0,0.0,0.0,0.0,0.0,0.0,0.0,0.0,0.0,0.0,0.0,0.0,0.0,0.0,0.0,61.6,73,14,65513,50,65476,0,300,0,0,8,20529,65476,0,0,26214,60.0,0.0,0.0,0.0,0.0,0.0
2026-05-17T18:51:19,ERR,ERR,ERR,ERR,ERR,ERR,ERR,ERR,ERR,ERR,ERR,ERR,ERR,ERR,ERR,ERR,ERR,ERR,ERR,ERR,ERR,ERR,ERR,ERR,ERR,ERR,ERR,ERR,ERR,ERR,ERR,ERR,ERR,ERR,ERR,ERR,ERR,ERR,ERR,ERR,ERR,ERR,ERR,ERR,ERR,ERR,ERR,ERR,ERR,ERR,ERR,ERR,ERR,ERR,ERR,ERR,ERR,ERR,ERR,ERR,ERR,ERR,ERR,ERR,ERR,ERR,ERR,ERR,ERR,ERR,ERR,ERR,ERR,ERR,ERR,ERR,ERR,ERR,ERR,ERR,ERR,ERR,ERR,ERR,ERR,ERR,ERR,ERR,ERR,ERR,ERR,ERR,ERR,ERR,ERR,ERR,ERR,ERR,ERR,ERR,ERR,ERR,ERR,ERR,ERR,ERR,ERR,ERR,ERR,ERR,ERR,ERR,ERR,ERR,ERR,ERR,ERR,ERR,ERR,ERR,ERR,ERR,ERR,ERR,ERR,0.0,0.0,-134474944.0,0.0,0.0,1.3936040501711995e+18,7.805,0.0,0,0,4,0,8422,0.0,45,0.0,0.0,0.0,0.0,0.0,0,0,0,0,0.0,0,0,0,0,0,0,0,0,0,0,0,0,0,0,0,0,0,0,0,0,0,0,0,0,0,0,0,0,0,0,0,0,0,38,14,7,45,65476,0,300,0,0,8,21553,0.0,-107605600.0,0.0,0.0,0.0,0.0,0.0,0.0,0.0,0.0,0.0,0.0,0.0,0.0,0.0,0.0,0.0,0.0,0.0,0.0,0.0,0.0,2.004,2.004,-0.0,0.0,0.0,0.0,0.0,0.0,4860.0,-0.0,0.0,0.0,0.0,-107615280.0,2.718429300292151e+23,0.0,0.0,0.0,0.0,53,-0.0,0.0,0.0,0.0,0.0,0.0,0.0,0.0,0.0,0,0,0,0.0,0.0,0.0,0.0,0.0,0.0,0.0,0.0,0.0,0.0,0.0,0.0,0.0,0.0,0.0,0.0,0,-107875648.0,53,0.0,106,-107614832.0,0.0,ERR,ERR,ERR,ERR,ERR,ERR,ERR,ERR,ERR,ERR,ERR,ERR,ERR,ERR,ERR,ERR,ERR,ERR,ERR,ERR,ERR,ERR,ERR,ERR,ERR,ERR,ERR,ERR,ERR,ERR,ERR,ERR,ERR,ERR,ERR,ERR,ERR,ERR,ERR,ERR,ERR,ERR,ERR,ERR,ERR,ERR,ERR,ERR,ERR,ERR,ERR,ERR,ERR,ERR,ERR,ERR,ERR,ERR,ERR,ERR,ERR,ERR,ERR,ERR,ERR,ERR,ERR,50.0,60.0,100,0.0,0.0,0.0,0.0,0.0,0.0,0.0,0.0,0.0,0.0,0.0,0.0,0.0,0.0,0.0,0.0,61.6,73,14,65513,50,65476,0,300,0,0,8,20529,65476,0,0,26214,60.0,0.0,0.0,0.0,0.0,0.0
2026-05-17T18:51:20,ERR,ERR,ERR,ERR,ERR,ERR,ERR,ERR,ERR,ERR,ERR,ERR,ERR,ERR,ERR,ERR,ERR,ERR,ERR,ERR,ERR,ERR,ERR,ERR,ERR,ERR,ERR,ERR,ERR,ERR,ERR,ERR,ERR,ERR,ERR,ERR,ERR,ERR,ERR,ERR,ERR,ERR,ERR,ERR,ERR,ERR,ERR,ERR,ERR,ERR,ERR,ERR,ERR,ERR,ERR,ERR,ERR,ERR,ERR,ERR,ERR,ERR,ERR,ERR,ERR,ERR,ERR,ERR,ERR,ERR,ERR,ERR,ERR,ERR,ERR,ERR,ERR,ERR,ERR,ERR,ERR,ERR,ERR,ERR,ERR,ERR,ERR,ERR,ERR,ERR,ERR,ERR,ERR,ERR,ERR,ERR,ERR,ERR,ERR,ERR,ERR,ERR,ERR,ERR,ERR,ERR,ERR,ERR,ERR,ERR,ERR,ERR,ERR,ERR,ERR,ERR,ERR,ERR,ERR,ERR,ERR,ERR,ERR,ERR,ERR,0.0,0.0,-134474944.0,0.0,0.0,1.3936040501711995e+18,7.805,0.0,0,0,4,0,8422,0.0,45,0.0,0.0,0.0,0.0,0.0,0,0,0,0,0.0,0,0,0,0,0,0,0,0,0,0,0,0,0,0,0,0,0,0,0,0,0,0,0,0,0,0,0,0,0,0,0,0,0,38,14,7,45,65476,0,300,0,0,8,21553,0.0,-107605600.0,0.0,0.0,0.0,0.0,0.0,0.0,0.0,0.0,0.0,0.0,0.0,0.0,0.0,0.0,0.0,0.0,0.0,0.0,0.0,0.0,2.004,2.004,-0.0,0.0,0.0,0.0,0.0,0.0,4860.0,-0.0,0.0,0.0,0.0,-107615280.0,2.718429300292151e+23,0.0,0.0,0.0,0.0,53,-0.0,0.0,0.0,0.0,0.0,0.0,0.0,0.0,0.0,0,0,0,0.0,0.0,0.0,0.0,0.0,0.0,0.0,0.0,0.0,0.0,0.0,0.0,0.0,0.0,0.0,0.0,0,-107875648.0,53,0.0,106,-107614832.0,0.0,ERR,ERR,ERR,ERR,ERR,ERR,ERR,ERR,ERR,ERR,ERR,ERR,ERR,ERR,ERR,ERR,ERR,ERR,ERR,ERR,ERR,ERR,ERR,ERR,ERR,ERR,ERR,ERR,ERR,ERR,ERR,ERR,ERR,ERR,ERR,ERR,ERR,ERR,ERR,ERR,ERR,ERR,ERR,ERR,ERR,ERR,ERR,ERR,ERR,ERR,ERR,ERR,ERR,ERR,ERR,ERR,ERR,ERR,ERR,ERR,ERR,ERR,ERR,ERR,ERR,ERR,ERR,50.0,60.0,100,0.0,0.0,0.0,0.0,0.0,0.0,0.0,0.0,0.0,0.0,0.0,0.0,0.0,0.0,0.0,0.0,62.0,73,14,65513,50,65476,0,300,0,0,8,20529,65476,0,0,26214,60.0,0.0,0.0,0.0,0.0,0.0
2026-05-17T18:51:21,ERR,ERR,ERR,ERR,ERR,ERR,ERR,ERR,ERR,ERR,ERR,ERR,ERR,ERR,ERR,ERR,ERR,ERR,ERR,ERR,ERR,ERR,ERR,ERR,ERR,ERR,ERR,ERR,ERR,ERR,ERR,ERR,ERR,ERR,ERR,ERR,ERR,ERR,ERR,ERR,ERR,ERR,ERR,ERR,ERR,ERR,ERR,ERR,ERR,ERR,ERR,ERR,ERR,ERR,ERR,ERR,ERR,ERR,ERR,ERR,ERR,ERR,ERR,ERR,ERR,ERR,ERR,ERR,ERR,ERR,ERR,ERR,ERR,ERR,ERR,ERR,ERR,ERR,ERR,ERR,ERR,ERR,ERR,ERR,ERR,ERR,ERR,ERR,ERR,ERR,ERR,ERR,ERR,ERR,ERR,ERR,ERR,ERR,ERR,ERR,ERR,ERR,ERR,ERR,ERR,ERR,ERR,ERR,ERR,ERR,ERR,ERR,ERR,ERR,ERR,ERR,ERR,ERR,ERR,ERR,ERR,ERR,ERR,ERR,ERR,0.0,0.0,-134474944.0,0.0,0.0,1.3936040501711995e+18,7.805,0.0,0,0,4,0,8422,0.0,45,0.0,0.0,0.0,0.0,0.0,0,0,0,0,0.0,0,0,0,0,0,0,0,0,0,0,0,0,0,0,0,0,0,0,0,0,0,0,0,0,0,0,0,0,0,0,0,0,0,38,14,7,45,65476,0,300,0,0,8,21553,0.0,-107605600.0,0.0,0.0,0.0,0.0,0.0,0.0,0.0,0.0,0.0,0.0,0.0,0.0,0.0,0.0,0.0,0.0,0.0,0.0,0.0,0.0,2.004,2.004,-0.0,0.0,0.0,0.0,0.0,0.0,4854.0,-1.0406647618869524e+34,0.0,0.0,0.0,-107615280.0,2.718429300292151e+23,0.0,0.0,0.0,0.0,53,-0.0,-0.0,0.0,0.0,0.0,0.0,0.0,0.0,0.0,0,0,0,0.0,0.0,0.0,0.0,0.0,0.0,0.0,0.0,0.0,0.0,0.0,0.0,0.0,0.0,0.0,0.0,0,-107875648.0,53,0.0,106,-107614832.0,0.0,ERR,ERR,ERR,ERR,ERR,ERR,ERR,ERR,ERR,ERR,ERR,ERR,ERR,ERR,ERR,ERR,ERR,ERR,ERR,ERR,ERR,ERR,ERR,ERR,ERR,ERR,ERR,ERR,ERR,ERR,ERR,ERR,ERR,ERR,ERR,ERR,ERR,ERR,ERR,ERR,ERR,ERR,ERR,ERR,ERR,ERR,ERR,ERR,ERR,ERR,ERR,ERR,ERR,ERR,ERR,ERR,ERR,ERR,ERR,ERR,ERR,ERR,ERR,ERR,ERR,ERR,ERR,50.0,60.0,100,0.0,0.0,0.0,0.0,0.0,0.0,0.0,0.0,0.0,0.0,0.0,0.0,0.0,0.0,0.0,0.0,61.6,73,14,65513,50,65476,0,300,0,0,8,20529,65476,0,0,26214,60.0,0.0,0.0,0.0,0.0,0.0
2026-05-17T18:51:22,ERR,ERR,ERR,ERR,ERR,ERR,ERR,ERR,ERR,ERR,ERR,ERR,ERR,ERR,ERR,ERR,ERR,ERR,ERR,ERR,ERR,ERR,ERR,ERR,ERR,ERR,ERR,ERR,ERR,ERR,ERR,ERR,ERR,ERR,ERR,ERR,ERR,ERR,ERR,ERR,ERR,ERR,ERR,ERR,ERR,ERR,ERR,ERR,ERR,ERR,ERR,ERR,ERR,ERR,ERR,ERR,ERR,ERR,ERR,ERR,ERR,ERR,ERR,ERR,ERR,ERR,ERR,ERR,ERR,ERR,ERR,ERR,ERR,ERR,ERR,ERR,ERR,ERR,ERR,ERR,ERR,ERR,ERR,ERR,ERR,ERR,ERR,ERR,ERR,ERR,ERR,ERR,ERR,ERR,ERR,ERR,ERR,ERR,ERR,ERR,ERR,ERR,ERR,ERR,ERR,ERR,ERR,ERR,ERR,ERR,ERR,ERR,ERR,ERR,ERR,ERR,ERR,ERR,ERR,ERR,ERR,ERR,ERR,ERR,ERR,0.0,0.0,-134474944.0,0.0,0.0,1.3936040501711995e+18,7.805,0.0,0,0,4,0,8422,0.0,45,0.0,0.0,0.0,0.0,0.0,0,0,0,0,0.0,0,0,0,0,0,0,0,0,0,0,0,0,0,0,0,0,0,0,0,0,0,0,0,0,0,0,0,0,0,0,0,0,0,38,14,7,45,65476,0,300,0,0,8,21553,0.0,-107605600.0,0.0,0.0,0.0,0.0,0.0,0.0,0.0,0.0,0.0,0.0,0.0,0.0,0.0,0.0,0.0,0.0,0.0,0.0,0.0,0.0,2.004,2.004,-0.0,0.0,0.0,0.0,0.0,0.0,4854.0,-1.0406647618869524e+34,0.0,0.0,0.0,-107615280.0,2.718429300292151e+23,0.0,0.0,0.0,0.0,53,-0.0,-0.0,0.0,0.0,0.0,0.0,0.0,0.0,0.0,0,0,0,0.0,0.0,0.0,0.0,0.0,0.0,0.0,0.0,0.0,0.0,0.0,0.0,0.0,0.0,0.0,0.0,0,-107875648.0,53,0.0,106,-107614832.0,0.0,ERR,ERR,ERR,ERR,ERR,ERR,ERR,ERR,ERR,ERR,ERR,ERR,ERR,ERR,ERR,ERR,ERR,ERR,ERR,ERR,ERR,ERR,ERR,ERR,ERR,ERR,ERR,ERR,ERR,ERR,ERR,ERR,ERR,ERR,ERR,ERR,ERR,ERR,ERR,ERR,ERR,ERR,ERR,ERR,ERR,ERR,ERR,ERR,ERR,ERR,ERR,ERR,ERR,ERR,ERR,ERR,ERR,ERR,ERR,ERR,ERR,ERR,ERR,ERR,ERR,ERR,ERR,50.0,60.0,100,0.0,0.0,0.0,0.0,0.0,0.0,0.0,0.0,0.0,0.0,0.0,0.0,0.0,0.0,0.0,0.0,61.6,73,14,65513,50,65476,0,300,0,0,8,20529,65476,0,0,26214,60.0,0.0,0.0,0.0,0.0,0.0
2026-05-17T18:51:23,ERR,ERR,ERR,ERR,ERR,ERR,ERR,ERR,ERR,ERR,ERR,ERR,ERR,ERR,ERR,ERR,ERR,ERR,ERR,ERR,ERR,ERR,ERR,ERR,ERR,ERR,ERR,ERR,ERR,ERR,ERR,ERR,ERR,ERR,ERR,ERR,ERR,ERR,ERR,ERR,ERR,ERR,ERR,ERR,ERR,ERR,ERR,ERR,ERR,ERR,ERR,ERR,ERR,ERR,ERR,ERR,ERR,ERR,ERR,ERR,ERR,ERR,ERR,ERR,ERR,ERR,ERR,ERR,ERR,ERR,ERR,ERR,ERR,ERR,ERR,ERR,ERR,ERR,ERR,ERR,ERR,ERR,ERR,ERR,ERR,ERR,ERR,ERR,ERR,ERR,ERR,ERR,ERR,ERR,ERR,ERR,ERR,ERR,ERR,ERR,ERR,ERR,ERR,ERR,ERR,ERR,ERR,ERR,ERR,ERR,ERR,ERR,ERR,ERR,ERR,ERR,ERR,ERR,ERR,ERR,ERR,ERR,ERR,ERR,ERR,0.0,0.0,-134474944.0,0.0,0.0,1.3936040501711995e+18,7.805,0.0,0,0,4,0,8422,0.0,45,0.0,0.0,0.0,0.0,0.0,0,0,0,0,0.0,0,0,0,0,0,0,0,0,0,0,0,0,0,0,0,0,0,0,0,0,0,0,0,0,0,0,0,0,0,0,0,0,0,38,14,7,45,65476,0,300,0,0,8,21553,0.0,-107605600.0,0.0,0.0,0.0,0.0,0.0,0.0,0.0,0.0,0.0,0.0,0.0,0.0,0.0,0.0,0.0,0.0,0.0,0.0,0.0,0.0,2.004,2.004,-0.0,0.0,0.0,0.0,0.0,0.0,4854.0,-1.0406647618869524e+34,0.0,0.0,0.0,-107615280.0,2.718429300292151e+23,0.0,0.0,0.0,0.0,53,-0.0,-0.0,0.0,0.0,0.0,0.0,0.0,0.0,0.0,0,0,0,0.0,0.0,0.0,0.0,0.0,0.0,0.0,0.0,0.0,0.0,0.0,0.0,0.0,0.0,0.0,0.0,0,-107875648.0,53,0.0,106,-107614832.0,0.0,ERR,ERR,ERR,ERR,ERR,ERR,ERR,ERR,ERR,ERR,ERR,ERR,ERR,ERR,ERR,ERR,ERR,ERR,ERR,ERR,ERR,ERR,ERR,ERR,ERR,ERR,ERR,ERR,ERR,ERR,ERR,ERR,ERR,ERR,ERR,ERR,ERR,ERR,ERR,ERR,ERR,ERR,ERR,ERR,ERR,ERR,ERR,ERR,ERR,ERR,ERR,ERR,ERR,ERR,ERR,ERR,ERR,ERR,ERR,ERR,ERR,ERR,ERR,ERR,ERR,ERR,ERR,50.0,60.0,100,0.0,0.0,0.0,0.0,0.0,0.0,0.0,0.0,0.0,0.0,0.0,0.0,0.0,0.0,0.0,0.0,62.0,73,14,65513,50,65476,0,300,0,0,8,20529,65476,0,0,26214,60.0,0.0,0.0,0.0,0.0,0.0
2026-05-17T18:51:24,ERR,ERR,ERR,ERR,ERR,ERR,ERR,ERR,ERR,ERR,ERR,ERR,ERR,ERR,ERR,ERR,ERR,ERR,ERR,ERR,ERR,ERR,ERR,ERR,ERR,ERR,ERR,ERR,ERR,ERR,ERR,ERR,ERR,ERR,ERR,ERR,ERR,ERR,ERR,ERR,ERR,ERR,ERR,ERR,ERR,ERR,ERR,ERR,ERR,ERR,ERR,ERR,ERR,ERR,ERR,ERR,ERR,ERR,ERR,ERR,ERR,ERR,ERR,ERR,ERR,ERR,ERR,ERR,ERR,ERR,ERR,ERR,ERR,ERR,ERR,ERR,ERR,ERR,ERR,ERR,ERR,ERR,ERR,ERR,ERR,ERR,ERR,ERR,ERR,ERR,ERR,ERR,ERR,ERR,ERR,ERR,ERR,ERR,ERR,ERR,ERR,ERR,ERR,ERR,ERR,ERR,ERR,ERR,ERR,ERR,ERR,ERR,ERR,ERR,ERR,ERR,ERR,ERR,ERR,ERR,ERR,ERR,ERR,ERR,ERR,0.0,0.0,-134474944.0,0.0,0.0,1.3936040501711995e+18,7.805,0.0,0,0,4,0,8422,0.0,45,0.0,0.0,0.0,0.0,0.0,0,0,0,0,0.0,0,0,0,0,0,0,0,0,0,0,0,0,0,0,0,0,0,0,0,0,0,0,0,0,0,0,0,0,0,0,0,0,0,38,14,7,45,65476,0,300,0,0,8,21553,0.0,-107605600.0,0.0,0.0,0.0,0.0,0.0,0.0,0.0,0.0,0.0,0.0,0.0,0.0,0.0,0.0,0.0,0.0,0.0,0.0,0.0,0.0,2.004,2.004,-0.0,0.0,0.0,0.0,0.0,0.0,4854.0,-1.0406647618869524e+34,0.0,0.0,0.0,-107615280.0,2.718429300292151e+23,0.0,0.0,0.0,0.0,53,-0.0,-0.0,0.0,0.0,0.0,0.0,0.0,0.0,0.0,0,0,0,0.0,0.0,0.0,0.0,0.0,0.0,0.0,0.0,0.0,0.0,0.0,0.0,0.0,0.0,0.0,0.0,0,-107875648.0,53,0.0,106,-107614832.0,0.0,ERR,ERR,ERR,ERR,ERR,ERR,ERR,ERR,ERR,ERR,ERR,ERR,ERR,ERR,ERR,ERR,ERR,ERR,ERR,ERR,ERR,ERR,ERR,ERR,ERR,ERR,ERR,ERR,ERR,ERR,ERR,ERR,ERR,ERR,ERR,ERR,ERR,ERR,ERR,ERR,ERR,ERR,ERR,ERR,ERR,ERR,ERR,ERR,ERR,ERR,ERR,ERR,ERR,ERR,ERR,ERR,ERR,ERR,ERR,ERR,ERR,ERR,ERR,ERR,ERR,ERR,ERR,50.0,60.0,100,0.0,0.0,0.0,0.0,0.0,0.0,0.0,0.0,0.0,0.0,0.0,0.0,0.0,0.0,0.0,0.0,62.0,73,14,65513,50,65476,0,300,0,0,8,20529,65476,0,0,26214,60.0,0.0,0.0,0.0,0.0,0.0
2026-05-17T18:51:25,ERR,ERR,ERR,ERR,ERR,ERR,ERR,ERR,ERR,ERR,ERR,ERR,ERR,ERR,ERR,ERR,ERR,ERR,ERR,ERR,ERR,ERR,ERR,ERR,ERR,ERR,ERR,ERR,ERR,ERR,ERR,ERR,ERR,ERR,ERR,ERR,ERR,ERR,ERR,ERR,ERR,ERR,ERR,ERR,ERR,ERR,ERR,ERR,ERR,ERR,ERR,ERR,ERR,ERR,ERR,ERR,ERR,ERR,ERR,ERR,ERR,ERR,ERR,ERR,ERR,ERR,ERR,ERR,ERR,ERR,ERR,ERR,ERR,ERR,ERR,ERR,ERR,ERR,ERR,ERR,ERR,ERR,ERR,ERR,ERR,ERR,ERR,ERR,ERR,ERR,ERR,ERR,ERR,ERR,ERR,ERR,ERR,ERR,ERR,ERR,ERR,ERR,ERR,ERR,ERR,ERR,ERR,ERR,ERR,ERR,ERR,ERR,ERR,ERR,ERR,ERR,ERR,ERR,ERR,ERR,ERR,ERR,ERR,ERR,ERR,0.0,0.0,-134474944.0,0.0,0.0,1.3936040501711995e+18,7.805,0.0,0,0,4,0,8422,0.0,45,0.0,0.0,0.0,0.0,0.0,0,0,0,0,0.0,0,0,0,0,0,0,0,0,0,0,0,0,0,0,0,0,0,0,0,0,0,0,0,0,0,0,0,0,0,0,0,0,0,38,14,7,45,65476,0,300,0,0,8,21553,0.0,-107605600.0,0.0,0.0,0.0,0.0,0.0,0.0,0.0,0.0,0.0,0.0,0.0,0.0,0.0,0.0,0.0,0.0,0.0,0.0,0.0,0.0,2.004,2.004,-0.0,0.0,0.0,0.0,0.0,0.0,4854.0,-1.0406647618869524e+34,0.0,0.0,0.0,-107615280.0,2.718429300292151e+23,0.0,0.0,0.0,0.0,53,-0.0,-0.0,0.0,0.0,0.0,0.0,0.0,0.0,0.0,0,0,0,0.0,0.0,0.0,0.0,0.0,0.0,0.0,0.0,0.0,0.0,0.0,0.0,0.0,0.0,0.0,0.0,0,-107875648.0,53,0.0,106,-107614832.0,0.0,ERR,ERR,ERR,ERR,ERR,ERR,ERR,ERR,ERR,ERR,ERR,ERR,ERR,ERR,ERR,ERR,ERR,ERR,ERR,ERR,ERR,ERR,ERR,ERR,ERR,ERR,ERR,ERR,ERR,ERR,ERR,ERR,ERR,ERR,ERR,ERR,ERR,ERR,ERR,ERR,ERR,ERR,ERR,ERR,ERR,ERR,ERR,ERR,ERR,ERR,ERR,ERR,ERR,ERR,ERR,ERR,ERR,ERR,ERR,ERR,ERR,ERR,ERR,ERR,ERR,ERR,ERR,50.0,60.0,100,0.0,0.0,0.0,0.0,0.0,0.0,0.0,0.0,0.0,0.0,0.0,0.0,0.0,0.0,0.0,0.0,61.6,73,14,65513,50,65476,0,300,0,0,8,20529,65476,0,0,26214,60.0,0.0,0.0,0.0,0.0,0.0
2026-05-17T18:51:26,ERR,ERR,ERR,ERR,ERR,ERR,ERR,ERR,ERR,ERR,ERR,ERR,ERR,ERR,ERR,ERR,ERR,ERR,ERR,ERR,ERR,ERR,ERR,ERR,ERR,ERR,ERR,ERR,ERR,ERR,ERR,ERR,ERR,ERR,ERR,ERR,ERR,ERR,ERR,ERR,ERR,ERR,ERR,ERR,ERR,ERR,ERR,ERR,ERR,ERR,ERR,ERR,ERR,ERR,ERR,ERR,ERR,ERR,ERR,ERR,ERR,ERR,ERR,ERR,ERR,ERR,ERR,ERR,ERR,ERR,ERR,ERR,ERR,ERR,ERR,ERR,ERR,ERR,ERR,ERR,ERR,ERR,ERR,ERR,ERR,ERR,ERR,ERR,ERR,ERR,ERR,ERR,ERR,ERR,ERR,ERR,ERR,ERR,ERR,ERR,ERR,ERR,ERR,ERR,ERR,ERR,ERR,ERR,ERR,ERR,ERR,ERR,ERR,ERR,ERR,ERR,ERR,ERR,ERR,ERR,ERR,ERR,ERR,ERR,ERR,0.0,0.0,-134474944.0,0.0,0.0,1.3936040501711995e+18,7.805,0.0,0,0,4,0,8422,0.0,45,0.0,0.0,0.0,0.0,0.0,0,0,0,0,0.0,0,0,0,0,0,0,0,0,0,0,0,0,0,0,0,0,0,0,0,0,0,0,0,0,0,0,0,0,0,0,0,0,0,38,14,7,45,65476,0,300,0,0,8,21553,0.0,-107605600.0,0.0,0.0,0.0,0.0,0.0,0.0,0.0,0.0,0.0,0.0,0.0,0.0,0.0,0.0,0.0,0.0,0.0,0.0,0.0,0.0,2.004,2.004,-0.0,0.0,0.0,0.0,0.0,0.0,4860.0,-0.0,0.0,0.0,0.0,-107615280.0,2.718429300292151e+23,0.0,0.0,0.0,0.0,53,-0.0,0.0,0.0,0.0,0.0,0.0,0.0,0.0,0.0,0,0,0,0.0,0.0,0.0,0.0,0.0,0.0,0.0,0.0,0.0,0.0,0.0,0.0,0.0,0.0,0.0,0.0,0,-107875648.0,53,0.0,106,-107614832.0,0.0,ERR,ERR,ERR,ERR,ERR,ERR,ERR,ERR,ERR,ERR,ERR,ERR,ERR,ERR,ERR,ERR,ERR,ERR,ERR,ERR,ERR,ERR,ERR,ERR,ERR,ERR,ERR,ERR,ERR,ERR,ERR,ERR,ERR,ERR,ERR,ERR,ERR,ERR,ERR,ERR,ERR,ERR,ERR,ERR,ERR,ERR,ERR,ERR,ERR,ERR,ERR,ERR,ERR,ERR,ERR,ERR,ERR,ERR,ERR,ERR,ERR,ERR,ERR,ERR,ERR,ERR,ERR,50.0,60.0,100,0.0,0.0,0.0,0.0,0.0,0.0,0.0,0.0,0.0,0.0,0.0,0.0,0.0,0.0,0.0,0.0,61.6,73,14,65513,50,65476,0,300,0,0,8,20529,65476,0,0,26214,60.0,0.0,0.0,0.0,0.0,0.0
2026-05-17T18:51:27,ERR,ERR,ERR,ERR,ERR,ERR,ERR,ERR,ERR,ERR,ERR,ERR,ERR,ERR,ERR,ERR,ERR,ERR,ERR,ERR,ERR,ERR,ERR,ERR,ERR,ERR,ERR,ERR,ERR,ERR,ERR,ERR,ERR,ERR,ERR,ERR,ERR,ERR,ERR,ERR,ERR,ERR,ERR,ERR,ERR,ERR,ERR,ERR,ERR,ERR,ERR,ERR,ERR,ERR,ERR,ERR,ERR,ERR,ERR,ERR,ERR,ERR,ERR,ERR,ERR,ERR,ERR,ERR,ERR,ERR,ERR,ERR,ERR,ERR,ERR,ERR,ERR,ERR,ERR,ERR,ERR,ERR,ERR,ERR,ERR,ERR,ERR,ERR,ERR,ERR,ERR,ERR,ERR,ERR,ERR,ERR,ERR,ERR,ERR,ERR,ERR,ERR,ERR,ERR,ERR,ERR,ERR,ERR,ERR,ERR,ERR,ERR,ERR,ERR,ERR,ERR,ERR,ERR,ERR,ERR,ERR,ERR,ERR,ERR,ERR,0.0,0.0,-134474944.0,0.0,0.0,1.3936040501711995e+18,7.805,0.0,0,0,4,0,8422,0.0,45,0.0,0.0,0.0,0.0,0.0,0,0,0,0,0.0,0,0,0,0,0,0,0,0,0,0,0,0,0,0,0,0,0,0,0,0,0,0,0,0,0,0,0,0,0,0,0,0,0,38,14,7,45,65476,0,300,0,0,8,21553,0.0,-107605600.0,0.0,0.0,0.0,0.0,0.0,0.0,0.0,0.0,0.0,0.0,0.0,0.0,0.0,0.0,0.0,0.0,0.0,0.0,0.0,0.0,2.004,2.004,-0.0,0.0,0.0,0.0,0.0,0.0,4860.0,-0.0,0.0,0.0,0.0,-107615280.0,2.718429300292151e+23,0.0,0.0,0.0,0.0,53,-0.0,0.0,0.0,0.0,0.0,0.0,0.0,0.0,0.0,0,0,0,0.0,0.0,0.0,0.0,0.0,0.0,0.0,0.0,0.0,0.0,0.0,0.0,0.0,0.0,0.0,0.0,0,-107875648.0,53,0.0,106,-107614832.0,0.0,ERR,ERR,ERR,ERR,ERR,ERR,ERR,ERR,ERR,ERR,ERR,ERR,ERR,ERR,ERR,ERR,ERR,ERR,ERR,ERR,ERR,ERR,ERR,ERR,ERR,ERR,ERR,ERR,ERR,ERR,ERR,ERR,ERR,ERR,ERR,ERR,ERR,ERR,ERR,ERR,ERR,ERR,ERR,ERR,ERR,ERR,ERR,ERR,ERR,ERR,ERR,ERR,ERR,ERR,ERR,ERR,ERR,ERR,ERR,ERR,ERR,ERR,ERR,ERR,ERR,ERR,ERR,50.0,60.0,100,0.0,0.0,0.0,0.0,0.0,0.0,0.0,0.0,0.0,0.0,0.0,0.0,0.0,0.0,0.0,0.0,62.0,73,14,65513,50,65476,0,300,0,0,8,20529,65476,0,0,26214,60.0,0.0,0.0,0.0,0.0,0.0
2026-05-17T18:51:28,ERR,ERR,ERR,ERR,ERR,ERR,ERR,ERR,ERR,ERR,ERR,ERR,ERR,ERR,ERR,ERR,ERR,ERR,ERR,ERR,ERR,ERR,ERR,ERR,ERR,ERR,ERR,ERR,ERR,ERR,ERR,ERR,ERR,ERR,ERR,ERR,ERR,ERR,ERR,ERR,ERR,ERR,ERR,ERR,ERR,ERR,ERR,ERR,ERR,ERR,ERR,ERR,ERR,ERR,ERR,ERR,ERR,ERR,ERR,ERR,ERR,ERR,ERR,ERR,ERR,ERR,ERR,ERR,ERR,ERR,ERR,ERR,ERR,ERR,ERR,ERR,ERR,ERR,ERR,ERR,ERR,ERR,ERR,ERR,ERR,ERR,ERR,ERR,ERR,ERR,ERR,ERR,ERR,ERR,ERR,ERR,ERR,ERR,ERR,ERR,ERR,ERR,ERR,ERR,ERR,ERR,ERR,ERR,ERR,ERR,ERR,ERR,ERR,ERR,ERR,ERR,ERR,ERR,ERR,ERR,ERR,ERR,ERR,ERR,ERR,0.0,0.0,-134474944.0,0.0,0.0,1.3936040501711995e+18,7.805,0.0,0,0,4,0,8422,0.0,45,0.0,0.0,0.0,0.0,0.0,0,0,0,0,0.0,0,0,0,0,0,0,0,0,0,0,0,0,0,0,0,0,0,0,0,0,0,0,0,0,0,0,0,0,0,0,0,0,0,38,14,7,45,65476,0,300,0,0,8,21553,0.0,-107605600.0,0.0,0.0,0.0,0.0,0.0,0.0,0.0,0.0,0.0,0.0,0.0,0.0,0.0,0.0,0.0,0.0,0.0,0.0,0.0,0.0,2.004,2.004,-0.0,0.0,0.0,0.0,0.0,0.0,4860.0,-0.0,0.0,0.0,0.0,-107615280.0,2.718429300292151e+23,0.0,0.0,0.0,0.0,53,-0.0,0.0,0.0,0.0,0.0,0.0,0.0,0.0,0.0,0,0,0,0.0,0.0,0.0,0.0,0.0,0.0,0.0,0.0,0.0,0.0,0.0,0.0,0.0,0.0,0.0,0.0,0,-107875648.0,53,0.0,106,-107614832.0,0.0,ERR,ERR,ERR,ERR,ERR,ERR,ERR,ERR,ERR,ERR,ERR,ERR,ERR,ERR,ERR,ERR,ERR,ERR,ERR,ERR,ERR,ERR,ERR,ERR,ERR,ERR,ERR,ERR,ERR,ERR,ERR,ERR,ERR,ERR,ERR,ERR,ERR,ERR,ERR,ERR,ERR,ERR,ERR,ERR,ERR,ERR,ERR,ERR,ERR,ERR,ERR,ERR,ERR,ERR,ERR,ERR,ERR,ERR,ERR,ERR,ERR,ERR,ERR,ERR,ERR,ERR,ERR,50.0,60.0,100,0.0,0.0,0.0,0.0,0.0,0.0,0.0,0.0,0.0,0.0,0.0,0.0,0.0,0.0,0.0,0.0,61.6,73,14,65513,50,65476,0,300,0,0,8,20529,65476,0,0,26214,60.0,0.0,0.0,0.0,0.0,0.0
2026-05-17T18:51:29,ERR,ERR,ERR,ERR,ERR,ERR,ERR,ERR,ERR,ERR,ERR,ERR,ERR,ERR,ERR,ERR,ERR,ERR,ERR,ERR,ERR,ERR,ERR,ERR,ERR,ERR,ERR,ERR,ERR,ERR,ERR,ERR,ERR,ERR,ERR,ERR,ERR,ERR,ERR,ERR,ERR,ERR,ERR,ERR,ERR,ERR,ERR,ERR,ERR,ERR,ERR,ERR,ERR,ERR,ERR,ERR,ERR,ERR,ERR,ERR,ERR,ERR,ERR,ERR,ERR,ERR,ERR,ERR,ERR,ERR,ERR,ERR,ERR,ERR,ERR,ERR,ERR,ERR,ERR,ERR,ERR,ERR,ERR,ERR,ERR,ERR,ERR,ERR,ERR,ERR,ERR,ERR,ERR,ERR,ERR,ERR,ERR,ERR,ERR,ERR,ERR,ERR,ERR,ERR,ERR,ERR,ERR,ERR,ERR,ERR,ERR,ERR,ERR,ERR,ERR,ERR,ERR,ERR,ERR,ERR,ERR,ERR,ERR,ERR,ERR,0.0,0.0,-134474944.0,0.0,0.0,1.3936040501711995e+18,7.805,0.0,0,0,4,0,8422,0.0,45,0.0,0.0,0.0,0.0,0.0,0,0,0,0,0.0,0,0,0,0,0,0,0,0,0,0,0,0,0,0,0,0,0,0,0,0,0,0,0,0,0,0,0,0,0,0,0,0,0,38,14,7,45,65476,0,300,0,0,8,21553,0.0,-107605600.0,0.0,0.0,0.0,0.0,0.0,0.0,0.0,0.0,0.0,0.0,0.0,0.0,0.0,0.0,0.0,0.0,0.0,0.0,0.0,0.0,2.004,2.004,-0.0,0.0,0.0,0.0,0.0,0.0,4860.0,-0.0,0.0,0.0,0.0,-107615280.0,2.718429300292151e+23,0.0,0.0,0.0,0.0,53,-0.0,0.0,0.0,0.0,0.0,0.0,0.0,0.0,0.0,0,0,0,0.0,0.0,0.0,0.0,0.0,0.0,0.0,0.0,0.0,0.0,0.0,0.0,0.0,0.0,0.0,0.0,0,-107875648.0,53,0.0,106,-107614832.0,0.0,ERR,ERR,ERR,ERR,ERR,ERR,ERR,ERR,ERR,ERR,ERR,ERR,ERR,ERR,ERR,ERR,ERR,ERR,ERR,ERR,ERR,ERR,ERR,ERR,ERR,ERR,ERR,ERR,ERR,ERR,ERR,ERR,ERR,ERR,ERR,ERR,ERR,ERR,ERR,ERR,ERR,ERR,ERR,ERR,ERR,ERR,ERR,ERR,ERR,ERR,ERR,ERR,ERR,ERR,ERR,ERR,ERR,ERR,ERR,ERR,ERR,ERR,ERR,ERR,ERR,ERR,ERR,50.0,60.0,100,0.0,0.0,0.0,0.0,0.0,0.0,0.0,0.0,0.0,0.0,0.0,0.0,0.0,0.0,0.0,0.0,61.6,73,14,65513,50,65476,0,300,0,0,8,20529,65476,0,0,26214,60.0,0.0,0.0,0.0,0.0,0.0
2026-05-17T18:51:30,ERR,ERR,ERR,ERR,ERR,ERR,ERR,ERR,ERR,ERR,ERR,ERR,ERR,ERR,ERR,ERR,ERR,ERR,ERR,ERR,ERR,ERR,ERR,ERR,ERR,ERR,ERR,ERR,ERR,ERR,ERR,ERR,ERR,ERR,ERR,ERR,ERR,ERR,ERR,ERR,ERR,ERR,ERR,ERR,ERR,ERR,ERR,ERR,ERR,ERR,ERR,ERR,ERR,ERR,ERR,ERR,ERR,ERR,ERR,ERR,ERR,ERR,ERR,ERR,ERR,ERR,ERR,ERR,ERR,ERR,ERR,ERR,ERR,ERR,ERR,ERR,ERR,ERR,ERR,ERR,ERR,ERR,ERR,ERR,ERR,ERR,ERR,ERR,ERR,ERR,ERR,ERR,ERR,ERR,ERR,ERR,ERR,ERR,ERR,ERR,ERR,ERR,ERR,ERR,ERR,ERR,ERR,ERR,ERR,ERR,ERR,ERR,ERR,ERR,ERR,ERR,ERR,ERR,ERR,ERR,ERR,ERR,ERR,ERR,ERR,0.0,0.0,-134474944.0,0.0,0.0,1.3936040501711995e+18,7.805,0.0,0,0,4,0,8422,0.0,45,0.0,0.0,0.0,0.0,0.0,0,0,0,0,0.0,0,0,0,0,0,0,0,0,0,0,0,0,0,0,0,0,0,0,0,0,0,0,0,0,0,0,0,0,0,0,0,0,0,38,14,7,45,65476,0,300,0,0,8,21553,0.0,-107605600.0,0.0,0.0,0.0,0.0,0.0,0.0,0.0,0.0,0.0,0.0,0.0,0.0,0.0,0.0,0.0,0.0,0.0,0.0,0.0,0.0,2.004,2.004,-0.0,0.0,0.0,0.0,0.0,0.0,4860.0,-0.0,0.0,0.0,0.0,-107615280.0,2.718429300292151e+23,0.0,0.0,0.0,0.0,53,-0.0,0.0,0.0,0.0,0.0,0.0,0.0,0.0,0.0,0,0,0,0.0,0.0,0.0,0.0,0.0,0.0,0.0,0.0,0.0,0.0,0.0,0.0,0.0,0.0,0.0,0.0,0,-107875648.0,53,0.0,106,-107614832.0,0.0,ERR,ERR,ERR,ERR,ERR,ERR,ERR,ERR,ERR,ERR,ERR,ERR,ERR,ERR,ERR,ERR,ERR,ERR,ERR,ERR,ERR,ERR,ERR,ERR,ERR,ERR,ERR,ERR,ERR,ERR,ERR,ERR,ERR,ERR,ERR,ERR,ERR,ERR,ERR,ERR,ERR,ERR,ERR,ERR,ERR,ERR,ERR,ERR,ERR,ERR,ERR,ERR,ERR,ERR,ERR,ERR,ERR,ERR,ERR,ERR,ERR,ERR,ERR,ERR,ERR,ERR,ERR,50.0,60.0,100,0.0,0.0,0.0,0.0,0.0,0.0,0.0,0.0,0.0,0.0,0.0,0.0,0.0,0.0,0.0,0.0,61.6,73,14,65513,50,65476,0,300,0,0,8,20529,65476,0,0,26214,60.0,0.0,0.0,0.0,0.0,0.0
2026-05-17T18:51:31,ERR,ERR,ERR,ERR,ERR,ERR,ERR,ERR,ERR,ERR,ERR,ERR,ERR,ERR,ERR,ERR,ERR,ERR,ERR,ERR,ERR,ERR,ERR,ERR,ERR,ERR,ERR,ERR,ERR,ERR,ERR,ERR,ERR,ERR,ERR,ERR,ERR,ERR,ERR,ERR,ERR,ERR,ERR,ERR,ERR,ERR,ERR,ERR,ERR,ERR,ERR,ERR,ERR,ERR,ERR,ERR,ERR,ERR,ERR,ERR,ERR,ERR,ERR,ERR,ERR,ERR,ERR,ERR,ERR,ERR,ERR,ERR,ERR,ERR,ERR,ERR,ERR,ERR,ERR,ERR,ERR,ERR,ERR,ERR,ERR,ERR,ERR,ERR,ERR,ERR,ERR,ERR,ERR,ERR,ERR,ERR,ERR,ERR,ERR,ERR,ERR,ERR,ERR,ERR,ERR,ERR,ERR,ERR,ERR,ERR,ERR,ERR,ERR,ERR,ERR,ERR,ERR,ERR,ERR,ERR,ERR,ERR,ERR,ERR,ERR,0.0,0.0,-134474944.0,0.0,0.0,1.3936040501711995e+18,7.805,0.0,0,0,4,0,8422,0.0,45,0.0,0.0,0.0,0.0,0.0,0,0,0,0,0.0,0,0,0,0,0,0,0,0,0,0,0,0,0,0,0,0,0,0,0,0,0,0,0,0,0,0,0,0,0,0,0,0,0,38,14,7,45,65476,0,300,0,0,8,21553,0.0,-107605600.0,0.0,0.0,0.0,0.0,0.0,0.0,0.0,0.0,0.0,0.0,0.0,0.0,0.0,0.0,0.0,0.0,0.0,0.0,0.0,0.0,2.004,2.004,-0.0,0.0,0.0,0.0,0.0,0.0,4854.0,3.697183934601442e+19,0.0,0.0,0.0,-107615280.0,2.718429300292151e+23,0.0,0.0,0.0,0.0,53,-0.0,-71.629,0.0,0.0,0.0,0.0,0.0,0.0,0.0,0,0,0,0.0,0.0,0.0,0.0,0.0,0.0,0.0,0.0,0.0,0.0,0.0,0.0,0.0,0.0,0.0,0.0,0,-107875648.0,53,0.0,106,-107614832.0,0.0,ERR,ERR,ERR,ERR,ERR,ERR,ERR,ERR,ERR,ERR,ERR,ERR,ERR,ERR,ERR,ERR,ERR,ERR,ERR,ERR,ERR,ERR,ERR,ERR,ERR,ERR,ERR,ERR,ERR,ERR,ERR,ERR,ERR,ERR,ERR,ERR,ERR,ERR,ERR,ERR,ERR,ERR,ERR,ERR,ERR,ERR,ERR,ERR,ERR,ERR,ERR,ERR,ERR,ERR,ERR,ERR,ERR,ERR,ERR,ERR,ERR,ERR,ERR,ERR,ERR,ERR,ERR,50.0,60.0,100,0.0,0.0,0.0,0.0,0.0,0.0,0.0,0.0,0.0,0.0,0.0,0.0,0.0,0.0,0.0,0.0,61.6,73,14,65513,50,65476,0,300,0,0,8,20529,65476,0,0,26214,60.0,0.0,0.0,0.0,0.0,0.0
2026-05-17T18:51:32,ERR,ERR,ERR,ERR,ERR,ERR,ERR,ERR,ERR,ERR,ERR,ERR,ERR,ERR,ERR,ERR,ERR,ERR,ERR,ERR,ERR,ERR,ERR,ERR,ERR,ERR,ERR,ERR,ERR,ERR,ERR,ERR,ERR,ERR,ERR,ERR,ERR,ERR,ERR,ERR,ERR,ERR,ERR,ERR,ERR,ERR,ERR,ERR,ERR,ERR,ERR,ERR,ERR,ERR,ERR,ERR,ERR,ERR,ERR,ERR,ERR,ERR,ERR,ERR,ERR,ERR,ERR,ERR,ERR,ERR,ERR,ERR,ERR,ERR,ERR,ERR,ERR,ERR,ERR,ERR,ERR,ERR,ERR,ERR,ERR,ERR,ERR,ERR,ERR,ERR,ERR,ERR,ERR,ERR,ERR,ERR,ERR,ERR,ERR,ERR,ERR,ERR,ERR,ERR,ERR,ERR,ERR,ERR,ERR,ERR,ERR,ERR,ERR,ERR,ERR,ERR,ERR,ERR,ERR,ERR,ERR,ERR,ERR,ERR,ERR,0.0,0.0,-134474944.0,0.0,0.0,1.3936040501711995e+18,7.805,0.0,0,0,4,0,8422,0.0,45,0.0,0.0,0.0,0.0,0.0,0,0,0,0,0.0,0,0,0,0,0,0,0,0,0,0,0,0,0,0,0,0,0,0,0,0,0,0,0,0,0,0,0,0,0,0,0,0,0,38,14,7,45,65476,0,300,0,0,8,21553,0.0,-107605600.0,0.0,0.0,0.0,0.0,0.0,0.0,0.0,0.0,0.0,0.0,0.0,0.0,0.0,0.0,0.0,0.0,0.0,0.0,0.0,0.0,2.004,2.004,-0.0,0.0,0.0,0.0,0.0,0.0,4854.0,3.697183934601442e+19,0.0,0.0,0.0,-107615280.0,2.718429300292151e+23,0.0,0.0,0.0,0.0,53,-0.0,-71.629,0.0,0.0,0.0,0.0,0.0,0.0,0.0,0,0,0,0.0,0.0,0.0,0.0,0.0,0.0,0.0,0.0,0.0,0.0,0.0,0.0,0.0,0.0,0.0,0.0,0,-107875648.0,53,0.0,106,-107614832.0,0.0,ERR,ERR,ERR,ERR,ERR,ERR,ERR,ERR,ERR,ERR,ERR,ERR,ERR,ERR,ERR,ERR,ERR,ERR,ERR,ERR,ERR,ERR,ERR,ERR,ERR,ERR,ERR,ERR,ERR,ERR,ERR,ERR,ERR,ERR,ERR,ERR,ERR,ERR,ERR,ERR,ERR,ERR,ERR,ERR,ERR,ERR,ERR,ERR,ERR,ERR,ERR,ERR,ERR,ERR,ERR,ERR,ERR,ERR,ERR,ERR,ERR,ERR,ERR,ERR,ERR,ERR,ERR,50.0,60.0,100,0.0,0.0,0.0,0.0,0.0,0.0,0.0,0.0,0.0,0.0,0.0,0.0,0.0,0.0,0.0,0.0,61.6,73,14,65513,50,65476,0,300,0,0,8,20529,65476,0,0,26214,60.0,0.0,0.0,0.0,0.0,0.0
2026-05-17T18:51:33,ERR,ERR,ERR,ERR,ERR,ERR,ERR,ERR,ERR,ERR,ERR,ERR,ERR,ERR,ERR,ERR,ERR,ERR,ERR,ERR,ERR,ERR,ERR,ERR,ERR,ERR,ERR,ERR,ERR,ERR,ERR,ERR,ERR,ERR,ERR,ERR,ERR,ERR,ERR,ERR,ERR,ERR,ERR,ERR,ERR,ERR,ERR,ERR,ERR,ERR,ERR,ERR,ERR,ERR,ERR,ERR,ERR,ERR,ERR,ERR,ERR,ERR,ERR,ERR,ERR,ERR,ERR,ERR,ERR,ERR,ERR,ERR,ERR,ERR,ERR,ERR,ERR,ERR,ERR,ERR,ERR,ERR,ERR,ERR,ERR,ERR,ERR,ERR,ERR,ERR,ERR,ERR,ERR,ERR,ERR,ERR,ERR,ERR,ERR,ERR,ERR,ERR,ERR,ERR,ERR,ERR,ERR,ERR,ERR,ERR,ERR,ERR,ERR,ERR,ERR,ERR,ERR,ERR,ERR,ERR,ERR,ERR,ERR,ERR,ERR,0.0,0.0,-134474944.0,0.0,0.0,1.3936040501711995e+18,7.805,0.0,0,0,4,0,8422,0.0,45,0.0,0.0,0.0,0.0,0.0,0,0,0,0,0.0,0,0,0,0,0,0,0,0,0,0,0,0,0,0,0,0,0,0,0,0,0,0,0,0,0,0,0,0,0,0,0,0,0,38,14,7,45,65476,0,300,0,0,8,21553,0.0,-107605600.0,0.0,0.0,0.0,0.0,0.0,0.0,0.0,0.0,0.0,0.0,0.0,0.0,0.0,0.0,0.0,0.0,0.0,0.0,0.0,0.0,2.004,2.004,-0.0,0.0,0.0,0.0,0.0,0.0,4854.0,3.697183934601442e+19,0.0,0.0,0.0,-107615280.0,2.718429300292151e+23,0.0,0.0,0.0,0.0,53,-0.0,-71.629,0.0,0.0,0.0,0.0,0.0,0.0,0.0,0,0,0,0.0,0.0,0.0,0.0,0.0,0.0,0.0,0.0,0.0,0.0,0.0,0.0,0.0,0.0,0.0,0.0,0,-107875648.0,53,0.0,106,-107614832.0,0.0,ERR,ERR,ERR,ERR,ERR,ERR,ERR,ERR,ERR,ERR,ERR,ERR,ERR,ERR,ERR,ERR,ERR,ERR,ERR,ERR,ERR,ERR,ERR,ERR,ERR,ERR,ERR,ERR,ERR,ERR,ERR,ERR,ERR,ERR,ERR,ERR,ERR,ERR,ERR,ERR,ERR,ERR,ERR,ERR,ERR,ERR,ERR,ERR,ERR,ERR,ERR,ERR,ERR,ERR,ERR,ERR,ERR,ERR,ERR,ERR,ERR,ERR,ERR,ERR,ERR,ERR,ERR,50.0,60.0,100,0.0,0.0,0.0,0.0,0.0,0.0,0.0,0.0,0.0,0.0,0.0,0.0,0.0,0.0,0.0,0.0,61.6,73,14,65513,50,65476,0,300,0,0,8,20529,65476,0,0,26214,60.0,0.0,0.0,0.0,0.0,0.0
2026-05-17T18:51:34,ERR,ERR,ERR,ERR,ERR,ERR,ERR,ERR,ERR,ERR,ERR,ERR,ERR,ERR,ERR,ERR,ERR,ERR,ERR,ERR,ERR,ERR,ERR,ERR,ERR,ERR,ERR,ERR,ERR,ERR,ERR,ERR,ERR,ERR,ERR,ERR,ERR,ERR,ERR,ERR,ERR,ERR,ERR,ERR,ERR,ERR,ERR,ERR,ERR,ERR,ERR,ERR,ERR,ERR,ERR,ERR,ERR,ERR,ERR,ERR,ERR,ERR,ERR,ERR,ERR,ERR,ERR,ERR,ERR,ERR,ERR,ERR,ERR,ERR,ERR,ERR,ERR,ERR,ERR,ERR,ERR,ERR,ERR,ERR,ERR,ERR,ERR,ERR,ERR,ERR,ERR,ERR,ERR,ERR,ERR,ERR,ERR,ERR,ERR,ERR,ERR,ERR,ERR,ERR,ERR,ERR,ERR,ERR,ERR,ERR,ERR,ERR,ERR,ERR,ERR,ERR,ERR,ERR,ERR,ERR,ERR,ERR,ERR,ERR,ERR,0.0,0.0,-134474944.0,0.0,0.0,1.3936040501711995e+18,7.805,0.0,0,0,4,0,8422,0.0,45,0.0,0.0,0.0,0.0,0.0,0,0,0,0,0.0,0,0,0,0,0,0,0,0,0,0,0,0,0,0,0,0,0,0,0,0,0,0,0,0,0,0,0,0,0,0,0,0,0,38,14,7,45,65476,0,300,0,0,8,21553,0.0,-107605600.0,0.0,0.0,0.0,0.0,0.0,0.0,0.0,0.0,0.0,0.0,0.0,0.0,0.0,0.0,0.0,0.0,0.0,0.0,0.0,0.0,2.004,2.004,-0.0,0.0,0.0,0.0,0.0,0.0,4854.0,3.697183934601442e+19,0.0,0.0,0.0,-107615280.0,2.718429300292151e+23,0.0,0.0,0.0,0.0,53,-0.0,-71.629,0.0,0.0,0.0,0.0,0.0,0.0,0.0,0,0,0,0.0,0.0,0.0,0.0,0.0,0.0,0.0,0.0,0.0,0.0,0.0,0.0,0.0,0.0,0.0,0.0,0,-107875648.0,53,0.0,106,-107614832.0,0.0,ERR,ERR,ERR,ERR,ERR,ERR,ERR,ERR,ERR,ERR,ERR,ERR,ERR,ERR,ERR,ERR,ERR,ERR,ERR,ERR,ERR,ERR,ERR,ERR,ERR,ERR,ERR,ERR,ERR,ERR,ERR,ERR,ERR,ERR,ERR,ERR,ERR,ERR,ERR,ERR,ERR,ERR,ERR,ERR,ERR,ERR,ERR,ERR,ERR,ERR,ERR,ERR,ERR,ERR,ERR,ERR,ERR,ERR,ERR,ERR,ERR,ERR,ERR,ERR,ERR,ERR,ERR,50.0,60.0,100,0.0,0.0,0.0,0.0,0.0,0.0,0.0,0.0,0.0,0.0,0.0,0.0,0.0,0.0,0.0,0.0,62.0,73,14,65513,50,65476,0,300,0,0,8,20529,65476,0,0,26214,60.0,0.0,0.0,0.0,0.0,0.0
2026-05-17T18:51:35,ERR,ERR,ERR,ERR,ERR,ERR,ERR,ERR,ERR,ERR,ERR,ERR,ERR,ERR,ERR,ERR,ERR,ERR,ERR,ERR,ERR,ERR,ERR,ERR,ERR,ERR,ERR,ERR,ERR,ERR,ERR,ERR,ERR,ERR,ERR,ERR,ERR,ERR,ERR,ERR,ERR,ERR,ERR,ERR,ERR,ERR,ERR,ERR,ERR,ERR,ERR,ERR,ERR,ERR,ERR,ERR,ERR,ERR,ERR,ERR,ERR,ERR,ERR,ERR,ERR,ERR,ERR,ERR,ERR,ERR,ERR,ERR,ERR,ERR,ERR,ERR,ERR,ERR,ERR,ERR,ERR,ERR,ERR,ERR,ERR,ERR,ERR,ERR,ERR,ERR,ERR,ERR,ERR,ERR,ERR,ERR,ERR,ERR,ERR,ERR,ERR,ERR,ERR,ERR,ERR,ERR,ERR,ERR,ERR,ERR,ERR,ERR,ERR,ERR,ERR,ERR,ERR,ERR,ERR,ERR,ERR,ERR,ERR,ERR,ERR,0.0,0.0,-134474944.0,0.0,0.0,1.3936040501711995e+18,7.805,0.0,0,0,4,0,8422,0.0,45,0.0,0.0,0.0,0.0,0.0,0,0,0,0,0.0,0,0,0,0,0,0,0,0,0,0,0,0,0,0,0,0,0,0,0,0,0,0,0,0,0,0,0,0,0,0,0,0,0,38,14,7,45,65476,0,300,0,0,8,21553,0.0,-107605600.0,0.0,0.0,0.0,0.0,0.0,0.0,0.0,0.0,0.0,0.0,0.0,0.0,0.0,0.0,0.0,0.0,0.0,0.0,0.0,0.0,2.004,2.004,-0.0,0.0,0.0,0.0,0.0,0.0,4854.0,3.697183934601442e+19,0.0,0.0,0.0,-107615280.0,2.718429300292151e+23,0.0,0.0,0.0,0.0,53,-0.0,-71.629,0.0,0.0,0.0,0.0,0.0,0.0,0.0,0,0,0,0.0,0.0,0.0,0.0,0.0,0.0,0.0,0.0,0.0,0.0,0.0,0.0,0.0,0.0,0.0,0.0,0,-107875648.0,53,0.0,106,-107614832.0,0.0,ERR,ERR,ERR,ERR,ERR,ERR,ERR,ERR,ERR,ERR,ERR,ERR,ERR,ERR,ERR,ERR,ERR,ERR,ERR,ERR,ERR,ERR,ERR,ERR,ERR,ERR,ERR,ERR,ERR,ERR,ERR,ERR,ERR,ERR,ERR,ERR,ERR,ERR,ERR,ERR,ERR,ERR,ERR,ERR,ERR,ERR,ERR,ERR,ERR,ERR,ERR,ERR,ERR,ERR,ERR,ERR,ERR,ERR,ERR,ERR,ERR,ERR,ERR,ERR,ERR,ERR,ERR,50.0,60.0,100,0.0,0.0,0.0,0.0,0.0,0.0,0.0,0.0,0.0,0.0,0.0,0.0,0.0,0.0,0.0,0.0,61.6,73,14,65513,50,65476,0,300,0,0,8,20529,65476,0,0,26214,60.0,0.0,0.0,0.0,0.0,0.0
2026-05-17T18:51:36,ERR,ERR,ERR,ERR,ERR,ERR,ERR,ERR,ERR,ERR,ERR,ERR,ERR,ERR,ERR,ERR,ERR,ERR,ERR,ERR,ERR,ERR,ERR,ERR,ERR,ERR,ERR,ERR,ERR,ERR,ERR,ERR,ERR,ERR,ERR,ERR,ERR,ERR,ERR,ERR,ERR,ERR,ERR,ERR,ERR,ERR,ERR,ERR,ERR,ERR,ERR,ERR,ERR,ERR,ERR,ERR,ERR,ERR,ERR,ERR,ERR,ERR,ERR,ERR,ERR,ERR,ERR,ERR,ERR,ERR,ERR,ERR,ERR,ERR,ERR,ERR,ERR,ERR,ERR,ERR,ERR,ERR,ERR,ERR,ERR,ERR,ERR,ERR,ERR,ERR,ERR,ERR,ERR,ERR,ERR,ERR,ERR,ERR,ERR,ERR,ERR,ERR,ERR,ERR,ERR,ERR,ERR,ERR,ERR,ERR,ERR,ERR,ERR,ERR,ERR,ERR,ERR,ERR,ERR,ERR,ERR,ERR,ERR,ERR,ERR,0.0,0.0,-134474944.0,0.0,0.0,1.3936040501711995e+18,7.805,0.0,0,0,4,0,8422,0.0,45,0.0,0.0,0.0,0.0,0.0,0,0,0,0,0.0,0,0,0,0,0,0,0,0,0,0,0,0,0,0,0,0,0,0,0,0,0,0,0,0,0,0,0,0,0,0,0,0,0,38,14,7,45,65476,0,300,0,0,8,21553,0.0,-107605600.0,0.0,0.0,0.0,0.0,0.0,0.0,0.0,0.0,0.0,0.0,0.0,0.0,0.0,0.0,0.0,0.0,0.0,0.0,0.0,0.0,2.004,2.004,-0.0,0.0,0.0,0.0,0.0,0.0,4854.0,3.697183934601442e+19,0.0,0.0,0.0,-107615280.0,2.718429300292151e+23,0.0,0.0,0.0,0.0,53,-0.0,-71.629,0.0,0.0,0.0,0.0,0.0,0.0,0.0,0,0,0,0.0,0.0,0.0,0.0,0.0,0.0,0.0,0.0,0.0,0.0,0.0,0.0,0.0,0.0,0.0,0.0,0,-107875648.0,53,0.0,106,-107614832.0,0.0,ERR,ERR,ERR,ERR,ERR,ERR,ERR,ERR,ERR,ERR,ERR,ERR,ERR,ERR,ERR,ERR,ERR,ERR,ERR,ERR,ERR,ERR,ERR,ERR,ERR,ERR,ERR,ERR,ERR,ERR,ERR,ERR,ERR,ERR,ERR,ERR,ERR,ERR,ERR,ERR,ERR,ERR,ERR,ERR,ERR,ERR,ERR,ERR,ERR,ERR,ERR,ERR,ERR,ERR,ERR,ERR,ERR,ERR,ERR,ERR,ERR,ERR,ERR,ERR,ERR,ERR,ERR,50.0,60.0,100,0.0,0.0,0.0,0.0,0.0,0.0,0.0,0.0,0.0,0.0,0.0,0.0,0.0,0.0,0.0,0.0,61.6,73,14,65513,50,65476,0,300,0,0,8,20529,65476,0,0,26214,60.0,0.0,0.0,0.0,0.0,0.0
2026-05-17T18:51:37,ERR,ERR,ERR,ERR,ERR,ERR,ERR,ERR,ERR,ERR,ERR,ERR,ERR,ERR,ERR,ERR,ERR,ERR,ERR,ERR,ERR,ERR,ERR,ERR,ERR,ERR,ERR,ERR,ERR,ERR,ERR,ERR,ERR,ERR,ERR,ERR,ERR,ERR,ERR,ERR,ERR,ERR,ERR,ERR,ERR,ERR,ERR,ERR,ERR,ERR,ERR,ERR,ERR,ERR,ERR,ERR,ERR,ERR,ERR,ERR,ERR,ERR,ERR,ERR,ERR,ERR,ERR,ERR,ERR,ERR,ERR,ERR,ERR,ERR,ERR,ERR,ERR,ERR,ERR,ERR,ERR,ERR,ERR,ERR,ERR,ERR,ERR,ERR,ERR,ERR,ERR,ERR,ERR,ERR,ERR,ERR,ERR,ERR,ERR,ERR,ERR,ERR,ERR,ERR,ERR,ERR,ERR,ERR,ERR,ERR,ERR,ERR,ERR,ERR,ERR,ERR,ERR,ERR,ERR,ERR,ERR,ERR,ERR,ERR,ERR,0.0,0.0,-134474944.0,0.0,0.0,1.3936040501711995e+18,7.805,0.0,0,0,4,0,8422,0.0,45,0.0,0.0,0.0,0.0,0.0,0,0,0,0,0.0,0,0,0,0,0,0,0,0,0,0,0,0,0,0,0,0,0,0,0,0,0,0,0,0,0,0,0,0,0,0,0,0,0,38,14,7,45,65476,0,300,0,0,8,21553,0.0,-107605600.0,0.0,0.0,0.0,0.0,0.0,0.0,0.0,0.0,0.0,0.0,0.0,0.0,0.0,0.0,0.0,0.0,0.0,0.0,0.0,0.0,2.004,2.004,-0.0,0.0,0.0,0.0,0.0,0.0,4855.0,-0.0,0.0,0.0,0.0,-107615280.0,2.718429300292151e+23,0.0,0.0,0.0,0.0,53,-0.0,-4.9503988099545695e+32,0.0,0.0,0.0,0.0,0.0,0.0,0.0,0,0,0,0.0,0.0,0.0,0.0,0.0,0.0,0.0,0.0,0.0,0.0,0.0,0.0,0.0,0.0,0.0,0.0,0,-107875648.0,53,0.0,106,-107614832.0,0.0,ERR,ERR,ERR,ERR,ERR,ERR,ERR,ERR,ERR,ERR,ERR,ERR,ERR,ERR,ERR,ERR,ERR,ERR,ERR,ERR,ERR,ERR,ERR,ERR,ERR,ERR,ERR,ERR,ERR,ERR,ERR,ERR,ERR,ERR,ERR,ERR,ERR,ERR,ERR,ERR,ERR,ERR,ERR,ERR,ERR,ERR,ERR,ERR,ERR,ERR,ERR,ERR,ERR,ERR,ERR,ERR,ERR,ERR,ERR,ERR,ERR,ERR,ERR,ERR,ERR,ERR,ERR,50.0,60.0,100,0.0,0.0,0.0,0.0,0.0,0.0,0.0,0.0,0.0,0.0,0.0,0.0,0.0,0.0,0.0,0.0,62.0,73,14,65513,50,65476,0,300,0,0,8,20529,65476,0,0,26214,60.0,0.0,0.0,0.0,0.0,0.0
2026-05-17T18:51:38,ERR,ERR,ERR,ERR,ERR,ERR,ERR,ERR,ERR,ERR,ERR,ERR,ERR,ERR,ERR,ERR,ERR,ERR,ERR,ERR,ERR,ERR,ERR,ERR,ERR,ERR,ERR,ERR,ERR,ERR,ERR,ERR,ERR,ERR,ERR,ERR,ERR,ERR,ERR,ERR,ERR,ERR,ERR,ERR,ERR,ERR,ERR,ERR,ERR,ERR,ERR,ERR,ERR,ERR,ERR,ERR,ERR,ERR,ERR,ERR,ERR,ERR,ERR,ERR,ERR,ERR,ERR,ERR,ERR,ERR,ERR,ERR,ERR,ERR,ERR,ERR,ERR,ERR,ERR,ERR,ERR,ERR,ERR,ERR,ERR,ERR,ERR,ERR,ERR,ERR,ERR,ERR,ERR,ERR,ERR,ERR,ERR,ERR,ERR,ERR,ERR,ERR,ERR,ERR,ERR,ERR,ERR,ERR,ERR,ERR,ERR,ERR,ERR,ERR,ERR,ERR,ERR,ERR,ERR,ERR,ERR,ERR,ERR,ERR,ERR,0.0,0.0,-134474944.0,0.0,0.0,1.3936040501711995e+18,7.805,0.0,0,0,4,0,8422,0.0,45,0.0,0.0,0.0,0.0,0.0,0,0,0,0,0.0,0,0,0,0,0,0,0,0,0,0,0,0,0,0,0,0,0,0,0,0,0,0,0,0,0,0,0,0,0,0,0,0,0,38,14,7,45,65476,0,300,0,0,8,21553,0.0,-107605600.0,0.0,0.0,0.0,0.0,0.0,0.0,0.0,0.0,0.0,0.0,0.0,0.0,0.0,0.0,0.0,0.0,0.0,0.0,0.0,0.0,2.004,2.004,-0.0,0.0,0.0,0.0,0.0,0.0,4855.0,-0.0,0.0,0.0,0.0,-107615280.0,2.718429300292151e+23,0.0,0.0,0.0,0.0,53,-0.0,-4.9503988099545695e+32,0.0,0.0,0.0,0.0,0.0,0.0,0.0,0,0,0,0.0,0.0,0.0,0.0,0.0,0.0,0.0,0.0,0.0,0.0,0.0,0.0,0.0,0.0,0.0,0.0,0,-107875648.0,53,0.0,106,-107614832.0,0.0,ERR,ERR,ERR,ERR,ERR,ERR,ERR,ERR,ERR,ERR,ERR,ERR,ERR,ERR,ERR,ERR,ERR,ERR,ERR,ERR,ERR,ERR,ERR,ERR,ERR,ERR,ERR,ERR,ERR,ERR,ERR,ERR,ERR,ERR,ERR,ERR,ERR,ERR,ERR,ERR,ERR,ERR,ERR,ERR,ERR,ERR,ERR,ERR,ERR,ERR,ERR,ERR,ERR,ERR,ERR,ERR,ERR,ERR,ERR,ERR,ERR,ERR,ERR,ERR,ERR,ERR,ERR,50.0,60.0,100,0.0,0.0,0.0,0.0,0.0,0.0,0.0,0.0,0.0,0.0,0.0,0.0,0.0,0.0,0.0,0.0,62.0,73,14,65513,50,65476,0,300,0,0,8,20529,65476,0,0,26214,60.0,0.0,0.0,0.0,0.0,0.0
2026-05-17T18:51:39,ERR,ERR,ERR,ERR,ERR,ERR,ERR,ERR,ERR,ERR,ERR,ERR,ERR,ERR,ERR,ERR,ERR,ERR,ERR,ERR,ERR,ERR,ERR,ERR,ERR,ERR,ERR,ERR,ERR,ERR,ERR,ERR,ERR,ERR,ERR,ERR,ERR,ERR,ERR,ERR,ERR,ERR,ERR,ERR,ERR,ERR,ERR,ERR,ERR,ERR,ERR,ERR,ERR,ERR,ERR,ERR,ERR,ERR,ERR,ERR,ERR,ERR,ERR,ERR,ERR,ERR,ERR,ERR,ERR,ERR,ERR,ERR,ERR,ERR,ERR,ERR,ERR,ERR,ERR,ERR,ERR,ERR,ERR,ERR,ERR,ERR,ERR,ERR,ERR,ERR,ERR,ERR,ERR,ERR,ERR,ERR,ERR,ERR,ERR,ERR,ERR,ERR,ERR,ERR,ERR,ERR,ERR,ERR,ERR,ERR,ERR,ERR,ERR,ERR,ERR,ERR,ERR,ERR,ERR,ERR,ERR,ERR,ERR,ERR,ERR,0.0,0.0,-134474944.0,0.0,0.0,1.3936040501711995e+18,7.805,0.0,0,0,4,0,8422,0.0,45,0.0,0.0,0.0,0.0,0.0,0,0,0,0,0.0,0,0,0,0,0,0,0,0,0,0,0,0,0,0,0,0,0,0,0,0,0,0,0,0,0,0,0,0,0,0,0,0,0,38,14,7,45,65476,0,300,0,0,8,21553,0.0,-107605600.0,0.0,0.0,0.0,0.0,0.0,0.0,0.0,0.0,0.0,0.0,0.0,0.0,0.0,0.0,0.0,0.0,0.0,0.0,0.0,0.0,2.004,2.004,-0.0,0.0,0.0,0.0,0.0,0.0,4855.0,-0.0,0.0,0.0,0.0,-107615280.0,2.718429300292151e+23,0.0,0.0,0.0,0.0,53,-0.0,-4.9503988099545695e+32,0.0,0.0,0.0,0.0,0.0,0.0,0.0,0,0,0,0.0,0.0,0.0,0.0,0.0,0.0,0.0,0.0,0.0,0.0,0.0,0.0,0.0,0.0,0.0,0.0,0,-107875648.0,53,0.0,106,-107614832.0,0.0,ERR,ERR,ERR,ERR,ERR,ERR,ERR,ERR,ERR,ERR,ERR,ERR,ERR,ERR,ERR,ERR,ERR,ERR,ERR,ERR,ERR,ERR,ERR,ERR,ERR,ERR,ERR,ERR,ERR,ERR,ERR,ERR,ERR,ERR,ERR,ERR,ERR,ERR,ERR,ERR,ERR,ERR,ERR,ERR,ERR,ERR,ERR,ERR,ERR,ERR,ERR,ERR,ERR,ERR,ERR,ERR,ERR,ERR,ERR,ERR,ERR,ERR,ERR,ERR,ERR,ERR,ERR,50.0,60.0,100,0.0,0.0,0.0,0.0,0.0,0.0,0.0,0.0,0.0,0.0,0.0,0.0,0.0,0.0,0.0,0.0,61.6,73,14,65513,50,65476,0,300,0,0,8,20529,65476,0,0,26214,60.0,0.0,0.0,0.0,0.0,0.0
2026-05-17T18:51:40,ERR,ERR,ERR,ERR,ERR,ERR,ERR,ERR,ERR,ERR,ERR,ERR,ERR,ERR,ERR,ERR,ERR,ERR,ERR,ERR,ERR,ERR,ERR,ERR,ERR,ERR,ERR,ERR,ERR,ERR,ERR,ERR,ERR,ERR,ERR,ERR,ERR,ERR,ERR,ERR,ERR,ERR,ERR,ERR,ERR,ERR,ERR,ERR,ERR,ERR,ERR,ERR,ERR,ERR,ERR,ERR,ERR,ERR,ERR,ERR,ERR,ERR,ERR,ERR,ERR,ERR,ERR,ERR,ERR,ERR,ERR,ERR,ERR,ERR,ERR,ERR,ERR,ERR,ERR,ERR,ERR,ERR,ERR,ERR,ERR,ERR,ERR,ERR,ERR,ERR,ERR,ERR,ERR,ERR,ERR,ERR,ERR,ERR,ERR,ERR,ERR,ERR,ERR,ERR,ERR,ERR,ERR,ERR,ERR,ERR,ERR,ERR,ERR,ERR,ERR,ERR,ERR,ERR,ERR,ERR,ERR,ERR,ERR,ERR,ERR,0.0,0.0,-134474944.0,0.0,0.0,1.3936040501711995e+18,7.805,0.0,0,0,4,0,8422,0.0,45,0.0,0.0,0.0,0.0,0.0,0,0,0,0,0.0,0,0,0,0,0,0,0,0,0,0,0,0,0,0,0,0,0,0,0,0,0,0,0,0,0,0,0,0,0,0,0,0,0,38,14,7,45,65476,0,300,0,0,8,21553,0.0,-107605600.0,0.0,0.0,0.0,0.0,0.0,0.0,0.0,0.0,0.0,0.0,0.0,0.0,0.0,0.0,0.0,0.0,0.0,0.0,0.0,0.0,2.004,2.004,-0.0,0.0,0.0,0.0,0.0,0.0,4855.0,-0.0,0.0,0.0,0.0,-107615280.0,2.718429300292151e+23,0.0,0.0,0.0,0.0,53,-0.0,-4.9503988099545695e+32,0.0,0.0,0.0,0.0,0.0,0.0,0.0,0,0,0,0.0,0.0,0.0,0.0,0.0,0.0,0.0,0.0,0.0,0.0,0.0,0.0,0.0,0.0,0.0,0.0,0,-107875648.0,53,0.0,106,-107614832.0,0.0,ERR,ERR,ERR,ERR,ERR,ERR,ERR,ERR,ERR,ERR,ERR,ERR,ERR,ERR,ERR,ERR,ERR,ERR,ERR,ERR,ERR,ERR,ERR,ERR,ERR,ERR,ERR,ERR,ERR,ERR,ERR,ERR,ERR,ERR,ERR,ERR,ERR,ERR,ERR,ERR,ERR,ERR,ERR,ERR,ERR,ERR,ERR,ERR,ERR,ERR,ERR,ERR,ERR,ERR,ERR,ERR,ERR,ERR,ERR,ERR,ERR,ERR,ERR,ERR,ERR,ERR,ERR,50.0,60.0,100,0.0,0.0,0.0,0.0,0.0,0.0,0.0,0.0,0.0,0.0,0.0,0.0,0.0,0.0,0.0,0.0,61.6,73,14,65513,50,65476,0,300,0,0,8,20529,65476,0,0,26214,60.0,0.0,0.0,0.0,0.0,0.0
2026-05-17T18:51:41,ERR,ERR,ERR,ERR,ERR,ERR,ERR,ERR,ERR,ERR,ERR,ERR,ERR,ERR,ERR,ERR,ERR,ERR,ERR,ERR,ERR,ERR,ERR,ERR,ERR,ERR,ERR,ERR,ERR,ERR,ERR,ERR,ERR,ERR,ERR,ERR,ERR,ERR,ERR,ERR,ERR,ERR,ERR,ERR,ERR,ERR,ERR,ERR,ERR,ERR,ERR,ERR,ERR,ERR,ERR,ERR,ERR,ERR,ERR,ERR,ERR,ERR,ERR,ERR,ERR,ERR,ERR,ERR,ERR,ERR,ERR,ERR,ERR,ERR,ERR,ERR,ERR,ERR,ERR,ERR,ERR,ERR,ERR,ERR,ERR,ERR,ERR,ERR,ERR,ERR,ERR,ERR,ERR,ERR,ERR,ERR,ERR,ERR,ERR,ERR,ERR,ERR,ERR,ERR,ERR,ERR,ERR,ERR,ERR,ERR,ERR,ERR,ERR,ERR,ERR,ERR,ERR,ERR,ERR,ERR,ERR,ERR,ERR,ERR,ERR,0.0,0.0,-134474944.0,0.0,0.0,1.3936040501711995e+18,7.805,0.0,0,0,4,0,8422,0.0,45,0.0,0.0,0.0,0.0,0.0,0,0,0,0,0.0,0,0,0,0,0,0,0,0,0,0,0,0,0,0,0,0,0,0,0,0,0,0,0,0,0,0,0,0,0,0,0,0,0,38,14,7,45,65476,0,300,0,0,8,21553,0.0,-107605600.0,0.0,0.0,0.0,0.0,0.0,0.0,0.0,0.0,0.0,0.0,0.0,0.0,0.0,0.0,0.0,0.0,0.0,0.0,0.0,0.0,2.004,2.004,-0.0,0.0,0.0,0.0,0.0,0.0,4855.0,-0.0,0.0,0.0,0.0,-107615280.0,2.718429300292151e+23,0.0,0.0,0.0,0.0,53,-0.0,-4.9503988099545695e+32,0.0,0.0,0.0,0.0,0.0,0.0,0.0,0,0,0,0.0,0.0,0.0,0.0,0.0,0.0,0.0,0.0,0.0,0.0,0.0,0.0,0.0,0.0,0.0,0.0,0,-107875648.0,53,0.0,106,-107614832.0,0.0,ERR,ERR,ERR,ERR,ERR,ERR,ERR,ERR,ERR,ERR,ERR,ERR,ERR,ERR,ERR,ERR,ERR,ERR,ERR,ERR,ERR,ERR,ERR,ERR,ERR,ERR,ERR,ERR,ERR,ERR,ERR,ERR,ERR,ERR,ERR,ERR,ERR,ERR,ERR,ERR,ERR,ERR,ERR,ERR,ERR,ERR,ERR,ERR,ERR,ERR,ERR,ERR,ERR,ERR,ERR,ERR,ERR,ERR,ERR,ERR,ERR,ERR,ERR,ERR,ERR,ERR,ERR,50.0,60.0,100,0.0,0.0,0.0,0.0,0.0,0.0,0.0,0.0,0.0,0.0,0.0,0.0,0.0,0.0,0.0,0.0,62.0,73,14,65513,50,65476,0,300,0,0,8,20529,65476,0,0,26214,60.0,0.0,0.0,0.0,0.0,0.0
2026-05-17T18:51:42,ERR,ERR,ERR,ERR,ERR,ERR,ERR,ERR,ERR,ERR,ERR,ERR,ERR,ERR,ERR,ERR,ERR,ERR,ERR,ERR,ERR,ERR,ERR,ERR,ERR,ERR,ERR,ERR,ERR,ERR,ERR,ERR,ERR,ERR,ERR,ERR,ERR,ERR,ERR,ERR,ERR,ERR,ERR,ERR,ERR,ERR,ERR,ERR,ERR,ERR,ERR,ERR,ERR,ERR,ERR,ERR,ERR,ERR,ERR,ERR,ERR,ERR,ERR,ERR,ERR,ERR,ERR,ERR,ERR,ERR,ERR,ERR,ERR,ERR,ERR,ERR,ERR,ERR,ERR,ERR,ERR,ERR,ERR,ERR,ERR,ERR,ERR,ERR,ERR,ERR,ERR,ERR,ERR,ERR,ERR,ERR,ERR,ERR,ERR,ERR,ERR,ERR,ERR,ERR,ERR,ERR,ERR,ERR,ERR,ERR,ERR,ERR,ERR,ERR,ERR,ERR,ERR,ERR,ERR,ERR,ERR,ERR,ERR,ERR,ERR,0.0,0.0,-134474944.0,0.0,0.0,1.3936040501711995e+18,7.805,0.0,0,0,4,0,8422,0.0,45,0.0,0.0,0.0,0.0,0.0,0,0,0,0,0.0,0,0,0,0,0,0,0,0,0,0,0,0,0,0,0,0,0,0,0,0,0,0,0,0,0,0,0,0,0,0,0,0,0,38,14,7,45,65476,0,300,0,0,8,21553,0.0,-107605600.0,0.0,0.0,0.0,0.0,0.0,0.0,0.0,0.0,0.0,0.0,0.0,0.0,0.0,0.0,0.0,0.0,0.0,0.0,0.0,0.0,2.004,2.004,-0.0,0.0,0.0,0.0,0.0,0.0,4858.0,0.0,0.0,0.0,0.0,-107615280.0,2.718429300292151e+23,0.0,0.0,0.0,0.0,53,-0.0,-0.0,0.0,0.0,0.0,0.0,0.0,0.0,0.0,0,0,0,0.0,0.0,0.0,0.0,0.0,0.0,0.0,0.0,0.0,0.0,0.0,0.0,0.0,0.0,0.0,0.0,0,-107875648.0,53,0.0,106,-107614832.0,0.0,ERR,ERR,ERR,ERR,ERR,ERR,ERR,ERR,ERR,ERR,ERR,ERR,ERR,ERR,ERR,ERR,ERR,ERR,ERR,ERR,ERR,ERR,ERR,ERR,ERR,ERR,ERR,ERR,ERR,ERR,ERR,ERR,ERR,ERR,ERR,ERR,ERR,ERR,ERR,ERR,ERR,ERR,ERR,ERR,ERR,ERR,ERR,ERR,ERR,ERR,ERR,ERR,ERR,ERR,ERR,ERR,ERR,ERR,ERR,ERR,ERR,ERR,ERR,ERR,ERR,ERR,ERR,50.0,60.0,100,0.0,0.0,0.0,0.0,0.0,0.0,0.0,0.0,0.0,0.0,0.0,0.0,0.0,0.0,0.0,0.0,62.0,73,14,65513,50,65476,0,300,0,0,8,20529,65476,0,0,26214,60.0,0.0,0.0,0.0,0.0,0.0
2026-05-17T18:51:43,ERR,ERR,ERR,ERR,ERR,ERR,ERR,ERR,ERR,ERR,ERR,ERR,ERR,ERR,ERR,ERR,ERR,ERR,ERR,ERR,ERR,ERR,ERR,ERR,ERR,ERR,ERR,ERR,ERR,ERR,ERR,ERR,ERR,ERR,ERR,ERR,ERR,ERR,ERR,ERR,ERR,ERR,ERR,ERR,ERR,ERR,ERR,ERR,ERR,ERR,ERR,ERR,ERR,ERR,ERR,ERR,ERR,ERR,ERR,ERR,ERR,ERR,ERR,ERR,ERR,ERR,ERR,ERR,ERR,ERR,ERR,ERR,ERR,ERR,ERR,ERR,ERR,ERR,ERR,ERR,ERR,ERR,ERR,ERR,ERR,ERR,ERR,ERR,ERR,ERR,ERR,ERR,ERR,ERR,ERR,ERR,ERR,ERR,ERR,ERR,ERR,ERR,ERR,ERR,ERR,ERR,ERR,ERR,ERR,ERR,ERR,ERR,ERR,ERR,ERR,ERR,ERR,ERR,ERR,ERR,ERR,ERR,ERR,ERR,ERR,0.0,0.0,-134474944.0,0.0,0.0,1.3936040501711995e+18,7.805,0.0,0,0,4,0,8422,0.0,45,0.0,0.0,0.0,0.0,0.0,0,0,0,0,0.0,0,0,0,0,0,0,0,0,0,0,0,0,0,0,0,0,0,0,0,0,0,0,0,0,0,0,0,0,0,0,0,0,0,38,14,7,45,65476,0,300,0,0,8,21553,0.0,-107605600.0,0.0,0.0,0.0,0.0,0.0,0.0,0.0,0.0,0.0,0.0,0.0,0.0,0.0,0.0,0.0,0.0,0.0,0.0,0.0,0.0,2.004,2.004,-0.0,0.0,0.0,0.0,0.0,0.0,4858.0,0.0,0.0,0.0,0.0,-107615280.0,2.718429300292151e+23,0.0,0.0,0.0,0.0,53,-0.0,-0.0,0.0,0.0,0.0,0.0,0.0,0.0,0.0,0,0,0,0.0,0.0,0.0,0.0,0.0,0.0,0.0,0.0,0.0,0.0,0.0,0.0,0.0,0.0,0.0,0.0,0,-107875648.0,53,0.0,106,-107614832.0,0.0,ERR,ERR,ERR,ERR,ERR,ERR,ERR,ERR,ERR,ERR,ERR,ERR,ERR,ERR,ERR,ERR,ERR,ERR,ERR,ERR,ERR,ERR,ERR,ERR,ERR,ERR,ERR,ERR,ERR,ERR,ERR,ERR,ERR,ERR,ERR,ERR,ERR,ERR,ERR,ERR,ERR,ERR,ERR,ERR,ERR,ERR,ERR,ERR,ERR,ERR,ERR,ERR,ERR,ERR,ERR,ERR,ERR,ERR,ERR,ERR,ERR,ERR,ERR,ERR,ERR,ERR,ERR,50.0,60.0,100,0.0,0.0,0.0,0.0,0.0,0.0,0.0,0.0,0.0,0.0,0.0,0.0,0.0,0.0,0.0,0.0,61.6,73,14,65513,50,65476,0,300,0,0,8,20529,65476,0,0,26214,60.0,0.0,0.0,0.0,0.0,0.0
2026-05-17T18:51:44,ERR,ERR,ERR,ERR,ERR,ERR,ERR,ERR,ERR,ERR,ERR,ERR,ERR,ERR,ERR,ERR,ERR,ERR,ERR,ERR,ERR,ERR,ERR,ERR,ERR,ERR,ERR,ERR,ERR,ERR,ERR,ERR,ERR,ERR,ERR,ERR,ERR,ERR,ERR,ERR,ERR,ERR,ERR,ERR,ERR,ERR,ERR,ERR,ERR,ERR,ERR,ERR,ERR,ERR,ERR,ERR,ERR,ERR,ERR,ERR,ERR,ERR,ERR,ERR,ERR,ERR,ERR,ERR,ERR,ERR,ERR,ERR,ERR,ERR,ERR,ERR,ERR,ERR,ERR,ERR,ERR,ERR,ERR,ERR,ERR,ERR,ERR,ERR,ERR,ERR,ERR,ERR,ERR,ERR,ERR,ERR,ERR,ERR,ERR,ERR,ERR,ERR,ERR,ERR,ERR,ERR,ERR,ERR,ERR,ERR,ERR,ERR,ERR,ERR,ERR,ERR,ERR,ERR,ERR,ERR,ERR,ERR,ERR,ERR,ERR,0.0,0.0,-134474944.0,0.0,0.0,1.3936040501711995e+18,7.805,0.0,0,0,4,0,8422,0.0,45,0.0,0.0,0.0,0.0,0.0,0,0,0,0,0.0,0,0,0,0,0,0,0,0,0,0,0,0,0,0,0,0,0,0,0,0,0,0,0,0,0,0,0,0,0,0,0,0,0,38,14,7,45,65476,0,300,0,0,8,21553,0.0,-107605600.0,0.0,0.0,0.0,0.0,0.0,0.0,0.0,0.0,0.0,0.0,0.0,0.0,0.0,0.0,0.0,0.0,0.0,0.0,0.0,0.0,2.004,2.004,-0.0,0.0,0.0,0.0,0.0,0.0,4858.0,0.0,0.0,0.0,0.0,-107615280.0,2.718429300292151e+23,0.0,0.0,0.0,0.0,53,-0.0,-0.0,0.0,0.0,0.0,0.0,0.0,0.0,0.0,0,0,0,0.0,0.0,0.0,0.0,0.0,0.0,0.0,0.0,0.0,0.0,0.0,0.0,0.0,0.0,0.0,0.0,0,-107875648.0,53,0.0,106,-107614832.0,0.0,ERR,ERR,ERR,ERR,ERR,ERR,ERR,ERR,ERR,ERR,ERR,ERR,ERR,ERR,ERR,ERR,ERR,ERR,ERR,ERR,ERR,ERR,ERR,ERR,ERR,ERR,ERR,ERR,ERR,ERR,ERR,ERR,ERR,ERR,ERR,ERR,ERR,ERR,ERR,ERR,ERR,ERR,ERR,ERR,ERR,ERR,ERR,ERR,ERR,ERR,ERR,ERR,ERR,ERR,ERR,ERR,ERR,ERR,ERR,ERR,ERR,ERR,ERR,ERR,ERR,ERR,ERR,50.0,60.0,100,0.0,0.0,0.0,0.0,0.0,0.0,0.0,0.0,0.0,0.0,0.0,0.0,0.0,0.0,0.0,0.0,62.0,73,14,65513,50,65476,0,300,0,0,8,20529,65476,0,0,26214,60.0,0.0,0.0,0.0,0.0,0.0
2026-05-17T18:51:45,ERR,ERR,ERR,ERR,ERR,ERR,ERR,ERR,ERR,ERR,ERR,ERR,ERR,ERR,ERR,ERR,ERR,ERR,ERR,ERR,ERR,ERR,ERR,ERR,ERR,ERR,ERR,ERR,ERR,ERR,ERR,ERR,ERR,ERR,ERR,ERR,ERR,ERR,ERR,ERR,ERR,ERR,ERR,ERR,ERR,ERR,ERR,ERR,ERR,ERR,ERR,ERR,ERR,ERR,ERR,ERR,ERR,ERR,ERR,ERR,ERR,ERR,ERR,ERR,ERR,ERR,ERR,ERR,ERR,ERR,ERR,ERR,ERR,ERR,ERR,ERR,ERR,ERR,ERR,ERR,ERR,ERR,ERR,ERR,ERR,ERR,ERR,ERR,ERR,ERR,ERR,ERR,ERR,ERR,ERR,ERR,ERR,ERR,ERR,ERR,ERR,ERR,ERR,ERR,ERR,ERR,ERR,ERR,ERR,ERR,ERR,ERR,ERR,ERR,ERR,ERR,ERR,ERR,ERR,ERR,ERR,ERR,ERR,ERR,ERR,0.0,0.0,-134474944.0,0.0,0.0,1.3936040501711995e+18,7.805,0.0,0,0,4,0,8422,0.0,45,0.0,0.0,0.0,0.0,0.0,0,0,0,0,0.0,0,0,0,0,0,0,0,0,0,0,0,0,0,0,0,0,0,0,0,0,0,0,0,0,0,0,0,0,0,0,0,0,0,38,14,7,45,65476,0,300,0,0,8,21553,0.0,-107605600.0,0.0,0.0,0.0,0.0,0.0,0.0,0.0,0.0,0.0,0.0,0.0,0.0,0.0,0.0,0.0,0.0,0.0,0.0,0.0,0.0,2.004,2.004,-0.0,0.0,0.0,0.0,0.0,0.0,4858.0,0.0,0.0,0.0,0.0,-107615280.0,2.718429300292151e+23,0.0,0.0,0.0,0.0,53,-0.0,-0.0,0.0,0.0,0.0,0.0,0.0,0.0,0.0,0,0,0,0.0,0.0,0.0,0.0,0.0,0.0,0.0,0.0,0.0,0.0,0.0,0.0,0.0,0.0,0.0,0.0,0,-107875648.0,53,0.0,106,-107614832.0,0.0,ERR,ERR,ERR,ERR,ERR,ERR,ERR,ERR,ERR,ERR,ERR,ERR,ERR,ERR,ERR,ERR,ERR,ERR,ERR,ERR,ERR,ERR,ERR,ERR,ERR,ERR,ERR,ERR,ERR,ERR,ERR,ERR,ERR,ERR,ERR,ERR,ERR,ERR,ERR,ERR,ERR,ERR,ERR,ERR,ERR,ERR,ERR,ERR,ERR,ERR,ERR,ERR,ERR,ERR,ERR,ERR,ERR,ERR,ERR,ERR,ERR,ERR,ERR,ERR,ERR,ERR,ERR,50.0,60.0,100,0.0,0.0,0.0,0.0,0.0,0.0,0.0,0.0,0.0,0.0,0.0,0.0,0.0,0.0,0.0,0.0,62.0,73,14,65513,50,65476,0,300,0,0,8,20529,65476,0,0,26214,60.0,0.0,0.0,0.0,0.0,0.0
2026-05-17T18:51:46,ERR,ERR,ERR,ERR,ERR,ERR,ERR,ERR,ERR,ERR,ERR,ERR,ERR,ERR,ERR,ERR,ERR,ERR,ERR,ERR,ERR,ERR,ERR,ERR,ERR,ERR,ERR,ERR,ERR,ERR,ERR,ERR,ERR,ERR,ERR,ERR,ERR,ERR,ERR,ERR,ERR,ERR,ERR,ERR,ERR,ERR,ERR,ERR,ERR,ERR,ERR,ERR,ERR,ERR,ERR,ERR,ERR,ERR,ERR,ERR,ERR,ERR,ERR,ERR,ERR,ERR,ERR,ERR,ERR,ERR,ERR,ERR,ERR,ERR,ERR,ERR,ERR,ERR,ERR,ERR,ERR,ERR,ERR,ERR,ERR,ERR,ERR,ERR,ERR,ERR,ERR,ERR,ERR,ERR,ERR,ERR,ERR,ERR,ERR,ERR,ERR,ERR,ERR,ERR,ERR,ERR,ERR,ERR,ERR,ERR,ERR,ERR,ERR,ERR,ERR,ERR,ERR,ERR,ERR,ERR,ERR,ERR,ERR,ERR,ERR,0.0,0.0,-134474944.0,0.0,0.0,1.3936040501711995e+18,7.805,0.0,0,0,4,0,8422,0.0,45,0.0,0.0,0.0,0.0,0.0,0,0,0,0,0.0,0,0,0,0,0,0,0,0,0,0,0,0,0,0,0,0,0,0,0,0,0,0,0,0,0,0,0,0,0,0,0,0,0,38,14,7,45,65476,0,300,0,0,8,21553,0.0,-107605600.0,0.0,0.0,0.0,0.0,0.0,0.0,0.0,0.0,0.0,0.0,0.0,0.0,0.0,0.0,0.0,0.0,0.0,0.0,0.0,0.0,2.004,2.004,-0.0,0.0,0.0,0.0,0.0,0.0,4858.0,0.0,0.0,0.0,0.0,-107615280.0,2.718429300292151e+23,0.0,0.0,0.0,0.0,53,-0.0,-0.0,0.0,0.0,0.0,0.0,0.0,0.0,0.0,0,0,0,0.0,0.0,0.0,0.0,0.0,0.0,0.0,0.0,0.0,0.0,0.0,0.0,0.0,0.0,0.0,0.0,0,-107875648.0,53,0.0,106,-107614832.0,0.0,ERR,ERR,ERR,ERR,ERR,ERR,ERR,ERR,ERR,ERR,ERR,ERR,ERR,ERR,ERR,ERR,ERR,ERR,ERR,ERR,ERR,ERR,ERR,ERR,ERR,ERR,ERR,ERR,ERR,ERR,ERR,ERR,ERR,ERR,ERR,ERR,ERR,ERR,ERR,ERR,ERR,ERR,ERR,ERR,ERR,ERR,ERR,ERR,ERR,ERR,ERR,ERR,ERR,ERR,ERR,ERR,ERR,ERR,ERR,ERR,ERR,ERR,ERR,ERR,ERR,ERR,ERR,50.0,60.0,100,0.0,0.0,0.0,0.0,0.0,0.0,0.0,0.0,0.0,0.0,0.0,0.0,0.0,0.0,0.0,0.0,62.0,73,14,65513,50,65476,0,300,0,0,8,20529,65476,0,0,26214,60.0,0.0,0.0,0.0,0.0,0.0
2026-05-17T18:51:47,ERR,ERR,ERR,ERR,ERR,ERR,ERR,ERR,ERR,ERR,ERR,ERR,ERR,ERR,ERR,ERR,ERR,ERR,ERR,ERR,ERR,ERR,ERR,ERR,ERR,ERR,ERR,ERR,ERR,ERR,ERR,ERR,ERR,ERR,ERR,ERR,ERR,ERR,ERR,ERR,ERR,ERR,ERR,ERR,ERR,ERR,ERR,ERR,ERR,ERR,ERR,ERR,ERR,ERR,ERR,ERR,ERR,ERR,ERR,ERR,ERR,ERR,ERR,ERR,ERR,ERR,ERR,ERR,ERR,ERR,ERR,ERR,ERR,ERR,ERR,ERR,ERR,ERR,ERR,ERR,ERR,ERR,ERR,ERR,ERR,ERR,ERR,ERR,ERR,ERR,ERR,ERR,ERR,ERR,ERR,ERR,ERR,ERR,ERR,ERR,ERR,ERR,ERR,ERR,ERR,ERR,ERR,ERR,ERR,ERR,ERR,ERR,ERR,ERR,ERR,ERR,ERR,ERR,ERR,ERR,ERR,ERR,ERR,ERR,ERR,0.0,0.0,-134474944.0,0.0,0.0,1.3936040501711995e+18,7.805,0.0,0,0,4,0,8422,0.0,45,0.0,0.0,0.0,0.0,0.0,0,0,0,0,0.0,0,0,0,0,0,0,0,0,0,0,0,0,0,0,0,0,0,0,0,0,0,0,0,0,0,0,0,0,0,0,0,0,0,38,14,7,45,65476,0,300,0,0,8,21553,0.0,-107605600.0,0.0,0.0,0.0,0.0,0.0,0.0,0.0,0.0,0.0,0.0,0.0,0.0,0.0,0.0,0.0,0.0,0.0,0.0,0.0,0.0,2.004,2.004,-0.0,0.0,0.0,0.0,0.0,0.0,4856.0,8608177152.0,0.0,0.0,0.0,-107615280.0,2.718429300292151e+23,0.0,0.0,0.0,0.0,53,-0.0,-0.0,0.0,0.0,0.0,0.0,0.0,0.0,0.0,0,0,0,0.0,0.0,0.0,0.0,0.0,0.0,0.0,0.0,0.0,0.0,0.0,0.0,0.0,0.0,0.0,0.0,0,-107875648.0,53,0.0,106,-107614832.0,-107351008.0,ERR,ERR,ERR,ERR,ERR,ERR,ERR,ERR,ERR,ERR,ERR,ERR,ERR,ERR,ERR,ERR,ERR,ERR,ERR,ERR,ERR,ERR,ERR,ERR,ERR,ERR,ERR,ERR,ERR,ERR,ERR,ERR,ERR,ERR,ERR,ERR,ERR,ERR,ERR,ERR,ERR,ERR,ERR,ERR,ERR,ERR,ERR,ERR,ERR,ERR,ERR,ERR,ERR,ERR,ERR,ERR,ERR,ERR,ERR,ERR,ERR,ERR,ERR,ERR,ERR,ERR,ERR,50.0,60.0,100,0.0,0.0,0.0,0.0,0.0,0.0,0.0,0.0,0.0,0.0,0.0,0.0,0.0,0.0,0.0,0.0,62.0,73,14,65513,50,65476,0,300,0,0,8,20529,65476,0,0,26214,60.0,0.0,0.0,0.0,0.0,0.0
2026-05-17T18:51:48,ERR,ERR,ERR,ERR,ERR,ERR,ERR,ERR,ERR,ERR,ERR,ERR,ERR,ERR,ERR,ERR,ERR,ERR,ERR,ERR,ERR,ERR,ERR,ERR,ERR,ERR,ERR,ERR,ERR,ERR,ERR,ERR,ERR,ERR,ERR,ERR,ERR,ERR,ERR,ERR,ERR,ERR,ERR,ERR,ERR,ERR,ERR,ERR,ERR,ERR,ERR,ERR,ERR,ERR,ERR,ERR,ERR,ERR,ERR,ERR,ERR,ERR,ERR,ERR,ERR,ERR,ERR,ERR,ERR,ERR,ERR,ERR,ERR,ERR,ERR,ERR,ERR,ERR,ERR,ERR,ERR,ERR,ERR,ERR,ERR,ERR,ERR,ERR,ERR,ERR,ERR,ERR,ERR,ERR,ERR,ERR,ERR,ERR,ERR,ERR,ERR,ERR,ERR,ERR,ERR,ERR,ERR,ERR,ERR,ERR,ERR,ERR,ERR,ERR,ERR,ERR,ERR,ERR,ERR,ERR,ERR,ERR,ERR,ERR,ERR,0.0,0.0,-134474944.0,0.0,0.0,1.3936040501711995e+18,7.805,0.0,0,0,4,0,8422,0.0,45,0.0,0.0,0.0,0.0,0.0,0,0,0,0,0.0,0,0,0,0,0,0,0,0,0,0,0,0,0,0,0,0,0,0,0,0,0,0,0,0,0,0,0,0,0,0,0,0,0,38,14,7,45,65476,0,300,0,0,8,21553,0.0,-107605600.0,0.0,0.0,0.0,0.0,0.0,0.0,0.0,0.0,0.0,0.0,0.0,0.0,0.0,0.0,0.0,0.0,0.0,0.0,0.0,0.0,2.004,2.004,-0.0,0.0,0.0,0.0,0.0,0.0,4856.0,8608177152.0,0.0,0.0,0.0,-107615280.0,2.718429300292151e+23,0.0,0.0,0.0,0.0,53,-0.0,-0.0,0.0,0.0,0.0,0.0,0.0,0.0,0.0,0,0,0,0.0,0.0,0.0,0.0,0.0,0.0,0.0,0.0,0.0,0.0,0.0,0.0,0.0,0.0,0.0,0.0,0,-107875648.0,53,0.0,106,-107614832.0,-107351008.0,ERR,ERR,ERR,ERR,ERR,ERR,ERR,ERR,ERR,ERR,ERR,ERR,ERR,ERR,ERR,ERR,ERR,ERR,ERR,ERR,ERR,ERR,ERR,ERR,ERR,ERR,ERR,ERR,ERR,ERR,ERR,ERR,ERR,ERR,ERR,ERR,ERR,ERR,ERR,ERR,ERR,ERR,ERR,ERR,ERR,ERR,ERR,ERR,ERR,ERR,ERR,ERR,ERR,ERR,ERR,ERR,ERR,ERR,ERR,ERR,ERR,ERR,ERR,ERR,ERR,ERR,ERR,50.0,60.0,100,0.0,0.0,0.0,0.0,0.0,0.0,0.0,0.0,0.0,0.0,0.0,0.0,0.0,0.0,0.0,0.0,61.6,73,14,65513,50,65476,0,300,0,0,8,20529,65476,0,0,26214,60.0,0.0,0.0,0.0,0.0,0.0
2026-05-17T18:51:49,ERR,ERR,ERR,ERR,ERR,ERR,ERR,ERR,ERR,ERR,ERR,ERR,ERR,ERR,ERR,ERR,ERR,ERR,ERR,ERR,ERR,ERR,ERR,ERR,ERR,ERR,ERR,ERR,ERR,ERR,ERR,ERR,ERR,ERR,ERR,ERR,ERR,ERR,ERR,ERR,ERR,ERR,ERR,ERR,ERR,ERR,ERR,ERR,ERR,ERR,ERR,ERR,ERR,ERR,ERR,ERR,ERR,ERR,ERR,ERR,ERR,ERR,ERR,ERR,ERR,ERR,ERR,ERR,ERR,ERR,ERR,ERR,ERR,ERR,ERR,ERR,ERR,ERR,ERR,ERR,ERR,ERR,ERR,ERR,ERR,ERR,ERR,ERR,ERR,ERR,ERR,ERR,ERR,ERR,ERR,ERR,ERR,ERR,ERR,ERR,ERR,ERR,ERR,ERR,ERR,ERR,ERR,ERR,ERR,ERR,ERR,ERR,ERR,ERR,ERR,ERR,ERR,ERR,ERR,ERR,ERR,ERR,ERR,ERR,ERR,0.0,0.0,-134474944.0,0.0,0.0,1.3936040501711995e+18,7.805,0.0,0,0,4,0,8422,0.0,45,0.0,0.0,0.0,0.0,0.0,0,0,0,0,0.0,0,0,0,0,0,0,0,0,0,0,0,0,0,0,0,0,0,0,0,0,0,0,0,0,0,0,0,0,0,0,0,0,0,38,14,7,45,65476,0,300,0,0,8,21553,0.0,-107605600.0,0.0,0.0,0.0,0.0,0.0,0.0,0.0,0.0,0.0,0.0,0.0,0.0,0.0,0.0,0.0,0.0,0.0,0.0,0.0,0.0,2.004,2.004,-0.0,0.0,0.0,0.0,0.0,0.0,4856.0,8608177152.0,0.0,0.0,0.0,-107615280.0,2.718429300292151e+23,0.0,0.0,0.0,0.0,53,-0.0,-0.0,0.0,0.0,0.0,0.0,0.0,0.0,0.0,0,0,0,0.0,0.0,0.0,0.0,0.0,0.0,0.0,0.0,0.0,0.0,0.0,0.0,0.0,0.0,0.0,0.0,0,-107875648.0,53,0.0,106,-107614832.0,-107351008.0,ERR,ERR,ERR,ERR,ERR,ERR,ERR,ERR,ERR,ERR,ERR,ERR,ERR,ERR,ERR,ERR,ERR,ERR,ERR,ERR,ERR,ERR,ERR,ERR,ERR,ERR,ERR,ERR,ERR,ERR,ERR,ERR,ERR,ERR,ERR,ERR,ERR,ERR,ERR,ERR,ERR,ERR,ERR,ERR,ERR,ERR,ERR,ERR,ERR,ERR,ERR,ERR,ERR,ERR,ERR,ERR,ERR,ERR,ERR,ERR,ERR,ERR,ERR,ERR,ERR,ERR,ERR,50.0,60.0,100,0.0,0.0,0.0,0.0,0.0,0.0,0.0,0.0,0.0,0.0,0.0,0.0,0.0,0.0,0.0,0.0,61.6,73,14,65513,50,65476,0,300,0,0,8,20529,65476,0,0,26214,60.0,0.0,0.0,0.0,0.0,0.0
2026-05-17T18:51:50,ERR,ERR,ERR,ERR,ERR,ERR,ERR,ERR,ERR,ERR,ERR,ERR,ERR,ERR,ERR,ERR,ERR,ERR,ERR,ERR,ERR,ERR,ERR,ERR,ERR,ERR,ERR,ERR,ERR,ERR,ERR,ERR,ERR,ERR,ERR,ERR,ERR,ERR,ERR,ERR,ERR,ERR,ERR,ERR,ERR,ERR,ERR,ERR,ERR,ERR,ERR,ERR,ERR,ERR,ERR,ERR,ERR,ERR,ERR,ERR,ERR,ERR,ERR,ERR,ERR,ERR,ERR,ERR,ERR,ERR,ERR,ERR,ERR,ERR,ERR,ERR,ERR,ERR,ERR,ERR,ERR,ERR,ERR,ERR,ERR,ERR,ERR,ERR,ERR,ERR,ERR,ERR,ERR,ERR,ERR,ERR,ERR,ERR,ERR,ERR,ERR,ERR,ERR,ERR,ERR,ERR,ERR,ERR,ERR,ERR,ERR,ERR,ERR,ERR,ERR,ERR,ERR,ERR,ERR,ERR,ERR,ERR,ERR,ERR,ERR,0.0,0.0,-134474944.0,0.0,0.0,1.3936040501711995e+18,7.805,0.0,0,0,4,0,8422,0.0,45,0.0,0.0,0.0,0.0,0.0,0,0,0,0,0.0,0,0,0,0,0,0,0,0,0,0,0,0,0,0,0,0,0,0,0,0,0,0,0,0,0,0,0,0,0,0,0,0,0,38,14,7,45,65476,0,300,0,0,8,21553,0.0,-107605600.0,0.0,0.0,0.0,0.0,0.0,0.0,0.0,0.0,0.0,0.0,0.0,0.0,0.0,0.0,0.0,0.0,0.0,0.0,0.0,0.0,2.004,2.004,-0.0,0.0,0.0,0.0,0.0,0.0,4856.0,8608177152.0,0.0,0.0,0.0,-107615280.0,2.718429300292151e+23,0.0,0.0,0.0,0.0,53,-0.0,-0.0,0.0,0.0,0.0,0.0,0.0,0.0,0.0,0,0,0,0.0,0.0,0.0,0.0,0.0,0.0,0.0,0.0,0.0,0.0,0.0,0.0,0.0,0.0,0.0,0.0,0,-107875648.0,53,0.0,106,-107614832.0,-107351008.0,ERR,ERR,ERR,ERR,ERR,ERR,ERR,ERR,ERR,ERR,ERR,ERR,ERR,ERR,ERR,ERR,ERR,ERR,ERR,ERR,ERR,ERR,ERR,ERR,ERR,ERR,ERR,ERR,ERR,ERR,ERR,ERR,ERR,ERR,ERR,ERR,ERR,ERR,ERR,ERR,ERR,ERR,ERR,ERR,ERR,ERR,ERR,ERR,ERR,ERR,ERR,ERR,ERR,ERR,ERR,ERR,ERR,ERR,ERR,ERR,ERR,ERR,ERR,ERR,ERR,ERR,ERR,50.0,60.0,100,0.0,0.0,0.0,0.0,0.0,0.0,0.0,0.0,0.0,0.0,0.0,0.0,0.0,0.0,0.0,0.0,62.0,73,14,65513,50,65476,0,300,0,0,8,20529,65476,0,0,26214,60.0,0.0,0.0,0.0,0.0,0.0
2026-05-17T18:51:51,ERR,ERR,ERR,ERR,ERR,ERR,ERR,ERR,ERR,ERR,ERR,ERR,ERR,ERR,ERR,ERR,ERR,ERR,ERR,ERR,ERR,ERR,ERR,ERR,ERR,ERR,ERR,ERR,ERR,ERR,ERR,ERR,ERR,ERR,ERR,ERR,ERR,ERR,ERR,ERR,ERR,ERR,ERR,ERR,ERR,ERR,ERR,ERR,ERR,ERR,ERR,ERR,ERR,ERR,ERR,ERR,ERR,ERR,ERR,ERR,ERR,ERR,ERR,ERR,ERR,ERR,ERR,ERR,ERR,ERR,ERR,ERR,ERR,ERR,ERR,ERR,ERR,ERR,ERR,ERR,ERR,ERR,ERR,ERR,ERR,ERR,ERR,ERR,ERR,ERR,ERR,ERR,ERR,ERR,ERR,ERR,ERR,ERR,ERR,ERR,ERR,ERR,ERR,ERR,ERR,ERR,ERR,ERR,ERR,ERR,ERR,ERR,ERR,ERR,ERR,ERR,ERR,ERR,ERR,ERR,ERR,ERR,ERR,ERR,ERR,0.0,0.0,-134474944.0,0.0,0.0,1.3936040501711995e+18,7.805,0.0,0,0,4,0,8422,0.0,45,0.0,0.0,0.0,0.0,0.0,0,0,0,0,0.0,0,0,0,0,0,0,0,0,0,0,0,0,0,0,0,0,0,0,0,0,0,0,0,0,0,0,0,0,0,0,0,0,0,38,14,7,45,65476,0,300,0,0,8,21553,0.0,-107605600.0,0.0,0.0,0.0,0.0,0.0,0.0,0.0,0.0,0.0,0.0,0.0,0.0,0.0,0.0,0.0,0.0,0.0,0.0,0.0,0.0,2.004,2.004,-0.0,0.0,0.0,0.0,0.0,0.0,4856.0,8608177152.0,0.0,0.0,0.0,-107615280.0,2.718429300292151e+23,0.0,0.0,0.0,0.0,53,-0.0,-0.0,0.0,0.0,0.0,0.0,0.0,0.0,0.0,0,0,0,0.0,0.0,0.0,0.0,0.0,0.0,0.0,0.0,0.0,0.0,0.0,0.0,0.0,0.0,0.0,0.0,0,-107875648.0,53,0.0,106,-107614832.0,-107351008.0,ERR,ERR,ERR,ERR,ERR,ERR,ERR,ERR,ERR,ERR,ERR,ERR,ERR,ERR,ERR,ERR,ERR,ERR,ERR,ERR,ERR,ERR,ERR,ERR,ERR,ERR,ERR,ERR,ERR,ERR,ERR,ERR,ERR,ERR,ERR,ERR,ERR,ERR,ERR,ERR,ERR,ERR,ERR,ERR,ERR,ERR,ERR,ERR,ERR,ERR,ERR,ERR,ERR,ERR,ERR,ERR,ERR,ERR,ERR,ERR,ERR,ERR,ERR,ERR,ERR,ERR,ERR,50.0,60.0,100,0.0,0.0,0.0,0.0,0.0,0.0,0.0,0.0,0.0,0.0,0.0,0.0,0.0,0.0,0.0,0.0,61.6,73,14,65513,50,65476,0,300,0,0,8,20529,65476,0,0,26214,60.0,0.0,0.0,0.0,0.0,0.0
2026-05-17T18:51:52,ERR,ERR,ERR,ERR,ERR,ERR,ERR,ERR,ERR,ERR,ERR,ERR,ERR,ERR,ERR,ERR,ERR,ERR,ERR,ERR,ERR,ERR,ERR,ERR,ERR,ERR,ERR,ERR,ERR,ERR,ERR,ERR,ERR,ERR,ERR,ERR,ERR,ERR,ERR,ERR,ERR,ERR,ERR,ERR,ERR,ERR,ERR,ERR,ERR,ERR,ERR,ERR,ERR,ERR,ERR,ERR,ERR,ERR,ERR,ERR,ERR,ERR,ERR,ERR,ERR,ERR,ERR,ERR,ERR,ERR,ERR,ERR,ERR,ERR,ERR,ERR,ERR,ERR,ERR,ERR,ERR,ERR,ERR,ERR,ERR,ERR,ERR,ERR,ERR,ERR,ERR,ERR,ERR,ERR,ERR,ERR,ERR,ERR,ERR,ERR,ERR,ERR,ERR,ERR,ERR,ERR,ERR,ERR,ERR,ERR,ERR,ERR,ERR,ERR,ERR,ERR,ERR,ERR,ERR,ERR,ERR,ERR,ERR,ERR,ERR,0.0,0.0,-134474944.0,0.0,0.0,1.3936040501711995e+18,7.805,0.0,0,0,4,0,8422,0.0,45,0.0,0.0,0.0,0.0,0.0,0,0,0,0,0.0,0,0,0,0,0,0,0,0,0,0,0,0,0,0,0,0,0,0,0,0,0,0,0,0,0,0,0,0,0,0,0,0,0,38,14,7,45,65476,0,300,0,0,8,21553,0.0,-107605600.0,0.0,0.0,0.0,0.0,0.0,0.0,0.0,0.0,0.0,0.0,0.0,0.0,0.0,0.0,0.0,0.0,0.0,0.0,0.0,0.0,2.004,2.004,-2.004,0.0,0.0,0.0,0.0,0.0,4859.0,0.0,0.0,0.0,0.0,0.0,2.718429300292151e+23,0.0,0.0,0.0,0.0,53,-0.0,-0.0,0.0,0.0,0.0,0.0,0.0,0.0,0.0,0,0,0,0.0,0.0,0.0,0.0,0.0,0.0,0.0,0.0,0.0,0.0,0.0,0.0,0.0,0.0,0.0,0.0,0,-107875648.0,53,0.0,106,-107614832.0,0.0,ERR,ERR,ERR,ERR,ERR,ERR,ERR,ERR,ERR,ERR,ERR,ERR,ERR,ERR,ERR,ERR,ERR,ERR,ERR,ERR,ERR,ERR,ERR,ERR,ERR,ERR,ERR,ERR,ERR,ERR,ERR,ERR,ERR,ERR,ERR,ERR,ERR,ERR,ERR,ERR,ERR,ERR,ERR,ERR,ERR,ERR,ERR,ERR,ERR,ERR,ERR,ERR,ERR,ERR,ERR,ERR,ERR,ERR,ERR,ERR,ERR,ERR,ERR,ERR,ERR,ERR,ERR,50.0,60.0,100,0.0,0.0,0.0,0.0,0.0,0.0,0.0,0.0,0.0,0.0,0.0,0.0,0.0,0.0,0.0,0.0,61.6,73,14,65513,50,65476,0,300,0,0,8,20529,65476,0,0,26214,60.0,0.0,0.0,0.0,0.0,0.0
2026-05-17T18:51:53,ERR,ERR,ERR,ERR,ERR,ERR,ERR,ERR,ERR,ERR,ERR,ERR,ERR,ERR,ERR,ERR,ERR,ERR,ERR,ERR,ERR,ERR,ERR,ERR,ERR,ERR,ERR,ERR,ERR,ERR,ERR,ERR,ERR,ERR,ERR,ERR,ERR,ERR,ERR,ERR,ERR,ERR,ERR,ERR,ERR,ERR,ERR,ERR,ERR,ERR,ERR,ERR,ERR,ERR,ERR,ERR,ERR,ERR,ERR,ERR,ERR,ERR,ERR,ERR,ERR,ERR,ERR,ERR,ERR,ERR,ERR,ERR,ERR,ERR,ERR,ERR,ERR,ERR,ERR,ERR,ERR,ERR,ERR,ERR,ERR,ERR,ERR,ERR,ERR,ERR,ERR,ERR,ERR,ERR,ERR,ERR,ERR,ERR,ERR,ERR,ERR,ERR,ERR,ERR,ERR,ERR,ERR,ERR,ERR,ERR,ERR,ERR,ERR,ERR,ERR,ERR,ERR,ERR,ERR,ERR,ERR,ERR,ERR,ERR,ERR,0.0,0.0,-134474944.0,0.0,0.0,1.3936040501711995e+18,7.805,0.0,0,0,4,0,8422,0.0,45,0.0,0.0,0.0,0.0,0.0,0,0,0,0,0.0,0,0,0,0,0,0,0,0,0,0,0,0,0,0,0,0,0,0,0,0,0,0,0,0,0,0,0,0,0,0,0,0,0,38,14,7,45,65476,0,300,0,0,8,21553,0.0,-107605600.0,0.0,0.0,0.0,0.0,0.0,0.0,0.0,0.0,0.0,0.0,0.0,0.0,0.0,0.0,0.0,0.0,0.0,0.0,0.0,0.0,2.004,2.004,-2.004,0.0,0.0,0.0,0.0,0.0,4859.0,0.0,0.0,0.0,0.0,0.0,2.718429300292151e+23,0.0,0.0,0.0,0.0,53,-0.0,-0.0,0.0,0.0,0.0,0.0,0.0,0.0,0.0,0,0,0,0.0,0.0,0.0,0.0,0.0,0.0,0.0,0.0,0.0,0.0,0.0,0.0,0.0,0.0,0.0,0.0,0,-107875648.0,53,0.0,106,-107614832.0,0.0,ERR,ERR,ERR,ERR,ERR,ERR,ERR,ERR,ERR,ERR,ERR,ERR,ERR,ERR,ERR,ERR,ERR,ERR,ERR,ERR,ERR,ERR,ERR,ERR,ERR,ERR,ERR,ERR,ERR,ERR,ERR,ERR,ERR,ERR,ERR,ERR,ERR,ERR,ERR,ERR,ERR,ERR,ERR,ERR,ERR,ERR,ERR,ERR,ERR,ERR,ERR,ERR,ERR,ERR,ERR,ERR,ERR,ERR,ERR,ERR,ERR,ERR,ERR,ERR,ERR,ERR,ERR,50.0,60.0,100,0.0,0.0,0.0,0.0,0.0,0.0,0.0,0.0,0.0,0.0,0.0,0.0,0.0,0.0,0.0,0.0,62.0,73,14,65513,50,65476,0,300,0,0,8,20529,65476,0,0,26214,60.0,0.0,0.0,0.0,0.0,0.0
2026-05-17T18:51:54,ERR,ERR,ERR,ERR,ERR,ERR,ERR,ERR,ERR,ERR,ERR,ERR,ERR,ERR,ERR,ERR,ERR,ERR,ERR,ERR,ERR,ERR,ERR,ERR,ERR,ERR,ERR,ERR,ERR,ERR,ERR,ERR,ERR,ERR,ERR,ERR,ERR,ERR,ERR,ERR,ERR,ERR,ERR,ERR,ERR,ERR,ERR,ERR,ERR,ERR,ERR,ERR,ERR,ERR,ERR,ERR,ERR,ERR,ERR,ERR,ERR,ERR,ERR,ERR,ERR,ERR,ERR,ERR,ERR,ERR,ERR,ERR,ERR,ERR,ERR,ERR,ERR,ERR,ERR,ERR,ERR,ERR,ERR,ERR,ERR,ERR,ERR,ERR,ERR,ERR,ERR,ERR,ERR,ERR,ERR,ERR,ERR,ERR,ERR,ERR,ERR,ERR,ERR,ERR,ERR,ERR,ERR,ERR,ERR,ERR,ERR,ERR,ERR,ERR,ERR,ERR,ERR,ERR,ERR,ERR,ERR,ERR,ERR,ERR,ERR,0.0,0.0,-134474944.0,0.0,0.0,1.3936040501711995e+18,7.805,0.0,0,0,4,0,8422,0.0,45,0.0,0.0,0.0,0.0,0.0,0,0,0,0,0.0,0,0,0,0,0,0,0,0,0,0,0,0,0,0,0,0,0,0,0,0,0,0,0,0,0,0,0,0,0,0,0,0,0,38,14,7,45,65476,0,300,0,0,8,21553,0.0,-107605600.0,0.0,0.0,0.0,0.0,0.0,0.0,0.0,0.0,0.0,0.0,0.0,0.0,0.0,0.0,0.0,0.0,0.0,0.0,0.0,0.0,2.004,2.004,-2.004,0.0,0.0,0.0,0.0,0.0,4859.0,0.0,0.0,0.0,0.0,0.0,2.718429300292151e+23,0.0,0.0,0.0,0.0,53,-0.0,-0.0,0.0,0.0,0.0,0.0,0.0,0.0,0.0,0,0,0,0.0,0.0,0.0,0.0,0.0,0.0,0.0,0.0,0.0,0.0,0.0,0.0,0.0,0.0,0.0,0.0,0,-107875648.0,53,0.0,106,-107614832.0,0.0,ERR,ERR,ERR,ERR,ERR,ERR,ERR,ERR,ERR,ERR,ERR,ERR,ERR,ERR,ERR,ERR,ERR,ERR,ERR,ERR,ERR,ERR,ERR,ERR,ERR,ERR,ERR,ERR,ERR,ERR,ERR,ERR,ERR,ERR,ERR,ERR,ERR,ERR,ERR,ERR,ERR,ERR,ERR,ERR,ERR,ERR,ERR,ERR,ERR,ERR,ERR,ERR,ERR,ERR,ERR,ERR,ERR,ERR,ERR,ERR,ERR,ERR,ERR,ERR,ERR,ERR,ERR,50.0,60.0,100,0.0,0.0,0.0,0.0,0.0,0.0,0.0,0.0,0.0,0.0,0.0,0.0,0.0,0.0,0.0,0.0,62.0,73,14,65513,50,65476,0,300,0,0,8,20529,65476,0,0,26214,60.0,0.0,0.0,0.0,0.0,0.0
2026-05-17T18:51:55,ERR,ERR,ERR,ERR,ERR,ERR,ERR,ERR,ERR,ERR,ERR,ERR,ERR,ERR,ERR,ERR,ERR,ERR,ERR,ERR,ERR,ERR,ERR,ERR,ERR,ERR,ERR,ERR,ERR,ERR,ERR,ERR,ERR,ERR,ERR,ERR,ERR,ERR,ERR,ERR,ERR,ERR,ERR,ERR,ERR,ERR,ERR,ERR,ERR,ERR,ERR,ERR,ERR,ERR,ERR,ERR,ERR,ERR,ERR,ERR,ERR,ERR,ERR,ERR,ERR,ERR,ERR,ERR,ERR,ERR,ERR,ERR,ERR,ERR,ERR,ERR,ERR,ERR,ERR,ERR,ERR,ERR,ERR,ERR,ERR,ERR,ERR,ERR,ERR,ERR,ERR,ERR,ERR,ERR,ERR,ERR,ERR,ERR,ERR,ERR,ERR,ERR,ERR,ERR,ERR,ERR,ERR,ERR,ERR,ERR,ERR,ERR,ERR,ERR,ERR,ERR,ERR,ERR,ERR,ERR,ERR,ERR,ERR,ERR,ERR,0.0,0.0,-134474944.0,0.0,0.0,1.3936040501711995e+18,7.805,0.0,0,0,4,0,8422,0.0,45,0.0,0.0,0.0,0.0,0.0,0,0,0,0,0.0,0,0,0,0,0,0,0,0,0,0,0,0,0,0,0,0,0,0,0,0,0,0,0,0,0,0,0,0,0,0,0,0,0,38,14,7,45,65476,0,300,0,0,8,21553,0.0,-107605600.0,0.0,0.0,0.0,0.0,0.0,0.0,0.0,0.0,0.0,0.0,0.0,0.0,0.0,0.0,0.0,0.0,0.0,0.0,0.0,0.0,2.004,2.004,-2.004,0.0,0.0,0.0,0.0,0.0,4859.0,0.0,0.0,0.0,0.0,0.0,2.718429300292151e+23,0.0,0.0,0.0,0.0,53,-0.0,-0.0,0.0,0.0,0.0,0.0,0.0,0.0,0.0,0,0,0,0.0,0.0,0.0,0.0,0.0,0.0,0.0,0.0,0.0,0.0,0.0,0.0,0.0,0.0,0.0,0.0,0,-107875648.0,53,0.0,106,-107614832.0,0.0,ERR,ERR,ERR,ERR,ERR,ERR,ERR,ERR,ERR,ERR,ERR,ERR,ERR,ERR,ERR,ERR,ERR,ERR,ERR,ERR,ERR,ERR,ERR,ERR,ERR,ERR,ERR,ERR,ERR,ERR,ERR,ERR,ERR,ERR,ERR,ERR,ERR,ERR,ERR,ERR,ERR,ERR,ERR,ERR,ERR,ERR,ERR,ERR,ERR,ERR,ERR,ERR,ERR,ERR,ERR,ERR,ERR,ERR,ERR,ERR,ERR,ERR,ERR,ERR,ERR,ERR,ERR,50.0,60.0,100,0.0,0.0,0.0,0.0,0.0,0.0,0.0,0.0,0.0,0.0,0.0,0.0,0.0,0.0,0.0,0.0,61.6,73,14,65513,50,65476,0,300,0,0,8,20529,65476,0,0,26214,60.0,0.0,0.0,0.0,0.0,0.0
2026-05-17T18:51:56,ERR,ERR,ERR,ERR,ERR,ERR,ERR,ERR,ERR,ERR,ERR,ERR,ERR,ERR,ERR,ERR,ERR,ERR,ERR,ERR,ERR,ERR,ERR,ERR,ERR,ERR,ERR,ERR,ERR,ERR,ERR,ERR,ERR,ERR,ERR,ERR,ERR,ERR,ERR,ERR,ERR,ERR,ERR,ERR,ERR,ERR,ERR,ERR,ERR,ERR,ERR,ERR,ERR,ERR,ERR,ERR,ERR,ERR,ERR,ERR,ERR,ERR,ERR,ERR,ERR,ERR,ERR,ERR,ERR,ERR,ERR,ERR,ERR,ERR,ERR,ERR,ERR,ERR,ERR,ERR,ERR,ERR,ERR,ERR,ERR,ERR,ERR,ERR,ERR,ERR,ERR,ERR,ERR,ERR,ERR,ERR,ERR,ERR,ERR,ERR,ERR,ERR,ERR,ERR,ERR,ERR,ERR,ERR,ERR,ERR,ERR,ERR,ERR,ERR,ERR,ERR,ERR,ERR,ERR,ERR,ERR,ERR,ERR,ERR,ERR,0.0,0.0,-134474944.0,0.0,0.0,1.3936040501711995e+18,7.805,0.0,0,0,4,0,8422,0.0,45,0.0,0.0,0.0,0.0,0.0,0,0,0,0,0.0,0,0,0,0,0,0,0,0,0,0,0,0,0,0,0,0,0,0,0,0,0,0,0,0,0,0,0,0,0,0,0,0,0,38,14,7,45,65476,0,300,0,0,8,21553,0.0,-107605600.0,0.0,0.0,0.0,0.0,0.0,0.0,0.0,0.0,0.0,0.0,0.0,0.0,0.0,0.0,0.0,0.0,0.0,0.0,0.0,0.0,2.004,2.004,-2.004,0.0,0.0,0.0,0.0,0.0,4859.0,0.0,0.0,0.0,0.0,0.0,2.718429300292151e+23,0.0,0.0,0.0,0.0,53,-0.0,-0.0,0.0,0.0,0.0,0.0,0.0,0.0,0.0,0,0,0,0.0,0.0,0.0,0.0,0.0,0.0,0.0,0.0,0.0,0.0,0.0,0.0,0.0,0.0,0.0,0.0,0,-107875648.0,53,0.0,106,-107614832.0,0.0,ERR,ERR,ERR,ERR,ERR,ERR,ERR,ERR,ERR,ERR,ERR,ERR,ERR,ERR,ERR,ERR,ERR,ERR,ERR,ERR,ERR,ERR,ERR,ERR,ERR,ERR,ERR,ERR,ERR,ERR,ERR,ERR,ERR,ERR,ERR,ERR,ERR,ERR,ERR,ERR,ERR,ERR,ERR,ERR,ERR,ERR,ERR,ERR,ERR,ERR,ERR,ERR,ERR,ERR,ERR,ERR,ERR,ERR,ERR,ERR,ERR,ERR,ERR,ERR,ERR,ERR,ERR,50.0,60.0,100,0.0,0.0,0.0,0.0,0.0,0.0,0.0,0.0,0.0,0.0,0.0,0.0,0.0,0.0,0.0,0.0,61.6,73,14,65513,50,65476,0,300,0,0,8,20529,65476,0,0,26214,60.0,0.0,0.0,0.0,0.0,0.0
2026-05-17T18:51:57,ERR,ERR,ERR,ERR,ERR,ERR,ERR,ERR,ERR,ERR,ERR,ERR,ERR,ERR,ERR,ERR,ERR,ERR,ERR,ERR,ERR,ERR,ERR,ERR,ERR,ERR,ERR,ERR,ERR,ERR,ERR,ERR,ERR,ERR,ERR,ERR,ERR,ERR,ERR,ERR,ERR,ERR,ERR,ERR,ERR,ERR,ERR,ERR,ERR,ERR,ERR,ERR,ERR,ERR,ERR,ERR,ERR,ERR,ERR,ERR,ERR,ERR,ERR,ERR,ERR,ERR,ERR,ERR,ERR,ERR,ERR,ERR,ERR,ERR,ERR,ERR,ERR,ERR,ERR,ERR,ERR,ERR,ERR,ERR,ERR,ERR,ERR,ERR,ERR,ERR,ERR,ERR,ERR,ERR,ERR,ERR,ERR,ERR,ERR,ERR,ERR,ERR,ERR,ERR,ERR,ERR,ERR,ERR,ERR,ERR,ERR,ERR,ERR,ERR,ERR,ERR,ERR,ERR,ERR,ERR,ERR,ERR,ERR,ERR,ERR,0.0,0.0,-134474944.0,0.0,0.0,1.3936040501711995e+18,7.805,0.0,0,0,4,0,8422,0.0,45,0.0,0.0,0.0,0.0,0.0,0,0,0,0,0.0,0,0,0,0,0,0,0,0,0,0,0,0,0,0,0,0,0,0,0,0,0,0,0,0,0,0,0,0,0,0,0,0,0,38,14,7,45,65476,0,300,0,0,8,21553,0.0,-107605600.0,0.0,0.0,0.0,0.0,0.0,0.0,0.0,0.0,0.0,0.0,0.0,0.0,0.0,0.0,0.0,0.0,0.0,0.0,0.0,0.0,2.004,2.004,-0.0,0.0,0.0,0.0,0.0,0.0,4829.0,-2.422986175150025e+24,0.0,0.0,0.0,-107615280.0,2.718429300292151e+23,0.0,0.0,0.0,0.0,53,-0.0,0.0,0.0,0.0,0.0,0.0,0.0,0.0,0.0,0,0,0,0.0,0.0,0.0,0.0,0.0,0.0,0.0,0.0,0.0,0.0,0.0,0.0,0.0,0.0,0.0,0.0,0,-107875648.0,53,0.0,106,-107614832.0,0.0,ERR,ERR,ERR,ERR,ERR,ERR,ERR,ERR,ERR,ERR,ERR,ERR,ERR,ERR,ERR,ERR,ERR,ERR,ERR,ERR,ERR,ERR,ERR,ERR,ERR,ERR,ERR,ERR,ERR,ERR,ERR,ERR,ERR,ERR,ERR,ERR,ERR,ERR,ERR,ERR,ERR,ERR,ERR,ERR,ERR,ERR,ERR,ERR,ERR,ERR,ERR,ERR,ERR,ERR,ERR,ERR,ERR,ERR,ERR,ERR,ERR,ERR,ERR,ERR,ERR,ERR,ERR,50.0,60.0,100,0.0,0.0,0.0,0.0,0.0,0.0,0.0,0.0,0.0,0.0,0.0,0.0,0.0,0.0,0.0,0.0,61.6,73,14,65513,50,65476,0,300,0,0,8,20529,65476,0,0,26214,60.0,0.0,0.0,0.0,0.0,0.0
2026-05-17T18:51:58,ERR,ERR,ERR,ERR,ERR,ERR,ERR,ERR,ERR,ERR,ERR,ERR,ERR,ERR,ERR,ERR,ERR,ERR,ERR,ERR,ERR,ERR,ERR,ERR,ERR,ERR,ERR,ERR,ERR,ERR,ERR,ERR,ERR,ERR,ERR,ERR,ERR,ERR,ERR,ERR,ERR,ERR,ERR,ERR,ERR,ERR,ERR,ERR,ERR,ERR,ERR,ERR,ERR,ERR,ERR,ERR,ERR,ERR,ERR,ERR,ERR,ERR,ERR,ERR,ERR,ERR,ERR,ERR,ERR,ERR,ERR,ERR,ERR,ERR,ERR,ERR,ERR,ERR,ERR,ERR,ERR,ERR,ERR,ERR,ERR,ERR,ERR,ERR,ERR,ERR,ERR,ERR,ERR,ERR,ERR,ERR,ERR,ERR,ERR,ERR,ERR,ERR,ERR,ERR,ERR,ERR,ERR,ERR,ERR,ERR,ERR,ERR,ERR,ERR,ERR,ERR,ERR,ERR,ERR,ERR,ERR,ERR,ERR,ERR,ERR,0.0,0.0,-134474944.0,0.0,0.0,1.3936040501711995e+18,7.805,0.0,0,0,4,0,8422,0.0,45,0.0,0.0,0.0,0.0,0.0,0,0,0,0,0.0,0,0,0,0,0,0,0,0,0,0,0,0,0,0,0,0,0,0,0,0,0,0,0,0,0,0,0,0,0,0,0,0,0,38,14,7,45,65476,0,300,0,0,8,21553,0.0,-107605600.0,0.0,0.0,0.0,0.0,0.0,0.0,0.0,0.0,0.0,0.0,0.0,0.0,0.0,0.0,0.0,0.0,0.0,0.0,0.0,0.0,2.004,2.004,-0.0,0.0,0.0,0.0,0.0,0.0,4829.0,-2.422986175150025e+24,0.0,0.0,0.0,-107615280.0,2.718429300292151e+23,0.0,0.0,0.0,0.0,53,-0.0,0.0,0.0,0.0,0.0,0.0,0.0,0.0,0.0,0,0,0,0.0,0.0,0.0,0.0,0.0,0.0,0.0,0.0,0.0,0.0,0.0,0.0,0.0,0.0,0.0,0.0,0,-107875648.0,53,0.0,106,-107614832.0,0.0,ERR,ERR,ERR,ERR,ERR,ERR,ERR,ERR,ERR,ERR,ERR,ERR,ERR,ERR,ERR,ERR,ERR,ERR,ERR,ERR,ERR,ERR,ERR,ERR,ERR,ERR,ERR,ERR,ERR,ERR,ERR,ERR,ERR,ERR,ERR,ERR,ERR,ERR,ERR,ERR,ERR,ERR,ERR,ERR,ERR,ERR,ERR,ERR,ERR,ERR,ERR,ERR,ERR,ERR,ERR,ERR,ERR,ERR,ERR,ERR,ERR,ERR,ERR,ERR,ERR,ERR,ERR,50.0,60.0,100,0.0,0.0,0.0,0.0,0.0,0.0,0.0,0.0,0.0,0.0,0.0,0.0,0.0,0.0,0.0,0.0,61.6,73,14,65513,50,65476,0,300,0,0,8,20529,65476,0,0,26214,60.0,0.0,0.0,0.0,0.0,0.0
2026-05-17T18:51:59,ERR,ERR,ERR,ERR,ERR,ERR,ERR,ERR,ERR,ERR,ERR,ERR,ERR,ERR,ERR,ERR,ERR,ERR,ERR,ERR,ERR,ERR,ERR,ERR,ERR,ERR,ERR,ERR,ERR,ERR,ERR,ERR,ERR,ERR,ERR,ERR,ERR,ERR,ERR,ERR,ERR,ERR,ERR,ERR,ERR,ERR,ERR,ERR,ERR,ERR,ERR,ERR,ERR,ERR,ERR,ERR,ERR,ERR,ERR,ERR,ERR,ERR,ERR,ERR,ERR,ERR,ERR,ERR,ERR,ERR,ERR,ERR,ERR,ERR,ERR,ERR,ERR,ERR,ERR,ERR,ERR,ERR,ERR,ERR,ERR,ERR,ERR,ERR,ERR,ERR,ERR,ERR,ERR,ERR,ERR,ERR,ERR,ERR,ERR,ERR,ERR,ERR,ERR,ERR,ERR,ERR,ERR,ERR,ERR,ERR,ERR,ERR,ERR,ERR,ERR,ERR,ERR,ERR,ERR,ERR,ERR,ERR,ERR,ERR,ERR,0.0,0.0,-134474944.0,0.0,0.0,1.3936040501711995e+18,7.805,0.0,0,0,4,0,8422,0.0,45,0.0,0.0,0.0,0.0,0.0,0,0,0,0,0.0,0,0,0,0,0,0,0,0,0,0,0,0,0,0,0,0,0,0,0,0,0,0,0,0,0,0,0,0,0,0,0,0,0,38,14,7,45,65476,0,300,0,0,8,21553,0.0,-107605600.0,0.0,0.0,0.0,0.0,0.0,0.0,0.0,0.0,0.0,0.0,0.0,0.0,0.0,0.0,0.0,0.0,0.0,0.0,0.0,0.0,2.004,2.004,-0.0,0.0,0.0,0.0,0.0,0.0,4829.0,-2.422986175150025e+24,0.0,0.0,0.0,-107615280.0,2.718429300292151e+23,0.0,0.0,0.0,0.0,53,-0.0,0.0,0.0,0.0,0.0,0.0,0.0,0.0,0.0,0,0,0,0.0,0.0,0.0,0.0,0.0,0.0,0.0,0.0,0.0,0.0,0.0,0.0,0.0,0.0,0.0,0.0,0,-107875648.0,53,0.0,106,-107614832.0,0.0,ERR,ERR,ERR,ERR,ERR,ERR,ERR,ERR,ERR,ERR,ERR,ERR,ERR,ERR,ERR,ERR,ERR,ERR,ERR,ERR,ERR,ERR,ERR,ERR,ERR,ERR,ERR,ERR,ERR,ERR,ERR,ERR,ERR,ERR,ERR,ERR,ERR,ERR,ERR,ERR,ERR,ERR,ERR,ERR,ERR,ERR,ERR,ERR,ERR,ERR,ERR,ERR,ERR,ERR,ERR,ERR,ERR,ERR,ERR,ERR,ERR,ERR,ERR,ERR,ERR,ERR,ERR,50.0,60.0,100,0.0,0.0,0.0,0.0,0.0,0.0,0.0,0.0,0.0,0.0,0.0,0.0,0.0,0.0,0.0,0.0,61.6,73,14,65513,50,65476,0,300,0,0,8,20529,65476,0,0,26214,60.0,0.0,0.0,0.0,0.0,0.0
2026-05-17T18:52:00,ERR,ERR,ERR,ERR,ERR,ERR,ERR,ERR,ERR,ERR,ERR,ERR,ERR,ERR,ERR,ERR,ERR,ERR,ERR,ERR,ERR,ERR,ERR,ERR,ERR,ERR,ERR,ERR,ERR,ERR,ERR,ERR,ERR,ERR,ERR,ERR,ERR,ERR,ERR,ERR,ERR,ERR,ERR,ERR,ERR,ERR,ERR,ERR,ERR,ERR,ERR,ERR,ERR,ERR,ERR,ERR,ERR,ERR,ERR,ERR,ERR,ERR,ERR,ERR,ERR,ERR,ERR,ERR,ERR,ERR,ERR,ERR,ERR,ERR,ERR,ERR,ERR,ERR,ERR,ERR,ERR,ERR,ERR,ERR,ERR,ERR,ERR,ERR,ERR,ERR,ERR,ERR,ERR,ERR,ERR,ERR,ERR,ERR,ERR,ERR,ERR,ERR,ERR,ERR,ERR,ERR,ERR,ERR,ERR,ERR,ERR,ERR,ERR,ERR,ERR,ERR,ERR,ERR,ERR,ERR,ERR,ERR,ERR,ERR,ERR,0.0,0.0,-134474944.0,0.0,0.0,1.3936040501711995e+18,7.805,0.0,0,0,4,0,8422,0.0,45,0.0,0.0,0.0,0.0,0.0,0,0,0,0,0.0,0,0,0,0,0,0,0,0,0,0,0,0,0,0,0,0,0,0,0,0,0,0,0,0,0,0,0,0,0,0,0,0,0,38,14,7,45,65476,0,300,0,0,8,21553,0.0,-107605600.0,0.0,0.0,0.0,0.0,0.0,0.0,0.0,0.0,0.0,0.0,0.0,0.0,0.0,0.0,0.0,0.0,0.0,0.0,0.0,0.0,2.004,2.004,-0.0,0.0,0.0,0.0,0.0,0.0,4829.0,-2.422986175150025e+24,0.0,0.0,0.0,-107615280.0,2.718429300292151e+23,0.0,0.0,0.0,0.0,53,-0.0,0.0,0.0,0.0,0.0,0.0,0.0,0.0,0.0,0,0,0,0.0,0.0,0.0,0.0,0.0,0.0,0.0,0.0,0.0,0.0,0.0,0.0,0.0,0.0,0.0,0.0,0,-107875648.0,53,0.0,106,-107614832.0,0.0,ERR,ERR,ERR,ERR,ERR,ERR,ERR,ERR,ERR,ERR,ERR,ERR,ERR,ERR,ERR,ERR,ERR,ERR,ERR,ERR,ERR,ERR,ERR,ERR,ERR,ERR,ERR,ERR,ERR,ERR,ERR,ERR,ERR,ERR,ERR,ERR,ERR,ERR,ERR,ERR,ERR,ERR,ERR,ERR,ERR,ERR,ERR,ERR,ERR,ERR,ERR,ERR,ERR,ERR,ERR,ERR,ERR,ERR,ERR,ERR,ERR,ERR,ERR,ERR,ERR,ERR,ERR,50.0,60.0,100,0.0,0.0,0.0,0.0,0.0,0.0,0.0,0.0,0.0,0.0,0.0,0.0,0.0,0.0,0.0,0.0,61.6,73,14,65513,50,65476,0,300,0,0,8,20529,65476,0,0,26214,60.0,0.0,0.0,0.0,0.0,0.0
2026-05-17T18:52:01,ERR,ERR,ERR,ERR,ERR,ERR,ERR,ERR,ERR,ERR,ERR,ERR,ERR,ERR,ERR,ERR,ERR,ERR,ERR,ERR,ERR,ERR,ERR,ERR,ERR,ERR,ERR,ERR,ERR,ERR,ERR,ERR,ERR,ERR,ERR,ERR,ERR,ERR,ERR,ERR,ERR,ERR,ERR,ERR,ERR,ERR,ERR,ERR,ERR,ERR,ERR,ERR,ERR,ERR,ERR,ERR,ERR,ERR,ERR,ERR,ERR,ERR,ERR,ERR,ERR,ERR,ERR,ERR,ERR,ERR,ERR,ERR,ERR,ERR,ERR,ERR,ERR,ERR,ERR,ERR,ERR,ERR,ERR,ERR,ERR,ERR,ERR,ERR,ERR,ERR,ERR,ERR,ERR,ERR,ERR,ERR,ERR,ERR,ERR,ERR,ERR,ERR,ERR,ERR,ERR,ERR,ERR,ERR,ERR,ERR,ERR,ERR,ERR,ERR,ERR,ERR,ERR,ERR,ERR,ERR,ERR,ERR,ERR,ERR,ERR,0.0,0.0,-134474944.0,0.0,0.0,1.3936040501711995e+18,7.805,0.0,0,0,4,0,8422,0.0,45,0.0,0.0,0.0,0.0,0.0,0,0,0,0,0.0,0,0,0,0,0,0,0,0,0,0,0,0,0,0,0,0,0,0,0,0,0,0,0,0,0,0,0,0,0,0,0,0,0,38,14,7,45,65476,0,300,0,0,8,21553,0.0,-107605600.0,0.0,0.0,0.0,0.0,0.0,0.0,0.0,0.0,0.0,0.0,0.0,0.0,0.0,0.0,0.0,0.0,0.0,0.0,0.0,0.0,2.004,2.004,-0.0,0.0,0.0,0.0,0.0,0.0,4829.0,-2.422986175150025e+24,0.0,0.0,0.0,-107615280.0,2.718429300292151e+23,0.0,0.0,0.0,0.0,53,-0.0,0.0,0.0,0.0,0.0,0.0,0.0,0.0,0.0,0,0,0,0.0,0.0,0.0,0.0,0.0,0.0,0.0,0.0,0.0,0.0,0.0,0.0,0.0,0.0,0.0,0.0,0,-107875648.0,53,0.0,106,-107614832.0,0.0,ERR,ERR,ERR,ERR,ERR,ERR,ERR,ERR,ERR,ERR,ERR,ERR,ERR,ERR,ERR,ERR,ERR,ERR,ERR,ERR,ERR,ERR,ERR,ERR,ERR,ERR,ERR,ERR,ERR,ERR,ERR,ERR,ERR,ERR,ERR,ERR,ERR,ERR,ERR,ERR,ERR,ERR,ERR,ERR,ERR,ERR,ERR,ERR,ERR,ERR,ERR,ERR,ERR,ERR,ERR,ERR,ERR,ERR,ERR,ERR,ERR,ERR,ERR,ERR,ERR,ERR,ERR,50.0,60.0,100,0.0,0.0,0.0,0.0,0.0,0.0,0.0,0.0,0.0,0.0,0.0,0.0,0.0,0.0,0.0,0.0,61.6,73,14,65513,50,65476,0,300,0,0,8,20529,65476,0,0,26214,60.0,0.0,0.0,0.0,0.0,0.0
2026-05-17T18:52:02,ERR,ERR,ERR,ERR,ERR,ERR,ERR,ERR,ERR,ERR,ERR,ERR,ERR,ERR,ERR,ERR,ERR,ERR,ERR,ERR,ERR,ERR,ERR,ERR,ERR,ERR,ERR,ERR,ERR,ERR,ERR,ERR,ERR,ERR,ERR,ERR,ERR,ERR,ERR,ERR,ERR,ERR,ERR,ERR,ERR,ERR,ERR,ERR,ERR,ERR,ERR,ERR,ERR,ERR,ERR,ERR,ERR,ERR,ERR,ERR,ERR,ERR,ERR,ERR,ERR,ERR,ERR,ERR,ERR,ERR,ERR,ERR,ERR,ERR,ERR,ERR,ERR,ERR,ERR,ERR,ERR,ERR,ERR,ERR,ERR,ERR,ERR,ERR,ERR,ERR,ERR,ERR,ERR,ERR,ERR,ERR,ERR,ERR,ERR,ERR,ERR,ERR,ERR,ERR,ERR,ERR,ERR,ERR,ERR,ERR,ERR,ERR,ERR,ERR,ERR,ERR,ERR,ERR,ERR,ERR,ERR,ERR,ERR,ERR,ERR,0.0,0.0,-134474944.0,0.0,0.0,1.3936040501711995e+18,7.805,0.0,0,0,4,0,8422,0.0,45,0.0,0.0,0.0,0.0,0.0,0,0,0,0,0.0,0,0,0,0,0,0,0,0,0,0,0,0,0,0,0,0,0,0,0,0,0,0,0,0,0,0,0,0,0,0,0,0,0,38,14,7,45,65476,0,300,0,0,8,21553,0.0,-107605600.0,0.0,0.0,0.0,0.0,0.0,0.0,0.0,0.0,0.0,0.0,0.0,0.0,0.0,0.0,0.0,0.0,0.0,0.0,0.0,0.0,2.004,2.004,-0.0,0.0,0.0,0.0,0.0,0.0,4853.0,131350.359,0.0,0.0,0.0,0.0,2.718429300292151e+23,0.0,0.0,0.0,0.0,53,-0.0,-0.0,0.0,0.0,0.0,0.0,0.0,0.0,0.0,0,0,0,0.0,0.0,0.0,0.0,0.0,0.0,0.0,0.0,0.0,0.0,0.0,0.0,0.0,0.0,0.0,0.0,0,-107875648.0,53,0.0,106,-107614832.0,0.0,ERR,ERR,ERR,ERR,ERR,ERR,ERR,ERR,ERR,ERR,ERR,ERR,ERR,ERR,ERR,ERR,ERR,ERR,ERR,ERR,ERR,ERR,ERR,ERR,ERR,ERR,ERR,ERR,ERR,ERR,ERR,ERR,ERR,ERR,ERR,ERR,ERR,ERR,ERR,ERR,ERR,ERR,ERR,ERR,ERR,ERR,ERR,ERR,ERR,ERR,ERR,ERR,ERR,ERR,ERR,ERR,ERR,ERR,ERR,ERR,ERR,ERR,ERR,ERR,ERR,ERR,ERR,50.0,60.0,100,0.0,0.0,0.0,0.0,0.0,0.0,0.0,0.0,0.0,0.0,0.0,0.0,0.0,0.0,0.0,0.0,62.0,73,14,65513,50,65476,0,300,0,0,8,20529,65476,0,0,26214,60.0,0.0,0.0,0.0,0.0,0.0
2026-05-17T18:52:03,ERR,ERR,ERR,ERR,ERR,ERR,ERR,ERR,ERR,ERR,ERR,ERR,ERR,ERR,ERR,ERR,ERR,ERR,ERR,ERR,ERR,ERR,ERR,ERR,ERR,ERR,ERR,ERR,ERR,ERR,ERR,ERR,ERR,ERR,ERR,ERR,ERR,ERR,ERR,ERR,ERR,ERR,ERR,ERR,ERR,ERR,ERR,ERR,ERR,ERR,ERR,ERR,ERR,ERR,ERR,ERR,ERR,ERR,ERR,ERR,ERR,ERR,ERR,ERR,ERR,ERR,ERR,ERR,ERR,ERR,ERR,ERR,ERR,ERR,ERR,ERR,ERR,ERR,ERR,ERR,ERR,ERR,ERR,ERR,ERR,ERR,ERR,ERR,ERR,ERR,ERR,ERR,ERR,ERR,ERR,ERR,ERR,ERR,ERR,ERR,ERR,ERR,ERR,ERR,ERR,ERR,ERR,ERR,ERR,ERR,ERR,ERR,ERR,ERR,ERR,ERR,ERR,ERR,ERR,ERR,ERR,ERR,ERR,ERR,ERR,0.0,0.0,-134474944.0,0.0,0.0,1.3936040501711995e+18,7.805,0.0,0,0,4,0,8422,0.0,45,0.0,0.0,0.0,0.0,0.0,0,0,0,0,0.0,0,0,0,0,0,0,0,0,0,0,0,0,0,0,0,0,0,0,0,0,0,0,0,0,0,0,0,0,0,0,0,0,0,38,14,7,45,65476,0,300,0,0,8,21553,0.0,-107605600.0,0.0,0.0,0.0,0.0,0.0,0.0,0.0,0.0,0.0,0.0,0.0,0.0,0.0,0.0,0.0,0.0,0.0,0.0,0.0,0.0,2.004,2.004,-0.0,0.0,0.0,0.0,0.0,0.0,4853.0,131350.359,0.0,0.0,0.0,0.0,2.718429300292151e+23,0.0,0.0,0.0,0.0,53,-0.0,-0.0,0.0,0.0,0.0,0.0,0.0,0.0,0.0,0,0,0,0.0,0.0,0.0,0.0,0.0,0.0,0.0,0.0,0.0,0.0,0.0,0.0,0.0,0.0,0.0,0.0,0,-107875648.0,53,0.0,106,-107614832.0,0.0,ERR,ERR,ERR,ERR,ERR,ERR,ERR,ERR,ERR,ERR,ERR,ERR,ERR,ERR,ERR,ERR,ERR,ERR,ERR,ERR,ERR,ERR,ERR,ERR,ERR,ERR,ERR,ERR,ERR,ERR,ERR,ERR,ERR,ERR,ERR,ERR,ERR,ERR,ERR,ERR,ERR,ERR,ERR,ERR,ERR,ERR,ERR,ERR,ERR,ERR,ERR,ERR,ERR,ERR,ERR,ERR,ERR,ERR,ERR,ERR,ERR,ERR,ERR,ERR,ERR,ERR,ERR,50.0,60.0,100,0.0,0.0,0.0,0.0,0.0,0.0,0.0,0.0,0.0,0.0,0.0,0.0,0.0,0.0,0.0,0.0,62.0,73,14,65513,50,65476,0,300,0,0,8,20529,65476,0,0,26214,60.0,0.0,0.0,0.0,0.0,0.0
2026-05-17T18:52:04,ERR,ERR,ERR,ERR,ERR,ERR,ERR,ERR,ERR,ERR,ERR,ERR,ERR,ERR,ERR,ERR,ERR,ERR,ERR,ERR,ERR,ERR,ERR,ERR,ERR,ERR,ERR,ERR,ERR,ERR,ERR,ERR,ERR,ERR,ERR,ERR,ERR,ERR,ERR,ERR,ERR,ERR,ERR,ERR,ERR,ERR,ERR,ERR,ERR,ERR,ERR,ERR,ERR,ERR,ERR,ERR,ERR,ERR,ERR,ERR,ERR,ERR,ERR,ERR,ERR,ERR,ERR,ERR,ERR,ERR,ERR,ERR,ERR,ERR,ERR,ERR,ERR,ERR,ERR,ERR,ERR,ERR,ERR,ERR,ERR,ERR,ERR,ERR,ERR,ERR,ERR,ERR,ERR,ERR,ERR,ERR,ERR,ERR,ERR,ERR,ERR,ERR,ERR,ERR,ERR,ERR,ERR,ERR,ERR,ERR,ERR,ERR,ERR,ERR,ERR,ERR,ERR,ERR,ERR,ERR,ERR,ERR,ERR,ERR,ERR,0.0,0.0,-134474944.0,0.0,0.0,1.3936040501711995e+18,7.805,0.0,0,0,4,0,8422,0.0,45,0.0,0.0,0.0,0.0,0.0,0,0,0,0,0.0,0,0,0,0,0,0,0,0,0,0,0,0,0,0,0,0,0,0,0,0,0,0,0,0,0,0,0,0,0,0,0,0,0,38,14,7,45,65476,0,300,0,0,8,21553,0.0,-107605600.0,0.0,0.0,0.0,0.0,0.0,0.0,0.0,0.0,0.0,0.0,0.0,0.0,0.0,0.0,0.0,0.0,0.0,0.0,0.0,0.0,2.004,2.004,-0.0,0.0,0.0,0.0,0.0,0.0,4853.0,131350.359,0.0,0.0,0.0,0.0,2.718429300292151e+23,0.0,0.0,0.0,0.0,53,-0.0,-0.0,0.0,0.0,0.0,0.0,0.0,0.0,0.0,0,0,0,0.0,0.0,0.0,0.0,0.0,0.0,0.0,0.0,0.0,0.0,0.0,0.0,0.0,0.0,0.0,0.0,0,-107875648.0,53,0.0,106,-107614832.0,0.0,ERR,ERR,ERR,ERR,ERR,ERR,ERR,ERR,ERR,ERR,ERR,ERR,ERR,ERR,ERR,ERR,ERR,ERR,ERR,ERR,ERR,ERR,ERR,ERR,ERR,ERR,ERR,ERR,ERR,ERR,ERR,ERR,ERR,ERR,ERR,ERR,ERR,ERR,ERR,ERR,ERR,ERR,ERR,ERR,ERR,ERR,ERR,ERR,ERR,ERR,ERR,ERR,ERR,ERR,ERR,ERR,ERR,ERR,ERR,ERR,ERR,ERR,ERR,ERR,ERR,ERR,ERR,50.0,60.0,100,0.0,0.0,0.0,0.0,0.0,0.0,0.0,0.0,0.0,0.0,0.0,0.0,0.0,0.0,0.0,0.0,61.6,73,14,65513,50,65476,0,300,0,0,8,20529,65476,0,0,26214,60.0,0.0,0.0,0.0,0.0,0.0
2026-05-17T18:52:05,ERR,ERR,ERR,ERR,ERR,ERR,ERR,ERR,ERR,ERR,ERR,ERR,ERR,ERR,ERR,ERR,ERR,ERR,ERR,ERR,ERR,ERR,ERR,ERR,ERR,ERR,ERR,ERR,ERR,ERR,ERR,ERR,ERR,ERR,ERR,ERR,ERR,ERR,ERR,ERR,ERR,ERR,ERR,ERR,ERR,ERR,ERR,ERR,ERR,ERR,ERR,ERR,ERR,ERR,ERR,ERR,ERR,ERR,ERR,ERR,ERR,ERR,ERR,ERR,ERR,ERR,ERR,ERR,ERR,ERR,ERR,ERR,ERR,ERR,ERR,ERR,ERR,ERR,ERR,ERR,ERR,ERR,ERR,ERR,ERR,ERR,ERR,ERR,ERR,ERR,ERR,ERR,ERR,ERR,ERR,ERR,ERR,ERR,ERR,ERR,ERR,ERR,ERR,ERR,ERR,ERR,ERR,ERR,ERR,ERR,ERR,ERR,ERR,ERR,ERR,ERR,ERR,ERR,ERR,ERR,ERR,ERR,ERR,ERR,ERR,0.0,0.0,-134474944.0,0.0,0.0,1.3936040501711995e+18,7.805,0.0,0,0,4,0,8422,0.0,45,0.0,0.0,0.0,0.0,0.0,0,0,0,0,0.0,0,0,0,0,0,0,0,0,0,0,0,0,0,0,0,0,0,0,0,0,0,0,0,0,0,0,0,0,0,0,0,0,0,38,14,7,45,65476,0,300,0,0,8,21553,0.0,-107605600.0,0.0,0.0,0.0,0.0,0.0,0.0,0.0,0.0,0.0,0.0,0.0,0.0,0.0,0.0,0.0,0.0,0.0,0.0,0.0,0.0,2.004,2.004,-0.0,0.0,0.0,0.0,0.0,0.0,4853.0,131350.359,0.0,0.0,0.0,0.0,2.718429300292151e+23,0.0,0.0,0.0,0.0,53,-0.0,-0.0,0.0,0.0,0.0,0.0,0.0,0.0,0.0,0,0,0,0.0,0.0,0.0,0.0,0.0,0.0,0.0,0.0,0.0,0.0,0.0,0.0,0.0,0.0,0.0,0.0,0,-107875648.0,53,0.0,106,-107614832.0,0.0,ERR,ERR,ERR,ERR,ERR,ERR,ERR,ERR,ERR,ERR,ERR,ERR,ERR,ERR,ERR,ERR,ERR,ERR,ERR,ERR,ERR,ERR,ERR,ERR,ERR,ERR,ERR,ERR,ERR,ERR,ERR,ERR,ERR,ERR,ERR,ERR,ERR,ERR,ERR,ERR,ERR,ERR,ERR,ERR,ERR,ERR,ERR,ERR,ERR,ERR,ERR,ERR,ERR,ERR,ERR,ERR,ERR,ERR,ERR,ERR,ERR,ERR,ERR,ERR,ERR,ERR,ERR,50.0,60.0,100,0.0,0.0,0.0,0.0,0.0,0.0,0.0,0.0,0.0,0.0,0.0,0.0,0.0,0.0,0.0,0.0,61.6,73,14,65513,50,65476,0,300,0,0,8,20529,65476,0,0,26214,60.0,0.0,0.0,0.0,0.0,0.0
2026-05-17T18:52:06,ERR,ERR,ERR,ERR,ERR,ERR,ERR,ERR,ERR,ERR,ERR,ERR,ERR,ERR,ERR,ERR,ERR,ERR,ERR,ERR,ERR,ERR,ERR,ERR,ERR,ERR,ERR,ERR,ERR,ERR,ERR,ERR,ERR,ERR,ERR,ERR,ERR,ERR,ERR,ERR,ERR,ERR,ERR,ERR,ERR,ERR,ERR,ERR,ERR,ERR,ERR,ERR,ERR,ERR,ERR,ERR,ERR,ERR,ERR,ERR,ERR,ERR,ERR,ERR,ERR,ERR,ERR,ERR,ERR,ERR,ERR,ERR,ERR,ERR,ERR,ERR,ERR,ERR,ERR,ERR,ERR,ERR,ERR,ERR,ERR,ERR,ERR,ERR,ERR,ERR,ERR,ERR,ERR,ERR,ERR,ERR,ERR,ERR,ERR,ERR,ERR,ERR,ERR,ERR,ERR,ERR,ERR,ERR,ERR,ERR,ERR,ERR,ERR,ERR,ERR,ERR,ERR,ERR,ERR,ERR,ERR,ERR,ERR,ERR,ERR,0.0,0.0,-134474944.0,0.0,0.0,1.3936040501711995e+18,7.805,0.0,0,0,4,0,8422,0.0,45,0.0,0.0,0.0,0.0,0.0,0,0,0,0,0.0,0,0,0,0,0,0,0,0,0,0,0,0,0,0,0,0,0,0,0,0,0,0,0,0,0,0,0,0,0,0,0,0,0,38,14,7,45,65476,0,300,0,0,8,21553,0.0,-107605600.0,0.0,0.0,0.0,0.0,0.0,0.0,0.0,0.0,0.0,0.0,0.0,0.0,0.0,0.0,0.0,0.0,0.0,0.0,0.0,0.0,2.004,2.004,-0.0,0.0,0.0,0.0,0.0,0.0,4853.0,131350.359,0.0,0.0,0.0,0.0,2.718429300292151e+23,0.0,0.0,0.0,0.0,53,-0.0,-0.0,0.0,0.0,0.0,0.0,0.0,0.0,0.0,0,0,0,0.0,0.0,0.0,0.0,0.0,0.0,0.0,0.0,0.0,0.0,0.0,0.0,0.0,0.0,0.0,0.0,0,-107875648.0,53,0.0,106,-107614832.0,0.0,ERR,ERR,ERR,ERR,ERR,ERR,ERR,ERR,ERR,ERR,ERR,ERR,ERR,ERR,ERR,ERR,ERR,ERR,ERR,ERR,ERR,ERR,ERR,ERR,ERR,ERR,ERR,ERR,ERR,ERR,ERR,ERR,ERR,ERR,ERR,ERR,ERR,ERR,ERR,ERR,ERR,ERR,ERR,ERR,ERR,ERR,ERR,ERR,ERR,ERR,ERR,ERR,ERR,ERR,ERR,ERR,ERR,ERR,ERR,ERR,ERR,ERR,ERR,ERR,ERR,ERR,ERR,50.0,60.0,100,0.0,0.0,0.0,0.0,0.0,0.0,0.0,0.0,0.0,0.0,0.0,0.0,0.0,0.0,0.0,0.0,62.0,73,14,65513,50,65476,0,300,0,0,8,20529,65476,0,0,26214,60.0,0.0,0.0,0.0,0.0,0.0
2026-05-17T18:52:07,ERR,ERR,ERR,ERR,ERR,ERR,ERR,ERR,ERR,ERR,ERR,ERR,ERR,ERR,ERR,ERR,ERR,ERR,ERR,ERR,ERR,ERR,ERR,ERR,ERR,ERR,ERR,ERR,ERR,ERR,ERR,ERR,ERR,ERR,ERR,ERR,ERR,ERR,ERR,ERR,ERR,ERR,ERR,ERR,ERR,ERR,ERR,ERR,ERR,ERR,ERR,ERR,ERR,ERR,ERR,ERR,ERR,ERR,ERR,ERR,ERR,ERR,ERR,ERR,ERR,ERR,ERR,ERR,ERR,ERR,ERR,ERR,ERR,ERR,ERR,ERR,ERR,ERR,ERR,ERR,ERR,ERR,ERR,ERR,ERR,ERR,ERR,ERR,ERR,ERR,ERR,ERR,ERR,ERR,ERR,ERR,ERR,ERR,ERR,ERR,ERR,ERR,ERR,ERR,ERR,ERR,ERR,ERR,ERR,ERR,ERR,ERR,ERR,ERR,ERR,ERR,ERR,ERR,ERR,ERR,ERR,ERR,ERR,ERR,ERR,0.0,0.0,-134474944.0,0.0,0.0,1.3936040501711995e+18,7.805,0.0,0,0,4,0,8422,0.0,45,0.0,0.0,0.0,0.0,0.0,0,0,0,0,0.0,0,0,0,0,0,0,0,0,0,0,0,0,0,0,0,0,0,0,0,0,0,0,0,0,0,0,0,0,0,0,0,0,0,38,14,7,45,65476,0,300,0,0,8,21553,0.0,-107605600.0,0.0,0.0,0.0,0.0,0.0,0.0,0.0,0.0,0.0,0.0,0.0,0.0,0.0,0.0,0.0,0.0,0.0,0.0,0.0,0.0,2.004,2.004,-2.004,0.0,0.0,0.0,0.0,0.0,4855.0,8608177152.0,0.0,0.0,0.0,-107615280.0,2.718429300292151e+23,0.0,0.0,0.0,0.0,53,-0.0,-0.0,0.0,0.0,0.0,0.0,0.0,0.0,0.0,0,0,0,0.0,0.0,0.0,0.0,0.0,0.0,0.0,0.0,0.0,0.0,0.0,0.0,0.0,0.0,0.0,0.0,0,-107875648.0,53,0.0,106,-107614832.0,0.0,ERR,ERR,ERR,ERR,ERR,ERR,ERR,ERR,ERR,ERR,ERR,ERR,ERR,ERR,ERR,ERR,ERR,ERR,ERR,ERR,ERR,ERR,ERR,ERR,ERR,ERR,ERR,ERR,ERR,ERR,ERR,ERR,ERR,ERR,ERR,ERR,ERR,ERR,ERR,ERR,ERR,ERR,ERR,ERR,ERR,ERR,ERR,ERR,ERR,ERR,ERR,ERR,ERR,ERR,ERR,ERR,ERR,ERR,ERR,ERR,ERR,ERR,ERR,ERR,ERR,ERR,ERR,50.0,60.0,100,0.0,0.0,0.0,0.0,0.0,0.0,0.0,0.0,0.0,0.0,0.0,0.0,0.0,0.0,0.0,0.0,62.0,73,14,65513,50,65476,0,300,0,0,8,20529,65476,0,0,26214,60.0,0.0,0.0,0.0,0.0,0.0
2026-05-17T18:52:08,ERR,ERR,ERR,ERR,ERR,ERR,ERR,ERR,ERR,ERR,ERR,ERR,ERR,ERR,ERR,ERR,ERR,ERR,ERR,ERR,ERR,ERR,ERR,ERR,ERR,ERR,ERR,ERR,ERR,ERR,ERR,ERR,ERR,ERR,ERR,ERR,ERR,ERR,ERR,ERR,ERR,ERR,ERR,ERR,ERR,ERR,ERR,ERR,ERR,ERR,ERR,ERR,ERR,ERR,ERR,ERR,ERR,ERR,ERR,ERR,ERR,ERR,ERR,ERR,ERR,ERR,ERR,ERR,ERR,ERR,ERR,ERR,ERR,ERR,ERR,ERR,ERR,ERR,ERR,ERR,ERR,ERR,ERR,ERR,ERR,ERR,ERR,ERR,ERR,ERR,ERR,ERR,ERR,ERR,ERR,ERR,ERR,ERR,ERR,ERR,ERR,ERR,ERR,ERR,ERR,ERR,ERR,ERR,ERR,ERR,ERR,ERR,ERR,ERR,ERR,ERR,ERR,ERR,ERR,ERR,ERR,ERR,ERR,ERR,ERR,0.0,0.0,-134474944.0,0.0,0.0,1.3936040501711995e+18,7.805,0.0,0,0,4,0,8422,0.0,45,0.0,0.0,0.0,0.0,0.0,0,0,0,0,0.0,0,0,0,0,0,0,0,0,0,0,0,0,0,0,0,0,0,0,0,0,0,0,0,0,0,0,0,0,0,0,0,0,0,38,14,7,45,65476,0,300,0,0,8,21553,0.0,-107605600.0,0.0,0.0,0.0,0.0,0.0,0.0,0.0,0.0,0.0,0.0,0.0,0.0,0.0,0.0,0.0,0.0,0.0,0.0,0.0,0.0,2.004,2.004,-2.004,0.0,0.0,0.0,0.0,0.0,4855.0,8608177152.0,0.0,0.0,0.0,-107615280.0,2.718429300292151e+23,0.0,0.0,0.0,0.0,53,-0.0,-0.0,0.0,0.0,0.0,0.0,0.0,0.0,0.0,0,0,0,0.0,0.0,0.0,0.0,0.0,0.0,0.0,0.0,0.0,0.0,0.0,0.0,0.0,0.0,0.0,0.0,0,-107875648.0,53,0.0,106,-107614832.0,0.0,ERR,ERR,ERR,ERR,ERR,ERR,ERR,ERR,ERR,ERR,ERR,ERR,ERR,ERR,ERR,ERR,ERR,ERR,ERR,ERR,ERR,ERR,ERR,ERR,ERR,ERR,ERR,ERR,ERR,ERR,ERR,ERR,ERR,ERR,ERR,ERR,ERR,ERR,ERR,ERR,ERR,ERR,ERR,ERR,ERR,ERR,ERR,ERR,ERR,ERR,ERR,ERR,ERR,ERR,ERR,ERR,ERR,ERR,ERR,ERR,ERR,ERR,ERR,ERR,ERR,ERR,ERR,50.0,60.0,100,0.0,0.0,0.0,0.0,0.0,0.0,0.0,0.0,0.0,0.0,0.0,0.0,0.0,0.0,0.0,0.0,62.0,73,14,65513,50,65476,0,300,0,0,8,20529,65476,0,0,26214,60.0,0.0,0.0,0.0,0.0,0.0
2026-05-17T18:52:09,ERR,ERR,ERR,ERR,ERR,ERR,ERR,ERR,ERR,ERR,ERR,ERR,ERR,ERR,ERR,ERR,ERR,ERR,ERR,ERR,ERR,ERR,ERR,ERR,ERR,ERR,ERR,ERR,ERR,ERR,ERR,ERR,ERR,ERR,ERR,ERR,ERR,ERR,ERR,ERR,ERR,ERR,ERR,ERR,ERR,ERR,ERR,ERR,ERR,ERR,ERR,ERR,ERR,ERR,ERR,ERR,ERR,ERR,ERR,ERR,ERR,ERR,ERR,ERR,ERR,ERR,ERR,ERR,ERR,ERR,ERR,ERR,ERR,ERR,ERR,ERR,ERR,ERR,ERR,ERR,ERR,ERR,ERR,ERR,ERR,ERR,ERR,ERR,ERR,ERR,ERR,ERR,ERR,ERR,ERR,ERR,ERR,ERR,ERR,ERR,ERR,ERR,ERR,ERR,ERR,ERR,ERR,ERR,ERR,ERR,ERR,ERR,ERR,ERR,ERR,ERR,ERR,ERR,ERR,ERR,ERR,ERR,ERR,ERR,ERR,0.0,0.0,-134474944.0,0.0,0.0,1.3936040501711995e+18,7.805,0.0,0,0,4,0,8422,0.0,45,0.0,0.0,0.0,0.0,0.0,0,0,0,0,0.0,0,0,0,0,0,0,0,0,0,0,0,0,0,0,0,0,0,0,0,0,0,0,0,0,0,0,0,0,0,0,0,0,0,38,14,7,45,65476,0,300,0,0,8,21553,0.0,-107605600.0,0.0,0.0,0.0,0.0,0.0,0.0,0.0,0.0,0.0,0.0,0.0,0.0,0.0,0.0,0.0,0.0,0.0,0.0,0.0,0.0,2.004,2.004,-2.004,0.0,0.0,0.0,0.0,0.0,4855.0,8608177152.0,0.0,0.0,0.0,-107615280.0,2.718429300292151e+23,0.0,0.0,0.0,0.0,53,-0.0,-0.0,0.0,0.0,0.0,0.0,0.0,0.0,0.0,0,0,0,0.0,0.0,0.0,0.0,0.0,0.0,0.0,0.0,0.0,0.0,0.0,0.0,0.0,0.0,0.0,0.0,0,-107875648.0,53,0.0,106,-107614832.0,0.0,ERR,ERR,ERR,ERR,ERR,ERR,ERR,ERR,ERR,ERR,ERR,ERR,ERR,ERR,ERR,ERR,ERR,ERR,ERR,ERR,ERR,ERR,ERR,ERR,ERR,ERR,ERR,ERR,ERR,ERR,ERR,ERR,ERR,ERR,ERR,ERR,ERR,ERR,ERR,ERR,ERR,ERR,ERR,ERR,ERR,ERR,ERR,ERR,ERR,ERR,ERR,ERR,ERR,ERR,ERR,ERR,ERR,ERR,ERR,ERR,ERR,ERR,ERR,ERR,ERR,ERR,ERR,50.0,60.0,100,0.0,0.0,0.0,0.0,0.0,0.0,0.0,0.0,0.0,0.0,0.0,0.0,0.0,0.0,0.0,0.0,61.6,73,14,65513,50,65476,0,300,0,0,8,20529,65476,0,0,26214,60.0,0.0,0.0,0.0,0.0,0.0
2026-05-17T18:52:10,ERR,ERR,ERR,ERR,ERR,ERR,ERR,ERR,ERR,ERR,ERR,ERR,ERR,ERR,ERR,ERR,ERR,ERR,ERR,ERR,ERR,ERR,ERR,ERR,ERR,ERR,ERR,ERR,ERR,ERR,ERR,ERR,ERR,ERR,ERR,ERR,ERR,ERR,ERR,ERR,ERR,ERR,ERR,ERR,ERR,ERR,ERR,ERR,ERR,ERR,ERR,ERR,ERR,ERR,ERR,ERR,ERR,ERR,ERR,ERR,ERR,ERR,ERR,ERR,ERR,ERR,ERR,ERR,ERR,ERR,ERR,ERR,ERR,ERR,ERR,ERR,ERR,ERR,ERR,ERR,ERR,ERR,ERR,ERR,ERR,ERR,ERR,ERR,ERR,ERR,ERR,ERR,ERR,ERR,ERR,ERR,ERR,ERR,ERR,ERR,ERR,ERR,ERR,ERR,ERR,ERR,ERR,ERR,ERR,ERR,ERR,ERR,ERR,ERR,ERR,ERR,ERR,ERR,ERR,ERR,ERR,ERR,ERR,ERR,ERR,0.0,0.0,-134474944.0,0.0,0.0,1.3936040501711995e+18,7.805,0.0,0,0,4,0,8422,0.0,45,0.0,0.0,0.0,0.0,0.0,0,0,0,0,0.0,0,0,0,0,0,0,0,0,0,0,0,0,0,0,0,0,0,0,0,0,0,0,0,0,0,0,0,0,0,0,0,0,0,38,14,7,45,65476,0,300,0,0,8,21553,0.0,-107605600.0,0.0,0.0,0.0,0.0,0.0,0.0,0.0,0.0,0.0,0.0,0.0,0.0,0.0,0.0,0.0,0.0,0.0,0.0,0.0,0.0,2.004,2.004,-2.004,0.0,0.0,0.0,0.0,0.0,4855.0,8608177152.0,0.0,0.0,0.0,-107615280.0,2.718429300292151e+23,0.0,0.0,0.0,0.0,53,-0.0,-0.0,0.0,0.0,0.0,0.0,0.0,0.0,0.0,0,0,0,0.0,0.0,0.0,0.0,0.0,0.0,0.0,0.0,0.0,0.0,0.0,0.0,0.0,0.0,0.0,0.0,0,-107875648.0,53,0.0,106,-107614832.0,0.0,ERR,ERR,ERR,ERR,ERR,ERR,ERR,ERR,ERR,ERR,ERR,ERR,ERR,ERR,ERR,ERR,ERR,ERR,ERR,ERR,ERR,ERR,ERR,ERR,ERR,ERR,ERR,ERR,ERR,ERR,ERR,ERR,ERR,ERR,ERR,ERR,ERR,ERR,ERR,ERR,ERR,ERR,ERR,ERR,ERR,ERR,ERR,ERR,ERR,ERR,ERR,ERR,ERR,ERR,ERR,ERR,ERR,ERR,ERR,ERR,ERR,ERR,ERR,ERR,ERR,ERR,ERR,50.0,60.0,100,0.0,0.0,0.0,0.0,0.0,0.0,0.0,0.0,0.0,0.0,0.0,0.0,0.0,0.0,0.0,0.0,61.6,73,14,65513,50,65476,0,300,0,0,8,20529,65476,0,0,26214,60.0,0.0,0.0,0.0,0.0,0.0
2026-05-17T18:52:11,ERR,ERR,ERR,ERR,ERR,ERR,ERR,ERR,ERR,ERR,ERR,ERR,ERR,ERR,ERR,ERR,ERR,ERR,ERR,ERR,ERR,ERR,ERR,ERR,ERR,ERR,ERR,ERR,ERR,ERR,ERR,ERR,ERR,ERR,ERR,ERR,ERR,ERR,ERR,ERR,ERR,ERR,ERR,ERR,ERR,ERR,ERR,ERR,ERR,ERR,ERR,ERR,ERR,ERR,ERR,ERR,ERR,ERR,ERR,ERR,ERR,ERR,ERR,ERR,ERR,ERR,ERR,ERR,ERR,ERR,ERR,ERR,ERR,ERR,ERR,ERR,ERR,ERR,ERR,ERR,ERR,ERR,ERR,ERR,ERR,ERR,ERR,ERR,ERR,ERR,ERR,ERR,ERR,ERR,ERR,ERR,ERR,ERR,ERR,ERR,ERR,ERR,ERR,ERR,ERR,ERR,ERR,ERR,ERR,ERR,ERR,ERR,ERR,ERR,ERR,ERR,ERR,ERR,ERR,ERR,ERR,ERR,ERR,ERR,ERR,0.0,0.0,-134474944.0,0.0,0.0,1.3936040501711995e+18,7.805,0.0,0,0,4,0,8422,0.0,45,0.0,0.0,0.0,0.0,0.0,0,0,0,0,0.0,0,0,0,0,0,0,0,0,0,0,0,0,0,0,0,0,0,0,0,0,0,0,0,0,0,0,0,0,0,0,0,0,0,38,14,7,45,65476,0,300,0,0,8,21553,0.0,-107605600.0,0.0,0.0,0.0,0.0,0.0,0.0,0.0,0.0,0.0,0.0,0.0,0.0,0.0,0.0,0.0,0.0,0.0,0.0,0.0,0.0,2.004,2.004,-2.004,0.0,0.0,0.0,0.0,0.0,4855.0,8608177152.0,0.0,0.0,0.0,-107615280.0,2.718429300292151e+23,0.0,0.0,0.0,0.0,53,-0.0,-0.0,0.0,0.0,0.0,0.0,0.0,0.0,0.0,0,0,0,0.0,0.0,0.0,0.0,0.0,0.0,0.0,0.0,0.0,0.0,0.0,0.0,0.0,0.0,0.0,0.0,0,-107875648.0,53,0.0,106,-107614832.0,0.0,ERR,ERR,ERR,ERR,ERR,ERR,ERR,ERR,ERR,ERR,ERR,ERR,ERR,ERR,ERR,ERR,ERR,ERR,ERR,ERR,ERR,ERR,ERR,ERR,ERR,ERR,ERR,ERR,ERR,ERR,ERR,ERR,ERR,ERR,ERR,ERR,ERR,ERR,ERR,ERR,ERR,ERR,ERR,ERR,ERR,ERR,ERR,ERR,ERR,ERR,ERR,ERR,ERR,ERR,ERR,ERR,ERR,ERR,ERR,ERR,ERR,ERR,ERR,ERR,ERR,ERR,ERR,50.0,60.0,100,0.0,0.0,0.0,0.0,0.0,0.0,0.0,0.0,0.0,0.0,0.0,0.0,0.0,0.0,0.0,0.0,61.6,73,14,65513,50,65476,0,300,0,0,8,20529,65476,0,0,26214,60.0,0.0,0.0,0.0,0.0,0.0
2026-05-17T18:52:12,ERR,ERR,ERR,ERR,ERR,ERR,ERR,ERR,ERR,ERR,ERR,ERR,ERR,ERR,ERR,ERR,ERR,ERR,ERR,ERR,ERR,ERR,ERR,ERR,ERR,ERR,ERR,ERR,ERR,ERR,ERR,ERR,ERR,ERR,ERR,ERR,ERR,ERR,ERR,ERR,ERR,ERR,ERR,ERR,ERR,ERR,ERR,ERR,ERR,ERR,ERR,ERR,ERR,ERR,ERR,ERR,ERR,ERR,ERR,ERR,ERR,ERR,ERR,ERR,ERR,ERR,ERR,ERR,ERR,ERR,ERR,ERR,ERR,ERR,ERR,ERR,ERR,ERR,ERR,ERR,ERR,ERR,ERR,ERR,ERR,ERR,ERR,ERR,ERR,ERR,ERR,ERR,ERR,ERR,ERR,ERR,ERR,ERR,ERR,ERR,ERR,ERR,ERR,ERR,ERR,ERR,ERR,ERR,ERR,ERR,ERR,ERR,ERR,ERR,ERR,ERR,ERR,ERR,ERR,ERR,ERR,ERR,ERR,ERR,ERR,0.0,0.0,-134474944.0,0.0,0.0,1.3936040501711995e+18,7.805,0.0,0,0,4,0,8422,0.0,45,0.0,0.0,0.0,0.0,0.0,0,0,0,0,0.0,0,0,0,0,0,0,0,0,0,0,0,0,0,0,0,0,0,0,0,0,0,0,0,0,0,0,0,0,0,0,0,0,0,38,14,7,45,65476,0,300,0,0,8,21553,0.0,-107605600.0,0.0,0.0,0.0,0.0,0.0,0.0,0.0,0.0,0.0,0.0,0.0,0.0,0.0,0.0,0.0,0.0,0.0,0.0,0.0,0.0,2.004,2.004,-0.0,0.0,0.0,0.0,0.0,0.0,4852.0,8608177152.0,0.0,0.0,0.0,-107615280.0,2.718429300292151e+23,0.0,0.0,0.0,0.0,53,5.848083413016271e+35,-0.0,0.0,0.0,0.0,0.0,0.0,0.0,0.0,0,0,0,0.0,0.0,0.0,0.0,0.0,0.0,0.0,0.0,0.0,0.0,0.0,0.0,0.0,0.0,0.0,0.0,0,-107875648.0,53,0.0,106,-107614832.0,-107351008.0,ERR,ERR,ERR,ERR,ERR,ERR,ERR,ERR,ERR,ERR,ERR,ERR,ERR,ERR,ERR,ERR,ERR,ERR,ERR,ERR,ERR,ERR,ERR,ERR,ERR,ERR,ERR,ERR,ERR,ERR,ERR,ERR,ERR,ERR,ERR,ERR,ERR,ERR,ERR,ERR,ERR,ERR,ERR,ERR,ERR,ERR,ERR,ERR,ERR,ERR,ERR,ERR,ERR,ERR,ERR,ERR,ERR,ERR,ERR,ERR,ERR,ERR,ERR,ERR,ERR,ERR,ERR,50.0,60.0,100,0.0,0.0,0.0,0.0,0.0,0.0,0.0,0.0,0.0,0.0,0.0,0.0,0.0,0.0,0.0,0.0,61.6,73,14,65513,50,65476,0,300,0,0,8,20529,65476,0,0,26214,60.0,0.0,0.0,0.0,0.0,0.0
2026-05-17T18:52:13,ERR,ERR,ERR,ERR,ERR,ERR,ERR,ERR,ERR,ERR,ERR,ERR,ERR,ERR,ERR,ERR,ERR,ERR,ERR,ERR,ERR,ERR,ERR,ERR,ERR,ERR,ERR,ERR,ERR,ERR,ERR,ERR,ERR,ERR,ERR,ERR,ERR,ERR,ERR,ERR,ERR,ERR,ERR,ERR,ERR,ERR,ERR,ERR,ERR,ERR,ERR,ERR,ERR,ERR,ERR,ERR,ERR,ERR,ERR,ERR,ERR,ERR,ERR,ERR,ERR,ERR,ERR,ERR,ERR,ERR,ERR,ERR,ERR,ERR,ERR,ERR,ERR,ERR,ERR,ERR,ERR,ERR,ERR,ERR,ERR,ERR,ERR,ERR,ERR,ERR,ERR,ERR,ERR,ERR,ERR,ERR,ERR,ERR,ERR,ERR,ERR,ERR,ERR,ERR,ERR,ERR,ERR,ERR,ERR,ERR,ERR,ERR,ERR,ERR,ERR,ERR,ERR,ERR,ERR,ERR,ERR,ERR,ERR,ERR,ERR,0.0,0.0,-134474944.0,0.0,0.0,1.3936040501711995e+18,7.805,0.0,0,0,4,0,8422,0.0,45,0.0,0.0,0.0,0.0,0.0,0,0,0,0,0.0,0,0,0,0,0,0,0,0,0,0,0,0,0,0,0,0,0,0,0,0,0,0,0,0,0,0,0,0,0,0,0,0,0,38,14,7,45,65476,0,300,0,0,8,21553,0.0,-107605600.0,0.0,0.0,0.0,0.0,0.0,0.0,0.0,0.0,0.0,0.0,0.0,0.0,0.0,0.0,0.0,0.0,0.0,0.0,0.0,0.0,2.004,2.004,-0.0,0.0,0.0,0.0,0.0,0.0,4852.0,8608177152.0,0.0,0.0,0.0,-107615280.0,2.718429300292151e+23,0.0,0.0,0.0,0.0,53,5.848083413016271e+35,-0.0,0.0,0.0,0.0,0.0,0.0,0.0,0.0,0,0,0,0.0,0.0,0.0,0.0,0.0,0.0,0.0,0.0,0.0,0.0,0.0,0.0,0.0,0.0,0.0,0.0,0,-107875648.0,53,0.0,106,-107614832.0,-107351008.0,ERR,ERR,ERR,ERR,ERR,ERR,ERR,ERR,ERR,ERR,ERR,ERR,ERR,ERR,ERR,ERR,ERR,ERR,ERR,ERR,ERR,ERR,ERR,ERR,ERR,ERR,ERR,ERR,ERR,ERR,ERR,ERR,ERR,ERR,ERR,ERR,ERR,ERR,ERR,ERR,ERR,ERR,ERR,ERR,ERR,ERR,ERR,ERR,ERR,ERR,ERR,ERR,ERR,ERR,ERR,ERR,ERR,ERR,ERR,ERR,ERR,ERR,ERR,ERR,ERR,ERR,ERR,50.0,60.0,100,0.0,0.0,0.0,0.0,0.0,0.0,0.0,0.0,0.0,0.0,0.0,0.0,0.0,0.0,0.0,0.0,61.6,73,14,65513,50,65476,0,300,0,0,8,20529,65476,0,0,26214,60.0,0.0,0.0,0.0,0.0,0.0
2026-05-17T18:52:14,ERR,ERR,ERR,ERR,ERR,ERR,ERR,ERR,ERR,ERR,ERR,ERR,ERR,ERR,ERR,ERR,ERR,ERR,ERR,ERR,ERR,ERR,ERR,ERR,ERR,ERR,ERR,ERR,ERR,ERR,ERR,ERR,ERR,ERR,ERR,ERR,ERR,ERR,ERR,ERR,ERR,ERR,ERR,ERR,ERR,ERR,ERR,ERR,ERR,ERR,ERR,ERR,ERR,ERR,ERR,ERR,ERR,ERR,ERR,ERR,ERR,ERR,ERR,ERR,ERR,ERR,ERR,ERR,ERR,ERR,ERR,ERR,ERR,ERR,ERR,ERR,ERR,ERR,ERR,ERR,ERR,ERR,ERR,ERR,ERR,ERR,ERR,ERR,ERR,ERR,ERR,ERR,ERR,ERR,ERR,ERR,ERR,ERR,ERR,ERR,ERR,ERR,ERR,ERR,ERR,ERR,ERR,ERR,ERR,ERR,ERR,ERR,ERR,ERR,ERR,ERR,ERR,ERR,ERR,ERR,ERR,ERR,ERR,ERR,ERR,0.0,0.0,-134474944.0,0.0,0.0,1.3936040501711995e+18,7.805,0.0,0,0,4,0,8422,0.0,45,0.0,0.0,0.0,0.0,0.0,0,0,0,0,0.0,0,0,0,0,0,0,0,0,0,0,0,0,0,0,0,0,0,0,0,0,0,0,0,0,0,0,0,0,0,0,0,0,0,38,14,7,45,65476,0,300,0,0,8,21553,0.0,-107605600.0,0.0,0.0,0.0,0.0,0.0,0.0,0.0,0.0,0.0,0.0,0.0,0.0,0.0,0.0,0.0,0.0,0.0,0.0,0.0,0.0,2.004,2.004,-0.0,0.0,0.0,0.0,0.0,0.0,4852.0,8608177152.0,0.0,0.0,0.0,-107615280.0,2.718429300292151e+23,0.0,0.0,0.0,0.0,53,5.848083413016271e+35,-0.0,0.0,0.0,0.0,0.0,0.0,0.0,0.0,0,0,0,0.0,0.0,0.0,0.0,0.0,0.0,0.0,0.0,0.0,0.0,0.0,0.0,0.0,0.0,0.0,0.0,0,-107875648.0,53,0.0,106,-107614832.0,-107351008.0,ERR,ERR,ERR,ERR,ERR,ERR,ERR,ERR,ERR,ERR,ERR,ERR,ERR,ERR,ERR,ERR,ERR,ERR,ERR,ERR,ERR,ERR,ERR,ERR,ERR,ERR,ERR,ERR,ERR,ERR,ERR,ERR,ERR,ERR,ERR,ERR,ERR,ERR,ERR,ERR,ERR,ERR,ERR,ERR,ERR,ERR,ERR,ERR,ERR,ERR,ERR,ERR,ERR,ERR,ERR,ERR,ERR,ERR,ERR,ERR,ERR,ERR,ERR,ERR,ERR,ERR,ERR,50.0,60.0,100,0.0,0.0,0.0,0.0,0.0,0.0,0.0,0.0,0.0,0.0,0.0,0.0,0.0,0.0,0.0,0.0,61.6,73,14,65513,50,65476,0,300,0,0,8,20529,65476,0,0,26214,60.0,0.0,0.0,0.0,0.0,0.0
2026-05-17T18:52:15,ERR,ERR,ERR,ERR,ERR,ERR,ERR,ERR,ERR,ERR,ERR,ERR,ERR,ERR,ERR,ERR,ERR,ERR,ERR,ERR,ERR,ERR,ERR,ERR,ERR,ERR,ERR,ERR,ERR,ERR,ERR,ERR,ERR,ERR,ERR,ERR,ERR,ERR,ERR,ERR,ERR,ERR,ERR,ERR,ERR,ERR,ERR,ERR,ERR,ERR,ERR,ERR,ERR,ERR,ERR,ERR,ERR,ERR,ERR,ERR,ERR,ERR,ERR,ERR,ERR,ERR,ERR,ERR,ERR,ERR,ERR,ERR,ERR,ERR,ERR,ERR,ERR,ERR,ERR,ERR,ERR,ERR,ERR,ERR,ERR,ERR,ERR,ERR,ERR,ERR,ERR,ERR,ERR,ERR,ERR,ERR,ERR,ERR,ERR,ERR,ERR,ERR,ERR,ERR,ERR,ERR,ERR,ERR,ERR,ERR,ERR,ERR,ERR,ERR,ERR,ERR,ERR,ERR,ERR,ERR,ERR,ERR,ERR,ERR,ERR,0.0,0.0,-134474944.0,0.0,0.0,1.3936040501711995e+18,7.805,0.0,0,0,4,0,8422,0.0,45,0.0,0.0,0.0,0.0,0.0,0,0,0,0,0.0,0,0,0,0,0,0,0,0,0,0,0,0,0,0,0,0,0,0,0,0,0,0,0,0,0,0,0,0,0,0,0,0,0,38,14,7,45,65476,0,300,0,0,8,21553,0.0,-107605600.0,0.0,0.0,0.0,0.0,0.0,0.0,0.0,0.0,0.0,0.0,0.0,0.0,0.0,0.0,0.0,0.0,0.0,0.0,0.0,0.0,2.004,2.004,-0.0,0.0,0.0,0.0,0.0,0.0,4852.0,8608177152.0,0.0,0.0,0.0,-107615280.0,2.718429300292151e+23,0.0,0.0,0.0,0.0,53,5.848083413016271e+35,-0.0,0.0,0.0,0.0,0.0,0.0,0.0,0.0,0,0,0,0.0,0.0,0.0,0.0,0.0,0.0,0.0,0.0,0.0,0.0,0.0,0.0,0.0,0.0,0.0,0.0,0,-107875648.0,53,0.0,106,-107614832.0,-107351008.0,ERR,ERR,ERR,ERR,ERR,ERR,ERR,ERR,ERR,ERR,ERR,ERR,ERR,ERR,ERR,ERR,ERR,ERR,ERR,ERR,ERR,ERR,ERR,ERR,ERR,ERR,ERR,ERR,ERR,ERR,ERR,ERR,ERR,ERR,ERR,ERR,ERR,ERR,ERR,ERR,ERR,ERR,ERR,ERR,ERR,ERR,ERR,ERR,ERR,ERR,ERR,ERR,ERR,ERR,ERR,ERR,ERR,ERR,ERR,ERR,ERR,ERR,ERR,ERR,ERR,ERR,ERR,50.0,60.0,100,0.0,0.0,0.0,0.0,0.0,0.0,0.0,0.0,0.0,0.0,0.0,0.0,0.0,0.0,0.0,0.0,61.6,73,14,65513,50,65476,0,300,0,0,8,20529,65476,0,0,26214,60.0,0.0,0.0,0.0,0.0,0.0
2026-05-17T18:52:16,ERR,ERR,ERR,ERR,ERR,ERR,ERR,ERR,ERR,ERR,ERR,ERR,ERR,ERR,ERR,ERR,ERR,ERR,ERR,ERR,ERR,ERR,ERR,ERR,ERR,ERR,ERR,ERR,ERR,ERR,ERR,ERR,ERR,ERR,ERR,ERR,ERR,ERR,ERR,ERR,ERR,ERR,ERR,ERR,ERR,ERR,ERR,ERR,ERR,ERR,ERR,ERR,ERR,ERR,ERR,ERR,ERR,ERR,ERR,ERR,ERR,ERR,ERR,ERR,ERR,ERR,ERR,ERR,ERR,ERR,ERR,ERR,ERR,ERR,ERR,ERR,ERR,ERR,ERR,ERR,ERR,ERR,ERR,ERR,ERR,ERR,ERR,ERR,ERR,ERR,ERR,ERR,ERR,ERR,ERR,ERR,ERR,ERR,ERR,ERR,ERR,ERR,ERR,ERR,ERR,ERR,ERR,ERR,ERR,ERR,ERR,ERR,ERR,ERR,ERR,ERR,ERR,ERR,ERR,ERR,ERR,ERR,ERR,ERR,ERR,0.0,0.0,-134474944.0,0.0,0.0,1.3936040501711995e+18,7.805,0.0,0,0,4,0,8422,0.0,45,0.0,0.0,0.0,0.0,0.0,0,0,0,0,0.0,0,0,0,0,0,0,0,0,0,0,0,0,0,0,0,0,0,0,0,0,0,0,0,0,0,0,0,0,0,0,0,0,0,38,14,7,45,65476,0,300,0,0,8,21553,0.0,-107605600.0,0.0,0.0,0.0,0.0,0.0,0.0,0.0,0.0,0.0,0.0,0.0,0.0,0.0,0.0,0.0,0.0,0.0,0.0,0.0,0.0,2.004,2.004,-0.0,0.0,0.0,0.0,0.0,0.0,4852.0,8608177152.0,0.0,0.0,0.0,-107615280.0,2.718429300292151e+23,0.0,0.0,0.0,0.0,53,5.848083413016271e+35,-0.0,0.0,0.0,0.0,0.0,0.0,0.0,0.0,0,0,0,0.0,0.0,0.0,0.0,0.0,0.0,0.0,0.0,0.0,0.0,0.0,0.0,0.0,0.0,0.0,0.0,0,-107875648.0,53,0.0,106,-107614832.0,-107351008.0,ERR,ERR,ERR,ERR,ERR,ERR,ERR,ERR,ERR,ERR,ERR,ERR,ERR,ERR,ERR,ERR,ERR,ERR,ERR,ERR,ERR,ERR,ERR,ERR,ERR,ERR,ERR,ERR,ERR,ERR,ERR,ERR,ERR,ERR,ERR,ERR,ERR,ERR,ERR,ERR,ERR,ERR,ERR,ERR,ERR,ERR,ERR,ERR,ERR,ERR,ERR,ERR,ERR,ERR,ERR,ERR,ERR,ERR,ERR,ERR,ERR,ERR,ERR,ERR,ERR,ERR,ERR,50.0,60.0,100,0.0,0.0,0.0,0.0,0.0,0.0,0.0,0.0,0.0,0.0,0.0,0.0,0.0,0.0,0.0,0.0,61.6,73,14,65513,50,65476,0,300,0,0,8,20529,65476,0,0,26214,60.0,0.0,0.0,0.0,0.0,0.0
2026-05-17T18:52:17,ERR,ERR,ERR,ERR,ERR,ERR,ERR,ERR,ERR,ERR,ERR,ERR,ERR,ERR,ERR,ERR,ERR,ERR,ERR,ERR,ERR,ERR,ERR,ERR,ERR,ERR,ERR,ERR,ERR,ERR,ERR,ERR,ERR,ERR,ERR,ERR,ERR,ERR,ERR,ERR,ERR,ERR,ERR,ERR,ERR,ERR,ERR,ERR,ERR,ERR,ERR,ERR,ERR,ERR,ERR,ERR,ERR,ERR,ERR,ERR,ERR,ERR,ERR,ERR,ERR,ERR,ERR,ERR,ERR,ERR,ERR,ERR,ERR,ERR,ERR,ERR,ERR,ERR,ERR,ERR,ERR,ERR,ERR,ERR,ERR,ERR,ERR,ERR,ERR,ERR,ERR,ERR,ERR,ERR,ERR,ERR,ERR,ERR,ERR,ERR,ERR,ERR,ERR,ERR,ERR,ERR,ERR,ERR,ERR,ERR,ERR,ERR,ERR,ERR,ERR,ERR,ERR,ERR,ERR,ERR,ERR,ERR,ERR,ERR,ERR,0.0,0.0,-134474944.0,0.0,0.0,1.3936040501711995e+18,7.805,0.0,0,0,4,0,8422,0.0,45,0.0,0.0,0.0,0.0,0.0,0,0,0,0,0.0,0,0,0,0,0,0,0,0,0,0,0,0,0,0,0,0,0,0,0,0,0,0,0,0,0,0,0,0,0,0,0,0,0,38,14,7,45,65476,0,300,0,0,8,21553,0.0,-107605600.0,0.0,0.0,0.0,0.0,0.0,0.0,0.0,0.0,0.0,0.0,0.0,0.0,0.0,0.0,0.0,0.0,0.0,0.0,0.0,0.0,2.004,2.004,-0.0,0.0,0.0,0.0,0.0,0.0,4859.0,0.0,0.0,0.0,0.0,-107615280.0,2.718429300292151e+23,0.0,0.0,0.0,0.0,53,-0.0,1.9056847201763328e+17,0.0,0.0,0.0,0.0,0.0,0.0,0.0,0,0,0,0.0,0.0,0.0,0.0,0.0,0.0,0.0,0.0,0.0,0.0,0.0,0.0,0.0,0.0,0.0,0.0,0,-107875648.0,53,0.0,106,-107614832.0,0.0,ERR,ERR,ERR,ERR,ERR,ERR,ERR,ERR,ERR,ERR,ERR,ERR,ERR,ERR,ERR,ERR,ERR,ERR,ERR,ERR,ERR,ERR,ERR,ERR,ERR,ERR,ERR,ERR,ERR,ERR,ERR,ERR,ERR,ERR,ERR,ERR,ERR,ERR,ERR,ERR,ERR,ERR,ERR,ERR,ERR,ERR,ERR,ERR,ERR,ERR,ERR,ERR,ERR,ERR,ERR,ERR,ERR,ERR,ERR,ERR,ERR,ERR,ERR,ERR,ERR,ERR,ERR,50.0,60.0,100,0.0,0.0,0.0,0.0,0.0,0.0,0.0,0.0,0.0,0.0,0.0,0.0,0.0,0.0,0.0,0.0,61.6,73,14,65513,50,65476,0,300,0,0,8,20529,65476,0,0,26214,60.0,0.0,0.0,0.0,0.0,0.0
2026-05-17T18:52:18,ERR,ERR,ERR,ERR,ERR,ERR,ERR,ERR,ERR,ERR,ERR,ERR,ERR,ERR,ERR,ERR,ERR,ERR,ERR,ERR,ERR,ERR,ERR,ERR,ERR,ERR,ERR,ERR,ERR,ERR,ERR,ERR,ERR,ERR,ERR,ERR,ERR,ERR,ERR,ERR,ERR,ERR,ERR,ERR,ERR,ERR,ERR,ERR,ERR,ERR,ERR,ERR,ERR,ERR,ERR,ERR,ERR,ERR,ERR,ERR,ERR,ERR,ERR,ERR,ERR,ERR,ERR,ERR,ERR,ERR,ERR,ERR,ERR,ERR,ERR,ERR,ERR,ERR,ERR,ERR,ERR,ERR,ERR,ERR,ERR,ERR,ERR,ERR,ERR,ERR,ERR,ERR,ERR,ERR,ERR,ERR,ERR,ERR,ERR,ERR,ERR,ERR,ERR,ERR,ERR,ERR,ERR,ERR,ERR,ERR,ERR,ERR,ERR,ERR,ERR,ERR,ERR,ERR,ERR,ERR,ERR,ERR,ERR,ERR,ERR,0.0,0.0,-134474944.0,0.0,0.0,1.3936040501711995e+18,7.805,0.0,0,0,4,0,8422,0.0,45,0.0,0.0,0.0,0.0,0.0,0,0,0,0,0.0,0,0,0,0,0,0,0,0,0,0,0,0,0,0,0,0,0,0,0,0,0,0,0,0,0,0,0,0,0,0,0,0,0,38,14,7,45,65476,0,300,0,0,8,21553,0.0,-107605600.0,0.0,0.0,0.0,0.0,0.0,0.0,0.0,0.0,0.0,0.0,0.0,0.0,0.0,0.0,0.0,0.0,0.0,0.0,0.0,0.0,2.004,2.004,-0.0,0.0,0.0,0.0,0.0,0.0,4859.0,0.0,0.0,0.0,0.0,-107615280.0,2.718429300292151e+23,0.0,0.0,0.0,0.0,53,-0.0,1.9056847201763328e+17,0.0,0.0,0.0,0.0,0.0,0.0,0.0,0,0,0,0.0,0.0,0.0,0.0,0.0,0.0,0.0,0.0,0.0,0.0,0.0,0.0,0.0,0.0,0.0,0.0,0,-107875648.0,53,0.0,106,-107614832.0,0.0,ERR,ERR,ERR,ERR,ERR,ERR,ERR,ERR,ERR,ERR,ERR,ERR,ERR,ERR,ERR,ERR,ERR,ERR,ERR,ERR,ERR,ERR,ERR,ERR,ERR,ERR,ERR,ERR,ERR,ERR,ERR,ERR,ERR,ERR,ERR,ERR,ERR,ERR,ERR,ERR,ERR,ERR,ERR,ERR,ERR,ERR,ERR,ERR,ERR,ERR,ERR,ERR,ERR,ERR,ERR,ERR,ERR,ERR,ERR,ERR,ERR,ERR,ERR,ERR,ERR,ERR,ERR,50.0,60.0,100,0.0,0.0,0.0,0.0,0.0,0.0,0.0,0.0,0.0,0.0,0.0,0.0,0.0,0.0,0.0,0.0,62.0,73,14,65513,50,65476,0,300,0,0,8,20529,65476,0,0,26214,60.0,0.0,0.0,0.0,0.0,0.0
2026-05-17T18:52:19,ERR,ERR,ERR,ERR,ERR,ERR,ERR,ERR,ERR,ERR,ERR,ERR,ERR,ERR,ERR,ERR,ERR,ERR,ERR,ERR,ERR,ERR,ERR,ERR,ERR,ERR,ERR,ERR,ERR,ERR,ERR,ERR,ERR,ERR,ERR,ERR,ERR,ERR,ERR,ERR,ERR,ERR,ERR,ERR,ERR,ERR,ERR,ERR,ERR,ERR,ERR,ERR,ERR,ERR,ERR,ERR,ERR,ERR,ERR,ERR,ERR,ERR,ERR,ERR,ERR,ERR,ERR,ERR,ERR,ERR,ERR,ERR,ERR,ERR,ERR,ERR,ERR,ERR,ERR,ERR,ERR,ERR,ERR,ERR,ERR,ERR,ERR,ERR,ERR,ERR,ERR,ERR,ERR,ERR,ERR,ERR,ERR,ERR,ERR,ERR,ERR,ERR,ERR,ERR,ERR,ERR,ERR,ERR,ERR,ERR,ERR,ERR,ERR,ERR,ERR,ERR,ERR,ERR,ERR,ERR,ERR,ERR,ERR,ERR,ERR,0.0,0.0,-134474944.0,0.0,0.0,1.3936040501711995e+18,7.805,0.0,0,0,4,0,8422,0.0,45,0.0,0.0,0.0,0.0,0.0,0,0,0,0,0.0,0,0,0,0,0,0,0,0,0,0,0,0,0,0,0,0,0,0,0,0,0,0,0,0,0,0,0,0,0,0,0,0,0,38,14,7,45,65476,0,300,0,0,8,21553,0.0,-107605600.0,0.0,0.0,0.0,0.0,0.0,0.0,0.0,0.0,0.0,0.0,0.0,0.0,0.0,0.0,0.0,0.0,0.0,0.0,0.0,0.0,2.004,2.004,-0.0,0.0,0.0,0.0,0.0,0.0,4859.0,0.0,0.0,0.0,0.0,-107615280.0,2.718429300292151e+23,0.0,0.0,0.0,0.0,53,-0.0,1.9056847201763328e+17,0.0,0.0,0.0,0.0,0.0,0.0,0.0,0,0,0,0.0,0.0,0.0,0.0,0.0,0.0,0.0,0.0,0.0,0.0,0.0,0.0,0.0,0.0,0.0,0.0,0,-107875648.0,53,0.0,106,-107614832.0,0.0,ERR,ERR,ERR,ERR,ERR,ERR,ERR,ERR,ERR,ERR,ERR,ERR,ERR,ERR,ERR,ERR,ERR,ERR,ERR,ERR,ERR,ERR,ERR,ERR,ERR,ERR,ERR,ERR,ERR,ERR,ERR,ERR,ERR,ERR,ERR,ERR,ERR,ERR,ERR,ERR,ERR,ERR,ERR,ERR,ERR,ERR,ERR,ERR,ERR,ERR,ERR,ERR,ERR,ERR,ERR,ERR,ERR,ERR,ERR,ERR,ERR,ERR,ERR,ERR,ERR,ERR,ERR,50.0,60.0,100,0.0,0.0,0.0,0.0,0.0,0.0,0.0,0.0,0.0,0.0,0.0,0.0,0.0,0.0,0.0,0.0,62.0,73,14,65513,50,65476,0,300,0,0,8,20529,65476,0,0,26214,60.0,0.0,0.0,0.0,0.0,0.0
2026-05-17T18:52:20,ERR,ERR,ERR,ERR,ERR,ERR,ERR,ERR,ERR,ERR,ERR,ERR,ERR,ERR,ERR,ERR,ERR,ERR,ERR,ERR,ERR,ERR,ERR,ERR,ERR,ERR,ERR,ERR,ERR,ERR,ERR,ERR,ERR,ERR,ERR,ERR,ERR,ERR,ERR,ERR,ERR,ERR,ERR,ERR,ERR,ERR,ERR,ERR,ERR,ERR,ERR,ERR,ERR,ERR,ERR,ERR,ERR,ERR,ERR,ERR,ERR,ERR,ERR,ERR,ERR,ERR,ERR,ERR,ERR,ERR,ERR,ERR,ERR,ERR,ERR,ERR,ERR,ERR,ERR,ERR,ERR,ERR,ERR,ERR,ERR,ERR,ERR,ERR,ERR,ERR,ERR,ERR,ERR,ERR,ERR,ERR,ERR,ERR,ERR,ERR,ERR,ERR,ERR,ERR,ERR,ERR,ERR,ERR,ERR,ERR,ERR,ERR,ERR,ERR,ERR,ERR,ERR,ERR,ERR,ERR,ERR,ERR,ERR,ERR,ERR,0.0,0.0,-134474944.0,0.0,0.0,1.3936040501711995e+18,7.805,0.0,0,0,4,0,8422,0.0,45,0.0,0.0,0.0,0.0,0.0,0,0,0,0,0.0,0,0,0,0,0,0,0,0,0,0,0,0,0,0,0,0,0,0,0,0,0,0,0,0,0,0,0,0,0,0,0,0,0,38,14,7,45,65476,0,300,0,0,8,21553,0.0,-107605600.0,0.0,0.0,0.0,0.0,0.0,0.0,0.0,0.0,0.0,0.0,0.0,0.0,0.0,0.0,0.0,0.0,0.0,0.0,0.0,0.0,2.004,2.004,-0.0,0.0,0.0,0.0,0.0,0.0,4859.0,0.0,0.0,0.0,0.0,-107615280.0,2.718429300292151e+23,0.0,0.0,0.0,0.0,53,-0.0,1.9056847201763328e+17,0.0,0.0,0.0,0.0,0.0,0.0,0.0,0,0,0,0.0,0.0,0.0,0.0,0.0,0.0,0.0,0.0,0.0,0.0,0.0,0.0,0.0,0.0,0.0,0.0,0,-107875648.0,53,0.0,106,-107614832.0,0.0,ERR,ERR,ERR,ERR,ERR,ERR,ERR,ERR,ERR,ERR,ERR,ERR,ERR,ERR,ERR,ERR,ERR,ERR,ERR,ERR,ERR,ERR,ERR,ERR,ERR,ERR,ERR,ERR,ERR,ERR,ERR,ERR,ERR,ERR,ERR,ERR,ERR,ERR,ERR,ERR,ERR,ERR,ERR,ERR,ERR,ERR,ERR,ERR,ERR,ERR,ERR,ERR,ERR,ERR,ERR,ERR,ERR,ERR,ERR,ERR,ERR,ERR,ERR,ERR,ERR,ERR,ERR,50.0,60.0,100,0.0,0.0,0.0,0.0,0.0,0.0,0.0,0.0,0.0,0.0,0.0,0.0,0.0,0.0,0.0,0.0,61.6,73,14,65513,50,65476,0,300,0,0,8,20529,65476,0,0,26214,60.0,0.0,0.0,0.0,0.0,0.0
2026-05-17T18:52:21,ERR,ERR,ERR,ERR,ERR,ERR,ERR,ERR,ERR,ERR,ERR,ERR,ERR,ERR,ERR,ERR,ERR,ERR,ERR,ERR,ERR,ERR,ERR,ERR,ERR,ERR,ERR,ERR,ERR,ERR,ERR,ERR,ERR,ERR,ERR,ERR,ERR,ERR,ERR,ERR,ERR,ERR,ERR,ERR,ERR,ERR,ERR,ERR,ERR,ERR,ERR,ERR,ERR,ERR,ERR,ERR,ERR,ERR,ERR,ERR,ERR,ERR,ERR,ERR,ERR,ERR,ERR,ERR,ERR,ERR,ERR,ERR,ERR,ERR,ERR,ERR,ERR,ERR,ERR,ERR,ERR,ERR,ERR,ERR,ERR,ERR,ERR,ERR,ERR,ERR,ERR,ERR,ERR,ERR,ERR,ERR,ERR,ERR,ERR,ERR,ERR,ERR,ERR,ERR,ERR,ERR,ERR,ERR,ERR,ERR,ERR,ERR,ERR,ERR,ERR,ERR,ERR,ERR,ERR,ERR,ERR,ERR,ERR,ERR,ERR,0.0,0.0,-134474944.0,0.0,0.0,1.3936040501711995e+18,7.805,0.0,0,0,4,0,8422,0.0,45,0.0,0.0,0.0,0.0,0.0,0,0,0,0,0.0,0,0,0,0,0,0,0,0,0,0,0,0,0,0,0,0,0,0,0,0,0,0,0,0,0,0,0,0,0,0,0,0,0,38,14,7,45,65476,0,300,0,0,8,21553,0.0,-107605600.0,0.0,0.0,0.0,0.0,0.0,0.0,0.0,0.0,0.0,0.0,0.0,0.0,0.0,0.0,0.0,0.0,0.0,0.0,0.0,0.0,2.004,2.004,-0.0,0.0,0.0,0.0,0.0,0.0,4859.0,0.0,0.0,0.0,0.0,-107615280.0,2.718429300292151e+23,0.0,0.0,0.0,0.0,53,-0.0,1.9056847201763328e+17,0.0,0.0,0.0,0.0,0.0,0.0,0.0,0,0,0,0.0,0.0,0.0,0.0,0.0,0.0,0.0,0.0,0.0,0.0,0.0,0.0,0.0,0.0,0.0,0.0,0,-107875648.0,53,0.0,106,-107614832.0,0.0,ERR,ERR,ERR,ERR,ERR,ERR,ERR,ERR,ERR,ERR,ERR,ERR,ERR,ERR,ERR,ERR,ERR,ERR,ERR,ERR,ERR,ERR,ERR,ERR,ERR,ERR,ERR,ERR,ERR,ERR,ERR,ERR,ERR,ERR,ERR,ERR,ERR,ERR,ERR,ERR,ERR,ERR,ERR,ERR,ERR,ERR,ERR,ERR,ERR,ERR,ERR,ERR,ERR,ERR,ERR,ERR,ERR,ERR,ERR,ERR,ERR,ERR,ERR,ERR,ERR,ERR,ERR,50.0,60.0,100,0.0,0.0,0.0,0.0,0.0,0.0,0.0,0.0,0.0,0.0,0.0,0.0,0.0,0.0,0.0,0.0,61.6,73,14,65513,50,65476,0,300,0,0,8,20529,65476,0,0,26214,60.0,0.0,0.0,0.0,0.0,0.0
2026-05-17T18:52:22,ERR,ERR,ERR,ERR,ERR,ERR,ERR,ERR,ERR,ERR,ERR,ERR,ERR,ERR,ERR,ERR,ERR,ERR,ERR,ERR,ERR,ERR,ERR,ERR,ERR,ERR,ERR,ERR,ERR,ERR,ERR,ERR,ERR,ERR,ERR,ERR,ERR,ERR,ERR,ERR,ERR,ERR,ERR,ERR,ERR,ERR,ERR,ERR,ERR,ERR,ERR,ERR,ERR,ERR,ERR,ERR,ERR,ERR,ERR,ERR,ERR,ERR,ERR,ERR,ERR,ERR,ERR,ERR,ERR,ERR,ERR,ERR,ERR,ERR,ERR,ERR,ERR,ERR,ERR,ERR,ERR,ERR,ERR,ERR,ERR,ERR,ERR,ERR,ERR,ERR,ERR,ERR,ERR,ERR,ERR,ERR,ERR,ERR,ERR,ERR,ERR,ERR,ERR,ERR,ERR,ERR,ERR,ERR,ERR,ERR,ERR,ERR,ERR,ERR,ERR,ERR,ERR,ERR,ERR,ERR,ERR,ERR,ERR,ERR,ERR,0.0,0.0,-134474944.0,0.0,0.0,1.3936040501711995e+18,7.805,0.0,0,0,4,0,8422,0.0,45,0.0,0.0,0.0,0.0,0.0,0,0,0,0,0.0,0,0,0,0,0,0,0,0,0,0,0,0,0,0,0,0,0,0,0,0,0,0,0,0,0,0,0,0,0,0,0,0,0,38,14,7,45,65476,0,300,0,0,8,21553,0.0,-107605600.0,0.0,0.0,0.0,0.0,0.0,0.0,0.0,0.0,0.0,0.0,0.0,0.0,0.0,0.0,0.0,0.0,0.0,0.0,0.0,0.0,2.004,2.004,-0.0,0.0,0.0,0.0,0.0,0.0,4823.0,-1.0406646380929485e+34,0.0,2.718428940004181e+23,0.0,-107615280.0,2.718429300292151e+23,0.0,0.0,0.0,0.0,53,-0.0,0.059,0.0,0.0,0.0,0.0,0.0,0.0,0.0,0,0,0,0.0,0.0,0.0,0.0,0.0,0.0,0.0,0.0,0.0,0.0,0.0,0.0,0.0,0.0,0.0,0.0,0,-107875648.0,53,0.0,106,-107614832.0,0.0,ERR,ERR,ERR,ERR,ERR,ERR,ERR,ERR,ERR,ERR,ERR,ERR,ERR,ERR,ERR,ERR,ERR,ERR,ERR,ERR,ERR,ERR,ERR,ERR,ERR,ERR,ERR,ERR,ERR,ERR,ERR,ERR,ERR,ERR,ERR,ERR,ERR,ERR,ERR,ERR,ERR,ERR,ERR,ERR,ERR,ERR,ERR,ERR,ERR,ERR,ERR,ERR,ERR,ERR,ERR,ERR,ERR,ERR,ERR,ERR,ERR,ERR,ERR,ERR,ERR,ERR,ERR,50.0,60.0,100,0.0,0.0,0.0,0.0,0.0,0.0,0.0,0.0,0.0,0.0,0.0,0.0,0.0,0.0,0.0,0.0,61.6,73,14,65513,50,65476,0,300,0,0,8,20529,65476,0,0,26214,60.0,0.0,0.0,0.0,0.0,0.0
2026-05-17T18:52:23,ERR,ERR,ERR,ERR,ERR,ERR,ERR,ERR,ERR,ERR,ERR,ERR,ERR,ERR,ERR,ERR,ERR,ERR,ERR,ERR,ERR,ERR,ERR,ERR,ERR,ERR,ERR,ERR,ERR,ERR,ERR,ERR,ERR,ERR,ERR,ERR,ERR,ERR,ERR,ERR,ERR,ERR,ERR,ERR,ERR,ERR,ERR,ERR,ERR,ERR,ERR,ERR,ERR,ERR,ERR,ERR,ERR,ERR,ERR,ERR,ERR,ERR,ERR,ERR,ERR,ERR,ERR,ERR,ERR,ERR,ERR,ERR,ERR,ERR,ERR,ERR,ERR,ERR,ERR,ERR,ERR,ERR,ERR,ERR,ERR,ERR,ERR,ERR,ERR,ERR,ERR,ERR,ERR,ERR,ERR,ERR,ERR,ERR,ERR,ERR,ERR,ERR,ERR,ERR,ERR,ERR,ERR,ERR,ERR,ERR,ERR,ERR,ERR,ERR,ERR,ERR,ERR,ERR,ERR,ERR,ERR,ERR,ERR,ERR,ERR,0.0,0.0,-134474944.0,0.0,0.0,1.3936040501711995e+18,7.805,0.0,0,0,4,0,8422,0.0,45,0.0,0.0,0.0,0.0,0.0,0,0,0,0,0.0,0,0,0,0,0,0,0,0,0,0,0,0,0,0,0,0,0,0,0,0,0,0,0,0,0,0,0,0,0,0,0,0,0,38,14,7,45,65476,0,300,0,0,8,21553,0.0,-107605600.0,0.0,0.0,0.0,0.0,0.0,0.0,0.0,0.0,0.0,0.0,0.0,0.0,0.0,0.0,0.0,0.0,0.0,0.0,0.0,0.0,2.004,2.004,-0.0,0.0,0.0,0.0,0.0,0.0,4823.0,-1.0406646380929485e+34,0.0,2.718428940004181e+23,0.0,-107615280.0,2.718429300292151e+23,0.0,0.0,0.0,0.0,53,-0.0,0.059,0.0,0.0,0.0,0.0,0.0,0.0,0.0,0,0,0,0.0,0.0,0.0,0.0,0.0,0.0,0.0,0.0,0.0,0.0,0.0,0.0,0.0,0.0,0.0,0.0,0,-107875648.0,53,0.0,106,-107614832.0,0.0,ERR,ERR,ERR,ERR,ERR,ERR,ERR,ERR,ERR,ERR,ERR,ERR,ERR,ERR,ERR,ERR,ERR,ERR,ERR,ERR,ERR,ERR,ERR,ERR,ERR,ERR,ERR,ERR,ERR,ERR,ERR,ERR,ERR,ERR,ERR,ERR,ERR,ERR,ERR,ERR,ERR,ERR,ERR,ERR,ERR,ERR,ERR,ERR,ERR,ERR,ERR,ERR,ERR,ERR,ERR,ERR,ERR,ERR,ERR,ERR,ERR,ERR,ERR,ERR,ERR,ERR,ERR,50.0,60.0,100,0.0,0.0,0.0,0.0,0.0,0.0,0.0,0.0,0.0,0.0,0.0,0.0,0.0,0.0,0.0,0.0,61.6,73,14,65513,50,65476,0,300,0,0,8,20529,65476,0,0,26214,60.0,0.0,0.0,0.0,0.0,0.0
2026-05-17T18:52:24,ERR,ERR,ERR,ERR,ERR,ERR,ERR,ERR,ERR,ERR,ERR,ERR,ERR,ERR,ERR,ERR,ERR,ERR,ERR,ERR,ERR,ERR,ERR,ERR,ERR,ERR,ERR,ERR,ERR,ERR,ERR,ERR,ERR,ERR,ERR,ERR,ERR,ERR,ERR,ERR,ERR,ERR,ERR,ERR,ERR,ERR,ERR,ERR,ERR,ERR,ERR,ERR,ERR,ERR,ERR,ERR,ERR,ERR,ERR,ERR,ERR,ERR,ERR,ERR,ERR,ERR,ERR,ERR,ERR,ERR,ERR,ERR,ERR,ERR,ERR,ERR,ERR,ERR,ERR,ERR,ERR,ERR,ERR,ERR,ERR,ERR,ERR,ERR,ERR,ERR,ERR,ERR,ERR,ERR,ERR,ERR,ERR,ERR,ERR,ERR,ERR,ERR,ERR,ERR,ERR,ERR,ERR,ERR,ERR,ERR,ERR,ERR,ERR,ERR,ERR,ERR,ERR,ERR,ERR,ERR,ERR,ERR,ERR,ERR,ERR,0.0,0.0,-134474944.0,0.0,0.0,1.3936040501711995e+18,7.805,0.0,0,0,4,0,8422,0.0,45,0.0,0.0,0.0,0.0,0.0,0,0,0,0,0.0,0,0,0,0,0,0,0,0,0,0,0,0,0,0,0,0,0,0,0,0,0,0,0,0,0,0,0,0,0,0,0,0,0,38,14,7,45,65476,0,300,0,0,8,21553,0.0,-107605600.0,0.0,0.0,0.0,0.0,0.0,0.0,0.0,0.0,0.0,0.0,0.0,0.0,0.0,0.0,0.0,0.0,0.0,0.0,0.0,0.0,2.004,2.004,-0.0,0.0,0.0,0.0,0.0,0.0,4823.0,-1.0406646380929485e+34,0.0,2.718428940004181e+23,0.0,-107615280.0,2.718429300292151e+23,0.0,0.0,0.0,0.0,53,-0.0,0.059,0.0,0.0,0.0,0.0,0.0,0.0,0.0,0,0,0,0.0,0.0,0.0,0.0,0.0,0.0,0.0,0.0,0.0,0.0,0.0,0.0,0.0,0.0,0.0,0.0,0,-107875648.0,53,0.0,106,-107614832.0,0.0,ERR,ERR,ERR,ERR,ERR,ERR,ERR,ERR,ERR,ERR,ERR,ERR,ERR,ERR,ERR,ERR,ERR,ERR,ERR,ERR,ERR,ERR,ERR,ERR,ERR,ERR,ERR,ERR,ERR,ERR,ERR,ERR,ERR,ERR,ERR,ERR,ERR,ERR,ERR,ERR,ERR,ERR,ERR,ERR,ERR,ERR,ERR,ERR,ERR,ERR,ERR,ERR,ERR,ERR,ERR,ERR,ERR,ERR,ERR,ERR,ERR,ERR,ERR,ERR,ERR,ERR,ERR,50.0,60.0,100,0.0,0.0,0.0,0.0,0.0,0.0,0.0,0.0,0.0,0.0,0.0,0.0,0.0,0.0,0.0,0.0,61.6,73,14,65513,50,65476,0,300,0,0,8,20529,65476,0,0,26214,60.0,0.0,0.0,0.0,0.0,0.0
2026-05-17T18:52:25,ERR,ERR,ERR,ERR,ERR,ERR,ERR,ERR,ERR,ERR,ERR,ERR,ERR,ERR,ERR,ERR,ERR,ERR,ERR,ERR,ERR,ERR,ERR,ERR,ERR,ERR,ERR,ERR,ERR,ERR,ERR,ERR,ERR,ERR,ERR,ERR,ERR,ERR,ERR,ERR,ERR,ERR,ERR,ERR,ERR,ERR,ERR,ERR,ERR,ERR,ERR,ERR,ERR,ERR,ERR,ERR,ERR,ERR,ERR,ERR,ERR,ERR,ERR,ERR,ERR,ERR,ERR,ERR,ERR,ERR,ERR,ERR,ERR,ERR,ERR,ERR,ERR,ERR,ERR,ERR,ERR,ERR,ERR,ERR,ERR,ERR,ERR,ERR,ERR,ERR,ERR,ERR,ERR,ERR,ERR,ERR,ERR,ERR,ERR,ERR,ERR,ERR,ERR,ERR,ERR,ERR,ERR,ERR,ERR,ERR,ERR,ERR,ERR,ERR,ERR,ERR,ERR,ERR,ERR,ERR,ERR,ERR,ERR,ERR,ERR,0.0,0.0,-134474944.0,0.0,0.0,1.3936040501711995e+18,7.805,0.0,0,0,4,0,8422,0.0,45,0.0,0.0,0.0,0.0,0.0,0,0,0,0,0.0,0,0,0,0,0,0,0,0,0,0,0,0,0,0,0,0,0,0,0,0,0,0,0,0,0,0,0,0,0,0,0,0,0,38,14,7,45,65476,0,300,0,0,8,21553,0.0,-107605600.0,0.0,0.0,0.0,0.0,0.0,0.0,0.0,0.0,0.0,0.0,0.0,0.0,0.0,0.0,0.0,0.0,0.0,0.0,0.0,0.0,2.004,2.004,-0.0,0.0,0.0,0.0,0.0,0.0,4823.0,-1.0406646380929485e+34,0.0,2.718428940004181e+23,0.0,-107615280.0,2.718429300292151e+23,0.0,0.0,0.0,0.0,53,-0.0,0.059,0.0,0.0,0.0,0.0,0.0,0.0,0.0,0,0,0,0.0,0.0,0.0,0.0,0.0,0.0,0.0,0.0,0.0,0.0,0.0,0.0,0.0,0.0,0.0,0.0,0,-107875648.0,53,0.0,106,-107614832.0,0.0,ERR,ERR,ERR,ERR,ERR,ERR,ERR,ERR,ERR,ERR,ERR,ERR,ERR,ERR,ERR,ERR,ERR,ERR,ERR,ERR,ERR,ERR,ERR,ERR,ERR,ERR,ERR,ERR,ERR,ERR,ERR,ERR,ERR,ERR,ERR,ERR,ERR,ERR,ERR,ERR,ERR,ERR,ERR,ERR,ERR,ERR,ERR,ERR,ERR,ERR,ERR,ERR,ERR,ERR,ERR,ERR,ERR,ERR,ERR,ERR,ERR,ERR,ERR,ERR,ERR,ERR,ERR,50.0,60.0,100,0.0,0.0,0.0,0.0,0.0,0.0,0.0,0.0,0.0,0.0,0.0,0.0,0.0,0.0,0.0,0.0,61.6,73,14,65513,50,65476,0,300,0,0,8,20529,65476,0,0,26214,60.0,0.0,0.0,0.0,0.0,0.0
2026-05-17T18:52:26,ERR,ERR,ERR,ERR,ERR,ERR,ERR,ERR,ERR,ERR,ERR,ERR,ERR,ERR,ERR,ERR,ERR,ERR,ERR,ERR,ERR,ERR,ERR,ERR,ERR,ERR,ERR,ERR,ERR,ERR,ERR,ERR,ERR,ERR,ERR,ERR,ERR,ERR,ERR,ERR,ERR,ERR,ERR,ERR,ERR,ERR,ERR,ERR,ERR,ERR,ERR,ERR,ERR,ERR,ERR,ERR,ERR,ERR,ERR,ERR,ERR,ERR,ERR,ERR,ERR,ERR,ERR,ERR,ERR,ERR,ERR,ERR,ERR,ERR,ERR,ERR,ERR,ERR,ERR,ERR,ERR,ERR,ERR,ERR,ERR,ERR,ERR,ERR,ERR,ERR,ERR,ERR,ERR,ERR,ERR,ERR,ERR,ERR,ERR,ERR,ERR,ERR,ERR,ERR,ERR,ERR,ERR,ERR,ERR,ERR,ERR,ERR,ERR,ERR,ERR,ERR,ERR,ERR,ERR,ERR,ERR,ERR,ERR,ERR,ERR,0.0,0.0,-134474944.0,0.0,0.0,1.3936040501711995e+18,7.805,0.0,0,0,4,0,8422,0.0,45,0.0,0.0,0.0,0.0,0.0,0,0,0,0,0.0,0,0,0,0,0,0,0,0,0,0,0,0,0,0,0,0,0,0,0,0,0,0,0,0,0,0,0,0,0,0,0,0,0,38,14,7,45,65476,0,300,0,0,8,21553,0.0,-107605600.0,0.0,0.0,0.0,0.0,0.0,0.0,0.0,0.0,0.0,0.0,0.0,0.0,0.0,0.0,0.0,0.0,0.0,0.0,0.0,0.0,2.004,2.004,-0.0,0.0,0.0,0.0,0.0,0.0,4823.0,-1.0406646380929485e+34,0.0,2.718428940004181e+23,0.0,-107615280.0,2.718429300292151e+23,0.0,0.0,0.0,0.0,53,-0.0,0.059,0.0,0.0,0.0,0.0,0.0,0.0,0.0,0,0,0,0.0,0.0,0.0,0.0,0.0,0.0,0.0,0.0,0.0,0.0,0.0,0.0,0.0,0.0,0.0,0.0,0,-107875648.0,53,0.0,106,-107614832.0,0.0,ERR,ERR,ERR,ERR,ERR,ERR,ERR,ERR,ERR,ERR,ERR,ERR,ERR,ERR,ERR,ERR,ERR,ERR,ERR,ERR,ERR,ERR,ERR,ERR,ERR,ERR,ERR,ERR,ERR,ERR,ERR,ERR,ERR,ERR,ERR,ERR,ERR,ERR,ERR,ERR,ERR,ERR,ERR,ERR,ERR,ERR,ERR,ERR,ERR,ERR,ERR,ERR,ERR,ERR,ERR,ERR,ERR,ERR,ERR,ERR,ERR,ERR,ERR,ERR,ERR,ERR,ERR,50.0,60.0,100,0.0,0.0,0.0,0.0,0.0,0.0,0.0,0.0,0.0,0.0,0.0,0.0,0.0,0.0,0.0,0.0,61.6,73,14,65513,50,65476,0,300,0,0,8,20529,65476,0,0,26214,60.0,0.0,0.0,0.0,0.0,0.0
2026-05-17T18:52:27,ERR,ERR,ERR,ERR,ERR,ERR,ERR,ERR,ERR,ERR,ERR,ERR,ERR,ERR,ERR,ERR,ERR,ERR,ERR,ERR,ERR,ERR,ERR,ERR,ERR,ERR,ERR,ERR,ERR,ERR,ERR,ERR,ERR,ERR,ERR,ERR,ERR,ERR,ERR,ERR,ERR,ERR,ERR,ERR,ERR,ERR,ERR,ERR,ERR,ERR,ERR,ERR,ERR,ERR,ERR,ERR,ERR,ERR,ERR,ERR,ERR,ERR,ERR,ERR,ERR,ERR,ERR,ERR,ERR,ERR,ERR,ERR,ERR,ERR,ERR,ERR,ERR,ERR,ERR,ERR,ERR,ERR,ERR,ERR,ERR,ERR,ERR,ERR,ERR,ERR,ERR,ERR,ERR,ERR,ERR,ERR,ERR,ERR,ERR,ERR,ERR,ERR,ERR,ERR,ERR,ERR,ERR,ERR,ERR,ERR,ERR,ERR,ERR,ERR,ERR,ERR,ERR,ERR,ERR,ERR,ERR,ERR,ERR,ERR,ERR,0.0,0.0,-134474944.0,0.0,0.0,1.3936040501711995e+18,7.805,0.0,0,0,4,0,8422,0.0,45,0.0,0.0,0.0,0.0,0.0,0,0,0,0,0.0,0,0,0,0,0,0,0,0,0,0,0,0,0,0,0,0,0,0,0,0,0,0,0,0,0,0,0,0,0,0,0,0,0,38,14,7,45,65476,0,300,0,0,8,21553,0.0,-107605600.0,0.0,0.0,0.0,0.0,0.0,0.0,0.0,0.0,0.0,0.0,0.0,0.0,0.0,0.0,0.0,0.0,0.0,0.0,0.0,0.0,2.004,2.004,-0.0,0.0,0.0,0.0,0.0,0.0,4857.0,564145497833472.0,0.0,0.0,0.0,-107615280.0,2.718429300292151e+23,0.0,0.0,0.0,0.0,53,-0.0,-0.0,0.0,0.0,0.0,0.0,0.0,0.0,0.0,0,0,0,0.0,0.0,0.0,0.0,0.0,0.0,0.0,0.0,0.0,0.0,0.0,0.0,0.0,0.0,0.0,0.0,0,-107875648.0,53,0.0,106,-107614832.0,0.0,ERR,ERR,ERR,ERR,ERR,ERR,ERR,ERR,ERR,ERR,ERR,ERR,ERR,ERR,ERR,ERR,ERR,ERR,ERR,ERR,ERR,ERR,ERR,ERR,ERR,ERR,ERR,ERR,ERR,ERR,ERR,ERR,ERR,ERR,ERR,ERR,ERR,ERR,ERR,ERR,ERR,ERR,ERR,ERR,ERR,ERR,ERR,ERR,ERR,ERR,ERR,ERR,ERR,ERR,ERR,ERR,ERR,ERR,ERR,ERR,ERR,ERR,ERR,ERR,ERR,ERR,ERR,50.0,60.0,100,0.0,0.0,0.0,0.0,0.0,0.0,0.0,0.0,0.0,0.0,0.0,0.0,0.0,0.0,0.0,0.0,61.6,73,14,65513,50,65476,0,300,0,0,8,20529,65476,0,0,26214,60.0,0.0,0.0,0.0,0.0,0.0
2026-05-17T18:52:28,ERR,ERR,ERR,ERR,ERR,ERR,ERR,ERR,ERR,ERR,ERR,ERR,ERR,ERR,ERR,ERR,ERR,ERR,ERR,ERR,ERR,ERR,ERR,ERR,ERR,ERR,ERR,ERR,ERR,ERR,ERR,ERR,ERR,ERR,ERR,ERR,ERR,ERR,ERR,ERR,ERR,ERR,ERR,ERR,ERR,ERR,ERR,ERR,ERR,ERR,ERR,ERR,ERR,ERR,ERR,ERR,ERR,ERR,ERR,ERR,ERR,ERR,ERR,ERR,ERR,ERR,ERR,ERR,ERR,ERR,ERR,ERR,ERR,ERR,ERR,ERR,ERR,ERR,ERR,ERR,ERR,ERR,ERR,ERR,ERR,ERR,ERR,ERR,ERR,ERR,ERR,ERR,ERR,ERR,ERR,ERR,ERR,ERR,ERR,ERR,ERR,ERR,ERR,ERR,ERR,ERR,ERR,ERR,ERR,ERR,ERR,ERR,ERR,ERR,ERR,ERR,ERR,ERR,ERR,ERR,ERR,ERR,ERR,ERR,ERR,0.0,0.0,-134474944.0,0.0,0.0,1.3936040501711995e+18,7.805,0.0,0,0,4,0,8422,0.0,45,0.0,0.0,0.0,0.0,0.0,0,0,0,0,0.0,0,0,0,0,0,0,0,0,0,0,0,0,0,0,0,0,0,0,0,0,0,0,0,0,0,0,0,0,0,0,0,0,0,38,14,7,45,65476,0,300,0,0,8,21553,0.0,-107605600.0,0.0,0.0,0.0,0.0,0.0,0.0,0.0,0.0,0.0,0.0,0.0,0.0,0.0,0.0,0.0,0.0,0.0,0.0,0.0,0.0,2.004,2.004,-0.0,0.0,0.0,0.0,0.0,0.0,4857.0,564145497833472.0,0.0,0.0,0.0,-107615280.0,2.718429300292151e+23,0.0,0.0,0.0,0.0,53,-0.0,-0.0,0.0,0.0,0.0,0.0,0.0,0.0,0.0,0,0,0,0.0,0.0,0.0,0.0,0.0,0.0,0.0,0.0,0.0,0.0,0.0,0.0,0.0,0.0,0.0,0.0,0,-107875648.0,53,0.0,106,-107614832.0,0.0,ERR,ERR,ERR,ERR,ERR,ERR,ERR,ERR,ERR,ERR,ERR,ERR,ERR,ERR,ERR,ERR,ERR,ERR,ERR,ERR,ERR,ERR,ERR,ERR,ERR,ERR,ERR,ERR,ERR,ERR,ERR,ERR,ERR,ERR,ERR,ERR,ERR,ERR,ERR,ERR,ERR,ERR,ERR,ERR,ERR,ERR,ERR,ERR,ERR,ERR,ERR,ERR,ERR,ERR,ERR,ERR,ERR,ERR,ERR,ERR,ERR,ERR,ERR,ERR,ERR,ERR,ERR,50.0,60.0,100,0.0,0.0,0.0,0.0,0.0,0.0,0.0,0.0,0.0,0.0,0.0,0.0,0.0,0.0,0.0,0.0,61.6,73,14,65513,50,65476,0,300,0,0,8,20529,65476,0,0,26214,60.0,0.0,0.0,0.0,0.0,0.0
2026-05-17T18:52:29,ERR,ERR,ERR,ERR,ERR,ERR,ERR,ERR,ERR,ERR,ERR,ERR,ERR,ERR,ERR,ERR,ERR,ERR,ERR,ERR,ERR,ERR,ERR,ERR,ERR,ERR,ERR,ERR,ERR,ERR,ERR,ERR,ERR,ERR,ERR,ERR,ERR,ERR,ERR,ERR,ERR,ERR,ERR,ERR,ERR,ERR,ERR,ERR,ERR,ERR,ERR,ERR,ERR,ERR,ERR,ERR,ERR,ERR,ERR,ERR,ERR,ERR,ERR,ERR,ERR,ERR,ERR,ERR,ERR,ERR,ERR,ERR,ERR,ERR,ERR,ERR,ERR,ERR,ERR,ERR,ERR,ERR,ERR,ERR,ERR,ERR,ERR,ERR,ERR,ERR,ERR,ERR,ERR,ERR,ERR,ERR,ERR,ERR,ERR,ERR,ERR,ERR,ERR,ERR,ERR,ERR,ERR,ERR,ERR,ERR,ERR,ERR,ERR,ERR,ERR,ERR,ERR,ERR,ERR,ERR,ERR,ERR,ERR,ERR,ERR,0.0,0.0,-134474944.0,0.0,0.0,1.3936040501711995e+18,7.805,0.0,0,0,4,0,8422,0.0,45,0.0,0.0,0.0,0.0,0.0,0,0,0,0,0.0,0,0,0,0,0,0,0,0,0,0,0,0,0,0,0,0,0,0,0,0,0,0,0,0,0,0,0,0,0,0,0,0,0,38,14,7,45,65476,0,300,0,0,8,21553,0.0,-107605600.0,0.0,0.0,0.0,0.0,0.0,0.0,0.0,0.0,0.0,0.0,0.0,0.0,0.0,0.0,0.0,0.0,0.0,0.0,0.0,0.0,2.004,2.004,-0.0,0.0,0.0,0.0,0.0,0.0,4857.0,564145497833472.0,0.0,0.0,0.0,-107615280.0,2.718429300292151e+23,0.0,0.0,0.0,0.0,53,-0.0,-0.0,0.0,0.0,0.0,0.0,0.0,0.0,0.0,0,0,0,0.0,0.0,0.0,0.0,0.0,0.0,0.0,0.0,0.0,0.0,0.0,0.0,0.0,0.0,0.0,0.0,0,-107875648.0,53,0.0,106,-107614832.0,0.0,ERR,ERR,ERR,ERR,ERR,ERR,ERR,ERR,ERR,ERR,ERR,ERR,ERR,ERR,ERR,ERR,ERR,ERR,ERR,ERR,ERR,ERR,ERR,ERR,ERR,ERR,ERR,ERR,ERR,ERR,ERR,ERR,ERR,ERR,ERR,ERR,ERR,ERR,ERR,ERR,ERR,ERR,ERR,ERR,ERR,ERR,ERR,ERR,ERR,ERR,ERR,ERR,ERR,ERR,ERR,ERR,ERR,ERR,ERR,ERR,ERR,ERR,ERR,ERR,ERR,ERR,ERR,50.0,60.0,100,0.0,0.0,0.0,0.0,0.0,0.0,0.0,0.0,0.0,0.0,0.0,0.0,0.0,0.0,0.0,0.0,61.6,73,14,65513,50,65476,0,300,0,0,8,20529,65476,0,0,26214,60.0,0.0,0.0,0.0,0.0,0.0
2026-05-17T18:52:30,ERR,ERR,ERR,ERR,ERR,ERR,ERR,ERR,ERR,ERR,ERR,ERR,ERR,ERR,ERR,ERR,ERR,ERR,ERR,ERR,ERR,ERR,ERR,ERR,ERR,ERR,ERR,ERR,ERR,ERR,ERR,ERR,ERR,ERR,ERR,ERR,ERR,ERR,ERR,ERR,ERR,ERR,ERR,ERR,ERR,ERR,ERR,ERR,ERR,ERR,ERR,ERR,ERR,ERR,ERR,ERR,ERR,ERR,ERR,ERR,ERR,ERR,ERR,ERR,ERR,ERR,ERR,ERR,ERR,ERR,ERR,ERR,ERR,ERR,ERR,ERR,ERR,ERR,ERR,ERR,ERR,ERR,ERR,ERR,ERR,ERR,ERR,ERR,ERR,ERR,ERR,ERR,ERR,ERR,ERR,ERR,ERR,ERR,ERR,ERR,ERR,ERR,ERR,ERR,ERR,ERR,ERR,ERR,ERR,ERR,ERR,ERR,ERR,ERR,ERR,ERR,ERR,ERR,ERR,ERR,ERR,ERR,ERR,ERR,ERR,0.0,0.0,-134474944.0,0.0,0.0,1.3936040501711995e+18,7.805,0.0,0,0,4,0,8422,0.0,45,0.0,0.0,0.0,0.0,0.0,0,0,0,0,0.0,0,0,0,0,0,0,0,0,0,0,0,0,0,0,0,0,0,0,0,0,0,0,0,0,0,0,0,0,0,0,0,0,0,38,14,7,45,65476,0,300,0,0,8,21553,0.0,-107605600.0,0.0,0.0,0.0,0.0,0.0,0.0,0.0,0.0,0.0,0.0,0.0,0.0,0.0,0.0,0.0,0.0,0.0,0.0,0.0,0.0,2.004,2.004,-0.0,0.0,0.0,0.0,0.0,0.0,4857.0,564145497833472.0,0.0,0.0,0.0,-107615280.0,2.718429300292151e+23,0.0,0.0,0.0,0.0,53,-0.0,-0.0,0.0,0.0,0.0,0.0,0.0,0.0,0.0,0,0,0,0.0,0.0,0.0,0.0,0.0,0.0,0.0,0.0,0.0,0.0,0.0,0.0,0.0,0.0,0.0,0.0,0,-107875648.0,53,0.0,106,-107614832.0,0.0,ERR,ERR,ERR,ERR,ERR,ERR,ERR,ERR,ERR,ERR,ERR,ERR,ERR,ERR,ERR,ERR,ERR,ERR,ERR,ERR,ERR,ERR,ERR,ERR,ERR,ERR,ERR,ERR,ERR,ERR,ERR,ERR,ERR,ERR,ERR,ERR,ERR,ERR,ERR,ERR,ERR,ERR,ERR,ERR,ERR,ERR,ERR,ERR,ERR,ERR,ERR,ERR,ERR,ERR,ERR,ERR,ERR,ERR,ERR,ERR,ERR,ERR,ERR,ERR,ERR,ERR,ERR,50.0,60.0,100,0.0,0.0,0.0,0.0,0.0,0.0,0.0,0.0,0.0,0.0,0.0,0.0,0.0,0.0,0.0,0.0,62.0,73,14,65513,50,65476,0,300,0,0,8,20529,65476,0,0,26214,60.0,0.0,0.0,0.0,0.0,0.0
2026-05-17T18:52:31,ERR,ERR,ERR,ERR,ERR,ERR,ERR,ERR,ERR,ERR,ERR,ERR,ERR,ERR,ERR,ERR,ERR,ERR,ERR,ERR,ERR,ERR,ERR,ERR,ERR,ERR,ERR,ERR,ERR,ERR,ERR,ERR,ERR,ERR,ERR,ERR,ERR,ERR,ERR,ERR,ERR,ERR,ERR,ERR,ERR,ERR,ERR,ERR,ERR,ERR,ERR,ERR,ERR,ERR,ERR,ERR,ERR,ERR,ERR,ERR,ERR,ERR,ERR,ERR,ERR,ERR,ERR,ERR,ERR,ERR,ERR,ERR,ERR,ERR,ERR,ERR,ERR,ERR,ERR,ERR,ERR,ERR,ERR,ERR,ERR,ERR,ERR,ERR,ERR,ERR,ERR,ERR,ERR,ERR,ERR,ERR,ERR,ERR,ERR,ERR,ERR,ERR,ERR,ERR,ERR,ERR,ERR,ERR,ERR,ERR,ERR,ERR,ERR,ERR,ERR,ERR,ERR,ERR,ERR,ERR,ERR,ERR,ERR,ERR,ERR,0.0,0.0,-134474944.0,0.0,0.0,1.3936040501711995e+18,7.805,0.0,0,0,4,0,8422,0.0,45,0.0,0.0,0.0,0.0,0.0,0,0,0,0,0.0,0,0,0,0,0,0,0,0,0,0,0,0,0,0,0,0,0,0,0,0,0,0,0,0,0,0,0,0,0,0,0,0,0,38,14,7,45,65476,0,300,0,0,8,21553,0.0,-107605600.0,0.0,0.0,0.0,0.0,0.0,0.0,0.0,0.0,0.0,0.0,0.0,0.0,0.0,0.0,0.0,0.0,0.0,0.0,0.0,0.0,2.004,2.004,-0.0,0.0,0.0,0.0,0.0,0.0,4857.0,564145497833472.0,0.0,0.0,0.0,-107615280.0,2.718429300292151e+23,0.0,0.0,0.0,0.0,53,-0.0,-0.0,0.0,0.0,0.0,0.0,0.0,0.0,0.0,0,0,0,0.0,0.0,0.0,0.0,0.0,0.0,0.0,0.0,0.0,0.0,0.0,0.0,0.0,0.0,0.0,0.0,0,-107875648.0,53,0.0,106,-107614832.0,0.0,ERR,ERR,ERR,ERR,ERR,ERR,ERR,ERR,ERR,ERR,ERR,ERR,ERR,ERR,ERR,ERR,ERR,ERR,ERR,ERR,ERR,ERR,ERR,ERR,ERR,ERR,ERR,ERR,ERR,ERR,ERR,ERR,ERR,ERR,ERR,ERR,ERR,ERR,ERR,ERR,ERR,ERR,ERR,ERR,ERR,ERR,ERR,ERR,ERR,ERR,ERR,ERR,ERR,ERR,ERR,ERR,ERR,ERR,ERR,ERR,ERR,ERR,ERR,ERR,ERR,ERR,ERR,50.0,60.0,100,0.0,0.0,0.0,0.0,0.0,0.0,0.0,0.0,0.0,0.0,0.0,0.0,0.0,0.0,0.0,0.0,62.0,73,14,65513,50,65476,0,300,0,0,8,20529,65476,0,0,26214,60.0,0.0,0.0,0.0,0.0,0.0
2026-05-17T18:52:32,ERR,ERR,ERR,ERR,ERR,ERR,ERR,ERR,ERR,ERR,ERR,ERR,ERR,ERR,ERR,ERR,ERR,ERR,ERR,ERR,ERR,ERR,ERR,ERR,ERR,ERR,ERR,ERR,ERR,ERR,ERR,ERR,ERR,ERR,ERR,ERR,ERR,ERR,ERR,ERR,ERR,ERR,ERR,ERR,ERR,ERR,ERR,ERR,ERR,ERR,ERR,ERR,ERR,ERR,ERR,ERR,ERR,ERR,ERR,ERR,ERR,ERR,ERR,ERR,ERR,ERR,ERR,ERR,ERR,ERR,ERR,ERR,ERR,ERR,ERR,ERR,ERR,ERR,ERR,ERR,ERR,ERR,ERR,ERR,ERR,ERR,ERR,ERR,ERR,ERR,ERR,ERR,ERR,ERR,ERR,ERR,ERR,ERR,ERR,ERR,ERR,ERR,ERR,ERR,ERR,ERR,ERR,ERR,ERR,ERR,ERR,ERR,ERR,ERR,ERR,ERR,ERR,ERR,ERR,ERR,ERR,ERR,ERR,ERR,ERR,0.0,0.0,-134474944.0,0.0,0.0,1.3936040501711995e+18,7.805,0.0,0,0,4,0,8422,0.0,45,0.0,0.0,0.0,0.0,0.0,0,0,0,0,0.0,0,0,0,0,0,0,0,0,0,0,0,0,0,0,0,0,0,0,0,0,0,0,0,0,0,0,0,0,0,0,0,0,0,38,14,7,45,65476,0,300,0,0,8,21553,0.0,-107605600.0,0.0,0.0,0.0,0.0,0.0,0.0,0.0,0.0,0.0,0.0,0.0,0.0,0.0,0.0,0.0,0.0,0.0,0.0,0.0,0.0,2.004,2.004,-0.0,0.0,0.0,0.0,0.0,0.0,4825.0,-0.0,0.0,0.0,0.0,-107615280.0,2.718429300292151e+23,0.0,0.0,0.0,0.0,53,-0.0,-152017146216448.0,0.0,0.0,0.0,0.0,0.0,0.0,0.0,0,0,0,0.0,0.0,0.0,0.0,0.0,0.0,0.0,0.0,0.0,0.0,0.0,0.0,0.0,0.0,0.0,0.0,0,-107875648.0,53,0.0,106,-107614832.0,0.0,ERR,ERR,ERR,ERR,ERR,ERR,ERR,ERR,ERR,ERR,ERR,ERR,ERR,ERR,ERR,ERR,ERR,ERR,ERR,ERR,ERR,ERR,ERR,ERR,ERR,ERR,ERR,ERR,ERR,ERR,ERR,ERR,ERR,ERR,ERR,ERR,ERR,ERR,ERR,ERR,ERR,ERR,ERR,ERR,ERR,ERR,ERR,ERR,ERR,ERR,ERR,ERR,ERR,ERR,ERR,ERR,ERR,ERR,ERR,ERR,ERR,ERR,ERR,ERR,ERR,ERR,ERR,50.0,60.0,100,0.0,0.0,0.0,0.0,0.0,0.0,0.0,0.0,0.0,0.0,0.0,0.0,0.0,0.0,0.0,0.0,61.6,73,14,65513,50,65476,0,300,0,0,8,20529,65476,0,0,26214,60.0,0.0,0.0,0.0,0.0,0.0
2026-05-17T18:52:33,ERR,ERR,ERR,ERR,ERR,ERR,ERR,ERR,ERR,ERR,ERR,ERR,ERR,ERR,ERR,ERR,ERR,ERR,ERR,ERR,ERR,ERR,ERR,ERR,ERR,ERR,ERR,ERR,ERR,ERR,ERR,ERR,ERR,ERR,ERR,ERR,ERR,ERR,ERR,ERR,ERR,ERR,ERR,ERR,ERR,ERR,ERR,ERR,ERR,ERR,ERR,ERR,ERR,ERR,ERR,ERR,ERR,ERR,ERR,ERR,ERR,ERR,ERR,ERR,ERR,ERR,ERR,ERR,ERR,ERR,ERR,ERR,ERR,ERR,ERR,ERR,ERR,ERR,ERR,ERR,ERR,ERR,ERR,ERR,ERR,ERR,ERR,ERR,ERR,ERR,ERR,ERR,ERR,ERR,ERR,ERR,ERR,ERR,ERR,ERR,ERR,ERR,ERR,ERR,ERR,ERR,ERR,ERR,ERR,ERR,ERR,ERR,ERR,ERR,ERR,ERR,ERR,ERR,ERR,ERR,ERR,ERR,ERR,ERR,ERR,0.0,0.0,-134474944.0,0.0,0.0,1.3936040501711995e+18,7.805,0.0,0,0,4,0,8422,0.0,45,0.0,0.0,0.0,0.0,0.0,0,0,0,0,0.0,0,0,0,0,0,0,0,0,0,0,0,0,0,0,0,0,0,0,0,0,0,0,0,0,0,0,0,0,0,0,0,0,0,38,14,7,45,65476,0,300,0,0,8,21553,0.0,-107605600.0,0.0,0.0,0.0,0.0,0.0,0.0,0.0,0.0,0.0,0.0,0.0,0.0,0.0,0.0,0.0,0.0,0.0,0.0,0.0,0.0,2.004,2.004,-0.0,0.0,0.0,0.0,0.0,0.0,4825.0,-0.0,0.0,0.0,0.0,-107615280.0,2.718429300292151e+23,0.0,0.0,0.0,0.0,53,-0.0,-152017146216448.0,0.0,0.0,0.0,0.0,0.0,0.0,0.0,0,0,0,0.0,0.0,0.0,0.0,0.0,0.0,0.0,0.0,0.0,0.0,0.0,0.0,0.0,0.0,0.0,0.0,0,-107875648.0,53,0.0,106,-107614832.0,0.0,ERR,ERR,ERR,ERR,ERR,ERR,ERR,ERR,ERR,ERR,ERR,ERR,ERR,ERR,ERR,ERR,ERR,ERR,ERR,ERR,ERR,ERR,ERR,ERR,ERR,ERR,ERR,ERR,ERR,ERR,ERR,ERR,ERR,ERR,ERR,ERR,ERR,ERR,ERR,ERR,ERR,ERR,ERR,ERR,ERR,ERR,ERR,ERR,ERR,ERR,ERR,ERR,ERR,ERR,ERR,ERR,ERR,ERR,ERR,ERR,ERR,ERR,ERR,ERR,ERR,ERR,ERR,50.0,60.0,100,0.0,0.0,0.0,0.0,0.0,0.0,0.0,0.0,0.0,0.0,0.0,0.0,0.0,0.0,0.0,0.0,61.6,73,14,65513,50,65476,0,300,0,0,8,20529,65476,0,0,26214,60.0,0.0,0.0,0.0,0.0,0.0
2026-05-17T18:52:34,ERR,ERR,ERR,ERR,ERR,ERR,ERR,ERR,ERR,ERR,ERR,ERR,ERR,ERR,ERR,ERR,ERR,ERR,ERR,ERR,ERR,ERR,ERR,ERR,ERR,ERR,ERR,ERR,ERR,ERR,ERR,ERR,ERR,ERR,ERR,ERR,ERR,ERR,ERR,ERR,ERR,ERR,ERR,ERR,ERR,ERR,ERR,ERR,ERR,ERR,ERR,ERR,ERR,ERR,ERR,ERR,ERR,ERR,ERR,ERR,ERR,ERR,ERR,ERR,ERR,ERR,ERR,ERR,ERR,ERR,ERR,ERR,ERR,ERR,ERR,ERR,ERR,ERR,ERR,ERR,ERR,ERR,ERR,ERR,ERR,ERR,ERR,ERR,ERR,ERR,ERR,ERR,ERR,ERR,ERR,ERR,ERR,ERR,ERR,ERR,ERR,ERR,ERR,ERR,ERR,ERR,ERR,ERR,ERR,ERR,ERR,ERR,ERR,ERR,ERR,ERR,ERR,ERR,ERR,ERR,ERR,ERR,ERR,ERR,ERR,0.0,0.0,-134474944.0,0.0,0.0,1.3936040501711995e+18,7.805,0.0,0,0,4,0,8422,0.0,45,0.0,0.0,0.0,0.0,0.0,0,0,0,0,0.0,0,0,0,0,0,0,0,0,0,0,0,0,0,0,0,0,0,0,0,0,0,0,0,0,0,0,0,0,0,0,0,0,0,38,14,7,45,65476,0,300,0,0,8,21553,0.0,-107605600.0,0.0,0.0,0.0,0.0,0.0,0.0,0.0,0.0,0.0,0.0,0.0,0.0,0.0,0.0,0.0,0.0,0.0,0.0,0.0,0.0,2.004,2.004,-0.0,0.0,0.0,0.0,0.0,0.0,4825.0,-0.0,0.0,0.0,0.0,-107615280.0,2.718429300292151e+23,0.0,0.0,0.0,0.0,53,-0.0,-152017146216448.0,0.0,0.0,0.0,0.0,0.0,0.0,0.0,0,0,0,0.0,0.0,0.0,0.0,0.0,0.0,0.0,0.0,0.0,0.0,0.0,0.0,0.0,0.0,0.0,0.0,0,-107875648.0,53,0.0,106,-107614832.0,0.0,ERR,ERR,ERR,ERR,ERR,ERR,ERR,ERR,ERR,ERR,ERR,ERR,ERR,ERR,ERR,ERR,ERR,ERR,ERR,ERR,ERR,ERR,ERR,ERR,ERR,ERR,ERR,ERR,ERR,ERR,ERR,ERR,ERR,ERR,ERR,ERR,ERR,ERR,ERR,ERR,ERR,ERR,ERR,ERR,ERR,ERR,ERR,ERR,ERR,ERR,ERR,ERR,ERR,ERR,ERR,ERR,ERR,ERR,ERR,ERR,ERR,ERR,ERR,ERR,ERR,ERR,ERR,50.0,60.0,100,0.0,0.0,0.0,0.0,0.0,0.0,0.0,0.0,0.0,0.0,0.0,0.0,0.0,0.0,0.0,0.0,61.6,73,14,65513,50,65476,0,300,0,0,8,20529,65476,0,0,26214,60.0,0.0,0.0,0.0,0.0,0.0
2026-05-17T18:52:35,ERR,ERR,ERR,ERR,ERR,ERR,ERR,ERR,ERR,ERR,ERR,ERR,ERR,ERR,ERR,ERR,ERR,ERR,ERR,ERR,ERR,ERR,ERR,ERR,ERR,ERR,ERR,ERR,ERR,ERR,ERR,ERR,ERR,ERR,ERR,ERR,ERR,ERR,ERR,ERR,ERR,ERR,ERR,ERR,ERR,ERR,ERR,ERR,ERR,ERR,ERR,ERR,ERR,ERR,ERR,ERR,ERR,ERR,ERR,ERR,ERR,ERR,ERR,ERR,ERR,ERR,ERR,ERR,ERR,ERR,ERR,ERR,ERR,ERR,ERR,ERR,ERR,ERR,ERR,ERR,ERR,ERR,ERR,ERR,ERR,ERR,ERR,ERR,ERR,ERR,ERR,ERR,ERR,ERR,ERR,ERR,ERR,ERR,ERR,ERR,ERR,ERR,ERR,ERR,ERR,ERR,ERR,ERR,ERR,ERR,ERR,ERR,ERR,ERR,ERR,ERR,ERR,ERR,ERR,ERR,ERR,ERR,ERR,ERR,ERR,0.0,0.0,-134474944.0,0.0,0.0,1.3936040501711995e+18,7.805,0.0,0,0,4,0,8422,0.0,45,0.0,0.0,0.0,0.0,0.0,0,0,0,0,0.0,0,0,0,0,0,0,0,0,0,0,0,0,0,0,0,0,0,0,0,0,0,0,0,0,0,0,0,0,0,0,0,0,0,38,14,7,45,65476,0,300,0,0,8,21553,0.0,-107605600.0,0.0,0.0,0.0,0.0,0.0,0.0,0.0,0.0,0.0,0.0,0.0,0.0,0.0,0.0,0.0,0.0,0.0,0.0,0.0,0.0,2.004,2.004,-0.0,0.0,0.0,0.0,0.0,0.0,4825.0,-0.0,0.0,0.0,0.0,-107615280.0,2.718429300292151e+23,0.0,0.0,0.0,0.0,53,-0.0,-152017146216448.0,0.0,0.0,0.0,0.0,0.0,0.0,0.0,0,0,0,0.0,0.0,0.0,0.0,0.0,0.0,0.0,0.0,0.0,0.0,0.0,0.0,0.0,0.0,0.0,0.0,0,-107875648.0,53,0.0,106,-107614832.0,0.0,ERR,ERR,ERR,ERR,ERR,ERR,ERR,ERR,ERR,ERR,ERR,ERR,ERR,ERR,ERR,ERR,ERR,ERR,ERR,ERR,ERR,ERR,ERR,ERR,ERR,ERR,ERR,ERR,ERR,ERR,ERR,ERR,ERR,ERR,ERR,ERR,ERR,ERR,ERR,ERR,ERR,ERR,ERR,ERR,ERR,ERR,ERR,ERR,ERR,ERR,ERR,ERR,ERR,ERR,ERR,ERR,ERR,ERR,ERR,ERR,ERR,ERR,ERR,ERR,ERR,ERR,ERR,50.0,60.0,100,0.0,0.0,0.0,0.0,0.0,0.0,0.0,0.0,0.0,0.0,0.0,0.0,0.0,0.0,0.0,0.0,61.6,73,14,65513,50,65476,0,300,0,0,8,20529,65476,0,0,26214,60.0,0.0,0.0,0.0,0.0,0.0
2026-05-17T18:52:36,ERR,ERR,ERR,ERR,ERR,ERR,ERR,ERR,ERR,ERR,ERR,ERR,ERR,ERR,ERR,ERR,ERR,ERR,ERR,ERR,ERR,ERR,ERR,ERR,ERR,ERR,ERR,ERR,ERR,ERR,ERR,ERR,ERR,ERR,ERR,ERR,ERR,ERR,ERR,ERR,ERR,ERR,ERR,ERR,ERR,ERR,ERR,ERR,ERR,ERR,ERR,ERR,ERR,ERR,ERR,ERR,ERR,ERR,ERR,ERR,ERR,ERR,ERR,ERR,ERR,ERR,ERR,ERR,ERR,ERR,ERR,ERR,ERR,ERR,ERR,ERR,ERR,ERR,ERR,ERR,ERR,ERR,ERR,ERR,ERR,ERR,ERR,ERR,ERR,ERR,ERR,ERR,ERR,ERR,ERR,ERR,ERR,ERR,ERR,ERR,ERR,ERR,ERR,ERR,ERR,ERR,ERR,ERR,ERR,ERR,ERR,ERR,ERR,ERR,ERR,ERR,ERR,ERR,ERR,ERR,ERR,ERR,ERR,ERR,ERR,0.0,0.0,-134474944.0,0.0,0.0,1.3936040501711995e+18,7.805,0.0,0,0,4,0,8422,0.0,45,0.0,0.0,0.0,0.0,0.0,0,0,0,0,0.0,0,0,0,0,0,0,0,0,0,0,0,0,0,0,0,0,0,0,0,0,0,0,0,0,0,0,0,0,0,0,0,0,0,38,14,7,45,65476,0,300,0,0,8,21553,0.0,-107605600.0,0.0,0.0,0.0,0.0,0.0,0.0,0.0,0.0,0.0,0.0,0.0,0.0,0.0,0.0,0.0,0.0,0.0,0.0,0.0,0.0,2.004,2.004,-0.0,0.0,0.0,0.0,0.0,0.0,4825.0,-0.0,0.0,0.0,0.0,-107615280.0,2.718429300292151e+23,0.0,0.0,0.0,0.0,53,-0.0,-152017146216448.0,0.0,0.0,0.0,0.0,0.0,0.0,0.0,0,0,0,0.0,0.0,0.0,0.0,0.0,0.0,0.0,0.0,0.0,0.0,0.0,0.0,0.0,0.0,0.0,0.0,0,-107875648.0,53,0.0,106,-107614832.0,0.0,ERR,ERR,ERR,ERR,ERR,ERR,ERR,ERR,ERR,ERR,ERR,ERR,ERR,ERR,ERR,ERR,ERR,ERR,ERR,ERR,ERR,ERR,ERR,ERR,ERR,ERR,ERR,ERR,ERR,ERR,ERR,ERR,ERR,ERR,ERR,ERR,ERR,ERR,ERR,ERR,ERR,ERR,ERR,ERR,ERR,ERR,ERR,ERR,ERR,ERR,ERR,ERR,ERR,ERR,ERR,ERR,ERR,ERR,ERR,ERR,ERR,ERR,ERR,ERR,ERR,ERR,ERR,50.0,60.0,100,0.0,0.0,0.0,0.0,0.0,0.0,0.0,0.0,0.0,0.0,0.0,0.0,0.0,0.0,0.0,0.0,61.6,73,14,65513,50,65476,0,300,0,0,8,20529,65476,0,0,26214,60.0,0.0,0.0,0.0,0.0,0.0
2026-05-17T18:52:37,ERR,ERR,ERR,ERR,ERR,ERR,ERR,ERR,ERR,ERR,ERR,ERR,ERR,ERR,ERR,ERR,ERR,ERR,ERR,ERR,ERR,ERR,ERR,ERR,ERR,ERR,ERR,ERR,ERR,ERR,ERR,ERR,ERR,ERR,ERR,ERR,ERR,ERR,ERR,ERR,ERR,ERR,ERR,ERR,ERR,ERR,ERR,ERR,ERR,ERR,ERR,ERR,ERR,ERR,ERR,ERR,ERR,ERR,ERR,ERR,ERR,ERR,ERR,ERR,ERR,ERR,ERR,ERR,ERR,ERR,ERR,ERR,ERR,ERR,ERR,ERR,ERR,ERR,ERR,ERR,ERR,ERR,ERR,ERR,ERR,ERR,ERR,ERR,ERR,ERR,ERR,ERR,ERR,ERR,ERR,ERR,ERR,ERR,ERR,ERR,ERR,ERR,ERR,ERR,ERR,ERR,ERR,ERR,ERR,ERR,ERR,ERR,ERR,ERR,ERR,ERR,ERR,ERR,ERR,ERR,ERR,ERR,ERR,ERR,ERR,0.0,0.0,-134474944.0,0.0,0.0,1.3936040501711995e+18,7.805,0.0,0,0,4,0,8422,0.0,45,0.0,0.0,0.0,0.0,0.0,0,0,0,0,0.0,0,0,0,0,0,0,0,0,0,0,0,0,0,0,0,0,0,0,0,0,0,0,0,0,0,0,0,0,0,0,0,0,0,38,14,7,45,65476,0,300,0,0,8,21553,0.0,-107605600.0,0.0,0.0,0.0,0.0,0.0,0.0,0.0,0.0,0.0,0.0,0.0,0.0,0.0,0.0,0.0,0.0,0.0,0.0,0.0,0.0,2.004,2.004,-0.0,0.0,0.0,0.0,0.0,0.0,4788.0,-1.587928030851661e+29,0.0,0.0,0.0,-107615280.0,2.718429300292151e+23,0.0,0.0,0.0,0.0,53,5.848083413016271e+35,-3.2219994468298344e+26,0.0,0.0,0.0,0.0,0.0,0.0,0.0,0,0,0,0.0,0.0,0.0,0.0,0.0,0.0,0.0,0.0,0.0,0.0,0.0,0.0,0.0,0.0,0.0,0.0,0,-107875648.0,53,0.0,106,-107614832.0,0.0,ERR,ERR,ERR,ERR,ERR,ERR,ERR,ERR,ERR,ERR,ERR,ERR,ERR,ERR,ERR,ERR,ERR,ERR,ERR,ERR,ERR,ERR,ERR,ERR,ERR,ERR,ERR,ERR,ERR,ERR,ERR,ERR,ERR,ERR,ERR,ERR,ERR,ERR,ERR,ERR,ERR,ERR,ERR,ERR,ERR,ERR,ERR,ERR,ERR,ERR,ERR,ERR,ERR,ERR,ERR,ERR,ERR,ERR,ERR,ERR,ERR,ERR,ERR,ERR,ERR,ERR,ERR,50.0,60.0,100,0.0,0.0,0.0,0.0,0.0,0.0,0.0,0.0,0.0,0.0,0.0,0.0,0.0,0.0,0.0,0.0,61.6,73,14,65513,50,65476,0,300,0,0,8,20529,65476,0,0,26214,60.0,0.0,0.0,0.0,0.0,0.0
2026-05-17T18:52:38,ERR,ERR,ERR,ERR,ERR,ERR,ERR,ERR,ERR,ERR,ERR,ERR,ERR,ERR,ERR,ERR,ERR,ERR,ERR,ERR,ERR,ERR,ERR,ERR,ERR,ERR,ERR,ERR,ERR,ERR,ERR,ERR,ERR,ERR,ERR,ERR,ERR,ERR,ERR,ERR,ERR,ERR,ERR,ERR,ERR,ERR,ERR,ERR,ERR,ERR,ERR,ERR,ERR,ERR,ERR,ERR,ERR,ERR,ERR,ERR,ERR,ERR,ERR,ERR,ERR,ERR,ERR,ERR,ERR,ERR,ERR,ERR,ERR,ERR,ERR,ERR,ERR,ERR,ERR,ERR,ERR,ERR,ERR,ERR,ERR,ERR,ERR,ERR,ERR,ERR,ERR,ERR,ERR,ERR,ERR,ERR,ERR,ERR,ERR,ERR,ERR,ERR,ERR,ERR,ERR,ERR,ERR,ERR,ERR,ERR,ERR,ERR,ERR,ERR,ERR,ERR,ERR,ERR,ERR,ERR,ERR,ERR,ERR,ERR,ERR,0.0,0.0,-134474944.0,0.0,0.0,1.3936040501711995e+18,7.805,0.0,0,0,4,0,8422,0.0,45,0.0,0.0,0.0,0.0,0.0,0,0,0,0,0.0,0,0,0,0,0,0,0,0,0,0,0,0,0,0,0,0,0,0,0,0,0,0,0,0,0,0,0,0,0,0,0,0,0,38,14,7,45,65476,0,300,0,0,8,21553,0.0,-107605600.0,0.0,0.0,0.0,0.0,0.0,0.0,0.0,0.0,0.0,0.0,0.0,0.0,0.0,0.0,0.0,0.0,0.0,0.0,0.0,0.0,2.004,2.004,-0.0,0.0,0.0,0.0,0.0,0.0,4788.0,-1.587928030851661e+29,0.0,0.0,0.0,-107615280.0,2.718429300292151e+23,0.0,0.0,0.0,0.0,53,5.848083413016271e+35,-3.2219994468298344e+26,0.0,0.0,0.0,0.0,0.0,0.0,0.0,0,0,0,0.0,0.0,0.0,0.0,0.0,0.0,0.0,0.0,0.0,0.0,0.0,0.0,0.0,0.0,0.0,0.0,0,-107875648.0,53,0.0,106,-107614832.0,0.0,ERR,ERR,ERR,ERR,ERR,ERR,ERR,ERR,ERR,ERR,ERR,ERR,ERR,ERR,ERR,ERR,ERR,ERR,ERR,ERR,ERR,ERR,ERR,ERR,ERR,ERR,ERR,ERR,ERR,ERR,ERR,ERR,ERR,ERR,ERR,ERR,ERR,ERR,ERR,ERR,ERR,ERR,ERR,ERR,ERR,ERR,ERR,ERR,ERR,ERR,ERR,ERR,ERR,ERR,ERR,ERR,ERR,ERR,ERR,ERR,ERR,ERR,ERR,ERR,ERR,ERR,ERR,50.0,60.0,100,0.0,0.0,0.0,0.0,0.0,0.0,0.0,0.0,0.0,0.0,0.0,0.0,0.0,0.0,0.0,0.0,61.6,73,14,65513,50,65476,0,300,0,0,8,20529,65476,0,0,26214,60.0,0.0,0.0,0.0,0.0,0.0
2026-05-17T18:52:39,ERR,ERR,ERR,ERR,ERR,ERR,ERR,ERR,ERR,ERR,ERR,ERR,ERR,ERR,ERR,ERR,ERR,ERR,ERR,ERR,ERR,ERR,ERR,ERR,ERR,ERR,ERR,ERR,ERR,ERR,ERR,ERR,ERR,ERR,ERR,ERR,ERR,ERR,ERR,ERR,ERR,ERR,ERR,ERR,ERR,ERR,ERR,ERR,ERR,ERR,ERR,ERR,ERR,ERR,ERR,ERR,ERR,ERR,ERR,ERR,ERR,ERR,ERR,ERR,ERR,ERR,ERR,ERR,ERR,ERR,ERR,ERR,ERR,ERR,ERR,ERR,ERR,ERR,ERR,ERR,ERR,ERR,ERR,ERR,ERR,ERR,ERR,ERR,ERR,ERR,ERR,ERR,ERR,ERR,ERR,ERR,ERR,ERR,ERR,ERR,ERR,ERR,ERR,ERR,ERR,ERR,ERR,ERR,ERR,ERR,ERR,ERR,ERR,ERR,ERR,ERR,ERR,ERR,ERR,ERR,ERR,ERR,ERR,ERR,ERR,0.0,0.0,-134474944.0,0.0,0.0,1.3936040501711995e+18,7.805,0.0,0,0,4,0,8422,0.0,45,0.0,0.0,0.0,0.0,0.0,0,0,0,0,0.0,0,0,0,0,0,0,0,0,0,0,0,0,0,0,0,0,0,0,0,0,0,0,0,0,0,0,0,0,0,0,0,0,0,38,14,7,45,65476,0,300,0,0,8,21553,0.0,-107605600.0,0.0,0.0,0.0,0.0,0.0,0.0,0.0,0.0,0.0,0.0,0.0,0.0,0.0,0.0,0.0,0.0,0.0,0.0,0.0,0.0,2.004,2.004,-0.0,0.0,0.0,0.0,0.0,0.0,4788.0,-1.587928030851661e+29,0.0,0.0,0.0,-107615280.0,2.718429300292151e+23,0.0,0.0,0.0,0.0,53,5.848083413016271e+35,-3.2219994468298344e+26,0.0,0.0,0.0,0.0,0.0,0.0,0.0,0,0,0,0.0,0.0,0.0,0.0,0.0,0.0,0.0,0.0,0.0,0.0,0.0,0.0,0.0,0.0,0.0,0.0,0,-107875648.0,53,0.0,106,-107614832.0,0.0,ERR,ERR,ERR,ERR,ERR,ERR,ERR,ERR,ERR,ERR,ERR,ERR,ERR,ERR,ERR,ERR,ERR,ERR,ERR,ERR,ERR,ERR,ERR,ERR,ERR,ERR,ERR,ERR,ERR,ERR,ERR,ERR,ERR,ERR,ERR,ERR,ERR,ERR,ERR,ERR,ERR,ERR,ERR,ERR,ERR,ERR,ERR,ERR,ERR,ERR,ERR,ERR,ERR,ERR,ERR,ERR,ERR,ERR,ERR,ERR,ERR,ERR,ERR,ERR,ERR,ERR,ERR,50.0,60.0,100,0.0,0.0,0.0,0.0,0.0,0.0,0.0,0.0,0.0,0.0,0.0,0.0,0.0,0.0,0.0,0.0,62.0,73,14,65513,50,65476,0,300,0,0,8,20529,65476,0,0,26214,60.0,0.0,0.0,0.0,0.0,0.0
2026-05-17T18:52:40,ERR,ERR,ERR,ERR,ERR,ERR,ERR,ERR,ERR,ERR,ERR,ERR,ERR,ERR,ERR,ERR,ERR,ERR,ERR,ERR,ERR,ERR,ERR,ERR,ERR,ERR,ERR,ERR,ERR,ERR,ERR,ERR,ERR,ERR,ERR,ERR,ERR,ERR,ERR,ERR,ERR,ERR,ERR,ERR,ERR,ERR,ERR,ERR,ERR,ERR,ERR,ERR,ERR,ERR,ERR,ERR,ERR,ERR,ERR,ERR,ERR,ERR,ERR,ERR,ERR,ERR,ERR,ERR,ERR,ERR,ERR,ERR,ERR,ERR,ERR,ERR,ERR,ERR,ERR,ERR,ERR,ERR,ERR,ERR,ERR,ERR,ERR,ERR,ERR,ERR,ERR,ERR,ERR,ERR,ERR,ERR,ERR,ERR,ERR,ERR,ERR,ERR,ERR,ERR,ERR,ERR,ERR,ERR,ERR,ERR,ERR,ERR,ERR,ERR,ERR,ERR,ERR,ERR,ERR,ERR,ERR,ERR,ERR,ERR,ERR,0.0,0.0,-134474944.0,0.0,0.0,1.3936040501711995e+18,7.805,0.0,0,0,4,0,8422,0.0,45,0.0,0.0,0.0,0.0,0.0,0,0,0,0,0.0,0,0,0,0,0,0,0,0,0,0,0,0,0,0,0,0,0,0,0,0,0,0,0,0,0,0,0,0,0,0,0,0,0,38,14,7,45,65476,0,300,0,0,8,21553,0.0,-107605600.0,0.0,0.0,0.0,0.0,0.0,0.0,0.0,0.0,0.0,0.0,0.0,0.0,0.0,0.0,0.0,0.0,0.0,0.0,0.0,0.0,2.004,2.004,-0.0,0.0,0.0,0.0,0.0,0.0,4788.0,-1.587928030851661e+29,0.0,0.0,0.0,-107615280.0,2.718429300292151e+23,0.0,0.0,0.0,0.0,53,5.848083413016271e+35,-3.2219994468298344e+26,0.0,0.0,0.0,0.0,0.0,0.0,0.0,0,0,0,0.0,0.0,0.0,0.0,0.0,0.0,0.0,0.0,0.0,0.0,0.0,0.0,0.0,0.0,0.0,0.0,0,-107875648.0,53,0.0,106,-107614832.0,0.0,ERR,ERR,ERR,ERR,ERR,ERR,ERR,ERR,ERR,ERR,ERR,ERR,ERR,ERR,ERR,ERR,ERR,ERR,ERR,ERR,ERR,ERR,ERR,ERR,ERR,ERR,ERR,ERR,ERR,ERR,ERR,ERR,ERR,ERR,ERR,ERR,ERR,ERR,ERR,ERR,ERR,ERR,ERR,ERR,ERR,ERR,ERR,ERR,ERR,ERR,ERR,ERR,ERR,ERR,ERR,ERR,ERR,ERR,ERR,ERR,ERR,ERR,ERR,ERR,ERR,ERR,ERR,50.0,60.0,100,0.0,0.0,0.0,0.0,0.0,0.0,0.0,0.0,0.0,0.0,0.0,0.0,0.0,0.0,0.0,0.0,62.0,73,14,65513,50,65476,0,300,0,0,8,20529,65476,0,0,26214,60.0,0.0,0.0,0.0,0.0,0.0
2026-05-17T18:52:41,ERR,ERR,ERR,ERR,ERR,ERR,ERR,ERR,ERR,ERR,ERR,ERR,ERR,ERR,ERR,ERR,ERR,ERR,ERR,ERR,ERR,ERR,ERR,ERR,ERR,ERR,ERR,ERR,ERR,ERR,ERR,ERR,ERR,ERR,ERR,ERR,ERR,ERR,ERR,ERR,ERR,ERR,ERR,ERR,ERR,ERR,ERR,ERR,ERR,ERR,ERR,ERR,ERR,ERR,ERR,ERR,ERR,ERR,ERR,ERR,ERR,ERR,ERR,ERR,ERR,ERR,ERR,ERR,ERR,ERR,ERR,ERR,ERR,ERR,ERR,ERR,ERR,ERR,ERR,ERR,ERR,ERR,ERR,ERR,ERR,ERR,ERR,ERR,ERR,ERR,ERR,ERR,ERR,ERR,ERR,ERR,ERR,ERR,ERR,ERR,ERR,ERR,ERR,ERR,ERR,ERR,ERR,ERR,ERR,ERR,ERR,ERR,ERR,ERR,ERR,ERR,ERR,ERR,ERR,ERR,ERR,ERR,ERR,ERR,ERR,0.0,0.0,-134474944.0,0.0,0.0,1.3936040501711995e+18,7.805,0.0,0,0,4,0,8422,0.0,45,0.0,0.0,0.0,0.0,0.0,0,0,0,0,0.0,0,0,0,0,0,0,0,0,0,0,0,0,0,0,0,0,0,0,0,0,0,0,0,0,0,0,0,0,0,0,0,0,0,38,14,7,45,65476,0,300,0,0,8,21553,0.0,-107605600.0,0.0,0.0,0.0,0.0,0.0,0.0,0.0,0.0,0.0,0.0,0.0,0.0,0.0,0.0,0.0,0.0,0.0,0.0,0.0,0.0,2.004,2.004,-0.0,0.0,0.0,0.0,0.0,0.0,4788.0,-1.587928030851661e+29,0.0,0.0,0.0,-107615280.0,2.718429300292151e+23,0.0,0.0,0.0,0.0,53,5.848083413016271e+35,-3.2219994468298344e+26,0.0,0.0,0.0,0.0,0.0,0.0,0.0,0,0,0,0.0,0.0,0.0,0.0,0.0,0.0,0.0,0.0,0.0,0.0,0.0,0.0,0.0,0.0,0.0,0.0,0,-107875648.0,53,0.0,106,-107614832.0,0.0,ERR,ERR,ERR,ERR,ERR,ERR,ERR,ERR,ERR,ERR,ERR,ERR,ERR,ERR,ERR,ERR,ERR,ERR,ERR,ERR,ERR,ERR,ERR,ERR,ERR,ERR,ERR,ERR,ERR,ERR,ERR,ERR,ERR,ERR,ERR,ERR,ERR,ERR,ERR,ERR,ERR,ERR,ERR,ERR,ERR,ERR,ERR,ERR,ERR,ERR,ERR,ERR,ERR,ERR,ERR,ERR,ERR,ERR,ERR,ERR,ERR,ERR,ERR,ERR,ERR,ERR,ERR,50.0,60.0,100,0.0,0.0,0.0,0.0,0.0,0.0,0.0,0.0,0.0,0.0,0.0,0.0,0.0,0.0,0.0,0.0,61.6,73,14,65513,50,65476,0,300,0,0,8,20529,65476,0,0,26214,60.0,0.0,0.0,0.0,0.0,0.0
2026-05-17T18:52:42,ERR,ERR,ERR,ERR,ERR,ERR,ERR,ERR,ERR,ERR,ERR,ERR,ERR,ERR,ERR,ERR,ERR,ERR,ERR,ERR,ERR,ERR,ERR,ERR,ERR,ERR,ERR,ERR,ERR,ERR,ERR,ERR,ERR,ERR,ERR,ERR,ERR,ERR,ERR,ERR,ERR,ERR,ERR,ERR,ERR,ERR,ERR,ERR,ERR,ERR,ERR,ERR,ERR,ERR,ERR,ERR,ERR,ERR,ERR,ERR,ERR,ERR,ERR,ERR,ERR,ERR,ERR,ERR,ERR,ERR,ERR,ERR,ERR,ERR,ERR,ERR,ERR,ERR,ERR,ERR,ERR,ERR,ERR,ERR,ERR,ERR,ERR,ERR,ERR,ERR,ERR,ERR,ERR,ERR,ERR,ERR,ERR,ERR,ERR,ERR,ERR,ERR,ERR,ERR,ERR,ERR,ERR,ERR,ERR,ERR,ERR,ERR,ERR,ERR,ERR,ERR,ERR,ERR,ERR,ERR,ERR,ERR,ERR,ERR,ERR,0.0,0.0,-134474944.0,0.0,0.0,1.3936040501711995e+18,7.805,0.0,0,0,4,0,8422,0.0,45,0.0,0.0,0.0,0.0,0.0,0,0,0,0,0.0,0,0,0,0,0,0,0,0,0,0,0,0,0,0,0,0,0,0,0,0,0,0,0,0,0,0,0,0,0,0,0,0,0,38,14,7,45,65476,0,300,0,0,8,21553,0.0,-107605600.0,0.0,0.0,0.0,0.0,0.0,0.0,0.0,0.0,0.0,0.0,0.0,0.0,0.0,0.0,0.0,0.0,0.0,0.0,0.0,0.0,2.004,2.004,-0.0,0.0,0.0,0.0,0.0,0.0,4788.0,-1.587928030851661e+29,0.0,0.0,0.0,-107615280.0,2.718429300292151e+23,0.0,0.0,0.0,0.0,53,5.848083413016271e+35,-3.2219994468298344e+26,0.0,0.0,0.0,0.0,0.0,0.0,0.0,0,0,0,0.0,0.0,0.0,0.0,0.0,0.0,0.0,0.0,0.0,0.0,0.0,0.0,0.0,0.0,0.0,0.0,0,-107875648.0,53,0.0,106,-107614832.0,0.0,ERR,ERR,ERR,ERR,ERR,ERR,ERR,ERR,ERR,ERR,ERR,ERR,ERR,ERR,ERR,ERR,ERR,ERR,ERR,ERR,ERR,ERR,ERR,ERR,ERR,ERR,ERR,ERR,ERR,ERR,ERR,ERR,ERR,ERR,ERR,ERR,ERR,ERR,ERR,ERR,ERR,ERR,ERR,ERR,ERR,ERR,ERR,ERR,ERR,ERR,ERR,ERR,ERR,ERR,ERR,ERR,ERR,ERR,ERR,ERR,ERR,ERR,ERR,ERR,ERR,ERR,ERR,50.0,60.0,100,0.0,0.0,0.0,0.0,0.0,0.0,0.0,0.0,0.0,0.0,0.0,0.0,0.0,0.0,0.0,0.0,61.6,73,14,65513,50,65476,0,300,0,0,8,20529,65476,0,0,26214,60.0,0.0,0.0,0.0,0.0,0.0
2026-05-17T18:52:43,ERR,ERR,ERR,ERR,ERR,ERR,ERR,ERR,ERR,ERR,ERR,ERR,ERR,ERR,ERR,ERR,ERR,ERR,ERR,ERR,ERR,ERR,ERR,ERR,ERR,ERR,ERR,ERR,ERR,ERR,ERR,ERR,ERR,ERR,ERR,ERR,ERR,ERR,ERR,ERR,ERR,ERR,ERR,ERR,ERR,ERR,ERR,ERR,ERR,ERR,ERR,ERR,ERR,ERR,ERR,ERR,ERR,ERR,ERR,ERR,ERR,ERR,ERR,ERR,ERR,ERR,ERR,ERR,ERR,ERR,ERR,ERR,ERR,ERR,ERR,ERR,ERR,ERR,ERR,ERR,ERR,ERR,ERR,ERR,ERR,ERR,ERR,ERR,ERR,ERR,ERR,ERR,ERR,ERR,ERR,ERR,ERR,ERR,ERR,ERR,ERR,ERR,ERR,ERR,ERR,ERR,ERR,ERR,ERR,ERR,ERR,ERR,ERR,ERR,ERR,ERR,ERR,ERR,ERR,ERR,ERR,ERR,ERR,ERR,ERR,0.0,0.0,-134474944.0,0.0,0.0,1.3936040501711995e+18,7.805,0.0,0,0,4,0,8422,0.0,45,0.0,0.0,0.0,0.0,0.0,0,0,0,0,0.0,0,0,0,0,0,0,0,0,0,0,0,0,0,0,0,0,0,0,0,0,0,0,0,0,0,0,0,0,0,0,0,0,0,38,14,7,45,65476,0,300,0,0,8,21553,0.0,-107605600.0,0.0,0.0,0.0,0.0,0.0,0.0,0.0,0.0,0.0,0.0,0.0,0.0,0.0,0.0,0.0,0.0,0.0,0.0,0.0,0.0,2.004,2.004,-0.0,0.0,0.0,0.0,0.0,0.0,4760.0,-3.697182615187489e+19,0.0,0.0,0.0,-107615280.0,2.718429300292151e+23,0.0,0.0,0.0,0.0,53,-0.0,-0.0,0.0,0.0,0.0,0.0,0.0,0.0,0.0,0,0,0,0.0,0.0,0.0,0.0,0.0,0.0,0.0,0.0,0.0,0.0,0.0,0.0,0.0,0.0,0.0,0.0,0,-107875648.0,53,0.0,106,-107614832.0,0.0,ERR,ERR,ERR,ERR,ERR,ERR,ERR,ERR,ERR,ERR,ERR,ERR,ERR,ERR,ERR,ERR,ERR,ERR,ERR,ERR,ERR,ERR,ERR,ERR,ERR,ERR,ERR,ERR,ERR,ERR,ERR,ERR,ERR,ERR,ERR,ERR,ERR,ERR,ERR,ERR,ERR,ERR,ERR,ERR,ERR,ERR,ERR,ERR,ERR,ERR,ERR,ERR,ERR,ERR,ERR,ERR,ERR,ERR,ERR,ERR,ERR,ERR,ERR,ERR,ERR,ERR,ERR,50.0,60.0,100,0.0,0.0,0.0,0.0,0.0,0.0,0.0,0.0,0.0,0.0,0.0,0.0,0.0,0.0,0.0,0.0,61.6,73,14,65513,50,65476,0,300,0,0,8,20529,65476,0,0,26214,60.0,0.0,0.0,0.0,0.0,0.0
2026-05-17T18:52:44,ERR,ERR,ERR,ERR,ERR,ERR,ERR,ERR,ERR,ERR,ERR,ERR,ERR,ERR,ERR,ERR,ERR,ERR,ERR,ERR,ERR,ERR,ERR,ERR,ERR,ERR,ERR,ERR,ERR,ERR,ERR,ERR,ERR,ERR,ERR,ERR,ERR,ERR,ERR,ERR,ERR,ERR,ERR,ERR,ERR,ERR,ERR,ERR,ERR,ERR,ERR,ERR,ERR,ERR,ERR,ERR,ERR,ERR,ERR,ERR,ERR,ERR,ERR,ERR,ERR,ERR,ERR,ERR,ERR,ERR,ERR,ERR,ERR,ERR,ERR,ERR,ERR,ERR,ERR,ERR,ERR,ERR,ERR,ERR,ERR,ERR,ERR,ERR,ERR,ERR,ERR,ERR,ERR,ERR,ERR,ERR,ERR,ERR,ERR,ERR,ERR,ERR,ERR,ERR,ERR,ERR,ERR,ERR,ERR,ERR,ERR,ERR,ERR,ERR,ERR,ERR,ERR,ERR,ERR,ERR,ERR,ERR,ERR,ERR,ERR,0.0,0.0,-134474944.0,0.0,0.0,1.3936040501711995e+18,7.805,0.0,0,0,4,0,8422,0.0,45,0.0,0.0,0.0,0.0,0.0,0,0,0,0,0.0,0,0,0,0,0,0,0,0,0,0,0,0,0,0,0,0,0,0,0,0,0,0,0,0,0,0,0,0,0,0,0,0,0,38,14,7,45,65476,0,300,0,0,8,21553,0.0,-107605600.0,0.0,0.0,0.0,0.0,0.0,0.0,0.0,0.0,0.0,0.0,0.0,0.0,0.0,0.0,0.0,0.0,0.0,0.0,0.0,0.0,2.004,2.004,-0.0,0.0,0.0,0.0,0.0,0.0,4760.0,-3.697182615187489e+19,0.0,0.0,0.0,-107615280.0,2.718429300292151e+23,0.0,0.0,0.0,0.0,53,-0.0,-0.0,0.0,0.0,0.0,0.0,0.0,0.0,0.0,0,0,0,0.0,0.0,0.0,0.0,0.0,0.0,0.0,0.0,0.0,0.0,0.0,0.0,0.0,0.0,0.0,0.0,0,-107875648.0,53,0.0,106,-107614832.0,0.0,ERR,ERR,ERR,ERR,ERR,ERR,ERR,ERR,ERR,ERR,ERR,ERR,ERR,ERR,ERR,ERR,ERR,ERR,ERR,ERR,ERR,ERR,ERR,ERR,ERR,ERR,ERR,ERR,ERR,ERR,ERR,ERR,ERR,ERR,ERR,ERR,ERR,ERR,ERR,ERR,ERR,ERR,ERR,ERR,ERR,ERR,ERR,ERR,ERR,ERR,ERR,ERR,ERR,ERR,ERR,ERR,ERR,ERR,ERR,ERR,ERR,ERR,ERR,ERR,ERR,ERR,ERR,50.0,60.0,100,0.0,0.0,0.0,0.0,0.0,0.0,0.0,0.0,0.0,0.0,0.0,0.0,0.0,0.0,0.0,0.0,61.6,73,14,65513,50,65476,0,300,0,0,8,20529,65476,0,0,26214,60.0,0.0,0.0,0.0,0.0,0.0
2026-05-17T18:52:45,ERR,ERR,ERR,ERR,ERR,ERR,ERR,ERR,ERR,ERR,ERR,ERR,ERR,ERR,ERR,ERR,ERR,ERR,ERR,ERR,ERR,ERR,ERR,ERR,ERR,ERR,ERR,ERR,ERR,ERR,ERR,ERR,ERR,ERR,ERR,ERR,ERR,ERR,ERR,ERR,ERR,ERR,ERR,ERR,ERR,ERR,ERR,ERR,ERR,ERR,ERR,ERR,ERR,ERR,ERR,ERR,ERR,ERR,ERR,ERR,ERR,ERR,ERR,ERR,ERR,ERR,ERR,ERR,ERR,ERR,ERR,ERR,ERR,ERR,ERR,ERR,ERR,ERR,ERR,ERR,ERR,ERR,ERR,ERR,ERR,ERR,ERR,ERR,ERR,ERR,ERR,ERR,ERR,ERR,ERR,ERR,ERR,ERR,ERR,ERR,ERR,ERR,ERR,ERR,ERR,ERR,ERR,ERR,ERR,ERR,ERR,ERR,ERR,ERR,ERR,ERR,ERR,ERR,ERR,ERR,ERR,ERR,ERR,ERR,ERR,0.0,0.0,-134474944.0,0.0,0.0,1.3936040501711995e+18,7.805,0.0,0,0,4,0,8422,0.0,45,0.0,0.0,0.0,0.0,0.0,0,0,0,0,0.0,0,0,0,0,0,0,0,0,0,0,0,0,0,0,0,0,0,0,0,0,0,0,0,0,0,0,0,0,0,0,0,0,0,38,14,7,45,65476,0,300,0,0,8,21553,0.0,-107605600.0,0.0,0.0,0.0,0.0,0.0,0.0,0.0,0.0,0.0,0.0,0.0,0.0,0.0,0.0,0.0,0.0,0.0,0.0,0.0,0.0,2.004,2.004,-0.0,0.0,0.0,0.0,0.0,0.0,4760.0,-3.697182615187489e+19,0.0,0.0,0.0,-107615280.0,2.718429300292151e+23,0.0,0.0,0.0,0.0,53,-0.0,-0.0,0.0,0.0,0.0,0.0,0.0,0.0,0.0,0,0,0,0.0,0.0,0.0,0.0,0.0,0.0,0.0,0.0,0.0,0.0,0.0,0.0,0.0,0.0,0.0,0.0,0,-107875648.0,53,0.0,106,-107614832.0,0.0,ERR,ERR,ERR,ERR,ERR,ERR,ERR,ERR,ERR,ERR,ERR,ERR,ERR,ERR,ERR,ERR,ERR,ERR,ERR,ERR,ERR,ERR,ERR,ERR,ERR,ERR,ERR,ERR,ERR,ERR,ERR,ERR,ERR,ERR,ERR,ERR,ERR,ERR,ERR,ERR,ERR,ERR,ERR,ERR,ERR,ERR,ERR,ERR,ERR,ERR,ERR,ERR,ERR,ERR,ERR,ERR,ERR,ERR,ERR,ERR,ERR,ERR,ERR,ERR,ERR,ERR,ERR,50.0,60.0,100,0.0,0.0,0.0,0.0,0.0,0.0,0.0,0.0,0.0,0.0,0.0,0.0,0.0,0.0,0.0,0.0,61.6,73,14,65513,50,65476,0,300,0,0,8,20529,65476,0,0,26214,60.0,0.0,0.0,0.0,0.0,0.0
2026-05-17T18:52:46,ERR,ERR,ERR,ERR,ERR,ERR,ERR,ERR,ERR,ERR,ERR,ERR,ERR,ERR,ERR,ERR,ERR,ERR,ERR,ERR,ERR,ERR,ERR,ERR,ERR,ERR,ERR,ERR,ERR,ERR,ERR,ERR,ERR,ERR,ERR,ERR,ERR,ERR,ERR,ERR,ERR,ERR,ERR,ERR,ERR,ERR,ERR,ERR,ERR,ERR,ERR,ERR,ERR,ERR,ERR,ERR,ERR,ERR,ERR,ERR,ERR,ERR,ERR,ERR,ERR,ERR,ERR,ERR,ERR,ERR,ERR,ERR,ERR,ERR,ERR,ERR,ERR,ERR,ERR,ERR,ERR,ERR,ERR,ERR,ERR,ERR,ERR,ERR,ERR,ERR,ERR,ERR,ERR,ERR,ERR,ERR,ERR,ERR,ERR,ERR,ERR,ERR,ERR,ERR,ERR,ERR,ERR,ERR,ERR,ERR,ERR,ERR,ERR,ERR,ERR,ERR,ERR,ERR,ERR,ERR,ERR,ERR,ERR,ERR,ERR,0.0,0.0,-134474944.0,0.0,0.0,1.3936040501711995e+18,7.805,0.0,0,0,4,0,8422,0.0,45,0.0,0.0,0.0,0.0,0.0,0,0,0,0,0.0,0,0,0,0,0,0,0,0,0,0,0,0,0,0,0,0,0,0,0,0,0,0,0,0,0,0,0,0,0,0,0,0,0,38,14,7,45,65476,0,300,0,0,8,21553,0.0,-107605600.0,0.0,0.0,0.0,0.0,0.0,0.0,0.0,0.0,0.0,0.0,0.0,0.0,0.0,0.0,0.0,0.0,0.0,0.0,0.0,0.0,2.004,2.004,-0.0,0.0,0.0,0.0,0.0,0.0,4760.0,-3.697182615187489e+19,0.0,0.0,0.0,-107615280.0,2.718429300292151e+23,0.0,0.0,0.0,0.0,53,-0.0,-0.0,0.0,0.0,0.0,0.0,0.0,0.0,0.0,0,0,0,0.0,0.0,0.0,0.0,0.0,0.0,0.0,0.0,0.0,0.0,0.0,0.0,0.0,0.0,0.0,0.0,0,-107875648.0,53,0.0,106,-107614832.0,0.0,ERR,ERR,ERR,ERR,ERR,ERR,ERR,ERR,ERR,ERR,ERR,ERR,ERR,ERR,ERR,ERR,ERR,ERR,ERR,ERR,ERR,ERR,ERR,ERR,ERR,ERR,ERR,ERR,ERR,ERR,ERR,ERR,ERR,ERR,ERR,ERR,ERR,ERR,ERR,ERR,ERR,ERR,ERR,ERR,ERR,ERR,ERR,ERR,ERR,ERR,ERR,ERR,ERR,ERR,ERR,ERR,ERR,ERR,ERR,ERR,ERR,ERR,ERR,ERR,ERR,ERR,ERR,50.0,60.0,100,0.0,0.0,0.0,0.0,0.0,0.0,0.0,0.0,0.0,0.0,0.0,0.0,0.0,0.0,0.0,0.0,61.6,73,14,65513,50,65476,0,300,0,0,8,20529,65476,0,0,26214,60.0,0.0,0.0,0.0,0.0,0.0
2026-05-17T18:52:47,ERR,ERR,ERR,ERR,ERR,ERR,ERR,ERR,ERR,ERR,ERR,ERR,ERR,ERR,ERR,ERR,ERR,ERR,ERR,ERR,ERR,ERR,ERR,ERR,ERR,ERR,ERR,ERR,ERR,ERR,ERR,ERR,ERR,ERR,ERR,ERR,ERR,ERR,ERR,ERR,ERR,ERR,ERR,ERR,ERR,ERR,ERR,ERR,ERR,ERR,ERR,ERR,ERR,ERR,ERR,ERR,ERR,ERR,ERR,ERR,ERR,ERR,ERR,ERR,ERR,ERR,ERR,ERR,ERR,ERR,ERR,ERR,ERR,ERR,ERR,ERR,ERR,ERR,ERR,ERR,ERR,ERR,ERR,ERR,ERR,ERR,ERR,ERR,ERR,ERR,ERR,ERR,ERR,ERR,ERR,ERR,ERR,ERR,ERR,ERR,ERR,ERR,ERR,ERR,ERR,ERR,ERR,ERR,ERR,ERR,ERR,ERR,ERR,ERR,ERR,ERR,ERR,ERR,ERR,ERR,ERR,ERR,ERR,ERR,ERR,0.0,0.0,-134474944.0,0.0,0.0,1.3936040501711995e+18,7.805,0.0,0,0,4,0,8422,0.0,45,0.0,0.0,0.0,0.0,0.0,0,0,0,0,0.0,0,0,0,0,0,0,0,0,0,0,0,0,0,0,0,0,0,0,0,0,0,0,0,0,0,0,0,0,0,0,0,0,0,38,14,7,45,65476,0,300,0,0,8,21553,0.0,-107605600.0,0.0,0.0,0.0,0.0,0.0,0.0,0.0,0.0,0.0,0.0,0.0,0.0,0.0,0.0,0.0,0.0,0.0,0.0,0.0,0.0,2.004,2.004,-0.0,0.0,0.0,0.0,0.0,0.0,4760.0,-3.697182615187489e+19,0.0,0.0,0.0,-107615280.0,2.718429300292151e+23,0.0,0.0,0.0,0.0,53,-0.0,-0.0,0.0,0.0,0.0,0.0,0.0,0.0,0.0,0,0,0,0.0,0.0,0.0,0.0,0.0,0.0,0.0,0.0,0.0,0.0,0.0,0.0,0.0,0.0,0.0,0.0,0,-107875648.0,53,0.0,106,-107614832.0,0.0,ERR,ERR,ERR,ERR,ERR,ERR,ERR,ERR,ERR,ERR,ERR,ERR,ERR,ERR,ERR,ERR,ERR,ERR,ERR,ERR,ERR,ERR,ERR,ERR,ERR,ERR,ERR,ERR,ERR,ERR,ERR,ERR,ERR,ERR,ERR,ERR,ERR,ERR,ERR,ERR,ERR,ERR,ERR,ERR,ERR,ERR,ERR,ERR,ERR,ERR,ERR,ERR,ERR,ERR,ERR,ERR,ERR,ERR,ERR,ERR,ERR,ERR,ERR,ERR,ERR,ERR,ERR,50.0,60.0,100,0.0,0.0,0.0,0.0,0.0,0.0,0.0,0.0,0.0,0.0,0.0,0.0,0.0,0.0,0.0,0.0,61.6,73,14,65513,50,65476,0,300,0,0,8,20529,65476,0,0,26214,60.0,0.0,0.0,0.0,0.0,0.0
2026-05-17T18:52:48,ERR,ERR,ERR,ERR,ERR,ERR,ERR,ERR,ERR,ERR,ERR,ERR,ERR,ERR,ERR,ERR,ERR,ERR,ERR,ERR,ERR,ERR,ERR,ERR,ERR,ERR,ERR,ERR,ERR,ERR,ERR,ERR,ERR,ERR,ERR,ERR,ERR,ERR,ERR,ERR,ERR,ERR,ERR,ERR,ERR,ERR,ERR,ERR,ERR,ERR,ERR,ERR,ERR,ERR,ERR,ERR,ERR,ERR,ERR,ERR,ERR,ERR,ERR,ERR,ERR,ERR,ERR,ERR,ERR,ERR,ERR,ERR,ERR,ERR,ERR,ERR,ERR,ERR,ERR,ERR,ERR,ERR,ERR,ERR,ERR,ERR,ERR,ERR,ERR,ERR,ERR,ERR,ERR,ERR,ERR,ERR,ERR,ERR,ERR,ERR,ERR,ERR,ERR,ERR,ERR,ERR,ERR,ERR,ERR,ERR,ERR,ERR,ERR,ERR,ERR,ERR,ERR,ERR,ERR,ERR,ERR,ERR,ERR,ERR,ERR,0.0,0.0,-134474944.0,0.0,0.0,1.3936040501711995e+18,7.805,0.0,0,0,4,0,8422,0.0,45,0.0,0.0,0.0,0.0,0.0,0,0,0,0,0.0,0,0,0,0,0,0,0,0,0,0,0,0,0,0,0,0,0,0,0,0,0,0,0,0,0,0,0,0,0,0,0,0,0,38,14,7,45,65476,0,300,0,0,8,21553,0.0,-107605600.0,0.0,0.0,0.0,0.0,0.0,0.0,0.0,0.0,0.0,0.0,0.0,0.0,0.0,0.0,0.0,0.0,0.0,0.0,0.0,0.0,2.004,2.004,-0.0,0.0,0.0,0.0,0.0,0.0,4727.0,-564145229398016.0,0.0,0.0,0.0,-107615280.0,2.718429300292151e+23,0.0,0.0,0.0,0.0,53,-0.0,0.059,0.0,0.0,0.0,0.0,0.0,0.0,0.0,0,0,0,0.0,0.0,0.0,0.0,0.0,0.0,0.0,0.0,0.0,0.0,0.0,0.0,0.0,0.0,0.0,0.0,0,-107875648.0,53,0.0,106,-107614832.0,0.0,ERR,ERR,ERR,ERR,ERR,ERR,ERR,ERR,ERR,ERR,ERR,ERR,ERR,ERR,ERR,ERR,ERR,ERR,ERR,ERR,ERR,ERR,ERR,ERR,ERR,ERR,ERR,ERR,ERR,ERR,ERR,ERR,ERR,ERR,ERR,ERR,ERR,ERR,ERR,ERR,ERR,ERR,ERR,ERR,ERR,ERR,ERR,ERR,ERR,ERR,ERR,ERR,ERR,ERR,ERR,ERR,ERR,ERR,ERR,ERR,ERR,ERR,ERR,ERR,ERR,ERR,ERR,50.0,60.0,100,0.0,0.0,0.0,0.0,0.0,0.0,0.0,0.0,0.0,0.0,0.0,0.0,0.0,0.0,0.0,0.0,61.6,73,14,65513,50,65476,0,300,0,0,8,20529,65476,0,0,26214,60.0,0.0,0.0,0.0,0.0,0.0
2026-05-17T18:52:49,ERR,ERR,ERR,ERR,ERR,ERR,ERR,ERR,ERR,ERR,ERR,ERR,ERR,ERR,ERR,ERR,ERR,ERR,ERR,ERR,ERR,ERR,ERR,ERR,ERR,ERR,ERR,ERR,ERR,ERR,ERR,ERR,ERR,ERR,ERR,ERR,ERR,ERR,ERR,ERR,ERR,ERR,ERR,ERR,ERR,ERR,ERR,ERR,ERR,ERR,ERR,ERR,ERR,ERR,ERR,ERR,ERR,ERR,ERR,ERR,ERR,ERR,ERR,ERR,ERR,ERR,ERR,ERR,ERR,ERR,ERR,ERR,ERR,ERR,ERR,ERR,ERR,ERR,ERR,ERR,ERR,ERR,ERR,ERR,ERR,ERR,ERR,ERR,ERR,ERR,ERR,ERR,ERR,ERR,ERR,ERR,ERR,ERR,ERR,ERR,ERR,ERR,ERR,ERR,ERR,ERR,ERR,ERR,ERR,ERR,ERR,ERR,ERR,ERR,ERR,ERR,ERR,ERR,ERR,ERR,ERR,ERR,ERR,ERR,ERR,0.0,0.0,-134474944.0,0.0,0.0,1.3936040501711995e+18,7.805,0.0,0,0,4,0,8422,0.0,45,0.0,0.0,0.0,0.0,0.0,0,0,0,0,0.0,0,0,0,0,0,0,0,0,0,0,0,0,0,0,0,0,0,0,0,0,0,0,0,0,0,0,0,0,0,0,0,0,0,38,14,7,45,65476,0,300,0,0,8,21553,0.0,-107605600.0,0.0,0.0,0.0,0.0,0.0,0.0,0.0,0.0,0.0,0.0,0.0,0.0,0.0,0.0,0.0,0.0,0.0,0.0,0.0,0.0,2.004,2.004,-0.0,0.0,0.0,0.0,0.0,0.0,4727.0,-564145229398016.0,0.0,0.0,0.0,-107615280.0,2.718429300292151e+23,0.0,0.0,0.0,0.0,53,-0.0,0.059,0.0,0.0,0.0,0.0,0.0,0.0,0.0,0,0,0,0.0,0.0,0.0,0.0,0.0,0.0,0.0,0.0,0.0,0.0,0.0,0.0,0.0,0.0,0.0,0.0,0,-107875648.0,53,0.0,106,-107614832.0,0.0,ERR,ERR,ERR,ERR,ERR,ERR,ERR,ERR,ERR,ERR,ERR,ERR,ERR,ERR,ERR,ERR,ERR,ERR,ERR,ERR,ERR,ERR,ERR,ERR,ERR,ERR,ERR,ERR,ERR,ERR,ERR,ERR,ERR,ERR,ERR,ERR,ERR,ERR,ERR,ERR,ERR,ERR,ERR,ERR,ERR,ERR,ERR,ERR,ERR,ERR,ERR,ERR,ERR,ERR,ERR,ERR,ERR,ERR,ERR,ERR,ERR,ERR,ERR,ERR,ERR,ERR,ERR,50.0,60.0,100,0.0,0.0,0.0,0.0,0.0,0.0,0.0,0.0,0.0,0.0,0.0,0.0,0.0,0.0,0.0,0.0,61.6,73,14,65513,50,65476,0,300,0,0,8,20529,65476,0,0,26214,60.0,0.0,0.0,0.0,0.0,0.0
2026-05-17T18:52:50,ERR,ERR,ERR,ERR,ERR,ERR,ERR,ERR,ERR,ERR,ERR,ERR,ERR,ERR,ERR,ERR,ERR,ERR,ERR,ERR,ERR,ERR,ERR,ERR,ERR,ERR,ERR,ERR,ERR,ERR,ERR,ERR,ERR,ERR,ERR,ERR,ERR,ERR,ERR,ERR,ERR,ERR,ERR,ERR,ERR,ERR,ERR,ERR,ERR,ERR,ERR,ERR,ERR,ERR,ERR,ERR,ERR,ERR,ERR,ERR,ERR,ERR,ERR,ERR,ERR,ERR,ERR,ERR,ERR,ERR,ERR,ERR,ERR,ERR,ERR,ERR,ERR,ERR,ERR,ERR,ERR,ERR,ERR,ERR,ERR,ERR,ERR,ERR,ERR,ERR,ERR,ERR,ERR,ERR,ERR,ERR,ERR,ERR,ERR,ERR,ERR,ERR,ERR,ERR,ERR,ERR,ERR,ERR,ERR,ERR,ERR,ERR,ERR,ERR,ERR,ERR,ERR,ERR,ERR,ERR,ERR,ERR,ERR,ERR,ERR,0.0,0.0,-134474944.0,0.0,0.0,1.3936040501711995e+18,7.805,0.0,0,0,4,0,8422,0.0,45,0.0,0.0,0.0,0.0,0.0,0,0,0,0,0.0,0,0,0,0,0,0,0,0,0,0,0,0,0,0,0,0,0,0,0,0,0,0,0,0,0,0,0,0,0,0,0,0,0,38,14,7,45,65476,0,300,0,0,8,21553,0.0,-107605600.0,0.0,0.0,0.0,0.0,0.0,0.0,0.0,0.0,0.0,0.0,0.0,0.0,0.0,0.0,0.0,0.0,0.0,0.0,0.0,0.0,2.004,2.004,-0.0,0.0,0.0,0.0,0.0,0.0,4727.0,-564145229398016.0,0.0,0.0,0.0,-107615280.0,2.718429300292151e+23,0.0,0.0,0.0,0.0,53,-0.0,0.059,0.0,0.0,0.0,0.0,0.0,0.0,0.0,0,0,0,0.0,0.0,0.0,0.0,0.0,0.0,0.0,0.0,0.0,0.0,0.0,0.0,0.0,0.0,0.0,0.0,0,-107875648.0,53,0.0,106,-107614832.0,0.0,ERR,ERR,ERR,ERR,ERR,ERR,ERR,ERR,ERR,ERR,ERR,ERR,ERR,ERR,ERR,ERR,ERR,ERR,ERR,ERR,ERR,ERR,ERR,ERR,ERR,ERR,ERR,ERR,ERR,ERR,ERR,ERR,ERR,ERR,ERR,ERR,ERR,ERR,ERR,ERR,ERR,ERR,ERR,ERR,ERR,ERR,ERR,ERR,ERR,ERR,ERR,ERR,ERR,ERR,ERR,ERR,ERR,ERR,ERR,ERR,ERR,ERR,ERR,ERR,ERR,ERR,ERR,50.0,60.0,100,0.0,0.0,0.0,0.0,0.0,0.0,0.0,0.0,0.0,0.0,0.0,0.0,0.0,0.0,0.0,0.0,62.0,73,14,65513,50,65476,0,300,0,0,8,20529,65476,0,0,26214,60.0,0.0,0.0,0.0,0.0,0.0
2026-05-17T18:52:51,ERR,ERR,ERR,ERR,ERR,ERR,ERR,ERR,ERR,ERR,ERR,ERR,ERR,ERR,ERR,ERR,ERR,ERR,ERR,ERR,ERR,ERR,ERR,ERR,ERR,ERR,ERR,ERR,ERR,ERR,ERR,ERR,ERR,ERR,ERR,ERR,ERR,ERR,ERR,ERR,ERR,ERR,ERR,ERR,ERR,ERR,ERR,ERR,ERR,ERR,ERR,ERR,ERR,ERR,ERR,ERR,ERR,ERR,ERR,ERR,ERR,ERR,ERR,ERR,ERR,ERR,ERR,ERR,ERR,ERR,ERR,ERR,ERR,ERR,ERR,ERR,ERR,ERR,ERR,ERR,ERR,ERR,ERR,ERR,ERR,ERR,ERR,ERR,ERR,ERR,ERR,ERR,ERR,ERR,ERR,ERR,ERR,ERR,ERR,ERR,ERR,ERR,ERR,ERR,ERR,ERR,ERR,ERR,ERR,ERR,ERR,ERR,ERR,ERR,ERR,ERR,ERR,ERR,ERR,ERR,ERR,ERR,ERR,ERR,ERR,0.0,0.0,-134474944.0,0.0,0.0,1.3936040501711995e+18,7.805,0.0,0,0,4,0,8422,0.0,45,0.0,0.0,0.0,0.0,0.0,0,0,0,0,0.0,0,0,0,0,0,0,0,0,0,0,0,0,0,0,0,0,0,0,0,0,0,0,0,0,0,0,0,0,0,0,0,0,0,38,14,7,45,65476,0,300,0,0,8,21553,0.0,-107605600.0,0.0,0.0,0.0,0.0,0.0,0.0,0.0,0.0,0.0,0.0,0.0,0.0,0.0,0.0,0.0,0.0,0.0,0.0,0.0,0.0,2.004,2.004,-0.0,0.0,0.0,0.0,0.0,0.0,4727.0,-564145229398016.0,0.0,0.0,0.0,-107615280.0,2.718429300292151e+23,0.0,0.0,0.0,0.0,53,-0.0,0.059,0.0,0.0,0.0,0.0,0.0,0.0,0.0,0,0,0,0.0,0.0,0.0,0.0,0.0,0.0,0.0,0.0,0.0,0.0,0.0,0.0,0.0,0.0,0.0,0.0,0,-107875648.0,53,0.0,106,-107614832.0,0.0,ERR,ERR,ERR,ERR,ERR,ERR,ERR,ERR,ERR,ERR,ERR,ERR,ERR,ERR,ERR,ERR,ERR,ERR,ERR,ERR,ERR,ERR,ERR,ERR,ERR,ERR,ERR,ERR,ERR,ERR,ERR,ERR,ERR,ERR,ERR,ERR,ERR,ERR,ERR,ERR,ERR,ERR,ERR,ERR,ERR,ERR,ERR,ERR,ERR,ERR,ERR,ERR,ERR,ERR,ERR,ERR,ERR,ERR,ERR,ERR,ERR,ERR,ERR,ERR,ERR,ERR,ERR,50.0,60.0,100,0.0,0.0,0.0,0.0,0.0,0.0,0.0,0.0,0.0,0.0,0.0,0.0,0.0,0.0,0.0,0.0,61.6,73,14,65513,50,65476,0,300,0,0,8,20529,65476,0,0,26214,60.0,0.0,0.0,0.0,0.0,0.0
2026-05-17T18:52:52,ERR,ERR,ERR,ERR,ERR,ERR,ERR,ERR,ERR,ERR,ERR,ERR,ERR,ERR,ERR,ERR,ERR,ERR,ERR,ERR,ERR,ERR,ERR,ERR,ERR,ERR,ERR,ERR,ERR,ERR,ERR,ERR,ERR,ERR,ERR,ERR,ERR,ERR,ERR,ERR,ERR,ERR,ERR,ERR,ERR,ERR,ERR,ERR,ERR,ERR,ERR,ERR,ERR,ERR,ERR,ERR,ERR,ERR,ERR,ERR,ERR,ERR,ERR,ERR,ERR,ERR,ERR,ERR,ERR,ERR,ERR,ERR,ERR,ERR,ERR,ERR,ERR,ERR,ERR,ERR,ERR,ERR,ERR,ERR,ERR,ERR,ERR,ERR,ERR,ERR,ERR,ERR,ERR,ERR,ERR,ERR,ERR,ERR,ERR,ERR,ERR,ERR,ERR,ERR,ERR,ERR,ERR,ERR,ERR,ERR,ERR,ERR,ERR,ERR,ERR,ERR,ERR,ERR,ERR,ERR,ERR,ERR,ERR,ERR,ERR,0.0,0.0,-134474944.0,0.0,0.0,1.3936040501711995e+18,7.805,0.0,0,0,4,0,8422,0.0,45,0.0,0.0,0.0,0.0,0.0,0,0,0,0,0.0,0,0,0,0,0,0,0,0,0,0,0,0,0,0,0,0,0,0,0,0,0,0,0,0,0,0,0,0,0,0,0,0,0,38,14,7,45,65476,0,300,0,0,8,21553,0.0,-107605600.0,0.0,0.0,0.0,0.0,0.0,0.0,0.0,0.0,0.0,0.0,0.0,0.0,0.0,0.0,0.0,0.0,0.0,0.0,0.0,0.0,2.004,2.004,-0.0,0.0,0.0,0.0,0.0,0.0,4727.0,-564145229398016.0,0.0,0.0,0.0,-107615280.0,2.718429300292151e+23,0.0,0.0,0.0,0.0,53,-0.0,0.059,0.0,0.0,0.0,0.0,0.0,0.0,0.0,0,0,0,0.0,0.0,0.0,0.0,0.0,0.0,0.0,0.0,0.0,0.0,0.0,0.0,0.0,0.0,0.0,0.0,0,-107875648.0,53,0.0,106,-107614832.0,0.0,ERR,ERR,ERR,ERR,ERR,ERR,ERR,ERR,ERR,ERR,ERR,ERR,ERR,ERR,ERR,ERR,ERR,ERR,ERR,ERR,ERR,ERR,ERR,ERR,ERR,ERR,ERR,ERR,ERR,ERR,ERR,ERR,ERR,ERR,ERR,ERR,ERR,ERR,ERR,ERR,ERR,ERR,ERR,ERR,ERR,ERR,ERR,ERR,ERR,ERR,ERR,ERR,ERR,ERR,ERR,ERR,ERR,ERR,ERR,ERR,ERR,ERR,ERR,ERR,ERR,ERR,ERR,50.0,60.0,100,0.0,0.0,0.0,0.0,0.0,0.0,0.0,0.0,0.0,0.0,0.0,0.0,0.0,0.0,0.0,0.0,61.6,73,14,65513,50,65476,0,300,0,0,8,20529,65476,0,0,26214,60.0,0.0,0.0,0.0,0.0,0.0
2026-05-17T18:52:53,ERR,ERR,ERR,ERR,ERR,ERR,ERR,ERR,ERR,ERR,ERR,ERR,ERR,ERR,ERR,ERR,ERR,ERR,ERR,ERR,ERR,ERR,ERR,ERR,ERR,ERR,ERR,ERR,ERR,ERR,ERR,ERR,ERR,ERR,ERR,ERR,ERR,ERR,ERR,ERR,ERR,ERR,ERR,ERR,ERR,ERR,ERR,ERR,ERR,ERR,ERR,ERR,ERR,ERR,ERR,ERR,ERR,ERR,ERR,ERR,ERR,ERR,ERR,ERR,ERR,ERR,ERR,ERR,ERR,ERR,ERR,ERR,ERR,ERR,ERR,ERR,ERR,ERR,ERR,ERR,ERR,ERR,ERR,ERR,ERR,ERR,ERR,ERR,ERR,ERR,ERR,ERR,ERR,ERR,ERR,ERR,ERR,ERR,ERR,ERR,ERR,ERR,ERR,ERR,ERR,ERR,ERR,ERR,ERR,ERR,ERR,ERR,ERR,ERR,ERR,ERR,ERR,ERR,ERR,ERR,ERR,ERR,ERR,ERR,ERR,0.0,0.0,-134474944.0,0.0,0.0,1.3936040501711995e+18,7.805,0.0,0,0,4,0,8422,0.0,45,0.0,0.0,0.0,0.0,0.0,0,0,0,0,0.0,0,0,0,0,0,0,0,0,0,0,0,0,0,0,0,0,0,0,0,0,0,0,0,0,0,0,0,0,0,0,0,0,0,38,14,7,45,65476,0,300,0,0,8,21553,0.0,-107605600.0,0.0,0.0,0.0,0.0,0.0,0.0,0.0,0.0,0.0,0.0,0.0,0.0,0.0,0.0,0.0,0.0,0.0,0.0,0.0,0.0,2.004,2.004,-0.0,0.0,0.0,0.0,0.0,0.0,4731.0,1.0406642667109367e+34,0.0,0.0,0.0,0.0,2.718429300292151e+23,0.0,0.0,0.0,0.0,53,-0.0,-71.629,0.0,0.0,0.0,0.0,0.0,0.0,0.0,0,0,0,0.0,0.0,0.0,0.0,0.0,0.0,0.0,0.0,0.0,0.0,0.0,0.0,0.0,0.0,0.0,0.0,0,-107875648.0,53,0.0,106,-107614832.0,-107351008.0,ERR,ERR,ERR,ERR,ERR,ERR,ERR,ERR,ERR,ERR,ERR,ERR,ERR,ERR,ERR,ERR,ERR,ERR,ERR,ERR,ERR,ERR,ERR,ERR,ERR,ERR,ERR,ERR,ERR,ERR,ERR,ERR,ERR,ERR,ERR,ERR,ERR,ERR,ERR,ERR,ERR,ERR,ERR,ERR,ERR,ERR,ERR,ERR,ERR,ERR,ERR,ERR,ERR,ERR,ERR,ERR,ERR,ERR,ERR,ERR,ERR,ERR,ERR,ERR,ERR,ERR,ERR,50.0,60.0,100,0.0,0.0,0.0,0.0,0.0,0.0,0.0,0.0,0.0,0.0,0.0,0.0,0.0,0.0,0.0,0.0,62.0,73,14,65513,50,65476,0,300,0,0,8,20529,65476,0,0,26214,60.0,0.0,0.0,0.0,0.0,0.0
2026-05-17T18:52:54,ERR,ERR,ERR,ERR,ERR,ERR,ERR,ERR,ERR,ERR,ERR,ERR,ERR,ERR,ERR,ERR,ERR,ERR,ERR,ERR,ERR,ERR,ERR,ERR,ERR,ERR,ERR,ERR,ERR,ERR,ERR,ERR,ERR,ERR,ERR,ERR,ERR,ERR,ERR,ERR,ERR,ERR,ERR,ERR,ERR,ERR,ERR,ERR,ERR,ERR,ERR,ERR,ERR,ERR,ERR,ERR,ERR,ERR,ERR,ERR,ERR,ERR,ERR,ERR,ERR,ERR,ERR,ERR,ERR,ERR,ERR,ERR,ERR,ERR,ERR,ERR,ERR,ERR,ERR,ERR,ERR,ERR,ERR,ERR,ERR,ERR,ERR,ERR,ERR,ERR,ERR,ERR,ERR,ERR,ERR,ERR,ERR,ERR,ERR,ERR,ERR,ERR,ERR,ERR,ERR,ERR,ERR,ERR,ERR,ERR,ERR,ERR,ERR,ERR,ERR,ERR,ERR,ERR,ERR,ERR,ERR,ERR,ERR,ERR,ERR,0.0,0.0,-134474944.0,0.0,0.0,1.3936040501711995e+18,7.805,0.0,0,0,4,0,8422,0.0,45,0.0,0.0,0.0,0.0,0.0,0,0,0,0,0.0,0,0,0,0,0,0,0,0,0,0,0,0,0,0,0,0,0,0,0,0,0,0,0,0,0,0,0,0,0,0,0,0,0,38,14,7,45,65476,0,300,0,0,8,21553,0.0,-107605600.0,0.0,0.0,0.0,0.0,0.0,0.0,0.0,0.0,0.0,0.0,0.0,0.0,0.0,0.0,0.0,0.0,0.0,0.0,0.0,0.0,2.004,2.004,-0.0,0.0,0.0,0.0,0.0,0.0,4731.0,1.0406642667109367e+34,0.0,0.0,0.0,0.0,2.718429300292151e+23,0.0,0.0,0.0,0.0,53,-0.0,-71.629,0.0,0.0,0.0,0.0,0.0,0.0,0.0,0,0,0,0.0,0.0,0.0,0.0,0.0,0.0,0.0,0.0,0.0,0.0,0.0,0.0,0.0,0.0,0.0,0.0,0,-107875648.0,53,0.0,106,-107614832.0,-107351008.0,ERR,ERR,ERR,ERR,ERR,ERR,ERR,ERR,ERR,ERR,ERR,ERR,ERR,ERR,ERR,ERR,ERR,ERR,ERR,ERR,ERR,ERR,ERR,ERR,ERR,ERR,ERR,ERR,ERR,ERR,ERR,ERR,ERR,ERR,ERR,ERR,ERR,ERR,ERR,ERR,ERR,ERR,ERR,ERR,ERR,ERR,ERR,ERR,ERR,ERR,ERR,ERR,ERR,ERR,ERR,ERR,ERR,ERR,ERR,ERR,ERR,ERR,ERR,ERR,ERR,ERR,ERR,50.0,60.0,100,0.0,0.0,0.0,0.0,0.0,0.0,0.0,0.0,0.0,0.0,0.0,0.0,0.0,0.0,0.0,0.0,62.0,73,14,65513,50,65476,0,300,0,0,8,20529,65476,0,0,26214,60.0,0.0,0.0,0.0,0.0,0.0
2026-05-17T18:52:55,ERR,ERR,ERR,ERR,ERR,ERR,ERR,ERR,ERR,ERR,ERR,ERR,ERR,ERR,ERR,ERR,ERR,ERR,ERR,ERR,ERR,ERR,ERR,ERR,ERR,ERR,ERR,ERR,ERR,ERR,ERR,ERR,ERR,ERR,ERR,ERR,ERR,ERR,ERR,ERR,ERR,ERR,ERR,ERR,ERR,ERR,ERR,ERR,ERR,ERR,ERR,ERR,ERR,ERR,ERR,ERR,ERR,ERR,ERR,ERR,ERR,ERR,ERR,ERR,ERR,ERR,ERR,ERR,ERR,ERR,ERR,ERR,ERR,ERR,ERR,ERR,ERR,ERR,ERR,ERR,ERR,ERR,ERR,ERR,ERR,ERR,ERR,ERR,ERR,ERR,ERR,ERR,ERR,ERR,ERR,ERR,ERR,ERR,ERR,ERR,ERR,ERR,ERR,ERR,ERR,ERR,ERR,ERR,ERR,ERR,ERR,ERR,ERR,ERR,ERR,ERR,ERR,ERR,ERR,ERR,ERR,ERR,ERR,ERR,ERR,0.0,0.0,-134474944.0,0.0,0.0,1.3936040501711995e+18,7.805,0.0,0,0,4,0,8422,0.0,45,0.0,0.0,0.0,0.0,0.0,0,0,0,0,0.0,0,0,0,0,0,0,0,0,0,0,0,0,0,0,0,0,0,0,0,0,0,0,0,0,0,0,0,0,0,0,0,0,0,38,14,7,45,65476,0,300,0,0,8,21553,0.0,-107605600.0,0.0,0.0,0.0,0.0,0.0,0.0,0.0,0.0,0.0,0.0,0.0,0.0,0.0,0.0,0.0,0.0,0.0,0.0,0.0,0.0,2.004,2.004,-0.0,0.0,0.0,0.0,0.0,0.0,4731.0,1.0406642667109367e+34,0.0,0.0,0.0,0.0,2.718429300292151e+23,0.0,0.0,0.0,0.0,53,-0.0,-71.629,0.0,0.0,0.0,0.0,0.0,0.0,0.0,0,0,0,0.0,0.0,0.0,0.0,0.0,0.0,0.0,0.0,0.0,0.0,0.0,0.0,0.0,0.0,0.0,0.0,0,-107875648.0,53,0.0,106,-107614832.0,-107351008.0,ERR,ERR,ERR,ERR,ERR,ERR,ERR,ERR,ERR,ERR,ERR,ERR,ERR,ERR,ERR,ERR,ERR,ERR,ERR,ERR,ERR,ERR,ERR,ERR,ERR,ERR,ERR,ERR,ERR,ERR,ERR,ERR,ERR,ERR,ERR,ERR,ERR,ERR,ERR,ERR,ERR,ERR,ERR,ERR,ERR,ERR,ERR,ERR,ERR,ERR,ERR,ERR,ERR,ERR,ERR,ERR,ERR,ERR,ERR,ERR,ERR,ERR,ERR,ERR,ERR,ERR,ERR,50.0,60.0,100,0.0,0.0,0.0,0.0,0.0,0.0,0.0,0.0,0.0,0.0,0.0,0.0,0.0,0.0,0.0,0.0,62.0,73,14,65513,50,65476,0,300,0,0,8,20529,65476,0,0,26214,60.0,0.0,0.0,0.0,0.0,0.0
2026-05-17T18:52:56,ERR,ERR,ERR,ERR,ERR,ERR,ERR,ERR,ERR,ERR,ERR,ERR,ERR,ERR,ERR,ERR,ERR,ERR,ERR,ERR,ERR,ERR,ERR,ERR,ERR,ERR,ERR,ERR,ERR,ERR,ERR,ERR,ERR,ERR,ERR,ERR,ERR,ERR,ERR,ERR,ERR,ERR,ERR,ERR,ERR,ERR,ERR,ERR,ERR,ERR,ERR,ERR,ERR,ERR,ERR,ERR,ERR,ERR,ERR,ERR,ERR,ERR,ERR,ERR,ERR,ERR,ERR,ERR,ERR,ERR,ERR,ERR,ERR,ERR,ERR,ERR,ERR,ERR,ERR,ERR,ERR,ERR,ERR,ERR,ERR,ERR,ERR,ERR,ERR,ERR,ERR,ERR,ERR,ERR,ERR,ERR,ERR,ERR,ERR,ERR,ERR,ERR,ERR,ERR,ERR,ERR,ERR,ERR,ERR,ERR,ERR,ERR,ERR,ERR,ERR,ERR,ERR,ERR,ERR,ERR,ERR,ERR,ERR,ERR,ERR,0.0,0.0,-134474944.0,0.0,0.0,1.3936040501711995e+18,7.805,0.0,0,0,4,0,8422,0.0,45,0.0,0.0,0.0,0.0,0.0,0,0,0,0,0.0,0,0,0,0,0,0,0,0,0,0,0,0,0,0,0,0,0,0,0,0,0,0,0,0,0,0,0,0,0,0,0,0,0,38,14,7,45,65476,0,300,0,0,8,21553,0.0,-107605600.0,0.0,0.0,0.0,0.0,0.0,0.0,0.0,0.0,0.0,0.0,0.0,0.0,0.0,0.0,0.0,0.0,0.0,0.0,0.0,0.0,2.004,2.004,-0.0,0.0,0.0,0.0,0.0,0.0,4731.0,1.0406642667109367e+34,0.0,0.0,0.0,0.0,2.718429300292151e+23,0.0,0.0,0.0,0.0,53,-0.0,-71.629,0.0,0.0,0.0,0.0,0.0,0.0,0.0,0,0,0,0.0,0.0,0.0,0.0,0.0,0.0,0.0,0.0,0.0,0.0,0.0,0.0,0.0,0.0,0.0,0.0,0,-107875648.0,53,0.0,106,-107614832.0,-107351008.0,ERR,ERR,ERR,ERR,ERR,ERR,ERR,ERR,ERR,ERR,ERR,ERR,ERR,ERR,ERR,ERR,ERR,ERR,ERR,ERR,ERR,ERR,ERR,ERR,ERR,ERR,ERR,ERR,ERR,ERR,ERR,ERR,ERR,ERR,ERR,ERR,ERR,ERR,ERR,ERR,ERR,ERR,ERR,ERR,ERR,ERR,ERR,ERR,ERR,ERR,ERR,ERR,ERR,ERR,ERR,ERR,ERR,ERR,ERR,ERR,ERR,ERR,ERR,ERR,ERR,ERR,ERR,50.0,60.0,100,0.0,0.0,0.0,0.0,0.0,0.0,0.0,0.0,0.0,0.0,0.0,0.0,0.0,0.0,0.0,0.0,62.0,73,14,65513,50,65476,0,300,0,0,8,20529,65476,0,0,26214,60.0,0.0,0.0,0.0,0.0,0.0
2026-05-17T18:52:57,ERR,ERR,ERR,ERR,ERR,ERR,ERR,ERR,ERR,ERR,ERR,ERR,ERR,ERR,ERR,ERR,ERR,ERR,ERR,ERR,ERR,ERR,ERR,ERR,ERR,ERR,ERR,ERR,ERR,ERR,ERR,ERR,ERR,ERR,ERR,ERR,ERR,ERR,ERR,ERR,ERR,ERR,ERR,ERR,ERR,ERR,ERR,ERR,ERR,ERR,ERR,ERR,ERR,ERR,ERR,ERR,ERR,ERR,ERR,ERR,ERR,ERR,ERR,ERR,ERR,ERR,ERR,ERR,ERR,ERR,ERR,ERR,ERR,ERR,ERR,ERR,ERR,ERR,ERR,ERR,ERR,ERR,ERR,ERR,ERR,ERR,ERR,ERR,ERR,ERR,ERR,ERR,ERR,ERR,ERR,ERR,ERR,ERR,ERR,ERR,ERR,ERR,ERR,ERR,ERR,ERR,ERR,ERR,ERR,ERR,ERR,ERR,ERR,ERR,ERR,ERR,ERR,ERR,ERR,ERR,ERR,ERR,ERR,ERR,ERR,0.0,0.0,-134474944.0,0.0,0.0,1.3936040501711995e+18,7.805,0.0,0,0,4,0,8422,0.0,45,0.0,0.0,0.0,0.0,0.0,0,0,0,0,0.0,0,0,0,0,0,0,0,0,0,0,0,0,0,0,0,0,0,0,0,0,0,0,0,0,0,0,0,0,0,0,0,0,0,38,14,7,45,65476,0,300,0,0,8,21553,0.0,-107605600.0,0.0,0.0,0.0,0.0,0.0,0.0,0.0,0.0,0.0,0.0,0.0,0.0,0.0,0.0,0.0,0.0,0.0,0.0,0.0,0.0,2.004,2.004,-0.0,0.0,0.0,0.0,0.0,0.0,4731.0,1.0406642667109367e+34,0.0,0.0,0.0,0.0,2.718429300292151e+23,0.0,0.0,0.0,0.0,53,-0.0,-71.629,0.0,0.0,0.0,0.0,0.0,0.0,0.0,0,0,0,0.0,0.0,0.0,0.0,0.0,0.0,0.0,0.0,0.0,0.0,0.0,0.0,0.0,0.0,0.0,0.0,0,-107875648.0,53,0.0,106,-107614832.0,-107351008.0,ERR,ERR,ERR,ERR,ERR,ERR,ERR,ERR,ERR,ERR,ERR,ERR,ERR,ERR,ERR,ERR,ERR,ERR,ERR,ERR,ERR,ERR,ERR,ERR,ERR,ERR,ERR,ERR,ERR,ERR,ERR,ERR,ERR,ERR,ERR,ERR,ERR,ERR,ERR,ERR,ERR,ERR,ERR,ERR,ERR,ERR,ERR,ERR,ERR,ERR,ERR,ERR,ERR,ERR,ERR,ERR,ERR,ERR,ERR,ERR,ERR,ERR,ERR,ERR,ERR,ERR,ERR,50.0,60.0,100,0.0,0.0,0.0,0.0,0.0,0.0,0.0,0.0,0.0,0.0,0.0,0.0,0.0,0.0,0.0,0.0,61.6,73,14,65513,50,65476,0,300,0,0,8,20529,65476,0,0,26214,60.0,0.0,0.0,0.0,0.0,0.0
2026-05-17T18:52:58,ERR,ERR,ERR,ERR,ERR,ERR,ERR,ERR,ERR,ERR,ERR,ERR,ERR,ERR,ERR,ERR,ERR,ERR,ERR,ERR,ERR,ERR,ERR,ERR,ERR,ERR,ERR,ERR,ERR,ERR,ERR,ERR,ERR,ERR,ERR,ERR,ERR,ERR,ERR,ERR,ERR,ERR,ERR,ERR,ERR,ERR,ERR,ERR,ERR,ERR,ERR,ERR,ERR,ERR,ERR,ERR,ERR,ERR,ERR,ERR,ERR,ERR,ERR,ERR,ERR,ERR,ERR,ERR,ERR,ERR,ERR,ERR,ERR,ERR,ERR,ERR,ERR,ERR,ERR,ERR,ERR,ERR,ERR,ERR,ERR,ERR,ERR,ERR,ERR,ERR,ERR,ERR,ERR,ERR,ERR,ERR,ERR,ERR,ERR,ERR,ERR,ERR,ERR,ERR,ERR,ERR,ERR,ERR,ERR,ERR,ERR,ERR,ERR,ERR,ERR,ERR,ERR,ERR,ERR,ERR,ERR,ERR,ERR,ERR,ERR,0.0,0.0,-134474944.0,0.0,0.0,1.3936040501711995e+18,7.805,0.0,0,0,4,0,8422,0.0,45,0.0,0.0,0.0,0.0,0.0,0,0,0,0,0.0,0,0,0,0,0,0,0,0,0,0,0,0,0,0,0,0,0,0,0,0,0,0,0,0,0,0,0,0,0,0,0,0,0,38,14,7,45,65476,0,300,0,0,8,21553,0.0,-107605600.0,0.0,0.0,0.0,0.0,0.0,0.0,0.0,0.0,0.0,0.0,0.0,0.0,0.0,0.0,0.0,0.0,0.0,0.0,0.0,0.0,2.004,2.004,-2.004,0.0,0.0,0.0,0.0,0.0,4756.0,2.004,0.0,0.0,0.0,-107615280.0,2.718429300292151e+23,0.0,0.0,0.0,0.0,53,-0.0,-3.2219987089600715e+26,0.0,0.0,0.0,0.0,0.0,0.0,0.0,0,0,0,0.0,0.0,0.0,0.0,0.0,0.0,0.0,0.0,0.0,0.0,0.0,0.0,0.0,0.0,0.0,0.0,0,-107875648.0,53,0.0,106,-107614832.0,0.0,ERR,ERR,ERR,ERR,ERR,ERR,ERR,ERR,ERR,ERR,ERR,ERR,ERR,ERR,ERR,ERR,ERR,ERR,ERR,ERR,ERR,ERR,ERR,ERR,ERR,ERR,ERR,ERR,ERR,ERR,ERR,ERR,ERR,ERR,ERR,ERR,ERR,ERR,ERR,ERR,ERR,ERR,ERR,ERR,ERR,ERR,ERR,ERR,ERR,ERR,ERR,ERR,ERR,ERR,ERR,ERR,ERR,ERR,ERR,ERR,ERR,ERR,ERR,ERR,ERR,ERR,ERR,50.0,60.0,100,0.0,0.0,0.0,0.0,0.0,0.0,0.0,0.0,0.0,0.0,0.0,0.0,0.0,0.0,0.0,0.0,61.6,73,14,65513,50,65476,0,300,0,0,8,20529,65476,0,0,26214,60.0,0.0,0.0,0.0,0.0,0.0
2026-05-17T18:52:59,ERR,ERR,ERR,ERR,ERR,ERR,ERR,ERR,ERR,ERR,ERR,ERR,ERR,ERR,ERR,ERR,ERR,ERR,ERR,ERR,ERR,ERR,ERR,ERR,ERR,ERR,ERR,ERR,ERR,ERR,ERR,ERR,ERR,ERR,ERR,ERR,ERR,ERR,ERR,ERR,ERR,ERR,ERR,ERR,ERR,ERR,ERR,ERR,ERR,ERR,ERR,ERR,ERR,ERR,ERR,ERR,ERR,ERR,ERR,ERR,ERR,ERR,ERR,ERR,ERR,ERR,ERR,ERR,ERR,ERR,ERR,ERR,ERR,ERR,ERR,ERR,ERR,ERR,ERR,ERR,ERR,ERR,ERR,ERR,ERR,ERR,ERR,ERR,ERR,ERR,ERR,ERR,ERR,ERR,ERR,ERR,ERR,ERR,ERR,ERR,ERR,ERR,ERR,ERR,ERR,ERR,ERR,ERR,ERR,ERR,ERR,ERR,ERR,ERR,ERR,ERR,ERR,ERR,ERR,ERR,ERR,ERR,ERR,ERR,ERR,0.0,0.0,-134474944.0,0.0,0.0,1.3936040501711995e+18,7.805,0.0,0,0,4,0,8422,0.0,45,0.0,0.0,0.0,0.0,0.0,0,0,0,0,0.0,0,0,0,0,0,0,0,0,0,0,0,0,0,0,0,0,0,0,0,0,0,0,0,0,0,0,0,0,0,0,0,0,0,38,14,7,45,65476,0,300,0,0,8,21553,0.0,-107605600.0,0.0,0.0,0.0,0.0,0.0,0.0,0.0,0.0,0.0,0.0,0.0,0.0,0.0,0.0,0.0,0.0,0.0,0.0,0.0,0.0,2.004,2.004,-2.004,0.0,0.0,0.0,0.0,0.0,4756.0,2.004,0.0,0.0,0.0,-107615280.0,2.718429300292151e+23,0.0,0.0,0.0,0.0,53,-0.0,-3.2219987089600715e+26,0.0,0.0,0.0,0.0,0.0,0.0,0.0,0,0,0,0.0,0.0,0.0,0.0,0.0,0.0,0.0,0.0,0.0,0.0,0.0,0.0,0.0,0.0,0.0,0.0,0,-107875648.0,53,0.0,106,-107614832.0,0.0,ERR,ERR,ERR,ERR,ERR,ERR,ERR,ERR,ERR,ERR,ERR,ERR,ERR,ERR,ERR,ERR,ERR,ERR,ERR,ERR,ERR,ERR,ERR,ERR,ERR,ERR,ERR,ERR,ERR,ERR,ERR,ERR,ERR,ERR,ERR,ERR,ERR,ERR,ERR,ERR,ERR,ERR,ERR,ERR,ERR,ERR,ERR,ERR,ERR,ERR,ERR,ERR,ERR,ERR,ERR,ERR,ERR,ERR,ERR,ERR,ERR,ERR,ERR,ERR,ERR,ERR,ERR,50.0,60.0,100,0.0,0.0,0.0,0.0,0.0,0.0,0.0,0.0,0.0,0.0,0.0,0.0,0.0,0.0,0.0,0.0,61.6,73,14,65513,50,65476,0,300,0,0,8,20529,65476,0,0,26214,60.0,0.0,0.0,0.0,0.0,0.0
2026-05-17T18:53:00,ERR,ERR,ERR,ERR,ERR,ERR,ERR,ERR,ERR,ERR,ERR,ERR,ERR,ERR,ERR,ERR,ERR,ERR,ERR,ERR,ERR,ERR,ERR,ERR,ERR,ERR,ERR,ERR,ERR,ERR,ERR,ERR,ERR,ERR,ERR,ERR,ERR,ERR,ERR,ERR,ERR,ERR,ERR,ERR,ERR,ERR,ERR,ERR,ERR,ERR,ERR,ERR,ERR,ERR,ERR,ERR,ERR,ERR,ERR,ERR,ERR,ERR,ERR,ERR,ERR,ERR,ERR,ERR,ERR,ERR,ERR,ERR,ERR,ERR,ERR,ERR,ERR,ERR,ERR,ERR,ERR,ERR,ERR,ERR,ERR,ERR,ERR,ERR,ERR,ERR,ERR,ERR,ERR,ERR,ERR,ERR,ERR,ERR,ERR,ERR,ERR,ERR,ERR,ERR,ERR,ERR,ERR,ERR,ERR,ERR,ERR,ERR,ERR,ERR,ERR,ERR,ERR,ERR,ERR,ERR,ERR,ERR,ERR,ERR,ERR,0.0,0.0,-134474944.0,0.0,0.0,1.3936040501711995e+18,7.805,0.0,0,0,4,0,8422,0.0,45,0.0,0.0,0.0,0.0,0.0,0,0,0,0,0.0,0,0,0,0,0,0,0,0,0,0,0,0,0,0,0,0,0,0,0,0,0,0,0,0,0,0,0,0,0,0,0,0,0,38,14,7,45,65476,0,300,0,0,8,21553,0.0,-107605600.0,0.0,0.0,0.0,0.0,0.0,0.0,0.0,0.0,0.0,0.0,0.0,0.0,0.0,0.0,0.0,0.0,0.0,0.0,0.0,0.0,2.004,2.004,-2.004,0.0,0.0,0.0,0.0,0.0,4756.0,2.004,0.0,0.0,0.0,-107615280.0,2.718429300292151e+23,0.0,0.0,0.0,0.0,53,-0.0,-3.2219987089600715e+26,0.0,0.0,0.0,0.0,0.0,0.0,0.0,0,0,0,0.0,0.0,0.0,0.0,0.0,0.0,0.0,0.0,0.0,0.0,0.0,0.0,0.0,0.0,0.0,0.0,0,-107875648.0,53,0.0,106,-107614832.0,0.0,ERR,ERR,ERR,ERR,ERR,ERR,ERR,ERR,ERR,ERR,ERR,ERR,ERR,ERR,ERR,ERR,ERR,ERR,ERR,ERR,ERR,ERR,ERR,ERR,ERR,ERR,ERR,ERR,ERR,ERR,ERR,ERR,ERR,ERR,ERR,ERR,ERR,ERR,ERR,ERR,ERR,ERR,ERR,ERR,ERR,ERR,ERR,ERR,ERR,ERR,ERR,ERR,ERR,ERR,ERR,ERR,ERR,ERR,ERR,ERR,ERR,ERR,ERR,ERR,ERR,ERR,ERR,50.0,60.0,100,0.0,0.0,0.0,0.0,0.0,0.0,0.0,0.0,0.0,0.0,0.0,0.0,0.0,0.0,0.0,0.0,61.6,73,14,65513,50,65476,0,300,0,0,8,20529,65476,0,0,26214,60.0,0.0,0.0,0.0,0.0,0.0
2026-05-17T18:53:01,ERR,ERR,ERR,ERR,ERR,ERR,ERR,ERR,ERR,ERR,ERR,ERR,ERR,ERR,ERR,ERR,ERR,ERR,ERR,ERR,ERR,ERR,ERR,ERR,ERR,ERR,ERR,ERR,ERR,ERR,ERR,ERR,ERR,ERR,ERR,ERR,ERR,ERR,ERR,ERR,ERR,ERR,ERR,ERR,ERR,ERR,ERR,ERR,ERR,ERR,ERR,ERR,ERR,ERR,ERR,ERR,ERR,ERR,ERR,ERR,ERR,ERR,ERR,ERR,ERR,ERR,ERR,ERR,ERR,ERR,ERR,ERR,ERR,ERR,ERR,ERR,ERR,ERR,ERR,ERR,ERR,ERR,ERR,ERR,ERR,ERR,ERR,ERR,ERR,ERR,ERR,ERR,ERR,ERR,ERR,ERR,ERR,ERR,ERR,ERR,ERR,ERR,ERR,ERR,ERR,ERR,ERR,ERR,ERR,ERR,ERR,ERR,ERR,ERR,ERR,ERR,ERR,ERR,ERR,ERR,ERR,ERR,ERR,ERR,ERR,0.0,0.0,-134474944.0,0.0,0.0,1.3936040501711995e+18,7.805,0.0,0,0,4,0,8422,0.0,45,0.0,0.0,0.0,0.0,0.0,0,0,0,0,0.0,0,0,0,0,0,0,0,0,0,0,0,0,0,0,0,0,0,0,0,0,0,0,0,0,0,0,0,0,0,0,0,0,0,38,14,7,45,65476,0,300,0,0,8,21553,0.0,-107605600.0,0.0,0.0,0.0,0.0,0.0,0.0,0.0,0.0,0.0,0.0,0.0,0.0,0.0,0.0,0.0,0.0,0.0,0.0,0.0,0.0,2.004,2.004,-2.004,0.0,0.0,0.0,0.0,0.0,4756.0,2.004,0.0,0.0,0.0,-107615280.0,2.718429300292151e+23,0.0,0.0,0.0,0.0,53,-0.0,-3.2219987089600715e+26,0.0,0.0,0.0,0.0,0.0,0.0,0.0,0,0,0,0.0,0.0,0.0,0.0,0.0,0.0,0.0,0.0,0.0,0.0,0.0,0.0,0.0,0.0,0.0,0.0,0,-107875648.0,53,0.0,106,-107614832.0,0.0,ERR,ERR,ERR,ERR,ERR,ERR,ERR,ERR,ERR,ERR,ERR,ERR,ERR,ERR,ERR,ERR,ERR,ERR,ERR,ERR,ERR,ERR,ERR,ERR,ERR,ERR,ERR,ERR,ERR,ERR,ERR,ERR,ERR,ERR,ERR,ERR,ERR,ERR,ERR,ERR,ERR,ERR,ERR,ERR,ERR,ERR,ERR,ERR,ERR,ERR,ERR,ERR,ERR,ERR,ERR,ERR,ERR,ERR,ERR,ERR,ERR,ERR,ERR,ERR,ERR,ERR,ERR,50.0,60.0,100,0.0,0.0,0.0,0.0,0.0,0.0,0.0,0.0,0.0,0.0,0.0,0.0,0.0,0.0,0.0,0.0,61.6,73,14,65513,50,65476,0,300,0,0,8,20529,65476,0,0,26214,60.0,0.0,0.0,0.0,0.0,0.0
2026-05-17T18:53:02,ERR,ERR,ERR,ERR,ERR,ERR,ERR,ERR,ERR,ERR,ERR,ERR,ERR,ERR,ERR,ERR,ERR,ERR,ERR,ERR,ERR,ERR,ERR,ERR,ERR,ERR,ERR,ERR,ERR,ERR,ERR,ERR,ERR,ERR,ERR,ERR,ERR,ERR,ERR,ERR,ERR,ERR,ERR,ERR,ERR,ERR,ERR,ERR,ERR,ERR,ERR,ERR,ERR,ERR,ERR,ERR,ERR,ERR,ERR,ERR,ERR,ERR,ERR,ERR,ERR,ERR,ERR,ERR,ERR,ERR,ERR,ERR,ERR,ERR,ERR,ERR,ERR,ERR,ERR,ERR,ERR,ERR,ERR,ERR,ERR,ERR,ERR,ERR,ERR,ERR,ERR,ERR,ERR,ERR,ERR,ERR,ERR,ERR,ERR,ERR,ERR,ERR,ERR,ERR,ERR,ERR,ERR,ERR,ERR,ERR,ERR,ERR,ERR,ERR,ERR,ERR,ERR,ERR,ERR,ERR,ERR,ERR,ERR,ERR,ERR,0.0,0.0,-134474944.0,0.0,0.0,1.3936040501711995e+18,7.805,0.0,0,0,4,0,8422,0.0,45,0.0,0.0,0.0,0.0,0.0,0,0,0,0,0.0,0,0,0,0,0,0,0,0,0,0,0,0,0,0,0,0,0,0,0,0,0,0,0,0,0,0,0,0,0,0,0,0,0,38,14,7,45,65476,0,300,0,0,8,21553,0.0,-107605600.0,0.0,0.0,0.0,0.0,0.0,0.0,0.0,0.0,0.0,0.0,0.0,0.0,0.0,0.0,0.0,0.0,0.0,0.0,0.0,0.0,2.004,2.004,-2.004,0.0,0.0,0.0,0.0,0.0,4756.0,2.004,0.0,0.0,0.0,-107615280.0,2.718429300292151e+23,0.0,0.0,0.0,0.0,53,-0.0,-3.2219987089600715e+26,0.0,0.0,0.0,0.0,0.0,0.0,0.0,0,0,0,0.0,0.0,0.0,0.0,0.0,0.0,0.0,0.0,0.0,0.0,0.0,0.0,0.0,0.0,0.0,0.0,0,-107875648.0,53,0.0,106,-107614832.0,0.0,ERR,ERR,ERR,ERR,ERR,ERR,ERR,ERR,ERR,ERR,ERR,ERR,ERR,ERR,ERR,ERR,ERR,ERR,ERR,ERR,ERR,ERR,ERR,ERR,ERR,ERR,ERR,ERR,ERR,ERR,ERR,ERR,ERR,ERR,ERR,ERR,ERR,ERR,ERR,ERR,ERR,ERR,ERR,ERR,ERR,ERR,ERR,ERR,ERR,ERR,ERR,ERR,ERR,ERR,ERR,ERR,ERR,ERR,ERR,ERR,ERR,ERR,ERR,ERR,ERR,ERR,ERR,50.0,60.0,100,0.0,0.0,0.0,0.0,0.0,0.0,0.0,0.0,0.0,0.0,0.0,0.0,0.0,0.0,0.0,0.0,61.6,73,14,65513,50,65476,0,300,0,0,8,20529,65476,0,0,26214,60.0,0.0,0.0,0.0,0.0,0.0
2026-05-17T18:53:03,ERR,ERR,ERR,ERR,ERR,ERR,ERR,ERR,ERR,ERR,ERR,ERR,ERR,ERR,ERR,ERR,ERR,ERR,ERR,ERR,ERR,ERR,ERR,ERR,ERR,ERR,ERR,ERR,ERR,ERR,ERR,ERR,ERR,ERR,ERR,ERR,ERR,ERR,ERR,ERR,ERR,ERR,ERR,ERR,ERR,ERR,ERR,ERR,ERR,ERR,ERR,ERR,ERR,ERR,ERR,ERR,ERR,ERR,ERR,ERR,ERR,ERR,ERR,ERR,ERR,ERR,ERR,ERR,ERR,ERR,ERR,ERR,ERR,ERR,ERR,ERR,ERR,ERR,ERR,ERR,ERR,ERR,ERR,ERR,ERR,ERR,ERR,ERR,ERR,ERR,ERR,ERR,ERR,ERR,ERR,ERR,ERR,ERR,ERR,ERR,ERR,ERR,ERR,ERR,ERR,ERR,ERR,ERR,ERR,ERR,ERR,ERR,ERR,ERR,ERR,ERR,ERR,ERR,ERR,ERR,ERR,ERR,ERR,ERR,ERR,0.0,0.0,-134474944.0,0.0,0.0,1.3936040501711995e+18,7.805,0.0,0,0,4,0,8422,0.0,45,0.0,0.0,0.0,0.0,0.0,0,0,0,0,0.0,0,0,0,0,0,0,0,0,0,0,0,0,0,0,0,0,0,0,0,0,0,0,0,0,0,0,0,0,0,0,0,0,0,38,14,7,45,65476,0,300,0,0,8,21553,0.0,-107605600.0,0.0,0.0,0.0,0.0,0.0,0.0,0.0,0.0,0.0,0.0,0.0,0.0,0.0,0.0,0.0,0.0,0.0,0.0,0.0,0.0,2.004,2.004,-2.004,0.0,0.0,0.0,0.0,0.0,4758.0,8608174080.0,0.0,0.0,0.0,-107615280.0,2.718429300292151e+23,0.0,0.0,0.0,0.0,53,-0.0,-152017095884800.0,0.0,0.0,0.0,0.0,0.0,0.0,0.0,0,0,0,0.0,0.0,0.0,0.0,0.0,0.0,0.0,0.0,0.0,0.0,0.0,0.0,0.0,0.0,0.0,0.0,0,-107875648.0,53,0.0,106,-107614832.0,0.0,ERR,ERR,ERR,ERR,ERR,ERR,ERR,ERR,ERR,ERR,ERR,ERR,ERR,ERR,ERR,ERR,ERR,ERR,ERR,ERR,ERR,ERR,ERR,ERR,ERR,ERR,ERR,ERR,ERR,ERR,ERR,ERR,ERR,ERR,ERR,ERR,ERR,ERR,ERR,ERR,ERR,ERR,ERR,ERR,ERR,ERR,ERR,ERR,ERR,ERR,ERR,ERR,ERR,ERR,ERR,ERR,ERR,ERR,ERR,ERR,ERR,ERR,ERR,ERR,ERR,ERR,ERR,50.0,60.0,100,0.0,0.0,0.0,0.0,0.0,0.0,0.0,0.0,0.0,0.0,0.0,0.0,0.0,0.0,0.0,0.0,61.6,73,14,65513,50,65476,0,300,0,0,8,20529,65476,0,0,26214,60.0,0.0,0.0,0.0,0.0,0.0
2026-05-17T18:53:04,ERR,ERR,ERR,ERR,ERR,ERR,ERR,ERR,ERR,ERR,ERR,ERR,ERR,ERR,ERR,ERR,ERR,ERR,ERR,ERR,ERR,ERR,ERR,ERR,ERR,ERR,ERR,ERR,ERR,ERR,ERR,ERR,ERR,ERR,ERR,ERR,ERR,ERR,ERR,ERR,ERR,ERR,ERR,ERR,ERR,ERR,ERR,ERR,ERR,ERR,ERR,ERR,ERR,ERR,ERR,ERR,ERR,ERR,ERR,ERR,ERR,ERR,ERR,ERR,ERR,ERR,ERR,ERR,ERR,ERR,ERR,ERR,ERR,ERR,ERR,ERR,ERR,ERR,ERR,ERR,ERR,ERR,ERR,ERR,ERR,ERR,ERR,ERR,ERR,ERR,ERR,ERR,ERR,ERR,ERR,ERR,ERR,ERR,ERR,ERR,ERR,ERR,ERR,ERR,ERR,ERR,ERR,ERR,ERR,ERR,ERR,ERR,ERR,ERR,ERR,ERR,ERR,ERR,ERR,ERR,ERR,ERR,ERR,ERR,ERR,0.0,0.0,-134474944.0,0.0,0.0,1.3936040501711995e+18,7.805,0.0,0,0,4,0,8422,0.0,45,0.0,0.0,0.0,0.0,0.0,0,0,0,0,0.0,0,0,0,0,0,0,0,0,0,0,0,0,0,0,0,0,0,0,0,0,0,0,0,0,0,0,0,0,0,0,0,0,0,38,14,7,45,65476,0,300,0,0,8,21553,0.0,-107605600.0,0.0,0.0,0.0,0.0,0.0,0.0,0.0,0.0,0.0,0.0,0.0,0.0,0.0,0.0,0.0,0.0,0.0,0.0,0.0,0.0,2.004,2.004,-2.004,0.0,0.0,0.0,0.0,0.0,4758.0,8608174080.0,0.0,0.0,0.0,-107615280.0,2.718429300292151e+23,0.0,0.0,0.0,0.0,53,-0.0,-152017095884800.0,0.0,0.0,0.0,0.0,0.0,0.0,0.0,0,0,0,0.0,0.0,0.0,0.0,0.0,0.0,0.0,0.0,0.0,0.0,0.0,0.0,0.0,0.0,0.0,0.0,0,-107875648.0,53,0.0,106,-107614832.0,0.0,ERR,ERR,ERR,ERR,ERR,ERR,ERR,ERR,ERR,ERR,ERR,ERR,ERR,ERR,ERR,ERR,ERR,ERR,ERR,ERR,ERR,ERR,ERR,ERR,ERR,ERR,ERR,ERR,ERR,ERR,ERR,ERR,ERR,ERR,ERR,ERR,ERR,ERR,ERR,ERR,ERR,ERR,ERR,ERR,ERR,ERR,ERR,ERR,ERR,ERR,ERR,ERR,ERR,ERR,ERR,ERR,ERR,ERR,ERR,ERR,ERR,ERR,ERR,ERR,ERR,ERR,ERR,50.0,60.0,100,0.0,0.0,0.0,0.0,0.0,0.0,0.0,0.0,0.0,0.0,0.0,0.0,0.0,0.0,0.0,0.0,61.6,73,14,65513,50,65476,0,300,0,0,8,20529,65476,0,0,26214,60.0,0.0,0.0,0.0,0.0,0.0
2026-05-17T18:53:05,ERR,ERR,ERR,ERR,ERR,ERR,ERR,ERR,ERR,ERR,ERR,ERR,ERR,ERR,ERR,ERR,ERR,ERR,ERR,ERR,ERR,ERR,ERR,ERR,ERR,ERR,ERR,ERR,ERR,ERR,ERR,ERR,ERR,ERR,ERR,ERR,ERR,ERR,ERR,ERR,ERR,ERR,ERR,ERR,ERR,ERR,ERR,ERR,ERR,ERR,ERR,ERR,ERR,ERR,ERR,ERR,ERR,ERR,ERR,ERR,ERR,ERR,ERR,ERR,ERR,ERR,ERR,ERR,ERR,ERR,ERR,ERR,ERR,ERR,ERR,ERR,ERR,ERR,ERR,ERR,ERR,ERR,ERR,ERR,ERR,ERR,ERR,ERR,ERR,ERR,ERR,ERR,ERR,ERR,ERR,ERR,ERR,ERR,ERR,ERR,ERR,ERR,ERR,ERR,ERR,ERR,ERR,ERR,ERR,ERR,ERR,ERR,ERR,ERR,ERR,ERR,ERR,ERR,ERR,ERR,ERR,ERR,ERR,ERR,ERR,0.0,0.0,-134474944.0,0.0,0.0,1.3936040501711995e+18,7.805,0.0,0,0,4,0,8422,0.0,45,0.0,0.0,0.0,0.0,0.0,0,0,0,0,0.0,0,0,0,0,0,0,0,0,0,0,0,0,0,0,0,0,0,0,0,0,0,0,0,0,0,0,0,0,0,0,0,0,0,38,14,7,45,65476,0,300,0,0,8,21553,0.0,-107605600.0,0.0,0.0,0.0,0.0,0.0,0.0,0.0,0.0,0.0,0.0,0.0,0.0,0.0,0.0,0.0,0.0,0.0,0.0,0.0,0.0,2.004,2.004,-2.004,0.0,0.0,0.0,0.0,0.0,4758.0,8608174080.0,0.0,0.0,0.0,-107615280.0,2.718429300292151e+23,0.0,0.0,0.0,0.0,53,-0.0,-152017095884800.0,0.0,0.0,0.0,0.0,0.0,0.0,0.0,0,0,0,0.0,0.0,0.0,0.0,0.0,0.0,0.0,0.0,0.0,0.0,0.0,0.0,0.0,0.0,0.0,0.0,0,-107875648.0,53,0.0,106,-107614832.0,0.0,ERR,ERR,ERR,ERR,ERR,ERR,ERR,ERR,ERR,ERR,ERR,ERR,ERR,ERR,ERR,ERR,ERR,ERR,ERR,ERR,ERR,ERR,ERR,ERR,ERR,ERR,ERR,ERR,ERR,ERR,ERR,ERR,ERR,ERR,ERR,ERR,ERR,ERR,ERR,ERR,ERR,ERR,ERR,ERR,ERR,ERR,ERR,ERR,ERR,ERR,ERR,ERR,ERR,ERR,ERR,ERR,ERR,ERR,ERR,ERR,ERR,ERR,ERR,ERR,ERR,ERR,ERR,50.0,60.0,100,0.0,0.0,0.0,0.0,0.0,0.0,0.0,0.0,0.0,0.0,0.0,0.0,0.0,0.0,0.0,0.0,61.6,73,14,65513,50,65476,0,300,0,0,8,20529,65476,0,0,26214,60.0,0.0,0.0,0.0,0.0,0.0
2026-05-17T18:53:06,ERR,ERR,ERR,ERR,ERR,ERR,ERR,ERR,ERR,ERR,ERR,ERR,ERR,ERR,ERR,ERR,ERR,ERR,ERR,ERR,ERR,ERR,ERR,ERR,ERR,ERR,ERR,ERR,ERR,ERR,ERR,ERR,ERR,ERR,ERR,ERR,ERR,ERR,ERR,ERR,ERR,ERR,ERR,ERR,ERR,ERR,ERR,ERR,ERR,ERR,ERR,ERR,ERR,ERR,ERR,ERR,ERR,ERR,ERR,ERR,ERR,ERR,ERR,ERR,ERR,ERR,ERR,ERR,ERR,ERR,ERR,ERR,ERR,ERR,ERR,ERR,ERR,ERR,ERR,ERR,ERR,ERR,ERR,ERR,ERR,ERR,ERR,ERR,ERR,ERR,ERR,ERR,ERR,ERR,ERR,ERR,ERR,ERR,ERR,ERR,ERR,ERR,ERR,ERR,ERR,ERR,ERR,ERR,ERR,ERR,ERR,ERR,ERR,ERR,ERR,ERR,ERR,ERR,ERR,ERR,ERR,ERR,ERR,ERR,ERR,0.0,0.0,-134474944.0,0.0,0.0,1.3936040501711995e+18,7.805,0.0,0,0,4,0,8422,0.0,45,0.0,0.0,0.0,0.0,0.0,0,0,0,0,0.0,0,0,0,0,0,0,0,0,0,0,0,0,0,0,0,0,0,0,0,0,0,0,0,0,0,0,0,0,0,0,0,0,0,38,14,7,45,65476,0,300,0,0,8,21553,0.0,-107605600.0,0.0,0.0,0.0,0.0,0.0,0.0,0.0,0.0,0.0,0.0,0.0,0.0,0.0,0.0,0.0,0.0,0.0,0.0,0.0,0.0,2.004,2.004,-2.004,0.0,0.0,0.0,0.0,0.0,4758.0,8608174080.0,0.0,0.0,0.0,-107615280.0,2.718429300292151e+23,0.0,0.0,0.0,0.0,53,-0.0,-152017095884800.0,0.0,0.0,0.0,0.0,0.0,0.0,0.0,0,0,0,0.0,0.0,0.0,0.0,0.0,0.0,0.0,0.0,0.0,0.0,0.0,0.0,0.0,0.0,0.0,0.0,0,-107875648.0,53,0.0,106,-107614832.0,0.0,ERR,ERR,ERR,ERR,ERR,ERR,ERR,ERR,ERR,ERR,ERR,ERR,ERR,ERR,ERR,ERR,ERR,ERR,ERR,ERR,ERR,ERR,ERR,ERR,ERR,ERR,ERR,ERR,ERR,ERR,ERR,ERR,ERR,ERR,ERR,ERR,ERR,ERR,ERR,ERR,ERR,ERR,ERR,ERR,ERR,ERR,ERR,ERR,ERR,ERR,ERR,ERR,ERR,ERR,ERR,ERR,ERR,ERR,ERR,ERR,ERR,ERR,ERR,ERR,ERR,ERR,ERR,50.0,60.0,100,0.0,0.0,0.0,0.0,0.0,0.0,0.0,0.0,0.0,0.0,0.0,0.0,0.0,0.0,0.0,0.0,61.6,73,14,65513,50,65476,0,300,0,0,8,20529,65476,0,0,26214,60.0,0.0,0.0,0.0,0.0,0.0
2026-05-17T18:53:07,ERR,ERR,ERR,ERR,ERR,ERR,ERR,ERR,ERR,ERR,ERR,ERR,ERR,ERR,ERR,ERR,ERR,ERR,ERR,ERR,ERR,ERR,ERR,ERR,ERR,ERR,ERR,ERR,ERR,ERR,ERR,ERR,ERR,ERR,ERR,ERR,ERR,ERR,ERR,ERR,ERR,ERR,ERR,ERR,ERR,ERR,ERR,ERR,ERR,ERR,ERR,ERR,ERR,ERR,ERR,ERR,ERR,ERR,ERR,ERR,ERR,ERR,ERR,ERR,ERR,ERR,ERR,ERR,ERR,ERR,ERR,ERR,ERR,ERR,ERR,ERR,ERR,ERR,ERR,ERR,ERR,ERR,ERR,ERR,ERR,ERR,ERR,ERR,ERR,ERR,ERR,ERR,ERR,ERR,ERR,ERR,ERR,ERR,ERR,ERR,ERR,ERR,ERR,ERR,ERR,ERR,ERR,ERR,ERR,ERR,ERR,ERR,ERR,ERR,ERR,ERR,ERR,ERR,ERR,ERR,ERR,ERR,ERR,ERR,ERR,0.0,0.0,-134474944.0,0.0,0.0,1.3936040501711995e+18,7.805,0.0,0,0,4,0,8422,0.0,45,0.0,0.0,0.0,0.0,0.0,0,0,0,0,0.0,0,0,0,0,0,0,0,0,0,0,0,0,0,0,0,0,0,0,0,0,0,0,0,0,0,0,0,0,0,0,0,0,0,38,14,7,45,65476,0,300,0,0,8,21553,0.0,-107605600.0,0.0,0.0,0.0,0.0,0.0,0.0,0.0,0.0,0.0,0.0,0.0,0.0,0.0,0.0,0.0,0.0,0.0,0.0,0.0,0.0,2.004,2.004,-2.004,0.0,0.0,0.0,0.0,0.0,4758.0,8608174080.0,0.0,0.0,0.0,-107615280.0,2.718429300292151e+23,0.0,0.0,0.0,0.0,53,-0.0,-152017095884800.0,0.0,0.0,0.0,0.0,0.0,0.0,0.0,0,0,0,0.0,0.0,0.0,0.0,0.0,0.0,0.0,0.0,0.0,0.0,0.0,0.0,0.0,0.0,0.0,0.0,0,-107875648.0,53,0.0,106,-107614832.0,0.0,ERR,ERR,ERR,ERR,ERR,ERR,ERR,ERR,ERR,ERR,ERR,ERR,ERR,ERR,ERR,ERR,ERR,ERR,ERR,ERR,ERR,ERR,ERR,ERR,ERR,ERR,ERR,ERR,ERR,ERR,ERR,ERR,ERR,ERR,ERR,ERR,ERR,ERR,ERR,ERR,ERR,ERR,ERR,ERR,ERR,ERR,ERR,ERR,ERR,ERR,ERR,ERR,ERR,ERR,ERR,ERR,ERR,ERR,ERR,ERR,ERR,ERR,ERR,ERR,ERR,ERR,ERR,50.0,60.0,100,0.0,0.0,0.0,0.0,0.0,0.0,0.0,0.0,0.0,0.0,0.0,0.0,0.0,0.0,0.0,0.0,61.6,73,14,65513,50,65476,0,300,0,0,8,20529,65476,0,0,26214,60.0,0.0,0.0,0.0,0.0,0.0
2026-05-17T18:53:08,ERR,ERR,ERR,ERR,ERR,ERR,ERR,ERR,ERR,ERR,ERR,ERR,ERR,ERR,ERR,ERR,ERR,ERR,ERR,ERR,ERR,ERR,ERR,ERR,ERR,ERR,ERR,ERR,ERR,ERR,ERR,ERR,ERR,ERR,ERR,ERR,ERR,ERR,ERR,ERR,ERR,ERR,ERR,ERR,ERR,ERR,ERR,ERR,ERR,ERR,ERR,ERR,ERR,ERR,ERR,ERR,ERR,ERR,ERR,ERR,ERR,ERR,ERR,ERR,ERR,ERR,ERR,ERR,ERR,ERR,ERR,ERR,ERR,ERR,ERR,ERR,ERR,ERR,ERR,ERR,ERR,ERR,ERR,ERR,ERR,ERR,ERR,ERR,ERR,ERR,ERR,ERR,ERR,ERR,ERR,ERR,ERR,ERR,ERR,ERR,ERR,ERR,ERR,ERR,ERR,ERR,ERR,ERR,ERR,ERR,ERR,ERR,ERR,ERR,ERR,ERR,ERR,ERR,ERR,ERR,ERR,ERR,ERR,ERR,ERR,0.0,0.0,-134474944.0,0.0,0.0,1.3936040501711995e+18,7.805,0.0,0,0,4,0,8422,0.0,45,0.0,0.0,0.0,0.0,0.0,0,0,0,0,0.0,0,0,0,0,0,0,0,0,0,0,0,0,0,0,0,0,0,0,0,0,0,0,0,0,0,0,0,0,0,0,0,0,0,38,14,7,45,65476,0,300,0,0,8,21553,0.0,-107605600.0,0.0,0.0,0.0,0.0,0.0,0.0,0.0,0.0,0.0,0.0,0.0,0.0,0.0,0.0,0.0,0.0,0.0,0.0,0.0,0.0,2.004,2.004,-0.0,0.0,0.0,0.0,0.0,0.0,4759.0,0.0,0.0,0.0,0.0,0.0,2.718429300292151e+23,0.0,0.0,0.0,0.0,53,-0.0,-0.0,0.0,0.0,0.0,0.0,0.0,0.0,0.0,0,0,0,0.0,0.0,0.0,0.0,0.0,0.0,0.0,0.0,0.0,0.0,0.0,0.0,0.0,0.0,0.0,0.0,0,-107875648.0,53,0.0,106,-107614832.0,-107351008.0,ERR,ERR,ERR,ERR,ERR,ERR,ERR,ERR,ERR,ERR,ERR,ERR,ERR,ERR,ERR,ERR,ERR,ERR,ERR,ERR,ERR,ERR,ERR,ERR,ERR,ERR,ERR,ERR,ERR,ERR,ERR,ERR,ERR,ERR,ERR,ERR,ERR,ERR,ERR,ERR,ERR,ERR,ERR,ERR,ERR,ERR,ERR,ERR,ERR,ERR,ERR,ERR,ERR,ERR,ERR,ERR,ERR,ERR,ERR,ERR,ERR,ERR,ERR,ERR,ERR,ERR,ERR,50.0,60.0,100,0.0,0.0,0.0,0.0,0.0,0.0,0.0,0.0,0.0,0.0,0.0,0.0,0.0,0.0,0.0,0.0,61.6,73,14,65513,50,65476,0,300,0,0,8,20529,65476,0,0,26214,60.0,0.0,0.0,0.0,0.0,0.0
2026-05-17T18:53:09,ERR,ERR,ERR,ERR,ERR,ERR,ERR,ERR,ERR,ERR,ERR,ERR,ERR,ERR,ERR,ERR,ERR,ERR,ERR,ERR,ERR,ERR,ERR,ERR,ERR,ERR,ERR,ERR,ERR,ERR,ERR,ERR,ERR,ERR,ERR,ERR,ERR,ERR,ERR,ERR,ERR,ERR,ERR,ERR,ERR,ERR,ERR,ERR,ERR,ERR,ERR,ERR,ERR,ERR,ERR,ERR,ERR,ERR,ERR,ERR,ERR,ERR,ERR,ERR,ERR,ERR,ERR,ERR,ERR,ERR,ERR,ERR,ERR,ERR,ERR,ERR,ERR,ERR,ERR,ERR,ERR,ERR,ERR,ERR,ERR,ERR,ERR,ERR,ERR,ERR,ERR,ERR,ERR,ERR,ERR,ERR,ERR,ERR,ERR,ERR,ERR,ERR,ERR,ERR,ERR,ERR,ERR,ERR,ERR,ERR,ERR,ERR,ERR,ERR,ERR,ERR,ERR,ERR,ERR,ERR,ERR,ERR,ERR,ERR,ERR,0.0,0.0,-134474944.0,0.0,0.0,1.3936040501711995e+18,7.805,0.0,0,0,4,0,8422,0.0,45,0.0,0.0,0.0,0.0,0.0,0,0,0,0,0.0,0,0,0,0,0,0,0,0,0,0,0,0,0,0,0,0,0,0,0,0,0,0,0,0,0,0,0,0,0,0,0,0,0,38,14,7,45,65476,0,300,0,0,8,21553,0.0,-107605600.0,0.0,0.0,0.0,0.0,0.0,0.0,0.0,0.0,0.0,0.0,0.0,0.0,0.0,0.0,0.0,0.0,0.0,0.0,0.0,0.0,2.004,2.004,-0.0,0.0,0.0,0.0,0.0,0.0,4759.0,0.0,0.0,0.0,0.0,0.0,2.718429300292151e+23,0.0,0.0,0.0,0.0,53,-0.0,-0.0,0.0,0.0,0.0,0.0,0.0,0.0,0.0,0,0,0,0.0,0.0,0.0,0.0,0.0,0.0,0.0,0.0,0.0,0.0,0.0,0.0,0.0,0.0,0.0,0.0,0,-107875648.0,53,0.0,106,-107614832.0,-107351008.0,ERR,ERR,ERR,ERR,ERR,ERR,ERR,ERR,ERR,ERR,ERR,ERR,ERR,ERR,ERR,ERR,ERR,ERR,ERR,ERR,ERR,ERR,ERR,ERR,ERR,ERR,ERR,ERR,ERR,ERR,ERR,ERR,ERR,ERR,ERR,ERR,ERR,ERR,ERR,ERR,ERR,ERR,ERR,ERR,ERR,ERR,ERR,ERR,ERR,ERR,ERR,ERR,ERR,ERR,ERR,ERR,ERR,ERR,ERR,ERR,ERR,ERR,ERR,ERR,ERR,ERR,ERR,50.0,60.0,100,0.0,0.0,0.0,0.0,0.0,0.0,0.0,0.0,0.0,0.0,0.0,0.0,0.0,0.0,0.0,0.0,61.6,73,14,65513,50,65476,0,300,0,0,8,20529,65476,0,0,26214,60.0,0.0,0.0,0.0,0.0,0.0
2026-05-17T18:53:10,ERR,ERR,ERR,ERR,ERR,ERR,ERR,ERR,ERR,ERR,ERR,ERR,ERR,ERR,ERR,ERR,ERR,ERR,ERR,ERR,ERR,ERR,ERR,ERR,ERR,ERR,ERR,ERR,ERR,ERR,ERR,ERR,ERR,ERR,ERR,ERR,ERR,ERR,ERR,ERR,ERR,ERR,ERR,ERR,ERR,ERR,ERR,ERR,ERR,ERR,ERR,ERR,ERR,ERR,ERR,ERR,ERR,ERR,ERR,ERR,ERR,ERR,ERR,ERR,ERR,ERR,ERR,ERR,ERR,ERR,ERR,ERR,ERR,ERR,ERR,ERR,ERR,ERR,ERR,ERR,ERR,ERR,ERR,ERR,ERR,ERR,ERR,ERR,ERR,ERR,ERR,ERR,ERR,ERR,ERR,ERR,ERR,ERR,ERR,ERR,ERR,ERR,ERR,ERR,ERR,ERR,ERR,ERR,ERR,ERR,ERR,ERR,ERR,ERR,ERR,ERR,ERR,ERR,ERR,ERR,ERR,ERR,ERR,ERR,ERR,0.0,0.0,-134474944.0,0.0,0.0,1.3936040501711995e+18,7.805,0.0,0,0,4,0,8422,0.0,45,0.0,0.0,0.0,0.0,0.0,0,0,0,0,0.0,0,0,0,0,0,0,0,0,0,0,0,0,0,0,0,0,0,0,0,0,0,0,0,0,0,0,0,0,0,0,0,0,0,38,14,7,45,65476,0,300,0,0,8,21553,0.0,-107605600.0,0.0,0.0,0.0,0.0,0.0,0.0,0.0,0.0,0.0,0.0,0.0,0.0,0.0,0.0,0.0,0.0,0.0,0.0,0.0,0.0,2.004,2.004,-0.0,0.0,0.0,0.0,0.0,0.0,4759.0,0.0,0.0,0.0,0.0,0.0,2.718429300292151e+23,0.0,0.0,0.0,0.0,53,-0.0,-0.0,0.0,0.0,0.0,0.0,0.0,0.0,0.0,0,0,0,0.0,0.0,0.0,0.0,0.0,0.0,0.0,0.0,0.0,0.0,0.0,0.0,0.0,0.0,0.0,0.0,0,-107875648.0,53,0.0,106,-107614832.0,-107351008.0,ERR,ERR,ERR,ERR,ERR,ERR,ERR,ERR,ERR,ERR,ERR,ERR,ERR,ERR,ERR,ERR,ERR,ERR,ERR,ERR,ERR,ERR,ERR,ERR,ERR,ERR,ERR,ERR,ERR,ERR,ERR,ERR,ERR,ERR,ERR,ERR,ERR,ERR,ERR,ERR,ERR,ERR,ERR,ERR,ERR,ERR,ERR,ERR,ERR,ERR,ERR,ERR,ERR,ERR,ERR,ERR,ERR,ERR,ERR,ERR,ERR,ERR,ERR,ERR,ERR,ERR,ERR,50.0,60.0,100,0.0,0.0,0.0,0.0,0.0,0.0,0.0,0.0,0.0,0.0,0.0,0.0,0.0,0.0,0.0,0.0,61.6,73,14,65513,50,65476,0,300,0,0,8,20529,65476,0,0,26214,60.0,0.0,0.0,0.0,0.0,0.0
2026-05-17T18:53:11,ERR,ERR,ERR,ERR,ERR,ERR,ERR,ERR,ERR,ERR,ERR,ERR,ERR,ERR,ERR,ERR,ERR,ERR,ERR,ERR,ERR,ERR,ERR,ERR,ERR,ERR,ERR,ERR,ERR,ERR,ERR,ERR,ERR,ERR,ERR,ERR,ERR,ERR,ERR,ERR,ERR,ERR,ERR,ERR,ERR,ERR,ERR,ERR,ERR,ERR,ERR,ERR,ERR,ERR,ERR,ERR,ERR,ERR,ERR,ERR,ERR,ERR,ERR,ERR,ERR,ERR,ERR,ERR,ERR,ERR,ERR,ERR,ERR,ERR,ERR,ERR,ERR,ERR,ERR,ERR,ERR,ERR,ERR,ERR,ERR,ERR,ERR,ERR,ERR,ERR,ERR,ERR,ERR,ERR,ERR,ERR,ERR,ERR,ERR,ERR,ERR,ERR,ERR,ERR,ERR,ERR,ERR,ERR,ERR,ERR,ERR,ERR,ERR,ERR,ERR,ERR,ERR,ERR,ERR,ERR,ERR,ERR,ERR,ERR,ERR,0.0,0.0,-134474944.0,0.0,0.0,1.3936040501711995e+18,7.805,0.0,0,0,4,0,8422,0.0,45,0.0,0.0,0.0,0.0,0.0,0,0,0,0,0.0,0,0,0,0,0,0,0,0,0,0,0,0,0,0,0,0,0,0,0,0,0,0,0,0,0,0,0,0,0,0,0,0,0,38,14,7,45,65476,0,300,0,0,8,21553,0.0,-107605600.0,0.0,0.0,0.0,0.0,0.0,0.0,0.0,0.0,0.0,0.0,0.0,0.0,0.0,0.0,0.0,0.0,0.0,0.0,0.0,0.0,2.004,2.004,-0.0,0.0,0.0,0.0,0.0,0.0,4759.0,0.0,0.0,0.0,0.0,0.0,2.718429300292151e+23,0.0,0.0,0.0,0.0,53,-0.0,-0.0,0.0,0.0,0.0,0.0,0.0,0.0,0.0,0,0,0,0.0,0.0,0.0,0.0,0.0,0.0,0.0,0.0,0.0,0.0,0.0,0.0,0.0,0.0,0.0,0.0,0,-107875648.0,53,0.0,106,-107614832.0,-107351008.0,ERR,ERR,ERR,ERR,ERR,ERR,ERR,ERR,ERR,ERR,ERR,ERR,ERR,ERR,ERR,ERR,ERR,ERR,ERR,ERR,ERR,ERR,ERR,ERR,ERR,ERR,ERR,ERR,ERR,ERR,ERR,ERR,ERR,ERR,ERR,ERR,ERR,ERR,ERR,ERR,ERR,ERR,ERR,ERR,ERR,ERR,ERR,ERR,ERR,ERR,ERR,ERR,ERR,ERR,ERR,ERR,ERR,ERR,ERR,ERR,ERR,ERR,ERR,ERR,ERR,ERR,ERR,50.0,60.0,100,0.0,0.0,0.0,0.0,0.0,0.0,0.0,0.0,0.0,0.0,0.0,0.0,0.0,0.0,0.0,0.0,62.0,73,14,65513,50,65476,0,300,0,0,8,20529,65476,0,0,26214,60.0,0.0,0.0,0.0,0.0,0.0
2026-05-17T18:53:12,ERR,ERR,ERR,ERR,ERR,ERR,ERR,ERR,ERR,ERR,ERR,ERR,ERR,ERR,ERR,ERR,ERR,ERR,ERR,ERR,ERR,ERR,ERR,ERR,ERR,ERR,ERR,ERR,ERR,ERR,ERR,ERR,ERR,ERR,ERR,ERR,ERR,ERR,ERR,ERR,ERR,ERR,ERR,ERR,ERR,ERR,ERR,ERR,ERR,ERR,ERR,ERR,ERR,ERR,ERR,ERR,ERR,ERR,ERR,ERR,ERR,ERR,ERR,ERR,ERR,ERR,ERR,ERR,ERR,ERR,ERR,ERR,ERR,ERR,ERR,ERR,ERR,ERR,ERR,ERR,ERR,ERR,ERR,ERR,ERR,ERR,ERR,ERR,ERR,ERR,ERR,ERR,ERR,ERR,ERR,ERR,ERR,ERR,ERR,ERR,ERR,ERR,ERR,ERR,ERR,ERR,ERR,ERR,ERR,ERR,ERR,ERR,ERR,ERR,ERR,ERR,ERR,ERR,ERR,ERR,ERR,ERR,ERR,ERR,ERR,0.0,0.0,-134474944.0,0.0,0.0,1.3936040501711995e+18,7.805,0.0,0,0,4,0,8422,0.0,45,0.0,0.0,0.0,0.0,0.0,0,0,0,0,0.0,0,0,0,0,0,0,0,0,0,0,0,0,0,0,0,0,0,0,0,0,0,0,0,0,0,0,0,0,0,0,0,0,0,38,14,7,45,65476,0,300,0,0,8,21553,0.0,-107605600.0,0.0,0.0,0.0,0.0,0.0,0.0,0.0,0.0,0.0,0.0,0.0,0.0,0.0,0.0,0.0,0.0,0.0,0.0,0.0,0.0,2.004,2.004,-0.0,0.0,0.0,0.0,0.0,0.0,4759.0,0.0,0.0,0.0,0.0,0.0,2.718429300292151e+23,0.0,0.0,0.0,0.0,53,-0.0,-0.0,0.0,0.0,0.0,0.0,0.0,0.0,0.0,0,0,0,0.0,0.0,0.0,0.0,0.0,0.0,0.0,0.0,0.0,0.0,0.0,0.0,0.0,0.0,0.0,0.0,0,-107875648.0,53,0.0,106,-107614832.0,-107351008.0,ERR,ERR,ERR,ERR,ERR,ERR,ERR,ERR,ERR,ERR,ERR,ERR,ERR,ERR,ERR,ERR,ERR,ERR,ERR,ERR,ERR,ERR,ERR,ERR,ERR,ERR,ERR,ERR,ERR,ERR,ERR,ERR,ERR,ERR,ERR,ERR,ERR,ERR,ERR,ERR,ERR,ERR,ERR,ERR,ERR,ERR,ERR,ERR,ERR,ERR,ERR,ERR,ERR,ERR,ERR,ERR,ERR,ERR,ERR,ERR,ERR,ERR,ERR,ERR,ERR,ERR,ERR,50.0,60.0,100,0.0,0.0,0.0,0.0,0.0,0.0,0.0,0.0,0.0,0.0,0.0,0.0,0.0,0.0,0.0,0.0,61.6,73,14,65513,50,65476,0,300,0,0,8,20529,65476,0,0,26214,60.0,0.0,0.0,0.0,0.0,0.0
2026-05-17T18:53:13,ERR,ERR,ERR,ERR,ERR,ERR,ERR,ERR,ERR,ERR,ERR,ERR,ERR,ERR,ERR,ERR,ERR,ERR,ERR,ERR,ERR,ERR,ERR,ERR,ERR,ERR,ERR,ERR,ERR,ERR,ERR,ERR,ERR,ERR,ERR,ERR,ERR,ERR,ERR,ERR,ERR,ERR,ERR,ERR,ERR,ERR,ERR,ERR,ERR,ERR,ERR,ERR,ERR,ERR,ERR,ERR,ERR,ERR,ERR,ERR,ERR,ERR,ERR,ERR,ERR,ERR,ERR,ERR,ERR,ERR,ERR,ERR,ERR,ERR,ERR,ERR,ERR,ERR,ERR,ERR,ERR,ERR,ERR,ERR,ERR,ERR,ERR,ERR,ERR,ERR,ERR,ERR,ERR,ERR,ERR,ERR,ERR,ERR,ERR,ERR,ERR,ERR,ERR,ERR,ERR,ERR,ERR,ERR,ERR,ERR,ERR,ERR,ERR,ERR,ERR,ERR,ERR,ERR,ERR,ERR,ERR,ERR,ERR,ERR,ERR,0.0,0.0,-134474944.0,0.0,0.0,1.3936040501711995e+18,7.805,0.0,0,0,4,0,8422,0.0,45,0.0,0.0,0.0,0.0,0.0,0,0,0,0,0.0,0,0,0,0,0,0,0,0,0,0,0,0,0,0,0,0,0,0,0,0,0,0,0,0,0,0,0,0,0,0,0,0,0,38,14,7,45,65476,0,300,0,0,8,21553,0.0,-107605600.0,0.0,0.0,0.0,0.0,0.0,0.0,0.0,0.0,0.0,0.0,0.0,0.0,0.0,0.0,0.0,0.0,0.0,0.0,0.0,0.0,2.004,2.004,-0.0,0.0,0.0,0.0,0.0,0.0,4760.0,0.0,0.0,0.0,0.0,-107615280.0,2.718429300292151e+23,0.0,0.0,0.0,0.0,53,-0.0,5.848051325610453e+35,0.0,0.0,0.0,0.0,0.0,0.0,0.0,0,0,0,0.0,0.0,0.0,0.0,0.0,0.0,0.0,0.0,0.0,0.0,0.0,0.0,0.0,0.0,0.0,0.0,0,-107875648.0,53,0.0,106,-107614832.0,-107351008.0,ERR,ERR,ERR,ERR,ERR,ERR,ERR,ERR,ERR,ERR,ERR,ERR,ERR,ERR,ERR,ERR,ERR,ERR,ERR,ERR,ERR,ERR,ERR,ERR,ERR,ERR,ERR,ERR,ERR,ERR,ERR,ERR,ERR,ERR,ERR,ERR,ERR,ERR,ERR,ERR,ERR,ERR,ERR,ERR,ERR,ERR,ERR,ERR,ERR,ERR,ERR,ERR,ERR,ERR,ERR,ERR,ERR,ERR,ERR,ERR,ERR,ERR,ERR,ERR,ERR,ERR,ERR,50.0,60.0,100,0.0,0.0,0.0,0.0,0.0,0.0,0.0,0.0,0.0,0.0,0.0,0.0,0.0,0.0,0.0,0.0,61.6,73,14,65513,50,65476,0,300,0,0,8,20529,65476,0,0,26214,60.0,0.0,0.0,0.0,0.0,0.0
2026-05-17T18:53:14,ERR,ERR,ERR,ERR,ERR,ERR,ERR,ERR,ERR,ERR,ERR,ERR,ERR,ERR,ERR,ERR,ERR,ERR,ERR,ERR,ERR,ERR,ERR,ERR,ERR,ERR,ERR,ERR,ERR,ERR,ERR,ERR,ERR,ERR,ERR,ERR,ERR,ERR,ERR,ERR,ERR,ERR,ERR,ERR,ERR,ERR,ERR,ERR,ERR,ERR,ERR,ERR,ERR,ERR,ERR,ERR,ERR,ERR,ERR,ERR,ERR,ERR,ERR,ERR,ERR,ERR,ERR,ERR,ERR,ERR,ERR,ERR,ERR,ERR,ERR,ERR,ERR,ERR,ERR,ERR,ERR,ERR,ERR,ERR,ERR,ERR,ERR,ERR,ERR,ERR,ERR,ERR,ERR,ERR,ERR,ERR,ERR,ERR,ERR,ERR,ERR,ERR,ERR,ERR,ERR,ERR,ERR,ERR,ERR,ERR,ERR,ERR,ERR,ERR,ERR,ERR,ERR,ERR,ERR,ERR,ERR,ERR,ERR,ERR,ERR,0.0,0.0,-134474944.0,0.0,0.0,1.3936040501711995e+18,7.805,0.0,0,0,4,0,8422,0.0,45,0.0,0.0,0.0,0.0,0.0,0,0,0,0,0.0,0,0,0,0,0,0,0,0,0,0,0,0,0,0,0,0,0,0,0,0,0,0,0,0,0,0,0,0,0,0,0,0,0,38,14,7,45,65476,0,300,0,0,8,21553,0.0,-107605600.0,0.0,0.0,0.0,0.0,0.0,0.0,0.0,0.0,0.0,0.0,0.0,0.0,0.0,0.0,0.0,0.0,0.0,0.0,0.0,0.0,2.004,2.004,-0.0,0.0,0.0,0.0,0.0,0.0,4760.0,0.0,0.0,0.0,0.0,-107615280.0,2.718429300292151e+23,0.0,0.0,0.0,0.0,53,-0.0,5.848051325610453e+35,0.0,0.0,0.0,0.0,0.0,0.0,0.0,0,0,0,0.0,0.0,0.0,0.0,0.0,0.0,0.0,0.0,0.0,0.0,0.0,0.0,0.0,0.0,0.0,0.0,0,-107875648.0,53,0.0,106,-107614832.0,-107351008.0,ERR,ERR,ERR,ERR,ERR,ERR,ERR,ERR,ERR,ERR,ERR,ERR,ERR,ERR,ERR,ERR,ERR,ERR,ERR,ERR,ERR,ERR,ERR,ERR,ERR,ERR,ERR,ERR,ERR,ERR,ERR,ERR,ERR,ERR,ERR,ERR,ERR,ERR,ERR,ERR,ERR,ERR,ERR,ERR,ERR,ERR,ERR,ERR,ERR,ERR,ERR,ERR,ERR,ERR,ERR,ERR,ERR,ERR,ERR,ERR,ERR,ERR,ERR,ERR,ERR,ERR,ERR,50.0,60.0,100,0.0,0.0,0.0,0.0,0.0,0.0,0.0,0.0,0.0,0.0,0.0,0.0,0.0,0.0,0.0,0.0,61.6,73,14,65513,50,65476,0,300,0,0,8,20529,65476,0,0,26214,60.0,0.0,0.0,0.0,0.0,0.0
2026-05-17T18:53:15,ERR,ERR,ERR,ERR,ERR,ERR,ERR,ERR,ERR,ERR,ERR,ERR,ERR,ERR,ERR,ERR,ERR,ERR,ERR,ERR,ERR,ERR,ERR,ERR,ERR,ERR,ERR,ERR,ERR,ERR,ERR,ERR,ERR,ERR,ERR,ERR,ERR,ERR,ERR,ERR,ERR,ERR,ERR,ERR,ERR,ERR,ERR,ERR,ERR,ERR,ERR,ERR,ERR,ERR,ERR,ERR,ERR,ERR,ERR,ERR,ERR,ERR,ERR,ERR,ERR,ERR,ERR,ERR,ERR,ERR,ERR,ERR,ERR,ERR,ERR,ERR,ERR,ERR,ERR,ERR,ERR,ERR,ERR,ERR,ERR,ERR,ERR,ERR,ERR,ERR,ERR,ERR,ERR,ERR,ERR,ERR,ERR,ERR,ERR,ERR,ERR,ERR,ERR,ERR,ERR,ERR,ERR,ERR,ERR,ERR,ERR,ERR,ERR,ERR,ERR,ERR,ERR,ERR,ERR,ERR,ERR,ERR,ERR,ERR,ERR,0.0,0.0,-134474944.0,0.0,0.0,1.3936040501711995e+18,7.805,0.0,0,0,4,0,8422,0.0,45,0.0,0.0,0.0,0.0,0.0,0,0,0,0,0.0,0,0,0,0,0,0,0,0,0,0,0,0,0,0,0,0,0,0,0,0,0,0,0,0,0,0,0,0,0,0,0,0,0,38,14,7,45,65476,0,300,0,0,8,21553,0.0,-107605600.0,0.0,0.0,0.0,0.0,0.0,0.0,0.0,0.0,0.0,0.0,0.0,0.0,0.0,0.0,0.0,0.0,0.0,0.0,0.0,0.0,2.004,2.004,-0.0,0.0,0.0,0.0,0.0,0.0,4760.0,0.0,0.0,0.0,0.0,-107615280.0,2.718429300292151e+23,0.0,0.0,0.0,0.0,53,-0.0,5.848051325610453e+35,0.0,0.0,0.0,0.0,0.0,0.0,0.0,0,0,0,0.0,0.0,0.0,0.0,0.0,0.0,0.0,0.0,0.0,0.0,0.0,0.0,0.0,0.0,0.0,0.0,0,-107875648.0,53,0.0,106,-107614832.0,-107351008.0,ERR,ERR,ERR,ERR,ERR,ERR,ERR,ERR,ERR,ERR,ERR,ERR,ERR,ERR,ERR,ERR,ERR,ERR,ERR,ERR,ERR,ERR,ERR,ERR,ERR,ERR,ERR,ERR,ERR,ERR,ERR,ERR,ERR,ERR,ERR,ERR,ERR,ERR,ERR,ERR,ERR,ERR,ERR,ERR,ERR,ERR,ERR,ERR,ERR,ERR,ERR,ERR,ERR,ERR,ERR,ERR,ERR,ERR,ERR,ERR,ERR,ERR,ERR,ERR,ERR,ERR,ERR,50.0,60.0,100,0.0,0.0,0.0,0.0,0.0,0.0,0.0,0.0,0.0,0.0,0.0,0.0,0.0,0.0,0.0,0.0,61.6,73,14,65513,50,65476,0,300,0,0,8,20529,65476,0,0,26214,60.0,0.0,0.0,0.0,0.0,0.0
2026-05-17T18:53:16,ERR,ERR,ERR,ERR,ERR,ERR,ERR,ERR,ERR,ERR,ERR,ERR,ERR,ERR,ERR,ERR,ERR,ERR,ERR,ERR,ERR,ERR,ERR,ERR,ERR,ERR,ERR,ERR,ERR,ERR,ERR,ERR,ERR,ERR,ERR,ERR,ERR,ERR,ERR,ERR,ERR,ERR,ERR,ERR,ERR,ERR,ERR,ERR,ERR,ERR,ERR,ERR,ERR,ERR,ERR,ERR,ERR,ERR,ERR,ERR,ERR,ERR,ERR,ERR,ERR,ERR,ERR,ERR,ERR,ERR,ERR,ERR,ERR,ERR,ERR,ERR,ERR,ERR,ERR,ERR,ERR,ERR,ERR,ERR,ERR,ERR,ERR,ERR,ERR,ERR,ERR,ERR,ERR,ERR,ERR,ERR,ERR,ERR,ERR,ERR,ERR,ERR,ERR,ERR,ERR,ERR,ERR,ERR,ERR,ERR,ERR,ERR,ERR,ERR,ERR,ERR,ERR,ERR,ERR,ERR,ERR,ERR,ERR,ERR,ERR,0.0,0.0,-134474944.0,0.0,0.0,1.3936040501711995e+18,7.805,0.0,0,0,4,0,8422,0.0,45,0.0,0.0,0.0,0.0,0.0,0,0,0,0,0.0,0,0,0,0,0,0,0,0,0,0,0,0,0,0,0,0,0,0,0,0,0,0,0,0,0,0,0,0,0,0,0,0,0,38,14,7,45,65476,0,300,0,0,8,21553,0.0,-107605600.0,0.0,0.0,0.0,0.0,0.0,0.0,0.0,0.0,0.0,0.0,0.0,0.0,0.0,0.0,0.0,0.0,0.0,0.0,0.0,0.0,2.004,2.004,-0.0,0.0,0.0,0.0,0.0,0.0,4760.0,0.0,0.0,0.0,0.0,-107615280.0,2.718429300292151e+23,0.0,0.0,0.0,0.0,53,-0.0,5.848051325610453e+35,0.0,0.0,0.0,0.0,0.0,0.0,0.0,0,0,0,0.0,0.0,0.0,0.0,0.0,0.0,0.0,0.0,0.0,0.0,0.0,0.0,0.0,0.0,0.0,0.0,0,-107875648.0,53,0.0,106,-107614832.0,-107351008.0,ERR,ERR,ERR,ERR,ERR,ERR,ERR,ERR,ERR,ERR,ERR,ERR,ERR,ERR,ERR,ERR,ERR,ERR,ERR,ERR,ERR,ERR,ERR,ERR,ERR,ERR,ERR,ERR,ERR,ERR,ERR,ERR,ERR,ERR,ERR,ERR,ERR,ERR,ERR,ERR,ERR,ERR,ERR,ERR,ERR,ERR,ERR,ERR,ERR,ERR,ERR,ERR,ERR,ERR,ERR,ERR,ERR,ERR,ERR,ERR,ERR,ERR,ERR,ERR,ERR,ERR,ERR,50.0,60.0,100,0.0,0.0,0.0,0.0,0.0,0.0,0.0,0.0,0.0,0.0,0.0,0.0,0.0,0.0,0.0,0.0,62.0,73,14,65513,50,65476,0,300,0,0,8,20529,65476,0,0,26214,60.0,0.0,0.0,0.0,0.0,0.0
2026-05-17T18:53:17,ERR,ERR,ERR,ERR,ERR,ERR,ERR,ERR,ERR,ERR,ERR,ERR,ERR,ERR,ERR,ERR,ERR,ERR,ERR,ERR,ERR,ERR,ERR,ERR,ERR,ERR,ERR,ERR,ERR,ERR,ERR,ERR,ERR,ERR,ERR,ERR,ERR,ERR,ERR,ERR,ERR,ERR,ERR,ERR,ERR,ERR,ERR,ERR,ERR,ERR,ERR,ERR,ERR,ERR,ERR,ERR,ERR,ERR,ERR,ERR,ERR,ERR,ERR,ERR,ERR,ERR,ERR,ERR,ERR,ERR,ERR,ERR,ERR,ERR,ERR,ERR,ERR,ERR,ERR,ERR,ERR,ERR,ERR,ERR,ERR,ERR,ERR,ERR,ERR,ERR,ERR,ERR,ERR,ERR,ERR,ERR,ERR,ERR,ERR,ERR,ERR,ERR,ERR,ERR,ERR,ERR,ERR,ERR,ERR,ERR,ERR,ERR,ERR,ERR,ERR,ERR,ERR,ERR,ERR,ERR,ERR,ERR,ERR,ERR,ERR,0.0,0.0,-134474944.0,0.0,0.0,1.3936040501711995e+18,7.805,0.0,0,0,4,0,8422,0.0,45,0.0,0.0,0.0,0.0,0.0,0,0,0,0,0.0,0,0,0,0,0,0,0,0,0,0,0,0,0,0,0,0,0,0,0,0,0,0,0,0,0,0,0,0,0,0,0,0,0,38,14,7,45,65476,0,300,0,0,8,21553,0.0,-107605600.0,0.0,0.0,0.0,0.0,0.0,0.0,0.0,0.0,0.0,0.0,0.0,0.0,0.0,0.0,0.0,0.0,0.0,0.0,0.0,0.0,2.004,2.004,-0.0,0.0,0.0,0.0,0.0,0.0,4760.0,0.0,0.0,0.0,0.0,-107615280.0,2.718429300292151e+23,0.0,0.0,0.0,0.0,53,-0.0,5.848051325610453e+35,0.0,0.0,0.0,0.0,0.0,0.0,0.0,0,0,0,0.0,0.0,0.0,0.0,0.0,0.0,0.0,0.0,0.0,0.0,0.0,0.0,0.0,0.0,0.0,0.0,0,-107875648.0,53,0.0,106,-107614832.0,-107351008.0,ERR,ERR,ERR,ERR,ERR,ERR,ERR,ERR,ERR,ERR,ERR,ERR,ERR,ERR,ERR,ERR,ERR,ERR,ERR,ERR,ERR,ERR,ERR,ERR,ERR,ERR,ERR,ERR,ERR,ERR,ERR,ERR,ERR,ERR,ERR,ERR,ERR,ERR,ERR,ERR,ERR,ERR,ERR,ERR,ERR,ERR,ERR,ERR,ERR,ERR,ERR,ERR,ERR,ERR,ERR,ERR,ERR,ERR,ERR,ERR,ERR,ERR,ERR,ERR,ERR,ERR,ERR,50.0,60.0,100,0.0,0.0,0.0,0.0,0.0,0.0,0.0,0.0,0.0,0.0,0.0,0.0,0.0,0.0,0.0,0.0,62.0,73,14,65513,50,65476,0,300,0,0,8,20529,65476,0,0,26214,60.0,0.0,0.0,0.0,0.0,0.0
2026-05-17T18:53:18,ERR,ERR,ERR,ERR,ERR,ERR,ERR,ERR,ERR,ERR,ERR,ERR,ERR,ERR,ERR,ERR,ERR,ERR,ERR,ERR,ERR,ERR,ERR,ERR,ERR,ERR,ERR,ERR,ERR,ERR,ERR,ERR,ERR,ERR,ERR,ERR,ERR,ERR,ERR,ERR,ERR,ERR,ERR,ERR,ERR,ERR,ERR,ERR,ERR,ERR,ERR,ERR,ERR,ERR,ERR,ERR,ERR,ERR,ERR,ERR,ERR,ERR,ERR,ERR,ERR,ERR,ERR,ERR,ERR,ERR,ERR,ERR,ERR,ERR,ERR,ERR,ERR,ERR,ERR,ERR,ERR,ERR,ERR,ERR,ERR,ERR,ERR,ERR,ERR,ERR,ERR,ERR,ERR,ERR,ERR,ERR,ERR,ERR,ERR,ERR,ERR,ERR,ERR,ERR,ERR,ERR,ERR,ERR,ERR,ERR,ERR,ERR,ERR,ERR,ERR,ERR,ERR,ERR,ERR,ERR,ERR,ERR,ERR,ERR,ERR,0.0,0.0,-134474944.0,0.0,0.0,1.3936040501711995e+18,7.805,0.0,0,0,4,0,8422,0.0,45,0.0,0.0,0.0,0.0,0.0,0,0,0,0,0.0,0,0,0,0,0,0,0,0,0,0,0,0,0,0,0,0,0,0,0,0,0,0,0,0,0,0,0,0,0,0,0,0,0,38,14,7,45,65476,0,300,0,0,8,21553,0.0,-107605600.0,0.0,0.0,0.0,0.0,0.0,0.0,0.0,0.0,0.0,0.0,0.0,0.0,0.0,0.0,0.0,0.0,0.0,0.0,0.0,0.0,2.004,2.004,-0.0,0.0,0.0,0.0,0.0,0.0,4725.0,-8608173056.0,0.0,0.0,0.0,0.0,2.718429300292151e+23,0.0,0.0,0.0,0.0,53,-0.0,0.0,0.0,0.0,0.0,0.0,0.0,0.0,0.0,0,0,0,0.0,0.0,0.0,0.0,0.0,0.0,0.0,0.0,0.0,0.0,0.0,0.0,0.0,0.0,0.0,0.0,0,-107875648.0,53,0.0,106,-107614832.0,0.0,ERR,ERR,ERR,ERR,ERR,ERR,ERR,ERR,ERR,ERR,ERR,ERR,ERR,ERR,ERR,ERR,ERR,ERR,ERR,ERR,ERR,ERR,ERR,ERR,ERR,ERR,ERR,ERR,ERR,ERR,ERR,ERR,ERR,ERR,ERR,ERR,ERR,ERR,ERR,ERR,ERR,ERR,ERR,ERR,ERR,ERR,ERR,ERR,ERR,ERR,ERR,ERR,ERR,ERR,ERR,ERR,ERR,ERR,ERR,ERR,ERR,ERR,ERR,ERR,ERR,ERR,ERR,50.0,60.0,100,0.0,0.0,0.0,0.0,0.0,0.0,0.0,0.0,0.0,0.0,0.0,0.0,0.0,0.0,0.0,0.0,61.6,73,14,65513,50,65476,0,300,0,0,8,20529,65476,0,0,26214,60.0,0.0,0.0,0.0,0.0,0.0
2026-05-17T18:53:19,ERR,ERR,ERR,ERR,ERR,ERR,ERR,ERR,ERR,ERR,ERR,ERR,ERR,ERR,ERR,ERR,ERR,ERR,ERR,ERR,ERR,ERR,ERR,ERR,ERR,ERR,ERR,ERR,ERR,ERR,ERR,ERR,ERR,ERR,ERR,ERR,ERR,ERR,ERR,ERR,ERR,ERR,ERR,ERR,ERR,ERR,ERR,ERR,ERR,ERR,ERR,ERR,ERR,ERR,ERR,ERR,ERR,ERR,ERR,ERR,ERR,ERR,ERR,ERR,ERR,ERR,ERR,ERR,ERR,ERR,ERR,ERR,ERR,ERR,ERR,ERR,ERR,ERR,ERR,ERR,ERR,ERR,ERR,ERR,ERR,ERR,ERR,ERR,ERR,ERR,ERR,ERR,ERR,ERR,ERR,ERR,ERR,ERR,ERR,ERR,ERR,ERR,ERR,ERR,ERR,ERR,ERR,ERR,ERR,ERR,ERR,ERR,ERR,ERR,ERR,ERR,ERR,ERR,ERR,ERR,ERR,ERR,ERR,ERR,ERR,0.0,0.0,-134474944.0,0.0,0.0,1.3936040501711995e+18,7.805,0.0,0,0,4,0,8422,0.0,45,0.0,0.0,0.0,0.0,0.0,0,0,0,0,0.0,0,0,0,0,0,0,0,0,0,0,0,0,0,0,0,0,0,0,0,0,0,0,0,0,0,0,0,0,0,0,0,0,0,38,14,7,45,65476,0,300,0,0,8,21553,0.0,-107605600.0,0.0,0.0,0.0,0.0,0.0,0.0,0.0,0.0,0.0,0.0,0.0,0.0,0.0,0.0,0.0,0.0,0.0,0.0,0.0,0.0,2.004,2.004,-0.0,0.0,0.0,0.0,0.0,0.0,4725.0,-8608173056.0,0.0,0.0,0.0,0.0,2.718429300292151e+23,0.0,0.0,0.0,0.0,53,-0.0,0.0,0.0,0.0,0.0,0.0,0.0,0.0,0.0,0,0,0,0.0,0.0,0.0,0.0,0.0,0.0,0.0,0.0,0.0,0.0,0.0,0.0,0.0,0.0,0.0,0.0,0,-107875648.0,53,0.0,106,-107614832.0,0.0,ERR,ERR,ERR,ERR,ERR,ERR,ERR,ERR,ERR,ERR,ERR,ERR,ERR,ERR,ERR,ERR,ERR,ERR,ERR,ERR,ERR,ERR,ERR,ERR,ERR,ERR,ERR,ERR,ERR,ERR,ERR,ERR,ERR,ERR,ERR,ERR,ERR,ERR,ERR,ERR,ERR,ERR,ERR,ERR,ERR,ERR,ERR,ERR,ERR,ERR,ERR,ERR,ERR,ERR,ERR,ERR,ERR,ERR,ERR,ERR,ERR,ERR,ERR,ERR,ERR,ERR,ERR,50.0,60.0,100,0.0,0.0,0.0,0.0,0.0,0.0,0.0,0.0,0.0,0.0,0.0,0.0,0.0,0.0,0.0,0.0,61.6,73,14,65513,50,65476,0,300,0,0,8,20529,65476,0,0,26214,60.0,0.0,0.0,0.0,0.0,0.0
2026-05-17T18:53:20,ERR,ERR,ERR,ERR,ERR,ERR,ERR,ERR,ERR,ERR,ERR,ERR,ERR,ERR,ERR,ERR,ERR,ERR,ERR,ERR,ERR,ERR,ERR,ERR,ERR,ERR,ERR,ERR,ERR,ERR,ERR,ERR,ERR,ERR,ERR,ERR,ERR,ERR,ERR,ERR,ERR,ERR,ERR,ERR,ERR,ERR,ERR,ERR,ERR,ERR,ERR,ERR,ERR,ERR,ERR,ERR,ERR,ERR,ERR,ERR,ERR,ERR,ERR,ERR,ERR,ERR,ERR,ERR,ERR,ERR,ERR,ERR,ERR,ERR,ERR,ERR,ERR,ERR,ERR,ERR,ERR,ERR,ERR,ERR,ERR,ERR,ERR,ERR,ERR,ERR,ERR,ERR,ERR,ERR,ERR,ERR,ERR,ERR,ERR,ERR,ERR,ERR,ERR,ERR,ERR,ERR,ERR,ERR,ERR,ERR,ERR,ERR,ERR,ERR,ERR,ERR,ERR,ERR,ERR,ERR,ERR,ERR,ERR,ERR,ERR,0.0,0.0,-134474944.0,0.0,0.0,1.3936040501711995e+18,7.805,0.0,0,0,4,0,8422,0.0,45,0.0,0.0,0.0,0.0,0.0,0,0,0,0,0.0,0,0,0,0,0,0,0,0,0,0,0,0,0,0,0,0,0,0,0,0,0,0,0,0,0,0,0,0,0,0,0,0,0,38,14,7,45,65476,0,300,0,0,8,21553,0.0,-107605600.0,0.0,0.0,0.0,0.0,0.0,0.0,0.0,0.0,0.0,0.0,0.0,0.0,0.0,0.0,0.0,0.0,0.0,0.0,0.0,0.0,2.004,2.004,-0.0,0.0,0.0,0.0,0.0,0.0,4725.0,-8608173056.0,0.0,0.0,0.0,0.0,2.718429300292151e+23,0.0,0.0,0.0,0.0,53,-0.0,0.0,0.0,0.0,0.0,0.0,0.0,0.0,0.0,0,0,0,0.0,0.0,0.0,0.0,0.0,0.0,0.0,0.0,0.0,0.0,0.0,0.0,0.0,0.0,0.0,0.0,0,-107875648.0,53,0.0,106,-107614832.0,0.0,ERR,ERR,ERR,ERR,ERR,ERR,ERR,ERR,ERR,ERR,ERR,ERR,ERR,ERR,ERR,ERR,ERR,ERR,ERR,ERR,ERR,ERR,ERR,ERR,ERR,ERR,ERR,ERR,ERR,ERR,ERR,ERR,ERR,ERR,ERR,ERR,ERR,ERR,ERR,ERR,ERR,ERR,ERR,ERR,ERR,ERR,ERR,ERR,ERR,ERR,ERR,ERR,ERR,ERR,ERR,ERR,ERR,ERR,ERR,ERR,ERR,ERR,ERR,ERR,ERR,ERR,ERR,50.0,60.0,100,0.0,0.0,0.0,0.0,0.0,0.0,0.0,0.0,0.0,0.0,0.0,0.0,0.0,0.0,0.0,0.0,61.6,73,14,65513,50,65476,0,300,0,0,8,20529,65476,0,0,26214,60.0,0.0,0.0,0.0,0.0,0.0
2026-05-17T18:53:21,ERR,ERR,ERR,ERR,ERR,ERR,ERR,ERR,ERR,ERR,ERR,ERR,ERR,ERR,ERR,ERR,ERR,ERR,ERR,ERR,ERR,ERR,ERR,ERR,ERR,ERR,ERR,ERR,ERR,ERR,ERR,ERR,ERR,ERR,ERR,ERR,ERR,ERR,ERR,ERR,ERR,ERR,ERR,ERR,ERR,ERR,ERR,ERR,ERR,ERR,ERR,ERR,ERR,ERR,ERR,ERR,ERR,ERR,ERR,ERR,ERR,ERR,ERR,ERR,ERR,ERR,ERR,ERR,ERR,ERR,ERR,ERR,ERR,ERR,ERR,ERR,ERR,ERR,ERR,ERR,ERR,ERR,ERR,ERR,ERR,ERR,ERR,ERR,ERR,ERR,ERR,ERR,ERR,ERR,ERR,ERR,ERR,ERR,ERR,ERR,ERR,ERR,ERR,ERR,ERR,ERR,ERR,ERR,ERR,ERR,ERR,ERR,ERR,ERR,ERR,ERR,ERR,ERR,ERR,ERR,ERR,ERR,ERR,ERR,ERR,0.0,0.0,-134474944.0,0.0,0.0,1.3936040501711995e+18,7.805,0.0,0,0,4,0,8422,0.0,45,0.0,0.0,0.0,0.0,0.0,0,0,0,0,0.0,0,0,0,0,0,0,0,0,0,0,0,0,0,0,0,0,0,0,0,0,0,0,0,0,0,0,0,0,0,0,0,0,0,38,14,7,45,65476,0,300,0,0,8,21553,0.0,-107605600.0,0.0,0.0,0.0,0.0,0.0,0.0,0.0,0.0,0.0,0.0,0.0,0.0,0.0,0.0,0.0,0.0,0.0,0.0,0.0,0.0,2.004,2.004,-0.0,0.0,0.0,0.0,0.0,0.0,4725.0,-8608173056.0,0.0,0.0,0.0,0.0,2.718429300292151e+23,0.0,0.0,0.0,0.0,53,-0.0,0.0,0.0,0.0,0.0,0.0,0.0,0.0,0.0,0,0,0,0.0,0.0,0.0,0.0,0.0,0.0,0.0,0.0,0.0,0.0,0.0,0.0,0.0,0.0,0.0,0.0,0,-107875648.0,53,0.0,106,-107614832.0,0.0,ERR,ERR,ERR,ERR,ERR,ERR,ERR,ERR,ERR,ERR,ERR,ERR,ERR,ERR,ERR,ERR,ERR,ERR,ERR,ERR,ERR,ERR,ERR,ERR,ERR,ERR,ERR,ERR,ERR,ERR,ERR,ERR,ERR,ERR,ERR,ERR,ERR,ERR,ERR,ERR,ERR,ERR,ERR,ERR,ERR,ERR,ERR,ERR,ERR,ERR,ERR,ERR,ERR,ERR,ERR,ERR,ERR,ERR,ERR,ERR,ERR,ERR,ERR,ERR,ERR,ERR,ERR,50.0,60.0,100,0.0,0.0,0.0,0.0,0.0,0.0,0.0,0.0,0.0,0.0,0.0,0.0,0.0,0.0,0.0,0.0,61.6,73,14,65513,50,65476,0,300,0,0,8,20529,65476,0,0,26214,60.0,0.0,0.0,0.0,0.0,0.0
2026-05-17T18:53:22,ERR,ERR,ERR,ERR,ERR,ERR,ERR,ERR,ERR,ERR,ERR,ERR,ERR,ERR,ERR,ERR,ERR,ERR,ERR,ERR,ERR,ERR,ERR,ERR,ERR,ERR,ERR,ERR,ERR,ERR,ERR,ERR,ERR,ERR,ERR,ERR,ERR,ERR,ERR,ERR,ERR,ERR,ERR,ERR,ERR,ERR,ERR,ERR,ERR,ERR,ERR,ERR,ERR,ERR,ERR,ERR,ERR,ERR,ERR,ERR,ERR,ERR,ERR,ERR,ERR,ERR,ERR,ERR,ERR,ERR,ERR,ERR,ERR,ERR,ERR,ERR,ERR,ERR,ERR,ERR,ERR,ERR,ERR,ERR,ERR,ERR,ERR,ERR,ERR,ERR,ERR,ERR,ERR,ERR,ERR,ERR,ERR,ERR,ERR,ERR,ERR,ERR,ERR,ERR,ERR,ERR,ERR,ERR,ERR,ERR,ERR,ERR,ERR,ERR,ERR,ERR,ERR,ERR,ERR,ERR,ERR,ERR,ERR,ERR,ERR,0.0,0.0,-134474944.0,0.0,0.0,1.3936040501711995e+18,7.805,0.0,0,0,4,0,8422,0.0,45,0.0,0.0,0.0,0.0,0.0,0,0,0,0,0.0,0,0,0,0,0,0,0,0,0,0,0,0,0,0,0,0,0,0,0,0,0,0,0,0,0,0,0,0,0,0,0,0,0,38,14,7,45,65476,0,300,0,0,8,21553,0.0,-107605600.0,0.0,0.0,0.0,0.0,0.0,0.0,0.0,0.0,0.0,0.0,0.0,0.0,0.0,0.0,0.0,0.0,0.0,0.0,0.0,0.0,2.004,2.004,-0.0,0.0,0.0,0.0,0.0,0.0,4725.0,-8608173056.0,0.0,0.0,0.0,0.0,2.718429300292151e+23,0.0,0.0,0.0,0.0,53,-0.0,0.0,0.0,0.0,0.0,0.0,0.0,0.0,0.0,0,0,0,0.0,0.0,0.0,0.0,0.0,0.0,0.0,0.0,0.0,0.0,0.0,0.0,0.0,0.0,0.0,0.0,0,-107875648.0,53,0.0,106,-107614832.0,0.0,ERR,ERR,ERR,ERR,ERR,ERR,ERR,ERR,ERR,ERR,ERR,ERR,ERR,ERR,ERR,ERR,ERR,ERR,ERR,ERR,ERR,ERR,ERR,ERR,ERR,ERR,ERR,ERR,ERR,ERR,ERR,ERR,ERR,ERR,ERR,ERR,ERR,ERR,ERR,ERR,ERR,ERR,ERR,ERR,ERR,ERR,ERR,ERR,ERR,ERR,ERR,ERR,ERR,ERR,ERR,ERR,ERR,ERR,ERR,ERR,ERR,ERR,ERR,ERR,ERR,ERR,ERR,50.0,60.0,100,0.0,0.0,0.0,0.0,0.0,0.0,0.0,0.0,0.0,0.0,0.0,0.0,0.0,0.0,0.0,0.0,61.6,73,14,65513,50,65476,0,300,0,0,8,20529,65476,0,0,26214,60.0,0.0,0.0,0.0,0.0,0.0
2026-05-17T18:53:23,ERR,ERR,ERR,ERR,ERR,ERR,ERR,ERR,ERR,ERR,ERR,ERR,ERR,ERR,ERR,ERR,ERR,ERR,ERR,ERR,ERR,ERR,ERR,ERR,ERR,ERR,ERR,ERR,ERR,ERR,ERR,ERR,ERR,ERR,ERR,ERR,ERR,ERR,ERR,ERR,ERR,ERR,ERR,ERR,ERR,ERR,ERR,ERR,ERR,ERR,ERR,ERR,ERR,ERR,ERR,ERR,ERR,ERR,ERR,ERR,ERR,ERR,ERR,ERR,ERR,ERR,ERR,ERR,ERR,ERR,ERR,ERR,ERR,ERR,ERR,ERR,ERR,ERR,ERR,ERR,ERR,ERR,ERR,ERR,ERR,ERR,ERR,ERR,ERR,ERR,ERR,ERR,ERR,ERR,ERR,ERR,ERR,ERR,ERR,ERR,ERR,ERR,ERR,ERR,ERR,ERR,ERR,ERR,ERR,ERR,ERR,ERR,ERR,ERR,ERR,ERR,ERR,ERR,ERR,ERR,ERR,ERR,ERR,ERR,ERR,0.0,0.0,-134474944.0,0.0,0.0,1.3936040501711995e+18,7.805,0.0,0,0,4,0,8422,0.0,45,0.0,0.0,0.0,0.0,0.0,0,0,0,0,0.0,0,0,0,0,0,0,0,0,0,0,0,0,0,0,0,0,0,0,0,0,0,0,0,0,0,0,0,0,0,0,0,0,0,38,14,7,45,65476,0,300,0,0,8,21553,0.0,-107605600.0,0.0,0.0,0.0,0.0,0.0,0.0,0.0,0.0,0.0,0.0,0.0,0.0,0.0,0.0,0.0,0.0,0.0,0.0,0.0,0.0,2.004,2.004,-2.004,0.0,0.0,0.0,0.0,0.0,4725.0,-1.0406642667109367e+34,0.0,0.0,0.0,-107615280.0,2.718429300292151e+23,0.0,0.0,0.0,0.0,53,-0.0,126840446976.0,0.0,0.0,0.0,0.0,0.0,0.0,0.0,0,0,0,0.0,0.0,0.0,0.0,0.0,0.0,0.0,0.0,0.0,0.0,0.0,0.0,0.0,0.0,0.0,0.0,0,-107875648.0,53,0.0,106,-107614832.0,0.0,ERR,ERR,ERR,ERR,ERR,ERR,ERR,ERR,ERR,ERR,ERR,ERR,ERR,ERR,ERR,ERR,ERR,ERR,ERR,ERR,ERR,ERR,ERR,ERR,ERR,ERR,ERR,ERR,ERR,ERR,ERR,ERR,ERR,ERR,ERR,ERR,ERR,ERR,ERR,ERR,ERR,ERR,ERR,ERR,ERR,ERR,ERR,ERR,ERR,ERR,ERR,ERR,ERR,ERR,ERR,ERR,ERR,ERR,ERR,ERR,ERR,ERR,ERR,ERR,ERR,ERR,ERR,50.0,60.0,100,0.0,0.0,0.0,0.0,0.0,0.0,0.0,0.0,0.0,0.0,0.0,0.0,0.0,0.0,0.0,0.0,62.0,73,14,65513,50,65476,0,300,0,0,8,20529,65476,0,0,26214,60.0,0.0,0.0,0.0,0.0,0.0
2026-05-17T18:53:24,ERR,ERR,ERR,ERR,ERR,ERR,ERR,ERR,ERR,ERR,ERR,ERR,ERR,ERR,ERR,ERR,ERR,ERR,ERR,ERR,ERR,ERR,ERR,ERR,ERR,ERR,ERR,ERR,ERR,ERR,ERR,ERR,ERR,ERR,ERR,ERR,ERR,ERR,ERR,ERR,ERR,ERR,ERR,ERR,ERR,ERR,ERR,ERR,ERR,ERR,ERR,ERR,ERR,ERR,ERR,ERR,ERR,ERR,ERR,ERR,ERR,ERR,ERR,ERR,ERR,ERR,ERR,ERR,ERR,ERR,ERR,ERR,ERR,ERR,ERR,ERR,ERR,ERR,ERR,ERR,ERR,ERR,ERR,ERR,ERR,ERR,ERR,ERR,ERR,ERR,ERR,ERR,ERR,ERR,ERR,ERR,ERR,ERR,ERR,ERR,ERR,ERR,ERR,ERR,ERR,ERR,ERR,ERR,ERR,ERR,ERR,ERR,ERR,ERR,ERR,ERR,ERR,ERR,ERR,ERR,ERR,ERR,ERR,ERR,ERR,0.0,0.0,-134474944.0,0.0,0.0,1.3936040501711995e+18,7.805,0.0,0,0,4,0,8422,0.0,45,0.0,0.0,0.0,0.0,0.0,0,0,0,0,0.0,0,0,0,0,0,0,0,0,0,0,0,0,0,0,0,0,0,0,0,0,0,0,0,0,0,0,0,0,0,0,0,0,0,38,14,7,45,65476,0,300,0,0,8,21553,0.0,-107605600.0,0.0,0.0,0.0,0.0,0.0,0.0,0.0,0.0,0.0,0.0,0.0,0.0,0.0,0.0,0.0,0.0,0.0,0.0,0.0,0.0,2.004,2.004,-2.004,0.0,0.0,0.0,0.0,0.0,4725.0,-1.0406642667109367e+34,0.0,0.0,0.0,-107615280.0,2.718429300292151e+23,0.0,0.0,0.0,0.0,53,-0.0,126840446976.0,0.0,0.0,0.0,0.0,0.0,0.0,0.0,0,0,0,0.0,0.0,0.0,0.0,0.0,0.0,0.0,0.0,0.0,0.0,0.0,0.0,0.0,0.0,0.0,0.0,0,-107875648.0,53,0.0,106,-107614832.0,0.0,ERR,ERR,ERR,ERR,ERR,ERR,ERR,ERR,ERR,ERR,ERR,ERR,ERR,ERR,ERR,ERR,ERR,ERR,ERR,ERR,ERR,ERR,ERR,ERR,ERR,ERR,ERR,ERR,ERR,ERR,ERR,ERR,ERR,ERR,ERR,ERR,ERR,ERR,ERR,ERR,ERR,ERR,ERR,ERR,ERR,ERR,ERR,ERR,ERR,ERR,ERR,ERR,ERR,ERR,ERR,ERR,ERR,ERR,ERR,ERR,ERR,ERR,ERR,ERR,ERR,ERR,ERR,50.0,60.0,100,0.0,0.0,0.0,0.0,0.0,0.0,0.0,0.0,0.0,0.0,0.0,0.0,0.0,0.0,0.0,0.0,62.0,73,14,65513,50,65476,0,300,0,0,8,20529,65476,0,0,26214,60.0,0.0,0.0,0.0,0.0,0.0
2026-05-17T18:53:25,ERR,ERR,ERR,ERR,ERR,ERR,ERR,ERR,ERR,ERR,ERR,ERR,ERR,ERR,ERR,ERR,ERR,ERR,ERR,ERR,ERR,ERR,ERR,ERR,ERR,ERR,ERR,ERR,ERR,ERR,ERR,ERR,ERR,ERR,ERR,ERR,ERR,ERR,ERR,ERR,ERR,ERR,ERR,ERR,ERR,ERR,ERR,ERR,ERR,ERR,ERR,ERR,ERR,ERR,ERR,ERR,ERR,ERR,ERR,ERR,ERR,ERR,ERR,ERR,ERR,ERR,ERR,ERR,ERR,ERR,ERR,ERR,ERR,ERR,ERR,ERR,ERR,ERR,ERR,ERR,ERR,ERR,ERR,ERR,ERR,ERR,ERR,ERR,ERR,ERR,ERR,ERR,ERR,ERR,ERR,ERR,ERR,ERR,ERR,ERR,ERR,ERR,ERR,ERR,ERR,ERR,ERR,ERR,ERR,ERR,ERR,ERR,ERR,ERR,ERR,ERR,ERR,ERR,ERR,ERR,ERR,ERR,ERR,ERR,ERR,0.0,0.0,-134474944.0,0.0,0.0,1.3936040501711995e+18,7.805,0.0,0,0,4,0,8422,0.0,45,0.0,0.0,0.0,0.0,0.0,0,0,0,0,0.0,0,0,0,0,0,0,0,0,0,0,0,0,0,0,0,0,0,0,0,0,0,0,0,0,0,0,0,0,0,0,0,0,0,38,14,7,45,65476,0,300,0,0,8,21553,0.0,-107605600.0,0.0,0.0,0.0,0.0,0.0,0.0,0.0,0.0,0.0,0.0,0.0,0.0,0.0,0.0,0.0,0.0,0.0,0.0,0.0,0.0,2.004,2.004,-2.004,0.0,0.0,0.0,0.0,0.0,4725.0,-1.0406642667109367e+34,0.0,0.0,0.0,-107615280.0,2.718429300292151e+23,0.0,0.0,0.0,0.0,53,-0.0,126840446976.0,0.0,0.0,0.0,0.0,0.0,0.0,0.0,0,0,0,0.0,0.0,0.0,0.0,0.0,0.0,0.0,0.0,0.0,0.0,0.0,0.0,0.0,0.0,0.0,0.0,0,-107875648.0,53,0.0,106,-107614832.0,0.0,ERR,ERR,ERR,ERR,ERR,ERR,ERR,ERR,ERR,ERR,ERR,ERR,ERR,ERR,ERR,ERR,ERR,ERR,ERR,ERR,ERR,ERR,ERR,ERR,ERR,ERR,ERR,ERR,ERR,ERR,ERR,ERR,ERR,ERR,ERR,ERR,ERR,ERR,ERR,ERR,ERR,ERR,ERR,ERR,ERR,ERR,ERR,ERR,ERR,ERR,ERR,ERR,ERR,ERR,ERR,ERR,ERR,ERR,ERR,ERR,ERR,ERR,ERR,ERR,ERR,ERR,ERR,50.0,60.0,100,0.0,0.0,0.0,0.0,0.0,0.0,0.0,0.0,0.0,0.0,0.0,0.0,0.0,0.0,0.0,0.0,62.0,73,14,65513,50,65476,0,300,0,0,8,20529,65476,0,0,26214,60.0,0.0,0.0,0.0,0.0,0.0
2026-05-17T18:53:26,ERR,ERR,ERR,ERR,ERR,ERR,ERR,ERR,ERR,ERR,ERR,ERR,ERR,ERR,ERR,ERR,ERR,ERR,ERR,ERR,ERR,ERR,ERR,ERR,ERR,ERR,ERR,ERR,ERR,ERR,ERR,ERR,ERR,ERR,ERR,ERR,ERR,ERR,ERR,ERR,ERR,ERR,ERR,ERR,ERR,ERR,ERR,ERR,ERR,ERR,ERR,ERR,ERR,ERR,ERR,ERR,ERR,ERR,ERR,ERR,ERR,ERR,ERR,ERR,ERR,ERR,ERR,ERR,ERR,ERR,ERR,ERR,ERR,ERR,ERR,ERR,ERR,ERR,ERR,ERR,ERR,ERR,ERR,ERR,ERR,ERR,ERR,ERR,ERR,ERR,ERR,ERR,ERR,ERR,ERR,ERR,ERR,ERR,ERR,ERR,ERR,ERR,ERR,ERR,ERR,ERR,ERR,ERR,ERR,ERR,ERR,ERR,ERR,ERR,ERR,ERR,ERR,ERR,ERR,ERR,ERR,ERR,ERR,ERR,ERR,0.0,0.0,-134474944.0,0.0,0.0,1.3936040501711995e+18,7.805,0.0,0,0,4,0,8422,0.0,45,0.0,0.0,0.0,0.0,0.0,0,0,0,0,0.0,0,0,0,0,0,0,0,0,0,0,0,0,0,0,0,0,0,0,0,0,0,0,0,0,0,0,0,0,0,0,0,0,0,38,14,7,45,65476,0,300,0,0,8,21553,0.0,-107605600.0,0.0,0.0,0.0,0.0,0.0,0.0,0.0,0.0,0.0,0.0,0.0,0.0,0.0,0.0,0.0,0.0,0.0,0.0,0.0,0.0,2.004,2.004,-2.004,0.0,0.0,0.0,0.0,0.0,4725.0,-1.0406642667109367e+34,0.0,0.0,0.0,-107615280.0,2.718429300292151e+23,0.0,0.0,0.0,0.0,53,-0.0,126840446976.0,0.0,0.0,0.0,0.0,0.0,0.0,0.0,0,0,0,0.0,0.0,0.0,0.0,0.0,0.0,0.0,0.0,0.0,0.0,0.0,0.0,0.0,0.0,0.0,0.0,0,-107875648.0,53,0.0,106,-107614832.0,0.0,ERR,ERR,ERR,ERR,ERR,ERR,ERR,ERR,ERR,ERR,ERR,ERR,ERR,ERR,ERR,ERR,ERR,ERR,ERR,ERR,ERR,ERR,ERR,ERR,ERR,ERR,ERR,ERR,ERR,ERR,ERR,ERR,ERR,ERR,ERR,ERR,ERR,ERR,ERR,ERR,ERR,ERR,ERR,ERR,ERR,ERR,ERR,ERR,ERR,ERR,ERR,ERR,ERR,ERR,ERR,ERR,ERR,ERR,ERR,ERR,ERR,ERR,ERR,ERR,ERR,ERR,ERR,50.0,60.0,100,0.0,0.0,0.0,0.0,0.0,0.0,0.0,0.0,0.0,0.0,0.0,0.0,0.0,0.0,0.0,0.0,62.0,73,14,65513,50,65476,0,300,0,0,8,20529,65476,0,0,26214,60.0,0.0,0.0,0.0,0.0,0.0
2026-05-17T18:53:27,ERR,ERR,ERR,ERR,ERR,ERR,ERR,ERR,ERR,ERR,ERR,ERR,ERR,ERR,ERR,ERR,ERR,ERR,ERR,ERR,ERR,ERR,ERR,ERR,ERR,ERR,ERR,ERR,ERR,ERR,ERR,ERR,ERR,ERR,ERR,ERR,ERR,ERR,ERR,ERR,ERR,ERR,ERR,ERR,ERR,ERR,ERR,ERR,ERR,ERR,ERR,ERR,ERR,ERR,ERR,ERR,ERR,ERR,ERR,ERR,ERR,ERR,ERR,ERR,ERR,ERR,ERR,ERR,ERR,ERR,ERR,ERR,ERR,ERR,ERR,ERR,ERR,ERR,ERR,ERR,ERR,ERR,ERR,ERR,ERR,ERR,ERR,ERR,ERR,ERR,ERR,ERR,ERR,ERR,ERR,ERR,ERR,ERR,ERR,ERR,ERR,ERR,ERR,ERR,ERR,ERR,ERR,ERR,ERR,ERR,ERR,ERR,ERR,ERR,ERR,ERR,ERR,ERR,ERR,ERR,ERR,ERR,ERR,ERR,ERR,0.0,0.0,-134474944.0,0.0,0.0,1.3936040501711995e+18,7.805,0.0,0,0,4,0,8422,0.0,45,0.0,0.0,0.0,0.0,0.0,0,0,0,0,0.0,0,0,0,0,0,0,0,0,0,0,0,0,0,0,0,0,0,0,0,0,0,0,0,0,0,0,0,0,0,0,0,0,0,38,14,7,45,65476,0,300,0,0,8,21553,0.0,-107605600.0,0.0,0.0,0.0,0.0,0.0,0.0,0.0,0.0,0.0,0.0,0.0,0.0,0.0,0.0,0.0,0.0,0.0,0.0,0.0,0.0,2.004,2.004,-2.004,0.0,0.0,0.0,0.0,0.0,4725.0,-1.0406642667109367e+34,0.0,0.0,0.0,-107615280.0,2.718429300292151e+23,0.0,0.0,0.0,0.0,53,-0.0,126840446976.0,0.0,0.0,0.0,0.0,0.0,0.0,0.0,0,0,0,0.0,0.0,0.0,0.0,0.0,0.0,0.0,0.0,0.0,0.0,0.0,0.0,0.0,0.0,0.0,0.0,0,-107875648.0,53,0.0,106,-107614832.0,0.0,ERR,ERR,ERR,ERR,ERR,ERR,ERR,ERR,ERR,ERR,ERR,ERR,ERR,ERR,ERR,ERR,ERR,ERR,ERR,ERR,ERR,ERR,ERR,ERR,ERR,ERR,ERR,ERR,ERR,ERR,ERR,ERR,ERR,ERR,ERR,ERR,ERR,ERR,ERR,ERR,ERR,ERR,ERR,ERR,ERR,ERR,ERR,ERR,ERR,ERR,ERR,ERR,ERR,ERR,ERR,ERR,ERR,ERR,ERR,ERR,ERR,ERR,ERR,ERR,ERR,ERR,ERR,50.0,60.0,100,0.0,0.0,0.0,0.0,0.0,0.0,0.0,0.0,0.0,0.0,0.0,0.0,0.0,0.0,0.0,0.0,62.0,73,14,65513,50,65476,0,300,0,0,8,20529,65476,0,0,26214,60.0,0.0,0.0,0.0,0.0,0.0
2026-05-17T18:53:28,ERR,ERR,ERR,ERR,ERR,ERR,ERR,ERR,ERR,ERR,ERR,ERR,ERR,ERR,ERR,ERR,ERR,ERR,ERR,ERR,ERR,ERR,ERR,ERR,ERR,ERR,ERR,ERR,ERR,ERR,ERR,ERR,ERR,ERR,ERR,ERR,ERR,ERR,ERR,ERR,ERR,ERR,ERR,ERR,ERR,ERR,ERR,ERR,ERR,ERR,ERR,ERR,ERR,ERR,ERR,ERR,ERR,ERR,ERR,ERR,ERR,ERR,ERR,ERR,ERR,ERR,ERR,ERR,ERR,ERR,ERR,ERR,ERR,ERR,ERR,ERR,ERR,ERR,ERR,ERR,ERR,ERR,ERR,ERR,ERR,ERR,ERR,ERR,ERR,ERR,ERR,ERR,ERR,ERR,ERR,ERR,ERR,ERR,ERR,ERR,ERR,ERR,ERR,ERR,ERR,ERR,ERR,ERR,ERR,ERR,ERR,ERR,ERR,ERR,ERR,ERR,ERR,ERR,ERR,ERR,ERR,ERR,ERR,ERR,ERR,0.0,0.0,-134474944.0,0.0,0.0,1.3936040501711995e+18,7.805,0.0,0,0,4,0,8422,0.0,45,0.0,0.0,0.0,0.0,0.0,0,0,0,0,0.0,0,0,0,0,0,0,0,0,0,0,0,0,0,0,0,0,0,0,0,0,0,0,0,0,0,0,0,0,0,0,0,0,0,38,14,7,45,65476,0,300,0,0,8,21553,0.0,-107605600.0,0.0,0.0,0.0,0.0,0.0,0.0,0.0,0.0,0.0,0.0,0.0,0.0,0.0,0.0,0.0,0.0,0.0,0.0,0.0,0.0,2.004,2.004,-0.0,0.0,0.0,0.0,0.0,0.0,4729.0,-0.0,0.0,0.0,0.0,-107615280.0,2.718429300292151e+23,0.0,0.0,0.0,0.0,53,-0.0,-3.22199834002519e+26,0.0,0.0,0.0,0.0,0.0,0.0,0.0,0,0,0,0.0,0.0,0.0,0.0,0.0,0.0,0.0,0.0,0.0,0.0,0.0,0.0,0.0,0.0,0.0,0.0,0,-107875648.0,53,0.0,106,-107614832.0,0.0,ERR,ERR,ERR,ERR,ERR,ERR,ERR,ERR,ERR,ERR,ERR,ERR,ERR,ERR,ERR,ERR,ERR,ERR,ERR,ERR,ERR,ERR,ERR,ERR,ERR,ERR,ERR,ERR,ERR,ERR,ERR,ERR,ERR,ERR,ERR,ERR,ERR,ERR,ERR,ERR,ERR,ERR,ERR,ERR,ERR,ERR,ERR,ERR,ERR,ERR,ERR,ERR,ERR,ERR,ERR,ERR,ERR,ERR,ERR,ERR,ERR,ERR,ERR,ERR,ERR,ERR,ERR,50.0,60.0,100,0.0,0.0,0.0,0.0,0.0,0.0,0.0,0.0,0.0,0.0,0.0,0.0,0.0,0.0,0.0,0.0,62.0,73,14,65513,50,65476,0,300,0,0,8,20529,65476,0,0,26214,60.0,0.0,0.0,0.0,0.0,0.0
2026-05-17T18:53:29,ERR,ERR,ERR,ERR,ERR,ERR,ERR,ERR,ERR,ERR,ERR,ERR,ERR,ERR,ERR,ERR,ERR,ERR,ERR,ERR,ERR,ERR,ERR,ERR,ERR,ERR,ERR,ERR,ERR,ERR,ERR,ERR,ERR,ERR,ERR,ERR,ERR,ERR,ERR,ERR,ERR,ERR,ERR,ERR,ERR,ERR,ERR,ERR,ERR,ERR,ERR,ERR,ERR,ERR,ERR,ERR,ERR,ERR,ERR,ERR,ERR,ERR,ERR,ERR,ERR,ERR,ERR,ERR,ERR,ERR,ERR,ERR,ERR,ERR,ERR,ERR,ERR,ERR,ERR,ERR,ERR,ERR,ERR,ERR,ERR,ERR,ERR,ERR,ERR,ERR,ERR,ERR,ERR,ERR,ERR,ERR,ERR,ERR,ERR,ERR,ERR,ERR,ERR,ERR,ERR,ERR,ERR,ERR,ERR,ERR,ERR,ERR,ERR,ERR,ERR,ERR,ERR,ERR,ERR,ERR,ERR,ERR,ERR,ERR,ERR,0.0,0.0,-134474944.0,0.0,0.0,1.3936040501711995e+18,7.805,0.0,0,0,4,0,8422,0.0,45,0.0,0.0,0.0,0.0,0.0,0,0,0,0,0.0,0,0,0,0,0,0,0,0,0,0,0,0,0,0,0,0,0,0,0,0,0,0,0,0,0,0,0,0,0,0,0,0,0,38,14,7,45,65476,0,300,0,0,8,21553,0.0,-107605600.0,0.0,0.0,0.0,0.0,0.0,0.0,0.0,0.0,0.0,0.0,0.0,0.0,0.0,0.0,0.0,0.0,0.0,0.0,0.0,0.0,2.004,2.004,-0.0,0.0,0.0,0.0,0.0,0.0,4729.0,-0.0,0.0,0.0,0.0,-107615280.0,2.718429300292151e+23,0.0,0.0,0.0,0.0,53,-0.0,-3.22199834002519e+26,0.0,0.0,0.0,0.0,0.0,0.0,0.0,0,0,0,0.0,0.0,0.0,0.0,0.0,0.0,0.0,0.0,0.0,0.0,0.0,0.0,0.0,0.0,0.0,0.0,0,-107875648.0,53,0.0,106,-107614832.0,0.0,ERR,ERR,ERR,ERR,ERR,ERR,ERR,ERR,ERR,ERR,ERR,ERR,ERR,ERR,ERR,ERR,ERR,ERR,ERR,ERR,ERR,ERR,ERR,ERR,ERR,ERR,ERR,ERR,ERR,ERR,ERR,ERR,ERR,ERR,ERR,ERR,ERR,ERR,ERR,ERR,ERR,ERR,ERR,ERR,ERR,ERR,ERR,ERR,ERR,ERR,ERR,ERR,ERR,ERR,ERR,ERR,ERR,ERR,ERR,ERR,ERR,ERR,ERR,ERR,ERR,ERR,ERR,50.0,60.0,100,0.0,0.0,0.0,0.0,0.0,0.0,0.0,0.0,0.0,0.0,0.0,0.0,0.0,0.0,0.0,0.0,62.0,73,14,65513,50,65476,0,300,0,0,8,20529,65476,0,0,26214,60.0,0.0,0.0,0.0,0.0,0.0
2026-05-17T18:53:30,ERR,ERR,ERR,ERR,ERR,ERR,ERR,ERR,ERR,ERR,ERR,ERR,ERR,ERR,ERR,ERR,ERR,ERR,ERR,ERR,ERR,ERR,ERR,ERR,ERR,ERR,ERR,ERR,ERR,ERR,ERR,ERR,ERR,ERR,ERR,ERR,ERR,ERR,ERR,ERR,ERR,ERR,ERR,ERR,ERR,ERR,ERR,ERR,ERR,ERR,ERR,ERR,ERR,ERR,ERR,ERR,ERR,ERR,ERR,ERR,ERR,ERR,ERR,ERR,ERR,ERR,ERR,ERR,ERR,ERR,ERR,ERR,ERR,ERR,ERR,ERR,ERR,ERR,ERR,ERR,ERR,ERR,ERR,ERR,ERR,ERR,ERR,ERR,ERR,ERR,ERR,ERR,ERR,ERR,ERR,ERR,ERR,ERR,ERR,ERR,ERR,ERR,ERR,ERR,ERR,ERR,ERR,ERR,ERR,ERR,ERR,ERR,ERR,ERR,ERR,ERR,ERR,ERR,ERR,ERR,ERR,ERR,ERR,ERR,ERR,0.0,0.0,-134474944.0,0.0,0.0,1.3936040501711995e+18,7.805,0.0,0,0,4,0,8422,0.0,45,0.0,0.0,0.0,0.0,0.0,0,0,0,0,0.0,0,0,0,0,0,0,0,0,0,0,0,0,0,0,0,0,0,0,0,0,0,0,0,0,0,0,0,0,0,0,0,0,0,38,14,7,45,65476,0,300,0,0,8,21553,0.0,-107605600.0,0.0,0.0,0.0,0.0,0.0,0.0,0.0,0.0,0.0,0.0,0.0,0.0,0.0,0.0,0.0,0.0,0.0,0.0,0.0,0.0,2.004,2.004,-0.0,0.0,0.0,0.0,0.0,0.0,4729.0,-0.0,0.0,0.0,0.0,-107615280.0,2.718429300292151e+23,0.0,0.0,0.0,0.0,53,-0.0,-3.22199834002519e+26,0.0,0.0,0.0,0.0,0.0,0.0,0.0,0,0,0,0.0,0.0,0.0,0.0,0.0,0.0,0.0,0.0,0.0,0.0,0.0,0.0,0.0,0.0,0.0,0.0,0,-107875648.0,53,0.0,106,-107614832.0,0.0,ERR,ERR,ERR,ERR,ERR,ERR,ERR,ERR,ERR,ERR,ERR,ERR,ERR,ERR,ERR,ERR,ERR,ERR,ERR,ERR,ERR,ERR,ERR,ERR,ERR,ERR,ERR,ERR,ERR,ERR,ERR,ERR,ERR,ERR,ERR,ERR,ERR,ERR,ERR,ERR,ERR,ERR,ERR,ERR,ERR,ERR,ERR,ERR,ERR,ERR,ERR,ERR,ERR,ERR,ERR,ERR,ERR,ERR,ERR,ERR,ERR,ERR,ERR,ERR,ERR,ERR,ERR,50.0,60.0,100,0.0,0.0,0.0,0.0,0.0,0.0,0.0,0.0,0.0,0.0,0.0,0.0,0.0,0.0,0.0,0.0,61.6,73,14,65513,50,65476,0,300,0,0,8,20529,65476,0,0,26214,60.0,0.0,0.0,0.0,0.0,0.0
2026-05-17T18:53:31,ERR,ERR,ERR,ERR,ERR,ERR,ERR,ERR,ERR,ERR,ERR,ERR,ERR,ERR,ERR,ERR,ERR,ERR,ERR,ERR,ERR,ERR,ERR,ERR,ERR,ERR,ERR,ERR,ERR,ERR,ERR,ERR,ERR,ERR,ERR,ERR,ERR,ERR,ERR,ERR,ERR,ERR,ERR,ERR,ERR,ERR,ERR,ERR,ERR,ERR,ERR,ERR,ERR,ERR,ERR,ERR,ERR,ERR,ERR,ERR,ERR,ERR,ERR,ERR,ERR,ERR,ERR,ERR,ERR,ERR,ERR,ERR,ERR,ERR,ERR,ERR,ERR,ERR,ERR,ERR,ERR,ERR,ERR,ERR,ERR,ERR,ERR,ERR,ERR,ERR,ERR,ERR,ERR,ERR,ERR,ERR,ERR,ERR,ERR,ERR,ERR,ERR,ERR,ERR,ERR,ERR,ERR,ERR,ERR,ERR,ERR,ERR,ERR,ERR,ERR,ERR,ERR,ERR,ERR,ERR,ERR,ERR,ERR,ERR,ERR,0.0,0.0,-134474944.0,0.0,0.0,1.3936040501711995e+18,7.805,0.0,0,0,4,0,8422,0.0,45,0.0,0.0,0.0,0.0,0.0,0,0,0,0,0.0,0,0,0,0,0,0,0,0,0,0,0,0,0,0,0,0,0,0,0,0,0,0,0,0,0,0,0,0,0,0,0,0,0,38,14,7,45,65476,0,300,0,0,8,21553,0.0,-107605600.0,0.0,0.0,0.0,0.0,0.0,0.0,0.0,0.0,0.0,0.0,0.0,0.0,0.0,0.0,0.0,0.0,0.0,0.0,0.0,0.0,2.004,2.004,-0.0,0.0,0.0,0.0,0.0,0.0,4729.0,-0.0,0.0,0.0,0.0,-107615280.0,2.718429300292151e+23,0.0,0.0,0.0,0.0,53,-0.0,-3.22199834002519e+26,0.0,0.0,0.0,0.0,0.0,0.0,0.0,0,0,0,0.0,0.0,0.0,0.0,0.0,0.0,0.0,0.0,0.0,0.0,0.0,0.0,0.0,0.0,0.0,0.0,0,-107875648.0,53,0.0,106,-107614832.0,0.0,ERR,ERR,ERR,ERR,ERR,ERR,ERR,ERR,ERR,ERR,ERR,ERR,ERR,ERR,ERR,ERR,ERR,ERR,ERR,ERR,ERR,ERR,ERR,ERR,ERR,ERR,ERR,ERR,ERR,ERR,ERR,ERR,ERR,ERR,ERR,ERR,ERR,ERR,ERR,ERR,ERR,ERR,ERR,ERR,ERR,ERR,ERR,ERR,ERR,ERR,ERR,ERR,ERR,ERR,ERR,ERR,ERR,ERR,ERR,ERR,ERR,ERR,ERR,ERR,ERR,ERR,ERR,50.0,60.0,100,0.0,0.0,0.0,0.0,0.0,0.0,0.0,0.0,0.0,0.0,0.0,0.0,0.0,0.0,0.0,0.0,61.6,73,14,65513,50,65476,0,300,0,0,8,20529,65476,0,0,26214,60.0,0.0,0.0,0.0,0.0,0.0
2026-05-17T18:53:32,ERR,ERR,ERR,ERR,ERR,ERR,ERR,ERR,ERR,ERR,ERR,ERR,ERR,ERR,ERR,ERR,ERR,ERR,ERR,ERR,ERR,ERR,ERR,ERR,ERR,ERR,ERR,ERR,ERR,ERR,ERR,ERR,ERR,ERR,ERR,ERR,ERR,ERR,ERR,ERR,ERR,ERR,ERR,ERR,ERR,ERR,ERR,ERR,ERR,ERR,ERR,ERR,ERR,ERR,ERR,ERR,ERR,ERR,ERR,ERR,ERR,ERR,ERR,ERR,ERR,ERR,ERR,ERR,ERR,ERR,ERR,ERR,ERR,ERR,ERR,ERR,ERR,ERR,ERR,ERR,ERR,ERR,ERR,ERR,ERR,ERR,ERR,ERR,ERR,ERR,ERR,ERR,ERR,ERR,ERR,ERR,ERR,ERR,ERR,ERR,ERR,ERR,ERR,ERR,ERR,ERR,ERR,ERR,ERR,ERR,ERR,ERR,ERR,ERR,ERR,ERR,ERR,ERR,ERR,ERR,ERR,ERR,ERR,ERR,ERR,0.0,0.0,-134474944.0,0.0,0.0,1.3936040501711995e+18,7.805,0.0,0,0,4,0,8422,0.0,45,0.0,0.0,0.0,0.0,0.0,0,0,0,0,0.0,0,0,0,0,0,0,0,0,0,0,0,0,0,0,0,0,0,0,0,0,0,0,0,0,0,0,0,0,0,0,0,0,0,38,14,7,45,65476,0,300,0,0,8,21553,0.0,-107605600.0,0.0,0.0,0.0,0.0,0.0,0.0,0.0,0.0,0.0,0.0,0.0,0.0,0.0,0.0,0.0,0.0,0.0,0.0,0.0,0.0,2.004,2.004,-0.0,0.0,0.0,0.0,0.0,0.0,4729.0,-0.0,0.0,0.0,0.0,-107615280.0,2.718429300292151e+23,0.0,0.0,0.0,0.0,53,-0.0,-3.22199834002519e+26,0.0,0.0,0.0,0.0,0.0,0.0,0.0,0,0,0,0.0,0.0,0.0,0.0,0.0,0.0,0.0,0.0,0.0,0.0,0.0,0.0,0.0,0.0,0.0,0.0,0,-107875648.0,53,0.0,106,-107614832.0,0.0,ERR,ERR,ERR,ERR,ERR,ERR,ERR,ERR,ERR,ERR,ERR,ERR,ERR,ERR,ERR,ERR,ERR,ERR,ERR,ERR,ERR,ERR,ERR,ERR,ERR,ERR,ERR,ERR,ERR,ERR,ERR,ERR,ERR,ERR,ERR,ERR,ERR,ERR,ERR,ERR,ERR,ERR,ERR,ERR,ERR,ERR,ERR,ERR,ERR,ERR,ERR,ERR,ERR,ERR,ERR,ERR,ERR,ERR,ERR,ERR,ERR,ERR,ERR,ERR,ERR,ERR,ERR,50.0,60.0,100,0.0,0.0,0.0,0.0,0.0,0.0,0.0,0.0,0.0,0.0,0.0,0.0,0.0,0.0,0.0,0.0,62.0,73,14,65513,50,65476,0,300,0,0,8,20529,65476,0,0,26214,60.0,0.0,0.0,0.0,0.0,0.0
2026-05-17T18:53:33,ERR,ERR,ERR,ERR,ERR,ERR,ERR,ERR,ERR,ERR,ERR,ERR,ERR,ERR,ERR,ERR,ERR,ERR,ERR,ERR,ERR,ERR,ERR,ERR,ERR,ERR,ERR,ERR,ERR,ERR,ERR,ERR,ERR,ERR,ERR,ERR,ERR,ERR,ERR,ERR,ERR,ERR,ERR,ERR,ERR,ERR,ERR,ERR,ERR,ERR,ERR,ERR,ERR,ERR,ERR,ERR,ERR,ERR,ERR,ERR,ERR,ERR,ERR,ERR,ERR,ERR,ERR,ERR,ERR,ERR,ERR,ERR,ERR,ERR,ERR,ERR,ERR,ERR,ERR,ERR,ERR,ERR,ERR,ERR,ERR,ERR,ERR,ERR,ERR,ERR,ERR,ERR,ERR,ERR,ERR,ERR,ERR,ERR,ERR,ERR,ERR,ERR,ERR,ERR,ERR,ERR,ERR,ERR,ERR,ERR,ERR,ERR,ERR,ERR,ERR,ERR,ERR,ERR,ERR,ERR,ERR,ERR,ERR,ERR,ERR,0.0,0.0,-134474944.0,0.0,0.0,1.3936040501711995e+18,7.805,0.0,0,0,4,0,8422,0.0,45,0.0,0.0,0.0,0.0,0.0,0,0,0,0,0.0,0,0,0,0,0,0,0,0,0,0,0,0,0,0,0,0,0,0,0,0,0,0,0,0,0,0,0,0,0,0,0,0,0,38,14,7,45,65476,0,300,0,0,8,21553,0.0,-107605600.0,0.0,0.0,0.0,0.0,0.0,0.0,0.0,0.0,0.0,0.0,0.0,0.0,0.0,0.0,0.0,0.0,0.0,0.0,0.0,0.0,2.004,2.004,-0.0,0.0,0.0,0.0,0.0,0.0,4727.0,131350.297,0.0,0.0,0.0,-107615280.0,2.718429300292151e+23,0.0,0.0,0.0,0.0,53,-0.0,-0.0,0.0,0.0,0.0,0.0,0.0,0.0,0.0,0,0,0,0.0,0.0,0.0,0.0,0.0,0.0,0.0,0.0,0.0,0.0,0.0,0.0,0.0,0.0,0.0,0.0,0,-107875648.0,53,0.0,106,-107614832.0,0.0,ERR,ERR,ERR,ERR,ERR,ERR,ERR,ERR,ERR,ERR,ERR,ERR,ERR,ERR,ERR,ERR,ERR,ERR,ERR,ERR,ERR,ERR,ERR,ERR,ERR,ERR,ERR,ERR,ERR,ERR,ERR,ERR,ERR,ERR,ERR,ERR,ERR,ERR,ERR,ERR,ERR,ERR,ERR,ERR,ERR,ERR,ERR,ERR,ERR,ERR,ERR,ERR,ERR,ERR,ERR,ERR,ERR,ERR,ERR,ERR,ERR,ERR,ERR,ERR,ERR,ERR,ERR,50.0,60.0,100,0.0,0.0,0.0,0.0,0.0,0.0,0.0,0.0,0.0,0.0,0.0,0.0,0.0,0.0,0.0,0.0,62.0,73,14,65513,50,65476,0,300,0,0,8,20529,65476,0,0,26214,60.0,0.0,0.0,0.0,0.0,0.0
2026-05-17T18:53:34,ERR,ERR,ERR,ERR,ERR,ERR,ERR,ERR,ERR,ERR,ERR,ERR,ERR,ERR,ERR,ERR,ERR,ERR,ERR,ERR,ERR,ERR,ERR,ERR,ERR,ERR,ERR,ERR,ERR,ERR,ERR,ERR,ERR,ERR,ERR,ERR,ERR,ERR,ERR,ERR,ERR,ERR,ERR,ERR,ERR,ERR,ERR,ERR,ERR,ERR,ERR,ERR,ERR,ERR,ERR,ERR,ERR,ERR,ERR,ERR,ERR,ERR,ERR,ERR,ERR,ERR,ERR,ERR,ERR,ERR,ERR,ERR,ERR,ERR,ERR,ERR,ERR,ERR,ERR,ERR,ERR,ERR,ERR,ERR,ERR,ERR,ERR,ERR,ERR,ERR,ERR,ERR,ERR,ERR,ERR,ERR,ERR,ERR,ERR,ERR,ERR,ERR,ERR,ERR,ERR,ERR,ERR,ERR,ERR,ERR,ERR,ERR,ERR,ERR,ERR,ERR,ERR,ERR,ERR,ERR,ERR,ERR,ERR,ERR,ERR,0.0,0.0,-134474944.0,0.0,0.0,1.3936040501711995e+18,7.805,0.0,0,0,4,0,8422,0.0,45,0.0,0.0,0.0,0.0,0.0,0,0,0,0,0.0,0,0,0,0,0,0,0,0,0,0,0,0,0,0,0,0,0,0,0,0,0,0,0,0,0,0,0,0,0,0,0,0,0,38,14,7,45,65476,0,300,0,0,8,21553,0.0,-107605600.0,0.0,0.0,0.0,0.0,0.0,0.0,0.0,0.0,0.0,0.0,0.0,0.0,0.0,0.0,0.0,0.0,0.0,0.0,0.0,0.0,2.004,2.004,-0.0,0.0,0.0,0.0,0.0,0.0,4727.0,131350.297,0.0,0.0,0.0,-107615280.0,2.718429300292151e+23,0.0,0.0,0.0,0.0,53,-0.0,-0.0,0.0,0.0,0.0,0.0,0.0,0.0,0.0,0,0,0,0.0,0.0,0.0,0.0,0.0,0.0,0.0,0.0,0.0,0.0,0.0,0.0,0.0,0.0,0.0,0.0,0,-107875648.0,53,0.0,106,-107614832.0,0.0,ERR,ERR,ERR,ERR,ERR,ERR,ERR,ERR,ERR,ERR,ERR,ERR,ERR,ERR,ERR,ERR,ERR,ERR,ERR,ERR,ERR,ERR,ERR,ERR,ERR,ERR,ERR,ERR,ERR,ERR,ERR,ERR,ERR,ERR,ERR,ERR,ERR,ERR,ERR,ERR,ERR,ERR,ERR,ERR,ERR,ERR,ERR,ERR,ERR,ERR,ERR,ERR,ERR,ERR,ERR,ERR,ERR,ERR,ERR,ERR,ERR,ERR,ERR,ERR,ERR,ERR,ERR,50.0,60.0,100,0.0,0.0,0.0,0.0,0.0,0.0,0.0,0.0,0.0,0.0,0.0,0.0,0.0,0.0,0.0,0.0,62.0,73,14,65513,50,65476,0,300,0,0,8,20529,65476,0,0,26214,60.0,0.0,0.0,0.0,0.0,0.0
2026-05-17T18:53:35,ERR,ERR,ERR,ERR,ERR,ERR,ERR,ERR,ERR,ERR,ERR,ERR,ERR,ERR,ERR,ERR,ERR,ERR,ERR,ERR,ERR,ERR,ERR,ERR,ERR,ERR,ERR,ERR,ERR,ERR,ERR,ERR,ERR,ERR,ERR,ERR,ERR,ERR,ERR,ERR,ERR,ERR,ERR,ERR,ERR,ERR,ERR,ERR,ERR,ERR,ERR,ERR,ERR,ERR,ERR,ERR,ERR,ERR,ERR,ERR,ERR,ERR,ERR,ERR,ERR,ERR,ERR,ERR,ERR,ERR,ERR,ERR,ERR,ERR,ERR,ERR,ERR,ERR,ERR,ERR,ERR,ERR,ERR,ERR,ERR,ERR,ERR,ERR,ERR,ERR,ERR,ERR,ERR,ERR,ERR,ERR,ERR,ERR,ERR,ERR,ERR,ERR,ERR,ERR,ERR,ERR,ERR,ERR,ERR,ERR,ERR,ERR,ERR,ERR,ERR,ERR,ERR,ERR,ERR,ERR,ERR,ERR,ERR,ERR,ERR,0.0,0.0,-134474944.0,0.0,0.0,1.3936040501711995e+18,7.805,0.0,0,0,4,0,8422,0.0,45,0.0,0.0,0.0,0.0,0.0,0,0,0,0,0.0,0,0,0,0,0,0,0,0,0,0,0,0,0,0,0,0,0,0,0,0,0,0,0,0,0,0,0,0,0,0,0,0,0,38,14,7,45,65476,0,300,0,0,8,21553,0.0,-107605600.0,0.0,0.0,0.0,0.0,0.0,0.0,0.0,0.0,0.0,0.0,0.0,0.0,0.0,0.0,0.0,0.0,0.0,0.0,0.0,0.0,2.004,2.004,-0.0,0.0,0.0,0.0,0.0,0.0,4727.0,131350.297,0.0,0.0,0.0,-107615280.0,2.718429300292151e+23,0.0,0.0,0.0,0.0,53,-0.0,-0.0,0.0,0.0,0.0,0.0,0.0,0.0,0.0,0,0,0,0.0,0.0,0.0,0.0,0.0,0.0,0.0,0.0,0.0,0.0,0.0,0.0,0.0,0.0,0.0,0.0,0,-107875648.0,53,0.0,106,-107614832.0,0.0,ERR,ERR,ERR,ERR,ERR,ERR,ERR,ERR,ERR,ERR,ERR,ERR,ERR,ERR,ERR,ERR,ERR,ERR,ERR,ERR,ERR,ERR,ERR,ERR,ERR,ERR,ERR,ERR,ERR,ERR,ERR,ERR,ERR,ERR,ERR,ERR,ERR,ERR,ERR,ERR,ERR,ERR,ERR,ERR,ERR,ERR,ERR,ERR,ERR,ERR,ERR,ERR,ERR,ERR,ERR,ERR,ERR,ERR,ERR,ERR,ERR,ERR,ERR,ERR,ERR,ERR,ERR,50.0,60.0,100,0.0,0.0,0.0,0.0,0.0,0.0,0.0,0.0,0.0,0.0,0.0,0.0,0.0,0.0,0.0,0.0,62.0,73,14,65513,50,65476,0,300,0,0,8,20529,65476,0,0,26214,60.0,0.0,0.0,0.0,0.0,0.0
2026-05-17T18:53:36,ERR,ERR,ERR,ERR,ERR,ERR,ERR,ERR,ERR,ERR,ERR,ERR,ERR,ERR,ERR,ERR,ERR,ERR,ERR,ERR,ERR,ERR,ERR,ERR,ERR,ERR,ERR,ERR,ERR,ERR,ERR,ERR,ERR,ERR,ERR,ERR,ERR,ERR,ERR,ERR,ERR,ERR,ERR,ERR,ERR,ERR,ERR,ERR,ERR,ERR,ERR,ERR,ERR,ERR,ERR,ERR,ERR,ERR,ERR,ERR,ERR,ERR,ERR,ERR,ERR,ERR,ERR,ERR,ERR,ERR,ERR,ERR,ERR,ERR,ERR,ERR,ERR,ERR,ERR,ERR,ERR,ERR,ERR,ERR,ERR,ERR,ERR,ERR,ERR,ERR,ERR,ERR,ERR,ERR,ERR,ERR,ERR,ERR,ERR,ERR,ERR,ERR,ERR,ERR,ERR,ERR,ERR,ERR,ERR,ERR,ERR,ERR,ERR,ERR,ERR,ERR,ERR,ERR,ERR,ERR,ERR,ERR,ERR,ERR,ERR,0.0,0.0,-134474944.0,0.0,0.0,1.3936040501711995e+18,7.805,0.0,0,0,4,0,8422,0.0,45,0.0,0.0,0.0,0.0,0.0,0,0,0,0,0.0,0,0,0,0,0,0,0,0,0,0,0,0,0,0,0,0,0,0,0,0,0,0,0,0,0,0,0,0,0,0,0,0,0,38,14,7,45,65476,0,300,0,0,8,21553,0.0,-107605600.0,0.0,0.0,0.0,0.0,0.0,0.0,0.0,0.0,0.0,0.0,0.0,0.0,0.0,0.0,0.0,0.0,0.0,0.0,0.0,0.0,2.004,2.004,-0.0,0.0,0.0,0.0,0.0,0.0,4727.0,131350.297,0.0,0.0,0.0,-107615280.0,2.718429300292151e+23,0.0,0.0,0.0,0.0,53,-0.0,-0.0,0.0,0.0,0.0,0.0,0.0,0.0,0.0,0,0,0,0.0,0.0,0.0,0.0,0.0,0.0,0.0,0.0,0.0,0.0,0.0,0.0,0.0,0.0,0.0,0.0,0,-107875648.0,53,0.0,106,-107614832.0,0.0,ERR,ERR,ERR,ERR,ERR,ERR,ERR,ERR,ERR,ERR,ERR,ERR,ERR,ERR,ERR,ERR,ERR,ERR,ERR,ERR,ERR,ERR,ERR,ERR,ERR,ERR,ERR,ERR,ERR,ERR,ERR,ERR,ERR,ERR,ERR,ERR,ERR,ERR,ERR,ERR,ERR,ERR,ERR,ERR,ERR,ERR,ERR,ERR,ERR,ERR,ERR,ERR,ERR,ERR,ERR,ERR,ERR,ERR,ERR,ERR,ERR,ERR,ERR,ERR,ERR,ERR,ERR,50.0,60.0,100,0.0,0.0,0.0,0.0,0.0,0.0,0.0,0.0,0.0,0.0,0.0,0.0,0.0,0.0,0.0,0.0,62.0,73,14,65513,50,65476,0,300,0,0,8,20529,65476,0,0,26214,60.0,0.0,0.0,0.0,0.0,0.0
2026-05-17T18:53:37,ERR,ERR,ERR,ERR,ERR,ERR,ERR,ERR,ERR,ERR,ERR,ERR,ERR,ERR,ERR,ERR,ERR,ERR,ERR,ERR,ERR,ERR,ERR,ERR,ERR,ERR,ERR,ERR,ERR,ERR,ERR,ERR,ERR,ERR,ERR,ERR,ERR,ERR,ERR,ERR,ERR,ERR,ERR,ERR,ERR,ERR,ERR,ERR,ERR,ERR,ERR,ERR,ERR,ERR,ERR,ERR,ERR,ERR,ERR,ERR,ERR,ERR,ERR,ERR,ERR,ERR,ERR,ERR,ERR,ERR,ERR,ERR,ERR,ERR,ERR,ERR,ERR,ERR,ERR,ERR,ERR,ERR,ERR,ERR,ERR,ERR,ERR,ERR,ERR,ERR,ERR,ERR,ERR,ERR,ERR,ERR,ERR,ERR,ERR,ERR,ERR,ERR,ERR,ERR,ERR,ERR,ERR,ERR,ERR,ERR,ERR,ERR,ERR,ERR,ERR,ERR,ERR,ERR,ERR,ERR,ERR,ERR,ERR,ERR,ERR,0.0,0.0,-134474944.0,0.0,0.0,1.3936040501711995e+18,7.805,0.0,0,0,4,0,8422,0.0,45,0.0,0.0,0.0,0.0,0.0,0,0,0,0,0.0,0,0,0,0,0,0,0,0,0,0,0,0,0,0,0,0,0,0,0,0,0,0,0,0,0,0,0,0,0,0,0,0,0,38,14,7,45,65476,0,300,0,0,8,21553,0.0,-107605600.0,0.0,0.0,0.0,0.0,0.0,0.0,0.0,0.0,0.0,0.0,0.0,0.0,0.0,0.0,0.0,0.0,0.0,0.0,0.0,0.0,2.004,2.004,-0.0,0.0,0.0,0.0,0.0,0.0,4727.0,131350.297,0.0,0.0,0.0,-107615280.0,2.718429300292151e+23,0.0,0.0,0.0,0.0,53,-0.0,-0.0,0.0,0.0,0.0,0.0,0.0,0.0,0.0,0,0,0,0.0,0.0,0.0,0.0,0.0,0.0,0.0,0.0,0.0,0.0,0.0,0.0,0.0,0.0,0.0,0.0,0,-107875648.0,53,0.0,106,-107614832.0,0.0,ERR,ERR,ERR,ERR,ERR,ERR,ERR,ERR,ERR,ERR,ERR,ERR,ERR,ERR,ERR,ERR,ERR,ERR,ERR,ERR,ERR,ERR,ERR,ERR,ERR,ERR,ERR,ERR,ERR,ERR,ERR,ERR,ERR,ERR,ERR,ERR,ERR,ERR,ERR,ERR,ERR,ERR,ERR,ERR,ERR,ERR,ERR,ERR,ERR,ERR,ERR,ERR,ERR,ERR,ERR,ERR,ERR,ERR,ERR,ERR,ERR,ERR,ERR,ERR,ERR,ERR,ERR,50.0,60.0,100,0.0,0.0,0.0,0.0,0.0,0.0,0.0,0.0,0.0,0.0,0.0,0.0,0.0,0.0,0.0,0.0,61.6,73,14,65513,50,65476,0,300,0,0,8,20529,65476,0,0,26214,60.0,0.0,0.0,0.0,0.0,0.0
2026-05-17T18:53:38,ERR,ERR,ERR,ERR,ERR,ERR,ERR,ERR,ERR,ERR,ERR,ERR,ERR,ERR,ERR,ERR,ERR,ERR,ERR,ERR,ERR,ERR,ERR,ERR,ERR,ERR,ERR,ERR,ERR,ERR,ERR,ERR,ERR,ERR,ERR,ERR,ERR,ERR,ERR,ERR,ERR,ERR,ERR,ERR,ERR,ERR,ERR,ERR,ERR,ERR,ERR,ERR,ERR,ERR,ERR,ERR,ERR,ERR,ERR,ERR,ERR,ERR,ERR,ERR,ERR,ERR,ERR,ERR,ERR,ERR,ERR,ERR,ERR,ERR,ERR,ERR,ERR,ERR,ERR,ERR,ERR,ERR,ERR,ERR,ERR,ERR,ERR,ERR,ERR,ERR,ERR,ERR,ERR,ERR,ERR,ERR,ERR,ERR,ERR,ERR,ERR,ERR,ERR,ERR,ERR,ERR,ERR,ERR,ERR,ERR,ERR,ERR,ERR,ERR,ERR,ERR,ERR,ERR,ERR,ERR,ERR,ERR,ERR,ERR,ERR,0.0,0.0,-134474944.0,0.0,0.0,1.3936040501711995e+18,7.805,0.0,0,0,4,0,8422,0.0,45,0.0,0.0,0.0,0.0,0.0,0,0,0,0,0.0,0,0,0,0,0,0,0,0,0,0,0,0,0,0,0,0,0,0,0,0,0,0,0,0,0,0,0,0,0,0,0,0,0,38,14,7,45,65476,0,300,0,0,8,21553,0.0,-107605600.0,0.0,0.0,0.0,0.0,0.0,0.0,0.0,0.0,0.0,0.0,0.0,0.0,-2.596148429267414e+33,0.0,0.0,0.0,0.0,0.0,0.0,0.0,2.004,2.004,-0.0,0.0,0.0,0.0,0.0,0.0,4729.0,-0.0,0.0,0.0,0.0,-107615280.0,2.718429300292151e+23,0.0,0.0,0.0,0.0,53,-0.0,-3.22199834002519e+26,0.0,0.0,0.0,0.0,0.0,0.0,0.0,0,0,0,0.0,0.0,0.0,0.0,0.0,0.0,0.0,0.0,0.0,0.0,0.0,0.0,0.0,0.0,0.0,0.0,0,-107875648.0,53,0.0,106,-107614832.0,0.0,ERR,ERR,ERR,ERR,ERR,ERR,ERR,ERR,ERR,ERR,ERR,ERR,ERR,ERR,ERR,ERR,ERR,ERR,ERR,ERR,ERR,ERR,ERR,ERR,ERR,ERR,ERR,ERR,ERR,ERR,ERR,ERR,ERR,ERR,ERR,ERR,ERR,ERR,ERR,ERR,ERR,ERR,ERR,ERR,ERR,ERR,ERR,ERR,ERR,ERR,ERR,ERR,ERR,ERR,ERR,ERR,ERR,ERR,ERR,ERR,ERR,ERR,ERR,ERR,ERR,ERR,ERR,50.0,60.0,100,0.0,0.0,0.0,0.0,0.0,0.0,0.0,0.0,0.0,0.0,0.0,0.0,0.0,0.0,0.0,0.0,61.6,73,14,65513,50,65476,0,300,0,0,8,20529,65476,0,0,26214,60.0,0.0,0.0,0.0,0.0,0.0
2026-05-17T18:53:39,ERR,ERR,ERR,ERR,ERR,ERR,ERR,ERR,ERR,ERR,ERR,ERR,ERR,ERR,ERR,ERR,ERR,ERR,ERR,ERR,ERR,ERR,ERR,ERR,ERR,ERR,ERR,ERR,ERR,ERR,ERR,ERR,ERR,ERR,ERR,ERR,ERR,ERR,ERR,ERR,ERR,ERR,ERR,ERR,ERR,ERR,ERR,ERR,ERR,ERR,ERR,ERR,ERR,ERR,ERR,ERR,ERR,ERR,ERR,ERR,ERR,ERR,ERR,ERR,ERR,ERR,ERR,ERR,ERR,ERR,ERR,ERR,ERR,ERR,ERR,ERR,ERR,ERR,ERR,ERR,ERR,ERR,ERR,ERR,ERR,ERR,ERR,ERR,ERR,ERR,ERR,ERR,ERR,ERR,ERR,ERR,ERR,ERR,ERR,ERR,ERR,ERR,ERR,ERR,ERR,ERR,ERR,ERR,ERR,ERR,ERR,ERR,ERR,ERR,ERR,ERR,ERR,ERR,ERR,ERR,ERR,ERR,ERR,ERR,ERR,0.0,0.0,-134474944.0,0.0,0.0,1.3936040501711995e+18,7.805,0.0,0,0,4,0,8422,0.0,45,0.0,0.0,0.0,0.0,0.0,0,0,0,0,0.0,0,0,0,0,0,0,0,0,0,0,0,0,0,0,0,0,0,0,0,0,0,0,0,0,0,0,0,0,0,0,0,0,0,38,14,7,45,65476,0,300,0,0,8,21553,0.0,-107605600.0,0.0,0.0,0.0,0.0,0.0,0.0,0.0,0.0,0.0,0.0,0.0,0.0,-2.596148429267414e+33,0.0,0.0,0.0,0.0,0.0,0.0,0.0,2.004,2.004,-0.0,0.0,0.0,0.0,0.0,0.0,4729.0,-0.0,0.0,0.0,0.0,-107615280.0,2.718429300292151e+23,0.0,0.0,0.0,0.0,53,-0.0,-3.22199834002519e+26,0.0,0.0,0.0,0.0,0.0,0.0,0.0,0,0,0,0.0,0.0,0.0,0.0,0.0,0.0,0.0,0.0,0.0,0.0,0.0,0.0,0.0,0.0,0.0,0.0,0,-107875648.0,53,0.0,106,-107614832.0,0.0,ERR,ERR,ERR,ERR,ERR,ERR,ERR,ERR,ERR,ERR,ERR,ERR,ERR,ERR,ERR,ERR,ERR,ERR,ERR,ERR,ERR,ERR,ERR,ERR,ERR,ERR,ERR,ERR,ERR,ERR,ERR,ERR,ERR,ERR,ERR,ERR,ERR,ERR,ERR,ERR,ERR,ERR,ERR,ERR,ERR,ERR,ERR,ERR,ERR,ERR,ERR,ERR,ERR,ERR,ERR,ERR,ERR,ERR,ERR,ERR,ERR,ERR,ERR,ERR,ERR,ERR,ERR,50.0,60.0,100,0.0,0.0,0.0,0.0,0.0,0.0,0.0,0.0,0.0,0.0,0.0,0.0,0.0,0.0,0.0,0.0,62.0,73,14,65513,50,65476,0,300,0,0,8,20529,65476,0,0,26214,60.0,0.0,0.0,0.0,0.0,0.0
2026-05-17T18:53:40,ERR,ERR,ERR,ERR,ERR,ERR,ERR,ERR,ERR,ERR,ERR,ERR,ERR,ERR,ERR,ERR,ERR,ERR,ERR,ERR,ERR,ERR,ERR,ERR,ERR,ERR,ERR,ERR,ERR,ERR,ERR,ERR,ERR,ERR,ERR,ERR,ERR,ERR,ERR,ERR,ERR,ERR,ERR,ERR,ERR,ERR,ERR,ERR,ERR,ERR,ERR,ERR,ERR,ERR,ERR,ERR,ERR,ERR,ERR,ERR,ERR,ERR,ERR,ERR,ERR,ERR,ERR,ERR,ERR,ERR,ERR,ERR,ERR,ERR,ERR,ERR,ERR,ERR,ERR,ERR,ERR,ERR,ERR,ERR,ERR,ERR,ERR,ERR,ERR,ERR,ERR,ERR,ERR,ERR,ERR,ERR,ERR,ERR,ERR,ERR,ERR,ERR,ERR,ERR,ERR,ERR,ERR,ERR,ERR,ERR,ERR,ERR,ERR,ERR,ERR,ERR,ERR,ERR,ERR,ERR,ERR,ERR,ERR,ERR,ERR,0.0,0.0,-134474944.0,0.0,0.0,1.3936040501711995e+18,7.805,0.0,0,0,4,0,8422,0.0,45,0.0,0.0,0.0,0.0,0.0,0,0,0,0,0.0,0,0,0,0,0,0,0,0,0,0,0,0,0,0,0,0,0,0,0,0,0,0,0,0,0,0,0,0,0,0,0,0,0,38,14,7,45,65476,0,300,0,0,8,21553,0.0,-107605600.0,0.0,0.0,0.0,0.0,0.0,0.0,0.0,0.0,0.0,0.0,0.0,0.0,-2.596148429267414e+33,0.0,0.0,0.0,0.0,0.0,0.0,0.0,2.004,2.004,-0.0,0.0,0.0,0.0,0.0,0.0,4729.0,-0.0,0.0,0.0,0.0,-107615280.0,2.718429300292151e+23,0.0,0.0,0.0,0.0,53,-0.0,-3.22199834002519e+26,0.0,0.0,0.0,0.0,0.0,0.0,0.0,0,0,0,0.0,0.0,0.0,0.0,0.0,0.0,0.0,0.0,0.0,0.0,0.0,0.0,0.0,0.0,0.0,0.0,0,-107875648.0,53,0.0,106,-107614832.0,0.0,ERR,ERR,ERR,ERR,ERR,ERR,ERR,ERR,ERR,ERR,ERR,ERR,ERR,ERR,ERR,ERR,ERR,ERR,ERR,ERR,ERR,ERR,ERR,ERR,ERR,ERR,ERR,ERR,ERR,ERR,ERR,ERR,ERR,ERR,ERR,ERR,ERR,ERR,ERR,ERR,ERR,ERR,ERR,ERR,ERR,ERR,ERR,ERR,ERR,ERR,ERR,ERR,ERR,ERR,ERR,ERR,ERR,ERR,ERR,ERR,ERR,ERR,ERR,ERR,ERR,ERR,ERR,50.0,60.0,100,0.0,0.0,0.0,0.0,0.0,0.0,0.0,0.0,0.0,0.0,0.0,0.0,0.0,0.0,0.0,0.0,62.0,73,14,65513,50,65476,0,300,0,0,8,20529,65476,0,0,26214,60.0,0.0,0.0,0.0,0.0,0.0
2026-05-17T18:53:41,ERR,ERR,ERR,ERR,ERR,ERR,ERR,ERR,ERR,ERR,ERR,ERR,ERR,ERR,ERR,ERR,ERR,ERR,ERR,ERR,ERR,ERR,ERR,ERR,ERR,ERR,ERR,ERR,ERR,ERR,ERR,ERR,ERR,ERR,ERR,ERR,ERR,ERR,ERR,ERR,ERR,ERR,ERR,ERR,ERR,ERR,ERR,ERR,ERR,ERR,ERR,ERR,ERR,ERR,ERR,ERR,ERR,ERR,ERR,ERR,ERR,ERR,ERR,ERR,ERR,ERR,ERR,ERR,ERR,ERR,ERR,ERR,ERR,ERR,ERR,ERR,ERR,ERR,ERR,ERR,ERR,ERR,ERR,ERR,ERR,ERR,ERR,ERR,ERR,ERR,ERR,ERR,ERR,ERR,ERR,ERR,ERR,ERR,ERR,ERR,ERR,ERR,ERR,ERR,ERR,ERR,ERR,ERR,ERR,ERR,ERR,ERR,ERR,ERR,ERR,ERR,ERR,ERR,ERR,ERR,ERR,ERR,ERR,ERR,ERR,0.0,0.0,-134474944.0,0.0,0.0,1.3936040501711995e+18,7.805,0.0,0,0,4,0,8422,0.0,45,0.0,0.0,0.0,0.0,0.0,0,0,0,0,0.0,0,0,0,0,0,0,0,0,0,0,0,0,0,0,0,0,0,0,0,0,0,0,0,0,0,0,0,0,0,0,0,0,0,38,14,7,45,65476,0,300,0,0,8,21553,0.0,-107605600.0,0.0,0.0,0.0,0.0,0.0,0.0,0.0,0.0,0.0,0.0,0.0,0.0,-2.596148429267414e+33,0.0,0.0,0.0,0.0,0.0,0.0,0.0,2.004,2.004,-0.0,0.0,0.0,0.0,0.0,0.0,4729.0,-0.0,0.0,0.0,0.0,-107615280.0,2.718429300292151e+23,0.0,0.0,0.0,0.0,53,-0.0,-3.22199834002519e+26,0.0,0.0,0.0,0.0,0.0,0.0,0.0,0,0,0,0.0,0.0,0.0,0.0,0.0,0.0,0.0,0.0,0.0,0.0,0.0,0.0,0.0,0.0,0.0,0.0,0,-107875648.0,53,0.0,106,-107614832.0,0.0,ERR,ERR,ERR,ERR,ERR,ERR,ERR,ERR,ERR,ERR,ERR,ERR,ERR,ERR,ERR,ERR,ERR,ERR,ERR,ERR,ERR,ERR,ERR,ERR,ERR,ERR,ERR,ERR,ERR,ERR,ERR,ERR,ERR,ERR,ERR,ERR,ERR,ERR,ERR,ERR,ERR,ERR,ERR,ERR,ERR,ERR,ERR,ERR,ERR,ERR,ERR,ERR,ERR,ERR,ERR,ERR,ERR,ERR,ERR,ERR,ERR,ERR,ERR,ERR,ERR,ERR,ERR,50.0,60.0,100,0.0,0.0,0.0,0.0,0.0,0.0,0.0,0.0,0.0,0.0,0.0,0.0,0.0,0.0,0.0,0.0,61.6,73,14,65513,50,65476,0,300,0,0,8,20529,65476,0,0,26214,60.0,0.0,0.0,0.0,0.0,0.0
2026-05-17T18:53:42,ERR,ERR,ERR,ERR,ERR,ERR,ERR,ERR,ERR,ERR,ERR,ERR,ERR,ERR,ERR,ERR,ERR,ERR,ERR,ERR,ERR,ERR,ERR,ERR,ERR,ERR,ERR,ERR,ERR,ERR,ERR,ERR,ERR,ERR,ERR,ERR,ERR,ERR,ERR,ERR,ERR,ERR,ERR,ERR,ERR,ERR,ERR,ERR,ERR,ERR,ERR,ERR,ERR,ERR,ERR,ERR,ERR,ERR,ERR,ERR,ERR,ERR,ERR,ERR,ERR,ERR,ERR,ERR,ERR,ERR,ERR,ERR,ERR,ERR,ERR,ERR,ERR,ERR,ERR,ERR,ERR,ERR,ERR,ERR,ERR,ERR,ERR,ERR,ERR,ERR,ERR,ERR,ERR,ERR,ERR,ERR,ERR,ERR,ERR,ERR,ERR,ERR,ERR,ERR,ERR,ERR,ERR,ERR,ERR,ERR,ERR,ERR,ERR,ERR,ERR,ERR,ERR,ERR,ERR,ERR,ERR,ERR,ERR,ERR,ERR,0.0,0.0,-134474944.0,0.0,0.0,1.3936040501711995e+18,7.805,0.0,0,0,4,0,8422,0.0,45,0.0,0.0,0.0,0.0,0.0,0,0,0,0,0.0,0,0,0,0,0,0,0,0,0,0,0,0,0,0,0,0,0,0,0,0,0,0,0,0,0,0,0,0,0,0,0,0,0,38,14,7,45,65476,0,300,0,0,8,21553,0.0,-107605600.0,0.0,0.0,0.0,0.0,0.0,0.0,0.0,0.0,0.0,0.0,0.0,0.0,-2.596148429267414e+33,0.0,0.0,0.0,0.0,0.0,0.0,0.0,2.004,2.004,-0.0,0.0,0.0,0.0,0.0,0.0,4729.0,-0.0,0.0,0.0,0.0,-107615280.0,2.718429300292151e+23,0.0,0.0,0.0,0.0,53,-0.0,-3.22199834002519e+26,0.0,0.0,0.0,0.0,0.0,0.0,0.0,0,0,0,0.0,0.0,0.0,0.0,0.0,0.0,0.0,0.0,0.0,0.0,0.0,0.0,0.0,0.0,0.0,0.0,0,-107875648.0,53,0.0,106,-107614832.0,0.0,ERR,ERR,ERR,ERR,ERR,ERR,ERR,ERR,ERR,ERR,ERR,ERR,ERR,ERR,ERR,ERR,ERR,ERR,ERR,ERR,ERR,ERR,ERR,ERR,ERR,ERR,ERR,ERR,ERR,ERR,ERR,ERR,ERR,ERR,ERR,ERR,ERR,ERR,ERR,ERR,ERR,ERR,ERR,ERR,ERR,ERR,ERR,ERR,ERR,ERR,ERR,ERR,ERR,ERR,ERR,ERR,ERR,ERR,ERR,ERR,ERR,ERR,ERR,ERR,ERR,ERR,ERR,50.0,60.0,100,0.0,0.0,0.0,0.0,0.0,0.0,0.0,0.0,0.0,0.0,0.0,0.0,0.0,0.0,0.0,0.0,62.0,73,14,65513,50,65476,0,300,0,0,8,20529,65476,0,0,26214,60.0,0.0,0.0,0.0,0.0,0.0
2026-05-17T18:53:43,ERR,ERR,ERR,ERR,ERR,ERR,ERR,ERR,ERR,ERR,ERR,ERR,ERR,ERR,ERR,ERR,ERR,ERR,ERR,ERR,ERR,ERR,ERR,ERR,ERR,ERR,ERR,ERR,ERR,ERR,ERR,ERR,ERR,ERR,ERR,ERR,ERR,ERR,ERR,ERR,ERR,ERR,ERR,ERR,ERR,ERR,ERR,ERR,ERR,ERR,ERR,ERR,ERR,ERR,ERR,ERR,ERR,ERR,ERR,ERR,ERR,ERR,ERR,ERR,ERR,ERR,ERR,ERR,ERR,ERR,ERR,ERR,ERR,ERR,ERR,ERR,ERR,ERR,ERR,ERR,ERR,ERR,ERR,ERR,ERR,ERR,ERR,ERR,ERR,ERR,ERR,ERR,ERR,ERR,ERR,ERR,ERR,ERR,ERR,ERR,ERR,ERR,ERR,ERR,ERR,ERR,ERR,ERR,ERR,ERR,ERR,ERR,ERR,ERR,ERR,ERR,ERR,ERR,ERR,ERR,ERR,ERR,ERR,ERR,ERR,0.0,0.0,-134474944.0,0.0,0.0,1.3936040501711995e+18,7.805,0.0,0,0,4,0,8422,0.0,45,0.0,0.0,0.0,0.0,0.0,0,0,0,0,0.0,0,0,0,0,0,0,0,0,0,0,0,0,0,0,0,0,0,0,0,0,0,0,0,0,0,0,0,0,0,0,0,0,0,38,14,7,45,65476,0,300,0,0,8,21553,0.0,-107605600.0,0.0,0.0,0.0,0.0,0.0,0.0,0.0,0.0,0.0,0.0,0.0,0.0,0.0,0.0,0.0,0.0,0.0,0.0,0.0,0.0,2.004,2.004,-2.004,0.0,0.0,0.0,0.0,0.0,4730.0,-2.4229853104588965e+24,0.0,0.0,0.0,-107615280.0,2.718429300292151e+23,0.0,0.0,0.0,0.0,53,-0.0,126840446976.0,0.0,0.0,0.0,0.0,0.0,0.0,0.0,0,0,0,0.0,0.0,0.0,0.0,0.0,0.0,0.0,0.0,0.0,0.0,0.0,0.0,0.0,0.0,0.0,0.0,0,-107875648.0,53,0.0,106,-107614832.0,0.0,ERR,ERR,ERR,ERR,ERR,ERR,ERR,ERR,ERR,ERR,ERR,ERR,ERR,ERR,ERR,ERR,ERR,ERR,ERR,ERR,ERR,ERR,ERR,ERR,ERR,ERR,ERR,ERR,ERR,ERR,ERR,ERR,ERR,ERR,ERR,ERR,ERR,ERR,ERR,ERR,ERR,ERR,ERR,ERR,ERR,ERR,ERR,ERR,ERR,ERR,ERR,ERR,ERR,ERR,ERR,ERR,ERR,ERR,ERR,ERR,ERR,ERR,ERR,ERR,ERR,ERR,ERR,50.0,60.0,100,0.0,0.0,0.0,0.0,0.0,0.0,0.0,0.0,0.0,0.0,0.0,0.0,0.0,0.0,0.0,0.0,62.0,73,14,65513,50,65476,0,300,0,0,8,20529,65476,0,0,26214,60.0,0.0,0.0,0.0,0.0,0.0
2026-05-17T18:53:44,ERR,ERR,ERR,ERR,ERR,ERR,ERR,ERR,ERR,ERR,ERR,ERR,ERR,ERR,ERR,ERR,ERR,ERR,ERR,ERR,ERR,ERR,ERR,ERR,ERR,ERR,ERR,ERR,ERR,ERR,ERR,ERR,ERR,ERR,ERR,ERR,ERR,ERR,ERR,ERR,ERR,ERR,ERR,ERR,ERR,ERR,ERR,ERR,ERR,ERR,ERR,ERR,ERR,ERR,ERR,ERR,ERR,ERR,ERR,ERR,ERR,ERR,ERR,ERR,ERR,ERR,ERR,ERR,ERR,ERR,ERR,ERR,ERR,ERR,ERR,ERR,ERR,ERR,ERR,ERR,ERR,ERR,ERR,ERR,ERR,ERR,ERR,ERR,ERR,ERR,ERR,ERR,ERR,ERR,ERR,ERR,ERR,ERR,ERR,ERR,ERR,ERR,ERR,ERR,ERR,ERR,ERR,ERR,ERR,ERR,ERR,ERR,ERR,ERR,ERR,ERR,ERR,ERR,ERR,ERR,ERR,ERR,ERR,ERR,ERR,0.0,0.0,-134474944.0,0.0,0.0,1.3936040501711995e+18,7.805,0.0,0,0,4,0,8422,0.0,45,0.0,0.0,0.0,0.0,0.0,0,0,0,0,0.0,0,0,0,0,0,0,0,0,0,0,0,0,0,0,0,0,0,0,0,0,0,0,0,0,0,0,0,0,0,0,0,0,0,38,14,7,45,65476,0,300,0,0,8,21553,0.0,-107605600.0,0.0,0.0,0.0,0.0,0.0,0.0,0.0,0.0,0.0,0.0,0.0,0.0,0.0,0.0,0.0,0.0,0.0,0.0,0.0,0.0,2.004,2.004,-2.004,0.0,0.0,0.0,0.0,0.0,4730.0,-2.4229853104588965e+24,0.0,0.0,0.0,-107615280.0,2.718429300292151e+23,0.0,0.0,0.0,0.0,53,-0.0,126840446976.0,0.0,0.0,0.0,0.0,0.0,0.0,0.0,0,0,0,0.0,0.0,0.0,0.0,0.0,0.0,0.0,0.0,0.0,0.0,0.0,0.0,0.0,0.0,0.0,0.0,0,-107875648.0,53,0.0,106,-107614832.0,0.0,ERR,ERR,ERR,ERR,ERR,ERR,ERR,ERR,ERR,ERR,ERR,ERR,ERR,ERR,ERR,ERR,ERR,ERR,ERR,ERR,ERR,ERR,ERR,ERR,ERR,ERR,ERR,ERR,ERR,ERR,ERR,ERR,ERR,ERR,ERR,ERR,ERR,ERR,ERR,ERR,ERR,ERR,ERR,ERR,ERR,ERR,ERR,ERR,ERR,ERR,ERR,ERR,ERR,ERR,ERR,ERR,ERR,ERR,ERR,ERR,ERR,ERR,ERR,ERR,ERR,ERR,ERR,50.0,60.0,100,0.0,0.0,0.0,0.0,0.0,0.0,0.0,0.0,0.0,0.0,0.0,0.0,0.0,0.0,0.0,0.0,61.6,73,14,65513,50,65476,0,300,0,0,8,20529,65476,0,0,26214,60.0,0.0,0.0,0.0,0.0,0.0
2026-05-17T18:53:45,ERR,ERR,ERR,ERR,ERR,ERR,ERR,ERR,ERR,ERR,ERR,ERR,ERR,ERR,ERR,ERR,ERR,ERR,ERR,ERR,ERR,ERR,ERR,ERR,ERR,ERR,ERR,ERR,ERR,ERR,ERR,ERR,ERR,ERR,ERR,ERR,ERR,ERR,ERR,ERR,ERR,ERR,ERR,ERR,ERR,ERR,ERR,ERR,ERR,ERR,ERR,ERR,ERR,ERR,ERR,ERR,ERR,ERR,ERR,ERR,ERR,ERR,ERR,ERR,ERR,ERR,ERR,ERR,ERR,ERR,ERR,ERR,ERR,ERR,ERR,ERR,ERR,ERR,ERR,ERR,ERR,ERR,ERR,ERR,ERR,ERR,ERR,ERR,ERR,ERR,ERR,ERR,ERR,ERR,ERR,ERR,ERR,ERR,ERR,ERR,ERR,ERR,ERR,ERR,ERR,ERR,ERR,ERR,ERR,ERR,ERR,ERR,ERR,ERR,ERR,ERR,ERR,ERR,ERR,ERR,ERR,ERR,ERR,ERR,ERR,0.0,0.0,-134474944.0,0.0,0.0,1.3936040501711995e+18,7.805,0.0,0,0,4,0,8422,0.0,45,0.0,0.0,0.0,0.0,0.0,0,0,0,0,0.0,0,0,0,0,0,0,0,0,0,0,0,0,0,0,0,0,0,0,0,0,0,0,0,0,0,0,0,0,0,0,0,0,0,38,14,7,45,65476,0,300,0,0,8,21553,0.0,-107605600.0,0.0,0.0,0.0,0.0,0.0,0.0,0.0,0.0,0.0,0.0,0.0,0.0,0.0,0.0,0.0,0.0,0.0,0.0,0.0,0.0,2.004,2.004,-2.004,0.0,0.0,0.0,0.0,0.0,4730.0,-2.4229853104588965e+24,0.0,0.0,0.0,-107615280.0,2.718429300292151e+23,0.0,0.0,0.0,0.0,53,-0.0,126840446976.0,0.0,0.0,0.0,0.0,0.0,0.0,0.0,0,0,0,0.0,0.0,0.0,0.0,0.0,0.0,0.0,0.0,0.0,0.0,0.0,0.0,0.0,0.0,0.0,0.0,0,-107875648.0,53,0.0,106,-107614832.0,0.0,ERR,ERR,ERR,ERR,ERR,ERR,ERR,ERR,ERR,ERR,ERR,ERR,ERR,ERR,ERR,ERR,ERR,ERR,ERR,ERR,ERR,ERR,ERR,ERR,ERR,ERR,ERR,ERR,ERR,ERR,ERR,ERR,ERR,ERR,ERR,ERR,ERR,ERR,ERR,ERR,ERR,ERR,ERR,ERR,ERR,ERR,ERR,ERR,ERR,ERR,ERR,ERR,ERR,ERR,ERR,ERR,ERR,ERR,ERR,ERR,ERR,ERR,ERR,ERR,ERR,ERR,ERR,50.0,60.0,100,0.0,0.0,0.0,0.0,0.0,0.0,0.0,0.0,0.0,0.0,0.0,0.0,0.0,0.0,0.0,0.0,61.6,73,14,65513,50,65476,0,300,0,0,8,20529,65476,0,0,26214,60.0,0.0,0.0,0.0,0.0,0.0
2026-05-17T18:53:46,ERR,ERR,ERR,ERR,ERR,ERR,ERR,ERR,ERR,ERR,ERR,ERR,ERR,ERR,ERR,ERR,ERR,ERR,ERR,ERR,ERR,ERR,ERR,ERR,ERR,ERR,ERR,ERR,ERR,ERR,ERR,ERR,ERR,ERR,ERR,ERR,ERR,ERR,ERR,ERR,ERR,ERR,ERR,ERR,ERR,ERR,ERR,ERR,ERR,ERR,ERR,ERR,ERR,ERR,ERR,ERR,ERR,ERR,ERR,ERR,ERR,ERR,ERR,ERR,ERR,ERR,ERR,ERR,ERR,ERR,ERR,ERR,ERR,ERR,ERR,ERR,ERR,ERR,ERR,ERR,ERR,ERR,ERR,ERR,ERR,ERR,ERR,ERR,ERR,ERR,ERR,ERR,ERR,ERR,ERR,ERR,ERR,ERR,ERR,ERR,ERR,ERR,ERR,ERR,ERR,ERR,ERR,ERR,ERR,ERR,ERR,ERR,ERR,ERR,ERR,ERR,ERR,ERR,ERR,ERR,ERR,ERR,ERR,ERR,ERR,0.0,0.0,-134474944.0,0.0,0.0,1.3936040501711995e+18,7.805,0.0,0,0,4,0,8422,0.0,45,0.0,0.0,0.0,0.0,0.0,0,0,0,0,0.0,0,0,0,0,0,0,0,0,0,0,0,0,0,0,0,0,0,0,0,0,0,0,0,0,0,0,0,0,0,0,0,0,0,38,14,7,45,65476,0,300,0,0,8,21553,0.0,-107605600.0,0.0,0.0,0.0,0.0,0.0,0.0,0.0,0.0,0.0,0.0,0.0,0.0,0.0,0.0,0.0,0.0,0.0,0.0,0.0,0.0,2.004,2.004,-2.004,0.0,0.0,0.0,0.0,0.0,4730.0,-2.4229853104588965e+24,0.0,0.0,0.0,-107615280.0,2.718429300292151e+23,0.0,0.0,0.0,0.0,53,-0.0,126840446976.0,0.0,0.0,0.0,0.0,0.0,0.0,0.0,0,0,0,0.0,0.0,0.0,0.0,0.0,0.0,0.0,0.0,0.0,0.0,0.0,0.0,0.0,0.0,0.0,0.0,0,-107875648.0,53,0.0,106,-107614832.0,0.0,ERR,ERR,ERR,ERR,ERR,ERR,ERR,ERR,ERR,ERR,ERR,ERR,ERR,ERR,ERR,ERR,ERR,ERR,ERR,ERR,ERR,ERR,ERR,ERR,ERR,ERR,ERR,ERR,ERR,ERR,ERR,ERR,ERR,ERR,ERR,ERR,ERR,ERR,ERR,ERR,ERR,ERR,ERR,ERR,ERR,ERR,ERR,ERR,ERR,ERR,ERR,ERR,ERR,ERR,ERR,ERR,ERR,ERR,ERR,ERR,ERR,ERR,ERR,ERR,ERR,ERR,ERR,50.0,60.0,100,0.0,0.0,0.0,0.0,0.0,0.0,0.0,0.0,0.0,0.0,0.0,0.0,0.0,0.0,0.0,0.0,62.0,73,14,65513,50,65476,0,300,0,0,8,20529,65476,0,0,26214,60.0,0.0,0.0,0.0,0.0,0.0
2026-05-17T18:53:47,ERR,ERR,ERR,ERR,ERR,ERR,ERR,ERR,ERR,ERR,ERR,ERR,ERR,ERR,ERR,ERR,ERR,ERR,ERR,ERR,ERR,ERR,ERR,ERR,ERR,ERR,ERR,ERR,ERR,ERR,ERR,ERR,ERR,ERR,ERR,ERR,ERR,ERR,ERR,ERR,ERR,ERR,ERR,ERR,ERR,ERR,ERR,ERR,ERR,ERR,ERR,ERR,ERR,ERR,ERR,ERR,ERR,ERR,ERR,ERR,ERR,ERR,ERR,ERR,ERR,ERR,ERR,ERR,ERR,ERR,ERR,ERR,ERR,ERR,ERR,ERR,ERR,ERR,ERR,ERR,ERR,ERR,ERR,ERR,ERR,ERR,ERR,ERR,ERR,ERR,ERR,ERR,ERR,ERR,ERR,ERR,ERR,ERR,ERR,ERR,ERR,ERR,ERR,ERR,ERR,ERR,ERR,ERR,ERR,ERR,ERR,ERR,ERR,ERR,ERR,ERR,ERR,ERR,ERR,ERR,ERR,ERR,ERR,ERR,ERR,0.0,0.0,-134474944.0,0.0,0.0,1.3936040501711995e+18,7.805,0.0,0,0,4,0,8422,0.0,45,0.0,0.0,0.0,0.0,0.0,0,0,0,0,0.0,0,0,0,0,0,0,0,0,0,0,0,0,0,0,0,0,0,0,0,0,0,0,0,0,0,0,0,0,0,0,0,0,0,38,14,7,45,65476,0,300,0,0,8,21553,0.0,-107605600.0,0.0,0.0,0.0,0.0,0.0,0.0,0.0,0.0,0.0,0.0,0.0,0.0,0.0,0.0,0.0,0.0,0.0,0.0,0.0,0.0,2.004,2.004,-2.004,0.0,0.0,0.0,0.0,0.0,4730.0,-2.4229853104588965e+24,0.0,0.0,0.0,-107615280.0,2.718429300292151e+23,0.0,0.0,0.0,0.0,53,-0.0,126840446976.0,0.0,0.0,0.0,0.0,0.0,0.0,0.0,0,0,0,0.0,0.0,0.0,0.0,0.0,0.0,0.0,0.0,0.0,0.0,0.0,0.0,0.0,0.0,0.0,0.0,0,-107875648.0,53,0.0,106,-107614832.0,0.0,ERR,ERR,ERR,ERR,ERR,ERR,ERR,ERR,ERR,ERR,ERR,ERR,ERR,ERR,ERR,ERR,ERR,ERR,ERR,ERR,ERR,ERR,ERR,ERR,ERR,ERR,ERR,ERR,ERR,ERR,ERR,ERR,ERR,ERR,ERR,ERR,ERR,ERR,ERR,ERR,ERR,ERR,ERR,ERR,ERR,ERR,ERR,ERR,ERR,ERR,ERR,ERR,ERR,ERR,ERR,ERR,ERR,ERR,ERR,ERR,ERR,ERR,ERR,ERR,ERR,ERR,ERR,50.0,60.0,100,0.0,0.0,0.0,0.0,0.0,0.0,0.0,0.0,0.0,0.0,0.0,0.0,0.0,0.0,0.0,0.0,62.0,73,14,65513,50,65476,0,300,0,0,8,20529,65476,0,0,26214,60.0,0.0,0.0,0.0,0.0,0.0
2026-05-17T18:53:48,ERR,ERR,ERR,ERR,ERR,ERR,ERR,ERR,ERR,ERR,ERR,ERR,ERR,ERR,ERR,ERR,ERR,ERR,ERR,ERR,ERR,ERR,ERR,ERR,ERR,ERR,ERR,ERR,ERR,ERR,ERR,ERR,ERR,ERR,ERR,ERR,ERR,ERR,ERR,ERR,ERR,ERR,ERR,ERR,ERR,ERR,ERR,ERR,ERR,ERR,ERR,ERR,ERR,ERR,ERR,ERR,ERR,ERR,ERR,ERR,ERR,ERR,ERR,ERR,ERR,ERR,ERR,ERR,ERR,ERR,ERR,ERR,ERR,ERR,ERR,ERR,ERR,ERR,ERR,ERR,ERR,ERR,ERR,ERR,ERR,ERR,ERR,ERR,ERR,ERR,ERR,ERR,ERR,ERR,ERR,ERR,ERR,ERR,ERR,ERR,ERR,ERR,ERR,ERR,ERR,ERR,ERR,ERR,ERR,ERR,ERR,ERR,ERR,ERR,ERR,ERR,ERR,ERR,ERR,ERR,ERR,ERR,ERR,ERR,ERR,0.0,0.0,-134474944.0,0.0,0.0,1.3936040501711995e+18,7.805,0.0,0,0,4,0,8422,0.0,45,0.0,0.0,0.0,0.0,0.0,0,0,0,0,0.0,0,0,0,0,0,0,0,0,0,0,0,0,0,0,0,0,0,0,0,0,0,0,0,0,0,0,0,0,0,0,0,0,0,38,14,7,45,65476,0,300,0,0,8,21553,0.0,-107605600.0,0.0,0.0,0.0,0.0,0.0,0.0,0.0,0.0,0.0,0.0,0.0,0.0,0.0,0.0,0.0,0.0,0.0,0.0,0.0,0.0,2.004,2.004,-2.004,0.0,0.0,0.0,0.0,0.0,4727.0,-1.5879276530623424e+29,0.0,0.0,0.0,-107615280.0,2.718429300292151e+23,0.0,0.0,0.0,0.0,53,5.848083413016271e+35,-0.0,0.0,0.0,0.0,0.0,0.0,0.0,0.0,0,0,0,0.0,0.0,0.0,0.0,0.0,0.0,0.0,0.0,0.0,0.0,0.0,0.0,0.0,0.0,0.0,0.0,0,-107875648.0,53,0.0,106,-107614832.0,-107351008.0,ERR,ERR,ERR,ERR,ERR,ERR,ERR,ERR,ERR,ERR,ERR,ERR,ERR,ERR,ERR,ERR,ERR,ERR,ERR,ERR,ERR,ERR,ERR,ERR,ERR,ERR,ERR,ERR,ERR,ERR,ERR,ERR,ERR,ERR,ERR,ERR,ERR,ERR,ERR,ERR,ERR,ERR,ERR,ERR,ERR,ERR,ERR,ERR,ERR,ERR,ERR,ERR,ERR,ERR,ERR,ERR,ERR,ERR,ERR,ERR,ERR,ERR,ERR,ERR,ERR,ERR,ERR,50.0,60.0,100,0.0,0.0,0.0,0.0,0.0,0.0,0.0,0.0,0.0,0.0,0.0,0.0,0.0,0.0,0.0,0.0,62.0,73,14,65513,50,65476,0,300,0,0,8,20529,65476,0,0,26214,60.0,0.0,0.0,0.0,0.0,0.0
2026-05-17T18:53:49,ERR,ERR,ERR,ERR,ERR,ERR,ERR,ERR,ERR,ERR,ERR,ERR,ERR,ERR,ERR,ERR,ERR,ERR,ERR,ERR,ERR,ERR,ERR,ERR,ERR,ERR,ERR,ERR,ERR,ERR,ERR,ERR,ERR,ERR,ERR,ERR,ERR,ERR,ERR,ERR,ERR,ERR,ERR,ERR,ERR,ERR,ERR,ERR,ERR,ERR,ERR,ERR,ERR,ERR,ERR,ERR,ERR,ERR,ERR,ERR,ERR,ERR,ERR,ERR,ERR,ERR,ERR,ERR,ERR,ERR,ERR,ERR,ERR,ERR,ERR,ERR,ERR,ERR,ERR,ERR,ERR,ERR,ERR,ERR,ERR,ERR,ERR,ERR,ERR,ERR,ERR,ERR,ERR,ERR,ERR,ERR,ERR,ERR,ERR,ERR,ERR,ERR,ERR,ERR,ERR,ERR,ERR,ERR,ERR,ERR,ERR,ERR,ERR,ERR,ERR,ERR,ERR,ERR,ERR,ERR,ERR,ERR,ERR,ERR,ERR,0.0,0.0,-134474944.0,0.0,0.0,1.3936040501711995e+18,7.805,0.0,0,0,4,0,8422,0.0,45,0.0,0.0,0.0,0.0,0.0,0,0,0,0,0.0,0,0,0,0,0,0,0,0,0,0,0,0,0,0,0,0,0,0,0,0,0,0,0,0,0,0,0,0,0,0,0,0,0,38,14,7,45,65476,0,300,0,0,8,21553,0.0,-107605600.0,0.0,0.0,0.0,0.0,0.0,0.0,0.0,0.0,0.0,0.0,0.0,0.0,0.0,0.0,0.0,0.0,0.0,0.0,0.0,0.0,2.004,2.004,-2.004,0.0,0.0,0.0,0.0,0.0,4727.0,-1.5879276530623424e+29,0.0,0.0,0.0,-107615280.0,2.718429300292151e+23,0.0,0.0,0.0,0.0,53,5.848083413016271e+35,-0.0,0.0,0.0,0.0,0.0,0.0,0.0,0.0,0,0,0,0.0,0.0,0.0,0.0,0.0,0.0,0.0,0.0,0.0,0.0,0.0,0.0,0.0,0.0,0.0,0.0,0,-107875648.0,53,0.0,106,-107614832.0,-107351008.0,ERR,ERR,ERR,ERR,ERR,ERR,ERR,ERR,ERR,ERR,ERR,ERR,ERR,ERR,ERR,ERR,ERR,ERR,ERR,ERR,ERR,ERR,ERR,ERR,ERR,ERR,ERR,ERR,ERR,ERR,ERR,ERR,ERR,ERR,ERR,ERR,ERR,ERR,ERR,ERR,ERR,ERR,ERR,ERR,ERR,ERR,ERR,ERR,ERR,ERR,ERR,ERR,ERR,ERR,ERR,ERR,ERR,ERR,ERR,ERR,ERR,ERR,ERR,ERR,ERR,ERR,ERR,50.0,60.0,100,0.0,0.0,0.0,0.0,0.0,0.0,0.0,0.0,0.0,0.0,0.0,0.0,0.0,0.0,0.0,0.0,62.0,73,14,65513,50,65476,0,300,0,0,8,20529,65476,0,0,26214,60.0,0.0,0.0,0.0,0.0,0.0
2026-05-17T18:53:50,ERR,ERR,ERR,ERR,ERR,ERR,ERR,ERR,ERR,ERR,ERR,ERR,ERR,ERR,ERR,ERR,ERR,ERR,ERR,ERR,ERR,ERR,ERR,ERR,ERR,ERR,ERR,ERR,ERR,ERR,ERR,ERR,ERR,ERR,ERR,ERR,ERR,ERR,ERR,ERR,ERR,ERR,ERR,ERR,ERR,ERR,ERR,ERR,ERR,ERR,ERR,ERR,ERR,ERR,ERR,ERR,ERR,ERR,ERR,ERR,ERR,ERR,ERR,ERR,ERR,ERR,ERR,ERR,ERR,ERR,ERR,ERR,ERR,ERR,ERR,ERR,ERR,ERR,ERR,ERR,ERR,ERR,ERR,ERR,ERR,ERR,ERR,ERR,ERR,ERR,ERR,ERR,ERR,ERR,ERR,ERR,ERR,ERR,ERR,ERR,ERR,ERR,ERR,ERR,ERR,ERR,ERR,ERR,ERR,ERR,ERR,ERR,ERR,ERR,ERR,ERR,ERR,ERR,ERR,ERR,ERR,ERR,ERR,ERR,ERR,0.0,0.0,-134474944.0,0.0,0.0,1.3936040501711995e+18,7.805,0.0,0,0,4,0,8422,0.0,45,0.0,0.0,0.0,0.0,0.0,0,0,0,0,0.0,0,0,0,0,0,0,0,0,0,0,0,0,0,0,0,0,0,0,0,0,0,0,0,0,0,0,0,0,0,0,0,0,0,38,14,7,45,65476,0,300,0,0,8,21553,0.0,-107605600.0,0.0,0.0,0.0,0.0,0.0,0.0,0.0,0.0,0.0,0.0,0.0,0.0,0.0,0.0,0.0,0.0,0.0,0.0,0.0,0.0,2.004,2.004,-2.004,0.0,0.0,0.0,0.0,0.0,4727.0,-1.5879276530623424e+29,0.0,0.0,0.0,-107615280.0,2.718429300292151e+23,0.0,0.0,0.0,0.0,53,5.848083413016271e+35,-0.0,0.0,0.0,0.0,0.0,0.0,0.0,0.0,0,0,0,0.0,0.0,0.0,0.0,0.0,0.0,0.0,0.0,0.0,0.0,0.0,0.0,0.0,0.0,0.0,0.0,0,-107875648.0,53,0.0,106,-107614832.0,-107351008.0,ERR,ERR,ERR,ERR,ERR,ERR,ERR,ERR,ERR,ERR,ERR,ERR,ERR,ERR,ERR,ERR,ERR,ERR,ERR,ERR,ERR,ERR,ERR,ERR,ERR,ERR,ERR,ERR,ERR,ERR,ERR,ERR,ERR,ERR,ERR,ERR,ERR,ERR,ERR,ERR,ERR,ERR,ERR,ERR,ERR,ERR,ERR,ERR,ERR,ERR,ERR,ERR,ERR,ERR,ERR,ERR,ERR,ERR,ERR,ERR,ERR,ERR,ERR,ERR,ERR,ERR,ERR,50.0,60.0,100,0.0,0.0,0.0,0.0,0.0,0.0,0.0,0.0,0.0,0.0,0.0,0.0,0.0,0.0,0.0,0.0,62.0,73,14,65513,50,65476,0,300,0,0,8,20529,65476,0,0,26214,60.0,0.0,0.0,0.0,0.0,0.0
2026-05-17T18:53:51,ERR,ERR,ERR,ERR,ERR,ERR,ERR,ERR,ERR,ERR,ERR,ERR,ERR,ERR,ERR,ERR,ERR,ERR,ERR,ERR,ERR,ERR,ERR,ERR,ERR,ERR,ERR,ERR,ERR,ERR,ERR,ERR,ERR,ERR,ERR,ERR,ERR,ERR,ERR,ERR,ERR,ERR,ERR,ERR,ERR,ERR,ERR,ERR,ERR,ERR,ERR,ERR,ERR,ERR,ERR,ERR,ERR,ERR,ERR,ERR,ERR,ERR,ERR,ERR,ERR,ERR,ERR,ERR,ERR,ERR,ERR,ERR,ERR,ERR,ERR,ERR,ERR,ERR,ERR,ERR,ERR,ERR,ERR,ERR,ERR,ERR,ERR,ERR,ERR,ERR,ERR,ERR,ERR,ERR,ERR,ERR,ERR,ERR,ERR,ERR,ERR,ERR,ERR,ERR,ERR,ERR,ERR,ERR,ERR,ERR,ERR,ERR,ERR,ERR,ERR,ERR,ERR,ERR,ERR,ERR,ERR,ERR,ERR,ERR,ERR,0.0,0.0,-134474944.0,0.0,0.0,1.3936040501711995e+18,7.805,0.0,0,0,4,0,8422,0.0,45,0.0,0.0,0.0,0.0,0.0,0,0,0,0,0.0,0,0,0,0,0,0,0,0,0,0,0,0,0,0,0,0,0,0,0,0,0,0,0,0,0,0,0,0,0,0,0,0,0,38,14,7,45,65476,0,300,0,0,8,21553,0.0,-107605600.0,0.0,0.0,0.0,0.0,0.0,0.0,0.0,0.0,0.0,0.0,0.0,0.0,0.0,0.0,0.0,0.0,0.0,0.0,0.0,0.0,2.004,2.004,-2.004,0.0,0.0,0.0,0.0,0.0,4727.0,-1.5879276530623424e+29,0.0,0.0,0.0,-107615280.0,2.718429300292151e+23,0.0,0.0,0.0,0.0,53,5.848083413016271e+35,-0.0,0.0,0.0,0.0,0.0,0.0,0.0,0.0,0,0,0,0.0,0.0,0.0,0.0,0.0,0.0,0.0,0.0,0.0,0.0,0.0,0.0,0.0,0.0,0.0,0.0,0,-107875648.0,53,0.0,106,-107614832.0,-107351008.0,ERR,ERR,ERR,ERR,ERR,ERR,ERR,ERR,ERR,ERR,ERR,ERR,ERR,ERR,ERR,ERR,ERR,ERR,ERR,ERR,ERR,ERR,ERR,ERR,ERR,ERR,ERR,ERR,ERR,ERR,ERR,ERR,ERR,ERR,ERR,ERR,ERR,ERR,ERR,ERR,ERR,ERR,ERR,ERR,ERR,ERR,ERR,ERR,ERR,ERR,ERR,ERR,ERR,ERR,ERR,ERR,ERR,ERR,ERR,ERR,ERR,ERR,ERR,ERR,ERR,ERR,ERR,50.0,60.0,100,0.0,0.0,0.0,0.0,0.0,0.0,0.0,0.0,0.0,0.0,0.0,0.0,0.0,0.0,0.0,0.0,61.6,73,14,65513,50,65476,0,300,0,0,8,20529,65476,0,0,26214,60.0,0.0,0.0,0.0,0.0,0.0
2026-05-17T18:53:52,ERR,ERR,ERR,ERR,ERR,ERR,ERR,ERR,ERR,ERR,ERR,ERR,ERR,ERR,ERR,ERR,ERR,ERR,ERR,ERR,ERR,ERR,ERR,ERR,ERR,ERR,ERR,ERR,ERR,ERR,ERR,ERR,ERR,ERR,ERR,ERR,ERR,ERR,ERR,ERR,ERR,ERR,ERR,ERR,ERR,ERR,ERR,ERR,ERR,ERR,ERR,ERR,ERR,ERR,ERR,ERR,ERR,ERR,ERR,ERR,ERR,ERR,ERR,ERR,ERR,ERR,ERR,ERR,ERR,ERR,ERR,ERR,ERR,ERR,ERR,ERR,ERR,ERR,ERR,ERR,ERR,ERR,ERR,ERR,ERR,ERR,ERR,ERR,ERR,ERR,ERR,ERR,ERR,ERR,ERR,ERR,ERR,ERR,ERR,ERR,ERR,ERR,ERR,ERR,ERR,ERR,ERR,ERR,ERR,ERR,ERR,ERR,ERR,ERR,ERR,ERR,ERR,ERR,ERR,ERR,ERR,ERR,ERR,ERR,ERR,0.0,0.0,-134474944.0,0.0,0.0,1.3936040501711995e+18,7.805,0.0,0,0,4,0,8422,0.0,45,0.0,0.0,0.0,0.0,0.0,0,0,0,0,0.0,0,0,0,0,0,0,0,0,0,0,0,0,0,0,0,0,0,0,0,0,0,0,0,0,0,0,0,0,0,0,0,0,0,38,14,7,45,65476,0,300,0,0,8,21553,0.0,-107605600.0,0.0,0.0,0.0,0.0,0.0,0.0,0.0,0.0,0.0,0.0,0.0,0.0,0.0,0.0,0.0,0.0,0.0,0.0,0.0,0.0,2.004,2.004,-2.004,0.0,0.0,0.0,0.0,0.0,4727.0,-1.5879276530623424e+29,0.0,0.0,0.0,-107615280.0,2.718429300292151e+23,0.0,0.0,0.0,0.0,53,5.848083413016271e+35,-0.0,0.0,0.0,0.0,0.0,0.0,0.0,0.0,0,0,0,0.0,0.0,0.0,0.0,0.0,0.0,0.0,0.0,0.0,0.0,0.0,0.0,0.0,0.0,0.0,0.0,0,-107875648.0,53,0.0,106,-107614832.0,-107351008.0,ERR,ERR,ERR,ERR,ERR,ERR,ERR,ERR,ERR,ERR,ERR,ERR,ERR,ERR,ERR,ERR,ERR,ERR,ERR,ERR,ERR,ERR,ERR,ERR,ERR,ERR,ERR,ERR,ERR,ERR,ERR,ERR,ERR,ERR,ERR,ERR,ERR,ERR,ERR,ERR,ERR,ERR,ERR,ERR,ERR,ERR,ERR,ERR,ERR,ERR,ERR,ERR,ERR,ERR,ERR,ERR,ERR,ERR,ERR,ERR,ERR,ERR,ERR,ERR,ERR,ERR,ERR,50.0,60.0,100,0.0,0.0,0.0,0.0,0.0,0.0,0.0,0.0,0.0,0.0,0.0,0.0,0.0,0.0,0.0,0.0,61.6,73,14,65513,50,65476,0,300,0,0,8,20529,65476,0,0,26214,60.0,0.0,0.0,0.0,0.0,0.0
2026-05-17T18:53:53,ERR,ERR,ERR,ERR,ERR,ERR,ERR,ERR,ERR,ERR,ERR,ERR,ERR,ERR,ERR,ERR,ERR,ERR,ERR,ERR,ERR,ERR,ERR,ERR,ERR,ERR,ERR,ERR,ERR,ERR,ERR,ERR,ERR,ERR,ERR,ERR,ERR,ERR,ERR,ERR,ERR,ERR,ERR,ERR,ERR,ERR,ERR,ERR,ERR,ERR,ERR,ERR,ERR,ERR,ERR,ERR,ERR,ERR,ERR,ERR,ERR,ERR,ERR,ERR,ERR,ERR,ERR,ERR,ERR,ERR,ERR,ERR,ERR,ERR,ERR,ERR,ERR,ERR,ERR,ERR,ERR,ERR,ERR,ERR,ERR,ERR,ERR,ERR,ERR,ERR,ERR,ERR,ERR,ERR,ERR,ERR,ERR,ERR,ERR,ERR,ERR,ERR,ERR,ERR,ERR,ERR,ERR,ERR,ERR,ERR,ERR,ERR,ERR,ERR,ERR,ERR,ERR,ERR,ERR,ERR,ERR,ERR,ERR,ERR,ERR,0.0,0.0,-134474944.0,0.0,0.0,1.3936040501711995e+18,7.805,0.0,0,0,4,0,8422,0.0,45,0.0,0.0,0.0,0.0,0.0,0,0,0,0,0.0,0,0,0,0,0,0,0,0,0,0,0,0,0,0,0,0,0,0,0,0,0,0,0,0,0,0,0,0,0,0,0,0,0,38,14,7,45,65476,0,300,0,0,8,21553,0.0,-107605600.0,0.0,0.0,0.0,0.0,0.0,0.0,0.0,0.0,0.0,0.0,0.0,0.0,0.0,0.0,0.0,0.0,0.0,0.0,0.0,0.0,2.004,2.004,-2.004,0.0,0.0,0.0,0.0,0.0,4791.0,1.587928030851661e+29,0.0,0.0,0.0,0.0,2.718429300292151e+23,0.0,0.0,0.0,0.0,53,-0.0,2.718415789493269e+23,0.0,0.0,0.0,0.0,0.0,0.0,0.0,0,0,0,0.0,0.0,0.0,0.0,0.0,0.0,0.0,0.0,0.0,0.0,0.0,0.0,0.0,0.0,0.0,0.0,0,-107875648.0,53,0.0,106,-107614832.0,-107351008.0,ERR,ERR,ERR,ERR,ERR,ERR,ERR,ERR,ERR,ERR,ERR,ERR,ERR,ERR,ERR,ERR,ERR,ERR,ERR,ERR,ERR,ERR,ERR,ERR,ERR,ERR,ERR,ERR,ERR,ERR,ERR,ERR,ERR,ERR,ERR,ERR,ERR,ERR,ERR,ERR,ERR,ERR,ERR,ERR,ERR,ERR,ERR,ERR,ERR,ERR,ERR,ERR,ERR,ERR,ERR,ERR,ERR,ERR,ERR,ERR,ERR,ERR,ERR,ERR,ERR,ERR,ERR,50.0,60.0,100,0.0,0.0,0.0,0.0,0.0,0.0,0.0,0.0,0.0,0.0,0.0,0.0,0.0,0.0,0.0,0.0,62.0,73,14,65513,50,65476,0,300,0,0,8,20529,65476,0,0,26214,60.0,0.0,0.0,0.0,0.0,0.0
2026-05-17T18:53:54,ERR,ERR,ERR,ERR,ERR,ERR,ERR,ERR,ERR,ERR,ERR,ERR,ERR,ERR,ERR,ERR,ERR,ERR,ERR,ERR,ERR,ERR,ERR,ERR,ERR,ERR,ERR,ERR,ERR,ERR,ERR,ERR,ERR,ERR,ERR,ERR,ERR,ERR,ERR,ERR,ERR,ERR,ERR,ERR,ERR,ERR,ERR,ERR,ERR,ERR,ERR,ERR,ERR,ERR,ERR,ERR,ERR,ERR,ERR,ERR,ERR,ERR,ERR,ERR,ERR,ERR,ERR,ERR,ERR,ERR,ERR,ERR,ERR,ERR,ERR,ERR,ERR,ERR,ERR,ERR,ERR,ERR,ERR,ERR,ERR,ERR,ERR,ERR,ERR,ERR,ERR,ERR,ERR,ERR,ERR,ERR,ERR,ERR,ERR,ERR,ERR,ERR,ERR,ERR,ERR,ERR,ERR,ERR,ERR,ERR,ERR,ERR,ERR,ERR,ERR,ERR,ERR,ERR,ERR,ERR,ERR,ERR,ERR,ERR,ERR,0.0,0.0,-134474944.0,0.0,0.0,1.3936040501711995e+18,7.805,0.0,0,0,4,0,8422,0.0,45,0.0,0.0,0.0,0.0,0.0,0,0,0,0,0.0,0,0,0,0,0,0,0,0,0,0,0,0,0,0,0,0,0,0,0,0,0,0,0,0,0,0,0,0,0,0,0,0,0,38,14,7,45,65476,0,300,0,0,8,21553,0.0,-107605600.0,0.0,0.0,0.0,0.0,0.0,0.0,0.0,0.0,0.0,0.0,0.0,0.0,0.0,0.0,0.0,0.0,0.0,0.0,0.0,0.0,2.004,2.004,-2.004,0.0,0.0,0.0,0.0,0.0,4791.0,1.587928030851661e+29,0.0,0.0,0.0,0.0,2.718429300292151e+23,0.0,0.0,0.0,0.0,53,-0.0,2.718415789493269e+23,0.0,0.0,0.0,0.0,0.0,0.0,0.0,0,0,0,0.0,0.0,0.0,0.0,0.0,0.0,0.0,0.0,0.0,0.0,0.0,0.0,0.0,0.0,0.0,0.0,0,-107875648.0,53,0.0,106,-107614832.0,-107351008.0,ERR,ERR,ERR,ERR,ERR,ERR,ERR,ERR,ERR,ERR,ERR,ERR,ERR,ERR,ERR,ERR,ERR,ERR,ERR,ERR,ERR,ERR,ERR,ERR,ERR,ERR,ERR,ERR,ERR,ERR,ERR,ERR,ERR,ERR,ERR,ERR,ERR,ERR,ERR,ERR,ERR,ERR,ERR,ERR,ERR,ERR,ERR,ERR,ERR,ERR,ERR,ERR,ERR,ERR,ERR,ERR,ERR,ERR,ERR,ERR,ERR,ERR,ERR,ERR,ERR,ERR,ERR,50.0,60.0,100,0.0,0.0,0.0,0.0,0.0,0.0,0.0,0.0,0.0,0.0,0.0,0.0,0.0,0.0,0.0,0.0,62.0,73,14,65513,50,65476,0,300,0,0,8,20529,65476,0,0,26214,60.0,0.0,0.0,0.0,0.0,0.0
2026-05-17T18:53:55,ERR,ERR,ERR,ERR,ERR,ERR,ERR,ERR,ERR,ERR,ERR,ERR,ERR,ERR,ERR,ERR,ERR,ERR,ERR,ERR,ERR,ERR,ERR,ERR,ERR,ERR,ERR,ERR,ERR,ERR,ERR,ERR,ERR,ERR,ERR,ERR,ERR,ERR,ERR,ERR,ERR,ERR,ERR,ERR,ERR,ERR,ERR,ERR,ERR,ERR,ERR,ERR,ERR,ERR,ERR,ERR,ERR,ERR,ERR,ERR,ERR,ERR,ERR,ERR,ERR,ERR,ERR,ERR,ERR,ERR,ERR,ERR,ERR,ERR,ERR,ERR,ERR,ERR,ERR,ERR,ERR,ERR,ERR,ERR,ERR,ERR,ERR,ERR,ERR,ERR,ERR,ERR,ERR,ERR,ERR,ERR,ERR,ERR,ERR,ERR,ERR,ERR,ERR,ERR,ERR,ERR,ERR,ERR,ERR,ERR,ERR,ERR,ERR,ERR,ERR,ERR,ERR,ERR,ERR,ERR,ERR,ERR,ERR,ERR,ERR,0.0,0.0,-134474944.0,0.0,0.0,1.3936040501711995e+18,7.805,0.0,0,0,4,0,8422,0.0,45,0.0,0.0,0.0,0.0,0.0,0,0,0,0,0.0,0,0,0,0,0,0,0,0,0,0,0,0,0,0,0,0,0,0,0,0,0,0,0,0,0,0,0,0,0,0,0,0,0,38,14,7,45,65476,0,300,0,0,8,21553,0.0,-107605600.0,0.0,0.0,0.0,0.0,0.0,0.0,0.0,0.0,0.0,0.0,0.0,0.0,0.0,0.0,0.0,0.0,0.0,0.0,0.0,0.0,2.004,2.004,-2.004,0.0,0.0,0.0,0.0,0.0,4791.0,1.587928030851661e+29,0.0,0.0,0.0,0.0,2.718429300292151e+23,0.0,0.0,0.0,0.0,53,-0.0,2.718415789493269e+23,0.0,0.0,0.0,0.0,0.0,0.0,0.0,0,0,0,0.0,0.0,0.0,0.0,0.0,0.0,0.0,0.0,0.0,0.0,0.0,0.0,0.0,0.0,0.0,0.0,0,-107875648.0,53,0.0,106,-107614832.0,-107351008.0,ERR,ERR,ERR,ERR,ERR,ERR,ERR,ERR,ERR,ERR,ERR,ERR,ERR,ERR,ERR,ERR,ERR,ERR,ERR,ERR,ERR,ERR,ERR,ERR,ERR,ERR,ERR,ERR,ERR,ERR,ERR,ERR,ERR,ERR,ERR,ERR,ERR,ERR,ERR,ERR,ERR,ERR,ERR,ERR,ERR,ERR,ERR,ERR,ERR,ERR,ERR,ERR,ERR,ERR,ERR,ERR,ERR,ERR,ERR,ERR,ERR,ERR,ERR,ERR,ERR,ERR,ERR,50.0,60.0,100,0.0,0.0,0.0,0.0,0.0,0.0,0.0,0.0,0.0,0.0,0.0,0.0,0.0,0.0,0.0,0.0,61.6,73,14,65513,50,65476,0,300,0,0,8,20529,65476,0,0,26214,60.0,0.0,0.0,0.0,0.0,0.0
2026-05-17T18:53:56,ERR,ERR,ERR,ERR,ERR,ERR,ERR,ERR,ERR,ERR,ERR,ERR,ERR,ERR,ERR,ERR,ERR,ERR,ERR,ERR,ERR,ERR,ERR,ERR,ERR,ERR,ERR,ERR,ERR,ERR,ERR,ERR,ERR,ERR,ERR,ERR,ERR,ERR,ERR,ERR,ERR,ERR,ERR,ERR,ERR,ERR,ERR,ERR,ERR,ERR,ERR,ERR,ERR,ERR,ERR,ERR,ERR,ERR,ERR,ERR,ERR,ERR,ERR,ERR,ERR,ERR,ERR,ERR,ERR,ERR,ERR,ERR,ERR,ERR,ERR,ERR,ERR,ERR,ERR,ERR,ERR,ERR,ERR,ERR,ERR,ERR,ERR,ERR,ERR,ERR,ERR,ERR,ERR,ERR,ERR,ERR,ERR,ERR,ERR,ERR,ERR,ERR,ERR,ERR,ERR,ERR,ERR,ERR,ERR,ERR,ERR,ERR,ERR,ERR,ERR,ERR,ERR,ERR,ERR,ERR,ERR,ERR,ERR,ERR,ERR,0.0,0.0,-134474944.0,0.0,0.0,1.3936040501711995e+18,7.805,0.0,0,0,4,0,8422,0.0,45,0.0,0.0,0.0,0.0,0.0,0,0,0,0,0.0,0,0,0,0,0,0,0,0,0,0,0,0,0,0,0,0,0,0,0,0,0,0,0,0,0,0,0,0,0,0,0,0,0,38,14,7,45,65476,0,300,0,0,8,21553,0.0,-107605600.0,0.0,0.0,0.0,0.0,0.0,0.0,0.0,0.0,0.0,0.0,0.0,0.0,0.0,0.0,0.0,0.0,0.0,0.0,0.0,0.0,2.004,2.004,-2.004,0.0,0.0,0.0,0.0,0.0,4791.0,1.587928030851661e+29,0.0,0.0,0.0,0.0,2.718429300292151e+23,0.0,0.0,0.0,0.0,53,-0.0,2.718415789493269e+23,0.0,0.0,0.0,0.0,0.0,0.0,0.0,0,0,0,0.0,0.0,0.0,0.0,0.0,0.0,0.0,0.0,0.0,0.0,0.0,0.0,0.0,0.0,0.0,0.0,0,-107875648.0,53,0.0,106,-107614832.0,-107351008.0,ERR,ERR,ERR,ERR,ERR,ERR,ERR,ERR,ERR,ERR,ERR,ERR,ERR,ERR,ERR,ERR,ERR,ERR,ERR,ERR,ERR,ERR,ERR,ERR,ERR,ERR,ERR,ERR,ERR,ERR,ERR,ERR,ERR,ERR,ERR,ERR,ERR,ERR,ERR,ERR,ERR,ERR,ERR,ERR,ERR,ERR,ERR,ERR,ERR,ERR,ERR,ERR,ERR,ERR,ERR,ERR,ERR,ERR,ERR,ERR,ERR,ERR,ERR,ERR,ERR,ERR,ERR,50.0,60.0,100,0.0,0.0,0.0,0.0,0.0,0.0,0.0,0.0,0.0,0.0,0.0,0.0,0.0,0.0,0.0,0.0,61.6,73,14,65513,50,65476,0,300,0,0,8,20529,65476,0,0,26214,60.0,0.0,0.0,0.0,0.0,0.0
2026-05-17T18:53:57,ERR,ERR,ERR,ERR,ERR,ERR,ERR,ERR,ERR,ERR,ERR,ERR,ERR,ERR,ERR,ERR,ERR,ERR,ERR,ERR,ERR,ERR,ERR,ERR,ERR,ERR,ERR,ERR,ERR,ERR,ERR,ERR,ERR,ERR,ERR,ERR,ERR,ERR,ERR,ERR,ERR,ERR,ERR,ERR,ERR,ERR,ERR,ERR,ERR,ERR,ERR,ERR,ERR,ERR,ERR,ERR,ERR,ERR,ERR,ERR,ERR,ERR,ERR,ERR,ERR,ERR,ERR,ERR,ERR,ERR,ERR,ERR,ERR,ERR,ERR,ERR,ERR,ERR,ERR,ERR,ERR,ERR,ERR,ERR,ERR,ERR,ERR,ERR,ERR,ERR,ERR,ERR,ERR,ERR,ERR,ERR,ERR,ERR,ERR,ERR,ERR,ERR,ERR,ERR,ERR,ERR,ERR,ERR,ERR,ERR,ERR,ERR,ERR,ERR,ERR,ERR,ERR,ERR,ERR,ERR,ERR,ERR,ERR,ERR,ERR,0.0,0.0,-134474944.0,0.0,0.0,1.3936040501711995e+18,7.805,0.0,0,0,4,0,8422,0.0,45,0.0,0.0,0.0,0.0,0.0,0,0,0,0,0.0,0,0,0,0,0,0,0,0,0,0,0,0,0,0,0,0,0,0,0,0,0,0,0,0,0,0,0,0,0,0,0,0,0,38,14,7,45,65476,0,300,0,0,8,21553,0.0,-107605600.0,0.0,0.0,0.0,0.0,0.0,0.0,0.0,0.0,0.0,0.0,0.0,0.0,0.0,0.0,0.0,0.0,0.0,0.0,0.0,0.0,2.004,2.004,-2.004,0.0,0.0,0.0,0.0,0.0,4791.0,1.587928030851661e+29,0.0,0.0,0.0,0.0,2.718429300292151e+23,0.0,0.0,0.0,0.0,53,-0.0,2.718415789493269e+23,0.0,0.0,0.0,0.0,0.0,0.0,0.0,0,0,0,0.0,0.0,0.0,0.0,0.0,0.0,0.0,0.0,0.0,0.0,0.0,0.0,0.0,0.0,0.0,0.0,0,-107875648.0,53,0.0,106,-107614832.0,-107351008.0,ERR,ERR,ERR,ERR,ERR,ERR,ERR,ERR,ERR,ERR,ERR,ERR,ERR,ERR,ERR,ERR,ERR,ERR,ERR,ERR,ERR,ERR,ERR,ERR,ERR,ERR,ERR,ERR,ERR,ERR,ERR,ERR,ERR,ERR,ERR,ERR,ERR,ERR,ERR,ERR,ERR,ERR,ERR,ERR,ERR,ERR,ERR,ERR,ERR,ERR,ERR,ERR,ERR,ERR,ERR,ERR,ERR,ERR,ERR,ERR,ERR,ERR,ERR,ERR,ERR,ERR,ERR,50.0,60.0,100,0.0,0.0,0.0,0.0,0.0,0.0,0.0,0.0,0.0,0.0,0.0,0.0,0.0,0.0,0.0,0.0,61.6,73,14,65513,50,65476,0,300,0,0,8,20529,65476,0,0,26214,60.0,0.0,0.0,0.0,0.0,0.0
2026-05-17T18:53:58,ERR,ERR,ERR,ERR,ERR,ERR,ERR,ERR,ERR,ERR,ERR,ERR,ERR,ERR,ERR,ERR,ERR,ERR,ERR,ERR,ERR,ERR,ERR,ERR,ERR,ERR,ERR,ERR,ERR,ERR,ERR,ERR,ERR,ERR,ERR,ERR,ERR,ERR,ERR,ERR,ERR,ERR,ERR,ERR,ERR,ERR,ERR,ERR,ERR,ERR,ERR,ERR,ERR,ERR,ERR,ERR,ERR,ERR,ERR,ERR,ERR,ERR,ERR,ERR,ERR,ERR,ERR,ERR,ERR,ERR,ERR,ERR,ERR,ERR,ERR,ERR,ERR,ERR,ERR,ERR,ERR,ERR,ERR,ERR,ERR,ERR,ERR,ERR,ERR,ERR,ERR,ERR,ERR,ERR,ERR,ERR,ERR,ERR,ERR,ERR,ERR,ERR,ERR,ERR,ERR,ERR,ERR,ERR,ERR,ERR,ERR,ERR,ERR,ERR,ERR,ERR,ERR,ERR,ERR,ERR,ERR,ERR,ERR,ERR,ERR,0.0,0.0,-134474944.0,0.0,0.0,1.3936040501711995e+18,7.805,0.0,0,0,4,0,8422,0.0,45,0.0,0.0,0.0,0.0,0.0,0,0,0,0,0.0,0,0,0,0,0,0,0,0,0,0,0,0,0,0,0,0,0,0,0,0,0,0,0,0,0,0,0,0,0,0,0,0,0,38,14,7,45,65476,0,300,0,0,8,21553,0.0,-107605600.0,0.0,0.0,0.0,0.0,0.0,0.0,0.0,0.0,0.0,0.0,0.0,0.0,0.0,0.0,0.0,0.0,0.0,0.0,0.0,0.0,2.004,2.004,-2.004,0.0,0.0,0.0,0.0,0.0,4795.0,3.69718305499214e+19,0.0,0.0,0.0,0.0,2.718429300292151e+23,0.0,0.0,0.0,0.0,53,-0.0,126840463360.0,0.0,0.0,0.0,0.0,0.0,0.0,0.0,0,0,0,0.0,0.0,0.0,0.0,0.0,0.0,0.0,0.0,0.0,0.0,0.0,0.0,0.0,0.0,0.0,0.0,0,-107875648.0,53,0.0,106,-107614832.0,-107351008.0,ERR,ERR,ERR,ERR,ERR,ERR,ERR,ERR,ERR,ERR,ERR,ERR,ERR,ERR,ERR,ERR,ERR,ERR,ERR,ERR,ERR,ERR,ERR,ERR,ERR,ERR,ERR,ERR,ERR,ERR,ERR,ERR,ERR,ERR,ERR,ERR,ERR,ERR,ERR,ERR,ERR,ERR,ERR,ERR,ERR,ERR,ERR,ERR,ERR,ERR,ERR,ERR,ERR,ERR,ERR,ERR,ERR,ERR,ERR,ERR,ERR,ERR,ERR,ERR,ERR,ERR,ERR,50.0,60.0,100,0.0,0.0,0.0,0.0,0.0,0.0,0.0,0.0,0.0,0.0,0.0,0.0,0.0,0.0,0.0,0.0,62.0,73,14,65513,50,65476,0,300,0,0,8,20529,65476,0,0,26214,60.0,0.0,0.0,0.0,0.0,0.0
2026-05-17T18:53:59,ERR,ERR,ERR,ERR,ERR,ERR,ERR,ERR,ERR,ERR,ERR,ERR,ERR,ERR,ERR,ERR,ERR,ERR,ERR,ERR,ERR,ERR,ERR,ERR,ERR,ERR,ERR,ERR,ERR,ERR,ERR,ERR,ERR,ERR,ERR,ERR,ERR,ERR,ERR,ERR,ERR,ERR,ERR,ERR,ERR,ERR,ERR,ERR,ERR,ERR,ERR,ERR,ERR,ERR,ERR,ERR,ERR,ERR,ERR,ERR,ERR,ERR,ERR,ERR,ERR,ERR,ERR,ERR,ERR,ERR,ERR,ERR,ERR,ERR,ERR,ERR,ERR,ERR,ERR,ERR,ERR,ERR,ERR,ERR,ERR,ERR,ERR,ERR,ERR,ERR,ERR,ERR,ERR,ERR,ERR,ERR,ERR,ERR,ERR,ERR,ERR,ERR,ERR,ERR,ERR,ERR,ERR,ERR,ERR,ERR,ERR,ERR,ERR,ERR,ERR,ERR,ERR,ERR,ERR,ERR,ERR,ERR,ERR,ERR,ERR,0.0,0.0,-134474944.0,0.0,0.0,1.3936040501711995e+18,7.805,0.0,0,0,4,0,8422,0.0,45,0.0,0.0,0.0,0.0,0.0,0,0,0,0,0.0,0,0,0,0,0,0,0,0,0,0,0,0,0,0,0,0,0,0,0,0,0,0,0,0,0,0,0,0,0,0,0,0,0,38,14,7,45,65476,0,300,0,0,8,21553,0.0,-107605600.0,0.0,0.0,0.0,0.0,0.0,0.0,0.0,0.0,0.0,0.0,0.0,0.0,0.0,0.0,0.0,0.0,0.0,0.0,0.0,0.0,2.004,2.004,-2.004,0.0,0.0,0.0,0.0,0.0,4795.0,3.69718305499214e+19,0.0,0.0,0.0,0.0,2.718429300292151e+23,0.0,0.0,0.0,0.0,53,-0.0,126840463360.0,0.0,0.0,0.0,0.0,0.0,0.0,0.0,0,0,0,0.0,0.0,0.0,0.0,0.0,0.0,0.0,0.0,0.0,0.0,0.0,0.0,0.0,0.0,0.0,0.0,0,-107875648.0,53,0.0,106,-107614832.0,-107351008.0,ERR,ERR,ERR,ERR,ERR,ERR,ERR,ERR,ERR,ERR,ERR,ERR,ERR,ERR,ERR,ERR,ERR,ERR,ERR,ERR,ERR,ERR,ERR,ERR,ERR,ERR,ERR,ERR,ERR,ERR,ERR,ERR,ERR,ERR,ERR,ERR,ERR,ERR,ERR,ERR,ERR,ERR,ERR,ERR,ERR,ERR,ERR,ERR,ERR,ERR,ERR,ERR,ERR,ERR,ERR,ERR,ERR,ERR,ERR,ERR,ERR,ERR,ERR,ERR,ERR,ERR,ERR,50.0,60.0,100,0.0,0.0,0.0,0.0,0.0,0.0,0.0,0.0,0.0,0.0,0.0,0.0,0.0,0.0,0.0,0.0,62.0,73,14,65513,50,65476,0,300,0,0,8,20529,65476,0,0,26214,60.0,0.0,0.0,0.0,0.0,0.0
2026-05-17T18:54:00,ERR,ERR,ERR,ERR,ERR,ERR,ERR,ERR,ERR,ERR,ERR,ERR,ERR,ERR,ERR,ERR,ERR,ERR,ERR,ERR,ERR,ERR,ERR,ERR,ERR,ERR,ERR,ERR,ERR,ERR,ERR,ERR,ERR,ERR,ERR,ERR,ERR,ERR,ERR,ERR,ERR,ERR,ERR,ERR,ERR,ERR,ERR,ERR,ERR,ERR,ERR,ERR,ERR,ERR,ERR,ERR,ERR,ERR,ERR,ERR,ERR,ERR,ERR,ERR,ERR,ERR,ERR,ERR,ERR,ERR,ERR,ERR,ERR,ERR,ERR,ERR,ERR,ERR,ERR,ERR,ERR,ERR,ERR,ERR,ERR,ERR,ERR,ERR,ERR,ERR,ERR,ERR,ERR,ERR,ERR,ERR,ERR,ERR,ERR,ERR,ERR,ERR,ERR,ERR,ERR,ERR,ERR,ERR,ERR,ERR,ERR,ERR,ERR,ERR,ERR,ERR,ERR,ERR,ERR,ERR,ERR,ERR,ERR,ERR,ERR,0.0,0.0,-134474944.0,0.0,0.0,1.3936040501711995e+18,7.805,0.0,0,0,4,0,8422,0.0,45,0.0,0.0,0.0,0.0,0.0,0,0,0,0,0.0,0,0,0,0,0,0,0,0,0,0,0,0,0,0,0,0,0,0,0,0,0,0,0,0,0,0,0,0,0,0,0,0,0,38,14,7,45,65476,0,300,0,0,8,21553,0.0,-107605600.0,0.0,0.0,0.0,0.0,0.0,0.0,0.0,0.0,0.0,0.0,0.0,0.0,0.0,0.0,0.0,0.0,0.0,0.0,0.0,0.0,2.004,2.004,-2.004,0.0,0.0,0.0,0.0,0.0,4795.0,3.69718305499214e+19,0.0,0.0,0.0,0.0,2.718429300292151e+23,0.0,0.0,0.0,0.0,53,-0.0,126840463360.0,0.0,0.0,0.0,0.0,0.0,0.0,0.0,0,0,0,0.0,0.0,0.0,0.0,0.0,0.0,0.0,0.0,0.0,0.0,0.0,0.0,0.0,0.0,0.0,0.0,0,-107875648.0,53,0.0,106,-107614832.0,-107351008.0,ERR,ERR,ERR,ERR,ERR,ERR,ERR,ERR,ERR,ERR,ERR,ERR,ERR,ERR,ERR,ERR,ERR,ERR,ERR,ERR,ERR,ERR,ERR,ERR,ERR,ERR,ERR,ERR,ERR,ERR,ERR,ERR,ERR,ERR,ERR,ERR,ERR,ERR,ERR,ERR,ERR,ERR,ERR,ERR,ERR,ERR,ERR,ERR,ERR,ERR,ERR,ERR,ERR,ERR,ERR,ERR,ERR,ERR,ERR,ERR,ERR,ERR,ERR,ERR,ERR,ERR,ERR,50.0,60.0,100,0.0,0.0,0.0,0.0,0.0,0.0,0.0,0.0,0.0,0.0,0.0,0.0,0.0,0.0,0.0,0.0,62.0,73,14,65513,50,65476,0,300,0,0,8,20529,65476,0,0,26214,60.0,0.0,0.0,0.0,0.0,0.0
2026-05-17T18:54:01,ERR,ERR,ERR,ERR,ERR,ERR,ERR,ERR,ERR,ERR,ERR,ERR,ERR,ERR,ERR,ERR,ERR,ERR,ERR,ERR,ERR,ERR,ERR,ERR,ERR,ERR,ERR,ERR,ERR,ERR,ERR,ERR,ERR,ERR,ERR,ERR,ERR,ERR,ERR,ERR,ERR,ERR,ERR,ERR,ERR,ERR,ERR,ERR,ERR,ERR,ERR,ERR,ERR,ERR,ERR,ERR,ERR,ERR,ERR,ERR,ERR,ERR,ERR,ERR,ERR,ERR,ERR,ERR,ERR,ERR,ERR,ERR,ERR,ERR,ERR,ERR,ERR,ERR,ERR,ERR,ERR,ERR,ERR,ERR,ERR,ERR,ERR,ERR,ERR,ERR,ERR,ERR,ERR,ERR,ERR,ERR,ERR,ERR,ERR,ERR,ERR,ERR,ERR,ERR,ERR,ERR,ERR,ERR,ERR,ERR,ERR,ERR,ERR,ERR,ERR,ERR,ERR,ERR,ERR,ERR,ERR,ERR,ERR,ERR,ERR,0.0,0.0,-134474944.0,0.0,0.0,1.3936040501711995e+18,7.805,0.0,0,0,4,0,8422,0.0,45,0.0,0.0,0.0,0.0,0.0,0,0,0,0,0.0,0,0,0,0,0,0,0,0,0,0,0,0,0,0,0,0,0,0,0,0,0,0,0,0,0,0,0,0,0,0,0,0,0,38,14,7,45,65476,0,300,0,0,8,21553,0.0,-107605600.0,0.0,0.0,0.0,0.0,0.0,0.0,0.0,0.0,0.0,0.0,0.0,0.0,0.0,0.0,0.0,0.0,0.0,0.0,0.0,0.0,2.004,2.004,-2.004,0.0,0.0,0.0,0.0,0.0,4795.0,3.69718305499214e+19,0.0,0.0,0.0,0.0,2.718429300292151e+23,0.0,0.0,0.0,0.0,53,-0.0,126840463360.0,0.0,0.0,0.0,0.0,0.0,0.0,0.0,0,0,0,0.0,0.0,0.0,0.0,0.0,0.0,0.0,0.0,0.0,0.0,0.0,0.0,0.0,0.0,0.0,0.0,0,-107875648.0,53,0.0,106,-107614832.0,-107351008.0,ERR,ERR,ERR,ERR,ERR,ERR,ERR,ERR,ERR,ERR,ERR,ERR,ERR,ERR,ERR,ERR,ERR,ERR,ERR,ERR,ERR,ERR,ERR,ERR,ERR,ERR,ERR,ERR,ERR,ERR,ERR,ERR,ERR,ERR,ERR,ERR,ERR,ERR,ERR,ERR,ERR,ERR,ERR,ERR,ERR,ERR,ERR,ERR,ERR,ERR,ERR,ERR,ERR,ERR,ERR,ERR,ERR,ERR,ERR,ERR,ERR,ERR,ERR,ERR,ERR,ERR,ERR,50.0,60.0,100,0.0,0.0,0.0,0.0,0.0,0.0,0.0,0.0,0.0,0.0,0.0,0.0,0.0,0.0,0.0,0.0,62.0,73,14,65513,50,65476,0,300,0,0,8,20529,65476,0,0,26214,60.0,0.0,0.0,0.0,0.0,0.0
2026-05-17T18:54:02,ERR,ERR,ERR,ERR,ERR,ERR,ERR,ERR,ERR,ERR,ERR,ERR,ERR,ERR,ERR,ERR,ERR,ERR,ERR,ERR,ERR,ERR,ERR,ERR,ERR,ERR,ERR,ERR,ERR,ERR,ERR,ERR,ERR,ERR,ERR,ERR,ERR,ERR,ERR,ERR,ERR,ERR,ERR,ERR,ERR,ERR,ERR,ERR,ERR,ERR,ERR,ERR,ERR,ERR,ERR,ERR,ERR,ERR,ERR,ERR,ERR,ERR,ERR,ERR,ERR,ERR,ERR,ERR,ERR,ERR,ERR,ERR,ERR,ERR,ERR,ERR,ERR,ERR,ERR,ERR,ERR,ERR,ERR,ERR,ERR,ERR,ERR,ERR,ERR,ERR,ERR,ERR,ERR,ERR,ERR,ERR,ERR,ERR,ERR,ERR,ERR,ERR,ERR,ERR,ERR,ERR,ERR,ERR,ERR,ERR,ERR,ERR,ERR,ERR,ERR,ERR,ERR,ERR,ERR,ERR,ERR,ERR,ERR,ERR,ERR,0.0,0.0,-134474944.0,0.0,0.0,1.3936040501711995e+18,7.805,0.0,0,0,4,0,8422,0.0,45,0.0,0.0,0.0,0.0,0.0,0,0,0,0,0.0,0,0,0,0,0,0,0,0,0,0,0,0,0,0,0,0,0,0,0,0,0,0,0,0,0,0,0,0,0,0,0,0,0,38,14,7,45,65476,0,300,0,0,8,21553,0.0,-107605600.0,0.0,0.0,0.0,0.0,0.0,0.0,0.0,0.0,0.0,0.0,0.0,0.0,0.0,0.0,0.0,0.0,0.0,0.0,0.0,0.0,2.004,2.004,-2.004,0.0,0.0,0.0,0.0,0.0,4795.0,3.69718305499214e+19,0.0,0.0,0.0,0.0,2.718429300292151e+23,0.0,0.0,0.0,0.0,53,-0.0,126840463360.0,0.0,0.0,0.0,0.0,0.0,0.0,0.0,0,0,0,0.0,0.0,0.0,0.0,0.0,0.0,0.0,0.0,0.0,0.0,0.0,0.0,0.0,0.0,0.0,0.0,0,-107875648.0,53,0.0,106,-107614832.0,-107351008.0,ERR,ERR,ERR,ERR,ERR,ERR,ERR,ERR,ERR,ERR,ERR,ERR,ERR,ERR,ERR,ERR,ERR,ERR,ERR,ERR,ERR,ERR,ERR,ERR,ERR,ERR,ERR,ERR,ERR,ERR,ERR,ERR,ERR,ERR,ERR,ERR,ERR,ERR,ERR,ERR,ERR,ERR,ERR,ERR,ERR,ERR,ERR,ERR,ERR,ERR,ERR,ERR,ERR,ERR,ERR,ERR,ERR,ERR,ERR,ERR,ERR,ERR,ERR,ERR,ERR,ERR,ERR,50.0,60.0,100,0.0,0.0,0.0,0.0,0.0,0.0,0.0,0.0,0.0,0.0,0.0,0.0,0.0,0.0,0.0,0.0,61.6,73,14,65513,50,65476,0,300,0,0,8,20529,65476,0,0,26214,60.0,0.0,0.0,0.0,0.0,0.0
2026-05-17T18:54:03,ERR,ERR,ERR,ERR,ERR,ERR,ERR,ERR,ERR,ERR,ERR,ERR,ERR,ERR,ERR,ERR,ERR,ERR,ERR,ERR,ERR,ERR,ERR,ERR,ERR,ERR,ERR,ERR,ERR,ERR,ERR,ERR,ERR,ERR,ERR,ERR,ERR,ERR,ERR,ERR,ERR,ERR,ERR,ERR,ERR,ERR,ERR,ERR,ERR,ERR,ERR,ERR,ERR,ERR,ERR,ERR,ERR,ERR,ERR,ERR,ERR,ERR,ERR,ERR,ERR,ERR,ERR,ERR,ERR,ERR,ERR,ERR,ERR,ERR,ERR,ERR,ERR,ERR,ERR,ERR,ERR,ERR,ERR,ERR,ERR,ERR,ERR,ERR,ERR,ERR,ERR,ERR,ERR,ERR,ERR,ERR,ERR,ERR,ERR,ERR,ERR,ERR,ERR,ERR,ERR,ERR,ERR,ERR,ERR,ERR,ERR,ERR,ERR,ERR,ERR,ERR,ERR,ERR,ERR,ERR,ERR,ERR,ERR,ERR,ERR,0.0,0.0,-134474944.0,0.0,0.0,1.3936040501711995e+18,7.805,0.0,0,0,4,0,8422,0.0,45,0.0,0.0,0.0,0.0,0.0,0,0,0,0,0.0,0,0,0,0,0,0,0,0,0,0,0,0,0,0,0,0,0,0,0,0,0,0,0,0,0,0,0,0,0,0,0,0,0,38,14,7,45,65476,0,300,0,0,8,21553,0.0,-107605600.0,0.0,0.0,0.0,0.0,0.0,0.0,0.0,0.0,0.0,0.0,0.0,0.0,0.0,0.0,0.0,0.0,0.0,0.0,0.0,0.0,2.004,2.004,-2.004,0.0,0.0,0.0,0.0,0.0,4787.0,-0.0,0.0,0.0,0.0,0.0,2.718429300292151e+23,0.0,0.0,0.0,0.0,53,4.066880103266858e+29,126840463360.0,0.0,0.0,0.0,0.0,0.0,0.0,0.0,0,0,0,0.0,0.0,0.0,0.0,0.0,0.0,0.0,0.0,0.0,0.0,0.0,0.0,0.0,0.0,0.0,0.0,0,-107875648.0,53,0.0,106,-107614832.0,0.0,ERR,ERR,ERR,ERR,ERR,ERR,ERR,ERR,ERR,ERR,ERR,ERR,ERR,ERR,ERR,ERR,ERR,ERR,ERR,ERR,ERR,ERR,ERR,ERR,ERR,ERR,ERR,ERR,ERR,ERR,ERR,ERR,ERR,ERR,ERR,ERR,ERR,ERR,ERR,ERR,ERR,ERR,ERR,ERR,ERR,ERR,ERR,ERR,ERR,ERR,ERR,ERR,ERR,ERR,ERR,ERR,ERR,ERR,ERR,ERR,ERR,ERR,ERR,ERR,ERR,ERR,ERR,50.0,60.0,100,0.0,0.0,0.0,0.0,0.0,0.0,0.0,0.0,0.0,0.0,0.0,0.0,0.0,0.0,0.0,0.0,62.0,73,14,65513,50,65476,0,300,0,0,8,20529,65476,0,0,26214,60.0,0.0,0.0,0.0,0.0,0.0
2026-05-17T18:54:04,ERR,ERR,ERR,ERR,ERR,ERR,ERR,ERR,ERR,ERR,ERR,ERR,ERR,ERR,ERR,ERR,ERR,ERR,ERR,ERR,ERR,ERR,ERR,ERR,ERR,ERR,ERR,ERR,ERR,ERR,ERR,ERR,ERR,ERR,ERR,ERR,ERR,ERR,ERR,ERR,ERR,ERR,ERR,ERR,ERR,ERR,ERR,ERR,ERR,ERR,ERR,ERR,ERR,ERR,ERR,ERR,ERR,ERR,ERR,ERR,ERR,ERR,ERR,ERR,ERR,ERR,ERR,ERR,ERR,ERR,ERR,ERR,ERR,ERR,ERR,ERR,ERR,ERR,ERR,ERR,ERR,ERR,ERR,ERR,ERR,ERR,ERR,ERR,ERR,ERR,ERR,ERR,ERR,ERR,ERR,ERR,ERR,ERR,ERR,ERR,ERR,ERR,ERR,ERR,ERR,ERR,ERR,ERR,ERR,ERR,ERR,ERR,ERR,ERR,ERR,ERR,ERR,ERR,ERR,ERR,ERR,ERR,ERR,ERR,ERR,0.0,0.0,-134474944.0,0.0,0.0,1.3936040501711995e+18,7.805,0.0,0,0,4,0,8422,0.0,45,0.0,0.0,0.0,0.0,0.0,0,0,0,0,0.0,0,0,0,0,0,0,0,0,0,0,0,0,0,0,0,0,0,0,0,0,0,0,0,0,0,0,0,0,0,0,0,0,0,38,14,7,45,65476,0,300,0,0,8,21553,0.0,-107605600.0,0.0,0.0,0.0,0.0,0.0,0.0,0.0,0.0,0.0,0.0,0.0,0.0,0.0,0.0,0.0,0.0,0.0,0.0,0.0,0.0,2.004,2.004,-2.004,0.0,0.0,0.0,0.0,0.0,4787.0,-0.0,0.0,0.0,0.0,0.0,2.718429300292151e+23,0.0,0.0,0.0,0.0,53,4.066880103266858e+29,126840463360.0,0.0,0.0,0.0,0.0,0.0,0.0,0.0,0,0,0,0.0,0.0,0.0,0.0,0.0,0.0,0.0,0.0,0.0,0.0,0.0,0.0,0.0,0.0,0.0,0.0,0,-107875648.0,53,0.0,106,-107614832.0,0.0,ERR,ERR,ERR,ERR,ERR,ERR,ERR,ERR,ERR,ERR,ERR,ERR,ERR,ERR,ERR,ERR,ERR,ERR,ERR,ERR,ERR,ERR,ERR,ERR,ERR,ERR,ERR,ERR,ERR,ERR,ERR,ERR,ERR,ERR,ERR,ERR,ERR,ERR,ERR,ERR,ERR,ERR,ERR,ERR,ERR,ERR,ERR,ERR,ERR,ERR,ERR,ERR,ERR,ERR,ERR,ERR,ERR,ERR,ERR,ERR,ERR,ERR,ERR,ERR,ERR,ERR,ERR,50.0,60.0,100,0.0,0.0,0.0,0.0,0.0,0.0,0.0,0.0,0.0,0.0,0.0,0.0,0.0,0.0,0.0,0.0,62.0,73,14,65513,50,65476,0,300,0,0,8,20529,65476,0,0,26214,60.0,0.0,0.0,0.0,0.0,0.0
2026-05-17T18:54:05,ERR,ERR,ERR,ERR,ERR,ERR,ERR,ERR,ERR,ERR,ERR,ERR,ERR,ERR,ERR,ERR,ERR,ERR,ERR,ERR,ERR,ERR,ERR,ERR,ERR,ERR,ERR,ERR,ERR,ERR,ERR,ERR,ERR,ERR,ERR,ERR,ERR,ERR,ERR,ERR,ERR,ERR,ERR,ERR,ERR,ERR,ERR,ERR,ERR,ERR,ERR,ERR,ERR,ERR,ERR,ERR,ERR,ERR,ERR,ERR,ERR,ERR,ERR,ERR,ERR,ERR,ERR,ERR,ERR,ERR,ERR,ERR,ERR,ERR,ERR,ERR,ERR,ERR,ERR,ERR,ERR,ERR,ERR,ERR,ERR,ERR,ERR,ERR,ERR,ERR,ERR,ERR,ERR,ERR,ERR,ERR,ERR,ERR,ERR,ERR,ERR,ERR,ERR,ERR,ERR,ERR,ERR,ERR,ERR,ERR,ERR,ERR,ERR,ERR,ERR,ERR,ERR,ERR,ERR,ERR,ERR,ERR,ERR,ERR,ERR,0.0,0.0,-134474944.0,0.0,0.0,1.3936040501711995e+18,7.805,0.0,0,0,4,0,8422,0.0,45,0.0,0.0,0.0,0.0,0.0,0,0,0,0,0.0,0,0,0,0,0,0,0,0,0,0,0,0,0,0,0,0,0,0,0,0,0,0,0,0,0,0,0,0,0,0,0,0,0,38,14,7,45,65476,0,300,0,0,8,21553,0.0,-107605600.0,0.0,0.0,0.0,0.0,0.0,0.0,0.0,0.0,0.0,0.0,0.0,0.0,0.0,0.0,0.0,0.0,0.0,0.0,0.0,0.0,2.004,2.004,-2.004,0.0,0.0,0.0,0.0,0.0,4787.0,-0.0,0.0,0.0,0.0,0.0,2.718429300292151e+23,0.0,0.0,0.0,0.0,53,4.066880103266858e+29,126840463360.0,0.0,0.0,0.0,0.0,0.0,0.0,0.0,0,0,0,0.0,0.0,0.0,0.0,0.0,0.0,0.0,0.0,0.0,0.0,0.0,0.0,0.0,0.0,0.0,0.0,0,-107875648.0,53,0.0,106,-107614832.0,0.0,ERR,ERR,ERR,ERR,ERR,ERR,ERR,ERR,ERR,ERR,ERR,ERR,ERR,ERR,ERR,ERR,ERR,ERR,ERR,ERR,ERR,ERR,ERR,ERR,ERR,ERR,ERR,ERR,ERR,ERR,ERR,ERR,ERR,ERR,ERR,ERR,ERR,ERR,ERR,ERR,ERR,ERR,ERR,ERR,ERR,ERR,ERR,ERR,ERR,ERR,ERR,ERR,ERR,ERR,ERR,ERR,ERR,ERR,ERR,ERR,ERR,ERR,ERR,ERR,ERR,ERR,ERR,50.0,60.0,100,0.0,0.0,0.0,0.0,0.0,0.0,0.0,0.0,0.0,0.0,0.0,0.0,0.0,0.0,0.0,0.0,62.0,73,14,65513,50,65476,0,300,0,0,8,20529,65476,0,0,26214,60.0,0.0,0.0,0.0,0.0,0.0
2026-05-17T18:54:06,ERR,ERR,ERR,ERR,ERR,ERR,ERR,ERR,ERR,ERR,ERR,ERR,ERR,ERR,ERR,ERR,ERR,ERR,ERR,ERR,ERR,ERR,ERR,ERR,ERR,ERR,ERR,ERR,ERR,ERR,ERR,ERR,ERR,ERR,ERR,ERR,ERR,ERR,ERR,ERR,ERR,ERR,ERR,ERR,ERR,ERR,ERR,ERR,ERR,ERR,ERR,ERR,ERR,ERR,ERR,ERR,ERR,ERR,ERR,ERR,ERR,ERR,ERR,ERR,ERR,ERR,ERR,ERR,ERR,ERR,ERR,ERR,ERR,ERR,ERR,ERR,ERR,ERR,ERR,ERR,ERR,ERR,ERR,ERR,ERR,ERR,ERR,ERR,ERR,ERR,ERR,ERR,ERR,ERR,ERR,ERR,ERR,ERR,ERR,ERR,ERR,ERR,ERR,ERR,ERR,ERR,ERR,ERR,ERR,ERR,ERR,ERR,ERR,ERR,ERR,ERR,ERR,ERR,ERR,ERR,ERR,ERR,ERR,ERR,ERR,0.0,0.0,-134474944.0,0.0,0.0,1.3936040501711995e+18,7.805,0.0,0,0,4,0,8422,0.0,45,0.0,0.0,0.0,0.0,0.0,0,0,0,0,0.0,0,0,0,0,0,0,0,0,0,0,0,0,0,0,0,0,0,0,0,0,0,0,0,0,0,0,0,0,0,0,0,0,0,38,14,7,45,65476,0,300,0,0,8,21553,0.0,-107605600.0,0.0,0.0,0.0,0.0,0.0,0.0,0.0,0.0,0.0,0.0,0.0,0.0,0.0,0.0,0.0,0.0,0.0,0.0,0.0,0.0,2.004,2.004,-2.004,0.0,0.0,0.0,0.0,0.0,4787.0,-0.0,0.0,0.0,0.0,0.0,2.718429300292151e+23,0.0,0.0,0.0,0.0,53,4.066880103266858e+29,126840463360.0,0.0,0.0,0.0,0.0,0.0,0.0,0.0,0,0,0,0.0,0.0,0.0,0.0,0.0,0.0,0.0,0.0,0.0,0.0,0.0,0.0,0.0,0.0,0.0,0.0,0,-107875648.0,53,0.0,106,-107614832.0,0.0,ERR,ERR,ERR,ERR,ERR,ERR,ERR,ERR,ERR,ERR,ERR,ERR,ERR,ERR,ERR,ERR,ERR,ERR,ERR,ERR,ERR,ERR,ERR,ERR,ERR,ERR,ERR,ERR,ERR,ERR,ERR,ERR,ERR,ERR,ERR,ERR,ERR,ERR,ERR,ERR,ERR,ERR,ERR,ERR,ERR,ERR,ERR,ERR,ERR,ERR,ERR,ERR,ERR,ERR,ERR,ERR,ERR,ERR,ERR,ERR,ERR,ERR,ERR,ERR,ERR,ERR,ERR,50.0,60.0,100,0.0,0.0,0.0,0.0,0.0,0.0,0.0,0.0,0.0,0.0,0.0,0.0,0.0,0.0,0.0,0.0,62.0,73,14,65513,50,65476,0,300,0,0,8,20529,65476,0,0,26214,60.0,0.0,0.0,0.0,0.0,0.0
2026-05-17T18:54:07,ERR,ERR,ERR,ERR,ERR,ERR,ERR,ERR,ERR,ERR,ERR,ERR,ERR,ERR,ERR,ERR,ERR,ERR,ERR,ERR,ERR,ERR,ERR,ERR,ERR,ERR,ERR,ERR,ERR,ERR,ERR,ERR,ERR,ERR,ERR,ERR,ERR,ERR,ERR,ERR,ERR,ERR,ERR,ERR,ERR,ERR,ERR,ERR,ERR,ERR,ERR,ERR,ERR,ERR,ERR,ERR,ERR,ERR,ERR,ERR,ERR,ERR,ERR,ERR,ERR,ERR,ERR,ERR,ERR,ERR,ERR,ERR,ERR,ERR,ERR,ERR,ERR,ERR,ERR,ERR,ERR,ERR,ERR,ERR,ERR,ERR,ERR,ERR,ERR,ERR,ERR,ERR,ERR,ERR,ERR,ERR,ERR,ERR,ERR,ERR,ERR,ERR,ERR,ERR,ERR,ERR,ERR,ERR,ERR,ERR,ERR,ERR,ERR,ERR,ERR,ERR,ERR,ERR,ERR,ERR,ERR,ERR,ERR,ERR,ERR,0.0,0.0,-134474944.0,0.0,0.0,1.3936040501711995e+18,7.805,0.0,0,0,4,0,8422,0.0,45,0.0,0.0,0.0,0.0,0.0,0,0,0,0,0.0,0,0,0,0,0,0,0,0,0,0,0,0,0,0,0,0,0,0,0,0,0,0,0,0,0,0,0,0,0,0,0,0,0,38,14,7,45,65476,0,300,0,0,8,21553,0.0,-107605600.0,0.0,0.0,0.0,0.0,0.0,0.0,0.0,0.0,0.0,0.0,0.0,0.0,0.0,0.0,0.0,0.0,0.0,0.0,0.0,0.0,2.004,2.004,-2.004,0.0,0.0,0.0,0.0,0.0,4787.0,-0.0,0.0,0.0,0.0,0.0,2.718429300292151e+23,0.0,0.0,0.0,0.0,53,4.066880103266858e+29,126840463360.0,0.0,0.0,0.0,0.0,0.0,0.0,0.0,0,0,0,0.0,0.0,0.0,0.0,0.0,0.0,0.0,0.0,0.0,0.0,0.0,0.0,0.0,0.0,0.0,0.0,0,-107875648.0,53,0.0,106,-107614832.0,0.0,ERR,ERR,ERR,ERR,ERR,ERR,ERR,ERR,ERR,ERR,ERR,ERR,ERR,ERR,ERR,ERR,ERR,ERR,ERR,ERR,ERR,ERR,ERR,ERR,ERR,ERR,ERR,ERR,ERR,ERR,ERR,ERR,ERR,ERR,ERR,ERR,ERR,ERR,ERR,ERR,ERR,ERR,ERR,ERR,ERR,ERR,ERR,ERR,ERR,ERR,ERR,ERR,ERR,ERR,ERR,ERR,ERR,ERR,ERR,ERR,ERR,ERR,ERR,ERR,ERR,ERR,ERR,50.0,60.0,100,0.0,0.0,0.0,0.0,0.0,0.0,0.0,0.0,0.0,0.0,0.0,0.0,0.0,0.0,0.0,0.0,61.6,73,14,65513,50,65476,0,300,0,0,8,20529,65476,0,0,26214,60.0,0.0,0.0,0.0,0.0,0.0
2026-05-17T18:54:08,ERR,ERR,ERR,ERR,ERR,ERR,ERR,ERR,ERR,ERR,ERR,ERR,ERR,ERR,ERR,ERR,ERR,ERR,ERR,ERR,ERR,ERR,ERR,ERR,ERR,ERR,ERR,ERR,ERR,ERR,ERR,ERR,ERR,ERR,ERR,ERR,ERR,ERR,ERR,ERR,ERR,ERR,ERR,ERR,ERR,ERR,ERR,ERR,ERR,ERR,ERR,ERR,ERR,ERR,ERR,ERR,ERR,ERR,ERR,ERR,ERR,ERR,ERR,ERR,ERR,ERR,ERR,ERR,ERR,ERR,ERR,ERR,ERR,ERR,ERR,ERR,ERR,ERR,ERR,ERR,ERR,ERR,ERR,ERR,ERR,ERR,ERR,ERR,ERR,ERR,ERR,ERR,ERR,ERR,ERR,ERR,ERR,ERR,ERR,ERR,ERR,ERR,ERR,ERR,ERR,ERR,ERR,ERR,ERR,ERR,ERR,ERR,ERR,ERR,ERR,ERR,ERR,ERR,ERR,ERR,ERR,ERR,ERR,ERR,ERR,0.0,0.0,-134474944.0,0.0,0.0,1.3936040501711995e+18,7.805,0.0,0,0,4,0,8422,0.0,45,0.0,0.0,0.0,0.0,0.0,0,0,0,0,0.0,0,0,0,0,0,0,0,0,0,0,0,0,0,0,0,0,0,0,0,0,0,0,0,0,0,0,0,0,0,0,0,0,0,38,14,7,45,65476,0,300,0,0,8,21553,0.0,-107605600.0,0.0,0.0,0.0,0.0,0.0,0.0,0.0,0.0,0.0,0.0,0.0,0.0,0.0,0.0,0.0,0.0,0.0,0.0,0.0,0.0,2.004,2.004,-2.004,0.0,0.0,0.0,0.0,0.0,4753.0,-8608174080.0,0.0,0.0,0.0,0.0,2.718429300292151e+23,0.0,0.0,0.0,0.0,53,5.848083413016271e+35,4.0668498801213676e+29,0.0,0.0,0.0,0.0,0.0,0.0,0.0,0,0,0,0.0,0.0,0.0,0.0,0.0,0.0,0.0,0.0,0.0,0.0,0.0,0.0,0.0,0.0,0.0,0.0,0,-107875648.0,53,0.0,106,-107614832.0,-107351008.0,ERR,ERR,ERR,ERR,ERR,ERR,ERR,ERR,ERR,ERR,ERR,ERR,ERR,ERR,ERR,ERR,ERR,ERR,ERR,ERR,ERR,ERR,ERR,ERR,ERR,ERR,ERR,ERR,ERR,ERR,ERR,ERR,ERR,ERR,ERR,ERR,ERR,ERR,ERR,ERR,ERR,ERR,ERR,ERR,ERR,ERR,ERR,ERR,ERR,ERR,ERR,ERR,ERR,ERR,ERR,ERR,ERR,ERR,ERR,ERR,ERR,ERR,ERR,ERR,ERR,ERR,ERR,50.0,60.0,100,0.0,0.0,0.0,0.0,0.0,0.0,0.0,0.0,0.0,0.0,0.0,0.0,0.0,0.0,0.0,0.0,62.0,73,14,65513,50,65476,0,300,0,0,8,20529,65476,0,0,26214,60.0,0.0,0.0,0.0,0.0,0.0
2026-05-17T18:54:09,ERR,ERR,ERR,ERR,ERR,ERR,ERR,ERR,ERR,ERR,ERR,ERR,ERR,ERR,ERR,ERR,ERR,ERR,ERR,ERR,ERR,ERR,ERR,ERR,ERR,ERR,ERR,ERR,ERR,ERR,ERR,ERR,ERR,ERR,ERR,ERR,ERR,ERR,ERR,ERR,ERR,ERR,ERR,ERR,ERR,ERR,ERR,ERR,ERR,ERR,ERR,ERR,ERR,ERR,ERR,ERR,ERR,ERR,ERR,ERR,ERR,ERR,ERR,ERR,ERR,ERR,ERR,ERR,ERR,ERR,ERR,ERR,ERR,ERR,ERR,ERR,ERR,ERR,ERR,ERR,ERR,ERR,ERR,ERR,ERR,ERR,ERR,ERR,ERR,ERR,ERR,ERR,ERR,ERR,ERR,ERR,ERR,ERR,ERR,ERR,ERR,ERR,ERR,ERR,ERR,ERR,ERR,ERR,ERR,ERR,ERR,ERR,ERR,ERR,ERR,ERR,ERR,ERR,ERR,ERR,ERR,ERR,ERR,ERR,ERR,0.0,0.0,-134474944.0,0.0,0.0,1.3936040501711995e+18,7.805,0.0,0,0,4,0,8422,0.0,45,0.0,0.0,0.0,0.0,0.0,0,0,0,0,0.0,0,0,0,0,0,0,0,0,0,0,0,0,0,0,0,0,0,0,0,0,0,0,0,0,0,0,0,0,0,0,0,0,0,38,14,7,45,65476,0,300,0,0,8,21553,0.0,-107605600.0,0.0,0.0,0.0,0.0,0.0,0.0,0.0,0.0,0.0,0.0,0.0,0.0,0.0,0.0,0.0,0.0,0.0,0.0,0.0,0.0,2.004,2.004,-2.004,0.0,0.0,0.0,0.0,0.0,4753.0,-8608174080.0,0.0,0.0,0.0,0.0,2.718429300292151e+23,0.0,0.0,0.0,0.0,53,5.848083413016271e+35,4.0668498801213676e+29,0.0,0.0,0.0,0.0,0.0,0.0,0.0,0,0,0,0.0,0.0,0.0,0.0,0.0,0.0,0.0,0.0,0.0,0.0,0.0,0.0,0.0,0.0,0.0,0.0,0,-107875648.0,53,0.0,106,-107614832.0,-107351008.0,ERR,ERR,ERR,ERR,ERR,ERR,ERR,ERR,ERR,ERR,ERR,ERR,ERR,ERR,ERR,ERR,ERR,ERR,ERR,ERR,ERR,ERR,ERR,ERR,ERR,ERR,ERR,ERR,ERR,ERR,ERR,ERR,ERR,ERR,ERR,ERR,ERR,ERR,ERR,ERR,ERR,ERR,ERR,ERR,ERR,ERR,ERR,ERR,ERR,ERR,ERR,ERR,ERR,ERR,ERR,ERR,ERR,ERR,ERR,ERR,ERR,ERR,ERR,ERR,ERR,ERR,ERR,50.0,60.0,100,0.0,0.0,0.0,0.0,0.0,0.0,0.0,0.0,0.0,0.0,0.0,0.0,0.0,0.0,0.0,0.0,62.0,73,14,65513,50,65476,0,300,0,0,8,20529,65476,0,0,26214,60.0,0.0,0.0,0.0,0.0,0.0
2026-05-17T18:54:10,ERR,ERR,ERR,ERR,ERR,ERR,ERR,ERR,ERR,ERR,ERR,ERR,ERR,ERR,ERR,ERR,ERR,ERR,ERR,ERR,ERR,ERR,ERR,ERR,ERR,ERR,ERR,ERR,ERR,ERR,ERR,ERR,ERR,ERR,ERR,ERR,ERR,ERR,ERR,ERR,ERR,ERR,ERR,ERR,ERR,ERR,ERR,ERR,ERR,ERR,ERR,ERR,ERR,ERR,ERR,ERR,ERR,ERR,ERR,ERR,ERR,ERR,ERR,ERR,ERR,ERR,ERR,ERR,ERR,ERR,ERR,ERR,ERR,ERR,ERR,ERR,ERR,ERR,ERR,ERR,ERR,ERR,ERR,ERR,ERR,ERR,ERR,ERR,ERR,ERR,ERR,ERR,ERR,ERR,ERR,ERR,ERR,ERR,ERR,ERR,ERR,ERR,ERR,ERR,ERR,ERR,ERR,ERR,ERR,ERR,ERR,ERR,ERR,ERR,ERR,ERR,ERR,ERR,ERR,ERR,ERR,ERR,ERR,ERR,ERR,0.0,0.0,-134474944.0,0.0,0.0,1.3936040501711995e+18,7.805,0.0,0,0,4,0,8422,0.0,45,0.0,0.0,0.0,0.0,0.0,0,0,0,0,0.0,0,0,0,0,0,0,0,0,0,0,0,0,0,0,0,0,0,0,0,0,0,0,0,0,0,0,0,0,0,0,0,0,0,38,14,7,45,65476,0,300,0,0,8,21553,0.0,-107605600.0,0.0,0.0,0.0,0.0,0.0,0.0,0.0,0.0,0.0,0.0,0.0,0.0,0.0,0.0,0.0,0.0,0.0,0.0,0.0,0.0,2.004,2.004,-2.004,0.0,0.0,0.0,0.0,0.0,4753.0,-8608174080.0,0.0,0.0,0.0,0.0,2.718429300292151e+23,0.0,0.0,0.0,0.0,53,5.848083413016271e+35,4.0668498801213676e+29,0.0,0.0,0.0,0.0,0.0,0.0,0.0,0,0,0,0.0,0.0,0.0,0.0,0.0,0.0,0.0,0.0,0.0,0.0,0.0,0.0,0.0,0.0,0.0,0.0,0,-107875648.0,53,0.0,106,-107614832.0,-107351008.0,ERR,ERR,ERR,ERR,ERR,ERR,ERR,ERR,ERR,ERR,ERR,ERR,ERR,ERR,ERR,ERR,ERR,ERR,ERR,ERR,ERR,ERR,ERR,ERR,ERR,ERR,ERR,ERR,ERR,ERR,ERR,ERR,ERR,ERR,ERR,ERR,ERR,ERR,ERR,ERR,ERR,ERR,ERR,ERR,ERR,ERR,ERR,ERR,ERR,ERR,ERR,ERR,ERR,ERR,ERR,ERR,ERR,ERR,ERR,ERR,ERR,ERR,ERR,ERR,ERR,ERR,ERR,50.0,60.0,100,0.0,0.0,0.0,0.0,0.0,0.0,0.0,0.0,0.0,0.0,0.0,0.0,0.0,0.0,0.0,0.0,62.0,73,14,65513,50,65476,0,300,0,0,8,20529,65476,0,0,26214,60.0,0.0,0.0,0.0,0.0,0.0
2026-05-17T18:54:11,ERR,ERR,ERR,ERR,ERR,ERR,ERR,ERR,ERR,ERR,ERR,ERR,ERR,ERR,ERR,ERR,ERR,ERR,ERR,ERR,ERR,ERR,ERR,ERR,ERR,ERR,ERR,ERR,ERR,ERR,ERR,ERR,ERR,ERR,ERR,ERR,ERR,ERR,ERR,ERR,ERR,ERR,ERR,ERR,ERR,ERR,ERR,ERR,ERR,ERR,ERR,ERR,ERR,ERR,ERR,ERR,ERR,ERR,ERR,ERR,ERR,ERR,ERR,ERR,ERR,ERR,ERR,ERR,ERR,ERR,ERR,ERR,ERR,ERR,ERR,ERR,ERR,ERR,ERR,ERR,ERR,ERR,ERR,ERR,ERR,ERR,ERR,ERR,ERR,ERR,ERR,ERR,ERR,ERR,ERR,ERR,ERR,ERR,ERR,ERR,ERR,ERR,ERR,ERR,ERR,ERR,ERR,ERR,ERR,ERR,ERR,ERR,ERR,ERR,ERR,ERR,ERR,ERR,ERR,ERR,ERR,ERR,ERR,ERR,ERR,0.0,0.0,-134474944.0,0.0,0.0,1.3936040501711995e+18,7.805,0.0,0,0,4,0,8422,0.0,45,0.0,0.0,0.0,0.0,0.0,0,0,0,0,0.0,0,0,0,0,0,0,0,0,0,0,0,0,0,0,0,0,0,0,0,0,0,0,0,0,0,0,0,0,0,0,0,0,0,38,14,7,45,65476,0,300,0,0,8,21553,0.0,-107605600.0,0.0,0.0,0.0,0.0,0.0,0.0,0.0,0.0,0.0,0.0,0.0,0.0,0.0,0.0,0.0,0.0,0.0,0.0,0.0,0.0,2.004,2.004,-2.004,0.0,0.0,0.0,0.0,0.0,4753.0,-8608174080.0,0.0,0.0,0.0,0.0,2.718429300292151e+23,0.0,0.0,0.0,0.0,53,5.848083413016271e+35,4.0668498801213676e+29,0.0,0.0,0.0,0.0,0.0,0.0,0.0,0,0,0,0.0,0.0,0.0,0.0,0.0,0.0,0.0,0.0,0.0,0.0,0.0,0.0,0.0,0.0,0.0,0.0,0,-107875648.0,53,0.0,106,-107614832.0,-107351008.0,ERR,ERR,ERR,ERR,ERR,ERR,ERR,ERR,ERR,ERR,ERR,ERR,ERR,ERR,ERR,ERR,ERR,ERR,ERR,ERR,ERR,ERR,ERR,ERR,ERR,ERR,ERR,ERR,ERR,ERR,ERR,ERR,ERR,ERR,ERR,ERR,ERR,ERR,ERR,ERR,ERR,ERR,ERR,ERR,ERR,ERR,ERR,ERR,ERR,ERR,ERR,ERR,ERR,ERR,ERR,ERR,ERR,ERR,ERR,ERR,ERR,ERR,ERR,ERR,ERR,ERR,ERR,50.0,60.0,100,0.0,0.0,0.0,0.0,0.0,0.0,0.0,0.0,0.0,0.0,0.0,0.0,0.0,0.0,0.0,0.0,62.0,73,14,65513,50,65476,0,300,0,0,8,20529,65476,0,0,26214,60.0,0.0,0.0,0.0,0.0,0.0
2026-05-17T18:54:12,ERR,ERR,ERR,ERR,ERR,ERR,ERR,ERR,ERR,ERR,ERR,ERR,ERR,ERR,ERR,ERR,ERR,ERR,ERR,ERR,ERR,ERR,ERR,ERR,ERR,ERR,ERR,ERR,ERR,ERR,ERR,ERR,ERR,ERR,ERR,ERR,ERR,ERR,ERR,ERR,ERR,ERR,ERR,ERR,ERR,ERR,ERR,ERR,ERR,ERR,ERR,ERR,ERR,ERR,ERR,ERR,ERR,ERR,ERR,ERR,ERR,ERR,ERR,ERR,ERR,ERR,ERR,ERR,ERR,ERR,ERR,ERR,ERR,ERR,ERR,ERR,ERR,ERR,ERR,ERR,ERR,ERR,ERR,ERR,ERR,ERR,ERR,ERR,ERR,ERR,ERR,ERR,ERR,ERR,ERR,ERR,ERR,ERR,ERR,ERR,ERR,ERR,ERR,ERR,ERR,ERR,ERR,ERR,ERR,ERR,ERR,ERR,ERR,ERR,ERR,ERR,ERR,ERR,ERR,ERR,ERR,ERR,ERR,ERR,ERR,0.0,0.0,-134474944.0,0.0,0.0,1.3936040501711995e+18,7.805,0.0,0,0,4,0,8422,0.0,45,0.0,0.0,0.0,0.0,0.0,0,0,0,0,0.0,0,0,0,0,0,0,0,0,0,0,0,0,0,0,0,0,0,0,0,0,0,0,0,0,0,0,0,0,0,0,0,0,0,38,14,7,45,65476,0,300,0,0,8,21553,0.0,-107605600.0,0.0,0.0,0.0,0.0,0.0,0.0,0.0,0.0,0.0,0.0,0.0,0.0,0.0,0.0,0.0,0.0,0.0,0.0,0.0,0.0,2.004,2.004,-2.004,0.0,0.0,0.0,0.0,0.0,4753.0,-8608174080.0,0.0,0.0,0.0,0.0,2.718429300292151e+23,0.0,0.0,0.0,0.0,53,5.848083413016271e+35,4.0668498801213676e+29,0.0,0.0,0.0,0.0,0.0,0.0,0.0,0,0,0,0.0,0.0,0.0,0.0,0.0,0.0,0.0,0.0,0.0,0.0,0.0,0.0,0.0,0.0,0.0,0.0,0,-107875648.0,53,0.0,106,-107614832.0,-107351008.0,ERR,ERR,ERR,ERR,ERR,ERR,ERR,ERR,ERR,ERR,ERR,ERR,ERR,ERR,ERR,ERR,ERR,ERR,ERR,ERR,ERR,ERR,ERR,ERR,ERR,ERR,ERR,ERR,ERR,ERR,ERR,ERR,ERR,ERR,ERR,ERR,ERR,ERR,ERR,ERR,ERR,ERR,ERR,ERR,ERR,ERR,ERR,ERR,ERR,ERR,ERR,ERR,ERR,ERR,ERR,ERR,ERR,ERR,ERR,ERR,ERR,ERR,ERR,ERR,ERR,ERR,ERR,50.0,60.0,100,0.0,0.0,0.0,0.0,0.0,0.0,0.0,0.0,0.0,0.0,0.0,0.0,0.0,0.0,0.0,0.0,62.0,73,14,65513,50,65476,0,300,0,0,8,20529,65476,0,0,26214,60.0,0.0,0.0,0.0,0.0,0.0
2026-05-17T18:54:13,ERR,ERR,ERR,ERR,ERR,ERR,ERR,ERR,ERR,ERR,ERR,ERR,ERR,ERR,ERR,ERR,ERR,ERR,ERR,ERR,ERR,ERR,ERR,ERR,ERR,ERR,ERR,ERR,ERR,ERR,ERR,ERR,ERR,ERR,ERR,ERR,ERR,ERR,ERR,ERR,ERR,ERR,ERR,ERR,ERR,ERR,ERR,ERR,ERR,ERR,ERR,ERR,ERR,ERR,ERR,ERR,ERR,ERR,ERR,ERR,ERR,ERR,ERR,ERR,ERR,ERR,ERR,ERR,ERR,ERR,ERR,ERR,ERR,ERR,ERR,ERR,ERR,ERR,ERR,ERR,ERR,ERR,ERR,ERR,ERR,ERR,ERR,ERR,ERR,ERR,ERR,ERR,ERR,ERR,ERR,ERR,ERR,ERR,ERR,ERR,ERR,ERR,ERR,ERR,ERR,ERR,ERR,ERR,ERR,ERR,ERR,ERR,ERR,ERR,ERR,ERR,ERR,ERR,ERR,ERR,ERR,ERR,ERR,ERR,ERR,0.0,0.0,-134474944.0,0.0,0.0,1.3936040501711995e+18,7.805,0.0,0,0,4,0,8422,0.0,45,0.0,0.0,0.0,0.0,0.0,0,0,0,0,0.0,0,0,0,0,0,0,0,0,0,0,0,0,0,0,0,0,0,0,0,0,0,0,0,0,0,0,0,0,0,0,0,0,0,38,14,7,45,65476,0,300,0,0,8,21553,0.0,-107605600.0,0.0,0.0,0.0,0.0,0.0,0.0,0.0,0.0,0.0,0.0,0.0,0.0,0.0,0.0,0.0,0.0,0.0,0.0,0.0,0.0,2.004,2.004,-2.004,0.0,0.0,0.0,0.0,0.0,4756.0,-2.4229855986892726e+24,0.0,0.0,0.0,0.0,2.718429300292151e+23,0.0,0.0,0.0,0.0,53,-0.0,-0.0,0.0,0.0,0.0,0.0,0.0,0.0,0.0,0,0,0,0.0,0.0,0.0,0.0,0.0,0.0,0.0,0.0,0.0,0.0,0.0,0.0,0.0,0.0,0.0,0.0,0,-107875648.0,53,0.0,106,-107614832.0,0.0,ERR,ERR,ERR,ERR,ERR,ERR,ERR,ERR,ERR,ERR,ERR,ERR,ERR,ERR,ERR,ERR,ERR,ERR,ERR,ERR,ERR,ERR,ERR,ERR,ERR,ERR,ERR,ERR,ERR,ERR,ERR,ERR,ERR,ERR,ERR,ERR,ERR,ERR,ERR,ERR,ERR,ERR,ERR,ERR,ERR,ERR,ERR,ERR,ERR,ERR,ERR,ERR,ERR,ERR,ERR,ERR,ERR,ERR,ERR,ERR,ERR,ERR,ERR,ERR,ERR,ERR,ERR,50.0,60.0,100,0.0,0.0,0.0,0.0,0.0,0.0,0.0,0.0,0.0,0.0,0.0,0.0,0.0,0.0,0.0,0.0,62.0,73,14,65513,50,65476,0,300,0,0,8,20529,65476,0,0,26214,60.0,0.0,0.0,0.0,0.0,0.0
2026-05-17T18:54:14,ERR,ERR,ERR,ERR,ERR,ERR,ERR,ERR,ERR,ERR,ERR,ERR,ERR,ERR,ERR,ERR,ERR,ERR,ERR,ERR,ERR,ERR,ERR,ERR,ERR,ERR,ERR,ERR,ERR,ERR,ERR,ERR,ERR,ERR,ERR,ERR,ERR,ERR,ERR,ERR,ERR,ERR,ERR,ERR,ERR,ERR,ERR,ERR,ERR,ERR,ERR,ERR,ERR,ERR,ERR,ERR,ERR,ERR,ERR,ERR,ERR,ERR,ERR,ERR,ERR,ERR,ERR,ERR,ERR,ERR,ERR,ERR,ERR,ERR,ERR,ERR,ERR,ERR,ERR,ERR,ERR,ERR,ERR,ERR,ERR,ERR,ERR,ERR,ERR,ERR,ERR,ERR,ERR,ERR,ERR,ERR,ERR,ERR,ERR,ERR,ERR,ERR,ERR,ERR,ERR,ERR,ERR,ERR,ERR,ERR,ERR,ERR,ERR,ERR,ERR,ERR,ERR,ERR,ERR,ERR,ERR,ERR,ERR,ERR,ERR,0.0,0.0,-134474944.0,0.0,0.0,1.3936040501711995e+18,7.805,0.0,0,0,4,0,8422,0.0,45,0.0,0.0,0.0,0.0,0.0,0,0,0,0,0.0,0,0,0,0,0,0,0,0,0,0,0,0,0,0,0,0,0,0,0,0,0,0,0,0,0,0,0,0,0,0,0,0,0,38,14,7,45,65476,0,300,0,0,8,21553,0.0,-107605600.0,0.0,0.0,0.0,0.0,0.0,0.0,0.0,0.0,0.0,0.0,0.0,0.0,0.0,0.0,0.0,0.0,0.0,0.0,0.0,0.0,2.004,2.004,-2.004,0.0,0.0,0.0,0.0,0.0,4756.0,-2.4229855986892726e+24,0.0,0.0,0.0,0.0,2.718429300292151e+23,0.0,0.0,0.0,0.0,53,-0.0,-0.0,0.0,0.0,0.0,0.0,0.0,0.0,0.0,0,0,0,0.0,0.0,0.0,0.0,0.0,0.0,0.0,0.0,0.0,0.0,0.0,0.0,0.0,0.0,0.0,0.0,0,-107875648.0,53,0.0,106,-107614832.0,0.0,ERR,ERR,ERR,ERR,ERR,ERR,ERR,ERR,ERR,ERR,ERR,ERR,ERR,ERR,ERR,ERR,ERR,ERR,ERR,ERR,ERR,ERR,ERR,ERR,ERR,ERR,ERR,ERR,ERR,ERR,ERR,ERR,ERR,ERR,ERR,ERR,ERR,ERR,ERR,ERR,ERR,ERR,ERR,ERR,ERR,ERR,ERR,ERR,ERR,ERR,ERR,ERR,ERR,ERR,ERR,ERR,ERR,ERR,ERR,ERR,ERR,ERR,ERR,ERR,ERR,ERR,ERR,50.0,60.0,100,0.0,0.0,0.0,0.0,0.0,0.0,0.0,0.0,0.0,0.0,0.0,0.0,0.0,0.0,0.0,0.0,62.0,73,14,65513,50,65476,0,300,0,0,8,20529,65476,0,0,26214,60.0,0.0,0.0,0.0,0.0,0.0
2026-05-17T18:54:15,ERR,ERR,ERR,ERR,ERR,ERR,ERR,ERR,ERR,ERR,ERR,ERR,ERR,ERR,ERR,ERR,ERR,ERR,ERR,ERR,ERR,ERR,ERR,ERR,ERR,ERR,ERR,ERR,ERR,ERR,ERR,ERR,ERR,ERR,ERR,ERR,ERR,ERR,ERR,ERR,ERR,ERR,ERR,ERR,ERR,ERR,ERR,ERR,ERR,ERR,ERR,ERR,ERR,ERR,ERR,ERR,ERR,ERR,ERR,ERR,ERR,ERR,ERR,ERR,ERR,ERR,ERR,ERR,ERR,ERR,ERR,ERR,ERR,ERR,ERR,ERR,ERR,ERR,ERR,ERR,ERR,ERR,ERR,ERR,ERR,ERR,ERR,ERR,ERR,ERR,ERR,ERR,ERR,ERR,ERR,ERR,ERR,ERR,ERR,ERR,ERR,ERR,ERR,ERR,ERR,ERR,ERR,ERR,ERR,ERR,ERR,ERR,ERR,ERR,ERR,ERR,ERR,ERR,ERR,ERR,ERR,ERR,ERR,ERR,ERR,0.0,0.0,-134474944.0,0.0,0.0,1.3936040501711995e+18,7.805,0.0,0,0,4,0,8422,0.0,45,0.0,0.0,0.0,0.0,0.0,0,0,0,0,0.0,0,0,0,0,0,0,0,0,0,0,0,0,0,0,0,0,0,0,0,0,0,0,0,0,0,0,0,0,0,0,0,0,0,38,14,7,45,65476,0,300,0,0,8,21553,0.0,-107605600.0,0.0,0.0,0.0,0.0,0.0,0.0,0.0,0.0,0.0,0.0,0.0,0.0,0.0,0.0,0.0,0.0,0.0,0.0,0.0,0.0,2.004,2.004,-2.004,0.0,0.0,0.0,0.0,0.0,4756.0,-2.4229855986892726e+24,0.0,0.0,0.0,0.0,2.718429300292151e+23,0.0,0.0,0.0,0.0,53,-0.0,-0.0,0.0,0.0,0.0,0.0,0.0,0.0,0.0,0,0,0,0.0,0.0,0.0,0.0,0.0,0.0,0.0,0.0,0.0,0.0,0.0,0.0,0.0,0.0,0.0,0.0,0,-107875648.0,53,0.0,106,-107614832.0,0.0,ERR,ERR,ERR,ERR,ERR,ERR,ERR,ERR,ERR,ERR,ERR,ERR,ERR,ERR,ERR,ERR,ERR,ERR,ERR,ERR,ERR,ERR,ERR,ERR,ERR,ERR,ERR,ERR,ERR,ERR,ERR,ERR,ERR,ERR,ERR,ERR,ERR,ERR,ERR,ERR,ERR,ERR,ERR,ERR,ERR,ERR,ERR,ERR,ERR,ERR,ERR,ERR,ERR,ERR,ERR,ERR,ERR,ERR,ERR,ERR,ERR,ERR,ERR,ERR,ERR,ERR,ERR,50.0,60.0,100,0.0,0.0,0.0,0.0,0.0,0.0,0.0,0.0,0.0,0.0,0.0,0.0,0.0,0.0,0.0,0.0,61.6,73,14,65513,50,65476,0,300,0,0,8,20529,65476,0,0,26214,60.0,0.0,0.0,0.0,0.0,0.0
2026-05-17T18:54:16,ERR,ERR,ERR,ERR,ERR,ERR,ERR,ERR,ERR,ERR,ERR,ERR,ERR,ERR,ERR,ERR,ERR,ERR,ERR,ERR,ERR,ERR,ERR,ERR,ERR,ERR,ERR,ERR,ERR,ERR,ERR,ERR,ERR,ERR,ERR,ERR,ERR,ERR,ERR,ERR,ERR,ERR,ERR,ERR,ERR,ERR,ERR,ERR,ERR,ERR,ERR,ERR,ERR,ERR,ERR,ERR,ERR,ERR,ERR,ERR,ERR,ERR,ERR,ERR,ERR,ERR,ERR,ERR,ERR,ERR,ERR,ERR,ERR,ERR,ERR,ERR,ERR,ERR,ERR,ERR,ERR,ERR,ERR,ERR,ERR,ERR,ERR,ERR,ERR,ERR,ERR,ERR,ERR,ERR,ERR,ERR,ERR,ERR,ERR,ERR,ERR,ERR,ERR,ERR,ERR,ERR,ERR,ERR,ERR,ERR,ERR,ERR,ERR,ERR,ERR,ERR,ERR,ERR,ERR,ERR,ERR,ERR,ERR,ERR,ERR,0.0,0.0,-134474944.0,0.0,0.0,1.3936040501711995e+18,7.805,0.0,0,0,4,0,8422,0.0,45,0.0,0.0,0.0,0.0,0.0,0,0,0,0,0.0,0,0,0,0,0,0,0,0,0,0,0,0,0,0,0,0,0,0,0,0,0,0,0,0,0,0,0,0,0,0,0,0,0,38,14,7,45,65476,0,300,0,0,8,21553,0.0,-107605600.0,0.0,0.0,0.0,0.0,0.0,0.0,0.0,0.0,0.0,0.0,0.0,0.0,0.0,0.0,0.0,0.0,0.0,0.0,0.0,0.0,2.004,2.004,-2.004,0.0,0.0,0.0,0.0,0.0,4756.0,-2.4229855986892726e+24,0.0,0.0,0.0,0.0,2.718429300292151e+23,0.0,0.0,0.0,0.0,53,-0.0,-0.0,0.0,0.0,0.0,0.0,0.0,0.0,0.0,0,0,0,0.0,0.0,0.0,0.0,0.0,0.0,0.0,0.0,0.0,0.0,0.0,0.0,0.0,0.0,0.0,0.0,0,-107875648.0,53,0.0,106,-107614832.0,0.0,ERR,ERR,ERR,ERR,ERR,ERR,ERR,ERR,ERR,ERR,ERR,ERR,ERR,ERR,ERR,ERR,ERR,ERR,ERR,ERR,ERR,ERR,ERR,ERR,ERR,ERR,ERR,ERR,ERR,ERR,ERR,ERR,ERR,ERR,ERR,ERR,ERR,ERR,ERR,ERR,ERR,ERR,ERR,ERR,ERR,ERR,ERR,ERR,ERR,ERR,ERR,ERR,ERR,ERR,ERR,ERR,ERR,ERR,ERR,ERR,ERR,ERR,ERR,ERR,ERR,ERR,ERR,50.0,60.0,100,0.0,0.0,0.0,0.0,0.0,0.0,0.0,0.0,0.0,0.0,0.0,0.0,0.0,0.0,0.0,0.0,61.6,73,14,65513,50,65476,0,300,0,0,8,20529,65476,0,0,26214,60.0,0.0,0.0,0.0,0.0,0.0
2026-05-17T18:54:17,ERR,ERR,ERR,ERR,ERR,ERR,ERR,ERR,ERR,ERR,ERR,ERR,ERR,ERR,ERR,ERR,ERR,ERR,ERR,ERR,ERR,ERR,ERR,ERR,ERR,ERR,ERR,ERR,ERR,ERR,ERR,ERR,ERR,ERR,ERR,ERR,ERR,ERR,ERR,ERR,ERR,ERR,ERR,ERR,ERR,ERR,ERR,ERR,ERR,ERR,ERR,ERR,ERR,ERR,ERR,ERR,ERR,ERR,ERR,ERR,ERR,ERR,ERR,ERR,ERR,ERR,ERR,ERR,ERR,ERR,ERR,ERR,ERR,ERR,ERR,ERR,ERR,ERR,ERR,ERR,ERR,ERR,ERR,ERR,ERR,ERR,ERR,ERR,ERR,ERR,ERR,ERR,ERR,ERR,ERR,ERR,ERR,ERR,ERR,ERR,ERR,ERR,ERR,ERR,ERR,ERR,ERR,ERR,ERR,ERR,ERR,ERR,ERR,ERR,ERR,ERR,ERR,ERR,ERR,ERR,ERR,ERR,ERR,ERR,ERR,0.0,0.0,-134474944.0,0.0,0.0,1.3936040501711995e+18,7.805,0.0,0,0,4,0,8422,0.0,45,0.0,0.0,0.0,0.0,0.0,0,0,0,0,0.0,0,0,0,0,0,0,0,0,0,0,0,0,0,0,0,0,0,0,0,0,0,0,0,0,0,0,0,0,0,0,0,0,0,38,14,7,45,65476,0,300,0,0,8,21553,0.0,-107605600.0,0.0,0.0,0.0,0.0,0.0,0.0,0.0,0.0,0.0,0.0,0.0,0.0,0.0,0.0,0.0,0.0,0.0,0.0,0.0,0.0,2.004,2.004,-2.004,0.0,0.0,0.0,0.0,0.0,4756.0,-2.4229855986892726e+24,0.0,0.0,0.0,0.0,2.718429300292151e+23,0.0,0.0,0.0,0.0,53,-0.0,-0.0,0.0,0.0,0.0,0.0,0.0,0.0,0.0,0,0,0,0.0,0.0,0.0,0.0,0.0,0.0,0.0,0.0,0.0,0.0,0.0,0.0,0.0,0.0,0.0,0.0,0,-107875648.0,53,0.0,106,-107614832.0,0.0,ERR,ERR,ERR,ERR,ERR,ERR,ERR,ERR,ERR,ERR,ERR,ERR,ERR,ERR,ERR,ERR,ERR,ERR,ERR,ERR,ERR,ERR,ERR,ERR,ERR,ERR,ERR,ERR,ERR,ERR,ERR,ERR,ERR,ERR,ERR,ERR,ERR,ERR,ERR,ERR,ERR,ERR,ERR,ERR,ERR,ERR,ERR,ERR,ERR,ERR,ERR,ERR,ERR,ERR,ERR,ERR,ERR,ERR,ERR,ERR,ERR,ERR,ERR,ERR,ERR,ERR,ERR,50.0,60.0,100,0.0,0.0,0.0,0.0,0.0,0.0,0.0,0.0,0.0,0.0,0.0,0.0,0.0,0.0,0.0,0.0,61.6,73,14,65513,50,65476,0,300,0,0,8,20529,65476,0,0,26214,60.0,0.0,0.0,0.0,0.0,0.0
2026-05-17T18:54:18,ERR,ERR,ERR,ERR,ERR,ERR,ERR,ERR,ERR,ERR,ERR,ERR,ERR,ERR,ERR,ERR,ERR,ERR,ERR,ERR,ERR,ERR,ERR,ERR,ERR,ERR,ERR,ERR,ERR,ERR,ERR,ERR,ERR,ERR,ERR,ERR,ERR,ERR,ERR,ERR,ERR,ERR,ERR,ERR,ERR,ERR,ERR,ERR,ERR,ERR,ERR,ERR,ERR,ERR,ERR,ERR,ERR,ERR,ERR,ERR,ERR,ERR,ERR,ERR,ERR,ERR,ERR,ERR,ERR,ERR,ERR,ERR,ERR,ERR,ERR,ERR,ERR,ERR,ERR,ERR,ERR,ERR,ERR,ERR,ERR,ERR,ERR,ERR,ERR,ERR,ERR,ERR,ERR,ERR,ERR,ERR,ERR,ERR,ERR,ERR,ERR,ERR,ERR,ERR,ERR,ERR,ERR,ERR,ERR,ERR,ERR,ERR,ERR,ERR,ERR,ERR,ERR,ERR,ERR,ERR,ERR,ERR,ERR,ERR,ERR,0.0,0.0,-134474944.0,0.0,0.0,1.3936040501711995e+18,7.805,0.0,0,0,4,0,8422,0.0,45,0.0,0.0,0.0,0.0,0.0,0,0,0,0,0.0,0,0,0,0,0,0,0,0,0,0,0,0,0,0,0,0,0,0,0,0,0,0,0,0,0,0,0,0,0,0,0,0,0,38,14,7,45,65476,0,300,0,0,8,21553,0.0,-107605600.0,0.0,0.0,0.0,0.0,0.0,0.0,0.0,0.0,0.0,0.0,0.0,0.0,0.0,0.0,0.0,0.0,0.0,0.0,0.0,0.0,2.004,2.004,-2.004,0.0,0.0,0.0,0.0,0.0,4756.0,-2.4229855986892726e+24,0.0,0.0,0.0,0.0,2.718429300292151e+23,0.0,0.0,0.0,0.0,53,-0.0,-0.0,0.0,0.0,0.0,0.0,0.0,0.0,0.0,0,0,0,0.0,0.0,0.0,0.0,0.0,0.0,0.0,0.0,0.0,0.0,0.0,0.0,0.0,0.0,0.0,0.0,0,-107875648.0,53,0.0,106,-107614832.0,0.0,ERR,ERR,ERR,ERR,ERR,ERR,ERR,ERR,ERR,ERR,ERR,ERR,ERR,ERR,ERR,ERR,ERR,ERR,ERR,ERR,ERR,ERR,ERR,ERR,ERR,ERR,ERR,ERR,ERR,ERR,ERR,ERR,ERR,ERR,ERR,ERR,ERR,ERR,ERR,ERR,ERR,ERR,ERR,ERR,ERR,ERR,ERR,ERR,ERR,ERR,ERR,ERR,ERR,ERR,ERR,ERR,ERR,ERR,ERR,ERR,ERR,ERR,ERR,ERR,ERR,ERR,ERR,50.0,60.0,100,0.0,0.0,0.0,0.0,0.0,0.0,0.0,0.0,0.0,0.0,0.0,0.0,0.0,0.0,0.0,0.0,61.6,73,14,65513,50,65476,0,300,0,0,8,20529,65476,0,0,26214,60.0,0.0,0.0,0.0,0.0,0.0
2026-05-17T18:54:19,ERR,ERR,ERR,ERR,ERR,ERR,ERR,ERR,ERR,ERR,ERR,ERR,ERR,ERR,ERR,ERR,ERR,ERR,ERR,ERR,ERR,ERR,ERR,ERR,ERR,ERR,ERR,ERR,ERR,ERR,ERR,ERR,ERR,ERR,ERR,ERR,ERR,ERR,ERR,ERR,ERR,ERR,ERR,ERR,ERR,ERR,ERR,ERR,ERR,ERR,ERR,ERR,ERR,ERR,ERR,ERR,ERR,ERR,ERR,ERR,ERR,ERR,ERR,ERR,ERR,ERR,ERR,ERR,ERR,ERR,ERR,ERR,ERR,ERR,ERR,ERR,ERR,ERR,ERR,ERR,ERR,ERR,ERR,ERR,ERR,ERR,ERR,ERR,ERR,ERR,ERR,ERR,ERR,ERR,ERR,ERR,ERR,ERR,ERR,ERR,ERR,ERR,ERR,ERR,ERR,ERR,ERR,ERR,ERR,ERR,ERR,ERR,ERR,ERR,ERR,ERR,ERR,ERR,ERR,ERR,ERR,ERR,ERR,ERR,ERR,0.0,0.0,-134474944.0,0.0,0.0,1.3936040501711995e+18,7.805,0.0,0,0,4,0,8422,0.0,45,0.0,0.0,0.0,0.0,0.0,0,0,0,0,0.0,0,0,0,0,0,0,0,0,0,0,0,0,0,0,0,0,0,0,0,0,0,0,0,0,0,0,0,0,0,0,0,0,0,38,14,7,45,65476,0,300,0,0,8,21553,0.0,-107605600.0,0.0,0.0,0.0,0.0,0.0,0.0,0.0,0.0,0.0,0.0,0.0,0.0,0.0,0.0,0.0,0.0,0.0,0.0,0.0,0.0,2.004,2.004,-0.0,0.0,0.0,0.0,0.0,0.0,4788.0,0.0,0.0,0.0,0.0,-107615280.0,2.718429300292151e+23,0.0,0.0,0.0,0.0,53,5.848083413016271e+35,-0.0,0.0,0.0,0.0,0.0,0.0,0.0,0.0,0,0,0,0.0,0.0,0.0,0.0,0.0,0.0,0.0,0.0,0.0,0.0,0.0,0.0,0.0,0.0,0.0,0.0,0,-107875648.0,53,0.0,106,-107614832.0,0.0,ERR,ERR,ERR,ERR,ERR,ERR,ERR,ERR,ERR,ERR,ERR,ERR,ERR,ERR,ERR,ERR,ERR,ERR,ERR,ERR,ERR,ERR,ERR,ERR,ERR,ERR,ERR,ERR,ERR,ERR,ERR,ERR,ERR,ERR,ERR,ERR,ERR,ERR,ERR,ERR,ERR,ERR,ERR,ERR,ERR,ERR,ERR,ERR,ERR,ERR,ERR,ERR,ERR,ERR,ERR,ERR,ERR,ERR,ERR,ERR,ERR,ERR,ERR,ERR,ERR,ERR,ERR,50.0,60.0,100,0.0,0.0,0.0,0.0,0.0,0.0,0.0,0.0,0.0,0.0,0.0,0.0,0.0,0.0,0.0,0.0,61.6,73,14,65513,50,65476,0,300,0,0,8,20529,65476,0,0,26214,60.0,0.0,0.0,0.0,0.0,0.0
2026-05-17T18:54:20,ERR,ERR,ERR,ERR,ERR,ERR,ERR,ERR,ERR,ERR,ERR,ERR,ERR,ERR,ERR,ERR,ERR,ERR,ERR,ERR,ERR,ERR,ERR,ERR,ERR,ERR,ERR,ERR,ERR,ERR,ERR,ERR,ERR,ERR,ERR,ERR,ERR,ERR,ERR,ERR,ERR,ERR,ERR,ERR,ERR,ERR,ERR,ERR,ERR,ERR,ERR,ERR,ERR,ERR,ERR,ERR,ERR,ERR,ERR,ERR,ERR,ERR,ERR,ERR,ERR,ERR,ERR,ERR,ERR,ERR,ERR,ERR,ERR,ERR,ERR,ERR,ERR,ERR,ERR,ERR,ERR,ERR,ERR,ERR,ERR,ERR,ERR,ERR,ERR,ERR,ERR,ERR,ERR,ERR,ERR,ERR,ERR,ERR,ERR,ERR,ERR,ERR,ERR,ERR,ERR,ERR,ERR,ERR,ERR,ERR,ERR,ERR,ERR,ERR,ERR,ERR,ERR,ERR,ERR,ERR,ERR,ERR,ERR,ERR,ERR,0.0,0.0,-134474944.0,0.0,0.0,1.3936040501711995e+18,7.805,0.0,0,0,4,0,8422,0.0,45,0.0,0.0,0.0,0.0,0.0,0,0,0,0,0.0,0,0,0,0,0,0,0,0,0,0,0,0,0,0,0,0,0,0,0,0,0,0,0,0,0,0,0,0,0,0,0,0,0,38,14,7,45,65476,0,300,0,0,8,21553,0.0,-107605600.0,0.0,0.0,0.0,0.0,0.0,0.0,0.0,0.0,0.0,0.0,0.0,0.0,0.0,0.0,0.0,0.0,0.0,0.0,0.0,0.0,2.004,2.004,-0.0,0.0,0.0,0.0,0.0,0.0,4788.0,0.0,0.0,0.0,0.0,-107615280.0,2.718429300292151e+23,0.0,0.0,0.0,0.0,53,5.848083413016271e+35,-0.0,0.0,0.0,0.0,0.0,0.0,0.0,0.0,0,0,0,0.0,0.0,0.0,0.0,0.0,0.0,0.0,0.0,0.0,0.0,0.0,0.0,0.0,0.0,0.0,0.0,0,-107875648.0,53,0.0,106,-107614832.0,0.0,ERR,ERR,ERR,ERR,ERR,ERR,ERR,ERR,ERR,ERR,ERR,ERR,ERR,ERR,ERR,ERR,ERR,ERR,ERR,ERR,ERR,ERR,ERR,ERR,ERR,ERR,ERR,ERR,ERR,ERR,ERR,ERR,ERR,ERR,ERR,ERR,ERR,ERR,ERR,ERR,ERR,ERR,ERR,ERR,ERR,ERR,ERR,ERR,ERR,ERR,ERR,ERR,ERR,ERR,ERR,ERR,ERR,ERR,ERR,ERR,ERR,ERR,ERR,ERR,ERR,ERR,ERR,50.0,60.0,100,0.0,0.0,0.0,0.0,0.0,0.0,0.0,0.0,0.0,0.0,0.0,0.0,0.0,0.0,0.0,0.0,61.6,73,14,65513,50,65476,0,300,0,0,8,20529,65476,0,0,26214,60.0,0.0,0.0,0.0,0.0,0.0
2026-05-17T18:54:21,ERR,ERR,ERR,ERR,ERR,ERR,ERR,ERR,ERR,ERR,ERR,ERR,ERR,ERR,ERR,ERR,ERR,ERR,ERR,ERR,ERR,ERR,ERR,ERR,ERR,ERR,ERR,ERR,ERR,ERR,ERR,ERR,ERR,ERR,ERR,ERR,ERR,ERR,ERR,ERR,ERR,ERR,ERR,ERR,ERR,ERR,ERR,ERR,ERR,ERR,ERR,ERR,ERR,ERR,ERR,ERR,ERR,ERR,ERR,ERR,ERR,ERR,ERR,ERR,ERR,ERR,ERR,ERR,ERR,ERR,ERR,ERR,ERR,ERR,ERR,ERR,ERR,ERR,ERR,ERR,ERR,ERR,ERR,ERR,ERR,ERR,ERR,ERR,ERR,ERR,ERR,ERR,ERR,ERR,ERR,ERR,ERR,ERR,ERR,ERR,ERR,ERR,ERR,ERR,ERR,ERR,ERR,ERR,ERR,ERR,ERR,ERR,ERR,ERR,ERR,ERR,ERR,ERR,ERR,ERR,ERR,ERR,ERR,ERR,ERR,0.0,0.0,-134474944.0,0.0,0.0,1.3936040501711995e+18,7.805,0.0,0,0,4,0,8422,0.0,45,0.0,0.0,0.0,0.0,0.0,0,0,0,0,0.0,0,0,0,0,0,0,0,0,0,0,0,0,0,0,0,0,0,0,0,0,0,0,0,0,0,0,0,0,0,0,0,0,0,38,14,7,45,65476,0,300,0,0,8,21553,0.0,-107605600.0,0.0,0.0,0.0,0.0,0.0,0.0,0.0,0.0,0.0,0.0,0.0,0.0,0.0,0.0,0.0,0.0,0.0,0.0,0.0,0.0,2.004,2.004,-0.0,0.0,0.0,0.0,0.0,0.0,4788.0,0.0,0.0,0.0,0.0,-107615280.0,2.718429300292151e+23,0.0,0.0,0.0,0.0,53,5.848083413016271e+35,-0.0,0.0,0.0,0.0,0.0,0.0,0.0,0.0,0,0,0,0.0,0.0,0.0,0.0,0.0,0.0,0.0,0.0,0.0,0.0,0.0,0.0,0.0,0.0,0.0,0.0,0,-107875648.0,53,0.0,106,-107614832.0,0.0,ERR,ERR,ERR,ERR,ERR,ERR,ERR,ERR,ERR,ERR,ERR,ERR,ERR,ERR,ERR,ERR,ERR,ERR,ERR,ERR,ERR,ERR,ERR,ERR,ERR,ERR,ERR,ERR,ERR,ERR,ERR,ERR,ERR,ERR,ERR,ERR,ERR,ERR,ERR,ERR,ERR,ERR,ERR,ERR,ERR,ERR,ERR,ERR,ERR,ERR,ERR,ERR,ERR,ERR,ERR,ERR,ERR,ERR,ERR,ERR,ERR,ERR,ERR,ERR,ERR,ERR,ERR,50.0,60.0,100,0.0,0.0,0.0,0.0,0.0,0.0,0.0,0.0,0.0,0.0,0.0,0.0,0.0,0.0,0.0,0.0,61.6,73,14,65513,50,65476,0,300,0,0,8,20529,65476,0,0,26214,60.0,0.0,0.0,0.0,0.0,0.0
2026-05-17T18:54:22,ERR,ERR,ERR,ERR,ERR,ERR,ERR,ERR,ERR,ERR,ERR,ERR,ERR,ERR,ERR,ERR,ERR,ERR,ERR,ERR,ERR,ERR,ERR,ERR,ERR,ERR,ERR,ERR,ERR,ERR,ERR,ERR,ERR,ERR,ERR,ERR,ERR,ERR,ERR,ERR,ERR,ERR,ERR,ERR,ERR,ERR,ERR,ERR,ERR,ERR,ERR,ERR,ERR,ERR,ERR,ERR,ERR,ERR,ERR,ERR,ERR,ERR,ERR,ERR,ERR,ERR,ERR,ERR,ERR,ERR,ERR,ERR,ERR,ERR,ERR,ERR,ERR,ERR,ERR,ERR,ERR,ERR,ERR,ERR,ERR,ERR,ERR,ERR,ERR,ERR,ERR,ERR,ERR,ERR,ERR,ERR,ERR,ERR,ERR,ERR,ERR,ERR,ERR,ERR,ERR,ERR,ERR,ERR,ERR,ERR,ERR,ERR,ERR,ERR,ERR,ERR,ERR,ERR,ERR,ERR,ERR,ERR,ERR,ERR,ERR,0.0,0.0,-134474944.0,0.0,0.0,1.3936040501711995e+18,7.805,0.0,0,0,4,0,8422,0.0,45,0.0,0.0,0.0,0.0,0.0,0,0,0,0,0.0,0,0,0,0,0,0,0,0,0,0,0,0,0,0,0,0,0,0,0,0,0,0,0,0,0,0,0,0,0,0,0,0,0,38,14,7,45,65476,0,300,0,0,8,21553,0.0,-107605600.0,0.0,0.0,0.0,0.0,0.0,0.0,0.0,0.0,0.0,0.0,0.0,0.0,0.0,0.0,0.0,0.0,0.0,0.0,0.0,0.0,2.004,2.004,-0.0,0.0,0.0,0.0,0.0,0.0,4788.0,0.0,0.0,0.0,0.0,-107615280.0,2.718429300292151e+23,0.0,0.0,0.0,0.0,53,5.848083413016271e+35,-0.0,0.0,0.0,0.0,0.0,0.0,0.0,0.0,0,0,0,0.0,0.0,0.0,0.0,0.0,0.0,0.0,0.0,0.0,0.0,0.0,0.0,0.0,0.0,0.0,0.0,0,-107875648.0,53,0.0,106,-107614832.0,0.0,ERR,ERR,ERR,ERR,ERR,ERR,ERR,ERR,ERR,ERR,ERR,ERR,ERR,ERR,ERR,ERR,ERR,ERR,ERR,ERR,ERR,ERR,ERR,ERR,ERR,ERR,ERR,ERR,ERR,ERR,ERR,ERR,ERR,ERR,ERR,ERR,ERR,ERR,ERR,ERR,ERR,ERR,ERR,ERR,ERR,ERR,ERR,ERR,ERR,ERR,ERR,ERR,ERR,ERR,ERR,ERR,ERR,ERR,ERR,ERR,ERR,ERR,ERR,ERR,ERR,ERR,ERR,50.0,60.0,100,0.0,0.0,0.0,0.0,0.0,0.0,0.0,0.0,0.0,0.0,0.0,0.0,0.0,0.0,0.0,0.0,61.6,73,14,65513,50,65476,0,300,0,0,8,20529,65476,0,0,26214,60.0,0.0,0.0,0.0,0.0,0.0
2026-05-17T18:54:23,ERR,ERR,ERR,ERR,ERR,ERR,ERR,ERR,ERR,ERR,ERR,ERR,ERR,ERR,ERR,ERR,ERR,ERR,ERR,ERR,ERR,ERR,ERR,ERR,ERR,ERR,ERR,ERR,ERR,ERR,ERR,ERR,ERR,ERR,ERR,ERR,ERR,ERR,ERR,ERR,ERR,ERR,ERR,ERR,ERR,ERR,ERR,ERR,ERR,ERR,ERR,ERR,ERR,ERR,ERR,ERR,ERR,ERR,ERR,ERR,ERR,ERR,ERR,ERR,ERR,ERR,ERR,ERR,ERR,ERR,ERR,ERR,ERR,ERR,ERR,ERR,ERR,ERR,ERR,ERR,ERR,ERR,ERR,ERR,ERR,ERR,ERR,ERR,ERR,ERR,ERR,ERR,ERR,ERR,ERR,ERR,ERR,ERR,ERR,ERR,ERR,ERR,ERR,ERR,ERR,ERR,ERR,ERR,ERR,ERR,ERR,ERR,ERR,ERR,ERR,ERR,ERR,ERR,ERR,ERR,ERR,ERR,ERR,ERR,ERR,0.0,0.0,-134474944.0,0.0,0.0,1.3936040501711995e+18,7.805,0.0,0,0,4,0,8422,0.0,45,0.0,0.0,0.0,0.0,0.0,0,0,0,0,0.0,0,0,0,0,0,0,0,0,0,0,0,0,0,0,0,0,0,0,0,0,0,0,0,0,0,0,0,0,0,0,0,0,0,38,14,7,45,65476,0,300,0,0,8,21553,0.0,-107605600.0,0.0,0.0,0.0,0.0,0.0,0.0,0.0,0.0,0.0,0.0,0.0,0.0,0.0,0.0,0.0,0.0,0.0,0.0,0.0,0.0,2.004,2.004,-0.0,0.0,0.0,0.0,0.0,0.0,4788.0,0.0,0.0,0.0,0.0,-107615280.0,2.718429300292151e+23,0.0,0.0,0.0,0.0,53,5.848083413016271e+35,-0.0,0.0,0.0,0.0,0.0,0.0,0.0,0.0,0,0,0,0.0,0.0,0.0,0.0,0.0,0.0,0.0,0.0,0.0,0.0,0.0,0.0,0.0,0.0,0.0,0.0,0,-107875648.0,53,0.0,106,-107614832.0,0.0,ERR,ERR,ERR,ERR,ERR,ERR,ERR,ERR,ERR,ERR,ERR,ERR,ERR,ERR,ERR,ERR,ERR,ERR,ERR,ERR,ERR,ERR,ERR,ERR,ERR,ERR,ERR,ERR,ERR,ERR,ERR,ERR,ERR,ERR,ERR,ERR,ERR,ERR,ERR,ERR,ERR,ERR,ERR,ERR,ERR,ERR,ERR,ERR,ERR,ERR,ERR,ERR,ERR,ERR,ERR,ERR,ERR,ERR,ERR,ERR,ERR,ERR,ERR,ERR,ERR,ERR,ERR,50.0,60.0,100,0.0,0.0,0.0,0.0,0.0,0.0,0.0,0.0,0.0,0.0,0.0,0.0,0.0,0.0,0.0,0.0,61.6,73,14,65513,50,65476,0,300,0,0,8,20529,65476,0,0,26214,60.0,0.0,0.0,0.0,0.0,0.0
2026-05-17T18:54:24,ERR,ERR,ERR,ERR,ERR,ERR,ERR,ERR,ERR,ERR,ERR,ERR,ERR,ERR,ERR,ERR,ERR,ERR,ERR,ERR,ERR,ERR,ERR,ERR,ERR,ERR,ERR,ERR,ERR,ERR,ERR,ERR,ERR,ERR,ERR,ERR,ERR,ERR,ERR,ERR,ERR,ERR,ERR,ERR,ERR,ERR,ERR,ERR,ERR,ERR,ERR,ERR,ERR,ERR,ERR,ERR,ERR,ERR,ERR,ERR,ERR,ERR,ERR,ERR,ERR,ERR,ERR,ERR,ERR,ERR,ERR,ERR,ERR,ERR,ERR,ERR,ERR,ERR,ERR,ERR,ERR,ERR,ERR,ERR,ERR,ERR,ERR,ERR,ERR,ERR,ERR,ERR,ERR,ERR,ERR,ERR,ERR,ERR,ERR,ERR,ERR,ERR,ERR,ERR,ERR,ERR,ERR,ERR,ERR,ERR,ERR,ERR,ERR,ERR,ERR,ERR,ERR,ERR,ERR,ERR,ERR,ERR,ERR,ERR,ERR,0.0,0.0,-134474944.0,0.0,0.0,1.3936040501711995e+18,7.805,0.0,0,0,4,0,8422,0.0,45,0.0,0.0,0.0,0.0,0.0,0,0,0,0,0.0,0,0,0,0,0,0,0,0,0,0,0,0,0,0,0,0,0,0,0,0,0,0,0,0,0,0,0,0,0,0,0,0,0,38,14,7,45,65476,0,300,0,0,8,21553,0.0,-107605600.0,0.0,0.0,0.0,0.0,0.0,0.0,0.0,0.0,0.0,0.0,0.0,0.0,0.0,0.0,0.0,0.0,0.0,0.0,0.0,0.0,2.004,2.004,-0.0,0.0,0.0,0.0,0.0,0.0,4752.0,-2.004,0.0,0.0,0.0,-107615280.0,2.718429300292151e+23,0.0,0.0,0.0,0.0,53,3.222028592685471e+26,2.718415609349284e+23,0.0,0.0,0.0,0.0,0.0,0.0,0.0,0,0,0,0.0,0.0,0.0,0.0,0.0,0.0,0.0,0.0,0.0,0.0,0.0,0.0,0.0,0.0,0.0,0.0,0,-107875648.0,53,0.0,106,-107614832.0,0.0,ERR,ERR,ERR,ERR,ERR,ERR,ERR,ERR,ERR,ERR,ERR,ERR,ERR,ERR,ERR,ERR,ERR,ERR,ERR,ERR,ERR,ERR,ERR,ERR,ERR,ERR,ERR,ERR,ERR,ERR,ERR,ERR,ERR,ERR,ERR,ERR,ERR,ERR,ERR,ERR,ERR,ERR,ERR,ERR,ERR,ERR,ERR,ERR,ERR,ERR,ERR,ERR,ERR,ERR,ERR,ERR,ERR,ERR,ERR,ERR,ERR,ERR,ERR,ERR,ERR,ERR,ERR,50.0,60.0,100,0.0,0.0,0.0,0.0,0.0,0.0,0.0,0.0,0.0,0.0,0.0,0.0,0.0,0.0,0.0,0.0,61.6,73,14,65513,50,65476,0,300,0,0,8,20529,65476,0,0,26214,60.0,0.0,0.0,0.0,0.0,0.0
2026-05-17T18:54:25,ERR,ERR,ERR,ERR,ERR,ERR,ERR,ERR,ERR,ERR,ERR,ERR,ERR,ERR,ERR,ERR,ERR,ERR,ERR,ERR,ERR,ERR,ERR,ERR,ERR,ERR,ERR,ERR,ERR,ERR,ERR,ERR,ERR,ERR,ERR,ERR,ERR,ERR,ERR,ERR,ERR,ERR,ERR,ERR,ERR,ERR,ERR,ERR,ERR,ERR,ERR,ERR,ERR,ERR,ERR,ERR,ERR,ERR,ERR,ERR,ERR,ERR,ERR,ERR,ERR,ERR,ERR,ERR,ERR,ERR,ERR,ERR,ERR,ERR,ERR,ERR,ERR,ERR,ERR,ERR,ERR,ERR,ERR,ERR,ERR,ERR,ERR,ERR,ERR,ERR,ERR,ERR,ERR,ERR,ERR,ERR,ERR,ERR,ERR,ERR,ERR,ERR,ERR,ERR,ERR,ERR,ERR,ERR,ERR,ERR,ERR,ERR,ERR,ERR,ERR,ERR,ERR,ERR,ERR,ERR,ERR,ERR,ERR,ERR,ERR,0.0,0.0,-134474944.0,0.0,0.0,1.3936040501711995e+18,7.805,0.0,0,0,4,0,8422,0.0,45,0.0,0.0,0.0,0.0,0.0,0,0,0,0,0.0,0,0,0,0,0,0,0,0,0,0,0,0,0,0,0,0,0,0,0,0,0,0,0,0,0,0,0,0,0,0,0,0,0,38,14,7,45,65476,0,300,0,0,8,21553,0.0,-107605600.0,0.0,0.0,0.0,0.0,0.0,0.0,0.0,0.0,0.0,0.0,0.0,0.0,0.0,0.0,0.0,0.0,0.0,0.0,0.0,0.0,2.004,2.004,-0.0,0.0,0.0,0.0,0.0,0.0,4752.0,-2.004,0.0,0.0,0.0,-107615280.0,2.718429300292151e+23,0.0,0.0,0.0,0.0,53,3.222028592685471e+26,2.718415609349284e+23,0.0,0.0,0.0,0.0,0.0,0.0,0.0,0,0,0,0.0,0.0,0.0,0.0,0.0,0.0,0.0,0.0,0.0,0.0,0.0,0.0,0.0,0.0,0.0,0.0,0,-107875648.0,53,0.0,106,-107614832.0,0.0,ERR,ERR,ERR,ERR,ERR,ERR,ERR,ERR,ERR,ERR,ERR,ERR,ERR,ERR,ERR,ERR,ERR,ERR,ERR,ERR,ERR,ERR,ERR,ERR,ERR,ERR,ERR,ERR,ERR,ERR,ERR,ERR,ERR,ERR,ERR,ERR,ERR,ERR,ERR,ERR,ERR,ERR,ERR,ERR,ERR,ERR,ERR,ERR,ERR,ERR,ERR,ERR,ERR,ERR,ERR,ERR,ERR,ERR,ERR,ERR,ERR,ERR,ERR,ERR,ERR,ERR,ERR,50.0,60.0,100,0.0,0.0,0.0,0.0,0.0,0.0,0.0,0.0,0.0,0.0,0.0,0.0,0.0,0.0,0.0,0.0,61.6,73,14,65513,50,65476,0,300,0,0,8,20529,65476,0,0,26214,60.0,0.0,0.0,0.0,0.0,0.0
2026-05-17T18:54:26,ERR,ERR,ERR,ERR,ERR,ERR,ERR,ERR,ERR,ERR,ERR,ERR,ERR,ERR,ERR,ERR,ERR,ERR,ERR,ERR,ERR,ERR,ERR,ERR,ERR,ERR,ERR,ERR,ERR,ERR,ERR,ERR,ERR,ERR,ERR,ERR,ERR,ERR,ERR,ERR,ERR,ERR,ERR,ERR,ERR,ERR,ERR,ERR,ERR,ERR,ERR,ERR,ERR,ERR,ERR,ERR,ERR,ERR,ERR,ERR,ERR,ERR,ERR,ERR,ERR,ERR,ERR,ERR,ERR,ERR,ERR,ERR,ERR,ERR,ERR,ERR,ERR,ERR,ERR,ERR,ERR,ERR,ERR,ERR,ERR,ERR,ERR,ERR,ERR,ERR,ERR,ERR,ERR,ERR,ERR,ERR,ERR,ERR,ERR,ERR,ERR,ERR,ERR,ERR,ERR,ERR,ERR,ERR,ERR,ERR,ERR,ERR,ERR,ERR,ERR,ERR,ERR,ERR,ERR,ERR,ERR,ERR,ERR,ERR,ERR,0.0,0.0,-134474944.0,0.0,0.0,1.3936040501711995e+18,7.805,0.0,0,0,4,0,8422,0.0,45,0.0,0.0,0.0,0.0,0.0,0,0,0,0,0.0,0,0,0,0,0,0,0,0,0,0,0,0,0,0,0,0,0,0,0,0,0,0,0,0,0,0,0,0,0,0,0,0,0,38,14,7,45,65476,0,300,0,0,8,21553,0.0,-107605600.0,0.0,0.0,0.0,0.0,0.0,0.0,0.0,0.0,0.0,0.0,0.0,0.0,0.0,0.0,0.0,0.0,0.0,0.0,0.0,0.0,2.004,2.004,-0.0,0.0,0.0,0.0,0.0,0.0,4752.0,-2.004,0.0,0.0,0.0,-107615280.0,2.718429300292151e+23,0.0,0.0,0.0,0.0,53,3.222028592685471e+26,2.718415609349284e+23,0.0,0.0,0.0,0.0,0.0,0.0,0.0,0,0,0,0.0,0.0,0.0,0.0,0.0,0.0,0.0,0.0,0.0,0.0,0.0,0.0,0.0,0.0,0.0,0.0,0,-107875648.0,53,0.0,106,-107614832.0,0.0,ERR,ERR,ERR,ERR,ERR,ERR,ERR,ERR,ERR,ERR,ERR,ERR,ERR,ERR,ERR,ERR,ERR,ERR,ERR,ERR,ERR,ERR,ERR,ERR,ERR,ERR,ERR,ERR,ERR,ERR,ERR,ERR,ERR,ERR,ERR,ERR,ERR,ERR,ERR,ERR,ERR,ERR,ERR,ERR,ERR,ERR,ERR,ERR,ERR,ERR,ERR,ERR,ERR,ERR,ERR,ERR,ERR,ERR,ERR,ERR,ERR,ERR,ERR,ERR,ERR,ERR,ERR,50.0,60.0,100,0.0,0.0,0.0,0.0,0.0,0.0,0.0,0.0,0.0,0.0,0.0,0.0,0.0,0.0,0.0,0.0,62.0,73,14,65513,50,65476,0,300,0,0,8,20529,65476,0,0,26214,60.0,0.0,0.0,0.0,0.0,0.0
2026-05-17T18:54:27,ERR,ERR,ERR,ERR,ERR,ERR,ERR,ERR,ERR,ERR,ERR,ERR,ERR,ERR,ERR,ERR,ERR,ERR,ERR,ERR,ERR,ERR,ERR,ERR,ERR,ERR,ERR,ERR,ERR,ERR,ERR,ERR,ERR,ERR,ERR,ERR,ERR,ERR,ERR,ERR,ERR,ERR,ERR,ERR,ERR,ERR,ERR,ERR,ERR,ERR,ERR,ERR,ERR,ERR,ERR,ERR,ERR,ERR,ERR,ERR,ERR,ERR,ERR,ERR,ERR,ERR,ERR,ERR,ERR,ERR,ERR,ERR,ERR,ERR,ERR,ERR,ERR,ERR,ERR,ERR,ERR,ERR,ERR,ERR,ERR,ERR,ERR,ERR,ERR,ERR,ERR,ERR,ERR,ERR,ERR,ERR,ERR,ERR,ERR,ERR,ERR,ERR,ERR,ERR,ERR,ERR,ERR,ERR,ERR,ERR,ERR,ERR,ERR,ERR,ERR,ERR,ERR,ERR,ERR,ERR,ERR,ERR,ERR,ERR,ERR,0.0,0.0,-134474944.0,0.0,0.0,1.3936040501711995e+18,7.805,0.0,0,0,4,0,8422,0.0,45,0.0,0.0,0.0,0.0,0.0,0,0,0,0,0.0,0,0,0,0,0,0,0,0,0,0,0,0,0,0,0,0,0,0,0,0,0,0,0,0,0,0,0,0,0,0,0,0,0,38,14,7,45,65476,0,300,0,0,8,21553,0.0,-107605600.0,0.0,0.0,0.0,0.0,0.0,0.0,0.0,0.0,0.0,0.0,0.0,0.0,0.0,0.0,0.0,0.0,0.0,0.0,0.0,0.0,2.004,2.004,-0.0,0.0,0.0,0.0,0.0,0.0,4752.0,-2.004,0.0,0.0,0.0,-107615280.0,2.718429300292151e+23,0.0,0.0,0.0,0.0,53,3.222028592685471e+26,2.718415609349284e+23,0.0,0.0,0.0,0.0,0.0,0.0,0.0,0,0,0,0.0,0.0,0.0,0.0,0.0,0.0,0.0,0.0,0.0,0.0,0.0,0.0,0.0,0.0,0.0,0.0,0,-107875648.0,53,0.0,106,-107614832.0,0.0,ERR,ERR,ERR,ERR,ERR,ERR,ERR,ERR,ERR,ERR,ERR,ERR,ERR,ERR,ERR,ERR,ERR,ERR,ERR,ERR,ERR,ERR,ERR,ERR,ERR,ERR,ERR,ERR,ERR,ERR,ERR,ERR,ERR,ERR,ERR,ERR,ERR,ERR,ERR,ERR,ERR,ERR,ERR,ERR,ERR,ERR,ERR,ERR,ERR,ERR,ERR,ERR,ERR,ERR,ERR,ERR,ERR,ERR,ERR,ERR,ERR,ERR,ERR,ERR,ERR,ERR,ERR,50.0,60.0,100,0.0,0.0,0.0,0.0,0.0,0.0,0.0,0.0,0.0,0.0,0.0,0.0,0.0,0.0,0.0,0.0,62.0,73,14,65513,50,65476,0,300,0,0,8,20529,65476,0,0,26214,60.0,0.0,0.0,0.0,0.0,0.0
2026-05-17T18:54:28,ERR,ERR,ERR,ERR,ERR,ERR,ERR,ERR,ERR,ERR,ERR,ERR,ERR,ERR,ERR,ERR,ERR,ERR,ERR,ERR,ERR,ERR,ERR,ERR,ERR,ERR,ERR,ERR,ERR,ERR,ERR,ERR,ERR,ERR,ERR,ERR,ERR,ERR,ERR,ERR,ERR,ERR,ERR,ERR,ERR,ERR,ERR,ERR,ERR,ERR,ERR,ERR,ERR,ERR,ERR,ERR,ERR,ERR,ERR,ERR,ERR,ERR,ERR,ERR,ERR,ERR,ERR,ERR,ERR,ERR,ERR,ERR,ERR,ERR,ERR,ERR,ERR,ERR,ERR,ERR,ERR,ERR,ERR,ERR,ERR,ERR,ERR,ERR,ERR,ERR,ERR,ERR,ERR,ERR,ERR,ERR,ERR,ERR,ERR,ERR,ERR,ERR,ERR,ERR,ERR,ERR,ERR,ERR,ERR,ERR,ERR,ERR,ERR,ERR,ERR,ERR,ERR,ERR,ERR,ERR,ERR,ERR,ERR,ERR,ERR,0.0,0.0,-134474944.0,0.0,0.0,1.3936040501711995e+18,7.805,0.0,0,0,4,0,8422,0.0,45,0.0,0.0,0.0,0.0,0.0,0,0,0,0,0.0,0,0,0,0,0,0,0,0,0,0,0,0,0,0,0,0,0,0,0,0,0,0,0,0,0,0,0,0,0,0,0,0,0,38,14,7,45,65476,0,300,0,0,8,21553,0.0,-107605600.0,0.0,0.0,0.0,0.0,0.0,0.0,0.0,0.0,0.0,0.0,0.0,0.0,0.0,0.0,0.0,0.0,0.0,0.0,0.0,0.0,2.004,2.004,-0.0,0.0,0.0,0.0,0.0,0.0,4752.0,-2.004,0.0,0.0,0.0,-107615280.0,2.718429300292151e+23,0.0,0.0,0.0,0.0,53,3.222028592685471e+26,2.718415609349284e+23,0.0,0.0,0.0,0.0,0.0,0.0,0.0,0,0,0,0.0,0.0,0.0,0.0,0.0,0.0,0.0,0.0,0.0,0.0,0.0,0.0,0.0,0.0,0.0,0.0,0,-107875648.0,53,0.0,106,-107614832.0,0.0,ERR,ERR,ERR,ERR,ERR,ERR,ERR,ERR,ERR,ERR,ERR,ERR,ERR,ERR,ERR,ERR,ERR,ERR,ERR,ERR,ERR,ERR,ERR,ERR,ERR,ERR,ERR,ERR,ERR,ERR,ERR,ERR,ERR,ERR,ERR,ERR,ERR,ERR,ERR,ERR,ERR,ERR,ERR,ERR,ERR,ERR,ERR,ERR,ERR,ERR,ERR,ERR,ERR,ERR,ERR,ERR,ERR,ERR,ERR,ERR,ERR,ERR,ERR,ERR,ERR,ERR,ERR,50.0,60.0,100,0.0,0.0,0.0,0.0,0.0,0.0,0.0,0.0,0.0,0.0,0.0,0.0,0.0,0.0,0.0,0.0,61.6,73,14,65513,50,65476,0,300,0,0,8,20529,65476,0,0,26214,60.0,0.0,0.0,0.0,0.0,0.0
2026-05-17T18:54:29,ERR,ERR,ERR,ERR,ERR,ERR,ERR,ERR,ERR,ERR,ERR,ERR,ERR,ERR,ERR,ERR,ERR,ERR,ERR,ERR,ERR,ERR,ERR,ERR,ERR,ERR,ERR,ERR,ERR,ERR,ERR,ERR,ERR,ERR,ERR,ERR,ERR,ERR,ERR,ERR,ERR,ERR,ERR,ERR,ERR,ERR,ERR,ERR,ERR,ERR,ERR,ERR,ERR,ERR,ERR,ERR,ERR,ERR,ERR,ERR,ERR,ERR,ERR,ERR,ERR,ERR,ERR,ERR,ERR,ERR,ERR,ERR,ERR,ERR,ERR,ERR,ERR,ERR,ERR,ERR,ERR,ERR,ERR,ERR,ERR,ERR,ERR,ERR,ERR,ERR,ERR,ERR,ERR,ERR,ERR,ERR,ERR,ERR,ERR,ERR,ERR,ERR,ERR,ERR,ERR,ERR,ERR,ERR,ERR,ERR,ERR,ERR,ERR,ERR,ERR,ERR,ERR,ERR,ERR,ERR,ERR,ERR,ERR,ERR,ERR,0.0,0.0,-134474944.0,0.0,0.0,1.3936040501711995e+18,7.805,0.0,0,0,4,0,8422,0.0,45,0.0,0.0,0.0,0.0,0.0,0,0,0,0,0.0,0,0,0,0,0,0,0,0,0,0,0,0,0,0,0,0,0,0,0,0,0,0,0,0,0,0,0,0,0,0,0,0,0,38,14,7,45,65476,0,300,0,0,8,21553,0.0,-107605600.0,0.0,0.0,0.0,0.0,0.0,0.0,0.0,0.0,0.0,0.0,0.0,0.0,0.0,0.0,0.0,0.0,0.0,0.0,0.0,0.0,2.004,2.004,-0.0,0.0,0.0,0.0,0.0,0.0,4752.0,1.0406643905049406e+34,0.0,0.0,0.0,0.0,2.718429300292151e+23,0.0,0.0,0.0,0.0,53,2.3088403658719416e+20,0.0,0.0,0.0,0.0,0.0,0.0,0.0,0.0,0,0,0,0.0,0.0,0.0,0.0,0.0,0.0,0.0,0.0,0.0,0.0,0.0,0.0,0.0,0.0,0.0,0.0,0,-107875648.0,53,0.0,106,-107614832.0,0.0,ERR,ERR,ERR,ERR,ERR,ERR,ERR,ERR,ERR,ERR,ERR,ERR,ERR,ERR,ERR,ERR,ERR,ERR,ERR,ERR,ERR,ERR,ERR,ERR,ERR,ERR,ERR,ERR,ERR,ERR,ERR,ERR,ERR,ERR,ERR,ERR,ERR,ERR,ERR,ERR,ERR,ERR,ERR,ERR,ERR,ERR,ERR,ERR,ERR,ERR,ERR,ERR,ERR,ERR,ERR,ERR,ERR,ERR,ERR,ERR,ERR,ERR,ERR,ERR,ERR,ERR,ERR,50.0,60.0,100,0.0,0.0,0.0,0.0,0.0,0.0,0.0,0.0,0.0,0.0,0.0,0.0,0.0,0.0,0.0,0.0,61.6,73,14,65513,50,65476,0,300,0,0,8,20529,65476,0,0,26214,60.0,0.0,0.0,0.0,0.0,0.0
2026-05-17T18:54:30,ERR,ERR,ERR,ERR,ERR,ERR,ERR,ERR,ERR,ERR,ERR,ERR,ERR,ERR,ERR,ERR,ERR,ERR,ERR,ERR,ERR,ERR,ERR,ERR,ERR,ERR,ERR,ERR,ERR,ERR,ERR,ERR,ERR,ERR,ERR,ERR,ERR,ERR,ERR,ERR,ERR,ERR,ERR,ERR,ERR,ERR,ERR,ERR,ERR,ERR,ERR,ERR,ERR,ERR,ERR,ERR,ERR,ERR,ERR,ERR,ERR,ERR,ERR,ERR,ERR,ERR,ERR,ERR,ERR,ERR,ERR,ERR,ERR,ERR,ERR,ERR,ERR,ERR,ERR,ERR,ERR,ERR,ERR,ERR,ERR,ERR,ERR,ERR,ERR,ERR,ERR,ERR,ERR,ERR,ERR,ERR,ERR,ERR,ERR,ERR,ERR,ERR,ERR,ERR,ERR,ERR,ERR,ERR,ERR,ERR,ERR,ERR,ERR,ERR,ERR,ERR,ERR,ERR,ERR,ERR,ERR,ERR,ERR,ERR,ERR,0.0,0.0,-134474944.0,0.0,0.0,1.3936040501711995e+18,7.805,0.0,0,0,4,0,8422,0.0,45,0.0,0.0,0.0,0.0,0.0,0,0,0,0,0.0,0,0,0,0,0,0,0,0,0,0,0,0,0,0,0,0,0,0,0,0,0,0,0,0,0,0,0,0,0,0,0,0,0,38,14,7,45,65476,0,300,0,0,8,21553,0.0,-107605600.0,0.0,0.0,0.0,0.0,0.0,0.0,0.0,0.0,0.0,0.0,0.0,0.0,0.0,0.0,0.0,0.0,0.0,0.0,0.0,0.0,2.004,2.004,-0.0,0.0,0.0,0.0,0.0,0.0,4752.0,1.0406643905049406e+34,0.0,0.0,0.0,0.0,2.718429300292151e+23,0.0,0.0,0.0,0.0,53,2.3088403658719416e+20,0.0,0.0,0.0,0.0,0.0,0.0,0.0,0.0,0,0,0,0.0,0.0,0.0,0.0,0.0,0.0,0.0,0.0,0.0,0.0,0.0,0.0,0.0,0.0,0.0,0.0,0,-107875648.0,53,0.0,106,-107614832.0,0.0,ERR,ERR,ERR,ERR,ERR,ERR,ERR,ERR,ERR,ERR,ERR,ERR,ERR,ERR,ERR,ERR,ERR,ERR,ERR,ERR,ERR,ERR,ERR,ERR,ERR,ERR,ERR,ERR,ERR,ERR,ERR,ERR,ERR,ERR,ERR,ERR,ERR,ERR,ERR,ERR,ERR,ERR,ERR,ERR,ERR,ERR,ERR,ERR,ERR,ERR,ERR,ERR,ERR,ERR,ERR,ERR,ERR,ERR,ERR,ERR,ERR,ERR,ERR,ERR,ERR,ERR,ERR,50.0,60.0,100,0.0,0.0,0.0,0.0,0.0,0.0,0.0,0.0,0.0,0.0,0.0,0.0,0.0,0.0,0.0,0.0,62.0,73,14,65513,50,65476,0,300,0,0,8,20529,65476,0,0,26214,60.0,0.0,0.0,0.0,0.0,0.0
2026-05-17T18:54:31,ERR,ERR,ERR,ERR,ERR,ERR,ERR,ERR,ERR,ERR,ERR,ERR,ERR,ERR,ERR,ERR,ERR,ERR,ERR,ERR,ERR,ERR,ERR,ERR,ERR,ERR,ERR,ERR,ERR,ERR,ERR,ERR,ERR,ERR,ERR,ERR,ERR,ERR,ERR,ERR,ERR,ERR,ERR,ERR,ERR,ERR,ERR,ERR,ERR,ERR,ERR,ERR,ERR,ERR,ERR,ERR,ERR,ERR,ERR,ERR,ERR,ERR,ERR,ERR,ERR,ERR,ERR,ERR,ERR,ERR,ERR,ERR,ERR,ERR,ERR,ERR,ERR,ERR,ERR,ERR,ERR,ERR,ERR,ERR,ERR,ERR,ERR,ERR,ERR,ERR,ERR,ERR,ERR,ERR,ERR,ERR,ERR,ERR,ERR,ERR,ERR,ERR,ERR,ERR,ERR,ERR,ERR,ERR,ERR,ERR,ERR,ERR,ERR,ERR,ERR,ERR,ERR,ERR,ERR,ERR,ERR,ERR,ERR,ERR,ERR,0.0,0.0,-134474944.0,0.0,0.0,1.3936040501711995e+18,7.805,0.0,0,0,4,0,8422,0.0,45,0.0,0.0,0.0,0.0,0.0,0,0,0,0,0.0,0,0,0,0,0,0,0,0,0,0,0,0,0,0,0,0,0,0,0,0,0,0,0,0,0,0,0,0,0,0,0,0,0,38,14,7,45,65476,0,300,0,0,8,21553,0.0,-107605600.0,0.0,0.0,0.0,0.0,0.0,0.0,0.0,0.0,0.0,0.0,0.0,0.0,0.0,0.0,0.0,0.0,0.0,0.0,0.0,0.0,2.004,2.004,-0.0,0.0,0.0,0.0,0.0,0.0,4752.0,1.0406643905049406e+34,0.0,0.0,0.0,0.0,2.718429300292151e+23,0.0,0.0,0.0,0.0,53,2.3088403658719416e+20,0.0,0.0,0.0,0.0,0.0,0.0,0.0,0.0,0,0,0,0.0,0.0,0.0,0.0,0.0,0.0,0.0,0.0,0.0,0.0,0.0,0.0,0.0,0.0,0.0,0.0,0,-107875648.0,53,0.0,106,-107614832.0,0.0,ERR,ERR,ERR,ERR,ERR,ERR,ERR,ERR,ERR,ERR,ERR,ERR,ERR,ERR,ERR,ERR,ERR,ERR,ERR,ERR,ERR,ERR,ERR,ERR,ERR,ERR,ERR,ERR,ERR,ERR,ERR,ERR,ERR,ERR,ERR,ERR,ERR,ERR,ERR,ERR,ERR,ERR,ERR,ERR,ERR,ERR,ERR,ERR,ERR,ERR,ERR,ERR,ERR,ERR,ERR,ERR,ERR,ERR,ERR,ERR,ERR,ERR,ERR,ERR,ERR,ERR,ERR,50.0,60.0,100,0.0,0.0,0.0,0.0,0.0,0.0,0.0,0.0,0.0,0.0,0.0,0.0,0.0,0.0,0.0,0.0,62.0,73,14,65513,50,65476,0,300,0,0,8,20529,65476,0,0,26214,60.0,0.0,0.0,0.0,0.0,0.0
2026-05-17T18:54:32,ERR,ERR,ERR,ERR,ERR,ERR,ERR,ERR,ERR,ERR,ERR,ERR,ERR,ERR,ERR,ERR,ERR,ERR,ERR,ERR,ERR,ERR,ERR,ERR,ERR,ERR,ERR,ERR,ERR,ERR,ERR,ERR,ERR,ERR,ERR,ERR,ERR,ERR,ERR,ERR,ERR,ERR,ERR,ERR,ERR,ERR,ERR,ERR,ERR,ERR,ERR,ERR,ERR,ERR,ERR,ERR,ERR,ERR,ERR,ERR,ERR,ERR,ERR,ERR,ERR,ERR,ERR,ERR,ERR,ERR,ERR,ERR,ERR,ERR,ERR,ERR,ERR,ERR,ERR,ERR,ERR,ERR,ERR,ERR,ERR,ERR,ERR,ERR,ERR,ERR,ERR,ERR,ERR,ERR,ERR,ERR,ERR,ERR,ERR,ERR,ERR,ERR,ERR,ERR,ERR,ERR,ERR,ERR,ERR,ERR,ERR,ERR,ERR,ERR,ERR,ERR,ERR,ERR,ERR,ERR,ERR,ERR,ERR,ERR,ERR,0.0,0.0,-134474944.0,0.0,0.0,1.3936040501711995e+18,7.805,0.0,0,0,4,0,8422,0.0,45,0.0,0.0,0.0,0.0,0.0,0,0,0,0,0.0,0,0,0,0,0,0,0,0,0,0,0,0,0,0,0,0,0,0,0,0,0,0,0,0,0,0,0,0,0,0,0,0,0,38,14,7,45,65476,0,300,0,0,8,21553,0.0,-107605600.0,0.0,0.0,0.0,0.0,0.0,0.0,0.0,0.0,0.0,0.0,0.0,0.0,0.0,0.0,0.0,0.0,0.0,0.0,0.0,0.0,2.004,2.004,-0.0,0.0,0.0,0.0,0.0,0.0,4752.0,1.0406643905049406e+34,0.0,0.0,0.0,0.0,2.718429300292151e+23,0.0,0.0,0.0,0.0,53,2.3088403658719416e+20,0.0,0.0,0.0,0.0,0.0,0.0,0.0,0.0,0,0,0,0.0,0.0,0.0,0.0,0.0,0.0,0.0,0.0,0.0,0.0,0.0,0.0,0.0,0.0,0.0,0.0,0,-107875648.0,53,0.0,106,-107614832.0,0.0,ERR,ERR,ERR,ERR,ERR,ERR,ERR,ERR,ERR,ERR,ERR,ERR,ERR,ERR,ERR,ERR,ERR,ERR,ERR,ERR,ERR,ERR,ERR,ERR,ERR,ERR,ERR,ERR,ERR,ERR,ERR,ERR,ERR,ERR,ERR,ERR,ERR,ERR,ERR,ERR,ERR,ERR,ERR,ERR,ERR,ERR,ERR,ERR,ERR,ERR,ERR,ERR,ERR,ERR,ERR,ERR,ERR,ERR,ERR,ERR,ERR,ERR,ERR,ERR,ERR,ERR,ERR,50.0,60.0,100,0.0,0.0,0.0,0.0,0.0,0.0,0.0,0.0,0.0,0.0,0.0,0.0,0.0,0.0,0.0,0.0,62.0,73,14,65513,50,65476,0,300,0,0,8,20529,65476,0,0,26214,60.0,0.0,0.0,0.0,0.0,0.0
2026-05-17T18:54:33,ERR,ERR,ERR,ERR,ERR,ERR,ERR,ERR,ERR,ERR,ERR,ERR,ERR,ERR,ERR,ERR,ERR,ERR,ERR,ERR,ERR,ERR,ERR,ERR,ERR,ERR,ERR,ERR,ERR,ERR,ERR,ERR,ERR,ERR,ERR,ERR,ERR,ERR,ERR,ERR,ERR,ERR,ERR,ERR,ERR,ERR,ERR,ERR,ERR,ERR,ERR,ERR,ERR,ERR,ERR,ERR,ERR,ERR,ERR,ERR,ERR,ERR,ERR,ERR,ERR,ERR,ERR,ERR,ERR,ERR,ERR,ERR,ERR,ERR,ERR,ERR,ERR,ERR,ERR,ERR,ERR,ERR,ERR,ERR,ERR,ERR,ERR,ERR,ERR,ERR,ERR,ERR,ERR,ERR,ERR,ERR,ERR,ERR,ERR,ERR,ERR,ERR,ERR,ERR,ERR,ERR,ERR,ERR,ERR,ERR,ERR,ERR,ERR,ERR,ERR,ERR,ERR,ERR,ERR,ERR,ERR,ERR,ERR,ERR,ERR,0.0,0.0,-134474944.0,0.0,0.0,1.3936040501711995e+18,7.805,0.0,0,0,4,0,8422,0.0,45,0.0,0.0,0.0,0.0,0.0,0,0,0,0,0.0,0,0,0,0,0,0,0,0,0,0,0,0,0,0,0,0,0,0,0,0,0,0,0,0,0,0,0,0,0,0,0,0,0,38,14,7,45,65476,0,300,0,0,8,21553,0.0,-107605600.0,0.0,0.0,0.0,0.0,0.0,0.0,0.0,0.0,0.0,0.0,0.0,0.0,0.0,0.0,0.0,0.0,0.0,0.0,0.0,0.0,2.004,2.004,-0.0,0.0,0.0,0.0,0.0,0.0,4752.0,1.0406643905049406e+34,0.0,0.0,0.0,0.0,2.718429300292151e+23,0.0,0.0,0.0,0.0,53,2.3088403658719416e+20,0.0,0.0,0.0,0.0,0.0,0.0,0.0,0.0,0,0,0,0.0,0.0,0.0,0.0,0.0,0.0,0.0,0.0,0.0,0.0,0.0,0.0,0.0,0.0,0.0,0.0,0,-107875648.0,53,0.0,106,-107614832.0,0.0,ERR,ERR,ERR,ERR,ERR,ERR,ERR,ERR,ERR,ERR,ERR,ERR,ERR,ERR,ERR,ERR,ERR,ERR,ERR,ERR,ERR,ERR,ERR,ERR,ERR,ERR,ERR,ERR,ERR,ERR,ERR,ERR,ERR,ERR,ERR,ERR,ERR,ERR,ERR,ERR,ERR,ERR,ERR,ERR,ERR,ERR,ERR,ERR,ERR,ERR,ERR,ERR,ERR,ERR,ERR,ERR,ERR,ERR,ERR,ERR,ERR,ERR,ERR,ERR,ERR,ERR,ERR,50.0,60.0,100,0.0,0.0,0.0,0.0,0.0,0.0,0.0,0.0,0.0,0.0,0.0,0.0,0.0,0.0,0.0,0.0,61.6,73,14,65513,50,65476,0,300,0,0,8,20529,65476,0,0,26214,60.0,0.0,0.0,0.0,0.0,0.0
2026-05-17T18:54:34,ERR,ERR,ERR,ERR,ERR,ERR,ERR,ERR,ERR,ERR,ERR,ERR,ERR,ERR,ERR,ERR,ERR,ERR,ERR,ERR,ERR,ERR,ERR,ERR,ERR,ERR,ERR,ERR,ERR,ERR,ERR,ERR,ERR,ERR,ERR,ERR,ERR,ERR,ERR,ERR,ERR,ERR,ERR,ERR,ERR,ERR,ERR,ERR,ERR,ERR,ERR,ERR,ERR,ERR,ERR,ERR,ERR,ERR,ERR,ERR,ERR,ERR,ERR,ERR,ERR,ERR,ERR,ERR,ERR,ERR,ERR,ERR,ERR,ERR,ERR,ERR,ERR,ERR,ERR,ERR,ERR,ERR,ERR,ERR,ERR,ERR,ERR,ERR,ERR,ERR,ERR,ERR,ERR,ERR,ERR,ERR,ERR,ERR,ERR,ERR,ERR,ERR,ERR,ERR,ERR,ERR,ERR,ERR,ERR,ERR,ERR,ERR,ERR,ERR,ERR,ERR,ERR,ERR,ERR,ERR,ERR,ERR,ERR,ERR,ERR,0.0,0.0,-134474944.0,0.0,0.0,1.3936040501711995e+18,7.805,0.0,0,0,4,0,8422,0.0,45,0.0,0.0,0.0,0.0,0.0,0,0,0,0,0.0,0,0,0,0,0,0,0,0,0,0,0,0,0,0,0,0,0,0,0,0,0,0,0,0,0,0,0,0,0,0,0,0,0,38,14,7,45,65476,0,300,0,0,8,21553,0.0,-107605600.0,0.0,0.0,0.0,0.0,0.0,0.0,0.0,0.0,0.0,0.0,0.0,0.0,0.0,0.0,0.0,0.0,0.0,0.0,0.0,0.0,2.004,2.004,-0.0,0.0,0.0,0.0,0.0,0.0,4721.0,-1.5879276530623424e+29,0.0,0.0,0.0,-107615280.0,2.718429300292151e+23,0.0,0.0,0.0,0.0,53,3.222028592685471e+26,1.9056840329815654e+17,0.0,0.0,0.0,0.0,0.0,0.0,0.0,0,0,0,0.0,0.0,0.0,0.0,0.0,0.0,0.0,0.0,0.0,0.0,0.0,0.0,0.0,0.0,0.0,0.0,0,-107875648.0,53,0.0,106,-107614832.0,-107351008.0,ERR,ERR,ERR,ERR,ERR,ERR,ERR,ERR,ERR,ERR,ERR,ERR,ERR,ERR,ERR,ERR,ERR,ERR,ERR,ERR,ERR,ERR,ERR,ERR,ERR,ERR,ERR,ERR,ERR,ERR,ERR,ERR,ERR,ERR,ERR,ERR,ERR,ERR,ERR,ERR,ERR,ERR,ERR,ERR,ERR,ERR,ERR,ERR,ERR,ERR,ERR,ERR,ERR,ERR,ERR,ERR,ERR,ERR,ERR,ERR,ERR,ERR,ERR,ERR,ERR,ERR,ERR,50.0,60.0,100,0.0,0.0,0.0,0.0,0.0,0.0,0.0,0.0,0.0,0.0,0.0,0.0,0.0,0.0,0.0,0.0,61.6,73,14,65513,50,65476,0,300,0,0,8,20529,65476,0,0,26214,60.0,0.0,0.0,0.0,0.0,0.0
2026-05-17T18:54:35,ERR,ERR,ERR,ERR,ERR,ERR,ERR,ERR,ERR,ERR,ERR,ERR,ERR,ERR,ERR,ERR,ERR,ERR,ERR,ERR,ERR,ERR,ERR,ERR,ERR,ERR,ERR,ERR,ERR,ERR,ERR,ERR,ERR,ERR,ERR,ERR,ERR,ERR,ERR,ERR,ERR,ERR,ERR,ERR,ERR,ERR,ERR,ERR,ERR,ERR,ERR,ERR,ERR,ERR,ERR,ERR,ERR,ERR,ERR,ERR,ERR,ERR,ERR,ERR,ERR,ERR,ERR,ERR,ERR,ERR,ERR,ERR,ERR,ERR,ERR,ERR,ERR,ERR,ERR,ERR,ERR,ERR,ERR,ERR,ERR,ERR,ERR,ERR,ERR,ERR,ERR,ERR,ERR,ERR,ERR,ERR,ERR,ERR,ERR,ERR,ERR,ERR,ERR,ERR,ERR,ERR,ERR,ERR,ERR,ERR,ERR,ERR,ERR,ERR,ERR,ERR,ERR,ERR,ERR,ERR,ERR,ERR,ERR,ERR,ERR,0.0,0.0,-134474944.0,0.0,0.0,1.3936040501711995e+18,7.805,0.0,0,0,4,0,8422,0.0,45,0.0,0.0,0.0,0.0,0.0,0,0,0,0,0.0,0,0,0,0,0,0,0,0,0,0,0,0,0,0,0,0,0,0,0,0,0,0,0,0,0,0,0,0,0,0,0,0,0,38,14,7,45,65476,0,300,0,0,8,21553,0.0,-107605600.0,0.0,0.0,0.0,0.0,0.0,0.0,0.0,0.0,0.0,0.0,0.0,0.0,0.0,0.0,0.0,0.0,0.0,0.0,0.0,0.0,2.004,2.004,-0.0,0.0,0.0,0.0,0.0,0.0,4721.0,-1.5879276530623424e+29,0.0,0.0,0.0,-107615280.0,2.718429300292151e+23,0.0,0.0,0.0,0.0,53,3.222028592685471e+26,1.9056840329815654e+17,0.0,0.0,0.0,0.0,0.0,0.0,0.0,0,0,0,0.0,0.0,0.0,0.0,0.0,0.0,0.0,0.0,0.0,0.0,0.0,0.0,0.0,0.0,0.0,0.0,0,-107875648.0,53,0.0,106,-107614832.0,-107351008.0,ERR,ERR,ERR,ERR,ERR,ERR,ERR,ERR,ERR,ERR,ERR,ERR,ERR,ERR,ERR,ERR,ERR,ERR,ERR,ERR,ERR,ERR,ERR,ERR,ERR,ERR,ERR,ERR,ERR,ERR,ERR,ERR,ERR,ERR,ERR,ERR,ERR,ERR,ERR,ERR,ERR,ERR,ERR,ERR,ERR,ERR,ERR,ERR,ERR,ERR,ERR,ERR,ERR,ERR,ERR,ERR,ERR,ERR,ERR,ERR,ERR,ERR,ERR,ERR,ERR,ERR,ERR,50.0,60.0,100,0.0,0.0,0.0,0.0,0.0,0.0,0.0,0.0,0.0,0.0,0.0,0.0,0.0,0.0,0.0,0.0,62.0,73,14,65513,50,65476,0,300,0,0,8,20529,65476,0,0,26214,60.0,0.0,0.0,0.0,0.0,0.0
2026-05-17T18:54:36,ERR,ERR,ERR,ERR,ERR,ERR,ERR,ERR,ERR,ERR,ERR,ERR,ERR,ERR,ERR,ERR,ERR,ERR,ERR,ERR,ERR,ERR,ERR,ERR,ERR,ERR,ERR,ERR,ERR,ERR,ERR,ERR,ERR,ERR,ERR,ERR,ERR,ERR,ERR,ERR,ERR,ERR,ERR,ERR,ERR,ERR,ERR,ERR,ERR,ERR,ERR,ERR,ERR,ERR,ERR,ERR,ERR,ERR,ERR,ERR,ERR,ERR,ERR,ERR,ERR,ERR,ERR,ERR,ERR,ERR,ERR,ERR,ERR,ERR,ERR,ERR,ERR,ERR,ERR,ERR,ERR,ERR,ERR,ERR,ERR,ERR,ERR,ERR,ERR,ERR,ERR,ERR,ERR,ERR,ERR,ERR,ERR,ERR,ERR,ERR,ERR,ERR,ERR,ERR,ERR,ERR,ERR,ERR,ERR,ERR,ERR,ERR,ERR,ERR,ERR,ERR,ERR,ERR,ERR,ERR,ERR,ERR,ERR,ERR,ERR,0.0,0.0,-134474944.0,0.0,0.0,1.3936040501711995e+18,7.805,0.0,0,0,4,0,8422,0.0,45,0.0,0.0,0.0,0.0,0.0,0,0,0,0,0.0,0,0,0,0,0,0,0,0,0,0,0,0,0,0,0,0,0,0,0,0,0,0,0,0,0,0,0,0,0,0,0,0,0,38,14,7,45,65476,0,300,0,0,8,21553,0.0,-107605600.0,0.0,0.0,0.0,0.0,0.0,0.0,0.0,0.0,0.0,0.0,0.0,0.0,0.0,0.0,0.0,0.0,0.0,0.0,0.0,0.0,2.004,2.004,-0.0,0.0,0.0,0.0,0.0,0.0,4721.0,-1.5879276530623424e+29,0.0,0.0,0.0,-107615280.0,2.718429300292151e+23,0.0,0.0,0.0,0.0,53,3.222028592685471e+26,1.9056840329815654e+17,0.0,0.0,0.0,0.0,0.0,0.0,0.0,0,0,0,0.0,0.0,0.0,0.0,0.0,0.0,0.0,0.0,0.0,0.0,0.0,0.0,0.0,0.0,0.0,0.0,0,-107875648.0,53,0.0,106,-107614832.0,-107351008.0,ERR,ERR,ERR,ERR,ERR,ERR,ERR,ERR,ERR,ERR,ERR,ERR,ERR,ERR,ERR,ERR,ERR,ERR,ERR,ERR,ERR,ERR,ERR,ERR,ERR,ERR,ERR,ERR,ERR,ERR,ERR,ERR,ERR,ERR,ERR,ERR,ERR,ERR,ERR,ERR,ERR,ERR,ERR,ERR,ERR,ERR,ERR,ERR,ERR,ERR,ERR,ERR,ERR,ERR,ERR,ERR,ERR,ERR,ERR,ERR,ERR,ERR,ERR,ERR,ERR,ERR,ERR,50.0,60.0,100,0.0,0.0,0.0,0.0,0.0,0.0,0.0,0.0,0.0,0.0,0.0,0.0,0.0,0.0,0.0,0.0,62.0,73,14,65513,50,65476,0,300,0,0,8,20529,65476,0,0,26214,60.0,0.0,0.0,0.0,0.0,0.0
2026-05-17T18:54:37,ERR,ERR,ERR,ERR,ERR,ERR,ERR,ERR,ERR,ERR,ERR,ERR,ERR,ERR,ERR,ERR,ERR,ERR,ERR,ERR,ERR,ERR,ERR,ERR,ERR,ERR,ERR,ERR,ERR,ERR,ERR,ERR,ERR,ERR,ERR,ERR,ERR,ERR,ERR,ERR,ERR,ERR,ERR,ERR,ERR,ERR,ERR,ERR,ERR,ERR,ERR,ERR,ERR,ERR,ERR,ERR,ERR,ERR,ERR,ERR,ERR,ERR,ERR,ERR,ERR,ERR,ERR,ERR,ERR,ERR,ERR,ERR,ERR,ERR,ERR,ERR,ERR,ERR,ERR,ERR,ERR,ERR,ERR,ERR,ERR,ERR,ERR,ERR,ERR,ERR,ERR,ERR,ERR,ERR,ERR,ERR,ERR,ERR,ERR,ERR,ERR,ERR,ERR,ERR,ERR,ERR,ERR,ERR,ERR,ERR,ERR,ERR,ERR,ERR,ERR,ERR,ERR,ERR,ERR,ERR,ERR,ERR,ERR,ERR,ERR,0.0,0.0,-134474944.0,0.0,0.0,1.3936040501711995e+18,7.805,0.0,0,0,4,0,8422,0.0,45,0.0,0.0,0.0,0.0,0.0,0,0,0,0,0.0,0,0,0,0,0,0,0,0,0,0,0,0,0,0,0,0,0,0,0,0,0,0,0,0,0,0,0,0,0,0,0,0,0,38,14,7,45,65476,0,300,0,0,8,21553,0.0,-107605600.0,0.0,0.0,0.0,0.0,0.0,0.0,0.0,0.0,0.0,0.0,0.0,0.0,0.0,0.0,0.0,0.0,0.0,0.0,0.0,0.0,2.004,2.004,-0.0,0.0,0.0,0.0,0.0,0.0,4721.0,-1.5879276530623424e+29,0.0,0.0,0.0,-107615280.0,2.718429300292151e+23,0.0,0.0,0.0,0.0,53,3.222028592685471e+26,1.9056840329815654e+17,0.0,0.0,0.0,0.0,0.0,0.0,0.0,0,0,0,0.0,0.0,0.0,0.0,0.0,0.0,0.0,0.0,0.0,0.0,0.0,0.0,0.0,0.0,0.0,0.0,0,-107875648.0,53,0.0,106,-107614832.0,-107351008.0,ERR,ERR,ERR,ERR,ERR,ERR,ERR,ERR,ERR,ERR,ERR,ERR,ERR,ERR,ERR,ERR,ERR,ERR,ERR,ERR,ERR,ERR,ERR,ERR,ERR,ERR,ERR,ERR,ERR,ERR,ERR,ERR,ERR,ERR,ERR,ERR,ERR,ERR,ERR,ERR,ERR,ERR,ERR,ERR,ERR,ERR,ERR,ERR,ERR,ERR,ERR,ERR,ERR,ERR,ERR,ERR,ERR,ERR,ERR,ERR,ERR,ERR,ERR,ERR,ERR,ERR,ERR,50.0,60.0,100,0.0,0.0,0.0,0.0,0.0,0.0,0.0,0.0,0.0,0.0,0.0,0.0,0.0,0.0,0.0,0.0,62.0,73,14,65513,50,65476,0,300,0,0,8,20529,65476,0,0,26214,60.0,0.0,0.0,0.0,0.0,0.0
2026-05-17T18:54:38,ERR,ERR,ERR,ERR,ERR,ERR,ERR,ERR,ERR,ERR,ERR,ERR,ERR,ERR,ERR,ERR,ERR,ERR,ERR,ERR,ERR,ERR,ERR,ERR,ERR,ERR,ERR,ERR,ERR,ERR,ERR,ERR,ERR,ERR,ERR,ERR,ERR,ERR,ERR,ERR,ERR,ERR,ERR,ERR,ERR,ERR,ERR,ERR,ERR,ERR,ERR,ERR,ERR,ERR,ERR,ERR,ERR,ERR,ERR,ERR,ERR,ERR,ERR,ERR,ERR,ERR,ERR,ERR,ERR,ERR,ERR,ERR,ERR,ERR,ERR,ERR,ERR,ERR,ERR,ERR,ERR,ERR,ERR,ERR,ERR,ERR,ERR,ERR,ERR,ERR,ERR,ERR,ERR,ERR,ERR,ERR,ERR,ERR,ERR,ERR,ERR,ERR,ERR,ERR,ERR,ERR,ERR,ERR,ERR,ERR,ERR,ERR,ERR,ERR,ERR,ERR,ERR,ERR,ERR,ERR,ERR,ERR,ERR,ERR,ERR,0.0,0.0,-134474944.0,0.0,0.0,1.3936040501711995e+18,7.805,0.0,0,0,4,0,8422,0.0,45,0.0,0.0,0.0,0.0,0.0,0,0,0,0,0.0,0,0,0,0,0,0,0,0,0,0,0,0,0,0,0,0,0,0,0,0,0,0,0,0,0,0,0,0,0,0,0,0,0,38,14,7,45,65476,0,300,0,0,8,21553,0.0,-107605600.0,0.0,0.0,0.0,0.0,0.0,0.0,0.0,0.0,0.0,0.0,0.0,0.0,0.0,0.0,0.0,0.0,0.0,0.0,0.0,0.0,2.004,2.004,-0.0,0.0,0.0,0.0,0.0,0.0,4721.0,-1.5879276530623424e+29,0.0,0.0,0.0,-107615280.0,2.718429300292151e+23,0.0,0.0,0.0,0.0,53,3.222028592685471e+26,1.9056840329815654e+17,0.0,0.0,0.0,0.0,0.0,0.0,0.0,0,0,0,0.0,0.0,0.0,0.0,0.0,0.0,0.0,0.0,0.0,0.0,0.0,0.0,0.0,0.0,0.0,0.0,0,-107875648.0,53,0.0,106,-107614832.0,-107351008.0,ERR,ERR,ERR,ERR,ERR,ERR,ERR,ERR,ERR,ERR,ERR,ERR,ERR,ERR,ERR,ERR,ERR,ERR,ERR,ERR,ERR,ERR,ERR,ERR,ERR,ERR,ERR,ERR,ERR,ERR,ERR,ERR,ERR,ERR,ERR,ERR,ERR,ERR,ERR,ERR,ERR,ERR,ERR,ERR,ERR,ERR,ERR,ERR,ERR,ERR,ERR,ERR,ERR,ERR,ERR,ERR,ERR,ERR,ERR,ERR,ERR,ERR,ERR,ERR,ERR,ERR,ERR,50.0,60.0,100,0.0,0.0,0.0,0.0,0.0,0.0,0.0,0.0,0.0,0.0,0.0,0.0,0.0,0.0,0.0,0.0,61.6,73,14,65513,50,65476,0,300,0,0,8,20529,65476,0,0,26214,60.0,0.0,0.0,0.0,0.0,0.0
2026-05-17T18:54:39,ERR,ERR,ERR,ERR,ERR,ERR,ERR,ERR,ERR,ERR,ERR,ERR,ERR,ERR,ERR,ERR,ERR,ERR,ERR,ERR,ERR,ERR,ERR,ERR,ERR,ERR,ERR,ERR,ERR,ERR,ERR,ERR,ERR,ERR,ERR,ERR,ERR,ERR,ERR,ERR,ERR,ERR,ERR,ERR,ERR,ERR,ERR,ERR,ERR,ERR,ERR,ERR,ERR,ERR,ERR,ERR,ERR,ERR,ERR,ERR,ERR,ERR,ERR,ERR,ERR,ERR,ERR,ERR,ERR,ERR,ERR,ERR,ERR,ERR,ERR,ERR,ERR,ERR,ERR,ERR,ERR,ERR,ERR,ERR,ERR,ERR,ERR,ERR,ERR,ERR,ERR,ERR,ERR,ERR,ERR,ERR,ERR,ERR,ERR,ERR,ERR,ERR,ERR,ERR,ERR,ERR,ERR,ERR,ERR,ERR,ERR,ERR,ERR,ERR,ERR,ERR,ERR,ERR,ERR,ERR,ERR,ERR,ERR,ERR,ERR,0.0,0.0,-134474944.0,0.0,0.0,1.3936040501711995e+18,7.805,0.0,0,0,4,0,8422,0.0,45,0.0,0.0,0.0,0.0,0.0,0,0,0,0,0.0,0,0,0,0,0,0,0,0,0,0,0,0,0,0,0,0,0,0,0,0,0,0,0,0,0,0,0,0,0,0,0,0,0,38,14,7,45,65476,0,300,0,0,8,21553,0.0,-107605600.0,0.0,0.0,0.0,0.0,0.0,0.0,0.0,0.0,0.0,0.0,0.0,0.0,0.0,0.0,0.0,0.0,0.0,0.0,0.0,0.0,2.004,2.004,-0.0,0.0,0.0,0.0,0.0,0.0,4726.0,-0.0,0.0,0.0,0.0,-107615280.0,2.718429300292151e+23,0.0,0.0,0.0,0.0,53,-0.0,0.0,0.0,0.0,0.0,0.0,0.0,0.0,0.0,0,0,0,0.0,0.0,0.0,0.0,0.0,0.0,0.0,0.0,0.0,0.0,0.0,0.0,0.0,0.0,0.0,0.0,0,-107875648.0,53,0.0,106,-107614832.0,-107351008.0,ERR,ERR,ERR,ERR,ERR,ERR,ERR,ERR,ERR,ERR,ERR,ERR,ERR,ERR,ERR,ERR,ERR,ERR,ERR,ERR,ERR,ERR,ERR,ERR,ERR,ERR,ERR,ERR,ERR,ERR,ERR,ERR,ERR,ERR,ERR,ERR,ERR,ERR,ERR,ERR,ERR,ERR,ERR,ERR,ERR,ERR,ERR,ERR,ERR,ERR,ERR,ERR,ERR,ERR,ERR,ERR,ERR,ERR,ERR,ERR,ERR,ERR,ERR,ERR,ERR,ERR,ERR,50.0,60.0,100,0.0,0.0,0.0,0.0,0.0,0.0,0.0,0.0,0.0,0.0,0.0,0.0,0.0,0.0,0.0,0.0,61.6,73,14,65513,50,65476,0,300,0,0,8,20529,65476,0,0,26214,60.0,0.0,0.0,0.0,0.0,0.0
2026-05-17T18:54:40,ERR,ERR,ERR,ERR,ERR,ERR,ERR,ERR,ERR,ERR,ERR,ERR,ERR,ERR,ERR,ERR,ERR,ERR,ERR,ERR,ERR,ERR,ERR,ERR,ERR,ERR,ERR,ERR,ERR,ERR,ERR,ERR,ERR,ERR,ERR,ERR,ERR,ERR,ERR,ERR,ERR,ERR,ERR,ERR,ERR,ERR,ERR,ERR,ERR,ERR,ERR,ERR,ERR,ERR,ERR,ERR,ERR,ERR,ERR,ERR,ERR,ERR,ERR,ERR,ERR,ERR,ERR,ERR,ERR,ERR,ERR,ERR,ERR,ERR,ERR,ERR,ERR,ERR,ERR,ERR,ERR,ERR,ERR,ERR,ERR,ERR,ERR,ERR,ERR,ERR,ERR,ERR,ERR,ERR,ERR,ERR,ERR,ERR,ERR,ERR,ERR,ERR,ERR,ERR,ERR,ERR,ERR,ERR,ERR,ERR,ERR,ERR,ERR,ERR,ERR,ERR,ERR,ERR,ERR,ERR,ERR,ERR,ERR,ERR,ERR,0.0,0.0,-134474944.0,0.0,0.0,1.3936040501711995e+18,7.805,0.0,0,0,4,0,8422,0.0,45,0.0,0.0,0.0,0.0,0.0,0,0,0,0,0.0,0,0,0,0,0,0,0,0,0,0,0,0,0,0,0,0,0,0,0,0,0,0,0,0,0,0,0,0,0,0,0,0,0,38,14,7,45,65476,0,300,0,0,8,21553,0.0,-107605600.0,0.0,0.0,0.0,0.0,0.0,0.0,0.0,0.0,0.0,0.0,0.0,0.0,0.0,0.0,0.0,0.0,0.0,0.0,0.0,0.0,2.004,2.004,-0.0,0.0,0.0,0.0,0.0,0.0,4726.0,-0.0,0.0,0.0,0.0,-107615280.0,2.718429300292151e+23,0.0,0.0,0.0,0.0,53,-0.0,0.0,0.0,0.0,0.0,0.0,0.0,0.0,0.0,0,0,0,0.0,0.0,0.0,0.0,0.0,0.0,0.0,0.0,0.0,0.0,0.0,0.0,0.0,0.0,0.0,0.0,0,-107875648.0,53,0.0,106,-107614832.0,-107351008.0,ERR,ERR,ERR,ERR,ERR,ERR,ERR,ERR,ERR,ERR,ERR,ERR,ERR,ERR,ERR,ERR,ERR,ERR,ERR,ERR,ERR,ERR,ERR,ERR,ERR,ERR,ERR,ERR,ERR,ERR,ERR,ERR,ERR,ERR,ERR,ERR,ERR,ERR,ERR,ERR,ERR,ERR,ERR,ERR,ERR,ERR,ERR,ERR,ERR,ERR,ERR,ERR,ERR,ERR,ERR,ERR,ERR,ERR,ERR,ERR,ERR,ERR,ERR,ERR,ERR,ERR,ERR,50.0,60.0,100,0.0,0.0,0.0,0.0,0.0,0.0,0.0,0.0,0.0,0.0,0.0,0.0,0.0,0.0,0.0,0.0,61.6,73,14,65513,50,65476,0,300,0,0,8,20529,65476,0,0,26214,60.0,0.0,0.0,0.0,0.0,0.0
2026-05-17T18:54:41,ERR,ERR,ERR,ERR,ERR,ERR,ERR,ERR,ERR,ERR,ERR,ERR,ERR,ERR,ERR,ERR,ERR,ERR,ERR,ERR,ERR,ERR,ERR,ERR,ERR,ERR,ERR,ERR,ERR,ERR,ERR,ERR,ERR,ERR,ERR,ERR,ERR,ERR,ERR,ERR,ERR,ERR,ERR,ERR,ERR,ERR,ERR,ERR,ERR,ERR,ERR,ERR,ERR,ERR,ERR,ERR,ERR,ERR,ERR,ERR,ERR,ERR,ERR,ERR,ERR,ERR,ERR,ERR,ERR,ERR,ERR,ERR,ERR,ERR,ERR,ERR,ERR,ERR,ERR,ERR,ERR,ERR,ERR,ERR,ERR,ERR,ERR,ERR,ERR,ERR,ERR,ERR,ERR,ERR,ERR,ERR,ERR,ERR,ERR,ERR,ERR,ERR,ERR,ERR,ERR,ERR,ERR,ERR,ERR,ERR,ERR,ERR,ERR,ERR,ERR,ERR,ERR,ERR,ERR,ERR,ERR,ERR,ERR,ERR,ERR,0.0,0.0,-134474944.0,0.0,0.0,1.3936040501711995e+18,7.805,0.0,0,0,4,0,8422,0.0,45,0.0,0.0,0.0,0.0,0.0,0,0,0,0,0.0,0,0,0,0,0,0,0,0,0,0,0,0,0,0,0,0,0,0,0,0,0,0,0,0,0,0,0,0,0,0,0,0,0,38,14,7,45,65476,0,300,0,0,8,21553,0.0,-107605600.0,0.0,0.0,0.0,0.0,0.0,0.0,0.0,0.0,0.0,0.0,0.0,0.0,0.0,0.0,0.0,0.0,0.0,0.0,0.0,0.0,2.004,2.004,-0.0,0.0,0.0,0.0,0.0,0.0,4726.0,-0.0,0.0,0.0,0.0,-107615280.0,2.718429300292151e+23,0.0,0.0,0.0,0.0,53,-0.0,0.0,0.0,0.0,0.0,0.0,0.0,0.0,0.0,0,0,0,0.0,0.0,0.0,0.0,0.0,0.0,0.0,0.0,0.0,0.0,0.0,0.0,0.0,0.0,0.0,0.0,0,-107875648.0,53,0.0,106,-107614832.0,-107351008.0,ERR,ERR,ERR,ERR,ERR,ERR,ERR,ERR,ERR,ERR,ERR,ERR,ERR,ERR,ERR,ERR,ERR,ERR,ERR,ERR,ERR,ERR,ERR,ERR,ERR,ERR,ERR,ERR,ERR,ERR,ERR,ERR,ERR,ERR,ERR,ERR,ERR,ERR,ERR,ERR,ERR,ERR,ERR,ERR,ERR,ERR,ERR,ERR,ERR,ERR,ERR,ERR,ERR,ERR,ERR,ERR,ERR,ERR,ERR,ERR,ERR,ERR,ERR,ERR,ERR,ERR,ERR,50.0,60.0,100,0.0,0.0,0.0,0.0,0.0,0.0,0.0,0.0,0.0,0.0,0.0,0.0,0.0,0.0,0.0,0.0,61.6,73,14,65513,50,65476,0,300,0,0,8,20529,65476,0,0,26214,60.0,0.0,0.0,0.0,0.0,0.0
2026-05-17T18:54:42,ERR,ERR,ERR,ERR,ERR,ERR,ERR,ERR,ERR,ERR,ERR,ERR,ERR,ERR,ERR,ERR,ERR,ERR,ERR,ERR,ERR,ERR,ERR,ERR,ERR,ERR,ERR,ERR,ERR,ERR,ERR,ERR,ERR,ERR,ERR,ERR,ERR,ERR,ERR,ERR,ERR,ERR,ERR,ERR,ERR,ERR,ERR,ERR,ERR,ERR,ERR,ERR,ERR,ERR,ERR,ERR,ERR,ERR,ERR,ERR,ERR,ERR,ERR,ERR,ERR,ERR,ERR,ERR,ERR,ERR,ERR,ERR,ERR,ERR,ERR,ERR,ERR,ERR,ERR,ERR,ERR,ERR,ERR,ERR,ERR,ERR,ERR,ERR,ERR,ERR,ERR,ERR,ERR,ERR,ERR,ERR,ERR,ERR,ERR,ERR,ERR,ERR,ERR,ERR,ERR,ERR,ERR,ERR,ERR,ERR,ERR,ERR,ERR,ERR,ERR,ERR,ERR,ERR,ERR,ERR,ERR,ERR,ERR,ERR,ERR,0.0,0.0,-134474944.0,0.0,0.0,1.3936040501711995e+18,7.805,0.0,0,0,4,0,8422,0.0,45,0.0,0.0,0.0,0.0,0.0,0,0,0,0,0.0,0,0,0,0,0,0,0,0,0,0,0,0,0,0,0,0,0,0,0,0,0,0,0,0,0,0,0,0,0,0,0,0,0,38,14,7,45,65476,0,300,0,0,8,21553,0.0,-107605600.0,0.0,0.0,0.0,0.0,0.0,0.0,0.0,0.0,0.0,0.0,0.0,0.0,0.0,0.0,0.0,0.0,0.0,0.0,0.0,0.0,2.004,2.004,-0.0,0.0,0.0,0.0,0.0,0.0,4726.0,-0.0,0.0,0.0,0.0,-107615280.0,2.718429300292151e+23,0.0,0.0,0.0,0.0,53,-0.0,0.0,0.0,0.0,0.0,0.0,0.0,0.0,0.0,0,0,0,0.0,0.0,0.0,0.0,0.0,0.0,0.0,0.0,0.0,0.0,0.0,0.0,0.0,0.0,0.0,0.0,0,-107875648.0,53,0.0,106,-107614832.0,-107351008.0,ERR,ERR,ERR,ERR,ERR,ERR,ERR,ERR,ERR,ERR,ERR,ERR,ERR,ERR,ERR,ERR,ERR,ERR,ERR,ERR,ERR,ERR,ERR,ERR,ERR,ERR,ERR,ERR,ERR,ERR,ERR,ERR,ERR,ERR,ERR,ERR,ERR,ERR,ERR,ERR,ERR,ERR,ERR,ERR,ERR,ERR,ERR,ERR,ERR,ERR,ERR,ERR,ERR,ERR,ERR,ERR,ERR,ERR,ERR,ERR,ERR,ERR,ERR,ERR,ERR,ERR,ERR,50.0,60.0,100,0.0,0.0,0.0,0.0,0.0,0.0,0.0,0.0,0.0,0.0,0.0,0.0,0.0,0.0,0.0,0.0,62.0,73,14,65513,50,65476,0,300,0,0,8,20529,65476,0,0,26214,60.0,0.0,0.0,0.0,0.0,0.0
2026-05-17T18:54:43,ERR,ERR,ERR,ERR,ERR,ERR,ERR,ERR,ERR,ERR,ERR,ERR,ERR,ERR,ERR,ERR,ERR,ERR,ERR,ERR,ERR,ERR,ERR,ERR,ERR,ERR,ERR,ERR,ERR,ERR,ERR,ERR,ERR,ERR,ERR,ERR,ERR,ERR,ERR,ERR,ERR,ERR,ERR,ERR,ERR,ERR,ERR,ERR,ERR,ERR,ERR,ERR,ERR,ERR,ERR,ERR,ERR,ERR,ERR,ERR,ERR,ERR,ERR,ERR,ERR,ERR,ERR,ERR,ERR,ERR,ERR,ERR,ERR,ERR,ERR,ERR,ERR,ERR,ERR,ERR,ERR,ERR,ERR,ERR,ERR,ERR,ERR,ERR,ERR,ERR,ERR,ERR,ERR,ERR,ERR,ERR,ERR,ERR,ERR,ERR,ERR,ERR,ERR,ERR,ERR,ERR,ERR,ERR,ERR,ERR,ERR,ERR,ERR,ERR,ERR,ERR,ERR,ERR,ERR,ERR,ERR,ERR,ERR,ERR,ERR,0.0,0.0,-134474944.0,0.0,0.0,1.3936040501711995e+18,7.805,0.0,0,0,4,0,8422,0.0,45,0.0,0.0,0.0,0.0,0.0,0,0,0,0,0.0,0,0,0,0,0,0,0,0,0,0,0,0,0,0,0,0,0,0,0,0,0,0,0,0,0,0,0,0,0,0,0,0,0,38,14,7,45,65476,0,300,0,0,8,21553,0.0,-107605600.0,0.0,0.0,0.0,0.0,0.0,0.0,0.0,0.0,0.0,0.0,0.0,0.0,0.0,0.0,0.0,0.0,0.0,0.0,0.0,0.0,2.004,2.004,-0.0,0.0,0.0,0.0,0.0,0.0,4726.0,-0.0,0.0,0.0,0.0,-107615280.0,2.718429300292151e+23,0.0,0.0,0.0,0.0,53,-0.0,0.0,0.0,0.0,0.0,0.0,0.0,0.0,0.0,0,0,0,0.0,0.0,0.0,0.0,0.0,0.0,0.0,0.0,0.0,0.0,0.0,0.0,0.0,0.0,0.0,0.0,0,-107875648.0,53,0.0,106,-107614832.0,-107351008.0,ERR,ERR,ERR,ERR,ERR,ERR,ERR,ERR,ERR,ERR,ERR,ERR,ERR,ERR,ERR,ERR,ERR,ERR,ERR,ERR,ERR,ERR,ERR,ERR,ERR,ERR,ERR,ERR,ERR,ERR,ERR,ERR,ERR,ERR,ERR,ERR,ERR,ERR,ERR,ERR,ERR,ERR,ERR,ERR,ERR,ERR,ERR,ERR,ERR,ERR,ERR,ERR,ERR,ERR,ERR,ERR,ERR,ERR,ERR,ERR,ERR,ERR,ERR,ERR,ERR,ERR,ERR,50.0,60.0,100,0.0,0.0,0.0,0.0,0.0,0.0,0.0,0.0,0.0,0.0,0.0,0.0,0.0,0.0,0.0,0.0,61.6,73,14,65513,50,65476,0,300,0,0,8,20529,65476,0,0,26214,60.0,0.0,0.0,0.0,0.0,0.0
2026-05-17T18:54:44,ERR,ERR,ERR,ERR,ERR,ERR,ERR,ERR,ERR,ERR,ERR,ERR,ERR,ERR,ERR,ERR,ERR,ERR,ERR,ERR,ERR,ERR,ERR,ERR,ERR,ERR,ERR,ERR,ERR,ERR,ERR,ERR,ERR,ERR,ERR,ERR,ERR,ERR,ERR,ERR,ERR,ERR,ERR,ERR,ERR,ERR,ERR,ERR,ERR,ERR,ERR,ERR,ERR,ERR,ERR,ERR,ERR,ERR,ERR,ERR,ERR,ERR,ERR,ERR,ERR,ERR,ERR,ERR,ERR,ERR,ERR,ERR,ERR,ERR,ERR,ERR,ERR,ERR,ERR,ERR,ERR,ERR,ERR,ERR,ERR,ERR,ERR,ERR,ERR,ERR,ERR,ERR,ERR,ERR,ERR,ERR,ERR,ERR,ERR,ERR,ERR,ERR,ERR,ERR,ERR,ERR,ERR,ERR,ERR,ERR,ERR,ERR,ERR,ERR,ERR,ERR,ERR,ERR,ERR,ERR,ERR,ERR,ERR,ERR,ERR,0.0,0.0,-134474944.0,0.0,0.0,1.3936040501711995e+18,7.805,0.0,0,0,4,0,8422,0.0,45,0.0,0.0,0.0,0.0,0.0,0,0,0,0,0.0,0,0,0,0,0,0,0,0,0,0,0,0,0,0,0,0,0,0,0,0,0,0,0,0,0,0,0,0,0,0,0,0,0,38,14,7,45,65476,0,300,0,0,8,21553,0.0,-107605600.0,0.0,0.0,0.0,0.0,0.0,0.0,0.0,0.0,0.0,0.0,0.0,0.0,0.0,0.0,0.0,0.0,0.0,0.0,0.0,0.0,2.004,2.004,-0.0,0.0,0.0,0.0,0.0,0.0,4755.0,-8608174080.0,0.0,0.0,0.0,-107615280.0,2.718429300292151e+23,0.0,0.0,0.0,0.0,53,4.950428597886765e+32,5.8480517217512656e+35,0.0,0.0,0.0,0.0,0.0,0.0,0.0,0,0,0,0.0,0.0,0.0,0.0,0.0,0.0,0.0,0.0,0.0,0.0,0.0,0.0,0.0,0.0,0.0,0.0,0,-107875648.0,53,0.0,106,-107614832.0,-107351008.0,ERR,ERR,ERR,ERR,ERR,ERR,ERR,ERR,ERR,ERR,ERR,ERR,ERR,ERR,ERR,ERR,ERR,ERR,ERR,ERR,ERR,ERR,ERR,ERR,ERR,ERR,ERR,ERR,ERR,ERR,ERR,ERR,ERR,ERR,ERR,ERR,ERR,ERR,ERR,ERR,ERR,ERR,ERR,ERR,ERR,ERR,ERR,ERR,ERR,ERR,ERR,ERR,ERR,ERR,ERR,ERR,ERR,ERR,ERR,ERR,ERR,ERR,ERR,ERR,ERR,ERR,ERR,50.0,60.0,100,0.0,0.0,0.0,0.0,0.0,0.0,0.0,0.0,0.0,0.0,0.0,0.0,0.0,0.0,0.0,0.0,61.6,73,14,65513,50,65476,0,300,0,0,8,20529,65476,0,0,26214,60.0,0.0,0.0,0.0,0.0,0.0
2026-05-17T18:54:45,ERR,ERR,ERR,ERR,ERR,ERR,ERR,ERR,ERR,ERR,ERR,ERR,ERR,ERR,ERR,ERR,ERR,ERR,ERR,ERR,ERR,ERR,ERR,ERR,ERR,ERR,ERR,ERR,ERR,ERR,ERR,ERR,ERR,ERR,ERR,ERR,ERR,ERR,ERR,ERR,ERR,ERR,ERR,ERR,ERR,ERR,ERR,ERR,ERR,ERR,ERR,ERR,ERR,ERR,ERR,ERR,ERR,ERR,ERR,ERR,ERR,ERR,ERR,ERR,ERR,ERR,ERR,ERR,ERR,ERR,ERR,ERR,ERR,ERR,ERR,ERR,ERR,ERR,ERR,ERR,ERR,ERR,ERR,ERR,ERR,ERR,ERR,ERR,ERR,ERR,ERR,ERR,ERR,ERR,ERR,ERR,ERR,ERR,ERR,ERR,ERR,ERR,ERR,ERR,ERR,ERR,ERR,ERR,ERR,ERR,ERR,ERR,ERR,ERR,ERR,ERR,ERR,ERR,ERR,ERR,ERR,ERR,ERR,ERR,ERR,0.0,0.0,-134474944.0,0.0,0.0,1.3936040501711995e+18,7.805,0.0,0,0,4,0,8422,0.0,45,0.0,0.0,0.0,0.0,0.0,0,0,0,0,0.0,0,0,0,0,0,0,0,0,0,0,0,0,0,0,0,0,0,0,0,0,0,0,0,0,0,0,0,0,0,0,0,0,0,38,14,7,45,65476,0,300,0,0,8,21553,0.0,-107605600.0,0.0,0.0,0.0,0.0,0.0,0.0,0.0,0.0,0.0,0.0,0.0,0.0,0.0,0.0,0.0,0.0,0.0,0.0,0.0,0.0,2.004,2.004,-0.0,0.0,0.0,0.0,0.0,0.0,4755.0,-8608174080.0,0.0,0.0,0.0,-107615280.0,2.718429300292151e+23,0.0,0.0,0.0,0.0,53,4.950428597886765e+32,5.8480517217512656e+35,0.0,0.0,0.0,0.0,0.0,0.0,0.0,0,0,0,0.0,0.0,0.0,0.0,0.0,0.0,0.0,0.0,0.0,0.0,0.0,0.0,0.0,0.0,0.0,0.0,0,-107875648.0,53,0.0,106,-107614832.0,-107351008.0,ERR,ERR,ERR,ERR,ERR,ERR,ERR,ERR,ERR,ERR,ERR,ERR,ERR,ERR,ERR,ERR,ERR,ERR,ERR,ERR,ERR,ERR,ERR,ERR,ERR,ERR,ERR,ERR,ERR,ERR,ERR,ERR,ERR,ERR,ERR,ERR,ERR,ERR,ERR,ERR,ERR,ERR,ERR,ERR,ERR,ERR,ERR,ERR,ERR,ERR,ERR,ERR,ERR,ERR,ERR,ERR,ERR,ERR,ERR,ERR,ERR,ERR,ERR,ERR,ERR,ERR,ERR,50.0,60.0,100,0.0,0.0,0.0,0.0,0.0,0.0,0.0,0.0,0.0,0.0,0.0,0.0,0.0,0.0,0.0,0.0,61.6,73,14,65513,50,65476,0,300,0,0,8,20529,65476,0,0,26214,60.0,0.0,0.0,0.0,0.0,0.0
2026-05-17T18:54:46,ERR,ERR,ERR,ERR,ERR,ERR,ERR,ERR,ERR,ERR,ERR,ERR,ERR,ERR,ERR,ERR,ERR,ERR,ERR,ERR,ERR,ERR,ERR,ERR,ERR,ERR,ERR,ERR,ERR,ERR,ERR,ERR,ERR,ERR,ERR,ERR,ERR,ERR,ERR,ERR,ERR,ERR,ERR,ERR,ERR,ERR,ERR,ERR,ERR,ERR,ERR,ERR,ERR,ERR,ERR,ERR,ERR,ERR,ERR,ERR,ERR,ERR,ERR,ERR,ERR,ERR,ERR,ERR,ERR,ERR,ERR,ERR,ERR,ERR,ERR,ERR,ERR,ERR,ERR,ERR,ERR,ERR,ERR,ERR,ERR,ERR,ERR,ERR,ERR,ERR,ERR,ERR,ERR,ERR,ERR,ERR,ERR,ERR,ERR,ERR,ERR,ERR,ERR,ERR,ERR,ERR,ERR,ERR,ERR,ERR,ERR,ERR,ERR,ERR,ERR,ERR,ERR,ERR,ERR,ERR,ERR,ERR,ERR,ERR,ERR,0.0,0.0,-134474944.0,0.0,0.0,1.3936040501711995e+18,7.805,0.0,0,0,4,0,8422,0.0,45,0.0,0.0,0.0,0.0,0.0,0,0,0,0,0.0,0,0,0,0,0,0,0,0,0,0,0,0,0,0,0,0,0,0,0,0,0,0,0,0,0,0,0,0,0,0,0,0,0,38,14,7,45,65476,0,300,0,0,8,21553,0.0,-107605600.0,0.0,0.0,0.0,0.0,0.0,0.0,0.0,0.0,0.0,0.0,0.0,0.0,0.0,0.0,0.0,0.0,0.0,0.0,0.0,0.0,2.004,2.004,-0.0,0.0,0.0,0.0,0.0,0.0,4755.0,-8608174080.0,0.0,0.0,0.0,-107615280.0,2.718429300292151e+23,0.0,0.0,0.0,0.0,53,4.950428597886765e+32,5.8480517217512656e+35,0.0,0.0,0.0,0.0,0.0,0.0,0.0,0,0,0,0.0,0.0,0.0,0.0,0.0,0.0,0.0,0.0,0.0,0.0,0.0,0.0,0.0,0.0,0.0,0.0,0,-107875648.0,53,0.0,106,-107614832.0,-107351008.0,ERR,ERR,ERR,ERR,ERR,ERR,ERR,ERR,ERR,ERR,ERR,ERR,ERR,ERR,ERR,ERR,ERR,ERR,ERR,ERR,ERR,ERR,ERR,ERR,ERR,ERR,ERR,ERR,ERR,ERR,ERR,ERR,ERR,ERR,ERR,ERR,ERR,ERR,ERR,ERR,ERR,ERR,ERR,ERR,ERR,ERR,ERR,ERR,ERR,ERR,ERR,ERR,ERR,ERR,ERR,ERR,ERR,ERR,ERR,ERR,ERR,ERR,ERR,ERR,ERR,ERR,ERR,50.0,60.0,100,0.0,0.0,0.0,0.0,0.0,0.0,0.0,0.0,0.0,0.0,0.0,0.0,0.0,0.0,0.0,0.0,61.6,73,14,65513,50,65476,0,300,0,0,8,20529,65476,0,0,26214,60.0,0.0,0.0,0.0,0.0,0.0
2026-05-17T18:54:47,ERR,ERR,ERR,ERR,ERR,ERR,ERR,ERR,ERR,ERR,ERR,ERR,ERR,ERR,ERR,ERR,ERR,ERR,ERR,ERR,ERR,ERR,ERR,ERR,ERR,ERR,ERR,ERR,ERR,ERR,ERR,ERR,ERR,ERR,ERR,ERR,ERR,ERR,ERR,ERR,ERR,ERR,ERR,ERR,ERR,ERR,ERR,ERR,ERR,ERR,ERR,ERR,ERR,ERR,ERR,ERR,ERR,ERR,ERR,ERR,ERR,ERR,ERR,ERR,ERR,ERR,ERR,ERR,ERR,ERR,ERR,ERR,ERR,ERR,ERR,ERR,ERR,ERR,ERR,ERR,ERR,ERR,ERR,ERR,ERR,ERR,ERR,ERR,ERR,ERR,ERR,ERR,ERR,ERR,ERR,ERR,ERR,ERR,ERR,ERR,ERR,ERR,ERR,ERR,ERR,ERR,ERR,ERR,ERR,ERR,ERR,ERR,ERR,ERR,ERR,ERR,ERR,ERR,ERR,ERR,ERR,ERR,ERR,ERR,ERR,0.0,0.0,-134474944.0,0.0,0.0,1.3936040501711995e+18,7.805,0.0,0,0,4,0,8422,0.0,45,0.0,0.0,0.0,0.0,0.0,0,0,0,0,0.0,0,0,0,0,0,0,0,0,0,0,0,0,0,0,0,0,0,0,0,0,0,0,0,0,0,0,0,0,0,0,0,0,0,38,14,7,45,65476,0,300,0,0,8,21553,0.0,-107605600.0,0.0,0.0,0.0,0.0,0.0,0.0,0.0,0.0,0.0,0.0,0.0,0.0,0.0,0.0,0.0,0.0,0.0,0.0,0.0,0.0,2.004,2.004,-0.0,0.0,0.0,0.0,0.0,0.0,4755.0,-8608174080.0,0.0,0.0,0.0,-107615280.0,2.718429300292151e+23,0.0,0.0,0.0,0.0,53,4.950428597886765e+32,5.8480517217512656e+35,0.0,0.0,0.0,0.0,0.0,0.0,0.0,0,0,0,0.0,0.0,0.0,0.0,0.0,0.0,0.0,0.0,0.0,0.0,0.0,0.0,0.0,0.0,0.0,0.0,0,-107875648.0,53,0.0,106,-107614832.0,-107351008.0,ERR,ERR,ERR,ERR,ERR,ERR,ERR,ERR,ERR,ERR,ERR,ERR,ERR,ERR,ERR,ERR,ERR,ERR,ERR,ERR,ERR,ERR,ERR,ERR,ERR,ERR,ERR,ERR,ERR,ERR,ERR,ERR,ERR,ERR,ERR,ERR,ERR,ERR,ERR,ERR,ERR,ERR,ERR,ERR,ERR,ERR,ERR,ERR,ERR,ERR,ERR,ERR,ERR,ERR,ERR,ERR,ERR,ERR,ERR,ERR,ERR,ERR,ERR,ERR,ERR,ERR,ERR,50.0,60.0,100,0.0,0.0,0.0,0.0,0.0,0.0,0.0,0.0,0.0,0.0,0.0,0.0,0.0,0.0,0.0,0.0,61.6,73,14,65513,50,65476,0,300,0,0,8,20529,65476,0,0,26214,60.0,0.0,0.0,0.0,0.0,0.0
2026-05-17T18:54:48,ERR,ERR,ERR,ERR,ERR,ERR,ERR,ERR,ERR,ERR,ERR,ERR,ERR,ERR,ERR,ERR,ERR,ERR,ERR,ERR,ERR,ERR,ERR,ERR,ERR,ERR,ERR,ERR,ERR,ERR,ERR,ERR,ERR,ERR,ERR,ERR,ERR,ERR,ERR,ERR,ERR,ERR,ERR,ERR,ERR,ERR,ERR,ERR,ERR,ERR,ERR,ERR,ERR,ERR,ERR,ERR,ERR,ERR,ERR,ERR,ERR,ERR,ERR,ERR,ERR,ERR,ERR,ERR,ERR,ERR,ERR,ERR,ERR,ERR,ERR,ERR,ERR,ERR,ERR,ERR,ERR,ERR,ERR,ERR,ERR,ERR,ERR,ERR,ERR,ERR,ERR,ERR,ERR,ERR,ERR,ERR,ERR,ERR,ERR,ERR,ERR,ERR,ERR,ERR,ERR,ERR,ERR,ERR,ERR,ERR,ERR,ERR,ERR,ERR,ERR,ERR,ERR,ERR,ERR,ERR,ERR,ERR,ERR,ERR,ERR,0.0,0.0,-134474944.0,0.0,0.0,1.3936040501711995e+18,7.805,0.0,0,0,4,0,8422,0.0,45,0.0,0.0,0.0,0.0,0.0,0,0,0,0,0.0,0,0,0,0,0,0,0,0,0,0,0,0,0,0,0,0,0,0,0,0,0,0,0,0,0,0,0,0,0,0,0,0,0,38,14,7,45,65476,0,300,0,0,8,21553,0.0,-107605600.0,0.0,0.0,0.0,0.0,0.0,0.0,0.0,0.0,0.0,0.0,0.0,0.0,0.0,0.0,0.0,0.0,0.0,0.0,0.0,0.0,2.004,2.004,-0.0,0.0,0.0,0.0,0.0,0.0,4755.0,-8608174080.0,0.0,0.0,0.0,-107615280.0,2.718429300292151e+23,0.0,0.0,0.0,0.0,53,4.950428597886765e+32,5.8480517217512656e+35,0.0,0.0,0.0,0.0,0.0,0.0,0.0,0,0,0,0.0,0.0,0.0,0.0,0.0,0.0,0.0,0.0,0.0,0.0,0.0,0.0,0.0,0.0,0.0,0.0,0,-107875648.0,53,0.0,106,-107614832.0,-107351008.0,ERR,ERR,ERR,ERR,ERR,ERR,ERR,ERR,ERR,ERR,ERR,ERR,ERR,ERR,ERR,ERR,ERR,ERR,ERR,ERR,ERR,ERR,ERR,ERR,ERR,ERR,ERR,ERR,ERR,ERR,ERR,ERR,ERR,ERR,ERR,ERR,ERR,ERR,ERR,ERR,ERR,ERR,ERR,ERR,ERR,ERR,ERR,ERR,ERR,ERR,ERR,ERR,ERR,ERR,ERR,ERR,ERR,ERR,ERR,ERR,ERR,ERR,ERR,ERR,ERR,ERR,ERR,50.0,60.0,100,0.0,0.0,0.0,0.0,0.0,0.0,0.0,0.0,0.0,0.0,0.0,0.0,0.0,0.0,0.0,0.0,61.6,73,14,65513,50,65476,0,300,0,0,8,20529,65476,0,0,26214,60.0,0.0,0.0,0.0,0.0,0.0
2026-05-17T18:54:49,ERR,ERR,ERR,ERR,ERR,ERR,ERR,ERR,ERR,ERR,ERR,ERR,ERR,ERR,ERR,ERR,ERR,ERR,ERR,ERR,ERR,ERR,ERR,ERR,ERR,ERR,ERR,ERR,ERR,ERR,ERR,ERR,ERR,ERR,ERR,ERR,ERR,ERR,ERR,ERR,ERR,ERR,ERR,ERR,ERR,ERR,ERR,ERR,ERR,ERR,ERR,ERR,ERR,ERR,ERR,ERR,ERR,ERR,ERR,ERR,ERR,ERR,ERR,ERR,ERR,ERR,ERR,ERR,ERR,ERR,ERR,ERR,ERR,ERR,ERR,ERR,ERR,ERR,ERR,ERR,ERR,ERR,ERR,ERR,ERR,ERR,ERR,ERR,ERR,ERR,ERR,ERR,ERR,ERR,ERR,ERR,ERR,ERR,ERR,ERR,ERR,ERR,ERR,ERR,ERR,ERR,ERR,ERR,ERR,ERR,ERR,ERR,ERR,ERR,ERR,ERR,ERR,ERR,ERR,ERR,ERR,ERR,ERR,ERR,ERR,0.0,0.0,-134474944.0,0.0,0.0,1.3936040501711995e+18,7.805,0.0,0,0,4,0,8422,0.0,45,0.0,0.0,0.0,0.0,0.0,0,0,0,0,0.0,0,0,0,0,0,0,0,0,0,0,0,0,0,0,0,0,0,0,0,0,0,0,0,0,0,0,0,0,0,0,0,0,0,38,14,7,45,65476,0,300,0,0,8,21553,0.0,-107605600.0,0.0,0.0,0.0,0.0,0.0,0.0,0.0,0.0,0.0,0.0,0.0,0.0,0.0,0.0,0.0,0.0,0.0,0.0,0.0,0.0,2.004,2.004,-2.004,0.0,0.0,0.0,0.0,0.0,4824.0,0.0,0.0,0.0,0.0,-107615280.0,2.718429300292151e+23,0.0,0.0,0.0,0.0,53,-0.0,0.0,0.0,0.0,0.0,0.0,0.0,0.0,0.0,0,0,0,0.0,0.0,0.0,0.0,0.0,0.0,0.0,0.0,0.0,0.0,0.0,0.0,0.0,0.0,0.0,0.0,0,-107875648.0,53,0.0,106,-107614832.0,-107351008.0,ERR,ERR,ERR,ERR,ERR,ERR,ERR,ERR,ERR,ERR,ERR,ERR,ERR,ERR,ERR,ERR,ERR,ERR,ERR,ERR,ERR,ERR,ERR,ERR,ERR,ERR,ERR,ERR,ERR,ERR,ERR,ERR,ERR,ERR,ERR,ERR,ERR,ERR,ERR,ERR,ERR,ERR,ERR,ERR,ERR,ERR,ERR,ERR,ERR,ERR,ERR,ERR,ERR,ERR,ERR,ERR,ERR,ERR,ERR,ERR,ERR,ERR,ERR,ERR,ERR,ERR,ERR,50.0,60.0,100,0.0,0.0,0.0,0.0,0.0,0.0,0.0,0.0,0.0,0.0,0.0,0.0,0.0,0.0,0.0,0.0,61.6,73,14,65513,50,65476,0,300,0,0,8,20529,65476,0,0,26214,60.0,0.0,0.0,0.0,0.0,0.0
2026-05-17T18:54:50,ERR,ERR,ERR,ERR,ERR,ERR,ERR,ERR,ERR,ERR,ERR,ERR,ERR,ERR,ERR,ERR,ERR,ERR,ERR,ERR,ERR,ERR,ERR,ERR,ERR,ERR,ERR,ERR,ERR,ERR,ERR,ERR,ERR,ERR,ERR,ERR,ERR,ERR,ERR,ERR,ERR,ERR,ERR,ERR,ERR,ERR,ERR,ERR,ERR,ERR,ERR,ERR,ERR,ERR,ERR,ERR,ERR,ERR,ERR,ERR,ERR,ERR,ERR,ERR,ERR,ERR,ERR,ERR,ERR,ERR,ERR,ERR,ERR,ERR,ERR,ERR,ERR,ERR,ERR,ERR,ERR,ERR,ERR,ERR,ERR,ERR,ERR,ERR,ERR,ERR,ERR,ERR,ERR,ERR,ERR,ERR,ERR,ERR,ERR,ERR,ERR,ERR,ERR,ERR,ERR,ERR,ERR,ERR,ERR,ERR,ERR,ERR,ERR,ERR,ERR,ERR,ERR,ERR,ERR,ERR,ERR,ERR,ERR,ERR,ERR,0.0,0.0,-134474944.0,0.0,0.0,1.3936040501711995e+18,7.805,0.0,0,0,4,0,8422,0.0,45,0.0,0.0,0.0,0.0,0.0,0,0,0,0,0.0,0,0,0,0,0,0,0,0,0,0,0,0,0,0,0,0,0,0,0,0,0,0,0,0,0,0,0,0,0,0,0,0,0,38,14,7,45,65476,0,300,0,0,8,21553,0.0,-107605600.0,0.0,0.0,0.0,0.0,0.0,0.0,0.0,0.0,0.0,0.0,0.0,0.0,0.0,0.0,0.0,0.0,0.0,0.0,0.0,0.0,2.004,2.004,-2.004,0.0,0.0,0.0,0.0,0.0,4824.0,0.0,0.0,0.0,0.0,-107615280.0,2.718429300292151e+23,0.0,0.0,0.0,0.0,53,-0.0,0.0,0.0,0.0,0.0,0.0,0.0,0.0,0.0,0,0,0,0.0,0.0,0.0,0.0,0.0,0.0,0.0,0.0,0.0,0.0,0.0,0.0,0.0,0.0,0.0,0.0,0,-107875648.0,53,0.0,106,-107614832.0,-107351008.0,ERR,ERR,ERR,ERR,ERR,ERR,ERR,ERR,ERR,ERR,ERR,ERR,ERR,ERR,ERR,ERR,ERR,ERR,ERR,ERR,ERR,ERR,ERR,ERR,ERR,ERR,ERR,ERR,ERR,ERR,ERR,ERR,ERR,ERR,ERR,ERR,ERR,ERR,ERR,ERR,ERR,ERR,ERR,ERR,ERR,ERR,ERR,ERR,ERR,ERR,ERR,ERR,ERR,ERR,ERR,ERR,ERR,ERR,ERR,ERR,ERR,ERR,ERR,ERR,ERR,ERR,ERR,50.0,60.0,100,0.0,0.0,0.0,0.0,0.0,0.0,0.0,0.0,0.0,0.0,0.0,0.0,0.0,0.0,0.0,0.0,61.6,73,14,65513,50,65476,0,300,0,0,8,20529,65476,0,0,26214,60.0,0.0,0.0,0.0,0.0,0.0
2026-05-17T18:54:51,ERR,ERR,ERR,ERR,ERR,ERR,ERR,ERR,ERR,ERR,ERR,ERR,ERR,ERR,ERR,ERR,ERR,ERR,ERR,ERR,ERR,ERR,ERR,ERR,ERR,ERR,ERR,ERR,ERR,ERR,ERR,ERR,ERR,ERR,ERR,ERR,ERR,ERR,ERR,ERR,ERR,ERR,ERR,ERR,ERR,ERR,ERR,ERR,ERR,ERR,ERR,ERR,ERR,ERR,ERR,ERR,ERR,ERR,ERR,ERR,ERR,ERR,ERR,ERR,ERR,ERR,ERR,ERR,ERR,ERR,ERR,ERR,ERR,ERR,ERR,ERR,ERR,ERR,ERR,ERR,ERR,ERR,ERR,ERR,ERR,ERR,ERR,ERR,ERR,ERR,ERR,ERR,ERR,ERR,ERR,ERR,ERR,ERR,ERR,ERR,ERR,ERR,ERR,ERR,ERR,ERR,ERR,ERR,ERR,ERR,ERR,ERR,ERR,ERR,ERR,ERR,ERR,ERR,ERR,ERR,ERR,ERR,ERR,ERR,ERR,0.0,0.0,-134474944.0,0.0,0.0,1.3936040501711995e+18,7.805,0.0,0,0,4,0,8422,0.0,45,0.0,0.0,0.0,0.0,0.0,0,0,0,0,0.0,0,0,0,0,0,0,0,0,0,0,0,0,0,0,0,0,0,0,0,0,0,0,0,0,0,0,0,0,0,0,0,0,0,38,14,7,45,65476,0,300,0,0,8,21553,0.0,-107605600.0,0.0,0.0,0.0,0.0,0.0,0.0,0.0,0.0,0.0,0.0,0.0,0.0,0.0,0.0,0.0,0.0,0.0,0.0,0.0,0.0,2.004,2.004,-2.004,0.0,0.0,0.0,0.0,0.0,4824.0,0.0,0.0,0.0,0.0,-107615280.0,2.718429300292151e+23,0.0,0.0,0.0,0.0,53,-0.0,0.0,0.0,0.0,0.0,0.0,0.0,0.0,0.0,0,0,0,0.0,0.0,0.0,0.0,0.0,0.0,0.0,0.0,0.0,0.0,0.0,0.0,0.0,0.0,0.0,0.0,0,-107875648.0,53,0.0,106,-107614832.0,-107351008.0,ERR,ERR,ERR,ERR,ERR,ERR,ERR,ERR,ERR,ERR,ERR,ERR,ERR,ERR,ERR,ERR,ERR,ERR,ERR,ERR,ERR,ERR,ERR,ERR,ERR,ERR,ERR,ERR,ERR,ERR,ERR,ERR,ERR,ERR,ERR,ERR,ERR,ERR,ERR,ERR,ERR,ERR,ERR,ERR,ERR,ERR,ERR,ERR,ERR,ERR,ERR,ERR,ERR,ERR,ERR,ERR,ERR,ERR,ERR,ERR,ERR,ERR,ERR,ERR,ERR,ERR,ERR,50.0,60.0,100,0.0,0.0,0.0,0.0,0.0,0.0,0.0,0.0,0.0,0.0,0.0,0.0,0.0,0.0,0.0,0.0,61.6,73,14,65513,50,65476,0,300,0,0,8,20529,65476,0,0,26214,60.0,0.0,0.0,0.0,0.0,0.0
2026-05-17T18:54:52,ERR,ERR,ERR,ERR,ERR,ERR,ERR,ERR,ERR,ERR,ERR,ERR,ERR,ERR,ERR,ERR,ERR,ERR,ERR,ERR,ERR,ERR,ERR,ERR,ERR,ERR,ERR,ERR,ERR,ERR,ERR,ERR,ERR,ERR,ERR,ERR,ERR,ERR,ERR,ERR,ERR,ERR,ERR,ERR,ERR,ERR,ERR,ERR,ERR,ERR,ERR,ERR,ERR,ERR,ERR,ERR,ERR,ERR,ERR,ERR,ERR,ERR,ERR,ERR,ERR,ERR,ERR,ERR,ERR,ERR,ERR,ERR,ERR,ERR,ERR,ERR,ERR,ERR,ERR,ERR,ERR,ERR,ERR,ERR,ERR,ERR,ERR,ERR,ERR,ERR,ERR,ERR,ERR,ERR,ERR,ERR,ERR,ERR,ERR,ERR,ERR,ERR,ERR,ERR,ERR,ERR,ERR,ERR,ERR,ERR,ERR,ERR,ERR,ERR,ERR,ERR,ERR,ERR,ERR,ERR,ERR,ERR,ERR,ERR,ERR,0.0,0.0,-134474944.0,0.0,0.0,1.3936040501711995e+18,7.805,0.0,0,0,4,0,8422,0.0,45,0.0,0.0,0.0,0.0,0.0,0,0,0,0,0.0,0,0,0,0,0,0,0,0,0,0,0,0,0,0,0,0,0,0,0,0,0,0,0,0,0,0,0,0,0,0,0,0,0,38,14,7,45,65476,0,300,0,0,8,21553,0.0,-107605600.0,0.0,0.0,0.0,0.0,0.0,0.0,0.0,0.0,0.0,0.0,0.0,0.0,0.0,0.0,0.0,0.0,0.0,0.0,0.0,0.0,2.004,2.004,-2.004,0.0,0.0,0.0,0.0,0.0,4824.0,0.0,0.0,0.0,0.0,-107615280.0,2.718429300292151e+23,0.0,0.0,0.0,0.0,53,-0.0,0.0,0.0,0.0,0.0,0.0,0.0,0.0,0.0,0,0,0,0.0,0.0,0.0,0.0,0.0,0.0,0.0,0.0,0.0,0.0,0.0,0.0,0.0,0.0,0.0,0.0,0,-107875648.0,53,0.0,106,-107614832.0,-107351008.0,ERR,ERR,ERR,ERR,ERR,ERR,ERR,ERR,ERR,ERR,ERR,ERR,ERR,ERR,ERR,ERR,ERR,ERR,ERR,ERR,ERR,ERR,ERR,ERR,ERR,ERR,ERR,ERR,ERR,ERR,ERR,ERR,ERR,ERR,ERR,ERR,ERR,ERR,ERR,ERR,ERR,ERR,ERR,ERR,ERR,ERR,ERR,ERR,ERR,ERR,ERR,ERR,ERR,ERR,ERR,ERR,ERR,ERR,ERR,ERR,ERR,ERR,ERR,ERR,ERR,ERR,ERR,50.0,60.0,100,0.0,0.0,0.0,0.0,0.0,0.0,0.0,0.0,0.0,0.0,0.0,0.0,0.0,0.0,0.0,0.0,61.6,73,14,65513,50,65476,0,300,0,0,8,20529,65476,0,0,26214,60.0,0.0,0.0,0.0,0.0,0.0
2026-05-17T18:54:53,ERR,ERR,ERR,ERR,ERR,ERR,ERR,ERR,ERR,ERR,ERR,ERR,ERR,ERR,ERR,ERR,ERR,ERR,ERR,ERR,ERR,ERR,ERR,ERR,ERR,ERR,ERR,ERR,ERR,ERR,ERR,ERR,ERR,ERR,ERR,ERR,ERR,ERR,ERR,ERR,ERR,ERR,ERR,ERR,ERR,ERR,ERR,ERR,ERR,ERR,ERR,ERR,ERR,ERR,ERR,ERR,ERR,ERR,ERR,ERR,ERR,ERR,ERR,ERR,ERR,ERR,ERR,ERR,ERR,ERR,ERR,ERR,ERR,ERR,ERR,ERR,ERR,ERR,ERR,ERR,ERR,ERR,ERR,ERR,ERR,ERR,ERR,ERR,ERR,ERR,ERR,ERR,ERR,ERR,ERR,ERR,ERR,ERR,ERR,ERR,ERR,ERR,ERR,ERR,ERR,ERR,ERR,ERR,ERR,ERR,ERR,ERR,ERR,ERR,ERR,ERR,ERR,ERR,ERR,ERR,ERR,ERR,ERR,ERR,ERR,0.0,0.0,-134474944.0,0.0,0.0,1.3936040501711995e+18,7.805,0.0,0,0,4,0,8422,0.0,45,0.0,0.0,0.0,0.0,0.0,0,0,0,0,0.0,0,0,0,0,0,0,0,0,0,0,0,0,0,0,0,0,0,0,0,0,0,0,0,0,0,0,0,0,0,0,0,0,0,38,14,7,45,65476,0,300,0,0,8,21553,0.0,-107605600.0,0.0,0.0,0.0,0.0,0.0,0.0,0.0,0.0,0.0,0.0,0.0,0.0,0.0,0.0,0.0,0.0,0.0,0.0,0.0,0.0,2.004,2.004,-2.004,0.0,0.0,0.0,0.0,0.0,4824.0,0.0,0.0,0.0,0.0,-107615280.0,2.718429300292151e+23,0.0,0.0,0.0,0.0,53,-0.0,0.0,0.0,0.0,0.0,0.0,0.0,0.0,0.0,0,0,0,0.0,0.0,0.0,0.0,0.0,0.0,0.0,0.0,0.0,0.0,0.0,0.0,0.0,0.0,0.0,0.0,0,-107875648.0,53,0.0,106,-107614832.0,-107351008.0,ERR,ERR,ERR,ERR,ERR,ERR,ERR,ERR,ERR,ERR,ERR,ERR,ERR,ERR,ERR,ERR,ERR,ERR,ERR,ERR,ERR,ERR,ERR,ERR,ERR,ERR,ERR,ERR,ERR,ERR,ERR,ERR,ERR,ERR,ERR,ERR,ERR,ERR,ERR,ERR,ERR,ERR,ERR,ERR,ERR,ERR,ERR,ERR,ERR,ERR,ERR,ERR,ERR,ERR,ERR,ERR,ERR,ERR,ERR,ERR,ERR,ERR,ERR,ERR,ERR,ERR,ERR,50.0,60.0,100,0.0,0.0,0.0,0.0,0.0,0.0,0.0,0.0,0.0,0.0,0.0,0.0,0.0,0.0,0.0,0.0,61.6,73,14,65513,50,65476,0,300,0,0,8,20529,65476,0,0,26214,60.0,0.0,0.0,0.0,0.0,0.0
2026-05-17T18:54:54,ERR,ERR,ERR,ERR,ERR,ERR,ERR,ERR,ERR,ERR,ERR,ERR,ERR,ERR,ERR,ERR,ERR,ERR,ERR,ERR,ERR,ERR,ERR,ERR,ERR,ERR,ERR,ERR,ERR,ERR,ERR,ERR,ERR,ERR,ERR,ERR,ERR,ERR,ERR,ERR,ERR,ERR,ERR,ERR,ERR,ERR,ERR,ERR,ERR,ERR,ERR,ERR,ERR,ERR,ERR,ERR,ERR,ERR,ERR,ERR,ERR,ERR,ERR,ERR,ERR,ERR,ERR,ERR,ERR,ERR,ERR,ERR,ERR,ERR,ERR,ERR,ERR,ERR,ERR,ERR,ERR,ERR,ERR,ERR,ERR,ERR,ERR,ERR,ERR,ERR,ERR,ERR,ERR,ERR,ERR,ERR,ERR,ERR,ERR,ERR,ERR,ERR,ERR,ERR,ERR,ERR,ERR,ERR,ERR,ERR,ERR,ERR,ERR,ERR,ERR,ERR,ERR,ERR,ERR,ERR,ERR,ERR,ERR,ERR,ERR,0.0,0.0,-134474944.0,0.0,0.0,1.3936040501711995e+18,7.805,0.0,0,0,4,0,8422,0.0,45,0.0,0.0,0.0,0.0,0.0,0,0,0,0,0.0,0,0,0,0,0,0,0,0,0,0,0,0,0,0,0,0,0,0,0,0,0,0,0,0,0,0,0,0,0,0,0,0,0,38,14,7,45,65476,0,300,0,0,8,21553,0.0,-107605600.0,0.0,0.0,0.0,0.0,0.0,0.0,0.0,0.0,0.0,0.0,0.0,0.0,0.0,0.0,0.0,0.0,0.0,0.0,0.0,0.0,2.004,2.004,-2.004,0.0,0.0,0.0,0.0,0.0,4794.0,-0.0,0.0,2.718428940004181e+23,0.0,0.0,2.718429300292151e+23,0.0,0.0,0.0,0.0,53,-0.0,-0.0,0.0,0.0,0.0,0.0,0.0,0.0,0.0,0,0,0,0.0,0.0,0.0,0.0,0.0,0.0,0.0,0.0,0.0,0.0,0.0,0.0,0.0,0.0,0.0,0.0,0,-107875648.0,53,0.0,106,-107614832.0,0.0,ERR,ERR,ERR,ERR,ERR,ERR,ERR,ERR,ERR,ERR,ERR,ERR,ERR,ERR,ERR,ERR,ERR,ERR,ERR,ERR,ERR,ERR,ERR,ERR,ERR,ERR,ERR,ERR,ERR,ERR,ERR,ERR,ERR,ERR,ERR,ERR,ERR,ERR,ERR,ERR,ERR,ERR,ERR,ERR,ERR,ERR,ERR,ERR,ERR,ERR,ERR,ERR,ERR,ERR,ERR,ERR,ERR,ERR,ERR,ERR,ERR,ERR,ERR,ERR,ERR,ERR,ERR,50.0,60.0,100,0.0,0.0,0.0,0.0,0.0,0.0,0.0,0.0,0.0,0.0,0.0,0.0,0.0,0.0,0.0,0.0,62.0,73,14,65513,50,65476,0,300,0,0,8,20529,65476,0,0,26214,60.0,0.0,0.0,0.0,0.0,0.0
2026-05-17T18:54:55,ERR,ERR,ERR,ERR,ERR,ERR,ERR,ERR,ERR,ERR,ERR,ERR,ERR,ERR,ERR,ERR,ERR,ERR,ERR,ERR,ERR,ERR,ERR,ERR,ERR,ERR,ERR,ERR,ERR,ERR,ERR,ERR,ERR,ERR,ERR,ERR,ERR,ERR,ERR,ERR,ERR,ERR,ERR,ERR,ERR,ERR,ERR,ERR,ERR,ERR,ERR,ERR,ERR,ERR,ERR,ERR,ERR,ERR,ERR,ERR,ERR,ERR,ERR,ERR,ERR,ERR,ERR,ERR,ERR,ERR,ERR,ERR,ERR,ERR,ERR,ERR,ERR,ERR,ERR,ERR,ERR,ERR,ERR,ERR,ERR,ERR,ERR,ERR,ERR,ERR,ERR,ERR,ERR,ERR,ERR,ERR,ERR,ERR,ERR,ERR,ERR,ERR,ERR,ERR,ERR,ERR,ERR,ERR,ERR,ERR,ERR,ERR,ERR,ERR,ERR,ERR,ERR,ERR,ERR,ERR,ERR,ERR,ERR,ERR,ERR,0.0,0.0,-134474944.0,0.0,0.0,1.3936040501711995e+18,7.805,0.0,0,0,4,0,8422,0.0,45,0.0,0.0,0.0,0.0,0.0,0,0,0,0,0.0,0,0,0,0,0,0,0,0,0,0,0,0,0,0,0,0,0,0,0,0,0,0,0,0,0,0,0,0,0,0,0,0,0,38,14,7,45,65476,0,300,0,0,8,21553,0.0,-107605600.0,0.0,0.0,0.0,0.0,0.0,0.0,0.0,0.0,0.0,0.0,0.0,0.0,0.0,0.0,0.0,0.0,0.0,0.0,0.0,0.0,2.004,2.004,-2.004,0.0,0.0,0.0,0.0,0.0,4794.0,-0.0,0.0,2.718428940004181e+23,0.0,0.0,2.718429300292151e+23,0.0,0.0,0.0,0.0,53,-0.0,-0.0,0.0,0.0,0.0,0.0,0.0,0.0,0.0,0,0,0,0.0,0.0,0.0,0.0,0.0,0.0,0.0,0.0,0.0,0.0,0.0,0.0,0.0,0.0,0.0,0.0,0,-107875648.0,53,0.0,106,-107614832.0,0.0,ERR,ERR,ERR,ERR,ERR,ERR,ERR,ERR,ERR,ERR,ERR,ERR,ERR,ERR,ERR,ERR,ERR,ERR,ERR,ERR,ERR,ERR,ERR,ERR,ERR,ERR,ERR,ERR,ERR,ERR,ERR,ERR,ERR,ERR,ERR,ERR,ERR,ERR,ERR,ERR,ERR,ERR,ERR,ERR,ERR,ERR,ERR,ERR,ERR,ERR,ERR,ERR,ERR,ERR,ERR,ERR,ERR,ERR,ERR,ERR,ERR,ERR,ERR,ERR,ERR,ERR,ERR,50.0,60.0,100,0.0,0.0,0.0,0.0,0.0,0.0,0.0,0.0,0.0,0.0,0.0,0.0,0.0,0.0,0.0,0.0,62.0,73,14,65513,50,65476,0,300,0,0,8,20529,65476,0,0,26214,60.0,0.0,0.0,0.0,0.0,0.0
2026-05-17T18:54:56,ERR,ERR,ERR,ERR,ERR,ERR,ERR,ERR,ERR,ERR,ERR,ERR,ERR,ERR,ERR,ERR,ERR,ERR,ERR,ERR,ERR,ERR,ERR,ERR,ERR,ERR,ERR,ERR,ERR,ERR,ERR,ERR,ERR,ERR,ERR,ERR,ERR,ERR,ERR,ERR,ERR,ERR,ERR,ERR,ERR,ERR,ERR,ERR,ERR,ERR,ERR,ERR,ERR,ERR,ERR,ERR,ERR,ERR,ERR,ERR,ERR,ERR,ERR,ERR,ERR,ERR,ERR,ERR,ERR,ERR,ERR,ERR,ERR,ERR,ERR,ERR,ERR,ERR,ERR,ERR,ERR,ERR,ERR,ERR,ERR,ERR,ERR,ERR,ERR,ERR,ERR,ERR,ERR,ERR,ERR,ERR,ERR,ERR,ERR,ERR,ERR,ERR,ERR,ERR,ERR,ERR,ERR,ERR,ERR,ERR,ERR,ERR,ERR,ERR,ERR,ERR,ERR,ERR,ERR,ERR,ERR,ERR,ERR,ERR,ERR,0.0,0.0,-134474944.0,0.0,0.0,1.3936040501711995e+18,7.805,0.0,0,0,4,0,8422,0.0,45,0.0,0.0,0.0,0.0,0.0,0,0,0,0,0.0,0,0,0,0,0,0,0,0,0,0,0,0,0,0,0,0,0,0,0,0,0,0,0,0,0,0,0,0,0,0,0,0,0,38,14,7,45,65476,0,300,0,0,8,21553,0.0,-107605600.0,0.0,0.0,0.0,0.0,0.0,0.0,0.0,0.0,0.0,0.0,0.0,0.0,0.0,0.0,0.0,0.0,0.0,0.0,0.0,0.0,2.004,2.004,-2.004,0.0,0.0,0.0,0.0,0.0,4794.0,-0.0,0.0,2.718428940004181e+23,0.0,0.0,2.718429300292151e+23,0.0,0.0,0.0,0.0,53,-0.0,-0.0,0.0,0.0,0.0,0.0,0.0,0.0,0.0,0,0,0,0.0,0.0,0.0,0.0,0.0,0.0,0.0,0.0,0.0,0.0,0.0,0.0,0.0,0.0,0.0,0.0,0,-107875648.0,53,0.0,106,-107614832.0,0.0,ERR,ERR,ERR,ERR,ERR,ERR,ERR,ERR,ERR,ERR,ERR,ERR,ERR,ERR,ERR,ERR,ERR,ERR,ERR,ERR,ERR,ERR,ERR,ERR,ERR,ERR,ERR,ERR,ERR,ERR,ERR,ERR,ERR,ERR,ERR,ERR,ERR,ERR,ERR,ERR,ERR,ERR,ERR,ERR,ERR,ERR,ERR,ERR,ERR,ERR,ERR,ERR,ERR,ERR,ERR,ERR,ERR,ERR,ERR,ERR,ERR,ERR,ERR,ERR,ERR,ERR,ERR,50.0,60.0,100,0.0,0.0,0.0,0.0,0.0,0.0,0.0,0.0,0.0,0.0,0.0,0.0,0.0,0.0,0.0,0.0,62.0,73,14,65513,50,65476,0,300,0,0,8,20529,65476,0,0,26214,60.0,0.0,0.0,0.0,0.0,0.0
2026-05-17T18:54:57,ERR,ERR,ERR,ERR,ERR,ERR,ERR,ERR,ERR,ERR,ERR,ERR,ERR,ERR,ERR,ERR,ERR,ERR,ERR,ERR,ERR,ERR,ERR,ERR,ERR,ERR,ERR,ERR,ERR,ERR,ERR,ERR,ERR,ERR,ERR,ERR,ERR,ERR,ERR,ERR,ERR,ERR,ERR,ERR,ERR,ERR,ERR,ERR,ERR,ERR,ERR,ERR,ERR,ERR,ERR,ERR,ERR,ERR,ERR,ERR,ERR,ERR,ERR,ERR,ERR,ERR,ERR,ERR,ERR,ERR,ERR,ERR,ERR,ERR,ERR,ERR,ERR,ERR,ERR,ERR,ERR,ERR,ERR,ERR,ERR,ERR,ERR,ERR,ERR,ERR,ERR,ERR,ERR,ERR,ERR,ERR,ERR,ERR,ERR,ERR,ERR,ERR,ERR,ERR,ERR,ERR,ERR,ERR,ERR,ERR,ERR,ERR,ERR,ERR,ERR,ERR,ERR,ERR,ERR,ERR,ERR,ERR,ERR,ERR,ERR,0.0,0.0,-134474944.0,0.0,0.0,1.3936040501711995e+18,7.805,0.0,0,0,4,0,8422,0.0,45,0.0,0.0,0.0,0.0,0.0,0,0,0,0,0.0,0,0,0,0,0,0,0,0,0,0,0,0,0,0,0,0,0,0,0,0,0,0,0,0,0,0,0,0,0,0,0,0,0,38,14,7,45,65476,0,300,0,0,8,21553,0.0,-107605600.0,0.0,0.0,0.0,0.0,0.0,0.0,0.0,0.0,0.0,0.0,0.0,0.0,0.0,0.0,0.0,0.0,0.0,0.0,0.0,0.0,2.004,2.004,-2.004,0.0,0.0,0.0,0.0,0.0,4794.0,-0.0,0.0,2.718428940004181e+23,0.0,0.0,2.718429300292151e+23,0.0,0.0,0.0,0.0,53,-0.0,-0.0,0.0,0.0,0.0,0.0,0.0,0.0,0.0,0,0,0,0.0,0.0,0.0,0.0,0.0,0.0,0.0,0.0,0.0,0.0,0.0,0.0,0.0,0.0,0.0,0.0,0,-107875648.0,53,0.0,106,-107614832.0,0.0,ERR,ERR,ERR,ERR,ERR,ERR,ERR,ERR,ERR,ERR,ERR,ERR,ERR,ERR,ERR,ERR,ERR,ERR,ERR,ERR,ERR,ERR,ERR,ERR,ERR,ERR,ERR,ERR,ERR,ERR,ERR,ERR,ERR,ERR,ERR,ERR,ERR,ERR,ERR,ERR,ERR,ERR,ERR,ERR,ERR,ERR,ERR,ERR,ERR,ERR,ERR,ERR,ERR,ERR,ERR,ERR,ERR,ERR,ERR,ERR,ERR,ERR,ERR,ERR,ERR,ERR,ERR,50.0,60.0,100,0.0,0.0,0.0,0.0,0.0,0.0,0.0,0.0,0.0,0.0,0.0,0.0,0.0,0.0,0.0,0.0,62.0,73,14,65513,50,65476,0,300,0,0,8,20529,65476,0,0,26214,60.0,0.0,0.0,0.0,0.0,0.0
2026-05-17T18:54:58,ERR,ERR,ERR,ERR,ERR,ERR,ERR,ERR,ERR,ERR,ERR,ERR,ERR,ERR,ERR,ERR,ERR,ERR,ERR,ERR,ERR,ERR,ERR,ERR,ERR,ERR,ERR,ERR,ERR,ERR,ERR,ERR,ERR,ERR,ERR,ERR,ERR,ERR,ERR,ERR,ERR,ERR,ERR,ERR,ERR,ERR,ERR,ERR,ERR,ERR,ERR,ERR,ERR,ERR,ERR,ERR,ERR,ERR,ERR,ERR,ERR,ERR,ERR,ERR,ERR,ERR,ERR,ERR,ERR,ERR,ERR,ERR,ERR,ERR,ERR,ERR,ERR,ERR,ERR,ERR,ERR,ERR,ERR,ERR,ERR,ERR,ERR,ERR,ERR,ERR,ERR,ERR,ERR,ERR,ERR,ERR,ERR,ERR,ERR,ERR,ERR,ERR,ERR,ERR,ERR,ERR,ERR,ERR,ERR,ERR,ERR,ERR,ERR,ERR,ERR,ERR,ERR,ERR,ERR,ERR,ERR,ERR,ERR,ERR,ERR,0.0,0.0,-134474944.0,0.0,0.0,1.3936040501711995e+18,7.805,0.0,0,0,4,0,8422,0.0,45,0.0,0.0,0.0,0.0,0.0,0,0,0,0,0.0,0,0,0,0,0,0,0,0,0,0,0,0,0,0,0,0,0,0,0,0,0,0,0,0,0,0,0,0,0,0,0,0,0,38,14,7,45,65476,0,300,0,0,8,21553,0.0,-107605600.0,0.0,0.0,0.0,0.0,0.0,0.0,0.0,0.0,0.0,0.0,0.0,0.0,0.0,0.0,0.0,0.0,0.0,0.0,0.0,0.0,2.004,2.004,-2.004,0.0,0.0,0.0,0.0,0.0,4794.0,-0.0,0.0,2.718428940004181e+23,0.0,0.0,2.718429300292151e+23,0.0,0.0,0.0,0.0,53,-0.0,-0.0,0.0,0.0,0.0,0.0,0.0,0.0,0.0,0,0,0,0.0,0.0,0.0,0.0,0.0,0.0,0.0,0.0,0.0,0.0,0.0,0.0,0.0,0.0,0.0,0.0,0,-107875648.0,53,0.0,106,-107614832.0,0.0,ERR,ERR,ERR,ERR,ERR,ERR,ERR,ERR,ERR,ERR,ERR,ERR,ERR,ERR,ERR,ERR,ERR,ERR,ERR,ERR,ERR,ERR,ERR,ERR,ERR,ERR,ERR,ERR,ERR,ERR,ERR,ERR,ERR,ERR,ERR,ERR,ERR,ERR,ERR,ERR,ERR,ERR,ERR,ERR,ERR,ERR,ERR,ERR,ERR,ERR,ERR,ERR,ERR,ERR,ERR,ERR,ERR,ERR,ERR,ERR,ERR,ERR,ERR,ERR,ERR,ERR,ERR,50.0,60.0,100,0.0,0.0,0.0,0.0,0.0,0.0,0.0,0.0,0.0,0.0,0.0,0.0,0.0,0.0,0.0,0.0,61.6,73,14,65513,50,65476,0,300,0,0,8,20529,65476,0,0,26214,60.0,0.0,0.0,0.0,0.0,0.0
2026-05-17T18:54:59,ERR,ERR,ERR,ERR,ERR,ERR,ERR,ERR,ERR,ERR,ERR,ERR,ERR,ERR,ERR,ERR,ERR,ERR,ERR,ERR,ERR,ERR,ERR,ERR,ERR,ERR,ERR,ERR,ERR,ERR,ERR,ERR,ERR,ERR,ERR,ERR,ERR,ERR,ERR,ERR,ERR,ERR,ERR,ERR,ERR,ERR,ERR,ERR,ERR,ERR,ERR,ERR,ERR,ERR,ERR,ERR,ERR,ERR,ERR,ERR,ERR,ERR,ERR,ERR,ERR,ERR,ERR,ERR,ERR,ERR,ERR,ERR,ERR,ERR,ERR,ERR,ERR,ERR,ERR,ERR,ERR,ERR,ERR,ERR,ERR,ERR,ERR,ERR,ERR,ERR,ERR,ERR,ERR,ERR,ERR,ERR,ERR,ERR,ERR,ERR,ERR,ERR,ERR,ERR,ERR,ERR,ERR,ERR,ERR,ERR,ERR,ERR,ERR,ERR,ERR,ERR,ERR,ERR,ERR,ERR,ERR,ERR,ERR,ERR,ERR,0.0,0.0,-134474944.0,0.0,0.0,1.3936040501711995e+18,7.805,0.0,0,0,4,0,8422,0.0,45,0.0,0.0,0.0,0.0,0.0,0,0,0,0,0.0,0,0,0,0,0,0,0,0,0,0,0,0,0,0,0,0,0,0,0,0,0,0,0,0,0,0,0,0,0,0,0,0,0,38,14,7,45,65476,0,300,0,0,8,21553,0.0,-107605600.0,0.0,0.0,0.0,0.0,0.0,0.0,0.0,0.0,0.0,0.0,0.0,0.0,0.0,0.0,0.0,0.0,0.0,0.0,0.0,0.0,2.004,2.004,-2.004,0.0,0.0,0.0,0.0,0.0,4791.0,-0.0,0.0,0.0,0.0,-107615280.0,2.718429300292151e+23,0.0,0.0,0.0,0.0,53,-0.0,-0.0,0.0,0.0,0.0,0.0,0.0,0.0,0.0,0,0,0,0.0,0.0,0.0,0.0,0.0,0.0,0.0,0.0,0.0,0.0,0.0,0.0,0.0,0.0,0.0,0.0,0,-107875648.0,53,0.0,106,-107614832.0,-107351008.0,ERR,ERR,ERR,ERR,ERR,ERR,ERR,ERR,ERR,ERR,ERR,ERR,ERR,ERR,ERR,ERR,ERR,ERR,ERR,ERR,ERR,ERR,ERR,ERR,ERR,ERR,ERR,ERR,ERR,ERR,ERR,ERR,ERR,ERR,ERR,ERR,ERR,ERR,ERR,ERR,ERR,ERR,ERR,ERR,ERR,ERR,ERR,ERR,ERR,ERR,ERR,ERR,ERR,ERR,ERR,ERR,ERR,ERR,ERR,ERR,ERR,ERR,ERR,ERR,ERR,ERR,ERR,50.0,60.0,100,0.0,0.0,0.0,0.0,0.0,0.0,0.0,0.0,0.0,0.0,0.0,0.0,0.0,0.0,0.0,0.0,62.0,73,14,65513,50,65476,0,300,0,0,8,20529,65476,0,0,26214,60.0,0.0,0.0,0.0,0.0,0.0
2026-05-17T18:55:00,ERR,ERR,ERR,ERR,ERR,ERR,ERR,ERR,ERR,ERR,ERR,ERR,ERR,ERR,ERR,ERR,ERR,ERR,ERR,ERR,ERR,ERR,ERR,ERR,ERR,ERR,ERR,ERR,ERR,ERR,ERR,ERR,ERR,ERR,ERR,ERR,ERR,ERR,ERR,ERR,ERR,ERR,ERR,ERR,ERR,ERR,ERR,ERR,ERR,ERR,ERR,ERR,ERR,ERR,ERR,ERR,ERR,ERR,ERR,ERR,ERR,ERR,ERR,ERR,ERR,ERR,ERR,ERR,ERR,ERR,ERR,ERR,ERR,ERR,ERR,ERR,ERR,ERR,ERR,ERR,ERR,ERR,ERR,ERR,ERR,ERR,ERR,ERR,ERR,ERR,ERR,ERR,ERR,ERR,ERR,ERR,ERR,ERR,ERR,ERR,ERR,ERR,ERR,ERR,ERR,ERR,ERR,ERR,ERR,ERR,ERR,ERR,ERR,ERR,ERR,ERR,ERR,ERR,ERR,ERR,ERR,ERR,ERR,ERR,ERR,0.0,0.0,-134474944.0,0.0,0.0,1.3936040501711995e+18,7.805,0.0,0,0,4,0,8422,0.0,45,0.0,0.0,0.0,0.0,0.0,0,0,0,0,0.0,0,0,0,0,0,0,0,0,0,0,0,0,0,0,0,0,0,0,0,0,0,0,0,0,0,0,0,0,0,0,0,0,0,38,14,7,45,65476,0,300,0,0,8,21553,0.0,-107605600.0,0.0,0.0,0.0,0.0,0.0,0.0,0.0,0.0,0.0,0.0,0.0,0.0,0.0,0.0,0.0,0.0,0.0,0.0,0.0,0.0,2.004,2.004,-2.004,0.0,0.0,0.0,0.0,0.0,4791.0,-0.0,0.0,0.0,0.0,-107615280.0,2.718429300292151e+23,0.0,0.0,0.0,0.0,53,-0.0,-0.0,0.0,0.0,0.0,0.0,0.0,0.0,0.0,0,0,0,0.0,0.0,0.0,0.0,0.0,0.0,0.0,0.0,0.0,0.0,0.0,0.0,0.0,0.0,0.0,0.0,0,-107875648.0,53,0.0,106,-107614832.0,-107351008.0,ERR,ERR,ERR,ERR,ERR,ERR,ERR,ERR,ERR,ERR,ERR,ERR,ERR,ERR,ERR,ERR,ERR,ERR,ERR,ERR,ERR,ERR,ERR,ERR,ERR,ERR,ERR,ERR,ERR,ERR,ERR,ERR,ERR,ERR,ERR,ERR,ERR,ERR,ERR,ERR,ERR,ERR,ERR,ERR,ERR,ERR,ERR,ERR,ERR,ERR,ERR,ERR,ERR,ERR,ERR,ERR,ERR,ERR,ERR,ERR,ERR,ERR,ERR,ERR,ERR,ERR,ERR,50.0,60.0,100,0.0,0.0,0.0,0.0,0.0,0.0,0.0,0.0,0.0,0.0,0.0,0.0,0.0,0.0,0.0,0.0,62.0,73,14,65513,50,65476,0,300,0,0,8,20529,65476,0,0,26214,60.0,0.0,0.0,0.0,0.0,0.0
2026-05-17T18:55:01,ERR,ERR,ERR,ERR,ERR,ERR,ERR,ERR,ERR,ERR,ERR,ERR,ERR,ERR,ERR,ERR,ERR,ERR,ERR,ERR,ERR,ERR,ERR,ERR,ERR,ERR,ERR,ERR,ERR,ERR,ERR,ERR,ERR,ERR,ERR,ERR,ERR,ERR,ERR,ERR,ERR,ERR,ERR,ERR,ERR,ERR,ERR,ERR,ERR,ERR,ERR,ERR,ERR,ERR,ERR,ERR,ERR,ERR,ERR,ERR,ERR,ERR,ERR,ERR,ERR,ERR,ERR,ERR,ERR,ERR,ERR,ERR,ERR,ERR,ERR,ERR,ERR,ERR,ERR,ERR,ERR,ERR,ERR,ERR,ERR,ERR,ERR,ERR,ERR,ERR,ERR,ERR,ERR,ERR,ERR,ERR,ERR,ERR,ERR,ERR,ERR,ERR,ERR,ERR,ERR,ERR,ERR,ERR,ERR,ERR,ERR,ERR,ERR,ERR,ERR,ERR,ERR,ERR,ERR,ERR,ERR,ERR,ERR,ERR,ERR,0.0,0.0,-134474944.0,0.0,0.0,1.3936040501711995e+18,7.805,0.0,0,0,4,0,8422,0.0,45,0.0,0.0,0.0,0.0,0.0,0,0,0,0,0.0,0,0,0,0,0,0,0,0,0,0,0,0,0,0,0,0,0,0,0,0,0,0,0,0,0,0,0,0,0,0,0,0,0,38,14,7,45,65476,0,300,0,0,8,21553,0.0,-107605600.0,0.0,0.0,0.0,0.0,0.0,0.0,0.0,0.0,0.0,0.0,0.0,0.0,0.0,0.0,0.0,0.0,0.0,0.0,0.0,0.0,2.004,2.004,-2.004,0.0,0.0,0.0,0.0,0.0,4791.0,-0.0,0.0,0.0,0.0,-107615280.0,2.718429300292151e+23,0.0,0.0,0.0,0.0,53,-0.0,-0.0,0.0,0.0,0.0,0.0,0.0,0.0,0.0,0,0,0,0.0,0.0,0.0,0.0,0.0,0.0,0.0,0.0,0.0,0.0,0.0,0.0,0.0,0.0,0.0,0.0,0,-107875648.0,53,0.0,106,-107614832.0,-107351008.0,ERR,ERR,ERR,ERR,ERR,ERR,ERR,ERR,ERR,ERR,ERR,ERR,ERR,ERR,ERR,ERR,ERR,ERR,ERR,ERR,ERR,ERR,ERR,ERR,ERR,ERR,ERR,ERR,ERR,ERR,ERR,ERR,ERR,ERR,ERR,ERR,ERR,ERR,ERR,ERR,ERR,ERR,ERR,ERR,ERR,ERR,ERR,ERR,ERR,ERR,ERR,ERR,ERR,ERR,ERR,ERR,ERR,ERR,ERR,ERR,ERR,ERR,ERR,ERR,ERR,ERR,ERR,50.0,60.0,100,0.0,0.0,0.0,0.0,0.0,0.0,0.0,0.0,0.0,0.0,0.0,0.0,0.0,0.0,0.0,0.0,61.6,73,14,65513,50,65476,0,300,0,0,8,20529,65476,0,0,26214,60.0,0.0,0.0,0.0,0.0,0.0
2026-05-17T18:55:02,ERR,ERR,ERR,ERR,ERR,ERR,ERR,ERR,ERR,ERR,ERR,ERR,ERR,ERR,ERR,ERR,ERR,ERR,ERR,ERR,ERR,ERR,ERR,ERR,ERR,ERR,ERR,ERR,ERR,ERR,ERR,ERR,ERR,ERR,ERR,ERR,ERR,ERR,ERR,ERR,ERR,ERR,ERR,ERR,ERR,ERR,ERR,ERR,ERR,ERR,ERR,ERR,ERR,ERR,ERR,ERR,ERR,ERR,ERR,ERR,ERR,ERR,ERR,ERR,ERR,ERR,ERR,ERR,ERR,ERR,ERR,ERR,ERR,ERR,ERR,ERR,ERR,ERR,ERR,ERR,ERR,ERR,ERR,ERR,ERR,ERR,ERR,ERR,ERR,ERR,ERR,ERR,ERR,ERR,ERR,ERR,ERR,ERR,ERR,ERR,ERR,ERR,ERR,ERR,ERR,ERR,ERR,ERR,ERR,ERR,ERR,ERR,ERR,ERR,ERR,ERR,ERR,ERR,ERR,ERR,ERR,ERR,ERR,ERR,ERR,0.0,0.0,-134474944.0,0.0,0.0,1.3936040501711995e+18,7.805,0.0,0,0,4,0,8422,0.0,45,0.0,0.0,0.0,0.0,0.0,0,0,0,0,0.0,0,0,0,0,0,0,0,0,0,0,0,0,0,0,0,0,0,0,0,0,0,0,0,0,0,0,0,0,0,0,0,0,0,38,14,7,45,65476,0,300,0,0,8,21553,0.0,-107605600.0,0.0,0.0,0.0,0.0,0.0,0.0,0.0,0.0,0.0,0.0,0.0,0.0,0.0,0.0,0.0,0.0,0.0,0.0,0.0,0.0,2.004,2.004,-2.004,0.0,0.0,0.0,0.0,0.0,4791.0,-0.0,0.0,0.0,0.0,-107615280.0,2.718429300292151e+23,0.0,0.0,0.0,0.0,53,-0.0,-0.0,0.0,0.0,0.0,0.0,0.0,0.0,0.0,0,0,0,0.0,0.0,0.0,0.0,0.0,0.0,0.0,0.0,0.0,0.0,0.0,0.0,0.0,0.0,0.0,0.0,0,-107875648.0,53,0.0,106,-107614832.0,-107351008.0,ERR,ERR,ERR,ERR,ERR,ERR,ERR,ERR,ERR,ERR,ERR,ERR,ERR,ERR,ERR,ERR,ERR,ERR,ERR,ERR,ERR,ERR,ERR,ERR,ERR,ERR,ERR,ERR,ERR,ERR,ERR,ERR,ERR,ERR,ERR,ERR,ERR,ERR,ERR,ERR,ERR,ERR,ERR,ERR,ERR,ERR,ERR,ERR,ERR,ERR,ERR,ERR,ERR,ERR,ERR,ERR,ERR,ERR,ERR,ERR,ERR,ERR,ERR,ERR,ERR,ERR,ERR,50.0,60.0,100,0.0,0.0,0.0,0.0,0.0,0.0,0.0,0.0,0.0,0.0,0.0,0.0,0.0,0.0,0.0,0.0,61.6,73,14,65513,50,65476,0,300,0,0,8,20529,65476,0,0,26214,60.0,0.0,0.0,0.0,0.0,0.0
2026-05-17T18:55:03,ERR,ERR,ERR,ERR,ERR,ERR,ERR,ERR,ERR,ERR,ERR,ERR,ERR,ERR,ERR,ERR,ERR,ERR,ERR,ERR,ERR,ERR,ERR,ERR,ERR,ERR,ERR,ERR,ERR,ERR,ERR,ERR,ERR,ERR,ERR,ERR,ERR,ERR,ERR,ERR,ERR,ERR,ERR,ERR,ERR,ERR,ERR,ERR,ERR,ERR,ERR,ERR,ERR,ERR,ERR,ERR,ERR,ERR,ERR,ERR,ERR,ERR,ERR,ERR,ERR,ERR,ERR,ERR,ERR,ERR,ERR,ERR,ERR,ERR,ERR,ERR,ERR,ERR,ERR,ERR,ERR,ERR,ERR,ERR,ERR,ERR,ERR,ERR,ERR,ERR,ERR,ERR,ERR,ERR,ERR,ERR,ERR,ERR,ERR,ERR,ERR,ERR,ERR,ERR,ERR,ERR,ERR,ERR,ERR,ERR,ERR,ERR,ERR,ERR,ERR,ERR,ERR,ERR,ERR,ERR,ERR,ERR,ERR,ERR,ERR,0.0,0.0,-134474944.0,0.0,0.0,1.3936040501711995e+18,7.805,0.0,0,0,4,0,8422,0.0,45,0.0,0.0,0.0,0.0,0.0,0,0,0,0,0.0,0,0,0,0,0,0,0,0,0,0,0,0,0,0,0,0,0,0,0,0,0,0,0,0,0,0,0,0,0,0,0,0,0,38,14,7,45,65476,0,300,0,0,8,21553,0.0,-107605600.0,0.0,0.0,0.0,0.0,0.0,0.0,0.0,0.0,0.0,0.0,0.0,0.0,0.0,0.0,0.0,0.0,0.0,0.0,0.0,0.0,2.004,2.004,-2.004,0.0,0.0,0.0,0.0,0.0,4791.0,-0.0,0.0,0.0,0.0,-107615280.0,2.718429300292151e+23,0.0,0.0,0.0,0.0,53,-0.0,-0.0,0.0,0.0,0.0,0.0,0.0,0.0,0.0,0,0,0,0.0,0.0,0.0,0.0,0.0,0.0,0.0,0.0,0.0,0.0,0.0,0.0,0.0,0.0,0.0,0.0,0,-107875648.0,53,0.0,106,-107614832.0,-107351008.0,ERR,ERR,ERR,ERR,ERR,ERR,ERR,ERR,ERR,ERR,ERR,ERR,ERR,ERR,ERR,ERR,ERR,ERR,ERR,ERR,ERR,ERR,ERR,ERR,ERR,ERR,ERR,ERR,ERR,ERR,ERR,ERR,ERR,ERR,ERR,ERR,ERR,ERR,ERR,ERR,ERR,ERR,ERR,ERR,ERR,ERR,ERR,ERR,ERR,ERR,ERR,ERR,ERR,ERR,ERR,ERR,ERR,ERR,ERR,ERR,ERR,ERR,ERR,ERR,ERR,ERR,ERR,50.0,60.0,100,0.0,0.0,0.0,0.0,0.0,0.0,0.0,0.0,0.0,0.0,0.0,0.0,0.0,0.0,0.0,0.0,62.0,73,14,65513,50,65476,0,300,0,0,8,20529,65476,0,0,26214,60.0,0.0,0.0,0.0,0.0,0.0
2026-05-17T18:55:04,ERR,ERR,ERR,ERR,ERR,ERR,ERR,ERR,ERR,ERR,ERR,ERR,ERR,ERR,ERR,ERR,ERR,ERR,ERR,ERR,ERR,ERR,ERR,ERR,ERR,ERR,ERR,ERR,ERR,ERR,ERR,ERR,ERR,ERR,ERR,ERR,ERR,ERR,ERR,ERR,ERR,ERR,ERR,ERR,ERR,ERR,ERR,ERR,ERR,ERR,ERR,ERR,ERR,ERR,ERR,ERR,ERR,ERR,ERR,ERR,ERR,ERR,ERR,ERR,ERR,ERR,ERR,ERR,ERR,ERR,ERR,ERR,ERR,ERR,ERR,ERR,ERR,ERR,ERR,ERR,ERR,ERR,ERR,ERR,ERR,ERR,ERR,ERR,ERR,ERR,ERR,ERR,ERR,ERR,ERR,ERR,ERR,ERR,ERR,ERR,ERR,ERR,ERR,ERR,ERR,ERR,ERR,ERR,ERR,ERR,ERR,ERR,ERR,ERR,ERR,ERR,ERR,ERR,ERR,ERR,ERR,ERR,ERR,ERR,ERR,0.0,0.0,-134474944.0,0.0,0.0,1.3936040501711995e+18,7.805,0.0,0,0,4,0,8422,0.0,45,0.0,0.0,0.0,0.0,0.0,0,0,0,0,0.0,0,0,0,0,0,0,0,0,0,0,0,0,0,0,0,0,0,0,0,0,0,0,0,0,0,0,0,0,0,0,0,0,0,38,14,7,45,65476,0,300,0,0,8,21553,0.0,-107605600.0,0.0,0.0,0.0,0.0,0.0,0.0,0.0,0.0,0.0,0.0,0.0,0.0,0.0,0.0,0.0,0.0,0.0,0.0,0.0,0.0,2.004,2.004,-0.0,0.0,0.0,0.0,0.0,0.0,4789.0,-0.0,0.0,0.0,0.0,0.0,-0.0,0.0,0.0,0.0,0.0,53,-0.0,-0.0,0.0,0.0,0.0,0.0,0.0,0.0,0.0,0,0,0,0.0,0.0,0.0,0.0,0.0,0.0,0.0,0.0,0.0,0.0,0.0,0.0,0.0,0.0,0.0,0.0,0,-107875648.0,53,0.0,106,-107614832.0,0.0,ERR,ERR,ERR,ERR,ERR,ERR,ERR,ERR,ERR,ERR,ERR,ERR,ERR,ERR,ERR,ERR,ERR,ERR,ERR,ERR,ERR,ERR,ERR,ERR,ERR,ERR,ERR,ERR,ERR,ERR,ERR,ERR,ERR,ERR,ERR,ERR,ERR,ERR,ERR,ERR,ERR,ERR,ERR,ERR,ERR,ERR,ERR,ERR,ERR,ERR,ERR,ERR,ERR,ERR,ERR,ERR,ERR,ERR,ERR,ERR,ERR,ERR,ERR,ERR,ERR,ERR,ERR,50.0,60.0,100,0.0,0.0,0.0,0.0,0.0,0.0,0.0,0.0,0.0,0.0,0.0,0.0,0.0,0.0,0.0,0.0,62.0,73,14,65513,50,65476,0,300,0,0,8,20529,65476,0,0,26214,60.0,0.0,0.0,0.0,0.0,0.0
2026-05-17T18:55:05,ERR,ERR,ERR,ERR,ERR,ERR,ERR,ERR,ERR,ERR,ERR,ERR,ERR,ERR,ERR,ERR,ERR,ERR,ERR,ERR,ERR,ERR,ERR,ERR,ERR,ERR,ERR,ERR,ERR,ERR,ERR,ERR,ERR,ERR,ERR,ERR,ERR,ERR,ERR,ERR,ERR,ERR,ERR,ERR,ERR,ERR,ERR,ERR,ERR,ERR,ERR,ERR,ERR,ERR,ERR,ERR,ERR,ERR,ERR,ERR,ERR,ERR,ERR,ERR,ERR,ERR,ERR,ERR,ERR,ERR,ERR,ERR,ERR,ERR,ERR,ERR,ERR,ERR,ERR,ERR,ERR,ERR,ERR,ERR,ERR,ERR,ERR,ERR,ERR,ERR,ERR,ERR,ERR,ERR,ERR,ERR,ERR,ERR,ERR,ERR,ERR,ERR,ERR,ERR,ERR,ERR,ERR,ERR,ERR,ERR,ERR,ERR,ERR,ERR,ERR,ERR,ERR,ERR,ERR,ERR,ERR,ERR,ERR,ERR,ERR,0.0,0.0,-134474944.0,0.0,0.0,1.3936040501711995e+18,7.805,0.0,0,0,4,0,8422,0.0,45,0.0,0.0,0.0,0.0,0.0,0,0,0,0,0.0,0,0,0,0,0,0,0,0,0,0,0,0,0,0,0,0,0,0,0,0,0,0,0,0,0,0,0,0,0,0,0,0,0,38,14,7,45,65476,0,300,0,0,8,21553,0.0,-107605600.0,0.0,0.0,0.0,0.0,0.0,0.0,0.0,0.0,0.0,0.0,0.0,0.0,0.0,0.0,0.0,0.0,0.0,0.0,0.0,0.0,2.004,2.004,-0.0,0.0,0.0,0.0,0.0,0.0,4789.0,-0.0,0.0,0.0,0.0,0.0,-0.0,0.0,0.0,0.0,0.0,53,-0.0,-0.0,0.0,0.0,0.0,0.0,0.0,0.0,0.0,0,0,0,0.0,0.0,0.0,0.0,0.0,0.0,0.0,0.0,0.0,0.0,0.0,0.0,0.0,0.0,0.0,0.0,0,-107875648.0,53,0.0,106,-107614832.0,0.0,ERR,ERR,ERR,ERR,ERR,ERR,ERR,ERR,ERR,ERR,ERR,ERR,ERR,ERR,ERR,ERR,ERR,ERR,ERR,ERR,ERR,ERR,ERR,ERR,ERR,ERR,ERR,ERR,ERR,ERR,ERR,ERR,ERR,ERR,ERR,ERR,ERR,ERR,ERR,ERR,ERR,ERR,ERR,ERR,ERR,ERR,ERR,ERR,ERR,ERR,ERR,ERR,ERR,ERR,ERR,ERR,ERR,ERR,ERR,ERR,ERR,ERR,ERR,ERR,ERR,ERR,ERR,50.0,60.0,100,0.0,0.0,0.0,0.0,0.0,0.0,0.0,0.0,0.0,0.0,0.0,0.0,0.0,0.0,0.0,0.0,62.0,73,14,65513,50,65476,0,300,0,0,8,20529,65476,0,0,26214,60.0,0.0,0.0,0.0,0.0,0.0
2026-05-17T18:55:06,ERR,ERR,ERR,ERR,ERR,ERR,ERR,ERR,ERR,ERR,ERR,ERR,ERR,ERR,ERR,ERR,ERR,ERR,ERR,ERR,ERR,ERR,ERR,ERR,ERR,ERR,ERR,ERR,ERR,ERR,ERR,ERR,ERR,ERR,ERR,ERR,ERR,ERR,ERR,ERR,ERR,ERR,ERR,ERR,ERR,ERR,ERR,ERR,ERR,ERR,ERR,ERR,ERR,ERR,ERR,ERR,ERR,ERR,ERR,ERR,ERR,ERR,ERR,ERR,ERR,ERR,ERR,ERR,ERR,ERR,ERR,ERR,ERR,ERR,ERR,ERR,ERR,ERR,ERR,ERR,ERR,ERR,ERR,ERR,ERR,ERR,ERR,ERR,ERR,ERR,ERR,ERR,ERR,ERR,ERR,ERR,ERR,ERR,ERR,ERR,ERR,ERR,ERR,ERR,ERR,ERR,ERR,ERR,ERR,ERR,ERR,ERR,ERR,ERR,ERR,ERR,ERR,ERR,ERR,ERR,ERR,ERR,ERR,ERR,ERR,0.0,0.0,-134474944.0,0.0,0.0,1.3936040501711995e+18,7.805,0.0,0,0,4,0,8422,0.0,45,0.0,0.0,0.0,0.0,0.0,0,0,0,0,0.0,0,0,0,0,0,0,0,0,0,0,0,0,0,0,0,0,0,0,0,0,0,0,0,0,0,0,0,0,0,0,0,0,0,38,14,7,45,65476,0,300,0,0,8,21553,0.0,-107605600.0,0.0,0.0,0.0,0.0,0.0,0.0,0.0,0.0,0.0,0.0,0.0,0.0,0.0,0.0,0.0,0.0,0.0,0.0,0.0,0.0,2.004,2.004,-0.0,0.0,0.0,0.0,0.0,0.0,4789.0,-0.0,0.0,0.0,0.0,0.0,-0.0,0.0,0.0,0.0,0.0,53,-0.0,-0.0,0.0,0.0,0.0,0.0,0.0,0.0,0.0,0,0,0,0.0,0.0,0.0,0.0,0.0,0.0,0.0,0.0,0.0,0.0,0.0,0.0,0.0,0.0,0.0,0.0,0,-107875648.0,53,0.0,106,-107614832.0,0.0,ERR,ERR,ERR,ERR,ERR,ERR,ERR,ERR,ERR,ERR,ERR,ERR,ERR,ERR,ERR,ERR,ERR,ERR,ERR,ERR,ERR,ERR,ERR,ERR,ERR,ERR,ERR,ERR,ERR,ERR,ERR,ERR,ERR,ERR,ERR,ERR,ERR,ERR,ERR,ERR,ERR,ERR,ERR,ERR,ERR,ERR,ERR,ERR,ERR,ERR,ERR,ERR,ERR,ERR,ERR,ERR,ERR,ERR,ERR,ERR,ERR,ERR,ERR,ERR,ERR,ERR,ERR,50.0,60.0,100,0.0,0.0,0.0,0.0,0.0,0.0,0.0,0.0,0.0,0.0,0.0,0.0,0.0,0.0,0.0,0.0,61.6,73,14,65513,50,65476,0,300,0,0,8,20529,65476,0,0,26214,60.0,0.0,0.0,0.0,0.0,0.0
2026-05-17T18:55:07,ERR,ERR,ERR,ERR,ERR,ERR,ERR,ERR,ERR,ERR,ERR,ERR,ERR,ERR,ERR,ERR,ERR,ERR,ERR,ERR,ERR,ERR,ERR,ERR,ERR,ERR,ERR,ERR,ERR,ERR,ERR,ERR,ERR,ERR,ERR,ERR,ERR,ERR,ERR,ERR,ERR,ERR,ERR,ERR,ERR,ERR,ERR,ERR,ERR,ERR,ERR,ERR,ERR,ERR,ERR,ERR,ERR,ERR,ERR,ERR,ERR,ERR,ERR,ERR,ERR,ERR,ERR,ERR,ERR,ERR,ERR,ERR,ERR,ERR,ERR,ERR,ERR,ERR,ERR,ERR,ERR,ERR,ERR,ERR,ERR,ERR,ERR,ERR,ERR,ERR,ERR,ERR,ERR,ERR,ERR,ERR,ERR,ERR,ERR,ERR,ERR,ERR,ERR,ERR,ERR,ERR,ERR,ERR,ERR,ERR,ERR,ERR,ERR,ERR,ERR,ERR,ERR,ERR,ERR,ERR,ERR,ERR,ERR,ERR,ERR,0.0,0.0,-134474944.0,0.0,0.0,1.3936040501711995e+18,7.805,0.0,0,0,4,0,8422,0.0,45,0.0,0.0,0.0,0.0,0.0,0,0,0,0,0.0,0,0,0,0,0,0,0,0,0,0,0,0,0,0,0,0,0,0,0,0,0,0,0,0,0,0,0,0,0,0,0,0,0,38,14,7,45,65476,0,300,0,0,8,21553,0.0,-107605600.0,0.0,0.0,0.0,0.0,0.0,0.0,0.0,0.0,0.0,0.0,0.0,0.0,0.0,0.0,0.0,0.0,0.0,0.0,0.0,0.0,2.004,2.004,-0.0,0.0,0.0,0.0,0.0,0.0,4789.0,-0.0,0.0,0.0,0.0,0.0,-0.0,0.0,0.0,0.0,0.0,53,-0.0,-0.0,0.0,0.0,0.0,0.0,0.0,0.0,0.0,0,0,0,0.0,0.0,0.0,0.0,0.0,0.0,0.0,0.0,0.0,0.0,0.0,0.0,0.0,0.0,0.0,0.0,0,-107875648.0,53,0.0,106,-107614832.0,0.0,ERR,ERR,ERR,ERR,ERR,ERR,ERR,ERR,ERR,ERR,ERR,ERR,ERR,ERR,ERR,ERR,ERR,ERR,ERR,ERR,ERR,ERR,ERR,ERR,ERR,ERR,ERR,ERR,ERR,ERR,ERR,ERR,ERR,ERR,ERR,ERR,ERR,ERR,ERR,ERR,ERR,ERR,ERR,ERR,ERR,ERR,ERR,ERR,ERR,ERR,ERR,ERR,ERR,ERR,ERR,ERR,ERR,ERR,ERR,ERR,ERR,ERR,ERR,ERR,ERR,ERR,ERR,50.0,60.0,100,0.0,0.0,0.0,0.0,0.0,0.0,0.0,0.0,0.0,0.0,0.0,0.0,0.0,0.0,0.0,0.0,61.6,73,14,65513,50,65476,0,300,0,0,8,20529,65476,0,0,26214,60.0,0.0,0.0,0.0,0.0,0.0
2026-05-17T18:55:08,ERR,ERR,ERR,ERR,ERR,ERR,ERR,ERR,ERR,ERR,ERR,ERR,ERR,ERR,ERR,ERR,ERR,ERR,ERR,ERR,ERR,ERR,ERR,ERR,ERR,ERR,ERR,ERR,ERR,ERR,ERR,ERR,ERR,ERR,ERR,ERR,ERR,ERR,ERR,ERR,ERR,ERR,ERR,ERR,ERR,ERR,ERR,ERR,ERR,ERR,ERR,ERR,ERR,ERR,ERR,ERR,ERR,ERR,ERR,ERR,ERR,ERR,ERR,ERR,ERR,ERR,ERR,ERR,ERR,ERR,ERR,ERR,ERR,ERR,ERR,ERR,ERR,ERR,ERR,ERR,ERR,ERR,ERR,ERR,ERR,ERR,ERR,ERR,ERR,ERR,ERR,ERR,ERR,ERR,ERR,ERR,ERR,ERR,ERR,ERR,ERR,ERR,ERR,ERR,ERR,ERR,ERR,ERR,ERR,ERR,ERR,ERR,ERR,ERR,ERR,ERR,ERR,ERR,ERR,ERR,ERR,ERR,ERR,ERR,ERR,0.0,0.0,-134474944.0,0.0,0.0,1.3936040501711995e+18,7.805,0.0,0,0,4,0,8422,0.0,45,0.0,0.0,0.0,0.0,0.0,0,0,0,0,0.0,0,0,0,0,0,0,0,0,0,0,0,0,0,0,0,0,0,0,0,0,0,0,0,0,0,0,0,0,0,0,0,0,0,38,14,7,45,65476,0,300,0,0,8,21553,0.0,-107605600.0,0.0,0.0,0.0,0.0,0.0,0.0,0.0,0.0,0.0,0.0,0.0,0.0,0.0,0.0,0.0,0.0,0.0,0.0,0.0,0.0,2.004,2.004,-0.0,0.0,0.0,0.0,0.0,0.0,4789.0,-0.0,0.0,0.0,0.0,0.0,-0.0,0.0,0.0,0.0,0.0,53,-0.0,-0.0,0.0,0.0,0.0,0.0,0.0,0.0,0.0,0,0,0,0.0,0.0,0.0,0.0,0.0,0.0,0.0,0.0,0.0,0.0,0.0,0.0,0.0,0.0,0.0,0.0,0,-107875648.0,53,0.0,106,-107614832.0,0.0,ERR,ERR,ERR,ERR,ERR,ERR,ERR,ERR,ERR,ERR,ERR,ERR,ERR,ERR,ERR,ERR,ERR,ERR,ERR,ERR,ERR,ERR,ERR,ERR,ERR,ERR,ERR,ERR,ERR,ERR,ERR,ERR,ERR,ERR,ERR,ERR,ERR,ERR,ERR,ERR,ERR,ERR,ERR,ERR,ERR,ERR,ERR,ERR,ERR,ERR,ERR,ERR,ERR,ERR,ERR,ERR,ERR,ERR,ERR,ERR,ERR,ERR,ERR,ERR,ERR,ERR,ERR,50.0,60.0,100,0.0,0.0,0.0,0.0,0.0,0.0,0.0,0.0,0.0,0.0,0.0,0.0,0.0,0.0,0.0,0.0,62.0,73,14,65513,50,65476,0,300,0,0,8,20529,65476,0,0,26214,60.0,0.0,0.0,0.0,0.0,0.0
2026-05-17T18:55:09,ERR,ERR,ERR,ERR,ERR,ERR,ERR,ERR,ERR,ERR,ERR,ERR,ERR,ERR,ERR,ERR,ERR,ERR,ERR,ERR,ERR,ERR,ERR,ERR,ERR,ERR,ERR,ERR,ERR,ERR,ERR,ERR,ERR,ERR,ERR,ERR,ERR,ERR,ERR,ERR,ERR,ERR,ERR,ERR,ERR,ERR,ERR,ERR,ERR,ERR,ERR,ERR,ERR,ERR,ERR,ERR,ERR,ERR,ERR,ERR,ERR,ERR,ERR,ERR,ERR,ERR,ERR,ERR,ERR,ERR,ERR,ERR,ERR,ERR,ERR,ERR,ERR,ERR,ERR,ERR,ERR,ERR,ERR,ERR,ERR,ERR,ERR,ERR,ERR,ERR,ERR,ERR,ERR,ERR,ERR,ERR,ERR,ERR,ERR,ERR,ERR,ERR,ERR,ERR,ERR,ERR,ERR,ERR,ERR,ERR,ERR,ERR,ERR,ERR,ERR,ERR,ERR,ERR,ERR,ERR,ERR,ERR,ERR,ERR,ERR,0.0,0.0,-134474944.0,0.0,0.0,1.3936040501711995e+18,7.805,0.0,0,0,4,0,8422,0.0,45,0.0,0.0,0.0,0.0,0.0,0,0,0,0,0.0,0,0,0,0,0,0,0,0,0,0,0,0,0,0,0,0,0,0,0,0,0,0,0,0,0,0,0,0,0,0,0,0,0,38,14,7,45,65476,0,300,0,0,8,21553,0.0,-107605600.0,0.0,0.0,0.0,0.0,0.0,0.0,0.0,0.0,0.0,0.0,0.0,0.0,0.0,0.0,0.0,0.0,0.0,0.0,0.0,0.0,2.004,2.004,-2.004,0.0,0.0,0.0,0.0,0.0,4788.0,-0.0,0.0,0.0,0.0,-107615280.0,2.718429300292151e+23,0.0,0.0,0.0,0.0,53,5.848083413016271e+35,-0.0,0.0,0.0,0.0,0.0,0.0,0.0,0.0,0,0,0,0.0,0.0,0.0,0.0,0.0,0.0,0.0,0.0,0.0,0.0,0.0,0.0,0.0,0.0,0.0,0.0,0,-107875648.0,53,0.0,106,-107614832.0,-107351008.0,ERR,ERR,ERR,ERR,ERR,ERR,ERR,ERR,ERR,ERR,ERR,ERR,ERR,ERR,ERR,ERR,ERR,ERR,ERR,ERR,ERR,ERR,ERR,ERR,ERR,ERR,ERR,ERR,ERR,ERR,ERR,ERR,ERR,ERR,ERR,ERR,ERR,ERR,ERR,ERR,ERR,ERR,ERR,ERR,ERR,ERR,ERR,ERR,ERR,ERR,ERR,ERR,ERR,ERR,ERR,ERR,ERR,ERR,ERR,ERR,ERR,ERR,ERR,ERR,ERR,ERR,ERR,50.0,60.0,100,0.0,0.0,0.0,0.0,0.0,0.0,0.0,0.0,0.0,0.0,0.0,0.0,0.0,0.0,0.0,0.0,62.0,73,14,65513,50,65476,0,300,0,0,8,20529,65476,0,0,26214,60.0,0.0,0.0,0.0,0.0,0.0
2026-05-17T18:55:10,ERR,ERR,ERR,ERR,ERR,ERR,ERR,ERR,ERR,ERR,ERR,ERR,ERR,ERR,ERR,ERR,ERR,ERR,ERR,ERR,ERR,ERR,ERR,ERR,ERR,ERR,ERR,ERR,ERR,ERR,ERR,ERR,ERR,ERR,ERR,ERR,ERR,ERR,ERR,ERR,ERR,ERR,ERR,ERR,ERR,ERR,ERR,ERR,ERR,ERR,ERR,ERR,ERR,ERR,ERR,ERR,ERR,ERR,ERR,ERR,ERR,ERR,ERR,ERR,ERR,ERR,ERR,ERR,ERR,ERR,ERR,ERR,ERR,ERR,ERR,ERR,ERR,ERR,ERR,ERR,ERR,ERR,ERR,ERR,ERR,ERR,ERR,ERR,ERR,ERR,ERR,ERR,ERR,ERR,ERR,ERR,ERR,ERR,ERR,ERR,ERR,ERR,ERR,ERR,ERR,ERR,ERR,ERR,ERR,ERR,ERR,ERR,ERR,ERR,ERR,ERR,ERR,ERR,ERR,ERR,ERR,ERR,ERR,ERR,ERR,0.0,0.0,-134474944.0,0.0,0.0,1.3936040501711995e+18,7.805,0.0,0,0,4,0,8422,0.0,45,0.0,0.0,0.0,0.0,0.0,0,0,0,0,0.0,0,0,0,0,0,0,0,0,0,0,0,0,0,0,0,0,0,0,0,0,0,0,0,0,0,0,0,0,0,0,0,0,0,38,14,7,45,65476,0,300,0,0,8,21553,0.0,-107605600.0,0.0,0.0,0.0,0.0,0.0,0.0,0.0,0.0,0.0,0.0,0.0,0.0,0.0,0.0,0.0,0.0,0.0,0.0,0.0,0.0,2.004,2.004,-2.004,0.0,0.0,0.0,0.0,0.0,4788.0,-0.0,0.0,0.0,0.0,-107615280.0,2.718429300292151e+23,0.0,0.0,0.0,0.0,53,5.848083413016271e+35,-0.0,0.0,0.0,0.0,0.0,0.0,0.0,0.0,0,0,0,0.0,0.0,0.0,0.0,0.0,0.0,0.0,0.0,0.0,0.0,0.0,0.0,0.0,0.0,0.0,0.0,0,-107875648.0,53,0.0,106,-107614832.0,-107351008.0,ERR,ERR,ERR,ERR,ERR,ERR,ERR,ERR,ERR,ERR,ERR,ERR,ERR,ERR,ERR,ERR,ERR,ERR,ERR,ERR,ERR,ERR,ERR,ERR,ERR,ERR,ERR,ERR,ERR,ERR,ERR,ERR,ERR,ERR,ERR,ERR,ERR,ERR,ERR,ERR,ERR,ERR,ERR,ERR,ERR,ERR,ERR,ERR,ERR,ERR,ERR,ERR,ERR,ERR,ERR,ERR,ERR,ERR,ERR,ERR,ERR,ERR,ERR,ERR,ERR,ERR,ERR,50.0,60.0,100,0.0,0.0,0.0,0.0,0.0,0.0,0.0,0.0,0.0,0.0,0.0,0.0,0.0,0.0,0.0,0.0,62.0,73,14,65513,50,65476,0,300,0,0,8,20529,65476,0,0,26214,60.0,0.0,0.0,0.0,0.0,0.0
2026-05-17T18:55:11,ERR,ERR,ERR,ERR,ERR,ERR,ERR,ERR,ERR,ERR,ERR,ERR,ERR,ERR,ERR,ERR,ERR,ERR,ERR,ERR,ERR,ERR,ERR,ERR,ERR,ERR,ERR,ERR,ERR,ERR,ERR,ERR,ERR,ERR,ERR,ERR,ERR,ERR,ERR,ERR,ERR,ERR,ERR,ERR,ERR,ERR,ERR,ERR,ERR,ERR,ERR,ERR,ERR,ERR,ERR,ERR,ERR,ERR,ERR,ERR,ERR,ERR,ERR,ERR,ERR,ERR,ERR,ERR,ERR,ERR,ERR,ERR,ERR,ERR,ERR,ERR,ERR,ERR,ERR,ERR,ERR,ERR,ERR,ERR,ERR,ERR,ERR,ERR,ERR,ERR,ERR,ERR,ERR,ERR,ERR,ERR,ERR,ERR,ERR,ERR,ERR,ERR,ERR,ERR,ERR,ERR,ERR,ERR,ERR,ERR,ERR,ERR,ERR,ERR,ERR,ERR,ERR,ERR,ERR,ERR,ERR,ERR,ERR,ERR,ERR,0.0,0.0,-134474944.0,0.0,0.0,1.3936040501711995e+18,7.805,0.0,0,0,4,0,8422,0.0,45,0.0,0.0,0.0,0.0,0.0,0,0,0,0,0.0,0,0,0,0,0,0,0,0,0,0,0,0,0,0,0,0,0,0,0,0,0,0,0,0,0,0,0,0,0,0,0,0,0,38,14,7,45,65476,0,300,0,0,8,21553,0.0,-107605600.0,0.0,0.0,0.0,0.0,0.0,0.0,0.0,0.0,0.0,0.0,0.0,0.0,0.0,0.0,0.0,0.0,0.0,0.0,0.0,0.0,2.004,2.004,-2.004,0.0,0.0,0.0,0.0,0.0,4788.0,-0.0,0.0,0.0,0.0,-107615280.0,2.718429300292151e+23,0.0,0.0,0.0,0.0,53,5.848083413016271e+35,-0.0,0.0,0.0,0.0,0.0,0.0,0.0,0.0,0,0,0,0.0,0.0,0.0,0.0,0.0,0.0,0.0,0.0,0.0,0.0,0.0,0.0,0.0,0.0,0.0,0.0,0,-107875648.0,53,0.0,106,-107614832.0,-107351008.0,ERR,ERR,ERR,ERR,ERR,ERR,ERR,ERR,ERR,ERR,ERR,ERR,ERR,ERR,ERR,ERR,ERR,ERR,ERR,ERR,ERR,ERR,ERR,ERR,ERR,ERR,ERR,ERR,ERR,ERR,ERR,ERR,ERR,ERR,ERR,ERR,ERR,ERR,ERR,ERR,ERR,ERR,ERR,ERR,ERR,ERR,ERR,ERR,ERR,ERR,ERR,ERR,ERR,ERR,ERR,ERR,ERR,ERR,ERR,ERR,ERR,ERR,ERR,ERR,ERR,ERR,ERR,50.0,60.0,100,0.0,0.0,0.0,0.0,0.0,0.0,0.0,0.0,0.0,0.0,0.0,0.0,0.0,0.0,0.0,0.0,62.0,73,14,65513,50,65476,0,300,0,0,8,20529,65476,0,0,26214,60.0,0.0,0.0,0.0,0.0,0.0
2026-05-17T18:55:12,ERR,ERR,ERR,ERR,ERR,ERR,ERR,ERR,ERR,ERR,ERR,ERR,ERR,ERR,ERR,ERR,ERR,ERR,ERR,ERR,ERR,ERR,ERR,ERR,ERR,ERR,ERR,ERR,ERR,ERR,ERR,ERR,ERR,ERR,ERR,ERR,ERR,ERR,ERR,ERR,ERR,ERR,ERR,ERR,ERR,ERR,ERR,ERR,ERR,ERR,ERR,ERR,ERR,ERR,ERR,ERR,ERR,ERR,ERR,ERR,ERR,ERR,ERR,ERR,ERR,ERR,ERR,ERR,ERR,ERR,ERR,ERR,ERR,ERR,ERR,ERR,ERR,ERR,ERR,ERR,ERR,ERR,ERR,ERR,ERR,ERR,ERR,ERR,ERR,ERR,ERR,ERR,ERR,ERR,ERR,ERR,ERR,ERR,ERR,ERR,ERR,ERR,ERR,ERR,ERR,ERR,ERR,ERR,ERR,ERR,ERR,ERR,ERR,ERR,ERR,ERR,ERR,ERR,ERR,ERR,ERR,ERR,ERR,ERR,ERR,0.0,0.0,-134474944.0,0.0,0.0,1.3936040501711995e+18,7.805,0.0,0,0,4,0,8422,0.0,45,0.0,0.0,0.0,0.0,0.0,0,0,0,0,0.0,0,0,0,0,0,0,0,0,0,0,0,0,0,0,0,0,0,0,0,0,0,0,0,0,0,0,0,0,0,0,0,0,0,38,14,7,45,65476,0,300,0,0,8,21553,0.0,-107605600.0,0.0,0.0,0.0,0.0,0.0,0.0,0.0,0.0,0.0,0.0,0.0,0.0,0.0,0.0,0.0,0.0,0.0,0.0,0.0,0.0,2.004,2.004,-2.004,0.0,0.0,0.0,0.0,0.0,4788.0,-0.0,0.0,0.0,0.0,-107615280.0,2.718429300292151e+23,0.0,0.0,0.0,0.0,53,5.848083413016271e+35,-0.0,0.0,0.0,0.0,0.0,0.0,0.0,0.0,0,0,0,0.0,0.0,0.0,0.0,0.0,0.0,0.0,0.0,0.0,0.0,0.0,0.0,0.0,0.0,0.0,0.0,0,-107875648.0,53,0.0,106,-107614832.0,-107351008.0,ERR,ERR,ERR,ERR,ERR,ERR,ERR,ERR,ERR,ERR,ERR,ERR,ERR,ERR,ERR,ERR,ERR,ERR,ERR,ERR,ERR,ERR,ERR,ERR,ERR,ERR,ERR,ERR,ERR,ERR,ERR,ERR,ERR,ERR,ERR,ERR,ERR,ERR,ERR,ERR,ERR,ERR,ERR,ERR,ERR,ERR,ERR,ERR,ERR,ERR,ERR,ERR,ERR,ERR,ERR,ERR,ERR,ERR,ERR,ERR,ERR,ERR,ERR,ERR,ERR,ERR,ERR,50.0,60.0,100,0.0,0.0,0.0,0.0,0.0,0.0,0.0,0.0,0.0,0.0,0.0,0.0,0.0,0.0,0.0,0.0,62.0,73,14,65513,50,65476,0,300,0,0,8,20529,65476,0,0,26214,60.0,0.0,0.0,0.0,0.0,0.0
2026-05-17T18:55:13,ERR,ERR,ERR,ERR,ERR,ERR,ERR,ERR,ERR,ERR,ERR,ERR,ERR,ERR,ERR,ERR,ERR,ERR,ERR,ERR,ERR,ERR,ERR,ERR,ERR,ERR,ERR,ERR,ERR,ERR,ERR,ERR,ERR,ERR,ERR,ERR,ERR,ERR,ERR,ERR,ERR,ERR,ERR,ERR,ERR,ERR,ERR,ERR,ERR,ERR,ERR,ERR,ERR,ERR,ERR,ERR,ERR,ERR,ERR,ERR,ERR,ERR,ERR,ERR,ERR,ERR,ERR,ERR,ERR,ERR,ERR,ERR,ERR,ERR,ERR,ERR,ERR,ERR,ERR,ERR,ERR,ERR,ERR,ERR,ERR,ERR,ERR,ERR,ERR,ERR,ERR,ERR,ERR,ERR,ERR,ERR,ERR,ERR,ERR,ERR,ERR,ERR,ERR,ERR,ERR,ERR,ERR,ERR,ERR,ERR,ERR,ERR,ERR,ERR,ERR,ERR,ERR,ERR,ERR,ERR,ERR,ERR,ERR,ERR,ERR,0.0,0.0,-134474944.0,0.0,0.0,1.3936040501711995e+18,7.805,0.0,0,0,4,0,8422,0.0,45,0.0,0.0,0.0,0.0,0.0,0,0,0,0,0.0,0,0,0,0,0,0,0,0,0,0,0,0,0,0,0,0,0,0,0,0,0,0,0,0,0,0,0,0,0,0,0,0,0,38,14,7,45,65476,0,300,0,0,8,21553,0.0,-107605600.0,0.0,0.0,0.0,0.0,0.0,0.0,0.0,0.0,0.0,0.0,0.0,0.0,0.0,0.0,0.0,0.0,0.0,0.0,0.0,0.0,2.004,2.004,-2.004,0.0,0.0,0.0,0.0,0.0,4788.0,-0.0,0.0,0.0,0.0,-107615280.0,2.718429300292151e+23,0.0,0.0,0.0,0.0,53,5.848083413016271e+35,-0.0,0.0,0.0,0.0,0.0,0.0,0.0,0.0,0,0,0,0.0,0.0,0.0,0.0,0.0,0.0,0.0,0.0,0.0,0.0,0.0,0.0,0.0,0.0,0.0,0.0,0,-107875648.0,53,0.0,106,-107614832.0,-107351008.0,ERR,ERR,ERR,ERR,ERR,ERR,ERR,ERR,ERR,ERR,ERR,ERR,ERR,ERR,ERR,ERR,ERR,ERR,ERR,ERR,ERR,ERR,ERR,ERR,ERR,ERR,ERR,ERR,ERR,ERR,ERR,ERR,ERR,ERR,ERR,ERR,ERR,ERR,ERR,ERR,ERR,ERR,ERR,ERR,ERR,ERR,ERR,ERR,ERR,ERR,ERR,ERR,ERR,ERR,ERR,ERR,ERR,ERR,ERR,ERR,ERR,ERR,ERR,ERR,ERR,ERR,ERR,50.0,60.0,100,0.0,0.0,0.0,0.0,0.0,0.0,0.0,0.0,0.0,0.0,0.0,0.0,0.0,0.0,0.0,0.0,61.6,73,14,65513,50,65476,0,300,0,0,8,20529,65476,0,0,26214,60.0,0.0,0.0,0.0,0.0,0.0
2026-05-17T18:55:14,ERR,ERR,ERR,ERR,ERR,ERR,ERR,ERR,ERR,ERR,ERR,ERR,ERR,ERR,ERR,ERR,ERR,ERR,ERR,ERR,ERR,ERR,ERR,ERR,ERR,ERR,ERR,ERR,ERR,ERR,ERR,ERR,ERR,ERR,ERR,ERR,ERR,ERR,ERR,ERR,ERR,ERR,ERR,ERR,ERR,ERR,ERR,ERR,ERR,ERR,ERR,ERR,ERR,ERR,ERR,ERR,ERR,ERR,ERR,ERR,ERR,ERR,ERR,ERR,ERR,ERR,ERR,ERR,ERR,ERR,ERR,ERR,ERR,ERR,ERR,ERR,ERR,ERR,ERR,ERR,ERR,ERR,ERR,ERR,ERR,ERR,ERR,ERR,ERR,ERR,ERR,ERR,ERR,ERR,ERR,ERR,ERR,ERR,ERR,ERR,ERR,ERR,ERR,ERR,ERR,ERR,ERR,ERR,ERR,ERR,ERR,ERR,ERR,ERR,ERR,ERR,ERR,ERR,ERR,ERR,ERR,ERR,ERR,ERR,ERR,0.0,0.0,-134474944.0,0.0,0.0,1.3936040501711995e+18,7.805,0.0,0,0,4,0,8422,0.0,45,0.0,0.0,0.0,0.0,0.0,0,0,0,0,0.0,0,0,0,0,0,0,0,0,0,0,0,0,0,0,0,0,0,0,0,0,0,0,0,0,0,0,0,0,0,0,0,0,0,38,14,7,45,65476,0,300,0,0,8,21553,0.0,-107605600.0,0.0,0.0,0.0,0.0,0.0,0.0,0.0,0.0,0.0,0.0,0.0,0.0,0.0,0.0,0.0,0.0,0.0,0.0,0.0,0.0,2.004,2.004,-2.004,0.0,0.0,0.0,0.0,0.0,4790.0,-0.0,0.0,0.0,0.0,0.0,2.718429300292151e+23,0.0,0.0,0.0,0.0,53,-0.0,4.066850257910686e+29,0.0,0.0,0.0,0.0,0.0,0.0,0.0,0,0,0,0.0,0.0,0.0,0.0,0.0,0.0,0.0,0.0,0.0,0.0,0.0,0.0,0.0,0.0,0.0,0.0,0,-107875648.0,53,0.0,106,-107614832.0,0.0,ERR,ERR,ERR,ERR,ERR,ERR,ERR,ERR,ERR,ERR,ERR,ERR,ERR,ERR,ERR,ERR,ERR,ERR,ERR,ERR,ERR,ERR,ERR,ERR,ERR,ERR,ERR,ERR,ERR,ERR,ERR,ERR,ERR,ERR,ERR,ERR,ERR,ERR,ERR,ERR,ERR,ERR,ERR,ERR,ERR,ERR,ERR,ERR,ERR,ERR,ERR,ERR,ERR,ERR,ERR,ERR,ERR,ERR,ERR,ERR,ERR,ERR,ERR,ERR,ERR,ERR,ERR,50.0,60.0,100,0.0,0.0,0.0,0.0,0.0,0.0,0.0,0.0,0.0,0.0,0.0,0.0,0.0,0.0,0.0,0.0,61.6,73,14,65513,50,65476,0,300,0,0,8,20529,65476,0,0,26214,60.0,0.0,0.0,0.0,0.0,0.0
2026-05-17T18:55:15,ERR,ERR,ERR,ERR,ERR,ERR,ERR,ERR,ERR,ERR,ERR,ERR,ERR,ERR,ERR,ERR,ERR,ERR,ERR,ERR,ERR,ERR,ERR,ERR,ERR,ERR,ERR,ERR,ERR,ERR,ERR,ERR,ERR,ERR,ERR,ERR,ERR,ERR,ERR,ERR,ERR,ERR,ERR,ERR,ERR,ERR,ERR,ERR,ERR,ERR,ERR,ERR,ERR,ERR,ERR,ERR,ERR,ERR,ERR,ERR,ERR,ERR,ERR,ERR,ERR,ERR,ERR,ERR,ERR,ERR,ERR,ERR,ERR,ERR,ERR,ERR,ERR,ERR,ERR,ERR,ERR,ERR,ERR,ERR,ERR,ERR,ERR,ERR,ERR,ERR,ERR,ERR,ERR,ERR,ERR,ERR,ERR,ERR,ERR,ERR,ERR,ERR,ERR,ERR,ERR,ERR,ERR,ERR,ERR,ERR,ERR,ERR,ERR,ERR,ERR,ERR,ERR,ERR,ERR,ERR,ERR,ERR,ERR,ERR,ERR,0.0,0.0,-134474944.0,0.0,0.0,1.3936040501711995e+18,7.805,0.0,0,0,4,0,8422,0.0,45,0.0,0.0,0.0,0.0,0.0,0,0,0,0,0.0,0,0,0,0,0,0,0,0,0,0,0,0,0,0,0,0,0,0,0,0,0,0,0,0,0,0,0,0,0,0,0,0,0,38,14,7,45,65476,0,300,0,0,8,21553,0.0,-107605600.0,0.0,0.0,0.0,0.0,0.0,0.0,0.0,0.0,0.0,0.0,0.0,0.0,0.0,0.0,0.0,0.0,0.0,0.0,0.0,0.0,2.004,2.004,-2.004,0.0,0.0,0.0,0.0,0.0,4790.0,-0.0,0.0,0.0,0.0,0.0,2.718429300292151e+23,0.0,0.0,0.0,0.0,53,-0.0,4.066850257910686e+29,0.0,0.0,0.0,0.0,0.0,0.0,0.0,0,0,0,0.0,0.0,0.0,0.0,0.0,0.0,0.0,0.0,0.0,0.0,0.0,0.0,0.0,0.0,0.0,0.0,0,-107875648.0,53,0.0,106,-107614832.0,0.0,ERR,ERR,ERR,ERR,ERR,ERR,ERR,ERR,ERR,ERR,ERR,ERR,ERR,ERR,ERR,ERR,ERR,ERR,ERR,ERR,ERR,ERR,ERR,ERR,ERR,ERR,ERR,ERR,ERR,ERR,ERR,ERR,ERR,ERR,ERR,ERR,ERR,ERR,ERR,ERR,ERR,ERR,ERR,ERR,ERR,ERR,ERR,ERR,ERR,ERR,ERR,ERR,ERR,ERR,ERR,ERR,ERR,ERR,ERR,ERR,ERR,ERR,ERR,ERR,ERR,ERR,ERR,50.0,60.0,100,0.0,0.0,0.0,0.0,0.0,0.0,0.0,0.0,0.0,0.0,0.0,0.0,0.0,0.0,0.0,0.0,61.6,73,14,65513,50,65476,0,300,0,0,8,20529,65476,0,0,26214,60.0,0.0,0.0,0.0,0.0,0.0
2026-05-17T18:55:16,ERR,ERR,ERR,ERR,ERR,ERR,ERR,ERR,ERR,ERR,ERR,ERR,ERR,ERR,ERR,ERR,ERR,ERR,ERR,ERR,ERR,ERR,ERR,ERR,ERR,ERR,ERR,ERR,ERR,ERR,ERR,ERR,ERR,ERR,ERR,ERR,ERR,ERR,ERR,ERR,ERR,ERR,ERR,ERR,ERR,ERR,ERR,ERR,ERR,ERR,ERR,ERR,ERR,ERR,ERR,ERR,ERR,ERR,ERR,ERR,ERR,ERR,ERR,ERR,ERR,ERR,ERR,ERR,ERR,ERR,ERR,ERR,ERR,ERR,ERR,ERR,ERR,ERR,ERR,ERR,ERR,ERR,ERR,ERR,ERR,ERR,ERR,ERR,ERR,ERR,ERR,ERR,ERR,ERR,ERR,ERR,ERR,ERR,ERR,ERR,ERR,ERR,ERR,ERR,ERR,ERR,ERR,ERR,ERR,ERR,ERR,ERR,ERR,ERR,ERR,ERR,ERR,ERR,ERR,ERR,ERR,ERR,ERR,ERR,ERR,0.0,0.0,-134474944.0,0.0,0.0,1.3936040501711995e+18,7.805,0.0,0,0,4,0,8422,0.0,45,0.0,0.0,0.0,0.0,0.0,0,0,0,0,0.0,0,0,0,0,0,0,0,0,0,0,0,0,0,0,0,0,0,0,0,0,0,0,0,0,0,0,0,0,0,0,0,0,0,38,14,7,45,65476,0,300,0,0,8,21553,0.0,-107605600.0,0.0,0.0,0.0,0.0,0.0,0.0,0.0,0.0,0.0,0.0,0.0,0.0,0.0,0.0,0.0,0.0,0.0,0.0,0.0,0.0,2.004,2.004,-2.004,0.0,0.0,0.0,0.0,0.0,4790.0,-0.0,0.0,0.0,0.0,0.0,2.718429300292151e+23,0.0,0.0,0.0,0.0,53,-0.0,4.066850257910686e+29,0.0,0.0,0.0,0.0,0.0,0.0,0.0,0,0,0,0.0,0.0,0.0,0.0,0.0,0.0,0.0,0.0,0.0,0.0,0.0,0.0,0.0,0.0,0.0,0.0,0,-107875648.0,53,0.0,106,-107614832.0,0.0,ERR,ERR,ERR,ERR,ERR,ERR,ERR,ERR,ERR,ERR,ERR,ERR,ERR,ERR,ERR,ERR,ERR,ERR,ERR,ERR,ERR,ERR,ERR,ERR,ERR,ERR,ERR,ERR,ERR,ERR,ERR,ERR,ERR,ERR,ERR,ERR,ERR,ERR,ERR,ERR,ERR,ERR,ERR,ERR,ERR,ERR,ERR,ERR,ERR,ERR,ERR,ERR,ERR,ERR,ERR,ERR,ERR,ERR,ERR,ERR,ERR,ERR,ERR,ERR,ERR,ERR,ERR,50.0,60.0,100,0.0,0.0,0.0,0.0,0.0,0.0,0.0,0.0,0.0,0.0,0.0,0.0,0.0,0.0,0.0,0.0,61.6,73,14,65513,50,65476,0,300,0,0,8,20529,65476,0,0,26214,60.0,0.0,0.0,0.0,0.0,0.0
2026-05-17T18:55:17,ERR,ERR,ERR,ERR,ERR,ERR,ERR,ERR,ERR,ERR,ERR,ERR,ERR,ERR,ERR,ERR,ERR,ERR,ERR,ERR,ERR,ERR,ERR,ERR,ERR,ERR,ERR,ERR,ERR,ERR,ERR,ERR,ERR,ERR,ERR,ERR,ERR,ERR,ERR,ERR,ERR,ERR,ERR,ERR,ERR,ERR,ERR,ERR,ERR,ERR,ERR,ERR,ERR,ERR,ERR,ERR,ERR,ERR,ERR,ERR,ERR,ERR,ERR,ERR,ERR,ERR,ERR,ERR,ERR,ERR,ERR,ERR,ERR,ERR,ERR,ERR,ERR,ERR,ERR,ERR,ERR,ERR,ERR,ERR,ERR,ERR,ERR,ERR,ERR,ERR,ERR,ERR,ERR,ERR,ERR,ERR,ERR,ERR,ERR,ERR,ERR,ERR,ERR,ERR,ERR,ERR,ERR,ERR,ERR,ERR,ERR,ERR,ERR,ERR,ERR,ERR,ERR,ERR,ERR,ERR,ERR,ERR,ERR,ERR,ERR,0.0,0.0,-134474944.0,0.0,0.0,1.3936040501711995e+18,7.805,0.0,0,0,4,0,8422,0.0,45,0.0,0.0,0.0,0.0,0.0,0,0,0,0,0.0,0,0,0,0,0,0,0,0,0,0,0,0,0,0,0,0,0,0,0,0,0,0,0,0,0,0,0,0,0,0,0,0,0,38,14,7,45,65476,0,300,0,0,8,21553,0.0,-107605600.0,0.0,0.0,0.0,0.0,0.0,0.0,0.0,0.0,0.0,0.0,0.0,0.0,0.0,0.0,0.0,0.0,0.0,0.0,0.0,0.0,2.004,2.004,-2.004,0.0,0.0,0.0,0.0,0.0,4790.0,-0.0,0.0,0.0,0.0,0.0,2.718429300292151e+23,0.0,0.0,0.0,0.0,53,-0.0,4.066850257910686e+29,0.0,0.0,0.0,0.0,0.0,0.0,0.0,0,0,0,0.0,0.0,0.0,0.0,0.0,0.0,0.0,0.0,0.0,0.0,0.0,0.0,0.0,0.0,0.0,0.0,0,-107875648.0,53,0.0,106,-107614832.0,0.0,ERR,ERR,ERR,ERR,ERR,ERR,ERR,ERR,ERR,ERR,ERR,ERR,ERR,ERR,ERR,ERR,ERR,ERR,ERR,ERR,ERR,ERR,ERR,ERR,ERR,ERR,ERR,ERR,ERR,ERR,ERR,ERR,ERR,ERR,ERR,ERR,ERR,ERR,ERR,ERR,ERR,ERR,ERR,ERR,ERR,ERR,ERR,ERR,ERR,ERR,ERR,ERR,ERR,ERR,ERR,ERR,ERR,ERR,ERR,ERR,ERR,ERR,ERR,ERR,ERR,ERR,ERR,50.0,60.0,100,0.0,0.0,0.0,0.0,0.0,0.0,0.0,0.0,0.0,0.0,0.0,0.0,0.0,0.0,0.0,0.0,62.0,73,14,65513,50,65476,0,300,0,0,8,20529,65476,0,0,26214,60.0,0.0,0.0,0.0,0.0,0.0
2026-05-17T18:55:18,ERR,ERR,ERR,ERR,ERR,ERR,ERR,ERR,ERR,ERR,ERR,ERR,ERR,ERR,ERR,ERR,ERR,ERR,ERR,ERR,ERR,ERR,ERR,ERR,ERR,ERR,ERR,ERR,ERR,ERR,ERR,ERR,ERR,ERR,ERR,ERR,ERR,ERR,ERR,ERR,ERR,ERR,ERR,ERR,ERR,ERR,ERR,ERR,ERR,ERR,ERR,ERR,ERR,ERR,ERR,ERR,ERR,ERR,ERR,ERR,ERR,ERR,ERR,ERR,ERR,ERR,ERR,ERR,ERR,ERR,ERR,ERR,ERR,ERR,ERR,ERR,ERR,ERR,ERR,ERR,ERR,ERR,ERR,ERR,ERR,ERR,ERR,ERR,ERR,ERR,ERR,ERR,ERR,ERR,ERR,ERR,ERR,ERR,ERR,ERR,ERR,ERR,ERR,ERR,ERR,ERR,ERR,ERR,ERR,ERR,ERR,ERR,ERR,ERR,ERR,ERR,ERR,ERR,ERR,ERR,ERR,ERR,ERR,ERR,ERR,0.0,0.0,-134474944.0,0.0,0.0,1.3936040501711995e+18,7.805,0.0,0,0,4,0,8422,0.0,45,0.0,0.0,0.0,0.0,0.0,0,0,0,0,0.0,0,0,0,0,0,0,0,0,0,0,0,0,0,0,0,0,0,0,0,0,0,0,0,0,0,0,0,0,0,0,0,0,0,38,14,7,45,65476,0,300,0,0,8,21553,0.0,-107605600.0,0.0,0.0,0.0,0.0,0.0,0.0,0.0,0.0,0.0,0.0,0.0,0.0,0.0,0.0,0.0,0.0,0.0,0.0,0.0,0.0,2.004,2.004,-2.004,0.0,0.0,0.0,0.0,0.0,4790.0,-0.0,0.0,0.0,0.0,0.0,2.718429300292151e+23,0.0,0.0,0.0,0.0,53,-0.0,4.066850257910686e+29,0.0,0.0,0.0,0.0,0.0,0.0,0.0,0,0,0,0.0,0.0,0.0,0.0,0.0,0.0,0.0,0.0,0.0,0.0,0.0,0.0,0.0,0.0,0.0,0.0,0,-107875648.0,53,0.0,106,-107614832.0,0.0,ERR,ERR,ERR,ERR,ERR,ERR,ERR,ERR,ERR,ERR,ERR,ERR,ERR,ERR,ERR,ERR,ERR,ERR,ERR,ERR,ERR,ERR,ERR,ERR,ERR,ERR,ERR,ERR,ERR,ERR,ERR,ERR,ERR,ERR,ERR,ERR,ERR,ERR,ERR,ERR,ERR,ERR,ERR,ERR,ERR,ERR,ERR,ERR,ERR,ERR,ERR,ERR,ERR,ERR,ERR,ERR,ERR,ERR,ERR,ERR,ERR,ERR,ERR,ERR,ERR,ERR,ERR,50.0,60.0,100,0.0,0.0,0.0,0.0,0.0,0.0,0.0,0.0,0.0,0.0,0.0,0.0,0.0,0.0,0.0,0.0,62.0,73,14,65513,50,65476,0,300,0,0,8,20529,65476,0,0,26214,60.0,0.0,0.0,0.0,0.0,0.0
2026-05-17T18:55:19,ERR,ERR,ERR,ERR,ERR,ERR,ERR,ERR,ERR,ERR,ERR,ERR,ERR,ERR,ERR,ERR,ERR,ERR,ERR,ERR,ERR,ERR,ERR,ERR,ERR,ERR,ERR,ERR,ERR,ERR,ERR,ERR,ERR,ERR,ERR,ERR,ERR,ERR,ERR,ERR,ERR,ERR,ERR,ERR,ERR,ERR,ERR,ERR,ERR,ERR,ERR,ERR,ERR,ERR,ERR,ERR,ERR,ERR,ERR,ERR,ERR,ERR,ERR,ERR,ERR,ERR,ERR,ERR,ERR,ERR,ERR,ERR,ERR,ERR,ERR,ERR,ERR,ERR,ERR,ERR,ERR,ERR,ERR,ERR,ERR,ERR,ERR,ERR,ERR,ERR,ERR,ERR,ERR,ERR,ERR,ERR,ERR,ERR,ERR,ERR,ERR,ERR,ERR,ERR,ERR,ERR,ERR,ERR,ERR,ERR,ERR,ERR,ERR,ERR,ERR,ERR,ERR,ERR,ERR,ERR,ERR,ERR,ERR,ERR,ERR,0.0,0.0,-134474944.0,0.0,0.0,1.3936040501711995e+18,7.805,0.0,0,0,4,0,8422,0.0,45,0.0,0.0,0.0,0.0,0.0,0,0,0,0,0.0,0,0,0,0,0,0,0,0,0,0,0,0,0,0,0,0,0,0,0,0,0,0,0,0,0,0,0,0,0,0,0,0,0,38,14,7,45,65476,0,300,0,0,8,21553,0.0,-107605600.0,0.0,0.0,0.0,0.0,0.0,0.0,0.0,0.0,0.0,0.0,0.0,0.0,0.0,0.0,0.0,0.0,0.0,0.0,0.0,0.0,2.004,2.004,-0.0,0.0,0.0,0.0,0.0,0.0,4788.0,3.69718305499214e+19,0.0,0.0,0.0,0.0,2.718429300292151e+23,0.0,0.0,0.0,0.0,53,5.848083413016271e+35,0.0,0.0,0.0,0.0,0.0,0.0,0.0,0.0,0,0,0,0.0,0.0,0.0,0.0,0.0,0.0,0.0,0.0,0.0,0.0,0.0,0.0,0.0,0.0,0.0,0.0,0,-107875648.0,53,0.0,106,-107614832.0,0.0,ERR,ERR,ERR,ERR,ERR,ERR,ERR,ERR,ERR,ERR,ERR,ERR,ERR,ERR,ERR,ERR,ERR,ERR,ERR,ERR,ERR,ERR,ERR,ERR,ERR,ERR,ERR,ERR,ERR,ERR,ERR,ERR,ERR,ERR,ERR,ERR,ERR,ERR,ERR,ERR,ERR,ERR,ERR,ERR,ERR,ERR,ERR,ERR,ERR,ERR,ERR,ERR,ERR,ERR,ERR,ERR,ERR,ERR,ERR,ERR,ERR,ERR,ERR,ERR,ERR,ERR,ERR,50.0,60.0,100,0.0,0.0,0.0,0.0,0.0,0.0,0.0,0.0,0.0,0.0,0.0,0.0,0.0,0.0,0.0,0.0,61.6,73,14,65513,50,65476,0,300,0,0,8,20529,65476,0,0,26214,60.0,0.0,0.0,0.0,0.0,0.0
2026-05-17T18:55:20,ERR,ERR,ERR,ERR,ERR,ERR,ERR,ERR,ERR,ERR,ERR,ERR,ERR,ERR,ERR,ERR,ERR,ERR,ERR,ERR,ERR,ERR,ERR,ERR,ERR,ERR,ERR,ERR,ERR,ERR,ERR,ERR,ERR,ERR,ERR,ERR,ERR,ERR,ERR,ERR,ERR,ERR,ERR,ERR,ERR,ERR,ERR,ERR,ERR,ERR,ERR,ERR,ERR,ERR,ERR,ERR,ERR,ERR,ERR,ERR,ERR,ERR,ERR,ERR,ERR,ERR,ERR,ERR,ERR,ERR,ERR,ERR,ERR,ERR,ERR,ERR,ERR,ERR,ERR,ERR,ERR,ERR,ERR,ERR,ERR,ERR,ERR,ERR,ERR,ERR,ERR,ERR,ERR,ERR,ERR,ERR,ERR,ERR,ERR,ERR,ERR,ERR,ERR,ERR,ERR,ERR,ERR,ERR,ERR,ERR,ERR,ERR,ERR,ERR,ERR,ERR,ERR,ERR,ERR,ERR,ERR,ERR,ERR,ERR,ERR,0.0,0.0,-134474944.0,0.0,0.0,1.3936040501711995e+18,7.805,0.0,0,0,4,0,8422,0.0,45,0.0,0.0,0.0,0.0,0.0,0,0,0,0,0.0,0,0,0,0,0,0,0,0,0,0,0,0,0,0,0,0,0,0,0,0,0,0,0,0,0,0,0,0,0,0,0,0,0,38,14,7,45,65476,0,300,0,0,8,21553,0.0,-107605600.0,0.0,0.0,0.0,0.0,0.0,0.0,0.0,0.0,0.0,0.0,0.0,0.0,0.0,0.0,0.0,0.0,0.0,0.0,0.0,0.0,2.004,2.004,-0.0,0.0,0.0,0.0,0.0,0.0,4788.0,3.69718305499214e+19,0.0,0.0,0.0,0.0,2.718429300292151e+23,0.0,0.0,0.0,0.0,53,5.848083413016271e+35,0.0,0.0,0.0,0.0,0.0,0.0,0.0,0.0,0,0,0,0.0,0.0,0.0,0.0,0.0,0.0,0.0,0.0,0.0,0.0,0.0,0.0,0.0,0.0,0.0,0.0,0,-107875648.0,53,0.0,106,-107614832.0,0.0,ERR,ERR,ERR,ERR,ERR,ERR,ERR,ERR,ERR,ERR,ERR,ERR,ERR,ERR,ERR,ERR,ERR,ERR,ERR,ERR,ERR,ERR,ERR,ERR,ERR,ERR,ERR,ERR,ERR,ERR,ERR,ERR,ERR,ERR,ERR,ERR,ERR,ERR,ERR,ERR,ERR,ERR,ERR,ERR,ERR,ERR,ERR,ERR,ERR,ERR,ERR,ERR,ERR,ERR,ERR,ERR,ERR,ERR,ERR,ERR,ERR,ERR,ERR,ERR,ERR,ERR,ERR,50.0,60.0,100,0.0,0.0,0.0,0.0,0.0,0.0,0.0,0.0,0.0,0.0,0.0,0.0,0.0,0.0,0.0,0.0,61.6,73,14,65513,50,65476,0,300,0,0,8,20529,65476,0,0,26214,60.0,0.0,0.0,0.0,0.0,0.0
2026-05-17T18:55:21,ERR,ERR,ERR,ERR,ERR,ERR,ERR,ERR,ERR,ERR,ERR,ERR,ERR,ERR,ERR,ERR,ERR,ERR,ERR,ERR,ERR,ERR,ERR,ERR,ERR,ERR,ERR,ERR,ERR,ERR,ERR,ERR,ERR,ERR,ERR,ERR,ERR,ERR,ERR,ERR,ERR,ERR,ERR,ERR,ERR,ERR,ERR,ERR,ERR,ERR,ERR,ERR,ERR,ERR,ERR,ERR,ERR,ERR,ERR,ERR,ERR,ERR,ERR,ERR,ERR,ERR,ERR,ERR,ERR,ERR,ERR,ERR,ERR,ERR,ERR,ERR,ERR,ERR,ERR,ERR,ERR,ERR,ERR,ERR,ERR,ERR,ERR,ERR,ERR,ERR,ERR,ERR,ERR,ERR,ERR,ERR,ERR,ERR,ERR,ERR,ERR,ERR,ERR,ERR,ERR,ERR,ERR,ERR,ERR,ERR,ERR,ERR,ERR,ERR,ERR,ERR,ERR,ERR,ERR,ERR,ERR,ERR,ERR,ERR,ERR,0.0,0.0,-134474944.0,0.0,0.0,1.3936040501711995e+18,7.805,0.0,0,0,4,0,8422,0.0,45,0.0,0.0,0.0,0.0,0.0,0,0,0,0,0.0,0,0,0,0,0,0,0,0,0,0,0,0,0,0,0,0,0,0,0,0,0,0,0,0,0,0,0,0,0,0,0,0,0,38,14,7,45,65476,0,300,0,0,8,21553,0.0,-107605600.0,0.0,0.0,0.0,0.0,0.0,0.0,0.0,0.0,0.0,0.0,0.0,0.0,0.0,0.0,0.0,0.0,0.0,0.0,0.0,0.0,2.004,2.004,-0.0,0.0,0.0,0.0,0.0,0.0,4788.0,3.69718305499214e+19,0.0,0.0,0.0,0.0,2.718429300292151e+23,0.0,0.0,0.0,0.0,53,5.848083413016271e+35,0.0,0.0,0.0,0.0,0.0,0.0,0.0,0.0,0,0,0,0.0,0.0,0.0,0.0,0.0,0.0,0.0,0.0,0.0,0.0,0.0,0.0,0.0,0.0,0.0,0.0,0,-107875648.0,53,0.0,106,-107614832.0,0.0,ERR,ERR,ERR,ERR,ERR,ERR,ERR,ERR,ERR,ERR,ERR,ERR,ERR,ERR,ERR,ERR,ERR,ERR,ERR,ERR,ERR,ERR,ERR,ERR,ERR,ERR,ERR,ERR,ERR,ERR,ERR,ERR,ERR,ERR,ERR,ERR,ERR,ERR,ERR,ERR,ERR,ERR,ERR,ERR,ERR,ERR,ERR,ERR,ERR,ERR,ERR,ERR,ERR,ERR,ERR,ERR,ERR,ERR,ERR,ERR,ERR,ERR,ERR,ERR,ERR,ERR,ERR,50.0,60.0,100,0.0,0.0,0.0,0.0,0.0,0.0,0.0,0.0,0.0,0.0,0.0,0.0,0.0,0.0,0.0,0.0,61.6,73,14,65513,50,65476,0,300,0,0,8,20529,65476,0,0,26214,60.0,0.0,0.0,0.0,0.0,0.0
2026-05-17T18:55:22,ERR,ERR,ERR,ERR,ERR,ERR,ERR,ERR,ERR,ERR,ERR,ERR,ERR,ERR,ERR,ERR,ERR,ERR,ERR,ERR,ERR,ERR,ERR,ERR,ERR,ERR,ERR,ERR,ERR,ERR,ERR,ERR,ERR,ERR,ERR,ERR,ERR,ERR,ERR,ERR,ERR,ERR,ERR,ERR,ERR,ERR,ERR,ERR,ERR,ERR,ERR,ERR,ERR,ERR,ERR,ERR,ERR,ERR,ERR,ERR,ERR,ERR,ERR,ERR,ERR,ERR,ERR,ERR,ERR,ERR,ERR,ERR,ERR,ERR,ERR,ERR,ERR,ERR,ERR,ERR,ERR,ERR,ERR,ERR,ERR,ERR,ERR,ERR,ERR,ERR,ERR,ERR,ERR,ERR,ERR,ERR,ERR,ERR,ERR,ERR,ERR,ERR,ERR,ERR,ERR,ERR,ERR,ERR,ERR,ERR,ERR,ERR,ERR,ERR,ERR,ERR,ERR,ERR,ERR,ERR,ERR,ERR,ERR,ERR,ERR,0.0,0.0,-134474944.0,0.0,0.0,1.3936040501711995e+18,7.805,0.0,0,0,4,0,8422,0.0,45,0.0,0.0,0.0,0.0,0.0,0,0,0,0,0.0,0,0,0,0,0,0,0,0,0,0,0,0,0,0,0,0,0,0,0,0,0,0,0,0,0,0,0,0,0,0,0,0,0,38,14,7,45,65476,0,300,0,0,8,21553,0.0,-107605600.0,0.0,0.0,0.0,0.0,0.0,0.0,0.0,0.0,0.0,0.0,0.0,0.0,0.0,0.0,0.0,0.0,0.0,0.0,0.0,0.0,2.004,2.004,-0.0,0.0,0.0,0.0,0.0,0.0,4788.0,3.69718305499214e+19,0.0,0.0,0.0,0.0,2.718429300292151e+23,0.0,0.0,0.0,0.0,53,5.848083413016271e+35,0.0,0.0,0.0,0.0,0.0,0.0,0.0,0.0,0,0,0,0.0,0.0,0.0,0.0,0.0,0.0,0.0,0.0,0.0,0.0,0.0,0.0,0.0,0.0,0.0,0.0,0,-107875648.0,53,0.0,106,-107614832.0,0.0,ERR,ERR,ERR,ERR,ERR,ERR,ERR,ERR,ERR,ERR,ERR,ERR,ERR,ERR,ERR,ERR,ERR,ERR,ERR,ERR,ERR,ERR,ERR,ERR,ERR,ERR,ERR,ERR,ERR,ERR,ERR,ERR,ERR,ERR,ERR,ERR,ERR,ERR,ERR,ERR,ERR,ERR,ERR,ERR,ERR,ERR,ERR,ERR,ERR,ERR,ERR,ERR,ERR,ERR,ERR,ERR,ERR,ERR,ERR,ERR,ERR,ERR,ERR,ERR,ERR,ERR,ERR,50.0,60.0,100,0.0,0.0,0.0,0.0,0.0,0.0,0.0,0.0,0.0,0.0,0.0,0.0,0.0,0.0,0.0,0.0,62.0,73,14,65513,50,65476,0,300,0,0,8,20529,65476,0,0,26214,60.0,0.0,0.0,0.0,0.0,0.0
2026-05-17T18:55:23,ERR,ERR,ERR,ERR,ERR,ERR,ERR,ERR,ERR,ERR,ERR,ERR,ERR,ERR,ERR,ERR,ERR,ERR,ERR,ERR,ERR,ERR,ERR,ERR,ERR,ERR,ERR,ERR,ERR,ERR,ERR,ERR,ERR,ERR,ERR,ERR,ERR,ERR,ERR,ERR,ERR,ERR,ERR,ERR,ERR,ERR,ERR,ERR,ERR,ERR,ERR,ERR,ERR,ERR,ERR,ERR,ERR,ERR,ERR,ERR,ERR,ERR,ERR,ERR,ERR,ERR,ERR,ERR,ERR,ERR,ERR,ERR,ERR,ERR,ERR,ERR,ERR,ERR,ERR,ERR,ERR,ERR,ERR,ERR,ERR,ERR,ERR,ERR,ERR,ERR,ERR,ERR,ERR,ERR,ERR,ERR,ERR,ERR,ERR,ERR,ERR,ERR,ERR,ERR,ERR,ERR,ERR,ERR,ERR,ERR,ERR,ERR,ERR,ERR,ERR,ERR,ERR,ERR,ERR,ERR,ERR,ERR,ERR,ERR,ERR,0.0,0.0,-134474944.0,0.0,0.0,1.3936040501711995e+18,7.805,0.0,0,0,4,0,8422,0.0,45,0.0,0.0,0.0,0.0,0.0,0,0,0,0,0.0,0,0,0,0,0,0,0,0,0,0,0,0,0,0,0,0,0,0,0,0,0,0,0,0,0,0,0,0,0,0,0,0,0,38,14,7,45,65476,0,300,0,0,8,21553,0.0,-107605600.0,0.0,0.0,0.0,0.0,0.0,0.0,0.0,0.0,0.0,0.0,0.0,0.0,0.0,0.0,0.0,0.0,0.0,0.0,0.0,0.0,2.004,2.004,-0.0,0.0,0.0,0.0,0.0,0.0,4788.0,3.69718305499214e+19,0.0,0.0,0.0,0.0,2.718429300292151e+23,0.0,0.0,0.0,0.0,53,5.848083413016271e+35,0.0,0.0,0.0,0.0,0.0,0.0,0.0,0.0,0,0,0,0.0,0.0,0.0,0.0,0.0,0.0,0.0,0.0,0.0,0.0,0.0,0.0,0.0,0.0,0.0,0.0,0,-107875648.0,53,0.0,106,-107614832.0,0.0,ERR,ERR,ERR,ERR,ERR,ERR,ERR,ERR,ERR,ERR,ERR,ERR,ERR,ERR,ERR,ERR,ERR,ERR,ERR,ERR,ERR,ERR,ERR,ERR,ERR,ERR,ERR,ERR,ERR,ERR,ERR,ERR,ERR,ERR,ERR,ERR,ERR,ERR,ERR,ERR,ERR,ERR,ERR,ERR,ERR,ERR,ERR,ERR,ERR,ERR,ERR,ERR,ERR,ERR,ERR,ERR,ERR,ERR,ERR,ERR,ERR,ERR,ERR,ERR,ERR,ERR,ERR,50.0,60.0,100,0.0,0.0,0.0,0.0,0.0,0.0,0.0,0.0,0.0,0.0,0.0,0.0,0.0,0.0,0.0,0.0,62.0,73,14,65513,50,65476,0,300,0,0,8,20529,65476,0,0,26214,60.0,0.0,0.0,0.0,0.0,0.0
2026-05-17T18:55:24,ERR,ERR,ERR,ERR,ERR,ERR,ERR,ERR,ERR,ERR,ERR,ERR,ERR,ERR,ERR,ERR,ERR,ERR,ERR,ERR,ERR,ERR,ERR,ERR,ERR,ERR,ERR,ERR,ERR,ERR,ERR,ERR,ERR,ERR,ERR,ERR,ERR,ERR,ERR,ERR,ERR,ERR,ERR,ERR,ERR,ERR,ERR,ERR,ERR,ERR,ERR,ERR,ERR,ERR,ERR,ERR,ERR,ERR,ERR,ERR,ERR,ERR,ERR,ERR,ERR,ERR,ERR,ERR,ERR,ERR,ERR,ERR,ERR,ERR,ERR,ERR,ERR,ERR,ERR,ERR,ERR,ERR,ERR,ERR,ERR,ERR,ERR,ERR,ERR,ERR,ERR,ERR,ERR,ERR,ERR,ERR,ERR,ERR,ERR,ERR,ERR,ERR,ERR,ERR,ERR,ERR,ERR,ERR,ERR,ERR,ERR,ERR,ERR,ERR,ERR,ERR,ERR,ERR,ERR,ERR,ERR,ERR,ERR,ERR,ERR,0.0,0.0,-134474944.0,0.0,0.0,1.3936040501711995e+18,7.805,0.0,0,0,4,0,8422,0.0,45,0.0,0.0,0.0,0.0,0.0,0,0,0,0,0.0,0,0,0,0,0,0,0,0,0,0,0,0,0,0,0,0,0,0,0,0,0,0,0,0,0,0,0,0,0,0,0,0,0,38,14,7,45,65476,0,300,0,0,8,21553,0.0,-107605600.0,0.0,0.0,0.0,0.0,0.0,0.0,0.0,0.0,0.0,0.0,0.0,0.0,0.0,0.0,0.0,0.0,0.0,0.0,0.0,0.0,2.004,2.004,-2.004,0.0,0.0,0.0,0.0,0.0,4785.0,1.0406645142989446e+34,0.0,0.0,0.0,0.0,2.718429300292151e+23,0.0,0.0,0.0,0.0,53,3.222028592685471e+26,126840463360.0,0.0,0.0,0.0,0.0,0.0,0.0,0.0,0,0,0,0.0,0.0,0.0,0.0,0.0,0.0,0.0,0.0,0.0,0.0,0.0,0.0,0.0,0.0,0.0,0.0,0,-107875648.0,53,0.0,106,-107614832.0,0.0,ERR,ERR,ERR,ERR,ERR,ERR,ERR,ERR,ERR,ERR,ERR,ERR,ERR,ERR,ERR,ERR,ERR,ERR,ERR,ERR,ERR,ERR,ERR,ERR,ERR,ERR,ERR,ERR,ERR,ERR,ERR,ERR,ERR,ERR,ERR,ERR,ERR,ERR,ERR,ERR,ERR,ERR,ERR,ERR,ERR,ERR,ERR,ERR,ERR,ERR,ERR,ERR,ERR,ERR,ERR,ERR,ERR,ERR,ERR,ERR,ERR,ERR,ERR,ERR,ERR,ERR,ERR,50.0,60.0,100,0.0,0.0,0.0,0.0,0.0,0.0,0.0,0.0,0.0,0.0,0.0,0.0,0.0,0.0,0.0,0.0,62.0,73,14,65513,50,65476,0,300,0,0,8,20529,65476,0,0,26214,60.0,0.0,0.0,0.0,0.0,0.0
2026-05-17T18:55:25,ERR,ERR,ERR,ERR,ERR,ERR,ERR,ERR,ERR,ERR,ERR,ERR,ERR,ERR,ERR,ERR,ERR,ERR,ERR,ERR,ERR,ERR,ERR,ERR,ERR,ERR,ERR,ERR,ERR,ERR,ERR,ERR,ERR,ERR,ERR,ERR,ERR,ERR,ERR,ERR,ERR,ERR,ERR,ERR,ERR,ERR,ERR,ERR,ERR,ERR,ERR,ERR,ERR,ERR,ERR,ERR,ERR,ERR,ERR,ERR,ERR,ERR,ERR,ERR,ERR,ERR,ERR,ERR,ERR,ERR,ERR,ERR,ERR,ERR,ERR,ERR,ERR,ERR,ERR,ERR,ERR,ERR,ERR,ERR,ERR,ERR,ERR,ERR,ERR,ERR,ERR,ERR,ERR,ERR,ERR,ERR,ERR,ERR,ERR,ERR,ERR,ERR,ERR,ERR,ERR,ERR,ERR,ERR,ERR,ERR,ERR,ERR,ERR,ERR,ERR,ERR,ERR,ERR,ERR,ERR,ERR,ERR,ERR,ERR,ERR,0.0,0.0,-134474944.0,0.0,0.0,1.3936040501711995e+18,7.805,0.0,0,0,4,0,8422,0.0,45,0.0,0.0,0.0,0.0,0.0,0,0,0,0,0.0,0,0,0,0,0,0,0,0,0,0,0,0,0,0,0,0,0,0,0,0,0,0,0,0,0,0,0,0,0,0,0,0,0,38,14,7,45,65476,0,300,0,0,8,21553,0.0,-107605600.0,0.0,0.0,0.0,0.0,0.0,0.0,0.0,0.0,0.0,0.0,0.0,0.0,0.0,0.0,0.0,0.0,0.0,0.0,0.0,0.0,2.004,2.004,-2.004,0.0,0.0,0.0,0.0,0.0,4785.0,1.0406645142989446e+34,0.0,0.0,0.0,0.0,2.718429300292151e+23,0.0,0.0,0.0,0.0,53,3.222028592685471e+26,126840463360.0,0.0,0.0,0.0,0.0,0.0,0.0,0.0,0,0,0,0.0,0.0,0.0,0.0,0.0,0.0,0.0,0.0,0.0,0.0,0.0,0.0,0.0,0.0,0.0,0.0,0,-107875648.0,53,0.0,106,-107614832.0,0.0,ERR,ERR,ERR,ERR,ERR,ERR,ERR,ERR,ERR,ERR,ERR,ERR,ERR,ERR,ERR,ERR,ERR,ERR,ERR,ERR,ERR,ERR,ERR,ERR,ERR,ERR,ERR,ERR,ERR,ERR,ERR,ERR,ERR,ERR,ERR,ERR,ERR,ERR,ERR,ERR,ERR,ERR,ERR,ERR,ERR,ERR,ERR,ERR,ERR,ERR,ERR,ERR,ERR,ERR,ERR,ERR,ERR,ERR,ERR,ERR,ERR,ERR,ERR,ERR,ERR,ERR,ERR,50.0,60.0,100,0.0,0.0,0.0,0.0,0.0,0.0,0.0,0.0,0.0,0.0,0.0,0.0,0.0,0.0,0.0,0.0,62.0,73,14,65513,50,65476,0,300,0,0,8,20529,65476,0,0,26214,60.0,0.0,0.0,0.0,0.0,0.0
2026-05-17T18:55:26,ERR,ERR,ERR,ERR,ERR,ERR,ERR,ERR,ERR,ERR,ERR,ERR,ERR,ERR,ERR,ERR,ERR,ERR,ERR,ERR,ERR,ERR,ERR,ERR,ERR,ERR,ERR,ERR,ERR,ERR,ERR,ERR,ERR,ERR,ERR,ERR,ERR,ERR,ERR,ERR,ERR,ERR,ERR,ERR,ERR,ERR,ERR,ERR,ERR,ERR,ERR,ERR,ERR,ERR,ERR,ERR,ERR,ERR,ERR,ERR,ERR,ERR,ERR,ERR,ERR,ERR,ERR,ERR,ERR,ERR,ERR,ERR,ERR,ERR,ERR,ERR,ERR,ERR,ERR,ERR,ERR,ERR,ERR,ERR,ERR,ERR,ERR,ERR,ERR,ERR,ERR,ERR,ERR,ERR,ERR,ERR,ERR,ERR,ERR,ERR,ERR,ERR,ERR,ERR,ERR,ERR,ERR,ERR,ERR,ERR,ERR,ERR,ERR,ERR,ERR,ERR,ERR,ERR,ERR,ERR,ERR,ERR,ERR,ERR,ERR,0.0,0.0,-134474944.0,0.0,0.0,1.3936040501711995e+18,7.805,0.0,0,0,4,0,8422,0.0,45,0.0,0.0,0.0,0.0,0.0,0,0,0,0,0.0,0,0,0,0,0,0,0,0,0,0,0,0,0,0,0,0,0,0,0,0,0,0,0,0,0,0,0,0,0,0,0,0,0,38,14,7,45,65476,0,300,0,0,8,21553,0.0,-107605600.0,0.0,0.0,0.0,0.0,0.0,0.0,0.0,0.0,0.0,0.0,0.0,0.0,0.0,0.0,0.0,0.0,0.0,0.0,0.0,0.0,2.004,2.004,-2.004,0.0,0.0,0.0,0.0,0.0,4785.0,1.0406645142989446e+34,0.0,0.0,0.0,0.0,2.718429300292151e+23,0.0,0.0,0.0,0.0,53,3.222028592685471e+26,126840463360.0,0.0,0.0,0.0,0.0,0.0,0.0,0.0,0,0,0,0.0,0.0,0.0,0.0,0.0,0.0,0.0,0.0,0.0,0.0,0.0,0.0,0.0,0.0,0.0,0.0,0,-107875648.0,53,0.0,106,-107614832.0,0.0,ERR,ERR,ERR,ERR,ERR,ERR,ERR,ERR,ERR,ERR,ERR,ERR,ERR,ERR,ERR,ERR,ERR,ERR,ERR,ERR,ERR,ERR,ERR,ERR,ERR,ERR,ERR,ERR,ERR,ERR,ERR,ERR,ERR,ERR,ERR,ERR,ERR,ERR,ERR,ERR,ERR,ERR,ERR,ERR,ERR,ERR,ERR,ERR,ERR,ERR,ERR,ERR,ERR,ERR,ERR,ERR,ERR,ERR,ERR,ERR,ERR,ERR,ERR,ERR,ERR,ERR,ERR,50.0,60.0,100,0.0,0.0,0.0,0.0,0.0,0.0,0.0,0.0,0.0,0.0,0.0,0.0,0.0,0.0,0.0,0.0,61.6,73,14,65513,50,65476,0,300,0,0,8,20529,65476,0,0,26214,60.0,0.0,0.0,0.0,0.0,0.0
2026-05-17T18:55:27,ERR,ERR,ERR,ERR,ERR,ERR,ERR,ERR,ERR,ERR,ERR,ERR,ERR,ERR,ERR,ERR,ERR,ERR,ERR,ERR,ERR,ERR,ERR,ERR,ERR,ERR,ERR,ERR,ERR,ERR,ERR,ERR,ERR,ERR,ERR,ERR,ERR,ERR,ERR,ERR,ERR,ERR,ERR,ERR,ERR,ERR,ERR,ERR,ERR,ERR,ERR,ERR,ERR,ERR,ERR,ERR,ERR,ERR,ERR,ERR,ERR,ERR,ERR,ERR,ERR,ERR,ERR,ERR,ERR,ERR,ERR,ERR,ERR,ERR,ERR,ERR,ERR,ERR,ERR,ERR,ERR,ERR,ERR,ERR,ERR,ERR,ERR,ERR,ERR,ERR,ERR,ERR,ERR,ERR,ERR,ERR,ERR,ERR,ERR,ERR,ERR,ERR,ERR,ERR,ERR,ERR,ERR,ERR,ERR,ERR,ERR,ERR,ERR,ERR,ERR,ERR,ERR,ERR,ERR,ERR,ERR,ERR,ERR,ERR,ERR,0.0,0.0,-134474944.0,0.0,0.0,1.3936040501711995e+18,7.805,0.0,0,0,4,0,8422,0.0,45,0.0,0.0,0.0,0.0,0.0,0,0,0,0,0.0,0,0,0,0,0,0,0,0,0,0,0,0,0,0,0,0,0,0,0,0,0,0,0,0,0,0,0,0,0,0,0,0,0,38,14,7,45,65476,0,300,0,0,8,21553,0.0,-107605600.0,0.0,0.0,0.0,0.0,0.0,0.0,0.0,0.0,0.0,0.0,0.0,0.0,0.0,0.0,0.0,0.0,0.0,0.0,0.0,0.0,2.004,2.004,-2.004,0.0,0.0,0.0,0.0,0.0,4785.0,1.0406645142989446e+34,0.0,0.0,0.0,0.0,2.718429300292151e+23,0.0,0.0,0.0,0.0,53,3.222028592685471e+26,126840463360.0,0.0,0.0,0.0,0.0,0.0,0.0,0.0,0,0,0,0.0,0.0,0.0,0.0,0.0,0.0,0.0,0.0,0.0,0.0,0.0,0.0,0.0,0.0,0.0,0.0,0,-107875648.0,53,0.0,106,-107614832.0,0.0,ERR,ERR,ERR,ERR,ERR,ERR,ERR,ERR,ERR,ERR,ERR,ERR,ERR,ERR,ERR,ERR,ERR,ERR,ERR,ERR,ERR,ERR,ERR,ERR,ERR,ERR,ERR,ERR,ERR,ERR,ERR,ERR,ERR,ERR,ERR,ERR,ERR,ERR,ERR,ERR,ERR,ERR,ERR,ERR,ERR,ERR,ERR,ERR,ERR,ERR,ERR,ERR,ERR,ERR,ERR,ERR,ERR,ERR,ERR,ERR,ERR,ERR,ERR,ERR,ERR,ERR,ERR,50.0,60.0,100,0.0,0.0,0.0,0.0,0.0,0.0,0.0,0.0,0.0,0.0,0.0,0.0,0.0,0.0,0.0,0.0,61.6,73,14,65513,50,65476,0,300,0,0,8,20529,65476,0,0,26214,60.0,0.0,0.0,0.0,0.0,0.0
2026-05-17T18:55:28,ERR,ERR,ERR,ERR,ERR,ERR,ERR,ERR,ERR,ERR,ERR,ERR,ERR,ERR,ERR,ERR,ERR,ERR,ERR,ERR,ERR,ERR,ERR,ERR,ERR,ERR,ERR,ERR,ERR,ERR,ERR,ERR,ERR,ERR,ERR,ERR,ERR,ERR,ERR,ERR,ERR,ERR,ERR,ERR,ERR,ERR,ERR,ERR,ERR,ERR,ERR,ERR,ERR,ERR,ERR,ERR,ERR,ERR,ERR,ERR,ERR,ERR,ERR,ERR,ERR,ERR,ERR,ERR,ERR,ERR,ERR,ERR,ERR,ERR,ERR,ERR,ERR,ERR,ERR,ERR,ERR,ERR,ERR,ERR,ERR,ERR,ERR,ERR,ERR,ERR,ERR,ERR,ERR,ERR,ERR,ERR,ERR,ERR,ERR,ERR,ERR,ERR,ERR,ERR,ERR,ERR,ERR,ERR,ERR,ERR,ERR,ERR,ERR,ERR,ERR,ERR,ERR,ERR,ERR,ERR,ERR,ERR,ERR,ERR,ERR,0.0,0.0,-134474944.0,0.0,0.0,1.3936040501711995e+18,7.805,0.0,0,0,4,0,8422,0.0,45,0.0,0.0,0.0,0.0,0.0,0,0,0,0,0.0,0,0,0,0,0,0,0,0,0,0,0,0,0,0,0,0,0,0,0,0,0,0,0,0,0,0,0,0,0,0,0,0,0,38,14,7,45,65476,0,300,0,0,8,21553,0.0,-107605600.0,0.0,0.0,0.0,0.0,0.0,0.0,0.0,0.0,0.0,0.0,0.0,0.0,0.0,0.0,0.0,0.0,0.0,0.0,0.0,0.0,2.004,2.004,-2.004,0.0,0.0,0.0,0.0,0.0,4785.0,1.0406645142989446e+34,0.0,0.0,0.0,0.0,2.718429300292151e+23,0.0,0.0,0.0,0.0,53,3.222028592685471e+26,126840463360.0,0.0,0.0,0.0,0.0,0.0,0.0,0.0,0,0,0,0.0,0.0,0.0,0.0,0.0,0.0,0.0,0.0,0.0,0.0,0.0,0.0,0.0,0.0,0.0,0.0,0,-107875648.0,53,0.0,106,-107614832.0,0.0,ERR,ERR,ERR,ERR,ERR,ERR,ERR,ERR,ERR,ERR,ERR,ERR,ERR,ERR,ERR,ERR,ERR,ERR,ERR,ERR,ERR,ERR,ERR,ERR,ERR,ERR,ERR,ERR,ERR,ERR,ERR,ERR,ERR,ERR,ERR,ERR,ERR,ERR,ERR,ERR,ERR,ERR,ERR,ERR,ERR,ERR,ERR,ERR,ERR,ERR,ERR,ERR,ERR,ERR,ERR,ERR,ERR,ERR,ERR,ERR,ERR,ERR,ERR,ERR,ERR,ERR,ERR,50.0,60.0,100,0.0,0.0,0.0,0.0,0.0,0.0,0.0,0.0,0.0,0.0,0.0,0.0,0.0,0.0,0.0,0.0,61.6,73,14,65513,50,65476,0,300,0,0,8,20529,65476,0,0,26214,60.0,0.0,0.0,0.0,0.0,0.0
2026-05-17T18:55:29,ERR,ERR,ERR,ERR,ERR,ERR,ERR,ERR,ERR,ERR,ERR,ERR,ERR,ERR,ERR,ERR,ERR,ERR,ERR,ERR,ERR,ERR,ERR,ERR,ERR,ERR,ERR,ERR,ERR,ERR,ERR,ERR,ERR,ERR,ERR,ERR,ERR,ERR,ERR,ERR,ERR,ERR,ERR,ERR,ERR,ERR,ERR,ERR,ERR,ERR,ERR,ERR,ERR,ERR,ERR,ERR,ERR,ERR,ERR,ERR,ERR,ERR,ERR,ERR,ERR,ERR,ERR,ERR,ERR,ERR,ERR,ERR,ERR,ERR,ERR,ERR,ERR,ERR,ERR,ERR,ERR,ERR,ERR,ERR,ERR,ERR,ERR,ERR,ERR,ERR,ERR,ERR,ERR,ERR,ERR,ERR,ERR,ERR,ERR,ERR,ERR,ERR,ERR,ERR,ERR,ERR,ERR,ERR,ERR,ERR,ERR,ERR,ERR,ERR,ERR,ERR,ERR,ERR,ERR,ERR,ERR,ERR,ERR,ERR,ERR,0.0,0.0,-134474944.0,0.0,0.0,1.3936040501711995e+18,7.805,0.0,0,0,4,0,8422,0.0,45,0.0,0.0,0.0,0.0,0.0,0,0,0,0,0.0,0,0,0,0,0,0,0,0,0,0,0,0,0,0,0,0,0,0,0,0,0,0,0,0,0,0,0,0,0,0,0,0,0,38,14,7,45,65476,0,300,0,0,8,21553,0.0,-107605600.0,0.0,0.0,0.0,0.0,0.0,0.0,0.0,0.0,0.0,0.0,0.0,0.0,0.0,0.0,0.0,0.0,0.0,0.0,0.0,0.0,2.004,2.004,-2.004,0.0,0.0,0.0,0.0,0.0,4785.0,2.004,0.0,2.718428940004181e+23,0.0,-107615280.0,2.718429300292151e+23,0.0,0.0,0.0,0.0,53,3.222028592685471e+26,0.0,0.0,0.0,0.0,0.0,0.0,0.0,0.0,0,0,0,0.0,0.0,0.0,0.0,0.0,0.0,0.0,0.0,0.0,0.0,0.0,0.0,0.0,0.0,0.0,0.0,0,-107875648.0,53,0.0,106,-107614832.0,0.0,ERR,ERR,ERR,ERR,ERR,ERR,ERR,ERR,ERR,ERR,ERR,ERR,ERR,ERR,ERR,ERR,ERR,ERR,ERR,ERR,ERR,ERR,ERR,ERR,ERR,ERR,ERR,ERR,ERR,ERR,ERR,ERR,ERR,ERR,ERR,ERR,ERR,ERR,ERR,ERR,ERR,ERR,ERR,ERR,ERR,ERR,ERR,ERR,ERR,ERR,ERR,ERR,ERR,ERR,ERR,ERR,ERR,ERR,ERR,ERR,ERR,ERR,ERR,ERR,ERR,ERR,ERR,50.0,60.0,100,0.0,0.0,0.0,0.0,0.0,0.0,0.0,0.0,0.0,0.0,0.0,0.0,0.0,0.0,0.0,0.0,62.0,73,14,65513,50,65476,0,300,0,0,8,20529,65476,0,0,26214,60.0,0.0,0.0,0.0,0.0,0.0
2026-05-17T18:55:30,ERR,ERR,ERR,ERR,ERR,ERR,ERR,ERR,ERR,ERR,ERR,ERR,ERR,ERR,ERR,ERR,ERR,ERR,ERR,ERR,ERR,ERR,ERR,ERR,ERR,ERR,ERR,ERR,ERR,ERR,ERR,ERR,ERR,ERR,ERR,ERR,ERR,ERR,ERR,ERR,ERR,ERR,ERR,ERR,ERR,ERR,ERR,ERR,ERR,ERR,ERR,ERR,ERR,ERR,ERR,ERR,ERR,ERR,ERR,ERR,ERR,ERR,ERR,ERR,ERR,ERR,ERR,ERR,ERR,ERR,ERR,ERR,ERR,ERR,ERR,ERR,ERR,ERR,ERR,ERR,ERR,ERR,ERR,ERR,ERR,ERR,ERR,ERR,ERR,ERR,ERR,ERR,ERR,ERR,ERR,ERR,ERR,ERR,ERR,ERR,ERR,ERR,ERR,ERR,ERR,ERR,ERR,ERR,ERR,ERR,ERR,ERR,ERR,ERR,ERR,ERR,ERR,ERR,ERR,ERR,ERR,ERR,ERR,ERR,ERR,0.0,0.0,-134474944.0,0.0,0.0,1.3936040501711995e+18,7.805,0.0,0,0,4,0,8422,0.0,45,0.0,0.0,0.0,0.0,0.0,0,0,0,0,0.0,0,0,0,0,0,0,0,0,0,0,0,0,0,0,0,0,0,0,0,0,0,0,0,0,0,0,0,0,0,0,0,0,0,38,14,7,45,65476,0,300,0,0,8,21553,0.0,-107605600.0,0.0,0.0,0.0,0.0,0.0,0.0,0.0,0.0,0.0,0.0,0.0,0.0,0.0,0.0,0.0,0.0,0.0,0.0,0.0,0.0,2.004,2.004,-2.004,0.0,0.0,0.0,0.0,0.0,4785.0,2.004,0.0,2.718428940004181e+23,0.0,-107615280.0,2.718429300292151e+23,0.0,0.0,0.0,0.0,53,3.222028592685471e+26,0.0,0.0,0.0,0.0,0.0,0.0,0.0,0.0,0,0,0,0.0,0.0,0.0,0.0,0.0,0.0,0.0,0.0,0.0,0.0,0.0,0.0,0.0,0.0,0.0,0.0,0,-107875648.0,53,0.0,106,-107614832.0,0.0,ERR,ERR,ERR,ERR,ERR,ERR,ERR,ERR,ERR,ERR,ERR,ERR,ERR,ERR,ERR,ERR,ERR,ERR,ERR,ERR,ERR,ERR,ERR,ERR,ERR,ERR,ERR,ERR,ERR,ERR,ERR,ERR,ERR,ERR,ERR,ERR,ERR,ERR,ERR,ERR,ERR,ERR,ERR,ERR,ERR,ERR,ERR,ERR,ERR,ERR,ERR,ERR,ERR,ERR,ERR,ERR,ERR,ERR,ERR,ERR,ERR,ERR,ERR,ERR,ERR,ERR,ERR,50.0,60.0,100,0.0,0.0,0.0,0.0,0.0,0.0,0.0,0.0,0.0,0.0,0.0,0.0,0.0,0.0,0.0,0.0,62.0,73,14,65513,50,65476,0,300,0,0,8,20529,65476,0,0,26214,60.0,0.0,0.0,0.0,0.0,0.0
2026-05-17T18:55:31,ERR,ERR,ERR,ERR,ERR,ERR,ERR,ERR,ERR,ERR,ERR,ERR,ERR,ERR,ERR,ERR,ERR,ERR,ERR,ERR,ERR,ERR,ERR,ERR,ERR,ERR,ERR,ERR,ERR,ERR,ERR,ERR,ERR,ERR,ERR,ERR,ERR,ERR,ERR,ERR,ERR,ERR,ERR,ERR,ERR,ERR,ERR,ERR,ERR,ERR,ERR,ERR,ERR,ERR,ERR,ERR,ERR,ERR,ERR,ERR,ERR,ERR,ERR,ERR,ERR,ERR,ERR,ERR,ERR,ERR,ERR,ERR,ERR,ERR,ERR,ERR,ERR,ERR,ERR,ERR,ERR,ERR,ERR,ERR,ERR,ERR,ERR,ERR,ERR,ERR,ERR,ERR,ERR,ERR,ERR,ERR,ERR,ERR,ERR,ERR,ERR,ERR,ERR,ERR,ERR,ERR,ERR,ERR,ERR,ERR,ERR,ERR,ERR,ERR,ERR,ERR,ERR,ERR,ERR,ERR,ERR,ERR,ERR,ERR,ERR,0.0,0.0,-134474944.0,0.0,0.0,1.3936040501711995e+18,7.805,0.0,0,0,4,0,8422,0.0,45,0.0,0.0,0.0,0.0,0.0,0,0,0,0,0.0,0,0,0,0,0,0,0,0,0,0,0,0,0,0,0,0,0,0,0,0,0,0,0,0,0,0,0,0,0,0,0,0,0,38,14,7,45,65476,0,300,0,0,8,21553,0.0,-107605600.0,0.0,0.0,0.0,0.0,0.0,0.0,0.0,0.0,0.0,0.0,0.0,0.0,0.0,0.0,0.0,0.0,0.0,0.0,0.0,0.0,2.004,2.004,-2.004,0.0,0.0,0.0,0.0,0.0,4785.0,2.004,0.0,2.718428940004181e+23,0.0,-107615280.0,2.718429300292151e+23,0.0,0.0,0.0,0.0,53,3.222028592685471e+26,0.0,0.0,0.0,0.0,0.0,0.0,0.0,0.0,0,0,0,0.0,0.0,0.0,0.0,0.0,0.0,0.0,0.0,0.0,0.0,0.0,0.0,0.0,0.0,0.0,0.0,0,-107875648.0,53,0.0,106,-107614832.0,0.0,ERR,ERR,ERR,ERR,ERR,ERR,ERR,ERR,ERR,ERR,ERR,ERR,ERR,ERR,ERR,ERR,ERR,ERR,ERR,ERR,ERR,ERR,ERR,ERR,ERR,ERR,ERR,ERR,ERR,ERR,ERR,ERR,ERR,ERR,ERR,ERR,ERR,ERR,ERR,ERR,ERR,ERR,ERR,ERR,ERR,ERR,ERR,ERR,ERR,ERR,ERR,ERR,ERR,ERR,ERR,ERR,ERR,ERR,ERR,ERR,ERR,ERR,ERR,ERR,ERR,ERR,ERR,50.0,60.0,100,0.0,0.0,0.0,0.0,0.0,0.0,0.0,0.0,0.0,0.0,0.0,0.0,0.0,0.0,0.0,0.0,61.6,73,14,65513,50,65476,0,300,0,0,8,20529,65476,0,0,26214,60.0,0.0,0.0,0.0,0.0,0.0
2026-05-17T18:55:32,ERR,ERR,ERR,ERR,ERR,ERR,ERR,ERR,ERR,ERR,ERR,ERR,ERR,ERR,ERR,ERR,ERR,ERR,ERR,ERR,ERR,ERR,ERR,ERR,ERR,ERR,ERR,ERR,ERR,ERR,ERR,ERR,ERR,ERR,ERR,ERR,ERR,ERR,ERR,ERR,ERR,ERR,ERR,ERR,ERR,ERR,ERR,ERR,ERR,ERR,ERR,ERR,ERR,ERR,ERR,ERR,ERR,ERR,ERR,ERR,ERR,ERR,ERR,ERR,ERR,ERR,ERR,ERR,ERR,ERR,ERR,ERR,ERR,ERR,ERR,ERR,ERR,ERR,ERR,ERR,ERR,ERR,ERR,ERR,ERR,ERR,ERR,ERR,ERR,ERR,ERR,ERR,ERR,ERR,ERR,ERR,ERR,ERR,ERR,ERR,ERR,ERR,ERR,ERR,ERR,ERR,ERR,ERR,ERR,ERR,ERR,ERR,ERR,ERR,ERR,ERR,ERR,ERR,ERR,ERR,ERR,ERR,ERR,ERR,ERR,0.0,0.0,-134474944.0,0.0,0.0,1.3936040501711995e+18,7.805,0.0,0,0,4,0,8422,0.0,45,0.0,0.0,0.0,0.0,0.0,0,0,0,0,0.0,0,0,0,0,0,0,0,0,0,0,0,0,0,0,0,0,0,0,0,0,0,0,0,0,0,0,0,0,0,0,0,0,0,38,14,7,45,65476,0,300,0,0,8,21553,0.0,-107605600.0,0.0,0.0,0.0,0.0,0.0,0.0,0.0,0.0,0.0,0.0,0.0,0.0,0.0,0.0,0.0,0.0,0.0,0.0,0.0,0.0,2.004,2.004,-2.004,0.0,0.0,0.0,0.0,0.0,4785.0,2.004,0.0,2.718428940004181e+23,0.0,-107615280.0,2.718429300292151e+23,0.0,0.0,0.0,0.0,53,3.222028592685471e+26,0.0,0.0,0.0,0.0,0.0,0.0,0.0,0.0,0,0,0,0.0,0.0,0.0,0.0,0.0,0.0,0.0,0.0,0.0,0.0,0.0,0.0,0.0,0.0,0.0,0.0,0,-107875648.0,53,0.0,106,-107614832.0,0.0,ERR,ERR,ERR,ERR,ERR,ERR,ERR,ERR,ERR,ERR,ERR,ERR,ERR,ERR,ERR,ERR,ERR,ERR,ERR,ERR,ERR,ERR,ERR,ERR,ERR,ERR,ERR,ERR,ERR,ERR,ERR,ERR,ERR,ERR,ERR,ERR,ERR,ERR,ERR,ERR,ERR,ERR,ERR,ERR,ERR,ERR,ERR,ERR,ERR,ERR,ERR,ERR,ERR,ERR,ERR,ERR,ERR,ERR,ERR,ERR,ERR,ERR,ERR,ERR,ERR,ERR,ERR,50.0,60.0,100,0.0,0.0,0.0,0.0,0.0,0.0,0.0,0.0,0.0,0.0,0.0,0.0,0.0,0.0,0.0,0.0,61.6,73,14,65513,50,65476,0,300,0,0,8,20529,65476,0,0,26214,60.0,0.0,0.0,0.0,0.0,0.0
2026-05-17T18:55:33,ERR,ERR,ERR,ERR,ERR,ERR,ERR,ERR,ERR,ERR,ERR,ERR,ERR,ERR,ERR,ERR,ERR,ERR,ERR,ERR,ERR,ERR,ERR,ERR,ERR,ERR,ERR,ERR,ERR,ERR,ERR,ERR,ERR,ERR,ERR,ERR,ERR,ERR,ERR,ERR,ERR,ERR,ERR,ERR,ERR,ERR,ERR,ERR,ERR,ERR,ERR,ERR,ERR,ERR,ERR,ERR,ERR,ERR,ERR,ERR,ERR,ERR,ERR,ERR,ERR,ERR,ERR,ERR,ERR,ERR,ERR,ERR,ERR,ERR,ERR,ERR,ERR,ERR,ERR,ERR,ERR,ERR,ERR,ERR,ERR,ERR,ERR,ERR,ERR,ERR,ERR,ERR,ERR,ERR,ERR,ERR,ERR,ERR,ERR,ERR,ERR,ERR,ERR,ERR,ERR,ERR,ERR,ERR,ERR,ERR,ERR,ERR,ERR,ERR,ERR,ERR,ERR,ERR,ERR,ERR,ERR,ERR,ERR,ERR,ERR,0.0,0.0,-134474944.0,0.0,0.0,1.3936040501711995e+18,7.805,0.0,0,0,4,0,8422,0.0,45,0.0,0.0,0.0,0.0,0.0,0,0,0,0,0.0,0,0,0,0,0,0,0,0,0,0,0,0,0,0,0,0,0,0,0,0,0,0,0,0,0,0,0,0,0,0,0,0,0,38,14,7,45,65476,0,300,0,0,8,21553,0.0,-107605600.0,0.0,0.0,0.0,0.0,0.0,0.0,0.0,0.0,0.0,0.0,0.0,0.0,0.0,0.0,0.0,0.0,0.0,0.0,0.0,0.0,2.004,2.004,-2.004,0.0,0.0,0.0,0.0,0.0,4785.0,2.004,0.0,2.718428940004181e+23,0.0,-107615280.0,2.718429300292151e+23,0.0,0.0,0.0,0.0,53,3.222028592685471e+26,0.0,0.0,0.0,0.0,0.0,0.0,0.0,0.0,0,0,0,0.0,0.0,0.0,0.0,0.0,0.0,0.0,0.0,0.0,0.0,0.0,0.0,0.0,0.0,0.0,0.0,0,-107875648.0,53,0.0,106,-107614832.0,0.0,ERR,ERR,ERR,ERR,ERR,ERR,ERR,ERR,ERR,ERR,ERR,ERR,ERR,ERR,ERR,ERR,ERR,ERR,ERR,ERR,ERR,ERR,ERR,ERR,ERR,ERR,ERR,ERR,ERR,ERR,ERR,ERR,ERR,ERR,ERR,ERR,ERR,ERR,ERR,ERR,ERR,ERR,ERR,ERR,ERR,ERR,ERR,ERR,ERR,ERR,ERR,ERR,ERR,ERR,ERR,ERR,ERR,ERR,ERR,ERR,ERR,ERR,ERR,ERR,ERR,ERR,ERR,50.0,60.0,100,0.0,0.0,0.0,0.0,0.0,0.0,0.0,0.0,0.0,0.0,0.0,0.0,0.0,0.0,0.0,0.0,61.6,73,14,65513,50,65476,0,300,0,0,8,20529,65476,0,0,26214,60.0,0.0,0.0,0.0,0.0,0.0
2026-05-17T18:55:34,ERR,ERR,ERR,ERR,ERR,ERR,ERR,ERR,ERR,ERR,ERR,ERR,ERR,ERR,ERR,ERR,ERR,ERR,ERR,ERR,ERR,ERR,ERR,ERR,ERR,ERR,ERR,ERR,ERR,ERR,ERR,ERR,ERR,ERR,ERR,ERR,ERR,ERR,ERR,ERR,ERR,ERR,ERR,ERR,ERR,ERR,ERR,ERR,ERR,ERR,ERR,ERR,ERR,ERR,ERR,ERR,ERR,ERR,ERR,ERR,ERR,ERR,ERR,ERR,ERR,ERR,ERR,ERR,ERR,ERR,ERR,ERR,ERR,ERR,ERR,ERR,ERR,ERR,ERR,ERR,ERR,ERR,ERR,ERR,ERR,ERR,ERR,ERR,ERR,ERR,ERR,ERR,ERR,ERR,ERR,ERR,ERR,ERR,ERR,ERR,ERR,ERR,ERR,ERR,ERR,ERR,ERR,ERR,ERR,ERR,ERR,ERR,ERR,ERR,ERR,ERR,ERR,ERR,ERR,ERR,ERR,ERR,ERR,ERR,ERR,0.0,0.0,-134474944.0,0.0,0.0,1.3936040501711995e+18,7.805,0.0,0,0,4,0,8422,0.0,45,0.0,0.0,0.0,0.0,0.0,0,0,0,0,0.0,0,0,0,0,0,0,0,0,0,0,0,0,0,0,0,0,0,0,0,0,0,0,0,0,0,0,0,0,0,0,0,0,0,38,14,7,45,65476,0,300,0,0,8,21553,0.0,-107605600.0,0.0,0.0,0.0,0.0,0.0,0.0,0.0,0.0,0.0,0.0,0.0,0.0,0.0,0.0,0.0,0.0,0.0,0.0,0.0,0.0,2.004,2.004,-2.004,0.0,0.0,0.0,0.0,0.0,4755.0,-564145296506880.0,0.0,0.0,0.0,0.0,2.718429300292151e+23,0.0,0.0,0.0,0.0,53,4.950428597886765e+32,-0.0,0.0,0.0,0.0,0.0,0.0,0.0,0.0,0,0,0,0.0,0.0,0.0,0.0,0.0,0.0,0.0,0.0,0.0,0.0,0.0,0.0,0.0,0.0,0.0,0.0,0,-107875648.0,53,0.0,106,-107614832.0,0.0,ERR,ERR,ERR,ERR,ERR,ERR,ERR,ERR,ERR,ERR,ERR,ERR,ERR,ERR,ERR,ERR,ERR,ERR,ERR,ERR,ERR,ERR,ERR,ERR,ERR,ERR,ERR,ERR,ERR,ERR,ERR,ERR,ERR,ERR,ERR,ERR,ERR,ERR,ERR,ERR,ERR,ERR,ERR,ERR,ERR,ERR,ERR,ERR,ERR,ERR,ERR,ERR,ERR,ERR,ERR,ERR,ERR,ERR,ERR,ERR,ERR,ERR,ERR,ERR,ERR,ERR,ERR,50.0,60.0,100,0.0,0.0,0.0,0.0,0.0,0.0,0.0,0.0,0.0,0.0,0.0,0.0,0.0,0.0,0.0,0.0,62.0,73,14,65513,50,65476,0,300,0,0,8,20529,65476,0,0,26214,60.0,0.0,0.0,0.0,0.0,0.0
2026-05-17T18:55:35,ERR,ERR,ERR,ERR,ERR,ERR,ERR,ERR,ERR,ERR,ERR,ERR,ERR,ERR,ERR,ERR,ERR,ERR,ERR,ERR,ERR,ERR,ERR,ERR,ERR,ERR,ERR,ERR,ERR,ERR,ERR,ERR,ERR,ERR,ERR,ERR,ERR,ERR,ERR,ERR,ERR,ERR,ERR,ERR,ERR,ERR,ERR,ERR,ERR,ERR,ERR,ERR,ERR,ERR,ERR,ERR,ERR,ERR,ERR,ERR,ERR,ERR,ERR,ERR,ERR,ERR,ERR,ERR,ERR,ERR,ERR,ERR,ERR,ERR,ERR,ERR,ERR,ERR,ERR,ERR,ERR,ERR,ERR,ERR,ERR,ERR,ERR,ERR,ERR,ERR,ERR,ERR,ERR,ERR,ERR,ERR,ERR,ERR,ERR,ERR,ERR,ERR,ERR,ERR,ERR,ERR,ERR,ERR,ERR,ERR,ERR,ERR,ERR,ERR,ERR,ERR,ERR,ERR,ERR,ERR,ERR,ERR,ERR,ERR,ERR,0.0,0.0,-134474944.0,0.0,0.0,1.3936040501711995e+18,7.805,0.0,0,0,4,0,8422,0.0,45,0.0,0.0,0.0,0.0,0.0,0,0,0,0,0.0,0,0,0,0,0,0,0,0,0,0,0,0,0,0,0,0,0,0,0,0,0,0,0,0,0,0,0,0,0,0,0,0,0,38,14,7,45,65476,0,300,0,0,8,21553,0.0,-107605600.0,0.0,0.0,0.0,0.0,0.0,0.0,0.0,0.0,0.0,0.0,0.0,0.0,0.0,0.0,0.0,0.0,0.0,0.0,0.0,0.0,2.004,2.004,-2.004,0.0,0.0,0.0,0.0,0.0,4755.0,-564145296506880.0,0.0,0.0,0.0,0.0,2.718429300292151e+23,0.0,0.0,0.0,0.0,53,4.950428597886765e+32,-0.0,0.0,0.0,0.0,0.0,0.0,0.0,0.0,0,0,0,0.0,0.0,0.0,0.0,0.0,0.0,0.0,0.0,0.0,0.0,0.0,0.0,0.0,0.0,0.0,0.0,0,-107875648.0,53,0.0,106,-107614832.0,0.0,ERR,ERR,ERR,ERR,ERR,ERR,ERR,ERR,ERR,ERR,ERR,ERR,ERR,ERR,ERR,ERR,ERR,ERR,ERR,ERR,ERR,ERR,ERR,ERR,ERR,ERR,ERR,ERR,ERR,ERR,ERR,ERR,ERR,ERR,ERR,ERR,ERR,ERR,ERR,ERR,ERR,ERR,ERR,ERR,ERR,ERR,ERR,ERR,ERR,ERR,ERR,ERR,ERR,ERR,ERR,ERR,ERR,ERR,ERR,ERR,ERR,ERR,ERR,ERR,ERR,ERR,ERR,50.0,60.0,100,0.0,0.0,0.0,0.0,0.0,0.0,0.0,0.0,0.0,0.0,0.0,0.0,0.0,0.0,0.0,0.0,62.0,73,14,65513,50,65476,0,300,0,0,8,20529,65476,0,0,26214,60.0,0.0,0.0,0.0,0.0,0.0
2026-05-17T18:55:36,ERR,ERR,ERR,ERR,ERR,ERR,ERR,ERR,ERR,ERR,ERR,ERR,ERR,ERR,ERR,ERR,ERR,ERR,ERR,ERR,ERR,ERR,ERR,ERR,ERR,ERR,ERR,ERR,ERR,ERR,ERR,ERR,ERR,ERR,ERR,ERR,ERR,ERR,ERR,ERR,ERR,ERR,ERR,ERR,ERR,ERR,ERR,ERR,ERR,ERR,ERR,ERR,ERR,ERR,ERR,ERR,ERR,ERR,ERR,ERR,ERR,ERR,ERR,ERR,ERR,ERR,ERR,ERR,ERR,ERR,ERR,ERR,ERR,ERR,ERR,ERR,ERR,ERR,ERR,ERR,ERR,ERR,ERR,ERR,ERR,ERR,ERR,ERR,ERR,ERR,ERR,ERR,ERR,ERR,ERR,ERR,ERR,ERR,ERR,ERR,ERR,ERR,ERR,ERR,ERR,ERR,ERR,ERR,ERR,ERR,ERR,ERR,ERR,ERR,ERR,ERR,ERR,ERR,ERR,ERR,ERR,ERR,ERR,ERR,ERR,0.0,0.0,-134474944.0,0.0,0.0,1.3936040501711995e+18,7.805,0.0,0,0,4,0,8422,0.0,45,0.0,0.0,0.0,0.0,0.0,0,0,0,0,0.0,0,0,0,0,0,0,0,0,0,0,0,0,0,0,0,0,0,0,0,0,0,0,0,0,0,0,0,0,0,0,0,0,0,38,14,7,45,65476,0,300,0,0,8,21553,0.0,-107605600.0,0.0,0.0,0.0,0.0,0.0,0.0,0.0,0.0,0.0,0.0,0.0,0.0,0.0,0.0,0.0,0.0,0.0,0.0,0.0,0.0,2.004,2.004,-2.004,0.0,0.0,0.0,0.0,0.0,4755.0,-564145296506880.0,0.0,0.0,0.0,0.0,2.718429300292151e+23,0.0,0.0,0.0,0.0,53,4.950428597886765e+32,-0.0,0.0,0.0,0.0,0.0,0.0,0.0,0.0,0,0,0,0.0,0.0,0.0,0.0,0.0,0.0,0.0,0.0,0.0,0.0,0.0,0.0,0.0,0.0,0.0,0.0,0,-107875648.0,53,0.0,106,-107614832.0,0.0,ERR,ERR,ERR,ERR,ERR,ERR,ERR,ERR,ERR,ERR,ERR,ERR,ERR,ERR,ERR,ERR,ERR,ERR,ERR,ERR,ERR,ERR,ERR,ERR,ERR,ERR,ERR,ERR,ERR,ERR,ERR,ERR,ERR,ERR,ERR,ERR,ERR,ERR,ERR,ERR,ERR,ERR,ERR,ERR,ERR,ERR,ERR,ERR,ERR,ERR,ERR,ERR,ERR,ERR,ERR,ERR,ERR,ERR,ERR,ERR,ERR,ERR,ERR,ERR,ERR,ERR,ERR,50.0,60.0,100,0.0,0.0,0.0,0.0,0.0,0.0,0.0,0.0,0.0,0.0,0.0,0.0,0.0,0.0,0.0,0.0,62.0,73,14,65513,50,65476,0,300,0,0,8,20529,65476,0,0,26214,60.0,0.0,0.0,0.0,0.0,0.0
2026-05-17T18:55:37,ERR,ERR,ERR,ERR,ERR,ERR,ERR,ERR,ERR,ERR,ERR,ERR,ERR,ERR,ERR,ERR,ERR,ERR,ERR,ERR,ERR,ERR,ERR,ERR,ERR,ERR,ERR,ERR,ERR,ERR,ERR,ERR,ERR,ERR,ERR,ERR,ERR,ERR,ERR,ERR,ERR,ERR,ERR,ERR,ERR,ERR,ERR,ERR,ERR,ERR,ERR,ERR,ERR,ERR,ERR,ERR,ERR,ERR,ERR,ERR,ERR,ERR,ERR,ERR,ERR,ERR,ERR,ERR,ERR,ERR,ERR,ERR,ERR,ERR,ERR,ERR,ERR,ERR,ERR,ERR,ERR,ERR,ERR,ERR,ERR,ERR,ERR,ERR,ERR,ERR,ERR,ERR,ERR,ERR,ERR,ERR,ERR,ERR,ERR,ERR,ERR,ERR,ERR,ERR,ERR,ERR,ERR,ERR,ERR,ERR,ERR,ERR,ERR,ERR,ERR,ERR,ERR,ERR,ERR,ERR,ERR,ERR,ERR,ERR,ERR,0.0,0.0,-134474944.0,0.0,0.0,1.3936040501711995e+18,7.805,0.0,0,0,4,0,8422,0.0,45,0.0,0.0,0.0,0.0,0.0,0,0,0,0,0.0,0,0,0,0,0,0,0,0,0,0,0,0,0,0,0,0,0,0,0,0,0,0,0,0,0,0,0,0,0,0,0,0,0,38,14,7,45,65476,0,300,0,0,8,21553,0.0,-107605600.0,0.0,0.0,0.0,0.0,0.0,0.0,0.0,0.0,0.0,0.0,0.0,0.0,0.0,0.0,0.0,0.0,0.0,0.0,0.0,0.0,2.004,2.004,-2.004,0.0,0.0,0.0,0.0,0.0,4755.0,-564145296506880.0,0.0,0.0,0.0,0.0,2.718429300292151e+23,0.0,0.0,0.0,0.0,53,4.950428597886765e+32,-0.0,0.0,0.0,0.0,0.0,0.0,0.0,0.0,0,0,0,0.0,0.0,0.0,0.0,0.0,0.0,0.0,0.0,0.0,0.0,0.0,0.0,0.0,0.0,0.0,0.0,0,-107875648.0,53,0.0,106,-107614832.0,0.0,ERR,ERR,ERR,ERR,ERR,ERR,ERR,ERR,ERR,ERR,ERR,ERR,ERR,ERR,ERR,ERR,ERR,ERR,ERR,ERR,ERR,ERR,ERR,ERR,ERR,ERR,ERR,ERR,ERR,ERR,ERR,ERR,ERR,ERR,ERR,ERR,ERR,ERR,ERR,ERR,ERR,ERR,ERR,ERR,ERR,ERR,ERR,ERR,ERR,ERR,ERR,ERR,ERR,ERR,ERR,ERR,ERR,ERR,ERR,ERR,ERR,ERR,ERR,ERR,ERR,ERR,ERR,50.0,60.0,100,0.0,0.0,0.0,0.0,0.0,0.0,0.0,0.0,0.0,0.0,0.0,0.0,0.0,0.0,0.0,0.0,62.0,73,14,65513,50,65476,0,300,0,0,8,20529,65476,0,0,26214,60.0,0.0,0.0,0.0,0.0,0.0
2026-05-17T18:55:38,ERR,ERR,ERR,ERR,ERR,ERR,ERR,ERR,ERR,ERR,ERR,ERR,ERR,ERR,ERR,ERR,ERR,ERR,ERR,ERR,ERR,ERR,ERR,ERR,ERR,ERR,ERR,ERR,ERR,ERR,ERR,ERR,ERR,ERR,ERR,ERR,ERR,ERR,ERR,ERR,ERR,ERR,ERR,ERR,ERR,ERR,ERR,ERR,ERR,ERR,ERR,ERR,ERR,ERR,ERR,ERR,ERR,ERR,ERR,ERR,ERR,ERR,ERR,ERR,ERR,ERR,ERR,ERR,ERR,ERR,ERR,ERR,ERR,ERR,ERR,ERR,ERR,ERR,ERR,ERR,ERR,ERR,ERR,ERR,ERR,ERR,ERR,ERR,ERR,ERR,ERR,ERR,ERR,ERR,ERR,ERR,ERR,ERR,ERR,ERR,ERR,ERR,ERR,ERR,ERR,ERR,ERR,ERR,ERR,ERR,ERR,ERR,ERR,ERR,ERR,ERR,ERR,ERR,ERR,ERR,ERR,ERR,ERR,ERR,ERR,0.0,0.0,-134474944.0,0.0,0.0,1.3936040501711995e+18,7.805,0.0,0,0,4,0,8422,0.0,45,0.0,0.0,0.0,0.0,0.0,0,0,0,0,0.0,0,0,0,0,0,0,0,0,0,0,0,0,0,0,0,0,0,0,0,0,0,0,0,0,0,0,0,0,0,0,0,0,0,38,14,7,45,65476,0,300,0,0,8,21553,0.0,-107605600.0,0.0,0.0,0.0,0.0,0.0,0.0,0.0,0.0,0.0,0.0,0.0,0.0,0.0,0.0,0.0,0.0,0.0,0.0,0.0,0.0,2.004,2.004,-2.004,0.0,0.0,0.0,0.0,0.0,4755.0,-564145296506880.0,0.0,0.0,0.0,0.0,2.718429300292151e+23,0.0,0.0,0.0,0.0,53,4.950428597886765e+32,-0.0,0.0,0.0,0.0,0.0,0.0,0.0,0.0,0,0,0,0.0,0.0,0.0,0.0,0.0,0.0,0.0,0.0,0.0,0.0,0.0,0.0,0.0,0.0,0.0,0.0,0,-107875648.0,53,0.0,106,-107614832.0,0.0,ERR,ERR,ERR,ERR,ERR,ERR,ERR,ERR,ERR,ERR,ERR,ERR,ERR,ERR,ERR,ERR,ERR,ERR,ERR,ERR,ERR,ERR,ERR,ERR,ERR,ERR,ERR,ERR,ERR,ERR,ERR,ERR,ERR,ERR,ERR,ERR,ERR,ERR,ERR,ERR,ERR,ERR,ERR,ERR,ERR,ERR,ERR,ERR,ERR,ERR,ERR,ERR,ERR,ERR,ERR,ERR,ERR,ERR,ERR,ERR,ERR,ERR,ERR,ERR,ERR,ERR,ERR,50.0,60.0,100,0.0,0.0,0.0,0.0,0.0,0.0,0.0,0.0,0.0,0.0,0.0,0.0,0.0,0.0,0.0,0.0,62.0,73,14,65513,50,65476,0,300,0,0,8,20529,65476,0,0,26214,60.0,0.0,0.0,0.0,0.0,0.0
2026-05-17T18:55:39,ERR,ERR,ERR,ERR,ERR,ERR,ERR,ERR,ERR,ERR,ERR,ERR,ERR,ERR,ERR,ERR,ERR,ERR,ERR,ERR,ERR,ERR,ERR,ERR,ERR,ERR,ERR,ERR,ERR,ERR,ERR,ERR,ERR,ERR,ERR,ERR,ERR,ERR,ERR,ERR,ERR,ERR,ERR,ERR,ERR,ERR,ERR,ERR,ERR,ERR,ERR,ERR,ERR,ERR,ERR,ERR,ERR,ERR,ERR,ERR,ERR,ERR,ERR,ERR,ERR,ERR,ERR,ERR,ERR,ERR,ERR,ERR,ERR,ERR,ERR,ERR,ERR,ERR,ERR,ERR,ERR,ERR,ERR,ERR,ERR,ERR,ERR,ERR,ERR,ERR,ERR,ERR,ERR,ERR,ERR,ERR,ERR,ERR,ERR,ERR,ERR,ERR,ERR,ERR,ERR,ERR,ERR,ERR,ERR,ERR,ERR,ERR,ERR,ERR,ERR,ERR,ERR,ERR,ERR,ERR,ERR,ERR,ERR,ERR,ERR,0.0,0.0,-134474944.0,0.0,0.0,1.3936040501711995e+18,7.805,0.0,0,0,4,0,8422,0.0,45,0.0,0.0,0.0,0.0,0.0,0,0,0,0,0.0,0,0,0,0,0,0,0,0,0,0,0,0,0,0,0,0,0,0,0,0,0,0,0,0,0,0,0,0,0,0,0,0,0,38,14,7,45,65476,0,300,0,0,8,21553,0.0,-107605600.0,0.0,0.0,0.0,0.0,0.0,0.0,0.0,0.0,0.0,0.0,0.0,0.0,0.0,0.0,0.0,0.0,0.0,0.0,0.0,0.0,2.004,2.004,-0.0,0.0,0.0,0.0,0.0,0.0,4785.0,0.0,0.0,0.0,0.0,-107615280.0,2.718429300292151e+23,0.0,0.0,0.0,0.0,53,3.222028592685471e+26,0.0,0.0,0.0,0.0,0.0,0.0,0.0,0.0,0,0,0,0.0,0.0,0.0,0.0,0.0,0.0,0.0,0.0,0.0,0.0,0.0,0.0,0.0,0.0,0.0,0.0,0,-107875648.0,53,0.0,106,-107614832.0,-107351008.0,ERR,ERR,ERR,ERR,ERR,ERR,ERR,ERR,ERR,ERR,ERR,ERR,ERR,ERR,ERR,ERR,ERR,ERR,ERR,ERR,ERR,ERR,ERR,ERR,ERR,ERR,ERR,ERR,ERR,ERR,ERR,ERR,ERR,ERR,ERR,ERR,ERR,ERR,ERR,ERR,ERR,ERR,ERR,ERR,ERR,ERR,ERR,ERR,ERR,ERR,ERR,ERR,ERR,ERR,ERR,ERR,ERR,ERR,ERR,ERR,ERR,ERR,ERR,ERR,ERR,ERR,ERR,50.0,60.0,100,0.0,0.0,0.0,0.0,0.0,0.0,0.0,0.0,0.0,0.0,0.0,0.0,0.0,0.0,0.0,0.0,62.0,73,14,65513,50,65476,0,300,0,0,8,20529,65476,0,0,26214,60.0,0.0,0.0,0.0,0.0,0.0
2026-05-17T18:55:40,ERR,ERR,ERR,ERR,ERR,ERR,ERR,ERR,ERR,ERR,ERR,ERR,ERR,ERR,ERR,ERR,ERR,ERR,ERR,ERR,ERR,ERR,ERR,ERR,ERR,ERR,ERR,ERR,ERR,ERR,ERR,ERR,ERR,ERR,ERR,ERR,ERR,ERR,ERR,ERR,ERR,ERR,ERR,ERR,ERR,ERR,ERR,ERR,ERR,ERR,ERR,ERR,ERR,ERR,ERR,ERR,ERR,ERR,ERR,ERR,ERR,ERR,ERR,ERR,ERR,ERR,ERR,ERR,ERR,ERR,ERR,ERR,ERR,ERR,ERR,ERR,ERR,ERR,ERR,ERR,ERR,ERR,ERR,ERR,ERR,ERR,ERR,ERR,ERR,ERR,ERR,ERR,ERR,ERR,ERR,ERR,ERR,ERR,ERR,ERR,ERR,ERR,ERR,ERR,ERR,ERR,ERR,ERR,ERR,ERR,ERR,ERR,ERR,ERR,ERR,ERR,ERR,ERR,ERR,ERR,ERR,ERR,ERR,ERR,ERR,0.0,0.0,-134474944.0,0.0,0.0,1.3936040501711995e+18,7.805,0.0,0,0,4,0,8422,0.0,45,0.0,0.0,0.0,0.0,0.0,0,0,0,0,0.0,0,0,0,0,0,0,0,0,0,0,0,0,0,0,0,0,0,0,0,0,0,0,0,0,0,0,0,0,0,0,0,0,0,38,14,7,45,65476,0,300,0,0,8,21553,0.0,-107605600.0,0.0,0.0,0.0,0.0,0.0,0.0,0.0,0.0,0.0,0.0,0.0,0.0,0.0,0.0,0.0,0.0,0.0,0.0,0.0,0.0,2.004,2.004,-0.0,0.0,0.0,0.0,0.0,0.0,4785.0,0.0,0.0,0.0,0.0,-107615280.0,2.718429300292151e+23,0.0,0.0,0.0,0.0,53,3.222028592685471e+26,0.0,0.0,0.0,0.0,0.0,0.0,0.0,0.0,0,0,0,0.0,0.0,0.0,0.0,0.0,0.0,0.0,0.0,0.0,0.0,0.0,0.0,0.0,0.0,0.0,0.0,0,-107875648.0,53,0.0,106,-107614832.0,-107351008.0,ERR,ERR,ERR,ERR,ERR,ERR,ERR,ERR,ERR,ERR,ERR,ERR,ERR,ERR,ERR,ERR,ERR,ERR,ERR,ERR,ERR,ERR,ERR,ERR,ERR,ERR,ERR,ERR,ERR,ERR,ERR,ERR,ERR,ERR,ERR,ERR,ERR,ERR,ERR,ERR,ERR,ERR,ERR,ERR,ERR,ERR,ERR,ERR,ERR,ERR,ERR,ERR,ERR,ERR,ERR,ERR,ERR,ERR,ERR,ERR,ERR,ERR,ERR,ERR,ERR,ERR,ERR,50.0,60.0,100,0.0,0.0,0.0,0.0,0.0,0.0,0.0,0.0,0.0,0.0,0.0,0.0,0.0,0.0,0.0,0.0,61.6,73,14,65513,50,65476,0,300,0,0,8,20529,65476,0,0,26214,60.0,0.0,0.0,0.0,0.0,0.0
2026-05-17T18:55:41,ERR,ERR,ERR,ERR,ERR,ERR,ERR,ERR,ERR,ERR,ERR,ERR,ERR,ERR,ERR,ERR,ERR,ERR,ERR,ERR,ERR,ERR,ERR,ERR,ERR,ERR,ERR,ERR,ERR,ERR,ERR,ERR,ERR,ERR,ERR,ERR,ERR,ERR,ERR,ERR,ERR,ERR,ERR,ERR,ERR,ERR,ERR,ERR,ERR,ERR,ERR,ERR,ERR,ERR,ERR,ERR,ERR,ERR,ERR,ERR,ERR,ERR,ERR,ERR,ERR,ERR,ERR,ERR,ERR,ERR,ERR,ERR,ERR,ERR,ERR,ERR,ERR,ERR,ERR,ERR,ERR,ERR,ERR,ERR,ERR,ERR,ERR,ERR,ERR,ERR,ERR,ERR,ERR,ERR,ERR,ERR,ERR,ERR,ERR,ERR,ERR,ERR,ERR,ERR,ERR,ERR,ERR,ERR,ERR,ERR,ERR,ERR,ERR,ERR,ERR,ERR,ERR,ERR,ERR,ERR,ERR,ERR,ERR,ERR,ERR,0.0,0.0,-134474944.0,0.0,0.0,1.3936040501711995e+18,7.805,0.0,0,0,4,0,8422,0.0,45,0.0,0.0,0.0,0.0,0.0,0,0,0,0,0.0,0,0,0,0,0,0,0,0,0,0,0,0,0,0,0,0,0,0,0,0,0,0,0,0,0,0,0,0,0,0,0,0,0,38,14,7,45,65476,0,300,0,0,8,21553,0.0,-107605600.0,0.0,0.0,0.0,0.0,0.0,0.0,0.0,0.0,0.0,0.0,0.0,0.0,0.0,0.0,0.0,0.0,0.0,0.0,0.0,0.0,2.004,2.004,-0.0,0.0,0.0,0.0,0.0,0.0,4785.0,0.0,0.0,0.0,0.0,-107615280.0,2.718429300292151e+23,0.0,0.0,0.0,0.0,53,3.222028592685471e+26,0.0,0.0,0.0,0.0,0.0,0.0,0.0,0.0,0,0,0,0.0,0.0,0.0,0.0,0.0,0.0,0.0,0.0,0.0,0.0,0.0,0.0,0.0,0.0,0.0,0.0,0,-107875648.0,53,0.0,106,-107614832.0,-107351008.0,ERR,ERR,ERR,ERR,ERR,ERR,ERR,ERR,ERR,ERR,ERR,ERR,ERR,ERR,ERR,ERR,ERR,ERR,ERR,ERR,ERR,ERR,ERR,ERR,ERR,ERR,ERR,ERR,ERR,ERR,ERR,ERR,ERR,ERR,ERR,ERR,ERR,ERR,ERR,ERR,ERR,ERR,ERR,ERR,ERR,ERR,ERR,ERR,ERR,ERR,ERR,ERR,ERR,ERR,ERR,ERR,ERR,ERR,ERR,ERR,ERR,ERR,ERR,ERR,ERR,ERR,ERR,50.0,60.0,100,0.0,0.0,0.0,0.0,0.0,0.0,0.0,0.0,0.0,0.0,0.0,0.0,0.0,0.0,0.0,0.0,62.0,73,14,65513,50,65476,0,300,0,0,8,20529,65476,0,0,26214,60.0,0.0,0.0,0.0,0.0,0.0
2026-05-17T18:55:42,ERR,ERR,ERR,ERR,ERR,ERR,ERR,ERR,ERR,ERR,ERR,ERR,ERR,ERR,ERR,ERR,ERR,ERR,ERR,ERR,ERR,ERR,ERR,ERR,ERR,ERR,ERR,ERR,ERR,ERR,ERR,ERR,ERR,ERR,ERR,ERR,ERR,ERR,ERR,ERR,ERR,ERR,ERR,ERR,ERR,ERR,ERR,ERR,ERR,ERR,ERR,ERR,ERR,ERR,ERR,ERR,ERR,ERR,ERR,ERR,ERR,ERR,ERR,ERR,ERR,ERR,ERR,ERR,ERR,ERR,ERR,ERR,ERR,ERR,ERR,ERR,ERR,ERR,ERR,ERR,ERR,ERR,ERR,ERR,ERR,ERR,ERR,ERR,ERR,ERR,ERR,ERR,ERR,ERR,ERR,ERR,ERR,ERR,ERR,ERR,ERR,ERR,ERR,ERR,ERR,ERR,ERR,ERR,ERR,ERR,ERR,ERR,ERR,ERR,ERR,ERR,ERR,ERR,ERR,ERR,ERR,ERR,ERR,ERR,ERR,0.0,0.0,-134474944.0,0.0,0.0,1.3936040501711995e+18,7.805,0.0,0,0,4,0,8422,0.0,45,0.0,0.0,0.0,0.0,0.0,0,0,0,0,0.0,0,0,0,0,0,0,0,0,0,0,0,0,0,0,0,0,0,0,0,0,0,0,0,0,0,0,0,0,0,0,0,0,0,38,14,7,45,65476,0,300,0,0,8,21553,0.0,-107605600.0,0.0,0.0,0.0,0.0,0.0,0.0,0.0,0.0,0.0,0.0,0.0,0.0,0.0,0.0,0.0,0.0,0.0,0.0,0.0,0.0,2.004,2.004,-0.0,0.0,0.0,0.0,0.0,0.0,4785.0,0.0,0.0,0.0,0.0,-107615280.0,2.718429300292151e+23,0.0,0.0,0.0,0.0,53,3.222028592685471e+26,0.0,0.0,0.0,0.0,0.0,0.0,0.0,0.0,0,0,0,0.0,0.0,0.0,0.0,0.0,0.0,0.0,0.0,0.0,0.0,0.0,0.0,0.0,0.0,0.0,0.0,0,-107875648.0,53,0.0,106,-107614832.0,-107351008.0,ERR,ERR,ERR,ERR,ERR,ERR,ERR,ERR,ERR,ERR,ERR,ERR,ERR,ERR,ERR,ERR,ERR,ERR,ERR,ERR,ERR,ERR,ERR,ERR,ERR,ERR,ERR,ERR,ERR,ERR,ERR,ERR,ERR,ERR,ERR,ERR,ERR,ERR,ERR,ERR,ERR,ERR,ERR,ERR,ERR,ERR,ERR,ERR,ERR,ERR,ERR,ERR,ERR,ERR,ERR,ERR,ERR,ERR,ERR,ERR,ERR,ERR,ERR,ERR,ERR,ERR,ERR,50.0,60.0,100,0.0,0.0,0.0,0.0,0.0,0.0,0.0,0.0,0.0,0.0,0.0,0.0,0.0,0.0,0.0,0.0,62.0,73,14,65513,50,65476,0,300,0,0,8,20529,65476,0,0,26214,60.0,0.0,0.0,0.0,0.0,0.0
2026-05-17T18:55:43,ERR,ERR,ERR,ERR,ERR,ERR,ERR,ERR,ERR,ERR,ERR,ERR,ERR,ERR,ERR,ERR,ERR,ERR,ERR,ERR,ERR,ERR,ERR,ERR,ERR,ERR,ERR,ERR,ERR,ERR,ERR,ERR,ERR,ERR,ERR,ERR,ERR,ERR,ERR,ERR,ERR,ERR,ERR,ERR,ERR,ERR,ERR,ERR,ERR,ERR,ERR,ERR,ERR,ERR,ERR,ERR,ERR,ERR,ERR,ERR,ERR,ERR,ERR,ERR,ERR,ERR,ERR,ERR,ERR,ERR,ERR,ERR,ERR,ERR,ERR,ERR,ERR,ERR,ERR,ERR,ERR,ERR,ERR,ERR,ERR,ERR,ERR,ERR,ERR,ERR,ERR,ERR,ERR,ERR,ERR,ERR,ERR,ERR,ERR,ERR,ERR,ERR,ERR,ERR,ERR,ERR,ERR,ERR,ERR,ERR,ERR,ERR,ERR,ERR,ERR,ERR,ERR,ERR,ERR,ERR,ERR,ERR,ERR,ERR,ERR,0.0,0.0,-134474944.0,0.0,0.0,1.3936040501711995e+18,7.805,0.0,0,0,4,0,8422,0.0,45,0.0,0.0,0.0,0.0,0.0,0,0,0,0,0.0,0,0,0,0,0,0,0,0,0,0,0,0,0,0,0,0,0,0,0,0,0,0,0,0,0,0,0,0,0,0,0,0,0,38,14,7,45,65476,0,300,0,0,8,21553,0.0,-107605600.0,0.0,0.0,0.0,0.0,0.0,0.0,0.0,0.0,0.0,0.0,0.0,0.0,0.0,0.0,0.0,0.0,0.0,0.0,0.0,0.0,2.004,2.004,-0.0,0.0,0.0,0.0,0.0,0.0,4785.0,0.0,0.0,0.0,0.0,-107615280.0,2.718429300292151e+23,0.0,0.0,0.0,0.0,53,3.222028592685471e+26,0.0,0.0,0.0,0.0,0.0,0.0,0.0,0.0,0,0,0,0.0,0.0,0.0,0.0,0.0,0.0,0.0,0.0,0.0,0.0,0.0,0.0,0.0,0.0,0.0,0.0,0,-107875648.0,53,0.0,106,-107614832.0,-107351008.0,ERR,ERR,ERR,ERR,ERR,ERR,ERR,ERR,ERR,ERR,ERR,ERR,ERR,ERR,ERR,ERR,ERR,ERR,ERR,ERR,ERR,ERR,ERR,ERR,ERR,ERR,ERR,ERR,ERR,ERR,ERR,ERR,ERR,ERR,ERR,ERR,ERR,ERR,ERR,ERR,ERR,ERR,ERR,ERR,ERR,ERR,ERR,ERR,ERR,ERR,ERR,ERR,ERR,ERR,ERR,ERR,ERR,ERR,ERR,ERR,ERR,ERR,ERR,ERR,ERR,ERR,ERR,50.0,60.0,100,0.0,0.0,0.0,0.0,0.0,0.0,0.0,0.0,0.0,0.0,0.0,0.0,0.0,0.0,0.0,0.0,62.0,73,14,65513,50,65476,0,300,0,0,8,20529,65476,0,0,26214,60.0,0.0,0.0,0.0,0.0,0.0
2026-05-17T18:55:44,ERR,ERR,ERR,ERR,ERR,ERR,ERR,ERR,ERR,ERR,ERR,ERR,ERR,ERR,ERR,ERR,ERR,ERR,ERR,ERR,ERR,ERR,ERR,ERR,ERR,ERR,ERR,ERR,ERR,ERR,ERR,ERR,ERR,ERR,ERR,ERR,ERR,ERR,ERR,ERR,ERR,ERR,ERR,ERR,ERR,ERR,ERR,ERR,ERR,ERR,ERR,ERR,ERR,ERR,ERR,ERR,ERR,ERR,ERR,ERR,ERR,ERR,ERR,ERR,ERR,ERR,ERR,ERR,ERR,ERR,ERR,ERR,ERR,ERR,ERR,ERR,ERR,ERR,ERR,ERR,ERR,ERR,ERR,ERR,ERR,ERR,ERR,ERR,ERR,ERR,ERR,ERR,ERR,ERR,ERR,ERR,ERR,ERR,ERR,ERR,ERR,ERR,ERR,ERR,ERR,ERR,ERR,ERR,ERR,ERR,ERR,ERR,ERR,ERR,ERR,ERR,ERR,ERR,ERR,ERR,ERR,ERR,ERR,ERR,ERR,0.0,0.0,-134474944.0,0.0,0.0,1.3936040501711995e+18,7.805,0.0,0,0,4,0,8422,0.0,45,0.0,0.0,0.0,0.0,0.0,0,0,0,0,0.0,0,0,0,0,0,0,0,0,0,0,0,0,0,0,0,0,0,0,0,0,0,0,0,0,0,0,0,0,0,0,0,0,0,38,14,7,45,65476,0,300,0,0,8,21553,0.0,-107605600.0,0.0,0.0,0.0,0.0,0.0,0.0,0.0,0.0,0.0,0.0,0.0,0.0,0.0,0.0,0.0,0.0,0.0,0.0,0.0,0.0,2.004,2.004,-2.004,2.004,0.0,0.0,0.0,0.0,4787.0,0.0,0.0,0.0,0.0,0.0,2.718429300292151e+23,0.0,0.0,0.0,0.0,53,4.950428597886765e+32,-2.308826292123106e+20,0.0,0.0,0.0,0.0,0.0,0.0,0.0,0,0,0,0.0,0.0,0.0,0.0,0.0,0.0,0.0,0.0,0.0,0.0,0.0,0.0,0.0,0.0,0.0,0.0,0,-107875648.0,53,0.0,106,-107614832.0,-107351008.0,ERR,ERR,ERR,ERR,ERR,ERR,ERR,ERR,ERR,ERR,ERR,ERR,ERR,ERR,ERR,ERR,ERR,ERR,ERR,ERR,ERR,ERR,ERR,ERR,ERR,ERR,ERR,ERR,ERR,ERR,ERR,ERR,ERR,ERR,ERR,ERR,ERR,ERR,ERR,ERR,ERR,ERR,ERR,ERR,ERR,ERR,ERR,ERR,ERR,ERR,ERR,ERR,ERR,ERR,ERR,ERR,ERR,ERR,ERR,ERR,ERR,ERR,ERR,ERR,ERR,ERR,ERR,50.0,60.0,100,0.0,0.0,0.0,0.0,0.0,0.0,0.0,0.0,0.0,0.0,0.0,0.0,0.0,0.0,0.0,0.0,62.0,73,14,65513,50,65476,0,300,0,0,8,20529,65476,0,0,26214,60.0,0.0,0.0,0.0,0.0,0.0
2026-05-17T18:55:45,ERR,ERR,ERR,ERR,ERR,ERR,ERR,ERR,ERR,ERR,ERR,ERR,ERR,ERR,ERR,ERR,ERR,ERR,ERR,ERR,ERR,ERR,ERR,ERR,ERR,ERR,ERR,ERR,ERR,ERR,ERR,ERR,ERR,ERR,ERR,ERR,ERR,ERR,ERR,ERR,ERR,ERR,ERR,ERR,ERR,ERR,ERR,ERR,ERR,ERR,ERR,ERR,ERR,ERR,ERR,ERR,ERR,ERR,ERR,ERR,ERR,ERR,ERR,ERR,ERR,ERR,ERR,ERR,ERR,ERR,ERR,ERR,ERR,ERR,ERR,ERR,ERR,ERR,ERR,ERR,ERR,ERR,ERR,ERR,ERR,ERR,ERR,ERR,ERR,ERR,ERR,ERR,ERR,ERR,ERR,ERR,ERR,ERR,ERR,ERR,ERR,ERR,ERR,ERR,ERR,ERR,ERR,ERR,ERR,ERR,ERR,ERR,ERR,ERR,ERR,ERR,ERR,ERR,ERR,ERR,ERR,ERR,ERR,ERR,ERR,0.0,0.0,-134474944.0,0.0,0.0,1.3936040501711995e+18,7.805,0.0,0,0,4,0,8422,0.0,45,0.0,0.0,0.0,0.0,0.0,0,0,0,0,0.0,0,0,0,0,0,0,0,0,0,0,0,0,0,0,0,0,0,0,0,0,0,0,0,0,0,0,0,0,0,0,0,0,0,38,14,7,45,65476,0,300,0,0,8,21553,0.0,-107605600.0,0.0,0.0,0.0,0.0,0.0,0.0,0.0,0.0,0.0,0.0,0.0,0.0,0.0,0.0,0.0,0.0,0.0,0.0,0.0,0.0,2.004,2.004,-2.004,2.004,0.0,0.0,0.0,0.0,4787.0,0.0,0.0,0.0,0.0,0.0,2.718429300292151e+23,0.0,0.0,0.0,0.0,53,4.950428597886765e+32,-2.308826292123106e+20,0.0,0.0,0.0,0.0,0.0,0.0,0.0,0,0,0,0.0,0.0,0.0,0.0,0.0,0.0,0.0,0.0,0.0,0.0,0.0,0.0,0.0,0.0,0.0,0.0,0,-107875648.0,53,0.0,106,-107614832.0,-107351008.0,ERR,ERR,ERR,ERR,ERR,ERR,ERR,ERR,ERR,ERR,ERR,ERR,ERR,ERR,ERR,ERR,ERR,ERR,ERR,ERR,ERR,ERR,ERR,ERR,ERR,ERR,ERR,ERR,ERR,ERR,ERR,ERR,ERR,ERR,ERR,ERR,ERR,ERR,ERR,ERR,ERR,ERR,ERR,ERR,ERR,ERR,ERR,ERR,ERR,ERR,ERR,ERR,ERR,ERR,ERR,ERR,ERR,ERR,ERR,ERR,ERR,ERR,ERR,ERR,ERR,ERR,ERR,50.0,60.0,100,0.0,0.0,0.0,0.0,0.0,0.0,0.0,0.0,0.0,0.0,0.0,0.0,0.0,0.0,0.0,0.0,62.0,73,14,65513,50,65476,0,300,0,0,8,20529,65476,0,0,26214,60.0,0.0,0.0,0.0,0.0,0.0
2026-05-17T18:55:46,ERR,ERR,ERR,ERR,ERR,ERR,ERR,ERR,ERR,ERR,ERR,ERR,ERR,ERR,ERR,ERR,ERR,ERR,ERR,ERR,ERR,ERR,ERR,ERR,ERR,ERR,ERR,ERR,ERR,ERR,ERR,ERR,ERR,ERR,ERR,ERR,ERR,ERR,ERR,ERR,ERR,ERR,ERR,ERR,ERR,ERR,ERR,ERR,ERR,ERR,ERR,ERR,ERR,ERR,ERR,ERR,ERR,ERR,ERR,ERR,ERR,ERR,ERR,ERR,ERR,ERR,ERR,ERR,ERR,ERR,ERR,ERR,ERR,ERR,ERR,ERR,ERR,ERR,ERR,ERR,ERR,ERR,ERR,ERR,ERR,ERR,ERR,ERR,ERR,ERR,ERR,ERR,ERR,ERR,ERR,ERR,ERR,ERR,ERR,ERR,ERR,ERR,ERR,ERR,ERR,ERR,ERR,ERR,ERR,ERR,ERR,ERR,ERR,ERR,ERR,ERR,ERR,ERR,ERR,ERR,ERR,ERR,ERR,ERR,ERR,0.0,0.0,-134474944.0,0.0,0.0,1.3936040501711995e+18,7.805,0.0,0,0,4,0,8422,0.0,45,0.0,0.0,0.0,0.0,0.0,0,0,0,0,0.0,0,0,0,0,0,0,0,0,0,0,0,0,0,0,0,0,0,0,0,0,0,0,0,0,0,0,0,0,0,0,0,0,0,38,14,7,45,65476,0,300,0,0,8,21553,0.0,-107605600.0,0.0,0.0,0.0,0.0,0.0,0.0,0.0,0.0,0.0,0.0,0.0,0.0,0.0,0.0,0.0,0.0,0.0,0.0,0.0,0.0,2.004,2.004,-2.004,2.004,0.0,0.0,0.0,0.0,4787.0,0.0,0.0,0.0,0.0,0.0,2.718429300292151e+23,0.0,0.0,0.0,0.0,53,4.950428597886765e+32,-2.308826292123106e+20,0.0,0.0,0.0,0.0,0.0,0.0,0.0,0,0,0,0.0,0.0,0.0,0.0,0.0,0.0,0.0,0.0,0.0,0.0,0.0,0.0,0.0,0.0,0.0,0.0,0,-107875648.0,53,0.0,106,-107614832.0,-107351008.0,ERR,ERR,ERR,ERR,ERR,ERR,ERR,ERR,ERR,ERR,ERR,ERR,ERR,ERR,ERR,ERR,ERR,ERR,ERR,ERR,ERR,ERR,ERR,ERR,ERR,ERR,ERR,ERR,ERR,ERR,ERR,ERR,ERR,ERR,ERR,ERR,ERR,ERR,ERR,ERR,ERR,ERR,ERR,ERR,ERR,ERR,ERR,ERR,ERR,ERR,ERR,ERR,ERR,ERR,ERR,ERR,ERR,ERR,ERR,ERR,ERR,ERR,ERR,ERR,ERR,ERR,ERR,50.0,60.0,100,0.0,0.0,0.0,0.0,0.0,0.0,0.0,0.0,0.0,0.0,0.0,0.0,0.0,0.0,0.0,0.0,62.0,73,14,65513,50,65476,0,300,0,0,8,20529,65476,0,0,26214,60.0,0.0,0.0,0.0,0.0,0.0
2026-05-17T18:55:47,ERR,ERR,ERR,ERR,ERR,ERR,ERR,ERR,ERR,ERR,ERR,ERR,ERR,ERR,ERR,ERR,ERR,ERR,ERR,ERR,ERR,ERR,ERR,ERR,ERR,ERR,ERR,ERR,ERR,ERR,ERR,ERR,ERR,ERR,ERR,ERR,ERR,ERR,ERR,ERR,ERR,ERR,ERR,ERR,ERR,ERR,ERR,ERR,ERR,ERR,ERR,ERR,ERR,ERR,ERR,ERR,ERR,ERR,ERR,ERR,ERR,ERR,ERR,ERR,ERR,ERR,ERR,ERR,ERR,ERR,ERR,ERR,ERR,ERR,ERR,ERR,ERR,ERR,ERR,ERR,ERR,ERR,ERR,ERR,ERR,ERR,ERR,ERR,ERR,ERR,ERR,ERR,ERR,ERR,ERR,ERR,ERR,ERR,ERR,ERR,ERR,ERR,ERR,ERR,ERR,ERR,ERR,ERR,ERR,ERR,ERR,ERR,ERR,ERR,ERR,ERR,ERR,ERR,ERR,ERR,ERR,ERR,ERR,ERR,ERR,0.0,0.0,-134474944.0,0.0,0.0,1.3936040501711995e+18,7.805,0.0,0,0,4,0,8422,0.0,45,0.0,0.0,0.0,0.0,0.0,0,0,0,0,0.0,0,0,0,0,0,0,0,0,0,0,0,0,0,0,0,0,0,0,0,0,0,0,0,0,0,0,0,0,0,0,0,0,0,38,14,7,45,65476,0,300,0,0,8,21553,0.0,-107605600.0,0.0,0.0,0.0,0.0,0.0,0.0,0.0,0.0,0.0,0.0,0.0,0.0,0.0,0.0,0.0,0.0,0.0,0.0,0.0,0.0,2.004,2.004,-2.004,2.004,0.0,0.0,0.0,0.0,4787.0,0.0,0.0,0.0,0.0,0.0,2.718429300292151e+23,0.0,0.0,0.0,0.0,53,4.950428597886765e+32,-2.308826292123106e+20,0.0,0.0,0.0,0.0,0.0,0.0,0.0,0,0,0,0.0,0.0,0.0,0.0,0.0,0.0,0.0,0.0,0.0,0.0,0.0,0.0,0.0,0.0,0.0,0.0,0,-107875648.0,53,0.0,106,-107614832.0,-107351008.0,ERR,ERR,ERR,ERR,ERR,ERR,ERR,ERR,ERR,ERR,ERR,ERR,ERR,ERR,ERR,ERR,ERR,ERR,ERR,ERR,ERR,ERR,ERR,ERR,ERR,ERR,ERR,ERR,ERR,ERR,ERR,ERR,ERR,ERR,ERR,ERR,ERR,ERR,ERR,ERR,ERR,ERR,ERR,ERR,ERR,ERR,ERR,ERR,ERR,ERR,ERR,ERR,ERR,ERR,ERR,ERR,ERR,ERR,ERR,ERR,ERR,ERR,ERR,ERR,ERR,ERR,ERR,50.0,60.0,100,0.0,0.0,0.0,0.0,0.0,0.0,0.0,0.0,0.0,0.0,0.0,0.0,0.0,0.0,0.0,0.0,61.6,73,14,65513,50,65476,0,300,0,0,8,20529,65476,0,0,26214,60.0,0.0,0.0,0.0,0.0,0.0
2026-05-17T18:55:48,ERR,ERR,ERR,ERR,ERR,ERR,ERR,ERR,ERR,ERR,ERR,ERR,ERR,ERR,ERR,ERR,ERR,ERR,ERR,ERR,ERR,ERR,ERR,ERR,ERR,ERR,ERR,ERR,ERR,ERR,ERR,ERR,ERR,ERR,ERR,ERR,ERR,ERR,ERR,ERR,ERR,ERR,ERR,ERR,ERR,ERR,ERR,ERR,ERR,ERR,ERR,ERR,ERR,ERR,ERR,ERR,ERR,ERR,ERR,ERR,ERR,ERR,ERR,ERR,ERR,ERR,ERR,ERR,ERR,ERR,ERR,ERR,ERR,ERR,ERR,ERR,ERR,ERR,ERR,ERR,ERR,ERR,ERR,ERR,ERR,ERR,ERR,ERR,ERR,ERR,ERR,ERR,ERR,ERR,ERR,ERR,ERR,ERR,ERR,ERR,ERR,ERR,ERR,ERR,ERR,ERR,ERR,ERR,ERR,ERR,ERR,ERR,ERR,ERR,ERR,ERR,ERR,ERR,ERR,ERR,ERR,ERR,ERR,ERR,ERR,0.0,0.0,-134474944.0,0.0,0.0,1.3936040501711995e+18,7.805,0.0,0,0,4,0,8422,0.0,45,0.0,0.0,0.0,0.0,0.0,0,0,0,0,0.0,0,0,0,0,0,0,0,0,0,0,0,0,0,0,0,0,0,0,0,0,0,0,0,0,0,0,0,0,0,0,0,0,0,38,14,7,45,65476,0,300,0,0,8,21553,0.0,-107605600.0,0.0,0.0,0.0,0.0,0.0,0.0,0.0,0.0,0.0,0.0,0.0,0.0,0.0,0.0,0.0,0.0,0.0,0.0,0.0,0.0,2.004,2.004,-2.004,2.004,0.0,0.0,0.0,0.0,4787.0,0.0,0.0,0.0,0.0,0.0,2.718429300292151e+23,0.0,0.0,0.0,0.0,53,4.950428597886765e+32,-2.308826292123106e+20,0.0,0.0,0.0,0.0,0.0,0.0,0.0,0,0,0,0.0,0.0,0.0,0.0,0.0,0.0,0.0,0.0,0.0,0.0,0.0,0.0,0.0,0.0,0.0,0.0,0,-107875648.0,53,0.0,106,-107614832.0,-107351008.0,ERR,ERR,ERR,ERR,ERR,ERR,ERR,ERR,ERR,ERR,ERR,ERR,ERR,ERR,ERR,ERR,ERR,ERR,ERR,ERR,ERR,ERR,ERR,ERR,ERR,ERR,ERR,ERR,ERR,ERR,ERR,ERR,ERR,ERR,ERR,ERR,ERR,ERR,ERR,ERR,ERR,ERR,ERR,ERR,ERR,ERR,ERR,ERR,ERR,ERR,ERR,ERR,ERR,ERR,ERR,ERR,ERR,ERR,ERR,ERR,ERR,ERR,ERR,ERR,ERR,ERR,ERR,50.0,60.0,100,0.0,0.0,0.0,0.0,0.0,0.0,0.0,0.0,0.0,0.0,0.0,0.0,0.0,0.0,0.0,0.0,61.6,73,14,65513,50,65476,0,300,0,0,8,20529,65476,0,0,26214,60.0,0.0,0.0,0.0,0.0,0.0
2026-05-17T18:55:49,ERR,ERR,ERR,ERR,ERR,ERR,ERR,ERR,ERR,ERR,ERR,ERR,ERR,ERR,ERR,ERR,ERR,ERR,ERR,ERR,ERR,ERR,ERR,ERR,ERR,ERR,ERR,ERR,ERR,ERR,ERR,ERR,ERR,ERR,ERR,ERR,ERR,ERR,ERR,ERR,ERR,ERR,ERR,ERR,ERR,ERR,ERR,ERR,ERR,ERR,ERR,ERR,ERR,ERR,ERR,ERR,ERR,ERR,ERR,ERR,ERR,ERR,ERR,ERR,ERR,ERR,ERR,ERR,ERR,ERR,ERR,ERR,ERR,ERR,ERR,ERR,ERR,ERR,ERR,ERR,ERR,ERR,ERR,ERR,ERR,ERR,ERR,ERR,ERR,ERR,ERR,ERR,ERR,ERR,ERR,ERR,ERR,ERR,ERR,ERR,ERR,ERR,ERR,ERR,ERR,ERR,ERR,ERR,ERR,ERR,ERR,ERR,ERR,ERR,ERR,ERR,ERR,ERR,ERR,ERR,ERR,ERR,ERR,ERR,ERR,0.0,0.0,-134474944.0,0.0,0.0,1.3936040501711995e+18,7.805,0.0,0,0,4,0,8422,0.0,45,0.0,0.0,0.0,0.0,0.0,0,0,0,0,0.0,0,0,0,0,0,0,0,0,0,0,0,0,0,0,0,0,0,0,0,0,0,0,0,0,0,0,0,0,0,0,0,0,0,38,14,7,45,65476,0,300,0,0,8,21553,0.0,-107605600.0,0.0,0.0,0.0,0.0,0.0,0.0,0.0,0.0,0.0,0.0,0.0,0.0,0.0,0.0,0.0,0.0,0.0,0.0,0.0,0.0,2.004,2.004,-0.0,0.0,0.0,0.0,0.0,0.0,4758.0,-2.4229855986892726e+24,0.0,0.0,0.0,0.0,2.718429300292151e+23,0.0,0.0,0.0,0.0,53,5.848083413016271e+35,-0.0,0.0,0.0,0.0,0.0,0.0,0.0,0.0,0,0,0,0.0,0.0,0.0,0.0,0.0,0.0,0.0,0.0,0.0,0.0,0.0,0.0,0.0,0.0,0.0,0.0,0,-107875648.0,53,0.0,106,-107614832.0,-107351008.0,ERR,ERR,ERR,ERR,ERR,ERR,ERR,ERR,ERR,ERR,ERR,ERR,ERR,ERR,ERR,ERR,ERR,ERR,ERR,ERR,ERR,ERR,ERR,ERR,ERR,ERR,ERR,ERR,ERR,ERR,ERR,ERR,ERR,ERR,ERR,ERR,ERR,ERR,ERR,ERR,ERR,ERR,ERR,ERR,ERR,ERR,ERR,ERR,ERR,ERR,ERR,ERR,ERR,ERR,ERR,ERR,ERR,ERR,ERR,ERR,ERR,ERR,ERR,ERR,ERR,ERR,ERR,50.0,60.0,100,0.0,0.0,0.0,0.0,0.0,0.0,0.0,0.0,0.0,0.0,0.0,0.0,0.0,0.0,0.0,0.0,61.6,73,14,65513,50,65476,0,300,0,0,8,20529,65476,0,0,26214,60.0,0.0,0.0,0.0,0.0,0.0
2026-05-17T18:55:50,ERR,ERR,ERR,ERR,ERR,ERR,ERR,ERR,ERR,ERR,ERR,ERR,ERR,ERR,ERR,ERR,ERR,ERR,ERR,ERR,ERR,ERR,ERR,ERR,ERR,ERR,ERR,ERR,ERR,ERR,ERR,ERR,ERR,ERR,ERR,ERR,ERR,ERR,ERR,ERR,ERR,ERR,ERR,ERR,ERR,ERR,ERR,ERR,ERR,ERR,ERR,ERR,ERR,ERR,ERR,ERR,ERR,ERR,ERR,ERR,ERR,ERR,ERR,ERR,ERR,ERR,ERR,ERR,ERR,ERR,ERR,ERR,ERR,ERR,ERR,ERR,ERR,ERR,ERR,ERR,ERR,ERR,ERR,ERR,ERR,ERR,ERR,ERR,ERR,ERR,ERR,ERR,ERR,ERR,ERR,ERR,ERR,ERR,ERR,ERR,ERR,ERR,ERR,ERR,ERR,ERR,ERR,ERR,ERR,ERR,ERR,ERR,ERR,ERR,ERR,ERR,ERR,ERR,ERR,ERR,ERR,ERR,ERR,ERR,ERR,0.0,0.0,-134474944.0,0.0,0.0,1.3936040501711995e+18,7.805,0.0,0,0,4,0,8422,0.0,45,0.0,0.0,0.0,0.0,0.0,0,0,0,0,0.0,0,0,0,0,0,0,0,0,0,0,0,0,0,0,0,0,0,0,0,0,0,0,0,0,0,0,0,0,0,0,0,0,0,38,14,7,45,65476,0,300,0,0,8,21553,0.0,-107605600.0,0.0,0.0,0.0,0.0,0.0,0.0,0.0,0.0,0.0,0.0,0.0,0.0,0.0,0.0,0.0,0.0,0.0,0.0,0.0,0.0,2.004,2.004,-0.0,0.0,0.0,0.0,0.0,0.0,4758.0,-2.4229855986892726e+24,0.0,0.0,0.0,0.0,2.718429300292151e+23,0.0,0.0,0.0,0.0,53,5.848083413016271e+35,-0.0,0.0,0.0,0.0,0.0,0.0,0.0,0.0,0,0,0,0.0,0.0,0.0,0.0,0.0,0.0,0.0,0.0,0.0,0.0,0.0,0.0,0.0,0.0,0.0,0.0,0,-107875648.0,53,0.0,106,-107614832.0,-107351008.0,ERR,ERR,ERR,ERR,ERR,ERR,ERR,ERR,ERR,ERR,ERR,ERR,ERR,ERR,ERR,ERR,ERR,ERR,ERR,ERR,ERR,ERR,ERR,ERR,ERR,ERR,ERR,ERR,ERR,ERR,ERR,ERR,ERR,ERR,ERR,ERR,ERR,ERR,ERR,ERR,ERR,ERR,ERR,ERR,ERR,ERR,ERR,ERR,ERR,ERR,ERR,ERR,ERR,ERR,ERR,ERR,ERR,ERR,ERR,ERR,ERR,ERR,ERR,ERR,ERR,ERR,ERR,50.0,60.0,100,0.0,0.0,0.0,0.0,0.0,0.0,0.0,0.0,0.0,0.0,0.0,0.0,0.0,0.0,0.0,0.0,61.6,73,14,65513,50,65476,0,300,0,0,8,20529,65476,0,0,26214,60.0,0.0,0.0,0.0,0.0,0.0
2026-05-17T18:55:51,ERR,ERR,ERR,ERR,ERR,ERR,ERR,ERR,ERR,ERR,ERR,ERR,ERR,ERR,ERR,ERR,ERR,ERR,ERR,ERR,ERR,ERR,ERR,ERR,ERR,ERR,ERR,ERR,ERR,ERR,ERR,ERR,ERR,ERR,ERR,ERR,ERR,ERR,ERR,ERR,ERR,ERR,ERR,ERR,ERR,ERR,ERR,ERR,ERR,ERR,ERR,ERR,ERR,ERR,ERR,ERR,ERR,ERR,ERR,ERR,ERR,ERR,ERR,ERR,ERR,ERR,ERR,ERR,ERR,ERR,ERR,ERR,ERR,ERR,ERR,ERR,ERR,ERR,ERR,ERR,ERR,ERR,ERR,ERR,ERR,ERR,ERR,ERR,ERR,ERR,ERR,ERR,ERR,ERR,ERR,ERR,ERR,ERR,ERR,ERR,ERR,ERR,ERR,ERR,ERR,ERR,ERR,ERR,ERR,ERR,ERR,ERR,ERR,ERR,ERR,ERR,ERR,ERR,ERR,ERR,ERR,ERR,ERR,ERR,ERR,0.0,0.0,-134474944.0,0.0,0.0,1.3936040501711995e+18,7.805,0.0,0,0,4,0,8422,0.0,45,0.0,0.0,0.0,0.0,0.0,0,0,0,0,0.0,0,0,0,0,0,0,0,0,0,0,0,0,0,0,0,0,0,0,0,0,0,0,0,0,0,0,0,0,0,0,0,0,0,38,14,7,45,65476,0,300,0,0,8,21553,0.0,-107605600.0,0.0,0.0,0.0,0.0,0.0,0.0,0.0,0.0,0.0,0.0,0.0,0.0,0.0,0.0,0.0,0.0,0.0,0.0,0.0,0.0,2.004,2.004,-0.0,0.0,0.0,0.0,0.0,0.0,4758.0,-2.4229855986892726e+24,0.0,0.0,0.0,0.0,2.718429300292151e+23,0.0,0.0,0.0,0.0,53,5.848083413016271e+35,-0.0,0.0,0.0,0.0,0.0,0.0,0.0,0.0,0,0,0,0.0,0.0,0.0,0.0,0.0,0.0,0.0,0.0,0.0,0.0,0.0,0.0,0.0,0.0,0.0,0.0,0,-107875648.0,53,0.0,106,-107614832.0,-107351008.0,ERR,ERR,ERR,ERR,ERR,ERR,ERR,ERR,ERR,ERR,ERR,ERR,ERR,ERR,ERR,ERR,ERR,ERR,ERR,ERR,ERR,ERR,ERR,ERR,ERR,ERR,ERR,ERR,ERR,ERR,ERR,ERR,ERR,ERR,ERR,ERR,ERR,ERR,ERR,ERR,ERR,ERR,ERR,ERR,ERR,ERR,ERR,ERR,ERR,ERR,ERR,ERR,ERR,ERR,ERR,ERR,ERR,ERR,ERR,ERR,ERR,ERR,ERR,ERR,ERR,ERR,ERR,50.0,60.0,100,0.0,0.0,0.0,0.0,0.0,0.0,0.0,0.0,0.0,0.0,0.0,0.0,0.0,0.0,0.0,0.0,61.6,73,14,65513,50,65476,0,300,0,0,8,20529,65476,0,0,26214,60.0,0.0,0.0,0.0,0.0,0.0
2026-05-17T18:55:52,ERR,ERR,ERR,ERR,ERR,ERR,ERR,ERR,ERR,ERR,ERR,ERR,ERR,ERR,ERR,ERR,ERR,ERR,ERR,ERR,ERR,ERR,ERR,ERR,ERR,ERR,ERR,ERR,ERR,ERR,ERR,ERR,ERR,ERR,ERR,ERR,ERR,ERR,ERR,ERR,ERR,ERR,ERR,ERR,ERR,ERR,ERR,ERR,ERR,ERR,ERR,ERR,ERR,ERR,ERR,ERR,ERR,ERR,ERR,ERR,ERR,ERR,ERR,ERR,ERR,ERR,ERR,ERR,ERR,ERR,ERR,ERR,ERR,ERR,ERR,ERR,ERR,ERR,ERR,ERR,ERR,ERR,ERR,ERR,ERR,ERR,ERR,ERR,ERR,ERR,ERR,ERR,ERR,ERR,ERR,ERR,ERR,ERR,ERR,ERR,ERR,ERR,ERR,ERR,ERR,ERR,ERR,ERR,ERR,ERR,ERR,ERR,ERR,ERR,ERR,ERR,ERR,ERR,ERR,ERR,ERR,ERR,ERR,ERR,ERR,0.0,0.0,-134474944.0,0.0,0.0,1.3936040501711995e+18,7.805,0.0,0,0,4,0,8422,0.0,45,0.0,0.0,0.0,0.0,0.0,0,0,0,0,0.0,0,0,0,0,0,0,0,0,0,0,0,0,0,0,0,0,0,0,0,0,0,0,0,0,0,0,0,0,0,0,0,0,0,38,14,7,45,65476,0,300,0,0,8,21553,0.0,-107605600.0,0.0,0.0,0.0,0.0,0.0,0.0,0.0,0.0,0.0,0.0,0.0,0.0,0.0,0.0,0.0,0.0,0.0,0.0,0.0,0.0,2.004,2.004,-0.0,0.0,0.0,0.0,0.0,0.0,4758.0,-2.4229855986892726e+24,0.0,0.0,0.0,0.0,2.718429300292151e+23,0.0,0.0,0.0,0.0,53,5.848083413016271e+35,-0.0,0.0,0.0,0.0,0.0,0.0,0.0,0.0,0,0,0,0.0,0.0,0.0,0.0,0.0,0.0,0.0,0.0,0.0,0.0,0.0,0.0,0.0,0.0,0.0,0.0,0,-107875648.0,53,0.0,106,-107614832.0,-107351008.0,ERR,ERR,ERR,ERR,ERR,ERR,ERR,ERR,ERR,ERR,ERR,ERR,ERR,ERR,ERR,ERR,ERR,ERR,ERR,ERR,ERR,ERR,ERR,ERR,ERR,ERR,ERR,ERR,ERR,ERR,ERR,ERR,ERR,ERR,ERR,ERR,ERR,ERR,ERR,ERR,ERR,ERR,ERR,ERR,ERR,ERR,ERR,ERR,ERR,ERR,ERR,ERR,ERR,ERR,ERR,ERR,ERR,ERR,ERR,ERR,ERR,ERR,ERR,ERR,ERR,ERR,ERR,50.0,60.0,100,0.0,0.0,0.0,0.0,0.0,0.0,0.0,0.0,0.0,0.0,0.0,0.0,0.0,0.0,0.0,0.0,61.6,73,14,65513,50,65476,0,300,0,0,8,20529,65476,0,0,26214,60.0,0.0,0.0,0.0,0.0,0.0
2026-05-17T18:55:53,ERR,ERR,ERR,ERR,ERR,ERR,ERR,ERR,ERR,ERR,ERR,ERR,ERR,ERR,ERR,ERR,ERR,ERR,ERR,ERR,ERR,ERR,ERR,ERR,ERR,ERR,ERR,ERR,ERR,ERR,ERR,ERR,ERR,ERR,ERR,ERR,ERR,ERR,ERR,ERR,ERR,ERR,ERR,ERR,ERR,ERR,ERR,ERR,ERR,ERR,ERR,ERR,ERR,ERR,ERR,ERR,ERR,ERR,ERR,ERR,ERR,ERR,ERR,ERR,ERR,ERR,ERR,ERR,ERR,ERR,ERR,ERR,ERR,ERR,ERR,ERR,ERR,ERR,ERR,ERR,ERR,ERR,ERR,ERR,ERR,ERR,ERR,ERR,ERR,ERR,ERR,ERR,ERR,ERR,ERR,ERR,ERR,ERR,ERR,ERR,ERR,ERR,ERR,ERR,ERR,ERR,ERR,ERR,ERR,ERR,ERR,ERR,ERR,ERR,ERR,ERR,ERR,ERR,ERR,ERR,ERR,ERR,ERR,ERR,ERR,0.0,0.0,-134474944.0,0.0,0.0,1.3936040501711995e+18,7.805,0.0,0,0,4,0,8422,0.0,45,0.0,0.0,0.0,0.0,0.0,0,0,0,0,0.0,0,0,0,0,0,0,0,0,0,0,0,0,0,0,0,0,0,0,0,0,0,0,0,0,0,0,0,0,0,0,0,0,0,38,14,7,45,65476,0,300,0,0,8,21553,0.0,-107605600.0,0.0,0.0,0.0,0.0,0.0,0.0,0.0,0.0,0.0,0.0,0.0,0.0,0.0,0.0,0.0,0.0,0.0,0.0,0.0,0.0,2.004,2.004,-0.0,0.0,0.0,0.0,0.0,0.0,4758.0,-2.4229855986892726e+24,0.0,0.0,0.0,0.0,2.718429300292151e+23,0.0,0.0,0.0,0.0,53,5.848083413016271e+35,-0.0,0.0,0.0,0.0,0.0,0.0,0.0,0.0,0,0,0,0.0,0.0,0.0,0.0,0.0,0.0,0.0,0.0,0.0,0.0,0.0,0.0,0.0,0.0,0.0,0.0,0,-107875648.0,53,0.0,106,-107614832.0,-107351008.0,ERR,ERR,ERR,ERR,ERR,ERR,ERR,ERR,ERR,ERR,ERR,ERR,ERR,ERR,ERR,ERR,ERR,ERR,ERR,ERR,ERR,ERR,ERR,ERR,ERR,ERR,ERR,ERR,ERR,ERR,ERR,ERR,ERR,ERR,ERR,ERR,ERR,ERR,ERR,ERR,ERR,ERR,ERR,ERR,ERR,ERR,ERR,ERR,ERR,ERR,ERR,ERR,ERR,ERR,ERR,ERR,ERR,ERR,ERR,ERR,ERR,ERR,ERR,ERR,ERR,ERR,ERR,50.0,60.0,100,0.0,0.0,0.0,0.0,0.0,0.0,0.0,0.0,0.0,0.0,0.0,0.0,0.0,0.0,0.0,0.0,61.6,73,14,65513,50,65476,0,300,0,0,8,20529,65476,0,0,26214,60.0,0.0,0.0,0.0,0.0,0.0
2026-05-17T18:55:54,ERR,ERR,ERR,ERR,ERR,ERR,ERR,ERR,ERR,ERR,ERR,ERR,ERR,ERR,ERR,ERR,ERR,ERR,ERR,ERR,ERR,ERR,ERR,ERR,ERR,ERR,ERR,ERR,ERR,ERR,ERR,ERR,ERR,ERR,ERR,ERR,ERR,ERR,ERR,ERR,ERR,ERR,ERR,ERR,ERR,ERR,ERR,ERR,ERR,ERR,ERR,ERR,ERR,ERR,ERR,ERR,ERR,ERR,ERR,ERR,ERR,ERR,ERR,ERR,ERR,ERR,ERR,ERR,ERR,ERR,ERR,ERR,ERR,ERR,ERR,ERR,ERR,ERR,ERR,ERR,ERR,ERR,ERR,ERR,ERR,ERR,ERR,ERR,ERR,ERR,ERR,ERR,ERR,ERR,ERR,ERR,ERR,ERR,ERR,ERR,ERR,ERR,ERR,ERR,ERR,ERR,ERR,ERR,ERR,ERR,ERR,ERR,ERR,ERR,ERR,ERR,ERR,ERR,ERR,ERR,ERR,ERR,ERR,ERR,ERR,0.0,0.0,-134474944.0,0.0,0.0,1.3936040501711995e+18,7.805,0.0,0,0,4,0,8422,0.0,45,0.0,0.0,0.0,0.0,0.0,0,0,0,0,0.0,0,0,0,0,0,0,0,0,0,0,0,0,0,0,0,0,0,0,0,0,0,0,0,0,0,0,0,0,0,0,0,0,0,38,14,7,45,65476,0,300,0,0,8,21553,0.0,-107605600.0,0.0,0.0,0.0,0.0,0.0,0.0,0.0,0.0,0.0,0.0,0.0,0.0,0.0,0.0,0.0,0.0,0.0,0.0,0.0,0.0,2.004,2.004,-2.004,0.0,0.0,0.0,0.0,0.0,4785.0,0.0,0.0,0.0,0.0,0.0,2.718429300292151e+23,0.0,0.0,0.0,0.0,53,3.222028592685471e+26,-4.9503976493857826e+32,0.0,0.0,0.0,0.0,0.0,0.0,0.0,0,0,0,0.0,0.0,0.0,0.0,0.0,0.0,0.0,0.0,0.0,0.0,0.0,0.0,0.0,0.0,0.0,0.0,0,-107875648.0,53,0.0,106,-107614832.0,0.0,ERR,ERR,ERR,ERR,ERR,ERR,ERR,ERR,ERR,ERR,ERR,ERR,ERR,ERR,ERR,ERR,ERR,ERR,ERR,ERR,ERR,ERR,ERR,ERR,ERR,ERR,ERR,ERR,ERR,ERR,ERR,ERR,ERR,ERR,ERR,ERR,ERR,ERR,ERR,ERR,ERR,ERR,ERR,ERR,ERR,ERR,ERR,ERR,ERR,ERR,ERR,ERR,ERR,ERR,ERR,ERR,ERR,ERR,ERR,ERR,ERR,ERR,ERR,ERR,ERR,ERR,ERR,50.0,60.0,100,0.0,0.0,0.0,0.0,0.0,0.0,0.0,0.0,0.0,0.0,0.0,0.0,0.0,0.0,0.0,0.0,61.6,73,14,65513,50,65476,0,300,0,0,8,20529,65476,0,0,26214,60.0,0.0,0.0,0.0,0.0,0.0
2026-05-17T18:55:55,ERR,ERR,ERR,ERR,ERR,ERR,ERR,ERR,ERR,ERR,ERR,ERR,ERR,ERR,ERR,ERR,ERR,ERR,ERR,ERR,ERR,ERR,ERR,ERR,ERR,ERR,ERR,ERR,ERR,ERR,ERR,ERR,ERR,ERR,ERR,ERR,ERR,ERR,ERR,ERR,ERR,ERR,ERR,ERR,ERR,ERR,ERR,ERR,ERR,ERR,ERR,ERR,ERR,ERR,ERR,ERR,ERR,ERR,ERR,ERR,ERR,ERR,ERR,ERR,ERR,ERR,ERR,ERR,ERR,ERR,ERR,ERR,ERR,ERR,ERR,ERR,ERR,ERR,ERR,ERR,ERR,ERR,ERR,ERR,ERR,ERR,ERR,ERR,ERR,ERR,ERR,ERR,ERR,ERR,ERR,ERR,ERR,ERR,ERR,ERR,ERR,ERR,ERR,ERR,ERR,ERR,ERR,ERR,ERR,ERR,ERR,ERR,ERR,ERR,ERR,ERR,ERR,ERR,ERR,ERR,ERR,ERR,ERR,ERR,ERR,0.0,0.0,-134474944.0,0.0,0.0,1.3936040501711995e+18,7.805,0.0,0,0,4,0,8422,0.0,45,0.0,0.0,0.0,0.0,0.0,0,0,0,0,0.0,0,0,0,0,0,0,0,0,0,0,0,0,0,0,0,0,0,0,0,0,0,0,0,0,0,0,0,0,0,0,0,0,0,38,14,7,45,65476,0,300,0,0,8,21553,0.0,-107605600.0,0.0,0.0,0.0,0.0,0.0,0.0,0.0,0.0,0.0,0.0,0.0,0.0,0.0,0.0,0.0,0.0,0.0,0.0,0.0,0.0,2.004,2.004,-2.004,0.0,0.0,0.0,0.0,0.0,4785.0,0.0,0.0,0.0,0.0,0.0,2.718429300292151e+23,0.0,0.0,0.0,0.0,53,3.222028592685471e+26,-4.9503976493857826e+32,0.0,0.0,0.0,0.0,0.0,0.0,0.0,0,0,0,0.0,0.0,0.0,0.0,0.0,0.0,0.0,0.0,0.0,0.0,0.0,0.0,0.0,0.0,0.0,0.0,0,-107875648.0,53,0.0,106,-107614832.0,0.0,ERR,ERR,ERR,ERR,ERR,ERR,ERR,ERR,ERR,ERR,ERR,ERR,ERR,ERR,ERR,ERR,ERR,ERR,ERR,ERR,ERR,ERR,ERR,ERR,ERR,ERR,ERR,ERR,ERR,ERR,ERR,ERR,ERR,ERR,ERR,ERR,ERR,ERR,ERR,ERR,ERR,ERR,ERR,ERR,ERR,ERR,ERR,ERR,ERR,ERR,ERR,ERR,ERR,ERR,ERR,ERR,ERR,ERR,ERR,ERR,ERR,ERR,ERR,ERR,ERR,ERR,ERR,50.0,60.0,100,0.0,0.0,0.0,0.0,0.0,0.0,0.0,0.0,0.0,0.0,0.0,0.0,0.0,0.0,0.0,0.0,62.0,73,14,65513,50,65476,0,300,0,0,8,20529,65476,0,0,26214,60.0,0.0,0.0,0.0,0.0,0.0
2026-05-17T18:55:56,ERR,ERR,ERR,ERR,ERR,ERR,ERR,ERR,ERR,ERR,ERR,ERR,ERR,ERR,ERR,ERR,ERR,ERR,ERR,ERR,ERR,ERR,ERR,ERR,ERR,ERR,ERR,ERR,ERR,ERR,ERR,ERR,ERR,ERR,ERR,ERR,ERR,ERR,ERR,ERR,ERR,ERR,ERR,ERR,ERR,ERR,ERR,ERR,ERR,ERR,ERR,ERR,ERR,ERR,ERR,ERR,ERR,ERR,ERR,ERR,ERR,ERR,ERR,ERR,ERR,ERR,ERR,ERR,ERR,ERR,ERR,ERR,ERR,ERR,ERR,ERR,ERR,ERR,ERR,ERR,ERR,ERR,ERR,ERR,ERR,ERR,ERR,ERR,ERR,ERR,ERR,ERR,ERR,ERR,ERR,ERR,ERR,ERR,ERR,ERR,ERR,ERR,ERR,ERR,ERR,ERR,ERR,ERR,ERR,ERR,ERR,ERR,ERR,ERR,ERR,ERR,ERR,ERR,ERR,ERR,ERR,ERR,ERR,ERR,ERR,0.0,0.0,-134474944.0,0.0,0.0,1.3936040501711995e+18,7.805,0.0,0,0,4,0,8422,0.0,45,0.0,0.0,0.0,0.0,0.0,0,0,0,0,0.0,0,0,0,0,0,0,0,0,0,0,0,0,0,0,0,0,0,0,0,0,0,0,0,0,0,0,0,0,0,0,0,0,0,38,14,7,45,65476,0,300,0,0,8,21553,0.0,-107605600.0,0.0,0.0,0.0,0.0,0.0,0.0,0.0,0.0,0.0,0.0,0.0,0.0,0.0,0.0,0.0,0.0,0.0,0.0,0.0,0.0,2.004,2.004,-2.004,0.0,0.0,0.0,0.0,0.0,4785.0,0.0,0.0,0.0,0.0,0.0,2.718429300292151e+23,0.0,0.0,0.0,0.0,53,3.222028592685471e+26,-4.9503976493857826e+32,0.0,0.0,0.0,0.0,0.0,0.0,0.0,0,0,0,0.0,0.0,0.0,0.0,0.0,0.0,0.0,0.0,0.0,0.0,0.0,0.0,0.0,0.0,0.0,0.0,0,-107875648.0,53,0.0,106,-107614832.0,0.0,ERR,ERR,ERR,ERR,ERR,ERR,ERR,ERR,ERR,ERR,ERR,ERR,ERR,ERR,ERR,ERR,ERR,ERR,ERR,ERR,ERR,ERR,ERR,ERR,ERR,ERR,ERR,ERR,ERR,ERR,ERR,ERR,ERR,ERR,ERR,ERR,ERR,ERR,ERR,ERR,ERR,ERR,ERR,ERR,ERR,ERR,ERR,ERR,ERR,ERR,ERR,ERR,ERR,ERR,ERR,ERR,ERR,ERR,ERR,ERR,ERR,ERR,ERR,ERR,ERR,ERR,ERR,50.0,60.0,100,0.0,0.0,0.0,0.0,0.0,0.0,0.0,0.0,0.0,0.0,0.0,0.0,0.0,0.0,0.0,0.0,62.0,73,14,65513,50,65476,0,300,0,0,8,20529,65476,0,0,26214,60.0,0.0,0.0,0.0,0.0,0.0
2026-05-17T18:55:57,ERR,ERR,ERR,ERR,ERR,ERR,ERR,ERR,ERR,ERR,ERR,ERR,ERR,ERR,ERR,ERR,ERR,ERR,ERR,ERR,ERR,ERR,ERR,ERR,ERR,ERR,ERR,ERR,ERR,ERR,ERR,ERR,ERR,ERR,ERR,ERR,ERR,ERR,ERR,ERR,ERR,ERR,ERR,ERR,ERR,ERR,ERR,ERR,ERR,ERR,ERR,ERR,ERR,ERR,ERR,ERR,ERR,ERR,ERR,ERR,ERR,ERR,ERR,ERR,ERR,ERR,ERR,ERR,ERR,ERR,ERR,ERR,ERR,ERR,ERR,ERR,ERR,ERR,ERR,ERR,ERR,ERR,ERR,ERR,ERR,ERR,ERR,ERR,ERR,ERR,ERR,ERR,ERR,ERR,ERR,ERR,ERR,ERR,ERR,ERR,ERR,ERR,ERR,ERR,ERR,ERR,ERR,ERR,ERR,ERR,ERR,ERR,ERR,ERR,ERR,ERR,ERR,ERR,ERR,ERR,ERR,ERR,ERR,ERR,ERR,0.0,0.0,-134474944.0,0.0,0.0,1.3936040501711995e+18,7.805,0.0,0,0,4,0,8422,0.0,45,0.0,0.0,0.0,0.0,0.0,0,0,0,0,0.0,0,0,0,0,0,0,0,0,0,0,0,0,0,0,0,0,0,0,0,0,0,0,0,0,0,0,0,0,0,0,0,0,0,38,14,7,45,65476,0,300,0,0,8,21553,0.0,-107605600.0,0.0,0.0,0.0,0.0,0.0,0.0,0.0,0.0,0.0,0.0,0.0,0.0,0.0,0.0,0.0,0.0,0.0,0.0,0.0,0.0,2.004,2.004,-2.004,0.0,0.0,0.0,0.0,0.0,4785.0,0.0,0.0,0.0,0.0,0.0,2.718429300292151e+23,0.0,0.0,0.0,0.0,53,3.222028592685471e+26,-4.9503976493857826e+32,0.0,0.0,0.0,0.0,0.0,0.0,0.0,0,0,0,0.0,0.0,0.0,0.0,0.0,0.0,0.0,0.0,0.0,0.0,0.0,0.0,0.0,0.0,0.0,0.0,0,-107875648.0,53,0.0,106,-107614832.0,0.0,ERR,ERR,ERR,ERR,ERR,ERR,ERR,ERR,ERR,ERR,ERR,ERR,ERR,ERR,ERR,ERR,ERR,ERR,ERR,ERR,ERR,ERR,ERR,ERR,ERR,ERR,ERR,ERR,ERR,ERR,ERR,ERR,ERR,ERR,ERR,ERR,ERR,ERR,ERR,ERR,ERR,ERR,ERR,ERR,ERR,ERR,ERR,ERR,ERR,ERR,ERR,ERR,ERR,ERR,ERR,ERR,ERR,ERR,ERR,ERR,ERR,ERR,ERR,ERR,ERR,ERR,ERR,50.0,60.0,100,0.0,0.0,0.0,0.0,0.0,0.0,0.0,0.0,0.0,0.0,0.0,0.0,0.0,0.0,0.0,0.0,61.6,73,14,65513,50,65476,0,300,0,0,8,20529,65476,0,0,26214,60.0,0.0,0.0,0.0,0.0,0.0
2026-05-17T18:55:58,ERR,ERR,ERR,ERR,ERR,ERR,ERR,ERR,ERR,ERR,ERR,ERR,ERR,ERR,ERR,ERR,ERR,ERR,ERR,ERR,ERR,ERR,ERR,ERR,ERR,ERR,ERR,ERR,ERR,ERR,ERR,ERR,ERR,ERR,ERR,ERR,ERR,ERR,ERR,ERR,ERR,ERR,ERR,ERR,ERR,ERR,ERR,ERR,ERR,ERR,ERR,ERR,ERR,ERR,ERR,ERR,ERR,ERR,ERR,ERR,ERR,ERR,ERR,ERR,ERR,ERR,ERR,ERR,ERR,ERR,ERR,ERR,ERR,ERR,ERR,ERR,ERR,ERR,ERR,ERR,ERR,ERR,ERR,ERR,ERR,ERR,ERR,ERR,ERR,ERR,ERR,ERR,ERR,ERR,ERR,ERR,ERR,ERR,ERR,ERR,ERR,ERR,ERR,ERR,ERR,ERR,ERR,ERR,ERR,ERR,ERR,ERR,ERR,ERR,ERR,ERR,ERR,ERR,ERR,ERR,ERR,ERR,ERR,ERR,ERR,0.0,0.0,-134474944.0,0.0,0.0,1.3936040501711995e+18,7.805,0.0,0,0,4,0,8422,0.0,45,0.0,0.0,0.0,0.0,0.0,0,0,0,0,0.0,0,0,0,0,0,0,0,0,0,0,0,0,0,0,0,0,0,0,0,0,0,0,0,0,0,0,0,0,0,0,0,0,0,38,14,7,45,65476,0,300,0,0,8,21553,0.0,-107605600.0,0.0,0.0,0.0,0.0,0.0,0.0,0.0,0.0,0.0,0.0,0.0,0.0,0.0,0.0,0.0,0.0,0.0,0.0,0.0,0.0,2.004,2.004,-2.004,0.0,0.0,0.0,0.0,0.0,4785.0,0.0,0.0,0.0,0.0,0.0,2.718429300292151e+23,0.0,0.0,0.0,0.0,53,3.222028592685471e+26,-4.9503976493857826e+32,0.0,0.0,0.0,0.0,0.0,0.0,0.0,0,0,0,0.0,0.0,0.0,0.0,0.0,0.0,0.0,0.0,0.0,0.0,0.0,0.0,0.0,0.0,0.0,0.0,0,-107875648.0,53,0.0,106,-107614832.0,0.0,ERR,ERR,ERR,ERR,ERR,ERR,ERR,ERR,ERR,ERR,ERR,ERR,ERR,ERR,ERR,ERR,ERR,ERR,ERR,ERR,ERR,ERR,ERR,ERR,ERR,ERR,ERR,ERR,ERR,ERR,ERR,ERR,ERR,ERR,ERR,ERR,ERR,ERR,ERR,ERR,ERR,ERR,ERR,ERR,ERR,ERR,ERR,ERR,ERR,ERR,ERR,ERR,ERR,ERR,ERR,ERR,ERR,ERR,ERR,ERR,ERR,ERR,ERR,ERR,ERR,ERR,ERR,50.0,60.0,100,0.0,0.0,0.0,0.0,0.0,0.0,0.0,0.0,0.0,0.0,0.0,0.0,0.0,0.0,0.0,0.0,61.6,73,14,65513,50,65476,0,300,0,0,8,20529,65476,0,0,26214,60.0,0.0,0.0,0.0,0.0,0.0
2026-05-17T18:55:59,ERR,ERR,ERR,ERR,ERR,ERR,ERR,ERR,ERR,ERR,ERR,ERR,ERR,ERR,ERR,ERR,ERR,ERR,ERR,ERR,ERR,ERR,ERR,ERR,ERR,ERR,ERR,ERR,ERR,ERR,ERR,ERR,ERR,ERR,ERR,ERR,ERR,ERR,ERR,ERR,ERR,ERR,ERR,ERR,ERR,ERR,ERR,ERR,ERR,ERR,ERR,ERR,ERR,ERR,ERR,ERR,ERR,ERR,ERR,ERR,ERR,ERR,ERR,ERR,ERR,ERR,ERR,ERR,ERR,ERR,ERR,ERR,ERR,ERR,ERR,ERR,ERR,ERR,ERR,ERR,ERR,ERR,ERR,ERR,ERR,ERR,ERR,ERR,ERR,ERR,ERR,ERR,ERR,ERR,ERR,ERR,ERR,ERR,ERR,ERR,ERR,ERR,ERR,ERR,ERR,ERR,ERR,ERR,ERR,ERR,ERR,ERR,ERR,ERR,ERR,ERR,ERR,ERR,ERR,ERR,ERR,ERR,ERR,ERR,ERR,0.0,0.0,-134474944.0,0.0,0.0,1.3936040501711995e+18,7.805,0.0,0,0,4,0,8422,0.0,45,0.0,0.0,0.0,0.0,0.0,0,0,0,0,0.0,0,0,0,0,0,0,0,0,0,0,0,0,0,0,0,0,0,0,0,0,0,0,0,0,0,0,0,0,0,0,0,0,0,38,14,7,45,65476,0,300,0,0,8,21553,0.0,-107605600.0,0.0,0.0,0.0,0.0,0.0,0.0,0.0,0.0,0.0,0.0,0.0,0.0,0.0,0.0,0.0,0.0,0.0,0.0,0.0,0.0,2.004,2.004,-2.004,0.0,0.0,0.0,0.0,0.0,4787.0,564145363615744.0,0.0,0.0,0.0,0.0,2.718429300292151e+23,0.0,0.0,0.0,0.0,53,3.222028592685471e+26,1.905684376578949e+17,0.0,0.0,0.0,0.0,0.0,0.0,0.0,0,0,0,0.0,0.0,0.0,0.0,0.0,0.0,0.0,0.0,0.0,0.0,0.0,0.0,0.0,0.0,0.0,0.0,0,-107875648.0,53,0.0,106,-107614832.0,-107351008.0,ERR,ERR,ERR,ERR,ERR,ERR,ERR,ERR,ERR,ERR,ERR,ERR,ERR,ERR,ERR,ERR,ERR,ERR,ERR,ERR,ERR,ERR,ERR,ERR,ERR,ERR,ERR,ERR,ERR,ERR,ERR,ERR,ERR,ERR,ERR,ERR,ERR,ERR,ERR,ERR,ERR,ERR,ERR,ERR,ERR,ERR,ERR,ERR,ERR,ERR,ERR,ERR,ERR,ERR,ERR,ERR,ERR,ERR,ERR,ERR,ERR,ERR,ERR,ERR,ERR,ERR,ERR,50.0,60.0,100,0.0,0.0,0.0,0.0,0.0,0.0,0.0,0.0,0.0,0.0,0.0,0.0,0.0,0.0,0.0,0.0,62.0,73,14,65513,50,65476,0,300,0,0,8,20529,65476,0,0,26214,60.0,0.0,0.0,0.0,0.0,0.0
2026-05-17T18:56:00,ERR,ERR,ERR,ERR,ERR,ERR,ERR,ERR,ERR,ERR,ERR,ERR,ERR,ERR,ERR,ERR,ERR,ERR,ERR,ERR,ERR,ERR,ERR,ERR,ERR,ERR,ERR,ERR,ERR,ERR,ERR,ERR,ERR,ERR,ERR,ERR,ERR,ERR,ERR,ERR,ERR,ERR,ERR,ERR,ERR,ERR,ERR,ERR,ERR,ERR,ERR,ERR,ERR,ERR,ERR,ERR,ERR,ERR,ERR,ERR,ERR,ERR,ERR,ERR,ERR,ERR,ERR,ERR,ERR,ERR,ERR,ERR,ERR,ERR,ERR,ERR,ERR,ERR,ERR,ERR,ERR,ERR,ERR,ERR,ERR,ERR,ERR,ERR,ERR,ERR,ERR,ERR,ERR,ERR,ERR,ERR,ERR,ERR,ERR,ERR,ERR,ERR,ERR,ERR,ERR,ERR,ERR,ERR,ERR,ERR,ERR,ERR,ERR,ERR,ERR,ERR,ERR,ERR,ERR,ERR,ERR,ERR,ERR,ERR,ERR,0.0,0.0,-134474944.0,0.0,0.0,1.3936040501711995e+18,7.805,0.0,0,0,4,0,8422,0.0,45,0.0,0.0,0.0,0.0,0.0,0,0,0,0,0.0,0,0,0,0,0,0,0,0,0,0,0,0,0,0,0,0,0,0,0,0,0,0,0,0,0,0,0,0,0,0,0,0,0,38,14,7,45,65476,0,300,0,0,8,21553,0.0,-107605600.0,0.0,0.0,0.0,0.0,0.0,0.0,0.0,0.0,0.0,0.0,0.0,0.0,0.0,0.0,0.0,0.0,0.0,0.0,0.0,0.0,2.004,2.004,-2.004,0.0,0.0,0.0,0.0,0.0,4787.0,564145363615744.0,0.0,0.0,0.0,0.0,2.718429300292151e+23,0.0,0.0,0.0,0.0,53,3.222028592685471e+26,1.905684376578949e+17,0.0,0.0,0.0,0.0,0.0,0.0,0.0,0,0,0,0.0,0.0,0.0,0.0,0.0,0.0,0.0,0.0,0.0,0.0,0.0,0.0,0.0,0.0,0.0,0.0,0,-107875648.0,53,0.0,106,-107614832.0,-107351008.0,ERR,ERR,ERR,ERR,ERR,ERR,ERR,ERR,ERR,ERR,ERR,ERR,ERR,ERR,ERR,ERR,ERR,ERR,ERR,ERR,ERR,ERR,ERR,ERR,ERR,ERR,ERR,ERR,ERR,ERR,ERR,ERR,ERR,ERR,ERR,ERR,ERR,ERR,ERR,ERR,ERR,ERR,ERR,ERR,ERR,ERR,ERR,ERR,ERR,ERR,ERR,ERR,ERR,ERR,ERR,ERR,ERR,ERR,ERR,ERR,ERR,ERR,ERR,ERR,ERR,ERR,ERR,50.0,60.0,100,0.0,0.0,0.0,0.0,0.0,0.0,0.0,0.0,0.0,0.0,0.0,0.0,0.0,0.0,0.0,0.0,62.0,73,14,65513,50,65476,0,300,0,0,8,20529,65476,0,0,26214,60.0,0.0,0.0,0.0,0.0,0.0
2026-05-17T18:56:01,ERR,ERR,ERR,ERR,ERR,ERR,ERR,ERR,ERR,ERR,ERR,ERR,ERR,ERR,ERR,ERR,ERR,ERR,ERR,ERR,ERR,ERR,ERR,ERR,ERR,ERR,ERR,ERR,ERR,ERR,ERR,ERR,ERR,ERR,ERR,ERR,ERR,ERR,ERR,ERR,ERR,ERR,ERR,ERR,ERR,ERR,ERR,ERR,ERR,ERR,ERR,ERR,ERR,ERR,ERR,ERR,ERR,ERR,ERR,ERR,ERR,ERR,ERR,ERR,ERR,ERR,ERR,ERR,ERR,ERR,ERR,ERR,ERR,ERR,ERR,ERR,ERR,ERR,ERR,ERR,ERR,ERR,ERR,ERR,ERR,ERR,ERR,ERR,ERR,ERR,ERR,ERR,ERR,ERR,ERR,ERR,ERR,ERR,ERR,ERR,ERR,ERR,ERR,ERR,ERR,ERR,ERR,ERR,ERR,ERR,ERR,ERR,ERR,ERR,ERR,ERR,ERR,ERR,ERR,ERR,ERR,ERR,ERR,ERR,ERR,0.0,0.0,-134474944.0,0.0,0.0,1.3936040501711995e+18,7.805,0.0,0,0,4,0,8422,0.0,45,0.0,0.0,0.0,0.0,0.0,0,0,0,0,0.0,0,0,0,0,0,0,0,0,0,0,0,0,0,0,0,0,0,0,0,0,0,0,0,0,0,0,0,0,0,0,0,0,0,38,14,7,45,65476,0,300,0,0,8,21553,0.0,-107605600.0,0.0,0.0,0.0,0.0,0.0,0.0,0.0,0.0,0.0,0.0,0.0,0.0,0.0,0.0,0.0,0.0,0.0,0.0,0.0,0.0,2.004,2.004,-2.004,0.0,0.0,0.0,0.0,0.0,4787.0,564145363615744.0,0.0,0.0,0.0,0.0,2.718429300292151e+23,0.0,0.0,0.0,0.0,53,3.222028592685471e+26,1.905684376578949e+17,0.0,0.0,0.0,0.0,0.0,0.0,0.0,0,0,0,0.0,0.0,0.0,0.0,0.0,0.0,0.0,0.0,0.0,0.0,0.0,0.0,0.0,0.0,0.0,0.0,0,-107875648.0,53,0.0,106,-107614832.0,-107351008.0,ERR,ERR,ERR,ERR,ERR,ERR,ERR,ERR,ERR,ERR,ERR,ERR,ERR,ERR,ERR,ERR,ERR,ERR,ERR,ERR,ERR,ERR,ERR,ERR,ERR,ERR,ERR,ERR,ERR,ERR,ERR,ERR,ERR,ERR,ERR,ERR,ERR,ERR,ERR,ERR,ERR,ERR,ERR,ERR,ERR,ERR,ERR,ERR,ERR,ERR,ERR,ERR,ERR,ERR,ERR,ERR,ERR,ERR,ERR,ERR,ERR,ERR,ERR,ERR,ERR,ERR,ERR,50.0,60.0,100,0.0,0.0,0.0,0.0,0.0,0.0,0.0,0.0,0.0,0.0,0.0,0.0,0.0,0.0,0.0,0.0,61.6,73,14,65513,50,65476,0,300,0,0,8,20529,65476,0,0,26214,60.0,0.0,0.0,0.0,0.0,0.0
2026-05-17T18:56:02,ERR,ERR,ERR,ERR,ERR,ERR,ERR,ERR,ERR,ERR,ERR,ERR,ERR,ERR,ERR,ERR,ERR,ERR,ERR,ERR,ERR,ERR,ERR,ERR,ERR,ERR,ERR,ERR,ERR,ERR,ERR,ERR,ERR,ERR,ERR,ERR,ERR,ERR,ERR,ERR,ERR,ERR,ERR,ERR,ERR,ERR,ERR,ERR,ERR,ERR,ERR,ERR,ERR,ERR,ERR,ERR,ERR,ERR,ERR,ERR,ERR,ERR,ERR,ERR,ERR,ERR,ERR,ERR,ERR,ERR,ERR,ERR,ERR,ERR,ERR,ERR,ERR,ERR,ERR,ERR,ERR,ERR,ERR,ERR,ERR,ERR,ERR,ERR,ERR,ERR,ERR,ERR,ERR,ERR,ERR,ERR,ERR,ERR,ERR,ERR,ERR,ERR,ERR,ERR,ERR,ERR,ERR,ERR,ERR,ERR,ERR,ERR,ERR,ERR,ERR,ERR,ERR,ERR,ERR,ERR,ERR,ERR,ERR,ERR,ERR,0.0,0.0,-134474944.0,0.0,0.0,1.3936040501711995e+18,7.805,0.0,0,0,4,0,8422,0.0,45,0.0,0.0,0.0,0.0,0.0,0,0,0,0,0.0,0,0,0,0,0,0,0,0,0,0,0,0,0,0,0,0,0,0,0,0,0,0,0,0,0,0,0,0,0,0,0,0,0,38,14,7,45,65476,0,300,0,0,8,21553,0.0,-107605600.0,0.0,0.0,0.0,0.0,0.0,0.0,0.0,0.0,0.0,0.0,0.0,0.0,0.0,0.0,0.0,0.0,0.0,0.0,0.0,0.0,2.004,2.004,-2.004,0.0,0.0,0.0,0.0,0.0,4787.0,564145363615744.0,0.0,0.0,0.0,0.0,2.718429300292151e+23,0.0,0.0,0.0,0.0,53,3.222028592685471e+26,1.905684376578949e+17,0.0,0.0,0.0,0.0,0.0,0.0,0.0,0,0,0,0.0,0.0,0.0,0.0,0.0,0.0,0.0,0.0,0.0,0.0,0.0,0.0,0.0,0.0,0.0,0.0,0,-107875648.0,53,0.0,106,-107614832.0,-107351008.0,ERR,ERR,ERR,ERR,ERR,ERR,ERR,ERR,ERR,ERR,ERR,ERR,ERR,ERR,ERR,ERR,ERR,ERR,ERR,ERR,ERR,ERR,ERR,ERR,ERR,ERR,ERR,ERR,ERR,ERR,ERR,ERR,ERR,ERR,ERR,ERR,ERR,ERR,ERR,ERR,ERR,ERR,ERR,ERR,ERR,ERR,ERR,ERR,ERR,ERR,ERR,ERR,ERR,ERR,ERR,ERR,ERR,ERR,ERR,ERR,ERR,ERR,ERR,ERR,ERR,ERR,ERR,50.0,60.0,100,0.0,0.0,0.0,0.0,0.0,0.0,0.0,0.0,0.0,0.0,0.0,0.0,0.0,0.0,0.0,0.0,62.0,73,14,65513,50,65476,0,300,0,0,8,20529,65476,0,0,26214,60.0,0.0,0.0,0.0,0.0,0.0
2026-05-17T18:56:03,ERR,ERR,ERR,ERR,ERR,ERR,ERR,ERR,ERR,ERR,ERR,ERR,ERR,ERR,ERR,ERR,ERR,ERR,ERR,ERR,ERR,ERR,ERR,ERR,ERR,ERR,ERR,ERR,ERR,ERR,ERR,ERR,ERR,ERR,ERR,ERR,ERR,ERR,ERR,ERR,ERR,ERR,ERR,ERR,ERR,ERR,ERR,ERR,ERR,ERR,ERR,ERR,ERR,ERR,ERR,ERR,ERR,ERR,ERR,ERR,ERR,ERR,ERR,ERR,ERR,ERR,ERR,ERR,ERR,ERR,ERR,ERR,ERR,ERR,ERR,ERR,ERR,ERR,ERR,ERR,ERR,ERR,ERR,ERR,ERR,ERR,ERR,ERR,ERR,ERR,ERR,ERR,ERR,ERR,ERR,ERR,ERR,ERR,ERR,ERR,ERR,ERR,ERR,ERR,ERR,ERR,ERR,ERR,ERR,ERR,ERR,ERR,ERR,ERR,ERR,ERR,ERR,ERR,ERR,ERR,ERR,ERR,ERR,ERR,ERR,0.0,0.0,-134474944.0,0.0,0.0,1.3936040501711995e+18,7.805,0.0,0,0,4,0,8422,0.0,45,0.0,0.0,0.0,0.0,0.0,0,0,0,0,0.0,0,0,0,0,0,0,0,0,0,0,0,0,0,0,0,0,0,0,0,0,0,0,0,0,0,0,0,0,0,0,0,0,0,38,14,7,45,65476,0,300,0,0,8,21553,0.0,-107605600.0,0.0,0.0,0.0,0.0,0.0,0.0,0.0,0.0,0.0,0.0,0.0,0.0,0.0,0.0,0.0,0.0,0.0,0.0,0.0,0.0,2.004,2.004,-2.004,0.0,0.0,0.0,0.0,0.0,4787.0,564145363615744.0,0.0,0.0,0.0,0.0,2.718429300292151e+23,0.0,0.0,0.0,0.0,53,3.222028592685471e+26,1.905684376578949e+17,0.0,0.0,0.0,0.0,0.0,0.0,0.0,0,0,0,0.0,0.0,0.0,0.0,0.0,0.0,0.0,0.0,0.0,0.0,0.0,0.0,0.0,0.0,0.0,0.0,0,-107875648.0,53,0.0,106,-107614832.0,-107351008.0,ERR,ERR,ERR,ERR,ERR,ERR,ERR,ERR,ERR,ERR,ERR,ERR,ERR,ERR,ERR,ERR,ERR,ERR,ERR,ERR,ERR,ERR,ERR,ERR,ERR,ERR,ERR,ERR,ERR,ERR,ERR,ERR,ERR,ERR,ERR,ERR,ERR,ERR,ERR,ERR,ERR,ERR,ERR,ERR,ERR,ERR,ERR,ERR,ERR,ERR,ERR,ERR,ERR,ERR,ERR,ERR,ERR,ERR,ERR,ERR,ERR,ERR,ERR,ERR,ERR,ERR,ERR,50.0,60.0,100,0.0,0.0,0.0,0.0,0.0,0.0,0.0,0.0,0.0,0.0,0.0,0.0,0.0,0.0,0.0,0.0,62.0,73,14,65513,50,65476,0,300,0,0,8,20529,65476,0,0,26214,60.0,0.0,0.0,0.0,0.0,0.0
2026-05-17T18:56:04,ERR,ERR,ERR,ERR,ERR,ERR,ERR,ERR,ERR,ERR,ERR,ERR,ERR,ERR,ERR,ERR,ERR,ERR,ERR,ERR,ERR,ERR,ERR,ERR,ERR,ERR,ERR,ERR,ERR,ERR,ERR,ERR,ERR,ERR,ERR,ERR,ERR,ERR,ERR,ERR,ERR,ERR,ERR,ERR,ERR,ERR,ERR,ERR,ERR,ERR,ERR,ERR,ERR,ERR,ERR,ERR,ERR,ERR,ERR,ERR,ERR,ERR,ERR,ERR,ERR,ERR,ERR,ERR,ERR,ERR,ERR,ERR,ERR,ERR,ERR,ERR,ERR,ERR,ERR,ERR,ERR,ERR,ERR,ERR,ERR,ERR,ERR,ERR,ERR,ERR,ERR,ERR,ERR,ERR,ERR,ERR,ERR,ERR,ERR,ERR,ERR,ERR,ERR,ERR,ERR,ERR,ERR,ERR,ERR,ERR,ERR,ERR,ERR,ERR,ERR,ERR,ERR,ERR,ERR,ERR,ERR,ERR,ERR,ERR,ERR,0.0,0.0,-134474944.0,0.0,0.0,1.3936040501711995e+18,7.805,0.0,0,0,4,0,8422,0.0,45,0.0,0.0,0.0,0.0,0.0,0,0,0,0,0.0,0,0,0,0,0,0,0,0,0,0,0,0,0,0,0,0,0,0,0,0,0,0,0,0,0,0,0,0,0,0,0,0,0,38,14,7,45,65476,0,300,0,0,8,21553,0.0,-107605600.0,0.0,0.0,0.0,0.0,0.0,0.0,0.0,0.0,0.0,0.0,0.0,0.0,0.0,0.0,0.0,0.0,0.0,0.0,0.0,0.0,2.004,2.004,-2.004,0.0,0.0,0.0,0.0,0.0,4790.0,2.422985886919649e+24,0.0,0.0,0.0,-107615280.0,2.718429300292151e+23,0.0,0.0,0.0,0.0,53,-0.0,89220.492,0.0,0.0,0.0,0.0,0.0,0.0,0.0,0,0,0,0.0,0.0,0.0,0.0,0.0,0.0,0.0,0.0,0.0,0.0,0.0,0.0,0.0,0.0,0.0,0.0,0,-107875648.0,53,0.0,106,-107614832.0,-107351008.0,ERR,ERR,ERR,ERR,ERR,ERR,ERR,ERR,ERR,ERR,ERR,ERR,ERR,ERR,ERR,ERR,ERR,ERR,ERR,ERR,ERR,ERR,ERR,ERR,ERR,ERR,ERR,ERR,ERR,ERR,ERR,ERR,ERR,ERR,ERR,ERR,ERR,ERR,ERR,ERR,ERR,ERR,ERR,ERR,ERR,ERR,ERR,ERR,ERR,ERR,ERR,ERR,ERR,ERR,ERR,ERR,ERR,ERR,ERR,ERR,ERR,ERR,ERR,ERR,ERR,ERR,ERR,50.0,60.0,100,0.0,0.0,0.0,0.0,0.0,0.0,0.0,0.0,0.0,0.0,0.0,0.0,0.0,0.0,0.0,0.0,61.6,73,14,65513,50,65476,0,300,0,0,8,20529,65476,0,0,26214,60.0,0.0,0.0,0.0,0.0,0.0
2026-05-17T18:56:05,ERR,ERR,ERR,ERR,ERR,ERR,ERR,ERR,ERR,ERR,ERR,ERR,ERR,ERR,ERR,ERR,ERR,ERR,ERR,ERR,ERR,ERR,ERR,ERR,ERR,ERR,ERR,ERR,ERR,ERR,ERR,ERR,ERR,ERR,ERR,ERR,ERR,ERR,ERR,ERR,ERR,ERR,ERR,ERR,ERR,ERR,ERR,ERR,ERR,ERR,ERR,ERR,ERR,ERR,ERR,ERR,ERR,ERR,ERR,ERR,ERR,ERR,ERR,ERR,ERR,ERR,ERR,ERR,ERR,ERR,ERR,ERR,ERR,ERR,ERR,ERR,ERR,ERR,ERR,ERR,ERR,ERR,ERR,ERR,ERR,ERR,ERR,ERR,ERR,ERR,ERR,ERR,ERR,ERR,ERR,ERR,ERR,ERR,ERR,ERR,ERR,ERR,ERR,ERR,ERR,ERR,ERR,ERR,ERR,ERR,ERR,ERR,ERR,ERR,ERR,ERR,ERR,ERR,ERR,ERR,ERR,ERR,ERR,ERR,ERR,0.0,0.0,-134474944.0,0.0,0.0,1.3936040501711995e+18,7.805,0.0,0,0,4,0,8422,0.0,45,0.0,0.0,0.0,0.0,0.0,0,0,0,0,0.0,0,0,0,0,0,0,0,0,0,0,0,0,0,0,0,0,0,0,0,0,0,0,0,0,0,0,0,0,0,0,0,0,0,38,14,7,45,65476,0,300,0,0,8,21553,0.0,-107605600.0,0.0,0.0,0.0,0.0,0.0,0.0,0.0,0.0,0.0,0.0,0.0,0.0,0.0,0.0,0.0,0.0,0.0,0.0,0.0,0.0,2.004,2.004,-2.004,0.0,0.0,0.0,0.0,0.0,4790.0,2.422985886919649e+24,0.0,0.0,0.0,-107615280.0,2.718429300292151e+23,0.0,0.0,0.0,0.0,53,-0.0,89220.492,0.0,0.0,0.0,0.0,0.0,0.0,0.0,0,0,0,0.0,0.0,0.0,0.0,0.0,0.0,0.0,0.0,0.0,0.0,0.0,0.0,0.0,0.0,0.0,0.0,0,-107875648.0,53,0.0,106,-107614832.0,-107351008.0,ERR,ERR,ERR,ERR,ERR,ERR,ERR,ERR,ERR,ERR,ERR,ERR,ERR,ERR,ERR,ERR,ERR,ERR,ERR,ERR,ERR,ERR,ERR,ERR,ERR,ERR,ERR,ERR,ERR,ERR,ERR,ERR,ERR,ERR,ERR,ERR,ERR,ERR,ERR,ERR,ERR,ERR,ERR,ERR,ERR,ERR,ERR,ERR,ERR,ERR,ERR,ERR,ERR,ERR,ERR,ERR,ERR,ERR,ERR,ERR,ERR,ERR,ERR,ERR,ERR,ERR,ERR,50.0,60.0,100,0.0,0.0,0.0,0.0,0.0,0.0,0.0,0.0,0.0,0.0,0.0,0.0,0.0,0.0,0.0,0.0,61.6,73,14,65513,50,65476,0,300,0,0,8,20529,65476,0,0,26214,60.0,0.0,0.0,0.0,0.0,0.0
2026-05-17T18:56:06,ERR,ERR,ERR,ERR,ERR,ERR,ERR,ERR,ERR,ERR,ERR,ERR,ERR,ERR,ERR,ERR,ERR,ERR,ERR,ERR,ERR,ERR,ERR,ERR,ERR,ERR,ERR,ERR,ERR,ERR,ERR,ERR,ERR,ERR,ERR,ERR,ERR,ERR,ERR,ERR,ERR,ERR,ERR,ERR,ERR,ERR,ERR,ERR,ERR,ERR,ERR,ERR,ERR,ERR,ERR,ERR,ERR,ERR,ERR,ERR,ERR,ERR,ERR,ERR,ERR,ERR,ERR,ERR,ERR,ERR,ERR,ERR,ERR,ERR,ERR,ERR,ERR,ERR,ERR,ERR,ERR,ERR,ERR,ERR,ERR,ERR,ERR,ERR,ERR,ERR,ERR,ERR,ERR,ERR,ERR,ERR,ERR,ERR,ERR,ERR,ERR,ERR,ERR,ERR,ERR,ERR,ERR,ERR,ERR,ERR,ERR,ERR,ERR,ERR,ERR,ERR,ERR,ERR,ERR,ERR,ERR,ERR,ERR,ERR,ERR,0.0,0.0,-134474944.0,0.0,0.0,1.3936040501711995e+18,7.805,0.0,0,0,4,0,8422,0.0,45,0.0,0.0,0.0,0.0,0.0,0,0,0,0,0.0,0,0,0,0,0,0,0,0,0,0,0,0,0,0,0,0,0,0,0,0,0,0,0,0,0,0,0,0,0,0,0,0,0,38,14,7,45,65476,0,300,0,0,8,21553,0.0,-107605600.0,0.0,0.0,0.0,0.0,0.0,0.0,0.0,0.0,0.0,0.0,0.0,0.0,0.0,0.0,0.0,0.0,0.0,0.0,0.0,0.0,2.004,2.004,-2.004,0.0,0.0,0.0,0.0,0.0,4790.0,2.422985886919649e+24,0.0,0.0,0.0,-107615280.0,2.718429300292151e+23,0.0,0.0,0.0,0.0,53,-0.0,89220.492,0.0,0.0,0.0,0.0,0.0,0.0,0.0,0,0,0,0.0,0.0,0.0,0.0,0.0,0.0,0.0,0.0,0.0,0.0,0.0,0.0,0.0,0.0,0.0,0.0,0,-107875648.0,53,0.0,106,-107614832.0,-107351008.0,ERR,ERR,ERR,ERR,ERR,ERR,ERR,ERR,ERR,ERR,ERR,ERR,ERR,ERR,ERR,ERR,ERR,ERR,ERR,ERR,ERR,ERR,ERR,ERR,ERR,ERR,ERR,ERR,ERR,ERR,ERR,ERR,ERR,ERR,ERR,ERR,ERR,ERR,ERR,ERR,ERR,ERR,ERR,ERR,ERR,ERR,ERR,ERR,ERR,ERR,ERR,ERR,ERR,ERR,ERR,ERR,ERR,ERR,ERR,ERR,ERR,ERR,ERR,ERR,ERR,ERR,ERR,50.0,60.0,100,0.0,0.0,0.0,0.0,0.0,0.0,0.0,0.0,0.0,0.0,0.0,0.0,0.0,0.0,0.0,0.0,61.6,73,14,65513,50,65476,0,300,0,0,8,20529,65476,0,0,26214,60.0,0.0,0.0,0.0,0.0,0.0
2026-05-17T18:56:07,ERR,ERR,ERR,ERR,ERR,ERR,ERR,ERR,ERR,ERR,ERR,ERR,ERR,ERR,ERR,ERR,ERR,ERR,ERR,ERR,ERR,ERR,ERR,ERR,ERR,ERR,ERR,ERR,ERR,ERR,ERR,ERR,ERR,ERR,ERR,ERR,ERR,ERR,ERR,ERR,ERR,ERR,ERR,ERR,ERR,ERR,ERR,ERR,ERR,ERR,ERR,ERR,ERR,ERR,ERR,ERR,ERR,ERR,ERR,ERR,ERR,ERR,ERR,ERR,ERR,ERR,ERR,ERR,ERR,ERR,ERR,ERR,ERR,ERR,ERR,ERR,ERR,ERR,ERR,ERR,ERR,ERR,ERR,ERR,ERR,ERR,ERR,ERR,ERR,ERR,ERR,ERR,ERR,ERR,ERR,ERR,ERR,ERR,ERR,ERR,ERR,ERR,ERR,ERR,ERR,ERR,ERR,ERR,ERR,ERR,ERR,ERR,ERR,ERR,ERR,ERR,ERR,ERR,ERR,ERR,ERR,ERR,ERR,ERR,ERR,0.0,0.0,-134474944.0,0.0,0.0,1.3936040501711995e+18,7.805,0.0,0,0,4,0,8422,0.0,45,0.0,0.0,0.0,0.0,0.0,0,0,0,0,0.0,0,0,0,0,0,0,0,0,0,0,0,0,0,0,0,0,0,0,0,0,0,0,0,0,0,0,0,0,0,0,0,0,0,38,14,7,45,65476,0,300,0,0,8,21553,0.0,-107605600.0,0.0,0.0,0.0,0.0,0.0,0.0,0.0,0.0,0.0,0.0,0.0,0.0,0.0,0.0,0.0,0.0,0.0,0.0,0.0,0.0,2.004,2.004,-2.004,0.0,0.0,0.0,0.0,0.0,4790.0,2.422985886919649e+24,0.0,0.0,0.0,-107615280.0,2.718429300292151e+23,0.0,0.0,0.0,0.0,53,-0.0,89220.492,0.0,0.0,0.0,0.0,0.0,0.0,0.0,0,0,0,0.0,0.0,0.0,0.0,0.0,0.0,0.0,0.0,0.0,0.0,0.0,0.0,0.0,0.0,0.0,0.0,0,-107875648.0,53,0.0,106,-107614832.0,-107351008.0,ERR,ERR,ERR,ERR,ERR,ERR,ERR,ERR,ERR,ERR,ERR,ERR,ERR,ERR,ERR,ERR,ERR,ERR,ERR,ERR,ERR,ERR,ERR,ERR,ERR,ERR,ERR,ERR,ERR,ERR,ERR,ERR,ERR,ERR,ERR,ERR,ERR,ERR,ERR,ERR,ERR,ERR,ERR,ERR,ERR,ERR,ERR,ERR,ERR,ERR,ERR,ERR,ERR,ERR,ERR,ERR,ERR,ERR,ERR,ERR,ERR,ERR,ERR,ERR,ERR,ERR,ERR,50.0,60.0,100,0.0,0.0,0.0,0.0,0.0,0.0,0.0,0.0,0.0,0.0,0.0,0.0,0.0,0.0,0.0,0.0,61.6,73,14,65513,50,65476,0,300,0,0,8,20529,65476,0,0,26214,60.0,0.0,0.0,0.0,0.0,0.0
2026-05-17T18:56:08,ERR,ERR,ERR,ERR,ERR,ERR,ERR,ERR,ERR,ERR,ERR,ERR,ERR,ERR,ERR,ERR,ERR,ERR,ERR,ERR,ERR,ERR,ERR,ERR,ERR,ERR,ERR,ERR,ERR,ERR,ERR,ERR,ERR,ERR,ERR,ERR,ERR,ERR,ERR,ERR,ERR,ERR,ERR,ERR,ERR,ERR,ERR,ERR,ERR,ERR,ERR,ERR,ERR,ERR,ERR,ERR,ERR,ERR,ERR,ERR,ERR,ERR,ERR,ERR,ERR,ERR,ERR,ERR,ERR,ERR,ERR,ERR,ERR,ERR,ERR,ERR,ERR,ERR,ERR,ERR,ERR,ERR,ERR,ERR,ERR,ERR,ERR,ERR,ERR,ERR,ERR,ERR,ERR,ERR,ERR,ERR,ERR,ERR,ERR,ERR,ERR,ERR,ERR,ERR,ERR,ERR,ERR,ERR,ERR,ERR,ERR,ERR,ERR,ERR,ERR,ERR,ERR,ERR,ERR,ERR,ERR,ERR,ERR,ERR,ERR,0.0,0.0,-134474944.0,0.0,0.0,1.3936040501711995e+18,7.805,0.0,0,0,4,0,8422,0.0,45,0.0,0.0,0.0,0.0,0.0,0,0,0,0,0.0,0,0,0,0,0,0,0,0,0,0,0,0,0,0,0,0,0,0,0,0,0,0,0,0,0,0,0,0,0,0,0,0,0,38,14,7,45,65476,0,300,0,0,8,21553,0.0,-107605600.0,0.0,0.0,0.0,0.0,0.0,0.0,0.0,0.0,0.0,0.0,0.0,0.0,0.0,0.0,0.0,0.0,0.0,0.0,0.0,0.0,2.004,2.004,-2.004,0.0,0.0,0.0,0.0,0.0,4790.0,2.422985886919649e+24,0.0,0.0,0.0,-107615280.0,2.718429300292151e+23,0.0,0.0,0.0,0.0,53,-0.0,89220.492,0.0,0.0,0.0,0.0,0.0,0.0,0.0,0,0,0,0.0,0.0,0.0,0.0,0.0,0.0,0.0,0.0,0.0,0.0,0.0,0.0,0.0,0.0,0.0,0.0,0,-107875648.0,53,0.0,106,-107614832.0,-107351008.0,ERR,ERR,ERR,ERR,ERR,ERR,ERR,ERR,ERR,ERR,ERR,ERR,ERR,ERR,ERR,ERR,ERR,ERR,ERR,ERR,ERR,ERR,ERR,ERR,ERR,ERR,ERR,ERR,ERR,ERR,ERR,ERR,ERR,ERR,ERR,ERR,ERR,ERR,ERR,ERR,ERR,ERR,ERR,ERR,ERR,ERR,ERR,ERR,ERR,ERR,ERR,ERR,ERR,ERR,ERR,ERR,ERR,ERR,ERR,ERR,ERR,ERR,ERR,ERR,ERR,ERR,ERR,50.0,60.0,100,0.0,0.0,0.0,0.0,0.0,0.0,0.0,0.0,0.0,0.0,0.0,0.0,0.0,0.0,0.0,0.0,61.6,73,14,65513,50,65476,0,300,0,0,8,20529,65476,0,0,26214,60.0,0.0,0.0,0.0,0.0,0.0
2026-05-17T18:56:09,ERR,ERR,ERR,ERR,ERR,ERR,ERR,ERR,ERR,ERR,ERR,ERR,ERR,ERR,ERR,ERR,ERR,ERR,ERR,ERR,ERR,ERR,ERR,ERR,ERR,ERR,ERR,ERR,ERR,ERR,ERR,ERR,ERR,ERR,ERR,ERR,ERR,ERR,ERR,ERR,ERR,ERR,ERR,ERR,ERR,ERR,ERR,ERR,ERR,ERR,ERR,ERR,ERR,ERR,ERR,ERR,ERR,ERR,ERR,ERR,ERR,ERR,ERR,ERR,ERR,ERR,ERR,ERR,ERR,ERR,ERR,ERR,ERR,ERR,ERR,ERR,ERR,ERR,ERR,ERR,ERR,ERR,ERR,ERR,ERR,ERR,ERR,ERR,ERR,ERR,ERR,ERR,ERR,ERR,ERR,ERR,ERR,ERR,ERR,ERR,ERR,ERR,ERR,ERR,ERR,ERR,ERR,ERR,ERR,ERR,ERR,ERR,ERR,ERR,ERR,ERR,ERR,ERR,ERR,ERR,ERR,ERR,ERR,ERR,ERR,0.0,0.0,-134474944.0,0.0,0.0,1.3936040501711995e+18,7.805,0.0,0,0,4,0,8422,0.0,45,0.0,0.0,0.0,0.0,0.0,0,0,0,0,0.0,0,0,0,0,0,0,0,0,0,0,0,0,0,0,0,0,0,0,0,0,0,0,0,0,0,0,0,0,0,0,0,0,0,38,14,7,45,65476,0,300,0,0,8,21553,0.0,-107605600.0,0.0,0.0,0.0,0.0,0.0,0.0,0.0,0.0,0.0,0.0,0.0,0.0,0.0,0.0,0.0,0.0,0.0,0.0,0.0,0.0,2.004,2.004,-2.004,0.0,0.0,0.0,0.0,0.0,4790.0,2.422985886919649e+24,0.0,0.0,0.0,-107615280.0,2.718429300292151e+23,0.0,0.0,0.0,0.0,53,-0.0,89220.492,0.0,0.0,0.0,0.0,0.0,0.0,0.0,0,0,0,0.0,0.0,0.0,0.0,0.0,0.0,0.0,0.0,0.0,0.0,0.0,0.0,0.0,0.0,0.0,0.0,0,-107875648.0,53,0.0,106,-107614832.0,-107351008.0,ERR,ERR,ERR,ERR,ERR,ERR,ERR,ERR,ERR,ERR,ERR,ERR,ERR,ERR,ERR,ERR,ERR,ERR,ERR,ERR,ERR,ERR,ERR,ERR,ERR,ERR,ERR,ERR,ERR,ERR,ERR,ERR,ERR,ERR,ERR,ERR,ERR,ERR,ERR,ERR,ERR,ERR,ERR,ERR,ERR,ERR,ERR,ERR,ERR,ERR,ERR,ERR,ERR,ERR,ERR,ERR,ERR,ERR,ERR,ERR,ERR,ERR,ERR,ERR,ERR,ERR,ERR,50.0,60.0,100,0.0,0.0,0.0,0.0,0.0,0.0,0.0,0.0,0.0,0.0,0.0,0.0,0.0,0.0,0.0,0.0,62.0,73,14,65513,50,65476,0,300,0,0,8,20529,65476,0,0,26214,60.0,0.0,0.0,0.0,0.0,0.0
2026-05-17T18:56:10,ERR,ERR,ERR,ERR,ERR,ERR,ERR,ERR,ERR,ERR,ERR,ERR,ERR,ERR,ERR,ERR,ERR,ERR,ERR,ERR,ERR,ERR,ERR,ERR,ERR,ERR,ERR,ERR,ERR,ERR,ERR,ERR,ERR,ERR,ERR,ERR,ERR,ERR,ERR,ERR,ERR,ERR,ERR,ERR,ERR,ERR,ERR,ERR,ERR,ERR,ERR,ERR,ERR,ERR,ERR,ERR,ERR,ERR,ERR,ERR,ERR,ERR,ERR,ERR,ERR,ERR,ERR,ERR,ERR,ERR,ERR,ERR,ERR,ERR,ERR,ERR,ERR,ERR,ERR,ERR,ERR,ERR,ERR,ERR,ERR,ERR,ERR,ERR,ERR,ERR,ERR,ERR,ERR,ERR,ERR,ERR,ERR,ERR,ERR,ERR,ERR,ERR,ERR,ERR,ERR,ERR,ERR,ERR,ERR,ERR,ERR,ERR,ERR,ERR,ERR,ERR,ERR,ERR,ERR,ERR,ERR,ERR,ERR,ERR,ERR,0.0,0.0,-134474944.0,0.0,0.0,1.3936040501711995e+18,7.805,0.0,0,0,4,0,8422,0.0,45,0.0,0.0,0.0,0.0,0.0,0,0,0,0,0.0,0,0,0,0,0,0,0,0,0,0,0,0,0,0,0,0,0,0,0,0,0,0,0,0,0,0,0,0,0,0,0,0,0,38,14,7,45,65476,0,300,0,0,8,21553,0.0,-107605600.0,0.0,0.0,0.0,0.0,0.0,0.0,0.0,0.0,0.0,0.0,0.0,0.0,0.0,0.0,0.0,0.0,0.0,0.0,0.0,0.0,2.004,2.004,-2.004,0.0,0.0,0.0,0.0,0.0,4793.0,-0.0,0.0,0.0,0.0,0.0,2.718429300292151e+23,0.0,0.0,0.0,0.0,53,-0.0,4.066850257910686e+29,0.0,0.0,0.0,0.0,0.0,0.0,0.0,0,0,0,0.0,0.0,0.0,0.0,0.0,0.0,0.0,0.0,0.0,0.0,0.0,0.0,0.0,0.0,0.0,0.0,0,-107875648.0,53,0.0,106,-107614832.0,-107351008.0,ERR,ERR,ERR,ERR,ERR,ERR,ERR,ERR,ERR,ERR,ERR,ERR,ERR,ERR,ERR,ERR,ERR,ERR,ERR,ERR,ERR,ERR,ERR,ERR,ERR,ERR,ERR,ERR,ERR,ERR,ERR,ERR,ERR,ERR,ERR,ERR,ERR,ERR,ERR,ERR,ERR,ERR,ERR,ERR,ERR,ERR,ERR,ERR,ERR,ERR,ERR,ERR,ERR,ERR,ERR,ERR,ERR,ERR,ERR,ERR,ERR,ERR,ERR,ERR,ERR,ERR,ERR,50.0,60.0,100,0.0,0.0,0.0,0.0,0.0,0.0,0.0,0.0,0.0,0.0,0.0,0.0,0.0,0.0,0.0,0.0,62.0,73,14,65513,50,65476,0,300,0,0,8,20529,65476,0,0,26214,60.0,0.0,0.0,0.0,0.0,0.0
2026-05-17T18:56:11,ERR,ERR,ERR,ERR,ERR,ERR,ERR,ERR,ERR,ERR,ERR,ERR,ERR,ERR,ERR,ERR,ERR,ERR,ERR,ERR,ERR,ERR,ERR,ERR,ERR,ERR,ERR,ERR,ERR,ERR,ERR,ERR,ERR,ERR,ERR,ERR,ERR,ERR,ERR,ERR,ERR,ERR,ERR,ERR,ERR,ERR,ERR,ERR,ERR,ERR,ERR,ERR,ERR,ERR,ERR,ERR,ERR,ERR,ERR,ERR,ERR,ERR,ERR,ERR,ERR,ERR,ERR,ERR,ERR,ERR,ERR,ERR,ERR,ERR,ERR,ERR,ERR,ERR,ERR,ERR,ERR,ERR,ERR,ERR,ERR,ERR,ERR,ERR,ERR,ERR,ERR,ERR,ERR,ERR,ERR,ERR,ERR,ERR,ERR,ERR,ERR,ERR,ERR,ERR,ERR,ERR,ERR,ERR,ERR,ERR,ERR,ERR,ERR,ERR,ERR,ERR,ERR,ERR,ERR,ERR,ERR,ERR,ERR,ERR,ERR,0.0,0.0,-134474944.0,0.0,0.0,1.3936040501711995e+18,7.805,0.0,0,0,4,0,8422,0.0,45,0.0,0.0,0.0,0.0,0.0,0,0,0,0,0.0,0,0,0,0,0,0,0,0,0,0,0,0,0,0,0,0,0,0,0,0,0,0,0,0,0,0,0,0,0,0,0,0,0,38,14,7,45,65476,0,300,0,0,8,21553,0.0,-107605600.0,0.0,0.0,0.0,0.0,0.0,0.0,0.0,0.0,0.0,0.0,0.0,0.0,0.0,0.0,0.0,0.0,0.0,0.0,0.0,0.0,2.004,2.004,-2.004,0.0,0.0,0.0,0.0,0.0,4793.0,-0.0,0.0,0.0,0.0,0.0,2.718429300292151e+23,0.0,0.0,0.0,0.0,53,-0.0,4.066850257910686e+29,0.0,0.0,0.0,0.0,0.0,0.0,0.0,0,0,0,0.0,0.0,0.0,0.0,0.0,0.0,0.0,0.0,0.0,0.0,0.0,0.0,0.0,0.0,0.0,0.0,0,-107875648.0,53,0.0,106,-107614832.0,-107351008.0,ERR,ERR,ERR,ERR,ERR,ERR,ERR,ERR,ERR,ERR,ERR,ERR,ERR,ERR,ERR,ERR,ERR,ERR,ERR,ERR,ERR,ERR,ERR,ERR,ERR,ERR,ERR,ERR,ERR,ERR,ERR,ERR,ERR,ERR,ERR,ERR,ERR,ERR,ERR,ERR,ERR,ERR,ERR,ERR,ERR,ERR,ERR,ERR,ERR,ERR,ERR,ERR,ERR,ERR,ERR,ERR,ERR,ERR,ERR,ERR,ERR,ERR,ERR,ERR,ERR,ERR,ERR,50.0,60.0,100,0.0,0.0,0.0,0.0,0.0,0.0,0.0,0.0,0.0,0.0,0.0,0.0,0.0,0.0,0.0,0.0,61.6,73,14,65513,50,65476,0,300,0,0,8,20529,65476,0,0,26214,60.0,0.0,0.0,0.0,0.0,0.0
2026-05-17T18:56:12,ERR,ERR,ERR,ERR,ERR,ERR,ERR,ERR,ERR,ERR,ERR,ERR,ERR,ERR,ERR,ERR,ERR,ERR,ERR,ERR,ERR,ERR,ERR,ERR,ERR,ERR,ERR,ERR,ERR,ERR,ERR,ERR,ERR,ERR,ERR,ERR,ERR,ERR,ERR,ERR,ERR,ERR,ERR,ERR,ERR,ERR,ERR,ERR,ERR,ERR,ERR,ERR,ERR,ERR,ERR,ERR,ERR,ERR,ERR,ERR,ERR,ERR,ERR,ERR,ERR,ERR,ERR,ERR,ERR,ERR,ERR,ERR,ERR,ERR,ERR,ERR,ERR,ERR,ERR,ERR,ERR,ERR,ERR,ERR,ERR,ERR,ERR,ERR,ERR,ERR,ERR,ERR,ERR,ERR,ERR,ERR,ERR,ERR,ERR,ERR,ERR,ERR,ERR,ERR,ERR,ERR,ERR,ERR,ERR,ERR,ERR,ERR,ERR,ERR,ERR,ERR,ERR,ERR,ERR,ERR,ERR,ERR,ERR,ERR,ERR,0.0,0.0,-134474944.0,0.0,0.0,1.3936040501711995e+18,7.805,0.0,0,0,4,0,8422,0.0,45,0.0,0.0,0.0,0.0,0.0,0,0,0,0,0.0,0,0,0,0,0,0,0,0,0,0,0,0,0,0,0,0,0,0,0,0,0,0,0,0,0,0,0,0,0,0,0,0,0,38,14,7,45,65476,0,300,0,0,8,21553,0.0,-107605600.0,0.0,0.0,0.0,0.0,0.0,0.0,0.0,0.0,0.0,0.0,0.0,0.0,0.0,0.0,0.0,0.0,0.0,0.0,0.0,0.0,2.004,2.004,-2.004,0.0,0.0,0.0,0.0,0.0,4793.0,-0.0,0.0,0.0,0.0,0.0,2.718429300292151e+23,0.0,0.0,0.0,0.0,53,-0.0,4.066850257910686e+29,0.0,0.0,0.0,0.0,0.0,0.0,0.0,0,0,0,0.0,0.0,0.0,0.0,0.0,0.0,0.0,0.0,0.0,0.0,0.0,0.0,0.0,0.0,0.0,0.0,0,-107875648.0,53,0.0,106,-107614832.0,-107351008.0,ERR,ERR,ERR,ERR,ERR,ERR,ERR,ERR,ERR,ERR,ERR,ERR,ERR,ERR,ERR,ERR,ERR,ERR,ERR,ERR,ERR,ERR,ERR,ERR,ERR,ERR,ERR,ERR,ERR,ERR,ERR,ERR,ERR,ERR,ERR,ERR,ERR,ERR,ERR,ERR,ERR,ERR,ERR,ERR,ERR,ERR,ERR,ERR,ERR,ERR,ERR,ERR,ERR,ERR,ERR,ERR,ERR,ERR,ERR,ERR,ERR,ERR,ERR,ERR,ERR,ERR,ERR,50.0,60.0,100,0.0,0.0,0.0,0.0,0.0,0.0,0.0,0.0,0.0,0.0,0.0,0.0,0.0,0.0,0.0,0.0,61.6,73,14,65513,50,65476,0,300,0,0,8,20529,65476,0,0,26214,60.0,0.0,0.0,0.0,0.0,0.0
2026-05-17T18:56:13,ERR,ERR,ERR,ERR,ERR,ERR,ERR,ERR,ERR,ERR,ERR,ERR,ERR,ERR,ERR,ERR,ERR,ERR,ERR,ERR,ERR,ERR,ERR,ERR,ERR,ERR,ERR,ERR,ERR,ERR,ERR,ERR,ERR,ERR,ERR,ERR,ERR,ERR,ERR,ERR,ERR,ERR,ERR,ERR,ERR,ERR,ERR,ERR,ERR,ERR,ERR,ERR,ERR,ERR,ERR,ERR,ERR,ERR,ERR,ERR,ERR,ERR,ERR,ERR,ERR,ERR,ERR,ERR,ERR,ERR,ERR,ERR,ERR,ERR,ERR,ERR,ERR,ERR,ERR,ERR,ERR,ERR,ERR,ERR,ERR,ERR,ERR,ERR,ERR,ERR,ERR,ERR,ERR,ERR,ERR,ERR,ERR,ERR,ERR,ERR,ERR,ERR,ERR,ERR,ERR,ERR,ERR,ERR,ERR,ERR,ERR,ERR,ERR,ERR,ERR,ERR,ERR,ERR,ERR,ERR,ERR,ERR,ERR,ERR,ERR,0.0,0.0,-134474944.0,0.0,0.0,1.3936040501711995e+18,7.805,0.0,0,0,4,0,8422,0.0,45,0.0,0.0,0.0,0.0,0.0,0,0,0,0,0.0,0,0,0,0,0,0,0,0,0,0,0,0,0,0,0,0,0,0,0,0,0,0,0,0,0,0,0,0,0,0,0,0,0,38,14,7,45,65476,0,300,0,0,8,21553,0.0,-107605600.0,0.0,0.0,0.0,0.0,0.0,0.0,0.0,0.0,0.0,0.0,0.0,0.0,0.0,0.0,0.0,0.0,0.0,0.0,0.0,0.0,2.004,2.004,-2.004,0.0,0.0,0.0,0.0,0.0,4793.0,-0.0,0.0,0.0,0.0,0.0,2.718429300292151e+23,0.0,0.0,0.0,0.0,53,-0.0,4.066850257910686e+29,0.0,0.0,0.0,0.0,0.0,0.0,0.0,0,0,0,0.0,0.0,0.0,0.0,0.0,0.0,0.0,0.0,0.0,0.0,0.0,0.0,0.0,0.0,0.0,0.0,0,-107875648.0,53,0.0,106,-107614832.0,-107351008.0,ERR,ERR,ERR,ERR,ERR,ERR,ERR,ERR,ERR,ERR,ERR,ERR,ERR,ERR,ERR,ERR,ERR,ERR,ERR,ERR,ERR,ERR,ERR,ERR,ERR,ERR,ERR,ERR,ERR,ERR,ERR,ERR,ERR,ERR,ERR,ERR,ERR,ERR,ERR,ERR,ERR,ERR,ERR,ERR,ERR,ERR,ERR,ERR,ERR,ERR,ERR,ERR,ERR,ERR,ERR,ERR,ERR,ERR,ERR,ERR,ERR,ERR,ERR,ERR,ERR,ERR,ERR,50.0,60.0,100,0.0,0.0,0.0,0.0,0.0,0.0,0.0,0.0,0.0,0.0,0.0,0.0,0.0,0.0,0.0,0.0,62.0,73,14,65513,50,65476,0,300,0,0,8,20529,65476,0,0,26214,60.0,0.0,0.0,0.0,0.0,0.0
2026-05-17T18:56:14,ERR,ERR,ERR,ERR,ERR,ERR,ERR,ERR,ERR,ERR,ERR,ERR,ERR,ERR,ERR,ERR,ERR,ERR,ERR,ERR,ERR,ERR,ERR,ERR,ERR,ERR,ERR,ERR,ERR,ERR,ERR,ERR,ERR,ERR,ERR,ERR,ERR,ERR,ERR,ERR,ERR,ERR,ERR,ERR,ERR,ERR,ERR,ERR,ERR,ERR,ERR,ERR,ERR,ERR,ERR,ERR,ERR,ERR,ERR,ERR,ERR,ERR,ERR,ERR,ERR,ERR,ERR,ERR,ERR,ERR,ERR,ERR,ERR,ERR,ERR,ERR,ERR,ERR,ERR,ERR,ERR,ERR,ERR,ERR,ERR,ERR,ERR,ERR,ERR,ERR,ERR,ERR,ERR,ERR,ERR,ERR,ERR,ERR,ERR,ERR,ERR,ERR,ERR,ERR,ERR,ERR,ERR,ERR,ERR,ERR,ERR,ERR,ERR,ERR,ERR,ERR,ERR,ERR,ERR,ERR,ERR,ERR,ERR,ERR,ERR,0.0,0.0,-134474944.0,0.0,0.0,1.3936040501711995e+18,7.805,0.0,0,0,4,0,8422,0.0,45,0.0,0.0,0.0,0.0,0.0,0,0,0,0,0.0,0,0,0,0,0,0,0,0,0,0,0,0,0,0,0,0,0,0,0,0,0,0,0,0,0,0,0,0,0,0,0,0,0,38,14,7,45,65476,0,300,0,0,8,21553,0.0,-107605600.0,0.0,0.0,0.0,0.0,0.0,0.0,0.0,0.0,0.0,0.0,0.0,0.0,0.0,0.0,0.0,0.0,0.0,0.0,0.0,0.0,2.004,2.004,-2.004,0.0,0.0,0.0,0.0,0.0,4793.0,-0.0,0.0,0.0,0.0,0.0,2.718429300292151e+23,0.0,0.0,0.0,0.0,53,-0.0,4.066850257910686e+29,0.0,0.0,0.0,0.0,0.0,0.0,0.0,0,0,0,0.0,0.0,0.0,0.0,0.0,0.0,0.0,0.0,0.0,0.0,0.0,0.0,0.0,0.0,0.0,0.0,0,-107875648.0,53,0.0,106,-107614832.0,-107351008.0,ERR,ERR,ERR,ERR,ERR,ERR,ERR,ERR,ERR,ERR,ERR,ERR,ERR,ERR,ERR,ERR,ERR,ERR,ERR,ERR,ERR,ERR,ERR,ERR,ERR,ERR,ERR,ERR,ERR,ERR,ERR,ERR,ERR,ERR,ERR,ERR,ERR,ERR,ERR,ERR,ERR,ERR,ERR,ERR,ERR,ERR,ERR,ERR,ERR,ERR,ERR,ERR,ERR,ERR,ERR,ERR,ERR,ERR,ERR,ERR,ERR,ERR,ERR,ERR,ERR,ERR,ERR,50.0,60.0,100,0.0,0.0,0.0,0.0,0.0,0.0,0.0,0.0,0.0,0.0,0.0,0.0,0.0,0.0,0.0,0.0,62.0,73,14,65513,50,65476,0,300,0,0,8,20529,65476,0,0,26214,60.0,0.0,0.0,0.0,0.0,0.0
2026-05-17T18:56:15,ERR,ERR,ERR,ERR,ERR,ERR,ERR,ERR,ERR,ERR,ERR,ERR,ERR,ERR,ERR,ERR,ERR,ERR,ERR,ERR,ERR,ERR,ERR,ERR,ERR,ERR,ERR,ERR,ERR,ERR,ERR,ERR,ERR,ERR,ERR,ERR,ERR,ERR,ERR,ERR,ERR,ERR,ERR,ERR,ERR,ERR,ERR,ERR,ERR,ERR,ERR,ERR,ERR,ERR,ERR,ERR,ERR,ERR,ERR,ERR,ERR,ERR,ERR,ERR,ERR,ERR,ERR,ERR,ERR,ERR,ERR,ERR,ERR,ERR,ERR,ERR,ERR,ERR,ERR,ERR,ERR,ERR,ERR,ERR,ERR,ERR,ERR,ERR,ERR,ERR,ERR,ERR,ERR,ERR,ERR,ERR,ERR,ERR,ERR,ERR,ERR,ERR,ERR,ERR,ERR,ERR,ERR,ERR,ERR,ERR,ERR,ERR,ERR,ERR,ERR,ERR,ERR,ERR,ERR,ERR,ERR,ERR,ERR,ERR,ERR,0.0,0.0,-134474944.0,0.0,0.0,1.3936040501711995e+18,7.805,0.0,0,0,4,0,8422,0.0,45,0.0,0.0,0.0,0.0,0.0,0,0,0,0,0.0,0,0,0,0,0,0,0,0,0,0,0,0,0,0,0,0,0,0,0,0,0,0,0,0,0,0,0,0,0,0,0,0,0,38,14,7,45,65476,0,300,0,0,8,21553,0.0,-107605600.0,0.0,0.0,0.0,0.0,0.0,0.0,0.0,0.0,0.0,0.0,0.0,0.0,0.0,0.0,0.0,0.0,0.0,0.0,0.0,0.0,2.004,2.004,-0.0,0.0,0.0,0.0,0.0,0.0,4788.0,-0.0,0.0,0.0,0.0,0.0,2.718429300292151e+23,0.0,0.0,0.0,0.0,53,4.950428597886765e+32,-0.0,0.0,0.0,0.0,0.0,0.0,0.0,0.0,0,0,0,0.0,0.0,0.0,0.0,0.0,0.0,0.0,0.0,0.0,0.0,0.0,0.0,0.0,0.0,0.0,0.0,0,-107875648.0,53,0.0,106,-107614832.0,0.0,ERR,ERR,ERR,ERR,ERR,ERR,ERR,ERR,ERR,ERR,ERR,ERR,ERR,ERR,ERR,ERR,ERR,ERR,ERR,ERR,ERR,ERR,ERR,ERR,ERR,ERR,ERR,ERR,ERR,ERR,ERR,ERR,ERR,ERR,ERR,ERR,ERR,ERR,ERR,ERR,ERR,ERR,ERR,ERR,ERR,ERR,ERR,ERR,ERR,ERR,ERR,ERR,ERR,ERR,ERR,ERR,ERR,ERR,ERR,ERR,ERR,ERR,ERR,ERR,ERR,ERR,ERR,50.0,60.0,100,0.0,0.0,0.0,0.0,0.0,0.0,0.0,0.0,0.0,0.0,0.0,0.0,0.0,0.0,0.0,0.0,62.0,73,14,65513,50,65476,0,300,0,0,8,20529,65476,0,0,26214,60.0,0.0,0.0,0.0,0.0,0.0
2026-05-17T18:56:16,ERR,ERR,ERR,ERR,ERR,ERR,ERR,ERR,ERR,ERR,ERR,ERR,ERR,ERR,ERR,ERR,ERR,ERR,ERR,ERR,ERR,ERR,ERR,ERR,ERR,ERR,ERR,ERR,ERR,ERR,ERR,ERR,ERR,ERR,ERR,ERR,ERR,ERR,ERR,ERR,ERR,ERR,ERR,ERR,ERR,ERR,ERR,ERR,ERR,ERR,ERR,ERR,ERR,ERR,ERR,ERR,ERR,ERR,ERR,ERR,ERR,ERR,ERR,ERR,ERR,ERR,ERR,ERR,ERR,ERR,ERR,ERR,ERR,ERR,ERR,ERR,ERR,ERR,ERR,ERR,ERR,ERR,ERR,ERR,ERR,ERR,ERR,ERR,ERR,ERR,ERR,ERR,ERR,ERR,ERR,ERR,ERR,ERR,ERR,ERR,ERR,ERR,ERR,ERR,ERR,ERR,ERR,ERR,ERR,ERR,ERR,ERR,ERR,ERR,ERR,ERR,ERR,ERR,ERR,ERR,ERR,ERR,ERR,ERR,ERR,0.0,0.0,-134474944.0,0.0,0.0,1.3936040501711995e+18,7.805,0.0,0,0,4,0,8422,0.0,45,0.0,0.0,0.0,0.0,0.0,0,0,0,0,0.0,0,0,0,0,0,0,0,0,0,0,0,0,0,0,0,0,0,0,0,0,0,0,0,0,0,0,0,0,0,0,0,0,0,38,14,7,45,65476,0,300,0,0,8,21553,0.0,-107605600.0,0.0,0.0,0.0,0.0,0.0,0.0,0.0,0.0,0.0,0.0,0.0,0.0,0.0,0.0,0.0,0.0,0.0,0.0,0.0,0.0,2.004,2.004,-0.0,0.0,0.0,0.0,0.0,0.0,4788.0,-0.0,0.0,0.0,0.0,0.0,2.718429300292151e+23,0.0,0.0,0.0,0.0,53,4.950428597886765e+32,-0.0,0.0,0.0,0.0,0.0,0.0,0.0,0.0,0,0,0,0.0,0.0,0.0,0.0,0.0,0.0,0.0,0.0,0.0,0.0,0.0,0.0,0.0,0.0,0.0,0.0,0,-107875648.0,53,0.0,106,-107614832.0,0.0,ERR,ERR,ERR,ERR,ERR,ERR,ERR,ERR,ERR,ERR,ERR,ERR,ERR,ERR,ERR,ERR,ERR,ERR,ERR,ERR,ERR,ERR,ERR,ERR,ERR,ERR,ERR,ERR,ERR,ERR,ERR,ERR,ERR,ERR,ERR,ERR,ERR,ERR,ERR,ERR,ERR,ERR,ERR,ERR,ERR,ERR,ERR,ERR,ERR,ERR,ERR,ERR,ERR,ERR,ERR,ERR,ERR,ERR,ERR,ERR,ERR,ERR,ERR,ERR,ERR,ERR,ERR,50.0,60.0,100,0.0,0.0,0.0,0.0,0.0,0.0,0.0,0.0,0.0,0.0,0.0,0.0,0.0,0.0,0.0,0.0,62.0,73,14,65513,50,65476,0,300,0,0,8,20529,65476,0,0,26214,60.0,0.0,0.0,0.0,0.0,0.0
2026-05-17T18:56:17,ERR,ERR,ERR,ERR,ERR,ERR,ERR,ERR,ERR,ERR,ERR,ERR,ERR,ERR,ERR,ERR,ERR,ERR,ERR,ERR,ERR,ERR,ERR,ERR,ERR,ERR,ERR,ERR,ERR,ERR,ERR,ERR,ERR,ERR,ERR,ERR,ERR,ERR,ERR,ERR,ERR,ERR,ERR,ERR,ERR,ERR,ERR,ERR,ERR,ERR,ERR,ERR,ERR,ERR,ERR,ERR,ERR,ERR,ERR,ERR,ERR,ERR,ERR,ERR,ERR,ERR,ERR,ERR,ERR,ERR,ERR,ERR,ERR,ERR,ERR,ERR,ERR,ERR,ERR,ERR,ERR,ERR,ERR,ERR,ERR,ERR,ERR,ERR,ERR,ERR,ERR,ERR,ERR,ERR,ERR,ERR,ERR,ERR,ERR,ERR,ERR,ERR,ERR,ERR,ERR,ERR,ERR,ERR,ERR,ERR,ERR,ERR,ERR,ERR,ERR,ERR,ERR,ERR,ERR,ERR,ERR,ERR,ERR,ERR,ERR,0.0,0.0,-134474944.0,0.0,0.0,1.3936040501711995e+18,7.805,0.0,0,0,4,0,8422,0.0,45,0.0,0.0,0.0,0.0,0.0,0,0,0,0,0.0,0,0,0,0,0,0,0,0,0,0,0,0,0,0,0,0,0,0,0,0,0,0,0,0,0,0,0,0,0,0,0,0,0,38,14,7,45,65476,0,300,0,0,8,21553,0.0,-107605600.0,0.0,0.0,0.0,0.0,0.0,0.0,0.0,0.0,0.0,0.0,0.0,0.0,0.0,0.0,0.0,0.0,0.0,0.0,0.0,0.0,2.004,2.004,-0.0,0.0,0.0,0.0,0.0,0.0,4788.0,-0.0,0.0,0.0,0.0,0.0,2.718429300292151e+23,0.0,0.0,0.0,0.0,53,4.950428597886765e+32,-0.0,0.0,0.0,0.0,0.0,0.0,0.0,0.0,0,0,0,0.0,0.0,0.0,0.0,0.0,0.0,0.0,0.0,0.0,0.0,0.0,0.0,0.0,0.0,0.0,0.0,0,-107875648.0,53,0.0,106,-107614832.0,0.0,ERR,ERR,ERR,ERR,ERR,ERR,ERR,ERR,ERR,ERR,ERR,ERR,ERR,ERR,ERR,ERR,ERR,ERR,ERR,ERR,ERR,ERR,ERR,ERR,ERR,ERR,ERR,ERR,ERR,ERR,ERR,ERR,ERR,ERR,ERR,ERR,ERR,ERR,ERR,ERR,ERR,ERR,ERR,ERR,ERR,ERR,ERR,ERR,ERR,ERR,ERR,ERR,ERR,ERR,ERR,ERR,ERR,ERR,ERR,ERR,ERR,ERR,ERR,ERR,ERR,ERR,ERR,50.0,60.0,100,0.0,0.0,0.0,0.0,0.0,0.0,0.0,0.0,0.0,0.0,0.0,0.0,0.0,0.0,0.0,0.0,62.0,73,14,65513,50,65476,0,300,0,0,8,20529,65476,0,0,26214,60.0,0.0,0.0,0.0,0.0,0.0
2026-05-17T18:56:18,ERR,ERR,ERR,ERR,ERR,ERR,ERR,ERR,ERR,ERR,ERR,ERR,ERR,ERR,ERR,ERR,ERR,ERR,ERR,ERR,ERR,ERR,ERR,ERR,ERR,ERR,ERR,ERR,ERR,ERR,ERR,ERR,ERR,ERR,ERR,ERR,ERR,ERR,ERR,ERR,ERR,ERR,ERR,ERR,ERR,ERR,ERR,ERR,ERR,ERR,ERR,ERR,ERR,ERR,ERR,ERR,ERR,ERR,ERR,ERR,ERR,ERR,ERR,ERR,ERR,ERR,ERR,ERR,ERR,ERR,ERR,ERR,ERR,ERR,ERR,ERR,ERR,ERR,ERR,ERR,ERR,ERR,ERR,ERR,ERR,ERR,ERR,ERR,ERR,ERR,ERR,ERR,ERR,ERR,ERR,ERR,ERR,ERR,ERR,ERR,ERR,ERR,ERR,ERR,ERR,ERR,ERR,ERR,ERR,ERR,ERR,ERR,ERR,ERR,ERR,ERR,ERR,ERR,ERR,ERR,ERR,ERR,ERR,ERR,ERR,0.0,0.0,-134474944.0,0.0,0.0,1.3936040501711995e+18,7.805,0.0,0,0,4,0,8422,0.0,45,0.0,0.0,0.0,0.0,0.0,0,0,0,0,0.0,0,0,0,0,0,0,0,0,0,0,0,0,0,0,0,0,0,0,0,0,0,0,0,0,0,0,0,0,0,0,0,0,0,38,14,7,45,65476,0,300,0,0,8,21553,0.0,-107605600.0,0.0,0.0,0.0,0.0,0.0,0.0,0.0,0.0,0.0,0.0,0.0,0.0,0.0,0.0,0.0,0.0,0.0,0.0,0.0,0.0,2.004,2.004,-0.0,0.0,0.0,0.0,0.0,0.0,4788.0,-0.0,0.0,0.0,0.0,0.0,2.718429300292151e+23,0.0,0.0,0.0,0.0,53,4.950428597886765e+32,-0.0,0.0,0.0,0.0,0.0,0.0,0.0,0.0,0,0,0,0.0,0.0,0.0,0.0,0.0,0.0,0.0,0.0,0.0,0.0,0.0,0.0,0.0,0.0,0.0,0.0,0,-107875648.0,53,0.0,106,-107614832.0,0.0,ERR,ERR,ERR,ERR,ERR,ERR,ERR,ERR,ERR,ERR,ERR,ERR,ERR,ERR,ERR,ERR,ERR,ERR,ERR,ERR,ERR,ERR,ERR,ERR,ERR,ERR,ERR,ERR,ERR,ERR,ERR,ERR,ERR,ERR,ERR,ERR,ERR,ERR,ERR,ERR,ERR,ERR,ERR,ERR,ERR,ERR,ERR,ERR,ERR,ERR,ERR,ERR,ERR,ERR,ERR,ERR,ERR,ERR,ERR,ERR,ERR,ERR,ERR,ERR,ERR,ERR,ERR,50.0,60.0,100,0.0,0.0,0.0,0.0,0.0,0.0,0.0,0.0,0.0,0.0,0.0,0.0,0.0,0.0,0.0,0.0,62.0,73,14,65513,50,65476,0,300,0,0,8,20529,65476,0,0,26214,60.0,0.0,0.0,0.0,0.0,0.0
2026-05-17T18:56:19,ERR,ERR,ERR,ERR,ERR,ERR,ERR,ERR,ERR,ERR,ERR,ERR,ERR,ERR,ERR,ERR,ERR,ERR,ERR,ERR,ERR,ERR,ERR,ERR,ERR,ERR,ERR,ERR,ERR,ERR,ERR,ERR,ERR,ERR,ERR,ERR,ERR,ERR,ERR,ERR,ERR,ERR,ERR,ERR,ERR,ERR,ERR,ERR,ERR,ERR,ERR,ERR,ERR,ERR,ERR,ERR,ERR,ERR,ERR,ERR,ERR,ERR,ERR,ERR,ERR,ERR,ERR,ERR,ERR,ERR,ERR,ERR,ERR,ERR,ERR,ERR,ERR,ERR,ERR,ERR,ERR,ERR,ERR,ERR,ERR,ERR,ERR,ERR,ERR,ERR,ERR,ERR,ERR,ERR,ERR,ERR,ERR,ERR,ERR,ERR,ERR,ERR,ERR,ERR,ERR,ERR,ERR,ERR,ERR,ERR,ERR,ERR,ERR,ERR,ERR,ERR,ERR,ERR,ERR,ERR,ERR,ERR,ERR,ERR,ERR,0.0,0.0,-134474944.0,0.0,0.0,1.3936040501711995e+18,7.805,0.0,0,0,4,0,8422,0.0,45,0.0,0.0,0.0,0.0,0.0,0,0,0,0,0.0,0,0,0,0,0,0,0,0,0,0,0,0,0,0,0,0,0,0,0,0,0,0,0,0,0,0,0,0,0,0,0,0,0,38,14,7,45,65476,0,300,0,0,8,21553,0.0,-107605600.0,0.0,0.0,0.0,0.0,0.0,0.0,0.0,0.0,0.0,0.0,0.0,0.0,0.0,0.0,0.0,0.0,0.0,0.0,0.0,0.0,2.004,2.004,-0.0,0.0,0.0,0.0,0.0,0.0,4788.0,-0.0,0.0,0.0,0.0,0.0,2.718429300292151e+23,0.0,0.0,0.0,0.0,53,4.950428597886765e+32,-0.0,0.0,0.0,0.0,0.0,0.0,0.0,0.0,0,0,0,0.0,0.0,0.0,0.0,0.0,0.0,0.0,0.0,0.0,0.0,0.0,0.0,0.0,0.0,0.0,0.0,0,-107875648.0,53,0.0,106,-107614832.0,0.0,ERR,ERR,ERR,ERR,ERR,ERR,ERR,ERR,ERR,ERR,ERR,ERR,ERR,ERR,ERR,ERR,ERR,ERR,ERR,ERR,ERR,ERR,ERR,ERR,ERR,ERR,ERR,ERR,ERR,ERR,ERR,ERR,ERR,ERR,ERR,ERR,ERR,ERR,ERR,ERR,ERR,ERR,ERR,ERR,ERR,ERR,ERR,ERR,ERR,ERR,ERR,ERR,ERR,ERR,ERR,ERR,ERR,ERR,ERR,ERR,ERR,ERR,ERR,ERR,ERR,ERR,ERR,50.0,60.0,100,0.0,0.0,0.0,0.0,0.0,0.0,0.0,0.0,0.0,0.0,0.0,0.0,0.0,0.0,0.0,0.0,62.0,73,14,65513,50,65476,0,300,0,0,8,20529,65476,0,0,26214,60.0,0.0,0.0,0.0,0.0,0.0
2026-05-17T18:56:20,ERR,ERR,ERR,ERR,ERR,ERR,ERR,ERR,ERR,ERR,ERR,ERR,ERR,ERR,ERR,ERR,ERR,ERR,ERR,ERR,ERR,ERR,ERR,ERR,ERR,ERR,ERR,ERR,ERR,ERR,ERR,ERR,ERR,ERR,ERR,ERR,ERR,ERR,ERR,ERR,ERR,ERR,ERR,ERR,ERR,ERR,ERR,ERR,ERR,ERR,ERR,ERR,ERR,ERR,ERR,ERR,ERR,ERR,ERR,ERR,ERR,ERR,ERR,ERR,ERR,ERR,ERR,ERR,ERR,ERR,ERR,ERR,ERR,ERR,ERR,ERR,ERR,ERR,ERR,ERR,ERR,ERR,ERR,ERR,ERR,ERR,ERR,ERR,ERR,ERR,ERR,ERR,ERR,ERR,ERR,ERR,ERR,ERR,ERR,ERR,ERR,ERR,ERR,ERR,ERR,ERR,ERR,ERR,ERR,ERR,ERR,ERR,ERR,ERR,ERR,ERR,ERR,ERR,ERR,ERR,ERR,ERR,ERR,ERR,ERR,0.0,0.0,-134474944.0,0.0,0.0,1.3936040501711995e+18,7.805,0.0,0,0,4,0,8422,0.0,45,0.0,0.0,0.0,0.0,0.0,0,0,0,0,0.0,0,0,0,0,0,0,0,0,0,0,0,0,0,0,0,0,0,0,0,0,0,0,0,0,0,0,0,0,0,0,0,0,0,38,14,7,45,65476,0,300,0,0,8,21553,0.0,-107605600.0,0.0,0.0,0.0,0.0,0.0,0.0,0.0,0.0,0.0,0.0,0.0,0.0,0.0,0.0,0.0,0.0,0.0,0.0,0.0,0.0,2.004,2.004,-2.004,0.0,0.0,0.0,0.0,0.0,4818.0,0.0,0.0,0.0,0.0,0.0,2.718429300292151e+23,0.0,0.0,0.0,0.0,53,3.222028592685471e+26,0.0,0.0,0.0,0.0,0.0,0.0,0.0,0.0,0,0,0,0.0,0.0,0.0,0.0,0.0,0.0,0.0,0.0,0.0,0.0,0.0,0.0,0.0,0.0,0.0,0.0,0,-107875648.0,53,0.0,106,-107614832.0,0.0,ERR,ERR,ERR,ERR,ERR,ERR,ERR,ERR,ERR,ERR,ERR,ERR,ERR,ERR,ERR,ERR,ERR,ERR,ERR,ERR,ERR,ERR,ERR,ERR,ERR,ERR,ERR,ERR,ERR,ERR,ERR,ERR,ERR,ERR,ERR,ERR,ERR,ERR,ERR,ERR,ERR,ERR,ERR,ERR,ERR,ERR,ERR,ERR,ERR,ERR,ERR,ERR,ERR,ERR,ERR,ERR,ERR,ERR,ERR,ERR,ERR,ERR,ERR,ERR,ERR,ERR,ERR,50.0,60.0,100,0.0,0.0,0.0,0.0,0.0,0.0,0.0,0.0,0.0,0.0,0.0,0.0,0.0,0.0,0.0,0.0,62.0,73,14,65513,50,65476,0,300,0,0,8,20529,65476,0,0,26214,60.0,0.0,0.0,0.0,0.0,0.0
2026-05-17T18:56:21,ERR,ERR,ERR,ERR,ERR,ERR,ERR,ERR,ERR,ERR,ERR,ERR,ERR,ERR,ERR,ERR,ERR,ERR,ERR,ERR,ERR,ERR,ERR,ERR,ERR,ERR,ERR,ERR,ERR,ERR,ERR,ERR,ERR,ERR,ERR,ERR,ERR,ERR,ERR,ERR,ERR,ERR,ERR,ERR,ERR,ERR,ERR,ERR,ERR,ERR,ERR,ERR,ERR,ERR,ERR,ERR,ERR,ERR,ERR,ERR,ERR,ERR,ERR,ERR,ERR,ERR,ERR,ERR,ERR,ERR,ERR,ERR,ERR,ERR,ERR,ERR,ERR,ERR,ERR,ERR,ERR,ERR,ERR,ERR,ERR,ERR,ERR,ERR,ERR,ERR,ERR,ERR,ERR,ERR,ERR,ERR,ERR,ERR,ERR,ERR,ERR,ERR,ERR,ERR,ERR,ERR,ERR,ERR,ERR,ERR,ERR,ERR,ERR,ERR,ERR,ERR,ERR,ERR,ERR,ERR,ERR,ERR,ERR,ERR,ERR,0.0,0.0,-134474944.0,0.0,0.0,1.3936040501711995e+18,7.805,0.0,0,0,4,0,8422,0.0,45,0.0,0.0,0.0,0.0,0.0,0,0,0,0,0.0,0,0,0,0,0,0,0,0,0,0,0,0,0,0,0,0,0,0,0,0,0,0,0,0,0,0,0,0,0,0,0,0,0,38,14,7,45,65476,0,300,0,0,8,21553,0.0,-107605600.0,0.0,0.0,0.0,0.0,0.0,0.0,0.0,0.0,0.0,0.0,0.0,0.0,0.0,0.0,0.0,0.0,0.0,0.0,0.0,0.0,2.004,2.004,-2.004,0.0,0.0,0.0,0.0,0.0,4818.0,0.0,0.0,0.0,0.0,0.0,2.718429300292151e+23,0.0,0.0,0.0,0.0,53,3.222028592685471e+26,0.0,0.0,0.0,0.0,0.0,0.0,0.0,0.0,0,0,0,0.0,0.0,0.0,0.0,0.0,0.0,0.0,0.0,0.0,0.0,0.0,0.0,0.0,0.0,0.0,0.0,0,-107875648.0,53,0.0,106,-107614832.0,0.0,ERR,ERR,ERR,ERR,ERR,ERR,ERR,ERR,ERR,ERR,ERR,ERR,ERR,ERR,ERR,ERR,ERR,ERR,ERR,ERR,ERR,ERR,ERR,ERR,ERR,ERR,ERR,ERR,ERR,ERR,ERR,ERR,ERR,ERR,ERR,ERR,ERR,ERR,ERR,ERR,ERR,ERR,ERR,ERR,ERR,ERR,ERR,ERR,ERR,ERR,ERR,ERR,ERR,ERR,ERR,ERR,ERR,ERR,ERR,ERR,ERR,ERR,ERR,ERR,ERR,ERR,ERR,50.0,60.0,100,0.0,0.0,0.0,0.0,0.0,0.0,0.0,0.0,0.0,0.0,0.0,0.0,0.0,0.0,0.0,0.0,62.0,73,14,65513,50,65476,0,300,0,0,8,20529,65476,0,0,26214,60.0,0.0,0.0,0.0,0.0,0.0
2026-05-17T18:56:22,ERR,ERR,ERR,ERR,ERR,ERR,ERR,ERR,ERR,ERR,ERR,ERR,ERR,ERR,ERR,ERR,ERR,ERR,ERR,ERR,ERR,ERR,ERR,ERR,ERR,ERR,ERR,ERR,ERR,ERR,ERR,ERR,ERR,ERR,ERR,ERR,ERR,ERR,ERR,ERR,ERR,ERR,ERR,ERR,ERR,ERR,ERR,ERR,ERR,ERR,ERR,ERR,ERR,ERR,ERR,ERR,ERR,ERR,ERR,ERR,ERR,ERR,ERR,ERR,ERR,ERR,ERR,ERR,ERR,ERR,ERR,ERR,ERR,ERR,ERR,ERR,ERR,ERR,ERR,ERR,ERR,ERR,ERR,ERR,ERR,ERR,ERR,ERR,ERR,ERR,ERR,ERR,ERR,ERR,ERR,ERR,ERR,ERR,ERR,ERR,ERR,ERR,ERR,ERR,ERR,ERR,ERR,ERR,ERR,ERR,ERR,ERR,ERR,ERR,ERR,ERR,ERR,ERR,ERR,ERR,ERR,ERR,ERR,ERR,ERR,0.0,0.0,-134474944.0,0.0,0.0,1.3936040501711995e+18,7.805,0.0,0,0,4,0,8422,0.0,45,0.0,0.0,0.0,0.0,0.0,0,0,0,0,0.0,0,0,0,0,0,0,0,0,0,0,0,0,0,0,0,0,0,0,0,0,0,0,0,0,0,0,0,0,0,0,0,0,0,38,14,7,45,65476,0,300,0,0,8,21553,0.0,-107605600.0,0.0,0.0,0.0,0.0,0.0,0.0,0.0,0.0,0.0,0.0,0.0,0.0,0.0,0.0,0.0,0.0,0.0,0.0,0.0,0.0,2.004,2.004,-2.004,0.0,0.0,0.0,0.0,0.0,4818.0,0.0,0.0,0.0,0.0,0.0,2.718429300292151e+23,0.0,0.0,0.0,0.0,53,3.222028592685471e+26,0.0,0.0,0.0,0.0,0.0,0.0,0.0,0.0,0,0,0,0.0,0.0,0.0,0.0,0.0,0.0,0.0,0.0,0.0,0.0,0.0,0.0,0.0,0.0,0.0,0.0,0,-107875648.0,53,0.0,106,-107614832.0,0.0,ERR,ERR,ERR,ERR,ERR,ERR,ERR,ERR,ERR,ERR,ERR,ERR,ERR,ERR,ERR,ERR,ERR,ERR,ERR,ERR,ERR,ERR,ERR,ERR,ERR,ERR,ERR,ERR,ERR,ERR,ERR,ERR,ERR,ERR,ERR,ERR,ERR,ERR,ERR,ERR,ERR,ERR,ERR,ERR,ERR,ERR,ERR,ERR,ERR,ERR,ERR,ERR,ERR,ERR,ERR,ERR,ERR,ERR,ERR,ERR,ERR,ERR,ERR,ERR,ERR,ERR,ERR,50.0,60.0,100,0.0,0.0,0.0,0.0,0.0,0.0,0.0,0.0,0.0,0.0,0.0,0.0,0.0,0.0,0.0,0.0,62.0,73,14,65513,50,65476,0,300,0,0,8,20529,65476,0,0,26214,60.0,0.0,0.0,0.0,0.0,0.0
2026-05-17T18:56:23,ERR,ERR,ERR,ERR,ERR,ERR,ERR,ERR,ERR,ERR,ERR,ERR,ERR,ERR,ERR,ERR,ERR,ERR,ERR,ERR,ERR,ERR,ERR,ERR,ERR,ERR,ERR,ERR,ERR,ERR,ERR,ERR,ERR,ERR,ERR,ERR,ERR,ERR,ERR,ERR,ERR,ERR,ERR,ERR,ERR,ERR,ERR,ERR,ERR,ERR,ERR,ERR,ERR,ERR,ERR,ERR,ERR,ERR,ERR,ERR,ERR,ERR,ERR,ERR,ERR,ERR,ERR,ERR,ERR,ERR,ERR,ERR,ERR,ERR,ERR,ERR,ERR,ERR,ERR,ERR,ERR,ERR,ERR,ERR,ERR,ERR,ERR,ERR,ERR,ERR,ERR,ERR,ERR,ERR,ERR,ERR,ERR,ERR,ERR,ERR,ERR,ERR,ERR,ERR,ERR,ERR,ERR,ERR,ERR,ERR,ERR,ERR,ERR,ERR,ERR,ERR,ERR,ERR,ERR,ERR,ERR,ERR,ERR,ERR,ERR,0.0,0.0,-134474944.0,0.0,0.0,1.3936040501711995e+18,7.805,0.0,0,0,4,0,8422,0.0,45,0.0,0.0,0.0,0.0,0.0,0,0,0,0,0.0,0,0,0,0,0,0,0,0,0,0,0,0,0,0,0,0,0,0,0,0,0,0,0,0,0,0,0,0,0,0,0,0,0,38,14,7,45,65476,0,300,0,0,8,21553,0.0,-107605600.0,0.0,0.0,0.0,0.0,0.0,0.0,0.0,0.0,0.0,0.0,0.0,0.0,0.0,0.0,0.0,0.0,0.0,0.0,0.0,0.0,2.004,2.004,-2.004,0.0,0.0,0.0,0.0,0.0,4818.0,0.0,0.0,0.0,0.0,0.0,2.718429300292151e+23,0.0,0.0,0.0,0.0,53,3.222028592685471e+26,0.0,0.0,0.0,0.0,0.0,0.0,0.0,0.0,0,0,0,0.0,0.0,0.0,0.0,0.0,0.0,0.0,0.0,0.0,0.0,0.0,0.0,0.0,0.0,0.0,0.0,0,-107875648.0,53,0.0,106,-107614832.0,0.0,ERR,ERR,ERR,ERR,ERR,ERR,ERR,ERR,ERR,ERR,ERR,ERR,ERR,ERR,ERR,ERR,ERR,ERR,ERR,ERR,ERR,ERR,ERR,ERR,ERR,ERR,ERR,ERR,ERR,ERR,ERR,ERR,ERR,ERR,ERR,ERR,ERR,ERR,ERR,ERR,ERR,ERR,ERR,ERR,ERR,ERR,ERR,ERR,ERR,ERR,ERR,ERR,ERR,ERR,ERR,ERR,ERR,ERR,ERR,ERR,ERR,ERR,ERR,ERR,ERR,ERR,ERR,50.0,60.0,100,0.0,0.0,0.0,0.0,0.0,0.0,0.0,0.0,0.0,0.0,0.0,0.0,0.0,0.0,0.0,0.0,62.0,73,14,65513,50,65476,0,300,0,0,8,20529,65476,0,0,26214,60.0,0.0,0.0,0.0,0.0,0.0
2026-05-17T18:56:24,ERR,ERR,ERR,ERR,ERR,ERR,ERR,ERR,ERR,ERR,ERR,ERR,ERR,ERR,ERR,ERR,ERR,ERR,ERR,ERR,ERR,ERR,ERR,ERR,ERR,ERR,ERR,ERR,ERR,ERR,ERR,ERR,ERR,ERR,ERR,ERR,ERR,ERR,ERR,ERR,ERR,ERR,ERR,ERR,ERR,ERR,ERR,ERR,ERR,ERR,ERR,ERR,ERR,ERR,ERR,ERR,ERR,ERR,ERR,ERR,ERR,ERR,ERR,ERR,ERR,ERR,ERR,ERR,ERR,ERR,ERR,ERR,ERR,ERR,ERR,ERR,ERR,ERR,ERR,ERR,ERR,ERR,ERR,ERR,ERR,ERR,ERR,ERR,ERR,ERR,ERR,ERR,ERR,ERR,ERR,ERR,ERR,ERR,ERR,ERR,ERR,ERR,ERR,ERR,ERR,ERR,ERR,ERR,ERR,ERR,ERR,ERR,ERR,ERR,ERR,ERR,ERR,ERR,ERR,ERR,ERR,ERR,ERR,ERR,ERR,0.0,0.0,-134474944.0,0.0,0.0,1.3936040501711995e+18,7.805,0.0,0,0,4,0,8422,0.0,45,0.0,0.0,0.0,0.0,0.0,0,0,0,0,0.0,0,0,0,0,0,0,0,0,0,0,0,0,0,0,0,0,0,0,0,0,0,0,0,0,0,0,0,0,0,0,0,0,0,38,14,7,45,65476,0,300,0,0,8,21553,0.0,-107605600.0,0.0,0.0,0.0,0.0,0.0,0.0,0.0,0.0,0.0,0.0,0.0,0.0,0.0,0.0,0.0,0.0,0.0,0.0,0.0,0.0,2.004,2.004,-2.004,0.0,0.0,0.0,0.0,0.0,4818.0,0.0,0.0,0.0,0.0,0.0,2.718429300292151e+23,0.0,0.0,0.0,0.0,53,3.222028592685471e+26,0.0,0.0,0.0,0.0,0.0,0.0,0.0,0.0,0,0,0,0.0,0.0,0.0,0.0,0.0,0.0,0.0,0.0,0.0,0.0,0.0,0.0,0.0,0.0,0.0,0.0,0,-107875648.0,53,0.0,106,-107614832.0,0.0,ERR,ERR,ERR,ERR,ERR,ERR,ERR,ERR,ERR,ERR,ERR,ERR,ERR,ERR,ERR,ERR,ERR,ERR,ERR,ERR,ERR,ERR,ERR,ERR,ERR,ERR,ERR,ERR,ERR,ERR,ERR,ERR,ERR,ERR,ERR,ERR,ERR,ERR,ERR,ERR,ERR,ERR,ERR,ERR,ERR,ERR,ERR,ERR,ERR,ERR,ERR,ERR,ERR,ERR,ERR,ERR,ERR,ERR,ERR,ERR,ERR,ERR,ERR,ERR,ERR,ERR,ERR,50.0,60.0,100,0.0,0.0,0.0,0.0,0.0,0.0,0.0,0.0,0.0,0.0,0.0,0.0,0.0,0.0,0.0,0.0,61.6,73,14,65513,50,65476,0,300,0,0,8,20529,65476,0,0,26214,60.0,0.0,0.0,0.0,0.0,0.0
2026-05-17T18:56:25,ERR,ERR,ERR,ERR,ERR,ERR,ERR,ERR,ERR,ERR,ERR,ERR,ERR,ERR,ERR,ERR,ERR,ERR,ERR,ERR,ERR,ERR,ERR,ERR,ERR,ERR,ERR,ERR,ERR,ERR,ERR,ERR,ERR,ERR,ERR,ERR,ERR,ERR,ERR,ERR,ERR,ERR,ERR,ERR,ERR,ERR,ERR,ERR,ERR,ERR,ERR,ERR,ERR,ERR,ERR,ERR,ERR,ERR,ERR,ERR,ERR,ERR,ERR,ERR,ERR,ERR,ERR,ERR,ERR,ERR,ERR,ERR,ERR,ERR,ERR,ERR,ERR,ERR,ERR,ERR,ERR,ERR,ERR,ERR,ERR,ERR,ERR,ERR,ERR,ERR,ERR,ERR,ERR,ERR,ERR,ERR,ERR,ERR,ERR,ERR,ERR,ERR,ERR,ERR,ERR,ERR,ERR,ERR,ERR,ERR,ERR,ERR,ERR,ERR,ERR,ERR,ERR,ERR,ERR,ERR,ERR,ERR,ERR,ERR,ERR,2.718428940004181e+23,0.0,-0.0,0.0,0.0,1.3936040501711995e+18,7.805,0.0,0,0,4,0,8422,0.0,45,0.0,0.0,0.0,0.0,0.0,0,0,0,0,0.0,0,0,0,0,0,0,0,0,0,0,0,0,0,0,0,0,0,0,0,0,0,0,0,0,0,0,0,0,0,0,0,0,0,38,14,7,45,65476,0,300,0,0,8,21553,0.0,-107605600.0,0.0,0.0,0.0,0.0,0.0,0.0,0.0,0.0,0.0,0.0,0.0,0.0,0.0,0.0,0.0,0.0,0.0,0.0,0.0,0.0,2.004,2.004,-2.004,0.0,0.0,0.0,0.0,0.0,4826.0,0.0,0.0,0.0,0.0,-107615280.0,2.718429300292151e+23,0.0,0.0,0.0,0.0,53,-0.0,0.0,0.0,0.0,0.0,0.0,0.0,0.0,0.0,0,0,0,0.0,0.0,0.0,0.0,0.0,0.0,0.0,0.0,0.0,0.0,0.0,0.0,0.0,0.0,0.0,0.0,0,-107875648.0,53,0.0,106,-107614832.0,-107351008.0,ERR,ERR,ERR,ERR,ERR,ERR,ERR,ERR,ERR,ERR,ERR,ERR,ERR,ERR,ERR,ERR,ERR,ERR,ERR,ERR,ERR,ERR,ERR,ERR,ERR,ERR,ERR,ERR,ERR,ERR,ERR,ERR,ERR,ERR,ERR,ERR,ERR,ERR,ERR,ERR,ERR,ERR,ERR,ERR,ERR,ERR,ERR,ERR,ERR,ERR,ERR,ERR,ERR,ERR,ERR,ERR,ERR,ERR,ERR,ERR,ERR,ERR,ERR,ERR,ERR,ERR,ERR,50.0,60.0,100,0.0,0.0,0.0,0.0,0.0,0.0,0.0,0.0,0.0,0.0,0.0,0.0,0.0,0.0,0.0,0.0,62.0,73,14,65513,50,65476,0,300,0,0,8,20529,65476,0,0,26214,60.0,0.0,0.0,0.0,0.0,0.0
2026-05-17T18:56:26,ERR,ERR,ERR,ERR,ERR,ERR,ERR,ERR,ERR,ERR,ERR,ERR,ERR,ERR,ERR,ERR,ERR,ERR,ERR,ERR,ERR,ERR,ERR,ERR,ERR,ERR,ERR,ERR,ERR,ERR,ERR,ERR,ERR,ERR,ERR,ERR,ERR,ERR,ERR,ERR,ERR,ERR,ERR,ERR,ERR,ERR,ERR,ERR,ERR,ERR,ERR,ERR,ERR,ERR,ERR,ERR,ERR,ERR,ERR,ERR,ERR,ERR,ERR,ERR,ERR,ERR,ERR,ERR,ERR,ERR,ERR,ERR,ERR,ERR,ERR,ERR,ERR,ERR,ERR,ERR,ERR,ERR,ERR,ERR,ERR,ERR,ERR,ERR,ERR,ERR,ERR,ERR,ERR,ERR,ERR,ERR,ERR,ERR,ERR,ERR,ERR,ERR,ERR,ERR,ERR,ERR,ERR,ERR,ERR,ERR,ERR,ERR,ERR,ERR,ERR,ERR,ERR,ERR,ERR,ERR,ERR,ERR,ERR,ERR,ERR,2.718428940004181e+23,0.0,-0.0,0.0,0.0,1.3936040501711995e+18,7.805,0.0,0,0,4,0,8422,0.0,45,0.0,0.0,0.0,0.0,0.0,0,0,0,0,0.0,0,0,0,0,0,0,0,0,0,0,0,0,0,0,0,0,0,0,0,0,0,0,0,0,0,0,0,0,0,0,0,0,0,38,14,7,45,65476,0,300,0,0,8,21553,0.0,-107605600.0,0.0,0.0,0.0,0.0,0.0,0.0,0.0,0.0,0.0,0.0,0.0,0.0,0.0,0.0,0.0,0.0,0.0,0.0,0.0,0.0,2.004,2.004,-2.004,0.0,0.0,0.0,0.0,0.0,4826.0,0.0,0.0,0.0,0.0,-107615280.0,2.718429300292151e+23,0.0,0.0,0.0,0.0,53,-0.0,0.0,0.0,0.0,0.0,0.0,0.0,0.0,0.0,0,0,0,0.0,0.0,0.0,0.0,0.0,0.0,0.0,0.0,0.0,0.0,0.0,0.0,0.0,0.0,0.0,0.0,0,-107875648.0,53,0.0,106,-107614832.0,-107351008.0,ERR,ERR,ERR,ERR,ERR,ERR,ERR,ERR,ERR,ERR,ERR,ERR,ERR,ERR,ERR,ERR,ERR,ERR,ERR,ERR,ERR,ERR,ERR,ERR,ERR,ERR,ERR,ERR,ERR,ERR,ERR,ERR,ERR,ERR,ERR,ERR,ERR,ERR,ERR,ERR,ERR,ERR,ERR,ERR,ERR,ERR,ERR,ERR,ERR,ERR,ERR,ERR,ERR,ERR,ERR,ERR,ERR,ERR,ERR,ERR,ERR,ERR,ERR,ERR,ERR,ERR,ERR,50.0,60.0,100,0.0,0.0,0.0,0.0,0.0,0.0,0.0,0.0,0.0,0.0,0.0,0.0,0.0,0.0,0.0,0.0,62.0,73,14,65513,50,65476,0,300,0,0,8,20529,65476,0,0,26214,60.0,0.0,0.0,0.0,0.0,0.0
2026-05-17T18:56:27,ERR,ERR,ERR,ERR,ERR,ERR,ERR,ERR,ERR,ERR,ERR,ERR,ERR,ERR,ERR,ERR,ERR,ERR,ERR,ERR,ERR,ERR,ERR,ERR,ERR,ERR,ERR,ERR,ERR,ERR,ERR,ERR,ERR,ERR,ERR,ERR,ERR,ERR,ERR,ERR,ERR,ERR,ERR,ERR,ERR,ERR,ERR,ERR,ERR,ERR,ERR,ERR,ERR,ERR,ERR,ERR,ERR,ERR,ERR,ERR,ERR,ERR,ERR,ERR,ERR,ERR,ERR,ERR,ERR,ERR,ERR,ERR,ERR,ERR,ERR,ERR,ERR,ERR,ERR,ERR,ERR,ERR,ERR,ERR,ERR,ERR,ERR,ERR,ERR,ERR,ERR,ERR,ERR,ERR,ERR,ERR,ERR,ERR,ERR,ERR,ERR,ERR,ERR,ERR,ERR,ERR,ERR,ERR,ERR,ERR,ERR,ERR,ERR,ERR,ERR,ERR,ERR,ERR,ERR,ERR,ERR,ERR,ERR,ERR,ERR,2.718428940004181e+23,0.0,-0.0,0.0,0.0,1.3936040501711995e+18,7.805,0.0,0,0,4,0,8422,0.0,45,0.0,0.0,0.0,0.0,0.0,0,0,0,0,0.0,0,0,0,0,0,0,0,0,0,0,0,0,0,0,0,0,0,0,0,0,0,0,0,0,0,0,0,0,0,0,0,0,0,38,14,7,45,65476,0,300,0,0,8,21553,0.0,-107605600.0,0.0,0.0,0.0,0.0,0.0,0.0,0.0,0.0,0.0,0.0,0.0,0.0,0.0,0.0,0.0,0.0,0.0,0.0,0.0,0.0,2.004,2.004,-2.004,0.0,0.0,0.0,0.0,0.0,4826.0,0.0,0.0,0.0,0.0,-107615280.0,2.718429300292151e+23,0.0,0.0,0.0,0.0,53,-0.0,0.0,0.0,0.0,0.0,0.0,0.0,0.0,0.0,0,0,0,0.0,0.0,0.0,0.0,0.0,0.0,0.0,0.0,0.0,0.0,0.0,0.0,0.0,0.0,0.0,0.0,0,-107875648.0,53,0.0,106,-107614832.0,-107351008.0,ERR,ERR,ERR,ERR,ERR,ERR,ERR,ERR,ERR,ERR,ERR,ERR,ERR,ERR,ERR,ERR,ERR,ERR,ERR,ERR,ERR,ERR,ERR,ERR,ERR,ERR,ERR,ERR,ERR,ERR,ERR,ERR,ERR,ERR,ERR,ERR,ERR,ERR,ERR,ERR,ERR,ERR,ERR,ERR,ERR,ERR,ERR,ERR,ERR,ERR,ERR,ERR,ERR,ERR,ERR,ERR,ERR,ERR,ERR,ERR,ERR,ERR,ERR,ERR,ERR,ERR,ERR,50.0,60.0,100,0.0,0.0,0.0,0.0,0.0,0.0,0.0,0.0,0.0,0.0,0.0,0.0,0.0,0.0,0.0,0.0,62.0,73,14,65513,50,65476,0,300,0,0,8,20529,65476,0,0,26214,60.0,0.0,0.0,0.0,0.0,0.0
2026-05-17T18:56:28,ERR,ERR,ERR,ERR,ERR,ERR,ERR,ERR,ERR,ERR,ERR,ERR,ERR,ERR,ERR,ERR,ERR,ERR,ERR,ERR,ERR,ERR,ERR,ERR,ERR,ERR,ERR,ERR,ERR,ERR,ERR,ERR,ERR,ERR,ERR,ERR,ERR,ERR,ERR,ERR,ERR,ERR,ERR,ERR,ERR,ERR,ERR,ERR,ERR,ERR,ERR,ERR,ERR,ERR,ERR,ERR,ERR,ERR,ERR,ERR,ERR,ERR,ERR,ERR,ERR,ERR,ERR,ERR,ERR,ERR,ERR,ERR,ERR,ERR,ERR,ERR,ERR,ERR,ERR,ERR,ERR,ERR,ERR,ERR,ERR,ERR,ERR,ERR,ERR,ERR,ERR,ERR,ERR,ERR,ERR,ERR,ERR,ERR,ERR,ERR,ERR,ERR,ERR,ERR,ERR,ERR,ERR,ERR,ERR,ERR,ERR,ERR,ERR,ERR,ERR,ERR,ERR,ERR,ERR,ERR,ERR,ERR,ERR,ERR,ERR,2.718428940004181e+23,0.0,-0.0,0.0,0.0,1.3936040501711995e+18,7.805,0.0,0,0,4,0,8422,0.0,45,0.0,0.0,0.0,0.0,0.0,0,0,0,0,0.0,0,0,0,0,0,0,0,0,0,0,0,0,0,0,0,0,0,0,0,0,0,0,0,0,0,0,0,0,0,0,0,0,0,38,14,7,45,65476,0,300,0,0,8,21553,0.0,-107605600.0,0.0,0.0,0.0,0.0,0.0,0.0,0.0,0.0,0.0,0.0,0.0,0.0,0.0,0.0,0.0,0.0,0.0,0.0,0.0,0.0,2.004,2.004,-2.004,0.0,0.0,0.0,0.0,0.0,4826.0,0.0,0.0,0.0,0.0,-107615280.0,2.718429300292151e+23,0.0,0.0,0.0,0.0,53,-0.0,0.0,0.0,0.0,0.0,0.0,0.0,0.0,0.0,0,0,0,0.0,0.0,0.0,0.0,0.0,0.0,0.0,0.0,0.0,0.0,0.0,0.0,0.0,0.0,0.0,0.0,0,-107875648.0,53,0.0,106,-107614832.0,-107351008.0,ERR,ERR,ERR,ERR,ERR,ERR,ERR,ERR,ERR,ERR,ERR,ERR,ERR,ERR,ERR,ERR,ERR,ERR,ERR,ERR,ERR,ERR,ERR,ERR,ERR,ERR,ERR,ERR,ERR,ERR,ERR,ERR,ERR,ERR,ERR,ERR,ERR,ERR,ERR,ERR,ERR,ERR,ERR,ERR,ERR,ERR,ERR,ERR,ERR,ERR,ERR,ERR,ERR,ERR,ERR,ERR,ERR,ERR,ERR,ERR,ERR,ERR,ERR,ERR,ERR,ERR,ERR,50.0,60.0,100,0.0,0.0,0.0,0.0,0.0,0.0,0.0,0.0,0.0,0.0,0.0,0.0,0.0,0.0,0.0,0.0,62.0,73,14,65513,50,65476,0,300,0,0,8,20529,65476,0,0,26214,60.0,0.0,0.0,0.0,0.0,0.0
2026-05-17T18:56:29,ERR,ERR,ERR,ERR,ERR,ERR,ERR,ERR,ERR,ERR,ERR,ERR,ERR,ERR,ERR,ERR,ERR,ERR,ERR,ERR,ERR,ERR,ERR,ERR,ERR,ERR,ERR,ERR,ERR,ERR,ERR,ERR,ERR,ERR,ERR,ERR,ERR,ERR,ERR,ERR,ERR,ERR,ERR,ERR,ERR,ERR,ERR,ERR,ERR,ERR,ERR,ERR,ERR,ERR,ERR,ERR,ERR,ERR,ERR,ERR,ERR,ERR,ERR,ERR,ERR,ERR,ERR,ERR,ERR,ERR,ERR,ERR,ERR,ERR,ERR,ERR,ERR,ERR,ERR,ERR,ERR,ERR,ERR,ERR,ERR,ERR,ERR,ERR,ERR,ERR,ERR,ERR,ERR,ERR,ERR,ERR,ERR,ERR,ERR,ERR,ERR,ERR,ERR,ERR,ERR,ERR,ERR,ERR,ERR,ERR,ERR,ERR,ERR,ERR,ERR,ERR,ERR,ERR,ERR,ERR,ERR,ERR,ERR,ERR,ERR,2.718428940004181e+23,0.0,-0.0,0.0,0.0,1.3936040501711995e+18,7.805,0.0,0,0,4,0,8422,0.0,45,0.0,0.0,0.0,0.0,0.0,0,0,0,0,0.0,0,0,0,0,0,0,0,0,0,0,0,0,0,0,0,0,0,0,0,0,0,0,0,0,0,0,0,0,0,0,0,0,0,38,14,7,45,65476,0,300,0,0,8,21553,0.0,-107605600.0,0.0,0.0,0.0,0.0,0.0,0.0,0.0,0.0,0.0,0.0,0.0,0.0,0.0,0.0,0.0,0.0,0.0,0.0,0.0,0.0,2.004,2.004,-2.004,0.0,0.0,0.0,0.0,0.0,4826.0,0.0,0.0,0.0,0.0,-107615280.0,2.718429300292151e+23,0.0,0.0,0.0,0.0,53,-0.0,0.0,0.0,0.0,0.0,0.0,0.0,0.0,0.0,0,0,0,0.0,0.0,0.0,0.0,0.0,0.0,0.0,0.0,0.0,0.0,0.0,0.0,0.0,0.0,0.0,0.0,0,-107875648.0,53,0.0,106,-107614832.0,-107351008.0,ERR,ERR,ERR,ERR,ERR,ERR,ERR,ERR,ERR,ERR,ERR,ERR,ERR,ERR,ERR,ERR,ERR,ERR,ERR,ERR,ERR,ERR,ERR,ERR,ERR,ERR,ERR,ERR,ERR,ERR,ERR,ERR,ERR,ERR,ERR,ERR,ERR,ERR,ERR,ERR,ERR,ERR,ERR,ERR,ERR,ERR,ERR,ERR,ERR,ERR,ERR,ERR,ERR,ERR,ERR,ERR,ERR,ERR,ERR,ERR,ERR,ERR,ERR,ERR,ERR,ERR,ERR,50.0,60.0,100,0.0,0.0,0.0,0.0,0.0,0.0,0.0,0.0,0.0,0.0,0.0,0.0,0.0,0.0,0.0,0.0,62.0,73,14,65513,50,65476,0,300,0,0,8,20529,65476,0,0,26214,60.0,0.0,0.0,0.0,0.0,0.0
2026-05-17T18:56:30,ERR,ERR,ERR,ERR,ERR,ERR,ERR,ERR,ERR,ERR,ERR,ERR,ERR,ERR,ERR,ERR,ERR,ERR,ERR,ERR,ERR,ERR,ERR,ERR,ERR,ERR,ERR,ERR,ERR,ERR,ERR,ERR,ERR,ERR,ERR,ERR,ERR,ERR,ERR,ERR,ERR,ERR,ERR,ERR,ERR,ERR,ERR,ERR,ERR,ERR,ERR,ERR,ERR,ERR,ERR,ERR,ERR,ERR,ERR,ERR,ERR,ERR,ERR,ERR,ERR,ERR,ERR,ERR,ERR,ERR,ERR,ERR,ERR,ERR,ERR,ERR,ERR,ERR,ERR,ERR,ERR,ERR,ERR,ERR,ERR,ERR,ERR,ERR,ERR,ERR,ERR,ERR,ERR,ERR,ERR,ERR,ERR,ERR,ERR,ERR,ERR,ERR,ERR,ERR,ERR,ERR,ERR,ERR,ERR,ERR,ERR,ERR,ERR,ERR,ERR,ERR,ERR,ERR,ERR,ERR,ERR,ERR,ERR,ERR,ERR,0.0,0.0,-134474944.0,0.0,0.0,1.3936040501711995e+18,7.805,0.0,0,0,4,0,8422,0.0,45,0.0,0.0,0.0,0.0,0.0,0,0,0,0,0.0,0,0,0,0,0,0,0,0,0,0,0,0,0,0,0,0,0,0,0,0,0,0,0,0,0,0,0,0,0,0,0,0,0,38,14,7,45,65476,0,300,0,0,8,21553,0.0,-107605600.0,0.0,0.0,0.0,0.0,0.0,0.0,0.0,0.0,0.0,0.0,0.0,0.0,0.0,0.0,0.0,0.0,0.0,0.0,0.0,0.0,-0.0,2.004,-0.0,0.0,0.0,0.0,0.0,0.0,4792.0,-2.004,0.0,0.0,0.0,-107615280.0,2.718429300292151e+23,0.0,0.0,0.0,0.0,53,-0.0,-0.0,0.0,0.0,0.0,0.0,0.0,0.0,0.0,0,0,0,0.0,0.0,0.0,0.0,0.0,0.0,0.0,0.0,0.0,0.0,0.0,0.0,0.0,0.0,0.0,0.0,0,-107875648.0,53,0.0,106,-107614832.0,-107351008.0,ERR,ERR,ERR,ERR,ERR,ERR,ERR,ERR,ERR,ERR,ERR,ERR,ERR,ERR,ERR,ERR,ERR,ERR,ERR,ERR,ERR,ERR,ERR,ERR,ERR,ERR,ERR,ERR,ERR,ERR,ERR,ERR,ERR,ERR,ERR,ERR,ERR,ERR,ERR,ERR,ERR,ERR,ERR,ERR,ERR,ERR,ERR,ERR,ERR,ERR,ERR,ERR,ERR,ERR,ERR,ERR,ERR,ERR,ERR,ERR,ERR,ERR,ERR,ERR,ERR,ERR,ERR,50.0,60.0,100,0.0,0.0,0.0,0.0,0.0,0.0,0.0,0.0,0.0,0.0,0.0,0.0,0.0,0.0,0.0,0.0,62.0,73,14,65513,50,65476,0,300,0,0,8,20529,65476,0,0,26214,60.0,0.0,0.0,0.0,0.0,0.0
2026-05-17T18:56:31,ERR,ERR,ERR,ERR,ERR,ERR,ERR,ERR,ERR,ERR,ERR,ERR,ERR,ERR,ERR,ERR,ERR,ERR,ERR,ERR,ERR,ERR,ERR,ERR,ERR,ERR,ERR,ERR,ERR,ERR,ERR,ERR,ERR,ERR,ERR,ERR,ERR,ERR,ERR,ERR,ERR,ERR,ERR,ERR,ERR,ERR,ERR,ERR,ERR,ERR,ERR,ERR,ERR,ERR,ERR,ERR,ERR,ERR,ERR,ERR,ERR,ERR,ERR,ERR,ERR,ERR,ERR,ERR,ERR,ERR,ERR,ERR,ERR,ERR,ERR,ERR,ERR,ERR,ERR,ERR,ERR,ERR,ERR,ERR,ERR,ERR,ERR,ERR,ERR,ERR,ERR,ERR,ERR,ERR,ERR,ERR,ERR,ERR,ERR,ERR,ERR,ERR,ERR,ERR,ERR,ERR,ERR,ERR,ERR,ERR,ERR,ERR,ERR,ERR,ERR,ERR,ERR,ERR,ERR,ERR,ERR,ERR,ERR,ERR,ERR,0.0,0.0,-134474944.0,0.0,0.0,1.3936040501711995e+18,7.805,0.0,0,0,4,0,8422,0.0,45,0.0,0.0,0.0,0.0,0.0,0,0,0,0,0.0,0,0,0,0,0,0,0,0,0,0,0,0,0,0,0,0,0,0,0,0,0,0,0,0,0,0,0,0,0,0,0,0,0,38,14,7,45,65476,0,300,0,0,8,21553,0.0,-107605600.0,0.0,0.0,0.0,0.0,0.0,0.0,0.0,0.0,0.0,0.0,0.0,0.0,0.0,0.0,0.0,0.0,0.0,0.0,0.0,0.0,-0.0,2.004,-0.0,0.0,0.0,0.0,0.0,0.0,4792.0,-2.004,0.0,0.0,0.0,-107615280.0,2.718429300292151e+23,0.0,0.0,0.0,0.0,53,-0.0,-0.0,0.0,0.0,0.0,0.0,0.0,0.0,0.0,0,0,0,0.0,0.0,0.0,0.0,0.0,0.0,0.0,0.0,0.0,0.0,0.0,0.0,0.0,0.0,0.0,0.0,0,-107875648.0,53,0.0,106,-107614832.0,-107351008.0,ERR,ERR,ERR,ERR,ERR,ERR,ERR,ERR,ERR,ERR,ERR,ERR,ERR,ERR,ERR,ERR,ERR,ERR,ERR,ERR,ERR,ERR,ERR,ERR,ERR,ERR,ERR,ERR,ERR,ERR,ERR,ERR,ERR,ERR,ERR,ERR,ERR,ERR,ERR,ERR,ERR,ERR,ERR,ERR,ERR,ERR,ERR,ERR,ERR,ERR,ERR,ERR,ERR,ERR,ERR,ERR,ERR,ERR,ERR,ERR,ERR,ERR,ERR,ERR,ERR,ERR,ERR,50.0,60.0,100,0.0,0.0,0.0,0.0,0.0,0.0,0.0,0.0,0.0,0.0,0.0,0.0,0.0,0.0,0.0,0.0,62.0,73,14,65513,50,65476,0,300,0,0,8,20529,65476,0,0,26214,60.0,0.0,0.0,0.0,0.0,0.0
2026-05-17T18:56:32,ERR,ERR,ERR,ERR,ERR,ERR,ERR,ERR,ERR,ERR,ERR,ERR,ERR,ERR,ERR,ERR,ERR,ERR,ERR,ERR,ERR,ERR,ERR,ERR,ERR,ERR,ERR,ERR,ERR,ERR,ERR,ERR,ERR,ERR,ERR,ERR,ERR,ERR,ERR,ERR,ERR,ERR,ERR,ERR,ERR,ERR,ERR,ERR,ERR,ERR,ERR,ERR,ERR,ERR,ERR,ERR,ERR,ERR,ERR,ERR,ERR,ERR,ERR,ERR,ERR,ERR,ERR,ERR,ERR,ERR,ERR,ERR,ERR,ERR,ERR,ERR,ERR,ERR,ERR,ERR,ERR,ERR,ERR,ERR,ERR,ERR,ERR,ERR,ERR,ERR,ERR,ERR,ERR,ERR,ERR,ERR,ERR,ERR,ERR,ERR,ERR,ERR,ERR,ERR,ERR,ERR,ERR,ERR,ERR,ERR,ERR,ERR,ERR,ERR,ERR,ERR,ERR,ERR,ERR,ERR,ERR,ERR,ERR,ERR,ERR,0.0,0.0,-134474944.0,0.0,0.0,1.3936040501711995e+18,7.805,0.0,0,0,4,0,8422,0.0,45,0.0,0.0,0.0,0.0,0.0,0,0,0,0,0.0,0,0,0,0,0,0,0,0,0,0,0,0,0,0,0,0,0,0,0,0,0,0,0,0,0,0,0,0,0,0,0,0,0,38,14,7,45,65476,0,300,0,0,8,21553,0.0,-107605600.0,0.0,0.0,0.0,0.0,0.0,0.0,0.0,0.0,0.0,0.0,0.0,0.0,0.0,0.0,0.0,0.0,0.0,0.0,0.0,0.0,-0.0,2.004,-0.0,0.0,0.0,0.0,0.0,0.0,4792.0,-2.004,0.0,0.0,0.0,-107615280.0,2.718429300292151e+23,0.0,0.0,0.0,0.0,53,-0.0,-0.0,0.0,0.0,0.0,0.0,0.0,0.0,0.0,0,0,0,0.0,0.0,0.0,0.0,0.0,0.0,0.0,0.0,0.0,0.0,0.0,0.0,0.0,0.0,0.0,0.0,0,-107875648.0,53,0.0,106,-107614832.0,-107351008.0,ERR,ERR,ERR,ERR,ERR,ERR,ERR,ERR,ERR,ERR,ERR,ERR,ERR,ERR,ERR,ERR,ERR,ERR,ERR,ERR,ERR,ERR,ERR,ERR,ERR,ERR,ERR,ERR,ERR,ERR,ERR,ERR,ERR,ERR,ERR,ERR,ERR,ERR,ERR,ERR,ERR,ERR,ERR,ERR,ERR,ERR,ERR,ERR,ERR,ERR,ERR,ERR,ERR,ERR,ERR,ERR,ERR,ERR,ERR,ERR,ERR,ERR,ERR,ERR,ERR,ERR,ERR,50.0,60.0,100,0.0,0.0,0.0,0.0,0.0,0.0,0.0,0.0,0.0,0.0,0.0,0.0,0.0,0.0,0.0,0.0,62.0,73,14,65513,50,65476,0,300,0,0,8,20529,65476,0,0,26214,60.0,0.0,0.0,0.0,0.0,0.0
2026-05-17T18:56:33,ERR,ERR,ERR,ERR,ERR,ERR,ERR,ERR,ERR,ERR,ERR,ERR,ERR,ERR,ERR,ERR,ERR,ERR,ERR,ERR,ERR,ERR,ERR,ERR,ERR,ERR,ERR,ERR,ERR,ERR,ERR,ERR,ERR,ERR,ERR,ERR,ERR,ERR,ERR,ERR,ERR,ERR,ERR,ERR,ERR,ERR,ERR,ERR,ERR,ERR,ERR,ERR,ERR,ERR,ERR,ERR,ERR,ERR,ERR,ERR,ERR,ERR,ERR,ERR,ERR,ERR,ERR,ERR,ERR,ERR,ERR,ERR,ERR,ERR,ERR,ERR,ERR,ERR,ERR,ERR,ERR,ERR,ERR,ERR,ERR,ERR,ERR,ERR,ERR,ERR,ERR,ERR,ERR,ERR,ERR,ERR,ERR,ERR,ERR,ERR,ERR,ERR,ERR,ERR,ERR,ERR,ERR,ERR,ERR,ERR,ERR,ERR,ERR,ERR,ERR,ERR,ERR,ERR,ERR,ERR,ERR,ERR,ERR,ERR,ERR,0.0,0.0,-134474944.0,0.0,0.0,1.3936040501711995e+18,7.805,0.0,0,0,4,0,8422,0.0,45,0.0,0.0,0.0,0.0,0.0,0,0,0,0,0.0,0,0,0,0,0,0,0,0,0,0,0,0,0,0,0,0,0,0,0,0,0,0,0,0,0,0,0,0,0,0,0,0,0,38,14,7,45,65476,0,300,0,0,8,21553,0.0,-107605600.0,0.0,0.0,0.0,0.0,0.0,0.0,0.0,0.0,0.0,0.0,0.0,0.0,0.0,0.0,0.0,0.0,0.0,0.0,0.0,0.0,-0.0,2.004,-0.0,0.0,0.0,0.0,0.0,0.0,4792.0,-2.004,0.0,0.0,0.0,-107615280.0,2.718429300292151e+23,0.0,0.0,0.0,0.0,53,-0.0,-0.0,0.0,0.0,0.0,0.0,0.0,0.0,0.0,0,0,0,0.0,0.0,0.0,0.0,0.0,0.0,0.0,0.0,0.0,0.0,0.0,0.0,0.0,0.0,0.0,0.0,0,-107875648.0,53,0.0,106,-107614832.0,-107351008.0,ERR,ERR,ERR,ERR,ERR,ERR,ERR,ERR,ERR,ERR,ERR,ERR,ERR,ERR,ERR,ERR,ERR,ERR,ERR,ERR,ERR,ERR,ERR,ERR,ERR,ERR,ERR,ERR,ERR,ERR,ERR,ERR,ERR,ERR,ERR,ERR,ERR,ERR,ERR,ERR,ERR,ERR,ERR,ERR,ERR,ERR,ERR,ERR,ERR,ERR,ERR,ERR,ERR,ERR,ERR,ERR,ERR,ERR,ERR,ERR,ERR,ERR,ERR,ERR,ERR,ERR,ERR,50.0,60.0,100,0.0,0.0,0.0,0.0,0.0,0.0,0.0,0.0,0.0,0.0,0.0,0.0,0.0,0.0,0.0,0.0,62.0,73,14,65513,50,65476,0,300,0,0,8,20529,65476,0,0,26214,60.0,0.0,0.0,0.0,0.0,0.0
2026-05-17T18:56:34,ERR,ERR,ERR,ERR,ERR,ERR,ERR,ERR,ERR,ERR,ERR,ERR,ERR,ERR,ERR,ERR,ERR,ERR,ERR,ERR,ERR,ERR,ERR,ERR,ERR,ERR,ERR,ERR,ERR,ERR,ERR,ERR,ERR,ERR,ERR,ERR,ERR,ERR,ERR,ERR,ERR,ERR,ERR,ERR,ERR,ERR,ERR,ERR,ERR,ERR,ERR,ERR,ERR,ERR,ERR,ERR,ERR,ERR,ERR,ERR,ERR,ERR,ERR,ERR,ERR,ERR,ERR,ERR,ERR,ERR,ERR,ERR,ERR,ERR,ERR,ERR,ERR,ERR,ERR,ERR,ERR,ERR,ERR,ERR,ERR,ERR,ERR,ERR,ERR,ERR,ERR,ERR,ERR,ERR,ERR,ERR,ERR,ERR,ERR,ERR,ERR,ERR,ERR,ERR,ERR,ERR,ERR,ERR,ERR,ERR,ERR,ERR,ERR,ERR,ERR,ERR,ERR,ERR,ERR,ERR,ERR,ERR,ERR,ERR,ERR,0.0,0.0,-134474944.0,0.0,0.0,1.3936040501711995e+18,7.805,0.0,0,0,4,0,8422,0.0,45,0.0,0.0,0.0,0.0,0.0,0,0,0,0,0.0,0,0,0,0,0,0,0,0,0,0,0,0,0,0,0,0,0,0,0,0,0,0,0,0,0,0,0,0,0,0,0,0,0,38,14,7,45,65476,0,300,0,0,8,21553,0.0,-107605600.0,0.0,0.0,0.0,0.0,0.0,0.0,0.0,0.0,0.0,0.0,0.0,0.0,0.0,0.0,0.0,0.0,0.0,0.0,0.0,0.0,-0.0,2.004,-0.0,0.0,0.0,0.0,0.0,0.0,4792.0,-2.004,0.0,0.0,0.0,-107615280.0,2.718429300292151e+23,0.0,0.0,0.0,0.0,53,-0.0,-0.0,0.0,0.0,0.0,0.0,0.0,0.0,0.0,0,0,0,0.0,0.0,0.0,0.0,0.0,0.0,0.0,0.0,0.0,0.0,0.0,0.0,0.0,0.0,0.0,0.0,0,-107875648.0,53,0.0,106,-107614832.0,-107351008.0,ERR,ERR,ERR,ERR,ERR,ERR,ERR,ERR,ERR,ERR,ERR,ERR,ERR,ERR,ERR,ERR,ERR,ERR,ERR,ERR,ERR,ERR,ERR,ERR,ERR,ERR,ERR,ERR,ERR,ERR,ERR,ERR,ERR,ERR,ERR,ERR,ERR,ERR,ERR,ERR,ERR,ERR,ERR,ERR,ERR,ERR,ERR,ERR,ERR,ERR,ERR,ERR,ERR,ERR,ERR,ERR,ERR,ERR,ERR,ERR,ERR,ERR,ERR,ERR,ERR,ERR,ERR,50.0,60.0,100,0.0,0.0,0.0,0.0,0.0,0.0,0.0,0.0,0.0,0.0,0.0,0.0,0.0,0.0,0.0,0.0,61.6,73,14,65513,50,65476,0,300,0,0,8,20529,65476,0,0,26214,60.0,0.0,0.0,0.0,0.0,0.0
2026-05-17T18:56:35,ERR,ERR,ERR,ERR,ERR,ERR,ERR,ERR,ERR,ERR,ERR,ERR,ERR,ERR,ERR,ERR,ERR,ERR,ERR,ERR,ERR,ERR,ERR,ERR,ERR,ERR,ERR,ERR,ERR,ERR,ERR,ERR,ERR,ERR,ERR,ERR,ERR,ERR,ERR,ERR,ERR,ERR,ERR,ERR,ERR,ERR,ERR,ERR,ERR,ERR,ERR,ERR,ERR,ERR,ERR,ERR,ERR,ERR,ERR,ERR,ERR,ERR,ERR,ERR,ERR,ERR,ERR,ERR,ERR,ERR,ERR,ERR,ERR,ERR,ERR,ERR,ERR,ERR,ERR,ERR,ERR,ERR,ERR,ERR,ERR,ERR,ERR,ERR,ERR,ERR,ERR,ERR,ERR,ERR,ERR,ERR,ERR,ERR,ERR,ERR,ERR,ERR,ERR,ERR,ERR,ERR,ERR,ERR,ERR,ERR,ERR,ERR,ERR,ERR,ERR,ERR,ERR,ERR,ERR,ERR,ERR,ERR,ERR,ERR,ERR,0.0,0.0,-134474944.0,0.0,0.0,1.3936040501711995e+18,7.805,0.0,0,0,4,0,8422,0.0,45,0.0,0.0,0.0,0.0,0.0,0,0,0,0,0.0,0,0,0,0,0,0,0,0,0,0,0,0,0,0,0,0,0,0,0,0,0,0,0,0,0,0,0,0,0,0,0,0,0,38,14,7,45,65476,0,300,0,0,8,21553,0.0,-107605600.0,0.0,0.0,0.0,0.0,0.0,0.0,0.0,0.0,0.0,0.0,0.0,0.0,0.0,0.0,0.0,0.0,0.0,0.0,0.0,0.0,2.004,2.004,-0.0,0.0,0.0,0.0,0.0,0.0,4792.0,-1.0406645142989446e+34,0.0,0.0,0.0,0.0,-0.0,0.0,0.0,0.0,0.0,53,-0.0,0.0,0.0,0.0,0.0,0.0,0.0,0.0,0.0,0,0,0,0.0,0.0,0.0,0.0,0.0,0.0,0.0,0.0,0.0,0.0,0.0,0.0,0.0,0.0,0.0,0.0,0,-107875648.0,53,0.0,106,-107614832.0,-107351008.0,ERR,ERR,ERR,ERR,ERR,ERR,ERR,ERR,ERR,ERR,ERR,ERR,ERR,ERR,ERR,ERR,ERR,ERR,ERR,ERR,ERR,ERR,ERR,ERR,ERR,ERR,ERR,ERR,ERR,ERR,ERR,ERR,ERR,ERR,ERR,ERR,ERR,ERR,ERR,ERR,ERR,ERR,ERR,ERR,ERR,ERR,ERR,ERR,ERR,ERR,ERR,ERR,ERR,ERR,ERR,ERR,ERR,ERR,ERR,ERR,ERR,ERR,ERR,ERR,ERR,ERR,ERR,50.0,60.0,100,0.0,0.0,0.0,0.0,0.0,0.0,0.0,0.0,0.0,0.0,0.0,0.0,0.0,0.0,0.0,0.0,61.6,73,14,65513,50,65476,0,300,0,0,8,20529,65476,0,0,26214,60.0,0.0,0.0,0.0,0.0,0.0
2026-05-17T18:56:36,ERR,ERR,ERR,ERR,ERR,ERR,ERR,ERR,ERR,ERR,ERR,ERR,ERR,ERR,ERR,ERR,ERR,ERR,ERR,ERR,ERR,ERR,ERR,ERR,ERR,ERR,ERR,ERR,ERR,ERR,ERR,ERR,ERR,ERR,ERR,ERR,ERR,ERR,ERR,ERR,ERR,ERR,ERR,ERR,ERR,ERR,ERR,ERR,ERR,ERR,ERR,ERR,ERR,ERR,ERR,ERR,ERR,ERR,ERR,ERR,ERR,ERR,ERR,ERR,ERR,ERR,ERR,ERR,ERR,ERR,ERR,ERR,ERR,ERR,ERR,ERR,ERR,ERR,ERR,ERR,ERR,ERR,ERR,ERR,ERR,ERR,ERR,ERR,ERR,ERR,ERR,ERR,ERR,ERR,ERR,ERR,ERR,ERR,ERR,ERR,ERR,ERR,ERR,ERR,ERR,ERR,ERR,ERR,ERR,ERR,ERR,ERR,ERR,ERR,ERR,ERR,ERR,ERR,ERR,ERR,ERR,ERR,ERR,ERR,ERR,0.0,0.0,-134474944.0,0.0,0.0,1.3936040501711995e+18,7.805,0.0,0,0,4,0,8422,0.0,45,0.0,0.0,0.0,0.0,0.0,0,0,0,0,0.0,0,0,0,0,0,0,0,0,0,0,0,0,0,0,0,0,0,0,0,0,0,0,0,0,0,0,0,0,0,0,0,0,0,38,14,7,45,65476,0,300,0,0,8,21553,0.0,-107605600.0,0.0,0.0,0.0,0.0,0.0,0.0,0.0,0.0,0.0,0.0,0.0,0.0,0.0,0.0,0.0,0.0,0.0,0.0,0.0,0.0,2.004,2.004,-0.0,0.0,0.0,0.0,0.0,0.0,4792.0,-1.0406645142989446e+34,0.0,0.0,0.0,0.0,-0.0,0.0,0.0,0.0,0.0,53,-0.0,0.0,0.0,0.0,0.0,0.0,0.0,0.0,0.0,0,0,0,0.0,0.0,0.0,0.0,0.0,0.0,0.0,0.0,0.0,0.0,0.0,0.0,0.0,0.0,0.0,0.0,0,-107875648.0,53,0.0,106,-107614832.0,-107351008.0,ERR,ERR,ERR,ERR,ERR,ERR,ERR,ERR,ERR,ERR,ERR,ERR,ERR,ERR,ERR,ERR,ERR,ERR,ERR,ERR,ERR,ERR,ERR,ERR,ERR,ERR,ERR,ERR,ERR,ERR,ERR,ERR,ERR,ERR,ERR,ERR,ERR,ERR,ERR,ERR,ERR,ERR,ERR,ERR,ERR,ERR,ERR,ERR,ERR,ERR,ERR,ERR,ERR,ERR,ERR,ERR,ERR,ERR,ERR,ERR,ERR,ERR,ERR,ERR,ERR,ERR,ERR,50.0,60.0,100,0.0,0.0,0.0,0.0,0.0,0.0,0.0,0.0,0.0,0.0,0.0,0.0,0.0,0.0,0.0,0.0,62.0,73,14,65513,50,65476,0,300,0,0,8,20529,65476,0,0,26214,60.0,0.0,0.0,0.0,0.0,0.0
2026-05-17T18:56:37,ERR,ERR,ERR,ERR,ERR,ERR,ERR,ERR,ERR,ERR,ERR,ERR,ERR,ERR,ERR,ERR,ERR,ERR,ERR,ERR,ERR,ERR,ERR,ERR,ERR,ERR,ERR,ERR,ERR,ERR,ERR,ERR,ERR,ERR,ERR,ERR,ERR,ERR,ERR,ERR,ERR,ERR,ERR,ERR,ERR,ERR,ERR,ERR,ERR,ERR,ERR,ERR,ERR,ERR,ERR,ERR,ERR,ERR,ERR,ERR,ERR,ERR,ERR,ERR,ERR,ERR,ERR,ERR,ERR,ERR,ERR,ERR,ERR,ERR,ERR,ERR,ERR,ERR,ERR,ERR,ERR,ERR,ERR,ERR,ERR,ERR,ERR,ERR,ERR,ERR,ERR,ERR,ERR,ERR,ERR,ERR,ERR,ERR,ERR,ERR,ERR,ERR,ERR,ERR,ERR,ERR,ERR,ERR,ERR,ERR,ERR,ERR,ERR,ERR,ERR,ERR,ERR,ERR,ERR,ERR,ERR,ERR,ERR,ERR,ERR,0.0,0.0,-134474944.0,0.0,0.0,1.3936040501711995e+18,7.805,0.0,0,0,4,0,8422,0.0,45,0.0,0.0,0.0,0.0,0.0,0,0,0,0,0.0,0,0,0,0,0,0,0,0,0,0,0,0,0,0,0,0,0,0,0,0,0,0,0,0,0,0,0,0,0,0,0,0,0,38,14,7,45,65476,0,300,0,0,8,21553,0.0,-107605600.0,0.0,0.0,0.0,0.0,0.0,0.0,0.0,0.0,0.0,0.0,0.0,0.0,0.0,0.0,0.0,0.0,0.0,0.0,0.0,0.0,2.004,2.004,-0.0,0.0,0.0,0.0,0.0,0.0,4792.0,-1.0406645142989446e+34,0.0,0.0,0.0,0.0,-0.0,0.0,0.0,0.0,0.0,53,-0.0,0.0,0.0,0.0,0.0,0.0,0.0,0.0,0.0,0,0,0,0.0,0.0,0.0,0.0,0.0,0.0,0.0,0.0,0.0,0.0,0.0,0.0,0.0,0.0,0.0,0.0,0,-107875648.0,53,0.0,106,-107614832.0,-107351008.0,ERR,ERR,ERR,ERR,ERR,ERR,ERR,ERR,ERR,ERR,ERR,ERR,ERR,ERR,ERR,ERR,ERR,ERR,ERR,ERR,ERR,ERR,ERR,ERR,ERR,ERR,ERR,ERR,ERR,ERR,ERR,ERR,ERR,ERR,ERR,ERR,ERR,ERR,ERR,ERR,ERR,ERR,ERR,ERR,ERR,ERR,ERR,ERR,ERR,ERR,ERR,ERR,ERR,ERR,ERR,ERR,ERR,ERR,ERR,ERR,ERR,ERR,ERR,ERR,ERR,ERR,ERR,50.0,60.0,100,0.0,0.0,0.0,0.0,0.0,0.0,0.0,0.0,0.0,0.0,0.0,0.0,0.0,0.0,0.0,0.0,62.0,73,14,65513,50,65476,0,300,0,0,8,20529,65476,0,0,26214,60.0,0.0,0.0,0.0,0.0,0.0
2026-05-17T18:56:38,ERR,ERR,ERR,ERR,ERR,ERR,ERR,ERR,ERR,ERR,ERR,ERR,ERR,ERR,ERR,ERR,ERR,ERR,ERR,ERR,ERR,ERR,ERR,ERR,ERR,ERR,ERR,ERR,ERR,ERR,ERR,ERR,ERR,ERR,ERR,ERR,ERR,ERR,ERR,ERR,ERR,ERR,ERR,ERR,ERR,ERR,ERR,ERR,ERR,ERR,ERR,ERR,ERR,ERR,ERR,ERR,ERR,ERR,ERR,ERR,ERR,ERR,ERR,ERR,ERR,ERR,ERR,ERR,ERR,ERR,ERR,ERR,ERR,ERR,ERR,ERR,ERR,ERR,ERR,ERR,ERR,ERR,ERR,ERR,ERR,ERR,ERR,ERR,ERR,ERR,ERR,ERR,ERR,ERR,ERR,ERR,ERR,ERR,ERR,ERR,ERR,ERR,ERR,ERR,ERR,ERR,ERR,ERR,ERR,ERR,ERR,ERR,ERR,ERR,ERR,ERR,ERR,ERR,ERR,ERR,ERR,ERR,ERR,ERR,ERR,0.0,0.0,-134474944.0,0.0,0.0,1.3936040501711995e+18,7.805,0.0,0,0,4,0,8422,0.0,45,0.0,0.0,0.0,0.0,0.0,0,0,0,0,0.0,0,0,0,0,0,0,0,0,0,0,0,0,0,0,0,0,0,0,0,0,0,0,0,0,0,0,0,0,0,0,0,0,0,38,14,7,45,65476,0,300,0,0,8,21553,0.0,-107605600.0,0.0,0.0,0.0,0.0,0.0,0.0,0.0,0.0,0.0,0.0,0.0,0.0,0.0,0.0,0.0,0.0,0.0,0.0,0.0,0.0,2.004,2.004,-0.0,0.0,0.0,0.0,0.0,0.0,4792.0,-1.0406645142989446e+34,0.0,0.0,0.0,0.0,-0.0,0.0,0.0,0.0,0.0,53,-0.0,0.0,0.0,0.0,0.0,0.0,0.0,0.0,0.0,0,0,0,0.0,0.0,0.0,0.0,0.0,0.0,0.0,0.0,0.0,0.0,0.0,0.0,0.0,0.0,0.0,0.0,0,-107875648.0,53,0.0,106,-107614832.0,-107351008.0,ERR,ERR,ERR,ERR,ERR,ERR,ERR,ERR,ERR,ERR,ERR,ERR,ERR,ERR,ERR,ERR,ERR,ERR,ERR,ERR,ERR,ERR,ERR,ERR,ERR,ERR,ERR,ERR,ERR,ERR,ERR,ERR,ERR,ERR,ERR,ERR,ERR,ERR,ERR,ERR,ERR,ERR,ERR,ERR,ERR,ERR,ERR,ERR,ERR,ERR,ERR,ERR,ERR,ERR,ERR,ERR,ERR,ERR,ERR,ERR,ERR,ERR,ERR,ERR,ERR,ERR,ERR,50.0,60.0,100,0.0,0.0,0.0,0.0,0.0,0.0,0.0,0.0,0.0,0.0,0.0,0.0,0.0,0.0,0.0,0.0,61.6,73,14,65513,50,65476,0,300,0,0,8,20529,65476,0,0,26214,60.0,0.0,0.0,0.0,0.0,0.0
2026-05-17T18:56:39,ERR,ERR,ERR,ERR,ERR,ERR,ERR,ERR,ERR,ERR,ERR,ERR,ERR,ERR,ERR,ERR,ERR,ERR,ERR,ERR,ERR,ERR,ERR,ERR,ERR,ERR,ERR,ERR,ERR,ERR,ERR,ERR,ERR,ERR,ERR,ERR,ERR,ERR,ERR,ERR,ERR,ERR,ERR,ERR,ERR,ERR,ERR,ERR,ERR,ERR,ERR,ERR,ERR,ERR,ERR,ERR,ERR,ERR,ERR,ERR,ERR,ERR,ERR,ERR,ERR,ERR,ERR,ERR,ERR,ERR,ERR,ERR,ERR,ERR,ERR,ERR,ERR,ERR,ERR,ERR,ERR,ERR,ERR,ERR,ERR,ERR,ERR,ERR,ERR,ERR,ERR,ERR,ERR,ERR,ERR,ERR,ERR,ERR,ERR,ERR,ERR,ERR,ERR,ERR,ERR,ERR,ERR,ERR,ERR,ERR,ERR,ERR,ERR,ERR,ERR,ERR,ERR,ERR,ERR,ERR,ERR,ERR,ERR,ERR,ERR,0.0,0.0,-134474944.0,0.0,0.0,1.3936040501711995e+18,7.805,0.0,0,0,4,0,8422,0.0,45,0.0,0.0,0.0,0.0,0.0,0,0,0,0,0.0,0,0,0,0,0,0,0,0,0,0,0,0,0,0,0,0,0,0,0,0,0,0,0,0,0,0,0,0,0,0,0,0,0,38,14,7,45,65476,0,300,0,0,8,21553,0.0,-107605600.0,0.0,0.0,0.0,0.0,0.0,0.0,0.0,0.0,0.0,0.0,0.0,0.0,0.0,0.0,0.0,0.0,0.0,0.0,0.0,0.0,2.004,2.004,-0.0,0.0,0.0,0.0,0.0,0.0,4792.0,-1.0406645142989446e+34,0.0,0.0,0.0,0.0,-0.0,0.0,0.0,0.0,0.0,53,-0.0,0.0,0.0,0.0,0.0,0.0,0.0,0.0,0.0,0,0,0,0.0,0.0,0.0,0.0,0.0,0.0,0.0,0.0,0.0,0.0,0.0,0.0,0.0,0.0,0.0,0.0,0,-107875648.0,53,0.0,106,-107614832.0,-107351008.0,ERR,ERR,ERR,ERR,ERR,ERR,ERR,ERR,ERR,ERR,ERR,ERR,ERR,ERR,ERR,ERR,ERR,ERR,ERR,ERR,ERR,ERR,ERR,ERR,ERR,ERR,ERR,ERR,ERR,ERR,ERR,ERR,ERR,ERR,ERR,ERR,ERR,ERR,ERR,ERR,ERR,ERR,ERR,ERR,ERR,ERR,ERR,ERR,ERR,ERR,ERR,ERR,ERR,ERR,ERR,ERR,ERR,ERR,ERR,ERR,ERR,ERR,ERR,ERR,ERR,ERR,ERR,50.0,60.0,100,0.0,0.0,0.0,0.0,0.0,0.0,0.0,0.0,0.0,0.0,0.0,0.0,0.0,0.0,0.0,0.0,62.0,73,14,65513,50,65476,0,300,0,0,8,20529,65476,0,0,26214,60.0,0.0,0.0,0.0,0.0,0.0
2026-05-17T18:56:40,ERR,ERR,ERR,ERR,ERR,ERR,ERR,ERR,ERR,ERR,ERR,ERR,ERR,ERR,ERR,ERR,ERR,ERR,ERR,ERR,ERR,ERR,ERR,ERR,ERR,ERR,ERR,ERR,ERR,ERR,ERR,ERR,ERR,ERR,ERR,ERR,ERR,ERR,ERR,ERR,ERR,ERR,ERR,ERR,ERR,ERR,ERR,ERR,ERR,ERR,ERR,ERR,ERR,ERR,ERR,ERR,ERR,ERR,ERR,ERR,ERR,ERR,ERR,ERR,ERR,ERR,ERR,ERR,ERR,ERR,ERR,ERR,ERR,ERR,ERR,ERR,ERR,ERR,ERR,ERR,ERR,ERR,ERR,ERR,ERR,ERR,ERR,ERR,ERR,ERR,ERR,ERR,ERR,ERR,ERR,ERR,ERR,ERR,ERR,ERR,ERR,ERR,ERR,ERR,ERR,ERR,ERR,ERR,ERR,ERR,ERR,ERR,ERR,ERR,ERR,ERR,ERR,ERR,ERR,ERR,ERR,ERR,ERR,ERR,ERR,0.0,0.0,-134474944.0,0.0,0.0,1.3936040501711995e+18,7.805,0.0,0,0,4,0,8422,0.0,45,0.0,0.0,0.0,0.0,0.0,0,0,0,0,0.0,0,0,0,0,0,0,0,0,0,0,0,0,0,0,0,0,0,0,0,0,0,0,0,0,0,0,0,0,0,0,0,0,0,38,14,7,45,65476,0,300,0,0,8,21553,0.0,-107605600.0,0.0,0.0,0.0,0.0,0.0,0.0,0.0,0.0,0.0,0.0,0.0,0.0,0.0,0.0,0.0,0.0,0.0,0.0,0.0,0.0,2.004,2.004,-0.0,0.0,0.0,0.0,0.0,0.0,4827.0,-0.0,0.0,0.0,0.0,-107615280.0,2.718429300292151e+23,0.0,0.0,0.0,0.0,53,-0.0,-152017146216448.0,0.0,0.0,0.0,0.0,0.0,0.0,0.0,0,0,0,0.0,0.0,0.0,0.0,0.0,0.0,0.0,0.0,0.0,0.0,0.0,0.0,0.0,0.0,0.0,0.0,0,-107875648.0,53,0.0,106,-107614832.0,-107351008.0,ERR,ERR,ERR,ERR,ERR,ERR,ERR,ERR,ERR,ERR,ERR,ERR,ERR,ERR,ERR,ERR,ERR,ERR,ERR,ERR,ERR,ERR,ERR,ERR,ERR,ERR,ERR,ERR,ERR,ERR,ERR,ERR,ERR,ERR,ERR,ERR,ERR,ERR,ERR,ERR,ERR,ERR,ERR,ERR,ERR,ERR,ERR,ERR,ERR,ERR,ERR,ERR,ERR,ERR,ERR,ERR,ERR,ERR,ERR,ERR,ERR,ERR,ERR,ERR,ERR,ERR,ERR,50.0,60.0,100,0.0,0.0,0.0,0.0,0.0,0.0,0.0,0.0,0.0,0.0,0.0,0.0,0.0,0.0,0.0,0.0,62.0,73,14,65513,50,65476,0,300,0,0,8,20529,65476,0,0,26214,60.0,0.0,0.0,0.0,0.0,0.0
2026-05-17T18:56:41,ERR,ERR,ERR,ERR,ERR,ERR,ERR,ERR,ERR,ERR,ERR,ERR,ERR,ERR,ERR,ERR,ERR,ERR,ERR,ERR,ERR,ERR,ERR,ERR,ERR,ERR,ERR,ERR,ERR,ERR,ERR,ERR,ERR,ERR,ERR,ERR,ERR,ERR,ERR,ERR,ERR,ERR,ERR,ERR,ERR,ERR,ERR,ERR,ERR,ERR,ERR,ERR,ERR,ERR,ERR,ERR,ERR,ERR,ERR,ERR,ERR,ERR,ERR,ERR,ERR,ERR,ERR,ERR,ERR,ERR,ERR,ERR,ERR,ERR,ERR,ERR,ERR,ERR,ERR,ERR,ERR,ERR,ERR,ERR,ERR,ERR,ERR,ERR,ERR,ERR,ERR,ERR,ERR,ERR,ERR,ERR,ERR,ERR,ERR,ERR,ERR,ERR,ERR,ERR,ERR,ERR,ERR,ERR,ERR,ERR,ERR,ERR,ERR,ERR,ERR,ERR,ERR,ERR,ERR,ERR,ERR,ERR,ERR,ERR,ERR,0.0,0.0,-134474944.0,0.0,0.0,1.3936040501711995e+18,7.805,0.0,0,0,4,0,8422,0.0,45,0.0,0.0,0.0,0.0,0.0,0,0,0,0,0.0,0,0,0,0,0,0,0,0,0,0,0,0,0,0,0,0,0,0,0,0,0,0,0,0,0,0,0,0,0,0,0,0,0,38,14,7,45,65476,0,300,0,0,8,21553,0.0,-107605600.0,0.0,0.0,0.0,0.0,0.0,0.0,0.0,0.0,0.0,0.0,0.0,0.0,0.0,0.0,0.0,0.0,0.0,0.0,0.0,0.0,2.004,2.004,-0.0,0.0,0.0,0.0,0.0,0.0,4827.0,-0.0,0.0,0.0,0.0,-107615280.0,2.718429300292151e+23,0.0,0.0,0.0,0.0,53,-0.0,-152017146216448.0,0.0,0.0,0.0,0.0,0.0,0.0,0.0,0,0,0,0.0,0.0,0.0,0.0,0.0,0.0,0.0,0.0,0.0,0.0,0.0,0.0,0.0,0.0,0.0,0.0,0,-107875648.0,53,0.0,106,-107614832.0,-107351008.0,ERR,ERR,ERR,ERR,ERR,ERR,ERR,ERR,ERR,ERR,ERR,ERR,ERR,ERR,ERR,ERR,ERR,ERR,ERR,ERR,ERR,ERR,ERR,ERR,ERR,ERR,ERR,ERR,ERR,ERR,ERR,ERR,ERR,ERR,ERR,ERR,ERR,ERR,ERR,ERR,ERR,ERR,ERR,ERR,ERR,ERR,ERR,ERR,ERR,ERR,ERR,ERR,ERR,ERR,ERR,ERR,ERR,ERR,ERR,ERR,ERR,ERR,ERR,ERR,ERR,ERR,ERR,50.0,60.0,100,0.0,0.0,0.0,0.0,0.0,0.0,0.0,0.0,0.0,0.0,0.0,0.0,0.0,0.0,0.0,0.0,62.0,73,14,65513,50,65476,0,300,0,0,8,20529,65476,0,0,26214,60.0,0.0,0.0,0.0,0.0,0.0
2026-05-17T18:56:42,ERR,ERR,ERR,ERR,ERR,ERR,ERR,ERR,ERR,ERR,ERR,ERR,ERR,ERR,ERR,ERR,ERR,ERR,ERR,ERR,ERR,ERR,ERR,ERR,ERR,ERR,ERR,ERR,ERR,ERR,ERR,ERR,ERR,ERR,ERR,ERR,ERR,ERR,ERR,ERR,ERR,ERR,ERR,ERR,ERR,ERR,ERR,ERR,ERR,ERR,ERR,ERR,ERR,ERR,ERR,ERR,ERR,ERR,ERR,ERR,ERR,ERR,ERR,ERR,ERR,ERR,ERR,ERR,ERR,ERR,ERR,ERR,ERR,ERR,ERR,ERR,ERR,ERR,ERR,ERR,ERR,ERR,ERR,ERR,ERR,ERR,ERR,ERR,ERR,ERR,ERR,ERR,ERR,ERR,ERR,ERR,ERR,ERR,ERR,ERR,ERR,ERR,ERR,ERR,ERR,ERR,ERR,ERR,ERR,ERR,ERR,ERR,ERR,ERR,ERR,ERR,ERR,ERR,ERR,ERR,ERR,ERR,ERR,ERR,ERR,0.0,0.0,-134474944.0,0.0,0.0,1.3936040501711995e+18,7.805,0.0,0,0,4,0,8422,0.0,45,0.0,0.0,0.0,0.0,0.0,0,0,0,0,0.0,0,0,0,0,0,0,0,0,0,0,0,0,0,0,0,0,0,0,0,0,0,0,0,0,0,0,0,0,0,0,0,0,0,38,14,7,45,65476,0,300,0,0,8,21553,0.0,-107605600.0,0.0,0.0,0.0,0.0,0.0,0.0,0.0,0.0,0.0,0.0,0.0,0.0,0.0,0.0,0.0,0.0,0.0,0.0,0.0,0.0,2.004,2.004,-0.0,0.0,0.0,0.0,0.0,0.0,4827.0,-0.0,0.0,0.0,0.0,-107615280.0,2.718429300292151e+23,0.0,0.0,0.0,0.0,53,-0.0,-152017146216448.0,0.0,0.0,0.0,0.0,0.0,0.0,0.0,0,0,0,0.0,0.0,0.0,0.0,0.0,0.0,0.0,0.0,0.0,0.0,0.0,0.0,0.0,0.0,0.0,0.0,0,-107875648.0,53,0.0,106,-107614832.0,-107351008.0,ERR,ERR,ERR,ERR,ERR,ERR,ERR,ERR,ERR,ERR,ERR,ERR,ERR,ERR,ERR,ERR,ERR,ERR,ERR,ERR,ERR,ERR,ERR,ERR,ERR,ERR,ERR,ERR,ERR,ERR,ERR,ERR,ERR,ERR,ERR,ERR,ERR,ERR,ERR,ERR,ERR,ERR,ERR,ERR,ERR,ERR,ERR,ERR,ERR,ERR,ERR,ERR,ERR,ERR,ERR,ERR,ERR,ERR,ERR,ERR,ERR,ERR,ERR,ERR,ERR,ERR,ERR,50.0,60.0,100,0.0,0.0,0.0,0.0,0.0,0.0,0.0,0.0,0.0,0.0,0.0,0.0,0.0,0.0,0.0,0.0,62.0,73,14,65513,50,65476,0,300,0,0,8,20529,65476,0,0,26214,60.0,0.0,0.0,0.0,0.0,0.0
2026-05-17T18:56:43,ERR,ERR,ERR,ERR,ERR,ERR,ERR,ERR,ERR,ERR,ERR,ERR,ERR,ERR,ERR,ERR,ERR,ERR,ERR,ERR,ERR,ERR,ERR,ERR,ERR,ERR,ERR,ERR,ERR,ERR,ERR,ERR,ERR,ERR,ERR,ERR,ERR,ERR,ERR,ERR,ERR,ERR,ERR,ERR,ERR,ERR,ERR,ERR,ERR,ERR,ERR,ERR,ERR,ERR,ERR,ERR,ERR,ERR,ERR,ERR,ERR,ERR,ERR,ERR,ERR,ERR,ERR,ERR,ERR,ERR,ERR,ERR,ERR,ERR,ERR,ERR,ERR,ERR,ERR,ERR,ERR,ERR,ERR,ERR,ERR,ERR,ERR,ERR,ERR,ERR,ERR,ERR,ERR,ERR,ERR,ERR,ERR,ERR,ERR,ERR,ERR,ERR,ERR,ERR,ERR,ERR,ERR,ERR,ERR,ERR,ERR,ERR,ERR,ERR,ERR,ERR,ERR,ERR,ERR,ERR,ERR,ERR,ERR,ERR,ERR,0.0,0.0,-134474944.0,0.0,0.0,1.3936040501711995e+18,7.805,0.0,0,0,4,0,8422,0.0,45,0.0,0.0,0.0,0.0,0.0,0,0,0,0,0.0,0,0,0,0,0,0,0,0,0,0,0,0,0,0,0,0,0,0,0,0,0,0,0,0,0,0,0,0,0,0,0,0,0,38,14,7,45,65476,0,300,0,0,8,21553,0.0,-107605600.0,0.0,0.0,0.0,0.0,0.0,0.0,0.0,0.0,0.0,0.0,0.0,0.0,0.0,0.0,0.0,0.0,0.0,0.0,0.0,0.0,2.004,2.004,-0.0,0.0,0.0,0.0,0.0,0.0,4827.0,-0.0,0.0,0.0,0.0,-107615280.0,2.718429300292151e+23,0.0,0.0,0.0,0.0,53,-0.0,-152017146216448.0,0.0,0.0,0.0,0.0,0.0,0.0,0.0,0,0,0,0.0,0.0,0.0,0.0,0.0,0.0,0.0,0.0,0.0,0.0,0.0,0.0,0.0,0.0,0.0,0.0,0,-107875648.0,53,0.0,106,-107614832.0,-107351008.0,ERR,ERR,ERR,ERR,ERR,ERR,ERR,ERR,ERR,ERR,ERR,ERR,ERR,ERR,ERR,ERR,ERR,ERR,ERR,ERR,ERR,ERR,ERR,ERR,ERR,ERR,ERR,ERR,ERR,ERR,ERR,ERR,ERR,ERR,ERR,ERR,ERR,ERR,ERR,ERR,ERR,ERR,ERR,ERR,ERR,ERR,ERR,ERR,ERR,ERR,ERR,ERR,ERR,ERR,ERR,ERR,ERR,ERR,ERR,ERR,ERR,ERR,ERR,ERR,ERR,ERR,ERR,50.0,60.0,100,0.0,0.0,0.0,0.0,0.0,0.0,0.0,0.0,0.0,0.0,0.0,0.0,0.0,0.0,0.0,0.0,61.6,73,14,65513,50,65476,0,300,0,0,8,20529,65476,0,0,26214,60.0,0.0,0.0,0.0,0.0,0.0
2026-05-17T18:56:44,ERR,ERR,ERR,ERR,ERR,ERR,ERR,ERR,ERR,ERR,ERR,ERR,ERR,ERR,ERR,ERR,ERR,ERR,ERR,ERR,ERR,ERR,ERR,ERR,ERR,ERR,ERR,ERR,ERR,ERR,ERR,ERR,ERR,ERR,ERR,ERR,ERR,ERR,ERR,ERR,ERR,ERR,ERR,ERR,ERR,ERR,ERR,ERR,ERR,ERR,ERR,ERR,ERR,ERR,ERR,ERR,ERR,ERR,ERR,ERR,ERR,ERR,ERR,ERR,ERR,ERR,ERR,ERR,ERR,ERR,ERR,ERR,ERR,ERR,ERR,ERR,ERR,ERR,ERR,ERR,ERR,ERR,ERR,ERR,ERR,ERR,ERR,ERR,ERR,ERR,ERR,ERR,ERR,ERR,ERR,ERR,ERR,ERR,ERR,ERR,ERR,ERR,ERR,ERR,ERR,ERR,ERR,ERR,ERR,ERR,ERR,ERR,ERR,ERR,ERR,ERR,ERR,ERR,ERR,ERR,ERR,ERR,ERR,ERR,ERR,0.0,0.0,-134474944.0,0.0,0.0,1.3936040501711995e+18,7.805,0.0,0,0,4,0,8422,0.0,45,0.0,0.0,0.0,0.0,0.0,0,0,0,0,0.0,0,0,0,0,0,0,0,0,0,0,0,0,0,0,0,0,0,0,0,0,0,0,0,0,0,0,0,0,0,0,0,0,0,38,14,7,45,65476,0,300,0,0,8,21553,0.0,-107605600.0,0.0,0.0,0.0,0.0,0.0,0.0,0.0,0.0,0.0,0.0,0.0,0.0,0.0,0.0,0.0,0.0,0.0,0.0,0.0,0.0,2.004,2.004,-0.0,0.0,0.0,0.0,0.0,0.0,4827.0,-0.0,0.0,0.0,0.0,-107615280.0,2.718429300292151e+23,0.0,0.0,0.0,0.0,53,-0.0,-152017146216448.0,0.0,0.0,0.0,0.0,0.0,0.0,0.0,0,0,0,0.0,0.0,0.0,0.0,0.0,0.0,0.0,0.0,0.0,0.0,0.0,0.0,0.0,0.0,0.0,0.0,0,-107875648.0,53,0.0,106,-107614832.0,-107351008.0,ERR,ERR,ERR,ERR,ERR,ERR,ERR,ERR,ERR,ERR,ERR,ERR,ERR,ERR,ERR,ERR,ERR,ERR,ERR,ERR,ERR,ERR,ERR,ERR,ERR,ERR,ERR,ERR,ERR,ERR,ERR,ERR,ERR,ERR,ERR,ERR,ERR,ERR,ERR,ERR,ERR,ERR,ERR,ERR,ERR,ERR,ERR,ERR,ERR,ERR,ERR,ERR,ERR,ERR,ERR,ERR,ERR,ERR,ERR,ERR,ERR,ERR,ERR,ERR,ERR,ERR,ERR,50.0,60.0,100,0.0,0.0,0.0,0.0,0.0,0.0,0.0,0.0,0.0,0.0,0.0,0.0,0.0,0.0,0.0,0.0,61.6,73,14,65513,50,65476,0,300,0,0,8,20529,65476,0,0,26214,60.0,0.0,0.0,0.0,0.0,0.0
2026-05-17T18:56:45,ERR,ERR,ERR,ERR,ERR,ERR,ERR,ERR,ERR,ERR,ERR,ERR,ERR,ERR,ERR,ERR,ERR,ERR,ERR,ERR,ERR,ERR,ERR,ERR,ERR,ERR,ERR,ERR,ERR,ERR,ERR,ERR,ERR,ERR,ERR,ERR,ERR,ERR,ERR,ERR,ERR,ERR,ERR,ERR,ERR,ERR,ERR,ERR,ERR,ERR,ERR,ERR,ERR,ERR,ERR,ERR,ERR,ERR,ERR,ERR,ERR,ERR,ERR,ERR,ERR,ERR,ERR,ERR,ERR,ERR,ERR,ERR,ERR,ERR,ERR,ERR,ERR,ERR,ERR,ERR,ERR,ERR,ERR,ERR,ERR,ERR,ERR,ERR,ERR,ERR,ERR,ERR,ERR,ERR,ERR,ERR,ERR,ERR,ERR,ERR,ERR,ERR,ERR,ERR,ERR,ERR,ERR,ERR,ERR,ERR,ERR,ERR,ERR,ERR,ERR,ERR,ERR,ERR,ERR,ERR,ERR,ERR,ERR,ERR,ERR,0.0,0.0,-134474944.0,0.0,0.0,1.3936040501711995e+18,7.805,0.0,0,0,4,0,8422,0.0,45,0.0,0.0,0.0,0.0,0.0,0,0,0,0,0.0,0,0,0,0,0,0,0,0,0,0,0,0,0,0,0,0,0,0,0,0,0,0,0,0,0,0,0,0,0,0,0,0,0,38,14,7,45,65476,0,300,0,0,8,21553,0.0,-107605600.0,0.0,0.0,0.0,0.0,0.0,0.0,0.0,0.0,0.0,0.0,0.0,0.0,0.0,0.0,0.0,0.0,0.0,0.0,0.0,0.0,2.004,2.004,-0.0,0.0,0.0,0.0,0.0,0.0,4826.0,-0.0,0.0,0.0,0.0,0.0,2.718429300292151e+23,0.0,0.0,0.0,0.0,53,-0.0,-0.0,0.0,0.0,0.0,0.0,0.0,0.0,0.0,0,0,0,0.0,0.0,0.0,0.0,0.0,0.0,0.0,0.0,0.0,0.0,0.0,0.0,0.0,0.0,0.0,0.0,0,-107875648.0,53,0.0,106,-107614832.0,-107351008.0,ERR,ERR,ERR,ERR,ERR,ERR,ERR,ERR,ERR,ERR,ERR,ERR,ERR,ERR,ERR,ERR,ERR,ERR,ERR,ERR,ERR,ERR,ERR,ERR,ERR,ERR,ERR,ERR,ERR,ERR,ERR,ERR,ERR,ERR,ERR,ERR,ERR,ERR,ERR,ERR,ERR,ERR,ERR,ERR,ERR,ERR,ERR,ERR,ERR,ERR,ERR,ERR,ERR,ERR,ERR,ERR,ERR,ERR,ERR,ERR,ERR,ERR,ERR,ERR,ERR,ERR,ERR,50.0,60.0,100,0.0,0.0,0.0,0.0,0.0,0.0,0.0,0.0,0.0,0.0,0.0,0.0,0.0,0.0,0.0,0.0,62.0,73,14,65513,50,65476,0,300,0,0,8,20529,65476,0,0,26214,60.0,0.0,0.0,0.0,0.0,0.0
2026-05-17T18:56:46,ERR,ERR,ERR,ERR,ERR,ERR,ERR,ERR,ERR,ERR,ERR,ERR,ERR,ERR,ERR,ERR,ERR,ERR,ERR,ERR,ERR,ERR,ERR,ERR,ERR,ERR,ERR,ERR,ERR,ERR,ERR,ERR,ERR,ERR,ERR,ERR,ERR,ERR,ERR,ERR,ERR,ERR,ERR,ERR,ERR,ERR,ERR,ERR,ERR,ERR,ERR,ERR,ERR,ERR,ERR,ERR,ERR,ERR,ERR,ERR,ERR,ERR,ERR,ERR,ERR,ERR,ERR,ERR,ERR,ERR,ERR,ERR,ERR,ERR,ERR,ERR,ERR,ERR,ERR,ERR,ERR,ERR,ERR,ERR,ERR,ERR,ERR,ERR,ERR,ERR,ERR,ERR,ERR,ERR,ERR,ERR,ERR,ERR,ERR,ERR,ERR,ERR,ERR,ERR,ERR,ERR,ERR,ERR,ERR,ERR,ERR,ERR,ERR,ERR,ERR,ERR,ERR,ERR,ERR,ERR,ERR,ERR,ERR,ERR,ERR,0.0,0.0,-134474944.0,0.0,0.0,1.3936040501711995e+18,7.805,0.0,0,0,4,0,8422,0.0,45,0.0,0.0,0.0,0.0,0.0,0,0,0,0,0.0,0,0,0,0,0,0,0,0,0,0,0,0,0,0,0,0,0,0,0,0,0,0,0,0,0,0,0,0,0,0,0,0,0,38,14,7,45,65476,0,300,0,0,8,21553,0.0,-107605600.0,0.0,0.0,0.0,0.0,0.0,0.0,0.0,0.0,0.0,0.0,0.0,0.0,0.0,0.0,0.0,0.0,0.0,0.0,0.0,0.0,2.004,2.004,-0.0,0.0,0.0,0.0,0.0,0.0,4826.0,-0.0,0.0,0.0,0.0,0.0,2.718429300292151e+23,0.0,0.0,0.0,0.0,53,-0.0,-0.0,0.0,0.0,0.0,0.0,0.0,0.0,0.0,0,0,0,0.0,0.0,0.0,0.0,0.0,0.0,0.0,0.0,0.0,0.0,0.0,0.0,0.0,0.0,0.0,0.0,0,-107875648.0,53,0.0,106,-107614832.0,-107351008.0,ERR,ERR,ERR,ERR,ERR,ERR,ERR,ERR,ERR,ERR,ERR,ERR,ERR,ERR,ERR,ERR,ERR,ERR,ERR,ERR,ERR,ERR,ERR,ERR,ERR,ERR,ERR,ERR,ERR,ERR,ERR,ERR,ERR,ERR,ERR,ERR,ERR,ERR,ERR,ERR,ERR,ERR,ERR,ERR,ERR,ERR,ERR,ERR,ERR,ERR,ERR,ERR,ERR,ERR,ERR,ERR,ERR,ERR,ERR,ERR,ERR,ERR,ERR,ERR,ERR,ERR,ERR,50.0,60.0,100,0.0,0.0,0.0,0.0,0.0,0.0,0.0,0.0,0.0,0.0,0.0,0.0,0.0,0.0,0.0,0.0,62.0,73,14,65513,50,65476,0,300,0,0,8,20529,65476,0,0,26214,60.0,0.0,0.0,0.0,0.0,0.0
2026-05-17T18:56:47,ERR,ERR,ERR,ERR,ERR,ERR,ERR,ERR,ERR,ERR,ERR,ERR,ERR,ERR,ERR,ERR,ERR,ERR,ERR,ERR,ERR,ERR,ERR,ERR,ERR,ERR,ERR,ERR,ERR,ERR,ERR,ERR,ERR,ERR,ERR,ERR,ERR,ERR,ERR,ERR,ERR,ERR,ERR,ERR,ERR,ERR,ERR,ERR,ERR,ERR,ERR,ERR,ERR,ERR,ERR,ERR,ERR,ERR,ERR,ERR,ERR,ERR,ERR,ERR,ERR,ERR,ERR,ERR,ERR,ERR,ERR,ERR,ERR,ERR,ERR,ERR,ERR,ERR,ERR,ERR,ERR,ERR,ERR,ERR,ERR,ERR,ERR,ERR,ERR,ERR,ERR,ERR,ERR,ERR,ERR,ERR,ERR,ERR,ERR,ERR,ERR,ERR,ERR,ERR,ERR,ERR,ERR,ERR,ERR,ERR,ERR,ERR,ERR,ERR,ERR,ERR,ERR,ERR,ERR,ERR,ERR,ERR,ERR,ERR,ERR,0.0,0.0,-134474944.0,0.0,0.0,1.3936040501711995e+18,7.805,0.0,0,0,4,0,8422,0.0,45,0.0,0.0,0.0,0.0,0.0,0,0,0,0,0.0,0,0,0,0,0,0,0,0,0,0,0,0,0,0,0,0,0,0,0,0,0,0,0,0,0,0,0,0,0,0,0,0,0,38,14,7,45,65476,0,300,0,0,8,21553,0.0,-107605600.0,0.0,0.0,0.0,0.0,0.0,0.0,0.0,0.0,0.0,0.0,0.0,0.0,0.0,0.0,0.0,0.0,0.0,0.0,0.0,0.0,2.004,2.004,-0.0,0.0,0.0,0.0,0.0,0.0,4826.0,-0.0,0.0,0.0,0.0,0.0,2.718429300292151e+23,0.0,0.0,0.0,0.0,53,-0.0,-0.0,0.0,0.0,0.0,0.0,0.0,0.0,0.0,0,0,0,0.0,0.0,0.0,0.0,0.0,0.0,0.0,0.0,0.0,0.0,0.0,0.0,0.0,0.0,0.0,0.0,0,-107875648.0,53,0.0,106,-107614832.0,-107351008.0,ERR,ERR,ERR,ERR,ERR,ERR,ERR,ERR,ERR,ERR,ERR,ERR,ERR,ERR,ERR,ERR,ERR,ERR,ERR,ERR,ERR,ERR,ERR,ERR,ERR,ERR,ERR,ERR,ERR,ERR,ERR,ERR,ERR,ERR,ERR,ERR,ERR,ERR,ERR,ERR,ERR,ERR,ERR,ERR,ERR,ERR,ERR,ERR,ERR,ERR,ERR,ERR,ERR,ERR,ERR,ERR,ERR,ERR,ERR,ERR,ERR,ERR,ERR,ERR,ERR,ERR,ERR,50.0,60.0,100,0.0,0.0,0.0,0.0,0.0,0.0,0.0,0.0,0.0,0.0,0.0,0.0,0.0,0.0,0.0,0.0,62.0,73,14,65513,50,65476,0,300,0,0,8,20529,65476,0,0,26214,60.0,0.0,0.0,0.0,0.0,0.0
2026-05-17T18:56:48,ERR,ERR,ERR,ERR,ERR,ERR,ERR,ERR,ERR,ERR,ERR,ERR,ERR,ERR,ERR,ERR,ERR,ERR,ERR,ERR,ERR,ERR,ERR,ERR,ERR,ERR,ERR,ERR,ERR,ERR,ERR,ERR,ERR,ERR,ERR,ERR,ERR,ERR,ERR,ERR,ERR,ERR,ERR,ERR,ERR,ERR,ERR,ERR,ERR,ERR,ERR,ERR,ERR,ERR,ERR,ERR,ERR,ERR,ERR,ERR,ERR,ERR,ERR,ERR,ERR,ERR,ERR,ERR,ERR,ERR,ERR,ERR,ERR,ERR,ERR,ERR,ERR,ERR,ERR,ERR,ERR,ERR,ERR,ERR,ERR,ERR,ERR,ERR,ERR,ERR,ERR,ERR,ERR,ERR,ERR,ERR,ERR,ERR,ERR,ERR,ERR,ERR,ERR,ERR,ERR,ERR,ERR,ERR,ERR,ERR,ERR,ERR,ERR,ERR,ERR,ERR,ERR,ERR,ERR,ERR,ERR,ERR,ERR,ERR,ERR,0.0,0.0,-134474944.0,0.0,0.0,1.3936040501711995e+18,7.805,0.0,0,0,4,0,8422,0.0,45,0.0,0.0,0.0,0.0,0.0,0,0,0,0,0.0,0,0,0,0,0,0,0,0,0,0,0,0,0,0,0,0,0,0,0,0,0,0,0,0,0,0,0,0,0,0,0,0,0,38,14,7,45,65476,0,300,0,0,8,21553,0.0,-107605600.0,0.0,0.0,0.0,0.0,0.0,0.0,0.0,0.0,0.0,0.0,0.0,0.0,0.0,0.0,0.0,0.0,0.0,0.0,0.0,0.0,2.004,2.004,-0.0,0.0,0.0,0.0,0.0,0.0,4826.0,-0.0,0.0,0.0,0.0,0.0,2.718429300292151e+23,0.0,0.0,0.0,0.0,53,-0.0,-0.0,0.0,0.0,0.0,0.0,0.0,0.0,0.0,0,0,0,0.0,0.0,0.0,0.0,0.0,0.0,0.0,0.0,0.0,0.0,0.0,0.0,0.0,0.0,0.0,0.0,0,-107875648.0,53,0.0,106,-107614832.0,-107351008.0,ERR,ERR,ERR,ERR,ERR,ERR,ERR,ERR,ERR,ERR,ERR,ERR,ERR,ERR,ERR,ERR,ERR,ERR,ERR,ERR,ERR,ERR,ERR,ERR,ERR,ERR,ERR,ERR,ERR,ERR,ERR,ERR,ERR,ERR,ERR,ERR,ERR,ERR,ERR,ERR,ERR,ERR,ERR,ERR,ERR,ERR,ERR,ERR,ERR,ERR,ERR,ERR,ERR,ERR,ERR,ERR,ERR,ERR,ERR,ERR,ERR,ERR,ERR,ERR,ERR,ERR,ERR,50.0,60.0,100,0.0,0.0,0.0,0.0,0.0,0.0,0.0,0.0,0.0,0.0,0.0,0.0,0.0,0.0,0.0,0.0,61.6,73,14,65513,50,65476,0,300,0,0,8,20529,65476,0,0,26214,60.0,0.0,0.0,0.0,0.0,0.0
2026-05-17T18:56:49,ERR,ERR,ERR,ERR,ERR,ERR,ERR,ERR,ERR,ERR,ERR,ERR,ERR,ERR,ERR,ERR,ERR,ERR,ERR,ERR,ERR,ERR,ERR,ERR,ERR,ERR,ERR,ERR,ERR,ERR,ERR,ERR,ERR,ERR,ERR,ERR,ERR,ERR,ERR,ERR,ERR,ERR,ERR,ERR,ERR,ERR,ERR,ERR,ERR,ERR,ERR,ERR,ERR,ERR,ERR,ERR,ERR,ERR,ERR,ERR,ERR,ERR,ERR,ERR,ERR,ERR,ERR,ERR,ERR,ERR,ERR,ERR,ERR,ERR,ERR,ERR,ERR,ERR,ERR,ERR,ERR,ERR,ERR,ERR,ERR,ERR,ERR,ERR,ERR,ERR,ERR,ERR,ERR,ERR,ERR,ERR,ERR,ERR,ERR,ERR,ERR,ERR,ERR,ERR,ERR,ERR,ERR,ERR,ERR,ERR,ERR,ERR,ERR,ERR,ERR,ERR,ERR,ERR,ERR,ERR,ERR,ERR,ERR,ERR,ERR,0.0,0.0,-134474944.0,0.0,0.0,1.3936040501711995e+18,7.805,0.0,0,0,4,0,8422,0.0,45,0.0,0.0,0.0,0.0,0.0,0,0,0,0,0.0,0,0,0,0,0,0,0,0,0,0,0,0,0,0,0,0,0,0,0,0,0,0,0,0,0,0,0,0,0,0,0,0,0,38,14,7,45,65476,0,300,0,0,8,21553,0.0,-107605600.0,0.0,0.0,0.0,0.0,0.0,0.0,0.0,0.0,0.0,0.0,0.0,0.0,0.0,0.0,0.0,0.0,0.0,0.0,0.0,0.0,2.004,2.004,-0.0,0.0,0.0,0.0,0.0,0.0,4826.0,-0.0,0.0,0.0,0.0,0.0,2.718429300292151e+23,0.0,0.0,0.0,0.0,53,-0.0,-0.0,0.0,0.0,0.0,0.0,0.0,0.0,0.0,0,0,0,0.0,0.0,0.0,0.0,0.0,0.0,0.0,0.0,0.0,0.0,0.0,0.0,0.0,0.0,0.0,0.0,0,-107875648.0,53,0.0,106,-107614832.0,-107351008.0,ERR,ERR,ERR,ERR,ERR,ERR,ERR,ERR,ERR,ERR,ERR,ERR,ERR,ERR,ERR,ERR,ERR,ERR,ERR,ERR,ERR,ERR,ERR,ERR,ERR,ERR,ERR,ERR,ERR,ERR,ERR,ERR,ERR,ERR,ERR,ERR,ERR,ERR,ERR,ERR,ERR,ERR,ERR,ERR,ERR,ERR,ERR,ERR,ERR,ERR,ERR,ERR,ERR,ERR,ERR,ERR,ERR,ERR,ERR,ERR,ERR,ERR,ERR,ERR,ERR,ERR,ERR,50.0,60.0,100,0.0,0.0,0.0,0.0,0.0,0.0,0.0,0.0,0.0,0.0,0.0,0.0,0.0,0.0,0.0,0.0,61.6,73,14,65513,50,65476,0,300,0,0,8,20529,65476,0,0,26214,60.0,0.0,0.0,0.0,0.0,0.0
2026-05-17T18:56:50,ERR,ERR,ERR,ERR,ERR,ERR,ERR,ERR,ERR,ERR,ERR,ERR,ERR,ERR,ERR,ERR,ERR,ERR,ERR,ERR,ERR,ERR,ERR,ERR,ERR,ERR,ERR,ERR,ERR,ERR,ERR,ERR,ERR,ERR,ERR,ERR,ERR,ERR,ERR,ERR,ERR,ERR,ERR,ERR,ERR,ERR,ERR,ERR,ERR,ERR,ERR,ERR,ERR,ERR,ERR,ERR,ERR,ERR,ERR,ERR,ERR,ERR,ERR,ERR,ERR,ERR,ERR,ERR,ERR,ERR,ERR,ERR,ERR,ERR,ERR,ERR,ERR,ERR,ERR,ERR,ERR,ERR,ERR,ERR,ERR,ERR,ERR,ERR,ERR,ERR,ERR,ERR,ERR,ERR,ERR,ERR,ERR,ERR,ERR,ERR,ERR,ERR,ERR,ERR,ERR,ERR,ERR,ERR,ERR,ERR,ERR,ERR,ERR,ERR,ERR,ERR,ERR,ERR,ERR,ERR,ERR,ERR,ERR,ERR,ERR,0.0,0.0,-134474944.0,0.0,0.0,1.3936040501711995e+18,7.805,0.0,0,0,4,0,8422,0.0,45,0.0,0.0,0.0,0.0,0.0,0,0,0,0,0.0,0,0,0,0,0,0,0,0,0,0,0,0,0,0,0,0,0,0,0,0,0,0,0,0,0,0,0,0,0,0,0,0,0,38,14,7,45,65476,0,300,0,0,8,21553,0.0,-107605600.0,0.0,0.0,0.0,0.0,0.0,0.0,0.0,0.0,0.0,0.0,0.0,0.0,0.0,0.0,0.0,0.0,0.0,0.0,0.0,0.0,2.004,2.004,-2.004,0.0,0.0,0.0,0.0,0.0,4857.0,0.0,0.0,0.0,0.0,0.0,2.718429300292151e+23,0.0,0.0,0.0,0.0,53,-0.0,1.9056847201763328e+17,0.0,0.0,0.0,0.0,0.0,0.0,0.0,0,0,0,0.0,0.0,0.0,0.0,0.0,0.0,0.0,0.0,0.0,0.0,0.0,0.0,0.0,0.0,0.0,0.0,0,-107875648.0,53,0.0,106,-107614832.0,-107351008.0,ERR,ERR,ERR,ERR,ERR,ERR,ERR,ERR,ERR,ERR,ERR,ERR,ERR,ERR,ERR,ERR,ERR,ERR,ERR,ERR,ERR,ERR,ERR,ERR,ERR,ERR,ERR,ERR,ERR,ERR,ERR,ERR,ERR,ERR,ERR,ERR,ERR,ERR,ERR,ERR,ERR,ERR,ERR,ERR,ERR,ERR,ERR,ERR,ERR,ERR,ERR,ERR,ERR,ERR,ERR,ERR,ERR,ERR,ERR,ERR,ERR,ERR,ERR,ERR,ERR,ERR,ERR,50.0,60.0,100,0.0,0.0,0.0,0.0,0.0,0.0,0.0,0.0,0.0,0.0,0.0,0.0,0.0,0.0,0.0,0.0,62.0,73,14,65513,50,65476,0,300,0,0,8,20529,65476,0,0,26214,60.0,0.0,0.0,0.0,0.0,0.0
2026-05-17T18:56:51,ERR,ERR,ERR,ERR,ERR,ERR,ERR,ERR,ERR,ERR,ERR,ERR,ERR,ERR,ERR,ERR,ERR,ERR,ERR,ERR,ERR,ERR,ERR,ERR,ERR,ERR,ERR,ERR,ERR,ERR,ERR,ERR,ERR,ERR,ERR,ERR,ERR,ERR,ERR,ERR,ERR,ERR,ERR,ERR,ERR,ERR,ERR,ERR,ERR,ERR,ERR,ERR,ERR,ERR,ERR,ERR,ERR,ERR,ERR,ERR,ERR,ERR,ERR,ERR,ERR,ERR,ERR,ERR,ERR,ERR,ERR,ERR,ERR,ERR,ERR,ERR,ERR,ERR,ERR,ERR,ERR,ERR,ERR,ERR,ERR,ERR,ERR,ERR,ERR,ERR,ERR,ERR,ERR,ERR,ERR,ERR,ERR,ERR,ERR,ERR,ERR,ERR,ERR,ERR,ERR,ERR,ERR,ERR,ERR,ERR,ERR,ERR,ERR,ERR,ERR,ERR,ERR,ERR,ERR,ERR,ERR,ERR,ERR,ERR,ERR,0.0,0.0,-134474944.0,0.0,0.0,1.3936040501711995e+18,7.805,0.0,0,0,4,0,8422,0.0,45,0.0,0.0,0.0,0.0,0.0,0,0,0,0,0.0,0,0,0,0,0,0,0,0,0,0,0,0,0,0,0,0,0,0,0,0,0,0,0,0,0,0,0,0,0,0,0,0,0,38,14,7,45,65476,0,300,0,0,8,21553,0.0,-107605600.0,0.0,0.0,0.0,0.0,0.0,0.0,0.0,0.0,0.0,0.0,0.0,0.0,0.0,0.0,0.0,0.0,0.0,0.0,0.0,0.0,2.004,2.004,-2.004,0.0,0.0,0.0,0.0,0.0,4857.0,0.0,0.0,0.0,0.0,0.0,2.718429300292151e+23,0.0,0.0,0.0,0.0,53,-0.0,1.9056847201763328e+17,0.0,0.0,0.0,0.0,0.0,0.0,0.0,0,0,0,0.0,0.0,0.0,0.0,0.0,0.0,0.0,0.0,0.0,0.0,0.0,0.0,0.0,0.0,0.0,0.0,0,-107875648.0,53,0.0,106,-107614832.0,-107351008.0,ERR,ERR,ERR,ERR,ERR,ERR,ERR,ERR,ERR,ERR,ERR,ERR,ERR,ERR,ERR,ERR,ERR,ERR,ERR,ERR,ERR,ERR,ERR,ERR,ERR,ERR,ERR,ERR,ERR,ERR,ERR,ERR,ERR,ERR,ERR,ERR,ERR,ERR,ERR,ERR,ERR,ERR,ERR,ERR,ERR,ERR,ERR,ERR,ERR,ERR,ERR,ERR,ERR,ERR,ERR,ERR,ERR,ERR,ERR,ERR,ERR,ERR,ERR,ERR,ERR,ERR,ERR,50.0,60.0,100,0.0,0.0,0.0,0.0,0.0,0.0,0.0,0.0,0.0,0.0,0.0,0.0,0.0,0.0,0.0,0.0,62.0,73,14,65513,50,65476,0,300,0,0,8,20529,65476,0,0,26214,60.0,0.0,0.0,0.0,0.0,0.0
2026-05-17T18:56:52,ERR,ERR,ERR,ERR,ERR,ERR,ERR,ERR,ERR,ERR,ERR,ERR,ERR,ERR,ERR,ERR,ERR,ERR,ERR,ERR,ERR,ERR,ERR,ERR,ERR,ERR,ERR,ERR,ERR,ERR,ERR,ERR,ERR,ERR,ERR,ERR,ERR,ERR,ERR,ERR,ERR,ERR,ERR,ERR,ERR,ERR,ERR,ERR,ERR,ERR,ERR,ERR,ERR,ERR,ERR,ERR,ERR,ERR,ERR,ERR,ERR,ERR,ERR,ERR,ERR,ERR,ERR,ERR,ERR,ERR,ERR,ERR,ERR,ERR,ERR,ERR,ERR,ERR,ERR,ERR,ERR,ERR,ERR,ERR,ERR,ERR,ERR,ERR,ERR,ERR,ERR,ERR,ERR,ERR,ERR,ERR,ERR,ERR,ERR,ERR,ERR,ERR,ERR,ERR,ERR,ERR,ERR,ERR,ERR,ERR,ERR,ERR,ERR,ERR,ERR,ERR,ERR,ERR,ERR,ERR,ERR,ERR,ERR,ERR,ERR,0.0,0.0,-134474944.0,0.0,0.0,1.3936040501711995e+18,7.805,0.0,0,0,4,0,8422,0.0,45,0.0,0.0,0.0,0.0,0.0,0,0,0,0,0.0,0,0,0,0,0,0,0,0,0,0,0,0,0,0,0,0,0,0,0,0,0,0,0,0,0,0,0,0,0,0,0,0,0,38,14,7,45,65476,0,300,0,0,8,21553,0.0,-107605600.0,0.0,0.0,0.0,0.0,0.0,0.0,0.0,0.0,0.0,0.0,0.0,0.0,0.0,0.0,0.0,0.0,0.0,0.0,0.0,0.0,2.004,2.004,-2.004,0.0,0.0,0.0,0.0,0.0,4857.0,0.0,0.0,0.0,0.0,0.0,2.718429300292151e+23,0.0,0.0,0.0,0.0,53,-0.0,1.9056847201763328e+17,0.0,0.0,0.0,0.0,0.0,0.0,0.0,0,0,0,0.0,0.0,0.0,0.0,0.0,0.0,0.0,0.0,0.0,0.0,0.0,0.0,0.0,0.0,0.0,0.0,0,-107875648.0,53,0.0,106,-107614832.0,-107351008.0,ERR,ERR,ERR,ERR,ERR,ERR,ERR,ERR,ERR,ERR,ERR,ERR,ERR,ERR,ERR,ERR,ERR,ERR,ERR,ERR,ERR,ERR,ERR,ERR,ERR,ERR,ERR,ERR,ERR,ERR,ERR,ERR,ERR,ERR,ERR,ERR,ERR,ERR,ERR,ERR,ERR,ERR,ERR,ERR,ERR,ERR,ERR,ERR,ERR,ERR,ERR,ERR,ERR,ERR,ERR,ERR,ERR,ERR,ERR,ERR,ERR,ERR,ERR,ERR,ERR,ERR,ERR,50.0,60.0,100,0.0,0.0,0.0,0.0,0.0,0.0,0.0,0.0,0.0,0.0,0.0,0.0,0.0,0.0,0.0,0.0,61.6,73,14,65513,50,65476,0,300,0,0,8,20529,65476,0,0,26214,60.0,0.0,0.0,0.0,0.0,0.0
2026-05-17T18:56:53,ERR,ERR,ERR,ERR,ERR,ERR,ERR,ERR,ERR,ERR,ERR,ERR,ERR,ERR,ERR,ERR,ERR,ERR,ERR,ERR,ERR,ERR,ERR,ERR,ERR,ERR,ERR,ERR,ERR,ERR,ERR,ERR,ERR,ERR,ERR,ERR,ERR,ERR,ERR,ERR,ERR,ERR,ERR,ERR,ERR,ERR,ERR,ERR,ERR,ERR,ERR,ERR,ERR,ERR,ERR,ERR,ERR,ERR,ERR,ERR,ERR,ERR,ERR,ERR,ERR,ERR,ERR,ERR,ERR,ERR,ERR,ERR,ERR,ERR,ERR,ERR,ERR,ERR,ERR,ERR,ERR,ERR,ERR,ERR,ERR,ERR,ERR,ERR,ERR,ERR,ERR,ERR,ERR,ERR,ERR,ERR,ERR,ERR,ERR,ERR,ERR,ERR,ERR,ERR,ERR,ERR,ERR,ERR,ERR,ERR,ERR,ERR,ERR,ERR,ERR,ERR,ERR,ERR,ERR,ERR,ERR,ERR,ERR,ERR,ERR,0.0,0.0,-134474944.0,0.0,0.0,1.3936040501711995e+18,7.805,0.0,0,0,4,0,8422,0.0,45,0.0,0.0,0.0,0.0,0.0,0,0,0,0,0.0,0,0,0,0,0,0,0,0,0,0,0,0,0,0,0,0,0,0,0,0,0,0,0,0,0,0,0,0,0,0,0,0,0,38,14,7,45,65476,0,300,0,0,8,21553,0.0,-107605600.0,0.0,0.0,0.0,0.0,0.0,0.0,0.0,0.0,0.0,0.0,0.0,0.0,0.0,0.0,0.0,0.0,0.0,0.0,0.0,0.0,2.004,2.004,-2.004,0.0,0.0,0.0,0.0,0.0,4857.0,0.0,0.0,0.0,0.0,0.0,2.718429300292151e+23,0.0,0.0,0.0,0.0,53,-0.0,1.9056847201763328e+17,0.0,0.0,0.0,0.0,0.0,0.0,0.0,0,0,0,0.0,0.0,0.0,0.0,0.0,0.0,0.0,0.0,0.0,0.0,0.0,0.0,0.0,0.0,0.0,0.0,0,-107875648.0,53,0.0,106,-107614832.0,-107351008.0,ERR,ERR,ERR,ERR,ERR,ERR,ERR,ERR,ERR,ERR,ERR,ERR,ERR,ERR,ERR,ERR,ERR,ERR,ERR,ERR,ERR,ERR,ERR,ERR,ERR,ERR,ERR,ERR,ERR,ERR,ERR,ERR,ERR,ERR,ERR,ERR,ERR,ERR,ERR,ERR,ERR,ERR,ERR,ERR,ERR,ERR,ERR,ERR,ERR,ERR,ERR,ERR,ERR,ERR,ERR,ERR,ERR,ERR,ERR,ERR,ERR,ERR,ERR,ERR,ERR,ERR,ERR,50.0,60.0,100,0.0,0.0,0.0,0.0,0.0,0.0,0.0,0.0,0.0,0.0,0.0,0.0,0.0,0.0,0.0,0.0,62.0,73,14,65513,50,65476,0,300,0,0,8,20529,65476,0,0,26214,60.0,0.0,0.0,0.0,0.0,0.0
2026-05-17T18:56:54,ERR,ERR,ERR,ERR,ERR,ERR,ERR,ERR,ERR,ERR,ERR,ERR,ERR,ERR,ERR,ERR,ERR,ERR,ERR,ERR,ERR,ERR,ERR,ERR,ERR,ERR,ERR,ERR,ERR,ERR,ERR,ERR,ERR,ERR,ERR,ERR,ERR,ERR,ERR,ERR,ERR,ERR,ERR,ERR,ERR,ERR,ERR,ERR,ERR,ERR,ERR,ERR,ERR,ERR,ERR,ERR,ERR,ERR,ERR,ERR,ERR,ERR,ERR,ERR,ERR,ERR,ERR,ERR,ERR,ERR,ERR,ERR,ERR,ERR,ERR,ERR,ERR,ERR,ERR,ERR,ERR,ERR,ERR,ERR,ERR,ERR,ERR,ERR,ERR,ERR,ERR,ERR,ERR,ERR,ERR,ERR,ERR,ERR,ERR,ERR,ERR,ERR,ERR,ERR,ERR,ERR,ERR,ERR,ERR,ERR,ERR,ERR,ERR,ERR,ERR,ERR,ERR,ERR,ERR,ERR,ERR,ERR,ERR,ERR,ERR,0.0,0.0,-134474944.0,0.0,0.0,1.3936040501711995e+18,7.805,0.0,0,0,4,0,8422,0.0,45,0.0,0.0,0.0,0.0,0.0,0,0,0,0,0.0,0,0,0,0,0,0,0,0,0,0,0,0,0,0,0,0,0,0,0,0,0,0,0,0,0,0,0,0,0,0,0,0,0,38,14,7,45,65476,0,300,0,0,8,21553,0.0,-107605600.0,0.0,0.0,0.0,0.0,0.0,0.0,0.0,0.0,0.0,0.0,0.0,0.0,0.0,0.0,0.0,0.0,0.0,0.0,0.0,0.0,2.004,2.004,-2.004,0.0,0.0,0.0,0.0,0.0,4857.0,0.0,0.0,0.0,0.0,0.0,2.718429300292151e+23,0.0,0.0,0.0,0.0,53,-0.0,1.9056847201763328e+17,0.0,0.0,0.0,0.0,0.0,0.0,0.0,0,0,0,0.0,0.0,0.0,0.0,0.0,0.0,0.0,0.0,0.0,0.0,0.0,0.0,0.0,0.0,0.0,0.0,0,-107875648.0,53,0.0,106,-107614832.0,-107351008.0,ERR,ERR,ERR,ERR,ERR,ERR,ERR,ERR,ERR,ERR,ERR,ERR,ERR,ERR,ERR,ERR,ERR,ERR,ERR,ERR,ERR,ERR,ERR,ERR,ERR,ERR,ERR,ERR,ERR,ERR,ERR,ERR,ERR,ERR,ERR,ERR,ERR,ERR,ERR,ERR,ERR,ERR,ERR,ERR,ERR,ERR,ERR,ERR,ERR,ERR,ERR,ERR,ERR,ERR,ERR,ERR,ERR,ERR,ERR,ERR,ERR,ERR,ERR,ERR,ERR,ERR,ERR,50.0,60.0,100,0.0,0.0,0.0,0.0,0.0,0.0,0.0,0.0,0.0,0.0,0.0,0.0,0.0,0.0,0.0,0.0,62.0,73,14,65513,50,65476,0,300,0,0,8,20529,65476,0,0,26214,60.0,0.0,0.0,0.0,0.0,0.0
2026-05-17T18:56:55,ERR,ERR,ERR,ERR,ERR,ERR,ERR,ERR,ERR,ERR,ERR,ERR,ERR,ERR,ERR,ERR,ERR,ERR,ERR,ERR,ERR,ERR,ERR,ERR,ERR,ERR,ERR,ERR,ERR,ERR,ERR,ERR,ERR,ERR,ERR,ERR,ERR,ERR,ERR,ERR,ERR,ERR,ERR,ERR,ERR,ERR,ERR,ERR,ERR,ERR,ERR,ERR,ERR,ERR,ERR,ERR,ERR,ERR,ERR,ERR,ERR,ERR,ERR,ERR,ERR,ERR,ERR,ERR,ERR,ERR,ERR,ERR,ERR,ERR,ERR,ERR,ERR,ERR,ERR,ERR,ERR,ERR,ERR,ERR,ERR,ERR,ERR,ERR,ERR,ERR,ERR,ERR,ERR,ERR,ERR,ERR,ERR,ERR,ERR,ERR,ERR,ERR,ERR,ERR,ERR,ERR,ERR,ERR,ERR,ERR,ERR,ERR,ERR,ERR,ERR,ERR,ERR,ERR,ERR,ERR,ERR,ERR,ERR,ERR,ERR,0.0,0.0,-134474944.0,0.0,0.0,1.3936040501711995e+18,7.805,0.0,0,0,4,0,8422,0.0,45,0.0,0.0,0.0,0.0,0.0,0,0,0,0,0.0,0,0,0,0,0,0,0,0,0,0,0,0,0,0,0,0,0,0,0,0,0,0,0,0,0,0,0,0,0,0,0,0,0,38,14,7,45,65476,0,300,0,0,8,21553,0.0,-107605600.0,0.0,0.0,0.0,0.0,0.0,0.0,0.0,0.0,0.0,0.0,0.0,0.0,0.0,0.0,0.0,0.0,0.0,0.0,0.0,0.0,2.004,2.004,-2.004,0.0,0.0,0.0,0.0,0.0,4852.0,2.004,0.0,2.718428940004181e+23,0.0,0.0,2.718429300292151e+23,0.0,0.0,0.0,0.0,53,-0.0,5.848052910173703e+35,0.0,0.0,0.0,0.0,0.0,0.0,0.0,0,0,0,0.0,0.0,0.0,0.0,0.0,0.0,0.0,0.0,0.0,0.0,0.0,0.0,0.0,0.0,0.0,0.0,0,-107875648.0,53,0.0,106,-107614832.0,-107351008.0,ERR,ERR,ERR,ERR,ERR,ERR,ERR,ERR,ERR,ERR,ERR,ERR,ERR,ERR,ERR,ERR,ERR,ERR,ERR,ERR,ERR,ERR,ERR,ERR,ERR,ERR,ERR,ERR,ERR,ERR,ERR,ERR,ERR,ERR,ERR,ERR,ERR,ERR,ERR,ERR,ERR,ERR,ERR,ERR,ERR,ERR,ERR,ERR,ERR,ERR,ERR,ERR,ERR,ERR,ERR,ERR,ERR,ERR,ERR,ERR,ERR,ERR,ERR,ERR,ERR,ERR,ERR,50.0,60.0,100,0.0,0.0,0.0,0.0,0.0,0.0,0.0,0.0,0.0,0.0,0.0,0.0,0.0,0.0,0.0,0.0,62.0,73,14,65513,50,65476,0,300,0,0,8,20529,65476,0,0,26214,60.0,0.0,0.0,0.0,0.0,0.0
2026-05-17T18:56:56,ERR,ERR,ERR,ERR,ERR,ERR,ERR,ERR,ERR,ERR,ERR,ERR,ERR,ERR,ERR,ERR,ERR,ERR,ERR,ERR,ERR,ERR,ERR,ERR,ERR,ERR,ERR,ERR,ERR,ERR,ERR,ERR,ERR,ERR,ERR,ERR,ERR,ERR,ERR,ERR,ERR,ERR,ERR,ERR,ERR,ERR,ERR,ERR,ERR,ERR,ERR,ERR,ERR,ERR,ERR,ERR,ERR,ERR,ERR,ERR,ERR,ERR,ERR,ERR,ERR,ERR,ERR,ERR,ERR,ERR,ERR,ERR,ERR,ERR,ERR,ERR,ERR,ERR,ERR,ERR,ERR,ERR,ERR,ERR,ERR,ERR,ERR,ERR,ERR,ERR,ERR,ERR,ERR,ERR,ERR,ERR,ERR,ERR,ERR,ERR,ERR,ERR,ERR,ERR,ERR,ERR,ERR,ERR,ERR,ERR,ERR,ERR,ERR,ERR,ERR,ERR,ERR,ERR,ERR,ERR,ERR,ERR,ERR,ERR,ERR,0.0,0.0,-134474944.0,0.0,0.0,1.3936040501711995e+18,7.805,0.0,0,0,4,0,8422,0.0,45,0.0,0.0,0.0,0.0,0.0,0,0,0,0,0.0,0,0,0,0,0,0,0,0,0,0,0,0,0,0,0,0,0,0,0,0,0,0,0,0,0,0,0,0,0,0,0,0,0,38,14,7,45,65476,0,300,0,0,8,21553,0.0,-107605600.0,0.0,0.0,0.0,0.0,0.0,0.0,0.0,0.0,0.0,0.0,0.0,0.0,0.0,0.0,0.0,0.0,0.0,0.0,0.0,0.0,2.004,2.004,-2.004,0.0,0.0,0.0,0.0,0.0,4852.0,2.004,0.0,2.718428940004181e+23,0.0,0.0,2.718429300292151e+23,0.0,0.0,0.0,0.0,53,-0.0,5.848052910173703e+35,0.0,0.0,0.0,0.0,0.0,0.0,0.0,0,0,0,0.0,0.0,0.0,0.0,0.0,0.0,0.0,0.0,0.0,0.0,0.0,0.0,0.0,0.0,0.0,0.0,0,-107875648.0,53,0.0,106,-107614832.0,-107351008.0,ERR,ERR,ERR,ERR,ERR,ERR,ERR,ERR,ERR,ERR,ERR,ERR,ERR,ERR,ERR,ERR,ERR,ERR,ERR,ERR,ERR,ERR,ERR,ERR,ERR,ERR,ERR,ERR,ERR,ERR,ERR,ERR,ERR,ERR,ERR,ERR,ERR,ERR,ERR,ERR,ERR,ERR,ERR,ERR,ERR,ERR,ERR,ERR,ERR,ERR,ERR,ERR,ERR,ERR,ERR,ERR,ERR,ERR,ERR,ERR,ERR,ERR,ERR,ERR,ERR,ERR,ERR,50.0,60.0,100,0.0,0.0,0.0,0.0,0.0,0.0,0.0,0.0,0.0,0.0,0.0,0.0,0.0,0.0,0.0,0.0,62.0,73,14,65513,50,65476,0,300,0,0,8,20529,65476,0,0,26214,60.0,0.0,0.0,0.0,0.0,0.0
2026-05-17T18:56:57,ERR,ERR,ERR,ERR,ERR,ERR,ERR,ERR,ERR,ERR,ERR,ERR,ERR,ERR,ERR,ERR,ERR,ERR,ERR,ERR,ERR,ERR,ERR,ERR,ERR,ERR,ERR,ERR,ERR,ERR,ERR,ERR,ERR,ERR,ERR,ERR,ERR,ERR,ERR,ERR,ERR,ERR,ERR,ERR,ERR,ERR,ERR,ERR,ERR,ERR,ERR,ERR,ERR,ERR,ERR,ERR,ERR,ERR,ERR,ERR,ERR,ERR,ERR,ERR,ERR,ERR,ERR,ERR,ERR,ERR,ERR,ERR,ERR,ERR,ERR,ERR,ERR,ERR,ERR,ERR,ERR,ERR,ERR,ERR,ERR,ERR,ERR,ERR,ERR,ERR,ERR,ERR,ERR,ERR,ERR,ERR,ERR,ERR,ERR,ERR,ERR,ERR,ERR,ERR,ERR,ERR,ERR,ERR,ERR,ERR,ERR,ERR,ERR,ERR,ERR,ERR,ERR,ERR,ERR,ERR,ERR,ERR,ERR,ERR,ERR,0.0,0.0,-134474944.0,0.0,0.0,1.3936040501711995e+18,7.805,0.0,0,0,4,0,8422,0.0,45,0.0,0.0,0.0,0.0,0.0,0,0,0,0,0.0,0,0,0,0,0,0,0,0,0,0,0,0,0,0,0,0,0,0,0,0,0,0,0,0,0,0,0,0,0,0,0,0,0,38,14,7,45,65476,0,300,0,0,8,21553,0.0,-107605600.0,0.0,0.0,0.0,0.0,0.0,0.0,0.0,0.0,0.0,0.0,0.0,0.0,0.0,0.0,0.0,0.0,0.0,0.0,0.0,0.0,2.004,2.004,-2.004,0.0,0.0,0.0,0.0,0.0,4852.0,2.004,0.0,2.718428940004181e+23,0.0,0.0,2.718429300292151e+23,0.0,0.0,0.0,0.0,53,-0.0,5.848052910173703e+35,0.0,0.0,0.0,0.0,0.0,0.0,0.0,0,0,0,0.0,0.0,0.0,0.0,0.0,0.0,0.0,0.0,0.0,0.0,0.0,0.0,0.0,0.0,0.0,0.0,0,-107875648.0,53,0.0,106,-107614832.0,-107351008.0,ERR,ERR,ERR,ERR,ERR,ERR,ERR,ERR,ERR,ERR,ERR,ERR,ERR,ERR,ERR,ERR,ERR,ERR,ERR,ERR,ERR,ERR,ERR,ERR,ERR,ERR,ERR,ERR,ERR,ERR,ERR,ERR,ERR,ERR,ERR,ERR,ERR,ERR,ERR,ERR,ERR,ERR,ERR,ERR,ERR,ERR,ERR,ERR,ERR,ERR,ERR,ERR,ERR,ERR,ERR,ERR,ERR,ERR,ERR,ERR,ERR,ERR,ERR,ERR,ERR,ERR,ERR,50.0,60.0,100,0.0,0.0,0.0,0.0,0.0,0.0,0.0,0.0,0.0,0.0,0.0,0.0,0.0,0.0,0.0,0.0,62.0,73,14,65513,50,65476,0,300,0,0,8,20529,65476,0,0,26214,60.0,0.0,0.0,0.0,0.0,0.0
2026-05-17T18:56:58,ERR,ERR,ERR,ERR,ERR,ERR,ERR,ERR,ERR,ERR,ERR,ERR,ERR,ERR,ERR,ERR,ERR,ERR,ERR,ERR,ERR,ERR,ERR,ERR,ERR,ERR,ERR,ERR,ERR,ERR,ERR,ERR,ERR,ERR,ERR,ERR,ERR,ERR,ERR,ERR,ERR,ERR,ERR,ERR,ERR,ERR,ERR,ERR,ERR,ERR,ERR,ERR,ERR,ERR,ERR,ERR,ERR,ERR,ERR,ERR,ERR,ERR,ERR,ERR,ERR,ERR,ERR,ERR,ERR,ERR,ERR,ERR,ERR,ERR,ERR,ERR,ERR,ERR,ERR,ERR,ERR,ERR,ERR,ERR,ERR,ERR,ERR,ERR,ERR,ERR,ERR,ERR,ERR,ERR,ERR,ERR,ERR,ERR,ERR,ERR,ERR,ERR,ERR,ERR,ERR,ERR,ERR,ERR,ERR,ERR,ERR,ERR,ERR,ERR,ERR,ERR,ERR,ERR,ERR,ERR,ERR,ERR,ERR,ERR,ERR,0.0,0.0,-134474944.0,0.0,0.0,1.3936040501711995e+18,7.805,0.0,0,0,4,0,8422,0.0,45,0.0,0.0,0.0,0.0,0.0,0,0,0,0,0.0,0,0,0,0,0,0,0,0,0,0,0,0,0,0,0,0,0,0,0,0,0,0,0,0,0,0,0,0,0,0,0,0,0,38,14,7,45,65476,0,300,0,0,8,21553,0.0,-107605600.0,0.0,0.0,0.0,0.0,0.0,0.0,0.0,0.0,0.0,0.0,0.0,0.0,0.0,0.0,0.0,0.0,0.0,0.0,0.0,0.0,2.004,2.004,-2.004,0.0,0.0,0.0,0.0,0.0,4852.0,2.004,0.0,2.718428940004181e+23,0.0,0.0,2.718429300292151e+23,0.0,0.0,0.0,0.0,53,-0.0,5.848052910173703e+35,0.0,0.0,0.0,0.0,0.0,0.0,0.0,0,0,0,0.0,0.0,0.0,0.0,0.0,0.0,0.0,0.0,0.0,0.0,0.0,0.0,0.0,0.0,0.0,0.0,0,-107875648.0,53,0.0,106,-107614832.0,-107351008.0,ERR,ERR,ERR,ERR,ERR,ERR,ERR,ERR,ERR,ERR,ERR,ERR,ERR,ERR,ERR,ERR,ERR,ERR,ERR,ERR,ERR,ERR,ERR,ERR,ERR,ERR,ERR,ERR,ERR,ERR,ERR,ERR,ERR,ERR,ERR,ERR,ERR,ERR,ERR,ERR,ERR,ERR,ERR,ERR,ERR,ERR,ERR,ERR,ERR,ERR,ERR,ERR,ERR,ERR,ERR,ERR,ERR,ERR,ERR,ERR,ERR,ERR,ERR,ERR,ERR,ERR,ERR,50.0,60.0,100,0.0,0.0,0.0,0.0,0.0,0.0,0.0,0.0,0.0,0.0,0.0,0.0,0.0,0.0,0.0,0.0,62.0,73,14,65513,50,65476,0,300,0,0,8,20529,65476,0,0,26214,60.0,0.0,0.0,0.0,0.0,0.0
2026-05-17T18:56:59,ERR,ERR,ERR,ERR,ERR,ERR,ERR,ERR,ERR,ERR,ERR,ERR,ERR,ERR,ERR,ERR,ERR,ERR,ERR,ERR,ERR,ERR,ERR,ERR,ERR,ERR,ERR,ERR,ERR,ERR,ERR,ERR,ERR,ERR,ERR,ERR,ERR,ERR,ERR,ERR,ERR,ERR,ERR,ERR,ERR,ERR,ERR,ERR,ERR,ERR,ERR,ERR,ERR,ERR,ERR,ERR,ERR,ERR,ERR,ERR,ERR,ERR,ERR,ERR,ERR,ERR,ERR,ERR,ERR,ERR,ERR,ERR,ERR,ERR,ERR,ERR,ERR,ERR,ERR,ERR,ERR,ERR,ERR,ERR,ERR,ERR,ERR,ERR,ERR,ERR,ERR,ERR,ERR,ERR,ERR,ERR,ERR,ERR,ERR,ERR,ERR,ERR,ERR,ERR,ERR,ERR,ERR,ERR,ERR,ERR,ERR,ERR,ERR,ERR,ERR,ERR,ERR,ERR,ERR,ERR,ERR,ERR,ERR,ERR,ERR,0.0,0.0,-134474944.0,0.0,0.0,1.3936040501711995e+18,7.805,0.0,0,0,4,0,8422,0.0,45,0.0,0.0,0.0,0.0,0.0,0,0,0,0,0.0,0,0,0,0,0,0,0,0,0,0,0,0,0,0,0,0,0,0,0,0,0,0,0,0,0,0,0,0,0,0,0,0,0,38,14,7,45,65476,0,300,0,0,8,21553,0.0,-107605600.0,0.0,0.0,0.0,0.0,0.0,0.0,0.0,0.0,0.0,0.0,0.0,0.0,0.0,0.0,0.0,0.0,0.0,0.0,0.0,0.0,2.004,2.004,-2.004,0.0,0.0,0.0,0.0,0.0,4852.0,2.004,0.0,2.718428940004181e+23,0.0,0.0,2.718429300292151e+23,0.0,0.0,0.0,0.0,53,-0.0,5.848052910173703e+35,0.0,0.0,0.0,0.0,0.0,0.0,0.0,0,0,0,0.0,0.0,0.0,0.0,0.0,0.0,0.0,0.0,0.0,0.0,0.0,0.0,0.0,0.0,0.0,0.0,0,-107875648.0,53,0.0,106,-107614832.0,-107351008.0,ERR,ERR,ERR,ERR,ERR,ERR,ERR,ERR,ERR,ERR,ERR,ERR,ERR,ERR,ERR,ERR,ERR,ERR,ERR,ERR,ERR,ERR,ERR,ERR,ERR,ERR,ERR,ERR,ERR,ERR,ERR,ERR,ERR,ERR,ERR,ERR,ERR,ERR,ERR,ERR,ERR,ERR,ERR,ERR,ERR,ERR,ERR,ERR,ERR,ERR,ERR,ERR,ERR,ERR,ERR,ERR,ERR,ERR,ERR,ERR,ERR,ERR,ERR,ERR,ERR,ERR,ERR,50.0,60.0,100,0.0,0.0,0.0,0.0,0.0,0.0,0.0,0.0,0.0,0.0,0.0,0.0,0.0,0.0,0.0,0.0,62.0,73,14,65513,50,65476,0,300,0,0,8,20529,65476,0,0,26214,60.0,0.0,0.0,0.0,0.0,0.0
2026-05-17T18:57:00,ERR,ERR,ERR,ERR,ERR,ERR,ERR,ERR,ERR,ERR,ERR,ERR,ERR,ERR,ERR,ERR,ERR,ERR,ERR,ERR,ERR,ERR,ERR,ERR,ERR,ERR,ERR,ERR,ERR,ERR,ERR,ERR,ERR,ERR,ERR,ERR,ERR,ERR,ERR,ERR,ERR,ERR,ERR,ERR,ERR,ERR,ERR,ERR,ERR,ERR,ERR,ERR,ERR,ERR,ERR,ERR,ERR,ERR,ERR,ERR,ERR,ERR,ERR,ERR,ERR,ERR,ERR,ERR,ERR,ERR,ERR,ERR,ERR,ERR,ERR,ERR,ERR,ERR,ERR,ERR,ERR,ERR,ERR,ERR,ERR,ERR,ERR,ERR,ERR,ERR,ERR,ERR,ERR,ERR,ERR,ERR,ERR,ERR,ERR,ERR,ERR,ERR,ERR,ERR,ERR,ERR,ERR,ERR,ERR,ERR,ERR,ERR,ERR,ERR,ERR,ERR,ERR,ERR,ERR,ERR,ERR,ERR,ERR,ERR,ERR,0.0,0.0,-134474944.0,0.0,0.0,1.3936040501711995e+18,7.805,0.0,0,0,4,0,8422,0.0,45,0.0,0.0,0.0,0.0,0.0,0,0,0,0,0.0,0,0,0,0,0,0,0,0,0,0,0,0,0,0,0,0,0,0,0,0,0,0,0,0,0,0,0,0,0,0,0,0,0,38,14,7,45,65476,0,300,0,0,8,21553,0.0,-107605600.0,0.0,0.0,0.0,0.0,0.0,0.0,0.0,0.0,0.0,0.0,0.0,0.0,0.0,0.0,0.0,0.0,0.0,0.0,0.0,0.0,-0.0,2.004,-2.004,0.0,0.0,0.0,0.0,0.0,4855.0,8608177152.0,0.0,0.0,0.0,0.0,2.718429300292151e+23,0.0,0.0,0.0,0.0,53,-0.0,-0.0,0.0,0.0,0.0,0.0,0.0,0.0,0.0,0,0,0,0.0,0.0,0.0,0.0,0.0,0.0,0.0,0.0,0.0,0.0,0.0,0.0,0.0,0.0,0.0,0.0,0,-107875648.0,53,0.0,106,-107614832.0,-107351008.0,ERR,ERR,ERR,ERR,ERR,ERR,ERR,ERR,ERR,ERR,ERR,ERR,ERR,ERR,ERR,ERR,ERR,ERR,ERR,ERR,ERR,ERR,ERR,ERR,ERR,ERR,ERR,ERR,ERR,ERR,ERR,ERR,ERR,ERR,ERR,ERR,ERR,ERR,ERR,ERR,ERR,ERR,ERR,ERR,ERR,ERR,ERR,ERR,ERR,ERR,ERR,ERR,ERR,ERR,ERR,ERR,ERR,ERR,ERR,ERR,ERR,ERR,ERR,ERR,ERR,ERR,ERR,50.0,60.0,100,0.0,0.0,0.0,0.0,0.0,0.0,0.0,0.0,0.0,0.0,0.0,0.0,0.0,0.0,0.0,0.0,62.0,73,14,65513,50,65476,0,300,0,0,8,20529,65476,0,0,26214,60.0,0.0,0.0,0.0,0.0,0.0
2026-05-17T18:57:01,ERR,ERR,ERR,ERR,ERR,ERR,ERR,ERR,ERR,ERR,ERR,ERR,ERR,ERR,ERR,ERR,ERR,ERR,ERR,ERR,ERR,ERR,ERR,ERR,ERR,ERR,ERR,ERR,ERR,ERR,ERR,ERR,ERR,ERR,ERR,ERR,ERR,ERR,ERR,ERR,ERR,ERR,ERR,ERR,ERR,ERR,ERR,ERR,ERR,ERR,ERR,ERR,ERR,ERR,ERR,ERR,ERR,ERR,ERR,ERR,ERR,ERR,ERR,ERR,ERR,ERR,ERR,ERR,ERR,ERR,ERR,ERR,ERR,ERR,ERR,ERR,ERR,ERR,ERR,ERR,ERR,ERR,ERR,ERR,ERR,ERR,ERR,ERR,ERR,ERR,ERR,ERR,ERR,ERR,ERR,ERR,ERR,ERR,ERR,ERR,ERR,ERR,ERR,ERR,ERR,ERR,ERR,ERR,ERR,ERR,ERR,ERR,ERR,ERR,ERR,ERR,ERR,ERR,ERR,ERR,ERR,ERR,ERR,ERR,ERR,0.0,0.0,-134474944.0,0.0,0.0,1.3936040501711995e+18,7.805,0.0,0,0,4,0,8422,0.0,45,0.0,0.0,0.0,0.0,0.0,0,0,0,0,0.0,0,0,0,0,0,0,0,0,0,0,0,0,0,0,0,0,0,0,0,0,0,0,0,0,0,0,0,0,0,0,0,0,0,38,14,7,45,65476,0,300,0,0,8,21553,0.0,-107605600.0,0.0,0.0,0.0,0.0,0.0,0.0,0.0,0.0,0.0,0.0,0.0,0.0,0.0,0.0,0.0,0.0,0.0,0.0,0.0,0.0,-0.0,2.004,-2.004,0.0,0.0,0.0,0.0,0.0,4855.0,8608177152.0,0.0,0.0,0.0,0.0,2.718429300292151e+23,0.0,0.0,0.0,0.0,53,-0.0,-0.0,0.0,0.0,0.0,0.0,0.0,0.0,0.0,0,0,0,0.0,0.0,0.0,0.0,0.0,0.0,0.0,0.0,0.0,0.0,0.0,0.0,0.0,0.0,0.0,0.0,0,-107875648.0,53,0.0,106,-107614832.0,-107351008.0,ERR,ERR,ERR,ERR,ERR,ERR,ERR,ERR,ERR,ERR,ERR,ERR,ERR,ERR,ERR,ERR,ERR,ERR,ERR,ERR,ERR,ERR,ERR,ERR,ERR,ERR,ERR,ERR,ERR,ERR,ERR,ERR,ERR,ERR,ERR,ERR,ERR,ERR,ERR,ERR,ERR,ERR,ERR,ERR,ERR,ERR,ERR,ERR,ERR,ERR,ERR,ERR,ERR,ERR,ERR,ERR,ERR,ERR,ERR,ERR,ERR,ERR,ERR,ERR,ERR,ERR,ERR,50.0,60.0,100,0.0,0.0,0.0,0.0,0.0,0.0,0.0,0.0,0.0,0.0,0.0,0.0,0.0,0.0,0.0,0.0,62.0,73,14,65513,50,65476,0,300,0,0,8,20529,65476,0,0,26214,60.0,0.0,0.0,0.0,0.0,0.0
2026-05-17T18:57:02,ERR,ERR,ERR,ERR,ERR,ERR,ERR,ERR,ERR,ERR,ERR,ERR,ERR,ERR,ERR,ERR,ERR,ERR,ERR,ERR,ERR,ERR,ERR,ERR,ERR,ERR,ERR,ERR,ERR,ERR,ERR,ERR,ERR,ERR,ERR,ERR,ERR,ERR,ERR,ERR,ERR,ERR,ERR,ERR,ERR,ERR,ERR,ERR,ERR,ERR,ERR,ERR,ERR,ERR,ERR,ERR,ERR,ERR,ERR,ERR,ERR,ERR,ERR,ERR,ERR,ERR,ERR,ERR,ERR,ERR,ERR,ERR,ERR,ERR,ERR,ERR,ERR,ERR,ERR,ERR,ERR,ERR,ERR,ERR,ERR,ERR,ERR,ERR,ERR,ERR,ERR,ERR,ERR,ERR,ERR,ERR,ERR,ERR,ERR,ERR,ERR,ERR,ERR,ERR,ERR,ERR,ERR,ERR,ERR,ERR,ERR,ERR,ERR,ERR,ERR,ERR,ERR,ERR,ERR,ERR,ERR,ERR,ERR,ERR,ERR,0.0,0.0,-134474944.0,0.0,0.0,1.3936040501711995e+18,7.805,0.0,0,0,4,0,8422,0.0,45,0.0,0.0,0.0,0.0,0.0,0,0,0,0,0.0,0,0,0,0,0,0,0,0,0,0,0,0,0,0,0,0,0,0,0,0,0,0,0,0,0,0,0,0,0,0,0,0,0,38,14,7,45,65476,0,300,0,0,8,21553,0.0,-107605600.0,0.0,0.0,0.0,0.0,0.0,0.0,0.0,0.0,0.0,0.0,0.0,0.0,0.0,0.0,0.0,0.0,0.0,0.0,0.0,0.0,-0.0,2.004,-2.004,0.0,0.0,0.0,0.0,0.0,4855.0,8608177152.0,0.0,0.0,0.0,0.0,2.718429300292151e+23,0.0,0.0,0.0,0.0,53,-0.0,-0.0,0.0,0.0,0.0,0.0,0.0,0.0,0.0,0,0,0,0.0,0.0,0.0,0.0,0.0,0.0,0.0,0.0,0.0,0.0,0.0,0.0,0.0,0.0,0.0,0.0,0,-107875648.0,53,0.0,106,-107614832.0,-107351008.0,ERR,ERR,ERR,ERR,ERR,ERR,ERR,ERR,ERR,ERR,ERR,ERR,ERR,ERR,ERR,ERR,ERR,ERR,ERR,ERR,ERR,ERR,ERR,ERR,ERR,ERR,ERR,ERR,ERR,ERR,ERR,ERR,ERR,ERR,ERR,ERR,ERR,ERR,ERR,ERR,ERR,ERR,ERR,ERR,ERR,ERR,ERR,ERR,ERR,ERR,ERR,ERR,ERR,ERR,ERR,ERR,ERR,ERR,ERR,ERR,ERR,ERR,ERR,ERR,ERR,ERR,ERR,50.0,60.0,100,0.0,0.0,0.0,0.0,0.0,0.0,0.0,0.0,0.0,0.0,0.0,0.0,0.0,0.0,0.0,0.0,62.0,73,14,65513,50,65476,0,300,0,0,8,20529,65476,0,0,26214,60.0,0.0,0.0,0.0,0.0,0.0
2026-05-17T18:57:03,ERR,ERR,ERR,ERR,ERR,ERR,ERR,ERR,ERR,ERR,ERR,ERR,ERR,ERR,ERR,ERR,ERR,ERR,ERR,ERR,ERR,ERR,ERR,ERR,ERR,ERR,ERR,ERR,ERR,ERR,ERR,ERR,ERR,ERR,ERR,ERR,ERR,ERR,ERR,ERR,ERR,ERR,ERR,ERR,ERR,ERR,ERR,ERR,ERR,ERR,ERR,ERR,ERR,ERR,ERR,ERR,ERR,ERR,ERR,ERR,ERR,ERR,ERR,ERR,ERR,ERR,ERR,ERR,ERR,ERR,ERR,ERR,ERR,ERR,ERR,ERR,ERR,ERR,ERR,ERR,ERR,ERR,ERR,ERR,ERR,ERR,ERR,ERR,ERR,ERR,ERR,ERR,ERR,ERR,ERR,ERR,ERR,ERR,ERR,ERR,ERR,ERR,ERR,ERR,ERR,ERR,ERR,ERR,ERR,ERR,ERR,ERR,ERR,ERR,ERR,ERR,ERR,ERR,ERR,ERR,ERR,ERR,ERR,ERR,ERR,0.0,0.0,-134474944.0,0.0,0.0,1.3936040501711995e+18,7.805,0.0,0,0,4,0,8422,0.0,45,0.0,0.0,0.0,0.0,0.0,0,0,0,0,0.0,0,0,0,0,0,0,0,0,0,0,0,0,0,0,0,0,0,0,0,0,0,0,0,0,0,0,0,0,0,0,0,0,0,38,14,7,45,65476,0,300,0,0,8,21553,0.0,-107605600.0,0.0,0.0,0.0,0.0,0.0,0.0,0.0,0.0,0.0,0.0,0.0,0.0,0.0,0.0,0.0,0.0,0.0,0.0,0.0,0.0,-0.0,2.004,-2.004,0.0,0.0,0.0,0.0,0.0,4855.0,8608177152.0,0.0,0.0,0.0,0.0,2.718429300292151e+23,0.0,0.0,0.0,0.0,53,-0.0,-0.0,0.0,0.0,0.0,0.0,0.0,0.0,0.0,0,0,0,0.0,0.0,0.0,0.0,0.0,0.0,0.0,0.0,0.0,0.0,0.0,0.0,0.0,0.0,0.0,0.0,0,-107875648.0,53,0.0,106,-107614832.0,-107351008.0,ERR,ERR,ERR,ERR,ERR,ERR,ERR,ERR,ERR,ERR,ERR,ERR,ERR,ERR,ERR,ERR,ERR,ERR,ERR,ERR,ERR,ERR,ERR,ERR,ERR,ERR,ERR,ERR,ERR,ERR,ERR,ERR,ERR,ERR,ERR,ERR,ERR,ERR,ERR,ERR,ERR,ERR,ERR,ERR,ERR,ERR,ERR,ERR,ERR,ERR,ERR,ERR,ERR,ERR,ERR,ERR,ERR,ERR,ERR,ERR,ERR,ERR,ERR,ERR,ERR,ERR,ERR,50.0,60.0,100,0.0,0.0,0.0,0.0,0.0,0.0,0.0,0.0,0.0,0.0,0.0,0.0,0.0,0.0,0.0,0.0,62.0,73,14,65513,50,65476,0,300,0,0,8,20529,65476,0,0,26214,60.0,0.0,0.0,0.0,0.0,0.0
2026-05-17T18:57:04,ERR,ERR,ERR,ERR,ERR,ERR,ERR,ERR,ERR,ERR,ERR,ERR,ERR,ERR,ERR,ERR,ERR,ERR,ERR,ERR,ERR,ERR,ERR,ERR,ERR,ERR,ERR,ERR,ERR,ERR,ERR,ERR,ERR,ERR,ERR,ERR,ERR,ERR,ERR,ERR,ERR,ERR,ERR,ERR,ERR,ERR,ERR,ERR,ERR,ERR,ERR,ERR,ERR,ERR,ERR,ERR,ERR,ERR,ERR,ERR,ERR,ERR,ERR,ERR,ERR,ERR,ERR,ERR,ERR,ERR,ERR,ERR,ERR,ERR,ERR,ERR,ERR,ERR,ERR,ERR,ERR,ERR,ERR,ERR,ERR,ERR,ERR,ERR,ERR,ERR,ERR,ERR,ERR,ERR,ERR,ERR,ERR,ERR,ERR,ERR,ERR,ERR,ERR,ERR,ERR,ERR,ERR,ERR,ERR,ERR,ERR,ERR,ERR,ERR,ERR,ERR,ERR,ERR,ERR,ERR,ERR,ERR,ERR,ERR,ERR,0.0,0.0,-134474944.0,0.0,0.0,1.3936040501711995e+18,7.805,0.0,0,0,4,0,8422,0.0,45,0.0,0.0,0.0,0.0,0.0,0,0,0,0,0.0,0,0,0,0,0,0,0,0,0,0,0,0,0,0,0,0,0,0,0,0,0,0,0,0,0,0,0,0,0,0,0,0,0,38,14,7,45,65476,0,300,0,0,8,21553,0.0,-107605600.0,0.0,0.0,0.0,0.0,0.0,0.0,0.0,0.0,0.0,0.0,0.0,0.0,0.0,0.0,0.0,0.0,0.0,0.0,0.0,0.0,-0.0,2.004,-2.004,0.0,0.0,0.0,0.0,0.0,4855.0,8608177152.0,0.0,0.0,0.0,0.0,2.718429300292151e+23,0.0,0.0,0.0,0.0,53,-0.0,-0.0,0.0,0.0,0.0,0.0,0.0,0.0,0.0,0,0,0,0.0,0.0,0.0,0.0,0.0,0.0,0.0,0.0,0.0,0.0,0.0,0.0,0.0,0.0,0.0,0.0,0,-107875648.0,53,0.0,106,-107614832.0,-107351008.0,ERR,ERR,ERR,ERR,ERR,ERR,ERR,ERR,ERR,ERR,ERR,ERR,ERR,ERR,ERR,ERR,ERR,ERR,ERR,ERR,ERR,ERR,ERR,ERR,ERR,ERR,ERR,ERR,ERR,ERR,ERR,ERR,ERR,ERR,ERR,ERR,ERR,ERR,ERR,ERR,ERR,ERR,ERR,ERR,ERR,ERR,ERR,ERR,ERR,ERR,ERR,ERR,ERR,ERR,ERR,ERR,ERR,ERR,ERR,ERR,ERR,ERR,ERR,ERR,ERR,ERR,ERR,50.0,60.0,100,0.0,0.0,0.0,0.0,0.0,0.0,0.0,0.0,0.0,0.0,0.0,0.0,0.0,0.0,0.0,0.0,61.6,73,14,65513,50,65476,0,300,0,0,8,20529,65476,0,0,26214,60.0,0.0,0.0,0.0,0.0,0.0
2026-05-17T18:57:05,ERR,ERR,ERR,ERR,ERR,ERR,ERR,ERR,ERR,ERR,ERR,ERR,ERR,ERR,ERR,ERR,ERR,ERR,ERR,ERR,ERR,ERR,ERR,ERR,ERR,ERR,ERR,ERR,ERR,ERR,ERR,ERR,ERR,ERR,ERR,ERR,ERR,ERR,ERR,ERR,ERR,ERR,ERR,ERR,ERR,ERR,ERR,ERR,ERR,ERR,ERR,ERR,ERR,ERR,ERR,ERR,ERR,ERR,ERR,ERR,ERR,ERR,ERR,ERR,ERR,ERR,ERR,ERR,ERR,ERR,ERR,ERR,ERR,ERR,ERR,ERR,ERR,ERR,ERR,ERR,ERR,ERR,ERR,ERR,ERR,ERR,ERR,ERR,ERR,ERR,ERR,ERR,ERR,ERR,ERR,ERR,ERR,ERR,ERR,ERR,ERR,ERR,ERR,ERR,ERR,ERR,ERR,ERR,ERR,ERR,ERR,ERR,ERR,ERR,ERR,ERR,ERR,ERR,ERR,ERR,ERR,ERR,ERR,ERR,ERR,2.718428940004181e+23,0.0,-0.0,0.0,0.0,1.3936040501711995e+18,7.805,0.0,0,0,4,0,8422,0.0,45,0.0,0.0,0.0,0.0,0.0,0,0,0,0,0.0,0,0,0,0,0,0,0,0,0,0,0,0,0,0,0,0,0,0,0,0,0,0,0,0,0,0,0,0,0,0,0,0,0,38,14,7,45,65476,0,300,0,0,8,21553,0.0,-107605600.0,0.0,0.0,0.0,0.0,0.0,0.0,0.0,0.0,0.0,0.0,0.0,0.0,0.0,0.0,0.0,0.0,0.0,0.0,0.0,0.0,-0.0,2.004,-2.004,0.0,0.0,0.0,0.0,0.0,4858.0,0.0,0.0,0.0,0.0,-107615280.0,2.718429300292151e+23,0.0,0.0,0.0,0.0,53,-0.0,5.848052910173703e+35,0.0,0.0,0.0,0.0,0.0,0.0,0.0,0,0,0,0.0,0.0,0.0,0.0,0.0,0.0,0.0,0.0,0.0,0.0,0.0,0.0,0.0,0.0,0.0,0.0,0,-107875648.0,53,0.0,106,-107614832.0,-107351008.0,ERR,ERR,ERR,ERR,ERR,ERR,ERR,ERR,ERR,ERR,ERR,ERR,ERR,ERR,ERR,ERR,ERR,ERR,ERR,ERR,ERR,ERR,ERR,ERR,ERR,ERR,ERR,ERR,ERR,ERR,ERR,ERR,ERR,ERR,ERR,ERR,ERR,ERR,ERR,ERR,ERR,ERR,ERR,ERR,ERR,ERR,ERR,ERR,ERR,ERR,ERR,ERR,ERR,ERR,ERR,ERR,ERR,ERR,ERR,ERR,ERR,ERR,ERR,ERR,ERR,ERR,ERR,50.0,60.0,100,0.0,0.0,0.0,0.0,0.0,0.0,0.0,0.0,0.0,0.0,0.0,0.0,0.0,0.0,0.0,0.0,62.0,72,14,65514,50,65476,0,300,0,0,8,20529,65476,0,0,26214,60.0,0.0,0.0,0.0,0.0,0.0
2026-05-17T18:57:06,ERR,ERR,ERR,ERR,ERR,ERR,ERR,ERR,ERR,ERR,ERR,ERR,ERR,ERR,ERR,ERR,ERR,ERR,ERR,ERR,ERR,ERR,ERR,ERR,ERR,ERR,ERR,ERR,ERR,ERR,ERR,ERR,ERR,ERR,ERR,ERR,ERR,ERR,ERR,ERR,ERR,ERR,ERR,ERR,ERR,ERR,ERR,ERR,ERR,ERR,ERR,ERR,ERR,ERR,ERR,ERR,ERR,ERR,ERR,ERR,ERR,ERR,ERR,ERR,ERR,ERR,ERR,ERR,ERR,ERR,ERR,ERR,ERR,ERR,ERR,ERR,ERR,ERR,ERR,ERR,ERR,ERR,ERR,ERR,ERR,ERR,ERR,ERR,ERR,ERR,ERR,ERR,ERR,ERR,ERR,ERR,ERR,ERR,ERR,ERR,ERR,ERR,ERR,ERR,ERR,ERR,ERR,ERR,ERR,ERR,ERR,ERR,ERR,ERR,ERR,ERR,ERR,ERR,ERR,ERR,ERR,ERR,ERR,ERR,ERR,2.718428940004181e+23,0.0,-0.0,0.0,0.0,1.3936040501711995e+18,7.805,0.0,0,0,4,0,8422,0.0,45,0.0,0.0,0.0,0.0,0.0,0,0,0,0,0.0,0,0,0,0,0,0,0,0,0,0,0,0,0,0,0,0,0,0,0,0,0,0,0,0,0,0,0,0,0,0,0,0,0,38,14,7,45,65476,0,300,0,0,8,21553,0.0,-107605600.0,0.0,0.0,0.0,0.0,0.0,0.0,0.0,0.0,0.0,0.0,0.0,0.0,0.0,0.0,0.0,0.0,0.0,0.0,0.0,0.0,-0.0,2.004,-2.004,0.0,0.0,0.0,0.0,0.0,4858.0,0.0,0.0,0.0,0.0,-107615280.0,2.718429300292151e+23,0.0,0.0,0.0,0.0,53,-0.0,5.848052910173703e+35,0.0,0.0,0.0,0.0,0.0,0.0,0.0,0,0,0,0.0,0.0,0.0,0.0,0.0,0.0,0.0,0.0,0.0,0.0,0.0,0.0,0.0,0.0,0.0,0.0,0,-107875648.0,53,0.0,106,-107614832.0,-107351008.0,ERR,ERR,ERR,ERR,ERR,ERR,ERR,ERR,ERR,ERR,ERR,ERR,ERR,ERR,ERR,ERR,ERR,ERR,ERR,ERR,ERR,ERR,ERR,ERR,ERR,ERR,ERR,ERR,ERR,ERR,ERR,ERR,ERR,ERR,ERR,ERR,ERR,ERR,ERR,ERR,ERR,ERR,ERR,ERR,ERR,ERR,ERR,ERR,ERR,ERR,ERR,ERR,ERR,ERR,ERR,ERR,ERR,ERR,ERR,ERR,ERR,ERR,ERR,ERR,ERR,ERR,ERR,50.0,60.0,100,0.0,0.0,0.0,0.0,0.0,0.0,0.0,0.0,0.0,0.0,0.0,0.0,0.0,0.0,0.0,0.0,62.0,72,14,65514,50,65476,0,300,0,0,8,20529,65476,0,0,26214,60.0,0.0,0.0,0.0,0.0,0.0
2026-05-17T18:57:07,ERR,ERR,ERR,ERR,ERR,ERR,ERR,ERR,ERR,ERR,ERR,ERR,ERR,ERR,ERR,ERR,ERR,ERR,ERR,ERR,ERR,ERR,ERR,ERR,ERR,ERR,ERR,ERR,ERR,ERR,ERR,ERR,ERR,ERR,ERR,ERR,ERR,ERR,ERR,ERR,ERR,ERR,ERR,ERR,ERR,ERR,ERR,ERR,ERR,ERR,ERR,ERR,ERR,ERR,ERR,ERR,ERR,ERR,ERR,ERR,ERR,ERR,ERR,ERR,ERR,ERR,ERR,ERR,ERR,ERR,ERR,ERR,ERR,ERR,ERR,ERR,ERR,ERR,ERR,ERR,ERR,ERR,ERR,ERR,ERR,ERR,ERR,ERR,ERR,ERR,ERR,ERR,ERR,ERR,ERR,ERR,ERR,ERR,ERR,ERR,ERR,ERR,ERR,ERR,ERR,ERR,ERR,ERR,ERR,ERR,ERR,ERR,ERR,ERR,ERR,ERR,ERR,ERR,ERR,ERR,ERR,ERR,ERR,ERR,ERR,2.718428940004181e+23,0.0,-0.0,0.0,0.0,1.3936040501711995e+18,7.805,0.0,0,0,4,0,8422,0.0,45,0.0,0.0,0.0,0.0,0.0,0,0,0,0,0.0,0,0,0,0,0,0,0,0,0,0,0,0,0,0,0,0,0,0,0,0,0,0,0,0,0,0,0,0,0,0,0,0,0,38,14,7,45,65476,0,300,0,0,8,21553,0.0,-107605600.0,0.0,0.0,0.0,0.0,0.0,0.0,0.0,0.0,0.0,0.0,0.0,0.0,0.0,0.0,0.0,0.0,0.0,0.0,0.0,0.0,-0.0,2.004,-2.004,0.0,0.0,0.0,0.0,0.0,4858.0,0.0,0.0,0.0,0.0,-107615280.0,2.718429300292151e+23,0.0,0.0,0.0,0.0,53,-0.0,5.848052910173703e+35,0.0,0.0,0.0,0.0,0.0,0.0,0.0,0,0,0,0.0,0.0,0.0,0.0,0.0,0.0,0.0,0.0,0.0,0.0,0.0,0.0,0.0,0.0,0.0,0.0,0,-107875648.0,53,0.0,106,-107614832.0,-107351008.0,ERR,ERR,ERR,ERR,ERR,ERR,ERR,ERR,ERR,ERR,ERR,ERR,ERR,ERR,ERR,ERR,ERR,ERR,ERR,ERR,ERR,ERR,ERR,ERR,ERR,ERR,ERR,ERR,ERR,ERR,ERR,ERR,ERR,ERR,ERR,ERR,ERR,ERR,ERR,ERR,ERR,ERR,ERR,ERR,ERR,ERR,ERR,ERR,ERR,ERR,ERR,ERR,ERR,ERR,ERR,ERR,ERR,ERR,ERR,ERR,ERR,ERR,ERR,ERR,ERR,ERR,ERR,50.0,60.0,100,0.0,0.0,0.0,0.0,0.0,0.0,0.0,0.0,0.0,0.0,0.0,0.0,0.0,0.0,0.0,0.0,61.6,72,14,65514,50,65476,0,300,0,0,8,20529,65476,0,0,26214,60.0,0.0,0.0,0.0,0.0,0.0
2026-05-17T18:57:08,ERR,ERR,ERR,ERR,ERR,ERR,ERR,ERR,ERR,ERR,ERR,ERR,ERR,ERR,ERR,ERR,ERR,ERR,ERR,ERR,ERR,ERR,ERR,ERR,ERR,ERR,ERR,ERR,ERR,ERR,ERR,ERR,ERR,ERR,ERR,ERR,ERR,ERR,ERR,ERR,ERR,ERR,ERR,ERR,ERR,ERR,ERR,ERR,ERR,ERR,ERR,ERR,ERR,ERR,ERR,ERR,ERR,ERR,ERR,ERR,ERR,ERR,ERR,ERR,ERR,ERR,ERR,ERR,ERR,ERR,ERR,ERR,ERR,ERR,ERR,ERR,ERR,ERR,ERR,ERR,ERR,ERR,ERR,ERR,ERR,ERR,ERR,ERR,ERR,ERR,ERR,ERR,ERR,ERR,ERR,ERR,ERR,ERR,ERR,ERR,ERR,ERR,ERR,ERR,ERR,ERR,ERR,ERR,ERR,ERR,ERR,ERR,ERR,ERR,ERR,ERR,ERR,ERR,ERR,ERR,ERR,ERR,ERR,ERR,ERR,2.718428940004181e+23,0.0,-0.0,0.0,0.0,1.3936040501711995e+18,7.805,0.0,0,0,4,0,8422,0.0,45,0.0,0.0,0.0,0.0,0.0,0,0,0,0,0.0,0,0,0,0,0,0,0,0,0,0,0,0,0,0,0,0,0,0,0,0,0,0,0,0,0,0,0,0,0,0,0,0,0,38,14,7,45,65476,0,300,0,0,8,21553,0.0,-107605600.0,0.0,0.0,0.0,0.0,0.0,0.0,0.0,0.0,0.0,0.0,0.0,0.0,0.0,0.0,0.0,0.0,0.0,0.0,0.0,0.0,-0.0,2.004,-2.004,0.0,0.0,0.0,0.0,0.0,4858.0,0.0,0.0,0.0,0.0,-107615280.0,2.718429300292151e+23,0.0,0.0,0.0,0.0,53,-0.0,5.848052910173703e+35,0.0,0.0,0.0,0.0,0.0,0.0,0.0,0,0,0,0.0,0.0,0.0,0.0,0.0,0.0,0.0,0.0,0.0,0.0,0.0,0.0,0.0,0.0,0.0,0.0,0,-107875648.0,53,0.0,106,-107614832.0,-107351008.0,ERR,ERR,ERR,ERR,ERR,ERR,ERR,ERR,ERR,ERR,ERR,ERR,ERR,ERR,ERR,ERR,ERR,ERR,ERR,ERR,ERR,ERR,ERR,ERR,ERR,ERR,ERR,ERR,ERR,ERR,ERR,ERR,ERR,ERR,ERR,ERR,ERR,ERR,ERR,ERR,ERR,ERR,ERR,ERR,ERR,ERR,ERR,ERR,ERR,ERR,ERR,ERR,ERR,ERR,ERR,ERR,ERR,ERR,ERR,ERR,ERR,ERR,ERR,ERR,ERR,ERR,ERR,50.0,60.0,100,0.0,0.0,0.0,0.0,0.0,0.0,0.0,0.0,0.0,0.0,0.0,0.0,0.0,0.0,0.0,0.0,61.6,72,14,65514,50,65476,0,300,0,0,8,20529,65476,0,0,26214,60.0,0.0,0.0,0.0,0.0,0.0
2026-05-17T18:57:09,ERR,ERR,ERR,ERR,ERR,ERR,ERR,ERR,ERR,ERR,ERR,ERR,ERR,ERR,ERR,ERR,ERR,ERR,ERR,ERR,ERR,ERR,ERR,ERR,ERR,ERR,ERR,ERR,ERR,ERR,ERR,ERR,ERR,ERR,ERR,ERR,ERR,ERR,ERR,ERR,ERR,ERR,ERR,ERR,ERR,ERR,ERR,ERR,ERR,ERR,ERR,ERR,ERR,ERR,ERR,ERR,ERR,ERR,ERR,ERR,ERR,ERR,ERR,ERR,ERR,ERR,ERR,ERR,ERR,ERR,ERR,ERR,ERR,ERR,ERR,ERR,ERR,ERR,ERR,ERR,ERR,ERR,ERR,ERR,ERR,ERR,ERR,ERR,ERR,ERR,ERR,ERR,ERR,ERR,ERR,ERR,ERR,ERR,ERR,ERR,ERR,ERR,ERR,ERR,ERR,ERR,ERR,ERR,ERR,ERR,ERR,ERR,ERR,ERR,ERR,ERR,ERR,ERR,ERR,ERR,ERR,ERR,ERR,ERR,ERR,2.718428940004181e+23,0.0,-0.0,0.0,0.0,1.3936040501711995e+18,7.805,0.0,0,0,4,0,8422,0.0,45,0.0,0.0,0.0,0.0,0.0,0,0,0,0,0.0,0,0,0,0,0,0,0,0,0,0,0,0,0,0,0,0,0,0,0,0,0,0,0,0,0,0,0,0,0,0,0,0,0,38,14,7,45,65476,0,300,0,0,8,21553,0.0,-107605600.0,0.0,0.0,0.0,0.0,0.0,0.0,0.0,0.0,0.0,0.0,0.0,0.0,0.0,0.0,0.0,0.0,0.0,0.0,0.0,0.0,-0.0,2.004,-2.004,0.0,0.0,0.0,0.0,0.0,4858.0,0.0,0.0,0.0,0.0,-107615280.0,2.718429300292151e+23,0.0,0.0,0.0,0.0,53,-0.0,5.848052910173703e+35,0.0,0.0,0.0,0.0,0.0,0.0,0.0,0,0,0,0.0,0.0,0.0,0.0,0.0,0.0,0.0,0.0,0.0,0.0,0.0,0.0,0.0,0.0,0.0,0.0,0,-107875648.0,53,0.0,106,-107614832.0,-107351008.0,ERR,ERR,ERR,ERR,ERR,ERR,ERR,ERR,ERR,ERR,ERR,ERR,ERR,ERR,ERR,ERR,ERR,ERR,ERR,ERR,ERR,ERR,ERR,ERR,ERR,ERR,ERR,ERR,ERR,ERR,ERR,ERR,ERR,ERR,ERR,ERR,ERR,ERR,ERR,ERR,ERR,ERR,ERR,ERR,ERR,ERR,ERR,ERR,ERR,ERR,ERR,ERR,ERR,ERR,ERR,ERR,ERR,ERR,ERR,ERR,ERR,ERR,ERR,ERR,ERR,ERR,ERR,50.0,60.0,100,0.0,0.0,0.0,0.0,0.0,0.0,0.0,0.0,0.0,0.0,0.0,0.0,0.0,0.0,0.0,0.0,61.6,72,14,65514,50,65476,0,300,0,0,8,20529,65476,0,0,26214,60.0,0.0,0.0,0.0,0.0,0.0
2026-05-17T18:57:10,ERR,ERR,ERR,ERR,ERR,ERR,ERR,ERR,ERR,ERR,ERR,ERR,ERR,ERR,ERR,ERR,ERR,ERR,ERR,ERR,ERR,ERR,ERR,ERR,ERR,ERR,ERR,ERR,ERR,ERR,ERR,ERR,ERR,ERR,ERR,ERR,ERR,ERR,ERR,ERR,ERR,ERR,ERR,ERR,ERR,ERR,ERR,ERR,ERR,ERR,ERR,ERR,ERR,ERR,ERR,ERR,ERR,ERR,ERR,ERR,ERR,ERR,ERR,ERR,ERR,ERR,ERR,ERR,ERR,ERR,ERR,ERR,ERR,ERR,ERR,ERR,ERR,ERR,ERR,ERR,ERR,ERR,ERR,ERR,ERR,ERR,ERR,ERR,ERR,ERR,ERR,ERR,ERR,ERR,ERR,ERR,ERR,ERR,ERR,ERR,ERR,ERR,ERR,ERR,ERR,ERR,ERR,ERR,ERR,ERR,ERR,ERR,ERR,ERR,ERR,ERR,ERR,ERR,ERR,ERR,ERR,ERR,ERR,ERR,ERR,0.0,0.0,-134474944.0,0.0,0.0,1.3936040501711995e+18,7.805,0.0,0,0,4,0,8422,0.0,45,0.0,0.0,0.0,0.0,0.0,0,0,0,0,0.0,0,0,0,0,0,0,0,0,0,0,0,0,0,0,0,0,0,0,0,0,0,0,0,0,0,0,0,0,0,0,0,0,0,38,14,7,45,65476,0,300,0,0,8,21553,0.0,-107605600.0,0.0,0.0,0.0,0.0,0.0,0.0,0.0,0.0,0.0,0.0,0.0,0.0,0.0,0.0,0.0,0.0,0.0,0.0,0.0,0.0,2.004,2.004,-0.0,0.0,0.0,0.0,0.0,0.0,4829.0,-0.0,0.0,2.718428940004181e+23,0.0,-107615280.0,2.718429300292151e+23,0.0,0.0,0.0,0.0,53,-0.0,-0.0,0.0,0.0,0.0,0.0,0.0,0.0,0.0,0,0,0,0.0,0.0,0.0,0.0,0.0,0.0,0.0,0.0,0.0,0.0,0.0,0.0,0.0,0.0,0.0,0.0,0,-107875648.0,53,0.0,106,-107614832.0,0.0,ERR,ERR,ERR,ERR,ERR,ERR,ERR,ERR,ERR,ERR,ERR,ERR,ERR,ERR,ERR,ERR,ERR,ERR,ERR,ERR,ERR,ERR,ERR,ERR,ERR,ERR,ERR,ERR,ERR,ERR,ERR,ERR,ERR,ERR,ERR,ERR,ERR,ERR,ERR,ERR,ERR,ERR,ERR,ERR,ERR,ERR,ERR,ERR,ERR,ERR,ERR,ERR,ERR,ERR,ERR,ERR,ERR,ERR,ERR,ERR,ERR,ERR,ERR,ERR,ERR,ERR,ERR,50.0,60.0,100,0.0,0.0,0.0,0.0,0.0,0.0,0.0,0.0,0.0,0.0,0.0,0.0,0.0,0.0,0.0,0.0,61.6,72,14,65514,50,65476,0,300,0,0,8,20529,65476,0,0,26214,60.0,0.0,0.0,0.0,0.0,0.0
2026-05-17T18:57:11,ERR,ERR,ERR,ERR,ERR,ERR,ERR,ERR,ERR,ERR,ERR,ERR,ERR,ERR,ERR,ERR,ERR,ERR,ERR,ERR,ERR,ERR,ERR,ERR,ERR,ERR,ERR,ERR,ERR,ERR,ERR,ERR,ERR,ERR,ERR,ERR,ERR,ERR,ERR,ERR,ERR,ERR,ERR,ERR,ERR,ERR,ERR,ERR,ERR,ERR,ERR,ERR,ERR,ERR,ERR,ERR,ERR,ERR,ERR,ERR,ERR,ERR,ERR,ERR,ERR,ERR,ERR,ERR,ERR,ERR,ERR,ERR,ERR,ERR,ERR,ERR,ERR,ERR,ERR,ERR,ERR,ERR,ERR,ERR,ERR,ERR,ERR,ERR,ERR,ERR,ERR,ERR,ERR,ERR,ERR,ERR,ERR,ERR,ERR,ERR,ERR,ERR,ERR,ERR,ERR,ERR,ERR,ERR,ERR,ERR,ERR,ERR,ERR,ERR,ERR,ERR,ERR,ERR,ERR,ERR,ERR,ERR,ERR,ERR,ERR,0.0,0.0,-134474944.0,0.0,0.0,1.3936040501711995e+18,7.805,0.0,0,0,4,0,8422,0.0,45,0.0,0.0,0.0,0.0,0.0,0,0,0,0,0.0,0,0,0,0,0,0,0,0,0,0,0,0,0,0,0,0,0,0,0,0,0,0,0,0,0,0,0,0,0,0,0,0,0,38,14,7,45,65476,0,300,0,0,8,21553,0.0,-107605600.0,0.0,0.0,0.0,0.0,0.0,0.0,0.0,0.0,0.0,0.0,0.0,0.0,0.0,0.0,0.0,0.0,0.0,0.0,0.0,0.0,2.004,2.004,-0.0,0.0,0.0,0.0,0.0,0.0,4829.0,-0.0,0.0,2.718428940004181e+23,0.0,-107615280.0,2.718429300292151e+23,0.0,0.0,0.0,0.0,53,-0.0,-0.0,0.0,0.0,0.0,0.0,0.0,0.0,0.0,0,0,0,0.0,0.0,0.0,0.0,0.0,0.0,0.0,0.0,0.0,0.0,0.0,0.0,0.0,0.0,0.0,0.0,0,-107875648.0,53,0.0,106,-107614832.0,0.0,ERR,ERR,ERR,ERR,ERR,ERR,ERR,ERR,ERR,ERR,ERR,ERR,ERR,ERR,ERR,ERR,ERR,ERR,ERR,ERR,ERR,ERR,ERR,ERR,ERR,ERR,ERR,ERR,ERR,ERR,ERR,ERR,ERR,ERR,ERR,ERR,ERR,ERR,ERR,ERR,ERR,ERR,ERR,ERR,ERR,ERR,ERR,ERR,ERR,ERR,ERR,ERR,ERR,ERR,ERR,ERR,ERR,ERR,ERR,ERR,ERR,ERR,ERR,ERR,ERR,ERR,ERR,50.0,60.0,100,0.0,0.0,0.0,0.0,0.0,0.0,0.0,0.0,0.0,0.0,0.0,0.0,0.0,0.0,0.0,0.0,61.6,72,14,65514,50,65476,0,300,0,0,8,20529,65476,0,0,26214,60.0,0.0,0.0,0.0,0.0,0.0
2026-05-17T18:57:12,ERR,ERR,ERR,ERR,ERR,ERR,ERR,ERR,ERR,ERR,ERR,ERR,ERR,ERR,ERR,ERR,ERR,ERR,ERR,ERR,ERR,ERR,ERR,ERR,ERR,ERR,ERR,ERR,ERR,ERR,ERR,ERR,ERR,ERR,ERR,ERR,ERR,ERR,ERR,ERR,ERR,ERR,ERR,ERR,ERR,ERR,ERR,ERR,ERR,ERR,ERR,ERR,ERR,ERR,ERR,ERR,ERR,ERR,ERR,ERR,ERR,ERR,ERR,ERR,ERR,ERR,ERR,ERR,ERR,ERR,ERR,ERR,ERR,ERR,ERR,ERR,ERR,ERR,ERR,ERR,ERR,ERR,ERR,ERR,ERR,ERR,ERR,ERR,ERR,ERR,ERR,ERR,ERR,ERR,ERR,ERR,ERR,ERR,ERR,ERR,ERR,ERR,ERR,ERR,ERR,ERR,ERR,ERR,ERR,ERR,ERR,ERR,ERR,ERR,ERR,ERR,ERR,ERR,ERR,ERR,ERR,ERR,ERR,ERR,ERR,0.0,0.0,-134474944.0,0.0,0.0,1.3936040501711995e+18,7.805,0.0,0,0,4,0,8422,0.0,45,0.0,0.0,0.0,0.0,0.0,0,0,0,0,0.0,0,0,0,0,0,0,0,0,0,0,0,0,0,0,0,0,0,0,0,0,0,0,0,0,0,0,0,0,0,0,0,0,0,38,14,7,45,65476,0,300,0,0,8,21553,0.0,-107605600.0,0.0,0.0,0.0,0.0,0.0,0.0,0.0,0.0,0.0,0.0,0.0,0.0,0.0,0.0,0.0,0.0,0.0,0.0,0.0,0.0,2.004,2.004,-0.0,0.0,0.0,0.0,0.0,0.0,4829.0,-0.0,0.0,2.718428940004181e+23,0.0,-107615280.0,2.718429300292151e+23,0.0,0.0,0.0,0.0,53,-0.0,-0.0,0.0,0.0,0.0,0.0,0.0,0.0,0.0,0,0,0,0.0,0.0,0.0,0.0,0.0,0.0,0.0,0.0,0.0,0.0,0.0,0.0,0.0,0.0,0.0,0.0,0,-107875648.0,53,0.0,106,-107614832.0,0.0,ERR,ERR,ERR,ERR,ERR,ERR,ERR,ERR,ERR,ERR,ERR,ERR,ERR,ERR,ERR,ERR,ERR,ERR,ERR,ERR,ERR,ERR,ERR,ERR,ERR,ERR,ERR,ERR,ERR,ERR,ERR,ERR,ERR,ERR,ERR,ERR,ERR,ERR,ERR,ERR,ERR,ERR,ERR,ERR,ERR,ERR,ERR,ERR,ERR,ERR,ERR,ERR,ERR,ERR,ERR,ERR,ERR,ERR,ERR,ERR,ERR,ERR,ERR,ERR,ERR,ERR,ERR,50.0,60.0,100,0.0,0.0,0.0,0.0,0.0,0.0,0.0,0.0,0.0,0.0,0.0,0.0,0.0,0.0,0.0,0.0,61.6,72,14,65514,50,65476,0,300,0,0,8,20529,65476,0,0,26214,60.0,0.0,0.0,0.0,0.0,0.0
2026-05-17T18:57:13,ERR,ERR,ERR,ERR,ERR,ERR,ERR,ERR,ERR,ERR,ERR,ERR,ERR,ERR,ERR,ERR,ERR,ERR,ERR,ERR,ERR,ERR,ERR,ERR,ERR,ERR,ERR,ERR,ERR,ERR,ERR,ERR,ERR,ERR,ERR,ERR,ERR,ERR,ERR,ERR,ERR,ERR,ERR,ERR,ERR,ERR,ERR,ERR,ERR,ERR,ERR,ERR,ERR,ERR,ERR,ERR,ERR,ERR,ERR,ERR,ERR,ERR,ERR,ERR,ERR,ERR,ERR,ERR,ERR,ERR,ERR,ERR,ERR,ERR,ERR,ERR,ERR,ERR,ERR,ERR,ERR,ERR,ERR,ERR,ERR,ERR,ERR,ERR,ERR,ERR,ERR,ERR,ERR,ERR,ERR,ERR,ERR,ERR,ERR,ERR,ERR,ERR,ERR,ERR,ERR,ERR,ERR,ERR,ERR,ERR,ERR,ERR,ERR,ERR,ERR,ERR,ERR,ERR,ERR,ERR,ERR,ERR,ERR,ERR,ERR,0.0,0.0,-134474944.0,0.0,0.0,1.3936040501711995e+18,7.805,0.0,0,0,4,0,8422,0.0,45,0.0,0.0,0.0,0.0,0.0,0,0,0,0,0.0,0,0,0,0,0,0,0,0,0,0,0,0,0,0,0,0,0,0,0,0,0,0,0,0,0,0,0,0,0,0,0,0,0,38,14,7,45,65476,0,300,0,0,8,21553,0.0,-107605600.0,0.0,0.0,0.0,0.0,0.0,0.0,0.0,0.0,0.0,0.0,0.0,0.0,0.0,0.0,0.0,0.0,0.0,0.0,0.0,0.0,2.004,2.004,-0.0,0.0,0.0,0.0,0.0,0.0,4829.0,-0.0,0.0,2.718428940004181e+23,0.0,-107615280.0,2.718429300292151e+23,0.0,0.0,0.0,0.0,53,-0.0,-0.0,0.0,0.0,0.0,0.0,0.0,0.0,0.0,0,0,0,0.0,0.0,0.0,0.0,0.0,0.0,0.0,0.0,0.0,0.0,0.0,0.0,0.0,0.0,0.0,0.0,0,-107875648.0,53,0.0,106,-107614832.0,0.0,ERR,ERR,ERR,ERR,ERR,ERR,ERR,ERR,ERR,ERR,ERR,ERR,ERR,ERR,ERR,ERR,ERR,ERR,ERR,ERR,ERR,ERR,ERR,ERR,ERR,ERR,ERR,ERR,ERR,ERR,ERR,ERR,ERR,ERR,ERR,ERR,ERR,ERR,ERR,ERR,ERR,ERR,ERR,ERR,ERR,ERR,ERR,ERR,ERR,ERR,ERR,ERR,ERR,ERR,ERR,ERR,ERR,ERR,ERR,ERR,ERR,ERR,ERR,ERR,ERR,ERR,ERR,50.0,60.0,100,0.0,0.0,0.0,0.0,0.0,0.0,0.0,0.0,0.0,0.0,0.0,0.0,0.0,0.0,0.0,0.0,61.6,72,14,65514,50,65476,0,300,0,0,8,20529,65476,0,0,26214,60.0,0.0,0.0,0.0,0.0,0.0
2026-05-17T18:57:14,ERR,ERR,ERR,ERR,ERR,ERR,ERR,ERR,ERR,ERR,ERR,ERR,ERR,ERR,ERR,ERR,ERR,ERR,ERR,ERR,ERR,ERR,ERR,ERR,ERR,ERR,ERR,ERR,ERR,ERR,ERR,ERR,ERR,ERR,ERR,ERR,ERR,ERR,ERR,ERR,ERR,ERR,ERR,ERR,ERR,ERR,ERR,ERR,ERR,ERR,ERR,ERR,ERR,ERR,ERR,ERR,ERR,ERR,ERR,ERR,ERR,ERR,ERR,ERR,ERR,ERR,ERR,ERR,ERR,ERR,ERR,ERR,ERR,ERR,ERR,ERR,ERR,ERR,ERR,ERR,ERR,ERR,ERR,ERR,ERR,ERR,ERR,ERR,ERR,ERR,ERR,ERR,ERR,ERR,ERR,ERR,ERR,ERR,ERR,ERR,ERR,ERR,ERR,ERR,ERR,ERR,ERR,ERR,ERR,ERR,ERR,ERR,ERR,ERR,ERR,ERR,ERR,ERR,ERR,ERR,ERR,ERR,ERR,ERR,ERR,0.0,0.0,-134474944.0,0.0,0.0,1.3936040501711995e+18,7.805,0.0,0,0,4,0,8422,0.0,45,0.0,0.0,0.0,0.0,0.0,0,0,0,0,0.0,0,0,0,0,0,0,0,0,0,0,0,0,0,0,0,0,0,0,0,0,0,0,0,0,0,0,0,0,0,0,0,0,0,38,14,7,45,65476,0,300,0,0,8,21553,0.0,-107605600.0,0.0,0.0,0.0,0.0,0.0,0.0,0.0,0.0,0.0,0.0,0.0,0.0,0.0,0.0,0.0,0.0,0.0,0.0,0.0,0.0,2.004,2.004,-0.0,0.0,0.0,0.0,0.0,0.0,4829.0,-0.0,0.0,2.718428940004181e+23,0.0,-107615280.0,2.718429300292151e+23,0.0,0.0,0.0,0.0,53,-0.0,-0.0,0.0,0.0,0.0,0.0,0.0,0.0,0.0,0,0,0,0.0,0.0,0.0,0.0,0.0,0.0,0.0,0.0,0.0,0.0,0.0,0.0,0.0,0.0,0.0,0.0,0,-107875648.0,53,0.0,106,-107614832.0,0.0,ERR,ERR,ERR,ERR,ERR,ERR,ERR,ERR,ERR,ERR,ERR,ERR,ERR,ERR,ERR,ERR,ERR,ERR,ERR,ERR,ERR,ERR,ERR,ERR,ERR,ERR,ERR,ERR,ERR,ERR,ERR,ERR,ERR,ERR,ERR,ERR,ERR,ERR,ERR,ERR,ERR,ERR,ERR,ERR,ERR,ERR,ERR,ERR,ERR,ERR,ERR,ERR,ERR,ERR,ERR,ERR,ERR,ERR,ERR,ERR,ERR,ERR,ERR,ERR,ERR,ERR,ERR,50.0,60.0,100,0.0,0.0,0.0,0.0,0.0,0.0,0.0,0.0,0.0,0.0,0.0,0.0,0.0,0.0,0.0,0.0,61.6,72,14,65514,50,65476,0,300,0,0,8,20529,65476,0,0,26214,60.0,0.0,0.0,0.0,0.0,0.0
2026-05-17T18:57:15,ERR,ERR,ERR,ERR,ERR,ERR,ERR,ERR,ERR,ERR,ERR,ERR,ERR,ERR,ERR,ERR,ERR,ERR,ERR,ERR,ERR,ERR,ERR,ERR,ERR,ERR,ERR,ERR,ERR,ERR,ERR,ERR,ERR,ERR,ERR,ERR,ERR,ERR,ERR,ERR,ERR,ERR,ERR,ERR,ERR,ERR,ERR,ERR,ERR,ERR,ERR,ERR,ERR,ERR,ERR,ERR,ERR,ERR,ERR,ERR,ERR,ERR,ERR,ERR,ERR,ERR,ERR,ERR,ERR,ERR,ERR,ERR,ERR,ERR,ERR,ERR,ERR,ERR,ERR,ERR,ERR,ERR,ERR,ERR,ERR,ERR,ERR,ERR,ERR,ERR,ERR,ERR,ERR,ERR,ERR,ERR,ERR,ERR,ERR,ERR,ERR,ERR,ERR,ERR,ERR,ERR,ERR,ERR,ERR,ERR,ERR,ERR,ERR,ERR,ERR,ERR,ERR,ERR,ERR,ERR,ERR,ERR,ERR,ERR,ERR,0.0,0.0,-134474944.0,0.0,0.0,1.3936040501711995e+18,7.805,0.0,0,0,4,0,8422,0.0,45,0.0,0.0,0.0,0.0,0.0,0,0,0,0,0.0,0,0,0,0,0,0,0,0,0,0,0,0,0,0,0,0,0,0,0,0,0,0,0,0,0,0,0,0,0,0,0,0,0,38,14,7,45,65476,0,300,0,0,8,21553,0.0,-107605600.0,0.0,0.0,0.0,0.0,0.0,0.0,0.0,0.0,0.0,0.0,0.0,0.0,0.0,0.0,0.0,0.0,0.0,0.0,0.0,0.0,2.004,2.004,-2.004,0.0,0.0,0.0,0.0,0.0,4821.0,131350.344,0.0,0.0,0.0,0.0,2.718429300292151e+23,0.0,0.0,0.0,0.0,53,-0.0,1.905684548377641e+17,0.0,0.0,0.0,0.0,0.0,0.0,0.0,0,0,0,0.0,0.0,0.0,0.0,0.0,0.0,0.0,0.0,0.0,0.0,0.0,0.0,0.0,0.0,0.0,0.0,0,-107875648.0,53,0.0,106,-107614832.0,-107351008.0,ERR,ERR,ERR,ERR,ERR,ERR,ERR,ERR,ERR,ERR,ERR,ERR,ERR,ERR,ERR,ERR,ERR,ERR,ERR,ERR,ERR,ERR,ERR,ERR,ERR,ERR,ERR,ERR,ERR,ERR,ERR,ERR,ERR,ERR,ERR,ERR,ERR,ERR,ERR,ERR,ERR,ERR,ERR,ERR,ERR,ERR,ERR,ERR,ERR,ERR,ERR,ERR,ERR,ERR,ERR,ERR,ERR,ERR,ERR,ERR,ERR,ERR,ERR,ERR,ERR,ERR,ERR,50.0,60.0,100,0.0,0.0,0.0,0.0,0.0,0.0,0.0,0.0,0.0,0.0,0.0,0.0,0.0,0.0,0.0,0.0,61.6,72,14,65514,50,65476,0,300,0,0,8,20529,65476,0,0,26214,60.0,0.0,0.0,0.0,0.0,0.0
2026-05-17T18:57:16,ERR,ERR,ERR,ERR,ERR,ERR,ERR,ERR,ERR,ERR,ERR,ERR,ERR,ERR,ERR,ERR,ERR,ERR,ERR,ERR,ERR,ERR,ERR,ERR,ERR,ERR,ERR,ERR,ERR,ERR,ERR,ERR,ERR,ERR,ERR,ERR,ERR,ERR,ERR,ERR,ERR,ERR,ERR,ERR,ERR,ERR,ERR,ERR,ERR,ERR,ERR,ERR,ERR,ERR,ERR,ERR,ERR,ERR,ERR,ERR,ERR,ERR,ERR,ERR,ERR,ERR,ERR,ERR,ERR,ERR,ERR,ERR,ERR,ERR,ERR,ERR,ERR,ERR,ERR,ERR,ERR,ERR,ERR,ERR,ERR,ERR,ERR,ERR,ERR,ERR,ERR,ERR,ERR,ERR,ERR,ERR,ERR,ERR,ERR,ERR,ERR,ERR,ERR,ERR,ERR,ERR,ERR,ERR,ERR,ERR,ERR,ERR,ERR,ERR,ERR,ERR,ERR,ERR,ERR,ERR,ERR,ERR,ERR,ERR,ERR,0.0,0.0,-134474944.0,0.0,0.0,1.3936040501711995e+18,7.805,0.0,0,0,4,0,8422,0.0,45,0.0,0.0,0.0,0.0,0.0,0,0,0,0,0.0,0,0,0,0,0,0,0,0,0,0,0,0,0,0,0,0,0,0,0,0,0,0,0,0,0,0,0,0,0,0,0,0,0,38,14,7,45,65476,0,300,0,0,8,21553,0.0,-107605600.0,0.0,0.0,0.0,0.0,0.0,0.0,0.0,0.0,0.0,0.0,0.0,0.0,0.0,0.0,0.0,0.0,0.0,0.0,0.0,0.0,2.004,2.004,-2.004,0.0,0.0,0.0,0.0,0.0,4821.0,131350.344,0.0,0.0,0.0,0.0,2.718429300292151e+23,0.0,0.0,0.0,0.0,53,-0.0,1.905684548377641e+17,0.0,0.0,0.0,0.0,0.0,0.0,0.0,0,0,0,0.0,0.0,0.0,0.0,0.0,0.0,0.0,0.0,0.0,0.0,0.0,0.0,0.0,0.0,0.0,0.0,0,-107875648.0,53,0.0,106,-107614832.0,-107351008.0,ERR,ERR,ERR,ERR,ERR,ERR,ERR,ERR,ERR,ERR,ERR,ERR,ERR,ERR,ERR,ERR,ERR,ERR,ERR,ERR,ERR,ERR,ERR,ERR,ERR,ERR,ERR,ERR,ERR,ERR,ERR,ERR,ERR,ERR,ERR,ERR,ERR,ERR,ERR,ERR,ERR,ERR,ERR,ERR,ERR,ERR,ERR,ERR,ERR,ERR,ERR,ERR,ERR,ERR,ERR,ERR,ERR,ERR,ERR,ERR,ERR,ERR,ERR,ERR,ERR,ERR,ERR,50.0,60.0,100,0.0,0.0,0.0,0.0,0.0,0.0,0.0,0.0,0.0,0.0,0.0,0.0,0.0,0.0,0.0,0.0,61.6,72,14,65514,50,65476,0,300,0,0,8,20529,65476,0,0,26214,60.0,0.0,0.0,0.0,0.0,0.0
2026-05-17T18:57:17,ERR,ERR,ERR,ERR,ERR,ERR,ERR,ERR,ERR,ERR,ERR,ERR,ERR,ERR,ERR,ERR,ERR,ERR,ERR,ERR,ERR,ERR,ERR,ERR,ERR,ERR,ERR,ERR,ERR,ERR,ERR,ERR,ERR,ERR,ERR,ERR,ERR,ERR,ERR,ERR,ERR,ERR,ERR,ERR,ERR,ERR,ERR,ERR,ERR,ERR,ERR,ERR,ERR,ERR,ERR,ERR,ERR,ERR,ERR,ERR,ERR,ERR,ERR,ERR,ERR,ERR,ERR,ERR,ERR,ERR,ERR,ERR,ERR,ERR,ERR,ERR,ERR,ERR,ERR,ERR,ERR,ERR,ERR,ERR,ERR,ERR,ERR,ERR,ERR,ERR,ERR,ERR,ERR,ERR,ERR,ERR,ERR,ERR,ERR,ERR,ERR,ERR,ERR,ERR,ERR,ERR,ERR,ERR,ERR,ERR,ERR,ERR,ERR,ERR,ERR,ERR,ERR,ERR,ERR,ERR,ERR,ERR,ERR,ERR,ERR,0.0,0.0,-134474944.0,0.0,0.0,1.3936040501711995e+18,7.805,0.0,0,0,4,0,8422,0.0,45,0.0,0.0,0.0,0.0,0.0,0,0,0,0,0.0,0,0,0,0,0,0,0,0,0,0,0,0,0,0,0,0,0,0,0,0,0,0,0,0,0,0,0,0,0,0,0,0,0,38,14,7,45,65476,0,300,0,0,8,21553,0.0,-107605600.0,0.0,0.0,0.0,0.0,0.0,0.0,0.0,0.0,0.0,0.0,0.0,0.0,0.0,0.0,0.0,0.0,0.0,0.0,0.0,0.0,2.004,2.004,-2.004,0.0,0.0,0.0,0.0,0.0,4821.0,131350.344,0.0,0.0,0.0,0.0,2.718429300292151e+23,0.0,0.0,0.0,0.0,53,-0.0,1.905684548377641e+17,0.0,0.0,0.0,0.0,0.0,0.0,0.0,0,0,0,0.0,0.0,0.0,0.0,0.0,0.0,0.0,0.0,0.0,0.0,0.0,0.0,0.0,0.0,0.0,0.0,0,-107875648.0,53,0.0,106,-107614832.0,-107351008.0,ERR,ERR,ERR,ERR,ERR,ERR,ERR,ERR,ERR,ERR,ERR,ERR,ERR,ERR,ERR,ERR,ERR,ERR,ERR,ERR,ERR,ERR,ERR,ERR,ERR,ERR,ERR,ERR,ERR,ERR,ERR,ERR,ERR,ERR,ERR,ERR,ERR,ERR,ERR,ERR,ERR,ERR,ERR,ERR,ERR,ERR,ERR,ERR,ERR,ERR,ERR,ERR,ERR,ERR,ERR,ERR,ERR,ERR,ERR,ERR,ERR,ERR,ERR,ERR,ERR,ERR,ERR,50.0,60.0,100,0.0,0.0,0.0,0.0,0.0,0.0,0.0,0.0,0.0,0.0,0.0,0.0,0.0,0.0,0.0,0.0,61.6,72,14,65514,50,65476,0,300,0,0,8,20529,65476,0,0,26214,60.0,0.0,0.0,0.0,0.0,0.0
2026-05-17T18:57:18,ERR,ERR,ERR,ERR,ERR,ERR,ERR,ERR,ERR,ERR,ERR,ERR,ERR,ERR,ERR,ERR,ERR,ERR,ERR,ERR,ERR,ERR,ERR,ERR,ERR,ERR,ERR,ERR,ERR,ERR,ERR,ERR,ERR,ERR,ERR,ERR,ERR,ERR,ERR,ERR,ERR,ERR,ERR,ERR,ERR,ERR,ERR,ERR,ERR,ERR,ERR,ERR,ERR,ERR,ERR,ERR,ERR,ERR,ERR,ERR,ERR,ERR,ERR,ERR,ERR,ERR,ERR,ERR,ERR,ERR,ERR,ERR,ERR,ERR,ERR,ERR,ERR,ERR,ERR,ERR,ERR,ERR,ERR,ERR,ERR,ERR,ERR,ERR,ERR,ERR,ERR,ERR,ERR,ERR,ERR,ERR,ERR,ERR,ERR,ERR,ERR,ERR,ERR,ERR,ERR,ERR,ERR,ERR,ERR,ERR,ERR,ERR,ERR,ERR,ERR,ERR,ERR,ERR,ERR,ERR,ERR,ERR,ERR,ERR,ERR,0.0,0.0,-134474944.0,0.0,0.0,1.3936040501711995e+18,7.805,0.0,0,0,4,0,8422,0.0,45,0.0,0.0,0.0,0.0,0.0,0,0,0,0,0.0,0,0,0,0,0,0,0,0,0,0,0,0,0,0,0,0,0,0,0,0,0,0,0,0,0,0,0,0,0,0,0,0,0,38,14,7,45,65476,0,300,0,0,8,21553,0.0,-107605600.0,0.0,0.0,0.0,0.0,0.0,0.0,0.0,0.0,0.0,0.0,0.0,0.0,0.0,0.0,0.0,0.0,0.0,0.0,0.0,0.0,2.004,2.004,-2.004,0.0,0.0,0.0,0.0,0.0,4821.0,131350.344,0.0,0.0,0.0,0.0,2.718429300292151e+23,0.0,0.0,0.0,0.0,53,-0.0,1.905684548377641e+17,0.0,0.0,0.0,0.0,0.0,0.0,0.0,0,0,0,0.0,0.0,0.0,0.0,0.0,0.0,0.0,0.0,0.0,0.0,0.0,0.0,0.0,0.0,0.0,0.0,0,-107875648.0,53,0.0,106,-107614832.0,-107351008.0,ERR,ERR,ERR,ERR,ERR,ERR,ERR,ERR,ERR,ERR,ERR,ERR,ERR,ERR,ERR,ERR,ERR,ERR,ERR,ERR,ERR,ERR,ERR,ERR,ERR,ERR,ERR,ERR,ERR,ERR,ERR,ERR,ERR,ERR,ERR,ERR,ERR,ERR,ERR,ERR,ERR,ERR,ERR,ERR,ERR,ERR,ERR,ERR,ERR,ERR,ERR,ERR,ERR,ERR,ERR,ERR,ERR,ERR,ERR,ERR,ERR,ERR,ERR,ERR,ERR,ERR,ERR,50.0,60.0,100,0.0,0.0,0.0,0.0,0.0,0.0,0.0,0.0,0.0,0.0,0.0,0.0,0.0,0.0,0.0,0.0,62.0,72,14,65514,50,65476,0,300,0,0,8,20529,65476,0,0,26214,60.0,0.0,0.0,0.0,0.0,0.0
2026-05-17T18:57:19,ERR,ERR,ERR,ERR,ERR,ERR,ERR,ERR,ERR,ERR,ERR,ERR,ERR,ERR,ERR,ERR,ERR,ERR,ERR,ERR,ERR,ERR,ERR,ERR,ERR,ERR,ERR,ERR,ERR,ERR,ERR,ERR,ERR,ERR,ERR,ERR,ERR,ERR,ERR,ERR,ERR,ERR,ERR,ERR,ERR,ERR,ERR,ERR,ERR,ERR,ERR,ERR,ERR,ERR,ERR,ERR,ERR,ERR,ERR,ERR,ERR,ERR,ERR,ERR,ERR,ERR,ERR,ERR,ERR,ERR,ERR,ERR,ERR,ERR,ERR,ERR,ERR,ERR,ERR,ERR,ERR,ERR,ERR,ERR,ERR,ERR,ERR,ERR,ERR,ERR,ERR,ERR,ERR,ERR,ERR,ERR,ERR,ERR,ERR,ERR,ERR,ERR,ERR,ERR,ERR,ERR,ERR,ERR,ERR,ERR,ERR,ERR,ERR,ERR,ERR,ERR,ERR,ERR,ERR,ERR,ERR,ERR,ERR,ERR,ERR,0.0,0.0,-134474944.0,0.0,0.0,1.3936040501711995e+18,7.805,0.0,0,0,4,0,8422,0.0,45,0.0,0.0,0.0,0.0,0.0,0,0,0,0,0.0,0,0,0,0,0,0,0,0,0,0,0,0,0,0,0,0,0,0,0,0,0,0,0,0,0,0,0,0,0,0,0,0,0,38,14,7,45,65476,0,300,0,0,8,21553,0.0,-107605600.0,0.0,0.0,0.0,0.0,0.0,0.0,0.0,0.0,0.0,0.0,0.0,0.0,0.0,0.0,0.0,0.0,0.0,0.0,0.0,0.0,2.004,2.004,-2.004,0.0,0.0,0.0,0.0,0.0,4821.0,131350.344,0.0,0.0,0.0,0.0,2.718429300292151e+23,0.0,0.0,0.0,0.0,53,-0.0,1.905684548377641e+17,0.0,0.0,0.0,0.0,0.0,0.0,0.0,0,0,0,0.0,0.0,0.0,0.0,0.0,0.0,0.0,0.0,0.0,0.0,0.0,0.0,0.0,0.0,0.0,0.0,0,-107875648.0,53,0.0,106,-107614832.0,-107351008.0,ERR,ERR,ERR,ERR,ERR,ERR,ERR,ERR,ERR,ERR,ERR,ERR,ERR,ERR,ERR,ERR,ERR,ERR,ERR,ERR,ERR,ERR,ERR,ERR,ERR,ERR,ERR,ERR,ERR,ERR,ERR,ERR,ERR,ERR,ERR,ERR,ERR,ERR,ERR,ERR,ERR,ERR,ERR,ERR,ERR,ERR,ERR,ERR,ERR,ERR,ERR,ERR,ERR,ERR,ERR,ERR,ERR,ERR,ERR,ERR,ERR,ERR,ERR,ERR,ERR,ERR,ERR,50.0,60.0,100,0.0,0.0,0.0,0.0,0.0,0.0,0.0,0.0,0.0,0.0,0.0,0.0,0.0,0.0,0.0,0.0,62.0,72,14,65514,50,65476,0,300,0,0,8,20529,65476,0,0,26214,60.0,0.0,0.0,0.0,0.0,0.0
2026-05-17T18:57:20,ERR,ERR,ERR,ERR,ERR,ERR,ERR,ERR,ERR,ERR,ERR,ERR,ERR,ERR,ERR,ERR,ERR,ERR,ERR,ERR,ERR,ERR,ERR,ERR,ERR,ERR,ERR,ERR,ERR,ERR,ERR,ERR,ERR,ERR,ERR,ERR,ERR,ERR,ERR,ERR,ERR,ERR,ERR,ERR,ERR,ERR,ERR,ERR,ERR,ERR,ERR,ERR,ERR,ERR,ERR,ERR,ERR,ERR,ERR,ERR,ERR,ERR,ERR,ERR,ERR,ERR,ERR,ERR,ERR,ERR,ERR,ERR,ERR,ERR,ERR,ERR,ERR,ERR,ERR,ERR,ERR,ERR,ERR,ERR,ERR,ERR,ERR,ERR,ERR,ERR,ERR,ERR,ERR,ERR,ERR,ERR,ERR,ERR,ERR,ERR,ERR,ERR,ERR,ERR,ERR,ERR,ERR,ERR,ERR,ERR,ERR,ERR,ERR,ERR,ERR,ERR,ERR,ERR,ERR,ERR,ERR,ERR,ERR,ERR,ERR,0.0,0.0,-134474944.0,0.0,0.0,1.3936040501711995e+18,7.805,0.0,0,0,4,0,8422,0.0,45,0.0,0.0,0.0,0.0,0.0,0,0,0,0,0.0,0,0,0,0,0,0,0,0,0,0,0,0,0,0,0,0,0,0,0,0,0,0,0,0,0,0,0,0,0,0,0,0,0,38,14,7,45,65476,0,300,0,0,8,21553,0.0,-107605600.0,0.0,0.0,0.0,0.0,0.0,0.0,0.0,0.0,0.0,0.0,0.0,0.0,0.0,0.0,0.0,0.0,0.0,0.0,0.0,0.0,2.004,2.004,-0.0,0.0,0.0,0.0,0.0,0.0,4828.0,-131350.344,0.0,0.0,0.0,-107615280.0,2.718429300292151e+23,0.0,0.0,0.0,0.0,53,-0.0,0.0,0.0,0.0,0.0,0.0,0.0,0.0,0.0,0,0,0,0.0,0.0,0.0,0.0,0.0,0.0,0.0,0.0,0.0,0.0,0.0,0.0,0.0,0.0,0.0,0.0,0,-107875648.0,53,0.0,106,-107614832.0,-107351008.0,ERR,ERR,ERR,ERR,ERR,ERR,ERR,ERR,ERR,ERR,ERR,ERR,ERR,ERR,ERR,ERR,ERR,ERR,ERR,ERR,ERR,ERR,ERR,ERR,ERR,ERR,ERR,ERR,ERR,ERR,ERR,ERR,ERR,ERR,ERR,ERR,ERR,ERR,ERR,ERR,ERR,ERR,ERR,ERR,ERR,ERR,ERR,ERR,ERR,ERR,ERR,ERR,ERR,ERR,ERR,ERR,ERR,ERR,ERR,ERR,ERR,ERR,ERR,ERR,ERR,ERR,ERR,50.0,60.0,100,0.0,0.0,0.0,0.0,0.0,0.0,0.0,0.0,0.0,0.0,0.0,0.0,0.0,0.0,0.0,0.0,62.0,72,14,65514,50,65476,0,300,0,0,8,20529,65476,0,0,26214,60.0,0.0,0.0,0.0,0.0,0.0
2026-05-17T18:57:21,ERR,ERR,ERR,ERR,ERR,ERR,ERR,ERR,ERR,ERR,ERR,ERR,ERR,ERR,ERR,ERR,ERR,ERR,ERR,ERR,ERR,ERR,ERR,ERR,ERR,ERR,ERR,ERR,ERR,ERR,ERR,ERR,ERR,ERR,ERR,ERR,ERR,ERR,ERR,ERR,ERR,ERR,ERR,ERR,ERR,ERR,ERR,ERR,ERR,ERR,ERR,ERR,ERR,ERR,ERR,ERR,ERR,ERR,ERR,ERR,ERR,ERR,ERR,ERR,ERR,ERR,ERR,ERR,ERR,ERR,ERR,ERR,ERR,ERR,ERR,ERR,ERR,ERR,ERR,ERR,ERR,ERR,ERR,ERR,ERR,ERR,ERR,ERR,ERR,ERR,ERR,ERR,ERR,ERR,ERR,ERR,ERR,ERR,ERR,ERR,ERR,ERR,ERR,ERR,ERR,ERR,ERR,ERR,ERR,ERR,ERR,ERR,ERR,ERR,ERR,ERR,ERR,ERR,ERR,ERR,ERR,ERR,ERR,ERR,ERR,0.0,0.0,-134474944.0,0.0,0.0,1.3936040501711995e+18,7.805,0.0,0,0,4,0,8422,0.0,45,0.0,0.0,0.0,0.0,0.0,0,0,0,0,0.0,0,0,0,0,0,0,0,0,0,0,0,0,0,0,0,0,0,0,0,0,0,0,0,0,0,0,0,0,0,0,0,0,0,38,14,7,45,65476,0,300,0,0,8,21553,0.0,-107605600.0,0.0,0.0,0.0,0.0,0.0,0.0,0.0,0.0,0.0,0.0,0.0,0.0,0.0,0.0,0.0,0.0,0.0,0.0,0.0,0.0,2.004,2.004,-0.0,0.0,0.0,0.0,0.0,0.0,4828.0,-131350.344,0.0,0.0,0.0,-107615280.0,2.718429300292151e+23,0.0,0.0,0.0,0.0,53,-0.0,0.0,0.0,0.0,0.0,0.0,0.0,0.0,0.0,0,0,0,0.0,0.0,0.0,0.0,0.0,0.0,0.0,0.0,0.0,0.0,0.0,0.0,0.0,0.0,0.0,0.0,0,-107875648.0,53,0.0,106,-107614832.0,-107351008.0,ERR,ERR,ERR,ERR,ERR,ERR,ERR,ERR,ERR,ERR,ERR,ERR,ERR,ERR,ERR,ERR,ERR,ERR,ERR,ERR,ERR,ERR,ERR,ERR,ERR,ERR,ERR,ERR,ERR,ERR,ERR,ERR,ERR,ERR,ERR,ERR,ERR,ERR,ERR,ERR,ERR,ERR,ERR,ERR,ERR,ERR,ERR,ERR,ERR,ERR,ERR,ERR,ERR,ERR,ERR,ERR,ERR,ERR,ERR,ERR,ERR,ERR,ERR,ERR,ERR,ERR,ERR,50.0,60.0,100,0.0,0.0,0.0,0.0,0.0,0.0,0.0,0.0,0.0,0.0,0.0,0.0,0.0,0.0,0.0,0.0,61.6,73,14,65513,50,65476,0,300,0,0,8,20529,65476,0,0,26214,60.0,0.0,0.0,0.0,0.0,0.0
2026-05-17T18:57:22,ERR,ERR,ERR,ERR,ERR,ERR,ERR,ERR,ERR,ERR,ERR,ERR,ERR,ERR,ERR,ERR,ERR,ERR,ERR,ERR,ERR,ERR,ERR,ERR,ERR,ERR,ERR,ERR,ERR,ERR,ERR,ERR,ERR,ERR,ERR,ERR,ERR,ERR,ERR,ERR,ERR,ERR,ERR,ERR,ERR,ERR,ERR,ERR,ERR,ERR,ERR,ERR,ERR,ERR,ERR,ERR,ERR,ERR,ERR,ERR,ERR,ERR,ERR,ERR,ERR,ERR,ERR,ERR,ERR,ERR,ERR,ERR,ERR,ERR,ERR,ERR,ERR,ERR,ERR,ERR,ERR,ERR,ERR,ERR,ERR,ERR,ERR,ERR,ERR,ERR,ERR,ERR,ERR,ERR,ERR,ERR,ERR,ERR,ERR,ERR,ERR,ERR,ERR,ERR,ERR,ERR,ERR,ERR,ERR,ERR,ERR,ERR,ERR,ERR,ERR,ERR,ERR,ERR,ERR,ERR,ERR,ERR,ERR,ERR,ERR,0.0,0.0,-134474944.0,0.0,0.0,1.3936040501711995e+18,7.805,0.0,0,0,4,0,8422,0.0,45,0.0,0.0,0.0,0.0,0.0,0,0,0,0,0.0,0,0,0,0,0,0,0,0,0,0,0,0,0,0,0,0,0,0,0,0,0,0,0,0,0,0,0,0,0,0,0,0,0,38,14,7,45,65476,0,300,0,0,8,21553,0.0,-107605600.0,0.0,0.0,0.0,0.0,0.0,0.0,0.0,0.0,0.0,0.0,0.0,0.0,0.0,0.0,0.0,0.0,0.0,0.0,0.0,0.0,2.004,2.004,-0.0,0.0,0.0,0.0,0.0,0.0,4828.0,-131350.344,0.0,0.0,0.0,-107615280.0,2.718429300292151e+23,0.0,0.0,0.0,0.0,53,-0.0,0.0,0.0,0.0,0.0,0.0,0.0,0.0,0.0,0,0,0,0.0,0.0,0.0,0.0,0.0,0.0,0.0,0.0,0.0,0.0,0.0,0.0,0.0,0.0,0.0,0.0,0,-107875648.0,53,0.0,106,-107614832.0,-107351008.0,ERR,ERR,ERR,ERR,ERR,ERR,ERR,ERR,ERR,ERR,ERR,ERR,ERR,ERR,ERR,ERR,ERR,ERR,ERR,ERR,ERR,ERR,ERR,ERR,ERR,ERR,ERR,ERR,ERR,ERR,ERR,ERR,ERR,ERR,ERR,ERR,ERR,ERR,ERR,ERR,ERR,ERR,ERR,ERR,ERR,ERR,ERR,ERR,ERR,ERR,ERR,ERR,ERR,ERR,ERR,ERR,ERR,ERR,ERR,ERR,ERR,ERR,ERR,ERR,ERR,ERR,ERR,50.0,60.0,100,0.0,0.0,0.0,0.0,0.0,0.0,0.0,0.0,0.0,0.0,0.0,0.0,0.0,0.0,0.0,0.0,61.6,73,14,65513,50,65476,0,300,0,0,8,20529,65476,0,0,26214,60.0,0.0,0.0,0.0,0.0,0.0
2026-05-17T18:57:23,ERR,ERR,ERR,ERR,ERR,ERR,ERR,ERR,ERR,ERR,ERR,ERR,ERR,ERR,ERR,ERR,ERR,ERR,ERR,ERR,ERR,ERR,ERR,ERR,ERR,ERR,ERR,ERR,ERR,ERR,ERR,ERR,ERR,ERR,ERR,ERR,ERR,ERR,ERR,ERR,ERR,ERR,ERR,ERR,ERR,ERR,ERR,ERR,ERR,ERR,ERR,ERR,ERR,ERR,ERR,ERR,ERR,ERR,ERR,ERR,ERR,ERR,ERR,ERR,ERR,ERR,ERR,ERR,ERR,ERR,ERR,ERR,ERR,ERR,ERR,ERR,ERR,ERR,ERR,ERR,ERR,ERR,ERR,ERR,ERR,ERR,ERR,ERR,ERR,ERR,ERR,ERR,ERR,ERR,ERR,ERR,ERR,ERR,ERR,ERR,ERR,ERR,ERR,ERR,ERR,ERR,ERR,ERR,ERR,ERR,ERR,ERR,ERR,ERR,ERR,ERR,ERR,ERR,ERR,ERR,ERR,ERR,ERR,ERR,ERR,0.0,0.0,-134474944.0,0.0,0.0,1.3936040501711995e+18,7.805,0.0,0,0,4,0,8422,0.0,45,0.0,0.0,0.0,0.0,0.0,0,0,0,0,0.0,0,0,0,0,0,0,0,0,0,0,0,0,0,0,0,0,0,0,0,0,0,0,0,0,0,0,0,0,0,0,0,0,0,38,14,7,45,65476,0,300,0,0,8,21553,0.0,-107605600.0,0.0,0.0,0.0,0.0,0.0,0.0,0.0,0.0,0.0,0.0,0.0,0.0,0.0,0.0,0.0,0.0,0.0,0.0,0.0,0.0,2.004,2.004,-0.0,0.0,0.0,0.0,0.0,0.0,4828.0,-131350.344,0.0,0.0,0.0,-107615280.0,2.718429300292151e+23,0.0,0.0,0.0,0.0,53,-0.0,0.0,0.0,0.0,0.0,0.0,0.0,0.0,0.0,0,0,0,0.0,0.0,0.0,0.0,0.0,0.0,0.0,0.0,0.0,0.0,0.0,0.0,0.0,0.0,0.0,0.0,0,-107875648.0,53,0.0,106,-107614832.0,-107351008.0,ERR,ERR,ERR,ERR,ERR,ERR,ERR,ERR,ERR,ERR,ERR,ERR,ERR,ERR,ERR,ERR,ERR,ERR,ERR,ERR,ERR,ERR,ERR,ERR,ERR,ERR,ERR,ERR,ERR,ERR,ERR,ERR,ERR,ERR,ERR,ERR,ERR,ERR,ERR,ERR,ERR,ERR,ERR,ERR,ERR,ERR,ERR,ERR,ERR,ERR,ERR,ERR,ERR,ERR,ERR,ERR,ERR,ERR,ERR,ERR,ERR,ERR,ERR,ERR,ERR,ERR,ERR,50.0,60.0,100,0.0,0.0,0.0,0.0,0.0,0.0,0.0,0.0,0.0,0.0,0.0,0.0,0.0,0.0,0.0,0.0,62.0,73,14,65513,50,65476,0,300,0,0,8,20529,65476,0,0,26214,60.0,0.0,0.0,0.0,0.0,0.0
2026-05-17T18:57:24,ERR,ERR,ERR,ERR,ERR,ERR,ERR,ERR,ERR,ERR,ERR,ERR,ERR,ERR,ERR,ERR,ERR,ERR,ERR,ERR,ERR,ERR,ERR,ERR,ERR,ERR,ERR,ERR,ERR,ERR,ERR,ERR,ERR,ERR,ERR,ERR,ERR,ERR,ERR,ERR,ERR,ERR,ERR,ERR,ERR,ERR,ERR,ERR,ERR,ERR,ERR,ERR,ERR,ERR,ERR,ERR,ERR,ERR,ERR,ERR,ERR,ERR,ERR,ERR,ERR,ERR,ERR,ERR,ERR,ERR,ERR,ERR,ERR,ERR,ERR,ERR,ERR,ERR,ERR,ERR,ERR,ERR,ERR,ERR,ERR,ERR,ERR,ERR,ERR,ERR,ERR,ERR,ERR,ERR,ERR,ERR,ERR,ERR,ERR,ERR,ERR,ERR,ERR,ERR,ERR,ERR,ERR,ERR,ERR,ERR,ERR,ERR,ERR,ERR,ERR,ERR,ERR,ERR,ERR,ERR,ERR,ERR,ERR,ERR,ERR,0.0,0.0,-134474944.0,0.0,0.0,1.3936040501711995e+18,7.805,0.0,0,0,4,0,8422,0.0,45,0.0,0.0,0.0,0.0,0.0,0,0,0,0,0.0,0,0,0,0,0,0,0,0,0,0,0,0,0,0,0,0,0,0,0,0,0,0,0,0,0,0,0,0,0,0,0,0,0,38,14,7,45,65476,0,300,0,0,8,21553,0.0,-107605600.0,0.0,0.0,0.0,0.0,0.0,0.0,0.0,0.0,0.0,0.0,0.0,0.0,0.0,0.0,0.0,0.0,0.0,0.0,0.0,0.0,2.004,2.004,-0.0,0.0,0.0,0.0,0.0,0.0,4828.0,-131350.344,0.0,0.0,0.0,-107615280.0,2.718429300292151e+23,0.0,0.0,0.0,0.0,53,-0.0,0.0,0.0,0.0,0.0,0.0,0.0,0.0,0.0,0,0,0,0.0,0.0,0.0,0.0,0.0,0.0,0.0,0.0,0.0,0.0,0.0,0.0,0.0,0.0,0.0,0.0,0,-107875648.0,53,0.0,106,-107614832.0,-107351008.0,ERR,ERR,ERR,ERR,ERR,ERR,ERR,ERR,ERR,ERR,ERR,ERR,ERR,ERR,ERR,ERR,ERR,ERR,ERR,ERR,ERR,ERR,ERR,ERR,ERR,ERR,ERR,ERR,ERR,ERR,ERR,ERR,ERR,ERR,ERR,ERR,ERR,ERR,ERR,ERR,ERR,ERR,ERR,ERR,ERR,ERR,ERR,ERR,ERR,ERR,ERR,ERR,ERR,ERR,ERR,ERR,ERR,ERR,ERR,ERR,ERR,ERR,ERR,ERR,ERR,ERR,ERR,50.0,60.0,100,0.0,0.0,0.0,0.0,0.0,0.0,0.0,0.0,0.0,0.0,0.0,0.0,0.0,0.0,0.0,0.0,62.0,73,14,65513,50,65476,0,300,0,0,8,20529,65476,0,0,26214,60.0,0.0,0.0,0.0,0.0,0.0
2026-05-17T18:57:25,ERR,ERR,ERR,ERR,ERR,ERR,ERR,ERR,ERR,ERR,ERR,ERR,ERR,ERR,ERR,ERR,ERR,ERR,ERR,ERR,ERR,ERR,ERR,ERR,ERR,ERR,ERR,ERR,ERR,ERR,ERR,ERR,ERR,ERR,ERR,ERR,ERR,ERR,ERR,ERR,ERR,ERR,ERR,ERR,ERR,ERR,ERR,ERR,ERR,ERR,ERR,ERR,ERR,ERR,ERR,ERR,ERR,ERR,ERR,ERR,ERR,ERR,ERR,ERR,ERR,ERR,ERR,ERR,ERR,ERR,ERR,ERR,ERR,ERR,ERR,ERR,ERR,ERR,ERR,ERR,ERR,ERR,ERR,ERR,ERR,ERR,ERR,ERR,ERR,ERR,ERR,ERR,ERR,ERR,ERR,ERR,ERR,ERR,ERR,ERR,ERR,ERR,ERR,ERR,ERR,ERR,ERR,ERR,ERR,ERR,ERR,ERR,ERR,ERR,ERR,ERR,ERR,ERR,ERR,ERR,ERR,ERR,ERR,ERR,ERR,0.0,0.0,-134474944.0,0.0,0.0,1.3936040501711995e+18,7.805,0.0,0,0,4,0,8422,0.0,45,0.0,0.0,0.0,0.0,0.0,0,0,0,0,0.0,0,0,0,0,0,0,0,0,0,0,0,0,0,0,0,0,0,0,0,0,0,0,0,0,0,0,0,0,0,0,0,0,0,38,14,7,45,65476,0,300,0,0,8,21553,0.0,-107605600.0,0.0,0.0,0.0,0.0,0.0,0.0,0.0,0.0,0.0,0.0,0.0,0.0,0.0,0.0,0.0,0.0,0.0,0.0,0.0,0.0,2.004,2.004,-0.0,0.0,0.0,0.0,0.0,0.0,4857.0,8608177152.0,0.0,0.0,0.0,0.0,-0.0,0.0,0.0,0.0,0.0,53,-0.0,-0.0,0.0,0.0,0.0,0.0,0.0,0.0,0.0,0,0,0,0.0,0.0,0.0,0.0,0.0,0.0,0.0,0.0,0.0,0.0,0.0,0.0,0.0,0.0,0.0,0.0,0,-107875648.0,53,0.0,106,-107614832.0,-107351008.0,ERR,ERR,ERR,ERR,ERR,ERR,ERR,ERR,ERR,ERR,ERR,ERR,ERR,ERR,ERR,ERR,ERR,ERR,ERR,ERR,ERR,ERR,ERR,ERR,ERR,ERR,ERR,ERR,ERR,ERR,ERR,ERR,ERR,ERR,ERR,ERR,ERR,ERR,ERR,ERR,ERR,ERR,ERR,ERR,ERR,ERR,ERR,ERR,ERR,ERR,ERR,ERR,ERR,ERR,ERR,ERR,ERR,ERR,ERR,ERR,ERR,ERR,ERR,ERR,ERR,ERR,ERR,50.0,60.0,100,0.0,0.0,0.0,0.0,0.0,0.0,0.0,0.0,0.0,0.0,0.0,0.0,0.0,0.0,0.0,0.0,62.0,73,14,65513,50,65476,0,300,0,0,8,20529,65476,0,0,26214,60.0,0.0,0.0,0.0,0.0,0.0
2026-05-17T18:57:26,ERR,ERR,ERR,ERR,ERR,ERR,ERR,ERR,ERR,ERR,ERR,ERR,ERR,ERR,ERR,ERR,ERR,ERR,ERR,ERR,ERR,ERR,ERR,ERR,ERR,ERR,ERR,ERR,ERR,ERR,ERR,ERR,ERR,ERR,ERR,ERR,ERR,ERR,ERR,ERR,ERR,ERR,ERR,ERR,ERR,ERR,ERR,ERR,ERR,ERR,ERR,ERR,ERR,ERR,ERR,ERR,ERR,ERR,ERR,ERR,ERR,ERR,ERR,ERR,ERR,ERR,ERR,ERR,ERR,ERR,ERR,ERR,ERR,ERR,ERR,ERR,ERR,ERR,ERR,ERR,ERR,ERR,ERR,ERR,ERR,ERR,ERR,ERR,ERR,ERR,ERR,ERR,ERR,ERR,ERR,ERR,ERR,ERR,ERR,ERR,ERR,ERR,ERR,ERR,ERR,ERR,ERR,ERR,ERR,ERR,ERR,ERR,ERR,ERR,ERR,ERR,ERR,ERR,ERR,ERR,ERR,ERR,ERR,ERR,ERR,0.0,0.0,-134474944.0,0.0,0.0,1.3936040501711995e+18,7.805,0.0,0,0,4,0,8422,0.0,45,0.0,0.0,0.0,0.0,0.0,0,0,0,0,0.0,0,0,0,0,0,0,0,0,0,0,0,0,0,0,0,0,0,0,0,0,0,0,0,0,0,0,0,0,0,0,0,0,0,38,14,7,45,65476,0,300,0,0,8,21553,0.0,-107605600.0,0.0,0.0,0.0,0.0,0.0,0.0,0.0,0.0,0.0,0.0,0.0,0.0,0.0,0.0,0.0,0.0,0.0,0.0,0.0,0.0,2.004,2.004,-0.0,0.0,0.0,0.0,0.0,0.0,4857.0,8608177152.0,0.0,0.0,0.0,0.0,-0.0,0.0,0.0,0.0,0.0,53,-0.0,-0.0,0.0,0.0,0.0,0.0,0.0,0.0,0.0,0,0,0,0.0,0.0,0.0,0.0,0.0,0.0,0.0,0.0,0.0,0.0,0.0,0.0,0.0,0.0,0.0,0.0,0,-107875648.0,53,0.0,106,-107614832.0,-107351008.0,ERR,ERR,ERR,ERR,ERR,ERR,ERR,ERR,ERR,ERR,ERR,ERR,ERR,ERR,ERR,ERR,ERR,ERR,ERR,ERR,ERR,ERR,ERR,ERR,ERR,ERR,ERR,ERR,ERR,ERR,ERR,ERR,ERR,ERR,ERR,ERR,ERR,ERR,ERR,ERR,ERR,ERR,ERR,ERR,ERR,ERR,ERR,ERR,ERR,ERR,ERR,ERR,ERR,ERR,ERR,ERR,ERR,ERR,ERR,ERR,ERR,ERR,ERR,ERR,ERR,ERR,ERR,50.0,60.0,100,0.0,0.0,0.0,0.0,0.0,0.0,0.0,0.0,0.0,0.0,0.0,0.0,0.0,0.0,0.0,0.0,61.6,73,14,65513,50,65476,0,300,0,0,8,20529,65476,0,0,26214,60.0,0.0,0.0,0.0,0.0,0.0
2026-05-17T18:57:27,ERR,ERR,ERR,ERR,ERR,ERR,ERR,ERR,ERR,ERR,ERR,ERR,ERR,ERR,ERR,ERR,ERR,ERR,ERR,ERR,ERR,ERR,ERR,ERR,ERR,ERR,ERR,ERR,ERR,ERR,ERR,ERR,ERR,ERR,ERR,ERR,ERR,ERR,ERR,ERR,ERR,ERR,ERR,ERR,ERR,ERR,ERR,ERR,ERR,ERR,ERR,ERR,ERR,ERR,ERR,ERR,ERR,ERR,ERR,ERR,ERR,ERR,ERR,ERR,ERR,ERR,ERR,ERR,ERR,ERR,ERR,ERR,ERR,ERR,ERR,ERR,ERR,ERR,ERR,ERR,ERR,ERR,ERR,ERR,ERR,ERR,ERR,ERR,ERR,ERR,ERR,ERR,ERR,ERR,ERR,ERR,ERR,ERR,ERR,ERR,ERR,ERR,ERR,ERR,ERR,ERR,ERR,ERR,ERR,ERR,ERR,ERR,ERR,ERR,ERR,ERR,ERR,ERR,ERR,ERR,ERR,ERR,ERR,ERR,ERR,0.0,0.0,-134474944.0,0.0,0.0,1.3936040501711995e+18,7.805,0.0,0,0,4,0,8422,0.0,45,0.0,0.0,0.0,0.0,0.0,0,0,0,0,0.0,0,0,0,0,0,0,0,0,0,0,0,0,0,0,0,0,0,0,0,0,0,0,0,0,0,0,0,0,0,0,0,0,0,38,14,7,45,65476,0,300,0,0,8,21553,0.0,-107605600.0,0.0,0.0,0.0,0.0,0.0,0.0,0.0,0.0,0.0,0.0,0.0,0.0,0.0,0.0,0.0,0.0,0.0,0.0,0.0,0.0,2.004,2.004,-0.0,0.0,0.0,0.0,0.0,0.0,4857.0,8608177152.0,0.0,0.0,0.0,0.0,-0.0,0.0,0.0,0.0,0.0,53,-0.0,-0.0,0.0,0.0,0.0,0.0,0.0,0.0,0.0,0,0,0,0.0,0.0,0.0,0.0,0.0,0.0,0.0,0.0,0.0,0.0,0.0,0.0,0.0,0.0,0.0,0.0,0,-107875648.0,53,0.0,106,-107614832.0,-107351008.0,ERR,ERR,ERR,ERR,ERR,ERR,ERR,ERR,ERR,ERR,ERR,ERR,ERR,ERR,ERR,ERR,ERR,ERR,ERR,ERR,ERR,ERR,ERR,ERR,ERR,ERR,ERR,ERR,ERR,ERR,ERR,ERR,ERR,ERR,ERR,ERR,ERR,ERR,ERR,ERR,ERR,ERR,ERR,ERR,ERR,ERR,ERR,ERR,ERR,ERR,ERR,ERR,ERR,ERR,ERR,ERR,ERR,ERR,ERR,ERR,ERR,ERR,ERR,ERR,ERR,ERR,ERR,50.0,60.0,100,0.0,0.0,0.0,0.0,0.0,0.0,0.0,0.0,0.0,0.0,0.0,0.0,0.0,0.0,0.0,0.0,61.6,73,14,65513,50,65476,0,300,0,0,8,20529,65476,0,0,26214,60.0,0.0,0.0,0.0,0.0,0.0
2026-05-17T18:57:28,ERR,ERR,ERR,ERR,ERR,ERR,ERR,ERR,ERR,ERR,ERR,ERR,ERR,ERR,ERR,ERR,ERR,ERR,ERR,ERR,ERR,ERR,ERR,ERR,ERR,ERR,ERR,ERR,ERR,ERR,ERR,ERR,ERR,ERR,ERR,ERR,ERR,ERR,ERR,ERR,ERR,ERR,ERR,ERR,ERR,ERR,ERR,ERR,ERR,ERR,ERR,ERR,ERR,ERR,ERR,ERR,ERR,ERR,ERR,ERR,ERR,ERR,ERR,ERR,ERR,ERR,ERR,ERR,ERR,ERR,ERR,ERR,ERR,ERR,ERR,ERR,ERR,ERR,ERR,ERR,ERR,ERR,ERR,ERR,ERR,ERR,ERR,ERR,ERR,ERR,ERR,ERR,ERR,ERR,ERR,ERR,ERR,ERR,ERR,ERR,ERR,ERR,ERR,ERR,ERR,ERR,ERR,ERR,ERR,ERR,ERR,ERR,ERR,ERR,ERR,ERR,ERR,ERR,ERR,ERR,ERR,ERR,ERR,ERR,ERR,0.0,0.0,-134474944.0,0.0,0.0,1.3936040501711995e+18,7.805,0.0,0,0,4,0,8422,0.0,45,0.0,0.0,0.0,0.0,0.0,0,0,0,0,0.0,0,0,0,0,0,0,0,0,0,0,0,0,0,0,0,0,0,0,0,0,0,0,0,0,0,0,0,0,0,0,0,0,0,38,14,7,45,65476,0,300,0,0,8,21553,0.0,-107605600.0,0.0,0.0,0.0,0.0,0.0,0.0,0.0,0.0,0.0,0.0,0.0,0.0,0.0,0.0,0.0,0.0,0.0,0.0,0.0,0.0,2.004,2.004,-0.0,0.0,0.0,0.0,0.0,0.0,4857.0,8608177152.0,0.0,0.0,0.0,0.0,-0.0,0.0,0.0,0.0,0.0,53,-0.0,-0.0,0.0,0.0,0.0,0.0,0.0,0.0,0.0,0,0,0,0.0,0.0,0.0,0.0,0.0,0.0,0.0,0.0,0.0,0.0,0.0,0.0,0.0,0.0,0.0,0.0,0,-107875648.0,53,0.0,106,-107614832.0,-107351008.0,ERR,ERR,ERR,ERR,ERR,ERR,ERR,ERR,ERR,ERR,ERR,ERR,ERR,ERR,ERR,ERR,ERR,ERR,ERR,ERR,ERR,ERR,ERR,ERR,ERR,ERR,ERR,ERR,ERR,ERR,ERR,ERR,ERR,ERR,ERR,ERR,ERR,ERR,ERR,ERR,ERR,ERR,ERR,ERR,ERR,ERR,ERR,ERR,ERR,ERR,ERR,ERR,ERR,ERR,ERR,ERR,ERR,ERR,ERR,ERR,ERR,ERR,ERR,ERR,ERR,ERR,ERR,50.0,60.0,100,0.0,0.0,0.0,0.0,0.0,0.0,0.0,0.0,0.0,0.0,0.0,0.0,0.0,0.0,0.0,0.0,61.6,73,14,65513,50,65476,0,300,0,0,8,20529,65476,0,0,26214,60.0,0.0,0.0,0.0,0.0,0.0
2026-05-17T18:57:29,ERR,ERR,ERR,ERR,ERR,ERR,ERR,ERR,ERR,ERR,ERR,ERR,ERR,ERR,ERR,ERR,ERR,ERR,ERR,ERR,ERR,ERR,ERR,ERR,ERR,ERR,ERR,ERR,ERR,ERR,ERR,ERR,ERR,ERR,ERR,ERR,ERR,ERR,ERR,ERR,ERR,ERR,ERR,ERR,ERR,ERR,ERR,ERR,ERR,ERR,ERR,ERR,ERR,ERR,ERR,ERR,ERR,ERR,ERR,ERR,ERR,ERR,ERR,ERR,ERR,ERR,ERR,ERR,ERR,ERR,ERR,ERR,ERR,ERR,ERR,ERR,ERR,ERR,ERR,ERR,ERR,ERR,ERR,ERR,ERR,ERR,ERR,ERR,ERR,ERR,ERR,ERR,ERR,ERR,ERR,ERR,ERR,ERR,ERR,ERR,ERR,ERR,ERR,ERR,ERR,ERR,ERR,ERR,ERR,ERR,ERR,ERR,ERR,ERR,ERR,ERR,ERR,ERR,ERR,ERR,ERR,ERR,ERR,ERR,ERR,0.0,0.0,-134474944.0,0.0,0.0,1.3936040501711995e+18,7.805,0.0,0,0,4,0,8422,0.0,45,0.0,0.0,0.0,0.0,0.0,0,0,0,0,0.0,0,0,0,0,0,0,0,0,0,0,0,0,0,0,0,0,0,0,0,0,0,0,0,0,0,0,0,0,0,0,0,0,0,38,14,7,45,65476,0,300,0,0,8,21553,0.0,-107605600.0,0.0,0.0,0.0,0.0,0.0,0.0,0.0,0.0,0.0,0.0,0.0,0.0,0.0,0.0,0.0,0.0,0.0,0.0,0.0,0.0,2.004,2.004,-0.0,0.0,0.0,0.0,0.0,0.0,4857.0,8608177152.0,0.0,0.0,0.0,0.0,-0.0,0.0,0.0,0.0,0.0,53,-0.0,-0.0,0.0,0.0,0.0,0.0,0.0,0.0,0.0,0,0,0,0.0,0.0,0.0,0.0,0.0,0.0,0.0,0.0,0.0,0.0,0.0,0.0,0.0,0.0,0.0,0.0,0,-107875648.0,53,0.0,106,-107614832.0,-107351008.0,ERR,ERR,ERR,ERR,ERR,ERR,ERR,ERR,ERR,ERR,ERR,ERR,ERR,ERR,ERR,ERR,ERR,ERR,ERR,ERR,ERR,ERR,ERR,ERR,ERR,ERR,ERR,ERR,ERR,ERR,ERR,ERR,ERR,ERR,ERR,ERR,ERR,ERR,ERR,ERR,ERR,ERR,ERR,ERR,ERR,ERR,ERR,ERR,ERR,ERR,ERR,ERR,ERR,ERR,ERR,ERR,ERR,ERR,ERR,ERR,ERR,ERR,ERR,ERR,ERR,ERR,ERR,50.0,60.0,100,0.0,0.0,0.0,0.0,0.0,0.0,0.0,0.0,0.0,0.0,0.0,0.0,0.0,0.0,0.0,0.0,61.6,73,14,65513,50,65476,0,300,0,0,8,20529,65476,0,0,26214,60.0,0.0,0.0,0.0,0.0,0.0
2026-05-17T18:57:30,ERR,ERR,ERR,ERR,ERR,ERR,ERR,ERR,ERR,ERR,ERR,ERR,ERR,ERR,ERR,ERR,ERR,ERR,ERR,ERR,ERR,ERR,ERR,ERR,ERR,ERR,ERR,ERR,ERR,ERR,ERR,ERR,ERR,ERR,ERR,ERR,ERR,ERR,ERR,ERR,ERR,ERR,ERR,ERR,ERR,ERR,ERR,ERR,ERR,ERR,ERR,ERR,ERR,ERR,ERR,ERR,ERR,ERR,ERR,ERR,ERR,ERR,ERR,ERR,ERR,ERR,ERR,ERR,ERR,ERR,ERR,ERR,ERR,ERR,ERR,ERR,ERR,ERR,ERR,ERR,ERR,ERR,ERR,ERR,ERR,ERR,ERR,ERR,ERR,ERR,ERR,ERR,ERR,ERR,ERR,ERR,ERR,ERR,ERR,ERR,ERR,ERR,ERR,ERR,ERR,ERR,ERR,ERR,ERR,ERR,ERR,ERR,ERR,ERR,ERR,ERR,ERR,ERR,ERR,ERR,ERR,ERR,ERR,ERR,ERR,0.0,0.0,-134474944.0,0.0,0.0,1.3936040501711995e+18,7.805,0.0,0,0,4,0,8422,0.0,45,0.0,0.0,0.0,0.0,0.0,0,0,0,0,0.0,0,0,0,0,0,0,0,0,0,0,0,0,0,0,0,0,0,0,0,0,0,0,0,0,0,0,0,0,0,0,0,0,0,38,14,7,45,65476,0,300,0,0,8,21553,0.0,-107605600.0,0.0,0.0,0.0,0.0,0.0,0.0,0.0,0.0,0.0,0.0,0.0,0.0,0.0,0.0,0.0,0.0,0.0,0.0,0.0,0.0,2.004,2.004,-0.0,0.0,0.0,0.0,0.0,0.0,4857.0,8608177152.0,0.0,0.0,0.0,0.0,-0.0,0.0,0.0,0.0,0.0,53,-0.0,-0.0,0.0,0.0,0.0,0.0,0.0,0.0,0.0,0,0,0,0.0,0.0,0.0,0.0,0.0,0.0,0.0,0.0,0.0,0.0,0.0,0.0,0.0,0.0,0.0,0.0,0,-107875648.0,53,0.0,106,-107614832.0,-107351008.0,ERR,ERR,ERR,ERR,ERR,ERR,ERR,ERR,ERR,ERR,ERR,ERR,ERR,ERR,ERR,ERR,ERR,ERR,ERR,ERR,ERR,ERR,ERR,ERR,ERR,ERR,ERR,ERR,ERR,ERR,ERR,ERR,ERR,ERR,ERR,ERR,ERR,ERR,ERR,ERR,ERR,ERR,ERR,ERR,ERR,ERR,ERR,ERR,ERR,ERR,ERR,ERR,ERR,ERR,ERR,ERR,ERR,ERR,ERR,ERR,ERR,ERR,ERR,ERR,ERR,ERR,ERR,50.0,60.0,100,0.0,0.0,0.0,0.0,0.0,0.0,0.0,0.0,0.0,0.0,0.0,0.0,0.0,0.0,0.0,0.0,62.0,73,14,65513,50,65476,0,300,0,0,8,20529,65476,0,0,26214,60.0,0.0,0.0,0.0,0.0,0.0
2026-05-17T18:57:31,ERR,ERR,ERR,ERR,ERR,ERR,ERR,ERR,ERR,ERR,ERR,ERR,ERR,ERR,ERR,ERR,ERR,ERR,ERR,ERR,ERR,ERR,ERR,ERR,ERR,ERR,ERR,ERR,ERR,ERR,ERR,ERR,ERR,ERR,ERR,ERR,ERR,ERR,ERR,ERR,ERR,ERR,ERR,ERR,ERR,ERR,ERR,ERR,ERR,ERR,ERR,ERR,ERR,ERR,ERR,ERR,ERR,ERR,ERR,ERR,ERR,ERR,ERR,ERR,ERR,ERR,ERR,ERR,ERR,ERR,ERR,ERR,ERR,ERR,ERR,ERR,ERR,ERR,ERR,ERR,ERR,ERR,ERR,ERR,ERR,ERR,ERR,ERR,ERR,ERR,ERR,ERR,ERR,ERR,ERR,ERR,ERR,ERR,ERR,ERR,ERR,ERR,ERR,ERR,ERR,ERR,ERR,ERR,ERR,ERR,ERR,ERR,ERR,ERR,ERR,ERR,ERR,ERR,ERR,ERR,ERR,ERR,ERR,ERR,ERR,0.0,0.0,-134474944.0,0.0,0.0,1.3936040501711995e+18,7.805,0.0,0,0,4,0,8422,0.0,45,0.0,0.0,0.0,0.0,0.0,0,0,0,0,0.0,0,0,0,0,0,0,0,0,0,0,0,0,0,0,0,0,0,0,0,0,0,0,0,0,0,0,0,0,0,0,0,0,0,38,14,7,45,65476,0,300,0,0,8,21553,0.0,-107605600.0,0.0,0.0,0.0,0.0,0.0,0.0,0.0,0.0,0.0,0.0,0.0,0.0,0.0,0.0,0.0,0.0,0.0,0.0,0.0,0.0,2.004,2.004,-2.004,0.0,0.0,0.0,0.0,0.0,4857.0,0.0,0.0,0.0,0.0,-107615280.0,2.718429300292151e+23,0.0,0.0,0.0,0.0,53,-0.0,89220.508,0.0,0.0,0.0,0.0,0.0,0.0,0.0,0,0,0,0.0,0.0,0.0,0.0,0.0,0.0,0.0,0.0,0.0,0.0,0.0,0.0,0.0,0.0,0.0,0.0,0,-107875648.0,53,0.0,106,-107614832.0,-107351008.0,ERR,ERR,ERR,ERR,ERR,ERR,ERR,ERR,ERR,ERR,ERR,ERR,ERR,ERR,ERR,ERR,ERR,ERR,ERR,ERR,ERR,ERR,ERR,ERR,ERR,ERR,ERR,ERR,ERR,ERR,ERR,ERR,ERR,ERR,ERR,ERR,ERR,ERR,ERR,ERR,ERR,ERR,ERR,ERR,ERR,ERR,ERR,ERR,ERR,ERR,ERR,ERR,ERR,ERR,ERR,ERR,ERR,ERR,ERR,ERR,ERR,ERR,ERR,ERR,ERR,ERR,ERR,50.0,60.0,100,0.0,0.0,0.0,0.0,0.0,0.0,0.0,0.0,0.0,0.0,0.0,0.0,0.0,0.0,0.0,0.0,62.0,73,14,65513,50,65476,0,300,0,0,8,20529,65476,0,0,26214,60.0,0.0,0.0,0.0,0.0,0.0
2026-05-17T18:57:32,ERR,ERR,ERR,ERR,ERR,ERR,ERR,ERR,ERR,ERR,ERR,ERR,ERR,ERR,ERR,ERR,ERR,ERR,ERR,ERR,ERR,ERR,ERR,ERR,ERR,ERR,ERR,ERR,ERR,ERR,ERR,ERR,ERR,ERR,ERR,ERR,ERR,ERR,ERR,ERR,ERR,ERR,ERR,ERR,ERR,ERR,ERR,ERR,ERR,ERR,ERR,ERR,ERR,ERR,ERR,ERR,ERR,ERR,ERR,ERR,ERR,ERR,ERR,ERR,ERR,ERR,ERR,ERR,ERR,ERR,ERR,ERR,ERR,ERR,ERR,ERR,ERR,ERR,ERR,ERR,ERR,ERR,ERR,ERR,ERR,ERR,ERR,ERR,ERR,ERR,ERR,ERR,ERR,ERR,ERR,ERR,ERR,ERR,ERR,ERR,ERR,ERR,ERR,ERR,ERR,ERR,ERR,ERR,ERR,ERR,ERR,ERR,ERR,ERR,ERR,ERR,ERR,ERR,ERR,ERR,ERR,ERR,ERR,ERR,ERR,0.0,0.0,-134474944.0,0.0,0.0,1.3936040501711995e+18,7.805,0.0,0,0,4,0,8422,0.0,45,0.0,0.0,0.0,0.0,0.0,0,0,0,0,0.0,0,0,0,0,0,0,0,0,0,0,0,0,0,0,0,0,0,0,0,0,0,0,0,0,0,0,0,0,0,0,0,0,0,38,14,7,45,65476,0,300,0,0,8,21553,0.0,-107605600.0,0.0,0.0,0.0,0.0,0.0,0.0,0.0,0.0,0.0,0.0,0.0,0.0,0.0,0.0,0.0,0.0,0.0,0.0,0.0,0.0,2.004,2.004,-2.004,0.0,0.0,0.0,0.0,0.0,4857.0,0.0,0.0,0.0,0.0,-107615280.0,2.718429300292151e+23,0.0,0.0,0.0,0.0,53,-0.0,89220.508,0.0,0.0,0.0,0.0,0.0,0.0,0.0,0,0,0,0.0,0.0,0.0,0.0,0.0,0.0,0.0,0.0,0.0,0.0,0.0,0.0,0.0,0.0,0.0,0.0,0,-107875648.0,53,0.0,106,-107614832.0,-107351008.0,ERR,ERR,ERR,ERR,ERR,ERR,ERR,ERR,ERR,ERR,ERR,ERR,ERR,ERR,ERR,ERR,ERR,ERR,ERR,ERR,ERR,ERR,ERR,ERR,ERR,ERR,ERR,ERR,ERR,ERR,ERR,ERR,ERR,ERR,ERR,ERR,ERR,ERR,ERR,ERR,ERR,ERR,ERR,ERR,ERR,ERR,ERR,ERR,ERR,ERR,ERR,ERR,ERR,ERR,ERR,ERR,ERR,ERR,ERR,ERR,ERR,ERR,ERR,ERR,ERR,ERR,ERR,50.0,60.0,100,0.0,0.0,0.0,0.0,0.0,0.0,0.0,0.0,0.0,0.0,0.0,0.0,0.0,0.0,0.0,0.0,62.0,73,14,65513,50,65476,0,300,0,0,8,20529,65476,0,0,26214,60.0,0.0,0.0,0.0,0.0,0.0
2026-05-17T18:57:33,ERR,ERR,ERR,ERR,ERR,ERR,ERR,ERR,ERR,ERR,ERR,ERR,ERR,ERR,ERR,ERR,ERR,ERR,ERR,ERR,ERR,ERR,ERR,ERR,ERR,ERR,ERR,ERR,ERR,ERR,ERR,ERR,ERR,ERR,ERR,ERR,ERR,ERR,ERR,ERR,ERR,ERR,ERR,ERR,ERR,ERR,ERR,ERR,ERR,ERR,ERR,ERR,ERR,ERR,ERR,ERR,ERR,ERR,ERR,ERR,ERR,ERR,ERR,ERR,ERR,ERR,ERR,ERR,ERR,ERR,ERR,ERR,ERR,ERR,ERR,ERR,ERR,ERR,ERR,ERR,ERR,ERR,ERR,ERR,ERR,ERR,ERR,ERR,ERR,ERR,ERR,ERR,ERR,ERR,ERR,ERR,ERR,ERR,ERR,ERR,ERR,ERR,ERR,ERR,ERR,ERR,ERR,ERR,ERR,ERR,ERR,ERR,ERR,ERR,ERR,ERR,ERR,ERR,ERR,ERR,ERR,ERR,ERR,ERR,ERR,0.0,0.0,-134474944.0,0.0,0.0,1.3936040501711995e+18,7.805,0.0,0,0,4,0,8422,0.0,45,0.0,0.0,0.0,0.0,0.0,0,0,0,0,0.0,0,0,0,0,0,0,0,0,0,0,0,0,0,0,0,0,0,0,0,0,0,0,0,0,0,0,0,0,0,0,0,0,0,38,14,7,45,65476,0,300,0,0,8,21553,0.0,-107605600.0,0.0,0.0,0.0,0.0,0.0,0.0,0.0,0.0,0.0,0.0,0.0,0.0,0.0,0.0,0.0,0.0,0.0,0.0,0.0,0.0,2.004,2.004,-2.004,0.0,0.0,0.0,0.0,0.0,4857.0,0.0,0.0,0.0,0.0,-107615280.0,2.718429300292151e+23,0.0,0.0,0.0,0.0,53,-0.0,89220.508,0.0,0.0,0.0,0.0,0.0,0.0,0.0,0,0,0,0.0,0.0,0.0,0.0,0.0,0.0,0.0,0.0,0.0,0.0,0.0,0.0,0.0,0.0,0.0,0.0,0,-107875648.0,53,0.0,106,-107614832.0,-107351008.0,ERR,ERR,ERR,ERR,ERR,ERR,ERR,ERR,ERR,ERR,ERR,ERR,ERR,ERR,ERR,ERR,ERR,ERR,ERR,ERR,ERR,ERR,ERR,ERR,ERR,ERR,ERR,ERR,ERR,ERR,ERR,ERR,ERR,ERR,ERR,ERR,ERR,ERR,ERR,ERR,ERR,ERR,ERR,ERR,ERR,ERR,ERR,ERR,ERR,ERR,ERR,ERR,ERR,ERR,ERR,ERR,ERR,ERR,ERR,ERR,ERR,ERR,ERR,ERR,ERR,ERR,ERR,50.0,60.0,100,0.0,0.0,0.0,0.0,0.0,0.0,0.0,0.0,0.0,0.0,0.0,0.0,0.0,0.0,0.0,0.0,62.0,73,14,65513,50,65476,0,300,0,0,8,20529,65476,0,0,26214,60.0,0.0,0.0,0.0,0.0,0.0
2026-05-17T18:57:34,ERR,ERR,ERR,ERR,ERR,ERR,ERR,ERR,ERR,ERR,ERR,ERR,ERR,ERR,ERR,ERR,ERR,ERR,ERR,ERR,ERR,ERR,ERR,ERR,ERR,ERR,ERR,ERR,ERR,ERR,ERR,ERR,ERR,ERR,ERR,ERR,ERR,ERR,ERR,ERR,ERR,ERR,ERR,ERR,ERR,ERR,ERR,ERR,ERR,ERR,ERR,ERR,ERR,ERR,ERR,ERR,ERR,ERR,ERR,ERR,ERR,ERR,ERR,ERR,ERR,ERR,ERR,ERR,ERR,ERR,ERR,ERR,ERR,ERR,ERR,ERR,ERR,ERR,ERR,ERR,ERR,ERR,ERR,ERR,ERR,ERR,ERR,ERR,ERR,ERR,ERR,ERR,ERR,ERR,ERR,ERR,ERR,ERR,ERR,ERR,ERR,ERR,ERR,ERR,ERR,ERR,ERR,ERR,ERR,ERR,ERR,ERR,ERR,ERR,ERR,ERR,ERR,ERR,ERR,ERR,ERR,ERR,ERR,ERR,ERR,0.0,0.0,-134474944.0,0.0,0.0,1.3936040501711995e+18,7.805,0.0,0,0,4,0,8422,0.0,45,0.0,0.0,0.0,0.0,0.0,0,0,0,0,0.0,0,0,0,0,0,0,0,0,0,0,0,0,0,0,0,0,0,0,0,0,0,0,0,0,0,0,0,0,0,0,0,0,0,38,14,7,45,65476,0,300,0,0,8,21553,0.0,-107605600.0,0.0,0.0,0.0,0.0,0.0,0.0,0.0,0.0,0.0,0.0,0.0,0.0,0.0,0.0,0.0,0.0,0.0,0.0,0.0,0.0,2.004,2.004,-2.004,0.0,0.0,0.0,0.0,0.0,4857.0,0.0,0.0,0.0,0.0,-107615280.0,2.718429300292151e+23,0.0,0.0,0.0,0.0,53,-0.0,89220.508,0.0,0.0,0.0,0.0,0.0,0.0,0.0,0,0,0,0.0,0.0,0.0,0.0,0.0,0.0,0.0,0.0,0.0,0.0,0.0,0.0,0.0,0.0,0.0,0.0,0,-107875648.0,53,0.0,106,-107614832.0,-107351008.0,ERR,ERR,ERR,ERR,ERR,ERR,ERR,ERR,ERR,ERR,ERR,ERR,ERR,ERR,ERR,ERR,ERR,ERR,ERR,ERR,ERR,ERR,ERR,ERR,ERR,ERR,ERR,ERR,ERR,ERR,ERR,ERR,ERR,ERR,ERR,ERR,ERR,ERR,ERR,ERR,ERR,ERR,ERR,ERR,ERR,ERR,ERR,ERR,ERR,ERR,ERR,ERR,ERR,ERR,ERR,ERR,ERR,ERR,ERR,ERR,ERR,ERR,ERR,ERR,ERR,ERR,ERR,50.0,60.0,100,0.0,0.0,0.0,0.0,0.0,0.0,0.0,0.0,0.0,0.0,0.0,0.0,0.0,0.0,0.0,0.0,62.0,73,14,65513,50,65476,0,300,0,0,8,20529,65476,0,0,26214,60.0,0.0,0.0,0.0,0.0,0.0
2026-05-17T18:57:35,ERR,ERR,ERR,ERR,ERR,ERR,ERR,ERR,ERR,ERR,ERR,ERR,ERR,ERR,ERR,ERR,ERR,ERR,ERR,ERR,ERR,ERR,ERR,ERR,ERR,ERR,ERR,ERR,ERR,ERR,ERR,ERR,ERR,ERR,ERR,ERR,ERR,ERR,ERR,ERR,ERR,ERR,ERR,ERR,ERR,ERR,ERR,ERR,ERR,ERR,ERR,ERR,ERR,ERR,ERR,ERR,ERR,ERR,ERR,ERR,ERR,ERR,ERR,ERR,ERR,ERR,ERR,ERR,ERR,ERR,ERR,ERR,ERR,ERR,ERR,ERR,ERR,ERR,ERR,ERR,ERR,ERR,ERR,ERR,ERR,ERR,ERR,ERR,ERR,ERR,ERR,ERR,ERR,ERR,ERR,ERR,ERR,ERR,ERR,ERR,ERR,ERR,ERR,ERR,ERR,ERR,ERR,ERR,ERR,ERR,ERR,ERR,ERR,ERR,ERR,ERR,ERR,ERR,ERR,ERR,ERR,ERR,ERR,ERR,ERR,0.0,0.0,-134474944.0,0.0,0.0,1.3936040501711995e+18,7.805,0.0,0,0,4,0,8422,0.0,45,0.0,0.0,0.0,0.0,0.0,0,0,0,0,0.0,0,0,0,0,0,0,0,0,0,0,0,0,0,0,0,0,0,0,0,0,0,0,0,0,0,0,0,0,0,0,0,0,0,38,14,7,45,65476,0,300,0,0,8,21553,0.0,-107605600.0,0.0,0.0,0.0,0.0,0.0,0.0,0.0,0.0,0.0,0.0,0.0,0.0,0.0,0.0,0.0,0.0,0.0,0.0,0.0,0.0,2.004,2.004,-2.004,0.0,0.0,0.0,0.0,0.0,4857.0,0.0,0.0,0.0,0.0,-107615280.0,2.718429300292151e+23,0.0,0.0,0.0,0.0,53,-0.0,89220.508,0.0,0.0,0.0,0.0,0.0,0.0,0.0,0,0,0,0.0,0.0,0.0,0.0,0.0,0.0,0.0,0.0,0.0,0.0,0.0,0.0,0.0,0.0,0.0,0.0,0,-107875648.0,53,0.0,106,-107614832.0,-107351008.0,ERR,ERR,ERR,ERR,ERR,ERR,ERR,ERR,ERR,ERR,ERR,ERR,ERR,ERR,ERR,ERR,ERR,ERR,ERR,ERR,ERR,ERR,ERR,ERR,ERR,ERR,ERR,ERR,ERR,ERR,ERR,ERR,ERR,ERR,ERR,ERR,ERR,ERR,ERR,ERR,ERR,ERR,ERR,ERR,ERR,ERR,ERR,ERR,ERR,ERR,ERR,ERR,ERR,ERR,ERR,ERR,ERR,ERR,ERR,ERR,ERR,ERR,ERR,ERR,ERR,ERR,ERR,50.0,60.0,100,0.0,0.0,0.0,0.0,0.0,0.0,0.0,0.0,0.0,0.0,0.0,0.0,0.0,0.0,0.0,0.0,61.6,72,14,65514,50,65476,0,300,0,0,8,20529,65476,0,0,26214,60.0,0.0,0.0,0.0,0.0,0.0
2026-05-17T18:57:36,ERR,ERR,ERR,ERR,ERR,ERR,ERR,ERR,ERR,ERR,ERR,ERR,ERR,ERR,ERR,ERR,ERR,ERR,ERR,ERR,ERR,ERR,ERR,ERR,ERR,ERR,ERR,ERR,ERR,ERR,ERR,ERR,ERR,ERR,ERR,ERR,ERR,ERR,ERR,ERR,ERR,ERR,ERR,ERR,ERR,ERR,ERR,ERR,ERR,ERR,ERR,ERR,ERR,ERR,ERR,ERR,ERR,ERR,ERR,ERR,ERR,ERR,ERR,ERR,ERR,ERR,ERR,ERR,ERR,ERR,ERR,ERR,ERR,ERR,ERR,ERR,ERR,ERR,ERR,ERR,ERR,ERR,ERR,ERR,ERR,ERR,ERR,ERR,ERR,ERR,ERR,ERR,ERR,ERR,ERR,ERR,ERR,ERR,ERR,ERR,ERR,ERR,ERR,ERR,ERR,ERR,ERR,ERR,ERR,ERR,ERR,ERR,ERR,ERR,ERR,ERR,ERR,ERR,ERR,ERR,ERR,ERR,ERR,ERR,ERR,0.0,0.0,-134474944.0,0.0,0.0,1.3936040501711995e+18,7.805,0.0,0,0,4,0,8422,0.0,45,0.0,0.0,0.0,0.0,0.0,0,0,0,0,0.0,0,0,0,0,0,0,0,0,0,0,0,0,0,0,0,0,0,0,0,0,0,0,0,0,0,0,0,0,0,0,0,0,0,38,14,7,45,65476,0,300,0,0,8,21553,0.0,-107605600.0,0.0,0.0,0.0,0.0,0.0,0.0,0.0,0.0,0.0,0.0,0.0,0.0,0.0,0.0,0.0,0.0,0.0,0.0,0.0,0.0,2.004,2.004,-2.004,0.0,0.0,0.0,0.0,0.0,4826.0,-0.0,0.0,0.0,0.0,0.0,2.718429300292151e+23,0.0,0.0,0.0,0.0,53,-0.0,-3.221999815764716e+26,0.0,0.0,0.0,0.0,0.0,0.0,0.0,0,0,0,0.0,0.0,0.0,0.0,0.0,0.0,0.0,0.0,0.0,0.0,0.0,0.0,0.0,0.0,0.0,0.0,0,-107875648.0,53,0.0,106,-107614832.0,-107351008.0,ERR,ERR,ERR,ERR,ERR,ERR,ERR,ERR,ERR,ERR,ERR,ERR,ERR,ERR,ERR,ERR,ERR,ERR,ERR,ERR,ERR,ERR,ERR,ERR,ERR,ERR,ERR,ERR,ERR,ERR,ERR,ERR,ERR,ERR,ERR,ERR,ERR,ERR,ERR,ERR,ERR,ERR,ERR,ERR,ERR,ERR,ERR,ERR,ERR,ERR,ERR,ERR,ERR,ERR,ERR,ERR,ERR,ERR,ERR,ERR,ERR,ERR,ERR,ERR,ERR,ERR,ERR,50.0,60.0,100,0.0,0.0,0.0,0.0,0.0,0.0,0.0,0.0,0.0,0.0,0.0,0.0,0.0,0.0,0.0,0.0,61.6,72,14,65514,50,65476,0,300,0,0,8,20529,65476,0,0,26214,60.0,0.0,0.0,0.0,0.0,0.0
2026-05-17T18:57:37,ERR,ERR,ERR,ERR,ERR,ERR,ERR,ERR,ERR,ERR,ERR,ERR,ERR,ERR,ERR,ERR,ERR,ERR,ERR,ERR,ERR,ERR,ERR,ERR,ERR,ERR,ERR,ERR,ERR,ERR,ERR,ERR,ERR,ERR,ERR,ERR,ERR,ERR,ERR,ERR,ERR,ERR,ERR,ERR,ERR,ERR,ERR,ERR,ERR,ERR,ERR,ERR,ERR,ERR,ERR,ERR,ERR,ERR,ERR,ERR,ERR,ERR,ERR,ERR,ERR,ERR,ERR,ERR,ERR,ERR,ERR,ERR,ERR,ERR,ERR,ERR,ERR,ERR,ERR,ERR,ERR,ERR,ERR,ERR,ERR,ERR,ERR,ERR,ERR,ERR,ERR,ERR,ERR,ERR,ERR,ERR,ERR,ERR,ERR,ERR,ERR,ERR,ERR,ERR,ERR,ERR,ERR,ERR,ERR,ERR,ERR,ERR,ERR,ERR,ERR,ERR,ERR,ERR,ERR,ERR,ERR,ERR,ERR,ERR,ERR,0.0,0.0,-134474944.0,0.0,0.0,1.3936040501711995e+18,7.805,0.0,0,0,4,0,8422,0.0,45,0.0,0.0,0.0,0.0,0.0,0,0,0,0,0.0,0,0,0,0,0,0,0,0,0,0,0,0,0,0,0,0,0,0,0,0,0,0,0,0,0,0,0,0,0,0,0,0,0,38,14,7,45,65476,0,300,0,0,8,21553,0.0,-107605600.0,0.0,0.0,0.0,0.0,0.0,0.0,0.0,0.0,0.0,0.0,0.0,0.0,0.0,0.0,0.0,0.0,0.0,0.0,0.0,0.0,2.004,2.004,-2.004,0.0,0.0,0.0,0.0,0.0,4826.0,-0.0,0.0,0.0,0.0,0.0,2.718429300292151e+23,0.0,0.0,0.0,0.0,53,-0.0,-3.221999815764716e+26,0.0,0.0,0.0,0.0,0.0,0.0,0.0,0,0,0,0.0,0.0,0.0,0.0,0.0,0.0,0.0,0.0,0.0,0.0,0.0,0.0,0.0,0.0,0.0,0.0,0,-107875648.0,53,0.0,106,-107614832.0,-107351008.0,ERR,ERR,ERR,ERR,ERR,ERR,ERR,ERR,ERR,ERR,ERR,ERR,ERR,ERR,ERR,ERR,ERR,ERR,ERR,ERR,ERR,ERR,ERR,ERR,ERR,ERR,ERR,ERR,ERR,ERR,ERR,ERR,ERR,ERR,ERR,ERR,ERR,ERR,ERR,ERR,ERR,ERR,ERR,ERR,ERR,ERR,ERR,ERR,ERR,ERR,ERR,ERR,ERR,ERR,ERR,ERR,ERR,ERR,ERR,ERR,ERR,ERR,ERR,ERR,ERR,ERR,ERR,50.0,60.0,100,0.0,0.0,0.0,0.0,0.0,0.0,0.0,0.0,0.0,0.0,0.0,0.0,0.0,0.0,0.0,0.0,62.0,72,14,65514,50,65476,0,300,0,0,8,20529,65476,0,0,26214,60.0,0.0,0.0,0.0,0.0,0.0
2026-05-17T18:57:38,ERR,ERR,ERR,ERR,ERR,ERR,ERR,ERR,ERR,ERR,ERR,ERR,ERR,ERR,ERR,ERR,ERR,ERR,ERR,ERR,ERR,ERR,ERR,ERR,ERR,ERR,ERR,ERR,ERR,ERR,ERR,ERR,ERR,ERR,ERR,ERR,ERR,ERR,ERR,ERR,ERR,ERR,ERR,ERR,ERR,ERR,ERR,ERR,ERR,ERR,ERR,ERR,ERR,ERR,ERR,ERR,ERR,ERR,ERR,ERR,ERR,ERR,ERR,ERR,ERR,ERR,ERR,ERR,ERR,ERR,ERR,ERR,ERR,ERR,ERR,ERR,ERR,ERR,ERR,ERR,ERR,ERR,ERR,ERR,ERR,ERR,ERR,ERR,ERR,ERR,ERR,ERR,ERR,ERR,ERR,ERR,ERR,ERR,ERR,ERR,ERR,ERR,ERR,ERR,ERR,ERR,ERR,ERR,ERR,ERR,ERR,ERR,ERR,ERR,ERR,ERR,ERR,ERR,ERR,ERR,ERR,ERR,ERR,ERR,ERR,0.0,0.0,-134474944.0,0.0,0.0,1.3936040501711995e+18,7.805,0.0,0,0,4,0,8422,0.0,45,0.0,0.0,0.0,0.0,0.0,0,0,0,0,0.0,0,0,0,0,0,0,0,0,0,0,0,0,0,0,0,0,0,0,0,0,0,0,0,0,0,0,0,0,0,0,0,0,0,38,14,7,45,65476,0,300,0,0,8,21553,0.0,-107605600.0,0.0,0.0,0.0,0.0,0.0,0.0,0.0,0.0,0.0,0.0,0.0,0.0,0.0,0.0,0.0,0.0,0.0,0.0,0.0,0.0,2.004,2.004,-2.004,0.0,0.0,0.0,0.0,0.0,4826.0,-0.0,0.0,0.0,0.0,0.0,2.718429300292151e+23,0.0,0.0,0.0,0.0,53,-0.0,-3.221999815764716e+26,0.0,0.0,0.0,0.0,0.0,0.0,0.0,0,0,0,0.0,0.0,0.0,0.0,0.0,0.0,0.0,0.0,0.0,0.0,0.0,0.0,0.0,0.0,0.0,0.0,0,-107875648.0,53,0.0,106,-107614832.0,-107351008.0,ERR,ERR,ERR,ERR,ERR,ERR,ERR,ERR,ERR,ERR,ERR,ERR,ERR,ERR,ERR,ERR,ERR,ERR,ERR,ERR,ERR,ERR,ERR,ERR,ERR,ERR,ERR,ERR,ERR,ERR,ERR,ERR,ERR,ERR,ERR,ERR,ERR,ERR,ERR,ERR,ERR,ERR,ERR,ERR,ERR,ERR,ERR,ERR,ERR,ERR,ERR,ERR,ERR,ERR,ERR,ERR,ERR,ERR,ERR,ERR,ERR,ERR,ERR,ERR,ERR,ERR,ERR,50.0,60.0,100,0.0,0.0,0.0,0.0,0.0,0.0,0.0,0.0,0.0,0.0,0.0,0.0,0.0,0.0,0.0,0.0,62.0,72,14,65514,50,65476,0,300,0,0,8,20529,65476,0,0,26214,60.0,0.0,0.0,0.0,0.0,0.0
2026-05-17T18:57:39,ERR,ERR,ERR,ERR,ERR,ERR,ERR,ERR,ERR,ERR,ERR,ERR,ERR,ERR,ERR,ERR,ERR,ERR,ERR,ERR,ERR,ERR,ERR,ERR,ERR,ERR,ERR,ERR,ERR,ERR,ERR,ERR,ERR,ERR,ERR,ERR,ERR,ERR,ERR,ERR,ERR,ERR,ERR,ERR,ERR,ERR,ERR,ERR,ERR,ERR,ERR,ERR,ERR,ERR,ERR,ERR,ERR,ERR,ERR,ERR,ERR,ERR,ERR,ERR,ERR,ERR,ERR,ERR,ERR,ERR,ERR,ERR,ERR,ERR,ERR,ERR,ERR,ERR,ERR,ERR,ERR,ERR,ERR,ERR,ERR,ERR,ERR,ERR,ERR,ERR,ERR,ERR,ERR,ERR,ERR,ERR,ERR,ERR,ERR,ERR,ERR,ERR,ERR,ERR,ERR,ERR,ERR,ERR,ERR,ERR,ERR,ERR,ERR,ERR,ERR,ERR,ERR,ERR,ERR,ERR,ERR,ERR,ERR,ERR,ERR,0.0,0.0,-134474944.0,0.0,0.0,1.3936040501711995e+18,7.805,0.0,0,0,4,0,8422,0.0,45,0.0,0.0,0.0,0.0,0.0,0,0,0,0,0.0,0,0,0,0,0,0,0,0,0,0,0,0,0,0,0,0,0,0,0,0,0,0,0,0,0,0,0,0,0,0,0,0,0,38,14,7,45,65476,0,300,0,0,8,21553,0.0,-107605600.0,0.0,0.0,0.0,0.0,0.0,0.0,0.0,0.0,0.0,0.0,0.0,0.0,0.0,0.0,0.0,0.0,0.0,0.0,0.0,0.0,2.004,2.004,-2.004,0.0,0.0,0.0,0.0,0.0,4826.0,-0.0,0.0,0.0,0.0,0.0,2.718429300292151e+23,0.0,0.0,0.0,0.0,53,-0.0,-3.221999815764716e+26,0.0,0.0,0.0,0.0,0.0,0.0,0.0,0,0,0,0.0,0.0,0.0,0.0,0.0,0.0,0.0,0.0,0.0,0.0,0.0,0.0,0.0,0.0,0.0,0.0,0,-107875648.0,53,0.0,106,-107614832.0,-107351008.0,ERR,ERR,ERR,ERR,ERR,ERR,ERR,ERR,ERR,ERR,ERR,ERR,ERR,ERR,ERR,ERR,ERR,ERR,ERR,ERR,ERR,ERR,ERR,ERR,ERR,ERR,ERR,ERR,ERR,ERR,ERR,ERR,ERR,ERR,ERR,ERR,ERR,ERR,ERR,ERR,ERR,ERR,ERR,ERR,ERR,ERR,ERR,ERR,ERR,ERR,ERR,ERR,ERR,ERR,ERR,ERR,ERR,ERR,ERR,ERR,ERR,ERR,ERR,ERR,ERR,ERR,ERR,50.0,60.0,100,0.0,0.0,0.0,0.0,0.0,0.0,0.0,0.0,0.0,0.0,0.0,0.0,0.0,0.0,0.0,0.0,62.0,72,14,65514,50,65476,0,300,0,0,8,20529,65476,0,0,26214,60.0,0.0,0.0,0.0,0.0,0.0
2026-05-17T18:57:40,ERR,ERR,ERR,ERR,ERR,ERR,ERR,ERR,ERR,ERR,ERR,ERR,ERR,ERR,ERR,ERR,ERR,ERR,ERR,ERR,ERR,ERR,ERR,ERR,ERR,ERR,ERR,ERR,ERR,ERR,ERR,ERR,ERR,ERR,ERR,ERR,ERR,ERR,ERR,ERR,ERR,ERR,ERR,ERR,ERR,ERR,ERR,ERR,ERR,ERR,ERR,ERR,ERR,ERR,ERR,ERR,ERR,ERR,ERR,ERR,ERR,ERR,ERR,ERR,ERR,ERR,ERR,ERR,ERR,ERR,ERR,ERR,ERR,ERR,ERR,ERR,ERR,ERR,ERR,ERR,ERR,ERR,ERR,ERR,ERR,ERR,ERR,ERR,ERR,ERR,ERR,ERR,ERR,ERR,ERR,ERR,ERR,ERR,ERR,ERR,ERR,ERR,ERR,ERR,ERR,ERR,ERR,ERR,ERR,ERR,ERR,ERR,ERR,ERR,ERR,ERR,ERR,ERR,ERR,ERR,ERR,ERR,ERR,ERR,ERR,0.0,0.0,-134474944.0,0.0,0.0,1.3936040501711995e+18,7.805,0.0,0,0,4,0,8422,0.0,45,0.0,0.0,0.0,0.0,0.0,0,0,0,0,0.0,0,0,0,0,0,0,0,0,0,0,0,0,0,0,0,0,0,0,0,0,0,0,0,0,0,0,0,0,0,0,0,0,0,38,14,7,45,65476,0,300,0,0,8,21553,0.0,-107605600.0,0.0,0.0,0.0,0.0,0.0,0.0,0.0,0.0,0.0,0.0,0.0,0.0,0.0,0.0,0.0,0.0,0.0,0.0,0.0,0.0,2.004,2.004,-2.004,0.0,0.0,0.0,0.0,0.0,4826.0,-0.0,0.0,0.0,0.0,0.0,2.718429300292151e+23,0.0,0.0,0.0,0.0,53,-0.0,-3.221999815764716e+26,0.0,0.0,0.0,0.0,0.0,0.0,0.0,0,0,0,0.0,0.0,0.0,0.0,0.0,0.0,0.0,0.0,0.0,0.0,0.0,0.0,0.0,0.0,0.0,0.0,0,-107875648.0,53,0.0,106,-107614832.0,-107351008.0,ERR,ERR,ERR,ERR,ERR,ERR,ERR,ERR,ERR,ERR,ERR,ERR,ERR,ERR,ERR,ERR,ERR,ERR,ERR,ERR,ERR,ERR,ERR,ERR,ERR,ERR,ERR,ERR,ERR,ERR,ERR,ERR,ERR,ERR,ERR,ERR,ERR,ERR,ERR,ERR,ERR,ERR,ERR,ERR,ERR,ERR,ERR,ERR,ERR,ERR,ERR,ERR,ERR,ERR,ERR,ERR,ERR,ERR,ERR,ERR,ERR,ERR,ERR,ERR,ERR,ERR,ERR,50.0,60.0,100,0.0,0.0,0.0,0.0,0.0,0.0,0.0,0.0,0.0,0.0,0.0,0.0,0.0,0.0,0.0,0.0,62.0,72,14,65514,50,65476,0,300,0,0,8,20529,65476,0,0,26214,60.0,0.0,0.0,0.0,0.0,0.0
2026-05-17T18:57:41,ERR,ERR,ERR,ERR,ERR,ERR,ERR,ERR,ERR,ERR,ERR,ERR,ERR,ERR,ERR,ERR,ERR,ERR,ERR,ERR,ERR,ERR,ERR,ERR,ERR,ERR,ERR,ERR,ERR,ERR,ERR,ERR,ERR,ERR,ERR,ERR,ERR,ERR,ERR,ERR,ERR,ERR,ERR,ERR,ERR,ERR,ERR,ERR,ERR,ERR,ERR,ERR,ERR,ERR,ERR,ERR,ERR,ERR,ERR,ERR,ERR,ERR,ERR,ERR,ERR,ERR,ERR,ERR,ERR,ERR,ERR,ERR,ERR,ERR,ERR,ERR,ERR,ERR,ERR,ERR,ERR,ERR,ERR,ERR,ERR,ERR,ERR,ERR,ERR,ERR,ERR,ERR,ERR,ERR,ERR,ERR,ERR,ERR,ERR,ERR,ERR,ERR,ERR,ERR,ERR,ERR,ERR,ERR,ERR,ERR,ERR,ERR,ERR,ERR,ERR,ERR,ERR,ERR,ERR,ERR,ERR,ERR,ERR,ERR,ERR,0.0,0.0,-134474944.0,0.0,0.0,1.3936040501711995e+18,7.805,0.0,0,0,4,0,8422,0.0,45,0.0,0.0,0.0,0.0,0.0,0,0,0,0,0.0,0,0,0,0,0,0,0,0,0,0,0,0,0,0,0,0,0,0,0,0,0,0,0,0,0,0,0,0,0,0,0,0,0,38,14,7,45,65476,0,300,0,0,8,21553,0.0,-107605600.0,0.0,0.0,0.0,0.0,0.0,0.0,0.0,0.0,0.0,0.0,0.0,0.0,0.0,0.0,0.0,0.0,0.0,0.0,0.0,0.0,2.004,2.004,-2.004,0.0,0.0,0.0,0.0,0.0,4828.0,-0.0,0.0,2.718428940004181e+23,0.0,0.0,2.718429300292151e+23,0.0,0.0,0.0,0.0,53,-0.0,-0.0,0.0,0.0,0.0,0.0,0.0,0.0,0.0,0,0,0,0.0,0.0,0.0,0.0,0.0,0.0,0.0,0.0,0.0,0.0,0.0,0.0,0.0,0.0,0.0,0.0,0,-107875648.0,53,0.0,106,-107614832.0,-107351008.0,ERR,ERR,ERR,ERR,ERR,ERR,ERR,ERR,ERR,ERR,ERR,ERR,ERR,ERR,ERR,ERR,ERR,ERR,ERR,ERR,ERR,ERR,ERR,ERR,ERR,ERR,ERR,ERR,ERR,ERR,ERR,ERR,ERR,ERR,ERR,ERR,ERR,ERR,ERR,ERR,ERR,ERR,ERR,ERR,ERR,ERR,ERR,ERR,ERR,ERR,ERR,ERR,ERR,ERR,ERR,ERR,ERR,ERR,ERR,ERR,ERR,ERR,ERR,ERR,ERR,ERR,ERR,50.0,60.0,100,0.0,0.0,0.0,0.0,0.0,0.0,0.0,0.0,0.0,0.0,0.0,0.0,0.0,0.0,0.0,0.0,62.0,72,14,65514,50,65476,0,300,0,0,8,20529,65476,0,0,26214,60.0,0.0,0.0,0.0,0.0,0.0
2026-05-17T18:57:42,ERR,ERR,ERR,ERR,ERR,ERR,ERR,ERR,ERR,ERR,ERR,ERR,ERR,ERR,ERR,ERR,ERR,ERR,ERR,ERR,ERR,ERR,ERR,ERR,ERR,ERR,ERR,ERR,ERR,ERR,ERR,ERR,ERR,ERR,ERR,ERR,ERR,ERR,ERR,ERR,ERR,ERR,ERR,ERR,ERR,ERR,ERR,ERR,ERR,ERR,ERR,ERR,ERR,ERR,ERR,ERR,ERR,ERR,ERR,ERR,ERR,ERR,ERR,ERR,ERR,ERR,ERR,ERR,ERR,ERR,ERR,ERR,ERR,ERR,ERR,ERR,ERR,ERR,ERR,ERR,ERR,ERR,ERR,ERR,ERR,ERR,ERR,ERR,ERR,ERR,ERR,ERR,ERR,ERR,ERR,ERR,ERR,ERR,ERR,ERR,ERR,ERR,ERR,ERR,ERR,ERR,ERR,ERR,ERR,ERR,ERR,ERR,ERR,ERR,ERR,ERR,ERR,ERR,ERR,ERR,ERR,ERR,ERR,ERR,ERR,0.0,0.0,-134474944.0,0.0,0.0,1.3936040501711995e+18,7.805,0.0,0,0,4,0,8422,0.0,45,0.0,0.0,0.0,0.0,0.0,0,0,0,0,0.0,0,0,0,0,0,0,0,0,0,0,0,0,0,0,0,0,0,0,0,0,0,0,0,0,0,0,0,0,0,0,0,0,0,38,14,7,45,65476,0,300,0,0,8,21553,0.0,-107605600.0,0.0,0.0,0.0,0.0,0.0,0.0,0.0,0.0,0.0,0.0,0.0,0.0,0.0,0.0,0.0,0.0,0.0,0.0,0.0,0.0,2.004,2.004,-2.004,0.0,0.0,0.0,0.0,0.0,4828.0,-0.0,0.0,2.718428940004181e+23,0.0,0.0,2.718429300292151e+23,0.0,0.0,0.0,0.0,53,-0.0,-0.0,0.0,0.0,0.0,0.0,0.0,0.0,0.0,0,0,0,0.0,0.0,0.0,0.0,0.0,0.0,0.0,0.0,0.0,0.0,0.0,0.0,0.0,0.0,0.0,0.0,0,-107875648.0,53,0.0,106,-107614832.0,-107351008.0,ERR,ERR,ERR,ERR,ERR,ERR,ERR,ERR,ERR,ERR,ERR,ERR,ERR,ERR,ERR,ERR,ERR,ERR,ERR,ERR,ERR,ERR,ERR,ERR,ERR,ERR,ERR,ERR,ERR,ERR,ERR,ERR,ERR,ERR,ERR,ERR,ERR,ERR,ERR,ERR,ERR,ERR,ERR,ERR,ERR,ERR,ERR,ERR,ERR,ERR,ERR,ERR,ERR,ERR,ERR,ERR,ERR,ERR,ERR,ERR,ERR,ERR,ERR,ERR,ERR,ERR,ERR,50.0,60.0,100,0.0,0.0,0.0,0.0,0.0,0.0,0.0,0.0,0.0,0.0,0.0,0.0,0.0,0.0,0.0,0.0,61.6,72,14,65514,50,65476,0,300,0,0,8,20529,65476,0,0,26214,60.0,0.0,0.0,0.0,0.0,0.0
2026-05-17T18:57:43,ERR,ERR,ERR,ERR,ERR,ERR,ERR,ERR,ERR,ERR,ERR,ERR,ERR,ERR,ERR,ERR,ERR,ERR,ERR,ERR,ERR,ERR,ERR,ERR,ERR,ERR,ERR,ERR,ERR,ERR,ERR,ERR,ERR,ERR,ERR,ERR,ERR,ERR,ERR,ERR,ERR,ERR,ERR,ERR,ERR,ERR,ERR,ERR,ERR,ERR,ERR,ERR,ERR,ERR,ERR,ERR,ERR,ERR,ERR,ERR,ERR,ERR,ERR,ERR,ERR,ERR,ERR,ERR,ERR,ERR,ERR,ERR,ERR,ERR,ERR,ERR,ERR,ERR,ERR,ERR,ERR,ERR,ERR,ERR,ERR,ERR,ERR,ERR,ERR,ERR,ERR,ERR,ERR,ERR,ERR,ERR,ERR,ERR,ERR,ERR,ERR,ERR,ERR,ERR,ERR,ERR,ERR,ERR,ERR,ERR,ERR,ERR,ERR,ERR,ERR,ERR,ERR,ERR,ERR,ERR,ERR,ERR,ERR,ERR,ERR,0.0,0.0,-134474944.0,0.0,0.0,1.3936040501711995e+18,7.805,0.0,0,0,4,0,8422,0.0,45,0.0,0.0,0.0,0.0,0.0,0,0,0,0,0.0,0,0,0,0,0,0,0,0,0,0,0,0,0,0,0,0,0,0,0,0,0,0,0,0,0,0,0,0,0,0,0,0,0,38,14,7,45,65476,0,300,0,0,8,21553,0.0,-107605600.0,0.0,0.0,0.0,0.0,0.0,0.0,0.0,0.0,0.0,0.0,0.0,0.0,0.0,0.0,0.0,0.0,0.0,0.0,0.0,0.0,2.004,2.004,-2.004,0.0,0.0,0.0,0.0,0.0,4828.0,-0.0,0.0,2.718428940004181e+23,0.0,0.0,2.718429300292151e+23,0.0,0.0,0.0,0.0,53,-0.0,-0.0,0.0,0.0,0.0,0.0,0.0,0.0,0.0,0,0,0,0.0,0.0,0.0,0.0,0.0,0.0,0.0,0.0,0.0,0.0,0.0,0.0,0.0,0.0,0.0,0.0,0,-107875648.0,53,0.0,106,-107614832.0,-107351008.0,ERR,ERR,ERR,ERR,ERR,ERR,ERR,ERR,ERR,ERR,ERR,ERR,ERR,ERR,ERR,ERR,ERR,ERR,ERR,ERR,ERR,ERR,ERR,ERR,ERR,ERR,ERR,ERR,ERR,ERR,ERR,ERR,ERR,ERR,ERR,ERR,ERR,ERR,ERR,ERR,ERR,ERR,ERR,ERR,ERR,ERR,ERR,ERR,ERR,ERR,ERR,ERR,ERR,ERR,ERR,ERR,ERR,ERR,ERR,ERR,ERR,ERR,ERR,ERR,ERR,ERR,ERR,50.0,60.0,100,0.0,0.0,0.0,0.0,0.0,0.0,0.0,0.0,0.0,0.0,0.0,0.0,0.0,0.0,0.0,0.0,61.6,72,14,65514,50,65476,0,300,0,0,8,20529,65476,0,0,26214,60.0,0.0,0.0,0.0,0.0,0.0
2026-05-17T18:57:44,ERR,ERR,ERR,ERR,ERR,ERR,ERR,ERR,ERR,ERR,ERR,ERR,ERR,ERR,ERR,ERR,ERR,ERR,ERR,ERR,ERR,ERR,ERR,ERR,ERR,ERR,ERR,ERR,ERR,ERR,ERR,ERR,ERR,ERR,ERR,ERR,ERR,ERR,ERR,ERR,ERR,ERR,ERR,ERR,ERR,ERR,ERR,ERR,ERR,ERR,ERR,ERR,ERR,ERR,ERR,ERR,ERR,ERR,ERR,ERR,ERR,ERR,ERR,ERR,ERR,ERR,ERR,ERR,ERR,ERR,ERR,ERR,ERR,ERR,ERR,ERR,ERR,ERR,ERR,ERR,ERR,ERR,ERR,ERR,ERR,ERR,ERR,ERR,ERR,ERR,ERR,ERR,ERR,ERR,ERR,ERR,ERR,ERR,ERR,ERR,ERR,ERR,ERR,ERR,ERR,ERR,ERR,ERR,ERR,ERR,ERR,ERR,ERR,ERR,ERR,ERR,ERR,ERR,ERR,ERR,ERR,ERR,ERR,ERR,ERR,0.0,0.0,-134474944.0,0.0,0.0,1.3936040501711995e+18,7.805,0.0,0,0,4,0,8422,0.0,45,0.0,0.0,0.0,0.0,0.0,0,0,0,0,0.0,0,0,0,0,0,0,0,0,0,0,0,0,0,0,0,0,0,0,0,0,0,0,0,0,0,0,0,0,0,0,0,0,0,38,14,7,45,65476,0,300,0,0,8,21553,0.0,-107605600.0,0.0,0.0,0.0,0.0,0.0,0.0,0.0,0.0,0.0,0.0,0.0,0.0,0.0,0.0,0.0,0.0,0.0,0.0,0.0,0.0,2.004,2.004,-2.004,0.0,0.0,0.0,0.0,0.0,4828.0,-0.0,0.0,2.718428940004181e+23,0.0,0.0,2.718429300292151e+23,0.0,0.0,0.0,0.0,53,-0.0,-0.0,0.0,0.0,0.0,0.0,0.0,0.0,0.0,0,0,0,0.0,0.0,0.0,0.0,0.0,0.0,0.0,0.0,0.0,0.0,0.0,0.0,0.0,0.0,0.0,0.0,0,-107875648.0,53,0.0,106,-107614832.0,-107351008.0,ERR,ERR,ERR,ERR,ERR,ERR,ERR,ERR,ERR,ERR,ERR,ERR,ERR,ERR,ERR,ERR,ERR,ERR,ERR,ERR,ERR,ERR,ERR,ERR,ERR,ERR,ERR,ERR,ERR,ERR,ERR,ERR,ERR,ERR,ERR,ERR,ERR,ERR,ERR,ERR,ERR,ERR,ERR,ERR,ERR,ERR,ERR,ERR,ERR,ERR,ERR,ERR,ERR,ERR,ERR,ERR,ERR,ERR,ERR,ERR,ERR,ERR,ERR,ERR,ERR,ERR,ERR,50.0,60.0,100,0.0,0.0,0.0,0.0,0.0,0.0,0.0,0.0,0.0,0.0,0.0,0.0,0.0,0.0,0.0,0.0,62.0,72,14,65514,50,65476,0,300,0,0,8,20529,65476,0,0,26214,60.0,0.0,0.0,0.0,0.0,0.0
2026-05-17T18:57:45,ERR,ERR,ERR,ERR,ERR,ERR,ERR,ERR,ERR,ERR,ERR,ERR,ERR,ERR,ERR,ERR,ERR,ERR,ERR,ERR,ERR,ERR,ERR,ERR,ERR,ERR,ERR,ERR,ERR,ERR,ERR,ERR,ERR,ERR,ERR,ERR,ERR,ERR,ERR,ERR,ERR,ERR,ERR,ERR,ERR,ERR,ERR,ERR,ERR,ERR,ERR,ERR,ERR,ERR,ERR,ERR,ERR,ERR,ERR,ERR,ERR,ERR,ERR,ERR,ERR,ERR,ERR,ERR,ERR,ERR,ERR,ERR,ERR,ERR,ERR,ERR,ERR,ERR,ERR,ERR,ERR,ERR,ERR,ERR,ERR,ERR,ERR,ERR,ERR,ERR,ERR,ERR,ERR,ERR,ERR,ERR,ERR,ERR,ERR,ERR,ERR,ERR,ERR,ERR,ERR,ERR,ERR,ERR,ERR,ERR,ERR,ERR,ERR,ERR,ERR,ERR,ERR,ERR,ERR,ERR,ERR,ERR,ERR,ERR,ERR,0.0,0.0,-134474944.0,0.0,0.0,1.3936040501711995e+18,7.805,0.0,0,0,4,0,8422,0.0,45,0.0,0.0,0.0,0.0,0.0,0,0,0,0,0.0,0,0,0,0,0,0,0,0,0,0,0,0,0,0,0,0,0,0,0,0,0,0,0,0,0,0,0,0,0,0,0,0,0,38,14,7,45,65476,0,300,0,0,8,21553,0.0,-107605600.0,0.0,0.0,0.0,0.0,0.0,0.0,0.0,0.0,0.0,0.0,0.0,0.0,0.0,0.0,0.0,0.0,0.0,0.0,0.0,0.0,2.004,2.004,-2.004,0.0,0.0,0.0,0.0,0.0,4828.0,-0.0,0.0,2.718428940004181e+23,0.0,0.0,2.718429300292151e+23,0.0,0.0,0.0,0.0,53,-0.0,-0.0,0.0,0.0,0.0,0.0,0.0,0.0,0.0,0,0,0,0.0,0.0,0.0,0.0,0.0,0.0,0.0,0.0,0.0,0.0,0.0,0.0,0.0,0.0,0.0,0.0,0,-107875648.0,53,0.0,106,-107614832.0,-107351008.0,ERR,ERR,ERR,ERR,ERR,ERR,ERR,ERR,ERR,ERR,ERR,ERR,ERR,ERR,ERR,ERR,ERR,ERR,ERR,ERR,ERR,ERR,ERR,ERR,ERR,ERR,ERR,ERR,ERR,ERR,ERR,ERR,ERR,ERR,ERR,ERR,ERR,ERR,ERR,ERR,ERR,ERR,ERR,ERR,ERR,ERR,ERR,ERR,ERR,ERR,ERR,ERR,ERR,ERR,ERR,ERR,ERR,ERR,ERR,ERR,ERR,ERR,ERR,ERR,ERR,ERR,ERR,50.0,60.0,100,0.0,0.0,0.0,0.0,0.0,0.0,0.0,0.0,0.0,0.0,0.0,0.0,0.0,0.0,0.0,0.0,62.0,72,14,65514,50,65476,0,300,0,0,8,20529,65476,0,0,26214,60.0,0.0,0.0,0.0,0.0,0.0
2026-05-17T18:57:46,ERR,ERR,ERR,ERR,ERR,ERR,ERR,ERR,ERR,ERR,ERR,ERR,ERR,ERR,ERR,ERR,ERR,ERR,ERR,ERR,ERR,ERR,ERR,ERR,ERR,ERR,ERR,ERR,ERR,ERR,ERR,ERR,ERR,ERR,ERR,ERR,ERR,ERR,ERR,ERR,ERR,ERR,ERR,ERR,ERR,ERR,ERR,ERR,ERR,ERR,ERR,ERR,ERR,ERR,ERR,ERR,ERR,ERR,ERR,ERR,ERR,ERR,ERR,ERR,ERR,ERR,ERR,ERR,ERR,ERR,ERR,ERR,ERR,ERR,ERR,ERR,ERR,ERR,ERR,ERR,ERR,ERR,ERR,ERR,ERR,ERR,ERR,ERR,ERR,ERR,ERR,ERR,ERR,ERR,ERR,ERR,ERR,ERR,ERR,ERR,ERR,ERR,ERR,ERR,ERR,ERR,ERR,ERR,ERR,ERR,ERR,ERR,ERR,ERR,ERR,ERR,ERR,ERR,ERR,ERR,ERR,ERR,ERR,ERR,ERR,2.718428940004181e+23,0.0,-0.0,0.0,0.0,1.3936040501711995e+18,7.805,0.0,0,0,4,0,8422,0.0,45,0.0,0.0,0.0,0.0,0.0,0,0,0,0,0.0,0,0,0,0,0,0,0,0,0,0,0,0,0,0,0,0,0,0,0,0,0,0,0,0,0,0,0,0,0,0,0,0,0,38,14,7,45,65476,0,300,0,0,8,21553,0.0,-107605600.0,0.0,0.0,0.0,0.0,0.0,0.0,0.0,0.0,0.0,0.0,0.0,0.0,0.0,0.0,0.0,0.0,0.0,0.0,0.0,0.0,2.004,2.004,-2.004,0.0,0.0,0.0,0.0,0.0,4827.0,-564145430724608.0,0.0,0.0,0.0,0.0,-0.0,0.0,0.0,0.0,0.0,53,-0.0,0.0,0.0,0.0,0.0,0.0,0.0,0.0,0.0,0,0,0,0.0,0.0,0.0,0.0,0.0,0.0,0.0,0.0,0.0,0.0,0.0,0.0,0.0,0.0,0.0,0.0,0,-107875648.0,53,0.0,106,-107614832.0,-107351008.0,ERR,ERR,ERR,ERR,ERR,ERR,ERR,ERR,ERR,ERR,ERR,ERR,ERR,ERR,ERR,ERR,ERR,ERR,ERR,ERR,ERR,ERR,ERR,ERR,ERR,ERR,ERR,ERR,ERR,ERR,ERR,ERR,ERR,ERR,ERR,ERR,ERR,ERR,ERR,ERR,ERR,ERR,ERR,ERR,ERR,ERR,ERR,ERR,ERR,ERR,ERR,ERR,ERR,ERR,ERR,ERR,ERR,ERR,ERR,ERR,ERR,ERR,ERR,ERR,ERR,ERR,ERR,50.0,60.0,100,0.0,0.0,0.0,0.0,0.0,0.0,0.0,0.0,0.0,0.0,0.0,0.0,0.0,0.0,0.0,0.0,61.6,72,14,65514,50,65476,0,300,0,0,8,20529,65476,0,0,26214,60.0,0.0,0.0,0.0,0.0,0.0
2026-05-17T18:57:47,ERR,ERR,ERR,ERR,ERR,ERR,ERR,ERR,ERR,ERR,ERR,ERR,ERR,ERR,ERR,ERR,ERR,ERR,ERR,ERR,ERR,ERR,ERR,ERR,ERR,ERR,ERR,ERR,ERR,ERR,ERR,ERR,ERR,ERR,ERR,ERR,ERR,ERR,ERR,ERR,ERR,ERR,ERR,ERR,ERR,ERR,ERR,ERR,ERR,ERR,ERR,ERR,ERR,ERR,ERR,ERR,ERR,ERR,ERR,ERR,ERR,ERR,ERR,ERR,ERR,ERR,ERR,ERR,ERR,ERR,ERR,ERR,ERR,ERR,ERR,ERR,ERR,ERR,ERR,ERR,ERR,ERR,ERR,ERR,ERR,ERR,ERR,ERR,ERR,ERR,ERR,ERR,ERR,ERR,ERR,ERR,ERR,ERR,ERR,ERR,ERR,ERR,ERR,ERR,ERR,ERR,ERR,ERR,ERR,ERR,ERR,ERR,ERR,ERR,ERR,ERR,ERR,ERR,ERR,ERR,ERR,ERR,ERR,ERR,ERR,2.718428940004181e+23,0.0,-0.0,0.0,0.0,1.3936040501711995e+18,7.805,0.0,0,0,4,0,8422,0.0,45,0.0,0.0,0.0,0.0,0.0,0,0,0,0,0.0,0,0,0,0,0,0,0,0,0,0,0,0,0,0,0,0,0,0,0,0,0,0,0,0,0,0,0,0,0,0,0,0,0,38,14,7,45,65476,0,300,0,0,8,21553,0.0,-107605600.0,0.0,0.0,0.0,0.0,0.0,0.0,0.0,0.0,0.0,0.0,0.0,0.0,0.0,0.0,0.0,0.0,0.0,0.0,0.0,0.0,2.004,2.004,-2.004,0.0,0.0,0.0,0.0,0.0,4827.0,-564145430724608.0,0.0,0.0,0.0,0.0,-0.0,0.0,0.0,0.0,0.0,53,-0.0,0.0,0.0,0.0,0.0,0.0,0.0,0.0,0.0,0,0,0,0.0,0.0,0.0,0.0,0.0,0.0,0.0,0.0,0.0,0.0,0.0,0.0,0.0,0.0,0.0,0.0,0,-107875648.0,53,0.0,106,-107614832.0,-107351008.0,ERR,ERR,ERR,ERR,ERR,ERR,ERR,ERR,ERR,ERR,ERR,ERR,ERR,ERR,ERR,ERR,ERR,ERR,ERR,ERR,ERR,ERR,ERR,ERR,ERR,ERR,ERR,ERR,ERR,ERR,ERR,ERR,ERR,ERR,ERR,ERR,ERR,ERR,ERR,ERR,ERR,ERR,ERR,ERR,ERR,ERR,ERR,ERR,ERR,ERR,ERR,ERR,ERR,ERR,ERR,ERR,ERR,ERR,ERR,ERR,ERR,ERR,ERR,ERR,ERR,ERR,ERR,50.0,60.0,100,0.0,0.0,0.0,0.0,0.0,0.0,0.0,0.0,0.0,0.0,0.0,0.0,0.0,0.0,0.0,0.0,62.0,72,14,65514,50,65476,0,300,0,0,8,20529,65476,0,0,26214,60.0,0.0,0.0,0.0,0.0,0.0
2026-05-17T18:57:48,ERR,ERR,ERR,ERR,ERR,ERR,ERR,ERR,ERR,ERR,ERR,ERR,ERR,ERR,ERR,ERR,ERR,ERR,ERR,ERR,ERR,ERR,ERR,ERR,ERR,ERR,ERR,ERR,ERR,ERR,ERR,ERR,ERR,ERR,ERR,ERR,ERR,ERR,ERR,ERR,ERR,ERR,ERR,ERR,ERR,ERR,ERR,ERR,ERR,ERR,ERR,ERR,ERR,ERR,ERR,ERR,ERR,ERR,ERR,ERR,ERR,ERR,ERR,ERR,ERR,ERR,ERR,ERR,ERR,ERR,ERR,ERR,ERR,ERR,ERR,ERR,ERR,ERR,ERR,ERR,ERR,ERR,ERR,ERR,ERR,ERR,ERR,ERR,ERR,ERR,ERR,ERR,ERR,ERR,ERR,ERR,ERR,ERR,ERR,ERR,ERR,ERR,ERR,ERR,ERR,ERR,ERR,ERR,ERR,ERR,ERR,ERR,ERR,ERR,ERR,ERR,ERR,ERR,ERR,ERR,ERR,ERR,ERR,ERR,ERR,2.718428940004181e+23,0.0,-0.0,0.0,0.0,1.3936040501711995e+18,7.805,0.0,0,0,4,0,8422,0.0,45,0.0,0.0,0.0,0.0,0.0,0,0,0,0,0.0,0,0,0,0,0,0,0,0,0,0,0,0,0,0,0,0,0,0,0,0,0,0,0,0,0,0,0,0,0,0,0,0,0,38,14,7,45,65476,0,300,0,0,8,21553,0.0,-107605600.0,0.0,0.0,0.0,0.0,0.0,0.0,0.0,0.0,0.0,0.0,0.0,0.0,0.0,0.0,0.0,0.0,0.0,0.0,0.0,0.0,2.004,2.004,-2.004,0.0,0.0,0.0,0.0,0.0,4827.0,-564145430724608.0,0.0,0.0,0.0,0.0,-0.0,0.0,0.0,0.0,0.0,53,-0.0,0.0,0.0,0.0,0.0,0.0,0.0,0.0,0.0,0,0,0,0.0,0.0,0.0,0.0,0.0,0.0,0.0,0.0,0.0,0.0,0.0,0.0,0.0,0.0,0.0,0.0,0,-107875648.0,53,0.0,106,-107614832.0,-107351008.0,ERR,ERR,ERR,ERR,ERR,ERR,ERR,ERR,ERR,ERR,ERR,ERR,ERR,ERR,ERR,ERR,ERR,ERR,ERR,ERR,ERR,ERR,ERR,ERR,ERR,ERR,ERR,ERR,ERR,ERR,ERR,ERR,ERR,ERR,ERR,ERR,ERR,ERR,ERR,ERR,ERR,ERR,ERR,ERR,ERR,ERR,ERR,ERR,ERR,ERR,ERR,ERR,ERR,ERR,ERR,ERR,ERR,ERR,ERR,ERR,ERR,ERR,ERR,ERR,ERR,ERR,ERR,50.0,60.0,100,0.0,0.0,0.0,0.0,0.0,0.0,0.0,0.0,0.0,0.0,0.0,0.0,0.0,0.0,0.0,0.0,62.0,72,14,65514,50,65476,0,300,0,0,8,20529,65476,0,0,26214,60.0,0.0,0.0,0.0,0.0,0.0
2026-05-17T18:57:49,ERR,ERR,ERR,ERR,ERR,ERR,ERR,ERR,ERR,ERR,ERR,ERR,ERR,ERR,ERR,ERR,ERR,ERR,ERR,ERR,ERR,ERR,ERR,ERR,ERR,ERR,ERR,ERR,ERR,ERR,ERR,ERR,ERR,ERR,ERR,ERR,ERR,ERR,ERR,ERR,ERR,ERR,ERR,ERR,ERR,ERR,ERR,ERR,ERR,ERR,ERR,ERR,ERR,ERR,ERR,ERR,ERR,ERR,ERR,ERR,ERR,ERR,ERR,ERR,ERR,ERR,ERR,ERR,ERR,ERR,ERR,ERR,ERR,ERR,ERR,ERR,ERR,ERR,ERR,ERR,ERR,ERR,ERR,ERR,ERR,ERR,ERR,ERR,ERR,ERR,ERR,ERR,ERR,ERR,ERR,ERR,ERR,ERR,ERR,ERR,ERR,ERR,ERR,ERR,ERR,ERR,ERR,ERR,ERR,ERR,ERR,ERR,ERR,ERR,ERR,ERR,ERR,ERR,ERR,ERR,ERR,ERR,ERR,ERR,ERR,2.718428940004181e+23,0.0,-0.0,0.0,0.0,1.3936040501711995e+18,7.805,0.0,0,0,4,0,8422,0.0,45,0.0,0.0,0.0,0.0,0.0,0,0,0,0,0.0,0,0,0,0,0,0,0,0,0,0,0,0,0,0,0,0,0,0,0,0,0,0,0,0,0,0,0,0,0,0,0,0,0,38,14,7,45,65476,0,300,0,0,8,21553,0.0,-107605600.0,0.0,0.0,0.0,0.0,0.0,0.0,0.0,0.0,0.0,0.0,0.0,0.0,0.0,0.0,0.0,0.0,0.0,0.0,0.0,0.0,2.004,2.004,-2.004,0.0,0.0,0.0,0.0,0.0,4827.0,-564145430724608.0,0.0,0.0,0.0,0.0,-0.0,0.0,0.0,0.0,0.0,53,-0.0,0.0,0.0,0.0,0.0,0.0,0.0,0.0,0.0,0,0,0,0.0,0.0,0.0,0.0,0.0,0.0,0.0,0.0,0.0,0.0,0.0,0.0,0.0,0.0,0.0,0.0,0,-107875648.0,53,0.0,106,-107614832.0,-107351008.0,ERR,ERR,ERR,ERR,ERR,ERR,ERR,ERR,ERR,ERR,ERR,ERR,ERR,ERR,ERR,ERR,ERR,ERR,ERR,ERR,ERR,ERR,ERR,ERR,ERR,ERR,ERR,ERR,ERR,ERR,ERR,ERR,ERR,ERR,ERR,ERR,ERR,ERR,ERR,ERR,ERR,ERR,ERR,ERR,ERR,ERR,ERR,ERR,ERR,ERR,ERR,ERR,ERR,ERR,ERR,ERR,ERR,ERR,ERR,ERR,ERR,ERR,ERR,ERR,ERR,ERR,ERR,50.0,60.0,100,0.0,0.0,0.0,0.0,0.0,0.0,0.0,0.0,0.0,0.0,0.0,0.0,0.0,0.0,0.0,0.0,61.6,72,14,65514,50,65476,0,300,0,0,8,20529,65476,0,0,26214,60.0,0.0,0.0,0.0,0.0,0.0
2026-05-17T18:57:50,ERR,ERR,ERR,ERR,ERR,ERR,ERR,ERR,ERR,ERR,ERR,ERR,ERR,ERR,ERR,ERR,ERR,ERR,ERR,ERR,ERR,ERR,ERR,ERR,ERR,ERR,ERR,ERR,ERR,ERR,ERR,ERR,ERR,ERR,ERR,ERR,ERR,ERR,ERR,ERR,ERR,ERR,ERR,ERR,ERR,ERR,ERR,ERR,ERR,ERR,ERR,ERR,ERR,ERR,ERR,ERR,ERR,ERR,ERR,ERR,ERR,ERR,ERR,ERR,ERR,ERR,ERR,ERR,ERR,ERR,ERR,ERR,ERR,ERR,ERR,ERR,ERR,ERR,ERR,ERR,ERR,ERR,ERR,ERR,ERR,ERR,ERR,ERR,ERR,ERR,ERR,ERR,ERR,ERR,ERR,ERR,ERR,ERR,ERR,ERR,ERR,ERR,ERR,ERR,ERR,ERR,ERR,ERR,ERR,ERR,ERR,ERR,ERR,ERR,ERR,ERR,ERR,ERR,ERR,ERR,ERR,ERR,ERR,ERR,ERR,2.718428940004181e+23,0.0,-0.0,0.0,0.0,1.3936040501711995e+18,7.805,0.0,0,0,4,0,8422,0.0,45,0.0,0.0,0.0,0.0,0.0,0,0,0,0,0.0,0,0,0,0,0,0,0,0,0,0,0,0,0,0,0,0,0,0,0,0,0,0,0,0,0,0,0,0,0,0,0,0,0,38,14,7,45,65476,0,300,0,0,8,21553,0.0,-107605600.0,0.0,0.0,0.0,0.0,0.0,0.0,0.0,0.0,0.0,0.0,0.0,0.0,0.0,0.0,0.0,0.0,0.0,0.0,0.0,0.0,2.004,2.004,-2.004,0.0,0.0,0.0,0.0,0.0,4827.0,-564145430724608.0,0.0,0.0,0.0,0.0,-0.0,0.0,0.0,0.0,0.0,53,-0.0,0.0,0.0,0.0,0.0,0.0,0.0,0.0,0.0,0,0,0,0.0,0.0,0.0,0.0,0.0,0.0,0.0,0.0,0.0,0.0,0.0,0.0,0.0,0.0,0.0,0.0,0,-107875648.0,53,0.0,106,-107614832.0,-107351008.0,ERR,ERR,ERR,ERR,ERR,ERR,ERR,ERR,ERR,ERR,ERR,ERR,ERR,ERR,ERR,ERR,ERR,ERR,ERR,ERR,ERR,ERR,ERR,ERR,ERR,ERR,ERR,ERR,ERR,ERR,ERR,ERR,ERR,ERR,ERR,ERR,ERR,ERR,ERR,ERR,ERR,ERR,ERR,ERR,ERR,ERR,ERR,ERR,ERR,ERR,ERR,ERR,ERR,ERR,ERR,ERR,ERR,ERR,ERR,ERR,ERR,ERR,ERR,ERR,ERR,ERR,ERR,50.0,60.0,100,0.0,0.0,0.0,0.0,0.0,0.0,0.0,0.0,0.0,0.0,0.0,0.0,0.0,0.0,0.0,0.0,61.6,72,14,65514,50,65476,0,300,0,0,8,20529,65476,0,0,26214,60.0,0.0,0.0,0.0,0.0,0.0
2026-05-17T18:57:51,ERR,ERR,ERR,ERR,ERR,ERR,ERR,ERR,ERR,ERR,ERR,ERR,ERR,ERR,ERR,ERR,ERR,ERR,ERR,ERR,ERR,ERR,ERR,ERR,ERR,ERR,ERR,ERR,ERR,ERR,ERR,ERR,ERR,ERR,ERR,ERR,ERR,ERR,ERR,ERR,ERR,ERR,ERR,ERR,ERR,ERR,ERR,ERR,ERR,ERR,ERR,ERR,ERR,ERR,ERR,ERR,ERR,ERR,ERR,ERR,ERR,ERR,ERR,ERR,ERR,ERR,ERR,ERR,ERR,ERR,ERR,ERR,ERR,ERR,ERR,ERR,ERR,ERR,ERR,ERR,ERR,ERR,ERR,ERR,ERR,ERR,ERR,ERR,ERR,ERR,ERR,ERR,ERR,ERR,ERR,ERR,ERR,ERR,ERR,ERR,ERR,ERR,ERR,ERR,ERR,ERR,ERR,ERR,ERR,ERR,ERR,ERR,ERR,ERR,ERR,ERR,ERR,ERR,ERR,ERR,ERR,ERR,ERR,ERR,ERR,0.0,0.0,-134474944.0,0.0,0.0,1.3936040501711995e+18,7.805,0.0,0,0,4,0,8422,0.0,45,0.0,0.0,0.0,0.0,0.0,0,0,0,0,0.0,0,0,0,0,0,0,0,0,0,0,0,0,0,0,0,0,0,0,0,0,0,0,0,0,0,0,0,0,0,0,0,0,0,38,14,7,45,65476,0,300,0,0,8,21553,0.0,-107605600.0,0.0,0.0,0.0,0.0,0.0,0.0,0.0,0.0,0.0,0.0,0.0,0.0,0.0,0.0,0.0,0.0,0.0,0.0,0.0,0.0,-0.0,2.004,-2.004,0.0,0.0,0.0,0.0,0.0,4855.0,564145497833472.0,0.0,0.0,0.0,-107615280.0,2.718429300292151e+23,0.0,0.0,0.0,0.0,53,-0.0,-0.0,0.0,0.0,0.0,0.0,0.0,0.0,0.0,0,0,0,0.0,0.0,0.0,0.0,0.0,0.0,0.0,0.0,0.0,0.0,0.0,0.0,0.0,0.0,0.0,0.0,0,-107875648.0,53,0.0,106,-107614832.0,-107351008.0,ERR,ERR,ERR,ERR,ERR,ERR,ERR,ERR,ERR,ERR,ERR,ERR,ERR,ERR,ERR,ERR,ERR,ERR,ERR,ERR,ERR,ERR,ERR,ERR,ERR,ERR,ERR,ERR,ERR,ERR,ERR,ERR,ERR,ERR,ERR,ERR,ERR,ERR,ERR,ERR,ERR,ERR,ERR,ERR,ERR,ERR,ERR,ERR,ERR,ERR,ERR,ERR,ERR,ERR,ERR,ERR,ERR,ERR,ERR,ERR,ERR,ERR,ERR,ERR,ERR,ERR,ERR,50.0,60.0,100,0.0,0.0,0.0,0.0,0.0,0.0,0.0,0.0,0.0,0.0,0.0,0.0,0.0,0.0,0.0,0.0,61.6,72,14,65514,50,65476,0,300,0,0,8,20529,65476,0,0,26214,60.0,0.0,0.0,0.0,0.0,0.0
2026-05-17T18:57:52,ERR,ERR,ERR,ERR,ERR,ERR,ERR,ERR,ERR,ERR,ERR,ERR,ERR,ERR,ERR,ERR,ERR,ERR,ERR,ERR,ERR,ERR,ERR,ERR,ERR,ERR,ERR,ERR,ERR,ERR,ERR,ERR,ERR,ERR,ERR,ERR,ERR,ERR,ERR,ERR,ERR,ERR,ERR,ERR,ERR,ERR,ERR,ERR,ERR,ERR,ERR,ERR,ERR,ERR,ERR,ERR,ERR,ERR,ERR,ERR,ERR,ERR,ERR,ERR,ERR,ERR,ERR,ERR,ERR,ERR,ERR,ERR,ERR,ERR,ERR,ERR,ERR,ERR,ERR,ERR,ERR,ERR,ERR,ERR,ERR,ERR,ERR,ERR,ERR,ERR,ERR,ERR,ERR,ERR,ERR,ERR,ERR,ERR,ERR,ERR,ERR,ERR,ERR,ERR,ERR,ERR,ERR,ERR,ERR,ERR,ERR,ERR,ERR,ERR,ERR,ERR,ERR,ERR,ERR,ERR,ERR,ERR,ERR,ERR,ERR,0.0,0.0,-134474944.0,0.0,0.0,1.3936040501711995e+18,7.805,0.0,0,0,4,0,8422,0.0,45,0.0,0.0,0.0,0.0,0.0,0,0,0,0,0.0,0,0,0,0,0,0,0,0,0,0,0,0,0,0,0,0,0,0,0,0,0,0,0,0,0,0,0,0,0,0,0,0,0,38,14,7,45,65476,0,300,0,0,8,21553,0.0,-107605600.0,0.0,0.0,0.0,0.0,0.0,0.0,0.0,0.0,0.0,0.0,0.0,0.0,0.0,0.0,0.0,0.0,0.0,0.0,0.0,0.0,-0.0,2.004,-2.004,0.0,0.0,0.0,0.0,0.0,4855.0,564145497833472.0,0.0,0.0,0.0,-107615280.0,2.718429300292151e+23,0.0,0.0,0.0,0.0,53,-0.0,-0.0,0.0,0.0,0.0,0.0,0.0,0.0,0.0,0,0,0,0.0,0.0,0.0,0.0,0.0,0.0,0.0,0.0,0.0,0.0,0.0,0.0,0.0,0.0,0.0,0.0,0,-107875648.0,53,0.0,106,-107614832.0,-107351008.0,ERR,ERR,ERR,ERR,ERR,ERR,ERR,ERR,ERR,ERR,ERR,ERR,ERR,ERR,ERR,ERR,ERR,ERR,ERR,ERR,ERR,ERR,ERR,ERR,ERR,ERR,ERR,ERR,ERR,ERR,ERR,ERR,ERR,ERR,ERR,ERR,ERR,ERR,ERR,ERR,ERR,ERR,ERR,ERR,ERR,ERR,ERR,ERR,ERR,ERR,ERR,ERR,ERR,ERR,ERR,ERR,ERR,ERR,ERR,ERR,ERR,ERR,ERR,ERR,ERR,ERR,ERR,50.0,60.0,100,0.0,0.0,0.0,0.0,0.0,0.0,0.0,0.0,0.0,0.0,0.0,0.0,0.0,0.0,0.0,0.0,61.6,72,14,65514,50,65476,0,300,0,0,8,20529,65476,0,0,26214,60.0,0.0,0.0,0.0,0.0,0.0
2026-05-17T18:57:53,ERR,ERR,ERR,ERR,ERR,ERR,ERR,ERR,ERR,ERR,ERR,ERR,ERR,ERR,ERR,ERR,ERR,ERR,ERR,ERR,ERR,ERR,ERR,ERR,ERR,ERR,ERR,ERR,ERR,ERR,ERR,ERR,ERR,ERR,ERR,ERR,ERR,ERR,ERR,ERR,ERR,ERR,ERR,ERR,ERR,ERR,ERR,ERR,ERR,ERR,ERR,ERR,ERR,ERR,ERR,ERR,ERR,ERR,ERR,ERR,ERR,ERR,ERR,ERR,ERR,ERR,ERR,ERR,ERR,ERR,ERR,ERR,ERR,ERR,ERR,ERR,ERR,ERR,ERR,ERR,ERR,ERR,ERR,ERR,ERR,ERR,ERR,ERR,ERR,ERR,ERR,ERR,ERR,ERR,ERR,ERR,ERR,ERR,ERR,ERR,ERR,ERR,ERR,ERR,ERR,ERR,ERR,ERR,ERR,ERR,ERR,ERR,ERR,ERR,ERR,ERR,ERR,ERR,ERR,ERR,ERR,ERR,ERR,ERR,ERR,0.0,0.0,-134474944.0,0.0,0.0,1.3936040501711995e+18,7.805,0.0,0,0,4,0,8422,0.0,45,0.0,0.0,0.0,0.0,0.0,0,0,0,0,0.0,0,0,0,0,0,0,0,0,0,0,0,0,0,0,0,0,0,0,0,0,0,0,0,0,0,0,0,0,0,0,0,0,0,38,14,7,45,65476,0,300,0,0,8,21553,0.0,-107605600.0,0.0,0.0,0.0,0.0,0.0,0.0,0.0,0.0,0.0,0.0,0.0,0.0,0.0,0.0,0.0,0.0,0.0,0.0,0.0,0.0,-0.0,2.004,-2.004,0.0,0.0,0.0,0.0,0.0,4855.0,564145497833472.0,0.0,0.0,0.0,-107615280.0,2.718429300292151e+23,0.0,0.0,0.0,0.0,53,-0.0,-0.0,0.0,0.0,0.0,0.0,0.0,0.0,0.0,0,0,0,0.0,0.0,0.0,0.0,0.0,0.0,0.0,0.0,0.0,0.0,0.0,0.0,0.0,0.0,0.0,0.0,0,-107875648.0,53,0.0,106,-107614832.0,-107351008.0,ERR,ERR,ERR,ERR,ERR,ERR,ERR,ERR,ERR,ERR,ERR,ERR,ERR,ERR,ERR,ERR,ERR,ERR,ERR,ERR,ERR,ERR,ERR,ERR,ERR,ERR,ERR,ERR,ERR,ERR,ERR,ERR,ERR,ERR,ERR,ERR,ERR,ERR,ERR,ERR,ERR,ERR,ERR,ERR,ERR,ERR,ERR,ERR,ERR,ERR,ERR,ERR,ERR,ERR,ERR,ERR,ERR,ERR,ERR,ERR,ERR,ERR,ERR,ERR,ERR,ERR,ERR,50.0,60.0,100,0.0,0.0,0.0,0.0,0.0,0.0,0.0,0.0,0.0,0.0,0.0,0.0,0.0,0.0,0.0,0.0,61.6,72,14,65514,50,65476,0,300,0,0,8,20529,65476,0,0,26214,60.0,0.0,0.0,0.0,0.0,0.0
2026-05-17T18:57:54,ERR,ERR,ERR,ERR,ERR,ERR,ERR,ERR,ERR,ERR,ERR,ERR,ERR,ERR,ERR,ERR,ERR,ERR,ERR,ERR,ERR,ERR,ERR,ERR,ERR,ERR,ERR,ERR,ERR,ERR,ERR,ERR,ERR,ERR,ERR,ERR,ERR,ERR,ERR,ERR,ERR,ERR,ERR,ERR,ERR,ERR,ERR,ERR,ERR,ERR,ERR,ERR,ERR,ERR,ERR,ERR,ERR,ERR,ERR,ERR,ERR,ERR,ERR,ERR,ERR,ERR,ERR,ERR,ERR,ERR,ERR,ERR,ERR,ERR,ERR,ERR,ERR,ERR,ERR,ERR,ERR,ERR,ERR,ERR,ERR,ERR,ERR,ERR,ERR,ERR,ERR,ERR,ERR,ERR,ERR,ERR,ERR,ERR,ERR,ERR,ERR,ERR,ERR,ERR,ERR,ERR,ERR,ERR,ERR,ERR,ERR,ERR,ERR,ERR,ERR,ERR,ERR,ERR,ERR,ERR,ERR,ERR,ERR,ERR,ERR,0.0,0.0,-134474944.0,0.0,0.0,1.3936040501711995e+18,7.805,0.0,0,0,4,0,8422,0.0,45,0.0,0.0,0.0,0.0,0.0,0,0,0,0,0.0,0,0,0,0,0,0,0,0,0,0,0,0,0,0,0,0,0,0,0,0,0,0,0,0,0,0,0,0,0,0,0,0,0,38,14,7,45,65476,0,300,0,0,8,21553,0.0,-107605600.0,0.0,0.0,0.0,0.0,0.0,0.0,0.0,0.0,0.0,0.0,0.0,0.0,0.0,0.0,0.0,0.0,0.0,0.0,0.0,0.0,-0.0,2.004,-2.004,0.0,0.0,0.0,0.0,0.0,4855.0,564145497833472.0,0.0,0.0,0.0,-107615280.0,2.718429300292151e+23,0.0,0.0,0.0,0.0,53,-0.0,-0.0,0.0,0.0,0.0,0.0,0.0,0.0,0.0,0,0,0,0.0,0.0,0.0,0.0,0.0,0.0,0.0,0.0,0.0,0.0,0.0,0.0,0.0,0.0,0.0,0.0,0,-107875648.0,53,0.0,106,-107614832.0,-107351008.0,ERR,ERR,ERR,ERR,ERR,ERR,ERR,ERR,ERR,ERR,ERR,ERR,ERR,ERR,ERR,ERR,ERR,ERR,ERR,ERR,ERR,ERR,ERR,ERR,ERR,ERR,ERR,ERR,ERR,ERR,ERR,ERR,ERR,ERR,ERR,ERR,ERR,ERR,ERR,ERR,ERR,ERR,ERR,ERR,ERR,ERR,ERR,ERR,ERR,ERR,ERR,ERR,ERR,ERR,ERR,ERR,ERR,ERR,ERR,ERR,ERR,ERR,ERR,ERR,ERR,ERR,ERR,50.0,60.0,100,0.0,0.0,0.0,0.0,0.0,0.0,0.0,0.0,0.0,0.0,0.0,0.0,0.0,0.0,0.0,0.0,61.6,72,14,65514,50,65476,0,300,0,0,8,20529,65476,0,0,26214,60.0,0.0,0.0,0.0,0.0,0.0
2026-05-17T18:57:55,ERR,ERR,ERR,ERR,ERR,ERR,ERR,ERR,ERR,ERR,ERR,ERR,ERR,ERR,ERR,ERR,ERR,ERR,ERR,ERR,ERR,ERR,ERR,ERR,ERR,ERR,ERR,ERR,ERR,ERR,ERR,ERR,ERR,ERR,ERR,ERR,ERR,ERR,ERR,ERR,ERR,ERR,ERR,ERR,ERR,ERR,ERR,ERR,ERR,ERR,ERR,ERR,ERR,ERR,ERR,ERR,ERR,ERR,ERR,ERR,ERR,ERR,ERR,ERR,ERR,ERR,ERR,ERR,ERR,ERR,ERR,ERR,ERR,ERR,ERR,ERR,ERR,ERR,ERR,ERR,ERR,ERR,ERR,ERR,ERR,ERR,ERR,ERR,ERR,ERR,ERR,ERR,ERR,ERR,ERR,ERR,ERR,ERR,ERR,ERR,ERR,ERR,ERR,ERR,ERR,ERR,ERR,ERR,ERR,ERR,ERR,ERR,ERR,ERR,ERR,ERR,ERR,ERR,ERR,ERR,ERR,ERR,ERR,ERR,ERR,0.0,0.0,-134474944.0,0.0,0.0,1.3936040501711995e+18,7.805,0.0,0,0,4,0,8422,0.0,45,0.0,0.0,0.0,0.0,0.0,0,0,0,0,0.0,0,0,0,0,0,0,0,0,0,0,0,0,0,0,0,0,0,0,0,0,0,0,0,0,0,0,0,0,0,0,0,0,0,38,14,7,45,65476,0,300,0,0,8,21553,0.0,-107605600.0,0.0,0.0,0.0,0.0,0.0,0.0,0.0,0.0,0.0,0.0,0.0,0.0,0.0,0.0,0.0,0.0,0.0,0.0,0.0,0.0,-0.0,2.004,-2.004,0.0,0.0,0.0,0.0,0.0,4855.0,564145497833472.0,0.0,0.0,0.0,-107615280.0,2.718429300292151e+23,0.0,0.0,0.0,0.0,53,-0.0,-0.0,0.0,0.0,0.0,0.0,0.0,0.0,0.0,0,0,0,0.0,0.0,0.0,0.0,0.0,0.0,0.0,0.0,0.0,0.0,0.0,0.0,0.0,0.0,0.0,0.0,0,-107875648.0,53,0.0,106,-107614832.0,-107351008.0,ERR,ERR,ERR,ERR,ERR,ERR,ERR,ERR,ERR,ERR,ERR,ERR,ERR,ERR,ERR,ERR,ERR,ERR,ERR,ERR,ERR,ERR,ERR,ERR,ERR,ERR,ERR,ERR,ERR,ERR,ERR,ERR,ERR,ERR,ERR,ERR,ERR,ERR,ERR,ERR,ERR,ERR,ERR,ERR,ERR,ERR,ERR,ERR,ERR,ERR,ERR,ERR,ERR,ERR,ERR,ERR,ERR,ERR,ERR,ERR,ERR,ERR,ERR,ERR,ERR,ERR,ERR,50.0,60.0,100,0.0,0.0,0.0,0.0,0.0,0.0,0.0,0.0,0.0,0.0,0.0,0.0,0.0,0.0,0.0,0.0,61.6,72,14,65514,50,65476,0,300,0,0,8,20529,65476,0,0,26214,60.0,0.0,0.0,0.0,0.0,0.0
2026-05-17T18:57:56,ERR,ERR,ERR,ERR,ERR,ERR,ERR,ERR,ERR,ERR,ERR,ERR,ERR,ERR,ERR,ERR,ERR,ERR,ERR,ERR,ERR,ERR,ERR,ERR,ERR,ERR,ERR,ERR,ERR,ERR,ERR,ERR,ERR,ERR,ERR,ERR,ERR,ERR,ERR,ERR,ERR,ERR,ERR,ERR,ERR,ERR,ERR,ERR,ERR,ERR,ERR,ERR,ERR,ERR,ERR,ERR,ERR,ERR,ERR,ERR,ERR,ERR,ERR,ERR,ERR,ERR,ERR,ERR,ERR,ERR,ERR,ERR,ERR,ERR,ERR,ERR,ERR,ERR,ERR,ERR,ERR,ERR,ERR,ERR,ERR,ERR,ERR,ERR,ERR,ERR,ERR,ERR,ERR,ERR,ERR,ERR,ERR,ERR,ERR,ERR,ERR,ERR,ERR,ERR,ERR,ERR,ERR,ERR,ERR,ERR,ERR,ERR,ERR,ERR,ERR,ERR,ERR,ERR,ERR,ERR,ERR,ERR,ERR,ERR,ERR,0.0,0.0,-134474944.0,0.0,0.0,1.3936040501711995e+18,7.805,0.0,0,0,4,0,8422,0.0,45,0.0,0.0,0.0,0.0,0.0,0,0,0,0,0.0,0,0,0,0,0,0,0,0,0,0,0,0,0,0,0,0,0,0,0,0,0,0,0,0,0,0,0,0,0,0,0,0,0,38,14,7,45,65476,0,300,0,0,8,21553,0.0,-107605600.0,0.0,0.0,0.0,0.0,0.0,0.0,0.0,0.0,0.0,0.0,0.0,0.0,0.0,0.0,0.0,0.0,0.0,0.0,0.0,0.0,2.004,2.004,-2.004,0.0,0.0,0.0,0.0,0.0,4856.0,-0.0,0.0,0.0,0.0,0.0,2.718429300292151e+23,0.0,0.0,0.0,0.0,53,-0.0,0.0,0.0,0.0,0.0,0.0,0.0,0.0,0.0,0,0,0,0.0,0.0,0.0,0.0,0.0,0.0,0.0,0.0,0.0,0.0,0.0,0.0,0.0,0.0,0.0,0.0,0,-107875648.0,53,0.0,106,-107614832.0,-107351008.0,ERR,ERR,ERR,ERR,ERR,ERR,ERR,ERR,ERR,ERR,ERR,ERR,ERR,ERR,ERR,ERR,ERR,ERR,ERR,ERR,ERR,ERR,ERR,ERR,ERR,ERR,ERR,ERR,ERR,ERR,ERR,ERR,ERR,ERR,ERR,ERR,ERR,ERR,ERR,ERR,ERR,ERR,ERR,ERR,ERR,ERR,ERR,ERR,ERR,ERR,ERR,ERR,ERR,ERR,ERR,ERR,ERR,ERR,ERR,ERR,ERR,ERR,ERR,ERR,ERR,ERR,ERR,50.0,60.0,100,0.0,0.0,0.0,0.0,0.0,0.0,0.0,0.0,0.0,0.0,0.0,0.0,0.0,0.0,0.0,0.0,61.6,72,14,65514,50,65476,0,300,0,0,8,20529,65476,0,0,26214,60.0,0.0,0.0,0.0,0.0,0.0
2026-05-17T18:57:57,ERR,ERR,ERR,ERR,ERR,ERR,ERR,ERR,ERR,ERR,ERR,ERR,ERR,ERR,ERR,ERR,ERR,ERR,ERR,ERR,ERR,ERR,ERR,ERR,ERR,ERR,ERR,ERR,ERR,ERR,ERR,ERR,ERR,ERR,ERR,ERR,ERR,ERR,ERR,ERR,ERR,ERR,ERR,ERR,ERR,ERR,ERR,ERR,ERR,ERR,ERR,ERR,ERR,ERR,ERR,ERR,ERR,ERR,ERR,ERR,ERR,ERR,ERR,ERR,ERR,ERR,ERR,ERR,ERR,ERR,ERR,ERR,ERR,ERR,ERR,ERR,ERR,ERR,ERR,ERR,ERR,ERR,ERR,ERR,ERR,ERR,ERR,ERR,ERR,ERR,ERR,ERR,ERR,ERR,ERR,ERR,ERR,ERR,ERR,ERR,ERR,ERR,ERR,ERR,ERR,ERR,ERR,ERR,ERR,ERR,ERR,ERR,ERR,ERR,ERR,ERR,ERR,ERR,ERR,ERR,ERR,ERR,ERR,ERR,ERR,0.0,0.0,-134474944.0,0.0,0.0,1.3936040501711995e+18,7.805,0.0,0,0,4,0,8422,0.0,45,0.0,0.0,0.0,0.0,0.0,0,0,0,0,0.0,0,0,0,0,0,0,0,0,0,0,0,0,0,0,0,0,0,0,0,0,0,0,0,0,0,0,0,0,0,0,0,0,0,38,14,7,45,65476,0,300,0,0,8,21553,0.0,-107605600.0,0.0,0.0,0.0,0.0,0.0,0.0,0.0,0.0,0.0,0.0,0.0,0.0,0.0,0.0,0.0,0.0,0.0,0.0,0.0,0.0,2.004,2.004,-2.004,0.0,0.0,0.0,0.0,0.0,4856.0,-0.0,0.0,0.0,0.0,0.0,2.718429300292151e+23,0.0,0.0,0.0,0.0,53,-0.0,0.0,0.0,0.0,0.0,0.0,0.0,0.0,0.0,0,0,0,0.0,0.0,0.0,0.0,0.0,0.0,0.0,0.0,0.0,0.0,0.0,0.0,0.0,0.0,0.0,0.0,0,-107875648.0,53,0.0,106,-107614832.0,-107351008.0,ERR,ERR,ERR,ERR,ERR,ERR,ERR,ERR,ERR,ERR,ERR,ERR,ERR,ERR,ERR,ERR,ERR,ERR,ERR,ERR,ERR,ERR,ERR,ERR,ERR,ERR,ERR,ERR,ERR,ERR,ERR,ERR,ERR,ERR,ERR,ERR,ERR,ERR,ERR,ERR,ERR,ERR,ERR,ERR,ERR,ERR,ERR,ERR,ERR,ERR,ERR,ERR,ERR,ERR,ERR,ERR,ERR,ERR,ERR,ERR,ERR,ERR,ERR,ERR,ERR,ERR,ERR,50.0,60.0,100,0.0,0.0,0.0,0.0,0.0,0.0,0.0,0.0,0.0,0.0,0.0,0.0,0.0,0.0,0.0,0.0,61.6,72,14,65514,50,65476,0,300,0,0,8,20529,65476,0,0,26214,60.0,0.0,0.0,0.0,0.0,0.0
2026-05-17T18:57:58,ERR,ERR,ERR,ERR,ERR,ERR,ERR,ERR,ERR,ERR,ERR,ERR,ERR,ERR,ERR,ERR,ERR,ERR,ERR,ERR,ERR,ERR,ERR,ERR,ERR,ERR,ERR,ERR,ERR,ERR,ERR,ERR,ERR,ERR,ERR,ERR,ERR,ERR,ERR,ERR,ERR,ERR,ERR,ERR,ERR,ERR,ERR,ERR,ERR,ERR,ERR,ERR,ERR,ERR,ERR,ERR,ERR,ERR,ERR,ERR,ERR,ERR,ERR,ERR,ERR,ERR,ERR,ERR,ERR,ERR,ERR,ERR,ERR,ERR,ERR,ERR,ERR,ERR,ERR,ERR,ERR,ERR,ERR,ERR,ERR,ERR,ERR,ERR,ERR,ERR,ERR,ERR,ERR,ERR,ERR,ERR,ERR,ERR,ERR,ERR,ERR,ERR,ERR,ERR,ERR,ERR,ERR,ERR,ERR,ERR,ERR,ERR,ERR,ERR,ERR,ERR,ERR,ERR,ERR,ERR,ERR,ERR,ERR,ERR,ERR,0.0,0.0,-134474944.0,0.0,0.0,1.3936040501711995e+18,7.805,0.0,0,0,4,0,8422,0.0,45,0.0,0.0,0.0,0.0,0.0,0,0,0,0,0.0,0,0,0,0,0,0,0,0,0,0,0,0,0,0,0,0,0,0,0,0,0,0,0,0,0,0,0,0,0,0,0,0,0,38,14,7,45,65476,0,300,0,0,8,21553,0.0,-107605600.0,0.0,0.0,0.0,0.0,0.0,0.0,0.0,0.0,0.0,0.0,0.0,0.0,0.0,0.0,0.0,0.0,0.0,0.0,0.0,0.0,2.004,2.004,-2.004,0.0,0.0,0.0,0.0,0.0,4856.0,-0.0,0.0,0.0,0.0,0.0,2.718429300292151e+23,0.0,0.0,0.0,0.0,53,-0.0,0.0,0.0,0.0,0.0,0.0,0.0,0.0,0.0,0,0,0,0.0,0.0,0.0,0.0,0.0,0.0,0.0,0.0,0.0,0.0,0.0,0.0,0.0,0.0,0.0,0.0,0,-107875648.0,53,0.0,106,-107614832.0,-107351008.0,ERR,ERR,ERR,ERR,ERR,ERR,ERR,ERR,ERR,ERR,ERR,ERR,ERR,ERR,ERR,ERR,ERR,ERR,ERR,ERR,ERR,ERR,ERR,ERR,ERR,ERR,ERR,ERR,ERR,ERR,ERR,ERR,ERR,ERR,ERR,ERR,ERR,ERR,ERR,ERR,ERR,ERR,ERR,ERR,ERR,ERR,ERR,ERR,ERR,ERR,ERR,ERR,ERR,ERR,ERR,ERR,ERR,ERR,ERR,ERR,ERR,ERR,ERR,ERR,ERR,ERR,ERR,50.0,60.0,100,0.0,0.0,0.0,0.0,0.0,0.0,0.0,0.0,0.0,0.0,0.0,0.0,0.0,0.0,0.0,0.0,61.6,72,14,65514,50,65476,0,300,0,0,8,20529,65476,0,0,26214,60.0,0.0,0.0,0.0,0.0,0.0
2026-05-17T18:57:59,ERR,ERR,ERR,ERR,ERR,ERR,ERR,ERR,ERR,ERR,ERR,ERR,ERR,ERR,ERR,ERR,ERR,ERR,ERR,ERR,ERR,ERR,ERR,ERR,ERR,ERR,ERR,ERR,ERR,ERR,ERR,ERR,ERR,ERR,ERR,ERR,ERR,ERR,ERR,ERR,ERR,ERR,ERR,ERR,ERR,ERR,ERR,ERR,ERR,ERR,ERR,ERR,ERR,ERR,ERR,ERR,ERR,ERR,ERR,ERR,ERR,ERR,ERR,ERR,ERR,ERR,ERR,ERR,ERR,ERR,ERR,ERR,ERR,ERR,ERR,ERR,ERR,ERR,ERR,ERR,ERR,ERR,ERR,ERR,ERR,ERR,ERR,ERR,ERR,ERR,ERR,ERR,ERR,ERR,ERR,ERR,ERR,ERR,ERR,ERR,ERR,ERR,ERR,ERR,ERR,ERR,ERR,ERR,ERR,ERR,ERR,ERR,ERR,ERR,ERR,ERR,ERR,ERR,ERR,ERR,ERR,ERR,ERR,ERR,ERR,0.0,0.0,-134474944.0,0.0,0.0,1.3936040501711995e+18,7.805,0.0,0,0,4,0,8422,0.0,45,0.0,0.0,0.0,0.0,0.0,0,0,0,0,0.0,0,0,0,0,0,0,0,0,0,0,0,0,0,0,0,0,0,0,0,0,0,0,0,0,0,0,0,0,0,0,0,0,0,38,14,7,45,65476,0,300,0,0,8,21553,0.0,-107605600.0,0.0,0.0,0.0,0.0,0.0,0.0,0.0,0.0,0.0,0.0,0.0,0.0,0.0,0.0,0.0,0.0,0.0,0.0,0.0,0.0,2.004,2.004,-2.004,0.0,0.0,0.0,0.0,0.0,4856.0,-0.0,0.0,0.0,0.0,0.0,2.718429300292151e+23,0.0,0.0,0.0,0.0,53,-0.0,0.0,0.0,0.0,0.0,0.0,0.0,0.0,0.0,0,0,0,0.0,0.0,0.0,0.0,0.0,0.0,0.0,0.0,0.0,0.0,0.0,0.0,0.0,0.0,0.0,0.0,0,-107875648.0,53,0.0,106,-107614832.0,-107351008.0,ERR,ERR,ERR,ERR,ERR,ERR,ERR,ERR,ERR,ERR,ERR,ERR,ERR,ERR,ERR,ERR,ERR,ERR,ERR,ERR,ERR,ERR,ERR,ERR,ERR,ERR,ERR,ERR,ERR,ERR,ERR,ERR,ERR,ERR,ERR,ERR,ERR,ERR,ERR,ERR,ERR,ERR,ERR,ERR,ERR,ERR,ERR,ERR,ERR,ERR,ERR,ERR,ERR,ERR,ERR,ERR,ERR,ERR,ERR,ERR,ERR,ERR,ERR,ERR,ERR,ERR,ERR,50.0,60.0,100,0.0,0.0,0.0,0.0,0.0,0.0,0.0,0.0,0.0,0.0,0.0,0.0,0.0,0.0,0.0,0.0,61.6,72,14,65514,50,65476,0,300,0,0,8,20529,65476,0,0,26214,60.0,0.0,0.0,0.0,0.0,0.0
2026-05-17T18:58:00,ERR,ERR,ERR,ERR,ERR,ERR,ERR,ERR,ERR,ERR,ERR,ERR,ERR,ERR,ERR,ERR,ERR,ERR,ERR,ERR,ERR,ERR,ERR,ERR,ERR,ERR,ERR,ERR,ERR,ERR,ERR,ERR,ERR,ERR,ERR,ERR,ERR,ERR,ERR,ERR,ERR,ERR,ERR,ERR,ERR,ERR,ERR,ERR,ERR,ERR,ERR,ERR,ERR,ERR,ERR,ERR,ERR,ERR,ERR,ERR,ERR,ERR,ERR,ERR,ERR,ERR,ERR,ERR,ERR,ERR,ERR,ERR,ERR,ERR,ERR,ERR,ERR,ERR,ERR,ERR,ERR,ERR,ERR,ERR,ERR,ERR,ERR,ERR,ERR,ERR,ERR,ERR,ERR,ERR,ERR,ERR,ERR,ERR,ERR,ERR,ERR,ERR,ERR,ERR,ERR,ERR,ERR,ERR,ERR,ERR,ERR,ERR,ERR,ERR,ERR,ERR,ERR,ERR,ERR,ERR,ERR,ERR,ERR,ERR,ERR,0.0,0.0,-134474944.0,0.0,0.0,1.3936040501711995e+18,7.805,0.0,0,0,4,0,8422,0.0,45,0.0,0.0,0.0,0.0,0.0,0,0,0,0,0.0,0,0,0,0,0,0,0,0,0,0,0,0,0,0,0,0,0,0,0,0,0,0,0,0,0,0,0,0,0,0,0,0,0,38,14,7,45,65476,0,300,0,0,8,21553,0.0,-107605600.0,0.0,0.0,0.0,0.0,0.0,0.0,0.0,0.0,0.0,0.0,0.0,0.0,0.0,0.0,0.0,0.0,0.0,0.0,0.0,0.0,2.004,2.004,-2.004,0.0,0.0,0.0,0.0,0.0,4856.0,-0.0,0.0,0.0,0.0,0.0,2.718429300292151e+23,0.0,0.0,0.0,0.0,53,-0.0,0.0,0.0,0.0,0.0,0.0,0.0,0.0,0.0,0,0,0,0.0,0.0,0.0,0.0,0.0,0.0,0.0,0.0,0.0,0.0,0.0,0.0,0.0,0.0,0.0,0.0,0,-107875648.0,53,0.0,106,-107614832.0,-107351008.0,ERR,ERR,ERR,ERR,ERR,ERR,ERR,ERR,ERR,ERR,ERR,ERR,ERR,ERR,ERR,ERR,ERR,ERR,ERR,ERR,ERR,ERR,ERR,ERR,ERR,ERR,ERR,ERR,ERR,ERR,ERR,ERR,ERR,ERR,ERR,ERR,ERR,ERR,ERR,ERR,ERR,ERR,ERR,ERR,ERR,ERR,ERR,ERR,ERR,ERR,ERR,ERR,ERR,ERR,ERR,ERR,ERR,ERR,ERR,ERR,ERR,ERR,ERR,ERR,ERR,ERR,ERR,50.0,60.0,100,0.0,0.0,0.0,0.0,0.0,0.0,0.0,0.0,0.0,0.0,0.0,0.0,0.0,0.0,0.0,0.0,62.0,72,14,65514,50,65476,0,300,0,0,8,20529,65476,0,0,26214,60.0,0.0,0.0,0.0,0.0,0.0
2026-05-17T18:58:01,ERR,ERR,ERR,ERR,ERR,ERR,ERR,ERR,ERR,ERR,ERR,ERR,ERR,ERR,ERR,ERR,ERR,ERR,ERR,ERR,ERR,ERR,ERR,ERR,ERR,ERR,ERR,ERR,ERR,ERR,ERR,ERR,ERR,ERR,ERR,ERR,ERR,ERR,ERR,ERR,ERR,ERR,ERR,ERR,ERR,ERR,ERR,ERR,ERR,ERR,ERR,ERR,ERR,ERR,ERR,ERR,ERR,ERR,ERR,ERR,ERR,ERR,ERR,ERR,ERR,ERR,ERR,ERR,ERR,ERR,ERR,ERR,ERR,ERR,ERR,ERR,ERR,ERR,ERR,ERR,ERR,ERR,ERR,ERR,ERR,ERR,ERR,ERR,ERR,ERR,ERR,ERR,ERR,ERR,ERR,ERR,ERR,ERR,ERR,ERR,ERR,ERR,ERR,ERR,ERR,ERR,ERR,ERR,ERR,ERR,ERR,ERR,ERR,ERR,ERR,ERR,ERR,ERR,ERR,ERR,ERR,ERR,ERR,ERR,ERR,0.0,0.0,-134474944.0,0.0,0.0,1.3936040501711995e+18,7.805,0.0,0,0,4,0,8422,0.0,45,0.0,0.0,0.0,0.0,0.0,0,0,0,0,0.0,0,0,0,0,0,0,0,0,0,0,0,0,0,0,0,0,0,0,0,0,0,0,0,0,0,0,0,0,0,0,0,0,0,38,14,7,45,65476,0,300,0,0,8,21553,0.0,-107605600.0,0.0,0.0,0.0,0.0,0.0,0.0,0.0,0.0,0.0,0.0,0.0,0.0,0.0,0.0,0.0,0.0,0.0,0.0,0.0,0.0,2.004,2.004,-2.004,0.0,0.0,0.0,0.0,0.0,4860.0,-0.0,0.0,0.0,0.0,0.0,2.718429300292151e+23,0.0,0.0,0.0,0.0,53,-0.0,0.0,0.0,0.0,0.0,0.0,0.0,0.0,0.0,0,0,0,0.0,0.0,0.0,0.0,0.0,0.0,0.0,0.0,0.0,0.0,0.0,0.0,0.0,0.0,0.0,0.0,0,-107875648.0,53,0.0,106,-107614832.0,-107351008.0,ERR,ERR,ERR,ERR,ERR,ERR,ERR,ERR,ERR,ERR,ERR,ERR,ERR,ERR,ERR,ERR,ERR,ERR,ERR,ERR,ERR,ERR,ERR,ERR,ERR,ERR,ERR,ERR,ERR,ERR,ERR,ERR,ERR,ERR,ERR,ERR,ERR,ERR,ERR,ERR,ERR,ERR,ERR,ERR,ERR,ERR,ERR,ERR,ERR,ERR,ERR,ERR,ERR,ERR,ERR,ERR,ERR,ERR,ERR,ERR,ERR,ERR,ERR,ERR,ERR,ERR,ERR,50.0,60.0,100,0.0,0.0,0.0,0.0,0.0,0.0,0.0,0.0,0.0,0.0,0.0,0.0,0.0,0.0,0.0,0.0,62.0,72,14,65514,50,65476,0,300,0,0,8,20529,65476,0,0,26214,60.0,0.0,0.0,0.0,0.0,0.0
2026-05-17T18:58:02,ERR,ERR,ERR,ERR,ERR,ERR,ERR,ERR,ERR,ERR,ERR,ERR,ERR,ERR,ERR,ERR,ERR,ERR,ERR,ERR,ERR,ERR,ERR,ERR,ERR,ERR,ERR,ERR,ERR,ERR,ERR,ERR,ERR,ERR,ERR,ERR,ERR,ERR,ERR,ERR,ERR,ERR,ERR,ERR,ERR,ERR,ERR,ERR,ERR,ERR,ERR,ERR,ERR,ERR,ERR,ERR,ERR,ERR,ERR,ERR,ERR,ERR,ERR,ERR,ERR,ERR,ERR,ERR,ERR,ERR,ERR,ERR,ERR,ERR,ERR,ERR,ERR,ERR,ERR,ERR,ERR,ERR,ERR,ERR,ERR,ERR,ERR,ERR,ERR,ERR,ERR,ERR,ERR,ERR,ERR,ERR,ERR,ERR,ERR,ERR,ERR,ERR,ERR,ERR,ERR,ERR,ERR,ERR,ERR,ERR,ERR,ERR,ERR,ERR,ERR,ERR,ERR,ERR,ERR,ERR,ERR,ERR,ERR,ERR,ERR,0.0,0.0,-134474944.0,0.0,0.0,1.3936040501711995e+18,7.805,0.0,0,0,4,0,8422,0.0,45,0.0,0.0,0.0,0.0,0.0,0,0,0,0,0.0,0,0,0,0,0,0,0,0,0,0,0,0,0,0,0,0,0,0,0,0,0,0,0,0,0,0,0,0,0,0,0,0,0,38,14,7,45,65476,0,300,0,0,8,21553,0.0,-107605600.0,0.0,0.0,0.0,0.0,0.0,0.0,0.0,0.0,0.0,0.0,0.0,0.0,0.0,0.0,0.0,0.0,0.0,0.0,0.0,0.0,2.004,2.004,-2.004,0.0,0.0,0.0,0.0,0.0,4860.0,-0.0,0.0,0.0,0.0,0.0,2.718429300292151e+23,0.0,0.0,0.0,0.0,53,-0.0,0.0,0.0,0.0,0.0,0.0,0.0,0.0,0.0,0,0,0,0.0,0.0,0.0,0.0,0.0,0.0,0.0,0.0,0.0,0.0,0.0,0.0,0.0,0.0,0.0,0.0,0,-107875648.0,53,0.0,106,-107614832.0,-107351008.0,ERR,ERR,ERR,ERR,ERR,ERR,ERR,ERR,ERR,ERR,ERR,ERR,ERR,ERR,ERR,ERR,ERR,ERR,ERR,ERR,ERR,ERR,ERR,ERR,ERR,ERR,ERR,ERR,ERR,ERR,ERR,ERR,ERR,ERR,ERR,ERR,ERR,ERR,ERR,ERR,ERR,ERR,ERR,ERR,ERR,ERR,ERR,ERR,ERR,ERR,ERR,ERR,ERR,ERR,ERR,ERR,ERR,ERR,ERR,ERR,ERR,ERR,ERR,ERR,ERR,ERR,ERR,50.0,60.0,100,0.0,0.0,0.0,0.0,0.0,0.0,0.0,0.0,0.0,0.0,0.0,0.0,0.0,0.0,0.0,0.0,62.0,72,14,65514,50,65476,0,300,0,0,8,20529,65476,0,0,26214,60.0,0.0,0.0,0.0,0.0,0.0
2026-05-17T18:58:03,ERR,ERR,ERR,ERR,ERR,ERR,ERR,ERR,ERR,ERR,ERR,ERR,ERR,ERR,ERR,ERR,ERR,ERR,ERR,ERR,ERR,ERR,ERR,ERR,ERR,ERR,ERR,ERR,ERR,ERR,ERR,ERR,ERR,ERR,ERR,ERR,ERR,ERR,ERR,ERR,ERR,ERR,ERR,ERR,ERR,ERR,ERR,ERR,ERR,ERR,ERR,ERR,ERR,ERR,ERR,ERR,ERR,ERR,ERR,ERR,ERR,ERR,ERR,ERR,ERR,ERR,ERR,ERR,ERR,ERR,ERR,ERR,ERR,ERR,ERR,ERR,ERR,ERR,ERR,ERR,ERR,ERR,ERR,ERR,ERR,ERR,ERR,ERR,ERR,ERR,ERR,ERR,ERR,ERR,ERR,ERR,ERR,ERR,ERR,ERR,ERR,ERR,ERR,ERR,ERR,ERR,ERR,ERR,ERR,ERR,ERR,ERR,ERR,ERR,ERR,ERR,ERR,ERR,ERR,ERR,ERR,ERR,ERR,ERR,ERR,0.0,0.0,-134474944.0,0.0,0.0,1.3936040501711995e+18,7.805,0.0,0,0,4,0,8422,0.0,45,0.0,0.0,0.0,0.0,0.0,0,0,0,0,0.0,0,0,0,0,0,0,0,0,0,0,0,0,0,0,0,0,0,0,0,0,0,0,0,0,0,0,0,0,0,0,0,0,0,38,14,7,45,65476,0,300,0,0,8,21553,0.0,-107605600.0,0.0,0.0,0.0,0.0,0.0,0.0,0.0,0.0,0.0,0.0,0.0,0.0,0.0,0.0,0.0,0.0,0.0,0.0,0.0,0.0,2.004,2.004,-2.004,0.0,0.0,0.0,0.0,0.0,4860.0,-0.0,0.0,0.0,0.0,0.0,2.718429300292151e+23,0.0,0.0,0.0,0.0,53,-0.0,0.0,0.0,0.0,0.0,0.0,0.0,0.0,0.0,0,0,0,0.0,0.0,0.0,0.0,0.0,0.0,0.0,0.0,0.0,0.0,0.0,0.0,0.0,0.0,0.0,0.0,0,-107875648.0,53,0.0,106,-107614832.0,-107351008.0,ERR,ERR,ERR,ERR,ERR,ERR,ERR,ERR,ERR,ERR,ERR,ERR,ERR,ERR,ERR,ERR,ERR,ERR,ERR,ERR,ERR,ERR,ERR,ERR,ERR,ERR,ERR,ERR,ERR,ERR,ERR,ERR,ERR,ERR,ERR,ERR,ERR,ERR,ERR,ERR,ERR,ERR,ERR,ERR,ERR,ERR,ERR,ERR,ERR,ERR,ERR,ERR,ERR,ERR,ERR,ERR,ERR,ERR,ERR,ERR,ERR,ERR,ERR,ERR,ERR,ERR,ERR,50.0,60.0,100,0.0,0.0,0.0,0.0,0.0,0.0,0.0,0.0,0.0,0.0,0.0,0.0,0.0,0.0,0.0,0.0,61.6,72,14,65514,50,65476,0,300,0,0,8,20529,65476,0,0,26214,60.0,0.0,0.0,0.0,0.0,0.0
2026-05-17T18:58:04,ERR,ERR,ERR,ERR,ERR,ERR,ERR,ERR,ERR,ERR,ERR,ERR,ERR,ERR,ERR,ERR,ERR,ERR,ERR,ERR,ERR,ERR,ERR,ERR,ERR,ERR,ERR,ERR,ERR,ERR,ERR,ERR,ERR,ERR,ERR,ERR,ERR,ERR,ERR,ERR,ERR,ERR,ERR,ERR,ERR,ERR,ERR,ERR,ERR,ERR,ERR,ERR,ERR,ERR,ERR,ERR,ERR,ERR,ERR,ERR,ERR,ERR,ERR,ERR,ERR,ERR,ERR,ERR,ERR,ERR,ERR,ERR,ERR,ERR,ERR,ERR,ERR,ERR,ERR,ERR,ERR,ERR,ERR,ERR,ERR,ERR,ERR,ERR,ERR,ERR,ERR,ERR,ERR,ERR,ERR,ERR,ERR,ERR,ERR,ERR,ERR,ERR,ERR,ERR,ERR,ERR,ERR,ERR,ERR,ERR,ERR,ERR,ERR,ERR,ERR,ERR,ERR,ERR,ERR,ERR,ERR,ERR,ERR,ERR,ERR,0.0,0.0,-134474944.0,0.0,0.0,1.3936040501711995e+18,7.805,0.0,0,0,4,0,8422,0.0,45,0.0,0.0,0.0,0.0,0.0,0,0,0,0,0.0,0,0,0,0,0,0,0,0,0,0,0,0,0,0,0,0,0,0,0,0,0,0,0,0,0,0,0,0,0,0,0,0,0,38,14,7,45,65476,0,300,0,0,8,21553,0.0,-107605600.0,0.0,0.0,0.0,0.0,0.0,0.0,0.0,0.0,0.0,0.0,0.0,0.0,0.0,0.0,0.0,0.0,0.0,0.0,0.0,0.0,2.004,2.004,-2.004,0.0,0.0,0.0,0.0,0.0,4860.0,-0.0,0.0,0.0,0.0,0.0,2.718429300292151e+23,0.0,0.0,0.0,0.0,53,-0.0,0.0,0.0,0.0,0.0,0.0,0.0,0.0,0.0,0,0,0,0.0,0.0,0.0,0.0,0.0,0.0,0.0,0.0,0.0,0.0,0.0,0.0,0.0,0.0,0.0,0.0,0,-107875648.0,53,0.0,106,-107614832.0,-107351008.0,ERR,ERR,ERR,ERR,ERR,ERR,ERR,ERR,ERR,ERR,ERR,ERR,ERR,ERR,ERR,ERR,ERR,ERR,ERR,ERR,ERR,ERR,ERR,ERR,ERR,ERR,ERR,ERR,ERR,ERR,ERR,ERR,ERR,ERR,ERR,ERR,ERR,ERR,ERR,ERR,ERR,ERR,ERR,ERR,ERR,ERR,ERR,ERR,ERR,ERR,ERR,ERR,ERR,ERR,ERR,ERR,ERR,ERR,ERR,ERR,ERR,ERR,ERR,ERR,ERR,ERR,ERR,50.0,60.0,100,0.0,0.0,0.0,0.0,0.0,0.0,0.0,0.0,0.0,0.0,0.0,0.0,0.0,0.0,0.0,0.0,61.6,72,14,65514,50,65476,0,300,0,0,8,20529,65476,0,0,26214,60.0,0.0,0.0,0.0,0.0,0.0
2026-05-17T18:58:05,ERR,ERR,ERR,ERR,ERR,ERR,ERR,ERR,ERR,ERR,ERR,ERR,ERR,ERR,ERR,ERR,ERR,ERR,ERR,ERR,ERR,ERR,ERR,ERR,ERR,ERR,ERR,ERR,ERR,ERR,ERR,ERR,ERR,ERR,ERR,ERR,ERR,ERR,ERR,ERR,ERR,ERR,ERR,ERR,ERR,ERR,ERR,ERR,ERR,ERR,ERR,ERR,ERR,ERR,ERR,ERR,ERR,ERR,ERR,ERR,ERR,ERR,ERR,ERR,ERR,ERR,ERR,ERR,ERR,ERR,ERR,ERR,ERR,ERR,ERR,ERR,ERR,ERR,ERR,ERR,ERR,ERR,ERR,ERR,ERR,ERR,ERR,ERR,ERR,ERR,ERR,ERR,ERR,ERR,ERR,ERR,ERR,ERR,ERR,ERR,ERR,ERR,ERR,ERR,ERR,ERR,ERR,ERR,ERR,ERR,ERR,ERR,ERR,ERR,ERR,ERR,ERR,ERR,ERR,ERR,ERR,ERR,ERR,ERR,ERR,0.0,0.0,-134474944.0,0.0,0.0,1.3936040501711995e+18,7.805,0.0,0,0,4,0,8422,0.0,45,0.0,0.0,0.0,0.0,0.0,0,0,0,0,0.0,0,0,0,0,0,0,0,0,0,0,0,0,0,0,0,0,0,0,0,0,0,0,0,0,0,0,0,0,0,0,0,0,0,38,14,7,45,65476,0,300,0,0,8,21553,0.0,-107605600.0,0.0,0.0,0.0,0.0,0.0,0.0,0.0,0.0,0.0,0.0,0.0,0.0,0.0,0.0,0.0,0.0,0.0,0.0,0.0,0.0,2.004,2.004,-2.004,0.0,0.0,0.0,0.0,0.0,4860.0,-0.0,0.0,0.0,0.0,0.0,2.718429300292151e+23,0.0,0.0,0.0,0.0,53,-0.0,0.0,0.0,0.0,0.0,0.0,0.0,0.0,0.0,0,0,0,0.0,0.0,0.0,0.0,0.0,0.0,0.0,0.0,0.0,0.0,0.0,0.0,0.0,0.0,0.0,0.0,0,-107875648.0,53,0.0,106,-107614832.0,-107351008.0,ERR,ERR,ERR,ERR,ERR,ERR,ERR,ERR,ERR,ERR,ERR,ERR,ERR,ERR,ERR,ERR,ERR,ERR,ERR,ERR,ERR,ERR,ERR,ERR,ERR,ERR,ERR,ERR,ERR,ERR,ERR,ERR,ERR,ERR,ERR,ERR,ERR,ERR,ERR,ERR,ERR,ERR,ERR,ERR,ERR,ERR,ERR,ERR,ERR,ERR,ERR,ERR,ERR,ERR,ERR,ERR,ERR,ERR,ERR,ERR,ERR,ERR,ERR,ERR,ERR,ERR,ERR,50.0,60.0,100,0.0,0.0,0.0,0.0,0.0,0.0,0.0,0.0,0.0,0.0,0.0,0.0,0.0,0.0,0.0,0.0,61.6,72,14,65514,50,65476,0,300,0,0,8,20529,65476,0,0,26214,60.0,0.0,0.0,0.0,0.0,0.0
2026-05-17T18:58:06,ERR,ERR,ERR,ERR,ERR,ERR,ERR,ERR,ERR,ERR,ERR,ERR,ERR,ERR,ERR,ERR,ERR,ERR,ERR,ERR,ERR,ERR,ERR,ERR,ERR,ERR,ERR,ERR,ERR,ERR,ERR,ERR,ERR,ERR,ERR,ERR,ERR,ERR,ERR,ERR,ERR,ERR,ERR,ERR,ERR,ERR,ERR,ERR,ERR,ERR,ERR,ERR,ERR,ERR,ERR,ERR,ERR,ERR,ERR,ERR,ERR,ERR,ERR,ERR,ERR,ERR,ERR,ERR,ERR,ERR,ERR,ERR,ERR,ERR,ERR,ERR,ERR,ERR,ERR,ERR,ERR,ERR,ERR,ERR,ERR,ERR,ERR,ERR,ERR,ERR,ERR,ERR,ERR,ERR,ERR,ERR,ERR,ERR,ERR,ERR,ERR,ERR,ERR,ERR,ERR,ERR,ERR,ERR,ERR,ERR,ERR,ERR,ERR,ERR,ERR,ERR,ERR,ERR,ERR,ERR,ERR,ERR,ERR,ERR,ERR,0.0,0.0,-134474944.0,0.0,0.0,1.3936040501711995e+18,7.805,0.0,0,0,4,0,8422,0.0,45,0.0,0.0,0.0,0.0,0.0,0,0,0,0,0.0,0,0,0,0,0,0,0,0,0,0,0,0,0,0,0,0,0,0,0,0,0,0,0,0,0,0,0,0,0,0,0,0,0,38,14,7,45,65476,0,300,0,0,8,21553,0.0,-107605600.0,0.0,0.0,0.0,0.0,0.0,0.0,0.0,0.0,0.0,0.0,0.0,0.0,0.0,0.0,0.0,0.0,0.0,0.0,0.0,0.0,2.004,2.004,-0.0,0.0,0.0,0.0,0.0,0.0,4852.0,-0.0,0.0,2.718428940004181e+23,0.0,0.0,2.718429300292151e+23,0.0,0.0,0.0,0.0,53,-0.0,-2.3088268198886873e+20,0.0,0.0,0.0,0.0,0.0,0.0,0.0,0,0,0,0.0,0.0,0.0,0.0,0.0,0.0,0.0,0.0,0.0,0.0,0.0,0.0,0.0,0.0,0.0,0.0,0,-107875648.0,53,0.0,106,-107614832.0,-107351008.0,ERR,ERR,ERR,ERR,ERR,ERR,ERR,ERR,ERR,ERR,ERR,ERR,ERR,ERR,ERR,ERR,ERR,ERR,ERR,ERR,ERR,ERR,ERR,ERR,ERR,ERR,ERR,ERR,ERR,ERR,ERR,ERR,ERR,ERR,ERR,ERR,ERR,ERR,ERR,ERR,ERR,ERR,ERR,ERR,ERR,ERR,ERR,ERR,ERR,ERR,ERR,ERR,ERR,ERR,ERR,ERR,ERR,ERR,ERR,ERR,ERR,ERR,ERR,ERR,ERR,ERR,ERR,50.0,60.0,100,0.0,0.0,0.0,0.0,0.0,0.0,0.0,0.0,0.0,0.0,0.0,0.0,0.0,0.0,0.0,0.0,61.6,72,14,65514,50,65476,0,300,0,0,8,20529,65476,0,0,26214,60.0,0.0,0.0,0.0,0.0,0.0
2026-05-17T18:58:07,ERR,ERR,ERR,ERR,ERR,ERR,ERR,ERR,ERR,ERR,ERR,ERR,ERR,ERR,ERR,ERR,ERR,ERR,ERR,ERR,ERR,ERR,ERR,ERR,ERR,ERR,ERR,ERR,ERR,ERR,ERR,ERR,ERR,ERR,ERR,ERR,ERR,ERR,ERR,ERR,ERR,ERR,ERR,ERR,ERR,ERR,ERR,ERR,ERR,ERR,ERR,ERR,ERR,ERR,ERR,ERR,ERR,ERR,ERR,ERR,ERR,ERR,ERR,ERR,ERR,ERR,ERR,ERR,ERR,ERR,ERR,ERR,ERR,ERR,ERR,ERR,ERR,ERR,ERR,ERR,ERR,ERR,ERR,ERR,ERR,ERR,ERR,ERR,ERR,ERR,ERR,ERR,ERR,ERR,ERR,ERR,ERR,ERR,ERR,ERR,ERR,ERR,ERR,ERR,ERR,ERR,ERR,ERR,ERR,ERR,ERR,ERR,ERR,ERR,ERR,ERR,ERR,ERR,ERR,ERR,ERR,ERR,ERR,ERR,ERR,0.0,0.0,-134474944.0,0.0,0.0,1.3936040501711995e+18,7.805,0.0,0,0,4,0,8422,0.0,45,0.0,0.0,0.0,0.0,0.0,0,0,0,0,0.0,0,0,0,0,0,0,0,0,0,0,0,0,0,0,0,0,0,0,0,0,0,0,0,0,0,0,0,0,0,0,0,0,0,38,14,7,45,65476,0,300,0,0,8,21553,0.0,-107605600.0,0.0,0.0,0.0,0.0,0.0,0.0,0.0,0.0,0.0,0.0,0.0,0.0,0.0,0.0,0.0,0.0,0.0,0.0,0.0,0.0,2.004,2.004,-0.0,0.0,0.0,0.0,0.0,0.0,4852.0,-0.0,0.0,2.718428940004181e+23,0.0,0.0,2.718429300292151e+23,0.0,0.0,0.0,0.0,53,-0.0,-2.3088268198886873e+20,0.0,0.0,0.0,0.0,0.0,0.0,0.0,0,0,0,0.0,0.0,0.0,0.0,0.0,0.0,0.0,0.0,0.0,0.0,0.0,0.0,0.0,0.0,0.0,0.0,0,-107875648.0,53,0.0,106,-107614832.0,-107351008.0,ERR,ERR,ERR,ERR,ERR,ERR,ERR,ERR,ERR,ERR,ERR,ERR,ERR,ERR,ERR,ERR,ERR,ERR,ERR,ERR,ERR,ERR,ERR,ERR,ERR,ERR,ERR,ERR,ERR,ERR,ERR,ERR,ERR,ERR,ERR,ERR,ERR,ERR,ERR,ERR,ERR,ERR,ERR,ERR,ERR,ERR,ERR,ERR,ERR,ERR,ERR,ERR,ERR,ERR,ERR,ERR,ERR,ERR,ERR,ERR,ERR,ERR,ERR,ERR,ERR,ERR,ERR,50.0,60.0,100,0.0,0.0,0.0,0.0,0.0,0.0,0.0,0.0,0.0,0.0,0.0,0.0,0.0,0.0,0.0,0.0,62.0,72,14,65514,50,65476,0,300,0,0,8,20529,65476,0,0,26214,60.0,0.0,0.0,0.0,0.0,0.0
2026-05-17T18:58:08,ERR,ERR,ERR,ERR,ERR,ERR,ERR,ERR,ERR,ERR,ERR,ERR,ERR,ERR,ERR,ERR,ERR,ERR,ERR,ERR,ERR,ERR,ERR,ERR,ERR,ERR,ERR,ERR,ERR,ERR,ERR,ERR,ERR,ERR,ERR,ERR,ERR,ERR,ERR,ERR,ERR,ERR,ERR,ERR,ERR,ERR,ERR,ERR,ERR,ERR,ERR,ERR,ERR,ERR,ERR,ERR,ERR,ERR,ERR,ERR,ERR,ERR,ERR,ERR,ERR,ERR,ERR,ERR,ERR,ERR,ERR,ERR,ERR,ERR,ERR,ERR,ERR,ERR,ERR,ERR,ERR,ERR,ERR,ERR,ERR,ERR,ERR,ERR,ERR,ERR,ERR,ERR,ERR,ERR,ERR,ERR,ERR,ERR,ERR,ERR,ERR,ERR,ERR,ERR,ERR,ERR,ERR,ERR,ERR,ERR,ERR,ERR,ERR,ERR,ERR,ERR,ERR,ERR,ERR,ERR,ERR,ERR,ERR,ERR,ERR,0.0,0.0,-134474944.0,0.0,0.0,1.3936040501711995e+18,7.805,0.0,0,0,4,0,8422,0.0,45,0.0,0.0,0.0,0.0,0.0,0,0,0,0,0.0,0,0,0,0,0,0,0,0,0,0,0,0,0,0,0,0,0,0,0,0,0,0,0,0,0,0,0,0,0,0,0,0,0,38,14,7,45,65476,0,300,0,0,8,21553,0.0,-107605600.0,0.0,0.0,0.0,0.0,0.0,0.0,0.0,0.0,0.0,0.0,0.0,0.0,0.0,0.0,0.0,0.0,0.0,0.0,0.0,0.0,2.004,2.004,-0.0,0.0,0.0,0.0,0.0,0.0,4852.0,-0.0,0.0,2.718428940004181e+23,0.0,0.0,2.718429300292151e+23,0.0,0.0,0.0,0.0,53,-0.0,-2.3088268198886873e+20,0.0,0.0,0.0,0.0,0.0,0.0,0.0,0,0,0,0.0,0.0,0.0,0.0,0.0,0.0,0.0,0.0,0.0,0.0,0.0,0.0,0.0,0.0,0.0,0.0,0,-107875648.0,53,0.0,106,-107614832.0,-107351008.0,ERR,ERR,ERR,ERR,ERR,ERR,ERR,ERR,ERR,ERR,ERR,ERR,ERR,ERR,ERR,ERR,ERR,ERR,ERR,ERR,ERR,ERR,ERR,ERR,ERR,ERR,ERR,ERR,ERR,ERR,ERR,ERR,ERR,ERR,ERR,ERR,ERR,ERR,ERR,ERR,ERR,ERR,ERR,ERR,ERR,ERR,ERR,ERR,ERR,ERR,ERR,ERR,ERR,ERR,ERR,ERR,ERR,ERR,ERR,ERR,ERR,ERR,ERR,ERR,ERR,ERR,ERR,50.0,60.0,100,0.0,0.0,0.0,0.0,0.0,0.0,0.0,0.0,0.0,0.0,0.0,0.0,0.0,0.0,0.0,0.0,62.0,72,14,65514,50,65476,0,300,0,0,8,20529,65476,0,0,26214,60.0,0.0,0.0,0.0,0.0,0.0
2026-05-17T18:58:09,ERR,ERR,ERR,ERR,ERR,ERR,ERR,ERR,ERR,ERR,ERR,ERR,ERR,ERR,ERR,ERR,ERR,ERR,ERR,ERR,ERR,ERR,ERR,ERR,ERR,ERR,ERR,ERR,ERR,ERR,ERR,ERR,ERR,ERR,ERR,ERR,ERR,ERR,ERR,ERR,ERR,ERR,ERR,ERR,ERR,ERR,ERR,ERR,ERR,ERR,ERR,ERR,ERR,ERR,ERR,ERR,ERR,ERR,ERR,ERR,ERR,ERR,ERR,ERR,ERR,ERR,ERR,ERR,ERR,ERR,ERR,ERR,ERR,ERR,ERR,ERR,ERR,ERR,ERR,ERR,ERR,ERR,ERR,ERR,ERR,ERR,ERR,ERR,ERR,ERR,ERR,ERR,ERR,ERR,ERR,ERR,ERR,ERR,ERR,ERR,ERR,ERR,ERR,ERR,ERR,ERR,ERR,ERR,ERR,ERR,ERR,ERR,ERR,ERR,ERR,ERR,ERR,ERR,ERR,ERR,ERR,ERR,ERR,ERR,ERR,0.0,0.0,-134474944.0,0.0,0.0,1.3936040501711995e+18,7.805,0.0,0,0,4,0,8422,0.0,45,0.0,0.0,0.0,0.0,0.0,0,0,0,0,0.0,0,0,0,0,0,0,0,0,0,0,0,0,0,0,0,0,0,0,0,0,0,0,0,0,0,0,0,0,0,0,0,0,0,38,14,7,45,65476,0,300,0,0,8,21553,0.0,-107605600.0,0.0,0.0,0.0,0.0,0.0,0.0,0.0,0.0,0.0,0.0,0.0,0.0,0.0,0.0,0.0,0.0,0.0,0.0,0.0,0.0,2.004,2.004,-0.0,0.0,0.0,0.0,0.0,0.0,4852.0,-0.0,0.0,2.718428940004181e+23,0.0,0.0,2.718429300292151e+23,0.0,0.0,0.0,0.0,53,-0.0,-2.3088268198886873e+20,0.0,0.0,0.0,0.0,0.0,0.0,0.0,0,0,0,0.0,0.0,0.0,0.0,0.0,0.0,0.0,0.0,0.0,0.0,0.0,0.0,0.0,0.0,0.0,0.0,0,-107875648.0,53,0.0,106,-107614832.0,-107351008.0,ERR,ERR,ERR,ERR,ERR,ERR,ERR,ERR,ERR,ERR,ERR,ERR,ERR,ERR,ERR,ERR,ERR,ERR,ERR,ERR,ERR,ERR,ERR,ERR,ERR,ERR,ERR,ERR,ERR,ERR,ERR,ERR,ERR,ERR,ERR,ERR,ERR,ERR,ERR,ERR,ERR,ERR,ERR,ERR,ERR,ERR,ERR,ERR,ERR,ERR,ERR,ERR,ERR,ERR,ERR,ERR,ERR,ERR,ERR,ERR,ERR,ERR,ERR,ERR,ERR,ERR,ERR,50.0,60.0,100,0.0,0.0,0.0,0.0,0.0,0.0,0.0,0.0,0.0,0.0,0.0,0.0,0.0,0.0,0.0,0.0,61.6,72,14,65514,50,65476,0,300,0,0,8,20529,65476,0,0,26214,60.0,0.0,0.0,0.0,0.0,0.0
2026-05-17T18:58:10,ERR,ERR,ERR,ERR,ERR,ERR,ERR,ERR,ERR,ERR,ERR,ERR,ERR,ERR,ERR,ERR,ERR,ERR,ERR,ERR,ERR,ERR,ERR,ERR,ERR,ERR,ERR,ERR,ERR,ERR,ERR,ERR,ERR,ERR,ERR,ERR,ERR,ERR,ERR,ERR,ERR,ERR,ERR,ERR,ERR,ERR,ERR,ERR,ERR,ERR,ERR,ERR,ERR,ERR,ERR,ERR,ERR,ERR,ERR,ERR,ERR,ERR,ERR,ERR,ERR,ERR,ERR,ERR,ERR,ERR,ERR,ERR,ERR,ERR,ERR,ERR,ERR,ERR,ERR,ERR,ERR,ERR,ERR,ERR,ERR,ERR,ERR,ERR,ERR,ERR,ERR,ERR,ERR,ERR,ERR,ERR,ERR,ERR,ERR,ERR,ERR,ERR,ERR,ERR,ERR,ERR,ERR,ERR,ERR,ERR,ERR,ERR,ERR,ERR,ERR,ERR,ERR,ERR,ERR,ERR,ERR,ERR,ERR,ERR,ERR,0.0,0.0,-134474944.0,0.0,0.0,1.3936040501711995e+18,7.805,0.0,0,0,4,0,8422,0.0,45,0.0,0.0,0.0,0.0,0.0,0,0,0,0,0.0,0,0,0,0,0,0,0,0,0,0,0,0,0,0,0,0,0,0,0,0,0,0,0,0,0,0,0,0,0,0,0,0,0,38,14,7,45,65476,0,300,0,0,8,21553,0.0,-107605600.0,0.0,0.0,0.0,0.0,0.0,0.0,0.0,0.0,0.0,0.0,0.0,0.0,0.0,0.0,0.0,0.0,0.0,0.0,0.0,0.0,2.004,2.004,-0.0,0.0,0.0,0.0,0.0,0.0,4852.0,-0.0,0.0,2.718428940004181e+23,0.0,0.0,2.718429300292151e+23,0.0,0.0,0.0,0.0,53,-0.0,-2.3088268198886873e+20,0.0,0.0,0.0,0.0,0.0,0.0,0.0,0,0,0,0.0,0.0,0.0,0.0,0.0,0.0,0.0,0.0,0.0,0.0,0.0,0.0,0.0,0.0,0.0,0.0,0,-107875648.0,53,0.0,106,-107614832.0,-107351008.0,ERR,ERR,ERR,ERR,ERR,ERR,ERR,ERR,ERR,ERR,ERR,ERR,ERR,ERR,ERR,ERR,ERR,ERR,ERR,ERR,ERR,ERR,ERR,ERR,ERR,ERR,ERR,ERR,ERR,ERR,ERR,ERR,ERR,ERR,ERR,ERR,ERR,ERR,ERR,ERR,ERR,ERR,ERR,ERR,ERR,ERR,ERR,ERR,ERR,ERR,ERR,ERR,ERR,ERR,ERR,ERR,ERR,ERR,ERR,ERR,ERR,ERR,ERR,ERR,ERR,ERR,ERR,50.0,60.0,100,0.0,0.0,0.0,0.0,0.0,0.0,0.0,0.0,0.0,0.0,0.0,0.0,0.0,0.0,0.0,0.0,61.6,72,14,65514,50,65476,0,300,0,0,8,20529,65476,0,0,26214,60.0,0.0,0.0,0.0,0.0,0.0
2026-05-17T18:58:11,ERR,ERR,ERR,ERR,ERR,ERR,ERR,ERR,ERR,ERR,ERR,ERR,ERR,ERR,ERR,ERR,ERR,ERR,ERR,ERR,ERR,ERR,ERR,ERR,ERR,ERR,ERR,ERR,ERR,ERR,ERR,ERR,ERR,ERR,ERR,ERR,ERR,ERR,ERR,ERR,ERR,ERR,ERR,ERR,ERR,ERR,ERR,ERR,ERR,ERR,ERR,ERR,ERR,ERR,ERR,ERR,ERR,ERR,ERR,ERR,ERR,ERR,ERR,ERR,ERR,ERR,ERR,ERR,ERR,ERR,ERR,ERR,ERR,ERR,ERR,ERR,ERR,ERR,ERR,ERR,ERR,ERR,ERR,ERR,ERR,ERR,ERR,ERR,ERR,ERR,ERR,ERR,ERR,ERR,ERR,ERR,ERR,ERR,ERR,ERR,ERR,ERR,ERR,ERR,ERR,ERR,ERR,ERR,ERR,ERR,ERR,ERR,ERR,ERR,ERR,ERR,ERR,ERR,ERR,ERR,ERR,ERR,ERR,ERR,ERR,0.0,0.0,-134474944.0,0.0,0.0,1.3936040501711995e+18,7.805,0.0,0,0,4,0,8422,0.0,45,0.0,0.0,0.0,0.0,0.0,0,0,0,0,0.0,0,0,0,0,0,0,0,0,0,0,0,0,0,0,0,0,0,0,0,0,0,0,0,0,0,0,0,0,0,0,0,0,0,38,14,7,45,65476,0,300,0,0,8,21553,0.0,-107605600.0,0.0,0.0,0.0,0.0,0.0,0.0,0.0,0.0,0.0,0.0,0.0,0.0,0.0,0.0,0.0,0.0,0.0,0.0,0.0,0.0,2.004,2.004,-0.0,2.004,0.0,0.0,0.0,0.0,4859.0,0.0,0.0,0.0,0.0,0.0,2.718429300292151e+23,0.0,0.0,0.0,0.0,53,-0.0,89220.508,0.0,0.0,0.0,0.0,0.0,0.0,0.0,0,0,0,0.0,0.0,0.0,0.0,0.0,0.0,0.0,0.0,0.0,0.0,0.0,0.0,0.0,0.0,0.0,0.0,0,-107875648.0,53,0.0,106,-107614832.0,-107351008.0,ERR,ERR,ERR,ERR,ERR,ERR,ERR,ERR,ERR,ERR,ERR,ERR,ERR,ERR,ERR,ERR,ERR,ERR,ERR,ERR,ERR,ERR,ERR,ERR,ERR,ERR,ERR,ERR,ERR,ERR,ERR,ERR,ERR,ERR,ERR,ERR,ERR,ERR,ERR,ERR,ERR,ERR,ERR,ERR,ERR,ERR,ERR,ERR,ERR,ERR,ERR,ERR,ERR,ERR,ERR,ERR,ERR,ERR,ERR,ERR,ERR,ERR,ERR,ERR,ERR,ERR,ERR,50.0,60.0,100,0.0,0.0,0.0,0.0,0.0,0.0,0.0,0.0,0.0,0.0,0.0,0.0,0.0,0.0,0.0,0.0,61.6,72,14,65514,50,65476,0,300,0,0,8,20529,65476,0,0,26214,60.0,0.0,0.0,0.0,0.0,0.0
2026-05-17T18:58:12,ERR,ERR,ERR,ERR,ERR,ERR,ERR,ERR,ERR,ERR,ERR,ERR,ERR,ERR,ERR,ERR,ERR,ERR,ERR,ERR,ERR,ERR,ERR,ERR,ERR,ERR,ERR,ERR,ERR,ERR,ERR,ERR,ERR,ERR,ERR,ERR,ERR,ERR,ERR,ERR,ERR,ERR,ERR,ERR,ERR,ERR,ERR,ERR,ERR,ERR,ERR,ERR,ERR,ERR,ERR,ERR,ERR,ERR,ERR,ERR,ERR,ERR,ERR,ERR,ERR,ERR,ERR,ERR,ERR,ERR,ERR,ERR,ERR,ERR,ERR,ERR,ERR,ERR,ERR,ERR,ERR,ERR,ERR,ERR,ERR,ERR,ERR,ERR,ERR,ERR,ERR,ERR,ERR,ERR,ERR,ERR,ERR,ERR,ERR,ERR,ERR,ERR,ERR,ERR,ERR,ERR,ERR,ERR,ERR,ERR,ERR,ERR,ERR,ERR,ERR,ERR,ERR,ERR,ERR,ERR,ERR,ERR,ERR,ERR,ERR,0.0,0.0,-134474944.0,0.0,0.0,1.3936040501711995e+18,7.805,0.0,0,0,4,0,8422,0.0,45,0.0,0.0,0.0,0.0,0.0,0,0,0,0,0.0,0,0,0,0,0,0,0,0,0,0,0,0,0,0,0,0,0,0,0,0,0,0,0,0,0,0,0,0,0,0,0,0,0,38,14,7,45,65476,0,300,0,0,8,21553,0.0,-107605600.0,0.0,0.0,0.0,0.0,0.0,0.0,0.0,0.0,0.0,0.0,0.0,0.0,0.0,0.0,0.0,0.0,0.0,0.0,0.0,0.0,2.004,2.004,-0.0,2.004,0.0,0.0,0.0,0.0,4859.0,0.0,0.0,0.0,0.0,0.0,2.718429300292151e+23,0.0,0.0,0.0,0.0,53,-0.0,89220.508,0.0,0.0,0.0,0.0,0.0,0.0,0.0,0,0,0,0.0,0.0,0.0,0.0,0.0,0.0,0.0,0.0,0.0,0.0,0.0,0.0,0.0,0.0,0.0,0.0,0,-107875648.0,53,0.0,106,-107614832.0,-107351008.0,ERR,ERR,ERR,ERR,ERR,ERR,ERR,ERR,ERR,ERR,ERR,ERR,ERR,ERR,ERR,ERR,ERR,ERR,ERR,ERR,ERR,ERR,ERR,ERR,ERR,ERR,ERR,ERR,ERR,ERR,ERR,ERR,ERR,ERR,ERR,ERR,ERR,ERR,ERR,ERR,ERR,ERR,ERR,ERR,ERR,ERR,ERR,ERR,ERR,ERR,ERR,ERR,ERR,ERR,ERR,ERR,ERR,ERR,ERR,ERR,ERR,ERR,ERR,ERR,ERR,ERR,ERR,50.0,60.0,100,0.0,0.0,0.0,0.0,0.0,0.0,0.0,0.0,0.0,0.0,0.0,0.0,0.0,0.0,0.0,0.0,61.6,72,14,65514,50,65476,0,300,0,0,8,20529,65476,0,0,26214,60.0,0.0,0.0,0.0,0.0,0.0
2026-05-17T18:58:13,ERR,ERR,ERR,ERR,ERR,ERR,ERR,ERR,ERR,ERR,ERR,ERR,ERR,ERR,ERR,ERR,ERR,ERR,ERR,ERR,ERR,ERR,ERR,ERR,ERR,ERR,ERR,ERR,ERR,ERR,ERR,ERR,ERR,ERR,ERR,ERR,ERR,ERR,ERR,ERR,ERR,ERR,ERR,ERR,ERR,ERR,ERR,ERR,ERR,ERR,ERR,ERR,ERR,ERR,ERR,ERR,ERR,ERR,ERR,ERR,ERR,ERR,ERR,ERR,ERR,ERR,ERR,ERR,ERR,ERR,ERR,ERR,ERR,ERR,ERR,ERR,ERR,ERR,ERR,ERR,ERR,ERR,ERR,ERR,ERR,ERR,ERR,ERR,ERR,ERR,ERR,ERR,ERR,ERR,ERR,ERR,ERR,ERR,ERR,ERR,ERR,ERR,ERR,ERR,ERR,ERR,ERR,ERR,ERR,ERR,ERR,ERR,ERR,ERR,ERR,ERR,ERR,ERR,ERR,ERR,ERR,ERR,ERR,ERR,ERR,0.0,0.0,-134474944.0,0.0,0.0,1.3936040501711995e+18,7.805,0.0,0,0,4,0,8422,0.0,45,0.0,0.0,0.0,0.0,0.0,0,0,0,0,0.0,0,0,0,0,0,0,0,0,0,0,0,0,0,0,0,0,0,0,0,0,0,0,0,0,0,0,0,0,0,0,0,0,0,38,14,7,45,65476,0,300,0,0,8,21553,0.0,-107605600.0,0.0,0.0,0.0,0.0,0.0,0.0,0.0,0.0,0.0,0.0,0.0,0.0,0.0,0.0,0.0,0.0,0.0,0.0,0.0,0.0,2.004,2.004,-0.0,2.004,0.0,0.0,0.0,0.0,4859.0,0.0,0.0,0.0,0.0,0.0,2.718429300292151e+23,0.0,0.0,0.0,0.0,53,-0.0,89220.508,0.0,0.0,0.0,0.0,0.0,0.0,0.0,0,0,0,0.0,0.0,0.0,0.0,0.0,0.0,0.0,0.0,0.0,0.0,0.0,0.0,0.0,0.0,0.0,0.0,0,-107875648.0,53,0.0,106,-107614832.0,-107351008.0,ERR,ERR,ERR,ERR,ERR,ERR,ERR,ERR,ERR,ERR,ERR,ERR,ERR,ERR,ERR,ERR,ERR,ERR,ERR,ERR,ERR,ERR,ERR,ERR,ERR,ERR,ERR,ERR,ERR,ERR,ERR,ERR,ERR,ERR,ERR,ERR,ERR,ERR,ERR,ERR,ERR,ERR,ERR,ERR,ERR,ERR,ERR,ERR,ERR,ERR,ERR,ERR,ERR,ERR,ERR,ERR,ERR,ERR,ERR,ERR,ERR,ERR,ERR,ERR,ERR,ERR,ERR,50.0,60.0,100,0.0,0.0,0.0,0.0,0.0,0.0,0.0,0.0,0.0,0.0,0.0,0.0,0.0,0.0,0.0,0.0,61.6,72,14,65514,50,65476,0,300,0,0,8,20529,65476,0,0,26214,60.0,0.0,0.0,0.0,0.0,0.0
2026-05-17T18:58:14,ERR,ERR,ERR,ERR,ERR,ERR,ERR,ERR,ERR,ERR,ERR,ERR,ERR,ERR,ERR,ERR,ERR,ERR,ERR,ERR,ERR,ERR,ERR,ERR,ERR,ERR,ERR,ERR,ERR,ERR,ERR,ERR,ERR,ERR,ERR,ERR,ERR,ERR,ERR,ERR,ERR,ERR,ERR,ERR,ERR,ERR,ERR,ERR,ERR,ERR,ERR,ERR,ERR,ERR,ERR,ERR,ERR,ERR,ERR,ERR,ERR,ERR,ERR,ERR,ERR,ERR,ERR,ERR,ERR,ERR,ERR,ERR,ERR,ERR,ERR,ERR,ERR,ERR,ERR,ERR,ERR,ERR,ERR,ERR,ERR,ERR,ERR,ERR,ERR,ERR,ERR,ERR,ERR,ERR,ERR,ERR,ERR,ERR,ERR,ERR,ERR,ERR,ERR,ERR,ERR,ERR,ERR,ERR,ERR,ERR,ERR,ERR,ERR,ERR,ERR,ERR,ERR,ERR,ERR,ERR,ERR,ERR,ERR,ERR,ERR,0.0,0.0,-134474944.0,0.0,0.0,1.3936040501711995e+18,7.805,0.0,0,0,4,0,8422,0.0,45,0.0,0.0,0.0,0.0,0.0,0,0,0,0,0.0,0,0,0,0,0,0,0,0,0,0,0,0,0,0,0,0,0,0,0,0,0,0,0,0,0,0,0,0,0,0,0,0,0,38,14,7,45,65476,0,300,0,0,8,21553,0.0,-107605600.0,0.0,0.0,0.0,0.0,0.0,0.0,0.0,0.0,0.0,0.0,0.0,0.0,0.0,0.0,0.0,0.0,0.0,0.0,0.0,0.0,2.004,2.004,-0.0,2.004,0.0,0.0,0.0,0.0,4859.0,0.0,0.0,0.0,0.0,0.0,2.718429300292151e+23,0.0,0.0,0.0,0.0,53,-0.0,89220.508,0.0,0.0,0.0,0.0,0.0,0.0,0.0,0,0,0,0.0,0.0,0.0,0.0,0.0,0.0,0.0,0.0,0.0,0.0,0.0,0.0,0.0,0.0,0.0,0.0,0,-107875648.0,53,0.0,106,-107614832.0,-107351008.0,ERR,ERR,ERR,ERR,ERR,ERR,ERR,ERR,ERR,ERR,ERR,ERR,ERR,ERR,ERR,ERR,ERR,ERR,ERR,ERR,ERR,ERR,ERR,ERR,ERR,ERR,ERR,ERR,ERR,ERR,ERR,ERR,ERR,ERR,ERR,ERR,ERR,ERR,ERR,ERR,ERR,ERR,ERR,ERR,ERR,ERR,ERR,ERR,ERR,ERR,ERR,ERR,ERR,ERR,ERR,ERR,ERR,ERR,ERR,ERR,ERR,ERR,ERR,ERR,ERR,ERR,ERR,50.0,60.0,100,0.0,0.0,0.0,0.0,0.0,0.0,0.0,0.0,0.0,0.0,0.0,0.0,0.0,0.0,0.0,0.0,61.6,72,14,65514,50,65476,0,300,0,0,8,20529,65476,0,0,26214,60.0,0.0,0.0,0.0,0.0,0.0
2026-05-17T18:58:15,ERR,ERR,ERR,ERR,ERR,ERR,ERR,ERR,ERR,ERR,ERR,ERR,ERR,ERR,ERR,ERR,ERR,ERR,ERR,ERR,ERR,ERR,ERR,ERR,ERR,ERR,ERR,ERR,ERR,ERR,ERR,ERR,ERR,ERR,ERR,ERR,ERR,ERR,ERR,ERR,ERR,ERR,ERR,ERR,ERR,ERR,ERR,ERR,ERR,ERR,ERR,ERR,ERR,ERR,ERR,ERR,ERR,ERR,ERR,ERR,ERR,ERR,ERR,ERR,ERR,ERR,ERR,ERR,ERR,ERR,ERR,ERR,ERR,ERR,ERR,ERR,ERR,ERR,ERR,ERR,ERR,ERR,ERR,ERR,ERR,ERR,ERR,ERR,ERR,ERR,ERR,ERR,ERR,ERR,ERR,ERR,ERR,ERR,ERR,ERR,ERR,ERR,ERR,ERR,ERR,ERR,ERR,ERR,ERR,ERR,ERR,ERR,ERR,ERR,ERR,ERR,ERR,ERR,ERR,ERR,ERR,ERR,ERR,ERR,ERR,0.0,0.0,-134474944.0,0.0,0.0,1.3936040501711995e+18,7.805,0.0,0,0,4,0,8422,0.0,45,0.0,0.0,0.0,0.0,0.0,0,0,0,0,0.0,0,0,0,0,0,0,0,0,0,0,0,0,0,0,0,0,0,0,0,0,0,0,0,0,0,0,0,0,0,0,0,0,0,38,14,7,45,65476,0,300,0,0,8,21553,0.0,-107605600.0,0.0,0.0,0.0,0.0,0.0,0.0,0.0,0.0,0.0,0.0,0.0,0.0,0.0,0.0,0.0,0.0,0.0,0.0,0.0,0.0,2.004,2.004,-0.0,2.004,0.0,0.0,0.0,0.0,4859.0,0.0,0.0,0.0,0.0,0.0,2.718429300292151e+23,0.0,0.0,0.0,0.0,53,-0.0,89220.508,0.0,0.0,0.0,0.0,0.0,0.0,0.0,0,0,0,0.0,0.0,0.0,0.0,0.0,0.0,0.0,0.0,0.0,0.0,0.0,0.0,0.0,0.0,0.0,0.0,0,-107875648.0,53,0.0,106,-107614832.0,-107351008.0,ERR,ERR,ERR,ERR,ERR,ERR,ERR,ERR,ERR,ERR,ERR,ERR,ERR,ERR,ERR,ERR,ERR,ERR,ERR,ERR,ERR,ERR,ERR,ERR,ERR,ERR,ERR,ERR,ERR,ERR,ERR,ERR,ERR,ERR,ERR,ERR,ERR,ERR,ERR,ERR,ERR,ERR,ERR,ERR,ERR,ERR,ERR,ERR,ERR,ERR,ERR,ERR,ERR,ERR,ERR,ERR,ERR,ERR,ERR,ERR,ERR,ERR,ERR,ERR,ERR,ERR,ERR,50.0,60.0,100,0.0,0.0,0.0,0.0,0.0,0.0,0.0,0.0,0.0,0.0,0.0,0.0,0.0,0.0,0.0,0.0,61.6,72,14,65514,50,65476,0,300,0,0,8,20529,65476,0,0,26214,60.0,0.0,0.0,0.0,0.0,0.0
2026-05-17T18:58:16,ERR,ERR,ERR,ERR,ERR,ERR,ERR,ERR,ERR,ERR,ERR,ERR,ERR,ERR,ERR,ERR,ERR,ERR,ERR,ERR,ERR,ERR,ERR,ERR,ERR,ERR,ERR,ERR,ERR,ERR,ERR,ERR,ERR,ERR,ERR,ERR,ERR,ERR,ERR,ERR,ERR,ERR,ERR,ERR,ERR,ERR,ERR,ERR,ERR,ERR,ERR,ERR,ERR,ERR,ERR,ERR,ERR,ERR,ERR,ERR,ERR,ERR,ERR,ERR,ERR,ERR,ERR,ERR,ERR,ERR,ERR,ERR,ERR,ERR,ERR,ERR,ERR,ERR,ERR,ERR,ERR,ERR,ERR,ERR,ERR,ERR,ERR,ERR,ERR,ERR,ERR,ERR,ERR,ERR,ERR,ERR,ERR,ERR,ERR,ERR,ERR,ERR,ERR,ERR,ERR,ERR,ERR,ERR,ERR,ERR,ERR,ERR,ERR,ERR,ERR,ERR,ERR,ERR,ERR,ERR,ERR,ERR,ERR,ERR,ERR,0.0,0.0,-134474944.0,0.0,0.0,1.3936040501711995e+18,7.805,0.0,0,0,4,0,8422,0.0,45,0.0,0.0,0.0,0.0,0.0,0,0,0,0,0.0,0,0,0,0,0,0,0,0,0,0,0,0,0,0,0,0,0,0,0,0,0,0,0,0,0,0,0,0,0,0,0,0,0,38,14,7,45,65476,0,300,0,0,8,21553,0.0,-107605600.0,0.0,0.0,0.0,0.0,0.0,0.0,0.0,0.0,0.0,0.0,0.0,0.0,0.0,0.0,0.0,0.0,0.0,0.0,0.0,0.0,2.004,2.004,-2.004,0.0,0.0,0.0,0.0,0.0,4856.0,0.0,0.0,0.0,0.0,0.0,2.718429300292151e+23,0.0,0.0,0.0,0.0,53,-0.0,1.9056847201763328e+17,0.0,0.0,0.0,0.0,0.0,0.0,0.0,0,0,0,0.0,0.0,0.0,0.0,0.0,0.0,0.0,0.0,0.0,0.0,0.0,0.0,0.0,0.0,0.0,0.0,0,-107875648.0,53,0.0,106,-107614832.0,-107351008.0,ERR,ERR,ERR,ERR,ERR,ERR,ERR,ERR,ERR,ERR,ERR,ERR,ERR,ERR,ERR,ERR,ERR,ERR,ERR,ERR,ERR,ERR,ERR,ERR,ERR,ERR,ERR,ERR,ERR,ERR,ERR,ERR,ERR,ERR,ERR,ERR,ERR,ERR,ERR,ERR,ERR,ERR,ERR,ERR,ERR,ERR,ERR,ERR,ERR,ERR,ERR,ERR,ERR,ERR,ERR,ERR,ERR,ERR,ERR,ERR,ERR,ERR,ERR,ERR,ERR,ERR,ERR,50.0,60.0,100,0.0,0.0,0.0,0.0,0.0,0.0,0.0,0.0,0.0,0.0,0.0,0.0,0.0,0.0,0.0,0.0,61.6,72,14,65514,50,65476,0,300,0,0,8,20529,65476,0,0,26214,60.0,0.0,0.0,0.0,0.0,0.0
2026-05-17T18:58:17,ERR,ERR,ERR,ERR,ERR,ERR,ERR,ERR,ERR,ERR,ERR,ERR,ERR,ERR,ERR,ERR,ERR,ERR,ERR,ERR,ERR,ERR,ERR,ERR,ERR,ERR,ERR,ERR,ERR,ERR,ERR,ERR,ERR,ERR,ERR,ERR,ERR,ERR,ERR,ERR,ERR,ERR,ERR,ERR,ERR,ERR,ERR,ERR,ERR,ERR,ERR,ERR,ERR,ERR,ERR,ERR,ERR,ERR,ERR,ERR,ERR,ERR,ERR,ERR,ERR,ERR,ERR,ERR,ERR,ERR,ERR,ERR,ERR,ERR,ERR,ERR,ERR,ERR,ERR,ERR,ERR,ERR,ERR,ERR,ERR,ERR,ERR,ERR,ERR,ERR,ERR,ERR,ERR,ERR,ERR,ERR,ERR,ERR,ERR,ERR,ERR,ERR,ERR,ERR,ERR,ERR,ERR,ERR,ERR,ERR,ERR,ERR,ERR,ERR,ERR,ERR,ERR,ERR,ERR,ERR,ERR,ERR,ERR,ERR,ERR,0.0,0.0,-134474944.0,0.0,0.0,1.3936040501711995e+18,7.805,0.0,0,0,4,0,8422,0.0,45,0.0,0.0,0.0,0.0,0.0,0,0,0,0,0.0,0,0,0,0,0,0,0,0,0,0,0,0,0,0,0,0,0,0,0,0,0,0,0,0,0,0,0,0,0,0,0,0,0,38,14,7,45,65476,0,300,0,0,8,21553,0.0,-107605600.0,0.0,0.0,0.0,0.0,0.0,0.0,0.0,0.0,0.0,0.0,0.0,0.0,0.0,0.0,0.0,0.0,0.0,0.0,0.0,0.0,2.004,2.004,-2.004,0.0,0.0,0.0,0.0,0.0,4856.0,0.0,0.0,0.0,0.0,0.0,2.718429300292151e+23,0.0,0.0,0.0,0.0,53,-0.0,1.9056847201763328e+17,0.0,0.0,0.0,0.0,0.0,0.0,0.0,0,0,0,0.0,0.0,0.0,0.0,0.0,0.0,0.0,0.0,0.0,0.0,0.0,0.0,0.0,0.0,0.0,0.0,0,-107875648.0,53,0.0,106,-107614832.0,-107351008.0,ERR,ERR,ERR,ERR,ERR,ERR,ERR,ERR,ERR,ERR,ERR,ERR,ERR,ERR,ERR,ERR,ERR,ERR,ERR,ERR,ERR,ERR,ERR,ERR,ERR,ERR,ERR,ERR,ERR,ERR,ERR,ERR,ERR,ERR,ERR,ERR,ERR,ERR,ERR,ERR,ERR,ERR,ERR,ERR,ERR,ERR,ERR,ERR,ERR,ERR,ERR,ERR,ERR,ERR,ERR,ERR,ERR,ERR,ERR,ERR,ERR,ERR,ERR,ERR,ERR,ERR,ERR,50.0,60.0,100,0.0,0.0,0.0,0.0,0.0,0.0,0.0,0.0,0.0,0.0,0.0,0.0,0.0,0.0,0.0,0.0,61.6,72,14,65514,50,65476,0,300,0,0,8,20529,65476,0,0,26214,60.0,0.0,0.0,0.0,0.0,0.0
2026-05-17T18:58:18,ERR,ERR,ERR,ERR,ERR,ERR,ERR,ERR,ERR,ERR,ERR,ERR,ERR,ERR,ERR,ERR,ERR,ERR,ERR,ERR,ERR,ERR,ERR,ERR,ERR,ERR,ERR,ERR,ERR,ERR,ERR,ERR,ERR,ERR,ERR,ERR,ERR,ERR,ERR,ERR,ERR,ERR,ERR,ERR,ERR,ERR,ERR,ERR,ERR,ERR,ERR,ERR,ERR,ERR,ERR,ERR,ERR,ERR,ERR,ERR,ERR,ERR,ERR,ERR,ERR,ERR,ERR,ERR,ERR,ERR,ERR,ERR,ERR,ERR,ERR,ERR,ERR,ERR,ERR,ERR,ERR,ERR,ERR,ERR,ERR,ERR,ERR,ERR,ERR,ERR,ERR,ERR,ERR,ERR,ERR,ERR,ERR,ERR,ERR,ERR,ERR,ERR,ERR,ERR,ERR,ERR,ERR,ERR,ERR,ERR,ERR,ERR,ERR,ERR,ERR,ERR,ERR,ERR,ERR,ERR,ERR,ERR,ERR,ERR,ERR,0.0,0.0,-134474944.0,0.0,0.0,1.3936040501711995e+18,7.805,0.0,0,0,4,0,8422,0.0,45,0.0,0.0,0.0,0.0,0.0,0,0,0,0,0.0,0,0,0,0,0,0,0,0,0,0,0,0,0,0,0,0,0,0,0,0,0,0,0,0,0,0,0,0,0,0,0,0,0,38,14,7,45,65476,0,300,0,0,8,21553,0.0,-107605600.0,0.0,0.0,0.0,0.0,0.0,0.0,0.0,0.0,0.0,0.0,0.0,0.0,0.0,0.0,0.0,0.0,0.0,0.0,0.0,0.0,2.004,2.004,-2.004,0.0,0.0,0.0,0.0,0.0,4856.0,0.0,0.0,0.0,0.0,0.0,2.718429300292151e+23,0.0,0.0,0.0,0.0,53,-0.0,1.9056847201763328e+17,0.0,0.0,0.0,0.0,0.0,0.0,0.0,0,0,0,0.0,0.0,0.0,0.0,0.0,0.0,0.0,0.0,0.0,0.0,0.0,0.0,0.0,0.0,0.0,0.0,0,-107875648.0,53,0.0,106,-107614832.0,-107351008.0,ERR,ERR,ERR,ERR,ERR,ERR,ERR,ERR,ERR,ERR,ERR,ERR,ERR,ERR,ERR,ERR,ERR,ERR,ERR,ERR,ERR,ERR,ERR,ERR,ERR,ERR,ERR,ERR,ERR,ERR,ERR,ERR,ERR,ERR,ERR,ERR,ERR,ERR,ERR,ERR,ERR,ERR,ERR,ERR,ERR,ERR,ERR,ERR,ERR,ERR,ERR,ERR,ERR,ERR,ERR,ERR,ERR,ERR,ERR,ERR,ERR,ERR,ERR,ERR,ERR,ERR,ERR,50.0,60.0,100,0.0,0.0,0.0,0.0,0.0,0.0,0.0,0.0,0.0,0.0,0.0,0.0,0.0,0.0,0.0,0.0,61.6,72,14,65514,50,65476,0,300,0,0,8,20529,65476,0,0,26214,60.0,0.0,0.0,0.0,0.0,0.0
2026-05-17T18:58:19,ERR,ERR,ERR,ERR,ERR,ERR,ERR,ERR,ERR,ERR,ERR,ERR,ERR,ERR,ERR,ERR,ERR,ERR,ERR,ERR,ERR,ERR,ERR,ERR,ERR,ERR,ERR,ERR,ERR,ERR,ERR,ERR,ERR,ERR,ERR,ERR,ERR,ERR,ERR,ERR,ERR,ERR,ERR,ERR,ERR,ERR,ERR,ERR,ERR,ERR,ERR,ERR,ERR,ERR,ERR,ERR,ERR,ERR,ERR,ERR,ERR,ERR,ERR,ERR,ERR,ERR,ERR,ERR,ERR,ERR,ERR,ERR,ERR,ERR,ERR,ERR,ERR,ERR,ERR,ERR,ERR,ERR,ERR,ERR,ERR,ERR,ERR,ERR,ERR,ERR,ERR,ERR,ERR,ERR,ERR,ERR,ERR,ERR,ERR,ERR,ERR,ERR,ERR,ERR,ERR,ERR,ERR,ERR,ERR,ERR,ERR,ERR,ERR,ERR,ERR,ERR,ERR,ERR,ERR,ERR,ERR,ERR,ERR,ERR,ERR,0.0,0.0,-134474944.0,0.0,0.0,1.3936040501711995e+18,7.805,0.0,0,0,4,0,8422,0.0,45,0.0,0.0,0.0,0.0,0.0,0,0,0,0,0.0,0,0,0,0,0,0,0,0,0,0,0,0,0,0,0,0,0,0,0,0,0,0,0,0,0,0,0,0,0,0,0,0,0,38,14,7,45,65476,0,300,0,0,8,21553,0.0,-107605600.0,0.0,0.0,0.0,0.0,0.0,0.0,0.0,0.0,0.0,0.0,0.0,0.0,0.0,0.0,0.0,0.0,0.0,0.0,0.0,0.0,2.004,2.004,-2.004,0.0,0.0,0.0,0.0,0.0,4856.0,0.0,0.0,0.0,0.0,0.0,2.718429300292151e+23,0.0,0.0,0.0,0.0,53,-0.0,1.9056847201763328e+17,0.0,0.0,0.0,0.0,0.0,0.0,0.0,0,0,0,0.0,0.0,0.0,0.0,0.0,0.0,0.0,0.0,0.0,0.0,0.0,0.0,0.0,0.0,0.0,0.0,0,-107875648.0,53,0.0,106,-107614832.0,-107351008.0,ERR,ERR,ERR,ERR,ERR,ERR,ERR,ERR,ERR,ERR,ERR,ERR,ERR,ERR,ERR,ERR,ERR,ERR,ERR,ERR,ERR,ERR,ERR,ERR,ERR,ERR,ERR,ERR,ERR,ERR,ERR,ERR,ERR,ERR,ERR,ERR,ERR,ERR,ERR,ERR,ERR,ERR,ERR,ERR,ERR,ERR,ERR,ERR,ERR,ERR,ERR,ERR,ERR,ERR,ERR,ERR,ERR,ERR,ERR,ERR,ERR,ERR,ERR,ERR,ERR,ERR,ERR,50.0,60.0,100,0.0,0.0,0.0,0.0,0.0,0.0,0.0,0.0,0.0,0.0,0.0,0.0,0.0,0.0,0.0,0.0,62.0,72,14,65514,50,65476,0,300,0,0,8,20529,65476,0,0,26214,60.0,0.0,0.0,0.0,0.0,0.0
2026-05-17T18:58:20,ERR,ERR,ERR,ERR,ERR,ERR,ERR,ERR,ERR,ERR,ERR,ERR,ERR,ERR,ERR,ERR,ERR,ERR,ERR,ERR,ERR,ERR,ERR,ERR,ERR,ERR,ERR,ERR,ERR,ERR,ERR,ERR,ERR,ERR,ERR,ERR,ERR,ERR,ERR,ERR,ERR,ERR,ERR,ERR,ERR,ERR,ERR,ERR,ERR,ERR,ERR,ERR,ERR,ERR,ERR,ERR,ERR,ERR,ERR,ERR,ERR,ERR,ERR,ERR,ERR,ERR,ERR,ERR,ERR,ERR,ERR,ERR,ERR,ERR,ERR,ERR,ERR,ERR,ERR,ERR,ERR,ERR,ERR,ERR,ERR,ERR,ERR,ERR,ERR,ERR,ERR,ERR,ERR,ERR,ERR,ERR,ERR,ERR,ERR,ERR,ERR,ERR,ERR,ERR,ERR,ERR,ERR,ERR,ERR,ERR,ERR,ERR,ERR,ERR,ERR,ERR,ERR,ERR,ERR,ERR,ERR,ERR,ERR,ERR,ERR,0.0,0.0,-134474944.0,0.0,0.0,1.3936040501711995e+18,7.805,0.0,0,0,4,0,8422,0.0,45,0.0,0.0,0.0,0.0,0.0,0,0,0,0,0.0,0,0,0,0,0,0,0,0,0,0,0,0,0,0,0,0,0,0,0,0,0,0,0,0,0,0,0,0,0,0,0,0,0,38,14,7,45,65476,0,300,0,0,8,21553,0.0,-107605600.0,0.0,0.0,0.0,0.0,0.0,0.0,0.0,0.0,0.0,0.0,0.0,0.0,0.0,0.0,0.0,0.0,0.0,0.0,0.0,0.0,2.004,2.004,-2.004,0.0,0.0,0.0,0.0,0.0,4856.0,0.0,0.0,0.0,0.0,0.0,2.718429300292151e+23,0.0,0.0,0.0,0.0,53,-0.0,1.9056847201763328e+17,0.0,0.0,0.0,0.0,0.0,0.0,0.0,0,0,0,0.0,0.0,0.0,0.0,0.0,0.0,0.0,0.0,0.0,0.0,0.0,0.0,0.0,0.0,0.0,0.0,0,-107875648.0,53,0.0,106,-107614832.0,-107351008.0,ERR,ERR,ERR,ERR,ERR,ERR,ERR,ERR,ERR,ERR,ERR,ERR,ERR,ERR,ERR,ERR,ERR,ERR,ERR,ERR,ERR,ERR,ERR,ERR,ERR,ERR,ERR,ERR,ERR,ERR,ERR,ERR,ERR,ERR,ERR,ERR,ERR,ERR,ERR,ERR,ERR,ERR,ERR,ERR,ERR,ERR,ERR,ERR,ERR,ERR,ERR,ERR,ERR,ERR,ERR,ERR,ERR,ERR,ERR,ERR,ERR,ERR,ERR,ERR,ERR,ERR,ERR,50.0,60.0,100,0.0,0.0,0.0,0.0,0.0,0.0,0.0,0.0,0.0,0.0,0.0,0.0,0.0,0.0,0.0,0.0,62.0,72,14,65514,50,65476,0,300,0,0,8,20529,65476,0,0,26214,60.0,0.0,0.0,0.0,0.0,0.0
2026-05-17T18:58:21,ERR,ERR,ERR,ERR,ERR,ERR,ERR,ERR,ERR,ERR,ERR,ERR,ERR,ERR,ERR,ERR,ERR,ERR,ERR,ERR,ERR,ERR,ERR,ERR,ERR,ERR,ERR,ERR,ERR,ERR,ERR,ERR,ERR,ERR,ERR,ERR,ERR,ERR,ERR,ERR,ERR,ERR,ERR,ERR,ERR,ERR,ERR,ERR,ERR,ERR,ERR,ERR,ERR,ERR,ERR,ERR,ERR,ERR,ERR,ERR,ERR,ERR,ERR,ERR,ERR,ERR,ERR,ERR,ERR,ERR,ERR,ERR,ERR,ERR,ERR,ERR,ERR,ERR,ERR,ERR,ERR,ERR,ERR,ERR,ERR,ERR,ERR,ERR,ERR,ERR,ERR,ERR,ERR,ERR,ERR,ERR,ERR,ERR,ERR,ERR,ERR,ERR,ERR,ERR,ERR,ERR,ERR,ERR,ERR,ERR,ERR,ERR,ERR,ERR,ERR,ERR,ERR,ERR,ERR,ERR,ERR,ERR,ERR,ERR,ERR,0.0,0.0,-134474944.0,0.0,0.0,1.3936040501711995e+18,7.805,0.0,0,0,4,0,8422,0.0,45,0.0,0.0,0.0,0.0,0.0,0,0,0,0,0.0,0,0,0,0,0,0,0,0,0,0,0,0,0,0,0,0,0,0,0,0,0,0,0,0,0,0,0,0,0,0,0,0,0,38,14,7,45,65476,0,300,0,0,8,21553,0.0,-107605600.0,0.0,0.0,0.0,0.0,0.0,0.0,0.0,0.0,0.0,0.0,0.0,0.0,0.0,0.0,0.0,0.0,0.0,0.0,0.0,0.0,2.004,2.004,-2.004,0.0,0.0,0.0,0.0,0.0,4853.0,2.004,0.0,2.718428940004181e+23,0.0,0.0,2.718429300292151e+23,0.0,0.0,0.0,0.0,53,4.950428597886765e+32,4.0668510134893235e+29,0.0,0.0,0.0,0.0,0.0,0.0,0.0,0,0,0,0.0,0.0,0.0,0.0,0.0,0.0,0.0,0.0,0.0,0.0,0.0,0.0,0.0,0.0,0.0,0.0,0,-107875648.0,53,0.0,106,-107614832.0,-107351008.0,ERR,ERR,ERR,ERR,ERR,ERR,ERR,ERR,ERR,ERR,ERR,ERR,ERR,ERR,ERR,ERR,ERR,ERR,ERR,ERR,ERR,ERR,ERR,ERR,ERR,ERR,ERR,ERR,ERR,ERR,ERR,ERR,ERR,ERR,ERR,ERR,ERR,ERR,ERR,ERR,ERR,ERR,ERR,ERR,ERR,ERR,ERR,ERR,ERR,ERR,ERR,ERR,ERR,ERR,ERR,ERR,ERR,ERR,ERR,ERR,ERR,ERR,ERR,ERR,ERR,ERR,ERR,50.0,60.0,100,0.0,0.0,0.0,0.0,0.0,0.0,0.0,0.0,0.0,0.0,0.0,0.0,0.0,0.0,0.0,0.0,61.6,72,14,65514,50,65476,0,300,0,0,8,20529,65476,0,0,26214,60.0,0.0,0.0,0.0,0.0,0.0
2026-05-17T18:58:22,ERR,ERR,ERR,ERR,ERR,ERR,ERR,ERR,ERR,ERR,ERR,ERR,ERR,ERR,ERR,ERR,ERR,ERR,ERR,ERR,ERR,ERR,ERR,ERR,ERR,ERR,ERR,ERR,ERR,ERR,ERR,ERR,ERR,ERR,ERR,ERR,ERR,ERR,ERR,ERR,ERR,ERR,ERR,ERR,ERR,ERR,ERR,ERR,ERR,ERR,ERR,ERR,ERR,ERR,ERR,ERR,ERR,ERR,ERR,ERR,ERR,ERR,ERR,ERR,ERR,ERR,ERR,ERR,ERR,ERR,ERR,ERR,ERR,ERR,ERR,ERR,ERR,ERR,ERR,ERR,ERR,ERR,ERR,ERR,ERR,ERR,ERR,ERR,ERR,ERR,ERR,ERR,ERR,ERR,ERR,ERR,ERR,ERR,ERR,ERR,ERR,ERR,ERR,ERR,ERR,ERR,ERR,ERR,ERR,ERR,ERR,ERR,ERR,ERR,ERR,ERR,ERR,ERR,ERR,ERR,ERR,ERR,ERR,ERR,ERR,0.0,0.0,-134474944.0,0.0,0.0,1.3936040501711995e+18,7.805,0.0,0,0,4,0,8422,0.0,45,0.0,0.0,0.0,0.0,0.0,0,0,0,0,0.0,0,0,0,0,0,0,0,0,0,0,0,0,0,0,0,0,0,0,0,0,0,0,0,0,0,0,0,0,0,0,0,0,0,38,14,7,45,65476,0,300,0,0,8,21553,0.0,-107605600.0,0.0,0.0,0.0,0.0,0.0,0.0,0.0,0.0,0.0,0.0,0.0,0.0,0.0,0.0,0.0,0.0,0.0,0.0,0.0,0.0,2.004,2.004,-2.004,0.0,0.0,0.0,0.0,0.0,4853.0,2.004,0.0,2.718428940004181e+23,0.0,0.0,2.718429300292151e+23,0.0,0.0,0.0,0.0,53,4.950428597886765e+32,4.0668510134893235e+29,0.0,0.0,0.0,0.0,0.0,0.0,0.0,0,0,0,0.0,0.0,0.0,0.0,0.0,0.0,0.0,0.0,0.0,0.0,0.0,0.0,0.0,0.0,0.0,0.0,0,-107875648.0,53,0.0,106,-107614832.0,-107351008.0,ERR,ERR,ERR,ERR,ERR,ERR,ERR,ERR,ERR,ERR,ERR,ERR,ERR,ERR,ERR,ERR,ERR,ERR,ERR,ERR,ERR,ERR,ERR,ERR,ERR,ERR,ERR,ERR,ERR,ERR,ERR,ERR,ERR,ERR,ERR,ERR,ERR,ERR,ERR,ERR,ERR,ERR,ERR,ERR,ERR,ERR,ERR,ERR,ERR,ERR,ERR,ERR,ERR,ERR,ERR,ERR,ERR,ERR,ERR,ERR,ERR,ERR,ERR,ERR,ERR,ERR,ERR,50.0,60.0,100,0.0,0.0,0.0,0.0,0.0,0.0,0.0,0.0,0.0,0.0,0.0,0.0,0.0,0.0,0.0,0.0,61.6,72,14,65514,50,65476,0,300,0,0,8,20529,65476,0,0,26214,60.0,0.0,0.0,0.0,0.0,0.0
2026-05-17T18:58:23,ERR,ERR,ERR,ERR,ERR,ERR,ERR,ERR,ERR,ERR,ERR,ERR,ERR,ERR,ERR,ERR,ERR,ERR,ERR,ERR,ERR,ERR,ERR,ERR,ERR,ERR,ERR,ERR,ERR,ERR,ERR,ERR,ERR,ERR,ERR,ERR,ERR,ERR,ERR,ERR,ERR,ERR,ERR,ERR,ERR,ERR,ERR,ERR,ERR,ERR,ERR,ERR,ERR,ERR,ERR,ERR,ERR,ERR,ERR,ERR,ERR,ERR,ERR,ERR,ERR,ERR,ERR,ERR,ERR,ERR,ERR,ERR,ERR,ERR,ERR,ERR,ERR,ERR,ERR,ERR,ERR,ERR,ERR,ERR,ERR,ERR,ERR,ERR,ERR,ERR,ERR,ERR,ERR,ERR,ERR,ERR,ERR,ERR,ERR,ERR,ERR,ERR,ERR,ERR,ERR,ERR,ERR,ERR,ERR,ERR,ERR,ERR,ERR,ERR,ERR,ERR,ERR,ERR,ERR,ERR,ERR,ERR,ERR,ERR,ERR,0.0,0.0,-134474944.0,0.0,0.0,1.3936040501711995e+18,7.805,0.0,0,0,4,0,8422,0.0,45,0.0,0.0,0.0,0.0,0.0,0,0,0,0,0.0,0,0,0,0,0,0,0,0,0,0,0,0,0,0,0,0,0,0,0,0,0,0,0,0,0,0,0,0,0,0,0,0,0,38,14,7,45,65476,0,300,0,0,8,21553,0.0,-107605600.0,0.0,0.0,0.0,0.0,0.0,0.0,0.0,0.0,0.0,0.0,0.0,0.0,0.0,0.0,0.0,0.0,0.0,0.0,0.0,0.0,2.004,2.004,-2.004,0.0,0.0,0.0,0.0,0.0,4853.0,2.004,0.0,2.718428940004181e+23,0.0,0.0,2.718429300292151e+23,0.0,0.0,0.0,0.0,53,4.950428597886765e+32,4.0668510134893235e+29,0.0,0.0,0.0,0.0,0.0,0.0,0.0,0,0,0,0.0,0.0,0.0,0.0,0.0,0.0,0.0,0.0,0.0,0.0,0.0,0.0,0.0,0.0,0.0,0.0,0,-107875648.0,53,0.0,106,-107614832.0,-107351008.0,ERR,ERR,ERR,ERR,ERR,ERR,ERR,ERR,ERR,ERR,ERR,ERR,ERR,ERR,ERR,ERR,ERR,ERR,ERR,ERR,ERR,ERR,ERR,ERR,ERR,ERR,ERR,ERR,ERR,ERR,ERR,ERR,ERR,ERR,ERR,ERR,ERR,ERR,ERR,ERR,ERR,ERR,ERR,ERR,ERR,ERR,ERR,ERR,ERR,ERR,ERR,ERR,ERR,ERR,ERR,ERR,ERR,ERR,ERR,ERR,ERR,ERR,ERR,ERR,ERR,ERR,ERR,50.0,60.0,100,0.0,0.0,0.0,0.0,0.0,0.0,0.0,0.0,0.0,0.0,0.0,0.0,0.0,0.0,0.0,0.0,62.0,72,14,65514,50,65476,0,300,0,0,8,20529,65476,0,0,26214,60.0,0.0,0.0,0.0,0.0,0.0
2026-05-17T18:58:24,ERR,ERR,ERR,ERR,ERR,ERR,ERR,ERR,ERR,ERR,ERR,ERR,ERR,ERR,ERR,ERR,ERR,ERR,ERR,ERR,ERR,ERR,ERR,ERR,ERR,ERR,ERR,ERR,ERR,ERR,ERR,ERR,ERR,ERR,ERR,ERR,ERR,ERR,ERR,ERR,ERR,ERR,ERR,ERR,ERR,ERR,ERR,ERR,ERR,ERR,ERR,ERR,ERR,ERR,ERR,ERR,ERR,ERR,ERR,ERR,ERR,ERR,ERR,ERR,ERR,ERR,ERR,ERR,ERR,ERR,ERR,ERR,ERR,ERR,ERR,ERR,ERR,ERR,ERR,ERR,ERR,ERR,ERR,ERR,ERR,ERR,ERR,ERR,ERR,ERR,ERR,ERR,ERR,ERR,ERR,ERR,ERR,ERR,ERR,ERR,ERR,ERR,ERR,ERR,ERR,ERR,ERR,ERR,ERR,ERR,ERR,ERR,ERR,ERR,ERR,ERR,ERR,ERR,ERR,ERR,ERR,ERR,ERR,ERR,ERR,0.0,0.0,-134474944.0,0.0,0.0,1.3936040501711995e+18,7.805,0.0,0,0,4,0,8422,0.0,45,0.0,0.0,0.0,0.0,0.0,0,0,0,0,0.0,0,0,0,0,0,0,0,0,0,0,0,0,0,0,0,0,0,0,0,0,0,0,0,0,0,0,0,0,0,0,0,0,0,38,14,7,45,65476,0,300,0,0,8,21553,0.0,-107605600.0,0.0,0.0,0.0,0.0,0.0,0.0,0.0,0.0,0.0,0.0,0.0,0.0,0.0,0.0,0.0,0.0,0.0,0.0,0.0,0.0,2.004,2.004,-2.004,0.0,0.0,0.0,0.0,0.0,4853.0,2.004,0.0,2.718428940004181e+23,0.0,0.0,2.718429300292151e+23,0.0,0.0,0.0,0.0,53,4.950428597886765e+32,4.0668510134893235e+29,0.0,0.0,0.0,0.0,0.0,0.0,0.0,0,0,0,0.0,0.0,0.0,0.0,0.0,0.0,0.0,0.0,0.0,0.0,0.0,0.0,0.0,0.0,0.0,0.0,0,-107875648.0,53,0.0,106,-107614832.0,-107351008.0,ERR,ERR,ERR,ERR,ERR,ERR,ERR,ERR,ERR,ERR,ERR,ERR,ERR,ERR,ERR,ERR,ERR,ERR,ERR,ERR,ERR,ERR,ERR,ERR,ERR,ERR,ERR,ERR,ERR,ERR,ERR,ERR,ERR,ERR,ERR,ERR,ERR,ERR,ERR,ERR,ERR,ERR,ERR,ERR,ERR,ERR,ERR,ERR,ERR,ERR,ERR,ERR,ERR,ERR,ERR,ERR,ERR,ERR,ERR,ERR,ERR,ERR,ERR,ERR,ERR,ERR,ERR,50.0,60.0,100,0.0,0.0,0.0,0.0,0.0,0.0,0.0,0.0,0.0,0.0,0.0,0.0,0.0,0.0,0.0,0.0,62.0,72,14,65514,50,65476,0,300,0,0,8,20529,65476,0,0,26214,60.0,0.0,0.0,0.0,0.0,0.0
2026-05-17T18:58:25,ERR,ERR,ERR,ERR,ERR,ERR,ERR,ERR,ERR,ERR,ERR,ERR,ERR,ERR,ERR,ERR,ERR,ERR,ERR,ERR,ERR,ERR,ERR,ERR,ERR,ERR,ERR,ERR,ERR,ERR,ERR,ERR,ERR,ERR,ERR,ERR,ERR,ERR,ERR,ERR,ERR,ERR,ERR,ERR,ERR,ERR,ERR,ERR,ERR,ERR,ERR,ERR,ERR,ERR,ERR,ERR,ERR,ERR,ERR,ERR,ERR,ERR,ERR,ERR,ERR,ERR,ERR,ERR,ERR,ERR,ERR,ERR,ERR,ERR,ERR,ERR,ERR,ERR,ERR,ERR,ERR,ERR,ERR,ERR,ERR,ERR,ERR,ERR,ERR,ERR,ERR,ERR,ERR,ERR,ERR,ERR,ERR,ERR,ERR,ERR,ERR,ERR,ERR,ERR,ERR,ERR,ERR,ERR,ERR,ERR,ERR,ERR,ERR,ERR,ERR,ERR,ERR,ERR,ERR,ERR,ERR,ERR,ERR,ERR,ERR,0.0,0.0,-134474944.0,0.0,0.0,1.3936040501711995e+18,7.805,0.0,0,0,4,0,8422,0.0,45,0.0,0.0,0.0,0.0,0.0,0,0,0,0,0.0,0,0,0,0,0,0,0,0,0,0,0,0,0,0,0,0,0,0,0,0,0,0,0,0,0,0,0,0,0,0,0,0,0,38,14,7,45,65476,0,300,0,0,8,21553,0.0,-107605600.0,0.0,0.0,0.0,0.0,0.0,0.0,0.0,0.0,0.0,0.0,0.0,0.0,0.0,0.0,0.0,0.0,0.0,0.0,0.0,0.0,2.004,2.004,-2.004,0.0,0.0,0.0,0.0,0.0,4853.0,2.004,0.0,2.718428940004181e+23,0.0,0.0,2.718429300292151e+23,0.0,0.0,0.0,0.0,53,4.950428597886765e+32,4.0668510134893235e+29,0.0,0.0,0.0,0.0,0.0,0.0,0.0,0,0,0,0.0,0.0,0.0,0.0,0.0,0.0,0.0,0.0,0.0,0.0,0.0,0.0,0.0,0.0,0.0,0.0,0,-107875648.0,53,0.0,106,-107614832.0,-107351008.0,ERR,ERR,ERR,ERR,ERR,ERR,ERR,ERR,ERR,ERR,ERR,ERR,ERR,ERR,ERR,ERR,ERR,ERR,ERR,ERR,ERR,ERR,ERR,ERR,ERR,ERR,ERR,ERR,ERR,ERR,ERR,ERR,ERR,ERR,ERR,ERR,ERR,ERR,ERR,ERR,ERR,ERR,ERR,ERR,ERR,ERR,ERR,ERR,ERR,ERR,ERR,ERR,ERR,ERR,ERR,ERR,ERR,ERR,ERR,ERR,ERR,ERR,ERR,ERR,ERR,ERR,ERR,50.0,60.0,100,0.0,0.0,0.0,0.0,0.0,0.0,0.0,0.0,0.0,0.0,0.0,0.0,0.0,0.0,0.0,0.0,62.0,72,14,65514,50,65476,0,300,0,0,8,20529,65476,0,0,26214,60.0,0.0,0.0,0.0,0.0,0.0
2026-05-17T18:58:26,ERR,ERR,ERR,ERR,ERR,ERR,ERR,ERR,ERR,ERR,ERR,ERR,ERR,ERR,ERR,ERR,ERR,ERR,ERR,ERR,ERR,ERR,ERR,ERR,ERR,ERR,ERR,ERR,ERR,ERR,ERR,ERR,ERR,ERR,ERR,ERR,ERR,ERR,ERR,ERR,ERR,ERR,ERR,ERR,ERR,ERR,ERR,ERR,ERR,ERR,ERR,ERR,ERR,ERR,ERR,ERR,ERR,ERR,ERR,ERR,ERR,ERR,ERR,ERR,ERR,ERR,ERR,ERR,ERR,ERR,ERR,ERR,ERR,ERR,ERR,ERR,ERR,ERR,ERR,ERR,ERR,ERR,ERR,ERR,ERR,ERR,ERR,ERR,ERR,ERR,ERR,ERR,ERR,ERR,ERR,ERR,ERR,ERR,ERR,ERR,ERR,ERR,ERR,ERR,ERR,ERR,ERR,ERR,ERR,ERR,ERR,ERR,ERR,ERR,ERR,ERR,ERR,ERR,ERR,ERR,ERR,ERR,ERR,ERR,ERR,0.0,0.0,-134474944.0,0.0,0.0,1.3936040501711995e+18,7.805,0.0,0,0,4,0,8422,0.0,45,0.0,0.0,0.0,0.0,0.0,0,0,0,0,0.0,0,0,0,0,0,0,0,0,0,0,0,0,0,0,0,0,0,0,0,0,0,0,0,0,0,0,0,0,0,0,0,0,0,38,14,7,45,65476,0,300,0,0,8,21553,0.0,-107605600.0,0.0,0.0,0.0,0.0,0.0,0.0,0.0,0.0,0.0,0.0,0.0,0.0,-2.596148429267414e+33,0.0,0.0,0.0,0.0,0.0,0.0,0.0,-0.0,2.004,-0.0,2.004,0.0,0.0,0.0,0.0,4825.0,-564145430724608.0,0.0,0.0,0.0,-107615280.0,2.718429300292151e+23,0.0,0.0,0.0,0.0,53,-0.0,0.0,0.0,0.0,0.0,0.0,0.0,0.0,0.0,0,0,0,0.0,0.0,0.0,0.0,0.0,0.0,0.0,0.0,0.0,0.0,0.0,0.0,0.0,0.0,0.0,0.0,0,-107875648.0,53,0.0,106,-107614832.0,-107351008.0,ERR,ERR,ERR,ERR,ERR,ERR,ERR,ERR,ERR,ERR,ERR,ERR,ERR,ERR,ERR,ERR,ERR,ERR,ERR,ERR,ERR,ERR,ERR,ERR,ERR,ERR,ERR,ERR,ERR,ERR,ERR,ERR,ERR,ERR,ERR,ERR,ERR,ERR,ERR,ERR,ERR,ERR,ERR,ERR,ERR,ERR,ERR,ERR,ERR,ERR,ERR,ERR,ERR,ERR,ERR,ERR,ERR,ERR,ERR,ERR,ERR,ERR,ERR,ERR,ERR,ERR,ERR,50.0,60.0,100,0.0,0.0,0.0,0.0,0.0,0.0,0.0,0.0,0.0,0.0,0.0,0.0,0.0,0.0,0.0,0.0,61.6,72,14,65514,50,65476,0,300,0,0,8,20529,65476,0,0,26214,60.0,0.0,0.0,0.0,0.0,0.0
2026-05-17T18:58:27,ERR,ERR,ERR,ERR,ERR,ERR,ERR,ERR,ERR,ERR,ERR,ERR,ERR,ERR,ERR,ERR,ERR,ERR,ERR,ERR,ERR,ERR,ERR,ERR,ERR,ERR,ERR,ERR,ERR,ERR,ERR,ERR,ERR,ERR,ERR,ERR,ERR,ERR,ERR,ERR,ERR,ERR,ERR,ERR,ERR,ERR,ERR,ERR,ERR,ERR,ERR,ERR,ERR,ERR,ERR,ERR,ERR,ERR,ERR,ERR,ERR,ERR,ERR,ERR,ERR,ERR,ERR,ERR,ERR,ERR,ERR,ERR,ERR,ERR,ERR,ERR,ERR,ERR,ERR,ERR,ERR,ERR,ERR,ERR,ERR,ERR,ERR,ERR,ERR,ERR,ERR,ERR,ERR,ERR,ERR,ERR,ERR,ERR,ERR,ERR,ERR,ERR,ERR,ERR,ERR,ERR,ERR,ERR,ERR,ERR,ERR,ERR,ERR,ERR,ERR,ERR,ERR,ERR,ERR,ERR,ERR,ERR,ERR,ERR,ERR,0.0,0.0,-134474944.0,0.0,0.0,1.3936040501711995e+18,7.805,0.0,0,0,4,0,8422,0.0,45,0.0,0.0,0.0,0.0,0.0,0,0,0,0,0.0,0,0,0,0,0,0,0,0,0,0,0,0,0,0,0,0,0,0,0,0,0,0,0,0,0,0,0,0,0,0,0,0,0,38,14,7,45,65476,0,300,0,0,8,21553,0.0,-107605600.0,0.0,0.0,0.0,0.0,0.0,0.0,0.0,0.0,0.0,0.0,0.0,0.0,-2.596148429267414e+33,0.0,0.0,0.0,0.0,0.0,0.0,0.0,-0.0,2.004,-0.0,2.004,0.0,0.0,0.0,0.0,4825.0,-564145430724608.0,0.0,0.0,0.0,-107615280.0,2.718429300292151e+23,0.0,0.0,0.0,0.0,53,-0.0,0.0,0.0,0.0,0.0,0.0,0.0,0.0,0.0,0,0,0,0.0,0.0,0.0,0.0,0.0,0.0,0.0,0.0,0.0,0.0,0.0,0.0,0.0,0.0,0.0,0.0,0,-107875648.0,53,0.0,106,-107614832.0,-107351008.0,ERR,ERR,ERR,ERR,ERR,ERR,ERR,ERR,ERR,ERR,ERR,ERR,ERR,ERR,ERR,ERR,ERR,ERR,ERR,ERR,ERR,ERR,ERR,ERR,ERR,ERR,ERR,ERR,ERR,ERR,ERR,ERR,ERR,ERR,ERR,ERR,ERR,ERR,ERR,ERR,ERR,ERR,ERR,ERR,ERR,ERR,ERR,ERR,ERR,ERR,ERR,ERR,ERR,ERR,ERR,ERR,ERR,ERR,ERR,ERR,ERR,ERR,ERR,ERR,ERR,ERR,ERR,50.0,60.0,100,0.0,0.0,0.0,0.0,0.0,0.0,0.0,0.0,0.0,0.0,0.0,0.0,0.0,0.0,0.0,0.0,61.6,72,14,65514,50,65476,0,300,0,0,8,20529,65476,0,0,26214,60.0,0.0,0.0,0.0,0.0,0.0
2026-05-17T18:58:28,ERR,ERR,ERR,ERR,ERR,ERR,ERR,ERR,ERR,ERR,ERR,ERR,ERR,ERR,ERR,ERR,ERR,ERR,ERR,ERR,ERR,ERR,ERR,ERR,ERR,ERR,ERR,ERR,ERR,ERR,ERR,ERR,ERR,ERR,ERR,ERR,ERR,ERR,ERR,ERR,ERR,ERR,ERR,ERR,ERR,ERR,ERR,ERR,ERR,ERR,ERR,ERR,ERR,ERR,ERR,ERR,ERR,ERR,ERR,ERR,ERR,ERR,ERR,ERR,ERR,ERR,ERR,ERR,ERR,ERR,ERR,ERR,ERR,ERR,ERR,ERR,ERR,ERR,ERR,ERR,ERR,ERR,ERR,ERR,ERR,ERR,ERR,ERR,ERR,ERR,ERR,ERR,ERR,ERR,ERR,ERR,ERR,ERR,ERR,ERR,ERR,ERR,ERR,ERR,ERR,ERR,ERR,ERR,ERR,ERR,ERR,ERR,ERR,ERR,ERR,ERR,ERR,ERR,ERR,ERR,ERR,ERR,ERR,ERR,ERR,0.0,0.0,-134474944.0,0.0,0.0,1.3936040501711995e+18,7.805,0.0,0,0,4,0,8422,0.0,45,0.0,0.0,0.0,0.0,0.0,0,0,0,0,0.0,0,0,0,0,0,0,0,0,0,0,0,0,0,0,0,0,0,0,0,0,0,0,0,0,0,0,0,0,0,0,0,0,0,38,14,7,45,65476,0,300,0,0,8,21553,0.0,-107605600.0,0.0,0.0,0.0,0.0,0.0,0.0,0.0,0.0,0.0,0.0,0.0,0.0,-2.596148429267414e+33,0.0,0.0,0.0,0.0,0.0,0.0,0.0,-0.0,2.004,-0.0,2.004,0.0,0.0,0.0,0.0,4825.0,-564145430724608.0,0.0,0.0,0.0,-107615280.0,2.718429300292151e+23,0.0,0.0,0.0,0.0,53,-0.0,0.0,0.0,0.0,0.0,0.0,0.0,0.0,0.0,0,0,0,0.0,0.0,0.0,0.0,0.0,0.0,0.0,0.0,0.0,0.0,0.0,0.0,0.0,0.0,0.0,0.0,0,-107875648.0,53,0.0,106,-107614832.0,-107351008.0,ERR,ERR,ERR,ERR,ERR,ERR,ERR,ERR,ERR,ERR,ERR,ERR,ERR,ERR,ERR,ERR,ERR,ERR,ERR,ERR,ERR,ERR,ERR,ERR,ERR,ERR,ERR,ERR,ERR,ERR,ERR,ERR,ERR,ERR,ERR,ERR,ERR,ERR,ERR,ERR,ERR,ERR,ERR,ERR,ERR,ERR,ERR,ERR,ERR,ERR,ERR,ERR,ERR,ERR,ERR,ERR,ERR,ERR,ERR,ERR,ERR,ERR,ERR,ERR,ERR,ERR,ERR,50.0,60.0,100,0.0,0.0,0.0,0.0,0.0,0.0,0.0,0.0,0.0,0.0,0.0,0.0,0.0,0.0,0.0,0.0,61.6,72,14,65514,50,65476,0,300,0,0,8,20529,65476,0,0,26214,60.0,0.0,0.0,0.0,0.0,0.0
2026-05-17T18:58:29,ERR,ERR,ERR,ERR,ERR,ERR,ERR,ERR,ERR,ERR,ERR,ERR,ERR,ERR,ERR,ERR,ERR,ERR,ERR,ERR,ERR,ERR,ERR,ERR,ERR,ERR,ERR,ERR,ERR,ERR,ERR,ERR,ERR,ERR,ERR,ERR,ERR,ERR,ERR,ERR,ERR,ERR,ERR,ERR,ERR,ERR,ERR,ERR,ERR,ERR,ERR,ERR,ERR,ERR,ERR,ERR,ERR,ERR,ERR,ERR,ERR,ERR,ERR,ERR,ERR,ERR,ERR,ERR,ERR,ERR,ERR,ERR,ERR,ERR,ERR,ERR,ERR,ERR,ERR,ERR,ERR,ERR,ERR,ERR,ERR,ERR,ERR,ERR,ERR,ERR,ERR,ERR,ERR,ERR,ERR,ERR,ERR,ERR,ERR,ERR,ERR,ERR,ERR,ERR,ERR,ERR,ERR,ERR,ERR,ERR,ERR,ERR,ERR,ERR,ERR,ERR,ERR,ERR,ERR,ERR,ERR,ERR,ERR,ERR,ERR,0.0,0.0,-134474944.0,0.0,0.0,1.3936040501711995e+18,7.805,0.0,0,0,4,0,8422,0.0,45,0.0,0.0,0.0,0.0,0.0,0,0,0,0,0.0,0,0,0,0,0,0,0,0,0,0,0,0,0,0,0,0,0,0,0,0,0,0,0,0,0,0,0,0,0,0,0,0,0,38,14,7,45,65476,0,300,0,0,8,21553,0.0,-107605600.0,0.0,0.0,0.0,0.0,0.0,0.0,0.0,0.0,0.0,0.0,0.0,0.0,-2.596148429267414e+33,0.0,0.0,0.0,0.0,0.0,0.0,0.0,-0.0,2.004,-0.0,2.004,0.0,0.0,0.0,0.0,4825.0,-564145430724608.0,0.0,0.0,0.0,-107615280.0,2.718429300292151e+23,0.0,0.0,0.0,0.0,53,-0.0,0.0,0.0,0.0,0.0,0.0,0.0,0.0,0.0,0,0,0,0.0,0.0,0.0,0.0,0.0,0.0,0.0,0.0,0.0,0.0,0.0,0.0,0.0,0.0,0.0,0.0,0,-107875648.0,53,0.0,106,-107614832.0,-107351008.0,ERR,ERR,ERR,ERR,ERR,ERR,ERR,ERR,ERR,ERR,ERR,ERR,ERR,ERR,ERR,ERR,ERR,ERR,ERR,ERR,ERR,ERR,ERR,ERR,ERR,ERR,ERR,ERR,ERR,ERR,ERR,ERR,ERR,ERR,ERR,ERR,ERR,ERR,ERR,ERR,ERR,ERR,ERR,ERR,ERR,ERR,ERR,ERR,ERR,ERR,ERR,ERR,ERR,ERR,ERR,ERR,ERR,ERR,ERR,ERR,ERR,ERR,ERR,ERR,ERR,ERR,ERR,50.0,60.0,100,0.0,0.0,0.0,0.0,0.0,0.0,0.0,0.0,0.0,0.0,0.0,0.0,0.0,0.0,0.0,0.0,61.6,72,14,65514,50,65476,0,300,0,0,8,20529,65476,0,0,26214,60.0,0.0,0.0,0.0,0.0,0.0
2026-05-17T18:58:30,ERR,ERR,ERR,ERR,ERR,ERR,ERR,ERR,ERR,ERR,ERR,ERR,ERR,ERR,ERR,ERR,ERR,ERR,ERR,ERR,ERR,ERR,ERR,ERR,ERR,ERR,ERR,ERR,ERR,ERR,ERR,ERR,ERR,ERR,ERR,ERR,ERR,ERR,ERR,ERR,ERR,ERR,ERR,ERR,ERR,ERR,ERR,ERR,ERR,ERR,ERR,ERR,ERR,ERR,ERR,ERR,ERR,ERR,ERR,ERR,ERR,ERR,ERR,ERR,ERR,ERR,ERR,ERR,ERR,ERR,ERR,ERR,ERR,ERR,ERR,ERR,ERR,ERR,ERR,ERR,ERR,ERR,ERR,ERR,ERR,ERR,ERR,ERR,ERR,ERR,ERR,ERR,ERR,ERR,ERR,ERR,ERR,ERR,ERR,ERR,ERR,ERR,ERR,ERR,ERR,ERR,ERR,ERR,ERR,ERR,ERR,ERR,ERR,ERR,ERR,ERR,ERR,ERR,ERR,ERR,ERR,ERR,ERR,ERR,ERR,0.0,0.0,-134474944.0,0.0,0.0,1.3936040501711995e+18,7.805,0.0,0,0,4,0,8422,0.0,45,0.0,0.0,0.0,0.0,0.0,0,0,0,0,0.0,0,0,0,0,0,0,0,0,0,0,0,0,0,0,0,0,0,0,0,0,0,0,0,0,0,0,0,0,0,0,0,0,0,38,14,7,45,65476,0,300,0,0,8,21553,0.0,-107605600.0,0.0,0.0,0.0,0.0,0.0,0.0,0.0,0.0,0.0,0.0,0.0,0.0,-2.596148429267414e+33,0.0,0.0,0.0,0.0,0.0,0.0,0.0,-0.0,2.004,-0.0,2.004,0.0,0.0,0.0,0.0,4825.0,-564145430724608.0,0.0,0.0,0.0,-107615280.0,2.718429300292151e+23,0.0,0.0,0.0,0.0,53,-0.0,0.0,0.0,0.0,0.0,0.0,0.0,0.0,0.0,0,0,0,0.0,0.0,0.0,0.0,0.0,0.0,0.0,0.0,0.0,0.0,0.0,0.0,0.0,0.0,0.0,0.0,0,-107875648.0,53,0.0,106,-107614832.0,-107351008.0,ERR,ERR,ERR,ERR,ERR,ERR,ERR,ERR,ERR,ERR,ERR,ERR,ERR,ERR,ERR,ERR,ERR,ERR,ERR,ERR,ERR,ERR,ERR,ERR,ERR,ERR,ERR,ERR,ERR,ERR,ERR,ERR,ERR,ERR,ERR,ERR,ERR,ERR,ERR,ERR,ERR,ERR,ERR,ERR,ERR,ERR,ERR,ERR,ERR,ERR,ERR,ERR,ERR,ERR,ERR,ERR,ERR,ERR,ERR,ERR,ERR,ERR,ERR,ERR,ERR,ERR,ERR,50.0,60.0,100,0.0,0.0,0.0,0.0,0.0,0.0,0.0,0.0,0.0,0.0,0.0,0.0,0.0,0.0,0.0,0.0,61.6,72,14,65514,50,65476,0,300,0,0,8,20529,65476,0,0,26214,60.0,0.0,0.0,0.0,0.0,0.0
2026-05-17T18:58:31,ERR,ERR,ERR,ERR,ERR,ERR,ERR,ERR,ERR,ERR,ERR,ERR,ERR,ERR,ERR,ERR,ERR,ERR,ERR,ERR,ERR,ERR,ERR,ERR,ERR,ERR,ERR,ERR,ERR,ERR,ERR,ERR,ERR,ERR,ERR,ERR,ERR,ERR,ERR,ERR,ERR,ERR,ERR,ERR,ERR,ERR,ERR,ERR,ERR,ERR,ERR,ERR,ERR,ERR,ERR,ERR,ERR,ERR,ERR,ERR,ERR,ERR,ERR,ERR,ERR,ERR,ERR,ERR,ERR,ERR,ERR,ERR,ERR,ERR,ERR,ERR,ERR,ERR,ERR,ERR,ERR,ERR,ERR,ERR,ERR,ERR,ERR,ERR,ERR,ERR,ERR,ERR,ERR,ERR,ERR,ERR,ERR,ERR,ERR,ERR,ERR,ERR,ERR,ERR,ERR,ERR,ERR,ERR,ERR,ERR,ERR,ERR,ERR,ERR,ERR,ERR,ERR,ERR,ERR,ERR,ERR,ERR,ERR,ERR,ERR,0.0,0.0,-134474944.0,0.0,0.0,1.3936040501711995e+18,7.805,0.0,0,0,4,0,8422,0.0,45,0.0,0.0,0.0,0.0,0.0,0,0,0,0,0.0,0,0,0,0,0,0,0,0,0,0,0,0,0,0,0,0,0,0,0,0,0,0,0,0,0,0,0,0,0,0,0,0,0,38,14,7,45,65476,0,300,0,0,8,21553,0.0,-107605600.0,0.0,0.0,0.0,0.0,0.0,0.0,0.0,0.0,0.0,0.0,0.0,0.0,0.0,0.0,0.0,0.0,0.0,0.0,0.0,0.0,2.004,2.004,-2.004,0.0,0.0,0.0,0.0,0.0,4826.0,-2.004,0.0,2.718428940004181e+23,0.0,-107615280.0,2.718429300292151e+23,0.0,0.0,0.0,0.0,53,-0.0,0.0,0.0,0.0,0.0,0.0,0.0,0.0,0.0,0,0,0,0.0,0.0,0.0,0.0,0.0,0.0,0.0,0.0,0.0,0.0,0.0,0.0,0.0,0.0,0.0,0.0,0,-107875648.0,53,0.0,106,-107614832.0,-107351008.0,ERR,ERR,ERR,ERR,ERR,ERR,ERR,ERR,ERR,ERR,ERR,ERR,ERR,ERR,ERR,ERR,ERR,ERR,ERR,ERR,ERR,ERR,ERR,ERR,ERR,ERR,ERR,ERR,ERR,ERR,ERR,ERR,ERR,ERR,ERR,ERR,ERR,ERR,ERR,ERR,ERR,ERR,ERR,ERR,ERR,ERR,ERR,ERR,ERR,ERR,ERR,ERR,ERR,ERR,ERR,ERR,ERR,ERR,ERR,ERR,ERR,ERR,ERR,ERR,ERR,ERR,ERR,50.0,60.0,100,0.0,0.0,0.0,0.0,0.0,0.0,0.0,0.0,0.0,0.0,0.0,0.0,0.0,0.0,0.0,0.0,62.0,72,14,65514,50,65476,0,300,0,0,8,20529,65476,0,0,26214,60.0,0.0,0.0,0.0,0.0,0.0
2026-05-17T18:58:32,ERR,ERR,ERR,ERR,ERR,ERR,ERR,ERR,ERR,ERR,ERR,ERR,ERR,ERR,ERR,ERR,ERR,ERR,ERR,ERR,ERR,ERR,ERR,ERR,ERR,ERR,ERR,ERR,ERR,ERR,ERR,ERR,ERR,ERR,ERR,ERR,ERR,ERR,ERR,ERR,ERR,ERR,ERR,ERR,ERR,ERR,ERR,ERR,ERR,ERR,ERR,ERR,ERR,ERR,ERR,ERR,ERR,ERR,ERR,ERR,ERR,ERR,ERR,ERR,ERR,ERR,ERR,ERR,ERR,ERR,ERR,ERR,ERR,ERR,ERR,ERR,ERR,ERR,ERR,ERR,ERR,ERR,ERR,ERR,ERR,ERR,ERR,ERR,ERR,ERR,ERR,ERR,ERR,ERR,ERR,ERR,ERR,ERR,ERR,ERR,ERR,ERR,ERR,ERR,ERR,ERR,ERR,ERR,ERR,ERR,ERR,ERR,ERR,ERR,ERR,ERR,ERR,ERR,ERR,ERR,ERR,ERR,ERR,ERR,ERR,0.0,0.0,-134474944.0,0.0,0.0,1.3936040501711995e+18,7.805,0.0,0,0,4,0,8422,0.0,45,0.0,0.0,0.0,0.0,0.0,0,0,0,0,0.0,0,0,0,0,0,0,0,0,0,0,0,0,0,0,0,0,0,0,0,0,0,0,0,0,0,0,0,0,0,0,0,0,0,38,14,7,45,65476,0,300,0,0,8,21553,0.0,-107605600.0,0.0,0.0,0.0,0.0,0.0,0.0,0.0,0.0,0.0,0.0,0.0,0.0,0.0,0.0,0.0,0.0,0.0,0.0,0.0,0.0,2.004,2.004,-2.004,0.0,0.0,0.0,0.0,0.0,4826.0,-2.004,0.0,2.718428940004181e+23,0.0,-107615280.0,2.718429300292151e+23,0.0,0.0,0.0,0.0,53,-0.0,0.0,0.0,0.0,0.0,0.0,0.0,0.0,0.0,0,0,0,0.0,0.0,0.0,0.0,0.0,0.0,0.0,0.0,0.0,0.0,0.0,0.0,0.0,0.0,0.0,0.0,0,-107875648.0,53,0.0,106,-107614832.0,-107351008.0,ERR,ERR,ERR,ERR,ERR,ERR,ERR,ERR,ERR,ERR,ERR,ERR,ERR,ERR,ERR,ERR,ERR,ERR,ERR,ERR,ERR,ERR,ERR,ERR,ERR,ERR,ERR,ERR,ERR,ERR,ERR,ERR,ERR,ERR,ERR,ERR,ERR,ERR,ERR,ERR,ERR,ERR,ERR,ERR,ERR,ERR,ERR,ERR,ERR,ERR,ERR,ERR,ERR,ERR,ERR,ERR,ERR,ERR,ERR,ERR,ERR,ERR,ERR,ERR,ERR,ERR,ERR,50.0,60.0,100,0.0,0.0,0.0,0.0,0.0,0.0,0.0,0.0,0.0,0.0,0.0,0.0,0.0,0.0,0.0,0.0,62.0,72,14,65514,50,65476,0,300,0,0,8,20529,65476,0,0,26214,60.0,0.0,0.0,0.0,0.0,0.0
2026-05-17T18:58:33,ERR,ERR,ERR,ERR,ERR,ERR,ERR,ERR,ERR,ERR,ERR,ERR,ERR,ERR,ERR,ERR,ERR,ERR,ERR,ERR,ERR,ERR,ERR,ERR,ERR,ERR,ERR,ERR,ERR,ERR,ERR,ERR,ERR,ERR,ERR,ERR,ERR,ERR,ERR,ERR,ERR,ERR,ERR,ERR,ERR,ERR,ERR,ERR,ERR,ERR,ERR,ERR,ERR,ERR,ERR,ERR,ERR,ERR,ERR,ERR,ERR,ERR,ERR,ERR,ERR,ERR,ERR,ERR,ERR,ERR,ERR,ERR,ERR,ERR,ERR,ERR,ERR,ERR,ERR,ERR,ERR,ERR,ERR,ERR,ERR,ERR,ERR,ERR,ERR,ERR,ERR,ERR,ERR,ERR,ERR,ERR,ERR,ERR,ERR,ERR,ERR,ERR,ERR,ERR,ERR,ERR,ERR,ERR,ERR,ERR,ERR,ERR,ERR,ERR,ERR,ERR,ERR,ERR,ERR,ERR,ERR,ERR,ERR,ERR,ERR,0.0,0.0,-134474944.0,0.0,0.0,1.3936040501711995e+18,7.805,0.0,0,0,4,0,8422,0.0,45,0.0,0.0,0.0,0.0,0.0,0,0,0,0,0.0,0,0,0,0,0,0,0,0,0,0,0,0,0,0,0,0,0,0,0,0,0,0,0,0,0,0,0,0,0,0,0,0,0,38,14,7,45,65476,0,300,0,0,8,21553,0.0,-107605600.0,0.0,0.0,0.0,0.0,0.0,0.0,0.0,0.0,0.0,0.0,0.0,0.0,0.0,0.0,0.0,0.0,0.0,0.0,0.0,0.0,2.004,2.004,-2.004,0.0,0.0,0.0,0.0,0.0,4826.0,-2.004,0.0,2.718428940004181e+23,0.0,-107615280.0,2.718429300292151e+23,0.0,0.0,0.0,0.0,53,-0.0,0.0,0.0,0.0,0.0,0.0,0.0,0.0,0.0,0,0,0,0.0,0.0,0.0,0.0,0.0,0.0,0.0,0.0,0.0,0.0,0.0,0.0,0.0,0.0,0.0,0.0,0,-107875648.0,53,0.0,106,-107614832.0,-107351008.0,ERR,ERR,ERR,ERR,ERR,ERR,ERR,ERR,ERR,ERR,ERR,ERR,ERR,ERR,ERR,ERR,ERR,ERR,ERR,ERR,ERR,ERR,ERR,ERR,ERR,ERR,ERR,ERR,ERR,ERR,ERR,ERR,ERR,ERR,ERR,ERR,ERR,ERR,ERR,ERR,ERR,ERR,ERR,ERR,ERR,ERR,ERR,ERR,ERR,ERR,ERR,ERR,ERR,ERR,ERR,ERR,ERR,ERR,ERR,ERR,ERR,ERR,ERR,ERR,ERR,ERR,ERR,50.0,60.0,100,0.0,0.0,0.0,0.0,0.0,0.0,0.0,0.0,0.0,0.0,0.0,0.0,0.0,0.0,0.0,0.0,61.6,72,14,65514,50,65476,0,300,0,0,8,20529,65476,0,0,26214,60.0,0.0,0.0,0.0,0.0,0.0
2026-05-17T18:58:34,ERR,ERR,ERR,ERR,ERR,ERR,ERR,ERR,ERR,ERR,ERR,ERR,ERR,ERR,ERR,ERR,ERR,ERR,ERR,ERR,ERR,ERR,ERR,ERR,ERR,ERR,ERR,ERR,ERR,ERR,ERR,ERR,ERR,ERR,ERR,ERR,ERR,ERR,ERR,ERR,ERR,ERR,ERR,ERR,ERR,ERR,ERR,ERR,ERR,ERR,ERR,ERR,ERR,ERR,ERR,ERR,ERR,ERR,ERR,ERR,ERR,ERR,ERR,ERR,ERR,ERR,ERR,ERR,ERR,ERR,ERR,ERR,ERR,ERR,ERR,ERR,ERR,ERR,ERR,ERR,ERR,ERR,ERR,ERR,ERR,ERR,ERR,ERR,ERR,ERR,ERR,ERR,ERR,ERR,ERR,ERR,ERR,ERR,ERR,ERR,ERR,ERR,ERR,ERR,ERR,ERR,ERR,ERR,ERR,ERR,ERR,ERR,ERR,ERR,ERR,ERR,ERR,ERR,ERR,ERR,ERR,ERR,ERR,ERR,ERR,0.0,0.0,-134474944.0,0.0,0.0,1.3936040501711995e+18,7.805,0.0,0,0,4,0,8422,0.0,45,0.0,0.0,0.0,0.0,0.0,0,0,0,0,0.0,0,0,0,0,0,0,0,0,0,0,0,0,0,0,0,0,0,0,0,0,0,0,0,0,0,0,0,0,0,0,0,0,0,38,14,7,45,65476,0,300,0,0,8,21553,0.0,-107605600.0,0.0,0.0,0.0,0.0,0.0,0.0,0.0,0.0,0.0,0.0,0.0,0.0,0.0,0.0,0.0,0.0,0.0,0.0,0.0,0.0,2.004,2.004,-2.004,0.0,0.0,0.0,0.0,0.0,4826.0,-2.004,0.0,2.718428940004181e+23,0.0,-107615280.0,2.718429300292151e+23,0.0,0.0,0.0,0.0,53,-0.0,0.0,0.0,0.0,0.0,0.0,0.0,0.0,0.0,0,0,0,0.0,0.0,0.0,0.0,0.0,0.0,0.0,0.0,0.0,0.0,0.0,0.0,0.0,0.0,0.0,0.0,0,-107875648.0,53,0.0,106,-107614832.0,-107351008.0,ERR,ERR,ERR,ERR,ERR,ERR,ERR,ERR,ERR,ERR,ERR,ERR,ERR,ERR,ERR,ERR,ERR,ERR,ERR,ERR,ERR,ERR,ERR,ERR,ERR,ERR,ERR,ERR,ERR,ERR,ERR,ERR,ERR,ERR,ERR,ERR,ERR,ERR,ERR,ERR,ERR,ERR,ERR,ERR,ERR,ERR,ERR,ERR,ERR,ERR,ERR,ERR,ERR,ERR,ERR,ERR,ERR,ERR,ERR,ERR,ERR,ERR,ERR,ERR,ERR,ERR,ERR,50.0,60.0,100,0.0,0.0,0.0,0.0,0.0,0.0,0.0,0.0,0.0,0.0,0.0,0.0,0.0,0.0,0.0,0.0,61.6,72,14,65514,50,65476,0,300,0,0,8,20529,65476,0,0,26214,60.0,0.0,0.0,0.0,0.0,0.0
2026-05-17T18:58:35,ERR,ERR,ERR,ERR,ERR,ERR,ERR,ERR,ERR,ERR,ERR,ERR,ERR,ERR,ERR,ERR,ERR,ERR,ERR,ERR,ERR,ERR,ERR,ERR,ERR,ERR,ERR,ERR,ERR,ERR,ERR,ERR,ERR,ERR,ERR,ERR,ERR,ERR,ERR,ERR,ERR,ERR,ERR,ERR,ERR,ERR,ERR,ERR,ERR,ERR,ERR,ERR,ERR,ERR,ERR,ERR,ERR,ERR,ERR,ERR,ERR,ERR,ERR,ERR,ERR,ERR,ERR,ERR,ERR,ERR,ERR,ERR,ERR,ERR,ERR,ERR,ERR,ERR,ERR,ERR,ERR,ERR,ERR,ERR,ERR,ERR,ERR,ERR,ERR,ERR,ERR,ERR,ERR,ERR,ERR,ERR,ERR,ERR,ERR,ERR,ERR,ERR,ERR,ERR,ERR,ERR,ERR,ERR,ERR,ERR,ERR,ERR,ERR,ERR,ERR,ERR,ERR,ERR,ERR,ERR,ERR,ERR,ERR,ERR,ERR,0.0,0.0,-134474944.0,0.0,0.0,1.3936040501711995e+18,7.805,0.0,0,0,4,0,8422,0.0,45,0.0,0.0,0.0,0.0,0.0,0,0,0,0,0.0,0,0,0,0,0,0,0,0,0,0,0,0,0,0,0,0,0,0,0,0,0,0,0,0,0,0,0,0,0,0,0,0,0,38,14,7,45,65476,0,300,0,0,8,21553,0.0,-107605600.0,0.0,0.0,0.0,0.0,0.0,0.0,0.0,0.0,0.0,0.0,0.0,0.0,0.0,0.0,0.0,0.0,0.0,0.0,0.0,0.0,2.004,2.004,-2.004,0.0,0.0,0.0,0.0,0.0,4826.0,-2.004,0.0,2.718428940004181e+23,0.0,-107615280.0,2.718429300292151e+23,0.0,0.0,0.0,0.0,53,-0.0,0.0,0.0,0.0,0.0,0.0,0.0,0.0,0.0,0,0,0,0.0,0.0,0.0,0.0,0.0,0.0,0.0,0.0,0.0,0.0,0.0,0.0,0.0,0.0,0.0,0.0,0,-107875648.0,53,0.0,106,-107614832.0,-107351008.0,ERR,ERR,ERR,ERR,ERR,ERR,ERR,ERR,ERR,ERR,ERR,ERR,ERR,ERR,ERR,ERR,ERR,ERR,ERR,ERR,ERR,ERR,ERR,ERR,ERR,ERR,ERR,ERR,ERR,ERR,ERR,ERR,ERR,ERR,ERR,ERR,ERR,ERR,ERR,ERR,ERR,ERR,ERR,ERR,ERR,ERR,ERR,ERR,ERR,ERR,ERR,ERR,ERR,ERR,ERR,ERR,ERR,ERR,ERR,ERR,ERR,ERR,ERR,ERR,ERR,ERR,ERR,50.0,60.0,100,0.0,0.0,0.0,0.0,0.0,0.0,0.0,0.0,0.0,0.0,0.0,0.0,0.0,0.0,0.0,0.0,61.6,72,14,65514,50,65476,0,300,0,0,8,20529,65476,0,0,26214,60.0,0.0,0.0,0.0,0.0,0.0
2026-05-17T18:58:36,ERR,ERR,ERR,ERR,ERR,ERR,ERR,ERR,ERR,ERR,ERR,ERR,ERR,ERR,ERR,ERR,ERR,ERR,ERR,ERR,ERR,ERR,ERR,ERR,ERR,ERR,ERR,ERR,ERR,ERR,ERR,ERR,ERR,ERR,ERR,ERR,ERR,ERR,ERR,ERR,ERR,ERR,ERR,ERR,ERR,ERR,ERR,ERR,ERR,ERR,ERR,ERR,ERR,ERR,ERR,ERR,ERR,ERR,ERR,ERR,ERR,ERR,ERR,ERR,ERR,ERR,ERR,ERR,ERR,ERR,ERR,ERR,ERR,ERR,ERR,ERR,ERR,ERR,ERR,ERR,ERR,ERR,ERR,ERR,ERR,ERR,ERR,ERR,ERR,ERR,ERR,ERR,ERR,ERR,ERR,ERR,ERR,ERR,ERR,ERR,ERR,ERR,ERR,ERR,ERR,ERR,ERR,ERR,ERR,ERR,ERR,ERR,ERR,ERR,ERR,ERR,ERR,ERR,ERR,ERR,ERR,ERR,ERR,ERR,ERR,0.0,0.0,-134474944.0,0.0,0.0,1.3936040501711995e+18,7.805,0.0,0,0,4,0,8422,0.0,45,0.0,0.0,0.0,0.0,0.0,0,0,0,0,0.0,0,0,0,0,0,0,0,0,0,0,0,0,0,0,0,0,0,0,0,0,0,0,0,0,0,0,0,0,0,0,0,0,0,38,14,7,45,65476,0,300,0,0,8,21553,0.0,-107605600.0,0.0,0.0,0.0,0.0,0.0,0.0,0.0,0.0,0.0,0.0,0.0,0.0,0.0,0.0,0.0,0.0,0.0,0.0,0.0,0.0,2.004,2.004,-2.004,0.0,0.0,0.0,0.0,0.0,4826.0,1.0406646380929485e+34,0.0,0.0,0.0,0.0,2.718429300292151e+23,0.0,0.0,0.0,0.0,53,-0.0,126840471552.0,0.0,0.0,0.0,0.0,0.0,0.0,0.0,0,0,0,0.0,0.0,0.0,0.0,0.0,0.0,0.0,0.0,0.0,0.0,0.0,0.0,0.0,0.0,0.0,0.0,0,-107875648.0,53,0.0,106,-107614832.0,0.0,ERR,ERR,ERR,ERR,ERR,ERR,ERR,ERR,ERR,ERR,ERR,ERR,ERR,ERR,ERR,ERR,ERR,ERR,ERR,ERR,ERR,ERR,ERR,ERR,ERR,ERR,ERR,ERR,ERR,ERR,ERR,ERR,ERR,ERR,ERR,ERR,ERR,ERR,ERR,ERR,ERR,ERR,ERR,ERR,ERR,ERR,ERR,ERR,ERR,ERR,ERR,ERR,ERR,ERR,ERR,ERR,ERR,ERR,ERR,ERR,ERR,ERR,ERR,ERR,ERR,ERR,ERR,50.0,60.0,100,0.0,0.0,0.0,0.0,0.0,0.0,0.0,0.0,0.0,0.0,0.0,0.0,0.0,0.0,0.0,0.0,61.6,72,14,65514,50,65476,0,300,0,0,8,20529,65476,0,0,26214,60.0,0.0,0.0,0.0,0.0,0.0
2026-05-17T18:58:37,ERR,ERR,ERR,ERR,ERR,ERR,ERR,ERR,ERR,ERR,ERR,ERR,ERR,ERR,ERR,ERR,ERR,ERR,ERR,ERR,ERR,ERR,ERR,ERR,ERR,ERR,ERR,ERR,ERR,ERR,ERR,ERR,ERR,ERR,ERR,ERR,ERR,ERR,ERR,ERR,ERR,ERR,ERR,ERR,ERR,ERR,ERR,ERR,ERR,ERR,ERR,ERR,ERR,ERR,ERR,ERR,ERR,ERR,ERR,ERR,ERR,ERR,ERR,ERR,ERR,ERR,ERR,ERR,ERR,ERR,ERR,ERR,ERR,ERR,ERR,ERR,ERR,ERR,ERR,ERR,ERR,ERR,ERR,ERR,ERR,ERR,ERR,ERR,ERR,ERR,ERR,ERR,ERR,ERR,ERR,ERR,ERR,ERR,ERR,ERR,ERR,ERR,ERR,ERR,ERR,ERR,ERR,ERR,ERR,ERR,ERR,ERR,ERR,ERR,ERR,ERR,ERR,ERR,ERR,ERR,ERR,ERR,ERR,ERR,ERR,0.0,0.0,-134474944.0,0.0,0.0,1.3936040501711995e+18,7.805,0.0,0,0,4,0,8422,0.0,45,0.0,0.0,0.0,0.0,0.0,0,0,0,0,0.0,0,0,0,0,0,0,0,0,0,0,0,0,0,0,0,0,0,0,0,0,0,0,0,0,0,0,0,0,0,0,0,0,0,38,14,7,45,65476,0,300,0,0,8,21553,0.0,-107605600.0,0.0,0.0,0.0,0.0,0.0,0.0,0.0,0.0,0.0,0.0,0.0,0.0,0.0,0.0,0.0,0.0,0.0,0.0,0.0,0.0,2.004,2.004,-2.004,0.0,0.0,0.0,0.0,0.0,4826.0,1.0406646380929485e+34,0.0,0.0,0.0,0.0,2.718429300292151e+23,0.0,0.0,0.0,0.0,53,-0.0,126840471552.0,0.0,0.0,0.0,0.0,0.0,0.0,0.0,0,0,0,0.0,0.0,0.0,0.0,0.0,0.0,0.0,0.0,0.0,0.0,0.0,0.0,0.0,0.0,0.0,0.0,0,-107875648.0,53,0.0,106,-107614832.0,0.0,ERR,ERR,ERR,ERR,ERR,ERR,ERR,ERR,ERR,ERR,ERR,ERR,ERR,ERR,ERR,ERR,ERR,ERR,ERR,ERR,ERR,ERR,ERR,ERR,ERR,ERR,ERR,ERR,ERR,ERR,ERR,ERR,ERR,ERR,ERR,ERR,ERR,ERR,ERR,ERR,ERR,ERR,ERR,ERR,ERR,ERR,ERR,ERR,ERR,ERR,ERR,ERR,ERR,ERR,ERR,ERR,ERR,ERR,ERR,ERR,ERR,ERR,ERR,ERR,ERR,ERR,ERR,50.0,60.0,100,0.0,0.0,0.0,0.0,0.0,0.0,0.0,0.0,0.0,0.0,0.0,0.0,0.0,0.0,0.0,0.0,61.6,72,14,65514,50,65476,0,300,0,0,8,20529,65476,0,0,26214,60.0,0.0,0.0,0.0,0.0,0.0
2026-05-17T18:58:38,ERR,ERR,ERR,ERR,ERR,ERR,ERR,ERR,ERR,ERR,ERR,ERR,ERR,ERR,ERR,ERR,ERR,ERR,ERR,ERR,ERR,ERR,ERR,ERR,ERR,ERR,ERR,ERR,ERR,ERR,ERR,ERR,ERR,ERR,ERR,ERR,ERR,ERR,ERR,ERR,ERR,ERR,ERR,ERR,ERR,ERR,ERR,ERR,ERR,ERR,ERR,ERR,ERR,ERR,ERR,ERR,ERR,ERR,ERR,ERR,ERR,ERR,ERR,ERR,ERR,ERR,ERR,ERR,ERR,ERR,ERR,ERR,ERR,ERR,ERR,ERR,ERR,ERR,ERR,ERR,ERR,ERR,ERR,ERR,ERR,ERR,ERR,ERR,ERR,ERR,ERR,ERR,ERR,ERR,ERR,ERR,ERR,ERR,ERR,ERR,ERR,ERR,ERR,ERR,ERR,ERR,ERR,ERR,ERR,ERR,ERR,ERR,ERR,ERR,ERR,ERR,ERR,ERR,ERR,ERR,ERR,ERR,ERR,ERR,ERR,0.0,0.0,-134474944.0,0.0,0.0,1.3936040501711995e+18,7.805,0.0,0,0,4,0,8422,0.0,45,0.0,0.0,0.0,0.0,0.0,0,0,0,0,0.0,0,0,0,0,0,0,0,0,0,0,0,0,0,0,0,0,0,0,0,0,0,0,0,0,0,0,0,0,0,0,0,0,0,38,14,7,45,65476,0,300,0,0,8,21553,0.0,-107605600.0,0.0,0.0,0.0,0.0,0.0,0.0,0.0,0.0,0.0,0.0,0.0,0.0,0.0,0.0,0.0,0.0,0.0,0.0,0.0,0.0,2.004,2.004,-2.004,0.0,0.0,0.0,0.0,0.0,4826.0,1.0406646380929485e+34,0.0,0.0,0.0,0.0,2.718429300292151e+23,0.0,0.0,0.0,0.0,53,-0.0,126840471552.0,0.0,0.0,0.0,0.0,0.0,0.0,0.0,0,0,0,0.0,0.0,0.0,0.0,0.0,0.0,0.0,0.0,0.0,0.0,0.0,0.0,0.0,0.0,0.0,0.0,0,-107875648.0,53,0.0,106,-107614832.0,0.0,ERR,ERR,ERR,ERR,ERR,ERR,ERR,ERR,ERR,ERR,ERR,ERR,ERR,ERR,ERR,ERR,ERR,ERR,ERR,ERR,ERR,ERR,ERR,ERR,ERR,ERR,ERR,ERR,ERR,ERR,ERR,ERR,ERR,ERR,ERR,ERR,ERR,ERR,ERR,ERR,ERR,ERR,ERR,ERR,ERR,ERR,ERR,ERR,ERR,ERR,ERR,ERR,ERR,ERR,ERR,ERR,ERR,ERR,ERR,ERR,ERR,ERR,ERR,ERR,ERR,ERR,ERR,50.0,60.0,100,0.0,0.0,0.0,0.0,0.0,0.0,0.0,0.0,0.0,0.0,0.0,0.0,0.0,0.0,0.0,0.0,61.6,72,14,65514,50,65476,0,300,0,0,8,20529,65476,0,0,26214,60.0,0.0,0.0,0.0,0.0,0.0
2026-05-17T18:58:39,ERR,ERR,ERR,ERR,ERR,ERR,ERR,ERR,ERR,ERR,ERR,ERR,ERR,ERR,ERR,ERR,ERR,ERR,ERR,ERR,ERR,ERR,ERR,ERR,ERR,ERR,ERR,ERR,ERR,ERR,ERR,ERR,ERR,ERR,ERR,ERR,ERR,ERR,ERR,ERR,ERR,ERR,ERR,ERR,ERR,ERR,ERR,ERR,ERR,ERR,ERR,ERR,ERR,ERR,ERR,ERR,ERR,ERR,ERR,ERR,ERR,ERR,ERR,ERR,ERR,ERR,ERR,ERR,ERR,ERR,ERR,ERR,ERR,ERR,ERR,ERR,ERR,ERR,ERR,ERR,ERR,ERR,ERR,ERR,ERR,ERR,ERR,ERR,ERR,ERR,ERR,ERR,ERR,ERR,ERR,ERR,ERR,ERR,ERR,ERR,ERR,ERR,ERR,ERR,ERR,ERR,ERR,ERR,ERR,ERR,ERR,ERR,ERR,ERR,ERR,ERR,ERR,ERR,ERR,ERR,ERR,ERR,ERR,ERR,ERR,0.0,0.0,-134474944.0,0.0,0.0,1.3936040501711995e+18,7.805,0.0,0,0,4,0,8422,0.0,45,0.0,0.0,0.0,0.0,0.0,0,0,0,0,0.0,0,0,0,0,0,0,0,0,0,0,0,0,0,0,0,0,0,0,0,0,0,0,0,0,0,0,0,0,0,0,0,0,0,38,14,7,45,65476,0,300,0,0,8,21553,0.0,-107605600.0,0.0,0.0,0.0,0.0,0.0,0.0,0.0,0.0,0.0,0.0,0.0,0.0,0.0,0.0,0.0,0.0,0.0,0.0,0.0,0.0,2.004,2.004,-2.004,0.0,0.0,0.0,0.0,0.0,4826.0,1.0406646380929485e+34,0.0,0.0,0.0,0.0,2.718429300292151e+23,0.0,0.0,0.0,0.0,53,-0.0,126840471552.0,0.0,0.0,0.0,0.0,0.0,0.0,0.0,0,0,0,0.0,0.0,0.0,0.0,0.0,0.0,0.0,0.0,0.0,0.0,0.0,0.0,0.0,0.0,0.0,0.0,0,-107875648.0,53,0.0,106,-107614832.0,0.0,ERR,ERR,ERR,ERR,ERR,ERR,ERR,ERR,ERR,ERR,ERR,ERR,ERR,ERR,ERR,ERR,ERR,ERR,ERR,ERR,ERR,ERR,ERR,ERR,ERR,ERR,ERR,ERR,ERR,ERR,ERR,ERR,ERR,ERR,ERR,ERR,ERR,ERR,ERR,ERR,ERR,ERR,ERR,ERR,ERR,ERR,ERR,ERR,ERR,ERR,ERR,ERR,ERR,ERR,ERR,ERR,ERR,ERR,ERR,ERR,ERR,ERR,ERR,ERR,ERR,ERR,ERR,50.0,60.0,100,0.0,0.0,0.0,0.0,0.0,0.0,0.0,0.0,0.0,0.0,0.0,0.0,0.0,0.0,0.0,0.0,61.6,72,14,65514,50,65476,0,300,0,0,8,20529,65476,0,0,26214,60.0,0.0,0.0,0.0,0.0,0.0
2026-05-17T18:58:40,ERR,ERR,ERR,ERR,ERR,ERR,ERR,ERR,ERR,ERR,ERR,ERR,ERR,ERR,ERR,ERR,ERR,ERR,ERR,ERR,ERR,ERR,ERR,ERR,ERR,ERR,ERR,ERR,ERR,ERR,ERR,ERR,ERR,ERR,ERR,ERR,ERR,ERR,ERR,ERR,ERR,ERR,ERR,ERR,ERR,ERR,ERR,ERR,ERR,ERR,ERR,ERR,ERR,ERR,ERR,ERR,ERR,ERR,ERR,ERR,ERR,ERR,ERR,ERR,ERR,ERR,ERR,ERR,ERR,ERR,ERR,ERR,ERR,ERR,ERR,ERR,ERR,ERR,ERR,ERR,ERR,ERR,ERR,ERR,ERR,ERR,ERR,ERR,ERR,ERR,ERR,ERR,ERR,ERR,ERR,ERR,ERR,ERR,ERR,ERR,ERR,ERR,ERR,ERR,ERR,ERR,ERR,ERR,ERR,ERR,ERR,ERR,ERR,ERR,ERR,ERR,ERR,ERR,ERR,ERR,ERR,ERR,ERR,ERR,ERR,0.0,0.0,-134474944.0,0.0,0.0,1.3936040501711995e+18,7.805,0.0,0,0,4,0,8422,0.0,45,0.0,0.0,0.0,0.0,0.0,0,0,0,0,0.0,0,0,0,0,0,0,0,0,0,0,0,0,0,0,0,0,0,0,0,0,0,0,0,0,0,0,0,0,0,0,0,0,0,38,14,7,45,65476,0,300,0,0,8,21553,0.0,-107605600.0,0.0,0.0,0.0,0.0,0.0,0.0,0.0,0.0,0.0,0.0,0.0,0.0,0.0,0.0,0.0,0.0,0.0,0.0,0.0,0.0,2.004,2.004,-2.004,0.0,0.0,0.0,0.0,0.0,4826.0,1.0406646380929485e+34,0.0,0.0,0.0,0.0,2.718429300292151e+23,0.0,0.0,0.0,0.0,53,-0.0,126840471552.0,0.0,0.0,0.0,0.0,0.0,0.0,0.0,0,0,0,0.0,0.0,0.0,0.0,0.0,0.0,0.0,0.0,0.0,0.0,0.0,0.0,0.0,0.0,0.0,0.0,0,-107875648.0,53,0.0,106,-107614832.0,0.0,ERR,ERR,ERR,ERR,ERR,ERR,ERR,ERR,ERR,ERR,ERR,ERR,ERR,ERR,ERR,ERR,ERR,ERR,ERR,ERR,ERR,ERR,ERR,ERR,ERR,ERR,ERR,ERR,ERR,ERR,ERR,ERR,ERR,ERR,ERR,ERR,ERR,ERR,ERR,ERR,ERR,ERR,ERR,ERR,ERR,ERR,ERR,ERR,ERR,ERR,ERR,ERR,ERR,ERR,ERR,ERR,ERR,ERR,ERR,ERR,ERR,ERR,ERR,ERR,ERR,ERR,ERR,50.0,60.0,100,0.0,0.0,0.0,0.0,0.0,0.0,0.0,0.0,0.0,0.0,0.0,0.0,0.0,0.0,0.0,0.0,61.6,72,14,65514,50,65476,0,300,0,0,8,20529,65476,0,0,26214,60.0,0.0,0.0,0.0,0.0,0.0
2026-05-17T18:58:41,ERR,ERR,ERR,ERR,ERR,ERR,ERR,ERR,ERR,ERR,ERR,ERR,ERR,ERR,ERR,ERR,ERR,ERR,ERR,ERR,ERR,ERR,ERR,ERR,ERR,ERR,ERR,ERR,ERR,ERR,ERR,ERR,ERR,ERR,ERR,ERR,ERR,ERR,ERR,ERR,ERR,ERR,ERR,ERR,ERR,ERR,ERR,ERR,ERR,ERR,ERR,ERR,ERR,ERR,ERR,ERR,ERR,ERR,ERR,ERR,ERR,ERR,ERR,ERR,ERR,ERR,ERR,ERR,ERR,ERR,ERR,ERR,ERR,ERR,ERR,ERR,ERR,ERR,ERR,ERR,ERR,ERR,ERR,ERR,ERR,ERR,ERR,ERR,ERR,ERR,ERR,ERR,ERR,ERR,ERR,ERR,ERR,ERR,ERR,ERR,ERR,ERR,ERR,ERR,ERR,ERR,ERR,ERR,ERR,ERR,ERR,ERR,ERR,ERR,ERR,ERR,ERR,ERR,ERR,ERR,ERR,ERR,ERR,ERR,ERR,0.0,0.0,-134474944.0,0.0,0.0,1.3936040501711995e+18,7.805,0.0,0,0,4,0,8422,0.0,45,0.0,0.0,0.0,0.0,0.0,0,0,0,0,0.0,0,0,0,0,0,0,0,0,0,0,0,0,0,0,0,0,0,0,0,0,0,0,0,0,0,0,0,0,0,0,0,0,0,38,14,7,45,65476,0,300,0,0,8,21553,0.0,-107605600.0,0.0,0.0,0.0,0.0,0.0,0.0,0.0,0.0,0.0,0.0,0.0,0.0,0.0,0.0,0.0,0.0,0.0,0.0,0.0,0.0,2.004,2.004,-2.004,0.0,0.0,0.0,0.0,0.0,4789.0,-2.422985886919649e+24,0.0,2.718428940004181e+23,0.0,-107615280.0,-0.0,0.0,0.0,0.0,0.0,53,5.848083413016271e+35,-3.2219994468298344e+26,0.0,0.0,0.0,0.0,0.0,0.0,0.0,0,0,0,0.0,0.0,0.0,0.0,0.0,0.0,0.0,0.0,0.0,0.0,0.0,0.0,0.0,0.0,0.0,0.0,0,-107875648.0,53,0.0,106,-107614832.0,-107351008.0,ERR,ERR,ERR,ERR,ERR,ERR,ERR,ERR,ERR,ERR,ERR,ERR,ERR,ERR,ERR,ERR,ERR,ERR,ERR,ERR,ERR,ERR,ERR,ERR,ERR,ERR,ERR,ERR,ERR,ERR,ERR,ERR,ERR,ERR,ERR,ERR,ERR,ERR,ERR,ERR,ERR,ERR,ERR,ERR,ERR,ERR,ERR,ERR,ERR,ERR,ERR,ERR,ERR,ERR,ERR,ERR,ERR,ERR,ERR,ERR,ERR,ERR,ERR,ERR,ERR,ERR,ERR,50.0,60.0,100,0.0,0.0,0.0,0.0,0.0,0.0,0.0,0.0,0.0,0.0,0.0,0.0,0.0,0.0,0.0,0.0,61.6,72,14,65514,50,65476,0,300,0,0,8,20529,65476,0,0,26214,60.0,0.0,0.0,0.0,0.0,0.0
2026-05-17T18:58:42,ERR,ERR,ERR,ERR,ERR,ERR,ERR,ERR,ERR,ERR,ERR,ERR,ERR,ERR,ERR,ERR,ERR,ERR,ERR,ERR,ERR,ERR,ERR,ERR,ERR,ERR,ERR,ERR,ERR,ERR,ERR,ERR,ERR,ERR,ERR,ERR,ERR,ERR,ERR,ERR,ERR,ERR,ERR,ERR,ERR,ERR,ERR,ERR,ERR,ERR,ERR,ERR,ERR,ERR,ERR,ERR,ERR,ERR,ERR,ERR,ERR,ERR,ERR,ERR,ERR,ERR,ERR,ERR,ERR,ERR,ERR,ERR,ERR,ERR,ERR,ERR,ERR,ERR,ERR,ERR,ERR,ERR,ERR,ERR,ERR,ERR,ERR,ERR,ERR,ERR,ERR,ERR,ERR,ERR,ERR,ERR,ERR,ERR,ERR,ERR,ERR,ERR,ERR,ERR,ERR,ERR,ERR,ERR,ERR,ERR,ERR,ERR,ERR,ERR,ERR,ERR,ERR,ERR,ERR,ERR,ERR,ERR,ERR,ERR,ERR,0.0,0.0,-134474944.0,0.0,0.0,1.3936040501711995e+18,7.805,0.0,0,0,4,0,8422,0.0,45,0.0,0.0,0.0,0.0,0.0,0,0,0,0,0.0,0,0,0,0,0,0,0,0,0,0,0,0,0,0,0,0,0,0,0,0,0,0,0,0,0,0,0,0,0,0,0,0,0,38,14,7,45,65476,0,300,0,0,8,21553,0.0,-107605600.0,0.0,0.0,0.0,0.0,0.0,0.0,0.0,0.0,0.0,0.0,0.0,0.0,0.0,0.0,0.0,0.0,0.0,0.0,0.0,0.0,2.004,2.004,-2.004,0.0,0.0,0.0,0.0,0.0,4789.0,-2.422985886919649e+24,0.0,2.718428940004181e+23,0.0,-107615280.0,-0.0,0.0,0.0,0.0,0.0,53,5.848083413016271e+35,-3.2219994468298344e+26,0.0,0.0,0.0,0.0,0.0,0.0,0.0,0,0,0,0.0,0.0,0.0,0.0,0.0,0.0,0.0,0.0,0.0,0.0,0.0,0.0,0.0,0.0,0.0,0.0,0,-107875648.0,53,0.0,106,-107614832.0,-107351008.0,ERR,ERR,ERR,ERR,ERR,ERR,ERR,ERR,ERR,ERR,ERR,ERR,ERR,ERR,ERR,ERR,ERR,ERR,ERR,ERR,ERR,ERR,ERR,ERR,ERR,ERR,ERR,ERR,ERR,ERR,ERR,ERR,ERR,ERR,ERR,ERR,ERR,ERR,ERR,ERR,ERR,ERR,ERR,ERR,ERR,ERR,ERR,ERR,ERR,ERR,ERR,ERR,ERR,ERR,ERR,ERR,ERR,ERR,ERR,ERR,ERR,ERR,ERR,ERR,ERR,ERR,ERR,50.0,60.0,100,0.0,0.0,0.0,0.0,0.0,0.0,0.0,0.0,0.0,0.0,0.0,0.0,0.0,0.0,0.0,0.0,61.6,72,14,65514,50,65476,0,300,0,0,8,20529,65476,0,0,26214,60.0,0.0,0.0,0.0,0.0,0.0
2026-05-17T18:58:43,ERR,ERR,ERR,ERR,ERR,ERR,ERR,ERR,ERR,ERR,ERR,ERR,ERR,ERR,ERR,ERR,ERR,ERR,ERR,ERR,ERR,ERR,ERR,ERR,ERR,ERR,ERR,ERR,ERR,ERR,ERR,ERR,ERR,ERR,ERR,ERR,ERR,ERR,ERR,ERR,ERR,ERR,ERR,ERR,ERR,ERR,ERR,ERR,ERR,ERR,ERR,ERR,ERR,ERR,ERR,ERR,ERR,ERR,ERR,ERR,ERR,ERR,ERR,ERR,ERR,ERR,ERR,ERR,ERR,ERR,ERR,ERR,ERR,ERR,ERR,ERR,ERR,ERR,ERR,ERR,ERR,ERR,ERR,ERR,ERR,ERR,ERR,ERR,ERR,ERR,ERR,ERR,ERR,ERR,ERR,ERR,ERR,ERR,ERR,ERR,ERR,ERR,ERR,ERR,ERR,ERR,ERR,ERR,ERR,ERR,ERR,ERR,ERR,ERR,ERR,ERR,ERR,ERR,ERR,ERR,ERR,ERR,ERR,ERR,ERR,0.0,0.0,-134474944.0,0.0,0.0,1.3936040501711995e+18,7.805,0.0,0,0,4,0,8422,0.0,45,0.0,0.0,0.0,0.0,0.0,0,0,0,0,0.0,0,0,0,0,0,0,0,0,0,0,0,0,0,0,0,0,0,0,0,0,0,0,0,0,0,0,0,0,0,0,0,0,0,38,14,7,45,65476,0,300,0,0,8,21553,0.0,-107605600.0,0.0,0.0,0.0,0.0,0.0,0.0,0.0,0.0,0.0,0.0,0.0,0.0,0.0,0.0,0.0,0.0,0.0,0.0,0.0,0.0,2.004,2.004,-2.004,0.0,0.0,0.0,0.0,0.0,4789.0,-2.422985886919649e+24,0.0,2.718428940004181e+23,0.0,-107615280.0,-0.0,0.0,0.0,0.0,0.0,53,5.848083413016271e+35,-3.2219994468298344e+26,0.0,0.0,0.0,0.0,0.0,0.0,0.0,0,0,0,0.0,0.0,0.0,0.0,0.0,0.0,0.0,0.0,0.0,0.0,0.0,0.0,0.0,0.0,0.0,0.0,0,-107875648.0,53,0.0,106,-107614832.0,-107351008.0,ERR,ERR,ERR,ERR,ERR,ERR,ERR,ERR,ERR,ERR,ERR,ERR,ERR,ERR,ERR,ERR,ERR,ERR,ERR,ERR,ERR,ERR,ERR,ERR,ERR,ERR,ERR,ERR,ERR,ERR,ERR,ERR,ERR,ERR,ERR,ERR,ERR,ERR,ERR,ERR,ERR,ERR,ERR,ERR,ERR,ERR,ERR,ERR,ERR,ERR,ERR,ERR,ERR,ERR,ERR,ERR,ERR,ERR,ERR,ERR,ERR,ERR,ERR,ERR,ERR,ERR,ERR,50.0,60.0,100,0.0,0.0,0.0,0.0,0.0,0.0,0.0,0.0,0.0,0.0,0.0,0.0,0.0,0.0,0.0,0.0,61.6,72,14,65514,50,65476,0,300,0,0,8,20529,65476,0,0,26214,60.0,0.0,0.0,0.0,0.0,0.0
2026-05-17T18:58:44,ERR,ERR,ERR,ERR,ERR,ERR,ERR,ERR,ERR,ERR,ERR,ERR,ERR,ERR,ERR,ERR,ERR,ERR,ERR,ERR,ERR,ERR,ERR,ERR,ERR,ERR,ERR,ERR,ERR,ERR,ERR,ERR,ERR,ERR,ERR,ERR,ERR,ERR,ERR,ERR,ERR,ERR,ERR,ERR,ERR,ERR,ERR,ERR,ERR,ERR,ERR,ERR,ERR,ERR,ERR,ERR,ERR,ERR,ERR,ERR,ERR,ERR,ERR,ERR,ERR,ERR,ERR,ERR,ERR,ERR,ERR,ERR,ERR,ERR,ERR,ERR,ERR,ERR,ERR,ERR,ERR,ERR,ERR,ERR,ERR,ERR,ERR,ERR,ERR,ERR,ERR,ERR,ERR,ERR,ERR,ERR,ERR,ERR,ERR,ERR,ERR,ERR,ERR,ERR,ERR,ERR,ERR,ERR,ERR,ERR,ERR,ERR,ERR,ERR,ERR,ERR,ERR,ERR,ERR,ERR,ERR,ERR,ERR,ERR,ERR,0.0,0.0,-134474944.0,0.0,0.0,1.3936040501711995e+18,7.805,0.0,0,0,4,0,8422,0.0,45,0.0,0.0,0.0,0.0,0.0,0,0,0,0,0.0,0,0,0,0,0,0,0,0,0,0,0,0,0,0,0,0,0,0,0,0,0,0,0,0,0,0,0,0,0,0,0,0,0,38,14,7,45,65476,0,300,0,0,8,21553,0.0,-107605600.0,0.0,0.0,0.0,0.0,0.0,0.0,0.0,0.0,0.0,0.0,0.0,0.0,0.0,0.0,0.0,0.0,0.0,0.0,0.0,0.0,2.004,2.004,-2.004,0.0,0.0,0.0,0.0,0.0,4789.0,-2.422985886919649e+24,0.0,2.718428940004181e+23,0.0,-107615280.0,-0.0,0.0,0.0,0.0,0.0,53,5.848083413016271e+35,-3.2219994468298344e+26,0.0,0.0,0.0,0.0,0.0,0.0,0.0,0,0,0,0.0,0.0,0.0,0.0,0.0,0.0,0.0,0.0,0.0,0.0,0.0,0.0,0.0,0.0,0.0,0.0,0,-107875648.0,53,0.0,106,-107614832.0,-107351008.0,ERR,ERR,ERR,ERR,ERR,ERR,ERR,ERR,ERR,ERR,ERR,ERR,ERR,ERR,ERR,ERR,ERR,ERR,ERR,ERR,ERR,ERR,ERR,ERR,ERR,ERR,ERR,ERR,ERR,ERR,ERR,ERR,ERR,ERR,ERR,ERR,ERR,ERR,ERR,ERR,ERR,ERR,ERR,ERR,ERR,ERR,ERR,ERR,ERR,ERR,ERR,ERR,ERR,ERR,ERR,ERR,ERR,ERR,ERR,ERR,ERR,ERR,ERR,ERR,ERR,ERR,ERR,50.0,60.0,100,0.0,0.0,0.0,0.0,0.0,0.0,0.0,0.0,0.0,0.0,0.0,0.0,0.0,0.0,0.0,0.0,61.6,72,14,65514,50,65476,0,300,0,0,8,20529,65476,0,0,26214,60.0,0.0,0.0,0.0,0.0,0.0
2026-05-17T18:58:45,ERR,ERR,ERR,ERR,ERR,ERR,ERR,ERR,ERR,ERR,ERR,ERR,ERR,ERR,ERR,ERR,ERR,ERR,ERR,ERR,ERR,ERR,ERR,ERR,ERR,ERR,ERR,ERR,ERR,ERR,ERR,ERR,ERR,ERR,ERR,ERR,ERR,ERR,ERR,ERR,ERR,ERR,ERR,ERR,ERR,ERR,ERR,ERR,ERR,ERR,ERR,ERR,ERR,ERR,ERR,ERR,ERR,ERR,ERR,ERR,ERR,ERR,ERR,ERR,ERR,ERR,ERR,ERR,ERR,ERR,ERR,ERR,ERR,ERR,ERR,ERR,ERR,ERR,ERR,ERR,ERR,ERR,ERR,ERR,ERR,ERR,ERR,ERR,ERR,ERR,ERR,ERR,ERR,ERR,ERR,ERR,ERR,ERR,ERR,ERR,ERR,ERR,ERR,ERR,ERR,ERR,ERR,ERR,ERR,ERR,ERR,ERR,ERR,ERR,ERR,ERR,ERR,ERR,ERR,ERR,ERR,ERR,ERR,ERR,ERR,0.0,0.0,-134474944.0,0.0,0.0,1.3936040501711995e+18,7.805,0.0,0,0,4,0,8422,0.0,45,0.0,0.0,0.0,0.0,0.0,0,0,0,0,0.0,0,0,0,0,0,0,0,0,0,0,0,0,0,0,0,0,0,0,0,0,0,0,0,0,0,0,0,0,0,0,0,0,0,38,14,7,45,65476,0,300,0,0,8,21553,0.0,-107605600.0,0.0,0.0,0.0,0.0,0.0,0.0,0.0,0.0,0.0,0.0,0.0,0.0,0.0,0.0,0.0,0.0,0.0,0.0,0.0,0.0,2.004,2.004,-2.004,0.0,0.0,0.0,0.0,0.0,4789.0,-2.422985886919649e+24,0.0,2.718428940004181e+23,0.0,-107615280.0,-0.0,0.0,0.0,0.0,0.0,53,5.848083413016271e+35,-3.2219994468298344e+26,0.0,0.0,0.0,0.0,0.0,0.0,0.0,0,0,0,0.0,0.0,0.0,0.0,0.0,0.0,0.0,0.0,0.0,0.0,0.0,0.0,0.0,0.0,0.0,0.0,0,-107875648.0,53,0.0,106,-107614832.0,-107351008.0,ERR,ERR,ERR,ERR,ERR,ERR,ERR,ERR,ERR,ERR,ERR,ERR,ERR,ERR,ERR,ERR,ERR,ERR,ERR,ERR,ERR,ERR,ERR,ERR,ERR,ERR,ERR,ERR,ERR,ERR,ERR,ERR,ERR,ERR,ERR,ERR,ERR,ERR,ERR,ERR,ERR,ERR,ERR,ERR,ERR,ERR,ERR,ERR,ERR,ERR,ERR,ERR,ERR,ERR,ERR,ERR,ERR,ERR,ERR,ERR,ERR,ERR,ERR,ERR,ERR,ERR,ERR,50.0,60.0,100,0.0,0.0,0.0,0.0,0.0,0.0,0.0,0.0,0.0,0.0,0.0,0.0,0.0,0.0,0.0,0.0,61.6,72,14,65514,50,65476,0,300,0,0,8,20529,65476,0,0,26214,60.0,0.0,0.0,0.0,0.0,0.0
2026-05-17T18:58:46,ERR,ERR,ERR,ERR,ERR,ERR,ERR,ERR,ERR,ERR,ERR,ERR,ERR,ERR,ERR,ERR,ERR,ERR,ERR,ERR,ERR,ERR,ERR,ERR,ERR,ERR,ERR,ERR,ERR,ERR,ERR,ERR,ERR,ERR,ERR,ERR,ERR,ERR,ERR,ERR,ERR,ERR,ERR,ERR,ERR,ERR,ERR,ERR,ERR,ERR,ERR,ERR,ERR,ERR,ERR,ERR,ERR,ERR,ERR,ERR,ERR,ERR,ERR,ERR,ERR,ERR,ERR,ERR,ERR,ERR,ERR,ERR,ERR,ERR,ERR,ERR,ERR,ERR,ERR,ERR,ERR,ERR,ERR,ERR,ERR,ERR,ERR,ERR,ERR,ERR,ERR,ERR,ERR,ERR,ERR,ERR,ERR,ERR,ERR,ERR,ERR,ERR,ERR,ERR,ERR,ERR,ERR,ERR,ERR,ERR,ERR,ERR,ERR,ERR,ERR,ERR,ERR,ERR,ERR,ERR,ERR,ERR,ERR,ERR,ERR,0.0,0.0,-134474944.0,0.0,0.0,1.3936040501711995e+18,7.805,0.0,0,0,4,0,8422,0.0,45,0.0,0.0,0.0,0.0,0.0,0,0,0,0,0.0,0,0,0,0,0,0,0,0,0,0,0,0,0,0,0,0,0,0,0,0,0,0,0,0,0,0,0,0,0,0,0,0,0,38,14,7,45,65476,0,300,0,0,8,21553,0.0,-107605600.0,0.0,0.0,0.0,0.0,0.0,0.0,0.0,0.0,0.0,0.0,0.0,0.0,0.0,0.0,0.0,0.0,0.0,0.0,0.0,0.0,2.004,2.004,-2.004,0.0,0.0,0.0,0.0,0.0,4787.0,-1.587928030851661e+29,0.0,0.0,0.0,0.0,2.718429300292151e+23,0.0,0.0,0.0,0.0,53,4.950428597886765e+32,-3.2219994468298344e+26,0.0,0.0,0.0,0.0,0.0,0.0,0.0,0,0,0,0.0,0.0,0.0,0.0,0.0,0.0,0.0,0.0,0.0,0.0,0.0,0.0,0.0,0.0,0.0,0.0,0,-107875648.0,53,0.0,106,-107614832.0,-107351008.0,ERR,ERR,ERR,ERR,ERR,ERR,ERR,ERR,ERR,ERR,ERR,ERR,ERR,ERR,ERR,ERR,ERR,ERR,ERR,ERR,ERR,ERR,ERR,ERR,ERR,ERR,ERR,ERR,ERR,ERR,ERR,ERR,ERR,ERR,ERR,ERR,ERR,ERR,ERR,ERR,ERR,ERR,ERR,ERR,ERR,ERR,ERR,ERR,ERR,ERR,ERR,ERR,ERR,ERR,ERR,ERR,ERR,ERR,ERR,ERR,ERR,ERR,ERR,ERR,ERR,ERR,ERR,50.0,60.0,100,0.0,0.0,0.0,0.0,0.0,0.0,0.0,0.0,0.0,0.0,0.0,0.0,0.0,0.0,0.0,0.0,61.6,72,14,65514,50,65476,0,300,0,0,8,20529,65476,0,0,26214,60.0,0.0,0.0,0.0,0.0,0.0
2026-05-17T18:58:47,ERR,ERR,ERR,ERR,ERR,ERR,ERR,ERR,ERR,ERR,ERR,ERR,ERR,ERR,ERR,ERR,ERR,ERR,ERR,ERR,ERR,ERR,ERR,ERR,ERR,ERR,ERR,ERR,ERR,ERR,ERR,ERR,ERR,ERR,ERR,ERR,ERR,ERR,ERR,ERR,ERR,ERR,ERR,ERR,ERR,ERR,ERR,ERR,ERR,ERR,ERR,ERR,ERR,ERR,ERR,ERR,ERR,ERR,ERR,ERR,ERR,ERR,ERR,ERR,ERR,ERR,ERR,ERR,ERR,ERR,ERR,ERR,ERR,ERR,ERR,ERR,ERR,ERR,ERR,ERR,ERR,ERR,ERR,ERR,ERR,ERR,ERR,ERR,ERR,ERR,ERR,ERR,ERR,ERR,ERR,ERR,ERR,ERR,ERR,ERR,ERR,ERR,ERR,ERR,ERR,ERR,ERR,ERR,ERR,ERR,ERR,ERR,ERR,ERR,ERR,ERR,ERR,ERR,ERR,ERR,ERR,ERR,ERR,ERR,ERR,0.0,0.0,-134474944.0,0.0,0.0,1.3936040501711995e+18,7.805,0.0,0,0,4,0,8422,0.0,45,0.0,0.0,0.0,0.0,0.0,0,0,0,0,0.0,0,0,0,0,0,0,0,0,0,0,0,0,0,0,0,0,0,0,0,0,0,0,0,0,0,0,0,0,0,0,0,0,0,38,14,7,45,65476,0,300,0,0,8,21553,0.0,-107605600.0,0.0,0.0,0.0,0.0,0.0,0.0,0.0,0.0,0.0,0.0,0.0,0.0,0.0,0.0,0.0,0.0,0.0,0.0,0.0,0.0,2.004,2.004,-2.004,0.0,0.0,0.0,0.0,0.0,4787.0,-1.587928030851661e+29,0.0,0.0,0.0,0.0,2.718429300292151e+23,0.0,0.0,0.0,0.0,53,4.950428597886765e+32,-3.2219994468298344e+26,0.0,0.0,0.0,0.0,0.0,0.0,0.0,0,0,0,0.0,0.0,0.0,0.0,0.0,0.0,0.0,0.0,0.0,0.0,0.0,0.0,0.0,0.0,0.0,0.0,0,-107875648.0,53,0.0,106,-107614832.0,-107351008.0,ERR,ERR,ERR,ERR,ERR,ERR,ERR,ERR,ERR,ERR,ERR,ERR,ERR,ERR,ERR,ERR,ERR,ERR,ERR,ERR,ERR,ERR,ERR,ERR,ERR,ERR,ERR,ERR,ERR,ERR,ERR,ERR,ERR,ERR,ERR,ERR,ERR,ERR,ERR,ERR,ERR,ERR,ERR,ERR,ERR,ERR,ERR,ERR,ERR,ERR,ERR,ERR,ERR,ERR,ERR,ERR,ERR,ERR,ERR,ERR,ERR,ERR,ERR,ERR,ERR,ERR,ERR,50.0,60.0,100,0.0,0.0,0.0,0.0,0.0,0.0,0.0,0.0,0.0,0.0,0.0,0.0,0.0,0.0,0.0,0.0,61.6,72,14,65514,50,65476,0,300,0,0,8,20529,65476,0,0,26214,60.0,0.0,0.0,0.0,0.0,0.0
2026-05-17T18:58:48,ERR,ERR,ERR,ERR,ERR,ERR,ERR,ERR,ERR,ERR,ERR,ERR,ERR,ERR,ERR,ERR,ERR,ERR,ERR,ERR,ERR,ERR,ERR,ERR,ERR,ERR,ERR,ERR,ERR,ERR,ERR,ERR,ERR,ERR,ERR,ERR,ERR,ERR,ERR,ERR,ERR,ERR,ERR,ERR,ERR,ERR,ERR,ERR,ERR,ERR,ERR,ERR,ERR,ERR,ERR,ERR,ERR,ERR,ERR,ERR,ERR,ERR,ERR,ERR,ERR,ERR,ERR,ERR,ERR,ERR,ERR,ERR,ERR,ERR,ERR,ERR,ERR,ERR,ERR,ERR,ERR,ERR,ERR,ERR,ERR,ERR,ERR,ERR,ERR,ERR,ERR,ERR,ERR,ERR,ERR,ERR,ERR,ERR,ERR,ERR,ERR,ERR,ERR,ERR,ERR,ERR,ERR,ERR,ERR,ERR,ERR,ERR,ERR,ERR,ERR,ERR,ERR,ERR,ERR,ERR,ERR,ERR,ERR,ERR,ERR,0.0,0.0,-134474944.0,0.0,0.0,1.3936040501711995e+18,7.805,0.0,0,0,4,0,8422,0.0,45,0.0,0.0,0.0,0.0,0.0,0,0,0,0,0.0,0,0,0,0,0,0,0,0,0,0,0,0,0,0,0,0,0,0,0,0,0,0,0,0,0,0,0,0,0,0,0,0,0,38,14,7,45,65476,0,300,0,0,8,21553,0.0,-107605600.0,0.0,0.0,0.0,0.0,0.0,0.0,0.0,0.0,0.0,0.0,0.0,0.0,0.0,0.0,0.0,0.0,0.0,0.0,0.0,0.0,2.004,2.004,-2.004,0.0,0.0,0.0,0.0,0.0,4787.0,-1.587928030851661e+29,0.0,0.0,0.0,0.0,2.718429300292151e+23,0.0,0.0,0.0,0.0,53,4.950428597886765e+32,-3.2219994468298344e+26,0.0,0.0,0.0,0.0,0.0,0.0,0.0,0,0,0,0.0,0.0,0.0,0.0,0.0,0.0,0.0,0.0,0.0,0.0,0.0,0.0,0.0,0.0,0.0,0.0,0,-107875648.0,53,0.0,106,-107614832.0,-107351008.0,ERR,ERR,ERR,ERR,ERR,ERR,ERR,ERR,ERR,ERR,ERR,ERR,ERR,ERR,ERR,ERR,ERR,ERR,ERR,ERR,ERR,ERR,ERR,ERR,ERR,ERR,ERR,ERR,ERR,ERR,ERR,ERR,ERR,ERR,ERR,ERR,ERR,ERR,ERR,ERR,ERR,ERR,ERR,ERR,ERR,ERR,ERR,ERR,ERR,ERR,ERR,ERR,ERR,ERR,ERR,ERR,ERR,ERR,ERR,ERR,ERR,ERR,ERR,ERR,ERR,ERR,ERR,50.0,60.0,100,0.0,0.0,0.0,0.0,0.0,0.0,0.0,0.0,0.0,0.0,0.0,0.0,0.0,0.0,0.0,0.0,61.6,72,14,65514,50,65476,0,300,0,0,8,20529,65476,0,0,26214,60.0,0.0,0.0,0.0,0.0,0.0
2026-05-17T18:58:49,ERR,ERR,ERR,ERR,ERR,ERR,ERR,ERR,ERR,ERR,ERR,ERR,ERR,ERR,ERR,ERR,ERR,ERR,ERR,ERR,ERR,ERR,ERR,ERR,ERR,ERR,ERR,ERR,ERR,ERR,ERR,ERR,ERR,ERR,ERR,ERR,ERR,ERR,ERR,ERR,ERR,ERR,ERR,ERR,ERR,ERR,ERR,ERR,ERR,ERR,ERR,ERR,ERR,ERR,ERR,ERR,ERR,ERR,ERR,ERR,ERR,ERR,ERR,ERR,ERR,ERR,ERR,ERR,ERR,ERR,ERR,ERR,ERR,ERR,ERR,ERR,ERR,ERR,ERR,ERR,ERR,ERR,ERR,ERR,ERR,ERR,ERR,ERR,ERR,ERR,ERR,ERR,ERR,ERR,ERR,ERR,ERR,ERR,ERR,ERR,ERR,ERR,ERR,ERR,ERR,ERR,ERR,ERR,ERR,ERR,ERR,ERR,ERR,ERR,ERR,ERR,ERR,ERR,ERR,ERR,ERR,ERR,ERR,ERR,ERR,0.0,0.0,-134474944.0,0.0,0.0,1.3936040501711995e+18,7.805,0.0,0,0,4,0,8422,0.0,45,0.0,0.0,0.0,0.0,0.0,0,0,0,0,0.0,0,0,0,0,0,0,0,0,0,0,0,0,0,0,0,0,0,0,0,0,0,0,0,0,0,0,0,0,0,0,0,0,0,38,14,7,45,65476,0,300,0,0,8,21553,0.0,-107605600.0,0.0,0.0,0.0,0.0,0.0,0.0,0.0,0.0,0.0,0.0,0.0,0.0,0.0,0.0,0.0,0.0,0.0,0.0,0.0,0.0,2.004,2.004,-2.004,0.0,0.0,0.0,0.0,0.0,4787.0,-1.587928030851661e+29,0.0,0.0,0.0,0.0,2.718429300292151e+23,0.0,0.0,0.0,0.0,53,4.950428597886765e+32,-3.2219994468298344e+26,0.0,0.0,0.0,0.0,0.0,0.0,0.0,0,0,0,0.0,0.0,0.0,0.0,0.0,0.0,0.0,0.0,0.0,0.0,0.0,0.0,0.0,0.0,0.0,0.0,0,-107875648.0,53,0.0,106,-107614832.0,-107351008.0,ERR,ERR,ERR,ERR,ERR,ERR,ERR,ERR,ERR,ERR,ERR,ERR,ERR,ERR,ERR,ERR,ERR,ERR,ERR,ERR,ERR,ERR,ERR,ERR,ERR,ERR,ERR,ERR,ERR,ERR,ERR,ERR,ERR,ERR,ERR,ERR,ERR,ERR,ERR,ERR,ERR,ERR,ERR,ERR,ERR,ERR,ERR,ERR,ERR,ERR,ERR,ERR,ERR,ERR,ERR,ERR,ERR,ERR,ERR,ERR,ERR,ERR,ERR,ERR,ERR,ERR,ERR,50.0,60.0,100,0.0,0.0,0.0,0.0,0.0,0.0,0.0,0.0,0.0,0.0,0.0,0.0,0.0,0.0,0.0,0.0,61.6,72,14,65514,50,65476,0,300,0,0,8,20529,65476,0,0,26214,60.0,0.0,0.0,0.0,0.0,0.0
2026-05-17T18:58:50,ERR,ERR,ERR,ERR,ERR,ERR,ERR,ERR,ERR,ERR,ERR,ERR,ERR,ERR,ERR,ERR,ERR,ERR,ERR,ERR,ERR,ERR,ERR,ERR,ERR,ERR,ERR,ERR,ERR,ERR,ERR,ERR,ERR,ERR,ERR,ERR,ERR,ERR,ERR,ERR,ERR,ERR,ERR,ERR,ERR,ERR,ERR,ERR,ERR,ERR,ERR,ERR,ERR,ERR,ERR,ERR,ERR,ERR,ERR,ERR,ERR,ERR,ERR,ERR,ERR,ERR,ERR,ERR,ERR,ERR,ERR,ERR,ERR,ERR,ERR,ERR,ERR,ERR,ERR,ERR,ERR,ERR,ERR,ERR,ERR,ERR,ERR,ERR,ERR,ERR,ERR,ERR,ERR,ERR,ERR,ERR,ERR,ERR,ERR,ERR,ERR,ERR,ERR,ERR,ERR,ERR,ERR,ERR,ERR,ERR,ERR,ERR,ERR,ERR,ERR,ERR,ERR,ERR,ERR,ERR,ERR,ERR,ERR,ERR,ERR,0.0,0.0,-134474944.0,0.0,0.0,1.3936040501711995e+18,7.805,0.0,0,0,4,0,8422,0.0,45,0.0,0.0,0.0,0.0,0.0,0,0,0,0,0.0,0,0,0,0,0,0,0,0,0,0,0,0,0,0,0,0,0,0,0,0,0,0,0,0,0,0,0,0,0,0,0,0,0,38,14,7,45,65476,0,300,0,0,8,21553,0.0,-107605600.0,0.0,0.0,0.0,0.0,0.0,0.0,0.0,0.0,0.0,0.0,0.0,0.0,0.0,0.0,0.0,0.0,0.0,0.0,0.0,0.0,2.004,2.004,-2.004,0.0,0.0,0.0,0.0,0.0,4787.0,-1.587928030851661e+29,0.0,0.0,0.0,0.0,2.718429300292151e+23,0.0,0.0,0.0,0.0,53,4.950428597886765e+32,-3.2219994468298344e+26,0.0,0.0,0.0,0.0,0.0,0.0,0.0,0,0,0,0.0,0.0,0.0,0.0,0.0,0.0,0.0,0.0,0.0,0.0,0.0,0.0,0.0,0.0,0.0,0.0,0,-107875648.0,53,0.0,106,-107614832.0,-107351008.0,ERR,ERR,ERR,ERR,ERR,ERR,ERR,ERR,ERR,ERR,ERR,ERR,ERR,ERR,ERR,ERR,ERR,ERR,ERR,ERR,ERR,ERR,ERR,ERR,ERR,ERR,ERR,ERR,ERR,ERR,ERR,ERR,ERR,ERR,ERR,ERR,ERR,ERR,ERR,ERR,ERR,ERR,ERR,ERR,ERR,ERR,ERR,ERR,ERR,ERR,ERR,ERR,ERR,ERR,ERR,ERR,ERR,ERR,ERR,ERR,ERR,ERR,ERR,ERR,ERR,ERR,ERR,50.0,60.0,100,0.0,0.0,0.0,0.0,0.0,0.0,0.0,0.0,0.0,0.0,0.0,0.0,0.0,0.0,0.0,0.0,61.6,72,14,65514,50,65476,0,300,0,0,8,20529,65476,0,0,26214,60.0,0.0,0.0,0.0,0.0,0.0
2026-05-17T18:58:51,ERR,ERR,ERR,ERR,ERR,ERR,ERR,ERR,ERR,ERR,ERR,ERR,ERR,ERR,ERR,ERR,ERR,ERR,ERR,ERR,ERR,ERR,ERR,ERR,ERR,ERR,ERR,ERR,ERR,ERR,ERR,ERR,ERR,ERR,ERR,ERR,ERR,ERR,ERR,ERR,ERR,ERR,ERR,ERR,ERR,ERR,ERR,ERR,ERR,ERR,ERR,ERR,ERR,ERR,ERR,ERR,ERR,ERR,ERR,ERR,ERR,ERR,ERR,ERR,ERR,ERR,ERR,ERR,ERR,ERR,ERR,ERR,ERR,ERR,ERR,ERR,ERR,ERR,ERR,ERR,ERR,ERR,ERR,ERR,ERR,ERR,ERR,ERR,ERR,ERR,ERR,ERR,ERR,ERR,ERR,ERR,ERR,ERR,ERR,ERR,ERR,ERR,ERR,ERR,ERR,ERR,ERR,ERR,ERR,ERR,ERR,ERR,ERR,ERR,ERR,ERR,ERR,ERR,ERR,ERR,ERR,ERR,ERR,ERR,ERR,0.0,0.0,-134474944.0,0.0,0.0,1.3936040501711995e+18,7.805,0.0,0,0,4,0,8422,0.0,45,0.0,0.0,0.0,0.0,0.0,0,0,0,0,0.0,0,0,0,0,0,0,0,0,0,0,0,0,0,0,0,0,0,0,0,0,0,0,0,0,0,0,0,0,0,0,0,0,0,38,14,7,45,65476,0,300,0,0,8,21553,0.0,-107605600.0,0.0,0.0,0.0,0.0,0.0,0.0,0.0,0.0,0.0,0.0,0.0,0.0,0.0,0.0,0.0,0.0,0.0,0.0,0.0,0.0,2.004,2.004,-2.004,0.0,0.0,0.0,0.0,0.0,4787.0,-1.587928030851661e+29,0.0,0.0,0.0,0.0,2.718429300292151e+23,0.0,0.0,0.0,0.0,53,4.950428597886765e+32,-3.2219994468298344e+26,0.0,0.0,0.0,0.0,0.0,0.0,0.0,0,0,0,0.0,0.0,0.0,0.0,0.0,0.0,0.0,0.0,0.0,0.0,0.0,0.0,0.0,0.0,0.0,0.0,0,-107875648.0,53,0.0,106,-107614832.0,-107351008.0,ERR,ERR,ERR,ERR,ERR,ERR,ERR,ERR,ERR,ERR,ERR,ERR,ERR,ERR,ERR,ERR,ERR,ERR,ERR,ERR,ERR,ERR,ERR,ERR,ERR,ERR,ERR,ERR,ERR,ERR,ERR,ERR,ERR,ERR,ERR,ERR,ERR,ERR,ERR,ERR,ERR,ERR,ERR,ERR,ERR,ERR,ERR,ERR,ERR,ERR,ERR,ERR,ERR,ERR,ERR,ERR,ERR,ERR,ERR,ERR,ERR,ERR,ERR,ERR,ERR,ERR,ERR,50.0,60.0,100,0.0,0.0,0.0,0.0,0.0,0.0,0.0,0.0,0.0,0.0,0.0,0.0,0.0,0.0,0.0,0.0,61.6,72,14,65514,50,65476,0,300,0,0,8,20529,65476,0,0,26214,60.0,0.0,0.0,0.0,0.0,0.0
2026-05-17T18:58:52,ERR,ERR,ERR,ERR,ERR,ERR,ERR,ERR,ERR,ERR,ERR,ERR,ERR,ERR,ERR,ERR,ERR,ERR,ERR,ERR,ERR,ERR,ERR,ERR,ERR,ERR,ERR,ERR,ERR,ERR,ERR,ERR,ERR,ERR,ERR,ERR,ERR,ERR,ERR,ERR,ERR,ERR,ERR,ERR,ERR,ERR,ERR,ERR,ERR,ERR,ERR,ERR,ERR,ERR,ERR,ERR,ERR,ERR,ERR,ERR,ERR,ERR,ERR,ERR,ERR,ERR,ERR,ERR,ERR,ERR,ERR,ERR,ERR,ERR,ERR,ERR,ERR,ERR,ERR,ERR,ERR,ERR,ERR,ERR,ERR,ERR,ERR,ERR,ERR,ERR,ERR,ERR,ERR,ERR,ERR,ERR,ERR,ERR,ERR,ERR,ERR,ERR,ERR,ERR,ERR,ERR,ERR,ERR,ERR,ERR,ERR,ERR,ERR,ERR,ERR,ERR,ERR,ERR,ERR,ERR,ERR,ERR,ERR,ERR,ERR,0.0,0.0,-134474944.0,0.0,0.0,1.3936040501711995e+18,7.805,0.0,0,0,4,0,8422,0.0,45,0.0,0.0,0.0,0.0,0.0,0,0,0,0,0.0,0,0,0,0,0,0,0,0,0,0,0,0,0,0,0,0,0,0,0,0,0,0,0,0,0,0,0,0,0,0,0,0,0,38,14,7,45,65476,0,300,0,0,8,21553,0.0,-107605600.0,0.0,0.0,0.0,0.0,0.0,0.0,0.0,0.0,0.0,0.0,0.0,0.0,0.0,0.0,0.0,0.0,0.0,0.0,0.0,0.0,2.004,2.004,-2.004,0.0,0.0,0.0,0.0,0.0,4784.0,-3.69718305499214e+19,0.0,0.0,0.0,-107615280.0,-0.0,0.0,0.0,0.0,0.0,53,2.7184300208680915e+23,-152017129439232.0,0.0,0.0,0.0,0.0,0.0,0.0,0.0,0,0,0,0.0,0.0,0.0,0.0,0.0,0.0,0.0,0.0,0.0,0.0,0.0,0.0,0.0,0.0,0.0,0.0,0,-107875648.0,53,0.0,106,-107614832.0,-107351008.0,ERR,ERR,ERR,ERR,ERR,ERR,ERR,ERR,ERR,ERR,ERR,ERR,ERR,ERR,ERR,ERR,ERR,ERR,ERR,ERR,ERR,ERR,ERR,ERR,ERR,ERR,ERR,ERR,ERR,ERR,ERR,ERR,ERR,ERR,ERR,ERR,ERR,ERR,ERR,ERR,ERR,ERR,ERR,ERR,ERR,ERR,ERR,ERR,ERR,ERR,ERR,ERR,ERR,ERR,ERR,ERR,ERR,ERR,ERR,ERR,ERR,ERR,ERR,ERR,ERR,ERR,ERR,50.0,60.0,100,0.0,0.0,0.0,0.0,0.0,0.0,0.0,0.0,0.0,0.0,0.0,0.0,0.0,0.0,0.0,0.0,61.6,72,14,65514,50,65476,0,300,0,0,8,20529,65476,0,0,26214,60.0,0.0,0.0,0.0,0.0,0.0
2026-05-17T18:58:53,ERR,ERR,ERR,ERR,ERR,ERR,ERR,ERR,ERR,ERR,ERR,ERR,ERR,ERR,ERR,ERR,ERR,ERR,ERR,ERR,ERR,ERR,ERR,ERR,ERR,ERR,ERR,ERR,ERR,ERR,ERR,ERR,ERR,ERR,ERR,ERR,ERR,ERR,ERR,ERR,ERR,ERR,ERR,ERR,ERR,ERR,ERR,ERR,ERR,ERR,ERR,ERR,ERR,ERR,ERR,ERR,ERR,ERR,ERR,ERR,ERR,ERR,ERR,ERR,ERR,ERR,ERR,ERR,ERR,ERR,ERR,ERR,ERR,ERR,ERR,ERR,ERR,ERR,ERR,ERR,ERR,ERR,ERR,ERR,ERR,ERR,ERR,ERR,ERR,ERR,ERR,ERR,ERR,ERR,ERR,ERR,ERR,ERR,ERR,ERR,ERR,ERR,ERR,ERR,ERR,ERR,ERR,ERR,ERR,ERR,ERR,ERR,ERR,ERR,ERR,ERR,ERR,ERR,ERR,ERR,ERR,ERR,ERR,ERR,ERR,0.0,0.0,-134474944.0,0.0,0.0,1.3936040501711995e+18,7.805,0.0,0,0,4,0,8422,0.0,45,0.0,0.0,0.0,0.0,0.0,0,0,0,0,0.0,0,0,0,0,0,0,0,0,0,0,0,0,0,0,0,0,0,0,0,0,0,0,0,0,0,0,0,0,0,0,0,0,0,38,14,7,45,65476,0,300,0,0,8,21553,0.0,-107605600.0,0.0,0.0,0.0,0.0,0.0,0.0,0.0,0.0,0.0,0.0,0.0,0.0,0.0,0.0,0.0,0.0,0.0,0.0,0.0,0.0,2.004,2.004,-2.004,0.0,0.0,0.0,0.0,0.0,4784.0,-3.69718305499214e+19,0.0,0.0,0.0,-107615280.0,-0.0,0.0,0.0,0.0,0.0,53,2.7184300208680915e+23,-152017129439232.0,0.0,0.0,0.0,0.0,0.0,0.0,0.0,0,0,0,0.0,0.0,0.0,0.0,0.0,0.0,0.0,0.0,0.0,0.0,0.0,0.0,0.0,0.0,0.0,0.0,0,-107875648.0,53,0.0,106,-107614832.0,-107351008.0,ERR,ERR,ERR,ERR,ERR,ERR,ERR,ERR,ERR,ERR,ERR,ERR,ERR,ERR,ERR,ERR,ERR,ERR,ERR,ERR,ERR,ERR,ERR,ERR,ERR,ERR,ERR,ERR,ERR,ERR,ERR,ERR,ERR,ERR,ERR,ERR,ERR,ERR,ERR,ERR,ERR,ERR,ERR,ERR,ERR,ERR,ERR,ERR,ERR,ERR,ERR,ERR,ERR,ERR,ERR,ERR,ERR,ERR,ERR,ERR,ERR,ERR,ERR,ERR,ERR,ERR,ERR,50.0,60.0,100,0.0,0.0,0.0,0.0,0.0,0.0,0.0,0.0,0.0,0.0,0.0,0.0,0.0,0.0,0.0,0.0,61.6,72,14,65514,50,65476,0,300,0,0,8,20529,65476,0,0,26214,60.0,0.0,0.0,0.0,0.0,0.0
2026-05-17T18:58:54,ERR,ERR,ERR,ERR,ERR,ERR,ERR,ERR,ERR,ERR,ERR,ERR,ERR,ERR,ERR,ERR,ERR,ERR,ERR,ERR,ERR,ERR,ERR,ERR,ERR,ERR,ERR,ERR,ERR,ERR,ERR,ERR,ERR,ERR,ERR,ERR,ERR,ERR,ERR,ERR,ERR,ERR,ERR,ERR,ERR,ERR,ERR,ERR,ERR,ERR,ERR,ERR,ERR,ERR,ERR,ERR,ERR,ERR,ERR,ERR,ERR,ERR,ERR,ERR,ERR,ERR,ERR,ERR,ERR,ERR,ERR,ERR,ERR,ERR,ERR,ERR,ERR,ERR,ERR,ERR,ERR,ERR,ERR,ERR,ERR,ERR,ERR,ERR,ERR,ERR,ERR,ERR,ERR,ERR,ERR,ERR,ERR,ERR,ERR,ERR,ERR,ERR,ERR,ERR,ERR,ERR,ERR,ERR,ERR,ERR,ERR,ERR,ERR,ERR,ERR,ERR,ERR,ERR,ERR,ERR,ERR,ERR,ERR,ERR,ERR,0.0,0.0,-134474944.0,0.0,0.0,1.3936040501711995e+18,7.805,0.0,0,0,4,0,8422,0.0,45,0.0,0.0,0.0,0.0,0.0,0,0,0,0,0.0,0,0,0,0,0,0,0,0,0,0,0,0,0,0,0,0,0,0,0,0,0,0,0,0,0,0,0,0,0,0,0,0,0,38,14,7,45,65476,0,300,0,0,8,21553,0.0,-107605600.0,0.0,0.0,0.0,0.0,0.0,0.0,0.0,0.0,0.0,0.0,0.0,0.0,0.0,0.0,0.0,0.0,0.0,0.0,0.0,0.0,2.004,2.004,-2.004,0.0,0.0,0.0,0.0,0.0,4784.0,-3.69718305499214e+19,0.0,0.0,0.0,-107615280.0,-0.0,0.0,0.0,0.0,0.0,53,2.7184300208680915e+23,-152017129439232.0,0.0,0.0,0.0,0.0,0.0,0.0,0.0,0,0,0,0.0,0.0,0.0,0.0,0.0,0.0,0.0,0.0,0.0,0.0,0.0,0.0,0.0,0.0,0.0,0.0,0,-107875648.0,53,0.0,106,-107614832.0,-107351008.0,ERR,ERR,ERR,ERR,ERR,ERR,ERR,ERR,ERR,ERR,ERR,ERR,ERR,ERR,ERR,ERR,ERR,ERR,ERR,ERR,ERR,ERR,ERR,ERR,ERR,ERR,ERR,ERR,ERR,ERR,ERR,ERR,ERR,ERR,ERR,ERR,ERR,ERR,ERR,ERR,ERR,ERR,ERR,ERR,ERR,ERR,ERR,ERR,ERR,ERR,ERR,ERR,ERR,ERR,ERR,ERR,ERR,ERR,ERR,ERR,ERR,ERR,ERR,ERR,ERR,ERR,ERR,50.0,60.0,100,0.0,0.0,0.0,0.0,0.0,0.0,0.0,0.0,0.0,0.0,0.0,0.0,0.0,0.0,0.0,0.0,61.6,72,14,65514,50,65476,0,300,0,0,8,20529,65476,0,0,26214,60.0,0.0,0.0,0.0,0.0,0.0
2026-05-17T18:58:55,ERR,ERR,ERR,ERR,ERR,ERR,ERR,ERR,ERR,ERR,ERR,ERR,ERR,ERR,ERR,ERR,ERR,ERR,ERR,ERR,ERR,ERR,ERR,ERR,ERR,ERR,ERR,ERR,ERR,ERR,ERR,ERR,ERR,ERR,ERR,ERR,ERR,ERR,ERR,ERR,ERR,ERR,ERR,ERR,ERR,ERR,ERR,ERR,ERR,ERR,ERR,ERR,ERR,ERR,ERR,ERR,ERR,ERR,ERR,ERR,ERR,ERR,ERR,ERR,ERR,ERR,ERR,ERR,ERR,ERR,ERR,ERR,ERR,ERR,ERR,ERR,ERR,ERR,ERR,ERR,ERR,ERR,ERR,ERR,ERR,ERR,ERR,ERR,ERR,ERR,ERR,ERR,ERR,ERR,ERR,ERR,ERR,ERR,ERR,ERR,ERR,ERR,ERR,ERR,ERR,ERR,ERR,ERR,ERR,ERR,ERR,ERR,ERR,ERR,ERR,ERR,ERR,ERR,ERR,ERR,ERR,ERR,ERR,ERR,ERR,0.0,0.0,-134474944.0,0.0,0.0,1.3936040501711995e+18,7.805,0.0,0,0,4,0,8422,0.0,45,0.0,0.0,0.0,0.0,0.0,0,0,0,0,0.0,0,0,0,0,0,0,0,0,0,0,0,0,0,0,0,0,0,0,0,0,0,0,0,0,0,0,0,0,0,0,0,0,0,38,14,7,45,65476,0,300,0,0,8,21553,0.0,-107605600.0,0.0,0.0,0.0,0.0,0.0,0.0,0.0,0.0,0.0,0.0,0.0,0.0,0.0,0.0,0.0,0.0,0.0,0.0,0.0,0.0,2.004,2.004,-2.004,0.0,0.0,0.0,0.0,0.0,4784.0,-3.69718305499214e+19,0.0,0.0,0.0,-107615280.0,-0.0,0.0,0.0,0.0,0.0,53,2.7184300208680915e+23,-152017129439232.0,0.0,0.0,0.0,0.0,0.0,0.0,0.0,0,0,0,0.0,0.0,0.0,0.0,0.0,0.0,0.0,0.0,0.0,0.0,0.0,0.0,0.0,0.0,0.0,0.0,0,-107875648.0,53,0.0,106,-107614832.0,-107351008.0,ERR,ERR,ERR,ERR,ERR,ERR,ERR,ERR,ERR,ERR,ERR,ERR,ERR,ERR,ERR,ERR,ERR,ERR,ERR,ERR,ERR,ERR,ERR,ERR,ERR,ERR,ERR,ERR,ERR,ERR,ERR,ERR,ERR,ERR,ERR,ERR,ERR,ERR,ERR,ERR,ERR,ERR,ERR,ERR,ERR,ERR,ERR,ERR,ERR,ERR,ERR,ERR,ERR,ERR,ERR,ERR,ERR,ERR,ERR,ERR,ERR,ERR,ERR,ERR,ERR,ERR,ERR,50.0,60.0,100,0.0,0.0,0.0,0.0,0.0,0.0,0.0,0.0,0.0,0.0,0.0,0.0,0.0,0.0,0.0,0.0,61.6,72,14,65514,50,65476,0,300,0,0,8,20529,65476,0,0,26214,60.0,0.0,0.0,0.0,0.0,0.0
2026-05-17T18:58:56,ERR,ERR,ERR,ERR,ERR,ERR,ERR,ERR,ERR,ERR,ERR,ERR,ERR,ERR,ERR,ERR,ERR,ERR,ERR,ERR,ERR,ERR,ERR,ERR,ERR,ERR,ERR,ERR,ERR,ERR,ERR,ERR,ERR,ERR,ERR,ERR,ERR,ERR,ERR,ERR,ERR,ERR,ERR,ERR,ERR,ERR,ERR,ERR,ERR,ERR,ERR,ERR,ERR,ERR,ERR,ERR,ERR,ERR,ERR,ERR,ERR,ERR,ERR,ERR,ERR,ERR,ERR,ERR,ERR,ERR,ERR,ERR,ERR,ERR,ERR,ERR,ERR,ERR,ERR,ERR,ERR,ERR,ERR,ERR,ERR,ERR,ERR,ERR,ERR,ERR,ERR,ERR,ERR,ERR,ERR,ERR,ERR,ERR,ERR,ERR,ERR,ERR,ERR,ERR,ERR,ERR,ERR,ERR,ERR,ERR,ERR,ERR,ERR,ERR,ERR,ERR,ERR,ERR,ERR,ERR,ERR,ERR,ERR,ERR,ERR,0.0,0.0,-134474944.0,0.0,0.0,1.3936040501711995e+18,7.805,0.0,0,0,4,0,8422,0.0,45,0.0,0.0,0.0,0.0,0.0,0,0,0,0,0.0,0,0,0,0,0,0,0,0,0,0,0,0,0,0,0,0,0,0,0,0,0,0,0,0,0,0,0,0,0,0,0,0,0,38,14,7,45,65476,0,300,0,0,8,21553,0.0,-107605600.0,0.0,0.0,0.0,0.0,0.0,0.0,0.0,0.0,0.0,0.0,0.0,0.0,0.0,0.0,0.0,0.0,0.0,0.0,0.0,0.0,2.004,2.004,-2.004,0.0,0.0,0.0,0.0,0.0,4784.0,-3.69718305499214e+19,0.0,0.0,0.0,-107615280.0,-0.0,0.0,0.0,0.0,0.0,53,2.7184300208680915e+23,-152017129439232.0,0.0,0.0,0.0,0.0,0.0,0.0,0.0,0,0,0,0.0,0.0,0.0,0.0,0.0,0.0,0.0,0.0,0.0,0.0,0.0,0.0,0.0,0.0,0.0,0.0,0,-107875648.0,53,0.0,106,-107614832.0,-107351008.0,ERR,ERR,ERR,ERR,ERR,ERR,ERR,ERR,ERR,ERR,ERR,ERR,ERR,ERR,ERR,ERR,ERR,ERR,ERR,ERR,ERR,ERR,ERR,ERR,ERR,ERR,ERR,ERR,ERR,ERR,ERR,ERR,ERR,ERR,ERR,ERR,ERR,ERR,ERR,ERR,ERR,ERR,ERR,ERR,ERR,ERR,ERR,ERR,ERR,ERR,ERR,ERR,ERR,ERR,ERR,ERR,ERR,ERR,ERR,ERR,ERR,ERR,ERR,ERR,ERR,ERR,ERR,50.0,60.0,100,0.0,0.0,0.0,0.0,0.0,0.0,0.0,0.0,0.0,0.0,0.0,0.0,0.0,0.0,0.0,0.0,62.0,72,14,65514,50,65476,0,300,0,0,8,20529,65476,0,0,26214,60.0,0.0,0.0,0.0,0.0,0.0
2026-05-17T18:58:57,ERR,ERR,ERR,ERR,ERR,ERR,ERR,ERR,ERR,ERR,ERR,ERR,ERR,ERR,ERR,ERR,ERR,ERR,ERR,ERR,ERR,ERR,ERR,ERR,ERR,ERR,ERR,ERR,ERR,ERR,ERR,ERR,ERR,ERR,ERR,ERR,ERR,ERR,ERR,ERR,ERR,ERR,ERR,ERR,ERR,ERR,ERR,ERR,ERR,ERR,ERR,ERR,ERR,ERR,ERR,ERR,ERR,ERR,ERR,ERR,ERR,ERR,ERR,ERR,ERR,ERR,ERR,ERR,ERR,ERR,ERR,ERR,ERR,ERR,ERR,ERR,ERR,ERR,ERR,ERR,ERR,ERR,ERR,ERR,ERR,ERR,ERR,ERR,ERR,ERR,ERR,ERR,ERR,ERR,ERR,ERR,ERR,ERR,ERR,ERR,ERR,ERR,ERR,ERR,ERR,ERR,ERR,ERR,ERR,ERR,ERR,ERR,ERR,ERR,ERR,ERR,ERR,ERR,ERR,ERR,ERR,ERR,ERR,ERR,ERR,0.0,0.0,-134474944.0,0.0,0.0,1.3936040501711995e+18,7.805,0.0,0,0,4,0,8422,0.0,45,0.0,0.0,0.0,0.0,0.0,0,0,0,0,0.0,0,0,0,0,0,0,0,0,0,0,0,0,0,0,0,0,0,0,0,0,0,0,0,0,0,0,0,0,0,0,0,0,0,38,14,7,45,65476,0,300,0,0,8,21553,0.0,-107605600.0,0.0,0.0,0.0,0.0,0.0,0.0,0.0,0.0,0.0,0.0,0.0,0.0,0.0,0.0,0.0,0.0,0.0,0.0,0.0,0.0,-0.0,2.004,-2.004,0.0,0.0,0.0,0.0,0.0,4823.0,-1.587928030851661e+29,0.0,0.0,0.0,0.0,2.718429300292151e+23,0.0,0.0,0.0,0.0,53,-0.0,-3.2219994468298344e+26,0.0,0.0,0.0,0.0,0.0,0.0,0.0,0,0,0,0.0,0.0,0.0,0.0,0.0,0.0,0.0,0.0,0.0,0.0,0.0,0.0,0.0,0.0,0.0,0.0,0,-107875648.0,53,0.0,106,-107614832.0,-107351008.0,ERR,ERR,ERR,ERR,ERR,ERR,ERR,ERR,ERR,ERR,ERR,ERR,ERR,ERR,ERR,ERR,ERR,ERR,ERR,ERR,ERR,ERR,ERR,ERR,ERR,ERR,ERR,ERR,ERR,ERR,ERR,ERR,ERR,ERR,ERR,ERR,ERR,ERR,ERR,ERR,ERR,ERR,ERR,ERR,ERR,ERR,ERR,ERR,ERR,ERR,ERR,ERR,ERR,ERR,ERR,ERR,ERR,ERR,ERR,ERR,ERR,ERR,ERR,ERR,ERR,ERR,ERR,50.0,60.0,100,0.0,0.0,0.0,0.0,0.0,0.0,0.0,0.0,0.0,0.0,0.0,0.0,0.0,0.0,0.0,0.0,62.0,72,14,65514,50,65476,0,300,0,0,8,20529,65476,0,0,26214,60.0,0.0,0.0,0.0,0.0,0.0
2026-05-17T18:58:58,ERR,ERR,ERR,ERR,ERR,ERR,ERR,ERR,ERR,ERR,ERR,ERR,ERR,ERR,ERR,ERR,ERR,ERR,ERR,ERR,ERR,ERR,ERR,ERR,ERR,ERR,ERR,ERR,ERR,ERR,ERR,ERR,ERR,ERR,ERR,ERR,ERR,ERR,ERR,ERR,ERR,ERR,ERR,ERR,ERR,ERR,ERR,ERR,ERR,ERR,ERR,ERR,ERR,ERR,ERR,ERR,ERR,ERR,ERR,ERR,ERR,ERR,ERR,ERR,ERR,ERR,ERR,ERR,ERR,ERR,ERR,ERR,ERR,ERR,ERR,ERR,ERR,ERR,ERR,ERR,ERR,ERR,ERR,ERR,ERR,ERR,ERR,ERR,ERR,ERR,ERR,ERR,ERR,ERR,ERR,ERR,ERR,ERR,ERR,ERR,ERR,ERR,ERR,ERR,ERR,ERR,ERR,ERR,ERR,ERR,ERR,ERR,ERR,ERR,ERR,ERR,ERR,ERR,ERR,ERR,ERR,ERR,ERR,ERR,ERR,0.0,0.0,-134474944.0,0.0,0.0,1.3936040501711995e+18,7.805,0.0,0,0,4,0,8422,0.0,45,0.0,0.0,0.0,0.0,0.0,0,0,0,0,0.0,0,0,0,0,0,0,0,0,0,0,0,0,0,0,0,0,0,0,0,0,0,0,0,0,0,0,0,0,0,0,0,0,0,38,14,7,45,65476,0,300,0,0,8,21553,0.0,-107605600.0,0.0,0.0,0.0,0.0,0.0,0.0,0.0,0.0,0.0,0.0,0.0,0.0,0.0,0.0,0.0,0.0,0.0,0.0,0.0,0.0,-0.0,2.004,-2.004,0.0,0.0,0.0,0.0,0.0,4823.0,-1.587928030851661e+29,0.0,0.0,0.0,0.0,2.718429300292151e+23,0.0,0.0,0.0,0.0,53,-0.0,-3.2219994468298344e+26,0.0,0.0,0.0,0.0,0.0,0.0,0.0,0,0,0,0.0,0.0,0.0,0.0,0.0,0.0,0.0,0.0,0.0,0.0,0.0,0.0,0.0,0.0,0.0,0.0,0,-107875648.0,53,0.0,106,-107614832.0,-107351008.0,ERR,ERR,ERR,ERR,ERR,ERR,ERR,ERR,ERR,ERR,ERR,ERR,ERR,ERR,ERR,ERR,ERR,ERR,ERR,ERR,ERR,ERR,ERR,ERR,ERR,ERR,ERR,ERR,ERR,ERR,ERR,ERR,ERR,ERR,ERR,ERR,ERR,ERR,ERR,ERR,ERR,ERR,ERR,ERR,ERR,ERR,ERR,ERR,ERR,ERR,ERR,ERR,ERR,ERR,ERR,ERR,ERR,ERR,ERR,ERR,ERR,ERR,ERR,ERR,ERR,ERR,ERR,50.0,60.0,100,0.0,0.0,0.0,0.0,0.0,0.0,0.0,0.0,0.0,0.0,0.0,0.0,0.0,0.0,0.0,0.0,61.6,72,14,65514,50,65476,0,300,0,0,8,20529,65476,0,0,26214,60.0,0.0,0.0,0.0,0.0,0.0
2026-05-17T18:58:59,ERR,ERR,ERR,ERR,ERR,ERR,ERR,ERR,ERR,ERR,ERR,ERR,ERR,ERR,ERR,ERR,ERR,ERR,ERR,ERR,ERR,ERR,ERR,ERR,ERR,ERR,ERR,ERR,ERR,ERR,ERR,ERR,ERR,ERR,ERR,ERR,ERR,ERR,ERR,ERR,ERR,ERR,ERR,ERR,ERR,ERR,ERR,ERR,ERR,ERR,ERR,ERR,ERR,ERR,ERR,ERR,ERR,ERR,ERR,ERR,ERR,ERR,ERR,ERR,ERR,ERR,ERR,ERR,ERR,ERR,ERR,ERR,ERR,ERR,ERR,ERR,ERR,ERR,ERR,ERR,ERR,ERR,ERR,ERR,ERR,ERR,ERR,ERR,ERR,ERR,ERR,ERR,ERR,ERR,ERR,ERR,ERR,ERR,ERR,ERR,ERR,ERR,ERR,ERR,ERR,ERR,ERR,ERR,ERR,ERR,ERR,ERR,ERR,ERR,ERR,ERR,ERR,ERR,ERR,ERR,ERR,ERR,ERR,ERR,ERR,0.0,0.0,-134474944.0,0.0,0.0,1.3936040501711995e+18,7.805,0.0,0,0,4,0,8422,0.0,45,0.0,0.0,0.0,0.0,0.0,0,0,0,0,0.0,0,0,0,0,0,0,0,0,0,0,0,0,0,0,0,0,0,0,0,0,0,0,0,0,0,0,0,0,0,0,0,0,0,38,14,7,45,65476,0,300,0,0,8,21553,0.0,-107605600.0,0.0,0.0,0.0,0.0,0.0,0.0,0.0,0.0,0.0,0.0,0.0,0.0,0.0,0.0,0.0,0.0,0.0,0.0,0.0,0.0,-0.0,2.004,-2.004,0.0,0.0,0.0,0.0,0.0,4823.0,-1.587928030851661e+29,0.0,0.0,0.0,0.0,2.718429300292151e+23,0.0,0.0,0.0,0.0,53,-0.0,-3.2219994468298344e+26,0.0,0.0,0.0,0.0,0.0,0.0,0.0,0,0,0,0.0,0.0,0.0,0.0,0.0,0.0,0.0,0.0,0.0,0.0,0.0,0.0,0.0,0.0,0.0,0.0,0,-107875648.0,53,0.0,106,-107614832.0,-107351008.0,ERR,ERR,ERR,ERR,ERR,ERR,ERR,ERR,ERR,ERR,ERR,ERR,ERR,ERR,ERR,ERR,ERR,ERR,ERR,ERR,ERR,ERR,ERR,ERR,ERR,ERR,ERR,ERR,ERR,ERR,ERR,ERR,ERR,ERR,ERR,ERR,ERR,ERR,ERR,ERR,ERR,ERR,ERR,ERR,ERR,ERR,ERR,ERR,ERR,ERR,ERR,ERR,ERR,ERR,ERR,ERR,ERR,ERR,ERR,ERR,ERR,ERR,ERR,ERR,ERR,ERR,ERR,50.0,60.0,100,0.0,0.0,0.0,0.0,0.0,0.0,0.0,0.0,0.0,0.0,0.0,0.0,0.0,0.0,0.0,0.0,61.6,72,14,65514,50,65476,0,300,0,0,8,20529,65476,0,0,26214,60.0,0.0,0.0,0.0,0.0,0.0
2026-05-17T18:59:00,ERR,ERR,ERR,ERR,ERR,ERR,ERR,ERR,ERR,ERR,ERR,ERR,ERR,ERR,ERR,ERR,ERR,ERR,ERR,ERR,ERR,ERR,ERR,ERR,ERR,ERR,ERR,ERR,ERR,ERR,ERR,ERR,ERR,ERR,ERR,ERR,ERR,ERR,ERR,ERR,ERR,ERR,ERR,ERR,ERR,ERR,ERR,ERR,ERR,ERR,ERR,ERR,ERR,ERR,ERR,ERR,ERR,ERR,ERR,ERR,ERR,ERR,ERR,ERR,ERR,ERR,ERR,ERR,ERR,ERR,ERR,ERR,ERR,ERR,ERR,ERR,ERR,ERR,ERR,ERR,ERR,ERR,ERR,ERR,ERR,ERR,ERR,ERR,ERR,ERR,ERR,ERR,ERR,ERR,ERR,ERR,ERR,ERR,ERR,ERR,ERR,ERR,ERR,ERR,ERR,ERR,ERR,ERR,ERR,ERR,ERR,ERR,ERR,ERR,ERR,ERR,ERR,ERR,ERR,ERR,ERR,ERR,ERR,ERR,ERR,0.0,0.0,-134474944.0,0.0,0.0,1.3936040501711995e+18,7.805,0.0,0,0,4,0,8422,0.0,45,0.0,0.0,0.0,0.0,0.0,0,0,0,0,0.0,0,0,0,0,0,0,0,0,0,0,0,0,0,0,0,0,0,0,0,0,0,0,0,0,0,0,0,0,0,0,0,0,0,38,14,7,45,65476,0,300,0,0,8,21553,0.0,-107605600.0,0.0,0.0,0.0,0.0,0.0,0.0,0.0,0.0,0.0,0.0,0.0,0.0,0.0,0.0,0.0,0.0,0.0,0.0,0.0,0.0,-0.0,2.004,-2.004,0.0,0.0,0.0,0.0,0.0,4823.0,-1.587928030851661e+29,0.0,0.0,0.0,0.0,2.718429300292151e+23,0.0,0.0,0.0,0.0,53,-0.0,-3.2219994468298344e+26,0.0,0.0,0.0,0.0,0.0,0.0,0.0,0,0,0,0.0,0.0,0.0,0.0,0.0,0.0,0.0,0.0,0.0,0.0,0.0,0.0,0.0,0.0,0.0,0.0,0,-107875648.0,53,0.0,106,-107614832.0,-107351008.0,ERR,ERR,ERR,ERR,ERR,ERR,ERR,ERR,ERR,ERR,ERR,ERR,ERR,ERR,ERR,ERR,ERR,ERR,ERR,ERR,ERR,ERR,ERR,ERR,ERR,ERR,ERR,ERR,ERR,ERR,ERR,ERR,ERR,ERR,ERR,ERR,ERR,ERR,ERR,ERR,ERR,ERR,ERR,ERR,ERR,ERR,ERR,ERR,ERR,ERR,ERR,ERR,ERR,ERR,ERR,ERR,ERR,ERR,ERR,ERR,ERR,ERR,ERR,ERR,ERR,ERR,ERR,50.0,60.0,100,0.0,0.0,0.0,0.0,0.0,0.0,0.0,0.0,0.0,0.0,0.0,0.0,0.0,0.0,0.0,0.0,61.6,72,14,65514,50,65476,0,300,0,0,8,20529,65476,0,0,26214,60.0,0.0,0.0,0.0,0.0,0.0
2026-05-17T18:59:01,ERR,ERR,ERR,ERR,ERR,ERR,ERR,ERR,ERR,ERR,ERR,ERR,ERR,ERR,ERR,ERR,ERR,ERR,ERR,ERR,ERR,ERR,ERR,ERR,ERR,ERR,ERR,ERR,ERR,ERR,ERR,ERR,ERR,ERR,ERR,ERR,ERR,ERR,ERR,ERR,ERR,ERR,ERR,ERR,ERR,ERR,ERR,ERR,ERR,ERR,ERR,ERR,ERR,ERR,ERR,ERR,ERR,ERR,ERR,ERR,ERR,ERR,ERR,ERR,ERR,ERR,ERR,ERR,ERR,ERR,ERR,ERR,ERR,ERR,ERR,ERR,ERR,ERR,ERR,ERR,ERR,ERR,ERR,ERR,ERR,ERR,ERR,ERR,ERR,ERR,ERR,ERR,ERR,ERR,ERR,ERR,ERR,ERR,ERR,ERR,ERR,ERR,ERR,ERR,ERR,ERR,ERR,ERR,ERR,ERR,ERR,ERR,ERR,ERR,ERR,ERR,ERR,ERR,ERR,ERR,ERR,ERR,ERR,ERR,ERR,0.0,0.0,-134474944.0,0.0,0.0,1.3936040501711995e+18,7.805,0.0,0,0,4,0,8422,0.0,45,0.0,0.0,0.0,0.0,0.0,0,0,0,0,0.0,0,0,0,0,0,0,0,0,0,0,0,0,0,0,0,0,0,0,0,0,0,0,0,0,0,0,0,0,0,0,0,0,0,38,14,7,45,65476,0,300,0,0,8,21553,0.0,-107605600.0,0.0,0.0,0.0,0.0,0.0,0.0,0.0,0.0,0.0,0.0,0.0,0.0,0.0,0.0,0.0,0.0,0.0,0.0,0.0,0.0,-0.0,2.004,-2.004,0.0,0.0,0.0,0.0,0.0,4823.0,-1.587928030851661e+29,0.0,0.0,0.0,0.0,2.718429300292151e+23,0.0,0.0,0.0,0.0,53,-0.0,-3.2219994468298344e+26,0.0,0.0,0.0,0.0,0.0,0.0,0.0,0,0,0,0.0,0.0,0.0,0.0,0.0,0.0,0.0,0.0,0.0,0.0,0.0,0.0,0.0,0.0,0.0,0.0,0,-107875648.0,53,0.0,106,-107614832.0,-107351008.0,ERR,ERR,ERR,ERR,ERR,ERR,ERR,ERR,ERR,ERR,ERR,ERR,ERR,ERR,ERR,ERR,ERR,ERR,ERR,ERR,ERR,ERR,ERR,ERR,ERR,ERR,ERR,ERR,ERR,ERR,ERR,ERR,ERR,ERR,ERR,ERR,ERR,ERR,ERR,ERR,ERR,ERR,ERR,ERR,ERR,ERR,ERR,ERR,ERR,ERR,ERR,ERR,ERR,ERR,ERR,ERR,ERR,ERR,ERR,ERR,ERR,ERR,ERR,ERR,ERR,ERR,ERR,50.0,60.0,100,0.0,0.0,0.0,0.0,0.0,0.0,0.0,0.0,0.0,0.0,0.0,0.0,0.0,0.0,0.0,0.0,61.6,72,14,65514,50,65476,0,300,0,0,8,20529,65476,0,0,26214,60.0,0.0,0.0,0.0,0.0,0.0
2026-05-17T18:59:02,ERR,ERR,ERR,ERR,ERR,ERR,ERR,ERR,ERR,ERR,ERR,ERR,ERR,ERR,ERR,ERR,ERR,ERR,ERR,ERR,ERR,ERR,ERR,ERR,ERR,ERR,ERR,ERR,ERR,ERR,ERR,ERR,ERR,ERR,ERR,ERR,ERR,ERR,ERR,ERR,ERR,ERR,ERR,ERR,ERR,ERR,ERR,ERR,ERR,ERR,ERR,ERR,ERR,ERR,ERR,ERR,ERR,ERR,ERR,ERR,ERR,ERR,ERR,ERR,ERR,ERR,ERR,ERR,ERR,ERR,ERR,ERR,ERR,ERR,ERR,ERR,ERR,ERR,ERR,ERR,ERR,ERR,ERR,ERR,ERR,ERR,ERR,ERR,ERR,ERR,ERR,ERR,ERR,ERR,ERR,ERR,ERR,ERR,ERR,ERR,ERR,ERR,ERR,ERR,ERR,ERR,ERR,ERR,ERR,ERR,ERR,ERR,ERR,ERR,ERR,ERR,ERR,ERR,ERR,ERR,ERR,ERR,ERR,ERR,ERR,2.718428940004181e+23,0.0,-0.0,0.0,0.0,1.3936040501711995e+18,7.805,0.0,0,0,4,0,8422,0.0,45,0.0,0.0,0.0,0.0,0.0,0,0,0,0,0.0,0,0,0,0,0,0,0,0,0,0,0,0,0,0,0,0,0,0,0,0,0,0,0,0,0,0,0,0,0,0,0,0,0,38,14,7,45,65476,0,300,0,0,8,21553,0.0,-107605600.0,0.0,0.0,0.0,0.0,0.0,0.0,0.0,0.0,0.0,0.0,0.0,0.0,0.0,0.0,0.0,0.0,0.0,0.0,0.0,0.0,2.004,2.004,-2.004,0.0,0.0,0.0,0.0,0.0,4790.0,-564145363615744.0,0.0,0.0,0.0,0.0,-0.0,0.0,0.0,0.0,0.0,53,-0.0,-107614712.0,0.0,0.0,0.0,0.0,0.0,0.0,0.0,0,0,0,0.0,0.0,0.0,0.0,0.0,0.0,0.0,0.0,0.0,0.0,0.0,0.0,0.0,0.0,0.0,0.0,0,-107875648.0,53,0.0,106,-107614832.0,-107351008.0,ERR,ERR,ERR,ERR,ERR,ERR,ERR,ERR,ERR,ERR,ERR,ERR,ERR,ERR,ERR,ERR,ERR,ERR,ERR,ERR,ERR,ERR,ERR,ERR,ERR,ERR,ERR,ERR,ERR,ERR,ERR,ERR,ERR,ERR,ERR,ERR,ERR,ERR,ERR,ERR,ERR,ERR,ERR,ERR,ERR,ERR,ERR,ERR,ERR,ERR,ERR,ERR,ERR,ERR,ERR,ERR,ERR,ERR,ERR,ERR,ERR,ERR,ERR,ERR,ERR,ERR,ERR,50.0,60.0,100,0.0,0.0,0.0,0.0,0.0,0.0,0.0,0.0,0.0,0.0,0.0,0.0,0.0,0.0,0.0,0.0,61.6,72,14,65514,50,65476,0,300,0,0,8,20529,65476,0,0,26214,60.0,0.0,0.0,0.0,0.0,0.0
2026-05-17T18:59:03,ERR,ERR,ERR,ERR,ERR,ERR,ERR,ERR,ERR,ERR,ERR,ERR,ERR,ERR,ERR,ERR,ERR,ERR,ERR,ERR,ERR,ERR,ERR,ERR,ERR,ERR,ERR,ERR,ERR,ERR,ERR,ERR,ERR,ERR,ERR,ERR,ERR,ERR,ERR,ERR,ERR,ERR,ERR,ERR,ERR,ERR,ERR,ERR,ERR,ERR,ERR,ERR,ERR,ERR,ERR,ERR,ERR,ERR,ERR,ERR,ERR,ERR,ERR,ERR,ERR,ERR,ERR,ERR,ERR,ERR,ERR,ERR,ERR,ERR,ERR,ERR,ERR,ERR,ERR,ERR,ERR,ERR,ERR,ERR,ERR,ERR,ERR,ERR,ERR,ERR,ERR,ERR,ERR,ERR,ERR,ERR,ERR,ERR,ERR,ERR,ERR,ERR,ERR,ERR,ERR,ERR,ERR,ERR,ERR,ERR,ERR,ERR,ERR,ERR,ERR,ERR,ERR,ERR,ERR,ERR,ERR,ERR,ERR,ERR,ERR,2.718428940004181e+23,0.0,-0.0,0.0,0.0,1.3936040501711995e+18,7.805,0.0,0,0,4,0,8422,0.0,45,0.0,0.0,0.0,0.0,0.0,0,0,0,0,0.0,0,0,0,0,0,0,0,0,0,0,0,0,0,0,0,0,0,0,0,0,0,0,0,0,0,0,0,0,0,0,0,0,0,38,14,7,45,65476,0,300,0,0,8,21553,0.0,-107605600.0,0.0,0.0,0.0,0.0,0.0,0.0,0.0,0.0,0.0,0.0,0.0,0.0,0.0,0.0,0.0,0.0,0.0,0.0,0.0,0.0,2.004,2.004,-2.004,0.0,0.0,0.0,0.0,0.0,4790.0,-564145363615744.0,0.0,0.0,0.0,0.0,-0.0,0.0,0.0,0.0,0.0,53,-0.0,-107614712.0,0.0,0.0,0.0,0.0,0.0,0.0,0.0,0,0,0,0.0,0.0,0.0,0.0,0.0,0.0,0.0,0.0,0.0,0.0,0.0,0.0,0.0,0.0,0.0,0.0,0,-107875648.0,53,0.0,106,-107614832.0,-107351008.0,ERR,ERR,ERR,ERR,ERR,ERR,ERR,ERR,ERR,ERR,ERR,ERR,ERR,ERR,ERR,ERR,ERR,ERR,ERR,ERR,ERR,ERR,ERR,ERR,ERR,ERR,ERR,ERR,ERR,ERR,ERR,ERR,ERR,ERR,ERR,ERR,ERR,ERR,ERR,ERR,ERR,ERR,ERR,ERR,ERR,ERR,ERR,ERR,ERR,ERR,ERR,ERR,ERR,ERR,ERR,ERR,ERR,ERR,ERR,ERR,ERR,ERR,ERR,ERR,ERR,ERR,ERR,50.0,60.0,100,0.0,0.0,0.0,0.0,0.0,0.0,0.0,0.0,0.0,0.0,0.0,0.0,0.0,0.0,0.0,0.0,61.6,72,14,65514,50,65476,0,300,0,0,8,20529,65476,0,0,26214,60.0,0.0,0.0,0.0,0.0,0.0
2026-05-17T18:59:04,ERR,ERR,ERR,ERR,ERR,ERR,ERR,ERR,ERR,ERR,ERR,ERR,ERR,ERR,ERR,ERR,ERR,ERR,ERR,ERR,ERR,ERR,ERR,ERR,ERR,ERR,ERR,ERR,ERR,ERR,ERR,ERR,ERR,ERR,ERR,ERR,ERR,ERR,ERR,ERR,ERR,ERR,ERR,ERR,ERR,ERR,ERR,ERR,ERR,ERR,ERR,ERR,ERR,ERR,ERR,ERR,ERR,ERR,ERR,ERR,ERR,ERR,ERR,ERR,ERR,ERR,ERR,ERR,ERR,ERR,ERR,ERR,ERR,ERR,ERR,ERR,ERR,ERR,ERR,ERR,ERR,ERR,ERR,ERR,ERR,ERR,ERR,ERR,ERR,ERR,ERR,ERR,ERR,ERR,ERR,ERR,ERR,ERR,ERR,ERR,ERR,ERR,ERR,ERR,ERR,ERR,ERR,ERR,ERR,ERR,ERR,ERR,ERR,ERR,ERR,ERR,ERR,ERR,ERR,ERR,ERR,ERR,ERR,ERR,ERR,2.718428940004181e+23,0.0,-0.0,0.0,0.0,1.3936040501711995e+18,7.805,0.0,0,0,4,0,8422,0.0,45,0.0,0.0,0.0,0.0,0.0,0,0,0,0,0.0,0,0,0,0,0,0,0,0,0,0,0,0,0,0,0,0,0,0,0,0,0,0,0,0,0,0,0,0,0,0,0,0,0,38,14,7,45,65476,0,300,0,0,8,21553,0.0,-107605600.0,0.0,0.0,0.0,0.0,0.0,0.0,0.0,0.0,0.0,0.0,0.0,0.0,0.0,0.0,0.0,0.0,0.0,0.0,0.0,0.0,2.004,2.004,-2.004,0.0,0.0,0.0,0.0,0.0,4790.0,-564145363615744.0,0.0,0.0,0.0,0.0,-0.0,0.0,0.0,0.0,0.0,53,-0.0,-107614712.0,0.0,0.0,0.0,0.0,0.0,0.0,0.0,0,0,0,0.0,0.0,0.0,0.0,0.0,0.0,0.0,0.0,0.0,0.0,0.0,0.0,0.0,0.0,0.0,0.0,0,-107875648.0,53,0.0,106,-107614832.0,-107351008.0,ERR,ERR,ERR,ERR,ERR,ERR,ERR,ERR,ERR,ERR,ERR,ERR,ERR,ERR,ERR,ERR,ERR,ERR,ERR,ERR,ERR,ERR,ERR,ERR,ERR,ERR,ERR,ERR,ERR,ERR,ERR,ERR,ERR,ERR,ERR,ERR,ERR,ERR,ERR,ERR,ERR,ERR,ERR,ERR,ERR,ERR,ERR,ERR,ERR,ERR,ERR,ERR,ERR,ERR,ERR,ERR,ERR,ERR,ERR,ERR,ERR,ERR,ERR,ERR,ERR,ERR,ERR,50.0,60.0,100,0.0,0.0,0.0,0.0,0.0,0.0,0.0,0.0,0.0,0.0,0.0,0.0,0.0,0.0,0.0,0.0,61.6,72,14,65514,50,65476,0,300,0,0,8,20529,65476,0,0,26214,60.0,0.0,0.0,0.0,0.0,0.0
2026-05-17T18:59:05,ERR,ERR,ERR,ERR,ERR,ERR,ERR,ERR,ERR,ERR,ERR,ERR,ERR,ERR,ERR,ERR,ERR,ERR,ERR,ERR,ERR,ERR,ERR,ERR,ERR,ERR,ERR,ERR,ERR,ERR,ERR,ERR,ERR,ERR,ERR,ERR,ERR,ERR,ERR,ERR,ERR,ERR,ERR,ERR,ERR,ERR,ERR,ERR,ERR,ERR,ERR,ERR,ERR,ERR,ERR,ERR,ERR,ERR,ERR,ERR,ERR,ERR,ERR,ERR,ERR,ERR,ERR,ERR,ERR,ERR,ERR,ERR,ERR,ERR,ERR,ERR,ERR,ERR,ERR,ERR,ERR,ERR,ERR,ERR,ERR,ERR,ERR,ERR,ERR,ERR,ERR,ERR,ERR,ERR,ERR,ERR,ERR,ERR,ERR,ERR,ERR,ERR,ERR,ERR,ERR,ERR,ERR,ERR,ERR,ERR,ERR,ERR,ERR,ERR,ERR,ERR,ERR,ERR,ERR,ERR,ERR,ERR,ERR,ERR,ERR,2.718428940004181e+23,0.0,-0.0,0.0,0.0,1.3936040501711995e+18,7.805,0.0,0,0,4,0,8422,0.0,45,0.0,0.0,0.0,0.0,0.0,0,0,0,0,0.0,0,0,0,0,0,0,0,0,0,0,0,0,0,0,0,0,0,0,0,0,0,0,0,0,0,0,0,0,0,0,0,0,0,38,14,7,45,65476,0,300,0,0,8,21553,0.0,-107605600.0,0.0,0.0,0.0,0.0,0.0,0.0,0.0,0.0,0.0,0.0,0.0,0.0,0.0,0.0,0.0,0.0,0.0,0.0,0.0,0.0,2.004,2.004,-2.004,0.0,0.0,0.0,0.0,0.0,4790.0,-564145363615744.0,0.0,0.0,0.0,0.0,-0.0,0.0,0.0,0.0,0.0,53,-0.0,-107614712.0,0.0,0.0,0.0,0.0,0.0,0.0,0.0,0,0,0,0.0,0.0,0.0,0.0,0.0,0.0,0.0,0.0,0.0,0.0,0.0,0.0,0.0,0.0,0.0,0.0,0,-107875648.0,53,0.0,106,-107614832.0,-107351008.0,ERR,ERR,ERR,ERR,ERR,ERR,ERR,ERR,ERR,ERR,ERR,ERR,ERR,ERR,ERR,ERR,ERR,ERR,ERR,ERR,ERR,ERR,ERR,ERR,ERR,ERR,ERR,ERR,ERR,ERR,ERR,ERR,ERR,ERR,ERR,ERR,ERR,ERR,ERR,ERR,ERR,ERR,ERR,ERR,ERR,ERR,ERR,ERR,ERR,ERR,ERR,ERR,ERR,ERR,ERR,ERR,ERR,ERR,ERR,ERR,ERR,ERR,ERR,ERR,ERR,ERR,ERR,50.0,60.0,100,0.0,0.0,0.0,0.0,0.0,0.0,0.0,0.0,0.0,0.0,0.0,0.0,0.0,0.0,0.0,0.0,61.6,72,14,65514,50,65476,0,300,0,0,8,20529,65476,0,0,26214,60.0,0.0,0.0,0.0,0.0,0.0
2026-05-17T18:59:06,ERR,ERR,ERR,ERR,ERR,ERR,ERR,ERR,ERR,ERR,ERR,ERR,ERR,ERR,ERR,ERR,ERR,ERR,ERR,ERR,ERR,ERR,ERR,ERR,ERR,ERR,ERR,ERR,ERR,ERR,ERR,ERR,ERR,ERR,ERR,ERR,ERR,ERR,ERR,ERR,ERR,ERR,ERR,ERR,ERR,ERR,ERR,ERR,ERR,ERR,ERR,ERR,ERR,ERR,ERR,ERR,ERR,ERR,ERR,ERR,ERR,ERR,ERR,ERR,ERR,ERR,ERR,ERR,ERR,ERR,ERR,ERR,ERR,ERR,ERR,ERR,ERR,ERR,ERR,ERR,ERR,ERR,ERR,ERR,ERR,ERR,ERR,ERR,ERR,ERR,ERR,ERR,ERR,ERR,ERR,ERR,ERR,ERR,ERR,ERR,ERR,ERR,ERR,ERR,ERR,ERR,ERR,ERR,ERR,ERR,ERR,ERR,ERR,ERR,ERR,ERR,ERR,ERR,ERR,ERR,ERR,ERR,ERR,ERR,ERR,2.718428940004181e+23,0.0,-0.0,0.0,0.0,1.3936040501711995e+18,7.805,0.0,0,0,4,0,8422,0.0,45,0.0,0.0,0.0,0.0,0.0,0,0,0,0,0.0,0,0,0,0,0,0,0,0,0,0,0,0,0,0,0,0,0,0,0,0,0,0,0,0,0,0,0,0,0,0,0,0,0,38,14,7,45,65476,0,300,0,0,8,21553,0.0,-107605600.0,0.0,0.0,0.0,0.0,0.0,0.0,0.0,0.0,0.0,0.0,0.0,0.0,0.0,0.0,0.0,0.0,0.0,0.0,0.0,0.0,2.004,2.004,-2.004,0.0,0.0,0.0,0.0,0.0,4790.0,-564145363615744.0,0.0,0.0,0.0,0.0,-0.0,0.0,0.0,0.0,0.0,53,-0.0,-107614712.0,0.0,0.0,0.0,0.0,0.0,0.0,0.0,0,0,0,0.0,0.0,0.0,0.0,0.0,0.0,0.0,0.0,0.0,0.0,0.0,0.0,0.0,0.0,0.0,0.0,0,-107875648.0,53,0.0,106,-107614832.0,-107351008.0,ERR,ERR,ERR,ERR,ERR,ERR,ERR,ERR,ERR,ERR,ERR,ERR,ERR,ERR,ERR,ERR,ERR,ERR,ERR,ERR,ERR,ERR,ERR,ERR,ERR,ERR,ERR,ERR,ERR,ERR,ERR,ERR,ERR,ERR,ERR,ERR,ERR,ERR,ERR,ERR,ERR,ERR,ERR,ERR,ERR,ERR,ERR,ERR,ERR,ERR,ERR,ERR,ERR,ERR,ERR,ERR,ERR,ERR,ERR,ERR,ERR,ERR,ERR,ERR,ERR,ERR,ERR,50.0,60.0,100,0.0,0.0,0.0,0.0,0.0,0.0,0.0,0.0,0.0,0.0,0.0,0.0,0.0,0.0,0.0,0.0,61.6,72,14,65514,50,65476,0,300,0,0,8,20529,65476,0,0,26214,60.0,0.0,0.0,0.0,0.0,0.0
2026-05-17T18:59:07,ERR,ERR,ERR,ERR,ERR,ERR,ERR,ERR,ERR,ERR,ERR,ERR,ERR,ERR,ERR,ERR,ERR,ERR,ERR,ERR,ERR,ERR,ERR,ERR,ERR,ERR,ERR,ERR,ERR,ERR,ERR,ERR,ERR,ERR,ERR,ERR,ERR,ERR,ERR,ERR,ERR,ERR,ERR,ERR,ERR,ERR,ERR,ERR,ERR,ERR,ERR,ERR,ERR,ERR,ERR,ERR,ERR,ERR,ERR,ERR,ERR,ERR,ERR,ERR,ERR,ERR,ERR,ERR,ERR,ERR,ERR,ERR,ERR,ERR,ERR,ERR,ERR,ERR,ERR,ERR,ERR,ERR,ERR,ERR,ERR,ERR,ERR,ERR,ERR,ERR,ERR,ERR,ERR,ERR,ERR,ERR,ERR,ERR,ERR,ERR,ERR,ERR,ERR,ERR,ERR,ERR,ERR,ERR,ERR,ERR,ERR,ERR,ERR,ERR,ERR,ERR,ERR,ERR,ERR,ERR,ERR,ERR,ERR,ERR,ERR,0.0,0.0,-134474944.0,0.0,0.0,1.3936040501711995e+18,7.805,0.0,0,0,4,0,8422,0.0,45,0.0,0.0,0.0,0.0,0.0,0,0,0,0,0.0,0,0,0,0,0,0,0,0,0,0,0,0,0,0,0,0,0,0,0,0,0,0,0,0,0,0,0,0,0,0,0,0,0,38,14,7,45,65476,0,300,0,0,8,21553,0.0,-107605600.0,0.0,0.0,0.0,0.0,0.0,0.0,0.0,0.0,0.0,0.0,0.0,0.0,0.0,0.0,0.0,0.0,0.0,0.0,0.0,0.0,-0.0,2.004,-2.004,2.004,0.0,0.0,0.0,0.0,4794.0,-0.0,0.0,0.0,0.0,0.0,2.718429300292151e+23,0.0,0.0,0.0,0.0,53,-0.0,-0.0,0.0,0.0,0.0,0.0,0.0,0.0,0.0,0,0,0,0.0,0.0,0.0,0.0,0.0,0.0,0.0,0.0,0.0,0.0,0.0,0.0,0.0,0.0,0.0,0.0,0,-107875648.0,53,0.0,106,-107614832.0,-107351008.0,ERR,ERR,ERR,ERR,ERR,ERR,ERR,ERR,ERR,ERR,ERR,ERR,ERR,ERR,ERR,ERR,ERR,ERR,ERR,ERR,ERR,ERR,ERR,ERR,ERR,ERR,ERR,ERR,ERR,ERR,ERR,ERR,ERR,ERR,ERR,ERR,ERR,ERR,ERR,ERR,ERR,ERR,ERR,ERR,ERR,ERR,ERR,ERR,ERR,ERR,ERR,ERR,ERR,ERR,ERR,ERR,ERR,ERR,ERR,ERR,ERR,ERR,ERR,ERR,ERR,ERR,ERR,50.0,60.0,100,0.0,0.0,0.0,0.0,0.0,0.0,0.0,0.0,0.0,0.0,0.0,0.0,0.0,0.0,0.0,0.0,61.6,72,14,65514,50,65476,0,300,0,0,8,20529,65476,0,0,26214,60.0,0.0,0.0,0.0,0.0,0.0
2026-05-17T18:59:08,ERR,ERR,ERR,ERR,ERR,ERR,ERR,ERR,ERR,ERR,ERR,ERR,ERR,ERR,ERR,ERR,ERR,ERR,ERR,ERR,ERR,ERR,ERR,ERR,ERR,ERR,ERR,ERR,ERR,ERR,ERR,ERR,ERR,ERR,ERR,ERR,ERR,ERR,ERR,ERR,ERR,ERR,ERR,ERR,ERR,ERR,ERR,ERR,ERR,ERR,ERR,ERR,ERR,ERR,ERR,ERR,ERR,ERR,ERR,ERR,ERR,ERR,ERR,ERR,ERR,ERR,ERR,ERR,ERR,ERR,ERR,ERR,ERR,ERR,ERR,ERR,ERR,ERR,ERR,ERR,ERR,ERR,ERR,ERR,ERR,ERR,ERR,ERR,ERR,ERR,ERR,ERR,ERR,ERR,ERR,ERR,ERR,ERR,ERR,ERR,ERR,ERR,ERR,ERR,ERR,ERR,ERR,ERR,ERR,ERR,ERR,ERR,ERR,ERR,ERR,ERR,ERR,ERR,ERR,ERR,ERR,ERR,ERR,ERR,ERR,0.0,0.0,-134474944.0,0.0,0.0,1.3936040501711995e+18,7.805,0.0,0,0,4,0,8422,0.0,45,0.0,0.0,0.0,0.0,0.0,0,0,0,0,0.0,0,0,0,0,0,0,0,0,0,0,0,0,0,0,0,0,0,0,0,0,0,0,0,0,0,0,0,0,0,0,0,0,0,38,14,7,45,65476,0,300,0,0,8,21553,0.0,-107605600.0,0.0,0.0,0.0,0.0,0.0,0.0,0.0,0.0,0.0,0.0,0.0,0.0,0.0,0.0,0.0,0.0,0.0,0.0,0.0,0.0,-0.0,2.004,-2.004,2.004,0.0,0.0,0.0,0.0,4794.0,-0.0,0.0,0.0,0.0,0.0,2.718429300292151e+23,0.0,0.0,0.0,0.0,53,-0.0,-0.0,0.0,0.0,0.0,0.0,0.0,0.0,0.0,0,0,0,0.0,0.0,0.0,0.0,0.0,0.0,0.0,0.0,0.0,0.0,0.0,0.0,0.0,0.0,0.0,0.0,0,-107875648.0,53,0.0,106,-107614832.0,-107351008.0,ERR,ERR,ERR,ERR,ERR,ERR,ERR,ERR,ERR,ERR,ERR,ERR,ERR,ERR,ERR,ERR,ERR,ERR,ERR,ERR,ERR,ERR,ERR,ERR,ERR,ERR,ERR,ERR,ERR,ERR,ERR,ERR,ERR,ERR,ERR,ERR,ERR,ERR,ERR,ERR,ERR,ERR,ERR,ERR,ERR,ERR,ERR,ERR,ERR,ERR,ERR,ERR,ERR,ERR,ERR,ERR,ERR,ERR,ERR,ERR,ERR,ERR,ERR,ERR,ERR,ERR,ERR,50.0,60.0,100,0.0,0.0,0.0,0.0,0.0,0.0,0.0,0.0,0.0,0.0,0.0,0.0,0.0,0.0,0.0,0.0,61.6,72,14,65514,50,65476,0,300,0,0,8,20529,65476,0,0,26214,60.0,0.0,0.0,0.0,0.0,0.0
2026-05-17T18:59:09,ERR,ERR,ERR,ERR,ERR,ERR,ERR,ERR,ERR,ERR,ERR,ERR,ERR,ERR,ERR,ERR,ERR,ERR,ERR,ERR,ERR,ERR,ERR,ERR,ERR,ERR,ERR,ERR,ERR,ERR,ERR,ERR,ERR,ERR,ERR,ERR,ERR,ERR,ERR,ERR,ERR,ERR,ERR,ERR,ERR,ERR,ERR,ERR,ERR,ERR,ERR,ERR,ERR,ERR,ERR,ERR,ERR,ERR,ERR,ERR,ERR,ERR,ERR,ERR,ERR,ERR,ERR,ERR,ERR,ERR,ERR,ERR,ERR,ERR,ERR,ERR,ERR,ERR,ERR,ERR,ERR,ERR,ERR,ERR,ERR,ERR,ERR,ERR,ERR,ERR,ERR,ERR,ERR,ERR,ERR,ERR,ERR,ERR,ERR,ERR,ERR,ERR,ERR,ERR,ERR,ERR,ERR,ERR,ERR,ERR,ERR,ERR,ERR,ERR,ERR,ERR,ERR,ERR,ERR,ERR,ERR,ERR,ERR,ERR,ERR,0.0,0.0,-134474944.0,0.0,0.0,1.3936040501711995e+18,7.805,0.0,0,0,4,0,8422,0.0,45,0.0,0.0,0.0,0.0,0.0,0,0,0,0,0.0,0,0,0,0,0,0,0,0,0,0,0,0,0,0,0,0,0,0,0,0,0,0,0,0,0,0,0,0,0,0,0,0,0,38,14,7,45,65476,0,300,0,0,8,21553,0.0,-107605600.0,0.0,0.0,0.0,0.0,0.0,0.0,0.0,0.0,0.0,0.0,0.0,0.0,0.0,0.0,0.0,0.0,0.0,0.0,0.0,0.0,-0.0,2.004,-2.004,2.004,0.0,0.0,0.0,0.0,4794.0,-0.0,0.0,0.0,0.0,0.0,2.718429300292151e+23,0.0,0.0,0.0,0.0,53,-0.0,-0.0,0.0,0.0,0.0,0.0,0.0,0.0,0.0,0,0,0,0.0,0.0,0.0,0.0,0.0,0.0,0.0,0.0,0.0,0.0,0.0,0.0,0.0,0.0,0.0,0.0,0,-107875648.0,53,0.0,106,-107614832.0,-107351008.0,ERR,ERR,ERR,ERR,ERR,ERR,ERR,ERR,ERR,ERR,ERR,ERR,ERR,ERR,ERR,ERR,ERR,ERR,ERR,ERR,ERR,ERR,ERR,ERR,ERR,ERR,ERR,ERR,ERR,ERR,ERR,ERR,ERR,ERR,ERR,ERR,ERR,ERR,ERR,ERR,ERR,ERR,ERR,ERR,ERR,ERR,ERR,ERR,ERR,ERR,ERR,ERR,ERR,ERR,ERR,ERR,ERR,ERR,ERR,ERR,ERR,ERR,ERR,ERR,ERR,ERR,ERR,50.0,60.0,100,0.0,0.0,0.0,0.0,0.0,0.0,0.0,0.0,0.0,0.0,0.0,0.0,0.0,0.0,0.0,0.0,61.6,72,14,65514,50,65476,0,300,0,0,8,20529,65476,0,0,26214,60.0,0.0,0.0,0.0,0.0,0.0
2026-05-17T18:59:10,ERR,ERR,ERR,ERR,ERR,ERR,ERR,ERR,ERR,ERR,ERR,ERR,ERR,ERR,ERR,ERR,ERR,ERR,ERR,ERR,ERR,ERR,ERR,ERR,ERR,ERR,ERR,ERR,ERR,ERR,ERR,ERR,ERR,ERR,ERR,ERR,ERR,ERR,ERR,ERR,ERR,ERR,ERR,ERR,ERR,ERR,ERR,ERR,ERR,ERR,ERR,ERR,ERR,ERR,ERR,ERR,ERR,ERR,ERR,ERR,ERR,ERR,ERR,ERR,ERR,ERR,ERR,ERR,ERR,ERR,ERR,ERR,ERR,ERR,ERR,ERR,ERR,ERR,ERR,ERR,ERR,ERR,ERR,ERR,ERR,ERR,ERR,ERR,ERR,ERR,ERR,ERR,ERR,ERR,ERR,ERR,ERR,ERR,ERR,ERR,ERR,ERR,ERR,ERR,ERR,ERR,ERR,ERR,ERR,ERR,ERR,ERR,ERR,ERR,ERR,ERR,ERR,ERR,ERR,ERR,ERR,ERR,ERR,ERR,ERR,0.0,0.0,-134474944.0,0.0,0.0,1.3936040501711995e+18,7.805,0.0,0,0,4,0,8422,0.0,45,0.0,0.0,0.0,0.0,0.0,0,0,0,0,0.0,0,0,0,0,0,0,0,0,0,0,0,0,0,0,0,0,0,0,0,0,0,0,0,0,0,0,0,0,0,0,0,0,0,38,14,7,45,65476,0,300,0,0,8,21553,0.0,-107605600.0,0.0,0.0,0.0,0.0,0.0,0.0,0.0,0.0,0.0,0.0,0.0,0.0,0.0,0.0,0.0,0.0,0.0,0.0,0.0,0.0,-0.0,2.004,-2.004,2.004,0.0,0.0,0.0,0.0,4794.0,-0.0,0.0,0.0,0.0,0.0,2.718429300292151e+23,0.0,0.0,0.0,0.0,53,-0.0,-0.0,0.0,0.0,0.0,0.0,0.0,0.0,0.0,0,0,0,0.0,0.0,0.0,0.0,0.0,0.0,0.0,0.0,0.0,0.0,0.0,0.0,0.0,0.0,0.0,0.0,0,-107875648.0,53,0.0,106,-107614832.0,-107351008.0,ERR,ERR,ERR,ERR,ERR,ERR,ERR,ERR,ERR,ERR,ERR,ERR,ERR,ERR,ERR,ERR,ERR,ERR,ERR,ERR,ERR,ERR,ERR,ERR,ERR,ERR,ERR,ERR,ERR,ERR,ERR,ERR,ERR,ERR,ERR,ERR,ERR,ERR,ERR,ERR,ERR,ERR,ERR,ERR,ERR,ERR,ERR,ERR,ERR,ERR,ERR,ERR,ERR,ERR,ERR,ERR,ERR,ERR,ERR,ERR,ERR,ERR,ERR,ERR,ERR,ERR,ERR,50.0,60.0,100,0.0,0.0,0.0,0.0,0.0,0.0,0.0,0.0,0.0,0.0,0.0,0.0,0.0,0.0,0.0,0.0,62.0,72,14,65514,50,65476,0,300,0,0,8,20529,65476,0,0,26214,60.0,0.0,0.0,0.0,0.0,0.0
2026-05-17T18:59:11,ERR,ERR,ERR,ERR,ERR,ERR,ERR,ERR,ERR,ERR,ERR,ERR,ERR,ERR,ERR,ERR,ERR,ERR,ERR,ERR,ERR,ERR,ERR,ERR,ERR,ERR,ERR,ERR,ERR,ERR,ERR,ERR,ERR,ERR,ERR,ERR,ERR,ERR,ERR,ERR,ERR,ERR,ERR,ERR,ERR,ERR,ERR,ERR,ERR,ERR,ERR,ERR,ERR,ERR,ERR,ERR,ERR,ERR,ERR,ERR,ERR,ERR,ERR,ERR,ERR,ERR,ERR,ERR,ERR,ERR,ERR,ERR,ERR,ERR,ERR,ERR,ERR,ERR,ERR,ERR,ERR,ERR,ERR,ERR,ERR,ERR,ERR,ERR,ERR,ERR,ERR,ERR,ERR,ERR,ERR,ERR,ERR,ERR,ERR,ERR,ERR,ERR,ERR,ERR,ERR,ERR,ERR,ERR,ERR,ERR,ERR,ERR,ERR,ERR,ERR,ERR,ERR,ERR,ERR,ERR,ERR,ERR,ERR,ERR,ERR,0.0,0.0,-134474944.0,0.0,0.0,1.3936040501711995e+18,7.805,0.0,0,0,4,0,8422,0.0,45,0.0,0.0,0.0,0.0,0.0,0,0,0,0,0.0,0,0,0,0,0,0,0,0,0,0,0,0,0,0,0,0,0,0,0,0,0,0,0,0,0,0,0,0,0,0,0,0,0,38,14,7,45,65476,0,300,0,0,8,21553,0.0,-107605600.0,0.0,0.0,0.0,0.0,0.0,0.0,0.0,0.0,0.0,0.0,0.0,0.0,0.0,0.0,0.0,0.0,0.0,0.0,0.0,0.0,-0.0,2.004,-2.004,2.004,0.0,0.0,0.0,0.0,4794.0,-0.0,0.0,0.0,0.0,0.0,2.718429300292151e+23,0.0,0.0,0.0,0.0,53,-0.0,-0.0,0.0,0.0,0.0,0.0,0.0,0.0,0.0,0,0,0,0.0,0.0,0.0,0.0,0.0,0.0,0.0,0.0,0.0,0.0,0.0,0.0,0.0,0.0,0.0,0.0,0,-107875648.0,53,0.0,106,-107614832.0,-107351008.0,ERR,ERR,ERR,ERR,ERR,ERR,ERR,ERR,ERR,ERR,ERR,ERR,ERR,ERR,ERR,ERR,ERR,ERR,ERR,ERR,ERR,ERR,ERR,ERR,ERR,ERR,ERR,ERR,ERR,ERR,ERR,ERR,ERR,ERR,ERR,ERR,ERR,ERR,ERR,ERR,ERR,ERR,ERR,ERR,ERR,ERR,ERR,ERR,ERR,ERR,ERR,ERR,ERR,ERR,ERR,ERR,ERR,ERR,ERR,ERR,ERR,ERR,ERR,ERR,ERR,ERR,ERR,50.0,60.0,100,0.0,0.0,0.0,0.0,0.0,0.0,0.0,0.0,0.0,0.0,0.0,0.0,0.0,0.0,0.0,0.0,62.0,72,14,65514,50,65476,0,300,0,0,8,20529,65476,0,0,26214,60.0,0.0,0.0,0.0,0.0,0.0
2026-05-17T18:59:12,ERR,ERR,ERR,ERR,ERR,ERR,ERR,ERR,ERR,ERR,ERR,ERR,ERR,ERR,ERR,ERR,ERR,ERR,ERR,ERR,ERR,ERR,ERR,ERR,ERR,ERR,ERR,ERR,ERR,ERR,ERR,ERR,ERR,ERR,ERR,ERR,ERR,ERR,ERR,ERR,ERR,ERR,ERR,ERR,ERR,ERR,ERR,ERR,ERR,ERR,ERR,ERR,ERR,ERR,ERR,ERR,ERR,ERR,ERR,ERR,ERR,ERR,ERR,ERR,ERR,ERR,ERR,ERR,ERR,ERR,ERR,ERR,ERR,ERR,ERR,ERR,ERR,ERR,ERR,ERR,ERR,ERR,ERR,ERR,ERR,ERR,ERR,ERR,ERR,ERR,ERR,ERR,ERR,ERR,ERR,ERR,ERR,ERR,ERR,ERR,ERR,ERR,ERR,ERR,ERR,ERR,ERR,ERR,ERR,ERR,ERR,ERR,ERR,ERR,ERR,ERR,ERR,ERR,ERR,ERR,ERR,ERR,ERR,ERR,ERR,0.0,0.0,-134474944.0,0.0,0.0,1.3936040501711995e+18,7.805,0.0,0,0,4,0,8422,0.0,45,0.0,0.0,0.0,0.0,0.0,0,0,0,0,0.0,0,0,0,0,0,0,0,0,0,0,0,0,0,0,0,0,0,0,0,0,0,0,0,0,0,0,0,0,0,0,0,0,0,38,14,7,45,65476,0,300,0,0,8,21553,0.0,-107605600.0,0.0,0.0,0.0,0.0,0.0,0.0,0.0,0.0,0.0,0.0,0.0,0.0,0.0,0.0,0.0,0.0,0.0,0.0,0.0,0.0,2.004,2.004,-2.004,0.0,0.0,0.0,0.0,0.0,4791.0,0.0,0.0,0.0,0.0,0.0,-0.0,0.0,0.0,0.0,0.0,53,-0.0,-3.221999077894953e+26,0.0,0.0,0.0,0.0,0.0,0.0,0.0,0,0,0,0.0,0.0,0.0,0.0,0.0,0.0,0.0,0.0,0.0,0.0,0.0,0.0,0.0,0.0,0.0,0.0,0,-107875648.0,53,0.0,106,-107614832.0,0.0,ERR,ERR,ERR,ERR,ERR,ERR,ERR,ERR,ERR,ERR,ERR,ERR,ERR,ERR,ERR,ERR,ERR,ERR,ERR,ERR,ERR,ERR,ERR,ERR,ERR,ERR,ERR,ERR,ERR,ERR,ERR,ERR,ERR,ERR,ERR,ERR,ERR,ERR,ERR,ERR,ERR,ERR,ERR,ERR,ERR,ERR,ERR,ERR,ERR,ERR,ERR,ERR,ERR,ERR,ERR,ERR,ERR,ERR,ERR,ERR,ERR,ERR,ERR,ERR,ERR,ERR,ERR,50.0,60.0,100,0.0,0.0,0.0,0.0,0.0,0.0,0.0,0.0,0.0,0.0,0.0,0.0,0.0,0.0,0.0,0.0,61.6,72,14,65514,50,65476,0,300,0,0,8,20529,65476,0,0,26214,60.0,0.0,0.0,0.0,0.0,0.0
2026-05-17T18:59:13,ERR,ERR,ERR,ERR,ERR,ERR,ERR,ERR,ERR,ERR,ERR,ERR,ERR,ERR,ERR,ERR,ERR,ERR,ERR,ERR,ERR,ERR,ERR,ERR,ERR,ERR,ERR,ERR,ERR,ERR,ERR,ERR,ERR,ERR,ERR,ERR,ERR,ERR,ERR,ERR,ERR,ERR,ERR,ERR,ERR,ERR,ERR,ERR,ERR,ERR,ERR,ERR,ERR,ERR,ERR,ERR,ERR,ERR,ERR,ERR,ERR,ERR,ERR,ERR,ERR,ERR,ERR,ERR,ERR,ERR,ERR,ERR,ERR,ERR,ERR,ERR,ERR,ERR,ERR,ERR,ERR,ERR,ERR,ERR,ERR,ERR,ERR,ERR,ERR,ERR,ERR,ERR,ERR,ERR,ERR,ERR,ERR,ERR,ERR,ERR,ERR,ERR,ERR,ERR,ERR,ERR,ERR,ERR,ERR,ERR,ERR,ERR,ERR,ERR,ERR,ERR,ERR,ERR,ERR,ERR,ERR,ERR,ERR,ERR,ERR,0.0,0.0,-134474944.0,0.0,0.0,1.3936040501711995e+18,7.805,0.0,0,0,4,0,8422,0.0,45,0.0,0.0,0.0,0.0,0.0,0,0,0,0,0.0,0,0,0,0,0,0,0,0,0,0,0,0,0,0,0,0,0,0,0,0,0,0,0,0,0,0,0,0,0,0,0,0,0,38,14,7,45,65476,0,300,0,0,8,21553,0.0,-107605600.0,0.0,0.0,0.0,0.0,0.0,0.0,0.0,0.0,0.0,0.0,0.0,0.0,0.0,0.0,0.0,0.0,0.0,0.0,0.0,0.0,2.004,2.004,-2.004,0.0,0.0,0.0,0.0,0.0,4791.0,0.0,0.0,0.0,0.0,0.0,-0.0,0.0,0.0,0.0,0.0,53,-0.0,-3.221999077894953e+26,0.0,0.0,0.0,0.0,0.0,0.0,0.0,0,0,0,0.0,0.0,0.0,0.0,0.0,0.0,0.0,0.0,0.0,0.0,0.0,0.0,0.0,0.0,0.0,0.0,0,-107875648.0,53,0.0,106,-107614832.0,0.0,ERR,ERR,ERR,ERR,ERR,ERR,ERR,ERR,ERR,ERR,ERR,ERR,ERR,ERR,ERR,ERR,ERR,ERR,ERR,ERR,ERR,ERR,ERR,ERR,ERR,ERR,ERR,ERR,ERR,ERR,ERR,ERR,ERR,ERR,ERR,ERR,ERR,ERR,ERR,ERR,ERR,ERR,ERR,ERR,ERR,ERR,ERR,ERR,ERR,ERR,ERR,ERR,ERR,ERR,ERR,ERR,ERR,ERR,ERR,ERR,ERR,ERR,ERR,ERR,ERR,ERR,ERR,50.0,60.0,100,0.0,0.0,0.0,0.0,0.0,0.0,0.0,0.0,0.0,0.0,0.0,0.0,0.0,0.0,0.0,0.0,61.6,72,14,65514,50,65476,0,300,0,0,8,20529,65476,0,0,26214,60.0,0.0,0.0,0.0,0.0,0.0
2026-05-17T18:59:14,ERR,ERR,ERR,ERR,ERR,ERR,ERR,ERR,ERR,ERR,ERR,ERR,ERR,ERR,ERR,ERR,ERR,ERR,ERR,ERR,ERR,ERR,ERR,ERR,ERR,ERR,ERR,ERR,ERR,ERR,ERR,ERR,ERR,ERR,ERR,ERR,ERR,ERR,ERR,ERR,ERR,ERR,ERR,ERR,ERR,ERR,ERR,ERR,ERR,ERR,ERR,ERR,ERR,ERR,ERR,ERR,ERR,ERR,ERR,ERR,ERR,ERR,ERR,ERR,ERR,ERR,ERR,ERR,ERR,ERR,ERR,ERR,ERR,ERR,ERR,ERR,ERR,ERR,ERR,ERR,ERR,ERR,ERR,ERR,ERR,ERR,ERR,ERR,ERR,ERR,ERR,ERR,ERR,ERR,ERR,ERR,ERR,ERR,ERR,ERR,ERR,ERR,ERR,ERR,ERR,ERR,ERR,ERR,ERR,ERR,ERR,ERR,ERR,ERR,ERR,ERR,ERR,ERR,ERR,ERR,ERR,ERR,ERR,ERR,ERR,0.0,0.0,-134474944.0,0.0,0.0,1.3936040501711995e+18,7.805,0.0,0,0,4,0,8422,0.0,45,0.0,0.0,0.0,0.0,0.0,0,0,0,0,0.0,0,0,0,0,0,0,0,0,0,0,0,0,0,0,0,0,0,0,0,0,0,0,0,0,0,0,0,0,0,0,0,0,0,38,14,7,45,65476,0,300,0,0,8,21553,0.0,-107605600.0,0.0,0.0,0.0,0.0,0.0,0.0,0.0,0.0,0.0,0.0,0.0,0.0,0.0,0.0,0.0,0.0,0.0,0.0,0.0,0.0,2.004,2.004,-2.004,0.0,0.0,0.0,0.0,0.0,4791.0,0.0,0.0,0.0,0.0,0.0,-0.0,0.0,0.0,0.0,0.0,53,-0.0,-3.221999077894953e+26,0.0,0.0,0.0,0.0,0.0,0.0,0.0,0,0,0,0.0,0.0,0.0,0.0,0.0,0.0,0.0,0.0,0.0,0.0,0.0,0.0,0.0,0.0,0.0,0.0,0,-107875648.0,53,0.0,106,-107614832.0,0.0,ERR,ERR,ERR,ERR,ERR,ERR,ERR,ERR,ERR,ERR,ERR,ERR,ERR,ERR,ERR,ERR,ERR,ERR,ERR,ERR,ERR,ERR,ERR,ERR,ERR,ERR,ERR,ERR,ERR,ERR,ERR,ERR,ERR,ERR,ERR,ERR,ERR,ERR,ERR,ERR,ERR,ERR,ERR,ERR,ERR,ERR,ERR,ERR,ERR,ERR,ERR,ERR,ERR,ERR,ERR,ERR,ERR,ERR,ERR,ERR,ERR,ERR,ERR,ERR,ERR,ERR,ERR,50.0,60.0,100,0.0,0.0,0.0,0.0,0.0,0.0,0.0,0.0,0.0,0.0,0.0,0.0,0.0,0.0,0.0,0.0,61.6,72,14,65514,50,65476,0,300,0,0,8,20529,65476,0,0,26214,60.0,0.0,0.0,0.0,0.0,0.0
2026-05-17T18:59:15,ERR,ERR,ERR,ERR,ERR,ERR,ERR,ERR,ERR,ERR,ERR,ERR,ERR,ERR,ERR,ERR,ERR,ERR,ERR,ERR,ERR,ERR,ERR,ERR,ERR,ERR,ERR,ERR,ERR,ERR,ERR,ERR,ERR,ERR,ERR,ERR,ERR,ERR,ERR,ERR,ERR,ERR,ERR,ERR,ERR,ERR,ERR,ERR,ERR,ERR,ERR,ERR,ERR,ERR,ERR,ERR,ERR,ERR,ERR,ERR,ERR,ERR,ERR,ERR,ERR,ERR,ERR,ERR,ERR,ERR,ERR,ERR,ERR,ERR,ERR,ERR,ERR,ERR,ERR,ERR,ERR,ERR,ERR,ERR,ERR,ERR,ERR,ERR,ERR,ERR,ERR,ERR,ERR,ERR,ERR,ERR,ERR,ERR,ERR,ERR,ERR,ERR,ERR,ERR,ERR,ERR,ERR,ERR,ERR,ERR,ERR,ERR,ERR,ERR,ERR,ERR,ERR,ERR,ERR,ERR,ERR,ERR,ERR,ERR,ERR,0.0,0.0,-134474944.0,0.0,0.0,1.3936040501711995e+18,7.805,0.0,0,0,4,0,8422,0.0,45,0.0,0.0,0.0,0.0,0.0,0,0,0,0,0.0,0,0,0,0,0,0,0,0,0,0,0,0,0,0,0,0,0,0,0,0,0,0,0,0,0,0,0,0,0,0,0,0,0,38,14,7,45,65476,0,300,0,0,8,21553,0.0,-107605600.0,0.0,0.0,0.0,0.0,0.0,0.0,0.0,0.0,0.0,0.0,0.0,0.0,0.0,0.0,0.0,0.0,0.0,0.0,0.0,0.0,2.004,2.004,-2.004,0.0,0.0,0.0,0.0,0.0,4791.0,0.0,0.0,0.0,0.0,0.0,-0.0,0.0,0.0,0.0,0.0,53,-0.0,-3.221999077894953e+26,0.0,0.0,0.0,0.0,0.0,0.0,0.0,0,0,0,0.0,0.0,0.0,0.0,0.0,0.0,0.0,0.0,0.0,0.0,0.0,0.0,0.0,0.0,0.0,0.0,0,-107875648.0,53,0.0,106,-107614832.0,0.0,ERR,ERR,ERR,ERR,ERR,ERR,ERR,ERR,ERR,ERR,ERR,ERR,ERR,ERR,ERR,ERR,ERR,ERR,ERR,ERR,ERR,ERR,ERR,ERR,ERR,ERR,ERR,ERR,ERR,ERR,ERR,ERR,ERR,ERR,ERR,ERR,ERR,ERR,ERR,ERR,ERR,ERR,ERR,ERR,ERR,ERR,ERR,ERR,ERR,ERR,ERR,ERR,ERR,ERR,ERR,ERR,ERR,ERR,ERR,ERR,ERR,ERR,ERR,ERR,ERR,ERR,ERR,50.0,60.0,100,0.0,0.0,0.0,0.0,0.0,0.0,0.0,0.0,0.0,0.0,0.0,0.0,0.0,0.0,0.0,0.0,61.6,72,14,65514,50,65476,0,300,0,0,8,20529,65476,0,0,26214,60.0,0.0,0.0,0.0,0.0,0.0
2026-05-17T18:59:16,ERR,ERR,ERR,ERR,ERR,ERR,ERR,ERR,ERR,ERR,ERR,ERR,ERR,ERR,ERR,ERR,ERR,ERR,ERR,ERR,ERR,ERR,ERR,ERR,ERR,ERR,ERR,ERR,ERR,ERR,ERR,ERR,ERR,ERR,ERR,ERR,ERR,ERR,ERR,ERR,ERR,ERR,ERR,ERR,ERR,ERR,ERR,ERR,ERR,ERR,ERR,ERR,ERR,ERR,ERR,ERR,ERR,ERR,ERR,ERR,ERR,ERR,ERR,ERR,ERR,ERR,ERR,ERR,ERR,ERR,ERR,ERR,ERR,ERR,ERR,ERR,ERR,ERR,ERR,ERR,ERR,ERR,ERR,ERR,ERR,ERR,ERR,ERR,ERR,ERR,ERR,ERR,ERR,ERR,ERR,ERR,ERR,ERR,ERR,ERR,ERR,ERR,ERR,ERR,ERR,ERR,ERR,ERR,ERR,ERR,ERR,ERR,ERR,ERR,ERR,ERR,ERR,ERR,ERR,ERR,ERR,ERR,ERR,ERR,ERR,0.0,0.0,-134474944.0,0.0,0.0,1.3936040501711995e+18,7.805,0.0,0,0,4,0,8422,0.0,45,0.0,0.0,0.0,0.0,0.0,0,0,0,0,0.0,0,0,0,0,0,0,0,0,0,0,0,0,0,0,0,0,0,0,0,0,0,0,0,0,0,0,0,0,0,0,0,0,0,38,14,7,45,65476,0,300,0,0,8,21553,0.0,-107605600.0,0.0,0.0,0.0,0.0,0.0,0.0,0.0,0.0,0.0,0.0,0.0,0.0,0.0,0.0,0.0,0.0,0.0,0.0,0.0,0.0,2.004,2.004,-2.004,0.0,0.0,0.0,0.0,0.0,4791.0,0.0,0.0,0.0,0.0,0.0,-0.0,0.0,0.0,0.0,0.0,53,-0.0,-3.221999077894953e+26,0.0,0.0,0.0,0.0,0.0,0.0,0.0,0,0,0,0.0,0.0,0.0,0.0,0.0,0.0,0.0,0.0,0.0,0.0,0.0,0.0,0.0,0.0,0.0,0.0,0,-107875648.0,53,0.0,106,-107614832.0,0.0,ERR,ERR,ERR,ERR,ERR,ERR,ERR,ERR,ERR,ERR,ERR,ERR,ERR,ERR,ERR,ERR,ERR,ERR,ERR,ERR,ERR,ERR,ERR,ERR,ERR,ERR,ERR,ERR,ERR,ERR,ERR,ERR,ERR,ERR,ERR,ERR,ERR,ERR,ERR,ERR,ERR,ERR,ERR,ERR,ERR,ERR,ERR,ERR,ERR,ERR,ERR,ERR,ERR,ERR,ERR,ERR,ERR,ERR,ERR,ERR,ERR,ERR,ERR,ERR,ERR,ERR,ERR,50.0,60.0,100,0.0,0.0,0.0,0.0,0.0,0.0,0.0,0.0,0.0,0.0,0.0,0.0,0.0,0.0,0.0,0.0,61.6,72,14,65514,50,65476,0,300,0,0,8,20529,65476,0,0,26214,60.0,0.0,0.0,0.0,0.0,0.0
2026-05-17T18:59:17,ERR,ERR,ERR,ERR,ERR,ERR,ERR,ERR,ERR,ERR,ERR,ERR,ERR,ERR,ERR,ERR,ERR,ERR,ERR,ERR,ERR,ERR,ERR,ERR,ERR,ERR,ERR,ERR,ERR,ERR,ERR,ERR,ERR,ERR,ERR,ERR,ERR,ERR,ERR,ERR,ERR,ERR,ERR,ERR,ERR,ERR,ERR,ERR,ERR,ERR,ERR,ERR,ERR,ERR,ERR,ERR,ERR,ERR,ERR,ERR,ERR,ERR,ERR,ERR,ERR,ERR,ERR,ERR,ERR,ERR,ERR,ERR,ERR,ERR,ERR,ERR,ERR,ERR,ERR,ERR,ERR,ERR,ERR,ERR,ERR,ERR,ERR,ERR,ERR,ERR,ERR,ERR,ERR,ERR,ERR,ERR,ERR,ERR,ERR,ERR,ERR,ERR,ERR,ERR,ERR,ERR,ERR,ERR,ERR,ERR,ERR,ERR,ERR,ERR,ERR,ERR,ERR,ERR,ERR,ERR,ERR,ERR,ERR,ERR,ERR,0.0,0.0,-134474944.0,0.0,0.0,1.3936040501711995e+18,7.805,0.0,0,0,4,0,8422,0.0,45,0.0,0.0,0.0,0.0,0.0,0,0,0,0,0.0,0,0,0,0,0,0,0,0,0,0,0,0,0,0,0,0,0,0,0,0,0,0,0,0,0,0,0,0,0,0,0,0,0,38,14,7,45,65476,0,300,0,0,8,21553,0.0,-107605600.0,0.0,0.0,0.0,0.0,0.0,0.0,0.0,0.0,0.0,0.0,0.0,0.0,0.0,0.0,0.0,0.0,0.0,0.0,0.0,0.0,2.004,2.004,-2.004,0.0,0.0,0.0,0.0,0.0,4753.0,-1.0406643905049406e+34,0.0,0.0,0.0,0.0,2.718429300292151e+23,0.0,0.0,0.0,0.0,53,3.222028592685471e+26,-0.0,0.0,0.0,0.0,0.0,0.0,0.0,0.0,0,0,0,0.0,0.0,0.0,0.0,0.0,0.0,0.0,0.0,0.0,0.0,0.0,0.0,0.0,0.0,0.0,0.0,0,-107875648.0,53,0.0,106,-107614832.0,0.0,ERR,ERR,ERR,ERR,ERR,ERR,ERR,ERR,ERR,ERR,ERR,ERR,ERR,ERR,ERR,ERR,ERR,ERR,ERR,ERR,ERR,ERR,ERR,ERR,ERR,ERR,ERR,ERR,ERR,ERR,ERR,ERR,ERR,ERR,ERR,ERR,ERR,ERR,ERR,ERR,ERR,ERR,ERR,ERR,ERR,ERR,ERR,ERR,ERR,ERR,ERR,ERR,ERR,ERR,ERR,ERR,ERR,ERR,ERR,ERR,ERR,ERR,ERR,ERR,ERR,ERR,ERR,50.0,60.0,100,0.0,0.0,0.0,0.0,0.0,0.0,0.0,0.0,0.0,0.0,0.0,0.0,0.0,0.0,0.0,0.0,61.6,72,14,65514,50,65476,0,300,0,0,8,20529,65476,0,0,26214,60.0,0.0,0.0,0.0,0.0,0.0
2026-05-17T18:59:18,ERR,ERR,ERR,ERR,ERR,ERR,ERR,ERR,ERR,ERR,ERR,ERR,ERR,ERR,ERR,ERR,ERR,ERR,ERR,ERR,ERR,ERR,ERR,ERR,ERR,ERR,ERR,ERR,ERR,ERR,ERR,ERR,ERR,ERR,ERR,ERR,ERR,ERR,ERR,ERR,ERR,ERR,ERR,ERR,ERR,ERR,ERR,ERR,ERR,ERR,ERR,ERR,ERR,ERR,ERR,ERR,ERR,ERR,ERR,ERR,ERR,ERR,ERR,ERR,ERR,ERR,ERR,ERR,ERR,ERR,ERR,ERR,ERR,ERR,ERR,ERR,ERR,ERR,ERR,ERR,ERR,ERR,ERR,ERR,ERR,ERR,ERR,ERR,ERR,ERR,ERR,ERR,ERR,ERR,ERR,ERR,ERR,ERR,ERR,ERR,ERR,ERR,ERR,ERR,ERR,ERR,ERR,ERR,ERR,ERR,ERR,ERR,ERR,ERR,ERR,ERR,ERR,ERR,ERR,ERR,ERR,ERR,ERR,ERR,ERR,0.0,0.0,-134474944.0,0.0,0.0,1.3936040501711995e+18,7.805,0.0,0,0,4,0,8422,0.0,45,0.0,0.0,0.0,0.0,0.0,0,0,0,0,0.0,0,0,0,0,0,0,0,0,0,0,0,0,0,0,0,0,0,0,0,0,0,0,0,0,0,0,0,0,0,0,0,0,0,38,14,7,45,65476,0,300,0,0,8,21553,0.0,-107605600.0,0.0,0.0,0.0,0.0,0.0,0.0,0.0,0.0,0.0,0.0,0.0,0.0,0.0,0.0,0.0,0.0,0.0,0.0,0.0,0.0,2.004,2.004,-2.004,0.0,0.0,0.0,0.0,0.0,4753.0,-1.0406643905049406e+34,0.0,0.0,0.0,0.0,2.718429300292151e+23,0.0,0.0,0.0,0.0,53,3.222028592685471e+26,-0.0,0.0,0.0,0.0,0.0,0.0,0.0,0.0,0,0,0,0.0,0.0,0.0,0.0,0.0,0.0,0.0,0.0,0.0,0.0,0.0,0.0,0.0,0.0,0.0,0.0,0,-107875648.0,53,0.0,106,-107614832.0,0.0,ERR,ERR,ERR,ERR,ERR,ERR,ERR,ERR,ERR,ERR,ERR,ERR,ERR,ERR,ERR,ERR,ERR,ERR,ERR,ERR,ERR,ERR,ERR,ERR,ERR,ERR,ERR,ERR,ERR,ERR,ERR,ERR,ERR,ERR,ERR,ERR,ERR,ERR,ERR,ERR,ERR,ERR,ERR,ERR,ERR,ERR,ERR,ERR,ERR,ERR,ERR,ERR,ERR,ERR,ERR,ERR,ERR,ERR,ERR,ERR,ERR,ERR,ERR,ERR,ERR,ERR,ERR,50.0,60.0,100,0.0,0.0,0.0,0.0,0.0,0.0,0.0,0.0,0.0,0.0,0.0,0.0,0.0,0.0,0.0,0.0,61.6,72,14,65514,50,65476,0,300,0,0,8,20529,65476,0,0,26214,60.0,0.0,0.0,0.0,0.0,0.0
2026-05-17T18:59:19,ERR,ERR,ERR,ERR,ERR,ERR,ERR,ERR,ERR,ERR,ERR,ERR,ERR,ERR,ERR,ERR,ERR,ERR,ERR,ERR,ERR,ERR,ERR,ERR,ERR,ERR,ERR,ERR,ERR,ERR,ERR,ERR,ERR,ERR,ERR,ERR,ERR,ERR,ERR,ERR,ERR,ERR,ERR,ERR,ERR,ERR,ERR,ERR,ERR,ERR,ERR,ERR,ERR,ERR,ERR,ERR,ERR,ERR,ERR,ERR,ERR,ERR,ERR,ERR,ERR,ERR,ERR,ERR,ERR,ERR,ERR,ERR,ERR,ERR,ERR,ERR,ERR,ERR,ERR,ERR,ERR,ERR,ERR,ERR,ERR,ERR,ERR,ERR,ERR,ERR,ERR,ERR,ERR,ERR,ERR,ERR,ERR,ERR,ERR,ERR,ERR,ERR,ERR,ERR,ERR,ERR,ERR,ERR,ERR,ERR,ERR,ERR,ERR,ERR,ERR,ERR,ERR,ERR,ERR,ERR,ERR,ERR,ERR,ERR,ERR,0.0,0.0,-134474944.0,0.0,0.0,1.3936040501711995e+18,7.805,0.0,0,0,4,0,8422,0.0,45,0.0,0.0,0.0,0.0,0.0,0,0,0,0,0.0,0,0,0,0,0,0,0,0,0,0,0,0,0,0,0,0,0,0,0,0,0,0,0,0,0,0,0,0,0,0,0,0,0,38,14,7,45,65476,0,300,0,0,8,21553,0.0,-107605600.0,0.0,0.0,0.0,0.0,0.0,0.0,0.0,0.0,0.0,0.0,0.0,0.0,0.0,0.0,0.0,0.0,0.0,0.0,0.0,0.0,2.004,2.004,-2.004,0.0,0.0,0.0,0.0,0.0,4753.0,-1.0406643905049406e+34,0.0,0.0,0.0,0.0,2.718429300292151e+23,0.0,0.0,0.0,0.0,53,3.222028592685471e+26,-0.0,0.0,0.0,0.0,0.0,0.0,0.0,0.0,0,0,0,0.0,0.0,0.0,0.0,0.0,0.0,0.0,0.0,0.0,0.0,0.0,0.0,0.0,0.0,0.0,0.0,0,-107875648.0,53,0.0,106,-107614832.0,0.0,ERR,ERR,ERR,ERR,ERR,ERR,ERR,ERR,ERR,ERR,ERR,ERR,ERR,ERR,ERR,ERR,ERR,ERR,ERR,ERR,ERR,ERR,ERR,ERR,ERR,ERR,ERR,ERR,ERR,ERR,ERR,ERR,ERR,ERR,ERR,ERR,ERR,ERR,ERR,ERR,ERR,ERR,ERR,ERR,ERR,ERR,ERR,ERR,ERR,ERR,ERR,ERR,ERR,ERR,ERR,ERR,ERR,ERR,ERR,ERR,ERR,ERR,ERR,ERR,ERR,ERR,ERR,50.0,60.0,100,0.0,0.0,0.0,0.0,0.0,0.0,0.0,0.0,0.0,0.0,0.0,0.0,0.0,0.0,0.0,0.0,61.6,72,14,65514,50,65476,0,300,0,0,8,20529,65476,0,0,26214,60.0,0.0,0.0,0.0,0.0,0.0
2026-05-17T18:59:20,ERR,ERR,ERR,ERR,ERR,ERR,ERR,ERR,ERR,ERR,ERR,ERR,ERR,ERR,ERR,ERR,ERR,ERR,ERR,ERR,ERR,ERR,ERR,ERR,ERR,ERR,ERR,ERR,ERR,ERR,ERR,ERR,ERR,ERR,ERR,ERR,ERR,ERR,ERR,ERR,ERR,ERR,ERR,ERR,ERR,ERR,ERR,ERR,ERR,ERR,ERR,ERR,ERR,ERR,ERR,ERR,ERR,ERR,ERR,ERR,ERR,ERR,ERR,ERR,ERR,ERR,ERR,ERR,ERR,ERR,ERR,ERR,ERR,ERR,ERR,ERR,ERR,ERR,ERR,ERR,ERR,ERR,ERR,ERR,ERR,ERR,ERR,ERR,ERR,ERR,ERR,ERR,ERR,ERR,ERR,ERR,ERR,ERR,ERR,ERR,ERR,ERR,ERR,ERR,ERR,ERR,ERR,ERR,ERR,ERR,ERR,ERR,ERR,ERR,ERR,ERR,ERR,ERR,ERR,ERR,ERR,ERR,ERR,ERR,ERR,0.0,0.0,-134474944.0,0.0,0.0,1.3936040501711995e+18,7.805,0.0,0,0,4,0,8422,0.0,45,0.0,0.0,0.0,0.0,0.0,0,0,0,0,0.0,0,0,0,0,0,0,0,0,0,0,0,0,0,0,0,0,0,0,0,0,0,0,0,0,0,0,0,0,0,0,0,0,0,38,14,7,45,65476,0,300,0,0,8,21553,0.0,-107605600.0,0.0,0.0,0.0,0.0,0.0,0.0,0.0,0.0,0.0,0.0,0.0,0.0,0.0,0.0,0.0,0.0,0.0,0.0,0.0,0.0,2.004,2.004,-2.004,0.0,0.0,0.0,0.0,0.0,4753.0,-1.0406643905049406e+34,0.0,0.0,0.0,0.0,2.718429300292151e+23,0.0,0.0,0.0,0.0,53,3.222028592685471e+26,-0.0,0.0,0.0,0.0,0.0,0.0,0.0,0.0,0,0,0,0.0,0.0,0.0,0.0,0.0,0.0,0.0,0.0,0.0,0.0,0.0,0.0,0.0,0.0,0.0,0.0,0,-107875648.0,53,0.0,106,-107614832.0,0.0,ERR,ERR,ERR,ERR,ERR,ERR,ERR,ERR,ERR,ERR,ERR,ERR,ERR,ERR,ERR,ERR,ERR,ERR,ERR,ERR,ERR,ERR,ERR,ERR,ERR,ERR,ERR,ERR,ERR,ERR,ERR,ERR,ERR,ERR,ERR,ERR,ERR,ERR,ERR,ERR,ERR,ERR,ERR,ERR,ERR,ERR,ERR,ERR,ERR,ERR,ERR,ERR,ERR,ERR,ERR,ERR,ERR,ERR,ERR,ERR,ERR,ERR,ERR,ERR,ERR,ERR,ERR,50.0,60.0,100,0.0,0.0,0.0,0.0,0.0,0.0,0.0,0.0,0.0,0.0,0.0,0.0,0.0,0.0,0.0,0.0,61.6,72,14,65514,50,65476,0,300,0,0,8,20529,65476,0,0,26214,60.0,0.0,0.0,0.0,0.0,0.0
2026-05-17T18:59:21,ERR,ERR,ERR,ERR,ERR,ERR,ERR,ERR,ERR,ERR,ERR,ERR,ERR,ERR,ERR,ERR,ERR,ERR,ERR,ERR,ERR,ERR,ERR,ERR,ERR,ERR,ERR,ERR,ERR,ERR,ERR,ERR,ERR,ERR,ERR,ERR,ERR,ERR,ERR,ERR,ERR,ERR,ERR,ERR,ERR,ERR,ERR,ERR,ERR,ERR,ERR,ERR,ERR,ERR,ERR,ERR,ERR,ERR,ERR,ERR,ERR,ERR,ERR,ERR,ERR,ERR,ERR,ERR,ERR,ERR,ERR,ERR,ERR,ERR,ERR,ERR,ERR,ERR,ERR,ERR,ERR,ERR,ERR,ERR,ERR,ERR,ERR,ERR,ERR,ERR,ERR,ERR,ERR,ERR,ERR,ERR,ERR,ERR,ERR,ERR,ERR,ERR,ERR,ERR,ERR,ERR,ERR,ERR,ERR,ERR,ERR,ERR,ERR,ERR,ERR,ERR,ERR,ERR,ERR,ERR,ERR,ERR,ERR,ERR,ERR,0.0,0.0,-134474944.0,0.0,0.0,1.3936040501711995e+18,7.805,0.0,0,0,4,0,8422,0.0,45,0.0,0.0,0.0,0.0,0.0,0,0,0,0,0.0,0,0,0,0,0,0,0,0,0,0,0,0,0,0,0,0,0,0,0,0,0,0,0,0,0,0,0,0,0,0,0,0,0,38,14,7,45,65476,0,300,0,0,8,21553,0.0,-107605600.0,0.0,0.0,0.0,0.0,0.0,0.0,0.0,0.0,0.0,0.0,0.0,0.0,0.0,0.0,0.0,0.0,0.0,0.0,0.0,0.0,2.004,2.004,-2.004,0.0,0.0,0.0,0.0,0.0,4753.0,-1.0406643905049406e+34,0.0,0.0,0.0,0.0,2.718429300292151e+23,0.0,0.0,0.0,0.0,53,3.222028592685471e+26,-0.0,0.0,0.0,0.0,0.0,0.0,0.0,0.0,0,0,0,0.0,0.0,0.0,0.0,0.0,0.0,0.0,0.0,0.0,0.0,0.0,0.0,0.0,0.0,0.0,0.0,0,-107875648.0,53,0.0,106,-107614832.0,0.0,ERR,ERR,ERR,ERR,ERR,ERR,ERR,ERR,ERR,ERR,ERR,ERR,ERR,ERR,ERR,ERR,ERR,ERR,ERR,ERR,ERR,ERR,ERR,ERR,ERR,ERR,ERR,ERR,ERR,ERR,ERR,ERR,ERR,ERR,ERR,ERR,ERR,ERR,ERR,ERR,ERR,ERR,ERR,ERR,ERR,ERR,ERR,ERR,ERR,ERR,ERR,ERR,ERR,ERR,ERR,ERR,ERR,ERR,ERR,ERR,ERR,ERR,ERR,ERR,ERR,ERR,ERR,50.0,60.0,100,0.0,0.0,0.0,0.0,0.0,0.0,0.0,0.0,0.0,0.0,0.0,0.0,0.0,0.0,0.0,0.0,61.6,72,14,65514,50,65476,0,300,0,0,8,20529,65476,0,0,26214,60.0,0.0,0.0,0.0,0.0,0.0
2026-05-17T18:59:22,ERR,ERR,ERR,ERR,ERR,ERR,ERR,ERR,ERR,ERR,ERR,ERR,ERR,ERR,ERR,ERR,ERR,ERR,ERR,ERR,ERR,ERR,ERR,ERR,ERR,ERR,ERR,ERR,ERR,ERR,ERR,ERR,ERR,ERR,ERR,ERR,ERR,ERR,ERR,ERR,ERR,ERR,ERR,ERR,ERR,ERR,ERR,ERR,ERR,ERR,ERR,ERR,ERR,ERR,ERR,ERR,ERR,ERR,ERR,ERR,ERR,ERR,ERR,ERR,ERR,ERR,ERR,ERR,ERR,ERR,ERR,ERR,ERR,ERR,ERR,ERR,ERR,ERR,ERR,ERR,ERR,ERR,ERR,ERR,ERR,ERR,ERR,ERR,ERR,ERR,ERR,ERR,ERR,ERR,ERR,ERR,ERR,ERR,ERR,ERR,ERR,ERR,ERR,ERR,ERR,ERR,ERR,ERR,ERR,ERR,ERR,ERR,ERR,ERR,ERR,ERR,ERR,ERR,ERR,ERR,ERR,ERR,ERR,ERR,ERR,0.0,0.0,-134474944.0,0.0,0.0,1.3936040501711995e+18,7.805,0.0,0,0,4,0,8422,0.0,45,0.0,0.0,0.0,0.0,0.0,0,0,0,0,0.0,0,0,0,0,0,0,0,0,0,0,0,0,0,0,0,0,0,0,0,0,0,0,0,0,0,0,0,0,0,0,0,0,0,38,14,7,45,65476,0,300,0,0,8,21553,0.0,-107605600.0,0.0,0.0,0.0,0.0,0.0,0.0,0.0,0.0,0.0,0.0,0.0,0.0,0.0,0.0,0.0,0.0,0.0,0.0,0.0,0.0,2.004,2.004,-2.004,0.0,0.0,0.0,0.0,0.0,4788.0,564145363615744.0,0.0,0.0,0.0,0.0,2.718429300292151e+23,0.0,0.0,0.0,0.0,53,5.848083413016271e+35,0.0,0.0,0.0,0.0,0.0,0.0,0.0,0.0,0,0,0,0.0,0.0,0.0,0.0,0.0,0.0,0.0,0.0,0.0,0.0,0.0,0.0,0.0,0.0,0.0,0.0,0,-107875648.0,53,0.0,106,-107614832.0,0.0,ERR,ERR,ERR,ERR,ERR,ERR,ERR,ERR,ERR,ERR,ERR,ERR,ERR,ERR,ERR,ERR,ERR,ERR,ERR,ERR,ERR,ERR,ERR,ERR,ERR,ERR,ERR,ERR,ERR,ERR,ERR,ERR,ERR,ERR,ERR,ERR,ERR,ERR,ERR,ERR,ERR,ERR,ERR,ERR,ERR,ERR,ERR,ERR,ERR,ERR,ERR,ERR,ERR,ERR,ERR,ERR,ERR,ERR,ERR,ERR,ERR,ERR,ERR,ERR,ERR,ERR,ERR,50.0,60.0,100,0.0,0.0,0.0,0.0,0.0,0.0,0.0,0.0,0.0,0.0,0.0,0.0,0.0,0.0,0.0,0.0,62.0,72,14,65514,50,65476,0,300,0,0,8,20529,65476,0,0,26214,60.0,0.0,0.0,0.0,0.0,0.0
2026-05-17T18:59:23,ERR,ERR,ERR,ERR,ERR,ERR,ERR,ERR,ERR,ERR,ERR,ERR,ERR,ERR,ERR,ERR,ERR,ERR,ERR,ERR,ERR,ERR,ERR,ERR,ERR,ERR,ERR,ERR,ERR,ERR,ERR,ERR,ERR,ERR,ERR,ERR,ERR,ERR,ERR,ERR,ERR,ERR,ERR,ERR,ERR,ERR,ERR,ERR,ERR,ERR,ERR,ERR,ERR,ERR,ERR,ERR,ERR,ERR,ERR,ERR,ERR,ERR,ERR,ERR,ERR,ERR,ERR,ERR,ERR,ERR,ERR,ERR,ERR,ERR,ERR,ERR,ERR,ERR,ERR,ERR,ERR,ERR,ERR,ERR,ERR,ERR,ERR,ERR,ERR,ERR,ERR,ERR,ERR,ERR,ERR,ERR,ERR,ERR,ERR,ERR,ERR,ERR,ERR,ERR,ERR,ERR,ERR,ERR,ERR,ERR,ERR,ERR,ERR,ERR,ERR,ERR,ERR,ERR,ERR,ERR,ERR,ERR,ERR,ERR,ERR,0.0,0.0,-134474944.0,0.0,0.0,1.3936040501711995e+18,7.805,0.0,0,0,4,0,8422,0.0,45,0.0,0.0,0.0,0.0,0.0,0,0,0,0,0.0,0,0,0,0,0,0,0,0,0,0,0,0,0,0,0,0,0,0,0,0,0,0,0,0,0,0,0,0,0,0,0,0,0,38,14,7,45,65476,0,300,0,0,8,21553,0.0,-107605600.0,0.0,0.0,0.0,0.0,0.0,0.0,0.0,0.0,0.0,0.0,0.0,0.0,0.0,0.0,0.0,0.0,0.0,0.0,0.0,0.0,2.004,2.004,-2.004,0.0,0.0,0.0,0.0,0.0,4788.0,564145363615744.0,0.0,0.0,0.0,0.0,2.718429300292151e+23,0.0,0.0,0.0,0.0,53,5.848083413016271e+35,0.0,0.0,0.0,0.0,0.0,0.0,0.0,0.0,0,0,0,0.0,0.0,0.0,0.0,0.0,0.0,0.0,0.0,0.0,0.0,0.0,0.0,0.0,0.0,0.0,0.0,0,-107875648.0,53,0.0,106,-107614832.0,0.0,ERR,ERR,ERR,ERR,ERR,ERR,ERR,ERR,ERR,ERR,ERR,ERR,ERR,ERR,ERR,ERR,ERR,ERR,ERR,ERR,ERR,ERR,ERR,ERR,ERR,ERR,ERR,ERR,ERR,ERR,ERR,ERR,ERR,ERR,ERR,ERR,ERR,ERR,ERR,ERR,ERR,ERR,ERR,ERR,ERR,ERR,ERR,ERR,ERR,ERR,ERR,ERR,ERR,ERR,ERR,ERR,ERR,ERR,ERR,ERR,ERR,ERR,ERR,ERR,ERR,ERR,ERR,50.0,60.0,100,0.0,0.0,0.0,0.0,0.0,0.0,0.0,0.0,0.0,0.0,0.0,0.0,0.0,0.0,0.0,0.0,62.0,72,14,65514,50,65476,0,300,0,0,8,20529,65476,0,0,26214,60.0,0.0,0.0,0.0,0.0,0.0
2026-05-17T18:59:24,ERR,ERR,ERR,ERR,ERR,ERR,ERR,ERR,ERR,ERR,ERR,ERR,ERR,ERR,ERR,ERR,ERR,ERR,ERR,ERR,ERR,ERR,ERR,ERR,ERR,ERR,ERR,ERR,ERR,ERR,ERR,ERR,ERR,ERR,ERR,ERR,ERR,ERR,ERR,ERR,ERR,ERR,ERR,ERR,ERR,ERR,ERR,ERR,ERR,ERR,ERR,ERR,ERR,ERR,ERR,ERR,ERR,ERR,ERR,ERR,ERR,ERR,ERR,ERR,ERR,ERR,ERR,ERR,ERR,ERR,ERR,ERR,ERR,ERR,ERR,ERR,ERR,ERR,ERR,ERR,ERR,ERR,ERR,ERR,ERR,ERR,ERR,ERR,ERR,ERR,ERR,ERR,ERR,ERR,ERR,ERR,ERR,ERR,ERR,ERR,ERR,ERR,ERR,ERR,ERR,ERR,ERR,ERR,ERR,ERR,ERR,ERR,ERR,ERR,ERR,ERR,ERR,ERR,ERR,ERR,ERR,ERR,ERR,ERR,ERR,0.0,0.0,-134474944.0,0.0,0.0,1.3936040501711995e+18,7.805,0.0,0,0,4,0,8422,0.0,45,0.0,0.0,0.0,0.0,0.0,0,0,0,0,0.0,0,0,0,0,0,0,0,0,0,0,0,0,0,0,0,0,0,0,0,0,0,0,0,0,0,0,0,0,0,0,0,0,0,38,14,7,45,65476,0,300,0,0,8,21553,0.0,-107605600.0,0.0,0.0,0.0,0.0,0.0,0.0,0.0,0.0,0.0,0.0,0.0,0.0,0.0,0.0,0.0,0.0,0.0,0.0,0.0,0.0,2.004,2.004,-2.004,0.0,0.0,0.0,0.0,0.0,4788.0,564145363615744.0,0.0,0.0,0.0,0.0,2.718429300292151e+23,0.0,0.0,0.0,0.0,53,5.848083413016271e+35,0.0,0.0,0.0,0.0,0.0,0.0,0.0,0.0,0,0,0,0.0,0.0,0.0,0.0,0.0,0.0,0.0,0.0,0.0,0.0,0.0,0.0,0.0,0.0,0.0,0.0,0,-107875648.0,53,0.0,106,-107614832.0,0.0,ERR,ERR,ERR,ERR,ERR,ERR,ERR,ERR,ERR,ERR,ERR,ERR,ERR,ERR,ERR,ERR,ERR,ERR,ERR,ERR,ERR,ERR,ERR,ERR,ERR,ERR,ERR,ERR,ERR,ERR,ERR,ERR,ERR,ERR,ERR,ERR,ERR,ERR,ERR,ERR,ERR,ERR,ERR,ERR,ERR,ERR,ERR,ERR,ERR,ERR,ERR,ERR,ERR,ERR,ERR,ERR,ERR,ERR,ERR,ERR,ERR,ERR,ERR,ERR,ERR,ERR,ERR,50.0,60.0,100,0.0,0.0,0.0,0.0,0.0,0.0,0.0,0.0,0.0,0.0,0.0,0.0,0.0,0.0,0.0,0.0,62.0,72,14,65514,50,65476,0,300,0,0,8,20529,65476,0,0,26214,60.0,0.0,0.0,0.0,0.0,0.0
2026-05-17T18:59:25,ERR,ERR,ERR,ERR,ERR,ERR,ERR,ERR,ERR,ERR,ERR,ERR,ERR,ERR,ERR,ERR,ERR,ERR,ERR,ERR,ERR,ERR,ERR,ERR,ERR,ERR,ERR,ERR,ERR,ERR,ERR,ERR,ERR,ERR,ERR,ERR,ERR,ERR,ERR,ERR,ERR,ERR,ERR,ERR,ERR,ERR,ERR,ERR,ERR,ERR,ERR,ERR,ERR,ERR,ERR,ERR,ERR,ERR,ERR,ERR,ERR,ERR,ERR,ERR,ERR,ERR,ERR,ERR,ERR,ERR,ERR,ERR,ERR,ERR,ERR,ERR,ERR,ERR,ERR,ERR,ERR,ERR,ERR,ERR,ERR,ERR,ERR,ERR,ERR,ERR,ERR,ERR,ERR,ERR,ERR,ERR,ERR,ERR,ERR,ERR,ERR,ERR,ERR,ERR,ERR,ERR,ERR,ERR,ERR,ERR,ERR,ERR,ERR,ERR,ERR,ERR,ERR,ERR,ERR,ERR,ERR,ERR,ERR,ERR,ERR,0.0,0.0,-134474944.0,0.0,0.0,1.3936040501711995e+18,7.805,0.0,0,0,4,0,8422,0.0,45,0.0,0.0,0.0,0.0,0.0,0,0,0,0,0.0,0,0,0,0,0,0,0,0,0,0,0,0,0,0,0,0,0,0,0,0,0,0,0,0,0,0,0,0,0,0,0,0,0,38,14,7,45,65476,0,300,0,0,8,21553,0.0,-107605600.0,0.0,0.0,0.0,0.0,0.0,0.0,0.0,0.0,0.0,0.0,0.0,0.0,0.0,0.0,0.0,0.0,0.0,0.0,0.0,0.0,2.004,2.004,-2.004,0.0,0.0,0.0,0.0,0.0,4788.0,564145363615744.0,0.0,0.0,0.0,0.0,2.718429300292151e+23,0.0,0.0,0.0,0.0,53,5.848083413016271e+35,0.0,0.0,0.0,0.0,0.0,0.0,0.0,0.0,0,0,0,0.0,0.0,0.0,0.0,0.0,0.0,0.0,0.0,0.0,0.0,0.0,0.0,0.0,0.0,0.0,0.0,0,-107875648.0,53,0.0,106,-107614832.0,0.0,ERR,ERR,ERR,ERR,ERR,ERR,ERR,ERR,ERR,ERR,ERR,ERR,ERR,ERR,ERR,ERR,ERR,ERR,ERR,ERR,ERR,ERR,ERR,ERR,ERR,ERR,ERR,ERR,ERR,ERR,ERR,ERR,ERR,ERR,ERR,ERR,ERR,ERR,ERR,ERR,ERR,ERR,ERR,ERR,ERR,ERR,ERR,ERR,ERR,ERR,ERR,ERR,ERR,ERR,ERR,ERR,ERR,ERR,ERR,ERR,ERR,ERR,ERR,ERR,ERR,ERR,ERR,50.0,60.0,100,0.0,0.0,0.0,0.0,0.0,0.0,0.0,0.0,0.0,0.0,0.0,0.0,0.0,0.0,0.0,0.0,62.0,72,14,65514,50,65476,0,300,0,0,8,20529,65476,0,0,26214,60.0,0.0,0.0,0.0,0.0,0.0
2026-05-17T18:59:26,ERR,ERR,ERR,ERR,ERR,ERR,ERR,ERR,ERR,ERR,ERR,ERR,ERR,ERR,ERR,ERR,ERR,ERR,ERR,ERR,ERR,ERR,ERR,ERR,ERR,ERR,ERR,ERR,ERR,ERR,ERR,ERR,ERR,ERR,ERR,ERR,ERR,ERR,ERR,ERR,ERR,ERR,ERR,ERR,ERR,ERR,ERR,ERR,ERR,ERR,ERR,ERR,ERR,ERR,ERR,ERR,ERR,ERR,ERR,ERR,ERR,ERR,ERR,ERR,ERR,ERR,ERR,ERR,ERR,ERR,ERR,ERR,ERR,ERR,ERR,ERR,ERR,ERR,ERR,ERR,ERR,ERR,ERR,ERR,ERR,ERR,ERR,ERR,ERR,ERR,ERR,ERR,ERR,ERR,ERR,ERR,ERR,ERR,ERR,ERR,ERR,ERR,ERR,ERR,ERR,ERR,ERR,ERR,ERR,ERR,ERR,ERR,ERR,ERR,ERR,ERR,ERR,ERR,ERR,ERR,ERR,ERR,ERR,ERR,ERR,0.0,0.0,-134474944.0,0.0,0.0,1.3936040501711995e+18,7.805,0.0,0,0,4,0,8422,0.0,45,0.0,0.0,0.0,0.0,0.0,0,0,0,0,0.0,0,0,0,0,0,0,0,0,0,0,0,0,0,0,0,0,0,0,0,0,0,0,0,0,0,0,0,0,0,0,0,0,0,38,14,7,45,65476,0,300,0,0,8,21553,0.0,-107605600.0,0.0,0.0,0.0,0.0,0.0,0.0,0.0,0.0,0.0,0.0,0.0,0.0,0.0,0.0,0.0,0.0,0.0,0.0,0.0,0.0,2.004,2.004,-2.004,0.0,0.0,0.0,0.0,0.0,4788.0,564145363615744.0,0.0,0.0,0.0,0.0,2.718429300292151e+23,0.0,0.0,0.0,0.0,53,5.848083413016271e+35,0.0,0.0,0.0,0.0,0.0,0.0,0.0,0.0,0,0,0,0.0,0.0,0.0,0.0,0.0,0.0,0.0,0.0,0.0,0.0,0.0,0.0,0.0,0.0,0.0,0.0,0,-107875648.0,53,0.0,106,-107614832.0,0.0,ERR,ERR,ERR,ERR,ERR,ERR,ERR,ERR,ERR,ERR,ERR,ERR,ERR,ERR,ERR,ERR,ERR,ERR,ERR,ERR,ERR,ERR,ERR,ERR,ERR,ERR,ERR,ERR,ERR,ERR,ERR,ERR,ERR,ERR,ERR,ERR,ERR,ERR,ERR,ERR,ERR,ERR,ERR,ERR,ERR,ERR,ERR,ERR,ERR,ERR,ERR,ERR,ERR,ERR,ERR,ERR,ERR,ERR,ERR,ERR,ERR,ERR,ERR,ERR,ERR,ERR,ERR,50.0,60.0,100,0.0,0.0,0.0,0.0,0.0,0.0,0.0,0.0,0.0,0.0,0.0,0.0,0.0,0.0,0.0,0.0,61.6,72,14,65514,50,65476,0,300,0,0,8,20529,65476,0,0,26214,60.0,0.0,0.0,0.0,0.0,0.0
2026-05-17T18:59:27,ERR,ERR,ERR,ERR,ERR,ERR,ERR,ERR,ERR,ERR,ERR,ERR,ERR,ERR,ERR,ERR,ERR,ERR,ERR,ERR,ERR,ERR,ERR,ERR,ERR,ERR,ERR,ERR,ERR,ERR,ERR,ERR,ERR,ERR,ERR,ERR,ERR,ERR,ERR,ERR,ERR,ERR,ERR,ERR,ERR,ERR,ERR,ERR,ERR,ERR,ERR,ERR,ERR,ERR,ERR,ERR,ERR,ERR,ERR,ERR,ERR,ERR,ERR,ERR,ERR,ERR,ERR,ERR,ERR,ERR,ERR,ERR,ERR,ERR,ERR,ERR,ERR,ERR,ERR,ERR,ERR,ERR,ERR,ERR,ERR,ERR,ERR,ERR,ERR,ERR,ERR,ERR,ERR,ERR,ERR,ERR,ERR,ERR,ERR,ERR,ERR,ERR,ERR,ERR,ERR,ERR,ERR,ERR,ERR,ERR,ERR,ERR,ERR,ERR,ERR,ERR,ERR,ERR,ERR,ERR,ERR,ERR,ERR,ERR,ERR,0.0,0.0,-134474944.0,0.0,0.0,1.3936040501711995e+18,7.805,0.0,0,0,4,0,8422,0.0,45,0.0,0.0,0.0,0.0,0.0,0,0,0,0,0.0,0,0,0,0,0,0,0,0,0,0,0,0,0,0,0,0,0,0,0,0,0,0,0,0,0,0,0,0,0,0,0,0,0,38,14,7,45,65476,0,300,0,0,8,21553,0.0,-107605600.0,0.0,0.0,0.0,0.0,0.0,0.0,0.0,0.0,0.0,0.0,0.0,0.0,0.0,0.0,0.0,0.0,0.0,0.0,0.0,0.0,-0.0,2.004,-2.004,0.0,0.0,0.0,0.0,0.0,4821.0,0.0,0.0,0.0,0.0,0.0,2.718429300292151e+23,0.0,0.0,0.0,0.0,53,-0.0,0.0,0.0,0.0,0.0,0.0,0.0,0.0,0.0,0,0,0,0.0,0.0,0.0,0.0,0.0,0.0,0.0,0.0,0.0,0.0,0.0,0.0,0.0,0.0,0.0,0.0,0,-107875648.0,53,0.0,106,-107614832.0,0.0,ERR,ERR,ERR,ERR,ERR,ERR,ERR,ERR,ERR,ERR,ERR,ERR,ERR,ERR,ERR,ERR,ERR,ERR,ERR,ERR,ERR,ERR,ERR,ERR,ERR,ERR,ERR,ERR,ERR,ERR,ERR,ERR,ERR,ERR,ERR,ERR,ERR,ERR,ERR,ERR,ERR,ERR,ERR,ERR,ERR,ERR,ERR,ERR,ERR,ERR,ERR,ERR,ERR,ERR,ERR,ERR,ERR,ERR,ERR,ERR,ERR,ERR,ERR,ERR,ERR,ERR,ERR,50.0,60.0,100,0.0,0.0,0.0,0.0,0.0,0.0,0.0,0.0,0.0,0.0,0.0,0.0,0.0,0.0,0.0,0.0,61.6,72,14,65514,50,65476,0,300,0,0,8,20529,65476,0,0,26214,60.0,0.0,0.0,0.0,0.0,0.0
2026-05-17T18:59:28,ERR,ERR,ERR,ERR,ERR,ERR,ERR,ERR,ERR,ERR,ERR,ERR,ERR,ERR,ERR,ERR,ERR,ERR,ERR,ERR,ERR,ERR,ERR,ERR,ERR,ERR,ERR,ERR,ERR,ERR,ERR,ERR,ERR,ERR,ERR,ERR,ERR,ERR,ERR,ERR,ERR,ERR,ERR,ERR,ERR,ERR,ERR,ERR,ERR,ERR,ERR,ERR,ERR,ERR,ERR,ERR,ERR,ERR,ERR,ERR,ERR,ERR,ERR,ERR,ERR,ERR,ERR,ERR,ERR,ERR,ERR,ERR,ERR,ERR,ERR,ERR,ERR,ERR,ERR,ERR,ERR,ERR,ERR,ERR,ERR,ERR,ERR,ERR,ERR,ERR,ERR,ERR,ERR,ERR,ERR,ERR,ERR,ERR,ERR,ERR,ERR,ERR,ERR,ERR,ERR,ERR,ERR,ERR,ERR,ERR,ERR,ERR,ERR,ERR,ERR,ERR,ERR,ERR,ERR,ERR,ERR,ERR,ERR,ERR,ERR,0.0,0.0,-134474944.0,0.0,0.0,1.3936040501711995e+18,7.805,0.0,0,0,4,0,8422,0.0,45,0.0,0.0,0.0,0.0,0.0,0,0,0,0,0.0,0,0,0,0,0,0,0,0,0,0,0,0,0,0,0,0,0,0,0,0,0,0,0,0,0,0,0,0,0,0,0,0,0,38,14,7,45,65476,0,300,0,0,8,21553,0.0,-107605600.0,0.0,0.0,0.0,0.0,0.0,0.0,0.0,0.0,0.0,0.0,0.0,0.0,0.0,0.0,0.0,0.0,0.0,0.0,0.0,0.0,-0.0,2.004,-2.004,0.0,0.0,0.0,0.0,0.0,4821.0,0.0,0.0,0.0,0.0,0.0,2.718429300292151e+23,0.0,0.0,0.0,0.0,53,-0.0,0.0,0.0,0.0,0.0,0.0,0.0,0.0,0.0,0,0,0,0.0,0.0,0.0,0.0,0.0,0.0,0.0,0.0,0.0,0.0,0.0,0.0,0.0,0.0,0.0,0.0,0,-107875648.0,53,0.0,106,-107614832.0,0.0,ERR,ERR,ERR,ERR,ERR,ERR,ERR,ERR,ERR,ERR,ERR,ERR,ERR,ERR,ERR,ERR,ERR,ERR,ERR,ERR,ERR,ERR,ERR,ERR,ERR,ERR,ERR,ERR,ERR,ERR,ERR,ERR,ERR,ERR,ERR,ERR,ERR,ERR,ERR,ERR,ERR,ERR,ERR,ERR,ERR,ERR,ERR,ERR,ERR,ERR,ERR,ERR,ERR,ERR,ERR,ERR,ERR,ERR,ERR,ERR,ERR,ERR,ERR,ERR,ERR,ERR,ERR,50.0,60.0,100,0.0,0.0,0.0,0.0,0.0,0.0,0.0,0.0,0.0,0.0,0.0,0.0,0.0,0.0,0.0,0.0,62.0,72,14,65514,50,65476,0,300,0,0,8,20529,65476,0,0,26214,60.0,0.0,0.0,0.0,0.0,0.0
2026-05-17T18:59:29,ERR,ERR,ERR,ERR,ERR,ERR,ERR,ERR,ERR,ERR,ERR,ERR,ERR,ERR,ERR,ERR,ERR,ERR,ERR,ERR,ERR,ERR,ERR,ERR,ERR,ERR,ERR,ERR,ERR,ERR,ERR,ERR,ERR,ERR,ERR,ERR,ERR,ERR,ERR,ERR,ERR,ERR,ERR,ERR,ERR,ERR,ERR,ERR,ERR,ERR,ERR,ERR,ERR,ERR,ERR,ERR,ERR,ERR,ERR,ERR,ERR,ERR,ERR,ERR,ERR,ERR,ERR,ERR,ERR,ERR,ERR,ERR,ERR,ERR,ERR,ERR,ERR,ERR,ERR,ERR,ERR,ERR,ERR,ERR,ERR,ERR,ERR,ERR,ERR,ERR,ERR,ERR,ERR,ERR,ERR,ERR,ERR,ERR,ERR,ERR,ERR,ERR,ERR,ERR,ERR,ERR,ERR,ERR,ERR,ERR,ERR,ERR,ERR,ERR,ERR,ERR,ERR,ERR,ERR,ERR,ERR,ERR,ERR,ERR,ERR,0.0,0.0,-134474944.0,0.0,0.0,1.3936040501711995e+18,7.805,0.0,0,0,4,0,8422,0.0,45,0.0,0.0,0.0,0.0,0.0,0,0,0,0,0.0,0,0,0,0,0,0,0,0,0,0,0,0,0,0,0,0,0,0,0,0,0,0,0,0,0,0,0,0,0,0,0,0,0,38,14,7,45,65476,0,300,0,0,8,21553,0.0,-107605600.0,0.0,0.0,0.0,0.0,0.0,0.0,0.0,0.0,0.0,0.0,0.0,0.0,0.0,0.0,0.0,0.0,0.0,0.0,0.0,0.0,-0.0,2.004,-2.004,0.0,0.0,0.0,0.0,0.0,4821.0,0.0,0.0,0.0,0.0,0.0,2.718429300292151e+23,0.0,0.0,0.0,0.0,53,-0.0,0.0,0.0,0.0,0.0,0.0,0.0,0.0,0.0,0,0,0,0.0,0.0,0.0,0.0,0.0,0.0,0.0,0.0,0.0,0.0,0.0,0.0,0.0,0.0,0.0,0.0,0,-107875648.0,53,0.0,106,-107614832.0,0.0,ERR,ERR,ERR,ERR,ERR,ERR,ERR,ERR,ERR,ERR,ERR,ERR,ERR,ERR,ERR,ERR,ERR,ERR,ERR,ERR,ERR,ERR,ERR,ERR,ERR,ERR,ERR,ERR,ERR,ERR,ERR,ERR,ERR,ERR,ERR,ERR,ERR,ERR,ERR,ERR,ERR,ERR,ERR,ERR,ERR,ERR,ERR,ERR,ERR,ERR,ERR,ERR,ERR,ERR,ERR,ERR,ERR,ERR,ERR,ERR,ERR,ERR,ERR,ERR,ERR,ERR,ERR,50.0,60.0,100,0.0,0.0,0.0,0.0,0.0,0.0,0.0,0.0,0.0,0.0,0.0,0.0,0.0,0.0,0.0,0.0,62.0,72,14,65514,50,65476,0,300,0,0,8,20529,65476,0,0,26214,60.0,0.0,0.0,0.0,0.0,0.0
2026-05-17T18:59:30,ERR,ERR,ERR,ERR,ERR,ERR,ERR,ERR,ERR,ERR,ERR,ERR,ERR,ERR,ERR,ERR,ERR,ERR,ERR,ERR,ERR,ERR,ERR,ERR,ERR,ERR,ERR,ERR,ERR,ERR,ERR,ERR,ERR,ERR,ERR,ERR,ERR,ERR,ERR,ERR,ERR,ERR,ERR,ERR,ERR,ERR,ERR,ERR,ERR,ERR,ERR,ERR,ERR,ERR,ERR,ERR,ERR,ERR,ERR,ERR,ERR,ERR,ERR,ERR,ERR,ERR,ERR,ERR,ERR,ERR,ERR,ERR,ERR,ERR,ERR,ERR,ERR,ERR,ERR,ERR,ERR,ERR,ERR,ERR,ERR,ERR,ERR,ERR,ERR,ERR,ERR,ERR,ERR,ERR,ERR,ERR,ERR,ERR,ERR,ERR,ERR,ERR,ERR,ERR,ERR,ERR,ERR,ERR,ERR,ERR,ERR,ERR,ERR,ERR,ERR,ERR,ERR,ERR,ERR,ERR,ERR,ERR,ERR,ERR,ERR,0.0,0.0,-134474944.0,0.0,0.0,1.3936040501711995e+18,7.805,0.0,0,0,4,0,8422,0.0,45,0.0,0.0,0.0,0.0,0.0,0,0,0,0,0.0,0,0,0,0,0,0,0,0,0,0,0,0,0,0,0,0,0,0,0,0,0,0,0,0,0,0,0,0,0,0,0,0,0,38,14,7,45,65476,0,300,0,0,8,21553,0.0,-107605600.0,0.0,0.0,0.0,0.0,0.0,0.0,0.0,0.0,0.0,0.0,0.0,0.0,0.0,0.0,0.0,0.0,0.0,0.0,0.0,0.0,-0.0,2.004,-2.004,0.0,0.0,0.0,0.0,0.0,4821.0,0.0,0.0,0.0,0.0,0.0,2.718429300292151e+23,0.0,0.0,0.0,0.0,53,-0.0,0.0,0.0,0.0,0.0,0.0,0.0,0.0,0.0,0,0,0,0.0,0.0,0.0,0.0,0.0,0.0,0.0,0.0,0.0,0.0,0.0,0.0,0.0,0.0,0.0,0.0,0,-107875648.0,53,0.0,106,-107614832.0,0.0,ERR,ERR,ERR,ERR,ERR,ERR,ERR,ERR,ERR,ERR,ERR,ERR,ERR,ERR,ERR,ERR,ERR,ERR,ERR,ERR,ERR,ERR,ERR,ERR,ERR,ERR,ERR,ERR,ERR,ERR,ERR,ERR,ERR,ERR,ERR,ERR,ERR,ERR,ERR,ERR,ERR,ERR,ERR,ERR,ERR,ERR,ERR,ERR,ERR,ERR,ERR,ERR,ERR,ERR,ERR,ERR,ERR,ERR,ERR,ERR,ERR,ERR,ERR,ERR,ERR,ERR,ERR,50.0,60.0,100,0.0,0.0,0.0,0.0,0.0,0.0,0.0,0.0,0.0,0.0,0.0,0.0,0.0,0.0,0.0,0.0,61.6,72,14,65514,50,65476,0,300,0,0,8,20529,65476,0,0,26214,60.0,0.0,0.0,0.0,0.0,0.0
2026-05-17T18:59:31,ERR,ERR,ERR,ERR,ERR,ERR,ERR,ERR,ERR,ERR,ERR,ERR,ERR,ERR,ERR,ERR,ERR,ERR,ERR,ERR,ERR,ERR,ERR,ERR,ERR,ERR,ERR,ERR,ERR,ERR,ERR,ERR,ERR,ERR,ERR,ERR,ERR,ERR,ERR,ERR,ERR,ERR,ERR,ERR,ERR,ERR,ERR,ERR,ERR,ERR,ERR,ERR,ERR,ERR,ERR,ERR,ERR,ERR,ERR,ERR,ERR,ERR,ERR,ERR,ERR,ERR,ERR,ERR,ERR,ERR,ERR,ERR,ERR,ERR,ERR,ERR,ERR,ERR,ERR,ERR,ERR,ERR,ERR,ERR,ERR,ERR,ERR,ERR,ERR,ERR,ERR,ERR,ERR,ERR,ERR,ERR,ERR,ERR,ERR,ERR,ERR,ERR,ERR,ERR,ERR,ERR,ERR,ERR,ERR,ERR,ERR,ERR,ERR,ERR,ERR,ERR,ERR,ERR,ERR,ERR,ERR,ERR,ERR,ERR,ERR,0.0,0.0,-134474944.0,0.0,0.0,1.3936040501711995e+18,7.805,0.0,0,0,4,0,8422,0.0,45,0.0,0.0,0.0,0.0,0.0,0,0,0,0,0.0,0,0,0,0,0,0,0,0,0,0,0,0,0,0,0,0,0,0,0,0,0,0,0,0,0,0,0,0,0,0,0,0,0,38,14,7,45,65476,0,300,0,0,8,21553,0.0,-107605600.0,0.0,0.0,0.0,0.0,0.0,0.0,0.0,0.0,0.0,0.0,0.0,0.0,0.0,0.0,0.0,0.0,0.0,0.0,0.0,0.0,-0.0,2.004,-2.004,0.0,0.0,0.0,0.0,0.0,4821.0,0.0,0.0,0.0,0.0,0.0,2.718429300292151e+23,0.0,0.0,0.0,0.0,53,-0.0,0.0,0.0,0.0,0.0,0.0,0.0,0.0,0.0,0,0,0,0.0,0.0,0.0,0.0,0.0,0.0,0.0,0.0,0.0,0.0,0.0,0.0,0.0,0.0,0.0,0.0,0,-107875648.0,53,0.0,106,-107614832.0,0.0,ERR,ERR,ERR,ERR,ERR,ERR,ERR,ERR,ERR,ERR,ERR,ERR,ERR,ERR,ERR,ERR,ERR,ERR,ERR,ERR,ERR,ERR,ERR,ERR,ERR,ERR,ERR,ERR,ERR,ERR,ERR,ERR,ERR,ERR,ERR,ERR,ERR,ERR,ERR,ERR,ERR,ERR,ERR,ERR,ERR,ERR,ERR,ERR,ERR,ERR,ERR,ERR,ERR,ERR,ERR,ERR,ERR,ERR,ERR,ERR,ERR,ERR,ERR,ERR,ERR,ERR,ERR,50.0,60.0,100,0.0,0.0,0.0,0.0,0.0,0.0,0.0,0.0,0.0,0.0,0.0,0.0,0.0,0.0,0.0,0.0,62.0,72,14,65514,50,65476,0,300,0,0,8,20529,65476,0,0,26214,60.0,0.0,0.0,0.0,0.0,0.0
2026-05-17T18:59:32,ERR,ERR,ERR,ERR,ERR,ERR,ERR,ERR,ERR,ERR,ERR,ERR,ERR,ERR,ERR,ERR,ERR,ERR,ERR,ERR,ERR,ERR,ERR,ERR,ERR,ERR,ERR,ERR,ERR,ERR,ERR,ERR,ERR,ERR,ERR,ERR,ERR,ERR,ERR,ERR,ERR,ERR,ERR,ERR,ERR,ERR,ERR,ERR,ERR,ERR,ERR,ERR,ERR,ERR,ERR,ERR,ERR,ERR,ERR,ERR,ERR,ERR,ERR,ERR,ERR,ERR,ERR,ERR,ERR,ERR,ERR,ERR,ERR,ERR,ERR,ERR,ERR,ERR,ERR,ERR,ERR,ERR,ERR,ERR,ERR,ERR,ERR,ERR,ERR,ERR,ERR,ERR,ERR,ERR,ERR,ERR,ERR,ERR,ERR,ERR,ERR,ERR,ERR,ERR,ERR,ERR,ERR,ERR,ERR,ERR,ERR,ERR,ERR,ERR,ERR,ERR,ERR,ERR,ERR,ERR,ERR,ERR,ERR,ERR,ERR,2.718428940004181e+23,0.0,-0.0,0.0,0.0,1.3936040501711995e+18,7.805,0.0,0,0,4,0,8422,0.0,45,0.0,0.0,0.0,0.0,0.0,0,0,0,0,0.0,0,0,0,0,0,0,0,0,0,0,0,0,0,0,0,0,0,0,0,0,0,0,0,0,0,0,0,0,0,0,0,0,0,38,14,7,45,65476,0,300,0,0,8,21553,0.0,-107605600.0,0.0,0.0,0.0,0.0,0.0,0.0,0.0,0.0,0.0,0.0,0.0,0.0,0.0,0.0,0.0,0.0,0.0,0.0,0.0,0.0,2.004,2.004,-2.004,0.0,0.0,0.0,0.0,0.0,4816.0,0.0,0.0,0.0,0.0,0.0,2.718429300292151e+23,0.0,0.0,0.0,0.0,53,2.7184300208680915e+23,89220.5,0.0,0.0,0.0,0.0,0.0,0.0,0.0,0,0,0,0.0,0.0,0.0,0.0,0.0,0.0,0.0,0.0,0.0,0.0,0.0,0.0,0.0,0.0,0.0,0.0,0,-107875648.0,53,0.0,106,-107614832.0,-107351008.0,ERR,ERR,ERR,ERR,ERR,ERR,ERR,ERR,ERR,ERR,ERR,ERR,ERR,ERR,ERR,ERR,ERR,ERR,ERR,ERR,ERR,ERR,ERR,ERR,ERR,ERR,ERR,ERR,ERR,ERR,ERR,ERR,ERR,ERR,ERR,ERR,ERR,ERR,ERR,ERR,ERR,ERR,ERR,ERR,ERR,ERR,ERR,ERR,ERR,ERR,ERR,ERR,ERR,ERR,ERR,ERR,ERR,ERR,ERR,ERR,ERR,ERR,ERR,ERR,ERR,ERR,ERR,50.0,60.0,100,0.0,0.0,0.0,0.0,0.0,0.0,0.0,0.0,0.0,0.0,0.0,0.0,0.0,0.0,0.0,0.0,62.0,72,14,65514,50,65476,0,300,0,0,8,20529,65476,0,0,26214,60.0,0.0,0.0,0.0,0.0,0.0
2026-05-17T18:59:33,ERR,ERR,ERR,ERR,ERR,ERR,ERR,ERR,ERR,ERR,ERR,ERR,ERR,ERR,ERR,ERR,ERR,ERR,ERR,ERR,ERR,ERR,ERR,ERR,ERR,ERR,ERR,ERR,ERR,ERR,ERR,ERR,ERR,ERR,ERR,ERR,ERR,ERR,ERR,ERR,ERR,ERR,ERR,ERR,ERR,ERR,ERR,ERR,ERR,ERR,ERR,ERR,ERR,ERR,ERR,ERR,ERR,ERR,ERR,ERR,ERR,ERR,ERR,ERR,ERR,ERR,ERR,ERR,ERR,ERR,ERR,ERR,ERR,ERR,ERR,ERR,ERR,ERR,ERR,ERR,ERR,ERR,ERR,ERR,ERR,ERR,ERR,ERR,ERR,ERR,ERR,ERR,ERR,ERR,ERR,ERR,ERR,ERR,ERR,ERR,ERR,ERR,ERR,ERR,ERR,ERR,ERR,ERR,ERR,ERR,ERR,ERR,ERR,ERR,ERR,ERR,ERR,ERR,ERR,ERR,ERR,ERR,ERR,ERR,ERR,2.718428940004181e+23,0.0,-0.0,0.0,0.0,1.3936040501711995e+18,7.805,0.0,0,0,4,0,8422,0.0,45,0.0,0.0,0.0,0.0,0.0,0,0,0,0,0.0,0,0,0,0,0,0,0,0,0,0,0,0,0,0,0,0,0,0,0,0,0,0,0,0,0,0,0,0,0,0,0,0,0,38,14,7,45,65476,0,300,0,0,8,21553,0.0,-107605600.0,0.0,0.0,0.0,0.0,0.0,0.0,0.0,0.0,0.0,0.0,0.0,0.0,0.0,0.0,0.0,0.0,0.0,0.0,0.0,0.0,2.004,2.004,-2.004,0.0,0.0,0.0,0.0,0.0,4816.0,0.0,0.0,0.0,0.0,0.0,2.718429300292151e+23,0.0,0.0,0.0,0.0,53,2.7184300208680915e+23,89220.5,0.0,0.0,0.0,0.0,0.0,0.0,0.0,0,0,0,0.0,0.0,0.0,0.0,0.0,0.0,0.0,0.0,0.0,0.0,0.0,0.0,0.0,0.0,0.0,0.0,0,-107875648.0,53,0.0,106,-107614832.0,-107351008.0,ERR,ERR,ERR,ERR,ERR,ERR,ERR,ERR,ERR,ERR,ERR,ERR,ERR,ERR,ERR,ERR,ERR,ERR,ERR,ERR,ERR,ERR,ERR,ERR,ERR,ERR,ERR,ERR,ERR,ERR,ERR,ERR,ERR,ERR,ERR,ERR,ERR,ERR,ERR,ERR,ERR,ERR,ERR,ERR,ERR,ERR,ERR,ERR,ERR,ERR,ERR,ERR,ERR,ERR,ERR,ERR,ERR,ERR,ERR,ERR,ERR,ERR,ERR,ERR,ERR,ERR,ERR,50.0,60.0,100,0.0,0.0,0.0,0.0,0.0,0.0,0.0,0.0,0.0,0.0,0.0,0.0,0.0,0.0,0.0,0.0,61.6,72,14,65514,50,65476,0,300,0,0,8,20529,65476,0,0,26214,60.0,0.0,0.0,0.0,0.0,0.0
2026-05-17T18:59:34,ERR,ERR,ERR,ERR,ERR,ERR,ERR,ERR,ERR,ERR,ERR,ERR,ERR,ERR,ERR,ERR,ERR,ERR,ERR,ERR,ERR,ERR,ERR,ERR,ERR,ERR,ERR,ERR,ERR,ERR,ERR,ERR,ERR,ERR,ERR,ERR,ERR,ERR,ERR,ERR,ERR,ERR,ERR,ERR,ERR,ERR,ERR,ERR,ERR,ERR,ERR,ERR,ERR,ERR,ERR,ERR,ERR,ERR,ERR,ERR,ERR,ERR,ERR,ERR,ERR,ERR,ERR,ERR,ERR,ERR,ERR,ERR,ERR,ERR,ERR,ERR,ERR,ERR,ERR,ERR,ERR,ERR,ERR,ERR,ERR,ERR,ERR,ERR,ERR,ERR,ERR,ERR,ERR,ERR,ERR,ERR,ERR,ERR,ERR,ERR,ERR,ERR,ERR,ERR,ERR,ERR,ERR,ERR,ERR,ERR,ERR,ERR,ERR,ERR,ERR,ERR,ERR,ERR,ERR,ERR,ERR,ERR,ERR,ERR,ERR,2.718428940004181e+23,0.0,-0.0,0.0,0.0,1.3936040501711995e+18,7.805,0.0,0,0,4,0,8422,0.0,45,0.0,0.0,0.0,0.0,0.0,0,0,0,0,0.0,0,0,0,0,0,0,0,0,0,0,0,0,0,0,0,0,0,0,0,0,0,0,0,0,0,0,0,0,0,0,0,0,0,38,14,7,45,65476,0,300,0,0,8,21553,0.0,-107605600.0,0.0,0.0,0.0,0.0,0.0,0.0,0.0,0.0,0.0,0.0,0.0,0.0,0.0,0.0,0.0,0.0,0.0,0.0,0.0,0.0,2.004,2.004,-2.004,0.0,0.0,0.0,0.0,0.0,4816.0,0.0,0.0,0.0,0.0,0.0,2.718429300292151e+23,0.0,0.0,0.0,0.0,53,2.7184300208680915e+23,89220.5,0.0,0.0,0.0,0.0,0.0,0.0,0.0,0,0,0,0.0,0.0,0.0,0.0,0.0,0.0,0.0,0.0,0.0,0.0,0.0,0.0,0.0,0.0,0.0,0.0,0,-107875648.0,53,0.0,106,-107614832.0,-107351008.0,ERR,ERR,ERR,ERR,ERR,ERR,ERR,ERR,ERR,ERR,ERR,ERR,ERR,ERR,ERR,ERR,ERR,ERR,ERR,ERR,ERR,ERR,ERR,ERR,ERR,ERR,ERR,ERR,ERR,ERR,ERR,ERR,ERR,ERR,ERR,ERR,ERR,ERR,ERR,ERR,ERR,ERR,ERR,ERR,ERR,ERR,ERR,ERR,ERR,ERR,ERR,ERR,ERR,ERR,ERR,ERR,ERR,ERR,ERR,ERR,ERR,ERR,ERR,ERR,ERR,ERR,ERR,50.0,60.0,100,0.0,0.0,0.0,0.0,0.0,0.0,0.0,0.0,0.0,0.0,0.0,0.0,0.0,0.0,0.0,0.0,61.6,72,14,65514,50,65476,0,300,0,0,8,20529,65476,0,0,26214,60.0,0.0,0.0,0.0,0.0,0.0
2026-05-17T18:59:35,ERR,ERR,ERR,ERR,ERR,ERR,ERR,ERR,ERR,ERR,ERR,ERR,ERR,ERR,ERR,ERR,ERR,ERR,ERR,ERR,ERR,ERR,ERR,ERR,ERR,ERR,ERR,ERR,ERR,ERR,ERR,ERR,ERR,ERR,ERR,ERR,ERR,ERR,ERR,ERR,ERR,ERR,ERR,ERR,ERR,ERR,ERR,ERR,ERR,ERR,ERR,ERR,ERR,ERR,ERR,ERR,ERR,ERR,ERR,ERR,ERR,ERR,ERR,ERR,ERR,ERR,ERR,ERR,ERR,ERR,ERR,ERR,ERR,ERR,ERR,ERR,ERR,ERR,ERR,ERR,ERR,ERR,ERR,ERR,ERR,ERR,ERR,ERR,ERR,ERR,ERR,ERR,ERR,ERR,ERR,ERR,ERR,ERR,ERR,ERR,ERR,ERR,ERR,ERR,ERR,ERR,ERR,ERR,ERR,ERR,ERR,ERR,ERR,ERR,ERR,ERR,ERR,ERR,ERR,ERR,ERR,ERR,ERR,ERR,ERR,2.718428940004181e+23,0.0,-0.0,0.0,0.0,1.3936040501711995e+18,7.805,0.0,0,0,4,0,8422,0.0,45,0.0,0.0,0.0,0.0,0.0,0,0,0,0,0.0,0,0,0,0,0,0,0,0,0,0,0,0,0,0,0,0,0,0,0,0,0,0,0,0,0,0,0,0,0,0,0,0,0,38,14,7,45,65476,0,300,0,0,8,21553,0.0,-107605600.0,0.0,0.0,0.0,0.0,0.0,0.0,0.0,0.0,0.0,0.0,0.0,0.0,0.0,0.0,0.0,0.0,0.0,0.0,0.0,0.0,2.004,2.004,-2.004,0.0,0.0,0.0,0.0,0.0,4816.0,0.0,0.0,0.0,0.0,0.0,2.718429300292151e+23,0.0,0.0,0.0,0.0,53,2.7184300208680915e+23,89220.5,0.0,0.0,0.0,0.0,0.0,0.0,0.0,0,0,0,0.0,0.0,0.0,0.0,0.0,0.0,0.0,0.0,0.0,0.0,0.0,0.0,0.0,0.0,0.0,0.0,0,-107875648.0,53,0.0,106,-107614832.0,-107351008.0,ERR,ERR,ERR,ERR,ERR,ERR,ERR,ERR,ERR,ERR,ERR,ERR,ERR,ERR,ERR,ERR,ERR,ERR,ERR,ERR,ERR,ERR,ERR,ERR,ERR,ERR,ERR,ERR,ERR,ERR,ERR,ERR,ERR,ERR,ERR,ERR,ERR,ERR,ERR,ERR,ERR,ERR,ERR,ERR,ERR,ERR,ERR,ERR,ERR,ERR,ERR,ERR,ERR,ERR,ERR,ERR,ERR,ERR,ERR,ERR,ERR,ERR,ERR,ERR,ERR,ERR,ERR,50.0,60.0,100,0.0,0.0,0.0,0.0,0.0,0.0,0.0,0.0,0.0,0.0,0.0,0.0,0.0,0.0,0.0,0.0,61.6,72,14,65514,50,65476,0,300,0,0,8,20529,65476,0,0,26214,60.0,0.0,0.0,0.0,0.0,0.0
2026-05-17T18:59:36,ERR,ERR,ERR,ERR,ERR,ERR,ERR,ERR,ERR,ERR,ERR,ERR,ERR,ERR,ERR,ERR,ERR,ERR,ERR,ERR,ERR,ERR,ERR,ERR,ERR,ERR,ERR,ERR,ERR,ERR,ERR,ERR,ERR,ERR,ERR,ERR,ERR,ERR,ERR,ERR,ERR,ERR,ERR,ERR,ERR,ERR,ERR,ERR,ERR,ERR,ERR,ERR,ERR,ERR,ERR,ERR,ERR,ERR,ERR,ERR,ERR,ERR,ERR,ERR,ERR,ERR,ERR,ERR,ERR,ERR,ERR,ERR,ERR,ERR,ERR,ERR,ERR,ERR,ERR,ERR,ERR,ERR,ERR,ERR,ERR,ERR,ERR,ERR,ERR,ERR,ERR,ERR,ERR,ERR,ERR,ERR,ERR,ERR,ERR,ERR,ERR,ERR,ERR,ERR,ERR,ERR,ERR,ERR,ERR,ERR,ERR,ERR,ERR,ERR,ERR,ERR,ERR,ERR,ERR,ERR,ERR,ERR,ERR,ERR,ERR,2.718428940004181e+23,0.0,-0.0,0.0,0.0,1.3936040501711995e+18,7.805,0.0,0,0,4,0,8422,0.0,45,0.0,0.0,0.0,0.0,0.0,0,0,0,0,0.0,0,0,0,0,0,0,0,0,0,0,0,0,0,0,0,0,0,0,0,0,0,0,0,0,0,0,0,0,0,0,0,0,0,38,14,7,45,65476,0,300,0,0,8,21553,0.0,-107605600.0,0.0,0.0,0.0,0.0,0.0,0.0,0.0,0.0,0.0,0.0,0.0,0.0,0.0,0.0,0.0,0.0,0.0,0.0,0.0,0.0,2.004,2.004,-2.004,0.0,0.0,0.0,0.0,0.0,4816.0,0.0,0.0,0.0,0.0,0.0,2.718429300292151e+23,0.0,0.0,0.0,0.0,53,2.7184300208680915e+23,89220.5,0.0,0.0,0.0,0.0,0.0,0.0,0.0,0,0,0,0.0,0.0,0.0,0.0,0.0,0.0,0.0,0.0,0.0,0.0,0.0,0.0,0.0,0.0,0.0,0.0,0,-107875648.0,53,0.0,106,-107614832.0,-107351008.0,ERR,ERR,ERR,ERR,ERR,ERR,ERR,ERR,ERR,ERR,ERR,ERR,ERR,ERR,ERR,ERR,ERR,ERR,ERR,ERR,ERR,ERR,ERR,ERR,ERR,ERR,ERR,ERR,ERR,ERR,ERR,ERR,ERR,ERR,ERR,ERR,ERR,ERR,ERR,ERR,ERR,ERR,ERR,ERR,ERR,ERR,ERR,ERR,ERR,ERR,ERR,ERR,ERR,ERR,ERR,ERR,ERR,ERR,ERR,ERR,ERR,ERR,ERR,ERR,ERR,ERR,ERR,50.0,60.0,100,0.0,0.0,0.0,0.0,0.0,0.0,0.0,0.0,0.0,0.0,0.0,0.0,0.0,0.0,0.0,0.0,61.6,72,14,65514,50,65476,0,300,0,0,8,20529,65476,0,0,26214,60.0,0.0,0.0,0.0,0.0,0.0
2026-05-17T18:59:37,ERR,ERR,ERR,ERR,ERR,ERR,ERR,ERR,ERR,ERR,ERR,ERR,ERR,ERR,ERR,ERR,ERR,ERR,ERR,ERR,ERR,ERR,ERR,ERR,ERR,ERR,ERR,ERR,ERR,ERR,ERR,ERR,ERR,ERR,ERR,ERR,ERR,ERR,ERR,ERR,ERR,ERR,ERR,ERR,ERR,ERR,ERR,ERR,ERR,ERR,ERR,ERR,ERR,ERR,ERR,ERR,ERR,ERR,ERR,ERR,ERR,ERR,ERR,ERR,ERR,ERR,ERR,ERR,ERR,ERR,ERR,ERR,ERR,ERR,ERR,ERR,ERR,ERR,ERR,ERR,ERR,ERR,ERR,ERR,ERR,ERR,ERR,ERR,ERR,ERR,ERR,ERR,ERR,ERR,ERR,ERR,ERR,ERR,ERR,ERR,ERR,ERR,ERR,ERR,ERR,ERR,ERR,ERR,ERR,ERR,ERR,ERR,ERR,ERR,ERR,ERR,ERR,ERR,ERR,ERR,ERR,ERR,ERR,ERR,ERR,2.718428940004181e+23,0.0,-0.0,0.0,0.0,1.3936040501711995e+18,7.805,0.0,0,0,4,0,8422,0.0,45,0.0,0.0,0.0,0.0,0.0,0,0,0,0,0.0,0,0,0,0,0,0,0,0,0,0,0,0,0,0,0,0,0,0,0,0,0,0,0,0,0,0,0,0,0,0,0,0,0,38,14,7,45,65476,0,300,0,0,8,21553,0.0,-107605600.0,0.0,0.0,0.0,0.0,0.0,0.0,0.0,0.0,0.0,0.0,0.0,0.0,0.0,0.0,0.0,0.0,0.0,0.0,0.0,0.0,2.004,2.004,-2.004,0.0,0.0,0.0,0.0,0.0,4821.0,8608176128.0,0.0,2.718428940004181e+23,0.0,-107615280.0,2.718429300292151e+23,0.0,0.0,0.0,0.0,53,-0.0,2.718415969637254e+23,0.0,0.0,0.0,0.0,0.0,0.0,0.0,0,0,0,0.0,0.0,0.0,0.0,0.0,0.0,0.0,0.0,0.0,0.0,0.0,0.0,0.0,0.0,0.0,0.0,0,-107875648.0,53,0.0,106,-107614832.0,-107351008.0,ERR,ERR,ERR,ERR,ERR,ERR,ERR,ERR,ERR,ERR,ERR,ERR,ERR,ERR,ERR,ERR,ERR,ERR,ERR,ERR,ERR,ERR,ERR,ERR,ERR,ERR,ERR,ERR,ERR,ERR,ERR,ERR,ERR,ERR,ERR,ERR,ERR,ERR,ERR,ERR,ERR,ERR,ERR,ERR,ERR,ERR,ERR,ERR,ERR,ERR,ERR,ERR,ERR,ERR,ERR,ERR,ERR,ERR,ERR,ERR,ERR,ERR,ERR,ERR,ERR,ERR,ERR,50.0,60.0,100,0.0,0.0,0.0,0.0,0.0,0.0,0.0,0.0,0.0,0.0,0.0,0.0,0.0,0.0,0.0,0.0,62.0,72,14,65514,50,65476,0,300,0,0,8,20529,65476,0,0,26214,60.0,0.0,0.0,0.0,0.0,0.0
2026-05-17T18:59:38,ERR,ERR,ERR,ERR,ERR,ERR,ERR,ERR,ERR,ERR,ERR,ERR,ERR,ERR,ERR,ERR,ERR,ERR,ERR,ERR,ERR,ERR,ERR,ERR,ERR,ERR,ERR,ERR,ERR,ERR,ERR,ERR,ERR,ERR,ERR,ERR,ERR,ERR,ERR,ERR,ERR,ERR,ERR,ERR,ERR,ERR,ERR,ERR,ERR,ERR,ERR,ERR,ERR,ERR,ERR,ERR,ERR,ERR,ERR,ERR,ERR,ERR,ERR,ERR,ERR,ERR,ERR,ERR,ERR,ERR,ERR,ERR,ERR,ERR,ERR,ERR,ERR,ERR,ERR,ERR,ERR,ERR,ERR,ERR,ERR,ERR,ERR,ERR,ERR,ERR,ERR,ERR,ERR,ERR,ERR,ERR,ERR,ERR,ERR,ERR,ERR,ERR,ERR,ERR,ERR,ERR,ERR,ERR,ERR,ERR,ERR,ERR,ERR,ERR,ERR,ERR,ERR,ERR,ERR,ERR,ERR,ERR,ERR,ERR,ERR,2.718428940004181e+23,0.0,-0.0,0.0,0.0,1.3936040501711995e+18,7.805,0.0,0,0,4,0,8422,0.0,45,0.0,0.0,0.0,0.0,0.0,0,0,0,0,0.0,0,0,0,0,0,0,0,0,0,0,0,0,0,0,0,0,0,0,0,0,0,0,0,0,0,0,0,0,0,0,0,0,0,38,14,7,45,65476,0,300,0,0,8,21553,0.0,-107605600.0,0.0,0.0,0.0,0.0,0.0,0.0,0.0,0.0,0.0,0.0,0.0,0.0,0.0,0.0,0.0,0.0,0.0,0.0,0.0,0.0,2.004,2.004,-2.004,0.0,0.0,0.0,0.0,0.0,4821.0,8608176128.0,0.0,2.718428940004181e+23,0.0,-107615280.0,2.718429300292151e+23,0.0,0.0,0.0,0.0,53,-0.0,2.718415969637254e+23,0.0,0.0,0.0,0.0,0.0,0.0,0.0,0,0,0,0.0,0.0,0.0,0.0,0.0,0.0,0.0,0.0,0.0,0.0,0.0,0.0,0.0,0.0,0.0,0.0,0,-107875648.0,53,0.0,106,-107614832.0,-107351008.0,ERR,ERR,ERR,ERR,ERR,ERR,ERR,ERR,ERR,ERR,ERR,ERR,ERR,ERR,ERR,ERR,ERR,ERR,ERR,ERR,ERR,ERR,ERR,ERR,ERR,ERR,ERR,ERR,ERR,ERR,ERR,ERR,ERR,ERR,ERR,ERR,ERR,ERR,ERR,ERR,ERR,ERR,ERR,ERR,ERR,ERR,ERR,ERR,ERR,ERR,ERR,ERR,ERR,ERR,ERR,ERR,ERR,ERR,ERR,ERR,ERR,ERR,ERR,ERR,ERR,ERR,ERR,50.0,60.0,100,0.0,0.0,0.0,0.0,0.0,0.0,0.0,0.0,0.0,0.0,0.0,0.0,0.0,0.0,0.0,0.0,61.6,72,14,65514,50,65476,0,300,0,0,8,20529,65476,0,0,26214,60.0,0.0,0.0,0.0,0.0,0.0
2026-05-17T18:59:39,ERR,ERR,ERR,ERR,ERR,ERR,ERR,ERR,ERR,ERR,ERR,ERR,ERR,ERR,ERR,ERR,ERR,ERR,ERR,ERR,ERR,ERR,ERR,ERR,ERR,ERR,ERR,ERR,ERR,ERR,ERR,ERR,ERR,ERR,ERR,ERR,ERR,ERR,ERR,ERR,ERR,ERR,ERR,ERR,ERR,ERR,ERR,ERR,ERR,ERR,ERR,ERR,ERR,ERR,ERR,ERR,ERR,ERR,ERR,ERR,ERR,ERR,ERR,ERR,ERR,ERR,ERR,ERR,ERR,ERR,ERR,ERR,ERR,ERR,ERR,ERR,ERR,ERR,ERR,ERR,ERR,ERR,ERR,ERR,ERR,ERR,ERR,ERR,ERR,ERR,ERR,ERR,ERR,ERR,ERR,ERR,ERR,ERR,ERR,ERR,ERR,ERR,ERR,ERR,ERR,ERR,ERR,ERR,ERR,ERR,ERR,ERR,ERR,ERR,ERR,ERR,ERR,ERR,ERR,ERR,ERR,ERR,ERR,ERR,ERR,2.718428940004181e+23,0.0,-0.0,0.0,0.0,1.3936040501711995e+18,7.805,0.0,0,0,4,0,8422,0.0,45,0.0,0.0,0.0,0.0,0.0,0,0,0,0,0.0,0,0,0,0,0,0,0,0,0,0,0,0,0,0,0,0,0,0,0,0,0,0,0,0,0,0,0,0,0,0,0,0,0,38,14,7,45,65476,0,300,0,0,8,21553,0.0,-107605600.0,0.0,0.0,0.0,0.0,0.0,0.0,0.0,0.0,0.0,0.0,0.0,0.0,0.0,0.0,0.0,0.0,0.0,0.0,0.0,0.0,2.004,2.004,-2.004,0.0,0.0,0.0,0.0,0.0,4821.0,8608176128.0,0.0,2.718428940004181e+23,0.0,-107615280.0,2.718429300292151e+23,0.0,0.0,0.0,0.0,53,-0.0,2.718415969637254e+23,0.0,0.0,0.0,0.0,0.0,0.0,0.0,0,0,0,0.0,0.0,0.0,0.0,0.0,0.0,0.0,0.0,0.0,0.0,0.0,0.0,0.0,0.0,0.0,0.0,0,-107875648.0,53,0.0,106,-107614832.0,-107351008.0,ERR,ERR,ERR,ERR,ERR,ERR,ERR,ERR,ERR,ERR,ERR,ERR,ERR,ERR,ERR,ERR,ERR,ERR,ERR,ERR,ERR,ERR,ERR,ERR,ERR,ERR,ERR,ERR,ERR,ERR,ERR,ERR,ERR,ERR,ERR,ERR,ERR,ERR,ERR,ERR,ERR,ERR,ERR,ERR,ERR,ERR,ERR,ERR,ERR,ERR,ERR,ERR,ERR,ERR,ERR,ERR,ERR,ERR,ERR,ERR,ERR,ERR,ERR,ERR,ERR,ERR,ERR,50.0,60.0,100,0.0,0.0,0.0,0.0,0.0,0.0,0.0,0.0,0.0,0.0,0.0,0.0,0.0,0.0,0.0,0.0,61.6,72,14,65514,50,65476,0,300,0,0,8,20529,65476,0,0,26214,60.0,0.0,0.0,0.0,0.0,0.0
2026-05-17T18:59:40,ERR,ERR,ERR,ERR,ERR,ERR,ERR,ERR,ERR,ERR,ERR,ERR,ERR,ERR,ERR,ERR,ERR,ERR,ERR,ERR,ERR,ERR,ERR,ERR,ERR,ERR,ERR,ERR,ERR,ERR,ERR,ERR,ERR,ERR,ERR,ERR,ERR,ERR,ERR,ERR,ERR,ERR,ERR,ERR,ERR,ERR,ERR,ERR,ERR,ERR,ERR,ERR,ERR,ERR,ERR,ERR,ERR,ERR,ERR,ERR,ERR,ERR,ERR,ERR,ERR,ERR,ERR,ERR,ERR,ERR,ERR,ERR,ERR,ERR,ERR,ERR,ERR,ERR,ERR,ERR,ERR,ERR,ERR,ERR,ERR,ERR,ERR,ERR,ERR,ERR,ERR,ERR,ERR,ERR,ERR,ERR,ERR,ERR,ERR,ERR,ERR,ERR,ERR,ERR,ERR,ERR,ERR,ERR,ERR,ERR,ERR,ERR,ERR,ERR,ERR,ERR,ERR,ERR,ERR,ERR,ERR,ERR,ERR,ERR,ERR,2.718428940004181e+23,0.0,-0.0,0.0,0.0,1.3936040501711995e+18,7.805,0.0,0,0,4,0,8422,0.0,45,0.0,0.0,0.0,0.0,0.0,0,0,0,0,0.0,0,0,0,0,0,0,0,0,0,0,0,0,0,0,0,0,0,0,0,0,0,0,0,0,0,0,0,0,0,0,0,0,0,38,14,7,45,65476,0,300,0,0,8,21553,0.0,-107605600.0,0.0,0.0,0.0,0.0,0.0,0.0,0.0,0.0,0.0,0.0,0.0,0.0,0.0,0.0,0.0,0.0,0.0,0.0,0.0,0.0,2.004,2.004,-2.004,0.0,0.0,0.0,0.0,0.0,4821.0,8608176128.0,0.0,2.718428940004181e+23,0.0,-107615280.0,2.718429300292151e+23,0.0,0.0,0.0,0.0,53,-0.0,2.718415969637254e+23,0.0,0.0,0.0,0.0,0.0,0.0,0.0,0,0,0,0.0,0.0,0.0,0.0,0.0,0.0,0.0,0.0,0.0,0.0,0.0,0.0,0.0,0.0,0.0,0.0,0,-107875648.0,53,0.0,106,-107614832.0,-107351008.0,ERR,ERR,ERR,ERR,ERR,ERR,ERR,ERR,ERR,ERR,ERR,ERR,ERR,ERR,ERR,ERR,ERR,ERR,ERR,ERR,ERR,ERR,ERR,ERR,ERR,ERR,ERR,ERR,ERR,ERR,ERR,ERR,ERR,ERR,ERR,ERR,ERR,ERR,ERR,ERR,ERR,ERR,ERR,ERR,ERR,ERR,ERR,ERR,ERR,ERR,ERR,ERR,ERR,ERR,ERR,ERR,ERR,ERR,ERR,ERR,ERR,ERR,ERR,ERR,ERR,ERR,ERR,50.0,60.0,100,0.0,0.0,0.0,0.0,0.0,0.0,0.0,0.0,0.0,0.0,0.0,0.0,0.0,0.0,0.0,0.0,61.6,72,14,65514,50,65476,0,300,0,0,8,20529,65476,0,0,26214,60.0,0.0,0.0,0.0,0.0,0.0
2026-05-17T18:59:41,ERR,ERR,ERR,ERR,ERR,ERR,ERR,ERR,ERR,ERR,ERR,ERR,ERR,ERR,ERR,ERR,ERR,ERR,ERR,ERR,ERR,ERR,ERR,ERR,ERR,ERR,ERR,ERR,ERR,ERR,ERR,ERR,ERR,ERR,ERR,ERR,ERR,ERR,ERR,ERR,ERR,ERR,ERR,ERR,ERR,ERR,ERR,ERR,ERR,ERR,ERR,ERR,ERR,ERR,ERR,ERR,ERR,ERR,ERR,ERR,ERR,ERR,ERR,ERR,ERR,ERR,ERR,ERR,ERR,ERR,ERR,ERR,ERR,ERR,ERR,ERR,ERR,ERR,ERR,ERR,ERR,ERR,ERR,ERR,ERR,ERR,ERR,ERR,ERR,ERR,ERR,ERR,ERR,ERR,ERR,ERR,ERR,ERR,ERR,ERR,ERR,ERR,ERR,ERR,ERR,ERR,ERR,ERR,ERR,ERR,ERR,ERR,ERR,ERR,ERR,ERR,ERR,ERR,ERR,ERR,ERR,ERR,ERR,ERR,ERR,2.718428940004181e+23,0.0,-0.0,0.0,0.0,1.3936040501711995e+18,7.805,0.0,0,0,4,0,8422,0.0,45,0.0,0.0,0.0,0.0,0.0,0,0,0,0,0.0,0,0,0,0,0,0,0,0,0,0,0,0,0,0,0,0,0,0,0,0,0,0,0,0,0,0,0,0,0,0,0,0,0,38,14,7,45,65476,0,300,0,0,8,21553,0.0,-107605600.0,0.0,0.0,0.0,0.0,0.0,0.0,0.0,0.0,0.0,0.0,0.0,0.0,0.0,0.0,0.0,0.0,0.0,0.0,0.0,0.0,2.004,2.004,-2.004,0.0,0.0,0.0,0.0,0.0,4821.0,8608176128.0,0.0,2.718428940004181e+23,0.0,-107615280.0,2.718429300292151e+23,0.0,0.0,0.0,0.0,53,-0.0,2.718415969637254e+23,0.0,0.0,0.0,0.0,0.0,0.0,0.0,0,0,0,0.0,0.0,0.0,0.0,0.0,0.0,0.0,0.0,0.0,0.0,0.0,0.0,0.0,0.0,0.0,0.0,0,-107875648.0,53,0.0,106,-107614832.0,-107351008.0,ERR,ERR,ERR,ERR,ERR,ERR,ERR,ERR,ERR,ERR,ERR,ERR,ERR,ERR,ERR,ERR,ERR,ERR,ERR,ERR,ERR,ERR,ERR,ERR,ERR,ERR,ERR,ERR,ERR,ERR,ERR,ERR,ERR,ERR,ERR,ERR,ERR,ERR,ERR,ERR,ERR,ERR,ERR,ERR,ERR,ERR,ERR,ERR,ERR,ERR,ERR,ERR,ERR,ERR,ERR,ERR,ERR,ERR,ERR,ERR,ERR,ERR,ERR,ERR,ERR,ERR,ERR,50.0,60.0,100,0.0,0.0,0.0,0.0,0.0,0.0,0.0,0.0,0.0,0.0,0.0,0.0,0.0,0.0,0.0,0.0,61.6,72,14,65514,50,65476,0,300,0,0,8,20529,65476,0,0,26214,60.0,0.0,0.0,0.0,0.0,0.0
2026-05-17T18:59:42,ERR,ERR,ERR,ERR,ERR,ERR,ERR,ERR,ERR,ERR,ERR,ERR,ERR,ERR,ERR,ERR,ERR,ERR,ERR,ERR,ERR,ERR,ERR,ERR,ERR,ERR,ERR,ERR,ERR,ERR,ERR,ERR,ERR,ERR,ERR,ERR,ERR,ERR,ERR,ERR,ERR,ERR,ERR,ERR,ERR,ERR,ERR,ERR,ERR,ERR,ERR,ERR,ERR,ERR,ERR,ERR,ERR,ERR,ERR,ERR,ERR,ERR,ERR,ERR,ERR,ERR,ERR,ERR,ERR,ERR,ERR,ERR,ERR,ERR,ERR,ERR,ERR,ERR,ERR,ERR,ERR,ERR,ERR,ERR,ERR,ERR,ERR,ERR,ERR,ERR,ERR,ERR,ERR,ERR,ERR,ERR,ERR,ERR,ERR,ERR,ERR,ERR,ERR,ERR,ERR,ERR,ERR,ERR,ERR,ERR,ERR,ERR,ERR,ERR,ERR,ERR,ERR,ERR,ERR,ERR,ERR,ERR,ERR,ERR,ERR,0.0,0.0,-134474944.0,0.0,0.0,1.3936040501711995e+18,7.805,0.0,0,0,4,0,8422,0.0,45,0.0,0.0,0.0,0.0,0.0,0,0,0,0,0.0,0,0,0,0,0,0,0,0,0,0,0,0,0,0,0,0,0,0,0,0,0,0,0,0,0,0,0,0,0,0,0,0,0,38,14,7,45,65476,0,300,0,0,8,21553,0.0,-107605600.0,0.0,0.0,0.0,0.0,0.0,0.0,0.0,0.0,0.0,0.0,0.0,0.0,0.0,0.0,0.0,0.0,0.0,0.0,0.0,0.0,2.004,2.004,-2.004,0.0,0.0,0.0,0.0,0.0,4821.0,3.697183494796791e+19,0.0,0.0,0.0,0.0,2.718429300292151e+23,0.0,0.0,0.0,0.0,53,-0.0,5.848052514032891e+35,0.0,0.0,0.0,0.0,0.0,0.0,0.0,0,0,0,0.0,0.0,0.0,0.0,0.0,0.0,0.0,0.0,0.0,0.0,0.0,0.0,0.0,0.0,0.0,0.0,0,-107875648.0,53,0.0,106,-107614832.0,-107351008.0,ERR,ERR,ERR,ERR,ERR,ERR,ERR,ERR,ERR,ERR,ERR,ERR,ERR,ERR,ERR,ERR,ERR,ERR,ERR,ERR,ERR,ERR,ERR,ERR,ERR,ERR,ERR,ERR,ERR,ERR,ERR,ERR,ERR,ERR,ERR,ERR,ERR,ERR,ERR,ERR,ERR,ERR,ERR,ERR,ERR,ERR,ERR,ERR,ERR,ERR,ERR,ERR,ERR,ERR,ERR,ERR,ERR,ERR,ERR,ERR,ERR,ERR,ERR,ERR,ERR,ERR,ERR,50.0,60.0,100,0.0,0.0,0.0,0.0,0.0,0.0,0.0,0.0,0.0,0.0,0.0,0.0,0.0,0.0,0.0,0.0,61.6,72,14,65514,50,65476,0,300,0,0,8,20529,65476,0,0,26214,60.0,0.0,0.0,0.0,0.0,0.0
2026-05-17T18:59:43,ERR,ERR,ERR,ERR,ERR,ERR,ERR,ERR,ERR,ERR,ERR,ERR,ERR,ERR,ERR,ERR,ERR,ERR,ERR,ERR,ERR,ERR,ERR,ERR,ERR,ERR,ERR,ERR,ERR,ERR,ERR,ERR,ERR,ERR,ERR,ERR,ERR,ERR,ERR,ERR,ERR,ERR,ERR,ERR,ERR,ERR,ERR,ERR,ERR,ERR,ERR,ERR,ERR,ERR,ERR,ERR,ERR,ERR,ERR,ERR,ERR,ERR,ERR,ERR,ERR,ERR,ERR,ERR,ERR,ERR,ERR,ERR,ERR,ERR,ERR,ERR,ERR,ERR,ERR,ERR,ERR,ERR,ERR,ERR,ERR,ERR,ERR,ERR,ERR,ERR,ERR,ERR,ERR,ERR,ERR,ERR,ERR,ERR,ERR,ERR,ERR,ERR,ERR,ERR,ERR,ERR,ERR,ERR,ERR,ERR,ERR,ERR,ERR,ERR,ERR,ERR,ERR,ERR,ERR,ERR,ERR,ERR,ERR,ERR,ERR,0.0,0.0,-134474944.0,0.0,0.0,1.3936040501711995e+18,7.805,0.0,0,0,4,0,8422,0.0,45,0.0,0.0,0.0,0.0,0.0,0,0,0,0,0.0,0,0,0,0,0,0,0,0,0,0,0,0,0,0,0,0,0,0,0,0,0,0,0,0,0,0,0,0,0,0,0,0,0,38,14,7,45,65476,0,300,0,0,8,21553,0.0,-107605600.0,0.0,0.0,0.0,0.0,0.0,0.0,0.0,0.0,0.0,0.0,0.0,0.0,0.0,0.0,0.0,0.0,0.0,0.0,0.0,0.0,2.004,2.004,-2.004,0.0,0.0,0.0,0.0,0.0,4821.0,3.697183494796791e+19,0.0,0.0,0.0,0.0,2.718429300292151e+23,0.0,0.0,0.0,0.0,53,-0.0,5.848052514032891e+35,0.0,0.0,0.0,0.0,0.0,0.0,0.0,0,0,0,0.0,0.0,0.0,0.0,0.0,0.0,0.0,0.0,0.0,0.0,0.0,0.0,0.0,0.0,0.0,0.0,0,-107875648.0,53,0.0,106,-107614832.0,-107351008.0,ERR,ERR,ERR,ERR,ERR,ERR,ERR,ERR,ERR,ERR,ERR,ERR,ERR,ERR,ERR,ERR,ERR,ERR,ERR,ERR,ERR,ERR,ERR,ERR,ERR,ERR,ERR,ERR,ERR,ERR,ERR,ERR,ERR,ERR,ERR,ERR,ERR,ERR,ERR,ERR,ERR,ERR,ERR,ERR,ERR,ERR,ERR,ERR,ERR,ERR,ERR,ERR,ERR,ERR,ERR,ERR,ERR,ERR,ERR,ERR,ERR,ERR,ERR,ERR,ERR,ERR,ERR,50.0,60.0,100,0.0,0.0,0.0,0.0,0.0,0.0,0.0,0.0,0.0,0.0,0.0,0.0,0.0,0.0,0.0,0.0,61.6,72,14,65514,50,65476,0,300,0,0,8,20529,65476,0,0,26214,60.0,0.0,0.0,0.0,0.0,0.0
2026-05-17T18:59:44,ERR,ERR,ERR,ERR,ERR,ERR,ERR,ERR,ERR,ERR,ERR,ERR,ERR,ERR,ERR,ERR,ERR,ERR,ERR,ERR,ERR,ERR,ERR,ERR,ERR,ERR,ERR,ERR,ERR,ERR,ERR,ERR,ERR,ERR,ERR,ERR,ERR,ERR,ERR,ERR,ERR,ERR,ERR,ERR,ERR,ERR,ERR,ERR,ERR,ERR,ERR,ERR,ERR,ERR,ERR,ERR,ERR,ERR,ERR,ERR,ERR,ERR,ERR,ERR,ERR,ERR,ERR,ERR,ERR,ERR,ERR,ERR,ERR,ERR,ERR,ERR,ERR,ERR,ERR,ERR,ERR,ERR,ERR,ERR,ERR,ERR,ERR,ERR,ERR,ERR,ERR,ERR,ERR,ERR,ERR,ERR,ERR,ERR,ERR,ERR,ERR,ERR,ERR,ERR,ERR,ERR,ERR,ERR,ERR,ERR,ERR,ERR,ERR,ERR,ERR,ERR,ERR,ERR,ERR,ERR,ERR,ERR,ERR,ERR,ERR,0.0,0.0,-134474944.0,0.0,0.0,1.3936040501711995e+18,7.805,0.0,0,0,4,0,8422,0.0,45,0.0,0.0,0.0,0.0,0.0,0,0,0,0,0.0,0,0,0,0,0,0,0,0,0,0,0,0,0,0,0,0,0,0,0,0,0,0,0,0,0,0,0,0,0,0,0,0,0,38,14,7,45,65476,0,300,0,0,8,21553,0.0,-107605600.0,0.0,0.0,0.0,0.0,0.0,0.0,0.0,0.0,0.0,0.0,0.0,0.0,0.0,0.0,0.0,0.0,0.0,0.0,0.0,0.0,2.004,2.004,-2.004,0.0,0.0,0.0,0.0,0.0,4821.0,3.697183494796791e+19,0.0,0.0,0.0,0.0,2.718429300292151e+23,0.0,0.0,0.0,0.0,53,-0.0,5.848052514032891e+35,0.0,0.0,0.0,0.0,0.0,0.0,0.0,0,0,0,0.0,0.0,0.0,0.0,0.0,0.0,0.0,0.0,0.0,0.0,0.0,0.0,0.0,0.0,0.0,0.0,0,-107875648.0,53,0.0,106,-107614832.0,-107351008.0,ERR,ERR,ERR,ERR,ERR,ERR,ERR,ERR,ERR,ERR,ERR,ERR,ERR,ERR,ERR,ERR,ERR,ERR,ERR,ERR,ERR,ERR,ERR,ERR,ERR,ERR,ERR,ERR,ERR,ERR,ERR,ERR,ERR,ERR,ERR,ERR,ERR,ERR,ERR,ERR,ERR,ERR,ERR,ERR,ERR,ERR,ERR,ERR,ERR,ERR,ERR,ERR,ERR,ERR,ERR,ERR,ERR,ERR,ERR,ERR,ERR,ERR,ERR,ERR,ERR,ERR,ERR,50.0,60.0,100,0.0,0.0,0.0,0.0,0.0,0.0,0.0,0.0,0.0,0.0,0.0,0.0,0.0,0.0,0.0,0.0,61.6,72,14,65514,50,65476,0,300,0,0,8,20529,65476,0,0,26214,60.0,0.0,0.0,0.0,0.0,0.0
2026-05-17T18:59:45,ERR,ERR,ERR,ERR,ERR,ERR,ERR,ERR,ERR,ERR,ERR,ERR,ERR,ERR,ERR,ERR,ERR,ERR,ERR,ERR,ERR,ERR,ERR,ERR,ERR,ERR,ERR,ERR,ERR,ERR,ERR,ERR,ERR,ERR,ERR,ERR,ERR,ERR,ERR,ERR,ERR,ERR,ERR,ERR,ERR,ERR,ERR,ERR,ERR,ERR,ERR,ERR,ERR,ERR,ERR,ERR,ERR,ERR,ERR,ERR,ERR,ERR,ERR,ERR,ERR,ERR,ERR,ERR,ERR,ERR,ERR,ERR,ERR,ERR,ERR,ERR,ERR,ERR,ERR,ERR,ERR,ERR,ERR,ERR,ERR,ERR,ERR,ERR,ERR,ERR,ERR,ERR,ERR,ERR,ERR,ERR,ERR,ERR,ERR,ERR,ERR,ERR,ERR,ERR,ERR,ERR,ERR,ERR,ERR,ERR,ERR,ERR,ERR,ERR,ERR,ERR,ERR,ERR,ERR,ERR,ERR,ERR,ERR,ERR,ERR,0.0,0.0,-134474944.0,0.0,0.0,1.3936040501711995e+18,7.805,0.0,0,0,4,0,8422,0.0,45,0.0,0.0,0.0,0.0,0.0,0,0,0,0,0.0,0,0,0,0,0,0,0,0,0,0,0,0,0,0,0,0,0,0,0,0,0,0,0,0,0,0,0,0,0,0,0,0,0,38,14,7,45,65476,0,300,0,0,8,21553,0.0,-107605600.0,0.0,0.0,0.0,0.0,0.0,0.0,0.0,0.0,0.0,0.0,0.0,0.0,0.0,0.0,0.0,0.0,0.0,0.0,0.0,0.0,2.004,2.004,-2.004,0.0,0.0,0.0,0.0,0.0,4821.0,3.697183494796791e+19,0.0,0.0,0.0,0.0,2.718429300292151e+23,0.0,0.0,0.0,0.0,53,-0.0,5.848052514032891e+35,0.0,0.0,0.0,0.0,0.0,0.0,0.0,0,0,0,0.0,0.0,0.0,0.0,0.0,0.0,0.0,0.0,0.0,0.0,0.0,0.0,0.0,0.0,0.0,0.0,0,-107875648.0,53,0.0,106,-107614832.0,-107351008.0,ERR,ERR,ERR,ERR,ERR,ERR,ERR,ERR,ERR,ERR,ERR,ERR,ERR,ERR,ERR,ERR,ERR,ERR,ERR,ERR,ERR,ERR,ERR,ERR,ERR,ERR,ERR,ERR,ERR,ERR,ERR,ERR,ERR,ERR,ERR,ERR,ERR,ERR,ERR,ERR,ERR,ERR,ERR,ERR,ERR,ERR,ERR,ERR,ERR,ERR,ERR,ERR,ERR,ERR,ERR,ERR,ERR,ERR,ERR,ERR,ERR,ERR,ERR,ERR,ERR,ERR,ERR,50.0,60.0,100,0.0,0.0,0.0,0.0,0.0,0.0,0.0,0.0,0.0,0.0,0.0,0.0,0.0,0.0,0.0,0.0,62.0,72,14,65514,50,65476,0,300,0,0,8,20529,65476,0,0,26214,60.0,0.0,0.0,0.0,0.0,0.0
2026-05-17T18:59:46,ERR,ERR,ERR,ERR,ERR,ERR,ERR,ERR,ERR,ERR,ERR,ERR,ERR,ERR,ERR,ERR,ERR,ERR,ERR,ERR,ERR,ERR,ERR,ERR,ERR,ERR,ERR,ERR,ERR,ERR,ERR,ERR,ERR,ERR,ERR,ERR,ERR,ERR,ERR,ERR,ERR,ERR,ERR,ERR,ERR,ERR,ERR,ERR,ERR,ERR,ERR,ERR,ERR,ERR,ERR,ERR,ERR,ERR,ERR,ERR,ERR,ERR,ERR,ERR,ERR,ERR,ERR,ERR,ERR,ERR,ERR,ERR,ERR,ERR,ERR,ERR,ERR,ERR,ERR,ERR,ERR,ERR,ERR,ERR,ERR,ERR,ERR,ERR,ERR,ERR,ERR,ERR,ERR,ERR,ERR,ERR,ERR,ERR,ERR,ERR,ERR,ERR,ERR,ERR,ERR,ERR,ERR,ERR,ERR,ERR,ERR,ERR,ERR,ERR,ERR,ERR,ERR,ERR,ERR,ERR,ERR,ERR,ERR,ERR,ERR,0.0,0.0,-134474944.0,0.0,0.0,1.3936040501711995e+18,7.805,0.0,0,0,4,0,8422,0.0,45,0.0,0.0,0.0,0.0,0.0,0,0,0,0,0.0,0,0,0,0,0,0,0,0,0,0,0,0,0,0,0,0,0,0,0,0,0,0,0,0,0,0,0,0,0,0,0,0,0,38,14,7,45,65476,0,300,0,0,8,21553,0.0,-107605600.0,0.0,0.0,0.0,0.0,0.0,0.0,0.0,0.0,0.0,0.0,0.0,0.0,0.0,0.0,0.0,0.0,0.0,0.0,0.0,0.0,2.004,2.004,-2.004,0.0,0.0,0.0,0.0,0.0,4821.0,3.697183494796791e+19,0.0,0.0,0.0,0.0,2.718429300292151e+23,0.0,0.0,0.0,0.0,53,-0.0,5.848052514032891e+35,0.0,0.0,0.0,0.0,0.0,0.0,0.0,0,0,0,0.0,0.0,0.0,0.0,0.0,0.0,0.0,0.0,0.0,0.0,0.0,0.0,0.0,0.0,0.0,0.0,0,-107875648.0,53,0.0,106,-107614832.0,-107351008.0,ERR,ERR,ERR,ERR,ERR,ERR,ERR,ERR,ERR,ERR,ERR,ERR,ERR,ERR,ERR,ERR,ERR,ERR,ERR,ERR,ERR,ERR,ERR,ERR,ERR,ERR,ERR,ERR,ERR,ERR,ERR,ERR,ERR,ERR,ERR,ERR,ERR,ERR,ERR,ERR,ERR,ERR,ERR,ERR,ERR,ERR,ERR,ERR,ERR,ERR,ERR,ERR,ERR,ERR,ERR,ERR,ERR,ERR,ERR,ERR,ERR,ERR,ERR,ERR,ERR,ERR,ERR,50.0,60.0,100,0.0,0.0,0.0,0.0,0.0,0.0,0.0,0.0,0.0,0.0,0.0,0.0,0.0,0.0,0.0,0.0,62.0,72,14,65514,50,65476,0,300,0,0,8,20529,65476,0,0,26214,60.0,0.0,0.0,0.0,0.0,0.0
2026-05-17T18:59:47,ERR,ERR,ERR,ERR,ERR,ERR,ERR,ERR,ERR,ERR,ERR,ERR,ERR,ERR,ERR,ERR,ERR,ERR,ERR,ERR,ERR,ERR,ERR,ERR,ERR,ERR,ERR,ERR,ERR,ERR,ERR,ERR,ERR,ERR,ERR,ERR,ERR,ERR,ERR,ERR,ERR,ERR,ERR,ERR,ERR,ERR,ERR,ERR,ERR,ERR,ERR,ERR,ERR,ERR,ERR,ERR,ERR,ERR,ERR,ERR,ERR,ERR,ERR,ERR,ERR,ERR,ERR,ERR,ERR,ERR,ERR,ERR,ERR,ERR,ERR,ERR,ERR,ERR,ERR,ERR,ERR,ERR,ERR,ERR,ERR,ERR,ERR,ERR,ERR,ERR,ERR,ERR,ERR,ERR,ERR,ERR,ERR,ERR,ERR,ERR,ERR,ERR,ERR,ERR,ERR,ERR,ERR,ERR,ERR,ERR,ERR,ERR,ERR,ERR,ERR,ERR,ERR,ERR,ERR,ERR,ERR,ERR,ERR,ERR,ERR,0.0,0.0,-134474944.0,0.0,0.0,1.3936040501711995e+18,7.805,0.0,0,0,4,0,8422,0.0,45,0.0,0.0,0.0,0.0,0.0,0,0,0,0,0.0,0,0,0,0,0,0,0,0,0,0,0,0,0,0,0,0,0,0,0,0,0,0,0,0,0,0,0,0,0,0,0,0,0,38,14,7,45,65476,0,300,0,0,8,21553,0.0,-107605600.0,0.0,0.0,0.0,0.0,0.0,0.0,0.0,0.0,0.0,0.0,0.0,0.0,0.0,0.0,0.0,0.0,0.0,0.0,0.0,0.0,2.004,2.004,-2.004,0.0,0.0,0.0,0.0,0.0,4821.0,3.697183494796791e+19,0.0,0.0,0.0,0.0,2.718429300292151e+23,0.0,0.0,0.0,0.0,53,4.950428597886765e+32,-0.0,0.0,0.0,0.0,0.0,0.0,0.0,0.0,0,0,0,0.0,0.0,0.0,0.0,0.0,0.0,0.0,0.0,0.0,0.0,0.0,0.0,0.0,0.0,0.0,0.0,0,-107875648.0,53,0.0,106,-107614832.0,-107351008.0,ERR,ERR,ERR,ERR,ERR,ERR,ERR,ERR,ERR,ERR,ERR,ERR,ERR,ERR,ERR,ERR,ERR,ERR,ERR,ERR,ERR,ERR,ERR,ERR,ERR,ERR,ERR,ERR,ERR,ERR,ERR,ERR,ERR,ERR,ERR,ERR,ERR,ERR,ERR,ERR,ERR,ERR,ERR,ERR,ERR,ERR,ERR,ERR,ERR,ERR,ERR,ERR,ERR,ERR,ERR,ERR,ERR,ERR,ERR,ERR,ERR,ERR,ERR,ERR,ERR,ERR,ERR,50.0,60.0,100,0.0,0.0,0.0,0.0,0.0,0.0,0.0,0.0,0.0,0.0,0.0,0.0,0.0,0.0,0.0,0.0,62.0,72,14,65514,50,65476,0,300,0,0,8,20529,65476,0,0,26214,60.0,0.0,0.0,0.0,0.0,0.0
2026-05-17T18:59:48,ERR,ERR,ERR,ERR,ERR,ERR,ERR,ERR,ERR,ERR,ERR,ERR,ERR,ERR,ERR,ERR,ERR,ERR,ERR,ERR,ERR,ERR,ERR,ERR,ERR,ERR,ERR,ERR,ERR,ERR,ERR,ERR,ERR,ERR,ERR,ERR,ERR,ERR,ERR,ERR,ERR,ERR,ERR,ERR,ERR,ERR,ERR,ERR,ERR,ERR,ERR,ERR,ERR,ERR,ERR,ERR,ERR,ERR,ERR,ERR,ERR,ERR,ERR,ERR,ERR,ERR,ERR,ERR,ERR,ERR,ERR,ERR,ERR,ERR,ERR,ERR,ERR,ERR,ERR,ERR,ERR,ERR,ERR,ERR,ERR,ERR,ERR,ERR,ERR,ERR,ERR,ERR,ERR,ERR,ERR,ERR,ERR,ERR,ERR,ERR,ERR,ERR,ERR,ERR,ERR,ERR,ERR,ERR,ERR,ERR,ERR,ERR,ERR,ERR,ERR,ERR,ERR,ERR,ERR,ERR,ERR,ERR,ERR,ERR,ERR,0.0,0.0,-134474944.0,0.0,0.0,1.3936040501711995e+18,7.805,0.0,0,0,4,0,8422,0.0,45,0.0,0.0,0.0,0.0,0.0,0,0,0,0,0.0,0,0,0,0,0,0,0,0,0,0,0,0,0,0,0,0,0,0,0,0,0,0,0,0,0,0,0,0,0,0,0,0,0,38,14,7,45,65476,0,300,0,0,8,21553,0.0,-107605600.0,0.0,0.0,0.0,0.0,0.0,0.0,0.0,0.0,0.0,0.0,0.0,0.0,0.0,0.0,0.0,0.0,0.0,0.0,0.0,0.0,2.004,2.004,-2.004,0.0,0.0,0.0,0.0,0.0,4821.0,3.697183494796791e+19,0.0,0.0,0.0,0.0,2.718429300292151e+23,0.0,0.0,0.0,0.0,53,4.950428597886765e+32,-0.0,0.0,0.0,0.0,0.0,0.0,0.0,0.0,0,0,0,0.0,0.0,0.0,0.0,0.0,0.0,0.0,0.0,0.0,0.0,0.0,0.0,0.0,0.0,0.0,0.0,0,-107875648.0,53,0.0,106,-107614832.0,-107351008.0,ERR,ERR,ERR,ERR,ERR,ERR,ERR,ERR,ERR,ERR,ERR,ERR,ERR,ERR,ERR,ERR,ERR,ERR,ERR,ERR,ERR,ERR,ERR,ERR,ERR,ERR,ERR,ERR,ERR,ERR,ERR,ERR,ERR,ERR,ERR,ERR,ERR,ERR,ERR,ERR,ERR,ERR,ERR,ERR,ERR,ERR,ERR,ERR,ERR,ERR,ERR,ERR,ERR,ERR,ERR,ERR,ERR,ERR,ERR,ERR,ERR,ERR,ERR,ERR,ERR,ERR,ERR,50.0,60.0,100,0.0,0.0,0.0,0.0,0.0,0.0,0.0,0.0,0.0,0.0,0.0,0.0,0.0,0.0,0.0,0.0,62.0,72,14,65514,50,65476,0,300,0,0,8,20529,65476,0,0,26214,60.0,0.0,0.0,0.0,0.0,0.0
2026-05-17T18:59:49,ERR,ERR,ERR,ERR,ERR,ERR,ERR,ERR,ERR,ERR,ERR,ERR,ERR,ERR,ERR,ERR,ERR,ERR,ERR,ERR,ERR,ERR,ERR,ERR,ERR,ERR,ERR,ERR,ERR,ERR,ERR,ERR,ERR,ERR,ERR,ERR,ERR,ERR,ERR,ERR,ERR,ERR,ERR,ERR,ERR,ERR,ERR,ERR,ERR,ERR,ERR,ERR,ERR,ERR,ERR,ERR,ERR,ERR,ERR,ERR,ERR,ERR,ERR,ERR,ERR,ERR,ERR,ERR,ERR,ERR,ERR,ERR,ERR,ERR,ERR,ERR,ERR,ERR,ERR,ERR,ERR,ERR,ERR,ERR,ERR,ERR,ERR,ERR,ERR,ERR,ERR,ERR,ERR,ERR,ERR,ERR,ERR,ERR,ERR,ERR,ERR,ERR,ERR,ERR,ERR,ERR,ERR,ERR,ERR,ERR,ERR,ERR,ERR,ERR,ERR,ERR,ERR,ERR,ERR,ERR,ERR,ERR,ERR,ERR,ERR,0.0,0.0,-134474944.0,0.0,0.0,1.3936040501711995e+18,7.805,0.0,0,0,4,0,8422,0.0,45,0.0,0.0,0.0,0.0,0.0,0,0,0,0,0.0,0,0,0,0,0,0,0,0,0,0,0,0,0,0,0,0,0,0,0,0,0,0,0,0,0,0,0,0,0,0,0,0,0,38,14,7,45,65476,0,300,0,0,8,21553,0.0,-107605600.0,0.0,0.0,0.0,0.0,0.0,0.0,0.0,0.0,0.0,0.0,0.0,0.0,0.0,0.0,0.0,0.0,0.0,0.0,0.0,0.0,2.004,2.004,-2.004,0.0,0.0,0.0,0.0,0.0,4821.0,3.697183494796791e+19,0.0,0.0,0.0,0.0,2.718429300292151e+23,0.0,0.0,0.0,0.0,53,4.950428597886765e+32,-0.0,0.0,0.0,0.0,0.0,0.0,0.0,0.0,0,0,0,0.0,0.0,0.0,0.0,0.0,0.0,0.0,0.0,0.0,0.0,0.0,0.0,0.0,0.0,0.0,0.0,0,-107875648.0,53,0.0,106,-107614832.0,-107351008.0,ERR,ERR,ERR,ERR,ERR,ERR,ERR,ERR,ERR,ERR,ERR,ERR,ERR,ERR,ERR,ERR,ERR,ERR,ERR,ERR,ERR,ERR,ERR,ERR,ERR,ERR,ERR,ERR,ERR,ERR,ERR,ERR,ERR,ERR,ERR,ERR,ERR,ERR,ERR,ERR,ERR,ERR,ERR,ERR,ERR,ERR,ERR,ERR,ERR,ERR,ERR,ERR,ERR,ERR,ERR,ERR,ERR,ERR,ERR,ERR,ERR,ERR,ERR,ERR,ERR,ERR,ERR,50.0,60.0,100,0.0,0.0,0.0,0.0,0.0,0.0,0.0,0.0,0.0,0.0,0.0,0.0,0.0,0.0,0.0,0.0,62.0,72,14,65514,50,65476,0,300,0,0,8,20529,65476,0,0,26214,60.0,0.0,0.0,0.0,0.0,0.0
2026-05-17T18:59:50,ERR,ERR,ERR,ERR,ERR,ERR,ERR,ERR,ERR,ERR,ERR,ERR,ERR,ERR,ERR,ERR,ERR,ERR,ERR,ERR,ERR,ERR,ERR,ERR,ERR,ERR,ERR,ERR,ERR,ERR,ERR,ERR,ERR,ERR,ERR,ERR,ERR,ERR,ERR,ERR,ERR,ERR,ERR,ERR,ERR,ERR,ERR,ERR,ERR,ERR,ERR,ERR,ERR,ERR,ERR,ERR,ERR,ERR,ERR,ERR,ERR,ERR,ERR,ERR,ERR,ERR,ERR,ERR,ERR,ERR,ERR,ERR,ERR,ERR,ERR,ERR,ERR,ERR,ERR,ERR,ERR,ERR,ERR,ERR,ERR,ERR,ERR,ERR,ERR,ERR,ERR,ERR,ERR,ERR,ERR,ERR,ERR,ERR,ERR,ERR,ERR,ERR,ERR,ERR,ERR,ERR,ERR,ERR,ERR,ERR,ERR,ERR,ERR,ERR,ERR,ERR,ERR,ERR,ERR,ERR,ERR,ERR,ERR,ERR,ERR,0.0,0.0,-134474944.0,0.0,0.0,1.3936040501711995e+18,7.805,0.0,0,0,4,0,8422,0.0,45,0.0,0.0,0.0,0.0,0.0,0,0,0,0,0.0,0,0,0,0,0,0,0,0,0,0,0,0,0,0,0,0,0,0,0,0,0,0,0,0,0,0,0,0,0,0,0,0,0,38,14,7,45,65476,0,300,0,0,8,21553,0.0,-107605600.0,0.0,0.0,0.0,0.0,0.0,0.0,0.0,0.0,0.0,0.0,0.0,0.0,0.0,0.0,0.0,0.0,0.0,0.0,0.0,0.0,2.004,2.004,-2.004,0.0,0.0,0.0,0.0,0.0,4821.0,3.697183494796791e+19,0.0,0.0,0.0,0.0,2.718429300292151e+23,0.0,0.0,0.0,0.0,53,4.950428597886765e+32,-0.0,0.0,0.0,0.0,0.0,0.0,0.0,0.0,0,0,0,0.0,0.0,0.0,0.0,0.0,0.0,0.0,0.0,0.0,0.0,0.0,0.0,0.0,0.0,0.0,0.0,0,-107875648.0,53,0.0,106,-107614832.0,-107351008.0,ERR,ERR,ERR,ERR,ERR,ERR,ERR,ERR,ERR,ERR,ERR,ERR,ERR,ERR,ERR,ERR,ERR,ERR,ERR,ERR,ERR,ERR,ERR,ERR,ERR,ERR,ERR,ERR,ERR,ERR,ERR,ERR,ERR,ERR,ERR,ERR,ERR,ERR,ERR,ERR,ERR,ERR,ERR,ERR,ERR,ERR,ERR,ERR,ERR,ERR,ERR,ERR,ERR,ERR,ERR,ERR,ERR,ERR,ERR,ERR,ERR,ERR,ERR,ERR,ERR,ERR,ERR,50.0,60.0,100,0.0,0.0,0.0,0.0,0.0,0.0,0.0,0.0,0.0,0.0,0.0,0.0,0.0,0.0,0.0,0.0,61.6,72,14,65514,50,65476,0,300,0,0,8,20529,65476,0,0,26214,60.0,0.0,0.0,0.0,0.0,0.0
2026-05-17T18:59:51,ERR,ERR,ERR,ERR,ERR,ERR,ERR,ERR,ERR,ERR,ERR,ERR,ERR,ERR,ERR,ERR,ERR,ERR,ERR,ERR,ERR,ERR,ERR,ERR,ERR,ERR,ERR,ERR,ERR,ERR,ERR,ERR,ERR,ERR,ERR,ERR,ERR,ERR,ERR,ERR,ERR,ERR,ERR,ERR,ERR,ERR,ERR,ERR,ERR,ERR,ERR,ERR,ERR,ERR,ERR,ERR,ERR,ERR,ERR,ERR,ERR,ERR,ERR,ERR,ERR,ERR,ERR,ERR,ERR,ERR,ERR,ERR,ERR,ERR,ERR,ERR,ERR,ERR,ERR,ERR,ERR,ERR,ERR,ERR,ERR,ERR,ERR,ERR,ERR,ERR,ERR,ERR,ERR,ERR,ERR,ERR,ERR,ERR,ERR,ERR,ERR,ERR,ERR,ERR,ERR,ERR,ERR,ERR,ERR,ERR,ERR,ERR,ERR,ERR,ERR,ERR,ERR,ERR,ERR,ERR,ERR,ERR,ERR,ERR,ERR,0.0,0.0,-134474944.0,0.0,0.0,1.3936040501711995e+18,7.805,0.0,0,0,4,0,8422,0.0,45,0.0,0.0,0.0,0.0,0.0,0,0,0,0,0.0,0,0,0,0,0,0,0,0,0,0,0,0,0,0,0,0,0,0,0,0,0,0,0,0,0,0,0,0,0,0,0,0,0,38,14,7,45,65476,0,300,0,0,8,21553,0.0,-107605600.0,0.0,0.0,0.0,0.0,0.0,0.0,0.0,0.0,0.0,0.0,0.0,0.0,0.0,0.0,0.0,0.0,0.0,0.0,0.0,0.0,2.004,2.004,-2.004,0.0,0.0,0.0,0.0,0.0,4821.0,3.697183494796791e+19,0.0,0.0,0.0,0.0,2.718429300292151e+23,0.0,0.0,0.0,0.0,53,4.950428597886765e+32,-0.0,0.0,0.0,0.0,0.0,0.0,0.0,0.0,0,0,0,0.0,0.0,0.0,0.0,0.0,0.0,0.0,0.0,0.0,0.0,0.0,0.0,0.0,0.0,0.0,0.0,0,-107875648.0,53,0.0,106,-107614832.0,-107351008.0,ERR,ERR,ERR,ERR,ERR,ERR,ERR,ERR,ERR,ERR,ERR,ERR,ERR,ERR,ERR,ERR,ERR,ERR,ERR,ERR,ERR,ERR,ERR,ERR,ERR,ERR,ERR,ERR,ERR,ERR,ERR,ERR,ERR,ERR,ERR,ERR,ERR,ERR,ERR,ERR,ERR,ERR,ERR,ERR,ERR,ERR,ERR,ERR,ERR,ERR,ERR,ERR,ERR,ERR,ERR,ERR,ERR,ERR,ERR,ERR,ERR,ERR,ERR,ERR,ERR,ERR,ERR,50.0,60.0,100,0.0,0.0,0.0,0.0,0.0,0.0,0.0,0.0,0.0,0.0,0.0,0.0,0.0,0.0,0.0,0.0,61.6,72,14,65514,50,65476,0,300,0,0,8,20529,65476,0,0,26214,60.0,0.0,0.0,0.0,0.0,0.0
2026-05-17T18:59:52,ERR,ERR,ERR,ERR,ERR,ERR,ERR,ERR,ERR,ERR,ERR,ERR,ERR,ERR,ERR,ERR,ERR,ERR,ERR,ERR,ERR,ERR,ERR,ERR,ERR,ERR,ERR,ERR,ERR,ERR,ERR,ERR,ERR,ERR,ERR,ERR,ERR,ERR,ERR,ERR,ERR,ERR,ERR,ERR,ERR,ERR,ERR,ERR,ERR,ERR,ERR,ERR,ERR,ERR,ERR,ERR,ERR,ERR,ERR,ERR,ERR,ERR,ERR,ERR,ERR,ERR,ERR,ERR,ERR,ERR,ERR,ERR,ERR,ERR,ERR,ERR,ERR,ERR,ERR,ERR,ERR,ERR,ERR,ERR,ERR,ERR,ERR,ERR,ERR,ERR,ERR,ERR,ERR,ERR,ERR,ERR,ERR,ERR,ERR,ERR,ERR,ERR,ERR,ERR,ERR,ERR,ERR,ERR,ERR,ERR,ERR,ERR,ERR,ERR,ERR,ERR,ERR,ERR,ERR,ERR,ERR,ERR,ERR,ERR,ERR,0.0,0.0,-134474944.0,0.0,0.0,1.3936040501711995e+18,7.805,0.0,0,0,4,0,8422,0.0,45,0.0,0.0,0.0,0.0,0.0,0,0,0,0,0.0,0,0,0,0,0,0,0,0,0,0,0,0,0,0,0,0,0,0,0,0,0,0,0,0,0,0,0,0,0,0,0,0,0,38,14,7,45,65476,0,300,0,0,8,21553,0.0,-107605600.0,0.0,0.0,0.0,0.0,0.0,0.0,0.0,0.0,0.0,0.0,0.0,0.0,0.0,0.0,0.0,0.0,0.0,0.0,0.0,0.0,2.004,2.004,-2.004,2.004,0.0,0.0,0.0,0.0,4816.0,-0.0,0.0,0.0,0.0,0.0,2.718429300292151e+23,0.0,0.0,0.0,0.0,53,3.222028592685471e+26,-0.0,0.0,0.0,0.0,0.0,0.0,0.0,0.0,0,0,0,0.0,0.0,0.0,0.0,0.0,0.0,0.0,0.0,0.0,0.0,0.0,0.0,0.0,0.0,0.0,0.0,0,-107875648.0,53,0.0,106,-107614832.0,-107351008.0,ERR,ERR,ERR,ERR,ERR,ERR,ERR,ERR,ERR,ERR,ERR,ERR,ERR,ERR,ERR,ERR,ERR,ERR,ERR,ERR,ERR,ERR,ERR,ERR,ERR,ERR,ERR,ERR,ERR,ERR,ERR,ERR,ERR,ERR,ERR,ERR,ERR,ERR,ERR,ERR,ERR,ERR,ERR,ERR,ERR,ERR,ERR,ERR,ERR,ERR,ERR,ERR,ERR,ERR,ERR,ERR,ERR,ERR,ERR,ERR,ERR,ERR,ERR,ERR,ERR,ERR,ERR,50.0,60.0,100,0.0,0.0,0.0,0.0,0.0,0.0,0.0,0.0,0.0,0.0,0.0,0.0,0.0,0.0,0.0,0.0,62.0,72,14,65514,50,65476,0,300,0,0,8,20529,65476,0,0,26214,60.0,0.0,0.0,0.0,0.0,0.0
2026-05-17T18:59:53,ERR,ERR,ERR,ERR,ERR,ERR,ERR,ERR,ERR,ERR,ERR,ERR,ERR,ERR,ERR,ERR,ERR,ERR,ERR,ERR,ERR,ERR,ERR,ERR,ERR,ERR,ERR,ERR,ERR,ERR,ERR,ERR,ERR,ERR,ERR,ERR,ERR,ERR,ERR,ERR,ERR,ERR,ERR,ERR,ERR,ERR,ERR,ERR,ERR,ERR,ERR,ERR,ERR,ERR,ERR,ERR,ERR,ERR,ERR,ERR,ERR,ERR,ERR,ERR,ERR,ERR,ERR,ERR,ERR,ERR,ERR,ERR,ERR,ERR,ERR,ERR,ERR,ERR,ERR,ERR,ERR,ERR,ERR,ERR,ERR,ERR,ERR,ERR,ERR,ERR,ERR,ERR,ERR,ERR,ERR,ERR,ERR,ERR,ERR,ERR,ERR,ERR,ERR,ERR,ERR,ERR,ERR,ERR,ERR,ERR,ERR,ERR,ERR,ERR,ERR,ERR,ERR,ERR,ERR,ERR,ERR,ERR,ERR,ERR,ERR,0.0,0.0,-134474944.0,0.0,0.0,1.3936040501711995e+18,7.805,0.0,0,0,4,0,8422,0.0,45,0.0,0.0,0.0,0.0,0.0,0,0,0,0,0.0,0,0,0,0,0,0,0,0,0,0,0,0,0,0,0,0,0,0,0,0,0,0,0,0,0,0,0,0,0,0,0,0,0,38,14,7,45,65476,0,300,0,0,8,21553,0.0,-107605600.0,0.0,0.0,0.0,0.0,0.0,0.0,0.0,0.0,0.0,0.0,0.0,0.0,0.0,0.0,0.0,0.0,0.0,0.0,0.0,0.0,2.004,2.004,-2.004,2.004,0.0,0.0,0.0,0.0,4816.0,-0.0,0.0,0.0,0.0,0.0,2.718429300292151e+23,0.0,0.0,0.0,0.0,53,3.222028592685471e+26,-0.0,0.0,0.0,0.0,0.0,0.0,0.0,0.0,0,0,0,0.0,0.0,0.0,0.0,0.0,0.0,0.0,0.0,0.0,0.0,0.0,0.0,0.0,0.0,0.0,0.0,0,-107875648.0,53,0.0,106,-107614832.0,-107351008.0,ERR,ERR,ERR,ERR,ERR,ERR,ERR,ERR,ERR,ERR,ERR,ERR,ERR,ERR,ERR,ERR,ERR,ERR,ERR,ERR,ERR,ERR,ERR,ERR,ERR,ERR,ERR,ERR,ERR,ERR,ERR,ERR,ERR,ERR,ERR,ERR,ERR,ERR,ERR,ERR,ERR,ERR,ERR,ERR,ERR,ERR,ERR,ERR,ERR,ERR,ERR,ERR,ERR,ERR,ERR,ERR,ERR,ERR,ERR,ERR,ERR,ERR,ERR,ERR,ERR,ERR,ERR,50.0,60.0,100,0.0,0.0,0.0,0.0,0.0,0.0,0.0,0.0,0.0,0.0,0.0,0.0,0.0,0.0,0.0,0.0,62.0,72,14,65514,50,65476,0,300,0,0,8,20529,65476,0,0,26214,60.0,0.0,0.0,0.0,0.0,0.0
2026-05-17T18:59:54,ERR,ERR,ERR,ERR,ERR,ERR,ERR,ERR,ERR,ERR,ERR,ERR,ERR,ERR,ERR,ERR,ERR,ERR,ERR,ERR,ERR,ERR,ERR,ERR,ERR,ERR,ERR,ERR,ERR,ERR,ERR,ERR,ERR,ERR,ERR,ERR,ERR,ERR,ERR,ERR,ERR,ERR,ERR,ERR,ERR,ERR,ERR,ERR,ERR,ERR,ERR,ERR,ERR,ERR,ERR,ERR,ERR,ERR,ERR,ERR,ERR,ERR,ERR,ERR,ERR,ERR,ERR,ERR,ERR,ERR,ERR,ERR,ERR,ERR,ERR,ERR,ERR,ERR,ERR,ERR,ERR,ERR,ERR,ERR,ERR,ERR,ERR,ERR,ERR,ERR,ERR,ERR,ERR,ERR,ERR,ERR,ERR,ERR,ERR,ERR,ERR,ERR,ERR,ERR,ERR,ERR,ERR,ERR,ERR,ERR,ERR,ERR,ERR,ERR,ERR,ERR,ERR,ERR,ERR,ERR,ERR,ERR,ERR,ERR,ERR,0.0,0.0,-134474944.0,0.0,0.0,1.3936040501711995e+18,7.805,0.0,0,0,4,0,8422,0.0,45,0.0,0.0,0.0,0.0,0.0,0,0,0,0,0.0,0,0,0,0,0,0,0,0,0,0,0,0,0,0,0,0,0,0,0,0,0,0,0,0,0,0,0,0,0,0,0,0,0,38,14,7,45,65476,0,300,0,0,8,21553,0.0,-107605600.0,0.0,0.0,0.0,0.0,0.0,0.0,0.0,0.0,0.0,0.0,0.0,0.0,0.0,0.0,0.0,0.0,0.0,0.0,0.0,0.0,2.004,2.004,-2.004,2.004,0.0,0.0,0.0,0.0,4816.0,-0.0,0.0,0.0,0.0,0.0,2.718429300292151e+23,0.0,0.0,0.0,0.0,53,3.222028592685471e+26,-0.0,0.0,0.0,0.0,0.0,0.0,0.0,0.0,0,0,0,0.0,0.0,0.0,0.0,0.0,0.0,0.0,0.0,0.0,0.0,0.0,0.0,0.0,0.0,0.0,0.0,0,-107875648.0,53,0.0,106,-107614832.0,-107351008.0,ERR,ERR,ERR,ERR,ERR,ERR,ERR,ERR,ERR,ERR,ERR,ERR,ERR,ERR,ERR,ERR,ERR,ERR,ERR,ERR,ERR,ERR,ERR,ERR,ERR,ERR,ERR,ERR,ERR,ERR,ERR,ERR,ERR,ERR,ERR,ERR,ERR,ERR,ERR,ERR,ERR,ERR,ERR,ERR,ERR,ERR,ERR,ERR,ERR,ERR,ERR,ERR,ERR,ERR,ERR,ERR,ERR,ERR,ERR,ERR,ERR,ERR,ERR,ERR,ERR,ERR,ERR,50.0,60.0,100,0.0,0.0,0.0,0.0,0.0,0.0,0.0,0.0,0.0,0.0,0.0,0.0,0.0,0.0,0.0,0.0,61.6,72,14,65514,50,65476,0,300,0,0,8,20529,65476,0,0,26214,60.0,0.0,0.0,0.0,0.0,0.0
2026-05-17T18:59:55,ERR,ERR,ERR,ERR,ERR,ERR,ERR,ERR,ERR,ERR,ERR,ERR,ERR,ERR,ERR,ERR,ERR,ERR,ERR,ERR,ERR,ERR,ERR,ERR,ERR,ERR,ERR,ERR,ERR,ERR,ERR,ERR,ERR,ERR,ERR,ERR,ERR,ERR,ERR,ERR,ERR,ERR,ERR,ERR,ERR,ERR,ERR,ERR,ERR,ERR,ERR,ERR,ERR,ERR,ERR,ERR,ERR,ERR,ERR,ERR,ERR,ERR,ERR,ERR,ERR,ERR,ERR,ERR,ERR,ERR,ERR,ERR,ERR,ERR,ERR,ERR,ERR,ERR,ERR,ERR,ERR,ERR,ERR,ERR,ERR,ERR,ERR,ERR,ERR,ERR,ERR,ERR,ERR,ERR,ERR,ERR,ERR,ERR,ERR,ERR,ERR,ERR,ERR,ERR,ERR,ERR,ERR,ERR,ERR,ERR,ERR,ERR,ERR,ERR,ERR,ERR,ERR,ERR,ERR,ERR,ERR,ERR,ERR,ERR,ERR,0.0,0.0,-134474944.0,0.0,0.0,1.3936040501711995e+18,7.805,0.0,0,0,4,0,8422,0.0,45,0.0,0.0,0.0,0.0,0.0,0,0,0,0,0.0,0,0,0,0,0,0,0,0,0,0,0,0,0,0,0,0,0,0,0,0,0,0,0,0,0,0,0,0,0,0,0,0,0,38,14,7,45,65476,0,300,0,0,8,21553,0.0,-107605600.0,0.0,0.0,0.0,0.0,0.0,0.0,0.0,0.0,0.0,0.0,0.0,0.0,0.0,0.0,0.0,0.0,0.0,0.0,0.0,0.0,2.004,2.004,-2.004,2.004,0.0,0.0,0.0,0.0,4816.0,-0.0,0.0,0.0,0.0,0.0,2.718429300292151e+23,0.0,0.0,0.0,0.0,53,3.222028592685471e+26,-0.0,0.0,0.0,0.0,0.0,0.0,0.0,0.0,0,0,0,0.0,0.0,0.0,0.0,0.0,0.0,0.0,0.0,0.0,0.0,0.0,0.0,0.0,0.0,0.0,0.0,0,-107875648.0,53,0.0,106,-107614832.0,-107351008.0,ERR,ERR,ERR,ERR,ERR,ERR,ERR,ERR,ERR,ERR,ERR,ERR,ERR,ERR,ERR,ERR,ERR,ERR,ERR,ERR,ERR,ERR,ERR,ERR,ERR,ERR,ERR,ERR,ERR,ERR,ERR,ERR,ERR,ERR,ERR,ERR,ERR,ERR,ERR,ERR,ERR,ERR,ERR,ERR,ERR,ERR,ERR,ERR,ERR,ERR,ERR,ERR,ERR,ERR,ERR,ERR,ERR,ERR,ERR,ERR,ERR,ERR,ERR,ERR,ERR,ERR,ERR,50.0,60.0,100,0.0,0.0,0.0,0.0,0.0,0.0,0.0,0.0,0.0,0.0,0.0,0.0,0.0,0.0,0.0,0.0,61.6,72,14,65514,50,65476,0,300,0,0,8,20529,65476,0,0,26214,60.0,0.0,0.0,0.0,0.0,0.0
2026-05-17T18:59:56,ERR,ERR,ERR,ERR,ERR,ERR,ERR,ERR,ERR,ERR,ERR,ERR,ERR,ERR,ERR,ERR,ERR,ERR,ERR,ERR,ERR,ERR,ERR,ERR,ERR,ERR,ERR,ERR,ERR,ERR,ERR,ERR,ERR,ERR,ERR,ERR,ERR,ERR,ERR,ERR,ERR,ERR,ERR,ERR,ERR,ERR,ERR,ERR,ERR,ERR,ERR,ERR,ERR,ERR,ERR,ERR,ERR,ERR,ERR,ERR,ERR,ERR,ERR,ERR,ERR,ERR,ERR,ERR,ERR,ERR,ERR,ERR,ERR,ERR,ERR,ERR,ERR,ERR,ERR,ERR,ERR,ERR,ERR,ERR,ERR,ERR,ERR,ERR,ERR,ERR,ERR,ERR,ERR,ERR,ERR,ERR,ERR,ERR,ERR,ERR,ERR,ERR,ERR,ERR,ERR,ERR,ERR,ERR,ERR,ERR,ERR,ERR,ERR,ERR,ERR,ERR,ERR,ERR,ERR,ERR,ERR,ERR,ERR,ERR,ERR,0.0,0.0,-134474944.0,0.0,0.0,1.3936040501711995e+18,7.805,0.0,0,0,4,0,8422,0.0,45,0.0,0.0,0.0,0.0,0.0,0,0,0,0,0.0,0,0,0,0,0,0,0,0,0,0,0,0,0,0,0,0,0,0,0,0,0,0,0,0,0,0,0,0,0,0,0,0,0,38,14,7,45,65476,0,300,0,0,8,21553,0.0,-107605600.0,0.0,0.0,0.0,0.0,0.0,0.0,0.0,0.0,0.0,0.0,0.0,0.0,0.0,0.0,0.0,0.0,0.0,0.0,0.0,0.0,2.004,2.004,-2.004,2.004,0.0,0.0,0.0,0.0,4816.0,-0.0,0.0,0.0,0.0,0.0,2.718429300292151e+23,0.0,0.0,0.0,0.0,53,3.222028592685471e+26,-0.0,0.0,0.0,0.0,0.0,0.0,0.0,0.0,0,0,0,0.0,0.0,0.0,0.0,0.0,0.0,0.0,0.0,0.0,0.0,0.0,0.0,0.0,0.0,0.0,0.0,0,-107875648.0,53,0.0,106,-107614832.0,-107351008.0,ERR,ERR,ERR,ERR,ERR,ERR,ERR,ERR,ERR,ERR,ERR,ERR,ERR,ERR,ERR,ERR,ERR,ERR,ERR,ERR,ERR,ERR,ERR,ERR,ERR,ERR,ERR,ERR,ERR,ERR,ERR,ERR,ERR,ERR,ERR,ERR,ERR,ERR,ERR,ERR,ERR,ERR,ERR,ERR,ERR,ERR,ERR,ERR,ERR,ERR,ERR,ERR,ERR,ERR,ERR,ERR,ERR,ERR,ERR,ERR,ERR,ERR,ERR,ERR,ERR,ERR,ERR,50.0,60.0,100,0.0,0.0,0.0,0.0,0.0,0.0,0.0,0.0,0.0,0.0,0.0,0.0,0.0,0.0,0.0,0.0,61.6,72,14,65514,50,65476,0,300,0,0,8,20529,65476,0,0,26214,60.0,0.0,0.0,0.0,0.0,0.0
2026-05-17T18:59:57,ERR,ERR,ERR,ERR,ERR,ERR,ERR,ERR,ERR,ERR,ERR,ERR,ERR,ERR,ERR,ERR,ERR,ERR,ERR,ERR,ERR,ERR,ERR,ERR,ERR,ERR,ERR,ERR,ERR,ERR,ERR,ERR,ERR,ERR,ERR,ERR,ERR,ERR,ERR,ERR,ERR,ERR,ERR,ERR,ERR,ERR,ERR,ERR,ERR,ERR,ERR,ERR,ERR,ERR,ERR,ERR,ERR,ERR,ERR,ERR,ERR,ERR,ERR,ERR,ERR,ERR,ERR,ERR,ERR,ERR,ERR,ERR,ERR,ERR,ERR,ERR,ERR,ERR,ERR,ERR,ERR,ERR,ERR,ERR,ERR,ERR,ERR,ERR,ERR,ERR,ERR,ERR,ERR,ERR,ERR,ERR,ERR,ERR,ERR,ERR,ERR,ERR,ERR,ERR,ERR,ERR,ERR,ERR,ERR,ERR,ERR,ERR,ERR,ERR,ERR,ERR,ERR,ERR,ERR,ERR,ERR,ERR,ERR,ERR,ERR,0.0,0.0,-134474944.0,0.0,0.0,1.3936040501711995e+18,7.805,0.0,0,0,4,0,8422,0.0,45,0.0,0.0,0.0,0.0,0.0,0,0,0,0,0.0,0,0,0,0,0,0,0,0,0,0,0,0,0,0,0,0,0,0,0,0,0,0,0,0,0,0,0,0,0,0,0,0,0,38,14,7,45,65476,0,300,0,0,8,21553,0.0,-107605600.0,0.0,0.0,0.0,0.0,0.0,0.0,0.0,0.0,0.0,0.0,0.0,0.0,0.0,0.0,0.0,0.0,0.0,0.0,0.0,0.0,2.004,2.004,-2.004,2.004,0.0,0.0,0.0,0.0,4816.0,-0.0,0.0,0.0,0.0,0.0,2.718429300292151e+23,0.0,0.0,0.0,0.0,53,3.222028592685471e+26,-0.0,0.0,0.0,0.0,0.0,0.0,0.0,0.0,0,0,0,0.0,0.0,0.0,0.0,0.0,0.0,0.0,0.0,0.0,0.0,0.0,0.0,0.0,0.0,0.0,0.0,0,-107875648.0,53,0.0,106,-107614832.0,-107351008.0,ERR,ERR,ERR,ERR,ERR,ERR,ERR,ERR,ERR,ERR,ERR,ERR,ERR,ERR,ERR,ERR,ERR,ERR,ERR,ERR,ERR,ERR,ERR,ERR,ERR,ERR,ERR,ERR,ERR,ERR,ERR,ERR,ERR,ERR,ERR,ERR,ERR,ERR,ERR,ERR,ERR,ERR,ERR,ERR,ERR,ERR,ERR,ERR,ERR,ERR,ERR,ERR,ERR,ERR,ERR,ERR,ERR,ERR,ERR,ERR,ERR,ERR,ERR,ERR,ERR,ERR,ERR,50.0,60.0,100,0.0,0.0,0.0,0.0,0.0,0.0,0.0,0.0,0.0,0.0,0.0,0.0,0.0,0.0,0.0,0.0,61.6,72,14,65514,50,65476,0,300,0,0,8,20529,65476,0,0,26214,60.0,0.0,0.0,0.0,0.0,0.0
2026-05-17T18:59:58,ERR,ERR,ERR,ERR,ERR,ERR,ERR,ERR,ERR,ERR,ERR,ERR,ERR,ERR,ERR,ERR,ERR,ERR,ERR,ERR,ERR,ERR,ERR,ERR,ERR,ERR,ERR,ERR,ERR,ERR,ERR,ERR,ERR,ERR,ERR,ERR,ERR,ERR,ERR,ERR,ERR,ERR,ERR,ERR,ERR,ERR,ERR,ERR,ERR,ERR,ERR,ERR,ERR,ERR,ERR,ERR,ERR,ERR,ERR,ERR,ERR,ERR,ERR,ERR,ERR,ERR,ERR,ERR,ERR,ERR,ERR,ERR,ERR,ERR,ERR,ERR,ERR,ERR,ERR,ERR,ERR,ERR,ERR,ERR,ERR,ERR,ERR,ERR,ERR,ERR,ERR,ERR,ERR,ERR,ERR,ERR,ERR,ERR,ERR,ERR,ERR,ERR,ERR,ERR,ERR,ERR,ERR,ERR,ERR,ERR,ERR,ERR,ERR,ERR,ERR,ERR,ERR,ERR,ERR,ERR,ERR,ERR,ERR,ERR,ERR,2.718428940004181e+23,0.0,-0.0,0.0,0.0,1.3936040501711995e+18,7.805,0.0,0,0,4,0,8422,0.0,45,0.0,0.0,0.0,0.0,0.0,0,0,0,0,0.0,0,0,0,0,0,0,0,0,0,0,0,0,0,0,0,0,0,0,0,0,0,0,0,0,0,0,0,0,0,0,0,0,0,38,14,7,45,65476,0,300,0,0,8,21553,0.0,-107605600.0,0.0,0.0,0.0,0.0,0.0,0.0,0.0,0.0,0.0,0.0,0.0,0.0,0.0,0.0,0.0,0.0,0.0,0.0,0.0,0.0,2.004,2.004,-2.004,0.0,0.0,0.0,0.0,0.0,4823.0,1.0406646380929485e+34,0.0,0.0,0.0,0.0,2.718429300292151e+23,0.0,0.0,0.0,0.0,53,-0.0,-0.0,0.0,0.0,0.0,0.0,0.0,0.0,0.0,0,0,0,0.0,0.0,0.0,0.0,0.0,0.0,0.0,0.0,0.0,0.0,0.0,0.0,0.0,0.0,0.0,0.0,0,-107875648.0,53,0.0,106,-107614832.0,-107351008.0,ERR,ERR,ERR,ERR,ERR,ERR,ERR,ERR,ERR,ERR,ERR,ERR,ERR,ERR,ERR,ERR,ERR,ERR,ERR,ERR,ERR,ERR,ERR,ERR,ERR,ERR,ERR,ERR,ERR,ERR,ERR,ERR,ERR,ERR,ERR,ERR,ERR,ERR,ERR,ERR,ERR,ERR,ERR,ERR,ERR,ERR,ERR,ERR,ERR,ERR,ERR,ERR,ERR,ERR,ERR,ERR,ERR,ERR,ERR,ERR,ERR,ERR,ERR,ERR,ERR,ERR,ERR,50.0,60.0,100,0.0,0.0,0.0,0.0,0.0,0.0,0.0,0.0,0.0,0.0,0.0,0.0,0.0,0.0,0.0,0.0,61.6,72,14,65514,50,65476,0,300,0,0,8,20529,65476,0,0,26214,60.0,0.0,0.0,0.0,0.0,0.0
2026-05-17T18:59:59,ERR,ERR,ERR,ERR,ERR,ERR,ERR,ERR,ERR,ERR,ERR,ERR,ERR,ERR,ERR,ERR,ERR,ERR,ERR,ERR,ERR,ERR,ERR,ERR,ERR,ERR,ERR,ERR,ERR,ERR,ERR,ERR,ERR,ERR,ERR,ERR,ERR,ERR,ERR,ERR,ERR,ERR,ERR,ERR,ERR,ERR,ERR,ERR,ERR,ERR,ERR,ERR,ERR,ERR,ERR,ERR,ERR,ERR,ERR,ERR,ERR,ERR,ERR,ERR,ERR,ERR,ERR,ERR,ERR,ERR,ERR,ERR,ERR,ERR,ERR,ERR,ERR,ERR,ERR,ERR,ERR,ERR,ERR,ERR,ERR,ERR,ERR,ERR,ERR,ERR,ERR,ERR,ERR,ERR,ERR,ERR,ERR,ERR,ERR,ERR,ERR,ERR,ERR,ERR,ERR,ERR,ERR,ERR,ERR,ERR,ERR,ERR,ERR,ERR,ERR,ERR,ERR,ERR,ERR,ERR,ERR,ERR,ERR,ERR,ERR,2.718428940004181e+23,0.0,-0.0,0.0,0.0,1.3936040501711995e+18,7.805,0.0,0,0,4,0,8422,0.0,45,0.0,0.0,0.0,0.0,0.0,0,0,0,0,0.0,0,0,0,0,0,0,0,0,0,0,0,0,0,0,0,0,0,0,0,0,0,0,0,0,0,0,0,0,0,0,0,0,0,38,14,7,45,65476,0,300,0,0,8,21553,0.0,-107605600.0,0.0,0.0,0.0,0.0,0.0,0.0,0.0,0.0,0.0,0.0,0.0,0.0,0.0,0.0,0.0,0.0,0.0,0.0,0.0,0.0,2.004,2.004,-2.004,0.0,0.0,0.0,0.0,0.0,4823.0,1.0406646380929485e+34,0.0,0.0,0.0,0.0,2.718429300292151e+23,0.0,0.0,0.0,0.0,53,-0.0,-0.0,0.0,0.0,0.0,0.0,0.0,0.0,0.0,0,0,0,0.0,0.0,0.0,0.0,0.0,0.0,0.0,0.0,0.0,0.0,0.0,0.0,0.0,0.0,0.0,0.0,0,-107875648.0,53,0.0,106,-107614832.0,-107351008.0,ERR,ERR,ERR,ERR,ERR,ERR,ERR,ERR,ERR,ERR,ERR,ERR,ERR,ERR,ERR,ERR,ERR,ERR,ERR,ERR,ERR,ERR,ERR,ERR,ERR,ERR,ERR,ERR,ERR,ERR,ERR,ERR,ERR,ERR,ERR,ERR,ERR,ERR,ERR,ERR,ERR,ERR,ERR,ERR,ERR,ERR,ERR,ERR,ERR,ERR,ERR,ERR,ERR,ERR,ERR,ERR,ERR,ERR,ERR,ERR,ERR,ERR,ERR,ERR,ERR,ERR,ERR,50.0,60.0,100,0.0,0.0,0.0,0.0,0.0,0.0,0.0,0.0,0.0,0.0,0.0,0.0,0.0,0.0,0.0,0.0,61.6,72,14,65514,50,65476,0,300,0,0,8,20529,65476,0,0,26214,60.0,0.0,0.0,0.0,0.0,0.0
